timestamp,AirTemperature.DailyRangef,AirTemperature.MaximumTimef,AirTemperature.Maximumf,AirTemperature.Meanf,AirTemperature.MinimumTimef,AirTemperature.Minimumf,CloudAmount,CloudAmountSat,DewPointTemperature.Maximum,DewPointTemperature.MaximumTime,DewPointTemperature.MaximumTimef,DewPointTemperature.Maximumf,DewPointTemperature.Meanf,DewPointTemperature.Minimum,DewPointTemperature.MinimumTime,DewPointTemperature.MinimumTimef,DewPointTemperature.Minimumf,EvapA,EvaporationClassAPan.Accumulationf,GlobalSolarRadiation.Accumulationf,GlobalSolarRadiation.HourlyMaximumTimef,GlobalSolarRadiation.HourlyMaximumf,GloblRad,GloblRadMax,GloblRadMaxTime,PeakGust.Directionf,PeakGust.MaximumTimef,PeakGust.Maximumf,Precipitation.Accumulationf,Precipitation.HourlyMaximum,Precipitation.HourlyMaximumTime,Precipitation.HourlyMaximumTimef,Precipitation.HourlyMaximumf,Precipitation.SixtyMinutelyMaximumTimef,Precipitation.SixtyMinutelyMaximumf,Precipitation.TenMinutelyMaximumTimef,Precipitation.TenMinutelyMaximumf,PrecipitationDuration.Totalf,Precp,PrecpHour,PrecpMax10,PrecpMax10Time,PrecpMax60,PrecpMax60Time,RH,RHMin,RHMinTime,RelativeHumidity.Maximum,RelativeHumidity.MaximumTime,RelativeHumidity.MaximumTimef,RelativeHumidity.Maximumf,RelativeHumidity.Meanf,RelativeHumidity.MinimumTimef,RelativeHumidity.Minimumf,SeaLevelPressure.Maximum,SeaLevelPressure.MaximumTime,SeaLevelPressure.MaximumTimef,SeaLevelPressure.Maximumf,SeaLevelPressure.Meanf,SeaLevelPressure.Minimum,SeaLevelPressure.MinimumTime,SeaLevelPressure.MinimumTimef,SeaLevelPressure.Minimumf,SeaPres,SoilTemperatureAt0cm.Meanf,SoilTemperatureAt100cm.Meanf,SoilTemperatureAt10cm.Meanf,SoilTemperatureAt20cm.Meanf,SoilTemperatureAt30cm.Meanf,SoilTemperatureAt50cm.Meanf,SoilTemperatureAt5cm.Meanf,StationPressure.MaximumTimef,StationPressure.Maximumf,StationPressure.Meanf,StationPressure.MinimumTimef,StationPressure.Minimumf,StnPres,StnPresMax,StnPresMaxTime,StnPresMin,StnPresMinTime,SunShine,SunShineRate,SunshineDuration.Ratef,SunshineDuration.Totalf,Td,TotalCloudAmount.Meanf,TotalCloudAmount.SatRetrievedMeanf,Tx,TxMaxAbs,TxMaxAbsTime,TxMinAbs,TxMinAbsTime,TxRange,TxSoil0cm,TxSoil100cm,TxSoil10cm,TxSoil20cm,TxSoil30cm,TxSoil50cm,TxSoil5cm,UVIMax,UVIMaxTime,UVIndex.MaximumTimef,UVIndex.Maximumf,VisbMean,Visibility.Meanf,WD,WDGust,WGustTime,WS,WSGust,WindDirection.CountForCode00,WindDirection.CountForCode00f,WindDirection.CountForCode01,WindDirection.CountForCode01f,WindDirection.CountForCode02,WindDirection.CountForCode02f,WindDirection.CountForCode03,WindDirection.CountForCode03f,WindDirection.CountForCode04,WindDirection.CountForCode04f,WindDirection.CountForCode05,WindDirection.CountForCode05f,WindDirection.CountForCode06,WindDirection.CountForCode06f,WindDirection.CountForCode07,WindDirection.CountForCode07f,WindDirection.CountForCode08,WindDirection.CountForCode08f,WindDirection.CountForCode09,WindDirection.CountForCode09f,WindDirection.CountForCode10,WindDirection.CountForCode10f,WindDirection.CountForCode11,WindDirection.CountForCode11f,WindDirection.CountForCode12,WindDirection.CountForCode12f,WindDirection.CountForCode13,WindDirection.CountForCode13f,WindDirection.CountForCode14,WindDirection.CountForCode14f,WindDirection.CountForCode15,WindDirection.CountForCode15f,WindDirection.CountForCode16,WindDirection.CountForCode16f,WindDirection.CountForCode17,WindDirection.CountForCode17f,WindDirection.CountForCode18,WindDirection.CountForCode18f,WindDirection.CountForCode19,WindDirection.CountForCode19f,WindDirection.CountForCode20,WindDirection.CountForCode20f,WindDirection.CountForCode21,WindDirection.CountForCode21f,WindDirection.CountForCode22,WindDirection.CountForCode22f,WindDirection.CountForCode23,WindDirection.CountForCode23f,WindDirection.CountForCode24,WindDirection.CountForCode24f,WindDirection.CountForCode25,WindDirection.CountForCode25f,WindDirection.CountForCode26,WindDirection.CountForCode26f,WindDirection.CountForCode27,WindDirection.CountForCode27f,WindDirection.CountForCode28,WindDirection.CountForCode28f,WindDirection.CountForCode29,WindDirection.CountForCode29f,WindDirection.CountForCode30,WindDirection.CountForCode30f,WindDirection.CountForCode31,WindDirection.CountForCode31f,WindDirection.CountForCode32,WindDirection.CountForCode32f,WindDirection.CountForCode33,WindDirection.CountForCode33f,WindDirection.CountForCode34,WindDirection.CountForCode34f,WindDirection.CountForCode35,WindDirection.CountForCode35f,WindDirection.CountForCode36,WindDirection.CountForCode36f,WindDirection.CountForCode99,WindDirection.CountForCode99f,WindDirection.Prevailingf,WindDirection.TenMinutelyMaximum,WindDirection.TenMinutelyMaximumf,WindSpeed.Meanf,WindSpeed.TenMinutelyMaximum,WindSpeed.TenMinutelyMaximumTime,WindSpeed.TenMinutelyMaximumTimef,WindSpeed.TenMinutelyMaximumf,WindSpeed.TotalForCode00,WindSpeed.TotalForCode00f,WindSpeed.TotalForCode01,WindSpeed.TotalForCode01f,WindSpeed.TotalForCode02,WindSpeed.TotalForCode02f,WindSpeed.TotalForCode03,WindSpeed.TotalForCode03f,WindSpeed.TotalForCode04,WindSpeed.TotalForCode04f,WindSpeed.TotalForCode05,WindSpeed.TotalForCode05f,WindSpeed.TotalForCode06,WindSpeed.TotalForCode06f,WindSpeed.TotalForCode07,WindSpeed.TotalForCode07f,WindSpeed.TotalForCode08,WindSpeed.TotalForCode08f,WindSpeed.TotalForCode09,WindSpeed.TotalForCode09f,WindSpeed.TotalForCode10,WindSpeed.TotalForCode10f,WindSpeed.TotalForCode11,WindSpeed.TotalForCode11f,WindSpeed.TotalForCode12,WindSpeed.TotalForCode12f,WindSpeed.TotalForCode13,WindSpeed.TotalForCode13f,WindSpeed.TotalForCode14,WindSpeed.TotalForCode14f,WindSpeed.TotalForCode15,WindSpeed.TotalForCode15f,WindSpeed.TotalForCode16,WindSpeed.TotalForCode16f,WindSpeed.TotalForCode17,WindSpeed.TotalForCode17f,WindSpeed.TotalForCode18,WindSpeed.TotalForCode18f,WindSpeed.TotalForCode19,WindSpeed.TotalForCode19f,WindSpeed.TotalForCode20,WindSpeed.TotalForCode20f,WindSpeed.TotalForCode21,WindSpeed.TotalForCode21f,WindSpeed.TotalForCode22,WindSpeed.TotalForCode22f,WindSpeed.TotalForCode23,WindSpeed.TotalForCode23f,WindSpeed.TotalForCode24,WindSpeed.TotalForCode24f,WindSpeed.TotalForCode25,WindSpeed.TotalForCode25f,WindSpeed.TotalForCode26,WindSpeed.TotalForCode26f,WindSpeed.TotalForCode27,WindSpeed.TotalForCode27f,WindSpeed.TotalForCode28,WindSpeed.TotalForCode28f,WindSpeed.TotalForCode29,WindSpeed.TotalForCode29f,WindSpeed.TotalForCode30,WindSpeed.TotalForCode30f,WindSpeed.TotalForCode31,WindSpeed.TotalForCode31f,WindSpeed.TotalForCode32,WindSpeed.TotalForCode32f,WindSpeed.TotalForCode33,WindSpeed.TotalForCode33f,WindSpeed.TotalForCode34,WindSpeed.TotalForCode34f,WindSpeed.TotalForCode35,WindSpeed.TotalForCode35f,WindSpeed.TotalForCode36,WindSpeed.TotalForCode36f,WindSpeed.TotalForCode99,WindSpeed.TotalForCode99f
2026-01-22,,,,,,,,10.0,8.6,2026-01-22T23:05:00,,,,6.9,2026-01-22T00:12:00,,,,,,,,4.37,0.93,2026-01-22T14:00:00,,,,,0.0,2026-01-22T01:00:00,,,,,,,,0.0,-99.5,0.0,,0.0,,93,80.0,2026-01-22T13:04:00,98.0,2026-01-22T22:40:00,,,,,,1024.7,2026-01-22T20:00:00,,,,1021.7,2026-01-22T14:00:00,,,1023.4,,,,,,,,,,,,,957.5,958.9,2026-01-22T09:20:00,956.2,2026-01-22T05:08:00,4.7,-999.5,,,7.8,,,9.0,11.3,2026-01-22T13:03:00,7.6,2026-01-22T04:24:00,,-99.5,-99.5,-99.5,-99.5,-99.5,-99.5,-99.5,-99.95,,,,,,20,10.0,2026-01-22T03:31:00,3.1,8.4,0,,1,,9,,6,,5,,3,,0,,0,,0,,0,,0,,0,,0,,0,,0,,0,,0,,0,,0,,0,,0,,0,,0,,0,,0,,0,,0,,0,,0,,0,,0,,0,,0,,0,,0,,0,,0,,0,,,20.0,,,4.6,2026-01-22T02:52:00,,,0,,2.4,,33.3,,18.6,,13.6,,5.4,,0.0,,0.0,,0.0,,0.0,,0.0,,0.0,,0.0,,0.0,,0.0,,0.0,,0.0,,0.0,,0.0,,0.0,,0.0,,0.0,,0.0,,0.0,,0.0,,0.0,,0.0,,0.0,,0.0,,0.0,,0.0,,0.0,,0.0,,0.0,,0.0,,0.0,,0.0,,0,
2026-01-23,,,,,,,,7.9,12.4,2026-01-23T20:28:00,,,,8.4,2026-01-23T00:01:00,,,,,,,,14.87,2.78,2026-01-23T13:00:00,,,,,0.0,2026-01-23T01:00:00,,,,,,,,0.0,-99.5,0.0,,0.0,,87,55.0,2026-01-23T13:01:00,98.0,2026-01-23T01:06:00,,,,,,1025.1,2026-01-23T08:00:00,,,,1020.1,2026-01-23T14:00:00,,,1023.2,,,,,,,,,,,,,958.2,959.6,2026-01-23T08:27:00,956.4,2026-01-23T14:32:00,8.1,-999.5,,,10.5,,,13.0,20.3,2026-01-23T14:10:00,8.8,2026-01-23T00:01:00,,-99.5,-99.5,-99.5,-99.5,-99.5,-99.5,-99.5,-99.95,,,,,,20,350.0,2026-01-23T16:45:00,1.7,6.9,0,,1,,6,,1,,5,,1,,1,,0,,0,,0,,0,,1,,0,,0,,0,,0,,0,,0,,0,,0,,0,,1,,1,,0,,1,,0,,0,,1,,1,,0,,0,,0,,1,,0,,1,,0,,0,,0,,,,,,3.5,2026-01-23T16:45:00,,,0,,2.3,,9.4,,1.8,,12.0,,1.1,,1.2,,0.0,,0.0,,0.0,,0.0,,0.6,,0.0,,0.0,,0.0,,0.0,,0.0,,0.0,,0.0,,0.0,,0.0,,1.6,,1.5,,0.0,,0.3,,0.0,,0.0,,1.3,,1.4,,0.0,,0.0,,0.0,,1.6,,0.0,,1.9,,0.0,,0.0,,0,
2026-01-24,,,,,,,,4.7,13.5,2026-01-24T16:42:00,,,,8.0,2026-01-24T23:51:00,,,,,,,,16.31,2.74,2026-01-24T13:00:00,,,,,0.0,2026-01-24T01:00:00,,,,,,,,0.0,-99.5,0.0,,0.0,,80,48.0,2026-01-24T12:45:00,98.0,2026-01-24T00:01:00,,,,,,1024.0,2026-01-24T01:00:00,,,,1018.2,2026-01-24T15:00:00,,,1021.5,,,,,,,,,,,,,957.3,959.1,2026-01-24T00:01:00,955.5,2026-01-24T14:51:00,8.3,-999.5,,,11.9,,,15.7,23.5,2026-01-24T13:41:00,12.3,2026-01-24T00:01:00,,-99.5,-99.5,-99.5,-99.5,-99.5,-99.5,-99.5,-99.95,,,,,,30,,2026-01-24T16:57:00,1.2,6.8,0,,0,,1,,4,,2,,1,,1,,0,,3,,1,,1,,0,,0,,2,,0,,1,,0,,0,,0,,0,,1,,0,,0,,0,,0,,0,,3,,0,,0,,0,,0,,0,,2,,1,,0,,0,,0,,0,,,30.0,,,3.5,2026-01-24T17:10:00,,,0,,0.0,,1.2,,7.4,,3.2,,1.9,,0.9,,0.0,,2.9,,1.1,,0.7,,0.0,,0.0,,1.1,,0.0,,0.2,,0.0,,0.0,,0.0,,0.0,,0.3,,0.0,,0.0,,0.0,,0.0,,0.0,,4.4,,0.0,,0.0,,0.0,,0.0,,0.0,,2.7,,1.6,,0.0,,0.0,,0.0,,0,
2026-01-25,,,,,,,,8.1,15.8,2026-01-25T15:27:00,,,,7.0,2026-01-25T02:37:00,,,,,,,,12.97,2.4,2026-01-25T14:00:00,,,,,0.0,2026-01-25T01:00:00,,,,,,,,0.0,-99.5,0.0,,0.0,,75,46.0,2026-01-25T11:25:00,98.0,2026-01-25T20:37:00,,,,,,1022.3,2026-01-25T08:00:00,,,,1017.7,2026-01-25T13:00:00,,,1020.9,,,,,,,,,,,,,957.0,958.1,2026-01-25T08:26:00,955.3,2026-01-25T14:13:00,6.9,-999.5,,,12.1,,,16.9,24.3,2026-01-25T13:50:00,12.8,2026-01-25T05:07:00,,-99.5,-99.5,-99.5,-99.5,-99.5,-99.5,-99.5,-99.95,,,,,,20,30.0,2026-01-25T09:46:00,1.1,4.9,0,,1,,2,,0,,1,,0,,0,,1,,0,,1,,2,,0,,2,,1,,0,,0,,0,,0,,0,,0,,0,,1,,2,,1,,0,,1,,2,,0,,0,,2,,0,,1,,0,,0,,2,,0,,0,,0,,,20.0,,,2.7,2026-01-25T09:51:00,,,0,,2.1,,4.0,,0.0,,0.5,,0.0,,0.0,,0.6,,0.0,,0.7,,1.1,,0.0,,1.1,,0.4,,0.0,,0.0,,0.0,,0.0,,0.0,,0.0,,0.0,,2.1,,2.7,,1.7,,0.0,,1.1,,1.2,,0.0,,0.0,,1.8,,0.0,,1.4,,0.0,,0.0,,2.8,,0.0,,0.0,,0,
2026-01-26,,,,,,,,,15.7,2026-01-26T16:07:00,,,,13.3,2026-01-26T22:18:00,,,,,,,,8.38,1.55,2026-01-26T13:00:00,,,,,0.0,2026-01-26T01:00:00,,,,,,,,0.0,-99.5,0.0,,0.0,,85,73.0,2026-01-26T15:18:00,90.0,2026-01-26T23:38:00,,,,,,1022.4,2026-01-26T09:00:00,,,,1018.4,2026-01-26T15:00:00,,,1020.4,,,,,,,,,,,,,956.5,956.6,2026-01-26T22:56:00,955.3,2026-01-26T15:18:00,6.7,-999.5,,,14.3,,,17.0,19.6,2026-01-26T15:18:00,16.0,2026-01-26T23:40:00,,-99.5,-99.5,-99.5,-99.5,-99.5,-99.5,-99.5,-99.95,,,,,,260,290.0,2026-01-26T15:43:00,0.9,3.4,0,,1,,0,,0,,1,,0,,1,,0,,1,,0,,0,,0,,0,,1,,2,,0,,0,,0,,0,,0,,0,,1,,3,,2,,2,,0,,4,,1,,0,,0,,0,,3,,0,,0,,0,,0,,0,,0,,,30.0,,,2.0,2026-01-26T23:38:00,,,0,,1.0,,0.0,,0.0,,1.4,,0.0,,0.2,,0.0,,2.0,,0.0,,0.0,,0.0,,0.0,,0.7,,1.1,,0.0,,0.0,,0.0,,0.0,,0.0,,0.0,,0.6,,2.6,,2.3,,1.6,,0.0,,2.6,,1.4,,0.0,,0.0,,0.0,,3.5,,0.0,,0.0,,0.0,,0.0,,0.0,,0,
2026-01-27,,,,,,,,,15.1,2026-01-27T12:29:00,,,,12.1,2026-01-27T23:49:00,,,,,,,,12.27,2.29,2026-01-27T14:00:00,,,,,1.0,2026-01-27T23:00:00,,,,,,,,1.0,-99.5,1.0,2026-01-27T22:20:00,1.0,2026-01-27T21:30:00,86,64.0,2026-01-27T13:14:00,99.0,2026-01-27T23:42:00,,,,,,1021.6,2026-01-27T23:00:00,,,,1017.3,2026-01-27T13:00:00,,,1019.9,,,,,,,,,,,,,955.8,957.1,2026-01-27T22:19:00,954.2,2026-01-27T13:15:00,8.3,-999.5,,,13.3,,,15.7,21.4,2026-01-27T13:13:00,12.4,2026-01-27T23:49:00,,-99.5,-99.5,-99.5,-99.5,-99.5,-99.5,-99.5,-99.95,,,,,,40,360.0,2026-01-27T15:51:00,2.1,8.6,0,,3,,4,,5,,6,,1,,1,,1,,0,,0,,0,,0,,0,,0,,0,,0,,0,,0,,0,,0,,0,,0,,0,,0,,0,,0,,0,,0,,0,,0,,0,,0,,1,,1,,0,,1,,0,,0,,,30.0,,,4.0,2026-01-27T15:48:00,,,0,,8.6,,10.9,,7.5,,13.3,,1.3,,1.4,,0.5,,0.0,,0.0,,0.0,,0.0,,0.0,,0.0,,0.0,,0.0,,0.0,,0.0,,0.0,,0.0,,0.0,,0.0,,0.0,,0.0,,0.0,,0.0,,0.0,,0.0,,0.0,,0.0,,0.0,,0.0,,1.8,,1.7,,0.0,,3.1,,0.0,,0,
2026-01-28,,,,,,,,,12.7,2026-01-28T11:32:00,,,,9.8,2026-01-28T23:51:00,,,,,,,,16.44,2.85,2026-01-28T13:00:00,,,,,0.5,2026-01-28T03:00:00,,,,,,,,0.5,-99.5,0.5,2026-01-28T02:15:00,0.5,2026-01-28T01:25:00,93,74.0,2026-01-28T12:21:00,100.0,2026-01-28T08:11:00,,,,,,1023.3,2026-01-28T09:00:00,,,,1018.7,2026-01-28T15:00:00,,,1021.3,,,,,,,,,,,,,956.3,958.1,2026-01-28T08:33:00,954.3,2026-01-28T14:34:00,8.2,-999.5,,,11.3,,,12.4,16.8,2026-01-28T12:21:00,10.1,2026-01-28T23:51:00,,-99.5,-99.5,-99.5,-99.5,-99.5,-99.5,-99.5,-99.95,,,,,,30,10.0,2026-01-28T15:43:00,2.7,11.3,0,,0,,4,,8,,6,,3,,0,,0,,0,,0,,0,,0,,0,,0,,0,,0,,0,,1,,0,,0,,0,,0,,0,,0,,0,,0,,0,,0,,0,,0,,0,,0,,0,,0,,0,,0,,1,,0,,,30.0,,,5.0,2026-01-28T15:52:00,,,0,,0.0,,11.0,,23.8,,17.4,,5.9,,0.0,,0.0,,0.0,,0.0,,0.0,,0.0,,0.0,,0.0,,0.0,,0.0,,0.0,,0.9,,0.0,,0.0,,0.0,,0.0,,0.0,,0.0,,0.0,,0.0,,0.0,,0.0,,0.0,,0.0,,0.0,,0.0,,0.0,,0.0,,0.0,,0.0,,2.7,,0,
2026-01-29,,,,,,,,,13.8,2026-01-29T21:24:00,,,,8.3,2026-01-29T01:35:00,,,,,,,,17.2,2.82,2026-01-29T13:00:00,,,,,0.0,2026-01-29T01:00:00,,,,,,,,0.0,-99.5,0.0,,0.0,,72,46.0,2026-01-29T13:43:00,98.0,2026-01-29T00:01:00,,,,,,1022.1,2026-01-29T08:00:00,,,,1017.7,2026-01-29T15:00:00,,,1020.6,,,,,,,,,,,,,956.6,958.0,2026-01-29T08:27:00,954.7,2026-01-29T15:07:00,8.3,-999.5,,,11.4,,,16.6,23.6,2026-01-29T13:42:00,10.2,2026-01-29T00:04:00,,-99.5,-99.5,-99.5,-99.5,-99.5,-99.5,-99.5,-99.95,,,,,,40,360.0,2026-01-29T15:26:00,1.3,6.7,0,,2,,0,,1,,3,,1,,3,,1,,0,,0,,3,,1,,0,,0,,0,,0,,0,,1,,0,,0,,0,,1,,0,,1,,0,,2,,0,,1,,0,,0,,1,,0,,0,,0,,1,,1,,0,,0,,,350.0,,,3.9,2026-01-29T15:33:00,,,0,,4.7,,0.0,,1.3,,4.4,,1.8,,3.1,,0.7,,0.0,,0.0,,2.0,,1.0,,0.0,,0.0,,0.0,,0.0,,0.0,,0.8,,0.0,,0.0,,0.0,,0.4,,0.0,,1.2,,0.0,,2.3,,0.0,,1.4,,0.0,,0.0,,1.1,,0.0,,0.0,,0.0,,2.1,,2.4,,0.0,,0,
2026-01-30,,,,,,,,,16.7,2026-01-30T13:58:00,,,,10.9,2026-01-30T02:46:00,,,,,,,,12.24,1.91,2026-01-30T12:00:00,,,,,0.5,2026-01-30T09:00:00,,,,,,,,0.5,-99.5,0.5,2026-01-30T08:22:00,0.5,2026-01-30T07:32:00,84,64.0,2026-01-30T15:39:00,98.0,2026-01-30T18:47:00,,,,,,1023.4,2026-01-30T08:00:00,,,,1017.9,2026-01-30T15:00:00,,,1020.9,,,,,,,,,,,,,957.1,959.2,2026-01-30T08:16:00,955.0,2026-01-30T15:06:00,8.0,-999.5,,,14.4,,,17.4,23.3,2026-01-30T15:39:00,14.4,2026-01-30T07:25:00,,-99.5,-99.5,-99.5,-99.5,-99.5,-99.5,-99.5,-99.95,,,,,,40,80.0,2026-01-30T09:07:00,1.2,7.0,0,,0,,0,,0,,3,,1,,0,,0,,1,,0,,2,,3,,0,,1,,2,,0,,0,,1,,0,,0,,0,,0,,0,,1,,1,,0,,2,,1,,0,,2,,1,,1,,0,,0,,0,,0,,0,,0,,,10.0,,,3.7,2026-01-30T17:22:00,,,0,,0.0,,0.0,,0.0,,5.7,,2.4,,0.0,,0.0,,1.4,,0.0,,3.5,,2.7,,0.0,,0.3,,1.3,,0.0,,0.0,,1.1,,0.0,,0.0,,0.0,,0.0,,0.0,,0.5,,1.1,,0.0,,2.6,,0.7,,0.0,,2.3,,1.3,,0.5,,0.0,,0.0,,0.0,,0.0,,0.0,,0,
2026-01-31,,,,,,,,,15.7,2026-01-31T09:22:00,,,,11.2,2026-01-31T23:50:00,,,,,,,,11.71,2.23,2026-01-31T14:00:00,,,,,0.0,2026-01-31T01:00:00,,,,,,,,0.0,-99.5,0.0,,0.0,,95,75.0,2026-01-31T08:49:00,99.0,2026-01-31T03:48:00,,,,,,1022.9,2026-01-31T22:00:00,,,,1019.0,2026-01-31T15:00:00,,,1021.3,,,,,,,,,,,,,956.8,958.3,2026-01-31T10:10:00,954.9,2026-01-31T14:40:00,7.7,-999.5,,,13.4,,,14.4,19.2,2026-01-31T09:24:00,11.4,2026-01-31T23:50:00,,-99.5,-99.5,-99.5,-99.5,-99.5,-99.5,-99.5,-99.95,,,,,,20,10.0,2026-01-31T19:43:00,2.6,10.9,0,,3,,6,,3,,2,,2,,0,,0,,1,,0,,0,,0,,1,,0,,0,,0,,0,,0,,0,,0,,1,,0,,0,,0,,0,,0,,1,,1,,0,,0,,0,,0,,0,,0,,1,,1,,1,,0,,,20.0,,,4.6,2026-01-31T15:46:00,,,0,,9.8,,20.7,,10.2,,4.5,,4.1,,0.0,,0.0,,1.3,,0.0,,0.0,,0.0,,1.0,,0.0,,0.0,,0.0,,0.0,,0.0,,0.0,,0.0,,0.9,,0.0,,0.0,,0.0,,0.0,,0.0,,0.8,,0.7,,0.0,,0.0,,0.0,,0.0,,0.0,,0.0,,0.5,,2.9,,4.3,,0,
2026-02-01,,,,,,,,,14.1,2026-02-01T17:56:00,,,,10.5,2026-02-01T05:53:00,,,,,,,,7.11,1.74,2026-02-01T12:00:00,,,,,1.0,2026-02-01T23:00:00,,,,,,,,1.0,-99.5,0.5,2026-02-01T21:51:00,1.0,2026-02-01T21:53:00,95,77.0,2026-02-01T11:54:00,99.0,2026-02-01T00:01:00,,,,,,1024.3,2026-02-01T23:00:00,,,,1020.9,2026-02-01T15:00:00,,,1022.3,,,,,,,,,,,,,957.3,959.0,2026-02-01T22:56:00,955.8,2026-02-01T04:00:00,6.2,-999.5,,,11.7,,,12.5,15.8,2026-02-01T11:53:00,10.8,2026-02-01T05:30:00,,-99.5,-99.5,-99.5,-99.5,-99.5,-99.5,-99.5,-99.95,,,,,,10,30.0,2026-02-01T03:39:00,2.9,9.4,0,,6,,4,,5,,4,,3,,1,,0,,0,,0,,0,,0,,1,,0,,0,,0,,0,,0,,0,,0,,0,,0,,0,,0,,0,,0,,0,,0,,0,,0,,0,,0,,0,,0,,0,,0,,0,,0,,,30.0,,,4.7,2026-02-01T04:02:00,,,0,,18.0,,14.2,,14.2,,11.3,,8.9,,1.9,,0.0,,0.0,,0.0,,0.0,,0.0,,0.8,,0.0,,0.0,,0.0,,0.0,,0.0,,0.0,,0.0,,0.0,,0.0,,0.0,,0.0,,0.0,,0.0,,0.0,,0.0,,0.0,,0.0,,0.0,,0.0,,0.0,,0.0,,0.0,,0.0,,0.0,,0,
2026-02-02,,,,,,,,,12.5,2026-02-02T10:22:00,,,,10.4,2026-02-02T14:16:00,,,,,,,,4.74,0.84,2026-02-02T13:00:00,,,,,1.0,2026-02-02T01:00:00,,,,,,,,3.5,-99.5,0.5,2026-02-02T00:39:00,1.5,2026-02-02T00:10:00,100,98.0,2026-02-02T12:39:00,100.0,2026-02-02T03:07:00,,,,,,1025.8,2026-02-02T09:00:00,,,,1022.3,2026-02-02T16:00:00,,,1024.0,,,,,,,,,,,,,958.7,960.7,2026-02-02T09:14:00,956.9,2026-02-02T15:59:00,5.8,-999.5,,,11.3,,,11.4,12.5,2026-02-02T10:22:00,10.6,2026-02-02T14:16:00,,-99.5,-99.5,-99.5,-99.5,-99.5,-99.5,-99.5,-99.95,,,,,,20,10.0,2026-02-02T13:32:00,3.0,11.0,0,,4,,8,,2,,3,,3,,2,,0,,0,,0,,0,,0,,0,,0,,0,,0,,0,,0,,0,,0,,0,,0,,0,,0,,0,,0,,0,,0,,0,,0,,0,,0,,0,,0,,0,,1,,0,,0,,,20.0,,,4.9,2026-02-02T15:31:00,,,0,,9.9,,27.7,,7.2,,8.5,,8.8,,5.7,,0.0,,0.0,,0.0,,0.0,,0.0,,0.0,,0.0,,0.0,,0.0,,0.0,,0.0,,0.0,,0.0,,0.0,,0.0,,0.0,,0.0,,0.0,,0.0,,0.0,,0.0,,0.0,,0.0,,0.0,,0.0,,0.0,,0.0,,0.0,,1.2,,0.0,,0,
2026-02-03,,,,,,,,,13.8,2026-02-03T14:57:00,,,,10.2,2026-02-03T05:24:00,,,,,,,,16.82,2.9,2026-02-03T13:00:00,,,,,0.0,2026-02-03T01:00:00,,,,,,,,0.0,-99.5,0.0,,0.0,,82,54.0,2026-02-03T14:35:00,100.0,2026-02-03T00:01:00,,,,,,1025.0,2026-02-03T07:00:00,,,,1019.7,2026-02-03T15:00:00,,,1022.8,,,,,,,,,,,,,958.4,960.1,2026-02-03T09:58:00,956.9,2026-02-03T15:22:00,8.0,-999.5,,,12.0,,,15.3,22.6,2026-02-03T14:45:00,10.2,2026-02-03T05:24:00,,-99.5,-99.5,-99.5,-99.5,-99.5,-99.5,-99.5,-99.95,,,,,,30,,2026-02-03T01:44:00,1.6,7.0,0,,0,,2,,5,,3,,2,,0,,3,,0,,0,,0,,0,,0,,0,,0,,0,,0,,0,,0,,0,,0,,0,,1,,1,,0,,0,,1,,1,,1,,2,,1,,0,,0,,0,,0,,1,,0,,0,,,30.0,,,3.5,2026-02-03T01:53:00,,,0,,0.0,,4.5,,10.2,,4.6,,3.9,,0.0,,3.4,,0.0,,0.0,,0.0,,0.0,,0.0,,0.0,,0.0,,0.0,,0.0,,0.0,,0.0,,0.0,,0.0,,0.0,,1.5,,1.6,,0.0,,0.0,,1.3,,1.4,,0.5,,2.4,,1.5,,0.0,,0.0,,0.0,,0.0,,0.4,,0.0,,0,
2026-02-04,,,,,,,,,14.8,2026-02-04T15:57:00,,,,7.1,2026-02-04T12:29:00,,,,,,,,18.53,2.91,2026-02-04T13:00:00,,,,,0.0,2026-02-04T01:00:00,,,,,,,,0.0,-99.5,0.0,,0.0,,66,34.0,2026-02-04T12:29:00,89.0,2026-02-04T00:52:00,,,,,,1022.2,2026-02-04T07:00:00,,,,1015.8,2026-02-04T15:00:00,,,1019.5,,,,,,,,,,,,,956.0,957.9,2026-02-04T07:48:00,953.6,2026-02-04T15:08:00,8.9,-999.5,,,11.8,,,18.8,25.5,2026-02-04T12:01:00,14.1,2026-02-04T05:41:00,,-99.5,-99.5,-99.5,-99.5,-99.5,-99.5,-99.5,-99.95,,,,,,60,300.0,2026-02-04T13:29:00,0.9,5.1,0,,0,,0,,2,,1,,0,,3,,1,,0,,2,,2,,0,,1,,0,,0,,0,,2,,0,,1,,0,,0,,0,,0,,0,,1,,2,,0,,2,,0,,1,,0,,0,,1,,1,,0,,1,,0,,0,,,310.0,,,2.8,2026-02-04T13:35:00,,,0,,0.0,,0.0,,2.0,,0.2,,0.0,,1.8,,0.3,,0.0,,1.3,,1.2,,0.0,,0.6,,0.0,,0.0,,0.0,,1.0,,0.0,,0.9,,0.0,,0.0,,0.0,,0.0,,0.0,,0.3,,2.4,,0.0,,3.0,,0.0,,2.0,,0.0,,0.0,,1.8,,0.5,,0.0,,1.9,,0.0,,0,
2026-02-05,,,,,,,,,15.2,2026-02-05T19:13:00,,,,8.6,2026-02-05T00:16:00,,,,,,,,12.66,2.21,2026-02-05T11:00:00,,,,,0.0,2026-02-05T01:00:00,,,,,,,,0.0,-99.5,0.0,,0.0,,63,45.0,2026-02-05T10:24:00,81.0,2026-02-05T19:13:00,,,,,,1019.4,2026-02-05T08:00:00,,,,1014.2,2026-02-05T15:00:00,,,1017.4,,,,,,,,,,,,,954.2,956.1,2026-02-05T09:09:00,951.9,2026-02-05T14:53:00,8.1,-999.5,,,12.3,,,19.6,26.1,2026-02-05T13:19:00,16.5,2026-02-05T06:38:00,,-99.5,-99.5,-99.5,-99.5,-99.5,-99.5,-99.5,-99.95,,,,,,120,190.0,2026-02-05T13:04:00,0.9,5.2,0,,1,,0,,1,,1,,0,,0,,0,,0,,0,,2,,4,,4,,0,,0,,0,,0,,0,,0,,0,,0,,1,,2,,0,,1,,0,,1,,1,,0,,0,,0,,1,,1,,1,,1,,0,,1,,0,,,210.0,,,2.9,2026-02-05T13:24:00,,,0,,0.8,,0.0,,1.1,,0.7,,0.0,,0.0,,0.0,,0.0,,0.0,,1.0,,2.2,,2.5,,0.0,,0.0,,0.0,,0.0,,0.0,,0.0,,0.0,,0.0,,1.9,,3.0,,0.0,,1.2,,0.0,,0.9,,1.3,,0.0,,0.0,,0.0,,0.3,,1.2,,0.9,,1.3,,0.0,,0.4,,0,
2026-02-06,,,,,,,,,17.3,2026-02-06T15:19:00,,,,11.5,2026-02-06T03:46:00,,,,,,,,7.63,1.66,2026-02-06T12:00:00,,,,,0.0,2026-02-06T01:00:00,,,,,,,,0.0,-99.5,0.0,,0.0,,82,56.0,2026-02-06T09:20:00,99.0,2026-02-06T19:28:00,,,,,,1018.3,2026-02-06T22:00:00,,,,1014.1,2026-02-06T15:00:00,,,1016.4,,,,,,,,,,,,,953.0,954.8,2026-02-06T08:32:00,950.9,2026-02-06T15:22:00,5.8,-999.5,,,14.8,,,18.2,23.9,2026-02-06T11:45:00,15.2,2026-02-06T21:56:00,,-99.5,-99.5,-99.5,-99.5,-99.5,-99.5,-99.5,-99.95,,,,,,110,10.0,2026-02-06T21:37:00,1.2,5.2,0,,2,,1,,2,,1,,0,,2,,1,,1,,0,,1,,5,,1,,0,,0,,0,,0,,0,,0,,0,,0,,0,,0,,1,,2,,2,,0,,0,,1,,0,,1,,0,,0,,0,,0,,0,,0,,0,,,30.0,,,3.0,2026-02-06T21:59:00,,,0,,2.8,,2.6,,4.4,,1.0,,0.0,,2.1,,0.2,,1.2,,0.0,,0.9,,3.3,,0.9,,0.0,,0.0,,0.0,,0.0,,0.0,,0.0,,0.0,,0.0,,0.0,,0.0,,1.3,,2.2,,2.2,,0.0,,0.0,,1.3,,0.0,,1.6,,0.0,,0.0,,0.0,,0.0,,0.0,,0.0,,0,
2026-02-07,,,,,,,,,15.9,2026-02-07T00:04:00,,,,8.4,2026-02-07T23:51:00,,,,,,,,7.89,1.71,2026-02-07T11:00:00,,,,,0.5,2026-02-07T01:00:00,,,,,,,,1.5,-99.5,0.5,2026-02-07T00:22:00,1.0,2026-02-07T01:26:00,96,86.0,2026-02-07T11:12:00,100.0,2026-02-07T05:16:00,,,,,,1022.3,2026-02-07T23:00:00,,,,1017.9,2026-02-07T13:00:00,,,1019.6,,,,,,,,,,,,,954.5,956.9,2026-02-07T22:29:00,952.7,2026-02-07T14:10:00,7.3,-999.5,,,11.0,,,11.7,16.1,2026-02-07T00:04:00,9.3,2026-02-07T23:51:00,,-99.5,-99.5,-99.5,-99.5,-99.5,-99.5,-99.5,-99.95,,,,,,30,30.0,2026-02-07T14:10:00,3.4,11.1,0,,3,,5,,5,,4,,2,,2,,1,,0,,0,,0,,0,,0,,0,,0,,0,,0,,0,,0,,0,,0,,0,,0,,0,,0,,0,,0,,0,,0,,0,,0,,0,,0,,0,,0,,0,,1,,0,,,40.0,,,4.9,2026-02-07T03:58:00,,,0,,10.7,,16.5,,17.8,,15.6,,5.3,,4.2,,2.9,,0.0,,0.0,,0.0,,0.0,,0.0,,0.0,,0.0,,0.0,,0.0,,0.0,,0.0,,0.0,,0.0,,0.0,,0.0,,0.0,,0.0,,0.0,,0.0,,0.0,,0.0,,0.0,,0.0,,0.0,,0.0,,0.0,,0.0,,0.0,,4.0,,0,
2026-02-08,,,,,,,,,8.4,2026-02-08T00:01:00,,,,1.2,2026-02-08T21:03:00,,,,,,,,8.94,2.05,2026-02-08T15:00:00,,,,,0.0,2026-02-08T01:00:00,,,,,,,,0.0,-99.5,0.0,,0.0,,81,62.0,2026-02-08T15:04:00,94.0,2026-02-08T00:01:00,,,,,,1026.5,2026-02-08T11:00:00,,,,1021.8,2026-02-08T01:00:00,,,1024.6,,,,,,,,,,,,,958.3,960.0,2026-02-08T10:41:00,956.0,2026-02-08T01:02:00,6.2,-999.5,,,4.2,,,7.3,10.4,2026-02-08T15:03:00,4.8,2026-02-08T21:58:00,,-99.5,-99.5,-99.5,-99.5,-99.5,-99.5,-99.5,-99.95,,,,,,40,10.0,2026-02-08T05:17:00,3.8,12.3,0,,0,,5,,7,,8,,0,,0,,0,,0,,0,,0,,0,,0,,0,,0,,0,,0,,0,,0,,0,,0,,0,,0,,0,,0,,0,,0,,0,,0,,0,,0,,0,,0,,0,,0,,0,,0,,0,,,30.0,,,5.7,2026-02-08T03:22:00,,,0,,0.0,,19.9,,28.5,,28.8,,0.0,,0.0,,0.0,,0.0,,0.0,,0.0,,0.0,,0.0,,0.0,,0.0,,0.0,,0.0,,0.0,,0.0,,0.0,,0.0,,0.0,,0.0,,0.0,,0.0,,0.0,,0.0,,0.0,,0.0,,0.0,,0.0,,0.0,,0.0,,0.0,,0.0,,0.0,,0.0,,0,
2026-02-09,,,,,,,,,10.5,2026-02-09T10:20:00,,,,1.7,2026-02-09T00:03:00,,,,,,,,10.0,2.43,2026-02-09T11:00:00,,,,,0.0,2026-02-09T01:00:00,,,,,,,,0.0,-99.5,0.0,,0.0,,75,51.0,2026-02-09T13:35:00,88.0,2026-02-09T06:45:00,,,,,,1025.2,2026-02-09T01:00:00,,,,1019.4,2026-02-09T14:00:00,,,1022.4,,,,,,,,,,,,,957.2,959.0,2026-02-09T08:39:00,955.4,2026-02-09T14:03:00,5.3,-999.5,,,7.3,,,11.8,19.1,2026-02-09T13:33:00,5.4,2026-02-09T00:01:00,,-99.5,-99.5,-99.5,-99.5,-99.5,-99.5,-99.5,-99.95,,,,,,60,10.0,2026-02-09T01:12:00,1.4,6.9,0,,0,,1,,3,,1,,0,,4,,1,,1,,0,,0,,2,,0,,1,,0,,0,,0,,0,,0,,0,,0,,2,,1,,2,,1,,0,,1,,0,,1,,0,,1,,0,,0,,0,,1,,0,,0,,0,,,20.0,,,4.1,2026-02-09T01:28:00,,,0,,0.0,,1.3,,10.2,,2.6,,0.0,,3.3,,0.3,,0.3,,0.0,,0.0,,1.2,,0.0,,0.3,,0.0,,0.0,,0.0,,0.0,,0.0,,0.0,,0.0,,3.0,,1.4,,3.3,,1.9,,0.0,,0.6,,0.0,,0.4,,0.0,,1.3,,0.0,,0.0,,0.0,,1.6,,0.0,,0.0,,0,
2026-02-10,,,,,,,,,10.6,2026-02-10T09:04:00,,,,7.2,2026-02-10T14:59:00,,,,,,,,18.04,2.89,2026-02-10T13:00:00,,,,,0.0,2026-02-10T01:00:00,,,,,,,,0.0,-99.5,0.0,,0.0,,67,41.0,2026-02-10T12:53:00,91.0,2026-02-10T06:02:00,,,,,,1024.1,2026-02-10T04:00:00,,,,1018.4,2026-02-10T14:00:00,,,1021.7,,,,,,,,,,,,,957.3,958.4,2026-02-10T03:42:00,955.6,2026-02-10T13:47:00,8.3,-999.5,,,8.6,,,15.2,21.9,2026-02-10T13:27:00,9.6,2026-02-10T05:39:00,,-99.5,-99.5,-99.5,-99.5,-99.5,-99.5,-99.5,-99.95,,,,,,230,290.0,2026-02-10T10:55:00,1.1,5.2,0,,0,,0,,0,,1,,1,,2,,0,,0,,0,,3,,1,,2,,0,,1,,0,,0,,1,,0,,0,,0,,0,,1,,5,,0,,0,,2,,1,,0,,0,,0,,0,,1,,0,,0,,0,,0,,0,,,30.0,,,2.7,2026-02-10T07:34:00,,,0,,0.0,,0.0,,0.0,,1.4,,1.0,,2.9,,0.0,,0.0,,0.0,,1.9,,0.9,,1.1,,0.0,,0.5,,0.0,,0.0,,0.8,,0.0,,0.0,,0.0,,0.0,,0.9,,7.3,,0.0,,0.0,,1.7,,1.8,,0.0,,0.0,,0.0,,0.0,,1.6,,0.0,,0.0,,0.0,,0.0,,0,
2026-02-11,,,,,,,,,13.6,2026-02-11T14:45:00,,,,8.1,2026-02-11T06:19:00,,,,,,,,18.11,2.89,2026-02-11T14:00:00,,,,,0.0,2026-02-11T01:00:00,,,,,,,,0.0,-99.5,0.0,,0.0,,73,49.0,2026-02-11T13:05:00,98.0,2026-02-11T22:58:00,,,,,,1023.5,2026-02-11T08:00:00,,,,1018.7,2026-02-11T14:00:00,,,1021.6,,,,,,,,,,,,,957.4,959.0,2026-02-11T09:26:00,955.8,2026-02-11T14:30:00,8.3,-999.5,,,10.6,,,15.8,23.0,2026-02-11T13:07:00,11.7,2026-02-11T23:47:00,,-99.5,-99.5,-99.5,-99.5,-99.5,-99.5,-99.5,-99.95,,,,,,40,,2026-02-11T14:39:00,1.7,8.0,0,,3,,1,,1,,3,,0,,3,,1,,0,,0,,1,,2,,0,,0,,0,,0,,1,,0,,1,,0,,0,,0,,0,,0,,0,,0,,0,,0,,0,,0,,1,,2,,0,,0,,2,,1,,0,,0,,,360.0,,,4.7,2026-02-11T14:29:00,,,0,,4.7,,3.1,,3.3,,5.6,,0.0,,5.1,,2.2,,0.0,,0.0,,0.6,,0.8,,0.0,,0.0,,0.0,,0.0,,0.3,,0.0,,0.6,,0.0,,0.0,,0.0,,0.0,,0.0,,0.0,,0.0,,0.0,,0.0,,0.0,,0.0,,2.1,,3.7,,0.0,,0.0,,5.7,,1.8,,0.0,,0,
2026-02-12,,,,,,,,,13.9,2026-02-12T18:37:00,,,,9.1,2026-02-12T09:10:00,,,,,,,,15.64,2.89,2026-02-12T12:00:00,,,,,0.0,2026-02-12T01:00:00,,,,,,,,0.0,-99.5,0.0,,0.0,,68,43.0,2026-02-12T12:02:00,99.0,2026-02-12T00:09:00,,,,,,1021.8,2026-02-12T08:00:00,,,,1017.2,2026-02-12T15:00:00,,,1019.7,,,,,,,,,,,,,955.9,957.7,2026-02-12T09:40:00,954.5,2026-02-12T14:39:00,8.5,-999.5,,,11.2,,,17.4,24.2,2026-02-12T11:59:00,11.4,2026-02-12T00:20:00,,-99.5,-99.5,-99.5,-99.5,-99.5,-99.5,-99.5,-99.95,,,,,,110,360.0,2026-02-12T15:16:00,1.3,5.9,0,,0,,2,,1,,3,,1,,2,,0,,0,,0,,1,,5,,1,,0,,0,,0,,0,,0,,0,,0,,1,,0,,2,,0,,0,,0,,0,,0,,0,,0,,0,,0,,1,,0,,1,,0,,2,,0,,,360.0,,,3.3,2026-02-12T15:18:00,,,0,,0.0,,1.9,,1.5,,4.3,,1.9,,2.6,,0.0,,0.0,,0.0,,1.0,,3.4,,0.3,,0.0,,0.0,,0.0,,0.0,,0.0,,0.0,,0.0,,0.6,,0.0,,3.1,,0.0,,0.0,,0.0,,0.0,,0.0,,0.0,,0.0,,0.0,,0.0,,2.4,,0.0,,1.4,,0.0,,4.4,,0,
2026-02-13,,,,,,,,,14.7,2026-02-13T17:23:00,,,,5.6,2026-02-13T07:19:00,,,,,,,,18.57,2.99,2026-02-13T12:00:00,,,,,0.0,2026-02-13T01:00:00,,,,,,,,0.0,-99.5,0.0,,0.0,,61,36.0,2026-02-13T10:42:00,82.0,2026-02-13T18:54:00,,,,,,1019.0,2026-02-13T08:00:00,,,,1014.8,2026-02-13T16:00:00,,,1017.6,,,,,,,,,,,,,954.2,955.5,2026-02-13T00:01:00,952.7,2026-02-13T15:47:00,8.2,-999.5,,,10.9,,,18.9,25.7,2026-02-13T12:15:00,13.8,2026-02-13T05:01:00,,-99.5,-99.5,-99.5,-99.5,-99.5,-99.5,-99.5,-99.95,,,,,,60,320.0,2026-02-13T14:04:00,1.1,5.0,0,,1,,1,,0,,0,,1,,3,,1,,0,,2,,3,,1,,1,,0,,1,,0,,0,,0,,0,,0,,0,,0,,0,,2,,1,,0,,2,,1,,0,,0,,0,,1,,1,,1,,0,,0,,0,,0,,,250.0,,,2.0,2026-02-13T12:44:00,,,0,,0.8,,1.5,,0.0,,0.0,,0.5,,2.9,,1.0,,0.0,,0.9,,1.8,,0.7,,0.7,,0.0,,0.7,,0.0,,0.0,,0.0,,0.0,,0.0,,0.0,,0.0,,0.0,,2.8,,1.8,,0.0,,3.2,,1.9,,0.0,,0.0,,0.0,,1.3,,1.3,,1.8,,0.0,,0.0,,0.0,,0,
2026-02-14,,,,,,,,,14.7,2026-02-14T18:47:00,,,,8.8,2026-02-14T06:19:00,,,,,,,,18.76,2.96,2026-02-14T13:00:00,,,,,0.0,2026-02-14T01:00:00,,,,,,,,0.0,-99.5,0.0,,0.0,,59,41.0,2026-02-14T11:58:00,77.0,2026-02-14T19:28:00,,,,,,1018.3,2026-02-14T01:00:00,,,,1013.9,2026-02-14T14:00:00,,,1016.8,,,,,,,,,,,,,953.8,955.0,2026-02-14T08:26:00,952.2,2026-02-14T13:42:00,8.5,-999.5,,,11.9,,,20.3,27.1,2026-02-14T12:24:00,15.7,2026-02-14T06:20:00,,-99.5,-99.5,-99.5,-99.5,-99.5,-99.5,-99.5,-99.95,,,,,,110,310.0,2026-02-14T13:31:00,1.0,5.8,0,,0,,0,,0,,0,,0,,1,,0,,0,,0,,4,,8,,2,,0,,0,,0,,0,,0,,0,,0,,0,,0,,2,,0,,2,,1,,1,,2,,0,,0,,1,,0,,0,,0,,0,,0,,0,,0,,,290.0,,,2.4,2026-02-14T13:33:00,,,0,,0.0,,0.0,,0.0,,0.0,,0.0,,0.9,,0.0,,0.0,,0.0,,2.9,,5.7,,1.4,,0.0,,0.0,,0.0,,0.0,,0.0,,0.0,,0.0,,0.0,,0.0,,2.6,,0.0,,3.1,,1.5,,1.7,,2.5,,0.0,,0.0,,0.6,,0.0,,0.0,,0.0,,0.0,,0.0,,0.0,,0,
2026-02-15,,,,,,,,,17.4,2026-02-15T15:59:00,,,,9.4,2026-02-15T08:21:00,,,,,,,,19.53,3.07,2026-02-15T13:00:00,,,,,0.0,2026-02-15T01:00:00,,,,,,,,0.0,-99.5,0.0,,0.0,,63,39.0,2026-02-15T12:19:00,88.0,2026-02-15T19:19:00,,,,,,1018.7,2026-02-15T07:00:00,,,,1013.3,2026-02-15T15:00:00,,,1016.5,,,,,,,,,,,,,953.7,955.5,2026-02-15T09:11:00,951.9,2026-02-15T14:56:00,8.4,-999.5,,,13.3,,,20.9,28.4,2026-02-15T13:46:00,16.3,2026-02-15T06:07:00,,-99.5,-99.5,-99.5,-99.5,-99.5,-99.5,-99.5,-99.95,,,,,,90,300.0,2026-02-15T13:08:00,1.2,5.5,0,,0,,0,,1,,1,,1,,1,,0,,1,,4,,0,,3,,2,,0,,0,,0,,0,,0,,0,,0,,0,,0,,1,,1,,2,,0,,0,,0,,0,,0,,1,,2,,0,,0,,0,,2,,1,,0,,,30.0,,,2.6,2026-02-15T17:45:00,,,0,,0.0,,0.0,,2.1,,1.6,,0.8,,0.7,,0.0,,0.9,,3.5,,0.0,,2.7,,1.3,,0.0,,0.0,,0.0,,0.0,,0.0,,0.0,,0.0,,0.0,,0.0,,1.5,,1.8,,3.3,,0.0,,0.0,,0.0,,0.0,,0.0,,2.3,,2.7,,0.0,,0.0,,0.0,,1.8,,1.0,,0,
2026-02-16,,,,,,,,,16.4,2026-02-16T15:11:00,,,,10.2,2026-02-16T07:10:00,,,,,,,,19.6,3.07,2026-02-16T13:00:00,,,,,0.0,2026-02-16T01:00:00,,,,,,,,0.0,-99.5,0.0,,0.0,,74,45.0,2026-02-16T11:56:00,99.0,2026-02-16T21:51:00,,,,,,1018.8,2026-02-16T23:59:00,,,,1013.7,2026-02-16T15:00:00,,,1016.5,,,,,,,,,,,,,953.2,954.9,2026-02-16T08:59:00,951.4,2026-02-16T14:47:00,8.6,-999.5,,,13.4,,,18.6,27.3,2026-02-16T11:56:00,13.8,2026-02-16T23:43:00,,-99.5,-99.5,-99.5,-99.5,-99.5,-99.5,-99.5,-99.95,,,,,,20,350.0,2026-02-16T17:14:00,1.9,8.5,0,,1,,3,,3,,0,,1,,1,,0,,0,,1,,1,,1,,3,,0,,1,,0,,0,,0,,0,,0,,0,,0,,0,,0,,0,,1,,1,,1,,0,,1,,0,,0,,2,,0,,0,,1,,0,,0,,,20.0,,,4.2,2026-02-16T17:16:00,,,0,,3.1,,9.9,,9.6,,0.0,,1.7,,2.2,,0.0,,0.0,,1.0,,0.3,,0.6,,2.2,,0.0,,0.7,,0.0,,0.0,,0.0,,0.0,,0.0,,0.0,,0.0,,0.0,,0.0,,0.0,,1.4,,1.8,,1.1,,0.0,,0.6,,0.0,,0.0,,2.3,,0.0,,0.0,,3.8,,0.0,,0,
2026-02-17,,,,,,,,,13.7,2026-02-17T08:46:00,,,,10.9,2026-02-17T23:49:00,,,,,,,,9.62,1.98,2026-02-17T14:00:00,,,,,0.0,2026-02-17T01:00:00,,,,,,,,0.0,-99.5,0.0,,0.0,,93,70.0,2026-02-17T15:06:00,99.0,2026-02-17T00:01:00,,,,,,1021.7,2026-02-17T22:00:00,,,,1016.8,2026-02-17T15:00:00,,,1019.4,,,,,,,,,,,,,954.8,956.5,2026-02-17T21:59:00,953.3,2026-02-17T15:06:00,6.7,-999.5,,,12.3,,,13.5,18.7,2026-02-17T15:26:00,11.1,2026-02-17T23:49:00,,-99.5,-99.5,-99.5,-99.5,-99.5,-99.5,-99.5,-99.95,,,,,,30,60.0,2026-02-17T10:37:00,2.9,9.1,0,,5,,4,,6,,4,,2,,1,,0,,0,,0,,0,,0,,0,,0,,0,,0,,0,,0,,0,,0,,0,,0,,0,,0,,0,,0,,0,,0,,0,,0,,0,,0,,0,,0,,0,,0,,0,,0,,,30.0,,,4.5,2026-02-17T20:04:00,,,0,,13.4,,15.4,,18.1,,9.6,,4.6,,1.1,,0.0,,0.0,,0.0,,0.0,,0.0,,0.0,,0.0,,0.0,,0.0,,0.0,,0.0,,0.0,,0.0,,0.0,,0.0,,0.0,,0.0,,0.0,,0.0,,0.0,,0.0,,0.0,,0.0,,0.0,,0.0,,0.0,,0.0,,0.0,,0.0,,0.0,,0,
2026-02-18,,,,,,,,,11.0,2026-02-18T00:09:00,,,,9.4,2026-02-18T19:04:00,,,,,,,,15.71,2.9,2026-02-18T13:00:00,,,,,0.0,2026-02-18T01:00:00,,,,,,,,0.0,-99.5,0.0,,0.0,,89,64.0,2026-02-18T13:58:00,99.0,2026-02-18T00:01:00,,,,,,1023.7,2026-02-18T10:00:00,,,,1019.5,2026-02-18T15:00:00,,,1021.9,,,,,,,,,,,,,956.8,958.5,2026-02-18T10:22:00,955.5,2026-02-18T14:56:00,8.3,-999.5,,,10.3,,,12.3,17.7,2026-02-18T14:00:00,10.6,2026-02-18T08:55:00,,-99.5,-99.5,-99.5,-99.5,-99.5,-99.5,-99.5,-99.95,,,,,,30,30.0,2026-02-18T17:03:00,2.9,9.1,0,,4,,4,,8,,4,,2,,1,,0,,0,,0,,0,,0,,0,,1,,0,,0,,0,,0,,0,,0,,0,,0,,0,,0,,0,,0,,0,,0,,0,,0,,0,,0,,0,,0,,0,,0,,0,,0,,,20.0,,,4.8,2026-02-18T17:06:00,,,0,,14.0,,15.5,,23.7,,11.7,,4.4,,0.5,,0.0,,0.0,,0.0,,0.0,,0.0,,0.0,,0.5,,0.0,,0.0,,0.0,,0.0,,0.0,,0.0,,0.0,,0.0,,0.0,,0.0,,0.0,,0.0,,0.0,,0.0,,0.0,,0.0,,0.0,,0.0,,0.0,,0.0,,0.0,,0.0,,0.0,,0,
2026-02-19,,,,,,,,,13.7,2026-02-19T10:47:00,,,,10.7,2026-02-19T06:34:00,,,,,,,,16.92,2.91,2026-02-19T13:00:00,,,,,0.0,2026-02-19T01:00:00,,,,,,,,0.0,-99.5,0.0,,0.0,,76,49.0,2026-02-19T13:59:00,91.0,2026-02-19T21:28:00,,,,,,1024.0,2026-02-19T07:00:00,,,,1017.9,2026-02-19T14:00:00,,,1021.5,,,,,,,,,,,,,957.5,959.5,2026-02-19T08:53:00,955.6,2026-02-19T13:54:00,8.8,-999.5,,,12.3,,,16.8,24.2,2026-02-19T14:12:00,12.5,2026-02-19T06:21:00,,-99.5,-99.5,-99.5,-99.5,-99.5,-99.5,-99.5,-99.95,,,,,,220,10.0,2026-02-19T16:35:00,1.1,6.1,0,,1,,0,,0,,2,,0,,0,,0,,0,,0,,0,,0,,1,,0,,0,,1,,1,,0,,2,,1,,2,,2,,3,,1,,1,,0,,1,,0,,3,,0,,1,,1,,0,,0,,0,,0,,0,,0,,,20.0,,,2.6,2026-02-19T17:03:00,,,0,,2.5,,0.0,,0.0,,2.0,,0.0,,0.0,,0.0,,0.0,,0.0,,0.0,,0.0,,0.3,,0.0,,0.0,,0.8,,0.7,,0.0,,1.5,,1.3,,1.8,,2.3,,4.3,,1.6,,0.7,,0.0,,1.4,,0.0,,3.3,,0.0,,2.0,,0.4,,0.0,,0.0,,0.0,,0.0,,0.0,,0,
2026-02-20,,,,,,,,,16.3,2026-02-20T11:16:00,,,,11.5,2026-02-20T01:22:00,,,,,,,,12.11,2.94,2026-02-20T13:00:00,,,,,0.5,2026-02-20T07:00:00,,,,,,,,1.0,-99.5,0.5,2026-02-20T06:47:00,1.0,2026-02-20T06:28:00,83,55.0,2026-02-20T13:30:00,96.0,2026-02-20T07:14:00,,,,,,1022.1,2026-02-20T02:00:00,,,,1016.3,2026-02-20T16:00:00,,,1019.1,,,,,,,,,,,,,955.1,958.1,2026-02-20T00:01:00,952.9,2026-02-20T16:25:00,6.9,-999.5,,,13.2,,,16.3,23.2,2026-02-20T13:10:00,14.0,2026-02-20T00:29:00,,-99.5,-99.5,-99.5,-99.5,-99.5,-99.5,-99.5,-99.95,,,,,,120,320.0,2026-02-20T14:16:00,1.0,6.0,0,,1,,2,,1,,1,,0,,0,,1,,0,,1,,1,,0,,5,,0,,0,,0,,2,,0,,0,,1,,1,,2,,1,,0,,0,,0,,0,,0,,0,,0,,1,,0,,0,,0,,0,,2,,0,,0,,,310.0,,,2.7,2026-02-20T14:16:00,,,0,,1.7,,2.1,,2.3,,0.4,,0.0,,0.0,,1.1,,0.0,,0.7,,0.7,,0.0,,2.7,,0.0,,0.0,,0.0,,1.0,,0.0,,0.0,,0.9,,0.2,,3.4,,0.6,,0.0,,0.0,,0.0,,0.0,,0.0,,0.0,,0.0,,2.0,,0.0,,0.0,,0.0,,0.0,,3.0,,0.0,,0,
2026-02-21,,,,,,,,,15.6,2026-02-21T13:55:00,,,,9.3,2026-02-21T06:54:00,,,,,,,,19.21,3.01,2026-02-21T13:00:00,,,,,0.0,2026-02-21T01:00:00,,,,,,,,0.0,-99.5,0.0,,0.0,,68,49.0,2026-02-21T10:34:00,83.0,2026-02-21T19:42:00,,,,,,1016.8,2026-02-21T01:00:00,,,,1010.1,2026-02-21T15:00:00,,,1013.7,,,,,,,,,,,,,950.6,953.2,2026-02-21T00:17:00,948.2,2026-02-21T15:01:00,8.3,-999.5,,,12.3,,,18.6,24.9,2026-02-21T14:23:00,14.4,2026-02-21T05:46:00,,-99.5,-99.5,-99.5,-99.5,-99.5,-99.5,-99.5,-99.95,,,,,,110,320.0,2026-02-21T13:09:00,1.0,5.0,0,,0,,0,,1,,0,,0,,0,,2,,0,,0,,1,,8,,0,,1,,2,,0,,0,,0,,0,,0,,0,,2,,0,,1,,1,,1,,1,,1,,0,,0,,0,,2,,0,,0,,0,,0,,0,,0,,,210.0,,,2.6,2026-02-21T11:56:00,,,0,,0.0,,0.0,,0.2,,0.0,,0.0,,0.0,,0.5,,0.0,,0.0,,0.6,,6.8,,0.0,,0.4,,1.3,,0.0,,0.0,,0.0,,0.0,,0.0,,0.0,,4.2,,0.0,,1.4,,1.5,,1.5,,0.9,,1.1,,0.0,,0.0,,0.0,,2.8,,0.0,,0.0,,0.0,,0.0,,0.0,,0,
2026-02-22,,,,,,,,,15.8,2026-02-22T13:31:00,,,,9.9,2026-02-22T09:27:00,,,,,,,,19.03,3.05,2026-02-22T13:00:00,,,,,0.0,2026-02-22T01:00:00,,,,,,,,0.0,-99.5,0.0,,0.0,,67,41.0,2026-02-22T12:54:00,83.0,2026-02-22T07:12:00,,,,,,1015.2,2026-02-22T07:00:00,,,,1010.2,2026-02-22T16:00:00,,,1012.8,,,,,,,,,,,,,950.0,952.0,2026-02-22T08:42:00,948.0,2026-02-22T15:33:00,8.6,-999.5,,,13.0,,,19.7,27.4,2026-02-22T12:50:00,15.0,2026-02-22T06:56:00,,-99.5,-99.5,-99.5,-99.5,-99.5,-99.5,-99.5,-99.95,,,,,,100,330.0,2026-02-22T15:02:00,1.5,8.2,0,,0,,0,,3,,1,,1,,0,,0,,1,,1,,4,,3,,1,,0,,0,,0,,0,,0,,0,,0,,0,,0,,0,,0,,1,,0,,1,,0,,0,,2,,0,,0,,0,,0,,1,,3,,1,,0,,,350.0,,,5.1,2026-02-22T16:16:00,,,0,,0.0,,0.0,,3.8,,2.5,,0.7,,0.0,,0.0,,0.7,,0.7,,2.9,,1.8,,0.8,,0.0,,0.0,,0.0,,0.0,,0.0,,0.0,,0.0,,0.0,,0.0,,0.0,,0.0,,1.9,,0.0,,1.1,,0.0,,0.0,,2.2,,0.0,,0.0,,0.0,,0.0,,3.6,,11.1,,1.6,,0,
2026-02-23,,,,,,,,,18.8,2026-02-23T15:18:00,,,,10.5,2026-02-23T05:54:00,,,,,,,,19.85,3.04,2026-02-23T12:00:00,,,,,0.0,2026-02-23T01:00:00,,,,,,,,0.0,-99.5,0.0,,0.0,,71,47.0,2026-02-23T11:05:00,98.0,2026-02-23T23:47:00,,,,,,1015.4,2026-02-23T23:59:00,,,,1011.5,2026-02-23T15:00:00,,,1013.5,,,,,,,,,,,,,950.8,952.1,2026-02-23T21:44:00,949.0,2026-02-23T23:15:00,8.6,-999.5,,,14.6,,,20.4,27.8,2026-02-23T12:29:00,15.8,2026-02-23T04:55:00,,-99.5,-99.5,-99.5,-99.5,-99.5,-99.5,-99.5,-99.95,,,,,,110,300.0,2026-02-23T23:48:00,1.1,5.5,0,,0,,2,,0,,1,,2,,2,,0,,0,,0,,2,,3,,2,,0,,0,,0,,0,,0,,0,,0,,0,,0,,2,,0,,1,,2,,0,,1,,0,,2,,1,,0,,0,,0,,0,,0,,0,,0,,,310.0,,,2.7,2026-02-23T23:38:00,,,0,,0.0,,1.4,,0.0,,1.8,,2.2,,1.1,,0.0,,0.0,,0.0,,1.2,,2.7,,1.4,,0.0,,0.0,,0.0,,0.0,,0.0,,0.0,,0.0,,0.0,,0.0,,2.8,,0.0,,1.6,,2.8,,0.0,,2.0,,0.0,,3.3,,0.9,,0.0,,0.0,,0.0,,0.0,,0.0,,0.0,,0,
2026-02-24,,,,,,,,,18.1,2026-02-24T13:51:00,,,,14.6,2026-02-24T06:03:00,,,,,,,,8.34,1.84,2026-02-24T12:00:00,,,,,0.0,2026-02-24T01:00:00,,,,,,,,0.0,-99.5,0.0,,0.0,,85,58.0,2026-02-24T11:17:00,99.0,2026-02-24T00:15:00,,,,,,1016.7,2026-02-24T22:00:00,,,,1013.4,2026-02-24T14:00:00,,,1014.9,,,,,,,,,,,,,951.7,953.2,2026-02-24T22:00:00,949.9,2026-02-24T03:37:00,5.5,-999.5,,,16.5,,,19.1,25.0,2026-02-24T11:21:00,16.2,2026-02-24T04:58:00,,-99.5,-99.5,-99.5,-99.5,-99.5,-99.5,-99.5,-99.95,,,,,,10,20.0,2026-02-24T15:04:00,1.2,5.9,0,,4,,2,,3,,2,,0,,1,,0,,0,,0,,1,,0,,0,,0,,1,,0,,0,,0,,0,,0,,0,,0,,0,,0,,0,,0,,1,,1,,0,,0,,3,,0,,0,,2,,2,,0,,1,,0,,,10.0,,,2.7,2026-02-24T15:27:00,,,0,,5.4,,3.2,,4.7,,2.8,,0.0,,1.4,,0.0,,0.0,,0.0,,0.5,,0.0,,0.0,,0.0,,0.5,,0.0,,0.0,,0.0,,0.0,,0.0,,0.0,,0.0,,0.0,,0.0,,0.0,,0.0,,1.3,,1.2,,0.0,,0.0,,3.0,,0.0,,0.0,,1.9,,2.3,,0.0,,0.7,,0,
2026-02-25,,,,,,,,,18.1,2026-02-25T09:35:00,,,,14.3,2026-02-25T11:52:00,,,,,,,,16.71,3.11,2026-02-25T13:00:00,,,,,0.0,2026-02-25T01:00:00,,,,,,,,0.0,-99.5,0.0,,0.0,,82,46.0,2026-02-25T12:29:00,99.0,2026-02-25T07:13:00,,,,,,1016.4,2026-02-25T06:00:00,,,,1011.4,2026-02-25T13:00:00,,,1014.5,,,,,,,,,,,,,951.6,952.9,2026-02-25T06:02:00,949.4,2026-02-25T13:19:00,8.8,-999.5,,,16.5,,,20.0,28.6,2026-02-25T12:39:00,16.0,2026-02-25T22:37:00,,-99.5,-99.5,-99.5,-99.5,-99.5,-99.5,-99.5,-99.95,,,,,,40,10.0,2026-02-25T15:00:00,1.7,7.2,0,,1,,4,,0,,4,,1,,2,,4,,0,,1,,0,,0,,0,,1,,0,,0,,0,,0,,0,,0,,0,,0,,1,,0,,0,,0,,0,,0,,0,,0,,0,,0,,1,,1,,1,,0,,1,,0,,,10.0,,,3.5,2026-02-25T15:04:00,,,0,,3.2,,8.6,,0.0,,8.9,,2.8,,3.3,,5.2,,0.0,,0.9,,0.0,,0.0,,0.0,,0.9,,0.0,,0.0,,0.0,,0.0,,0.0,,0.0,,0.0,,0.0,,0.2,,0.0,,0.0,,0.0,,0.0,,0.0,,0.0,,0.0,,0.0,,0.0,,0.4,,1.4,,2.5,,0.0,,2.3,,0,
2026-02-26,,,,,,,,,18.4,2026-02-26T16:47:00,,,,14.8,2026-02-26T06:36:00,,,,,,,,14.53,2.32,2026-02-26T11:00:00,,,,,0.0,2026-02-26T01:00:00,,,,,,,,0.0,-99.5,0.0,,0.0,,81,57.0,2026-02-26T12:00:00,97.0,2026-02-26T21:26:00,,,,,,1014.8,2026-02-26T07:00:00,,,,1008.8,2026-02-26T16:00:00,,,1012.0,,,,,,,,,,,,,949.4,951.8,2026-02-26T00:04:00,946.8,2026-02-26T17:29:00,7.9,-999.5,,,16.8,,,20.5,26.1,2026-02-26T11:55:00,16.0,2026-02-26T06:04:00,,-99.5,-99.5,-99.5,-99.5,-99.5,-99.5,-99.5,-99.95,,,,,,210,210.0,2026-02-26T12:15:00,1.0,5.2,0,,1,,2,,1,,0,,0,,2,,0,,0,,1,,0,,1,,0,,1,,0,,1,,0,,1,,1,,0,,0,,4,,3,,2,,0,,0,,1,,0,,0,,0,,1,,1,,0,,0,,0,,0,,0,,0,,,220.0,,,2.5,2026-02-26T12:15:00,,,0,,0.6,,2.0,,0.6,,0.0,,0.0,,1.8,,0.0,,0.0,,0.4,,0.0,,0.8,,0.0,,0.4,,0.0,,0.7,,0.0,,0.5,,0.6,,0.0,,0.0,,5.5,,5.6,,2.2,,0.0,,0.0,,0.3,,0.0,,0.0,,0.0,,1.1,,1.9,,0.0,,0.0,,0.0,,0.0,,0.0,,0,
2026-02-27,,,,,,,,,18.1,2026-02-27T02:42:00,,,,13.1,2026-02-27T08:11:00,,,,,,,,6.06,1.05,2026-02-27T16:00:00,,,,,1.0,2026-02-27T05:00:00,,,,,,,,2.0,-99.5,1.0,2026-02-27T04:35:00,1.5,2026-02-27T04:27:00,84,60.0,2026-02-27T14:27:00,99.0,2026-02-27T03:19:00,,,,,,1013.8,2026-02-27T07:00:00,,,,1008.8,2026-02-27T16:00:00,,,1011.6,,,,,,,,,,,,,948.6,950.8,2026-02-27T08:35:00,946.4,2026-02-27T15:18:00,6.4,-999.5,,,15.9,,,18.7,22.3,2026-02-27T14:33:00,16.1,2026-02-27T05:31:00,,-99.5,-99.5,-99.5,-99.5,-99.5,-99.5,-99.5,-99.95,,,,,,40,,2026-02-27T05:01:00,1.8,7.1,0,,3,,1,,3,,4,,1,,2,,0,,1,,1,,0,,0,,1,,0,,0,,0,,0,,1,,0,,0,,0,,1,,0,,0,,0,,0,,1,,0,,0,,0,,1,,1,,1,,0,,1,,0,,0,,0,,,80.0,,,3.8,2026-02-27T06:35:00,,,0,,6.5,,2.1,,5.4,,7.6,,0.6,,5.6,,0.0,,3.7,,2.3,,0.0,,0.0,,0.8,,0.0,,0.0,,0.0,,0.0,,1.0,,0.0,,0.0,,0.0,,1.0,,0.0,,0.0,,0.0,,0.0,,0.3,,0.0,,0.0,,0.0,,1.4,,0.9,,2.8,,0.0,,1.8,,0.0,,0.0,,0,
2026-02-28,,,,,,,,,18.6,2026-02-28T09:28:00,,,,15.0,2026-02-28T06:37:00,,,,,,,,7.82,1.44,2026-02-28T13:00:00,,,,,1.0,2026-02-28T07:00:00,,,,,,,,3.5,-99.5,1.0,2026-02-28T06:25:00,1.5,2026-02-28T21:06:00,90,74.0,2026-02-28T13:58:00,99.0,2026-02-28T21:16:00,,,,,,1014.6,2026-02-28T22:00:00,,,,1010.8,2026-02-28T17:00:00,,,1012.9,,,,,,,,,,,,,949.8,951.3,2026-02-28T09:47:00,948.0,2026-02-28T16:51:00,8.2,-999.5,,,16.7,,,18.4,21.6,2026-02-28T12:25:00,15.7,2026-02-28T06:38:00,,-99.5,-99.5,-99.5,-99.5,-99.5,-99.5,-99.5,-99.95,,,,,,20,,2026-02-28T06:35:00,1.2,5.1,0,,0,,4,,0,,1,,2,,1,,1,,2,,2,,0,,1,,2,,1,,0,,0,,0,,0,,1,,0,,0,,0,,0,,0,,1,,0,,0,,0,,1,,1,,2,,0,,1,,0,,0,,0,,0,,0,,,20.0,,,3.1,2026-02-28T02:30:00,,,0,,0.0,,8.5,,0.0,,1.0,,2.7,,1.1,,0.8,,1.8,,2.9,,0.0,,0.3,,1.6,,0.8,,0.0,,0.0,,0.0,,0.0,,0.7,,0.0,,0.0,,0.0,,0.0,,0.0,,0.9,,0.0,,0.0,,0.0,,1.1,,0.9,,2.3,,0.0,,1.2,,0.0,,0.0,,0.0,,0.0,,0,
2026-03-01,,,,,,,,,20.1,2026-03-01T12:17:00,,,,15.8,2026-03-01T05:10:00,,,,,,,,8.48,1.88,2026-03-01T11:00:00,,,,,1.0,2026-03-01T02:00:00,,,,,,,,4.0,-99.5,0.5,2026-03-01T00:08:00,1.5,2026-03-01T01:04:00,92,78.0,2026-03-01T10:57:00,99.0,2026-03-01T02:09:00,,,,,,1013.4,2026-03-01T01:00:00,,,,1008.9,2026-03-01T16:00:00,,,1011.3,,,,,,,,,,,,,948.5,950.7,2026-03-01T00:01:00,946.6,2026-03-01T15:53:00,6.5,-999.5,,,18.2,,,19.6,23.4,2026-03-01T12:34:00,16.3,2026-03-01T05:03:00,,-99.5,-99.5,-99.5,-99.5,-99.5,-99.5,-99.5,-99.95,,,,,,210,210.0,2026-03-01T22:38:00,1.1,6.9,0,,1,,1,,0,,0,,0,,0,,0,,0,,0,,1,,2,,3,,0,,0,,1,,0,,1,,0,,0,,0,,5,,1,,1,,0,,3,,0,,1,,0,,2,,0,,0,,0,,0,,0,,1,,0,,0,,,220.0,,,3.6,2026-03-01T23:05:00,,,0,,1.4,,2.2,,0.0,,0.0,,0.0,,0.0,,0.0,,0.0,,0.0,,1.0,,1.0,,2.5,,0.0,,0.0,,0.6,,0.0,,0.3,,0.0,,0.0,,0.0,,7.7,,3.4,,0.7,,0.0,,2.7,,0.0,,0.4,,0.0,,2.1,,0.0,,0.0,,0.0,,0.0,,0.0,,0.8,,0.0,,0,
2026-03-02,,,,,,,,,21.4,2026-03-02T15:39:00,,,,17.3,2026-03-02T18:16:00,,,,,,,,14.68,2.4,2026-03-02T14:00:00,,,,,0.5,2026-03-02T01:00:00,,,,,,,,0.5,-99.5,0.5,2026-03-02T23:59:00,0.5,2026-03-02T23:59:00,84,63.0,2026-03-02T13:38:00,98.0,2026-03-02T20:37:00,,,,,,1013.5,2026-03-02T22:00:00,,,,1009.4,2026-03-02T15:00:00,,,1011.4,,,,,,,,,,,,,949.1,950.7,2026-03-02T21:49:00,947.7,2026-03-02T15:22:00,9.1,-999.5,,,19.3,,,22.2,28.0,2026-03-02T13:37:00,19.2,2026-03-02T20:58:00,,-99.5,-99.5,-99.5,-99.5,-99.5,-99.5,-99.5,-99.95,,,,,,220,30.0,2026-03-02T20:50:00,1.5,5.9,0,,0,,0,,0,,1,,1,,1,,0,,0,,1,,0,,1,,1,,0,,0,,0,,0,,0,,2,,1,,1,,3,,5,,1,,0,,0,,0,,0,,0,,0,,2,,1,,1,,1,,0,,0,,0,,0,,,50.0,,,3.4,2026-03-02T21:04:00,,,0,,0.0,,0.0,,0.0,,3.0,,1.8,,2.3,,0.0,,0.0,,1.1,,0.0,,0.7,,0.7,,0.0,,0.0,,0.0,,0.0,,0.0,,1.3,,1.1,,1.6,,4.9,,9.2,,0.5,,0.0,,0.0,,0.0,,0.0,,0.0,,0.0,,3.7,,1.2,,1.1,,1.1,,0.0,,0.0,,0.0,,0,
2026-03-03,,,,,,,,,18.7,2026-03-03T00:14:00,,,,12.1,2026-03-03T22:24:00,,,,,,,,3.72,0.85,2026-03-03T13:00:00,,,,,1.5,2026-03-03T08:00:00,,,,,,,,6.0,-99.5,0.5,2026-03-03T06:14:00,2.0,2026-03-03T07:12:00,98,90.0,2026-03-03T12:58:00,99.0,2026-03-03T03:18:00,,,,,,1017.5,2026-03-03T23:59:00,,,,1011.8,2026-03-03T03:00:00,,,1014.8,,,,,,,,,,,,,950.7,952.9,2026-03-03T21:00:00,948.4,2026-03-03T03:27:00,3.1,-999.5,,,14.3,,,14.7,19.4,2026-03-03T00:14:00,12.3,2026-03-03T22:24:00,,-99.5,-99.5,-99.5,-99.5,-99.5,-99.5,-99.5,-99.95,,,,,,30,20.0,2026-03-03T07:30:00,2.8,8.8,0,,1,,6,,11,,3,,2,,1,,0,,0,,0,,0,,0,,0,,0,,0,,0,,0,,0,,0,,0,,0,,0,,0,,0,,0,,0,,0,,0,,0,,0,,0,,0,,0,,0,,0,,0,,0,,0,,,20.0,,,5.3,2026-03-03T07:29:00,,,0,,2.3,,15.0,,35.5,,6.6,,5.7,,2.7,,0.0,,0.0,,0.0,,0.0,,0.0,,0.0,,0.0,,0.0,,0.0,,0.0,,0.0,,0.0,,0.0,,0.0,,0.0,,0.0,,0.0,,0.0,,0.0,,0.0,,0.0,,0.0,,0.0,,0.0,,0.0,,0.0,,0.0,,0.0,,0.0,,0.0,,0,
2026-03-04,,,,,,,,,17.3,2026-03-04T12:03:00,,,,11.5,2026-03-04T01:45:00,,,,,,,,7.03,1.36,2026-03-04T14:00:00,,,,,1.0,2026-03-04T01:00:00,,,,,,,,4.0,-99.5,1.0,2026-03-04T00:49:00,2.0,2026-03-04T08:11:00,95,78.0,2026-03-04T15:21:00,99.0,2026-03-04T02:04:00,,,,,,1018.6,2026-03-04T10:00:00,,,,1013.6,2026-03-04T16:00:00,,,1016.2,,,,,,,,,,,,,952.1,953.8,2026-03-04T09:38:00,950.4,2026-03-04T15:33:00,6.3,-999.5,,,14.1,,,14.9,20.3,2026-03-04T15:19:00,11.7,2026-03-04T02:21:00,,-99.5,-99.5,-99.5,-99.5,-99.5,-99.5,-99.5,-99.95,,,,,,20,30.0,2026-03-04T08:46:00,1.8,9.3,0,,0,,6,,3,,3,,1,,2,,0,,0,,2,,0,,1,,1,,1,,0,,0,,0,,0,,0,,0,,1,,1,,1,,0,,0,,0,,0,,0,,0,,0,,0,,0,,0,,0,,1,,0,,0,,0,,,20.0,,,4.9,2026-03-04T01:34:00,,,0,,0.0,,16.5,,5.2,,8.5,,4.2,,3.5,,0.0,,0.0,,1.2,,0.0,,0.5,,0.5,,0.7,,0.0,,0.0,,0.0,,0.0,,0.0,,0.0,,0.6,,0.9,,0.7,,0.0,,0.0,,0.0,,0.0,,0.0,,0.0,,0.0,,0.0,,0.0,,0.0,,0.0,,0.2,,0.0,,0.0,,0,
2026-03-05,,,,,,,,,18.2,2026-03-05T13:00:00,,,,15.1,2026-03-05T01:20:00,,,,,,,,6.47,1.15,2026-03-05T13:00:00,,,,,0.5,2026-03-05T01:00:00,,,,,,,,1.0,-99.5,0.5,2026-03-05T00:42:00,0.5,2026-03-05T23:59:00,96,82.0,2026-03-05T12:19:00,99.0,2026-03-05T00:05:00,,,,,,1017.0,2026-03-05T22:00:00,,,,1013.8,2026-03-05T14:00:00,,,1015.3,,,,,,,,,,,,,951.7,953.1,2026-03-05T22:00:00,950.5,2026-03-05T04:40:00,5.6,-999.5,,,16.4,,,17.1,20.3,2026-03-05T12:43:00,15.4,2026-03-05T01:20:00,,-99.5,-99.5,-99.5,-99.5,-99.5,-99.5,-99.5,-99.95,,,,,,240,10.0,2026-03-05T18:06:00,1.0,5.9,0,,1,,1,,0,,0,,1,,1,,1,,1,,1,,1,,0,,2,,1,,0,,1,,0,,0,,0,,0,,0,,2,,1,,1,,4,,1,,0,,0,,0,,0,,1,,0,,0,,0,,0,,1,,0,,0,,,360.0,,,3.7,2026-03-05T18:12:00,,,0,,1.3,,0.9,,0.0,,0.0,,1.8,,1.0,,0.8,,0.5,,0.6,,1.1,,0.0,,1.3,,0.7,,0.0,,0.5,,0.0,,0.0,,0.0,,0.0,,0.0,,1.2,,0.9,,0.8,,3.5,,1.0,,0.0,,0.0,,0.0,,0.0,,1.2,,0.0,,0.0,,0.0,,0.0,,3.0,,0.0,,0,
2026-03-06,,,,,,,,,16.0,2026-03-06T09:08:00,,,,10.9,2026-03-06T23:53:00,,,,,,,,20.74,3.33,2026-03-06T13:00:00,,,,,0.0,2026-03-06T01:00:00,,,,,,,,0.0,-99.5,0.0,,0.0,,90,77.0,2026-03-06T12:38:00,99.0,2026-03-06T00:01:00,,,,,,1019.5,2026-03-06T23:00:00,,,,1013.6,2026-03-06T15:00:00,,,1016.6,,,,,,,,,,,,,952.5,954.7,2026-03-06T23:05:00,950.1,2026-03-06T14:49:00,9.0,-999.5,,,13.7,,,15.3,19.3,2026-03-06T12:38:00,11.8,2026-03-06T23:53:00,,-99.5,-99.5,-99.5,-99.5,-99.5,-99.5,-99.5,-99.95,,,,,,30,40.0,2026-03-06T13:45:00,2.5,10.2,0,,4,,4,,4,,2,,2,,0,,3,,0,,1,,0,,0,,0,,0,,0,,0,,0,,0,,0,,0,,0,,0,,0,,0,,0,,0,,0,,0,,0,,0,,0,,0,,0,,1,,0,,1,,1,,0,,,,,,4.8,2026-03-06T13:08:00,,,0,,11.4,,9.3,,13.8,,6.9,,3.9,,0.0,,2.6,,0.0,,0.5,,0.0,,0.0,,0.0,,0.0,,0.0,,0.0,,0.0,,0.0,,0.0,,0.0,,0.0,,0.0,,0.0,,0.0,,0.0,,0.0,,0.0,,0.0,,0.0,,0.0,,0.0,,0.0,,0.0,,0.3,,0.0,,4.2,,4.5,,0,
2026-03-07,,,,,,,,,12.6,2026-03-07T23:48:00,,,,9.3,2026-03-07T06:38:00,,,,,,,,21.84,3.27,2026-03-07T13:00:00,,,,,0.0,2026-03-07T01:00:00,,,,,,,,0.0,-99.5,0.0,,0.0,,82,58.0,2026-03-07T12:57:00,99.0,2026-03-07T04:55:00,,,,,,1021.3,2026-03-07T08:00:00,,,,1016.5,2026-03-07T15:00:00,,,1019.1,,,,,,,,,,,,,954.7,956.6,2026-03-07T09:05:00,952.7,2026-03-07T03:04:00,9.4,-999.5,,,11.0,,,14.3,20.6,2026-03-07T12:56:00,10.2,2026-03-07T06:38:00,,-99.5,-99.5,-99.5,-99.5,-99.5,-99.5,-99.5,-99.95,,,,,,30,20.0,2026-03-07T06:38:00,2.8,9.8,0,,4,,4,,5,,5,,2,,2,,0,,0,,0,,0,,0,,0,,0,,0,,0,,0,,0,,0,,0,,0,,0,,0,,0,,0,,0,,0,,0,,1,,0,,0,,0,,0,,0,,0,,0,,0,,0,,,10.0,,,5.8,2026-03-07T06:46:00,,,0,,11.7,,12.0,,16.7,,13.8,,5.0,,3.4,,0.0,,0.0,,0.0,,0.0,,0.0,,0.0,,0.0,,0.0,,0.0,,0.0,,0.0,,0.0,,0.0,,0.0,,0.0,,0.0,,0.0,,0.0,,0.0,,0.0,,0.0,,1.0,,0.0,,0.0,,0.0,,0.0,,0.0,,0.0,,0.0,,0.0,,0,
2026-03-08,,,,,,,,,15.1,2026-03-08T14:46:00,,,,10.5,2026-03-08T00:15:00,,,,,,,,21.03,3.16,2026-03-08T13:00:00,,,,,0.0,2026-03-08T01:00:00,,,,,,,,0.0,-99.5,0.0,,0.0,,81,50.0,2026-03-08T13:38:00,99.0,2026-03-08T22:14:00,,,,,,1021.7,2026-03-08T23:59:00,,,,1016.7,2026-03-08T15:00:00,,,1019.8,,,,,,,,,,,,,955.8,957.7,2026-03-08T09:28:00,954.0,2026-03-08T15:28:00,9.5,-999.5,,,13.2,,,16.7,24.5,2026-03-08T13:10:00,11.6,2026-03-08T00:15:00,,-99.5,-99.5,-99.5,-99.5,-99.5,-99.5,-99.5,-99.95,,,,,,20,60.0,2026-03-08T16:25:00,1.7,7.1,0,,0,,4,,2,,2,,2,,1,,1,,0,,0,,1,,1,,1,,0,,0,,0,,0,,0,,0,,0,,0,,1,,1,,0,,1,,0,,0,,0,,0,,0,,0,,1,,0,,1,,0,,1,,0,,0,,,20.0,,,4.0,2026-03-08T17:15:00,,,0,,0.0,,10.4,,4.8,,4.1,,1.5,,0.9,,1.2,,0.0,,0.0,,0.6,,0.8,,0.4,,0.0,,0.0,,0.0,,0.0,,0.0,,0.0,,0.0,,0.0,,0.5,,0.3,,0.0,,1.6,,0.0,,0.0,,0.0,,0.0,,0.0,,0.0,,1.7,,0.0,,1.5,,0.0,,2.1,,0.0,,0,
2026-03-09,,,,,,,,,14.4,2026-03-09T11:04:00,,,,8.7,2026-03-09T23:11:00,,,,,,,,9.6,1.95,2026-03-09T11:00:00,,,,,0.0,2026-03-09T01:00:00,,,,,,,,0.0,-99.5,0.0,,0.0,,91,73.0,2026-03-09T11:05:00,99.0,2026-03-09T00:01:00,,,,,,1023.5,2026-03-09T22:00:00,,,,1020.9,2026-03-09T13:00:00,,,1021.9,,,,,,,,,,,,,957.1,958.3,2026-03-09T09:17:00,956.0,2026-03-09T15:28:00,8.7,-999.5,,,11.7,,,13.2,19.1,2026-03-09T11:05:00,10.3,2026-03-09T23:52:00,,-99.5,-99.5,-99.5,-99.5,-99.5,-99.5,-99.5,-99.95,,,,,,20,10.0,2026-03-09T22:41:00,3.1,10.4,0,,4,,7,,6,,1,,3,,0,,0,,0,,0,,1,,0,,0,,0,,0,,1,,0,,0,,0,,0,,0,,0,,0,,0,,0,,0,,0,,0,,0,,0,,0,,0,,0,,0,,0,,1,,0,,0,,,30.0,,,5.1,2026-03-09T20:58:00,,,0,,15.8,,26.4,,17.3,,1.3,,8.3,,0.0,,0.0,,0.0,,0.0,,1.3,,0.0,,0.0,,0.0,,0.0,,0.4,,0.0,,0.0,,0.0,,0.0,,0.0,,0.0,,0.0,,0.0,,0.0,,0.0,,0.0,,0.0,,0.0,,0.0,,0.0,,0.0,,0.0,,0.0,,0.0,,3.7,,0.0,,0,
2026-03-10,,,,,,,,,11.2,2026-03-10T11:07:00,,,,7.9,2026-03-10T03:23:00,,,,,,,,2.46,0.37,2026-03-10T15:00:00,,,,,1.0,2026-03-10T08:00:00,,,,,,,,2.5,-99.5,0.5,2026-03-10T06:40:00,1.0,2026-03-10T06:34:00,97,88.0,2026-03-10T01:02:00,100.0,2026-03-10T19:39:00,,,,,,1022.9,2026-03-10T10:00:00,,,,1020.7,2026-03-10T15:00:00,,,1021.9,,,,,,,,,,,,,956.3,957.6,2026-03-10T09:34:00,955.2,2026-03-10T14:42:00,0.6,-999.5,,,9.5,,,10.0,11.5,2026-03-10T11:07:00,8.9,2026-03-10T06:43:00,,-99.5,-99.5,-99.5,-99.5,-99.5,-99.5,-99.5,-99.95,,,,,,20,20.0,2026-03-10T01:51:00,2.7,10.0,0,,0,,7,,3,,3,,6,,3,,1,,0,,1,,0,,0,,0,,0,,0,,0,,0,,0,,0,,0,,0,,0,,0,,0,,0,,0,,0,,0,,0,,0,,0,,0,,0,,0,,0,,0,,0,,0,,,20.0,,,5.9,2026-03-10T05:20:00,,,0,,0.0,,23.0,,10.3,,10.2,,14.2,,4.7,,1.7,,0.0,,0.9,,0.0,,0.0,,0.0,,0.0,,0.0,,0.0,,0.0,,0.0,,0.0,,0.0,,0.0,,0.0,,0.0,,0.0,,0.0,,0.0,,0.0,,0.0,,0.0,,0.0,,0.0,,0.0,,0.0,,0.0,,0.0,,0.0,,0.0,,0,
2026-03-11,,,,,,,,,12.9,2026-03-11T09:15:00,,,,9.1,2026-03-11T01:36:00,,,,,,,,22.92,3.39,2026-03-11T13:00:00,,,,,0.0,2026-03-11T01:00:00,,,,,,,,0.0,-99.5,0.0,,0.0,,78,52.0,2026-03-11T13:49:00,100.0,2026-03-11T00:01:00,,,,,,1021.4,2026-03-11T02:00:00,,,,1014.9,2026-03-11T16:00:00,,,1018.5,,,,,,,,,,,,,954.2,956.2,2026-03-11T00:02:00,952.1,2026-03-11T15:39:00,9.2,-999.5,,,10.8,,,15.0,21.6,2026-03-11T14:04:00,9.2,2026-03-11T00:03:00,,-99.5,-99.5,-99.5,-99.5,-99.5,-99.5,-99.5,-99.95,,,,,,40,330.0,2026-03-11T14:09:00,2.1,6.3,0,,0,,2,,4,,4,,2,,1,,0,,0,,0,,2,,1,,2,,0,,0,,0,,0,,0,,0,,0,,0,,0,,0,,0,,0,,0,,0,,0,,0,,0,,0,,0,,0,,0,,1,,3,,0,,0,,,350.0,,,3.4,2026-03-11T14:16:00,,,0,,0.0,,5.2,,10.6,,10.7,,3.6,,2.1,,0.0,,0.0,,0.0,,2.3,,0.9,,1.8,,0.0,,0.0,,0.0,,0.0,,0.0,,0.0,,0.0,,0.0,,0.0,,0.0,,0.0,,0.0,,0.0,,0.0,,0.0,,0.0,,0.0,,0.0,,0.0,,0.0,,0.0,,2.1,,8.3,,0.0,,0,
2026-03-12,,,,,,,,,11.0,2026-03-12T00:02:00,,,,-5.7,2026-03-12T21:44:00,,,,,,,,23.62,3.49,2026-03-12T13:00:00,,,,,0.0,2026-03-12T01:00:00,,,,,,,,0.0,-99.5,0.0,,0.0,,64,28.0,2026-03-12T21:21:00,94.0,2026-03-12T07:28:00,,,,,,1022.0,2026-03-12T23:59:00,,,,1016.9,2026-03-12T14:00:00,,,1019.4,,,,,,,,,,,,,955.0,956.7,2026-03-12T23:41:00,953.3,2026-03-12T15:37:00,9.3,-999.5,,,6.7,,,14.2,20.2,2026-03-12T13:15:00,11.0,2026-03-12T04:44:00,,-99.5,-99.5,-99.5,-99.5,-99.5,-99.5,-99.5,-99.95,,,,,,30,10.0,2026-03-12T15:04:00,3.3,13.7,0,,1,,1,,8,,1,,1,,2,,0,,0,,0,,0,,0,,0,,0,,0,,0,,0,,0,,0,,0,,1,,0,,0,,0,,0,,0,,0,,0,,0,,0,,0,,0,,0,,0,,1,,3,,2,,0,,,360.0,,,7.6,2026-03-12T14:44:00,,,0,,3.1,,2.9,,22.5,,3.2,,1.6,,4.5,,0.0,,0.0,,0.0,,0.0,,0.0,,0.0,,0.0,,0.0,,0.0,,0.0,,0.0,,0.0,,0.0,,1.5,,0.0,,0.0,,0.0,,0.0,,0.0,,0.0,,0.0,,0.0,,0.0,,0.0,,0.0,,0.0,,0.0,,2.5,,13.4,,12.6,,0,
2026-03-13,,,,,,,,,8.1,2026-03-13T21:28:00,,,,-3.6,2026-03-13T00:10:00,,,,,,,,23.54,3.42,2026-03-13T13:00:00,,,,,0.0,2026-03-13T01:00:00,,,,,,,,0.0,-99.5,0.0,,0.0,,55,36.0,2026-03-13T00:02:00,79.0,2026-03-13T19:59:00,,,,,,1023.7,2026-03-13T08:00:00,,,,1019.6,2026-03-13T16:00:00,,,1021.9,,,,,,,,,,,,,957.0,958.4,2026-03-13T08:49:00,955.5,2026-03-13T02:41:00,9.6,-999.5,,,3.7,,,12.7,18.7,2026-03-13T12:52:00,7.5,2026-03-13T06:16:00,,-99.5,-99.5,-99.5,-99.5,-99.5,-99.5,-99.5,-99.95,,,,,,40,10.0,2026-03-13T15:10:00,2.6,9.8,0,,1,,3,,3,,4,,2,,2,,0,,0,,0,,0,,3,,1,,0,,0,,0,,0,,0,,0,,0,,0,,0,,0,,0,,0,,0,,0,,0,,0,,0,,0,,0,,0,,0,,3,,2,,0,,0,,,350.0,,,5.2,2026-03-13T15:09:00,,,0,,2.1,,9.0,,9.7,,10.5,,6.8,,4.5,,0.0,,0.0,,0.0,,0.0,,2.6,,0.8,,0.0,,0.0,,0.0,,0.0,,0.0,,0.0,,0.0,,0.0,,0.0,,0.0,,0.0,,0.0,,0.0,,0.0,,0.0,,0.0,,0.0,,0.0,,0.0,,0.0,,0.0,,9.8,,6.6,,0.0,,0,
2026-03-14,,,,,,,,,11.6,2026-03-14T17:09:00,,,,5.2,2026-03-14T04:00:00,,,,,,,,22.5,3.38,2026-03-14T13:00:00,,,,,0.0,2026-03-14T01:00:00,,,,,,,,0.0,-99.5,0.0,,0.0,,65,41.0,2026-03-14T11:42:00,85.0,2026-03-14T20:14:00,,,,,,1024.5,2026-03-14T09:00:00,,,,1020.5,2026-03-14T14:00:00,,,1022.8,,,,,,,,,,,,,958.5,960.5,2026-03-14T09:26:00,956.9,2026-03-14T16:27:00,9.9,-999.5,,,9.1,,,16.0,23.8,2026-03-14T12:54:00,10.8,2026-03-14T01:48:00,,-99.5,-99.5,-99.5,-99.5,-99.5,-99.5,-99.5,-99.95,,,,,,110,310.0,2026-03-14T14:18:00,1.3,6.8,0,,0,,0,,0,,1,,1,,0,,0,,0,,0,,3,,6,,2,,1,,0,,0,,0,,0,,1,,0,,0,,0,,1,,0,,2,,0,,1,,0,,0,,0,,0,,0,,0,,2,,0,,2,,1,,0,,,350.0,,,4.1,2026-03-14T16:04:00,,,0,,0.0,,0.0,,0.0,,1.9,,1.3,,0.0,,0.0,,0.0,,0.0,,0.8,,4.9,,1.1,,0.6,,0.0,,0.0,,0.0,,0.0,,1.0,,0.0,,0.0,,0.0,,2.4,,0.0,,3.9,,0.0,,1.6,,0.0,,0.0,,0.0,,0.0,,0.0,,0.0,,3.2,,0.0,,4.3,,3.8,,0,
2026-03-15,,,,,,,,,13.9,2026-03-15T16:30:00,,,,7.2,2026-03-15T07:12:00,,,,,,,,15.05,3.53,2026-03-15T12:00:00,,,,,0.0,2026-03-15T01:00:00,,,,,,,,0.0,-99.5,0.0,,0.0,,72,44.0,2026-03-15T11:15:00,87.0,2026-03-15T21:26:00,,,,,,1023.8,2026-03-15T08:00:00,,,,1019.7,2026-03-15T14:00:00,,,1021.7,,,,,,,,,,,,,957.6,959.9,2026-03-15T09:23:00,955.6,2026-03-15T18:08:00,7.3,-999.5,,,11.5,,,16.8,23.6,2026-03-15T11:11:00,13.2,2026-03-15T04:30:00,,-99.5,-99.5,-99.5,-99.5,-99.5,-99.5,-99.5,-99.95,,,,,,110,60.0,2026-03-15T16:25:00,1.3,6.4,0,,2,,1,,0,,1,,1,,0,,2,,0,,1,,1,,5,,0,,0,,0,,0,,0,,0,,2,,0,,1,,1,,1,,1,,1,,0,,1,,0,,0,,0,,0,,1,,0,,0,,0,,1,,0,,0,,,340.0,,,2.7,2026-03-15T16:07:00,,,0,,3.4,,2.3,,0.0,,2.0,,1.4,,0.0,,1.2,,0.0,,0.3,,1.0,,4.1,,0.0,,0.0,,0.0,,0.0,,0.0,,0.0,,1.5,,0.0,,1.8,,1.8,,1.4,,1.7,,1.5,,0.0,,1.4,,0.0,,0.0,,0.0,,0.0,,1.0,,0.0,,0.0,,0.0,,2.4,,0.0,,0,
2026-03-16,,,,,,,,,13.8,2026-03-16T01:25:00,,,,9.4,2026-03-16T21:33:00,,,,,,,,9.85,1.35,2026-03-16T13:00:00,,,,,0.0,2026-03-16T01:00:00,,,,,,,,0.0,-99.5,0.0,,0.0,,67,48.0,2026-03-16T12:23:00,89.0,2026-03-16T01:37:00,,,,,,1021.3,2026-03-16T01:00:00,,,,1016.6,2026-03-16T16:00:00,,,1019.4,,,,,,,,,,,,,955.6,957.5,2026-03-16T00:14:00,953.5,2026-03-16T15:23:00,8.1,-999.5,,,11.3,,,17.6,22.0,2026-03-16T13:22:00,13.2,2026-03-16T05:58:00,,-99.5,-99.5,-99.5,-99.5,-99.5,-99.5,-99.5,-99.95,,,,,,110,310.0,2026-03-16T14:31:00,0.8,4.6,0,,0,,0,,0,,1,,0,,1,,0,,0,,2,,1,,4,,2,,0,,1,,0,,0,,0,,2,,0,,0,,0,,2,,0,,2,,1,,1,,0,,1,,1,,0,,0,,2,,0,,0,,0,,0,,0,,,300.0,,,2.1,2026-03-16T14:22:00,,,0,,0.0,,0.0,,0.0,,0.1,,0.0,,1.1,,0.0,,0.0,,0.7,,0.3,,2.0,,1.1,,0.0,,0.6,,0.0,,0.0,,0.0,,1.8,,0.0,,0.0,,0.0,,2.8,,0.0,,1.9,,1.3,,1.1,,0.0,,1.2,,1.6,,0.0,,0.0,,0.4,,0.0,,0.0,,0.0,,0.0,,0,
2026-03-17,,,,,,,,,14.6,2026-03-17T13:36:00,,,,6.8,2026-03-17T08:48:00,,,,,,,,22.31,3.07,2026-03-17T14:00:00,,,,,0.0,2026-03-17T01:00:00,,,,,,,,0.0,-99.5,0.0,,0.0,,57,40.0,2026-03-17T12:58:00,72.0,2026-03-17T01:48:00,,,,,,1019.5,2026-03-17T01:00:00,,,,1015.1,2026-03-17T15:00:00,,,1017.8,,,,,,,,,,,,,954.4,955.8,2026-03-17T00:01:00,952.6,2026-03-17T15:29:00,9.8,-999.5,,,9.6,,,18.5,25.3,2026-03-17T12:58:00,13.4,2026-03-17T06:00:00,,-99.5,-99.5,-99.5,-99.5,-99.5,-99.5,-99.5,-99.95,,,,,,110,80.0,2026-03-17T05:34:00,1.1,6.3,0,,0,,0,,0,,1,,0,,0,,1,,0,,0,,1,,7,,3,,0,,0,,0,,0,,0,,0,,1,,0,,3,,1,,2,,1,,0,,0,,1,,0,,1,,1,,0,,0,,0,,0,,0,,0,,0,,,290.0,,,2.7,2026-03-17T11:35:00,,,0,,0.0,,0.0,,0.0,,0.2,,0.0,,0.0,,0.4,,0.0,,0.0,,1.1,,6.8,,2.0,,0.0,,0.0,,0.0,,0.0,,0.0,,0.0,,0.9,,0.0,,6.2,,0.4,,3.5,,1.4,,0.0,,0.0,,1.0,,0.0,,1.7,,0.5,,0.0,,0.0,,0.0,,0.0,,0.0,,0.0,,0,
2026-03-18,,,,,,,,,15.0,2026-03-18T19:49:00,,,,8.9,2026-03-18T02:03:00,,,,,,,,23.23,3.35,2026-03-18T12:00:00,,,,,0.0,2026-03-18T01:00:00,,,,,,,,0.0,-99.5,0.0,,0.0,,59,37.0,2026-03-18T13:57:00,79.0,2026-03-18T22:32:00,,,,,,1018.0,2026-03-18T01:00:00,,,,1012.4,2026-03-18T15:00:00,,,1016.0,,,,,,,,,,,,,953.1,954.9,2026-03-18T08:42:00,950.9,2026-03-18T14:55:00,9.9,-999.5,,,12.1,,,20.7,28.3,2026-03-18T13:57:00,15.9,2026-03-18T06:04:00,,-99.5,-99.5,-99.5,-99.5,-99.5,-99.5,-99.5,-99.95,,,,,,110,200.0,2026-03-18T09:34:00,1.5,6.2,0,,0,,0,,0,,0,,0,,0,,0,,0,,0,,0,,8,,2,,0,,0,,0,,0,,0,,0,,2,,1,,4,,6,,1,,0,,0,,0,,0,,0,,0,,0,,0,,0,,0,,0,,0,,0,,0,,,210.0,,,3.0,2026-03-18T13:19:00,,,0,,0.0,,0.0,,0.0,,0.0,,0.0,,0.0,,0.0,,0.0,,0.0,,0.0,,7.8,,1.6,,0.0,,0.0,,0.0,,0.0,,0.0,,0.0,,2.7,,1.5,,6.9,,13.3,,1.1,,0.0,,0.0,,0.0,,0.0,,0.0,,0.0,,0.0,,0.0,,0.0,,0.0,,0.0,,0.0,,0.0,,0,
2026-03-19,,,,,,,,,17.0,2026-03-19T12:23:00,,,,11.4,2026-03-19T07:46:00,,,,,,,,19.5,3.21,2026-03-19T12:00:00,,,,,0.0,2026-03-19T01:00:00,,,,,,,,0.0,-99.5,0.0,,0.0,,74,50.0,2026-03-19T10:21:00,98.0,2026-03-19T22:19:00,,,,,,1017.7,2026-03-19T23:00:00,,,,1013.2,2026-03-19T15:00:00,,,1015.6,,,,,,,,,,,,,952.4,954.1,2026-03-19T08:46:00,950.6,2026-03-19T15:19:00,9.9,-999.5,,,14.3,,,19.3,26.1,2026-03-19T10:58:00,15.0,2026-03-19T23:23:00,,-99.5,-99.5,-99.5,-99.5,-99.5,-99.5,-99.5,-99.95,,,,,,60,20.0,2026-03-19T12:43:00,1.5,5.8,0,,0,,3,,1,,1,,0,,3,,0,,1,,1,,3,,2,,0,,0,,1,,0,,0,,0,,0,,0,,0,,1,,1,,0,,0,,0,,1,,0,,0,,0,,0,,1,,1,,1,,1,,0,,0,,0,,,340.0,,,3.2,2026-03-19T13:25:00,,,0,,0.0,,4.5,,2.8,,1.7,,0.0,,5.4,,0.0,,0.9,,0.7,,3.9,,1.8,,0.0,,0.0,,0.5,,0.0,,0.0,,0.0,,0.0,,0.0,,0.0,,1.5,,1.8,,0.0,,0.0,,0.0,,0.3,,0.0,,0.0,,0.0,,0.0,,2.0,,1.4,,2.2,,1.6,,0.0,,0.0,,0,
2026-03-20,,,,,,,,,17.4,2026-03-20T15:42:00,,,,14.0,2026-03-20T01:49:00,,,,,,,,21.7,3.25,2026-03-20T13:00:00,,,,,0.0,2026-03-20T01:00:00,,,,,,,,0.0,-99.5,0.0,,0.0,,84,50.0,2026-03-20T12:30:00,99.0,2026-03-20T02:12:00,,,,,,1019.4,2026-03-20T23:59:00,,,,1013.3,2026-03-20T14:00:00,,,1016.5,,,,,,,,,,,,,953.2,955.5,2026-03-20T23:51:00,951.7,2026-03-20T14:55:00,9.3,-999.5,,,15.4,,,18.5,27.8,2026-03-20T13:03:00,14.3,2026-03-20T05:03:00,,-99.5,-99.5,-99.5,-99.5,-99.5,-99.5,-99.5,-99.95,,,,,,30,310.0,2026-03-20T14:27:00,1.6,5.5,0,,2,,3,,3,,1,,2,,1,,1,,0,,1,,0,,0,,0,,0,,0,,0,,0,,0,,0,,0,,1,,0,,0,,0,,3,,0,,0,,1,,0,,0,,0,,1,,0,,2,,1,,0,,1,,0,,,350.0,,,2.9,2026-03-20T16:27:00,,,0,,3.4,,4.4,,5.5,,1.2,,3.2,,1.7,,0.9,,0.0,,1.0,,0.0,,0.0,,0.0,,0.0,,0.0,,0.0,,0.0,,0.0,,0.0,,0.0,,0.7,,0.0,,0.0,,0.0,,5.2,,0.0,,0.0,,1.3,,0.0,,0.0,,0.0,,1.7,,0.0,,3.7,,1.4,,0.0,,2.8,,0,
2026-03-21,,,,,,,,,16.9,2026-03-21T09:53:00,,,,13.2,2026-03-21T08:29:00,,,,,,,,17.67,2.58,2026-03-21T13:00:00,,,,,0.0,2026-03-21T01:00:00,,,,,,,,0.0,-99.5,0.0,,0.0,,83,59.0,2026-03-21T13:45:00,99.0,2026-03-21T02:07:00,,,,,,1018.9,2026-03-21T01:00:00,,,,1015.5,2026-03-21T15:00:00,,,1017.3,,,,,,,,,,,,,954.0,955.5,2026-03-21T00:01:00,952.7,2026-03-21T15:58:00,10.0,-999.5,,,15.5,,,18.6,24.1,2026-03-21T13:58:00,14.8,2026-03-21T23:51:00,,-99.5,-99.5,-99.5,-99.5,-99.5,-99.5,-99.5,-99.95,,,,,,10,10.0,2026-03-21T02:47:00,1.8,5.6,0,,4,,4,,1,,3,,2,,2,,2,,0,,0,,0,,1,,3,,0,,0,,0,,0,,0,,0,,0,,0,,0,,0,,0,,0,,0,,0,,0,,0,,0,,0,,1,,0,,1,,0,,0,,0,,0,,,20.0,,,3.3,2026-03-21T17:45:00,,,0,,9.3,,8.3,,2.9,,7.4,,3.2,,3.1,,2.5,,0.0,,0.0,,0.0,,0.9,,2.4,,0.0,,0.0,,0.0,,0.0,,0.0,,0.0,,0.0,,0.0,,0.0,,0.0,,0.0,,0.0,,0.0,,0.0,,0.0,,0.0,,0.0,,0.0,,1.8,,0.0,,1.9,,0.0,,0.0,,0.0,,0,
2026-03-22,,,,,,,,,17.9,2026-03-22T17:25:00,,,,14.0,2026-03-22T03:54:00,,,,,,,,22.74,3.23,2026-03-22T13:00:00,,,,,0.0,2026-03-22T01:00:00,,,,,,,,0.0,-99.5,0.0,,0.0,,79,47.0,2026-03-22T15:04:00,99.0,2026-03-22T00:25:00,,,,,,1017.6,2026-03-22T07:00:00,,,,1013.0,2026-03-22T15:00:00,,,1016.0,,,,,,,,,,,,,953.0,954.1,2026-03-22T09:29:00,951.6,2026-03-22T15:25:00,10.0,-999.5,,,15.7,,,20.0,27.9,2026-03-22T13:09:00,14.2,2026-03-22T03:54:00,,-99.5,-99.5,-99.5,-99.5,-99.5,-99.5,-99.5,-99.95,,,,,,70,360.0,2026-03-22T05:22:00,1.2,4.9,0,,0,,1,,0,,1,,1,,0,,3,,1,,0,,2,,3,,1,,0,,0,,0,,0,,0,,0,,0,,2,,1,,3,,2,,1,,0,,1,,1,,0,,0,,0,,0,,0,,0,,0,,0,,0,,0,,,20.0,,,3.0,2026-03-22T05:27:00,,,0,,0.0,,1.6,,0.0,,2.3,,2.5,,0.0,,3.9,,0.3,,0.0,,0.9,,1.8,,0.6,,0.0,,0.0,,0.0,,0.0,,0.0,,0.0,,0.0,,2.3,,1.0,,3.8,,2.6,,0.9,,0.0,,1.5,,1.8,,0.0,,0.0,,0.0,,0.0,,0.0,,0.0,,0.0,,0.0,,0.0,,0,
2026-03-23,,,,,,,,,19.0,2026-03-23T15:08:00,,,,12.7,2026-03-23T08:11:00,,,,,,,,19.98,3.18,2026-03-23T12:00:00,,,,,0.0,2026-03-23T01:00:00,,,,,,,,0.0,-99.5,0.0,,0.0,,74,50.0,2026-03-23T12:52:00,93.0,2026-03-23T19:07:00,,,,,,1016.6,2026-03-23T01:00:00,,,,1012.4,2026-03-23T15:00:00,,,1014.9,,,,,,,,,,,,,952.2,953.8,2026-03-23T00:01:00,950.7,2026-03-23T14:43:00,9.7,-999.5,,,16.3,,,21.5,28.7,2026-03-23T12:52:00,17.1,2026-03-23T05:02:00,,-99.5,-99.5,-99.5,-99.5,-99.5,-99.5,-99.5,-99.95,,,,,,100,310.0,2026-03-23T11:29:00,1.0,5.6,0,,0,,1,,0,,0,,1,,0,,0,,0,,0,,6,,2,,4,,0,,0,,0,,0,,0,,2,,0,,0,,1,,1,,4,,0,,0,,0,,0,,0,,0,,0,,0,,0,,1,,1,,0,,0,,0,,,350.0,,,2.4,2026-03-23T16:58:00,,,0,,0.0,,1.9,,0.0,,0.0,,1.4,,0.0,,0.0,,0.0,,0.0,,2.7,,1.2,,2.1,,0.0,,0.0,,0.0,,0.0,,0.0,,1.5,,0.0,,0.0,,1.4,,2.0,,6.5,,0.0,,0.0,,0.0,,0.0,,0.0,,0.0,,0.0,,0.0,,0.0,,1.5,,2.3,,0.0,,0.0,,0,
2026-03-24,,,,,,,,,19.0,2026-03-24T13:08:00,,,,13.8,2026-03-24T06:10:00,,,,,,,,12.32,2.39,2026-03-24T10:00:00,,,,,0.0,2026-03-24T01:00:00,,,,,,,,0.0,-99.5,0.0,,0.0,,83,59.0,2026-03-24T10:40:00,96.0,2026-03-24T00:59:00,,,,,,1015.8,2026-03-24T01:00:00,,,,1011.4,2026-03-24T17:00:00,,,1013.5,,,,,,,,,,,,,950.7,952.5,2026-03-24T00:01:00,948.8,2026-03-24T16:51:00,8.1,-999.5,,,17.2,,,20.2,26.3,2026-03-24T10:37:00,17.2,2026-03-24T01:57:00,,-99.5,-99.5,-99.5,-99.5,-99.5,-99.5,-99.5,-99.95,,,,,,190,320.0,2026-03-24T13:04:00,0.9,5.3,0,,1,,1,,0,,1,,0,,0,,0,,0,,0,,0,,2,,2,,0,,0,,1,,0,,0,,1,,3,,0,,2,,2,,2,,2,,1,,0,,2,,1,,0,,0,,0,,0,,0,,0,,0,,0,,0,,,310.0,,,2.2,2026-03-24T13:29:00,,,0,,1.0,,1.1,,0.0,,0.2,,0.0,,0.0,,0.0,,0.0,,0.0,,0.0,,2.4,,1.6,,0.0,,0.0,,0.5,,0.0,,0.0,,1.0,,2.0,,0.0,,1.5,,2.7,,2.0,,1.2,,0.8,,0.0,,2.9,,1.3,,0.0,,0.0,,0.0,,0.0,,0.0,,0.0,,0.0,,0.0,,0,
2026-03-25,,,,,,,,,19.1,2026-03-25T11:22:00,,,,14.7,2026-03-25T23:07:00,,,,,,,,23.12,3.33,2026-03-25T13:00:00,,,,,0.0,2026-03-25T01:00:00,,,,,,,,0.0,-99.5,0.0,,0.0,,74,52.0,2026-03-25T14:44:00,91.0,2026-03-25T02:56:00,,,,,,1014.5,2026-03-25T06:00:00,,,,1010.7,2026-03-25T15:00:00,,,1013.0,,,,,,,,,,,,,950.6,951.8,2026-03-25T09:54:00,949.4,2026-03-25T14:48:00,10.1,-999.5,,,17.1,,,22.1,28.6,2026-03-25T11:26:00,18.2,2026-03-25T06:11:00,,-99.5,-99.5,-99.5,-99.5,-99.5,-99.5,-99.5,-99.95,,,,,,60,10.0,2026-03-25T12:40:00,1.8,7.5,0,,0,,3,,0,,3,,2,,5,,0,,0,,0,,1,,1,,0,,0,,0,,0,,0,,0,,0,,0,,0,,0,,1,,0,,0,,0,,0,,1,,0,,0,,0,,0,,1,,0,,3,,1,,1,,0,,,350.0,,,4.3,2026-03-25T12:18:00,,,0,,0.0,,3.8,,0.0,,6.1,,2.9,,7.1,,0.0,,0.0,,0.0,,0.6,,0.6,,0.0,,0.0,,0.0,,0.0,,0.0,,0.0,,0.0,,0.0,,0.0,,0.0,,0.2,,0.0,,0.0,,0.0,,0.0,,2.0,,0.0,,0.0,,0.0,,0.0,,1.8,,0.0,,8.7,,3.0,,2.5,,0,
2026-03-26,,,,,,,,,18.8,2026-03-26T11:00:00,,,,13.6,2026-03-26T03:11:00,,,,,,,,15.51,3.17,2026-03-26T13:00:00,,,,,1.0,2026-03-26T20:00:00,,,,,,,,1.0,-99.5,1.0,2026-03-26T19:21:00,1.0,2026-03-26T18:31:00,75,48.0,2026-03-26T13:38:00,97.0,2026-03-26T23:13:00,,,,,,1014.6,2026-03-26T23:00:00,,,,1009.9,2026-03-26T13:00:00,,,1012.9,,,,,,,,,,,,,950.4,951.6,2026-03-26T21:09:00,948.4,2026-03-26T13:45:00,7.6,-999.5,,,16.5,,,21.3,29.4,2026-03-26T13:37:00,18.1,2026-03-26T02:47:00,,-99.5,-99.5,-99.5,-99.5,-99.5,-99.5,-99.5,-99.95,,,,,,210,200.0,2026-03-26T12:18:00,1.4,9.2,0,,0,,0,,1,,0,,0,,1,,1,,0,,1,,2,,1,,2,,0,,1,,0,,0,,0,,0,,0,,3,,3,,1,,3,,0,,0,,1,,0,,1,,0,,1,,0,,0,,1,,0,,0,,0,,0,,,210.0,,,4.3,2026-03-26T12:22:00,,,0,,0.0,,0.0,,2.5,,0.0,,0.0,,0.3,,0.9,,0.0,,1.5,,1.4,,0.8,,1.7,,0.0,,0.6,,0.0,,0.0,,0.0,,0.0,,0.0,,3.5,,8.9,,3.4,,2.4,,0.0,,0.0,,2.5,,0.0,,0.9,,0.0,,2.0,,0.0,,0.0,,1.1,,0.0,,0.0,,0.0,,0,
2026-03-27,,,,,,,,,19.4,2026-03-27T08:57:00,,,,16.9,2026-03-27T23:51:00,,,,,,,,11.3,2.07,2026-03-27T15:00:00,,,,,0.5,2026-03-27T06:00:00,,,,,,,,0.5,-99.5,0.5,2026-03-27T05:30:00,0.5,2026-03-27T04:40:00,90,61.0,2026-03-27T14:32:00,99.0,2026-03-27T04:38:00,,,,,,1014.6,2026-03-27T10:00:00,,,,1009.6,2026-03-27T16:00:00,,,1012.7,,,,,,,,,,,,,949.9,951.9,2026-03-27T09:55:00,947.9,2026-03-27T16:19:00,8.9,-999.5,,,18.1,,,20.0,26.6,2026-03-27T15:06:00,17.1,2026-03-27T23:51:00,,-99.5,-99.5,-99.5,-99.5,-99.5,-99.5,-99.5,-99.95,,,,,,30,30.0,2026-03-27T18:06:00,1.2,5.4,0,,0,,0,,3,,2,,0,,3,,0,,0,,0,,0,,1,,0,,0,,0,,0,,0,,0,,1,,1,,2,,0,,0,,0,,1,,0,,1,,3,,0,,1,,1,,0,,3,,0,,1,,0,,0,,0,,,30.0,,,2.8,2026-03-27T17:56:00,,,0,,0.0,,0.0,,7.6,,2.7,,0.0,,4.5,,0.0,,0.0,,0.0,,0.0,,0.7,,0.0,,0.0,,0.0,,0.0,,0.0,,0.0,,0.6,,0.6,,2.3,,0.0,,0.0,,0.0,,0.8,,0.0,,1.4,,3.4,,0.0,,1.1,,1.2,,0.0,,2.4,,0.0,,0.6,,0.0,,0.0,,0,
2026-03-28,,,,,,,,,19.2,2026-03-28T12:48:00,,,,14.8,2026-03-28T04:19:00,,,,,,,,13.64,2.85,2026-03-28T13:00:00,,,,,0.0,2026-03-28T01:00:00,,,,,,,,0.0,-99.5,0.0,,0.0,,85,58.0,2026-03-28T12:38:00,99.0,2026-03-28T00:01:00,,,,,,1015.0,2026-03-28T08:00:00,,,,1009.6,2026-03-28T15:00:00,,,1012.6,,,,,,,,,,,,,949.9,951.8,2026-03-28T09:48:00,948.1,2026-03-28T15:12:00,8.0,-999.5,,,17.7,,,20.6,27.6,2026-03-28T12:38:00,16.8,2026-03-28T02:35:00,,-99.5,-99.5,-99.5,-99.5,-99.5,-99.5,-99.5,-99.95,,,,,,30,60.0,2026-03-28T08:05:00,1.2,4.8,0,,1,,1,,6,,1,,0,,1,,1,,1,,1,,0,,1,,0,,0,,0,,0,,1,,0,,0,,0,,0,,2,,1,,2,,1,,0,,1,,0,,0,,0,,0,,1,,0,,0,,0,,1,,0,,0,,,20.0,,,2.8,2026-03-28T07:56:00,,,0,,1.2,,0.5,,9.5,,1.7,,0.0,,1.8,,0.4,,1.0,,0.4,,0.0,,0.7,,0.0,,0.0,,0.0,,0.0,,0.6,,0.0,,0.0,,0.0,,0.0,,2.4,,1.0,,3.3,,1.2,,0.0,,1.3,,0.0,,0.0,,0.0,,0.0,,1.0,,0.0,,0.0,,0.0,,1.8,,0.0,,0,
2026-03-29,,,,,,,,,20.7,2026-03-29T10:35:00,,,,17.6,2026-03-29T21:59:00,,,,,,,,15.34,2.49,2026-03-29T13:00:00,,,,,1.5,2026-03-29T06:00:00,,,,,,,,2.0,-99.5,1.0,2026-03-29T05:50:00,2.0,2026-03-29T05:06:00,87,57.0,2026-03-29T12:15:00,99.0,2026-03-29T08:52:00,,,,,,1014.2,2026-03-29T09:00:00,,,,1009.4,2026-03-29T16:00:00,,,1012.2,,,,,,,,,,,,,949.6,951.4,2026-03-29T09:12:00,947.6,2026-03-29T15:48:00,8.2,-999.5,,,18.6,,,21.0,27.4,2026-03-29T12:14:00,18.6,2026-03-29T04:50:00,,-99.5,-99.5,-99.5,-99.5,-99.5,-99.5,-99.5,-99.95,,,,,,220,320.0,2026-03-29T14:17:00,1.1,5.3,0,,0,,1,,0,,2,,0,,0,,0,,0,,2,,0,,1,,0,,1,,0,,0,,1,,0,,1,,0,,1,,3,,3,,0,,1,,1,,0,,2,,2,,0,,1,,0,,0,,0,,1,,0,,0,,0,,,210.0,,,2.4,2026-03-29T11:05:00,,,0,,0.0,,0.3,,0.0,,1.9,,0.0,,0.0,,0.0,,0.0,,1.7,,0.0,,0.4,,0.0,,0.4,,0.0,,0.0,,0.4,,0.0,,0.9,,0.0,,0.6,,4.9,,5.2,,0.0,,1.5,,1.0,,0.0,,2.5,,1.6,,0.0,,1.6,,0.0,,0.0,,0.0,,0.5,,0.0,,0.0,,0,
2026-03-30,,,,,,,,,20.5,2026-03-30T16:17:00,,,,13.2,2026-03-30T23:56:00,,,,,,,,19.84,3.2,2026-03-30T12:00:00,,,,,0.0,2026-03-30T01:00:00,,,,,,,,0.0,-99.5,0.0,,0.0,,72,51.0,2026-03-30T12:06:00,96.0,2026-03-30T00:43:00,,,,,,1014.5,2026-03-30T01:00:00,,,,1009.7,2026-03-30T05:00:00,,,1011.6,,,,,,,,,,,,,949.4,951.4,2026-03-30T00:37:00,947.0,2026-03-30T03:40:00,8.7,-999.5,,,17.2,,,22.7,29.6,2026-03-30T12:56:00,18.2,2026-03-30T05:50:00,,-99.5,-99.5,-99.5,-99.5,-99.5,-99.5,-99.5,-99.95,,,,,,210,200.0,2026-03-30T12:37:00,2.0,9.1,0,,0,,0,,0,,1,,0,,0,,0,,0,,0,,3,,5,,3,,0,,0,,0,,0,,0,,0,,1,,1,,6,,3,,1,,0,,0,,0,,0,,0,,0,,0,,0,,0,,0,,0,,0,,0,,0,,,220.0,,,4.7,2026-03-30T16:02:00,,,0,,0.0,,0.0,,0.0,,1.7,,0.0,,0.0,,0.0,,0.0,,0.0,,5.5,,6.1,,2.6,,0.0,,0.0,,0.0,,0.0,,0.0,,0.0,,0.8,,0.7,,17.2,,12.2,,1.7,,0.0,,0.0,,0.0,,0.0,,0.0,,0.0,,0.0,,0.0,,0.0,,0.0,,0.0,,0.0,,0.0,,0,
2026-03-31,,,,,,,,,21.2,2026-03-31T15:01:00,,,,9.6,2026-03-31T14:11:00,,,,,,,,20.2,3.36,2026-03-31T13:00:00,,,,,0.0,2026-03-31T01:00:00,,,,,,,,0.0,-99.5,0.0,,0.0,,69,25.0,2026-03-31T13:54:00,92.0,2026-03-31T22:47:00,,,,,,1013.7,2026-03-31T23:59:00,,,,1007.7,2026-03-31T14:00:00,,,1011.4,,,,,,,,,,,,,949.4,951.5,2026-03-31T23:33:00,947.3,2026-03-31T15:06:00,8.9,-999.5,,,16.6,,,23.5,33.0,2026-03-31T13:21:00,19.8,2026-03-31T04:43:00,,-99.5,-99.5,-99.5,-99.5,-99.5,-99.5,-99.5,-99.95,,,,,,220,310.0,2026-03-31T14:36:00,1.8,7.0,0,,0,,0,,0,,0,,0,,0,,0,,0,,1,,0,,2,,2,,0,,0,,1,,0,,1,,1,,1,,2,,4,,6,,0,,1,,0,,0,,0,,0,,0,,2,,0,,0,,0,,0,,0,,0,,0,,,220.0,,,4.0,2026-03-31T12:38:00,,,0,,0.0,,0.0,,0.0,,0.0,,0.0,,0.0,,0.0,,0.0,,0.6,,0.0,,2.1,,1.3,,0.0,,0.0,,0.7,,0.0,,1.0,,1.6,,1.1,,3.4,,10.5,,13.6,,0.0,,1.3,,0.0,,0.0,,0.0,,0.0,,0.0,,5.3,,0.0,,0.0,,0.0,,0.0,,0.0,,0.0,,0,
2026-04-01,,,,,,,,,19.7,2026-04-01T00:01:00,,,,11.2,2026-04-01T03:55:00,,,,,,,,6.18,1.17,2026-04-01T12:00:00,,,,,0.5,2026-04-01T10:00:00,,,,,,,,1.5,-99.5,0.5,2026-04-01T09:12:00,1.0,2026-04-01T09:01:00,82,44.0,2026-04-01T04:16:00,99.0,2026-04-01T20:07:00,,,,,,1016.2,2026-04-01T23:59:00,,,,1010.6,2026-04-01T04:00:00,,,1013.7,,,,,,,,,,,,,950.9,952.7,2026-04-01T22:31:00,948.6,2026-04-01T03:40:00,5.5,-999.5,,,16.4,,,20.1,24.5,2026-04-01T04:38:00,16.8,2026-04-01T20:09:00,,-99.5,-99.5,-99.5,-99.5,-99.5,-99.5,-99.5,-99.95,,,,,,20,210.0,2026-04-01T07:32:00,1.9,10.0,0,,1,,4,,3,,4,,1,,1,,0,,0,,0,,1,,0,,0,,0,,0,,0,,0,,0,,1,,1,,0,,1,,4,,1,,0,,0,,0,,0,,0,,0,,0,,0,,0,,0,,0,,0,,0,,0,,,210.0,,,4.0,2026-04-01T07:38:00,,,0,,0.8,,10.0,,6.0,,7.2,,2.1,,0.6,,0.0,,0.0,,0.0,,1.5,,0.0,,0.0,,0.0,,0.0,,0.0,,0.0,,0.0,,1.2,,1.9,,0.0,,2.9,,8.2,,1.5,,0.0,,0.0,,0.0,,0.0,,0.0,,0.0,,0.0,,0.0,,0.0,,0.0,,0.0,,0.0,,0.0,,0,
2026-04-02,,,,,,,,,18.6,2026-04-02T22:04:00,,,,9.0,2026-04-02T06:11:00,,,,,,,,22.51,3.45,2026-04-02T13:00:00,,,,,12.0,2026-04-02T23:00:00,,,,,,,,22.0,-99.5,6.0,2026-04-02T23:36:00,12.0,2026-04-02T22:00:00,67,40.0,2026-04-02T08:23:00,99.0,2026-04-02T23:03:00,,,,,,1016.0,2026-04-02T01:00:00,,,,1010.7,2026-04-02T15:00:00,,,1014.3,,,,,,,,,,,,,951.7,953.8,2026-04-02T09:03:00,949.5,2026-04-02T15:21:00,9.1,-999.5,,,14.8,,,21.7,30.1,2026-04-02T12:43:00,15.5,2026-04-02T04:33:00,,-99.5,-99.5,-99.5,-99.5,-99.5,-99.5,-99.5,-99.95,,,,,,300,210.0,2026-04-02T14:49:00,1.2,5.3,0,,0,,1,,0,,0,,2,,2,,0,,1,,0,,0,,1,,1,,0,,1,,0,,0,,0,,0,,0,,1,,0,,3,,2,,1,,0,,0,,2,,1,,0,,3,,1,,0,,0,,0,,1,,0,,0,,,50.0,,,2.6,2026-04-02T23:59:00,,,0,,0.0,,1.5,,0.0,,0.0,,3.4,,2.0,,0.0,,1.6,,0.0,,0.0,,0.9,,0.8,,0.0,,0.4,,0.0,,0.0,,0.0,,0.0,,0.0,,0.7,,0.0,,3.0,,2.9,,2.1,,0.0,,0.0,,2.0,,0.5,,0.0,,3.9,,1.3,,0.0,,0.0,,0.0,,0.9,,0.0,,0,
2026-04-03,,,,,,,,,20.6,2026-04-03T12:25:00,,,,15.8,2026-04-03T22:18:00,,,,,,,,8.65,1.95,2026-04-03T13:00:00,,,,,6.5,2026-04-03T01:00:00,,,,,,,,11.5,-99.5,3.0,2026-04-03T00:22:00,6.5,2026-04-03T23:59:00,85,61.0,2026-04-03T22:18:00,99.0,2026-04-03T00:01:00,,,,,,1014.8,2026-04-03T01:00:00,,,,1006.4,2026-04-03T15:00:00,,,1010.2,,,,,,,,,,,,,947.9,952.2,2026-04-03T00:10:00,944.7,2026-04-03T15:51:00,7.3,-999.5,,,18.5,,,21.3,25.4,2026-04-03T15:06:00,17.0,2026-04-03T00:34:00,,-99.5,-99.5,-99.5,-99.5,-99.5,-99.5,-99.5,-99.95,,,,,,220,210.0,2026-04-03T22:07:00,2.4,9.9,0,,0,,0,,0,,0,,0,,0,,0,,1,,1,,0,,1,,1,,0,,0,,1,,0,,0,,0,,0,,2,,6,,9,,2,,0,,0,,0,,0,,0,,0,,0,,0,,0,,0,,0,,0,,0,,0,,,210.0,,,5.4,2026-04-03T14:33:00,,,0,,0.0,,0.0,,0.0,,0.0,,0.0,,0.0,,0.0,,2.5,,1.2,,0.0,,1.0,,0.9,,0.0,,0.0,,0.6,,0.0,,0.0,,0.0,,0.0,,2.6,,20.8,,24.0,,4.9,,0.0,,0.0,,0.0,,0.0,,0.0,,0.0,,0.0,,0.0,,0.0,,0.0,,0.0,,0.0,,0.0,,0,
2026-04-04,,,,,,,,,18.9,2026-04-04T07:51:00,,,,15.7,2026-04-04T00:41:00,,,,,,,,2.13,0.56,2026-04-04T16:00:00,,,,,76.5,2026-04-04T09:00:00,,,,,,,,217.0,-99.5,23.5,2026-04-04T08:08:00,76.5,2026-04-04T08:00:00,94,63.0,2026-04-04T00:41:00,99.0,2026-04-04T02:08:00,,,,,,1011.0,2026-04-04T21:00:00,,,,1006.6,2026-04-04T06:00:00,,,1009.0,,,,,,,,,,,,,946.2,948.0,2026-04-04T20:13:00,944.2,2026-04-04T06:25:00,1.9,-999.5,,,17.7,,,18.9,23.3,2026-04-04T00:56:00,17.1,2026-04-04T08:51:00,,-99.5,-99.5,-99.5,-99.5,-99.5,-99.5,-99.5,-99.95,,,,,,220,,,2.3,-99.5,0,,0,,0,,1,,1,,0,,1,,0,,0,,0,,0,,2,,1,,1,,0,,1,,1,,0,,0,,0,,1,,3,,8,,1,,0,,1,,0,,0,,0,,0,,0,,0,,0,,0,,0,,1,,0,,0,,,10.0,,,5.8,2026-04-04T08:19:00,,,0,,0.0,,0.0,,3.5,,1.1,,0.0,,2.1,,0.0,,0.0,,0.0,,0.0,,3.6,,1.5,,1.4,,0.0,,1.1,,0.9,,0.0,,0.0,,0.0,,0.9,,5.8,,27.2,,1.5,,0.0,,2.2,,0.0,,0.0,,0.0,,0.0,,0.0,,0.0,,0.0,,0.0,,0.0,,1.3,,0.0,,0,
2026-04-05,,,,,,,,,21.3,2026-04-05T16:05:00,,,,15.6,2026-04-05T01:23:00,,,,,,,,20.86,3.43,2026-04-05T12:00:00,,,,,10.5,2026-04-05T20:00:00,,,,,,,,16.0,-99.5,11.0,2026-04-05T19:53:00,16.0,2026-04-05T19:31:00,83,65.0,2026-04-05T10:50:00,99.0,2026-04-05T20:04:00,,,,,,1012.2,2026-04-05T21:00:00,,,,1007.8,2026-04-05T15:00:00,,,1010.4,,,,,,,,,,,,,948.2,949.7,2026-04-05T21:35:00,946.6,2026-04-05T14:54:00,10.2,-999.5,,,18.9,,,22.0,27.0,2026-04-05T14:42:00,18.0,2026-04-05T03:38:00,,-99.5,-99.5,-99.5,-99.5,-99.5,-99.5,-99.5,-99.95,,,,,,220,190.0,2026-04-05T10:53:00,1.7,8.6,0,,0,,0,,0,,0,,0,,0,,0,,0,,1,,1,,1,,1,,1,,2,,0,,1,,0,,0,,0,,0,,4,,10,,1,,0,,0,,0,,1,,0,,0,,0,,0,,0,,0,,0,,0,,0,,0,,,210.0,,,4.6,2026-04-05T10:09:00,,,0,,0.0,,0.0,,0.0,,0.0,,0.0,,0.0,,0.0,,0.0,,0.8,,0.8,,0.7,,0.6,,0.8,,1.1,,0.0,,1.2,,0.0,,0.0,,0.0,,0.0,,10.6,,21.6,,1.4,,0.0,,0.0,,0.0,,1.4,,0.0,,0.0,,0.0,,0.0,,0.0,,0.0,,0.0,,0.0,,0.0,,0,
2026-04-06,,,,,,,,,20.5,2026-04-06T00:01:00,,,,15.4,2026-04-06T21:46:00,,,,,,,,3.47,1.12,2026-04-06T15:00:00,,,,,5.5,2026-04-06T08:00:00,,,,,,,,26.5,-99.5,2.5,2026-04-06T06:22:00,10.0,2026-04-06T07:26:00,85,59.0,2026-04-06T21:46:00,99.0,2026-04-06T01:57:00,,,,,,1012.8,2026-04-06T10:00:00,,,,1008.5,2026-04-06T16:00:00,,,1010.4,,,,,,,,,,,,,948.0,950.2,2026-04-06T09:17:00,946.2,2026-04-06T16:18:00,2.5,-999.5,,,18.5,,,21.2,24.0,2026-04-06T20:37:00,18.9,2026-04-06T06:54:00,,-99.5,-99.5,-99.5,-99.5,-99.5,-99.5,-99.5,-99.95,,,,,,220,210.0,2026-04-06T17:59:00,2.5,11.4,0,,0,,0,,0,,0,,0,,0,,0,,0,,0,,0,,1,,0,,0,,0,,0,,1,,0,,1,,1,,1,,5,,11,,2,,0,,0,,1,,0,,0,,0,,0,,0,,0,,0,,0,,0,,0,,0,,,210.0,,,6.0,2026-04-06T17:59:00,,,0,,0.0,,0.0,,0.0,,0.0,,0.0,,0.0,,0.0,,0.0,,0.0,,0.0,,0.9,,0.0,,0.0,,0.0,,0.0,,0.7,,0.0,,1.1,,1.2,,1.3,,12.8,,33.8,,6.7,,0.0,,0.0,,1.6,,0.0,,0.0,,0.0,,0.0,,0.0,,0.0,,0.0,,0.0,,0.0,,0.0,,0,
2026-04-07,,,,,,,,,20.3,2026-04-07T13:19:00,,,,16.0,2026-04-07T00:29:00,,,,,,,,2.48,0.59,2026-04-07T09:00:00,,,,,4.5,2026-04-07T15:00:00,,,,,,,,11.5,-99.5,2.0,2026-04-07T14:29:00,5.5,2026-04-07T13:42:00,86,62.0,2026-04-07T00:36:00,99.0,2026-04-07T19:07:00,,,,,,1014.6,2026-04-07T21:00:00,,,,1009.8,2026-04-07T03:00:00,,,1011.9,,,,,,,,,,,,,949.3,951.3,2026-04-07T20:55:00,947.6,2026-04-07T02:23:00,1.0,-999.5,,,18.1,,,20.7,24.0,2026-04-07T09:01:00,17.7,2026-04-07T21:03:00,,-99.5,-99.5,-99.5,-99.5,-99.5,-99.5,-99.5,-99.95,,,,,,220,210.0,2026-04-07T00:37:00,2.1,9.1,0,,0,,0,,1,,3,,1,,2,,0,,0,,0,,1,,1,,0,,1,,1,,0,,0,,0,,1,,0,,1,,0,,9,,0,,0,,0,,0,,0,,0,,0,,1,,1,,0,,0,,0,,0,,0,,0,,,220.0,,,4.9,2026-04-07T03:38:00,,,0,,0.0,,0.0,,2.0,,4.6,,3.6,,3.2,,0.0,,0.0,,0.0,,1.1,,1.3,,0.0,,0.9,,0.8,,0.0,,0.0,,0.0,,0.9,,0.0,,1.1,,0.0,,28.3,,0.0,,0.0,,0.0,,0.0,,0.0,,0.0,,0.0,,1.2,,1.0,,0.0,,0.0,,0.0,,0.0,,0.0,,0,
2026-04-08,,,,,,,,,23.3,2026-04-08T14:14:00,,,,18.3,2026-04-08T00:11:00,,,,,,,,9.15,1.87,2026-04-08T15:00:00,,,,,8.5,2026-04-08T07:00:00,,,,,,,,11.5,-99.5,5.5,2026-04-08T06:29:00,8.5,2026-04-08T05:47:00,96,81.0,2026-04-08T14:24:00,99.0,2026-04-08T00:28:00,,,,,,1015.8,2026-04-08T11:00:00,,,,1011.8,2026-04-08T15:00:00,,,1013.9,,,,,,,,,,,,,951.3,953.1,2026-04-08T10:44:00,950.0,2026-04-08T03:45:00,6.3,-999.5,,,20.7,,,21.4,26.3,2026-04-08T14:22:00,18.6,2026-04-08T00:11:00,,-99.5,-99.5,-99.5,-99.5,-99.5,-99.5,-99.5,-99.95,,,,,,210,220.0,2026-04-08T15:03:00,0.9,4.8,0,,0,,0,,1,,0,,0,,0,,2,,1,,0,,1,,1,,0,,0,,1,,0,,0,,0,,0,,0,,0,,5,,5,,1,,0,,0,,0,,0,,0,,0,,1,,0,,1,,1,,1,,1,,0,,0,,,210.0,,,2.8,2026-04-08T14:37:00,,,0,,0.0,,0.0,,1.0,,0.0,,0.0,,0.0,,1.3,,0.5,,0.0,,0.5,,0.5,,0.0,,0.0,,0.3,,0.0,,0.0,,0.0,,0.0,,0.0,,0.0,,6.7,,5.6,,1.0,,0.0,,0.0,,0.0,,0.0,,0.0,,0.0,,0.8,,0.0,,1.1,,0.5,,0.8,,1.4,,0.0,,0,
2026-04-09,,,,,,,,,22.3,2026-04-09T10:04:00,,,,19.1,2026-04-09T07:13:00,,,,,,,,16.97,2.82,2026-04-09T14:00:00,,,,,0.0,2026-04-09T01:00:00,,,,,,,,0.0,-99.5,0.0,,0.0,,89,72.0,2026-04-09T14:13:00,99.0,2026-04-09T03:34:00,,,,,,1014.1,2026-04-09T09:00:00,,,,1009.0,2026-04-09T16:00:00,,,1011.8,,,,,,,,,,,,,949.7,952.1,2026-04-09T00:01:00,947.4,2026-04-09T17:55:00,10.2,-999.5,,,21.1,,,23.1,27.0,2026-04-09T14:25:00,20.1,2026-04-09T03:53:00,,-99.5,-99.5,-99.5,-99.5,-99.5,-99.5,-99.5,-99.95,,,,,,220,200.0,2026-04-09T15:02:00,2.3,11.9,0,,0,,0,,0,,1,,0,,0,,1,,0,,1,,2,,0,,0,,1,,0,,0,,1,,0,,1,,0,,1,,7,,8,,0,,0,,0,,0,,0,,0,,0,,0,,0,,0,,0,,0,,0,,0,,0,,,220.0,,,5.5,2026-04-09T15:08:00,,,0,,0.0,,0.0,,0.0,,0.3,,0.0,,0.0,,0.3,,0.0,,0.5,,2.4,,0.0,,0.0,,0.7,,0.0,,0.0,,0.6,,0.0,,0.4,,0.0,,0.9,,23.7,,26.0,,0.0,,0.0,,0.0,,0.0,,0.0,,0.0,,0.0,,0.0,,0.0,,0.0,,0.0,,0.0,,0.0,,0.0,,0,
2026-04-10,,,,,,,,,20.7,2026-04-10T00:27:00,,,,10.2,2026-04-10T06:42:00,,,,,,,,23.67,3.32,2026-04-10T13:00:00,,,,,0.0,2026-04-10T01:00:00,,,,,,,,0.0,-99.5,0.0,,0.0,,68,38.0,2026-04-10T10:57:00,98.0,2026-04-10T00:26:00,,,,,,1012.9,2026-04-10T23:00:00,,,,1008.8,2026-04-10T16:00:00,,,1011.2,,,,,,,,,,,,,949.3,950.8,2026-04-10T08:34:00,947.6,2026-04-10T17:31:00,10.4,-999.5,,,17.1,,,24.0,30.4,2026-04-10T11:11:00,19.0,2026-04-10T04:39:00,,-99.5,-99.5,-99.5,-99.5,-99.5,-99.5,-99.5,-99.95,,,,,,220,210.0,2026-04-10T16:26:00,2.2,7.8,0,,0,,0,,0,,0,,0,,0,,0,,0,,0,,1,,0,,2,,0,,0,,1,,0,,0,,1,,2,,2,,7,,8,,0,,0,,0,,0,,0,,0,,0,,0,,0,,0,,0,,0,,0,,0,,0,,,220.0,,,4.5,2026-04-10T13:13:00,,,0,,0.0,,0.0,,0.0,,0.0,,0.0,,0.0,,0.0,,0.0,,0.0,,1.2,,0.0,,2.0,,0.0,,0.0,,0.9,,0.0,,0.0,,1.4,,2.0,,3.8,,16.6,,25.8,,0.0,,0.0,,0.0,,0.0,,0.0,,0.0,,0.0,,0.0,,0.0,,0.0,,0.0,,0.0,,0.0,,0.0,,0,
2026-04-11,,,,,,,,,22.1,2026-04-11T16:04:00,,,,14.2,2026-04-11T04:18:00,,,,,,,,22.13,3.03,2026-04-11T11:00:00,,,,,0.0,2026-04-11T01:00:00,,,,,,,,0.0,-99.5,0.0,,0.0,,71,43.0,2026-04-11T12:56:00,94.0,2026-04-11T23:04:00,,,,,,1012.4,2026-04-11T08:00:00,,,,1008.8,2026-04-11T15:00:00,,,1011.0,,,,,,,,,,,,,949.2,950.6,2026-04-11T09:12:00,947.7,2026-04-11T16:07:00,10.0,-999.5,,,18.2,,,24.2,30.1,2026-04-11T11:37:00,20.4,2026-04-11T05:44:00,,-99.5,-99.5,-99.5,-99.5,-99.5,-99.5,-99.5,-99.95,,,,,,220,190.0,2026-04-11T20:57:00,1.9,6.5,0,,0,,0,,0,,1,,0,,0,,0,,0,,0,,0,,3,,0,,0,,0,,0,,0,,0,,2,,1,,1,,7,,9,,0,,0,,0,,0,,0,,0,,0,,0,,0,,0,,0,,0,,0,,0,,0,,,210.0,,,3.3,2026-04-11T15:10:00,,,0,,0.0,,0.0,,0.0,,0.8,,0.0,,0.0,,0.0,,0.0,,0.0,,0.0,,2.8,,0.0,,0.0,,0.0,,0.0,,0.0,,0.0,,1.9,,1.6,,0.9,,15.8,,21.2,,0.0,,0.0,,0.0,,0.0,,0.0,,0.0,,0.0,,0.0,,0.0,,0.0,,0.0,,0.0,,0.0,,0.0,,0,
2026-04-12,,,,,,,,,21.0,2026-04-12T15:50:00,,,,12.8,2026-04-12T07:35:00,,,,,,,,25.52,3.56,2026-04-12T12:00:00,,,,,0.0,2026-04-12T01:00:00,,,,,,,,0.0,-99.5,0.0,,0.0,,75,47.0,2026-04-12T14:18:00,95.0,2026-04-12T00:24:00,,,,,,1013.4,2026-04-12T22:00:00,,,,1008.4,2026-04-12T15:00:00,,,1011.1,,,,,,,,,,,,,949.3,951.1,2026-04-12T22:04:00,947.7,2026-04-12T14:25:00,10.5,-999.5,,,18.9,,,24.1,30.5,2026-04-12T13:17:00,19.0,2026-04-12T05:41:00,,-99.5,-99.5,-99.5,-99.5,-99.5,-99.5,-99.5,-99.95,,,,,,210,200.0,2026-04-12T14:26:00,2.3,9.2,0,,0,,0,,0,,0,,0,,0,,0,,0,,0,,0,,1,,1,,0,,0,,0,,2,,0,,0,,0,,4,,8,,8,,0,,0,,0,,0,,0,,0,,0,,0,,0,,0,,0,,0,,0,,0,,0,,,220.0,,,5.3,2026-04-12T14:43:00,,,0,,0.0,,0.0,,0.0,,0.0,,0.0,,0.0,,0.0,,0.0,,0.0,,0.0,,1.2,,1.0,,0.0,,0.0,,0.0,,1.5,,0.0,,0.0,,0.0,,4.6,,24.6,,21.2,,0.0,,0.0,,0.0,,0.0,,0.0,,0.0,,0.0,,0.0,,0.0,,0.0,,0.0,,0.0,,0.0,,0.0,,0,
2026-04-13,,,,,,,,,21.0,2026-04-13T14:56:00,,,,14.4,2026-04-13T08:27:00,,,,,,,,19.43,3.36,2026-04-13T12:00:00,,,,,0.0,2026-04-13T01:00:00,,,,,,,,0.0,-99.5,0.0,,0.0,,72,47.0,2026-04-13T13:24:00,92.0,2026-04-13T21:41:00,,,,,,1014.4,2026-04-13T22:00:00,,,,1010.1,2026-04-13T14:00:00,,,1012.7,,,,,,,,,,,,,950.7,952.3,2026-04-13T09:59:00,949.2,2026-04-13T14:37:00,8.8,-999.5,,,18.5,,,24.0,31.0,2026-04-13T12:49:00,20.1,2026-04-13T05:18:00,,-99.5,-99.5,-99.5,-99.5,-99.5,-99.5,-99.5,-99.95,,,,,,210,200.0,2026-04-13T12:29:00,1.4,7.0,0,,0,,0,,0,,0,,0,,0,,0,,1,,0,,2,,4,,0,,0,,0,,0,,0,,0,,0,,0,,1,,8,,7,,0,,0,,0,,0,,0,,0,,0,,0,,0,,0,,0,,0,,0,,0,,0,,,210.0,,,3.4,2026-04-13T14:05:00,,,0,,0.0,,0.0,,0.0,,0.0,,0.0,,0.0,,0.0,,0.7,,0.0,,1.2,,2.7,,0.0,,0.0,,0.0,,0.0,,0.0,,0.0,,0.0,,0.0,,0.9,,14.6,,12.1,,0.0,,0.0,,0.0,,0.0,,0.0,,0.0,,0.0,,0.0,,0.0,,0.0,,0.0,,0.0,,0.0,,0.0,,0,
2026-04-14,,,,,,,,,20.7,2026-04-14T18:31:00,,,,13.0,2026-04-14T06:56:00,,,,,,,,23.52,3.32,2026-04-14T13:00:00,,,,,0.0,2026-04-14T01:00:00,,,,,,,,0.0,-99.5,0.0,,0.0,,71,48.0,2026-04-14T13:49:00,92.0,2026-04-14T00:01:00,,,,,,1013.7,2026-04-14T08:00:00,,,,1009.2,2026-04-14T15:00:00,,,1012.1,,,,,,,,,,,,,950.1,951.9,2026-04-14T09:54:00,948.2,2026-04-14T15:33:00,10.4,-999.5,,,18.0,,,24.0,29.8,2026-04-14T13:38:00,19.5,2026-04-14T05:42:00,,-99.5,-99.5,-99.5,-99.5,-99.5,-99.5,-99.5,-99.95,,,,,,210,200.0,2026-04-14T14:07:00,1.9,7.1,0,,0,,0,,0,,0,,0,,0,,0,,0,,0,,1,,3,,1,,1,,0,,0,,1,,0,,1,,0,,0,,8,,8,,0,,0,,0,,0,,0,,0,,0,,0,,0,,0,,0,,0,,0,,0,,0,,,210.0,,,3.6,2026-04-14T15:07:00,,,0,,0.0,,0.0,,0.0,,0.0,,0.0,,0.0,,0.0,,0.0,,0.0,,1.0,,3.2,,0.5,,0.7,,0.0,,0.0,,0.6,,0.0,,0.8,,0.0,,0.0,,21.1,,18.5,,0.0,,0.0,,0.0,,0.0,,0.0,,0.0,,0.0,,0.0,,0.0,,0.0,,0.0,,0.0,,0.0,,0.0,,0,
2026-04-15,,,,,,,,,22.2,2026-04-15T13:53:00,,,,18.4,2026-04-15T11:39:00,,,,,,,,11.64,2.68,2026-04-15T11:00:00,,,,,0.0,2026-04-15T01:00:00,,,,,,,,0.0,-99.5,0.0,,0.0,,81,52.0,2026-04-15T11:39:00,98.0,2026-04-15T20:36:00,,,,,,1013.5,2026-04-15T23:00:00,,,,1009.6,2026-04-15T14:00:00,,,1011.3,,,,,,,,,,,,,949.2,951.1,2026-04-15T22:58:00,947.5,2026-04-15T16:15:00,6.8,-999.5,,,19.1,,,22.7,29.3,2026-04-15T11:38:00,21.5,2026-04-15T21:36:00,,-99.5,-99.5,-99.5,-99.5,-99.5,-99.5,-99.5,-99.95,,,,,,220,310.0,2026-04-15T11:59:00,0.9,4.4,0,,0,,1,,0,,1,,0,,1,,0,,0,,0,,0,,1,,1,,2,,0,,0,,0,,1,,0,,0,,0,,2,,5,,3,,1,,2,,2,,0,,0,,0,,0,,0,,0,,0,,0,,0,,0,,0,,,320.0,,,2.2,2026-04-15T11:38:00,,,0,,0.0,,0.1,,0.0,,1.1,,0.0,,0.6,,0.0,,0.0,,0.0,,0.0,,1.0,,0.9,,1.6,,0.0,,0.0,,0.0,,0.2,,0.0,,0.0,,0.0,,2.4,,5.6,,2.1,,1.4,,2.6,,1.8,,0.0,,0.0,,0.0,,0.0,,0.0,,0.0,,0.0,,0.0,,0.0,,0.0,,0,
2026-04-16,,,,,,,,,22.2,2026-04-16T13:52:00,,,,19.1,2026-04-16T23:48:00,,,,,,,,9.14,1.94,2026-04-16T10:00:00,,,,,0.5,2026-04-16T20:00:00,,,,,,,,0.5,-99.5,0.5,2026-04-16T19:03:00,0.5,2026-04-16T18:13:00,91,72.0,2026-04-16T10:46:00,99.0,2026-04-16T03:32:00,,,,,,1014.0,2026-04-16T22:00:00,,,,1010.4,2026-04-16T15:00:00,,,1011.9,,,,,,,,,,,,,949.6,951.3,2026-04-16T21:54:00,948.6,2026-04-16T04:32:00,7.2,-999.5,,,20.8,,,22.4,26.8,2026-04-16T11:05:00,20.3,2026-04-16T05:12:00,,-99.5,-99.5,-99.5,-99.5,-99.5,-99.5,-99.5,-99.95,,,,,,220,220.0,2026-04-16T14:26:00,1.0,5.7,0,,1,,1,,2,,1,,0,,0,,2,,1,,1,,2,,0,,2,,0,,0,,0,,0,,0,,0,,0,,0,,1,,4,,1,,1,,2,,1,,0,,0,,0,,0,,0,,0,,1,,0,,0,,0,,0,,,210.0,,,2.8,2026-04-16T14:28:00,,,0,,0.8,,0.3,,2.5,,1.2,,0.0,,0.0,,2.3,,0.2,,0.2,,1.7,,0.0,,0.7,,0.0,,0.0,,0.0,,0.0,,0.0,,0.0,,0.0,,0.0,,1.5,,6.3,,1.3,,1.1,,1.6,,1.2,,0.0,,0.0,,0.0,,0.0,,0.0,,0.0,,1.4,,0.0,,0.0,,0.0,,0,
2026-04-17,,,,,,,,,22.4,2026-04-17T14:19:00,,,,17.0,2026-04-17T09:20:00,,,,,,,,19.43,3.1,2026-04-17T12:00:00,,,,,0.0,2026-04-17T01:00:00,,,,,,,,0.0,-99.5,0.0,,0.0,,85,61.0,2026-04-17T13:13:00,98.0,2026-04-17T02:16:00,,,,,,1013.5,2026-04-17T08:00:00,,,,1009.5,2026-04-17T14:00:00,,,1012.0,,,,,,,,,,,,,949.7,950.8,2026-04-17T07:50:00,948.2,2026-04-17T17:59:00,8.0,-999.5,,,19.5,,,22.3,28.9,2026-04-17T13:26:00,19.2,2026-04-17T04:39:00,,-99.5,-99.5,-99.5,-99.5,-99.5,-99.5,-99.5,-99.95,,,,,,110,300.0,2026-04-17T14:40:00,1.0,5.3,0,,2,,1,,0,,0,,0,,0,,1,,1,,0,,1,,4,,2,,0,,1,,0,,0,,0,,0,,0,,0,,0,,3,,1,,3,,0,,0,,1,,0,,0,,0,,0,,1,,1,,1,,0,,0,,0,,,360.0,,,2.3,2026-04-17T18:21:00,,,0,,2.3,,1.5,,0.0,,0.0,,0.0,,0.0,,1.2,,0.3,,0.0,,0.8,,2.4,,0.8,,0.0,,0.6,,0.0,,0.0,,0.0,,0.0,,0.0,,0.0,,0.0,,3.7,,1.3,,4.5,,0.0,,0.0,,1.1,,0.0,,0.0,,0.0,,0.0,,1.6,,0.9,,0.7,,0.0,,0.0,,0,
2026-04-18,,,,,,,,,20.5,2026-04-18T13:00:00,,,,15.9,2026-04-18T05:50:00,,,,,,,,13.9,1.9,2026-04-18T15:00:00,,,,,0.0,2026-04-18T01:00:00,,,,,,,,0.0,-99.5,0.0,,0.0,,83,67.0,2026-04-18T14:40:00,95.0,2026-04-18T19:16:00,,,,,,1013.2,2026-04-18T22:00:00,,,,1010.1,2026-04-18T16:00:00,,,1011.8,,,,,,,,,,,,,949.4,950.5,2026-04-18T09:56:00,948.4,2026-04-18T04:17:00,10.3,-999.5,,,19.0,,,22.0,26.5,2026-04-18T14:40:00,19.5,2026-04-18T05:01:00,,-99.5,-99.5,-99.5,-99.5,-99.5,-99.5,-99.5,-99.95,,,,,,250,310.0,2026-04-18T11:28:00,0.9,4.7,0,,0,,0,,1,,2,,0,,2,,1,,0,,2,,0,,0,,2,,1,,0,,0,,0,,0,,0,,0,,0,,0,,1,,2,,1,,4,,0,,0,,0,,0,,2,,2,,0,,1,,0,,0,,0,,0,,,20.0,,,2.2,2026-04-18T21:36:00,,,0,,0.0,,0.0,,0.1,,2.7,,0.0,,2.1,,0.2,,0.0,,1.3,,0.0,,0.0,,0.7,,0.4,,0.0,,0.0,,0.0,,0.0,,0.0,,0.0,,0.0,,0.0,,1.1,,2.3,,0.9,,4.8,,0.0,,0.0,,0.0,,0.0,,2.2,,2.0,,0.0,,0.8,,0.0,,0.0,,0.0,,0,
2026-04-19,,,,,,,,,20.4,2026-04-19T12:20:00,,,,16.6,2026-04-19T14:06:00,,,,,,,,23.58,3.43,2026-04-19T12:00:00,,,,,0.0,2026-04-19T01:00:00,,,,,,,,0.0,-99.5,0.0,,0.0,,78,50.0,2026-04-19T14:06:00,97.0,2026-04-19T01:05:00,,,,,,1013.3,2026-04-19T22:00:00,,,,1009.0,2026-04-19T16:00:00,,,1011.5,,,,,,,,,,,,,949.4,950.9,2026-04-19T21:51:00,947.8,2026-04-19T15:48:00,10.3,-999.5,,,18.8,,,23.1,29.5,2026-04-19T12:20:00,19.0,2026-04-19T04:30:00,,-99.5,-99.5,-99.5,-99.5,-99.5,-99.5,-99.5,-99.95,,,,,,50,10.0,2026-04-19T13:41:00,1.4,6.0,0,,1,,2,,2,,3,,3,,0,,0,,0,,0,,0,,1,,3,,0,,0,,0,,0,,0,,0,,0,,0,,0,,0,,0,,0,,1,,0,,0,,0,,0,,1,,1,,2,,1,,0,,2,,0,,0,,,320.0,,,3.4,2026-04-19T14:01:00,,,0,,1.3,,1.7,,3.5,,2.5,,4.1,,0.0,,0.0,,0.0,,0.0,,0.0,,0.6,,2.0,,0.0,,0.0,,0.0,,0.0,,0.0,,0.0,,0.0,,0.0,,0.0,,0.0,,0.0,,0.0,,0.3,,0.0,,0.0,,0.0,,0.0,,2.0,,1.9,,4.6,,1.6,,0.0,,4.1,,0.0,,0,
2026-04-20,,,,,,,,,21.6,2026-04-20T14:28:00,,,,13.7,2026-04-20T06:31:00,,,,,,,,24.06,3.63,2026-04-20T13:00:00,,,,,0.0,2026-04-20T01:00:00,,,,,,,,0.0,-99.5,0.0,,0.0,,68,51.0,2026-04-20T09:38:00,81.0,2026-04-20T20:05:00,,,,,,1014.8,2026-04-20T23:59:00,,,,1011.2,2026-04-20T16:00:00,,,1013.0,,,,,,,,,,,,,950.9,952.4,2026-04-20T22:38:00,949.7,2026-04-20T15:56:00,10.5,-999.5,,,17.3,,,23.7,29.3,2026-04-20T13:27:00,19.4,2026-04-20T05:35:00,,-99.5,-99.5,-99.5,-99.5,-99.5,-99.5,-99.5,-99.95,,,,,,120,300.0,2026-04-20T13:45:00,1.2,5.7,0,,0,,0,,0,,2,,0,,0,,1,,0,,0,,0,,2,,9,,0,,0,,0,,1,,0,,0,,0,,0,,0,,2,,0,,1,,0,,0,,2,,1,,0,,1,,0,,0,,0,,1,,1,,0,,0,,,360.0,,,3.1,2026-04-20T17:07:00,,,0,,0.0,,0.0,,0.0,,3.6,,0.0,,0.0,,0.5,,0.0,,0.0,,0.0,,1.4,,6.0,,0.0,,0.0,,0.0,,0.8,,0.0,,0.0,,0.0,,0.0,,0.0,,2.7,,0.0,,1.9,,0.0,,0.0,,3.0,,1.8,,0.0,,1.8,,0.0,,0.0,,0.0,,1.5,,2.6,,0.0,,0,
2026-04-21,,,,,,,,,19.9,2026-04-21T14:21:00,,,,14.7,2026-04-21T05:17:00,,,,,,,,21.92,3.45,2026-04-21T13:00:00,,,,,0.0,2026-04-21T01:00:00,,,,,,,,0.0,-99.5,0.0,,0.0,,66,48.0,2026-04-21T11:07:00,79.0,2026-04-21T23:47:00,,,,,,1014.3,2026-04-21T01:00:00,,,,1009.9,2026-04-21T15:00:00,,,1012.6,,,,,,,,,,,,,950.6,952.4,2026-04-21T08:38:00,948.7,2026-04-21T15:16:00,10.1,-999.5,,,17.0,,,24.0,29.7,2026-04-21T13:32:00,20.0,2026-04-21T05:47:00,,-99.5,-99.5,-99.5,-99.5,-99.5,-99.5,-99.5,-99.95,,,,,,110,300.0,2026-04-21T13:41:00,0.9,5.1,0,,0,,0,,0,,0,,0,,0,,0,,1,,1,,1,,5,,2,,0,,0,,0,,0,,0,,1,,2,,0,,0,,3,,1,,1,,1,,2,,1,,0,,0,,1,,1,,0,,0,,0,,0,,0,,0,,,260.0,,,2.1,2026-04-21T13:00:00,,,0,,0.0,,0.0,,0.0,,0.0,,0.0,,0.0,,0.0,,0.4,,0.3,,0.9,,2.5,,1.0,,0.0,,0.0,,0.0,,0.0,,0.0,,0.7,,1.4,,0.0,,0.0,,2.8,,1.5,,1.6,,1.8,,2.9,,1.3,,0.0,,0.0,,1.0,,0.7,,0.0,,0.0,,0.0,,0.0,,0.0,,0,
2026-04-22,,,,,,,,,20.7,2026-04-22T17:47:00,,,,16.6,2026-04-22T10:08:00,,,,,,,,18.5,3.11,2026-04-22T13:00:00,,,,,0.0,2026-04-22T01:00:00,,,,,,,,0.0,-99.5,0.0,,0.0,,72,53.0,2026-04-22T10:22:00,86.0,2026-04-22T21:43:00,,,,,,1011.6,2026-04-22T01:00:00,,,,1007.1,2026-04-22T15:00:00,,,1009.3,,,,,,,,,,,,,947.7,950.0,2026-04-22T00:01:00,946.0,2026-04-22T16:16:00,10.0,-999.5,,,18.9,,,24.5,29.7,2026-04-22T12:48:00,20.7,2026-04-22T04:57:00,,-99.5,-99.5,-99.5,-99.5,-99.5,-99.5,-99.5,-99.95,,,,,,220,200.0,2026-04-22T10:23:00,2.6,11.6,0,,0,,0,,0,,0,,0,,0,,0,,0,,0,,1,,0,,1,,1,,1,,0,,1,,0,,0,,2,,2,,5,,10,,0,,0,,0,,0,,0,,0,,0,,0,,0,,0,,0,,0,,0,,0,,0,,,210.0,,,5.4,2026-04-22T12:25:00,,,0,,0.0,,0.0,,0.0,,0.0,,0.0,,0.0,,0.0,,0.0,,0.0,,0.2,,0.0,,0.5,,0.3,,0.4,,0.0,,0.4,,0.0,,0.0,,1.7,,2.4,,19.5,,36.9,,0.0,,0.0,,0.0,,0.0,,0.0,,0.0,,0.0,,0.0,,0.0,,0.0,,0.0,,0.0,,0.0,,0.0,,0,
2026-04-23,,,,,,,,,20.8,2026-04-23T14:52:00,,,,10.8,2026-04-23T06:08:00,,,,,,,,14.22,2.65,2026-04-23T14:00:00,,,,,1.0,2026-04-23T23:59:00,,,,,,,,1.0,-99.5,1.0,2026-04-23T23:48:00,1.0,2026-04-23T22:58:00,70,42.0,2026-04-23T06:08:00,95.0,2026-04-23T23:59:00,,,,,,1012.1,2026-04-23T23:59:00,,,,1006.6,2026-04-23T14:00:00,,,1008.9,,,,,,,,,,,,,947.2,949.5,2026-04-23T23:07:00,945.2,2026-04-23T15:09:00,8.9,-999.5,,,17.8,,,23.9,28.3,2026-04-23T13:31:00,20.0,2026-04-23T23:59:00,,-99.5,-99.5,-99.5,-99.5,-99.5,-99.5,-99.5,-99.95,,,,,,220,200.0,2026-04-23T15:27:00,3.6,9.8,0,,0,,0,,0,,0,,0,,0,,0,,0,,0,,0,,0,,0,,0,,0,,0,,0,,0,,0,,0,,0,,4,,18,,0,,2,,0,,0,,0,,0,,0,,0,,0,,0,,0,,0,,0,,0,,0,,,210.0,,,5.3,2026-04-23T15:32:00,,,0,,0.0,,0.0,,0.0,,0.0,,0.0,,0.0,,0.0,,0.0,,0.0,,0.0,,0.0,,0.0,,0.0,,0.0,,0.0,,0.0,,0.0,,0.0,,0.0,,0.0,,17.0,,64.6,,0.0,,5.3,,0.0,,0.0,,0.0,,0.0,,0.0,,0.0,,0.0,,0.0,,0.0,,0.0,,0.0,,0.0,,0,
2026-04-24,,,,,,,,,20.0,2026-04-24T09:49:00,,,,15.9,2026-04-24T05:44:00,,,,,,,,4.11,1.15,2026-04-24T10:00:00,,,,,6.5,2026-04-24T16:00:00,,,,,,,,24.0,-99.5,2.5,2026-04-24T15:32:00,9.0,2026-04-24T15:32:00,93,74.0,2026-04-24T02:28:00,99.0,2026-04-24T15:40:00,,,,,,1016.7,2026-04-24T22:00:00,,,,1010.4,2026-04-24T03:00:00,,,1013.3,,,,,,,,,,,,,950.4,953.7,2026-04-24T21:23:00,947.8,2026-04-24T02:44:00,2.6,-999.5,,,18.4,,,19.5,22.1,2026-04-24T10:15:00,17.9,2026-04-24T17:39:00,,-99.5,-99.5,-99.5,-99.5,-99.5,-99.5,-99.5,-99.95,,,,,,220,220.0,2026-04-24T02:24:00,1.3,6.5,0,,2,,3,,0,,1,,2,,0,,1,,0,,0,,0,,2,,2,,0,,1,,0,,0,,0,,1,,0,,0,,2,,3,,0,,0,,1,,0,,0,,0,,0,,1,,0,,0,,0,,1,,0,,0,,0,,,220.0,,,3.0,2026-04-24T02:57:00,,,0,,3.5,,3.9,,0.0,,1.2,,4.3,,0.0,,0.5,,0.0,,0.0,,0.0,,2.7,,1.1,,0.0,,0.6,,0.0,,0.0,,0.0,,0.9,,0.0,,0.0,,4.2,,4.6,,0.0,,0.0,,0.9,,0.0,,0.0,,0.0,,0.0,,0.9,,0.0,,0.0,,0.0,,0.7,,0.0,,0.0,,0,
2026-04-25,,,,,,,,,20.2,2026-04-25T12:32:00,,,,16.7,2026-04-25T05:18:00,,,,,,,,3.96,0.66,2026-04-25T10:00:00,,,,,1.0,2026-04-25T12:00:00,,,,,,,,3.5,-99.5,1.0,2026-04-25T11:29:00,1.0,2026-04-25T02:47:00,96,83.0,2026-04-25T09:58:00,99.0,2026-04-25T02:56:00,,,,,,1016.6,2026-04-25T09:00:00,,,,1014.1,2026-04-25T02:00:00,,,1015.3,,,,,,,,,,,,,952.1,953.4,2026-04-25T08:59:00,950.3,2026-04-25T01:42:00,3.6,-999.5,,,18.4,,,19.0,20.9,2026-04-25T09:59:00,17.1,2026-04-25T04:37:00,,-99.5,-99.5,-99.5,-99.5,-99.5,-99.5,-99.5,-99.95,,,,,,50,40.0,2026-04-25T04:37:00,1.0,4.9,0,,1,,1,,1,,3,,4,,1,,0,,1,,0,,0,,0,,1,,0,,0,,0,,1,,0,,0,,0,,0,,1,,1,,1,,1,,0,,1,,0,,1,,0,,0,,1,,0,,0,,1,,0,,0,,0,,,40.0,,,3.0,2026-04-25T04:38:00,,,0,,1.4,,1.5,,1.3,,5.5,,3.6,,1.2,,0.0,,0.5,,0.0,,0.0,,0.0,,0.3,,0.0,,0.0,,0.0,,0.5,,0.0,,0.0,,0.0,,0.0,,0.8,,0.7,,0.5,,0.3,,0.0,,0.9,,0.0,,1.0,,0.0,,0.0,,0.5,,0.0,,0.0,,0.5,,0.0,,0.0,,0,
2026-04-26,,,,0.0,,,,,19.9,2026-04-26T10:06:00,,,0.0,14.2,2026-04-26T17:30:00,,,,,0.0,,,25.49,3.47,2026-04-26T12:00:00,,,,0.0,0.0,2026-04-26T01:00:00,,0.0,,,,,,0.0,-99.5,0.0,,0.0,,75,52.0,2026-04-26T14:20:00,98.0,2026-04-26T00:01:00,,,0.0,,,1015.1,2026-04-26T09:00:00,,,0.0,1010.6,2026-04-26T16:00:00,,,1013.4,24.0,24.0,24.0,24.0,24.0,24.0,24.0,,,0.0,,,950.9,952.7,2026-04-26T09:17:00,949.0,2026-04-26T15:55:00,10.7,-999.5,,0.0,16.8,,,21.8,27.8,2026-04-26T14:16:00,17.9,2026-04-26T04:19:00,,-99.5,-99.5,-99.5,-99.5,-99.5,-99.5,-99.5,-99.95,,,24.0,,24.0,300,10.0,2026-04-26T16:44:00,1.4,7.1,0,,0,,1,,0,,1,,1,,1,,1,,1,,0,,0,,0,,3,,0,,0,,0,,0,,0,,0,,0,,0,,0,,0,,0,,0,,0,,0,,0,,0,,0,,3,,1,,1,,0,,1,,1,,2,,0,,6.0,360.0,,5.0,3.9,2026-04-26T16:36:00,,,0,,0.0,,2.7,,0.0,,2.3,,0.8,,1.4,,1.0,,1.3,,0.0,,0.0,,0.0,,2.0,,0.0,,0.0,,0.0,,0.0,,0.0,,0.0,,0.0,,0.0,,0.0,,0.0,,0.0,,0.0,,0.0,,0.0,,0.0,,0.0,,0.0,,4.2,,1.5,,1.0,,0.0,,2.0,,0.0,,5.5,,0,
2026-04-27,,,,0.0,,,,,18.9,2026-04-27T10:31:00,,,0.0,10.6,2026-04-27T03:46:00,,,,,0.0,,,22.32,3.29,2026-04-27T11:00:00,,,,0.0,0.0,2026-04-27T01:00:00,,0.0,,,,,,0.0,-99.5,0.0,,0.0,,65,51.0,2026-04-27T08:04:00,83.0,2026-04-27T22:30:00,,,0.0,,,1015.3,2026-04-27T07:00:00,,,0.0,1011.9,2026-04-27T15:00:00,,,1013.9,24.0,24.0,24.0,24.0,24.0,24.0,24.0,,,0.0,,,951.3,952.9,2026-04-27T09:20:00,949.8,2026-04-27T15:29:00,10.9,-999.5,,0.0,14.7,,,21.6,27.0,2026-04-27T11:04:00,17.4,2026-04-27T04:05:00,,-99.5,-99.5,-99.5,-99.5,-99.5,-99.5,-99.5,-99.95,,,24.0,,24.0,110,310.0,2026-04-27T12:30:00,1.0,5.3,0,,0,,0,,0,,0,,0,,1,,0,,0,,0,,0,,5,,3,,2,,0,,0,,1,,0,,0,,0,,3,,0,,0,,0,,0,,2,,0,,2,,0,,1,,2,,0,,0,,0,,0,,1,,0,,0,,1.0,310.0,,1.0,2.4,2026-04-27T16:12:00,,,0,,0.0,,0.0,,0.0,,0.0,,0.0,,0.8,,0.0,,0.0,,0.0,,0.0,,5.0,,1.9,,1.1,,0.0,,0.0,,0.7,,0.0,,0.0,,0.0,,4.4,,0.0,,0.0,,0.0,,0.0,,2.0,,0.0,,2.5,,0.0,,2.2,,2.0,,0.0,,0.0,,0.0,,0.0,,0.1,,0.0,,0,
2026-04-28,,,,0.0,,,,,20.0,2026-04-28T15:13:00,,,0.0,13.1,2026-04-28T05:19:00,,,,,0.0,,,20.76,3.08,2026-04-28T12:00:00,,,,0.0,0.0,2026-04-28T01:00:00,,0.0,,,,,,0.0,-99.5,0.0,,0.0,,68,47.0,2026-04-28T11:14:00,84.0,2026-04-28T19:57:00,,,0.0,,,1014.0,2026-04-28T01:00:00,,,0.0,1010.1,2026-04-28T16:00:00,,,1012.5,24.0,24.0,24.0,24.0,24.0,24.0,24.0,,,0.0,,,950.4,951.8,2026-04-28T08:51:00,948.5,2026-04-28T16:11:00,10.3,-999.5,,0.0,16.7,,,23.1,28.6,2026-04-28T11:27:00,19.1,2026-04-28T05:52:00,,-99.5,-99.5,-99.5,-99.5,-99.5,-99.5,-99.5,-99.95,,,24.0,,24.0,120,320.0,2026-04-28T12:25:00,0.9,4.5,0,,0,,0,,1,,0,,0,,0,,2,,0,,0,,2,,3,,3,,2,,0,,0,,0,,0,,0,,0,,2,,0,,0,,1,,2,,0,,0,,1,,1,,0,,2,,0,,1,,0,,0,,0,,0,,0,,1.0,310.0,,1.0,2.4,2026-04-28T12:28:00,,,0,,0.0,,0.0,,1.7,,0.0,,0.0,,0.0,,1.5,,0.0,,0.0,,1.3,,1.9,,1.9,,1.0,,0.0,,0.0,,0.0,,0.0,,0.0,,0.0,,2.2,,0.0,,0.0,,1.3,,2.5,,0.0,,0.0,,1.0,,1.0,,0.0,,2.8,,0.0,,1.5,,0.0,,0.0,,0.0,,0.0,,0,
2026-04-29,,,,0.0,,,,,22.0,2026-04-29T14:58:00,,,0.0,16.4,2026-04-29T05:03:00,,,,,0.0,,,10.08,2.61,2026-04-29T10:00:00,,,,0.0,12.5,2026-04-29T16:00:00,,0.0,,,,,,22.0,-99.5,8.5,2026-04-29T15:24:00,13.0,2026-04-29T14:37:00,82,59.0,2026-04-29T09:52:00,99.0,2026-04-29T15:59:00,,,0.0,,,1014.9,2026-04-29T22:00:00,,,0.0,1010.8,2026-04-29T04:00:00,,,1012.1,24.0,24.0,24.0,24.0,24.0,24.0,24.0,,,0.0,,,949.8,952.4,2026-04-29T22:30:00,948.2,2026-04-29T15:30:00,6.7,-999.5,,0.0,19.1,,,22.6,28.1,2026-04-29T09:51:00,19.4,2026-04-29T15:41:00,,-99.5,-99.5,-99.5,-99.5,-99.5,-99.5,-99.5,-99.95,,,24.0,,24.0,120,320.0,2026-04-29T15:31:00,1.1,8.6,0,,1,,0,,0,,0,,0,,0,,0,,1,,1,,1,,0,,6,,1,,1,,0,,1,,0,,0,,1,,1,,5,,2,,0,,0,,0,,0,,0,,0,,0,,1,,1,,0,,0,,0,,0,,0,,0,,0.0,210.0,,0.0,3.3,2026-04-29T10:15:00,,,0,,1.4,,0.0,,0.0,,0.0,,0.0,,0.0,,0.0,,0.3,,1.2,,0.6,,0.0,,3.9,,0.6,,0.7,,0.0,,0.5,,0.0,,0.0,,0.8,,0.4,,10.9,,2.5,,0.0,,0.0,,0.0,,0.0,,0.0,,0.0,,0.0,,0.6,,0.9,,0.0,,0.0,,0.0,,0.0,,0.0,,0,
2026-04-30,,,,0.0,,,,,20.3,2026-04-30T00:05:00,,,0.0,15.4,2026-04-30T20:08:00,,,,,0.0,,,2.65,0.48,2026-04-30T10:00:00,,,,0.0,1.0,2026-04-30T13:00:00,,0.0,,,,,,2.5,-99.5,1.0,2026-04-30T12:26:00,1.0,2026-04-30T11:28:00,98,92.0,2026-04-30T01:27:00,100.0,2026-04-30T22:02:00,,,0.0,,,1016.4,2026-04-30T22:00:00,,,0.0,1012.8,2026-04-30T02:00:00,,,1014.9,24.0,24.0,24.0,24.0,24.0,24.0,24.0,,,0.0,,,951.3,952.6,2026-04-30T22:02:00,949.7,2026-04-30T03:09:00,1.6,-999.5,,0.0,16.8,,,17.0,21.1,2026-04-30T00:05:00,15.6,2026-04-30T20:08:00,,-99.5,-99.5,-99.5,-99.5,-99.5,-99.5,-99.5,-99.95,,,24.0,,24.0,30,20.0,2026-04-30T13:25:00,2.7,7.5,0,,0,,4,,8,,7,,4,,0,,0,,1,,0,,0,,0,,0,,0,,0,,0,,0,,0,,0,,0,,0,,0,,0,,0,,0,,0,,0,,0,,0,,0,,0,,0,,0,,0,,0,,0,,0,,0,,0.0,30.0,,0.0,4.3,2026-04-30T11:22:00,,,0,,0.0,,10.7,,23.7,,18.9,,10.5,,0.0,,0.0,,0.5,,0.0,,0.0,,0.0,,0.0,,0.0,,0.0,,0.0,,0.0,,0.0,,0.0,,0.0,,0.0,,0.0,,0.0,,0.0,,0.0,,0.0,,0.0,,0.0,,0.0,,0.0,,0.0,,0.0,,0.0,,0.0,,0.0,,0.0,,0.0,,0,
2026-05-01,,,,0.0,,,,,22.1,2026-05-01T10:45:00,,,0.0,15.6,2026-05-01T05:35:00,,,,,0.0,,,20.77,3.33,2026-05-01T11:00:00,,,,0.0,1.0,2026-05-01T02:00:00,,0.0,,,,,,1.0,-99.5,1.0,2026-05-01T01:19:00,1.0,2026-05-01T00:29:00,87,69.0,2026-05-01T12:44:00,100.0,2026-05-01T00:01:00,,,0.0,,,1015.8,2026-05-01T08:00:00,,,0.0,1012.3,2026-05-01T16:00:00,,,1014.2,24.0,24.0,24.0,24.0,24.0,24.0,24.0,,,0.0,,,951.6,952.8,2026-05-01T09:05:00,950.2,2026-05-01T16:45:00,9.9,-999.5,,0.0,18.9,,,21.1,26.7,2026-05-01T13:47:00,15.8,2026-05-01T05:35:00,,-99.5,-99.5,-99.5,-99.5,-99.5,-99.5,-99.5,-99.95,,,24.0,,24.0,80,50.0,2026-05-01T02:37:00,1.1,4.9,0,,1,,1,,1,,2,,1,,0,,1,,3,,1,,0,,0,,0,,0,,0,,0,,0,,1,,0,,0,,0,,3,,2,,2,,1,,1,,0,,0,,1,,0,,0,,0,,0,,1,,0,,0,,0,,0,,1.0,50.0,,0.0,3.2,2026-05-01T02:51:00,,,0,,0.7,,0.0,,0.5,,2.9,,2.7,,0.0,,2.8,,3.2,,0.2,,0.0,,0.0,,0.0,,0.0,,0.0,,0.0,,0.0,,0.6,,0.0,,0.0,,0.0,,2.9,,2.3,,2.4,,0.9,,1.4,,0.0,,0.0,,1.1,,0.0,,0.0,,0.0,,0.0,,1.2,,0.0,,0.0,,0.0,,0,
2026-05-02,,,,0.0,,,,,23.2,2026-05-02T11:33:00,,,0.0,18.6,2026-05-02T02:53:00,,,,,0.0,,,24.51,3.52,2026-05-02T12:00:00,,,,0.0,0.0,2026-05-02T01:00:00,,0.0,,,,,,0.0,-99.5,0.0,,0.0,,83,66.0,2026-05-02T11:37:00,98.0,2026-05-02T05:34:00,,,0.0,,,1014.2,2026-05-02T07:00:00,,,0.0,1009.8,2026-05-02T16:00:00,,,1012.3,24.0,24.0,24.0,24.0,24.0,24.0,24.0,,,0.0,,,950.2,951.9,2026-05-02T08:30:00,948.5,2026-05-02T16:07:00,10.5,-999.5,,0.0,20.2,,,23.4,28.6,2026-05-02T11:35:00,19.5,2026-05-02T05:29:00,,-99.5,-99.5,-99.5,-99.5,-99.5,-99.5,-99.5,-99.95,,,24.0,,24.0,220,310.0,2026-05-02T12:40:00,0.9,4.9,0,,1,,0,,0,,0,,0,,0,,1,,0,,0,,0,,0,,0,,0,,0,,0,,0,,1,,1,,2,,1,,3,,5,,1,,2,,1,,0,,0,,1,,1,,0,,1,,0,,0,,0,,0,,1,,0,,1.0,300.0,,1.0,2.4,2026-05-02T12:49:00,,,0,,0.2,,0.0,,0.0,,0.0,,0.0,,0.0,,0.3,,0.0,,0.0,,0.0,,0.0,,0.0,,0.0,,0.0,,0.0,,0.0,,0.2,,0.9,,1.4,,0.8,,2.3,,4.4,,1.2,,3.4,,1.3,,0.0,,0.0,,0.8,,2.0,,0.0,,0.8,,0.0,,0.0,,0.0,,0.0,,0.3,,0,
2026-05-03,,,,0.0,,,,,23.7,2026-05-03T13:24:00,,,0.0,17.1,2026-05-03T06:06:00,,,,,0.0,,,23.44,3.38,2026-05-03T12:00:00,,,,0.0,0.0,2026-05-03T01:00:00,,0.0,,,,,,0.0,-99.5,0.0,,0.0,,80,59.0,2026-05-03T11:13:00,97.0,2026-05-03T22:24:00,,,0.0,,,1013.4,2026-05-03T23:59:00,,,0.0,1009.4,2026-05-03T16:00:00,,,1011.0,24.0,24.0,24.0,24.0,24.0,24.0,24.0,,,0.0,,,949.3,951.1,2026-05-03T22:30:00,947.7,2026-05-03T05:02:00,10.3,-999.5,,0.0,20.9,,,24.7,29.7,2026-05-03T12:10:00,21.0,2026-05-03T04:54:00,,-99.5,-99.5,-99.5,-99.5,-99.5,-99.5,-99.5,-99.95,,,24.0,,24.0,210,200.0,2026-05-03T11:19:00,1.9,8.4,0,,1,,0,,1,,0,,0,,0,,0,,0,,0,,0,,0,,0,,0,,0,,0,,0,,0,,0,,2,,3,,8,,5,,0,,0,,0,,0,,0,,0,,0,,1,,0,,0,,1,,1,,0,,0,,0,,1.0,220.0,,0.0,5.2,2026-05-03T11:14:00,,,0,,2.1,,0.0,,0.4,,0.0,,0.0,,0.0,,0.0,,0.0,,0.0,,0.0,,0.0,,0.0,,0.0,,0.0,,0.0,,0.0,,0.0,,0.0,,1.7,,4.4,,22.0,,11.6,,0.0,,0.0,,0.0,,0.0,,0.0,,0.0,,0.0,,1.0,,0.0,,0.0,,1.1,,1.5,,0.0,,0.0,,0,
2026-05-04,,,,0.0,,,,,21.6,2026-05-04T00:01:00,,,0.0,14.7,2026-05-04T15:01:00,,,,,0.0,,,11.81,2.89,2026-05-04T12:00:00,,,,0.0,4.0,2026-05-04T18:00:00,,0.0,,,,,,12.0,-99.5,2.0,2026-05-04T17:13:00,5.0,2026-05-04T18:27:00,87,65.0,2026-05-04T12:48:00,99.0,2026-05-04T19:17:00,,,0.0,,,1015.8,2026-05-04T20:00:00,,,0.0,1013.1,2026-05-04T02:00:00,,,1014.3,24.0,24.0,24.0,24.0,24.0,24.0,24.0,,,0.0,,,951.6,952.9,2026-05-04T19:52:00,950.4,2026-05-04T02:02:00,7.4,-999.5,,0.0,18.2,,,20.6,23.6,2026-05-04T13:19:00,18.6,2026-05-04T17:13:00,,-99.5,-99.5,-99.5,-99.5,-99.5,-99.5,-99.5,-99.95,,,24.0,,24.0,20,30.0,2026-05-04T10:43:00,2.2,9.9,0,,1,,5,,4,,2,,3,,2,,0,,0,,0,,1,,4,,1,,0,,0,,0,,0,,0,,0,,0,,0,,0,,0,,0,,0,,0,,0,,0,,0,,0,,0,,0,,0,,0,,0,,0,,0,,0,,1.0,20.0,,0.0,5.0,2026-05-04T09:13:00,,,0,,2.7,,14.4,,11.4,,4.9,,7.1,,3.6,,0.0,,0.0,,0.0,,0.7,,3.6,,0.7,,0.0,,0.0,,0.0,,0.0,,0.0,,0.0,,0.0,,0.0,,0.0,,0.0,,0.0,,0.0,,0.0,,0.0,,0.0,,0.0,,0.0,,0.0,,0.0,,0.0,,0.0,,0.0,,0.0,,0.0,,0,
2026-05-05,,,,0.0,,,,,21.4,2026-05-05T11:42:00,,,0.0,18.6,2026-05-05T02:55:00,,,,,0.0,,,2.45,0.64,2026-05-05T12:00:00,,,,0.0,4.5,2026-05-05T17:00:00,,0.0,,,,,,28.5,-99.5,2.0,2026-05-05T16:37:00,5.0,2026-05-05T15:54:00,98,93.0,2026-05-05T02:38:00,99.0,2026-05-05T00:40:00,,,0.0,,,1015.5,2026-05-05T11:00:00,,,0.0,1013.3,2026-05-05T17:00:00,,,1014.4,24.0,24.0,24.0,24.0,24.0,24.0,24.0,,,0.0,,,951.5,952.8,2026-05-05T10:33:00,950.2,2026-05-05T18:20:00,2.2,-999.5,,0.0,19.4,,,19.7,21.7,2026-05-05T11:42:00,18.8,2026-05-05T23:38:00,,-99.5,-99.5,-99.5,-99.5,-99.5,-99.5,-99.5,-99.95,,,24.0,,24.0,230,80.0,2026-05-05T01:50:00,0.7,3.2,0,,1,,0,,0,,1,,0,,0,,2,,0,,0,,1,,0,,0,,0,,0,,1,,0,,2,,0,,0,,1,,1,,0,,3,,0,,3,,1,,1,,1,,0,,0,,1,,0,,1,,1,,0,,0,,0,,2.0,300.0,,2.0,1.6,2026-05-05T12:20:00,,,0,,0.9,,0.0,,0.0,,0.6,,0.0,,0.0,,1.4,,0.0,,0.0,,0.8,,0.0,,0.0,,0.0,,0.0,,0.3,,0.0,,0.4,,0.0,,0.0,,0.5,,1.5,,0.0,,2.6,,0.0,,1.7,,0.5,,0.8,,0.3,,0.0,,0.0,,0.6,,0.0,,1.2,,1.1,,0.0,,0.0,,0,
2026-05-06,,,,0.0,,,,,23.3,2026-05-06T13:47:00,,,0.0,17.1,2026-05-06T07:08:00,,,,,0.0,,,23.79,3.75,2026-05-06T12:00:00,,,,0.0,4.0,2026-05-06T03:00:00,,0.0,,,,,,16.0,-99.5,2.5,2026-05-06T02:35:00,5.5,2026-05-06T02:20:00,86,63.0,2026-05-06T11:48:00,99.0,2026-05-06T00:01:00,,,0.0,,,1014.8,2026-05-06T07:00:00,,,0.0,1010.9,2026-05-06T17:00:00,,,1013.0,24.0,24.0,24.0,24.0,24.0,24.0,24.0,,,0.0,,,950.6,952.1,2026-05-06T08:43:00,949.2,2026-05-06T16:22:00,10.2,-999.5,,0.0,19.7,,,22.1,28.3,2026-05-06T13:49:00,18.1,2026-05-06T06:21:00,,-99.5,-99.5,-99.5,-99.5,-99.5,-99.5,-99.5,-99.95,,,24.0,,24.0,120,80.0,2026-05-06T04:28:00,1.2,5.8,0,,1,,1,,0,,0,,2,,1,,0,,0,,1,,0,,3,,5,,0,,0,,0,,0,,1,,0,,0,,1,,2,,0,,0,,0,,0,,1,,2,,0,,0,,0,,0,,0,,0,,0,,0,,1,,0,,2.0,360.0,,0.0,3.0,2026-05-06T15:51:00,,,0,,1.7,,1.3,,0.0,,0.0,,3.1,,0.8,,0.0,,0.0,,1.2,,0.0,,2.8,,4.3,,0.0,,0.0,,0.0,,0.0,,0.2,,0.0,,0.0,,0.8,,2.2,,0.0,,0.0,,0.0,,0.0,,1.2,,3.0,,0.0,,0.0,,0.0,,0.0,,0.0,,0.0,,0.0,,0.0,,2.6,,0,
2026-05-07,,,,0.0,,,,,24.3,2026-05-07T14:04:00,,,0.0,16.4,2026-05-07T04:48:00,,,,,0.0,,,23.18,3.04,2026-05-07T12:00:00,,,,0.0,0.0,2026-05-07T01:00:00,,0.0,,,,,,0.0,-99.5,0.0,,0.0,,79,64.0,2026-05-07T07:37:00,91.0,2026-05-07T05:27:00,,,0.0,,,1013.9,2026-05-07T07:00:00,,,0.0,1009.9,2026-05-07T15:00:00,,,1012.2,24.0,24.0,24.0,24.0,24.0,24.0,24.0,,,0.0,,,950.2,951.6,2026-05-07T08:43:00,948.7,2026-05-07T14:34:00,10.3,-999.5,,0.0,19.8,,,23.8,29.4,2026-05-07T12:07:00,19.7,2026-05-07T04:23:00,,-99.5,-99.5,-99.5,-99.5,-99.5,-99.5,-99.5,-99.95,,,24.0,,24.0,260,330.0,2026-05-07T13:32:00,0.9,6.8,0,,0,,0,,1,,0,,1,,1,,0,,1,,2,,0,,2,,2,,0,,0,,1,,0,,0,,2,,1,,0,,2,,1,,0,,0,,0,,3,,0,,1,,1,,0,,0,,1,,0,,1,,0,,0,,0,,0.0,210.0,,0.0,2.3,2026-05-07T11:13:00,,,0,,0.0,,0.0,,0.3,,0.0,,0.2,,0.5,,0.0,,0.3,,0.9,,0.0,,0.8,,0.9,,0.0,,0.0,,0.5,,0.0,,0.0,,1.0,,1.1,,0.0,,3.6,,1.0,,0.0,,0.0,,0.0,,4.6,,0.0,,2.0,,1.5,,0.0,,0.0,,0.7,,0.0,,0.8,,0.0,,0.0,,0,
2026-05-08,,,,0.0,,,,,23.4,2026-05-08T14:01:00,,,0.0,18.1,2026-05-08T23:16:00,,,,,0.0,,,20.43,3.29,2026-05-08T14:00:00,,,,0.0,0.0,2026-05-08T01:00:00,,0.0,,,,,,0.0,-99.5,0.0,,0.0,,82,61.0,2026-05-08T10:42:00,97.0,2026-05-08T23:18:00,,,0.0,,,1015.0,2026-05-08T23:00:00,,,0.0,1010.8,2026-05-08T14:00:00,,,1013.0,24.0,24.0,24.0,24.0,24.0,24.0,24.0,,,0.0,,,950.8,952.3,2026-05-08T09:03:00,949.3,2026-05-08T16:03:00,10.2,-999.5,,0.0,19.6,,,22.9,29.4,2026-05-08T13:52:00,18.7,2026-05-08T23:16:00,,-99.5,-99.5,-99.5,-99.5,-99.5,-99.5,-99.5,-99.95,,,24.0,,24.0,40,20.0,2026-05-08T16:49:00,1.8,7.8,0,,2,,1,,1,,5,,2,,2,,0,,1,,0,,0,,0,,0,,0,,0,,0,,0,,0,,0,,0,,0,,0,,0,,0,,0,,0,,0,,0,,1,,0,,0,,1,,2,,0,,2,,1,,1,,0,,2.0,40.0,,1.0,4.1,2026-05-08T18:04:00,,,0,,2.8,,2.3,,3.2,,11.7,,2.6,,2.0,,0.0,,0.4,,0.0,,0.0,,0.0,,0.0,,0.0,,0.0,,0.0,,0.0,,0.0,,0.0,,0.0,,0.0,,0.0,,0.0,,0.0,,0.0,,0.0,,0.0,,0.0,,1.4,,0.0,,0.0,,1.4,,1.7,,0.0,,4.4,,2.9,,2.0,,0,
2026-05-09,,,,0.0,,,,,21.1,2026-05-09T14:34:00,,,0.0,17.1,2026-05-09T04:31:00,,,,,0.0,,,13.04,2.24,2026-05-09T15:00:00,,,,0.0,0.0,2026-05-09T01:00:00,,0.0,,,,,,0.0,-99.5,0.0,,0.0,,90,71.0,2026-05-09T14:21:00,99.0,2026-05-09T04:17:00,,,0.0,,,1015.9,2026-05-09T09:00:00,,,0.0,1012.6,2026-05-09T15:00:00,,,1014.3,24.0,24.0,24.0,24.0,24.0,24.0,24.0,,,0.0,,,951.5,952.9,2026-05-09T08:44:00,950.2,2026-05-09T16:47:00,9.2,-999.5,,0.0,18.6,,,20.4,26.3,2026-05-09T14:36:00,17.3,2026-05-09T04:31:00,,-99.5,-99.5,-99.5,-99.5,-99.5,-99.5,-99.5,-99.95,,,24.0,,24.0,30,60.0,2026-05-09T06:24:00,1.9,6.4,0,,2,,4,,5,,3,,3,,0,,1,,2,,0,,0,,0,,0,,0,,0,,0,,0,,0,,0,,0,,0,,0,,0,,0,,0,,0,,1,,0,,0,,0,,0,,0,,0,,0,,1,,0,,0,,0,,2.0,40.0,,1.0,3.6,2026-05-09T06:46:00,,,0,,4.5,,8.8,,12.5,,4.5,,6.1,,0.0,,0.8,,1.7,,0.0,,0.0,,0.0,,0.0,,0.0,,0.0,,0.0,,0.0,,0.0,,0.0,,0.0,,0.0,,0.0,,0.0,,0.0,,0.0,,0.0,,0.8,,0.0,,0.0,,0.0,,0.0,,0.0,,0.0,,0.0,,1.4,,0.0,,0.0,,0,
2026-05-10,,,,0.0,,,,,22.7,2026-05-10T12:28:00,,,0.0,19.0,2026-05-10T02:49:00,,,,,0.0,,,14.83,2.49,2026-05-10T14:00:00,,,,0.0,0.0,2026-05-10T01:00:00,,0.0,,,,,,0.0,-99.5,0.0,,0.0,,91,70.0,2026-05-10T12:29:00,99.0,2026-05-10T19:32:00,,,0.0,,,1014.6,2026-05-10T09:00:00,,,0.0,1012.0,2026-05-10T16:00:00,,,1013.4,24.0,24.0,24.0,24.0,24.0,24.0,24.0,,,0.0,,,950.9,952.1,2026-05-10T08:55:00,949.8,2026-05-10T15:39:00,9.5,-999.5,,0.0,20.0,,,21.6,27.2,2026-05-10T12:29:00,19.5,2026-05-10T05:07:00,,-99.5,-99.5,-99.5,-99.5,-99.5,-99.5,-99.5,-99.95,,,24.0,,24.0,10,60.0,2026-05-10T13:29:00,1.3,6.5,0,,6,,1,,2,,2,,1,,1,,1,,0,,0,,0,,0,,1,,0,,0,,0,,0,,1,,0,,1,,0,,1,,0,,0,,0,,0,,1,,0,,1,,0,,1,,0,,0,,0,,0,,2,,1,,0,,0.0,360.0,,0.0,3.3,2026-05-10T13:51:00,,,0,,11.4,,2.4,,2.9,,2.7,,1.1,,0.1,,0.7,,0.0,,0.0,,0.0,,0.0,,0.4,,0.0,,0.0,,0.0,,0.0,,0.3,,0.0,,0.5,,0.0,,0.9,,0.0,,0.0,,0.0,,0.0,,0.9,,0.0,,0.6,,0.0,,0.9,,0.0,,0.0,,0.0,,0.0,,4.1,,1.9,,0,
2026-05-11,,,,0.0,,,,,24.4,2026-05-11T13:09:00,,,0.0,19.0,2026-05-11T03:44:00,,,,,0.0,,,21.56,3.59,2026-05-11T12:00:00,,,,0.0,0.0,2026-05-11T01:00:00,,0.0,,,,,,0.0,-99.5,0.0,,0.0,,88,67.0,2026-05-11T12:41:00,99.0,2026-05-11T00:01:00,,,0.0,,,1013.7,2026-05-11T08:00:00,,,0.0,1009.6,2026-05-11T15:00:00,,,1011.4,24.0,24.0,24.0,24.0,24.0,24.0,24.0,,,0.0,,,949.4,951.3,2026-05-11T08:01:00,947.7,2026-05-11T23:56:00,9.6,-999.5,,0.0,21.2,,,23.3,29.7,2026-05-11T12:21:00,19.3,2026-05-11T03:44:00,,-99.5,-99.5,-99.5,-99.5,-99.5,-99.5,-99.5,-99.95,,,24.0,,24.0,20,310.0,2026-05-11T14:18:00,1.0,5.5,0,,1,,3,,2,,2,,1,,1,,1,,1,,0,,0,,0,,0,,0,,0,,0,,0,,0,,1,,0,,1,,1,,1,,0,,2,,1,,0,,0,,1,,0,,0,,1,,0,,0,,0,,0,,1,,0,,2.0,300.0,,1.0,2.3,2026-05-11T13:06:00,,,0,,0.1,,3.8,,1.5,,1.2,,1.2,,1.0,,0.5,,1.1,,0.0,,0.0,,0.0,,0.0,,0.0,,0.0,,0.0,,0.0,,0.0,,0.4,,0.0,,1.0,,1.0,,1.7,,0.0,,2.9,,1.4,,0.0,,0.0,,1.9,,0.0,,0.0,,1.6,,0.0,,0.0,,0.0,,0.0,,0.7,,0,
2026-05-12,,,,0.0,,,,,23.3,2026-05-12T13:05:00,,,0.0,19.7,2026-05-12T06:01:00,,,,,0.0,,,15.57,2.36,2026-05-12T10:00:00,,,,0.0,0.0,2026-05-12T01:00:00,,0.0,,,,,,0.0,-99.5,0.0,,0.0,,86,68.0,2026-05-12T13:19:00,96.0,2026-05-12T00:55:00,,,0.0,,,1010.5,2026-05-12T08:00:00,,,0.0,1006.6,2026-05-12T15:00:00,,,1008.8,24.0,24.0,24.0,24.0,24.0,24.0,24.0,,,0.0,,,947.0,948.5,2026-05-12T08:01:00,945.3,2026-05-12T15:07:00,10.2,-999.5,,0.0,21.1,,,23.8,27.9,2026-05-12T13:08:00,20.9,2026-05-12T05:38:00,,-99.5,-99.5,-99.5,-99.5,-99.5,-99.5,-99.5,-99.95,,,24.0,,24.0,250,360.0,2026-05-12T16:32:00,0.9,5.2,0,,0,,2,,2,,0,,0,,0,,1,,0,,0,,0,,0,,0,,0,,0,,0,,0,,0,,1,,0,,2,,1,,1,,0,,0,,3,,1,,1,,0,,1,,1,,0,,0,,2,,2,,2,,0,,0,,1.0,310.0,,1.0,2.1,2026-05-12T10:16:00,,,0,,0.0,,2.3,,2.8,,0.0,,0.0,,0.0,,1.1,,0.0,,0.0,,0.0,,0.0,,0.0,,0.0,,0.0,,0.0,,0.0,,0.0,,0.0,,0.0,,1.1,,0.0,,0.2,,0.0,,0.0,,2.5,,0.3,,1.5,,0.0,,1.4,,1.6,,0.0,,0.0,,2.8,,1.5,,2.6,,0.0,,0,
2026-05-13,,,,0.0,,,,,22.9,2026-05-13T13:53:00,,,0.0,20.0,2026-05-13T01:15:00,,,,,0.0,,,7.63,1.44,2026-05-13T14:00:00,,,,0.0,0.0,2026-05-13T01:00:00,,0.0,,,,,,0.0,-99.5,0.0,,0.0,,90,76.0,2026-05-13T08:57:00,98.0,2026-05-13T04:55:00,,,0.0,,,1009.9,2026-05-13T11:00:00,,,0.0,1006.9,2026-05-13T17:00:00,,,1008.1,24.0,24.0,24.0,24.0,24.0,24.0,24.0,,,0.0,,,946.2,948.3,2026-05-13T10:46:00,945.0,2026-05-13T16:57:00,7.0,-999.5,,0.0,21.2,,,23.0,26.0,2026-05-13T13:18:00,21.4,2026-05-13T04:47:00,,-99.5,-99.5,-99.5,-99.5,-99.5,-99.5,-99.5,-99.95,,,24.0,,24.0,210,50.0,2026-05-13T16:38:00,0.8,5.4,0,,0,,0,,0,,2,,0,,2,,0,,0,,0,,0,,0,,1,,0,,1,,0,,0,,0,,0,,0,,1,,4,,2,,1,,0,,2,,1,,0,,0,,0,,1,,1,,1,,2,,0,,0,,1,,0,,1.0,40.0,,0.0,2.8,2026-05-13T16:53:00,,,0,,0.0,,0.0,,0.0,,4.0,,0.0,,2.2,,0.0,,0.0,,0.0,,0.0,,0.0,,0.3,,0.0,,0.5,,0.0,,0.0,,0.0,,0.0,,0.0,,0.0,,4.8,,1.4,,0.3,,0.0,,1.1,,0.3,,0.0,,0.0,,0.0,,1.6,,0.3,,0.5,,1.4,,0.0,,0.0,,0.9,,0,
2026-05-14,,,,0.0,,,,,22.0,2026-05-14T12:30:00,,,0.0,18.1,2026-05-14T23:38:00,,,,,0.0,,,3.34,1.02,2026-05-14T13:00:00,,,,0.0,5.0,2026-05-14T11:00:00,,0.0,,,,,,9.5,-99.5,4.0,2026-05-14T10:11:00,5.5,2026-05-14T10:06:00,92,84.0,2026-05-14T21:58:00,99.0,2026-05-14T10:50:00,,,0.0,,,1011.5,2026-05-14T11:00:00,,,0.0,1007.0,2026-05-14T03:00:00,,,1009.2,24.0,24.0,24.0,24.0,24.0,24.0,24.0,,,0.0,,,946.9,948.8,2026-05-14T20:47:00,944.8,2026-05-14T01:30:00,1.8,-999.5,,0.0,20.3,,,21.5,23.0,2026-05-14T09:23:00,18.6,2026-05-14T10:26:00,,-99.5,-99.5,-99.5,-99.5,-99.5,-99.5,-99.5,-99.95,,,24.0,,24.0,220,350.0,2026-05-14T10:24:00,1.1,9.9,0,,1,,1,,0,,0,,0,,2,,1,,1,,1,,2,,1,,0,,1,,0,,0,,0,,0,,1,,1,,1,,0,,6,,1,,0,,0,,0,,0,,0,,0,,0,,1,,0,,0,,1,,0,,0,,0,,1.0,350.0,,1.0,5.4,2026-05-14T10:23:00,,,0,,1.9,,0.4,,0.0,,0.0,,0.0,,3.5,,0.8,,1.8,,1.7,,1.8,,0.6,,0.0,,0.5,,0.0,,0.0,,0.0,,0.0,,0.5,,0.8,,0.0,,0.0,,8.0,,0.6,,0.0,,0.0,,0.0,,0.0,,0.0,,0.0,,0.0,,0.7,,0.0,,0.0,,1.2,,0.0,,0.0,,0,
2026-05-15,,,,0.0,,,,,23.1,2026-05-15T12:16:00,,,0.0,16.9,2026-05-15T11:20:00,,,,,0.0,,,17.97,3.0,2026-05-15T12:00:00,,,,0.0,0.0,2026-05-15T01:00:00,,0.0,,,,,,0.0,-99.5,0.0,,0.0,,79,51.0,2026-05-15T11:24:00,97.0,2026-05-15T18:55:00,,,0.0,,,1010.9,2026-05-15T23:59:00,,,0.0,1007.8,2026-05-15T15:00:00,,,1009.8,24.0,24.0,24.0,24.0,24.0,24.0,24.0,,,0.0,,,947.9,949.3,2026-05-15T08:29:00,946.2,2026-05-15T15:35:00,8.9,-999.5,,0.0,20.0,,,23.9,29.4,2026-05-15T11:39:00,20.5,2026-05-15T00:01:00,,-99.5,-99.5,-99.5,-99.5,-99.5,-99.5,-99.5,-99.95,,,24.0,,24.0,20,360.0,2026-05-15T09:47:00,1.0,5.5,0,,1,,4,,0,,1,,1,,0,,1,,1,,2,,0,,0,,1,,0,,1,,1,,0,,0,,0,,0,,0,,0,,0,,0,,0,,0,,1,,0,,0,,0,,2,,1,,0,,0,,1,,2,,1,,0,,2.0,,,2.0,2.7,2026-05-15T09:51:00,,,0,,0.6,,4.7,,0.0,,0.9,,0.5,,0.0,,1.3,,0.4,,1.6,,0.0,,0.0,,0.2,,0.0,,0.4,,0.5,,0.0,,0.0,,0.0,,0.0,,0.0,,0.0,,0.0,,0.0,,0.0,,0.0,,0.0,,0.0,,0.0,,0.0,,2.1,,1.5,,0.0,,0.0,,1.9,,3.7,,1.5,,0,
2026-05-16,,,,0.0,,,,,24.2,2026-05-16T12:26:00,,,0.0,18.5,2026-05-16T06:59:00,,,,,0.0,,,22.13,3.22,2026-05-16T10:00:00,,,,0.0,0.0,2026-05-16T01:00:00,,0.0,,,,,,0.0,-99.5,0.0,,0.0,,78,60.0,2026-05-16T10:00:00,93.0,2026-05-16T03:42:00,,,0.0,,,1012.9,2026-05-16T22:00:00,,,0.0,1009.2,2026-05-16T16:00:00,,,1010.9,24.0,24.0,24.0,24.0,24.0,24.0,24.0,,,0.0,,,949.2,950.7,2026-05-16T22:11:00,947.8,2026-05-16T01:35:00,11.3,-999.5,,0.0,20.5,,,24.7,29.8,2026-05-16T12:35:00,21.0,2026-05-16T04:31:00,,-99.5,-99.5,-99.5,-99.5,-99.5,-99.5,-99.5,-99.95,,,24.0,,24.0,210,320.0,2026-05-16T13:03:00,1.0,5.3,0,,0,,0,,0,,2,,0,,1,,1,,1,,1,,0,,0,,0,,0,,0,,0,,0,,0,,0,,0,,1,,4,,1,,2,,3,,0,,1,,1,,0,,0,,0,,0,,0,,1,,0,,0,,0,,0,,4.0,220.0,,3.0,2.3,2026-05-16T18:16:00,,,0,,0.0,,0.0,,0.0,,2.3,,0.0,,1.0,,1.0,,0.0,,0.5,,0.0,,0.0,,0.0,,0.0,,0.0,,0.0,,0.0,,0.0,,0.0,,0.0,,1.3,,5.3,,0.9,,2.7,,2.3,,0.0,,1.5,,0.8,,0.0,,0.0,,0.0,,0.0,,0.0,,1.4,,0.0,,0.0,,0.0,,0,
2026-05-17,,,,0.0,,,,,24.1,2026-05-17T13:55:00,,,0.0,18.8,2026-05-17T06:28:00,,,,,0.0,,,23.4,3.37,2026-05-17T11:00:00,,,,0.0,0.0,2026-05-17T01:00:00,,0.0,,,,,,0.0,-99.5,0.0,,0.0,,82,67.0,2026-05-17T10:11:00,94.0,2026-05-17T01:36:00,,,0.0,,,1012.7,2026-05-17T08:00:00,,,0.0,1009.2,2026-05-17T16:00:00,,,1011.3,24.0,24.0,24.0,24.0,24.0,24.0,24.0,,,0.0,,,949.4,950.8,2026-05-17T07:27:00,948.0,2026-05-17T16:13:00,10.9,-999.5,,0.0,20.9,,,24.3,29.9,2026-05-17T12:56:00,20.9,2026-05-17T05:38:00,,-99.5,-99.5,-99.5,-99.5,-99.5,-99.5,-99.5,-99.95,,,24.0,,24.0,240,320.0,2026-05-17T13:22:00,0.9,6.0,0,,0,,0,,0,,1,,1,,0,,1,,0,,0,,0,,1,,0,,0,,0,,0,,0,,1,,0,,2,,1,,3,,0,,1,,4,,0,,2,,1,,0,,0,,1,,1,,2,,1,,0,,0,,0,,0,,0.0,310.0,,0.0,2.7,2026-05-17T14:30:00,,,0,,0.0,,0.0,,0.0,,0.3,,0.8,,0.0,,0.4,,0.0,,0.0,,0.0,,0.3,,0.0,,0.0,,0.0,,0.0,,0.0,,0.3,,0.0,,1.2,,0.9,,2.5,,0.0,,0.2,,4.8,,0.0,,3.2,,0.5,,0.0,,0.0,,1.6,,1.7,,2.2,,0.8,,0.0,,0.0,,0.0,,0,
2026-05-18,,,,0.0,,,,,24.9,2026-05-18T14:04:00,,,0.0,17.6,2026-05-18T07:54:00,,,,,0.0,,,23.51,3.22,2026-05-18T14:00:00,,,,0.0,0.0,2026-05-18T01:00:00,,0.0,,,,,,0.0,-99.5,0.0,,0.0,,83,58.0,2026-05-18T12:54:00,95.0,2026-05-18T20:43:00,,,0.0,,,1012.2,2026-05-18T22:00:00,,,0.0,1009.1,2026-05-18T15:00:00,,,1011.0,24.0,24.0,24.0,24.0,24.0,24.0,24.0,,,0.0,,,949.1,950.6,2026-05-18T10:33:00,947.7,2026-05-18T15:51:00,10.7,-999.5,,0.0,20.8,,,24.0,30.6,2026-05-18T13:10:00,21.3,2026-05-18T04:27:00,,-99.5,-99.5,-99.5,-99.5,-99.5,-99.5,-99.5,-99.95,,,24.0,,24.0,230,320.0,2026-05-18T15:56:00,1.2,6.0,0,,0,,0,,1,,1,,0,,1,,0,,1,,1,,0,,0,,0,,0,,0,,0,,0,,0,,0,,3,,2,,2,,2,,3,,0,,1,,1,,0,,0,,1,,1,,0,,0,,0,,1,,0,,2,,0,,0.0,300.0,,0.0,3.0,2026-05-18T16:01:00,,,0,,0.0,,0.0,,1.5,,0.3,,0.0,,1.1,,0.0,,0.8,,0.6,,0.0,,0.0,,0.0,,0.0,,0.0,,0.0,,0.0,,0.0,,0.0,,2.2,,1.8,,1.9,,3.0,,4.0,,0.0,,1.5,,1.2,,0.0,,0.0,,0.2,,2.8,,0.0,,0.0,,0.0,,0.0,,0.0,,5.1,,0,
2026-05-19,,,,0.0,,,,,23.3,2026-05-19T16:02:00,,,0.0,17.6,2026-05-19T06:26:00,,,,,0.0,,,12.36,2.17,2026-05-19T13:00:00,,,,0.0,2.0,2026-05-19T18:00:00,,0.0,,,,,,3.0,-99.5,1.0,2026-05-19T17:28:00,2.0,2026-05-19T16:54:00,88,66.0,2026-05-19T12:40:00,97.0,2026-05-19T15:02:00,,,0.0,,,1011.5,2026-05-19T01:00:00,,,0.0,1009.6,2026-05-19T13:00:00,,,1010.7,24.0,24.0,24.0,24.0,24.0,24.0,24.0,,,0.0,,,948.6,949.6,2026-05-19T09:42:00,947.7,2026-05-19T16:03:00,9.2,-999.5,,0.0,20.6,,,22.8,27.9,2026-05-19T13:01:00,20.5,2026-05-19T00:54:00,,-99.5,-99.5,-99.5,-99.5,-99.5,-99.5,-99.5,-99.95,,,24.0,,24.0,210,210.0,2026-05-19T12:19:00,0.9,5.0,0,,0,,0,,0,,0,,0,,0,,0,,0,,0,,0,,2,,1,,0,,1,,0,,0,,0,,0,,0,,3,,6,,2,,0,,0,,1,,1,,1,,1,,0,,0,,0,,0,,0,,2,,0,,0,,0,,3.0,210.0,,3.0,2.6,2026-05-19T12:26:00,,,0,,0.0,,0.0,,0.0,,0.0,,0.0,,0.0,,0.0,,0.0,,0.0,,0.0,,0.8,,0.6,,0.0,,0.0,,0.0,,0.0,,0.0,,0.0,,0.0,,2.3,,8.2,,2.6,,0.0,,0.0,,0.2,,0.4,,1.6,,1.0,,0.0,,0.0,,0.0,,0.0,,0.0,,0.3,,0.0,,0.0,,0,
2026-05-20,,,,0.0,,,,,24.2,2026-05-20T15:08:00,,,0.0,17.0,2026-05-20T05:09:00,,,,,0.0,,,26.38,3.62,2026-05-20T12:00:00,,,,0.0,0.0,2026-05-20T01:00:00,,0.0,,,,,,0.0,-99.5,0.0,,0.0,,82,56.0,2026-05-20T12:53:00,98.0,2026-05-20T22:48:00,,,0.0,,,1012.0,2026-05-20T23:00:00,,,0.0,1007.8,2026-05-20T14:00:00,,,1010.0,24.0,24.0,24.0,24.0,24.0,24.0,24.0,,,0.0,,,948.3,949.8,2026-05-20T22:58:00,947.0,2026-05-20T02:14:00,10.7,-999.5,,0.0,21.0,,,24.5,31.5,2026-05-20T13:22:00,20.1,2026-05-20T02:15:00,,-99.5,-99.5,-99.5,-99.5,-99.5,-99.5,-99.5,-99.95,,,24.0,,24.0,210,210.0,2026-05-20T12:21:00,1.8,7.5,0,,0,,0,,0,,0,,0,,0,,0,,0,,1,,1,,1,,0,,2,,0,,0,,0,,0,,0,,1,,1,,12,,5,,0,,0,,0,,0,,0,,0,,0,,0,,0,,0,,0,,0,,0,,0,,0,,0.0,220.0,,0.0,4.0,2026-05-20T13:47:00,,,0,,0.0,,0.0,,0.0,,0.0,,0.0,,0.0,,0.0,,0.0,,0.8,,0.5,,0.5,,0.0,,0.9,,0.0,,0.0,,0.0,,0.0,,0.0,,1.3,,0.5,,29.9,,9.6,,0.0,,0.0,,0.0,,0.0,,0.0,,0.0,,0.0,,0.0,,0.0,,0.0,,0.0,,0.0,,0.0,,0.0,,0,
2026-05-21,,,,0.0,,,,,24.2,2026-05-21T14:13:00,,,0.0,18.9,2026-05-21T05:51:00,,,,,0.0,,,17.98,2.88,2026-05-21T11:00:00,,,,0.0,0.0,2026-05-21T01:00:00,,0.0,,,,,,0.0,-99.5,0.0,,0.0,,82,58.0,2026-05-21T11:03:00,97.0,2026-05-21T00:01:00,,,0.0,,,1013.5,2026-05-21T22:00:00,,,0.0,1010.5,2026-05-21T15:00:00,,,1012.1,24.0,24.0,24.0,24.0,24.0,24.0,24.0,,,0.0,,,950.5,951.7,2026-05-21T08:57:00,949.1,2026-05-21T01:07:00,9.9,-999.5,,0.0,21.9,,,25.4,30.8,2026-05-21T10:57:00,21.8,2026-05-21T03:51:00,,-99.5,-99.5,-99.5,-99.5,-99.5,-99.5,-99.5,-99.95,,,24.0,,24.0,210,190.0,2026-05-21T11:04:00,1.1,6.3,0,,0,,0,,0,,0,,0,,0,,0,,1,,1,,0,,0,,0,,0,,0,,1,,0,,1,,1,,1,,5,,6,,4,,1,,0,,1,,0,,0,,0,,0,,0,,0,,0,,0,,1,,0,,0,,0,,0.0,210.0,,0.0,2.8,2026-05-21T10:11:00,,,0,,0.0,,0.0,,0.0,,0.0,,0.0,,0.0,,0.0,,0.5,,0.5,,0.0,,0.0,,0.0,,0.0,,0.0,,0.0,,0.0,,0.9,,0.7,,0.8,,3.3,,12.1,,6.2,,0.9,,0.0,,0.5,,0.0,,0.0,,0.0,,0.0,,0.0,,0.0,,0.0,,0.0,,0.2,,0.0,,0.0,,0,
2026-05-22,,,,0.0,,,,,24.9,2026-05-22T11:33:00,,,0.0,20.2,2026-05-22T23:54:00,,,,,0.0,,,17.16,2.76,2026-05-22T12:00:00,,,,0.0,0.0,2026-05-22T01:00:00,,0.0,,,,,,0.0,-99.5,0.0,,0.0,,81,59.0,2026-05-22T12:09:00,94.0,2026-05-22T21:12:00,,,0.0,,,1012.8,2026-05-22T07:00:00,,,0.0,1010.2,2026-05-22T14:00:00,,,1011.5,24.0,24.0,24.0,24.0,24.0,24.0,24.0,,,0.0,,,950.0,951.2,2026-05-22T07:40:00,948.7,2026-05-22T23:57:00,9.5,-999.5,,0.0,22.4,,,26.0,32.4,2026-05-22T12:00:00,23.4,2026-05-22T01:03:00,,-99.5,-99.5,-99.5,-99.5,-99.5,-99.5,-99.5,-99.95,,,24.0,,24.0,210,190.0,2026-05-22T12:25:00,1.3,6.7,0,,0,,0,,0,,0,,0,,0,,0,,0,,0,,0,,0,,1,,0,,1,,0,,0,,1,,2,,2,,3,,9,,5,,0,,0,,0,,0,,0,,0,,0,,0,,0,,0,,0,,0,,0,,0,,0,,0.0,210.0,,0.0,3.0,2026-05-22T11:38:00,,,0,,0.0,,0.0,,0.0,,0.0,,0.0,,0.0,,0.0,,0.0,,0.0,,0.0,,0.0,,0.5,,0.0,,0.9,,0.0,,0.0,,0.5,,1.2,,1.6,,2.9,,16.0,,8.4,,0.0,,0.0,,0.0,,0.0,,0.0,,0.0,,0.0,,0.0,,0.0,,0.0,,0.0,,0.0,,0.0,,0.0,,0,
2026-05-23,,,,0.0,,,,,23.7,2026-05-23T11:30:00,,,0.0,18.1,2026-05-23T12:38:00,,,,,0.0,,,20.39,3.02,2026-05-23T11:00:00,,,,0.0,0.0,2026-05-23T01:00:00,,0.0,,,,,,0.0,-99.5,0.0,,0.0,,72,48.0,2026-05-23T12:38:00,94.0,2026-05-23T03:08:00,,,0.0,,,1012.3,2026-05-23T07:00:00,,,0.0,1008.7,2026-05-23T16:00:00,,,1010.9,24.0,24.0,24.0,24.0,24.0,24.0,24.0,,,0.0,,,949.5,950.7,2026-05-23T09:30:00,948.1,2026-05-23T15:46:00,9.7,-999.5,,0.0,20.5,,,26.2,31.8,2026-05-23T10:20:00,22.6,2026-05-23T03:22:00,,-99.5,-99.5,-99.5,-99.5,-99.5,-99.5,-99.5,-99.95,,,24.0,,24.0,210,200.0,2026-05-23T12:59:00,1.7,7.8,0,,0,,0,,0,,0,,0,,0,,0,,0,,0,,1,,0,,0,,1,,0,,0,,0,,1,,3,,2,,4,,9,,3,,0,,0,,0,,0,,0,,0,,0,,0,,0,,0,,0,,0,,0,,0,,0,,0.0,210.0,,0.0,4.1,2026-05-23T13:02:00,,,0,,0.0,,0.0,,0.0,,0.0,,0.0,,0.0,,0.0,,0.0,,0.0,,0.6,,0.0,,0.0,,0.8,,0.0,,0.0,,0.0,,0.6,,2.2,,1.6,,4.1,,22.9,,8.6,,0.0,,0.0,,0.0,,0.0,,0.0,,0.0,,0.0,,0.0,,0.0,,0.0,,0.0,,0.0,,0.0,,0.0,,0,
2026-05-24,,,,0.0,,,,,24.3,2026-05-24T14:47:00,,,0.0,16.6,2026-05-24T03:37:00,,,,,0.0,,,19.57,3.46,2026-05-24T11:00:00,,,,0.0,0.0,2026-05-24T01:00:00,,0.0,,,,,,0.0,-99.5,0.0,,0.0,,76,57.0,2026-05-24T10:32:00,89.0,2026-05-24T00:18:00,,,0.0,,,1013.0,2026-05-24T07:00:00,,,0.0,1008.5,2026-05-24T16:00:00,,,1010.7,24.0,24.0,24.0,24.0,24.0,24.0,24.0,,,0.0,,,949.3,951.1,2026-05-24T08:48:00,948.0,2026-05-24T15:55:00,10.9,-999.5,,0.0,21.4,,,26.1,32.1,2026-05-24T10:31:00,22.8,2026-05-24T05:58:00,,-99.5,-99.5,-99.5,-99.5,-99.5,-99.5,-99.5,-99.95,,,24.0,,24.0,210,200.0,2026-05-24T15:24:00,2.0,7.4,0,,0,,0,,0,,0,,0,,0,,0,,0,,0,,0,,0,,0,,0,,0,,0,,0,,0,,1,,5,,4,,9,,5,,0,,0,,0,,0,,0,,0,,0,,0,,0,,0,,0,,0,,0,,0,,0,,0.0,210.0,,0.0,3.9,2026-05-24T08:33:00,,,0,,0.0,,0.0,,0.0,,0.0,,0.0,,0.0,,0.0,,0.0,,0.0,,0.0,,0.0,,0.0,,0.0,,0.0,,0.0,,0.0,,0.0,,0.6,,5.8,,4.2,,25.8,,11.5,,0.0,,0.0,,0.0,,0.0,,0.0,,0.0,,0.0,,0.0,,0.0,,0.0,,0.0,,0.0,,0.0,,0.0,,0,
2026-05-25,,,,0.0,,,,,24.4,2026-05-25T15:31:00,,,0.0,17.7,2026-05-25T04:54:00,,,,,0.0,,,28.21,3.66,2026-05-25T12:00:00,,,,0.0,0.0,2026-05-25T01:00:00,,0.0,,,,,,0.0,-99.5,0.0,,0.0,,74,53.0,2026-05-25T12:49:00,89.0,2026-05-25T21:16:00,,,0.0,,,1011.9,2026-05-25T08:00:00,,,0.0,1006.7,2026-05-25T15:00:00,,,1009.0,24.0,24.0,24.0,24.0,24.0,24.0,24.0,,,0.0,,,947.8,950.5,2026-05-25T08:13:00,946.2,2026-05-25T17:04:00,11.5,-999.5,,0.0,21.6,,,26.8,33.6,2026-05-25T12:47:00,22.2,2026-05-25T05:52:00,,-99.5,-99.5,-99.5,-99.5,-99.5,-99.5,-99.5,-99.95,,,24.0,,24.0,210,200.0,2026-05-25T08:43:00,2.8,10.1,0,,0,,0,,0,,0,,0,,0,,0,,0,,0,,0,,0,,0,,0,,0,,0,,0,,0,,0,,1,,4,,14,,5,,0,,0,,0,,0,,0,,0,,0,,0,,0,,0,,0,,0,,0,,0,,0,,0.0,210.0,,0.0,5.0,2026-05-25T10:30:00,,,0,,0.0,,0.0,,0.0,,0.0,,0.0,,0.0,,0.0,,0.0,,0.0,,0.0,,0.0,,0.0,,0.0,,0.0,,0.0,,0.0,,0.0,,0.0,,0.9,,5.7,,43.2,,17.7,,0.0,,0.0,,0.0,,0.0,,0.0,,0.0,,0.0,,0.0,,0.0,,0.0,,0.0,,0.0,,0.0,,0.0,,0,
2026-05-26,,,,0.0,,,,,24.6,2026-05-26T14:43:00,,,0.0,18.7,2026-05-26T05:05:00,,,,,0.0,,,24.47,2.94,2026-05-26T11:00:00,,,,0.0,0.0,2026-05-26T01:00:00,,0.0,,,,,,0.0,-99.5,0.0,,0.0,,75,57.0,2026-05-26T14:32:00,90.0,2026-05-26T00:01:00,,,0.0,,,1010.1,2026-05-26T06:00:00,,,0.0,1005.5,2026-05-26T15:00:00,,,1008.2,24.0,24.0,24.0,24.0,24.0,24.0,24.0,,,0.0,,,947.0,948.9,2026-05-26T09:12:00,945.3,2026-05-26T16:41:00,11.6,-999.5,,0.0,21.6,,,26.5,33.5,2026-05-26T14:38:00,22.0,2026-05-26T05:15:00,,-99.5,-99.5,-99.5,-99.5,-99.5,-99.5,-99.5,-99.95,,,24.0,,24.0,210,200.0,2026-05-26T14:09:00,2.6,8.2,0,,0,,0,,0,,0,,0,,0,,0,,0,,0,,0,,0,,0,,0,,0,,0,,0,,0,,4,,1,,1,,12,,6,,0,,0,,0,,0,,0,,0,,0,,0,,0,,0,,0,,0,,0,,0,,0,,0.0,210.0,,0.0,4.5,2026-05-26T13:23:00,,,0,,0.0,,0.0,,0.0,,0.0,,0.0,,0.0,,0.0,,0.0,,0.0,,0.0,,0.0,,0.0,,0.0,,0.0,,0.0,,0.0,,0.0,,4.6,,0.9,,2.3,,36.1,,19.2,,0.0,,0.0,,0.0,,0.0,,0.0,,0.0,,0.0,,0.0,,0.0,,0.0,,0.0,,0.0,,0.0,,0.0,,0,
2026-05-27,,,,0.0,,,,,24.6,2026-05-27T14:50:00,,,0.0,17.9,2026-05-27T01:04:00,,,,,0.0,,,28.38,3.61,2026-05-27T12:00:00,,,,0.0,0.0,2026-05-27T01:00:00,,0.0,,,,,,0.0,-99.5,0.0,,0.0,,71,52.0,2026-05-27T13:07:00,88.0,2026-05-27T05:30:00,,,0.0,,,1011.5,2026-05-27T22:00:00,,,0.0,1006.0,2026-05-27T16:00:00,,,1008.8,24.0,24.0,24.0,24.0,24.0,24.0,24.0,,,0.0,,,947.8,950.1,2026-05-27T23:13:00,945.8,2026-05-27T17:07:00,11.2,-999.5,,0.0,21.9,,,27.8,34.9,2026-05-27T13:06:00,23.0,2026-05-27T05:04:00,,-99.5,-99.5,-99.5,-99.5,-99.5,-99.5,-99.5,-99.95,,,24.0,,24.0,210,200.0,2026-05-27T10:04:00,2.4,10.1,0,,0,,0,,0,,0,,0,,0,,0,,0,,0,,0,,0,,0,,0,,0,,0,,0,,0,,0,,0,,3,,12,,8,,0,,1,,0,,0,,0,,0,,0,,0,,0,,0,,0,,0,,0,,0,,0,,0.0,210.0,,0.0,5.3,2026-05-27T10:04:00,,,0,,0.0,,0.0,,0.0,,0.0,,0.0,,0.0,,0.0,,0.0,,0.0,,0.0,,0.0,,0.0,,0.0,,0.0,,0.0,,0.0,,0.0,,0.0,,0.0,,2.4,,36.3,,18.5,,0.0,,0.4,,0.0,,0.0,,0.0,,0.0,,0.0,,0.0,,0.0,,0.0,,0.0,,0.0,,0.0,,0.0,,0,
2026-05-28,,,,0.0,,,,,25.4,2026-05-28T16:46:00,,,0.0,18.3,2026-05-28T06:54:00,,,,,0.0,,,26.63,3.52,2026-05-28T13:00:00,,,,0.0,0.0,2026-05-28T01:00:00,,0.0,,,,,,0.0,-99.5,0.0,,0.0,,74,45.0,2026-05-28T13:33:00,97.0,2026-05-28T21:51:00,,,0.0,,,1010.7,2026-05-28T23:59:00,,,0.0,1005.9,2026-05-28T15:00:00,,,1009.3,24.0,24.0,24.0,24.0,24.0,24.0,24.0,,,0.0,,,948.4,949.5,2026-05-28T10:24:00,946.4,2026-05-28T15:06:00,10.9,-999.5,,0.0,22.8,,,28.4,36.2,2026-05-28T13:47:00,23.3,2026-05-28T01:07:00,,-99.5,-99.5,-99.5,-99.5,-99.5,-99.5,-99.5,-99.95,,,24.0,,24.0,210,200.0,2026-05-28T12:42:00,1.6,6.5,0,,0,,0,,0,,1,,0,,2,,0,,0,,1,,0,,1,,0,,0,,2,,0,,0,,1,,1,,1,,1,,10,,2,,0,,0,,0,,1,,0,,0,,0,,0,,0,,0,,0,,0,,0,,0,,0,,0.0,210.0,,0.0,3.8,2026-05-28T13:19:00,,,0,,0.0,,0.0,,0.0,,0.4,,0.0,,1.4,,0.0,,0.0,,1.3,,0.0,,1.3,,0.0,,0.0,,0.4,,0.0,,0.0,,0.7,,0.9,,0.5,,1.0,,24.9,,4.0,,0.0,,0.0,,0.0,,0.5,,0.0,,0.0,,0.0,,0.0,,0.0,,0.0,,0.0,,0.0,,0.0,,0.0,,0,
2026-05-29,,,,0.0,,,,,26.6,2026-05-29T10:12:00,,,0.0,19.7,2026-05-29T05:38:00,,,,,0.0,,,22.28,3.15,2026-05-29T12:00:00,,,,0.0,10.5,2026-05-29T23:00:00,,0.0,,,,,,11.0,-99.5,4.0,2026-05-29T22:10:00,10.5,2026-05-29T21:56:00,82,66.0,2026-05-29T11:40:00,99.0,2026-05-29T23:01:00,,,0.0,,,1011.4,2026-05-29T07:00:00,,,0.0,1006.0,2026-05-29T16:00:00,,,1009.4,24.0,24.0,24.0,24.0,24.0,24.0,24.0,,,0.0,,,948.1,950.1,2026-05-29T07:35:00,945.2,2026-05-29T16:21:00,11.1,-999.5,,0.0,22.9,,,26.3,31.4,2026-05-29T14:37:00,23.6,2026-05-29T23:59:00,,-99.5,-99.5,-99.5,-99.5,-99.5,-99.5,-99.5,-99.95,,,24.0,,24.0,350,340.0,2026-05-29T16:02:00,1.4,7.8,0,,0,,1,,1,,1,,1,,0,,0,,1,,2,,0,,1,,0,,1,,1,,0,,0,,0,,0,,1,,1,,0,,0,,0,,2,,0,,1,,0,,0,,1,,0,,1,,0,,0,,1,,5,,1,,0,,0.0,350.0,,0.0,4.3,2026-05-29T15:55:00,,,0,,0.0,,1.8,,1.1,,0.7,,0.2,,0.0,,0.0,,0.8,,0.8,,0.0,,0.4,,0.0,,0.7,,0.4,,0.0,,0.0,,0.0,,0.0,,0.8,,0.6,,0.0,,0.0,,0.0,,1.1,,0.0,,0.3,,0.0,,0.0,,1.3,,0.0,,1.5,,0.0,,0.0,,3.0,,14.7,,3.4,,0,
2026-05-30,,,,0.0,,,,,26.2,2026-05-30T10:36:00,,,0.0,19.6,2026-05-30T21:34:00,,,,,0.0,,,14.18,2.25,2026-05-30T16:00:00,,,,0.0,0.0,2026-05-30T01:00:00,,0.0,,,,,,0.0,-99.5,0.0,,0.0,,86,67.0,2026-05-30T15:15:00,99.0,2026-05-30T03:08:00,,,0.0,,,1010.2,2026-05-30T22:00:00,,,0.0,1006.5,2026-05-30T16:00:00,,,1008.9,24.0,24.0,24.0,24.0,24.0,24.0,24.0,,,0.0,,,947.3,948.5,2026-05-30T08:29:00,945.7,2026-05-30T17:30:00,10.5,-999.5,,0.0,22.1,,,24.7,29.4,2026-05-30T10:49:00,21.6,2026-05-30T23:39:00,,-99.5,-99.5,-99.5,-99.5,-99.5,-99.5,-99.5,-99.95,,,24.0,,24.0,20,,2026-05-30T16:39:00,1.3,7.0,0,,0,,5,,1,,2,,1,,1,,1,,0,,0,,0,,0,,0,,0,,0,,0,,0,,0,,0,,1,,0,,1,,0,,0,,0,,1,,0,,0,,0,,0,,0,,0,,1,,0,,2,,3,,3,,0,,1.0,360.0,,0.0,4.1,2026-05-30T16:46:00,,,0,,0.0,,6.3,,2.1,,3.7,,0.7,,1.0,,0.6,,0.0,,0.0,,0.0,,0.0,,0.0,,0.0,,0.0,,0.0,,0.0,,0.0,,0.0,,0.3,,0.0,,0.8,,0.0,,0.0,,0.0,,1.3,,0.0,,0.0,,0.0,,0.0,,0.0,,0.0,,1.1,,0.0,,0.9,,2.3,,7.1,,0,
2026-05-31,,,,0.0,,,,,21.7,2026-05-31T09:43:00,,,0.0,18.1,2026-05-31T20:30:00,,,,,0.0,,,25.01,3.49,2026-05-31T13:00:00,,,,0.0,0.0,2026-05-31T01:00:00,,0.0,,,,,,0.0,-99.5,0.0,,0.0,,80,58.0,2026-05-31T12:35:00,95.0,2026-05-31T03:00:00,,,0.0,,,1009.6,2026-05-31T23:00:00,,,0.0,1006.5,2026-05-31T16:00:00,,,1008.4,24.0,24.0,24.0,24.0,24.0,24.0,24.0,,,0.0,,,946.6,947.7,2026-05-31T08:45:00,945.3,2026-05-31T16:07:00,11.0,-999.5,,0.0,19.8,,,23.7,28.8,2026-05-31T12:58:00,20.3,2026-05-31T23:51:00,,-99.5,-99.5,-99.5,-99.5,-99.5,-99.5,-99.5,-99.95,,,24.0,,24.0,40,320.0,2026-05-31T14:54:00,2.1,7.9,0,,2,,3,,1,,5,,3,,1,,0,,0,,0,,0,,0,,0,,0,,0,,0,,0,,0,,0,,0,,1,,0,,0,,0,,0,,0,,0,,0,,0,,0,,0,,1,,0,,0,,1,,1,,4,,0,,1.0,360.0,,0.0,4.4,2026-05-31T14:50:00,,,0,,4.4,,5.7,,1.8,,10.1,,5.7,,1.1,,0.0,,0.0,,0.0,,0.0,,0.0,,0.0,,0.0,,0.0,,0.0,,0.0,,0.0,,0.0,,0.0,,0.2,,0.0,,0.0,,0.0,,0.0,,0.0,,0.0,,0.0,,0.0,,0.0,,0.0,,0.8,,0.0,,0.0,,1.6,,1.9,,13.1,,0,
2026-06-01,,,,0.0,,,,,24.1,2026-06-01T10:52:00,,,0.0,18.4,2026-06-01T00:01:00,,,,,0.0,,,20.91,3.16,2026-06-01T14:00:00,,,,0.0,0.0,2026-06-01T01:00:00,,0.0,,,,,,0.0,-99.5,0.0,,0.0,,82,58.0,2026-06-01T15:53:00,95.0,2026-06-01T03:20:00,,,0.0,,,1009.8,2026-06-01T08:00:00,,,0.0,1005.8,2026-06-01T16:00:00,,,1008.0,24.0,24.0,24.0,24.0,24.0,24.0,24.0,,,0.0,,,946.4,948.0,2026-06-01T08:32:00,944.8,2026-06-01T16:34:00,10.4,-999.5,,0.0,20.8,,,24.3,30.7,2026-06-01T10:53:00,20.3,2026-06-01T00:01:00,,-99.5,-99.5,-99.5,-99.5,-99.5,-99.5,-99.5,-99.95,,,24.0,,24.0,40,320.0,2026-06-01T13:51:00,1.4,6.9,0,,1,,2,,2,,3,,1,,1,,0,,0,,0,,0,,0,,0,,1,,0,,0,,0,,1,,0,,1,,1,,1,,1,,0,,0,,1,,0,,0,,0,,0,,0,,0,,0,,0,,2,,2,,2,,0,,1.0,350.0,,0.0,3.8,2026-06-01T13:56:00,,,0,,3.0,,1.4,,2.7,,4.0,,0.5,,2.3,,0.0,,0.0,,0.0,,0.0,,0.0,,0.0,,0.3,,0.0,,0.0,,0.0,,0.6,,0.0,,0.7,,0.7,,1.1,,1.3,,0.0,,0.0,,0.9,,0.0,,0.0,,0.0,,0.0,,0.0,,0.0,,0.0,,0.0,,3.0,,4.6,,5.1,,0,
2026-06-02,,,,0.0,,,,,25.5,2026-06-02T13:44:00,,,0.0,18.0,2026-06-02T03:34:00,,,,,0.0,,,24.38,3.49,2026-06-02T13:00:00,,,,0.0,0.0,2026-06-02T01:00:00,,0.0,,,,,,0.0,-99.5,0.0,,0.0,,79,47.0,2026-06-02T12:24:00,96.0,2026-06-02T05:23:00,,,0.0,,,1008.8,2026-06-02T07:00:00,,,0.0,1006.0,2026-06-02T13:00:00,,,1007.4,24.0,24.0,24.0,24.0,24.0,24.0,24.0,,,0.0,,,946.1,947.1,2026-06-02T08:35:00,945.1,2026-06-02T17:50:00,10.9,-999.5,,0.0,21.6,,,25.7,34.0,2026-06-02T12:24:00,21.2,2026-06-02T05:04:00,,-99.5,-99.5,-99.5,-99.5,-99.5,-99.5,-99.5,-99.95,,,24.0,,24.0,200,320.0,2026-06-02T12:45:00,0.9,5.1,0,,0,,0,,0,,0,,1,,0,,0,,1,,0,,0,,0,,0,,0,,0,,0,,2,,0,,1,,0,,4,,2,,3,,2,,2,,1,,0,,1,,0,,1,,1,,1,,0,,0,,1,,0,,0,,0,,0.0,300.0,,0.0,2.5,2026-06-02T14:16:00,,,0,,0.0,,0.0,,0.0,,0.0,,0.2,,0.0,,0.0,,0.6,,0.0,,0.0,,0.0,,0.0,,0.0,,0.0,,0.0,,1.0,,0.0,,0.7,,0.0,,3.0,,1.2,,2.0,,1.6,,1.4,,1.6,,0.0,,2.1,,0.0,,1.3,,2.3,,1.5,,0.0,,0.0,,0.2,,0.0,,0.0,,0,
2026-06-03,,,,0.0,,,,,25.0,2026-06-03T15:34:00,,,0.0,17.6,2026-06-03T02:55:00,,,,,0.0,,,26.56,3.55,2026-06-03T12:00:00,,,,0.0,0.0,2026-06-03T01:00:00,,0.0,,,,,,0.0,-99.5,0.0,,0.0,,72,43.0,2026-06-03T13:00:00,87.0,2026-06-03T22:03:00,,,0.0,,,1008.0,2026-06-03T07:00:00,,,0.0,1003.3,2026-06-03T16:00:00,,,1006.1,24.0,24.0,24.0,24.0,24.0,24.0,24.0,,,0.0,,,945.1,946.3,2026-06-03T06:31:00,943.1,2026-06-03T15:58:00,11.2,-999.5,,0.0,21.2,,,27.1,35.5,2026-06-03T13:09:00,21.7,2026-06-03T03:59:00,,-99.5,-99.5,-99.5,-99.5,-99.5,-99.5,-99.5,-99.95,,,24.0,,24.0,210,200.0,2026-06-03T11:32:00,1.8,6.5,0,,0,,0,,1,,0,,0,,0,,0,,0,,0,,0,,0,,0,,0,,0,,0,,0,,0,,0,,1,,3,,11,,6,,2,,0,,0,,0,,0,,0,,0,,0,,0,,0,,0,,0,,0,,0,,0,,0.0,210.0,,0.0,3.6,2026-06-03T11:15:00,,,0,,0.0,,0.0,,0.2,,0.0,,0.0,,0.0,,0.0,,0.0,,0.0,,0.0,,0.0,,0.0,,0.0,,0.0,,0.0,,0.0,,0.0,,0.0,,1.2,,2.6,,25.6,,11.7,,2.0,,0.0,,0.0,,0.0,,0.0,,0.0,,0.0,,0.0,,0.0,,0.0,,0.0,,0.0,,0.0,,0.0,,0,
2026-06-04,,,,0.0,,,,,25.7,2026-06-04T15:17:00,,,0.0,20.3,2026-06-04T05:55:00,,,,,0.0,,,12.18,2.32,2026-06-04T10:00:00,,,,0.0,4.0,2026-06-04T18:00:00,,0.0,,,,,,9.0,-99.5,1.5,2026-06-04T16:49:00,5.0,2026-06-04T16:26:00,86,65.0,2026-06-04T10:31:00,99.0,2026-06-04T19:37:00,,,0.0,,,1006.4,2026-06-04T20:00:00,,,0.0,1003.7,2026-06-04T13:00:00,,,1005.0,24.0,24.0,24.0,24.0,24.0,24.0,24.0,,,0.0,,,943.7,944.8,2026-06-04T19:52:00,942.5,2026-06-04T22:38:00,8.0,-999.5,,0.0,22.6,,,25.1,31.2,2026-06-04T12:59:00,22.5,2026-06-04T22:34:00,,-99.5,-99.5,-99.5,-99.5,-99.5,-99.5,-99.5,-99.95,,,24.0,,24.0,210,200.0,2026-06-04T16:32:00,1.4,8.7,0,,0,,0,,1,,0,,0,,0,,0,,1,,0,,0,,0,,0,,1,,0,,0,,0,,1,,0,,2,,4,,5,,4,,1,,0,,1,,0,,0,,0,,0,,0,,0,,3,,0,,0,,0,,0,,0,,0.0,210.0,,0.0,4.7,2026-06-04T16:48:00,,,0,,0.0,,0.0,,1.6,,0.0,,0.0,,0.0,,0.0,,1.0,,0.0,,0.0,,0.0,,0.0,,0.4,,0.0,,0.0,,0.0,,0.6,,0.0,,1.8,,2.3,,10.3,,10.1,,3.7,,0.0,,0.6,,0.0,,0.0,,0.0,,0.0,,0.0,,0.0,,2.1,,0.0,,0.0,,0.0,,0.0,,0,
2026-06-05,,,,1.0,,,,,23.8,2026-06-05T10:35:00,,,1.0,21.2,2026-06-05T05:55:00,,,,,1.0,,,14.73,2.07,2026-06-05T13:00:00,,,,1.0,3.0,2026-06-05T23:00:00,,1.0,,,,,,6.5,-99.5,1.0,2026-06-05T22:05:00,3.5,2026-06-05T21:49:00,88,71.0,2026-06-05T14:05:00,99.0,2026-06-05T01:46:00,,,1.0,,,1006.7,2026-06-05T23:00:00,,,1.0,1002.5,2026-06-05T16:00:00,,,1004.6,24.0,24.0,24.0,24.0,24.0,24.0,24.0,,,1.0,,,943.3,944.9,2026-06-05T23:00:00,941.4,2026-06-05T16:36:00,10.1,-999.5,,1.0,22.5,,,24.6,28.8,2026-06-05T14:05:00,22.2,2026-06-05T01:17:00,,-99.5,-99.5,-99.5,-99.5,-99.5,-99.5,-99.5,-99.95,,,24.0,,24.0,350,350.0,2026-06-05T17:01:00,1.9,8.3,0,,4,,1,,1,,0,,1,,0,,1,,1,,1,,0,,0,,0,,0,,0,,0,,0,,0,,0,,0,,1,,0,,1,,0,,0,,0,,0,,0,,0,,1,,0,,0,,0,,0,,4,,5,,1,,0,,1.0,350.0,,1.0,4.2,2026-06-05T17:05:00,,,0,,6.2,,0.6,,0.3,,0.0,,0.7,,0.0,,1.4,,2.0,,1.2,,0.0,,0.0,,0.0,,0.0,,0.0,,0.0,,0.0,,0.0,,0.0,,0.0,,0.7,,0.0,,1.2,,0.0,,0.0,,0.0,,0.0,,0.0,,0.0,,0.7,,0.0,,0.0,,0.0,,0.0,,9.7,,16.5,,2.4,,0,
2026-06-06,,,,0.0,,,,,26.3,2026-06-06T13:14:00,,,0.0,21.7,2026-06-06T21:55:00,,,,,0.0,,,13.45,2.09,2026-06-06T14:00:00,,,,0.0,3.0,2026-06-06T21:00:00,,0.0,,,,,,4.5,-99.5,3.0,2026-06-06T20:21:00,3.0,2026-06-06T19:31:00,92,70.0,2026-06-06T13:30:00,99.0,2026-06-06T00:01:00,,,0.0,,,1009.8,2026-06-06T22:00:00,,,0.0,1005.3,2026-06-06T01:00:00,,,1007.8,24.0,24.0,24.0,24.0,24.0,24.0,24.0,,,0.0,,,946.2,947.8,2026-06-06T10:30:00,943.4,2026-06-06T01:27:00,8.8,-999.5,,0.0,23.3,,,24.7,29.9,2026-06-06T13:28:00,22.3,2026-06-06T05:55:00,,-99.5,-99.5,-99.5,-99.5,-99.5,-99.5,-99.5,-99.95,,,24.0,,24.0,210,210.0,2026-06-06T20:33:00,1.2,6.3,0,,1,,1,,1,,0,,0,,0,,0,,0,,0,,0,,0,,0,,0,,0,,0,,0,,0,,1,,0,,3,,6,,2,,2,,1,,0,,0,,0,,0,,0,,1,,0,,2,,0,,1,,1,,0,,0,,1.0,240.0,,1.0,3.3,2026-06-06T20:35:00,,,0,,2.0,,0.8,,1.1,,0.0,,0.0,,0.0,,0.0,,0.0,,0.0,,0.0,,0.0,,0.0,,0.0,,0.0,,0.0,,0.0,,0.0,,0.9,,0.0,,4.1,,8.4,,2.2,,1.5,,0.8,,0.0,,0.0,,0.0,,0.0,,0.0,,0.7,,0.0,,2.7,,0.0,,1.3,,1.8,,0.0,,0,
2026-06-07,,,,0.0,,,,,26.7,2026-06-07T11:45:00,,,0.0,21.1,2026-06-07T06:10:00,,,,,0.0,,,21.6,3.6,2026-06-07T13:00:00,,,,0.0,13.5,2026-06-07T19:00:00,,0.0,,,,,,14.5,-99.5,11.5,2026-06-07T18:29:00,13.5,2026-06-07T17:50:00,87,61.0,2026-06-07T12:53:00,99.0,2026-06-07T19:07:00,,,0.0,,,1009.2,2026-06-07T09:00:00,,,0.0,1004.2,2026-06-07T15:00:00,,,1007.5,24.0,24.0,24.0,24.0,24.0,24.0,24.0,,,0.0,,,946.2,947.9,2026-06-07T08:36:00,944.2,2026-06-07T15:01:00,10.6,-999.5,,0.0,23.2,,,25.7,33.2,2026-06-07T13:03:00,22.2,2026-06-07T02:13:00,,-99.5,-99.5,-99.5,-99.5,-99.5,-99.5,-99.5,-99.95,,,24.0,,24.0,210,190.0,2026-06-07T11:59:00,1.8,6.9,0,,2,,0,,0,,0,,0,,0,,0,,0,,0,,0,,0,,0,,0,,0,,0,,0,,0,,0,,0,,1,,8,,5,,1,,0,,0,,0,,0,,0,,0,,1,,1,,2,,0,,2,,1,,0,,0,,0.0,210.0,,0.0,3.5,2026-06-07T11:36:00,,,0,,2.0,,0.0,,0.0,,0.0,,0.0,,0.0,,0.0,,0.0,,0.0,,0.0,,0.0,,0.0,,0.0,,0.0,,0.0,,0.0,,0.0,,0.0,,0.0,,1.6,,19.1,,10.1,,2.2,,0.0,,0.0,,0.0,,0.0,,0.0,,0.0,,2.1,,3.0,,3.1,,0.0,,0.3,,0.1,,0.0,,0,
2026-06-08,,,,0.0,,,,,24.9,2026-06-08T09:20:00,,,0.0,22.1,2026-06-08T17:07:00,,,,,0.0,,,12.65,2.17,2026-06-08T10:00:00,,,,0.0,1.5,2026-06-08T03:00:00,,0.0,,,,,,6.0,-99.5,1.0,2026-06-08T02:36:00,2.0,2026-06-08T02:09:00,93,76.0,2026-06-08T17:06:00,99.0,2026-06-08T00:10:00,,,0.0,,,1007.2,2026-06-08T08:00:00,,,0.0,1003.1,2026-06-08T16:00:00,,,1005.5,24.0,24.0,24.0,24.0,24.0,24.0,24.0,,,0.0,,,944.0,945.6,2026-06-08T07:53:00,942.0,2026-06-08T15:34:00,11.0,-999.5,,0.0,23.0,,,24.2,27.4,2026-06-08T09:28:00,22.5,2026-06-08T05:20:00,,-99.5,-99.5,-99.5,-99.5,-99.5,-99.5,-99.5,-99.95,,,24.0,,24.0,220,200.0,2026-06-08T11:25:00,1.5,8.9,0,,2,,0,,0,,0,,0,,0,,0,,1,,0,,0,,0,,0,,0,,0,,0,,0,,0,,0,,1,,1,,4,,10,,0,,0,,1,,0,,0,,0,,0,,1,,0,,0,,1,,1,,0,,0,,0,,1.0,220.0,,0.0,4.4,2026-06-08T11:30:00,,,0,,3.6,,0.0,,0.0,,0.0,,0.0,,0.0,,0.0,,1.2,,0.0,,0.0,,0.0,,0.0,,0.0,,0.0,,0.0,,0.0,,0.0,,0.0,,1.3,,1.4,,9.5,,16.1,,0.0,,0.0,,0.4,,0.0,,0.0,,0.0,,0.0,,0.4,,0.0,,0.0,,1.3,,0.1,,0.0,,0.0,,0,
2026-06-09,,,,0.0,,,,,24.1,2026-06-09T14:35:00,,,0.0,21.4,2026-06-09T21:29:00,,,,,0.0,,,3.73,0.57,2026-06-09T16:00:00,,,,0.0,17.0,2026-06-09T04:00:00,,0.0,,,,,,87.0,-99.5,5.0,2026-06-09T14:43:00,18.0,2026-06-09T02:46:00,99,90.0,2026-06-09T14:13:00,99.0,2026-06-09T00:01:00,,,0.0,,,1006.9,2026-06-09T22:00:00,,,0.0,1003.0,2026-06-09T14:00:00,,,1004.9,24.0,24.0,24.0,24.0,24.0,24.0,24.0,,,0.0,,,943.1,944.9,2026-06-09T22:00:00,941.3,2026-06-09T16:48:00,3.4,-999.5,,0.0,22.3,,,22.6,24.9,2026-06-09T14:14:00,21.8,2026-06-09T06:31:00,,-99.5,-99.5,-99.5,-99.5,-99.5,-99.5,-99.5,-99.95,,,24.0,,24.0,220,220.0,2026-06-09T06:16:00,2.1,10.1,0,,0,,1,,0,,0,,1,,0,,0,,0,,0,,0,,0,,0,,0,,0,,0,,0,,0,,0,,2,,0,,1,,14,,3,,1,,0,,0,,0,,0,,0,,0,,0,,0,,0,,0,,1,,0,,0,,0.0,220.0,,0.0,5.1,2026-06-09T17:21:00,,,0,,0.0,,1.1,,0.0,,0.0,,0.2,,0.0,,0.0,,0.0,,0.0,,0.0,,0.0,,0.0,,0.0,,0.0,,0.0,,0.0,,0.0,,0.0,,1.9,,0.0,,1.5,,35.3,,7.2,,1.4,,0.0,,0.0,,0.0,,0.0,,0.0,,0.0,,0.0,,0.0,,0.0,,0.0,,1.3,,0.0,,0,
2026-06-10,,,,0.0,,,,,23.6,2026-06-10T10:56:00,,,0.0,20.1,2026-06-10T18:26:00,,,,,0.0,,,5.32,1.01,2026-06-10T13:00:00,,,,0.0,24.0,2026-06-10T09:00:00,,0.0,,,,,,57.0,-99.5,11.0,2026-06-10T08:15:00,30.0,2026-06-10T07:27:00,98,90.0,2026-06-10T14:12:00,99.0,2026-06-10T00:01:00,,,0.0,,,1012.3,2026-06-10T23:00:00,,,0.0,1004.2,2026-06-10T02:00:00,,,1008.2,24.0,24.0,24.0,24.0,24.0,24.0,24.0,,,0.0,,,946.0,949.6,2026-06-10T22:28:00,942.3,2026-06-10T01:56:00,5.8,-999.5,,0.0,21.1,,,21.6,23.8,2026-06-10T10:56:00,20.3,2026-06-10T19:50:00,,-99.5,-99.5,-99.5,-99.5,-99.5,-99.5,-99.5,-99.95,,,24.0,,24.0,30,20.0,2026-06-10T15:54:00,1.7,6.3,0,,2,,0,,8,,4,,2,,1,,0,,0,,0,,0,,0,,0,,0,,0,,0,,0,,0,,0,,0,,1,,0,,4,,0,,1,,0,,0,,1,,0,,0,,0,,0,,0,,0,,0,,0,,0,,0,,0.0,30.0,,0.0,3.7,2026-06-10T15:57:00,,,0,,4.1,,0.0,,14.6,,11.3,,2.1,,2.1,,0.0,,0.0,,0.0,,0.0,,0.0,,0.0,,0.0,,0.0,,0.0,,0.0,,0.0,,0.0,,0.0,,1.2,,0.0,,5.3,,0.0,,0.7,,0.0,,0.0,,0.4,,0.0,,0.0,,0.0,,0.0,,0.0,,0.0,,0.0,,0.0,,0.0,,0,
2026-06-11,,,,0.0,,,,,25.0,2026-06-11T11:45:00,,,0.0,20.4,2026-06-11T00:05:00,,,,,0.0,,,5.25,1.07,2026-06-11T12:00:00,,,,0.0,6.0,2026-06-11T17:00:00,,0.0,,,,,,25.5,-99.5,6.0,2026-06-11T16:45:00,6.5,2026-06-11T06:25:00,97,85.0,2026-06-11T13:06:00,99.0,2026-06-11T00:01:00,,,0.0,,,1014.0,2026-06-11T22:00:00,,,0.0,1010.5,2026-06-11T02:00:00,,,1012.5,24.0,24.0,24.0,24.0,24.0,24.0,24.0,,,0.0,,,950.1,951.7,2026-06-11T20:41:00,948.1,2026-06-11T02:05:00,4.4,-999.5,,0.0,21.8,,,22.3,25.9,2026-06-11T13:50:00,20.7,2026-06-11T00:01:00,,-99.5,-99.5,-99.5,-99.5,-99.5,-99.5,-99.5,-99.95,,,24.0,,24.0,30,240.0,2026-06-11T16:49:00,1.0,7.7,0,,1,,2,,4,,2,,3,,4,,0,,0,,0,,0,,0,,0,,0,,0,,0,,0,,0,,0,,2,,1,,1,,2,,1,,0,,0,,0,,0,,0,,0,,0,,0,,0,,0,,0,,0,,1,,0,,0.0,230.0,,0.0,3.4,2026-06-11T16:53:00,,,0,,0.3,,3.1,,4.2,,1.6,,3.1,,2.9,,0.0,,0.0,,0.0,,0.0,,0.0,,0.0,,0.0,,0.0,,0.0,,0.0,,0.0,,0.0,,0.6,,0.8,,1.0,,1.7,,2.8,,0.0,,0.0,,0.0,,0.0,,0.0,,0.0,,0.0,,0.0,,0.0,,0.0,,0.0,,0.0,,0.8,,0,
2026-06-12,,,,0.0,,,,,25.1,2026-06-12T09:57:00,,,0.0,21.1,2026-06-12T03:08:00,,,,,0.0,,,7.93,2.06,2026-06-12T10:00:00,,,,0.0,1.0,2026-06-12T09:00:00,,0.0,,,,,,1.0,-99.5,0.5,2026-06-12T07:56:00,1.0,2026-06-12T07:18:00,96,78.0,2026-06-12T09:37:00,99.0,2026-06-12T19:17:00,,,0.0,,,1013.8,2026-06-12T08:00:00,,,0.0,1011.4,2026-06-12T16:00:00,,,1012.7,24.0,24.0,24.0,24.0,24.0,24.0,24.0,,,0.0,,,950.5,951.7,2026-06-12T08:10:00,949.4,2026-06-12T15:23:00,6.1,-999.5,,0.0,22.5,,,23.3,26.9,2026-06-12T09:57:00,21.8,2026-06-12T00:14:00,,-99.5,-99.5,-99.5,-99.5,-99.5,-99.5,-99.5,-99.95,,,24.0,,24.0,300,310.0,2026-06-12T10:51:00,0.7,3.5,0,,0,,0,,0,,0,,1,,0,,0,,0,,0,,1,,0,,0,,0,,0,,0,,0,,0,,2,,0,,2,,3,,2,,0,,1,,1,,2,,0,,0,,0,,3,,0,,2,,2,,1,,1,,0,,0,,0.0,300.0,,0.0,1.8,2026-06-12T14:22:00,,,0,,0.0,,0.0,,0.0,,0.0,,0.3,,0.0,,0.0,,0.0,,0.0,,0.7,,0.0,,0.0,,0.0,,0.0,,0.0,,0.0,,0.0,,0.9,,0.0,,1.0,,2.0,,1.9,,0.0,,0.4,,0.4,,2.4,,0.0,,0.0,,0.0,,4.1,,0.0,,1.3,,0.2,,0.4,,0.3,,0.0,,0,
2026-06-13,,,,0.0,,,,,25.5,2026-06-13T15:22:00,,,0.0,19.6,2026-06-13T23:44:00,,,,,0.0,,,10.29,1.99,2026-06-13T14:00:00,,,,0.0,1.5,2026-06-13T15:00:00,,0.0,,,,,,2.0,-99.5,1.5,2026-06-13T14:22:00,1.5,2026-06-13T13:32:00,93,72.0,2026-06-13T22:40:00,99.0,2026-06-13T00:01:00,,,0.0,,,1012.1,2026-06-13T08:00:00,,,0.0,1007.9,2026-06-13T23:00:00,,,1010.0,24.0,24.0,24.0,24.0,24.0,24.0,24.0,,,0.0,,,948.2,950.0,2026-06-13T00:01:00,945.9,2026-06-13T23:35:00,7.6,-999.5,,0.0,22.4,,,23.7,28.6,2026-06-13T13:49:00,21.9,2026-06-13T07:39:00,,-99.5,-99.5,-99.5,-99.5,-99.5,-99.5,-99.5,-99.95,,,24.0,,24.0,210,190.0,2026-06-13T13:49:00,1.3,5.8,0,,0,,0,,0,,0,,0,,0,,1,,0,,1,,0,,0,,0,,0,,0,,0,,0,,0,,0,,0,,1,,8,,8,,1,,3,,0,,0,,0,,0,,0,,0,,0,,0,,1,,0,,0,,0,,0,,0.0,210.0,,0.0,3.4,2026-06-13T13:26:00,,,0,,0.0,,0.0,,0.0,,0.0,,0.0,,0.0,,1.0,,0.0,,0.4,,0.0,,0.0,,0.0,,0.0,,0.0,,0.0,,0.0,,0.0,,0.0,,0.0,,1.4,,15.7,,9.0,,0.6,,3.0,,0.0,,0.0,,0.0,,0.0,,0.0,,0.0,,0.0,,0.0,,0.6,,0.0,,0.0,,0.0,,0,
2026-06-14,,,,0.0,,,,,22.5,2026-06-14T12:21:00,,,0.0,19.1,2026-06-14T20:16:00,,,,,0.0,,,3.59,1.06,2026-06-14T11:00:00,,,,0.0,11.5,2026-06-14T15:00:00,,0.0,,,,,,40.0,-99.5,3.0,2026-06-14T14:19:00,11.5,2026-06-14T13:54:00,90,70.0,2026-06-14T10:21:00,99.0,2026-06-14T14:20:00,,,0.0,,,1010.1,2026-06-14T22:00:00,,,0.0,1007.1,2026-06-14T05:00:00,,,1008.6,24.0,24.0,24.0,24.0,24.0,24.0,24.0,,,0.0,,,946.6,947.9,2026-06-14T21:37:00,945.4,2026-06-14T04:34:00,2.1,-999.5,,0.0,21.0,,,22.9,26.7,2026-06-14T10:09:00,21.0,2026-06-14T21:51:00,,-99.5,-99.5,-99.5,-99.5,-99.5,-99.5,-99.5,-99.95,,,24.0,,24.0,220,200.0,2026-06-14T21:32:00,2.8,11.4,0,,0,,0,,0,,0,,0,,0,,0,,0,,0,,0,,0,,0,,0,,0,,0,,0,,0,,0,,0,,1,,0,,19,,2,,1,,1,,0,,0,,0,,0,,0,,0,,0,,0,,0,,0,,0,,0,,0.0,220.0,,0.0,5.8,2026-06-14T21:38:00,,,0,,0.0,,0.0,,0.0,,0.0,,0.0,,0.0,,0.0,,0.0,,0.0,,0.0,,0.0,,0.0,,0.0,,0.0,,0.0,,0.0,,0.0,,0.0,,0.0,,1.6,,0.0,,57.0,,5.7,,1.8,,1.9,,0.0,,0.0,,0.0,,0.0,,0.0,,0.0,,0.0,,0.0,,0.0,,0.0,,0.0,,0,
2026-06-15,,,,0.0,,,,,22.2,2026-06-15T13:00:00,,,0.0,18.7,2026-06-15T00:18:00,,,,,0.0,,,3.89,0.66,2026-06-15T13:00:00,,,,0.0,4.0,2026-06-15T10:00:00,,0.0,,,,,,22.0,-99.5,2.5,2026-06-15T11:20:00,5.5,2026-06-15T09:14:00,90,70.0,2026-06-15T00:18:00,99.0,2026-06-15T09:45:00,,,0.0,,,1011.4,2026-06-15T22:00:00,,,0.0,1007.5,2026-06-15T06:00:00,,,1009.5,24.0,24.0,24.0,24.0,24.0,24.0,24.0,,,0.0,,,947.5,949.4,2026-06-15T21:40:00,945.6,2026-06-15T04:34:00,2.2,-999.5,,0.0,20.9,,,22.6,24.8,2026-06-15T00:19:00,21.2,2026-06-15T03:16:00,,-99.5,-99.5,-99.5,-99.5,-99.5,-99.5,-99.5,-99.95,,,24.0,,24.0,220,230.0,2026-06-15T23:07:00,2.5,9.1,0,,0,,0,,0,,0,,0,,0,,0,,0,,0,,0,,0,,0,,0,,0,,0,,0,,0,,0,,0,,0,,0,,15,,8,,1,,0,,0,,0,,0,,0,,0,,0,,0,,0,,0,,0,,0,,0,,0.0,220.0,,0.0,4.2,2026-06-15T23:22:00,,,0,,0.0,,0.0,,0.0,,0.0,,0.0,,0.0,,0.0,,0.0,,0.0,,0.0,,0.0,,0.0,,0.0,,0.0,,0.0,,0.0,,0.0,,0.0,,0.0,,0.0,,0.0,,38.4,,19.9,,2.2,,0.0,,0.0,,0.0,,0.0,,0.0,,0.0,,0.0,,0.0,,0.0,,0.0,,0.0,,0.0,,0,
2026-06-16,,,,0.0,,,,,24.4,2026-06-16T14:44:00,,,0.0,19.3,2026-06-16T04:59:00,,,,,0.0,,,9.63,1.97,2026-06-16T12:00:00,,,,0.0,8.5,2026-06-16T15:00:00,,0.0,,,,,,16.5,-99.5,8.0,2026-06-16T14:11:00,9.0,2026-06-16T13:23:00,85,69.0,2026-06-16T10:16:00,99.0,2026-06-16T14:28:00,,,0.0,,,1012.3,2026-06-16T23:00:00,,,0.0,1009.0,2026-06-16T04:00:00,,,1010.6,24.0,24.0,24.0,24.0,24.0,24.0,24.0,,,0.0,,,948.8,950.0,2026-06-16T22:46:00,947.1,2026-06-16T03:18:00,7.3,-999.5,,0.0,21.4,,,24.1,28.2,2026-06-16T11:11:00,22.0,2026-06-16T19:41:00,,-99.5,-99.5,-99.5,-99.5,-99.5,-99.5,-99.5,-99.95,,,24.0,,24.0,220,190.0,2026-06-16T08:02:00,2.4,9.1,0,,0,,0,,0,,0,,0,,0,,0,,0,,0,,0,,0,,0,,0,,0,,0,,0,,0,,1,,2,,1,,6,,11,,2,,0,,0,,0,,0,,0,,0,,0,,0,,1,,0,,0,,0,,0,,0,,0.0,210.0,,0.0,4.9,2026-06-16T11:17:00,,,0,,0.0,,0.0,,0.0,,0.0,,0.0,,0.0,,0.0,,0.0,,0.0,,0.0,,0.0,,0.0,,0.0,,0.0,,0.0,,0.0,,0.0,,0.8,,2.4,,1.3,,19.0,,28.9,,5.4,,0.0,,0.0,,0.0,,0.0,,0.0,,0.0,,0.0,,0.0,,0.6,,0.0,,0.0,,0.0,,0.0,,0,
2026-06-17,,,,0.0,,,,,25.4,2026-06-17T13:51:00,,,0.0,19.2,2026-06-17T00:45:00,,,,,0.0,,,13.66,3.82,2026-06-17T12:00:00,,,,0.0,3.0,2026-06-17T13:00:00,,0.0,,,,,,4.0,-99.5,3.5,2026-06-17T12:52:00,3.5,2026-06-17T12:02:00,85,69.0,2026-06-17T11:39:00,98.0,2026-06-17T13:08:00,,,0.0,,,1014.1,2026-06-17T22:00:00,,,0.0,1010.8,2026-06-17T15:00:00,,,1012.2,24.0,24.0,24.0,24.0,24.0,24.0,24.0,,,0.0,,,950.4,951.9,2026-06-17T21:55:00,949.0,2026-06-17T02:12:00,8.6,-999.5,,0.0,21.9,,,24.7,30.3,2026-06-17T11:27:00,22.2,2026-06-17T02:23:00,,-99.5,-99.5,-99.5,-99.5,-99.5,-99.5,-99.5,-99.95,,,24.0,,24.0,220,220.0,2026-06-17T10:30:00,2.3,8.1,0,,0,,0,,0,,0,,0,,0,,0,,0,,0,,0,,0,,0,,0,,0,,0,,0,,0,,0,,2,,3,,9,,10,,0,,0,,0,,0,,0,,0,,0,,0,,0,,0,,0,,0,,0,,0,,0,,0.0,210.0,,0.0,4.1,2026-06-17T11:46:00,,,0,,0.0,,0.0,,0.0,,0.0,,0.0,,0.0,,0.0,,0.0,,0.0,,0.0,,0.0,,0.0,,0.0,,0.0,,0.0,,0.0,,0.0,,0.0,,2.8,,4.1,,25.1,,24.1,,0.0,,0.0,,0.0,,0.0,,0.0,,0.0,,0.0,,0.0,,0.0,,0.0,,0.0,,0.0,,0.0,,0.0,,0,
2026-06-18,,,,0.0,,,,,26.3,2026-06-18T14:56:00,,,0.0,20.0,2026-06-18T23:22:00,,,,,0.0,,,21.21,3.38,2026-06-18T11:00:00,,,,0.0,5.5,2026-06-18T16:00:00,,0.0,,,,,,6.0,-99.5,5.5,2026-06-18T15:28:00,6.0,2026-06-18T14:38:00,81,75.0,2026-06-18T15:20:00,98.0,2026-06-18T15:48:00,,,0.0,,,1014.1,2026-06-18T22:00:00,,,0.0,1010.7,2026-06-18T15:00:00,,,1012.4,24.0,24.0,24.0,24.0,24.0,24.0,24.0,,,0.0,,,950.7,952.0,2026-06-18T21:31:00,949.5,2026-06-18T14:31:00,10.1,-999.5,,0.0,21.8,,,25.3,30.0,2026-06-18T15:20:00,22.6,2026-06-18T15:41:00,,-99.5,-99.5,-99.5,-99.5,-99.5,-99.5,-99.5,-99.95,,,24.0,,24.0,220,190.0,2026-06-18T15:29:00,1.4,7.7,0,,0,,0,,0,,0,,0,,0,,0,,1,,0,,0,,1,,0,,0,,1,,0,,1,,0,,0,,3,,3,,5,,8,,1,,0,,0,,0,,0,,0,,0,,0,,0,,0,,0,,0,,0,,0,,0,,0.0,210.0,,0.0,3.8,2026-06-18T15:12:00,,,0,,0.0,,0.0,,0.0,,0.0,,0.0,,0.0,,0.0,,0.7,,0.0,,0.0,,1.0,,0.0,,0.0,,0.6,,0.0,,0.8,,0.0,,0.0,,1.9,,3.6,,8.6,,15.7,,0.7,,0.0,,0.0,,0.0,,0.0,,0.0,,0.0,,0.0,,0.0,,0.0,,0.0,,0.0,,0.0,,0.0,,0,
2026-06-19,,,,0.0,,,,,24.9,2026-06-19T15:05:00,,,0.0,16.7,2026-06-19T05:40:00,,,,,0.0,,,28.52,3.64,2026-06-19T13:00:00,,,,0.0,0.0,2026-06-19T01:00:00,,0.0,,,,,,0.0,-99.5,0.0,,0.0,,75,56.0,2026-06-19T08:18:00,90.0,2026-06-19T20:38:00,,,0.0,,,1012.9,2026-06-19T23:00:00,,,0.0,1009.5,2026-06-19T15:00:00,,,1011.4,24.0,24.0,24.0,24.0,24.0,24.0,24.0,,,0.0,,,949.9,951.0,2026-06-19T21:39:00,948.8,2026-06-19T15:29:00,11.6,-999.5,,0.0,20.9,,,25.9,31.6,2026-06-19T14:10:00,21.5,2026-06-19T04:51:00,,-99.5,-99.5,-99.5,-99.5,-99.5,-99.5,-99.5,-99.95,,,24.0,,24.0,210,200.0,2026-06-19T13:18:00,2.4,9.2,0,,0,,0,,0,,0,,0,,0,,0,,0,,2,,2,,2,,0,,1,,1,,0,,0,,0,,0,,3,,1,,9,,3,,0,,0,,0,,0,,0,,0,,0,,0,,0,,0,,0,,0,,0,,0,,0,,0.0,220.0,,0.0,4.9,2026-06-19T13:27:00,,,0,,0.0,,0.0,,0.0,,0.0,,0.0,,0.0,,0.0,,0.0,,2.5,,2.0,,2.3,,0.0,,0.7,,0.7,,0.0,,0.0,,0.0,,0.0,,3.0,,1.7,,34.2,,10.7,,0.0,,0.0,,0.0,,0.0,,0.0,,0.0,,0.0,,0.0,,0.0,,0.0,,0.0,,0.0,,0.0,,0.0,,0,
2026-06-20,,,,0.0,,,,,25.5,2026-06-20T15:08:00,,,0.0,15.1,2026-06-20T05:44:00,,,,,0.0,,,27.5,3.64,2026-06-20T12:00:00,,,,0.0,0.0,2026-06-20T01:00:00,,0.0,,,,,,0.0,-99.5,0.0,,0.0,,72,53.0,2026-06-20T07:35:00,88.0,2026-06-20T00:01:00,,,0.0,,,1012.7,2026-06-20T22:00:00,,,0.0,1010.3,2026-06-20T14:00:00,,,1011.7,24.0,24.0,24.0,24.0,24.0,24.0,24.0,,,0.0,,,950.2,951.2,2026-06-20T10:10:00,949.3,2026-06-20T02:55:00,11.7,-999.5,,0.0,20.8,,,26.2,32.6,2026-06-20T13:25:00,21.9,2026-06-20T04:57:00,,-99.5,-99.5,-99.5,-99.5,-99.5,-99.5,-99.5,-99.95,,,24.0,,24.0,210,190.0,2026-06-20T08:40:00,1.6,6.4,0,,0,,0,,0,,0,,0,,0,,0,,1,,0,,2,,1,,3,,0,,0,,1,,0,,1,,1,,0,,3,,10,,1,,0,,0,,0,,0,,0,,0,,0,,0,,0,,0,,0,,0,,0,,0,,0,,0.0,210.0,,0.0,3.5,2026-06-20T13:11:00,,,0,,0.0,,0.0,,0.0,,0.0,,0.0,,0.0,,0.0,,0.9,,0.0,,2.2,,1.2,,2.4,,0.0,,0.0,,0.8,,0.0,,0.7,,0.8,,0.0,,3.7,,23.3,,2.1,,0.0,,0.0,,0.0,,0.0,,0.0,,0.0,,0.0,,0.0,,0.0,,0.0,,0.0,,0.0,,0.0,,0.0,,0,
2026-06-21,,,,0.0,,,,,26.7,2026-06-21T14:51:00,,,0.0,15.5,2026-06-21T04:25:00,,,,,0.0,,,28.69,3.63,2026-06-21T13:00:00,,,,0.0,0.0,2026-06-21T01:00:00,,0.0,,,,,,0.0,-99.5,0.0,,0.0,,71,47.0,2026-06-21T12:27:00,91.0,2026-06-21T02:33:00,,,0.0,,,1012.5,2026-06-21T06:00:00,,,0.0,1008.2,2026-06-21T16:00:00,,,1010.6,24.0,24.0,24.0,24.0,24.0,24.0,24.0,,,0.0,,,949.3,950.6,2026-06-21T07:11:00,947.5,2026-06-21T23:59:00,11.9,-999.5,,0.0,20.9,,,26.7,33.9,2026-06-21T13:22:00,21.7,2026-06-21T04:50:00,,-99.5,-99.5,-99.5,-99.5,-99.5,-99.5,-99.5,-99.95,,,24.0,,24.0,210,80.0,2026-06-21T23:25:00,1.0,4.4,0,,0,,0,,0,,0,,0,,1,,0,,1,,0,,0,,0,,2,,0,,5,,0,,0,,0,,0,,2,,0,,9,,2,,0,,0,,0,,0,,0,,0,,0,,0,,0,,0,,0,,1,,0,,1,,0,,0.0,210.0,,0.0,2.6,2026-06-21T15:00:00,,,0,,0.0,,0.0,,0.0,,0.0,,0.0,,0.3,,0.0,,0.4,,0.0,,0.0,,0.0,,1.3,,0.0,,2.5,,0.0,,0.0,,0.0,,0.0,,1.2,,0.0,,13.8,,3.3,,0.0,,0.0,,0.0,,0.0,,0.0,,0.0,,0.0,,0.0,,0.0,,0.0,,0.0,,0.6,,0.0,,0.6,,0,
2026-06-22,,,,0.0,,,,,27.4,2026-06-22T13:12:00,,,0.0,18.6,2026-06-22T07:18:00,,,,,0.0,,,26.99,3.64,2026-06-22T12:00:00,,,,0.0,0.0,2026-06-22T01:00:00,,0.0,,,,,,0.0,-99.5,0.0,,0.0,,82,57.0,2026-06-22T14:09:00,96.0,2026-06-22T03:12:00,,,0.0,,,1009.7,2026-06-22T06:00:00,,,0.0,1004.1,2026-06-22T14:00:00,,,1007.1,24.0,24.0,24.0,24.0,24.0,24.0,24.0,,,0.0,,,946.0,947.9,2026-06-22T06:41:00,944.1,2026-06-22T16:26:00,10.6,-999.5,,0.0,23.0,,,26.5,34.3,2026-06-22T14:09:00,22.2,2026-06-22T05:20:00,,-99.5,-99.5,-99.5,-99.5,-99.5,-99.5,-99.5,-99.95,,,24.0,,24.0,200,310.0,2026-06-22T14:57:00,1.2,5.3,0,,0,,0,,0,,0,,0,,0,,0,,0,,0,,0,,0,,0,,0,,1,,0,,2,,0,,0,,2,,7,,6,,4,,1,,0,,1,,0,,0,,0,,0,,0,,0,,0,,0,,0,,0,,0,,0,,0.0,200.0,,0.0,2.3,2026-06-22T13:30:00,,,0,,0.0,,0.0,,0.0,,0.0,,0.0,,0.0,,0.0,,0.0,,0.0,,0.0,,0.0,,0.0,,0.0,,0.5,,0.0,,1.1,,0.0,,0.0,,1.6,,6.4,,10.4,,5.5,,1.3,,0.0,,2.0,,0.0,,0.0,,0.0,,0.0,,0.0,,0.0,,0.0,,0.0,,0.0,,0.0,,0.0,,0,
2026-06-23,,,,0.0,,,,,26.4,2026-06-23T12:17:00,,,0.0,17.0,2026-06-23T08:18:00,,,,,0.0,,,24.61,3.4,2026-06-23T12:00:00,,,,0.0,0.0,2026-06-23T01:00:00,,0.0,,,,,,0.0,-99.5,0.0,,0.0,,80,54.0,2026-06-23T08:18:00,97.0,2026-06-23T01:19:00,,,0.0,,,1006.0,2026-06-23T22:00:00,,,0.0,1003.0,2026-06-23T14:00:00,,,1004.9,24.0,24.0,24.0,24.0,24.0,24.0,24.0,,,0.0,,,943.8,944.6,2026-06-23T09:52:00,942.9,2026-06-23T15:24:00,11.4,-999.5,,0.0,22.5,,,26.4,33.8,2026-06-23T13:51:00,21.8,2026-06-23T03:21:00,,-99.5,-99.5,-99.5,-99.5,-99.5,-99.5,-99.5,-99.95,,,24.0,,24.0,210,200.0,2026-06-23T13:46:00,1.3,5.3,0,,0,,0,,0,,0,,0,,0,,0,,0,,0,,2,,0,,1,,0,,0,,1,,0,,0,,1,,0,,6,,12,,1,,0,,0,,0,,0,,0,,0,,0,,0,,0,,0,,0,,0,,0,,0,,0,,0.0,210.0,,0.0,2.6,2026-06-23T13:47:00,,,0,,0.0,,0.0,,0.0,,0.0,,0.0,,0.0,,0.0,,0.0,,0.0,,1.5,,0.0,,0.8,,0.0,,0.0,,0.6,,0.0,,0.0,,0.6,,0.0,,6.5,,19.5,,1.2,,0.0,,0.0,,0.0,,0.0,,0.0,,0.0,,0.0,,0.0,,0.0,,0.0,,0.0,,0.0,,0.0,,0.0,,0,
2026-06-24,,,,0.0,,,,,26.7,2026-06-24T16:05:00,,,0.0,17.7,2026-06-24T06:40:00,,,,,0.0,,,25.84,3.5,2026-06-24T14:00:00,,,,0.0,0.0,2026-06-24T01:00:00,,0.0,,,,,,0.0,-99.5,0.0,,0.0,,79,48.0,2026-06-24T13:16:00,96.0,2026-06-24T19:43:00,,,0.0,,,1006.0,2026-06-24T23:00:00,,,0.0,1000.9,2026-06-24T15:00:00,,,1004.2,24.0,24.0,24.0,24.0,24.0,24.0,24.0,,,0.0,,,943.3,944.7,2026-06-24T08:35:00,941.2,2026-06-24T15:53:00,11.4,-999.5,,0.0,22.9,,,27.0,34.8,2026-06-24T13:49:00,22.4,2026-06-24T04:57:00,,-99.5,-99.5,-99.5,-99.5,-99.5,-99.5,-99.5,-99.95,,,24.0,,24.0,210,210.0,2026-06-24T10:59:00,1.0,5.4,0,,0,,0,,0,,0,,0,,0,,0,,0,,1,,1,,0,,1,,0,,0,,2,,1,,0,,1,,3,,2,,6,,2,,2,,0,,1,,0,,1,,0,,0,,0,,0,,0,,0,,0,,0,,0,,0,,0.0,210.0,,0.0,2.5,2026-06-24T10:11:00,,,0,,0.0,,0.0,,0.0,,0.0,,0.0,,0.0,,0.0,,0.0,,1.0,,0.7,,0.0,,0.2,,0.0,,0.0,,1.3,,0.6,,0.0,,0.6,,2.7,,1.2,,10.0,,2.2,,3.0,,0.0,,1.2,,0.0,,0.4,,0.0,,0.0,,0.0,,0.0,,0.0,,0.0,,0.0,,0.0,,0.0,,0,
2026-06-25,,,,0.0,,,,,26.6,2026-06-25T11:22:00,,,0.0,19.5,2026-06-25T07:12:00,,,,,0.0,,,8.98,2.75,2026-06-25T10:00:00,,,,0.0,49.5,2026-06-25T13:00:00,,0.0,,,,,,97.0,-99.5,15.0,2026-06-25T12:30:00,53.5,2026-06-25T12:10:00,90,67.0,2026-06-25T11:25:00,99.0,2026-06-25T12:39:00,,,0.0,,,1006.3,2026-06-25T23:00:00,,,0.0,1003.2,2026-06-25T03:00:00,,,1004.8,24.0,24.0,24.0,24.0,24.0,24.0,24.0,,,0.0,,,943.4,944.8,2026-06-25T22:26:00,941.7,2026-06-25T03:09:00,5.1,-999.5,,0.0,22.6,,,24.4,32.3,2026-06-25T11:24:00,22.2,2026-06-25T16:58:00,,-99.5,-99.5,-99.5,-99.5,-99.5,-99.5,-99.5,-99.95,,,24.0,,24.0,210,190.0,2026-06-25T15:30:00,1.3,11.1,0,,0,,0,,0,,2,,0,,0,,0,,1,,1,,1,,2,,3,,0,,0,,0,,0,,0,,0,,2,,2,,5,,2,,1,,0,,0,,1,,0,,0,,0,,0,,0,,0,,0,,0,,1,,0,,0,,0.0,220.0,,0.0,5.6,2026-06-25T15:35:00,,,0,,0.0,,0.0,,0.0,,1.0,,0.0,,0.0,,0.0,,0.8,,1.3,,1.0,,1.9,,2.4,,0.0,,0.0,,0.0,,0.0,,0.0,,0.0,,1.9,,2.7,,9.8,,5.6,,0.8,,0.0,,0.0,,1.1,,0.0,,0.0,,0.0,,0.0,,0.0,,0.0,,0.0,,0.0,,1.0,,0.0,,0,
2026-06-26,,,,0.0,,,,,25.4,2026-06-26T14:30:00,,,0.0,20.6,2026-06-26T19:37:00,,,,,0.0,,,5.45,1.57,2026-06-26T15:00:00,,,,0.0,30.5,2026-06-26T11:00:00,,0.0,,,,,,94.0,-99.5,10.5,2026-06-26T10:15:00,39.0,2026-06-26T09:31:00,95,83.0,2026-06-26T19:47:00,99.0,2026-06-26T06:17:00,,,0.0,,,1007.5,2026-06-26T22:00:00,,,0.0,1004.0,2026-06-26T03:00:00,,,1005.8,24.0,24.0,24.0,24.0,24.0,24.0,24.0,,,0.0,,,944.1,945.9,2026-06-26T21:36:00,942.4,2026-06-26T03:00:00,3.9,-999.5,,0.0,22.4,,,23.3,27.2,2026-06-26T14:44:00,22.2,2026-06-26T07:00:00,,-99.5,-99.5,-99.5,-99.5,-99.5,-99.5,-99.5,-99.95,,,24.0,,24.0,220,210.0,2026-06-26T18:58:00,1.2,8.1,0,,1,,0,,1,,0,,0,,0,,1,,0,,1,,0,,0,,1,,0,,0,,0,,1,,0,,1,,2,,2,,2,,7,,1,,1,,0,,0,,0,,0,,1,,1,,0,,0,,0,,0,,0,,0,,0,,0.0,220.0,,0.0,3.4,2026-06-26T16:01:00,,,0,,0.7,,0.0,,0.6,,0.0,,0.0,,0.0,,0.8,,0.0,,0.4,,0.0,,0.0,,0.5,,0.0,,0.0,,0.0,,0.5,,0.0,,0.5,,1.7,,2.3,,2.9,,13.5,,2.5,,1.0,,0.0,,0.0,,0.0,,0.0,,0.4,,1.2,,0.0,,0.0,,0.0,,0.0,,0.0,,0.0,,0,
2026-06-27,,,,0.0,,,,,25.4,2026-06-27T13:15:00,,,0.0,20.8,2026-06-27T23:56:00,,,,,0.0,,,6.31,1.58,2026-06-27T13:00:00,,,,0.0,13.0,2026-06-27T19:00:00,,0.0,,,,,,72.5,-99.5,5.0,2026-06-27T18:23:00,14.0,2026-06-27T17:33:00,97,87.0,2026-06-27T20:40:00,99.0,2026-06-27T00:51:00,,,0.0,,,1009.0,2026-06-27T22:00:00,,,0.0,1005.9,2026-06-27T02:00:00,,,1007.3,24.0,24.0,24.0,24.0,24.0,24.0,24.0,,,0.0,,,945.4,947.1,2026-06-27T21:24:00,943.7,2026-06-27T02:23:00,4.3,-999.5,,0.0,22.2,,,22.7,26.3,2026-06-27T13:15:00,21.9,2026-06-27T03:10:00,,-99.5,-99.5,-99.5,-99.5,-99.5,-99.5,-99.5,-99.95,,,24.0,,24.0,220,200.0,2026-06-27T13:57:00,1.8,9.0,0,,0,,0,,0,,0,,1,,0,,0,,0,,0,,0,,0,,0,,0,,0,,0,,0,,0,,1,,1,,6,,1,,11,,2,,0,,0,,1,,0,,0,,0,,0,,0,,0,,0,,0,,0,,0,,0,,0.0,220.0,,0.0,4.8,2026-06-27T14:12:00,,,0,,0.0,,0.0,,0.0,,0.0,,0.6,,0.0,,0.0,,0.0,,0.0,,0.0,,0.0,,0.0,,0.0,,0.0,,0.0,,0.0,,0.0,,0.8,,1.3,,6.4,,2.9,,26.2,,3.3,,0.0,,0.0,,0.8,,0.0,,0.0,,0.0,,0.0,,0.0,,0.0,,0.0,,0.0,,0.0,,0.0,,0,
2026-06-28,,,,0.0,,,,,26.7,2026-06-28T14:24:00,,,0.0,19.7,2026-06-28T03:09:00,,,,,0.0,,,16.36,2.73,2026-06-28T10:00:00,,,,0.0,0.5,2026-06-28T17:00:00,,0.0,,,,,,0.5,-99.5,0.5,2026-06-28T16:42:00,0.5,2026-06-28T15:52:00,86,68.0,2026-06-28T14:32:00,98.0,2026-06-28T17:18:00,,,0.0,,,1010.4,2026-06-28T23:59:00,,,0.0,1006.9,2026-06-28T02:00:00,,,1008.6,24.0,24.0,24.0,24.0,24.0,24.0,24.0,,,0.0,,,947.1,948.8,2026-06-28T22:25:00,945.1,2026-06-28T01:16:00,10.1,-999.5,,0.0,22.8,,,25.4,30.5,2026-06-28T14:26:00,22.6,2026-06-28T04:55:00,,-99.5,-99.5,-99.5,-99.5,-99.5,-99.5,-99.5,-99.95,,,24.0,,24.0,210,210.0,2026-06-28T09:36:00,1.1,5.2,0,,0,,0,,0,,1,,1,,0,,0,,1,,0,,0,,0,,2,,0,,1,,2,,1,,0,,0,,2,,1,,5,,4,,1,,0,,0,,0,,0,,0,,0,,1,,0,,1,,0,,0,,0,,0,,0,,0.0,210.0,,0.0,3.0,2026-06-28T09:38:00,,,0,,0.0,,0.0,,0.0,,0.3,,0.8,,0.0,,0.0,,0.3,,0.0,,0.0,,0.0,,1.1,,0.0,,0.7,,1.0,,0.4,,0.0,,0.0,,2.0,,0.5,,8.0,,7.8,,0.2,,0.0,,0.0,,0.0,,0.0,,0.0,,0.0,,2.1,,0.0,,1.7,,0.0,,0.0,,0.0,,0.0,,0,
2026-06-29,,,,0.0,,,,,27.3,2026-06-29T11:29:00,,,0.0,21.5,2026-06-29T07:56:00,,,,,0.0,,,17.82,2.49,2026-06-29T11:00:00,,,,0.0,18.0,2026-06-29T19:00:00,,0.0,,,,,,33.0,-99.5,8.0,2026-06-29T18:12:00,20.5,2026-06-29T17:44:00,87,66.0,2026-06-29T12:08:00,99.0,2026-06-29T17:33:00,,,0.0,,,1013.0,2026-06-29T23:59:00,,,0.0,1007.9,2026-06-29T15:00:00,,,1010.1,24.0,24.0,24.0,24.0,24.0,24.0,24.0,,,0.0,,,948.6,951.0,2026-06-29T22:20:00,947.1,2026-06-29T15:13:00,9.7,-999.5,,0.0,23.5,,,25.9,30.7,2026-06-29T11:03:00,23.1,2026-06-29T23:46:00,,-99.5,-99.5,-99.5,-99.5,-99.5,-99.5,-99.5,-99.95,,,24.0,,24.0,230,360.0,2026-06-29T14:54:00,1.0,6.1,0,,1,,1,,0,,2,,2,,0,,1,,2,,0,,0,,0,,2,,1,,0,,0,,0,,0,,0,,0,,1,,0,,0,,4,,0,,0,,0,,0,,0,,0,,0,,0,,1,,1,,1,,3,,1,,0,,0.0,350.0,,0.0,3.2,2026-06-29T14:27:00,,,0,,1.2,,1.3,,0.0,,0.5,,1.7,,0.0,,0.2,,1.9,,0.0,,0.0,,0.0,,0.8,,0.2,,0.0,,0.0,,0.0,,0.0,,0.0,,0.0,,0.2,,0.0,,0.0,,3.1,,0.0,,0.0,,0.0,,0.0,,0.0,,0.0,,0.0,,0.0,,1.6,,1.6,,2.7,,6.1,,0.8,,0,
2026-06-30,,,,0.0,,,,,26.3,2026-06-30T12:58:00,,,0.0,19.7,2026-06-30T07:49:00,,,,,0.0,,,23.12,3.65,2026-06-30T12:00:00,,,,0.0,0.0,2026-06-30T01:00:00,,0.0,,,,,,0.0,-99.5,0.0,,0.0,,81,61.0,2026-06-30T12:03:00,99.0,2026-06-30T00:33:00,,,0.0,,,1012.4,2026-06-30T01:00:00,,,0.0,1009.6,2026-06-30T13:00:00,,,1010.8,24.0,24.0,24.0,24.0,24.0,24.0,24.0,,,0.0,,,949.3,950.8,2026-06-30T00:01:00,948.3,2026-06-30T05:30:00,11.1,-999.5,,0.0,22.5,,,26.1,31.7,2026-06-30T13:03:00,22.2,2026-06-30T04:18:00,,-99.5,-99.5,-99.5,-99.5,-99.5,-99.5,-99.5,-99.95,,,24.0,,24.0,340,360.0,2026-06-30T16:34:00,1.3,5.9,0,,0,,0,,0,,1,,2,,1,,1,,0,,0,,1,,0,,0,,0,,0,,0,,1,,1,,1,,0,,2,,0,,1,,0,,0,,0,,0,,0,,1,,1,,0,,0,,0,,4,,4,,0,,2,,0,,0.0,350.0,,0.0,3.0,2026-06-30T17:34:00,,,0,,0.0,,0.0,,0.0,,0.8,,3.6,,1.6,,0.5,,0.0,,0.0,,0.6,,0.0,,0.0,,0.0,,0.0,,0.0,,0.3,,0.4,,0.6,,0.0,,0.8,,0.0,,0.3,,0.0,,0.0,,0.0,,0.0,,0.0,,1.6,,1.6,,0.0,,0.0,,0.0,,5.0,,7.9,,0.0,,4.6,,0,
2026-07-01,,,,0.0,,,,,28.2,2026-07-01T12:17:00,,,0.0,21.1,2026-07-01T04:17:00,,,,,0.0,,,20.16,2.86,2026-07-01T10:00:00,,,,0.0,0.0,2026-07-01T01:00:00,,0.0,,,,,,0.0,-99.5,0.0,,0.0,,86,64.0,2026-07-01T10:23:00,98.0,2026-07-01T23:18:00,,,0.0,,,1012.2,2026-07-01T22:00:00,,,0.0,1008.4,2026-07-01T17:00:00,,,1010.4,24.0,24.0,24.0,24.0,24.0,24.0,24.0,,,0.0,,,949.0,950.5,2026-07-01T21:42:00,947.4,2026-07-01T16:58:00,11.4,-999.5,,0.0,23.5,,,26.1,31.3,2026-07-01T12:19:00,22.7,2026-07-01T04:40:00,,-99.5,-99.5,-99.5,-99.5,-99.5,-99.5,-99.5,-99.95,,,24.0,,24.0,360,360.0,2026-07-01T16:02:00,1.3,6.2,0,,1,,0,,1,,1,,1,,1,,1,,0,,0,,2,,0,,1,,0,,0,,0,,1,,0,,0,,0,,0,,0,,0,,0,,0,,0,,1,,0,,0,,1,,1,,1,,1,,0,,3,,2,,4,,0,,0.0,340.0,,0.0,3.6,2026-07-01T16:23:00,,,0,,0.8,,0.0,,1.2,,1.7,,1.1,,1.1,,0.2,,0.0,,0.0,,0.7,,0.0,,0.4,,0.0,,0.0,,0.0,,0.3,,0.0,,0.0,,0.0,,0.0,,0.0,,0.0,,0.0,,0.0,,0.0,,1.5,,0.0,,0.0,,1.7,,1.5,,1.8,,0.4,,0.0,,5.2,,4.4,,7.7,,0,
2026-07-02,,,,0.0,,,,,27.8,2026-07-02T12:47:00,,,0.0,20.7,2026-07-02T05:03:00,,,,,0.0,,,20.74,2.87,2026-07-02T13:00:00,,,,0.0,0.0,2026-07-02T01:00:00,,0.0,,,,,,0.0,-99.5,0.0,,0.0,,84,68.0,2026-07-02T12:49:00,97.0,2026-07-02T23:18:00,,,0.0,,,1015.2,2026-07-02T22:00:00,,,0.0,1011.3,2026-07-02T16:00:00,,,1012.3,24.0,24.0,24.0,24.0,24.0,24.0,24.0,,,0.0,,,950.8,953.3,2026-07-02T21:38:00,949.4,2026-07-02T02:18:00,10.8,-999.5,,0.0,23.5,,,26.4,31.6,2026-07-02T12:13:00,22.8,2026-07-02T05:20:00,,-99.5,-99.5,-99.5,-99.5,-99.5,-99.5,-99.5,-99.95,,,24.0,,24.0,360,320.0,2026-07-02T13:46:00,1.1,5.3,0,,0,,1,,0,,0,,0,,2,,1,,0,,1,,1,,0,,0,,0,,0,,0,,1,,0,,0,,1,,2,,2,,0,,1,,1,,0,,1,,1,,2,,1,,0,,1,,0,,0,,0,,0,,4,,0,,0.0,360.0,,0.0,2.7,2026-07-02T17:14:00,,,0,,0.0,,0.9,,0.0,,0.0,,0.0,,1.7,,1.5,,0.0,,0.5,,0.7,,0.0,,0.0,,0.0,,0.0,,0.0,,0.5,,0.0,,0.0,,0.6,,1.2,,2.2,,0.0,,1.3,,0.7,,0.0,,1.5,,1.8,,2.8,,1.5,,0.0,,1.6,,0.0,,0.0,,0.0,,0.0,,6.4,,0,
2026-07-03,,,,0.0,,,,,27.1,2026-07-03T13:14:00,,,0.0,20.3,2026-07-03T07:38:00,,,,,0.0,,,22.86,3.21,2026-07-03T11:00:00,,,,0.0,0.0,2026-07-03T01:00:00,,0.0,,,,,,0.0,-99.5,0.0,,0.0,,82,61.0,2026-07-03T07:38:00,97.0,2026-07-03T00:01:00,,,0.0,,,1015.2,2026-07-03T22:00:00,,,0.0,1011.6,2026-07-03T13:00:00,,,1013.4,24.0,24.0,24.0,24.0,24.0,24.0,24.0,,,0.0,,,951.8,953.3,2026-07-03T21:32:00,950.5,2026-07-03T16:44:00,10.3,-999.5,,0.0,23.1,,,26.5,32.0,2026-07-03T12:44:00,23.1,2026-07-03T04:22:00,,-99.5,-99.5,-99.5,-99.5,-99.5,-99.5,-99.5,-99.95,,,24.0,,24.0,330,300.0,2026-07-03T13:56:00,1.1,6.5,0,,0,,0,,0,,1,,1,,0,,1,,0,,1,,2,,0,,1,,1,,0,,1,,1,,0,,0,,0,,1,,0,,0,,0,,1,,1,,0,,1,,1,,1,,0,,1,,0,,3,,2,,0,,2,,0,,0.0,330.0,,0.0,2.9,2026-07-03T14:00:00,,,0,,0.0,,0.0,,0.0,,0.5,,0.6,,0.0,,0.8,,0.0,,0.6,,1.1,,0.0,,0.3,,0.5,,0.0,,0.4,,0.4,,0.0,,0.0,,0.0,,0.3,,0.0,,0.0,,0.0,,0.7,,0.8,,0.0,,1.7,,1.4,,2.3,,0.0,,0.9,,0.0,,6.5,,4.3,,0.0,,3.4,,0,
2026-07-04,,,,0.0,,,,,27.2,2026-07-04T13:36:00,,,0.0,21.3,2026-07-04T05:34:00,,,,,0.0,,,26.85,3.6,2026-07-04T13:00:00,,,,0.0,11.0,2026-07-04T22:00:00,,0.0,,,,,,13.0,-99.5,6.0,2026-07-04T21:51:00,11.5,2026-07-04T21:01:00,83,59.0,2026-07-04T11:40:00,99.0,2026-07-04T21:51:00,,,0.0,,,1014.7,2026-07-04T22:00:00,,,0.0,1010.6,2026-07-04T16:00:00,,,1012.9,24.0,24.0,24.0,24.0,24.0,24.0,24.0,,,0.0,,,951.5,952.8,2026-07-04T22:32:00,949.8,2026-07-04T16:25:00,10.7,-999.5,,0.0,23.7,,,27.0,33.7,2026-07-04T13:15:00,23.3,2026-07-04T23:13:00,,-99.5,-99.5,-99.5,-99.5,-99.5,-99.5,-99.5,-99.95,,,24.0,,24.0,220,300.0,2026-07-04T13:59:00,1.2,6.0,0,,0,,0,,1,,0,,0,,0,,0,,1,,0,,2,,0,,0,,1,,0,,1,,2,,0,,1,,0,,0,,2,,4,,0,,2,,1,,0,,2,,2,,1,,0,,0,,0,,0,,0,,0,,1,,0,,0.0,220.0,,0.0,3.5,2026-07-04T22:00:00,,,0,,0.0,,0.0,,1.0,,0.0,,0.0,,0.0,,0.0,,1.1,,0.0,,1.3,,0.0,,0.0,,0.4,,0.0,,0.6,,0.7,,0.0,,1.0,,0.0,,0.0,,2.6,,7.1,,0.0,,1.9,,2.1,,0.0,,1.9,,4.2,,2.0,,0.0,,0.0,,0.0,,0.0,,0.0,,0.0,,0.4,,0,
2026-07-05,,,,0.0,,,,,27.7,2026-07-05T14:17:00,,,0.0,21.7,2026-07-05T07:35:00,,,,,0.0,,,23.77,3.62,2026-07-05T13:00:00,,,,0.0,4.5,2026-07-05T23:00:00,,0.0,,,,,,7.0,-99.5,3.0,2026-07-05T22:40:00,4.5,2026-07-05T21:58:00,86,57.0,2026-07-05T12:46:00,99.0,2026-07-05T00:32:00,,,0.0,,,1014.2,2026-07-05T07:00:00,,,0.0,1009.8,2026-07-05T14:00:00,,,1012.2,24.0,24.0,24.0,24.0,24.0,24.0,24.0,,,0.0,,,950.7,952.4,2026-07-05T07:44:00,949.0,2026-07-05T16:49:00,10.6,-999.5,,0.0,23.6,,,26.2,33.0,2026-07-05T13:58:00,22.6,2026-07-05T23:54:00,,-99.5,-99.5,-99.5,-99.5,-99.5,-99.5,-99.5,-99.95,,,24.0,,24.0,210,310.0,2026-07-05T14:06:00,1.1,5.3,0,,0,,0,,0,,0,,0,,1,,0,,1,,0,,1,,1,,0,,0,,1,,0,,0,,0,,1,,2,,2,,4,,3,,0,,2,,0,,1,,1,,0,,0,,1,,1,,1,,0,,0,,0,,0,,0,,0.0,300.0,,0.0,2.5,2026-07-05T14:08:00,,,0,,0.0,,0.0,,0.0,,0.0,,0.0,,0.6,,0.0,,0.8,,0.0,,0.5,,0.4,,0.0,,0.0,,0.5,,0.0,,0.0,,0.0,,1.2,,1.9,,2.3,,7.2,,3.4,,0.0,,3.2,,0.0,,0.7,,1.0,,0.0,,0.0,,0.5,,1.0,,2.3,,0.0,,0.0,,0.0,,0.0,,0,
2026-07-06,,,,0.0,,,,,27.4,2026-07-06T11:03:00,,,0.0,21.8,2026-07-06T03:40:00,,,,,0.0,,,22.97,3.5,2026-07-06T12:00:00,,,,0.0,0.0,2026-07-06T01:00:00,,0.0,,,,,,0.0,-99.5,0.0,,0.0,,87,58.0,2026-07-06T13:57:00,98.0,2026-07-06T07:25:00,,,0.0,,,1012.7,2026-07-06T08:00:00,,,0.0,1009.2,2026-07-06T16:00:00,,,1011.1,24.0,24.0,24.0,24.0,24.0,24.0,24.0,,,0.0,,,949.7,950.9,2026-07-06T07:18:00,948.6,2026-07-06T16:50:00,10.7,-999.5,,0.0,23.7,,,26.2,32.3,2026-07-06T13:15:00,22.5,2026-07-06T04:05:00,,-99.5,-99.5,-99.5,-99.5,-99.5,-99.5,-99.5,-99.95,,,24.0,,24.0,210,330.0,2026-07-06T14:57:00,1.2,4.8,0,,0,,1,,0,,0,,0,,0,,0,,0,,1,,1,,0,,0,,0,,0,,1,,0,,0,,1,,1,,2,,8,,5,,1,,0,,0,,0,,0,,1,,0,,1,,0,,0,,0,,0,,0,,0,,0,,0.0,210.0,,0.0,2.8,2026-07-06T13:30:00,,,0,,0.0,,1.4,,0.0,,0.0,,0.0,,0.0,,0.0,,0.0,,0.4,,0.6,,0.0,,0.0,,0.0,,0.0,,0.4,,0.0,,0.0,,0.3,,0.7,,2.1,,11.8,,6.6,,0.5,,0.0,,0.0,,0.0,,0.0,,1.8,,0.0,,1.7,,0.0,,0.0,,0.0,,0.0,,0.0,,0.0,,0,
2026-07-07,,,,,,,,,26.9,2026-07-07T14:32:00,,,,21.7,2026-07-07T13:28:00,,,,,,,,18.61,3.04,2026-07-07T12:00:00,,,,,0.0,2026-07-07T01:00:00,,,,,,,,0.0,-99.5,0.0,,0.0,,86,60.0,2026-07-07T12:29:00,98.0,2026-07-07T02:44:00,,,,,,1011.6,2026-07-07T06:00:00,,,,1008.7,2026-07-07T14:00:00,,,1010.2,,,,,,,,,,,,,948.8,949.8,2026-07-07T06:21:00,947.5,2026-07-07T18:14:00,9.5,-999.5,,,23.7,,,26.3,32.9,2026-07-07T12:08:00,23.4,2026-07-07T04:30:00,,-99.5,-99.5,-99.5,-99.5,-99.5,-99.5,-99.5,-99.95,,,,,,210,200.0,2026-07-07T13:21:00,1.2,5.7,0,,0,,0,,0,,0,,0,,0,,0,,0,,1,,0,,0,,0,,0,,0,,0,,0,,0,,3,,0,,2,,7,,5,,2,,2,,1,,0,,0,,1,,0,,0,,0,,0,,0,,0,,0,,0,,0,,,220.0,,,2.7,2026-07-07T11:47:00,,,0,,0.0,,0.0,,0.0,,0.0,,0.0,,0.0,,0.0,,0.0,,0.6,,0.0,,0.0,,0.0,,0.0,,0.0,,0.0,,0.0,,0.0,,1.5,,0.0,,1.6,,12.3,,6.7,,2.3,,1.6,,1.2,,0.0,,0.0,,0.3,,0.0,,0.0,,0.0,,0.0,,0.0,,0.0,,0.0,,0.0,,0,
2026-07-08,,,,1.0,,,,,27.5,2026-07-08T13:23:00,,,1.0,20.9,2026-07-08T04:16:00,,,,,1.0,,,23.6,2.97,2026-07-08T10:00:00,,,,1.0,0.0,2026-07-08T01:00:00,,1.0,,,,,,0.0,-99.5,0.0,,0.0,,82,64.0,2026-07-08T11:27:00,92.0,2026-07-08T00:03:00,,,1.0,,,1010.6,2026-07-08T06:00:00,,,1.0,1006.8,2026-07-08T17:00:00,,,1009.1,24.0,24.0,24.0,24.0,24.0,24.0,24.0,,,1.0,,,947.9,949.5,2026-07-08T09:40:00,946.2,2026-07-08T16:41:00,11.6,-999.5,,1.0,23.2,,,26.5,32.0,2026-07-08T13:33:00,22.9,2026-07-08T04:05:00,,-99.5,-99.5,-99.5,-99.5,-99.5,-99.5,-99.5,-99.95,,,24.0,,24.0,250,300.0,2026-07-08T13:15:00,0.9,5.7,0,,0,,1,,1,,0,,0,,1,,0,,0,,0,,1,,0,,1,,0,,1,,1,,0,,0,,0,,3,,2,,0,,1,,0,,2,,4,,1,,1,,0,,0,,1,,0,,1,,0,,1,,0,,0,,0,,1.0,300.0,,1.0,2.6,2026-07-08T14:15:00,,,0,,0.0,,0.4,,0.6,,0.0,,0.0,,0.7,,0.0,,0.0,,0.0,,0.6,,0.0,,0.4,,0.0,,0.5,,0.3,,0.0,,0.0,,0.0,,1.6,,1.2,,0.0,,0.3,,0.0,,3.1,,6.2,,0.6,,1.2,,0.0,,0.0,,1.7,,0.0,,0.5,,0.0,,1.2,,0.0,,0.0,,0,
2026-07-09,,,,0.0,,,,,24.9,2026-07-09T10:34:00,,,0.0,19.4,2026-07-09T07:58:00,,,,,0.0,,,21.17,2.42,2026-07-09T14:00:00,,,,0.0,0.0,2026-07-09T01:00:00,,0.0,,,,,,0.0,-99.5,0.0,,0.0,,81,64.0,2026-07-09T11:04:00,93.0,2026-07-09T05:30:00,,,0.0,,,1008.3,2026-07-09T06:00:00,,,0.0,1003.9,2026-07-09T17:00:00,,,1006.2,24.0,24.0,24.0,24.0,24.0,24.0,24.0,,,0.0,,,945.1,947.1,2026-07-09T07:24:00,943.0,2026-07-09T23:39:00,11.8,-999.5,,0.0,22.6,,,26.2,29.9,2026-07-09T13:08:00,22.9,2026-07-09T04:18:00,,-99.5,-99.5,-99.5,-99.5,-99.5,-99.5,-99.5,-99.95,,,24.0,,24.0,350,350.0,2026-07-09T12:38:00,1.2,6.0,0,,0,,0,,0,,1,,1,,0,,3,,2,,0,,0,,0,,0,,0,,1,,0,,0,,0,,1,,0,,0,,2,,0,,1,,1,,1,,0,,0,,0,,0,,1,,0,,0,,1,,1,,6,,1,,0,,0.0,360.0,,0.0,3.3,2026-07-09T13:55:00,,,0,,0.0,,0.0,,0.0,,0.7,,1.0,,0.0,,1.8,,0.9,,0.0,,0.0,,0.0,,0.0,,0.0,,0.4,,0.0,,0.0,,0.0,,0.6,,0.0,,0.0,,0.7,,0.0,,0.5,,0.9,,1.0,,0.0,,0.0,,0.0,,0.0,,1.6,,0.0,,0.0,,2.0,,0.3,,14.4,,2.9,,0,
2026-07-10,,,,0.0,,,,,25.4,2026-07-10T11:27:00,,,0.0,19.7,2026-07-10T06:36:00,,,,,0.0,,,21.96,3.51,2026-07-10T11:00:00,,,,0.0,0.0,2026-07-10T01:00:00,,0.0,,,,,,0.0,-99.5,0.0,,0.0,,81,58.0,2026-07-10T12:06:00,96.0,2026-07-10T03:48:00,,,0.0,,,1003.7,2026-07-10T02:00:00,,,0.0,994.2,2026-07-10T23:59:00,,,999.4,24.0,24.0,24.0,24.0,24.0,24.0,24.0,,,0.0,,,938.6,943.0,2026-07-10T00:01:00,933.2,2026-07-10T23:53:00,10.5,-999.5,,0.0,22.1,,,25.8,31.5,2026-07-10T11:58:00,22.4,2026-07-10T03:08:00,,-99.5,-99.5,-99.5,-99.5,-99.5,-99.5,-99.5,-99.95,,,24.0,,24.0,360,350.0,2026-07-10T14:18:00,2.8,13.0,0,,3,,1,,0,,0,,0,,3,,1,,0,,2,,0,,0,,0,,0,,0,,0,,0,,0,,0,,0,,0,,0,,0,,0,,1,,0,,0,,0,,0,,0,,0,,0,,0,,0,,1,,5,,7,,0,,0.0,350.0,,0.0,7.2,2026-07-10T14:26:00,,,0,,5.9,,1.6,,0.0,,0.0,,0.0,,2.4,,1.3,,0.0,,0.8,,0.0,,0.0,,0.0,,0.0,,0.0,,0.0,,0.0,,0.0,,0.0,,0.0,,0.0,,0.0,,0.0,,0.0,,0.3,,0.0,,0.0,,0.0,,0.0,,0.0,,0.0,,0.0,,0.0,,0.0,,3.1,,24.2,,26.9,,0,
2026-07-11,,,,0.0,,,,,23.4,2026-07-11T05:22:00,,,0.0,21.3,2026-07-11T23:59:00,,,,,0.0,,,2.34,0.44,2026-07-11T10:00:00,,,,0.0,33.0,2026-07-11T19:00:00,,0.0,,,,,,287.5,-99.5,11.5,2026-07-11T09:31:00,35.0,2026-07-11T17:49:00,98,89.0,2026-07-11T23:59:00,100.0,2026-07-11T18:38:00,,,0.0,,,997.5,2026-07-11T23:59:00,,,0.0,989.1,2026-07-11T05:00:00,,,991.8,24.0,24.0,24.0,24.0,24.0,24.0,24.0,,,0.0,,,930.9,936.3,2026-07-11T23:58:00,928.2,2026-07-11T05:29:00,1.3,-999.5,,0.0,22.5,,,22.9,23.9,2026-07-11T05:54:00,21.8,2026-07-11T21:20:00,,-99.5,-99.5,-99.5,-99.5,-99.5,-99.5,-99.5,-99.95,,,24.0,,24.0,220,360.0,2026-07-11T07:25:00,4.1,19.0,0,,0,,0,,1,,0,,0,,1,,0,,0,,0,,0,,0,,0,,0,,0,,0,,0,,0,,0,,0,,0,,1,,8,,0,,1,,0,,1,,1,,1,,0,,0,,1,,0,,0,,1,,4,,3,,0,,0.0,350.0,,0.0,10.0,2026-07-11T07:25:00,,,0,,0.0,,0.0,,2.7,,0.0,,0.0,,2.1,,0.0,,0.0,,0.0,,0.0,,0.0,,0.0,,0.0,,0.0,,0.0,,0.0,,0.0,,0.0,,0.0,,0.0,,3.6,,27.5,,0.0,,2.4,,0.0,,3.3,,3.8,,3.4,,0.0,,0.0,,4.2,,0.0,,0.0,,1.8,,26.7,,17.0,,0,
2026-07-12,,,,0.0,,,,,26.1,2026-07-12T13:51:00,,,0.0,20.4,2026-07-12T01:29:00,,,,,0.0,,,21.53,3.32,2026-07-12T12:00:00,,,,0.0,1.5,2026-07-12T03:00:00,,0.0,,,,,,3.5,-99.5,1.5,2026-07-12T02:49:00,1.5,2026-07-12T01:59:00,83,68.0,2026-07-12T15:04:00,97.0,2026-07-12T03:00:00,,,0.0,,,1005.9,2026-07-12T22:00:00,,,0.0,996.7,2026-07-12T01:00:00,,,1001.7,24.0,24.0,24.0,24.0,24.0,24.0,24.0,,,0.0,,,940.8,944.5,2026-07-12T21:49:00,935.0,2026-07-12T00:27:00,10.4,-999.5,,0.0,23.1,,,26.4,31.1,2026-07-12T14:56:00,22.5,2026-07-12T04:18:00,,-99.5,-99.5,-99.5,-99.5,-99.5,-99.5,-99.5,-99.95,,,24.0,,24.0,220,190.0,2026-07-12T03:09:00,3.1,11.2,0,,0,,0,,0,,0,,0,,0,,0,,0,,0,,0,,0,,0,,0,,0,,0,,0,,0,,1,,0,,1,,9,,11,,2,,0,,0,,0,,0,,0,,0,,0,,0,,0,,0,,0,,0,,0,,0,,0.0,220.0,,0.0,5.8,2026-07-12T03:13:00,,,0,,0.0,,0.0,,0.0,,0.0,,0.0,,0.0,,0.0,,0.0,,0.0,,0.0,,0.0,,0.0,,0.0,,0.0,,0.0,,0.0,,0.0,,0.5,,0.0,,0.9,,22.4,,43.2,,6.4,,0.0,,0.0,,0.0,,0.0,,0.0,,0.0,,0.0,,0.0,,0.0,,0.0,,0.0,,0.0,,0.0,,0,
2026-07-13,,,,0.0,,,,,26.4,2026-07-13T12:57:00,,,0.0,21.3,2026-07-13T04:20:00,,,,,0.0,,,13.26,2.45,2026-07-13T13:00:00,,,,0.0,55.0,2026-07-13T19:00:00,,0.0,,,,,,130.0,-99.5,15.5,2026-07-13T18:31:00,69.5,2026-07-13T17:44:00,91,71.0,2026-07-13T12:24:00,99.0,2026-07-13T15:59:00,,,0.0,,,1009.6,2026-07-13T23:59:00,,,0.0,1005.3,2026-07-13T13:00:00,,,1006.9,24.0,24.0,24.0,24.0,24.0,24.0,24.0,,,0.0,,,945.6,947.9,2026-07-13T23:25:00,943.9,2026-07-13T01:09:00,7.6,-999.5,,0.0,23.8,,,25.6,30.4,2026-07-13T12:27:00,23.7,2026-07-13T18:53:00,,-99.5,-99.5,-99.5,-99.5,-99.5,-99.5,-99.5,-99.95,,,24.0,,24.0,320,180.0,2026-07-13T18:04:00,1.0,8.0,0,,0,,0,,0,,2,,1,,0,,0,,1,,2,,1,,0,,1,,0,,2,,0,,0,,0,,0,,0,,0,,0,,1,,1,,0,,1,,1,,1,,0,,2,,0,,1,,2,,1,,1,,1,,1,,0,,0.0,360.0,,0.0,3.5,2026-07-13T16:19:00,,,0,,0.0,,0.0,,0.0,,1.6,,0.6,,0.0,,0.0,,0.2,,1.1,,0.2,,0.0,,0.7,,0.0,,0.8,,0.0,,0.0,,0.0,,0.0,,0.0,,0.0,,0.0,,0.4,,0.5,,0.0,,1.4,,0.5,,1.3,,0.0,,2.3,,0.0,,2.2,,3.1,,2.2,,2.1,,1.2,,2.3,,0,
2026-07-14,,,,0.0,,,,,26.6,2026-07-14T16:34:00,,,0.0,22.0,2026-07-14T07:33:00,,,,,0.0,,,14.58,2.7,2026-07-14T10:00:00,,,,0.0,4.0,2026-07-14T15:00:00,,0.0,,,,,,4.5,-99.5,3.5,2026-07-14T14:47:00,4.0,2026-07-14T14:00:00,91,71.0,2026-07-14T09:56:00,99.0,2026-07-14T00:01:00,,,0.0,,,1011.5,2026-07-14T23:59:00,,,0.0,1007.5,2026-07-14T04:00:00,,,1009.3,24.0,24.0,24.0,24.0,24.0,24.0,24.0,,,0.0,,,947.9,949.8,2026-07-14T22:25:00,945.5,2026-07-14T04:36:00,8.7,-999.5,,0.0,24.1,,,25.8,30.2,2026-07-14T11:41:00,22.7,2026-07-14T05:51:00,,-99.5,-99.5,-99.5,-99.5,-99.5,-99.5,-99.5,-99.95,,,24.0,,24.0,200,220.0,2026-07-14T13:04:00,0.8,3.2,0,,0,,2,,2,,1,,1,,1,,0,,1,,1,,1,,0,,1,,0,,0,,0,,0,,0,,0,,0,,3,,1,,1,,1,,0,,1,,0,,0,,0,,0,,0,,2,,2,,0,,0,,1,,0,,0,,1.0,50.0,,0.0,2.2,2026-07-14T02:43:00,,,0,,0.0,,1.2,,2.8,,0.8,,1.6,,1.3,,0.0,,1.3,,0.6,,0.8,,0.0,,0.5,,0.0,,0.0,,0.0,,0.0,,0.0,,0.0,,0.0,,1.7,,0.6,,1.0,,1.1,,0.0,,1.0,,0.0,,0.0,,0.0,,0.0,,0.0,,1.7,,1.5,,0.0,,0.0,,0.8,,0.0,,0,
2026-07-15,,,,0.0,,,,,25.5,2026-07-15T12:13:00,,,0.0,21.0,2026-07-15T07:08:00,,,,,0.0,,,26.94,3.66,2026-07-15T13:00:00,,,,0.0,0.0,2026-07-15T01:00:00,,0.0,,,,,,0.0,-99.5,0.0,,0.0,,82,64.0,2026-07-15T14:34:00,97.0,2026-07-15T00:05:00,,,0.0,,,1011.8,2026-07-15T22:00:00,,,0.0,1008.6,2026-07-15T15:00:00,,,1010.3,24.0,24.0,24.0,24.0,24.0,24.0,24.0,,,0.0,,,948.9,950.2,2026-07-15T22:11:00,947.7,2026-07-15T15:27:00,11.4,-999.5,,0.0,22.9,,,26.2,31.5,2026-07-15T12:14:00,23.0,2026-07-15T04:26:00,,-99.5,-99.5,-99.5,-99.5,-99.5,-99.5,-99.5,-99.95,,,24.0,,24.0,220,200.0,2026-07-15T09:33:00,2.3,8.6,0,,0,,0,,0,,0,,0,,1,,1,,0,,0,,0,,1,,0,,1,,0,,1,,2,,0,,0,,0,,0,,7,,10,,0,,0,,0,,0,,0,,0,,0,,0,,0,,0,,0,,0,,0,,0,,0,,0.0,210.0,,0.0,5.0,2026-07-15T08:38:00,,,0,,0.0,,0.0,,0.0,,0.0,,0.0,,0.4,,0.5,,0.0,,0.0,,0.0,,0.5,,0.0,,0.6,,0.0,,0.7,,1.1,,0.0,,0.0,,0.0,,0.0,,23.7,,27.9,,0.0,,0.0,,0.0,,0.0,,0.0,,0.0,,0.0,,0.0,,0.0,,0.0,,0.0,,0.0,,0.0,,0.0,,0,
2026-07-16,,,,0.0,,,,,25.5,2026-07-16T13:35:00,,,0.0,19.8,2026-07-16T07:04:00,,,,,0.0,,,21.23,3.68,2026-07-16T12:00:00,,,,0.0,8.0,2026-07-16T16:00:00,,0.0,,,,,,11.5,-99.5,4.0,2026-07-16T15:09:00,9.0,2026-07-16T15:02:00,85,65.0,2026-07-16T12:40:00,98.0,2026-07-16T15:19:00,,,0.0,,,1011.3,2026-07-16T01:00:00,,,0.0,1008.5,2026-07-16T14:00:00,,,1009.7,24.0,24.0,24.0,24.0,24.0,24.0,24.0,,,0.0,,,948.2,949.6,2026-07-16T00:03:00,947.1,2026-07-16T16:22:00,9.6,-999.5,,0.0,22.5,,,25.4,31.1,2026-07-16T12:39:00,23.0,2026-07-16T03:26:00,,-99.5,-99.5,-99.5,-99.5,-99.5,-99.5,-99.5,-99.95,,,24.0,,24.0,220,200.0,2026-07-16T10:05:00,2.2,10.0,0,,0,,0,,0,,0,,0,,0,,0,,1,,0,,0,,1,,0,,0,,0,,0,,0,,0,,0,,4,,0,,7,,8,,1,,2,,0,,0,,0,,0,,0,,0,,0,,0,,0,,0,,0,,0,,0,,0.0,210.0,,0.0,4.6,2026-07-16T11:41:00,,,0,,0.0,,0.0,,0.0,,0.0,,0.0,,0.0,,0.0,,0.6,,0.0,,0.0,,0.6,,0.0,,0.0,,0.0,,0.0,,0.0,,0.0,,0.0,,3.2,,0.0,,18.1,,23.9,,2.1,,3.5,,0.0,,0.0,,0.0,,0.0,,0.0,,0.0,,0.0,,0.0,,0.0,,0.0,,0.0,,0.0,,0,
2026-07-17,,,,0.0,,,,,26.0,2026-07-17T13:20:00,,,0.0,20.3,2026-07-17T02:12:00,,,,,0.0,,,23.29,3.59,2026-07-17T13:00:00,,,,0.0,0.5,2026-07-17T19:00:00,,0.0,,,,,,0.5,-99.5,0.5,2026-07-17T18:22:00,0.5,2026-07-17T17:32:00,82,65.0,2026-07-17T12:27:00,96.0,2026-07-17T18:40:00,,,0.0,,,1010.1,2026-07-17T22:00:00,,,0.0,1006.0,2026-07-17T15:00:00,,,1008.3,24.0,24.0,24.0,24.0,24.0,24.0,24.0,,,0.0,,,947.0,948.3,2026-07-17T07:13:00,945.5,2026-07-17T14:26:00,9.4,-999.5,,0.0,22.3,,,25.7,31.4,2026-07-17T13:20:00,22.4,2026-07-17T03:34:00,,-99.5,-99.5,-99.5,-99.5,-99.5,-99.5,-99.5,-99.95,,,24.0,,24.0,220,200.0,2026-07-17T20:23:00,3.0,10.4,0,,0,,0,,0,,0,,0,,0,,0,,0,,0,,1,,0,,0,,0,,0,,0,,0,,0,,0,,0,,2,,1,,19,,1,,0,,0,,0,,0,,0,,0,,0,,0,,0,,0,,0,,0,,0,,0,,0.0,210.0,,0.0,5.6,2026-07-17T14:32:00,,,0,,0.0,,0.0,,0.0,,0.0,,0.0,,0.0,,0.0,,0.0,,0.0,,0.6,,0.0,,0.0,,0.0,,0.0,,0.0,,0.0,,0.0,,0.0,,0.0,,1.5,,3.3,,63.8,,3.1,,0.0,,0.0,,0.0,,0.0,,0.0,,0.0,,0.0,,0.0,,0.0,,0.0,,0.0,,0.0,,0.0,,0,
2026-07-18,,,,0.0,,,,,25.5,2026-07-18T13:38:00,,,0.0,19.7,2026-07-18T05:04:00,,,,,0.0,,,19.54,3.76,2026-07-18T12:00:00,,,,0.0,2.0,2026-07-18T17:00:00,,0.0,,,,,,5.5,-99.5,2.0,2026-07-18T16:35:00,3.0,2026-07-18T16:30:00,85,63.0,2026-07-18T12:06:00,99.0,2026-07-18T16:54:00,,,0.0,,,1009.0,2026-07-18T23:59:00,,,0.0,1006.1,2026-07-18T13:00:00,,,1007.6,24.0,24.0,24.0,24.0,24.0,24.0,24.0,,,0.0,,,946.1,947.5,2026-07-18T00:01:00,944.9,2026-07-18T04:04:00,8.7,-999.5,,0.0,22.1,,,24.9,31.3,2026-07-18T12:04:00,22.3,2026-07-18T23:59:00,,-99.5,-99.5,-99.5,-99.5,-99.5,-99.5,-99.5,-99.95,,,24.0,,24.0,220,200.0,2026-07-18T16:43:00,2.3,8.1,0,,0,,0,,0,,0,,0,,0,,0,,0,,0,,0,,1,,0,,0,,0,,0,,0,,0,,0,,0,,3,,7,,12,,0,,1,,0,,0,,0,,0,,0,,0,,0,,0,,0,,0,,0,,0,,0,,0.0,220.0,,0.0,4.6,2026-07-18T16:49:00,,,0,,0.0,,0.0,,0.0,,0.0,,0.0,,0.0,,0.0,,0.0,,0.0,,0.0,,0.5,,0.0,,0.0,,0.0,,0.0,,0.0,,0.0,,0.0,,0.0,,4.7,,17.6,,31.9,,0.0,,1.2,,0.0,,0.0,,0.0,,0.0,,0.0,,0.0,,0.0,,0.0,,0.0,,0.0,,0.0,,0.0,,0,
2026-07-19,,,,0.0,,,,,25.8,2026-07-19T12:44:00,,,0.0,20.4,2026-07-19T05:40:00,,,,,0.0,,,20.59,2.9,2026-07-19T13:00:00,,,,0.0,1.0,2026-07-19T22:00:00,,0.0,,,,,,1.0,-99.5,0.5,2026-07-19T21:00:00,1.0,2026-07-19T20:20:00,85,74.0,2026-07-19T12:48:00,97.0,2026-07-19T00:03:00,,,0.0,,,1009.0,2026-07-19T22:00:00,,,0.0,1005.2,2026-07-19T16:00:00,,,1007.8,24.0,24.0,24.0,24.0,24.0,24.0,24.0,,,0.0,,,946.3,947.7,2026-07-19T10:53:00,944.3,2026-07-19T15:35:00,10.8,-999.5,,0.0,22.4,,,25.0,29.9,2026-07-19T12:45:00,22.1,2026-07-19T23:57:00,,-99.5,-99.5,-99.5,-99.5,-99.5,-99.5,-99.5,-99.95,,,24.0,,24.0,220,200.0,2026-07-19T17:28:00,2.4,8.4,0,,0,,0,,0,,0,,0,,0,,0,,0,,0,,0,,0,,0,,0,,0,,0,,0,,0,,0,,0,,7,,5,,12,,0,,0,,0,,0,,0,,0,,0,,0,,0,,0,,0,,0,,0,,0,,0,,0.0,210.0,,0.0,4.4,2026-07-19T17:24:00,,,0,,0.0,,0.0,,0.0,,0.0,,0.0,,0.0,,0.0,,0.0,,0.0,,0.0,,0.0,,0.0,,0.0,,0.0,,0.0,,0.0,,0.0,,0.0,,0.0,,8.9,,14.7,,34.1,,0.0,,0.0,,0.0,,0.0,,0.0,,0.0,,0.0,,0.0,,0.0,,0.0,,0.0,,0.0,,0.0,,0.0,,0,
2026-07-20,,,,0.0,,,,,26.1,2026-07-20T12:09:00,,,0.0,20.0,2026-07-20T06:25:00,,,,,0.0,,,21.26,3.25,2026-07-20T14:00:00,,,,0.0,0.5,2026-07-20T20:00:00,,0.0,,,,,,0.5,-99.5,0.5,2026-07-20T18:59:00,0.5,2026-07-20T18:09:00,83,61.0,2026-07-20T16:10:00,98.0,2026-07-20T00:55:00,,,0.0,,,1010.2,2026-07-20T22:00:00,,,0.0,1006.9,2026-07-20T15:00:00,,,1008.9,24.0,24.0,24.0,24.0,24.0,24.0,24.0,,,0.0,,,947.5,948.7,2026-07-20T09:11:00,946.2,2026-07-20T17:21:00,10.9,-999.5,,0.0,22.1,,,25.3,30.7,2026-07-20T14:34:00,22.0,2026-07-20T00:32:00,,-99.5,-99.5,-99.5,-99.5,-99.5,-99.5,-99.5,-99.95,,,24.0,,24.0,210,190.0,2026-07-20T09:23:00,2.2,7.7,0,,0,,0,,0,,0,,0,,0,,0,,1,,0,,0,,1,,0,,0,,0,,0,,0,,0,,2,,2,,2,,9,,7,,0,,0,,0,,0,,0,,0,,0,,0,,0,,0,,0,,0,,0,,0,,0,,0.0,220.0,,0.0,4.2,2026-07-20T13:44:00,,,0,,0.0,,0.0,,0.0,,0.0,,0.0,,0.0,,0.0,,0.6,,0.0,,0.0,,0.6,,0.0,,0.0,,0.0,,0.0,,0.0,,0.0,,1.9,,1.7,,2.3,,26.0,,19.1,,0.0,,0.0,,0.0,,0.0,,0.0,,0.0,,0.0,,0.0,,0.0,,0.0,,0.0,,0.0,,0.0,,0.0,,0,
2026-07-21,,,,0.0,,,,,25.8,2026-07-21T14:17:00,,,0.0,19.6,2026-07-21T23:43:00,,,,,0.0,,,21.66,3.58,2026-07-21T13:00:00,,,,0.0,2.0,2026-07-21T18:00:00,,0.0,,,,,,4.0,-99.5,1.5,2026-07-21T17:25:00,2.0,2026-07-21T16:47:00,82,62.0,2026-07-21T12:07:00,97.0,2026-07-21T17:38:00,,,0.0,,,1011.9,2026-07-21T22:00:00,,,0.0,1008.0,2026-07-21T14:00:00,,,1010.3,24.0,24.0,24.0,24.0,24.0,24.0,24.0,,,0.0,,,948.8,950.1,2026-07-21T08:19:00,947.3,2026-07-21T14:48:00,9.1,-999.5,,0.0,22.0,,,25.4,32.2,2026-07-21T13:55:00,22.2,2026-07-21T19:59:00,,-99.5,-99.5,-99.5,-99.5,-99.5,-99.5,-99.5,-99.95,,,24.0,,24.0,210,80.0,2026-07-21T19:43:00,1.4,6.7,0,,0,,0,,0,,0,,0,,0,,0,,1,,2,,0,,2,,1,,1,,2,,0,,0,,0,,2,,2,,1,,5,,2,,0,,0,,0,,0,,0,,0,,0,,1,,1,,0,,0,,0,,0,,1,,0,,0.0,210.0,,0.0,3.8,2026-07-21T10:39:00,,,0,,0.0,,0.0,,0.0,,0.0,,0.0,,0.0,,0.0,,0.9,,2.0,,0.0,,2.0,,0.8,,0.6,,1.5,,0.0,,0.0,,0.0,,1.9,,1.5,,1.1,,12.6,,5.1,,0.0,,0.0,,0.0,,0.0,,0.0,,0.0,,0.0,,2.2,,1.4,,0.0,,0.0,,0.0,,0.0,,0.4,,0,
2026-07-22,,,,0.0,,,,,26.5,2026-07-22T16:32:00,,,0.0,18.5,2026-07-22T05:11:00,,,,,0.0,,,24.22,3.37,2026-07-22T13:00:00,,,,0.0,1.5,2026-07-22T17:00:00,,0.0,,,,,,1.5,-99.5,1.0,2026-07-22T16:19:00,1.5,2026-07-22T15:34:00,83,66.0,2026-07-22T12:22:00,96.0,2026-07-22T19:38:00,,,0.0,,,1011.4,2026-07-22T08:00:00,,,0.0,1008.2,2026-07-22T15:00:00,,,1010.1,24.0,24.0,24.0,24.0,24.0,24.0,24.0,,,0.0,,,948.7,950.0,2026-07-22T07:20:00,947.1,2026-07-22T16:40:00,11.0,-999.5,,0.0,22.8,,,26.0,31.3,2026-07-22T12:41:00,22.2,2026-07-22T03:15:00,,-99.5,-99.5,-99.5,-99.5,-99.5,-99.5,-99.5,-99.95,,,24.0,,24.0,210,320.0,2026-07-22T15:54:00,1.0,5.8,0,,0,,0,,0,,1,,0,,1,,0,,0,,0,,1,,1,,2,,3,,2,,1,,0,,1,,0,,1,,0,,5,,0,,0,,0,,1,,0,,1,,1,,1,,1,,0,,0,,0,,0,,0,,0,,0,,0.0,290.0,,0.0,2.4,2026-07-22T15:23:00,,,0,,0.0,,0.0,,0.0,,0.9,,0.0,,0.8,,0.0,,0.0,,0.0,,0.5,,0.6,,1.0,,1.3,,0.8,,0.2,,0.0,,0.4,,0.0,,0.9,,0.0,,9.5,,0.0,,0.0,,0.0,,1.3,,0.0,,1.7,,1.1,,0.7,,2.0,,0.0,,0.0,,0.0,,0.0,,0.0,,0.0,,0,
2026-07-23,,,,1.0,,,,,25.7,2026-07-23T10:52:00,,,1.0,20.5,2026-07-23T05:48:00,,,,,1.0,,,13.61,2.07,2026-07-23T11:00:00,,,,1.0,0.0,2026-07-23T01:00:00,,1.0,,,,,,0.0,-99.5,0.0,,0.0,,86,73.0,2026-07-23T07:27:00,95.0,2026-07-23T01:52:00,,,1.0,,,1010.0,2026-07-23T10:00:00,,,1.0,1007.6,2026-07-23T18:00:00,,,1009.1,24.0,24.0,24.0,24.0,24.0,24.0,24.0,,,1.0,,,947.7,948.9,2026-07-23T10:12:00,946.4,2026-07-23T17:10:00,9.8,-999.5,,1.0,23.1,,,25.6,29.5,2026-07-23T10:55:00,23.1,2026-07-23T03:10:00,,-99.5,-99.5,-99.5,-99.5,-99.5,-99.5,-99.5,-99.95,,,24.0,,24.0,220,10.0,2026-07-23T15:21:00,0.9,4.8,0,,1,,0,,2,,1,,1,,1,,1,,0,,0,,0,,2,,0,,1,,1,,0,,0,,1,,0,,3,,0,,0,,4,,0,,0,,0,,0,,0,,0,,0,,1,,1,,0,,0,,0,,0,,2,,0,,1.0,320.0,,1.0,2.4,2026-07-23T14:34:00,,,0,,0.2,,0.0,,2.7,,1.0,,0.3,,0.9,,0.6,,0.0,,0.0,,0.0,,1.0,,0.0,,0.4,,0.2,,0.0,,0.0,,0.5,,0.0,,1.4,,0.0,,0.0,,4.7,,0.0,,0.0,,0.0,,0.0,,0.0,,0.0,,0.0,,1.6,,2.0,,0.0,,0.0,,0.0,,0.0,,2.7,,0,
2026-07-24,,,,0.0,,,,,26.3,2026-07-24T17:56:00,,,0.0,20.7,2026-07-24T05:30:00,,,,,0.0,,,19.5,3.41,2026-07-24T13:00:00,,,,0.0,0.0,2026-07-24T01:00:00,,0.0,,,,,,0.0,-99.5,0.0,,0.0,,85,57.0,2026-07-24T14:34:00,98.0,2026-07-24T23:18:00,,,0.0,,,1008.4,2026-07-24T07:00:00,,,0.0,1003.3,2026-07-24T17:00:00,,,1006.2,24.0,24.0,24.0,24.0,24.0,24.0,24.0,,,0.0,,,945.1,947.2,2026-07-24T00:01:00,942.8,2026-07-24T17:52:00,10.7,-999.5,,0.0,23.7,,,26.5,31.9,2026-07-24T14:33:00,22.6,2026-07-24T05:20:00,,-99.5,-99.5,-99.5,-99.5,-99.5,-99.5,-99.5,-99.95,,,24.0,,24.0,210,50.0,2026-07-24T20:52:00,0.8,3.6,0,,0,,0,,0,,1,,0,,2,,0,,0,,1,,1,,0,,2,,2,,0,,0,,0,,0,,0,,0,,1,,3,,1,,2,,0,,1,,2,,0,,0,,0,,2,,1,,1,,0,,0,,0,,1,,0,,0.0,300.0,,0.0,2.1,2026-07-24T13:22:00,,,0,,0.0,,0.0,,0.0,,0.6,,0.0,,2.2,,0.0,,0.0,,0.4,,0.4,,0.0,,1.1,,1.2,,0.0,,0.0,,0.0,,0.0,,0.0,,0.0,,0.4,,3.0,,1.0,,1.8,,0.0,,0.7,,1.9,,0.0,,0.0,,0.0,,1.7,,1.2,,1.2,,0.0,,0.0,,0.0,,1.1,,0,
2026-07-25,,,,0.0,,,,,26.0,2026-07-25T13:41:00,,,0.0,20.6,2026-07-25T03:47:00,,,,,0.0,,,12.95,2.52,2026-07-25T12:00:00,,,,0.0,0.0,2026-07-25T01:00:00,,0.0,,,,,,0.0,-99.5,0.0,,0.0,,84,58.0,2026-07-25T11:11:00,97.0,2026-07-25T00:01:00,,,0.0,,,1010.2,2026-07-25T22:00:00,,,0.0,1004.7,2026-07-25T01:00:00,,,1007.2,24.0,24.0,24.0,24.0,24.0,24.0,24.0,,,0.0,,,946.0,948.6,2026-07-25T22:23:00,943.3,2026-07-25T03:14:00,8.4,-999.5,,0.0,23.3,,,26.2,31.2,2026-07-25T12:37:00,23.7,2026-07-25T03:22:00,,-99.5,-99.5,-99.5,-99.5,-99.5,-99.5,-99.5,-99.95,,,24.0,,24.0,20,320.0,2026-07-25T13:39:00,1.0,5.2,0,,2,,3,,0,,0,,1,,2,,0,,0,,0,,1,,0,,1,,0,,0,,0,,1,,0,,0,,1,,0,,2,,2,,1,,1,,1,,1,,0,,0,,0,,0,,0,,0,,0,,1,,1,,2,,0,,0.0,10.0,,0.0,2.4,2026-07-25T16:54:00,,,0,,2.3,,3.3,,0.0,,0.0,,1.5,,2.0,,0.0,,0.0,,0.0,,0.7,,0.0,,0.8,,0.0,,0.0,,0.0,,0.4,,0.0,,0.0,,0.9,,0.0,,3.1,,1.3,,0.6,,0.6,,1.0,,0.9,,0.0,,0.0,,0.0,,0.0,,0.0,,0.0,,0.0,,1.5,,0.7,,2.8,,0,
2026-07-26,,,,0.0,,,,,24.3,2026-07-26T12:42:00,,,0.0,21.3,2026-07-26T06:30:00,,,,,0.0,,,20.08,3.52,2026-07-26T12:00:00,,,,0.0,0.0,2026-07-26T01:00:00,,0.0,,,,,,0.0,-99.5,0.0,,0.0,,84,67.0,2026-07-26T10:40:00,96.0,2026-07-26T00:15:00,,,0.0,,,1009.4,2026-07-26T08:00:00,,,0.0,1006.5,2026-07-26T14:00:00,,,1008.3,24.0,24.0,24.0,24.0,24.0,24.0,24.0,,,0.0,,,946.9,948.1,2026-07-26T08:11:00,945.7,2026-07-26T14:08:00,10.6,-999.5,,0.0,22.6,,,25.6,29.1,2026-07-26T13:00:00,23.1,2026-07-26T03:09:00,,-99.5,-99.5,-99.5,-99.5,-99.5,-99.5,-99.5,-99.95,,,24.0,,24.0,360,330.0,2026-07-26T11:56:00,1.9,9.5,0,,2,,2,,0,,1,,1,,2,,1,,2,,0,,0,,0,,0,,0,,0,,0,,0,,0,,0,,1,,0,,0,,0,,0,,0,,0,,0,,0,,0,,0,,0,,1,,1,,0,,3,,3,,4,,0,,0.0,360.0,,0.0,5.1,2026-07-26T10:25:00,,,0,,3.6,,2.0,,0.0,,0.5,,0.2,,2.0,,1.6,,1.4,,0.0,,0.0,,0.0,,0.0,,0.0,,0.0,,0.0,,0.0,,0.0,,0.0,,0.2,,0.0,,0.0,,0.0,,0.0,,0.0,,0.0,,0.0,,0.0,,0.0,,0.0,,0.0,,0.3,,0.7,,0.0,,11.3,,8.1,,14.5,,0,
2026-07-27,,,,0.0,,,,,25.5,2026-07-27T10:47:00,,,0.0,20.6,2026-07-27T22:59:00,,,,,0.0,,,9.51,1.84,2026-07-27T13:00:00,,,,0.0,6.5,2026-07-27T18:00:00,,0.0,,,,,,8.0,-99.5,4.0,2026-07-27T17:07:00,8.0,2026-07-27T16:45:00,90,73.0,2026-07-27T12:47:00,98.0,2026-07-27T16:53:00,,,0.0,,,1012.9,2026-07-27T22:00:00,,,0.0,1008.5,2026-07-27T01:00:00,,,1010.4,24.0,24.0,24.0,24.0,24.0,24.0,24.0,,,0.0,,,948.6,950.5,2026-07-27T21:53:00,946.6,2026-07-27T01:24:00,7.5,-999.5,,0.0,22.5,,,24.3,28.6,2026-07-27T13:16:00,21.7,2026-07-27T17:41:00,,-99.5,-99.5,-99.5,-99.5,-99.5,-99.5,-99.5,-99.95,,,24.0,,24.0,210,20.0,2026-07-27T14:56:00,1.0,6.7,0,,0,,1,,1,,0,,1,,4,,1,,0,,0,,0,,0,,1,,0,,0,,0,,0,,0,,0,,1,,0,,5,,0,,1,,0,,0,,0,,1,,0,,0,,0,,0,,1,,1,,1,,1,,3,,0,,0.0,360.0,,0.0,3.6,2026-07-27T15:16:00,,,0,,0.0,,0.5,,0.4,,0.0,,0.2,,4.0,,1.2,,0.0,,0.0,,0.0,,0.0,,0.5,,0.0,,0.0,,0.0,,0.0,,0.0,,0.0,,0.2,,0.0,,4.0,,0.0,,1.3,,0.0,,0.0,,0.0,,0.9,,0.0,,0.0,,0.0,,0.0,,1.1,,0.8,,2.7,,2.1,,5.2,,0,
2026-07-28,,,,0.0,,,,,24.9,2026-07-28T16:36:00,,,0.0,20.3,2026-07-28T04:56:00,,,,,0.0,,,22.12,3.46,2026-07-28T12:00:00,,,,0.0,1.0,2026-07-28T16:00:00,,0.0,,,,,,1.0,-99.5,0.5,2026-07-28T15:38:00,1.0,2026-07-28T14:59:00,82,64.0,2026-07-28T12:54:00,93.0,2026-07-28T00:02:00,,,0.0,,,1014.2,2026-07-28T23:59:00,,,0.0,1011.5,2026-07-28T15:00:00,,,1012.4,24.0,24.0,24.0,24.0,24.0,24.0,24.0,,,0.0,,,950.8,952.1,2026-07-28T22:32:00,949.6,2026-07-28T01:19:00,10.9,-999.5,,0.0,22.2,,,25.5,30.4,2026-07-28T14:11:00,21.9,2026-07-28T04:54:00,,-99.5,-99.5,-99.5,-99.5,-99.5,-99.5,-99.5,-99.95,,,24.0,,24.0,50,350.0,2026-07-28T11:30:00,1.4,7.6,0,,1,,1,,2,,0,,4,,1,,2,,3,,0,,0,,0,,0,,0,,0,,1,,0,,0,,0,,0,,1,,0,,0,,0,,1,,0,,0,,0,,0,,0,,0,,2,,0,,0,,2,,2,,1,,0,,0.0,350.0,,0.0,4.1,2026-07-28T11:52:00,,,0,,1.9,,0.8,,2.0,,0.0,,5.0,,0.8,,1.9,,2.3,,0.0,,0.0,,0.0,,0.0,,0.0,,0.0,,0.4,,0.0,,0.0,,0.0,,0.0,,0.4,,0.0,,0.0,,0.0,,0.4,,0.0,,0.0,,0.0,,0.0,,0.0,,0.0,,4.6,,0.0,,0.0,,4.1,,5.9,,3.4,,0,
2026-07-29,,,,0.0,,,,,26.8,2026-07-29T13:05:00,,,0.0,20.4,2026-07-29T06:04:00,,,,,0.0,,,19.44,2.36,2026-07-29T13:00:00,,,,0.0,0.0,2026-07-29T01:00:00,,0.0,,,,,,0.0,-99.5,0.0,,0.0,,86,67.0,2026-07-29T13:08:00,98.0,2026-07-29T21:48:00,,,0.0,,,1014.0,2026-07-29T01:00:00,,,0.0,1010.2,2026-07-29T16:00:00,,,1012.3,24.0,24.0,24.0,24.0,24.0,24.0,24.0,,,0.0,,,950.7,952.1,2026-07-29T00:01:00,949.1,2026-07-29T16:11:00,10.5,-999.5,,0.0,23.3,,,25.9,31.0,2026-07-29T13:07:00,22.4,2026-07-29T03:55:00,,-99.5,-99.5,-99.5,-99.5,-99.5,-99.5,-99.5,-99.95,,,24.0,,24.0,220,310.0,2026-07-29T15:09:00,0.8,4.4,0,,1,,0,,0,,2,,1,,0,,1,,0,,1,,1,,0,,1,,0,,0,,0,,0,,0,,1,,0,,0,,0,,4,,0,,3,,1,,2,,3,,0,,0,,0,,0,,0,,1,,1,,0,,0,,0,,0.0,270.0,,0.0,1.9,2026-07-29T15:15:00,,,0,,0.8,,0.0,,0.0,,1.7,,0.2,,0.0,,1.1,,0.0,,0.4,,0.8,,0.0,,0.5,,0.0,,0.0,,0.0,,0.0,,0.0,,0.8,,0.0,,0.0,,0.0,,2.7,,0.0,,3.8,,0.7,,2.3,,2.8,,0.0,,0.0,,0.0,,0.0,,0.0,,0.6,,1.1,,0.0,,0.0,,0,
2026-07-30,,,,0.0,,,,,27.2,2026-07-30T12:00:00,,,0.0,19.8,2026-07-30T02:19:00,,,,,0.0,,,17.36,2.74,2026-07-30T11:00:00,,,,0.0,0.0,2026-07-30T01:00:00,,0.0,,,,,,0.0,-99.5,0.0,,0.0,,85,67.0,2026-07-30T09:57:00,97.0,2026-07-30T20:56:00,,,0.0,,,1013.2,2026-07-30T07:00:00,,,0.0,1009.9,2026-07-30T15:00:00,,,1011.8,24.0,24.0,24.0,24.0,24.0,24.0,24.0,,,0.0,,,950.3,951.3,2026-07-30T07:12:00,948.8,2026-07-30T16:06:00,9.4,-999.5,,0.0,23.3,,,26.1,31.2,2026-07-30T12:09:00,23.3,2026-07-30T05:53:00,,-99.5,-99.5,-99.5,-99.5,-99.5,-99.5,-99.5,-99.95,,,24.0,,24.0,220,320.0,2026-07-30T16:32:00,0.8,4.5,0,,1,,0,,0,,0,,0,,1,,0,,1,,0,,0,,1,,0,,2,,1,,0,,0,,0,,0,,2,,1,,2,,3,,1,,0,,2,,2,,1,,0,,0,,1,,1,,0,,0,,0,,1,,0,,0,,0.0,280.0,,0.0,1.8,2026-07-30T13:11:00,,,0,,1.0,,0.0,,0.0,,0.0,,0.0,,0.5,,0.0,,0.4,,0.0,,0.0,,0.8,,0.0,,1.0,,0.4,,0.0,,0.0,,0.0,,0.0,,1.4,,0.3,,1.8,,2.3,,1.2,,0.0,,1.7,,2.4,,0.9,,0.0,,0.0,,1.0,,0.5,,0.0,,0.0,,0.0,,1.5,,0.0,,0,
2026-07-31,,,,0.0,,,,,26.3,2026-07-31T13:44:00,,,0.0,20.2,2026-07-31T09:02:00,,,,,0.0,,,15.55,2.64,2026-07-31T11:00:00,,,,0.0,0.0,2026-07-31T01:00:00,,0.0,,,,,,0.0,-99.5,0.0,,0.0,,86,65.0,2026-07-31T09:12:00,99.0,2026-07-31T22:42:00,,,0.0,,,1012.5,2026-07-31T07:00:00,,,0.0,1009.1,2026-07-31T17:00:00,,,1011.1,24.0,24.0,24.0,24.0,24.0,24.0,24.0,,,0.0,,,949.6,950.8,2026-07-31T07:19:00,948.0,2026-07-31T16:48:00,9.5,-999.5,,0.0,23.3,,,26.0,30.3,2026-07-31T11:24:00,23.6,2026-07-31T05:11:00,,-99.5,-99.5,-99.5,-99.5,-99.5,-99.5,-99.5,-99.95,,,24.0,,24.0,220,320.0,2026-07-31T11:04:00,1.0,5.3,0,,1,,0,,0,,0,,0,,0,,0,,0,,1,,1,,0,,0,,1,,1,,0,,0,,0,,1,,2,,1,,1,,3,,1,,2,,0,,0,,1,,0,,1,,1,,1,,1,,0,,1,,2,,0,,0,,0.0,350.0,,0.0,2.2,2026-07-31T10:33:00,,,0,,0.7,,0.0,,0.0,,0.0,,0.0,,0.0,,0.0,,0.0,,0.4,,0.6,,0.0,,0.0,,0.5,,0.4,,0.0,,0.0,,0.0,,0.5,,1.7,,0.9,,1.4,,4.4,,0.6,,2.2,,0.0,,0.0,,0.8,,0.0,,0.9,,0.9,,1.6,,0.5,,0.0,,1.4,,2.5,,0.0,,0,
2026-08-01,,,,0.0,,,,,26.7,2026-08-01T13:36:00,,,0.0,18.8,2026-08-01T07:06:00,,,,,0.0,,,18.7,2.8,2026-08-01T11:00:00,,,,0.0,0.0,2026-08-01T01:00:00,,0.0,,,,,,0.0,-99.5,0.0,,0.0,,83,57.0,2026-08-01T10:51:00,99.0,2026-08-01T00:01:00,,,0.0,,,1011.9,2026-08-01T01:00:00,,,0.0,1008.0,2026-08-01T16:00:00,,,1010.3,24.0,24.0,24.0,24.0,24.0,24.0,24.0,,,0.0,,,948.9,950.0,2026-08-01T23:02:00,947.3,2026-08-01T15:48:00,10.7,-999.5,,0.0,23.1,,,26.4,31.2,2026-08-01T11:26:00,23.5,2026-08-01T01:21:00,,-99.5,-99.5,-99.5,-99.5,-99.5,-99.5,-99.5,-99.95,,,24.0,,24.0,120,330.0,2026-08-01T13:39:00,0.8,5.4,0,,1,,0,,0,,0,,0,,0,,0,,0,,0,,0,,0,,5,,0,,0,,0,,0,,0,,1,,0,,1,,2,,1,,2,,3,,0,,0,,0,,1,,1,,2,,1,,0,,1,,0,,1,,1,,0,,0.0,300.0,,0.0,2.5,2026-08-01T13:44:00,,,0,,1.1,,0.0,,0.0,,0.0,,0.0,,0.0,,0.0,,0.0,,0.0,,0.0,,0.0,,3.0,,0.0,,0.0,,0.0,,0.0,,0.0,,0.4,,0.0,,0.6,,1.2,,0.5,,1.5,,2.7,,0.0,,0.0,,0.0,,0.3,,0.9,,2.3,,1.8,,0.0,,1.1,,0.0,,0.7,,0.3,,0,
2026-08-02,,,,0.0,,,,,24.6,2026-08-02T00:24:00,,,0.0,21.0,2026-08-02T09:28:00,,,,,0.0,,,15.68,3.15,2026-08-02T11:00:00,,,,0.0,0.0,2026-08-02T01:00:00,,0.0,,,,,,0.0,-99.5,0.0,,0.0,,84,63.0,2026-08-02T10:15:00,98.0,2026-08-02T00:24:00,,,0.0,,,1010.9,2026-08-02T01:00:00,,,0.0,1008.6,2026-08-02T17:00:00,,,1009.8,24.0,24.0,24.0,24.0,24.0,24.0,24.0,,,0.0,,,948.3,949.8,2026-08-02T00:01:00,947.4,2026-08-02T16:53:00,10.5,-999.5,,0.0,22.8,,,25.8,29.5,2026-08-02T10:58:00,23.3,2026-08-02T05:30:00,,-99.5,-99.5,-99.5,-99.5,-99.5,-99.5,-99.5,-99.95,,,24.0,,24.0,340,360.0,2026-08-02T10:38:00,1.2,7.1,0,,1,,2,,2,,0,,1,,2,,1,,0,,0,,0,,0,,0,,0,,1,,0,,0,,1,,0,,1,,1,,1,,0,,0,,0,,0,,0,,1,,0,,0,,0,,0,,1,,1,,3,,2,,2,,0,,0.0,350.0,,0.0,3.3,2026-08-02T10:29:00,,,0,,1.8,,2.7,,1.3,,0.0,,0.8,,2.0,,0.3,,0.0,,0.0,,0.0,,0.0,,0.0,,0.0,,0.2,,0.0,,0.0,,0.6,,0.0,,0.3,,0.2,,0.7,,0.0,,0.0,,0.0,,0.0,,0.0,,0.2,,0.0,,0.0,,0.0,,0.0,,0.6,,2.0,,7.2,,3.2,,4.2,,0,
2026-08-03,,,,0.0,,,,,24.9,2026-08-03T14:23:00,,,0.0,21.8,2026-08-03T06:47:00,,,,,0.0,,,22.01,3.74,2026-08-03T12:00:00,,,,0.0,0.0,2026-08-03T01:00:00,,0.0,,,,,,0.0,-99.5,0.0,,0.0,,84,63.0,2026-08-03T12:24:00,94.0,2026-08-03T00:35:00,,,0.0,,,1009.7,2026-08-03T07:00:00,,,0.0,1006.8,2026-08-03T15:00:00,,,1008.3,24.0,24.0,24.0,24.0,24.0,24.0,24.0,,,0.0,,,947.0,948.4,2026-08-03T00:01:00,945.5,2026-08-03T23:47:00,9.7,-999.5,,0.0,23.3,,,26.2,30.6,2026-08-03T12:23:00,23.4,2026-08-03T05:30:00,,-99.5,-99.5,-99.5,-99.5,-99.5,-99.5,-99.5,-99.95,,,24.0,,24.0,10,20.0,2026-08-03T14:06:00,1.2,7.6,0,,4,,0,,1,,1,,0,,3,,0,,1,,0,,0,,1,,1,,0,,0,,0,,0,,0,,0,,1,,0,,0,,0,,0,,1,,1,,1,,1,,0,,0,,0,,1,,0,,2,,0,,1,,3,,0,,0.0,360.0,,0.0,3.7,2026-08-03T14:00:00,,,0,,4.7,,0.0,,1.0,,0.9,,0.0,,2.4,,0.0,,0.4,,0.0,,0.0,,0.4,,0.4,,0.0,,0.0,,0.0,,0.0,,0.0,,0.0,,0.6,,0.0,,0.0,,0.0,,0.0,,0.3,,0.4,,0.4,,1.1,,0.0,,0.0,,0.0,,1.7,,0.0,,3.2,,0.0,,2.7,,8.8,,0,
2026-08-04,,,,0.0,,,,,26.4,2026-08-04T14:17:00,,,0.0,21.2,2026-08-04T07:41:00,,,,,0.0,,,20.44,3.09,2026-08-04T10:00:00,,,,0.0,0.0,2026-08-04T01:00:00,,0.0,,,,,,0.0,-99.5,0.0,,0.0,,84,63.0,2026-08-04T10:55:00,97.0,2026-08-04T22:13:00,,,0.0,,,1007.5,2026-08-04T06:00:00,,,0.0,1003.7,2026-08-04T17:00:00,,,1005.9,24.0,24.0,24.0,24.0,24.0,24.0,24.0,,,0.0,,,944.9,946.0,2026-08-04T02:22:00,943.0,2026-08-04T17:00:00,9.9,-999.5,,0.0,23.7,,,26.8,30.8,2026-08-04T12:14:00,23.8,2026-08-04T05:16:00,,-99.5,-99.5,-99.5,-99.5,-99.5,-99.5,-99.5,-99.95,,,24.0,,24.0,180,360.0,2026-08-04T10:13:00,1.0,5.9,0,,0,,0,,0,,1,,0,,0,,0,,1,,0,,0,,0,,0,,1,,0,,0,,0,,0,,4,,2,,3,,3,,2,,0,,0,,0,,0,,1,,3,,0,,0,,0,,0,,1,,0,,2,,0,,0,,0.0,330.0,,0.0,2.8,2026-08-04T10:14:00,,,0,,0.0,,0.0,,0.0,,1.8,,0.0,,0.0,,0.0,,1.8,,0.0,,0.0,,0.0,,0.0,,0.3,,0.0,,0.0,,0.0,,0.0,,2.1,,1.2,,2.1,,3.1,,1.2,,0.0,,0.0,,0.0,,0.0,,1.7,,2.9,,0.0,,0.0,,0.0,,0.0,,2.0,,0.0,,4.1,,0.0,,0,
2026-08-05,,,,0.0,,,,,24.9,2026-08-05T13:21:00,,,0.0,20.7,2026-08-05T07:20:00,,,,,0.0,,,20.89,2.59,2026-08-05T11:00:00,,,,0.0,0.0,2026-08-05T01:00:00,,0.0,,,,,,0.0,-99.5,0.0,,0.0,,84,63.0,2026-08-05T10:38:00,97.0,2026-08-05T22:57:00,,,0.0,,,1005.7,2026-08-05T09:00:00,,,0.0,1002.1,2026-08-05T16:00:00,,,1004.4,24.0,24.0,24.0,24.0,24.0,24.0,24.0,,,0.0,,,943.3,944.9,2026-08-05T09:42:00,941.5,2026-08-05T16:38:00,11.0,-999.5,,0.0,23.3,,,26.3,30.5,2026-08-05T14:49:00,23.7,2026-08-05T03:08:00,,-99.5,-99.5,-99.5,-99.5,-99.5,-99.5,-99.5,-99.95,,,24.0,,24.0,220,330.0,2026-08-05T15:10:00,1.4,6.1,0,,0,,0,,2,,0,,1,,0,,0,,0,,0,,1,,0,,0,,0,,0,,0,,1,,0,,0,,1,,1,,3,,6,,0,,0,,0,,0,,0,,1,,0,,0,,1,,1,,0,,1,,3,,1,,0,,0.0,360.0,,0.0,3.4,2026-08-05T15:41:00,,,0,,0.0,,0.0,,4.2,,0.0,,1.9,,0.0,,0.0,,0.0,,0.0,,0.5,,0.0,,0.0,,0.0,,0.0,,0.0,,0.5,,0.0,,0.0,,0.5,,1.0,,2.9,,4.7,,0.0,,0.0,,0.0,,0.0,,0.0,,1.0,,0.0,,0.0,,1.8,,1.6,,0.0,,2.5,,7.2,,2.2,,0,
2026-08-06,,,,0.0,,,,,27.2,2026-08-06T13:04:00,,,0.0,22.8,2026-08-06T05:57:00,,,,,0.0,,,12.82,2.23,2026-08-06T13:00:00,,,,0.0,7.5,2026-08-06T15:00:00,,0.0,,,,,,13.0,-99.5,4.0,2026-08-06T14:14:00,8.5,2026-08-06T13:46:00,93,71.0,2026-08-06T12:23:00,99.0,2026-08-06T00:27:00,,,0.0,,,1004.7,2026-08-06T01:00:00,,,0.0,1000.2,2026-08-06T17:00:00,,,1002.6,24.0,24.0,24.0,24.0,24.0,24.0,24.0,,,0.0,,,941.5,943.6,2026-08-06T00:01:00,939.3,2026-08-06T17:13:00,10.1,-999.5,,0.0,24.1,,,25.4,30.2,2026-08-06T13:06:00,23.1,2026-08-06T05:57:00,,-99.5,-99.5,-99.5,-99.5,-99.5,-99.5,-99.5,-99.95,,,24.0,,24.0,360,360.0,2026-08-06T14:20:00,1.1,7.0,0,,0,,1,,1,,1,,0,,1,,0,,0,,0,,0,,0,,1,,1,,0,,0,,0,,0,,0,,1,,1,,0,,2,,0,,0,,1,,1,,2,,0,,1,,0,,1,,0,,1,,2,,2,,3,,0,,0.0,350.0,,0.0,3.7,2026-08-06T14:03:00,,,0,,0.0,,1.6,,1.9,,1.3,,0.0,,0.6,,0.0,,0.0,,0.0,,0.0,,0.0,,0.3,,0.4,,0.0,,0.0,,0.0,,0.0,,0.0,,0.5,,0.5,,0.0,,2.0,,0.0,,0.0,,0.2,,1.0,,1.9,,0.0,,1.0,,0.0,,0.5,,0.0,,1.1,,3.4,,2.1,,7.0,,0,
2026-08-07,,,,0.0,,,,,24.9,2026-08-07T12:09:00,,,0.0,18.9,2026-08-07T21:45:00,,,,,0.0,,,23.78,3.31,2026-08-07T13:00:00,,,,0.0,0.0,2026-08-07T01:00:00,,0.0,,,,,,0.0,-99.5,0.0,,0.0,,80,59.0,2026-08-07T21:26:00,97.0,2026-08-07T03:30:00,,,0.0,,,1001.9,2026-08-07T01:00:00,,,0.0,997.1,2026-08-07T16:00:00,,,999.7,24.0,24.0,24.0,24.0,24.0,24.0,24.0,,,0.0,,,939.0,941.0,2026-08-07T00:01:00,936.9,2026-08-07T15:52:00,10.7,-999.5,,0.0,22.5,,,26.3,30.1,2026-08-07T12:48:00,22.6,2026-08-07T04:28:00,,-99.5,-99.5,-99.5,-99.5,-99.5,-99.5,-99.5,-99.95,,,24.0,,24.0,350,10.0,2026-08-07T15:12:00,1.9,10.0,0,,2,,0,,1,,0,,0,,2,,0,,0,,0,,0,,0,,0,,0,,1,,0,,0,,0,,1,,1,,1,,0,,0,,0,,0,,1,,1,,0,,0,,0,,0,,0,,1,,2,,2,,7,,1,,0,,0.0,350.0,,0.0,5.7,2026-08-07T15:03:00,,,0,,2.1,,0.0,,1.1,,0.0,,0.0,,1.7,,0.0,,0.0,,0.0,,0.0,,0.0,,0.0,,0.0,,0.5,,0.0,,0.0,,0.0,,0.4,,0.6,,0.7,,0.0,,0.0,,0.0,,0.0,,0.3,,0.6,,0.0,,0.0,,0.0,,0.0,,0.0,,0.7,,2.2,,6.8,,26.1,,1.1,,0,
2026-08-08,,,,0.0,,,,,25.6,2026-08-08T09:51:00,,,0.0,18.2,2026-08-08T19:47:00,,,,,0.0,,,20.72,3.31,2026-08-08T12:00:00,,,,0.0,8.0,2026-08-08T01:00:00,,0.0,,,,,,20.0,-99.5,6.0,2026-08-08T00:07:00,8.0,2026-08-08T23:59:00,81,56.0,2026-08-08T15:59:00,100.0,2026-08-08T01:41:00,,,0.0,,,1000.0,2026-08-08T01:00:00,,,0.0,994.0,2026-08-08T16:00:00,,,997.1,24.0,24.0,24.0,24.0,24.0,24.0,24.0,,,0.0,,,936.3,939.6,2026-08-08T00:08:00,933.9,2026-08-08T19:20:00,9.1,-999.5,,0.0,21.6,,,25.5,30.1,2026-08-08T11:36:00,21.8,2026-08-08T23:40:00,,-99.5,-99.5,-99.5,-99.5,-99.5,-99.5,-99.5,-99.95,,,24.0,,24.0,350,10.0,2026-08-08T15:56:00,1.8,10.0,0,,0,,2,,1,,0,,2,,2,,1,,1,,0,,0,,0,,1,,0,,1,,0,,0,,0,,1,,1,,1,,0,,0,,0,,0,,1,,0,,0,,0,,0,,1,,0,,1,,0,,0,,6,,1,,0,,0.0,360.0,,0.0,5.7,2026-08-08T14:09:00,,,0,,0.0,,4.6,,0.5,,0.0,,2.9,,2.1,,0.9,,0.9,,0.0,,0.0,,0.0,,0.5,,0.0,,0.3,,0.0,,0.0,,0.0,,1.2,,0.6,,0.7,,0.0,,0.0,,0.0,,0.0,,0.4,,0.0,,0.0,,0.0,,0.0,,0.9,,0.0,,1.9,,0.0,,0.0,,22.4,,2.5,,0,
2026-08-09,,,,0.0,,,,,23.2,2026-08-09T18:50:00,,,0.0,20.6,2026-08-09T23:52:00,,,,,0.0,,,1.71,0.32,2026-08-09T15:00:00,,,,0.0,9.5,2026-08-09T07:00:00,,0.0,,,,,,82.5,-99.5,4.0,2026-08-09T01:18:00,12.5,2026-08-09T11:33:00,96,75.0,2026-08-09T23:52:00,100.0,2026-08-09T05:50:00,,,0.0,,,995.3,2026-08-09T01:00:00,,,0.0,990.2,2026-08-09T16:00:00,,,992.4,24.0,24.0,24.0,24.0,24.0,24.0,24.0,,,0.0,,,931.4,934.8,2026-08-09T00:10:00,929.2,2026-08-09T16:20:00,0.4,-999.5,,0.0,21.9,,,22.7,25.4,2026-08-09T23:53:00,21.5,2026-08-09T00:13:00,,-99.5,-99.5,-99.5,-99.5,-99.5,-99.5,-99.5,-99.95,,,24.0,,24.0,220,200.0,2026-08-09T23:27:00,2.2,9.7,0,,0,,0,,0,,0,,0,,0,,0,,0,,0,,0,,0,,0,,1,,0,,0,,0,,0,,1,,1,,2,,3,,11,,3,,1,,0,,1,,0,,0,,0,,0,,0,,0,,0,,0,,0,,0,,0,,0.0,220.0,,0.0,4.3,2026-08-09T20:20:00,,,0,,0.0,,0.0,,0.0,,0.0,,0.0,,0.0,,0.0,,0.0,,0.0,,0.0,,0.0,,0.0,,0.8,,0.0,,0.0,,0.0,,0.0,,1.2,,1.4,,3.0,,6.0,,30.9,,7.6,,1.9,,0.0,,0.8,,0.0,,0.0,,0.0,,0.0,,0.0,,0.0,,0.0,,0.0,,0.0,,0.0,,0,
2026-08-10,,,,0.0,,,,,25.0,2026-08-10T11:32:00,,,0.0,20.0,2026-08-10T01:33:00,,,,,0.0,,,13.14,3.1,2026-08-10T12:00:00,,,,0.0,1.0,2026-08-10T14:00:00,,0.0,,,,,,2.0,-99.5,1.0,2026-08-10T16:21:00,1.0,2026-08-10T12:40:00,79,60.0,2026-08-10T11:52:00,98.0,2026-08-10T13:38:00,,,0.0,,,999.0,2026-08-10T23:59:00,,,0.0,990.3,2026-08-10T02:00:00,,,994.0,24.0,24.0,24.0,24.0,24.0,24.0,24.0,,,0.0,,,933.6,938.1,2026-08-10T22:17:00,929.8,2026-08-10T02:41:00,8.3,-999.5,,0.0,22.0,,,25.9,30.8,2026-08-10T11:45:00,24.1,2026-08-10T13:38:00,,-99.5,-99.5,-99.5,-99.5,-99.5,-99.5,-99.5,-99.95,,,24.0,,24.0,220,200.0,2026-08-10T12:43:00,2.7,9.8,0,,0,,0,,0,,0,,0,,0,,0,,0,,0,,0,,0,,0,,0,,0,,0,,0,,0,,0,,0,,0,,1,,17,,5,,1,,0,,0,,0,,0,,0,,0,,0,,0,,0,,0,,0,,0,,0,,0.0,220.0,,0.0,5.3,2026-08-10T13:25:00,,,0,,0.0,,0.0,,0.0,,0.0,,0.0,,0.0,,0.0,,0.0,,0.0,,0.0,,0.0,,0.0,,0.0,,0.0,,0.0,,0.0,,0.0,,0.0,,0.0,,0.0,,2.8,,49.7,,9.0,,2.6,,0.0,,0.0,,0.0,,0.0,,0.0,,0.0,,0.0,,0.0,,0.0,,0.0,,0.0,,0.0,,0,
2026-08-11,,,,0.0,,,,,26.5,2026-08-11T13:14:00,,,0.0,21.3,2026-08-11T04:47:00,,,,,0.0,,,22.36,3.33,2026-08-11T12:00:00,,,,0.0,0.0,2026-08-11T01:00:00,,0.0,,,,,,0.0,-99.5,0.0,,0.0,,84,70.0,2026-08-11T13:37:00,97.0,2026-08-11T22:37:00,,,0.0,,,1002.4,2026-08-11T23:00:00,,,0.0,998.2,2026-08-11T02:00:00,,,999.8,24.0,24.0,24.0,24.0,24.0,24.0,24.0,,,0.0,,,939.1,941.3,2026-08-11T22:24:00,937.3,2026-08-11T01:35:00,10.1,-999.5,,0.0,23.7,,,26.8,31.1,2026-08-11T11:34:00,24.2,2026-08-11T00:01:00,,-99.5,-99.5,-99.5,-99.5,-99.5,-99.5,-99.5,-99.95,,,24.0,,24.0,220,190.0,2026-08-11T09:05:00,2.8,10.6,0,,0,,0,,0,,0,,0,,0,,0,,0,,0,,0,,0,,0,,0,,0,,0,,0,,0,,0,,1,,0,,10,,13,,0,,0,,0,,0,,0,,0,,0,,0,,0,,0,,0,,0,,0,,0,,0,,0.0,210.0,,0.0,5.6,2026-08-11T09:03:00,,,0,,0.0,,0.0,,0.0,,0.0,,0.0,,0.0,,0.0,,0.0,,0.0,,0.0,,0.0,,0.0,,0.0,,0.0,,0.0,,0.0,,0.0,,0.0,,0.9,,0.0,,30.2,,36.9,,0.0,,0.0,,0.0,,0.0,,0.0,,0.0,,0.0,,0.0,,0.0,,0.0,,0.0,,0.0,,0.0,,0.0,,0,
2026-08-12,,,,0.0,,,,,26.6,2026-08-12T12:26:00,,,0.0,20.2,2026-08-12T06:25:00,,,,,0.0,,,17.8,2.95,2026-08-12T11:00:00,,,,0.0,3.0,2026-08-12T14:00:00,,0.0,,,,,,6.0,-99.5,2.0,2026-08-12T12:59:00,3.0,2026-08-12T12:40:00,88,70.0,2026-08-12T12:33:00,99.0,2026-08-12T16:13:00,,,0.0,,,1003.4,2026-08-12T23:59:00,,,0.0,1000.9,2026-08-12T15:00:00,,,1001.8,24.0,24.0,24.0,24.0,24.0,24.0,24.0,,,0.0,,,940.9,942.1,2026-08-12T23:53:00,939.8,2026-08-12T16:03:00,9.0,-999.5,,0.0,23.5,,,25.6,30.8,2026-08-12T12:27:00,23.3,2026-08-12T05:34:00,,-99.5,-99.5,-99.5,-99.5,-99.5,-99.5,-99.5,-99.95,,,24.0,,24.0,220,200.0,2026-08-12T09:48:00,2.2,9.9,0,,0,,0,,0,,0,,0,,0,,0,,0,,0,,0,,0,,0,,0,,0,,0,,0,,0,,1,,0,,5,,8,,10,,0,,0,,0,,0,,0,,0,,0,,0,,0,,0,,0,,0,,0,,0,,0,,0.0,210.0,,0.0,5.1,2026-08-12T13:02:00,,,0,,0.0,,0.0,,0.0,,0.0,,0.0,,0.0,,0.0,,0.0,,0.0,,0.0,,0.0,,0.0,,0.0,,0.0,,0.0,,0.0,,0.0,,0.8,,0.0,,5.2,,22.9,,22.7,,0.0,,0.0,,0.0,,0.0,,0.0,,0.0,,0.0,,0.0,,0.0,,0.0,,0.0,,0.0,,0.0,,0.0,,0,
2026-08-13,,,,0.0,,,,,26.3,2026-08-13T13:38:00,,,0.0,22.2,2026-08-13T07:26:00,,,,,0.0,,,23.69,3.42,2026-08-13T14:00:00,,,,0.0,0.0,2026-08-13T01:00:00,,0.0,,,,,,0.0,-99.5,0.0,,0.0,,87,68.0,2026-08-13T14:35:00,98.0,2026-08-13T03:34:00,,,0.0,,,1005.1,2026-08-13T23:00:00,,,0.0,1000.8,2026-08-13T15:00:00,,,1003.0,24.0,24.0,24.0,24.0,24.0,24.0,24.0,,,0.0,,,942.1,943.8,2026-08-13T22:37:00,940.6,2026-08-13T15:36:00,10.9,-999.5,,0.0,24.0,,,26.4,31.4,2026-08-13T13:48:00,23.2,2026-08-13T05:25:00,,-99.5,-99.5,-99.5,-99.5,-99.5,-99.5,-99.5,-99.95,,,24.0,,24.0,210,210.0,2026-08-13T11:51:00,2.2,8.3,0,,0,,0,,0,,0,,0,,0,,0,,0,,0,,0,,0,,0,,0,,0,,0,,0,,0,,0,,1,,2,,13,,8,,0,,0,,0,,0,,0,,0,,0,,0,,0,,0,,0,,0,,0,,0,,0,,0.0,210.0,,0.0,4.2,2026-08-13T11:33:00,,,0,,0.0,,0.0,,0.0,,0.0,,0.0,,0.0,,0.0,,0.0,,0.0,,0.0,,0.0,,0.0,,0.0,,0.0,,0.0,,0.0,,0.0,,0.0,,0.5,,2.7,,32.6,,18.1,,0.0,,0.0,,0.0,,0.0,,0.0,,0.0,,0.0,,0.0,,0.0,,0.0,,0.0,,0.0,,0.0,,0.0,,0,
2026-08-14,,,,0.0,,,,,26.3,2026-08-14T11:37:00,,,0.0,20.5,2026-08-14T05:29:00,,,,,0.0,,,24.24,3.64,2026-08-14T12:00:00,,,,0.0,0.0,2026-08-14T01:00:00,,0.0,,,,,,0.0,-99.5,0.0,,0.0,,83,65.0,2026-08-14T14:27:00,98.0,2026-08-14T01:53:00,,,0.0,,,1006.6,2026-08-14T23:59:00,,,0.0,1002.6,2026-08-14T15:00:00,,,1004.8,24.0,24.0,24.0,24.0,24.0,24.0,24.0,,,0.0,,,943.8,945.1,2026-08-14T21:08:00,942.6,2026-08-14T14:52:00,10.5,-999.5,,0.0,23.3,,,26.5,31.8,2026-08-14T13:22:00,22.8,2026-08-14T05:14:00,,-99.5,-99.5,-99.5,-99.5,-99.5,-99.5,-99.5,-99.95,,,24.0,,24.0,210,190.0,2026-08-14T18:13:00,2.1,8.0,0,,0,,0,,0,,0,,0,,0,,0,,0,,0,,0,,1,,0,,0,,0,,0,,0,,0,,1,,5,,1,,9,,7,,0,,0,,0,,0,,0,,0,,0,,0,,0,,0,,0,,0,,0,,0,,0,,0.0,220.0,,0.0,4.3,2026-08-14T15:16:00,,,0,,0.0,,0.0,,0.0,,0.0,,0.0,,0.0,,0.0,,0.0,,0.0,,0.0,,0.6,,0.0,,0.0,,0.0,,0.0,,0.0,,0.0,,0.9,,3.6,,1.5,,25.6,,18.5,,0.0,,0.0,,0.0,,0.0,,0.0,,0.0,,0.0,,0.0,,0.0,,0.0,,0.0,,0.0,,0.0,,0.0,,0,
2026-08-15,,,,0.0,,,,,26.2,2026-08-15T12:41:00,,,0.0,21.7,2026-08-15T18:54:00,,,,,0.0,,,16.08,2.89,2026-08-15T13:00:00,,,,0.0,0.5,2026-08-15T15:00:00,,0.0,,,,,,0.5,-99.5,0.5,2026-08-15T14:36:00,0.5,2026-08-15T13:46:00,87,66.0,2026-08-15T11:10:00,97.0,2026-08-15T14:53:00,,,0.0,,,1007.2,2026-08-15T09:00:00,,,0.0,1004.2,2026-08-15T13:00:00,,,1005.6,24.0,24.0,24.0,24.0,24.0,24.0,24.0,,,0.0,,,944.4,945.9,2026-08-15T09:00:00,943.1,2026-08-15T18:42:00,10.1,-999.5,,0.0,23.3,,,25.6,31.9,2026-08-15T12:47:00,23.8,2026-08-15T03:17:00,,-99.5,-99.5,-99.5,-99.5,-99.5,-99.5,-99.5,-99.95,,,24.0,,24.0,220,200.0,2026-08-15T14:39:00,2.5,9.3,0,,0,,0,,0,,0,,0,,0,,0,,0,,2,,0,,1,,0,,0,,0,,0,,0,,0,,0,,2,,0,,6,,13,,0,,0,,0,,0,,0,,0,,0,,0,,0,,0,,0,,0,,0,,0,,0,,0.0,210.0,,0.0,4.5,2026-08-15T14:48:00,,,0,,0.0,,0.0,,0.0,,0.0,,0.0,,0.0,,0.0,,0.0,,2.1,,0.0,,0.8,,0.0,,0.0,,0.0,,0.0,,0.0,,0.0,,0.0,,1.6,,0.0,,17.7,,37.8,,0.0,,0.0,,0.0,,0.0,,0.0,,0.0,,0.0,,0.0,,0.0,,0.0,,0.0,,0.0,,0.0,,0.0,,0,
2026-08-16,,,,0.0,,,,,27.2,2026-08-16T13:23:00,,,0.0,21.2,2026-08-16T06:59:00,,,,,0.0,,,15.59,2.99,2026-08-16T11:00:00,,,,0.0,7.0,2026-08-16T18:00:00,,0.0,,,,,,16.0,-99.5,2.5,2026-08-16T17:01:00,7.5,2026-08-16T16:32:00,88,66.0,2026-08-16T12:01:00,99.0,2026-08-16T16:51:00,,,0.0,,,1005.3,2026-08-16T06:00:00,,,0.0,1001.6,2026-08-16T14:00:00,,,1004.4,24.0,24.0,24.0,24.0,24.0,24.0,24.0,,,0.0,,,943.2,944.1,2026-08-16T00:01:00,941.3,2026-08-16T14:10:00,7.9,-999.5,,0.0,23.1,,,25.3,31.8,2026-08-16T13:26:00,22.9,2026-08-16T22:39:00,,-99.5,-99.5,-99.5,-99.5,-99.5,-99.5,-99.5,-99.95,,,24.0,,24.0,210,310.0,2026-08-16T14:32:00,1.1,7.1,0,,0,,0,,0,,0,,1,,3,,0,,1,,0,,0,,1,,0,,0,,0,,0,,0,,0,,0,,1,,3,,6,,2,,0,,1,,0,,1,,0,,0,,1,,0,,0,,1,,1,,0,,0,,1,,0,,0.0,300.0,,0.0,3.1,2026-08-16T14:32:00,,,0,,0.0,,0.0,,0.0,,0.0,,0.8,,2.1,,0.0,,1.1,,0.0,,0.0,,0.4,,0.0,,0.0,,0.0,,0.0,,0.0,,0.0,,0.0,,1.0,,1.5,,9.8,,3.2,,0.0,,0.9,,0.0,,0.6,,0.0,,0.0,,1.6,,0.0,,0.0,,2.4,,0.7,,0.0,,0.0,,0.5,,0,
2026-08-17,,,,0.0,,,,,26.2,2026-08-17T10:14:00,,,0.0,21.5,2026-08-17T07:10:00,,,,,0.0,,,20.75,2.72,2026-08-17T14:00:00,,,,0.0,0.0,2026-08-17T01:00:00,,0.0,,,,,,0.0,-99.5,0.0,,0.0,,88,67.0,2026-08-17T12:25:00,98.0,2026-08-17T00:37:00,,,0.0,,,1005.6,2026-08-17T06:00:00,,,0.0,1002.2,2026-08-17T16:00:00,,,1004.3,24.0,24.0,24.0,24.0,24.0,24.0,24.0,,,0.0,,,943.3,944.5,2026-08-17T08:28:00,941.7,2026-08-17T16:00:00,10.4,-999.5,,0.0,23.8,,,26.0,31.1,2026-08-17T12:31:00,22.5,2026-08-17T01:13:00,,-99.5,-99.5,-99.5,-99.5,-99.5,-99.5,-99.5,-99.95,,,24.0,,24.0,350,360.0,2026-08-17T13:17:00,1.2,7.3,0,,0,,0,,0,,1,,0,,0,,0,,1,,0,,0,,0,,1,,1,,1,,0,,0,,0,,2,,1,,2,,0,,0,,2,,0,,1,,0,,0,,0,,0,,0,,0,,0,,3,,0,,6,,2,,0,,0.0,350.0,,0.0,3.9,2026-08-17T16:39:00,,,0,,0.0,,0.0,,0.0,,1.2,,0.0,,0.0,,0.0,,0.4,,0.0,,0.0,,0.0,,0.5,,0.4,,0.6,,0.0,,0.0,,0.0,,1.5,,1.0,,2.0,,0.0,,0.0,,1.1,,0.0,,0.3,,0.0,,0.0,,0.0,,0.0,,0.0,,0.0,,0.0,,2.4,,0.0,,13.8,,3.7,,0,
2026-08-18,,,,0.0,,,,,28.5,2026-08-18T13:21:00,,,0.0,23.4,2026-08-18T08:17:00,,,,,0.0,,,16.34,2.36,2026-08-18T13:00:00,,,,0.0,0.0,2026-08-18T01:00:00,,0.0,,,,,,0.0,-99.5,0.0,,0.0,,89,71.0,2026-08-18T10:16:00,99.0,2026-08-18T04:45:00,,,0.0,,,1005.5,2026-08-18T23:00:00,,,0.0,1002.7,2026-08-18T17:00:00,,,1004.0,24.0,24.0,24.0,24.0,24.0,24.0,24.0,,,0.0,,,943.2,944.4,2026-08-18T21:50:00,942.2,2026-08-18T17:07:00,10.0,-999.5,,0.0,25.0,,,27.0,31.8,2026-08-18T12:53:00,23.9,2026-08-18T04:43:00,,-99.5,-99.5,-99.5,-99.5,-99.5,-99.5,-99.5,-99.95,,,24.0,,24.0,240,310.0,2026-08-18T13:53:00,0.9,4.0,0,,1,,0,,1,,1,,0,,1,,0,,0,,0,,0,,0,,0,,0,,1,,1,,2,,0,,1,,1,,0,,1,,1,,0,,3,,1,,2,,0,,1,,0,,0,,0,,0,,2,,0,,2,,1,,0,,0.0,10.0,,0.0,2.0,2026-08-18T17:00:00,,,0,,2.0,,0.0,,0.4,,0.8,,0.0,,1.3,,0.0,,0.0,,0.0,,0.0,,0.0,,0.0,,0.0,,0.4,,0.7,,0.9,,0.0,,0.5,,0.8,,0.0,,1.0,,1.1,,0.0,,2.6,,0.8,,2.2,,0.0,,1.4,,0.0,,0.0,,0.0,,0.0,,1.0,,0.0,,1.9,,1.5,,0,
2026-08-19,,,,0.0,,,,,27.0,2026-08-19T14:43:00,,,0.0,22.1,2026-08-19T21:14:00,,,,,0.0,,,8.95,1.58,2026-08-19T09:00:00,,,,0.0,12.5,2026-08-19T16:00:00,,0.0,,,,,,21.5,-99.5,8.0,2026-08-19T15:16:00,12.5,2026-08-19T14:43:00,93,72.0,2026-08-19T12:46:00,100.0,2026-08-19T18:03:00,,,0.0,,,1006.8,2026-08-19T22:00:00,,,0.0,1003.2,2026-08-19T15:00:00,,,1005.5,24.0,24.0,24.0,24.0,24.0,24.0,24.0,,,0.0,,,944.2,945.1,2026-08-19T08:28:00,942.5,2026-08-19T14:49:00,7.2,-999.5,,0.0,23.9,,,25.1,29.8,2026-08-19T12:26:00,22.4,2026-08-19T19:15:00,,-99.5,-99.5,-99.5,-99.5,-99.5,-99.5,-99.5,-99.95,,,24.0,,24.0,220,50.0,2026-08-19T15:56:00,0.9,5.1,0,,1,,0,,1,,0,,2,,0,,0,,0,,0,,1,,0,,0,,1,,0,,0,,0,,0,,0,,1,,2,,2,,7,,1,,0,,0,,1,,0,,1,,0,,1,,0,,0,,0,,0,,0,,2,,0,,0.0,360.0,,0.0,2.2,2026-08-19T16:00:00,,,0,,0.8,,0.0,,0.9,,0.0,,2.0,,0.0,,0.0,,0.0,,0.0,,0.4,,0.0,,0.0,,0.7,,0.0,,0.0,,0.0,,0.0,,0.0,,1.0,,1.0,,1.4,,8.2,,0.3,,0.0,,0.0,,0.7,,0.0,,1.1,,0.0,,0.2,,0.0,,0.0,,0.0,,0.0,,0.0,,2.9,,0,
2026-08-20,,,,0.0,,,,,26.5,2026-08-20T11:27:00,,,0.0,20.7,2026-08-20T18:51:00,,,,,0.0,,,16.53,2.65,2026-08-20T10:00:00,,,,0.0,2.0,2026-08-20T15:00:00,,0.0,,,,,,2.5,-99.5,1.5,2026-08-20T14:37:00,2.5,2026-08-20T14:13:00,89,72.0,2026-08-20T10:59:00,99.0,2026-08-20T00:01:00,,,0.0,,,1007.1,2026-08-20T21:00:00,,,0.0,1005.2,2026-08-20T14:00:00,,,1006.1,24.0,24.0,24.0,24.0,24.0,24.0,24.0,,,0.0,,,944.6,945.4,2026-08-20T09:40:00,943.8,2026-08-20T03:27:00,9.1,-999.5,,0.0,22.5,,,24.4,30.0,2026-08-20T11:32:00,22.1,2026-08-20T02:37:00,,-99.5,-99.5,-99.5,-99.5,-99.5,-99.5,-99.5,-99.95,,,24.0,,24.0,210,200.0,2026-08-20T13:50:00,1.4,9.7,0,,0,,0,,0,,0,,0,,0,,0,,0,,0,,0,,1,,1,,0,,0,,1,,0,,2,,1,,2,,5,,7,,3,,1,,0,,0,,0,,0,,0,,0,,0,,0,,0,,0,,0,,0,,0,,0,,0.0,220.0,,0.0,5.5,2026-08-20T13:59:00,,,0,,0.0,,0.0,,0.0,,0.0,,0.0,,0.0,,0.0,,0.0,,0.0,,0.0,,0.5,,0.5,,0.0,,0.0,,0.3,,0.0,,1.0,,1.1,,1.2,,4.7,,11.7,,10.0,,2.9,,0.0,,0.0,,0.0,,0.0,,0.0,,0.0,,0.0,,0.0,,0.0,,0.0,,0.0,,0.0,,0.0,,0,
2026-08-21,,,,0.0,,,,,27.0,2026-08-21T13:18:00,,,0.0,20.7,2026-08-21T02:34:00,,,,,0.0,,,16.61,2.89,2026-08-21T11:00:00,,,,0.0,0.0,2026-08-21T01:00:00,,0.0,,,,,,0.0,-99.5,0.0,,0.0,,90,73.0,2026-08-21T10:41:00,99.0,2026-08-21T18:41:00,,,0.0,,,1006.5,2026-08-21T01:00:00,,,0.0,1002.6,2026-08-21T15:00:00,,,1004.9,24.0,24.0,24.0,24.0,24.0,24.0,24.0,,,0.0,,,943.6,945.2,2026-08-21T00:11:00,941.8,2026-08-21T15:33:00,10.2,-999.5,,0.0,23.1,,,24.9,30.2,2026-08-21T11:00:00,22.6,2026-08-21T03:51:00,,-99.5,-99.5,-99.5,-99.5,-99.5,-99.5,-99.5,-99.95,,,24.0,,24.0,220,200.0,2026-08-21T20:46:00,1.8,7.8,0,,0,,0,,0,,0,,0,,0,,0,,1,,1,,0,,0,,1,,0,,1,,0,,0,,0,,3,,0,,1,,6,,9,,1,,0,,0,,0,,0,,0,,0,,0,,0,,0,,0,,0,,0,,0,,0,,0.0,210.0,,0.0,3.7,2026-08-21T14:39:00,,,0,,0.0,,0.0,,0.0,,0.0,,0.0,,0.0,,0.0,,0.5,,0.7,,0.0,,0.0,,0.5,,0.0,,0.5,,0.0,,0.0,,0.0,,2.1,,0.0,,0.8,,13.4,,23.8,,1.8,,0.0,,0.0,,0.0,,0.0,,0.0,,0.0,,0.0,,0.0,,0.0,,0.0,,0.0,,0.0,,0.0,,0,
2026-08-22,,,,0.0,,,,,26.5,2026-08-22T14:13:00,,,0.0,22.2,2026-08-22T02:04:00,,,,,0.0,,,14.87,2.29,2026-08-22T15:00:00,,,,0.0,0.5,2026-08-22T06:00:00,,0.0,,,,,,1.0,-99.5,0.5,2026-08-22T05:21:00,0.5,2026-08-22T04:31:00,93,76.0,2026-08-22T14:16:00,99.0,2026-08-22T04:48:00,,,0.0,,,1005.1,2026-08-22T22:00:00,,,0.0,1002.0,2026-08-22T15:00:00,,,1003.7,24.0,24.0,24.0,24.0,24.0,24.0,24.0,,,0.0,,,942.4,943.7,2026-08-22T00:01:00,941.1,2026-08-22T15:20:00,8.9,-999.5,,0.0,23.4,,,24.5,30.2,2026-08-22T14:14:00,22.4,2026-08-22T23:23:00,,-99.5,-99.5,-99.5,-99.5,-99.5,-99.5,-99.5,-99.95,,,24.0,,24.0,220,200.0,2026-08-22T17:49:00,2.4,8.3,0,,0,,0,,0,,0,,0,,0,,0,,0,,0,,0,,0,,0,,0,,0,,0,,1,,0,,0,,0,,1,,6,,16,,0,,0,,0,,0,,0,,0,,0,,0,,0,,0,,0,,0,,0,,0,,0,,0.0,210.0,,0.0,4.7,2026-08-22T13:17:00,,,0,,0.0,,0.0,,0.0,,0.0,,0.0,,0.0,,0.0,,0.0,,0.0,,0.0,,0.0,,0.0,,0.0,,0.0,,0.0,,0.5,,0.0,,0.0,,0.0,,1.2,,12.9,,43.2,,0.0,,0.0,,0.0,,0.0,,0.0,,0.0,,0.0,,0.0,,0.0,,0.0,,0.0,,0.0,,0.0,,0.0,,0,
2026-08-23,,,,0.0,,,,,26.2,2026-08-23T11:58:00,,,0.0,21.8,2026-08-23T04:38:00,,,,,0.0,,,12.32,2.61,2026-08-23T10:00:00,,,,0.0,34.0,2026-08-23T14:00:00,,0.0,,,,,,47.0,-99.5,13.0,2026-08-23T13:00:00,35.5,2026-08-23T12:40:00,94,74.0,2026-08-23T10:30:00,100.0,2026-08-23T00:12:00,,,0.0,,,1004.6,2026-08-23T01:00:00,,,0.0,1000.4,2026-08-23T17:00:00,,,1002.3,24.0,24.0,24.0,24.0,24.0,24.0,24.0,,,0.0,,,941.1,943.1,2026-08-23T00:24:00,939.3,2026-08-23T16:45:00,7.1,-999.5,,0.0,23.4,,,24.4,28.8,2026-08-23T10:29:00,22.1,2026-08-23T04:38:00,,-99.5,-99.5,-99.5,-99.5,-99.5,-99.5,-99.5,-99.95,,,24.0,,24.0,220,360.0,2026-08-23T13:35:00,1.2,7.2,0,,2,,3,,0,,1,,2,,0,,1,,0,,1,,0,,0,,0,,0,,0,,0,,1,,0,,0,,0,,1,,0,,4,,0,,0,,0,,2,,0,,0,,0,,0,,2,,0,,0,,0,,3,,1,,0,,0.0,50.0,,0.0,3.8,2026-08-23T13:09:00,,,0,,2.7,,4.9,,0.0,,2.2,,1.6,,0.0,,1.3,,0.0,,0.8,,0.0,,0.0,,0.0,,0.0,,0.0,,0.0,,0.6,,0.0,,0.0,,0.0,,0.6,,0.0,,3.9,,0.0,,0.0,,0.0,,1.1,,0.0,,0.0,,0.0,,0.0,,2.2,,0.0,,0.0,,0.0,,5.5,,1.9,,0,
2026-08-24,,,,0.0,,,,,25.2,2026-08-24T12:47:00,,,0.0,21.6,2026-08-24T23:35:00,,,,,0.0,,,4.65,0.86,2026-08-24T13:00:00,,,,0.0,10.5,2026-08-24T15:00:00,,0.0,,,,,,17.0,-99.5,8.0,2026-08-24T14:00:00,12.5,2026-08-24T13:22:00,98,88.0,2026-08-24T12:25:00,100.0,2026-08-24T00:02:00,,,0.0,,,1006.1,2026-08-24T22:00:00,,,0.0,1001.2,2026-08-24T04:00:00,,,1003.6,24.0,24.0,24.0,24.0,24.0,24.0,24.0,,,0.0,,,942.1,944.3,2026-08-24T21:40:00,939.6,2026-08-24T03:43:00,5.7,-999.5,,0.0,23.4,,,23.6,25.9,2026-08-24T12:47:00,22.3,2026-08-24T23:27:00,,-99.5,-99.5,-99.5,-99.5,-99.5,-99.5,-99.5,-99.95,,,24.0,,24.0,80,80.0,2026-08-24T20:33:00,0.8,3.3,0,,1,,2,,1,,2,,1,,1,,0,,4,,0,,0,,1,,0,,0,,1,,0,,0,,0,,0,,0,,1,,1,,1,,0,,1,,0,,0,,2,,2,,1,,0,,0,,0,,0,,0,,1,,0,,0,,0.0,60.0,,0.0,1.9,2026-08-24T10:22:00,,,0,,1.2,,1.9,,0.7,,3.1,,1.0,,1.2,,0.0,,2.2,,0.0,,0.0,,0.5,,0.0,,0.0,,0.3,,0.0,,0.0,,0.0,,0.0,,0.0,,0.6,,0.2,,1.1,,0.0,,1.1,,0.0,,0.0,,1.0,,1.4,,1.1,,0.0,,0.0,,0.0,,0.0,,0.0,,0.6,,0.0,,0,
2026-08-25,,,,0.0,,,,,25.0,2026-08-25T13:27:00,,,0.0,21.2,2026-08-25T03:45:00,,,,,0.0,,,4.97,0.88,2026-08-25T14:00:00,,,,0.0,13.0,2026-08-25T07:00:00,,0.0,,,,,,44.5,-99.5,4.0,2026-08-25T04:43:00,14.0,2026-08-25T04:12:00,99,92.0,2026-08-25T01:58:00,100.0,2026-08-25T04:29:00,,,0.0,,,1008.5,2026-08-25T22:00:00,,,0.0,1005.0,2026-08-25T03:00:00,,,1007.1,24.0,24.0,24.0,24.0,24.0,24.0,24.0,,,0.0,,,945.3,946.7,2026-08-25T20:55:00,943.2,2026-08-25T02:55:00,5.2,-999.5,,0.0,22.8,,,23.1,25.2,2026-08-25T13:27:00,21.6,2026-08-25T06:58:00,,-99.5,-99.5,-99.5,-99.5,-99.5,-99.5,-99.5,-99.95,,,24.0,,24.0,220,90.0,2026-08-25T05:33:00,0.7,4.6,0,,0,,0,,0,,1,,0,,0,,2,,1,,1,,1,,1,,0,,0,,0,,0,,0,,1,,1,,1,,2,,2,,3,,1,,2,,1,,2,,0,,0,,0,,0,,0,,0,,0,,0,,1,,0,,0,,0.0,220.0,,0.0,2.1,2026-08-25T13:06:00,,,0,,0.0,,0.0,,0.0,,0.9,,0.0,,0.0,,1.7,,0.2,,0.5,,1.1,,1.1,,0.0,,0.0,,0.0,,0.0,,0.0,,0.3,,0.4,,0.8,,1.6,,2.2,,3.1,,0.3,,1.3,,0.4,,1.1,,0.0,,0.0,,0.0,,0.0,,0.0,,0.0,,0.0,,0.0,,0.3,,0.0,,0,
2026-08-26,,,,0.0,,,,,28.1,2026-08-26T11:18:00,,,0.0,20.8,2026-08-26T05:26:00,,,,,0.0,,,16.33,2.94,2026-08-26T12:00:00,,,,0.0,1.5,2026-08-26T17:00:00,,0.0,,,,,,1.5,-99.5,1.5,2026-08-26T16:35:00,1.5,2026-08-26T15:45:00,92,66.0,2026-08-26T09:20:00,99.0,2026-08-26T00:07:00,,,0.0,,,1008.0,2026-08-26T22:00:00,,,0.0,1004.8,2026-08-26T15:00:00,,,1006.7,24.0,24.0,24.0,24.0,24.0,24.0,24.0,,,0.0,,,945.2,946.3,2026-08-26T07:11:00,943.9,2026-08-26T15:33:00,8.9,-999.5,,0.0,23.3,,,24.7,31.8,2026-08-26T13:07:00,21.8,2026-08-26T04:21:00,,-99.5,-99.5,-99.5,-99.5,-99.5,-99.5,-99.5,-99.95,,,24.0,,24.0,210,210.0,2026-08-26T21:48:00,1.0,5.6,0,,0,,0,,0,,0,,0,,0,,0,,1,,0,,1,,1,,1,,0,,3,,2,,1,,0,,2,,3,,1,,4,,1,,0,,1,,1,,0,,0,,0,,0,,0,,1,,0,,0,,0,,0,,0,,0,,0.0,210.0,,0.0,2.9,2026-08-26T12:09:00,,,0,,0.0,,0.0,,0.0,,0.0,,0.0,,0.0,,0.0,,0.5,,0.0,,1.2,,0.5,,0.4,,0.0,,1.5,,0.9,,0.2,,0.0,,1.2,,1.3,,2.1,,8.6,,2.4,,0.0,,0.2,,1.1,,0.0,,0.0,,0.0,,0.0,,0.0,,1.9,,0.0,,0.0,,0.0,,0.0,,0.0,,0,
2026-08-27,,,,0.0,,,,,26.1,2026-08-27T16:05:00,,,0.0,21.6,2026-08-27T03:35:00,,,,,0.0,,,9.32,1.46,2026-08-27T13:00:00,,,,0.0,5.5,2026-08-27T08:00:00,,0.0,,,,,,15.5,-99.5,4.5,2026-08-27T14:31:00,6.0,2026-08-27T06:12:00,94,81.0,2026-08-27T13:14:00,100.0,2026-08-27T07:20:00,,,0.0,,,1006.9,2026-08-27T08:00:00,,,0.0,1002.9,2026-08-27T17:00:00,,,1005.1,24.0,24.0,24.0,24.0,24.0,24.0,24.0,,,0.0,,,943.7,945.4,2026-08-27T08:20:00,941.7,2026-08-27T17:28:00,8.5,-999.5,,0.0,23.4,,,24.4,28.1,2026-08-27T16:16:00,22.4,2026-08-27T05:48:00,,-99.5,-99.5,-99.5,-99.5,-99.5,-99.5,-99.5,-99.95,,,24.0,,24.0,200,200.0,2026-08-27T23:36:00,1.1,5.5,0,,0,,0,,0,,0,,0,,0,,0,,0,,0,,1,,1,,2,,1,,0,,2,,1,,2,,1,,2,,4,,3,,3,,1,,0,,0,,0,,0,,0,,0,,0,,0,,0,,0,,0,,0,,0,,0,,0.0,220.0,,0.0,3.3,2026-08-27T23:52:00,,,0,,0.0,,0.0,,0.0,,0.0,,0.0,,0.0,,0.0,,0.0,,0.0,,0.6,,0.5,,1.6,,0.5,,0.0,,1.0,,1.1,,1.2,,0.8,,1.7,,3.5,,5.4,,6.6,,2.4,,0.0,,0.0,,0.0,,0.0,,0.0,,0.0,,0.0,,0.0,,0.0,,0.0,,0.0,,0.0,,0.0,,0,
2026-08-28,,,,0.0,,,,,26.7,2026-08-28T12:14:00,,,0.0,22.1,2026-08-28T03:50:00,,,,,0.0,,,19.61,3.12,2026-08-28T11:00:00,,,,0.0,0.5,2026-08-28T06:00:00,,0.0,,,,,,0.5,-99.5,0.5,2026-08-28T05:34:00,0.5,2026-08-28T04:44:00,87,72.0,2026-08-28T11:02:00,97.0,2026-08-28T01:14:00,,,0.0,,,1003.7,2026-08-28T22:00:00,,,0.0,999.1,2026-08-28T15:00:00,,,1001.6,24.0,24.0,24.0,24.0,24.0,24.0,24.0,,,0.0,,,940.6,942.8,2026-08-28T00:01:00,938.7,2026-08-28T15:22:00,9.4,-999.5,,0.0,23.5,,,25.8,30.4,2026-08-28T14:00:00,23.4,2026-08-28T01:15:00,,-99.5,-99.5,-99.5,-99.5,-99.5,-99.5,-99.5,-99.95,,,24.0,,24.0,220,200.0,2026-08-28T10:21:00,3.1,9.8,0,,0,,0,,0,,0,,0,,0,,0,,1,,0,,2,,0,,0,,0,,0,,0,,0,,0,,0,,0,,1,,4,,16,,0,,0,,0,,0,,0,,0,,0,,0,,0,,0,,0,,0,,0,,0,,0,,0.0,210.0,,0.0,4.8,2026-08-28T17:13:00,,,0,,0.0,,0.0,,0.0,,0.0,,0.0,,0.0,,0.0,,0.4,,0.0,,1.5,,0.0,,0.0,,0.0,,0.0,,0.0,,0.0,,0.0,,0.0,,0.0,,0.5,,12.3,,59.2,,0.0,,0.0,,0.0,,0.0,,0.0,,0.0,,0.0,,0.0,,0.0,,0.0,,0.0,,0.0,,0.0,,0.0,,0,
2026-08-29,,,,0.0,,,,,27.9,2026-08-29T11:04:00,,,0.0,22.2,2026-08-29T00:06:00,,,,,0.0,,,15.19,3.29,2026-08-29T11:00:00,,,,0.0,20.0,2026-08-29T15:00:00,,0.0,,,,,,31.5,-99.5,9.0,2026-08-29T14:21:00,27.5,2026-08-29T13:39:00,91,65.0,2026-08-29T11:28:00,100.0,2026-08-29T14:08:00,,,0.0,,,1004.5,2026-08-29T23:59:00,,,0.0,1000.8,2026-08-29T13:00:00,,,1002.5,24.0,24.0,24.0,24.0,24.0,24.0,24.0,,,0.0,,,941.4,943.1,2026-08-29T23:57:00,940.1,2026-08-29T14:54:00,7.3,-999.5,,0.0,24.0,,,25.6,32.1,2026-08-29T10:50:00,23.2,2026-08-29T03:54:00,,-99.5,-99.5,-99.5,-99.5,-99.5,-99.5,-99.5,-99.95,,,24.0,,24.0,210,300.0,2026-08-29T14:00:00,1.0,5.5,0,,0,,2,,2,,1,,2,,2,,0,,1,,0,,1,,1,,0,,0,,0,,0,,0,,1,,0,,0,,2,,3,,1,,0,,1,,0,,1,,0,,1,,0,,1,,0,,0,,0,,1,,0,,0,,0,,0.0,360.0,,0.0,2.9,2026-08-29T14:47:00,,,0,,0.0,,3.5,,2.5,,0.5,,2.0,,2.8,,0.0,,0.4,,0.0,,0.6,,0.3,,0.0,,0.0,,0.0,,0.0,,0.0,,0.3,,0.0,,0.0,,1.6,,2.8,,1.6,,0.0,,0.5,,0.0,,0.6,,0.0,,1.7,,0.0,,1.5,,0.0,,0.0,,0.0,,1.6,,0.0,,0.0,,0,
2026-08-30,,,,0.0,,,,,25.2,2026-08-30T10:29:00,,,0.0,21.8,2026-08-30T23:22:00,,,,,0.0,,,10.62,2.73,2026-08-30T10:00:00,,,,0.0,3.5,2026-08-30T16:00:00,,0.0,,,,,,6.0,-99.5,4.0,2026-08-30T15:54:00,5.5,2026-08-30T15:16:00,93,75.0,2026-08-30T07:51:00,100.0,2026-08-30T03:52:00,,,0.0,,,1004.1,2026-08-30T01:00:00,,,0.0,1001.9,2026-08-30T14:00:00,,,1003.1,24.0,24.0,24.0,24.0,24.0,24.0,24.0,,,0.0,,,941.9,943.1,2026-08-30T00:01:00,940.8,2026-08-30T14:07:00,7.4,-999.5,,0.0,23.3,,,24.6,28.8,2026-08-30T09:58:00,22.5,2026-08-30T16:52:00,,-99.5,-99.5,-99.5,-99.5,-99.5,-99.5,-99.5,-99.95,,,24.0,,24.0,350,20.0,2026-08-30T09:44:00,1.2,5.5,0,,2,,1,,0,,2,,1,,3,,1,,1,,1,,0,,0,,1,,0,,0,,1,,0,,1,,0,,0,,1,,0,,1,,0,,1,,0,,0,,0,,0,,0,,0,,0,,0,,1,,1,,4,,0,,0,,0.0,350.0,,0.0,3.0,2026-08-30T10:17:00,,,0,,2.6,,1.0,,0.0,,2.3,,0.8,,3.6,,0.8,,1.2,,0.9,,0.0,,0.0,,0.4,,0.0,,0.0,,0.3,,0.0,,0.2,,0.0,,0.0,,0.6,,0.0,,2.2,,0.0,,0.4,,0.0,,0.0,,0.0,,0.0,,0.0,,0.0,,0.0,,0.0,,1.4,,2.1,,8.1,,0.0,,0,
2026-08-31,,,,0.0,,,,,25.5,2026-08-31T13:59:00,,,0.0,21.8,2026-08-31T00:35:00,,,,,0.0,,,8.67,1.77,2026-08-31T09:00:00,,,,0.0,2.5,2026-08-31T13:00:00,,0.0,,,,,,4.5,-99.5,2.0,2026-08-31T12:25:00,2.5,2026-08-31T11:44:00,94,76.0,2026-08-31T10:18:00,100.0,2026-08-31T16:44:00,,,0.0,,,1003.1,2026-08-31T23:59:00,,,0.0,1000.4,2026-08-31T15:00:00,,,1001.9,24.0,24.0,24.0,24.0,24.0,24.0,24.0,,,0.0,,,940.7,941.8,2026-08-31T00:01:00,939.4,2026-08-31T15:01:00,6.5,-999.5,,0.0,23.3,,,24.4,27.8,2026-08-31T10:17:00,22.7,2026-08-31T01:13:00,,-99.5,-99.5,-99.5,-99.5,-99.5,-99.5,-99.5,-99.95,,,24.0,,24.0,210,350.0,2026-08-31T10:36:00,1.3,5.7,0,,2,,2,,0,,2,,1,,0,,1,,1,,0,,0,,0,,0,,0,,0,,0,,0,,0,,0,,0,,3,,3,,2,,0,,0,,0,,1,,0,,0,,0,,0,,1,,1,,0,,2,,0,,1,,0,,1.0,360.0,,0.0,3.3,2026-08-31T10:45:00,,,0,,2.8,,3.2,,0.0,,3.2,,1.8,,0.0,,0.9,,2.1,,0.0,,0.0,,0.0,,0.0,,0.0,,0.0,,0.0,,0.0,,0.0,,0.0,,0.0,,1.9,,4.7,,2.8,,0.0,,0.0,,0.0,,0.8,,0.0,,0.0,,0.0,,0.0,,1.0,,0.4,,0.0,,3.9,,0.0,,1.4,,0,
2026-09-01,,,,0.0,,,,,27.6,2026-09-01T11:42:00,,,0.0,21.7,2026-09-01T23:01:00,,,,,0.0,,,9.77,1.95,2026-09-01T13:00:00,,,,0.0,5.5,2026-09-01T16:00:00,,0.0,,,,,,13.0,-99.5,2.5,2026-09-01T14:43:00,8.0,2026-09-01T14:31:00,95,75.0,2026-09-01T12:42:00,100.0,2026-09-01T00:01:00,,,0.0,,,1005.0,2026-09-01T21:00:00,,,0.0,1001.8,2026-09-01T14:00:00,,,1003.3,24.0,24.0,24.0,24.0,24.0,24.0,24.0,,,0.0,,,941.9,943.2,2026-09-01T18:52:00,940.4,2026-09-01T04:04:00,6.8,-999.5,,0.0,23.2,,,24.0,29.3,2026-09-01T12:32:00,22.1,2026-09-01T23:28:00,,-99.5,-99.5,-99.5,-99.5,-99.5,-99.5,-99.5,-99.95,,,24.0,,24.0,200,190.0,2026-09-01T15:02:00,1.3,9.6,0,,0,,1,,1,,3,,1,,0,,1,,0,,0,,0,,0,,1,,0,,0,,1,,1,,0,,0,,0,,5,,4,,3,,2,,0,,0,,0,,0,,0,,0,,0,,0,,0,,0,,0,,0,,0,,0,,0.0,220.0,,0.0,4.4,2026-09-01T15:04:00,,,0,,0.0,,0.5,,1.4,,4.0,,0.9,,0.0,,2.3,,0.0,,0.0,,0.0,,0.0,,0.5,,0.0,,0.0,,0.6,,0.3,,0.0,,0.0,,0.0,,5.5,,5.9,,8.3,,0.5,,0.0,,0.0,,0.0,,0.0,,0.0,,0.0,,0.0,,0.0,,0.0,,0.0,,0.0,,0.0,,0.0,,0,
2026-09-02,,,,0.0,,,,,27.1,2026-09-02T12:19:00,,,0.0,21.0,2026-09-02T02:15:00,,,,,0.0,,,16.93,2.97,2026-09-02T13:00:00,,,,0.0,0.5,2026-09-02T07:00:00,,0.0,,,,,,1.0,-99.5,0.5,2026-09-02T06:16:00,0.5,2026-09-02T05:26:00,91,68.0,2026-09-02T12:34:00,100.0,2026-09-02T18:53:00,,,0.0,,,1003.1,2026-09-02T01:00:00,,,0.0,997.0,2026-09-02T16:00:00,,,999.8,24.0,24.0,24.0,24.0,24.0,24.0,24.0,,,0.0,,,938.9,942.1,2026-09-02T00:01:00,936.4,2026-09-02T15:27:00,9.2,-999.5,,0.0,23.6,,,25.2,30.8,2026-09-02T12:36:00,21.9,2026-09-02T02:30:00,,-99.5,-99.5,-99.5,-99.5,-99.5,-99.5,-99.5,-99.95,,,24.0,,24.0,220,360.0,2026-09-02T15:30:00,0.9,4.2,0,,0,,3,,0,,0,,0,,1,,2,,0,,0,,1,,0,,1,,0,,1,,0,,0,,0,,1,,0,,3,,2,,5,,0,,0,,0,,0,,0,,0,,0,,0,,0,,1,,0,,0,,2,,1,,0,,0.0,210.0,,0.0,2.3,2026-09-02T19:27:00,,,0,,0.0,,4.2,,0.0,,0.0,,0.0,,0.7,,2.0,,0.0,,0.0,,0.3,,0.0,,0.5,,0.0,,0.4,,0.0,,0.0,,0.0,,0.2,,0.0,,3.0,,1.7,,4.8,,0.0,,0.0,,0.0,,0.0,,0.0,,0.0,,0.0,,0.0,,0.0,,1.2,,0.0,,0.0,,2.1,,1.6,,0,
2026-09-03,,,,0.0,,,,,26.7,2026-09-03T11:35:00,,,0.0,22.6,2026-09-03T20:37:00,,,,,0.0,,,7.57,1.76,2026-09-03T12:00:00,,,,0.0,5.5,2026-09-03T19:00:00,,0.0,,,,,,16.0,-99.5,3.5,2026-09-03T18:15:00,6.5,2026-09-03T17:32:00,96,83.0,2026-09-03T11:39:00,100.0,2026-09-03T15:25:00,,,0.0,,,1003.6,2026-09-03T23:00:00,,,0.0,998.3,2026-09-03T02:00:00,,,1000.6,24.0,24.0,24.0,24.0,24.0,24.0,24.0,,,0.0,,,939.5,942.1,2026-09-03T22:11:00,937.3,2026-09-03T04:29:00,6.1,-999.5,,0.0,24.0,,,24.7,28.6,2026-09-03T11:37:00,22.6,2026-09-03T20:37:00,,-99.5,-99.5,-99.5,-99.5,-99.5,-99.5,-99.5,-99.95,,,24.0,,24.0,210,20.0,2026-09-03T04:22:00,0.9,4.2,0,,1,,2,,2,,1,,0,,1,,1,,1,,0,,0,,0,,0,,0,,0,,0,,0,,0,,0,,1,,1,,3,,1,,0,,1,,0,,2,,3,,0,,0,,1,,1,,0,,0,,0,,0,,1,,0,,0.0,70.0,,0.0,2.2,2026-09-03T04:21:00,,,0,,0.9,,2.1,,2.4,,0.8,,0.0,,0.9,,1.5,,0.5,,0.0,,0.0,,0.0,,0.0,,0.0,,0.0,,0.0,,0.0,,0.0,,0.0,,0.9,,0.8,,3.2,,0.2,,0.0,,0.3,,0.0,,2.0,,2.0,,0.0,,0.0,,1.7,,0.3,,0.0,,0.0,,0.0,,0.0,,1.0,,0,
2026-09-04,,,,0.0,,,,,25.7,2026-09-04T09:28:00,,,0.0,22.8,2026-09-04T05:39:00,,,,,0.0,,,7.45,1.57,2026-09-04T12:00:00,,,,0.0,3.0,2026-09-04T15:00:00,,0.0,,,,,,5.5,-99.5,2.5,2026-09-04T13:59:00,3.0,2026-09-04T13:13:00,97,80.0,2026-09-04T12:12:00,100.0,2026-09-04T00:05:00,,,0.0,,,1007.8,2026-09-04T22:00:00,,,0.0,1003.0,2026-09-04T03:00:00,,,1005.3,24.0,24.0,24.0,24.0,24.0,24.0,24.0,,,0.0,,,943.9,946.1,2026-09-04T21:44:00,941.5,2026-09-04T02:25:00,6.5,-999.5,,0.0,24.0,,,24.5,27.7,2026-09-04T12:07:00,23.0,2026-09-04T00:23:00,,-99.5,-99.5,-99.5,-99.5,-99.5,-99.5,-99.5,-99.95,,,24.0,,24.0,290,320.0,2026-09-04T12:19:00,0.7,3.9,0,,1,,0,,2,,1,,0,,1,,0,,1,,0,,1,,0,,0,,0,,0,,0,,1,,0,,1,,2,,2,,0,,3,,0,,0,,0,,0,,0,,0,,3,,0,,1,,0,,0,,0,,1,,2,,0,,1.0,330.0,,0.0,2.0,2026-09-04T13:21:00,,,0,,1.2,,0.0,,1.6,,0.8,,0.0,,0.8,,0.0,,0.3,,0.0,,0.3,,0.0,,0.0,,0.0,,0.0,,0.0,,0.2,,0.0,,0.7,,1.3,,1.0,,0.0,,1.5,,0.0,,0.0,,0.0,,0.0,,0.0,,0.0,,2.1,,0.0,,1.2,,0.0,,0.0,,0.0,,0.9,,2.2,,0,
2026-09-05,,,,0.0,,,,,26.9,2026-09-05T12:21:00,,,0.0,18.2,2026-09-05T23:56:00,,,,,0.0,,,17.14,2.63,2026-09-05T15:00:00,,,,0.0,0.0,2026-09-05T01:00:00,,0.0,,,,,,0.0,-99.5,0.0,,0.0,,88,70.0,2026-09-05T11:56:00,100.0,2026-09-05T00:01:00,,,0.0,,,1007.6,2026-09-05T22:00:00,,,0.0,1004.5,2026-09-05T15:00:00,,,1006.5,24.0,24.0,24.0,24.0,24.0,24.0,24.0,,,0.0,,,945.0,946.3,2026-09-05T09:53:00,943.4,2026-09-05T15:49:00,9.4,-999.5,,0.0,22.5,,,24.7,29.4,2026-09-05T12:02:00,22.3,2026-09-05T05:37:00,,-99.5,-99.5,-99.5,-99.5,-99.5,-99.5,-99.5,-99.95,,,24.0,,24.0,350,10.0,2026-09-05T16:09:00,1.7,9.5,0,,0,,2,,2,,2,,3,,4,,0,,0,,0,,0,,0,,0,,0,,0,,0,,0,,0,,1,,1,,1,,0,,0,,0,,0,,0,,0,,0,,0,,0,,0,,0,,0,,0,,2,,4,,2,,0,,0.0,350.0,,0.0,5.0,2026-09-05T14:51:00,,,0,,0.0,,2.1,,4.0,,1.8,,4.6,,5.5,,0.0,,0.0,,0.0,,0.0,,0.0,,0.0,,0.0,,0.0,,0.0,,0.0,,0.0,,0.3,,0.2,,0.4,,0.0,,0.0,,0.0,,0.0,,0.0,,0.0,,0.0,,0.0,,0.0,,0.0,,0.0,,0.0,,0.0,,7.4,,7.8,,5.5,,0,
2026-09-06,,,,0.0,,,,,23.2,2026-09-06T14:50:00,,,0.0,16.1,2026-09-06T02:47:00,,,,,0.0,,,21.95,2.83,2026-09-06T10:00:00,,,,0.0,0.0,2026-09-06T01:00:00,,0.0,,,,,,0.0,-99.5,0.0,,0.0,,83,67.0,2026-09-06T00:52:00,98.0,2026-09-06T21:02:00,,,0.0,,,1008.7,2026-09-06T22:00:00,,,0.0,1005.4,2026-09-06T16:00:00,,,1007.1,24.0,24.0,24.0,24.0,24.0,24.0,24.0,,,0.0,,,945.4,946.7,2026-09-06T21:20:00,944.2,2026-09-06T02:37:00,10.3,-999.5,,0.0,20.6,,,23.7,27.6,2026-09-06T14:24:00,20.5,2026-09-06T04:50:00,,-99.5,-99.5,-99.5,-99.5,-99.5,-99.5,-99.5,-99.95,,,24.0,,24.0,30,10.0,2026-09-06T10:20:00,2.0,9.8,0,,1,,1,,8,,1,,0,,2,,0,,1,,0,,1,,0,,0,,0,,0,,0,,0,,0,,0,,0,,0,,1,,0,,0,,0,,0,,0,,0,,0,,0,,0,,0,,0,,1,,0,,4,,3,,0,,0.0,360.0,,0.0,4.2,2026-09-06T12:46:00,,,0,,2.1,,1.6,,18.3,,2.6,,0.0,,2.1,,0.0,,0.6,,0.0,,0.7,,0.0,,0.0,,0.0,,0.0,,0.0,,0.0,,0.0,,0.0,,0.0,,0.0,,0.6,,0.0,,0.0,,0.0,,0.0,,0.0,,0.0,,0.0,,0.0,,0.0,,0.0,,0.0,,2.0,,0.0,,9.9,,7.4,,0,
2026-09-07,,,,0.0,,,,,24.5,2026-09-07T09:18:00,,,0.0,14.1,2026-09-07T23:03:00,,,,,0.0,,,15.95,3.21,2026-09-07T12:00:00,,,,0.0,0.5,2026-09-07T02:00:00,,0.0,,,,,,0.5,-99.5,0.5,2026-09-07T01:20:00,0.5,2026-09-07T00:30:00,84,55.0,2026-09-07T23:04:00,99.0,2026-09-07T01:30:00,,,0.0,,,1009.7,2026-09-07T23:59:00,,,0.0,1006.4,2026-09-07T17:00:00,,,1007.9,24.0,24.0,24.0,24.0,24.0,24.0,24.0,,,0.0,,,946.2,947.6,2026-09-07T09:30:00,944.8,2026-09-07T03:04:00,8.6,-999.5,,0.0,20.8,,,23.9,28.3,2026-09-07T11:11:00,20.5,2026-09-07T23:40:00,,-99.5,-99.5,-99.5,-99.5,-99.5,-99.5,-99.5,-99.95,,,24.0,,24.0,20,360.0,2026-09-07T13:42:00,1.2,7.9,0,,0,,3,,2,,1,,1,,1,,0,,0,,0,,0,,1,,0,,1,,1,,0,,1,,0,,0,,3,,0,,1,,0,,0,,0,,0,,0,,0,,0,,1,,0,,1,,0,,0,,2,,2,,2,,0,,0.0,350.0,,0.0,3.8,2026-09-07T13:50:00,,,0,,0.0,,5.4,,2.8,,1.8,,0.9,,0.6,,0.0,,0.0,,0.0,,0.0,,0.4,,0.0,,0.3,,0.4,,0.0,,0.3,,0.0,,0.0,,1.8,,0.0,,0.3,,0.0,,0.0,,0.0,,0.0,,0.0,,0.0,,0.0,,0.4,,0.0,,1.2,,0.0,,0.0,,5.1,,2.9,,3.6,,0,
2026-09-08,,,,,,,,,19.8,2026-09-08T15:52:00,,,,13.9,2026-09-08T07:06:00,,,,,,,,25.85,3.53,2026-09-08T12:00:00,,,,,0.0,2026-09-08T01:00:00,,,,,,,,0.0,-99.5,0.0,,0.0,,68,44.0,2026-09-08T10:55:00,91.0,2026-09-08T21:56:00,,,,,,1010.0,2026-09-08T08:00:00,,,,1006.1,2026-09-08T15:00:00,,,1008.4,,,,,,,,,,,,,946.6,948.1,2026-09-08T08:32:00,945.2,2026-09-08T15:39:00,10.4,-999.5,,,17.2,,,23.6,28.7,2026-09-08T11:34:00,19.1,2026-09-08T05:51:00,,-99.5,-99.5,-99.5,-99.5,-99.5,-99.5,-99.5,-99.95,,,,,,350,360.0,2026-09-08T14:56:00,1.6,7.5,0,,0,,1,,1,,0,,1,,0,,0,,3,,1,,1,,1,,1,,1,,0,,1,,1,,0,,0,,1,,0,,0,,0,,0,,0,,0,,0,,0,,0,,0,,0,,0,,2,,0,,1,,4,,3,,0,,,350.0,,,4.2,2026-09-08T14:37:00,,,0,,0.0,,1.8,,3.0,,0.0,,2.1,,0.0,,0.0,,2.1,,1.3,,0.8,,0.6,,0.5,,0.6,,0.0,,0.4,,0.6,,0.0,,0.0,,0.4,,0.0,,0.0,,0.0,,0.0,,0.0,,0.0,,0.0,,0.0,,0.0,,0.0,,0.0,,0.0,,2.8,,0.0,,1.6,,13.0,,6.2,,0,
2026-09-09,,,,0.0,,,,,21.9,2026-09-09T12:15:00,,,0.0,16.1,2026-09-09T07:03:00,,,,,0.0,,,19.78,3.25,2026-09-09T13:00:00,,,,0.0,0.0,2026-09-09T01:00:00,,0.0,,,,,,0.0,-99.5,0.0,,0.0,,79,54.0,2026-09-09T11:38:00,95.0,2026-09-09T22:42:00,,,0.0,,,1011.2,2026-09-09T23:59:00,,,0.0,1008.0,2026-09-09T16:00:00,,,1009.6,24.0,24.0,24.0,24.0,24.0,24.0,24.0,,,0.0,,,947.7,949.3,2026-09-09T09:08:00,946.3,2026-09-09T01:51:00,10.3,-999.5,,0.0,19.3,,,23.3,29.4,2026-09-09T12:18:00,19.9,2026-09-09T05:58:00,,-99.5,-99.5,-99.5,-99.5,-99.5,-99.5,-99.5,-99.95,,,24.0,,24.0,360,360.0,2026-09-09T16:11:00,1.4,8.1,0,,0,,1,,1,,3,,3,,1,,0,,2,,0,,0,,1,,1,,0,,0,,0,,0,,0,,0,,0,,0,,0,,2,,1,,0,,1,,0,,0,,0,,0,,0,,0,,0,,1,,1,,2,,3,,0,,0.0,350.0,,0.0,4.4,2026-09-09T14:39:00,,,0,,0.0,,2.5,,1.8,,6.5,,2.9,,0.9,,0.0,,1.3,,0.0,,0.0,,0.3,,0.5,,0.0,,0.0,,0.0,,0.0,,0.0,,0.0,,0.0,,0.0,,0.0,,1.6,,0.5,,0.0,,0.7,,0.0,,0.0,,0.0,,0.0,,0.0,,0.0,,0.0,,1.4,,1.7,,3.0,,8.4,,0,
2026-09-10,,,,0.0,,,,,22.4,2026-09-10T11:00:00,,,0.0,17.7,2026-09-10T05:12:00,,,,,0.0,,,24.39,3.43,2026-09-10T12:00:00,,,,0.0,0.0,2026-09-10T01:00:00,,0.0,,,,,,0.0,-99.5,0.0,,0.0,,77,56.0,2026-09-10T12:40:00,92.0,2026-09-10T22:16:00,,,0.0,,,1014.0,2026-09-10T22:00:00,,,0.0,1010.0,2026-09-10T15:00:00,,,1012.0,24.0,24.0,24.0,24.0,24.0,24.0,24.0,,,0.0,,,950.1,951.6,2026-09-10T21:15:00,948.7,2026-09-10T01:50:00,10.3,-999.5,,0.0,19.7,,,24.2,29.8,2026-09-10T12:42:00,20.4,2026-09-10T04:08:00,,-99.5,-99.5,-99.5,-99.5,-99.5,-99.5,-99.5,-99.95,,,24.0,,24.0,30,360.0,2026-09-10T17:22:00,1.7,7.6,0,,0,,2,,5,,1,,0,,1,,1,,2,,0,,1,,1,,0,,0,,0,,0,,1,,0,,0,,1,,0,,0,,0,,0,,0,,0,,0,,0,,1,,0,,0,,2,,0,,1,,1,,1,,2,,0,,0.0,360.0,,0.0,3.4,2026-09-10T15:43:00,,,0,,0.0,,4.7,,12.6,,3.0,,0.0,,0.8,,0.6,,2.1,,0.0,,0.6,,0.5,,0.0,,0.0,,0.0,,0.0,,0.2,,0.0,,0.0,,0.3,,0.0,,0.0,,0.0,,0.0,,0.0,,0.0,,0.0,,0.0,,1.3,,0.0,,0.0,,2.7,,0.0,,1.3,,2.2,,2.8,,4.7,,0,
2026-09-11,,,,0.0,,,,,24.4,2026-09-11T13:14:00,,,0.0,18.6,2026-09-11T05:40:00,,,,,0.0,,,24.73,3.6,2026-09-11T12:00:00,,,,0.0,0.0,2026-09-11T01:00:00,,0.0,,,,,,0.0,-99.5,0.0,,0.0,,85,62.0,2026-09-11T11:42:00,98.0,2026-09-11T23:02:00,,,0.0,,,1014.8,2026-09-11T22:00:00,,,0.0,1011.7,2026-09-11T16:00:00,,,1013.6,24.0,24.0,24.0,24.0,24.0,24.0,24.0,,,0.0,,,951.6,953.0,2026-09-11T09:40:00,950.3,2026-09-11T15:50:00,10.3,-999.5,,0.0,21.1,,,24.0,30.7,2026-09-11T13:15:00,19.7,2026-09-11T05:45:00,,-99.5,-99.5,-99.5,-99.5,-99.5,-99.5,-99.5,-99.95,,,24.0,,24.0,20,350.0,2026-09-11T16:13:00,1.6,7.8,0,,2,,5,,4,,3,,1,,1,,0,,0,,0,,0,,0,,0,,0,,0,,1,,1,,0,,0,,0,,0,,0,,0,,0,,0,,0,,0,,0,,0,,0,,0,,0,,1,,0,,0,,3,,2,,0,,0.0,350.0,,0.0,3.2,2026-09-11T14:14:00,,,0,,4.0,,8.8,,8.1,,5.2,,1.0,,0.5,,0.0,,0.0,,0.0,,0.0,,0.0,,0.0,,0.0,,0.0,,0.3,,0.4,,0.0,,0.0,,0.0,,0.0,,0.0,,0.0,,0.0,,0.0,,0.0,,0.0,,0.0,,0.0,,0.0,,0.0,,0.0,,0.8,,0.0,,0.0,,5.8,,4.6,,0,
2026-09-12,,,,0.0,,,,,26.4,2026-09-12T11:11:00,,,0.0,20.7,2026-09-12T08:06:00,,,,,0.0,,,12.15,2.62,2026-09-12T10:00:00,,,,0.0,0.0,2026-09-12T01:00:00,,0.0,,,,,,0.0,-99.5,0.0,,0.0,,89,64.0,2026-09-12T11:20:00,100.0,2026-09-12T22:48:00,,,0.0,,,1015.5,2026-09-12T22:00:00,,,0.0,1012.1,2026-09-12T04:00:00,,,1013.6,24.0,24.0,24.0,24.0,24.0,24.0,24.0,,,0.0,,,951.9,953.3,2026-09-12T21:50:00,949.8,2026-09-12T03:45:00,6.4,-999.5,,0.0,23.4,,,25.3,32.2,2026-09-12T11:16:00,22.4,2026-09-12T05:27:00,,-99.5,-99.5,-99.5,-99.5,-99.5,-99.5,-99.5,-99.95,,,24.0,,24.0,30,360.0,2026-09-12T17:51:00,1.2,5.1,0,,0,,3,,5,,1,,1,,0,,0,,1,,1,,1,,0,,2,,1,,1,,0,,0,,0,,1,,1,,1,,3,,1,,0,,0,,0,,0,,0,,0,,0,,0,,0,,0,,0,,0,,0,,0,,0,,0.0,30.0,,0.0,3.0,2026-09-12T17:56:00,,,0,,0.0,,4.8,,8.7,,1.1,,1.5,,0.0,,0.0,,1.2,,0.4,,1.0,,0.0,,0.9,,0.5,,0.3,,0.0,,0.0,,0.0,,0.9,,0.3,,1.2,,5.3,,0.7,,0.0,,0.0,,0.0,,0.0,,0.0,,0.0,,0.0,,0.0,,0.0,,0.0,,0.0,,0.0,,0.0,,0.0,,0,
2026-09-13,,,,0.0,,,,,26.3,2026-09-13T13:06:00,,,0.0,20.8,2026-09-13T07:27:00,,,,,0.0,,,15.07,2.46,2026-09-13T13:00:00,,,,0.0,0.0,2026-09-13T01:00:00,,0.0,,,,,,0.0,-99.5,0.0,,0.0,,84,63.0,2026-09-13T10:24:00,98.0,2026-09-13T22:32:00,,,0.0,,,1014.8,2026-09-13T10:00:00,,,0.0,1011.6,2026-09-13T16:00:00,,,1013.7,24.0,24.0,24.0,24.0,24.0,24.0,24.0,,,0.0,,,952.1,953.6,2026-09-13T09:41:00,950.4,2026-09-13T15:13:00,9.8,-999.5,,0.0,23.0,,,26.0,31.9,2026-09-13T12:53:00,23.0,2026-09-13T05:45:00,,-99.5,-99.5,-99.5,-99.5,-99.5,-99.5,-99.5,-99.95,,,24.0,,24.0,360,360.0,2026-09-13T16:11:00,1.0,6.8,0,,0,,0,,0,,1,,1,,0,,0,,0,,0,,0,,3,,0,,2,,3,,0,,0,,0,,3,,0,,1,,1,,1,,0,,0,,0,,1,,0,,1,,0,,0,,0,,0,,0,,1,,2,,3,,0,,0.0,350.0,,0.0,3.8,2026-09-13T15:45:00,,,0,,0.0,,0.0,,0.0,,0.8,,0.3,,0.0,,0.0,,0.0,,0.0,,0.0,,1.9,,0.0,,0.9,,1.4,,0.0,,0.0,,0.0,,0.9,,0.0,,1.4,,0.6,,1.3,,0.0,,0.0,,0.0,,0.4,,0.0,,0.9,,0.0,,0.0,,0.0,,0.0,,0.0,,1.7,,4.3,,7.0,,0,
2026-09-14,,,,0.0,,,,,25.1,2026-09-14T09:53:00,,,0.0,20.8,2026-09-14T07:29:00,,,,,0.0,,,18.83,3.33,2026-09-14T12:00:00,,,,0.0,0.0,2026-09-14T01:00:00,,0.0,,,,,,0.0,-99.5,0.0,,0.0,,89,60.0,2026-09-14T13:15:00,100.0,2026-09-14T03:52:00,,,0.0,,,1014.3,2026-09-14T01:00:00,,,0.0,1010.4,2026-09-14T16:00:00,,,1012.6,24.0,24.0,24.0,24.0,24.0,24.0,24.0,,,0.0,,,950.8,952.3,2026-09-14T00:27:00,949.0,2026-09-14T17:02:00,10.2,-999.5,,0.0,23.0,,,25.1,30.9,2026-09-14T13:14:00,22.1,2026-09-14T23:53:00,,-99.5,-99.5,-99.5,-99.5,-99.5,-99.5,-99.5,-99.95,,,24.0,,24.0,40,360.0,2026-09-14T16:05:00,1.4,6.8,0,,4,,1,,2,,4,,1,,0,,1,,0,,1,,0,,0,,0,,0,,0,,0,,0,,0,,0,,1,,1,,0,,1,,0,,0,,0,,1,,0,,1,,1,,0,,0,,1,,1,,0,,1,,1,,0,,0.0,350.0,,0.0,3.5,2026-09-14T15:08:00,,,0,,6.5,,1.8,,4.4,,7.0,,0.6,,0.0,,0.3,,0.0,,0.5,,0.0,,0.0,,0.0,,0.0,,0.0,,0.0,,0.0,,0.0,,0.0,,0.3,,0.5,,0.0,,0.4,,0.0,,0.0,,0.0,,1.4,,0.0,,1.4,,1.4,,0.0,,0.0,,1.5,,2.1,,0.0,,3.1,,1.1,,0,
2026-09-15,,,,0.0,,,,,25.0,2026-09-15T12:27:00,,,0.0,19.4,2026-09-15T06:17:00,,,,,0.0,,,15.45,2.2,2026-09-15T11:00:00,,,,0.0,0.0,2026-09-15T01:00:00,,0.0,,,,,,0.0,-99.5,0.0,,0.0,,87,71.0,2026-09-15T07:48:00,98.0,2026-09-15T00:01:00,,,0.0,,,1013.5,2026-09-15T22:00:00,,,0.0,1011.4,2026-09-15T16:00:00,,,1012.6,24.0,24.0,24.0,24.0,24.0,24.0,24.0,,,0.0,,,950.6,951.9,2026-09-15T09:44:00,949.7,2026-09-15T15:22:00,10.2,-999.5,,0.0,21.4,,,23.6,29.0,2026-09-15T12:31:00,21.3,2026-09-15T21:53:00,,-99.5,-99.5,-99.5,-99.5,-99.5,-99.5,-99.5,-99.95,,,24.0,,24.0,30,350.0,2026-09-15T16:04:00,1.6,8.1,0,,3,,0,,7,,2,,1,,1,,0,,0,,1,,0,,0,,0,,0,,1,,0,,0,,0,,1,,1,,1,,0,,0,,0,,0,,0,,0,,0,,0,,1,,0,,0,,0,,2,,0,,1,,1,,0,,0.0,360.0,,0.0,3.8,2026-09-15T15:55:00,,,0,,5.4,,0.0,,15.4,,1.7,,1.5,,0.7,,0.0,,0.0,,0.4,,0.0,,0.0,,0.0,,0.0,,0.5,,0.0,,0.0,,0.0,,0.3,,0.5,,0.7,,0.0,,0.0,,0.0,,0.0,,0.0,,0.0,,0.0,,0.0,,0.4,,0.0,,0.0,,0.0,,3.4,,0.0,,2.5,,3.8,,0,
2026-09-16,,,,0.0,,,,,23.1,2026-09-16T12:23:00,,,0.0,19.6,2026-09-16T22:21:00,,,,,0.0,,,23.81,3.4,2026-09-16T12:00:00,,,,0.0,0.0,2026-09-16T01:00:00,,0.0,,,,,,0.0,-99.5,0.0,,0.0,,85,65.0,2026-09-16T12:39:00,98.0,2026-09-16T00:19:00,,,0.0,,,1013.7,2026-09-16T22:00:00,,,0.0,1010.6,2026-09-16T14:00:00,,,1012.4,24.0,24.0,24.0,24.0,24.0,24.0,24.0,,,0.0,,,950.5,951.7,2026-09-16T08:02:00,949.1,2026-09-16T16:08:00,9.6,-999.5,,0.0,21.2,,,24.0,29.4,2026-09-16T13:45:00,20.4,2026-09-16T22:21:00,,-99.5,-99.5,-99.5,-99.5,-99.5,-99.5,-99.5,-99.95,,,24.0,,24.0,40,350.0,2026-09-16T16:35:00,1.6,7.4,0,,0,,2,,3,,4,,0,,2,,0,,0,,1,,1,,1,,0,,0,,0,,0,,0,,0,,0,,0,,1,,0,,0,,0,,0,,0,,1,,0,,0,,0,,0,,0,,1,,0,,2,,2,,3,,0,,0.0,30.0,,0.0,3.8,2026-09-16T16:32:00,,,0,,0.0,,3.4,,7.0,,8.1,,0.0,,1.9,,0.0,,0.0,,0.6,,0.2,,0.6,,0.0,,0.0,,0.0,,0.0,,0.0,,0.0,,0.0,,0.0,,0.4,,0.0,,0.0,,0.0,,0.0,,0.0,,0.2,,0.0,,0.0,,0.0,,0.0,,0.0,,0.2,,0.0,,4.6,,5.0,,7.0,,0,
2026-09-17,,,,0.0,,,,,24.6,2026-09-17T10:30:00,,,0.0,20.0,2026-09-17T00:50:00,,,,,0.0,,,22.38,3.28,2026-09-17T12:00:00,,,,0.0,0.0,2026-09-17T01:00:00,,0.0,,,,,,0.0,-99.5,0.0,,0.0,,84,63.0,2026-09-17T10:36:00,97.0,2026-09-17T22:02:00,,,0.0,,,1013.3,2026-09-17T22:00:00,,,0.0,1010.1,2026-09-17T15:00:00,,,1012.1,24.0,24.0,24.0,24.0,24.0,24.0,24.0,,,0.0,,,950.3,951.3,2026-09-17T09:45:00,949.2,2026-09-17T15:17:00,10.2,-999.5,,0.0,21.7,,,24.8,30.3,2026-09-17T14:14:00,20.8,2026-09-17T00:50:00,,-99.5,-99.5,-99.5,-99.5,-99.5,-99.5,-99.5,-99.95,,,24.0,,24.0,70,60.0,2026-09-17T17:08:00,1.3,6.9,0,,0,,2,,3,,1,,1,,0,,4,,0,,0,,0,,0,,1,,0,,1,,0,,0,,0,,0,,0,,0,,1,,0,,0,,0,,0,,0,,1,,1,,0,,0,,0,,2,,1,,2,,2,,1,,0,,0.0,40.0,,0.0,3.7,2026-09-17T17:13:00,,,0,,0.0,,3.1,,4.5,,2.8,,2.2,,0.0,,2.4,,0.0,,0.0,,0.0,,0.0,,0.8,,0.0,,0.6,,0.0,,0.0,,0.0,,0.0,,0.0,,0.0,,0.5,,0.0,,0.0,,0.0,,0.0,,0.0,,0.3,,1.1,,0.0,,0.0,,0.0,,3.2,,0.4,,4.0,,3.5,,1.5,,0,
2026-09-18,,,,0.0,,,,,25.3,2026-09-18T12:03:00,,,0.0,19.0,2026-09-18T08:32:00,,,,,0.0,,,21.37,3.69,2026-09-18T12:00:00,,,,0.0,0.0,2026-09-18T01:00:00,,0.0,,,,,,0.0,-99.5,0.0,,0.0,,83,59.0,2026-09-18T12:07:00,98.0,2026-09-18T21:21:00,,,0.0,,,1014.8,2026-09-18T23:00:00,,,0.0,1011.9,2026-09-18T14:00:00,,,1013.4,24.0,24.0,24.0,24.0,24.0,24.0,24.0,,,0.0,,,951.7,952.9,2026-09-18T10:18:00,950.1,2026-09-18T02:06:00,10.1,-999.5,,0.0,22.3,,,25.5,32.9,2026-09-18T12:05:00,21.8,2026-09-18T04:46:00,,-99.5,-99.5,-99.5,-99.5,-99.5,-99.5,-99.5,-99.95,,,24.0,,24.0,350,360.0,2026-09-18T13:59:00,1.3,7.2,0,,1,,1,,1,,1,,0,,2,,0,,0,,1,,1,,1,,1,,1,,0,,1,,1,,0,,0,,1,,0,,0,,1,,1,,0,,1,,0,,0,,0,,0,,0,,0,,0,,1,,3,,3,,0,,0,,0.0,350.0,,0.0,3.4,2026-09-18T14:03:00,,,0,,1.5,,2.0,,2.6,,1.5,,0.0,,2.0,,0.0,,0.0,,0.6,,1.0,,0.7,,0.6,,0.7,,0.0,,0.4,,0.4,,0.0,,0.0,,0.7,,0.0,,0.0,,1.4,,0.4,,0.0,,1.3,,0.0,,0.0,,0.0,,0.0,,0.0,,0.0,,0.0,,0.8,,4.1,,7.3,,0.0,,0,
2026-09-19,,,,0.0,,,,,24.2,2026-09-19T11:42:00,,,0.0,19.5,2026-09-19T06:40:00,,,,,0.0,,,21.0,3.41,2026-09-19T13:00:00,,,,0.0,0.0,2026-09-19T01:00:00,,0.0,,,,,,0.0,-99.5,0.0,,0.0,,82,58.0,2026-09-19T13:13:00,98.0,2026-09-19T00:01:00,,,0.0,,,1015.9,2026-09-19T08:00:00,,,0.0,1013.0,2026-09-19T15:00:00,,,1014.7,24.0,24.0,24.0,24.0,24.0,24.0,24.0,,,0.0,,,952.8,954.1,2026-09-19T08:44:00,951.8,2026-09-19T15:53:00,10.0,-999.5,,0.0,21.8,,,25.2,30.3,2026-09-19T11:44:00,22.1,2026-09-19T05:18:00,,-99.5,-99.5,-99.5,-99.5,-99.5,-99.5,-99.5,-99.95,,,24.0,,24.0,30,360.0,2026-09-19T15:19:00,1.2,6.8,0,,2,,1,,3,,0,,1,,0,,2,,1,,1,,0,,1,,2,,0,,1,,0,,0,,0,,0,,0,,0,,1,,1,,0,,0,,0,,2,,0,,0,,1,,0,,0,,0,,0,,1,,2,,1,,0,,0.0,350.0,,0.0,4.0,2026-09-19T15:25:00,,,0,,4.1,,2.1,,4.4,,0.0,,0.7,,0.0,,0.5,,1.0,,0.4,,0.0,,0.5,,1.1,,0.0,,0.4,,0.0,,0.0,,0.0,,0.0,,0.0,,0.0,,0.3,,0.9,,0.0,,0.0,,0.0,,1.6,,0.0,,0.0,,1.1,,0.0,,0.0,,0.0,,0.0,,1.8,,5.0,,3.0,,0,
2026-09-20,,,,0.0,,,,,24.1,2026-09-20T08:50:00,,,0.0,20.6,2026-09-20T10:30:00,,,,,0.0,,,18.97,3.18,2026-09-20T11:00:00,,,,0.0,0.0,2026-09-20T01:00:00,,0.0,,,,,,0.0,-99.5,0.0,,0.0,,83,59.0,2026-09-20T13:21:00,97.0,2026-09-20T05:59:00,,,0.0,,,1016.1,2026-09-20T08:00:00,,,0.0,1011.6,2026-09-20T15:00:00,,,1014.0,24.0,24.0,24.0,24.0,24.0,24.0,24.0,,,0.0,,,952.2,954.1,2026-09-20T07:41:00,950.4,2026-09-20T15:17:00,9.1,-999.5,,0.0,22.0,,,25.2,30.6,2026-09-20T13:24:00,23.0,2026-09-20T06:13:00,,-99.5,-99.5,-99.5,-99.5,-99.5,-99.5,-99.5,-99.95,,,24.0,,24.0,360,40.0,2026-09-20T15:58:00,1.5,9.1,0,,1,,2,,1,,2,,1,,0,,0,,0,,1,,1,,0,,1,,0,,0,,1,,0,,0,,0,,0,,0,,1,,0,,0,,0,,0,,1,,0,,1,,0,,0,,0,,1,,0,,2,,2,,5,,0,,0.0,360.0,,0.0,5.1,2026-09-20T15:31:00,,,0,,1.8,,1.9,,2.4,,3.5,,0.5,,0.0,,0.0,,0.0,,0.4,,0.4,,0.0,,0.5,,0.0,,0.0,,0.6,,0.0,,0.0,,0.0,,0.0,,0.0,,0.3,,0.0,,0.0,,0.0,,0.0,,0.9,,0.0,,0.6,,0.0,,0.0,,0.0,,0.4,,0.0,,2.6,,5.5,,14.2,,0,
2026-09-21,,,,0.0,,,,,24.4,2026-09-21T10:44:00,,,0.0,18.9,2026-09-21T21:17:00,,,,,0.0,,,21.39,3.46,2026-09-21T12:00:00,,,,0.0,0.0,2026-09-21T01:00:00,,0.0,,,,,,0.0,-99.5,0.0,,0.0,,77,56.0,2026-09-21T12:55:00,93.0,2026-09-21T03:41:00,,,0.0,,,1013.5,2026-09-21T07:00:00,,,0.0,1009.0,2026-09-21T15:00:00,,,1011.8,24.0,24.0,24.0,24.0,24.0,24.0,24.0,,,0.0,,,950.2,951.6,2026-09-21T08:04:00,948.1,2026-09-21T15:04:00,9.7,-999.5,,0.0,21.0,,,25.4,30.3,2026-09-21T12:55:00,22.5,2026-09-21T05:49:00,,-99.5,-99.5,-99.5,-99.5,-99.5,-99.5,-99.5,-99.95,,,24.0,,24.0,350,360.0,2026-09-21T16:51:00,1.3,7.2,0,,1,,0,,0,,2,,1,,1,,0,,1,,0,,0,,0,,0,,0,,0,,1,,0,,0,,0,,3,,0,,0,,2,,1,,0,,0,,0,,0,,0,,0,,1,,0,,1,,0,,3,,4,,2,,0,,0.0,350.0,,0.0,3.5,2026-09-21T14:53:00,,,0,,0.7,,0.0,,0.0,,2.4,,0.3,,0.8,,0.0,,1.9,,0.0,,0.0,,0.0,,0.0,,0.0,,0.0,,0.9,,0.0,,0.0,,0.0,,1.2,,0.0,,0.0,,1.5,,0.3,,0.0,,0.0,,0.0,,0.0,,0.0,,0.0,,0.9,,0.0,,1.9,,0.0,,3.7,,9.5,,5.7,,0,
2026-09-22,,,,0.0,,,,,23.4,2026-09-22T15:06:00,,,0.0,14.7,2026-09-22T19:26:00,,,,,0.0,,,16.05,2.66,2026-09-22T10:00:00,,,,0.0,0.0,2026-09-22T01:00:00,,0.0,,,,,,0.0,-99.5,0.0,,0.0,,78,58.0,2026-09-22T19:20:00,97.0,2026-09-22T05:48:00,,,0.0,,,1015.3,2026-09-22T22:00:00,,,0.0,1010.5,2026-09-22T15:00:00,,,1012.9,24.0,24.0,24.0,24.0,24.0,24.0,24.0,,,0.0,,,951.1,952.9,2026-09-22T22:32:00,949.5,2026-09-22T14:53:00,9.9,-999.5,,0.0,20.5,,,24.8,29.3,2026-09-22T12:17:00,21.6,2026-09-22T21:33:00,,-99.5,-99.5,-99.5,-99.5,-99.5,-99.5,-99.5,-99.95,,,24.0,,24.0,350,60.0,2026-09-22T18:59:00,1.1,7.4,0,,3,,0,,1,,3,,1,,1,,1,,1,,1,,1,,0,,0,,1,,1,,0,,0,,1,,0,,0,,1,,1,,0,,0,,0,,0,,0,,0,,0,,0,,0,,0,,0,,0,,1,,4,,1,,0,,0.0,40.0,,0.0,3.7,2026-09-22T19:27:00,,,0,,2.5,,0.0,,2.2,,6.6,,1.0,,1.2,,0.2,,0.7,,1.0,,1.0,,0.0,,0.0,,0.4,,0.4,,0.0,,0.0,,0.4,,0.0,,0.0,,0.4,,0.7,,0.0,,0.0,,0.0,,0.0,,0.0,,0.0,,0.0,,0.0,,0.0,,0.0,,0.0,,0.0,,1.3,,5.9,,1.5,,0,
2026-09-23,,,,0.0,,,,,23.6,2026-09-23T11:17:00,,,0.0,19.8,2026-09-23T08:33:00,,,,,0.0,,,14.34,3.29,2026-09-23T12:00:00,,,,0.0,0.0,2026-09-23T01:00:00,,0.0,,,,,,0.0,-99.5,0.0,,0.0,,85,57.0,2026-09-23T11:54:00,96.0,2026-09-23T20:38:00,,,0.0,,,1016.3,2026-09-23T22:00:00,,,0.0,1012.9,2026-09-23T16:00:00,,,1014.4,24.0,24.0,24.0,24.0,24.0,24.0,24.0,,,0.0,,,952.4,953.8,2026-09-23T21:56:00,951.2,2026-09-23T15:50:00,8.5,-999.5,,0.0,21.4,,,24.3,31.3,2026-09-23T11:53:00,21.2,2026-09-23T05:29:00,,-99.5,-99.5,-99.5,-99.5,-99.5,-99.5,-99.5,-99.95,,,24.0,,24.0,350,30.0,2026-09-23T15:05:00,1.1,5.4,0,,2,,2,,1,,1,,1,,0,,0,,0,,0,,0,,2,,1,,0,,1,,1,,0,,0,,0,,0,,1,,1,,1,,0,,0,,0,,1,,1,,0,,0,,0,,1,,0,,1,,1,,2,,2,,0,,0.0,30.0,,0.0,2.6,2026-09-23T18:31:00,,,0,,2.5,,2.6,,2.1,,1.2,,1.4,,0.0,,0.0,,0.0,,0.0,,0.0,,0.9,,0.3,,0.0,,0.5,,0.2,,0.0,,0.0,,0.0,,0.0,,0.7,,0.8,,0.4,,0.0,,0.0,,0.0,,1.1,,1.5,,0.0,,0.0,,0.0,,1.1,,0.0,,1.1,,1.3,,3.6,,3.3,,0,
2026-09-24,,,,0.0,,,,,24.8,2026-09-24T12:30:00,,,0.0,18.8,2026-09-24T06:06:00,,,,,0.0,,,16.33,2.67,2026-09-24T11:00:00,,,,0.0,0.0,2026-09-24T01:00:00,,0.0,,,,,,0.0,-99.5,0.0,,0.0,,85,63.0,2026-09-24T10:50:00,98.0,2026-09-24T20:26:00,,,0.0,,,1016.0,2026-09-24T08:00:00,,,0.0,1011.9,2026-09-24T15:00:00,,,1014.3,24.0,24.0,24.0,24.0,24.0,24.0,24.0,,,0.0,,,952.4,954.3,2026-09-24T09:11:00,950.7,2026-09-24T17:10:00,9.5,-999.5,,0.0,22.0,,,24.8,31.3,2026-09-24T12:34:00,21.5,2026-09-24T04:17:00,,-99.5,-99.5,-99.5,-99.5,-99.5,-99.5,-99.5,-99.95,,,24.0,,24.0,350,10.0,2026-09-24T18:04:00,1.1,5.3,0,,0,,0,,1,,1,,0,,1,,0,,1,,2,,2,,1,,2,,1,,2,,0,,0,,0,,0,,1,,1,,0,,0,,1,,1,,0,,1,,0,,0,,0,,0,,0,,1,,0,,0,,3,,1,,0,,0.0,350.0,,0.0,2.8,2026-09-24T15:51:00,,,0,,0.0,,0.0,,2.4,,1.6,,0.0,,0.7,,0.0,,1.2,,1.0,,1.0,,0.8,,0.9,,0.4,,1.0,,0.0,,0.0,,0.0,,0.0,,0.7,,0.9,,0.0,,0.0,,1.2,,0.9,,0.0,,1.2,,0.0,,0.0,,0.0,,0.0,,0.0,,1.7,,0.0,,0.0,,6.4,,2.3,,0,
2026-09-25,,,,0.0,,,,,25.2,2026-09-25T13:24:00,,,0.0,18.3,2026-09-25T08:27:00,,,,,0.0,,,19.05,2.9,2026-09-25T12:00:00,,,,0.0,0.0,2026-09-25T01:00:00,,0.0,,,,,,0.0,-99.5,0.0,,0.0,,80,58.0,2026-09-25T11:58:00,95.0,2026-09-25T20:24:00,,,0.0,,,1015.2,2026-09-25T08:00:00,,,0.0,1011.6,2026-09-25T14:00:00,,,1013.3,24.0,24.0,24.0,24.0,24.0,24.0,24.0,,,0.0,,,951.6,953.4,2026-09-25T08:44:00,950.2,2026-09-25T15:29:00,9.0,-999.5,,0.0,21.7,,,25.5,32.5,2026-09-25T12:11:00,21.8,2026-09-25T05:26:00,,-99.5,-99.5,-99.5,-99.5,-99.5,-99.5,-99.5,-99.95,,,24.0,,24.0,360,300.0,2026-09-25T14:11:00,0.9,4.9,0,,1,,0,,0,,0,,0,,1,,0,,0,,1,,2,,2,,3,,1,,2,,1,,0,,1,,0,,1,,0,,1,,2,,0,,0,,0,,0,,0,,1,,1,,0,,0,,0,,0,,0,,0,,3,,0,,0.0,340.0,,0.0,2.2,2026-09-25T14:37:00,,,0,,0.7,,0.0,,0.0,,0.0,,0.0,,0.3,,0.0,,0.0,,0.6,,0.8,,0.7,,2.0,,0.7,,1.1,,0.3,,0.0,,0.7,,0.0,,0.8,,0.0,,1.6,,2.7,,0.0,,0.0,,0.0,,0.0,,0.0,,1.1,,1.9,,0.0,,0.0,,0.0,,0.0,,0.0,,0.0,,4.8,,0,
2026-09-26,,,,0.0,,,,,24.3,2026-09-26T16:11:00,,,0.0,17.8,2026-09-26T07:00:00,,,,,0.0,,,21.35,3.21,2026-09-26T13:00:00,,,,0.0,0.0,2026-09-26T01:00:00,,0.0,,,,,,0.0,-99.5,0.0,,0.0,,79,51.0,2026-09-26T13:42:00,98.0,2026-09-26T20:43:00,,,0.0,,,1013.3,2026-09-26T08:00:00,,,0.0,1007.7,2026-09-26T15:00:00,,,1011.2,24.0,24.0,24.0,24.0,24.0,24.0,24.0,,,0.0,,,949.6,951.6,2026-09-26T08:39:00,947.5,2026-09-26T14:37:00,9.7,-999.5,,0.0,21.5,,,25.6,33.6,2026-09-26T13:41:00,21.7,2026-09-26T05:19:00,,-99.5,-99.5,-99.5,-99.5,-99.5,-99.5,-99.5,-99.95,,,24.0,,24.0,120,200.0,2026-09-26T13:54:00,1.0,5.6,0,,0,,0,,0,,0,,0,,0,,1,,1,,0,,1,,1,,4,,1,,3,,1,,0,,0,,0,,0,,2,,3,,1,,3,,0,,0,,1,,0,,0,,0,,0,,0,,0,,0,,1,,0,,0,,0,,0.0,200.0,,0.0,2.6,2026-09-26T13:29:00,,,0,,0.0,,0.0,,0.0,,0.0,,0.0,,0.0,,0.7,,1.1,,0.0,,0.9,,0.6,,2.3,,0.3,,1.3,,0.2,,0.0,,0.0,,0.0,,0.0,,3.1,,6.2,,2.3,,3.6,,0.0,,0.0,,1.0,,0.0,,0.0,,0.0,,0.0,,0.0,,0.0,,0.0,,1.3,,0.0,,0.0,,0,
2026-09-27,,,,0.0,,,,,24.4,2026-09-27T10:37:00,,,0.0,18.1,2026-09-27T07:20:00,,,,,0.0,,,19.77,3.0,2026-09-27T11:00:00,,,,0.0,0.0,2026-09-27T01:00:00,,0.0,,,,,,0.0,-99.5,0.0,,0.0,,79,47.0,2026-09-27T13:40:00,99.0,2026-09-27T03:52:00,,,0.0,,,1011.5,2026-09-27T22:00:00,,,0.0,1006.7,2026-09-27T15:00:00,,,1009.9,24.0,24.0,24.0,24.0,24.0,24.0,24.0,,,0.0,,,948.4,949.5,2026-09-27T08:49:00,946.4,2026-09-27T15:09:00,9.2,-999.5,,0.0,21.2,,,25.5,32.0,2026-09-27T11:30:00,21.2,2026-09-27T03:21:00,,-99.5,-99.5,-99.5,-99.5,-99.5,-99.5,-99.5,-99.95,,,24.0,,24.0,210,190.0,2026-09-27T11:24:00,1.0,5.6,0,,0,,0,,0,,0,,0,,0,,1,,0,,1,,0,,1,,0,,0,,0,,0,,0,,2,,3,,1,,4,,6,,4,,0,,0,,0,,0,,0,,0,,0,,0,,0,,0,,1,,0,,0,,0,,0,,0.0,210.0,,0.0,3.0,2026-09-27T11:24:00,,,0,,0.0,,0.0,,0.0,,0.0,,0.0,,0.0,,0.8,,0.0,,0.4,,0.0,,0.6,,0.0,,0.0,,0.0,,0.0,,0.0,,1.4,,1.9,,0.5,,3.4,,10.0,,4.7,,0.0,,0.0,,0.0,,0.0,,0.0,,0.0,,0.0,,0.0,,0.0,,0.0,,1.1,,0.0,,0.0,,0.0,,0,
2026-09-28,,,,0.0,,,,,23.3,2026-09-28T17:19:00,,,0.0,15.9,2026-09-28T23:56:00,,,,,0.0,,,22.71,3.35,2026-09-28T12:00:00,,,,0.0,0.0,2026-09-28T01:00:00,,0.0,,,,,,0.0,-99.5,0.0,,0.0,,72,46.0,2026-09-28T12:53:00,95.0,2026-09-28T02:18:00,,,0.0,,,1014.1,2026-09-28T23:59:00,,,0.0,1009.1,2026-09-28T15:00:00,,,1012.1,24.0,24.0,24.0,24.0,24.0,24.0,24.0,,,0.0,,,950.5,952.4,2026-09-28T09:37:00,949.0,2026-09-28T15:00:00,9.5,-999.5,,0.0,20.1,,,25.9,34.4,2026-09-28T13:35:00,21.2,2026-09-28T05:41:00,,-99.5,-99.5,-99.5,-99.5,-99.5,-99.5,-99.5,-99.95,,,24.0,,24.0,210,200.0,2026-09-28T09:58:00,1.8,7.3,0,,0,,0,,0,,0,,0,,0,,0,,0,,0,,0,,0,,0,,1,,1,,1,,3,,1,,0,,4,,1,,10,,2,,0,,0,,0,,0,,0,,0,,0,,0,,0,,0,,0,,0,,0,,0,,0,,0.0,210.0,,0.0,4.1,2026-09-28T14:54:00,,,0,,0.0,,0.0,,0.0,,0.0,,0.0,,0.0,,0.0,,0.0,,0.0,,0.0,,0.0,,0.0,,0.9,,0.8,,0.8,,2.1,,0.4,,0.0,,3.0,,1.0,,28.5,,4.8,,0.0,,0.0,,0.0,,0.0,,0.0,,0.0,,0.0,,0.0,,0.0,,0.0,,0.0,,0.0,,0.0,,0.0,,0,
2026-09-29,,,,0.0,,,,,23.5,2026-09-29T10:37:00,,,0.0,13.6,2026-09-29T03:29:00,,,,,0.0,,,22.46,3.32,2026-09-29T12:00:00,,,,0.0,0.0,2026-09-29T01:00:00,,0.0,,,,,,0.0,-99.5,0.0,,0.0,,70,46.0,2026-09-29T12:30:00,95.0,2026-09-29T23:25:00,,,0.0,,,1015.3,2026-09-29T08:00:00,,,0.0,1010.1,2026-09-29T15:00:00,,,1013.1,24.0,24.0,24.0,24.0,24.0,24.0,24.0,,,0.0,,,951.5,953.1,2026-09-29T07:41:00,949.9,2026-09-29T15:40:00,9.4,-999.5,,0.0,19.9,,,26.0,34.2,2026-09-29T12:52:00,21.3,2026-09-29T04:26:00,,-99.5,-99.5,-99.5,-99.5,-99.5,-99.5,-99.5,-99.95,,,24.0,,24.0,200,200.0,2026-09-29T14:10:00,1.2,5.0,0,,0,,0,,0,,0,,0,,0,,0,,1,,0,,1,,1,,0,,2,,0,,0,,0,,1,,1,,4,,7,,5,,0,,1,,0,,0,,0,,0,,0,,0,,0,,0,,0,,0,,0,,0,,0,,0,,0.0,210.0,,0.0,2.7,2026-09-29T12:50:00,,,0,,0.0,,0.0,,0.0,,0.0,,0.0,,0.0,,0.0,,1.0,,0.0,,0.9,,0.5,,0.0,,1.3,,0.0,,0.0,,0.0,,0.5,,1.2,,3.6,,10.0,,9.9,,0.0,,0.4,,0.0,,0.0,,0.0,,0.0,,0.0,,0.0,,0.0,,0.0,,0.0,,0.0,,0.0,,0.0,,0.0,,0,
2026-09-30,,,,0.0,,,,,24.6,2026-09-30T14:11:00,,,0.0,16.2,2026-09-30T08:33:00,,,,,0.0,,,21.68,3.27,2026-09-30T13:00:00,,,,0.0,0.0,2026-09-30T01:00:00,,0.0,,,,,,0.0,-99.5,0.0,,0.0,,77,47.0,2026-09-30T13:30:00,96.0,2026-09-30T20:54:00,,,0.0,,,1015.0,2026-09-30T21:00:00,,,0.0,1010.4,2026-09-30T14:00:00,,,1013.5,24.0,24.0,24.0,24.0,24.0,24.0,24.0,,,0.0,,,951.8,953.1,2026-09-30T08:23:00,950.3,2026-09-30T13:52:00,8.7,-999.5,,0.0,21.0,,,25.8,34.1,2026-09-30T12:57:00,21.4,2026-09-30T05:09:00,,-99.5,-99.5,-99.5,-99.5,-99.5,-99.5,-99.5,-99.95,,,24.0,,24.0,200,310.0,2026-09-30T14:04:00,0.8,5.9,0,,0,,0,,0,,0,,0,,0,,0,,0,,1,,1,,1,,1,,1,,2,,1,,1,,2,,1,,0,,3,,2,,2,,0,,1,,0,,1,,0,,0,,1,,0,,1,,1,,0,,0,,0,,0,,0,,0.0,300.0,,0.0,2.2,2026-09-30T11:57:00,,,0,,0.0,,0.0,,0.0,,0.0,,0.0,,0.0,,0.0,,0.0,,0.5,,0.5,,0.5,,0.5,,0.4,,0.8,,0.8,,0.6,,1.3,,0.6,,0.0,,1.8,,1.4,,3.2,,0.0,,1.4,,0.0,,1.4,,0.0,,0.0,,0.5,,0.0,,2.2,,1.3,,0.0,,0.0,,0.0,,0.0,,0,
2026-10-01,,,,0.0,,,,,24.1,2026-10-01T13:57:00,,,0.0,18.1,2026-10-01T06:26:00,,,,,0.0,,,13.66,1.84,2026-10-01T14:00:00,,,,0.0,0.0,2026-10-01T01:00:00,,0.0,,,,,,0.0,-99.5,0.0,,0.0,,81,61.0,2026-10-01T10:35:00,96.0,2026-10-01T22:45:00,,,0.0,,,1016.1,2026-10-01T22:00:00,,,0.0,1012.2,2026-10-01T14:00:00,,,1014.4,24.0,24.0,24.0,24.0,24.0,24.0,24.0,,,0.0,,,952.6,954.0,2026-10-01T21:31:00,951.4,2026-10-01T03:13:00,8.2,-999.5,,0.0,21.4,,,25.0,31.3,2026-10-01T13:58:00,21.2,2026-10-01T05:48:00,,-99.5,-99.5,-99.5,-99.5,-99.5,-99.5,-99.5,-99.95,,,24.0,,24.0,30,360.0,2026-10-01T19:41:00,1.0,4.5,0,,2,,0,,2,,0,,1,,0,,0,,2,,1,,1,,0,,0,,1,,0,,1,,0,,0,,1,,1,,0,,0,,2,,1,,0,,2,,0,,1,,1,,0,,1,,0,,0,,1,,1,,0,,1,,0,,0.0,10.0,,0.0,2.6,2026-10-01T19:47:00,,,0,,1.7,,0.0,,3.9,,0.0,,1.4,,0.0,,0.0,,1.3,,0.6,,0.6,,0.0,,0.0,,0.6,,0.0,,0.3,,0.0,,0.0,,0.3,,0.2,,0.0,,0.0,,2.4,,1.2,,0.0,,1.4,,0.0,,1.3,,0.9,,0.0,,1.4,,0.0,,0.0,,0.9,,1.4,,0.0,,1.8,,0,
2026-10-02,,,,0.0,,,,,24.5,2026-10-02T13:24:00,,,0.0,19.9,2026-10-02T06:13:00,,,,,0.0,,,16.19,2.74,2026-10-02T12:00:00,,,,0.0,0.0,2026-10-02T01:00:00,,0.0,,,,,,0.0,-99.5,0.0,,0.0,,87,60.0,2026-10-02T11:55:00,99.0,2026-10-02T19:19:00,,,0.0,,,1015.5,2026-10-02T23:00:00,,,0.0,1012.3,2026-10-02T15:00:00,,,1014.3,24.0,24.0,24.0,24.0,24.0,24.0,24.0,,,0.0,,,952.3,953.6,2026-10-02T00:01:00,951.1,2026-10-02T15:42:00,8.4,-999.5,,0.0,22.1,,,24.6,31.1,2026-10-02T13:21:00,21.7,2026-10-02T05:26:00,,-99.5,-99.5,-99.5,-99.5,-99.5,-99.5,-99.5,-99.95,,,24.0,,24.0,30,350.0,2026-10-02T16:40:00,1.3,7.1,0,,2,,1,,4,,1,,2,,0,,0,,0,,2,,0,,2,,1,,1,,0,,0,,0,,0,,0,,1,,1,,0,,0,,2,,0,,0,,0,,0,,0,,0,,1,,1,,0,,0,,1,,0,,1,,0,,0.0,350.0,,0.0,3.4,2026-10-02T15:27:00,,,0,,3.3,,1.6,,10.0,,1.3,,4.3,,0.0,,0.0,,0.0,,1.0,,0.0,,0.7,,0.5,,0.4,,0.0,,0.0,,0.0,,0.0,,0.0,,0.7,,0.5,,0.0,,0.0,,2.1,,0.0,,0.0,,0.0,,0.0,,0.0,,0.0,,1.2,,1.4,,0.0,,0.0,,1.6,,0.0,,0.5,,0,
2026-10-03,,,,0.0,,,,,24.8,2026-10-03T13:42:00,,,0.0,20.1,2026-10-03T22:04:00,,,,,0.0,,,15.36,2.72,2026-10-03T11:00:00,,,,0.0,0.0,2026-10-03T01:00:00,,0.0,,,,,,0.0,-99.5,0.0,,0.0,,84,57.0,2026-10-03T10:55:00,100.0,2026-10-03T01:13:00,,,0.0,,,1014.9,2026-10-03T22:00:00,,,0.0,1011.0,2026-10-03T15:00:00,,,1013.5,24.0,24.0,24.0,24.0,24.0,24.0,24.0,,,0.0,,,951.7,952.8,2026-10-03T00:01:00,950.1,2026-10-03T14:47:00,9.0,-999.5,,0.0,22.0,,,25.1,33.1,2026-10-03T11:20:00,21.6,2026-10-03T06:04:00,,-99.5,-99.5,-99.5,-99.5,-99.5,-99.5,-99.5,-99.95,,,24.0,,24.0,220,320.0,2026-10-03T13:48:00,0.9,5.0,0,,0,,1,,0,,1,,1,,1,,2,,2,,1,,1,,0,,1,,2,,0,,1,,1,,1,,0,,0,,0,,2,,2,,1,,1,,0,,0,,0,,0,,1,,0,,0,,0,,0,,0,,0,,1,,0,,0.0,300.0,,0.0,2.3,2026-10-03T15:38:00,,,0,,0.0,,1.3,,0.0,,1.3,,0.8,,0.9,,2.7,,0.9,,0.2,,0.5,,0.0,,0.6,,1.0,,0.0,,0.7,,0.2,,0.5,,0.0,,0.0,,0.0,,2.7,,2.8,,1.2,,1.1,,0.0,,0.0,,0.0,,0.0,,1.5,,0.0,,0.0,,0.0,,0.0,,0.0,,0.0,,0.7,,0,
2026-10-04,,,,,,,,,,,,,,,,,,,,,,,0.0,0.0,2026-10-04T01:00:00,,,,,0.0,2026-10-04T01:00:00,,,,,,,,0.0,-99.5,,,,,89,,,,,,,,,,1013.1,2026-10-04T01:00:00,,,,1013.1,2026-10-04T01:00:00,,,1013.1,,,,,,,,,,,,,950.6,,,,,0.0,,,,19.8,,,21.7,,,,,,-99.5,-99.5,-99.5,-99.5,-99.5,-99.5,-99.5,,,,,,,70,,,1.0,,0,,0,,0,,0,,0,,0,,0,,1,,0,,0,,0,,0,,0,,0,,0,,0,,0,,0,,0,,0,,0,,0,,0,,0,,0,,0,,0,,0,,0,,0,,0,,0,,0,,0,,0,,0,,0,,0,,,,,,,,,,0,,0.0,,0.0,,0.0,,0.0,,0.0,,0.0,,1.0,,0.0,,0.0,,0.0,,0.0,,0.0,,0.0,,0.0,,0.0,,0.0,,0.0,,0.0,,0.0,,0.0,,0.0,,0.0,,0.0,,0.0,,0.0,,0.0,,0.0,,0.0,,0.0,,0.0,,0.0,,0.0,,0.0,,0.0,,0.0,,0.0,,0,
