,StnPres,StnPresMax,StnPresMaxTime,StnPresMin,StnPresMinTime,Tx,TxMaxAbs,TxMaxAbsTime,TxMinAbs,TxMinAbsTime,RH,RHMin,RHMinTime,WS,WD,WSGust,WDGust,WGustTime,Precp,AirTemperature.MaximumTimef,AirTemperature.Maximumf,AirTemperature.Meanf,AirTemperature.MinimumTimef,AirTemperature.Minimumf,GlobalSolarRadiation.Accumulationf,GlobalSolarRadiation.HourlyMaximumTimef,GlobalSolarRadiation.HourlyMaximumf,GloblRad,GloblRadMax,GloblRadMaxTime,PeakGust.Directionf,PeakGust.MaximumTimef,PeakGust.Maximumf,Precipitation.Accumulationf,Precipitation.HourlyMaximum,Precipitation.HourlyMaximumTime,Precipitation.HourlyMaximumTimef,Precipitation.HourlyMaximumf,Precipitation.MeltFlag,Precipitation.MeltFlagf,RelativeHumidity.Maximum,RelativeHumidity.MaximumTime,RelativeHumidity.MaximumTimef,RelativeHumidity.Maximumf,RelativeHumidity.Meanf,RelativeHumidity.MinimumTimef,RelativeHumidity.Minimumf,SoilTemperatureAt0cm.Maximum,SoilTemperatureAt0cm.MaximumTime,SoilTemperatureAt0cm.MaximumTimef,SoilTemperatureAt0cm.Maximumf,SoilTemperatureAt0cm.Meanf,SoilTemperatureAt0cm.Minimum,SoilTemperatureAt0cm.MinimumTime,SoilTemperatureAt0cm.MinimumTimef,SoilTemperatureAt0cm.Minimumf,SoilTemperatureAt100cm.Maximum,SoilTemperatureAt100cm.MaximumTime,SoilTemperatureAt100cm.MaximumTimef,SoilTemperatureAt100cm.Maximumf,SoilTemperatureAt100cm.Meanf,SoilTemperatureAt100cm.Minimum,SoilTemperatureAt100cm.MinimumTime,SoilTemperatureAt100cm.MinimumTimef,SoilTemperatureAt100cm.Minimumf,SoilTemperatureAt10cm.Maximum,SoilTemperatureAt10cm.MaximumTime,SoilTemperatureAt10cm.MaximumTimef,SoilTemperatureAt10cm.Maximumf,SoilTemperatureAt10cm.Meanf,SoilTemperatureAt10cm.Minimum,SoilTemperatureAt10cm.MinimumTime,SoilTemperatureAt10cm.MinimumTimef,SoilTemperatureAt10cm.Minimumf,SoilTemperatureAt20cm.Maximum,SoilTemperatureAt20cm.MaximumTime,SoilTemperatureAt20cm.MaximumTimef,SoilTemperatureAt20cm.Maximumf,SoilTemperatureAt20cm.Meanf,SoilTemperatureAt20cm.Minimum,SoilTemperatureAt20cm.MinimumTime,SoilTemperatureAt20cm.MinimumTimef,SoilTemperatureAt20cm.Minimumf,SoilTemperatureAt50cm.Maximum,SoilTemperatureAt50cm.MaximumTime,SoilTemperatureAt50cm.MaximumTimef,SoilTemperatureAt50cm.Maximumf,SoilTemperatureAt50cm.Meanf,SoilTemperatureAt50cm.Minimum,SoilTemperatureAt50cm.MinimumTime,SoilTemperatureAt50cm.MinimumTimef,SoilTemperatureAt50cm.Minimumf,SoilTemperatureAt5cm.Maximum,SoilTemperatureAt5cm.MaximumTime,SoilTemperatureAt5cm.MaximumTimef,SoilTemperatureAt5cm.Maximumf,SoilTemperatureAt5cm.Meanf,SoilTemperatureAt5cm.Minimum,SoilTemperatureAt5cm.MinimumTime,SoilTemperatureAt5cm.MinimumTimef,SoilTemperatureAt5cm.Minimumf,StationPressure.MaximumTimef,StationPressure.Maximumf,StationPressure.Meanf,StationPressure.MinimumTimef,StationPressure.Minimumf,SunShine,SunshineDuration.Totalf,TxSoil0cm,TxSoil100cm,TxSoil10cm,TxSoil20cm,TxSoil50cm,TxSoil5cm,WindDirection.Prevailingf,WindSpeed.Meanf
2014-01-01,936.9,938.8,2014-01-01T09:03:00,935.2,2014-01-01T15:02:00,16.2,21.8,2014-01-01T13:31:00,12.8,2014-01-01T02:32:00,66,41.0,2014-01-01T10:34:00,1.1,128,5.4,352.0,2014-01-01T12:20:00,0.0,,,,,,,,,,,,,,,,,,,,,,83.0,2014-01-01T19:52:00,,,,,,,,,,,,,,,,,,,,,,,,,,,,,,,,,,,,,,,,,,,,,,,,,,,,,,,,,,,,,,,,,,,,,,,,,,
2014-01-02,935.8,937.7,2014-01-02T08:46:00,933.8,2014-01-02T15:14:00,17.5,23.5,2014-01-02T14:24:00,13.3,2014-01-02T06:48:00,65,46.0,2014-01-02T14:33:00,0.9,139,4.5,327.0,2014-01-02T13:32:00,0.0,,,,,,,,,,,,,,,,,,,,,,80.0,2014-01-02T19:49:00,,,,,,,,,,,,,,,,,,,,,,,,,,,,,,,,,,,,,,,,,,,,,,,,,,,,,,,,,,,,,,,,,,,,,,,,,,
2014-01-03,934.1,936.0,2014-01-03T08:32:00,932.1,2014-01-03T14:36:00,19.3,22.8,2014-01-03T10:53:00,17.1,2014-01-03T19:32:00,77,66.0,2014-01-03T09:01:00,1.2,285,6.2,328.0,2014-01-03T14:45:00,0.0,,,,,,,,,,,,,,,,,,,,,,91.0,2014-01-03T19:38:00,,,,,,,,,,,,,,,,,,,,,,,,,,,,,,,,,,,,,,,,,,,,,,,,,,,,,,,,,,,,,,,,,,,,,,,,,,
2014-01-04,934.3,935.8,2014-01-04T22:31:00,933.0,2014-01-04T13:54:00,16.5,19.8,2014-01-04T12:47:00,13.2,2014-01-04T23:16:00,75,60.0,2014-01-04T16:33:00,1.4,126,7.8,292.0,2014-01-04T14:56:00,0.0,,,,,,,,,,,,,,,,,,,,,,90.0,2014-01-04T10:53:00,,,,,,,,,,,,,,,,,,,,,,,,,,,,,,,,,,,,,,,,,,,,,,,,,,,,,,,,,,,,,,,,,,,,,,,,,,
2014-01-05,935.9,937.6,2014-01-05T08:16:00,934.2,2014-01-05T13:18:00,14.6,20.5,2014-01-05T13:34:00,11.8,2014-01-05T03:34:00,68,41.0,2014-01-05T10:32:00,1.3,4,6.3,331.0,2014-01-05T13:59:00,0.0,,,,,,,,,,,,,,,,,,,,,,89.0,2014-01-05T19:29:00,,,,,,,,,,,,,,,,,,,,,,,,,,,,,,,,,,,,,,,,,,,,,,,,,,,,,,,,,,,,,,,,,,,,,,,,,,
2014-01-06,936.5,938.1,2014-01-06T09:01:00,935.0,2014-01-06T14:24:00,15.4,20.5,2014-01-06T14:24:00,12.7,2014-01-06T23:46:00,62,43.0,2014-01-06T06:32:00,1.2,347,5.3,344.0,2014-01-06T11:33:00,0.0,,,,,,,,,,,,,,,,,,,,,,85.0,2014-01-06T23:18:00,,,,,,,,,,,,,,,,,,,,,,,,,,,,,,,,,,,,,,,,,,,,,,,,,,,,,,,,,,,,,,,,,,,,,,,,,,
2014-01-07,936.2,938.0,2014-01-07T09:05:00,934.7,2014-01-07T14:40:00,16.2,21.5,2014-01-07T14:16:00,12.5,2014-01-07T02:01:00,67,45.0,2014-01-07T11:16:00,0.9,113,5.1,326.0,2014-01-07T15:28:00,0.0,,,,,,,,,,,,,,,,,,,,,,86.0,2014-01-07T01:37:00,,,,,,,,,,,,,,,,,,,,,,,,,,,,,,,,,,,,,,,,,,,,,,,,,,,,,,,,,,,,,,,,,,,,,,,,,,
2014-01-08,936.1,937.3,2014-01-08T09:31:00,934.1,2014-01-08T15:19:00,17.4,22.5,2014-01-08T14:46:00,14.5,2014-01-08T22:16:00,73,51.0,2014-01-08T13:24:00,1.6,145,7.1,343.0,2014-01-08T13:08:00,0.0,,,,,,,,,,,,,,,,,,,,,,95.0,2014-01-08T22:05:00,,,,,,,,,,,,,,,,,,,,,,,,,,,,,,,,,,,,,,,,,,,,,,,,,,,,,,,,,,,,,,,,,,,,,,,,,,
2014-01-09,938.7,941.1,2014-01-09T23:31:00,936.8,2014-01-09T02:07:00,15.1,19.5,2014-01-09T10:32:00,12.3,2014-01-09T22:10:00,86,70.0,2014-01-09T10:32:00,0.9,321,5.3,348.0,2014-01-09T12:39:00,0.0,,,,,,,,,,,,,,,,,,,,,,96.0,2014-01-09T22:16:00,,,,,,,,,,,,,,,,,,,,,,,,,,,,,,,,,,,,,,,,,,,,,,,,,,,,,,,,,,,,,,,,,,,,,,,,,,
2014-01-10,940.9,942.7,2014-01-10T09:01:00,939.0,2014-01-10T14:31:00,13.5,17.6,2014-01-10T12:17:00,10.7,2014-01-10T06:22:00,86,67.0,2014-01-10T12:17:00,0.8,8,5.3,309.0,2014-01-10T12:49:00,0.0,,,,,,,,,,,,,,,,,,,,,,97.0,2014-01-10T04:16:00,,,,,,,,,,,,,,,,,,,,,,,,,,,,,,,,,,,,,,,,,,,,,,,,,,,,,,,,,,,,,,,,,,,,,,,,,,
2014-01-11,941.2,943.2,2014-01-11T09:22:00,939.3,2014-01-11T15:04:00,14.3,20.5,2014-01-11T14:02:00,11.2,2014-01-11T00:01:00,86,60.0,2014-01-11T14:03:00,1.1,119,6.0,339.0,2014-01-11T14:49:00,0.0,,,,,,,,,,,,,,,,,,,,,,97.0,2014-01-11T22:50:00,,,,,,,,,,,,,,,,,,,,,,,,,,,,,,,,,,,,,,,,,,,,,,,,,,,,,,,,,,,,,,,,,,,,,,,,,,
2014-01-12,940.1,942.0,2014-01-12T08:35:00,937.8,2014-01-12T15:01:00,15.0,19.8,2014-01-12T13:32:00,12.0,2014-01-12T06:31:00,81,56.0,2014-01-12T10:17:00,1.1,4,8.7,339.0,2014-01-12T12:45:00,0.0,,,,,,,,,,,,,,,,,,,,,,96.0,2014-01-12T00:09:00,,,,,,,,,,,,,,,,,,,,,,,,,,,,,,,,,,,,,,,,,,,,,,,,,,,,,,,,,,,,,,,,,,,,,,,,,,
2014-01-13,937.6,940.0,2014-01-13T00:12:00,936.0,2014-01-13T14:54:00,14.2,18.0,2014-01-13T13:10:00,11.8,2014-01-13T23:33:00,89,73.0,2014-01-13T13:13:00,1.1,339,6.1,337.0,2014-01-13T14:18:00,0.0,,,,,,,,,,,,,,,,,,,,,,97.0,2014-01-13T23:03:00,,,,,,,,,,,,,,,,,,,,,,,,,,,,,,,,,,,,,,,,,,,,,,,,,,,,,,,,,,,,,,,,,,,,,,,,,,
2014-01-14,936.9,939.0,2014-01-14T23:46:00,935.2,2014-01-14T13:31:00,13.8,20.0,2014-01-14T10:48:00,11.1,2014-01-14T23:38:00,84,57.0,2014-01-14T10:38:00,1.2,132,6.4,322.0,2014-01-14T15:44:00,0.0,,,,,,,,,,,,,,,,,,,,,,97.0,2014-01-14T01:04:00,,,,,,,,,,,,,,,,,,,,,,,,,,,,,,,,,,,,,,,,,,,,,,,,,,,,,,,,,,,,,,,,,,,,,,,,,,
2014-01-15,939.2,941.0,2014-01-15T21:09:00,938.0,2014-01-15T03:02:00,12.2,16.5,2014-01-15T13:31:00,10.5,2014-01-15T04:31:00,84,56.0,2014-01-15T22:13:00,1.0,333,5.8,1.0,2014-01-15T13:56:00,0.0,,,,,,,,,,,,,,,,,,,,,,97.0,2014-01-15T01:48:00,,,,,,,,,,,,,,,,,,,,,,,,,,,,,,,,,,,,,,,,,,,,,,,,,,,,,,,,,,,,,,,,,,,,,,,,,,
2014-01-16,940.1,941.6,2014-01-16T09:01:00,938.3,2014-01-16T14:31:00,13.1,18.7,2014-01-16T14:25:00,9.5,2014-01-16T06:35:00,65,43.0,2014-01-16T14:16:00,1.4,137,6.5,311.0,2014-01-16T12:44:00,0.0,,,,,,,,,,,,,,,,,,,,,,89.0,2014-01-16T00:31:00,,,,,,,,,,,,,,,,,,,,,,,,,,,,,,,,,,,,,,,,,,,,,,,,,,,,,,,,,,,,,,,,,,,,,,,,,,
2014-01-17,939.1,940.5,2014-01-17T21:34:00,937.0,2014-01-17T14:05:00,13.9,19.7,2014-01-17T14:05:00,10.7,2014-01-17T04:02:00,64,43.0,2014-01-17T09:33:00,1.3,133,7.5,334.0,2014-01-17T14:50:00,0.0,,,,,,,,,,,,,,,,,,,,,,87.0,2014-01-17T23:33:00,,,,,,,,,,,,,,,,,,,,,,,,,,,,,,,,,,,,,,,,,,,,,,,,,,,,,,,,,,,,,,,,,,,,,,,,,,
2014-01-18,941.3,943.0,2014-01-18T21:46:00,939.5,2014-01-18T03:16:00,13.5,18.6,2014-01-18T13:05:00,11.0,2014-01-18T23:31:00,68,44.0,2014-01-18T10:01:00,1.3,339,6.6,276.0,2014-01-18T14:30:00,0.0,,,,,,,,,,,,,,,,,,,,,,87.0,2014-01-18T00:20:00,,,,,,,,,,,,,,,,,,,,,,,,,,,,,,,,,,,,,,,,,,,,,,,,,,,,,,,,,,,,,,,,,,,,,,,,,,
2014-01-19,941.7,943.1,2014-01-19T20:31:00,940.3,2014-01-19T14:48:00,11.8,16.5,2014-01-19T13:37:00,9.5,2014-01-19T03:04:00,63,47.0,2014-01-19T08:40:00,1.4,6,6.9,324.0,2014-01-19T14:58:00,0.0,,,,,,,,,,,,,,,,,,,,,,85.0,2014-01-19T20:08:00,,,,,,,,,,,,,,,,,,,,,,,,,,,,,,,,,,,,,,,,,,,,,,,,,,,,,,,,,,,,,,,,,,,,,,,,,,
2014-01-20,939.9,942.2,2014-01-20T09:17:00,937.6,2014-01-20T14:46:00,13.6,20.6,2014-01-20T15:07:00,9.5,2014-01-20T00:09:00,54,33.0,2014-01-20T15:08:00,1.3,123,6.0,321.0,2014-01-20T16:36:00,0.0,,,,,,,,,,,,,,,,,,,,,,73.0,2014-01-20T00:16:00,,,,,,,,,,,,,,,,,,,,,,,,,,,,,,,,,,,,,,,,,,,,,,,,,,,,,,,,,,,,,,,,,,,,,,,,,,
2014-01-21,938.3,939.7,2014-01-21T21:46:00,936.7,2014-01-21T14:04:00,13.3,17.8,2014-01-21T13:20:00,10.3,2014-01-21T23:50:00,64,44.0,2014-01-21T11:01:00,1.0,335,5.1,3.0,2014-01-21T15:31:00,0.0,,,,,,,,,,,,,,,,,,,,,,84.0,2014-01-21T23:31:00,,,,,,,,,,,,,,,,,,,,,,,,,,,,,,,,,,,,,,,,,,,,,,,,,,,,,,,,,,,,,,,,,,,,,,,,,,
2014-01-22,939.4,941.0,2014-01-22T22:20:00,937.6,2014-01-22T14:31:00,10.6,16.5,2014-01-22T13:35:00,8.0,2014-01-22T04:51:00,79,55.0,2014-01-22T13:41:00,1.3,304,5.7,327.0,2014-01-22T15:31:00,0.0,,,,,,,,,,,,,,,,,,,,,,92.0,2014-01-22T04:01:00,,,,,,,,,,,,,,,,,,,,,,,,,,,,,,,,,,,,,,,,,,,,,,,,,,,,,,,,,,,,,,,,,,,,,,,,,,
2014-01-23,939.0,939.1,2014-01-23T21:04:00,937.0,2014-01-23T15:16:00,11.7,19.3,2014-01-23T14:59:00,9.1,2014-01-23T23:01:00,50,27.0,2014-01-23T15:00:00,1.4,121,6.5,1.0,2014-01-23T15:41:00,0.0,,,,,,,,,,,,,,,,,,,,,,73.0,2014-01-23T23:51:00,,,,,,,,,,,,,,,,,,,,,,,,,,,,,,,,,,,,,,,,,,,,,,,,,,,,,,,,,,,,,,,,,,,,,,,,,,
2014-01-24,936.8,938.8,2014-01-24T10:01:00,934.5,2014-01-24T15:32:00,12.6,20.5,2014-01-24T15:19:00,8.2,2014-01-24T04:49:00,60,37.0,2014-01-24T14:39:00,1.5,107,9.0,350.0,2014-01-24T13:02:00,0.0,,,,,,,,,,,,,,,,,,,,,,79.0,2014-01-24T03:02:00,,,,,,,,,,,,,,,,,,,,,,,,,,,,,,,,,,,,,,,,,,,,,,,,,,,,,,,,,,,,,,,,,,,,,,,,,,
2014-01-25,935.9,937.5,2014-01-25T08:36:00,934.0,2014-01-25T14:51:00,15.3,22.2,2014-01-25T14:36:00,10.5,2014-01-25T04:50:00,50,30.0,2014-01-25T13:39:00,1.5,13,8.2,313.0,2014-01-25T12:46:00,0.0,,,,,,,,,,,,,,,,,,,,,,73.0,2014-01-25T01:53:00,,,,,,,,,,,,,,,,,,,,,,,,,,,,,,,,,,,,,,,,,,,,,,,,,,,,,,,,,,,,,,,,,,,,,,,,,,
2014-01-26,936.5,938.1,2014-01-26T09:03:00,934.6,2014-01-26T14:54:00,15.9,21.1,2014-01-26T12:34:00,12.8,2014-01-26T23:40:00,60,43.0,2014-01-26T09:18:00,1.3,352,7.1,299.0,2014-01-26T13:56:00,0.0,,,,,,,,,,,,,,,,,,,,,,84.0,2014-01-26T23:40:00,,,,,,,,,,,,,,,,,,,,,,,,,,,,,,,,,,,,,,,,,,,,,,,,,,,,,,,,,,,,,,,,,,,,,,,,,,
2014-01-27,937.2,938.5,2014-01-27T09:02:00,935.2,2014-01-27T14:53:00,14.7,20.1,2014-01-27T13:19:00,12.2,2014-01-27T06:26:00,76,56.0,2014-01-27T10:13:00,1.4,314,7.5,328.0,2014-01-27T13:59:00,0.0,,,,,,,,,,,,,,,,,,,,,,96.0,2014-01-27T22:18:00,,,,,,,,,,,,,,,,,,,,,,,,,,,,,,,,,,,,,,,,,,,,,,,,,,,,,,,,,,,,,,,,,,,,,,,,,,
2014-01-28,937.5,939.1,2014-01-28T09:04:00,936.0,2014-01-28T16:48:00,15.3,22.0,2014-01-28T14:01:00,10.0,2014-01-28T13:48:00,73,45.0,2014-01-28T14:01:00,1.1,346,5.3,345.0,2014-01-28T11:14:00,0.0,,,,,,,,,,,,,,,,,,,,,,95.0,2014-01-28T00:01:00,,,,,,,,,,,,,,,,,,,,,,,,,,,,,,,,,,,,,,,,,,,,,,,,,,,,,,,,,,,,,,,,,,,,,,,,,,
2014-01-29,937.3,938.7,2014-01-29T09:18:00,935.3,2014-01-29T14:46:00,16.0,22.7,2014-01-29T14:31:00,12.0,2014-01-29T03:51:00,71,37.0,2014-01-29T09:58:00,1.2,335,6.9,347.0,2014-01-29T14:15:00,0.0,,,,,,,,,,,,,,,,,,,,,,94.0,2014-01-29T00:16:00,,,,,,,,,,,,,,,,,,,,,,,,,,,,,,,,,,,,,,,,,,,,,,,,,,,,,,,,,,,,,,,,,,,,,,,,,,
2014-01-30,937.5,939.6,2014-01-30T09:02:00,936.0,2014-01-30T15:06:00,16.7,21.8,2014-01-30T13:16:00,14.0,2014-01-30T00:29:00,74,50.0,2014-01-30T14:46:00,1.1,80,7.2,302.0,2014-01-30T13:28:00,0.0,,,,,,,,,,,,,,,,,,,,,,91.0,2014-01-30T20:49:00,,,,,,,,,,,,,,,,,,,,,,,,,,,,,,,,,,,,,,,,,,,,,,,,,,,,,,,,,,,,,,,,,,,,,,,,,,
2014-01-31,937.3,939.0,2014-01-31T09:06:00,936.0,2014-01-31T14:28:00,16.4,21.8,2014-01-31T14:04:00,13.1,2014-01-31T05:47:00,71,50.0,2014-01-31T14:04:00,1.2,138,6.8,342.0,2014-01-31T14:28:00,0.0,,,,,,,,,,,,,,,,,,,,,,91.0,2014-01-31T02:35:00,,,,,,,,,,,,,,,,,,,,,,,,,,,,,,,,,,,,,,,,,,,,,,,,,,,,,,,,,,,,,,,,,,,,,,,,,,
2014-02-01,934.3,936.6,2014-02-01T00:02:00,932.6,2014-02-01T15:31:00,18.0,25.7,2014-02-01T15:31:00,13.0,2014-02-01T05:33:00,63,39.0,2014-02-01T15:31:00,1.2,6,5.8,343.0,2014-02-01T13:08:00,0.0,,,,,,,,,,,,,,,,,,,,,,82.0,2014-02-01T04:47:00,,,,,,,,,,,,,,,,,,,,,,,,,,,,,,,,,,,,,,,,,,,,,,,,,,,,,,,,,,,,,,,,,,,,,,,,,,
2014-02-02,930.2,932.6,2014-02-02T00:01:00,928.1,2014-02-02T15:01:00,21.1,26.6,2014-02-02T13:34:00,17.3,2014-02-02T00:01:00,69,51.0,2014-02-02T13:34:00,1.0,45,6.9,336.0,2014-02-02T15:38:00,0.5,,,,,,,,,,,,,,,,,,,,,,95.0,2014-02-02T23:31:00,,,,,,,,,,,,,,,,,,,,,,,,,,,,,,,,,,,,,,,,,,,,,,,,,,,,,,,,,,,,,,,,,,,,,,,,,,
2014-02-03,929.7,931.3,2014-02-03T20:34:00,919.5,2014-02-03T17:04:00,20.4,27.2,2014-02-03T14:02:00,18.0,2014-02-03T22:31:00,90,58.0,2014-02-03T14:02:00,1.2,320,7.1,336.0,2014-02-03T14:51:00,1.5,,,,,,,,,,,,,,,,,,,,,,98.0,2014-02-03T23:31:00,,,,,,,,,,,,,,,,,,,,,,,,,,,,,,,,,,,,,,,,,,,,,,,,,,,,,,,,,,,,,,,,,,,,,,,,,,
2014-02-04,931.5,933.0,2014-02-04T21:02:00,930.1,2014-02-04T14:07:00,17.5,21.0,2014-02-04T09:20:00,15.1,2014-02-04T23:51:00,96,75.0,2014-02-04T09:20:00,1.0,327,5.4,277.0,2014-02-04T14:10:00,0.0,,,,,,,,,,,,,,,,,,,,,,99.0,2014-02-04T23:31:00,,,,,,,,,,,,,,,,,,,,,,,,,,,,,,,,,,,,,,,,,,,,,,,,,,,,,,,,,,,,,,,,,,,,,,,,,,
2014-02-05,932.4,933.8,2014-02-05T07:38:00,931.2,2014-02-05T14:46:00,17.1,21.5,2014-02-05T14:18:00,14.2,2014-02-05T05:04:00,90,71.0,2014-02-05T14:18:00,1.4,326,6.2,343.0,2014-02-05T12:22:00,0.0,,,,,,,,,,,,,,,,,,,,,,99.0,2014-02-05T00:01:00,,,,,,,,,,,,,,,,,,,,,,,,,,,,,,,,,,,,,,,,,,,,,,,,,,,,,,,,,,,,,,,,,,,,,,,,,,
2014-02-06,931.3,933.1,2014-02-06T08:31:00,929.6,2014-02-06T14:26:00,19.8,26.5,2014-02-06T12:15:00,16.2,2014-02-06T00:37:00,79,57.0,2014-02-06T12:16:00,1.4,1,9.0,257.0,2014-02-06T13:19:00,0.0,,,,,,,,,,,,,,,,,,,,,,98.0,2014-02-06T20:42:00,,,,,,,,,,,,,,,,,,,,,,,,,,,,,,,,,,,,,,,,,,,,,,,,,,,,,,,,,,,,,,,,,,,,,,,,,,
2014-02-07,929.9,931.6,2014-02-07T09:01:00,927.5,2014-02-07T17:53:00,18.5,23.0,2014-02-07T13:17:00,15.6,2014-02-07T06:18:00,81,59.0,2014-02-07T19:05:00,1.3,144,7.1,338.0,2014-02-07T14:04:00,0.0,,,,,,,,,,,,,,,,,,,,,,98.0,2014-02-07T22:02:00,,,,,,,,,,,,,,,,,,,,,,,,,,,,,,,,,,,,,,,,,,,,,,,,,,,,,,,,,,,,,,,,,,,,,,,,,,
2014-02-08,930.1,931.8,2014-02-08T09:32:00,928.6,2014-02-08T17:31:00,17.2,21.6,2014-02-08T15:31:00,14.1,2014-02-08T04:49:00,89,59.0,2014-02-08T04:37:00,1.3,342,7.3,333.0,2014-02-08T04:49:00,0.0,,,,,,,,,,,,,,,,,,,,,,98.0,2014-02-08T23:48:00,,,,,,,,,,,,,,,,,,,,,,,,,,,,,,,,,,,,,,,,,,,,,,,,,,,,,,,,,,,,,,,,,,,,,,,,,,
2014-02-09,930.1,931.8,2014-02-09T08:17:00,927.5,2014-02-09T16:46:00,17.6,22.0,2014-02-09T10:32:00,14.7,2014-02-09T04:04:00,88,69.0,2014-02-09T15:31:00,1.5,332,6.8,310.0,2014-02-09T13:18:00,0.0,,,,,,,,,,,,,,,,,,,,,,99.0,2014-02-09T01:16:00,,,,,,,,,,,,,,,,,,,,,,,,,,,,,,,,,,,,,,,,,,,,,,,,,,,,,,,,,,,,,,,,,,,,,,,,,,
2014-02-10,932.2,934.0,2014-02-10T09:09:00,929.8,2014-02-10T03:31:00,12.6,16.2,2014-02-10T00:01:00,10.0,2014-02-10T21:18:00,100,97.0,2014-02-10T00:01:00,1.1,323,7.5,186.0,2014-02-10T06:24:00,20.0,,,,,,,,,,,,,,,,,,,,,,100.0,2014-02-10T06:02:00,,,,,,,,,,,,,,,,,,,,,,,,,,,,,,,,,,,,,,,,,,,,,,,,,,,,,,,,,,,,,,,,,,,,,,,,,,
2014-02-11,933.5,935.0,2014-02-11T09:31:00,932.2,2014-02-11T14:06:00,10.7,12.5,2014-02-11T08:47:00,8.5,2014-02-11T09:31:00,100,100.0,2014-02-11T00:01:00,0.7,138,4.4,336.0,2014-02-11T02:58:00,3.5,,,,,,,,,,,,,,,,,,,,,,100.0,2014-02-11T00:01:00,,,,,,,,,,,,,,,,,,,,,,,,,,,,,,,,,,,,,,,,,,,,,,,,,,,,,,,,,,,,,,,,,,,,,,,,,,
2014-02-12,934.0,935.5,2014-02-12T23:27:00,932.5,2014-02-12T14:31:00,12.8,16.0,2014-02-12T13:33:00,10.0,2014-02-12T03:16:00,94,77.0,2014-02-12T14:23:00,0.9,2,6.6,347.0,2014-02-12T12:33:00,0.0,,,,,,,,,,,,,,,,,,,,,,100.0,2014-02-12T00:01:00,,,,,,,,,,,,,,,,,,,,,,,,,,,,,,,,,,,,,,,,,,,,,,,,,,,,,,,,,,,,,,,,,,,,,,,,,,
2014-02-13,935.0,936.8,2014-02-13T09:36:00,933.3,2014-02-13T15:16:00,14.4,19.2,2014-02-13T14:33:00,12.3,2014-02-13T02:16:00,92,70.0,2014-02-13T13:01:00,0.9,141,6.6,315.0,2014-02-13T22:24:00,1.5,,,,,,,,,,,,,,,,,,,,,,99.0,2014-02-13T23:32:00,,,,,,,,,,,,,,,,,,,,,,,,,,,,,,,,,,,,,,,,,,,,,,,,,,,,,,,,,,,,,,,,,,,,,,,,,,
2014-02-14,935.6,937.0,2014-02-14T10:23:00,934.2,2014-02-14T14:46:00,12.5,14.0,2014-02-14T16:31:00,10.8,2014-02-14T19:20:00,100,99.0,2014-02-14T00:01:00,0.7,132,5.7,331.0,2014-02-14T06:23:00,2.0,,,,,,,,,,,,,,,,,,,,,,100.0,2014-02-14T01:01:00,,,,,,,,,,,,,,,,,,,,,,,,,,,,,,,,,,,,,,,,,,,,,,,,,,,,,,,,,,,,,,,,,,,,,,,,,,
2014-02-15,936.5,938.1,2014-02-15T10:01:00,935.0,2014-02-15T02:01:00,12.3,15.0,2014-02-15T11:16:00,10.3,2014-02-15T06:31:00,94,77.0,2014-02-15T11:08:00,0.7,338,4.9,325.0,2014-02-15T15:51:00,0.0,,,,,,,,,,,,,,,,,,,,,,100.0,2014-02-15T00:01:00,,,,,,,,,,,,,,,,,,,,,,,,,,,,,,,,,,,,,,,,,,,,,,,,,,,,,,,,,,,,,,,,,,,,,,,,,,
2014-02-16,937.1,938.3,2014-02-16T09:03:00,935.8,2014-02-16T15:02:00,14.9,20.2,2014-02-16T14:49:00,11.1,2014-02-16T00:34:00,84,64.0,2014-02-16T14:01:00,1.2,334,5.4,354.0,2014-02-16T11:59:00,0.0,,,,,,,,,,,,,,,,,,,,,,98.0,2014-02-16T00:50:00,,,,,,,,,,,,,,,,,,,,,,,,,,,,,,,,,,,,,,,,,,,,,,,,,,,,,,,,,,,,,,,,,,,,,,,,,,
2014-02-17,937.4,939.5,2014-02-17T09:17:00,935.5,2014-02-17T15:19:00,17.4,23.5,2014-02-17T14:16:00,13.5,2014-02-17T04:16:00,77,53.0,2014-02-17T14:08:00,1.3,320,6.9,332.0,2014-02-17T13:05:00,0.0,,,,,,,,,,,,,,,,,,,,,,97.0,2014-02-17T19:47:00,,,,,,,,,,,,,,,,,,,,,,,,,,,,,,,,,,,,,,,,,,,,,,,,,,,,,,,,,,,,,,,,,,,,,,,,,,
2014-02-18,934.7,936.8,2014-02-18T00:01:00,932.8,2014-02-18T15:18:00,18.0,24.0,2014-02-18T13:06:00,14.6,2014-02-18T06:02:00,81,55.0,2014-02-18T09:46:00,1.2,64,7.6,294.0,2014-02-18T16:09:00,0.0,,,,,,,,,,,,,,,,,,,,,,98.0,2014-02-18T20:04:00,,,,,,,,,,,,,,,,,,,,,,,,,,,,,,,,,,,,,,,,,,,,,,,,,,,,,,,,,,,,,,,,,,,,,,,,,,
2014-02-19,934.4,937.6,2014-02-19T23:20:00,932.2,2014-02-19T02:28:00,14.0,19.6,2014-02-19T09:16:00,10.3,2014-02-19T13:48:00,95,75.0,2014-02-19T10:19:00,0.9,328,6.2,306.0,2014-02-19T12:11:00,5.0,,,,,,,,,,,,,,,,,,,,,,100.0,2014-02-19T22:35:00,,,,,,,,,,,,,,,,,,,,,,,,,,,,,,,,,,,,,,,,,,,,,,,,,,,,,,,,,,,,,,,,,,,,,,,,,,
2014-02-20,939.1,941.0,2014-02-20T21:46:00,936.1,2014-02-20T03:27:00,12.0,16.3,2014-02-20T13:35:00,9.1,2014-02-20T04:31:00,90,72.0,2014-02-20T09:32:00,1.2,328,7.5,336.0,2014-02-20T14:02:00,1.5,,,,,,,,,,,,,,,,,,,,,,100.0,2014-02-20T00:01:00,,,,,,,,,,,,,,,,,,,,,,,,,,,,,,,,,,,,,,,,,,,,,,,,,,,,,,,,,,,,,,,,,,,,,,,,,,
2014-02-21,940.5,942.7,2014-02-21T09:18:00,938.5,2014-02-21T02:31:00,11.6,17.6,2014-02-21T14:01:00,8.6,2014-02-21T06:36:00,73,49.0,2014-02-21T14:16:00,1.5,145,6.5,308.0,2014-02-21T13:18:00,0.0,,,,,,,,,,,,,,,,,,,,,,92.0,2014-02-21T01:33:00,,,,,,,,,,,,,,,,,,,,,,,,,,,,,,,,,,,,,,,,,,,,,,,,,,,,,,,,,,,,,,,,,,,,,,,,,,
2014-02-22,940.1,942.0,2014-02-22T08:47:00,938.1,2014-02-22T15:33:00,13.4,19.7,2014-02-22T14:36:00,9.3,2014-02-22T05:03:00,62,44.0,2014-02-22T14:36:00,1.3,342,7.2,313.0,2014-02-22T12:42:00,0.0,,,,,,,,,,,,,,,,,,,,,,79.0,2014-02-22T04:50:00,,,,,,,,,,,,,,,,,,,,,,,,,,,,,,,,,,,,,,,,,,,,,,,,,,,,,,,,,,,,,,,,,,,,,,,,,,
2014-02-23,939.8,941.0,2014-02-23T08:54:00,938.5,2014-02-23T16:01:00,14.9,20.5,2014-02-23T15:49:00,11.7,2014-02-23T02:53:00,65,45.0,2014-02-23T14:32:00,1.3,4,7.3,332.0,2014-02-23T12:14:00,0.0,,,,,,,,,,,,,,,,,,,,,,88.0,2014-02-23T20:31:00,,,,,,,,,,,,,,,,,,,,,,,,,,,,,,,,,,,,,,,,,,,,,,,,,,,,,,,,,,,,,,,,,,,,,,,,,,
2014-02-24,938.8,940.5,2014-02-24T08:02:00,937.1,2014-02-24T14:53:00,15.3,20.7,2014-02-24T14:03:00,12.3,2014-02-24T03:16:00,72,53.0,2014-02-24T14:03:00,1.2,122,8.1,349.0,2014-02-24T12:19:00,0.0,,,,,,,,,,,,,,,,,,,,,,84.0,2014-02-24T20:20:00,,,,,,,,,,,,,,,,,,,,,,,,,,,,,,,,,,,,,,,,,,,,,,,,,,,,,,,,,,,,,,,,,,,,,,,,,,
2014-02-25,937.7,939.5,2014-02-25T07:38:00,935.5,2014-02-25T14:49:00,16.9,23.6,2014-02-25T13:03:00,13.1,2014-02-25T02:35:00,69,47.0,2014-02-25T13:03:00,1.4,323,8.0,318.0,2014-02-25T14:58:00,0.0,,,,,,,,,,,,,,,,,,,,,,87.0,2014-02-25T22:22:00,,,,,,,,,,,,,,,,,,,,,,,,,,,,,,,,,,,,,,,,,,,,,,,,,,,,,,,,,,,,,,,,,,,,,,,,,,
2014-02-26,937.4,938.8,2014-02-26T08:46:00,935.7,2014-02-26T14:18:00,18.0,24.0,2014-02-26T14:18:00,15.0,2014-02-26T01:13:00,69,48.0,2014-02-26T14:18:00,1.4,129,9.3,290.0,2014-02-26T15:23:00,0.0,,,,,,,,,,,,,,,,,,,,,,83.0,2014-02-26T01:31:00,,,,,,,,,,,,,,,,,,,,,,,,,,,,,,,,,,,,,,,,,,,,,,,,,,,,,,,,,,,,,,,,,,,,,,,,,,
2014-02-27,937.7,939.7,2014-02-27T09:39:00,936.0,2014-02-27T15:18:00,17.9,21.7,2014-02-27T10:35:00,15.5,2014-02-27T06:12:00,78,62.0,2014-02-27T09:17:00,1.1,333,6.9,2.0,2014-02-27T10:50:00,0.0,,,,,,,,,,,,,,,,,,,,,,93.0,2014-02-27T19:16:00,,,,,,,,,,,,,,,,,,,,,,,,,,,,,,,,,,,,,,,,,,,,,,,,,,,,,,,,,,,,,,,,,,,,,,,,,,
2014-02-28,936.3,938.7,2014-02-28T08:46:00,933.7,2014-02-28T14:47:00,17.5,25.0,2014-02-28T14:33:00,15.1,2014-02-28T03:47:00,86,58.0,2014-02-28T14:34:00,1.5,332,8.8,344.0,2014-02-28T14:53:00,0.5,,,,,,,,,,,,,,,,,,,,,,98.0,2014-02-28T18:22:00,,,,,,,,,,,,,,,,,,,,,,,,,,,,,,,,,,,,,,,,,,,,,,,,,,,,,,,,,,,,,,,,,,,,,,,,,,
2014-03-01,934.1,936.2,2014-03-01T07:16:00,931.3,2014-03-01T16:01:00,18.0,25.1,2014-03-01T14:48:00,14.2,2014-03-01T04:16:00,84,56.0,2014-03-01T14:46:00,1.3,131,9.1,322.0,2014-03-01T11:13:00,0.0,,,,,,,,,,,,,,,,,,,,,,98.0,2014-03-01T23:48:00,,,,,,,,,,,,,,,,,,,,,,,,,,,,,,,,,,,,,,,,,,,,,,,,,,,,,,,,,,,,,,,,,,,,,,,,,,
2014-03-02,933.3,934.8,2014-03-02T23:31:00,931.8,2014-03-02T15:24:00,17.8,22.0,2014-03-02T11:02:00,15.5,2014-03-02T23:47:00,88,70.0,2014-03-02T12:52:00,1.1,335,5.4,182.0,2014-03-02T13:43:00,0.0,,,,,,,,,,,,,,,,,,,,,,99.0,2014-03-02T00:31:00,,,,,,,,,,,,,,,,,,,,,,,,,,,,,,,,,,,,,,,,,,,,,,,,,,,,,,,,,,,,,,,,,,,,,,,,,,
2014-03-03,935.2,937.0,2014-03-03T23:48:00,933.5,2014-03-03T03:50:00,15.5,17.8,2014-03-03T13:04:00,14.2,2014-03-03T01:19:00,99,95.0,2014-03-03T15:50:00,0.7,330,4.9,350.0,2014-03-03T09:52:00,0.5,,,,,,,,,,,,,,,,,,,,,,100.0,2014-03-03T06:01:00,,,,,,,,,,,,,,,,,,,,,,,,,,,,,,,,,,,,,,,,,,,,,,,,,,,,,,,,,,,,,,,,,,,,,,,,,,
2014-03-04,935.6,937.5,2014-03-04T09:05:00,934.0,2014-03-04T14:18:00,17.4,22.7,2014-03-04T14:02:00,13.8,2014-03-04T06:17:00,87,58.0,2014-03-04T10:13:00,1.3,3,6.8,319.0,2014-03-04T13:20:00,0.0,,,,,,,,,,,,,,,,,,,,,,100.0,2014-03-04T00:01:00,,,,,,,,,,,,,,,,,,,,,,,,,,,,,,,,,,,,,,,,,,,,,,,,,,,,,,,,,,,,,,,,,,,,,,,,,,
2014-03-05,936.0,937.3,2014-03-05T09:06:00,934.6,2014-03-05T14:31:00,17.2,23.5,2014-03-05T15:02:00,14.7,2014-03-05T22:19:00,88,61.0,2014-03-05T15:02:00,1.2,331,6.2,320.0,2014-03-05T13:55:00,0.0,,,,,,,,,,,,,,,,,,,,,,100.0,2014-03-05T23:02:00,,,,,,,,,,,,,,,,,,,,,,,,,,,,,,,,,,,,,,,,,,,,,,,,,,,,,,,,,,,,,,,,,,,,,,,,,,
2014-03-06,936.5,938.2,2014-03-06T23:01:00,934.3,2014-03-06T14:53:00,15.1,21.5,2014-03-06T14:46:00,13.6,2014-03-06T22:52:00,96,69.0,2014-03-06T14:53:00,0.9,319,7.5,343.0,2014-03-06T16:54:00,0.5,,,,,,,,,,,,,,,,,,,,,,100.0,2014-03-06T00:01:00,,,,,,,,,,,,,,,,,,,,,,,,,,,,,,,,,,,,,,,,,,,,,,,,,,,,,,,,,,,,,,,,,,,,,,,,,,
2014-03-07,937.9,939.3,2014-03-07T09:04:00,936.1,2014-03-07T15:11:00,15.7,21.7,2014-03-07T12:34:00,13.6,2014-03-07T19:51:00,90,66.0,2014-03-07T12:34:00,1.1,334,6.7,5.0,2014-03-07T14:50:00,0.0,,,,,,,,,,,,,,,,,,,,,,99.0,2014-03-07T21:16:00,,,,,,,,,,,,,,,,,,,,,,,,,,,,,,,,,,,,,,,,,,,,,,,,,,,,,,,,,,,,,,,,,,,,,,,,,,
2014-03-08,936.1,938.5,2014-03-08T00:01:00,934.5,2014-03-08T14:17:00,16.6,19.7,2014-03-08T14:17:00,13.3,2014-03-08T05:05:00,84,70.0,2014-03-08T09:16:00,0.9,96,5.1,352.0,2014-03-08T10:41:00,0.0,,,,,,,,,,,,,,,,,,,,,,98.0,2014-03-08T00:01:00,,,,,,,,,,,,,,,,,,,,,,,,,,,,,,,,,,,,,,,,,,,,,,,,,,,,,,,,,,,,,,,,,,,,,,,,,,
2014-03-09,936.9,939.0,2014-03-09T21:46:00,935.3,2014-03-09T03:51:00,15.4,20.3,2014-03-09T10:31:00,13.2,2014-03-09T22:35:00,90,69.0,2014-03-09T10:31:00,1.4,328,5.7,343.0,2014-03-09T11:35:00,0.0,,,,,,,,,,,,,,,,,,,,,,100.0,2014-03-09T20:16:00,,,,,,,,,,,,,,,,,,,,,,,,,,,,,,,,,,,,,,,,,,,,,,,,,,,,,,,,,,,,,,,,,,,,,,,,,,
2014-03-10,939.4,941.0,2014-03-10T20:48:00,937.8,2014-03-10T03:40:00,13.5,15.7,2014-03-10T11:46:00,12.5,2014-03-10T03:40:00,98,86.0,2014-03-10T13:23:00,0.7,123,3.8,317.0,2014-03-10T06:29:00,0.0,,,,,,,,,,,,,,,,,,,,,,100.0,2014-03-10T00:01:00,,,,,,,,,,,,,,,,,,,,,,,,,,,,,,,,,,,,,,,,,,,,,,,,,,,,,,,,,,,,,,,,,,,,,,,,,,
2014-03-11,938.9,941.0,2014-03-11T09:18:00,937.2,2014-03-11T16:31:00,15.5,20.8,2014-03-11T12:53:00,11.7,2014-03-11T03:53:00,83,62.0,2014-03-11T12:58:00,1.5,8,6.8,323.0,2014-03-11T13:39:00,0.0,,,,,,,,,,,,,,,,,,,,,,99.0,2014-03-11T01:57:00,,,,,,,,,,,,,,,,,,,,,,,,,,,,,,,,,,,,,,,,,,,,,,,,,,,,,,,,,,,,,,,,,,,,,,,,,,
2014-03-12,934.7,937.7,2014-03-12T00:11:00,932.2,2014-03-12T17:23:00,19.2,26.0,2014-03-12T11:46:00,13.7,2014-03-12T00:37:00,77,52.0,2014-03-12T11:46:00,1.4,134,7.3,308.0,2014-03-12T14:55:00,0.0,,,,,,,,,,,,,,,,,,,,,,95.0,2014-03-12T00:59:00,,,,,,,,,,,,,,,,,,,,,,,,,,,,,,,,,,,,,,,,,,,,,,,,,,,,,,,,,,,,,,,,,,,,,,,,,,
2014-03-13,934.2,937.0,2014-03-13T22:33:00,932.5,2014-03-13T04:04:00,19.5,23.6,2014-03-13T11:29:00,15.5,2014-03-13T23:54:00,85,67.0,2014-03-13T08:50:00,2.0,253,9.7,326.0,2014-03-13T11:48:00,0.0,,,,,,,,,,,,,,,,,,,,,,98.0,2014-03-13T23:54:00,,,,,,,,,,,,,,,,,,,,,,,,,,,,,,,,,,,,,,,,,,,,,,,,,,,,,,,,,,,,,,,,,,,,,,,,,,
2014-03-14,938.7,941.0,2014-03-14T22:17:00,936.5,2014-03-14T01:46:00,14.4,16.5,2014-03-14T16:32:00,13.1,2014-03-14T20:32:00,95,78.0,2014-03-14T16:46:00,1.1,324,5.3,323.0,2014-03-14T09:21:00,0.5,,,,,,,,,,,,,,,,,,,,,,100.0,2014-03-14T01:35:00,,,,,,,,,,,,,,,,,,,,,,,,,,,,,,,,,,,,,,,,,,,,,,,,,,,,,,,,,,,,,,,,,,,,,,,,,,
2014-03-15,939.6,940.8,2014-03-15T10:32:00,938.1,2014-03-15T14:41:00,14.8,21.0,2014-03-15T13:06:00,11.8,2014-03-15T05:37:00,87,57.0,2014-03-15T13:19:00,1.3,314,7.2,341.0,2014-03-15T14:21:00,0.0,,,,,,,,,,,,,,,,,,,,,,98.0,2014-03-15T02:02:00,,,,,,,,,,,,,,,,,,,,,,,,,,,,,,,,,,,,,,,,,,,,,,,,,,,,,,,,,,,,,,,,,,,,,,,,,,
2014-03-16,939.7,941.7,2014-03-16T09:36:00,938.2,2014-03-16T15:33:00,16.0,22.0,2014-03-16T13:51:00,12.3,2014-03-16T03:17:00,84,60.0,2014-03-16T14:33:00,1.5,312,7.1,337.0,2014-03-16T14:24:00,0.0,,,,,,,,,,,,,,,,,,,,,,99.0,2014-03-16T04:13:00,,,,,,,,,,,,,,,,,,,,,,,,,,,,,,,,,,,,,,,,,,,,,,,,,,,,,,,,,,,,,,,,,,,,,,,,,,
2014-03-17,938.3,940.3,2014-03-17T09:05:00,936.5,2014-03-17T16:19:00,18.6,24.0,2014-03-17T14:01:00,15.0,2014-03-17T04:46:00,74,55.0,2014-03-17T14:01:00,1.3,336,8.0,349.0,2014-03-17T12:55:00,0.0,,,,,,,,,,,,,,,,,,,,,,87.0,2014-03-17T00:01:00,,,,,,,,,,,,,,,,,,,,,,,,,,,,,,,,,,,,,,,,,,,,,,,,,,,,,,,,,,,,,,,,,,,,,,,,,,
2014-03-18,936.3,938.5,2014-03-18T08:55:00,934.8,2014-03-18T16:21:00,19.7,25.3,2014-03-18T12:33:00,16.5,2014-03-18T01:53:00,77,56.0,2014-03-18T12:36:00,1.4,145,7.5,337.0,2014-03-18T13:56:00,0.0,,,,,,,,,,,,,,,,,,,,,,91.0,2014-03-18T19:10:00,,,,,,,,,,,,,,,,,,,,,,,,,,,,,,,,,,,,,,,,,,,,,,,,,,,,,,,,,,,,,,,,,,,,,,,,,,
2014-03-19,934.0,935.8,2014-03-19T09:26:00,932.0,2014-03-19T16:19:00,20.5,27.6,2014-03-19T15:20:00,17.5,2014-03-19T04:31:00,81,58.0,2014-03-19T15:20:00,1.3,316,6.4,339.0,2014-03-19T11:34:00,0.0,,,,,,,,,,,,,,,,,,,,,,94.0,2014-03-19T21:32:00,,,,,,,,,,,,,,,,,,,,,,,,,,,,,,,,,,,,,,,,,,,,,,,,,,,,,,,,,,,,,,,,,,,,,,,,,,
2014-03-20,933.3,935.0,2014-03-20T21:31:00,931.2,2014-03-20T15:32:00,20.4,28.5,2014-03-20T15:02:00,16.3,2014-03-20T05:08:00,81,54.0,2014-03-20T15:02:00,1.3,132,9.4,347.0,2014-03-20T13:53:00,0.0,,,,,,,,,,,,,,,,,,,,,,97.0,2014-03-20T22:56:00,,,,,,,,,,,,,,,,,,,,,,,,,,,,,,,,,,,,,,,,,,,,,,,,,,,,,,,,,,,,,,,,,,,,,,,,,,
2014-03-21,935.9,938.0,2014-03-21T20:44:00,933.6,2014-03-21T04:23:00,13.4,18.0,2014-03-21T00:01:00,12.1,2014-03-21T15:46:00,100,95.0,2014-03-21T00:27:00,1.0,344,6.4,334.0,2014-03-21T09:47:00,2.0,,,,,,,,,,,,,,,,,,,,,,100.0,2014-03-21T05:07:00,,,,,,,,,,,,,,,,,,,,,,,,,,,,,,,,,,,,,,,,,,,,,,,,,,,,,,,,,,,,,,,,,,,,,,,,,,
2014-03-22,938.0,940.6,2014-03-22T22:52:00,936.5,2014-03-22T02:46:00,13.8,19.5,2014-03-22T11:50:00,11.5,2014-03-22T01:02:00,92,68.0,2014-03-22T11:46:00,1.1,337,5.5,336.0,2014-03-22T13:11:00,0.0,,,,,,,,,,,,,,,,,,,,,,100.0,2014-03-22T00:01:00,,,,,,,,,,,,,,,,,,,,,,,,,,,,,,,,,,,,,,,,,,,,,,,,,,,,,,,,,,,,,,,,,,,,,,,,,,
2014-03-23,939.7,940.7,2014-03-23T09:41:00,938.8,2014-03-23T03:31:00,15.2,20.2,2014-03-23T14:24:00,11.7,2014-03-23T04:05:00,83,60.0,2014-03-23T14:24:00,1.0,130,5.0,340.0,2014-03-23T10:41:00,0.0,,,,,,,,,,,,,,,,,,,,,,98.0,2014-03-23T03:33:00,,,,,,,,,,,,,,,,,,,,,,,,,,,,,,,,,,,,,,,,,,,,,,,,,,,,,,,,,,,,,,,,,,,,,,,,,,
2014-03-24,937.8,939.8,2014-03-24T00:01:00,935.3,2014-03-24T16:19:00,17.6,24.8,2014-03-24T16:01:00,13.3,2014-03-24T05:37:00,76,47.0,2014-03-24T13:47:00,1.3,1,8.2,338.0,2014-03-24T12:15:00,0.0,,,,,,,,,,,,,,,,,,,,,,96.0,2014-03-24T00:31:00,,,,,,,,,,,,,,,,,,,,,,,,,,,,,,,,,,,,,,,,,,,,,,,,,,,,,,,,,,,,,,,,,,,,,,,,,,
2014-03-25,935.1,937.3,2014-03-25T00:01:00,933.0,2014-03-25T15:48:00,19.7,25.7,2014-03-25T14:17:00,14.5,2014-03-25T05:10:00,72,50.0,2014-03-25T09:04:00,1.5,337,7.3,335.0,2014-03-25T11:25:00,0.0,,,,,,,,,,,,,,,,,,,,,,93.0,2014-03-25T00:12:00,,,,,,,,,,,,,,,,,,,,,,,,,,,,,,,,,,,,,,,,,,,,,,,,,,,,,,,,,,,,,,,,,,,,,,,,,,
2014-03-26,934.1,935.6,2014-03-26T09:10:00,932.0,2014-03-26T15:40:00,21.9,28.2,2014-03-26T16:02:00,18.5,2014-03-26T02:17:00,78,56.0,2014-03-26T11:01:00,1.4,340,7.2,332.0,2014-03-26T11:39:00,0.0,,,,,,,,,,,,,,,,,,,,,,98.0,2014-03-26T19:06:00,,,,,,,,,,,,,,,,,,,,,,,,,,,,,,,,,,,,,,,,,,,,,,,,,,,,,,,,,,,,,,,,,,,,,,,,,,
2014-03-27,933.8,935.0,2014-03-27T21:18:00,932.5,2014-03-27T15:04:00,21.6,28.5,2014-03-27T11:08:00,19.0,2014-03-27T22:01:00,86,57.0,2014-03-27T11:08:00,1.3,143,10.5,335.0,2014-03-27T13:07:00,8.0,,,,,,,,,,,,,,,,,,,,,,99.0,2014-03-27T20:20:00,,,,,,,,,,,,,,,,,,,,,,,,,,,,,,,,,,,,,,,,,,,,,,,,,,,,,,,,,,,,,,,,,,,,,,,,,,
2014-03-28,933.2,935.0,2014-03-28T09:51:00,931.2,2014-03-28T18:16:00,22.5,28.0,2014-03-28T11:47:00,18.5,2014-03-28T06:04:00,78,60.0,2014-03-28T09:02:00,1.4,127,7.1,327.0,2014-03-28T13:22:00,0.0,,,,,,,,,,,,,,,,,,,,,,93.0,2014-03-28T19:27:00,,,,,,,,,,,,,,,,,,,,,,,,,,,,,,,,,,,,,,,,,,,,,,,,,,,,,,,,,,,,,,,,,,,,,,,,,,
2014-03-29,932.4,933.7,2014-03-29T09:18:00,931.0,2014-03-29T14:25:00,22.7,29.6,2014-03-29T11:18:00,19.6,2014-03-29T06:18:00,80,56.0,2014-03-29T11:18:00,1.6,4,10.1,313.0,2014-03-29T13:14:00,0.0,,,,,,,,,,,,,,,,,,,,,,97.0,2014-03-29T19:22:00,,,,,,,,,,,,,,,,,,,,,,,,,,,,,,,,,,,,,,,,,,,,,,,,,,,,,,,,,,,,,,,,,,,,,,,,,,
2014-03-30,932.4,934.0,2014-03-30T10:19:00,930.8,2014-03-30T15:07:00,21.8,28.5,2014-03-30T13:47:00,18.8,2014-03-30T05:28:00,82,58.0,2014-03-30T13:47:00,1.7,314,7.8,320.0,2014-03-30T14:10:00,0.0,,,,,,,,,,,,,,,,,,,,,,98.0,2014-03-30T21:08:00,,,,,,,,,,,,,,,,,,,,,,,,,,,,,,,,,,,,,,,,,,,,,,,,,,,,,,,,,,,,,,,,,,,,,,,,,,
2014-03-31,931.4,939.3,2014-03-31T16:02:00,928.6,2014-03-31T16:52:00,19.8,26.0,2014-03-31T10:04:00,15.7,2014-03-31T05:32:00,86,48.0,2014-03-31T10:04:00,1.7,90,24.4,315.0,2014-03-31T03:54:00,40.5,,,,,,,,,,,,,,,,,,,,,,100.0,2014-03-31T04:08:00,,,,,,,,,,,,,,,,,,,,,,,,,,,,,,,,,,,,,,,,,,,,,,,,,,,,,,,,,,,,,,,,,,,,,,,,,,
2014-04-01,930.6,932.0,2014-04-01T08:32:00,928.7,2014-04-01T14:16:00,20.0,27.5,2014-04-01T13:08:00,17.1,2014-04-01T05:34:00,90,54.0,2014-04-01T13:08:00,1.3,131,7.1,346.0,2014-04-01T14:36:00,10.0,,,,,,,,,,,,,,,,,,,,,,99.0,2014-04-01T23:46:00,,,,,,,,,,,,,,,,,,,,,,,,,,,,,,,,,,,,,,,,,,,,,,,,,,,,,,,,,,,,,,,,,,,,,,,,,,
2014-04-02,932.4,936.7,2014-04-02T23:35:00,930.3,2014-04-02T02:19:00,17.9,21.5,2014-04-02T08:46:00,15.5,2014-04-02T16:23:00,92,67.0,2014-04-02T18:31:00,1.9,145,15.1,323.0,2014-04-02T12:50:00,25.0,,,,,,,,,,,,,,,,,,,,,,100.0,2014-04-02T03:02:00,,,,,,,,,,,,,,,,,,,,,,,,,,,,,,,,,,,,,,,,,,,,,,,,,,,,,,,,,,,,,,,,,,,,,,,,,,
2014-04-03,933.5,936.5,2014-04-03T00:01:00,930.5,2014-04-03T02:47:00,20.0,26.5,2014-04-03T12:48:00,15.8,2014-04-03T01:50:00,70,40.0,2014-04-03T04:38:00,1.6,311,10.7,334.0,2014-04-03T19:06:00,1.5,,,,,,,,,,,,,,,,,,,,,,100.0,2014-04-03T00:01:00,,,,,,,,,,,,,,,,,,,,,,,,,,,,,,,,,,,,,,,,,,,,,,,,,,,,,,,,,,,,,,,,,,,,,,,,,,
2014-04-04,934.6,936.3,2014-04-04T21:07:00,932.5,2014-04-04T04:11:00,17.1,19.2,2014-04-04T13:47:00,15.5,2014-04-04T22:30:00,95,69.0,2014-04-04T00:57:00,1.2,303,5.8,320.0,2014-04-04T01:54:00,4.0,,,,,,,,,,,,,,,,,,,,,,100.0,2014-04-04T19:49:00,,,,,,,,,,,,,,,,,,,,,,,,,,,,,,,,,,,,,,,,,,,,,,,,,,,,,,,,,,,,,,,,,,,,,,,,,,
2014-04-05,935.6,937.8,2014-04-05T22:46:00,934.1,2014-04-05T14:16:00,18.1,23.5,2014-04-05T13:31:00,15.2,2014-04-05T03:53:00,85,56.0,2014-04-05T13:01:00,1.1,333,7.8,313.0,2014-04-05T14:42:00,0.0,,,,,,,,,,,,,,,,,,,,,,98.0,2014-04-05T04:04:00,,,,,,,,,,,,,,,,,,,,,,,,,,,,,,,,,,,,,,,,,,,,,,,,,,,,,,,,,,,,,,,,,,,,,,,,,,
2014-04-06,936.7,938.5,2014-04-06T08:41:00,935.1,2014-04-06T14:48:00,18.7,24.3,2014-04-06T12:20:00,15.6,2014-04-06T01:36:00,83,63.0,2014-04-06T12:20:00,1.2,13,6.5,317.0,2014-04-06T15:15:00,0.0,,,,,,,,,,,,,,,,,,,,,,98.0,2014-04-06T01:27:00,,,,,,,,,,,,,,,,,,,,,,,,,,,,,,,,,,,,,,,,,,,,,,,,,,,,,,,,,,,,,,,,,,,,,,,,,,
2014-04-07,936.0,937.7,2014-04-07T08:31:00,934.5,2014-04-07T15:31:00,17.8,22.6,2014-04-07T12:50:00,16.3,2014-04-07T04:03:00,90,70.0,2014-04-07T13:02:00,1.0,317,6.7,332.0,2014-04-07T13:50:00,0.0,,,,,,,,,,,,,,,,,,,,,,99.0,2014-04-07T22:48:00,,,,,,,,,,,,,,,,,,,,,,,,,,,,,,,,,,,,,,,,,,,,,,,,,,,,,,,,,,,,,,,,,,,,,,,,,,
2014-04-08,934.4,936.2,2014-04-08T00:01:00,932.5,2014-04-08T15:16:00,20.0,27.3,2014-04-08T13:51:00,17.0,2014-04-08T01:54:00,83,53.0,2014-04-08T14:46:00,1.4,335,8.4,315.0,2014-04-08T12:41:00,5.0,,,,,,,,,,,,,,,,,,,,,,97.0,2014-04-08T16:20:00,,,,,,,,,,,,,,,,,,,,,,,,,,,,,,,,,,,,,,,,,,,,,,,,,,,,,,,,,,,,,,,,,,,,,,,,,,
2014-04-09,933.6,935.2,2014-04-09T08:43:00,931.5,2014-04-09T15:40:00,21.3,28.0,2014-04-09T14:36:00,17.8,2014-04-09T03:18:00,76,50.0,2014-04-09T13:18:00,1.5,27,7.8,305.0,2014-04-09T13:35:00,0.0,,,,,,,,,,,,,,,,,,,,,,93.0,2014-04-09T21:52:00,,,,,,,,,,,,,,,,,,,,,,,,,,,,,,,,,,,,,,,,,,,,,,,,,,,,,,,,,,,,,,,,,,,,,,,,,,
2014-04-10,934.5,936.1,2014-04-10T08:38:00,932.6,2014-04-10T14:49:00,20.8,27.5,2014-04-10T14:11:00,18.0,2014-04-10T05:46:00,85,62.0,2014-04-10T14:11:00,1.4,331,9.1,340.0,2014-04-10T16:21:00,1.0,,,,,,,,,,,,,,,,,,,,,,98.0,2014-04-10T19:31:00,,,,,,,,,,,,,,,,,,,,,,,,,,,,,,,,,,,,,,,,,,,,,,,,,,,,,,,,,,,,,,,,,,,,,,,,,,
2014-04-11,934.0,935.5,2014-04-11T08:14:00,932.3,2014-04-11T15:58:00,20.1,24.0,2014-04-11T10:44:00,18.0,2014-04-11T05:46:00,89,73.0,2014-04-11T10:21:00,1.1,129,7.5,337.0,2014-04-11T10:47:00,0.0,,,,,,,,,,,,,,,,,,,,,,98.0,2014-04-11T01:34:00,,,,,,,,,,,,,,,,,,,,,,,,,,,,,,,,,,,,,,,,,,,,,,,,,,,,,,,,,,,,,,,,,,,,,,,,,,
2014-04-12,932.8,934.5,2014-04-12T08:16:00,930.7,2014-04-12T15:40:00,21.2,27.7,2014-04-12T14:09:00,18.0,2014-04-12T01:48:00,81,57.0,2014-04-12T14:16:00,1.6,2,7.5,328.0,2014-04-12T12:35:00,0.0,,,,,,,,,,,,,,,,,,,,,,97.0,2014-04-12T00:21:00,,,,,,,,,,,,,,,,,,,,,,,,,,,,,,,,,,,,,,,,,,,,,,,,,,,,,,,,,,,,,,,,,,,,,,,,,,
2014-04-13,932.8,934.5,2014-04-13T22:56:00,931.1,2014-04-13T16:38:00,22.3,29.5,2014-04-13T14:32:00,18.1,2014-04-13T04:33:00,78,49.0,2014-04-13T14:10:00,1.4,327,6.9,336.0,2014-04-13T13:06:00,0.0,,,,,,,,,,,,,,,,,,,,,,97.0,2014-04-13T23:46:00,,,,,,,,,,,,,,,,,,,,,,,,,,,,,,,,,,,,,,,,,,,,,,,,,,,,,,,,,,,,,,,,,,,,,,,,,,
2014-04-14,934.2,936.2,2014-04-14T22:16:00,932.5,2014-04-14T02:38:00,20.7,24.8,2014-04-14T09:12:00,18.2,2014-04-14T23:47:00,92,67.0,2014-04-14T09:04:00,1.1,3,5.7,329.0,2014-04-14T09:36:00,1.0,,,,,,,,,,,,,,,,,,,,,,100.0,2014-04-14T20:47:00,,,,,,,,,,,,,,,,,,,,,,,,,,,,,,,,,,,,,,,,,,,,,,,,,,,,,,,,,,,,,,,,,,,,,,,,,,
2014-04-15,934.9,936.0,2014-04-15T09:45:00,-3171.1,2014-04-15T11:16:00,18.5,21.2,2014-04-15T13:16:00,17.2,2014-04-15T23:39:00,99,87.0,2014-04-15T13:16:00,0.9,330,3.9,331.0,2014-04-15T10:08:00,6.5,,,,,,,,,,,,,,,,,,,,,,100.0,2014-04-15T00:01:00,,,,,,,,,,,,,,,,,,,,,,,,,,,,,,,,,,,,,,,,,,,,,,,,,,,,,,,,,,,,,,,,,,,,,,,,,,
2014-04-16,933.5,935.2,2014-04-16T08:39:00,931.3,2014-04-16T17:05:00,19.3,22.8,2014-04-16T13:01:00,17.0,2014-04-16T05:16:00,92,70.0,2014-04-16T13:01:00,1.0,124,4.7,331.0,2014-04-16T10:47:00,0.5,,,,,,,,,,,,,,,,,,,,,,100.0,2014-04-16T00:01:00,,,,,,,,,,,,,,,,,,,,,,,,,,,,,,,,,,,,,,,,,,,,,,,,,,,,,,,,,,,,,,,,,,,,,,,,,,
2014-04-17,932.7,934.1,2014-04-17T21:52:00,931.3,2014-04-17T16:19:00,20.9,26.6,2014-04-17T14:46:00,16.7,2014-04-17T04:08:00,80,58.0,2014-04-17T14:04:00,1.2,7,6.5,353.0,2014-04-17T11:40:00,0.0,,,,,,,,,,,,,,,,,,,,,,94.0,2014-04-17T03:54:00,,,,,,,,,,,,,,,,,,,,,,,,,,,,,,,,,,,,,,,,,,,,,,,,,,,,,,,,,,,,,,,,,,,,,,,,,,
2014-04-18,933.3,934.7,2014-04-18T08:46:00,932.0,2014-04-18T03:16:00,20.5,25.0,2014-04-18T10:20:00,17.6,2014-04-18T04:08:00,86,66.0,2014-04-18T08:33:00,1.2,334,7.1,349.0,2014-04-18T10:54:00,0.0,,,,,,,,,,,,,,,,,,,,,,100.0,2014-04-18T20:17:00,,,,,,,,,,,,,,,,,,,,,,,,,,,,,,,,,,,,,,,,,,,,,,,,,,,,,,,,,,,,,,,,,,,,,,,,,,
2014-04-19,932.5,934.2,2014-04-19T08:03:00,931.1,2014-04-19T15:01:00,20.9,26.5,2014-04-19T11:10:00,17.8,2014-04-19T05:49:00,85,60.0,2014-04-19T08:18:00,1.2,334,6.8,345.0,2014-04-19T11:39:00,0.0,,,,,,,,,,,,,,,,,,,,,,99.0,2014-04-19T00:01:00,,,,,,,,,,,,,,,,,,,,,,,,,,,,,,,,,,,,,,,,,,,,,,,,,,,,,,,,,,,,,,,,,,,,,,,,,,
2014-04-20,932.3,934.3,2014-04-20T08:46:00,930.5,2014-04-20T16:21:00,21.4,26.0,2014-04-20T11:48:00,18.8,2014-04-20T02:49:00,89,66.0,2014-04-20T12:03:00,1.3,336,6.7,335.0,2014-04-20T12:31:00,0.0,,,,,,,,,,,,,,,,,,,,,,99.0,2014-04-20T23:47:00,,,,,,,,,,,,,,,,,,,,,,,,,,,,,,,,,,,,,,,,,,,,,,,,,,,,,,,,,,,,,,,,,,,,,,,,,,
2014-04-21,933.1,934.6,2014-04-21T09:34:00,931.5,2014-04-21T15:10:00,22.0,28.5,2014-04-21T13:19:00,19.0,2014-04-21T05:16:00,90,61.0,2014-04-21T13:19:00,1.5,21,7.2,320.0,2014-04-21T11:40:00,0.5,,,,,,,,,,,,,,,,,,,,,,100.0,2014-04-21T00:17:00,,,,,,,,,,,,,,,,,,,,,,,,,,,,,,,,,,,,,,,,,,,,,,,,,,,,,,,,,,,,,,,,,,,,,,,,,,
2014-04-22,932.9,934.5,2014-04-22T09:50:00,-3173.5,2014-04-22T22:33:00,22.6,28.7,2014-04-22T15:01:00,19.5,2014-04-22T04:46:00,89,62.0,2014-04-22T15:01:00,1.4,334,6.7,333.0,2014-04-22T16:59:00,0.5,,,,,,,,,,,,,,,,,,,,,,100.0,2014-04-22T00:01:00,,,,,,,,,,,,,,,,,,,,,,,,,,,,,,,,,,,,,,,,,,,,,,,,,,,,,,,,,,,,,,,,,,,,,,,,,,
2014-04-23,932.8,934.2,2014-04-23T09:01:00,931.2,2014-04-23T15:07:00,21.5,26.1,2014-04-23T12:03:00,19.5,2014-04-23T05:22:00,92,71.0,2014-04-23T12:33:00,1.2,319,8.1,332.0,2014-04-23T11:50:00,0.0,,,,,,,,,,,,,,,,,,,,,,100.0,2014-04-23T00:09:00,,,,,,,,,,,,,,,,,,,,,,,,,,,,,,,,,,,,,,,,,,,,,,,,,,,,,,,,,,,,,,,,,,,,,,,,,,
2014-04-24,932.6,934.0,2014-04-24T08:31:00,930.8,2014-04-24T15:46:00,21.5,26.5,2014-04-24T10:46:00,19.0,2014-04-24T03:53:00,88,57.0,2014-04-24T09:57:00,1.1,346,7.7,343.0,2014-04-24T11:52:00,0.0,,,,,,,,,,,,,,,,,,,,,,99.0,2014-04-24T22:54:00,,,,,,,,,,,,,,,,,,,,,,,,,,,,,,,,,,,,,,,,,,,,,,,,,,,,,,,,,,,,,,,,,,,,,,,,,,
2014-04-25,932.8,934.6,2014-04-25T09:18:00,931.5,2014-04-25T14:17:00,22.7,28.2,2014-04-25T13:01:00,19.6,2014-04-25T01:16:00,84,62.0,2014-04-25T13:01:00,1.2,321,6.5,353.0,2014-04-25T13:52:00,0.0,,,,,,,,,,,,,,,,,,,,,,99.0,2014-04-25T01:49:00,,,,,,,,,,,,,,,,,,,,,,,,,,,,,,,,,,,,,,,,,,,,,,,,,,,,,,,,,,,,,,,,,,,,,,,,,,
2014-04-26,933.3,935.0,2014-04-26T22:16:00,932.0,2014-04-26T03:36:00,21.6,26.6,2014-04-26T10:32:00,19.8,2014-04-26T19:32:00,92,68.0,2014-04-26T10:32:00,1.2,126,8.2,322.0,2014-04-26T18:05:00,7.0,,,,,,,,,,,,,,,,,,,,,,100.0,2014-04-26T18:05:00,,,,,,,,,,,,,,,,,,,,,,,,,,,,,,,,,,,,,,,,,,,,,,,,,,,,,,,,,,,,,,,,,,,,,,,,,,
2014-04-27,932.6,934.3,2014-04-27T00:01:00,930.5,2014-04-27T15:48:00,23.0,29.1,2014-04-27T13:39:00,20.0,2014-04-27T00:31:00,81,60.0,2014-04-27T14:04:00,1.7,116,8.6,310.0,2014-04-27T16:34:00,0.0,,,,,,,,,,,,,,,,,,,,,,96.0,2014-04-27T00:31:00,,,,,,,,,,,,,,,,,,,,,,,,,,,,,,,,,,,,,,,,,,,,,,,,,,,,,,,,,,,,,,,,,,,,,,,,,,
2014-04-28,932.4,933.7,2014-04-28T09:02:00,931.2,2014-04-28T02:31:00,21.8,26.3,2014-04-28T12:54:00,19.2,2014-04-28T04:09:00,85,66.0,2014-04-28T13:47:00,1.2,321,8.4,294.0,2014-04-28T13:15:00,0.0,,,,,,,,,,,,,,,,,,,,,,97.0,2014-04-28T19:16:00,,,,,,,,,,,,,,,,,,,,,,,,,,,,,,,,,,,,,,,,,,,,,,,,,,,,,,,,,,,,,,,,,,,,,,,,,,
2014-04-29,932.8,933.8,2014-04-29T09:32:00,931.7,2014-04-29T14:16:00,20.3,24.5,2014-04-29T13:03:00,18.0,2014-04-29T04:58:00,88,69.0,2014-04-29T14:48:00,1.4,335,7.7,297.0,2014-04-29T14:15:00,0.0,,,,,,,,,,,,,,,,,,,,,,99.0,2014-04-29T05:46:00,,,,,,,,,,,,,,,,,,,,,,,,,,,,,,,,,,,,,,,,,,,,,,,,,,,,,,,,,,,,,,,,,,,,,,,,,,
2014-04-30,932.2,933.7,2014-04-30T22:17:00,930.8,2014-04-30T15:46:00,19.6,24.8,2014-04-30T11:31:00,17.7,2014-04-30T04:55:00,91,67.0,2014-04-30T12:46:00,1.3,339,7.1,330.0,2014-04-30T12:58:00,7.5,,,,,,,,,,,,,,,,,,,,,,99.0,2014-04-30T23:32:00,,,,,,,,,,,,,,,,,,,,,,,,,,,,,,,,,,,,,,,,,,,,,,,,,,,,,,,,,,,,,,,,,,,,,,,,,,
2014-05-01,933.6,935.6,2014-05-01T23:01:00,931.7,2014-05-01T02:23:00,19.2,22.8,2014-05-01T10:33:00,17.8,2014-05-01T20:16:00,96,73.0,2014-05-01T21:02:00,1.3,331,7.1,327.0,2014-05-01T13:18:00,5.0,,,,,,,,,,,,,,,,,,,,,,100.0,2014-05-01T01:02:00,,,,,,,,,,,,,,,,,,,,,,,,,,,,,,,,,,,,,,,,,,,,,,,,,,,,,,,,,,,,,,,,,,,,,,,,,,
2014-05-02,935.2,937.0,2014-05-02T22:10:00,933.6,2014-05-02T03:09:00,20.8,26.1,2014-05-02T12:03:00,18.0,2014-05-02T02:08:00,86,63.0,2014-05-02T13:31:00,1.1,305,6.4,332.0,2014-05-02T13:04:00,0.0,,,,,,,,,,,,,,,,,,,,,,99.0,2014-05-02T00:22:00,,,,,,,,,,,,,,,,,,,,,,,,,,,,,,,,,,,,,,,,,,,,,,,,,,,,,,,,,,,,,,,,,,,,,,,,,,
2014-05-03,935.0,936.0,2014-05-03T00:01:00,933.5,2014-05-03T16:05:00,20.4,25.0,2014-05-03T10:19:00,18.6,2014-05-03T22:17:00,93,75.0,2014-05-03T08:37:00,1.1,130,6.5,323.0,2014-05-03T10:53:00,73.5,,,,,,,,,,,,,,,,,,,,,,100.0,2014-05-03T15:27:00,,,,,,,,,,,,,,,,,,,,,,,,,,,,,,,,,,,,,,,,,,,,,,,,,,,,,,,,,,,,,,,,,,,,,,,,,,
2014-05-04,933.3,935.5,2014-05-04T00:01:00,931.5,2014-05-04T15:31:00,21.7,27.3,2014-05-04T13:33:00,18.6,2014-05-04T00:46:00,90,73.0,2014-05-04T13:33:00,1.3,333,7.3,324.0,2014-05-04T15:56:00,0.0,,,,,,,,,,,,,,,,,,,,,,98.0,2014-05-04T21:04:00,,,,,,,,,,,,,,,,,,,,,,,,,,,,,,,,,,,,,,,,,,,,,,,,,,,,,,,,,,,,,,,,,,,,,,,,,,
2014-05-05,933.3,936.0,2014-05-05T22:16:00,931.6,2014-05-05T03:18:00,21.4,26.3,2014-05-05T14:16:00,19.0,2014-05-05T07:58:00,93,72.0,2014-05-05T11:01:00,1.6,315,15.1,343.0,2014-05-05T06:51:00,41.0,,,,,,,,,,,,,,,,,,,,,,100.0,2014-05-05T07:26:00,,,,,,,,,,,,,,,,,,,,,,,,,,,,,,,,,,,,,,,,,,,,,,,,,,,,,,,,,,,,,,,,,,,,,,,,,,
2014-05-06,935.0,936.5,2014-05-06T09:03:00,933.5,2014-05-06T16:32:00,18.9,20.0,2014-05-06T16:17:00,18.3,2014-05-06T19:33:00,100,100.0,2014-05-06T00:01:00,0.9,313,4.4,327.0,2014-05-06T18:52:00,4.5,,,,,,,,,,,,,,,,,,,,,,100.0,2014-05-06T00:01:00,,,,,,,,,,,,,,,,,,,,,,,,,,,,,,,,,,,,,,,,,,,,,,,,,,,,,,,,,,,,,,,,,,,,,,,,,,
2014-05-07,933.4,934.5,2014-05-07T00:01:00,931.7,2014-05-07T16:16:00,19.9,23.7,2014-05-07T14:02:00,18.2,2014-05-07T00:04:00,97,78.0,2014-05-07T14:02:00,1.0,349,5.4,347.0,2014-05-07T15:10:00,0.0,,,,,,,,,,,,,,,,,,,,,,100.0,2014-05-07T00:01:00,,,,,,,,,,,,,,,,,,,,,,,,,,,,,,,,,,,,,,,,,,,,,,,,,,,,,,,,,,,,,,,,,,,,,,,,,,
2014-05-08,932.1,933.8,2014-05-08T09:32:00,930.8,2014-05-08T01:36:00,22.1,29.2,2014-05-08T14:01:00,18.5,2014-05-08T04:07:00,84,57.0,2014-05-08T14:16:00,1.2,333,6.4,347.0,2014-05-08T11:59:00,0.0,,,,,,,,,,,,,,,,,,,,,,100.0,2014-05-08T03:16:00,,,,,,,,,,,,,,,,,,,,,,,,,,,,,,,,,,,,,,,,,,,,,,,,,,,,,,,,,,,,,,,,,,,,,,,,,,
2014-05-09,932.1,934.1,2014-05-09T22:13:00,930.6,2014-05-09T03:32:00,19.4,21.8,2014-05-09T11:31:00,17.1,2014-05-09T18:42:00,95,73.0,2014-05-09T20:38:00,0.9,139,6.7,103.0,2014-05-09T18:42:00,23.5,,,,,,,,,,,,,,,,,,,,,,100.0,2014-05-09T16:31:00,,,,,,,,,,,,,,,,,,,,,,,,,,,,,,,,,,,,,,,,,,,,,,,,,,,,,,,,,,,,,,,,,,,,,,,,,,
2014-05-10,932.3,934.0,2014-05-10T09:02:00,930.5,2014-05-10T15:46:00,22.7,28.2,2014-05-10T13:48:00,18.0,2014-05-10T03:31:00,73,52.0,2014-05-10T22:16:00,1.2,19,8.2,348.0,2014-05-10T02:52:00,1.0,,,,,,,,,,,,,,,,,,,,,,99.0,2014-05-10T03:38:00,,,,,,,,,,,,,,,,,,,,,,,,,,,,,,,,,,,,,,,,,,,,,,,,,,,,,,,,,,,,,,,,,,,,,,,,,,
2014-05-11,932.5,934.0,2014-05-11T22:13:00,930.8,2014-05-11T16:02:00,24.1,29.6,2014-05-11T16:31:00,20.8,2014-05-11T00:32:00,73,57.0,2014-05-11T05:16:00,1.5,135,8.1,342.0,2014-05-11T12:58:00,0.0,,,,,,,,,,,,,,,,,,,,,,92.0,2014-05-11T23:12:00,,,,,,,,,,,,,,,,,,,,,,,,,,,,,,,,,,,,,,,,,,,,,,,,,,,,,,,,,,,,,,,,,,,,,,,,,,
2014-05-12,932.7,934.5,2014-05-12T08:33:00,931.3,2014-05-12T15:31:00,23.6,29.0,2014-05-12T09:17:00,20.5,2014-05-12T20:17:00,80,58.0,2014-05-12T11:20:00,1.3,134,14.7,298.0,2014-05-12T17:31:00,0.5,,,,,,,,,,,,,,,,,,,,,,99.0,2014-05-12T18:32:00,,,,,,,,,,,,,,,,,,,,,,,,,,,,,,,,,,,,,,,,,,,,,,,,,,,,,,,,,,,,,,,,,,,,,,,,,,
2014-05-13,931.2,932.8,2014-05-13T08:52:00,929.3,2014-05-13T17:48:00,22.8,26.8,2014-05-13T12:02:00,20.6,2014-05-13T14:03:00,87,72.0,2014-05-13T08:34:00,1.1,347,11.4,271.0,2014-05-13T13:51:00,50.5,,,,,,,,,,,,,,,,,,,,,,100.0,2014-05-13T15:01:00,,,,,,,,,,,,,,,,,,,,,,,,,,,,,,,,,,,,,,,,,,,,,,,,,,,,,,,,,,,,,,,,,,,,,,,,,,
2014-05-14,929.6,931.2,2014-05-14T08:54:00,928.1,2014-05-14T17:18:00,23.3,27.0,2014-05-14T09:38:00,20.3,2014-05-14T02:02:00,82,64.0,2014-05-14T14:17:00,1.5,296,8.4,336.0,2014-05-14T22:00:00,0.0,,,,,,,,,,,,,,,,,,,,,,98.0,2014-05-14T02:39:00,,,,,,,,,,,,,,,,,,,,,,,,,,,,,,,,,,,,,,,,,,,,,,,,,,,,,,,,,,,,,,,,,,,,,,,,,,
2014-05-15,929.3,930.5,2014-05-15T22:39:00,928.1,2014-05-15T03:52:00,23.5,27.5,2014-05-15T13:16:00,22.0,2014-05-15T05:03:00,85,66.0,2014-05-15T09:31:00,1.6,294,11.4,346.0,2014-05-15T12:33:00,0.0,,,,,,,,,,,,,,,,,,,,,,98.0,2014-05-15T22:52:00,,,,,,,,,,,,,,,,,,,,,,,,,,,,,,,,,,,,,,,,,,,,,,,,,,,,,,,,,,,,,,,,,,,,,,,,,,
2014-05-16,931.4,933.3,2014-05-16T21:38:00,929.3,2014-05-16T01:51:00,23.5,28.5,2014-05-16T10:02:00,20.8,2014-05-16T22:37:00,94,71.0,2014-05-16T10:02:00,1.0,335,9.3,315.0,2014-05-16T11:53:00,18.0,,,,,,,,,,,,,,,,,,,,,,100.0,2014-05-16T12:17:00,,,,,,,,,,,,,,,,,,,,,,,,,,,,,,,,,,,,,,,,,,,,,,,,,,,,,,,,,,,,,,,,,,,,,,,,,,
2014-05-17,931.9,933.6,2014-05-17T08:17:00,930.1,2014-05-17T16:01:00,24.4,30.7,2014-05-17T13:03:00,20.3,2014-05-17T05:50:00,81,55.0,2014-05-17T13:03:00,1.2,339,7.2,332.0,2014-05-17T15:03:00,0.0,,,,,,,,,,,,,,,,,,,,,,97.0,2014-05-17T22:01:00,,,,,,,,,,,,,,,,,,,,,,,,,,,,,,,,,,,,,,,,,,,,,,,,,,,,,,,,,,,,,,,,,,,,,,,,,,
2014-05-18,932.0,933.5,2014-05-18T08:55:00,931.0,2014-05-18T16:01:00,23.6,30.2,2014-05-18T11:01:00,21.0,2014-05-18T05:01:00,82,58.0,2014-05-18T11:16:00,1.2,142,11.3,328.0,2014-05-18T13:38:00,0.0,,,,,,,,,,,,,,,,,,,,,,94.0,2014-05-18T00:09:00,,,,,,,,,,,,,,,,,,,,,,,,,,,,,,,,,,,,,,,,,,,,,,,,,,,,,,,,,,,,,,,,,,,,,,,,,,
2014-05-19,931.7,933.5,2014-05-19T11:12:00,930.1,2014-05-19T20:19:00,22.8,28.5,2014-05-19T10:16:00,20.5,2014-05-19T23:43:00,86,63.0,2014-05-19T07:22:00,1.1,17,10.6,210.0,2014-05-19T14:56:00,68.5,,,,,,,,,,,,,,,,,,,,,,100.0,2014-05-19T11:31:00,,,,,,,,,,,,,,,,,,,,,,,,,,,,,,,,,,,,,,,,,,,,,,,,,,,,,,,,,,,,,,,,,,,,,,,,,,
2014-05-20,930.6,931.8,2014-05-20T08:47:00,929.1,2014-05-20T16:05:00,21.8,25.6,2014-05-20T10:46:00,20.1,2014-05-20T23:10:00,94,74.0,2014-05-20T05:51:00,1.3,30,10.5,342.0,2014-05-20T18:12:00,79.5,,,,,,,,,,,,,,,,,,,,,,100.0,2014-05-20T13:48:00,,,,,,,,,,,,,,,,,,,,,,,,,,,,,,,,,,,,,,,,,,,,,,,,,,,,,,,,,,,,,,,,,,,,,,,,,,
2014-05-21,930.6,931.7,2014-05-21T09:32:00,929.5,2014-05-21T04:03:00,22.4,27.7,2014-05-21T10:07:00,20.5,2014-05-21T00:17:00,89,68.0,2014-05-21T23:23:00,1.1,292,8.5,337.0,2014-05-21T12:18:00,14.5,,,,,,,,,,,,,,,,,,,,,,100.0,2014-05-21T12:42:00,,,,,,,,,,,,,,,,,,,,,,,,,,,,,,,,,,,,,,,,,,,,,,,,,,,,,,,,,,,,,,,,,,,,,,,,,,
2014-05-22,930.6,932.5,2014-05-22T22:33:00,929.5,2014-05-22T04:18:00,24.0,29.6,2014-05-22T14:04:00,20.6,2014-05-22T02:16:00,76,61.0,2014-05-22T14:16:00,1.2,335,6.3,341.0,2014-05-22T14:15:00,0.0,,,,,,,,,,,,,,,,,,,,,,85.0,2014-05-22T23:18:00,,,,,,,,,,,,,,,,,,,,,,,,,,,,,,,,,,,,,,,,,,,,,,,,,,,,,,,,,,,,,,,,,,,,,,,,,,
2014-05-23,932.7,934.5,2014-05-23T21:46:00,931.1,2014-05-23T01:35:00,23.2,27.0,2014-05-23T10:25:00,20.5,2014-05-23T16:23:00,77,47.0,2014-05-23T21:32:00,1.0,127,4.2,353.0,2014-05-23T14:02:00,0.5,,,,,,,,,,,,,,,,,,,,,,97.0,2014-05-23T16:02:00,,,,,,,,,,,,,,,,,,,,,,,,,,,,,,,,,,,,,,,,,,,,,,,,,,,,,,,,,,,,,,,,,,,,,,,,,,
2014-05-24,934.0,935.2,2014-05-24T22:53:00,932.6,2014-05-24T14:32:00,23.5,30.5,2014-05-24T13:32:00,20.6,2014-05-24T16:12:00,75,46.0,2014-05-24T08:16:00,1.4,115,8.3,333.0,2014-05-24T12:04:00,46.5,,,,,,,,,,,,,,,,,,,,,,100.0,2014-05-24T16:17:00,,,,,,,,,,,,,,,,,,,,,,,,,,,,,,,,,,,,,,,,,,,,,,,,,,,,,,,,,,,,,,,,,,,,,,,,,,
2014-05-25,933.4,934.7,2014-05-25T00:01:00,932.1,2014-05-25T15:31:00,23.8,29.1,2014-05-25T12:16:00,20.3,2014-05-25T02:01:00,84,61.0,2014-05-25T12:31:00,1.2,96,7.6,315.0,2014-05-25T16:16:00,2.0,,,,,,,,,,,,,,,,,,,,,,97.0,2014-05-25T21:12:00,,,,,,,,,,,,,,,,,,,,,,,,,,,,,,,,,,,,,,,,,,,,,,,,,,,,,,,,,,,,,,,,,,,,,,,,,,
2014-05-26,931.7,933.5,2014-05-26T09:01:00,930.1,2014-05-26T15:17:00,24.0,30.0,2014-05-26T12:17:00,21.2,2014-05-26T04:47:00,81,56.0,2014-05-26T12:17:00,1.4,325,7.4,331.0,2014-05-26T13:04:00,0.5,,,,,,,,,,,,,,,,,,,,,,99.0,2014-05-26T22:01:00,,,,,,,,,,,,,,,,,,,,,,,,,,,,,,,,,,,,,,,,,,,,,,,,,,,,,,,,,,,,,,,,,,,,,,,,,,
2014-05-27,929.8,931.0,2014-05-27T08:37:00,927.7,2014-05-27T16:09:00,23.7,30.0,2014-05-27T13:08:00,21.0,2014-05-27T05:47:00,90,66.0,2014-05-27T13:16:00,1.0,120,7.9,325.0,2014-05-27T16:13:00,0.5,,,,,,,,,,,,,,,,,,,,,,100.0,2014-05-27T00:16:00,,,,,,,,,,,,,,,,,,,,,,,,,,,,,,,,,,,,,,,,,,,,,,,,,,,,,,,,,,,,,,,,,,,,,,,,,,
2014-05-28,929.4,931.0,2014-05-28T09:16:00,927.8,2014-05-28T16:04:00,24.1,29.5,2014-05-28T10:54:00,21.2,2014-05-28T03:38:00,88,66.0,2014-05-28T07:51:00,0.9,134,8.3,355.0,2014-05-28T11:58:00,2.0,,,,,,,,,,,,,,,,,,,,,,99.0,2014-05-28T12:48:00,,,,,,,,,,,,,,,,,,,,,,,,,,,,,,,,,,,,,,,,,,,,,,,,,,,,,,,,,,,,,,,,,,,,,,,,,,
2014-05-29,930.0,931.5,2014-05-29T21:57:00,929.0,2014-05-29T15:32:00,23.8,25.8,2014-05-29T14:32:00,21.1,2014-05-29T23:51:00,89,77.0,2014-05-29T14:36:00,1.2,323,11.0,333.0,2014-05-29T14:41:00,0.0,,,,,,,,,,,,,,,,,,,,,,97.0,2014-05-29T19:53:00,,,,,,,,,,,,,,,,,,,,,,,,,,,,,,,,,,,,,,,,,,,,,,,,,,,,,,,,,,,,,,,,,,,,,,,,,,
2014-05-30,930.3,931.3,2014-05-30T09:36:00,929.3,2014-05-30T01:54:00,23.3,28.7,2014-05-30T10:51:00,20.7,2014-05-30T21:53:00,86,65.0,2014-05-30T12:01:00,1.2,131,8.4,309.0,2014-05-30T13:23:00,6.5,,,,,,,,,,,,,,,,,,,,,,99.0,2014-05-30T15:46:00,,,,,,,,,,,,,,,,,,,,,,,,,,,,,,,,,,,,,,,,,,,,,,,,,,,,,,,,,,,,,,,,,,,,,,,,,,
2014-05-31,930.7,931.8,2014-05-31T09:12:00,929.1,2014-05-31T15:52:00,24.4,30.3,2014-05-31T13:14:00,20.6,2014-05-31T02:21:00,84,57.0,2014-05-31T13:11:00,1.4,132,7.7,342.0,2014-05-31T16:09:00,0.0,,,,,,,,,,,,,,,,,,,,,,99.0,2014-05-31T21:52:00,,,,,,,,,,,,,,,,,,,,,,,,,,,,,,,,,,,,,,,,,,,,,,,,,,,,,,,,,,,,,,,,,,,,,,,,,,
2014-06-01,929.8,931.5,2014-06-01T09:02:00,928.2,2014-06-01T16:56:00,24.7,29.8,2014-06-01T12:52:00,21.2,2014-06-01T04:54:00,81,56.0,2014-06-01T12:14:00,1.2,117,7.0,4.0,2014-06-01T10:35:00,0.0,,,,,,,,,,,,,,,,,,,,,,94.0,2014-06-01T05:57:00,,,,,,,,,,,,,,,,,,,,,,,,,,,,,,,,,,,,,,,,,,,,,,,,,,,,,,,,,,,,,,,,,,,,,,,,,,
2014-06-02,928.2,929.8,2014-06-02T06:42:00,926.3,2014-06-02T16:11:00,24.8,30.7,2014-06-02T13:01:00,21.0,2014-06-02T02:41:00,76,50.0,2014-06-02T12:52:00,1.5,341,8.2,323.0,2014-06-02T15:19:00,0.0,,,,,,,,,,,,,,,,,,,,,,96.0,2014-06-02T23:21:00,,,,,,,,,,,,,,,,,,,,,,,,,,,,,,,,,,,,,,,,,,,,,,,,,,,,,,,,,,,,,,,,,,,,,,,,,,
2014-06-03,926.9,928.0,2014-06-03T21:41:00,925.7,2014-06-03T16:21:00,22.9,27.0,2014-06-03T09:21:00,20.3,2014-06-03T14:56:00,87,61.0,2014-06-03T23:07:00,1.5,120,10.8,309.0,2014-06-03T12:39:00,73.5,,,,,,,,,,,,,,,,,,,,,,100.0,2014-06-03T13:01:00,,,,,,,,,,,,,,,,,,,,,,,,,,,,,,,,,,,,,,,,,,,,,,,,,,,,,,,,,,,,,,,,,,,,,,,,,,
2014-06-04,926.6,927.8,2014-06-04T22:04:00,925.6,2014-06-04T02:54:00,23.4,27.5,2014-06-04T16:14:00,20.7,2014-06-04T10:31:00,84,64.0,2014-06-04T00:03:00,1.1,143,10.7,301.0,2014-06-04T09:59:00,9.0,,,,,,,,,,,,,,,,,,,,,,100.0,2014-06-04T10:46:00,,,,,,,,,,,,,,,,,,,,,,,,,,,,,,,,,,,,,,,,,,,,,,,,,,,,,,,,,,,,,,,,,,,,,,,,,,
2014-06-05,927.0,928.5,2014-06-05T22:16:00,925.5,2014-06-05T03:11:00,24.0,28.0,2014-06-05T10:21:00,21.8,2014-06-05T04:14:00,83,66.0,2014-06-05T10:01:00,1.0,141,7.7,332.0,2014-06-05T11:23:00,0.0,,,,,,,,,,,,,,,,,,,,,,97.0,2014-06-05T14:11:00,,,,,,,,,,,,,,,,,,,,,,,,,,,,,,,,,,,,,,,,,,,,,,,,,,,,,,,,,,,,,,,,,,,,,,,,,,
2014-06-06,926.8,928.2,2014-06-06T22:39:00,924.8,2014-06-06T16:01:00,24.0,31.1,2014-06-06T14:16:00,21.0,2014-06-06T22:48:00,84,57.0,2014-06-06T14:01:00,1.2,332,11.1,255.0,2014-06-06T16:21:00,43.0,,,,,,,,,,,,,,,,,,,,,,100.0,2014-06-06T22:51:00,,,,,,,,,,,,,,,,,,,,,,,,,,,,,,,,,,,,,,,,,,,,,,,,,,,,,,,,,,,,,,,,,,,,,,,,,,
2014-06-07,925.8,927.5,2014-06-07T00:01:00,924.2,2014-06-07T14:57:00,23.1,28.5,2014-06-07T13:07:00,20.5,2014-06-07T19:33:00,85,55.0,2014-06-07T08:24:00,1.0,9,12.5,245.0,2014-06-07T15:18:00,12.0,,,,,,,,,,,,,,,,,,,,,,100.0,2014-06-07T00:01:00,,,,,,,,,,,,,,,,,,,,,,,,,,,,,,,,,,,,,,,,,,,,,,,,,,,,,,,,,,,,,,,,,,,,,,,,,,
2014-06-08,924.1,925.3,2014-06-08T07:41:00,922.7,2014-06-08T14:25:00,23.0,26.7,2014-06-08T13:42:00,21.5,2014-06-08T05:41:00,90,76.0,2014-06-08T13:42:00,1.0,338,6.5,213.0,2014-06-08T17:25:00,12.0,,,,,,,,,,,,,,,,,,,,,,100.0,2014-06-08T18:54:00,,,,,,,,,,,,,,,,,,,,,,,,,,,,,,,,,,,,,,,,,,,,,,,,,,,,,,,,,,,,,,,,,,,,,,,,,,
2014-06-09,922.6,923.7,2014-06-09T08:42:00,921.5,2014-06-09T16:22:00,23.4,27.5,2014-06-09T10:41:00,21.1,2014-06-09T02:31:00,92,76.0,2014-06-09T08:51:00,1.0,274,5.1,322.0,2014-06-09T17:58:00,0.5,,,,,,,,,,,,,,,,,,,,,,100.0,2014-06-09T17:50:00,,,,,,,,,,,,,,,,,,,,,,,,,,,,,,,,,,,,,,,,,,,,,,,,,,,,,,,,,,,,,,,,,,,,,,,,,,
2014-06-10,921.4,923.2,2014-06-10T22:13:00,920.1,2014-06-10T15:41:00,24.1,28.7,2014-06-10T14:53:00,21.1,2014-06-10T03:32:00,92,72.0,2014-06-10T08:32:00,1.3,338,4.9,340.0,2014-06-10T10:01:00,0.0,,,,,,,,,,,,,,,,,,,,,,100.0,2014-06-10T19:31:00,,,,,,,,,,,,,,,,,,,,,,,,,,,,,,,,,,,,,,,,,,,,,,,,,,,,,,,,,,,,,,,,,,,,,,,,,,
2014-06-11,922.3,924.0,2014-06-11T22:02:00,921.1,2014-06-11T15:09:00,23.8,29.0,2014-06-11T12:43:00,22.0,2014-06-11T04:42:00,94,76.0,2014-06-11T12:26:00,1.0,334,6.1,344.0,2014-06-11T16:41:00,11.5,,,,,,,,,,,,,,,,,,,,,,100.0,2014-06-11T19:25:00,,,,,,,,,,,,,,,,,,,,,,,,,,,,,,,,,,,,,,,,,,,,,,,,,,,,,,,,,,,,,,,,,,,,,,,,,,
2014-06-12,923.6,925.5,2014-06-12T22:25:00,922.2,2014-06-12T02:41:00,23.3,27.2,2014-06-12T09:01:00,21.5,2014-06-12T04:54:00,95,75.0,2014-06-12T08:21:00,1.1,138,5.3,339.0,2014-06-12T11:50:00,4.5,,,,,,,,,,,,,,,,,,,,,,100.0,2014-06-12T12:57:00,,,,,,,,,,,,,,,,,,,,,,,,,,,,,,,,,,,,,,,,,,,,,,,,,,,,,,,,,,,,,,,,,,,,,,,,,,
2014-06-13,925.5,927.5,2014-06-13T22:42:00,923.8,2014-06-13T01:22:00,23.5,27.0,2014-06-13T12:54:00,21.5,2014-06-13T02:51:00,91,68.0,2014-06-13T21:41:00,0.7,7,3.4,142.0,2014-06-13T20:53:00,2.5,,,,,,,,,,,,,,,,,,,,,,99.0,2014-06-13T00:31:00,,,,,,,,,,,,,,,,,,,,,,,,,,,,,,,,,,,,,,,,,,,,,,,,,,,,,,,,,,,,,,,,,,,,,,,,,,
2014-06-14,926.6,928.6,2014-06-14T22:31:00,925.1,2014-06-14T17:37:00,22.9,26.1,2014-06-14T09:52:00,20.5,2014-06-14T04:34:00,92,68.0,2014-06-14T19:27:00,1.0,295,10.9,85.0,2014-06-14T18:22:00,28.5,,,,,,,,,,,,,,,,,,,,,,100.0,2014-06-14T13:22:00,,,,,,,,,,,,,,,,,,,,,,,,,,,,,,,,,,,,,,,,,,,,,,,,,,,,,,,,,,,,,,,,,,,,,,,,,,
2014-06-15,927.4,929.0,2014-06-15T22:21:00,925.7,2014-06-15T04:35:00,23.3,26.2,2014-06-15T12:01:00,21.0,2014-06-15T01:55:00,94,82.0,2014-06-15T04:04:00,0.8,305,3.7,323.0,2014-06-15T22:04:00,2.5,,,,,,,,,,,,,,,,,,,,,,100.0,2014-06-15T00:01:00,,,,,,,,,,,,,,,,,,,,,,,,,,,,,,,,,,,,,,,,,,,,,,,,,,,,,,,,,,,,,,,,,,,,,,,,,,
2014-06-16,927.9,929.0,2014-06-16T22:31:00,927.0,2014-06-16T16:41:00,24.0,28.2,2014-06-16T09:51:00,21.8,2014-06-16T01:31:00,88,69.0,2014-06-16T08:47:00,1.3,268,7.0,335.0,2014-06-16T12:00:00,0.5,,,,,,,,,,,,,,,,,,,,,,99.0,2014-06-16T01:01:00,,,,,,,,,,,,,,,,,,,,,,,,,,,,,,,,,,,,,,,,,,,,,,,,,,,,,,,,,,,,,,,,,,,,,,,,,,
2014-06-17,929.3,930.6,2014-06-17T23:21:00,928.0,2014-06-17T17:18:00,23.6,28.2,2014-06-17T14:13:00,21.7,2014-06-17T05:13:00,94,71.0,2014-06-17T15:12:00,1.3,315,8.9,331.0,2014-06-17T02:21:00,5.5,,,,,,,,,,,,,,,,,,,,,,99.0,2014-06-17T21:34:00,,,,,,,,,,,,,,,,,,,,,,,,,,,,,,,,,,,,,,,,,,,,,,,,,,,,,,,,,,,,,,,,,,,,,,,,,,
2014-06-18,928.9,930.5,2014-06-18T00:01:00,927.5,2014-06-18T15:21:00,24.3,29.1,2014-06-18T11:22:00,21.5,2014-06-18T01:51:00,86,69.0,2014-06-18T15:21:00,1.5,13,7.4,277.0,2014-06-18T14:46:00,0.0,,,,,,,,,,,,,,,,,,,,,,99.0,2014-06-18T00:01:00,,,,,,,,,,,,,,,,,,,,,,,,,,,,,,,,,,,,,,,,,,,,,,,,,,,,,,,,,,,,,,,,,,,,,,,,,,
2014-06-19,927.8,929.0,2014-06-19T21:31:00,926.2,2014-06-19T16:32:00,24.6,29.1,2014-06-19T12:31:00,21.5,2014-06-19T04:11:00,86,59.0,2014-06-19T07:21:00,1.3,353,7.2,310.0,2014-06-19T14:03:00,0.0,,,,,,,,,,,,,,,,,,,,,,99.0,2014-06-19T21:01:00,,,,,,,,,,,,,,,,,,,,,,,,,,,,,,,,,,,,,,,,,,,,,,,,,,,,,,,,,,,,,,,,,,,,,,,,,,
2014-06-20,927.9,929.3,2014-06-20T21:51:00,927.0,2014-06-20T02:22:00,24.1,30.0,2014-06-20T10:51:00,21.5,2014-06-20T05:11:00,89,61.0,2014-06-20T07:41:00,1.0,335,11.2,305.0,2014-06-20T13:00:00,12.0,,,,,,,,,,,,,,,,,,,,,,99.0,2014-06-20T21:04:00,,,,,,,,,,,,,,,,,,,,,,,,,,,,,,,,,,,,,,,,,,,,,,,,,,,,,,,,,,,,,,,,,,,,,,,,,,
2014-06-21,928.7,930.5,2014-06-21T22:42:00,926.8,2014-06-21T14:54:00,24.5,30.5,2014-06-21T14:11:00,21.5,2014-06-21T04:41:00,83,64.0,2014-06-21T14:11:00,1.4,320,8.1,191.0,2014-06-21T08:56:00,0.5,,,,,,,,,,,,,,,,,,,,,,97.0,2014-06-21T00:02:00,,,,,,,,,,,,,,,,,,,,,,,,,,,,,,,,,,,,,,,,,,,,,,,,,,,,,,,,,,,,,,,,,,,,,,,,,,
2014-06-22,929.5,930.3,2014-06-22T22:53:00,928.1,2014-06-22T16:21:00,24.6,30.5,2014-06-22T13:01:00,21.7,2014-06-22T20:53:00,82,60.0,2014-06-22T12:52:00,1.4,349,10.0,249.0,2014-06-22T13:59:00,3.0,,,,,,,,,,,,,,,,,,,,,,98.0,2014-06-22T20:55:00,,,,,,,,,,,,,,,,,,,,,,,,,,,,,,,,,,,,,,,,,,,,,,,,,,,,,,,,,,,,,,,,,,,,,,,,,,
2014-06-23,929.0,930.0,2014-06-23T00:01:00,927.0,2014-06-23T17:05:00,24.7,30.3,2014-06-23T14:22:00,21.5,2014-06-23T05:21:00,84,56.0,2014-06-23T15:41:00,1.3,114,7.2,284.0,2014-06-23T15:25:00,4.0,,,,,,,,,,,,,,,,,,,,,,99.0,2014-06-23T21:53:00,,,,,,,,,,,,,,,,,,,,,,,,,,,,,,,,,,,,,,,,,,,,,,,,,,,,,,,,,,,,,,,,,,,,,,,,,,
2014-06-24,929.1,931.0,2014-06-24T22:34:00,927.5,2014-06-24T16:02:00,23.7,28.7,2014-06-24T13:11:00,21.5,2014-06-24T04:33:00,93,69.0,2014-06-24T13:11:00,1.2,277,9.4,327.0,2014-06-24T02:42:00,15.0,,,,,,,,,,,,,,,,,,,,,,99.0,2014-06-24T04:11:00,,,,,,,,,,,,,,,,,,,,,,,,,,,,,,,,,,,,,,,,,,,,,,,,,,,,,,,,,,,,,,,,,,,,,,,,,,
2014-06-25,930.4,932.0,2014-06-25T22:11:00,929.0,2014-06-25T03:26:00,23.4,27.3,2014-06-25T09:34:00,21.3,2014-06-25T03:58:00,92,73.0,2014-06-25T09:34:00,1.0,299,6.6,262.0,2014-06-25T11:17:00,4.5,,,,,,,,,,,,,,,,,,,,,,99.0,2014-06-25T00:11:00,,,,,,,,,,,,,,,,,,,,,,,,,,,,,,,,,,,,,,,,,,,,,,,,,,,,,,,,,,,,,,,,,,,,,,,,,,
2014-06-26,930.3,931.6,2014-06-26T09:33:00,929.1,2014-06-26T15:51:00,23.9,28.0,2014-06-26T16:21:00,21.1,2014-06-26T02:14:00,88,68.0,2014-06-26T07:32:00,0.9,57,5.0,230.0,2014-06-26T11:15:00,1.5,,,,,,,,,,,,,,,,,,,,,,98.0,2014-06-26T11:52:00,,,,,,,,,,,,,,,,,,,,,,,,,,,,,,,,,,,,,,,,,,,,,,,,,,,,,,,,,,,,,,,,,,,,,,,,,,
2014-06-27,928.9,930.3,2014-06-27T00:01:00,927.1,2014-06-27T16:02:00,24.8,31.0,2014-06-27T15:27:00,21.3,2014-06-27T05:54:00,83,63.0,2014-06-27T15:01:00,1.2,337,4.3,311.0,2014-06-27T15:16:00,0.0,,,,,,,,,,,,,,,,,,,,,,97.0,2014-06-27T23:51:00,,,,,,,,,,,,,,,,,,,,,,,,,,,,,,,,,,,,,,,,,,,,,,,,,,,,,,,,,,,,,,,,,,,,,,,,,,
2014-06-28,927.4,930.0,2014-06-28T23:21:00,925.7,2014-06-28T16:01:00,24.9,30.3,2014-06-28T11:42:00,22.1,2014-06-28T20:42:00,87,69.0,2014-06-28T07:34:00,1.2,7,8.0,186.0,2014-06-28T20:45:00,14.0,,,,,,,,,,,,,,,,,,,,,,99.0,2014-06-28T19:27:00,,,,,,,,,,,,,,,,,,,,,,,,,,,,,,,,,,,,,,,,,,,,,,,,,,,,,,,,,,,,,,,,,,,,,,,,,,
2014-06-29,929.4,931.8,2014-06-29T23:47:00,928.0,2014-06-29T03:34:00,24.9,30.3,2014-06-29T12:51:00,21.8,2014-06-29T05:13:00,88,64.0,2014-06-29T13:21:00,1.1,311,6.0,158.0,2014-06-29T11:44:00,0.0,,,,,,,,,,,,,,,,,,,,,,99.0,2014-06-29T01:51:00,,,,,,,,,,,,,,,,,,,,,,,,,,,,,,,,,,,,,,,,,,,,,,,,,,,,,,,,,,,,,,,,,,,,,,,,,,
2014-06-30,931.7,933.0,2014-06-30T22:07:00,930.5,2014-06-30T15:51:00,25.4,31.3,2014-06-30T15:32:00,22.0,2014-06-30T04:41:00,84,60.0,2014-06-30T14:51:00,1.2,333,6.6,337.0,2014-06-30T12:29:00,0.0,,,,,,,,,,,,,,,,,,,,,,98.0,2014-06-30T22:33:00,,,,,,,,,,,,,,,,,,,,,,,,,,,,,,,,,,,,,,,,,,,,,,,,,,,,,,,,,,,,,,,,,,,,,,,,,,
2014-07-01,932.5,933.7,2014-07-01T07:18:00,930.7,2014-07-01T15:04:00,25.2,32.0,2014-07-01T14:11:00,22.0,2014-07-01T04:51:00,87,60.0,2014-07-01T15:04:00,1.0,342,7.4,326.0,2014-07-01T13:22:00,0.0,,,,,,,,,,,,,,,,,,,,,,99.0,2014-07-01T23:11:00,,,,,,,,,,,,,,,,,,,,,,,,,,,,,,,,,,,,,,,,,,,,,,,,,,,,,,,,,,,,,,,,,,,,,,,,,,
2014-07-02,930.2,932.0,2014-07-02T00:01:00,928.0,2014-07-02T16:31:00,25.5,30.7,2014-07-02T15:34:00,21.6,2014-07-02T05:26:00,85,60.0,2014-07-02T12:41:00,1.7,316,6.7,334.0,2014-07-02T14:42:00,0.0,,,,,,,,,,,,,,,,,,,,,,99.0,2014-07-02T02:21:00,,,,,,,,,,,,,,,,,,,,,,,,,,,,,,,,,,,,,,,,,,,,,,,,,,,,,,,,,,,,,,,,,,,,,,,,,,
2014-07-03,927.4,929.2,2014-07-03T00:01:00,925.3,2014-07-03T15:51:00,25.5,32.0,2014-07-03T15:12:00,22.3,2014-07-03T05:15:00,85,63.0,2014-07-03T12:56:00,1.6,313,7.1,301.0,2014-07-03T16:04:00,0.0,,,,,,,,,,,,,,,,,,,,,,99.0,2014-07-03T00:52:00,,,,,,,,,,,,,,,,,,,,,,,,,,,,,,,,,,,,,,,,,,,,,,,,,,,,,,,,,,,,,,,,,,,,,,,,,,
2014-07-04,927.2,928.2,2014-07-04T22:24:00,926.1,2014-07-04T14:52:00,25.0,31.0,2014-07-04T13:21:00,22.6,2014-07-04T03:02:00,87,64.0,2014-07-04T13:21:00,1.3,3,8.1,279.0,2014-07-04T13:44:00,0.0,,,,,,,,,,,,,,,,,,,,,,98.0,2014-07-04T14:11:00,,,,,,,,,,,,,,,,,,,,,,,,,,,,,,,,,,,,,,,,,,,,,,,,,,,,,,,,,,,,,,,,,,,,,,,,,,
2014-07-05,927.0,928.1,2014-07-05T08:31:00,926.0,2014-07-05T16:17:00,24.5,30.8,2014-07-05T11:41:00,22.2,2014-07-05T03:55:00,89,64.0,2014-07-05T11:41:00,1.2,347,7.5,340.0,2014-07-05T11:07:00,30.0,,,,,,,,,,,,,,,,,,,,,,99.0,2014-07-05T15:43:00,,,,,,,,,,,,,,,,,,,,,,,,,,,,,,,,,,,,,,,,,,,,,,,,,,,,,,,,,,,,,,,,,,,,,,,,,,
2014-07-06,926.5,928.1,2014-07-06T06:35:00,925.0,2014-07-06T17:02:00,25.1,31.5,2014-07-06T09:36:00,22.3,2014-07-06T03:43:00,92,65.0,2014-07-06T09:36:00,1.2,311,6.2,333.0,2014-07-06T11:41:00,0.0,,,,,,,,,,,,,,,,,,,,,,100.0,2014-07-06T19:41:00,,,,,,,,,,,,,,,,,,,,,,,,,,,,,,,,,,,,,,,,,,,,,,,,,,,,,,,,,,,,,,,,,,,,,,,,,,
2014-07-07,922.7,925.6,2014-07-07T00:02:00,920.5,2014-07-07T16:25:00,24.6,30.5,2014-07-07T13:42:00,21.1,2014-07-07T17:22:00,90,68.0,2014-07-07T13:54:00,1.4,6,11.7,201.0,2014-07-07T17:02:00,87.5,,,,,,,,,,,,,,,,,,,,,,100.0,2014-07-07T00:01:00,,,,,,,,,,,,,,,,,,,,,,,,,,,,,,,,,,,,,,,,,,,,,,,,,,,,,,,,,,,,,,,,,,,,,,,,,,
2014-07-08,920.2,924.3,2014-07-08T22:05:00,917.8,2014-07-08T04:11:00,24.7,30.1,2014-07-08T15:21:00,22.2,2014-07-08T01:56:00,91,69.0,2014-07-08T15:21:00,1.6,322,7.5,348.0,2014-07-08T11:30:00,0.0,,,,,,,,,,,,,,,,,,,,,,99.0,2014-07-08T23:55:00,,,,,,,,,,,,,,,,,,,,,,,,,,,,,,,,,,,,,,,,,,,,,,,,,,,,,,,,,,,,,,,,,,,,,,,,,,
2014-07-09,926.5,928.5,2014-07-09T22:47:00,924.0,2014-07-09T00:01:00,25.2,31.0,2014-07-09T13:54:00,22.5,2014-07-09T02:59:00,89,63.0,2014-07-09T13:33:00,1.4,327,6.9,341.0,2014-07-09T13:01:00,0.0,,,,,,,,,,,,,,,,,,,,,,100.0,2014-07-09T01:42:00,,,,,,,,,,,,,,,,,,,,,,,,,,,,,,,,,,,,,,,,,,,,,,,,,,,,,,,,,,,,,,,,,,,,,,,,,,
2014-07-10,928.3,929.8,2014-07-10T22:05:00,927.0,2014-07-10T16:41:00,25.4,30.7,2014-07-10T16:14:00,22.0,2014-07-10T05:51:00,86,62.0,2014-07-10T14:03:00,1.4,310,7.7,341.0,2014-07-10T13:30:00,0.0,,,,,,,,,,,,,,,,,,,,,,99.0,2014-07-10T03:21:00,,,,,,,,,,,,,,,,,,,,,,,,,,,,,,,,,,,,,,,,,,,,,,,,,,,,,,,,,,,,,,,,,,,,,,,,,,
2014-07-11,929.6,932.0,2014-07-11T22:47:00,928.2,2014-07-11T03:53:00,25.8,31.6,2014-07-11T16:01:00,22.0,2014-07-11T02:51:00,83,61.0,2014-07-11T16:01:00,1.1,136,8.7,340.0,2014-07-11T12:33:00,0.0,,,,,,,,,,,,,,,,,,,,,,97.0,2014-07-11T22:22:00,,,,,,,,,,,,,,,,,,,,,,,,,,,,,,,,,,,,,,,,,,,,,,,,,,,,,,,,,,,,,,,,,,,,,,,,,,
2014-07-12,931.1,933.1,2014-07-12T21:51:00,929.5,2014-07-12T16:00:00,25.9,32.8,2014-07-12T14:45:00,22.2,2014-07-12T02:25:00,82,59.0,2014-07-12T14:45:00,1.2,317,7.5,309.0,2014-07-12T15:38:00,0.0,,,,,,,,,,,,,,,,,,,,,,98.0,2014-07-12T22:31:00,,,,,,,,,,,,,,,,,,,,,,,,,,,,,,,,,,,,,,,,,,,,,,,,,,,,,,,,,,,,,,,,,,,,,,,,,,
2014-07-13,931.8,933.1,2014-07-13T21:43:00,929.8,2014-07-13T16:05:00,25.8,32.8,2014-07-13T13:01:00,22.5,2014-07-13T01:21:00,81,55.0,2014-07-13T13:04:00,1.3,1,6.9,342.0,2014-07-13T12:56:00,0.0,,,,,,,,,,,,,,,,,,,,,,98.0,2014-07-13T23:51:00,,,,,,,,,,,,,,,,,,,,,,,,,,,,,,,,,,,,,,,,,,,,,,,,,,,,,,,,,,,,,,,,,,,,,,,,,,
2014-07-14,932.4,934.0,2014-07-14T22:21:00,930.3,2014-07-14T15:56:00,26.1,32.3,2014-07-14T12:55:00,22.1,2014-07-14T03:51:00,83,59.0,2014-07-14T12:55:00,1.4,297,7.5,324.0,2014-07-14T14:51:00,0.0,,,,,,,,,,,,,,,,,,,,,,99.0,2014-07-14T00:41:00,,,,,,,,,,,,,,,,,,,,,,,,,,,,,,,,,,,,,,,,,,,,,,,,,,,,,,,,,,,,,,,,,,,,,,,,,,
2014-07-15,932.5,933.5,2014-07-15T07:11:00,931.2,2014-07-15T15:53:00,25.2,30.7,2014-07-15T14:41:00,22.6,2014-07-15T02:15:00,87,67.0,2014-07-15T09:04:00,1.8,315,9.2,326.0,2014-07-15T14:51:00,0.0,,,,,,,,,,,,,,,,,,,,,,98.0,2014-07-15T01:51:00,,,,,,,,,,,,,,,,,,,,,,,,,,,,,,,,,,,,,,,,,,,,,,,,,,,,,,,,,,,,,,,,,,,,,,,,,,
2014-07-16,930.2,932.5,2014-07-16T00:02:00,928.1,2014-07-16T16:01:00,25.3,33.0,2014-07-16T15:21:00,21.2,2014-07-16T06:03:00,85,56.0,2014-07-16T14:04:00,1.8,329,11.5,97.0,2014-07-16T21:38:00,0.0,,,,,,,,,,,,,,,,,,,,,,99.0,2014-07-16T01:07:00,,,,,,,,,,,,,,,,,,,,,,,,,,,,,,,,,,,,,,,,,,,,,,,,,,,,,,,,,,,,,,,,,,,,,,,,,,
2014-07-17,929.1,930.5,2014-07-17T22:51:00,928.0,2014-07-17T14:17:00,24.7,31.5,2014-07-17T12:31:00,22.2,2014-07-17T18:04:00,89,56.0,2014-07-17T12:22:00,1.6,298,10.3,342.0,2014-07-17T07:50:00,4.5,,,,,,,,,,,,,,,,,,,,,,99.0,2014-07-17T17:24:00,,,,,,,,,,,,,,,,,,,,,,,,,,,,,,,,,,,,,,,,,,,,,,,,,,,,,,,,,,,,,,,,,,,,,,,,,,
2014-07-18,930.7,932.8,2014-07-18T21:41:00,928.8,2014-07-18T04:45:00,23.8,29.0,2014-07-18T11:01:00,21.8,2014-07-18T23:08:00,89,68.0,2014-07-18T11:01:00,1.1,319,8.9,335.0,2014-07-18T10:55:00,12.0,,,,,,,,,,,,,,,,,,,,,,98.0,2014-07-18T13:01:00,,,,,,,,,,,,,,,,,,,,,,,,,,,,,,,,,,,,,,,,,,,,,,,,,,,,,,,,,,,,,,,,,,,,,,,,,,
2014-07-19,931.4,932.3,2014-07-19T10:36:00,930.0,2014-07-19T15:05:00,23.6,29.0,2014-07-19T12:32:00,21.2,2014-07-19T16:54:00,89,70.0,2014-07-19T12:40:00,1.0,343,8.7,339.0,2014-07-19T16:13:00,4.5,,,,,,,,,,,,,,,,,,,,,,99.0,2014-07-19T17:22:00,,,,,,,,,,,,,,,,,,,,,,,,,,,,,,,,,,,,,,,,,,,,,,,,,,,,,,,,,,,,,,,,,,,,,,,,,,
2014-07-20,929.5,931.3,2014-07-20T00:01:00,927.5,2014-07-20T15:26:00,24.2,31.6,2014-07-20T14:22:00,21.1,2014-07-20T05:33:00,90,65.0,2014-07-20T14:21:00,1.2,301,7.6,328.0,2014-07-20T15:26:00,0.0,,,,,,,,,,,,,,,,,,,,,,99.0,2014-07-20T18:11:00,,,,,,,,,,,,,,,,,,,,,,,,,,,,,,,,,,,,,,,,,,,,,,,,,,,,,,,,,,,,,,,,,,,,,,,,,,
2014-07-21,926.2,928.5,2014-07-21T00:01:00,924.5,2014-07-21T15:41:00,24.6,31.5,2014-07-21T15:01:00,21.1,2014-07-21T05:16:00,86,61.0,2014-07-21T14:25:00,1.3,318,8.9,354.0,2014-07-21T17:08:00,0.0,,,,,,,,,,,,,,,,,,,,,,97.0,2014-07-21T19:51:00,,,,,,,,,,,,,,,,,,,,,,,,,,,,,,,,,,,,,,,,,,,,,,,,,,,,,,,,,,,,,,,,,,,,,,,,,,
2014-07-22,919.0,925.2,2014-07-22T00:01:00,910.5,2014-07-22T23:05:00,23.2,27.5,2014-07-22T13:24:00,21.0,2014-07-22T23:09:00,92,74.0,2014-07-22T09:01:00,1.5,145,11.6,166.0,2014-07-22T23:59:00,43.5,,,,,,,,,,,,,,,,,,,,,,100.0,2014-07-22T20:31:00,,,,,,,,,,,,,,,,,,,,,,,,,,,,,,,,,,,,,,,,,,,,,,,,,,,,,,,,,,,,,,,,,,,,,,,,,,
2014-07-23,919.4,926.8,2014-07-23T23:53:00,910.5,2014-07-23T00:42:00,22.3,24.1,2014-07-23T00:09:00,21.2,2014-07-23T11:11:00,100,76.0,2014-07-23T00:09:00,3.6,2,31.3,319.0,2014-07-23T08:36:00,407.5,,,,,,,,,,,,,,,,,,,,,,100.0,2014-07-23T02:52:00,,,,,,,,,,,,,,,,,,,,,,,,,,,,,,,,,,,,,,,,,,,,,,,,,,,,,,,,,,,,,,,,,,,,,,,,,,
2014-07-24,927.5,929.8,2014-07-24T21:37:00,925.1,2014-07-24T02:03:00,22.3,25.7,2014-07-24T13:01:00,20.3,2014-07-24T02:42:00,98,78.0,2014-07-24T12:52:00,1.5,309,12.6,312.0,2014-07-24T00:59:00,69.0,,,,,,,,,,,,,,,,,,,,,,100.0,2014-07-24T00:01:00,,,,,,,,,,,,,,,,,,,,,,,,,,,,,,,,,,,,,,,,,,,,,,,,,,,,,,,,,,,,,,,,,,,,,,,,,,
2014-07-25,930.5,932.5,2014-07-25T21:31:00,928.7,2014-07-25T03:53:00,23.3,27.8,2014-07-25T13:31:00,20.8,2014-07-25T05:42:00,95,80.0,2014-07-25T07:14:00,1.0,9,6.9,186.0,2014-07-25T10:52:00,10.5,,,,,,,,,,,,,,,,,,,,,,100.0,2014-07-25T00:01:00,,,,,,,,,,,,,,,,,,,,,,,,,,,,,,,,,,,,,,,,,,,,,,,,,,,,,,,,,,,,,,,,,,,,,,,,,,
2014-07-26,932.1,933.7,2014-07-26T22:24:00,930.3,2014-07-26T03:01:00,24.0,30.3,2014-07-26T15:23:00,20.8,2014-07-26T04:25:00,91,67.0,2014-07-26T11:31:00,1.4,131,7.2,322.0,2014-07-26T04:37:00,0.0,,,,,,,,,,,,,,,,,,,,,,99.0,2014-07-26T21:02:00,,,,,,,,,,,,,,,,,,,,,,,,,,,,,,,,,,,,,,,,,,,,,,,,,,,,,,,,,,,,,,,,,,,,,,,,,,
2014-07-27,930.7,933.6,2014-07-27T00:01:00,928.2,2014-07-27T16:11:00,24.1,30.6,2014-07-27T14:53:00,21.2,2014-07-27T06:03:00,89,65.0,2014-07-27T14:56:00,1.1,3,5.9,339.0,2014-07-27T11:23:00,0.0,,,,,,,,,,,,,,,,,,,,,,99.0,2014-07-27T18:33:00,,,,,,,,,,,,,,,,,,,,,,,,,,,,,,,,,,,,,,,,,,,,,,,,,,,,,,,,,,,,,,,,,,,,,,,,,,
2014-07-28,928.2,930.0,2014-07-28T00:01:00,926.0,2014-07-28T15:21:00,24.2,30.2,2014-07-28T13:39:00,21.2,2014-07-28T02:42:00,87,66.0,2014-07-28T13:41:00,1.1,298,6.6,324.0,2014-07-28T15:41:00,0.0,,,,,,,,,,,,,,,,,,,,,,98.0,2014-07-28T23:51:00,,,,,,,,,,,,,,,,,,,,,,,,,,,,,,,,,,,,,,,,,,,,,,,,,,,,,,,,,,,,,,,,,,,,,,,,,,
2014-07-29,927.1,928.7,2014-07-29T00:01:00,925.6,2014-07-29T16:33:00,24.5,30.5,2014-07-29T14:21:00,21.5,2014-07-29T06:01:00,87,63.0,2014-07-29T13:30:00,1.1,3,6.2,288.0,2014-07-29T10:47:00,0.0,,,,,,,,,,,,,,,,,,,,,,99.0,2014-07-29T23:54:00,,,,,,,,,,,,,,,,,,,,,,,,,,,,,,,,,,,,,,,,,,,,,,,,,,,,,,,,,,,,,,,,,,,,,,,,,,
2014-07-30,925.9,927.7,2014-07-30T09:01:00,924.2,2014-07-30T17:11:00,25.2,31.6,2014-07-30T13:55:00,22.2,2014-07-30T02:59:00,87,59.0,2014-07-30T13:55:00,1.3,337,6.6,307.0,2014-07-30T14:05:00,0.0,,,,,,,,,,,,,,,,,,,,,,99.0,2014-07-30T19:14:00,,,,,,,,,,,,,,,,,,,,,,,,,,,,,,,,,,,,,,,,,,,,,,,,,,,,,,,,,,,,,,,,,,,,,,,,,,
2014-07-31,923.1,924.8,2014-07-31T00:01:00,920.7,2014-07-31T15:15:00,24.8,30.1,2014-07-31T11:32:00,22.1,2014-07-31T23:58:00,92,68.0,2014-07-31T11:22:00,2.1,292,8.2,355.0,2014-07-31T14:52:00,1.0,,,,,,,,,,,,,,,,,,,,,,100.0,2014-07-31T19:01:00,,,,,,,,,,,,,,,,,,,,,,,,,,,,,,,,,,,,,,,,,,,,,,,,,,,,,,,,,,,,,,,,,,,,,,,,,,
2014-08-01,923.2,925.1,2014-08-01T22:51:00,921.6,2014-08-01T02:59:00,24.4,30.7,2014-08-01T12:02:00,21.7,2014-08-01T02:52:00,89,62.0,2014-08-01T12:26:00,1.0,8,8.3,264.0,2014-08-01T16:51:00,3.5,,,,,,,,,,,,,,,,,,,,,,100.0,2014-08-01T00:01:00,,,,,,,,,,,,,,,,,,,,,,,,,,,,,,,,,,,,,,,,,,,,,,,,,,,,,,,,,,,,,,,,,,,,,,,,,,
2014-08-02,925.1,927.0,2014-08-02T22:35:00,923.6,2014-08-02T16:27:00,23.7,28.2,2014-08-02T11:58:00,21.0,2014-08-02T13:28:00,94,71.0,2014-08-02T12:01:00,0.9,133,6.9,315.0,2014-08-02T13:06:00,29.5,,,,,,,,,,,,,,,,,,,,,,100.0,2014-08-02T13:48:00,,,,,,,,,,,,,,,,,,,,,,,,,,,,,,,,,,,,,,,,,,,,,,,,,,,,,,,,,,,,,,,,,,,,,,,,,,
2014-08-03,925.7,926.7,2014-08-03T21:51:00,923.8,2014-08-03T16:31:00,24.4,30.3,2014-08-03T13:51:00,21.1,2014-08-03T03:46:00,89,66.0,2014-08-03T08:41:00,1.3,6,8.9,241.0,2014-08-03T13:25:00,0.0,,,,,,,,,,,,,,,,,,,,,,100.0,2014-08-03T19:11:00,,,,,,,,,,,,,,,,,,,,,,,,,,,,,,,,,,,,,,,,,,,,,,,,,,,,,,,,,,,,,,,,,,,,,,,,,,
2014-08-04,926.0,927.3,2014-08-04T21:54:00,924.3,2014-08-04T16:21:00,24.6,30.3,2014-08-04T15:51:00,21.5,2014-08-04T03:41:00,91,68.0,2014-08-04T16:31:00,1.3,300,5.8,340.0,2014-08-04T10:41:00,0.0,,,,,,,,,,,,,,,,,,,,,,100.0,2014-08-04T00:01:00,,,,,,,,,,,,,,,,,,,,,,,,,,,,,,,,,,,,,,,,,,,,,,,,,,,,,,,,,,,,,,,,,,,,,,,,,,
2014-08-05,927.1,929.0,2014-08-05T21:21:00,925.5,2014-08-05T02:06:00,23.5,28.2,2014-08-05T11:16:00,21.6,2014-08-05T18:11:00,90,74.0,2014-08-05T13:01:00,1.1,6,7.2,235.0,2014-08-05T14:32:00,16.5,,,,,,,,,,,,,,,,,,,,,,100.0,2014-08-05T16:21:00,,,,,,,,,,,,,,,,,,,,,,,,,,,,,,,,,,,,,,,,,,,,,,,,,,,,,,,,,,,,,,,,,,,,,,,,,,
2014-08-06,926.8,928.3,2014-08-06T08:50:00,925.0,2014-08-06T15:38:00,24.6,31.6,2014-08-06T15:41:00,21.1,2014-08-06T04:16:00,89,58.0,2014-08-06T15:05:00,1.2,346,6.7,327.0,2014-08-06T12:51:00,0.0,,,,,,,,,,,,,,,,,,,,,,100.0,2014-08-06T20:34:00,,,,,,,,,,,,,,,,,,,,,,,,,,,,,,,,,,,,,,,,,,,,,,,,,,,,,,,,,,,,,,,,,,,,,,,,,,
2014-08-07,926.0,927.5,2014-08-07T09:51:00,924.2,2014-08-07T15:57:00,23.3,28.0,2014-08-07T12:53:00,21.2,2014-08-07T19:42:00,96,79.0,2014-08-07T09:51:00,1.2,333,8.3,265.0,2014-08-07T17:14:00,42.5,,,,,,,,,,,,,,,,,,,,,,100.0,2014-08-07T00:01:00,,,,,,,,,,,,,,,,,,,,,,,,,,,,,,,,,,,,,,,,,,,,,,,,,,,,,,,,,,,,,,,,,,,,,,,,,,
2014-08-08,925.8,,,,,23.4,,,,,94,,,1.1,329,,,,0.0,,,,,,,,,,,,,,,,,,,,,,,,,,,,,,,,,,,,,,,,,,,,,,,,,,,,,,,,,,,,,,,,,,,,,,,,,,,,,,,,,,,,,,,,,,,,,,,,,
2014-08-09,927.4,,,,,23.5,,,,,94,,,0.8,147,,,,65.5,,,,,,,,,,,,,,,,,,,,,,,,,,,,,,,,,,,,,,,,,,,,,,,,,,,,,,,,,,,,,,,,,,,,,,,,,,,,,,,,,,,,,,,,,,,,,,,,,
2014-08-10,928.1,,,,,22.5,,,,,98,,,0.8,123,,,,84.0,,,,,,,,,,,,,,,,,,,,,,,,,,,,,,,,,,,,,,,,,,,,,,,,,,,,,,,,,,,,,,,,,,,,,,,,,,,,,,,,,,,,,,,,,,,,,,,,,
2014-08-11,926.7,,,,,22.8,,,,,98,,,1.2,1,,,,16.0,,,,,,,,,,,,,,,,,,,,,,,,,,,,,,,,,,,,,,,,,,,,,,,,,,,,,,,,,,,,,,,,,,,,,,,,,,,,,,,,,,,,,,,,,,,,,,,,,
2014-08-12,925.6,927.0,2014-08-12T00:01:00,923.8,2014-08-12T14:42:00,22.0,23.8,2014-08-12T15:12:00,21.0,2014-08-12T10:15:00,100,99.0,2014-08-12T14:53:00,0.7,330,4.8,316.0,2014-08-12T09:05:00,102.0,,,,,,,,,,,,,,,,,,,,,,100.0,2014-08-12T00:01:00,,,,,,,,,,,,,,,,,,,,,,,,,,,,,,,,,,,,,,,,,,,,,,,,,,,,,,,,,,,,,,,,,,,,,,,,,,
2014-08-13,928.6,931.6,2014-08-13T21:41:00,926.1,2014-08-13T00:01:00,22.0,23.8,2014-08-13T16:31:00,20.8,2014-08-13T05:01:00,95,71.0,2014-08-13T22:01:00,1.7,18,17.6,280.0,2014-08-13T13:01:00,97.0,,,,,,,,,,,,,,,,,,,,,,100.0,2014-08-13T00:01:00,,,,,,,,,,,,,,,,,,,,,,,,,,,,,,,,,,,,,,,,,,,,,,,,,,,,,,,,,,,,,,,,,,,,,,,,,,
2014-08-14,932.4,934.2,2014-08-14T22:01:00,931.1,2014-08-14T02:02:00,23.6,30.0,2014-08-14T14:31:00,20.5,2014-08-14T01:42:00,94,69.0,2014-08-14T14:37:00,1.4,296,7.5,274.0,2014-08-14T07:51:00,22.5,,,,,,,,,,,,,,,,,,,,,,100.0,2014-08-14T01:24:00,,,,,,,,,,,,,,,,,,,,,,,,,,,,,,,,,,,,,,,,,,,,,,,,,,,,,,,,,,,,,,,,,,,,,,,,,,
2014-08-15,932.5,933.7,2014-08-15T08:41:00,930.8,2014-08-15T17:01:00,23.9,30.0,2014-08-15T13:31:00,21.3,2014-08-15T02:47:00,91,64.0,2014-08-15T10:01:00,1.0,341,7.4,352.0,2014-08-15T12:36:00,49.0,,,,,,,,,,,,,,,,,,,,,,100.0,2014-08-15T00:12:00,,,,,,,,,,,,,,,,,,,,,,,,,,,,,,,,,,,,,,,,,,,,,,,,,,,,,,,,,,,,,,,,,,,,,,,,,,
2014-08-16,930.6,932.0,2014-08-16T00:01:00,928.5,2014-08-16T15:28:00,23.8,30.7,2014-08-16T13:51:00,19.8,2014-08-16T16:48:00,89,66.0,2014-08-16T13:52:00,1.1,323,13.6,307.0,2014-08-16T15:31:00,27.0,,,,,,,,,,,,,,,,,,,,,,100.0,2014-08-16T00:01:00,,,,,,,,,,,,,,,,,,,,,,,,,,,,,,,,,,,,,,,,,,,,,,,,,,,,,,,,,,,,,,,,,,,,,,,,,,
2014-08-17,929.8,931.5,2014-08-17T23:11:00,928.2,2014-08-17T17:24:00,24.2,30.5,2014-08-17T13:52:00,20.8,2014-08-17T05:31:00,88,66.0,2014-08-17T13:47:00,1.2,348,6.0,312.0,2014-08-17T14:17:00,0.0,,,,,,,,,,,,,,,,,,,,,,100.0,2014-08-17T16:41:00,,,,,,,,,,,,,,,,,,,,,,,,,,,,,,,,,,,,,,,,,,,,,,,,,,,,,,,,,,,,,,,,,,,,,,,,,,
2014-08-18,931.2,933.6,2014-08-18T21:41:00,929.5,2014-08-18T03:01:00,23.4,27.8,2014-08-18T12:55:00,21.6,2014-08-18T05:58:00,95,77.0,2014-08-18T12:56:00,0.7,311,3.8,301.0,2014-08-18T09:42:00,12.5,,,,,,,,,,,,,,,,,,,,,,100.0,2014-08-18T00:01:00,,,,,,,,,,,,,,,,,,,,,,,,,,,,,,,,,,,,,,,,,,,,,,,,,,,,,,,,,,,,,,,,,,,,,,,,,,
2014-08-19,932.8,934.7,2014-08-19T22:21:00,931.5,2014-08-19T16:51:00,22.8,29.0,2014-08-19T12:49:00,19.5,2014-08-19T23:31:00,88,58.0,2014-08-19T15:04:00,1.3,197,8.7,208.0,2014-08-19T11:59:00,2.0,,,,,,,,,,,,,,,,,,,,,,100.0,2014-08-19T00:01:00,,,,,,,,,,,,,,,,,,,,,,,,,,,,,,,,,,,,,,,,,,,,,,,,,,,,,,,,,,,,,,,,,,,,,,,,,,
2014-08-20,933.3,934.8,2014-08-20T21:41:00,932.5,2014-08-20T17:18:00,23.3,24.5,2014-08-20T16:59:00,21.1,2014-08-20T22:11:00,82,72.0,2014-08-20T23:31:00,1.2,131,4.8,341.0,2014-08-20T17:18:00,0.5,,,,,,,,,,,,,,,,,,,,,,94.0,2014-08-20T20:25:00,,,,,,,,,,,,,,,,,,,,,,,,,,,,,,,,,,,,,,,,,,,,,,,,,,,,,,,,,,,,,,,,,,,,,,,,,,
2014-08-21,932.5,933.8,2014-08-21T00:01:00,930.8,2014-08-21T16:01:00,24.3,31.0,2014-08-21T14:41:00,20.6,2014-08-21T02:04:00,80,57.0,2014-08-21T08:41:00,1.4,360,7.1,325.0,2014-08-21T13:19:00,0.0,,,,,,,,,,,,,,,,,,,,,,100.0,2014-08-21T20:01:00,,,,,,,,,,,,,,,,,,,,,,,,,,,,,,,,,,,,,,,,,,,,,,,,,,,,,,,,,,,,,,,,,,,,,,,,,,
2014-08-22,932.4,933.7,2014-08-22T00:01:00,930.5,2014-08-22T15:24:00,23.7,30.0,2014-08-22T13:18:00,21.7,2014-08-22T21:12:00,92,70.0,2014-08-22T13:21:00,1.2,79,7.9,234.0,2014-08-22T16:07:00,0.0,,,,,,,,,,,,,,,,,,,,,,99.0,2014-08-22T01:11:00,,,,,,,,,,,,,,,,,,,,,,,,,,,,,,,,,,,,,,,,,,,,,,,,,,,,,,,,,,,,,,,,,,,,,,,,,,
2014-08-23,931.9,933.2,2014-08-23T00:01:00,930.2,2014-08-23T16:22:00,24.1,30.1,2014-08-23T14:54:00,21.3,2014-08-23T03:23:00,86,58.0,2014-08-23T08:41:00,1.1,127,5.9,337.0,2014-08-23T12:58:00,0.0,,,,,,,,,,,,,,,,,,,,,,98.0,2014-08-23T23:36:00,,,,,,,,,,,,,,,,,,,,,,,,,,,,,,,,,,,,,,,,,,,,,,,,,,,,,,,,,,,,,,,,,,,,,,,,,,
2014-08-24,932.0,933.5,2014-08-24T21:51:00,930.5,2014-08-24T15:26:00,24.1,29.5,2014-08-24T11:35:00,21.0,2014-08-24T05:23:00,88,61.0,2014-08-24T09:11:00,1.1,4,6.6,193.0,2014-08-24T16:02:00,0.0,,,,,,,,,,,,,,,,,,,,,,99.0,2014-08-24T23:11:00,,,,,,,,,,,,,,,,,,,,,,,,,,,,,,,,,,,,,,,,,,,,,,,,,,,,,,,,,,,,,,,,,,,,,,,,,,
2014-08-25,932.4,934.1,2014-08-25T21:41:00,930.8,2014-08-25T15:15:00,24.0,30.0,2014-08-25T13:53:00,21.3,2014-08-25T04:24:00,88,65.0,2014-08-25T08:51:00,1.3,337,8.8,345.0,2014-08-25T15:15:00,0.0,,,,,,,,,,,,,,,,,,,,,,98.0,2014-08-25T15:15:00,,,,,,,,,,,,,,,,,,,,,,,,,,,,,,,,,,,,,,,,,,,,,,,,,,,,,,,,,,,,,,,,,,,,,,,,,,
2014-08-26,932.8,934.1,2014-08-26T22:31:00,930.8,2014-08-26T15:53:00,24.2,29.2,2014-08-26T12:55:00,21.2,2014-08-26T05:21:00,90,71.0,2014-08-26T12:55:00,1.3,129,6.1,320.0,2014-08-26T12:11:00,0.0,,,,,,,,,,,,,,,,,,,,,,99.0,2014-08-26T20:31:00,,,,,,,,,,,,,,,,,,,,,,,,,,,,,,,,,,,,,,,,,,,,,,,,,,,,,,,,,,,,,,,,,,,,,,,,,,
2014-08-27,933.7,936.0,2014-08-27T23:56:00,932.3,2014-08-27T14:51:00,24.0,30.0,2014-08-27T11:41:00,21.6,2014-08-27T05:13:00,88,68.0,2014-08-27T11:51:00,1.3,318,7.1,353.0,2014-08-27T12:51:00,0.5,,,,,,,,,,,,,,,,,,,,,,99.0,2014-08-27T00:01:00,,,,,,,,,,,,,,,,,,,,,,,,,,,,,,,,,,,,,,,,,,,,,,,,,,,,,,,,,,,,,,,,,,,,,,,,,,
2014-08-28,934.7,936.1,2014-08-28T21:31:00,932.6,2014-08-28T16:13:00,24.1,31.5,2014-08-28T14:53:00,21.3,2014-08-28T20:05:00,79,57.0,2014-08-28T14:27:00,1.4,333,10.5,331.0,2014-08-28T16:58:00,0.0,,,,,,,,,,,,,,,,,,,,,,94.0,2014-08-28T00:02:00,,,,,,,,,,,,,,,,,,,,,,,,,,,,,,,,,,,,,,,,,,,,,,,,,,,,,,,,,,,,,,,,,,,,,,,,,,
2014-08-29,934.1,935.3,2014-08-29T08:51:00,932.5,2014-08-29T15:24:00,24.1,29.3,2014-08-29T13:58:00,21.5,2014-08-29T05:34:00,83,66.0,2014-08-29T11:23:00,1.3,159,11.1,323.0,2014-08-29T17:36:00,0.0,,,,,,,,,,,,,,,,,,,,,,97.0,2014-08-29T21:12:00,,,,,,,,,,,,,,,,,,,,,,,,,,,,,,,,,,,,,,,,,,,,,,,,,,,,,,,,,,,,,,,,,,,,,,,,,,
2014-08-30,933.2,934.8,2014-08-30T00:01:00,931.5,2014-08-30T15:42:00,23.3,28.0,2014-08-30T10:51:00,21.1,2014-08-30T05:41:00,88,70.0,2014-08-30T09:21:00,1.1,1,7.0,287.0,2014-08-30T12:23:00,2.0,,,,,,,,,,,,,,,,,,,,,,99.0,2014-08-30T14:11:00,,,,,,,,,,,,,,,,,,,,,,,,,,,,,,,,,,,,,,,,,,,,,,,,,,,,,,,,,,,,,,,,,,,,,,,,,,
2014-08-31,932.4,934.0,2014-08-31T22:21:00,931.2,2014-08-31T14:42:00,23.7,31.3,2014-08-31T14:25:00,21.0,2014-08-31T02:11:00,84,54.0,2014-08-31T14:25:00,1.4,4,13.6,331.0,2014-08-31T14:56:00,0.5,,,,,,,,,,,,,,,,,,,,,,97.0,2014-08-31T01:36:00,,,,,,,,,,,,,,,,,,,,,,,,,,,,,,,,,,,,,,,,,,,,,,,,,,,,,,,,,,,,,,,,,,,,,,,,,,
2014-09-01,932.8,934.3,2014-09-01T22:51:00,930.8,2014-09-01T15:20:00,24.0,29.8,2014-09-01T13:44:00,21.2,2014-09-01T02:07:00,86,65.0,2014-09-01T11:55:00,1.2,345,6.9,303.0,2014-09-01T16:06:00,0.5,,,,,,,,,,,,,,,,,,,,,,99.0,2014-09-01T18:45:00,,,,,,,,,,,,,,,,,,,,,,,,,,,,,,,,,,,,,,,,,,,,,,,,,,,,,,,,,,,,,,,,,,,,,,,,,,
2014-09-02,932.5,934.0,2014-09-02T00:01:00,930.8,2014-09-02T15:33:00,24.2,30.8,2014-09-02T13:53:00,21.0,2014-09-02T04:43:00,90,62.0,2014-09-02T14:25:00,1.2,4,6.3,309.0,2014-09-02T12:38:00,0.0,,,,,,,,,,,,,,,,,,,,,,99.0,2014-09-02T01:37:00,,,,,,,,,,,,,,,,,,,,,,,,,,,,,,,,,,,,,,,,,,,,,,,,,,,,,,,,,,,,,,,,,,,,,,,,,,
2014-09-03,931.1,932.8,2014-09-03T08:51:00,929.0,2014-09-03T15:35:00,24.4,29.5,2014-09-03T13:51:00,21.7,2014-09-03T01:11:00,87,65.0,2014-09-03T08:51:00,1.1,80,9.2,330.0,2014-09-03T14:29:00,0.0,,,,,,,,,,,,,,,,,,,,,,99.0,2014-09-03T01:02:00,,,,,,,,,,,,,,,,,,,,,,,,,,,,,,,,,,,,,,,,,,,,,,,,,,,,,,,,,,,,,,,,,,,,,,,,,,
2014-09-04,929.4,930.6,2014-09-04T00:01:00,927.5,2014-09-04T14:55:00,24.0,29.7,2014-09-04T13:41:00,21.6,2014-09-04T04:11:00,84,63.0,2014-09-04T09:33:00,1.2,19,7.8,250.0,2014-09-04T14:24:00,0.0,,,,,,,,,,,,,,,,,,,,,,96.0,2014-09-04T15:31:00,,,,,,,,,,,,,,,,,,,,,,,,,,,,,,,,,,,,,,,,,,,,,,,,,,,,,,,,,,,,,,,,,,,,,,,,,,
2014-09-05,928.6,930.0,2014-09-05T09:01:00,926.6,2014-09-05T16:22:00,24.9,30.6,2014-09-05T15:47:00,21.5,2014-09-05T04:31:00,82,60.0,2014-09-05T15:51:00,1.2,328,6.9,329.0,2014-09-05T11:59:00,0.0,,,,,,,,,,,,,,,,,,,,,,99.0,2014-09-05T22:51:00,,,,,,,,,,,,,,,,,,,,,,,,,,,,,,,,,,,,,,,,,,,,,,,,,,,,,,,,,,,,,,,,,,,,,,,,,,
2014-09-06,929.1,931.1,2014-09-06T21:31:00,927.5,2014-09-06T14:13:00,24.6,30.0,2014-09-06T12:11:00,21.6,2014-09-06T05:01:00,86,65.0,2014-09-06T11:51:00,1.1,134,9.0,248.0,2014-09-06T16:03:00,10.5,,,,,,,,,,,,,,,,,,,,,,99.0,2014-09-06T20:21:00,,,,,,,,,,,,,,,,,,,,,,,,,,,,,,,,,,,,,,,,,,,,,,,,,,,,,,,,,,,,,,,,,,,,,,,,,,
2014-09-07,930.8,932.3,2014-09-07T22:43:00,929.6,2014-09-07T03:11:00,23.9,29.0,2014-09-07T10:57:00,22.0,2014-09-07T04:22:00,91,67.0,2014-09-07T10:57:00,0.8,282,7.8,350.0,2014-09-07T14:14:00,25.0,,,,,,,,,,,,,,,,,,,,,,100.0,2014-09-07T14:45:00,,,,,,,,,,,,,,,,,,,,,,,,,,,,,,,,,,,,,,,,,,,,,,,,,,,,,,,,,,,,,,,,,,,,,,,,,,
2014-09-08,930.5,931.6,2014-09-08T00:01:00,929.1,2014-09-08T16:08:00,23.2,28.6,2014-09-08T11:51:00,21.6,2014-09-08T05:33:00,95,71.0,2014-09-08T11:53:00,0.8,4,7.0,339.0,2014-09-08T13:09:00,11.0,,,,,,,,,,,,,,,,,,,,,,100.0,2014-09-08T00:01:00,,,,,,,,,,,,,,,,,,,,,,,,,,,,,,,,,,,,,,,,,,,,,,,,,,,,,,,,,,,,,,,,,,,,,,,,,,
2014-09-09,930.7,931.7,2014-09-09T10:22:00,929.2,2014-09-09T14:58:00,23.4,29.3,2014-09-09T13:23:00,20.5,2014-09-09T18:04:00,87,68.0,2014-09-09T12:54:00,1.3,6,12.4,197.0,2014-09-09T15:06:00,2.0,,,,,,,,,,,,,,,,,,,,,,99.0,2014-09-09T01:07:00,,,,,,,,,,,,,,,,,,,,,,,,,,,,,,,,,,,,,,,,,,,,,,,,,,,,,,,,,,,,,,,,,,,,,,,,,,
2014-09-10,930.8,932.7,2014-09-10T23:49:00,929.5,2014-09-10T15:11:00,23.6,29.1,2014-09-10T13:25:00,21.1,2014-09-10T06:01:00,87,66.0,2014-09-10T12:21:00,1.1,338,6.3,300.0,2014-09-10T15:33:00,0.0,,,,,,,,,,,,,,,,,,,,,,99.0,2014-09-10T16:51:00,,,,,,,,,,,,,,,,,,,,,,,,,,,,,,,,,,,,,,,,,,,,,,,,,,,,,,,,,,,,,,,,,,,,,,,,,,
2014-09-11,930.9,932.7,2014-09-11T00:02:00,929.0,2014-09-11T16:01:00,23.9,29.1,2014-09-11T13:21:00,21.5,2014-09-11T02:15:00,89,66.0,2014-09-11T13:31:00,1.1,347,5.7,1.0,2014-09-11T10:18:00,0.0,,,,,,,,,,,,,,,,,,,,,,100.0,2014-09-11T17:41:00,,,,,,,,,,,,,,,,,,,,,,,,,,,,,,,,,,,,,,,,,,,,,,,,,,,,,,,,,,,,,,,,,,,,,,,,,,
2014-09-12,930.7,932.0,2014-09-12T22:47:00,929.0,2014-09-12T15:04:00,23.8,28.0,2014-09-12T10:55:00,21.5,2014-09-12T04:32:00,89,74.0,2014-09-12T08:22:00,1.0,133,6.3,314.0,2014-09-12T12:04:00,0.0,,,,,,,,,,,,,,,,,,,,,,100.0,2014-09-12T00:01:00,,,,,,,,,,,,,,,,,,,,,,,,,,,,,,,,,,,,,,,,,,,,,,,,,,,,,,,,,,,,,,,,,,,,,,,,,,
2014-09-13,929.4,931.1,2014-09-13T00:01:00,927.7,2014-09-13T15:52:00,24.1,28.5,2014-09-13T12:51:00,21.8,2014-09-13T02:51:00,87,68.0,2014-09-13T08:47:00,1.3,13,5.6,318.0,2014-09-13T12:01:00,0.0,,,,,,,,,,,,,,,,,,,,,,100.0,2014-09-13T17:49:00,,,,,,,,,,,,,,,,,,,,,,,,,,,,,,,,,,,,,,,,,,,,,,,,,,,,,,,,,,,,,,,,,,,,,,,,,,
2014-09-14,926.7,929.0,2014-09-14T00:01:00,924.5,2014-09-14T23:14:00,25.0,29.0,2014-09-14T12:11:00,21.6,2014-09-14T04:41:00,82,55.0,2014-09-14T22:11:00,1.3,78,14.9,131.0,2014-09-14T22:47:00,0.0,,,,,,,,,,,,,,,,,,,,,,100.0,2014-09-14T00:01:00,,,,,,,,,,,,,,,,,,,,,,,,,,,,,,,,,,,,,,,,,,,,,,,,,,,,,,,,,,,,,,,,,,,,,,,,,,
2014-09-15,926.4,929.5,2014-09-15T21:55:00,924.0,2014-09-15T06:16:00,26.8,30.1,2014-09-15T10:01:00,22.3,2014-09-15T04:11:00,62,51.0,2014-09-15T14:44:00,2.7,116,20.2,136.0,2014-09-15T02:39:00,0.5,,,,,,,,,,,,,,,,,,,,,,86.0,2014-09-15T04:11:00,,,,,,,,,,,,,,,,,,,,,,,,,,,,,,,,,,,,,,,,,,,,,,,,,,,,,,,,,,,,,,,,,,,,,,,,,,
2014-09-16,931.8,935.0,2014-09-16T21:51:00,928.2,2014-09-16T00:08:00,25.4,31.5,2014-09-16T14:11:00,22.5,2014-09-16T05:07:00,83,58.0,2014-09-16T01:03:00,1.8,334,11.7,121.0,2014-09-16T00:21:00,0.0,,,,,,,,,,,,,,,,,,,,,,98.0,2014-09-16T23:33:00,,,,,,,,,,,,,,,,,,,,,,,,,,,,,,,,,,,,,,,,,,,,,,,,,,,,,,,,,,,,,,,,,,,,,,,,,,
2014-09-17,934.5,935.5,2014-09-17T08:32:00,933.1,2014-09-17T14:55:00,24.8,30.5,2014-09-17T14:13:00,21.7,2014-09-17T03:32:00,88,65.0,2014-09-17T08:36:00,1.0,323,6.5,343.0,2014-09-17T11:41:00,0.0,,,,,,,,,,,,,,,,,,,,,,100.0,2014-09-17T16:45:00,,,,,,,,,,,,,,,,,,,,,,,,,,,,,,,,,,,,,,,,,,,,,,,,,,,,,,,,,,,,,,,,,,,,,,,,,,
2014-09-18,932.1,935.0,2014-09-18T00:02:00,930.1,2014-09-18T16:48:00,24.8,29.0,2014-09-18T12:31:00,21.7,2014-09-18T05:05:00,91,71.0,2014-09-18T12:02:00,1.2,344,6.4,283.0,2014-09-18T13:25:00,0.0,,,,,,,,,,,,,,,,,,,,,,100.0,2014-09-18T04:53:00,,,,,,,,,,,,,,,,,,,,,,,,,,,,,,,,,,,,,,,,,,,,,,,,,,,,,,,,,,,,,,,,,,,,,,,,,,
2014-09-19,926.8,931.0,2014-09-19T00:01:00,924.3,2014-09-19T23:53:00,23.8,28.3,2014-09-19T14:42:00,21.1,2014-09-19T03:57:00,89,60.0,2014-09-19T12:01:00,1.5,312,9.8,79.0,2014-09-19T21:11:00,0.0,,,,,,,,,,,,,,,,,,,,,,100.0,2014-09-19T01:02:00,,,,,,,,,,,,,,,,,,,,,,,,,,,,,,,,,,,,,,,,,,,,,,,,,,,,,,,,,,,,,,,,,,,,,,,,,,
2014-09-20,922.7,924.8,2014-09-20T09:11:00,920.7,2014-09-20T15:05:00,22.8,27.5,2014-09-20T10:12:00,20.0,2014-09-20T23:57:00,89,67.0,2014-09-20T06:45:00,1.7,6,12.8,56.0,2014-09-20T23:29:00,31.5,,,,,,,,,,,,,,,,,,,,,,100.0,2014-09-20T18:02:00,,,,,,,,,,,,,,,,,,,,,,,,,,,,,,,,,,,,,,,,,,,,,,,,,,,,,,,,,,,,,,,,,,,,,,,,,,
2014-09-21,920.0,927.8,2014-09-21T23:01:00,912.3,2014-09-21T11:31:00,20.9,22.2,2014-09-21T16:18:00,19.6,2014-09-21T00:27:00,99,90.0,2014-09-21T06:57:00,5.1,306,24.2,103.0,2014-09-21T08:24:00,264.5,,,,,,,,,,,,,,,,,,,,,,100.0,2014-09-21T04:00:00,,,,,,,,,,,,,,,,,,,,,,,,,,,,,,,,,,,,,,,,,,,,,,,,,,,,,,,,,,,,,,,,,,,,,,,,,,
2014-09-22,928.4,930.1,2014-09-22T22:51:00,927.2,2014-09-22T13:54:00,22.0,27.0,2014-09-22T12:22:00,19.8,2014-09-22T04:25:00,97,72.0,2014-09-22T10:51:00,1.4,116,10.9,341.0,2014-09-22T00:22:00,6.0,,,,,,,,,,,,,,,,,,,,,,100.0,2014-09-22T00:01:00,,,,,,,,,,,,,,,,,,,,,,,,,,,,,,,,,,,,,,,,,,,,,,,,,,,,,,,,,,,,,,,,,,,,,,,,,,
2014-09-23,931.1,932.8,2014-09-23T22:31:00,929.0,2014-09-23T02:41:00,21.9,25.0,2014-09-23T11:04:00,20.5,2014-09-23T05:21:00,96,86.0,2014-09-23T07:33:00,0.8,313,8.6,181.0,2014-09-23T14:35:00,11.5,,,,,,,,,,,,,,,,,,,,,,100.0,2014-09-23T04:08:00,,,,,,,,,,,,,,,,,,,,,,,,,,,,,,,,,,,,,,,,,,,,,,,,,,,,,,,,,,,,,,,,,,,,,,,,,,
2014-09-24,933.4,935.0,2014-09-24T22:04:00,932.0,2014-09-24T02:17:00,22.5,27.2,2014-09-24T12:12:00,20.5,2014-09-24T01:53:00,90,69.0,2014-09-24T09:12:00,1.0,101,5.7,215.0,2014-09-24T14:17:00,24.5,,,,,,,,,,,,,,,,,,,,,,100.0,2014-09-24T14:22:00,,,,,,,,,,,,,,,,,,,,,,,,,,,,,,,,,,,,,,,,,,,,,,,,,,,,,,,,,,,,,,,,,,,,,,,,,,
2014-09-25,934.0,935.2,2014-09-25T09:05:00,932.1,2014-09-25T15:13:00,23.4,28.2,2014-09-25T13:02:00,20.5,2014-09-25T03:11:00,88,66.0,2014-09-25T09:27:00,1.2,137,6.3,351.0,2014-09-25T14:40:00,0.0,,,,,,,,,,,,,,,,,,,,,,100.0,2014-09-25T16:11:00,,,,,,,,,,,,,,,,,,,,,,,,,,,,,,,,,,,,,,,,,,,,,,,,,,,,,,,,,,,,,,,,,,,,,,,,,,
2014-09-26,933.7,935.0,2014-09-26T10:04:00,932.1,2014-09-26T15:15:00,24.0,29.3,2014-09-26T13:43:00,21.2,2014-09-26T05:22:00,87,65.0,2014-09-26T13:51:00,1.2,107,5.8,335.0,2014-09-26T13:34:00,0.0,,,,,,,,,,,,,,,,,,,,,,100.0,2014-09-26T00:01:00,,,,,,,,,,,,,,,,,,,,,,,,,,,,,,,,,,,,,,,,,,,,,,,,,,,,,,,,,,,,,,,,,,,,,,,,,,
2014-09-27,934.0,935.3,2014-09-27T08:45:00,932.5,2014-09-27T14:13:00,23.5,29.0,2014-09-27T13:46:00,21.0,2014-09-27T02:21:00,90,71.0,2014-09-27T13:46:00,1.1,323,6.7,310.0,2014-09-27T13:33:00,7.5,,,,,,,,,,,,,,,,,,,,,,100.0,2014-09-27T00:44:00,,,,,,,,,,,,,,,,,,,,,,,,,,,,,,,,,,,,,,,,,,,,,,,,,,,,,,,,,,,,,,,,,,,,,,,,,,
2014-09-28,933.0,934.3,2014-09-28T08:53:00,931.5,2014-09-28T14:45:00,23.5,28.1,2014-09-28T15:01:00,21.5,2014-09-28T01:01:00,92,72.0,2014-09-28T14:51:00,1.0,328,6.1,322.0,2014-09-28T13:49:00,0.0,,,,,,,,,,,,,,,,,,,,,,100.0,2014-09-28T05:41:00,,,,,,,,,,,,,,,,,,,,,,,,,,,,,,,,,,,,,,,,,,,,,,,,,,,,,,,,,,,,,,,,,,,,,,,,,,
2014-09-29,932.1,933.5,2014-09-29T08:12:00,930.3,2014-09-29T15:21:00,23.6,27.8,2014-09-29T12:44:00,21.1,2014-09-29T05:51:00,92,74.0,2014-09-29T15:23:00,0.9,10,5.3,323.0,2014-09-29T14:45:00,0.0,,,,,,,,,,,,,,,,,,,,,,100.0,2014-09-29T01:23:00,,,,,,,,,,,,,,,,,,,,,,,,,,,,,,,,,,,,,,,,,,,,,,,,,,,,,,,,,,,,,,,,,,,,,,,,,,
2014-09-30,932.6,934.2,2014-09-30T08:24:00,931.0,2014-09-30T14:41:00,23.5,29.5,2014-09-30T14:46:00,21.0,2014-09-30T03:42:00,91,64.0,2014-09-30T14:46:00,1.1,338,5.5,347.0,2014-09-30T12:43:00,0.0,,,,,,,,,,,,,,,,,,,,,,100.0,2014-09-30T19:55:00,,,,,,,,,,,,,,,,,,,,,,,,,,,,,,,,,,,,,,,,,,,,,,,,,,,,,,,,,,,,,,,,,,,,,,,,,,
2014-10-01,932.2,933.5,2014-10-01T07:51:00,930.5,2014-10-01T14:53:00,23.1,28.5,2014-10-01T12:41:00,20.7,2014-10-01T03:31:00,89,66.0,2014-10-01T12:11:00,1.2,346,6.0,196.0,2014-10-01T16:55:00,0.0,,,,,,,,,,,,,,,,,,,,,,100.0,2014-10-01T03:51:00,,,,,,,,,,,,,,,,,,,,,,,,,,,,,,,,,,,,,,,,,,,,,,,,,,,,,,,,,,,,,,,,,,,,,,,,,,
2014-10-02,930.5,932.5,2014-10-02T00:01:00,928.5,2014-10-02T15:21:00,22.9,28.6,2014-10-02T13:12:00,20.5,2014-10-02T05:05:00,89,67.0,2014-10-02T12:53:00,1.1,1,6.1,336.0,2014-10-02T14:51:00,0.5,,,,,,,,,,,,,,,,,,,,,,100.0,2014-10-02T16:51:00,,,,,,,,,,,,,,,,,,,,,,,,,,,,,,,,,,,,,,,,,,,,,,,,,,,,,,,,,,,,,,,,,,,,,,,,,,
2014-10-03,929.3,930.3,2014-10-03T20:01:00,928.0,2014-10-03T15:14:00,21.7,26.2,2014-10-03T13:11:00,19.7,2014-10-03T15:25:00,95,79.0,2014-10-03T13:08:00,1.0,47,7.7,271.0,2014-10-03T14:01:00,80.5,,,,,,,,,,,,,,,,,,,,,,100.0,2014-10-03T14:35:00,,,,,,,,,,,,,,,,,,,,,,,,,,,,,,,,,,,,,,,,,,,,,,,,,,,,,,,,,,,,,,,,,,,,,,,,,,
2014-10-04,929.8,931.2,2014-10-04T22:31:00,928.5,2014-10-04T13:41:00,20.5,25.0,2014-10-04T12:59:00,18.5,2014-10-04T23:11:00,93,73.0,2014-10-04T11:42:00,1.3,6,6.7,199.0,2014-10-04T21:48:00,1.0,,,,,,,,,,,,,,,,,,,,,,100.0,2014-10-04T03:02:00,,,,,,,,,,,,,,,,,,,,,,,,,,,,,,,,,,,,,,,,,,,,,,,,,,,,,,,,,,,,,,,,,,,,,,,,,,
2014-10-05,931.9,934.0,2014-10-05T21:45:00,930.5,2014-10-05T02:44:00,20.7,25.0,2014-10-05T13:51:00,18.0,2014-10-05T04:55:00,84,66.0,2014-10-05T11:11:00,0.9,1,4.8,329.0,2014-10-05T11:37:00,0.0,,,,,,,,,,,,,,,,,,,,,,97.0,2014-10-05T00:09:00,,,,,,,,,,,,,,,,,,,,,,,,,,,,,,,,,,,,,,,,,,,,,,,,,,,,,,,,,,,,,,,,,,,,,,,,,,
2014-10-06,933.5,935.0,2014-10-06T09:36:00,932.2,2014-10-06T14:24:00,21.0,27.1,2014-10-06T14:24:00,17.2,2014-10-06T06:25:00,79,54.0,2014-10-06T14:52:00,1.3,305,5.5,311.0,2014-10-06T12:46:00,0.0,,,,,,,,,,,,,,,,,,,,,,99.0,2014-10-06T23:41:00,,,,,,,,,,,,,,,,,,,,,,,,,,,,,,,,,,,,,,,,,,,,,,,,,,,,,,,,,,,,,,,,,,,,,,,,,,
2014-10-07,932.8,934.6,2014-10-07T09:13:00,931.2,2014-10-07T14:51:00,20.5,26.6,2014-10-07T14:33:00,17.2,2014-10-07T04:53:00,83,56.0,2014-10-07T13:32:00,1.1,130,5.6,2.0,2014-10-07T12:15:00,0.0,,,,,,,,,,,,,,,,,,,,,,99.0,2014-10-07T00:01:00,,,,,,,,,,,,,,,,,,,,,,,,,,,,,,,,,,,,,,,,,,,,,,,,,,,,,,,,,,,,,,,,,,,,,,,,,,
2014-10-08,931.0,932.3,2014-10-08T20:31:00,929.2,2014-10-08T15:21:00,20.2,25.2,2014-10-08T12:45:00,17.5,2014-10-08T03:23:00,81,62.0,2014-10-08T12:51:00,1.2,338,8.0,344.0,2014-10-08T09:57:00,0.0,,,,,,,,,,,,,,,,,,,,,,94.0,2014-10-08T01:41:00,,,,,,,,,,,,,,,,,,,,,,,,,,,,,,,,,,,,,,,,,,,,,,,,,,,,,,,,,,,,,,,,,,,,,,,,,,
2014-10-09,928.7,930.7,2014-10-09T00:01:00,927.3,2014-10-09T14:21:00,21.3,26.8,2014-10-09T12:51:00,18.0,2014-10-09T03:16:00,82,60.0,2014-10-09T12:58:00,1.1,143,5.4,328.0,2014-10-09T12:58:00,0.0,,,,,,,,,,,,,,,,,,,,,,95.0,2014-10-09T19:56:00,,,,,,,,,,,,,,,,,,,,,,,,,,,,,,,,,,,,,,,,,,,,,,,,,,,,,,,,,,,,,,,,,,,,,,,,,,
2014-10-10,927.3,928.6,2014-10-10T20:42:00,925.5,2014-10-10T14:53:00,22.7,27.6,2014-10-10T13:34:00,19.6,2014-10-10T02:41:00,83,62.0,2014-10-10T09:29:00,1.1,339,6.0,332.0,2014-10-10T12:10:00,0.0,,,,,,,,,,,,,,,,,,,,,,99.0,2014-10-10T22:39:00,,,,,,,,,,,,,,,,,,,,,,,,,,,,,,,,,,,,,,,,,,,,,,,,,,,,,,,,,,,,,,,,,,,,,,,,,,
2014-10-11,928.5,930.1,2014-10-11T20:51:00,926.7,2014-10-11T14:42:00,22.8,27.8,2014-10-11T12:51:00,19.5,2014-10-11T23:31:00,85,63.0,2014-10-11T15:44:00,1.3,342,6.3,330.0,2014-10-11T12:03:00,0.0,,,,,,,,,,,,,,,,,,,,,,97.0,2014-10-11T22:41:00,,,,,,,,,,,,,,,,,,,,,,,,,,,,,,,,,,,,,,,,,,,,,,,,,,,,,,,,,,,,,,,,,,,,,,,,,,
2014-10-12,930.8,933.5,2014-10-12T22:21:00,929.0,2014-10-12T14:41:00,22.1,27.8,2014-10-12T13:55:00,19.0,2014-10-12T05:03:00,78,55.0,2014-10-12T09:53:00,1.5,116,7.0,338.0,2014-10-12T14:15:00,0.0,,,,,,,,,,,,,,,,,,,,,,92.0,2014-10-12T18:51:00,,,,,,,,,,,,,,,,,,,,,,,,,,,,,,,,,,,,,,,,,,,,,,,,,,,,,,,,,,,,,,,,,,,,,,,,,,
2014-10-13,935.1,937.1,2014-10-13T22:33:00,933.1,2014-10-13T00:42:00,20.8,25.1,2014-10-13T12:36:00,18.5,2014-10-13T23:24:00,88,73.0,2014-10-13T12:11:00,1.0,291,6.2,316.0,2014-10-13T17:02:00,1.0,,,,,,,,,,,,,,,,,,,,,,97.0,2014-10-13T20:34:00,,,,,,,,,,,,,,,,,,,,,,,,,,,,,,,,,,,,,,,,,,,,,,,,,,,,,,,,,,,,,,,,,,,,,,,,,,
2014-10-14,936.5,937.8,2014-10-14T21:51:00,934.6,2014-10-14T15:04:00,20.1,25.5,2014-10-14T12:43:00,17.5,2014-10-14T05:22:00,84,62.0,2014-10-14T12:48:00,1.1,324,6.0,334.0,2014-10-14T13:51:00,0.0,,,,,,,,,,,,,,,,,,,,,,99.0,2014-10-14T23:32:00,,,,,,,,,,,,,,,,,,,,,,,,,,,,,,,,,,,,,,,,,,,,,,,,,,,,,,,,,,,,,,,,,,,,,,,,,,
2014-10-15,936.6,938.0,2014-10-15T08:32:00,934.7,2014-10-15T14:36:00,19.4,24.6,2014-10-15T11:16:00,16.7,2014-10-15T04:34:00,81,52.0,2014-10-15T11:34:00,1.2,43,6.5,317.0,2014-10-15T14:58:00,0.0,,,,,,,,,,,,,,,,,,,,,,99.0,2014-10-15T00:01:00,,,,,,,,,,,,,,,,,,,,,,,,,,,,,,,,,,,,,,,,,,,,,,,,,,,,,,,,,,,,,,,,,,,,,,,,,,
2014-10-16,937.3,938.7,2014-10-16T09:21:00,935.7,2014-10-16T15:12:00,19.4,24.5,2014-10-16T14:51:00,16.0,2014-10-16T04:19:00,78,55.0,2014-10-16T14:52:00,1.1,14,5.3,347.0,2014-10-16T11:12:00,0.0,,,,,,,,,,,,,,,,,,,,,,96.0,2014-10-16T00:28:00,,,,,,,,,,,,,,,,,,,,,,,,,,,,,,,,,,,,,,,,,,,,,,,,,,,,,,,,,,,,,,,,,,,,,,,,,,
2014-10-17,936.4,937.7,2014-10-17T00:01:00,934.7,2014-10-17T14:01:00,20.1,26.6,2014-10-17T13:32:00,16.5,2014-10-17T04:03:00,70,40.0,2014-10-17T09:31:00,1.4,317,6.7,323.0,2014-10-17T15:51:00,0.0,,,,,,,,,,,,,,,,,,,,,,88.0,2014-10-17T00:11:00,,,,,,,,,,,,,,,,,,,,,,,,,,,,,,,,,,,,,,,,,,,,,,,,,,,,,,,,,,,,,,,,,,,,,,,,,,
2014-10-18,935.9,937.2,2014-10-18T20:31:00,934.3,2014-10-18T14:04:00,20.4,25.8,2014-10-18T12:13:00,17.5,2014-10-18T01:11:00,77,54.0,2014-10-18T09:23:00,0.9,140,5.8,318.0,2014-10-18T12:50:00,0.0,,,,,,,,,,,,,,,,,,,,,,95.0,2014-10-18T22:01:00,,,,,,,,,,,,,,,,,,,,,,,,,,,,,,,,,,,,,,,,,,,,,,,,,,,,,,,,,,,,,,,,,,,,,,,,,,
2014-10-19,935.8,937.0,2014-10-19T20:16:00,934.5,2014-10-19T03:26:00,20.9,26.1,2014-10-19T12:11:00,17.6,2014-10-19T02:41:00,78,55.0,2014-10-19T11:55:00,1.1,92,7.0,325.0,2014-10-19T12:17:00,0.0,,,,,,,,,,,,,,,,,,,,,,96.0,2014-10-19T21:04:00,,,,,,,,,,,,,,,,,,,,,,,,,,,,,,,,,,,,,,,,,,,,,,,,,,,,,,,,,,,,,,,,,,,,,,,,,,
2014-10-20,935.2,936.5,2014-10-20T23:12:00,933.2,2014-10-20T14:51:00,22.9,30.0,2014-10-20T14:11:00,19.5,2014-10-20T00:01:00,75,46.0,2014-10-20T14:41:00,1.1,134,5.4,353.0,2014-10-20T14:56:00,0.0,,,,,,,,,,,,,,,,,,,,,,91.0,2014-10-20T19:02:00,,,,,,,,,,,,,,,,,,,,,,,,,,,,,,,,,,,,,,,,,,,,,,,,,,,,,,,,,,,,,,,,,,,,,,,,,,
2014-10-21,935.7,937.3,2014-10-21T08:32:00,934.5,2014-10-21T15:41:00,23.1,28.0,2014-10-21T14:31:00,20.5,2014-10-21T02:41:00,75,61.0,2014-10-21T14:32:00,1.0,14,5.5,321.0,2014-10-21T16:27:00,0.0,,,,,,,,,,,,,,,,,,,,,,87.0,2014-10-21T00:01:00,,,,,,,,,,,,,,,,,,,,,,,,,,,,,,,,,,,,,,,,,,,,,,,,,,,,,,,,,,,,,,,,,,,,,,,,,,
2014-10-22,935.2,936.8,2014-10-22T08:22:00,933.7,2014-10-22T15:13:00,22.7,27.7,2014-10-22T13:43:00,20.5,2014-10-22T05:37:00,80,62.0,2014-10-22T13:47:00,1.1,324,5.3,317.0,2014-10-22T11:05:00,0.0,,,,,,,,,,,,,,,,,,,,,,95.0,2014-10-22T21:21:00,,,,,,,,,,,,,,,,,,,,,,,,,,,,,,,,,,,,,,,,,,,,,,,,,,,,,,,,,,,,,,,,,,,,,,,,,,
2014-10-23,935.2,936.5,2014-10-23T08:52:00,933.8,2014-10-23T15:11:00,21.0,24.6,2014-10-23T10:42:00,19.1,2014-10-23T21:34:00,94,79.0,2014-10-23T10:46:00,1.0,1,6.9,178.0,2014-10-23T13:12:00,9.5,,,,,,,,,,,,,,,,,,,,,,100.0,2014-10-23T17:01:00,,,,,,,,,,,,,,,,,,,,,,,,,,,,,,,,,,,,,,,,,,,,,,,,,,,,,,,,,,,,,,,,,,,,,,,,,,
2014-10-24,935.8,937.2,2014-10-24T22:31:00,934.5,2014-10-24T14:53:00,21.0,24.6,2014-10-24T15:03:00,18.6,2014-10-24T05:01:00,90,71.0,2014-10-24T15:01:00,1.0,332,4.9,337.0,2014-10-24T11:12:00,0.0,,,,,,,,,,,,,,,,,,,,,,100.0,2014-10-24T00:01:00,,,,,,,,,,,,,,,,,,,,,,,,,,,,,,,,,,,,,,,,,,,,,,,,,,,,,,,,,,,,,,,,,,,,,,,,,,
2014-10-25,936.7,938.2,2014-10-25T22:31:00,935.1,2014-10-25T03:56:00,21.1,24.7,2014-10-25T14:51:00,18.7,2014-10-25T05:35:00,88,71.0,2014-10-25T08:44:00,0.8,38,5.8,345.0,2014-10-25T12:58:00,0.0,,,,,,,,,,,,,,,,,,,,,,99.0,2014-10-25T20:01:00,,,,,,,,,,,,,,,,,,,,,,,,,,,,,,,,,,,,,,,,,,,,,,,,,,,,,,,,,,,,,,,,,,,,,,,,,,
2014-10-26,936.9,938.1,2014-10-26T09:04:00,935.6,2014-10-26T14:31:00,22.1,27.7,2014-10-26T14:37:00,18.7,2014-10-26T01:22:00,82,57.0,2014-10-26T14:38:00,0.9,8,4.8,326.0,2014-10-26T13:17:00,0.0,,,,,,,,,,,,,,,,,,,,,,99.0,2014-10-26T00:11:00,,,,,,,,,,,,,,,,,,,,,,,,,,,,,,,,,,,,,,,,,,,,,,,,,,,,,,,,,,,,,,,,,,,,,,,,,,
2014-10-27,936.2,937.2,2014-10-27T22:04:00,934.6,2014-10-27T15:01:00,21.9,27.1,2014-10-27T14:05:00,19.2,2014-10-27T23:01:00,86,64.0,2014-10-27T08:52:00,1.2,314,6.7,333.0,2014-10-27T12:39:00,0.0,,,,,,,,,,,,,,,,,,,,,,100.0,2014-10-27T22:53:00,,,,,,,,,,,,,,,,,,,,,,,,,,,,,,,,,,,,,,,,,,,,,,,,,,,,,,,,,,,,,,,,,,,,,,,,,,
2014-10-28,936.6,937.8,2014-10-28T20:05:00,934.8,2014-10-28T13:35:00,20.9,25.8,2014-10-28T11:32:00,18.6,2014-10-28T22:50:00,90,71.0,2014-10-28T13:31:00,1.1,16,6.9,338.0,2014-10-28T12:45:00,0.0,,,,,,,,,,,,,,,,,,,,,,100.0,2014-10-28T00:41:00,,,,,,,,,,,,,,,,,,,,,,,,,,,,,,,,,,,,,,,,,,,,,,,,,,,,,,,,,,,,,,,,,,,,,,,,,,
2014-10-29,937.0,938.5,2014-10-29T09:03:00,936.0,2014-10-29T03:03:00,20.8,25.5,2014-10-29T11:26:00,18.5,2014-10-29T06:11:00,88,70.0,2014-10-29T11:47:00,1.0,128,5.8,322.0,2014-10-29T12:00:00,0.0,,,,,,,,,,,,,,,,,,,,,,100.0,2014-10-29T22:11:00,,,,,,,,,,,,,,,,,,,,,,,,,,,,,,,,,,,,,,,,,,,,,,,,,,,,,,,,,,,,,,,,,,,,,,,,,,
2014-10-30,936.0,937.3,2014-10-30T08:52:00,934.5,2014-10-30T15:01:00,21.1,27.0,2014-10-30T13:01:00,18.0,2014-10-30T05:17:00,85,61.0,2014-10-30T13:01:00,1.0,343,5.3,360.0,2014-10-30T12:07:00,0.0,,,,,,,,,,,,,,,,,,,,,,100.0,2014-10-30T00:01:00,,,,,,,,,,,,,,,,,,,,,,,,,,,,,,,,,,,,,,,,,,,,,,,,,,,,,,,,,,,,,,,,,,,,,,,,,,
2014-10-31,934.3,936.0,2014-10-31T08:35:00,932.5,2014-10-31T14:03:00,20.6,25.1,2014-10-31T12:01:00,18.0,2014-10-31T01:58:00,84,62.0,2014-10-31T12:01:00,1.0,5,5.5,339.0,2014-10-31T12:22:00,0.0,,,,,,,,,,,,,,,,,,,,,,100.0,2014-10-31T00:21:00,,,,,,,,,,,,,,,,,,,,,,,,,,,,,,,,,,,,,,,,,,,,,,,,,,,,,,,,,,,,,,,,,,,,,,,,,,
2014-11-01,933.2,934.5,2014-11-01T09:02:00,931.1,2014-11-01T14:22:00,21.0,26.3,2014-11-01T14:16:00,18.0,2014-11-01T05:01:00,83,64.0,2014-11-01T09:02:00,1.0,85,6.3,339.0,2014-11-01T11:40:00,0.0,,,,,,,,,,,,,,,,,,,,,,94.0,2014-11-01T22:01:00,,,,,,,,,,,,,,,,,,,,,,,,,,,,,,,,,,,,,,,,,,,,,,,,,,,,,,,,,,,,,,,,,,,,,,,,,,
2014-11-02,933.6,935.0,2014-11-02T09:22:00,931.8,2014-11-02T14:07:00,22.0,28.2,2014-11-02T14:02:00,18.7,2014-11-02T05:22:00,80,51.0,2014-11-02T08:58:00,1.2,308,7.1,350.0,2014-11-02T11:41:00,0.0,,,,,,,,,,,,,,,,,,,,,,98.0,2014-11-02T19:41:00,,,,,,,,,,,,,,,,,,,,,,,,,,,,,,,,,,,,,,,,,,,,,,,,,,,,,,,,,,,,,,,,,,,,,,,,,,
2014-11-03,934.3,936.0,2014-11-03T22:02:00,932.8,2014-11-03T14:02:00,19.5,22.6,2014-11-03T12:11:00,17.2,2014-11-03T22:54:00,97,84.0,2014-11-03T12:46:00,1.3,334,7.1,277.0,2014-11-03T13:29:00,3.5,,,,,,,,,,,,,,,,,,,,,,100.0,2014-11-03T03:50:00,,,,,,,,,,,,,,,,,,,,,,,,,,,,,,,,,,,,,,,,,,,,,,,,,,,,,,,,,,,,,,,,,,,,,,,,,,
2014-11-04,935.8,937.2,2014-11-04T08:34:00,934.2,2014-11-04T14:43:00,18.6,23.8,2014-11-04T12:34:00,16.5,2014-11-04T23:32:00,89,66.0,2014-11-04T12:34:00,1.0,137,8.8,180.0,2014-11-04T14:35:00,0.0,,,,,,,,,,,,,,,,,,,,,,99.0,2014-11-04T05:43:00,,,,,,,,,,,,,,,,,,,,,,,,,,,,,,,,,,,,,,,,,,,,,,,,,,,,,,,,,,,,,,,,,,,,,,,,,,
2014-11-05,936.7,938.5,2014-11-05T08:54:00,934.8,2014-11-05T15:02:00,18.9,24.8,2014-11-05T13:53:00,16.0,2014-11-05T05:36:00,83,59.0,2014-11-05T13:53:00,1.3,83,6.0,352.0,2014-11-05T13:03:00,0.0,,,,,,,,,,,,,,,,,,,,,,96.0,2014-11-05T00:31:00,,,,,,,,,,,,,,,,,,,,,,,,,,,,,,,,,,,,,,,,,,,,,,,,,,,,,,,,,,,,,,,,,,,,,,,,,,
2014-11-06,936.6,937.8,2014-11-06T21:43:00,935.0,2014-11-06T04:38:00,18.6,23.0,2014-11-06T08:41:00,16.0,2014-11-06T06:26:00,85,63.0,2014-11-06T08:41:00,0.8,26,6.1,342.0,2014-11-06T10:05:00,0.0,,,,,,,,,,,,,,,,,,,,,,96.0,2014-11-06T20:11:00,,,,,,,,,,,,,,,,,,,,,,,,,,,,,,,,,,,,,,,,,,,,,,,,,,,,,,,,,,,,,,,,,,,,,,,,,,
2014-11-07,937.0,938.3,2014-11-07T08:31:00,935.5,2014-11-07T14:07:00,19.1,24.0,2014-11-07T10:51:00,17.0,2014-11-07T04:41:00,86,65.0,2014-11-07T12:15:00,1.0,126,6.0,329.0,2014-11-07T12:20:00,0.0,,,,,,,,,,,,,,,,,,,,,,99.0,2014-11-07T17:42:00,,,,,,,,,,,,,,,,,,,,,,,,,,,,,,,,,,,,,,,,,,,,,,,,,,,,,,,,,,,,,,,,,,,,,,,,,,
2014-11-08,937.0,938.5,2014-11-08T09:48:00,935.6,2014-11-08T13:54:00,19.3,25.7,2014-11-08T12:51:00,16.7,2014-11-08T04:45:00,85,55.0,2014-11-08T12:15:00,1.5,311,6.3,355.0,2014-11-08T13:59:00,0.0,,,,,,,,,,,,,,,,,,,,,,99.0,2014-11-09T00:00:00,,,,,,,,,,,,,,,,,,,,,,,,,,,,,,,,,,,,,,,,,,,,,,,,,,,,,,,,,,,,,,,,,,,,,,,,,,
2014-11-09,936.9,939.5,2014-11-09T08:51:00,935.3,2014-11-09T15:31:00,19.7,23.3,2014-11-09T11:14:00,17.1,2014-11-09T01:51:00,86,70.0,2014-11-09T14:03:00,0.7,131,3.6,304.0,2014-11-09T19:43:00,0.0,,,,,,,,,,,,,,,,,,,,,,100.0,2014-11-09T00:02:00,,,,,,,,,,,,,,,,,,,,,,,,,,,,,,,,,,,,,,,,,,,,,,,,,,,,,,,,,,,,,,,,,,,,,,,,,,
2014-11-10,936.1,937.8,2014-11-10T09:38:00,934.6,2014-11-10T14:12:00,19.7,24.0,2014-11-10T12:53:00,17.5,2014-11-10T05:03:00,88,69.0,2014-11-10T15:21:00,1.1,319,6.1,309.0,2014-11-10T12:18:00,0.5,,,,,,,,,,,,,,,,,,,,,,97.0,2014-11-10T17:41:00,,,,,,,,,,,,,,,,,,,,,,,,,,,,,,,,,,,,,,,,,,,,,,,,,,,,,,,,,,,,,,,,,,,,,,,,,,
2014-11-11,935.5,936.7,2014-11-11T07:53:00,933.7,2014-11-11T13:31:00,19.6,25.3,2014-11-11T13:26:00,17.3,2014-11-11T04:16:00,88,60.0,2014-11-11T13:38:00,1.2,353,7.3,331.0,2014-11-11T12:40:00,0.0,,,,,,,,,,,,,,,,,,,,,,100.0,2014-11-11T18:42:00,,,,,,,,,,,,,,,,,,,,,,,,,,,,,,,,,,,,,,,,,,,,,,,,,,,,,,,,,,,,,,,,,,,,,,,,,,
2014-11-12,936.1,937.0,2014-11-12T20:51:00,935.0,2014-11-12T15:15:00,19.2,23.0,2014-11-12T10:56:00,17.1,2014-11-12T01:13:00,91,66.0,2014-11-12T09:08:00,0.9,336,6.5,342.0,2014-11-12T11:58:00,1.0,,,,,,,,,,,,,,,,,,,,,,100.0,2014-11-12T18:32:00,,,,,,,,,,,,,,,,,,,,,,,,,,,,,,,,,,,,,,,,,,,,,,,,,,,,,,,,,,,,,,,,,,,,,,,,,,
2014-11-13,937.2,938.3,2014-11-13T20:31:00,936.0,2014-11-13T13:51:00,18.9,22.5,2014-11-13T11:42:00,17.2,2014-11-13T22:53:00,96,78.0,2014-11-13T11:42:00,0.8,1,4.4,352.0,2014-11-13T10:50:00,11.0,,,,,,,,,,,,,,,,,,,,,,100.0,2014-11-13T03:03:00,,,,,,,,,,,,,,,,,,,,,,,,,,,,,,,,,,,,,,,,,,,,,,,,,,,,,,,,,,,,,,,,,,,,,,,,,,
2014-11-14,937.5,939.1,2014-11-14T09:11:00,936.5,2014-11-14T03:24:00,18.5,21.5,2014-11-14T13:03:00,16.5,2014-11-14T05:18:00,92,77.0,2014-11-14T22:07:00,1.0,326,4.9,333.0,2014-11-14T15:00:00,0.0,,,,,,,,,,,,,,,,,,,,,,100.0,2014-11-14T00:01:00,,,,,,,,,,,,,,,,,,,,,,,,,,,,,,,,,,,,,,,,,,,,,,,,,,,,,,,,,,,,,,,,,,,,,,,,,,
2014-11-15,937.9,939.2,2014-11-15T08:24:00,936.3,2014-11-15T14:21:00,18.8,23.7,2014-11-15T13:41:00,17.0,2014-11-15T03:48:00,88,69.0,2014-11-15T13:43:00,1.3,294,6.2,341.0,2014-11-15T12:21:00,0.0,,,,,,,,,,,,,,,,,,,,,,100.0,2014-11-15T00:01:00,,,,,,,,,,,,,,,,,,,,,,,,,,,,,,,,,,,,,,,,,,,,,,,,,,,,,,,,,,,,,,,,,,,,,,,,,,
2014-11-16,935.7,937.6,2014-11-16T08:31:00,934.0,2014-11-16T13:51:00,19.2,23.3,2014-11-16T13:21:00,17.0,2014-11-16T00:19:00,83,63.0,2014-11-16T09:57:00,1.0,132,4.1,349.0,2014-11-16T14:34:00,0.0,,,,,,,,,,,,,,,,,,,,,,100.0,2014-11-16T22:07:00,,,,,,,,,,,,,,,,,,,,,,,,,,,,,,,,,,,,,,,,,,,,,,,,,,,,,,,,,,,,,,,,,,,,,,,,,,
2014-11-17,934.9,936.7,2014-11-17T21:51:00,933.5,2014-11-17T14:41:00,19.3,23.0,2014-11-17T14:21:00,17.5,2014-11-17T02:01:00,96,83.0,2014-11-17T14:21:00,1.2,334,4.6,349.0,2014-11-17T12:54:00,0.5,,,,,,,,,,,,,,,,,,,,,,100.0,2014-11-17T00:01:00,,,,,,,,,,,,,,,,,,,,,,,,,,,,,,,,,,,,,,,,,,,,,,,,,,,,,,,,,,,,,,,,,,,,,,,,,,
2014-11-18,937.3,939.0,2014-11-18T20:11:00,935.5,2014-11-18T01:01:00,18.3,22.5,2014-11-18T08:51:00,16.2,2014-11-18T22:56:00,96,75.0,2014-11-18T08:51:00,1.1,331,5.0,336.0,2014-11-18T01:38:00,0.0,,,,,,,,,,,,,,,,,,,,,,100.0,2014-11-18T00:01:00,,,,,,,,,,,,,,,,,,,,,,,,,,,,,,,,,,,,,,,,,,,,,,,,,,,,,,,,,,,,,,,,,,,,,,,,,,
2014-11-19,937.9,939.6,2014-11-19T08:43:00,936.1,2014-11-19T14:12:00,17.6,22.0,2014-11-19T11:21:00,15.2,2014-11-19T05:45:00,89,70.0,2014-11-19T10:54:00,1.0,3,6.5,331.0,2014-11-19T12:31:00,0.0,,,,,,,,,,,,,,,,,,,,,,100.0,2014-11-19T00:01:00,,,,,,,,,,,,,,,,,,,,,,,,,,,,,,,,,,,,,,,,,,,,,,,,,,,,,,,,,,,,,,,,,,,,,,,,,,
2014-11-20,936.7,938.0,2014-11-20T08:54:00,935.3,2014-11-20T15:01:00,17.9,22.3,2014-11-20T13:52:00,15.2,2014-11-20T02:23:00,81,64.0,2014-11-20T15:12:00,1.0,344,5.3,335.0,2014-11-20T13:15:00,0.0,,,,,,,,,,,,,,,,,,,,,,94.0,2014-11-20T20:28:00,,,,,,,,,,,,,,,,,,,,,,,,,,,,,,,,,,,,,,,,,,,,,,,,,,,,,,,,,,,,,,,,,,,,,,,,,,
2014-11-21,935.9,937.8,2014-11-21T09:13:00,934.2,2014-11-21T14:32:00,19.7,26.0,2014-11-21T14:01:00,16.0,2014-11-21T06:16:00,74,51.0,2014-11-21T13:41:00,0.8,22,5.6,331.0,2014-11-21T13:24:00,0.0,,,,,,,,,,,,,,,,,,,,,,91.0,2014-11-21T04:21:00,,,,,,,,,,,,,,,,,,,,,,,,,,,,,,,,,,,,,,,,,,,,,,,,,,,,,,,,,,,,,,,,,,,,,,,,,,
2014-11-22,935.3,936.7,2014-11-22T08:55:00,933.5,2014-11-22T14:31:00,20.0,24.8,2014-11-22T13:43:00,17.2,2014-11-22T23:57:00,79,57.0,2014-11-22T08:41:00,1.0,309,5.3,330.0,2014-11-22T12:08:00,0.0,,,,,,,,,,,,,,,,,,,,,,100.0,2014-11-22T20:27:00,,,,,,,,,,,,,,,,,,,,,,,,,,,,,,,,,,,,,,,,,,,,,,,,,,,,,,,,,,,,,,,,,,,,,,,,,,
2014-11-23,936.2,937.7,2014-11-23T08:51:00,934.7,2014-11-23T15:34:00,19.3,24.5,2014-11-23T14:01:00,16.3,2014-11-23T06:32:00,89,59.0,2014-11-23T14:01:00,0.9,357,5.1,340.0,2014-11-23T10:58:00,0.0,,,,,,,,,,,,,,,,,,,,,,100.0,2014-11-23T00:01:00,,,,,,,,,,,,,,,,,,,,,,,,,,,,,,,,,,,,,,,,,,,,,,,,,,,,,,,,,,,,,,,,,,,,,,,,,,
2014-11-24,935.3,937.0,2014-11-24T09:11:00,933.6,2014-11-24T14:56:00,19.7,26.5,2014-11-24T14:33:00,16.7,2014-11-24T01:41:00,79,49.0,2014-11-24T14:33:00,1.1,346,5.5,349.0,2014-11-24T16:24:00,0.0,,,,,,,,,,,,,,,,,,,,,,100.0,2014-11-24T01:03:00,,,,,,,,,,,,,,,,,,,,,,,,,,,,,,,,,,,,,,,,,,,,,,,,,,,,,,,,,,,,,,,,,,,,,,,,,,
2014-11-25,933.4,935.1,2014-11-25T08:41:00,931.6,2014-11-25T14:41:00,20.8,27.0,2014-11-25T14:12:00,18.0,2014-11-25T01:33:00,71,47.0,2014-11-25T14:03:00,1.1,108,6.5,343.0,2014-11-25T12:47:00,0.0,,,,,,,,,,,,,,,,,,,,,,92.0,2014-11-25T19:42:00,,,,,,,,,,,,,,,,,,,,,,,,,,,,,,,,,,,,,,,,,,,,,,,,,,,,,,,,,,,,,,,,,,,,,,,,,,
2014-11-26,933.4,934.7,2014-11-26T09:11:00,932.1,2014-11-26T02:21:00,21.3,27.0,2014-11-26T13:22:00,18.5,2014-11-26T23:53:00,78,58.0,2014-11-26T13:22:00,0.8,124,5.1,347.0,2014-11-26T11:38:00,0.0,,,,,,,,,,,,,,,,,,,,,,97.0,2014-11-26T23:11:00,,,,,,,,,,,,,,,,,,,,,,,,,,,,,,,,,,,,,,,,,,,,,,,,,,,,,,,,,,,,,,,,,,,,,,,,,,
2014-11-27,934.9,936.1,2014-11-27T22:31:00,933.5,2014-11-27T16:01:00,20.8,23.5,2014-11-27T00:08:00,19.1,2014-11-27T22:43:00,85,75.0,2014-11-27T15:51:00,1.0,11,3.2,317.0,2014-11-27T16:29:00,0.0,,,,,,,,,,,,,,,,,,,,,,94.0,2014-11-27T21:16:00,,,,,,,,,,,,,,,,,,,,,,,,,,,,,,,,,,,,,,,,,,,,,,,,,,,,,,,,,,,,,,,,,,,,,,,,,,
2014-11-28,935.2,937.2,2014-11-28T09:03:00,933.5,2014-11-28T15:06:00,21.5,26.1,2014-11-28T11:31:00,18.8,2014-11-28T01:51:00,84,65.0,2014-11-28T12:24:00,0.9,347,5.3,355.0,2014-11-28T12:45:00,0.0,,,,,,,,,,,,,,,,,,,,,,100.0,2014-11-28T20:41:00,,,,,,,,,,,,,,,,,,,,,,,,,,,,,,,,,,,,,,,,,,,,,,,,,,,,,,,,,,,,,,,,,,,,,,,,,,
2014-11-29,934.5,936.2,2014-11-29T08:42:00,932.7,2014-11-29T14:59:00,21.0,24.5,2014-11-29T14:36:00,19.1,2014-11-29T06:02:00,94,78.0,2014-11-29T13:39:00,1.1,337,5.7,355.0,2014-11-29T12:14:00,0.0,,,,,,,,,,,,,,,,,,,,,,100.0,2014-11-29T00:01:00,,,,,,,,,,,,,,,,,,,,,,,,,,,,,,,,,,,,,,,,,,,,,,,,,,,,,,,,,,,,,,,,,,,,,,,,,,
2014-11-30,933.7,935.1,2014-11-30T08:54:00,932.0,2014-11-30T14:11:00,21.0,25.8,2014-11-30T13:32:00,18.3,2014-11-30T03:05:00,87,59.0,2014-11-30T09:31:00,1.2,313,6.3,311.0,2014-11-30T14:32:00,0.0,,,,,,,,,,,,,,,,,,,,,,100.0,2014-11-30T00:01:00,,,,,,,,,,,,,,,,,,,,,,,,,,,,,,,,,,,,,,,,,,,,,,,,,,,,,,,,,,,,,,,,,,,,,,,,,,
2014-12-01,933.8,935.5,2014-12-01T20:51:00,932.1,2014-12-01T13:21:00,19.9,24.8,2014-12-01T12:22:00,17.0,2014-12-01T22:58:00,87,65.0,2014-12-01T10:14:00,1.2,341,6.7,231.0,2014-12-01T15:02:00,2.5,,,,,,,,,,,,,,,,,,,,,,100.0,2014-12-01T16:42:00,,,,,,,,,,,,,,,,,,,,,,,,,,,,,,,,,,,,,,,,,,,,,,,,,,,,,,,,,,,,,,,,,,,,,,,,,,
2014-12-02,936.7,939.1,2014-12-02T09:04:00,935.0,2014-12-02T00:01:00,15.8,18.0,2014-12-02T10:33:00,14.5,2014-12-02T07:02:00,100,83.0,2014-12-02T09:15:00,1.2,126,6.5,328.0,2014-12-02T14:15:00,2.5,,,,,,,,,,,,,,,,,,,,,,100.0,2014-12-02T00:01:00,,,,,,,,,,,,,,,,,,,,,,,,,,,,,,,,,,,,,,,,,,,,,,,,,,,,,,,,,,,,,,,,,,,,,,,,,,
2014-12-03,936.5,938.6,2014-12-03T08:53:00,934.5,2014-12-03T15:03:00,16.7,20.5,2014-12-03T10:26:00,14.3,2014-12-03T01:51:00,96,78.0,2014-12-03T13:27:00,1.1,326,5.5,327.0,2014-12-03T06:00:00,0.0,,,,,,,,,,,,,,,,,,,,,,100.0,2014-12-03T00:01:00,,,,,,,,,,,,,,,,,,,,,,,,,,,,,,,,,,,,,,,,,,,,,,,,,,,,,,,,,,,,,,,,,,,,,,,,,,
2014-12-04,936.4,938.2,2014-12-04T22:11:00,934.8,2014-12-04T15:02:00,16.5,19.1,2014-12-04T15:32:00,14.5,2014-12-04T19:45:00,98,84.0,2014-12-04T04:05:00,1.4,324,6.7,316.0,2014-12-04T12:52:00,8.5,,,,,,,,,,,,,,,,,,,,,,100.0,2014-12-04T00:01:00,,,,,,,,,,,,,,,,,,,,,,,,,,,,,,,,,,,,,,,,,,,,,,,,,,,,,,,,,,,,,,,,,,,,,,,,,,
2014-12-05,938.1,939.6,2014-12-05T09:40:00,936.7,2014-12-05T13:31:00,14.0,15.3,2014-12-05T10:41:00,13.0,2014-12-05T23:11:00,100,100.0,2014-12-05T00:01:00,0.8,325,5.0,321.0,2014-12-05T03:09:00,8.0,,,,,,,,,,,,,,,,,,,,,,100.0,2014-12-05T00:01:00,,,,,,,,,,,,,,,,,,,,,,,,,,,,,,,,,,,,,,,,,,,,,,,,,,,,,,,,,,,,,,,,,,,,,,,,,,
2014-12-06,937.5,939.0,2014-12-06T09:22:00,935.6,2014-12-06T13:25:00,15.0,20.0,2014-12-06T13:21:00,12.5,2014-12-06T01:52:00,83,52.0,2014-12-06T23:51:00,1.1,137,7.1,44.0,2014-12-06T22:32:00,0.0,,,,,,,,,,,,,,,,,,,,,,100.0,2014-12-06T00:01:00,,,,,,,,,,,,,,,,,,,,,,,,,,,,,,,,,,,,,,,,,,,,,,,,,,,,,,,,,,,,,,,,,,,,,,,,,,
2014-12-07,937.2,939.0,2014-12-07T08:46:00,935.3,2014-12-07T15:21:00,15.4,20.5,2014-12-07T13:48:00,12.5,2014-12-07T02:46:00,73,53.0,2014-12-07T00:15:00,1.2,332,5.5,335.0,2014-12-07T16:13:00,0.0,,,,,,,,,,,,,,,,,,,,,,90.0,2014-12-07T19:04:00,,,,,,,,,,,,,,,,,,,,,,,,,,,,,,,,,,,,,,,,,,,,,,,,,,,,,,,,,,,,,,,,,,,,,,,,,,
2014-12-08,936.5,938.0,2014-12-08T10:14:00,935.1,2014-12-08T15:18:00,16.6,22.0,2014-12-08T14:06:00,13.1,2014-12-08T02:32:00,70,50.0,2014-12-08T13:49:00,1.2,114,4.5,346.0,2014-12-08T14:33:00,0.0,,,,,,,,,,,,,,,,,,,,,,85.0,2014-12-08T22:24:00,,,,,,,,,,,,,,,,,,,,,,,,,,,,,,,,,,,,,,,,,,,,,,,,,,,,,,,,,,,,,,,,,,,,,,,,,,
2014-12-09,937.6,939.1,2014-12-09T09:33:00,936.3,2014-12-09T03:29:00,16.6,19.6,2014-12-09T13:04:00,15.0,2014-12-09T19:41:00,80,67.0,2014-12-09T13:11:00,1.5,332,6.6,331.0,2014-12-09T07:36:00,0.0,,,,,,,,,,,,,,,,,,,,,,94.0,2014-12-09T19:53:00,,,,,,,,,,,,,,,,,,,,,,,,,,,,,,,,,,,,,,,,,,,,,,,,,,,,,,,,,,,,,,,,,,,,,,,,,,
2014-12-10,937.0,939.3,2014-12-10T01:21:00,935.3,2014-12-10T14:31:00,18.4,22.1,2014-12-10T10:01:00,15.7,2014-12-10T00:04:00,84,66.0,2014-12-10T10:01:00,1.0,5,5.0,332.0,2014-12-10T13:06:00,0.0,,,,,,,,,,,,,,,,,,,,,,94.0,2014-12-10T03:33:00,,,,,,,,,,,,,,,,,,,,,,,,,,,,,,,,,,,,,,,,,,,,,,,,,,,,,,,,,,,,,,,,,,,,,,,,,,
2014-12-11,936.2,937.5,2014-12-11T21:11:00,935.0,2014-12-11T13:51:00,19.2,22.5,2014-12-11T10:31:00,17.3,2014-12-11T23:21:00,87,67.0,2014-12-11T10:33:00,0.9,327,4.4,345.0,2014-12-11T13:12:00,0.0,,,,,,,,,,,,,,,,,,,,,,100.0,2014-12-11T17:41:00,,,,,,,,,,,,,,,,,,,,,,,,,,,,,,,,,,,,,,,,,,,,,,,,,,,,,,,,,,,,,,,,,,,,,,,,,,
2014-12-12,938.7,940.6,2014-12-12T21:21:00,936.7,2014-12-12T02:27:00,15.6,17.5,2014-12-12T09:38:00,14.1,2014-12-12T20:15:00,100,100.0,2014-12-12T00:01:00,0.9,337,5.2,183.0,2014-12-12T12:00:00,1.5,,,,,,,,,,,,,,,,,,,,,,100.0,2014-12-12T00:01:00,,,,,,,,,,,,,,,,,,,,,,,,,,,,,,,,,,,,,,,,,,,,,,,,,,,,,,,,,,,,,,,,,,,,,,,,,,
2014-12-13,940.4,941.7,2014-12-13T09:21:00,939.0,2014-12-13T14:11:00,13.6,14.8,2014-12-13T11:43:00,13.0,2014-12-13T03:21:00,100,100.0,2014-12-13T00:01:00,0.7,325,3.9,348.0,2014-12-13T12:48:00,0.5,,,,,,,,,,,,,,,,,,,,,,100.0,2014-12-13T00:01:00,,,,,,,,,,,,,,,,,,,,,,,,,,,,,,,,,,,,,,,,,,,,,,,,,,,,,,,,,,,,,,,,,,,,,,,,,,
2014-12-14,940.1,941.7,2014-12-14T09:32:00,938.3,2014-12-14T14:31:00,14.6,18.0,2014-12-14T13:21:00,12.3,2014-12-14T04:13:00,95,77.0,2014-12-14T14:22:00,0.9,1,5.8,340.0,2014-12-14T09:32:00,0.0,,,,,,,,,,,,,,,,,,,,,,100.0,2014-12-14T00:01:00,,,,,,,,,,,,,,,,,,,,,,,,,,,,,,,,,,,,,,,,,,,,,,,,,,,,,,,,,,,,,,,,,,,,,,,,,,
2014-12-15,938.6,949.3,2014-12-15T21:41:00,936.5,2014-12-15T14:14:00,17.1,24.0,2014-12-15T12:41:00,13.3,2014-12-15T00:51:00,80,53.0,2014-12-15T12:49:00,0.9,25,4.5,30.0,2014-12-15T15:15:00,0.0,,,,,,,,,,,,,,,,,,,,,,100.0,2014-12-15T00:02:00,,,,,,,,,,,,,,,,,,,,,,,,,,,,,,,,,,,,,,,,,,,,,,,,,,,,,,,,,,,,,,,,,,,,,,,,,,
2014-12-16,939.0,941.0,2014-12-16T22:02:00,936.7,2014-12-16T15:04:00,16.5,20.7,2014-12-16T14:17:00,12.1,2014-12-16T22:03:00,77,59.0,2014-12-16T09:33:00,1.1,317,6.0,352.0,2014-12-16T13:13:00,0.0,,,,,,,,,,,,,,,,,,,,,,94.0,2014-12-16T21:32:00,,,,,,,,,,,,,,,,,,,,,,,,,,,,,,,,,,,,,,,,,,,,,,,,,,,,,,,,,,,,,,,,,,,,,,,,,,
2014-12-17,941.0,942.3,2014-12-17T08:41:00,939.5,2014-12-17T15:11:00,12.1,14.1,2014-12-17T11:44:00,10.7,2014-12-17T23:02:00,87,70.0,2014-12-17T11:47:00,0.6,194,4.3,337.0,2014-12-17T12:01:00,0.0,,,,,,,,,,,,,,,,,,,,,,98.0,2014-12-17T22:20:00,,,,,,,,,,,,,,,,,,,,,,,,,,,,,,,,,,,,,,,,,,,,,,,,,,,,,,,,,,,,,,,,,,,,,,,,,,
2014-12-18,941.9,943.6,2014-12-18T09:21:00,940.3,2014-12-18T14:45:00,12.5,17.0,2014-12-18T12:42:00,10.6,2014-12-18T02:21:00,82,60.0,2014-12-18T09:07:00,0.8,310,4.7,344.0,2014-12-18T11:32:00,0.0,,,,,,,,,,,,,,,,,,,,,,98.0,2014-12-18T21:25:00,,,,,,,,,,,,,,,,,,,,,,,,,,,,,,,,,,,,,,,,,,,,,,,,,,,,,,,,,,,,,,,,,,,,,,,,,,
2014-12-19,939.8,942.0,2014-12-19T00:04:00,938.0,2014-12-19T15:44:00,13.1,15.0,2014-12-19T11:52:00,11.3,2014-12-19T00:21:00,87,68.0,2014-12-19T11:41:00,0.9,140,5.0,326.0,2014-12-19T09:22:00,1.0,,,,,,,,,,,,,,,,,,,,,,100.0,2014-12-19T13:32:00,,,,,,,,,,,,,,,,,,,,,,,,,,,,,,,,,,,,,,,,,,,,,,,,,,,,,,,,,,,,,,,,,,,,,,,,,,
2014-12-20,937.1,938.5,2014-12-20T00:01:00,935.2,2014-12-20T15:31:00,15.2,18.6,2014-12-20T10:07:00,12.6,2014-12-20T22:41:00,86,45.0,2014-12-20T08:11:00,0.9,140,5.5,329.0,2014-12-20T02:05:00,0.5,,,,,,,,,,,,,,,,,,,,,,100.0,2014-12-20T02:51:00,,,,,,,,,,,,,,,,,,,,,,,,,,,,,,,,,,,,,,,,,,,,,,,,,,,,,,,,,,,,,,,,,,,,,,,,,,
2014-12-21,938.6,940.0,2014-12-21T22:14:00,937.2,2014-12-21T02:41:00,14.9,19.3,2014-12-21T13:37:00,12.3,2014-12-21T23:11:00,84,57.0,2014-12-21T09:33:00,0.9,136,6.3,324.0,2014-12-21T12:27:00,0.0,,,,,,,,,,,,,,,,,,,,,,100.0,2014-12-21T00:01:00,,,,,,,,,,,,,,,,,,,,,,,,,,,,,,,,,,,,,,,,,,,,,,,,,,,,,,,,,,,,,,,,,,,,,,,,,,
2014-12-22,939.4,941.0,2014-12-22T08:46:00,938.1,2014-12-22T14:21:00,13.3,17.5,2014-12-22T12:51:00,10.7,2014-12-22T06:14:00,92,69.0,2014-12-22T12:52:00,0.9,9,5.8,328.0,2014-12-22T13:28:00,0.0,,,,,,,,,,,,,,,,,,,,,,100.0,2014-12-22T04:19:00,,,,,,,,,,,,,,,,,,,,,,,,,,,,,,,,,,,,,,,,,,,,,,,,,,,,,,,,,,,,,,,,,,,,,,,,,,
2014-12-23,939.1,940.6,2014-12-23T09:03:00,937.2,2014-12-23T14:33:00,14.8,21.1,2014-12-23T14:44:00,11.0,2014-12-23T02:06:00,83,61.0,2014-12-23T14:39:00,1.0,2,4.5,341.0,2014-12-23T11:39:00,0.0,,,,,,,,,,,,,,,,,,,,,,100.0,2014-12-23T00:01:00,,,,,,,,,,,,,,,,,,,,,,,,,,,,,,,,,,,,,,,,,,,,,,,,,,,,,,,,,,,,,,,,,,,,,,,,,,
2014-12-24,939.6,941.0,2014-12-24T08:54:00,938.0,2014-12-24T02:41:00,17.8,21.3,2014-12-24T12:01:00,15.0,2014-12-24T04:21:00,74,61.0,2014-12-24T08:46:00,0.8,335,5.2,341.0,2014-12-24T03:34:00,0.0,,,,,,,,,,,,,,,,,,,,,,87.0,2014-12-24T22:21:00,,,,,,,,,,,,,,,,,,,,,,,,,,,,,,,,,,,,,,,,,,,,,,,,,,,,,,,,,,,,,,,,,,,,,,,,,,
2014-12-25,938.6,940.5,2014-12-25T09:36:00,937.1,2014-12-25T15:11:00,15.7,18.2,2014-12-25T11:31:00,13.8,2014-12-25T17:36:00,92,0.0,2014-12-25T19:55:00,0.8,293,5.4,296.0,2014-12-25T16:57:00,11.5,,,,,,,,,,,,,,,,,,,,,,100.0,2014-12-25T10:01:00,,,,,,,,,,,,,,,,,,,,,,,,,,,,,,,,,,,,,,,,,,,,,,,,,,,,,,,,,,,,,,,,,,,,,,,,,,
2014-12-26,938.2,940.3,2014-12-26T09:43:00,936.8,2014-12-26T15:36:00,15.0,16.8,2014-12-26T11:02:00,14.0,2014-12-26T00:02:00,100,100.0,2014-12-26T00:01:00,0.8,328,5.0,360.0,2014-12-26T11:53:00,1.0,,,,,,,,,,,,,,,,,,,,,,100.0,2014-12-26T00:01:00,,,,,,,,,,,,,,,,,,,,,,,,,,,,,,,,,,,,,,,,,,,,,,,,,,,,,,,,,,,,,,,,,,,,,,,,,,
2014-12-27,938.4,939.7,2014-12-27T09:51:00,936.8,2014-12-27T02:01:00,15.5,18.8,2014-12-27T12:21:00,13.8,2014-12-27T06:13:00,98,0.0,2014-12-27T18:03:00,0.9,339,5.3,350.0,2014-12-27T15:20:00,0.5,,,,,,,,,,,,,,,,,,,,,,100.0,2014-12-27T00:01:00,,,,,,,,,,,,,,,,,,,,,,,,,,,,,,,,,,,,,,,,,,,,,,,,,,,,,,,,,,,,,,,,,,,,,,,,,,
2014-12-28,937.0,939.2,2014-12-28T09:36:00,93.1,2014-12-28T23:19:00,15.5,21.1,2014-12-28T15:16:00,13.6,2014-12-28T22:45:00,-9997,0.0,2014-12-28T00:01:00,1.1,327,6.7,336.0,2014-12-28T16:56:00,0.5,,,,,,,,,,,,,,,,,,,,,,100.0,2014-12-28T02:13:00,,,,,,,,,,,,,,,,,,,,,,,,,,,,,,,,,,,,,,,,,,,,,,,,,,,,,,,,,,,,,,,,,,,,,,,,,,
2014-12-29,935.6,937.1,2014-12-29T08:41:00,933.5,2014-12-29T14:42:00,13.3,18.3,2014-12-29T13:02:00,12.0,2014-12-29T02:32:00,-9997,0.0,2014-12-29T00:01:00,0.7,1,4.2,353.0,2014-12-29T15:13:00,0.0,,,,,,,,,,,,,,,,,,,,,,-9997.0,,,,,,,,,,,,,,,,,,,,,,,,,,,,,,,,,,,,,,,,,,,,,,,,,,,,,,,,,,,,,,,,,,,,,,,,,,,
2014-12-30,936.6,938.0,2014-12-30T21:21:00,936.0,2014-12-30T16:58:00,13.8,15.0,2014-12-30T16:58:00,11.6,2014-12-30T23:03:00,-9997,69.0,2014-12-30T19:33:00,1.3,10,4.5,353.0,2014-12-30T16:57:00,0.0,,,,,,,,,,,,,,,,,,,,,,100.0,2014-12-30T21:36:00,,,,,,,,,,,,,,,,,,,,,,,,,,,,,,,,,,,,,,,,,,,,,,,,,,,,,,,,,,,,,,,,,,,,,,,,,,
2014-12-31,938.5,940.5,2014-12-31T09:42:00,936.6,2014-12-31T02:25:00,13.5,19.6,2014-12-31T14:51:00,10.8,2014-12-31T04:52:00,-9997,52.0,2014-12-31T14:21:00,1.0,118,6.0,335.0,2014-12-31T12:37:00,0.0,,,,,,,,,,,,,,,,,,,,,,100.0,2014-12-31T03:41:00,,,,,,,,,,,,,,,,,,,,,,,,,,,,,,,,,,,,,,,,,,,,,,,,,,,,,,,,,,,,,,,,,,,,,,,,,,
