,StnPres,StnPresMax,StnPresMaxTime,StnPresMin,StnPresMinTime,Tx,TxMaxAbs,TxMaxAbsTime,TxMinAbs,TxMinAbsTime,RH,RHMin,RHMinTime,WS,WD,WSGust,WDGust,WGustTime,Precp,AirTemperature.MaximumTimef,AirTemperature.Maximumf,AirTemperature.Meanf,AirTemperature.MinimumTimef,AirTemperature.Minimumf,GlobalSolarRadiation.Accumulationf,GlobalSolarRadiation.HourlyMaximumTimef,GlobalSolarRadiation.HourlyMaximumf,GloblRad,GloblRadMax,GloblRadMaxTime,PeakGust.Directionf,PeakGust.MaximumTimef,PeakGust.Maximumf,Precipitation.Accumulationf,Precipitation.HourlyMaximum,Precipitation.HourlyMaximumTime,Precipitation.HourlyMaximumTimef,Precipitation.HourlyMaximumf,Precipitation.MeltFlag,Precipitation.MeltFlagf,RelativeHumidity.Maximum,RelativeHumidity.MaximumTime,RelativeHumidity.MaximumTimef,RelativeHumidity.Maximumf,RelativeHumidity.Meanf,RelativeHumidity.MinimumTimef,RelativeHumidity.Minimumf,SoilTemperatureAt0cm.Maximum,SoilTemperatureAt0cm.MaximumTime,SoilTemperatureAt0cm.MaximumTimef,SoilTemperatureAt0cm.Maximumf,SoilTemperatureAt0cm.Meanf,SoilTemperatureAt0cm.Minimum,SoilTemperatureAt0cm.MinimumTime,SoilTemperatureAt0cm.MinimumTimef,SoilTemperatureAt0cm.Minimumf,SoilTemperatureAt100cm.Maximum,SoilTemperatureAt100cm.MaximumTime,SoilTemperatureAt100cm.MaximumTimef,SoilTemperatureAt100cm.Maximumf,SoilTemperatureAt100cm.Meanf,SoilTemperatureAt100cm.Minimum,SoilTemperatureAt100cm.MinimumTime,SoilTemperatureAt100cm.MinimumTimef,SoilTemperatureAt100cm.Minimumf,SoilTemperatureAt10cm.Maximum,SoilTemperatureAt10cm.MaximumTime,SoilTemperatureAt10cm.MaximumTimef,SoilTemperatureAt10cm.Maximumf,SoilTemperatureAt10cm.Meanf,SoilTemperatureAt10cm.Minimum,SoilTemperatureAt10cm.MinimumTime,SoilTemperatureAt10cm.MinimumTimef,SoilTemperatureAt10cm.Minimumf,SoilTemperatureAt20cm.Maximum,SoilTemperatureAt20cm.MaximumTime,SoilTemperatureAt20cm.MaximumTimef,SoilTemperatureAt20cm.Maximumf,SoilTemperatureAt20cm.Meanf,SoilTemperatureAt20cm.Minimum,SoilTemperatureAt20cm.MinimumTime,SoilTemperatureAt20cm.MinimumTimef,SoilTemperatureAt20cm.Minimumf,SoilTemperatureAt50cm.Maximum,SoilTemperatureAt50cm.MaximumTime,SoilTemperatureAt50cm.MaximumTimef,SoilTemperatureAt50cm.Maximumf,SoilTemperatureAt50cm.Meanf,SoilTemperatureAt50cm.Minimum,SoilTemperatureAt50cm.MinimumTime,SoilTemperatureAt50cm.MinimumTimef,SoilTemperatureAt50cm.Minimumf,SoilTemperatureAt5cm.Maximum,SoilTemperatureAt5cm.MaximumTime,SoilTemperatureAt5cm.MaximumTimef,SoilTemperatureAt5cm.Maximumf,SoilTemperatureAt5cm.Meanf,SoilTemperatureAt5cm.Minimum,SoilTemperatureAt5cm.MinimumTime,SoilTemperatureAt5cm.MinimumTimef,SoilTemperatureAt5cm.Minimumf,StationPressure.MaximumTimef,StationPressure.Maximumf,StationPressure.Meanf,StationPressure.MinimumTimef,StationPressure.Minimumf,SunShine,SunshineDuration.Totalf,TxSoil0cm,TxSoil100cm,TxSoil10cm,TxSoil20cm,TxSoil50cm,TxSoil5cm,WindDirection.Prevailingf,WindSpeed.Meanf
2020-01-01,1013.6,1016.1,2020-01-01T10:05:00,1012.4,2020-01-01T19:43:00,15.2,17.3,2020-01-01T13:05:00,13.5,2020-01-01T03:22:00,85,76.0,2020-01-01T12:41:00,0.5,26,5.6,26.0,2020-01-01T16:03:00,0.0,,,,,,,,,,,,,,,,0.0,,,,0,,95.0,2020-01-01T23:58:00,,,,,,,,,,,,,,,,,,,,,,,,,,,,,,,,,,,,,,,,,,,,,,,,,,,,,,,,,,,,,,,,,,,,,,,,,,
2020-01-02,1011.8,1014.0,2020-01-02T08:50:00,1010.2,2020-01-02T13:48:00,16.3,23.6,2020-01-02T13:04:00,12.0,2020-01-02T07:34:00,87,58.0,2020-01-02T13:04:00,0.4,344,4.7,312.0,2020-01-02T14:08:00,0.0,,,,,,,,,,,,,,,,0.0,,,,0,,98.0,2020-01-02T08:06:00,,,,,,,,,,,,,,,,,,,,,,,,,,,,,,,,,,,,,,,,,,,,,,,,,,,,,,,,,,,,,,,,,,,,,,,,,,
2020-01-03,1009.8,1012.3,2020-01-03T09:00:00,1007.4,2020-01-03T15:07:00,16.4,23.2,2020-01-03T14:18:00,11.8,2020-01-03T03:22:00,86,66.0,2020-01-03T14:17:00,0.4,98,4.3,276.0,2020-01-03T15:33:00,0.0,,,,,,,,,,,,,,,,0.0,,,,0,,96.0,2020-01-03T03:27:00,,,,,,,,,,,,,,,,,,,,,,,,,,,,,,,,,,,,,,,,,,,,,,,,,,,,,,,,,,,,,,,,,,,,,,,,,,
2020-01-04,1008.1,1010.3,2020-01-04T08:44:00,1006.3,2020-01-04T14:29:00,17.2,23.1,2020-01-04T12:13:00,13.3,2020-01-04T04:52:00,88,62.0,2020-01-04T12:13:00,0.4,5,3.9,310.0,2020-01-04T13:47:00,0.0,,,,,,,,,,,,,,,,0.0,,,,0,,96.0,2020-01-04T03:17:00,,,,,,,,,,,,,,,,,,,,,,,,,,,,,,,,,,,,,,,,,,,,,,,,,,,,,,,,,,,,,,,,,,,,,,,,,,
2020-01-05,1008.4,1010.2,2020-01-05T09:34:00,1006.8,2020-01-05T14:55:00,18.2,23.9,2020-01-05T12:25:00,13.5,2020-01-05T07:11:00,88,64.0,2020-01-05T12:23:00,0.4,80,3.9,256.0,2020-01-05T12:28:00,0.5,,,,,,,,,,,,,,,,0.5,2020-01-05T07:00:00,,,0,,97.0,2020-01-05T07:53:00,,,,,,,,,,,,,,,,,,,,,,,,,,,,,,,,,,,,,,,,,,,,,,,,,,,,,,,,,,,,,,,,,,,,,,,,,,
2020-01-06,1007.6,1010.3,2020-01-06T09:08:00,1005.2,2020-01-06T23:58:00,17.3,20.8,2020-01-06T12:57:00,14.8,2020-01-06T07:12:00,91,78.0,2020-01-06T13:01:00,0.2,68,3.0,339.0,2020-01-06T12:40:00,0.0,,,,,,,,,,,,,,,,0.0,,,,0,,97.0,2020-01-06T04:09:00,,,,,,,,,,,,,,,,,,,,,,,,,,,,,,,,,,,,,,,,,,,,,,,,,,,,,,,,,,,,,,,,,,,,,,,,,,
2020-01-07,1005.1,1007.8,2020-01-07T10:20:00,1002.7,2020-01-07T14:32:00,18.8,25.9,2020-01-07T15:05:00,14.3,2020-01-07T03:41:00,81,49.0,2020-01-07T14:29:00,0.8,251,8.1,253.0,2020-01-07T14:10:00,0.0,,,,,,,,,,,,,,,,0.0,,,,0,,97.0,2020-01-07T06:02:00,,,,,,,,,,,,,,,,,,,,,,,,,,,,,,,,,,,,,,,,,,,,,,,,,,,,,,,,,,,,,,,,,,,,,,,,,,
2020-01-08,1006.9,1008.7,2020-01-08T09:15:00,1004.5,2020-01-08T14:58:00,17.1,21.1,2020-01-08T13:29:00,11.3,2020-01-08T23:52:00,75,59.0,2020-01-08T13:42:00,1.2,25,10.0,31.0,2020-01-08T12:59:00,0.0,,,,,,,,,,,,,,,,0.0,,,,0,,94.0,2020-01-08T23:57:00,,,,,,,,,,,,,,,,,,,,,,,,,,,,,,,,,,,,,,,,,,,,,,,,,,,,,,,,,,,,,,,,,,,,,,,,,,
2020-01-09,1006.1,1008.7,2020-01-09T08:40:00,1004.0,2020-01-09T15:34:00,16.2,24.6,2020-01-09T13:40:00,10.2,2020-01-09T04:52:00,84,57.0,2020-01-09T13:45:00,0.3,99,6.6,315.0,2020-01-09T14:28:00,0.0,,,,,,,,,,,,,,,,0.0,,,,0,,96.0,2020-01-09T23:53:00,,,,,,,,,,,,,,,,,,,,,,,,,,,,,,,,,,,,,,,,,,,,,,,,,,,,,,,,,,,,,,,,,,,,,,,,,,
2020-01-10,1004.0,1005.9,2020-01-10T09:01:00,1002.5,2020-01-10T15:52:00,17.1,23.6,2020-01-10T12:26:00,12.2,2020-01-10T02:55:00,87,59.0,2020-01-10T10:53:00,0.3,27,5.8,328.0,2020-01-10T13:02:00,0.0,,,,,,,,,,,,,,,,0.0,,,,0,,97.0,2020-01-10T03:58:00,,,,,,,,,,,,,,,,,,,,,,,,,,,,,,,,,,,,,,,,,,,,,,,,,,,,,,,,,,,,,,,,,,,,,,,,,,
2020-01-11,1003.3,1004.6,2020-01-11T09:19:00,1002.1,2020-01-11T14:40:00,17.1,20.7,2020-01-11T10:45:00,14.4,2020-01-11T01:17:00,88,73.0,2020-01-11T10:46:00,0.5,4,4.4,11.0,2020-01-11T22:19:00,0.0,,,,,,,,,,,,,,,,0.0,,,,0,,96.0,2020-01-11T02:02:00,,,,,,,,,,,,,,,,,,,,,,,,,,,,,,,,,,,,,,,,,,,,,,,,,,,,,,,,,,,,,,,,,,,,,,,,,,
2020-01-12,1005.0,1007.3,2020-01-12T09:43:00,1003.3,2020-01-12T02:18:00,14.2,16.7,2020-01-12T00:38:00,12.7,2020-01-12T19:26:00,83,74.0,2020-01-12T16:26:00,1.2,34,8.5,19.0,2020-01-12T05:42:00,0.0,,,,,,,,,,,,,,,,0.0,,,,0,,93.0,2020-01-12T07:05:00,,,,,,,,,,,,,,,,,,,,,,,,,,,,,,,,,,,,,,,,,,,,,,,,,,,,,,,,,,,,,,,,,,,,,,,,,,
2020-01-13,1005.4,1008.1,2020-01-13T10:09:00,1002.7,2020-01-13T20:07:00,14.9,17.8,2020-01-13T11:10:00,13.2,2020-01-13T05:21:00,81,68.0,2020-01-13T11:12:00,0.6,19,5.3,21.0,2020-01-13T08:39:00,0.0,,,,,,,,,,,,,,,,0.0,,,,0,,94.0,2020-01-13T23:58:00,,,,,,,,,,,,,,,,,,,,,,,,,,,,,,,,,,,,,,,,,,,,,,,,,,,,,,,,,,,,,,,,,,,,,,,,,,
2020-01-14,1007.5,1010.2,2020-01-14T09:46:00,1005.3,2020-01-14T00:31:00,16.2,20.9,2020-01-14T11:11:00,12.1,2020-01-14T01:31:00,83,61.0,2020-01-14T11:03:00,0.7,359,7.0,23.0,2020-01-14T16:20:00,0.0,,,,,,,,,,,,,,,,0.0,,,,0,,97.0,2020-01-14T01:57:00,,,,,,,,,,,,,,,,,,,,,,,,,,,,,,,,,,,,,,,,,,,,,,,,,,,,,,,,,,,,,,,,,,,,,,,,,,
2020-01-15,1006.5,1008.5,2020-01-15T09:44:00,1004.4,2020-01-15T14:16:00,16.2,24.0,2020-01-15T13:41:00,9.9,2020-01-15T06:12:00,82,41.0,2020-01-15T12:50:00,0.5,24,5.8,22.0,2020-01-15T17:59:00,0.0,,,,,,,,,,,,,,,,0.0,,,,0,,96.0,2020-01-15T07:05:00,,,,,,,,,,,,,,,,,,,,,,,,,,,,,,,,,,,,,,,,,,,,,,,,,,,,,,,,,,,,,,,,,,,,,,,,,,
2020-01-16,1006.0,1007.3,2020-01-16T09:37:00,1003.4,2020-01-16T14:18:00,17.4,22.7,2020-01-16T12:52:00,14.3,2020-01-16T07:22:00,84,64.0,2020-01-16T12:53:00,0.5,14,5.2,360.0,2020-01-16T14:42:00,0.0,,,,,,,,,,,,,,,,0.0,,,,0,,96.0,2020-01-16T00:04:00,,,,,,,,,,,,,,,,,,,,,,,,,,,,,,,,,,,,,,,,,,,,,,,,,,,,,,,,,,,,,,,,,,,,,,,,,,
2020-01-17,1007.6,1009.1,2020-01-17T10:30:00,1005.9,2020-01-17T02:52:00,14.3,16.5,2020-01-17T00:49:00,12.6,2020-01-17T23:27:00,87,83.0,2020-01-17T21:48:00,1.1,22,7.5,9.0,2020-01-17T16:50:00,0.0,,,,,,,,,,,,,,,,0.0,,,,0,,94.0,2020-01-17T08:10:00,,,,,,,,,,,,,,,,,,,,,,,,,,,,,,,,,,,,,,,,,,,,,,,,,,,,,,,,,,,,,,,,,,,,,,,,,,
2020-01-18,1008.0,1009.7,2020-01-18T09:00:00,1006.3,2020-01-18T14:52:00,13.1,15.7,2020-01-18T13:32:00,11.6,2020-01-18T21:21:00,79,67.0,2020-01-18T10:37:00,0.9,26,6.8,13.0,2020-01-18T11:19:00,0.0,,,,,,,,,,,,,,,,0.0,,,,0,,91.0,2020-01-18T21:31:00,,,,,,,,,,,,,,,,,,,,,,,,,,,,,,,,,,,,,,,,,,,,,,,,,,,,,,,,,,,,,,,,,,,,,,,,,,
2020-01-19,1008.8,1010.8,2020-01-19T10:16:00,1007.2,2020-01-19T15:33:00,13.9,15.4,2020-01-19T15:54:00,12.5,2020-01-19T02:26:00,86,80.0,2020-01-19T15:56:00,0.8,34,5.2,22.0,2020-01-19T09:17:00,0.0,,,,,,,,,,,,,,,,0.0,,,,0,,91.0,2020-01-19T05:30:00,,,,,,,,,,,,,,,,,,,,,,,,,,,,,,,,,,,,,,,,,,,,,,,,,,,,,,,,,,,,,,,,,,,,,,,,,,
2020-01-20,1010.1,1012.0,2020-01-20T10:01:00,1007.6,2020-01-20T14:55:00,14.6,20.3,2020-01-20T14:11:00,10.3,2020-01-20T23:59:00,80,59.0,2020-01-20T14:13:00,1.1,21,7.3,21.0,2020-01-20T16:30:00,0.0,,,,,,,,,,,,,,,,0.0,,,,0,,93.0,2020-01-20T23:23:00,,,,,,,,,,,,,,,,,,,,,,,,,,,,,,,,,,,,,,,,,,,,,,,,,,,,,,,,,,,,,,,,,,,,,,,,,,
2020-01-21,1010.1,1012.9,2020-01-21T09:53:00,1008.2,2020-01-21T23:59:00,14.9,23.2,2020-01-21T13:01:00,8.0,2020-01-21T06:05:00,82,47.0,2020-01-21T12:49:00,0.5,259,4.6,264.0,2020-01-21T13:11:00,0.0,,,,,,,,,,,,,,,,0.0,,,,0,,96.0,2020-01-21T07:55:00,,,,,,,,,,,,,,,,,,,,,,,,,,,,,,,,,,,,,,,,,,,,,,,,,,,,,,,,,,,,,,,,,,,,,,,,,,
2020-01-22,1007.5,1009.8,2020-01-22T09:17:00,1005.4,2020-01-22T16:06:00,17.9,24.9,2020-01-22T13:35:00,12.7,2020-01-22T02:53:00,85,54.0,2020-01-22T14:18:00,0.4,117,4.9,267.0,2020-01-22T13:47:00,0.0,,,,,,,,,,,,,,,,0.0,,,,0,,96.0,2020-01-22T03:21:00,,,,,,,,,,,,,,,,,,,,,,,,,,,,,,,,,,,,,,,,,,,,,,,,,,,,,,,,,,,,,,,,,,,,,,,,,,
2020-01-23,1006.2,1007.7,2020-01-23T09:49:00,1004.4,2020-01-23T15:01:00,20.6,27.9,2020-01-23T12:38:00,15.9,2020-01-23T01:15:00,79,53.0,2020-01-23T12:38:00,0.6,322,4.2,331.0,2020-01-23T15:18:00,0.0,,,,,,,,,,,,,,,,0.0,,,,0,,96.0,2020-01-23T23:40:00,,,,,,,,,,,,,,,,,,,,,,,,,,,,,,,,,,,,,,,,,,,,,,,,,,,,,,,,,,,,,,,,,,,,,,,,,,
2020-01-24,1007.6,1008.8,2020-01-24T09:07:00,1006.2,2020-01-24T15:15:00,18.4,21.1,2020-01-24T12:34:00,15.8,2020-01-24T00:40:00,93,82.0,2020-01-24T12:34:00,0.4,8,5.0,22.0,2020-01-24T14:01:00,0.0,,,,,,,,,,,,,,,,0.0,,,,0,,97.0,2020-01-24T05:26:00,,,,,,,,,,,,,,,,,,,,,,,,,,,,,,,,,,,,,,,,,,,,,,,,,,,,,,,,,,,,,,,,,,,,,,,,,,
2020-01-25,1005.3,1008.5,2020-01-25T10:08:00,1003.2,2020-01-25T16:45:00,17.7,19.9,2020-01-25T13:13:00,16.8,2020-01-25T22:27:00,94,84.0,2020-01-25T13:17:00,0.8,16,7.9,23.0,2020-01-25T14:53:00,0.5,,,,,,,,,,,,,,,,0.5,2020-01-25T04:00:00,,,0,,98.0,2020-01-25T05:03:00,,,,,,,,,,,,,,,,,,,,,,,,,,,,,,,,,,,,,,,,,,,,,,,,,,,,,,,,,,,,,,,,,,,,,,,,,,
2020-01-26,1000.6,1004.0,2020-01-27T00:00:00,997.9,2020-01-26T14:05:00,16.2,17.6,2020-01-26T14:33:00,13.9,2020-01-26T19:31:00,96,93.0,2020-01-26T00:01:00,0.5,10,8.0,353.0,2020-01-26T18:16:00,44.0,,,,,,,,,,,,,,,,10.0,2020-01-26T09:00:00,,,0,,97.0,2020-01-26T08:40:00,,,,,,,,,,,,,,,,,,,,,,,,,,,,,,,,,,,,,,,,,,,,,,,,,,,,,,,,,,,,,,,,,,,,,,,,,,
2020-01-27,1003.2,1005.5,2020-01-27T23:16:00,1001.1,2020-01-27T04:43:00,13.3,15.0,2020-01-27T01:07:00,12.0,2020-01-27T21:41:00,90,81.0,2020-01-27T20:24:00,0.3,21,4.9,23.0,2020-01-27T01:49:00,2.0,,,,,,,,,,,,,,,,1.0,2020-01-27T02:00:00,,,0,,97.0,2020-01-27T04:09:00,,,,,,,,,,,,,,,,,,,,,,,,,,,,,,,,,,,,,,,,,,,,,,,,,,,,,,,,,,,,,,,,,,,,,,,,,,
2020-01-28,1005.5,1008.9,2020-01-28T21:06:00,1002.6,2020-01-28T00:33:00,12.2,13.7,2020-01-28T11:47:00,10.0,2020-01-28T23:11:00,84,75.0,2020-01-28T12:23:00,0.8,21,6.6,27.0,2020-01-28T08:17:00,1.0,,,,,,,,,,,,,,,,0.5,2020-01-28T20:00:00,,,0,,94.0,2020-01-28T21:38:00,,,,,,,,,,,,,,,,,,,,,,,,,,,,,,,,,,,,,,,,,,,,,,,,,,,,,,,,,,,,,,,,,,,,,,,,,,
2020-01-29,1007.7,1009.2,2020-01-29T09:43:00,1006.5,2020-01-29T15:09:00,10.8,12.7,2020-01-29T14:39:00,9.3,2020-01-29T23:51:00,76,67.0,2020-01-29T15:20:00,0.9,40,6.9,25.0,2020-01-29T22:00:00,0.0,,,,,,,,,,,,,,,,0.0,,,,0,,89.0,2020-01-30T00:00:00,,,,,,,,,,,,,,,,,,,,,,,,,,,,,,,,,,,,,,,,,,,,,,,,,,,,,,,,,,,,,,,,,,,,,,,,,,
2020-01-30,1008.7,1010.6,2020-01-30T09:45:00,1006.8,2020-01-30T14:50:00,10.7,14.7,2020-01-30T12:11:00,8.3,2020-01-30T20:33:00,54,38.0,2020-01-30T22:42:00,1.2,21,17.6,36.0,2020-01-30T23:03:00,0.0,,,,,,,,,,,,,,,,0.0,,,,0,,70.0,2020-01-30T03:26:00,,,,,,,,,,,,,,,,,,,,,,,,,,,,,,,,,,,,,,,,,,,,,,,,,,,,,,,,,,,,,,,,,,,,,,,,,,
2020-01-31,1009.5,1011.3,2020-01-31T09:41:00,1007.6,2020-01-31T16:13:00,11.1,17.2,2020-01-31T14:52:00,5.8,2020-01-31T23:31:00,57,39.0,2020-01-31T14:57:00,1.1,46,8.6,25.0,2020-01-31T11:55:00,0.0,,,,,,,,,,,,,,,,0.0,,,,0,,93.0,2020-01-31T23:42:00,,,,,,,,,,,,,,,,,,,,,,,,,,,,,,,,,,,,,,,,,,,,,,,,,,,,,,,,,,,,,,,,,,,,,,,,,,
2020-02-01,1010.3,1012.2,2020-02-01T09:36:00,1008.1,2020-02-01T15:46:00,10.7,19.3,2020-02-01T14:09:00,3.6,2020-02-01T06:22:00,75,37.0,2020-02-01T12:48:00,0.5,33,6.2,17.0,2020-02-01T16:43:00,0.0,,,,,,,,,,,,,,,,0.0,,,,0,,96.0,2020-02-01T06:06:00,,,,,,,,,,,,,,,,,,,,,,,,,,,,,,,,,,,,,,,,,,,,,,,,,,,,,,,,,,,,,,,,,,,,,,,,,,
2020-02-02,1010.4,1012.7,2020-02-02T09:52:00,1008.6,2020-02-02T06:31:00,13.1,20.0,2020-02-02T13:15:00,6.4,2020-02-02T03:52:00,79,47.0,2020-02-02T13:16:00,0.3,249,5.3,257.0,2020-02-02T14:00:00,0.0,,,,,,,,,,,,,,,,0.0,,,,0,,96.0,2020-02-02T03:56:00,,,,,,,,,,,,,,,,,,,,,,,,,,,,,,,,,,,,,,,,,,,,,,,,,,,,,,,,,,,,,,,,,,,,,,,,,,
2020-02-03,1009.2,1010.6,2020-02-03T09:56:00,1007.8,2020-02-03T14:26:00,15.3,21.4,2020-02-03T12:18:00,10.1,2020-02-03T07:11:00,81,54.0,2020-02-03T11:45:00,0.8,20,6.4,349.0,2020-02-03T12:36:00,0.0,,,,,,,,,,,,,,,,0.0,,,,0,,95.0,2020-02-03T07:30:00,,,,,,,,,,,,,,,,,,,,,,,,,,,,,,,,,,,,,,,,,,,,,,,,,,,,,,,,,,,,,,,,,,,,,,,,,,
2020-02-04,1008.2,1010.3,2020-02-04T09:55:00,1006.7,2020-02-04T17:56:00,15.4,16.4,2020-02-04T11:47:00,14.8,2020-02-04T19:32:00,92,86.0,2020-02-04T00:18:00,0.5,10,5.2,16.0,2020-02-04T22:55:00,2.0,,,,,,,,,,,,,,,,0.5,2020-02-04T10:00:00,,,0,,96.0,2020-02-04T22:08:00,,,,,,,,,,,,,,,,,,,,,,,,,,,,,,,,,,,,,,,,,,,,,,,,,,,,,,,,,,,,,,,,,,,,,,,,,,
2020-02-05,1008.8,1010.5,2020-02-05T10:14:00,1007.0,2020-02-05T14:12:00,14.9,18.2,2020-02-05T12:39:00,10.9,2020-02-05T23:44:00,83,65.0,2020-02-05T12:26:00,1.1,22,10.5,47.0,2020-02-05T12:44:00,1.5,,,,,,,,,,,,,,,,1.0,2020-02-05T03:00:00,,,0,,96.0,2020-02-05T03:19:00,,,,,,,,,,,,,,,,,,,,,,,,,,,,,,,,,,,,,,,,,,,,,,,,,,,,,,,,,,,,,,,,,,,,,,,,,,
2020-02-06,1006.8,1009.0,2020-02-06T00:01:00,1003.6,2020-02-06T14:34:00,16.3,24.4,2020-02-06T14:35:00,9.2,2020-02-06T06:11:00,83,53.0,2020-02-06T14:40:00,0.6,285,6.8,266.0,2020-02-06T12:49:00,0.0,,,,,,,,,,,,,,,,0.0,,,,0,,97.0,2020-02-06T07:21:00,,,,,,,,,,,,,,,,,,,,,,,,,,,,,,,,,,,,,,,,,,,,,,,,,,,,,,,,,,,,,,,,,,,,,,,,,,
2020-02-07,1009.9,1011.5,2020-02-07T09:11:00,1007.9,2020-02-07T01:30:00,14.9,16.9,2020-02-07T10:52:00,13.1,2020-02-07T05:52:00,91,82.0,2020-02-07T23:13:00,0.9,4,7.4,11.0,2020-02-07T15:12:00,6.0,,,,,,,,,,,,,,,,3.0,2020-02-07T07:00:00,,,0,,97.0,2020-02-07T06:54:00,,,,,,,,,,,,,,,,,,,,,,,,,,,,,,,,,,,,,,,,,,,,,,,,,,,,,,,,,,,,,,,,,,,,,,,,,,
2020-02-08,1011.7,1013.1,2020-02-08T10:19:00,1010.4,2020-02-08T15:08:00,14.7,17.3,2020-02-08T10:46:00,13.6,2020-02-08T20:01:00,76,62.0,2020-02-08T10:32:00,1.2,43,9.0,46.0,2020-02-08T09:43:00,0.0,,,,,,,,,,,,,,,,0.0,,,,0,,86.0,2020-02-08T00:18:00,,,,,,,,,,,,,,,,,,,,,,,,,,,,,,,,,,,,,,,,,,,,,,,,,,,,,,,,,,,,,,,,,,,,,,,,,,
2020-02-09,1012.6,1015.3,2020-02-09T09:29:00,1011.3,2020-02-09T14:55:00,13.7,14.9,2020-02-09T14:33:00,10.5,2020-02-09T23:59:00,76,71.0,2020-02-09T15:00:00,0.8,25,8.2,22.0,2020-02-09T11:28:00,0.0,,,,,,,,,,,,,,,,0.0,,,,0,,91.0,2020-02-09T23:59:00,,,,,,,,,,,,,,,,,,,,,,,,,,,,,,,,,,,,,,,,,,,,,,,,,,,,,,,,,,,,,,,,,,,,,,,,,,
2020-02-10,1009.8,1011.6,2020-02-10T01:03:00,1008.3,2020-02-10T16:50:00,15.2,21.4,2020-02-10T16:01:00,9.1,2020-02-10T06:42:00,81,57.0,2020-02-10T16:04:00,0.2,207,4.5,354.0,2020-02-10T12:42:00,0.0,,,,,,,,,,,,,,,,0.0,,,,0,,96.0,2020-02-10T07:31:00,,,,,,,,,,,,,,,,,,,,,,,,,,,,,,,,,,,,,,,,,,,,,,,,,,,,,,,,,,,,,,,,,,,,,,,,,,
2020-02-11,1009.4,1012.0,2020-02-11T08:54:00,1007.1,2020-02-11T16:53:00,16.7,23.1,2020-02-11T13:54:00,13.2,2020-02-11T00:54:00,88,61.0,2020-02-11T14:30:00,0.2,13,7.0,309.0,2020-02-11T17:05:00,0.0,,,,,,,,,,,,,,,,0.0,,,,0,,95.0,2020-02-11T22:33:00,,,,,,,,,,,,,,,,,,,,,,,,,,,,,,,,,,,,,,,,,,,,,,,,,,,,,,,,,,,,,,,,,,,,,,,,,,
2020-02-12,1006.2,1008.3,2020-02-12T00:58:00,1003.6,2020-02-12T15:33:00,19.5,26.7,2020-02-12T15:05:00,14.8,2020-02-12T06:41:00,76,51.0,2020-02-12T15:06:00,0.1,322,4.2,312.0,2020-02-12T15:45:00,0.0,,,,,,,,,,,,,,,,0.0,,,,0,,96.0,2020-02-12T01:14:00,,,,,,,,,,,,,,,,,,,,,,,,,,,,,,,,,,,,,,,,,,,,,,,,,,,,,,,,,,,,,,,,,,,,,,,,,,
2020-02-13,1003.8,1005.8,2020-02-14T00:00:00,1001.0,2020-02-13T13:56:00,20.5,26.4,2020-02-13T13:20:00,16.5,2020-02-13T03:52:00,82,47.0,2020-02-13T22:33:00,0.3,127,9.4,214.0,2020-02-13T21:39:00,4.0,,,,,,,,,,,,,,,,3.0,2020-02-13T17:00:00,,,0,,97.0,2020-02-13T21:11:00,,,,,,,,,,,,,,,,,,,,,,,,,,,,,,,,,,,,,,,,,,,,,,,,,,,,,,,,,,,,,,,,,,,,,,,,,,
2020-02-14,1003.4,1006.2,2020-02-14T23:24:00,1000.9,2020-02-14T12:45:00,19.4,26.5,2020-02-14T11:21:00,15.6,2020-02-14T06:23:00,88,55.0,2020-02-14T11:26:00,0.4,8,5.6,234.0,2020-02-14T14:02:00,0.0,,,,,,,,,,,,,,,,0.0,,,,0,,96.0,2020-02-14T06:57:00,,,,,,,,,,,,,,,,,,,,,,,,,,,,,,,,,,,,,,,,,,,,,,,,,,,,,,,,,,,,,,,,,,,,,,,,,,
2020-02-15,1002.7,1005.9,2020-02-15T00:08:00,999.8,2020-02-15T14:27:00,21.6,28.9,2020-02-15T13:43:00,17.9,2020-02-15T04:42:00,86,59.0,2020-02-15T13:44:00,0.2,11,3.7,236.0,2020-02-15T18:17:00,1.5,,,,,,,,,,,,,,,,1.0,2020-02-15T20:00:00,,,0,,97.0,2020-02-15T23:49:00,,,,,,,,,,,,,,,,,,,,,,,,,,,,,,,,,,,,,,,,,,,,,,,,,,,,,,,,,,,,,,,,,,,,,,,,,,
2020-02-16,1007.7,1012.8,2020-02-16T23:56:00,1002.1,2020-02-16T00:26:00,12.7,20.4,2020-02-16T00:24:00,8.6,2020-02-16T19:02:00,93,76.0,2020-02-16T23:16:00,1.1,14,17.8,66.0,2020-02-16T21:20:00,20.0,,,,,,,,,,,,,,,,4.0,2020-02-16T14:00:00,,,0,,98.0,2020-02-16T04:53:00,,,,,,,,,,,,,,,,,,,,,,,,,,,,,,,,,,,,,,,,,,,,,,,,,,,,,,,,,,,,,,,,,,,,,,,,,,
2020-02-17,1013.5,1015.5,2020-02-17T20:44:00,1010.7,2020-02-17T02:39:00,10.3,13.0,2020-02-17T14:38:00,8.6,2020-02-17T20:15:00,60,34.0,2020-02-17T22:47:00,1.8,31,12.9,64.0,2020-02-17T12:46:00,0.5,,,,,,,,,,,,,,,,0.5,2020-02-17T05:00:00,,,0,,85.0,2020-02-17T00:11:00,,,,,,,,,,,,,,,,,,,,,,,,,,,,,,,,,,,,,,,,,,,,,,,,,,,,,,,,,,,,,,,,,,,,,,,,,,
2020-02-18,1013.0,1015.1,2020-02-18T09:14:00,1010.8,2020-02-18T15:43:00,11.0,18.0,2020-02-18T14:50:00,4.5,2020-02-18T05:11:00,66,43.0,2020-02-18T13:19:00,0.8,10,9.7,27.0,2020-02-18T16:24:00,0.0,,,,,,,,,,,,,,,,0.0,,,,0,,94.0,2020-02-18T23:57:00,,,,,,,,,,,,,,,,,,,,,,,,,,,,,,,,,,,,,,,,,,,,,,,,,,,,,,,,,,,,,,,,,,,,,,,,,,
2020-02-19,1011.9,1013.1,2020-02-19T07:59:00,1010.2,2020-02-19T15:03:00,13.2,20.1,2020-02-19T13:39:00,6.7,2020-02-19T01:02:00,83,54.0,2020-02-19T12:28:00,0.4,248,5.8,308.0,2020-02-19T15:28:00,0.0,,,,,,,,,,,,,,,,0.0,,,,0,,96.0,2020-02-19T23:42:00,,,,,,,,,,,,,,,,,,,,,,,,,,,,,,,,,,,,,,,,,,,,,,,,,,,,,,,,,,,,,,,,,,,,,,,,,,
2020-02-20,1012.3,1013.8,2020-02-20T10:02:00,1010.8,2020-02-20T15:28:00,15.6,23.1,2020-02-20T12:40:00,10.4,2020-02-20T06:51:00,84,54.0,2020-02-20T12:36:00,0.4,1,6.9,344.0,2020-02-20T14:20:00,0.0,,,,,,,,,,,,,,,,0.0,,,,0,,96.0,2020-02-20T07:17:00,,,,,,,,,,,,,,,,,,,,,,,,,,,,,,,,,,,,,,,,,,,,,,,,,,,,,,,,,,,,,,,,,,,,,,,,,,
2020-02-21,1014.1,1015.6,2020-02-21T09:55:00,1012.6,2020-02-21T15:20:00,15.2,19.1,2020-02-21T11:11:00,11.2,2020-02-21T02:30:00,93,76.0,2020-02-21T10:55:00,0.2,13,3.8,21.0,2020-02-21T11:50:00,0.5,,,,,,,,,,,,,,,,0.5,2020-02-21T21:00:00,,,0,,97.0,2020-02-21T22:39:00,,,,,,,,,,,,,,,,,,,,,,,,,,,,,,,,,,,,,,,,,,,,,,,,,,,,,,,,,,,,,,,,,,,,,,,,,,
2020-02-22,1013.2,1014.9,2020-02-22T08:49:00,1010.7,2020-02-22T14:58:00,17.6,23.5,2020-02-22T13:47:00,12.7,2020-02-22T06:26:00,84,65.0,2020-02-22T13:47:00,0.8,35,8.4,9.0,2020-02-22T15:10:00,0.0,,,,,,,,,,,,,,,,0.0,,,,0,,97.0,2020-02-22T02:48:00,,,,,,,,,,,,,,,,,,,,,,,,,,,,,,,,,,,,,,,,,,,,,,,,,,,,,,,,,,,,,,,,,,,,,,,,,,
2020-02-23,1011.1,1013.5,2020-02-23T09:36:00,1008.4,2020-02-23T15:31:00,19.0,25.4,2020-02-23T14:00:00,14.8,2020-02-23T07:26:00,77,52.0,2020-02-23T11:42:00,0.3,11,5.1,13.0,2020-02-23T15:35:00,0.0,,,,,,,,,,,,,,,,0.0,,,,0,,95.0,2020-02-23T23:54:00,,,,,,,,,,,,,,,,,,,,,,,,,,,,,,,,,,,,,,,,,,,,,,,,,,,,,,,,,,,,,,,,,,,,,,,,,,
2020-02-24,1008.1,1010.2,2020-02-25T00:00:00,1006.1,2020-02-24T17:56:00,18.1,24.2,2020-02-24T11:52:00,13.6,2020-02-24T04:21:00,88,65.0,2020-02-24T10:37:00,0.2,254,5.0,317.0,2020-02-24T12:41:00,0.0,,,,,,,,,,,,,,,,0.0,,,,0,,97.0,2020-02-24T23:53:00,,,,,,,,,,,,,,,,,,,,,,,,,,,,,,,,,,,,,,,,,,,,,,,,,,,,,,,,,,,,,,,,,,,,,,,,,,
2020-02-25,1006.1,1008.1,2020-02-25T10:03:00,1004.0,2020-02-25T15:21:00,20.4,28.1,2020-02-25T15:04:00,14.2,2020-02-25T04:51:00,76,46.0,2020-02-25T15:05:00,0.2,256,4.8,308.0,2020-02-25T13:41:00,0.0,,,,,,,,,,,,,,,,0.0,,,,0,,97.0,2020-02-25T00:03:00,,,,,,,,,,,,,,,,,,,,,,,,,,,,,,,,,,,,,,,,,,,,,,,,,,,,,,,,,,,,,,,,,,,,,,,,,,
2020-02-26,1006.3,1007.7,2020-02-26T21:27:00,1005.1,2020-02-26T15:42:00,21.0,24.0,2020-02-26T16:16:00,18.6,2020-02-26T22:15:00,79,59.0,2020-02-26T15:42:00,0.5,7,5.0,356.0,2020-02-26T17:53:00,0.0,,,,,,,,,,,,,,,,0.0,,,,0,,93.0,2020-02-26T22:21:00,,,,,,,,,,,,,,,,,,,,,,,,,,,,,,,,,,,,,,,,,,,,,,,,,,,,,,,,,,,,,,,,,,,,,,,,,,
2020-02-27,1007.4,1009.8,2020-02-27T08:55:00,1005.8,2020-02-27T15:56:00,19.5,23.1,2020-02-27T13:19:00,17.2,2020-02-27T23:52:00,79,64.0,2020-02-27T13:20:00,1.2,32,8.1,17.0,2020-02-27T14:31:00,0.0,,,,,,,,,,,,,,,,0.0,,,,0,,92.0,2020-02-27T23:54:00,,,,,,,,,,,,,,,,,,,,,,,,,,,,,,,,,,,,,,,,,,,,,,,,,,,,,,,,,,,,,,,,,,,,,,,,,,
2020-02-28,1005.5,1007.1,2020-02-28T10:23:00,1004.1,2020-02-28T23:56:00,18.3,22.4,2020-02-28T10:14:00,16.4,2020-02-28T06:11:00,89,72.0,2020-02-28T10:12:00,0.4,91,4.1,301.0,2020-02-28T11:37:00,0.0,,,,,,,,,,,,,,,,0.0,,,,0,,96.0,2020-02-28T14:44:00,,,,,,,,,,,,,,,,,,,,,,,,,,,,,,,,,,,,,,,,,,,,,,,,,,,,,,,,,,,,,,,,,,,,,,,,,,
2020-02-29,1002.6,1004.4,2020-02-29T08:54:00,1000.4,2020-02-29T17:09:00,20.4,27.5,2020-02-29T14:10:00,14.8,2020-02-29T03:26:00,80,57.0,2020-02-29T14:13:00,0.5,99,6.3,298.0,2020-02-29T14:49:00,0.0,,,,,,,,,,,,,,,,0.0,,,,0,,94.0,2020-02-29T03:35:00,,,,,,,,,,,,,,,,,,,,,,,,,,,,,,,,,,,,,,,,,,,,,,,,,,,,,,,,,,,,,,,,,,,,,,,,,,
2020-03-01,1002.6,1005.4,2020-03-01T23:55:00,1000.7,2020-03-01T04:10:00,19.6,23.8,2020-03-01T09:44:00,17.0,2020-03-01T04:51:00,89,74.0,2020-03-01T08:48:00,0.7,13,5.7,12.0,2020-03-01T21:17:00,0.0,,,,,,,,,,,,,,,,0.0,,,,0,,95.0,2020-03-01T05:21:00,,,,,,,,,,,,,,,,,,,,,,,,,,,,,,,,,,,,,,,,,,,,,,,,,,,,,,,,,,,,,,,,,,,,,,,,,,
2020-03-02,1006.4,1008.6,2020-03-02T09:05:00,1004.2,2020-03-02T15:03:00,16.9,20.7,2020-03-02T14:08:00,12.7,2020-03-02T23:51:00,76,61.0,2020-03-02T14:03:00,1.6,9,10.0,48.0,2020-03-02T03:49:00,0.0,,,,,,,,,,,,,,,,0.0,,,,0,,94.0,2020-03-02T23:59:00,,,,,,,,,,,,,,,,,,,,,,,,,,,,,,,,,,,,,,,,,,,,,,,,,,,,,,,,,,,,,,,,,,,,,,,,,,
2020-03-03,1006.7,1009.4,2020-03-03T09:29:00,1003.9,2020-03-03T16:37:00,17.9,25.2,2020-03-03T14:45:00,12.0,2020-03-03T06:22:00,83,54.0,2020-03-03T14:42:00,0.2,9,4.8,7.0,2020-03-03T16:46:00,0.0,,,,,,,,,,,,,,,,0.0,,,,0,,96.0,2020-03-03T07:16:00,,,,,,,,,,,,,,,,,,,,,,,,,,,,,,,,,,,,,,,,,,,,,,,,,,,,,,,,,,,,,,,,,,,,,,,,,,
2020-03-04,1006.6,1009.5,2020-03-04T22:33:00,1004.1,2020-03-04T15:18:00,16.4,18.5,2020-03-04T08:00:00,13.7,2020-03-04T23:57:00,89,75.0,2020-03-04T16:25:00,1.1,15,8.1,15.0,2020-03-04T15:51:00,1.0,,,,,,,,,,,,,,,,0.5,2020-03-04T21:00:00,,,0,,96.0,2020-03-04T04:44:00,,,,,,,,,,,,,,,,,,,,,,,,,,,,,,,,,,,,,,,,,,,,,,,,,,,,,,,,,,,,,,,,,,,,,,,,,,
2020-03-05,1007.3,1009.3,2020-03-05T09:14:00,1005.3,2020-03-05T15:03:00,13.9,16.2,2020-03-05T13:42:00,12.4,2020-03-05T05:11:00,87,74.0,2020-03-05T13:39:00,1.1,15,7.6,6.0,2020-03-05T05:38:00,12.5,,,,,,,,,,,,,,,,4.0,2020-03-05T04:00:00,,,0,,95.0,2020-03-05T23:59:00,,,,,,,,,,,,,,,,,,,,,,,,,,,,,,,,,,,,,,,,,,,,,,,,,,,,,,,,,,,,,,,,,,,,,,,,,,
2020-03-06,1004.9,1007.0,2020-03-06T09:37:00,1002.3,2020-03-06T16:40:00,16.7,20.6,2020-03-06T10:34:00,12.0,2020-03-06T01:01:00,86,66.0,2020-03-06T10:36:00,0.3,1,3.4,252.0,2020-03-06T10:34:00,0.0,,,,,,,,,,,,,,,,0.0,,,,0,,96.0,2020-03-06T01:54:00,,,,,,,,,,,,,,,,,,,,,,,,,,,,,,,,,,,,,,,,,,,,,,,,,,,,,,,,,,,,,,,,,,,,,,,,,,
2020-03-07,1002.2,1004.6,2020-03-07T09:00:00,999.5,2020-03-07T15:32:00,20.2,26.4,2020-03-07T14:00:00,15.9,2020-03-07T06:01:00,84,59.0,2020-03-07T14:03:00,0.5,13,4.8,270.0,2020-03-07T14:23:00,0.0,,,,,,,,,,,,,,,,0.0,,,,0,,97.0,2020-03-07T06:03:00,,,,,,,,,,,,,,,,,,,,,,,,,,,,,,,,,,,,,,,,,,,,,,,,,,,,,,,,,,,,,,,,,,,,,,,,,,
2020-03-08,999.8,1002.0,2020-03-09T00:00:00,997.6,2020-03-08T14:24:00,20.3,25.1,2020-03-08T13:54:00,17.2,2020-03-08T03:32:00,90,69.0,2020-03-08T12:15:00,0.4,203,4.7,308.0,2020-03-08T15:16:00,0.5,,,,,,,,,,,,,,,,0.5,2020-03-08T23:59:00,,,0,,97.0,2020-03-08T23:59:00,,,,,,,,,,,,,,,,,,,,,,,,,,,,,,,,,,,,,,,,,,,,,,,,,,,,,,,,,,,,,,,,,,,,,,,,,,
2020-03-09,995.7,999.4,2020-03-10T00:00:00,993.6,2020-03-09T17:48:00,21.8,27.6,2020-03-09T10:36:00,17.7,2020-03-09T06:27:00,86,60.0,2020-03-09T10:50:00,1.3,243,13.2,190.0,2020-03-09T23:32:00,0.0,,,,,,,,,,,,,,,,0.0,,,,0,,98.0,2020-03-09T06:27:00,,,,,,,,,,,,,,,,,,,,,,,,,,,,,,,,,,,,,,,,,,,,,,,,,,,,,,,,,,,,,,,,,,,,,,,,,,
2020-03-10,1001.8,1006.8,2020-03-10T22:55:00,995.4,2020-03-10T03:31:00,17.4,25.4,2020-03-10T00:05:00,14.4,2020-03-10T18:21:00,87,61.0,2020-03-10T23:55:00,1.4,17,9.4,231.0,2020-03-10T00:23:00,61.0,,,,,,,,,,,,,,,,25.5,2020-03-10T05:00:00,,,0,,98.0,2020-03-10T08:30:00,,,,,,,,,,,,,,,,,,,,,,,,,,,,,,,,,,,,,,,,,,,,,,,,,,,,,,,,,,,,,,,,,,,,,,,,,,
2020-03-11,1006.0,1007.8,2020-03-11T08:58:00,1004.4,2020-03-11T13:46:00,17.5,22.4,2020-03-11T14:23:00,14.0,2020-03-11T06:22:00,68,51.0,2020-03-11T12:28:00,0.7,2,5.6,6.0,2020-03-11T08:31:00,0.0,,,,,,,,,,,,,,,,0.0,,,,0,,93.0,2020-03-11T23:24:00,,,,,,,,,,,,,,,,,,,,,,,,,,,,,,,,,,,,,,,,,,,,,,,,,,,,,,,,,,,,,,,,,,,,,,,,,,
2020-03-12,1004.2,1006.8,2020-03-12T08:20:00,1001.9,2020-03-12T18:09:00,17.6,19.2,2020-03-12T16:09:00,15.4,2020-03-12T01:01:00,92,87.0,2020-03-12T16:02:00,0.2,17,4.1,307.0,2020-03-12T09:23:00,0.5,,,,,,,,,,,,,,,,0.5,2020-03-12T08:00:00,,,0,,97.0,2020-03-12T23:57:00,,,,,,,,,,,,,,,,,,,,,,,,,,,,,,,,,,,,,,,,,,,,,,,,,,,,,,,,,,,,,,,,,,,,,,,,,,
2020-03-13,1004.2,1006.1,2020-03-13T09:56:00,1002.3,2020-03-13T13:44:00,19.0,24.2,2020-03-13T13:17:00,17.3,2020-03-13T03:01:00,95,79.0,2020-03-13T13:19:00,0.5,4,5.0,303.0,2020-03-13T13:41:00,3.0,,,,,,,,,,,,,,,,1.5,2020-03-13T22:00:00,,,0,,98.0,2020-03-13T04:28:00,,,,,,,,,,,,,,,,,,,,,,,,,,,,,,,,,,,,,,,,,,,,,,,,,,,,,,,,,,,,,,,,,,,,,,,,,,
2020-03-14,1005.7,1007.7,2020-03-14T09:33:00,1004.1,2020-03-14T05:05:00,15.2,17.5,2020-03-14T00:05:00,14.1,2020-03-14T09:36:00,80,63.0,2020-03-14T16:06:00,1.7,23,9.1,51.0,2020-03-14T14:11:00,3.0,,,,,,,,,,,,,,,,1.0,2020-03-14T09:00:00,,,0,,95.0,2020-03-14T00:02:00,,,,,,,,,,,,,,,,,,,,,,,,,,,,,,,,,,,,,,,,,,,,,,,,,,,,,,,,,,,,,,,,,,,,,,,,,,
2020-03-15,1006.7,1008.3,2020-03-15T08:20:00,1004.2,2020-03-15T15:36:00,16.0,22.3,2020-03-15T14:14:00,12.0,2020-03-15T06:01:00,62,36.0,2020-03-15T10:16:00,1.2,15,10.6,15.0,2020-03-15T10:26:00,0.0,,,,,,,,,,,,,,,,0.0,,,,0,,90.0,2020-03-15T21:17:00,,,,,,,,,,,,,,,,,,,,,,,,,,,,,,,,,,,,,,,,,,,,,,,,,,,,,,,,,,,,,,,,,,,,,,,,,,
2020-03-16,1007.3,1009.4,2020-03-16T09:27:00,1005.3,2020-03-16T15:52:00,17.0,24.0,2020-03-16T14:09:00,9.3,2020-03-16T06:37:00,70,37.0,2020-03-16T15:15:00,0.7,44,6.5,337.0,2020-03-16T12:24:00,0.0,,,,,,,,,,,,,,,,0.0,,,,0,,96.0,2020-03-16T07:03:00,,,,,,,,,,,,,,,,,,,,,,,,,,,,,,,,,,,,,,,,,,,,,,,,,,,,,,,,,,,,,,,,,,,,,,,,,,
2020-03-17,1006.9,1008.2,2020-03-17T08:47:00,1005.2,2020-03-18T00:00:00,18.3,23.1,2020-03-17T11:12:00,15.0,2020-03-17T06:22:00,80,57.0,2020-03-17T11:02:00,0.7,10,5.8,337.0,2020-03-17T11:47:00,0.0,,,,,,,,,,,,,,,,0.0,,,,0,,92.0,2020-03-17T06:23:00,,,,,,,,,,,,,,,,,,,,,,,,,,,,,,,,,,,,,,,,,,,,,,,,,,,,,,,,,,,,,,,,,,,,,,,,,,
2020-03-18,1003.8,1006.1,2020-03-18T08:35:00,1000.8,2020-03-18T18:06:00,18.8,23.1,2020-03-18T11:03:00,15.7,2020-03-18T06:26:00,87,60.0,2020-03-18T10:57:00,0.4,6,3.8,248.0,2020-03-18T13:51:00,1.0,,,,,,,,,,,,,,,,1.0,2020-03-18T16:00:00,,,0,,97.0,2020-03-18T23:33:00,,,,,,,,,,,,,,,,,,,,,,,,,,,,,,,,,,,,,,,,,,,,,,,,,,,,,,,,,,,,,,,,,,,,,,,,,,
2020-03-19,1002.7,1004.6,2020-03-19T22:01:00,1000.5,2020-03-19T05:39:00,19.0,21.8,2020-03-19T12:50:00,17.0,2020-03-19T02:02:00,96,86.0,2020-03-19T12:56:00,0.5,17,5.3,245.0,2020-03-19T12:51:00,9.5,,,,,,,,,,,,,,,,3.0,2020-03-19T08:00:00,,,0,,98.0,2020-03-19T02:31:00,,,,,,,,,,,,,,,,,,,,,,,,,,,,,,,,,,,,,,,,,,,,,,,,,,,,,,,,,,,,,,,,,,,,,,,,,,
2020-03-20,1003.3,1004.6,2020-03-20T09:57:00,1001.5,2020-03-20T15:18:00,20.1,23.6,2020-03-20T11:34:00,16.8,2020-03-20T06:26:00,89,69.0,2020-03-20T12:35:00,0.3,169,3.3,333.0,2020-03-20T10:43:00,0.0,,,,,,,,,,,,,,,,0.0,,,,0,,98.0,2020-03-20T07:52:00,,,,,,,,,,,,,,,,,,,,,,,,,,,,,,,,,,,,,,,,,,,,,,,,,,,,,,,,,,,,,,,,,,,,,,,,,,
2020-03-21,1002.9,1005.4,2020-03-21T08:02:00,999.3,2020-03-21T15:48:00,22.2,27.9,2020-03-21T15:41:00,18.8,2020-03-21T06:22:00,83,59.0,2020-03-21T14:16:00,0.4,109,8.6,7.0,2020-03-21T16:18:00,0.0,,,,,,,,,,,,,,,,0.0,,,,0,,97.0,2020-03-21T00:34:00,,,,,,,,,,,,,,,,,,,,,,,,,,,,,,,,,,,,,,,,,,,,,,,,,,,,,,,,,,,,,,,,,,,,,,,,,,
2020-03-22,1000.9,1003.9,2020-03-22T23:12:00,997.3,2020-03-22T16:26:00,23.8,30.4,2020-03-22T15:05:00,18.4,2020-03-22T05:02:00,79,47.0,2020-03-22T14:32:00,1.5,244,12.1,256.0,2020-03-22T13:28:00,0.0,,,,,,,,,,,,,,,,0.0,,,,0,,97.0,2020-03-22T05:19:00,,,,,,,,,,,,,,,,,,,,,,,,,,,,,,,,,,,,,,,,,,,,,,,,,,,,,,,,,,,,,,,,,,,,,,,,,,
2020-03-23,1002.7,1005.2,2020-03-23T21:06:00,1001.3,2020-03-23T03:40:00,21.2,24.3,2020-03-23T10:09:00,18.6,2020-03-23T23:52:00,85,75.0,2020-03-23T14:09:00,1.0,11,6.5,25.0,2020-03-23T10:22:00,0.0,,,,,,,,,,,,,,,,0.0,,,,0,,96.0,2020-03-23T06:48:00,,,,,,,,,,,,,,,,,,,,,,,,,,,,,,,,,,,,,,,,,,,,,,,,,,,,,,,,,,,,,,,,,,,,,,,,,,
2020-03-24,1003.1,1004.4,2020-03-24T09:49:00,1001.8,2020-03-24T15:53:00,20.9,25.9,2020-03-24T12:11:00,18.0,2020-03-24T06:12:00,83,63.0,2020-03-24T12:03:00,0.6,4,5.5,321.0,2020-03-24T00:11:00,0.0,,,,,,,,,,,,,,,,0.0,,,,0,,96.0,2020-03-24T23:15:00,,,,,,,,,,,,,,,,,,,,,,,,,,,,,,,,,,,,,,,,,,,,,,,,,,,,,,,,,,,,,,,,,,,,,,,,,,
2020-03-25,1002.2,1003.8,2020-03-25T09:00:00,1000.7,2020-03-25T16:53:00,22.1,27.2,2020-03-25T11:27:00,18.3,2020-03-25T03:22:00,87,65.0,2020-03-25T11:07:00,0.5,276,5.6,329.0,2020-03-25T12:42:00,0.0,,,,,,,,,,,,,,,,0.0,,,,0,,97.0,2020-03-25T01:35:00,,,,,,,,,,,,,,,,,,,,,,,,,,,,,,,,,,,,,,,,,,,,,,,,,,,,,,,,,,,,,,,,,,,,,,,,,,
2020-03-26,1002.0,1003.7,2020-03-26T22:17:00,999.2,2020-03-26T15:45:00,23.7,31.0,2020-03-26T12:34:00,18.6,2020-03-26T06:31:00,81,48.0,2020-03-26T12:28:00,0.5,94,7.6,249.0,2020-03-26T12:44:00,1.0,,,,,,,,,,,,,,,,1.0,2020-03-26T21:00:00,,,0,,96.0,2020-03-26T23:23:00,,,,,,,,,,,,,,,,,,,,,,,,,,,,,,,,,,,,,,,,,,,,,,,,,,,,,,,,,,,,,,,,,,,,,,,,,,
2020-03-27,1001.6,1003.2,2020-03-27T08:50:00,999.8,2020-03-27T14:08:00,23.9,30.0,2020-03-27T11:40:00,20.0,2020-03-27T06:31:00,87,58.0,2020-03-27T11:40:00,0.9,12,9.9,266.0,2020-03-27T13:45:00,0.5,,,,,,,,,,,,,,,,0.5,2020-03-27T20:00:00,,,0,,97.0,2020-03-27T03:22:00,,,,,,,,,,,,,,,,,,,,,,,,,,,,,,,,,,,,,,,,,,,,,,,,,,,,,,,,,,,,,,,,,,,,,,,,,,
2020-03-28,1003.3,1006.5,2020-03-28T20:04:00,999.5,2020-03-28T03:16:00,17.3,21.5,2020-03-28T00:14:00,13.6,2020-03-28T23:52:00,93,83.0,2020-03-28T22:05:00,1.1,48,8.4,19.0,2020-03-28T21:00:00,33.0,,,,,,,,,,,,,,,,14.0,2020-03-28T04:00:00,,,0,,98.0,2020-03-28T07:08:00,,,,,,,,,,,,,,,,,,,,,,,,,,,,,,,,,,,,,,,,,,,,,,,,,,,,,,,,,,,,,,,,,,,,,,,,,,
2020-03-29,1003.2,1006.3,2020-03-29T00:25:00,999.2,2020-03-29T15:17:00,16.8,22.4,2020-03-29T15:26:00,12.7,2020-03-29T03:41:00,79,63.0,2020-03-29T15:27:00,0.9,6,7.2,77.0,2020-03-29T01:11:00,0.0,,,,,,,,,,,,,,,,0.0,,,,0,,91.0,2020-03-29T23:45:00,,,,,,,,,,,,,,,,,,,,,,,,,,,,,,,,,,,,,,,,,,,,,,,,,,,,,,,,,,,,,,,,,,,,,,,,,,
2020-03-30,1001.7,1003.1,2020-03-30T08:05:00,1000.0,2020-03-30T04:53:00,18.2,20.2,2020-03-30T14:55:00,17.2,2020-03-30T03:52:00,93,87.0,2020-03-30T09:15:00,0.5,5,5.6,7.0,2020-03-30T16:22:00,1.5,,,,,,,,,,,,,,,,1.0,2020-03-30T23:59:00,,,0,,95.0,2020-03-30T18:52:00,,,,,,,,,,,,,,,,,,,,,,,,,,,,,,,,,,,,,,,,,,,,,,,,,,,,,,,,,,,,,,,,,,,,,,,,,,
2020-03-31,1001.0,1003.3,2020-03-31T07:45:00,998.2,2020-03-31T15:44:00,19.8,23.7,2020-03-31T11:02:00,17.0,2020-03-31T02:11:00,90,75.0,2020-03-31T11:03:00,0.6,38,5.1,309.0,2020-03-31T11:02:00,2.0,,,,,,,,,,,,,,,,1.0,2020-03-31T01:00:00,,,0,,97.0,2020-03-31T04:50:00,,,,,,,,,,,,,,,,,,,,,,,,,,,,,,,,,,,,,,,,,,,,,,,,,,,,,,,,,,,,,,,,,,,,,,,,,,
2020-04-01,1004.5,1006.5,2020-04-01T11:25:00,1001.5,2020-04-01T01:38:00,17.2,19.2,2020-04-01T08:56:00,15.5,2020-04-01T22:11:00,87,73.0,2020-04-01T16:44:00,1.1,33,9.2,104.0,2020-04-01T16:31:00,10.0,,,,,,,,,,,,,,,,4.0,2020-04-01T03:00:00,,,0,,98.0,2020-04-01T02:32:00,,,,,,,,,,,,,,,,,,,,,,,,,,,,,,,,,,,,,,,,,,,,,,,,,,,,,,,,,,,,,,,,,,,,,,,,,,
2020-04-02,1006.1,1008.7,2020-04-02T07:40:00,1003.6,2020-04-02T02:47:00,17.2,20.6,2020-04-02T14:02:00,15.0,2020-04-02T02:41:00,93,82.0,2020-04-03T00:00:00,0.3,2,6.3,106.0,2020-04-02T04:33:00,12.0,,,,,,,,,,,,,,,,4.5,2020-04-02T06:00:00,,,0,,98.0,2020-04-02T23:44:00,,,,,,,,,,,,,,,,,,,,,,,,,,,,,,,,,,,,,,,,,,,,,,,,,,,,,,,,,,,,,,,,,,,,,,,,,,
2020-04-03,1005.6,1007.6,2020-04-03T20:42:00,1003.6,2020-04-03T14:24:00,18.8,24.9,2020-04-03T12:26:00,17.0,2020-04-03T00:22:00,90,70.0,2020-04-03T12:29:00,0.8,26,5.8,8.0,2020-04-03T16:13:00,1.0,,,,,,,,,,,,,,,,0.5,2020-04-03T04:00:00,,,0,,98.0,2020-04-03T01:05:00,,,,,,,,,,,,,,,,,,,,,,,,,,,,,,,,,,,,,,,,,,,,,,,,,,,,,,,,,,,,,,,,,,,,,,,,,,
2020-04-04,1006.7,1009.1,2020-04-04T21:02:00,1004.0,2020-04-04T03:13:00,17.1,19.0,2020-04-04T11:42:00,15.7,2020-04-04T22:26:00,85,75.0,2020-04-04T23:31:00,1.2,18,8.1,2.0,2020-04-04T05:33:00,0.0,,,,,,,,,,,,,,,,0.0,,,,0,,94.0,2020-04-04T03:28:00,,,,,,,,,,,,,,,,,,,,,,,,,,,,,,,,,,,,,,,,,,,,,,,,,,,,,,,,,,,,,,,,,,,,,,,,,,
2020-04-05,1007.0,1008.4,2020-04-05T21:44:00,1005.4,2020-04-05T15:14:00,16.1,19.7,2020-04-05T11:08:00,14.2,2020-04-05T19:01:00,80,64.0,2020-04-05T11:26:00,0.9,51,7.3,63.0,2020-04-05T13:30:00,4.0,,,,,,,,,,,,,,,,1.5,2020-04-05T16:00:00,,,0,,95.0,2020-04-05T16:58:00,,,,,,,,,,,,,,,,,,,,,,,,,,,,,,,,,,,,,,,,,,,,,,,,,,,,,,,,,,,,,,,,,,,,,,,,,,
2020-04-06,1004.6,1007.1,2020-04-06T00:28:00,1002.4,2020-04-06T16:16:00,16.6,20.3,2020-04-06T11:10:00,14.0,2020-04-06T01:21:00,90,69.0,2020-04-06T11:03:00,0.4,23,4.2,14.0,2020-04-06T09:04:00,13.0,,,,,,,,,,,,,,,,2.5,2020-04-06T15:00:00,,,0,,98.0,2020-04-06T23:45:00,,,,,,,,,,,,,,,,,,,,,,,,,,,,,,,,,,,,,,,,,,,,,,,,,,,,,,,,,,,,,,,,,,,,,,,,,,
2020-04-07,1003.6,1004.8,2020-04-07T21:04:00,1000.2,2020-04-07T03:44:00,15.8,18.2,2020-04-07T13:01:00,14.4,2020-04-07T06:51:00,89,77.0,2020-04-07T13:13:00,0.9,10,7.4,340.0,2020-04-07T03:50:00,3.0,,,,,,,,,,,,,,,,1.0,2020-04-07T02:00:00,,,0,,98.0,2020-04-07T01:31:00,,,,,,,,,,,,,,,,,,,,,,,,,,,,,,,,,,,,,,,,,,,,,,,,,,,,,,,,,,,,,,,,,,,,,,,,,,
2020-04-08,1003.6,1005.4,2020-04-08T20:56:00,1002.2,2020-04-08T15:46:00,17.7,21.0,2020-04-08T14:34:00,14.8,2020-04-08T00:27:00,83,71.0,2020-04-08T14:35:00,0.6,12,5.7,51.0,2020-04-08T12:34:00,0.0,,,,,,,,,,,,,,,,0.0,,,,0,,95.0,2020-04-08T23:27:00,,,,,,,,,,,,,,,,,,,,,,,,,,,,,,,,,,,,,,,,,,,,,,,,,,,,,,,,,,,,,,,,,,,,,,,,,,
2020-04-09,1004.9,1006.6,2020-04-09T08:34:00,1003.1,2020-04-09T16:15:00,19.1,24.7,2020-04-09T15:01:00,15.2,2020-04-09T23:41:00,78,47.0,2020-04-09T14:46:00,0.8,16,7.2,17.0,2020-04-09T11:58:00,0.0,,,,,,,,,,,,,,,,0.0,,,,0,,96.0,2020-04-09T01:57:00,,,,,,,,,,,,,,,,,,,,,,,,,,,,,,,,,,,,,,,,,,,,,,,,,,,,,,,,,,,,,,,,,,,,,,,,,,
2020-04-10,1005.2,1007.2,2020-04-10T09:09:00,1003.1,2020-04-10T16:26:00,20.7,27.4,2020-04-10T12:29:00,13.6,2020-04-10T03:27:00,77,50.0,2020-04-10T15:52:00,0.4,248,5.8,314.0,2020-04-10T12:59:00,0.0,,,,,,,,,,,,,,,,0.0,,,,0,,97.0,2020-04-10T05:52:00,,,,,,,,,,,,,,,,,,,,,,,,,,,,,,,,,,,,,,,,,,,,,,,,,,,,,,,,,,,,,,,,,,,,,,,,,,
2020-04-11,1002.7,1004.7,2020-04-11T10:07:00,1000.7,2020-04-11T17:52:00,18.2,21.8,2020-04-11T09:15:00,16.4,2020-04-11T06:12:00,92,77.0,2020-04-11T08:15:00,0.6,99,5.3,265.0,2020-04-11T10:01:00,22.5,,,,,,,,,,,,,,,,9.5,2020-04-11T23:59:00,,,0,,98.0,2020-04-11T23:54:00,,,,,,,,,,,,,,,,,,,,,,,,,,,,,,,,,,,,,,,,,,,,,,,,,,,,,,,,,,,,,,,,,,,,,,,,,,
2020-04-12,1004.9,1007.4,2020-04-12T21:26:00,1001.4,2020-04-12T03:17:00,15.5,17.6,2020-04-12T00:08:00,13.1,2020-04-12T23:58:00,72,38.0,2020-04-12T23:27:00,1.2,78,9.0,6.0,2020-04-12T09:32:00,3.5,,,,,,,,,,,,,,,,2.0,2020-04-12T01:00:00,,,0,,98.0,2020-04-12T00:56:00,,,,,,,,,,,,,,,,,,,,,,,,,,,,,,,,,,,,,,,,,,,,,,,,,,,,,,,,,,,,,,,,,,,,,,,,,,
2020-04-13,1006.3,1007.8,2020-04-13T21:51:00,1004.2,2020-04-13T14:38:00,15.1,21.4,2020-04-13T13:54:00,7.2,2020-04-13T05:59:00,53,25.0,2020-04-13T09:46:00,1.2,85,10.1,6.0,2020-04-13T13:13:00,0.0,,,,,,,,,,,,,,,,0.0,,,,0,,83.0,2020-04-13T06:03:00,,,,,,,,,,,,,,,,,,,,,,,,,,,,,,,,,,,,,,,,,,,,,,,,,,,,,,,,,,,,,,,,,,,,,,,,,,
2020-04-14,1004.5,1006.6,2020-04-14T09:09:00,1002.7,2020-04-14T16:50:00,17.1,23.3,2020-04-14T12:21:00,10.2,2020-04-14T06:02:00,71,45.0,2020-04-14T11:50:00,0.5,91,6.2,253.0,2020-04-14T11:00:00,0.0,,,,,,,,,,,,,,,,0.0,,,,0,,94.0,2020-04-14T05:30:00,,,,,,,,,,,,,,,,,,,,,,,,,,,,,,,,,,,,,,,,,,,,,,,,,,,,,,,,,,,,,,,,,,,,,,,,,,
2020-04-15,1003.0,1004.8,2020-04-15T09:44:00,1001.3,2020-04-15T16:11:00,19.6,24.7,2020-04-15T11:48:00,15.9,2020-04-15T02:51:00,73,53.0,2020-04-15T12:56:00,1.0,98,9.5,253.0,2020-04-15T13:19:00,0.0,,,,,,,,,,,,,,,,0.0,,,,0,,91.0,2020-04-15T03:23:00,,,,,,,,,,,,,,,,,,,,,,,,,,,,,,,,,,,,,,,,,,,,,,,,,,,,,,,,,,,,,,,,,,,,,,,,,,
2020-04-16,1002.9,1004.0,2020-04-16T21:11:00,1001.8,2020-04-16T01:17:00,20.0,26.2,2020-04-16T12:30:00,13.3,2020-04-16T05:51:00,72,46.0,2020-04-16T10:48:00,0.7,58,5.8,5.0,2020-04-16T12:46:00,0.0,,,,,,,,,,,,,,,,0.0,,,,0,,92.0,2020-04-16T05:52:00,,,,,,,,,,,,,,,,,,,,,,,,,,,,,,,,,,,,,,,,,,,,,,,,,,,,,,,,,,,,,,,,,,,,,,,,,,
2020-04-17,1003.2,1005.1,2020-04-17T10:48:00,1001.9,2020-04-17T17:30:00,21.2,26.9,2020-04-17T10:08:00,15.9,2020-04-17T05:41:00,78,54.0,2020-04-17T10:00:00,0.7,92,5.4,345.0,2020-04-17T11:46:00,0.0,,,,,,,,,,,,,,,,0.0,,,,0,,92.0,2020-04-17T20:18:00,,,,,,,,,,,,,,,,,,,,,,,,,,,,,,,,,,,,,,,,,,,,,,,,,,,,,,,,,,,,,,,,,,,,,,,,,,
2020-04-18,1002.6,1004.7,2020-04-18T08:47:00,1000.7,2020-04-18T16:52:00,23.1,27.7,2020-04-18T14:53:00,17.7,2020-04-18T04:41:00,80,60.0,2020-04-18T10:35:00,0.5,3,3.8,339.0,2020-04-18T15:14:00,0.0,,,,,,,,,,,,,,,,0.0,,,,0,,93.0,2020-04-18T01:01:00,,,,,,,,,,,,,,,,,,,,,,,,,,,,,,,,,,,,,,,,,,,,,,,,,,,,,,,,,,,,,,,,,,,,,,,,,,
2020-04-19,999.4,1001.4,2020-04-20T00:00:00,997.0,2020-04-19T16:03:00,24.5,29.0,2020-04-19T12:13:00,20.9,2020-04-19T06:11:00,85,60.0,2020-04-19T08:32:00,1.6,251,12.0,215.0,2020-04-19T14:50:00,0.0,,,,,,,,,,,,,,,,0.0,,,,0,,95.0,2020-04-20T00:00:00,,,,,,,,,,,,,,,,,,,,,,,,,,,,,,,,,,,,,,,,,,,,,,,,,,,,,,,,,,,,,,,,,,,,,,,,,,
2020-04-20,1001.0,1003.3,2020-04-20T08:16:00,999.2,2020-04-20T16:09:00,24.6,29.5,2020-04-20T13:59:00,21.4,2020-04-20T04:22:00,81,62.0,2020-04-20T14:01:00,0.4,105,4.3,317.0,2020-04-20T10:56:00,0.0,,,,,,,,,,,,,,,,0.0,,,,0,,96.0,2020-04-20T00:18:00,,,,,,,,,,,,,,,,,,,,,,,,,,,,,,,,,,,,,,,,,,,,,,,,,,,,,,,,,,,,,,,,,,,,,,,,,,
2020-04-21,1001.6,1004.0,2020-04-21T22:38:00,1000.2,2020-04-21T03:51:00,21.2,24.1,2020-04-21T11:22:00,18.8,2020-04-21T23:52:00,92,80.0,2020-04-21T11:42:00,0.5,326,6.2,8.0,2020-04-21T14:32:00,1.0,,,,,,,,,,,,,,,,0.5,2020-04-21T15:00:00,,,0,,96.0,2020-04-21T23:53:00,,,,,,,,,,,,,,,,,,,,,,,,,,,,,,,,,,,,,,,,,,,,,,,,,,,,,,,,,,,,,,,,,,,,,,,,,,
2020-04-22,1003.5,1005.1,2020-04-22T23:08:00,1001.4,2020-04-22T13:39:00,18.7,22.1,2020-04-22T13:29:00,17.2,2020-04-22T23:53:00,87,72.0,2020-04-22T13:38:00,1.0,28,7.8,55.0,2020-04-22T12:11:00,3.5,,,,,,,,,,,,,,,,2.5,2020-04-22T23:59:00,,,0,,96.0,2020-04-22T01:29:00,,,,,,,,,,,,,,,,,,,,,,,,,,,,,,,,,,,,,,,,,,,,,,,,,,,,,,,,,,,,,,,,,,,,,,,,,,
2020-04-23,1004.8,1006.3,2020-04-23T20:15:00,1003.3,2020-04-23T02:06:00,17.5,21.1,2020-04-23T12:12:00,14.9,2020-04-23T21:12:00,90,77.0,2020-04-23T15:02:00,0.8,9,5.7,4.0,2020-04-23T21:09:00,12.0,,,,,,,,,,,,,,,,2.0,2020-04-23T02:00:00,,,0,,98.0,2020-04-23T05:33:00,,,,,,,,,,,,,,,,,,,,,,,,,,,,,,,,,,,,,,,,,,,,,,,,,,,,,,,,,,,,,,,,,,,,,,,,,,
2020-04-24,1005.3,1006.7,2020-04-24T09:18:00,1003.7,2020-04-24T03:18:00,16.0,17.1,2020-04-24T10:25:00,15.2,2020-04-24T01:52:00,93,88.0,2020-04-24T14:32:00,0.5,5,4.8,18.0,2020-04-24T10:56:00,8.0,,,,,,,,,,,,,,,,3.5,2020-04-24T04:00:00,,,0,,98.0,2020-04-24T05:21:00,,,,,,,,,,,,,,,,,,,,,,,,,,,,,,,,,,,,,,,,,,,,,,,,,,,,,,,,,,,,,,,,,,,,,,,,,,
2020-04-25,1004.4,1005.9,2020-04-25T22:14:00,1002.7,2020-04-25T15:27:00,19.5,23.9,2020-04-25T15:31:00,15.7,2020-04-25T01:51:00,89,71.0,2020-04-25T15:29:00,0.2,143,2.6,17.0,2020-04-25T14:57:00,0.0,,,,,,,,,,,,,,,,0.0,,,,0,,97.0,2020-04-25T03:36:00,,,,,,,,,,,,,,,,,,,,,,,,,,,,,,,,,,,,,,,,,,,,,,,,,,,,,,,,,,,,,,,,,,,,,,,,,,
2020-04-26,1004.3,1006.4,2020-04-26T08:59:00,1002.7,2020-04-26T15:58:00,20.3,23.5,2020-04-26T15:15:00,17.9,2020-04-26T04:51:00,84,65.0,2020-04-26T16:05:00,0.5,13,5.4,101.0,2020-04-26T14:49:00,0.0,,,,,,,,,,,,,,,,0.0,,,,0,,97.0,2020-04-26T02:26:00,,,,,,,,,,,,,,,,,,,,,,,,,,,,,,,,,,,,,,,,,,,,,,,,,,,,,,,,,,,,,,,,,,,,,,,,,,
2020-04-27,1003.5,1004.9,2020-04-27T22:25:00,1002.1,2020-04-27T15:58:00,21.3,27.9,2020-04-27T15:47:00,18.0,2020-04-27T05:01:00,85,59.0,2020-04-27T15:30:00,0.2,4,4.2,15.0,2020-04-27T16:44:00,0.0,,,,,,,,,,,,,,,,0.0,,,,0,,97.0,2020-04-27T03:44:00,,,,,,,,,,,,,,,,,,,,,,,,,,,,,,,,,,,,,,,,,,,,,,,,,,,,,,,,,,,,,,,,,,,,,,,,,,
2020-04-28,1003.6,1005.5,2020-04-28T08:33:00,1001.4,2020-04-28T15:42:00,22.4,28.8,2020-04-28T12:06:00,16.5,2020-04-28T06:01:00,75,44.0,2020-04-28T12:12:00,0.8,5,9.2,9.0,2020-04-28T12:40:00,0.0,,,,,,,,,,,,,,,,0.0,,,,0,,97.0,2020-04-28T06:17:00,,,,,,,,,,,,,,,,,,,,,,,,,,,,,,,,,,,,,,,,,,,,,,,,,,,,,,,,,,,,,,,,,,,,,,,,,,
2020-04-29,1003.9,1005.6,2020-04-29T08:26:00,1002.7,2020-04-29T15:40:00,22.7,28.5,2020-04-29T11:39:00,18.1,2020-04-29T01:22:00,80,59.0,2020-04-29T11:39:00,0.6,332,5.4,303.0,2020-04-29T13:04:00,0.0,,,,,,,,,,,,,,,,0.0,,,,0,,94.0,2020-04-29T01:22:00,,,,,,,,,,,,,,,,,,,,,,,,,,,,,,,,,,,,,,,,,,,,,,,,,,,,,,,,,,,,,,,,,,,,,,,,,,
2020-04-30,1003.2,1005.2,2020-04-30T09:10:00,1001.2,2020-04-30T23:51:00,22.9,28.6,2020-04-30T14:49:00,17.5,2020-04-30T05:26:00,79,51.0,2020-04-30T16:58:00,0.5,294,4.6,306.0,2020-04-30T11:51:00,0.0,,,,,,,,,,,,,,,,0.0,,,,0,,95.0,2020-04-30T05:00:00,,,,,,,,,,,,,,,,,,,,,,,,,,,,,,,,,,,,,,,,,,,,,,,,,,,,,,,,,,,,,,,,,,,,,,,,,,
2020-05-01,1000.6,1002.9,2020-05-01T09:02:00,998.7,2020-05-01T16:37:00,23.5,29.6,2020-05-01T14:04:00,18.6,2020-05-01T02:26:00,79,55.0,2020-05-01T14:06:00,0.4,287,5.0,261.0,2020-05-01T13:35:00,0.0,,,,,,,,,,,,,,,,0.0,,,,0,,93.0,2020-05-01T05:48:00,,,,,,,,,,,,,,,,,,,,,,,,,,,,,,,,,,,,,,,,,,,,,,,,,,,,,,,,,,,,,,,,,,,,,,,,,,
2020-05-02,997.7,999.6,2020-05-02T08:04:00,996.0,2020-05-02T23:58:00,24.4,29.6,2020-05-02T11:54:00,20.7,2020-05-02T03:46:00,78,54.0,2020-05-02T11:51:00,0.4,4,6.7,350.0,2020-05-02T12:00:00,0.0,,,,,,,,,,,,,,,,0.0,,,,0,,93.0,2020-05-02T00:29:00,,,,,,,,,,,,,,,,,,,,,,,,,,,,,,,,,,,,,,,,,,,,,,,,,,,,,,,,,,,,,,,,,,,,,,,,,,
2020-05-03,996.0,997.8,2020-05-03T21:18:00,994.0,2020-05-03T15:54:00,26.7,31.4,2020-05-03T13:00:00,21.8,2020-05-03T05:27:00,78,59.0,2020-05-03T10:30:00,1.7,239,11.1,270.0,2020-05-03T10:23:00,0.0,,,,,,,,,,,,,,,,0.0,,,,0,,94.0,2020-05-03T05:41:00,,,,,,,,,,,,,,,,,,,,,,,,,,,,,,,,,,,,,,,,,,,,,,,,,,,,,,,,,,,,,,,,,,,,,,,,,,
2020-05-04,997.8,999.5,2020-05-04T21:54:00,996.6,2020-05-04T03:32:00,26.9,32.6,2020-05-04T11:39:00,22.0,2020-05-04T05:26:00,80,55.0,2020-05-04T12:44:00,0.6,3,6.2,249.0,2020-05-04T12:19:00,0.0,,,,,,,,,,,,,,,,0.0,,,,0,,95.0,2020-05-04T05:19:00,,,,,,,,,,,,,,,,,,,,,,,,,,,,,,,,,,,,,,,,,,,,,,,,,,,,,,,,,,,,,,,,,,,,,,,,,,
2020-05-05,995.7,998.6,2020-05-06T00:00:00,992.8,2020-05-05T17:23:00,28.5,33.6,2020-05-05T11:14:00,22.3,2020-05-05T05:26:00,71,45.0,2020-05-05T11:08:00,2.1,93,12.6,176.0,2020-05-05T21:19:00,0.0,,,,,,,,,,,,,,,,0.0,,,,0,,95.0,2020-05-05T03:33:00,,,,,,,,,,,,,,,,,,,,,,,,,,,,,,,,,,,,,,,,,,,,,,,,,,,,,,,,,,,,,,,,,,,,,,,,,,
2020-05-06,996.3,998.7,2020-05-06T19:59:00,993.1,2020-05-06T01:00:00,28.1,34.8,2020-05-06T12:13:00,24.5,2020-05-06T23:41:00,72,44.0,2020-05-06T01:07:00,1.8,235,10.9,239.0,2020-05-06T00:05:00,0.0,,,,,,,,,,,,,,,,0.0,,,,0,,95.0,2020-05-06T18:04:00,,,,,,,,,,,,,,,,,,,,,,,,,,,,,,,,,,,,,,,,,,,,,,,,,,,,,,,,,,,,,,,,,,,,,,,,,,
2020-05-07,998.0,999.3,2020-05-07T08:20:00,996.9,2020-05-07T18:35:00,25.2,27.8,2020-05-07T09:37:00,23.3,2020-05-07T04:55:00,90,76.0,2020-05-07T09:02:00,0.4,4,7.7,260.0,2020-05-07T04:32:00,0.5,,,,,,,,,,,,,,,,0.5,2020-05-07T05:00:00,,,0,,96.0,2020-05-07T06:13:00,,,,,,,,,,,,,,,,,,,,,,,,,,,,,,,,,,,,,,,,,,,,,,,,,,,,,,,,,,,,,,,,,,,,,,,,,,
2020-05-08,997.0,998.7,2020-05-08T07:10:00,994.8,2020-05-08T15:49:00,27.8,33.2,2020-05-08T14:04:00,22.7,2020-05-08T05:02:00,75,54.0,2020-05-08T14:00:00,1.7,244,11.8,227.0,2020-05-08T14:55:00,0.0,,,,,,,,,,,,,,,,0.0,,,,0,,95.0,2020-05-08T01:33:00,,,,,,,,,,,,,,,,,,,,,,,,,,,,,,,,,,,,,,,,,,,,,,,,,,,,,,,,,,,,,,,,,,,,,,,,,,
2020-05-09,996.2,997.6,2020-05-09T22:59:00,993.8,2020-05-09T17:02:00,28.3,32.8,2020-05-09T13:23:00,23.5,2020-05-09T05:27:00,74,58.0,2020-05-09T10:47:00,1.9,244,11.8,229.0,2020-05-09T13:58:00,0.0,,,,,,,,,,,,,,,,0.0,,,,0,,92.0,2020-05-09T05:41:00,,,,,,,,,,,,,,,,,,,,,,,,,,,,,,,,,,,,,,,,,,,,,,,,,,,,,,,,,,,,,,,,,,,,,,,,,,
2020-05-10,997.4,999.6,2020-05-10T20:41:00,995.6,2020-05-10T15:33:00,27.6,35.4,2020-05-10T11:51:00,24.1,2020-05-10T05:31:00,81,48.0,2020-05-10T11:59:00,0.7,333,8.1,303.0,2020-05-10T12:19:00,0.0,,,,,,,,,,,,,,,,0.0,,,,0,,95.0,2020-05-10T21:46:00,,,,,,,,,,,,,,,,,,,,,,,,,,,,,,,,,,,,,,,,,,,,,,,,,,,,,,,,,,,,,,,,,,,,,,,,,,
2020-05-11,998.2,999.8,2020-05-11T08:27:00,996.6,2020-05-11T15:19:00,25.7,28.3,2020-05-11T10:42:00,22.9,2020-05-11T22:51:00,86,77.0,2020-05-11T11:22:00,0.4,23,3.9,295.0,2020-05-11T12:44:00,0.0,,,,,,,,,,,,,,,,0.0,,,,0,,95.0,2020-05-11T23:09:00,,,,,,,,,,,,,,,,,,,,,,,,,,,,,,,,,,,,,,,,,,,,,,,,,,,,,,,,,,,,,,,,,,,,,,,,,,
2020-05-12,998.9,1000.1,2020-05-12T22:17:00,997.1,2020-05-12T04:51:00,23.0,24.6,2020-05-12T17:24:00,21.0,2020-05-12T23:21:00,94,84.0,2020-05-12T17:26:00,0.4,10,6.1,306.0,2020-05-12T10:24:00,10.0,,,,,,,,,,,,,,,,3.5,2020-05-12T11:00:00,,,0,,97.0,2020-05-12T23:39:00,,,,,,,,,,,,,,,,,,,,,,,,,,,,,,,,,,,,,,,,,,,,,,,,,,,,,,,,,,,,,,,,,,,,,,,,,,
2020-05-13,1000.1,,,,,24.8,,,,,79,,,0.5,2,,,,0.0,,,,,,,,,,,,,,,,0.0,,,,0,,,,,,,,,,,,,,,,,,,,,,,,,,,,,,,,,,,,,,,,,,,,,,,,,,,,,,,,,,,,,,,,,,,,,,,,,,,,,
2020-05-14,999.5,1001.1,2020-05-14T09:01:00,997.6,2020-05-14T17:36:00,25.4,31.1,2020-05-14T10:36:00,21.0,2020-05-14T05:32:00,81,59.0,2020-05-14T10:36:00,0.5,8,5.3,358.0,2020-05-14T13:47:00,0.0,,,,,,,,,,,,,,,,0.0,,,,0,,95.0,2020-05-14T05:44:00,,,,,,,,,,,,,,,,,,,,,,,,,,,,,,,,,,,,,,,,,,,,,,,,,,,,,,,,,,,,,,,,,,,,,,,,,,
2020-05-15,997.3,998.6,2020-05-15T00:02:00,995.6,2020-05-15T16:02:00,26.4,31.5,2020-05-15T15:47:00,22.2,2020-05-15T05:11:00,78,60.0,2020-05-15T15:48:00,0.6,329,6.1,260.0,2020-05-15T15:04:00,0.0,,,,,,,,,,,,,,,,0.0,,,,0,,93.0,2020-05-15T22:57:00,,,,,,,,,,,,,,,,,,,,,,,,,,,,,,,,,,,,,,,,,,,,,,,,,,,,,,,,,,,,,,,,,,,,,,,,,,
2020-05-16,996.7,998.3,2020-05-16T18:11:00,995.0,2020-05-16T16:11:00,25.9,32.2,2020-05-16T10:23:00,22.0,2020-05-16T23:51:00,85,63.0,2020-05-16T09:31:00,0.7,11,7.8,168.0,2020-05-16T17:47:00,9.5,,,,,,,,,,,,,,,,7.0,2020-05-16T18:00:00,,,0,,96.0,2020-05-16T18:25:00,,,,,,,,,,,,,,,,,,,,,,,,,,,,,,,,,,,,,,,,,,,,,,,,,,,,,,,,,,,,,,,,,,,,,,,,,,
2020-05-17,993.4,996.0,2020-05-17T00:05:00,990.9,2020-05-17T15:56:00,26.5,31.9,2020-05-17T15:41:00,21.4,2020-05-17T01:42:00,78,56.0,2020-05-17T15:48:00,0.6,316,7.4,257.0,2020-05-17T12:12:00,0.0,,,,,,,,,,,,,,,,0.0,,,,0,,94.0,2020-05-17T01:28:00,,,,,,,,,,,,,,,,,,,,,,,,,,,,,,,,,,,,,,,,,,,,,,,,,,,,,,,,,,,,,,,,,,,,,,,,,,
2020-05-18,991.9,994.6,2020-05-18T10:00:00,989.1,2020-05-18T03:30:00,24.8,29.7,2020-05-18T14:08:00,21.6,2020-05-18T22:31:00,84,62.0,2020-05-18T14:02:00,1.6,252,12.1,184.0,2020-05-18T17:58:00,18.5,,,,,,,,,,,,,,,,14.5,2020-05-18T10:00:00,,,0,,96.0,2020-05-18T09:58:00,,,,,,,,,,,,,,,,,,,,,,,,,,,,,,,,,,,,,,,,,,,,,,,,,,,,,,,,,,,,,,,,,,,,,,,,,,
2020-05-19,994.8,996.8,2020-05-19T22:31:00,991.9,2020-05-19T02:11:00,22.9,26.2,2020-05-19T01:37:00,21.5,2020-05-19T23:41:00,92,65.0,2020-05-19T01:35:00,0.6,2,9.1,270.0,2020-05-19T03:39:00,32.0,,,,,,,,,,,,,,,,12.5,2020-05-19T05:00:00,,,0,,97.0,2020-05-19T23:50:00,,,,,,,,,,,,,,,,,,,,,,,,,,,,,,,,,,,,,,,,,,,,,,,,,,,,,,,,,,,,,,,,,,,,,,,,,,
2020-05-20,996.8,998.5,2020-05-20T09:12:00,995.8,2020-05-20T16:09:00,23.9,28.2,2020-05-20T15:54:00,21.1,2020-05-20T02:12:00,90,72.0,2020-05-20T13:13:00,0.3,5,4.0,9.0,2020-05-20T12:18:00,3.0,,,,,,,,,,,,,,,,2.0,2020-05-20T10:00:00,,,0,,97.0,2020-05-20T00:11:00,,,,,,,,,,,,,,,,,,,,,,,,,,,,,,,,,,,,,,,,,,,,,,,,,,,,,,,,,,,,,,,,,,,,,,,,,,
2020-05-21,994.5,996.5,2020-05-22T00:00:00,992.3,2020-05-21T20:13:00,24.4,27.3,2020-05-21T13:26:00,22.7,2020-05-21T05:21:00,90,76.0,2020-05-21T11:44:00,0.6,18,11.6,178.0,2020-05-21T18:50:00,39.5,,,,,,,,,,,,,,,,14.0,2020-05-21T18:00:00,,,0,,97.0,2020-05-21T17:45:00,,,,,,,,,,,,,,,,,,,,,,,,,,,,,,,,,,,,,,,,,,,,,,,,,,,,,,,,,,,,,,,,,,,,,,,,,,
2020-05-22,991.8,993.5,2020-05-22T22:31:00,990.4,2020-05-22T13:38:00,23.6,27.0,2020-05-22T08:28:00,22.7,2020-05-22T23:41:00,96,77.0,2020-05-22T08:26:00,0.5,8,10.9,193.0,2020-05-22T08:25:00,130.5,,,,,,,,,,,,,,,,35.0,2020-05-22T15:00:00,,,0,,98.0,2020-05-22T15:51:00,,,,,,,,,,,,,,,,,,,,,,,,,,,,,,,,,,,,,,,,,,,,,,,,,,,,,,,,,,,,,,,,,,,,,,,,,,
2020-05-23,994.1,996.2,2020-05-23T23:35:00,991.6,2020-05-23T03:22:00,23.0,24.5,2020-05-23T10:29:00,22.1,2020-05-23T06:41:00,95,89.0,2020-05-23T10:32:00,0.6,2,4.5,11.0,2020-05-23T12:01:00,16.5,,,,,,,,,,,,,,,,5.0,2020-05-23T08:00:00,,,0,,98.0,2020-05-24T00:00:00,,,,,,,,,,,,,,,,,,,,,,,,,,,,,,,,,,,,,,,,,,,,,,,,,,,,,,,,,,,,,,,,,,,,,,,,,,
2020-05-24,996.7,998.4,2020-05-24T23:32:00,995.4,2020-05-24T01:31:00,25.5,32.0,2020-05-24T14:26:00,22.0,2020-05-24T02:52:00,83,54.0,2020-05-24T14:27:00,0.5,1,5.6,4.0,2020-05-24T12:34:00,0.0,,,,,,,,,,,,,,,,0.0,,,,0,,98.0,2020-05-24T02:07:00,,,,,,,,,,,,,,,,,,,,,,,,,,,,,,,,,,,,,,,,,,,,,,,,,,,,,,,,,,,,,,,,,,,,,,,,,,
2020-05-25,998.0,999.1,2020-05-25T08:13:00,997.0,2020-05-25T22:40:00,25.5,29.3,2020-05-25T09:32:00,22.8,2020-05-25T05:41:00,86,69.0,2020-05-25T09:30:00,0.4,102,4.9,249.0,2020-05-25T12:10:00,0.0,,,,,,,,,,,,,,,,0.0,,,,0,,96.0,2020-05-25T00:06:00,,,,,,,,,,,,,,,,,,,,,,,,,,,,,,,,,,,,,,,,,,,,,,,,,,,,,,,,,,,,,,,,,,,,,,,,,,
2020-05-26,996.0,998.3,2020-05-26T00:28:00,994.6,2020-05-26T17:52:00,26.3,30.2,2020-05-26T09:48:00,22.4,2020-05-26T04:02:00,82,63.0,2020-05-26T17:07:00,1.7,247,11.1,261.0,2020-05-26T11:09:00,10.0,,,,,,,,,,,,,,,,4.0,2020-05-26T13:00:00,,,0,,96.0,2020-05-26T00:47:00,,,,,,,,,,,,,,,,,,,,,,,,,,,,,,,,,,,,,,,,,,,,,,,,,,,,,,,,,,,,,,,,,,,,,,,,,,
2020-05-27,997.2,999.1,2020-05-27T22:28:00,995.5,2020-05-27T03:02:00,23.9,26.2,2020-05-27T12:43:00,22.6,2020-05-27T23:58:00,93,86.0,2020-05-27T12:45:00,0.5,65,4.3,307.0,2020-05-27T06:40:00,24.0,,,,,,,,,,,,,,,,19.5,2020-05-27T08:00:00,,,0,,97.0,2020-05-27T08:43:00,,,,,,,,,,,,,,,,,,,,,,,,,,,,,,,,,,,,,,,,,,,,,,,,,,,,,,,,,,,,,,,,,,,,,,,,,,
2020-05-28,999.2,1000.9,2020-05-28T21:40:00,997.7,2020-05-28T02:34:00,23.0,24.4,2020-05-28T16:54:00,21.5,2020-05-28T01:42:00,97,94.0,2020-05-28T17:33:00,0.3,55,4.6,345.0,2020-05-28T01:05:00,115.0,,,,,,,,,,,,,,,,30.5,2020-05-28T02:00:00,,,0,,98.0,2020-05-28T07:57:00,,,,,,,,,,,,,,,,,,,,,,,,,,,,,,,,,,,,,,,,,,,,,,,,,,,,,,,,,,,,,,,,,,,,,,,,,,
2020-05-29,999.4,1000.4,2020-05-29T07:37:00,998.1,2020-05-29T16:39:00,24.9,28.1,2020-05-29T11:06:00,22.6,2020-05-29T00:11:00,92,79.0,2020-05-29T11:07:00,0.3,14,3.8,244.0,2020-05-29T12:21:00,5.0,,,,,,,,,,,,,,,,5.0,2020-05-29T18:00:00,,,0,,98.0,2020-05-29T06:24:00,,,,,,,,,,,,,,,,,,,,,,,,,,,,,,,,,,,,,,,,,,,,,,,,,,,,,,,,,,,,,,,,,,,,,,,,,,
2020-05-30,998.6,999.9,2020-05-30T06:45:00,996.7,2020-05-30T20:29:00,27.8,33.2,2020-05-30T13:06:00,22.3,2020-05-30T05:11:00,75,55.0,2020-05-30T13:14:00,2.2,245,12.1,239.0,2020-05-30T12:47:00,0.5,,,,,,,,,,,,,,,,0.5,2020-05-30T14:00:00,,,0,,97.0,2020-05-30T00:17:00,,,,,,,,,,,,,,,,,,,,,,,,,,,,,,,,,,,,,,,,,,,,,,,,,,,,,,,,,,,,,,,,,,,,,,,,,,
2020-05-31,999.0,1000.4,2020-05-31T22:03:00,996.9,2020-05-31T16:23:00,29.1,32.0,2020-05-31T13:43:00,25.7,2020-05-31T23:52:00,70,55.0,2020-05-31T02:42:00,2.8,247,13.7,254.0,2020-05-31T10:05:00,0.0,,,,,,,,,,,,,,,,0.0,,,,0,,94.0,2020-05-31T23:32:00,,,,,,,,,,,,,,,,,,,,,,,,,,,,,,,,,,,,,,,,,,,,,,,,,,,,,,,,,,,,,,,,,,,,,,,,,,
2020-06-01,999.0,1000.7,2020-06-01T21:54:00,996.2,2020-06-01T15:48:00,28.4,32.6,2020-06-01T11:12:00,23.9,2020-06-01T05:31:00,78,53.0,2020-06-01T11:02:00,1.1,257,11.9,243.0,2020-06-01T13:16:00,0.0,,,,,,,,,,,,,,,,0.0,,,,0,,95.0,2020-06-01T05:32:00,,,,,,,,,,,,,,,,,,,,,,,,,,,,,,,,,,,,,,,,,,,,,,,,,,,,,,,,,,,,,,,,,,,,,,,,,,
2020-06-02,997.8,1000.5,2020-06-02T00:15:00,995.8,2020-06-02T16:46:00,27.7,31.4,2020-06-02T12:56:00,23.1,2020-06-02T04:52:00,80,64.0,2020-06-02T09:30:00,1.3,244,8.5,246.0,2020-06-02T12:29:00,0.0,,,,,,,,,,,,,,,,0.0,,,,0,,95.0,2020-06-02T04:59:00,,,,,,,,,,,,,,,,,,,,,,,,,,,,,,,,,,,,,,,,,,,,,,,,,,,,,,,,,,,,,,,,,,,,,,,,,,
2020-06-03,996.3,998.0,2020-06-03T07:37:00,993.7,2020-06-03T16:22:00,28.3,32.9,2020-06-03T14:28:00,22.8,2020-06-03T03:32:00,73,56.0,2020-06-03T15:04:00,2.7,252,12.5,243.0,2020-06-03T13:30:00,0.0,,,,,,,,,,,,,,,,0.0,,,,0,,94.0,2020-06-03T03:33:00,,,,,,,,,,,,,,,,,,,,,,,,,,,,,,,,,,,,,,,,,,,,,,,,,,,,,,,,,,,,,,,,,,,,,,,,,,
2020-06-04,995.8,997.4,2020-06-04T08:18:00,994.2,2020-06-04T03:39:00,29.5,32.9,2020-06-04T12:16:00,25.3,2020-06-04T04:48:00,66,50.0,2020-06-04T11:37:00,3.2,248,13.5,264.0,2020-06-04T13:46:00,0.0,,,,,,,,,,,,,,,,0.0,,,,0,,79.0,2020-06-04T20:38:00,,,,,,,,,,,,,,,,,,,,,,,,,,,,,,,,,,,,,,,,,,,,,,,,,,,,,,,,,,,,,,,,,,,,,,,,,,
2020-06-05,995.5,997.3,2020-06-05T08:40:00,993.5,2020-06-05T17:04:00,29.5,33.2,2020-06-05T13:58:00,26.6,2020-06-05T02:21:00,69,53.0,2020-06-05T10:54:00,2.7,239,12.5,256.0,2020-06-05T13:08:00,0.0,,,,,,,,,,,,,,,,0.0,,,,0,,79.0,2020-06-05T20:36:00,,,,,,,,,,,,,,,,,,,,,,,,,,,,,,,,,,,,,,,,,,,,,,,,,,,,,,,,,,,,,,,,,,,,,,,,,,
2020-06-06,994.6,995.9,2020-06-06T09:34:00,992.6,2020-06-06T04:18:00,29.7,33.1,2020-06-06T11:46:00,26.6,2020-06-06T23:41:00,65,53.0,2020-06-06T11:21:00,3.0,238,13.0,237.0,2020-06-06T12:24:00,0.0,,,,,,,,,,,,,,,,0.0,,,,0,,76.0,2020-06-06T17:20:00,,,,,,,,,,,,,,,,,,,,,,,,,,,,,,,,,,,,,,,,,,,,,,,,,,,,,,,,,,,,,,,,,,,,,,,,,,
2020-06-07,995.5,996.8,2020-06-07T12:50:00,994.2,2020-06-07T02:24:00,26.4,30.5,2020-06-07T10:45:00,23.2,2020-06-07T23:59:00,79,51.0,2020-06-07T03:34:00,1.4,108,12.3,183.0,2020-06-07T01:45:00,23.0,,,,,,,,,,,,,,,,14.0,2020-06-07T13:00:00,,,0,,97.0,2020-06-07T14:37:00,,,,,,,,,,,,,,,,,,,,,,,,,,,,,,,,,,,,,,,,,,,,,,,,,,,,,,,,,,,,,,,,,,,,,,,,,,
2020-06-08,996.5,998.0,2020-06-08T10:42:00,994.4,2020-06-08T02:55:00,24.5,27.2,2020-06-08T20:57:00,22.5,2020-06-08T20:12:00,88,61.0,2020-06-08T20:57:00,0.8,92,9.5,234.0,2020-06-08T16:45:00,7.5,,,,,,,,,,,,,,,,2.0,2020-06-08T17:00:00,,,0,,96.0,2020-06-08T00:02:00,,,,,,,,,,,,,,,,,,,,,,,,,,,,,,,,,,,,,,,,,,,,,,,,,,,,,,,,,,,,,,,,,,,,,,,,,,
2020-06-09,997.3,998.4,2020-06-09T17:52:00,995.9,2020-06-09T03:59:00,25.6,29.2,2020-06-09T13:57:00,22.5,2020-06-09T03:01:00,78,59.0,2020-06-09T13:57:00,1.1,3,12.4,215.0,2020-06-09T17:54:00,2.5,,,,,,,,,,,,,,,,2.0,2020-06-09T06:00:00,,,0,,94.0,2020-06-09T07:14:00,,,,,,,,,,,,,,,,,,,,,,,,,,,,,,,,,,,,,,,,,,,,,,,,,,,,,,,,,,,,,,,,,,,,,,,,,,
2020-06-10,997.2,998.6,2020-06-10T09:14:00,995.5,2020-06-10T16:11:00,26.8,31.9,2020-06-10T13:01:00,22.4,2020-06-10T05:27:00,77,54.0,2020-06-10T10:09:00,1.1,231,10.8,231.0,2020-06-10T12:37:00,0.0,,,,,,,,,,,,,,,,0.0,,,,0,,94.0,2020-06-10T23:41:00,,,,,,,,,,,,,,,,,,,,,,,,,,,,,,,,,,,,,,,,,,,,,,,,,,,,,,,,,,,,,,,,,,,,,,,,,,
2020-06-11,996.0,997.5,2020-06-12T00:00:00,994.2,2020-06-11T16:37:00,27.7,31.6,2020-06-11T11:07:00,24.1,2020-06-11T05:26:00,83,62.0,2020-06-11T11:03:00,1.0,106,8.7,232.0,2020-06-11T11:43:00,0.0,,,,,,,,,,,,,,,,0.0,,,,0,,95.0,2020-06-11T05:29:00,,,,,,,,,,,,,,,,,,,,,,,,,,,,,,,,,,,,,,,,,,,,,,,,,,,,,,,,,,,,,,,,,,,,,,,,,,
2020-06-12,995.0,996.4,2020-06-12T09:49:00,993.1,2020-06-12T17:06:00,27.8,30.6,2020-06-12T08:32:00,24.5,2020-06-12T05:22:00,83,68.0,2020-06-12T07:48:00,0.6,304,4.7,347.0,2020-06-12T09:13:00,0.0,,,,,,,,,,,,,,,,0.0,,,,0,,95.0,2020-06-12T01:16:00,,,,,,,,,,,,,,,,,,,,,,,,,,,,,,,,,,,,,,,,,,,,,,,,,,,,,,,,,,,,,,,,,,,,,,,,,,
2020-06-13,996.2,999.3,2020-06-13T21:45:00,993.5,2020-06-13T02:53:00,27.6,32.3,2020-06-13T11:38:00,24.6,2020-06-13T04:42:00,85,65.0,2020-06-13T11:10:00,0.6,321,5.0,14.0,2020-06-13T13:53:00,3.0,,,,,,,,,,,,,,,,3.0,2020-06-13T19:00:00,,,0,,96.0,2020-06-13T19:58:00,,,,,,,,,,,,,,,,,,,,,,,,,,,,,,,,,,,,,,,,,,,,,,,,,,,,,,,,,,,,,,,,,,,,,,,,,,
2020-06-14,999.9,1002.2,2020-06-14T19:33:00,997.4,2020-06-14T03:25:00,26.7,32.3,2020-06-14T09:35:00,23.0,2020-06-14T22:21:00,87,62.0,2020-06-14T09:35:00,0.6,26,8.5,247.0,2020-06-14T19:17:00,27.0,,,,,,,,,,,,,,,,16.0,2020-06-14T20:00:00,,,0,,96.0,2020-06-14T22:54:00,,,,,,,,,,,,,,,,,,,,,,,,,,,,,,,,,,,,,,,,,,,,,,,,,,,,,,,,,,,,,,,,,,,,,,,,,,
2020-06-15,999.9,1001.7,2020-06-16T00:00:00,998.1,2020-06-15T15:15:00,28.1,32.8,2020-06-15T12:44:00,23.1,2020-06-15T03:01:00,77,54.0,2020-06-15T11:16:00,2.2,243,12.0,231.0,2020-06-15T11:57:00,0.5,,,,,,,,,,,,,,,,0.5,2020-06-15T10:00:00,,,0,,96.0,2020-06-15T03:08:00,,,,,,,,,,,,,,,,,,,,,,,,,,,,,,,,,,,,,,,,,,,,,,,,,,,,,,,,,,,,,,,,,,,,,,,,,,
2020-06-16,997.0,999.1,2020-06-16T00:02:00,995.4,2020-06-16T16:19:00,28.3,32.7,2020-06-16T12:06:00,23.2,2020-06-16T05:26:00,73,55.0,2020-06-16T10:41:00,2.2,242,12.3,249.0,2020-06-16T10:47:00,0.0,,,,,,,,,,,,,,,,0.0,,,,0,,93.0,2020-06-16T05:08:00,,,,,,,,,,,,,,,,,,,,,,,,,,,,,,,,,,,,,,,,,,,,,,,,,,,,,,,,,,,,,,,,,,,,,,,,,,
2020-06-17,995.6,997.0,2020-06-17T23:16:00,994.2,2020-06-17T15:52:00,28.7,33.0,2020-06-17T12:16:00,22.8,2020-06-17T05:41:00,71,52.0,2020-06-17T21:36:00,2.6,247,13.5,247.0,2020-06-17T15:49:00,0.0,,,,,,,,,,,,,,,,0.0,,,,0,,93.0,2020-06-17T03:48:00,,,,,,,,,,,,,,,,,,,,,,,,,,,,,,,,,,,,,,,,,,,,,,,,,,,,,,,,,,,,,,,,,,,,,,,,,,
2020-06-18,995.6,997.7,2020-06-18T08:49:00,993.9,2020-06-18T15:49:00,29.2,33.4,2020-06-18T14:36:00,24.0,2020-06-18T02:02:00,69,55.0,2020-06-18T10:40:00,3.3,240,11.0,269.0,2020-06-18T16:45:00,0.0,,,,,,,,,,,,,,,,0.0,,,,0,,90.0,2020-06-18T02:03:00,,,,,,,,,,,,,,,,,,,,,,,,,,,,,,,,,,,,,,,,,,,,,,,,,,,,,,,,,,,,,,,,,,,,,,,,,,
2020-06-19,996.3,997.4,2020-06-19T12:42:00,995.1,2020-06-19T16:00:00,29.4,32.6,2020-06-19T11:23:00,25.8,2020-06-19T23:51:00,68,54.0,2020-06-19T07:22:00,2.7,236,13.4,256.0,2020-06-19T11:48:00,0.0,,,,,,,,,,,,,,,,0.0,,,,0,,88.0,2020-06-19T21:39:00,,,,,,,,,,,,,,,,,,,,,,,,,,,,,,,,,,,,,,,,,,,,,,,,,,,,,,,,,,,,,,,,,,,,,,,,,,
2020-06-20,995.7,997.4,2020-06-20T06:58:00,993.7,2020-06-20T16:22:00,28.9,32.7,2020-06-20T15:26:00,23.6,2020-06-20T05:02:00,72,57.0,2020-06-20T11:02:00,2.3,245,11.3,183.0,2020-06-20T06:48:00,0.0,,,,,,,,,,,,,,,,0.0,,,,0,,93.0,2020-06-20T04:57:00,,,,,,,,,,,,,,,,,,,,,,,,,,,,,,,,,,,,,,,,,,,,,,,,,,,,,,,,,,,,,,,,,,,,,,,,,,
2020-06-21,993.3,995.2,2020-06-21T00:32:00,990.9,2020-06-21T17:53:00,29.8,33.6,2020-06-21T15:17:00,24.5,2020-06-21T03:12:00,65,49.0,2020-06-21T15:06:00,2.6,224,12.6,197.0,2020-06-21T12:13:00,0.0,,,,,,,,,,,,,,,,0.0,,,,0,,91.0,2020-06-21T02:49:00,,,,,,,,,,,,,,,,,,,,,,,,,,,,,,,,,,,,,,,,,,,,,,,,,,,,,,,,,,,,,,,,,,,,,,,,,,
2020-06-22,993.6,994.9,2020-06-22T21:19:00,992.3,2020-06-22T01:45:00,30.6,33.5,2020-06-22T11:34:00,27.0,2020-06-22T03:26:00,62,51.0,2020-06-22T00:04:00,3.7,199,13.9,240.0,2020-06-22T08:29:00,0.0,,,,,,,,,,,,,,,,0.0,,,,0,,70.0,2020-06-23T00:00:00,,,,,,,,,,,,,,,,,,,,,,,,,,,,,,,,,,,,,,,,,,,,,,,,,,,,,,,,,,,,,,,,,,,,,,,,,,
2020-06-23,994.2,995.2,2020-06-23T09:46:00,993.1,2020-06-23T17:53:00,30.2,34.1,2020-06-23T12:07:00,24.7,2020-06-23T02:41:00,65,48.0,2020-06-23T11:56:00,2.8,248,13.0,235.0,2020-06-23T12:20:00,0.0,,,,,,,,,,,,,,,,0.0,,,,0,,88.0,2020-06-23T02:40:00,,,,,,,,,,,,,,,,,,,,,,,,,,,,,,,,,,,,,,,,,,,,,,,,,,,,,,,,,,,,,,,,,,,,,,,,,,
2020-06-24,993.8,995.1,2020-06-24T08:25:00,991.7,2020-06-24T15:06:00,29.7,33.7,2020-06-24T12:33:00,24.4,2020-06-24T03:41:00,71,55.0,2020-06-24T12:25:00,2.8,249,13.6,232.0,2020-06-24T12:01:00,0.0,,,,,,,,,,,,,,,,0.0,,,,0,,90.0,2020-06-24T03:40:00,,,,,,,,,,,,,,,,,,,,,,,,,,,,,,,,,,,,,,,,,,,,,,,,,,,,,,,,,,,,,,,,,,,,,,,,,,
2020-06-25,994.6,996.7,2020-06-25T22:47:00,992.8,2020-06-25T15:29:00,30.5,33.2,2020-06-25T12:27:00,26.3,2020-06-25T01:49:00,64,52.0,2020-06-25T10:56:00,3.2,243,13.1,240.0,2020-06-25T07:33:00,0.0,,,,,,,,,,,,,,,,0.0,,,,0,,85.0,2020-06-25T01:47:00,,,,,,,,,,,,,,,,,,,,,,,,,,,,,,,,,,,,,,,,,,,,,,,,,,,,,,,,,,,,,,,,,,,,,,,,,,
2020-06-26,996.8,998.2,2020-06-26T21:55:00,995.6,2020-06-26T14:10:00,29.7,34.6,2020-06-26T11:58:00,25.8,2020-06-26T21:48:00,66,49.0,2020-06-26T11:53:00,2.2,264,10.0,258.0,2020-06-26T14:00:00,0.0,,,,,,,,,,,,,,,,0.0,,,,0,,78.0,2020-06-26T21:46:00,,,,,,,,,,,,,,,,,,,,,,,,,,,,,,,,,,,,,,,,,,,,,,,,,,,,,,,,,,,,,,,,,,,,,,,,,,
2020-06-27,996.8,998.1,2020-06-27T09:43:00,995.2,2020-06-27T14:59:00,29.0,33.6,2020-06-27T11:54:00,23.8,2020-06-27T05:27:00,72,51.0,2020-06-27T11:40:00,2.0,241,12.8,233.0,2020-06-27T13:42:00,0.0,,,,,,,,,,,,,,,,0.0,,,,0,,89.0,2020-06-27T21:08:00,,,,,,,,,,,,,,,,,,,,,,,,,,,,,,,,,,,,,,,,,,,,,,,,,,,,,,,,,,,,,,,,,,,,,,,,,,
2020-06-28,995.7,997.1,2020-06-28T06:29:00,994.6,2020-06-28T23:45:00,29.2,34.1,2020-06-28T11:40:00,24.5,2020-06-28T03:17:00,74,47.0,2020-06-28T11:29:00,1.7,27,10.7,240.0,2020-06-28T07:26:00,0.0,,,,,,,,,,,,,,,,0.0,,,,0,,92.0,2020-06-28T23:58:00,,,,,,,,,,,,,,,,,,,,,,,,,,,,,,,,,,,,,,,,,,,,,,,,,,,,,,,,,,,,,,,,,,,,,,,,,,
2020-06-29,993.7,995.6,2020-06-29T07:31:00,992.0,2020-06-29T17:13:00,30.3,34.8,2020-06-29T14:05:00,24.8,2020-06-29T02:41:00,69,51.0,2020-06-29T14:18:00,3.0,245,13.7,242.0,2020-06-29T13:16:00,0.0,,,,,,,,,,,,,,,,0.0,,,,0,,94.0,2020-06-29T02:42:00,,,,,,,,,,,,,,,,,,,,,,,,,,,,,,,,,,,,,,,,,,,,,,,,,,,,,,,,,,,,,,,,,,,,,,,,,,
2020-06-30,992.8,994.3,2020-06-30T23:15:00,991.2,2020-06-30T17:33:00,30.4,33.9,2020-06-30T14:35:00,27.0,2020-06-30T01:01:00,69,54.0,2020-06-30T11:01:00,3.3,241,13.0,237.0,2020-06-30T13:43:00,0.0,,,,,,,,,,,,,,,,0.0,,,,0,,81.0,2020-06-30T01:08:00,,,,,,,,,,,,,,,,,,,,,,,,,,,,,,,,,,,,,,,,,,,,,,,,,,,,,,,,,,,,,,,,,,,,,,,,,,
2020-07-01,993.7,995.9,2020-07-01T22:24:00,991.6,2020-07-01T02:17:00,28.8,34.3,2020-07-01T11:51:00,24.4,2020-07-01T14:54:00,75,52.0,2020-07-01T11:52:00,1.9,247,10.4,217.0,2020-07-01T00:05:00,7.0,,,,,,,,,,,,,,,,6.5,2020-07-01T15:00:00,,,0,,95.0,2020-07-01T15:10:00,,,,,,,,,,,,,,,,,,,,,,,,,,,,,,,,,,,,,,,,,,,,,,,,,,,,,,,,,,,,,,,,,,,,,,,,,,
2020-07-02,995.7,998.3,2020-07-02T20:42:00,993.7,2020-07-02T14:05:00,27.3,33.5,2020-07-02T11:25:00,24.2,2020-07-02T22:26:00,82,54.0,2020-07-02T11:52:00,1.0,84,9.6,173.0,2020-07-02T15:16:00,5.5,,,,,,,,,,,,,,,,4.5,2020-07-02T15:00:00,,,0,,94.0,2020-07-02T20:33:00,,,,,,,,,,,,,,,,,,,,,,,,,,,,,,,,,,,,,,,,,,,,,,,,,,,,,,,,,,,,,,,,,,,,,,,,,,
2020-07-03,997.6,999.3,2020-07-03T21:27:00,996.3,2020-07-03T16:33:00,28.5,33.1,2020-07-03T12:37:00,23.4,2020-07-03T03:01:00,75,52.0,2020-07-03T11:24:00,1.6,245,9.5,260.0,2020-07-03T14:12:00,0.0,,,,,,,,,,,,,,,,0.0,,,,0,,94.0,2020-07-03T01:30:00,,,,,,,,,,,,,,,,,,,,,,,,,,,,,,,,,,,,,,,,,,,,,,,,,,,,,,,,,,,,,,,,,,,,,,,,,,
2020-07-04,997.3,998.9,2020-07-04T02:17:00,995.5,2020-07-04T15:33:00,28.7,33.4,2020-07-04T12:05:00,23.8,2020-07-04T04:31:00,76,54.0,2020-07-04T12:06:00,1.1,3,8.2,257.0,2020-07-04T10:23:00,0.0,,,,,,,,,,,,,,,,0.0,,,,0,,93.0,2020-07-04T04:35:00,,,,,,,,,,,,,,,,,,,,,,,,,,,,,,,,,,,,,,,,,,,,,,,,,,,,,,,,,,,,,,,,,,,,,,,,,,
2020-07-05,995.1,996.7,2020-07-05T00:04:00,993.7,2020-07-05T17:34:00,29.4,33.5,2020-07-05T12:01:00,24.9,2020-07-05T01:51:00,70,54.0,2020-07-05T14:15:00,2.3,249,10.4,227.0,2020-07-05T13:55:00,0.0,,,,,,,,,,,,,,,,0.0,,,,0,,87.0,2020-07-05T22:42:00,,,,,,,,,,,,,,,,,,,,,,,,,,,,,,,,,,,,,,,,,,,,,,,,,,,,,,,,,,,,,,,,,,,,,,,,,,
2020-07-06,995.1,997.2,2020-07-06T22:27:00,993.1,2020-07-06T04:02:00,29.8,33.9,2020-07-06T14:11:00,24.2,2020-07-06T02:36:00,68,54.0,2020-07-06T09:45:00,3.2,241,13.2,235.0,2020-07-06T13:07:00,0.0,,,,,,,,,,,,,,,,0.0,,,,0,,92.0,2020-07-06T02:37:00,,,,,,,,,,,,,,,,,,,,,,,,,,,,,,,,,,,,,,,,,,,,,,,,,,,,,,,,,,,,,,,,,,,,,,,,,,
2020-07-07,996.9,998.2,2020-07-07T10:56:00,995.8,2020-07-07T18:20:00,30.6,33.5,2020-07-07T13:05:00,27.7,2020-07-07T23:43:00,63,53.0,2020-07-07T12:45:00,3.5,236,13.1,267.0,2020-07-07T12:11:00,0.0,,,,,,,,,,,,,,,,0.0,,,,0,,78.0,2020-07-07T23:42:00,,,,,,,,,,,,,,,,,,,,,,,,,,,,,,,,,,,,,,,,,,,,,,,,,,,,,,,,,,,,,,,,,,,,,,,,,,
2020-07-08,994.3,996.9,2020-07-08T00:06:00,992.5,2020-07-08T15:50:00,30.2,34.3,2020-07-08T11:45:00,26.4,2020-07-08T01:36:00,66,50.0,2020-07-08T10:37:00,3.4,236,14.8,237.0,2020-07-08T20:57:00,0.0,,,,,,,,,,,,,,,,0.0,,,,0,,83.0,2020-07-08T01:36:00,,,,,,,,,,,,,,,,,,,,,,,,,,,,,,,,,,,,,,,,,,,,,,,,,,,,,,,,,,,,,,,,,,,,,,,,,,
2020-07-09,991.6,992.9,2020-07-09T22:46:00,990.6,2020-07-09T16:41:00,30.9,33.7,2020-07-09T13:42:00,28.6,2020-07-09T00:52:00,59,44.0,2020-07-09T23:04:00,4.3,244,13.9,234.0,2020-07-09T19:25:00,0.0,,,,,,,,,,,,,,,,0.0,,,,0,,69.0,2020-07-09T20:17:00,,,,,,,,,,,,,,,,,,,,,,,,,,,,,,,,,,,,,,,,,,,,,,,,,,,,,,,,,,,,,,,,,,,,,,,,,,
2020-07-10,994.4,996.6,2020-07-10T23:51:00,991.7,2020-07-10T00:33:00,30.2,34.2,2020-07-10T12:12:00,26.0,2020-07-10T23:27:00,62,45.0,2020-07-10T01:22:00,3.0,248,13.8,240.0,2020-07-10T13:44:00,0.0,,,,,,,,,,,,,,,,0.0,,,,0,,87.0,2020-07-10T22:43:00,,,,,,,,,,,,,,,,,,,,,,,,,,,,,,,,,,,,,,,,,,,,,,,,,,,,,,,,,,,,,,,,,,,,,,,,,,
2020-07-11,996.4,997.6,2020-07-11T07:03:00,995.1,2020-07-11T15:08:00,29.2,34.3,2020-07-11T11:28:00,24.2,2020-07-11T05:02:00,72,51.0,2020-07-11T11:16:00,1.5,249,10.4,237.0,2020-07-11T12:53:00,0.0,,,,,,,,,,,,,,,,0.0,,,,0,,90.0,2020-07-11T02:03:00,,,,,,,,,,,,,,,,,,,,,,,,,,,,,,,,,,,,,,,,,,,,,,,,,,,,,,,,,,,,,,,,,,,,,,,,,,
2020-07-12,996.2,997.8,2020-07-12T04:02:00,993.8,2020-07-12T15:30:00,29.2,35.2,2020-07-12T12:09:00,23.2,2020-07-12T05:42:00,72,50.0,2020-07-12T10:41:00,0.9,258,7.5,248.0,2020-07-12T09:28:00,0.0,,,,,,,,,,,,,,,,0.0,,,,0,,90.0,2020-07-12T05:40:00,,,,,,,,,,,,,,,,,,,,,,,,,,,,,,,,,,,,,,,,,,,,,,,,,,,,,,,,,,,,,,,,,,,,,,,,,,
2020-07-13,995.3,996.5,2020-07-14T00:00:00,993.7,2020-07-13T14:56:00,29.9,35.7,2020-07-13T12:59:00,24.5,2020-07-13T05:21:00,70,50.0,2020-07-13T16:05:00,0.8,11,6.5,297.0,2020-07-13T14:02:00,0.0,,,,,,,,,,,,,,,,0.0,,,,0,,90.0,2020-07-13T23:14:00,,,,,,,,,,,,,,,,,,,,,,,,,,,,,,,,,,,,,,,,,,,,,,,,,,,,,,,,,,,,,,,,,,,,,,,,,,
2020-07-14,994.1,995.6,2020-07-14T08:11:00,992.0,2020-07-14T16:14:00,29.0,34.2,2020-07-14T10:39:00,24.9,2020-07-14T04:41:00,74,49.0,2020-07-14T10:35:00,0.5,34,5.3,5.0,2020-07-14T11:22:00,0.0,,,,,,,,,,,,,,,,0.0,,,,0,,91.0,2020-07-14T04:44:00,,,,,,,,,,,,,,,,,,,,,,,,,,,,,,,,,,,,,,,,,,,,,,,,,,,,,,,,,,,,,,,,,,,,,,,,,,
2020-07-15,993.5,995.7,2020-07-15T22:31:00,990.8,2020-07-15T16:07:00,30.1,34.9,2020-07-15T14:55:00,25.8,2020-07-15T03:32:00,70,52.0,2020-07-15T15:09:00,2.4,238,11.2,237.0,2020-07-15T16:31:00,0.0,,,,,,,,,,,,,,,,0.0,,,,0,,93.0,2020-07-15T03:40:00,,,,,,,,,,,,,,,,,,,,,,,,,,,,,,,,,,,,,,,,,,,,,,,,,,,,,,,,,,,,,,,,,,,,,,,,,,
2020-07-16,994.5,995.6,2020-07-16T20:50:00,993.1,2020-07-16T00:51:00,30.2,33.8,2020-07-16T17:10:00,26.0,2020-07-16T23:59:00,59,43.0,2020-07-16T17:37:00,2.7,200,14.5,222.0,2020-07-16T11:22:00,0.0,,,,,,,,,,,,,,,,0.0,,,,0,,72.0,2020-07-16T21:27:00,,,,,,,,,,,,,,,,,,,,,,,,,,,,,,,,,,,,,,,,,,,,,,,,,,,,,,,,,,,,,,,,,,,,,,,,,,
2020-07-17,995.8,997.3,2020-07-17T07:51:00,994.1,2020-07-17T02:37:00,30.3,34.9,2020-07-17T13:41:00,24.1,2020-07-17T02:06:00,64,47.0,2020-07-17T13:12:00,3.6,245,14.5,225.0,2020-07-17T12:00:00,0.0,,,,,,,,,,,,,,,,0.0,,,,0,,81.0,2020-07-17T02:14:00,,,,,,,,,,,,,,,,,,,,,,,,,,,,,,,,,,,,,,,,,,,,,,,,,,,,,,,,,,,,,,,,,,,,,,,,,,
2020-07-18,995.8,997.1,2020-07-18T08:10:00,994.2,2020-07-18T16:32:00,30.7,34.4,2020-07-18T14:02:00,26.5,2020-07-18T23:31:00,65,49.0,2020-07-18T10:55:00,3.2,246,12.6,236.0,2020-07-18T14:59:00,0.0,,,,,,,,,,,,,,,,0.0,,,,0,,86.0,2020-07-18T23:31:00,,,,,,,,,,,,,,,,,,,,,,,,,,,,,,,,,,,,,,,,,,,,,,,,,,,,,,,,,,,,,,,,,,,,,,,,,,
2020-07-19,996.0,998.0,2020-07-19T23:19:00,994.5,2020-07-19T14:38:00,30.0,35.3,2020-07-19T11:49:00,25.7,2020-07-19T02:21:00,70,46.0,2020-07-19T10:44:00,2.2,243,11.2,234.0,2020-07-19T10:28:00,0.0,,,,,,,,,,,,,,,,0.0,,,,0,,88.0,2020-07-19T02:21:00,,,,,,,,,,,,,,,,,,,,,,,,,,,,,,,,,,,,,,,,,,,,,,,,,,,,,,,,,,,,,,,,,,,,,,,,,,
2020-07-20,998.3,1000.1,2020-07-20T23:40:00,996.6,2020-07-20T15:41:00,28.3,35.9,2020-07-20T12:07:00,24.4,2020-07-20T22:52:00,71,44.0,2020-07-20T12:11:00,1.1,6,9.3,234.0,2020-07-20T09:37:00,0.0,,,,,,,,,,,,,,,,0.0,,,,0,,90.0,2020-07-20T17:33:00,,,,,,,,,,,,,,,,,,,,,,,,,,,,,,,,,,,,,,,,,,,,,,,,,,,,,,,,,,,,,,,,,,,,,,,,,,
2020-07-21,999.5,1000.8,2020-07-21T22:15:00,998.2,2020-07-21T17:02:00,28.4,34.2,2020-07-21T10:24:00,23.6,2020-07-21T04:52:00,72,48.0,2020-07-21T10:16:00,0.6,77,5.5,242.0,2020-07-21T11:42:00,0.0,,,,,,,,,,,,,,,,0.0,,,,0,,88.0,2020-07-21T03:53:00,,,,,,,,,,,,,,,,,,,,,,,,,,,,,,,,,,,,,,,,,,,,,,,,,,,,,,,,,,,,,,,,,,,,,,,,,,
2020-07-22,998.4,999.9,2020-07-22T00:01:00,996.8,2020-07-22T17:29:00,29.0,33.6,2020-07-22T11:54:00,25.2,2020-07-22T02:42:00,74,56.0,2020-07-22T09:07:00,0.5,8,6.4,354.0,2020-07-22T13:20:00,0.0,,,,,,,,,,,,,,,,0.0,,,,0,,88.0,2020-07-22T23:25:00,,,,,,,,,,,,,,,,,,,,,,,,,,,,,,,,,,,,,,,,,,,,,,,,,,,,,,,,,,,,,,,,,,,,,,,,,,
2020-07-23,997.5,998.9,2020-07-23T07:54:00,996.2,2020-07-23T18:06:00,28.3,34.0,2020-07-23T12:29:00,24.5,2020-07-23T21:54:00,77,58.0,2020-07-23T10:08:00,0.8,14,6.7,246.0,2020-07-23T12:29:00,0.0,,,,,,,,,,,,,,,,0.0,,,,0,,90.0,2020-07-23T02:21:00,,,,,,,,,,,,,,,,,,,,,,,,,,,,,,,,,,,,,,,,,,,,,,,,,,,,,,,,,,,,,,,,,,,,,,,,,,
2020-07-24,996.0,997.8,2020-07-24T08:07:00,993.7,2020-07-24T16:57:00,29.6,35.6,2020-07-24T13:03:00,22.9,2020-07-24T05:11:00,70,52.0,2020-07-24T13:50:00,1.6,247,10.7,245.0,2020-07-24T10:15:00,0.0,,,,,,,,,,,,,,,,0.0,,,,0,,87.0,2020-07-24T04:57:00,,,,,,,,,,,,,,,,,,,,,,,,,,,,,,,,,,,,,,,,,,,,,,,,,,,,,,,,,,,,,,,,,,,,,,,,,,
2020-07-25,995.6,996.5,2020-07-25T21:18:00,994.0,2020-07-25T16:41:00,29.0,33.7,2020-07-25T11:28:00,25.8,2020-07-25T05:12:00,77,58.0,2020-07-25T11:30:00,1.2,2,10.1,232.0,2020-07-25T11:54:00,0.0,,,,,,,,,,,,,,,,0.0,,,,0,,91.0,2020-07-25T05:15:00,,,,,,,,,,,,,,,,,,,,,,,,,,,,,,,,,,,,,,,,,,,,,,,,,,,,,,,,,,,,,,,,,,,,,,,,,,
2020-07-26,995.1,996.5,2020-07-26T08:41:00,992.9,2020-07-26T14:51:00,29.2,34.2,2020-07-26T10:56:00,24.6,2020-07-26T04:27:00,71,52.0,2020-07-26T10:57:00,1.3,250,10.5,231.0,2020-07-26T13:57:00,0.0,,,,,,,,,,,,,,,,0.0,,,,0,,85.0,2020-07-26T03:02:00,,,,,,,,,,,,,,,,,,,,,,,,,,,,,,,,,,,,,,,,,,,,,,,,,,,,,,,,,,,,,,,,,,,,,,,,,,
2020-07-27,995.4,997.1,2020-07-27T22:31:00,994.2,2020-07-27T02:36:00,27.7,34.4,2020-07-27T12:11:00,24.7,2020-07-27T05:01:00,80,49.0,2020-07-27T11:18:00,0.9,246,8.6,243.0,2020-07-27T09:08:00,1.5,,,,,,,,,,,,,,,,1.0,2020-07-27T14:00:00,,,0,,94.0,2020-07-27T15:15:00,,,,,,,,,,,,,,,,,,,,,,,,,,,,,,,,,,,,,,,,,,,,,,,,,,,,,,,,,,,,,,,,,,,,,,,,,,
2020-07-28,996.8,997.8,2020-07-28T08:29:00,995.5,2020-07-28T16:16:00,26.4,32.1,2020-07-28T10:25:00,24.1,2020-07-28T23:51:00,88,66.0,2020-07-28T10:18:00,0.5,105,4.9,246.0,2020-07-28T09:41:00,5.0,,,,,,,,,,,,,,,,3.0,2020-07-28T13:00:00,,,0,,96.0,2020-07-28T16:35:00,,,,,,,,,,,,,,,,,,,,,,,,,,,,,,,,,,,,,,,,,,,,,,,,,,,,,,,,,,,,,,,,,,,,,,,,,,
2020-07-29,996.0,997.6,2020-07-29T00:02:00,993.5,2020-07-29T16:35:00,27.7,31.9,2020-07-29T16:50:00,24.1,2020-07-29T04:11:00,85,61.0,2020-07-29T10:51:00,0.5,98,4.0,238.0,2020-07-29T13:36:00,3.0,,,,,,,,,,,,,,,,2.5,2020-07-29T15:00:00,,,0,,95.0,2020-07-29T04:58:00,,,,,,,,,,,,,,,,,,,,,,,,,,,,,,,,,,,,,,,,,,,,,,,,,,,,,,,,,,,,,,,,,,,,,,,,,,
2020-07-30,995.3,997.2,2020-07-30T10:01:00,993.4,2020-07-30T19:06:00,28.1,32.2,2020-07-30T12:20:00,25.6,2020-07-30T03:41:00,86,64.0,2020-07-30T12:05:00,0.3,12,3.2,235.0,2020-07-30T13:40:00,0.5,,,,,,,,,,,,,,,,0.5,2020-07-30T14:00:00,,,0,,95.0,2020-07-30T02:58:00,,,,,,,,,,,,,,,,,,,,,,,,,,,,,,,,,,,,,,,,,,,,,,,,,,,,,,,,,,,,,,,,,,,,,,,,,,
2020-07-31,995.2,997.0,2020-07-31T23:30:00,993.6,2020-07-31T03:04:00,29.8,36.5,2020-07-31T12:06:00,25.0,2020-07-31T05:41:00,72,39.0,2020-07-31T11:58:00,0.7,294,7.4,305.0,2020-07-31T13:07:00,0.0,,,,,,,,,,,,,,,,0.0,,,,0,,92.0,2020-07-31T00:12:00,,,,,,,,,,,,,,,,,,,,,,,,,,,,,,,,,,,,,,,,,,,,,,,,,,,,,,,,,,,,,,,,,,,,,,,,,,
2020-08-01,996.3,998.7,2020-08-01T23:11:00,994.4,2020-08-01T01:38:00,28.5,34.3,2020-08-01T10:42:00,24.5,2020-08-01T04:41:00,77,56.0,2020-08-01T10:42:00,0.7,83,6.3,344.0,2020-08-01T12:38:00,0.5,,,,,,,,,,,,,,,,0.5,2020-08-01T15:00:00,,,0,,89.0,2020-08-01T15:09:00,,,,,,,,,,,,,,,,,,,,,,,,,,,,,,,,,,,,,,,,,,,,,,,,,,,,,,,,,,,,,,,,,,,,,,,,,,
2020-08-02,995.5,998.4,2020-08-02T00:05:00,993.2,2020-08-02T16:59:00,27.3,32.0,2020-08-02T11:32:00,24.9,2020-08-02T02:27:00,86,61.0,2020-08-02T10:31:00,0.4,1,5.8,5.0,2020-08-02T12:21:00,5.0,,,,,,,,,,,,,,,,2.0,2020-08-02T14:00:00,,,0,,96.0,2020-08-02T22:55:00,,,,,,,,,,,,,,,,,,,,,,,,,,,,,,,,,,,,,,,,,,,,,,,,,,,,,,,,,,,,,,,,,,,,,,,,,,
2020-08-03,992.2,994.1,2020-08-03T00:24:00,990.7,2020-08-03T19:31:00,27.3,29.4,2020-08-03T13:32:00,25.0,2020-08-03T06:12:00,81,61.0,2020-08-03T21:57:00,1.8,9,11.2,194.0,2020-08-03T12:34:00,1.0,,,,,,,,,,,,,,,,0.5,2020-08-03T02:00:00,,,0,,96.0,2020-08-03T01:46:00,,,,,,,,,,,,,,,,,,,,,,,,,,,,,,,,,,,,,,,,,,,,,,,,,,,,,,,,,,,,,,,,,,,,,,,,,,
2020-08-04,994.8,998.9,2020-08-04T22:13:00,990.9,2020-08-04T00:05:00,28.4,31.7,2020-08-04T12:44:00,24.5,2020-08-04T23:55:00,70,55.0,2020-08-04T13:02:00,1.8,249,11.8,237.0,2020-08-04T10:39:00,3.5,,,,,,,,,,,,,,,,2.5,2020-08-04T21:00:00,,,0,,93.0,2020-08-04T22:53:00,,,,,,,,,,,,,,,,,,,,,,,,,,,,,,,,,,,,,,,,,,,,,,,,,,,,,,,,,,,,,,,,,,,,,,,,,,
2020-08-05,999.1,1001.0,2020-08-05T22:42:00,997.1,2020-08-05T02:19:00,27.3,32.7,2020-08-05T10:48:00,23.7,2020-08-05T03:51:00,82,56.0,2020-08-05T10:33:00,0.4,8,5.7,3.0,2020-08-05T14:39:00,0.5,,,,,,,,,,,,,,,,0.5,2020-08-05T01:00:00,,,0,,95.0,2020-08-05T01:16:00,,,,,,,,,,,,,,,,,,,,,,,,,,,,,,,,,,,,,,,,,,,,,,,,,,,,,,,,,,,,,,,,,,,,,,,,,,
2020-08-06,998.6,1000.7,2020-08-06T00:10:00,996.2,2020-08-06T16:40:00,29.7,35.7,2020-08-06T13:49:00,24.7,2020-08-06T05:11:00,70,46.0,2020-08-06T13:13:00,0.9,4,7.7,351.0,2020-08-06T12:22:00,0.0,,,,,,,,,,,,,,,,0.0,,,,0,,88.0,2020-08-06T01:29:00,,,,,,,,,,,,,,,,,,,,,,,,,,,,,,,,,,,,,,,,,,,,,,,,,,,,,,,,,,,,,,,,,,,,,,,,,,
2020-08-07,996.8,998.7,2020-08-07T00:14:00,994.7,2020-08-07T16:47:00,28.7,33.1,2020-08-07T15:04:00,25.0,2020-08-07T05:31:00,77,63.0,2020-08-07T15:03:00,0.5,89,4.7,300.0,2020-08-07T11:39:00,0.0,,,,,,,,,,,,,,,,0.0,,,,0,,91.0,2020-08-07T22:55:00,,,,,,,,,,,,,,,,,,,,,,,,,,,,,,,,,,,,,,,,,,,,,,,,,,,,,,,,,,,,,,,,,,,,,,,,,,
2020-08-08,994.0,996.0,2020-08-08T00:01:00,992.0,2020-08-08T16:07:00,28.2,32.2,2020-08-08T13:49:00,24.8,2020-08-08T05:51:00,79,57.0,2020-08-08T15:50:00,0.5,3,4.9,358.0,2020-08-08T13:59:00,0.0,,,,,,,,,,,,,,,,0.0,,,,0,,93.0,2020-08-08T00:35:00,,,,,,,,,,,,,,,,,,,,,,,,,,,,,,,,,,,,,,,,,,,,,,,,,,,,,,,,,,,,,,,,,,,,,,,,,,
2020-08-09,992.1,993.2,2020-08-09T23:51:00,990.6,2020-08-09T14:52:00,28.8,34.2,2020-08-09T14:37:00,25.3,2020-08-09T02:11:00,73,51.0,2020-08-09T14:38:00,0.6,5,5.9,309.0,2020-08-09T14:44:00,0.0,,,,,,,,,,,,,,,,0.0,,,,0,,91.0,2020-08-09T03:45:00,,,,,,,,,,,,,,,,,,,,,,,,,,,,,,,,,,,,,,,,,,,,,,,,,,,,,,,,,,,,,,,,,,,,,,,,,,
2020-08-10,993.9,995.2,2020-08-10T18:08:00,992.2,2020-08-10T01:54:00,27.3,33.3,2020-08-10T10:54:00,24.6,2020-08-10T23:27:00,84,59.0,2020-08-10T10:54:00,0.4,96,5.5,259.0,2020-08-10T11:54:00,23.5,,,,,,,,,,,,,,,,11.0,2020-08-10T18:00:00,,,0,,96.0,2020-08-10T19:38:00,,,,,,,,,,,,,,,,,,,,,,,,,,,,,,,,,,,,,,,,,,,,,,,,,,,,,,,,,,,,,,,,,,,,,,,,,,
2020-08-11,997.8,1001.4,2020-08-11T23:48:00,993.6,2020-08-11T03:24:00,26.2,30.2,2020-08-11T13:07:00,24.2,2020-08-11T03:22:00,90,75.0,2020-08-11T14:29:00,0.4,26,3.7,4.0,2020-08-11T16:27:00,18.5,,,,,,,,,,,,,,,,13.0,2020-08-11T17:00:00,,,0,,96.0,2020-08-11T17:55:00,,,,,,,,,,,,,,,,,,,,,,,,,,,,,,,,,,,,,,,,,,,,,,,,,,,,,,,,,,,,,,,,,,,,,,,,,,
2020-08-12,1001.8,1003.5,2020-08-12T22:44:00,1000.2,2020-08-12T02:42:00,26.2,33.2,2020-08-12T11:35:00,23.3,2020-08-12T05:41:00,88,58.0,2020-08-12T11:35:00,0.7,94,5.6,325.0,2020-08-12T12:25:00,12.0,,,,,,,,,,,,,,,,11.0,2020-08-12T13:00:00,,,0,,95.0,2020-08-12T00:06:00,,,,,,,,,,,,,,,,,,,,,,,,,,,,,,,,,,,,,,,,,,,,,,,,,,,,,,,,,,,,,,,,,,,,,,,,,,
2020-08-13,1000.5,1003.2,2020-08-14T00:00:00,999.0,2020-08-13T17:54:00,28.1,33.0,2020-08-13T13:18:00,23.7,2020-08-13T05:22:00,75,55.0,2020-08-13T13:19:00,0.7,98,4.8,295.0,2020-08-13T13:30:00,0.0,,,,,,,,,,,,,,,,0.0,,,,0,,92.0,2020-08-13T00:15:00,,,,,,,,,,,,,,,,,,,,,,,,,,,,,,,,,,,,,,,,,,,,,,,,,,,,,,,,,,,,,,,,,,,,,,,,,,
2020-08-14,998.2,999.6,2020-08-14T00:01:00,996.2,2020-08-14T16:28:00,27.5,32.5,2020-08-14T10:01:00,23.8,2020-08-14T21:32:00,75,54.0,2020-08-14T10:02:00,0.6,91,4.1,342.0,2020-08-14T10:07:00,0.0,,,,,,,,,,,,,,,,0.0,,,,0,,90.0,2020-08-14T23:54:00,,,,,,,,,,,,,,,,,,,,,,,,,,,,,,,,,,,,,,,,,,,,,,,,,,,,,,,,,,,,,,,,,,,,,,,,,,
2020-08-15,997.7,999.4,2020-08-15T23:45:00,996.3,2020-08-15T14:22:00,26.1,31.9,2020-08-15T11:41:00,23.1,2020-08-15T23:52:00,85,59.0,2020-08-15T11:34:00,0.6,51,5.7,208.0,2020-08-15T14:15:00,32.0,,,,,,,,,,,,,,,,22.5,2020-08-15T16:00:00,,,0,,96.0,2020-08-15T15:48:00,,,,,,,,,,,,,,,,,,,,,,,,,,,,,,,,,,,,,,,,,,,,,,,,,,,,,,,,,,,,,,,,,,,,,,,,,,
2020-08-16,997.7,999.2,2020-08-17T00:00:00,996.1,2020-08-16T17:05:00,25.5,31.3,2020-08-16T11:38:00,22.3,2020-08-16T05:27:00,85,62.0,2020-08-16T10:38:00,0.6,91,6.4,347.0,2020-08-16T13:03:00,5.0,,,,,,,,,,,,,,,,2.5,2020-08-16T14:00:00,,,0,,93.0,2020-08-16T15:45:00,,,,,,,,,,,,,,,,,,,,,,,,,,,,,,,,,,,,,,,,,,,,,,,,,,,,,,,,,,,,,,,,,,,,,,,,,,
2020-08-17,996.2,997.9,2020-08-18T00:00:00,994.7,2020-08-17T16:40:00,26.6,33.0,2020-08-17T16:10:00,22.2,2020-08-17T05:26:00,83,61.0,2020-08-17T11:44:00,0.7,93,7.6,190.0,2020-08-17T17:21:00,18.0,,,,,,,,,,,,,,,,16.0,2020-08-17T18:00:00,,,0,,96.0,2020-08-17T20:16:00,,,,,,,,,,,,,,,,,,,,,,,,,,,,,,,,,,,,,,,,,,,,,,,,,,,,,,,,,,,,,,,,,,,,,,,,,,
2020-08-18,995.8,997.9,2020-08-18T23:21:00,994.0,2020-08-18T14:23:00,26.7,33.1,2020-08-18T14:09:00,23.2,2020-08-18T22:42:00,84,56.0,2020-08-18T14:09:00,0.5,32,10.5,173.0,2020-08-18T18:02:00,1.0,,,,,,,,,,,,,,,,1.0,2020-08-18T19:00:00,,,0,,95.0,2020-08-18T06:00:00,,,,,,,,,,,,,,,,,,,,,,,,,,,,,,,,,,,,,,,,,,,,,,,,,,,,,,,,,,,,,,,,,,,,,,,,,,
2020-08-19,996.2,997.6,2020-08-19T23:36:00,994.8,2020-08-19T18:05:00,28.1,32.8,2020-08-19T10:07:00,23.5,2020-08-19T01:21:00,78,58.0,2020-08-19T10:02:00,0.7,93,5.0,249.0,2020-08-19T13:00:00,0.5,,,,,,,,,,,,,,,,0.5,2020-08-19T07:00:00,,,0,,91.0,2020-08-19T01:21:00,,,,,,,,,,,,,,,,,,,,,,,,,,,,,,,,,,,,,,,,,,,,,,,,,,,,,,,,,,,,,,,,,,,,,,,,,,
2020-08-20,996.9,998.4,2020-08-20T22:14:00,994.9,2020-08-20T17:59:00,28.5,33.6,2020-08-20T13:44:00,24.8,2020-08-20T02:12:00,77,56.0,2020-08-20T14:10:00,0.6,89,4.6,340.0,2020-08-20T10:35:00,0.0,,,,,,,,,,,,,,,,0.0,,,,0,,90.0,2020-08-20T02:12:00,,,,,,,,,,,,,,,,,,,,,,,,,,,,,,,,,,,,,,,,,,,,,,,,,,,,,,,,,,,,,,,,,,,,,,,,,,
2020-08-21,995.3,998.4,2020-08-21T00:15:00,992.4,2020-08-21T17:18:00,29.2,34.7,2020-08-21T16:30:00,24.4,2020-08-21T05:52:00,79,58.0,2020-08-21T12:40:00,0.6,1,5.0,252.0,2020-08-21T13:08:00,21.0,,,,,,,,,,,,,,,,11.0,2020-08-21T23:00:00,,,0,,95.0,2020-08-21T23:21:00,,,,,,,,,,,,,,,,,,,,,,,,,,,,,,,,,,,,,,,,,,,,,,,,,,,,,,,,,,,,,,,,,,,,,,,,,,
2020-08-22,993.9,995.6,2020-08-22T00:26:00,992.5,2020-08-22T14:39:00,27.2,32.1,2020-08-22T12:55:00,24.7,2020-08-22T05:42:00,85,61.0,2020-08-22T12:57:00,0.5,8,7.2,10.0,2020-08-22T14:56:00,27.5,,,,,,,,,,,,,,,,19.0,2020-08-22T01:00:00,,,0,,96.0,2020-08-22T01:43:00,,,,,,,,,,,,,,,,,,,,,,,,,,,,,,,,,,,,,,,,,,,,,,,,,,,,,,,,,,,,,,,,,,,,,,,,,,
2020-08-23,994.4,996.0,2020-08-23T09:14:00,993.0,2020-08-23T15:56:00,27.6,33.1,2020-08-23T14:03:00,24.6,2020-08-23T06:21:00,80,52.0,2020-08-23T14:04:00,0.9,273,7.9,248.0,2020-08-23T11:10:00,3.0,,,,,,,,,,,,,,,,2.0,2020-08-23T06:00:00,,,0,,96.0,2020-08-23T06:29:00,,,,,,,,,,,,,,,,,,,,,,,,,,,,,,,,,,,,,,,,,,,,,,,,,,,,,,,,,,,,,,,,,,,,,,,,,,
2020-08-24,992.0,994.1,2020-08-24T01:03:00,989.8,2020-08-24T15:59:00,29.4,34.1,2020-08-24T12:55:00,25.1,2020-08-24T02:31:00,73,50.0,2020-08-24T12:34:00,1.5,248,11.9,205.0,2020-08-24T04:49:00,0.0,,,,,,,,,,,,,,,,0.0,,,,0,,92.0,2020-08-24T22:38:00,,,,,,,,,,,,,,,,,,,,,,,,,,,,,,,,,,,,,,,,,,,,,,,,,,,,,,,,,,,,,,,,,,,,,,,,,,
2020-08-25,990.3,991.9,2020-08-25T00:05:00,988.1,2020-08-25T15:42:00,30.7,35.5,2020-08-25T14:56:00,25.8,2020-08-25T00:03:00,64,44.0,2020-08-25T13:24:00,3.1,235,11.5,257.0,2020-08-25T09:24:00,0.0,,,,,,,,,,,,,,,,0.0,,,,0,,92.0,2020-08-25T00:03:00,,,,,,,,,,,,,,,,,,,,,,,,,,,,,,,,,,,,,,,,,,,,,,,,,,,,,,,,,,,,,,,,,,,,,,,,,,
2020-08-26,989.8,991.2,2020-08-26T21:55:00,987.9,2020-08-26T16:12:00,30.5,33.9,2020-08-26T12:04:00,27.7,2020-08-26T06:11:00,60,50.0,2020-08-26T11:53:00,3.4,241,15.2,222.0,2020-08-26T10:56:00,0.0,,,,,,,,,,,,,,,,0.0,,,,0,,73.0,2020-08-26T06:08:00,,,,,,,,,,,,,,,,,,,,,,,,,,,,,,,,,,,,,,,,,,,,,,,,,,,,,,,,,,,,,,,,,,,,,,,,,,
2020-08-27,990.5,992.7,2020-08-27T19:55:00,988.8,2020-08-27T14:45:00,28.5,32.8,2020-08-27T13:12:00,24.9,2020-08-27T22:22:00,71,54.0,2020-08-27T13:13:00,1.6,230,12.3,238.0,2020-08-27T10:10:00,0.0,,,,,,,,,,,,,,,,0.0,,,,0,,93.0,2020-08-27T21:33:00,,,,,,,,,,,,,,,,,,,,,,,,,,,,,,,,,,,,,,,,,,,,,,,,,,,,,,,,,,,,,,,,,,,,,,,,,,
2020-08-28,991.6,993.6,2020-08-28T20:44:00,989.8,2020-08-28T14:37:00,28.2,34.1,2020-08-28T14:27:00,24.2,2020-08-28T02:01:00,74,53.0,2020-08-28T14:27:00,1.3,254,10.4,258.0,2020-08-28T15:35:00,0.0,,,,,,,,,,,,,,,,0.0,,,,0,,92.0,2020-08-28T00:23:00,,,,,,,,,,,,,,,,,,,,,,,,,,,,,,,,,,,,,,,,,,,,,,,,,,,,,,,,,,,,,,,,,,,,,,,,,,
2020-08-29,993.0,994.0,2020-08-29T09:37:00,992.0,2020-08-29T02:38:00,27.0,33.4,2020-08-29T10:26:00,24.4,2020-08-29T06:02:00,85,56.0,2020-08-29T10:02:00,0.5,95,6.8,107.0,2020-08-29T14:11:00,22.5,,,,,,,,,,,,,,,,20.5,2020-08-29T15:00:00,,,0,,96.0,2020-08-29T15:47:00,,,,,,,,,,,,,,,,,,,,,,,,,,,,,,,,,,,,,,,,,,,,,,,,,,,,,,,,,,,,,,,,,,,,,,,,,,
2020-08-30,992.8,994.5,2020-08-30T09:42:00,991.0,2020-08-30T17:12:00,27.4,32.1,2020-08-30T11:11:00,24.5,2020-08-30T04:22:00,87,63.0,2020-08-30T11:11:00,0.7,4,5.5,300.0,2020-08-30T12:06:00,9.5,,,,,,,,,,,,,,,,9.0,2020-08-30T13:00:00,,,0,,95.0,2020-08-30T21:32:00,,,,,,,,,,,,,,,,,,,,,,,,,,,,,,,,,,,,,,,,,,,,,,,,,,,,,,,,,,,,,,,,,,,,,,,,,,
2020-08-31,992.3,993.8,2020-08-31T07:54:00,990.4,2020-08-31T16:31:00,26.9,32.8,2020-08-31T10:43:00,24.2,2020-08-31T02:01:00,83,52.0,2020-08-31T10:59:00,0.8,1,9.1,11.0,2020-08-31T15:28:00,0.5,,,,,,,,,,,,,,,,0.5,2020-08-31T12:00:00,,,0,,96.0,2020-08-31T02:42:00,,,,,,,,,,,,,,,,,,,,,,,,,,,,,,,,,,,,,,,,,,,,,,,,,,,,,,,,,,,,,,,,,,,,,,,,,,
2020-09-01,991.6,993.1,2020-09-01T22:20:00,989.9,2020-09-01T04:08:00,27.0,32.7,2020-09-01T14:31:00,23.1,2020-09-01T05:41:00,81,54.0,2020-09-01T14:37:00,0.4,17,4.3,314.0,2020-09-01T15:00:00,4.0,,,,,,,,,,,,,,,,3.0,2020-09-01T07:00:00,,,0,,95.0,2020-09-01T07:57:00,,,,,,,,,,,,,,,,,,,,,,,,,,,,,,,,,,,,,,,,,,,,,,,,,,,,,,,,,,,,,,,,,,,,,,,,,,
2020-09-02,993.0,995.0,2020-09-02T23:59:00,991.3,2020-09-02T15:11:00,29.4,34.9,2020-09-02T13:40:00,23.8,2020-09-02T02:01:00,68,46.0,2020-09-02T10:23:00,1.8,247,10.2,225.0,2020-09-02T14:21:00,0.0,,,,,,,,,,,,,,,,0.0,,,,0,,94.0,2020-09-02T02:08:00,,,,,,,,,,,,,,,,,,,,,,,,,,,,,,,,,,,,,,,,,,,,,,,,,,,,,,,,,,,,,,,,,,,,,,,,,,
2020-09-03,996.8,999.1,2020-09-03T23:30:00,994.4,2020-09-03T01:33:00,27.0,31.6,2020-09-03T15:11:00,24.5,2020-09-03T02:48:00,83,68.0,2020-09-03T15:25:00,0.4,8,4.4,198.0,2020-09-03T13:17:00,0.0,,,,,,,,,,,,,,,,0.0,,,,0,,94.0,2020-09-03T23:59:00,,,,,,,,,,,,,,,,,,,,,,,,,,,,,,,,,,,,,,,,,,,,,,,,,,,,,,,,,,,,,,,,,,,,,,,,,,
2020-09-04,997.0,999.0,2020-09-04T08:32:00,994.6,2020-09-04T15:30:00,27.9,33.5,2020-09-04T13:10:00,23.9,2020-09-04T05:52:00,78,52.0,2020-09-04T12:43:00,0.9,1,7.8,334.0,2020-09-04T15:11:00,0.0,,,,,,,,,,,,,,,,0.0,,,,0,,95.0,2020-09-04T00:19:00,,,,,,,,,,,,,,,,,,,,,,,,,,,,,,,,,,,,,,,,,,,,,,,,,,,,,,,,,,,,,,,,,,,,,,,,,,
2020-09-05,995.0,997.1,2020-09-05T07:42:00,992.9,2020-09-05T15:50:00,26.6,30.7,2020-09-05T13:53:00,23.8,2020-09-05T01:26:00,73,50.0,2020-09-05T15:32:00,1.0,11,7.9,9.0,2020-09-05T16:38:00,0.0,,,,,,,,,,,,,,,,0.0,,,,0,,94.0,2020-09-05T01:31:00,,,,,,,,,,,,,,,,,,,,,,,,,,,,,,,,,,,,,,,,,,,,,,,,,,,,,,,,,,,,,,,,,,,,,,,,,,
2020-09-06,993.6,994.7,2020-09-06T09:12:00,992.4,2020-09-06T14:30:00,25.9,31.2,2020-09-06T12:13:00,21.2,2020-09-06T06:22:00,53,32.0,2020-09-06T12:56:00,1.2,27,6.9,314.0,2020-09-06T14:03:00,0.0,,,,,,,,,,,,,,,,0.0,,,,0,,76.0,2020-09-06T01:27:00,,,,,,,,,,,,,,,,,,,,,,,,,,,,,,,,,,,,,,,,,,,,,,,,,,,,,,,,,,,,,,,,,,,,,,,,,,
2020-09-07,996.7,999.7,2020-09-07T22:54:00,994.2,2020-09-07T00:20:00,26.4,34.5,2020-09-07T13:19:00,19.0,2020-09-07T01:11:00,58,32.0,2020-09-07T13:09:00,0.5,85,4.6,9.0,2020-09-07T15:48:00,0.0,,,,,,,,,,,,,,,,0.0,,,,0,,83.0,2020-09-07T23:49:00,,,,,,,,,,,,,,,,,,,,,,,,,,,,,,,,,,,,,,,,,,,,,,,,,,,,,,,,,,,,,,,,,,,,,,,,,,
2020-09-08,1000.3,1001.7,2020-09-08T21:09:00,999.1,2020-09-08T15:36:00,27.7,33.4,2020-09-08T12:08:00,23.7,2020-09-08T05:41:00,66,45.0,2020-09-08T14:55:00,0.5,94,5.3,316.0,2020-09-08T12:30:00,0.0,,,,,,,,,,,,,,,,0.0,,,,0,,83.0,2020-09-08T01:28:00,,,,,,,,,,,,,,,,,,,,,,,,,,,,,,,,,,,,,,,,,,,,,,,,,,,,,,,,,,,,,,,,,,,,,,,,,,
2020-09-09,998.3,1000.9,2020-09-09T00:01:00,996.3,2020-09-09T16:11:00,27.5,32.4,2020-09-09T10:43:00,23.2,2020-09-09T05:51:00,74,48.0,2020-09-09T11:01:00,0.5,71,5.4,260.0,2020-09-09T12:59:00,0.0,,,,,,,,,,,,,,,,0.0,,,,0,,91.0,2020-09-09T22:30:00,,,,,,,,,,,,,,,,,,,,,,,,,,,,,,,,,,,,,,,,,,,,,,,,,,,,,,,,,,,,,,,,,,,,,,,,,,
2020-09-10,995.7,997.2,2020-09-10T08:17:00,993.4,2020-09-10T15:15:00,27.2,32.4,2020-09-10T12:55:00,24.0,2020-09-10T23:41:00,80,58.0,2020-09-10T14:10:00,0.4,100,4.4,241.0,2020-09-10T14:22:00,3.5,,,,,,,,,,,,,,,,3.5,2020-09-10T20:00:00,,,0,,95.0,2020-09-10T20:47:00,,,,,,,,,,,,,,,,,,,,,,,,,,,,,,,,,,,,,,,,,,,,,,,,,,,,,,,,,,,,,,,,,,,,,,,,,,
2020-09-11,996.6,998.8,2020-09-11T22:32:00,995.0,2020-09-11T15:10:00,27.3,32.7,2020-09-11T11:49:00,23.3,2020-09-11T06:21:00,79,57.0,2020-09-11T11:49:00,1.1,94,7.7,254.0,2020-09-11T16:11:00,0.0,,,,,,,,,,,,,,,,0.0,,,,0,,92.0,2020-09-11T01:24:00,,,,,,,,,,,,,,,,,,,,,,,,,,,,,,,,,,,,,,,,,,,,,,,,,,,,,,,,,,,,,,,,,,,,,,,,,,
2020-09-12,999.4,1000.8,2020-09-12T21:00:00,997.7,2020-09-12T04:36:00,26.9,32.5,2020-09-12T12:42:00,23.8,2020-09-12T23:42:00,81,61.0,2020-09-12T12:42:00,0.5,28,5.5,290.0,2020-09-12T15:07:00,0.0,,,,,,,,,,,,,,,,0.0,,,,0,,94.0,2020-09-12T23:05:00,,,,,,,,,,,,,,,,,,,,,,,,,,,,,,,,,,,,,,,,,,,,,,,,,,,,,,,,,,,,,,,,,,,,,,,,,,
2020-09-13,999.8,1001.0,2020-09-13T08:24:00,997.8,2020-09-13T14:54:00,27.2,32.6,2020-09-13T14:20:00,23.0,2020-09-13T06:11:00,81,57.0,2020-09-13T13:22:00,0.6,1,5.8,7.0,2020-09-13T15:15:00,0.0,,,,,,,,,,,,,,,,0.0,,,,0,,93.0,2020-09-13T00:47:00,,,,,,,,,,,,,,,,,,,,,,,,,,,,,,,,,,,,,,,,,,,,,,,,,,,,,,,,,,,,,,,,,,,,,,,,,,
2020-09-14,998.7,1000.1,2020-09-15T00:00:00,996.5,2020-09-14T15:56:00,27.7,32.1,2020-09-14T10:55:00,24.3,2020-09-14T06:26:00,83,60.0,2020-09-14T10:53:00,0.5,11,5.1,3.0,2020-09-14T15:47:00,6.5,,,,,,,,,,,,,,,,6.5,2020-09-14T14:00:00,,,0,,94.0,2020-09-14T23:12:00,,,,,,,,,,,,,,,,,,,,,,,,,,,,,,,,,,,,,,,,,,,,,,,,,,,,,,,,,,,,,,,,,,,,,,,,,,
2020-09-15,998.1,999.6,2020-09-16T00:00:00,996.6,2020-09-15T15:39:00,27.3,31.8,2020-09-15T10:41:00,24.0,2020-09-15T04:31:00,83,62.0,2020-09-15T09:49:00,0.6,98,5.0,340.0,2020-09-15T12:36:00,0.0,,,,,,,,,,,,,,,,0.0,,,,0,,94.0,2020-09-15T00:24:00,,,,,,,,,,,,,,,,,,,,,,,,,,,,,,,,,,,,,,,,,,,,,,,,,,,,,,,,,,,,,,,,,,,,,,,,,,
2020-09-16,997.4,998.6,2020-09-16T09:50:00,995.9,2020-09-16T17:07:00,28.1,33.1,2020-09-16T10:32:00,23.7,2020-09-16T05:27:00,79,59.0,2020-09-16T11:29:00,0.5,338,6.4,336.0,2020-09-16T13:05:00,0.0,,,,,,,,,,,,,,,,0.0,,,,0,,93.0,2020-09-16T00:05:00,,,,,,,,,,,,,,,,,,,,,,,,,,,,,,,,,,,,,,,,,,,,,,,,,,,,,,,,,,,,,,,,,,,,,,,,,,
2020-09-17,997.0,998.8,2020-09-17T23:57:00,995.3,2020-09-17T14:55:00,27.8,33.3,2020-09-17T14:30:00,24.0,2020-09-17T05:11:00,78,56.0,2020-09-17T14:58:00,0.5,88,4.8,304.0,2020-09-17T13:03:00,0.0,,,,,,,,,,,,,,,,0.0,,,,0,,92.0,2020-09-17T00:38:00,,,,,,,,,,,,,,,,,,,,,,,,,,,,,,,,,,,,,,,,,,,,,,,,,,,,,,,,,,,,,,,,,,,,,,,,,,
2020-09-18,999.9,1001.7,2020-09-18T23:36:00,998.5,2020-09-18T00:32:00,27.5,33.2,2020-09-18T09:56:00,24.1,2020-09-18T05:51:00,81,48.0,2020-09-18T09:52:00,0.7,85,6.2,242.0,2020-09-18T13:37:00,35.0,,,,,,,,,,,,,,,,18.0,2020-09-18T16:00:00,,,0,,96.0,2020-09-18T15:42:00,,,,,,,,,,,,,,,,,,,,,,,,,,,,,,,,,,,,,,,,,,,,,,,,,,,,,,,,,,,,,,,,,,,,,,,,,,
2020-09-19,1001.1,1002.8,2020-09-19T09:17:00,1000.0,2020-09-19T17:11:00,26.7,31.7,2020-09-19T09:51:00,23.5,2020-09-19T23:32:00,86,66.0,2020-09-19T09:51:00,0.6,3,5.3,352.0,2020-09-19T11:06:00,0.0,,,,,,,,,,,,,,,,0.0,,,,0,,95.0,2020-09-19T02:35:00,,,,,,,,,,,,,,,,,,,,,,,,,,,,,,,,,,,,,,,,,,,,,,,,,,,,,,,,,,,,,,,,,,,,,,,,,,
2020-09-20,999.8,1001.5,2020-09-20T00:09:00,998.0,2020-09-20T15:48:00,26.4,30.9,2020-09-20T12:57:00,23.0,2020-09-20T05:41:00,81,65.0,2020-09-20T12:10:00,1.2,16,8.9,360.0,2020-09-20T15:23:00,0.0,,,,,,,,,,,,,,,,0.0,,,,0,,95.0,2020-09-20T00:04:00,,,,,,,,,,,,,,,,,,,,,,,,,,,,,,,,,,,,,,,,,,,,,,,,,,,,,,,,,,,,,,,,,,,,,,,,,,
2020-09-21,999.0,1000.3,2020-09-21T00:01:00,996.8,2020-09-21T14:29:00,26.5,30.4,2020-09-21T13:53:00,23.6,2020-09-21T04:31:00,73,58.0,2020-09-21T13:55:00,1.4,21,10.2,3.0,2020-09-21T10:23:00,0.0,,,,,,,,,,,,,,,,0.0,,,,0,,89.0,2020-09-21T03:16:00,,,,,,,,,,,,,,,,,,,,,,,,,,,,,,,,,,,,,,,,,,,,,,,,,,,,,,,,,,,,,,,,,,,,,,,,,,
2020-09-22,998.2,999.8,2020-09-22T08:36:00,996.1,2020-09-22T15:21:00,25.8,32.0,2020-09-22T14:07:00,21.1,2020-09-22T06:11:00,70,44.0,2020-09-22T13:27:00,1.0,10,7.0,351.0,2020-09-22T12:07:00,0.0,,,,,,,,,,,,,,,,0.0,,,,0,,92.0,2020-09-22T06:21:00,,,,,,,,,,,,,,,,,,,,,,,,,,,,,,,,,,,,,,,,,,,,,,,,,,,,,,,,,,,,,,,,,,,,,,,,,,
2020-09-23,998.4,999.5,2020-09-23T23:08:00,996.9,2020-09-23T15:03:00,25.8,33.3,2020-09-23T13:20:00,20.5,2020-09-23T05:21:00,75,47.0,2020-09-23T13:20:00,0.5,10,6.1,314.0,2020-09-23T14:14:00,0.0,,,,,,,,,,,,,,,,0.0,,,,0,,94.0,2020-09-23T05:30:00,,,,,,,,,,,,,,,,,,,,,,,,,,,,,,,,,,,,,,,,,,,,,,,,,,,,,,,,,,,,,,,,,,,,,,,,,,
2020-09-24,998.7,1000.1,2020-09-24T21:15:00,997.6,2020-09-24T04:16:00,24.5,28.7,2020-09-24T12:18:00,22.1,2020-09-24T05:31:00,83,68.0,2020-09-24T12:19:00,1.1,11,7.1,16.0,2020-09-24T16:49:00,0.0,,,,,,,,,,,,,,,,0.0,,,,0,,94.0,2020-09-24T04:32:00,,,,,,,,,,,,,,,,,,,,,,,,,,,,,,,,,,,,,,,,,,,,,,,,,,,,,,,,,,,,,,,,,,,,,,,,,,
2020-09-25,998.1,999.6,2020-09-25T00:05:00,996.3,2020-09-25T16:03:00,23.8,27.8,2020-09-25T12:06:00,21.0,2020-09-25T02:51:00,77,60.0,2020-09-25T14:36:00,1.1,21,8.9,75.0,2020-09-25T13:13:00,0.0,,,,,,,,,,,,,,,,0.0,,,,0,,94.0,2020-09-25T02:30:00,,,,,,,,,,,,,,,,,,,,,,,,,,,,,,,,,,,,,,,,,,,,,,,,,,,,,,,,,,,,,,,,,,,,,,,,,,
2020-09-26,998.1,999.8,2020-09-26T22:31:00,996.1,2020-09-26T04:34:00,23.8,25.7,2020-09-26T14:55:00,22.0,2020-09-26T06:01:00,75,63.0,2020-09-26T18:34:00,0.8,22,7.1,6.0,2020-09-26T12:32:00,0.0,,,,,,,,,,,,,,,,0.0,,,,0,,89.0,2020-09-26T06:00:00,,,,,,,,,,,,,,,,,,,,,,,,,,,,,,,,,,,,,,,,,,,,,,,,,,,,,,,,,,,,,,,,,,,,,,,,,,
2020-09-27,999.8,1001.4,2020-09-27T11:09:00,998.4,2020-09-27T04:06:00,21.4,23.3,2020-09-28T00:00:00,20.6,2020-09-27T07:02:00,90,76.0,2020-09-27T00:02:00,0.7,14,5.1,8.0,2020-09-27T01:06:00,13.5,,,,,,,,,,,,,,,,4.0,2020-09-27T14:00:00,,,0,,96.0,2020-09-27T23:59:00,,,,,,,,,,,,,,,,,,,,,,,,,,,,,,,,,,,,,,,,,,,,,,,,,,,,,,,,,,,,,,,,,,,,,,,,,,
2020-09-28,999.0,1001.1,2020-09-28T09:21:00,997.7,2020-09-28T15:22:00,22.0,24.1,2020-09-28T11:53:00,20.7,2020-09-28T00:51:00,95,88.0,2020-09-28T12:16:00,0.4,26,4.0,57.0,2020-09-28T19:05:00,4.0,,,,,,,,,,,,,,,,1.0,2020-09-28T10:00:00,,,0,,97.0,2020-09-28T09:51:00,,,,,,,,,,,,,,,,,,,,,,,,,,,,,,,,,,,,,,,,,,,,,,,,,,,,,,,,,,,,,,,,,,,,,,,,,,
2020-09-29,996.6,998.8,2020-09-29T00:30:00,994.4,2020-09-29T15:15:00,24.0,28.7,2020-09-29T14:04:00,20.9,2020-09-29T00:03:00,80,59.0,2020-09-29T13:42:00,0.7,18,5.9,321.0,2020-09-29T10:13:00,0.5,,,,,,,,,,,,,,,,0.5,2020-09-29T12:00:00,,,0,,97.0,2020-09-29T03:10:00,,,,,,,,,,,,,,,,,,,,,,,,,,,,,,,,,,,,,,,,,,,,,,,,,,,,,,,,,,,,,,,,,,,,,,,,,,
2020-09-30,996.8,998.8,2020-09-30T09:59:00,994.9,2020-09-30T04:21:00,21.5,23.1,2020-09-30T00:02:00,19.5,2020-09-30T15:22:00,80,69.0,2020-09-30T11:05:00,1.1,26,7.2,61.0,2020-09-30T13:02:00,1.0,,,,,,,,,,,,,,,,0.5,2020-09-30T15:00:00,,,0,,93.0,2020-09-30T15:16:00,,,,,,,,,,,,,,,,,,,,,,,,,,,,,,,,,,,,,,,,,,,,,,,,,,,,,,,,,,,,,,,,,,,,,,,,,,
2020-10-01,997.4,999.1,2020-10-01T10:05:00,995.4,2020-10-01T15:02:00,23.3,29.2,2020-10-01T15:25:00,17.7,2020-10-01T04:52:00,77,54.0,2020-10-01T15:27:00,0.8,107,9.3,17.0,2020-10-01T09:10:00,0.0,,,,,,,,,,,,,,,,0.0,,,,0,,95.0,2020-10-01T05:29:00,,,,,,,,,,,,,,,,,,,,,,,,,,,,,,,,,,,,,,,,,,,,,,,,,,,,,,,,,,,,,,,,,,,,,,,,,,
2020-10-02,998.5,1000.2,2020-10-02T22:58:00,996.3,2020-10-02T15:11:00,25.1,31.8,2020-10-02T14:03:00,19.9,2020-10-02T06:12:00,79,52.0,2020-10-02T11:25:00,0.5,342,5.2,14.0,2020-10-02T14:51:00,0.0,,,,,,,,,,,,,,,,0.0,,,,0,,95.0,2020-10-02T06:27:00,,,,,,,,,,,,,,,,,,,,,,,,,,,,,,,,,,,,,,,,,,,,,,,,,,,,,,,,,,,,,,,,,,,,,,,,,,
2020-10-03,998.5,1000.0,2020-10-03T00:05:00,996.4,2020-10-03T14:32:00,26.0,31.5,2020-10-03T12:05:00,21.3,2020-10-03T05:02:00,75,51.0,2020-10-03T15:01:00,0.5,38,5.1,21.0,2020-10-03T13:19:00,0.0,,,,,,,,,,,,,,,,0.0,,,,0,,94.0,2020-10-03T03:51:00,,,,,,,,,,,,,,,,,,,,,,,,,,,,,,,,,,,,,,,,,,,,,,,,,,,,,,,,,,,,,,,,,,,,,,,,,,
2020-10-04,997.4,999.2,2020-10-05T00:00:00,995.3,2020-10-04T14:22:00,26.3,32.5,2020-10-04T11:04:00,21.4,2020-10-04T05:51:00,73,44.0,2020-10-04T11:11:00,0.5,94,4.9,340.0,2020-10-04T11:31:00,0.0,,,,,,,,,,,,,,,,0.0,,,,0,,92.0,2020-10-04T23:48:00,,,,,,,,,,,,,,,,,,,,,,,,,,,,,,,,,,,,,,,,,,,,,,,,,,,,,,,,,,,,,,,,,,,,,,,,,,
2020-10-05,999.4,1001.9,2020-10-05T22:21:00,997.4,2020-10-06T00:00:00,24.9,28.0,2020-10-05T09:56:00,21.9,2020-10-05T00:26:00,75,66.0,2020-10-05T09:55:00,1.6,34,10.6,7.0,2020-10-05T13:29:00,0.0,,,,,,,,,,,,,,,,0.0,,,,0,,92.0,2020-10-05T00:27:00,,,,,,,,,,,,,,,,,,,,,,,,,,,,,,,,,,,,,,,,,,,,,,,,,,,,,,,,,,,,,,,,,,,,,,,,,,
2020-10-06,1001.6,1003.2,2020-10-06T09:00:00,999.7,2020-10-06T15:18:00,23.5,26.5,2020-10-06T11:12:00,21.7,2020-10-06T04:42:00,68,57.0,2020-10-06T14:52:00,1.7,31,12.7,49.0,2020-10-06T14:28:00,0.0,,,,,,,,,,,,,,,,0.0,,,,0,,77.0,2020-10-06T02:30:00,,,,,,,,,,,,,,,,,,,,,,,,,,,,,,,,,,,,,,,,,,,,,,,,,,,,,,,,,,,,,,,,,,,,,,,,,,
2020-10-07,1002.1,1004.2,2020-10-07T09:43:00,1000.4,2020-10-07T14:59:00,23.3,26.7,2020-10-07T10:36:00,20.6,2020-10-07T05:41:00,66,53.0,2020-10-07T10:30:00,1.5,47,12.6,5.0,2020-10-07T12:00:00,0.0,,,,,,,,,,,,,,,,0.0,,,,0,,77.0,2020-10-07T05:47:00,,,,,,,,,,,,,,,,,,,,,,,,,,,,,,,,,,,,,,,,,,,,,,,,,,,,,,,,,,,,,,,,,,,,,,,,,,
2020-10-08,1002.3,1003.5,2020-10-08T23:40:00,1000.8,2020-10-08T15:32:00,23.8,27.2,2020-10-08T11:11:00,21.5,2020-10-08T04:11:00,64,48.0,2020-10-08T11:12:00,1.8,38,11.4,64.0,2020-10-08T10:07:00,0.0,,,,,,,,,,,,,,,,0.0,,,,0,,74.0,2020-10-08T22:52:00,,,,,,,,,,,,,,,,,,,,,,,,,,,,,,,,,,,,,,,,,,,,,,,,,,,,,,,,,,,,,,,,,,,,,,,,,,
2020-10-09,1002.1,1003.9,2020-10-09T08:03:00,1000.3,2020-10-09T16:19:00,23.6,26.9,2020-10-09T14:17:00,21.6,2020-10-09T04:21:00,69,53.0,2020-10-09T14:21:00,1.6,17,10.8,61.0,2020-10-09T11:54:00,0.0,,,,,,,,,,,,,,,,0.0,,,,0,,80.0,2020-10-09T23:58:00,,,,,,,,,,,,,,,,,,,,,,,,,,,,,,,,,,,,,,,,,,,,,,,,,,,,,,,,,,,,,,,,,,,,,,,,,,
2020-10-10,999.9,1001.7,2020-10-10T08:01:00,998.5,2020-10-10T15:11:00,23.6,27.4,2020-10-10T11:53:00,19.9,2020-10-10T23:51:00,77,62.0,2020-10-10T11:07:00,1.2,24,9.2,5.0,2020-10-10T13:26:00,0.0,,,,,,,,,,,,,,,,0.0,,,,0,,93.0,2020-10-10T23:58:00,,,,,,,,,,,,,,,,,,,,,,,,,,,,,,,,,,,,,,,,,,,,,,,,,,,,,,,,,,,,,,,,,,,,,,,,,,
2020-10-11,997.4,999.1,2020-10-12T00:00:00,994.8,2020-10-11T14:53:00,24.8,30.5,2020-10-11T12:42:00,18.6,2020-10-11T05:52:00,80,61.0,2020-10-11T12:41:00,0.8,5,6.3,9.0,2020-10-11T13:40:00,0.0,,,,,,,,,,,,,,,,0.0,,,,0,,94.0,2020-10-11T06:26:00,,,,,,,,,,,,,,,,,,,,,,,,,,,,,,,,,,,,,,,,,,,,,,,,,,,,,,,,,,,,,,,,,,,,,,,,,,
2020-10-12,997.7,999.1,2020-10-12T23:58:00,995.7,2020-10-12T13:45:00,25.6,28.6,2020-10-12T14:49:00,23.4,2020-10-12T05:41:00,86,74.0,2020-10-12T14:51:00,0.8,4,5.6,13.0,2020-10-12T11:00:00,0.5,,,,,,,,,,,,,,,,0.5,2020-10-12T06:00:00,,,0,,96.0,2020-10-12T07:03:00,,,,,,,,,,,,,,,,,,,,,,,,,,,,,,,,,,,,,,,,,,,,,,,,,,,,,,,,,,,,,,,,,,,,,,,,,,
2020-10-13,1000.1,1002.0,2020-10-13T21:16:00,998.4,2020-10-13T14:35:00,25.6,29.4,2020-10-13T12:10:00,23.2,2020-10-13T23:52:00,81,65.0,2020-10-13T12:21:00,1.2,11,6.3,14.0,2020-10-13T07:20:00,0.0,,,,,,,,,,,,,,,,0.0,,,,0,,89.0,2020-10-13T07:41:00,,,,,,,,,,,,,,,,,,,,,,,,,,,,,,,,,,,,,,,,,,,,,,,,,,,,,,,,,,,,,,,,,,,,,,,,,,
2020-10-14,1001.4,1003.0,2020-10-14T07:47:00,999.2,2020-10-14T15:19:00,25.2,29.9,2020-10-14T14:01:00,21.5,2020-10-14T23:31:00,79,62.0,2020-10-14T14:31:00,0.9,17,8.6,356.0,2020-10-14T14:59:00,0.0,,,,,,,,,,,,,,,,0.0,,,,0,,94.0,2020-10-14T07:03:00,,,,,,,,,,,,,,,,,,,,,,,,,,,,,,,,,,,,,,,,,,,,,,,,,,,,,,,,,,,,,,,,,,,,,,,,,,
2020-10-15,1000.9,1002.4,2020-10-15T09:50:00,998.7,2020-10-15T15:05:00,25.2,30.9,2020-10-15T13:17:00,21.2,2020-10-15T00:12:00,77,56.0,2020-10-15T11:15:00,0.8,14,8.2,10.0,2020-10-15T13:54:00,0.0,,,,,,,,,,,,,,,,0.0,,,,0,,93.0,2020-10-15T01:07:00,,,,,,,,,,,,,,,,,,,,,,,,,,,,,,,,,,,,,,,,,,,,,,,,,,,,,,,,,,,,,,,,,,,,,,,,,,
2020-10-16,1001.1,1002.8,2020-10-16T23:00:00,999.4,2020-10-16T16:00:00,25.3,30.2,2020-10-16T10:50:00,21.9,2020-10-16T00:11:00,78,61.0,2020-10-16T12:14:00,0.9,42,8.8,55.0,2020-10-16T22:06:00,0.0,,,,,,,,,,,,,,,,0.0,,,,0,,93.0,2020-10-16T04:56:00,,,,,,,,,,,,,,,,,,,,,,,,,,,,,,,,,,,,,,,,,,,,,,,,,,,,,,,,,,,,,,,,,,,,,,,,,,
2020-10-17,1002.7,1004.4,2020-10-17T21:43:00,1001.4,2020-10-17T15:18:00,23.8,27.4,2020-10-17T14:23:00,22.0,2020-10-17T06:11:00,72,58.0,2020-10-17T12:52:00,1.7,30,10.6,3.0,2020-10-17T13:00:00,0.0,,,,,,,,,,,,,,,,0.0,,,,0,,81.0,2020-10-17T01:12:00,,,,,,,,,,,,,,,,,,,,,,,,,,,,,,,,,,,,,,,,,,,,,,,,,,,,,,,,,,,,,,,,,,,,,,,,,,
2020-10-18,1002.9,1004.6,2020-10-18T19:50:00,1001.4,2020-10-18T14:27:00,23.3,26.4,2020-10-18T10:11:00,21.0,2020-10-18T23:02:00,75,66.0,2020-10-18T09:57:00,1.7,24,9.4,58.0,2020-10-18T21:31:00,0.0,,,,,,,,,,,,,,,,0.0,,,,0,,80.0,2020-10-18T05:34:00,,,,,,,,,,,,,,,,,,,,,,,,,,,,,,,,,,,,,,,,,,,,,,,,,,,,,,,,,,,,,,,,,,,,,,,,,,
2020-10-19,1002.3,1004.0,2020-10-19T20:29:00,1000.3,2020-10-19T14:32:00,23.2,27.1,2020-10-19T12:24:00,20.0,2020-10-19T05:41:00,74,60.0,2020-10-19T12:24:00,1.6,18,11.3,54.0,2020-10-19T16:04:00,0.0,,,,,,,,,,,,,,,,0.0,,,,0,,85.0,2020-10-19T06:52:00,,,,,,,,,,,,,,,,,,,,,,,,,,,,,,,,,,,,,,,,,,,,,,,,,,,,,,,,,,,,,,,,,,,,,,,,,,
2020-10-20,1000.0,1002.7,2020-10-20T00:04:00,997.8,2020-10-20T13:54:00,24.3,28.5,2020-10-20T13:01:00,19.4,2020-10-20T06:21:00,74,61.0,2020-10-20T11:08:00,1.2,37,8.8,5.0,2020-10-20T14:20:00,0.0,,,,,,,,,,,,,,,,0.0,,,,0,,89.0,2020-10-20T23:16:00,,,,,,,,,,,,,,,,,,,,,,,,,,,,,,,,,,,,,,,,,,,,,,,,,,,,,,,,,,,,,,,,,,,,,,,,,,
2020-10-21,995.7,998.8,2020-10-21T00:02:00,992.8,2020-10-21T14:11:00,25.2,30.8,2020-10-21T11:22:00,20.6,2020-10-21T03:32:00,81,62.0,2020-10-21T13:21:00,0.8,49,7.2,9.0,2020-10-21T21:07:00,0.0,,,,,,,,,,,,,,,,0.0,,,,0,,93.0,2020-10-21T22:30:00,,,,,,,,,,,,,,,,,,,,,,,,,,,,,,,,,,,,,,,,,,,,,,,,,,,,,,,,,,,,,,,,,,,,,,,,,,
2020-10-22,998.2,1001.5,2020-10-22T22:45:00,994.8,2020-10-22T03:56:00,21.4,24.6,2020-10-22T11:36:00,18.1,2020-10-22T18:51:00,84,74.0,2020-10-22T11:41:00,1.8,22,12.2,9.0,2020-10-22T12:26:00,1.0,,,,,,,,,,,,,,,,0.5,2020-10-22T16:00:00,,,0,,93.0,2020-10-22T15:50:00,,,,,,,,,,,,,,,,,,,,,,,,,,,,,,,,,,,,,,,,,,,,,,,,,,,,,,,,,,,,,,,,,,,,,,,,,,
2020-10-23,1000.7,1003.1,2020-10-23T10:15:00,999.1,2020-10-23T14:34:00,19.0,20.5,2020-10-23T15:04:00,16.4,2020-10-23T09:48:00,80,62.0,2020-10-24T00:00:00,1.8,43,12.8,53.0,2020-10-23T10:50:00,23.5,,,,,,,,,,,,,,,,5.5,2020-10-23T09:00:00,,,0,,93.0,2020-10-23T09:55:00,,,,,,,,,,,,,,,,,,,,,,,,,,,,,,,,,,,,,,,,,,,,,,,,,,,,,,,,,,,,,,,,,,,,,,,,,,
2020-10-24,1001.8,1003.8,2020-10-24T08:22:00,999.9,2020-10-24T00:05:00,21.4,25.2,2020-10-24T11:43:00,17.7,2020-10-24T23:41:00,67,55.0,2020-10-24T11:46:00,1.1,12,9.3,11.0,2020-10-24T13:59:00,0.0,,,,,,,,,,,,,,,,0.0,,,,0,,91.0,2020-10-24T23:41:00,,,,,,,,,,,,,,,,,,,,,,,,,,,,,,,,,,,,,,,,,,,,,,,,,,,,,,,,,,,,,,,,,,,,,,,,,,
2020-10-25,1002.0,1004.0,2020-10-25T07:56:00,999.9,2020-10-25T15:37:00,22.4,28.4,2020-10-25T11:24:00,17.7,2020-10-25T00:32:00,76,54.0,2020-10-25T11:26:00,0.6,17,5.6,15.0,2020-10-25T13:06:00,0.0,,,,,,,,,,,,,,,,0.0,,,,0,,93.0,2020-10-25T23:55:00,,,,,,,,,,,,,,,,,,,,,,,,,,,,,,,,,,,,,,,,,,,,,,,,,,,,,,,,,,,,,,,,,,,,,,,,,,
2020-10-26,1000.2,1002.8,2020-10-26T08:30:00,997.5,2020-10-26T15:27:00,23.4,30.8,2020-10-26T12:34:00,18.3,2020-10-26T01:21:00,75,47.0,2020-10-26T14:27:00,0.5,9,6.0,9.0,2020-10-26T14:13:00,0.0,,,,,,,,,,,,,,,,0.0,,,,0,,94.0,2020-10-26T06:48:00,,,,,,,,,,,,,,,,,,,,,,,,,,,,,,,,,,,,,,,,,,,,,,,,,,,,,,,,,,,,,,,,,,,,,,,,,,
2020-10-27,1000.1,1002.4,2020-10-27T22:41:00,997.4,2020-10-27T14:33:00,24.0,31.6,2020-10-27T13:34:00,18.3,2020-10-27T02:31:00,75,46.0,2020-10-27T13:21:00,0.5,2,6.6,4.0,2020-10-27T14:44:00,0.0,,,,,,,,,,,,,,,,0.0,,,,0,,94.0,2020-10-27T03:35:00,,,,,,,,,,,,,,,,,,,,,,,,,,,,,,,,,,,,,,,,,,,,,,,,,,,,,,,,,,,,,,,,,,,,,,,,,,
2020-10-28,1002.8,1004.2,2020-10-28T09:39:00,1001.4,2020-10-28T12:56:00,24.3,30.5,2020-10-28T11:00:00,19.4,2020-10-28T06:11:00,77,53.0,2020-10-28T11:11:00,0.8,7,8.0,16.0,2020-10-28T12:49:00,0.0,,,,,,,,,,,,,,,,0.0,,,,0,,94.0,2020-10-28T06:54:00,,,,,,,,,,,,,,,,,,,,,,,,,,,,,,,,,,,,,,,,,,,,,,,,,,,,,,,,,,,,,,,,,,,,,,,,,,
2020-10-29,1004.9,1006.6,2020-10-29T08:56:00,1003.0,2020-10-29T15:12:00,23.4,28.2,2020-10-29T11:56:00,19.2,2020-10-29T02:21:00,76,60.0,2020-10-29T11:57:00,1.0,32,8.2,58.0,2020-10-29T17:31:00,0.0,,,,,,,,,,,,,,,,0.0,,,,0,,94.0,2020-10-29T02:41:00,,,,,,,,,,,,,,,,,,,,,,,,,,,,,,,,,,,,,,,,,,,,,,,,,,,,,,,,,,,,,,,,,,,,,,,,,,
2020-10-30,1005.6,1007.6,2020-10-30T10:30:00,1003.6,2020-10-30T15:37:00,22.3,25.2,2020-10-30T11:56:00,19.6,2020-10-30T21:11:00,63,49.0,2020-10-30T11:35:00,1.8,26,12.7,64.0,2020-10-30T12:33:00,0.0,,,,,,,,,,,,,,,,0.0,,,,0,,75.0,2020-10-30T02:05:00,,,,,,,,,,,,,,,,,,,,,,,,,,,,,,,,,,,,,,,,,,,,,,,,,,,,,,,,,,,,,,,,,,,,,,,,,,
2020-10-31,1003.8,1006.0,2020-10-31T08:47:00,1001.5,2020-10-31T15:41:00,21.1,27.2,2020-10-31T13:27:00,15.6,2020-10-31T06:41:00,60,40.0,2020-10-31T13:28:00,0.9,108,8.6,9.0,2020-10-31T14:58:00,0.0,,,,,,,,,,,,,,,,0.0,,,,0,,84.0,2020-10-31T23:09:00,,,,,,,,,,,,,,,,,,,,,,,,,,,,,,,,,,,,,,,,,,,,,,,,,,,,,,,,,,,,,,,,,,,,,,,,,,
2020-11-01,1001.6,1003.7,2020-11-01T08:59:00,999.6,2020-11-01T14:40:00,22.1,28.1,2020-11-01T14:08:00,15.7,2020-11-01T03:51:00,75,50.0,2020-11-01T12:11:00,0.4,254,4.2,234.0,2020-11-01T13:41:00,0.0,,,,,,,,,,,,,,,,0.0,,,,0,,92.0,2020-11-01T06:44:00,,,,,,,,,,,,,,,,,,,,,,,,,,,,,,,,,,,,,,,,,,,,,,,,,,,,,,,,,,,,,,,,,,,,,,,,,,
2020-11-02,1001.2,1003.6,2020-11-03T00:00:00,998.9,2020-11-02T14:02:00,22.4,28.8,2020-11-02T12:44:00,17.4,2020-11-02T06:11:00,74,47.0,2020-11-02T11:48:00,1.3,24,10.7,6.0,2020-11-02T12:32:00,0.0,,,,,,,,,,,,,,,,0.0,,,,0,,94.0,2020-11-02T06:58:00,,,,,,,,,,,,,,,,,,,,,,,,,,,,,,,,,,,,,,,,,,,,,,,,,,,,,,,,,,,,,,,,,,,,,,,,,,
2020-11-03,1004.0,1005.6,2020-11-03T09:35:00,1002.3,2020-11-03T14:51:00,21.2,24.4,2020-11-03T13:13:00,19.4,2020-11-03T23:52:00,64,47.0,2020-11-03T12:26:00,2.3,40,12.7,47.0,2020-11-03T14:48:00,0.0,,,,,,,,,,,,,,,,0.0,,,,0,,82.0,2020-11-03T07:04:00,,,,,,,,,,,,,,,,,,,,,,,,,,,,,,,,,,,,,,,,,,,,,,,,,,,,,,,,,,,,,,,,,,,,,,,,,,
2020-11-04,1004.2,1005.7,2020-11-04T07:54:00,1002.4,2020-11-04T14:48:00,20.8,25.3,2020-11-04T11:43:00,16.3,2020-11-04T23:52:00,61,46.0,2020-11-04T11:47:00,1.6,51,10.2,7.0,2020-11-04T12:56:00,0.0,,,,,,,,,,,,,,,,0.0,,,,0,,84.0,2020-11-04T23:57:00,,,,,,,,,,,,,,,,,,,,,,,,,,,,,,,,,,,,,,,,,,,,,,,,,,,,,,,,,,,,,,,,,,,,,,,,,,
2020-11-05,1003.6,1005.6,2020-11-05T09:19:00,1001.5,2020-11-05T15:08:00,20.9,28.0,2020-11-05T11:48:00,14.5,2020-11-05T06:26:00,75,48.0,2020-11-05T11:46:00,0.6,22,7.9,16.0,2020-11-05T14:09:00,0.0,,,,,,,,,,,,,,,,0.0,,,,0,,93.0,2020-11-05T06:32:00,,,,,,,,,,,,,,,,,,,,,,,,,,,,,,,,,,,,,,,,,,,,,,,,,,,,,,,,,,,,,,,,,,,,,,,,,,
2020-11-06,998.7,1002.9,2020-11-06T00:01:00,995.5,2020-11-06T14:37:00,23.8,32.0,2020-11-06T14:01:00,17.1,2020-11-06T05:41:00,81,47.0,2020-11-06T12:03:00,0.5,26,5.4,243.0,2020-11-06T13:25:00,0.0,,,,,,,,,,,,,,,,0.0,,,,0,,93.0,2020-11-06T05:43:00,,,,,,,,,,,,,,,,,,,,,,,,,,,,,,,,,,,,,,,,,,,,,,,,,,,,,,,,,,,,,,,,,,,,,,,,,,
2020-11-07,1002.2,1005.5,2020-11-07T23:46:00,997.8,2020-11-07T00:40:00,23.7,28.6,2020-11-07T10:41:00,19.7,2020-11-07T23:52:00,86,68.0,2020-11-07T11:01:00,1.0,9,7.5,16.0,2020-11-07T23:02:00,2.5,,,,,,,,,,,,,,,,1.0,2020-11-07T22:00:00,,,0,,95.0,2020-11-07T21:51:00,,,,,,,,,,,,,,,,,,,,,,,,,,,,,,,,,,,,,,,,,,,,,,,,,,,,,,,,,,,,,,,,,,,,,,,,,,
2020-11-08,1005.3,1007.3,2020-11-08T09:01:00,1003.7,2020-11-08T23:56:00,20.2,22.7,2020-11-08T14:18:00,18.6,2020-11-08T03:41:00,79,66.0,2020-11-08T13:58:00,2.2,23,12.0,38.0,2020-11-08T19:17:00,0.5,,,,,,,,,,,,,,,,0.5,2020-11-08T02:00:00,,,0,,93.0,2020-11-08T02:05:00,,,,,,,,,,,,,,,,,,,,,,,,,,,,,,,,,,,,,,,,,,,,,,,,,,,,,,,,,,,,,,,,,,,,,,,,,,
2020-11-09,1005.0,1006.3,2020-11-09T08:59:00,1003.5,2020-11-09T04:43:00,20.5,24.3,2020-11-09T10:55:00,18.8,2020-11-09T21:11:00,66,54.0,2020-11-09T10:56:00,1.6,40,10.3,357.0,2020-11-09T00:20:00,0.0,,,,,,,,,,,,,,,,0.0,,,,0,,75.0,2020-11-09T05:13:00,,,,,,,,,,,,,,,,,,,,,,,,,,,,,,,,,,,,,,,,,,,,,,,,,,,,,,,,,,,,,,,,,,,,,,,,,,
2020-11-10,1006.2,1007.6,2020-11-10T20:08:00,1004.3,2020-11-10T02:11:00,20.0,22.7,2020-11-10T15:26:00,16.8,2020-11-10T05:52:00,72,63.0,2020-11-10T15:27:00,1.3,36,8.3,346.0,2020-11-10T11:44:00,2.5,,,,,,,,,,,,,,,,1.5,2020-11-10T06:00:00,,,0,,91.0,2020-11-10T05:27:00,,,,,,,,,,,,,,,,,,,,,,,,,,,,,,,,,,,,,,,,,,,,,,,,,,,,,,,,,,,,,,,,,,,,,,,,,,
2020-11-11,1006.5,1008.2,2020-11-11T08:44:00,1005.0,2020-11-11T13:52:00,21.2,25.8,2020-11-11T12:18:00,17.1,2020-11-11T23:42:00,63,48.0,2020-11-11T13:52:00,1.6,10,11.3,11.0,2020-11-11T13:52:00,0.0,,,,,,,,,,,,,,,,0.0,,,,0,,83.0,2020-11-11T23:01:00,,,,,,,,,,,,,,,,,,,,,,,,,,,,,,,,,,,,,,,,,,,,,,,,,,,,,,,,,,,,,,,,,,,,,,,,,,
2020-11-12,1004.2,1006.3,2020-11-12T00:08:00,1001.7,2020-11-12T15:28:00,22.0,27.6,2020-11-12T13:12:00,16.0,2020-11-12T02:32:00,73,54.0,2020-11-12T13:12:00,1.2,14,10.7,12.0,2020-11-12T10:51:00,0.0,,,,,,,,,,,,,,,,0.0,,,,0,,89.0,2020-11-12T02:50:00,,,,,,,,,,,,,,,,,,,,,,,,,,,,,,,,,,,,,,,,,,,,,,,,,,,,,,,,,,,,,,,,,,,,,,,,,,
2020-11-13,1004.2,1005.2,2020-11-13T21:13:00,1003.0,2020-11-13T04:32:00,21.9,25.0,2020-11-13T09:37:00,18.8,2020-11-13T01:12:00,82,68.0,2020-11-13T10:37:00,1.3,26,10.8,360.0,2020-11-13T11:28:00,4.5,,,,,,,,,,,,,,,,1.0,2020-11-13T18:00:00,,,0,,91.0,2020-11-13T18:19:00,,,,,,,,,,,,,,,,,,,,,,,,,,,,,,,,,,,,,,,,,,,,,,,,,,,,,,,,,,,,,,,,,,,,,,,,,,
2020-11-14,1004.5,1007.2,2020-11-14T21:30:00,1001.8,2020-11-14T04:25:00,22.2,26.9,2020-11-14T12:15:00,19.2,2020-11-14T03:52:00,74,60.0,2020-11-14T12:17:00,1.2,16,8.7,10.0,2020-11-14T12:56:00,0.5,,,,,,,,,,,,,,,,0.5,2020-11-14T01:00:00,,,0,,93.0,2020-11-14T03:42:00,,,,,,,,,,,,,,,,,,,,,,,,,,,,,,,,,,,,,,,,,,,,,,,,,,,,,,,,,,,,,,,,,,,,,,,,,,
2020-11-15,1005.4,1007.2,2020-11-15T09:08:00,1003.5,2020-11-15T14:32:00,22.8,31.1,2020-11-15T13:27:00,17.9,2020-11-15T06:31:00,77,46.0,2020-11-15T13:28:00,0.5,107,5.5,252.0,2020-11-15T14:46:00,0.0,,,,,,,,,,,,,,,,0.0,,,,0,,94.0,2020-11-15T23:59:00,,,,,,,,,,,,,,,,,,,,,,,,,,,,,,,,,,,,,,,,,,,,,,,,,,,,,,,,,,,,,,,,,,,,,,,,,,
2020-11-16,1003.9,1006.4,2020-11-16T08:35:00,1001.3,2020-11-16T15:40:00,22.9,30.3,2020-11-16T14:19:00,18.4,2020-11-16T06:01:00,79,47.0,2020-11-16T13:47:00,0.3,105,3.8,246.0,2020-11-16T15:57:00,0.0,,,,,,,,,,,,,,,,0.0,,,,0,,95.0,2020-11-16T06:55:00,,,,,,,,,,,,,,,,,,,,,,,,,,,,,,,,,,,,,,,,,,,,,,,,,,,,,,,,,,,,,,,,,,,,,,,,,,
2020-11-17,1002.6,1004.4,2020-11-17T09:14:00,1001.6,2020-11-18T00:00:00,23.1,28.2,2020-11-17T12:03:00,19.5,2020-11-17T06:41:00,81,62.0,2020-11-17T12:03:00,0.4,88,4.2,320.0,2020-11-17T12:42:00,0.0,,,,,,,,,,,,,,,,0.0,,,,0,,93.0,2020-11-17T23:09:00,,,,,,,,,,,,,,,,,,,,,,,,,,,,,,,,,,,,,,,,,,,,,,,,,,,,,,,,,,,,,,,,,,,,,,,,,,
2020-11-18,1001.0,1003.0,2020-11-18T08:51:00,999.3,2020-11-18T15:13:00,23.0,28.7,2020-11-18T14:59:00,18.8,2020-11-18T05:41:00,80,60.0,2020-11-18T14:59:00,0.6,257,5.1,303.0,2020-11-18T11:28:00,0.0,,,,,,,,,,,,,,,,0.0,,,,0,,94.0,2020-11-18T05:46:00,,,,,,,,,,,,,,,,,,,,,,,,,,,,,,,,,,,,,,,,,,,,,,,,,,,,,,,,,,,,,,,,,,,,,,,,,,
2020-11-19,1000.2,1002.2,2020-11-19T09:12:00,998.0,2020-11-19T14:38:00,24.1,30.2,2020-11-19T11:36:00,18.9,2020-11-19T06:27:00,74,50.0,2020-11-19T11:28:00,0.5,16,6.0,334.0,2020-11-19T13:41:00,0.0,,,,,,,,,,,,,,,,0.0,,,,0,,92.0,2020-11-19T06:39:00,,,,,,,,,,,,,,,,,,,,,,,,,,,,,,,,,,,,,,,,,,,,,,,,,,,,,,,,,,,,,,,,,,,,,,,,,,
2020-11-20,1001.5,1002.7,2020-11-20T09:19:00,999.8,2020-11-20T01:11:00,24.5,30.3,2020-11-20T11:15:00,21.0,2020-11-20T06:01:00,78,54.0,2020-11-20T11:15:00,0.7,12,6.1,359.0,2020-11-20T12:45:00,0.0,,,,,,,,,,,,,,,,0.0,,,,0,,89.0,2020-11-20T23:59:00,,,,,,,,,,,,,,,,,,,,,,,,,,,,,,,,,,,,,,,,,,,,,,,,,,,,,,,,,,,,,,,,,,,,,,,,,,
2020-11-21,1002.4,1004.0,2020-11-21T08:57:00,1000.8,2020-11-21T14:20:00,24.3,32.8,2020-11-21T14:12:00,19.9,2020-11-21T23:52:00,80,42.0,2020-11-21T14:03:00,0.3,90,4.6,358.0,2020-11-21T14:20:00,0.0,,,,,,,,,,,,,,,,0.0,,,,0,,94.0,2020-11-21T06:51:00,,,,,,,,,,,,,,,,,,,,,,,,,,,,,,,,,,,,,,,,,,,,,,,,,,,,,,,,,,,,,,,,,,,,,,,,,,
2020-11-22,1005.5,1007.7,2020-11-22T21:56:00,1003.1,2020-11-22T00:33:00,22.8,27.4,2020-11-22T12:02:00,18.7,2020-11-22T01:41:00,82,69.0,2020-11-22T12:02:00,0.8,26,9.3,57.0,2020-11-22T22:10:00,0.0,,,,,,,,,,,,,,,,0.0,,,,0,,92.0,2020-11-22T02:00:00,,,,,,,,,,,,,,,,,,,,,,,,,,,,,,,,,,,,,,,,,,,,,,,,,,,,,,,,,,,,,,,,,,,,,,,,,,
2020-11-23,1006.4,1008.3,2020-11-23T08:20:00,1003.7,2020-11-23T13:58:00,22.5,27.5,2020-11-23T12:58:00,17.7,2020-11-23T23:52:00,74,54.0,2020-11-23T12:05:00,1.4,13,8.8,3.0,2020-11-23T13:36:00,0.0,,,,,,,,,,,,,,,,0.0,,,,0,,93.0,2020-11-23T23:59:00,,,,,,,,,,,,,,,,,,,,,,,,,,,,,,,,,,,,,,,,,,,,,,,,,,,,,,,,,,,,,,,,,,,,,,,,,,
2020-11-24,1006.3,1008.2,2020-11-24T09:00:00,1003.4,2020-11-24T15:13:00,21.6,27.5,2020-11-24T14:06:00,17.3,2020-11-24T03:12:00,78,56.0,2020-11-24T14:55:00,0.7,10,6.0,3.0,2020-11-24T15:13:00,0.0,,,,,,,,,,,,,,,,0.0,,,,0,,94.0,2020-11-24T03:36:00,,,,,,,,,,,,,,,,,,,,,,,,,,,,,,,,,,,,,,,,,,,,,,,,,,,,,,,,,,,,,,,,,,,,,,,,,,
2020-11-25,1005.2,1007.0,2020-11-25T09:17:00,1002.5,2020-11-25T15:06:00,22.3,29.7,2020-11-25T12:41:00,16.0,2020-11-25T06:42:00,79,47.0,2020-11-25T12:32:00,0.5,268,5.4,259.0,2020-11-25T13:33:00,0.0,,,,,,,,,,,,,,,,0.0,,,,0,,94.0,2020-11-25T05:53:00,,,,,,,,,,,,,,,,,,,,,,,,,,,,,,,,,,,,,,,,,,,,,,,,,,,,,,,,,,,,,,,,,,,,,,,,,,
2020-11-26,1005.5,1007.8,2020-11-26T09:22:00,1002.9,2020-11-26T15:20:00,22.8,30.6,2020-11-26T14:37:00,18.0,2020-11-26T05:12:00,76,45.0,2020-11-26T15:12:00,0.6,8,5.9,11.0,2020-11-26T16:14:00,0.0,,,,,,,,,,,,,,,,0.0,,,,0,,94.0,2020-11-26T05:16:00,,,,,,,,,,,,,,,,,,,,,,,,,,,,,,,,,,,,,,,,,,,,,,,,,,,,,,,,,,,,,,,,,,,,,,,,,,
2020-11-27,1007.6,1009.3,2020-11-27T23:09:00,1005.6,2020-11-27T02:58:00,20.1,23.9,2020-11-27T10:24:00,16.3,2020-11-27T06:31:00,80,70.0,2020-11-27T10:27:00,1.2,16,10.1,62.0,2020-11-27T17:36:00,0.0,,,,,,,,,,,,,,,,0.0,,,,0,,94.0,2020-11-27T06:24:00,,,,,,,,,,,,,,,,,,,,,,,,,,,,,,,,,,,,,,,,,,,,,,,,,,,,,,,,,,,,,,,,,,,,,,,,,,
2020-11-28,1008.1,1010.0,2020-11-28T09:22:00,1005.8,2020-11-28T15:45:00,20.0,24.1,2020-11-28T13:34:00,17.8,2020-11-28T20:22:00,75,59.0,2020-11-28T13:35:00,1.7,18,11.1,349.0,2020-11-28T12:55:00,0.0,,,,,,,,,,,,,,,,0.0,,,,0,,82.0,2020-11-28T20:25:00,,,,,,,,,,,,,,,,,,,,,,,,,,,,,,,,,,,,,,,,,,,,,,,,,,,,,,,,,,,,,,,,,,,,,,,,,,
2020-11-29,1008.1,1009.4,2020-11-29T09:08:00,1006.5,2020-11-29T14:16:00,19.1,22.3,2020-11-29T13:15:00,15.9,2020-11-29T23:42:00,75,64.0,2020-11-29T13:16:00,1.3,39,8.7,18.0,2020-11-29T11:48:00,0.0,,,,,,,,,,,,,,,,0.0,,,,0,,88.0,2020-11-29T23:44:00,,,,,,,,,,,,,,,,,,,,,,,,,,,,,,,,,,,,,,,,,,,,,,,,,,,,,,,,,,,,,,,,,,,,,,,,,,
2020-11-30,1007.9,1009.8,2020-11-30T21:42:00,1005.6,2020-11-30T14:46:00,19.6,22.9,2020-11-30T13:29:00,15.2,2020-11-30T01:42:00,71,57.0,2020-11-30T13:52:00,1.5,38,11.1,5.0,2020-11-30T14:26:00,0.0,,,,,,,,,,,,,,,,0.0,,,,0,,91.0,2020-11-30T01:46:00,,,,,,,,,,,,,,,,,,,,,,,,,,,,,,,,,,,,,,,,,,,,,,,,,,,,,,,,,,,,,,,,,,,,,,,,,,
2020-12-01,1007.1,1009.5,2020-12-01T08:37:00,1005.3,2020-12-01T14:23:00,19.6,23.8,2020-12-01T13:35:00,15.6,2020-12-01T23:51:00,75,61.0,2020-12-01T13:35:00,1.7,50,11.6,7.0,2020-12-01T16:21:00,0.0,,,,,,,,,,,,,,,,0.0,,,,0,,89.0,2020-12-01T23:49:00,,,,,,,,,,,,,,,,,,,,,,,,,,,,,,,,,,,,,,,,,,,,,,,,,,,,,,,,,,,,,,,,,,,,,,,,,,
2020-12-02,1005.8,1008.1,2020-12-02T08:21:00,1003.6,2020-12-02T15:34:00,19.1,23.6,2020-12-02T12:11:00,14.0,2020-12-02T03:21:00,72,58.0,2020-12-02T14:13:00,1.8,23,11.6,10.0,2020-12-02T12:18:00,0.0,,,,,,,,,,,,,,,,0.0,,,,0,,93.0,2020-12-02T03:24:00,,,,,,,,,,,,,,,,,,,,,,,,,,,,,,,,,,,,,,,,,,,,,,,,,,,,,,,,,,,,,,,,,,,,,,,,,,
2020-12-03,1007.0,1009.0,2020-12-03T10:08:00,1005.1,2020-12-03T03:00:00,16.9,18.6,2020-12-03T10:40:00,15.2,2020-12-03T16:12:00,74,61.0,2020-12-03T10:52:00,2.5,36,13.6,5.0,2020-12-03T11:40:00,0.0,,,,,,,,,,,,,,,,0.0,,,,0,,81.0,2020-12-03T15:53:00,,,,,,,,,,,,,,,,,,,,,,,,,,,,,,,,,,,,,,,,,,,,,,,,,,,,,,,,,,,,,,,,,,,,,,,,,,
2020-12-04,1005.6,1008.0,2020-12-04T10:04:00,1004.0,2020-12-04T14:51:00,17.9,19.8,2020-12-04T11:06:00,15.9,2020-12-04T00:01:00,72,65.0,2020-12-04T11:00:00,1.9,30,12.5,58.0,2020-12-04T06:46:00,0.0,,,,,,,,,,,,,,,,0.0,,,,0,,82.0,2020-12-04T06:11:00,,,,,,,,,,,,,,,,,,,,,,,,,,,,,,,,,,,,,,,,,,,,,,,,,,,,,,,,,,,,,,,,,,,,,,,,,,
2020-12-05,1006.3,1008.2,2020-12-05T08:52:00,1004.7,2020-12-05T14:11:00,18.5,22.0,2020-12-05T12:26:00,15.1,2020-12-05T23:51:00,72,62.0,2020-12-05T12:26:00,1.2,35,10.4,56.0,2020-12-05T09:51:00,0.0,,,,,,,,,,,,,,,,0.0,,,,0,,90.0,2020-12-05T23:55:00,,,,,,,,,,,,,,,,,,,,,,,,,,,,,,,,,,,,,,,,,,,,,,,,,,,,,,,,,,,,,,,,,,,,,,,,,,
2020-12-06,1005.1,1006.4,2020-12-06T00:13:00,1003.3,2020-12-06T15:07:00,18.9,25.0,2020-12-06T13:58:00,13.0,2020-12-06T04:52:00,80,58.0,2020-12-06T10:11:00,1.0,9,10.8,11.0,2020-12-06T11:52:00,0.0,,,,,,,,,,,,,,,,0.0,,,,0,,94.0,2020-12-06T06:07:00,,,,,,,,,,,,,,,,,,,,,,,,,,,,,,,,,,,,,,,,,,,,,,,,,,,,,,,,,,,,,,,,,,,,,,,,,,
2020-12-07,1006.1,1008.1,2020-12-07T08:45:00,1004.0,2020-12-07T14:45:00,20.2,23.3,2020-12-07T13:10:00,16.2,2020-12-07T03:02:00,82,70.0,2020-12-07T13:19:00,1.4,11,8.8,55.0,2020-12-07T22:32:00,0.0,,,,,,,,,,,,,,,,0.0,,,,0,,95.0,2020-12-07T03:15:00,,,,,,,,,,,,,,,,,,,,,,,,,,,,,,,,,,,,,,,,,,,,,,,,,,,,,,,,,,,,,,,,,,,,,,,,,,
2020-12-08,1006.1,1007.9,2020-12-08T09:17:00,1004.5,2020-12-08T23:58:00,19.1,21.2,2020-12-08T10:27:00,17.1,2020-12-08T23:01:00,78,69.0,2020-12-08T11:11:00,1.6,9,10.6,61.0,2020-12-08T02:43:00,1.0,,,,,,,,,,,,,,,,0.5,2020-12-08T13:00:00,,,0,,87.0,2020-12-08T23:00:00,,,,,,,,,,,,,,,,,,,,,,,,,,,,,,,,,,,,,,,,,,,,,,,,,,,,,,,,,,,,,,,,,,,,,,,,,,
2020-12-09,1003.9,1006.5,2020-12-09T08:58:00,1001.7,2020-12-09T14:26:00,18.7,20.8,2020-12-09T14:29:00,16.5,2020-12-09T06:42:00,90,79.0,2020-12-09T01:57:00,0.8,5,8.4,53.0,2020-12-09T02:12:00,12.0,,,,,,,,,,,,,,,,4.0,2020-12-09T07:00:00,,,0,,96.0,2020-12-09T23:57:00,,,,,,,,,,,,,,,,,,,,,,,,,,,,,,,,,,,,,,,,,,,,,,,,,,,,,,,,,,,,,,,,,,,,,,,,,,
2020-12-10,1003.4,1005.1,2020-12-10T08:08:00,1000.6,2020-12-10T14:43:00,20.4,23.6,2020-12-10T11:46:00,18.6,2020-12-10T01:42:00,88,72.0,2020-12-10T14:43:00,1.0,5,7.1,16.0,2020-12-10T11:52:00,1.5,,,,,,,,,,,,,,,,1.0,2020-12-10T01:00:00,,,0,,96.0,2020-12-10T05:59:00,,,,,,,,,,,,,,,,,,,,,,,,,,,,,,,,,,,,,,,,,,,,,,,,,,,,,,,,,,,,,,,,,,,,,,,,,,
2020-12-11,1002.9,1004.6,2020-12-11T08:55:00,1000.9,2020-12-11T14:15:00,19.6,21.3,2020-12-11T13:02:00,18.7,2020-12-11T22:12:00,92,87.0,2020-12-11T13:52:00,0.7,8,5.4,14.0,2020-12-11T12:42:00,5.5,,,,,,,,,,,,,,,,2.0,2020-12-11T12:00:00,,,0,,95.0,2020-12-11T08:20:00,,,,,,,,,,,,,,,,,,,,,,,,,,,,,,,,,,,,,,,,,,,,,,,,,,,,,,,,,,,,,,,,,,,,,,,,,,
2020-12-12,1002.9,1005.0,2020-12-12T08:52:00,1000.9,2020-12-12T15:04:00,19.1,22.9,2020-12-12T10:52:00,16.8,2020-12-12T23:42:00,81,68.0,2020-12-12T10:52:00,1.1,26,8.7,14.0,2020-12-12T13:42:00,0.0,,,,,,,,,,,,,,,,0.0,,,,0,,92.0,2020-12-12T00:14:00,,,,,,,,,,,,,,,,,,,,,,,,,,,,,,,,,,,,,,,,,,,,,,,,,,,,,,,,,,,,,,,,,,,,,,,,,,
2020-12-13,1003.1,1005.2,2020-12-13T10:00:00,1001.4,2020-12-13T15:38:00,18.2,22.5,2020-12-13T11:52:00,15.1,2020-12-13T23:21:00,84,63.0,2020-12-13T12:30:00,0.6,9,6.1,20.0,2020-12-13T13:36:00,0.0,,,,,,,,,,,,,,,,0.0,,,,0,,94.0,2020-12-13T23:50:00,,,,,,,,,,,,,,,,,,,,,,,,,,,,,,,,,,,,,,,,,,,,,,,,,,,,,,,,,,,,,,,,,,,,,,,,,,
2020-12-14,1006.5,1009.3,2020-12-14T23:24:00,1003.0,2020-12-14T00:19:00,16.4,19.1,2020-12-14T12:33:00,13.7,2020-12-14T04:21:00,83,68.0,2020-12-14T12:33:00,1.1,23,9.0,6.0,2020-12-14T10:25:00,0.0,,,,,,,,,,,,,,,,0.0,,,,0,,95.0,2020-12-14T04:29:00,,,,,,,,,,,,,,,,,,,,,,,,,,,,,,,,,,,,,,,,,,,,,,,,,,,,,,,,,,,,,,,,,,,,,,,,,,
2020-12-15,1008.9,1011.1,2020-12-15T08:35:00,1007.1,2020-12-15T14:53:00,15.9,17.5,2020-12-15T11:14:00,14.7,2020-12-15T06:02:00,79,72.0,2020-12-15T11:15:00,1.4,19,8.5,9.0,2020-12-15T12:23:00,0.0,,,,,,,,,,,,,,,,0.0,,,,0,,83.0,2020-12-16T00:00:00,,,,,,,,,,,,,,,,,,,,,,,,,,,,,,,,,,,,,,,,,,,,,,,,,,,,,,,,,,,,,,,,,,,,,,,,,,
2020-12-16,1009.2,1011.4,2020-12-16T09:36:00,1007.6,2020-12-16T16:19:00,16.2,17.9,2020-12-16T11:12:00,15.4,2020-12-16T06:52:00,78,73.0,2020-12-16T11:11:00,1.2,24,7.9,5.0,2020-12-16T15:15:00,0.0,,,,,,,,,,,,,,,,0.0,,,,0,,82.0,2020-12-16T04:39:00,,,,,,,,,,,,,,,,,,,,,,,,,,,,,,,,,,,,,,,,,,,,,,,,,,,,,,,,,,,,,,,,,,,,,,,,,,
2020-12-17,1007.6,1009.9,2020-12-17T07:45:00,1005.2,2020-12-17T13:12:00,16.8,21.6,2020-12-17T13:40:00,13.0,2020-12-17T23:47:00,76,59.0,2020-12-17T13:04:00,0.8,34,6.1,355.0,2020-12-17T08:25:00,0.0,,,,,,,,,,,,,,,,0.0,,,,0,,94.0,2020-12-17T23:35:00,,,,,,,,,,,,,,,,,,,,,,,,,,,,,,,,,,,,,,,,,,,,,,,,,,,,,,,,,,,,,,,,,,,,,,,,,,
2020-12-18,1007.9,1009.6,2020-12-18T08:53:00,1006.0,2020-12-18T14:13:00,17.6,21.4,2020-12-18T11:34:00,12.8,2020-12-18T00:41:00,87,71.0,2020-12-18T10:35:00,1.2,12,7.8,16.0,2020-12-18T14:13:00,0.0,,,,,,,,,,,,,,,,0.0,,,,0,,94.0,2020-12-18T07:36:00,,,,,,,,,,,,,,,,,,,,,,,,,,,,,,,,,,,,,,,,,,,,,,,,,,,,,,,,,,,,,,,,,,,,,,,,,,
2020-12-19,1010.0,1012.1,2020-12-19T09:38:00,1008.0,2020-12-19T14:30:00,16.1,18.7,2020-12-19T00:11:00,15.2,2020-12-19T23:21:00,82,76.0,2020-12-19T21:09:00,2.1,13,11.6,356.0,2020-12-19T12:10:00,1.0,,,,,,,,,,,,,,,,1.0,2020-12-19T04:00:00,,,0,,94.0,2020-12-19T04:09:00,,,,,,,,,,,,,,,,,,,,,,,,,,,,,,,,,,,,,,,,,,,,,,,,,,,,,,,,,,,,,,,,,,,,,,,,,,
2020-12-20,1009.6,1011.4,2020-12-20T08:23:00,1007.9,2020-12-20T15:17:00,15.9,18.3,2020-12-20T13:49:00,11.8,2020-12-20T04:12:00,77,65.0,2020-12-20T13:51:00,1.1,33,9.5,360.0,2020-12-20T11:19:00,0.0,,,,,,,,,,,,,,,,0.0,,,,0,,94.0,2020-12-20T04:37:00,,,,,,,,,,,,,,,,,,,,,,,,,,,,,,,,,,,,,,,,,,,,,,,,,,,,,,,,,,,,,,,,,,,,,,,,,,
2020-12-21,1007.9,1009.5,2020-12-21T10:15:00,1006.4,2020-12-21T14:25:00,15.7,18.3,2020-12-21T14:38:00,14.0,2020-12-21T23:51:00,81,69.0,2020-12-21T15:15:00,1.0,36,7.0,38.0,2020-12-21T06:14:00,3.0,,,,,,,,,,,,,,,,1.0,2020-12-21T02:00:00,,,0,,92.0,2020-12-21T23:59:00,,,,,,,,,,,,,,,,,,,,,,,,,,,,,,,,,,,,,,,,,,,,,,,,,,,,,,,,,,,,,,,,,,,,,,,,,,
2020-12-22,1005.3,1007.8,2020-12-22T00:49:00,1002.0,2020-12-22T14:48:00,19.0,25.8,2020-12-22T14:02:00,14.0,2020-12-22T00:01:00,78,53.0,2020-12-22T13:04:00,0.6,35,4.6,14.0,2020-12-22T03:37:00,0.0,,,,,,,,,,,,,,,,0.0,,,,0,,94.0,2020-12-22T22:56:00,,,,,,,,,,,,,,,,,,,,,,,,,,,,,,,,,,,,,,,,,,,,,,,,,,,,,,,,,,,,,,,,,,,,,,,,,,
2020-12-23,1003.9,1006.4,2020-12-23T09:37:00,1002.4,2020-12-23T23:59:00,17.6,19.5,2020-12-23T13:23:00,16.5,2020-12-23T18:26:00,95,92.0,2020-12-23T01:01:00,0.4,309,5.0,247.0,2020-12-23T06:44:00,28.0,,,,,,,,,,,,,,,,7.0,2020-12-23T03:00:00,,,0,,97.0,2020-12-23T23:43:00,,,,,,,,,,,,,,,,,,,,,,,,,,,,,,,,,,,,,,,,,,,,,,,,,,,,,,,,,,,,,,,,,,,,,,,,,,
2020-12-24,1003.7,1005.7,2020-12-24T21:35:00,1002.0,2020-12-24T04:40:00,16.9,18.8,2020-12-24T10:32:00,14.8,2020-12-24T23:31:00,88,78.0,2020-12-24T20:41:00,1.2,10,8.8,6.0,2020-12-24T11:56:00,6.0,,,,,,,,,,,,,,,,3.5,2020-12-24T04:00:00,,,0,,96.0,2020-12-24T00:01:00,,,,,,,,,,,,,,,,,,,,,,,,,,,,,,,,,,,,,,,,,,,,,,,,,,,,,,,,,,,,,,,,,,,,,,,,,,
2020-12-25,1005.8,1007.2,2020-12-25T07:24:00,1004.1,2020-12-25T14:12:00,16.8,20.3,2020-12-25T12:52:00,13.9,2020-12-25T20:54:00,77,62.0,2020-12-25T12:32:00,0.9,37,8.1,58.0,2020-12-25T09:35:00,0.0,,,,,,,,,,,,,,,,0.0,,,,0,,91.0,2020-12-25T23:08:00,,,,,,,,,,,,,,,,,,,,,,,,,,,,,,,,,,,,,,,,,,,,,,,,,,,,,,,,,,,,,,,,,,,,,,,,,,
2020-12-26,1006.1,1008.6,2020-12-26T09:04:00,1003.7,2020-12-26T15:12:00,17.7,22.9,2020-12-26T11:24:00,14.1,2020-12-26T06:52:00,85,57.0,2020-12-26T11:42:00,0.4,339,4.4,344.0,2020-12-26T13:58:00,0.0,,,,,,,,,,,,,,,,0.0,,,,0,,94.0,2020-12-26T06:03:00,,,,,,,,,,,,,,,,,,,,,,,,,,,,,,,,,,,,,,,,,,,,,,,,,,,,,,,,,,,,,,,,,,,,,,,,,,
2020-12-27,1004.0,1006.2,2020-12-27T10:56:00,1001.6,2020-12-27T14:46:00,18.1,20.9,2020-12-27T15:16:00,15.2,2020-12-27T05:22:00,84,64.0,2020-12-27T22:27:00,0.6,19,5.6,161.0,2020-12-27T12:08:00,1.5,,,,,,,,,,,,,,,,0.5,2020-12-27T12:00:00,,,0,,94.0,2020-12-27T05:12:00,,,,,,,,,,,,,,,,,,,,,,,,,,,,,,,,,,,,,,,,,,,,,,,,,,,,,,,,,,,,,,,,,,,,,,,,,,
2020-12-28,1001.4,1004.2,2020-12-28T00:19:00,999.0,2020-12-28T14:12:00,19.5,24.0,2020-12-28T14:18:00,16.3,2020-12-28T05:27:00,78,61.0,2020-12-28T14:20:00,0.9,9,7.3,358.0,2020-12-28T11:52:00,2.0,,,,,,,,,,,,,,,,1.0,2020-12-28T02:00:00,,,0,,93.0,2020-12-28T23:18:00,,,,,,,,,,,,,,,,,,,,,,,,,,,,,,,,,,,,,,,,,,,,,,,,,,,,,,,,,,,,,,,,,,,,,,,,,,
2020-12-29,1001.8,1003.8,2020-12-29T23:57:00,1000.2,2020-12-29T14:42:00,18.9,21.6,2020-12-29T10:46:00,16.6,2020-12-29T00:31:00,91,80.0,2020-12-29T10:45:00,0.5,37,5.0,9.0,2020-12-29T23:45:00,2.0,,,,,,,,,,,,,,,,1.5,2020-12-29T05:00:00,,,0,,96.0,2020-12-29T08:22:00,,,,,,,,,,,,,,,,,,,,,,,,,,,,,,,,,,,,,,,,,,,,,,,,,,,,,,,,,,,,,,,,,,,,,,,,,,
2020-12-30,1010.7,1013.7,2020-12-30T23:48:00,1003.8,2020-12-31T00:00:00,11.5,18.9,2020-12-30T01:18:00,9.0,2020-12-30T23:52:00,71,53.0,2020-12-30T23:49:00,2.7,34,12.7,6.0,2020-12-30T15:54:00,0.0,,,,,,,,,,,,,,,,0.0,,,,0,,95.0,2020-12-31T00:00:00,,,,,,,,,,,,,,,,,,,,,,,,,,,,,,,,,,,,,,,,,,,,,,,,,,,,,,,,,,,,,,,,,,,,,,,,,,
2020-12-31,1013.7,1016.1,2020-12-31T09:07:00,1011.9,2020-12-31T14:45:00,8.5,9.9,2020-12-31T23:58:00,6.0,2020-12-31T07:21:00,62,51.0,2020-12-31T02:55:00,2.0,31,12.0,55.0,2020-12-31T00:51:00,0.0,,,,,,,,,,,,,,,,0.0,,,,0,,68.0,2020-12-31T18:45:00,,,,,,,,,,,,,,,,,,,,,,,,,,,,,,,,,,,,,,,,,,,,,,,,,,,,,,,,,,,,,,,,,,,,,,,,,,
