,StnPres,Tx,RH,WS,WD,WSGust,WDGust,Precp,SunShine,GloblRad,TxSoil0cm,TxSoil10cm,TxSoil20cm,TxSoil50cm,TxSoil100cm
2023-01-01 01:00:00,1017.9,18.2,100.0,0.3,29.0,1.5,55.0,8.5,-99.8,-99.8,-99.8,-99.8,-99.8,-99.8,-99.8
2023-01-01 02:00:00,1017.5,17.9,99.0,0.3,352.0,1.8,311.0,3.5,-99.8,-99.8,-99.8,-99.8,-99.8,-99.8,-99.8
2023-01-01 03:00:00,1017.2,17.9,100.0,0.6,16.0,1.6,301.0,0.5,-99.8,-99.8,-99.8,-99.8,-99.8,-99.8,-99.8
2023-01-01 04:00:00,1017.3,17.8,100.0,0.1,0.0,1.8,28.0,3.0,-99.8,-99.8,-99.8,-99.8,-99.8,-99.8,-99.8
2023-01-01 05:00:00,1017.6,17.9,100.0,0.4,24.0,1.7,24.0,3.5,-99.8,-99.8,-99.8,-99.8,-99.8,-99.8,-99.8
2023-01-01 06:00:00,1018.0,18.0,100.0,0.3,10.0,2.4,22.0,3.0,-99.8,-99.8,-99.8,-99.8,-99.8,-99.8,-99.8
2023-01-01 07:00:00,1018.5,17.9,100.0,0.5,340.0,1.4,321.0,1.5,-99.8,-99.8,-99.8,-99.8,-99.8,-99.8,-99.8
2023-01-01 08:00:00,1019.2,18.2,100.0,0.9,357.0,2.1,32.0,2.0,-99.8,-99.8,-99.8,-99.8,-99.8,-99.8,-99.8
2023-01-01 09:00:00,1019.5,18.5,100.0,0.2,0.0,1.6,304.0,1.5,-99.8,-99.8,-99.8,-99.8,-99.8,-99.8,-99.8
2023-01-01 10:00:00,1019.4,19.4,98.0,0.0,0.0,1.8,38.0,0.0,-99.8,-99.8,-99.8,-99.8,-99.8,-99.8,-99.8
2023-01-01 11:00:00,1019.0,18.9,99.0,0.6,218.0,4.8,236.0,0.5,-99.8,-99.8,-99.8,-99.8,-99.8,-99.8,-99.8
2023-01-01 12:00:00,1017.9,18.6,98.0,1.1,14.0,2.2,8.0,0.5,-99.8,-99.8,-99.8,-99.8,-99.8,-99.8,-99.8
2023-01-01 13:00:00,1016.8,19.3,96.0,0.9,14.0,3.2,29.0,0.0,-99.8,-99.8,-99.8,-99.8,-99.8,-99.8,-99.8
2023-01-01 14:00:00,1016.2,19.1,97.0,0.5,358.0,1.9,22.0,0.0,-99.8,-99.8,-99.8,-99.8,-99.8,-99.8,-99.8
2023-01-01 15:00:00,1016.2,18.7,97.0,0.3,353.0,1.4,1.0,0.5,-99.8,-99.8,-99.8,-99.8,-99.8,-99.8,-99.8
2023-01-01 16:00:00,1016.5,18.8,97.0,0.3,31.0,1.6,46.0,0.0,-99.8,-99.8,-99.8,-99.8,-99.8,-99.8,-99.8
2023-01-01 17:00:00,1017.0,18.1,96.0,0.6,359.0,3.5,246.0,0.0,-99.8,-99.8,-99.8,-99.8,-99.8,-99.8,-99.8
2023-01-01 18:00:00,1017.3,17.5,98.0,0.7,348.0,1.8,31.0,0.5,-99.8,-99.8,-99.8,-99.8,-99.8,-99.8,-99.8
2023-01-01 19:00:00,1017.6,17.5,98.0,0.7,351.0,1.8,353.0,0.0,-99.8,-99.8,-99.8,-99.8,-99.8,-99.8,-99.8
2023-01-01 20:00:00,1018.2,17.7,98.0,0.9,10.0,2.0,10.0,0.0,-99.8,-99.8,-99.8,-99.8,-99.8,-99.8,-99.8
2023-01-01 21:00:00,1018.0,17.6,98.0,0.6,6.0,1.8,1.0,0.0,-99.8,-99.8,-99.8,-99.8,-99.8,-99.8,-99.8
2023-01-01 22:00:00,1018.2,17.5,98.0,0.9,342.0,1.7,343.0,0.0,-99.8,-99.8,-99.8,-99.8,-99.8,-99.8,-99.8
2023-01-01 23:00:00,1018.1,17.6,99.0,0.5,334.0,1.4,323.0,0.0,-99.8,-99.8,-99.8,-99.8,-99.8,-99.8,-99.8
2023-01-02 00:00:00,1017.8,17.7,99.0,0.4,310.0,1.5,339.0,0.0,-99.8,-99.8,-99.8,-99.8,-99.8,-99.8,-99.8
2023-01-02 01:00:00,1017.6,17.7,99.0,0.7,318.0,1.3,23.0,0.0,-99.8,-99.8,-99.8,-99.8,-99.8,-99.8,-99.8
2023-01-02 02:00:00,1017.1,17.7,100.0,0.3,349.0,1.0,337.0,1.0,-99.8,-99.8,-99.8,-99.8,-99.8,-99.8,-99.8
2023-01-02 03:00:00,1016.7,17.7,100.0,0.3,350.0,1.2,18.0,0.5,-99.8,-99.8,-99.8,-99.8,-99.8,-99.8,-99.8
2023-01-02 04:00:00,1016.6,17.7,100.0,0.4,330.0,1.2,308.0,0.0,-99.8,-99.8,-99.8,-99.8,-99.8,-99.8,-99.8
2023-01-02 05:00:00,1016.5,17.7,100.0,0.5,355.0,1.5,14.0,0.0,-99.8,-99.8,-99.8,-99.8,-99.8,-99.8,-99.8
2023-01-02 06:00:00,1017.4,17.7,100.0,0.4,359.0,1.5,299.0,1.5,-99.8,-99.8,-99.8,-99.8,-99.8,-99.8,-99.8
2023-01-02 07:00:00,1017.7,17.7,100.0,0.4,351.0,1.6,17.0,1.5,-99.8,-99.8,-99.8,-99.8,-99.8,-99.8,-99.8
2023-01-02 08:00:00,1018.3,18.0,100.0,0.5,17.0,1.7,6.0,1.0,-99.8,-99.8,-99.8,-99.8,-99.8,-99.8,-99.8
2023-01-02 09:00:00,1018.7,18.5,100.0,0.2,0.0,1.6,118.0,2.0,-99.8,-99.8,-99.8,-99.8,-99.8,-99.8,-99.8
2023-01-02 10:00:00,1018.8,18.7,100.0,0.3,42.0,1.6,244.0,4.5,-99.8,-99.8,-99.8,-99.8,-99.8,-99.8,-99.8
2023-01-02 11:00:00,1018.0,19.4,100.0,0.1,0.0,1.8,213.0,2.0,-99.8,-99.8,-99.8,-99.8,-99.8,-99.8,-99.8
2023-01-02 12:00:00,1017.2,19.3,96.0,2.7,224.0,4.8,233.0,1.0,-99.8,-99.8,-99.8,-99.8,-99.8,-99.8,-99.8
2023-01-02 13:00:00,1016.2,19.9,96.0,0.0,0.0,3.7,213.0,0.5,-99.8,-99.8,-99.8,-99.8,-99.8,-99.8,-99.8
2023-01-02 14:00:00,1015.7,19.7,93.0,0.3,241.0,3.1,226.0,0.0,-99.8,-99.8,-99.8,-99.8,-99.8,-99.8,-99.8
2023-01-02 15:00:00,1015.5,19.5,95.0,1.2,263.0,3.8,241.0,0.0,-99.8,-99.8,-99.8,-99.8,-99.8,-99.8,-99.8
2023-01-02 16:00:00,1015.6,18.9,95.0,0.6,242.0,5.1,271.0,0.0,-99.8,-99.8,-99.8,-99.8,-99.8,-99.8,-99.8
2023-01-02 17:00:00,1016.0,18.5,96.0,1.0,357.0,3.1,12.0,0.5,-99.8,-99.8,-99.8,-99.8,-99.8,-99.8,-99.8
2023-01-02 18:00:00,1016.7,17.8,97.0,0.8,350.0,2.8,11.0,0.0,-99.8,-99.8,-99.8,-99.8,-99.8,-99.8,-99.8
2023-01-02 19:00:00,1017.4,18.3,96.0,0.3,20.0,3.0,240.0,0.0,-99.8,-99.8,-99.8,-99.8,-99.8,-99.8,-99.8
2023-01-02 20:00:00,1018.5,18.1,99.0,0.4,22.0,1.6,28.0,0.5,-99.8,-99.8,-99.8,-99.8,-99.8,-99.8,-99.8
2023-01-02 21:00:00,1018.4,17.6,98.0,1.1,5.0,2.7,23.0,1.5,-99.8,-99.8,-99.8,-99.8,-99.8,-99.8,-99.8
2023-01-02 22:00:00,1017.9,17.7,98.0,1.1,6.0,3.3,32.0,0.0,-99.8,-99.8,-99.8,-99.8,-99.8,-99.8,-99.8
2023-01-02 23:00:00,1017.5,17.8,97.0,1.1,7.0,2.4,346.0,0.0,-99.8,-99.8,-99.8,-99.8,-99.8,-99.8,-99.8
2023-01-03 00:00:00,1017.3,17.8,96.0,0.7,354.0,2.4,331.0,0.0,-99.8,-99.8,-99.8,-99.8,-99.8,-99.8,-99.8
2023-01-03 01:00:00,1016.8,17.8,97.0,0.8,9.0,1.9,13.0,0.0,-99.8,-99.8,-99.8,-99.8,-99.8,-99.8,-99.8
2023-01-03 02:00:00,1016.3,17.6,96.0,0.7,357.0,2.4,27.0,0.0,-99.8,-99.8,-99.8,-99.8,-99.8,-99.8,-99.8
2023-01-03 03:00:00,1016.1,17.6,96.0,0.6,332.0,2.1,1.0,0.0,-99.8,-99.8,-99.8,-99.8,-99.8,-99.8,-99.8
2023-01-03 04:00:00,1015.8,17.6,96.0,0.8,347.0,1.6,20.0,0.0,-99.8,-99.8,-99.8,-99.8,-99.8,-99.8,-99.8
2023-01-03 05:00:00,1016.0,17.7,96.0,0.7,349.0,2.4,3.0,0.0,-99.8,-99.8,-99.8,-99.8,-99.8,-99.8,-99.8
2023-01-03 06:00:00,1016.5,17.6,95.0,0.7,350.0,2.0,5.0,0.0,-99.8,-99.8,-99.8,-99.8,-99.8,-99.8,-99.8
2023-01-03 07:00:00,1017.0,18.0,92.0,1.0,14.0,2.1,5.0,0.0,-99.8,-99.8,-99.8,-99.8,-99.8,-99.8,-99.8
2023-01-03 08:00:00,1017.4,18.8,92.0,0.6,351.0,1.8,2.0,0.0,-99.8,-99.8,-99.8,-99.8,-99.8,-99.8,-99.8
2023-01-03 09:00:00,1017.7,21.2,87.0,0.3,41.0,1.4,17.0,0.0,-99.8,-99.8,-99.8,-99.8,-99.8,-99.8,-99.8
2023-01-03 10:00:00,1017.5,22.5,74.0,1.2,200.0,2.0,207.0,0.0,-99.8,-99.8,-99.8,-99.8,-99.8,-99.8,-99.8
2023-01-03 11:00:00,1017.1,20.1,88.0,1.3,200.0,3.9,179.0,0.0,-99.8,-99.8,-99.8,-99.8,-99.8,-99.8,-99.8
2023-01-03 12:00:00,1016.3,20.2,87.0,0.4,131.0,2.7,45.0,0.0,-99.8,-99.8,-99.8,-99.8,-99.8,-99.8,-99.8
2023-01-03 13:00:00,1015.4,20.4,89.0,0.3,26.0,1.9,200.0,0.0,-99.8,-99.8,-99.8,-99.8,-99.8,-99.8,-99.8
2023-01-03 14:00:00,1014.9,20.1,91.0,0.5,355.0,1.6,32.0,0.0,-99.8,-99.8,-99.8,-99.8,-99.8,-99.8,-99.8
2023-01-03 15:00:00,1014.5,20.0,91.0,0.5,296.0,2.1,21.0,0.5,-99.8,-99.8,-99.8,-99.8,-99.8,-99.8,-99.8
2023-01-03 16:00:00,1014.7,19.2,92.0,0.5,339.0,3.1,281.0,0.0,-99.8,-99.8,-99.8,-99.8,-99.8,-99.8,-99.8
2023-01-03 17:00:00,1015.2,19.0,91.0,1.0,298.0,5.0,246.0,0.0,-99.8,-99.8,-99.8,-99.8,-99.8,-99.8,-99.8
2023-01-03 18:00:00,1015.9,18.3,94.0,0.6,10.0,1.8,282.0,0.0,-99.8,-99.8,-99.8,-99.8,-99.8,-99.8,-99.8
2023-01-03 19:00:00,1016.6,18.0,93.0,0.6,348.0,2.6,292.0,0.0,-99.8,-99.8,-99.8,-99.8,-99.8,-99.8,-99.8
2023-01-03 20:00:00,1017.5,17.9,92.0,0.6,351.0,1.8,315.0,0.0,-99.8,-99.8,-99.8,-99.8,-99.8,-99.8,-99.8
2023-01-03 21:00:00,1017.6,18.1,89.0,0.7,319.0,1.6,293.0,0.0,-99.8,-99.8,-99.8,-99.8,-99.8,-99.8,-99.8
2023-01-03 22:00:00,1018.0,17.9,90.0,0.5,344.0,1.5,4.0,0.0,-99.8,-99.8,-99.8,-99.8,-99.8,-99.8,-99.8
2023-01-03 23:00:00,1017.9,17.8,90.0,0.4,347.0,1.3,256.0,0.0,-99.8,-99.8,-99.8,-99.8,-99.8,-99.8,-99.8
2023-01-04 00:00:00,1017.9,17.8,89.0,0.4,313.0,3.2,238.0,0.0,-99.8,-99.8,-99.8,-99.8,-99.8,-99.8,-99.8
2023-01-04 01:00:00,1017.7,17.7,90.0,0.5,344.0,1.2,324.0,0.0,-99.8,-99.8,-99.8,-99.8,-99.8,-99.8,-99.8
2023-01-04 02:00:00,1017.3,17.5,90.0,0.4,350.0,1.9,33.0,0.0,-99.8,-99.8,-99.8,-99.8,-99.8,-99.8,-99.8
2023-01-04 03:00:00,1017.0,17.7,88.0,0.6,6.0,1.6,303.0,0.0,-99.8,-99.8,-99.8,-99.8,-99.8,-99.8,-99.8
2023-01-04 04:00:00,1016.9,17.8,90.0,0.7,16.0,1.8,7.0,0.0,-99.8,-99.8,-99.8,-99.8,-99.8,-99.8,-99.8
2023-01-04 05:00:00,1017.4,17.4,91.0,0.4,352.0,2.3,20.0,0.0,-99.8,-99.8,-99.8,-99.8,-99.8,-99.8,-99.8
2023-01-04 06:00:00,1017.9,17.6,90.0,0.3,3.0,2.1,36.0,0.0,-99.8,-99.8,-99.8,-99.8,-99.8,-99.8,-99.8
2023-01-04 07:00:00,1018.7,17.5,92.0,0.4,357.0,1.6,8.0,0.0,-99.8,-99.8,-99.8,-99.8,-99.8,-99.8,-99.8
2023-01-04 08:00:00,1019.2,17.6,94.0,0.8,7.0,2.4,16.0,0.0,-99.8,-99.8,-99.8,-99.8,-99.8,-99.8,-99.8
2023-01-04 09:00:00,1019.6,18.7,90.0,0.4,355.0,1.9,24.0,0.0,-99.8,-99.8,-99.8,-99.8,-99.8,-99.8,-99.8
2023-01-04 10:00:00,1019.3,20.0,82.0,1.1,289.0,2.3,250.0,0.0,-99.8,-99.8,-99.8,-99.8,-99.8,-99.8,-99.8
2023-01-04 11:00:00,1018.4,21.9,69.0,2.4,177.0,5.8,220.0,0.0,-99.8,-99.8,-99.8,-99.8,-99.8,-99.8,-99.8
2023-01-04 12:00:00,1017.3,21.5,72.0,1.9,229.0,9.4,217.0,0.0,-99.8,-99.8,-99.8,-99.8,-99.8,-99.8,-99.8
2023-01-04 13:00:00,1016.7,20.4,75.0,1.9,244.0,7.6,318.0,0.0,-99.8,-99.8,-99.8,-99.8,-99.8,-99.8,-99.8
2023-01-04 14:00:00,1016.5,20.6,77.0,0.4,292.0,4.5,220.0,0.0,-99.8,-99.8,-99.8,-99.8,-99.8,-99.8,-99.8
2023-01-04 15:00:00,1016.3,20.1,78.0,1.6,266.0,6.3,219.0,0.0,-99.8,-99.8,-99.8,-99.8,-99.8,-99.8,-99.8
2023-01-04 16:00:00,1016.4,19.6,87.0,0.5,243.0,3.5,237.0,0.0,-99.8,-99.8,-99.8,-99.8,-99.8,-99.8,-99.8
2023-01-04 17:00:00,1016.5,19.4,87.0,0.4,322.0,1.8,197.0,0.0,-99.8,-99.8,-99.8,-99.8,-99.8,-99.8,-99.8
2023-01-04 18:00:00,1016.8,18.8,91.0,0.4,325.0,2.2,230.0,0.0,-99.8,-99.8,-99.8,-99.8,-99.8,-99.8,-99.8
2023-01-04 19:00:00,1017.2,18.6,92.0,0.1,0.0,1.1,28.0,0.0,-99.8,-99.8,-99.8,-99.8,-99.8,-99.8,-99.8
2023-01-04 20:00:00,1017.3,18.6,91.0,0.3,352.0,1.0,315.0,0.0,-99.8,-99.8,-99.8,-99.8,-99.8,-99.8,-99.8
2023-01-04 21:00:00,1017.7,18.2,90.0,0.6,351.0,1.6,328.0,0.0,-99.8,-99.8,-99.8,-99.8,-99.8,-99.8,-99.8
2023-01-04 22:00:00,1017.6,17.7,89.0,0.5,353.0,1.6,360.0,0.0,-99.8,-99.8,-99.8,-99.8,-99.8,-99.8,-99.8
2023-01-04 23:00:00,1017.4,17.8,90.0,0.8,349.0,2.0,8.0,0.0,-99.8,-99.8,-99.8,-99.8,-99.8,-99.8,-99.8
2023-01-05 00:00:00,1016.8,17.7,89.0,0.8,359.0,2.5,21.0,0.0,-99.8,-99.8,-99.8,-99.8,-99.8,-99.8,-99.8
2023-01-05 01:00:00,1016.4,17.9,89.0,0.7,3.0,1.9,19.0,0.0,-99.8,-99.8,-99.8,-99.8,-99.8,-99.8,-99.8
2023-01-05 02:00:00,1015.8,18.0,87.0,0.8,5.0,2.1,16.0,0.0,-99.8,-99.8,-99.8,-99.8,-99.8,-99.8,-99.8
2023-01-05 03:00:00,1015.5,17.8,86.0,0.9,353.0,1.8,346.0,0.0,-99.8,-99.8,-99.8,-99.8,-99.8,-99.8,-99.8
2023-01-05 04:00:00,1015.4,17.7,87.0,0.6,341.0,1.7,330.0,0.0,-99.8,-99.8,-99.8,-99.8,-99.8,-99.8,-99.8
2023-01-05 05:00:00,1015.8,18.0,88.0,0.8,10.0,2.0,18.0,0.0,-99.8,-99.8,-99.8,-99.8,-99.8,-99.8,-99.8
2023-01-05 06:00:00,1016.4,17.9,87.0,0.7,4.0,1.6,345.0,0.0,-99.8,-99.8,-99.8,-99.8,-99.8,-99.8,-99.8
2023-01-05 07:00:00,1016.9,18.5,88.0,0.6,7.0,1.4,343.0,0.0,-99.8,-99.8,-99.8,-99.8,-99.8,-99.8,-99.8
2023-01-05 08:00:00,1017.5,19.6,86.0,0.4,353.0,1.7,23.0,0.0,-99.8,-99.8,-99.8,-99.8,-99.8,-99.8,-99.8
2023-01-05 09:00:00,1018.0,20.4,85.0,0.6,15.0,1.2,15.0,0.0,-99.8,-99.8,-99.8,-99.8,-99.8,-99.8,-99.8
2023-01-05 10:00:00,1017.7,21.1,84.0,2.1,216.0,4.7,196.0,0.0,-99.8,-99.8,-99.8,-99.8,-99.8,-99.8,-99.8
2023-01-05 11:00:00,1017.2,23.2,82.0,1.7,216.0,4.6,205.0,0.0,-99.8,-99.8,-99.8,-99.8,-99.8,-99.8,-99.8
2023-01-05 12:00:00,1016.5,20.5,97.0,2.0,217.0,4.0,214.0,4.0,-99.8,-99.8,-99.8,-99.8,-99.8,-99.8,-99.8
2023-01-05 13:00:00,1015.4,20.5,96.0,2.7,225.0,5.4,222.0,2.5,-99.8,-99.8,-99.8,-99.8,-99.8,-99.8,-99.8
2023-01-05 14:00:00,1014.6,20.6,93.0,2.6,230.0,5.6,237.0,0.0,-99.8,-99.8,-99.8,-99.8,-99.8,-99.8,-99.8
2023-01-05 15:00:00,1014.5,20.6,94.0,1.4,221.0,4.4,226.0,0.0,-99.8,-99.8,-99.8,-99.8,-99.8,-99.8,-99.8
2023-01-05 16:00:00,1014.7,20.5,95.0,0.4,254.0,3.0,220.0,0.0,-99.8,-99.8,-99.8,-99.8,-99.8,-99.8,-99.8
2023-01-05 17:00:00,1015.0,19.9,97.0,0.2,0.0,2.1,235.0,0.0,-99.8,-99.8,-99.8,-99.8,-99.8,-99.8,-99.8
2023-01-05 18:00:00,1015.3,19.6,98.0,0.6,349.0,1.2,17.0,0.0,-99.8,-99.8,-99.8,-99.8,-99.8,-99.8,-99.8
2023-01-05 19:00:00,1016.0,19.6,99.0,0.3,317.0,1.2,327.0,0.0,-99.8,-99.8,-99.8,-99.8,-99.8,-99.8,-99.8
2023-01-05 20:00:00,1016.3,19.4,99.0,0.0,0.0,0.9,33.0,3.0,-99.8,-99.8,-99.8,-99.8,-99.8,-99.8,-99.8
2023-01-05 21:00:00,1016.6,19.3,100.0,0.0,0.0,1.5,31.0,5.5,-99.8,-99.8,-99.8,-99.8,-99.8,-99.8,-99.8
2023-01-05 22:00:00,1016.6,19.1,100.0,0.0,0.0,0.9,216.0,5.0,-99.8,-99.8,-99.8,-99.8,-99.8,-99.8,-99.8
2023-01-05 23:00:00,1016.3,19.1,100.0,0.0,0.0,0.6,26.0,4.0,-99.8,-99.8,-99.8,-99.8,-99.8,-99.8,-99.8
2023-01-06 00:00:00,1015.8,19.2,100.0,0.4,202.0,1.3,218.0,2.0,-99.8,-99.8,-99.8,-99.8,-99.8,-99.8,-99.8
2023-01-06 01:00:00,1015.2,19.1,100.0,1.0,195.0,3.3,206.0,1.5,-99.8,-99.8,-99.8,-99.8,-99.8,-99.8,-99.8
2023-01-06 02:00:00,1014.7,18.9,100.0,0.1,0.0,1.6,206.0,0.0,-99.8,-99.8,-99.8,-99.8,-99.8,-99.8,-99.8
2023-01-06 03:00:00,1014.1,18.7,100.0,0.8,352.0,1.3,340.0,0.0,-99.8,-99.8,-99.8,-99.8,-99.8,-99.8,-99.8
2023-01-06 04:00:00,1013.9,18.8,100.0,0.5,341.0,1.2,318.0,0.0,-99.8,-99.8,-99.8,-99.8,-99.8,-99.8,-99.8
2023-01-06 05:00:00,1014.0,18.8,100.0,0.6,330.0,1.0,17.0,0.0,-99.8,-99.8,-99.8,-99.8,-99.8,-99.8,-99.8
2023-01-06 06:00:00,1014.3,18.8,100.0,0.5,341.0,1.4,1.0,0.0,-99.8,-99.8,-99.8,-99.8,-99.8,-99.8,-99.8
2023-01-06 07:00:00,1014.8,18.8,100.0,0.4,349.0,1.3,6.0,0.0,-99.8,-99.8,-99.8,-99.8,-99.8,-99.8,-99.8
2023-01-06 08:00:00,1015.2,19.9,100.0,0.4,24.0,1.4,306.0,0.0,-99.8,-99.8,-99.8,-99.8,-99.8,-99.8,-99.8
2023-01-06 09:00:00,1015.4,21.8,93.0,0.6,195.0,1.6,209.0,0.0,-99.8,-99.8,-99.8,-99.8,-99.8,-99.8,-99.8
2023-01-06 10:00:00,1015.6,25.7,75.0,1.4,196.0,2.8,211.0,0.0,-99.8,-99.8,-99.8,-99.8,-99.8,-99.8,-99.8
2023-01-06 11:00:00,1015.0,25.7,71.0,1.5,187.0,2.9,220.0,0.0,-99.8,-99.8,-99.8,-99.8,-99.8,-99.8,-99.8
2023-01-06 12:00:00,1013.7,24.1,76.0,3.2,215.0,8.3,206.0,0.0,-99.8,-99.8,-99.8,-99.8,-99.8,-99.8,-99.8
2023-01-06 13:00:00,1013.1,23.5,73.0,3.7,223.0,8.6,219.0,0.0,-99.8,-99.8,-99.8,-99.8,-99.8,-99.8,-99.8
2023-01-06 14:00:00,1012.8,22.1,77.0,2.1,235.0,8.6,216.0,0.0,-99.8,-99.8,-99.8,-99.8,-99.8,-99.8,-99.8
2023-01-06 15:00:00,1012.8,21.8,76.0,1.3,360.0,6.6,283.0,0.0,-99.8,-99.8,-99.8,-99.8,-99.8,-99.8,-99.8
2023-01-06 16:00:00,1013.0,21.3,81.0,0.8,290.0,4.4,280.0,0.0,-99.8,-99.8,-99.8,-99.8,-99.8,-99.8,-99.8
2023-01-06 17:00:00,1013.7,20.6,81.0,1.1,231.0,4.8,269.0,0.0,-99.8,-99.8,-99.8,-99.8,-99.8,-99.8,-99.8
2023-01-06 18:00:00,1014.1,20.3,84.0,0.6,239.0,3.0,215.0,0.0,-99.8,-99.8,-99.8,-99.8,-99.8,-99.8,-99.8
2023-01-06 19:00:00,1014.8,19.6,90.0,0.4,332.0,1.5,285.0,0.0,-99.8,-99.8,-99.8,-99.8,-99.8,-99.8,-99.8
2023-01-06 20:00:00,1015.4,19.3,94.0,0.1,0.0,1.3,2.0,0.0,-99.8,-99.8,-99.8,-99.8,-99.8,-99.8,-99.8
2023-01-06 21:00:00,1015.7,19.1,93.0,0.8,28.0,1.7,27.0,0.0,-99.8,-99.8,-99.8,-99.8,-99.8,-99.8,-99.8
2023-01-06 22:00:00,1016.0,18.8,94.0,0.4,15.0,2.1,29.0,0.0,-99.8,-99.8,-99.8,-99.8,-99.8,-99.8,-99.8
2023-01-06 23:00:00,1015.9,18.4,96.0,0.4,358.0,1.6,327.0,0.5,-99.8,-99.8,-99.8,-99.8,-99.8,-99.8,-99.8
2023-01-07 00:00:00,1015.6,18.0,97.0,0.5,340.0,1.6,23.0,0.0,-99.8,-99.8,-99.8,-99.8,-99.8,-99.8,-99.8
2023-01-07 01:00:00,1015.2,17.6,97.0,0.5,3.0,1.6,342.0,0.0,-99.8,-99.8,-99.8,-99.8,-99.8,-99.8,-99.8
2023-01-07 02:00:00,1014.6,17.4,95.0,0.7,350.0,1.8,345.0,0.0,-99.8,-99.8,-99.8,-99.8,-99.8,-99.8,-99.8
2023-01-07 03:00:00,1014.5,17.6,93.0,1.0,9.0,2.4,9.0,0.0,-99.8,-99.8,-99.8,-99.8,-99.8,-99.8,-99.8
2023-01-07 04:00:00,1014.6,17.8,90.0,1.5,18.0,2.5,28.0,0.0,-99.8,-99.8,-99.8,-99.8,-99.8,-99.8,-99.8
2023-01-07 05:00:00,1014.7,17.5,91.0,0.7,358.0,2.6,25.0,0.0,-99.8,-99.8,-99.8,-99.8,-99.8,-99.8,-99.8
2023-01-07 06:00:00,1015.1,17.7,88.0,1.2,360.0,3.0,284.0,0.0,-99.8,-99.8,-99.8,-99.8,-99.8,-99.8,-99.8
2023-01-07 07:00:00,1015.6,18.6,80.0,0.9,211.0,5.2,213.0,0.0,-99.8,-99.8,-99.8,-99.8,-99.8,-99.8,-99.8
2023-01-07 08:00:00,1016.1,18.9,66.0,2.0,3.0,6.1,41.0,0.0,-99.8,-99.8,-99.8,-99.8,-99.8,-99.8,-99.8
2023-01-07 09:00:00,1016.4,18.6,65.0,1.8,13.0,7.5,22.0,0.0,-99.8,-99.8,-99.8,-99.8,-99.8,-99.8,-99.8
2023-01-07 10:00:00,1016.8,18.8,61.0,2.8,53.0,8.5,29.0,0.0,-99.8,-99.8,-99.8,-99.8,-99.8,-99.8,-99.8
2023-01-07 11:00:00,1016.5,19.0,65.0,1.0,44.0,6.7,54.0,0.0,-99.8,-99.8,-99.8,-99.8,-99.8,-99.8,-99.8
2023-01-07 12:00:00,1016.2,18.6,72.0,0.6,15.0,2.8,38.0,0.0,-99.8,-99.8,-99.8,-99.8,-99.8,-99.8,-99.8
2023-01-07 13:00:00,1015.6,18.4,75.0,0.8,27.0,2.1,38.0,0.0,-99.8,-99.8,-99.8,-99.8,-99.8,-99.8,-99.8
2023-01-07 14:00:00,1014.8,18.6,77.0,0.3,4.0,1.7,31.0,0.0,-99.8,-99.8,-99.8,-99.8,-99.8,-99.8,-99.8
2023-01-07 15:00:00,1014.6,17.6,81.0,0.5,354.0,3.2,278.0,0.0,-99.8,-99.8,-99.8,-99.8,-99.8,-99.8,-99.8
2023-01-07 16:00:00,1014.8,18.2,69.0,0.9,291.0,3.0,246.0,0.0,-99.8,-99.8,-99.8,-99.8,-99.8,-99.8,-99.8
2023-01-07 17:00:00,1015.3,17.4,82.0,0.5,1.0,2.7,256.0,0.0,-99.8,-99.8,-99.8,-99.8,-99.8,-99.8,-99.8
2023-01-07 18:00:00,1015.9,17.3,84.0,0.6,17.0,1.2,323.0,0.0,-99.8,-99.8,-99.8,-99.8,-99.8,-99.8,-99.8
2023-01-07 19:00:00,1016.7,17.2,84.0,0.5,353.0,1.5,356.0,0.0,-99.8,-99.8,-99.8,-99.8,-99.8,-99.8,-99.8
2023-01-07 20:00:00,1017.0,17.1,83.0,0.6,4.0,1.7,20.0,0.0,-99.8,-99.8,-99.8,-99.8,-99.8,-99.8,-99.8
2023-01-07 21:00:00,1017.1,17.2,80.0,0.6,4.0,1.6,13.0,0.0,-99.8,-99.8,-99.8,-99.8,-99.8,-99.8,-99.8
2023-01-07 22:00:00,1017.4,17.5,81.0,0.9,17.0,1.7,27.0,0.0,-99.8,-99.8,-99.8,-99.8,-99.8,-99.8,-99.8
2023-01-07 23:00:00,1017.1,17.0,82.0,0.7,354.0,1.3,1.0,0.0,-99.8,-99.8,-99.8,-99.8,-99.8,-99.8,-99.8
2023-01-08 00:00:00,1016.7,17.2,83.0,0.6,6.0,1.6,23.0,0.0,-99.8,-99.8,-99.8,-99.8,-99.8,-99.8,-99.8
2023-01-08 01:00:00,1016.3,17.3,83.0,0.6,3.0,1.7,339.0,0.0,-99.8,-99.8,-99.8,-99.8,-99.8,-99.8,-99.8
2023-01-08 02:00:00,1015.8,17.3,84.0,0.5,11.0,1.8,23.0,0.0,-99.8,-99.8,-99.8,-99.8,-99.8,-99.8,-99.8
2023-01-08 03:00:00,1015.5,17.3,83.0,0.5,345.0,1.9,21.0,0.0,-99.8,-99.8,-99.8,-99.8,-99.8,-99.8,-99.8
2023-01-08 04:00:00,1015.3,17.3,81.0,0.5,344.0,1.4,356.0,0.0,-99.8,-99.8,-99.8,-99.8,-99.8,-99.8,-99.8
2023-01-08 05:00:00,1015.7,17.7,82.0,0.6,343.0,2.0,5.0,0.0,-99.8,-99.8,-99.8,-99.8,-99.8,-99.8,-99.8
2023-01-08 06:00:00,1015.9,17.5,87.0,0.3,357.0,1.1,30.0,0.0,-99.8,-99.8,-99.8,-99.8,-99.8,-99.8,-99.8
2023-01-08 07:00:00,1016.5,17.6,87.0,0.5,355.0,1.6,3.0,0.0,-99.8,-99.8,-99.8,-99.8,-99.8,-99.8,-99.8
2023-01-08 08:00:00,1016.7,18.1,87.0,0.7,308.0,1.4,298.0,0.0,-99.8,-99.8,-99.8,-99.8,-99.8,-99.8,-99.8
2023-01-08 09:00:00,1017.2,19.3,81.0,0.0,0.0,0.7,306.0,0.0,-99.8,-99.8,-99.8,-99.8,-99.8,-99.8,-99.8
2023-01-08 10:00:00,1017.2,21.0,66.0,0.7,182.0,2.1,153.0,0.0,-99.8,-99.8,-99.8,-99.8,-99.8,-99.8,-99.8
2023-01-08 11:00:00,1016.9,21.8,66.0,0.4,167.0,1.7,146.0,0.0,-99.8,-99.8,-99.8,-99.8,-99.8,-99.8,-99.8
2023-01-08 12:00:00,1016.1,21.7,65.0,0.5,141.0,1.6,122.0,0.0,-99.8,-99.8,-99.8,-99.8,-99.8,-99.8,-99.8
2023-01-08 13:00:00,1015.4,20.9,69.0,0.6,200.0,1.5,127.0,0.0,-99.8,-99.8,-99.8,-99.8,-99.8,-99.8,-99.8
2023-01-08 14:00:00,1015.0,19.7,85.0,0.4,15.0,4.0,219.0,0.0,-99.8,-99.8,-99.8,-99.8,-99.8,-99.8,-99.8
2023-01-08 15:00:00,1014.6,18.8,93.0,0.7,6.0,1.7,22.0,0.0,-99.8,-99.8,-99.8,-99.8,-99.8,-99.8,-99.8
2023-01-08 16:00:00,1015.0,18.8,93.0,0.5,344.0,1.5,6.0,0.0,-99.8,-99.8,-99.8,-99.8,-99.8,-99.8,-99.8
2023-01-08 17:00:00,1015.5,18.5,92.0,0.4,347.0,1.1,332.0,0.0,-99.8,-99.8,-99.8,-99.8,-99.8,-99.8,-99.8
2023-01-08 18:00:00,1016.0,18.1,91.0,0.5,348.0,1.6,351.0,0.0,-99.8,-99.8,-99.8,-99.8,-99.8,-99.8,-99.8
2023-01-08 19:00:00,1016.3,18.1,88.0,0.6,356.0,1.6,289.0,0.0,-99.8,-99.8,-99.8,-99.8,-99.8,-99.8,-99.8
2023-01-08 20:00:00,1016.2,17.9,85.0,0.8,354.0,1.8,9.0,0.0,-99.8,-99.8,-99.8,-99.8,-99.8,-99.8,-99.8
2023-01-08 21:00:00,1016.3,17.9,86.0,0.9,1.0,2.5,26.0,0.0,-99.8,-99.8,-99.8,-99.8,-99.8,-99.8,-99.8
2023-01-08 22:00:00,1016.3,18.0,85.0,0.9,355.0,2.3,349.0,0.0,-99.8,-99.8,-99.8,-99.8,-99.8,-99.8,-99.8
2023-01-08 23:00:00,1015.5,18.5,83.0,0.8,357.0,2.8,353.0,0.0,-99.8,-99.8,-99.8,-99.8,-99.8,-99.8,-99.8
2023-01-09 00:00:00,1015.3,18.7,82.0,0.4,351.0,2.7,8.0,0.0,-99.8,-99.8,-99.8,-99.8,-99.8,-99.8,-99.8
2023-01-09 01:00:00,1014.9,18.6,83.0,1.0,8.0,2.5,14.0,0.0,-99.8,-99.8,-99.8,-99.8,-99.8,-99.8,-99.8
2023-01-09 02:00:00,1014.4,18.4,83.0,0.6,339.0,2.8,2.0,0.0,-99.8,-99.8,-99.8,-99.8,-99.8,-99.8,-99.8
2023-01-09 03:00:00,1014.2,18.7,82.0,0.8,8.0,2.3,339.0,0.0,-99.8,-99.8,-99.8,-99.8,-99.8,-99.8,-99.8
2023-01-09 04:00:00,1013.9,18.8,82.0,1.1,13.0,2.3,5.0,0.0,-99.8,-99.8,-99.8,-99.8,-99.8,-99.8,-99.8
2023-01-09 05:00:00,1013.7,18.5,86.0,0.8,353.0,2.4,324.0,0.0,-99.8,-99.8,-99.8,-99.8,-99.8,-99.8,-99.8
2023-01-09 06:00:00,1013.6,18.2,86.0,1.0,11.0,2.5,17.0,0.0,-99.8,-99.8,-99.8,-99.8,-99.8,-99.8,-99.8
2023-01-09 07:00:00,1013.9,18.4,83.0,1.5,15.0,3.2,26.0,0.0,-99.8,-99.8,-99.8,-99.8,-99.8,-99.8,-99.8
2023-01-09 08:00:00,1014.3,20.5,77.0,1.0,9.0,3.3,352.0,0.0,-99.8,-99.8,-99.8,-99.8,-99.8,-99.8,-99.8
2023-01-09 09:00:00,1014.9,25.1,65.0,1.4,191.0,3.3,195.0,0.0,-99.8,-99.8,-99.8,-99.8,-99.8,-99.8,-99.8
2023-01-09 10:00:00,1014.7,24.8,66.0,2.0,196.0,4.2,198.0,0.5,-99.8,-99.8,-99.8,-99.8,-99.8,-99.8,-99.8
2023-01-09 11:00:00,1014.1,25.4,61.0,3.0,203.0,5.2,207.0,0.0,-99.8,-99.8,-99.8,-99.8,-99.8,-99.8,-99.8
2023-01-09 12:00:00,1013.5,24.2,70.0,2.4,201.0,4.9,197.0,0.0,-99.8,-99.8,-99.8,-99.8,-99.8,-99.8,-99.8
2023-01-09 13:00:00,1012.5,24.0,71.0,1.8,195.0,4.1,207.0,0.0,-99.8,-99.8,-99.8,-99.8,-99.8,-99.8,-99.8
2023-01-09 14:00:00,1011.8,22.6,79.0,1.4,205.0,4.4,202.0,0.0,-99.8,-99.8,-99.8,-99.8,-99.8,-99.8,-99.8
2023-01-09 15:00:00,1011.5,20.3,92.0,1.1,350.0,3.5,357.0,0.5,-99.8,-99.8,-99.8,-99.8,-99.8,-99.8,-99.8
2023-01-09 16:00:00,1011.9,20.1,96.0,1.2,5.0,2.7,28.0,0.5,-99.8,-99.8,-99.8,-99.8,-99.8,-99.8,-99.8
2023-01-09 17:00:00,1012.2,19.6,96.0,1.1,14.0,2.3,27.0,0.0,-99.8,-99.8,-99.8,-99.8,-99.8,-99.8,-99.8
2023-01-09 18:00:00,1012.7,19.5,95.0,1.0,13.0,3.1,5.0,0.0,-99.8,-99.8,-99.8,-99.8,-99.8,-99.8,-99.8
2023-01-09 19:00:00,1013.4,19.6,94.0,0.9,11.0,2.4,4.0,0.0,-99.8,-99.8,-99.8,-99.8,-99.8,-99.8,-99.8
2023-01-09 20:00:00,1013.5,19.6,93.0,1.1,13.0,2.5,360.0,0.0,-99.8,-99.8,-99.8,-99.8,-99.8,-99.8,-99.8
2023-01-09 21:00:00,1013.8,19.8,93.0,0.8,6.0,2.5,21.0,0.0,-99.8,-99.8,-99.8,-99.8,-99.8,-99.8,-99.8
2023-01-09 22:00:00,1013.8,20.1,95.0,0.2,0.0,2.0,133.0,2.5,-99.8,-99.8,-99.8,-99.8,-99.8,-99.8,-99.8
2023-01-09 23:00:00,1013.7,19.3,98.0,0.8,343.0,2.4,3.0,10.0,-99.8,-99.8,-99.8,-99.8,-99.8,-99.8,-99.8
2023-01-10 00:00:00,1013.4,19.5,99.0,0.5,3.0,2.3,345.0,2.5,-99.8,-99.8,-99.8,-99.8,-99.8,-99.8,-99.8
2023-01-10 01:00:00,1013.0,19.3,100.0,0.2,0.0,1.2,24.0,1.5,-99.8,-99.8,-99.8,-99.8,-99.8,-99.8,-99.8
2023-01-10 02:00:00,1012.8,19.4,100.0,0.1,0.0,0.9,290.0,0.0,-99.8,-99.8,-99.8,-99.8,-99.8,-99.8,-99.8
2023-01-10 03:00:00,1012.5,19.0,98.0,1.4,271.0,4.0,241.0,2.0,-99.8,-99.8,-99.8,-99.8,-99.8,-99.8,-99.8
2023-01-10 04:00:00,1013.1,18.9,92.0,2.2,280.0,6.5,302.0,3.5,-99.8,-99.8,-99.8,-99.8,-99.8,-99.8,-99.8
2023-01-10 05:00:00,1013.3,18.6,97.0,2.0,237.0,5.3,210.0,1.0,-99.8,-99.8,-99.8,-99.8,-99.8,-99.8,-99.8
2023-01-10 06:00:00,1013.6,18.3,99.0,0.4,22.0,3.9,295.0,2.5,-99.8,-99.8,-99.8,-99.8,-99.8,-99.8,-99.8
2023-01-10 07:00:00,1014.1,18.0,99.0,0.6,13.0,3.1,32.0,3.0,-99.8,-99.8,-99.8,-99.8,-99.8,-99.8,-99.8
2023-01-10 08:00:00,1014.4,18.2,99.0,1.3,9.0,2.8,36.0,1.0,-99.8,-99.8,-99.8,-99.8,-99.8,-99.8,-99.8
2023-01-10 09:00:00,1015.1,18.0,96.0,2.3,283.0,4.5,340.0,1.0,-99.8,-99.8,-99.8,-99.8,-99.8,-99.8,-99.8
2023-01-10 10:00:00,1015.0,18.3,94.0,0.7,314.0,4.3,328.0,0.0,-99.8,-99.8,-99.8,-99.8,-99.8,-99.8,-99.8
2023-01-10 11:00:00,1014.3,18.5,98.0,0.3,242.0,1.3,242.0,1.0,-99.8,-99.8,-99.8,-99.8,-99.8,-99.8,-99.8
2023-01-10 12:00:00,1013.4,18.4,97.0,0.3,318.0,2.5,302.0,2.5,-99.8,-99.8,-99.8,-99.8,-99.8,-99.8,-99.8
2023-01-10 13:00:00,1012.2,18.5,97.0,0.1,0.0,1.8,27.0,2.0,-99.8,-99.8,-99.8,-99.8,-99.8,-99.8,-99.8
2023-01-10 14:00:00,1011.4,19.0,98.0,0.9,13.0,2.2,359.0,1.0,-99.8,-99.8,-99.8,-99.8,-99.8,-99.8,-99.8
2023-01-10 15:00:00,1010.8,19.4,96.0,0.7,4.0,2.3,16.0,0.5,-99.8,-99.8,-99.8,-99.8,-99.8,-99.8,-99.8
2023-01-10 16:00:00,1011.0,19.5,96.0,0.7,347.0,1.6,359.0,0.0,-99.8,-99.8,-99.8,-99.8,-99.8,-99.8,-99.8
2023-01-10 17:00:00,1011.4,18.6,95.0,0.9,4.0,2.1,329.0,0.0,-99.8,-99.8,-99.8,-99.8,-99.8,-99.8,-99.8
2023-01-10 18:00:00,1012.1,18.5,96.0,0.7,7.0,2.4,10.0,0.0,-99.8,-99.8,-99.8,-99.8,-99.8,-99.8,-99.8
2023-01-10 19:00:00,1013.2,19.0,96.0,0.5,297.0,2.9,294.0,0.0,-99.8,-99.8,-99.8,-99.8,-99.8,-99.8,-99.8
2023-01-10 20:00:00,1013.4,18.2,95.0,0.9,1.0,4.5,225.0,0.0,-99.8,-99.8,-99.8,-99.8,-99.8,-99.8,-99.8
2023-01-10 21:00:00,1013.1,18.1,92.0,1.1,7.0,2.7,354.0,0.0,-99.8,-99.8,-99.8,-99.8,-99.8,-99.8,-99.8
2023-01-10 22:00:00,1013.4,18.3,92.0,1.0,9.0,2.3,356.0,0.0,-99.8,-99.8,-99.8,-99.8,-99.8,-99.8,-99.8
2023-01-10 23:00:00,1013.5,18.5,97.0,1.0,191.0,5.9,222.0,1.0,-99.8,-99.8,-99.8,-99.8,-99.8,-99.8,-99.8
2023-01-11 00:00:00,1013.3,18.2,99.0,0.4,332.0,3.1,198.0,1.5,-99.8,-99.8,-99.8,-99.8,-99.8,-99.8,-99.8
2023-01-11 01:00:00,1012.8,18.1,99.0,0.1,0.0,1.1,32.0,0.5,-99.8,-99.8,-99.8,-99.8,-99.8,-99.8,-99.8
2023-01-11 02:00:00,1011.9,18.0,100.0,0.7,356.0,1.9,17.0,0.0,-99.8,-99.8,-99.8,-99.8,-99.8,-99.8,-99.8
2023-01-11 03:00:00,1011.7,18.0,100.0,0.7,7.0,1.9,335.0,0.5,-99.8,-99.8,-99.8,-99.8,-99.8,-99.8,-99.8
2023-01-11 04:00:00,1011.2,18.2,99.0,1.0,9.0,2.3,26.0,0.0,-99.8,-99.8,-99.8,-99.8,-99.8,-99.8,-99.8
2023-01-11 05:00:00,1011.1,18.1,100.0,0.7,5.0,1.7,304.0,0.0,-99.8,-99.8,-99.8,-99.8,-99.8,-99.8,-99.8
2023-01-11 06:00:00,1011.2,18.1,98.0,0.7,349.0,2.2,21.0,0.0,-99.8,-99.8,-99.8,-99.8,-99.8,-99.8,-99.8
2023-01-11 07:00:00,1011.8,18.0,97.0,0.8,341.0,1.8,326.0,0.0,-99.8,-99.8,-99.8,-99.8,-99.8,-99.8,-99.8
2023-01-11 08:00:00,1012.1,19.2,96.0,0.5,9.0,2.1,18.0,0.0,-99.8,-99.8,-99.8,-99.8,-99.8,-99.8,-99.8
2023-01-11 09:00:00,1012.6,21.2,93.0,0.3,13.0,1.5,332.0,0.0,-99.8,-99.8,-99.8,-99.8,-99.8,-99.8,-99.8
2023-01-11 10:00:00,1012.7,23.1,75.0,3.1,208.0,5.1,217.0,0.0,-99.8,-99.8,-99.8,-99.8,-99.8,-99.8,-99.8
2023-01-11 11:00:00,1012.4,24.3,71.0,1.5,160.0,3.9,167.0,0.0,-99.8,-99.8,-99.8,-99.8,-99.8,-99.8,-99.8
2023-01-11 12:00:00,1011.3,23.8,73.0,1.4,165.0,3.2,167.0,0.0,-99.8,-99.8,-99.8,-99.8,-99.8,-99.8,-99.8
2023-01-11 13:00:00,1010.6,22.0,84.0,3.4,217.0,7.3,233.0,0.0,-99.8,-99.8,-99.8,-99.8,-99.8,-99.8,-99.8
2023-01-11 14:00:00,1009.9,21.9,82.0,2.6,212.0,5.8,220.0,0.0,-99.8,-99.8,-99.8,-99.8,-99.8,-99.8,-99.8
2023-01-11 15:00:00,1009.8,21.6,89.0,0.2,0.0,4.2,228.0,0.0,-99.8,-99.8,-99.8,-99.8,-99.8,-99.8,-99.8
2023-01-11 16:00:00,1010.2,21.4,90.0,0.4,360.0,1.9,267.0,0.0,-99.8,-99.8,-99.8,-99.8,-99.8,-99.8,-99.8
2023-01-11 17:00:00,1010.7,20.2,97.0,0.8,11.0,1.7,283.0,1.5,-99.8,-99.8,-99.8,-99.8,-99.8,-99.8,-99.8
2023-01-11 18:00:00,1011.3,19.9,99.0,1.6,269.0,5.8,267.0,33.5,-99.8,-99.8,-99.8,-99.8,-99.8,-99.8,-99.8
2023-01-11 19:00:00,1012.1,19.2,100.0,1.0,323.0,5.5,292.0,35.0,-99.8,-99.8,-99.8,-99.8,-99.8,-99.8,-99.8
2023-01-11 20:00:00,1012.8,19.0,100.0,0.5,339.0,2.4,32.0,12.5,-99.8,-99.8,-99.8,-99.8,-99.8,-99.8,-99.8
2023-01-11 21:00:00,1013.2,19.2,100.0,3.0,202.0,5.9,223.0,7.5,-99.8,-99.8,-99.8,-99.8,-99.8,-99.8,-99.8
2023-01-11 22:00:00,1013.2,18.6,100.0,1.2,11.0,4.6,231.0,4.0,-99.8,-99.8,-99.8,-99.8,-99.8,-99.8,-99.8
2023-01-11 23:00:00,1012.9,18.6,100.0,1.2,345.0,3.1,39.0,1.5,-99.8,-99.8,-99.8,-99.8,-99.8,-99.8,-99.8
2023-01-12 00:00:00,1012.4,18.9,99.0,1.5,15.0,4.2,24.0,0.0,-99.8,-99.8,-99.8,-99.8,-99.8,-99.8,-99.8
2023-01-12 01:00:00,1012.4,18.8,100.0,0.4,212.0,2.0,35.0,5.0,-99.8,-99.8,-99.8,-99.8,-99.8,-99.8,-99.8
2023-01-12 02:00:00,1012.2,19.0,100.0,1.2,22.0,3.0,28.0,4.5,-99.8,-99.8,-99.8,-99.8,-99.8,-99.8,-99.8
2023-01-12 03:00:00,1011.3,18.8,96.0,1.4,330.0,4.2,359.0,2.0,-99.8,-99.8,-99.8,-99.8,-99.8,-99.8,-99.8
2023-01-12 04:00:00,1010.3,19.8,91.0,1.1,344.0,6.1,18.0,0.5,-99.8,-99.8,-99.8,-99.8,-99.8,-99.8,-99.8
2023-01-12 05:00:00,1010.5,20.4,83.0,1.1,317.0,4.4,14.0,0.0,-99.8,-99.8,-99.8,-99.8,-99.8,-99.8,-99.8
2023-01-12 06:00:00,1010.9,19.5,90.0,1.3,5.0,4.8,30.0,0.0,-99.8,-99.8,-99.8,-99.8,-99.8,-99.8,-99.8
2023-01-12 07:00:00,1011.6,19.3,92.0,1.5,17.0,5.9,30.0,0.0,-99.8,-99.8,-99.8,-99.8,-99.8,-99.8,-99.8
2023-01-12 08:00:00,1012.0,20.4,86.0,1.6,2.0,4.5,23.0,0.0,-99.8,-99.8,-99.8,-99.8,-99.8,-99.8,-99.8
2023-01-12 09:00:00,1012.3,21.4,86.0,0.9,356.0,3.1,358.0,0.0,-99.8,-99.8,-99.8,-99.8,-99.8,-99.8,-99.8
2023-01-12 10:00:00,1012.3,23.7,72.0,0.9,198.0,3.5,206.0,0.0,-99.8,-99.8,-99.8,-99.8,-99.8,-99.8,-99.8
2023-01-12 11:00:00,1011.4,25.7,70.0,2.6,204.0,4.6,222.0,0.0,-99.8,-99.8,-99.8,-99.8,-99.8,-99.8,-99.8
2023-01-12 12:00:00,1010.2,24.0,77.0,2.7,199.0,5.4,211.0,0.0,-99.8,-99.8,-99.8,-99.8,-99.8,-99.8,-99.8
2023-01-12 13:00:00,1009.2,23.5,79.0,2.3,191.0,6.4,204.0,0.0,-99.8,-99.8,-99.8,-99.8,-99.8,-99.8,-99.8
2023-01-12 14:00:00,1009.0,23.2,79.0,1.9,193.0,5.6,207.0,0.0,-99.8,-99.8,-99.8,-99.8,-99.8,-99.8,-99.8
2023-01-12 15:00:00,1008.4,23.1,79.0,1.0,43.0,5.0,203.0,0.0,-99.8,-99.8,-99.8,-99.8,-99.8,-99.8,-99.8
2023-01-12 16:00:00,1008.5,23.0,80.0,0.7,1.0,3.8,225.0,0.0,-99.8,-99.8,-99.8,-99.8,-99.8,-99.8,-99.8
2023-01-12 17:00:00,1009.1,22.4,80.0,0.6,351.0,4.1,133.0,0.0,-99.8,-99.8,-99.8,-99.8,-99.8,-99.8,-99.8
2023-01-12 18:00:00,1009.2,22.1,83.0,0.8,356.0,3.3,27.0,0.0,-99.8,-99.8,-99.8,-99.8,-99.8,-99.8,-99.8
2023-01-12 19:00:00,1009.8,21.5,86.0,1.3,354.0,3.1,10.0,0.0,-99.8,-99.8,-99.8,-99.8,-99.8,-99.8,-99.8
2023-01-12 20:00:00,1010.3,22.0,83.0,1.1,5.0,3.6,4.0,0.0,-99.8,-99.8,-99.8,-99.8,-99.8,-99.8,-99.8
2023-01-12 21:00:00,1010.3,22.7,78.0,1.0,346.0,3.8,30.0,0.0,-99.8,-99.8,-99.8,-99.8,-99.8,-99.8,-99.8
2023-01-12 22:00:00,1009.9,21.9,82.0,1.2,25.0,3.9,45.0,0.0,-99.8,-99.8,-99.8,-99.8,-99.8,-99.8,-99.8
2023-01-12 23:00:00,1009.8,22.3,74.0,1.0,344.0,4.2,321.0,0.0,-99.8,-99.8,-99.8,-99.8,-99.8,-99.8,-99.8
2023-01-13 00:00:00,1009.7,22.9,77.0,1.8,123.0,4.4,85.0,0.0,-99.8,-99.8,-99.8,-99.8,-99.8,-99.8,-99.8
2023-01-13 01:00:00,1009.3,22.2,79.0,0.6,348.0,4.9,163.0,0.0,-99.8,-99.8,-99.8,-99.8,-99.8,-99.8,-99.8
2023-01-13 02:00:00,1008.6,21.8,82.0,0.8,7.0,2.8,31.0,0.0,-99.8,-99.8,-99.8,-99.8,-99.8,-99.8,-99.8
2023-01-13 03:00:00,1008.0,21.6,82.0,1.0,350.0,3.7,217.0,0.0,-99.8,-99.8,-99.8,-99.8,-99.8,-99.8,-99.8
2023-01-13 04:00:00,1007.7,21.3,81.0,1.0,345.0,2.6,20.0,0.0,-99.8,-99.8,-99.8,-99.8,-99.8,-99.8,-99.8
2023-01-13 05:00:00,1007.6,21.1,82.0,1.3,11.0,3.1,26.0,0.0,-99.8,-99.8,-99.8,-99.8,-99.8,-99.8,-99.8
2023-01-13 06:00:00,1007.8,20.3,86.0,0.7,351.0,2.7,5.0,0.0,-99.8,-99.8,-99.8,-99.8,-99.8,-99.8,-99.8
2023-01-13 07:00:00,1008.2,20.1,86.0,1.1,6.0,4.7,28.0,0.0,-99.8,-99.8,-99.8,-99.8,-99.8,-99.8,-99.8
2023-01-13 08:00:00,1008.2,23.1,73.0,0.9,12.0,3.0,360.0,0.0,-99.8,-99.8,-99.8,-99.8,-99.8,-99.8,-99.8
2023-01-13 09:00:00,1009.2,23.3,72.0,1.5,41.0,4.8,93.0,0.0,-99.8,-99.8,-99.8,-99.8,-99.8,-99.8,-99.8
2023-01-13 10:00:00,1009.4,23.8,75.0,1.8,192.0,5.6,205.0,0.0,-99.8,-99.8,-99.8,-99.8,-99.8,-99.8,-99.8
2023-01-13 11:00:00,1008.4,26.5,66.0,2.8,201.0,6.4,212.0,0.0,-99.8,-99.8,-99.8,-99.8,-99.8,-99.8,-99.8
2023-01-13 12:00:00,1007.2,26.7,71.0,2.4,205.0,5.5,209.0,0.0,-99.8,-99.8,-99.8,-99.8,-99.8,-99.8,-99.8
2023-01-13 13:00:00,1006.4,25.6,77.0,2.1,195.0,5.8,201.0,0.0,-99.8,-99.8,-99.8,-99.8,-99.8,-99.8,-99.8
2023-01-13 14:00:00,1005.8,24.2,85.0,2.6,202.0,6.0,203.0,0.0,-99.8,-99.8,-99.8,-99.8,-99.8,-99.8,-99.8
2023-01-13 15:00:00,1005.7,23.0,92.0,1.9,203.0,7.1,219.0,0.0,-99.8,-99.8,-99.8,-99.8,-99.8,-99.8,-99.8
2023-01-13 16:00:00,1005.9,22.6,92.0,1.4,13.0,3.2,22.0,1.0,-99.8,-99.8,-99.8,-99.8,-99.8,-99.8,-99.8
2023-01-13 17:00:00,1005.7,23.3,88.0,1.3,341.0,4.3,37.0,0.0,-99.8,-99.8,-99.8,-99.8,-99.8,-99.8,-99.8
2023-01-13 18:00:00,1005.9,22.7,93.0,0.6,360.0,3.0,47.0,1.0,-99.8,-99.8,-99.8,-99.8,-99.8,-99.8,-99.8
2023-01-13 19:00:00,1006.1,22.0,95.0,1.1,8.0,4.2,14.0,0.5,-99.8,-99.8,-99.8,-99.8,-99.8,-99.8,-99.8
2023-01-13 20:00:00,1006.3,21.6,96.0,0.8,360.0,3.8,28.0,0.0,-99.8,-99.8,-99.8,-99.8,-99.8,-99.8,-99.8
2023-01-13 21:00:00,1006.2,21.5,96.0,0.8,360.0,2.7,350.0,0.0,-99.8,-99.8,-99.8,-99.8,-99.8,-99.8,-99.8
2023-01-13 22:00:00,1005.9,21.5,97.0,0.8,3.0,2.0,3.0,0.0,-99.8,-99.8,-99.8,-99.8,-99.8,-99.8,-99.8
2023-01-13 23:00:00,1005.4,21.7,93.0,1.0,347.0,2.5,21.0,0.0,-99.8,-99.8,-99.8,-99.8,-99.8,-99.8,-99.8
2023-01-14 00:00:00,1004.8,21.1,95.0,0.8,10.0,3.2,27.0,0.0,-99.8,-99.8,-99.8,-99.8,-99.8,-99.8,-99.8
2023-01-14 01:00:00,1004.5,21.2,93.0,0.8,358.0,2.1,18.0,0.0,-99.8,-99.8,-99.8,-99.8,-99.8,-99.8,-99.8
2023-01-14 02:00:00,1004.0,21.0,92.0,1.0,11.0,2.7,25.0,0.0,-99.8,-99.8,-99.8,-99.8,-99.8,-99.8,-99.8
2023-01-14 03:00:00,1003.4,20.9,90.0,1.3,14.0,2.3,357.0,0.0,-99.8,-99.8,-99.8,-99.8,-99.8,-99.8,-99.8
2023-01-14 04:00:00,1003.4,20.8,89.0,0.7,335.0,2.1,359.0,0.0,-99.8,-99.8,-99.8,-99.8,-99.8,-99.8,-99.8
2023-01-14 05:00:00,1003.6,20.6,90.0,0.9,339.0,1.7,5.0,0.0,-99.8,-99.8,-99.8,-99.8,-99.8,-99.8,-99.8
2023-01-14 06:00:00,1004.0,20.2,89.0,0.7,357.0,2.1,42.0,0.0,-99.8,-99.8,-99.8,-99.8,-99.8,-99.8,-99.8
2023-01-14 07:00:00,1004.1,20.6,88.0,0.7,334.0,2.5,353.0,0.0,-99.8,-99.8,-99.8,-99.8,-99.8,-99.8,-99.8
2023-01-14 08:00:00,1004.2,23.3,76.0,1.0,10.0,2.7,23.0,0.0,-99.8,-99.8,-99.8,-99.8,-99.8,-99.8,-99.8
2023-01-14 09:00:00,1004.5,26.4,74.0,0.5,184.0,2.7,194.0,0.0,-99.8,-99.8,-99.8,-99.8,-99.8,-99.8,-99.8
2023-01-14 10:00:00,1004.3,27.8,67.0,1.2,198.0,3.6,43.0,0.0,-99.8,-99.8,-99.8,-99.8,-99.8,-99.8,-99.8
2023-01-14 11:00:00,1003.6,28.4,67.0,0.9,190.0,3.4,207.0,0.0,-99.8,-99.8,-99.8,-99.8,-99.8,-99.8,-99.8
2023-01-14 12:00:00,1002.6,28.7,56.0,1.0,158.0,2.8,211.0,0.0,-99.8,-99.8,-99.8,-99.8,-99.8,-99.8,-99.8
2023-01-14 13:00:00,1001.8,28.0,64.0,1.0,160.0,2.7,154.0,0.0,-99.8,-99.8,-99.8,-99.8,-99.8,-99.8,-99.8
2023-01-14 14:00:00,1001.3,27.2,66.0,1.2,143.0,2.8,137.0,0.0,-99.8,-99.8,-99.8,-99.8,-99.8,-99.8,-99.8
2023-01-14 15:00:00,1000.9,26.7,69.0,1.8,200.0,3.1,254.0,0.0,-99.8,-99.8,-99.8,-99.8,-99.8,-99.8,-99.8
2023-01-14 16:00:00,1001.0,24.4,79.0,1.8,228.0,3.8,216.0,0.0,-99.8,-99.8,-99.8,-99.8,-99.8,-99.8,-99.8
2023-01-14 17:00:00,1001.5,23.4,85.0,0.6,338.0,1.9,231.0,0.0,-99.8,-99.8,-99.8,-99.8,-99.8,-99.8,-99.8
2023-01-14 18:00:00,1002.2,22.6,85.0,0.6,332.0,1.3,315.0,0.0,-99.8,-99.8,-99.8,-99.8,-99.8,-99.8,-99.8
2023-01-14 19:00:00,1002.6,22.2,86.0,0.7,335.0,1.6,338.0,0.0,-99.8,-99.8,-99.8,-99.8,-99.8,-99.8,-99.8
2023-01-14 20:00:00,1003.2,21.9,88.0,0.6,340.0,1.4,326.0,0.0,-99.8,-99.8,-99.8,-99.8,-99.8,-99.8,-99.8
2023-01-14 21:00:00,1003.6,21.9,86.0,0.7,348.0,1.9,341.0,0.0,-99.8,-99.8,-99.8,-99.8,-99.8,-99.8,-99.8
2023-01-14 22:00:00,1003.9,21.9,86.0,0.8,337.0,1.7,348.0,0.0,-99.8,-99.8,-99.8,-99.8,-99.8,-99.8,-99.8
2023-01-14 23:00:00,1003.9,21.9,86.0,0.8,345.0,2.5,360.0,0.0,-99.8,-99.8,-99.8,-99.8,-99.8,-99.8,-99.8
2023-01-15 00:00:00,1003.8,21.8,86.0,0.9,11.0,1.4,330.0,0.0,-99.8,-99.8,-99.8,-99.8,-99.8,-99.8,-99.8
2023-01-15 01:00:00,1003.8,21.8,86.0,0.6,351.0,1.8,23.0,0.0,-99.8,-99.8,-99.8,-99.8,-99.8,-99.8,-99.8
2023-01-15 02:00:00,1003.7,21.6,88.0,0.6,345.0,2.0,15.0,0.0,-99.8,-99.8,-99.8,-99.8,-99.8,-99.8,-99.8
2023-01-15 03:00:00,1003.7,21.5,91.0,0.5,307.0,2.1,244.0,0.0,-99.8,-99.8,-99.8,-99.8,-99.8,-99.8,-99.8
2023-01-15 04:00:00,1004.2,21.5,89.0,0.3,337.0,2.7,232.0,0.0,-99.8,-99.8,-99.8,-99.8,-99.8,-99.8,-99.8
2023-01-15 05:00:00,1004.7,21.6,83.0,0.5,326.0,3.4,226.0,0.0,-99.8,-99.8,-99.8,-99.8,-99.8,-99.8,-99.8
2023-01-15 06:00:00,1005.5,21.0,82.0,1.0,269.0,5.1,220.0,0.0,-99.8,-99.8,-99.8,-99.8,-99.8,-99.8,-99.8
2023-01-15 07:00:00,1006.4,20.3,81.0,1.6,255.0,3.3,216.0,0.0,-99.8,-99.8,-99.8,-99.8,-99.8,-99.8,-99.8
2023-01-15 08:00:00,1007.4,20.0,79.0,1.4,259.0,4.4,304.0,0.0,-99.8,-99.8,-99.8,-99.8,-99.8,-99.8,-99.8
2023-01-15 09:00:00,1008.4,20.1,80.0,0.7,226.0,3.9,219.0,0.0,-99.8,-99.8,-99.8,-99.8,-99.8,-99.8,-99.8
2023-01-15 10:00:00,1008.5,19.7,83.0,0.5,324.0,3.9,204.0,0.0,-99.8,-99.8,-99.8,-99.8,-99.8,-99.8,-99.8
2023-01-15 11:00:00,1008.1,19.7,76.0,1.4,261.0,4.1,218.0,0.0,-99.8,-99.8,-99.8,-99.8,-99.8,-99.8,-99.8
2023-01-15 12:00:00,1007.5,19.7,75.0,1.2,256.0,5.8,209.0,0.0,-99.8,-99.8,-99.8,-99.8,-99.8,-99.8,-99.8
2023-01-15 13:00:00,1006.7,19.5,77.0,1.8,243.0,6.6,235.0,0.0,-99.8,-99.8,-99.8,-99.8,-99.8,-99.8,-99.8
2023-01-15 14:00:00,1006.5,19.2,73.0,1.2,333.0,4.0,228.0,0.0,-99.8,-99.8,-99.8,-99.8,-99.8,-99.8,-99.8
2023-01-15 15:00:00,1006.5,19.0,76.0,1.2,253.0,4.4,328.0,0.0,-99.8,-99.8,-99.8,-99.8,-99.8,-99.8,-99.8
2023-01-15 16:00:00,1007.0,18.7,75.0,1.2,266.0,4.0,234.0,0.0,-99.8,-99.8,-99.8,-99.8,-99.8,-99.8,-99.8
2023-01-15 17:00:00,1007.9,18.4,75.0,0.8,259.0,3.1,70.0,0.0,-99.8,-99.8,-99.8,-99.8,-99.8,-99.8,-99.8
2023-01-15 18:00:00,1008.8,18.1,75.0,0.5,296.0,4.6,283.0,0.0,-99.8,-99.8,-99.8,-99.8,-99.8,-99.8,-99.8
2023-01-15 19:00:00,1009.6,18.0,74.0,0.9,277.0,4.5,249.0,0.0,-99.8,-99.8,-99.8,-99.8,-99.8,-99.8,-99.8
2023-01-15 20:00:00,1010.3,17.8,73.0,1.5,266.0,4.2,240.0,0.0,-99.8,-99.8,-99.8,-99.8,-99.8,-99.8,-99.8
2023-01-15 21:00:00,1011.0,17.4,73.0,1.8,293.0,4.6,264.0,0.0,-99.8,-99.8,-99.8,-99.8,-99.8,-99.8,-99.8
2023-01-15 22:00:00,1011.6,16.9,73.0,1.2,290.0,5.3,221.0,0.0,-99.8,-99.8,-99.8,-99.8,-99.8,-99.8,-99.8
2023-01-15 23:00:00,1011.6,16.8,73.0,0.9,315.0,4.2,244.0,0.0,-99.8,-99.8,-99.8,-99.8,-99.8,-99.8,-99.8
2023-01-16 00:00:00,1011.6,16.5,74.0,0.8,240.0,4.5,328.0,0.0,-99.8,-99.8,-99.8,-99.8,-99.8,-99.8,-99.8
2023-01-16 01:00:00,1011.7,16.6,72.0,1.0,295.0,3.9,277.0,0.0,-99.8,-99.8,-99.8,-99.8,-99.8,-99.8,-99.8
2023-01-16 02:00:00,1011.7,16.4,71.0,1.1,269.0,4.4,48.0,0.0,-99.8,-99.8,-99.8,-99.8,-99.8,-99.8,-99.8
2023-01-16 03:00:00,1011.9,16.0,78.0,0.3,304.0,4.3,240.0,0.0,-99.8,-99.8,-99.8,-99.8,-99.8,-99.8,-99.8
2023-01-16 04:00:00,1012.2,16.1,76.0,0.3,290.0,2.9,215.0,0.0,-99.8,-99.8,-99.8,-99.8,-99.8,-99.8,-99.8
2023-01-16 05:00:00,1012.8,16.2,73.0,0.7,291.0,4.2,293.0,0.0,-99.8,-99.8,-99.8,-99.8,-99.8,-99.8,-99.8
2023-01-16 06:00:00,1013.6,16.2,72.0,0.8,338.0,3.8,83.0,0.0,-99.8,-99.8,-99.8,-99.8,-99.8,-99.8,-99.8
2023-01-16 07:00:00,1014.5,16.1,71.0,1.1,7.0,2.2,9.0,0.0,-99.8,-99.8,-99.8,-99.8,-99.8,-99.8,-99.8
2023-01-16 08:00:00,1015.2,16.3,75.0,0.4,255.0,1.8,297.0,0.0,-99.8,-99.8,-99.8,-99.8,-99.8,-99.8,-99.8
2023-01-16 09:00:00,1015.7,16.9,72.0,0.8,245.0,3.6,252.0,0.0,-99.8,-99.8,-99.8,-99.8,-99.8,-99.8,-99.8
2023-01-16 10:00:00,1015.6,17.8,67.0,3.0,217.0,8.1,233.0,0.0,-99.8,-99.8,-99.8,-99.8,-99.8,-99.8,-99.8
2023-01-16 11:00:00,1014.7,17.2,67.0,4.3,236.0,8.4,218.0,0.0,-99.8,-99.8,-99.8,-99.8,-99.8,-99.8,-99.8
2023-01-16 12:00:00,1014.0,17.2,69.0,1.8,251.0,6.1,236.0,0.0,-99.8,-99.8,-99.8,-99.8,-99.8,-99.8,-99.8
2023-01-16 13:00:00,1012.9,17.2,70.0,2.0,257.0,5.8,222.0,0.0,-99.8,-99.8,-99.8,-99.8,-99.8,-99.8,-99.8
2023-01-16 14:00:00,1012.5,17.1,67.0,2.4,267.0,7.4,234.0,0.0,-99.8,-99.8,-99.8,-99.8,-99.8,-99.8,-99.8
2023-01-16 15:00:00,1012.3,17.1,68.0,1.8,264.0,5.7,241.0,0.0,-99.8,-99.8,-99.8,-99.8,-99.8,-99.8,-99.8
2023-01-16 16:00:00,1012.7,16.7,70.0,1.3,271.0,4.5,228.0,0.0,-99.8,-99.8,-99.8,-99.8,-99.8,-99.8,-99.8
2023-01-16 17:00:00,1013.6,16.7,71.0,0.8,297.0,3.2,270.0,0.0,-99.8,-99.8,-99.8,-99.8,-99.8,-99.8,-99.8
2023-01-16 18:00:00,1014.4,16.5,74.0,0.4,291.0,1.8,302.0,0.0,-99.8,-99.8,-99.8,-99.8,-99.8,-99.8,-99.8
2023-01-16 19:00:00,1015.2,16.5,71.0,0.6,27.0,3.9,244.0,0.0,-99.8,-99.8,-99.8,-99.8,-99.8,-99.8,-99.8
2023-01-16 20:00:00,1015.7,16.1,79.0,0.5,266.0,2.3,241.0,0.0,-99.8,-99.8,-99.8,-99.8,-99.8,-99.8,-99.8
2023-01-16 21:00:00,1016.0,16.1,77.0,0.4,325.0,2.1,210.0,0.0,-99.8,-99.8,-99.8,-99.8,-99.8,-99.8,-99.8
2023-01-16 22:00:00,1016.4,15.9,83.0,0.2,0.0,2.6,298.0,0.0,-99.8,-99.8,-99.8,-99.8,-99.8,-99.8,-99.8
2023-01-16 23:00:00,1015.9,16.0,83.0,0.1,0.0,1.1,294.0,0.0,-99.8,-99.8,-99.8,-99.8,-99.8,-99.8,-99.8
2023-01-17 00:00:00,1015.8,16.2,81.0,0.4,353.0,1.6,275.0,0.0,-99.8,-99.8,-99.8,-99.8,-99.8,-99.8,-99.8
2023-01-17 01:00:00,1015.4,16.1,79.0,0.5,350.0,1.7,13.0,0.0,-99.8,-99.8,-99.8,-99.8,-99.8,-99.8,-99.8
2023-01-17 02:00:00,1014.8,16.2,79.0,0.6,344.0,1.4,5.0,0.0,-99.8,-99.8,-99.8,-99.8,-99.8,-99.8,-99.8
2023-01-17 03:00:00,1014.3,16.2,78.0,0.7,324.0,1.4,315.0,0.0,-99.8,-99.8,-99.8,-99.8,-99.8,-99.8,-99.8
2023-01-17 04:00:00,1014.3,16.2,82.0,0.5,348.0,1.7,318.0,0.0,-99.8,-99.8,-99.8,-99.8,-99.8,-99.8,-99.8
2023-01-17 05:00:00,1014.7,16.1,81.0,0.7,6.0,1.7,26.0,0.0,-99.8,-99.8,-99.8,-99.8,-99.8,-99.8,-99.8
2023-01-17 06:00:00,1015.2,16.5,81.0,0.3,353.0,1.6,30.0,0.0,-99.8,-99.8,-99.8,-99.8,-99.8,-99.8,-99.8
2023-01-17 07:00:00,1015.8,16.6,80.0,0.4,335.0,1.4,294.0,0.0,-99.8,-99.8,-99.8,-99.8,-99.8,-99.8,-99.8
2023-01-17 08:00:00,1016.4,17.7,79.0,0.3,22.0,1.6,23.0,0.0,-99.8,-99.8,-99.8,-99.8,-99.8,-99.8,-99.8
2023-01-17 09:00:00,1016.7,19.2,69.0,0.8,178.0,2.7,171.0,0.0,-99.8,-99.8,-99.8,-99.8,-99.8,-99.8,-99.8
2023-01-17 10:00:00,1016.6,19.5,67.0,1.9,204.0,3.7,205.0,0.0,-99.8,-99.8,-99.8,-99.8,-99.8,-99.8,-99.8
2023-01-17 11:00:00,1016.0,19.4,68.0,2.3,213.0,6.2,208.0,0.0,-99.8,-99.8,-99.8,-99.8,-99.8,-99.8,-99.8
2023-01-17 12:00:00,1014.9,18.7,76.0,3.4,228.0,6.3,169.0,0.0,-99.8,-99.8,-99.8,-99.8,-99.8,-99.8,-99.8
2023-01-17 13:00:00,1013.8,18.6,77.0,4.8,215.0,7.3,215.0,0.0,-99.8,-99.8,-99.8,-99.8,-99.8,-99.8,-99.8
2023-01-17 14:00:00,1013.3,18.8,77.0,1.9,242.0,7.1,224.0,0.0,-99.8,-99.8,-99.8,-99.8,-99.8,-99.8,-99.8
2023-01-17 15:00:00,1013.2,18.8,79.0,2.9,223.0,7.0,225.0,0.0,-99.8,-99.8,-99.8,-99.8,-99.8,-99.8,-99.8
2023-01-17 16:00:00,1013.5,18.8,79.0,0.5,300.0,3.7,213.0,0.0,-99.8,-99.8,-99.8,-99.8,-99.8,-99.8,-99.8
2023-01-17 17:00:00,1014.1,18.8,81.0,0.9,289.0,3.3,231.0,0.0,-99.8,-99.8,-99.8,-99.8,-99.8,-99.8,-99.8
2023-01-17 18:00:00,1014.7,18.1,88.0,0.4,5.0,1.6,278.0,0.0,-99.8,-99.8,-99.8,-99.8,-99.8,-99.8,-99.8
2023-01-17 19:00:00,1015.4,17.8,86.0,0.6,337.0,1.3,351.0,0.0,-99.8,-99.8,-99.8,-99.8,-99.8,-99.8,-99.8
2023-01-17 20:00:00,1015.9,17.6,86.0,0.8,335.0,1.5,329.0,0.0,-99.8,-99.8,-99.8,-99.8,-99.8,-99.8,-99.8
2023-01-17 21:00:00,1016.2,17.1,87.0,0.7,2.0,1.5,319.0,0.0,-99.8,-99.8,-99.8,-99.8,-99.8,-99.8,-99.8
2023-01-17 22:00:00,1016.4,17.3,86.0,0.8,15.0,2.1,11.0,0.0,-99.8,-99.8,-99.8,-99.8,-99.8,-99.8,-99.8
2023-01-17 23:00:00,1016.2,17.5,85.0,0.6,350.0,2.0,11.0,0.0,-99.8,-99.8,-99.8,-99.8,-99.8,-99.8,-99.8
2023-01-18 00:00:00,1015.8,17.2,86.0,0.6,345.0,1.6,340.0,0.0,-99.8,-99.8,-99.8,-99.8,-99.8,-99.8,-99.8
2023-01-18 01:00:00,1015.7,16.9,86.0,0.6,356.0,1.5,358.0,0.0,-99.8,-99.8,-99.8,-99.8,-99.8,-99.8,-99.8
2023-01-18 02:00:00,1015.5,16.7,87.0,0.8,356.0,1.5,357.0,0.0,-99.8,-99.8,-99.8,-99.8,-99.8,-99.8,-99.8
2023-01-18 03:00:00,1015.4,16.6,88.0,0.6,356.0,1.9,342.0,0.0,-99.8,-99.8,-99.8,-99.8,-99.8,-99.8,-99.8
2023-01-18 04:00:00,1015.3,16.8,88.0,0.4,1.0,1.7,11.0,0.0,-99.8,-99.8,-99.8,-99.8,-99.8,-99.8,-99.8
2023-01-18 05:00:00,1015.7,17.2,88.0,0.3,332.0,1.1,313.0,0.0,-99.8,-99.8,-99.8,-99.8,-99.8,-99.8,-99.8
2023-01-18 06:00:00,1016.8,17.4,86.0,0.1,0.0,1.3,293.0,0.0,-99.8,-99.8,-99.8,-99.8,-99.8,-99.8,-99.8
2023-01-18 07:00:00,1017.5,17.2,86.0,0.5,256.0,1.6,264.0,0.0,-99.8,-99.8,-99.8,-99.8,-99.8,-99.8,-99.8
2023-01-18 08:00:00,1018.1,17.6,89.0,0.5,17.0,1.5,5.0,0.0,-99.8,-99.8,-99.8,-99.8,-99.8,-99.8,-99.8
2023-01-18 09:00:00,1018.5,18.4,82.0,0.2,0.0,3.3,213.0,0.0,-99.8,-99.8,-99.8,-99.8,-99.8,-99.8,-99.8
2023-01-18 10:00:00,1018.2,18.6,72.0,1.2,270.0,4.6,215.0,0.0,-99.8,-99.8,-99.8,-99.8,-99.8,-99.8,-99.8
2023-01-18 11:00:00,1017.4,18.7,72.0,2.9,230.0,5.9,211.0,0.0,-99.8,-99.8,-99.8,-99.8,-99.8,-99.8,-99.8
2023-01-18 12:00:00,1016.4,19.1,72.0,2.9,234.0,8.1,222.0,0.0,-99.8,-99.8,-99.8,-99.8,-99.8,-99.8,-99.8
2023-01-18 13:00:00,1015.1,18.9,72.0,1.6,256.0,7.7,230.0,0.0,-99.8,-99.8,-99.8,-99.8,-99.8,-99.8,-99.8
2023-01-18 14:00:00,1014.7,18.5,74.0,2.2,243.0,5.5,243.0,0.0,-99.8,-99.8,-99.8,-99.8,-99.8,-99.8,-99.8
2023-01-18 15:00:00,1014.4,18.3,76.0,1.4,258.0,4.6,244.0,0.0,-99.8,-99.8,-99.8,-99.8,-99.8,-99.8,-99.8
2023-01-18 16:00:00,1014.8,17.7,78.0,0.6,292.0,3.6,15.0,0.0,-99.8,-99.8,-99.8,-99.8,-99.8,-99.8,-99.8
2023-01-18 17:00:00,1015.5,17.4,78.0,0.5,268.0,3.2,253.0,0.0,-99.8,-99.8,-99.8,-99.8,-99.8,-99.8,-99.8
2023-01-18 18:00:00,1016.2,17.1,82.0,0.0,0.0,2.4,317.0,0.0,-99.8,-99.8,-99.8,-99.8,-99.8,-99.8,-99.8
2023-01-18 19:00:00,1017.0,16.5,88.0,0.5,13.0,1.5,16.0,0.0,-99.8,-99.8,-99.8,-99.8,-99.8,-99.8,-99.8
2023-01-18 20:00:00,1017.7,16.0,93.0,0.3,25.0,0.9,13.0,0.0,-99.8,-99.8,-99.8,-99.8,-99.8,-99.8,-99.8
2023-01-18 21:00:00,1017.7,16.0,93.0,0.7,21.0,1.4,20.0,0.0,-99.8,-99.8,-99.8,-99.8,-99.8,-99.8,-99.8
2023-01-18 22:00:00,1017.7,16.0,94.0,0.3,315.0,1.0,13.0,0.0,-99.8,-99.8,-99.8,-99.8,-99.8,-99.8,-99.8
2023-01-18 23:00:00,1017.4,16.2,95.0,0.1,0.0,0.8,324.0,0.0,-99.8,-99.8,-99.8,-99.8,-99.8,-99.8,-99.8
2023-01-19 00:00:00,1016.8,16.0,95.0,0.2,0.0,0.9,299.0,0.0,-99.8,-99.8,-99.8,-99.8,-99.8,-99.8,-99.8
2023-01-19 01:00:00,1016.1,16.1,93.0,0.4,341.0,1.0,323.0,0.0,-99.8,-99.8,-99.8,-99.8,-99.8,-99.8,-99.8
2023-01-19 02:00:00,1015.8,16.4,93.0,0.4,10.0,1.4,4.0,0.0,-99.8,-99.8,-99.8,-99.8,-99.8,-99.8,-99.8
2023-01-19 03:00:00,1015.4,16.3,91.0,0.5,349.0,1.0,360.0,0.0,-99.8,-99.8,-99.8,-99.8,-99.8,-99.8,-99.8
2023-01-19 04:00:00,1015.3,16.5,90.0,0.5,354.0,1.4,7.0,0.0,-99.8,-99.8,-99.8,-99.8,-99.8,-99.8,-99.8
2023-01-19 05:00:00,1015.9,16.4,93.0,0.3,11.0,0.9,342.0,0.0,-99.8,-99.8,-99.8,-99.8,-99.8,-99.8,-99.8
2023-01-19 06:00:00,1016.6,16.4,94.0,0.5,310.0,1.0,315.0,0.0,-99.8,-99.8,-99.8,-99.8,-99.8,-99.8,-99.8
2023-01-19 07:00:00,1017.5,16.1,97.0,0.2,0.0,1.1,24.0,0.0,-99.8,-99.8,-99.8,-99.8,-99.8,-99.8,-99.8
2023-01-19 08:00:00,1018.1,16.3,96.0,0.4,348.0,1.6,3.0,0.0,-99.8,-99.8,-99.8,-99.8,-99.8,-99.8,-99.8
2023-01-19 09:00:00,1018.6,16.7,93.0,0.6,11.0,1.4,20.0,0.0,-99.8,-99.8,-99.8,-99.8,-99.8,-99.8,-99.8
2023-01-19 10:00:00,1018.5,17.8,84.0,0.2,0.0,1.5,347.0,0.0,-99.8,-99.8,-99.8,-99.8,-99.8,-99.8,-99.8
2023-01-19 11:00:00,1017.4,19.2,81.0,0.9,213.0,2.6,218.0,0.0,-99.8,-99.8,-99.8,-99.8,-99.8,-99.8,-99.8
2023-01-19 12:00:00,1015.7,22.7,67.0,2.4,199.0,3.8,206.0,0.0,-99.8,-99.8,-99.8,-99.8,-99.8,-99.8,-99.8
2023-01-19 13:00:00,1014.5,23.3,63.0,1.5,185.0,3.6,205.0,0.0,-99.8,-99.8,-99.8,-99.8,-99.8,-99.8,-99.8
2023-01-19 14:00:00,1014.0,20.7,66.0,0.4,154.0,2.3,211.0,0.0,-99.8,-99.8,-99.8,-99.8,-99.8,-99.8,-99.8
2023-01-19 15:00:00,1013.7,19.7,73.0,1.2,222.0,2.0,207.0,0.0,-99.8,-99.8,-99.8,-99.8,-99.8,-99.8,-99.8
2023-01-19 16:00:00,1014.0,19.0,78.0,0.4,15.0,2.3,260.0,0.0,-99.8,-99.8,-99.8,-99.8,-99.8,-99.8,-99.8
2023-01-19 17:00:00,1014.2,18.7,81.0,0.5,327.0,1.6,22.0,0.0,-99.8,-99.8,-99.8,-99.8,-99.8,-99.8,-99.8
2023-01-19 18:00:00,1014.7,18.5,82.0,0.6,5.0,1.3,336.0,0.0,-99.8,-99.8,-99.8,-99.8,-99.8,-99.8,-99.8
2023-01-19 19:00:00,1015.4,18.2,83.0,0.4,353.0,1.2,29.0,0.0,-99.8,-99.8,-99.8,-99.8,-99.8,-99.8,-99.8
2023-01-19 20:00:00,1015.8,18.3,83.0,0.6,6.0,1.8,26.0,0.0,-99.8,-99.8,-99.8,-99.8,-99.8,-99.8,-99.8
2023-01-19 21:00:00,1016.1,18.4,83.0,0.5,349.0,1.6,342.0,0.0,-99.8,-99.8,-99.8,-99.8,-99.8,-99.8,-99.8
2023-01-19 22:00:00,1016.1,18.3,84.0,0.4,359.0,1.1,16.0,0.0,-99.8,-99.8,-99.8,-99.8,-99.8,-99.8,-99.8
2023-01-19 23:00:00,1015.9,18.1,85.0,0.6,8.0,1.3,32.0,0.0,-99.8,-99.8,-99.8,-99.8,-99.8,-99.8,-99.8
2023-01-20 00:00:00,1015.6,18.1,84.0,0.6,359.0,1.3,32.0,0.0,-99.8,-99.8,-99.8,-99.8,-99.8,-99.8,-99.8
2023-01-20 01:00:00,1015.4,17.8,85.0,0.6,1.0,1.5,339.0,0.0,-99.8,-99.8,-99.8,-99.8,-99.8,-99.8,-99.8
2023-01-20 02:00:00,1015.2,17.8,86.0,0.5,341.0,1.2,334.0,0.0,-99.8,-99.8,-99.8,-99.8,-99.8,-99.8,-99.8
2023-01-20 03:00:00,1014.8,17.6,87.0,0.6,353.0,1.2,360.0,0.0,-99.8,-99.8,-99.8,-99.8,-99.8,-99.8,-99.8
2023-01-20 04:00:00,1014.9,17.8,87.0,0.5,341.0,1.6,6.0,0.0,-99.8,-99.8,-99.8,-99.8,-99.8,-99.8,-99.8
2023-01-20 05:00:00,1015.0,18.0,86.0,0.6,332.0,1.3,303.0,0.0,-99.8,-99.8,-99.8,-99.8,-99.8,-99.8,-99.8
2023-01-20 06:00:00,1015.8,18.0,87.0,0.4,356.0,1.3,317.0,0.0,-99.8,-99.8,-99.8,-99.8,-99.8,-99.8,-99.8
2023-01-20 07:00:00,1016.1,17.9,87.0,0.6,8.0,1.4,3.0,0.0,-99.8,-99.8,-99.8,-99.8,-99.8,-99.8,-99.8
2023-01-20 08:00:00,1017.0,18.9,85.0,0.2,0.0,1.9,27.0,0.0,-99.8,-99.8,-99.8,-99.8,-99.8,-99.8,-99.8
2023-01-20 09:00:00,1017.6,19.4,82.0,0.4,340.0,3.5,247.0,0.0,-99.8,-99.8,-99.8,-99.8,-99.8,-99.8,-99.8
2023-01-20 10:00:00,1017.7,19.1,87.0,0.5,214.0,3.5,250.0,0.0,-99.8,-99.8,-99.8,-99.8,-99.8,-99.8,-99.8
2023-01-20 11:00:00,1017.2,18.8,92.0,0.5,204.0,2.0,221.0,0.5,-99.8,-99.8,-99.8,-99.8,-99.8,-99.8,-99.8
2023-01-20 12:00:00,1016.6,18.3,92.0,0.5,33.0,1.8,234.0,0.5,-99.8,-99.8,-99.8,-99.8,-99.8,-99.8,-99.8
2023-01-20 13:00:00,1015.7,18.2,90.0,1.4,242.0,3.6,226.0,0.5,-99.8,-99.8,-99.8,-99.8,-99.8,-99.8,-99.8
2023-01-20 14:00:00,1015.6,17.9,91.0,0.6,212.0,4.1,236.0,0.0,-99.8,-99.8,-99.8,-99.8,-99.8,-99.8,-99.8
2023-01-20 15:00:00,1015.5,18.0,91.0,0.5,222.0,1.9,89.0,0.0,-99.8,-99.8,-99.8,-99.8,-99.8,-99.8,-99.8
2023-01-20 16:00:00,1015.7,17.9,93.0,0.1,0.0,0.8,40.0,0.0,-99.8,-99.8,-99.8,-99.8,-99.8,-99.8,-99.8
2023-01-20 17:00:00,1016.2,17.7,95.0,0.1,0.0,1.5,264.0,0.0,-99.8,-99.8,-99.8,-99.8,-99.8,-99.8,-99.8
2023-01-20 18:00:00,1016.6,16.9,96.0,0.7,320.0,1.2,344.0,0.0,-99.8,-99.8,-99.8,-99.8,-99.8,-99.8,-99.8
2023-01-20 19:00:00,1017.2,16.8,96.0,0.5,336.0,1.1,311.0,0.0,-99.8,-99.8,-99.8,-99.8,-99.8,-99.8,-99.8
2023-01-20 20:00:00,1017.6,16.6,96.0,0.5,335.0,1.3,321.0,0.0,-99.8,-99.8,-99.8,-99.8,-99.8,-99.8,-99.8
2023-01-20 21:00:00,1017.5,16.7,96.0,0.4,358.0,1.3,315.0,0.0,-99.8,-99.8,-99.8,-99.8,-99.8,-99.8,-99.8
2023-01-20 22:00:00,1017.5,16.6,96.0,0.8,26.0,1.4,33.0,0.0,-99.8,-99.8,-99.8,-99.8,-99.8,-99.8,-99.8
2023-01-20 23:00:00,1017.3,16.2,97.0,0.6,325.0,1.5,11.0,0.0,-99.8,-99.8,-99.8,-99.8,-99.8,-99.8,-99.8
2023-01-21 00:00:00,1017.1,16.3,98.0,0.5,13.0,1.1,305.0,0.0,-99.8,-99.8,-99.8,-99.8,-99.8,-99.8,-99.8
2023-01-21 01:00:00,1016.6,16.3,97.0,0.3,342.0,1.3,20.0,0.0,-99.8,-99.8,-99.8,-99.8,-99.8,-99.8,-99.8
2023-01-21 02:00:00,1016.1,16.4,96.0,0.6,7.0,1.8,12.0,0.0,-99.8,-99.8,-99.8,-99.8,-99.8,-99.8,-99.8
2023-01-21 03:00:00,1015.6,16.4,96.0,0.4,4.0,1.9,25.0,0.0,-99.8,-99.8,-99.8,-99.8,-99.8,-99.8,-99.8
2023-01-21 04:00:00,1015.6,16.6,93.0,0.8,7.0,1.7,328.0,0.0,-99.8,-99.8,-99.8,-99.8,-99.8,-99.8,-99.8
2023-01-21 05:00:00,1015.6,16.7,92.0,0.6,350.0,1.8,2.0,0.0,-99.8,-99.8,-99.8,-99.8,-99.8,-99.8,-99.8
2023-01-21 06:00:00,1015.9,16.9,91.0,0.9,14.0,2.2,343.0,0.5,-99.8,-99.8,-99.8,-99.8,-99.8,-99.8,-99.8
2023-01-21 07:00:00,1016.2,16.9,90.0,0.7,346.0,1.7,8.0,0.0,-99.8,-99.8,-99.8,-99.8,-99.8,-99.8,-99.8
2023-01-21 08:00:00,1016.3,18.6,82.0,0.8,18.0,1.6,18.0,0.0,-99.8,-99.8,-99.8,-99.8,-99.8,-99.8,-99.8
2023-01-21 09:00:00,1016.8,19.4,87.0,0.3,24.0,1.1,7.0,0.0,-99.8,-99.8,-99.8,-99.8,-99.8,-99.8,-99.8
2023-01-21 10:00:00,1016.9,19.2,85.0,0.4,22.0,1.3,238.0,0.0,-99.8,-99.8,-99.8,-99.8,-99.8,-99.8,-99.8
2023-01-21 11:00:00,1016.0,19.8,82.0,0.2,0.0,1.3,29.0,0.0,-99.8,-99.8,-99.8,-99.8,-99.8,-99.8,-99.8
2023-01-21 12:00:00,1014.7,19.9,81.0,0.6,122.0,2.0,220.0,0.0,-99.8,-99.8,-99.8,-99.8,-99.8,-99.8,-99.8
2023-01-21 13:00:00,1013.4,21.3,75.0,0.8,207.0,1.7,232.0,0.0,-99.8,-99.8,-99.8,-99.8,-99.8,-99.8,-99.8
2023-01-21 14:00:00,1012.8,21.4,73.0,1.0,188.0,2.4,205.0,0.0,-99.8,-99.8,-99.8,-99.8,-99.8,-99.8,-99.8
2023-01-21 15:00:00,1012.0,20.2,83.0,0.5,183.0,2.2,162.0,0.0,-99.8,-99.8,-99.8,-99.8,-99.8,-99.8,-99.8
2023-01-21 16:00:00,1011.9,20.0,86.0,0.2,0.0,1.6,204.0,0.0,-99.8,-99.8,-99.8,-99.8,-99.8,-99.8,-99.8
2023-01-21 17:00:00,1012.0,19.6,89.0,0.1,0.0,0.8,10.0,0.0,-99.8,-99.8,-99.8,-99.8,-99.8,-99.8,-99.8
2023-01-21 18:00:00,1012.1,19.1,92.0,0.4,1.0,0.9,12.0,0.0,-99.8,-99.8,-99.8,-99.8,-99.8,-99.8,-99.8
2023-01-21 19:00:00,1012.4,18.9,91.0,0.6,340.0,1.2,346.0,0.0,-99.8,-99.8,-99.8,-99.8,-99.8,-99.8,-99.8
2023-01-21 20:00:00,1012.7,18.9,89.0,0.6,11.0,1.4,32.0,0.0,-99.8,-99.8,-99.8,-99.8,-99.8,-99.8,-99.8
2023-01-21 21:00:00,1012.6,18.8,87.0,0.6,335.0,1.8,24.0,0.0,-99.8,-99.8,-99.8,-99.8,-99.8,-99.8,-99.8
2023-01-21 22:00:00,1012.4,19.0,86.0,0.5,359.0,2.4,17.0,0.0,-99.8,-99.8,-99.8,-99.8,-99.8,-99.8,-99.8
2023-01-21 23:00:00,1011.9,19.0,85.0,0.5,344.0,1.8,13.0,0.0,-99.8,-99.8,-99.8,-99.8,-99.8,-99.8,-99.8
2023-01-22 00:00:00,1011.8,19.1,86.0,1.0,13.0,2.4,34.0,0.0,-99.8,-99.8,-99.8,-99.8,-99.8,-99.8,-99.8
2023-01-22 01:00:00,1011.3,19.0,83.0,0.6,6.0,2.2,25.0,0.0,-99.8,-99.8,-99.8,-99.8,-99.8,-99.8,-99.8
2023-01-22 02:00:00,1010.6,19.2,83.0,1.1,19.0,2.0,8.0,0.0,-99.8,-99.8,-99.8,-99.8,-99.8,-99.8,-99.8
2023-01-22 03:00:00,1010.5,19.5,83.0,0.6,354.0,2.0,27.0,0.0,-99.8,-99.8,-99.8,-99.8,-99.8,-99.8,-99.8
2023-01-22 04:00:00,1010.6,19.6,82.0,0.9,328.0,2.3,282.0,0.0,-99.8,-99.8,-99.8,-99.8,-99.8,-99.8,-99.8
2023-01-22 05:00:00,1010.7,19.1,86.0,0.7,6.0,2.1,1.0,0.0,-99.8,-99.8,-99.8,-99.8,-99.8,-99.8,-99.8
2023-01-22 06:00:00,1010.9,18.8,88.0,0.7,2.0,2.2,336.0,0.0,-99.8,-99.8,-99.8,-99.8,-99.8,-99.8,-99.8
2023-01-22 07:00:00,1010.8,18.7,86.0,0.9,6.0,3.0,13.0,0.0,-99.8,-99.8,-99.8,-99.8,-99.8,-99.8,-99.8
2023-01-22 08:00:00,1010.8,21.5,76.0,0.3,42.0,2.2,22.0,0.0,-99.8,-99.8,-99.8,-99.8,-99.8,-99.8,-99.8
2023-01-22 09:00:00,1011.5,24.4,68.0,1.3,158.0,2.9,183.0,0.0,-99.8,-99.8,-99.8,-99.8,-99.8,-99.8,-99.8
2023-01-22 10:00:00,1011.8,25.0,65.0,0.8,159.0,2.6,164.0,0.0,-99.8,-99.8,-99.8,-99.8,-99.8,-99.8,-99.8
2023-01-22 11:00:00,1011.0,25.3,64.0,2.2,179.0,4.2,162.0,0.0,-99.8,-99.8,-99.8,-99.8,-99.8,-99.8,-99.8
2023-01-22 12:00:00,1009.8,25.0,67.0,2.5,168.0,5.3,193.0,0.0,-99.8,-99.8,-99.8,-99.8,-99.8,-99.8,-99.8
2023-01-22 13:00:00,1008.7,24.3,69.0,1.7,141.0,4.4,172.0,0.0,-99.8,-99.8,-99.8,-99.8,-99.8,-99.8,-99.8
2023-01-22 14:00:00,1007.8,23.4,75.0,2.6,188.0,5.1,171.0,0.0,-99.8,-99.8,-99.8,-99.8,-99.8,-99.8,-99.8
2023-01-22 15:00:00,1007.6,23.4,75.0,3.1,208.0,6.4,185.0,0.0,-99.8,-99.8,-99.8,-99.8,-99.8,-99.8,-99.8
2023-01-22 16:00:00,1007.6,22.9,82.0,0.4,279.0,3.6,167.0,0.0,-99.8,-99.8,-99.8,-99.8,-99.8,-99.8,-99.8
2023-01-22 17:00:00,1007.7,22.0,87.0,0.7,23.0,1.8,234.0,0.0,-99.8,-99.8,-99.8,-99.8,-99.8,-99.8,-99.8
2023-01-22 18:00:00,1008.0,21.4,89.0,0.5,10.0,1.6,280.0,0.0,-99.8,-99.8,-99.8,-99.8,-99.8,-99.8,-99.8
2023-01-22 19:00:00,1008.7,20.7,96.0,0.5,321.0,1.2,283.0,0.0,-99.8,-99.8,-99.8,-99.8,-99.8,-99.8,-99.8
2023-01-22 20:00:00,1008.9,20.2,97.0,0.5,355.0,1.1,318.0,0.0,-99.8,-99.8,-99.8,-99.8,-99.8,-99.8,-99.8
2023-01-22 21:00:00,1009.2,20.1,97.0,0.3,2.0,1.3,336.0,0.0,-99.8,-99.8,-99.8,-99.8,-99.8,-99.8,-99.8
2023-01-22 22:00:00,1009.2,20.0,97.0,0.4,333.0,1.3,330.0,0.0,-99.8,-99.8,-99.8,-99.8,-99.8,-99.8,-99.8
2023-01-22 23:00:00,1008.9,19.5,97.0,0.6,333.0,1.2,337.0,0.0,-99.8,-99.8,-99.8,-99.8,-99.8,-99.8,-99.8
2023-01-23 00:00:00,1008.9,19.3,96.0,0.6,308.0,1.3,34.0,0.0,-99.8,-99.8,-99.8,-99.8,-99.8,-99.8,-99.8
2023-01-23 01:00:00,1008.8,19.7,95.0,0.3,345.0,1.2,6.0,0.0,-99.8,-99.8,-99.8,-99.8,-99.8,-99.8,-99.8
2023-01-23 02:00:00,1008.5,19.7,95.0,0.6,331.0,1.0,272.0,0.0,-99.8,-99.8,-99.8,-99.8,-99.8,-99.8,-99.8
2023-01-23 03:00:00,1008.1,19.4,95.0,0.6,343.0,1.1,312.0,0.0,-99.8,-99.8,-99.8,-99.8,-99.8,-99.8,-99.8
2023-01-23 04:00:00,1008.0,18.9,95.0,0.8,343.0,1.4,341.0,0.0,-99.8,-99.8,-99.8,-99.8,-99.8,-99.8,-99.8
2023-01-23 05:00:00,1008.4,18.9,93.0,0.5,5.0,1.6,4.0,0.0,-99.8,-99.8,-99.8,-99.8,-99.8,-99.8,-99.8
2023-01-23 06:00:00,1008.8,19.0,92.0,0.6,359.0,2.2,24.0,0.0,-99.8,-99.8,-99.8,-99.8,-99.8,-99.8,-99.8
2023-01-23 07:00:00,1009.0,19.5,90.0,0.6,13.0,1.7,35.0,0.0,-99.8,-99.8,-99.8,-99.8,-99.8,-99.8,-99.8
2023-01-23 08:00:00,1009.7,20.1,88.0,0.5,360.0,1.4,8.0,0.0,-99.8,-99.8,-99.8,-99.8,-99.8,-99.8,-99.8
2023-01-23 09:00:00,1009.9,21.4,83.0,0.1,0.0,1.5,26.0,0.0,-99.8,-99.8,-99.8,-99.8,-99.8,-99.8,-99.8
2023-01-23 10:00:00,1009.7,21.4,81.0,2.2,227.0,4.0,223.0,0.0,-99.8,-99.8,-99.8,-99.8,-99.8,-99.8,-99.8
2023-01-23 11:00:00,1009.2,21.3,81.0,0.5,283.0,3.5,219.0,0.0,-99.8,-99.8,-99.8,-99.8,-99.8,-99.8,-99.8
2023-01-23 12:00:00,1008.2,21.3,84.0,0.6,264.0,4.3,296.0,0.0,-99.8,-99.8,-99.8,-99.8,-99.8,-99.8,-99.8
2023-01-23 13:00:00,1007.4,20.7,87.0,1.1,278.0,4.3,257.0,0.0,-99.8,-99.8,-99.8,-99.8,-99.8,-99.8,-99.8
2023-01-23 14:00:00,1007.0,20.6,90.0,0.4,35.0,3.8,217.0,0.0,-99.8,-99.8,-99.8,-99.8,-99.8,-99.8,-99.8
2023-01-23 15:00:00,1007.0,20.0,92.0,0.2,0.0,1.6,3.0,0.0,-99.8,-99.8,-99.8,-99.8,-99.8,-99.8,-99.8
2023-01-23 16:00:00,1007.4,19.9,93.0,0.1,0.0,1.2,29.0,0.0,-99.8,-99.8,-99.8,-99.8,-99.8,-99.8,-99.8
2023-01-23 17:00:00,1007.9,19.7,94.0,0.2,0.0,1.6,236.0,0.0,-99.8,-99.8,-99.8,-99.8,-99.8,-99.8,-99.8
2023-01-23 18:00:00,1008.1,19.5,95.0,0.4,4.0,1.3,33.0,0.0,-99.8,-99.8,-99.8,-99.8,-99.8,-99.8,-99.8
2023-01-23 19:00:00,1008.5,19.4,94.0,0.1,0.0,1.3,332.0,0.0,-99.8,-99.8,-99.8,-99.8,-99.8,-99.8,-99.8
2023-01-23 20:00:00,1008.9,19.4,92.0,0.5,320.0,3.7,340.0,0.0,-99.8,-99.8,-99.8,-99.8,-99.8,-99.8,-99.8
2023-01-23 21:00:00,1009.4,19.3,92.0,0.5,328.0,1.4,305.0,0.0,-99.8,-99.8,-99.8,-99.8,-99.8,-99.8,-99.8
2023-01-23 22:00:00,1009.4,19.1,94.0,0.4,326.0,1.6,276.0,0.0,-99.8,-99.8,-99.8,-99.8,-99.8,-99.8,-99.8
2023-01-23 23:00:00,1009.5,18.9,96.0,0.1,0.0,1.5,4.0,0.0,-99.8,-99.8,-99.8,-99.8,-99.8,-99.8,-99.8
2023-01-24 00:00:00,1009.6,18.9,95.0,0.5,358.0,1.7,15.0,0.0,-99.8,-99.8,-99.8,-99.8,-99.8,-99.8,-99.8
2023-01-24 01:00:00,1009.8,19.4,87.0,0.6,6.0,2.5,351.0,0.0,-99.8,-99.8,-99.8,-99.8,-99.8,-99.8,-99.8
2023-01-24 02:00:00,1009.7,18.9,90.0,0.2,0.0,1.8,26.0,0.0,-99.8,-99.8,-99.8,-99.8,-99.8,-99.8,-99.8
2023-01-24 03:00:00,1009.6,18.6,92.0,0.5,345.0,1.6,11.0,0.0,-99.8,-99.8,-99.8,-99.8,-99.8,-99.8,-99.8
2023-01-24 04:00:00,1009.9,19.0,86.0,1.0,18.0,5.2,244.0,0.0,-99.8,-99.8,-99.8,-99.8,-99.8,-99.8,-99.8
2023-01-24 05:00:00,1010.3,18.4,77.0,1.0,256.0,5.8,217.0,0.0,-99.8,-99.8,-99.8,-99.8,-99.8,-99.8,-99.8
2023-01-24 06:00:00,1010.9,18.2,80.0,1.1,313.0,4.7,273.0,0.0,-99.8,-99.8,-99.8,-99.8,-99.8,-99.8,-99.8
2023-01-24 07:00:00,1011.8,17.1,79.0,0.8,339.0,5.3,122.0,0.0,-99.8,-99.8,-99.8,-99.8,-99.8,-99.8,-99.8
2023-01-24 08:00:00,1012.7,18.4,61.0,1.1,240.0,6.7,247.0,0.0,-99.8,-99.8,-99.8,-99.8,-99.8,-99.8,-99.8
2023-01-24 09:00:00,1014.0,18.4,55.0,1.5,317.0,7.5,201.0,0.0,-99.8,-99.8,-99.8,-99.8,-99.8,-99.8,-99.8
2023-01-24 10:00:00,1014.8,18.0,58.0,1.2,301.0,9.9,272.0,0.0,-99.8,-99.8,-99.8,-99.8,-99.8,-99.8,-99.8
2023-01-24 11:00:00,1014.7,17.5,58.0,1.7,285.0,7.6,227.0,0.0,-99.8,-99.8,-99.8,-99.8,-99.8,-99.8,-99.8
2023-01-24 12:00:00,1014.5,16.4,58.0,2.2,310.0,6.1,305.0,0.0,-99.8,-99.8,-99.8,-99.8,-99.8,-99.8,-99.8
2023-01-24 13:00:00,1013.9,15.7,58.0,2.2,292.0,7.7,294.0,0.0,-99.8,-99.8,-99.8,-99.8,-99.8,-99.8,-99.8
2023-01-24 14:00:00,1014.0,15.3,59.0,2.9,287.0,8.9,272.0,0.0,-99.8,-99.8,-99.8,-99.8,-99.8,-99.8,-99.8
2023-01-24 15:00:00,1014.6,14.1,65.0,2.8,281.0,8.6,262.0,0.0,-99.8,-99.8,-99.8,-99.8,-99.8,-99.8,-99.8
2023-01-24 16:00:00,1015.6,13.1,64.0,3.4,8.0,9.1,39.0,0.0,-99.8,-99.8,-99.8,-99.8,-99.8,-99.8,-99.8
2023-01-24 17:00:00,1016.7,12.4,63.0,3.7,321.0,8.8,98.0,0.0,-99.8,-99.8,-99.8,-99.8,-99.8,-99.8,-99.8
2023-01-24 18:00:00,1017.7,11.6,63.0,2.6,350.0,9.5,234.0,0.0,-99.8,-99.8,-99.8,-99.8,-99.8,-99.8,-99.8
2023-01-24 19:00:00,1018.8,11.7,61.0,1.4,269.0,6.9,81.0,0.0,-99.8,-99.8,-99.8,-99.8,-99.8,-99.8,-99.8
2023-01-24 20:00:00,1019.5,11.5,59.0,1.8,305.0,8.4,301.0,0.0,-99.8,-99.8,-99.8,-99.8,-99.8,-99.8,-99.8
2023-01-24 21:00:00,1020.2,11.5,55.0,1.5,21.0,7.3,256.0,0.0,-99.8,-99.8,-99.8,-99.8,-99.8,-99.8,-99.8
2023-01-24 22:00:00,1020.5,11.4,50.0,2.0,11.0,6.5,65.0,0.0,-99.8,-99.8,-99.8,-99.8,-99.8,-99.8,-99.8
2023-01-24 23:00:00,1020.6,11.2,48.0,2.9,54.0,7.1,66.0,0.0,-99.8,-99.8,-99.8,-99.8,-99.8,-99.8,-99.8
2023-01-25 00:00:00,1020.9,11.0,48.0,1.6,2.0,7.4,31.0,0.0,-99.8,-99.8,-99.8,-99.8,-99.8,-99.8,-99.8
2023-01-25 01:00:00,1021.0,11.3,52.0,1.6,21.0,6.5,65.0,0.0,-99.8,-99.8,-99.8,-99.8,-99.8,-99.8,-99.8
2023-01-25 02:00:00,1020.9,11.4,52.0,1.7,19.0,5.5,35.0,0.0,-99.8,-99.8,-99.8,-99.8,-99.8,-99.8,-99.8
2023-01-25 03:00:00,1021.1,11.3,55.0,0.7,269.0,6.1,210.0,0.0,-99.8,-99.8,-99.8,-99.8,-99.8,-99.8,-99.8
2023-01-25 04:00:00,1020.7,11.3,49.0,0.7,326.0,5.3,266.0,0.0,-99.8,-99.8,-99.8,-99.8,-99.8,-99.8,-99.8
2023-01-25 05:00:00,1020.8,11.3,59.0,0.4,339.0,3.2,39.0,0.0,-99.8,-99.8,-99.8,-99.8,-99.8,-99.8,-99.8
2023-01-25 06:00:00,1020.5,11.4,59.0,0.5,332.0,4.0,281.0,0.0,-99.8,-99.8,-99.8,-99.8,-99.8,-99.8,-99.8
2023-01-25 07:00:00,1020.7,11.7,56.0,0.7,327.0,2.7,254.0,0.0,-99.8,-99.8,-99.8,-99.8,-99.8,-99.8,-99.8
2023-01-25 08:00:00,1020.9,12.3,64.0,0.5,21.0,1.5,35.0,0.0,-99.8,-99.8,-99.8,-99.8,-99.8,-99.8,-99.8
2023-01-25 09:00:00,1021.1,12.9,54.0,0.9,299.0,4.7,325.0,0.0,-99.8,-99.8,-99.8,-99.8,-99.8,-99.8,-99.8
2023-01-25 10:00:00,1021.2,13.7,54.0,0.6,264.0,5.3,228.0,0.0,-99.8,-99.8,-99.8,-99.8,-99.8,-99.8,-99.8
2023-01-25 11:00:00,1019.9,14.0,56.0,3.0,220.0,6.7,211.0,0.0,-99.8,-99.8,-99.8,-99.8,-99.8,-99.8,-99.8
2023-01-25 12:00:00,1018.2,14.1,56.0,3.4,209.0,8.4,213.0,0.0,-99.8,-99.8,-99.8,-99.8,-99.8,-99.8,-99.8
2023-01-25 13:00:00,1017.1,14.1,62.0,5.7,214.0,9.3,234.0,0.0,-99.8,-99.8,-99.8,-99.8,-99.8,-99.8,-99.8
2023-01-25 14:00:00,1016.3,13.9,64.0,5.0,216.0,9.5,195.0,0.0,-99.8,-99.8,-99.8,-99.8,-99.8,-99.8,-99.8
2023-01-25 15:00:00,1015.8,13.8,63.0,0.7,24.0,8.1,206.0,0.0,-99.8,-99.8,-99.8,-99.8,-99.8,-99.8,-99.8
2023-01-25 16:00:00,1015.8,13.7,70.0,0.9,301.0,5.2,233.0,0.0,-99.8,-99.8,-99.8,-99.8,-99.8,-99.8,-99.8
2023-01-25 17:00:00,1015.9,13.4,76.0,1.0,305.0,5.2,243.0,0.0,-99.8,-99.8,-99.8,-99.8,-99.8,-99.8,-99.8
2023-01-25 18:00:00,1016.2,13.1,78.0,0.2,0.0,1.9,268.0,0.0,-99.8,-99.8,-99.8,-99.8,-99.8,-99.8,-99.8
2023-01-25 19:00:00,1016.5,13.0,75.0,0.5,334.0,1.0,294.0,0.0,-99.8,-99.8,-99.8,-99.8,-99.8,-99.8,-99.8
2023-01-25 20:00:00,1016.6,13.2,75.0,0.2,0.0,1.1,16.0,0.0,-99.8,-99.8,-99.8,-99.8,-99.8,-99.8,-99.8
2023-01-25 21:00:00,1016.4,13.3,74.0,0.5,338.0,1.0,3.0,0.0,-99.8,-99.8,-99.8,-99.8,-99.8,-99.8,-99.8
2023-01-25 22:00:00,1016.1,13.4,76.0,0.3,347.0,1.5,329.0,0.0,-99.8,-99.8,-99.8,-99.8,-99.8,-99.8,-99.8
2023-01-25 23:00:00,1015.8,13.6,75.0,0.3,357.0,1.4,309.0,0.0,-99.8,-99.8,-99.8,-99.8,-99.8,-99.8,-99.8
2023-01-26 00:00:00,1015.5,14.0,79.0,0.4,313.0,3.2,237.0,0.0,-99.8,-99.8,-99.8,-99.8,-99.8,-99.8,-99.8
2023-01-26 01:00:00,1015.2,13.2,83.0,0.5,350.0,1.5,11.0,0.0,-99.8,-99.8,-99.8,-99.8,-99.8,-99.8,-99.8
2023-01-26 02:00:00,1014.9,13.1,80.0,0.6,4.0,1.9,322.0,0.0,-99.8,-99.8,-99.8,-99.8,-99.8,-99.8,-99.8
2023-01-26 03:00:00,1014.5,13.7,76.0,0.8,329.0,1.3,357.0,0.0,-99.8,-99.8,-99.8,-99.8,-99.8,-99.8,-99.8
2023-01-26 04:00:00,1014.1,13.8,78.0,0.5,351.0,1.4,297.0,0.0,-99.8,-99.8,-99.8,-99.8,-99.8,-99.8,-99.8
2023-01-26 05:00:00,1014.0,14.0,72.0,1.1,17.0,2.0,355.0,0.0,-99.8,-99.8,-99.8,-99.8,-99.8,-99.8,-99.8
2023-01-26 06:00:00,1014.5,13.9,72.0,0.8,3.0,2.3,31.0,0.0,-99.8,-99.8,-99.8,-99.8,-99.8,-99.8,-99.8
2023-01-26 07:00:00,1014.8,14.4,70.0,1.1,14.0,2.2,346.0,0.0,-99.8,-99.8,-99.8,-99.8,-99.8,-99.8,-99.8
2023-01-26 08:00:00,1015.0,18.3,60.0,0.9,200.0,4.1,203.0,0.0,-99.8,-99.8,-99.8,-99.8,-99.8,-99.8,-99.8
2023-01-26 09:00:00,1014.9,20.3,53.0,1.8,198.0,4.4,204.0,0.0,-99.8,-99.8,-99.8,-99.8,-99.8,-99.8,-99.8
2023-01-26 10:00:00,1014.4,22.3,45.0,1.1,193.0,4.1,199.0,0.0,-99.8,-99.8,-99.8,-99.8,-99.8,-99.8,-99.8
2023-01-26 11:00:00,1013.0,22.2,50.0,2.6,198.0,5.2,206.0,0.0,-99.8,-99.8,-99.8,-99.8,-99.8,-99.8,-99.8
2023-01-26 12:00:00,1011.8,22.6,51.0,2.5,198.0,5.5,209.0,0.0,-99.8,-99.8,-99.8,-99.8,-99.8,-99.8,-99.8
2023-01-26 13:00:00,1010.6,22.3,57.0,2.7,198.0,5.6,202.0,0.0,-99.8,-99.8,-99.8,-99.8,-99.8,-99.8,-99.8
2023-01-26 14:00:00,1009.8,23.1,49.0,1.9,197.0,4.7,209.0,0.0,-99.8,-99.8,-99.8,-99.8,-99.8,-99.8,-99.8
2023-01-26 15:00:00,1009.5,22.7,52.0,1.2,198.0,4.0,209.0,0.0,-99.8,-99.8,-99.8,-99.8,-99.8,-99.8,-99.8
2023-01-26 16:00:00,1009.8,19.4,67.0,0.2,0.0,2.7,205.0,0.0,-99.8,-99.8,-99.8,-99.8,-99.8,-99.8,-99.8
2023-01-26 17:00:00,1010.5,17.7,74.0,0.6,356.0,1.5,18.0,0.0,-99.8,-99.8,-99.8,-99.8,-99.8,-99.8,-99.8
2023-01-26 18:00:00,1011.1,17.1,75.0,0.9,355.0,2.1,357.0,0.0,-99.8,-99.8,-99.8,-99.8,-99.8,-99.8,-99.8
2023-01-26 19:00:00,1011.9,17.8,73.0,0.8,4.0,2.7,12.0,0.0,-99.8,-99.8,-99.8,-99.8,-99.8,-99.8,-99.8
2023-01-26 20:00:00,1012.4,18.1,71.0,0.8,5.0,1.8,354.0,0.0,-99.8,-99.8,-99.8,-99.8,-99.8,-99.8,-99.8
2023-01-26 21:00:00,1012.4,18.1,73.0,0.7,3.0,1.9,358.0,0.0,-99.8,-99.8,-99.8,-99.8,-99.8,-99.8,-99.8
2023-01-26 22:00:00,1012.3,17.8,74.0,0.5,358.0,1.4,26.0,0.0,-99.8,-99.8,-99.8,-99.8,-99.8,-99.8,-99.8
2023-01-26 23:00:00,1012.2,17.9,76.0,0.3,353.0,1.7,23.0,0.0,-99.8,-99.8,-99.8,-99.8,-99.8,-99.8,-99.8
2023-01-27 00:00:00,1012.3,17.6,80.0,0.2,0.0,1.0,8.0,0.0,-99.8,-99.8,-99.8,-99.8,-99.8,-99.8,-99.8
2023-01-27 01:00:00,1012.3,17.3,84.0,0.6,347.0,1.1,342.0,0.0,-99.8,-99.8,-99.8,-99.8,-99.8,-99.8,-99.8
2023-01-27 02:00:00,1011.7,17.1,83.0,0.3,360.0,1.2,8.0,0.0,-99.8,-99.8,-99.8,-99.8,-99.8,-99.8,-99.8
2023-01-27 03:00:00,1011.6,16.9,83.0,0.6,360.0,2.1,1.0,0.0,-99.8,-99.8,-99.8,-99.8,-99.8,-99.8,-99.8
2023-01-27 04:00:00,1011.4,16.4,82.0,0.8,5.0,2.1,5.0,0.0,-99.8,-99.8,-99.8,-99.8,-99.8,-99.8,-99.8
2023-01-27 05:00:00,1011.8,16.0,84.0,0.6,353.0,1.8,16.0,0.0,-99.8,-99.8,-99.8,-99.8,-99.8,-99.8,-99.8
2023-01-27 06:00:00,1012.5,16.0,84.0,0.6,1.0,1.4,12.0,0.0,-99.8,-99.8,-99.8,-99.8,-99.8,-99.8,-99.8
2023-01-27 07:00:00,1013.4,16.3,82.0,0.6,341.0,1.8,11.0,0.0,-99.8,-99.8,-99.8,-99.8,-99.8,-99.8,-99.8
2023-01-27 08:00:00,1013.8,17.8,69.0,1.2,242.0,3.4,240.0,0.0,-99.8,-99.8,-99.8,-99.8,-99.8,-99.8,-99.8
2023-01-27 09:00:00,1014.1,16.7,74.0,1.5,305.0,6.4,296.0,0.0,-99.8,-99.8,-99.8,-99.8,-99.8,-99.8,-99.8
2023-01-27 10:00:00,1014.0,16.8,71.0,3.0,240.0,6.8,237.0,0.0,-99.8,-99.8,-99.8,-99.8,-99.8,-99.8,-99.8
2023-01-27 11:00:00,1012.9,17.1,67.0,4.0,234.0,10.9,229.0,0.0,-99.8,-99.8,-99.8,-99.8,-99.8,-99.8,-99.8
2023-01-27 12:00:00,1012.1,16.1,69.0,1.8,250.0,10.3,240.0,0.0,-99.8,-99.8,-99.8,-99.8,-99.8,-99.8,-99.8
2023-01-27 13:00:00,1011.5,15.5,69.0,1.0,307.0,6.2,213.0,0.0,-99.8,-99.8,-99.8,-99.8,-99.8,-99.8,-99.8
2023-01-27 14:00:00,1011.2,15.0,72.0,2.2,246.0,5.1,228.0,0.0,-99.8,-99.8,-99.8,-99.8,-99.8,-99.8,-99.8
2023-01-27 15:00:00,1011.5,14.5,70.0,1.6,273.0,3.9,239.0,0.0,-99.8,-99.8,-99.8,-99.8,-99.8,-99.8,-99.8
2023-01-27 16:00:00,1012.0,14.2,66.0,1.2,277.0,5.9,48.0,0.0,-99.8,-99.8,-99.8,-99.8,-99.8,-99.8,-99.8
2023-01-27 17:00:00,1013.4,13.3,69.0,1.7,272.0,8.1,259.0,0.0,-99.8,-99.8,-99.8,-99.8,-99.8,-99.8,-99.8
2023-01-27 18:00:00,1014.2,12.7,65.0,2.1,227.0,8.1,247.0,0.0,-99.8,-99.8,-99.8,-99.8,-99.8,-99.8,-99.8
2023-01-27 19:00:00,1015.8,12.5,65.0,1.6,299.0,8.0,232.0,0.0,-99.8,-99.8,-99.8,-99.8,-99.8,-99.8,-99.8
2023-01-27 20:00:00,1016.5,12.2,63.0,1.7,266.0,5.4,234.0,0.0,-99.8,-99.8,-99.8,-99.8,-99.8,-99.8,-99.8
2023-01-27 21:00:00,1017.0,12.1,64.0,0.6,271.0,7.5,265.0,0.0,-99.8,-99.8,-99.8,-99.8,-99.8,-99.8,-99.8
2023-01-27 22:00:00,1017.4,11.3,81.0,0.3,56.0,4.1,131.0,0.0,-99.8,-99.8,-99.8,-99.8,-99.8,-99.8,-99.8
2023-01-27 23:00:00,1017.2,10.8,73.0,0.5,313.0,3.0,240.0,0.0,-99.8,-99.8,-99.8,-99.8,-99.8,-99.8,-99.8
2023-01-28 00:00:00,1016.8,11.4,59.0,1.0,4.0,3.2,42.0,0.0,-99.8,-99.8,-99.8,-99.8,-99.8,-99.8,-99.8
2023-01-28 01:00:00,1016.5,11.7,63.0,0.4,250.0,5.5,45.0,0.0,-99.8,-99.8,-99.8,-99.8,-99.8,-99.8,-99.8
2023-01-28 02:00:00,1016.1,11.8,55.0,1.5,311.0,6.8,236.0,0.0,-99.8,-99.8,-99.8,-99.8,-99.8,-99.8,-99.8
2023-01-28 03:00:00,1015.9,11.4,56.0,1.7,283.0,5.6,300.0,0.0,-99.8,-99.8,-99.8,-99.8,-99.8,-99.8,-99.8
2023-01-28 04:00:00,1015.8,11.2,55.0,1.0,286.0,5.1,280.0,0.0,-99.8,-99.8,-99.8,-99.8,-99.8,-99.8,-99.8
2023-01-28 05:00:00,1016.4,11.3,54.0,1.4,341.0,5.1,21.0,0.0,-99.8,-99.8,-99.8,-99.8,-99.8,-99.8,-99.8
2023-01-28 06:00:00,1016.6,11.4,61.0,0.6,208.0,2.5,237.0,0.0,-99.8,-99.8,-99.8,-99.8,-99.8,-99.8,-99.8
2023-01-28 07:00:00,1017.2,11.5,61.0,0.5,302.0,3.4,280.0,0.0,-99.8,-99.8,-99.8,-99.8,-99.8,-99.8,-99.8
2023-01-28 08:00:00,1017.9,11.8,59.0,0.5,7.0,1.7,53.0,0.0,-99.8,-99.8,-99.8,-99.8,-99.8,-99.8,-99.8
2023-01-28 09:00:00,1018.3,12.0,59.0,1.4,289.0,3.8,29.0,0.0,-99.8,-99.8,-99.8,-99.8,-99.8,-99.8,-99.8
2023-01-28 10:00:00,1018.4,12.4,58.0,0.8,318.0,2.8,310.0,0.0,-99.8,-99.8,-99.8,-99.8,-99.8,-99.8,-99.8
2023-01-28 11:00:00,1017.5,12.4,60.0,1.4,287.0,5.4,273.0,0.0,-99.8,-99.8,-99.8,-99.8,-99.8,-99.8,-99.8
2023-01-28 12:00:00,1016.4,12.3,59.0,2.1,254.0,6.3,229.0,0.0,-99.8,-99.8,-99.8,-99.8,-99.8,-99.8,-99.8
2023-01-28 13:00:00,1015.4,12.3,59.0,2.6,253.0,4.7,246.0,0.0,-99.8,-99.8,-99.8,-99.8,-99.8,-99.8,-99.8
2023-01-28 14:00:00,1015.2,12.2,60.0,1.6,243.0,4.9,237.0,0.0,-99.8,-99.8,-99.8,-99.8,-99.8,-99.8,-99.8
2023-01-28 15:00:00,1015.1,12.0,58.0,1.0,330.0,4.2,258.0,0.0,-99.8,-99.8,-99.8,-99.8,-99.8,-99.8,-99.8
2023-01-28 16:00:00,1015.5,12.0,66.0,0.4,350.0,3.6,263.0,0.0,-99.8,-99.8,-99.8,-99.8,-99.8,-99.8,-99.8
2023-01-28 17:00:00,1016.1,12.0,67.0,0.2,0.0,1.7,295.0,0.0,-99.8,-99.8,-99.8,-99.8,-99.8,-99.8,-99.8
2023-01-28 18:00:00,1016.8,11.9,67.0,0.4,334.0,3.7,223.0,0.0,-99.8,-99.8,-99.8,-99.8,-99.8,-99.8,-99.8
2023-01-28 19:00:00,1017.9,11.7,72.0,0.2,0.0,2.2,275.0,0.0,-99.8,-99.8,-99.8,-99.8,-99.8,-99.8,-99.8
2023-01-28 20:00:00,1018.1,11.6,75.0,0.2,0.0,1.0,304.0,0.0,-99.8,-99.8,-99.8,-99.8,-99.8,-99.8,-99.8
2023-01-28 21:00:00,1018.0,11.8,74.0,0.5,320.0,1.1,244.0,0.0,-99.8,-99.8,-99.8,-99.8,-99.8,-99.8,-99.8
2023-01-28 22:00:00,1018.1,11.8,75.0,0.6,317.0,1.2,300.0,0.0,-99.8,-99.8,-99.8,-99.8,-99.8,-99.8,-99.8
2023-01-28 23:00:00,1017.7,11.9,76.0,0.3,318.0,1.0,299.0,0.0,-99.8,-99.8,-99.8,-99.8,-99.8,-99.8,-99.8
2023-01-29 00:00:00,1017.3,12.1,66.0,0.8,306.0,1.3,298.0,0.0,-99.8,-99.8,-99.8,-99.8,-99.8,-99.8,-99.8
2023-01-29 01:00:00,1017.0,12.0,72.0,0.4,328.0,1.3,46.0,0.0,-99.8,-99.8,-99.8,-99.8,-99.8,-99.8,-99.8
2023-01-29 02:00:00,1016.6,12.3,73.0,0.4,329.0,1.5,308.0,0.0,-99.8,-99.8,-99.8,-99.8,-99.8,-99.8,-99.8
2023-01-29 03:00:00,1016.2,12.0,74.0,0.3,346.0,1.0,21.0,0.0,-99.8,-99.8,-99.8,-99.8,-99.8,-99.8,-99.8
2023-01-29 04:00:00,1016.2,12.2,74.0,0.5,345.0,1.1,23.0,0.0,-99.8,-99.8,-99.8,-99.8,-99.8,-99.8,-99.8
2023-01-29 05:00:00,1016.4,12.1,76.0,0.3,352.0,1.2,28.0,0.0,-99.8,-99.8,-99.8,-99.8,-99.8,-99.8,-99.8
2023-01-29 06:00:00,1016.7,12.3,76.0,0.4,357.0,1.0,4.0,0.0,-99.8,-99.8,-99.8,-99.8,-99.8,-99.8,-99.8
2023-01-29 07:00:00,1017.1,12.5,75.0,0.5,359.0,1.4,360.0,0.0,-99.8,-99.8,-99.8,-99.8,-99.8,-99.8,-99.8
2023-01-29 08:00:00,1017.6,12.9,72.0,0.4,353.0,1.3,6.0,0.0,-99.8,-99.8,-99.8,-99.8,-99.8,-99.8,-99.8
2023-01-29 09:00:00,1018.2,14.2,64.0,0.1,0.0,0.8,348.0,0.0,-99.8,-99.8,-99.8,-99.8,-99.8,-99.8,-99.8
2023-01-29 10:00:00,1018.2,15.0,60.0,0.3,320.0,1.6,335.0,0.0,-99.8,-99.8,-99.8,-99.8,-99.8,-99.8,-99.8
2023-01-29 11:00:00,1017.3,15.9,63.0,0.5,201.0,1.8,210.0,0.0,-99.8,-99.8,-99.8,-99.8,-99.8,-99.8,-99.8
2023-01-29 12:00:00,1016.0,15.9,59.0,3.2,207.0,5.8,222.0,0.0,-99.8,-99.8,-99.8,-99.8,-99.8,-99.8,-99.8
2023-01-29 13:00:00,1014.6,15.5,62.0,3.1,222.0,6.0,220.0,0.0,-99.8,-99.8,-99.8,-99.8,-99.8,-99.8,-99.8
2023-01-29 14:00:00,1014.4,15.3,68.0,0.3,36.0,4.3,233.0,0.0,-99.8,-99.8,-99.8,-99.8,-99.8,-99.8,-99.8
2023-01-29 15:00:00,1014.3,15.3,67.0,0.1,0.0,1.0,304.0,0.0,-99.8,-99.8,-99.8,-99.8,-99.8,-99.8,-99.8
2023-01-29 16:00:00,1014.6,15.1,73.0,0.4,14.0,0.9,26.0,0.0,-99.8,-99.8,-99.8,-99.8,-99.8,-99.8,-99.8
2023-01-29 17:00:00,1015.1,14.6,75.0,0.4,359.0,1.1,352.0,0.0,-99.8,-99.8,-99.8,-99.8,-99.8,-99.8,-99.8
2023-01-29 18:00:00,1015.7,14.4,75.0,0.6,3.0,1.7,27.0,0.0,-99.8,-99.8,-99.8,-99.8,-99.8,-99.8,-99.8
2023-01-29 19:00:00,1016.2,14.4,74.0,0.7,12.0,1.9,359.0,0.0,-99.8,-99.8,-99.8,-99.8,-99.8,-99.8,-99.8
2023-01-29 20:00:00,1017.0,14.6,74.0,0.8,14.0,2.1,12.0,0.0,-99.8,-99.8,-99.8,-99.8,-99.8,-99.8,-99.8
2023-01-29 21:00:00,1017.5,14.7,73.0,0.8,17.0,1.7,26.0,0.0,-99.8,-99.8,-99.8,-99.8,-99.8,-99.8,-99.8
2023-01-29 22:00:00,1017.7,14.6,75.0,0.7,2.0,1.3,6.0,0.0,-99.8,-99.8,-99.8,-99.8,-99.8,-99.8,-99.8
2023-01-29 23:00:00,1017.5,14.5,75.0,0.5,346.0,1.2,315.0,0.0,-99.8,-99.8,-99.8,-99.8,-99.8,-99.8,-99.8
2023-01-30 00:00:00,1017.4,14.6,77.0,0.5,354.0,1.3,352.0,0.0,-99.8,-99.8,-99.8,-99.8,-99.8,-99.8,-99.8
2023-01-30 01:00:00,1017.0,14.5,78.0,0.5,4.0,1.8,26.0,0.0,-99.8,-99.8,-99.8,-99.8,-99.8,-99.8,-99.8
2023-01-30 02:00:00,1016.4,14.2,78.0,0.4,352.0,1.1,330.0,0.0,-99.8,-99.8,-99.8,-99.8,-99.8,-99.8,-99.8
2023-01-30 03:00:00,1016.3,13.8,80.0,0.6,329.0,1.1,308.0,0.0,-99.8,-99.8,-99.8,-99.8,-99.8,-99.8,-99.8
2023-01-30 04:00:00,1016.3,13.3,81.0,0.6,9.0,1.4,328.0,0.0,-99.8,-99.8,-99.8,-99.8,-99.8,-99.8,-99.8
2023-01-30 05:00:00,1016.8,12.9,83.0,0.5,356.0,1.6,22.0,0.0,-99.8,-99.8,-99.8,-99.8,-99.8,-99.8,-99.8
2023-01-30 06:00:00,1017.6,12.6,83.0,0.7,356.0,1.6,357.0,0.0,-99.8,-99.8,-99.8,-99.8,-99.8,-99.8,-99.8
2023-01-30 07:00:00,1018.0,12.7,83.0,0.6,1.0,2.0,26.0,0.0,-99.8,-99.8,-99.8,-99.8,-99.8,-99.8,-99.8
2023-01-30 08:00:00,1018.7,16.2,59.0,2.1,227.0,4.9,224.0,0.0,-99.8,-99.8,-99.8,-99.8,-99.8,-99.8,-99.8
2023-01-30 09:00:00,1019.1,17.6,53.0,4.8,225.0,8.5,224.0,0.0,-99.8,-99.8,-99.8,-99.8,-99.8,-99.8,-99.8
2023-01-30 10:00:00,1019.1,16.7,56.0,6.3,221.0,9.6,227.0,0.0,-99.8,-99.8,-99.8,-99.8,-99.8,-99.8,-99.8
2023-01-30 11:00:00,1018.7,17.2,53.0,4.7,208.0,11.2,207.0,0.0,-99.8,-99.8,-99.8,-99.8,-99.8,-99.8,-99.8
2023-01-30 12:00:00,1017.5,17.7,55.0,4.2,213.0,9.8,199.0,0.0,-99.8,-99.8,-99.8,-99.8,-99.8,-99.8,-99.8
2023-01-30 13:00:00,1016.3,16.5,59.0,2.4,207.0,8.9,229.0,0.0,-99.8,-99.8,-99.8,-99.8,-99.8,-99.8,-99.8
2023-01-30 14:00:00,1015.3,16.3,64.0,4.2,215.0,7.5,213.0,0.0,-99.8,-99.8,-99.8,-99.8,-99.8,-99.8,-99.8
2023-01-30 15:00:00,1015.1,16.5,65.0,0.8,247.0,7.3,196.0,0.0,-99.8,-99.8,-99.8,-99.8,-99.8,-99.8,-99.8
2023-01-30 16:00:00,1015.3,16.4,64.0,0.7,252.0,7.4,219.0,0.0,-99.8,-99.8,-99.8,-99.8,-99.8,-99.8,-99.8
2023-01-30 17:00:00,1015.7,16.2,68.0,0.2,0.0,2.6,293.0,0.0,-99.8,-99.8,-99.8,-99.8,-99.8,-99.8,-99.8
2023-01-30 18:00:00,1015.9,15.3,73.0,0.3,356.0,1.0,303.0,0.0,-99.8,-99.8,-99.8,-99.8,-99.8,-99.8,-99.8
2023-01-30 19:00:00,1016.6,15.2,74.0,0.4,9.0,1.1,26.0,0.0,-99.8,-99.8,-99.8,-99.8,-99.8,-99.8,-99.8
2023-01-30 20:00:00,1017.2,15.3,68.0,0.4,338.0,1.1,23.0,0.0,-99.8,-99.8,-99.8,-99.8,-99.8,-99.8,-99.8
2023-01-30 21:00:00,1016.6,15.3,71.0,0.5,9.0,1.3,13.0,0.0,-99.8,-99.8,-99.8,-99.8,-99.8,-99.8,-99.8
2023-01-30 22:00:00,1016.4,15.4,72.0,0.7,16.0,1.6,21.0,0.0,-99.8,-99.8,-99.8,-99.8,-99.8,-99.8,-99.8
2023-01-30 23:00:00,1016.0,15.2,72.0,0.8,13.0,1.5,1.0,0.0,-99.8,-99.8,-99.8,-99.8,-99.8,-99.8,-99.8
2023-01-31 00:00:00,1015.7,15.3,73.0,0.8,12.0,2.1,2.0,0.0,-99.8,-99.8,-99.8,-99.8,-99.8,-99.8,-99.8
2023-01-31 01:00:00,1015.7,15.0,73.0,0.9,8.0,2.1,11.0,0.0,-99.8,-99.8,-99.8,-99.8,-99.8,-99.8,-99.8
2023-01-31 02:00:00,1015.0,14.9,69.0,1.3,12.0,2.7,2.0,0.0,-99.8,-99.8,-99.8,-99.8,-99.8,-99.8,-99.8
2023-01-31 03:00:00,1014.6,14.8,72.0,0.8,9.0,2.6,17.0,0.0,-99.8,-99.8,-99.8,-99.8,-99.8,-99.8,-99.8
2023-01-31 04:00:00,1014.1,14.8,72.0,0.8,6.0,2.4,19.0,0.0,-99.8,-99.8,-99.8,-99.8,-99.8,-99.8,-99.8
2023-01-31 05:00:00,1014.2,14.4,73.0,1.2,9.0,2.9,24.0,0.0,-99.8,-99.8,-99.8,-99.8,-99.8,-99.8,-99.8
2023-01-31 06:00:00,1014.8,14.2,73.0,1.0,6.0,2.8,10.0,0.0,-99.8,-99.8,-99.8,-99.8,-99.8,-99.8,-99.8
2023-01-31 07:00:00,1014.8,14.5,72.0,1.4,14.0,2.6,360.0,0.0,-99.8,-99.8,-99.8,-99.8,-99.8,-99.8,-99.8
2023-01-31 08:00:00,1015.0,18.9,60.0,0.3,185.0,3.1,15.0,0.0,-99.8,-99.8,-99.8,-99.8,-99.8,-99.8,-99.8
2023-01-31 09:00:00,1015.0,21.3,51.0,2.2,199.0,5.0,208.0,0.0,-99.8,-99.8,-99.8,-99.8,-99.8,-99.8,-99.8
2023-01-31 10:00:00,1015.0,21.2,55.0,2.5,198.0,5.9,197.0,0.0,-99.8,-99.8,-99.8,-99.8,-99.8,-99.8,-99.8
2023-01-31 11:00:00,1014.0,21.9,53.0,3.0,196.0,6.5,206.0,0.0,-99.8,-99.8,-99.8,-99.8,-99.8,-99.8,-99.8
2023-01-31 12:00:00,1012.8,22.4,51.0,2.6,197.0,6.3,201.0,0.0,-99.8,-99.8,-99.8,-99.8,-99.8,-99.8,-99.8
2023-01-31 13:00:00,1011.8,22.5,56.0,3.1,197.0,7.1,212.0,0.0,-99.8,-99.8,-99.8,-99.8,-99.8,-99.8,-99.8
2023-01-31 14:00:00,1010.7,20.2,65.0,2.8,200.0,7.0,203.0,0.0,-99.8,-99.8,-99.8,-99.8,-99.8,-99.8,-99.8
2023-01-31 15:00:00,1009.9,20.0,70.0,2.9,201.0,7.4,210.0,0.0,-99.8,-99.8,-99.8,-99.8,-99.8,-99.8,-99.8
2023-01-31 16:00:00,1010.0,19.9,68.0,2.5,195.0,8.2,204.0,0.0,-99.8,-99.8,-99.8,-99.8,-99.8,-99.8,-99.8
2023-01-31 17:00:00,1010.1,19.8,68.0,0.9,60.0,6.0,166.0,0.0,-99.8,-99.8,-99.8,-99.8,-99.8,-99.8,-99.8
2023-01-31 18:00:00,1010.7,19.1,69.0,0.6,2.0,4.5,332.0,0.0,-99.8,-99.8,-99.8,-99.8,-99.8,-99.8,-99.8
2023-01-31 19:00:00,1011.1,17.8,74.0,1.4,8.0,3.1,16.0,0.0,-99.8,-99.8,-99.8,-99.8,-99.8,-99.8,-99.8
2023-01-31 20:00:00,1011.4,18.0,72.0,1.5,9.0,4.4,21.0,0.0,-99.8,-99.8,-99.8,-99.8,-99.8,-99.8,-99.8
2023-01-31 21:00:00,1011.4,18.3,73.0,1.1,351.0,4.8,26.0,0.0,-99.8,-99.8,-99.8,-99.8,-99.8,-99.8,-99.8
2023-01-31 22:00:00,1011.2,18.7,72.0,0.9,321.0,5.9,36.0,0.0,-99.8,-99.8,-99.8,-99.8,-99.8,-99.8,-99.8
2023-01-31 23:00:00,1011.0,18.4,70.0,0.9,317.0,4.8,19.0,0.0,-99.8,-99.8,-99.8,-99.8,-99.8,-99.8,-99.8
2023-02-01 00:00:00,1010.7,18.2,69.0,1.1,2.0,4.5,42.0,0.0,-99.8,-99.8,-99.8,-99.8,-99.8,-99.8,-99.8
2023-02-01 01:00:00,1010.4,18.7,64.0,0.9,339.0,4.6,298.0,0.0,-99.8,-99.8,-99.8,-99.8,-99.8,-99.8,-99.8
2023-02-01 02:00:00,1009.8,18.7,60.0,1.1,348.0,4.6,20.0,0.0,-99.8,-99.8,-99.8,-99.8,-99.8,-99.8,-99.8
2023-02-01 03:00:00,1009.5,18.7,62.0,1.0,352.0,5.3,23.0,0.0,-99.8,-99.8,-99.8,-99.8,-99.8,-99.8,-99.8
2023-02-01 04:00:00,1009.5,19.0,57.0,0.9,333.0,5.1,27.0,0.0,-99.8,-99.8,-99.8,-99.8,-99.8,-99.8,-99.8
2023-02-01 05:00:00,1010.0,18.1,62.0,1.4,10.0,4.5,35.0,0.0,-99.8,-99.8,-99.8,-99.8,-99.8,-99.8,-99.8
2023-02-01 06:00:00,1010.5,17.8,64.0,1.3,14.0,3.0,352.0,0.0,-99.8,-99.8,-99.8,-99.8,-99.8,-99.8,-99.8
2023-02-01 07:00:00,1011.0,18.7,62.0,1.5,11.0,3.6,359.0,0.0,-99.8,-99.8,-99.8,-99.8,-99.8,-99.8,-99.8
2023-02-01 08:00:00,1011.5,21.4,57.0,0.6,12.0,3.7,29.0,0.0,-99.8,-99.8,-99.8,-99.8,-99.8,-99.8,-99.8
2023-02-01 09:00:00,1011.8,25.0,50.0,0.5,101.0,2.5,242.0,0.0,-99.8,-99.8,-99.8,-99.8,-99.8,-99.8,-99.8
2023-02-01 10:00:00,1012.2,25.2,50.0,0.6,192.0,2.7,146.0,0.0,-99.8,-99.8,-99.8,-99.8,-99.8,-99.8,-99.8
2023-02-01 11:00:00,1011.7,25.1,56.0,2.6,214.0,4.4,215.0,0.0,-99.8,-99.8,-99.8,-99.8,-99.8,-99.8,-99.8
2023-02-01 12:00:00,1010.8,26.6,45.0,1.8,197.0,3.7,219.0,0.0,-99.8,-99.8,-99.8,-99.8,-99.8,-99.8,-99.8
2023-02-01 13:00:00,1009.8,25.1,55.0,1.9,198.0,3.5,213.0,0.0,-99.8,-99.8,-99.8,-99.8,-99.8,-99.8,-99.8
2023-02-01 14:00:00,1009.0,26.9,51.0,1.8,195.0,3.6,209.0,0.0,-99.8,-99.8,-99.8,-99.8,-99.8,-99.8,-99.8
2023-02-01 15:00:00,1008.8,25.6,56.0,1.6,199.0,3.3,203.0,0.0,-99.8,-99.8,-99.8,-99.8,-99.8,-99.8,-99.8
2023-02-01 16:00:00,1009.1,21.8,71.0,0.2,0.0,3.1,227.0,0.0,-99.8,-99.8,-99.8,-99.8,-99.8,-99.8,-99.8
2023-02-01 17:00:00,1009.4,20.7,76.0,0.7,9.0,1.8,16.0,0.0,-99.8,-99.8,-99.8,-99.8,-99.8,-99.8,-99.8
2023-02-01 18:00:00,1009.8,19.9,78.0,1.5,23.0,2.7,29.0,0.0,-99.8,-99.8,-99.8,-99.8,-99.8,-99.8,-99.8
2023-02-01 19:00:00,1010.1,20.4,76.0,0.5,2.0,2.6,1.0,0.0,-99.8,-99.8,-99.8,-99.8,-99.8,-99.8,-99.8
2023-02-01 20:00:00,1010.7,20.3,74.0,0.8,9.0,1.9,354.0,0.0,-99.8,-99.8,-99.8,-99.8,-99.8,-99.8,-99.8
2023-02-01 21:00:00,1010.9,20.2,76.0,0.8,6.0,2.1,19.0,0.0,-99.8,-99.8,-99.8,-99.8,-99.8,-99.8,-99.8
2023-02-01 22:00:00,1011.1,20.1,75.0,0.8,14.0,1.8,20.0,0.0,-99.8,-99.8,-99.8,-99.8,-99.8,-99.8,-99.8
2023-02-01 23:00:00,1011.2,20.1,77.0,0.8,10.0,2.0,15.0,0.0,-99.8,-99.8,-99.8,-99.8,-99.8,-99.8,-99.8
2023-02-02 00:00:00,1010.8,19.9,78.0,0.6,2.0,1.6,7.0,0.0,-99.8,-99.8,-99.8,-99.8,-99.8,-99.8,-99.8
2023-02-02 01:00:00,1010.8,19.9,75.0,0.8,13.0,1.8,360.0,0.0,-99.8,-99.8,-99.8,-99.8,-99.8,-99.8,-99.8
2023-02-02 02:00:00,1010.8,20.0,75.0,0.8,4.0,2.1,16.0,0.0,-99.8,-99.8,-99.8,-99.8,-99.8,-99.8,-99.8
2023-02-02 03:00:00,1010.9,19.8,75.0,0.8,9.0,1.9,23.0,0.0,-99.8,-99.8,-99.8,-99.8,-99.8,-99.8,-99.8
2023-02-02 04:00:00,1010.7,19.0,75.0,0.8,8.0,1.7,326.0,0.0,-99.8,-99.8,-99.8,-99.8,-99.8,-99.8,-99.8
2023-02-02 05:00:00,1011.3,19.0,78.0,0.8,6.0,2.0,5.0,0.0,-99.8,-99.8,-99.8,-99.8,-99.8,-99.8,-99.8
2023-02-02 06:00:00,1012.4,19.0,78.0,0.7,360.0,1.7,14.0,0.0,-99.8,-99.8,-99.8,-99.8,-99.8,-99.8,-99.8
2023-02-02 07:00:00,1013.2,19.1,78.0,0.5,353.0,1.9,350.0,0.0,-99.8,-99.8,-99.8,-99.8,-99.8,-99.8,-99.8
2023-02-02 08:00:00,1014.0,19.5,79.0,0.4,7.0,1.3,333.0,0.0,-99.8,-99.8,-99.8,-99.8,-99.8,-99.8,-99.8
2023-02-02 09:00:00,1014.3,20.6,71.0,0.5,286.0,1.6,307.0,0.0,-99.8,-99.8,-99.8,-99.8,-99.8,-99.8,-99.8
2023-02-02 10:00:00,1014.5,22.0,66.0,0.5,154.0,2.0,135.0,0.0,-99.8,-99.8,-99.8,-99.8,-99.8,-99.8,-99.8
2023-02-02 11:00:00,1013.9,21.5,72.0,1.1,228.0,4.3,227.0,0.0,-99.8,-99.8,-99.8,-99.8,-99.8,-99.8,-99.8
2023-02-02 12:00:00,1013.2,21.3,75.0,1.7,243.0,5.0,212.0,0.0,-99.8,-99.8,-99.8,-99.8,-99.8,-99.8,-99.8
2023-02-02 13:00:00,1012.0,21.1,75.0,1.8,275.0,4.7,221.0,0.0,-99.8,-99.8,-99.8,-99.8,-99.8,-99.8,-99.8
2023-02-02 14:00:00,1011.6,20.7,77.0,1.6,260.0,5.4,290.0,0.0,-99.8,-99.8,-99.8,-99.8,-99.8,-99.8,-99.8
2023-02-02 15:00:00,1011.4,19.9,78.0,2.0,285.0,7.3,291.0,0.0,-99.8,-99.8,-99.8,-99.8,-99.8,-99.8,-99.8
2023-02-02 16:00:00,1012.0,19.5,79.0,1.5,291.0,7.0,234.0,0.0,-99.8,-99.8,-99.8,-99.8,-99.8,-99.8,-99.8
2023-02-02 17:00:00,1012.7,19.0,79.0,1.3,228.0,5.5,295.0,0.0,-99.8,-99.8,-99.8,-99.8,-99.8,-99.8,-99.8
2023-02-02 18:00:00,1013.0,18.7,79.0,1.0,246.0,3.9,234.0,0.0,-99.8,-99.8,-99.8,-99.8,-99.8,-99.8,-99.8
2023-02-02 19:00:00,1013.5,18.5,83.0,0.1,0.0,2.3,243.0,0.0,-99.8,-99.8,-99.8,-99.8,-99.8,-99.8,-99.8
2023-02-02 20:00:00,1013.9,18.5,83.0,0.4,254.0,1.3,241.0,0.0,-99.8,-99.8,-99.8,-99.8,-99.8,-99.8,-99.8
2023-02-02 21:00:00,1014.0,18.5,85.0,0.2,0.0,1.0,309.0,0.0,-99.8,-99.8,-99.8,-99.8,-99.8,-99.8,-99.8
2023-02-02 22:00:00,1014.0,18.6,82.0,0.4,325.0,1.2,1.0,0.0,-99.8,-99.8,-99.8,-99.8,-99.8,-99.8,-99.8
2023-02-02 23:00:00,1013.8,18.4,82.0,0.4,358.0,1.3,300.0,0.0,-99.8,-99.8,-99.8,-99.8,-99.8,-99.8,-99.8
2023-02-03 00:00:00,1013.5,18.0,87.0,0.3,323.0,1.3,250.0,0.0,-99.8,-99.8,-99.8,-99.8,-99.8,-99.8,-99.8
2023-02-03 01:00:00,1013.2,17.9,87.0,0.2,0.0,0.8,318.0,0.0,-99.8,-99.8,-99.8,-99.8,-99.8,-99.8,-99.8
2023-02-03 02:00:00,1012.7,17.9,88.0,0.0,0.0,0.8,259.0,0.0,-99.8,-99.8,-99.8,-99.8,-99.8,-99.8,-99.8
2023-02-03 03:00:00,1012.5,17.6,91.0,0.5,326.0,1.0,289.0,0.0,-99.8,-99.8,-99.8,-99.8,-99.8,-99.8,-99.8
2023-02-03 04:00:00,1012.2,17.6,91.0,0.4,312.0,0.9,326.0,0.0,-99.8,-99.8,-99.8,-99.8,-99.8,-99.8,-99.8
2023-02-03 05:00:00,1012.5,17.8,91.0,0.1,0.0,0.9,297.0,0.0,-99.8,-99.8,-99.8,-99.8,-99.8,-99.8,-99.8
2023-02-03 06:00:00,1013.2,17.9,91.0,0.3,2.0,1.0,312.0,0.0,-99.8,-99.8,-99.8,-99.8,-99.8,-99.8,-99.8
2023-02-03 07:00:00,1013.7,18.0,89.0,0.3,344.0,1.1,1.0,0.0,-99.8,-99.8,-99.8,-99.8,-99.8,-99.8,-99.8
2023-02-03 08:00:00,1014.2,19.5,80.0,0.1,0.0,1.1,12.0,0.0,-99.8,-99.8,-99.8,-99.8,-99.8,-99.8,-99.8
2023-02-03 09:00:00,1014.8,20.2,74.0,0.6,213.0,1.9,177.0,0.0,-99.8,-99.8,-99.8,-99.8,-99.8,-99.8,-99.8
2023-02-03 10:00:00,1014.4,20.6,73.0,3.1,211.0,5.7,201.0,0.0,-99.8,-99.8,-99.8,-99.8,-99.8,-99.8,-99.8
2023-02-03 11:00:00,1013.6,20.3,77.0,2.7,235.0,7.1,216.0,0.0,-99.8,-99.8,-99.8,-99.8,-99.8,-99.8,-99.8
2023-02-03 12:00:00,1013.0,20.8,77.0,3.2,232.0,6.5,240.0,0.0,-99.8,-99.8,-99.8,-99.8,-99.8,-99.8,-99.8
2023-02-03 13:00:00,1011.9,20.4,77.0,2.5,250.0,8.8,213.0,0.0,-99.8,-99.8,-99.8,-99.8,-99.8,-99.8,-99.8
2023-02-03 14:00:00,1011.4,21.0,75.0,0.7,26.0,5.8,228.0,0.0,-99.8,-99.8,-99.8,-99.8,-99.8,-99.8,-99.8
2023-02-03 15:00:00,1011.1,20.5,76.0,1.8,267.0,5.9,212.0,0.0,-99.8,-99.8,-99.8,-99.8,-99.8,-99.8,-99.8
2023-02-03 16:00:00,1011.4,19.9,79.0,1.4,291.0,4.9,258.0,0.0,-99.8,-99.8,-99.8,-99.8,-99.8,-99.8,-99.8
2023-02-03 17:00:00,1011.6,19.7,79.0,0.6,282.0,3.6,294.0,0.0,-99.8,-99.8,-99.8,-99.8,-99.8,-99.8,-99.8
2023-02-03 18:00:00,1011.6,19.3,82.0,0.2,0.0,2.6,296.0,0.0,-99.8,-99.8,-99.8,-99.8,-99.8,-99.8,-99.8
2023-02-03 19:00:00,1012.2,19.2,81.0,0.1,0.0,3.2,254.0,0.0,-99.8,-99.8,-99.8,-99.8,-99.8,-99.8,-99.8
2023-02-03 20:00:00,1012.7,19.0,83.0,0.5,310.0,1.2,254.0,0.0,-99.8,-99.8,-99.8,-99.8,-99.8,-99.8,-99.8
2023-02-03 21:00:00,1012.8,19.2,82.0,0.5,266.0,2.7,6.0,0.0,-99.8,-99.8,-99.8,-99.8,-99.8,-99.8,-99.8
2023-02-03 22:00:00,1013.5,18.4,90.0,0.4,291.0,2.3,236.0,0.0,-99.8,-99.8,-99.8,-99.8,-99.8,-99.8,-99.8
2023-02-03 23:00:00,1013.3,17.9,95.0,0.0,0.0,2.4,222.0,0.0,-99.8,-99.8,-99.8,-99.8,-99.8,-99.8,-99.8
2023-02-04 00:00:00,1013.1,17.6,97.0,0.0,0.0,0.7,257.0,0.0,-99.8,-99.8,-99.8,-99.8,-99.8,-99.8,-99.8
2023-02-04 01:00:00,1013.2,17.6,98.0,0.6,17.0,1.2,301.0,0.0,-99.8,-99.8,-99.8,-99.8,-99.8,-99.8,-99.8
2023-02-04 02:00:00,1012.6,17.4,98.0,0.1,0.0,1.1,12.0,0.0,-99.8,-99.8,-99.8,-99.8,-99.8,-99.8,-99.8
2023-02-04 03:00:00,1012.3,17.4,98.0,0.5,359.0,1.2,2.0,0.0,-99.8,-99.8,-99.8,-99.8,-99.8,-99.8,-99.8
2023-02-04 04:00:00,1012.0,17.2,98.0,0.6,330.0,1.1,15.0,0.0,-99.8,-99.8,-99.8,-99.8,-99.8,-99.8,-99.8
2023-02-04 05:00:00,1011.8,17.2,98.0,0.4,356.0,1.3,31.0,0.0,-99.8,-99.8,-99.8,-99.8,-99.8,-99.8,-99.8
2023-02-04 06:00:00,1012.3,17.2,98.0,0.2,0.0,1.1,341.0,0.0,-99.8,-99.8,-99.8,-99.8,-99.8,-99.8,-99.8
2023-02-04 07:00:00,1012.7,17.3,98.0,0.5,350.0,1.1,21.0,0.0,-99.8,-99.8,-99.8,-99.8,-99.8,-99.8,-99.8
2023-02-04 08:00:00,1013.2,17.8,97.0,0.3,338.0,1.1,21.0,0.0,-99.8,-99.8,-99.8,-99.8,-99.8,-99.8,-99.8
2023-02-04 09:00:00,1013.6,20.2,84.0,0.5,132.0,1.3,132.0,0.0,-99.8,-99.8,-99.8,-99.8,-99.8,-99.8,-99.8
2023-02-04 10:00:00,1013.5,21.7,74.0,0.5,157.0,1.9,173.0,0.0,-99.8,-99.8,-99.8,-99.8,-99.8,-99.8,-99.8
2023-02-04 11:00:00,1012.9,21.6,79.0,0.9,189.0,2.2,212.0,0.0,-99.8,-99.8,-99.8,-99.8,-99.8,-99.8,-99.8
2023-02-04 12:00:00,1012.0,20.8,83.0,1.6,218.0,4.3,220.0,0.0,-99.8,-99.8,-99.8,-99.8,-99.8,-99.8,-99.8
2023-02-04 13:00:00,1011.2,20.2,83.0,1.8,237.0,3.8,228.0,0.0,-99.8,-99.8,-99.8,-99.8,-99.8,-99.8,-99.8
2023-02-04 14:00:00,1010.7,19.3,93.0,0.4,8.0,1.4,238.0,0.0,-99.8,-99.8,-99.8,-99.8,-99.8,-99.8,-99.8
2023-02-04 15:00:00,1010.5,19.1,94.0,0.8,16.0,1.8,19.0,0.5,-99.8,-99.8,-99.8,-99.8,-99.8,-99.8,-99.8
2023-02-04 16:00:00,1010.6,19.6,94.0,0.3,18.0,1.0,6.0,0.0,-99.8,-99.8,-99.8,-99.8,-99.8,-99.8,-99.8
2023-02-04 17:00:00,1010.8,19.4,95.0,0.2,0.0,1.0,38.0,0.0,-99.8,-99.8,-99.8,-99.8,-99.8,-99.8,-99.8
2023-02-04 18:00:00,1011.3,18.9,96.0,0.5,348.0,1.3,8.0,0.0,-99.8,-99.8,-99.8,-99.8,-99.8,-99.8,-99.8
2023-02-04 19:00:00,1011.7,18.7,97.0,0.6,10.0,1.6,342.0,0.0,-99.8,-99.8,-99.8,-99.8,-99.8,-99.8,-99.8
2023-02-04 20:00:00,1012.2,18.7,96.0,0.5,12.0,1.4,8.0,0.0,-99.8,-99.8,-99.8,-99.8,-99.8,-99.8,-99.8
2023-02-04 21:00:00,1012.4,18.6,96.0,0.7,9.0,1.7,13.0,0.0,-99.8,-99.8,-99.8,-99.8,-99.8,-99.8,-99.8
2023-02-04 22:00:00,1012.4,18.8,95.0,0.7,11.0,2.1,16.0,0.0,-99.8,-99.8,-99.8,-99.8,-99.8,-99.8,-99.8
2023-02-04 23:00:00,1012.1,18.8,94.0,0.6,354.0,1.6,10.0,0.0,-99.8,-99.8,-99.8,-99.8,-99.8,-99.8,-99.8
2023-02-05 00:00:00,1011.6,18.7,95.0,0.4,356.0,1.3,2.0,0.0,-99.8,-99.8,-99.8,-99.8,-99.8,-99.8,-99.8
2023-02-05 01:00:00,1011.1,18.6,96.0,0.1,0.0,1.2,334.0,0.0,-99.8,-99.8,-99.8,-99.8,-99.8,-99.8,-99.8
2023-02-05 02:00:00,1010.5,18.5,98.0,0.1,0.0,1.4,15.0,0.0,-99.8,-99.8,-99.8,-99.8,-99.8,-99.8,-99.8
2023-02-05 03:00:00,1010.1,18.4,97.0,0.5,321.0,1.2,290.0,0.0,-99.8,-99.8,-99.8,-99.8,-99.8,-99.8,-99.8
2023-02-05 04:00:00,1009.6,18.5,97.0,0.5,320.0,1.0,301.0,0.0,-99.8,-99.8,-99.8,-99.8,-99.8,-99.8,-99.8
2023-02-05 05:00:00,1009.4,18.4,97.0,0.5,2.0,1.3,27.0,0.0,-99.8,-99.8,-99.8,-99.8,-99.8,-99.8,-99.8
2023-02-05 06:00:00,1010.0,18.6,97.0,0.6,338.0,1.5,356.0,0.0,-99.8,-99.8,-99.8,-99.8,-99.8,-99.8,-99.8
2023-02-05 07:00:00,1010.4,18.8,95.0,0.6,353.0,1.3,339.0,0.0,-99.8,-99.8,-99.8,-99.8,-99.8,-99.8,-99.8
2023-02-05 08:00:00,1011.0,19.4,95.0,0.5,6.0,1.5,3.0,0.0,-99.8,-99.8,-99.8,-99.8,-99.8,-99.8,-99.8
2023-02-05 09:00:00,1011.6,20.0,93.0,0.2,0.0,1.0,357.0,0.0,-99.8,-99.8,-99.8,-99.8,-99.8,-99.8,-99.8
2023-02-05 10:00:00,1011.6,20.8,87.0,1.2,234.0,2.5,207.0,0.0,-99.8,-99.8,-99.8,-99.8,-99.8,-99.8,-99.8
2023-02-05 11:00:00,1011.0,20.9,90.0,1.8,227.0,3.9,226.0,0.0,-99.8,-99.8,-99.8,-99.8,-99.8,-99.8,-99.8
2023-02-05 12:00:00,1010.0,20.4,92.0,2.6,206.0,4.8,200.0,0.0,-99.8,-99.8,-99.8,-99.8,-99.8,-99.8,-99.8
2023-02-05 13:00:00,1008.8,20.3,97.0,1.4,221.0,4.3,224.0,0.0,-99.8,-99.8,-99.8,-99.8,-99.8,-99.8,-99.8
2023-02-05 14:00:00,1008.2,20.2,97.0,2.0,203.0,4.0,215.0,0.0,-99.8,-99.8,-99.8,-99.8,-99.8,-99.8,-99.8
2023-02-05 15:00:00,1007.7,20.5,97.0,0.2,0.0,2.7,229.0,0.0,-99.8,-99.8,-99.8,-99.8,-99.8,-99.8,-99.8
2023-02-05 16:00:00,1007.7,20.5,97.0,0.8,248.0,2.1,236.0,0.0,-99.8,-99.8,-99.8,-99.8,-99.8,-99.8,-99.8
2023-02-05 17:00:00,1007.9,20.4,97.0,0.3,338.0,1.6,2.0,0.0,-99.8,-99.8,-99.8,-99.8,-99.8,-99.8,-99.8
2023-02-05 18:00:00,1008.1,20.0,98.0,0.4,352.0,0.8,2.0,0.0,-99.8,-99.8,-99.8,-99.8,-99.8,-99.8,-99.8
2023-02-05 19:00:00,1008.7,19.7,99.0,0.5,352.0,1.2,14.0,0.0,-99.8,-99.8,-99.8,-99.8,-99.8,-99.8,-99.8
2023-02-05 20:00:00,1009.1,19.8,99.0,0.5,338.0,1.3,348.0,0.0,-99.8,-99.8,-99.8,-99.8,-99.8,-99.8,-99.8
2023-02-05 21:00:00,1009.0,19.7,99.0,1.3,11.0,2.9,9.0,0.5,-99.8,-99.8,-99.8,-99.8,-99.8,-99.8,-99.8
2023-02-05 22:00:00,1009.3,19.8,98.0,0.7,355.0,2.3,302.0,0.0,-99.8,-99.8,-99.8,-99.8,-99.8,-99.8,-99.8
2023-02-05 23:00:00,1008.6,19.8,98.0,0.7,5.0,3.2,39.0,0.0,-99.8,-99.8,-99.8,-99.8,-99.8,-99.8,-99.8
2023-02-06 00:00:00,1008.3,19.9,97.0,0.8,360.0,2.1,9.0,0.0,-99.8,-99.8,-99.8,-99.8,-99.8,-99.8,-99.8
2023-02-06 01:00:00,1008.2,20.7,90.0,1.3,11.0,5.1,35.0,0.0,-99.8,-99.8,-99.8,-99.8,-99.8,-99.8,-99.8
2023-02-06 02:00:00,1007.5,20.3,94.0,0.8,6.0,2.3,330.0,0.0,-99.8,-99.8,-99.8,-99.8,-99.8,-99.8,-99.8
2023-02-06 03:00:00,1007.3,20.2,94.0,0.7,1.0,1.7,296.0,0.0,-99.8,-99.8,-99.8,-99.8,-99.8,-99.8,-99.8
2023-02-06 04:00:00,1007.1,20.2,93.0,0.7,352.0,2.3,7.0,0.0,-99.8,-99.8,-99.8,-99.8,-99.8,-99.8,-99.8
2023-02-06 05:00:00,1007.5,20.2,94.0,1.4,19.0,3.0,28.0,0.0,-99.8,-99.8,-99.8,-99.8,-99.8,-99.8,-99.8
2023-02-06 06:00:00,1008.0,19.9,96.0,0.7,26.0,1.6,34.0,0.0,-99.8,-99.8,-99.8,-99.8,-99.8,-99.8,-99.8
2023-02-06 07:00:00,1008.3,19.9,97.0,1.0,358.0,2.6,11.0,0.0,-99.8,-99.8,-99.8,-99.8,-99.8,-99.8,-99.8
2023-02-06 08:00:00,1008.6,20.0,96.0,0.7,17.0,1.6,261.0,0.0,-99.8,-99.8,-99.8,-99.8,-99.8,-99.8,-99.8
2023-02-06 09:00:00,1008.8,21.3,96.0,0.1,0.0,1.9,336.0,0.0,-99.8,-99.8,-99.8,-99.8,-99.8,-99.8,-99.8
2023-02-06 10:00:00,1009.3,20.9,97.0,0.3,268.0,1.5,266.0,2.5,-99.8,-99.8,-99.8,-99.8,-99.8,-99.8,-99.8
2023-02-06 11:00:00,1008.7,21.6,97.0,0.4,194.0,1.4,233.0,1.0,-99.8,-99.8,-99.8,-99.8,-99.8,-99.8,-99.8
2023-02-06 12:00:00,1008.3,20.9,91.0,2.0,233.0,4.0,231.0,0.0,-99.8,-99.8,-99.8,-99.8,-99.8,-99.8,-99.8
2023-02-06 13:00:00,1007.2,20.7,96.0,1.5,210.0,3.5,238.0,1.5,-99.8,-99.8,-99.8,-99.8,-99.8,-99.8,-99.8
2023-02-06 14:00:00,1006.4,20.3,98.0,0.4,240.0,3.2,235.0,2.5,-99.8,-99.8,-99.8,-99.8,-99.8,-99.8,-99.8
2023-02-06 15:00:00,1005.6,20.4,97.0,2.2,248.0,3.5,255.0,0.5,-99.8,-99.8,-99.8,-99.8,-99.8,-99.8,-99.8
2023-02-06 16:00:00,1005.4,20.4,98.0,0.3,329.0,3.7,234.0,2.5,-99.8,-99.8,-99.8,-99.8,-99.8,-99.8,-99.8
2023-02-06 17:00:00,1005.9,20.6,98.0,0.1,0.0,1.2,33.0,0.0,-99.8,-99.8,-99.8,-99.8,-99.8,-99.8,-99.8
2023-02-06 18:00:00,1006.4,20.1,99.0,0.5,340.0,1.1,337.0,0.5,-99.8,-99.8,-99.8,-99.8,-99.8,-99.8,-99.8
2023-02-06 19:00:00,1006.6,19.8,100.0,0.7,347.0,1.3,360.0,0.0,-99.8,-99.8,-99.8,-99.8,-99.8,-99.8,-99.8
2023-02-06 20:00:00,1007.0,19.8,100.0,0.5,350.0,1.6,26.0,0.0,-99.8,-99.8,-99.8,-99.8,-99.8,-99.8,-99.8
2023-02-06 21:00:00,1007.4,19.9,100.0,0.6,354.0,1.1,5.0,0.0,-99.8,-99.8,-99.8,-99.8,-99.8,-99.8,-99.8
2023-02-06 22:00:00,1007.4,19.9,100.0,0.4,360.0,1.2,32.0,0.0,-99.8,-99.8,-99.8,-99.8,-99.8,-99.8,-99.8
2023-02-06 23:00:00,1007.4,20.0,100.0,0.6,358.0,1.2,10.0,0.0,-99.8,-99.8,-99.8,-99.8,-99.8,-99.8,-99.8
2023-02-07 00:00:00,1007.6,20.0,100.0,0.4,347.0,1.0,9.0,0.0,-99.8,-99.8,-99.8,-99.8,-99.8,-99.8,-99.8
2023-02-07 01:00:00,1007.6,20.1,100.0,0.4,252.0,1.8,265.0,0.0,-99.8,-99.8,-99.8,-99.8,-99.8,-99.8,-99.8
2023-02-07 02:00:00,1007.6,19.9,100.0,0.0,0.0,1.1,248.0,0.5,-99.8,-99.8,-99.8,-99.8,-99.8,-99.8,-99.8
2023-02-07 03:00:00,1007.8,19.8,100.0,0.3,342.0,1.1,15.0,0.0,-99.8,-99.8,-99.8,-99.8,-99.8,-99.8,-99.8
2023-02-07 04:00:00,1007.8,19.8,100.0,0.3,352.0,0.8,23.0,0.5,-99.8,-99.8,-99.8,-99.8,-99.8,-99.8,-99.8
2023-02-07 05:00:00,1007.9,19.7,100.0,0.2,0.0,1.0,360.0,0.0,-99.8,-99.8,-99.8,-99.8,-99.8,-99.8,-99.8
2023-02-07 06:00:00,1008.8,19.8,100.0,0.4,341.0,1.0,296.0,0.0,-99.8,-99.8,-99.8,-99.8,-99.8,-99.8,-99.8
2023-02-07 07:00:00,1009.3,19.9,100.0,0.3,333.0,1.1,310.0,0.0,-99.8,-99.8,-99.8,-99.8,-99.8,-99.8,-99.8
2023-02-07 08:00:00,1009.8,21.0,100.0,0.0,0.0,1.0,23.0,0.0,-99.8,-99.8,-99.8,-99.8,-99.8,-99.8,-99.8
2023-02-07 09:00:00,1010.4,21.1,97.0,0.2,0.0,1.5,196.0,0.0,-99.8,-99.8,-99.8,-99.8,-99.8,-99.8,-99.8
2023-02-07 10:00:00,1010.5,22.4,89.0,0.2,0.0,1.3,216.0,0.0,-99.8,-99.8,-99.8,-99.8,-99.8,-99.8,-99.8
2023-02-07 11:00:00,1010.3,23.0,84.0,0.1,0.0,3.3,206.0,0.0,-99.8,-99.8,-99.8,-99.8,-99.8,-99.8,-99.8
2023-02-07 12:00:00,1009.7,22.7,86.0,2.1,216.0,5.6,202.0,0.0,-99.8,-99.8,-99.8,-99.8,-99.8,-99.8,-99.8
2023-02-07 13:00:00,1009.0,22.2,92.0,0.9,24.0,3.5,228.0,0.0,-99.8,-99.8,-99.8,-99.8,-99.8,-99.8,-99.8
2023-02-07 14:00:00,1008.6,22.6,90.0,0.1,0.0,1.7,51.0,0.0,-99.8,-99.8,-99.8,-99.8,-99.8,-99.8,-99.8
2023-02-07 15:00:00,1008.7,21.8,92.0,0.4,254.0,1.6,269.0,0.0,-99.8,-99.8,-99.8,-99.8,-99.8,-99.8,-99.8
2023-02-07 16:00:00,1008.9,21.0,97.0,0.3,244.0,3.5,223.0,0.0,-99.8,-99.8,-99.8,-99.8,-99.8,-99.8,-99.8
2023-02-07 17:00:00,1009.3,21.1,98.0,0.1,0.0,0.8,35.0,0.5,-99.8,-99.8,-99.8,-99.8,-99.8,-99.8,-99.8
2023-02-07 18:00:00,1009.8,20.9,99.0,0.3,26.0,1.0,27.0,0.5,-99.8,-99.8,-99.8,-99.8,-99.8,-99.8,-99.8
2023-02-07 19:00:00,1010.4,20.6,99.0,0.1,0.0,0.9,49.0,0.0,-99.8,-99.8,-99.8,-99.8,-99.8,-99.8,-99.8
2023-02-07 20:00:00,1010.9,19.9,99.0,0.6,300.0,1.6,176.0,0.5,-99.8,-99.8,-99.8,-99.8,-99.8,-99.8,-99.8
2023-02-07 21:00:00,1011.5,19.9,100.0,0.3,24.0,1.1,24.0,2.0,-99.8,-99.8,-99.8,-99.8,-99.8,-99.8,-99.8
2023-02-07 22:00:00,1012.0,19.8,100.0,0.2,0.0,1.6,141.0,1.5,-99.8,-99.8,-99.8,-99.8,-99.8,-99.8,-99.8
2023-02-07 23:00:00,1012.0,19.6,100.0,0.0,0.0,1.0,19.0,1.0,-99.8,-99.8,-99.8,-99.8,-99.8,-99.8,-99.8
2023-02-08 00:00:00,1012.0,19.5,100.0,0.2,0.0,0.9,18.0,0.0,-99.8,-99.8,-99.8,-99.8,-99.8,-99.8,-99.8
2023-02-08 01:00:00,1011.8,19.4,100.0,0.3,15.0,0.9,23.0,0.5,-99.8,-99.8,-99.8,-99.8,-99.8,-99.8,-99.8
2023-02-08 02:00:00,1011.5,19.4,100.0,0.0,0.0,1.1,51.0,0.0,-99.8,-99.8,-99.8,-99.8,-99.8,-99.8,-99.8
2023-02-08 03:00:00,1011.4,19.3,100.0,0.1,0.0,1.0,25.0,0.5,-99.8,-99.8,-99.8,-99.8,-99.8,-99.8,-99.8
2023-02-08 04:00:00,1011.3,19.2,100.0,0.0,0.0,1.1,23.0,0.0,-99.8,-99.8,-99.8,-99.8,-99.8,-99.8,-99.8
2023-02-08 05:00:00,1011.5,19.2,100.0,0.3,7.0,1.2,24.0,0.0,-99.8,-99.8,-99.8,-99.8,-99.8,-99.8,-99.8
2023-02-08 06:00:00,1012.2,19.0,100.0,0.6,330.0,1.2,329.0,0.0,-99.8,-99.8,-99.8,-99.8,-99.8,-99.8,-99.8
2023-02-08 07:00:00,1012.9,19.1,100.0,0.3,348.0,1.2,313.0,0.0,-99.8,-99.8,-99.8,-99.8,-99.8,-99.8,-99.8
2023-02-08 08:00:00,1013.3,19.8,100.0,0.1,0.0,0.8,22.0,0.0,-99.8,-99.8,-99.8,-99.8,-99.8,-99.8,-99.8
2023-02-08 09:00:00,1013.6,20.8,98.0,0.6,200.0,1.7,214.0,0.0,-99.8,-99.8,-99.8,-99.8,-99.8,-99.8,-99.8
2023-02-08 10:00:00,1013.5,21.7,90.0,0.8,211.0,1.8,201.0,0.0,-99.8,-99.8,-99.8,-99.8,-99.8,-99.8,-99.8
2023-02-08 11:00:00,1012.8,21.7,90.0,2.2,205.0,4.1,221.0,0.0,-99.8,-99.8,-99.8,-99.8,-99.8,-99.8,-99.8
2023-02-08 12:00:00,1012.1,21.2,90.0,1.8,186.0,4.0,207.0,0.0,-99.8,-99.8,-99.8,-99.8,-99.8,-99.8,-99.8
2023-02-08 13:00:00,1011.1,20.7,92.0,1.6,231.0,3.5,229.0,0.0,-99.8,-99.8,-99.8,-99.8,-99.8,-99.8,-99.8
2023-02-08 14:00:00,1010.7,20.5,98.0,0.1,0.0,2.7,230.0,0.0,-99.8,-99.8,-99.8,-99.8,-99.8,-99.8,-99.8
2023-02-08 15:00:00,1010.5,20.1,98.0,0.0,0.0,2.2,204.0,0.5,-99.8,-99.8,-99.8,-99.8,-99.8,-99.8,-99.8
2023-02-08 16:00:00,1010.8,19.8,100.0,0.8,200.0,1.8,168.0,1.0,-99.8,-99.8,-99.8,-99.8,-99.8,-99.8,-99.8
2023-02-08 17:00:00,1011.2,19.9,100.0,0.3,237.0,1.8,178.0,0.5,-99.8,-99.8,-99.8,-99.8,-99.8,-99.8,-99.8
2023-02-08 18:00:00,1011.5,19.8,100.0,0.1,0.0,1.3,34.0,0.0,-99.8,-99.8,-99.8,-99.8,-99.8,-99.8,-99.8
2023-02-08 19:00:00,1012.0,19.6,100.0,0.3,334.0,0.8,13.0,0.0,-99.8,-99.8,-99.8,-99.8,-99.8,-99.8,-99.8
2023-02-08 20:00:00,1012.3,19.5,100.0,0.4,315.0,1.3,26.0,0.0,-99.8,-99.8,-99.8,-99.8,-99.8,-99.8,-99.8
2023-02-08 21:00:00,1012.3,19.3,100.0,0.4,337.0,0.9,15.0,0.0,-99.8,-99.8,-99.8,-99.8,-99.8,-99.8,-99.8
2023-02-08 22:00:00,1012.3,19.5,100.0,0.4,342.0,1.1,326.0,0.0,-99.8,-99.8,-99.8,-99.8,-99.8,-99.8,-99.8
2023-02-08 23:00:00,1012.0,19.5,100.0,0.2,0.0,1.1,334.0,0.0,-99.8,-99.8,-99.8,-99.8,-99.8,-99.8,-99.8
2023-02-09 00:00:00,1011.7,19.4,100.0,0.4,329.0,1.2,10.0,0.0,-99.8,-99.8,-99.8,-99.8,-99.8,-99.8,-99.8
2023-02-09 01:00:00,1011.1,19.3,100.0,0.6,3.0,1.4,16.0,0.0,-99.8,-99.8,-99.8,-99.8,-99.8,-99.8,-99.8
2023-02-09 02:00:00,1010.5,19.1,100.0,0.7,347.0,1.9,4.0,0.0,-99.8,-99.8,-99.8,-99.8,-99.8,-99.8,-99.8
2023-02-09 03:00:00,1010.2,18.7,99.0,0.8,6.0,2.1,31.0,0.0,-99.8,-99.8,-99.8,-99.8,-99.8,-99.8,-99.8
2023-02-09 04:00:00,1010.0,18.7,98.0,0.8,357.0,2.3,21.0,0.0,-99.8,-99.8,-99.8,-99.8,-99.8,-99.8,-99.8
2023-02-09 05:00:00,1009.9,19.2,97.0,0.4,2.0,2.0,23.0,0.0,-99.8,-99.8,-99.8,-99.8,-99.8,-99.8,-99.8
2023-02-09 06:00:00,1010.2,19.4,97.0,0.8,334.0,2.0,358.0,0.0,-99.8,-99.8,-99.8,-99.8,-99.8,-99.8,-99.8
2023-02-09 07:00:00,1010.6,19.7,96.0,0.6,344.0,1.8,341.0,0.0,-99.8,-99.8,-99.8,-99.8,-99.8,-99.8,-99.8
2023-02-09 08:00:00,1010.9,21.1,92.0,0.6,15.0,1.6,28.0,0.0,-99.8,-99.8,-99.8,-99.8,-99.8,-99.8,-99.8
2023-02-09 09:00:00,1011.0,22.7,84.0,0.1,0.0,1.6,42.0,0.0,-99.8,-99.8,-99.8,-99.8,-99.8,-99.8,-99.8
2023-02-09 10:00:00,1010.9,23.5,80.0,0.4,157.0,1.1,216.0,0.0,-99.8,-99.8,-99.8,-99.8,-99.8,-99.8,-99.8
2023-02-09 11:00:00,1010.3,24.1,77.0,0.8,203.0,2.5,197.0,0.0,-99.8,-99.8,-99.8,-99.8,-99.8,-99.8,-99.8
2023-02-09 12:00:00,1009.5,23.3,84.0,2.0,199.0,5.5,211.0,0.0,-99.8,-99.8,-99.8,-99.8,-99.8,-99.8,-99.8
2023-02-09 13:00:00,1008.6,22.4,95.0,1.8,197.0,7.7,203.0,0.0,-99.8,-99.8,-99.8,-99.8,-99.8,-99.8,-99.8
2023-02-09 14:00:00,1007.9,22.6,94.0,1.7,197.0,6.8,207.0,0.0,-99.8,-99.8,-99.8,-99.8,-99.8,-99.8,-99.8
2023-02-09 15:00:00,1007.8,22.4,94.0,0.7,187.0,5.7,198.0,0.0,-99.8,-99.8,-99.8,-99.8,-99.8,-99.8,-99.8
2023-02-09 16:00:00,1007.8,22.2,97.0,0.5,352.0,3.9,36.0,0.5,-99.8,-99.8,-99.8,-99.8,-99.8,-99.8,-99.8
2023-02-09 17:00:00,1008.0,21.9,97.0,0.7,1.0,3.9,28.0,2.5,-99.8,-99.8,-99.8,-99.8,-99.8,-99.8,-99.8
2023-02-09 18:00:00,1008.5,21.8,98.0,1.3,29.0,2.9,29.0,3.0,-99.8,-99.8,-99.8,-99.8,-99.8,-99.8,-99.8
2023-02-09 19:00:00,1008.8,21.7,98.0,0.7,353.0,2.4,38.0,0.5,-99.8,-99.8,-99.8,-99.8,-99.8,-99.8,-99.8
2023-02-09 20:00:00,1009.2,21.6,99.0,0.7,327.0,2.7,84.0,0.5,-99.8,-99.8,-99.8,-99.8,-99.8,-99.8,-99.8
2023-02-09 21:00:00,1009.3,21.4,100.0,0.5,344.0,1.4,29.0,0.0,-99.8,-99.8,-99.8,-99.8,-99.8,-99.8,-99.8
2023-02-09 22:00:00,1009.3,21.5,100.0,0.6,347.0,1.6,341.0,0.0,-99.8,-99.8,-99.8,-99.8,-99.8,-99.8,-99.8
2023-02-09 23:00:00,1009.1,21.0,100.0,0.9,11.0,1.8,32.0,0.0,-99.8,-99.8,-99.8,-99.8,-99.8,-99.8,-99.8
2023-02-10 00:00:00,1009.0,20.9,100.0,0.8,329.0,2.5,351.0,0.0,-99.8,-99.8,-99.8,-99.8,-99.8,-99.8,-99.8
2023-02-10 01:00:00,1008.9,20.7,99.0,0.8,359.0,2.0,25.0,0.0,-99.8,-99.8,-99.8,-99.8,-99.8,-99.8,-99.8
2023-02-10 02:00:00,1009.0,20.6,99.0,0.6,8.0,2.0,25.0,0.0,-99.8,-99.8,-99.8,-99.8,-99.8,-99.8,-99.8
2023-02-10 03:00:00,1008.3,20.3,99.0,0.6,355.0,1.5,325.0,0.0,-99.8,-99.8,-99.8,-99.8,-99.8,-99.8,-99.8
2023-02-10 04:00:00,1008.4,20.2,100.0,0.4,5.0,1.6,14.0,0.0,-99.8,-99.8,-99.8,-99.8,-99.8,-99.8,-99.8
2023-02-10 05:00:00,1008.9,20.2,100.0,0.5,359.0,1.3,19.0,0.0,-99.8,-99.8,-99.8,-99.8,-99.8,-99.8,-99.8
2023-02-10 06:00:00,1009.0,20.3,99.0,0.6,358.0,1.7,27.0,0.0,-99.8,-99.8,-99.8,-99.8,-99.8,-99.8,-99.8
2023-02-10 07:00:00,1009.8,20.3,99.0,0.6,16.0,2.0,246.0,0.0,-99.8,-99.8,-99.8,-99.8,-99.8,-99.8,-99.8
2023-02-10 08:00:00,1010.3,22.0,95.0,0.6,24.0,1.4,15.0,0.0,-99.8,-99.8,-99.8,-99.8,-99.8,-99.8,-99.8
2023-02-10 09:00:00,1010.8,22.4,95.0,0.0,0.0,1.2,32.0,0.0,-99.8,-99.8,-99.8,-99.8,-99.8,-99.8,-99.8
2023-02-10 10:00:00,1011.1,21.7,93.0,1.1,302.0,4.4,231.0,0.0,-99.8,-99.8,-99.8,-99.8,-99.8,-99.8,-99.8
2023-02-10 11:00:00,1010.9,21.6,91.0,1.1,308.0,4.5,287.0,0.0,-99.8,-99.8,-99.8,-99.8,-99.8,-99.8,-99.8
2023-02-10 12:00:00,1010.3,22.3,88.0,0.8,235.0,3.9,231.0,0.0,-99.8,-99.8,-99.8,-99.8,-99.8,-99.8,-99.8
2023-02-10 13:00:00,1009.6,22.9,86.0,0.8,164.0,3.9,222.0,0.0,-99.8,-99.8,-99.8,-99.8,-99.8,-99.8,-99.8
2023-02-10 14:00:00,1008.8,22.3,86.0,1.6,257.0,4.4,217.0,0.0,-99.8,-99.8,-99.8,-99.8,-99.8,-99.8,-99.8
2023-02-10 15:00:00,1008.6,21.6,83.0,2.0,276.0,6.0,240.0,0.0,-99.8,-99.8,-99.8,-99.8,-99.8,-99.8,-99.8
2023-02-10 16:00:00,1009.1,20.6,90.0,0.6,287.0,6.0,228.0,0.0,-99.8,-99.8,-99.8,-99.8,-99.8,-99.8,-99.8
2023-02-10 17:00:00,1009.8,20.0,97.0,0.2,0.0,2.3,278.0,1.0,-99.8,-99.8,-99.8,-99.8,-99.8,-99.8,-99.8
2023-02-10 18:00:00,1010.2,19.4,98.0,0.1,0.0,1.2,300.0,0.0,-99.8,-99.8,-99.8,-99.8,-99.8,-99.8,-99.8
2023-02-10 19:00:00,1010.7,19.3,99.0,0.1,0.0,1.0,342.0,0.0,-99.8,-99.8,-99.8,-99.8,-99.8,-99.8,-99.8
2023-02-10 20:00:00,1011.4,19.1,99.0,0.3,338.0,1.5,37.0,0.0,-99.8,-99.8,-99.8,-99.8,-99.8,-99.8,-99.8
2023-02-10 21:00:00,1011.7,18.9,99.0,0.4,341.0,0.8,3.0,0.5,-99.8,-99.8,-99.8,-99.8,-99.8,-99.8,-99.8
2023-02-10 22:00:00,1011.8,18.8,99.0,0.6,349.0,1.3,27.0,0.0,-99.8,-99.8,-99.8,-99.8,-99.8,-99.8,-99.8
2023-02-10 23:00:00,1011.7,18.7,99.0,0.6,347.0,1.4,342.0,0.0,-99.8,-99.8,-99.8,-99.8,-99.8,-99.8,-99.8
2023-02-11 00:00:00,1011.4,18.7,99.0,0.5,348.0,1.3,341.0,0.0,-99.8,-99.8,-99.8,-99.8,-99.8,-99.8,-99.8
2023-02-11 01:00:00,1011.0,18.8,99.0,0.5,349.0,1.2,331.0,0.0,-99.8,-99.8,-99.8,-99.8,-99.8,-99.8,-99.8
2023-02-11 02:00:00,1010.5,18.7,99.0,0.5,338.0,1.7,330.0,0.0,-99.8,-99.8,-99.8,-99.8,-99.8,-99.8,-99.8
2023-02-11 03:00:00,1010.2,18.8,99.0,0.4,359.0,1.3,307.0,0.0,-99.8,-99.8,-99.8,-99.8,-99.8,-99.8,-99.8
2023-02-11 04:00:00,1009.9,18.8,99.0,0.6,1.0,1.2,314.0,0.0,-99.8,-99.8,-99.8,-99.8,-99.8,-99.8,-99.8
2023-02-11 05:00:00,1009.7,18.7,99.0,0.5,357.0,1.1,318.0,0.0,-99.8,-99.8,-99.8,-99.8,-99.8,-99.8,-99.8
2023-02-11 06:00:00,1009.7,18.8,98.0,0.7,332.0,1.2,336.0,0.0,-99.8,-99.8,-99.8,-99.8,-99.8,-99.8,-99.8
2023-02-11 07:00:00,1009.9,19.1,97.0,0.6,4.0,1.4,333.0,0.0,-99.8,-99.8,-99.8,-99.8,-99.8,-99.8,-99.8
2023-02-11 08:00:00,1010.5,20.9,89.0,1.6,238.0,3.5,217.0,0.0,-99.8,-99.8,-99.8,-99.8,-99.8,-99.8,-99.8
2023-02-11 09:00:00,1010.6,22.4,82.0,0.5,143.0,1.4,130.0,0.0,-99.8,-99.8,-99.8,-99.8,-99.8,-99.8,-99.8
2023-02-11 10:00:00,1010.0,23.3,77.0,0.9,177.0,1.9,205.0,0.0,-99.8,-99.8,-99.8,-99.8,-99.8,-99.8,-99.8
2023-02-11 11:00:00,1009.9,25.6,72.0,0.9,175.0,2.0,139.0,0.0,-99.8,-99.8,-99.8,-99.8,-99.8,-99.8,-99.8
2023-02-11 12:00:00,1009.2,24.3,72.0,0.8,185.0,1.9,151.0,0.0,-99.8,-99.8,-99.8,-99.8,-99.8,-99.8,-99.8
2023-02-11 13:00:00,1008.2,26.3,69.0,1.1,171.0,2.5,211.0,0.0,-99.8,-99.8,-99.8,-99.8,-99.8,-99.8,-99.8
2023-02-11 14:00:00,1007.8,26.5,67.0,0.9,185.0,2.7,217.0,0.0,-99.8,-99.8,-99.8,-99.8,-99.8,-99.8,-99.8
2023-02-11 15:00:00,1007.6,24.5,73.0,1.1,206.0,2.8,199.0,0.0,-99.8,-99.8,-99.8,-99.8,-99.8,-99.8,-99.8
2023-02-11 16:00:00,1007.8,23.3,81.0,0.3,122.0,2.2,203.0,0.0,-99.8,-99.8,-99.8,-99.8,-99.8,-99.8,-99.8
2023-02-11 17:00:00,1008.1,22.0,86.0,0.4,328.0,1.6,296.0,0.0,-99.8,-99.8,-99.8,-99.8,-99.8,-99.8,-99.8
2023-02-11 18:00:00,1008.9,21.3,91.0,0.6,359.0,1.5,20.0,0.0,-99.8,-99.8,-99.8,-99.8,-99.8,-99.8,-99.8
2023-02-11 19:00:00,1009.4,21.0,92.0,0.6,324.0,1.8,2.0,0.0,-99.8,-99.8,-99.8,-99.8,-99.8,-99.8,-99.8
2023-02-11 20:00:00,1009.9,20.9,92.0,0.6,1.0,1.4,333.0,0.0,-99.8,-99.8,-99.8,-99.8,-99.8,-99.8,-99.8
2023-02-11 21:00:00,1010.1,21.1,90.0,0.8,341.0,1.7,358.0,0.0,-99.8,-99.8,-99.8,-99.8,-99.8,-99.8,-99.8
2023-02-11 22:00:00,1010.1,21.0,90.0,0.7,4.0,1.6,23.0,0.0,-99.8,-99.8,-99.8,-99.8,-99.8,-99.8,-99.8
2023-02-11 23:00:00,1010.0,20.7,90.0,0.6,355.0,1.7,1.0,0.0,-99.8,-99.8,-99.8,-99.8,-99.8,-99.8,-99.8
2023-02-12 00:00:00,1009.9,20.5,92.0,0.7,359.0,2.3,14.0,0.0,-99.8,-99.8,-99.8,-99.8,-99.8,-99.8,-99.8
2023-02-12 01:00:00,1009.7,20.3,92.0,0.7,1.0,2.0,350.0,0.0,-99.8,-99.8,-99.8,-99.8,-99.8,-99.8,-99.8
2023-02-12 02:00:00,1009.1,20.6,90.0,0.7,11.0,1.6,4.0,0.0,-99.8,-99.8,-99.8,-99.8,-99.8,-99.8,-99.8
2023-02-12 03:00:00,1008.7,20.2,89.0,1.0,14.0,2.0,28.0,0.0,-99.8,-99.8,-99.8,-99.8,-99.8,-99.8,-99.8
2023-02-12 04:00:00,1008.6,20.5,87.0,1.0,3.0,2.7,13.0,0.0,-99.8,-99.8,-99.8,-99.8,-99.8,-99.8,-99.8
2023-02-12 05:00:00,1009.2,20.2,89.0,0.8,353.0,2.4,3.0,0.0,-99.8,-99.8,-99.8,-99.8,-99.8,-99.8,-99.8
2023-02-12 06:00:00,1009.7,20.6,83.0,1.2,3.0,2.6,27.0,0.0,-99.8,-99.8,-99.8,-99.8,-99.8,-99.8,-99.8
2023-02-12 07:00:00,1009.8,20.7,81.0,1.1,6.0,4.2,14.0,0.0,-99.8,-99.8,-99.8,-99.8,-99.8,-99.8,-99.8
2023-02-12 08:00:00,1010.3,24.8,65.0,1.2,12.0,3.5,21.0,0.0,-99.8,-99.8,-99.8,-99.8,-99.8,-99.8,-99.8
2023-02-12 09:00:00,1010.6,27.2,56.0,1.8,199.0,4.8,195.0,0.0,-99.8,-99.8,-99.8,-99.8,-99.8,-99.8,-99.8
2023-02-12 10:00:00,1010.0,27.3,56.0,2.5,195.0,5.4,205.0,0.0,-99.8,-99.8,-99.8,-99.8,-99.8,-99.8,-99.8
2023-02-12 11:00:00,1009.6,27.7,58.0,2.4,189.0,5.3,219.0,0.0,-99.8,-99.8,-99.8,-99.8,-99.8,-99.8,-99.8
2023-02-12 12:00:00,1008.9,28.0,64.0,2.6,191.0,5.6,212.0,0.0,-99.8,-99.8,-99.8,-99.8,-99.8,-99.8,-99.8
2023-02-12 13:00:00,1007.5,25.8,77.0,1.9,181.0,6.6,199.0,0.0,-99.8,-99.8,-99.8,-99.8,-99.8,-99.8,-99.8
2023-02-12 14:00:00,1006.4,24.7,82.0,2.7,201.0,6.5,183.0,0.0,-99.8,-99.8,-99.8,-99.8,-99.8,-99.8,-99.8
2023-02-12 15:00:00,1005.8,24.2,86.0,2.7,184.0,8.4,206.0,0.0,-99.8,-99.8,-99.8,-99.8,-99.8,-99.8,-99.8
2023-02-12 16:00:00,1005.7,24.1,87.0,1.3,104.0,6.2,187.0,0.0,-99.8,-99.8,-99.8,-99.8,-99.8,-99.8,-99.8
2023-02-12 17:00:00,1006.4,24.1,89.0,0.7,299.0,3.6,300.0,0.0,-99.8,-99.8,-99.8,-99.8,-99.8,-99.8,-99.8
2023-02-12 18:00:00,1006.6,24.0,91.0,1.0,14.0,4.2,203.0,0.0,-99.8,-99.8,-99.8,-99.8,-99.8,-99.8,-99.8
2023-02-12 19:00:00,1007.1,23.8,93.0,0.7,300.0,3.4,217.0,0.0,-99.8,-99.8,-99.8,-99.8,-99.8,-99.8,-99.8
2023-02-12 20:00:00,1007.2,23.5,93.0,0.6,328.0,2.6,207.0,0.0,-99.8,-99.8,-99.8,-99.8,-99.8,-99.8,-99.8
2023-02-12 21:00:00,1007.4,22.7,97.0,0.6,6.0,1.5,14.0,0.0,-99.8,-99.8,-99.8,-99.8,-99.8,-99.8,-99.8
2023-02-12 22:00:00,1007.5,22.3,95.0,1.1,17.0,2.2,8.0,0.0,-99.8,-99.8,-99.8,-99.8,-99.8,-99.8,-99.8
2023-02-12 23:00:00,1007.3,21.9,95.0,0.9,11.0,2.2,14.0,0.0,-99.8,-99.8,-99.8,-99.8,-99.8,-99.8,-99.8
2023-02-13 00:00:00,1007.1,21.9,92.0,1.1,359.0,2.7,9.0,0.0,-99.8,-99.8,-99.8,-99.8,-99.8,-99.8,-99.8
2023-02-13 01:00:00,1006.8,21.9,91.0,1.2,357.0,2.7,338.0,0.0,-99.8,-99.8,-99.8,-99.8,-99.8,-99.8,-99.8
2023-02-13 02:00:00,1006.4,21.2,93.0,0.6,2.0,2.4,330.0,0.0,-99.8,-99.8,-99.8,-99.8,-99.8,-99.8,-99.8
2023-02-13 03:00:00,1006.2,21.2,94.0,0.8,354.0,2.5,38.0,0.0,-99.8,-99.8,-99.8,-99.8,-99.8,-99.8,-99.8
2023-02-13 04:00:00,1006.3,21.1,94.0,0.9,3.0,1.8,359.0,0.0,-99.8,-99.8,-99.8,-99.8,-99.8,-99.8,-99.8
2023-02-13 05:00:00,1006.5,21.1,93.0,0.8,355.0,2.8,19.0,0.0,-99.8,-99.8,-99.8,-99.8,-99.8,-99.8,-99.8
2023-02-13 06:00:00,1007.1,20.7,90.0,1.0,10.0,2.3,25.0,0.0,-99.8,-99.8,-99.8,-99.8,-99.8,-99.8,-99.8
2023-02-13 07:00:00,1007.6,21.9,81.0,1.0,13.0,3.2,31.0,0.0,-99.8,-99.8,-99.8,-99.8,-99.8,-99.8,-99.8
2023-02-13 08:00:00,1008.1,24.3,77.0,0.5,42.0,1.6,229.0,0.0,-99.8,-99.8,-99.8,-99.8,-99.8,-99.8,-99.8
2023-02-13 09:00:00,1008.3,26.4,75.0,1.2,214.0,2.0,157.0,0.0,-99.8,-99.8,-99.8,-99.8,-99.8,-99.8,-99.8
2023-02-13 10:00:00,1008.1,28.7,64.0,1.2,186.0,2.2,223.0,0.0,-99.8,-99.8,-99.8,-99.8,-99.8,-99.8,-99.8
2023-02-13 11:00:00,1007.5,28.9,66.0,1.3,196.0,2.4,162.0,0.0,-99.8,-99.8,-99.8,-99.8,-99.8,-99.8,-99.8
2023-02-13 12:00:00,1006.4,28.6,61.0,1.2,172.0,2.5,207.0,0.0,-99.8,-99.8,-99.8,-99.8,-99.8,-99.8,-99.8
2023-02-13 13:00:00,1005.4,28.4,64.0,1.1,171.0,2.5,152.0,0.0,-99.8,-99.8,-99.8,-99.8,-99.8,-99.8,-99.8
2023-02-13 14:00:00,1004.7,28.0,64.0,1.1,147.0,2.1,148.0,0.0,-99.8,-99.8,-99.8,-99.8,-99.8,-99.8,-99.8
2023-02-13 15:00:00,1004.8,28.1,62.0,0.7,168.0,2.1,157.0,0.0,-99.8,-99.8,-99.8,-99.8,-99.8,-99.8,-99.8
2023-02-13 16:00:00,1005.4,24.9,80.0,0.8,273.0,6.7,198.0,0.0,-99.8,-99.8,-99.8,-99.8,-99.8,-99.8,-99.8
2023-02-13 17:00:00,1005.8,23.9,84.0,2.0,252.0,4.7,244.0,0.0,-99.8,-99.8,-99.8,-99.8,-99.8,-99.8,-99.8
2023-02-13 18:00:00,1006.2,23.0,88.0,0.6,317.0,2.8,245.0,0.0,-99.8,-99.8,-99.8,-99.8,-99.8,-99.8,-99.8
2023-02-13 19:00:00,1007.0,21.9,89.0,1.2,227.0,3.5,226.0,0.0,-99.8,-99.8,-99.8,-99.8,-99.8,-99.8,-99.8
2023-02-13 20:00:00,1007.8,21.0,87.0,2.0,274.0,5.2,232.0,0.0,-99.8,-99.8,-99.8,-99.8,-99.8,-99.8,-99.8
2023-02-13 21:00:00,1008.4,20.3,86.0,1.4,271.0,5.8,272.0,0.0,-99.8,-99.8,-99.8,-99.8,-99.8,-99.8,-99.8
2023-02-13 22:00:00,1009.0,19.8,86.0,1.8,230.0,4.4,221.0,0.0,-99.8,-99.8,-99.8,-99.8,-99.8,-99.8,-99.8
2023-02-13 23:00:00,1009.1,19.5,84.0,2.0,249.0,6.5,250.0,0.0,-99.8,-99.8,-99.8,-99.8,-99.8,-99.8,-99.8
2023-02-14 00:00:00,1009.5,19.4,83.0,0.7,53.0,5.2,269.0,0.0,-99.8,-99.8,-99.8,-99.8,-99.8,-99.8,-99.8
2023-02-14 01:00:00,1009.5,19.1,81.0,1.8,258.0,4.2,244.0,0.0,-99.8,-99.8,-99.8,-99.8,-99.8,-99.8,-99.8
2023-02-14 02:00:00,1009.5,19.2,81.0,0.2,0.0,5.4,242.0,0.0,-99.8,-99.8,-99.8,-99.8,-99.8,-99.8,-99.8
2023-02-14 03:00:00,1009.6,18.9,83.0,0.3,347.0,2.7,30.0,0.0,-99.8,-99.8,-99.8,-99.8,-99.8,-99.8,-99.8
2023-02-14 04:00:00,1009.9,19.0,80.0,1.2,226.0,3.5,192.0,0.0,-99.8,-99.8,-99.8,-99.8,-99.8,-99.8,-99.8
2023-02-14 05:00:00,1010.3,18.8,78.0,1.0,331.0,5.4,220.0,0.0,-99.8,-99.8,-99.8,-99.8,-99.8,-99.8,-99.8
2023-02-14 06:00:00,1011.3,18.7,79.0,0.8,271.0,3.2,289.0,0.0,-99.8,-99.8,-99.8,-99.8,-99.8,-99.8,-99.8
2023-02-14 07:00:00,1011.9,18.2,79.0,2.1,265.0,5.7,218.0,0.0,-99.8,-99.8,-99.8,-99.8,-99.8,-99.8,-99.8
2023-02-14 08:00:00,1012.7,17.9,80.0,1.4,271.0,4.2,21.0,0.0,-99.8,-99.8,-99.8,-99.8,-99.8,-99.8,-99.8
2023-02-14 09:00:00,1013.3,18.0,76.0,1.1,315.0,4.6,238.0,0.0,-99.8,-99.8,-99.8,-99.8,-99.8,-99.8,-99.8
2023-02-14 10:00:00,1013.7,18.0,76.0,1.8,221.0,5.1,244.0,0.0,-99.8,-99.8,-99.8,-99.8,-99.8,-99.8,-99.8
2023-02-14 11:00:00,1013.4,18.2,72.0,1.0,233.0,5.2,225.0,0.0,-99.8,-99.8,-99.8,-99.8,-99.8,-99.8,-99.8
2023-02-14 12:00:00,1012.7,18.3,73.0,2.5,237.0,7.6,205.0,0.0,-99.8,-99.8,-99.8,-99.8,-99.8,-99.8,-99.8
2023-02-14 13:00:00,1011.8,17.9,72.0,5.1,219.0,8.7,229.0,0.0,-99.8,-99.8,-99.8,-99.8,-99.8,-99.8,-99.8
2023-02-14 14:00:00,1011.2,18.0,76.0,1.3,247.0,8.6,226.0,0.0,-99.8,-99.8,-99.8,-99.8,-99.8,-99.8,-99.8
2023-02-14 15:00:00,1010.9,17.4,76.0,2.0,238.0,6.8,233.0,0.0,-99.8,-99.8,-99.8,-99.8,-99.8,-99.8,-99.8
2023-02-14 16:00:00,1011.2,17.1,74.0,1.1,289.0,3.9,216.0,0.0,-99.8,-99.8,-99.8,-99.8,-99.8,-99.8,-99.8
2023-02-14 17:00:00,1011.9,16.9,74.0,1.3,315.0,4.5,232.0,0.0,-99.8,-99.8,-99.8,-99.8,-99.8,-99.8,-99.8
2023-02-14 18:00:00,1012.3,16.6,75.0,0.7,305.0,4.2,225.0,0.0,-99.8,-99.8,-99.8,-99.8,-99.8,-99.8,-99.8
2023-02-14 19:00:00,1013.0,16.5,74.0,0.5,18.0,2.9,302.0,0.0,-99.8,-99.8,-99.8,-99.8,-99.8,-99.8,-99.8
2023-02-14 20:00:00,1013.6,16.5,75.0,0.7,265.0,2.6,230.0,0.0,-99.8,-99.8,-99.8,-99.8,-99.8,-99.8,-99.8
2023-02-14 21:00:00,1013.9,16.5,76.0,0.5,38.0,3.2,214.0,0.0,-99.8,-99.8,-99.8,-99.8,-99.8,-99.8,-99.8
2023-02-14 22:00:00,1014.0,16.4,76.0,0.4,346.0,2.4,45.0,0.0,-99.8,-99.8,-99.8,-99.8,-99.8,-99.8,-99.8
2023-02-14 23:00:00,1014.2,16.4,75.0,0.9,354.0,2.5,266.0,0.0,-99.8,-99.8,-99.8,-99.8,-99.8,-99.8,-99.8
2023-02-15 00:00:00,1014.3,16.3,76.0,0.6,358.0,2.5,266.0,0.0,-99.8,-99.8,-99.8,-99.8,-99.8,-99.8,-99.8
2023-02-15 01:00:00,1014.3,16.1,76.0,1.1,319.0,2.8,294.0,0.0,-99.8,-99.8,-99.8,-99.8,-99.8,-99.8,-99.8
2023-02-15 02:00:00,1014.1,16.1,75.0,1.3,358.0,3.0,2.0,0.0,-99.8,-99.8,-99.8,-99.8,-99.8,-99.8,-99.8
2023-02-15 03:00:00,1014.3,15.7,74.0,1.4,320.0,4.5,226.0,0.0,-99.8,-99.8,-99.8,-99.8,-99.8,-99.8,-99.8
2023-02-15 04:00:00,1014.3,15.8,74.0,0.5,285.0,3.0,308.0,0.0,-99.8,-99.8,-99.8,-99.8,-99.8,-99.8,-99.8
2023-02-15 05:00:00,1015.0,15.7,75.0,0.7,321.0,1.9,303.0,0.0,-99.8,-99.8,-99.8,-99.8,-99.8,-99.8,-99.8
2023-02-15 06:00:00,1015.9,15.7,74.0,1.0,283.0,2.7,26.0,0.0,-99.8,-99.8,-99.8,-99.8,-99.8,-99.8,-99.8
2023-02-15 07:00:00,1016.8,15.7,75.0,0.9,353.0,3.2,32.0,0.0,-99.8,-99.8,-99.8,-99.8,-99.8,-99.8,-99.8
2023-02-15 08:00:00,1017.3,16.2,78.0,0.5,317.0,2.7,278.0,0.0,-99.8,-99.8,-99.8,-99.8,-99.8,-99.8,-99.8
2023-02-15 09:00:00,1017.6,16.9,66.0,3.2,215.0,6.5,232.0,0.0,-99.8,-99.8,-99.8,-99.8,-99.8,-99.8,-99.8
2023-02-15 10:00:00,1017.8,17.3,63.0,3.0,232.0,8.4,217.0,0.0,-99.8,-99.8,-99.8,-99.8,-99.8,-99.8,-99.8
2023-02-15 11:00:00,1017.7,16.3,65.0,2.4,237.0,8.6,220.0,0.0,-99.8,-99.8,-99.8,-99.8,-99.8,-99.8,-99.8
2023-02-15 12:00:00,1017.1,16.4,66.0,1.8,298.0,7.2,233.0,0.0,-99.8,-99.8,-99.8,-99.8,-99.8,-99.8,-99.8
2023-02-15 13:00:00,1016.4,16.2,66.0,2.3,248.0,5.8,228.0,0.0,-99.8,-99.8,-99.8,-99.8,-99.8,-99.8,-99.8
2023-02-15 14:00:00,1016.2,16.0,68.0,2.2,276.0,5.8,273.0,0.0,-99.8,-99.8,-99.8,-99.8,-99.8,-99.8,-99.8
2023-02-15 15:00:00,1016.0,15.8,70.0,2.2,269.0,5.3,274.0,0.0,-99.8,-99.8,-99.8,-99.8,-99.8,-99.8,-99.8
2023-02-15 16:00:00,1016.5,15.6,70.0,1.9,258.0,5.3,292.0,0.0,-99.8,-99.8,-99.8,-99.8,-99.8,-99.8,-99.8
2023-02-15 17:00:00,1017.3,15.1,71.0,1.3,280.0,5.3,285.0,0.0,-99.8,-99.8,-99.8,-99.8,-99.8,-99.8,-99.8
2023-02-15 18:00:00,1017.8,14.7,71.0,1.0,299.0,4.4,267.0,0.0,-99.8,-99.8,-99.8,-99.8,-99.8,-99.8,-99.8
2023-02-15 19:00:00,1018.7,14.7,72.0,0.6,280.0,3.5,250.0,0.0,-99.8,-99.8,-99.8,-99.8,-99.8,-99.8,-99.8
2023-02-15 20:00:00,1019.6,14.8,69.0,0.7,12.0,3.0,242.0,0.0,-99.8,-99.8,-99.8,-99.8,-99.8,-99.8,-99.8
2023-02-15 21:00:00,1020.3,14.7,77.0,0.4,340.0,2.5,80.0,0.0,-99.8,-99.8,-99.8,-99.8,-99.8,-99.8,-99.8
2023-02-15 22:00:00,1020.7,14.2,86.0,0.4,11.0,2.1,25.0,0.0,-99.8,-99.8,-99.8,-99.8,-99.8,-99.8,-99.8
2023-02-15 23:00:00,1020.9,14.3,81.0,0.8,358.0,2.2,53.0,0.0,-99.8,-99.8,-99.8,-99.8,-99.8,-99.8,-99.8
2023-02-16 00:00:00,1020.7,14.5,81.0,1.0,10.0,2.0,336.0,0.0,-99.8,-99.8,-99.8,-99.8,-99.8,-99.8,-99.8
2023-02-16 01:00:00,1020.4,14.7,78.0,0.6,13.0,1.9,22.0,0.0,-99.8,-99.8,-99.8,-99.8,-99.8,-99.8,-99.8
2023-02-16 02:00:00,1020.0,14.8,78.0,0.7,8.0,1.6,340.0,0.0,-99.8,-99.8,-99.8,-99.8,-99.8,-99.8,-99.8
2023-02-16 03:00:00,1019.6,14.6,75.0,0.6,356.0,1.4,6.0,0.0,-99.8,-99.8,-99.8,-99.8,-99.8,-99.8,-99.8
2023-02-16 04:00:00,1019.6,14.6,77.0,0.5,12.0,1.6,3.0,0.0,-99.8,-99.8,-99.8,-99.8,-99.8,-99.8,-99.8
2023-02-16 05:00:00,1020.4,14.9,77.0,0.6,17.0,2.0,13.0,0.0,-99.8,-99.8,-99.8,-99.8,-99.8,-99.8,-99.8
2023-02-16 06:00:00,1020.8,14.8,74.0,0.5,348.0,1.8,21.0,0.0,-99.8,-99.8,-99.8,-99.8,-99.8,-99.8,-99.8
2023-02-16 07:00:00,1021.2,15.3,69.0,0.7,330.0,1.5,3.0,0.0,-99.8,-99.8,-99.8,-99.8,-99.8,-99.8,-99.8
2023-02-16 08:00:00,1021.3,16.1,71.0,0.2,0.0,1.2,290.0,0.0,-99.8,-99.8,-99.8,-99.8,-99.8,-99.8,-99.8
2023-02-16 09:00:00,1021.2,17.7,52.0,0.8,253.0,4.3,223.0,0.0,-99.8,-99.8,-99.8,-99.8,-99.8,-99.8,-99.8
2023-02-16 10:00:00,1020.8,18.3,48.0,2.8,209.0,6.4,229.0,0.0,-99.8,-99.8,-99.8,-99.8,-99.8,-99.8,-99.8
2023-02-16 11:00:00,1020.0,18.3,53.0,5.5,230.0,11.9,210.0,0.0,-99.8,-99.8,-99.8,-99.8,-99.8,-99.8,-99.8
2023-02-16 12:00:00,1019.8,17.7,55.0,6.2,222.0,11.2,216.0,0.0,-99.8,-99.8,-99.8,-99.8,-99.8,-99.8,-99.8
2023-02-16 13:00:00,1019.3,17.7,56.0,4.7,218.0,9.0,229.0,0.0,-99.8,-99.8,-99.8,-99.8,-99.8,-99.8,-99.8
2023-02-16 14:00:00,1018.7,17.8,57.0,2.6,216.0,6.9,216.0,0.0,-99.8,-99.8,-99.8,-99.8,-99.8,-99.8,-99.8
2023-02-16 15:00:00,1018.5,17.6,63.0,3.6,217.0,7.2,210.0,0.0,-99.8,-99.8,-99.8,-99.8,-99.8,-99.8,-99.8
2023-02-16 16:00:00,1018.3,17.9,65.0,0.3,44.0,5.7,219.0,0.0,-99.8,-99.8,-99.8,-99.8,-99.8,-99.8,-99.8
2023-02-16 17:00:00,1018.3,16.7,69.0,0.3,331.0,0.8,345.0,0.0,-99.8,-99.8,-99.8,-99.8,-99.8,-99.8,-99.8
2023-02-16 18:00:00,1018.5,15.8,67.0,0.9,4.0,2.1,345.0,0.0,-99.8,-99.8,-99.8,-99.8,-99.8,-99.8,-99.8
2023-02-16 19:00:00,1018.9,16.3,65.0,0.8,5.0,2.1,26.0,0.0,-99.8,-99.8,-99.8,-99.8,-99.8,-99.8,-99.8
2023-02-16 20:00:00,1019.6,16.5,63.0,0.9,14.0,2.3,6.0,0.0,-99.8,-99.8,-99.8,-99.8,-99.8,-99.8,-99.8
2023-02-16 21:00:00,1019.7,16.3,65.0,0.6,334.0,1.7,31.0,0.0,-99.8,-99.8,-99.8,-99.8,-99.8,-99.8,-99.8
2023-02-16 22:00:00,1019.9,16.5,67.0,0.3,343.0,1.8,15.0,0.0,-99.8,-99.8,-99.8,-99.8,-99.8,-99.8,-99.8
2023-02-16 23:00:00,1019.6,16.7,68.0,0.8,14.0,1.9,354.0,0.0,-99.8,-99.8,-99.8,-99.8,-99.8,-99.8,-99.8
2023-02-17 00:00:00,1019.2,17.1,62.0,1.5,7.0,2.5,10.0,0.0,-99.8,-99.8,-99.8,-99.8,-99.8,-99.8,-99.8
2023-02-17 01:00:00,1018.5,18.1,51.0,1.1,338.0,3.0,359.0,0.0,-99.8,-99.8,-99.8,-99.8,-99.8,-99.8,-99.8
2023-02-17 02:00:00,1017.6,17.8,52.0,1.2,318.0,2.8,18.0,0.0,-99.8,-99.8,-99.8,-99.8,-99.8,-99.8,-99.8
2023-02-17 03:00:00,1016.5,17.9,53.0,1.8,6.0,4.3,256.0,0.0,-99.8,-99.8,-99.8,-99.8,-99.8,-99.8,-99.8
2023-02-17 04:00:00,1015.9,19.9,47.0,2.0,21.0,5.9,41.0,0.0,-99.8,-99.8,-99.8,-99.8,-99.8,-99.8,-99.8
2023-02-17 05:00:00,1015.9,18.2,58.0,1.3,356.0,3.4,39.0,0.0,-99.8,-99.8,-99.8,-99.8,-99.8,-99.8,-99.8
2023-02-17 06:00:00,1016.1,18.0,58.0,1.4,15.0,3.5,25.0,0.0,-99.8,-99.8,-99.8,-99.8,-99.8,-99.8,-99.8
2023-02-17 07:00:00,1016.2,18.5,62.0,1.4,10.0,5.9,26.0,0.0,-99.8,-99.8,-99.8,-99.8,-99.8,-99.8,-99.8
2023-02-17 08:00:00,1016.7,18.8,67.0,0.4,352.0,2.2,348.0,0.0,-99.8,-99.8,-99.8,-99.8,-99.8,-99.8,-99.8
2023-02-17 09:00:00,1017.2,21.0,66.0,0.4,24.0,2.0,267.0,0.0,-99.8,-99.8,-99.8,-99.8,-99.8,-99.8,-99.8
2023-02-17 10:00:00,1017.1,26.1,43.0,0.9,113.0,2.1,201.0,0.0,-99.8,-99.8,-99.8,-99.8,-99.8,-99.8,-99.8
2023-02-17 11:00:00,1016.7,25.4,46.0,2.3,202.0,4.9,213.0,0.0,-99.8,-99.8,-99.8,-99.8,-99.8,-99.8,-99.8
2023-02-17 12:00:00,1015.8,26.7,42.0,1.9,197.0,3.9,217.0,0.0,-99.8,-99.8,-99.8,-99.8,-99.8,-99.8,-99.8
2023-02-17 13:00:00,1015.0,26.1,44.0,1.7,198.0,3.2,196.0,0.0,-99.8,-99.8,-99.8,-99.8,-99.8,-99.8,-99.8
2023-02-17 14:00:00,1014.3,23.0,55.0,1.3,202.0,2.8,215.0,0.0,-99.8,-99.8,-99.8,-99.8,-99.8,-99.8,-99.8
2023-02-17 15:00:00,1013.9,22.1,55.0,0.1,0.0,2.0,203.0,0.0,-99.8,-99.8,-99.8,-99.8,-99.8,-99.8,-99.8
2023-02-17 16:00:00,1013.7,21.7,61.0,0.3,16.0,1.2,37.0,0.0,-99.8,-99.8,-99.8,-99.8,-99.8,-99.8,-99.8
2023-02-17 17:00:00,1014.0,19.6,67.0,0.6,358.0,1.8,1.0,0.0,-99.8,-99.8,-99.8,-99.8,-99.8,-99.8,-99.8
2023-02-17 18:00:00,1014.4,19.4,70.0,1.0,12.0,2.5,3.0,0.0,-99.8,-99.8,-99.8,-99.8,-99.8,-99.8,-99.8
2023-02-17 19:00:00,1014.8,19.3,70.0,1.2,8.0,2.7,348.0,0.0,-99.8,-99.8,-99.8,-99.8,-99.8,-99.8,-99.8
2023-02-17 20:00:00,1015.2,19.2,71.0,1.2,13.0,2.9,7.0,0.0,-99.8,-99.8,-99.8,-99.8,-99.8,-99.8,-99.8
2023-02-17 21:00:00,1015.3,19.6,66.0,1.1,5.0,2.6,1.0,0.0,-99.8,-99.8,-99.8,-99.8,-99.8,-99.8,-99.8
2023-02-17 22:00:00,1015.0,19.8,68.0,0.9,9.0,2.4,31.0,0.0,-99.8,-99.8,-99.8,-99.8,-99.8,-99.8,-99.8
2023-02-17 23:00:00,1015.0,19.6,70.0,1.1,15.0,2.5,25.0,0.0,-99.8,-99.8,-99.8,-99.8,-99.8,-99.8,-99.8
2023-02-18 00:00:00,1014.8,20.1,67.0,0.9,7.0,2.2,23.0,0.0,-99.8,-99.8,-99.8,-99.8,-99.8,-99.8,-99.8
2023-02-18 01:00:00,1014.3,20.3,68.0,1.1,8.0,3.7,44.0,0.0,-99.8,-99.8,-99.8,-99.8,-99.8,-99.8,-99.8
2023-02-18 02:00:00,1013.6,20.4,71.0,1.2,11.0,3.4,9.0,0.0,-99.8,-99.8,-99.8,-99.8,-99.8,-99.8,-99.8
2023-02-18 03:00:00,1012.9,19.6,71.0,1.1,4.0,2.6,16.0,0.0,-99.8,-99.8,-99.8,-99.8,-99.8,-99.8,-99.8
2023-02-18 04:00:00,1012.4,19.6,70.0,1.0,356.0,2.6,10.0,0.0,-99.8,-99.8,-99.8,-99.8,-99.8,-99.8,-99.8
2023-02-18 05:00:00,1012.6,19.5,68.0,0.9,4.0,2.4,293.0,0.0,-99.8,-99.8,-99.8,-99.8,-99.8,-99.8,-99.8
2023-02-18 06:00:00,1013.5,19.8,69.0,1.1,14.0,2.7,355.0,0.0,-99.8,-99.8,-99.8,-99.8,-99.8,-99.8,-99.8
2023-02-18 07:00:00,1013.9,20.2,70.0,0.8,359.0,2.1,2.0,0.0,-99.8,-99.8,-99.8,-99.8,-99.8,-99.8,-99.8
2023-02-18 08:00:00,1014.5,21.8,71.0,0.2,0.0,1.8,346.0,0.0,-99.8,-99.8,-99.8,-99.8,-99.8,-99.8,-99.8
2023-02-18 09:00:00,1015.3,22.5,70.0,2.2,199.0,5.4,198.0,0.0,-99.8,-99.8,-99.8,-99.8,-99.8,-99.8,-99.8
2023-02-18 10:00:00,1015.2,22.3,73.0,0.7,182.0,3.9,210.0,0.0,-99.8,-99.8,-99.8,-99.8,-99.8,-99.8,-99.8
2023-02-18 11:00:00,1014.8,20.6,92.0,3.0,213.0,6.1,201.0,2.0,-99.8,-99.8,-99.8,-99.8,-99.8,-99.8,-99.8
2023-02-18 12:00:00,1013.8,19.5,96.0,1.4,204.0,7.8,211.0,0.5,-99.8,-99.8,-99.8,-99.8,-99.8,-99.8,-99.8
2023-02-18 13:00:00,1012.7,19.4,96.0,1.1,14.0,3.0,30.0,2.0,-99.8,-99.8,-99.8,-99.8,-99.8,-99.8,-99.8
2023-02-18 14:00:00,1012.1,19.3,96.0,0.6,20.0,2.4,17.0,2.5,-99.8,-99.8,-99.8,-99.8,-99.8,-99.8,-99.8
2023-02-18 15:00:00,1011.5,19.5,93.0,1.7,10.0,3.5,1.0,0.5,-99.8,-99.8,-99.8,-99.8,-99.8,-99.8,-99.8
2023-02-18 16:00:00,1011.6,19.2,91.0,1.7,360.0,3.3,15.0,0.0,-99.8,-99.8,-99.8,-99.8,-99.8,-99.8,-99.8
2023-02-18 17:00:00,1011.5,19.1,94.0,0.6,355.0,3.4,6.0,0.0,-99.8,-99.8,-99.8,-99.8,-99.8,-99.8,-99.8
2023-02-18 18:00:00,1011.4,18.7,96.0,0.8,356.0,2.7,26.0,0.0,-99.8,-99.8,-99.8,-99.8,-99.8,-99.8,-99.8
2023-02-18 19:00:00,1012.6,18.7,96.0,0.6,351.0,2.2,335.0,0.0,-99.8,-99.8,-99.8,-99.8,-99.8,-99.8,-99.8
2023-02-18 20:00:00,1013.2,18.8,97.0,0.8,360.0,2.1,20.0,0.0,-99.8,-99.8,-99.8,-99.8,-99.8,-99.8,-99.8
2023-02-18 21:00:00,1013.3,18.6,98.0,1.3,11.0,2.8,24.0,0.5,-99.8,-99.8,-99.8,-99.8,-99.8,-99.8,-99.8
2023-02-18 22:00:00,1013.3,18.6,98.0,0.8,4.0,3.2,15.0,0.5,-99.8,-99.8,-99.8,-99.8,-99.8,-99.8,-99.8
2023-02-18 23:00:00,1012.9,18.8,98.0,1.1,1.0,2.4,18.0,0.5,-99.8,-99.8,-99.8,-99.8,-99.8,-99.8,-99.8
2023-02-19 00:00:00,1012.3,18.7,98.0,0.9,9.0,2.4,345.0,0.0,-99.8,-99.8,-99.8,-99.8,-99.8,-99.8,-99.8
2023-02-19 01:00:00,1012.1,18.7,97.0,1.0,5.0,2.4,8.0,0.0,-99.8,-99.8,-99.8,-99.8,-99.8,-99.8,-99.8
2023-02-19 02:00:00,1011.5,18.8,97.0,0.9,9.0,2.2,10.0,0.0,-99.8,-99.8,-99.8,-99.8,-99.8,-99.8,-99.8
2023-02-19 03:00:00,1011.1,18.6,95.0,1.3,14.0,2.5,349.0,0.0,-99.8,-99.8,-99.8,-99.8,-99.8,-99.8,-99.8
2023-02-19 04:00:00,1010.7,18.3,94.0,1.4,15.0,2.2,338.0,0.0,-99.8,-99.8,-99.8,-99.8,-99.8,-99.8,-99.8
2023-02-19 05:00:00,1010.8,18.5,92.0,1.4,16.0,2.6,25.0,0.0,-99.8,-99.8,-99.8,-99.8,-99.8,-99.8,-99.8
2023-02-19 06:00:00,1011.5,18.4,91.0,1.3,15.0,2.7,19.0,0.0,-99.8,-99.8,-99.8,-99.8,-99.8,-99.8,-99.8
2023-02-19 07:00:00,1011.6,18.7,90.0,1.3,15.0,2.3,20.0,0.0,-99.8,-99.8,-99.8,-99.8,-99.8,-99.8,-99.8
2023-02-19 08:00:00,1011.7,22.2,79.0,0.3,47.0,2.8,9.0,0.0,-99.8,-99.8,-99.8,-99.8,-99.8,-99.8,-99.8
2023-02-19 09:00:00,1012.2,24.5,67.0,1.0,177.0,1.7,223.0,0.0,-99.8,-99.8,-99.8,-99.8,-99.8,-99.8,-99.8
2023-02-19 10:00:00,1012.4,24.7,65.0,1.3,165.0,3.7,166.0,0.0,-99.8,-99.8,-99.8,-99.8,-99.8,-99.8,-99.8
2023-02-19 11:00:00,1012.1,24.5,69.0,2.2,178.0,4.5,156.0,0.0,-99.8,-99.8,-99.8,-99.8,-99.8,-99.8,-99.8
2023-02-19 12:00:00,1011.2,22.8,76.0,2.9,256.0,10.7,233.0,0.0,-99.8,-99.8,-99.8,-99.8,-99.8,-99.8,-99.8
2023-02-19 13:00:00,1010.8,23.1,73.0,1.2,266.0,7.8,221.0,0.0,-99.8,-99.8,-99.8,-99.8,-99.8,-99.8,-99.8
2023-02-19 14:00:00,1010.4,22.4,77.0,1.3,349.0,4.9,320.0,0.0,-99.8,-99.8,-99.8,-99.8,-99.8,-99.8,-99.8
2023-02-19 15:00:00,1009.8,22.5,74.0,2.1,265.0,5.5,270.0,0.0,-99.8,-99.8,-99.8,-99.8,-99.8,-99.8,-99.8
2023-02-19 16:00:00,1010.1,21.7,72.0,1.2,223.0,8.2,311.0,0.0,-99.8,-99.8,-99.8,-99.8,-99.8,-99.8,-99.8
2023-02-19 17:00:00,1010.3,21.6,67.0,1.2,250.0,4.7,229.0,0.0,-99.8,-99.8,-99.8,-99.8,-99.8,-99.8,-99.8
2023-02-19 18:00:00,1010.6,21.3,66.0,2.1,268.0,5.6,291.0,0.0,-99.8,-99.8,-99.8,-99.8,-99.8,-99.8,-99.8
2023-02-19 19:00:00,1011.4,21.0,65.0,2.0,353.0,6.9,230.0,0.0,-99.8,-99.8,-99.8,-99.8,-99.8,-99.8,-99.8
2023-02-19 20:00:00,1012.1,21.5,59.0,2.6,3.0,7.5,14.0,0.0,-99.8,-99.8,-99.8,-99.8,-99.8,-99.8,-99.8
2023-02-19 21:00:00,1012.3,20.8,63.0,3.5,25.0,8.4,68.0,0.0,-99.8,-99.8,-99.8,-99.8,-99.8,-99.8,-99.8
2023-02-19 22:00:00,1013.1,20.3,64.0,3.2,344.0,9.3,16.0,0.0,-99.8,-99.8,-99.8,-99.8,-99.8,-99.8,-99.8
2023-02-19 23:00:00,1012.9,19.8,68.0,2.7,329.0,7.3,324.0,0.0,-99.8,-99.8,-99.8,-99.8,-99.8,-99.8,-99.8
2023-02-20 00:00:00,1012.8,19.9,65.0,2.5,7.0,7.4,355.0,0.0,-99.8,-99.8,-99.8,-99.8,-99.8,-99.8,-99.8
2023-02-20 01:00:00,1012.6,19.3,69.0,3.1,351.0,8.7,310.0,0.0,-99.8,-99.8,-99.8,-99.8,-99.8,-99.8,-99.8
2023-02-20 02:00:00,1012.2,19.0,66.0,1.8,15.0,9.0,21.0,0.0,-99.8,-99.8,-99.8,-99.8,-99.8,-99.8,-99.8
2023-02-20 03:00:00,1011.9,18.7,66.0,2.2,299.0,9.2,305.0,0.0,-99.8,-99.8,-99.8,-99.8,-99.8,-99.8,-99.8
2023-02-20 04:00:00,1011.8,18.2,69.0,1.5,271.0,6.1,260.0,0.0,-99.8,-99.8,-99.8,-99.8,-99.8,-99.8,-99.8
2023-02-20 05:00:00,1011.7,17.7,69.0,2.2,326.0,7.0,26.0,0.0,-99.8,-99.8,-99.8,-99.8,-99.8,-99.8,-99.8
2023-02-20 06:00:00,1012.4,17.6,65.0,1.9,225.0,6.9,241.0,0.0,-99.8,-99.8,-99.8,-99.8,-99.8,-99.8,-99.8
2023-02-20 07:00:00,1013.2,17.3,68.0,1.1,315.0,5.9,246.0,0.0,-99.8,-99.8,-99.8,-99.8,-99.8,-99.8,-99.8
2023-02-20 08:00:00,1014.0,17.6,68.0,0.8,339.0,4.5,248.0,0.0,-99.8,-99.8,-99.8,-99.8,-99.8,-99.8,-99.8
2023-02-20 09:00:00,1014.8,18.0,64.0,2.8,247.0,6.8,263.0,0.0,-99.8,-99.8,-99.8,-99.8,-99.8,-99.8,-99.8
2023-02-20 10:00:00,1015.1,18.8,59.0,5.2,243.0,11.7,212.0,0.0,-99.8,-99.8,-99.8,-99.8,-99.8,-99.8,-99.8
2023-02-20 11:00:00,1014.7,18.1,60.0,2.8,264.0,11.0,228.0,0.0,-99.8,-99.8,-99.8,-99.8,-99.8,-99.8,-99.8
2023-02-20 12:00:00,1014.5,18.1,62.0,0.8,4.0,4.7,284.0,0.0,-99.8,-99.8,-99.8,-99.8,-99.8,-99.8,-99.8
2023-02-20 13:00:00,1014.1,17.7,64.0,0.9,319.0,5.6,297.0,0.0,-99.8,-99.8,-99.8,-99.8,-99.8,-99.8,-99.8
2023-02-20 14:00:00,1013.2,17.8,63.0,2.4,348.0,5.0,268.0,0.0,-99.8,-99.8,-99.8,-99.8,-99.8,-99.8,-99.8
2023-02-20 15:00:00,1013.2,17.7,62.0,1.2,347.0,5.3,51.0,0.0,-99.8,-99.8,-99.8,-99.8,-99.8,-99.8,-99.8
2023-02-20 16:00:00,1013.7,17.6,60.0,1.7,342.0,5.8,327.0,0.0,-99.8,-99.8,-99.8,-99.8,-99.8,-99.8,-99.8
2023-02-20 17:00:00,1014.2,17.8,58.0,1.8,24.0,6.0,347.0,0.0,-99.8,-99.8,-99.8,-99.8,-99.8,-99.8,-99.8
2023-02-20 18:00:00,1014.5,17.9,56.0,2.6,44.0,6.9,33.0,0.0,-99.8,-99.8,-99.8,-99.8,-99.8,-99.8,-99.8
2023-02-20 19:00:00,1015.0,17.9,53.0,2.9,46.0,6.1,60.0,0.0,-99.8,-99.8,-99.8,-99.8,-99.8,-99.8,-99.8
2023-02-20 20:00:00,1015.7,17.9,49.0,1.9,54.0,6.3,61.0,0.0,-99.8,-99.8,-99.8,-99.8,-99.8,-99.8,-99.8
2023-02-20 21:00:00,1016.1,17.6,50.0,1.5,31.0,5.9,36.0,0.0,-99.8,-99.8,-99.8,-99.8,-99.8,-99.8,-99.8
2023-02-20 22:00:00,1016.0,16.5,61.0,0.8,4.0,4.6,31.0,0.0,-99.8,-99.8,-99.8,-99.8,-99.8,-99.8,-99.8
2023-02-20 23:00:00,1015.9,16.2,63.0,0.8,334.0,2.9,30.0,0.0,-99.8,-99.8,-99.8,-99.8,-99.8,-99.8,-99.8
2023-02-21 00:00:00,1016.0,16.1,61.0,1.1,305.0,3.2,35.0,0.0,-99.8,-99.8,-99.8,-99.8,-99.8,-99.8,-99.8
2023-02-21 01:00:00,1016.1,15.7,67.0,0.7,350.0,2.6,26.0,0.0,-99.8,-99.8,-99.8,-99.8,-99.8,-99.8,-99.8
2023-02-21 02:00:00,1015.9,15.9,63.0,1.2,338.0,3.1,28.0,0.0,-99.8,-99.8,-99.8,-99.8,-99.8,-99.8,-99.8
2023-02-21 03:00:00,1015.6,17.4,52.0,2.2,360.0,6.8,26.0,0.0,-99.8,-99.8,-99.8,-99.8,-99.8,-99.8,-99.8
2023-02-21 04:00:00,1015.8,16.6,53.0,2.0,43.0,7.3,300.0,0.0,-99.8,-99.8,-99.8,-99.8,-99.8,-99.8,-99.8
2023-02-21 05:00:00,1016.2,17.4,53.0,2.2,38.0,7.3,64.0,0.0,-99.8,-99.8,-99.8,-99.8,-99.8,-99.8,-99.8
2023-02-21 06:00:00,1016.7,17.5,53.0,2.2,12.0,5.7,38.0,0.0,-99.8,-99.8,-99.8,-99.8,-99.8,-99.8,-99.8
2023-02-21 07:00:00,1017.6,17.5,53.0,1.6,9.0,7.9,28.0,0.0,-99.8,-99.8,-99.8,-99.8,-99.8,-99.8,-99.8
2023-02-21 08:00:00,1018.5,17.8,51.0,2.4,35.0,8.1,26.0,0.0,-99.8,-99.8,-99.8,-99.8,-99.8,-99.8,-99.8
2023-02-21 09:00:00,1018.6,18.0,55.0,1.5,357.0,6.6,49.0,0.0,-99.8,-99.8,-99.8,-99.8,-99.8,-99.8,-99.8
2023-02-21 10:00:00,1018.6,19.3,48.0,2.6,37.0,9.4,28.0,0.0,-99.8,-99.8,-99.8,-99.8,-99.8,-99.8,-99.8
2023-02-21 11:00:00,1018.3,18.8,49.0,2.6,39.0,7.7,49.0,0.0,-99.8,-99.8,-99.8,-99.8,-99.8,-99.8,-99.8
2023-02-21 12:00:00,1017.6,18.6,57.0,1.2,298.0,6.3,31.0,0.0,-99.8,-99.8,-99.8,-99.8,-99.8,-99.8,-99.8
2023-02-21 13:00:00,1016.7,18.2,57.0,1.2,315.0,6.1,297.0,0.0,-99.8,-99.8,-99.8,-99.8,-99.8,-99.8,-99.8
2023-02-21 14:00:00,1016.4,18.6,55.0,1.8,327.0,8.8,42.0,0.0,-99.8,-99.8,-99.8,-99.8,-99.8,-99.8,-99.8
2023-02-21 15:00:00,1015.9,17.9,60.0,2.0,276.0,6.7,290.0,0.0,-99.8,-99.8,-99.8,-99.8,-99.8,-99.8,-99.8
2023-02-21 16:00:00,1016.2,17.5,59.0,1.6,347.0,6.8,308.0,0.0,-99.8,-99.8,-99.8,-99.8,-99.8,-99.8,-99.8
2023-02-21 17:00:00,1016.9,18.1,53.0,1.7,58.0,8.1,16.0,0.0,-99.8,-99.8,-99.8,-99.8,-99.8,-99.8,-99.8
2023-02-21 18:00:00,1017.1,18.0,54.0,1.1,329.0,5.5,25.0,0.0,-99.8,-99.8,-99.8,-99.8,-99.8,-99.8,-99.8
2023-02-21 19:00:00,1017.2,17.3,62.0,1.0,268.0,3.8,235.0,0.0,-99.8,-99.8,-99.8,-99.8,-99.8,-99.8,-99.8
2023-02-21 20:00:00,1017.7,17.5,59.0,1.1,298.0,4.4,261.0,0.0,-99.8,-99.8,-99.8,-99.8,-99.8,-99.8,-99.8
2023-02-21 21:00:00,1018.2,16.7,70.0,0.6,10.0,5.1,253.0,0.0,-99.8,-99.8,-99.8,-99.8,-99.8,-99.8,-99.8
2023-02-21 22:00:00,1018.3,16.7,62.0,1.2,355.0,3.8,292.0,0.0,-99.8,-99.8,-99.8,-99.8,-99.8,-99.8,-99.8
2023-02-21 23:00:00,1018.0,16.6,69.0,0.4,312.0,3.2,306.0,0.0,-99.8,-99.8,-99.8,-99.8,-99.8,-99.8,-99.8
2023-02-22 00:00:00,1018.0,16.6,69.0,0.7,5.0,4.0,33.0,0.0,-99.8,-99.8,-99.8,-99.8,-99.8,-99.8,-99.8
2023-02-22 01:00:00,1017.6,16.5,73.0,0.7,348.0,2.2,7.0,0.0,-99.8,-99.8,-99.8,-99.8,-99.8,-99.8,-99.8
2023-02-22 02:00:00,1017.1,16.7,72.0,0.6,336.0,3.7,289.0,0.0,-99.8,-99.8,-99.8,-99.8,-99.8,-99.8,-99.8
2023-02-22 03:00:00,1016.9,16.1,74.0,0.6,357.0,1.9,14.0,0.0,-99.8,-99.8,-99.8,-99.8,-99.8,-99.8,-99.8
2023-02-22 04:00:00,1016.4,16.0,76.0,0.5,331.0,1.2,313.0,0.0,-99.8,-99.8,-99.8,-99.8,-99.8,-99.8,-99.8
2023-02-22 05:00:00,1016.2,16.2,76.0,0.6,353.0,1.6,312.0,0.0,-99.8,-99.8,-99.8,-99.8,-99.8,-99.8,-99.8
2023-02-22 06:00:00,1016.8,16.3,76.0,0.5,354.0,1.4,16.0,0.0,-99.8,-99.8,-99.8,-99.8,-99.8,-99.8,-99.8
2023-02-22 07:00:00,1017.4,16.6,75.0,0.8,20.0,1.4,32.0,0.0,-99.8,-99.8,-99.8,-99.8,-99.8,-99.8,-99.8
2023-02-22 08:00:00,1017.6,17.9,71.0,0.2,0.0,1.9,26.0,0.0,-99.8,-99.8,-99.8,-99.8,-99.8,-99.8,-99.8
2023-02-22 09:00:00,1017.6,19.5,58.0,1.3,194.0,2.5,207.0,0.0,-99.8,-99.8,-99.8,-99.8,-99.8,-99.8,-99.8
2023-02-22 10:00:00,1016.9,19.0,72.0,3.6,255.0,7.8,230.0,0.0,-99.8,-99.8,-99.8,-99.8,-99.8,-99.8,-99.8
2023-02-22 11:00:00,1016.1,20.5,67.0,2.4,215.0,8.8,227.0,0.0,-99.8,-99.8,-99.8,-99.8,-99.8,-99.8,-99.8
2023-02-22 12:00:00,1015.3,19.4,73.0,7.5,218.0,12.1,213.0,0.0,-99.8,-99.8,-99.8,-99.8,-99.8,-99.8,-99.8
2023-02-22 13:00:00,1014.4,19.6,78.0,3.3,231.0,8.3,201.0,0.0,-99.8,-99.8,-99.8,-99.8,-99.8,-99.8,-99.8
2023-02-22 14:00:00,1013.8,18.5,80.0,1.8,269.0,7.5,227.0,0.0,-99.8,-99.8,-99.8,-99.8,-99.8,-99.8,-99.8
2023-02-22 15:00:00,1013.0,19.1,75.0,1.3,25.0,4.1,315.0,0.0,-99.8,-99.8,-99.8,-99.8,-99.8,-99.8,-99.8
2023-02-22 16:00:00,1012.8,19.7,77.0,1.8,247.0,4.8,238.0,0.0,-99.8,-99.8,-99.8,-99.8,-99.8,-99.8,-99.8
2023-02-22 17:00:00,1013.2,19.7,78.0,0.3,264.0,3.8,224.0,0.0,-99.8,-99.8,-99.8,-99.8,-99.8,-99.8,-99.8
2023-02-22 18:00:00,1013.4,18.7,82.0,0.4,339.0,1.7,305.0,0.0,-99.8,-99.8,-99.8,-99.8,-99.8,-99.8,-99.8
2023-02-22 19:00:00,1013.6,18.4,82.0,0.9,17.0,1.4,29.0,0.0,-99.8,-99.8,-99.8,-99.8,-99.8,-99.8,-99.8
2023-02-22 20:00:00,1013.9,18.5,80.0,0.7,13.0,1.8,18.0,0.0,-99.8,-99.8,-99.8,-99.8,-99.8,-99.8,-99.8
2023-02-22 21:00:00,1014.0,18.5,80.0,0.7,339.0,1.7,11.0,0.0,-99.8,-99.8,-99.8,-99.8,-99.8,-99.8,-99.8
2023-02-22 22:00:00,1013.5,18.3,81.0,0.6,351.0,1.3,334.0,0.0,-99.8,-99.8,-99.8,-99.8,-99.8,-99.8,-99.8
2023-02-22 23:00:00,1013.0,18.2,80.0,0.4,359.0,1.9,17.0,0.0,-99.8,-99.8,-99.8,-99.8,-99.8,-99.8,-99.8
2023-02-23 00:00:00,1012.5,18.2,81.0,0.5,326.0,1.4,13.0,0.0,-99.8,-99.8,-99.8,-99.8,-99.8,-99.8,-99.8
2023-02-23 01:00:00,1012.2,18.7,77.0,0.5,346.0,1.5,356.0,0.0,-99.8,-99.8,-99.8,-99.8,-99.8,-99.8,-99.8
2023-02-23 02:00:00,1011.3,18.1,80.0,0.5,350.0,1.6,331.0,0.0,-99.8,-99.8,-99.8,-99.8,-99.8,-99.8,-99.8
2023-02-23 03:00:00,1010.9,18.4,78.0,1.0,5.0,2.1,358.0,0.0,-99.8,-99.8,-99.8,-99.8,-99.8,-99.8,-99.8
2023-02-23 04:00:00,1010.8,17.7,80.0,0.7,355.0,1.8,360.0,0.0,-99.8,-99.8,-99.8,-99.8,-99.8,-99.8,-99.8
2023-02-23 05:00:00,1011.1,17.8,79.0,1.0,356.0,2.0,346.0,0.0,-99.8,-99.8,-99.8,-99.8,-99.8,-99.8,-99.8
2023-02-23 06:00:00,1011.5,17.8,80.0,0.9,5.0,2.4,360.0,0.0,-99.8,-99.8,-99.8,-99.8,-99.8,-99.8,-99.8
2023-02-23 07:00:00,1011.8,17.9,82.0,0.6,346.0,2.3,1.0,0.0,-99.8,-99.8,-99.8,-99.8,-99.8,-99.8,-99.8
2023-02-23 08:00:00,1011.9,20.9,70.0,0.3,43.0,2.7,6.0,0.0,-99.8,-99.8,-99.8,-99.8,-99.8,-99.8,-99.8
2023-02-23 09:00:00,1012.1,26.0,54.0,0.7,179.0,1.9,194.0,0.0,-99.8,-99.8,-99.8,-99.8,-99.8,-99.8,-99.8
2023-02-23 10:00:00,1011.7,26.0,60.0,2.0,179.0,5.2,147.0,0.0,-99.8,-99.8,-99.8,-99.8,-99.8,-99.8,-99.8
2023-02-23 11:00:00,1011.1,23.3,74.0,3.6,204.0,8.0,201.0,0.0,-99.8,-99.8,-99.8,-99.8,-99.8,-99.8,-99.8
2023-02-23 12:00:00,1010.3,23.5,74.0,4.5,218.0,7.6,207.0,0.0,-99.8,-99.8,-99.8,-99.8,-99.8,-99.8,-99.8
2023-02-23 13:00:00,1009.1,22.6,79.0,5.1,208.0,7.7,200.0,0.0,-99.8,-99.8,-99.8,-99.8,-99.8,-99.8,-99.8
2023-02-23 14:00:00,1008.5,22.5,81.0,0.8,19.0,7.5,214.0,0.0,-99.8,-99.8,-99.8,-99.8,-99.8,-99.8,-99.8
2023-02-23 15:00:00,1008.1,22.6,82.0,4.9,226.0,7.7,235.0,0.0,-99.8,-99.8,-99.8,-99.8,-99.8,-99.8,-99.8
2023-02-23 16:00:00,1008.3,21.9,87.0,0.5,18.0,8.5,210.0,0.0,-99.8,-99.8,-99.8,-99.8,-99.8,-99.8,-99.8
2023-02-23 17:00:00,1008.6,21.1,93.0,0.6,12.0,2.0,20.0,0.0,-99.8,-99.8,-99.8,-99.8,-99.8,-99.8,-99.8
2023-02-23 18:00:00,1008.7,20.5,93.0,0.9,13.0,1.8,29.0,0.0,-99.8,-99.8,-99.8,-99.8,-99.8,-99.8,-99.8
2023-02-23 19:00:00,1008.9,20.3,92.0,0.7,9.0,1.8,19.0,0.0,-99.8,-99.8,-99.8,-99.8,-99.8,-99.8,-99.8
2023-02-23 20:00:00,1009.5,20.3,91.0,1.2,18.0,1.9,6.0,0.0,-99.8,-99.8,-99.8,-99.8,-99.8,-99.8,-99.8
2023-02-23 21:00:00,1009.6,20.3,88.0,1.1,12.0,2.2,6.0,0.0,-99.8,-99.8,-99.8,-99.8,-99.8,-99.8,-99.8
2023-02-23 22:00:00,1009.4,19.7,89.0,1.1,12.0,2.5,12.0,0.0,-99.8,-99.8,-99.8,-99.8,-99.8,-99.8,-99.8
2023-02-23 23:00:00,1008.8,19.8,88.0,1.1,10.0,1.9,5.0,0.0,-99.8,-99.8,-99.8,-99.8,-99.8,-99.8,-99.8
2023-02-24 00:00:00,1008.6,19.7,88.0,1.0,5.0,2.4,359.0,0.0,-99.8,-99.8,-99.8,-99.8,-99.8,-99.8,-99.8
2023-02-24 01:00:00,1008.4,19.7,87.0,0.9,355.0,1.9,16.0,0.0,-99.8,-99.8,-99.8,-99.8,-99.8,-99.8,-99.8
2023-02-24 02:00:00,1008.1,19.4,86.0,0.9,359.0,2.1,26.0,0.0,-99.8,-99.8,-99.8,-99.8,-99.8,-99.8,-99.8
2023-02-24 03:00:00,1007.9,19.4,85.0,0.9,9.0,2.2,14.0,0.0,-99.8,-99.8,-99.8,-99.8,-99.8,-99.8,-99.8
2023-02-24 04:00:00,1007.9,19.4,85.0,1.0,8.0,2.8,8.0,0.0,-99.8,-99.8,-99.8,-99.8,-99.8,-99.8,-99.8
2023-02-24 05:00:00,1008.0,19.3,86.0,0.9,7.0,2.3,17.0,0.0,-99.8,-99.8,-99.8,-99.8,-99.8,-99.8,-99.8
2023-02-24 06:00:00,1008.6,19.5,86.0,0.9,359.0,2.3,11.0,0.0,-99.8,-99.8,-99.8,-99.8,-99.8,-99.8,-99.8
2023-02-24 07:00:00,1009.3,20.0,81.0,1.3,9.0,2.3,8.0,0.0,-99.8,-99.8,-99.8,-99.8,-99.8,-99.8,-99.8
2023-02-24 08:00:00,1009.9,23.0,74.0,0.5,26.0,2.2,360.0,0.0,-99.8,-99.8,-99.8,-99.8,-99.8,-99.8,-99.8
2023-02-24 09:00:00,1010.3,26.6,59.0,0.6,137.0,2.6,196.0,0.0,-99.8,-99.8,-99.8,-99.8,-99.8,-99.8,-99.8
2023-02-24 10:00:00,1010.1,28.5,56.0,2.0,202.0,3.7,213.0,0.0,-99.8,-99.8,-99.8,-99.8,-99.8,-99.8,-99.8
2023-02-24 11:00:00,1009.5,24.6,65.0,3.5,221.0,8.5,201.0,0.0,-99.8,-99.8,-99.8,-99.8,-99.8,-99.8,-99.8
2023-02-24 12:00:00,1009.0,25.0,64.0,3.9,234.0,10.7,205.0,0.0,-99.8,-99.8,-99.8,-99.8,-99.8,-99.8,-99.8
2023-02-24 13:00:00,1008.8,24.8,65.0,4.7,214.0,9.6,239.0,0.0,-99.8,-99.8,-99.8,-99.8,-99.8,-99.8,-99.8
2023-02-24 14:00:00,1008.5,22.7,71.0,3.1,238.0,7.9,206.0,0.0,-99.8,-99.8,-99.8,-99.8,-99.8,-99.8,-99.8
2023-02-24 15:00:00,1008.8,21.5,73.0,2.6,266.0,9.1,246.0,0.0,-99.8,-99.8,-99.8,-99.8,-99.8,-99.8,-99.8
2023-02-24 16:00:00,1009.6,20.6,74.0,2.3,289.0,6.1,285.0,0.0,-99.8,-99.8,-99.8,-99.8,-99.8,-99.8,-99.8
2023-02-24 17:00:00,1010.7,20.3,74.0,1.5,318.0,5.2,38.0,0.0,-99.8,-99.8,-99.8,-99.8,-99.8,-99.8,-99.8
2023-02-24 18:00:00,1011.6,19.6,74.0,1.4,252.0,6.0,295.0,0.0,-99.8,-99.8,-99.8,-99.8,-99.8,-99.8,-99.8
2023-02-24 19:00:00,1012.7,18.9,75.0,0.9,284.0,5.3,269.0,0.0,-99.8,-99.8,-99.8,-99.8,-99.8,-99.8,-99.8
2023-02-24 20:00:00,1013.6,18.4,74.0,1.2,223.0,6.0,283.0,0.0,-99.8,-99.8,-99.8,-99.8,-99.8,-99.8,-99.8
2023-02-24 21:00:00,1014.1,18.2,74.0,1.6,235.0,8.1,215.0,0.0,-99.8,-99.8,-99.8,-99.8,-99.8,-99.8,-99.8
2023-02-24 22:00:00,1014.4,18.1,73.0,1.9,234.0,4.9,226.0,0.0,-99.8,-99.8,-99.8,-99.8,-99.8,-99.8,-99.8
2023-02-24 23:00:00,1015.0,18.0,71.0,1.5,296.0,4.2,293.0,0.0,-99.8,-99.8,-99.8,-99.8,-99.8,-99.8,-99.8
2023-02-25 00:00:00,1015.3,17.8,74.0,0.2,0.0,3.3,54.0,0.0,-99.8,-99.8,-99.8,-99.8,-99.8,-99.8,-99.8
2023-02-25 01:00:00,1015.4,17.8,71.0,0.6,10.0,3.2,270.0,0.0,-99.8,-99.8,-99.8,-99.8,-99.8,-99.8,-99.8
2023-02-25 02:00:00,1015.3,17.7,78.0,0.5,25.0,2.1,19.0,0.0,-99.8,-99.8,-99.8,-99.8,-99.8,-99.8,-99.8
2023-02-25 03:00:00,1015.3,17.5,76.0,0.6,329.0,1.7,338.0,0.0,-99.8,-99.8,-99.8,-99.8,-99.8,-99.8,-99.8
2023-02-25 04:00:00,1015.3,17.3,78.0,0.3,321.0,1.5,17.0,0.0,-99.8,-99.8,-99.8,-99.8,-99.8,-99.8,-99.8
2023-02-25 05:00:00,1015.4,17.5,79.0,0.7,13.0,1.7,166.0,0.0,-99.8,-99.8,-99.8,-99.8,-99.8,-99.8,-99.8
2023-02-25 06:00:00,1016.3,17.7,80.0,0.8,352.0,3.0,17.0,0.0,-99.8,-99.8,-99.8,-99.8,-99.8,-99.8,-99.8
2023-02-25 07:00:00,1017.5,18.1,65.0,1.1,339.0,3.5,329.0,0.0,-99.8,-99.8,-99.8,-99.8,-99.8,-99.8,-99.8
2023-02-25 08:00:00,1018.1,18.2,68.0,0.6,327.0,3.4,271.0,0.0,-99.8,-99.8,-99.8,-99.8,-99.8,-99.8,-99.8
2023-02-25 09:00:00,1019.1,18.6,62.0,1.2,345.0,3.5,21.0,0.0,-99.8,-99.8,-99.8,-99.8,-99.8,-99.8,-99.8
2023-02-25 10:00:00,1019.4,18.6,65.0,1.1,308.0,5.5,285.0,0.0,-99.8,-99.8,-99.8,-99.8,-99.8,-99.8,-99.8
2023-02-25 11:00:00,1019.4,18.6,65.0,0.9,289.0,4.5,69.0,0.0,-99.8,-99.8,-99.8,-99.8,-99.8,-99.8,-99.8
2023-02-25 12:00:00,1018.7,18.8,61.0,2.0,62.0,5.7,310.0,0.0,-99.8,-99.8,-99.8,-99.8,-99.8,-99.8,-99.8
2023-02-25 13:00:00,1018.1,18.9,58.0,1.8,325.0,6.3,298.0,0.0,-99.8,-99.8,-99.8,-99.8,-99.8,-99.8,-99.8
2023-02-25 14:00:00,1018.2,18.5,59.0,2.6,342.0,7.0,22.0,0.0,-99.8,-99.8,-99.8,-99.8,-99.8,-99.8,-99.8
2023-02-25 15:00:00,1018.3,18.7,53.0,2.2,356.0,6.9,20.0,0.0,-99.8,-99.8,-99.8,-99.8,-99.8,-99.8,-99.8
2023-02-25 16:00:00,1019.0,18.4,53.0,2.2,1.0,8.4,25.0,0.0,-99.8,-99.8,-99.8,-99.8,-99.8,-99.8,-99.8
2023-02-25 17:00:00,1019.9,18.1,55.0,3.1,354.0,8.8,17.0,0.0,-99.8,-99.8,-99.8,-99.8,-99.8,-99.8,-99.8
2023-02-25 18:00:00,1020.4,18.1,54.0,2.6,342.0,8.1,7.0,0.0,-99.8,-99.8,-99.8,-99.8,-99.8,-99.8,-99.8
2023-02-25 19:00:00,1021.2,17.3,60.0,2.8,332.0,8.8,355.0,0.0,-99.8,-99.8,-99.8,-99.8,-99.8,-99.8,-99.8
2023-02-25 20:00:00,1022.1,16.7,64.0,3.7,4.0,8.8,16.0,0.0,-99.8,-99.8,-99.8,-99.8,-99.8,-99.8,-99.8
2023-02-25 21:00:00,1023.1,17.0,56.0,4.4,358.0,9.9,44.0,0.0,-99.8,-99.8,-99.8,-99.8,-99.8,-99.8,-99.8
2023-02-25 22:00:00,1023.2,17.5,49.0,4.2,31.0,10.7,69.0,0.0,-99.8,-99.8,-99.8,-99.8,-99.8,-99.8,-99.8
2023-02-25 23:00:00,1023.2,17.3,48.0,3.2,37.0,9.9,354.0,0.0,-99.8,-99.8,-99.8,-99.8,-99.8,-99.8,-99.8
2023-02-26 00:00:00,1023.5,16.3,56.0,3.3,341.0,9.2,55.0,0.0,-99.8,-99.8,-99.8,-99.8,-99.8,-99.8,-99.8
2023-02-26 01:00:00,1023.0,16.4,51.0,2.9,3.0,8.5,25.0,0.0,-99.8,-99.8,-99.8,-99.8,-99.8,-99.8,-99.8
2023-02-26 02:00:00,1022.7,16.5,50.0,2.4,42.0,8.2,86.0,0.0,-99.8,-99.8,-99.8,-99.8,-99.8,-99.8,-99.8
2023-02-26 03:00:00,1022.3,16.5,49.0,2.2,63.0,7.1,21.0,0.0,-99.8,-99.8,-99.8,-99.8,-99.8,-99.8,-99.8
2023-02-26 04:00:00,1022.2,16.2,52.0,1.1,241.0,5.7,276.0,0.0,-99.8,-99.8,-99.8,-99.8,-99.8,-99.8,-99.8
2023-02-26 05:00:00,1022.6,16.2,52.0,1.4,334.0,6.3,324.0,0.0,-99.8,-99.8,-99.8,-99.8,-99.8,-99.8,-99.8
2023-02-26 06:00:00,1022.8,16.0,54.0,1.7,265.0,5.7,302.0,0.0,-99.8,-99.8,-99.8,-99.8,-99.8,-99.8,-99.8
2023-02-26 07:00:00,1023.6,15.8,56.0,1.5,246.0,6.5,347.0,0.0,-99.8,-99.8,-99.8,-99.8,-99.8,-99.8,-99.8
2023-02-26 08:00:00,1024.2,15.9,57.0,1.3,11.0,4.5,237.0,0.0,-99.8,-99.8,-99.8,-99.8,-99.8,-99.8,-99.8
2023-02-26 09:00:00,1024.5,16.5,53.0,1.9,314.0,6.2,264.0,0.0,-99.8,-99.8,-99.8,-99.8,-99.8,-99.8,-99.8
2023-02-26 10:00:00,1024.6,16.7,49.0,2.7,7.0,7.8,26.0,0.0,-99.8,-99.8,-99.8,-99.8,-99.8,-99.8,-99.8
2023-02-26 11:00:00,1024.3,16.8,54.0,1.6,349.0,6.4,20.0,0.0,-99.8,-99.8,-99.8,-99.8,-99.8,-99.8,-99.8
2023-02-26 12:00:00,1023.8,17.2,49.0,1.2,11.0,4.7,15.0,0.0,-99.8,-99.8,-99.8,-99.8,-99.8,-99.8,-99.8
2023-02-26 13:00:00,1022.7,17.2,53.0,0.8,331.0,4.4,35.0,0.0,-99.8,-99.8,-99.8,-99.8,-99.8,-99.8,-99.8
2023-02-26 14:00:00,1022.2,16.8,54.0,0.9,356.0,4.7,34.0,0.0,-99.8,-99.8,-99.8,-99.8,-99.8,-99.8,-99.8
2023-02-26 15:00:00,1022.1,16.2,56.0,1.5,335.0,5.4,49.0,0.0,-99.8,-99.8,-99.8,-99.8,-99.8,-99.8,-99.8
2023-02-26 16:00:00,1022.1,16.4,55.0,2.1,344.0,5.8,291.0,0.0,-99.8,-99.8,-99.8,-99.8,-99.8,-99.8,-99.8
2023-02-26 17:00:00,1022.7,15.9,57.0,2.1,355.0,6.2,355.0,0.0,-99.8,-99.8,-99.8,-99.8,-99.8,-99.8,-99.8
2023-02-26 18:00:00,1023.1,15.9,54.0,1.8,28.0,5.9,13.0,0.0,-99.8,-99.8,-99.8,-99.8,-99.8,-99.8,-99.8
2023-02-26 19:00:00,1023.3,15.8,56.0,1.1,287.0,4.8,213.0,0.0,-99.8,-99.8,-99.8,-99.8,-99.8,-99.8,-99.8
2023-02-26 20:00:00,1023.8,16.0,55.0,0.7,6.0,4.2,61.0,0.0,-99.8,-99.8,-99.8,-99.8,-99.8,-99.8,-99.8
2023-02-26 21:00:00,1024.2,16.3,50.0,1.8,27.0,5.5,22.0,0.0,-99.8,-99.8,-99.8,-99.8,-99.8,-99.8,-99.8
2023-02-26 22:00:00,1024.3,16.3,51.0,2.0,57.0,7.1,26.0,0.0,-99.8,-99.8,-99.8,-99.8,-99.8,-99.8,-99.8
2023-02-26 23:00:00,1024.0,15.5,62.0,0.8,24.0,3.6,27.0,0.0,-99.8,-99.8,-99.8,-99.8,-99.8,-99.8,-99.8
2023-02-27 00:00:00,1024.0,15.8,58.0,0.8,336.0,3.2,32.0,0.0,-99.8,-99.8,-99.8,-99.8,-99.8,-99.8,-99.8
2023-02-27 01:00:00,1023.3,15.1,68.0,0.7,349.0,3.6,302.0,0.0,-99.8,-99.8,-99.8,-99.8,-99.8,-99.8,-99.8
2023-02-27 02:00:00,1022.8,15.1,68.0,0.4,350.0,1.5,360.0,0.0,-99.8,-99.8,-99.8,-99.8,-99.8,-99.8,-99.8
2023-02-27 03:00:00,1022.2,15.2,65.0,0.3,343.0,1.5,290.0,0.0,-99.8,-99.8,-99.8,-99.8,-99.8,-99.8,-99.8
2023-02-27 04:00:00,1022.0,15.1,66.0,0.3,323.0,2.5,255.0,0.0,-99.8,-99.8,-99.8,-99.8,-99.8,-99.8,-99.8
2023-02-27 05:00:00,1022.1,15.0,68.0,0.3,339.0,2.0,6.0,0.0,-99.8,-99.8,-99.8,-99.8,-99.8,-99.8,-99.8
2023-02-27 06:00:00,1022.3,15.0,68.0,0.5,353.0,1.5,17.0,0.0,-99.8,-99.8,-99.8,-99.8,-99.8,-99.8,-99.8
2023-02-27 07:00:00,1023.1,15.5,66.0,0.7,7.0,1.6,9.0,0.0,-99.8,-99.8,-99.8,-99.8,-99.8,-99.8,-99.8
2023-02-27 08:00:00,1023.5,16.1,67.0,0.2,0.0,1.5,8.0,0.0,-99.8,-99.8,-99.8,-99.8,-99.8,-99.8,-99.8
2023-02-27 09:00:00,1023.6,17.8,60.0,0.4,35.0,1.9,301.0,0.0,-99.8,-99.8,-99.8,-99.8,-99.8,-99.8,-99.8
2023-02-27 10:00:00,1023.6,18.1,52.0,2.7,216.0,5.1,208.0,0.0,-99.8,-99.8,-99.8,-99.8,-99.8,-99.8,-99.8
2023-02-27 11:00:00,1023.3,18.5,51.0,2.8,197.0,6.3,210.0,0.0,-99.8,-99.8,-99.8,-99.8,-99.8,-99.8,-99.8
2023-02-27 12:00:00,1022.7,18.5,51.0,2.1,213.0,7.5,214.0,0.0,-99.8,-99.8,-99.8,-99.8,-99.8,-99.8,-99.8
2023-02-27 13:00:00,1021.7,19.1,48.0,1.5,25.0,7.0,233.0,0.0,-99.8,-99.8,-99.8,-99.8,-99.8,-99.8,-99.8
2023-02-27 14:00:00,1020.7,20.2,48.0,0.6,186.0,3.4,26.0,0.0,-99.8,-99.8,-99.8,-99.8,-99.8,-99.8,-99.8
2023-02-27 15:00:00,1020.2,19.6,47.0,0.8,28.0,3.2,191.0,0.0,-99.8,-99.8,-99.8,-99.8,-99.8,-99.8,-99.8
2023-02-27 16:00:00,1020.2,19.1,55.0,1.5,210.0,3.7,200.0,0.0,-99.8,-99.8,-99.8,-99.8,-99.8,-99.8,-99.8
2023-02-27 17:00:00,1020.6,17.1,68.0,0.7,360.0,2.5,172.0,0.0,-99.8,-99.8,-99.8,-99.8,-99.8,-99.8,-99.8
2023-02-27 18:00:00,1020.9,16.6,66.0,0.9,11.0,2.4,7.0,0.0,-99.8,-99.8,-99.8,-99.8,-99.8,-99.8,-99.8
2023-02-27 19:00:00,1020.5,16.6,58.0,0.9,355.0,2.4,329.0,0.0,-99.8,-99.8,-99.8,-99.8,-99.8,-99.8,-99.8
2023-02-27 20:00:00,1021.2,16.4,63.0,1.1,12.0,2.3,23.0,0.0,-99.8,-99.8,-99.8,-99.8,-99.8,-99.8,-99.8
2023-02-27 21:00:00,1021.2,16.3,64.0,1.0,8.0,2.4,3.0,0.0,-99.8,-99.8,-99.8,-99.8,-99.8,-99.8,-99.8
2023-02-27 22:00:00,1020.7,16.3,59.0,0.7,338.0,2.1,24.0,0.0,-99.8,-99.8,-99.8,-99.8,-99.8,-99.8,-99.8
2023-02-27 23:00:00,1020.5,16.5,61.0,1.0,10.0,2.9,13.0,0.0,-99.8,-99.8,-99.8,-99.8,-99.8,-99.8,-99.8
2023-02-28 00:00:00,1020.1,16.6,62.0,0.9,1.0,2.0,9.0,0.0,-99.8,-99.8,-99.8,-99.8,-99.8,-99.8,-99.8
2023-02-28 01:00:00,1019.2,16.8,61.0,1.0,11.0,2.0,5.0,0.0,-99.8,-99.8,-99.8,-99.8,-99.8,-99.8,-99.8
2023-02-28 02:00:00,1018.9,16.4,65.0,1.1,9.0,2.2,338.0,0.0,-99.8,-99.8,-99.8,-99.8,-99.8,-99.8,-99.8
2023-02-28 03:00:00,1018.1,16.5,71.0,1.1,12.0,2.2,26.0,0.0,-99.8,-99.8,-99.8,-99.8,-99.8,-99.8,-99.8
2023-02-28 04:00:00,1017.6,16.5,70.0,1.1,6.0,2.5,30.0,0.0,-99.8,-99.8,-99.8,-99.8,-99.8,-99.8,-99.8
2023-02-28 05:00:00,1017.9,16.4,71.0,1.3,17.0,2.5,4.0,0.0,-99.8,-99.8,-99.8,-99.8,-99.8,-99.8,-99.8
2023-02-28 06:00:00,1018.3,16.4,73.0,1.1,11.0,2.6,3.0,0.0,-99.8,-99.8,-99.8,-99.8,-99.8,-99.8,-99.8
2023-02-28 07:00:00,1018.6,16.8,70.0,1.0,2.0,2.1,356.0,0.0,-99.8,-99.8,-99.8,-99.8,-99.8,-99.8,-99.8
2023-02-28 08:00:00,1018.6,19.9,64.0,0.6,321.0,1.8,346.0,0.0,-99.8,-99.8,-99.8,-99.8,-99.8,-99.8,-99.8
2023-02-28 09:00:00,1018.9,24.3,53.0,0.9,163.0,2.7,161.0,0.0,-99.8,-99.8,-99.8,-99.8,-99.8,-99.8,-99.8
2023-02-28 10:00:00,1018.7,24.9,49.0,1.1,184.0,2.0,206.0,0.0,-99.8,-99.8,-99.8,-99.8,-99.8,-99.8,-99.8
2023-02-28 11:00:00,1017.9,25.8,47.0,1.0,186.0,2.5,198.0,0.0,-99.8,-99.8,-99.8,-99.8,-99.8,-99.8,-99.8
2023-02-28 12:00:00,1017.1,26.2,46.0,1.5,185.0,3.1,135.0,0.0,-99.8,-99.8,-99.8,-99.8,-99.8,-99.8,-99.8
2023-02-28 13:00:00,1015.9,26.0,46.0,1.4,201.0,2.8,165.0,0.0,-99.8,-99.8,-99.8,-99.8,-99.8,-99.8,-99.8
2023-02-28 14:00:00,1015.2,25.5,44.0,1.0,172.0,3.0,202.0,0.0,-99.8,-99.8,-99.8,-99.8,-99.8,-99.8,-99.8
2023-02-28 15:00:00,1014.7,25.1,48.0,0.9,168.0,2.7,190.0,0.0,-99.8,-99.8,-99.8,-99.8,-99.8,-99.8,-99.8
2023-02-28 16:00:00,1014.6,21.7,65.0,0.1,0.0,2.1,199.0,0.0,-99.8,-99.8,-99.8,-99.8,-99.8,-99.8,-99.8
2023-02-28 17:00:00,1014.7,20.3,73.0,0.8,18.0,1.3,36.0,0.0,-99.8,-99.8,-99.8,-99.8,-99.8,-99.8,-99.8
2023-02-28 18:00:00,1015.0,19.4,75.0,1.2,13.0,2.3,6.0,0.0,-99.8,-99.8,-99.8,-99.8,-99.8,-99.8,-99.8
2023-02-28 19:00:00,1015.1,19.2,73.0,0.9,9.0,2.3,16.0,0.0,-99.8,-99.8,-99.8,-99.8,-99.8,-99.8,-99.8
2023-02-28 20:00:00,1015.5,18.8,71.0,1.1,11.0,2.2,3.0,0.0,-99.8,-99.8,-99.8,-99.8,-99.8,-99.8,-99.8
2023-02-28 21:00:00,1015.7,18.5,74.0,0.6,5.0,2.4,7.0,0.0,-99.8,-99.8,-99.8,-99.8,-99.8,-99.8,-99.8
2023-02-28 22:00:00,1015.7,18.9,75.0,1.1,7.0,2.7,360.0,0.0,-99.8,-99.8,-99.8,-99.8,-99.8,-99.8,-99.8
2023-02-28 23:00:00,1015.3,19.0,74.0,1.6,11.0,3.3,21.0,0.0,-99.8,-99.8,-99.8,-99.8,-99.8,-99.8,-99.8
2023-03-01 00:00:00,1014.7,19.1,70.0,1.4,358.0,2.9,5.0,0.0,-99.8,-99.8,-99.8,-99.8,-99.8,-99.8,-99.8
2023-03-01 01:00:00,1014.1,18.5,74.0,1.1,10.0,3.3,360.0,0.0,-99.8,-99.8,-99.8,-99.8,-99.8,-99.8,-99.8
2023-03-01 02:00:00,1013.4,18.3,73.0,1.1,12.0,2.8,11.0,0.0,-99.8,-99.8,-99.8,-99.8,-99.8,-99.8,-99.8
2023-03-01 03:00:00,1013.0,18.2,72.0,1.2,15.0,2.4,4.0,0.0,-99.8,-99.8,-99.8,-99.8,-99.8,-99.8,-99.8
2023-03-01 04:00:00,1012.7,18.4,68.0,1.2,6.0,3.2,341.0,0.0,-99.8,-99.8,-99.8,-99.8,-99.8,-99.8,-99.8
2023-03-01 05:00:00,1013.0,18.2,70.0,0.9,11.0,3.3,25.0,0.0,-99.8,-99.8,-99.8,-99.8,-99.8,-99.8,-99.8
2023-03-01 06:00:00,1013.7,18.0,72.0,1.2,10.0,2.8,14.0,0.0,-99.8,-99.8,-99.8,-99.8,-99.8,-99.8,-99.8
2023-03-01 07:00:00,1014.2,18.6,71.0,1.4,18.0,3.2,34.0,0.0,-99.8,-99.8,-99.8,-99.8,-99.8,-99.8,-99.8
2023-03-01 08:00:00,1014.4,21.5,65.0,0.4,33.0,2.4,2.0,0.0,-99.8,-99.8,-99.8,-99.8,-99.8,-99.8,-99.8
2023-03-01 09:00:00,1014.7,25.5,52.0,0.6,156.0,1.6,123.0,0.0,-99.8,-99.8,-99.8,-99.8,-99.8,-99.8,-99.8
2023-03-01 10:00:00,1014.5,26.3,53.0,1.2,154.0,2.2,156.0,0.0,-99.8,-99.8,-99.8,-99.8,-99.8,-99.8,-99.8
2023-03-01 11:00:00,1013.9,26.4,52.0,1.2,142.0,2.7,160.0,0.0,-99.8,-99.8,-99.8,-99.8,-99.8,-99.8,-99.8
2023-03-01 12:00:00,1013.4,26.7,53.0,1.1,171.0,2.4,223.0,0.0,-99.8,-99.8,-99.8,-99.8,-99.8,-99.8,-99.8
2023-03-01 13:00:00,1012.8,25.0,59.0,0.7,181.0,2.6,169.0,0.0,-99.8,-99.8,-99.8,-99.8,-99.8,-99.8,-99.8
2023-03-01 14:00:00,1012.1,26.3,55.0,0.9,163.0,2.5,136.0,0.0,-99.8,-99.8,-99.8,-99.8,-99.8,-99.8,-99.8
2023-03-01 15:00:00,1012.0,22.9,67.0,1.2,195.0,2.7,152.0,0.0,-99.8,-99.8,-99.8,-99.8,-99.8,-99.8,-99.8
2023-03-01 16:00:00,1011.9,22.5,69.0,3.6,211.0,6.7,220.0,0.0,-99.8,-99.8,-99.8,-99.8,-99.8,-99.8,-99.8
2023-03-01 17:00:00,1012.0,22.0,73.0,0.8,291.0,6.0,214.0,0.0,-99.8,-99.8,-99.8,-99.8,-99.8,-99.8,-99.8
2023-03-01 18:00:00,1012.7,20.4,81.0,0.3,339.0,2.4,237.0,0.0,-99.8,-99.8,-99.8,-99.8,-99.8,-99.8,-99.8
2023-03-01 19:00:00,1013.4,20.5,81.0,0.3,5.0,1.1,24.0,0.0,-99.8,-99.8,-99.8,-99.8,-99.8,-99.8,-99.8
2023-03-01 20:00:00,1014.1,20.3,82.0,0.3,308.0,0.9,328.0,0.0,-99.8,-99.8,-99.8,-99.8,-99.8,-99.8,-99.8
2023-03-01 21:00:00,1014.7,19.7,84.0,0.4,343.0,1.1,319.0,0.0,-99.8,-99.8,-99.8,-99.8,-99.8,-99.8,-99.8
2023-03-01 22:00:00,1014.8,19.1,84.0,0.6,341.0,1.5,317.0,0.0,-99.8,-99.8,-99.8,-99.8,-99.8,-99.8,-99.8
2023-03-01 23:00:00,1014.9,18.9,85.0,0.6,335.0,1.4,309.0,0.0,-99.8,-99.8,-99.8,-99.8,-99.8,-99.8,-99.8
2023-03-02 00:00:00,1014.6,18.8,85.0,0.5,337.0,1.5,298.0,0.0,-99.8,-99.8,-99.8,-99.8,-99.8,-99.8,-99.8
2023-03-02 01:00:00,1014.3,18.9,83.0,0.4,326.0,1.4,305.0,0.0,-99.8,-99.8,-99.8,-99.8,-99.8,-99.8,-99.8
2023-03-02 02:00:00,1014.3,18.8,80.0,0.5,328.0,1.4,264.0,0.0,-99.8,-99.8,-99.8,-99.8,-99.8,-99.8,-99.8
2023-03-02 03:00:00,1014.2,18.4,79.0,0.5,332.0,1.1,343.0,0.0,-99.8,-99.8,-99.8,-99.8,-99.8,-99.8,-99.8
2023-03-02 04:00:00,1014.4,18.4,77.0,0.6,342.0,1.6,292.0,0.0,-99.8,-99.8,-99.8,-99.8,-99.8,-99.8,-99.8
2023-03-02 05:00:00,1015.1,18.0,78.0,0.4,329.0,1.2,302.0,0.0,-99.8,-99.8,-99.8,-99.8,-99.8,-99.8,-99.8
2023-03-02 06:00:00,1016.0,18.2,72.0,0.5,261.0,2.5,227.0,0.0,-99.8,-99.8,-99.8,-99.8,-99.8,-99.8,-99.8
2023-03-02 07:00:00,1017.1,18.4,64.0,0.7,298.0,3.5,215.0,0.0,-99.8,-99.8,-99.8,-99.8,-99.8,-99.8,-99.8
2023-03-02 08:00:00,1018.3,18.4,60.0,1.0,347.0,4.4,282.0,0.0,-99.8,-99.8,-99.8,-99.8,-99.8,-99.8,-99.8
2023-03-02 09:00:00,1019.1,18.7,58.0,1.1,274.0,3.7,330.0,0.0,-99.8,-99.8,-99.8,-99.8,-99.8,-99.8,-99.8
2023-03-02 10:00:00,1019.2,19.0,58.0,1.9,256.0,5.2,286.0,0.0,-99.8,-99.8,-99.8,-99.8,-99.8,-99.8,-99.8
2023-03-02 11:00:00,1019.1,19.1,57.0,1.2,303.0,6.8,247.0,0.0,-99.8,-99.8,-99.8,-99.8,-99.8,-99.8,-99.8
2023-03-02 12:00:00,1018.5,18.6,60.0,2.7,260.0,6.1,277.0,0.0,-99.8,-99.8,-99.8,-99.8,-99.8,-99.8,-99.8
2023-03-02 13:00:00,1018.0,18.2,61.0,2.4,255.0,8.2,277.0,0.0,-99.8,-99.8,-99.8,-99.8,-99.8,-99.8,-99.8
2023-03-02 14:00:00,1017.4,17.8,60.0,2.4,247.0,12.8,230.0,0.0,-99.8,-99.8,-99.8,-99.8,-99.8,-99.8,-99.8
2023-03-02 15:00:00,1017.6,17.3,58.0,1.8,314.0,6.2,283.0,0.0,-99.8,-99.8,-99.8,-99.8,-99.8,-99.8,-99.8
2023-03-02 16:00:00,1017.8,17.0,58.0,1.4,349.0,6.8,309.0,0.0,-99.8,-99.8,-99.8,-99.8,-99.8,-99.8,-99.8
2023-03-02 17:00:00,1018.2,16.9,58.0,1.6,347.0,5.3,31.0,0.0,-99.8,-99.8,-99.8,-99.8,-99.8,-99.8,-99.8
2023-03-02 18:00:00,1019.0,16.8,59.0,1.4,315.0,4.7,24.0,0.0,-99.8,-99.8,-99.8,-99.8,-99.8,-99.8,-99.8
2023-03-02 19:00:00,1019.8,16.5,63.0,0.3,30.0,4.1,274.0,0.0,-99.8,-99.8,-99.8,-99.8,-99.8,-99.8,-99.8
2023-03-02 20:00:00,1020.5,16.7,58.0,1.0,343.0,2.7,256.0,0.0,-99.8,-99.8,-99.8,-99.8,-99.8,-99.8,-99.8
2023-03-02 21:00:00,1021.0,16.7,55.0,1.3,297.0,4.8,283.0,0.0,-99.8,-99.8,-99.8,-99.8,-99.8,-99.8,-99.8
2023-03-02 22:00:00,1020.9,16.3,64.0,0.9,9.0,3.2,20.0,0.0,-99.8,-99.8,-99.8,-99.8,-99.8,-99.8,-99.8
2023-03-02 23:00:00,1020.7,15.9,67.0,0.5,315.0,4.3,31.0,0.0,-99.8,-99.8,-99.8,-99.8,-99.8,-99.8,-99.8
2023-03-03 00:00:00,1020.4,16.0,68.0,0.3,329.0,1.4,20.0,0.0,-99.8,-99.8,-99.8,-99.8,-99.8,-99.8,-99.8
2023-03-03 01:00:00,1020.1,15.7,69.0,0.6,318.0,1.1,309.0,0.0,-99.8,-99.8,-99.8,-99.8,-99.8,-99.8,-99.8
2023-03-03 02:00:00,1019.6,15.8,67.0,0.3,332.0,1.1,338.0,0.0,-99.8,-99.8,-99.8,-99.8,-99.8,-99.8,-99.8
2023-03-03 03:00:00,1019.4,16.0,63.0,0.6,7.0,2.1,31.0,0.0,-99.8,-99.8,-99.8,-99.8,-99.8,-99.8,-99.8
2023-03-03 04:00:00,1018.8,16.7,55.0,0.4,303.0,3.5,31.0,0.0,-99.8,-99.8,-99.8,-99.8,-99.8,-99.8,-99.8
2023-03-03 05:00:00,1019.3,16.2,63.0,0.5,17.0,2.2,230.0,0.0,-99.8,-99.8,-99.8,-99.8,-99.8,-99.8,-99.8
2023-03-03 06:00:00,1019.7,15.9,63.0,0.6,6.0,1.4,15.0,0.0,-99.8,-99.8,-99.8,-99.8,-99.8,-99.8,-99.8
2023-03-03 07:00:00,1020.2,16.3,66.0,0.6,13.0,1.2,24.0,0.0,-99.8,-99.8,-99.8,-99.8,-99.8,-99.8,-99.8
2023-03-03 08:00:00,1020.5,17.3,57.0,0.2,0.0,1.2,310.0,0.0,-99.8,-99.8,-99.8,-99.8,-99.8,-99.8,-99.8
2023-03-03 09:00:00,1020.6,19.0,54.0,0.1,0.0,3.9,227.0,0.0,-99.8,-99.8,-99.8,-99.8,-99.8,-99.8,-99.8
2023-03-03 10:00:00,1020.1,19.2,51.0,1.9,175.0,4.2,174.0,0.0,-99.8,-99.8,-99.8,-99.8,-99.8,-99.8,-99.8
2023-03-03 11:00:00,1019.1,19.9,56.0,1.2,189.0,4.6,208.0,0.0,-99.8,-99.8,-99.8,-99.8,-99.8,-99.8,-99.8
2023-03-03 12:00:00,1018.3,19.5,56.0,1.7,191.0,4.1,269.0,0.0,-99.8,-99.8,-99.8,-99.8,-99.8,-99.8,-99.8
2023-03-03 13:00:00,1017.4,18.6,62.0,2.0,195.0,6.3,171.0,0.0,-99.8,-99.8,-99.8,-99.8,-99.8,-99.8,-99.8
2023-03-03 14:00:00,1016.4,18.5,63.0,2.7,206.0,6.7,209.0,0.0,-99.8,-99.8,-99.8,-99.8,-99.8,-99.8,-99.8
2023-03-03 15:00:00,1016.3,18.5,64.0,0.1,0.0,2.5,29.0,0.0,-99.8,-99.8,-99.8,-99.8,-99.8,-99.8,-99.8
2023-03-03 16:00:00,1016.5,18.3,65.0,0.1,0.0,2.0,241.0,0.0,-99.8,-99.8,-99.8,-99.8,-99.8,-99.8,-99.8
2023-03-03 17:00:00,1016.9,18.4,66.0,2.3,232.0,4.5,235.0,0.0,-99.8,-99.8,-99.8,-99.8,-99.8,-99.8,-99.8
2023-03-03 18:00:00,1017.4,17.6,73.0,0.2,0.0,2.9,238.0,0.0,-99.8,-99.8,-99.8,-99.8,-99.8,-99.8,-99.8
2023-03-03 19:00:00,1017.9,17.2,74.0,0.4,330.0,1.0,306.0,0.0,-99.8,-99.8,-99.8,-99.8,-99.8,-99.8,-99.8
2023-03-03 20:00:00,1018.6,17.2,74.0,0.3,4.0,1.0,316.0,0.0,-99.8,-99.8,-99.8,-99.8,-99.8,-99.8,-99.8
2023-03-03 21:00:00,1018.9,17.1,75.0,0.3,339.0,1.0,327.0,0.0,-99.8,-99.8,-99.8,-99.8,-99.8,-99.8,-99.8
2023-03-03 22:00:00,1018.9,17.2,75.0,0.5,7.0,1.2,344.0,0.0,-99.8,-99.8,-99.8,-99.8,-99.8,-99.8,-99.8
2023-03-03 23:00:00,1018.6,17.1,74.0,0.8,9.0,1.7,11.0,0.0,-99.8,-99.8,-99.8,-99.8,-99.8,-99.8,-99.8
2023-03-04 00:00:00,1018.3,17.3,73.0,0.7,11.0,1.6,1.0,0.0,-99.8,-99.8,-99.8,-99.8,-99.8,-99.8,-99.8
2023-03-04 01:00:00,1018.0,17.1,73.0,0.6,359.0,1.4,360.0,0.0,-99.8,-99.8,-99.8,-99.8,-99.8,-99.8,-99.8
2023-03-04 02:00:00,1017.6,17.1,73.0,0.8,14.0,1.6,13.0,0.0,-99.8,-99.8,-99.8,-99.8,-99.8,-99.8,-99.8
2023-03-04 03:00:00,1017.0,17.3,72.0,0.7,8.0,1.9,1.0,0.0,-99.8,-99.8,-99.8,-99.8,-99.8,-99.8,-99.8
2023-03-04 04:00:00,1016.9,17.3,74.0,0.7,12.0,1.4,338.0,0.0,-99.8,-99.8,-99.8,-99.8,-99.8,-99.8,-99.8
2023-03-04 05:00:00,1016.9,17.4,74.0,0.6,12.0,1.5,351.0,0.0,-99.8,-99.8,-99.8,-99.8,-99.8,-99.8,-99.8
2023-03-04 06:00:00,1017.3,17.2,75.0,0.7,1.0,1.9,26.0,0.0,-99.8,-99.8,-99.8,-99.8,-99.8,-99.8,-99.8
2023-03-04 07:00:00,1017.8,17.5,74.0,0.6,14.0,1.7,311.0,0.0,-99.8,-99.8,-99.8,-99.8,-99.8,-99.8,-99.8
2023-03-04 08:00:00,1018.2,19.1,67.0,0.4,24.0,1.9,26.0,0.0,-99.8,-99.8,-99.8,-99.8,-99.8,-99.8,-99.8
2023-03-04 09:00:00,1018.9,21.0,61.0,1.7,213.0,4.6,175.0,0.0,-99.8,-99.8,-99.8,-99.8,-99.8,-99.8,-99.8
2023-03-04 10:00:00,1018.6,20.8,66.0,4.3,238.0,9.4,230.0,0.0,-99.8,-99.8,-99.8,-99.8,-99.8,-99.8,-99.8
2023-03-04 11:00:00,1018.1,20.3,62.0,4.2,245.0,10.8,208.0,0.0,-99.8,-99.8,-99.8,-99.8,-99.8,-99.8,-99.8
2023-03-04 12:00:00,1017.5,19.5,63.0,2.2,261.0,7.7,267.0,0.0,-99.8,-99.8,-99.8,-99.8,-99.8,-99.8,-99.8
2023-03-04 13:00:00,1016.9,19.4,65.0,3.8,233.0,7.4,213.0,0.0,-99.8,-99.8,-99.8,-99.8,-99.8,-99.8,-99.8
2023-03-04 14:00:00,1016.4,19.0,63.0,1.2,307.0,6.0,252.0,0.0,-99.8,-99.8,-99.8,-99.8,-99.8,-99.8,-99.8
2023-03-04 15:00:00,1016.3,18.8,61.0,1.1,324.0,3.7,248.0,0.0,-99.8,-99.8,-99.8,-99.8,-99.8,-99.8,-99.8
2023-03-04 16:00:00,1016.5,18.6,61.0,1.4,316.0,4.0,286.0,0.0,-99.8,-99.8,-99.8,-99.8,-99.8,-99.8,-99.8
2023-03-04 17:00:00,1016.9,18.4,63.0,0.8,84.0,3.6,297.0,0.0,-99.8,-99.8,-99.8,-99.8,-99.8,-99.8,-99.8
2023-03-04 18:00:00,1017.3,17.7,73.0,0.4,15.0,2.5,30.0,0.0,-99.8,-99.8,-99.8,-99.8,-99.8,-99.8,-99.8
2023-03-04 19:00:00,1017.7,17.2,76.0,0.3,334.0,1.0,4.0,0.0,-99.8,-99.8,-99.8,-99.8,-99.8,-99.8,-99.8
2023-03-04 20:00:00,1018.6,17.2,77.0,0.3,19.0,1.1,268.0,0.0,-99.8,-99.8,-99.8,-99.8,-99.8,-99.8,-99.8
2023-03-04 21:00:00,1019.0,17.0,77.0,0.4,8.0,0.8,314.0,0.0,-99.8,-99.8,-99.8,-99.8,-99.8,-99.8,-99.8
2023-03-04 22:00:00,1019.3,17.1,76.0,0.4,4.0,0.9,37.0,0.0,-99.8,-99.8,-99.8,-99.8,-99.8,-99.8,-99.8
2023-03-04 23:00:00,1019.2,17.3,74.0,0.1,0.0,1.4,279.0,0.0,-99.8,-99.8,-99.8,-99.8,-99.8,-99.8,-99.8
2023-03-05 00:00:00,1019.2,17.2,77.0,0.6,6.0,2.6,28.0,0.0,-99.8,-99.8,-99.8,-99.8,-99.8,-99.8,-99.8
2023-03-05 01:00:00,1018.6,16.9,77.0,0.5,351.0,1.8,2.0,0.0,-99.8,-99.8,-99.8,-99.8,-99.8,-99.8,-99.8
2023-03-05 02:00:00,1018.2,16.5,77.0,0.4,328.0,1.0,342.0,0.0,-99.8,-99.8,-99.8,-99.8,-99.8,-99.8,-99.8
2023-03-05 03:00:00,1017.8,16.3,77.0,0.4,329.0,1.1,344.0,0.0,-99.8,-99.8,-99.8,-99.8,-99.8,-99.8,-99.8
2023-03-05 04:00:00,1017.5,16.3,74.0,0.8,18.0,1.3,354.0,0.0,-99.8,-99.8,-99.8,-99.8,-99.8,-99.8,-99.8
2023-03-05 05:00:00,1017.4,15.5,64.0,1.2,14.0,2.4,21.0,0.0,-99.8,-99.8,-99.8,-99.8,-99.8,-99.8,-99.8
2023-03-05 06:00:00,1018.0,15.4,62.0,1.0,9.0,2.7,6.0,0.0,-99.8,-99.8,-99.8,-99.8,-99.8,-99.8,-99.8
2023-03-05 07:00:00,1018.5,15.9,58.0,1.3,14.0,2.8,4.0,0.0,-99.8,-99.8,-99.8,-99.8,-99.8,-99.8,-99.8
2023-03-05 08:00:00,1018.9,18.7,50.0,0.7,25.0,2.7,30.0,0.0,-99.8,-99.8,-99.8,-99.8,-99.8,-99.8,-99.8
2023-03-05 09:00:00,1018.9,20.8,28.0,3.6,220.0,7.4,226.0,0.0,-99.8,-99.8,-99.8,-99.8,-99.8,-99.8,-99.8
2023-03-05 10:00:00,1018.7,21.2,29.0,5.3,232.0,9.9,259.0,0.0,-99.8,-99.8,-99.8,-99.8,-99.8,-99.8,-99.8
2023-03-05 11:00:00,1018.1,20.8,33.0,7.6,224.0,13.4,219.0,0.0,-99.8,-99.8,-99.8,-99.8,-99.8,-99.8,-99.8
2023-03-05 12:00:00,1016.9,20.9,42.0,6.8,239.0,16.2,217.0,0.0,-99.8,-99.8,-99.8,-99.8,-99.8,-99.8,-99.8
2023-03-05 13:00:00,1016.2,20.5,46.0,6.1,246.0,14.7,223.0,0.0,-99.8,-99.8,-99.8,-99.8,-99.8,-99.8,-99.8
2023-03-05 14:00:00,1015.5,20.1,49.0,3.0,251.0,16.3,233.0,0.0,-99.8,-99.8,-99.8,-99.8,-99.8,-99.8,-99.8
2023-03-05 15:00:00,1015.4,20.0,47.0,1.2,268.0,6.4,253.0,0.0,-99.8,-99.8,-99.8,-99.8,-99.8,-99.8,-99.8
2023-03-05 16:00:00,1015.4,19.5,47.0,0.9,285.0,5.8,204.0,0.0,-99.8,-99.8,-99.8,-99.8,-99.8,-99.8,-99.8
2023-03-05 17:00:00,1015.8,18.8,48.0,1.3,322.0,4.8,217.0,0.0,-99.8,-99.8,-99.8,-99.8,-99.8,-99.8,-99.8
2023-03-05 18:00:00,1016.3,17.3,58.0,0.7,11.0,4.2,311.0,0.0,-99.8,-99.8,-99.8,-99.8,-99.8,-99.8,-99.8
2023-03-05 19:00:00,1016.7,16.4,61.0,0.6,333.0,1.4,329.0,0.0,-99.8,-99.8,-99.8,-99.8,-99.8,-99.8,-99.8
2023-03-05 20:00:00,1017.5,16.0,63.0,0.6,338.0,1.4,313.0,0.0,-99.8,-99.8,-99.8,-99.8,-99.8,-99.8,-99.8
2023-03-05 21:00:00,1018.1,15.9,65.0,0.6,341.0,1.6,2.0,0.0,-99.8,-99.8,-99.8,-99.8,-99.8,-99.8,-99.8
2023-03-05 22:00:00,1018.3,16.3,65.0,0.5,356.0,1.5,318.0,0.0,-99.8,-99.8,-99.8,-99.8,-99.8,-99.8,-99.8
2023-03-05 23:00:00,1018.1,16.4,66.0,0.4,352.0,1.2,320.0,0.0,-99.8,-99.8,-99.8,-99.8,-99.8,-99.8,-99.8
2023-03-06 00:00:00,1018.0,16.7,64.0,0.5,348.0,1.2,5.0,0.0,-99.8,-99.8,-99.8,-99.8,-99.8,-99.8,-99.8
2023-03-06 01:00:00,1017.5,16.6,65.0,0.6,360.0,1.6,2.0,0.0,-99.8,-99.8,-99.8,-99.8,-99.8,-99.8,-99.8
2023-03-06 02:00:00,1017.0,16.2,66.0,0.5,347.0,1.3,1.0,0.0,-99.8,-99.8,-99.8,-99.8,-99.8,-99.8,-99.8
2023-03-06 03:00:00,1016.7,15.7,67.0,0.8,8.0,2.1,3.0,0.0,-99.8,-99.8,-99.8,-99.8,-99.8,-99.8,-99.8
2023-03-06 04:00:00,1016.7,15.7,67.0,0.9,8.0,2.2,12.0,0.0,-99.8,-99.8,-99.8,-99.8,-99.8,-99.8,-99.8
2023-03-06 05:00:00,1016.8,15.6,67.0,1.0,15.0,2.3,8.0,0.0,-99.8,-99.8,-99.8,-99.8,-99.8,-99.8,-99.8
2023-03-06 06:00:00,1017.4,15.4,67.0,1.0,8.0,2.5,5.0,0.0,-99.8,-99.8,-99.8,-99.8,-99.8,-99.8,-99.8
2023-03-06 07:00:00,1017.8,16.0,65.0,1.1,13.0,2.6,13.0,0.0,-99.8,-99.8,-99.8,-99.8,-99.8,-99.8,-99.8
2023-03-06 08:00:00,1018.2,20.1,47.0,0.8,215.0,2.8,229.0,0.0,-99.8,-99.8,-99.8,-99.8,-99.8,-99.8,-99.8
2023-03-06 09:00:00,1018.8,22.1,40.0,1.3,174.0,3.2,208.0,0.0,-99.8,-99.8,-99.8,-99.8,-99.8,-99.8,-99.8
2023-03-06 10:00:00,1018.8,23.5,39.0,1.2,156.0,3.6,149.0,0.0,-99.8,-99.8,-99.8,-99.8,-99.8,-99.8,-99.8
2023-03-06 11:00:00,1018.4,22.5,43.0,1.2,217.0,4.5,146.0,0.0,-99.8,-99.8,-99.8,-99.8,-99.8,-99.8,-99.8
2023-03-06 12:00:00,1017.7,23.6,41.0,1.1,184.0,4.4,166.0,0.0,-99.8,-99.8,-99.8,-99.8,-99.8,-99.8,-99.8
2023-03-06 13:00:00,1016.8,22.6,42.0,1.5,215.0,3.9,168.0,0.0,-99.8,-99.8,-99.8,-99.8,-99.8,-99.8,-99.8
2023-03-06 14:00:00,1015.8,20.3,49.0,1.2,232.0,4.1,290.0,0.0,-99.8,-99.8,-99.8,-99.8,-99.8,-99.8,-99.8
2023-03-06 15:00:00,1015.4,20.0,48.0,1.4,196.0,8.0,214.0,0.0,-99.8,-99.8,-99.8,-99.8,-99.8,-99.8,-99.8
2023-03-06 16:00:00,1015.3,19.8,49.0,2.2,205.0,4.4,205.0,0.0,-99.8,-99.8,-99.8,-99.8,-99.8,-99.8,-99.8
2023-03-06 17:00:00,1015.4,19.7,51.0,2.6,223.0,7.5,206.0,0.0,-99.8,-99.8,-99.8,-99.8,-99.8,-99.8,-99.8
2023-03-06 18:00:00,1015.8,18.8,57.0,0.5,18.0,4.8,203.0,0.0,-99.8,-99.8,-99.8,-99.8,-99.8,-99.8,-99.8
2023-03-06 19:00:00,1016.1,18.5,60.0,0.6,2.0,1.7,1.0,0.0,-99.8,-99.8,-99.8,-99.8,-99.8,-99.8,-99.8
2023-03-06 20:00:00,1016.3,18.5,58.0,0.7,10.0,1.6,36.0,0.0,-99.8,-99.8,-99.8,-99.8,-99.8,-99.8,-99.8
2023-03-06 21:00:00,1016.6,18.4,58.0,0.7,1.0,1.6,335.0,0.0,-99.8,-99.8,-99.8,-99.8,-99.8,-99.8,-99.8
2023-03-06 22:00:00,1016.7,18.2,59.0,0.6,4.0,1.8,5.0,0.0,-99.8,-99.8,-99.8,-99.8,-99.8,-99.8,-99.8
2023-03-06 23:00:00,1016.7,18.3,58.0,0.7,9.0,1.7,356.0,0.0,-99.8,-99.8,-99.8,-99.8,-99.8,-99.8,-99.8
2023-03-07 00:00:00,1016.5,18.5,58.0,1.0,16.0,1.8,8.0,0.0,-99.8,-99.8,-99.8,-99.8,-99.8,-99.8,-99.8
2023-03-07 01:00:00,1016.2,18.4,60.0,0.7,12.0,1.7,21.0,0.0,-99.8,-99.8,-99.8,-99.8,-99.8,-99.8,-99.8
2023-03-07 02:00:00,1015.6,18.3,61.0,0.7,11.0,1.9,17.0,0.0,-99.8,-99.8,-99.8,-99.8,-99.8,-99.8,-99.8
2023-03-07 03:00:00,1015.2,18.1,61.0,0.6,360.0,1.6,5.0,0.0,-99.8,-99.8,-99.8,-99.8,-99.8,-99.8,-99.8
2023-03-07 04:00:00,1015.0,18.1,62.0,0.8,7.0,1.7,358.0,0.0,-99.8,-99.8,-99.8,-99.8,-99.8,-99.8,-99.8
2023-03-07 05:00:00,1015.3,18.2,64.0,0.8,16.0,1.7,354.0,0.0,-99.8,-99.8,-99.8,-99.8,-99.8,-99.8,-99.8
2023-03-07 06:00:00,1015.7,18.1,63.0,0.8,11.0,2.1,360.0,0.0,-99.8,-99.8,-99.8,-99.8,-99.8,-99.8,-99.8
2023-03-07 07:00:00,1016.4,18.4,65.0,0.9,17.0,1.6,22.0,0.0,-99.8,-99.8,-99.8,-99.8,-99.8,-99.8,-99.8
2023-03-07 08:00:00,1016.7,20.4,61.0,0.5,37.0,1.6,2.0,0.0,-99.8,-99.8,-99.8,-99.8,-99.8,-99.8,-99.8
2023-03-07 09:00:00,1016.8,25.0,40.0,1.3,160.0,2.9,209.0,0.0,-99.8,-99.8,-99.8,-99.8,-99.8,-99.8,-99.8
2023-03-07 10:00:00,1017.0,26.0,37.0,1.6,191.0,2.9,193.0,0.0,-99.8,-99.8,-99.8,-99.8,-99.8,-99.8,-99.8
2023-03-07 11:00:00,1016.6,26.2,36.0,1.4,172.0,3.4,211.0,0.0,-99.8,-99.8,-99.8,-99.8,-99.8,-99.8,-99.8
2023-03-07 12:00:00,1015.8,26.1,38.0,1.8,199.0,3.9,218.0,0.0,-99.8,-99.8,-99.8,-99.8,-99.8,-99.8,-99.8
2023-03-07 13:00:00,1014.9,25.3,39.0,1.1,171.0,3.9,203.0,0.0,-99.8,-99.8,-99.8,-99.8,-99.8,-99.8,-99.8
2023-03-07 14:00:00,1014.2,23.8,43.0,1.1,184.0,3.4,212.0,0.0,-99.8,-99.8,-99.8,-99.8,-99.8,-99.8,-99.8
2023-03-07 15:00:00,1013.8,23.9,44.0,0.9,160.0,2.9,205.0,0.0,-99.8,-99.8,-99.8,-99.8,-99.8,-99.8,-99.8
2023-03-07 16:00:00,1013.7,21.0,55.0,0.3,344.0,2.1,210.0,0.0,-99.8,-99.8,-99.8,-99.8,-99.8,-99.8,-99.8
2023-03-07 17:00:00,1013.9,20.8,56.0,0.7,229.0,2.2,230.0,0.0,-99.8,-99.8,-99.8,-99.8,-99.8,-99.8,-99.8
2023-03-07 18:00:00,1014.1,19.2,60.0,0.8,354.0,1.7,249.0,0.0,-99.8,-99.8,-99.8,-99.8,-99.8,-99.8,-99.8
2023-03-07 19:00:00,1014.2,19.0,62.0,1.2,11.0,2.6,17.0,0.0,-99.8,-99.8,-99.8,-99.8,-99.8,-99.8,-99.8
2023-03-07 20:00:00,1014.7,18.8,61.0,1.3,15.0,2.7,31.0,0.0,-99.8,-99.8,-99.8,-99.8,-99.8,-99.8,-99.8
2023-03-07 21:00:00,1015.0,18.6,61.0,1.0,11.0,2.7,10.0,0.0,-99.8,-99.8,-99.8,-99.8,-99.8,-99.8,-99.8
2023-03-07 22:00:00,1015.3,19.4,61.0,1.2,12.0,3.1,11.0,0.0,-99.8,-99.8,-99.8,-99.8,-99.8,-99.8,-99.8
2023-03-07 23:00:00,1015.3,19.5,61.0,0.9,13.0,2.3,22.0,0.0,-99.8,-99.8,-99.8,-99.8,-99.8,-99.8,-99.8
2023-03-08 00:00:00,1015.2,19.4,62.0,0.9,9.0,1.8,8.0,0.0,-99.8,-99.8,-99.8,-99.8,-99.8,-99.8,-99.8
2023-03-08 01:00:00,1014.7,19.1,60.0,0.8,328.0,2.0,5.0,0.0,-99.8,-99.8,-99.8,-99.8,-99.8,-99.8,-99.8
2023-03-08 02:00:00,1013.8,18.0,60.0,0.6,349.0,2.3,7.0,0.0,-99.8,-99.8,-99.8,-99.8,-99.8,-99.8,-99.8
2023-03-08 03:00:00,1013.2,18.0,62.0,1.2,14.0,2.6,22.0,0.0,-99.8,-99.8,-99.8,-99.8,-99.8,-99.8,-99.8
2023-03-08 04:00:00,1013.0,17.6,65.0,0.9,8.0,2.8,7.0,0.0,-99.8,-99.8,-99.8,-99.8,-99.8,-99.8,-99.8
2023-03-08 05:00:00,1013.2,17.9,63.0,0.9,5.0,2.2,359.0,0.0,-99.8,-99.8,-99.8,-99.8,-99.8,-99.8,-99.8
2023-03-08 06:00:00,1013.7,17.5,66.0,0.8,354.0,2.2,341.0,0.0,-99.8,-99.8,-99.8,-99.8,-99.8,-99.8,-99.8
2023-03-08 07:00:00,1014.1,18.5,61.0,0.9,10.0,2.1,16.0,0.0,-99.8,-99.8,-99.8,-99.8,-99.8,-99.8,-99.8
2023-03-08 08:00:00,1014.7,21.5,55.0,0.7,47.0,1.9,15.0,0.0,-99.8,-99.8,-99.8,-99.8,-99.8,-99.8,-99.8
2023-03-08 09:00:00,1014.9,24.4,50.0,1.8,159.0,3.5,162.0,0.0,-99.8,-99.8,-99.8,-99.8,-99.8,-99.8,-99.8
2023-03-08 10:00:00,1014.8,25.7,45.0,1.0,156.0,3.2,153.0,0.0,-99.8,-99.8,-99.8,-99.8,-99.8,-99.8,-99.8
2023-03-08 11:00:00,1014.4,26.5,42.0,1.8,198.0,3.4,215.0,0.0,-99.8,-99.8,-99.8,-99.8,-99.8,-99.8,-99.8
2023-03-08 12:00:00,1013.8,26.6,42.0,1.5,193.0,3.2,210.0,0.0,-99.8,-99.8,-99.8,-99.8,-99.8,-99.8,-99.8
2023-03-08 13:00:00,1013.0,26.5,46.0,1.3,174.0,3.2,174.0,0.0,-99.8,-99.8,-99.8,-99.8,-99.8,-99.8,-99.8
2023-03-08 14:00:00,1012.1,25.3,49.0,1.4,171.0,2.9,195.0,0.0,-99.8,-99.8,-99.8,-99.8,-99.8,-99.8,-99.8
2023-03-08 15:00:00,1011.8,24.6,52.0,1.1,195.0,3.0,189.0,0.0,-99.8,-99.8,-99.8,-99.8,-99.8,-99.8,-99.8
2023-03-08 16:00:00,1011.9,22.8,54.0,0.4,155.0,2.4,162.0,0.0,-99.8,-99.8,-99.8,-99.8,-99.8,-99.8,-99.8
2023-03-08 17:00:00,1012.2,21.9,59.0,0.5,258.0,1.6,239.0,0.0,-99.8,-99.8,-99.8,-99.8,-99.8,-99.8,-99.8
2023-03-08 18:00:00,1012.6,20.9,65.0,0.5,324.0,1.1,225.0,0.0,-99.8,-99.8,-99.8,-99.8,-99.8,-99.8,-99.8
2023-03-08 19:00:00,1012.5,20.2,68.0,0.8,322.0,1.5,302.0,0.0,-99.8,-99.8,-99.8,-99.8,-99.8,-99.8,-99.8
2023-03-08 20:00:00,1012.9,20.0,70.0,0.7,2.0,1.6,13.0,0.0,-99.8,-99.8,-99.8,-99.8,-99.8,-99.8,-99.8
2023-03-08 21:00:00,1013.2,20.6,67.0,0.9,14.0,1.9,15.0,0.0,-99.8,-99.8,-99.8,-99.8,-99.8,-99.8,-99.8
2023-03-08 22:00:00,1013.0,20.6,67.0,0.8,14.0,1.9,343.0,0.0,-99.8,-99.8,-99.8,-99.8,-99.8,-99.8,-99.8
2023-03-08 23:00:00,1012.6,19.7,70.0,1.2,14.0,2.1,13.0,0.0,-99.8,-99.8,-99.8,-99.8,-99.8,-99.8,-99.8
2023-03-09 00:00:00,1012.5,19.3,70.0,1.2,16.0,2.8,341.0,0.0,-99.8,-99.8,-99.8,-99.8,-99.8,-99.8,-99.8
2023-03-09 01:00:00,1011.9,19.2,69.0,1.4,16.0,2.8,31.0,0.0,-99.8,-99.8,-99.8,-99.8,-99.8,-99.8,-99.8
2023-03-09 02:00:00,1011.1,18.9,70.0,1.1,16.0,2.4,24.0,0.0,-99.8,-99.8,-99.8,-99.8,-99.8,-99.8,-99.8
2023-03-09 03:00:00,1010.6,18.4,72.0,0.6,354.0,2.2,33.0,0.0,-99.8,-99.8,-99.8,-99.8,-99.8,-99.8,-99.8
2023-03-09 04:00:00,1010.4,18.6,68.0,0.9,2.0,2.7,12.0,0.0,-99.8,-99.8,-99.8,-99.8,-99.8,-99.8,-99.8
2023-03-09 05:00:00,1010.8,18.5,70.0,0.7,355.0,1.9,11.0,0.0,-99.8,-99.8,-99.8,-99.8,-99.8,-99.8,-99.8
2023-03-09 06:00:00,1011.3,19.0,67.0,0.6,349.0,1.8,323.0,0.0,-99.8,-99.8,-99.8,-99.8,-99.8,-99.8,-99.8
2023-03-09 07:00:00,1011.6,19.6,68.0,0.6,4.0,1.8,351.0,0.0,-99.8,-99.8,-99.8,-99.8,-99.8,-99.8,-99.8
2023-03-09 08:00:00,1012.1,21.6,62.0,0.4,19.0,1.3,11.0,0.0,-99.8,-99.8,-99.8,-99.8,-99.8,-99.8,-99.8
2023-03-09 09:00:00,1012.4,24.5,53.0,0.9,153.0,2.6,168.0,0.0,-99.8,-99.8,-99.8,-99.8,-99.8,-99.8,-99.8
2023-03-09 10:00:00,1012.2,26.8,49.0,1.1,177.0,2.1,209.0,0.0,-99.8,-99.8,-99.8,-99.8,-99.8,-99.8,-99.8
2023-03-09 11:00:00,1011.8,27.3,47.0,1.2,167.0,2.4,117.0,0.0,-99.8,-99.8,-99.8,-99.8,-99.8,-99.8,-99.8
2023-03-09 12:00:00,1011.3,26.6,49.0,1.0,151.0,2.6,133.0,0.0,-99.8,-99.8,-99.8,-99.8,-99.8,-99.8,-99.8
2023-03-09 13:00:00,1010.5,23.5,61.0,2.5,191.0,5.4,200.0,0.0,-99.8,-99.8,-99.8,-99.8,-99.8,-99.8,-99.8
2023-03-09 14:00:00,1009.8,22.8,65.0,3.5,218.0,6.3,221.0,0.0,-99.8,-99.8,-99.8,-99.8,-99.8,-99.8,-99.8
2023-03-09 15:00:00,1009.7,22.6,65.0,2.1,201.0,5.1,218.0,0.0,-99.8,-99.8,-99.8,-99.8,-99.8,-99.8,-99.8
2023-03-09 16:00:00,1009.9,22.6,67.0,0.7,265.0,6.7,227.0,0.0,-99.8,-99.8,-99.8,-99.8,-99.8,-99.8,-99.8
2023-03-09 17:00:00,1010.2,22.2,70.0,0.9,223.0,4.3,240.0,0.0,-99.8,-99.8,-99.8,-99.8,-99.8,-99.8,-99.8
2023-03-09 18:00:00,1010.9,21.5,73.0,0.0,0.0,2.6,237.0,0.0,-99.8,-99.8,-99.8,-99.8,-99.8,-99.8,-99.8
2023-03-09 19:00:00,1011.4,20.8,76.0,0.4,13.0,0.9,300.0,0.0,-99.8,-99.8,-99.8,-99.8,-99.8,-99.8,-99.8
2023-03-09 20:00:00,1012.0,20.2,77.0,0.6,346.0,1.3,310.0,0.0,-99.8,-99.8,-99.8,-99.8,-99.8,-99.8,-99.8
2023-03-09 21:00:00,1012.5,19.7,76.0,0.6,5.0,1.5,16.0,0.0,-99.8,-99.8,-99.8,-99.8,-99.8,-99.8,-99.8
2023-03-09 22:00:00,1012.6,19.4,73.0,0.7,10.0,1.9,1.0,0.0,-99.8,-99.8,-99.8,-99.8,-99.8,-99.8,-99.8
2023-03-09 23:00:00,1012.7,19.1,75.0,0.5,352.0,1.9,360.0,0.0,-99.8,-99.8,-99.8,-99.8,-99.8,-99.8,-99.8
2023-03-10 00:00:00,1012.4,19.1,72.0,0.9,7.0,2.3,352.0,0.0,-99.8,-99.8,-99.8,-99.8,-99.8,-99.8,-99.8
2023-03-10 01:00:00,1012.1,18.8,73.0,0.7,11.0,2.4,356.0,0.0,-99.8,-99.8,-99.8,-99.8,-99.8,-99.8,-99.8
2023-03-10 02:00:00,1011.9,18.7,71.0,0.9,16.0,2.3,12.0,0.0,-99.8,-99.8,-99.8,-99.8,-99.8,-99.8,-99.8
2023-03-10 03:00:00,1011.5,18.6,70.0,0.8,14.0,2.0,16.0,0.0,-99.8,-99.8,-99.8,-99.8,-99.8,-99.8,-99.8
2023-03-10 04:00:00,1011.6,18.3,72.0,0.7,355.0,2.0,332.0,0.0,-99.8,-99.8,-99.8,-99.8,-99.8,-99.8,-99.8
2023-03-10 05:00:00,1012.1,18.3,69.0,0.9,7.0,2.5,18.0,0.0,-99.8,-99.8,-99.8,-99.8,-99.8,-99.8,-99.8
2023-03-10 06:00:00,1012.6,18.4,71.0,1.1,10.0,2.1,336.0,0.0,-99.8,-99.8,-99.8,-99.8,-99.8,-99.8,-99.8
2023-03-10 07:00:00,1013.0,19.2,67.0,1.3,12.0,2.6,7.0,0.0,-99.8,-99.8,-99.8,-99.8,-99.8,-99.8,-99.8
2023-03-10 08:00:00,1013.6,23.0,56.0,1.0,211.0,4.1,231.0,0.0,-99.8,-99.8,-99.8,-99.8,-99.8,-99.8,-99.8
2023-03-10 09:00:00,1014.0,23.5,56.0,5.0,210.0,8.3,216.0,0.0,-99.8,-99.8,-99.8,-99.8,-99.8,-99.8,-99.8
2023-03-10 10:00:00,1014.1,23.7,59.0,2.9,213.0,7.9,197.0,0.0,-99.8,-99.8,-99.8,-99.8,-99.8,-99.8,-99.8
2023-03-10 11:00:00,1013.8,24.4,58.0,1.8,189.0,5.5,207.0,0.0,-99.8,-99.8,-99.8,-99.8,-99.8,-99.8,-99.8
2023-03-10 12:00:00,1013.2,24.1,57.0,1.5,191.0,4.0,154.0,0.0,-99.8,-99.8,-99.8,-99.8,-99.8,-99.8,-99.8
2023-03-10 13:00:00,1012.2,22.5,63.0,1.8,204.0,4.2,148.0,0.0,-99.8,-99.8,-99.8,-99.8,-99.8,-99.8,-99.8
2023-03-10 14:00:00,1011.5,22.5,67.0,1.5,207.0,4.4,168.0,0.0,-99.8,-99.8,-99.8,-99.8,-99.8,-99.8,-99.8
2023-03-10 15:00:00,1011.2,22.7,60.0,0.9,218.0,3.3,270.0,0.0,-99.8,-99.8,-99.8,-99.8,-99.8,-99.8,-99.8
2023-03-10 16:00:00,1011.3,22.5,61.0,1.0,219.0,2.8,162.0,0.0,-99.8,-99.8,-99.8,-99.8,-99.8,-99.8,-99.8
2023-03-10 17:00:00,1011.7,22.2,62.0,1.1,244.0,4.3,206.0,0.0,-99.8,-99.8,-99.8,-99.8,-99.8,-99.8,-99.8
2023-03-10 18:00:00,1011.9,21.1,69.0,0.7,359.0,4.2,226.0,0.0,-99.8,-99.8,-99.8,-99.8,-99.8,-99.8,-99.8
2023-03-10 19:00:00,1012.2,20.5,63.0,1.1,18.0,2.2,21.0,0.0,-99.8,-99.8,-99.8,-99.8,-99.8,-99.8,-99.8
2023-03-10 20:00:00,1012.7,20.5,63.0,0.9,14.0,2.0,2.0,0.0,-99.8,-99.8,-99.8,-99.8,-99.8,-99.8,-99.8
2023-03-10 21:00:00,1012.9,20.7,61.0,1.1,17.0,2.0,24.0,0.0,-99.8,-99.8,-99.8,-99.8,-99.8,-99.8,-99.8
2023-03-10 22:00:00,1013.0,20.2,60.0,1.4,11.0,3.5,31.0,0.0,-99.8,-99.8,-99.8,-99.8,-99.8,-99.8,-99.8
2023-03-10 23:00:00,1012.9,19.3,62.0,0.9,348.0,2.7,20.0,0.0,-99.8,-99.8,-99.8,-99.8,-99.8,-99.8,-99.8
2023-03-11 00:00:00,1012.8,19.2,60.0,1.1,13.0,2.0,14.0,0.0,-99.8,-99.8,-99.8,-99.8,-99.8,-99.8,-99.8
2023-03-11 01:00:00,1012.6,19.6,63.0,0.9,15.0,2.2,44.0,0.0,-99.8,-99.8,-99.8,-99.8,-99.8,-99.8,-99.8
2023-03-11 02:00:00,1012.2,19.5,61.0,1.2,16.0,2.5,12.0,0.0,-99.8,-99.8,-99.8,-99.8,-99.8,-99.8,-99.8
2023-03-11 03:00:00,1012.0,19.3,64.0,0.6,360.0,2.1,22.0,0.0,-99.8,-99.8,-99.8,-99.8,-99.8,-99.8,-99.8
2023-03-11 04:00:00,1012.0,19.1,64.0,1.1,14.0,2.0,15.0,0.0,-99.8,-99.8,-99.8,-99.8,-99.8,-99.8,-99.8
2023-03-11 05:00:00,1012.4,19.2,66.0,1.2,17.0,2.0,6.0,0.0,-99.8,-99.8,-99.8,-99.8,-99.8,-99.8,-99.8
2023-03-11 06:00:00,1012.8,19.4,69.0,1.1,12.0,2.5,15.0,0.0,-99.8,-99.8,-99.8,-99.8,-99.8,-99.8,-99.8
2023-03-11 07:00:00,1013.4,20.2,69.0,0.8,15.0,2.6,14.0,0.0,-99.8,-99.8,-99.8,-99.8,-99.8,-99.8,-99.8
2023-03-11 08:00:00,1013.7,23.1,56.0,0.5,58.0,1.7,16.0,0.0,-99.8,-99.8,-99.8,-99.8,-99.8,-99.8,-99.8
2023-03-11 09:00:00,1014.2,26.2,47.0,1.0,170.0,2.2,213.0,0.0,-99.8,-99.8,-99.8,-99.8,-99.8,-99.8,-99.8
2023-03-11 10:00:00,1014.1,25.2,50.0,1.4,141.0,2.7,210.0,0.0,-99.8,-99.8,-99.8,-99.8,-99.8,-99.8,-99.8
2023-03-11 11:00:00,1013.6,26.2,48.0,0.9,179.0,2.9,128.0,0.0,-99.8,-99.8,-99.8,-99.8,-99.8,-99.8,-99.8
2023-03-11 12:00:00,1013.1,27.4,43.0,1.2,148.0,3.3,218.0,0.0,-99.8,-99.8,-99.8,-99.8,-99.8,-99.8,-99.8
2023-03-11 13:00:00,1012.5,26.0,48.0,1.1,166.0,3.2,212.0,0.0,-99.8,-99.8,-99.8,-99.8,-99.8,-99.8,-99.8
2023-03-11 14:00:00,1012.0,24.3,53.0,1.2,211.0,2.6,210.0,0.0,-99.8,-99.8,-99.8,-99.8,-99.8,-99.8,-99.8
2023-03-11 15:00:00,1011.4,26.1,45.0,0.8,160.0,3.3,213.0,0.0,-99.8,-99.8,-99.8,-99.8,-99.8,-99.8,-99.8
2023-03-11 16:00:00,1011.5,23.0,54.0,0.9,227.0,2.9,208.0,0.0,-99.8,-99.8,-99.8,-99.8,-99.8,-99.8,-99.8
2023-03-11 17:00:00,1011.9,22.6,55.0,0.1,0.0,1.6,228.0,0.0,-99.8,-99.8,-99.8,-99.8,-99.8,-99.8,-99.8
2023-03-11 18:00:00,1011.8,20.9,61.0,0.6,351.0,1.7,360.0,0.0,-99.8,-99.8,-99.8,-99.8,-99.8,-99.8,-99.8
2023-03-11 19:00:00,1011.9,21.3,62.0,0.9,16.0,1.9,10.0,0.0,-99.8,-99.8,-99.8,-99.8,-99.8,-99.8,-99.8
2023-03-11 20:00:00,1012.4,20.8,64.0,0.7,11.0,1.6,27.0,0.0,-99.8,-99.8,-99.8,-99.8,-99.8,-99.8,-99.8
2023-03-11 21:00:00,1012.8,20.3,63.0,1.0,15.0,1.8,348.0,0.0,-99.8,-99.8,-99.8,-99.8,-99.8,-99.8,-99.8
2023-03-11 22:00:00,1013.2,20.1,63.0,1.0,12.0,2.3,19.0,0.0,-99.8,-99.8,-99.8,-99.8,-99.8,-99.8,-99.8
2023-03-11 23:00:00,1012.9,19.8,61.0,1.2,15.0,2.4,8.0,0.0,-99.8,-99.8,-99.8,-99.8,-99.8,-99.8,-99.8
2023-03-12 00:00:00,1012.7,19.8,63.0,1.2,16.0,2.5,17.0,0.0,-99.8,-99.8,-99.8,-99.8,-99.8,-99.8,-99.8
2023-03-12 01:00:00,1012.1,19.6,63.0,1.3,15.0,2.1,25.0,0.0,-99.8,-99.8,-99.8,-99.8,-99.8,-99.8,-99.8
2023-03-12 02:00:00,1011.6,19.4,65.0,1.1,15.0,2.3,11.0,0.0,-99.8,-99.8,-99.8,-99.8,-99.8,-99.8,-99.8
2023-03-12 03:00:00,1011.1,19.2,64.0,1.3,15.0,2.3,27.0,0.0,-99.8,-99.8,-99.8,-99.8,-99.8,-99.8,-99.8
2023-03-12 04:00:00,1010.9,19.1,63.0,1.0,12.0,2.6,25.0,0.0,-99.8,-99.8,-99.8,-99.8,-99.8,-99.8,-99.8
2023-03-12 05:00:00,1011.2,18.8,66.0,0.7,357.0,1.9,42.0,0.0,-99.8,-99.8,-99.8,-99.8,-99.8,-99.8,-99.8
2023-03-12 06:00:00,1011.4,18.9,65.0,0.9,12.0,2.3,27.0,0.0,-99.8,-99.8,-99.8,-99.8,-99.8,-99.8,-99.8
2023-03-12 07:00:00,1011.9,20.0,62.0,1.1,15.0,2.3,12.0,0.0,-99.8,-99.8,-99.8,-99.8,-99.8,-99.8,-99.8
2023-03-12 08:00:00,1012.3,22.5,63.0,0.4,35.0,2.3,8.0,0.0,-99.8,-99.8,-99.8,-99.8,-99.8,-99.8,-99.8
2023-03-12 09:00:00,1012.6,25.9,49.0,0.8,155.0,2.1,139.0,0.0,-99.8,-99.8,-99.8,-99.8,-99.8,-99.8,-99.8
2023-03-12 10:00:00,1012.3,26.9,49.0,1.1,175.0,2.7,140.0,0.0,-99.8,-99.8,-99.8,-99.8,-99.8,-99.8,-99.8
2023-03-12 11:00:00,1012.1,25.9,49.0,0.9,165.0,2.3,158.0,0.0,-99.8,-99.8,-99.8,-99.8,-99.8,-99.8,-99.8
2023-03-12 12:00:00,1011.7,25.0,52.0,0.7,168.0,2.4,142.0,0.0,-99.8,-99.8,-99.8,-99.8,-99.8,-99.8,-99.8
2023-03-12 13:00:00,1011.2,24.6,55.0,0.8,186.0,2.0,169.0,0.0,-99.8,-99.8,-99.8,-99.8,-99.8,-99.8,-99.8
2023-03-12 14:00:00,1011.1,24.1,60.0,0.9,179.0,2.4,193.0,0.0,-99.8,-99.8,-99.8,-99.8,-99.8,-99.8,-99.8
2023-03-12 15:00:00,1011.0,23.0,63.0,1.6,208.0,2.9,219.0,0.0,-99.8,-99.8,-99.8,-99.8,-99.8,-99.8,-99.8
2023-03-12 16:00:00,1011.1,22.8,65.0,0.8,250.0,4.8,202.0,0.0,-99.8,-99.8,-99.8,-99.8,-99.8,-99.8,-99.8
2023-03-12 17:00:00,1011.5,22.3,68.0,0.7,14.0,2.0,233.0,0.0,-99.8,-99.8,-99.8,-99.8,-99.8,-99.8,-99.8
2023-03-12 18:00:00,1012.0,21.4,77.0,0.4,342.0,5.2,206.0,0.0,-99.8,-99.8,-99.8,-99.8,-99.8,-99.8,-99.8
2023-03-12 19:00:00,1012.3,21.3,78.0,0.7,298.0,2.9,217.0,0.0,-99.8,-99.8,-99.8,-99.8,-99.8,-99.8,-99.8
2023-03-12 20:00:00,1013.0,21.1,72.0,1.4,255.0,4.7,253.0,0.0,-99.8,-99.8,-99.8,-99.8,-99.8,-99.8,-99.8
2023-03-12 21:00:00,1013.5,21.1,67.0,2.3,31.0,6.4,333.0,0.0,-99.8,-99.8,-99.8,-99.8,-99.8,-99.8,-99.8
2023-03-12 22:00:00,1013.3,20.5,67.0,1.0,266.0,6.3,241.0,0.0,-99.8,-99.8,-99.8,-99.8,-99.8,-99.8,-99.8
2023-03-12 23:00:00,1013.5,20.7,63.0,1.0,211.0,6.2,224.0,0.0,-99.8,-99.8,-99.8,-99.8,-99.8,-99.8,-99.8
2023-03-13 00:00:00,1013.5,20.8,55.0,2.6,350.0,6.8,268.0,0.0,-99.8,-99.8,-99.8,-99.8,-99.8,-99.8,-99.8
2023-03-13 01:00:00,1013.2,21.4,49.0,2.0,360.0,8.7,59.0,0.0,-99.8,-99.8,-99.8,-99.8,-99.8,-99.8,-99.8
2023-03-13 02:00:00,1013.1,20.5,52.0,1.4,15.0,7.2,36.0,0.0,-99.8,-99.8,-99.8,-99.8,-99.8,-99.8,-99.8
2023-03-13 03:00:00,1012.7,20.3,49.0,2.2,17.0,5.9,51.0,0.0,-99.8,-99.8,-99.8,-99.8,-99.8,-99.8,-99.8
2023-03-13 04:00:00,1013.0,20.0,48.0,1.8,57.0,5.9,62.0,0.0,-99.8,-99.8,-99.8,-99.8,-99.8,-99.8,-99.8
2023-03-13 05:00:00,1013.4,18.5,57.0,3.2,321.0,7.6,294.0,0.0,-99.8,-99.8,-99.8,-99.8,-99.8,-99.8,-99.8
2023-03-13 06:00:00,1013.9,18.2,59.0,2.0,180.0,7.4,296.0,0.0,-99.8,-99.8,-99.8,-99.8,-99.8,-99.8,-99.8
2023-03-13 07:00:00,1014.7,17.5,61.0,1.8,297.0,9.0,224.0,0.0,-99.8,-99.8,-99.8,-99.8,-99.8,-99.8,-99.8
2023-03-13 08:00:00,1015.5,17.9,58.0,2.9,244.0,9.1,301.0,0.0,-99.8,-99.8,-99.8,-99.8,-99.8,-99.8,-99.8
2023-03-13 09:00:00,1015.8,17.9,58.0,2.2,319.0,6.0,300.0,0.0,-99.8,-99.8,-99.8,-99.8,-99.8,-99.8,-99.8
2023-03-13 10:00:00,1015.3,19.2,56.0,3.9,245.0,9.8,237.0,0.0,-99.8,-99.8,-99.8,-99.8,-99.8,-99.8,-99.8
2023-03-13 11:00:00,1015.0,18.9,55.0,3.7,241.0,12.7,246.0,0.0,-99.8,-99.8,-99.8,-99.8,-99.8,-99.8,-99.8
2023-03-13 12:00:00,1014.5,18.1,60.0,1.6,267.0,9.1,239.0,0.0,-99.8,-99.8,-99.8,-99.8,-99.8,-99.8,-99.8
2023-03-13 13:00:00,1013.8,18.1,58.0,2.0,273.0,6.2,279.0,0.0,-99.8,-99.8,-99.8,-99.8,-99.8,-99.8,-99.8
2023-03-13 14:00:00,1012.9,18.1,60.0,2.1,259.0,5.5,286.0,0.0,-99.8,-99.8,-99.8,-99.8,-99.8,-99.8,-99.8
2023-03-13 15:00:00,1012.8,17.9,60.0,1.5,271.0,4.9,228.0,0.0,-99.8,-99.8,-99.8,-99.8,-99.8,-99.8,-99.8
2023-03-13 16:00:00,1012.6,17.6,61.0,1.4,301.0,4.3,271.0,0.0,-99.8,-99.8,-99.8,-99.8,-99.8,-99.8,-99.8
2023-03-13 17:00:00,1012.8,17.4,61.0,1.5,304.0,4.4,357.0,0.0,-99.8,-99.8,-99.8,-99.8,-99.8,-99.8,-99.8
2023-03-13 18:00:00,1013.1,17.0,69.0,0.4,350.0,3.4,26.0,0.0,-99.8,-99.8,-99.8,-99.8,-99.8,-99.8,-99.8
2023-03-13 19:00:00,1013.3,16.1,80.0,0.2,0.0,3.6,90.0,0.0,-99.8,-99.8,-99.8,-99.8,-99.8,-99.8,-99.8
2023-03-13 20:00:00,1013.7,16.1,79.0,0.4,313.0,1.3,340.0,0.0,-99.8,-99.8,-99.8,-99.8,-99.8,-99.8,-99.8
2023-03-13 21:00:00,1013.8,16.2,78.0,0.2,0.0,1.2,18.0,0.0,-99.8,-99.8,-99.8,-99.8,-99.8,-99.8,-99.8
2023-03-13 22:00:00,1013.4,16.4,76.0,0.3,331.0,0.8,324.0,0.0,-99.8,-99.8,-99.8,-99.8,-99.8,-99.8,-99.8
2023-03-13 23:00:00,1013.2,16.5,74.0,0.5,4.0,0.9,27.0,0.0,-99.8,-99.8,-99.8,-99.8,-99.8,-99.8,-99.8
2023-03-14 00:00:00,1012.5,16.6,75.0,0.4,336.0,1.3,24.0,0.0,-99.8,-99.8,-99.8,-99.8,-99.8,-99.8,-99.8
2023-03-14 01:00:00,1011.8,16.6,75.0,0.4,348.0,1.2,30.0,0.0,-99.8,-99.8,-99.8,-99.8,-99.8,-99.8,-99.8
2023-03-14 02:00:00,1011.3,16.6,75.0,0.0,0.0,0.9,290.0,0.0,-99.8,-99.8,-99.8,-99.8,-99.8,-99.8,-99.8
2023-03-14 03:00:00,1011.0,16.5,76.0,0.1,0.0,1.1,340.0,0.0,-99.8,-99.8,-99.8,-99.8,-99.8,-99.8,-99.8
2023-03-14 04:00:00,1010.8,16.6,77.0,0.5,352.0,0.9,29.0,0.0,-99.8,-99.8,-99.8,-99.8,-99.8,-99.8,-99.8
2023-03-14 05:00:00,1010.8,16.7,76.0,0.3,4.0,1.0,30.0,0.0,-99.8,-99.8,-99.8,-99.8,-99.8,-99.8,-99.8
2023-03-14 06:00:00,1011.2,16.9,76.0,0.4,14.0,1.4,18.0,0.0,-99.8,-99.8,-99.8,-99.8,-99.8,-99.8,-99.8
2023-03-14 07:00:00,1011.3,17.3,74.0,0.6,22.0,1.2,351.0,0.0,-99.8,-99.8,-99.8,-99.8,-99.8,-99.8,-99.8
2023-03-14 08:00:00,1011.8,17.8,69.0,0.4,258.0,1.0,265.0,0.0,-99.8,-99.8,-99.8,-99.8,-99.8,-99.8,-99.8
2023-03-14 09:00:00,1012.0,18.7,68.0,0.4,224.0,1.7,214.0,0.0,-99.8,-99.8,-99.8,-99.8,-99.8,-99.8,-99.8
2023-03-14 10:00:00,1011.9,19.5,65.0,0.6,183.0,2.1,114.0,0.0,-99.8,-99.8,-99.8,-99.8,-99.8,-99.8,-99.8
2023-03-14 11:00:00,1011.4,20.1,64.0,0.7,212.0,1.6,175.0,0.0,-99.8,-99.8,-99.8,-99.8,-99.8,-99.8,-99.8
2023-03-14 12:00:00,1010.7,20.5,67.0,1.6,200.0,4.1,201.0,0.0,-99.8,-99.8,-99.8,-99.8,-99.8,-99.8,-99.8
2023-03-14 13:00:00,1009.8,20.1,71.0,3.5,219.0,6.2,228.0,0.0,-99.8,-99.8,-99.8,-99.8,-99.8,-99.8,-99.8
2023-03-14 14:00:00,1009.4,19.8,73.0,1.7,201.0,6.2,212.0,0.0,-99.8,-99.8,-99.8,-99.8,-99.8,-99.8,-99.8
2023-03-14 15:00:00,1009.1,20.1,72.0,1.3,200.0,4.2,204.0,0.0,-99.8,-99.8,-99.8,-99.8,-99.8,-99.8,-99.8
2023-03-14 16:00:00,1009.1,20.1,72.0,0.8,210.0,2.9,164.0,0.0,-99.8,-99.8,-99.8,-99.8,-99.8,-99.8,-99.8
2023-03-14 17:00:00,1009.6,19.8,74.0,0.3,217.0,1.3,148.0,0.0,-99.8,-99.8,-99.8,-99.8,-99.8,-99.8,-99.8
2023-03-14 18:00:00,1009.9,19.1,80.0,0.1,0.0,0.7,324.0,0.0,-99.8,-99.8,-99.8,-99.8,-99.8,-99.8,-99.8
2023-03-14 19:00:00,1010.2,19.3,84.0,1.5,196.0,3.2,224.0,0.0,-99.8,-99.8,-99.8,-99.8,-99.8,-99.8,-99.8
2023-03-14 20:00:00,1010.9,18.2,92.0,0.5,349.0,2.6,226.0,0.0,-99.8,-99.8,-99.8,-99.8,-99.8,-99.8,-99.8
2023-03-14 21:00:00,1010.7,18.0,95.0,1.3,16.0,2.1,1.0,0.5,-99.8,-99.8,-99.8,-99.8,-99.8,-99.8,-99.8
2023-03-14 22:00:00,1011.1,17.6,96.0,0.7,5.0,2.0,3.0,0.0,-99.8,-99.8,-99.8,-99.8,-99.8,-99.8,-99.8
2023-03-14 23:00:00,1010.8,17.8,96.0,0.8,358.0,1.9,30.0,0.0,-99.8,-99.8,-99.8,-99.8,-99.8,-99.8,-99.8
2023-03-15 00:00:00,1010.4,17.6,94.0,0.7,339.0,2.2,6.0,0.0,-99.8,-99.8,-99.8,-99.8,-99.8,-99.8,-99.8
2023-03-15 01:00:00,1009.9,17.0,92.0,1.0,9.0,2.5,345.0,0.0,-99.8,-99.8,-99.8,-99.8,-99.8,-99.8,-99.8
2023-03-15 02:00:00,1009.2,17.0,88.0,1.0,356.0,2.7,3.0,0.0,-99.8,-99.8,-99.8,-99.8,-99.8,-99.8,-99.8
2023-03-15 03:00:00,1008.7,17.3,86.0,1.1,1.0,3.4,6.0,0.0,-99.8,-99.8,-99.8,-99.8,-99.8,-99.8,-99.8
2023-03-15 04:00:00,1008.9,17.5,83.0,1.0,2.0,2.7,25.0,0.0,-99.8,-99.8,-99.8,-99.8,-99.8,-99.8,-99.8
2023-03-15 05:00:00,1009.0,17.8,80.0,0.9,360.0,2.4,5.0,0.0,-99.8,-99.8,-99.8,-99.8,-99.8,-99.8,-99.8
2023-03-15 06:00:00,1009.8,17.6,78.0,0.8,340.0,2.3,11.0,0.0,-99.8,-99.8,-99.8,-99.8,-99.8,-99.8,-99.8
2023-03-15 07:00:00,1011.0,18.7,75.0,1.1,4.0,2.8,5.0,0.0,-99.8,-99.8,-99.8,-99.8,-99.8,-99.8,-99.8
2023-03-15 08:00:00,1011.6,21.2,66.0,0.8,34.0,2.5,355.0,0.0,-99.8,-99.8,-99.8,-99.8,-99.8,-99.8,-99.8
2023-03-15 09:00:00,1012.0,24.6,59.0,1.2,154.0,2.3,154.0,0.0,-99.8,-99.8,-99.8,-99.8,-99.8,-99.8,-99.8
2023-03-15 10:00:00,1012.2,23.7,65.0,3.0,196.0,4.8,170.0,0.0,-99.8,-99.8,-99.8,-99.8,-99.8,-99.8,-99.8
2023-03-15 11:00:00,1011.8,24.3,58.0,5.0,207.0,7.8,215.0,0.0,-99.8,-99.8,-99.8,-99.8,-99.8,-99.8,-99.8
2023-03-15 12:00:00,1011.0,24.5,67.0,4.6,222.0,9.1,214.0,0.0,-99.8,-99.8,-99.8,-99.8,-99.8,-99.8,-99.8
2023-03-15 13:00:00,1010.2,23.0,76.0,5.0,237.0,11.8,225.0,0.0,-99.8,-99.8,-99.8,-99.8,-99.8,-99.8,-99.8
2023-03-15 14:00:00,1010.0,23.6,69.0,3.2,236.0,13.0,256.0,0.0,-99.8,-99.8,-99.8,-99.8,-99.8,-99.8,-99.8
2023-03-15 15:00:00,1010.0,22.4,74.0,1.7,252.0,7.0,229.0,0.0,-99.8,-99.8,-99.8,-99.8,-99.8,-99.8,-99.8
2023-03-15 16:00:00,1010.2,22.5,75.0,1.2,251.0,5.5,232.0,0.0,-99.8,-99.8,-99.8,-99.8,-99.8,-99.8,-99.8
2023-03-15 17:00:00,1010.8,21.7,79.0,0.5,338.0,3.0,205.0,0.0,-99.8,-99.8,-99.8,-99.8,-99.8,-99.8,-99.8
2023-03-15 18:00:00,1011.3,20.9,83.0,0.7,356.0,1.4,5.0,0.0,-99.8,-99.8,-99.8,-99.8,-99.8,-99.8,-99.8
2023-03-15 19:00:00,1011.7,20.4,82.0,0.8,12.0,2.1,13.0,0.0,-99.8,-99.8,-99.8,-99.8,-99.8,-99.8,-99.8
2023-03-15 20:00:00,1012.4,20.0,82.0,0.6,9.0,1.9,8.0,0.0,-99.8,-99.8,-99.8,-99.8,-99.8,-99.8,-99.8
2023-03-15 21:00:00,1013.0,20.3,81.0,0.7,5.0,1.9,1.0,0.0,-99.8,-99.8,-99.8,-99.8,-99.8,-99.8,-99.8
2023-03-15 22:00:00,1013.1,20.5,80.0,0.3,340.0,1.7,352.0,0.0,-99.8,-99.8,-99.8,-99.8,-99.8,-99.8,-99.8
2023-03-15 23:00:00,1013.0,20.6,79.0,0.6,8.0,1.4,6.0,0.0,-99.8,-99.8,-99.8,-99.8,-99.8,-99.8,-99.8
2023-03-16 00:00:00,1012.8,20.6,78.0,0.6,351.0,1.8,11.0,0.0,-99.8,-99.8,-99.8,-99.8,-99.8,-99.8,-99.8
2023-03-16 01:00:00,1012.4,20.5,80.0,0.4,356.0,1.2,351.0,0.0,-99.8,-99.8,-99.8,-99.8,-99.8,-99.8,-99.8
2023-03-16 02:00:00,1011.9,20.5,78.0,0.4,339.0,1.5,360.0,0.0,-99.8,-99.8,-99.8,-99.8,-99.8,-99.8,-99.8
2023-03-16 03:00:00,1011.5,20.5,75.0,0.5,358.0,1.6,24.0,0.0,-99.8,-99.8,-99.8,-99.8,-99.8,-99.8,-99.8
2023-03-16 04:00:00,1011.6,20.9,71.0,0.9,357.0,2.0,347.0,0.0,-99.8,-99.8,-99.8,-99.8,-99.8,-99.8,-99.8
2023-03-16 05:00:00,1012.0,20.7,78.0,0.5,5.0,1.9,14.0,0.0,-99.8,-99.8,-99.8,-99.8,-99.8,-99.8,-99.8
2023-03-16 06:00:00,1012.7,20.5,80.0,0.4,359.0,1.5,3.0,0.0,-99.8,-99.8,-99.8,-99.8,-99.8,-99.8,-99.8
2023-03-16 07:00:00,1013.4,21.2,79.0,0.5,333.0,1.6,28.0,0.0,-99.8,-99.8,-99.8,-99.8,-99.8,-99.8,-99.8
2023-03-16 08:00:00,1014.1,22.4,75.0,0.5,230.0,1.7,9.0,0.0,-99.8,-99.8,-99.8,-99.8,-99.8,-99.8,-99.8
2023-03-16 09:00:00,1014.4,25.6,59.0,0.9,146.0,2.2,168.0,0.0,-99.8,-99.8,-99.8,-99.8,-99.8,-99.8,-99.8
2023-03-16 10:00:00,1014.3,26.8,61.0,1.4,146.0,2.8,168.0,0.0,-99.8,-99.8,-99.8,-99.8,-99.8,-99.8,-99.8
2023-03-16 11:00:00,1014.3,26.9,64.0,1.3,146.0,2.4,134.0,0.0,-99.8,-99.8,-99.8,-99.8,-99.8,-99.8,-99.8
2023-03-16 12:00:00,1013.5,28.2,59.0,1.4,161.0,2.8,159.0,0.0,-99.8,-99.8,-99.8,-99.8,-99.8,-99.8,-99.8
2023-03-16 13:00:00,1013.0,25.6,68.0,0.7,149.0,2.4,161.0,0.0,-99.8,-99.8,-99.8,-99.8,-99.8,-99.8,-99.8
2023-03-16 14:00:00,1012.0,25.0,73.0,0.5,176.0,2.4,162.0,0.0,-99.8,-99.8,-99.8,-99.8,-99.8,-99.8,-99.8
2023-03-16 15:00:00,1011.6,24.6,76.0,0.8,167.0,1.7,142.0,0.0,-99.8,-99.8,-99.8,-99.8,-99.8,-99.8,-99.8
2023-03-16 16:00:00,1011.6,23.8,79.0,0.5,190.0,1.6,161.0,0.0,-99.8,-99.8,-99.8,-99.8,-99.8,-99.8,-99.8
2023-03-16 17:00:00,1011.9,22.8,82.0,0.9,20.0,1.8,18.0,0.0,-99.8,-99.8,-99.8,-99.8,-99.8,-99.8,-99.8
2023-03-16 18:00:00,1011.9,22.5,85.0,0.7,223.0,2.4,169.0,0.0,-99.8,-99.8,-99.8,-99.8,-99.8,-99.8,-99.8
2023-03-16 19:00:00,1012.1,21.7,88.0,0.8,14.0,1.8,29.0,0.0,-99.8,-99.8,-99.8,-99.8,-99.8,-99.8,-99.8
2023-03-16 20:00:00,1012.4,22.0,82.0,0.8,17.0,1.8,9.0,0.0,-99.8,-99.8,-99.8,-99.8,-99.8,-99.8,-99.8
2023-03-16 21:00:00,1012.7,22.0,81.0,0.4,2.0,1.7,2.0,0.0,-99.8,-99.8,-99.8,-99.8,-99.8,-99.8,-99.8
2023-03-16 22:00:00,1012.8,22.0,81.0,0.4,356.0,1.6,25.0,0.0,-99.8,-99.8,-99.8,-99.8,-99.8,-99.8,-99.8
2023-03-16 23:00:00,1012.5,21.6,81.0,0.6,347.0,1.6,18.0,0.0,-99.8,-99.8,-99.8,-99.8,-99.8,-99.8,-99.8
2023-03-17 00:00:00,1012.4,21.4,81.0,1.1,14.0,2.0,23.0,0.0,-99.8,-99.8,-99.8,-99.8,-99.8,-99.8,-99.8
2023-03-17 01:00:00,1011.9,21.5,82.0,0.9,16.0,1.6,8.0,0.0,-99.8,-99.8,-99.8,-99.8,-99.8,-99.8,-99.8
2023-03-17 02:00:00,1011.2,21.5,81.0,0.7,350.0,2.1,5.0,0.0,-99.8,-99.8,-99.8,-99.8,-99.8,-99.8,-99.8
2023-03-17 03:00:00,1010.6,20.9,86.0,0.6,8.0,2.5,11.0,0.0,-99.8,-99.8,-99.8,-99.8,-99.8,-99.8,-99.8
2023-03-17 04:00:00,1009.9,21.4,87.0,0.5,341.0,1.4,340.0,0.0,-99.8,-99.8,-99.8,-99.8,-99.8,-99.8,-99.8
2023-03-17 05:00:00,1009.8,20.6,83.0,1.0,16.0,2.4,7.0,0.0,-99.8,-99.8,-99.8,-99.8,-99.8,-99.8,-99.8
2023-03-17 06:00:00,1010.3,20.1,83.0,0.8,6.0,2.3,2.0,0.0,-99.8,-99.8,-99.8,-99.8,-99.8,-99.8,-99.8
2023-03-17 07:00:00,1010.7,20.7,78.0,0.9,11.0,2.2,5.0,0.0,-99.8,-99.8,-99.8,-99.8,-99.8,-99.8,-99.8
2023-03-17 08:00:00,1010.7,24.7,68.0,0.2,0.0,2.9,37.0,0.0,-99.8,-99.8,-99.8,-99.8,-99.8,-99.8,-99.8
2023-03-17 09:00:00,1010.9,26.2,62.0,1.5,198.0,3.5,213.0,0.0,-99.8,-99.8,-99.8,-99.8,-99.8,-99.8,-99.8
2023-03-17 10:00:00,1011.1,25.3,64.0,1.6,193.0,3.7,205.0,0.0,-99.8,-99.8,-99.8,-99.8,-99.8,-99.8,-99.8
2023-03-17 11:00:00,1010.5,26.9,68.0,3.2,199.0,6.1,207.0,0.0,-99.8,-99.8,-99.8,-99.8,-99.8,-99.8,-99.8
2023-03-17 12:00:00,1009.4,24.8,76.0,2.2,199.0,6.2,207.0,0.0,-99.8,-99.8,-99.8,-99.8,-99.8,-99.8,-99.8
2023-03-17 13:00:00,1008.6,23.9,79.0,1.5,191.0,6.0,203.0,0.0,-99.8,-99.8,-99.8,-99.8,-99.8,-99.8,-99.8
2023-03-17 14:00:00,1007.8,22.2,90.0,0.7,356.0,3.6,206.0,3.5,-99.8,-99.8,-99.8,-99.8,-99.8,-99.8,-99.8
2023-03-17 15:00:00,1007.6,22.0,93.0,1.0,360.0,3.0,260.0,3.0,-99.8,-99.8,-99.8,-99.8,-99.8,-99.8,-99.8
2023-03-17 16:00:00,1007.9,21.4,94.0,0.9,352.0,4.3,39.0,11.0,-99.8,-99.8,-99.8,-99.8,-99.8,-99.8,-99.8
2023-03-17 17:00:00,1008.3,21.0,97.0,0.5,14.0,2.7,5.0,10.5,-99.8,-99.8,-99.8,-99.8,-99.8,-99.8,-99.8
2023-03-17 18:00:00,1008.9,20.9,98.0,0.0,0.0,2.0,34.0,6.0,-99.8,-99.8,-99.8,-99.8,-99.8,-99.8,-99.8
2023-03-17 19:00:00,1009.3,20.7,98.0,1.2,17.0,2.3,2.0,8.5,-99.8,-99.8,-99.8,-99.8,-99.8,-99.8,-99.8
2023-03-17 20:00:00,1009.9,20.7,98.0,0.2,0.0,2.6,23.0,2.5,-99.8,-99.8,-99.8,-99.8,-99.8,-99.8,-99.8
2023-03-17 21:00:00,1010.5,20.7,99.0,0.4,351.0,1.8,20.0,3.0,-99.8,-99.8,-99.8,-99.8,-99.8,-99.8,-99.8
2023-03-17 22:00:00,1010.6,20.7,99.0,0.1,0.0,1.6,28.0,2.0,-99.8,-99.8,-99.8,-99.8,-99.8,-99.8,-99.8
2023-03-17 23:00:00,1010.4,20.5,99.0,0.0,0.0,1.2,25.0,7.0,-99.8,-99.8,-99.8,-99.8,-99.8,-99.8,-99.8
2023-03-18 00:00:00,1009.8,20.5,99.0,0.4,15.0,1.8,235.0,3.5,-99.8,-99.8,-99.8,-99.8,-99.8,-99.8,-99.8
2023-03-18 01:00:00,1009.3,20.4,100.0,0.2,0.0,1.6,29.0,0.0,-99.8,-99.8,-99.8,-99.8,-99.8,-99.8,-99.8
2023-03-18 02:00:00,1009.0,20.3,100.0,0.6,352.0,1.3,359.0,0.0,-99.8,-99.8,-99.8,-99.8,-99.8,-99.8,-99.8
2023-03-18 03:00:00,1008.6,20.3,100.0,0.4,18.0,1.2,330.0,0.0,-99.8,-99.8,-99.8,-99.8,-99.8,-99.8,-99.8
2023-03-18 04:00:00,1008.7,20.1,99.0,0.6,265.0,2.3,259.0,0.0,-99.8,-99.8,-99.8,-99.8,-99.8,-99.8,-99.8
2023-03-18 05:00:00,1009.2,20.2,97.0,0.3,227.0,4.0,257.0,0.0,-99.8,-99.8,-99.8,-99.8,-99.8,-99.8,-99.8
2023-03-18 06:00:00,1009.8,19.9,96.0,0.3,307.0,2.5,248.0,0.0,-99.8,-99.8,-99.8,-99.8,-99.8,-99.8,-99.8
2023-03-18 07:00:00,1010.5,20.0,91.0,1.3,275.0,3.9,326.0,0.0,-99.8,-99.8,-99.8,-99.8,-99.8,-99.8,-99.8
2023-03-18 08:00:00,1011.2,19.8,91.0,1.5,255.0,4.4,212.0,0.0,-99.8,-99.8,-99.8,-99.8,-99.8,-99.8,-99.8
2023-03-18 09:00:00,1011.8,19.9,93.0,0.0,0.0,3.8,229.0,0.0,-99.8,-99.8,-99.8,-99.8,-99.8,-99.8,-99.8
2023-03-18 10:00:00,1011.8,20.4,87.0,0.7,201.0,3.1,215.0,0.0,-99.8,-99.8,-99.8,-99.8,-99.8,-99.8,-99.8
2023-03-18 11:00:00,1011.7,20.6,85.0,0.8,247.0,4.0,226.0,0.0,-99.8,-99.8,-99.8,-99.8,-99.8,-99.8,-99.8
2023-03-18 12:00:00,1011.2,20.1,84.0,1.3,329.0,3.5,296.0,0.0,-99.8,-99.8,-99.8,-99.8,-99.8,-99.8,-99.8
2023-03-18 13:00:00,1010.7,19.4,91.0,0.6,16.0,3.3,294.0,0.0,-99.8,-99.8,-99.8,-99.8,-99.8,-99.8,-99.8
2023-03-18 14:00:00,1010.0,19.9,86.0,1.1,57.0,3.2,40.0,0.0,-99.8,-99.8,-99.8,-99.8,-99.8,-99.8,-99.8
2023-03-18 15:00:00,1009.5,19.6,88.0,0.5,329.0,5.7,220.0,0.0,-99.8,-99.8,-99.8,-99.8,-99.8,-99.8,-99.8
2023-03-18 16:00:00,1009.6,19.5,89.0,0.7,11.0,2.3,34.0,0.0,-99.8,-99.8,-99.8,-99.8,-99.8,-99.8,-99.8
2023-03-18 17:00:00,1010.0,19.5,91.0,0.2,0.0,1.3,47.0,0.0,-99.8,-99.8,-99.8,-99.8,-99.8,-99.8,-99.8
2023-03-18 18:00:00,1010.2,19.3,92.0,0.6,23.0,1.9,30.0,0.0,-99.8,-99.8,-99.8,-99.8,-99.8,-99.8,-99.8
2023-03-18 19:00:00,1010.7,19.1,92.0,0.4,360.0,1.9,27.0,0.0,-99.8,-99.8,-99.8,-99.8,-99.8,-99.8,-99.8
2023-03-18 20:00:00,1011.5,18.9,95.0,0.5,20.0,1.1,56.0,0.0,-99.8,-99.8,-99.8,-99.8,-99.8,-99.8,-99.8
2023-03-18 21:00:00,1011.9,18.7,94.0,0.4,341.0,1.1,306.0,0.0,-99.8,-99.8,-99.8,-99.8,-99.8,-99.8,-99.8
2023-03-18 22:00:00,1012.2,18.6,93.0,0.7,9.0,2.1,15.0,0.0,-99.8,-99.8,-99.8,-99.8,-99.8,-99.8,-99.8
2023-03-18 23:00:00,1011.9,18.5,94.0,0.5,347.0,1.2,339.0,0.0,-99.8,-99.8,-99.8,-99.8,-99.8,-99.8,-99.8
2023-03-19 00:00:00,1011.8,18.6,94.0,0.6,8.0,1.1,4.0,0.0,-99.8,-99.8,-99.8,-99.8,-99.8,-99.8,-99.8
2023-03-19 01:00:00,1011.1,18.7,94.0,0.5,12.0,1.5,11.0,0.0,-99.8,-99.8,-99.8,-99.8,-99.8,-99.8,-99.8
2023-03-19 02:00:00,1010.7,18.7,94.0,0.5,5.0,1.3,3.0,0.0,-99.8,-99.8,-99.8,-99.8,-99.8,-99.8,-99.8
2023-03-19 03:00:00,1009.9,18.4,94.0,0.5,360.0,1.1,12.0,0.0,-99.8,-99.8,-99.8,-99.8,-99.8,-99.8,-99.8
2023-03-19 04:00:00,1009.8,18.4,93.0,0.6,336.0,1.5,9.0,0.0,-99.8,-99.8,-99.8,-99.8,-99.8,-99.8,-99.8
2023-03-19 05:00:00,1010.1,18.6,93.0,0.5,344.0,1.1,360.0,0.0,-99.8,-99.8,-99.8,-99.8,-99.8,-99.8,-99.8
2023-03-19 06:00:00,1010.5,18.7,92.0,0.7,355.0,1.4,11.0,0.5,-99.8,-99.8,-99.8,-99.8,-99.8,-99.8,-99.8
2023-03-19 07:00:00,1011.2,19.3,90.0,0.4,340.0,1.7,14.0,0.0,-99.8,-99.8,-99.8,-99.8,-99.8,-99.8,-99.8
2023-03-19 08:00:00,1011.8,20.5,89.0,0.1,0.0,1.3,356.0,0.0,-99.8,-99.8,-99.8,-99.8,-99.8,-99.8,-99.8
2023-03-19 09:00:00,1011.8,21.9,74.0,0.4,152.0,2.1,165.0,0.0,-99.8,-99.8,-99.8,-99.8,-99.8,-99.8,-99.8
2023-03-19 10:00:00,1011.6,22.8,76.0,1.1,177.0,2.9,286.0,0.0,-99.8,-99.8,-99.8,-99.8,-99.8,-99.8,-99.8
2023-03-19 11:00:00,1010.9,22.1,82.0,4.6,216.0,7.5,222.0,0.0,-99.8,-99.8,-99.8,-99.8,-99.8,-99.8,-99.8
2023-03-19 12:00:00,1010.1,22.5,80.0,4.5,197.0,7.7,220.0,0.0,-99.8,-99.8,-99.8,-99.8,-99.8,-99.8,-99.8
2023-03-19 13:00:00,1009.3,21.8,83.0,3.9,222.0,6.7,236.0,0.0,-99.8,-99.8,-99.8,-99.8,-99.8,-99.8,-99.8
2023-03-19 14:00:00,1008.5,21.6,83.0,0.5,253.0,5.6,228.0,0.0,-99.8,-99.8,-99.8,-99.8,-99.8,-99.8,-99.8
2023-03-19 15:00:00,1007.8,21.7,85.0,1.3,229.0,4.5,211.0,0.0,-99.8,-99.8,-99.8,-99.8,-99.8,-99.8,-99.8
2023-03-19 16:00:00,1007.6,21.6,85.0,1.5,213.0,3.8,221.0,0.0,-99.8,-99.8,-99.8,-99.8,-99.8,-99.8,-99.8
2023-03-19 17:00:00,1007.7,21.0,91.0,0.2,0.0,2.1,227.0,0.0,-99.8,-99.8,-99.8,-99.8,-99.8,-99.8,-99.8
2023-03-19 18:00:00,1007.7,20.4,95.0,0.7,16.0,1.4,27.0,0.0,-99.8,-99.8,-99.8,-99.8,-99.8,-99.8,-99.8
2023-03-19 19:00:00,1007.8,19.8,94.0,0.4,342.0,1.4,310.0,0.0,-99.8,-99.8,-99.8,-99.8,-99.8,-99.8,-99.8
2023-03-19 20:00:00,1008.1,19.9,93.0,0.7,347.0,1.3,3.0,0.0,-99.8,-99.8,-99.8,-99.8,-99.8,-99.8,-99.8
2023-03-19 21:00:00,1008.3,20.0,93.0,0.5,2.0,1.3,15.0,0.0,-99.8,-99.8,-99.8,-99.8,-99.8,-99.8,-99.8
2023-03-19 22:00:00,1008.7,20.1,92.0,0.7,358.0,1.4,28.0,0.0,-99.8,-99.8,-99.8,-99.8,-99.8,-99.8,-99.8
2023-03-19 23:00:00,1008.1,20.0,91.0,0.7,343.0,1.2,335.0,0.0,-99.8,-99.8,-99.8,-99.8,-99.8,-99.8,-99.8
2023-03-20 00:00:00,1007.6,20.1,92.0,0.4,11.0,1.4,326.0,0.0,-99.8,-99.8,-99.8,-99.8,-99.8,-99.8,-99.8
2023-03-20 01:00:00,1006.8,20.2,91.0,0.8,358.0,1.9,9.0,0.0,-99.8,-99.8,-99.8,-99.8,-99.8,-99.8,-99.8
2023-03-20 02:00:00,1006.2,20.1,91.0,0.5,346.0,1.5,349.0,0.0,-99.8,-99.8,-99.8,-99.8,-99.8,-99.8,-99.8
2023-03-20 03:00:00,1005.9,19.7,92.0,0.7,11.0,2.2,360.0,0.0,-99.8,-99.8,-99.8,-99.8,-99.8,-99.8,-99.8
2023-03-20 04:00:00,1005.3,19.8,91.0,0.6,357.0,1.6,4.0,0.0,-99.8,-99.8,-99.8,-99.8,-99.8,-99.8,-99.8
2023-03-20 05:00:00,1005.5,20.2,90.0,0.8,350.0,1.7,327.0,0.0,-99.8,-99.8,-99.8,-99.8,-99.8,-99.8,-99.8
2023-03-20 06:00:00,1005.8,20.2,90.0,0.6,358.0,2.1,16.0,0.0,-99.8,-99.8,-99.8,-99.8,-99.8,-99.8,-99.8
2023-03-20 07:00:00,1006.8,20.6,89.0,0.6,6.0,1.8,26.0,0.0,-99.8,-99.8,-99.8,-99.8,-99.8,-99.8,-99.8
2023-03-20 08:00:00,1007.5,22.5,80.0,0.2,0.0,1.5,27.0,0.0,-99.8,-99.8,-99.8,-99.8,-99.8,-99.8,-99.8
2023-03-20 09:00:00,1007.3,25.0,73.0,0.7,172.0,1.5,160.0,0.0,-99.8,-99.8,-99.8,-99.8,-99.8,-99.8,-99.8
2023-03-20 10:00:00,1007.2,24.6,72.0,0.8,161.0,2.0,198.0,0.0,-99.8,-99.8,-99.8,-99.8,-99.8,-99.8,-99.8
2023-03-20 11:00:00,1007.1,24.6,73.0,0.4,179.0,1.9,133.0,0.0,-99.8,-99.8,-99.8,-99.8,-99.8,-99.8,-99.8
2023-03-20 12:00:00,1006.1,25.8,71.0,0.6,150.0,1.7,158.0,0.0,-99.8,-99.8,-99.8,-99.8,-99.8,-99.8,-99.8
2023-03-20 13:00:00,1005.2,23.9,82.0,1.4,191.0,3.1,249.0,0.0,-99.8,-99.8,-99.8,-99.8,-99.8,-99.8,-99.8
2023-03-20 14:00:00,1004.2,22.4,92.0,3.6,213.0,6.5,222.0,0.0,-99.8,-99.8,-99.8,-99.8,-99.8,-99.8,-99.8
2023-03-20 15:00:00,1004.0,22.3,93.0,3.9,206.0,7.8,221.0,0.0,-99.8,-99.8,-99.8,-99.8,-99.8,-99.8,-99.8
2023-03-20 16:00:00,1004.1,22.4,91.0,1.1,265.0,5.5,202.0,0.0,-99.8,-99.8,-99.8,-99.8,-99.8,-99.8,-99.8
2023-03-20 17:00:00,1004.2,21.8,92.0,1.1,10.0,1.7,238.0,0.0,-99.8,-99.8,-99.8,-99.8,-99.8,-99.8,-99.8
2023-03-20 18:00:00,1004.3,21.5,96.0,0.8,12.0,2.0,4.0,0.0,-99.8,-99.8,-99.8,-99.8,-99.8,-99.8,-99.8
2023-03-20 19:00:00,1004.6,21.1,98.0,0.5,13.0,1.5,4.0,0.0,-99.8,-99.8,-99.8,-99.8,-99.8,-99.8,-99.8
2023-03-20 20:00:00,1004.8,20.9,98.0,1.5,14.0,4.2,350.0,1.5,-99.8,-99.8,-99.8,-99.8,-99.8,-99.8,-99.8
2023-03-20 21:00:00,1004.8,20.5,98.0,0.6,340.0,1.7,295.0,0.0,-99.8,-99.8,-99.8,-99.8,-99.8,-99.8,-99.8
2023-03-20 22:00:00,1004.7,20.7,98.0,0.9,9.0,2.2,325.0,0.0,-99.8,-99.8,-99.8,-99.8,-99.8,-99.8,-99.8
2023-03-20 23:00:00,1004.5,20.9,97.0,0.4,3.0,1.6,302.0,0.0,-99.8,-99.8,-99.8,-99.8,-99.8,-99.8,-99.8
2023-03-21 00:00:00,1004.3,21.1,96.0,0.9,323.0,1.7,22.0,0.0,-99.8,-99.8,-99.8,-99.8,-99.8,-99.8,-99.8
2023-03-21 01:00:00,1003.5,21.2,95.0,0.7,349.0,2.1,259.0,0.0,-99.8,-99.8,-99.8,-99.8,-99.8,-99.8,-99.8
2023-03-21 02:00:00,1002.9,20.9,95.0,0.8,338.0,1.5,40.0,0.0,-99.8,-99.8,-99.8,-99.8,-99.8,-99.8,-99.8
2023-03-21 03:00:00,1002.3,21.1,94.0,0.5,344.0,1.8,14.0,0.0,-99.8,-99.8,-99.8,-99.8,-99.8,-99.8,-99.8
2023-03-21 04:00:00,1002.4,21.0,95.0,0.6,342.0,1.6,296.0,0.0,-99.8,-99.8,-99.8,-99.8,-99.8,-99.8,-99.8
2023-03-21 05:00:00,1002.6,20.5,95.0,1.0,7.0,2.3,14.0,0.0,-99.8,-99.8,-99.8,-99.8,-99.8,-99.8,-99.8
2023-03-21 06:00:00,1003.1,20.7,95.0,0.7,345.0,2.5,9.0,0.0,-99.8,-99.8,-99.8,-99.8,-99.8,-99.8,-99.8
2023-03-21 07:00:00,1003.8,21.2,94.0,0.6,5.0,1.6,2.0,0.0,-99.8,-99.8,-99.8,-99.8,-99.8,-99.8,-99.8
2023-03-21 08:00:00,1004.4,23.4,85.0,0.3,213.0,1.9,218.0,0.0,-99.8,-99.8,-99.8,-99.8,-99.8,-99.8,-99.8
2023-03-21 09:00:00,1004.5,24.5,80.0,0.5,155.0,1.7,162.0,0.0,-99.8,-99.8,-99.8,-99.8,-99.8,-99.8,-99.8
2023-03-21 10:00:00,1004.6,24.7,81.0,0.7,170.0,1.6,167.0,0.0,-99.8,-99.8,-99.8,-99.8,-99.8,-99.8,-99.8
2023-03-21 11:00:00,1004.0,26.8,72.0,1.1,176.0,2.2,209.0,0.0,-99.8,-99.8,-99.8,-99.8,-99.8,-99.8,-99.8
2023-03-21 12:00:00,1002.9,28.0,68.0,1.5,160.0,2.6,200.0,0.0,-99.8,-99.8,-99.8,-99.8,-99.8,-99.8,-99.8
2023-03-21 13:00:00,1002.0,27.2,72.0,1.5,201.0,2.7,211.0,0.0,-99.8,-99.8,-99.8,-99.8,-99.8,-99.8,-99.8
2023-03-21 14:00:00,1001.1,26.7,71.0,0.8,187.0,2.5,201.0,0.0,-99.8,-99.8,-99.8,-99.8,-99.8,-99.8,-99.8
2023-03-21 15:00:00,1000.6,26.4,73.0,0.6,160.0,2.4,217.0,0.0,-99.8,-99.8,-99.8,-99.8,-99.8,-99.8,-99.8
2023-03-21 16:00:00,1000.2,25.7,78.0,0.1,0.0,1.7,165.0,0.0,-99.8,-99.8,-99.8,-99.8,-99.8,-99.8,-99.8
2023-03-21 17:00:00,1000.1,25.6,78.0,0.1,0.0,1.6,221.0,0.0,-99.8,-99.8,-99.8,-99.8,-99.8,-99.8,-99.8
2023-03-21 18:00:00,1000.0,24.2,82.0,0.4,341.0,1.4,355.0,0.0,-99.8,-99.8,-99.8,-99.8,-99.8,-99.8,-99.8
2023-03-21 19:00:00,1000.2,23.3,86.0,0.6,348.0,1.6,345.0,0.0,-99.8,-99.8,-99.8,-99.8,-99.8,-99.8,-99.8
2023-03-21 20:00:00,1000.8,23.1,87.0,0.9,11.0,2.2,5.0,0.0,-99.8,-99.8,-99.8,-99.8,-99.8,-99.8,-99.8
2023-03-21 21:00:00,1001.4,22.9,88.0,0.6,344.0,2.1,355.0,0.0,-99.8,-99.8,-99.8,-99.8,-99.8,-99.8,-99.8
2023-03-21 22:00:00,1001.8,23.0,88.0,0.7,2.0,2.3,335.0,0.0,-99.8,-99.8,-99.8,-99.8,-99.8,-99.8,-99.8
2023-03-21 23:00:00,1001.6,23.0,89.0,0.5,350.0,2.1,339.0,0.0,-99.8,-99.8,-99.8,-99.8,-99.8,-99.8,-99.8
2023-03-22 00:00:00,1001.5,22.8,90.0,0.8,359.0,2.6,336.0,0.0,-99.8,-99.8,-99.8,-99.8,-99.8,-99.8,-99.8
2023-03-22 01:00:00,1001.0,22.8,88.0,1.1,6.0,2.5,12.0,0.0,-99.8,-99.8,-99.8,-99.8,-99.8,-99.8,-99.8
2023-03-22 02:00:00,1000.6,22.8,89.0,0.7,353.0,2.0,15.0,0.0,-99.8,-99.8,-99.8,-99.8,-99.8,-99.8,-99.8
2023-03-22 03:00:00,1000.3,22.6,89.0,0.8,353.0,2.0,19.0,0.0,-99.8,-99.8,-99.8,-99.8,-99.8,-99.8,-99.8
2023-03-22 04:00:00,1000.1,22.5,90.0,0.6,348.0,1.5,4.0,0.0,-99.8,-99.8,-99.8,-99.8,-99.8,-99.8,-99.8
2023-03-22 05:00:00,1000.6,22.3,91.0,0.7,356.0,1.4,315.0,0.0,-99.8,-99.8,-99.8,-99.8,-99.8,-99.8,-99.8
2023-03-22 06:00:00,1000.8,22.9,89.0,0.7,348.0,1.7,26.0,0.0,-99.8,-99.8,-99.8,-99.8,-99.8,-99.8,-99.8
2023-03-22 07:00:00,1001.6,23.6,87.0,0.2,0.0,1.7,243.0,0.0,-99.8,-99.8,-99.8,-99.8,-99.8,-99.8,-99.8
2023-03-22 08:00:00,1002.1,26.2,78.0,0.9,203.0,2.0,43.0,0.0,-99.8,-99.8,-99.8,-99.8,-99.8,-99.8,-99.8
2023-03-22 09:00:00,1002.1,26.6,76.0,1.0,173.0,2.7,219.0,0.0,-99.8,-99.8,-99.8,-99.8,-99.8,-99.8,-99.8
2023-03-22 10:00:00,1002.4,28.5,70.0,1.4,148.0,2.9,143.0,0.0,-99.8,-99.8,-99.8,-99.8,-99.8,-99.8,-99.8
2023-03-22 11:00:00,1002.2,28.5,69.0,1.1,161.0,2.9,165.0,0.0,-99.8,-99.8,-99.8,-99.8,-99.8,-99.8,-99.8
2023-03-22 12:00:00,1001.6,27.7,71.0,1.9,201.0,5.2,201.0,0.0,-99.8,-99.8,-99.8,-99.8,-99.8,-99.8,-99.8
2023-03-22 13:00:00,1000.7,27.2,71.0,1.2,243.0,4.4,202.0,0.0,-99.8,-99.8,-99.8,-99.8,-99.8,-99.8,-99.8
2023-03-22 14:00:00,999.7,28.2,73.0,0.8,184.0,2.1,205.0,0.0,-99.8,-99.8,-99.8,-99.8,-99.8,-99.8,-99.8
2023-03-22 15:00:00,999.3,27.2,76.0,1.0,196.0,1.7,173.0,0.0,-99.8,-99.8,-99.8,-99.8,-99.8,-99.8,-99.8
2023-03-22 16:00:00,999.2,26.6,79.0,0.7,172.0,1.7,175.0,0.0,-99.8,-99.8,-99.8,-99.8,-99.8,-99.8,-99.8
2023-03-22 17:00:00,999.5,25.2,86.0,0.0,0.0,1.3,201.0,0.0,-99.8,-99.8,-99.8,-99.8,-99.8,-99.8,-99.8
2023-03-22 18:00:00,999.8,24.1,89.0,0.5,356.0,1.0,8.0,0.0,-99.8,-99.8,-99.8,-99.8,-99.8,-99.8,-99.8
2023-03-22 19:00:00,1000.2,23.4,91.0,0.7,343.0,2.4,7.0,0.0,-99.8,-99.8,-99.8,-99.8,-99.8,-99.8,-99.8
2023-03-22 20:00:00,1000.8,23.4,90.0,0.7,5.0,1.8,33.0,0.0,-99.8,-99.8,-99.8,-99.8,-99.8,-99.8,-99.8
2023-03-22 21:00:00,1001.2,23.1,91.0,0.6,357.0,2.1,358.0,0.0,-99.8,-99.8,-99.8,-99.8,-99.8,-99.8,-99.8
2023-03-22 22:00:00,1001.6,23.1,91.0,0.6,357.0,1.5,24.0,0.0,-99.8,-99.8,-99.8,-99.8,-99.8,-99.8,-99.8
2023-03-22 23:00:00,1001.3,22.7,92.0,0.7,2.0,1.6,14.0,0.0,-99.8,-99.8,-99.8,-99.8,-99.8,-99.8,-99.8
2023-03-23 00:00:00,1001.2,22.7,92.0,0.5,358.0,1.6,14.0,0.0,-99.8,-99.8,-99.8,-99.8,-99.8,-99.8,-99.8
2023-03-23 01:00:00,1000.9,22.7,91.0,0.5,342.0,1.5,359.0,0.0,-99.8,-99.8,-99.8,-99.8,-99.8,-99.8,-99.8
2023-03-23 02:00:00,1000.3,23.1,90.0,0.5,344.0,2.8,360.0,0.0,-99.8,-99.8,-99.8,-99.8,-99.8,-99.8,-99.8
2023-03-23 03:00:00,1000.2,22.7,89.0,0.6,329.0,1.3,287.0,0.0,-99.8,-99.8,-99.8,-99.8,-99.8,-99.8,-99.8
2023-03-23 04:00:00,1000.3,22.4,87.0,0.7,329.0,1.7,351.0,0.0,-99.8,-99.8,-99.8,-99.8,-99.8,-99.8,-99.8
2023-03-23 05:00:00,1000.9,22.2,88.0,0.7,336.0,1.5,360.0,0.0,-99.8,-99.8,-99.8,-99.8,-99.8,-99.8,-99.8
2023-03-23 06:00:00,1001.8,22.2,88.0,0.8,347.0,1.6,6.0,0.0,-99.8,-99.8,-99.8,-99.8,-99.8,-99.8,-99.8
2023-03-23 07:00:00,1002.6,23.0,84.0,0.7,358.0,1.7,22.0,0.0,-99.8,-99.8,-99.8,-99.8,-99.8,-99.8,-99.8
2023-03-23 08:00:00,1003.1,26.5,76.0,0.2,0.0,1.6,355.0,0.0,-99.8,-99.8,-99.8,-99.8,-99.8,-99.8,-99.8
2023-03-23 09:00:00,1003.5,27.0,73.0,2.0,199.0,4.2,228.0,0.0,-99.8,-99.8,-99.8,-99.8,-99.8,-99.8,-99.8
2023-03-23 10:00:00,1003.5,28.0,72.0,0.8,159.0,3.1,208.0,0.0,-99.8,-99.8,-99.8,-99.8,-99.8,-99.8,-99.8
2023-03-23 11:00:00,1002.9,28.2,69.0,0.7,155.0,2.2,218.0,0.0,-99.8,-99.8,-99.8,-99.8,-99.8,-99.8,-99.8
2023-03-23 12:00:00,1002.8,28.1,68.0,1.4,209.0,2.5,209.0,0.0,-99.8,-99.8,-99.8,-99.8,-99.8,-99.8,-99.8
2023-03-23 13:00:00,1002.3,27.4,74.0,1.0,189.0,2.4,205.0,0.0,-99.8,-99.8,-99.8,-99.8,-99.8,-99.8,-99.8
2023-03-23 14:00:00,1001.8,27.0,75.0,0.7,174.0,3.1,273.0,0.0,-99.8,-99.8,-99.8,-99.8,-99.8,-99.8,-99.8
2023-03-23 15:00:00,1001.4,27.3,77.0,1.4,170.0,2.7,177.0,0.0,-99.8,-99.8,-99.8,-99.8,-99.8,-99.8,-99.8
2023-03-23 16:00:00,1002.4,26.0,76.0,1.3,262.0,3.6,279.0,0.0,-99.8,-99.8,-99.8,-99.8,-99.8,-99.8,-99.8
2023-03-23 17:00:00,1003.4,25.8,82.0,0.4,16.0,5.9,215.0,0.0,-99.8,-99.8,-99.8,-99.8,-99.8,-99.8,-99.8
2023-03-23 18:00:00,1004.3,25.0,84.0,0.8,9.0,2.2,232.0,0.0,-99.8,-99.8,-99.8,-99.8,-99.8,-99.8,-99.8
2023-03-23 19:00:00,1004.9,24.7,82.0,0.8,5.0,1.6,340.0,0.0,-99.8,-99.8,-99.8,-99.8,-99.8,-99.8,-99.8
2023-03-23 20:00:00,1005.4,24.6,78.0,0.9,12.0,1.6,334.0,0.0,-99.8,-99.8,-99.8,-99.8,-99.8,-99.8,-99.8
2023-03-23 21:00:00,1006.0,24.7,82.0,0.7,250.0,5.0,27.0,0.0,-99.8,-99.8,-99.8,-99.8,-99.8,-99.8,-99.8
2023-03-23 22:00:00,1006.4,23.8,88.0,0.5,326.0,1.8,254.0,0.0,-99.8,-99.8,-99.8,-99.8,-99.8,-99.8,-99.8
2023-03-23 23:00:00,1006.4,23.9,86.0,0.8,30.0,1.8,58.0,0.0,-99.8,-99.8,-99.8,-99.8,-99.8,-99.8,-99.8
2023-03-24 00:00:00,1006.5,23.9,88.0,0.5,326.0,2.1,31.0,0.0,-99.8,-99.8,-99.8,-99.8,-99.8,-99.8,-99.8
2023-03-24 01:00:00,1006.5,24.0,87.0,0.7,195.0,1.9,320.0,0.0,-99.8,-99.8,-99.8,-99.8,-99.8,-99.8,-99.8
2023-03-24 02:00:00,1006.1,24.3,85.0,1.1,204.0,3.0,217.0,0.0,-99.8,-99.8,-99.8,-99.8,-99.8,-99.8,-99.8
2023-03-24 03:00:00,1005.8,23.5,88.0,0.8,8.0,2.4,234.0,0.0,-99.8,-99.8,-99.8,-99.8,-99.8,-99.8,-99.8
2023-03-24 04:00:00,1005.8,23.6,86.0,1.3,18.0,2.4,13.0,0.0,-99.8,-99.8,-99.8,-99.8,-99.8,-99.8,-99.8
2023-03-24 05:00:00,1005.9,23.8,83.0,0.8,75.0,2.3,147.0,0.0,-99.8,-99.8,-99.8,-99.8,-99.8,-99.8,-99.8
2023-03-24 06:00:00,1006.5,23.4,87.0,0.4,353.0,2.1,43.0,0.0,-99.8,-99.8,-99.8,-99.8,-99.8,-99.8,-99.8
2023-03-24 07:00:00,1007.3,23.7,84.0,1.2,16.0,2.0,9.0,0.0,-99.8,-99.8,-99.8,-99.8,-99.8,-99.8,-99.8
2023-03-24 08:00:00,1007.8,26.7,73.0,0.5,138.0,2.2,173.0,0.0,-99.8,-99.8,-99.8,-99.8,-99.8,-99.8,-99.8
2023-03-24 09:00:00,1008.1,27.0,73.0,1.8,191.0,3.3,169.0,0.0,-99.8,-99.8,-99.8,-99.8,-99.8,-99.8,-99.8
2023-03-24 10:00:00,1008.1,28.4,70.0,3.2,178.0,7.3,221.0,0.0,-99.8,-99.8,-99.8,-99.8,-99.8,-99.8,-99.8
2023-03-24 11:00:00,1008.3,26.2,77.0,3.9,191.0,8.2,211.0,0.0,-99.8,-99.8,-99.8,-99.8,-99.8,-99.8,-99.8
2023-03-24 12:00:00,1008.1,25.0,82.0,4.8,204.0,6.8,213.0,0.0,-99.8,-99.8,-99.8,-99.8,-99.8,-99.8,-99.8
2023-03-24 13:00:00,1007.7,24.5,83.0,1.4,279.0,6.2,218.0,0.0,-99.8,-99.8,-99.8,-99.8,-99.8,-99.8,-99.8
2023-03-24 14:00:00,1006.9,25.4,82.0,0.6,140.0,3.1,284.0,0.0,-99.8,-99.8,-99.8,-99.8,-99.8,-99.8,-99.8
2023-03-24 15:00:00,1007.1,24.8,79.0,2.0,247.0,4.8,233.0,0.0,-99.8,-99.8,-99.8,-99.8,-99.8,-99.8,-99.8
2023-03-24 16:00:00,1007.5,24.8,79.0,1.5,243.0,4.0,238.0,0.0,-99.8,-99.8,-99.8,-99.8,-99.8,-99.8,-99.8
2023-03-24 17:00:00,1008.0,23.9,83.0,1.4,246.0,5.1,231.0,0.0,-99.8,-99.8,-99.8,-99.8,-99.8,-99.8,-99.8
2023-03-24 18:00:00,1008.3,23.3,85.0,0.5,245.0,4.3,232.0,0.0,-99.8,-99.8,-99.8,-99.8,-99.8,-99.8,-99.8
2023-03-24 19:00:00,1009.0,22.4,90.0,0.3,330.0,1.5,328.0,0.0,-99.8,-99.8,-99.8,-99.8,-99.8,-99.8,-99.8
2023-03-24 20:00:00,1009.5,22.7,90.0,0.5,6.0,1.3,294.0,0.0,-99.8,-99.8,-99.8,-99.8,-99.8,-99.8,-99.8
2023-03-24 21:00:00,1010.3,23.0,89.0,0.4,17.0,1.0,32.0,0.0,-99.8,-99.8,-99.8,-99.8,-99.8,-99.8,-99.8
2023-03-24 22:00:00,1010.5,23.0,89.0,0.5,360.0,1.2,21.0,0.0,-99.8,-99.8,-99.8,-99.8,-99.8,-99.8,-99.8
2023-03-24 23:00:00,1010.2,22.8,90.0,0.3,270.0,1.3,17.0,0.0,-99.8,-99.8,-99.8,-99.8,-99.8,-99.8,-99.8
2023-03-25 00:00:00,1010.1,22.7,91.0,0.2,0.0,0.8,211.0,0.0,-99.8,-99.8,-99.8,-99.8,-99.8,-99.8,-99.8
2023-03-25 01:00:00,1009.4,22.7,90.0,0.3,42.0,1.1,12.0,0.0,-99.8,-99.8,-99.8,-99.8,-99.8,-99.8,-99.8
2023-03-25 02:00:00,1008.9,22.6,92.0,0.1,0.0,0.9,229.0,0.0,-99.8,-99.8,-99.8,-99.8,-99.8,-99.8,-99.8
2023-03-25 03:00:00,1008.1,22.5,92.0,0.1,0.0,1.1,335.0,0.0,-99.8,-99.8,-99.8,-99.8,-99.8,-99.8,-99.8
2023-03-25 04:00:00,1007.6,22.1,93.0,0.3,340.0,1.2,22.0,0.0,-99.8,-99.8,-99.8,-99.8,-99.8,-99.8,-99.8
2023-03-25 05:00:00,1008.2,22.4,92.0,0.4,319.0,1.2,3.0,0.0,-99.8,-99.8,-99.8,-99.8,-99.8,-99.8,-99.8
2023-03-25 06:00:00,1008.6,21.7,91.0,0.5,346.0,1.7,24.0,0.0,-99.8,-99.8,-99.8,-99.8,-99.8,-99.8,-99.8
2023-03-25 07:00:00,1009.4,22.7,85.0,0.7,15.0,1.6,2.0,0.0,-99.8,-99.8,-99.8,-99.8,-99.8,-99.8,-99.8
2023-03-25 08:00:00,1009.9,25.3,78.0,1.1,197.0,2.2,207.0,0.0,-99.8,-99.8,-99.8,-99.8,-99.8,-99.8,-99.8
2023-03-25 09:00:00,1009.8,24.9,73.0,2.9,221.0,5.2,226.0,0.0,-99.8,-99.8,-99.8,-99.8,-99.8,-99.8,-99.8
2023-03-25 10:00:00,1009.5,24.7,74.0,2.3,232.0,5.4,225.0,0.0,-99.8,-99.8,-99.8,-99.8,-99.8,-99.8,-99.8
2023-03-25 11:00:00,1009.0,24.3,76.0,0.9,254.0,5.5,226.0,0.0,-99.8,-99.8,-99.8,-99.8,-99.8,-99.8,-99.8
2023-03-25 12:00:00,1007.6,25.4,73.0,2.6,243.0,8.8,242.0,0.0,-99.8,-99.8,-99.8,-99.8,-99.8,-99.8,-99.8
2023-03-25 13:00:00,1006.7,24.3,77.0,2.0,243.0,8.2,218.0,0.0,-99.8,-99.8,-99.8,-99.8,-99.8,-99.8,-99.8
2023-03-25 14:00:00,1006.3,23.3,81.0,1.0,248.0,7.9,235.0,0.0,-99.8,-99.8,-99.8,-99.8,-99.8,-99.8,-99.8
2023-03-25 15:00:00,1006.1,23.1,83.0,2.0,237.0,5.1,255.0,0.0,-99.8,-99.8,-99.8,-99.8,-99.8,-99.8,-99.8
2023-03-25 16:00:00,1005.8,23.0,85.0,0.1,0.0,2.5,228.0,0.0,-99.8,-99.8,-99.8,-99.8,-99.8,-99.8,-99.8
2023-03-25 17:00:00,1006.3,22.7,89.0,0.1,0.0,1.5,215.0,0.0,-99.8,-99.8,-99.8,-99.8,-99.8,-99.8,-99.8
2023-03-25 18:00:00,1006.5,22.0,94.0,0.0,0.0,0.9,173.0,0.0,-99.8,-99.8,-99.8,-99.8,-99.8,-99.8,-99.8
2023-03-25 19:00:00,1006.4,21.7,96.0,0.3,1.0,1.1,33.0,0.0,-99.8,-99.8,-99.8,-99.8,-99.8,-99.8,-99.8
2023-03-25 20:00:00,1006.9,21.5,97.0,0.6,9.0,1.2,27.0,0.0,-99.8,-99.8,-99.8,-99.8,-99.8,-99.8,-99.8
2023-03-25 21:00:00,1007.7,21.4,97.0,0.3,344.0,1.8,292.0,0.5,-99.8,-99.8,-99.8,-99.8,-99.8,-99.8,-99.8
2023-03-25 22:00:00,1007.6,21.1,96.0,0.1,0.0,2.0,255.0,1.0,-99.8,-99.8,-99.8,-99.8,-99.8,-99.8,-99.8
2023-03-25 23:00:00,1007.3,20.8,97.0,0.4,323.0,1.3,244.0,0.0,-99.8,-99.8,-99.8,-99.8,-99.8,-99.8,-99.8
2023-03-26 00:00:00,1007.2,20.6,95.0,1.2,212.0,2.5,289.0,0.0,-99.8,-99.8,-99.8,-99.8,-99.8,-99.8,-99.8
2023-03-26 01:00:00,1006.7,21.0,91.0,0.5,316.0,3.7,265.0,0.0,-99.8,-99.8,-99.8,-99.8,-99.8,-99.8,-99.8
2023-03-26 02:00:00,1006.7,20.5,95.0,0.7,4.0,1.9,19.0,0.5,-99.8,-99.8,-99.8,-99.8,-99.8,-99.8,-99.8
2023-03-26 03:00:00,1006.2,20.4,97.0,0.5,291.0,1.7,269.0,0.5,-99.8,-99.8,-99.8,-99.8,-99.8,-99.8,-99.8
2023-03-26 04:00:00,1006.7,20.2,97.0,0.2,0.0,1.4,280.0,0.5,-99.8,-99.8,-99.8,-99.8,-99.8,-99.8,-99.8
2023-03-26 05:00:00,1007.1,19.9,98.0,0.5,212.0,2.2,228.0,3.5,-99.8,-99.8,-99.8,-99.8,-99.8,-99.8,-99.8
2023-03-26 06:00:00,1007.2,19.8,99.0,0.3,262.0,1.5,241.0,6.5,-99.8,-99.8,-99.8,-99.8,-99.8,-99.8,-99.8
2023-03-26 07:00:00,1008.4,19.7,95.0,0.5,346.0,4.6,296.0,1.5,-99.8,-99.8,-99.8,-99.8,-99.8,-99.8,-99.8
2023-03-26 08:00:00,1008.5,20.2,94.0,0.9,249.0,2.0,255.0,0.0,-99.8,-99.8,-99.8,-99.8,-99.8,-99.8,-99.8
2023-03-26 09:00:00,1009.1,19.8,93.0,1.1,318.0,3.3,214.0,0.5,-99.8,-99.8,-99.8,-99.8,-99.8,-99.8,-99.8
2023-03-26 10:00:00,1009.6,18.9,93.0,0.6,241.0,7.1,302.0,0.0,-99.8,-99.8,-99.8,-99.8,-99.8,-99.8,-99.8
2023-03-26 11:00:00,1009.6,18.6,94.0,1.9,270.0,4.6,285.0,0.0,-99.8,-99.8,-99.8,-99.8,-99.8,-99.8,-99.8
2023-03-26 12:00:00,1009.0,18.4,94.0,1.4,277.0,5.9,219.0,0.0,-99.8,-99.8,-99.8,-99.8,-99.8,-99.8,-99.8
2023-03-26 13:00:00,1009.3,18.1,95.0,0.7,277.0,3.2,289.0,0.0,-99.8,-99.8,-99.8,-99.8,-99.8,-99.8,-99.8
2023-03-26 14:00:00,1008.7,17.7,93.0,1.3,294.0,3.7,222.0,0.5,-99.8,-99.8,-99.8,-99.8,-99.8,-99.8,-99.8
2023-03-26 15:00:00,1008.2,17.5,94.0,0.9,307.0,3.9,283.0,0.5,-99.8,-99.8,-99.8,-99.8,-99.8,-99.8,-99.8
2023-03-26 16:00:00,1008.5,17.8,95.0,0.1,0.0,1.4,225.0,0.0,-99.8,-99.8,-99.8,-99.8,-99.8,-99.8,-99.8
2023-03-26 17:00:00,1008.8,17.9,93.0,0.8,270.0,2.4,179.0,0.0,-99.8,-99.8,-99.8,-99.8,-99.8,-99.8,-99.8
2023-03-26 18:00:00,1009.5,17.9,95.0,0.2,0.0,3.5,278.0,0.0,-99.8,-99.8,-99.8,-99.8,-99.8,-99.8,-99.8
2023-03-26 19:00:00,1010.2,17.8,96.0,0.5,339.0,0.9,321.0,0.0,-99.8,-99.8,-99.8,-99.8,-99.8,-99.8,-99.8
2023-03-26 20:00:00,1010.5,17.9,96.0,0.1,0.0,0.9,334.0,0.0,-99.8,-99.8,-99.8,-99.8,-99.8,-99.8,-99.8
2023-03-26 21:00:00,1010.7,17.9,95.0,0.5,354.0,1.4,16.0,0.0,-99.8,-99.8,-99.8,-99.8,-99.8,-99.8,-99.8
2023-03-26 22:00:00,1011.1,17.8,95.0,0.7,5.0,1.6,322.0,0.0,-99.8,-99.8,-99.8,-99.8,-99.8,-99.8,-99.8
2023-03-26 23:00:00,1011.3,18.0,94.0,0.8,11.0,1.9,2.0,0.0,-99.8,-99.8,-99.8,-99.8,-99.8,-99.8,-99.8
2023-03-27 00:00:00,1011.4,17.9,94.0,0.7,355.0,2.4,26.0,0.0,-99.8,-99.8,-99.8,-99.8,-99.8,-99.8,-99.8
2023-03-27 01:00:00,1010.9,17.8,94.0,0.5,348.0,2.3,20.0,0.0,-99.8,-99.8,-99.8,-99.8,-99.8,-99.8,-99.8
2023-03-27 02:00:00,1010.1,17.7,94.0,0.6,3.0,1.4,328.0,0.0,-99.8,-99.8,-99.8,-99.8,-99.8,-99.8,-99.8
2023-03-27 03:00:00,1010.2,18.2,93.0,0.6,8.0,1.6,287.0,0.0,-99.8,-99.8,-99.8,-99.8,-99.8,-99.8,-99.8
2023-03-27 04:00:00,1010.1,18.0,93.0,0.6,2.0,1.6,29.0,0.0,-99.8,-99.8,-99.8,-99.8,-99.8,-99.8,-99.8
2023-03-27 05:00:00,1010.2,18.2,91.0,0.6,341.0,1.4,360.0,0.0,-99.8,-99.8,-99.8,-99.8,-99.8,-99.8,-99.8
2023-03-27 06:00:00,1010.7,18.3,89.0,0.6,333.0,1.6,10.0,0.0,-99.8,-99.8,-99.8,-99.8,-99.8,-99.8,-99.8
2023-03-27 07:00:00,1011.1,18.8,90.0,0.6,358.0,1.5,338.0,0.0,-99.8,-99.8,-99.8,-99.8,-99.8,-99.8,-99.8
2023-03-27 08:00:00,1011.4,19.6,90.0,0.6,13.0,1.2,328.0,0.0,-99.8,-99.8,-99.8,-99.8,-99.8,-99.8,-99.8
2023-03-27 09:00:00,1011.7,20.5,77.0,0.4,230.0,2.8,235.0,0.0,-99.8,-99.8,-99.8,-99.8,-99.8,-99.8,-99.8
2023-03-27 10:00:00,1011.7,21.2,76.0,0.3,184.0,3.6,274.0,0.0,-99.8,-99.8,-99.8,-99.8,-99.8,-99.8,-99.8
2023-03-27 11:00:00,1011.6,21.2,79.0,0.2,0.0,1.4,151.0,0.0,-99.8,-99.8,-99.8,-99.8,-99.8,-99.8,-99.8
2023-03-27 12:00:00,1011.1,21.3,78.0,0.2,0.0,1.6,38.0,0.0,-99.8,-99.8,-99.8,-99.8,-99.8,-99.8,-99.8
2023-03-27 13:00:00,1010.1,21.7,75.0,0.2,0.0,1.5,178.0,0.0,-99.8,-99.8,-99.8,-99.8,-99.8,-99.8,-99.8
2023-03-27 14:00:00,1009.7,21.0,79.0,0.3,17.0,2.0,218.0,0.0,-99.8,-99.8,-99.8,-99.8,-99.8,-99.8,-99.8
2023-03-27 15:00:00,1009.3,21.2,83.0,0.0,0.0,1.4,15.0,0.0,-99.8,-99.8,-99.8,-99.8,-99.8,-99.8,-99.8
2023-03-27 16:00:00,1009.6,20.7,85.0,0.4,338.0,1.1,222.0,0.0,-99.8,-99.8,-99.8,-99.8,-99.8,-99.8,-99.8
2023-03-27 17:00:00,1009.9,19.9,92.0,0.4,19.0,1.4,336.0,0.0,-99.8,-99.8,-99.8,-99.8,-99.8,-99.8,-99.8
2023-03-27 18:00:00,1010.6,19.3,94.0,0.1,0.0,0.9,253.0,0.0,-99.8,-99.8,-99.8,-99.8,-99.8,-99.8,-99.8
2023-03-27 19:00:00,1010.7,19.0,95.0,0.4,184.0,2.3,142.0,0.5,-99.8,-99.8,-99.8,-99.8,-99.8,-99.8,-99.8
2023-03-27 20:00:00,1011.4,18.6,97.0,0.1,0.0,1.6,233.0,2.5,-99.8,-99.8,-99.8,-99.8,-99.8,-99.8,-99.8
2023-03-27 21:00:00,1012.2,18.8,98.0,0.0,0.0,1.0,237.0,0.5,-99.8,-99.8,-99.8,-99.8,-99.8,-99.8,-99.8
2023-03-27 22:00:00,1012.3,18.9,99.0,0.5,29.0,1.1,34.0,1.0,-99.8,-99.8,-99.8,-99.8,-99.8,-99.8,-99.8
2023-03-27 23:00:00,1012.4,18.5,99.0,0.2,0.0,1.5,45.0,1.5,-99.8,-99.8,-99.8,-99.8,-99.8,-99.8,-99.8
2023-03-28 00:00:00,1012.2,18.3,99.0,0.4,327.0,0.8,65.0,0.0,-99.8,-99.8,-99.8,-99.8,-99.8,-99.8,-99.8
2023-03-28 01:00:00,1012.0,18.5,99.0,0.2,0.0,1.3,354.0,0.0,-99.8,-99.8,-99.8,-99.8,-99.8,-99.8,-99.8
2023-03-28 02:00:00,1011.6,18.4,100.0,0.4,353.0,1.0,8.0,0.5,-99.8,-99.8,-99.8,-99.8,-99.8,-99.8,-99.8
2023-03-28 03:00:00,1011.3,18.3,99.0,0.2,0.0,1.2,23.0,0.5,-99.8,-99.8,-99.8,-99.8,-99.8,-99.8,-99.8
2023-03-28 04:00:00,1011.4,18.1,100.0,0.6,347.0,1.3,33.0,0.0,-99.8,-99.8,-99.8,-99.8,-99.8,-99.8,-99.8
2023-03-28 05:00:00,1011.8,17.8,100.0,0.4,337.0,1.2,323.0,0.0,-99.8,-99.8,-99.8,-99.8,-99.8,-99.8,-99.8
2023-03-28 06:00:00,1012.3,17.9,100.0,0.7,2.0,1.4,9.0,0.0,-99.8,-99.8,-99.8,-99.8,-99.8,-99.8,-99.8
2023-03-28 07:00:00,1013.0,18.2,99.0,0.7,341.0,1.5,360.0,0.0,-99.8,-99.8,-99.8,-99.8,-99.8,-99.8,-99.8
2023-03-28 08:00:00,1013.6,18.9,98.0,0.4,323.0,1.2,315.0,0.0,-99.8,-99.8,-99.8,-99.8,-99.8,-99.8,-99.8
2023-03-28 09:00:00,1013.7,20.3,84.0,0.0,0.0,1.3,341.0,0.0,-99.8,-99.8,-99.8,-99.8,-99.8,-99.8,-99.8
2023-03-28 10:00:00,1013.6,21.5,80.0,0.1,0.0,1.2,17.0,0.0,-99.8,-99.8,-99.8,-99.8,-99.8,-99.8,-99.8
2023-03-28 11:00:00,1013.4,22.0,74.0,1.1,204.0,2.1,195.0,0.0,-99.8,-99.8,-99.8,-99.8,-99.8,-99.8,-99.8
2023-03-28 12:00:00,1012.4,22.6,72.0,1.2,193.0,2.4,217.0,0.0,-99.8,-99.8,-99.8,-99.8,-99.8,-99.8,-99.8
2023-03-28 13:00:00,1011.7,22.3,74.0,1.0,215.0,1.9,217.0,0.5,-99.8,-99.8,-99.8,-99.8,-99.8,-99.8,-99.8
2023-03-28 14:00:00,1011.0,22.4,77.0,0.6,40.0,5.1,242.0,0.0,-99.8,-99.8,-99.8,-99.8,-99.8,-99.8,-99.8
2023-03-28 15:00:00,1010.6,22.0,81.0,0.1,0.0,0.8,28.0,0.0,-99.8,-99.8,-99.8,-99.8,-99.8,-99.8,-99.8
2023-03-28 16:00:00,1010.8,21.1,88.0,0.7,9.0,1.9,16.0,0.0,-99.8,-99.8,-99.8,-99.8,-99.8,-99.8,-99.8
2023-03-28 17:00:00,1010.9,20.6,92.0,0.4,350.0,1.5,1.0,0.0,-99.8,-99.8,-99.8,-99.8,-99.8,-99.8,-99.8
2023-03-28 18:00:00,1011.5,20.4,94.0,0.7,8.0,1.5,15.0,0.0,-99.8,-99.8,-99.8,-99.8,-99.8,-99.8,-99.8
2023-03-28 19:00:00,1011.4,20.2,94.0,0.6,357.0,1.7,9.0,0.0,-99.8,-99.8,-99.8,-99.8,-99.8,-99.8,-99.8
2023-03-28 20:00:00,1011.6,20.2,94.0,0.4,326.0,2.0,349.0,0.0,-99.8,-99.8,-99.8,-99.8,-99.8,-99.8,-99.8
2023-03-28 21:00:00,1012.0,20.0,93.0,0.5,345.0,1.5,343.0,0.0,-99.8,-99.8,-99.8,-99.8,-99.8,-99.8,-99.8
2023-03-28 22:00:00,1012.1,20.0,93.0,0.3,321.0,1.4,349.0,0.0,-99.8,-99.8,-99.8,-99.8,-99.8,-99.8,-99.8
2023-03-28 23:00:00,1012.1,20.2,93.0,0.5,1.0,1.6,7.0,0.0,-99.8,-99.8,-99.8,-99.8,-99.8,-99.8,-99.8
2023-03-29 00:00:00,1011.3,20.0,94.0,0.1,0.0,1.5,10.0,0.0,-99.8,-99.8,-99.8,-99.8,-99.8,-99.8,-99.8
2023-03-29 01:00:00,1010.8,19.5,97.0,0.4,339.0,1.3,2.0,0.0,-99.8,-99.8,-99.8,-99.8,-99.8,-99.8,-99.8
2023-03-29 02:00:00,1009.9,19.6,97.0,0.3,335.0,1.3,335.0,0.0,-99.8,-99.8,-99.8,-99.8,-99.8,-99.8,-99.8
2023-03-29 03:00:00,1009.2,19.8,97.0,0.5,330.0,1.1,294.0,0.0,-99.8,-99.8,-99.8,-99.8,-99.8,-99.8,-99.8
2023-03-29 04:00:00,1008.9,19.6,97.0,0.6,330.0,1.1,318.0,0.0,-99.8,-99.8,-99.8,-99.8,-99.8,-99.8,-99.8
2023-03-29 05:00:00,1008.9,19.7,96.0,0.7,353.0,1.3,317.0,0.0,-99.8,-99.8,-99.8,-99.8,-99.8,-99.8,-99.8
2023-03-29 06:00:00,1009.0,20.4,94.0,0.5,306.0,1.8,16.0,0.0,-99.8,-99.8,-99.8,-99.8,-99.8,-99.8,-99.8
2023-03-29 07:00:00,1009.6,21.0,93.0,0.3,355.0,1.2,335.0,0.0,-99.8,-99.8,-99.8,-99.8,-99.8,-99.8,-99.8
2023-03-29 08:00:00,1009.8,22.2,93.0,0.2,0.0,1.1,358.0,0.0,-99.8,-99.8,-99.8,-99.8,-99.8,-99.8,-99.8
2023-03-29 09:00:00,1009.6,24.2,80.0,1.8,197.0,2.9,202.0,0.0,-99.8,-99.8,-99.8,-99.8,-99.8,-99.8,-99.8
2023-03-29 10:00:00,1009.4,23.9,78.0,1.2,198.0,3.1,207.0,0.0,-99.8,-99.8,-99.8,-99.8,-99.8,-99.8,-99.8
2023-03-29 11:00:00,1008.8,23.4,81.0,0.5,160.0,1.9,128.0,0.0,-99.8,-99.8,-99.8,-99.8,-99.8,-99.8,-99.8
2023-03-29 12:00:00,1008.0,23.7,83.0,0.7,169.0,2.1,159.0,0.0,-99.8,-99.8,-99.8,-99.8,-99.8,-99.8,-99.8
2023-03-29 13:00:00,1007.2,23.5,85.0,0.6,161.0,2.2,151.0,0.0,-99.8,-99.8,-99.8,-99.8,-99.8,-99.8,-99.8
2023-03-29 14:00:00,1006.7,22.2,92.0,1.1,211.0,2.8,214.0,0.0,-99.8,-99.8,-99.8,-99.8,-99.8,-99.8,-99.8
2023-03-29 15:00:00,1006.1,22.2,94.0,1.3,214.0,3.2,205.0,0.0,-99.8,-99.8,-99.8,-99.8,-99.8,-99.8,-99.8
2023-03-29 16:00:00,1006.0,22.4,93.0,1.0,198.0,3.2,225.0,0.0,-99.8,-99.8,-99.8,-99.8,-99.8,-99.8,-99.8
2023-03-29 17:00:00,1006.3,22.5,93.0,0.5,217.0,1.9,167.0,0.0,-99.8,-99.8,-99.8,-99.8,-99.8,-99.8,-99.8
2023-03-29 18:00:00,1006.6,22.5,94.0,1.4,243.0,3.8,230.0,0.0,-99.8,-99.8,-99.8,-99.8,-99.8,-99.8,-99.8
2023-03-29 19:00:00,1007.0,22.1,93.0,0.3,2.0,1.8,241.0,0.0,-99.8,-99.8,-99.8,-99.8,-99.8,-99.8,-99.8
2023-03-29 20:00:00,1007.2,22.0,93.0,0.3,332.0,3.2,238.0,0.0,-99.8,-99.8,-99.8,-99.8,-99.8,-99.8,-99.8
2023-03-29 21:00:00,1007.6,21.8,93.0,0.3,1.0,1.8,303.0,0.0,-99.8,-99.8,-99.8,-99.8,-99.8,-99.8,-99.8
2023-03-29 22:00:00,1007.9,22.0,91.0,0.3,299.0,1.3,23.0,0.0,-99.8,-99.8,-99.8,-99.8,-99.8,-99.8,-99.8
2023-03-29 23:00:00,1007.9,21.8,93.0,0.3,339.0,0.9,255.0,0.0,-99.8,-99.8,-99.8,-99.8,-99.8,-99.8,-99.8
2023-03-30 00:00:00,1007.3,21.7,95.0,0.2,0.0,2.1,222.0,0.0,-99.8,-99.8,-99.8,-99.8,-99.8,-99.8,-99.8
2023-03-30 01:00:00,1006.8,21.2,96.0,0.3,351.0,1.2,12.0,0.0,-99.8,-99.8,-99.8,-99.8,-99.8,-99.8,-99.8
2023-03-30 02:00:00,1006.1,21.2,95.0,0.4,308.0,1.2,360.0,0.0,-99.8,-99.8,-99.8,-99.8,-99.8,-99.8,-99.8
2023-03-30 03:00:00,1005.5,21.2,94.0,0.3,309.0,1.3,14.0,0.0,-99.8,-99.8,-99.8,-99.8,-99.8,-99.8,-99.8
2023-03-30 04:00:00,1005.0,21.1,92.0,0.5,341.0,1.5,1.0,0.0,-99.8,-99.8,-99.8,-99.8,-99.8,-99.8,-99.8
2023-03-30 05:00:00,1005.4,21.2,92.0,0.5,356.0,1.2,360.0,0.0,-99.8,-99.8,-99.8,-99.8,-99.8,-99.8,-99.8
2023-03-30 06:00:00,1005.7,21.2,92.0,0.3,322.0,1.4,22.0,0.0,-99.8,-99.8,-99.8,-99.8,-99.8,-99.8,-99.8
2023-03-30 07:00:00,1006.0,21.6,91.0,0.6,12.0,1.5,360.0,0.0,-99.8,-99.8,-99.8,-99.8,-99.8,-99.8,-99.8
2023-03-30 08:00:00,1006.5,23.0,87.0,0.1,0.0,1.9,238.0,0.0,-99.8,-99.8,-99.8,-99.8,-99.8,-99.8,-99.8
2023-03-30 09:00:00,1006.2,26.2,71.0,0.8,151.0,2.1,170.0,0.0,-99.8,-99.8,-99.8,-99.8,-99.8,-99.8,-99.8
2023-03-30 10:00:00,1006.1,27.6,68.0,1.1,146.0,2.5,148.0,0.0,-99.8,-99.8,-99.8,-99.8,-99.8,-99.8,-99.8
2023-03-30 11:00:00,1005.7,25.5,75.0,0.7,168.0,2.6,136.0,0.0,-99.8,-99.8,-99.8,-99.8,-99.8,-99.8,-99.8
2023-03-30 12:00:00,1005.1,24.3,77.0,0.2,0.0,1.6,162.0,0.0,-99.8,-99.8,-99.8,-99.8,-99.8,-99.8,-99.8
2023-03-30 13:00:00,1004.6,23.5,85.0,2.4,226.0,5.2,230.0,0.0,-99.8,-99.8,-99.8,-99.8,-99.8,-99.8,-99.8
2023-03-30 14:00:00,1003.8,22.8,86.0,2.6,234.0,4.9,232.0,0.0,-99.8,-99.8,-99.8,-99.8,-99.8,-99.8,-99.8
2023-03-30 15:00:00,1003.5,22.7,86.0,2.5,228.0,5.6,212.0,0.0,-99.8,-99.8,-99.8,-99.8,-99.8,-99.8,-99.8
2023-03-30 16:00:00,1003.7,22.6,86.0,0.8,272.0,4.3,241.0,0.0,-99.8,-99.8,-99.8,-99.8,-99.8,-99.8,-99.8
2023-03-30 17:00:00,1004.3,21.9,91.0,0.5,16.0,4.0,227.0,0.0,-99.8,-99.8,-99.8,-99.8,-99.8,-99.8,-99.8
2023-03-30 18:00:00,1004.7,21.2,92.0,1.0,295.0,3.3,293.0,0.0,-99.8,-99.8,-99.8,-99.8,-99.8,-99.8,-99.8
2023-03-30 19:00:00,1005.3,21.1,93.0,0.4,296.0,3.0,274.0,0.0,-99.8,-99.8,-99.8,-99.8,-99.8,-99.8,-99.8
2023-03-30 20:00:00,1005.7,21.0,90.0,0.6,263.0,3.5,250.0,0.0,-99.8,-99.8,-99.8,-99.8,-99.8,-99.8,-99.8
2023-03-30 21:00:00,1006.2,20.8,92.0,0.8,297.0,2.8,282.0,0.0,-99.8,-99.8,-99.8,-99.8,-99.8,-99.8,-99.8
2023-03-30 22:00:00,1006.6,21.1,88.0,0.8,283.0,3.6,293.0,0.0,-99.8,-99.8,-99.8,-99.8,-99.8,-99.8,-99.8
2023-03-30 23:00:00,1006.8,20.8,87.0,1.3,310.0,3.8,339.0,0.0,-99.8,-99.8,-99.8,-99.8,-99.8,-99.8,-99.8
2023-03-31 00:00:00,1006.7,20.6,87.0,1.0,299.0,2.8,272.0,0.0,-99.8,-99.8,-99.8,-99.8,-99.8,-99.8,-99.8
2023-03-31 01:00:00,1006.4,20.5,87.0,1.2,289.0,3.8,289.0,0.0,-99.8,-99.8,-99.8,-99.8,-99.8,-99.8,-99.8
2023-03-31 02:00:00,1006.1,20.3,87.0,1.0,261.0,3.5,227.0,0.0,-99.8,-99.8,-99.8,-99.8,-99.8,-99.8,-99.8
2023-03-31 03:00:00,1006.2,20.3,87.0,0.8,308.0,2.9,296.0,0.0,-99.8,-99.8,-99.8,-99.8,-99.8,-99.8,-99.8
2023-03-31 04:00:00,1006.2,20.1,90.0,0.3,317.0,2.9,298.0,0.0,-99.8,-99.8,-99.8,-99.8,-99.8,-99.8,-99.8
2023-03-31 05:00:00,1006.6,20.0,92.0,0.4,13.0,1.7,298.0,0.0,-99.8,-99.8,-99.8,-99.8,-99.8,-99.8,-99.8
2023-03-31 06:00:00,1007.3,19.8,93.0,0.5,342.0,2.9,277.0,0.0,-99.8,-99.8,-99.8,-99.8,-99.8,-99.8,-99.8
2023-03-31 07:00:00,1007.8,19.6,95.0,0.4,327.0,2.1,268.0,0.5,-99.8,-99.8,-99.8,-99.8,-99.8,-99.8,-99.8
2023-03-31 08:00:00,1008.3,19.4,92.0,0.9,318.0,3.7,298.0,0.0,-99.8,-99.8,-99.8,-99.8,-99.8,-99.8,-99.8
2023-03-31 09:00:00,1008.5,19.3,93.0,0.9,304.0,3.2,301.0,0.0,-99.8,-99.8,-99.8,-99.8,-99.8,-99.8,-99.8
2023-03-31 10:00:00,1008.6,19.8,93.0,0.4,337.0,2.1,283.0,0.0,-99.8,-99.8,-99.8,-99.8,-99.8,-99.8,-99.8
2023-03-31 11:00:00,1008.6,19.8,90.0,0.6,321.0,2.6,286.0,0.0,-99.8,-99.8,-99.8,-99.8,-99.8,-99.8,-99.8
2023-03-31 12:00:00,1007.8,20.1,89.0,0.5,279.0,2.2,301.0,0.0,-99.8,-99.8,-99.8,-99.8,-99.8,-99.8,-99.8
2023-03-31 13:00:00,1007.2,20.3,88.0,0.5,4.0,1.6,318.0,0.0,-99.8,-99.8,-99.8,-99.8,-99.8,-99.8,-99.8
2023-03-31 14:00:00,1006.7,20.8,83.0,1.1,237.0,3.5,223.0,0.0,-99.8,-99.8,-99.8,-99.8,-99.8,-99.8,-99.8
2023-03-31 15:00:00,1006.3,21.1,83.0,0.8,237.0,3.6,270.0,0.0,-99.8,-99.8,-99.8,-99.8,-99.8,-99.8,-99.8
2023-03-31 16:00:00,1006.0,21.0,85.0,0.3,41.0,4.2,241.0,0.0,-99.8,-99.8,-99.8,-99.8,-99.8,-99.8,-99.8
2023-03-31 17:00:00,1006.3,20.5,87.0,0.1,0.0,2.1,227.0,0.0,-99.8,-99.8,-99.8,-99.8,-99.8,-99.8,-99.8
2023-03-31 18:00:00,1006.9,20.3,88.0,0.5,7.0,1.7,293.0,0.0,-99.8,-99.8,-99.8,-99.8,-99.8,-99.8,-99.8
2023-03-31 19:00:00,1007.3,19.9,91.0,0.6,15.0,1.1,12.0,0.0,-99.8,-99.8,-99.8,-99.8,-99.8,-99.8,-99.8
2023-03-31 20:00:00,1007.8,19.4,93.0,0.8,14.0,1.6,360.0,0.0,-99.8,-99.8,-99.8,-99.8,-99.8,-99.8,-99.8
2023-03-31 21:00:00,1008.3,19.7,92.0,0.5,12.0,1.6,11.0,0.0,-99.8,-99.8,-99.8,-99.8,-99.8,-99.8,-99.8
2023-03-31 22:00:00,1008.6,19.6,94.0,0.4,9.0,1.3,10.0,0.0,-99.8,-99.8,-99.8,-99.8,-99.8,-99.8,-99.8
2023-03-31 23:00:00,1008.6,19.4,93.0,0.3,5.0,1.2,360.0,0.0,-99.8,-99.8,-99.8,-99.8,-99.8,-99.8,-99.8
2023-04-01 00:00:00,1008.0,19.6,91.0,0.1,0.0,1.6,358.0,0.0,-99.8,-99.8,-99.8,-99.8,-99.8,-99.8,-99.8
2023-04-01 01:00:00,1007.4,19.3,94.0,0.3,5.0,1.3,3.0,0.0,-99.8,-99.8,-99.8,-99.8,-99.8,-99.8,-99.8
2023-04-01 02:00:00,1006.6,19.4,93.0,0.4,357.0,1.7,359.0,0.0,-99.8,-99.8,-99.8,-99.8,-99.8,-99.8,-99.8
2023-04-01 03:00:00,1006.0,19.5,93.0,0.5,2.0,1.6,9.0,0.0,-99.8,-99.8,-99.8,-99.8,-99.8,-99.8,-99.8
2023-04-01 04:00:00,1005.8,19.5,91.0,0.6,352.0,1.2,16.0,0.0,-99.8,-99.8,-99.8,-99.8,-99.8,-99.8,-99.8
2023-04-01 05:00:00,1005.7,19.7,90.0,0.6,340.0,1.8,8.0,0.0,-99.8,-99.8,-99.8,-99.8,-99.8,-99.8,-99.8
2023-04-01 06:00:00,1006.7,19.5,92.0,0.7,4.0,2.0,320.0,0.0,-99.8,-99.8,-99.8,-99.8,-99.8,-99.8,-99.8
2023-04-01 07:00:00,1007.2,19.1,97.0,0.4,339.0,1.5,36.0,1.0,-99.8,-99.8,-99.8,-99.8,-99.8,-99.8,-99.8
2023-04-01 08:00:00,1007.4,19.2,98.0,0.2,0.0,1.4,309.0,3.0,-99.8,-99.8,-99.8,-99.8,-99.8,-99.8,-99.8
2023-04-01 09:00:00,1007.3,19.4,98.0,0.5,232.0,1.7,226.0,0.0,-99.8,-99.8,-99.8,-99.8,-99.8,-99.8,-99.8
2023-04-01 10:00:00,1007.9,19.6,97.0,0.0,0.0,1.2,229.0,2.0,-99.8,-99.8,-99.8,-99.8,-99.8,-99.8,-99.8
2023-04-01 11:00:00,1007.5,20.2,96.0,0.4,187.0,1.7,207.0,2.0,-99.8,-99.8,-99.8,-99.8,-99.8,-99.8,-99.8
2023-04-01 12:00:00,1006.8,20.4,94.0,0.2,0.0,1.6,157.0,0.5,-99.8,-99.8,-99.8,-99.8,-99.8,-99.8,-99.8
2023-04-01 13:00:00,1006.1,20.6,94.0,0.3,13.0,1.6,31.0,0.0,-99.8,-99.8,-99.8,-99.8,-99.8,-99.8,-99.8
2023-04-01 14:00:00,1005.4,20.9,89.0,0.4,193.0,1.6,172.0,0.0,-99.8,-99.8,-99.8,-99.8,-99.8,-99.8,-99.8
2023-04-01 15:00:00,1004.9,21.4,93.0,0.1,0.0,1.9,211.0,0.0,-99.8,-99.8,-99.8,-99.8,-99.8,-99.8,-99.8
2023-04-01 16:00:00,1005.1,20.5,96.0,0.3,351.0,1.1,323.0,0.0,-99.8,-99.8,-99.8,-99.8,-99.8,-99.8,-99.8
2023-04-01 17:00:00,1005.0,20.2,96.0,0.5,341.0,1.2,25.0,0.0,-99.8,-99.8,-99.8,-99.8,-99.8,-99.8,-99.8
2023-04-01 18:00:00,1005.7,20.2,98.0,0.5,358.0,1.0,338.0,0.0,-99.8,-99.8,-99.8,-99.8,-99.8,-99.8,-99.8
2023-04-01 19:00:00,1006.0,19.9,99.0,0.0,0.0,0.9,267.0,0.0,-99.8,-99.8,-99.8,-99.8,-99.8,-99.8,-99.8
2023-04-01 20:00:00,1006.4,19.9,99.0,0.2,0.0,1.1,13.0,0.5,-99.8,-99.8,-99.8,-99.8,-99.8,-99.8,-99.8
2023-04-01 21:00:00,1007.0,19.9,99.0,0.4,351.0,1.0,23.0,0.0,-99.8,-99.8,-99.8,-99.8,-99.8,-99.8,-99.8
2023-04-01 22:00:00,1007.4,20.0,100.0,0.0,0.0,0.7,14.0,1.0,-99.8,-99.8,-99.8,-99.8,-99.8,-99.8,-99.8
2023-04-01 23:00:00,1007.5,19.9,100.0,0.1,0.0,0.5,33.0,3.0,-99.8,-99.8,-99.8,-99.8,-99.8,-99.8,-99.8
2023-04-02 00:00:00,1007.1,19.8,100.0,0.1,0.0,0.7,8.0,3.0,-99.8,-99.8,-99.8,-99.8,-99.8,-99.8,-99.8
2023-04-02 01:00:00,1006.4,19.8,100.0,0.0,0.0,0.7,31.0,1.0,-99.8,-99.8,-99.8,-99.8,-99.8,-99.8,-99.8
2023-04-02 02:00:00,1006.0,19.8,100.0,0.0,0.0,0.7,19.0,2.0,-99.8,-99.8,-99.8,-99.8,-99.8,-99.8,-99.8
2023-04-02 03:00:00,1005.6,19.8,100.0,0.0,0.0,0.0,0.0,2.0,-99.8,-99.8,-99.8,-99.8,-99.8,-99.8,-99.8
2023-04-02 04:00:00,1006.0,19.8,100.0,0.0,0.0,1.1,31.0,1.5,-99.8,-99.8,-99.8,-99.8,-99.8,-99.8,-99.8
2023-04-02 05:00:00,1006.6,19.9,100.0,0.1,0.0,0.6,267.0,0.5,-99.8,-99.8,-99.8,-99.8,-99.8,-99.8,-99.8
2023-04-02 06:00:00,1007.0,19.9,100.0,0.2,0.0,0.8,22.0,1.0,-99.8,-99.8,-99.8,-99.8,-99.8,-99.8,-99.8
2023-04-02 07:00:00,1007.9,19.9,100.0,0.1,0.0,1.0,249.0,1.0,-99.8,-99.8,-99.8,-99.8,-99.8,-99.8,-99.8
2023-04-02 08:00:00,1008.5,19.8,100.0,0.7,143.0,1.7,153.0,1.0,-99.8,-99.8,-99.8,-99.8,-99.8,-99.8,-99.8
2023-04-02 09:00:00,1008.7,20.4,100.0,0.0,0.0,1.3,30.0,0.0,-99.8,-99.8,-99.8,-99.8,-99.8,-99.8,-99.8
2023-04-02 10:00:00,1008.8,20.5,96.0,0.2,0.0,1.6,30.0,0.5,-99.8,-99.8,-99.8,-99.8,-99.8,-99.8,-99.8
2023-04-02 11:00:00,1008.6,21.0,88.0,0.6,293.0,5.9,224.0,0.0,-99.8,-99.8,-99.8,-99.8,-99.8,-99.8,-99.8
2023-04-02 12:00:00,1008.2,21.4,93.0,0.8,19.0,2.0,234.0,0.0,-99.8,-99.8,-99.8,-99.8,-99.8,-99.8,-99.8
2023-04-02 13:00:00,1007.4,21.2,92.0,0.5,4.0,1.5,39.0,0.0,-99.8,-99.8,-99.8,-99.8,-99.8,-99.8,-99.8
2023-04-02 14:00:00,1006.6,21.0,92.0,0.7,8.0,2.5,19.0,0.0,-99.8,-99.8,-99.8,-99.8,-99.8,-99.8,-99.8
2023-04-02 15:00:00,1006.1,20.8,92.0,0.8,17.0,2.4,31.0,0.0,-99.8,-99.8,-99.8,-99.8,-99.8,-99.8,-99.8
2023-04-02 16:00:00,1006.0,21.0,93.0,0.6,17.0,1.7,31.0,0.0,-99.8,-99.8,-99.8,-99.8,-99.8,-99.8,-99.8
2023-04-02 17:00:00,1006.0,20.5,93.0,0.8,14.0,2.2,3.0,0.0,-99.8,-99.8,-99.8,-99.8,-99.8,-99.8,-99.8
2023-04-02 18:00:00,1006.5,20.2,93.0,0.7,3.0,1.8,356.0,0.0,-99.8,-99.8,-99.8,-99.8,-99.8,-99.8,-99.8
2023-04-02 19:00:00,1007.3,20.0,91.0,0.7,337.0,2.2,5.0,0.0,-99.8,-99.8,-99.8,-99.8,-99.8,-99.8,-99.8
2023-04-02 20:00:00,1007.8,19.8,93.0,0.6,3.0,1.5,360.0,0.0,-99.8,-99.8,-99.8,-99.8,-99.8,-99.8,-99.8
2023-04-02 21:00:00,1008.6,19.7,94.0,0.8,9.0,1.7,3.0,0.0,-99.8,-99.8,-99.8,-99.8,-99.8,-99.8,-99.8
2023-04-02 22:00:00,1008.6,19.8,89.0,0.8,353.0,2.1,21.0,0.0,-99.8,-99.8,-99.8,-99.8,-99.8,-99.8,-99.8
2023-04-02 23:00:00,1008.6,19.8,90.0,0.9,4.0,1.9,334.0,0.0,-99.8,-99.8,-99.8,-99.8,-99.8,-99.8,-99.8
2023-04-03 00:00:00,1008.1,19.6,90.0,0.8,5.0,1.8,19.0,0.0,-99.8,-99.8,-99.8,-99.8,-99.8,-99.8,-99.8
2023-04-03 01:00:00,1007.7,19.5,89.0,0.9,9.0,1.8,343.0,0.0,-99.8,-99.8,-99.8,-99.8,-99.8,-99.8,-99.8
2023-04-03 02:00:00,1007.3,19.6,88.0,0.8,11.0,2.3,360.0,0.0,-99.8,-99.8,-99.8,-99.8,-99.8,-99.8,-99.8
2023-04-03 03:00:00,1007.0,19.4,88.0,0.8,12.0,2.0,7.0,0.0,-99.8,-99.8,-99.8,-99.8,-99.8,-99.8,-99.8
2023-04-03 04:00:00,1007.2,19.3,88.0,0.7,6.0,1.8,11.0,0.0,-99.8,-99.8,-99.8,-99.8,-99.8,-99.8,-99.8
2023-04-03 05:00:00,1007.6,19.4,87.0,0.8,1.0,2.2,354.0,0.0,-99.8,-99.8,-99.8,-99.8,-99.8,-99.8,-99.8
2023-04-03 06:00:00,1008.1,19.0,88.0,0.9,3.0,2.4,3.0,0.0,-99.8,-99.8,-99.8,-99.8,-99.8,-99.8,-99.8
2023-04-03 07:00:00,1008.9,20.2,87.0,0.8,13.0,1.9,339.0,0.0,-99.8,-99.8,-99.8,-99.8,-99.8,-99.8,-99.8
2023-04-03 08:00:00,1009.2,22.1,82.0,0.3,43.0,1.6,24.0,0.0,-99.8,-99.8,-99.8,-99.8,-99.8,-99.8,-99.8
2023-04-03 09:00:00,1009.5,23.6,63.0,0.4,144.0,1.3,205.0,0.0,-99.8,-99.8,-99.8,-99.8,-99.8,-99.8,-99.8
2023-04-03 10:00:00,1009.7,23.3,69.0,1.1,194.0,2.4,165.0,0.0,-99.8,-99.8,-99.8,-99.8,-99.8,-99.8,-99.8
2023-04-03 11:00:00,1009.6,22.7,73.0,1.6,202.0,4.4,211.0,0.0,-99.8,-99.8,-99.8,-99.8,-99.8,-99.8,-99.8
2023-04-03 12:00:00,1009.2,22.0,79.0,0.4,346.0,3.2,277.0,0.0,-99.8,-99.8,-99.8,-99.8,-99.8,-99.8,-99.8
2023-04-03 13:00:00,1008.6,21.3,81.0,0.5,339.0,2.0,19.0,0.0,-99.8,-99.8,-99.8,-99.8,-99.8,-99.8,-99.8
2023-04-03 14:00:00,1008.0,21.6,78.0,0.7,309.0,2.1,290.0,0.0,-99.8,-99.8,-99.8,-99.8,-99.8,-99.8,-99.8
2023-04-03 15:00:00,1007.6,21.6,77.0,0.6,345.0,2.3,1.0,0.0,-99.8,-99.8,-99.8,-99.8,-99.8,-99.8,-99.8
2023-04-03 16:00:00,1007.7,21.1,84.0,0.8,12.0,2.2,16.0,0.0,-99.8,-99.8,-99.8,-99.8,-99.8,-99.8,-99.8
2023-04-03 17:00:00,1007.6,20.9,87.0,0.7,12.0,1.9,17.0,0.0,-99.8,-99.8,-99.8,-99.8,-99.8,-99.8,-99.8
2023-04-03 18:00:00,1008.1,20.3,89.0,0.8,5.0,2.0,23.0,0.0,-99.8,-99.8,-99.8,-99.8,-99.8,-99.8,-99.8
2023-04-03 19:00:00,1008.4,20.6,85.0,1.6,11.0,2.6,21.0,0.0,-99.8,-99.8,-99.8,-99.8,-99.8,-99.8,-99.8
2023-04-03 20:00:00,1009.0,20.8,84.0,1.4,14.0,2.8,14.0,0.0,-99.8,-99.8,-99.8,-99.8,-99.8,-99.8,-99.8
2023-04-03 21:00:00,1009.5,20.8,84.0,1.1,11.0,3.4,28.0,0.0,-99.8,-99.8,-99.8,-99.8,-99.8,-99.8,-99.8
2023-04-03 22:00:00,1009.7,20.7,83.0,1.1,10.0,2.6,346.0,0.0,-99.8,-99.8,-99.8,-99.8,-99.8,-99.8,-99.8
2023-04-03 23:00:00,1009.5,20.9,83.0,1.1,13.0,2.6,325.0,0.0,-99.8,-99.8,-99.8,-99.8,-99.8,-99.8,-99.8
2023-04-04 00:00:00,1009.3,21.5,77.0,0.7,351.0,2.3,327.0,0.0,-99.8,-99.8,-99.8,-99.8,-99.8,-99.8,-99.8
2023-04-04 01:00:00,1008.8,21.0,81.0,1.3,6.0,2.7,349.0,0.0,-99.8,-99.8,-99.8,-99.8,-99.8,-99.8,-99.8
2023-04-04 02:00:00,1008.1,20.9,83.0,1.0,12.0,3.1,2.0,0.0,-99.8,-99.8,-99.8,-99.8,-99.8,-99.8,-99.8
2023-04-04 03:00:00,1007.4,21.6,76.0,1.1,345.0,2.8,6.0,0.0,-99.8,-99.8,-99.8,-99.8,-99.8,-99.8,-99.8
2023-04-04 04:00:00,1007.2,21.7,75.0,1.0,350.0,3.4,35.0,0.0,-99.8,-99.8,-99.8,-99.8,-99.8,-99.8,-99.8
2023-04-04 05:00:00,1007.6,21.6,75.0,0.6,318.0,3.6,36.0,0.0,-99.8,-99.8,-99.8,-99.8,-99.8,-99.8,-99.8
2023-04-04 06:00:00,1008.0,21.9,74.0,0.7,5.0,4.1,17.0,0.0,-99.8,-99.8,-99.8,-99.8,-99.8,-99.8,-99.8
2023-04-04 07:00:00,1008.3,22.0,75.0,0.9,96.0,3.5,151.0,0.0,-99.8,-99.8,-99.8,-99.8,-99.8,-99.8,-99.8
2023-04-04 08:00:00,1009.2,22.0,81.0,2.3,193.0,7.0,201.0,0.0,-99.8,-99.8,-99.8,-99.8,-99.8,-99.8,-99.8
2023-04-04 09:00:00,1009.3,22.6,72.0,1.8,173.0,6.3,211.0,0.0,-99.8,-99.8,-99.8,-99.8,-99.8,-99.8,-99.8
2023-04-04 10:00:00,1009.4,22.0,74.0,1.8,77.0,6.7,153.0,0.0,-99.8,-99.8,-99.8,-99.8,-99.8,-99.8,-99.8
2023-04-04 11:00:00,1008.9,23.0,69.0,1.7,184.0,6.5,165.0,0.0,-99.8,-99.8,-99.8,-99.8,-99.8,-99.8,-99.8
2023-04-04 12:00:00,1008.0,22.8,68.0,1.8,63.0,8.0,36.0,0.0,-99.8,-99.8,-99.8,-99.8,-99.8,-99.8,-99.8
2023-04-04 13:00:00,1006.9,23.0,68.0,2.1,65.0,6.8,149.0,0.0,-99.8,-99.8,-99.8,-99.8,-99.8,-99.8,-99.8
2023-04-04 14:00:00,1006.0,23.4,65.0,1.6,75.0,5.9,163.0,0.0,-99.8,-99.8,-99.8,-99.8,-99.8,-99.8,-99.8
2023-04-04 15:00:00,1005.6,23.2,67.0,1.1,94.0,4.9,35.0,0.0,-99.8,-99.8,-99.8,-99.8,-99.8,-99.8,-99.8
2023-04-04 16:00:00,1005.5,23.1,65.0,1.2,32.0,3.5,150.0,0.0,-99.8,-99.8,-99.8,-99.8,-99.8,-99.8,-99.8
2023-04-04 17:00:00,1005.5,23.0,67.0,0.7,4.0,3.6,32.0,0.0,-99.8,-99.8,-99.8,-99.8,-99.8,-99.8,-99.8
2023-04-04 18:00:00,1006.0,22.6,68.0,1.3,336.0,3.8,356.0,0.0,-99.8,-99.8,-99.8,-99.8,-99.8,-99.8,-99.8
2023-04-04 19:00:00,1006.2,22.6,70.0,0.7,242.0,4.0,35.0,0.0,-99.8,-99.8,-99.8,-99.8,-99.8,-99.8,-99.8
2023-04-04 20:00:00,1006.5,23.1,68.0,2.0,115.0,5.7,138.0,0.0,-99.8,-99.8,-99.8,-99.8,-99.8,-99.8,-99.8
2023-04-04 21:00:00,1007.1,23.5,65.0,1.3,139.0,6.0,159.0,0.0,-99.8,-99.8,-99.8,-99.8,-99.8,-99.8,-99.8
2023-04-04 22:00:00,1007.1,22.9,69.0,1.2,30.0,4.9,142.0,0.0,-99.8,-99.8,-99.8,-99.8,-99.8,-99.8,-99.8
2023-04-04 23:00:00,1006.8,22.9,66.0,1.0,344.0,4.1,48.0,0.0,-99.8,-99.8,-99.8,-99.8,-99.8,-99.8,-99.8
2023-04-05 00:00:00,1006.7,23.2,67.0,1.5,354.0,3.7,19.0,0.0,-99.8,-99.8,-99.8,-99.8,-99.8,-99.8,-99.8
2023-04-05 01:00:00,1006.4,22.3,70.0,0.9,347.0,3.5,18.0,0.0,-99.8,-99.8,-99.8,-99.8,-99.8,-99.8,-99.8
2023-04-05 02:00:00,1006.2,21.2,78.0,0.9,5.0,3.7,24.0,0.0,-99.8,-99.8,-99.8,-99.8,-99.8,-99.8,-99.8
2023-04-05 03:00:00,1005.8,20.7,78.0,1.4,7.0,3.2,16.0,0.0,-99.8,-99.8,-99.8,-99.8,-99.8,-99.8,-99.8
2023-04-05 04:00:00,1005.7,21.7,73.0,1.0,355.0,3.9,25.0,0.0,-99.8,-99.8,-99.8,-99.8,-99.8,-99.8,-99.8
2023-04-05 05:00:00,1006.4,21.9,75.0,0.9,318.0,4.3,24.0,0.0,-99.8,-99.8,-99.8,-99.8,-99.8,-99.8,-99.8
2023-04-05 06:00:00,1007.2,21.0,83.0,0.6,4.0,2.0,23.0,0.0,-99.8,-99.8,-99.8,-99.8,-99.8,-99.8,-99.8
2023-04-05 07:00:00,1007.8,21.7,84.0,0.3,9.0,2.0,17.0,0.0,-99.8,-99.8,-99.8,-99.8,-99.8,-99.8,-99.8
2023-04-05 08:00:00,1008.1,23.1,75.0,0.6,179.0,3.8,209.0,0.0,-99.8,-99.8,-99.8,-99.8,-99.8,-99.8,-99.8
2023-04-05 09:00:00,1008.4,26.5,58.0,0.8,183.0,3.5,198.0,0.0,-99.8,-99.8,-99.8,-99.8,-99.8,-99.8,-99.8
2023-04-05 10:00:00,1008.0,24.0,71.0,0.9,189.0,4.0,201.0,0.0,-99.8,-99.8,-99.8,-99.8,-99.8,-99.8,-99.8
2023-04-05 11:00:00,1007.9,26.7,58.0,1.3,194.0,3.4,209.0,0.0,-99.8,-99.8,-99.8,-99.8,-99.8,-99.8,-99.8
2023-04-05 12:00:00,1007.3,25.3,69.0,1.9,201.0,4.6,191.0,0.0,-99.8,-99.8,-99.8,-99.8,-99.8,-99.8,-99.8
2023-04-05 13:00:00,1007.0,24.8,72.0,1.6,193.0,3.8,214.0,0.0,-99.8,-99.8,-99.8,-99.8,-99.8,-99.8,-99.8
2023-04-05 14:00:00,1006.0,25.1,79.0,1.4,201.0,3.2,199.0,0.0,-99.8,-99.8,-99.8,-99.8,-99.8,-99.8,-99.8
2023-04-05 15:00:00,1005.5,24.6,81.0,0.9,178.0,2.9,200.0,0.0,-99.8,-99.8,-99.8,-99.8,-99.8,-99.8,-99.8
2023-04-05 16:00:00,1005.6,24.0,83.0,1.2,194.0,2.6,198.0,0.0,-99.8,-99.8,-99.8,-99.8,-99.8,-99.8,-99.8
2023-04-05 17:00:00,1005.3,23.9,84.0,0.5,193.0,2.5,205.0,0.0,-99.8,-99.8,-99.8,-99.8,-99.8,-99.8,-99.8
2023-04-05 18:00:00,1005.9,23.2,89.0,0.3,14.0,2.5,194.0,0.0,-99.8,-99.8,-99.8,-99.8,-99.8,-99.8,-99.8
2023-04-05 19:00:00,1006.6,22.8,90.0,0.6,348.0,1.3,29.0,0.0,-99.8,-99.8,-99.8,-99.8,-99.8,-99.8,-99.8
2023-04-05 20:00:00,1007.2,22.8,89.0,0.3,345.0,2.0,358.0,0.0,-99.8,-99.8,-99.8,-99.8,-99.8,-99.8,-99.8
2023-04-05 21:00:00,1007.5,22.7,90.0,0.9,360.0,2.1,24.0,0.0,-99.8,-99.8,-99.8,-99.8,-99.8,-99.8,-99.8
2023-04-05 22:00:00,1007.4,22.2,91.0,0.7,349.0,3.0,80.0,0.0,-99.8,-99.8,-99.8,-99.8,-99.8,-99.8,-99.8
2023-04-05 23:00:00,1006.8,22.4,90.0,0.5,355.0,2.0,272.0,0.0,-99.8,-99.8,-99.8,-99.8,-99.8,-99.8,-99.8
2023-04-06 00:00:00,1006.4,22.3,90.0,0.9,12.0,1.6,343.0,0.0,-99.8,-99.8,-99.8,-99.8,-99.8,-99.8,-99.8
2023-04-06 01:00:00,1005.9,22.4,88.0,0.4,353.0,2.2,5.0,0.0,-99.8,-99.8,-99.8,-99.8,-99.8,-99.8,-99.8
2023-04-06 02:00:00,1005.8,22.0,93.0,0.4,339.0,1.7,329.0,0.0,-99.8,-99.8,-99.8,-99.8,-99.8,-99.8,-99.8
2023-04-06 03:00:00,1005.5,21.6,91.0,0.7,324.0,2.2,32.0,0.0,-99.8,-99.8,-99.8,-99.8,-99.8,-99.8,-99.8
2023-04-06 04:00:00,1005.4,21.5,89.0,1.0,14.0,2.5,21.0,0.0,-99.8,-99.8,-99.8,-99.8,-99.8,-99.8,-99.8
2023-04-06 05:00:00,1005.2,21.9,89.0,0.5,322.0,1.7,355.0,0.0,-99.8,-99.8,-99.8,-99.8,-99.8,-99.8,-99.8
2023-04-06 06:00:00,1005.4,22.5,87.0,0.7,310.0,1.6,349.0,0.0,-99.8,-99.8,-99.8,-99.8,-99.8,-99.8,-99.8
2023-04-06 07:00:00,1006.0,23.1,86.0,0.4,360.0,1.6,31.0,0.0,-99.8,-99.8,-99.8,-99.8,-99.8,-99.8,-99.8
2023-04-06 08:00:00,1006.8,25.6,77.0,0.8,200.0,1.3,217.0,0.0,-99.8,-99.8,-99.8,-99.8,-99.8,-99.8,-99.8
2023-04-06 09:00:00,1006.6,27.2,71.0,0.7,179.0,2.3,196.0,0.0,-99.8,-99.8,-99.8,-99.8,-99.8,-99.8,-99.8
2023-04-06 10:00:00,1006.6,27.1,71.0,1.0,178.0,2.1,153.0,0.0,-99.8,-99.8,-99.8,-99.8,-99.8,-99.8,-99.8
2023-04-06 11:00:00,1006.3,28.4,69.0,1.1,159.0,2.9,150.0,0.0,-99.8,-99.8,-99.8,-99.8,-99.8,-99.8,-99.8
2023-04-06 12:00:00,1005.9,28.1,69.0,1.1,159.0,3.2,155.0,0.0,-99.8,-99.8,-99.8,-99.8,-99.8,-99.8,-99.8
2023-04-06 13:00:00,1005.0,26.1,77.0,1.1,152.0,3.2,172.0,0.0,-99.8,-99.8,-99.8,-99.8,-99.8,-99.8,-99.8
2023-04-06 14:00:00,1004.4,26.6,76.0,1.3,146.0,3.0,154.0,0.0,-99.8,-99.8,-99.8,-99.8,-99.8,-99.8,-99.8
2023-04-06 15:00:00,1003.8,25.5,81.0,0.7,159.0,2.5,40.0,0.0,-99.8,-99.8,-99.8,-99.8,-99.8,-99.8,-99.8
2023-04-06 16:00:00,1003.6,24.0,92.0,1.2,7.0,2.5,212.0,0.0,-99.8,-99.8,-99.8,-99.8,-99.8,-99.8,-99.8
2023-04-06 17:00:00,1003.9,23.5,92.0,1.0,332.0,3.4,359.0,0.0,-99.8,-99.8,-99.8,-99.8,-99.8,-99.8,-99.8
2023-04-06 18:00:00,1003.9,22.9,96.0,1.8,12.0,3.2,25.0,0.5,-99.8,-99.8,-99.8,-99.8,-99.8,-99.8,-99.8
2023-04-06 19:00:00,1004.5,23.1,98.0,1.0,5.0,3.0,18.0,1.5,-99.8,-99.8,-99.8,-99.8,-99.8,-99.8,-99.8
2023-04-06 20:00:00,1004.8,23.6,94.0,1.2,360.0,4.3,278.0,2.0,-99.8,-99.8,-99.8,-99.8,-99.8,-99.8,-99.8
2023-04-06 21:00:00,1005.4,23.3,95.0,1.1,3.0,3.9,32.0,0.5,-99.8,-99.8,-99.8,-99.8,-99.8,-99.8,-99.8
2023-04-06 22:00:00,1005.4,23.1,95.0,1.3,6.0,2.7,356.0,0.0,-99.8,-99.8,-99.8,-99.8,-99.8,-99.8,-99.8
2023-04-06 23:00:00,1005.3,23.0,96.0,0.9,6.0,3.1,356.0,0.0,-99.8,-99.8,-99.8,-99.8,-99.8,-99.8,-99.8
2023-04-07 00:00:00,1005.2,22.9,97.0,0.8,5.0,1.8,352.0,0.0,-99.8,-99.8,-99.8,-99.8,-99.8,-99.8,-99.8
2023-04-07 01:00:00,1004.9,22.9,96.0,0.7,8.0,1.9,7.0,0.0,-99.8,-99.8,-99.8,-99.8,-99.8,-99.8,-99.8
2023-04-07 02:00:00,1004.6,22.9,97.0,0.5,280.0,1.5,298.0,0.0,-99.8,-99.8,-99.8,-99.8,-99.8,-99.8,-99.8
2023-04-07 03:00:00,1004.1,22.8,96.0,0.5,7.0,1.7,4.0,0.0,-99.8,-99.8,-99.8,-99.8,-99.8,-99.8,-99.8
2023-04-07 04:00:00,1004.2,22.7,93.0,1.1,231.0,3.9,237.0,0.0,-99.8,-99.8,-99.8,-99.8,-99.8,-99.8,-99.8
2023-04-07 05:00:00,1005.1,21.4,92.0,1.5,243.0,4.3,233.0,0.0,-99.8,-99.8,-99.8,-99.8,-99.8,-99.8,-99.8
2023-04-07 06:00:00,1006.2,20.5,92.0,1.5,236.0,5.7,231.0,0.0,-99.8,-99.8,-99.8,-99.8,-99.8,-99.8,-99.8
2023-04-07 07:00:00,1007.6,20.0,90.0,1.9,242.0,5.0,235.0,0.0,-99.8,-99.8,-99.8,-99.8,-99.8,-99.8,-99.8
2023-04-07 08:00:00,1008.4,20.1,90.0,0.5,259.0,3.2,227.0,0.0,-99.8,-99.8,-99.8,-99.8,-99.8,-99.8,-99.8
2023-04-07 09:00:00,1008.8,19.8,87.0,1.2,292.0,4.0,280.0,0.0,-99.8,-99.8,-99.8,-99.8,-99.8,-99.8,-99.8
2023-04-07 10:00:00,1009.1,20.0,87.0,1.5,241.0,3.3,235.0,0.0,-99.8,-99.8,-99.8,-99.8,-99.8,-99.8,-99.8
2023-04-07 11:00:00,1009.7,19.8,84.0,1.0,287.0,5.5,155.0,0.0,-99.8,-99.8,-99.8,-99.8,-99.8,-99.8,-99.8
2023-04-07 12:00:00,1009.2,19.6,83.0,1.0,300.0,2.7,295.0,0.0,-99.8,-99.8,-99.8,-99.8,-99.8,-99.8,-99.8
2023-04-07 13:00:00,1008.6,19.6,82.0,1.5,288.0,3.9,254.0,0.0,-99.8,-99.8,-99.8,-99.8,-99.8,-99.8,-99.8
2023-04-07 14:00:00,1008.2,19.6,82.0,2.3,220.0,4.5,227.0,0.0,-99.8,-99.8,-99.8,-99.8,-99.8,-99.8,-99.8
2023-04-07 15:00:00,1008.3,19.4,80.0,0.9,304.0,7.3,227.0,0.0,-99.8,-99.8,-99.8,-99.8,-99.8,-99.8,-99.8
2023-04-07 16:00:00,1008.3,19.4,79.0,0.6,279.0,3.7,256.0,0.0,-99.8,-99.8,-99.8,-99.8,-99.8,-99.8,-99.8
2023-04-07 17:00:00,1008.9,19.2,79.0,1.1,269.0,3.2,285.0,0.0,-99.8,-99.8,-99.8,-99.8,-99.8,-99.8,-99.8
2023-04-07 18:00:00,1009.8,18.9,79.0,0.6,9.0,2.6,278.0,0.0,-99.8,-99.8,-99.8,-99.8,-99.8,-99.8,-99.8
2023-04-07 19:00:00,1010.7,18.4,88.0,0.4,358.0,2.7,279.0,0.0,-99.8,-99.8,-99.8,-99.8,-99.8,-99.8,-99.8
2023-04-07 20:00:00,1011.7,18.2,89.0,0.6,11.0,1.5,8.0,0.0,-99.8,-99.8,-99.8,-99.8,-99.8,-99.8,-99.8
2023-04-07 21:00:00,1012.7,17.8,93.0,0.5,2.0,1.3,23.0,0.0,-99.8,-99.8,-99.8,-99.8,-99.8,-99.8,-99.8
2023-04-07 22:00:00,1013.2,17.8,91.0,0.4,21.0,1.0,22.0,0.0,-99.8,-99.8,-99.8,-99.8,-99.8,-99.8,-99.8
2023-04-07 23:00:00,1013.3,17.7,90.0,0.8,10.0,1.8,20.0,0.0,-99.8,-99.8,-99.8,-99.8,-99.8,-99.8,-99.8
2023-04-08 00:00:00,1013.2,17.8,89.0,0.5,6.0,1.8,17.0,0.0,-99.8,-99.8,-99.8,-99.8,-99.8,-99.8,-99.8
2023-04-08 01:00:00,1013.0,18.0,84.0,0.5,244.0,1.7,12.0,0.0,-99.8,-99.8,-99.8,-99.8,-99.8,-99.8,-99.8
2023-04-08 02:00:00,1012.7,18.1,81.0,0.9,338.0,3.1,45.0,0.0,-99.8,-99.8,-99.8,-99.8,-99.8,-99.8,-99.8
2023-04-08 03:00:00,1012.7,17.7,85.0,0.1,0.0,2.1,313.0,0.0,-99.8,-99.8,-99.8,-99.8,-99.8,-99.8,-99.8
2023-04-08 04:00:00,1012.9,17.5,84.0,0.1,0.0,1.5,261.0,0.0,-99.8,-99.8,-99.8,-99.8,-99.8,-99.8,-99.8
2023-04-08 05:00:00,1013.6,17.4,86.0,0.2,0.0,1.0,275.0,0.0,-99.8,-99.8,-99.8,-99.8,-99.8,-99.8,-99.8
2023-04-08 06:00:00,1014.3,17.8,76.0,0.3,347.0,3.7,46.0,0.0,-99.8,-99.8,-99.8,-99.8,-99.8,-99.8,-99.8
2023-04-08 07:00:00,1015.2,17.5,83.0,0.4,322.0,1.1,298.0,0.0,-99.8,-99.8,-99.8,-99.8,-99.8,-99.8,-99.8
2023-04-08 08:00:00,1015.8,18.1,76.0,0.6,252.0,2.8,207.0,0.0,-99.8,-99.8,-99.8,-99.8,-99.8,-99.8,-99.8
2023-04-08 09:00:00,1016.4,18.1,78.0,0.8,17.0,5.0,224.0,0.0,-99.8,-99.8,-99.8,-99.8,-99.8,-99.8,-99.8
2023-04-08 10:00:00,1016.2,19.1,70.0,0.5,325.0,2.5,20.0,0.0,-99.8,-99.8,-99.8,-99.8,-99.8,-99.8,-99.8
2023-04-08 11:00:00,1016.1,19.5,65.0,0.4,342.0,2.3,289.0,0.0,-99.8,-99.8,-99.8,-99.8,-99.8,-99.8,-99.8
2023-04-08 12:00:00,1015.6,19.5,60.0,1.4,269.0,4.3,245.0,0.0,-99.8,-99.8,-99.8,-99.8,-99.8,-99.8,-99.8
2023-04-08 13:00:00,1014.7,19.8,62.0,0.8,260.0,4.1,227.0,0.0,-99.8,-99.8,-99.8,-99.8,-99.8,-99.8,-99.8
2023-04-08 14:00:00,1014.2,19.8,57.0,1.6,336.0,3.6,331.0,0.0,-99.8,-99.8,-99.8,-99.8,-99.8,-99.8,-99.8
2023-04-08 15:00:00,1013.8,19.1,59.0,1.5,352.0,6.1,302.0,0.0,-99.8,-99.8,-99.8,-99.8,-99.8,-99.8,-99.8
2023-04-08 16:00:00,1013.7,18.5,62.0,2.3,297.0,6.4,306.0,0.0,-99.8,-99.8,-99.8,-99.8,-99.8,-99.8,-99.8
2023-04-08 17:00:00,1014.2,18.4,61.0,1.0,262.0,6.1,17.0,0.0,-99.8,-99.8,-99.8,-99.8,-99.8,-99.8,-99.8
2023-04-08 18:00:00,1015.3,17.8,70.0,0.5,314.0,6.1,214.0,0.0,-99.8,-99.8,-99.8,-99.8,-99.8,-99.8,-99.8
2023-04-08 19:00:00,1015.8,17.6,76.0,0.6,16.0,1.5,11.0,0.0,-99.8,-99.8,-99.8,-99.8,-99.8,-99.8,-99.8
2023-04-08 20:00:00,1016.1,17.4,77.0,0.5,1.0,1.6,18.0,0.0,-99.8,-99.8,-99.8,-99.8,-99.8,-99.8,-99.8
2023-04-08 21:00:00,1016.7,17.6,71.0,0.4,347.0,3.1,40.0,0.0,-99.8,-99.8,-99.8,-99.8,-99.8,-99.8,-99.8
2023-04-08 22:00:00,1016.6,17.7,70.0,0.4,331.0,2.9,26.0,0.0,-99.8,-99.8,-99.8,-99.8,-99.8,-99.8,-99.8
2023-04-08 23:00:00,1016.4,17.4,74.0,0.4,345.0,1.4,343.0,0.0,-99.8,-99.8,-99.8,-99.8,-99.8,-99.8,-99.8
2023-04-09 00:00:00,1016.1,17.5,72.0,0.6,3.0,1.7,294.0,0.0,-99.8,-99.8,-99.8,-99.8,-99.8,-99.8,-99.8
2023-04-09 01:00:00,1015.3,17.4,73.0,0.6,359.0,2.1,20.0,0.0,-99.8,-99.8,-99.8,-99.8,-99.8,-99.8,-99.8
2023-04-09 02:00:00,1014.7,17.3,74.0,0.5,7.0,1.5,23.0,0.0,-99.8,-99.8,-99.8,-99.8,-99.8,-99.8,-99.8
2023-04-09 03:00:00,1014.2,17.3,73.0,0.6,345.0,1.7,342.0,0.0,-99.8,-99.8,-99.8,-99.8,-99.8,-99.8,-99.8
2023-04-09 04:00:00,1013.8,17.2,75.0,0.7,344.0,1.6,328.0,0.0,-99.8,-99.8,-99.8,-99.8,-99.8,-99.8,-99.8
2023-04-09 05:00:00,1014.3,17.2,77.0,0.5,355.0,1.6,7.0,0.0,-99.8,-99.8,-99.8,-99.8,-99.8,-99.8,-99.8
2023-04-09 06:00:00,1014.5,17.3,76.0,0.6,4.0,1.6,1.0,0.0,-99.8,-99.8,-99.8,-99.8,-99.8,-99.8,-99.8
2023-04-09 07:00:00,1014.8,18.2,76.0,0.4,5.0,1.7,16.0,0.0,-99.8,-99.8,-99.8,-99.8,-99.8,-99.8,-99.8
2023-04-09 08:00:00,1014.7,20.1,67.0,0.2,0.0,1.3,226.0,0.0,-99.8,-99.8,-99.8,-99.8,-99.8,-99.8,-99.8
2023-04-09 09:00:00,1014.6,20.9,57.0,0.7,206.0,2.6,218.0,0.0,-99.8,-99.8,-99.8,-99.8,-99.8,-99.8,-99.8
2023-04-09 10:00:00,1014.4,21.0,57.0,1.0,198.0,5.1,209.0,0.0,-99.8,-99.8,-99.8,-99.8,-99.8,-99.8,-99.8
2023-04-09 11:00:00,1014.1,20.1,62.0,2.5,201.0,5.5,199.0,0.0,-99.8,-99.8,-99.8,-99.8,-99.8,-99.8,-99.8
2023-04-09 12:00:00,1013.4,20.5,61.0,0.8,220.0,4.2,217.0,0.0,-99.8,-99.8,-99.8,-99.8,-99.8,-99.8,-99.8
2023-04-09 13:00:00,1012.4,20.5,63.0,1.2,205.0,3.6,218.0,0.0,-99.8,-99.8,-99.8,-99.8,-99.8,-99.8,-99.8
2023-04-09 14:00:00,1011.4,20.6,61.0,1.1,228.0,3.3,217.0,0.0,-99.8,-99.8,-99.8,-99.8,-99.8,-99.8,-99.8
2023-04-09 15:00:00,1011.1,20.6,62.0,1.2,201.0,4.1,200.0,0.0,-99.8,-99.8,-99.8,-99.8,-99.8,-99.8,-99.8
2023-04-09 16:00:00,1011.0,20.1,69.0,0.3,5.0,2.4,240.0,0.0,-99.8,-99.8,-99.8,-99.8,-99.8,-99.8,-99.8
2023-04-09 17:00:00,1010.9,20.0,72.0,0.5,4.0,1.1,356.0,0.0,-99.8,-99.8,-99.8,-99.8,-99.8,-99.8,-99.8
2023-04-09 18:00:00,1011.1,19.3,76.0,0.6,7.0,1.3,9.0,0.0,-99.8,-99.8,-99.8,-99.8,-99.8,-99.8,-99.8
2023-04-09 19:00:00,1011.7,19.1,72.0,0.7,5.0,1.6,25.0,0.0,-99.8,-99.8,-99.8,-99.8,-99.8,-99.8,-99.8
2023-04-09 20:00:00,1012.0,18.7,73.0,0.9,4.0,1.7,350.0,0.0,-99.8,-99.8,-99.8,-99.8,-99.8,-99.8,-99.8
2023-04-09 21:00:00,1012.6,18.0,76.0,1.0,11.0,2.2,8.0,0.0,-99.8,-99.8,-99.8,-99.8,-99.8,-99.8,-99.8
2023-04-09 22:00:00,1012.9,18.1,75.0,1.4,13.0,2.5,16.0,0.0,-99.8,-99.8,-99.8,-99.8,-99.8,-99.8,-99.8
2023-04-09 23:00:00,1012.5,18.1,75.0,1.4,8.0,3.1,11.0,0.0,-99.8,-99.8,-99.8,-99.8,-99.8,-99.8,-99.8
2023-04-10 00:00:00,1012.1,17.9,74.0,1.1,8.0,2.7,347.0,0.0,-99.8,-99.8,-99.8,-99.8,-99.8,-99.8,-99.8
2023-04-10 01:00:00,1011.6,18.0,74.0,1.1,359.0,2.9,22.0,0.0,-99.8,-99.8,-99.8,-99.8,-99.8,-99.8,-99.8
2023-04-10 02:00:00,1010.7,17.9,75.0,1.5,12.0,3.0,24.0,0.0,-99.8,-99.8,-99.8,-99.8,-99.8,-99.8,-99.8
2023-04-10 03:00:00,1010.2,17.7,74.0,1.4,12.0,3.0,17.0,0.0,-99.8,-99.8,-99.8,-99.8,-99.8,-99.8,-99.8
2023-04-10 04:00:00,1010.0,18.2,70.0,0.6,347.0,2.7,358.0,0.0,-99.8,-99.8,-99.8,-99.8,-99.8,-99.8,-99.8
2023-04-10 05:00:00,1010.2,18.1,72.0,0.8,5.0,3.4,30.0,0.0,-99.8,-99.8,-99.8,-99.8,-99.8,-99.8,-99.8
2023-04-10 06:00:00,1010.7,18.1,73.0,1.0,5.0,2.6,10.0,0.0,-99.8,-99.8,-99.8,-99.8,-99.8,-99.8,-99.8
2023-04-10 07:00:00,1010.9,19.2,71.0,1.0,8.0,2.5,19.0,0.0,-99.8,-99.8,-99.8,-99.8,-99.8,-99.8,-99.8
2023-04-10 08:00:00,1011.1,21.8,61.0,0.8,42.0,2.4,8.0,0.0,-99.8,-99.8,-99.8,-99.8,-99.8,-99.8,-99.8
2023-04-10 09:00:00,1011.3,25.0,48.0,1.2,189.0,2.6,199.0,0.0,-99.8,-99.8,-99.8,-99.8,-99.8,-99.8,-99.8
2023-04-10 10:00:00,1011.0,24.7,58.0,2.3,199.0,3.9,196.0,0.0,-99.8,-99.8,-99.8,-99.8,-99.8,-99.8,-99.8
2023-04-10 11:00:00,1010.6,24.7,57.0,2.2,196.0,4.4,206.0,0.0,-99.8,-99.8,-99.8,-99.8,-99.8,-99.8,-99.8
2023-04-10 12:00:00,1009.9,26.0,56.0,1.8,191.0,4.0,202.0,0.0,-99.8,-99.8,-99.8,-99.8,-99.8,-99.8,-99.8
2023-04-10 13:00:00,1009.3,24.1,60.0,1.4,200.0,3.7,213.0,0.0,-99.8,-99.8,-99.8,-99.8,-99.8,-99.8,-99.8
2023-04-10 14:00:00,1008.7,23.5,64.0,1.5,198.0,3.0,205.0,0.0,-99.8,-99.8,-99.8,-99.8,-99.8,-99.8,-99.8
2023-04-10 15:00:00,1008.2,22.8,70.0,0.7,204.0,3.0,208.0,0.0,-99.8,-99.8,-99.8,-99.8,-99.8,-99.8,-99.8
2023-04-10 16:00:00,1008.1,20.8,87.0,1.6,12.0,3.1,24.0,0.0,-99.8,-99.8,-99.8,-99.8,-99.8,-99.8,-99.8
2023-04-10 17:00:00,1008.0,21.3,78.0,1.7,14.0,3.2,7.0,0.0,-99.8,-99.8,-99.8,-99.8,-99.8,-99.8,-99.8
2023-04-10 18:00:00,1008.4,21.3,76.0,1.3,16.0,2.9,14.0,0.0,-99.8,-99.8,-99.8,-99.8,-99.8,-99.8,-99.8
2023-04-10 19:00:00,1008.7,21.1,78.0,0.8,13.0,3.2,24.0,0.0,-99.8,-99.8,-99.8,-99.8,-99.8,-99.8,-99.8
2023-04-10 20:00:00,1009.2,21.4,76.0,0.6,359.0,3.3,23.0,0.0,-99.8,-99.8,-99.8,-99.8,-99.8,-99.8,-99.8
2023-04-10 21:00:00,1010.0,20.5,84.0,1.9,18.0,3.2,354.0,0.0,-99.8,-99.8,-99.8,-99.8,-99.8,-99.8,-99.8
2023-04-10 22:00:00,1010.3,20.2,88.0,1.6,344.0,3.9,298.0,0.5,-99.8,-99.8,-99.8,-99.8,-99.8,-99.8,-99.8
2023-04-10 23:00:00,1010.0,20.9,81.0,1.1,22.0,4.8,33.0,0.0,-99.8,-99.8,-99.8,-99.8,-99.8,-99.8,-99.8
2023-04-11 00:00:00,1009.6,22.0,74.0,1.4,135.0,4.0,150.0,0.0,-99.8,-99.8,-99.8,-99.8,-99.8,-99.8,-99.8
2023-04-11 01:00:00,1008.7,21.6,75.0,1.4,15.0,4.9,138.0,0.0,-99.8,-99.8,-99.8,-99.8,-99.8,-99.8,-99.8
2023-04-11 02:00:00,1008.1,20.8,80.0,1.2,2.0,3.4,25.0,0.0,-99.8,-99.8,-99.8,-99.8,-99.8,-99.8,-99.8
2023-04-11 03:00:00,1007.5,20.3,82.0,1.4,10.0,3.3,1.0,0.0,-99.8,-99.8,-99.8,-99.8,-99.8,-99.8,-99.8
2023-04-11 04:00:00,1007.1,19.7,85.0,1.1,8.0,3.4,16.0,0.0,-99.8,-99.8,-99.8,-99.8,-99.8,-99.8,-99.8
2023-04-11 05:00:00,1007.2,19.6,84.0,1.1,7.0,2.3,24.0,0.0,-99.8,-99.8,-99.8,-99.8,-99.8,-99.8,-99.8
2023-04-11 06:00:00,1007.5,19.9,82.0,1.0,9.0,2.7,330.0,0.0,-99.8,-99.8,-99.8,-99.8,-99.8,-99.8,-99.8
2023-04-11 07:00:00,1007.5,21.1,77.0,1.0,12.0,2.4,28.0,0.0,-99.8,-99.8,-99.8,-99.8,-99.8,-99.8,-99.8
2023-04-11 08:00:00,1008.1,23.6,71.0,1.0,34.0,2.2,5.0,0.0,-99.8,-99.8,-99.8,-99.8,-99.8,-99.8,-99.8
2023-04-11 09:00:00,1009.0,24.8,64.0,1.2,189.0,4.7,216.0,0.0,-99.8,-99.8,-99.8,-99.8,-99.8,-99.8,-99.8
2023-04-11 10:00:00,1008.8,24.5,71.0,1.4,193.0,3.2,232.0,0.0,-99.8,-99.8,-99.8,-99.8,-99.8,-99.8,-99.8
2023-04-11 11:00:00,1008.4,26.2,62.0,1.0,202.0,3.2,236.0,0.0,-99.8,-99.8,-99.8,-99.8,-99.8,-99.8,-99.8
2023-04-11 12:00:00,1007.7,25.3,67.0,1.4,196.0,3.5,203.0,0.0,-99.8,-99.8,-99.8,-99.8,-99.8,-99.8,-99.8
2023-04-11 13:00:00,1007.0,25.1,68.0,1.3,200.0,3.9,209.0,0.0,-99.8,-99.8,-99.8,-99.8,-99.8,-99.8,-99.8
2023-04-11 14:00:00,1006.4,24.5,70.0,1.3,203.0,2.8,211.0,0.0,-99.8,-99.8,-99.8,-99.8,-99.8,-99.8,-99.8
2023-04-11 15:00:00,1006.0,24.5,68.0,0.2,0.0,1.9,218.0,0.0,-99.8,-99.8,-99.8,-99.8,-99.8,-99.8,-99.8
2023-04-11 16:00:00,1005.8,24.5,69.0,1.1,194.0,1.9,178.0,0.0,-99.8,-99.8,-99.8,-99.8,-99.8,-99.8,-99.8
2023-04-11 17:00:00,1006.0,24.2,69.0,0.7,189.0,2.4,212.0,0.0,-99.8,-99.8,-99.8,-99.8,-99.8,-99.8,-99.8
2023-04-11 18:00:00,1006.3,23.2,76.0,0.5,11.0,2.3,198.0,0.0,-99.8,-99.8,-99.8,-99.8,-99.8,-99.8,-99.8
2023-04-11 19:00:00,1006.7,21.9,82.0,1.0,13.0,2.1,19.0,0.0,-99.8,-99.8,-99.8,-99.8,-99.8,-99.8,-99.8
2023-04-11 20:00:00,1007.1,21.6,83.0,0.7,2.0,2.2,11.0,0.0,-99.8,-99.8,-99.8,-99.8,-99.8,-99.8,-99.8
2023-04-11 21:00:00,1007.9,21.3,84.0,1.0,8.0,2.5,4.0,0.0,-99.8,-99.8,-99.8,-99.8,-99.8,-99.8,-99.8
2023-04-11 22:00:00,1008.3,21.1,84.0,1.2,10.0,2.6,14.0,0.0,-99.8,-99.8,-99.8,-99.8,-99.8,-99.8,-99.8
2023-04-11 23:00:00,1008.1,21.4,82.0,0.8,359.0,2.4,22.0,0.0,-99.8,-99.8,-99.8,-99.8,-99.8,-99.8,-99.8
2023-04-12 00:00:00,1007.4,20.9,83.0,0.7,348.0,1.9,334.0,0.0,-99.8,-99.8,-99.8,-99.8,-99.8,-99.8,-99.8
2023-04-12 01:00:00,1007.1,21.2,81.0,1.1,5.0,2.5,344.0,0.0,-99.8,-99.8,-99.8,-99.8,-99.8,-99.8,-99.8
2023-04-12 02:00:00,1006.4,20.9,81.0,0.8,351.0,2.1,3.0,0.0,-99.8,-99.8,-99.8,-99.8,-99.8,-99.8,-99.8
2023-04-12 03:00:00,1006.3,20.7,81.0,0.9,3.0,2.2,13.0,0.0,-99.8,-99.8,-99.8,-99.8,-99.8,-99.8,-99.8
2023-04-12 04:00:00,1006.2,20.9,79.0,0.8,355.0,2.5,360.0,0.0,-99.8,-99.8,-99.8,-99.8,-99.8,-99.8,-99.8
2023-04-12 05:00:00,1006.3,20.6,81.0,1.0,7.0,2.2,22.0,0.0,-99.8,-99.8,-99.8,-99.8,-99.8,-99.8,-99.8
2023-04-12 06:00:00,1006.7,20.9,80.0,0.9,2.0,2.0,18.0,0.0,-99.8,-99.8,-99.8,-99.8,-99.8,-99.8,-99.8
2023-04-12 07:00:00,1007.0,22.7,71.0,0.6,298.0,2.5,344.0,0.0,-99.8,-99.8,-99.8,-99.8,-99.8,-99.8,-99.8
2023-04-12 08:00:00,1007.3,25.0,66.0,1.3,217.0,3.0,211.0,0.0,-99.8,-99.8,-99.8,-99.8,-99.8,-99.8,-99.8
2023-04-12 09:00:00,1007.6,24.8,67.0,3.7,214.0,5.4,211.0,0.0,-99.8,-99.8,-99.8,-99.8,-99.8,-99.8,-99.8
2023-04-12 10:00:00,1008.4,24.7,72.0,5.2,207.0,7.8,213.0,0.0,-99.8,-99.8,-99.8,-99.8,-99.8,-99.8,-99.8
2023-04-12 11:00:00,1008.5,24.5,76.0,2.7,232.0,9.5,207.0,0.0,-99.8,-99.8,-99.8,-99.8,-99.8,-99.8,-99.8
2023-04-12 12:00:00,1007.9,24.2,79.0,4.2,236.0,8.5,219.0,0.0,-99.8,-99.8,-99.8,-99.8,-99.8,-99.8,-99.8
2023-04-12 13:00:00,1007.5,24.6,76.0,2.2,221.0,7.4,213.0,0.0,-99.8,-99.8,-99.8,-99.8,-99.8,-99.8,-99.8
2023-04-12 14:00:00,1006.7,24.9,74.0,1.7,213.0,4.0,170.0,0.0,-99.8,-99.8,-99.8,-99.8,-99.8,-99.8,-99.8
2023-04-12 15:00:00,1006.5,24.8,75.0,0.9,238.0,4.6,205.0,0.0,-99.8,-99.8,-99.8,-99.8,-99.8,-99.8,-99.8
2023-04-12 16:00:00,1006.6,24.5,78.0,0.6,20.0,4.3,239.0,0.0,-99.8,-99.8,-99.8,-99.8,-99.8,-99.8,-99.8
2023-04-12 17:00:00,1006.8,24.3,79.0,0.3,315.0,2.2,226.0,0.0,-99.8,-99.8,-99.8,-99.8,-99.8,-99.8,-99.8
2023-04-12 18:00:00,1007.5,23.6,82.0,0.3,354.0,1.4,31.0,0.0,-99.8,-99.8,-99.8,-99.8,-99.8,-99.8,-99.8
2023-04-12 19:00:00,1008.2,23.3,83.0,0.5,8.0,1.6,10.0,0.0,-99.8,-99.8,-99.8,-99.8,-99.8,-99.8,-99.8
2023-04-12 20:00:00,1008.9,23.1,82.0,0.6,358.0,1.7,26.0,0.0,-99.8,-99.8,-99.8,-99.8,-99.8,-99.8,-99.8
2023-04-12 21:00:00,1009.4,23.0,79.0,0.4,345.0,1.7,8.0,0.0,-99.8,-99.8,-99.8,-99.8,-99.8,-99.8,-99.8
2023-04-12 22:00:00,1009.8,22.9,79.0,0.7,10.0,1.6,328.0,0.0,-99.8,-99.8,-99.8,-99.8,-99.8,-99.8,-99.8
2023-04-12 23:00:00,1009.1,22.9,78.0,0.9,9.0,2.3,6.0,0.0,-99.8,-99.8,-99.8,-99.8,-99.8,-99.8,-99.8
2023-04-13 00:00:00,1008.3,22.8,77.0,0.6,356.0,2.3,6.0,0.0,-99.8,-99.8,-99.8,-99.8,-99.8,-99.8,-99.8
2023-04-13 01:00:00,1007.9,22.5,78.0,0.8,1.0,2.0,357.0,0.0,-99.8,-99.8,-99.8,-99.8,-99.8,-99.8,-99.8
2023-04-13 02:00:00,1007.3,22.0,80.0,0.9,8.0,2.4,358.0,0.0,-99.8,-99.8,-99.8,-99.8,-99.8,-99.8,-99.8
2023-04-13 03:00:00,1006.9,21.7,79.0,0.8,8.0,2.1,8.0,0.0,-99.8,-99.8,-99.8,-99.8,-99.8,-99.8,-99.8
2023-04-13 04:00:00,1007.0,21.6,82.0,1.0,2.0,2.0,12.0,0.0,-99.8,-99.8,-99.8,-99.8,-99.8,-99.8,-99.8
2023-04-13 05:00:00,1007.5,22.1,81.0,0.8,350.0,1.9,347.0,0.0,-99.8,-99.8,-99.8,-99.8,-99.8,-99.8,-99.8
2023-04-13 06:00:00,1008.0,22.1,83.0,0.5,341.0,1.2,30.0,0.0,-99.8,-99.8,-99.8,-99.8,-99.8,-99.8,-99.8
2023-04-13 07:00:00,1008.5,22.8,83.0,0.3,360.0,1.3,360.0,0.0,-99.8,-99.8,-99.8,-99.8,-99.8,-99.8,-99.8
2023-04-13 08:00:00,1008.8,25.7,74.0,0.3,122.0,1.0,21.0,0.0,-99.8,-99.8,-99.8,-99.8,-99.8,-99.8,-99.8
2023-04-13 09:00:00,1008.7,27.2,66.0,1.1,185.0,2.0,198.0,0.0,-99.8,-99.8,-99.8,-99.8,-99.8,-99.8,-99.8
2023-04-13 10:00:00,1008.6,27.9,64.0,0.8,133.0,2.1,108.0,0.0,-99.8,-99.8,-99.8,-99.8,-99.8,-99.8,-99.8
2023-04-13 11:00:00,1008.3,25.9,73.0,0.3,201.0,2.4,208.0,0.0,-99.8,-99.8,-99.8,-99.8,-99.8,-99.8,-99.8
2023-04-13 12:00:00,1007.3,26.2,73.0,1.3,196.0,2.5,214.0,0.0,-99.8,-99.8,-99.8,-99.8,-99.8,-99.8,-99.8
2023-04-13 13:00:00,1006.3,25.0,78.0,1.5,202.0,3.4,204.0,0.0,-99.8,-99.8,-99.8,-99.8,-99.8,-99.8,-99.8
2023-04-13 14:00:00,1005.4,24.7,83.0,1.0,193.0,2.6,215.0,0.0,-99.8,-99.8,-99.8,-99.8,-99.8,-99.8,-99.8
2023-04-13 15:00:00,1005.2,24.0,86.0,0.4,3.0,1.9,13.0,0.0,-99.8,-99.8,-99.8,-99.8,-99.8,-99.8,-99.8
2023-04-13 16:00:00,1004.9,23.3,93.0,0.8,11.0,2.8,3.0,0.0,-99.8,-99.8,-99.8,-99.8,-99.8,-99.8,-99.8
2023-04-13 17:00:00,1005.3,23.2,90.0,1.0,15.0,1.9,17.0,0.0,-99.8,-99.8,-99.8,-99.8,-99.8,-99.8,-99.8
2023-04-13 18:00:00,1005.7,22.8,88.0,1.1,14.0,2.1,22.0,0.0,-99.8,-99.8,-99.8,-99.8,-99.8,-99.8,-99.8
2023-04-13 19:00:00,1006.3,23.1,87.0,0.7,360.0,2.5,8.0,0.0,-99.8,-99.8,-99.8,-99.8,-99.8,-99.8,-99.8
2023-04-13 20:00:00,1006.8,22.9,88.0,0.7,9.0,1.8,14.0,0.0,-99.8,-99.8,-99.8,-99.8,-99.8,-99.8,-99.8
2023-04-13 21:00:00,1007.5,23.0,88.0,0.7,8.0,1.7,6.0,0.0,-99.8,-99.8,-99.8,-99.8,-99.8,-99.8,-99.8
2023-04-13 22:00:00,1007.5,23.2,87.0,0.8,1.0,2.3,19.0,0.0,-99.8,-99.8,-99.8,-99.8,-99.8,-99.8,-99.8
2023-04-13 23:00:00,1007.2,23.3,87.0,1.0,12.0,2.3,30.0,0.0,-99.8,-99.8,-99.8,-99.8,-99.8,-99.8,-99.8
2023-04-14 00:00:00,1006.4,22.7,89.0,0.6,358.0,2.8,6.0,0.0,-99.8,-99.8,-99.8,-99.8,-99.8,-99.8,-99.8
2023-04-14 01:00:00,1005.9,22.7,88.0,1.0,3.0,2.3,3.0,0.0,-99.8,-99.8,-99.8,-99.8,-99.8,-99.8,-99.8
2023-04-14 02:00:00,1005.1,22.4,88.0,1.2,13.0,2.6,22.0,0.0,-99.8,-99.8,-99.8,-99.8,-99.8,-99.8,-99.8
2023-04-14 03:00:00,1004.5,22.2,88.0,0.9,3.0,3.2,27.0,0.0,-99.8,-99.8,-99.8,-99.8,-99.8,-99.8,-99.8
2023-04-14 04:00:00,1004.3,22.0,87.0,1.1,10.0,2.2,23.0,0.0,-99.8,-99.8,-99.8,-99.8,-99.8,-99.8,-99.8
2023-04-14 05:00:00,1004.7,22.0,86.0,0.8,8.0,2.8,30.0,0.0,-99.8,-99.8,-99.8,-99.8,-99.8,-99.8,-99.8
2023-04-14 06:00:00,1004.8,22.2,85.0,1.4,11.0,3.2,356.0,0.0,-99.8,-99.8,-99.8,-99.8,-99.8,-99.8,-99.8
2023-04-14 07:00:00,1005.5,23.5,82.0,0.8,352.0,3.1,21.0,0.0,-99.8,-99.8,-99.8,-99.8,-99.8,-99.8,-99.8
2023-04-14 08:00:00,1005.7,26.6,69.0,0.4,75.0,2.4,37.0,0.0,-99.8,-99.8,-99.8,-99.8,-99.8,-99.8,-99.8
2023-04-14 09:00:00,1005.5,28.6,63.0,0.6,111.0,2.4,202.0,0.0,-99.8,-99.8,-99.8,-99.8,-99.8,-99.8,-99.8
2023-04-14 10:00:00,1005.2,28.0,65.0,1.7,192.0,3.9,199.0,0.0,-99.8,-99.8,-99.8,-99.8,-99.8,-99.8,-99.8
2023-04-14 11:00:00,1004.7,28.4,63.0,1.9,190.0,3.2,198.0,0.0,-99.8,-99.8,-99.8,-99.8,-99.8,-99.8,-99.8
2023-04-14 12:00:00,1004.0,28.1,64.0,2.0,195.0,3.7,201.0,0.0,-99.8,-99.8,-99.8,-99.8,-99.8,-99.8,-99.8
2023-04-14 13:00:00,1003.0,28.1,72.0,1.9,199.0,3.4,202.0,0.0,-99.8,-99.8,-99.8,-99.8,-99.8,-99.8,-99.8
2023-04-14 14:00:00,1002.1,27.8,74.0,2.0,199.0,3.6,206.0,0.0,-99.8,-99.8,-99.8,-99.8,-99.8,-99.8,-99.8
2023-04-14 15:00:00,1001.4,26.4,81.0,1.1,182.0,3.4,190.0,0.0,-99.8,-99.8,-99.8,-99.8,-99.8,-99.8,-99.8
2023-04-14 16:00:00,1001.3,26.1,82.0,1.6,193.0,3.3,160.0,0.0,-99.8,-99.8,-99.8,-99.8,-99.8,-99.8,-99.8
2023-04-14 17:00:00,1001.3,25.9,84.0,1.5,195.0,3.2,200.0,0.0,-99.8,-99.8,-99.8,-99.8,-99.8,-99.8,-99.8
2023-04-14 18:00:00,1001.7,25.6,83.0,0.4,22.0,2.4,189.0,0.0,-99.8,-99.8,-99.8,-99.8,-99.8,-99.8,-99.8
2023-04-14 19:00:00,1002.0,25.2,84.0,0.4,346.0,1.5,360.0,0.0,-99.8,-99.8,-99.8,-99.8,-99.8,-99.8,-99.8
2023-04-14 20:00:00,1002.4,24.9,85.0,0.4,352.0,1.4,27.0,0.0,-99.8,-99.8,-99.8,-99.8,-99.8,-99.8,-99.8
2023-04-14 21:00:00,1003.1,24.9,84.0,0.6,9.0,1.3,33.0,0.0,-99.8,-99.8,-99.8,-99.8,-99.8,-99.8,-99.8
2023-04-14 22:00:00,1003.0,24.2,85.0,0.6,1.0,1.9,355.0,0.0,-99.8,-99.8,-99.8,-99.8,-99.8,-99.8,-99.8
2023-04-14 23:00:00,1002.7,23.9,88.0,0.6,342.0,2.3,31.0,0.0,-99.8,-99.8,-99.8,-99.8,-99.8,-99.8,-99.8
2023-04-15 00:00:00,1001.8,23.5,87.0,0.7,341.0,1.6,360.0,0.0,-99.8,-99.8,-99.8,-99.8,-99.8,-99.8,-99.8
2023-04-15 01:00:00,1001.8,24.0,85.0,0.7,341.0,1.9,25.0,0.0,-99.8,-99.8,-99.8,-99.8,-99.8,-99.8,-99.8
2023-04-15 02:00:00,1000.9,24.0,85.0,0.5,340.0,1.4,15.0,0.0,-99.8,-99.8,-99.8,-99.8,-99.8,-99.8,-99.8
2023-04-15 03:00:00,1000.4,23.4,87.0,0.6,341.0,1.3,360.0,0.0,-99.8,-99.8,-99.8,-99.8,-99.8,-99.8,-99.8
2023-04-15 04:00:00,1000.1,23.9,85.0,0.7,357.0,2.0,35.0,0.0,-99.8,-99.8,-99.8,-99.8,-99.8,-99.8,-99.8
2023-04-15 05:00:00,1000.3,23.7,86.0,0.6,8.0,1.6,22.0,0.0,-99.8,-99.8,-99.8,-99.8,-99.8,-99.8,-99.8
2023-04-15 06:00:00,1000.7,23.4,87.0,0.4,330.0,1.1,282.0,0.0,-99.8,-99.8,-99.8,-99.8,-99.8,-99.8,-99.8
2023-04-15 07:00:00,1000.9,24.7,82.0,0.7,341.0,1.6,27.0,0.0,-99.8,-99.8,-99.8,-99.8,-99.8,-99.8,-99.8
2023-04-15 08:00:00,1001.8,26.5,76.0,1.0,184.0,3.2,200.0,0.0,-99.8,-99.8,-99.8,-99.8,-99.8,-99.8,-99.8
2023-04-15 09:00:00,1001.9,27.8,73.0,1.1,192.0,3.7,206.0,0.0,-99.8,-99.8,-99.8,-99.8,-99.8,-99.8,-99.8
2023-04-15 10:00:00,1002.1,26.9,71.0,2.3,256.0,5.6,238.0,0.0,-99.8,-99.8,-99.8,-99.8,-99.8,-99.8,-99.8
2023-04-15 11:00:00,1001.7,30.2,59.0,1.6,149.0,6.4,204.0,0.0,-99.8,-99.8,-99.8,-99.8,-99.8,-99.8,-99.8
2023-04-15 12:00:00,1001.4,25.7,80.0,2.4,229.0,5.2,237.0,0.0,-99.8,-99.8,-99.8,-99.8,-99.8,-99.8,-99.8
2023-04-15 13:00:00,1000.5,26.3,78.0,0.9,132.0,5.1,241.0,0.0,-99.8,-99.8,-99.8,-99.8,-99.8,-99.8,-99.8
2023-04-15 14:00:00,1000.0,25.6,82.0,1.7,212.0,2.7,166.0,0.0,-99.8,-99.8,-99.8,-99.8,-99.8,-99.8,-99.8
2023-04-15 15:00:00,999.8,25.4,81.0,0.6,219.0,4.3,233.0,0.0,-99.8,-99.8,-99.8,-99.8,-99.8,-99.8,-99.8
2023-04-15 16:00:00,999.7,24.3,83.0,2.2,240.0,4.5,221.0,0.0,-99.8,-99.8,-99.8,-99.8,-99.8,-99.8,-99.8
2023-04-15 17:00:00,1000.3,24.4,83.0,0.3,148.0,3.0,227.0,0.0,-99.8,-99.8,-99.8,-99.8,-99.8,-99.8,-99.8
2023-04-15 18:00:00,1001.0,23.9,83.0,0.7,226.0,3.5,237.0,0.0,-99.8,-99.8,-99.8,-99.8,-99.8,-99.8,-99.8
2023-04-15 19:00:00,1001.6,23.3,83.0,0.7,244.0,3.2,244.0,0.0,-99.8,-99.8,-99.8,-99.8,-99.8,-99.8,-99.8
2023-04-15 20:00:00,1002.6,22.8,85.0,0.3,282.0,2.7,216.0,0.0,-99.8,-99.8,-99.8,-99.8,-99.8,-99.8,-99.8
2023-04-15 21:00:00,1003.9,22.9,76.0,1.5,234.0,3.3,227.0,0.0,-99.8,-99.8,-99.8,-99.8,-99.8,-99.8,-99.8
2023-04-15 22:00:00,1004.2,22.7,82.0,1.2,19.0,2.6,30.0,0.0,-99.8,-99.8,-99.8,-99.8,-99.8,-99.8,-99.8
2023-04-15 23:00:00,1003.7,22.3,82.0,0.4,295.0,2.3,35.0,0.0,-99.8,-99.8,-99.8,-99.8,-99.8,-99.8,-99.8
2023-04-16 00:00:00,1003.4,22.3,84.0,0.1,0.0,0.9,304.0,0.0,-99.8,-99.8,-99.8,-99.8,-99.8,-99.8,-99.8
2023-04-16 01:00:00,1003.0,22.0,86.0,0.2,0.0,0.7,24.0,0.0,-99.8,-99.8,-99.8,-99.8,-99.8,-99.8,-99.8
2023-04-16 02:00:00,1002.6,22.0,86.0,0.5,339.0,1.4,2.0,0.0,-99.8,-99.8,-99.8,-99.8,-99.8,-99.8,-99.8
2023-04-16 03:00:00,1002.3,21.5,85.0,0.5,337.0,0.8,328.0,0.0,-99.8,-99.8,-99.8,-99.8,-99.8,-99.8,-99.8
2023-04-16 04:00:00,1002.4,21.0,87.0,0.4,357.0,1.7,6.0,0.0,-99.8,-99.8,-99.8,-99.8,-99.8,-99.8,-99.8
2023-04-16 05:00:00,1002.6,20.8,87.0,0.6,3.0,1.6,360.0,0.0,-99.8,-99.8,-99.8,-99.8,-99.8,-99.8,-99.8
2023-04-16 06:00:00,1003.1,21.1,85.0,0.6,3.0,2.3,11.0,0.0,-99.8,-99.8,-99.8,-99.8,-99.8,-99.8,-99.8
2023-04-16 07:00:00,1003.8,22.3,79.0,0.7,11.0,2.4,13.0,0.0,-99.8,-99.8,-99.8,-99.8,-99.8,-99.8,-99.8
2023-04-16 08:00:00,1004.5,24.4,71.0,1.1,186.0,2.1,202.0,0.0,-99.8,-99.8,-99.8,-99.8,-99.8,-99.8,-99.8
2023-04-16 09:00:00,1004.9,26.2,65.0,1.1,195.0,2.1,169.0,0.0,-99.8,-99.8,-99.8,-99.8,-99.8,-99.8,-99.8
2023-04-16 10:00:00,1005.0,26.9,65.0,2.0,190.0,3.4,211.0,0.0,-99.8,-99.8,-99.8,-99.8,-99.8,-99.8,-99.8
2023-04-16 11:00:00,1004.9,27.3,62.0,2.3,200.0,4.1,206.0,0.0,-99.8,-99.8,-99.8,-99.8,-99.8,-99.8,-99.8
2023-04-16 12:00:00,1004.8,27.5,67.0,2.0,201.0,3.9,212.0,0.0,-99.8,-99.8,-99.8,-99.8,-99.8,-99.8,-99.8
2023-04-16 13:00:00,1004.2,28.2,66.0,1.8,195.0,3.6,204.0,0.0,-99.8,-99.8,-99.8,-99.8,-99.8,-99.8,-99.8
2023-04-16 14:00:00,1003.5,27.4,70.0,2.3,200.0,4.1,201.0,0.0,-99.8,-99.8,-99.8,-99.8,-99.8,-99.8,-99.8
2023-04-16 15:00:00,1003.3,27.1,71.0,2.5,195.0,5.1,200.0,0.0,-99.8,-99.8,-99.8,-99.8,-99.8,-99.8,-99.8
2023-04-16 16:00:00,1003.2,25.7,77.0,1.5,196.0,3.8,202.0,0.0,-99.8,-99.8,-99.8,-99.8,-99.8,-99.8,-99.8
2023-04-16 17:00:00,1003.1,25.1,78.0,0.3,75.0,3.1,199.0,0.0,-99.8,-99.8,-99.8,-99.8,-99.8,-99.8,-99.8
2023-04-16 18:00:00,1003.5,24.5,79.0,1.2,9.0,3.3,10.0,0.0,-99.8,-99.8,-99.8,-99.8,-99.8,-99.8,-99.8
2023-04-16 19:00:00,1004.2,24.2,79.0,1.3,13.0,2.9,22.0,0.0,-99.8,-99.8,-99.8,-99.8,-99.8,-99.8,-99.8
2023-04-16 20:00:00,1004.6,23.9,82.0,0.5,5.0,2.0,354.0,0.0,-99.8,-99.8,-99.8,-99.8,-99.8,-99.8,-99.8
2023-04-16 21:00:00,1005.0,23.6,78.0,1.2,18.0,3.2,35.0,0.0,-99.8,-99.8,-99.8,-99.8,-99.8,-99.8,-99.8
2023-04-16 22:00:00,1005.4,23.7,80.0,1.0,15.0,2.8,11.0,0.0,-99.8,-99.8,-99.8,-99.8,-99.8,-99.8,-99.8
2023-04-16 23:00:00,1005.8,23.2,83.0,0.9,8.0,2.4,7.0,0.0,-99.8,-99.8,-99.8,-99.8,-99.8,-99.8,-99.8
2023-04-17 00:00:00,1005.9,22.6,84.0,0.4,333.0,2.1,3.0,0.0,-99.8,-99.8,-99.8,-99.8,-99.8,-99.8,-99.8
2023-04-17 01:00:00,1005.7,22.3,82.0,0.8,1.0,1.5,357.0,0.0,-99.8,-99.8,-99.8,-99.8,-99.8,-99.8,-99.8
2023-04-17 02:00:00,1005.3,22.3,74.0,1.2,12.0,2.0,4.0,0.0,-99.8,-99.8,-99.8,-99.8,-99.8,-99.8,-99.8
2023-04-17 03:00:00,1005.4,22.2,75.0,0.8,350.0,2.1,320.0,0.0,-99.8,-99.8,-99.8,-99.8,-99.8,-99.8,-99.8
2023-04-17 04:00:00,1005.5,21.9,68.0,0.7,2.0,2.4,10.0,0.0,-99.8,-99.8,-99.8,-99.8,-99.8,-99.8,-99.8
2023-04-17 05:00:00,1006.1,22.6,63.0,1.4,15.0,2.3,24.0,0.0,-99.8,-99.8,-99.8,-99.8,-99.8,-99.8,-99.8
2023-04-17 06:00:00,1006.6,21.7,72.0,0.2,0.0,1.8,29.0,0.0,-99.8,-99.8,-99.8,-99.8,-99.8,-99.8,-99.8
2023-04-17 07:00:00,1007.3,23.6,58.0,1.2,17.0,3.0,25.0,0.0,-99.8,-99.8,-99.8,-99.8,-99.8,-99.8,-99.8
2023-04-17 08:00:00,1008.0,26.3,60.0,0.6,85.0,2.7,36.0,0.0,-99.8,-99.8,-99.8,-99.8,-99.8,-99.8,-99.8
2023-04-17 09:00:00,1008.4,29.0,49.0,0.9,124.0,2.8,90.0,0.0,-99.8,-99.8,-99.8,-99.8,-99.8,-99.8,-99.8
2023-04-17 10:00:00,1008.8,28.5,61.0,2.2,191.0,4.6,203.0,0.0,-99.8,-99.8,-99.8,-99.8,-99.8,-99.8,-99.8
2023-04-17 11:00:00,1009.0,28.5,65.0,1.9,182.0,5.3,218.0,0.0,-99.8,-99.8,-99.8,-99.8,-99.8,-99.8,-99.8
2023-04-17 12:00:00,1008.7,28.6,67.0,1.8,193.0,5.0,167.0,0.0,-99.8,-99.8,-99.8,-99.8,-99.8,-99.8,-99.8
2023-04-17 13:00:00,1008.6,28.4,69.0,2.2,186.0,4.9,155.0,0.0,-99.8,-99.8,-99.8,-99.8,-99.8,-99.8,-99.8
2023-04-17 14:00:00,1008.4,28.1,69.0,1.9,181.0,5.4,167.0,0.0,-99.8,-99.8,-99.8,-99.8,-99.8,-99.8,-99.8
2023-04-17 15:00:00,1008.1,27.6,73.0,1.7,179.0,5.0,220.0,0.0,-99.8,-99.8,-99.8,-99.8,-99.8,-99.8,-99.8
2023-04-17 16:00:00,1007.7,25.9,80.0,1.5,154.0,5.9,139.0,0.0,-99.8,-99.8,-99.8,-99.8,-99.8,-99.8,-99.8
2023-04-17 17:00:00,1007.6,25.4,83.0,1.2,158.0,4.8,209.0,0.0,-99.8,-99.8,-99.8,-99.8,-99.8,-99.8,-99.8
2023-04-17 18:00:00,1007.9,24.6,79.0,1.0,29.0,6.0,205.0,0.0,-99.8,-99.8,-99.8,-99.8,-99.8,-99.8,-99.8
2023-04-17 19:00:00,1008.4,24.7,81.0,0.7,62.0,2.7,21.0,0.0,-99.8,-99.8,-99.8,-99.8,-99.8,-99.8,-99.8
2023-04-17 20:00:00,1009.0,24.1,80.0,1.5,8.0,3.1,26.0,0.0,-99.8,-99.8,-99.8,-99.8,-99.8,-99.8,-99.8
2023-04-17 21:00:00,1009.5,23.8,80.0,1.3,15.0,3.7,11.0,0.0,-99.8,-99.8,-99.8,-99.8,-99.8,-99.8,-99.8
2023-04-17 22:00:00,1009.6,23.5,82.0,0.9,1.0,3.0,32.0,0.0,-99.8,-99.8,-99.8,-99.8,-99.8,-99.8,-99.8
2023-04-17 23:00:00,1009.7,24.0,80.0,1.3,6.0,4.7,13.0,0.0,-99.8,-99.8,-99.8,-99.8,-99.8,-99.8,-99.8
2023-04-18 00:00:00,1009.1,23.2,81.0,0.9,13.0,4.7,13.0,0.0,-99.8,-99.8,-99.8,-99.8,-99.8,-99.8,-99.8
2023-04-18 01:00:00,1008.6,22.7,77.0,1.0,356.0,2.2,18.0,0.0,-99.8,-99.8,-99.8,-99.8,-99.8,-99.8,-99.8
2023-04-18 02:00:00,1008.0,22.5,78.0,1.0,350.0,3.7,20.0,0.0,-99.8,-99.8,-99.8,-99.8,-99.8,-99.8,-99.8
2023-04-18 03:00:00,1007.8,22.4,80.0,0.8,5.0,2.6,24.0,0.0,-99.8,-99.8,-99.8,-99.8,-99.8,-99.8,-99.8
2023-04-18 04:00:00,1007.8,22.6,77.0,1.1,13.0,3.8,14.0,0.0,-99.8,-99.8,-99.8,-99.8,-99.8,-99.8,-99.8
2023-04-18 05:00:00,1008.2,22.8,79.0,1.0,10.0,2.9,42.0,0.0,-99.8,-99.8,-99.8,-99.8,-99.8,-99.8,-99.8
2023-04-18 06:00:00,1008.7,23.1,78.0,0.8,6.0,1.8,360.0,0.0,-99.8,-99.8,-99.8,-99.8,-99.8,-99.8,-99.8
2023-04-18 07:00:00,1009.1,24.2,76.0,0.4,20.0,2.4,5.0,0.0,-99.8,-99.8,-99.8,-99.8,-99.8,-99.8,-99.8
2023-04-18 08:00:00,1009.5,25.9,68.0,1.2,204.0,2.2,220.0,0.0,-99.8,-99.8,-99.8,-99.8,-99.8,-99.8,-99.8
2023-04-18 09:00:00,1009.3,26.9,61.0,0.9,195.0,2.6,204.0,0.0,-99.8,-99.8,-99.8,-99.8,-99.8,-99.8,-99.8
2023-04-18 10:00:00,1009.0,27.0,63.0,1.8,189.0,4.3,209.0,0.0,-99.8,-99.8,-99.8,-99.8,-99.8,-99.8,-99.8
2023-04-18 11:00:00,1008.6,27.6,62.0,1.8,194.0,4.0,201.0,0.0,-99.8,-99.8,-99.8,-99.8,-99.8,-99.8,-99.8
2023-04-18 12:00:00,1007.9,27.8,69.0,2.2,192.0,5.1,207.0,0.0,-99.8,-99.8,-99.8,-99.8,-99.8,-99.8,-99.8
2023-04-18 13:00:00,1007.0,26.8,77.0,2.0,184.0,4.6,165.0,0.0,-99.8,-99.8,-99.8,-99.8,-99.8,-99.8,-99.8
2023-04-18 14:00:00,1005.9,25.4,87.0,2.4,198.0,4.7,202.0,0.0,-99.8,-99.8,-99.8,-99.8,-99.8,-99.8,-99.8
2023-04-18 15:00:00,1005.7,25.8,85.0,1.2,198.0,5.3,196.0,0.0,-99.8,-99.8,-99.8,-99.8,-99.8,-99.8,-99.8
2023-04-18 16:00:00,1005.5,25.6,85.0,0.8,191.0,4.1,203.0,0.0,-99.8,-99.8,-99.8,-99.8,-99.8,-99.8,-99.8
2023-04-18 17:00:00,1005.6,25.8,83.0,1.1,200.0,3.4,197.0,0.0,-99.8,-99.8,-99.8,-99.8,-99.8,-99.8,-99.8
2023-04-18 18:00:00,1005.2,25.3,89.0,0.8,198.0,4.0,210.0,0.0,-99.8,-99.8,-99.8,-99.8,-99.8,-99.8,-99.8
2023-04-18 19:00:00,1004.4,24.8,87.0,0.4,348.0,1.7,159.0,0.0,-99.8,-99.8,-99.8,-99.8,-99.8,-99.8,-99.8
2023-04-18 20:00:00,1004.6,24.1,88.0,0.4,7.0,1.4,28.0,0.0,-99.8,-99.8,-99.8,-99.8,-99.8,-99.8,-99.8
2023-04-18 21:00:00,1004.5,24.4,82.0,0.3,318.0,1.9,342.0,0.0,-99.8,-99.8,-99.8,-99.8,-99.8,-99.8,-99.8
2023-04-18 22:00:00,1004.8,24.2,84.0,0.7,6.0,2.0,309.0,0.0,-99.8,-99.8,-99.8,-99.8,-99.8,-99.8,-99.8
2023-04-18 23:00:00,1004.0,24.3,83.0,0.6,343.0,2.5,8.0,0.0,-99.8,-99.8,-99.8,-99.8,-99.8,-99.8,-99.8
2023-04-19 00:00:00,1003.7,24.2,82.0,0.8,11.0,1.7,7.0,0.0,-99.8,-99.8,-99.8,-99.8,-99.8,-99.8,-99.8
2023-04-19 01:00:00,1001.9,25.0,77.0,1.0,9.0,2.4,31.0,0.0,-99.8,-99.8,-99.8,-99.8,-99.8,-99.8,-99.8
2023-04-19 02:00:00,1001.3,25.1,76.0,0.6,338.0,2.5,19.0,0.0,-99.8,-99.8,-99.8,-99.8,-99.8,-99.8,-99.8
2023-04-19 03:00:00,1000.2,24.6,78.0,0.3,344.0,1.5,25.0,0.0,-99.8,-99.8,-99.8,-99.8,-99.8,-99.8,-99.8
2023-04-19 04:00:00,999.6,24.4,77.0,1.1,2.0,3.5,205.0,0.0,-99.8,-99.8,-99.8,-99.8,-99.8,-99.8,-99.8
2023-04-19 05:00:00,1000.2,24.2,77.0,0.6,349.0,2.3,313.0,0.0,-99.8,-99.8,-99.8,-99.8,-99.8,-99.8,-99.8
2023-04-19 06:00:00,1000.4,24.6,77.0,0.6,313.0,1.7,26.0,0.0,-99.8,-99.8,-99.8,-99.8,-99.8,-99.8,-99.8
2023-04-19 07:00:00,1000.3,25.3,78.0,0.7,354.0,2.3,26.0,0.0,-99.8,-99.8,-99.8,-99.8,-99.8,-99.8,-99.8
2023-04-19 08:00:00,1000.1,26.6,75.0,0.6,23.0,2.7,19.0,0.0,-99.8,-99.8,-99.8,-99.8,-99.8,-99.8,-99.8
2023-04-19 09:00:00,999.9,30.3,56.0,0.8,139.0,2.6,156.0,0.0,-99.8,-99.8,-99.8,-99.8,-99.8,-99.8,-99.8
2023-04-19 10:00:00,999.4,29.8,60.0,1.6,192.0,2.8,123.0,0.0,-99.8,-99.8,-99.8,-99.8,-99.8,-99.8,-99.8
2023-04-19 11:00:00,998.9,29.8,63.0,1.0,183.0,3.5,204.0,0.0,-99.8,-99.8,-99.8,-99.8,-99.8,-99.8,-99.8
2023-04-19 12:00:00,998.2,29.9,68.0,1.1,137.0,2.3,168.0,0.0,-99.8,-99.8,-99.8,-99.8,-99.8,-99.8,-99.8
2023-04-19 13:00:00,997.0,29.3,75.0,0.9,142.0,2.0,142.0,0.0,-99.8,-99.8,-99.8,-99.8,-99.8,-99.8,-99.8
2023-04-19 14:00:00,996.3,27.3,83.0,1.5,184.0,3.2,170.0,0.0,-99.8,-99.8,-99.8,-99.8,-99.8,-99.8,-99.8
2023-04-19 15:00:00,995.8,26.5,87.0,2.5,231.0,5.6,238.0,0.0,-99.8,-99.8,-99.8,-99.8,-99.8,-99.8,-99.8
2023-04-19 16:00:00,995.4,26.6,87.0,1.4,241.0,5.6,235.0,0.0,-99.8,-99.8,-99.8,-99.8,-99.8,-99.8,-99.8
2023-04-19 17:00:00,995.7,26.6,86.0,0.2,0.0,2.7,229.0,0.0,-99.8,-99.8,-99.8,-99.8,-99.8,-99.8,-99.8
2023-04-19 18:00:00,996.4,26.3,89.0,0.2,0.0,1.8,32.0,0.0,-99.8,-99.8,-99.8,-99.8,-99.8,-99.8,-99.8
2023-04-19 19:00:00,995.9,25.4,91.0,0.4,342.0,1.7,27.0,0.0,-99.8,-99.8,-99.8,-99.8,-99.8,-99.8,-99.8
2023-04-19 20:00:00,997.0,24.7,94.0,0.9,351.0,1.8,2.0,0.0,-99.8,-99.8,-99.8,-99.8,-99.8,-99.8,-99.8
2023-04-19 21:00:00,998.0,24.5,94.0,0.7,353.0,2.1,30.0,0.0,-99.8,-99.8,-99.8,-99.8,-99.8,-99.8,-99.8
2023-04-19 22:00:00,998.0,24.2,93.0,0.9,6.0,1.7,332.0,0.0,-99.8,-99.8,-99.8,-99.8,-99.8,-99.8,-99.8
2023-04-19 23:00:00,998.3,24.5,90.0,0.8,358.0,2.4,360.0,0.0,-99.8,-99.8,-99.8,-99.8,-99.8,-99.8,-99.8
2023-04-20 00:00:00,997.5,24.8,88.0,0.7,3.0,2.1,28.0,0.0,-99.8,-99.8,-99.8,-99.8,-99.8,-99.8,-99.8
2023-04-20 01:00:00,997.6,24.5,92.0,0.9,9.0,2.1,14.0,0.0,-99.8,-99.8,-99.8,-99.8,-99.8,-99.8,-99.8
2023-04-20 02:00:00,996.3,23.8,96.0,0.8,337.0,2.8,12.0,2.5,-99.8,-99.8,-99.8,-99.8,-99.8,-99.8,-99.8
2023-04-20 03:00:00,995.8,23.5,97.0,0.7,351.0,2.3,18.0,0.0,-99.8,-99.8,-99.8,-99.8,-99.8,-99.8,-99.8
2023-04-20 04:00:00,996.7,23.3,97.0,0.8,7.0,2.0,324.0,0.0,-99.8,-99.8,-99.8,-99.8,-99.8,-99.8,-99.8
2023-04-20 05:00:00,996.2,23.2,97.0,0.7,13.0,2.4,5.0,0.5,-99.8,-99.8,-99.8,-99.8,-99.8,-99.8,-99.8
2023-04-20 06:00:00,996.9,23.3,97.0,0.6,17.0,2.7,356.0,0.0,-99.8,-99.8,-99.8,-99.8,-99.8,-99.8,-99.8
2023-04-20 07:00:00,997.3,23.1,98.0,0.3,341.0,2.2,27.0,2.0,-99.8,-99.8,-99.8,-99.8,-99.8,-99.8,-99.8
2023-04-20 08:00:00,997.4,23.5,98.0,0.9,17.0,2.3,348.0,0.5,-99.8,-99.8,-99.8,-99.8,-99.8,-99.8,-99.8
2023-04-20 09:00:00,998.7,23.6,97.0,0.4,341.0,2.1,51.0,0.5,-99.8,-99.8,-99.8,-99.8,-99.8,-99.8,-99.8
2023-04-20 10:00:00,999.2,23.3,98.0,0.0,0.0,1.7,33.0,5.0,-99.8,-99.8,-99.8,-99.8,-99.8,-99.8,-99.8
2023-04-20 11:00:00,997.9,23.4,99.0,0.8,344.0,1.8,230.0,5.0,-99.8,-99.8,-99.8,-99.8,-99.8,-99.8,-99.8
2023-04-20 12:00:00,998.4,23.6,99.0,0.3,137.0,2.4,213.0,0.0,-99.8,-99.8,-99.8,-99.8,-99.8,-99.8,-99.8
2023-04-20 13:00:00,997.7,24.0,96.0,0.4,185.0,1.4,180.0,0.0,-99.8,-99.8,-99.8,-99.8,-99.8,-99.8,-99.8
2023-04-20 14:00:00,997.0,25.4,90.0,0.7,173.0,3.1,143.0,0.0,-99.8,-99.8,-99.8,-99.8,-99.8,-99.8,-99.8
2023-04-20 15:00:00,996.6,24.4,93.0,0.6,47.0,2.0,159.0,0.5,-99.8,-99.8,-99.8,-99.8,-99.8,-99.8,-99.8
2023-04-20 16:00:00,996.8,24.4,91.0,1.6,220.0,4.0,228.0,0.0,-99.8,-99.8,-99.8,-99.8,-99.8,-99.8,-99.8
2023-04-20 17:00:00,997.1,23.9,94.0,1.3,237.0,6.3,211.0,0.0,-99.8,-99.8,-99.8,-99.8,-99.8,-99.8,-99.8
2023-04-20 18:00:00,997.7,23.4,94.0,1.1,293.0,2.9,290.0,0.0,-99.8,-99.8,-99.8,-99.8,-99.8,-99.8,-99.8
2023-04-20 19:00:00,998.2,23.3,95.0,0.3,251.0,3.3,292.0,0.0,-99.8,-99.8,-99.8,-99.8,-99.8,-99.8,-99.8
2023-04-20 20:00:00,998.2,23.1,97.0,0.2,0.0,1.4,270.0,0.0,-99.8,-99.8,-99.8,-99.8,-99.8,-99.8,-99.8
2023-04-20 21:00:00,999.6,22.9,95.0,1.0,285.0,2.5,232.0,0.0,-99.8,-99.8,-99.8,-99.8,-99.8,-99.8,-99.8
2023-04-20 22:00:00,1000.1,22.9,97.0,0.4,300.0,2.2,339.0,0.0,-99.8,-99.8,-99.8,-99.8,-99.8,-99.8,-99.8
2023-04-20 23:00:00,1000.9,22.9,98.0,0.2,0.0,1.0,33.0,0.0,-99.8,-99.8,-99.8,-99.8,-99.8,-99.8,-99.8
2023-04-21 00:00:00,1000.4,22.8,98.0,0.0,0.0,1.2,234.0,0.0,-99.8,-99.8,-99.8,-99.8,-99.8,-99.8,-99.8
2023-04-21 01:00:00,999.8,22.7,97.0,0.6,281.0,1.7,282.0,0.0,-99.8,-99.8,-99.8,-99.8,-99.8,-99.8,-99.8
2023-04-21 02:00:00,999.2,22.7,96.0,0.0,0.0,2.6,301.0,0.0,-99.8,-99.8,-99.8,-99.8,-99.8,-99.8,-99.8
2023-04-21 03:00:00,999.2,22.5,97.0,0.0,0.0,2.0,213.0,0.0,-99.8,-99.8,-99.8,-99.8,-99.8,-99.8,-99.8
2023-04-21 04:00:00,999.4,22.4,97.0,0.5,272.0,1.9,238.0,0.0,-99.8,-99.8,-99.8,-99.8,-99.8,-99.8,-99.8
2023-04-21 05:00:00,1000.0,22.3,96.0,0.2,0.0,2.1,271.0,0.0,-99.8,-99.8,-99.8,-99.8,-99.8,-99.8,-99.8
2023-04-21 06:00:00,1000.9,22.3,94.0,0.4,256.0,2.4,162.0,0.0,-99.8,-99.8,-99.8,-99.8,-99.8,-99.8,-99.8
2023-04-21 07:00:00,1001.7,22.2,93.0,0.6,285.0,2.7,293.0,0.0,-99.8,-99.8,-99.8,-99.8,-99.8,-99.8,-99.8
2023-04-21 08:00:00,1002.7,22.3,93.0,0.6,272.0,2.3,260.0,0.0,-99.8,-99.8,-99.8,-99.8,-99.8,-99.8,-99.8
2023-04-21 09:00:00,1003.4,22.8,90.0,0.5,280.0,2.1,233.0,0.0,-99.8,-99.8,-99.8,-99.8,-99.8,-99.8,-99.8
2023-04-21 10:00:00,1003.6,23.0,85.0,2.4,233.0,4.8,223.0,0.0,-99.8,-99.8,-99.8,-99.8,-99.8,-99.8,-99.8
2023-04-21 11:00:00,1003.6,22.7,86.0,0.5,255.0,3.5,313.0,0.0,-99.8,-99.8,-99.8,-99.8,-99.8,-99.8,-99.8
2023-04-21 12:00:00,1003.5,22.7,88.0,0.5,315.0,2.5,263.0,0.0,-99.8,-99.8,-99.8,-99.8,-99.8,-99.8,-99.8
2023-04-21 13:00:00,1003.4,23.0,85.0,0.0,0.0,3.0,251.0,0.0,-99.8,-99.8,-99.8,-99.8,-99.8,-99.8,-99.8
2023-04-21 14:00:00,1003.0,22.8,88.0,0.7,17.0,1.7,28.0,0.0,-99.8,-99.8,-99.8,-99.8,-99.8,-99.8,-99.8
2023-04-21 15:00:00,1002.8,22.8,85.0,1.1,228.0,3.2,229.0,0.0,-99.8,-99.8,-99.8,-99.8,-99.8,-99.8,-99.8
2023-04-21 16:00:00,1002.8,22.1,91.0,0.6,21.0,1.3,244.0,0.0,-99.8,-99.8,-99.8,-99.8,-99.8,-99.8,-99.8
2023-04-21 17:00:00,1002.9,22.0,93.0,0.7,23.0,1.4,22.0,0.0,-99.8,-99.8,-99.8,-99.8,-99.8,-99.8,-99.8
2023-04-21 18:00:00,1003.7,21.8,93.0,0.5,15.0,1.2,26.0,0.0,-99.8,-99.8,-99.8,-99.8,-99.8,-99.8,-99.8
2023-04-21 19:00:00,1004.2,21.6,93.0,0.4,14.0,1.6,25.0,0.0,-99.8,-99.8,-99.8,-99.8,-99.8,-99.8,-99.8
2023-04-21 20:00:00,1005.1,21.3,96.0,0.5,13.0,2.0,16.0,0.0,-99.8,-99.8,-99.8,-99.8,-99.8,-99.8,-99.8
2023-04-21 21:00:00,1005.9,21.0,96.0,0.4,335.0,1.1,1.0,0.0,-99.8,-99.8,-99.8,-99.8,-99.8,-99.8,-99.8
2023-04-21 22:00:00,1006.2,21.0,97.0,0.4,338.0,1.2,308.0,0.0,-99.8,-99.8,-99.8,-99.8,-99.8,-99.8,-99.8
2023-04-21 23:00:00,1006.4,20.9,96.0,0.7,333.0,1.6,316.0,0.0,-99.8,-99.8,-99.8,-99.8,-99.8,-99.8,-99.8
2023-04-22 00:00:00,1006.2,21.0,96.0,0.5,352.0,1.6,316.0,0.0,-99.8,-99.8,-99.8,-99.8,-99.8,-99.8,-99.8
2023-04-22 01:00:00,1006.1,20.4,97.0,0.5,324.0,1.0,18.0,0.0,-99.8,-99.8,-99.8,-99.8,-99.8,-99.8,-99.8
2023-04-22 02:00:00,1005.5,20.4,97.0,0.3,341.0,1.1,25.0,0.0,-99.8,-99.8,-99.8,-99.8,-99.8,-99.8,-99.8
2023-04-22 03:00:00,1005.1,20.4,97.0,0.5,335.0,1.1,13.0,0.0,-99.8,-99.8,-99.8,-99.8,-99.8,-99.8,-99.8
2023-04-22 04:00:00,1005.2,20.5,97.0,0.4,351.0,1.0,11.0,0.0,-99.8,-99.8,-99.8,-99.8,-99.8,-99.8,-99.8
2023-04-22 05:00:00,1005.5,20.6,96.0,0.5,350.0,1.1,5.0,0.0,-99.8,-99.8,-99.8,-99.8,-99.8,-99.8,-99.8
2023-04-22 06:00:00,1006.1,20.7,96.0,0.4,355.0,1.2,360.0,0.0,-99.8,-99.8,-99.8,-99.8,-99.8,-99.8,-99.8
2023-04-22 07:00:00,1006.6,21.0,95.0,0.4,348.0,0.8,337.0,0.0,-99.8,-99.8,-99.8,-99.8,-99.8,-99.8,-99.8
2023-04-22 08:00:00,1007.5,21.4,91.0,0.5,349.0,1.5,20.0,0.0,-99.8,-99.8,-99.8,-99.8,-99.8,-99.8,-99.8
2023-04-22 09:00:00,1007.7,22.2,85.0,0.9,268.0,2.5,228.0,0.0,-99.8,-99.8,-99.8,-99.8,-99.8,-99.8,-99.8
2023-04-22 10:00:00,1007.5,22.3,80.0,2.8,233.0,5.5,229.0,0.0,-99.8,-99.8,-99.8,-99.8,-99.8,-99.8,-99.8
2023-04-22 11:00:00,1007.5,22.1,81.0,1.3,258.0,4.8,237.0,0.0,-99.8,-99.8,-99.8,-99.8,-99.8,-99.8,-99.8
2023-04-22 12:00:00,1006.9,22.3,81.0,1.0,245.0,4.1,227.0,0.0,-99.8,-99.8,-99.8,-99.8,-99.8,-99.8,-99.8
2023-04-22 13:00:00,1006.7,22.2,81.0,0.8,277.0,4.6,228.0,0.0,-99.8,-99.8,-99.8,-99.8,-99.8,-99.8,-99.8
2023-04-22 14:00:00,1006.2,22.2,81.0,1.3,256.0,3.2,242.0,0.0,-99.8,-99.8,-99.8,-99.8,-99.8,-99.8,-99.8
2023-04-22 15:00:00,1006.1,22.3,81.0,0.4,334.0,2.7,299.0,0.0,-99.8,-99.8,-99.8,-99.8,-99.8,-99.8,-99.8
2023-04-22 16:00:00,1005.9,22.1,81.0,2.6,210.0,4.6,221.0,0.0,-99.8,-99.8,-99.8,-99.8,-99.8,-99.8,-99.8
2023-04-22 17:00:00,1006.1,21.7,82.0,0.3,311.0,4.2,222.0,0.0,-99.8,-99.8,-99.8,-99.8,-99.8,-99.8,-99.8
2023-04-22 18:00:00,1006.6,21.4,86.0,0.2,0.0,2.0,255.0,0.0,-99.8,-99.8,-99.8,-99.8,-99.8,-99.8,-99.8
2023-04-22 19:00:00,1007.3,21.1,87.0,0.6,13.0,1.4,31.0,0.0,-99.8,-99.8,-99.8,-99.8,-99.8,-99.8,-99.8
2023-04-22 20:00:00,1007.9,21.3,84.0,0.7,8.0,2.0,15.0,0.0,-99.8,-99.8,-99.8,-99.8,-99.8,-99.8,-99.8
2023-04-22 21:00:00,1008.5,21.1,84.0,0.6,353.0,2.3,41.0,0.0,-99.8,-99.8,-99.8,-99.8,-99.8,-99.8,-99.8
2023-04-22 22:00:00,1009.0,21.2,86.0,0.7,14.0,1.9,16.0,0.0,-99.8,-99.8,-99.8,-99.8,-99.8,-99.8,-99.8
2023-04-22 23:00:00,1008.8,21.0,86.0,0.5,348.0,1.3,15.0,0.0,-99.8,-99.8,-99.8,-99.8,-99.8,-99.8,-99.8
2023-04-23 00:00:00,1008.2,21.0,83.0,0.8,338.0,1.4,353.0,0.0,-99.8,-99.8,-99.8,-99.8,-99.8,-99.8,-99.8
2023-04-23 01:00:00,1007.5,20.7,86.0,0.7,352.0,1.2,5.0,0.0,-99.8,-99.8,-99.8,-99.8,-99.8,-99.8,-99.8
2023-04-23 02:00:00,1007.2,20.4,87.0,0.4,347.0,1.6,2.0,0.0,-99.8,-99.8,-99.8,-99.8,-99.8,-99.8,-99.8
2023-04-23 03:00:00,1007.4,20.9,86.0,0.6,350.0,1.8,38.0,0.0,-99.8,-99.8,-99.8,-99.8,-99.8,-99.8,-99.8
2023-04-23 04:00:00,1007.5,20.8,88.0,0.6,13.0,1.2,358.0,0.0,-99.8,-99.8,-99.8,-99.8,-99.8,-99.8,-99.8
2023-04-23 05:00:00,1007.6,20.8,84.0,0.5,332.0,1.5,15.0,0.0,-99.8,-99.8,-99.8,-99.8,-99.8,-99.8,-99.8
2023-04-23 06:00:00,1008.0,21.0,85.0,0.7,350.0,1.5,25.0,0.0,-99.8,-99.8,-99.8,-99.8,-99.8,-99.8,-99.8
2023-04-23 07:00:00,1008.5,21.5,85.0,0.3,8.0,1.2,360.0,0.0,-99.8,-99.8,-99.8,-99.8,-99.8,-99.8,-99.8
2023-04-23 08:00:00,1009.0,23.7,76.0,0.2,0.0,0.9,6.0,0.0,-99.8,-99.8,-99.8,-99.8,-99.8,-99.8,-99.8
2023-04-23 09:00:00,1009.3,25.4,70.0,1.0,190.0,1.8,178.0,0.0,-99.8,-99.8,-99.8,-99.8,-99.8,-99.8,-99.8
2023-04-23 10:00:00,1009.5,25.0,73.0,1.4,173.0,3.0,156.0,0.0,-99.8,-99.8,-99.8,-99.8,-99.8,-99.8,-99.8
2023-04-23 11:00:00,1009.4,24.0,78.0,1.9,216.0,2.9,174.0,0.0,-99.8,-99.8,-99.8,-99.8,-99.8,-99.8,-99.8
2023-04-23 12:00:00,1008.9,23.9,77.0,2.6,209.0,4.5,172.0,0.0,-99.8,-99.8,-99.8,-99.8,-99.8,-99.8,-99.8
2023-04-23 13:00:00,1008.2,24.2,78.0,2.0,210.0,4.5,207.0,0.0,-99.8,-99.8,-99.8,-99.8,-99.8,-99.8,-99.8
2023-04-23 14:00:00,1007.8,24.1,79.0,1.5,236.0,4.8,207.0,0.0,-99.8,-99.8,-99.8,-99.8,-99.8,-99.8,-99.8
2023-04-23 15:00:00,1007.5,24.1,81.0,1.1,234.0,3.2,247.0,0.0,-99.8,-99.8,-99.8,-99.8,-99.8,-99.8,-99.8
2023-04-23 16:00:00,1007.4,23.9,83.0,0.0,0.0,3.2,244.0,0.0,-99.8,-99.8,-99.8,-99.8,-99.8,-99.8,-99.8
2023-04-23 17:00:00,1007.6,22.5,93.0,0.2,0.0,1.0,17.0,0.5,-99.8,-99.8,-99.8,-99.8,-99.8,-99.8,-99.8
2023-04-23 18:00:00,1007.9,21.9,96.0,0.5,10.0,1.4,32.0,0.0,-99.8,-99.8,-99.8,-99.8,-99.8,-99.8,-99.8
2023-04-23 19:00:00,1008.4,21.9,95.0,0.6,12.0,1.5,358.0,0.0,-99.8,-99.8,-99.8,-99.8,-99.8,-99.8,-99.8
2023-04-23 20:00:00,1008.9,21.6,97.0,0.4,7.0,1.6,20.0,0.0,-99.8,-99.8,-99.8,-99.8,-99.8,-99.8,-99.8
2023-04-23 21:00:00,1009.3,21.5,98.0,0.3,19.0,1.1,29.0,0.0,-99.8,-99.8,-99.8,-99.8,-99.8,-99.8,-99.8
2023-04-23 22:00:00,1009.3,21.5,98.0,0.0,0.0,1.0,31.0,0.0,-99.8,-99.8,-99.8,-99.8,-99.8,-99.8,-99.8
2023-04-23 23:00:00,1008.7,21.2,98.0,0.4,312.0,0.8,20.0,0.0,-99.8,-99.8,-99.8,-99.8,-99.8,-99.8,-99.8
2023-04-24 00:00:00,1007.9,21.4,99.0,0.3,350.0,0.8,299.0,0.0,-99.8,-99.8,-99.8,-99.8,-99.8,-99.8,-99.8
2023-04-24 01:00:00,1007.7,21.3,99.0,0.8,279.0,1.3,262.0,0.0,-99.8,-99.8,-99.8,-99.8,-99.8,-99.8,-99.8
2023-04-24 02:00:00,1007.4,21.4,99.0,0.5,336.0,1.2,18.0,0.0,-99.8,-99.8,-99.8,-99.8,-99.8,-99.8,-99.8
2023-04-24 03:00:00,1007.3,21.4,98.0,0.5,319.0,1.5,18.0,0.0,-99.8,-99.8,-99.8,-99.8,-99.8,-99.8,-99.8
2023-04-24 04:00:00,1007.5,21.5,97.0,0.7,335.0,1.4,327.0,0.0,-99.8,-99.8,-99.8,-99.8,-99.8,-99.8,-99.8
2023-04-24 05:00:00,1007.6,21.5,96.0,0.6,358.0,1.5,344.0,0.0,-99.8,-99.8,-99.8,-99.8,-99.8,-99.8,-99.8
2023-04-24 06:00:00,1007.8,21.6,95.0,0.6,353.0,1.6,27.0,0.0,-99.8,-99.8,-99.8,-99.8,-99.8,-99.8,-99.8
2023-04-24 07:00:00,1008.4,22.7,94.0,0.2,0.0,1.2,339.0,0.0,-99.8,-99.8,-99.8,-99.8,-99.8,-99.8,-99.8
2023-04-24 08:00:00,1008.9,23.6,90.0,0.0,0.0,2.2,233.0,0.0,-99.8,-99.8,-99.8,-99.8,-99.8,-99.8,-99.8
2023-04-24 09:00:00,1009.1,24.4,84.0,0.8,179.0,1.8,207.0,0.0,-99.8,-99.8,-99.8,-99.8,-99.8,-99.8,-99.8
2023-04-24 10:00:00,1009.4,23.6,87.0,1.5,244.0,3.5,240.0,0.0,-99.8,-99.8,-99.8,-99.8,-99.8,-99.8,-99.8
2023-04-24 11:00:00,1009.2,23.5,88.0,1.9,241.0,4.7,211.0,0.0,-99.8,-99.8,-99.8,-99.8,-99.8,-99.8,-99.8
2023-04-24 12:00:00,1008.6,24.0,86.0,1.6,237.0,4.7,227.0,0.0,-99.8,-99.8,-99.8,-99.8,-99.8,-99.8,-99.8
2023-04-24 13:00:00,1007.8,23.8,87.0,1.7,241.0,4.2,228.0,0.0,-99.8,-99.8,-99.8,-99.8,-99.8,-99.8,-99.8
2023-04-24 14:00:00,1007.1,23.8,87.0,2.0,253.0,4.0,221.0,0.0,-99.8,-99.8,-99.8,-99.8,-99.8,-99.8,-99.8
2023-04-24 15:00:00,1006.9,23.3,89.0,1.3,248.0,4.5,224.0,0.0,-99.8,-99.8,-99.8,-99.8,-99.8,-99.8,-99.8
2023-04-24 16:00:00,1006.7,23.2,89.0,0.9,272.0,3.9,260.0,0.0,-99.8,-99.8,-99.8,-99.8,-99.8,-99.8,-99.8
2023-04-24 17:00:00,1007.0,22.8,88.0,0.8,335.0,3.9,268.0,0.0,-99.8,-99.8,-99.8,-99.8,-99.8,-99.8,-99.8
2023-04-24 18:00:00,1007.7,22.2,89.0,1.9,267.0,3.7,2.0,0.0,-99.8,-99.8,-99.8,-99.8,-99.8,-99.8,-99.8
2023-04-24 19:00:00,1008.1,21.7,92.0,1.4,297.0,4.4,288.0,0.0,-99.8,-99.8,-99.8,-99.8,-99.8,-99.8,-99.8
2023-04-24 20:00:00,1008.7,21.6,91.0,0.6,245.0,4.3,291.0,0.0,-99.8,-99.8,-99.8,-99.8,-99.8,-99.8,-99.8
2023-04-24 21:00:00,1009.1,21.5,92.0,0.2,0.0,3.0,250.0,0.0,-99.8,-99.8,-99.8,-99.8,-99.8,-99.8,-99.8
2023-04-24 22:00:00,1009.1,21.5,89.0,0.9,284.0,2.4,289.0,0.0,-99.8,-99.8,-99.8,-99.8,-99.8,-99.8,-99.8
2023-04-24 23:00:00,1008.7,21.2,92.0,0.2,0.0,0.9,252.0,0.0,-99.8,-99.8,-99.8,-99.8,-99.8,-99.8,-99.8
2023-04-25 00:00:00,1008.2,21.3,92.0,0.2,0.0,2.5,248.0,0.0,-99.8,-99.8,-99.8,-99.8,-99.8,-99.8,-99.8
2023-04-25 01:00:00,1008.0,21.3,89.0,0.5,278.0,2.2,270.0,0.0,-99.8,-99.8,-99.8,-99.8,-99.8,-99.8,-99.8
2023-04-25 02:00:00,1007.6,21.1,88.0,1.1,301.0,2.5,258.0,0.0,-99.8,-99.8,-99.8,-99.8,-99.8,-99.8,-99.8
2023-04-25 03:00:00,1007.4,21.0,87.0,0.9,292.0,3.3,270.0,0.0,-99.8,-99.8,-99.8,-99.8,-99.8,-99.8,-99.8
2023-04-25 04:00:00,1007.3,20.9,88.0,0.5,285.0,2.6,299.0,0.0,-99.8,-99.8,-99.8,-99.8,-99.8,-99.8,-99.8
2023-04-25 05:00:00,1007.6,20.5,92.0,0.1,0.0,1.3,274.0,0.0,-99.8,-99.8,-99.8,-99.8,-99.8,-99.8,-99.8
2023-04-25 06:00:00,1007.8,20.5,93.0,0.3,355.0,1.0,17.0,0.0,-99.8,-99.8,-99.8,-99.8,-99.8,-99.8,-99.8
2023-04-25 07:00:00,1007.8,20.9,91.0,0.1,0.0,1.0,8.0,0.0,-99.8,-99.8,-99.8,-99.8,-99.8,-99.8,-99.8
2023-04-25 08:00:00,1008.1,21.2,87.0,1.1,250.0,1.9,249.0,0.0,-99.8,-99.8,-99.8,-99.8,-99.8,-99.8,-99.8
2023-04-25 09:00:00,1008.0,21.9,86.0,0.3,22.0,2.6,243.0,0.0,-99.8,-99.8,-99.8,-99.8,-99.8,-99.8,-99.8
2023-04-25 10:00:00,1008.1,21.9,87.0,0.2,0.0,0.9,40.0,0.0,-99.8,-99.8,-99.8,-99.8,-99.8,-99.8,-99.8
2023-04-25 11:00:00,1007.7,22.1,86.0,0.6,82.0,1.4,90.0,0.0,-99.8,-99.8,-99.8,-99.8,-99.8,-99.8,-99.8
2023-04-25 12:00:00,1007.1,22.6,85.0,0.3,174.0,1.9,168.0,0.0,-99.8,-99.8,-99.8,-99.8,-99.8,-99.8,-99.8
2023-04-25 13:00:00,1006.3,22.9,81.0,0.4,157.0,1.6,208.0,0.0,-99.8,-99.8,-99.8,-99.8,-99.8,-99.8,-99.8
2023-04-25 14:00:00,1005.9,22.3,83.0,0.7,235.0,1.6,133.0,0.0,-99.8,-99.8,-99.8,-99.8,-99.8,-99.8,-99.8
2023-04-25 15:00:00,1005.5,22.3,86.0,0.5,35.0,1.4,20.0,0.5,-99.8,-99.8,-99.8,-99.8,-99.8,-99.8,-99.8
2023-04-25 16:00:00,1005.5,21.9,90.0,0.2,0.0,2.0,241.0,0.0,-99.8,-99.8,-99.8,-99.8,-99.8,-99.8,-99.8
2023-04-25 17:00:00,1005.8,21.8,90.0,0.3,29.0,2.7,252.0,0.0,-99.8,-99.8,-99.8,-99.8,-99.8,-99.8,-99.8
2023-04-25 18:00:00,1006.3,21.8,91.0,0.2,0.0,1.2,15.0,0.0,-99.8,-99.8,-99.8,-99.8,-99.8,-99.8,-99.8
2023-04-25 19:00:00,1006.9,21.6,91.0,0.1,0.0,2.3,279.0,0.0,-99.8,-99.8,-99.8,-99.8,-99.8,-99.8,-99.8
2023-04-25 20:00:00,1007.3,21.5,91.0,0.1,0.0,1.9,24.0,0.0,-99.8,-99.8,-99.8,-99.8,-99.8,-99.8,-99.8
2023-04-25 21:00:00,1007.7,21.5,91.0,0.4,261.0,1.8,229.0,0.0,-99.8,-99.8,-99.8,-99.8,-99.8,-99.8,-99.8
2023-04-25 22:00:00,1007.6,21.4,91.0,0.0,0.0,2.1,261.0,0.0,-99.8,-99.8,-99.8,-99.8,-99.8,-99.8,-99.8
2023-04-25 23:00:00,1007.5,21.3,91.0,0.6,248.0,1.9,236.0,0.0,-99.8,-99.8,-99.8,-99.8,-99.8,-99.8,-99.8
2023-04-26 00:00:00,1007.1,21.2,89.0,0.7,340.0,3.2,36.0,0.0,-99.8,-99.8,-99.8,-99.8,-99.8,-99.8,-99.8
2023-04-26 01:00:00,1006.9,20.9,94.0,0.3,16.0,2.1,295.0,0.0,-99.8,-99.8,-99.8,-99.8,-99.8,-99.8,-99.8
2023-04-26 02:00:00,1006.4,20.6,95.0,0.0,0.0,1.1,357.0,0.0,-99.8,-99.8,-99.8,-99.8,-99.8,-99.8,-99.8
2023-04-26 03:00:00,1006.5,20.8,93.0,0.5,324.0,2.7,288.0,0.0,-99.8,-99.8,-99.8,-99.8,-99.8,-99.8,-99.8
2023-04-26 04:00:00,1006.7,20.3,97.0,0.0,0.0,2.7,97.0,0.0,-99.8,-99.8,-99.8,-99.8,-99.8,-99.8,-99.8
2023-04-26 05:00:00,1006.9,20.0,98.0,0.8,233.0,1.3,234.0,0.5,-99.8,-99.8,-99.8,-99.8,-99.8,-99.8,-99.8
2023-04-26 06:00:00,1007.4,20.1,99.0,0.1,0.0,0.8,31.0,0.5,-99.8,-99.8,-99.8,-99.8,-99.8,-99.8,-99.8
2023-04-26 07:00:00,1007.9,19.9,99.0,0.1,0.0,1.5,216.0,0.5,-99.8,-99.8,-99.8,-99.8,-99.8,-99.8,-99.8
2023-04-26 08:00:00,1008.7,20.3,98.0,0.3,2.0,1.4,209.0,0.0,-99.8,-99.8,-99.8,-99.8,-99.8,-99.8,-99.8
2023-04-26 09:00:00,1009.2,20.8,95.0,0.1,0.0,1.4,135.0,0.0,-99.8,-99.8,-99.8,-99.8,-99.8,-99.8,-99.8
2023-04-26 10:00:00,1009.3,21.1,87.0,1.4,270.0,4.0,290.0,0.0,-99.8,-99.8,-99.8,-99.8,-99.8,-99.8,-99.8
2023-04-26 11:00:00,1009.3,21.8,82.0,0.3,216.0,4.9,214.0,0.0,-99.8,-99.8,-99.8,-99.8,-99.8,-99.8,-99.8
2023-04-26 12:00:00,1009.2,21.5,81.0,1.9,252.0,4.2,218.0,0.0,-99.8,-99.8,-99.8,-99.8,-99.8,-99.8,-99.8
2023-04-26 13:00:00,1009.1,21.1,79.0,1.8,261.0,5.2,321.0,0.0,-99.8,-99.8,-99.8,-99.8,-99.8,-99.8,-99.8
2023-04-26 14:00:00,1008.9,21.1,81.0,0.9,342.0,4.5,5.0,0.0,-99.8,-99.8,-99.8,-99.8,-99.8,-99.8,-99.8
2023-04-26 15:00:00,1008.9,21.0,74.0,1.5,17.0,4.9,245.0,0.0,-99.8,-99.8,-99.8,-99.8,-99.8,-99.8,-99.8
2023-04-26 16:00:00,1008.8,20.9,82.0,0.6,28.0,2.4,32.0,0.0,-99.8,-99.8,-99.8,-99.8,-99.8,-99.8,-99.8
2023-04-26 17:00:00,1009.1,20.6,85.0,0.3,31.0,1.9,25.0,0.0,-99.8,-99.8,-99.8,-99.8,-99.8,-99.8,-99.8
2023-04-26 18:00:00,1009.7,20.2,83.0,0.4,5.0,1.7,35.0,0.0,-99.8,-99.8,-99.8,-99.8,-99.8,-99.8,-99.8
2023-04-26 19:00:00,1010.4,19.6,83.0,0.4,347.0,2.1,259.0,0.0,-99.8,-99.8,-99.8,-99.8,-99.8,-99.8,-99.8
2023-04-26 20:00:00,1010.9,19.8,87.0,0.7,16.0,1.5,299.0,0.0,-99.8,-99.8,-99.8,-99.8,-99.8,-99.8,-99.8
2023-04-26 21:00:00,1011.6,19.7,84.0,0.6,7.0,1.8,23.0,0.0,-99.8,-99.8,-99.8,-99.8,-99.8,-99.8,-99.8
2023-04-26 22:00:00,1011.9,19.6,84.0,0.4,343.0,1.8,18.0,0.0,-99.8,-99.8,-99.8,-99.8,-99.8,-99.8,-99.8
2023-04-26 23:00:00,1011.8,19.6,86.0,0.6,359.0,1.1,3.0,0.0,-99.8,-99.8,-99.8,-99.8,-99.8,-99.8,-99.8
2023-04-27 00:00:00,1011.5,19.5,85.0,0.6,3.0,1.5,7.0,0.0,-99.8,-99.8,-99.8,-99.8,-99.8,-99.8,-99.8
2023-04-27 01:00:00,1011.0,19.6,85.0,0.5,8.0,1.6,2.0,0.0,-99.8,-99.8,-99.8,-99.8,-99.8,-99.8,-99.8
2023-04-27 02:00:00,1010.5,19.5,86.0,0.4,352.0,1.6,3.0,0.0,-99.8,-99.8,-99.8,-99.8,-99.8,-99.8,-99.8
2023-04-27 03:00:00,1010.1,19.5,86.0,0.4,346.0,0.9,342.0,0.0,-99.8,-99.8,-99.8,-99.8,-99.8,-99.8,-99.8
2023-04-27 04:00:00,1010.0,19.3,86.0,0.6,357.0,1.2,12.0,0.0,-99.8,-99.8,-99.8,-99.8,-99.8,-99.8,-99.8
2023-04-27 05:00:00,1010.5,19.4,86.0,0.5,353.0,1.1,356.0,0.0,-99.8,-99.8,-99.8,-99.8,-99.8,-99.8,-99.8
2023-04-27 06:00:00,1010.7,19.9,87.0,0.3,343.0,1.9,283.0,0.0,-99.8,-99.8,-99.8,-99.8,-99.8,-99.8,-99.8
2023-04-27 07:00:00,1011.2,20.1,88.0,0.5,2.0,1.2,18.0,0.0,-99.8,-99.8,-99.8,-99.8,-99.8,-99.8,-99.8
2023-04-27 08:00:00,1011.6,21.9,75.0,0.2,0.0,1.3,228.0,0.0,-99.8,-99.8,-99.8,-99.8,-99.8,-99.8,-99.8
2023-04-27 09:00:00,1011.8,22.6,73.0,0.5,185.0,1.7,164.0,0.0,-99.8,-99.8,-99.8,-99.8,-99.8,-99.8,-99.8
2023-04-27 10:00:00,1012.0,22.6,75.0,1.2,189.0,2.6,160.0,0.0,-99.8,-99.8,-99.8,-99.8,-99.8,-99.8,-99.8
2023-04-27 11:00:00,1011.7,23.4,70.0,0.5,189.0,3.0,211.0,0.0,-99.8,-99.8,-99.8,-99.8,-99.8,-99.8,-99.8
2023-04-27 12:00:00,1011.2,23.8,71.0,0.8,196.0,1.9,203.0,0.0,-99.8,-99.8,-99.8,-99.8,-99.8,-99.8,-99.8
2023-04-27 13:00:00,1010.3,23.4,73.0,0.6,188.0,2.0,214.0,0.0,-99.8,-99.8,-99.8,-99.8,-99.8,-99.8,-99.8
2023-04-27 14:00:00,1009.8,23.6,72.0,0.4,153.0,1.4,176.0,0.0,-99.8,-99.8,-99.8,-99.8,-99.8,-99.8,-99.8
2023-04-27 15:00:00,1009.3,23.2,73.0,0.5,183.0,1.4,148.0,0.0,-99.8,-99.8,-99.8,-99.8,-99.8,-99.8,-99.8
2023-04-27 16:00:00,1009.0,23.1,74.0,0.1,0.0,1.5,159.0,0.0,-99.8,-99.8,-99.8,-99.8,-99.8,-99.8,-99.8
2023-04-27 17:00:00,1009.2,22.4,81.0,0.4,17.0,1.1,43.0,0.0,-99.8,-99.8,-99.8,-99.8,-99.8,-99.8,-99.8
2023-04-27 18:00:00,1009.6,21.2,91.0,0.6,15.0,2.5,226.0,0.0,-99.8,-99.8,-99.8,-99.8,-99.8,-99.8,-99.8
2023-04-27 19:00:00,1010.0,20.8,95.0,0.7,11.0,1.3,21.0,0.0,-99.8,-99.8,-99.8,-99.8,-99.8,-99.8,-99.8
2023-04-27 20:00:00,1010.5,20.8,98.0,1.1,16.0,1.7,20.0,0.5,-99.8,-99.8,-99.8,-99.8,-99.8,-99.8,-99.8
2023-04-27 21:00:00,1011.0,20.9,99.0,0.3,339.0,1.3,314.0,0.0,-99.8,-99.8,-99.8,-99.8,-99.8,-99.8,-99.8
2023-04-27 22:00:00,1010.7,21.0,99.0,0.7,350.0,1.8,18.0,0.0,-99.8,-99.8,-99.8,-99.8,-99.8,-99.8,-99.8
2023-04-27 23:00:00,1010.5,21.1,98.0,0.5,349.0,1.8,5.0,0.0,-99.8,-99.8,-99.8,-99.8,-99.8,-99.8,-99.8
2023-04-28 00:00:00,1009.7,21.2,97.0,0.5,356.0,2.9,157.0,0.0,-99.8,-99.8,-99.8,-99.8,-99.8,-99.8,-99.8
2023-04-28 01:00:00,1009.1,21.3,98.0,0.4,352.0,1.3,27.0,0.0,-99.8,-99.8,-99.8,-99.8,-99.8,-99.8,-99.8
2023-04-28 02:00:00,1008.4,21.4,96.0,0.6,333.0,1.4,27.0,0.0,-99.8,-99.8,-99.8,-99.8,-99.8,-99.8,-99.8
2023-04-28 03:00:00,1008.6,21.7,96.0,0.6,339.0,2.9,78.0,0.0,-99.8,-99.8,-99.8,-99.8,-99.8,-99.8,-99.8
2023-04-28 04:00:00,1009.0,21.8,93.0,1.0,14.0,2.3,360.0,0.0,-99.8,-99.8,-99.8,-99.8,-99.8,-99.8,-99.8
2023-04-28 05:00:00,1009.1,21.7,93.0,0.8,1.0,2.1,26.0,0.0,-99.8,-99.8,-99.8,-99.8,-99.8,-99.8,-99.8
2023-04-28 06:00:00,1009.5,22.0,92.0,1.3,13.0,2.8,8.0,0.0,-99.8,-99.8,-99.8,-99.8,-99.8,-99.8,-99.8
2023-04-28 07:00:00,1009.7,22.6,88.0,1.3,14.0,2.4,358.0,0.0,-99.8,-99.8,-99.8,-99.8,-99.8,-99.8,-99.8
2023-04-28 08:00:00,1009.9,26.4,76.0,0.2,0.0,2.0,28.0,0.0,-99.8,-99.8,-99.8,-99.8,-99.8,-99.8,-99.8
2023-04-28 09:00:00,1009.8,27.7,70.0,1.0,168.0,2.3,124.0,0.0,-99.8,-99.8,-99.8,-99.8,-99.8,-99.8,-99.8
2023-04-28 10:00:00,1009.9,28.2,67.0,1.3,177.0,2.9,204.0,0.0,-99.8,-99.8,-99.8,-99.8,-99.8,-99.8,-99.8
2023-04-28 11:00:00,1009.1,28.4,66.0,2.1,196.0,3.3,211.0,0.0,-99.8,-99.8,-99.8,-99.8,-99.8,-99.8,-99.8
2023-04-28 12:00:00,1009.0,27.0,74.0,2.1,205.0,4.0,210.0,0.0,-99.8,-99.8,-99.8,-99.8,-99.8,-99.8,-99.8
2023-04-28 13:00:00,1008.1,26.5,78.0,0.8,199.0,3.0,218.0,0.0,-99.8,-99.8,-99.8,-99.8,-99.8,-99.8,-99.8
2023-04-28 14:00:00,1007.3,26.0,81.0,0.8,191.0,2.6,198.0,0.0,-99.8,-99.8,-99.8,-99.8,-99.8,-99.8,-99.8
2023-04-28 15:00:00,1006.6,24.8,93.0,0.9,198.0,3.1,158.0,0.0,-99.8,-99.8,-99.8,-99.8,-99.8,-99.8,-99.8
2023-04-28 16:00:00,1006.6,24.3,93.0,0.8,184.0,4.0,208.0,0.0,-99.8,-99.8,-99.8,-99.8,-99.8,-99.8,-99.8
2023-04-28 17:00:00,1006.6,23.5,96.0,1.0,18.0,2.9,31.0,0.5,-99.8,-99.8,-99.8,-99.8,-99.8,-99.8,-99.8
2023-04-28 18:00:00,1007.0,23.0,97.0,1.1,12.0,2.4,10.0,0.0,-99.8,-99.8,-99.8,-99.8,-99.8,-99.8,-99.8
2023-04-28 19:00:00,1007.4,22.9,98.0,0.9,1.0,2.3,23.0,0.5,-99.8,-99.8,-99.8,-99.8,-99.8,-99.8,-99.8
2023-04-28 20:00:00,1007.3,22.7,98.0,0.9,1.0,3.3,21.0,0.0,-99.8,-99.8,-99.8,-99.8,-99.8,-99.8,-99.8
2023-04-28 21:00:00,1007.8,22.8,97.0,0.5,328.0,2.7,358.0,0.0,-99.8,-99.8,-99.8,-99.8,-99.8,-99.8,-99.8
2023-04-28 22:00:00,1007.8,22.8,97.0,0.8,3.0,1.7,349.0,0.0,-99.8,-99.8,-99.8,-99.8,-99.8,-99.8,-99.8
2023-04-28 23:00:00,1007.4,22.7,96.0,0.6,341.0,1.6,19.0,0.0,-99.8,-99.8,-99.8,-99.8,-99.8,-99.8,-99.8
2023-04-29 00:00:00,1006.7,22.8,96.0,0.5,359.0,1.3,330.0,0.0,-99.8,-99.8,-99.8,-99.8,-99.8,-99.8,-99.8
2023-04-29 01:00:00,1005.7,23.0,96.0,0.6,348.0,2.0,341.0,0.0,-99.8,-99.8,-99.8,-99.8,-99.8,-99.8,-99.8
2023-04-29 02:00:00,1005.0,22.7,96.0,0.5,353.0,1.7,13.0,0.0,-99.8,-99.8,-99.8,-99.8,-99.8,-99.8,-99.8
2023-04-29 03:00:00,1004.5,22.4,96.0,0.6,342.0,2.2,340.0,0.0,-99.8,-99.8,-99.8,-99.8,-99.8,-99.8,-99.8
2023-04-29 04:00:00,1004.3,22.3,95.0,1.1,352.0,1.6,339.0,0.0,-99.8,-99.8,-99.8,-99.8,-99.8,-99.8,-99.8
2023-04-29 05:00:00,1004.4,22.4,94.0,0.4,340.0,2.0,360.0,0.0,-99.8,-99.8,-99.8,-99.8,-99.8,-99.8,-99.8
2023-04-29 06:00:00,1004.9,22.7,92.0,0.6,339.0,2.2,341.0,0.0,-99.8,-99.8,-99.8,-99.8,-99.8,-99.8,-99.8
2023-04-29 07:00:00,1005.8,23.7,89.0,0.6,14.0,1.9,18.0,0.0,-99.8,-99.8,-99.8,-99.8,-99.8,-99.8,-99.8
2023-04-29 08:00:00,1006.0,27.3,77.0,0.1,0.0,1.9,11.0,0.0,-99.8,-99.8,-99.8,-99.8,-99.8,-99.8,-99.8
2023-04-29 09:00:00,1006.0,28.7,67.0,0.8,121.0,1.7,116.0,0.0,-99.8,-99.8,-99.8,-99.8,-99.8,-99.8,-99.8
2023-04-29 10:00:00,1005.8,29.4,70.0,1.0,129.0,3.1,220.0,0.0,-99.8,-99.8,-99.8,-99.8,-99.8,-99.8,-99.8
2023-04-29 11:00:00,1005.5,29.2,72.0,1.2,183.0,2.7,216.0,0.0,-99.8,-99.8,-99.8,-99.8,-99.8,-99.8,-99.8
2023-04-29 12:00:00,1005.1,28.2,78.0,1.3,192.0,2.7,159.0,0.0,-99.8,-99.8,-99.8,-99.8,-99.8,-99.8,-99.8
2023-04-29 13:00:00,1004.3,28.0,79.0,1.3,186.0,2.6,203.0,0.0,-99.8,-99.8,-99.8,-99.8,-99.8,-99.8,-99.8
2023-04-29 14:00:00,1003.8,28.2,80.0,1.4,188.0,2.4,213.0,0.0,-99.8,-99.8,-99.8,-99.8,-99.8,-99.8,-99.8
2023-04-29 15:00:00,1003.5,27.4,80.0,0.5,201.0,2.5,208.0,0.0,-99.8,-99.8,-99.8,-99.8,-99.8,-99.8,-99.8
2023-04-29 16:00:00,1003.1,27.1,81.0,0.5,192.0,2.2,211.0,0.0,-99.8,-99.8,-99.8,-99.8,-99.8,-99.8,-99.8
2023-04-29 17:00:00,1003.3,26.9,83.0,0.2,0.0,1.0,90.0,0.0,-99.8,-99.8,-99.8,-99.8,-99.8,-99.8,-99.8
2023-04-29 18:00:00,1003.8,26.2,90.0,0.3,226.0,2.5,208.0,0.0,-99.8,-99.8,-99.8,-99.8,-99.8,-99.8,-99.8
2023-04-29 19:00:00,1004.5,24.6,96.0,0.2,0.0,2.8,45.0,16.5,-99.8,-99.8,-99.8,-99.8,-99.8,-99.8,-99.8
2023-04-29 20:00:00,1004.8,23.9,95.0,1.9,234.0,6.6,218.0,1.5,-99.8,-99.8,-99.8,-99.8,-99.8,-99.8,-99.8
2023-04-29 21:00:00,1006.0,22.9,97.0,0.8,7.0,7.4,210.0,3.5,-99.8,-99.8,-99.8,-99.8,-99.8,-99.8,-99.8
2023-04-29 22:00:00,1006.4,22.6,97.0,2.7,219.0,6.0,215.0,1.5,-99.8,-99.8,-99.8,-99.8,-99.8,-99.8,-99.8
2023-04-29 23:00:00,1005.7,22.8,99.0,1.5,224.0,3.1,220.0,1.5,-99.8,-99.8,-99.8,-99.8,-99.8,-99.8,-99.8
2023-04-30 00:00:00,1005.2,22.7,99.0,0.6,358.0,3.1,220.0,0.0,-99.8,-99.8,-99.8,-99.8,-99.8,-99.8,-99.8
2023-04-30 01:00:00,1004.7,22.5,99.0,0.4,341.0,1.6,20.0,0.0,-99.8,-99.8,-99.8,-99.8,-99.8,-99.8,-99.8
2023-04-30 02:00:00,1004.1,22.7,99.0,0.4,353.0,1.5,360.0,0.0,-99.8,-99.8,-99.8,-99.8,-99.8,-99.8,-99.8
2023-04-30 03:00:00,1003.8,22.8,99.0,0.3,356.0,1.7,341.0,0.0,-99.8,-99.8,-99.8,-99.8,-99.8,-99.8,-99.8
2023-04-30 04:00:00,1004.0,22.8,100.0,0.4,1.0,1.1,353.0,0.0,-99.8,-99.8,-99.8,-99.8,-99.8,-99.8,-99.8
2023-04-30 05:00:00,1004.4,22.6,99.0,0.3,5.0,1.6,289.0,0.0,-99.8,-99.8,-99.8,-99.8,-99.8,-99.8,-99.8
2023-04-30 06:00:00,1005.1,22.7,100.0,0.5,330.0,1.0,15.0,0.0,-99.8,-99.8,-99.8,-99.8,-99.8,-99.8,-99.8
2023-04-30 07:00:00,1005.7,22.4,99.0,0.3,287.0,1.4,238.0,0.0,-99.8,-99.8,-99.8,-99.8,-99.8,-99.8,-99.8
2023-04-30 08:00:00,1006.3,22.8,98.0,0.3,15.0,1.9,238.0,0.0,-99.8,-99.8,-99.8,-99.8,-99.8,-99.8,-99.8
2023-04-30 09:00:00,1006.5,22.9,95.0,0.4,339.0,1.2,33.0,0.0,-99.8,-99.8,-99.8,-99.8,-99.8,-99.8,-99.8
2023-04-30 10:00:00,1006.6,23.7,84.0,0.5,249.0,2.9,220.0,0.0,-99.8,-99.8,-99.8,-99.8,-99.8,-99.8,-99.8
2023-04-30 11:00:00,1006.2,23.4,85.0,0.9,240.0,3.1,224.0,0.0,-99.8,-99.8,-99.8,-99.8,-99.8,-99.8,-99.8
2023-04-30 12:00:00,1005.8,23.2,85.0,1.1,268.0,2.9,231.0,0.0,-99.8,-99.8,-99.8,-99.8,-99.8,-99.8,-99.8
2023-04-30 13:00:00,1005.5,22.9,84.0,1.9,218.0,4.3,224.0,0.0,-99.8,-99.8,-99.8,-99.8,-99.8,-99.8,-99.8
2023-04-30 14:00:00,1005.4,23.0,82.0,1.1,227.0,3.6,215.0,0.0,-99.8,-99.8,-99.8,-99.8,-99.8,-99.8,-99.8
2023-04-30 15:00:00,1005.1,22.5,83.0,0.6,265.0,4.8,226.0,0.0,-99.8,-99.8,-99.8,-99.8,-99.8,-99.8,-99.8
2023-04-30 16:00:00,1005.2,22.2,82.0,1.2,269.0,3.5,232.0,0.0,-99.8,-99.8,-99.8,-99.8,-99.8,-99.8,-99.8
2023-04-30 17:00:00,1005.9,21.9,86.0,0.6,262.0,4.0,233.0,0.0,-99.8,-99.8,-99.8,-99.8,-99.8,-99.8,-99.8
2023-04-30 18:00:00,1006.3,21.6,84.0,1.2,287.0,3.3,230.0,0.0,-99.8,-99.8,-99.8,-99.8,-99.8,-99.8,-99.8
2023-04-30 19:00:00,1006.7,21.5,87.0,0.2,0.0,3.2,289.0,0.0,-99.8,-99.8,-99.8,-99.8,-99.8,-99.8,-99.8
2023-04-30 20:00:00,1008.1,21.2,87.0,0.1,0.0,3.2,238.0,0.0,-99.8,-99.8,-99.8,-99.8,-99.8,-99.8,-99.8
2023-04-30 21:00:00,1008.9,21.3,85.0,0.2,0.0,2.3,226.0,0.0,-99.8,-99.8,-99.8,-99.8,-99.8,-99.8,-99.8
2023-04-30 22:00:00,1009.2,21.0,89.0,0.2,0.0,1.4,265.0,0.0,-99.8,-99.8,-99.8,-99.8,-99.8,-99.8,-99.8
2023-04-30 23:00:00,1009.2,20.6,90.0,0.3,343.0,1.5,268.0,0.0,-99.8,-99.8,-99.8,-99.8,-99.8,-99.8,-99.8
2023-05-01 00:00:00,1008.8,20.6,91.0,0.1,0.0,1.1,302.0,0.0,-99.8,-99.8,-99.8,-99.8,-99.8,-99.8,-99.8
2023-05-01 01:00:00,1008.2,20.6,91.0,0.2,0.0,0.9,343.0,0.0,-99.8,-99.8,-99.8,-99.8,-99.8,-99.8,-99.8
2023-05-01 02:00:00,1007.7,20.6,92.0,0.5,327.0,0.9,327.0,0.0,-99.8,-99.8,-99.8,-99.8,-99.8,-99.8,-99.8
2023-05-01 03:00:00,1007.2,20.6,92.0,0.2,0.0,0.9,340.0,0.0,-99.8,-99.8,-99.8,-99.8,-99.8,-99.8,-99.8
2023-05-01 04:00:00,1007.3,20.9,92.0,0.4,15.0,0.9,333.0,0.0,-99.8,-99.8,-99.8,-99.8,-99.8,-99.8,-99.8
2023-05-01 05:00:00,1007.4,20.7,91.0,0.1,0.0,1.0,26.0,0.0,-99.8,-99.8,-99.8,-99.8,-99.8,-99.8,-99.8
2023-05-01 06:00:00,1008.2,20.8,92.0,0.2,0.0,1.2,312.0,0.0,-99.8,-99.8,-99.8,-99.8,-99.8,-99.8,-99.8
2023-05-01 07:00:00,1009.2,21.1,91.0,0.3,329.0,1.1,264.0,0.0,-99.8,-99.8,-99.8,-99.8,-99.8,-99.8,-99.8
2023-05-01 08:00:00,1009.6,22.1,86.0,0.2,0.0,1.1,282.0,0.0,-99.8,-99.8,-99.8,-99.8,-99.8,-99.8,-99.8
2023-05-01 09:00:00,1009.9,22.6,79.0,2.0,243.0,5.1,227.0,0.0,-99.8,-99.8,-99.8,-99.8,-99.8,-99.8,-99.8
2023-05-01 10:00:00,1010.1,23.4,67.0,1.7,237.0,5.2,224.0,0.0,-99.8,-99.8,-99.8,-99.8,-99.8,-99.8,-99.8
2023-05-01 11:00:00,1010.1,23.5,66.0,3.4,225.0,6.9,218.0,0.0,-99.8,-99.8,-99.8,-99.8,-99.8,-99.8,-99.8
2023-05-01 12:00:00,1010.3,23.7,65.0,2.0,248.0,7.9,227.0,0.0,-99.8,-99.8,-99.8,-99.8,-99.8,-99.8,-99.8
2023-05-01 13:00:00,1009.6,24.1,63.0,3.6,247.0,9.1,230.0,0.0,-99.8,-99.8,-99.8,-99.8,-99.8,-99.8,-99.8
2023-05-01 14:00:00,1009.5,23.8,64.0,3.5,254.0,11.2,207.0,0.0,-99.8,-99.8,-99.8,-99.8,-99.8,-99.8,-99.8
2023-05-01 15:00:00,1009.3,23.7,66.0,3.9,240.0,9.2,230.0,0.0,-99.8,-99.8,-99.8,-99.8,-99.8,-99.8,-99.8
2023-05-01 16:00:00,1009.6,23.2,65.0,1.3,277.0,7.1,231.0,0.0,-99.8,-99.8,-99.8,-99.8,-99.8,-99.8,-99.8
2023-05-01 17:00:00,1009.9,23.1,67.0,1.5,250.0,4.3,235.0,0.0,-99.8,-99.8,-99.8,-99.8,-99.8,-99.8,-99.8
2023-05-01 18:00:00,1010.4,22.2,72.0,0.5,321.0,2.4,322.0,0.0,-99.8,-99.8,-99.8,-99.8,-99.8,-99.8,-99.8
2023-05-01 19:00:00,1010.9,21.3,78.0,0.7,346.0,1.3,341.0,0.0,-99.8,-99.8,-99.8,-99.8,-99.8,-99.8,-99.8
2023-05-01 20:00:00,1011.5,21.3,79.0,0.5,347.0,1.2,358.0,0.0,-99.8,-99.8,-99.8,-99.8,-99.8,-99.8,-99.8
2023-05-01 21:00:00,1012.1,21.2,80.0,0.5,347.0,1.5,5.0,0.0,-99.8,-99.8,-99.8,-99.8,-99.8,-99.8,-99.8
2023-05-01 22:00:00,1012.2,21.3,81.0,0.6,4.0,1.6,341.0,0.0,-99.8,-99.8,-99.8,-99.8,-99.8,-99.8,-99.8
2023-05-01 23:00:00,1011.5,21.4,81.0,0.6,3.0,1.7,7.0,0.0,-99.8,-99.8,-99.8,-99.8,-99.8,-99.8,-99.8
2023-05-02 00:00:00,1011.1,21.4,81.0,0.6,7.0,1.7,7.0,0.0,-99.8,-99.8,-99.8,-99.8,-99.8,-99.8,-99.8
2023-05-02 01:00:00,1010.4,21.6,80.0,0.6,347.0,1.9,289.0,0.0,-99.8,-99.8,-99.8,-99.8,-99.8,-99.8,-99.8
2023-05-02 02:00:00,1009.4,21.5,81.0,0.7,347.0,1.9,304.0,0.0,-99.8,-99.8,-99.8,-99.8,-99.8,-99.8,-99.8
2023-05-02 03:00:00,1009.5,21.4,83.0,0.6,341.0,1.3,330.0,0.0,-99.8,-99.8,-99.8,-99.8,-99.8,-99.8,-99.8
2023-05-02 04:00:00,1009.6,21.9,83.0,0.6,318.0,1.3,337.0,0.0,-99.8,-99.8,-99.8,-99.8,-99.8,-99.8,-99.8
2023-05-02 05:00:00,1009.9,21.8,83.0,0.6,341.0,1.6,257.0,0.0,-99.8,-99.8,-99.8,-99.8,-99.8,-99.8,-99.8
2023-05-02 06:00:00,1010.5,21.7,85.0,0.7,353.0,1.3,334.0,0.0,-99.8,-99.8,-99.8,-99.8,-99.8,-99.8,-99.8
2023-05-02 07:00:00,1010.8,23.2,82.0,0.2,0.0,1.4,311.0,0.0,-99.8,-99.8,-99.8,-99.8,-99.8,-99.8,-99.8
2023-05-02 08:00:00,1011.5,25.6,72.0,0.7,161.0,1.9,154.0,0.0,-99.8,-99.8,-99.8,-99.8,-99.8,-99.8,-99.8
2023-05-02 09:00:00,1011.8,27.9,64.0,0.9,140.0,1.9,155.0,0.0,-99.8,-99.8,-99.8,-99.8,-99.8,-99.8,-99.8
2023-05-02 10:00:00,1011.4,27.5,66.0,1.1,196.0,2.3,206.0,0.0,-99.8,-99.8,-99.8,-99.8,-99.8,-99.8,-99.8
2023-05-02 11:00:00,1011.1,28.3,63.0,1.1,192.0,2.3,158.0,0.0,-99.8,-99.8,-99.8,-99.8,-99.8,-99.8,-99.8
2023-05-02 12:00:00,1010.7,28.5,65.0,1.4,187.0,2.7,170.0,0.0,-99.8,-99.8,-99.8,-99.8,-99.8,-99.8,-99.8
2023-05-02 13:00:00,1010.1,27.1,70.0,0.8,186.0,2.7,139.0,0.0,-99.8,-99.8,-99.8,-99.8,-99.8,-99.8,-99.8
2023-05-02 14:00:00,1009.4,28.0,67.0,0.8,171.0,1.7,181.0,0.0,-99.8,-99.8,-99.8,-99.8,-99.8,-99.8,-99.8
2023-05-02 15:00:00,1009.0,26.7,77.0,0.8,179.0,1.7,226.0,0.0,-99.8,-99.8,-99.8,-99.8,-99.8,-99.8,-99.8
2023-05-02 16:00:00,1008.7,26.3,79.0,0.7,182.0,1.6,171.0,0.0,-99.8,-99.8,-99.8,-99.8,-99.8,-99.8,-99.8
2023-05-02 17:00:00,1008.8,25.5,86.0,1.4,202.0,3.1,227.0,0.0,-99.8,-99.8,-99.8,-99.8,-99.8,-99.8,-99.8
2023-05-02 18:00:00,1009.0,25.3,87.0,0.4,218.0,2.3,166.0,0.0,-99.8,-99.8,-99.8,-99.8,-99.8,-99.8,-99.8
2023-05-02 19:00:00,1009.3,24.7,90.0,0.2,0.0,1.1,259.0,0.0,-99.8,-99.8,-99.8,-99.8,-99.8,-99.8,-99.8
2023-05-02 20:00:00,1010.0,24.5,90.0,0.3,342.0,1.1,355.0,0.0,-99.8,-99.8,-99.8,-99.8,-99.8,-99.8,-99.8
2023-05-02 21:00:00,1010.8,24.5,91.0,0.4,345.0,1.0,285.0,0.0,-99.8,-99.8,-99.8,-99.8,-99.8,-99.8,-99.8
2023-05-02 22:00:00,1011.2,24.2,91.0,0.5,330.0,0.9,332.0,0.0,-99.8,-99.8,-99.8,-99.8,-99.8,-99.8,-99.8
2023-05-02 23:00:00,1011.2,24.1,90.0,0.7,3.0,1.3,323.0,0.0,-99.8,-99.8,-99.8,-99.8,-99.8,-99.8,-99.8
2023-05-03 00:00:00,1010.4,24.4,89.0,0.8,16.0,1.4,36.0,0.0,-99.8,-99.8,-99.8,-99.8,-99.8,-99.8,-99.8
2023-05-03 01:00:00,1010.0,24.2,91.0,0.4,8.0,0.8,332.0,0.0,-99.8,-99.8,-99.8,-99.8,-99.8,-99.8,-99.8
2023-05-03 02:00:00,1009.2,23.6,93.0,0.6,327.0,1.2,7.0,0.0,-99.8,-99.8,-99.8,-99.8,-99.8,-99.8,-99.8
2023-05-03 03:00:00,1008.6,23.9,91.0,0.6,330.0,1.6,28.0,0.0,-99.8,-99.8,-99.8,-99.8,-99.8,-99.8,-99.8
2023-05-03 04:00:00,1008.3,23.3,92.0,0.7,8.0,1.8,353.0,0.0,-99.8,-99.8,-99.8,-99.8,-99.8,-99.8,-99.8
2023-05-03 05:00:00,1008.5,23.5,89.0,0.9,11.0,1.6,17.0,0.0,-99.8,-99.8,-99.8,-99.8,-99.8,-99.8,-99.8
2023-05-03 06:00:00,1009.3,24.2,87.0,0.6,3.0,1.7,339.0,0.0,-99.8,-99.8,-99.8,-99.8,-99.8,-99.8,-99.8
2023-05-03 07:00:00,1009.5,25.8,78.0,1.4,243.0,2.5,229.0,0.0,-99.8,-99.8,-99.8,-99.8,-99.8,-99.8,-99.8
2023-05-03 08:00:00,1009.9,27.2,76.0,0.2,0.0,2.9,244.0,0.0,-99.8,-99.8,-99.8,-99.8,-99.8,-99.8,-99.8
2023-05-03 09:00:00,1009.8,29.2,69.0,1.0,151.0,2.0,42.0,0.0,-99.8,-99.8,-99.8,-99.8,-99.8,-99.8,-99.8
2023-05-03 10:00:00,1010.0,29.1,71.0,1.4,191.0,3.0,211.0,0.0,-99.8,-99.8,-99.8,-99.8,-99.8,-99.8,-99.8
2023-05-03 11:00:00,1009.9,29.3,72.0,1.6,195.0,3.2,210.0,0.0,-99.8,-99.8,-99.8,-99.8,-99.8,-99.8,-99.8
2023-05-03 12:00:00,1009.7,27.4,82.0,1.8,199.0,4.5,204.0,0.0,-99.8,-99.8,-99.8,-99.8,-99.8,-99.8,-99.8
2023-05-03 13:00:00,1008.9,26.4,88.0,3.2,205.0,6.6,205.0,0.0,-99.8,-99.8,-99.8,-99.8,-99.8,-99.8,-99.8
2023-05-03 14:00:00,1008.2,26.0,92.0,1.9,199.0,6.4,202.0,0.0,-99.8,-99.8,-99.8,-99.8,-99.8,-99.8,-99.8
2023-05-03 15:00:00,1007.6,25.5,94.0,0.8,338.0,3.2,209.0,1.5,-99.8,-99.8,-99.8,-99.8,-99.8,-99.8,-99.8
2023-05-03 16:00:00,1007.5,25.5,95.0,1.8,203.0,5.3,209.0,0.0,-99.8,-99.8,-99.8,-99.8,-99.8,-99.8,-99.8
2023-05-03 17:00:00,1007.4,25.3,97.0,1.9,212.0,5.7,208.0,2.5,-99.8,-99.8,-99.8,-99.8,-99.8,-99.8,-99.8
2023-05-03 18:00:00,1007.9,24.5,95.0,1.5,35.0,4.8,175.0,13.5,-99.8,-99.8,-99.8,-99.8,-99.8,-99.8,-99.8
2023-05-03 19:00:00,1008.3,24.8,98.0,0.6,196.0,4.0,205.0,0.5,-99.8,-99.8,-99.8,-99.8,-99.8,-99.8,-99.8
2023-05-03 20:00:00,1008.8,25.1,98.0,2.8,209.0,5.5,219.0,1.0,-99.8,-99.8,-99.8,-99.8,-99.8,-99.8,-99.8
2023-05-03 21:00:00,1008.8,24.9,97.0,0.9,21.0,6.2,222.0,0.5,-99.8,-99.8,-99.8,-99.8,-99.8,-99.8,-99.8
2023-05-03 22:00:00,1008.9,24.7,95.0,1.2,29.0,4.5,32.0,0.0,-99.8,-99.8,-99.8,-99.8,-99.8,-99.8,-99.8
2023-05-03 23:00:00,1008.5,25.2,92.0,1.3,97.0,4.5,173.0,0.0,-99.8,-99.8,-99.8,-99.8,-99.8,-99.8,-99.8
2023-05-04 00:00:00,1007.6,24.3,95.0,0.7,7.0,5.1,133.0,0.0,-99.8,-99.8,-99.8,-99.8,-99.8,-99.8,-99.8
2023-05-04 01:00:00,1007.1,23.9,97.0,0.4,354.0,1.8,19.0,0.0,-99.8,-99.8,-99.8,-99.8,-99.8,-99.8,-99.8
2023-05-04 02:00:00,1006.3,24.2,95.0,0.6,5.0,2.1,20.0,0.0,-99.8,-99.8,-99.8,-99.8,-99.8,-99.8,-99.8
2023-05-04 03:00:00,1005.7,24.2,94.0,0.5,341.0,3.3,5.0,0.0,-99.8,-99.8,-99.8,-99.8,-99.8,-99.8,-99.8
2023-05-04 04:00:00,1005.4,23.8,95.0,0.7,303.0,2.2,11.0,0.0,-99.8,-99.8,-99.8,-99.8,-99.8,-99.8,-99.8
2023-05-04 05:00:00,1005.6,24.0,94.0,1.1,16.0,2.6,29.0,0.0,-99.8,-99.8,-99.8,-99.8,-99.8,-99.8,-99.8
2023-05-04 06:00:00,1006.1,24.4,92.0,0.6,322.0,3.1,26.0,0.0,-99.8,-99.8,-99.8,-99.8,-99.8,-99.8,-99.8
2023-05-04 07:00:00,1006.6,25.3,92.0,0.3,13.0,1.7,360.0,0.0,-99.8,-99.8,-99.8,-99.8,-99.8,-99.8,-99.8
2023-05-04 08:00:00,1006.8,27.2,80.0,0.3,142.0,2.5,225.0,0.0,-99.8,-99.8,-99.8,-99.8,-99.8,-99.8,-99.8
2023-05-04 09:00:00,1007.1,28.2,81.0,2.1,196.0,3.9,213.0,0.0,-99.8,-99.8,-99.8,-99.8,-99.8,-99.8,-99.8
2023-05-04 10:00:00,1007.0,27.8,81.0,2.1,198.0,4.9,223.0,0.0,-99.8,-99.8,-99.8,-99.8,-99.8,-99.8,-99.8
2023-05-04 11:00:00,1006.5,26.9,86.0,0.9,208.0,5.2,223.0,0.0,-99.8,-99.8,-99.8,-99.8,-99.8,-99.8,-99.8
2023-05-04 12:00:00,1005.5,26.9,88.0,1.7,199.0,4.6,214.0,0.0,-99.8,-99.8,-99.8,-99.8,-99.8,-99.8,-99.8
2023-05-04 13:00:00,1004.6,26.9,87.0,2.2,196.0,4.6,221.0,0.0,-99.8,-99.8,-99.8,-99.8,-99.8,-99.8,-99.8
2023-05-04 14:00:00,1003.7,26.4,90.0,2.3,202.0,5.7,229.0,0.0,-99.8,-99.8,-99.8,-99.8,-99.8,-99.8,-99.8
2023-05-04 15:00:00,1003.1,26.2,90.0,1.2,235.0,6.1,221.0,0.0,-99.8,-99.8,-99.8,-99.8,-99.8,-99.8,-99.8
2023-05-04 16:00:00,1002.9,26.1,92.0,2.7,225.0,7.7,214.0,0.0,-99.8,-99.8,-99.8,-99.8,-99.8,-99.8,-99.8
2023-05-04 17:00:00,1003.0,25.7,95.0,1.2,250.0,5.3,230.0,1.0,-99.8,-99.8,-99.8,-99.8,-99.8,-99.8,-99.8
2023-05-04 18:00:00,1003.1,25.5,97.0,2.7,223.0,6.3,238.0,4.0,-99.8,-99.8,-99.8,-99.8,-99.8,-99.8,-99.8
2023-05-04 19:00:00,1003.2,25.5,97.0,1.8,220.0,6.1,232.0,3.5,-99.8,-99.8,-99.8,-99.8,-99.8,-99.8,-99.8
2023-05-04 20:00:00,1003.6,25.1,97.0,2.5,223.0,6.4,207.0,14.5,-99.8,-99.8,-99.8,-99.8,-99.8,-99.8,-99.8
2023-05-04 21:00:00,1004.0,25.1,94.0,2.0,55.0,7.6,207.0,10.5,-99.8,-99.8,-99.8,-99.8,-99.8,-99.8,-99.8
2023-05-04 22:00:00,1004.1,24.7,90.0,1.9,25.0,6.5,14.0,0.0,-99.8,-99.8,-99.8,-99.8,-99.8,-99.8,-99.8
2023-05-04 23:00:00,1003.5,25.2,91.0,1.9,55.0,7.9,27.0,0.5,-99.8,-99.8,-99.8,-99.8,-99.8,-99.8,-99.8
2023-05-05 00:00:00,1002.8,24.4,90.0,0.9,353.0,6.2,92.0,0.0,-99.8,-99.8,-99.8,-99.8,-99.8,-99.8,-99.8
2023-05-05 01:00:00,1002.4,24.4,90.0,1.2,359.0,3.7,5.0,0.0,-99.8,-99.8,-99.8,-99.8,-99.8,-99.8,-99.8
2023-05-05 02:00:00,1001.5,24.5,86.0,1.0,5.0,3.1,19.0,0.0,-99.8,-99.8,-99.8,-99.8,-99.8,-99.8,-99.8
2023-05-05 03:00:00,1001.5,24.0,89.0,1.2,6.0,3.1,360.0,0.0,-99.8,-99.8,-99.8,-99.8,-99.8,-99.8,-99.8
2023-05-05 04:00:00,1001.7,24.6,86.0,0.8,332.0,3.4,357.0,0.0,-99.8,-99.8,-99.8,-99.8,-99.8,-99.8,-99.8
2023-05-05 05:00:00,1001.6,23.9,91.0,0.9,5.0,2.5,18.0,0.0,-99.8,-99.8,-99.8,-99.8,-99.8,-99.8,-99.8
2023-05-05 06:00:00,1001.8,23.9,89.0,0.7,360.0,2.5,356.0,0.0,-99.8,-99.8,-99.8,-99.8,-99.8,-99.8,-99.8
2023-05-05 07:00:00,1002.1,25.6,82.0,0.9,3.0,3.2,4.0,0.0,-99.8,-99.8,-99.8,-99.8,-99.8,-99.8,-99.8
2023-05-05 08:00:00,1001.9,28.2,72.0,0.8,13.0,3.9,214.0,0.0,-99.8,-99.8,-99.8,-99.8,-99.8,-99.8,-99.8
2023-05-05 09:00:00,1001.9,28.7,74.0,1.9,200.0,4.9,210.0,0.0,-99.8,-99.8,-99.8,-99.8,-99.8,-99.8,-99.8
2023-05-05 10:00:00,1002.0,28.9,75.0,2.3,190.0,5.5,198.0,0.0,-99.8,-99.8,-99.8,-99.8,-99.8,-99.8,-99.8
2023-05-05 11:00:00,1001.9,29.1,71.0,1.6,190.0,6.8,207.0,0.0,-99.8,-99.8,-99.8,-99.8,-99.8,-99.8,-99.8
2023-05-05 12:00:00,1001.1,27.4,83.0,1.2,189.0,6.5,214.0,0.0,-99.8,-99.8,-99.8,-99.8,-99.8,-99.8,-99.8
2023-05-05 13:00:00,1000.1,26.7,88.0,2.8,198.0,6.8,202.0,0.0,-99.8,-99.8,-99.8,-99.8,-99.8,-99.8,-99.8
2023-05-05 14:00:00,999.4,26.3,94.0,1.1,193.0,6.1,206.0,0.0,-99.8,-99.8,-99.8,-99.8,-99.8,-99.8,-99.8
2023-05-05 15:00:00,999.0,26.2,95.0,1.0,180.0,5.4,225.0,0.5,-99.8,-99.8,-99.8,-99.8,-99.8,-99.8,-99.8
2023-05-05 16:00:00,999.0,26.4,96.0,1.2,193.0,5.1,234.0,0.0,-99.8,-99.8,-99.8,-99.8,-99.8,-99.8,-99.8
2023-05-05 17:00:00,999.0,26.2,97.0,2.5,228.0,4.8,237.0,1.0,-99.8,-99.8,-99.8,-99.8,-99.8,-99.8,-99.8
2023-05-05 18:00:00,999.0,26.3,97.0,2.0,209.0,5.4,214.0,4.5,-99.8,-99.8,-99.8,-99.8,-99.8,-99.8,-99.8
2023-05-05 19:00:00,999.5,26.2,98.0,2.5,207.0,6.9,199.0,2.0,-99.8,-99.8,-99.8,-99.8,-99.8,-99.8,-99.8
2023-05-05 20:00:00,999.8,26.3,98.0,0.9,227.0,7.8,225.0,0.5,-99.8,-99.8,-99.8,-99.8,-99.8,-99.8,-99.8
2023-05-05 21:00:00,1000.2,26.2,98.0,0.6,135.0,4.0,216.0,0.0,-99.8,-99.8,-99.8,-99.8,-99.8,-99.8,-99.8
2023-05-05 22:00:00,1000.4,26.1,98.0,0.6,4.0,3.9,244.0,0.0,-99.8,-99.8,-99.8,-99.8,-99.8,-99.8,-99.8
2023-05-05 23:00:00,1000.2,26.3,95.0,0.5,345.0,4.1,167.0,0.0,-99.8,-99.8,-99.8,-99.8,-99.8,-99.8,-99.8
2023-05-06 00:00:00,999.6,25.7,97.0,0.5,324.0,2.3,339.0,0.0,-99.8,-99.8,-99.8,-99.8,-99.8,-99.8,-99.8
2023-05-06 01:00:00,999.3,25.5,97.0,0.7,3.0,2.5,323.0,0.0,-99.8,-99.8,-99.8,-99.8,-99.8,-99.8,-99.8
2023-05-06 02:00:00,998.8,25.2,97.0,0.7,348.0,2.4,26.0,0.0,-99.8,-99.8,-99.8,-99.8,-99.8,-99.8,-99.8
2023-05-06 03:00:00,998.7,24.9,97.0,0.9,16.0,1.6,18.0,0.0,-99.8,-99.8,-99.8,-99.8,-99.8,-99.8,-99.8
2023-05-06 04:00:00,998.8,24.7,97.0,0.5,354.0,1.9,3.0,0.0,-99.8,-99.8,-99.8,-99.8,-99.8,-99.8,-99.8
2023-05-06 05:00:00,999.2,24.6,97.0,0.9,6.0,1.7,329.0,0.0,-99.8,-99.8,-99.8,-99.8,-99.8,-99.8,-99.8
2023-05-06 06:00:00,999.5,24.6,97.0,0.7,2.0,1.6,349.0,0.0,-99.8,-99.8,-99.8,-99.8,-99.8,-99.8,-99.8
2023-05-06 07:00:00,999.6,25.7,91.0,0.8,264.0,1.7,357.0,0.0,-99.8,-99.8,-99.8,-99.8,-99.8,-99.8,-99.8
2023-05-06 08:00:00,999.7,27.9,83.0,0.5,79.0,1.7,11.0,0.0,-99.8,-99.8,-99.8,-99.8,-99.8,-99.8,-99.8
2023-05-06 09:00:00,999.9,30.5,71.0,0.9,187.0,2.4,170.0,0.0,-99.8,-99.8,-99.8,-99.8,-99.8,-99.8,-99.8
2023-05-06 10:00:00,1000.0,30.4,68.0,1.7,196.0,3.2,206.0,0.0,-99.8,-99.8,-99.8,-99.8,-99.8,-99.8,-99.8
2023-05-06 11:00:00,1000.3,28.5,77.0,1.3,54.0,3.5,235.0,0.0,-99.8,-99.8,-99.8,-99.8,-99.8,-99.8,-99.8
2023-05-06 12:00:00,1000.0,30.1,74.0,1.4,196.0,3.4,204.0,0.0,-99.8,-99.8,-99.8,-99.8,-99.8,-99.8,-99.8
2023-05-06 13:00:00,999.3,27.6,87.0,0.7,141.0,3.1,210.0,0.0,-99.8,-99.8,-99.8,-99.8,-99.8,-99.8,-99.8
2023-05-06 14:00:00,998.4,30.1,78.0,0.8,173.0,2.5,214.0,0.0,-99.8,-99.8,-99.8,-99.8,-99.8,-99.8,-99.8
2023-05-06 15:00:00,998.1,26.3,96.0,0.4,84.0,4.0,166.0,17.5,-99.8,-99.8,-99.8,-99.8,-99.8,-99.8,-99.8
2023-05-06 16:00:00,997.6,26.4,98.0,1.9,215.0,4.0,119.0,2.0,-99.8,-99.8,-99.8,-99.8,-99.8,-99.8,-99.8
2023-05-06 17:00:00,997.8,26.4,98.0,1.5,184.0,4.0,227.0,0.0,-99.8,-99.8,-99.8,-99.8,-99.8,-99.8,-99.8
2023-05-06 18:00:00,997.8,26.4,98.0,2.0,218.0,4.5,244.0,4.5,-99.8,-99.8,-99.8,-99.8,-99.8,-99.8,-99.8
2023-05-06 19:00:00,998.0,26.4,98.0,1.8,225.0,6.2,239.0,2.5,-99.8,-99.8,-99.8,-99.8,-99.8,-99.8,-99.8
2023-05-06 20:00:00,998.7,26.5,98.0,2.3,210.0,7.0,222.0,0.5,-99.8,-99.8,-99.8,-99.8,-99.8,-99.8,-99.8
2023-05-06 21:00:00,999.4,26.4,98.0,0.5,2.0,4.5,229.0,0.0,-99.8,-99.8,-99.8,-99.8,-99.8,-99.8,-99.8
2023-05-06 22:00:00,999.5,26.0,99.0,0.4,6.0,1.9,28.0,7.0,-99.8,-99.8,-99.8,-99.8,-99.8,-99.8,-99.8
2023-05-06 23:00:00,998.9,25.8,99.0,0.5,354.0,1.7,351.0,0.5,-99.8,-99.8,-99.8,-99.8,-99.8,-99.8,-99.8
2023-05-07 00:00:00,998.3,25.4,100.0,0.6,1.0,1.3,23.0,1.5,-99.8,-99.8,-99.8,-99.8,-99.8,-99.8,-99.8
2023-05-07 01:00:00,998.2,25.4,100.0,0.5,347.0,2.3,21.0,0.0,-99.8,-99.8,-99.8,-99.8,-99.8,-99.8,-99.8
2023-05-07 02:00:00,998.4,25.3,99.0,0.1,0.0,1.4,260.0,2.0,-99.8,-99.8,-99.8,-99.8,-99.8,-99.8,-99.8
2023-05-07 03:00:00,998.5,24.7,99.0,0.2,0.0,2.9,252.0,2.5,-99.8,-99.8,-99.8,-99.8,-99.8,-99.8,-99.8
2023-05-07 04:00:00,998.2,24.5,99.0,0.5,248.0,6.1,203.0,0.5,-99.8,-99.8,-99.8,-99.8,-99.8,-99.8,-99.8
2023-05-07 05:00:00,997.3,24.1,98.0,0.9,15.0,4.0,209.0,0.0,-99.8,-99.8,-99.8,-99.8,-99.8,-99.8,-99.8
2023-05-07 06:00:00,997.0,23.3,98.0,0.9,359.0,3.2,3.0,0.5,-99.8,-99.8,-99.8,-99.8,-99.8,-99.8,-99.8
2023-05-07 07:00:00,997.7,23.6,96.0,0.9,9.0,3.2,3.0,0.0,-99.8,-99.8,-99.8,-99.8,-99.8,-99.8,-99.8
2023-05-07 08:00:00,998.2,23.7,93.0,1.1,357.0,2.9,329.0,0.0,-99.8,-99.8,-99.8,-99.8,-99.8,-99.8,-99.8
2023-05-07 09:00:00,999.4,24.5,90.0,1.1,347.0,2.8,330.0,0.0,-99.8,-99.8,-99.8,-99.8,-99.8,-99.8,-99.8
2023-05-07 10:00:00,999.9,24.8,92.0,0.9,355.0,2.0,314.0,0.0,-99.8,-99.8,-99.8,-99.8,-99.8,-99.8,-99.8
2023-05-07 11:00:00,999.4,26.1,90.0,0.4,3.0,1.9,246.0,0.0,-99.8,-99.8,-99.8,-99.8,-99.8,-99.8,-99.8
2023-05-07 12:00:00,999.3,27.4,87.0,1.1,191.0,4.6,214.0,0.0,-99.8,-99.8,-99.8,-99.8,-99.8,-99.8,-99.8
2023-05-07 13:00:00,998.9,27.0,84.0,0.8,198.0,2.7,227.0,0.0,-99.8,-99.8,-99.8,-99.8,-99.8,-99.8,-99.8
2023-05-07 14:00:00,998.3,26.7,83.0,1.0,236.0,4.4,234.0,0.0,-99.8,-99.8,-99.8,-99.8,-99.8,-99.8,-99.8
2023-05-07 15:00:00,998.8,25.6,87.0,1.1,254.0,4.7,239.0,0.0,-99.8,-99.8,-99.8,-99.8,-99.8,-99.8,-99.8
2023-05-07 16:00:00,999.1,25.4,88.0,1.2,226.0,3.8,239.0,0.0,-99.8,-99.8,-99.8,-99.8,-99.8,-99.8,-99.8
2023-05-07 17:00:00,999.3,24.6,88.0,0.6,226.0,4.3,238.0,0.0,-99.8,-99.8,-99.8,-99.8,-99.8,-99.8,-99.8
2023-05-07 18:00:00,1000.2,23.6,88.0,2.3,242.0,5.7,231.0,0.0,-99.8,-99.8,-99.8,-99.8,-99.8,-99.8,-99.8
2023-05-07 19:00:00,1001.2,23.2,89.0,0.6,241.0,5.0,296.0,0.0,-99.8,-99.8,-99.8,-99.8,-99.8,-99.8,-99.8
2023-05-07 20:00:00,1002.0,23.0,87.0,1.9,231.0,3.6,266.0,0.0,-99.8,-99.8,-99.8,-99.8,-99.8,-99.8,-99.8
2023-05-07 21:00:00,1003.0,22.5,87.0,1.6,278.0,4.9,267.0,0.0,-99.8,-99.8,-99.8,-99.8,-99.8,-99.8,-99.8
2023-05-07 22:00:00,1004.3,21.6,94.0,0.5,226.0,4.3,296.0,0.0,-99.8,-99.8,-99.8,-99.8,-99.8,-99.8,-99.8
2023-05-07 23:00:00,1004.3,20.9,97.0,0.5,251.0,1.8,240.0,0.5,-99.8,-99.8,-99.8,-99.8,-99.8,-99.8,-99.8
2023-05-08 00:00:00,1004.0,20.9,97.0,0.4,292.0,2.7,235.0,3.0,-99.8,-99.8,-99.8,-99.8,-99.8,-99.8,-99.8
2023-05-08 01:00:00,1004.2,20.6,96.0,0.3,279.0,2.5,239.0,0.5,-99.8,-99.8,-99.8,-99.8,-99.8,-99.8,-99.8
2023-05-08 02:00:00,1004.1,20.4,98.0,0.3,314.0,1.3,221.0,0.5,-99.8,-99.8,-99.8,-99.8,-99.8,-99.8,-99.8
2023-05-08 03:00:00,1003.2,20.0,98.0,0.5,331.0,1.1,268.0,0.5,-99.8,-99.8,-99.8,-99.8,-99.8,-99.8,-99.8
2023-05-08 04:00:00,1002.8,20.4,98.0,0.4,299.0,1.0,322.0,0.0,-99.8,-99.8,-99.8,-99.8,-99.8,-99.8,-99.8
2023-05-08 05:00:00,1003.2,20.1,98.0,0.5,354.0,1.1,16.0,0.0,-99.8,-99.8,-99.8,-99.8,-99.8,-99.8,-99.8
2023-05-08 06:00:00,1003.9,20.2,98.0,0.5,326.0,1.3,297.0,0.0,-99.8,-99.8,-99.8,-99.8,-99.8,-99.8,-99.8
2023-05-08 07:00:00,1004.9,19.9,97.0,0.2,0.0,1.3,320.0,0.0,-99.8,-99.8,-99.8,-99.8,-99.8,-99.8,-99.8
2023-05-08 08:00:00,1005.1,20.1,97.0,0.5,16.0,1.2,360.0,0.5,-99.8,-99.8,-99.8,-99.8,-99.8,-99.8,-99.8
2023-05-08 09:00:00,1005.8,20.5,96.0,0.3,182.0,1.5,76.0,1.5,-99.8,-99.8,-99.8,-99.8,-99.8,-99.8,-99.8
2023-05-08 10:00:00,1006.0,21.0,94.0,0.7,229.0,2.2,240.0,0.0,-99.8,-99.8,-99.8,-99.8,-99.8,-99.8,-99.8
2023-05-08 11:00:00,1006.1,21.1,91.0,1.7,235.0,4.8,206.0,0.0,-99.8,-99.8,-99.8,-99.8,-99.8,-99.8,-99.8
2023-05-08 12:00:00,1006.2,20.8,90.0,0.5,273.0,3.7,233.0,0.0,-99.8,-99.8,-99.8,-99.8,-99.8,-99.8,-99.8
2023-05-08 13:00:00,1006.0,21.7,89.0,0.3,27.0,2.0,215.0,0.0,-99.8,-99.8,-99.8,-99.8,-99.8,-99.8,-99.8
2023-05-08 14:00:00,1005.6,22.6,85.0,0.3,114.0,1.9,169.0,0.0,-99.8,-99.8,-99.8,-99.8,-99.8,-99.8,-99.8
2023-05-08 15:00:00,1005.3,22.9,85.0,1.2,191.0,2.5,163.0,0.0,-99.8,-99.8,-99.8,-99.8,-99.8,-99.8,-99.8
2023-05-08 16:00:00,1005.2,22.6,82.0,0.6,193.0,2.5,198.0,0.0,-99.8,-99.8,-99.8,-99.8,-99.8,-99.8,-99.8
2023-05-08 17:00:00,1005.3,22.4,85.0,1.2,2.0,2.8,154.0,0.0,-99.8,-99.8,-99.8,-99.8,-99.8,-99.8,-99.8
2023-05-08 18:00:00,1005.7,21.9,89.0,0.4,332.0,2.4,251.0,0.0,-99.8,-99.8,-99.8,-99.8,-99.8,-99.8,-99.8
2023-05-08 19:00:00,1006.0,21.2,90.0,0.3,340.0,2.8,270.0,0.0,-99.8,-99.8,-99.8,-99.8,-99.8,-99.8,-99.8
2023-05-08 20:00:00,1006.5,21.1,90.0,0.4,295.0,1.9,286.0,0.0,-99.8,-99.8,-99.8,-99.8,-99.8,-99.8,-99.8
2023-05-08 21:00:00,1007.2,20.8,91.0,0.4,340.0,1.5,280.0,0.0,-99.8,-99.8,-99.8,-99.8,-99.8,-99.8,-99.8
2023-05-08 22:00:00,1007.6,20.7,92.0,0.2,0.0,0.9,304.0,0.0,-99.8,-99.8,-99.8,-99.8,-99.8,-99.8,-99.8
2023-05-08 23:00:00,1007.4,20.6,91.0,0.4,320.0,1.0,306.0,0.0,-99.8,-99.8,-99.8,-99.8,-99.8,-99.8,-99.8
2023-05-09 00:00:00,1007.2,20.6,91.0,0.2,0.0,1.1,17.0,0.0,-99.8,-99.8,-99.8,-99.8,-99.8,-99.8,-99.8
2023-05-09 01:00:00,1006.9,20.5,93.0,0.9,11.0,2.0,25.0,0.0,-99.8,-99.8,-99.8,-99.8,-99.8,-99.8,-99.8
2023-05-09 02:00:00,1006.7,20.3,92.0,0.5,346.0,2.0,28.0,0.0,-99.8,-99.8,-99.8,-99.8,-99.8,-99.8,-99.8
2023-05-09 03:00:00,1006.9,20.1,92.0,0.5,327.0,1.3,24.0,0.0,-99.8,-99.8,-99.8,-99.8,-99.8,-99.8,-99.8
2023-05-09 04:00:00,1006.9,20.0,94.0,0.4,5.0,1.3,24.0,0.0,-99.8,-99.8,-99.8,-99.8,-99.8,-99.8,-99.8
2023-05-09 05:00:00,1007.0,19.9,93.0,0.4,348.0,1.1,355.0,0.0,-99.8,-99.8,-99.8,-99.8,-99.8,-99.8,-99.8
2023-05-09 06:00:00,1007.6,20.2,92.0,0.3,335.0,1.2,312.0,0.0,-99.8,-99.8,-99.8,-99.8,-99.8,-99.8,-99.8
2023-05-09 07:00:00,1008.2,20.9,89.0,0.2,0.0,1.5,6.0,0.0,-99.8,-99.8,-99.8,-99.8,-99.8,-99.8,-99.8
2023-05-09 08:00:00,1008.4,20.8,87.0,0.9,19.0,2.1,43.0,0.0,-99.8,-99.8,-99.8,-99.8,-99.8,-99.8,-99.8
2023-05-09 09:00:00,1008.4,21.7,79.0,1.0,23.0,2.7,20.0,0.0,-99.8,-99.8,-99.8,-99.8,-99.8,-99.8,-99.8
2023-05-09 10:00:00,1008.6,21.8,77.0,0.8,27.0,2.7,36.0,0.0,-99.8,-99.8,-99.8,-99.8,-99.8,-99.8,-99.8
2023-05-09 11:00:00,1008.2,22.2,73.0,1.0,311.0,3.2,34.0,0.0,-99.8,-99.8,-99.8,-99.8,-99.8,-99.8,-99.8
2023-05-09 12:00:00,1008.1,22.3,71.0,1.5,281.0,4.9,282.0,0.0,-99.8,-99.8,-99.8,-99.8,-99.8,-99.8,-99.8
2023-05-09 13:00:00,1007.7,22.2,71.0,1.9,263.0,6.1,233.0,0.0,-99.8,-99.8,-99.8,-99.8,-99.8,-99.8,-99.8
2023-05-09 14:00:00,1007.2,22.1,73.0,1.8,264.0,4.6,299.0,0.0,-99.8,-99.8,-99.8,-99.8,-99.8,-99.8,-99.8
2023-05-09 15:00:00,1006.7,22.1,71.0,2.0,254.0,6.6,233.0,0.0,-99.8,-99.8,-99.8,-99.8,-99.8,-99.8,-99.8
2023-05-09 16:00:00,1006.9,21.6,72.0,1.0,278.0,7.3,236.0,0.0,-99.8,-99.8,-99.8,-99.8,-99.8,-99.8,-99.8
2023-05-09 17:00:00,1007.2,21.1,72.0,0.8,299.0,3.2,279.0,0.0,-99.8,-99.8,-99.8,-99.8,-99.8,-99.8,-99.8
2023-05-09 18:00:00,1007.3,21.0,74.0,0.8,21.0,3.1,26.0,0.0,-99.8,-99.8,-99.8,-99.8,-99.8,-99.8,-99.8
2023-05-09 19:00:00,1007.9,20.5,75.0,0.5,344.0,2.3,32.0,0.0,-99.8,-99.8,-99.8,-99.8,-99.8,-99.8,-99.8
2023-05-09 20:00:00,1008.6,19.9,83.0,0.4,314.0,0.8,308.0,0.0,-99.8,-99.8,-99.8,-99.8,-99.8,-99.8,-99.8
2023-05-09 21:00:00,1009.3,19.9,85.0,0.4,336.0,0.9,328.0,0.0,-99.8,-99.8,-99.8,-99.8,-99.8,-99.8,-99.8
2023-05-09 22:00:00,1009.7,20.0,82.0,0.5,356.0,2.0,20.0,0.0,-99.8,-99.8,-99.8,-99.8,-99.8,-99.8,-99.8
2023-05-09 23:00:00,1009.5,19.8,85.0,0.4,353.0,1.2,360.0,0.0,-99.8,-99.8,-99.8,-99.8,-99.8,-99.8,-99.8
2023-05-10 00:00:00,1009.3,19.9,83.0,0.4,319.0,1.2,2.0,0.0,-99.8,-99.8,-99.8,-99.8,-99.8,-99.8,-99.8
2023-05-10 01:00:00,1008.9,19.8,83.0,0.5,9.0,1.1,344.0,0.0,-99.8,-99.8,-99.8,-99.8,-99.8,-99.8,-99.8
2023-05-10 02:00:00,1008.6,19.7,83.0,0.3,339.0,1.3,14.0,0.0,-99.8,-99.8,-99.8,-99.8,-99.8,-99.8,-99.8
2023-05-10 03:00:00,1008.3,19.3,87.0,0.6,10.0,1.2,19.0,0.0,-99.8,-99.8,-99.8,-99.8,-99.8,-99.8,-99.8
2023-05-10 04:00:00,1008.1,18.8,87.0,0.8,13.0,1.6,21.0,0.0,-99.8,-99.8,-99.8,-99.8,-99.8,-99.8,-99.8
2023-05-10 05:00:00,1008.5,18.7,86.0,0.8,10.0,1.8,11.0,0.0,-99.8,-99.8,-99.8,-99.8,-99.8,-99.8,-99.8
2023-05-10 06:00:00,1009.0,18.9,83.0,0.9,14.0,2.0,14.0,0.0,-99.8,-99.8,-99.8,-99.8,-99.8,-99.8,-99.8
2023-05-10 07:00:00,1009.5,20.3,79.0,0.9,14.0,1.7,14.0,0.0,-99.8,-99.8,-99.8,-99.8,-99.8,-99.8,-99.8
2023-05-10 08:00:00,1009.4,22.7,68.0,0.3,160.0,3.3,219.0,0.0,-99.8,-99.8,-99.8,-99.8,-99.8,-99.8,-99.8
2023-05-10 09:00:00,1009.7,22.6,71.0,0.4,344.0,5.4,221.0,0.0,-99.8,-99.8,-99.8,-99.8,-99.8,-99.8,-99.8
2023-05-10 10:00:00,1009.6,22.4,68.0,2.3,207.0,4.8,213.0,0.0,-99.8,-99.8,-99.8,-99.8,-99.8,-99.8,-99.8
2023-05-10 11:00:00,1009.3,22.5,69.0,3.2,228.0,6.6,218.0,0.0,-99.8,-99.8,-99.8,-99.8,-99.8,-99.8,-99.8
2023-05-10 12:00:00,1008.9,22.5,69.0,3.5,228.0,7.2,245.0,0.0,-99.8,-99.8,-99.8,-99.8,-99.8,-99.8,-99.8
2023-05-10 13:00:00,1008.5,22.8,69.0,0.7,267.0,5.8,231.0,0.0,-99.8,-99.8,-99.8,-99.8,-99.8,-99.8,-99.8
2023-05-10 14:00:00,1007.7,23.1,70.0,0.6,37.0,3.2,232.0,0.0,-99.8,-99.8,-99.8,-99.8,-99.8,-99.8,-99.8
2023-05-10 15:00:00,1007.6,23.2,67.0,0.5,235.0,1.8,250.0,0.0,-99.8,-99.8,-99.8,-99.8,-99.8,-99.8,-99.8
2023-05-10 16:00:00,1007.7,23.0,73.0,0.2,0.0,1.6,289.0,0.0,-99.8,-99.8,-99.8,-99.8,-99.8,-99.8,-99.8
2023-05-10 17:00:00,1007.6,22.8,72.0,0.5,331.0,1.4,267.0,0.0,-99.8,-99.8,-99.8,-99.8,-99.8,-99.8,-99.8
2023-05-10 18:00:00,1008.0,21.8,77.0,0.4,353.0,1.1,29.0,0.0,-99.8,-99.8,-99.8,-99.8,-99.8,-99.8,-99.8
2023-05-10 19:00:00,1008.7,21.5,80.0,0.7,349.0,1.3,360.0,0.0,-99.8,-99.8,-99.8,-99.8,-99.8,-99.8,-99.8
2023-05-10 20:00:00,1009.4,20.5,84.0,0.7,360.0,1.6,30.0,0.0,-99.8,-99.8,-99.8,-99.8,-99.8,-99.8,-99.8
2023-05-10 21:00:00,1009.6,20.3,83.0,1.0,15.0,1.8,4.0,0.0,-99.8,-99.8,-99.8,-99.8,-99.8,-99.8,-99.8
2023-05-10 22:00:00,1009.9,20.2,83.0,1.0,12.0,1.9,8.0,0.0,-99.8,-99.8,-99.8,-99.8,-99.8,-99.8,-99.8
2023-05-10 23:00:00,1009.5,20.0,81.0,1.0,13.0,2.4,18.0,0.0,-99.8,-99.8,-99.8,-99.8,-99.8,-99.8,-99.8
2023-05-11 00:00:00,1009.2,20.1,79.0,1.1,15.0,2.1,30.0,0.0,-99.8,-99.8,-99.8,-99.8,-99.8,-99.8,-99.8
2023-05-11 01:00:00,1008.5,19.9,77.0,1.1,15.0,2.6,4.0,0.0,-99.8,-99.8,-99.8,-99.8,-99.8,-99.8,-99.8
2023-05-11 02:00:00,1008.1,19.7,72.0,1.1,360.0,2.8,359.0,0.0,-99.8,-99.8,-99.8,-99.8,-99.8,-99.8,-99.8
2023-05-11 03:00:00,1007.8,19.8,71.0,1.0,351.0,2.5,360.0,0.0,-99.8,-99.8,-99.8,-99.8,-99.8,-99.8,-99.8
2023-05-11 04:00:00,1007.9,20.3,64.0,1.0,336.0,2.0,358.0,0.0,-99.8,-99.8,-99.8,-99.8,-99.8,-99.8,-99.8
2023-05-11 05:00:00,1008.4,19.8,68.0,0.8,357.0,1.9,359.0,0.0,-99.8,-99.8,-99.8,-99.8,-99.8,-99.8,-99.8
2023-05-11 06:00:00,1008.8,20.4,70.0,0.9,356.0,1.6,326.0,0.0,-99.8,-99.8,-99.8,-99.8,-99.8,-99.8,-99.8
2023-05-11 07:00:00,1009.6,22.1,73.0,0.5,6.0,1.7,2.0,0.0,-99.8,-99.8,-99.8,-99.8,-99.8,-99.8,-99.8
2023-05-11 08:00:00,1009.9,23.1,73.0,0.5,16.0,1.1,26.0,0.0,-99.8,-99.8,-99.8,-99.8,-99.8,-99.8,-99.8
2023-05-11 09:00:00,1010.2,25.9,56.0,0.4,97.0,1.4,170.0,0.0,-99.8,-99.8,-99.8,-99.8,-99.8,-99.8,-99.8
2023-05-11 10:00:00,1009.9,26.8,56.0,0.8,150.0,2.4,196.0,0.0,-99.8,-99.8,-99.8,-99.8,-99.8,-99.8,-99.8
2023-05-11 11:00:00,1009.7,28.3,50.0,1.0,154.0,2.1,138.0,0.0,-99.8,-99.8,-99.8,-99.8,-99.8,-99.8,-99.8
2023-05-11 12:00:00,1009.4,28.7,48.0,1.1,161.0,2.5,123.0,0.0,-99.8,-99.8,-99.8,-99.8,-99.8,-99.8,-99.8
2023-05-11 13:00:00,1008.8,28.1,57.0,0.9,158.0,2.3,162.0,0.0,-99.8,-99.8,-99.8,-99.8,-99.8,-99.8,-99.8
2023-05-11 14:00:00,1008.3,28.3,57.0,1.0,168.0,2.2,152.0,0.0,-99.8,-99.8,-99.8,-99.8,-99.8,-99.8,-99.8
2023-05-11 15:00:00,1008.5,26.1,64.0,0.7,144.0,2.1,225.0,0.0,-99.8,-99.8,-99.8,-99.8,-99.8,-99.8,-99.8
2023-05-11 16:00:00,1008.5,24.6,70.0,0.4,162.0,1.4,227.0,0.0,-99.8,-99.8,-99.8,-99.8,-99.8,-99.8,-99.8
2023-05-11 17:00:00,1008.4,24.1,72.0,0.2,0.0,0.8,125.0,0.0,-99.8,-99.8,-99.8,-99.8,-99.8,-99.8,-99.8
2023-05-11 18:00:00,1008.8,23.7,76.0,0.1,0.0,0.8,330.0,0.0,-99.8,-99.8,-99.8,-99.8,-99.8,-99.8,-99.8
2023-05-11 19:00:00,1009.3,22.9,78.0,0.4,1.0,1.2,15.0,0.0,-99.8,-99.8,-99.8,-99.8,-99.8,-99.8,-99.8
2023-05-11 20:00:00,1009.5,22.9,79.0,0.9,19.0,1.4,12.0,0.0,-99.8,-99.8,-99.8,-99.8,-99.8,-99.8,-99.8
2023-05-11 21:00:00,1009.7,22.8,79.0,0.8,16.0,1.5,28.0,0.0,-99.8,-99.8,-99.8,-99.8,-99.8,-99.8,-99.8
2023-05-11 22:00:00,1009.5,22.1,80.0,0.6,358.0,1.4,18.0,0.0,-99.8,-99.8,-99.8,-99.8,-99.8,-99.8,-99.8
2023-05-11 23:00:00,1009.3,22.0,78.0,1.4,13.0,2.2,31.0,0.0,-99.8,-99.8,-99.8,-99.8,-99.8,-99.8,-99.8
2023-05-12 00:00:00,1008.8,22.3,79.0,1.0,14.0,2.5,22.0,0.0,-99.8,-99.8,-99.8,-99.8,-99.8,-99.8,-99.8
2023-05-12 01:00:00,1008.2,22.1,81.0,0.8,7.0,2.1,6.0,0.0,-99.8,-99.8,-99.8,-99.8,-99.8,-99.8,-99.8
2023-05-12 02:00:00,1007.8,22.0,82.0,0.5,349.0,1.7,360.0,0.0,-99.8,-99.8,-99.8,-99.8,-99.8,-99.8,-99.8
2023-05-12 03:00:00,1007.8,21.8,83.0,0.8,7.0,2.2,352.0,0.0,-99.8,-99.8,-99.8,-99.8,-99.8,-99.8,-99.8
2023-05-12 04:00:00,1007.7,21.7,81.0,0.9,8.0,2.5,4.0,0.0,-99.8,-99.8,-99.8,-99.8,-99.8,-99.8,-99.8
2023-05-12 05:00:00,1008.2,21.8,84.0,0.6,3.0,2.3,8.0,0.0,-99.8,-99.8,-99.8,-99.8,-99.8,-99.8,-99.8
2023-05-12 06:00:00,1008.6,22.5,80.0,0.8,3.0,1.9,16.0,0.0,-99.8,-99.8,-99.8,-99.8,-99.8,-99.8,-99.8
2023-05-12 07:00:00,1009.1,23.0,83.0,0.3,16.0,2.1,148.0,0.0,-99.8,-99.8,-99.8,-99.8,-99.8,-99.8,-99.8
2023-05-12 08:00:00,1009.4,27.2,68.0,0.5,127.0,1.6,2.0,0.0,-99.8,-99.8,-99.8,-99.8,-99.8,-99.8,-99.8
2023-05-12 09:00:00,1009.7,27.0,67.0,0.9,194.0,2.8,207.0,0.0,-99.8,-99.8,-99.8,-99.8,-99.8,-99.8,-99.8
2023-05-12 10:00:00,1009.6,25.7,73.0,1.3,198.0,3.0,211.0,0.0,-99.8,-99.8,-99.8,-99.8,-99.8,-99.8,-99.8
2023-05-12 11:00:00,1009.3,24.8,79.0,1.0,197.0,2.6,224.0,0.0,-99.8,-99.8,-99.8,-99.8,-99.8,-99.8,-99.8
2023-05-12 12:00:00,1008.8,24.4,81.0,0.8,188.0,2.0,204.0,0.0,-99.8,-99.8,-99.8,-99.8,-99.8,-99.8,-99.8
2023-05-12 13:00:00,1008.1,24.5,80.0,0.6,24.0,2.6,205.0,0.0,-99.8,-99.8,-99.8,-99.8,-99.8,-99.8,-99.8
2023-05-12 14:00:00,1007.7,22.9,88.0,1.2,17.0,2.2,22.0,0.0,-99.8,-99.8,-99.8,-99.8,-99.8,-99.8,-99.8
2023-05-12 15:00:00,1007.5,22.7,95.0,1.0,11.0,2.0,6.0,0.0,-99.8,-99.8,-99.8,-99.8,-99.8,-99.8,-99.8
2023-05-12 16:00:00,1007.0,23.1,92.0,0.4,338.0,2.2,7.0,0.0,-99.8,-99.8,-99.8,-99.8,-99.8,-99.8,-99.8
2023-05-12 17:00:00,1006.8,23.6,89.0,0.5,8.0,1.7,18.0,0.0,-99.8,-99.8,-99.8,-99.8,-99.8,-99.8,-99.8
2023-05-12 18:00:00,1007.3,22.9,93.0,1.8,200.0,4.2,213.0,0.0,-99.8,-99.8,-99.8,-99.8,-99.8,-99.8,-99.8
2023-05-12 19:00:00,1007.4,22.6,94.0,0.5,11.0,1.9,19.0,0.0,-99.8,-99.8,-99.8,-99.8,-99.8,-99.8,-99.8
2023-05-12 20:00:00,1008.0,22.9,92.0,0.3,354.0,1.9,22.0,0.0,-99.8,-99.8,-99.8,-99.8,-99.8,-99.8,-99.8
2023-05-12 21:00:00,1008.4,22.7,92.0,0.4,2.0,2.2,4.0,0.0,-99.8,-99.8,-99.8,-99.8,-99.8,-99.8,-99.8
2023-05-12 22:00:00,1008.5,23.1,90.0,1.4,10.0,2.9,1.0,0.0,-99.8,-99.8,-99.8,-99.8,-99.8,-99.8,-99.8
2023-05-12 23:00:00,1008.0,23.1,90.0,0.8,12.0,2.1,350.0,0.0,-99.8,-99.8,-99.8,-99.8,-99.8,-99.8,-99.8
2023-05-13 00:00:00,1007.3,23.2,89.0,0.8,7.0,3.2,42.0,0.0,-99.8,-99.8,-99.8,-99.8,-99.8,-99.8,-99.8
2023-05-13 01:00:00,1007.2,23.2,90.0,0.8,5.0,2.0,15.0,0.0,-99.8,-99.8,-99.8,-99.8,-99.8,-99.8,-99.8
2023-05-13 02:00:00,1006.4,23.6,84.0,0.6,294.0,2.9,32.0,0.0,-99.8,-99.8,-99.8,-99.8,-99.8,-99.8,-99.8
2023-05-13 03:00:00,1005.9,23.5,86.0,0.5,2.0,2.5,44.0,0.0,-99.8,-99.8,-99.8,-99.8,-99.8,-99.8,-99.8
2023-05-13 04:00:00,1006.1,23.2,87.0,0.9,10.0,2.0,347.0,0.0,-99.8,-99.8,-99.8,-99.8,-99.8,-99.8,-99.8
2023-05-13 05:00:00,1006.6,23.0,90.0,0.4,352.0,2.1,20.0,0.0,-99.8,-99.8,-99.8,-99.8,-99.8,-99.8,-99.8
2023-05-13 06:00:00,1006.8,23.1,90.0,0.5,350.0,1.7,5.0,0.0,-99.8,-99.8,-99.8,-99.8,-99.8,-99.8,-99.8
2023-05-13 07:00:00,1007.6,23.4,93.0,0.7,201.0,2.7,212.0,0.0,-99.8,-99.8,-99.8,-99.8,-99.8,-99.8,-99.8
2023-05-13 08:00:00,1007.9,23.2,96.0,0.2,0.0,3.5,197.0,0.0,-99.8,-99.8,-99.8,-99.8,-99.8,-99.8,-99.8
2023-05-13 09:00:00,1008.2,22.9,96.0,0.6,12.0,1.3,24.0,0.0,-99.8,-99.8,-99.8,-99.8,-99.8,-99.8,-99.8
2023-05-13 10:00:00,1008.1,23.0,95.0,1.4,236.0,2.8,221.0,0.0,-99.8,-99.8,-99.8,-99.8,-99.8,-99.8,-99.8
2023-05-13 11:00:00,1007.5,22.1,98.0,1.7,252.0,4.9,226.0,1.5,-99.8,-99.8,-99.8,-99.8,-99.8,-99.8,-99.8
2023-05-13 12:00:00,1007.1,22.0,98.0,1.9,243.0,5.0,223.0,1.0,-99.8,-99.8,-99.8,-99.8,-99.8,-99.8,-99.8
2023-05-13 13:00:00,1006.6,21.9,98.0,1.8,247.0,3.9,229.0,1.0,-99.8,-99.8,-99.8,-99.8,-99.8,-99.8,-99.8
2023-05-13 14:00:00,1006.0,22.1,95.0,0.3,289.0,2.8,258.0,0.0,-99.8,-99.8,-99.8,-99.8,-99.8,-99.8,-99.8
2023-05-13 15:00:00,1005.7,22.4,95.0,0.3,10.0,2.6,269.0,0.0,-99.8,-99.8,-99.8,-99.8,-99.8,-99.8,-99.8
2023-05-13 16:00:00,1005.7,22.1,96.0,0.1,0.0,1.0,39.0,0.0,-99.8,-99.8,-99.8,-99.8,-99.8,-99.8,-99.8
2023-05-13 17:00:00,1005.6,21.4,97.0,0.8,208.0,1.9,236.0,0.5,-99.8,-99.8,-99.8,-99.8,-99.8,-99.8,-99.8
2023-05-13 18:00:00,1005.9,21.0,98.0,0.5,243.0,1.8,231.0,0.5,-99.8,-99.8,-99.8,-99.8,-99.8,-99.8,-99.8
2023-05-13 19:00:00,1006.7,20.6,98.0,0.2,0.0,1.7,268.0,0.0,-99.8,-99.8,-99.8,-99.8,-99.8,-99.8,-99.8
2023-05-13 20:00:00,1007.1,20.6,99.0,0.1,0.0,0.8,27.0,0.5,-99.8,-99.8,-99.8,-99.8,-99.8,-99.8,-99.8
2023-05-13 21:00:00,1007.5,20.6,99.0,0.0,0.0,1.1,30.0,0.0,-99.8,-99.8,-99.8,-99.8,-99.8,-99.8,-99.8
2023-05-13 22:00:00,1007.5,20.8,99.0,0.6,1.0,1.4,343.0,0.0,-99.8,-99.8,-99.8,-99.8,-99.8,-99.8,-99.8
2023-05-13 23:00:00,1006.9,20.4,99.0,0.9,350.0,1.5,2.0,0.0,-99.8,-99.8,-99.8,-99.8,-99.8,-99.8,-99.8
2023-05-14 00:00:00,1006.2,20.4,98.0,0.8,355.0,1.6,5.0,0.0,-99.8,-99.8,-99.8,-99.8,-99.8,-99.8,-99.8
2023-05-14 01:00:00,1005.4,20.3,98.0,0.7,339.0,1.5,326.0,0.0,-99.8,-99.8,-99.8,-99.8,-99.8,-99.8,-99.8
2023-05-14 02:00:00,1004.9,20.7,97.0,0.8,353.0,1.5,3.0,0.0,-99.8,-99.8,-99.8,-99.8,-99.8,-99.8,-99.8
2023-05-14 03:00:00,1004.8,20.8,97.0,0.7,346.0,1.4,9.0,0.0,-99.8,-99.8,-99.8,-99.8,-99.8,-99.8,-99.8
2023-05-14 04:00:00,1004.8,20.9,96.0,0.8,336.0,1.6,328.0,0.0,-99.8,-99.8,-99.8,-99.8,-99.8,-99.8,-99.8
2023-05-14 05:00:00,1005.2,21.0,98.0,0.0,0.0,1.4,359.0,0.0,-99.8,-99.8,-99.8,-99.8,-99.8,-99.8,-99.8
2023-05-14 06:00:00,1005.3,20.9,99.0,0.4,359.0,1.1,25.0,0.5,-99.8,-99.8,-99.8,-99.8,-99.8,-99.8,-99.8
2023-05-14 07:00:00,1005.9,20.7,99.0,0.8,352.0,1.9,15.0,0.0,-99.8,-99.8,-99.8,-99.8,-99.8,-99.8,-99.8
2023-05-14 08:00:00,1006.3,21.2,98.0,0.5,7.0,1.6,31.0,0.0,-99.8,-99.8,-99.8,-99.8,-99.8,-99.8,-99.8
2023-05-14 09:00:00,1006.5,21.5,95.0,0.6,359.0,1.7,343.0,0.0,-99.8,-99.8,-99.8,-99.8,-99.8,-99.8,-99.8
2023-05-14 10:00:00,1006.4,23.7,89.0,0.0,0.0,0.9,13.0,0.0,-99.8,-99.8,-99.8,-99.8,-99.8,-99.8,-99.8
2023-05-14 11:00:00,1006.1,24.1,86.0,0.1,0.0,1.0,21.0,0.0,-99.8,-99.8,-99.8,-99.8,-99.8,-99.8,-99.8
2023-05-14 12:00:00,1005.7,24.1,88.0,0.4,34.0,0.9,41.0,0.0,-99.8,-99.8,-99.8,-99.8,-99.8,-99.8,-99.8
2023-05-14 13:00:00,1005.2,23.7,88.0,0.2,0.0,0.7,62.0,0.0,-99.8,-99.8,-99.8,-99.8,-99.8,-99.8,-99.8
2023-05-14 14:00:00,1005.0,23.1,89.0,0.3,320.0,1.2,317.0,0.0,-99.8,-99.8,-99.8,-99.8,-99.8,-99.8,-99.8
2023-05-14 15:00:00,1004.8,22.2,94.0,1.0,14.0,1.5,12.0,0.0,-99.8,-99.8,-99.8,-99.8,-99.8,-99.8,-99.8
2023-05-14 16:00:00,1004.6,22.2,92.0,0.1,0.0,1.6,20.0,0.0,-99.8,-99.8,-99.8,-99.8,-99.8,-99.8,-99.8
2023-05-14 17:00:00,1005.0,21.5,93.0,0.8,12.0,1.8,17.0,0.0,-99.8,-99.8,-99.8,-99.8,-99.8,-99.8,-99.8
2023-05-14 18:00:00,1004.7,20.7,93.0,0.8,327.0,2.0,23.0,0.0,-99.8,-99.8,-99.8,-99.8,-99.8,-99.8,-99.8
2023-05-14 19:00:00,1005.1,20.9,94.0,0.6,4.0,2.2,279.0,0.0,-99.8,-99.8,-99.8,-99.8,-99.8,-99.8,-99.8
2023-05-14 20:00:00,1005.8,20.8,94.0,0.5,359.0,2.4,14.0,0.0,-99.8,-99.8,-99.8,-99.8,-99.8,-99.8,-99.8
2023-05-14 21:00:00,1005.4,20.7,95.0,0.7,325.0,1.8,24.0,0.0,-99.8,-99.8,-99.8,-99.8,-99.8,-99.8,-99.8
2023-05-14 22:00:00,1005.6,20.5,96.0,0.3,347.0,1.5,327.0,0.5,-99.8,-99.8,-99.8,-99.8,-99.8,-99.8,-99.8
2023-05-14 23:00:00,1005.5,20.4,98.0,0.8,2.0,2.1,318.0,0.0,-99.8,-99.8,-99.8,-99.8,-99.8,-99.8,-99.8
2023-05-15 00:00:00,1005.4,20.1,98.0,0.5,359.0,1.8,14.0,0.5,-99.8,-99.8,-99.8,-99.8,-99.8,-99.8,-99.8
2023-05-15 01:00:00,1004.9,20.1,99.0,0.6,351.0,1.2,327.0,0.0,-99.8,-99.8,-99.8,-99.8,-99.8,-99.8,-99.8
2023-05-15 02:00:00,1004.6,20.0,99.0,0.5,342.0,1.3,2.0,0.0,-99.8,-99.8,-99.8,-99.8,-99.8,-99.8,-99.8
2023-05-15 03:00:00,1004.4,19.9,98.0,0.6,342.0,1.2,299.0,0.0,-99.8,-99.8,-99.8,-99.8,-99.8,-99.8,-99.8
2023-05-15 04:00:00,1004.1,20.0,95.0,0.7,340.0,1.9,44.0,0.0,-99.8,-99.8,-99.8,-99.8,-99.8,-99.8,-99.8
2023-05-15 05:00:00,1004.5,20.4,94.0,0.8,333.0,2.1,290.0,0.0,-99.8,-99.8,-99.8,-99.8,-99.8,-99.8,-99.8
2023-05-15 06:00:00,1005.2,20.9,92.0,0.4,346.0,2.3,8.0,0.0,-99.8,-99.8,-99.8,-99.8,-99.8,-99.8,-99.8
2023-05-15 07:00:00,1006.1,21.6,94.0,0.2,0.0,1.2,358.0,0.0,-99.8,-99.8,-99.8,-99.8,-99.8,-99.8,-99.8
2023-05-15 08:00:00,1006.6,22.7,85.0,0.6,167.0,4.5,124.0,0.0,-99.8,-99.8,-99.8,-99.8,-99.8,-99.8,-99.8
2023-05-15 09:00:00,1006.6,22.9,84.0,1.2,198.0,5.6,201.0,0.0,-99.8,-99.8,-99.8,-99.8,-99.8,-99.8,-99.8
2023-05-15 10:00:00,1007.0,23.6,81.0,0.9,204.0,3.6,207.0,0.0,-99.8,-99.8,-99.8,-99.8,-99.8,-99.8,-99.8
2023-05-15 11:00:00,1006.9,23.7,84.0,2.4,203.0,4.6,206.0,0.0,-99.8,-99.8,-99.8,-99.8,-99.8,-99.8,-99.8
2023-05-15 12:00:00,1006.2,23.6,86.0,1.2,206.0,5.8,214.0,0.0,-99.8,-99.8,-99.8,-99.8,-99.8,-99.8,-99.8
2023-05-15 13:00:00,1005.5,24.2,84.0,1.1,191.0,3.8,200.0,0.0,-99.8,-99.8,-99.8,-99.8,-99.8,-99.8,-99.8
2023-05-15 14:00:00,1004.9,23.6,86.0,2.3,200.0,5.0,231.0,0.0,-99.8,-99.8,-99.8,-99.8,-99.8,-99.8,-99.8
2023-05-15 15:00:00,1004.4,24.0,84.0,1.0,59.0,5.1,195.0,0.0,-99.8,-99.8,-99.8,-99.8,-99.8,-99.8,-99.8
2023-05-15 16:00:00,1004.0,24.5,81.0,0.8,129.0,4.3,194.0,0.0,-99.8,-99.8,-99.8,-99.8,-99.8,-99.8,-99.8
2023-05-15 17:00:00,1004.1,24.4,83.0,0.6,138.0,4.4,211.0,0.0,-99.8,-99.8,-99.8,-99.8,-99.8,-99.8,-99.8
2023-05-15 18:00:00,1004.6,24.0,84.0,0.9,355.0,3.2,219.0,0.0,-99.8,-99.8,-99.8,-99.8,-99.8,-99.8,-99.8
2023-05-15 19:00:00,1005.0,23.6,87.0,0.6,348.0,2.5,58.0,0.0,-99.8,-99.8,-99.8,-99.8,-99.8,-99.8,-99.8
2023-05-15 20:00:00,1005.7,23.5,88.0,0.9,14.0,2.5,9.0,0.0,-99.8,-99.8,-99.8,-99.8,-99.8,-99.8,-99.8
2023-05-15 21:00:00,1006.6,23.2,89.0,0.4,347.0,1.9,23.0,0.0,-99.8,-99.8,-99.8,-99.8,-99.8,-99.8,-99.8
2023-05-15 22:00:00,1006.7,23.4,87.0,0.8,256.0,2.5,236.0,0.0,-99.8,-99.8,-99.8,-99.8,-99.8,-99.8,-99.8
2023-05-15 23:00:00,1006.4,23.0,89.0,0.4,339.0,2.9,48.0,0.0,-99.8,-99.8,-99.8,-99.8,-99.8,-99.8,-99.8
2023-05-16 00:00:00,1005.8,22.9,89.0,0.6,321.0,1.9,18.0,0.0,-99.8,-99.8,-99.8,-99.8,-99.8,-99.8,-99.8
2023-05-16 01:00:00,1005.2,22.8,88.0,0.3,327.0,1.8,23.0,0.0,-99.8,-99.8,-99.8,-99.8,-99.8,-99.8,-99.8
2023-05-16 02:00:00,1005.0,23.1,81.0,0.7,310.0,1.7,37.0,0.0,-99.8,-99.8,-99.8,-99.8,-99.8,-99.8,-99.8
2023-05-16 03:00:00,1004.5,22.5,81.0,0.9,13.0,2.4,18.0,0.0,-99.8,-99.8,-99.8,-99.8,-99.8,-99.8,-99.8
2023-05-16 04:00:00,1004.8,22.2,81.0,0.7,349.0,2.3,18.0,0.0,-99.8,-99.8,-99.8,-99.8,-99.8,-99.8,-99.8
2023-05-16 05:00:00,1005.2,22.0,80.0,0.9,2.0,2.3,15.0,0.0,-99.8,-99.8,-99.8,-99.8,-99.8,-99.8,-99.8
2023-05-16 06:00:00,1005.8,22.5,79.0,0.7,335.0,2.2,2.0,0.0,-99.8,-99.8,-99.8,-99.8,-99.8,-99.8,-99.8
2023-05-16 07:00:00,1006.3,23.8,73.0,0.6,354.0,2.3,12.0,0.0,-99.8,-99.8,-99.8,-99.8,-99.8,-99.8,-99.8
2023-05-16 08:00:00,1006.7,25.8,73.0,0.6,188.0,1.8,101.0,0.0,-99.8,-99.8,-99.8,-99.8,-99.8,-99.8,-99.8
2023-05-16 09:00:00,1006.9,26.3,75.0,1.3,200.0,3.6,206.0,0.0,-99.8,-99.8,-99.8,-99.8,-99.8,-99.8,-99.8
2023-05-16 10:00:00,1006.8,26.5,74.0,1.8,194.0,3.5,212.0,0.0,-99.8,-99.8,-99.8,-99.8,-99.8,-99.8,-99.8
2023-05-16 11:00:00,1006.4,26.3,73.0,1.4,193.0,3.7,200.0,0.0,-99.8,-99.8,-99.8,-99.8,-99.8,-99.8,-99.8
2023-05-16 12:00:00,1005.9,24.5,87.0,2.4,200.0,5.8,201.0,0.0,-99.8,-99.8,-99.8,-99.8,-99.8,-99.8,-99.8
2023-05-16 13:00:00,1005.5,24.6,87.0,2.4,205.0,6.2,209.0,0.0,-99.8,-99.8,-99.8,-99.8,-99.8,-99.8,-99.8
2023-05-16 14:00:00,1005.1,24.1,88.0,2.6,199.0,5.5,202.0,0.0,-99.8,-99.8,-99.8,-99.8,-99.8,-99.8,-99.8
2023-05-16 15:00:00,1004.9,24.1,88.0,1.9,204.0,5.3,204.0,0.0,-99.8,-99.8,-99.8,-99.8,-99.8,-99.8,-99.8
2023-05-16 16:00:00,1004.7,24.3,87.0,1.7,208.0,4.5,206.0,0.0,-99.8,-99.8,-99.8,-99.8,-99.8,-99.8,-99.8
2023-05-16 17:00:00,1004.9,24.2,87.0,1.8,209.0,4.7,199.0,0.0,-99.8,-99.8,-99.8,-99.8,-99.8,-99.8,-99.8
2023-05-16 18:00:00,1005.4,24.2,90.0,2.0,213.0,5.6,211.0,0.0,-99.8,-99.8,-99.8,-99.8,-99.8,-99.8,-99.8
2023-05-16 19:00:00,1006.3,23.3,91.0,0.9,23.0,5.6,197.0,0.0,-99.8,-99.8,-99.8,-99.8,-99.8,-99.8,-99.8
2023-05-16 20:00:00,1006.8,23.1,97.0,1.0,224.0,3.4,262.0,0.0,-99.8,-99.8,-99.8,-99.8,-99.8,-99.8,-99.8
2023-05-16 21:00:00,1007.4,22.4,97.0,1.2,165.0,6.1,206.0,0.0,-99.8,-99.8,-99.8,-99.8,-99.8,-99.8,-99.8
2023-05-16 22:00:00,1007.5,22.4,96.0,0.9,360.0,3.1,159.0,0.0,-99.8,-99.8,-99.8,-99.8,-99.8,-99.8,-99.8
2023-05-16 23:00:00,1007.2,22.2,98.0,1.8,218.0,5.4,211.0,0.0,-99.8,-99.8,-99.8,-99.8,-99.8,-99.8,-99.8
2023-05-17 00:00:00,1006.1,22.0,99.0,0.4,327.0,5.3,200.0,0.5,-99.8,-99.8,-99.8,-99.8,-99.8,-99.8,-99.8
2023-05-17 01:00:00,1005.5,22.9,89.0,1.1,326.0,2.7,235.0,0.0,-99.8,-99.8,-99.8,-99.8,-99.8,-99.8,-99.8
2023-05-17 02:00:00,1005.1,22.5,93.0,0.9,357.0,3.5,238.0,0.0,-99.8,-99.8,-99.8,-99.8,-99.8,-99.8,-99.8
2023-05-17 03:00:00,1004.6,21.8,96.0,0.3,344.0,2.3,25.0,0.0,-99.8,-99.8,-99.8,-99.8,-99.8,-99.8,-99.8
2023-05-17 04:00:00,1004.7,21.8,96.0,0.5,332.0,1.4,1.0,0.0,-99.8,-99.8,-99.8,-99.8,-99.8,-99.8,-99.8
2023-05-17 05:00:00,1004.5,21.9,96.0,0.5,320.0,1.0,300.0,0.0,-99.8,-99.8,-99.8,-99.8,-99.8,-99.8,-99.8
2023-05-17 06:00:00,1004.9,22.7,95.0,0.2,0.0,1.6,273.0,0.0,-99.8,-99.8,-99.8,-99.8,-99.8,-99.8,-99.8
2023-05-17 07:00:00,1005.5,23.9,88.0,0.6,213.0,2.5,227.0,0.0,-99.8,-99.8,-99.8,-99.8,-99.8,-99.8,-99.8
2023-05-17 08:00:00,1005.7,25.8,77.0,2.2,192.0,4.6,197.0,0.0,-99.8,-99.8,-99.8,-99.8,-99.8,-99.8,-99.8
2023-05-17 09:00:00,1005.8,26.3,81.0,2.1,201.0,4.7,200.0,0.0,-99.8,-99.8,-99.8,-99.8,-99.8,-99.8,-99.8
2023-05-17 10:00:00,1005.6,25.9,86.0,2.4,206.0,5.7,209.0,0.0,-99.8,-99.8,-99.8,-99.8,-99.8,-99.8,-99.8
2023-05-17 11:00:00,1005.2,25.8,86.0,1.8,199.0,5.1,215.0,0.0,-99.8,-99.8,-99.8,-99.8,-99.8,-99.8,-99.8
2023-05-17 12:00:00,1004.4,25.3,89.0,1.5,210.0,4.1,198.0,0.0,-99.8,-99.8,-99.8,-99.8,-99.8,-99.8,-99.8
2023-05-17 13:00:00,1003.7,25.5,89.0,1.8,196.0,4.5,204.0,0.0,-99.8,-99.8,-99.8,-99.8,-99.8,-99.8,-99.8
2023-05-17 14:00:00,1003.1,25.0,93.0,1.0,200.0,3.1,220.0,0.0,-99.8,-99.8,-99.8,-99.8,-99.8,-99.8,-99.8
2023-05-17 15:00:00,1002.1,24.9,95.0,0.3,44.0,2.0,223.0,0.0,-99.8,-99.8,-99.8,-99.8,-99.8,-99.8,-99.8
2023-05-17 16:00:00,1001.3,25.4,92.0,0.5,168.0,2.3,209.0,0.0,-99.8,-99.8,-99.8,-99.8,-99.8,-99.8,-99.8
2023-05-17 17:00:00,1001.3,24.9,94.0,0.7,213.0,2.1,224.0,0.0,-99.8,-99.8,-99.8,-99.8,-99.8,-99.8,-99.8
2023-05-17 18:00:00,1001.5,24.8,95.0,0.0,0.0,0.9,196.0,0.0,-99.8,-99.8,-99.8,-99.8,-99.8,-99.8,-99.8
2023-05-17 19:00:00,1001.7,23.8,96.0,0.4,344.0,1.0,6.0,0.0,-99.8,-99.8,-99.8,-99.8,-99.8,-99.8,-99.8
2023-05-17 20:00:00,1002.3,23.6,96.0,0.5,337.0,1.6,1.0,0.0,-99.8,-99.8,-99.8,-99.8,-99.8,-99.8,-99.8
2023-05-17 21:00:00,1002.4,23.5,97.0,0.6,358.0,1.3,16.0,0.0,-99.8,-99.8,-99.8,-99.8,-99.8,-99.8,-99.8
2023-05-17 22:00:00,1003.0,23.5,97.0,0.5,355.0,1.9,272.0,0.0,-99.8,-99.8,-99.8,-99.8,-99.8,-99.8,-99.8
2023-05-17 23:00:00,1002.2,23.5,96.0,0.4,358.0,1.4,8.0,0.0,-99.8,-99.8,-99.8,-99.8,-99.8,-99.8,-99.8
2023-05-18 00:00:00,1001.1,23.3,96.0,0.4,337.0,1.9,2.0,0.0,-99.8,-99.8,-99.8,-99.8,-99.8,-99.8,-99.8
2023-05-18 01:00:00,1000.3,23.3,96.0,0.6,354.0,2.0,32.0,0.0,-99.8,-99.8,-99.8,-99.8,-99.8,-99.8,-99.8
2023-05-18 02:00:00,1000.3,23.3,95.0,0.6,10.0,1.7,16.0,0.0,-99.8,-99.8,-99.8,-99.8,-99.8,-99.8,-99.8
2023-05-18 03:00:00,1000.5,23.7,94.0,0.6,342.0,2.1,276.0,0.0,-99.8,-99.8,-99.8,-99.8,-99.8,-99.8,-99.8
2023-05-18 04:00:00,1000.2,23.2,96.0,0.7,4.0,1.6,10.0,0.0,-99.8,-99.8,-99.8,-99.8,-99.8,-99.8,-99.8
2023-05-18 05:00:00,1000.1,23.2,94.0,0.4,330.0,1.5,330.0,0.0,-99.8,-99.8,-99.8,-99.8,-99.8,-99.8,-99.8
2023-05-18 06:00:00,1000.3,23.9,93.0,0.4,355.0,1.5,34.0,0.0,-99.8,-99.8,-99.8,-99.8,-99.8,-99.8,-99.8
2023-05-18 07:00:00,1000.4,25.1,88.0,0.8,339.0,3.0,144.0,0.0,-99.8,-99.8,-99.8,-99.8,-99.8,-99.8,-99.8
2023-05-18 08:00:00,1000.4,28.4,75.0,0.7,170.0,3.5,112.0,0.0,-99.8,-99.8,-99.8,-99.8,-99.8,-99.8,-99.8
2023-05-18 09:00:00,1000.4,26.4,83.0,0.7,207.0,2.2,222.0,0.0,-99.8,-99.8,-99.8,-99.8,-99.8,-99.8,-99.8
2023-05-18 10:00:00,1000.3,27.9,78.0,0.4,166.0,2.7,214.0,0.0,-99.8,-99.8,-99.8,-99.8,-99.8,-99.8,-99.8
2023-05-18 11:00:00,1000.2,27.7,79.0,0.8,194.0,2.1,195.0,0.0,-99.8,-99.8,-99.8,-99.8,-99.8,-99.8,-99.8
2023-05-18 12:00:00,999.4,26.8,82.0,0.1,0.0,1.5,146.0,0.0,-99.8,-99.8,-99.8,-99.8,-99.8,-99.8,-99.8
2023-05-18 13:00:00,999.3,26.4,86.0,0.7,220.0,1.7,21.0,0.0,-99.8,-99.8,-99.8,-99.8,-99.8,-99.8,-99.8
2023-05-18 14:00:00,998.8,27.8,80.0,0.6,226.0,2.5,8.0,0.0,-99.8,-99.8,-99.8,-99.8,-99.8,-99.8,-99.8
2023-05-18 15:00:00,998.0,27.7,82.0,0.2,0.0,2.6,225.0,0.0,-99.8,-99.8,-99.8,-99.8,-99.8,-99.8,-99.8
2023-05-18 16:00:00,997.5,27.2,86.0,0.4,19.0,1.3,152.0,0.0,-99.8,-99.8,-99.8,-99.8,-99.8,-99.8,-99.8
2023-05-18 17:00:00,997.7,26.8,86.0,0.5,15.0,2.5,214.0,0.0,-99.8,-99.8,-99.8,-99.8,-99.8,-99.8,-99.8
2023-05-18 18:00:00,998.2,26.3,87.0,0.6,225.0,3.2,136.0,0.0,-99.8,-99.8,-99.8,-99.8,-99.8,-99.8,-99.8
2023-05-18 19:00:00,999.0,25.7,87.0,0.7,15.0,1.8,164.0,0.0,-99.8,-99.8,-99.8,-99.8,-99.8,-99.8,-99.8
2023-05-18 20:00:00,999.6,25.5,86.0,0.8,359.0,2.4,10.0,0.0,-99.8,-99.8,-99.8,-99.8,-99.8,-99.8,-99.8
2023-05-18 21:00:00,1000.3,25.7,84.0,0.6,347.0,2.2,8.0,0.0,-99.8,-99.8,-99.8,-99.8,-99.8,-99.8,-99.8
2023-05-18 22:00:00,1001.3,25.2,86.0,0.6,344.0,1.3,319.0,0.0,-99.8,-99.8,-99.8,-99.8,-99.8,-99.8,-99.8
2023-05-18 23:00:00,1001.2,25.1,85.0,0.7,356.0,1.8,21.0,0.0,-99.8,-99.8,-99.8,-99.8,-99.8,-99.8,-99.8
2023-05-19 00:00:00,1001.1,24.9,89.0,0.6,345.0,1.6,284.0,0.0,-99.8,-99.8,-99.8,-99.8,-99.8,-99.8,-99.8
2023-05-19 01:00:00,1000.7,25.0,88.0,0.6,339.0,2.1,235.0,0.0,-99.8,-99.8,-99.8,-99.8,-99.8,-99.8,-99.8
2023-05-19 02:00:00,1000.2,25.0,85.0,0.6,350.0,1.5,4.0,0.0,-99.8,-99.8,-99.8,-99.8,-99.8,-99.8,-99.8
2023-05-19 03:00:00,1000.4,25.1,86.0,0.4,321.0,1.2,7.0,0.0,-99.8,-99.8,-99.8,-99.8,-99.8,-99.8,-99.8
2023-05-19 04:00:00,1000.7,25.1,87.0,0.5,336.0,1.3,282.0,0.0,-99.8,-99.8,-99.8,-99.8,-99.8,-99.8,-99.8
2023-05-19 05:00:00,1001.3,25.3,87.0,0.6,333.0,1.5,35.0,0.0,-99.8,-99.8,-99.8,-99.8,-99.8,-99.8,-99.8
2023-05-19 06:00:00,1001.9,25.4,89.0,1.0,228.0,3.0,227.0,0.0,-99.8,-99.8,-99.8,-99.8,-99.8,-99.8,-99.8
2023-05-19 07:00:00,1002.4,25.8,86.0,0.6,316.0,1.8,18.0,0.0,-99.8,-99.8,-99.8,-99.8,-99.8,-99.8,-99.8
2023-05-19 08:00:00,1002.0,29.3,74.0,0.6,134.0,2.0,31.0,0.0,-99.8,-99.8,-99.8,-99.8,-99.8,-99.8,-99.8
2023-05-19 09:00:00,1002.7,29.9,73.0,1.3,190.0,2.6,206.0,0.0,-99.8,-99.8,-99.8,-99.8,-99.8,-99.8,-99.8
2023-05-19 10:00:00,1003.2,27.1,88.0,2.6,227.0,5.5,229.0,0.0,-99.8,-99.8,-99.8,-99.8,-99.8,-99.8,-99.8
2023-05-19 11:00:00,1003.3,26.4,89.0,1.5,234.0,3.9,225.0,0.0,-99.8,-99.8,-99.8,-99.8,-99.8,-99.8,-99.8
2023-05-19 12:00:00,1003.5,26.3,88.0,1.3,251.0,4.0,295.0,0.0,-99.8,-99.8,-99.8,-99.8,-99.8,-99.8,-99.8
2023-05-19 13:00:00,1003.1,25.8,91.0,1.8,234.0,4.1,255.0,0.0,-99.8,-99.8,-99.8,-99.8,-99.8,-99.8,-99.8
2023-05-19 14:00:00,1003.7,24.9,95.0,0.7,281.0,4.5,221.0,1.0,-99.8,-99.8,-99.8,-99.8,-99.8,-99.8,-99.8
2023-05-19 15:00:00,1003.3,24.6,97.0,0.1,0.0,2.9,290.0,4.0,-99.8,-99.8,-99.8,-99.8,-99.8,-99.8,-99.8
2023-05-19 16:00:00,1002.5,24.2,98.0,0.2,0.0,2.5,262.0,4.0,-99.8,-99.8,-99.8,-99.8,-99.8,-99.8,-99.8
2023-05-19 17:00:00,1002.8,23.8,97.0,0.2,0.0,3.3,256.0,0.5,-99.8,-99.8,-99.8,-99.8,-99.8,-99.8,-99.8
2023-05-19 18:00:00,1003.6,23.6,96.0,0.4,338.0,3.3,203.0,0.0,-99.8,-99.8,-99.8,-99.8,-99.8,-99.8,-99.8
2023-05-19 19:00:00,1004.1,23.4,98.0,0.2,0.0,0.8,13.0,0.0,-99.8,-99.8,-99.8,-99.8,-99.8,-99.8,-99.8
2023-05-19 20:00:00,1004.7,23.0,98.0,0.5,330.0,0.9,17.0,0.5,-99.8,-99.8,-99.8,-99.8,-99.8,-99.8,-99.8
2023-05-19 21:00:00,1004.8,22.8,99.0,0.6,341.0,1.6,12.0,0.0,-99.8,-99.8,-99.8,-99.8,-99.8,-99.8,-99.8
2023-05-19 22:00:00,1005.3,22.8,99.0,0.6,338.0,1.5,3.0,0.0,-99.8,-99.8,-99.8,-99.8,-99.8,-99.8,-99.8
2023-05-19 23:00:00,1005.5,22.8,99.0,0.6,334.0,1.8,11.0,0.0,-99.8,-99.8,-99.8,-99.8,-99.8,-99.8,-99.8
2023-05-20 00:00:00,1005.3,23.0,99.0,0.3,20.0,1.4,11.0,0.0,-99.8,-99.8,-99.8,-99.8,-99.8,-99.8,-99.8
2023-05-20 01:00:00,1004.7,23.0,99.0,0.0,0.0,1.6,42.0,0.0,-99.8,-99.8,-99.8,-99.8,-99.8,-99.8,-99.8
2023-05-20 02:00:00,1004.3,22.8,100.0,0.0,0.0,0.5,37.0,0.5,-99.8,-99.8,-99.8,-99.8,-99.8,-99.8,-99.8
2023-05-20 03:00:00,1003.5,22.6,100.0,0.2,0.0,0.8,344.0,0.0,-99.8,-99.8,-99.8,-99.8,-99.8,-99.8,-99.8
2023-05-20 04:00:00,1003.4,22.7,100.0,0.6,11.0,1.5,340.0,0.0,-99.8,-99.8,-99.8,-99.8,-99.8,-99.8,-99.8
2023-05-20 05:00:00,1003.9,22.7,100.0,0.4,4.0,1.1,26.0,0.0,-99.8,-99.8,-99.8,-99.8,-99.8,-99.8,-99.8
2023-05-20 06:00:00,1004.7,22.9,100.0,0.0,0.0,0.7,288.0,0.0,-99.8,-99.8,-99.8,-99.8,-99.8,-99.8,-99.8
2023-05-20 07:00:00,1005.0,23.2,100.0,0.0,0.0,0.1,0.0,0.0,-99.8,-99.8,-99.8,-99.8,-99.8,-99.8,-99.8
2023-05-20 08:00:00,1005.2,23.7,99.0,0.0,0.0,0.3,88.0,0.5,-99.8,-99.8,-99.8,-99.8,-99.8,-99.8,-99.8
2023-05-20 09:00:00,1005.5,24.1,98.0,0.3,173.0,0.9,217.0,0.0,-99.8,-99.8,-99.8,-99.8,-99.8,-99.8,-99.8
2023-05-20 10:00:00,1005.6,23.8,96.0,0.4,204.0,1.3,201.0,0.0,-99.8,-99.8,-99.8,-99.8,-99.8,-99.8,-99.8
2023-05-20 11:00:00,1005.6,24.4,94.0,0.1,0.0,1.8,153.0,0.0,-99.8,-99.8,-99.8,-99.8,-99.8,-99.8,-99.8
2023-05-20 12:00:00,1005.2,24.3,96.0,0.0,0.0,1.5,204.0,0.0,-99.8,-99.8,-99.8,-99.8,-99.8,-99.8,-99.8
2023-05-20 13:00:00,1004.8,24.2,95.0,0.4,196.0,1.5,157.0,0.0,-99.8,-99.8,-99.8,-99.8,-99.8,-99.8,-99.8
2023-05-20 14:00:00,1004.5,23.8,97.0,0.6,170.0,1.6,169.0,0.0,-99.8,-99.8,-99.8,-99.8,-99.8,-99.8,-99.8
2023-05-20 15:00:00,1004.3,23.7,99.0,1.1,227.0,1.9,244.0,1.0,-99.8,-99.8,-99.8,-99.8,-99.8,-99.8,-99.8
2023-05-20 16:00:00,1004.3,23.7,99.0,0.0,0.0,3.2,214.0,1.0,-99.8,-99.8,-99.8,-99.8,-99.8,-99.8,-99.8
2023-05-20 17:00:00,1004.4,23.6,99.0,0.5,243.0,2.0,292.0,1.0,-99.8,-99.8,-99.8,-99.8,-99.8,-99.8,-99.8
2023-05-20 18:00:00,1004.5,23.7,99.0,0.5,31.0,1.5,302.0,0.0,-99.8,-99.8,-99.8,-99.8,-99.8,-99.8,-99.8
2023-05-20 19:00:00,1004.9,23.5,99.0,0.3,8.0,1.0,9.0,0.0,-99.8,-99.8,-99.8,-99.8,-99.8,-99.8,-99.8
2023-05-20 20:00:00,1005.4,23.1,100.0,0.4,4.0,1.5,241.0,0.0,-99.8,-99.8,-99.8,-99.8,-99.8,-99.8,-99.8
2023-05-20 21:00:00,1006.0,23.2,100.0,0.6,358.0,1.6,334.0,0.0,-99.8,-99.8,-99.8,-99.8,-99.8,-99.8,-99.8
2023-05-20 22:00:00,1006.4,23.2,100.0,0.6,343.0,1.5,19.0,0.0,-99.8,-99.8,-99.8,-99.8,-99.8,-99.8,-99.8
2023-05-20 23:00:00,1006.0,23.4,100.0,0.7,351.0,1.4,1.0,0.0,-99.8,-99.8,-99.8,-99.8,-99.8,-99.8,-99.8
2023-05-21 00:00:00,1005.2,23.1,99.0,0.8,10.0,1.7,14.0,0.0,-99.8,-99.8,-99.8,-99.8,-99.8,-99.8,-99.8
2023-05-21 01:00:00,1004.9,22.9,100.0,0.5,335.0,1.6,24.0,0.0,-99.8,-99.8,-99.8,-99.8,-99.8,-99.8,-99.8
2023-05-21 02:00:00,1004.1,22.8,99.0,0.9,348.0,1.9,340.0,0.0,-99.8,-99.8,-99.8,-99.8,-99.8,-99.8,-99.8
2023-05-21 03:00:00,1004.0,22.6,99.0,0.8,3.0,2.2,357.0,0.0,-99.8,-99.8,-99.8,-99.8,-99.8,-99.8,-99.8
2023-05-21 04:00:00,1004.1,22.7,98.0,0.5,341.0,2.3,36.0,0.0,-99.8,-99.8,-99.8,-99.8,-99.8,-99.8,-99.8
2023-05-21 05:00:00,1004.2,22.5,98.0,0.7,353.0,2.3,31.0,0.0,-99.8,-99.8,-99.8,-99.8,-99.8,-99.8,-99.8
2023-05-21 06:00:00,1004.4,23.2,97.0,1.1,13.0,2.4,31.0,0.0,-99.8,-99.8,-99.8,-99.8,-99.8,-99.8,-99.8
2023-05-21 07:00:00,1005.2,24.4,96.0,0.9,225.0,2.1,228.0,0.0,-99.8,-99.8,-99.8,-99.8,-99.8,-99.8,-99.8
2023-05-21 08:00:00,1005.4,25.4,92.0,0.4,20.0,1.4,3.0,0.0,-99.8,-99.8,-99.8,-99.8,-99.8,-99.8,-99.8
2023-05-21 09:00:00,1005.2,26.7,84.0,0.7,209.0,1.8,206.0,0.0,-99.8,-99.8,-99.8,-99.8,-99.8,-99.8,-99.8
2023-05-21 10:00:00,1005.3,27.5,81.0,0.8,152.0,2.1,196.0,0.0,-99.8,-99.8,-99.8,-99.8,-99.8,-99.8,-99.8
2023-05-21 11:00:00,1004.9,28.4,77.0,1.4,152.0,2.8,152.0,0.0,-99.8,-99.8,-99.8,-99.8,-99.8,-99.8,-99.8
2023-05-21 12:00:00,1004.6,27.9,81.0,0.9,167.0,2.9,165.0,0.0,-99.8,-99.8,-99.8,-99.8,-99.8,-99.8,-99.8
2023-05-21 13:00:00,1004.2,27.3,80.0,1.1,228.0,1.9,242.0,0.0,-99.8,-99.8,-99.8,-99.8,-99.8,-99.8,-99.8
2023-05-21 14:00:00,1003.5,27.4,82.0,0.6,208.0,1.5,208.0,0.0,-99.8,-99.8,-99.8,-99.8,-99.8,-99.8,-99.8
2023-05-21 15:00:00,1003.0,27.8,83.0,0.2,0.0,2.0,149.0,0.0,-99.8,-99.8,-99.8,-99.8,-99.8,-99.8,-99.8
2023-05-21 16:00:00,1002.8,27.0,85.0,1.6,191.0,2.7,197.0,0.0,-99.8,-99.8,-99.8,-99.8,-99.8,-99.8,-99.8
2023-05-21 17:00:00,1002.7,27.0,87.0,0.0,0.0,1.1,164.0,0.0,-99.8,-99.8,-99.8,-99.8,-99.8,-99.8,-99.8
2023-05-21 18:00:00,1002.7,26.1,91.0,0.5,346.0,0.9,28.0,0.0,-99.8,-99.8,-99.8,-99.8,-99.8,-99.8,-99.8
2023-05-21 19:00:00,1003.1,25.2,92.0,0.7,357.0,1.5,359.0,0.0,-99.8,-99.8,-99.8,-99.8,-99.8,-99.8,-99.8
2023-05-21 20:00:00,1003.6,25.0,91.0,0.6,318.0,1.6,30.0,0.0,-99.8,-99.8,-99.8,-99.8,-99.8,-99.8,-99.8
2023-05-21 21:00:00,1003.5,25.0,91.0,0.7,355.0,1.9,353.0,0.0,-99.8,-99.8,-99.8,-99.8,-99.8,-99.8,-99.8
2023-05-21 22:00:00,1003.4,24.8,91.0,0.8,332.0,1.4,360.0,0.0,-99.8,-99.8,-99.8,-99.8,-99.8,-99.8,-99.8
2023-05-21 23:00:00,1002.9,24.5,92.0,0.7,359.0,2.2,350.0,0.0,-99.8,-99.8,-99.8,-99.8,-99.8,-99.8,-99.8
2023-05-22 00:00:00,1002.4,24.5,91.0,1.0,359.0,1.9,33.0,0.0,-99.8,-99.8,-99.8,-99.8,-99.8,-99.8,-99.8
2023-05-22 01:00:00,1001.4,24.7,91.0,1.0,7.0,2.9,32.0,0.0,-99.8,-99.8,-99.8,-99.8,-99.8,-99.8,-99.8
2023-05-22 02:00:00,1000.6,25.0,88.0,0.8,2.0,2.6,1.0,0.0,-99.8,-99.8,-99.8,-99.8,-99.8,-99.8,-99.8
2023-05-22 03:00:00,1000.5,24.6,92.0,0.4,333.0,2.5,4.0,0.0,-99.8,-99.8,-99.8,-99.8,-99.8,-99.8,-99.8
2023-05-22 04:00:00,1000.4,24.4,92.0,0.4,336.0,1.8,12.0,0.0,-99.8,-99.8,-99.8,-99.8,-99.8,-99.8,-99.8
2023-05-22 05:00:00,1000.4,24.3,90.0,0.7,322.0,1.4,10.0,0.0,-99.8,-99.8,-99.8,-99.8,-99.8,-99.8,-99.8
2023-05-22 06:00:00,1000.4,24.4,92.0,0.4,330.0,1.4,323.0,0.0,-99.8,-99.8,-99.8,-99.8,-99.8,-99.8,-99.8
2023-05-22 07:00:00,1000.4,25.2,87.0,0.7,15.0,2.0,30.0,0.0,-99.8,-99.8,-99.8,-99.8,-99.8,-99.8,-99.8
2023-05-22 08:00:00,1000.4,28.9,78.0,0.7,74.0,1.8,216.0,0.0,-99.8,-99.8,-99.8,-99.8,-99.8,-99.8,-99.8
2023-05-22 09:00:00,1000.4,29.1,72.0,0.8,164.0,3.4,200.0,0.0,-99.8,-99.8,-99.8,-99.8,-99.8,-99.8,-99.8
2023-05-22 10:00:00,1000.1,27.5,85.0,0.1,0.0,3.7,196.0,0.0,-99.8,-99.8,-99.8,-99.8,-99.8,-99.8,-99.8
2023-05-22 11:00:00,999.7,28.2,82.0,0.6,92.0,3.8,39.0,0.0,-99.8,-99.8,-99.8,-99.8,-99.8,-99.8,-99.8
2023-05-22 12:00:00,999.1,32.2,67.0,1.2,145.0,2.7,139.0,0.0,-99.8,-99.8,-99.8,-99.8,-99.8,-99.8,-99.8
2023-05-22 13:00:00,999.2,31.7,70.0,1.0,156.0,3.3,152.0,0.0,-99.8,-99.8,-99.8,-99.8,-99.8,-99.8,-99.8
2023-05-22 14:00:00,998.9,31.8,66.0,1.4,149.0,3.7,167.0,0.0,-99.8,-99.8,-99.8,-99.8,-99.8,-99.8,-99.8
2023-05-22 15:00:00,998.4,30.8,73.0,1.3,165.0,2.9,161.0,0.0,-99.8,-99.8,-99.8,-99.8,-99.8,-99.8,-99.8
2023-05-22 16:00:00,998.3,27.4,85.0,1.4,226.0,3.3,230.0,0.0,-99.8,-99.8,-99.8,-99.8,-99.8,-99.8,-99.8
2023-05-22 17:00:00,998.6,27.7,83.0,0.0,0.0,2.6,221.0,0.0,-99.8,-99.8,-99.8,-99.8,-99.8,-99.8,-99.8
2023-05-22 18:00:00,998.9,26.9,86.0,0.5,11.0,2.4,218.0,0.0,-99.8,-99.8,-99.8,-99.8,-99.8,-99.8,-99.8
2023-05-22 19:00:00,999.4,26.5,89.0,0.6,356.0,1.5,297.0,0.0,-99.8,-99.8,-99.8,-99.8,-99.8,-99.8,-99.8
2023-05-22 20:00:00,999.9,26.3,88.0,0.6,360.0,1.5,26.0,0.0,-99.8,-99.8,-99.8,-99.8,-99.8,-99.8,-99.8
2023-05-22 21:00:00,1000.8,26.3,85.0,0.6,340.0,1.9,4.0,0.0,-99.8,-99.8,-99.8,-99.8,-99.8,-99.8,-99.8
2023-05-22 22:00:00,1001.7,25.5,87.0,1.3,228.0,8.0,214.0,0.0,-99.8,-99.8,-99.8,-99.8,-99.8,-99.8,-99.8
2023-05-22 23:00:00,1002.2,24.7,87.0,0.9,281.0,4.4,227.0,0.0,-99.8,-99.8,-99.8,-99.8,-99.8,-99.8,-99.8
2023-05-23 00:00:00,1002.3,24.1,86.0,1.3,235.0,4.7,249.0,0.0,-99.8,-99.8,-99.8,-99.8,-99.8,-99.8,-99.8
2023-05-23 01:00:00,1001.8,23.7,86.0,0.9,322.0,4.1,230.0,0.0,-99.8,-99.8,-99.8,-99.8,-99.8,-99.8,-99.8
2023-05-23 02:00:00,1002.2,23.6,89.0,0.2,0.0,2.4,234.0,0.0,-99.8,-99.8,-99.8,-99.8,-99.8,-99.8,-99.8
2023-05-23 03:00:00,1002.8,22.1,95.0,2.1,283.0,4.9,273.0,4.0,-99.8,-99.8,-99.8,-99.8,-99.8,-99.8,-99.8
2023-05-23 04:00:00,1003.1,21.9,96.0,1.0,300.0,5.3,273.0,2.5,-99.8,-99.8,-99.8,-99.8,-99.8,-99.8,-99.8
2023-05-23 05:00:00,1003.1,21.6,96.0,1.2,265.0,4.1,266.0,3.0,-99.8,-99.8,-99.8,-99.8,-99.8,-99.8,-99.8
2023-05-23 06:00:00,1003.3,21.6,97.0,0.1,0.0,3.4,220.0,1.0,-99.8,-99.8,-99.8,-99.8,-99.8,-99.8,-99.8
2023-05-23 07:00:00,1004.0,21.5,98.0,0.3,333.0,1.0,258.0,0.5,-99.8,-99.8,-99.8,-99.8,-99.8,-99.8,-99.8
2023-05-23 08:00:00,1004.8,21.8,97.0,0.4,277.0,1.5,249.0,0.5,-99.8,-99.8,-99.8,-99.8,-99.8,-99.8,-99.8
2023-05-23 09:00:00,1005.0,22.0,95.0,0.1,0.0,3.6,290.0,0.0,-99.8,-99.8,-99.8,-99.8,-99.8,-99.8,-99.8
2023-05-23 10:00:00,1005.2,21.9,90.0,0.5,285.0,5.6,280.0,0.0,-99.8,-99.8,-99.8,-99.8,-99.8,-99.8,-99.8
2023-05-23 11:00:00,1005.2,21.9,91.0,0.2,0.0,3.5,297.0,0.0,-99.8,-99.8,-99.8,-99.8,-99.8,-99.8,-99.8
2023-05-23 12:00:00,1005.1,21.9,89.0,0.5,335.0,3.2,266.0,0.0,-99.8,-99.8,-99.8,-99.8,-99.8,-99.8,-99.8
2023-05-23 13:00:00,1005.0,21.9,92.0,0.8,18.0,2.0,294.0,0.0,-99.8,-99.8,-99.8,-99.8,-99.8,-99.8,-99.8
2023-05-23 14:00:00,1004.9,22.4,89.0,0.2,0.0,2.4,27.0,0.0,-99.8,-99.8,-99.8,-99.8,-99.8,-99.8,-99.8
2023-05-23 15:00:00,1004.8,22.4,90.0,0.5,29.0,1.6,22.0,0.0,-99.8,-99.8,-99.8,-99.8,-99.8,-99.8,-99.8
2023-05-23 16:00:00,1004.8,21.9,90.0,0.3,334.0,1.8,36.0,0.0,-99.8,-99.8,-99.8,-99.8,-99.8,-99.8,-99.8
2023-05-23 17:00:00,1005.0,21.5,92.0,1.0,23.0,2.1,41.0,0.0,-99.8,-99.8,-99.8,-99.8,-99.8,-99.8,-99.8
2023-05-23 18:00:00,1005.3,21.3,92.0,0.2,0.0,1.6,28.0,0.0,-99.8,-99.8,-99.8,-99.8,-99.8,-99.8,-99.8
2023-05-23 19:00:00,1005.7,21.3,93.0,0.4,2.0,1.3,28.0,0.0,-99.8,-99.8,-99.8,-99.8,-99.8,-99.8,-99.8
2023-05-23 20:00:00,1006.5,21.1,93.0,0.5,328.0,1.1,320.0,0.0,-99.8,-99.8,-99.8,-99.8,-99.8,-99.8,-99.8
2023-05-23 21:00:00,1006.9,20.9,95.0,0.6,6.0,1.4,8.0,0.0,-99.8,-99.8,-99.8,-99.8,-99.8,-99.8,-99.8
2023-05-23 22:00:00,1007.8,20.6,95.0,0.5,354.0,1.3,298.0,0.0,-99.8,-99.8,-99.8,-99.8,-99.8,-99.8,-99.8
2023-05-23 23:00:00,1007.2,20.6,97.0,0.3,346.0,1.4,352.0,0.0,-99.8,-99.8,-99.8,-99.8,-99.8,-99.8,-99.8
2023-05-24 00:00:00,1006.7,20.5,96.0,0.6,352.0,1.5,8.0,0.0,-99.8,-99.8,-99.8,-99.8,-99.8,-99.8,-99.8
2023-05-24 01:00:00,1006.3,20.8,95.0,0.3,353.0,1.3,352.0,0.0,-99.8,-99.8,-99.8,-99.8,-99.8,-99.8,-99.8
2023-05-24 02:00:00,1005.9,21.0,93.0,0.7,340.0,1.6,295.0,0.0,-99.8,-99.8,-99.8,-99.8,-99.8,-99.8,-99.8
2023-05-24 03:00:00,1005.7,20.8,95.0,0.5,336.0,1.1,324.0,0.0,-99.8,-99.8,-99.8,-99.8,-99.8,-99.8,-99.8
2023-05-24 04:00:00,1005.4,20.9,94.0,0.5,340.0,1.0,318.0,0.0,-99.8,-99.8,-99.8,-99.8,-99.8,-99.8,-99.8
2023-05-24 05:00:00,1005.3,21.0,94.0,0.3,345.0,1.2,1.0,0.0,-99.8,-99.8,-99.8,-99.8,-99.8,-99.8,-99.8
2023-05-24 06:00:00,1005.5,21.4,93.0,0.4,355.0,1.3,9.0,0.0,-99.8,-99.8,-99.8,-99.8,-99.8,-99.8,-99.8
2023-05-24 07:00:00,1006.0,21.9,93.0,0.4,2.0,1.2,318.0,0.0,-99.8,-99.8,-99.8,-99.8,-99.8,-99.8,-99.8
2023-05-24 08:00:00,1005.9,22.9,86.0,1.0,18.0,1.6,25.0,0.0,-99.8,-99.8,-99.8,-99.8,-99.8,-99.8,-99.8
2023-05-24 09:00:00,1005.8,25.6,76.0,1.3,199.0,3.1,226.0,0.0,-99.8,-99.8,-99.8,-99.8,-99.8,-99.8,-99.8
2023-05-24 10:00:00,1005.6,25.1,78.0,1.2,199.0,3.2,209.0,0.0,-99.8,-99.8,-99.8,-99.8,-99.8,-99.8,-99.8
2023-05-24 11:00:00,1005.4,24.7,82.0,1.3,198.0,3.7,197.0,0.0,-99.8,-99.8,-99.8,-99.8,-99.8,-99.8,-99.8
2023-05-24 12:00:00,1004.8,24.0,84.0,0.5,100.0,3.1,228.0,0.0,-99.8,-99.8,-99.8,-99.8,-99.8,-99.8,-99.8
2023-05-24 13:00:00,1004.7,23.1,92.0,1.0,23.0,1.8,5.0,0.0,-99.8,-99.8,-99.8,-99.8,-99.8,-99.8,-99.8
2023-05-24 14:00:00,1004.5,22.8,94.0,0.8,12.0,1.7,29.0,0.0,-99.8,-99.8,-99.8,-99.8,-99.8,-99.8,-99.8
2023-05-24 15:00:00,1004.5,23.2,93.0,1.0,16.0,1.8,347.0,0.0,-99.8,-99.8,-99.8,-99.8,-99.8,-99.8,-99.8
2023-05-24 16:00:00,1004.7,23.2,93.0,0.5,12.0,1.6,16.0,0.0,-99.8,-99.8,-99.8,-99.8,-99.8,-99.8,-99.8
2023-05-24 17:00:00,1004.6,23.7,92.0,0.3,21.0,1.8,27.0,0.0,-99.8,-99.8,-99.8,-99.8,-99.8,-99.8,-99.8
2023-05-24 18:00:00,1005.1,23.1,92.0,0.5,353.0,1.2,324.0,0.0,-99.8,-99.8,-99.8,-99.8,-99.8,-99.8,-99.8
2023-05-24 19:00:00,1005.8,23.0,94.0,0.5,14.0,1.7,25.0,0.0,-99.8,-99.8,-99.8,-99.8,-99.8,-99.8,-99.8
2023-05-24 20:00:00,1006.4,22.8,95.0,0.5,13.0,1.6,357.0,0.5,-99.8,-99.8,-99.8,-99.8,-99.8,-99.8,-99.8
2023-05-24 21:00:00,1006.7,22.2,98.0,0.4,3.0,1.6,346.0,1.5,-99.8,-99.8,-99.8,-99.8,-99.8,-99.8,-99.8
2023-05-24 22:00:00,1006.7,22.1,99.0,0.6,8.0,1.8,20.0,0.0,-99.8,-99.8,-99.8,-99.8,-99.8,-99.8,-99.8
2023-05-24 23:00:00,1006.2,22.0,100.0,0.8,1.0,1.7,343.0,0.5,-99.8,-99.8,-99.8,-99.8,-99.8,-99.8,-99.8
2023-05-25 00:00:00,1006.3,21.9,100.0,0.7,8.0,2.0,2.0,0.0,-99.8,-99.8,-99.8,-99.8,-99.8,-99.8,-99.8
2023-05-25 01:00:00,1006.2,21.8,100.0,0.8,325.0,1.9,9.0,0.0,-99.8,-99.8,-99.8,-99.8,-99.8,-99.8,-99.8
2023-05-25 02:00:00,1005.9,22.1,99.0,0.7,2.0,1.8,17.0,0.0,-99.8,-99.8,-99.8,-99.8,-99.8,-99.8,-99.8
2023-05-25 03:00:00,1006.0,22.3,98.0,0.8,9.0,2.0,21.0,0.0,-99.8,-99.8,-99.8,-99.8,-99.8,-99.8,-99.8
2023-05-25 04:00:00,1006.4,22.6,97.0,0.6,354.0,2.5,358.0,0.0,-99.8,-99.8,-99.8,-99.8,-99.8,-99.8,-99.8
2023-05-25 05:00:00,1006.5,22.5,97.0,0.7,351.0,2.0,4.0,0.0,-99.8,-99.8,-99.8,-99.8,-99.8,-99.8,-99.8
2023-05-25 06:00:00,1007.2,22.9,95.0,1.0,15.0,1.9,27.0,0.0,-99.8,-99.8,-99.8,-99.8,-99.8,-99.8,-99.8
2023-05-25 07:00:00,1007.5,24.0,93.0,0.6,9.0,2.1,360.0,0.0,-99.8,-99.8,-99.8,-99.8,-99.8,-99.8,-99.8
2023-05-25 08:00:00,1007.3,26.9,84.0,0.8,54.0,2.0,38.0,0.0,-99.8,-99.8,-99.8,-99.8,-99.8,-99.8,-99.8
2023-05-25 09:00:00,1007.4,28.3,79.0,1.5,198.0,3.1,212.0,0.0,-99.8,-99.8,-99.8,-99.8,-99.8,-99.8,-99.8
2023-05-25 10:00:00,1007.7,29.2,73.0,1.4,182.0,2.7,200.0,0.0,-99.8,-99.8,-99.8,-99.8,-99.8,-99.8,-99.8
2023-05-25 11:00:00,1007.5,29.3,70.0,1.7,203.0,3.2,217.0,0.0,-99.8,-99.8,-99.8,-99.8,-99.8,-99.8,-99.8
2023-05-25 12:00:00,1007.2,27.5,78.0,1.2,204.0,3.4,209.0,0.0,-99.8,-99.8,-99.8,-99.8,-99.8,-99.8,-99.8
2023-05-25 13:00:00,1007.1,28.0,78.0,1.1,192.0,2.2,204.0,0.0,-99.8,-99.8,-99.8,-99.8,-99.8,-99.8,-99.8
2023-05-25 14:00:00,1006.7,27.8,79.0,0.4,177.0,1.8,216.0,0.0,-99.8,-99.8,-99.8,-99.8,-99.8,-99.8,-99.8
2023-05-25 15:00:00,1006.5,27.1,83.0,0.0,0.0,0.9,140.0,0.0,-99.8,-99.8,-99.8,-99.8,-99.8,-99.8,-99.8
2023-05-25 16:00:00,1006.3,26.6,84.0,0.3,54.0,1.8,9.0,0.0,-99.8,-99.8,-99.8,-99.8,-99.8,-99.8,-99.8
2023-05-25 17:00:00,1006.2,26.7,82.0,0.0,0.0,1.1,35.0,0.0,-99.8,-99.8,-99.8,-99.8,-99.8,-99.8,-99.8
2023-05-25 18:00:00,1006.5,25.8,87.0,0.1,0.0,0.7,32.0,0.0,-99.8,-99.8,-99.8,-99.8,-99.8,-99.8,-99.8
2023-05-25 19:00:00,1006.8,24.9,90.0,0.3,348.0,1.2,34.0,0.0,-99.8,-99.8,-99.8,-99.8,-99.8,-99.8,-99.8
2023-05-25 20:00:00,1007.6,24.6,89.0,0.9,344.0,2.1,7.0,0.0,-99.8,-99.8,-99.8,-99.8,-99.8,-99.8,-99.8
2023-05-25 21:00:00,1008.2,24.6,89.0,1.0,12.0,2.0,8.0,0.0,-99.8,-99.8,-99.8,-99.8,-99.8,-99.8,-99.8
2023-05-25 22:00:00,1008.7,25.0,90.0,0.5,345.0,2.1,16.0,0.0,-99.8,-99.8,-99.8,-99.8,-99.8,-99.8,-99.8
2023-05-25 23:00:00,1008.6,25.1,90.0,0.5,357.0,1.3,327.0,0.0,-99.8,-99.8,-99.8,-99.8,-99.8,-99.8,-99.8
2023-05-26 00:00:00,1008.5,25.3,92.0,0.8,205.0,1.6,19.0,0.0,-99.8,-99.8,-99.8,-99.8,-99.8,-99.8,-99.8
2023-05-26 01:00:00,1008.1,24.3,97.0,0.6,360.0,1.4,360.0,0.5,-99.8,-99.8,-99.8,-99.8,-99.8,-99.8,-99.8
2023-05-26 02:00:00,1007.6,24.2,98.0,0.5,353.0,1.1,5.0,0.0,-99.8,-99.8,-99.8,-99.8,-99.8,-99.8,-99.8
2023-05-26 03:00:00,1007.6,23.9,98.0,0.5,355.0,1.1,360.0,0.0,-99.8,-99.8,-99.8,-99.8,-99.8,-99.8,-99.8
2023-05-26 04:00:00,1007.4,23.8,99.0,0.5,8.0,1.5,360.0,0.0,-99.8,-99.8,-99.8,-99.8,-99.8,-99.8,-99.8
2023-05-26 05:00:00,1007.6,23.9,98.0,0.7,350.0,1.3,340.0,0.0,-99.8,-99.8,-99.8,-99.8,-99.8,-99.8,-99.8
2023-05-26 06:00:00,1008.0,24.1,98.0,0.5,345.0,0.9,323.0,0.0,-99.8,-99.8,-99.8,-99.8,-99.8,-99.8,-99.8
2023-05-26 07:00:00,1008.4,25.2,94.0,0.3,173.0,1.3,174.0,0.0,-99.8,-99.8,-99.8,-99.8,-99.8,-99.8,-99.8
2023-05-26 08:00:00,1008.6,26.5,86.0,0.8,177.0,3.1,211.0,0.0,-99.8,-99.8,-99.8,-99.8,-99.8,-99.8,-99.8
2023-05-26 09:00:00,1008.7,26.2,91.0,2.0,196.0,4.1,206.0,0.0,-99.8,-99.8,-99.8,-99.8,-99.8,-99.8,-99.8
2023-05-26 10:00:00,1008.6,28.4,81.0,1.5,195.0,3.9,206.0,0.0,-99.8,-99.8,-99.8,-99.8,-99.8,-99.8,-99.8
2023-05-26 11:00:00,1008.5,27.0,85.0,1.0,196.0,3.2,210.0,0.0,-99.8,-99.8,-99.8,-99.8,-99.8,-99.8,-99.8
2023-05-26 12:00:00,1008.1,28.4,80.0,1.3,193.0,3.0,202.0,0.0,-99.8,-99.8,-99.8,-99.8,-99.8,-99.8,-99.8
2023-05-26 13:00:00,1007.6,27.6,81.0,0.4,189.0,2.9,218.0,0.0,-99.8,-99.8,-99.8,-99.8,-99.8,-99.8,-99.8
2023-05-26 14:00:00,1007.0,27.6,81.0,0.6,180.0,2.3,224.0,0.0,-99.8,-99.8,-99.8,-99.8,-99.8,-99.8,-99.8
2023-05-26 15:00:00,1006.8,26.8,86.0,0.2,0.0,1.7,161.0,0.0,-99.8,-99.8,-99.8,-99.8,-99.8,-99.8,-99.8
2023-05-26 16:00:00,1006.6,25.5,94.0,0.4,298.0,2.2,218.0,0.5,-99.8,-99.8,-99.8,-99.8,-99.8,-99.8,-99.8
2023-05-26 17:00:00,1006.5,24.8,98.0,0.4,350.0,2.5,16.0,5.0,-99.8,-99.8,-99.8,-99.8,-99.8,-99.8,-99.8
2023-05-26 18:00:00,1006.7,24.6,99.0,0.3,358.0,2.2,17.0,8.5,-99.8,-99.8,-99.8,-99.8,-99.8,-99.8,-99.8
2023-05-26 19:00:00,1007.2,24.2,99.0,0.8,311.0,1.9,305.0,8.5,-99.8,-99.8,-99.8,-99.8,-99.8,-99.8,-99.8
2023-05-26 20:00:00,1007.5,24.1,99.0,0.3,8.0,1.6,275.0,4.0,-99.8,-99.8,-99.8,-99.8,-99.8,-99.8,-99.8
2023-05-26 21:00:00,1008.2,23.9,99.0,0.5,311.0,3.4,258.0,13.0,-99.8,-99.8,-99.8,-99.8,-99.8,-99.8,-99.8
2023-05-26 22:00:00,1008.5,23.8,100.0,0.2,0.0,3.2,13.0,9.5,-99.8,-99.8,-99.8,-99.8,-99.8,-99.8,-99.8
2023-05-26 23:00:00,1008.1,23.5,100.0,0.2,0.0,1.9,7.0,7.0,-99.8,-99.8,-99.8,-99.8,-99.8,-99.8,-99.8
2023-05-27 00:00:00,1008.0,23.4,100.0,0.5,11.0,2.0,22.0,9.5,-99.8,-99.8,-99.8,-99.8,-99.8,-99.8,-99.8
2023-05-27 01:00:00,1007.4,23.4,100.0,0.6,19.0,1.2,24.0,3.0,-99.8,-99.8,-99.8,-99.8,-99.8,-99.8,-99.8
2023-05-27 02:00:00,1006.8,23.0,100.0,0.5,18.0,2.2,29.0,0.5,-99.8,-99.8,-99.8,-99.8,-99.8,-99.8,-99.8
2023-05-27 03:00:00,1006.4,23.0,100.0,0.1,0.0,1.2,21.0,4.0,-99.8,-99.8,-99.8,-99.8,-99.8,-99.8,-99.8
2023-05-27 04:00:00,1006.4,22.8,100.0,0.6,2.0,1.4,8.0,2.5,-99.8,-99.8,-99.8,-99.8,-99.8,-99.8,-99.8
2023-05-27 05:00:00,1006.5,22.6,100.0,0.9,13.0,2.1,6.0,0.5,-99.8,-99.8,-99.8,-99.8,-99.8,-99.8,-99.8
2023-05-27 06:00:00,1006.8,22.7,100.0,0.6,14.0,2.0,10.0,0.5,-99.8,-99.8,-99.8,-99.8,-99.8,-99.8,-99.8
2023-05-27 07:00:00,1007.6,22.2,100.0,0.2,0.0,1.7,200.0,1.5,-99.8,-99.8,-99.8,-99.8,-99.8,-99.8,-99.8
2023-05-27 08:00:00,1007.9,22.8,100.0,0.3,340.0,1.6,18.0,0.5,-99.8,-99.8,-99.8,-99.8,-99.8,-99.8,-99.8
2023-05-27 09:00:00,1007.7,23.1,99.0,0.9,17.0,2.4,26.0,0.0,-99.8,-99.8,-99.8,-99.8,-99.8,-99.8,-99.8
2023-05-27 10:00:00,1007.9,24.1,97.0,0.6,11.0,2.0,356.0,0.0,-99.8,-99.8,-99.8,-99.8,-99.8,-99.8,-99.8
2023-05-27 11:00:00,1007.5,24.5,88.0,0.6,5.0,2.3,28.0,0.0,-99.8,-99.8,-99.8,-99.8,-99.8,-99.8,-99.8
2023-05-27 12:00:00,1007.2,25.2,91.0,0.2,0.0,1.7,23.0,0.0,-99.8,-99.8,-99.8,-99.8,-99.8,-99.8,-99.8
2023-05-27 13:00:00,1006.6,24.6,90.0,0.8,343.0,4.4,226.0,1.0,-99.8,-99.8,-99.8,-99.8,-99.8,-99.8,-99.8
2023-05-27 14:00:00,1005.9,24.2,97.0,0.5,10.0,2.3,242.0,0.5,-99.8,-99.8,-99.8,-99.8,-99.8,-99.8,-99.8
2023-05-27 15:00:00,1005.6,24.2,96.0,0.4,4.0,1.6,9.0,0.0,-99.8,-99.8,-99.8,-99.8,-99.8,-99.8,-99.8
2023-05-27 16:00:00,1005.5,23.7,96.0,0.8,14.0,1.4,11.0,0.0,-99.8,-99.8,-99.8,-99.8,-99.8,-99.8,-99.8
2023-05-27 17:00:00,1005.8,23.4,96.0,0.8,2.0,1.7,8.0,0.0,-99.8,-99.8,-99.8,-99.8,-99.8,-99.8,-99.8
2023-05-27 18:00:00,1005.9,23.2,97.0,0.8,10.0,1.7,348.0,0.0,-99.8,-99.8,-99.8,-99.8,-99.8,-99.8,-99.8
2023-05-27 19:00:00,1006.6,22.9,98.0,1.0,16.0,2.2,7.0,0.0,-99.8,-99.8,-99.8,-99.8,-99.8,-99.8,-99.8
2023-05-27 20:00:00,1007.0,22.6,96.0,0.7,326.0,2.2,359.0,0.0,-99.8,-99.8,-99.8,-99.8,-99.8,-99.8,-99.8
2023-05-27 21:00:00,1007.3,22.4,95.0,1.2,10.0,2.8,341.0,0.0,-99.8,-99.8,-99.8,-99.8,-99.8,-99.8,-99.8
2023-05-27 22:00:00,1007.6,21.9,92.0,1.1,15.0,3.0,41.0,0.0,-99.8,-99.8,-99.8,-99.8,-99.8,-99.8,-99.8
2023-05-27 23:00:00,1006.9,21.7,89.0,1.3,11.0,3.3,29.0,0.0,-99.8,-99.8,-99.8,-99.8,-99.8,-99.8,-99.8
2023-05-28 00:00:00,1006.2,21.9,88.0,1.5,18.0,3.0,358.0,0.0,-99.8,-99.8,-99.8,-99.8,-99.8,-99.8,-99.8
2023-05-28 01:00:00,1005.0,21.8,92.0,0.8,12.0,2.6,34.0,0.0,-99.8,-99.8,-99.8,-99.8,-99.8,-99.8,-99.8
2023-05-28 02:00:00,1004.5,21.4,92.0,0.8,353.0,2.5,344.0,0.0,-99.8,-99.8,-99.8,-99.8,-99.8,-99.8,-99.8
2023-05-28 03:00:00,1004.6,21.3,91.0,0.8,354.0,2.3,20.0,0.0,-99.8,-99.8,-99.8,-99.8,-99.8,-99.8,-99.8
2023-05-28 04:00:00,1004.4,21.4,90.0,0.7,337.0,1.6,310.0,0.0,-99.8,-99.8,-99.8,-99.8,-99.8,-99.8,-99.8
2023-05-28 05:00:00,1004.4,21.8,87.0,0.9,337.0,1.7,290.0,0.0,-99.8,-99.8,-99.8,-99.8,-99.8,-99.8,-99.8
2023-05-28 06:00:00,1004.3,23.0,82.0,1.1,20.0,3.3,9.0,0.0,-99.8,-99.8,-99.8,-99.8,-99.8,-99.8,-99.8
2023-05-28 07:00:00,1004.7,23.6,81.0,0.9,6.0,3.2,25.0,0.0,-99.8,-99.8,-99.8,-99.8,-99.8,-99.8,-99.8
2023-05-28 08:00:00,1005.0,26.7,77.0,0.8,54.0,2.0,234.0,0.0,-99.8,-99.8,-99.8,-99.8,-99.8,-99.8,-99.8
2023-05-28 09:00:00,1005.5,28.0,68.0,0.9,216.0,2.0,208.0,0.0,-99.8,-99.8,-99.8,-99.8,-99.8,-99.8,-99.8
2023-05-28 10:00:00,1005.1,29.3,68.0,1.8,209.0,3.1,230.0,0.0,-99.8,-99.8,-99.8,-99.8,-99.8,-99.8,-99.8
2023-05-28 11:00:00,1005.2,29.3,76.0,2.3,184.0,5.5,219.0,0.0,-99.8,-99.8,-99.8,-99.8,-99.8,-99.8,-99.8
2023-05-28 12:00:00,1004.4,28.4,79.0,2.2,204.0,4.5,216.0,0.0,-99.8,-99.8,-99.8,-99.8,-99.8,-99.8,-99.8
2023-05-28 13:00:00,1003.8,27.7,87.0,1.8,217.0,5.5,231.0,0.0,-99.8,-99.8,-99.8,-99.8,-99.8,-99.8,-99.8
2023-05-28 14:00:00,1003.7,27.7,81.0,2.8,233.0,4.8,263.0,0.0,-99.8,-99.8,-99.8,-99.8,-99.8,-99.8,-99.8
2023-05-28 15:00:00,1003.0,27.3,86.0,2.2,233.0,6.3,214.0,0.0,-99.8,-99.8,-99.8,-99.8,-99.8,-99.8,-99.8
2023-05-28 16:00:00,1003.0,27.0,88.0,1.6,243.0,6.1,280.0,0.0,-99.8,-99.8,-99.8,-99.8,-99.8,-99.8,-99.8
2023-05-28 17:00:00,1003.2,27.2,85.0,0.8,266.0,4.2,265.0,0.0,-99.8,-99.8,-99.8,-99.8,-99.8,-99.8,-99.8
2023-05-28 18:00:00,1003.3,26.5,90.0,0.4,234.0,1.4,225.0,0.0,-99.8,-99.8,-99.8,-99.8,-99.8,-99.8,-99.8
2023-05-28 19:00:00,1003.9,26.1,90.0,0.5,323.0,3.1,255.0,0.0,-99.8,-99.8,-99.8,-99.8,-99.8,-99.8,-99.8
2023-05-28 20:00:00,1004.6,25.5,91.0,0.9,19.0,1.6,23.0,0.0,-99.8,-99.8,-99.8,-99.8,-99.8,-99.8,-99.8
2023-05-28 21:00:00,1005.0,25.3,92.0,0.5,4.0,1.4,35.0,0.0,-99.8,-99.8,-99.8,-99.8,-99.8,-99.8,-99.8
2023-05-28 22:00:00,1005.1,24.9,92.0,0.6,356.0,1.5,25.0,0.0,-99.8,-99.8,-99.8,-99.8,-99.8,-99.8,-99.8
2023-05-28 23:00:00,1004.4,24.6,92.0,0.4,353.0,1.5,36.0,0.0,-99.8,-99.8,-99.8,-99.8,-99.8,-99.8,-99.8
2023-05-29 00:00:00,1004.0,24.9,91.0,0.5,306.0,1.5,36.0,0.0,-99.8,-99.8,-99.8,-99.8,-99.8,-99.8,-99.8
2023-05-29 01:00:00,1003.2,24.5,92.0,0.6,347.0,2.0,32.0,0.0,-99.8,-99.8,-99.8,-99.8,-99.8,-99.8,-99.8
2023-05-29 02:00:00,1002.3,24.2,91.0,0.8,350.0,2.0,334.0,0.0,-99.8,-99.8,-99.8,-99.8,-99.8,-99.8,-99.8
2023-05-29 03:00:00,1002.3,24.4,92.0,0.7,345.0,1.4,36.0,0.0,-99.8,-99.8,-99.8,-99.8,-99.8,-99.8,-99.8
2023-05-29 04:00:00,1001.8,24.3,91.0,1.0,13.0,1.9,353.0,0.0,-99.8,-99.8,-99.8,-99.8,-99.8,-99.8,-99.8
2023-05-29 05:00:00,1001.7,24.1,91.0,0.8,6.0,2.8,36.0,0.0,-99.8,-99.8,-99.8,-99.8,-99.8,-99.8,-99.8
2023-05-29 06:00:00,1001.4,24.5,91.0,0.6,2.0,1.9,1.0,0.0,-99.8,-99.8,-99.8,-99.8,-99.8,-99.8,-99.8
2023-05-29 07:00:00,1002.2,25.5,86.0,0.7,9.0,2.5,8.0,0.0,-99.8,-99.8,-99.8,-99.8,-99.8,-99.8,-99.8
2023-05-29 08:00:00,1002.2,28.5,81.0,1.6,231.0,4.7,241.0,0.0,-99.8,-99.8,-99.8,-99.8,-99.8,-99.8,-99.8
2023-05-29 09:00:00,1003.0,29.6,76.0,1.3,222.0,5.6,231.0,0.0,-99.8,-99.8,-99.8,-99.8,-99.8,-99.8,-99.8
2023-05-29 10:00:00,1002.0,29.7,75.0,1.7,236.0,6.6,214.0,0.0,-99.8,-99.8,-99.8,-99.8,-99.8,-99.8,-99.8
2023-05-29 11:00:00,1001.8,29.3,77.0,3.7,227.0,7.0,242.0,0.0,-99.8,-99.8,-99.8,-99.8,-99.8,-99.8,-99.8
2023-05-29 12:00:00,1001.2,30.0,74.0,1.0,205.0,7.9,223.0,0.0,-99.8,-99.8,-99.8,-99.8,-99.8,-99.8,-99.8
2023-05-29 13:00:00,999.5,32.0,71.0,1.4,199.0,4.2,218.0,0.0,-99.8,-99.8,-99.8,-99.8,-99.8,-99.8,-99.8
2023-05-29 14:00:00,999.2,30.7,75.0,2.0,227.0,6.7,236.0,0.0,-99.8,-99.8,-99.8,-99.8,-99.8,-99.8,-99.8
2023-05-29 15:00:00,999.0,30.0,74.0,1.5,249.0,12.0,278.0,0.0,-99.8,-99.8,-99.8,-99.8,-99.8,-99.8,-99.8
2023-05-29 16:00:00,999.2,28.9,79.0,0.9,241.0,9.0,234.0,0.0,-99.8,-99.8,-99.8,-99.8,-99.8,-99.8,-99.8
2023-05-29 17:00:00,998.9,28.7,79.0,0.8,46.0,5.5,232.0,0.0,-99.8,-99.8,-99.8,-99.8,-99.8,-99.8,-99.8
2023-05-29 18:00:00,999.6,28.2,81.0,0.8,115.0,4.8,165.0,0.0,-99.8,-99.8,-99.8,-99.8,-99.8,-99.8,-99.8
2023-05-29 19:00:00,1000.2,27.1,89.0,0.6,261.0,2.1,50.0,0.0,-99.8,-99.8,-99.8,-99.8,-99.8,-99.8,-99.8
2023-05-29 20:00:00,1000.2,26.8,87.0,0.6,311.0,2.5,28.0,0.0,-99.8,-99.8,-99.8,-99.8,-99.8,-99.8,-99.8
2023-05-29 21:00:00,1000.8,26.5,86.0,0.6,356.0,2.5,150.0,0.0,-99.8,-99.8,-99.8,-99.8,-99.8,-99.8,-99.8
2023-05-29 22:00:00,1000.7,26.3,86.0,0.2,0.0,1.3,319.0,0.0,-99.8,-99.8,-99.8,-99.8,-99.8,-99.8,-99.8
2023-05-29 23:00:00,1000.2,26.4,80.0,0.6,338.0,1.7,28.0,0.0,-99.8,-99.8,-99.8,-99.8,-99.8,-99.8,-99.8
2023-05-30 00:00:00,999.2,26.6,84.0,1.5,289.0,2.6,33.0,0.0,-99.8,-99.8,-99.8,-99.8,-99.8,-99.8,-99.8
2023-05-30 01:00:00,998.5,26.0,81.0,0.8,355.0,3.0,233.0,0.0,-99.8,-99.8,-99.8,-99.8,-99.8,-99.8,-99.8
2023-05-30 02:00:00,997.8,25.7,84.0,0.5,329.0,1.5,360.0,0.0,-99.8,-99.8,-99.8,-99.8,-99.8,-99.8,-99.8
2023-05-30 03:00:00,997.4,25.8,82.0,0.8,320.0,1.9,28.0,0.0,-99.8,-99.8,-99.8,-99.8,-99.8,-99.8,-99.8
2023-05-30 04:00:00,996.9,26.0,81.0,0.6,351.0,2.8,357.0,0.0,-99.8,-99.8,-99.8,-99.8,-99.8,-99.8,-99.8
2023-05-30 05:00:00,996.8,26.2,78.0,0.6,329.0,2.5,41.0,0.0,-99.8,-99.8,-99.8,-99.8,-99.8,-99.8,-99.8
2023-05-30 06:00:00,997.3,26.3,79.0,1.0,12.0,2.3,36.0,0.0,-99.8,-99.8,-99.8,-99.8,-99.8,-99.8,-99.8
2023-05-30 07:00:00,997.0,27.8,72.0,1.5,305.0,5.5,285.0,0.0,-99.8,-99.8,-99.8,-99.8,-99.8,-99.8,-99.8
2023-05-30 08:00:00,997.1,29.0,73.0,0.7,8.0,7.3,270.0,0.0,-99.8,-99.8,-99.8,-99.8,-99.8,-99.8,-99.8
2023-05-30 09:00:00,997.2,30.1,66.0,2.4,257.0,7.7,229.0,0.0,-99.8,-99.8,-99.8,-99.8,-99.8,-99.8,-99.8
2023-05-30 10:00:00,997.5,29.2,71.0,3.1,276.0,9.8,264.0,0.0,-99.8,-99.8,-99.8,-99.8,-99.8,-99.8,-99.8
2023-05-30 11:00:00,996.5,30.9,74.0,2.3,237.0,6.4,282.0,0.0,-99.8,-99.8,-99.8,-99.8,-99.8,-99.8,-99.8
2023-05-30 12:00:00,995.4,30.5,70.0,3.1,250.0,11.5,241.0,0.0,-99.8,-99.8,-99.8,-99.8,-99.8,-99.8,-99.8
2023-05-30 13:00:00,995.2,29.0,74.0,1.6,239.0,12.7,287.0,0.0,-99.8,-99.8,-99.8,-99.8,-99.8,-99.8,-99.8
2023-05-30 14:00:00,994.3,30.0,75.0,0.7,338.0,8.3,228.0,0.0,-99.8,-99.8,-99.8,-99.8,-99.8,-99.8,-99.8
2023-05-30 15:00:00,993.4,30.3,67.0,2.7,267.0,6.7,234.0,0.0,-99.8,-99.8,-99.8,-99.8,-99.8,-99.8,-99.8
2023-05-30 16:00:00,993.1,29.1,81.0,0.3,9.0,8.5,259.0,0.0,-99.8,-99.8,-99.8,-99.8,-99.8,-99.8,-99.8
2023-05-30 17:00:00,992.9,29.8,67.0,4.3,262.0,8.4,229.0,0.0,-99.8,-99.8,-99.8,-99.8,-99.8,-99.8,-99.8
2023-05-30 18:00:00,992.6,30.3,65.0,2.9,257.0,8.0,243.0,0.0,-99.8,-99.8,-99.8,-99.8,-99.8,-99.8,-99.8
2023-05-30 19:00:00,993.9,26.8,86.0,2.0,301.0,9.7,257.0,0.5,-99.8,-99.8,-99.8,-99.8,-99.8,-99.8,-99.8
2023-05-30 20:00:00,994.9,26.3,89.0,1.7,276.0,10.4,201.0,5.0,-99.8,-99.8,-99.8,-99.8,-99.8,-99.8,-99.8
2023-05-30 21:00:00,995.0,27.3,84.0,2.3,265.0,11.4,212.0,3.0,-99.8,-99.8,-99.8,-99.8,-99.8,-99.8,-99.8
2023-05-30 22:00:00,995.5,28.7,73.0,4.9,233.0,13.0,219.0,0.0,-99.8,-99.8,-99.8,-99.8,-99.8,-99.8,-99.8
2023-05-30 23:00:00,995.3,27.1,80.0,2.5,248.0,15.3,208.0,0.5,-99.8,-99.8,-99.8,-99.8,-99.8,-99.8,-99.8
2023-05-31 00:00:00,994.3,27.2,79.0,1.6,319.0,12.9,293.0,0.5,-99.8,-99.8,-99.8,-99.8,-99.8,-99.8,-99.8
2023-05-31 01:00:00,993.2,27.2,71.0,2.1,2.0,13.0,214.0,0.5,-99.8,-99.8,-99.8,-99.8,-99.8,-99.8,-99.8
2023-05-31 02:00:00,992.3,28.4,65.0,2.1,253.0,10.2,208.0,0.0,-99.8,-99.8,-99.8,-99.8,-99.8,-99.8,-99.8
2023-05-31 03:00:00,991.8,27.3,71.0,1.1,339.0,7.8,216.0,0.0,-99.8,-99.8,-99.8,-99.8,-99.8,-99.8,-99.8
2023-05-31 04:00:00,991.8,28.1,67.0,1.3,281.0,11.0,225.0,0.0,-99.8,-99.8,-99.8,-99.8,-99.8,-99.8,-99.8
2023-05-31 05:00:00,991.5,28.8,63.0,2.7,255.0,8.0,225.0,0.0,-99.8,-99.8,-99.8,-99.8,-99.8,-99.8,-99.8
2023-05-31 06:00:00,991.9,25.2,88.0,1.8,4.0,14.7,197.0,0.0,-99.8,-99.8,-99.8,-99.8,-99.8,-99.8,-99.8
2023-05-31 07:00:00,992.4,27.8,73.0,3.3,239.0,15.1,223.0,0.0,-99.8,-99.8,-99.8,-99.8,-99.8,-99.8,-99.8
2023-05-31 08:00:00,993.0,27.6,77.0,3.5,260.0,15.0,228.0,0.5,-99.8,-99.8,-99.8,-99.8,-99.8,-99.8,-99.8
2023-05-31 09:00:00,992.0,28.2,77.0,2.3,296.0,11.0,238.0,5.5,-99.8,-99.8,-99.8,-99.8,-99.8,-99.8,-99.8
2023-05-31 10:00:00,991.7,28.2,75.0,2.3,281.0,19.4,210.0,0.0,-99.8,-99.8,-99.8,-99.8,-99.8,-99.8,-99.8
2023-05-31 11:00:00,992.6,28.1,81.0,2.7,235.0,11.6,221.0,7.5,-99.8,-99.8,-99.8,-99.8,-99.8,-99.8,-99.8
2023-05-31 12:00:00,991.5,30.1,64.0,4.5,228.0,13.9,215.0,0.0,-99.8,-99.8,-99.8,-99.8,-99.8,-99.8,-99.8
2023-05-31 13:00:00,990.6,26.8,87.0,1.3,348.0,13.6,236.0,2.0,-99.8,-99.8,-99.8,-99.8,-99.8,-99.8,-99.8
2023-05-31 14:00:00,990.8,28.1,75.0,6.6,227.0,15.3,234.0,0.0,-99.8,-99.8,-99.8,-99.8,-99.8,-99.8,-99.8
2023-05-31 15:00:00,989.5,27.6,73.0,3.1,318.0,12.2,204.0,0.5,-99.8,-99.8,-99.8,-99.8,-99.8,-99.8,-99.8
2023-05-31 16:00:00,990.0,25.8,90.0,1.7,22.0,14.5,235.0,1.0,-99.8,-99.8,-99.8,-99.8,-99.8,-99.8,-99.8
2023-05-31 17:00:00,990.2,25.9,87.0,2.8,257.0,10.6,227.0,1.5,-99.8,-99.8,-99.8,-99.8,-99.8,-99.8,-99.8
2023-05-31 18:00:00,990.2,25.6,89.0,0.9,18.0,7.8,226.0,0.5,-99.8,-99.8,-99.8,-99.8,-99.8,-99.8,-99.8
2023-05-31 19:00:00,990.1,24.3,95.0,1.4,4.0,8.3,259.0,9.5,-99.8,-99.8,-99.8,-99.8,-99.8,-99.8,-99.8
2023-05-31 20:00:00,990.7,25.4,79.0,2.6,252.0,13.8,216.0,0.0,-99.8,-99.8,-99.8,-99.8,-99.8,-99.8,-99.8
2023-05-31 21:00:00,991.0,29.6,57.0,4.2,232.0,12.5,224.0,0.0,-99.8,-99.8,-99.8,-99.8,-99.8,-99.8,-99.8
2023-05-31 22:00:00,990.1,29.5,58.0,2.1,286.0,11.1,235.0,0.0,-99.8,-99.8,-99.8,-99.8,-99.8,-99.8,-99.8
2023-05-31 23:00:00,989.5,31.3,48.0,3.6,24.0,15.1,207.0,0.0,-99.8,-99.8,-99.8,-99.8,-99.8,-99.8,-99.8
2023-06-01 00:00:00,988.3,27.7,63.0,2.2,14.0,14.2,227.0,0.0,-99.8,-99.8,-99.8,-99.8,-99.8,-99.8,-99.8
2023-06-01 01:00:00,986.1,28.0,58.0,2.6,355.0,7.1,27.0,0.0,-99.8,-99.8,-99.8,-99.8,-99.8,-99.8,-99.8
2023-06-01 02:00:00,986.1,30.2,48.0,2.1,252.0,11.4,236.0,0.0,-99.8,-99.8,-99.8,-99.8,-99.8,-99.8,-99.8
2023-06-01 03:00:00,986.3,31.1,48.0,5.1,238.0,17.6,234.0,0.0,-99.8,-99.8,-99.8,-99.8,-99.8,-99.8,-99.8
2023-06-01 04:00:00,987.7,27.2,69.0,0.9,343.0,16.6,211.0,0.0,-99.8,-99.8,-99.8,-99.8,-99.8,-99.8,-99.8
2023-06-01 05:00:00,987.8,26.8,71.0,0.9,333.0,3.4,359.0,0.0,-99.8,-99.8,-99.8,-99.8,-99.8,-99.8,-99.8
2023-06-01 06:00:00,988.1,26.4,75.0,0.9,5.0,2.7,17.0,0.0,-99.8,-99.8,-99.8,-99.8,-99.8,-99.8,-99.8
2023-06-01 07:00:00,988.8,27.7,70.0,1.1,14.0,2.9,38.0,0.0,-99.8,-99.8,-99.8,-99.8,-99.8,-99.8,-99.8
2023-06-01 08:00:00,990.1,27.3,78.0,1.1,11.0,2.4,2.0,0.0,-99.8,-99.8,-99.8,-99.8,-99.8,-99.8,-99.8
2023-06-01 09:00:00,990.5,28.0,81.0,0.5,11.0,2.6,174.0,0.0,-99.8,-99.8,-99.8,-99.8,-99.8,-99.8,-99.8
2023-06-01 10:00:00,990.1,27.9,80.0,1.0,10.0,2.9,8.0,0.0,-99.8,-99.8,-99.8,-99.8,-99.8,-99.8,-99.8
2023-06-01 11:00:00,989.7,31.8,58.0,0.2,0.0,2.4,137.0,0.0,-99.8,-99.8,-99.8,-99.8,-99.8,-99.8,-99.8
2023-06-01 12:00:00,989.3,32.0,62.0,1.5,189.0,3.1,199.0,0.0,-99.8,-99.8,-99.8,-99.8,-99.8,-99.8,-99.8
2023-06-01 13:00:00,989.1,31.8,63.0,2.5,195.0,5.0,196.0,0.0,-99.8,-99.8,-99.8,-99.8,-99.8,-99.8,-99.8
2023-06-01 14:00:00,989.6,32.5,61.0,1.4,187.0,4.3,199.0,0.0,-99.8,-99.8,-99.8,-99.8,-99.8,-99.8,-99.8
2023-06-01 15:00:00,989.9,32.7,61.0,1.0,175.0,2.6,203.0,0.0,-99.8,-99.8,-99.8,-99.8,-99.8,-99.8,-99.8
2023-06-01 16:00:00,989.8,28.6,75.0,0.5,357.0,2.1,215.0,0.0,-99.8,-99.8,-99.8,-99.8,-99.8,-99.8,-99.8
2023-06-01 17:00:00,990.4,27.6,80.0,0.8,344.0,2.1,17.0,0.0,-99.8,-99.8,-99.8,-99.8,-99.8,-99.8,-99.8
2023-06-01 18:00:00,991.3,27.3,81.0,0.8,359.0,1.8,23.0,0.0,-99.8,-99.8,-99.8,-99.8,-99.8,-99.8,-99.8
2023-06-01 19:00:00,992.1,26.6,85.0,0.6,358.0,2.3,30.0,0.0,-99.8,-99.8,-99.8,-99.8,-99.8,-99.8,-99.8
2023-06-01 20:00:00,993.2,26.3,86.0,0.8,353.0,2.4,3.0,0.0,-99.8,-99.8,-99.8,-99.8,-99.8,-99.8,-99.8
2023-06-01 21:00:00,994.5,26.3,87.0,0.8,351.0,1.9,25.0,0.0,-99.8,-99.8,-99.8,-99.8,-99.8,-99.8,-99.8
2023-06-01 22:00:00,995.2,26.2,89.0,0.4,354.0,2.0,28.0,0.0,-99.8,-99.8,-99.8,-99.8,-99.8,-99.8,-99.8
2023-06-01 23:00:00,995.7,26.1,87.0,0.7,356.0,2.1,9.0,0.0,-99.8,-99.8,-99.8,-99.8,-99.8,-99.8,-99.8
2023-06-02 00:00:00,995.3,26.2,84.0,1.0,13.0,2.4,357.0,0.0,-99.8,-99.8,-99.8,-99.8,-99.8,-99.8,-99.8
2023-06-02 01:00:00,995.2,25.8,88.0,0.7,355.0,2.1,231.0,0.0,-99.8,-99.8,-99.8,-99.8,-99.8,-99.8,-99.8
2023-06-02 02:00:00,995.3,25.6,89.0,0.8,360.0,1.4,354.0,0.0,-99.8,-99.8,-99.8,-99.8,-99.8,-99.8,-99.8
2023-06-02 03:00:00,995.6,25.7,87.0,0.9,15.0,1.7,21.0,0.0,-99.8,-99.8,-99.8,-99.8,-99.8,-99.8,-99.8
2023-06-02 04:00:00,995.6,25.9,87.0,0.7,358.0,2.0,18.0,0.0,-99.8,-99.8,-99.8,-99.8,-99.8,-99.8,-99.8
2023-06-02 05:00:00,996.2,26.1,88.0,0.7,360.0,1.8,265.0,0.0,-99.8,-99.8,-99.8,-99.8,-99.8,-99.8,-99.8
2023-06-02 06:00:00,997.1,26.3,89.0,0.5,346.0,1.3,28.0,0.0,-99.8,-99.8,-99.8,-99.8,-99.8,-99.8,-99.8
2023-06-02 07:00:00,998.1,27.5,87.0,0.6,230.0,1.2,337.0,0.0,-99.8,-99.8,-99.8,-99.8,-99.8,-99.8,-99.8
2023-06-02 08:00:00,998.7,29.7,77.0,0.8,181.0,2.1,223.0,0.0,-99.8,-99.8,-99.8,-99.8,-99.8,-99.8,-99.8
2023-06-02 09:00:00,999.1,29.1,83.0,0.8,182.0,2.0,169.0,0.0,-99.8,-99.8,-99.8,-99.8,-99.8,-99.8,-99.8
2023-06-02 10:00:00,999.4,30.6,81.0,2.4,184.0,4.0,172.0,0.0,-99.8,-99.8,-99.8,-99.8,-99.8,-99.8,-99.8
2023-06-02 11:00:00,999.3,31.4,78.0,1.8,161.0,6.1,209.0,0.0,-99.8,-99.8,-99.8,-99.8,-99.8,-99.8,-99.8
2023-06-02 12:00:00,999.2,30.0,78.0,0.5,126.0,2.9,147.0,0.0,-99.8,-99.8,-99.8,-99.8,-99.8,-99.8,-99.8
2023-06-02 13:00:00,999.0,27.9,88.0,1.7,232.0,3.4,232.0,0.0,-99.8,-99.8,-99.8,-99.8,-99.8,-99.8,-99.8
2023-06-02 14:00:00,999.1,27.0,94.0,0.6,313.0,3.8,224.0,4.5,-99.8,-99.8,-99.8,-99.8,-99.8,-99.8,-99.8
2023-06-02 15:00:00,999.1,26.7,97.0,0.7,13.0,2.7,25.0,6.0,-99.8,-99.8,-99.8,-99.8,-99.8,-99.8,-99.8
2023-06-02 16:00:00,999.1,26.3,96.0,1.2,15.0,2.5,330.0,1.0,-99.8,-99.8,-99.8,-99.8,-99.8,-99.8,-99.8
2023-06-02 17:00:00,999.4,26.1,97.0,0.7,8.0,2.7,11.0,2.0,-99.8,-99.8,-99.8,-99.8,-99.8,-99.8,-99.8
2023-06-02 18:00:00,1000.1,26.0,97.0,0.6,343.0,2.3,36.0,0.0,-99.8,-99.8,-99.8,-99.8,-99.8,-99.8,-99.8
2023-06-02 19:00:00,1000.8,25.5,97.0,1.3,20.0,2.5,32.0,0.0,-99.8,-99.8,-99.8,-99.8,-99.8,-99.8,-99.8
2023-06-02 20:00:00,1001.7,25.5,97.0,0.8,360.0,2.3,17.0,0.0,-99.8,-99.8,-99.8,-99.8,-99.8,-99.8,-99.8
2023-06-02 21:00:00,1002.6,25.4,97.0,1.3,16.0,2.7,25.0,0.5,-99.8,-99.8,-99.8,-99.8,-99.8,-99.8,-99.8
2023-06-02 22:00:00,1003.4,25.1,98.0,0.8,1.0,2.3,25.0,3.0,-99.8,-99.8,-99.8,-99.8,-99.8,-99.8,-99.8
2023-06-02 23:00:00,1003.3,25.0,99.0,0.7,9.0,2.1,22.0,6.5,-99.8,-99.8,-99.8,-99.8,-99.8,-99.8,-99.8
2023-06-03 00:00:00,1003.4,25.0,99.0,0.0,0.0,2.0,29.0,2.5,-99.8,-99.8,-99.8,-99.8,-99.8,-99.8,-99.8
2023-06-03 01:00:00,1003.1,24.9,99.0,0.8,11.0,2.0,217.0,16.5,-99.8,-99.8,-99.8,-99.8,-99.8,-99.8,-99.8
2023-06-03 02:00:00,1002.7,24.3,99.0,1.4,8.0,3.6,10.0,6.0,-99.8,-99.8,-99.8,-99.8,-99.8,-99.8,-99.8
2023-06-03 03:00:00,1002.4,24.6,99.0,0.6,326.0,2.5,356.0,0.5,-99.8,-99.8,-99.8,-99.8,-99.8,-99.8,-99.8
2023-06-03 04:00:00,1001.7,24.4,99.0,0.8,328.0,1.8,318.0,0.0,-99.8,-99.8,-99.8,-99.8,-99.8,-99.8,-99.8
2023-06-03 05:00:00,1001.9,24.2,100.0,0.9,3.0,2.5,14.0,0.0,-99.8,-99.8,-99.8,-99.8,-99.8,-99.8,-99.8
2023-06-03 06:00:00,1002.8,24.5,99.0,0.6,356.0,2.9,328.0,0.0,-99.8,-99.8,-99.8,-99.8,-99.8,-99.8,-99.8
2023-06-03 07:00:00,1003.3,25.1,98.0,1.2,18.0,1.8,353.0,0.0,-99.8,-99.8,-99.8,-99.8,-99.8,-99.8,-99.8
2023-06-03 08:00:00,1004.0,28.5,87.0,0.2,0.0,2.6,40.0,0.0,-99.8,-99.8,-99.8,-99.8,-99.8,-99.8,-99.8
2023-06-03 09:00:00,1004.3,31.0,75.0,1.7,189.0,2.8,200.0,0.0,-99.8,-99.8,-99.8,-99.8,-99.8,-99.8,-99.8
2023-06-03 10:00:00,1004.5,31.1,77.0,1.5,196.0,3.1,207.0,0.0,-99.8,-99.8,-99.8,-99.8,-99.8,-99.8,-99.8
2023-06-03 11:00:00,1004.4,32.0,73.0,1.3,179.0,2.9,213.0,0.0,-99.8,-99.8,-99.8,-99.8,-99.8,-99.8,-99.8
2023-06-03 12:00:00,1004.1,30.4,79.0,0.9,174.0,2.3,225.0,0.0,-99.8,-99.8,-99.8,-99.8,-99.8,-99.8,-99.8
2023-06-03 13:00:00,1003.7,29.4,83.0,1.1,201.0,2.9,219.0,0.0,-99.8,-99.8,-99.8,-99.8,-99.8,-99.8,-99.8
2023-06-03 14:00:00,1003.4,28.3,88.0,0.9,218.0,3.5,215.0,0.0,-99.8,-99.8,-99.8,-99.8,-99.8,-99.8,-99.8
2023-06-03 15:00:00,1002.9,27.9,91.0,2.4,231.0,3.9,217.0,0.0,-99.8,-99.8,-99.8,-99.8,-99.8,-99.8,-99.8
2023-06-03 16:00:00,1003.0,26.9,95.0,1.9,233.0,5.5,232.0,3.5,-99.8,-99.8,-99.8,-99.8,-99.8,-99.8,-99.8
2023-06-03 17:00:00,1003.2,25.6,98.0,0.8,8.0,2.5,15.0,18.5,-99.8,-99.8,-99.8,-99.8,-99.8,-99.8,-99.8
2023-06-03 18:00:00,1003.4,24.9,99.0,1.5,18.0,4.6,35.0,27.5,-99.8,-99.8,-99.8,-99.8,-99.8,-99.8,-99.8
2023-06-03 19:00:00,1004.1,24.8,99.0,1.3,16.0,2.8,26.0,22.5,-99.8,-99.8,-99.8,-99.8,-99.8,-99.8,-99.8
2023-06-03 20:00:00,1004.8,24.4,100.0,1.0,11.0,2.5,20.0,26.5,-99.8,-99.8,-99.8,-99.8,-99.8,-99.8,-99.8
2023-06-03 21:00:00,1005.4,24.2,100.0,0.3,332.0,2.3,21.0,17.0,-99.8,-99.8,-99.8,-99.8,-99.8,-99.8,-99.8
2023-06-03 22:00:00,1005.7,24.4,100.0,0.9,18.0,1.7,19.0,6.0,-99.8,-99.8,-99.8,-99.8,-99.8,-99.8,-99.8
2023-06-03 23:00:00,1005.8,24.2,100.0,0.4,6.0,2.1,16.0,4.5,-99.8,-99.8,-99.8,-99.8,-99.8,-99.8,-99.8
2023-06-04 00:00:00,1005.5,24.4,100.0,1.0,13.0,2.1,16.0,2.0,-99.8,-99.8,-99.8,-99.8,-99.8,-99.8,-99.8
2023-06-04 01:00:00,1005.2,24.4,100.0,0.5,17.0,1.6,20.0,1.0,-99.8,-99.8,-99.8,-99.8,-99.8,-99.8,-99.8
2023-06-04 02:00:00,1005.0,24.3,100.0,0.2,0.0,1.4,93.0,1.0,-99.8,-99.8,-99.8,-99.8,-99.8,-99.8,-99.8
2023-06-04 03:00:00,1004.5,24.2,100.0,0.7,329.0,2.9,19.0,0.5,-99.8,-99.8,-99.8,-99.8,-99.8,-99.8,-99.8
2023-06-04 04:00:00,1004.3,24.1,100.0,0.6,334.0,1.6,5.0,0.0,-99.8,-99.8,-99.8,-99.8,-99.8,-99.8,-99.8
2023-06-04 05:00:00,1004.4,24.2,100.0,0.8,350.0,2.0,327.0,0.0,-99.8,-99.8,-99.8,-99.8,-99.8,-99.8,-99.8
2023-06-04 06:00:00,1004.5,24.7,99.0,0.9,334.0,2.8,358.0,0.0,-99.8,-99.8,-99.8,-99.8,-99.8,-99.8,-99.8
2023-06-04 07:00:00,1004.8,25.4,98.0,0.7,6.0,1.6,358.0,0.0,-99.8,-99.8,-99.8,-99.8,-99.8,-99.8,-99.8
2023-06-04 08:00:00,1005.0,26.9,90.0,0.4,356.0,1.8,28.0,0.0,-99.8,-99.8,-99.8,-99.8,-99.8,-99.8,-99.8
2023-06-04 09:00:00,1004.9,27.5,89.0,0.9,202.0,2.6,207.0,0.0,-99.8,-99.8,-99.8,-99.8,-99.8,-99.8,-99.8
2023-06-04 10:00:00,1004.8,27.1,91.0,0.5,23.0,2.3,214.0,0.0,-99.8,-99.8,-99.8,-99.8,-99.8,-99.8,-99.8
2023-06-04 11:00:00,1004.8,27.0,93.0,0.4,348.0,2.5,235.0,0.0,-99.8,-99.8,-99.8,-99.8,-99.8,-99.8,-99.8
2023-06-04 12:00:00,1004.4,27.1,92.0,0.2,0.0,1.4,28.0,0.0,-99.8,-99.8,-99.8,-99.8,-99.8,-99.8,-99.8
2023-06-04 13:00:00,1004.1,27.3,93.0,0.3,4.0,1.3,36.0,0.0,-99.8,-99.8,-99.8,-99.8,-99.8,-99.8,-99.8
2023-06-04 14:00:00,1003.6,29.3,84.0,1.0,200.0,2.2,208.0,0.0,-99.8,-99.8,-99.8,-99.8,-99.8,-99.8,-99.8
2023-06-04 15:00:00,1003.3,28.3,86.0,0.5,166.0,2.2,212.0,0.0,-99.8,-99.8,-99.8,-99.8,-99.8,-99.8,-99.8
2023-06-04 16:00:00,1003.1,26.7,95.0,0.4,359.0,2.3,208.0,1.0,-99.8,-99.8,-99.8,-99.8,-99.8,-99.8,-99.8
2023-06-04 17:00:00,1003.0,25.5,98.0,0.4,6.0,2.0,332.0,13.0,-99.8,-99.8,-99.8,-99.8,-99.8,-99.8,-99.8
2023-06-04 18:00:00,1003.1,25.1,99.0,1.3,13.0,2.8,26.0,29.0,-99.8,-99.8,-99.8,-99.8,-99.8,-99.8,-99.8
2023-06-04 19:00:00,1003.6,25.1,100.0,0.5,7.0,2.0,359.0,13.5,-99.8,-99.8,-99.8,-99.8,-99.8,-99.8,-99.8
2023-06-04 20:00:00,1003.8,25.1,100.0,1.2,13.0,3.0,22.0,34.0,-99.8,-99.8,-99.8,-99.8,-99.8,-99.8,-99.8
2023-06-04 21:00:00,1004.4,24.8,100.0,1.7,16.0,2.9,24.0,55.0,-99.8,-99.8,-99.8,-99.8,-99.8,-99.8,-99.8
2023-06-04 22:00:00,1004.8,25.1,100.0,0.9,353.0,3.8,13.0,26.5,-99.8,-99.8,-99.8,-99.8,-99.8,-99.8,-99.8
2023-06-04 23:00:00,1005.0,25.0,100.0,1.0,19.0,5.1,28.0,25.5,-99.8,-99.8,-99.8,-99.8,-99.8,-99.8,-99.8
2023-06-05 00:00:00,1004.7,25.0,100.0,0.4,359.0,3.5,297.0,0.5,-99.8,-99.8,-99.8,-99.8,-99.8,-99.8,-99.8
2023-06-05 01:00:00,1004.3,25.1,100.0,0.9,352.0,2.7,18.0,0.0,-99.8,-99.8,-99.8,-99.8,-99.8,-99.8,-99.8
2023-06-05 02:00:00,1004.1,25.2,100.0,0.9,15.0,2.2,11.0,1.0,-99.8,-99.8,-99.8,-99.8,-99.8,-99.8,-99.8
2023-06-05 03:00:00,1003.7,25.1,100.0,0.6,349.0,2.0,22.0,0.0,-99.8,-99.8,-99.8,-99.8,-99.8,-99.8,-99.8
2023-06-05 04:00:00,1003.4,25.0,100.0,0.4,333.0,1.2,31.0,0.0,-99.8,-99.8,-99.8,-99.8,-99.8,-99.8,-99.8
2023-06-05 05:00:00,1003.5,25.1,100.0,0.7,348.0,1.4,23.0,2.0,-99.8,-99.8,-99.8,-99.8,-99.8,-99.8,-99.8
2023-06-05 06:00:00,1003.9,25.1,100.0,0.7,349.0,2.2,303.0,0.0,-99.8,-99.8,-99.8,-99.8,-99.8,-99.8,-99.8
2023-06-05 07:00:00,1004.0,26.0,100.0,0.9,20.0,1.6,8.0,0.0,-99.8,-99.8,-99.8,-99.8,-99.8,-99.8,-99.8
2023-06-05 08:00:00,1004.0,29.4,83.0,1.3,195.0,2.7,208.0,0.0,-99.8,-99.8,-99.8,-99.8,-99.8,-99.8,-99.8
2023-06-05 09:00:00,1003.9,30.3,83.0,1.3,194.0,2.8,214.0,0.0,-99.8,-99.8,-99.8,-99.8,-99.8,-99.8,-99.8
2023-06-05 10:00:00,1003.5,30.1,80.0,2.1,198.0,3.8,214.0,0.0,-99.8,-99.8,-99.8,-99.8,-99.8,-99.8,-99.8
2023-06-05 11:00:00,1003.5,27.9,89.0,1.4,207.0,5.3,206.0,0.0,-99.8,-99.8,-99.8,-99.8,-99.8,-99.8,-99.8
2023-06-05 12:00:00,1003.4,28.1,88.0,1.1,210.0,4.8,197.0,0.0,-99.8,-99.8,-99.8,-99.8,-99.8,-99.8,-99.8
2023-06-05 13:00:00,1003.4,27.8,90.0,0.6,219.0,3.4,219.0,0.0,-99.8,-99.8,-99.8,-99.8,-99.8,-99.8,-99.8
2023-06-05 14:00:00,1003.0,27.8,91.0,0.2,0.0,2.6,205.0,0.0,-99.8,-99.8,-99.8,-99.8,-99.8,-99.8,-99.8
2023-06-05 15:00:00,1002.6,27.4,93.0,1.1,238.0,3.2,226.0,0.0,-99.8,-99.8,-99.8,-99.8,-99.8,-99.8,-99.8
2023-06-05 16:00:00,1002.4,27.5,93.0,1.4,213.0,4.2,213.0,0.0,-99.8,-99.8,-99.8,-99.8,-99.8,-99.8,-99.8
2023-06-05 17:00:00,1002.7,27.4,93.0,1.6,205.0,4.4,208.0,0.0,-99.8,-99.8,-99.8,-99.8,-99.8,-99.8,-99.8
2023-06-05 18:00:00,1003.0,27.3,92.0,1.4,205.0,4.2,198.0,0.0,-99.8,-99.8,-99.8,-99.8,-99.8,-99.8,-99.8
2023-06-05 19:00:00,1003.5,27.1,94.0,1.3,216.0,4.6,237.0,0.0,-99.8,-99.8,-99.8,-99.8,-99.8,-99.8,-99.8
2023-06-05 20:00:00,1004.2,27.1,93.0,0.5,256.0,3.7,242.0,0.0,-99.8,-99.8,-99.8,-99.8,-99.8,-99.8,-99.8
2023-06-05 21:00:00,1004.9,27.0,93.0,1.2,257.0,3.8,168.0,0.5,-99.8,-99.8,-99.8,-99.8,-99.8,-99.8,-99.8
2023-06-05 22:00:00,1005.4,26.5,95.0,1.0,318.0,3.1,48.0,1.5,-99.8,-99.8,-99.8,-99.8,-99.8,-99.8,-99.8
2023-06-05 23:00:00,1005.8,24.7,99.0,1.2,13.0,2.9,5.0,33.0,-99.8,-99.8,-99.8,-99.8,-99.8,-99.8,-99.8
2023-06-06 00:00:00,1005.6,24.2,100.0,0.7,4.0,3.1,357.0,25.5,-99.8,-99.8,-99.8,-99.8,-99.8,-99.8,-99.8
2023-06-06 01:00:00,1004.5,24.3,100.0,0.4,359.0,2.8,13.0,5.5,-99.8,-99.8,-99.8,-99.8,-99.8,-99.8,-99.8
2023-06-06 02:00:00,1003.6,24.2,99.0,1.5,14.0,3.9,9.0,2.0,-99.8,-99.8,-99.8,-99.8,-99.8,-99.8,-99.8
2023-06-06 03:00:00,1003.1,24.0,99.0,1.0,355.0,3.3,11.0,0.0,-99.8,-99.8,-99.8,-99.8,-99.8,-99.8,-99.8
2023-06-06 04:00:00,1002.6,24.1,98.0,0.7,4.0,3.0,40.0,0.0,-99.8,-99.8,-99.8,-99.8,-99.8,-99.8,-99.8
2023-06-06 05:00:00,1002.3,24.0,99.0,0.8,1.0,2.3,21.0,0.0,-99.8,-99.8,-99.8,-99.8,-99.8,-99.8,-99.8
2023-06-06 06:00:00,1002.9,24.1,99.0,1.1,6.0,2.7,13.0,0.0,-99.8,-99.8,-99.8,-99.8,-99.8,-99.8,-99.8
2023-06-06 07:00:00,1002.9,24.8,96.0,1.0,12.0,2.2,20.0,0.0,-99.8,-99.8,-99.8,-99.8,-99.8,-99.8,-99.8
2023-06-06 08:00:00,1003.2,29.9,79.0,0.8,186.0,2.6,25.0,0.0,-99.8,-99.8,-99.8,-99.8,-99.8,-99.8,-99.8
2023-06-06 09:00:00,1003.2,28.2,86.0,1.2,194.0,2.8,211.0,0.0,-99.8,-99.8,-99.8,-99.8,-99.8,-99.8,-99.8
2023-06-06 10:00:00,1003.6,27.6,90.0,1.3,209.0,3.5,201.0,0.0,-99.8,-99.8,-99.8,-99.8,-99.8,-99.8,-99.8
2023-06-06 11:00:00,1003.6,27.8,90.0,1.7,203.0,4.8,204.0,0.0,-99.8,-99.8,-99.8,-99.8,-99.8,-99.8,-99.8
2023-06-06 12:00:00,1003.6,27.9,88.0,1.5,194.0,5.1,198.0,0.0,-99.8,-99.8,-99.8,-99.8,-99.8,-99.8,-99.8
2023-06-06 13:00:00,1003.1,27.7,90.0,1.7,192.0,4.8,192.0,0.0,-99.8,-99.8,-99.8,-99.8,-99.8,-99.8,-99.8
2023-06-06 14:00:00,1002.9,27.5,91.0,2.4,203.0,5.4,203.0,0.0,-99.8,-99.8,-99.8,-99.8,-99.8,-99.8,-99.8
2023-06-06 15:00:00,1002.4,27.5,91.0,1.6,188.0,4.3,236.0,0.0,-99.8,-99.8,-99.8,-99.8,-99.8,-99.8,-99.8
2023-06-06 16:00:00,1002.3,27.5,89.0,0.8,190.0,5.0,215.0,0.0,-99.8,-99.8,-99.8,-99.8,-99.8,-99.8,-99.8
2023-06-06 17:00:00,1002.4,26.9,93.0,1.0,20.0,2.6,205.0,0.0,-99.8,-99.8,-99.8,-99.8,-99.8,-99.8,-99.8
2023-06-06 18:00:00,1002.7,26.6,95.0,0.8,360.0,1.8,34.0,0.0,-99.8,-99.8,-99.8,-99.8,-99.8,-99.8,-99.8
2023-06-06 19:00:00,1003.5,26.5,95.0,0.7,338.0,2.6,28.0,0.0,-99.8,-99.8,-99.8,-99.8,-99.8,-99.8,-99.8
2023-06-06 20:00:00,1004.5,26.4,96.0,0.7,11.0,2.6,18.0,0.0,-99.8,-99.8,-99.8,-99.8,-99.8,-99.8,-99.8
2023-06-06 21:00:00,1005.0,26.0,98.0,0.7,354.0,3.6,36.0,1.5,-99.8,-99.8,-99.8,-99.8,-99.8,-99.8,-99.8
2023-06-06 22:00:00,1005.5,26.0,98.0,1.3,14.0,3.4,39.0,0.5,-99.8,-99.8,-99.8,-99.8,-99.8,-99.8,-99.8
2023-06-06 23:00:00,1005.4,26.0,99.0,0.6,336.0,2.1,14.0,0.0,-99.8,-99.8,-99.8,-99.8,-99.8,-99.8,-99.8
2023-06-07 00:00:00,1004.8,25.7,99.0,0.7,348.0,1.6,353.0,0.0,-99.8,-99.8,-99.8,-99.8,-99.8,-99.8,-99.8
2023-06-07 01:00:00,1004.3,25.6,98.0,0.7,12.0,1.6,10.0,0.0,-99.8,-99.8,-99.8,-99.8,-99.8,-99.8,-99.8
2023-06-07 02:00:00,1003.7,25.2,98.0,0.8,9.0,1.9,339.0,0.0,-99.8,-99.8,-99.8,-99.8,-99.8,-99.8,-99.8
2023-06-07 03:00:00,1003.6,25.0,95.0,0.9,24.0,2.5,332.0,0.0,-99.8,-99.8,-99.8,-99.8,-99.8,-99.8,-99.8
2023-06-07 04:00:00,1004.0,24.8,98.0,0.5,347.0,1.2,29.0,0.0,-99.8,-99.8,-99.8,-99.8,-99.8,-99.8,-99.8
2023-06-07 05:00:00,1004.3,24.4,97.0,0.9,351.0,1.6,360.0,0.0,-99.8,-99.8,-99.8,-99.8,-99.8,-99.8,-99.8
2023-06-07 06:00:00,1004.8,24.8,95.0,1.1,6.0,2.6,22.0,0.0,-99.8,-99.8,-99.8,-99.8,-99.8,-99.8,-99.8
2023-06-07 07:00:00,1004.7,25.7,92.0,0.6,2.0,1.9,2.0,0.0,-99.8,-99.8,-99.8,-99.8,-99.8,-99.8,-99.8
2023-06-07 08:00:00,1004.7,29.1,79.0,0.5,53.0,1.4,25.0,0.0,-99.8,-99.8,-99.8,-99.8,-99.8,-99.8,-99.8
2023-06-07 09:00:00,1004.8,30.2,74.0,1.0,135.0,3.1,202.0,0.0,-99.8,-99.8,-99.8,-99.8,-99.8,-99.8,-99.8
2023-06-07 10:00:00,1004.7,30.5,78.0,1.3,189.0,2.8,219.0,0.0,-99.8,-99.8,-99.8,-99.8,-99.8,-99.8,-99.8
2023-06-07 11:00:00,1005.0,29.7,84.0,1.6,197.0,3.2,215.0,0.0,-99.8,-99.8,-99.8,-99.8,-99.8,-99.8,-99.8
2023-06-07 12:00:00,1004.9,28.4,88.0,1.9,204.0,4.4,229.0,0.0,-99.8,-99.8,-99.8,-99.8,-99.8,-99.8,-99.8
2023-06-07 13:00:00,1004.6,28.6,89.0,1.8,203.0,4.2,210.0,0.0,-99.8,-99.8,-99.8,-99.8,-99.8,-99.8,-99.8
2023-06-07 14:00:00,1004.0,27.9,91.0,1.7,194.0,4.5,219.0,0.0,-99.8,-99.8,-99.8,-99.8,-99.8,-99.8,-99.8
2023-06-07 15:00:00,1004.0,27.7,89.0,1.7,201.0,4.4,208.0,0.0,-99.8,-99.8,-99.8,-99.8,-99.8,-99.8,-99.8
2023-06-07 16:00:00,1003.7,26.7,96.0,0.7,227.0,4.0,225.0,6.5,-99.8,-99.8,-99.8,-99.8,-99.8,-99.8,-99.8
2023-06-07 17:00:00,1003.9,26.8,93.0,1.1,341.0,5.7,211.0,0.0,-99.8,-99.8,-99.8,-99.8,-99.8,-99.8,-99.8
2023-06-07 18:00:00,1003.4,25.9,97.0,1.2,14.0,3.4,70.0,2.0,-99.8,-99.8,-99.8,-99.8,-99.8,-99.8,-99.8
2023-06-07 19:00:00,1003.6,25.6,98.0,1.0,359.0,3.0,15.0,0.0,-99.8,-99.8,-99.8,-99.8,-99.8,-99.8,-99.8
2023-06-07 20:00:00,1004.1,25.7,99.0,0.8,10.0,2.3,346.0,0.0,-99.8,-99.8,-99.8,-99.8,-99.8,-99.8,-99.8
2023-06-07 21:00:00,1004.4,25.7,99.0,0.7,358.0,1.5,23.0,0.0,-99.8,-99.8,-99.8,-99.8,-99.8,-99.8,-99.8
2023-06-07 22:00:00,1005.0,25.7,99.0,0.6,354.0,1.4,7.0,0.0,-99.8,-99.8,-99.8,-99.8,-99.8,-99.8,-99.8
2023-06-07 23:00:00,1004.8,25.8,97.0,0.6,342.0,3.2,120.0,0.0,-99.8,-99.8,-99.8,-99.8,-99.8,-99.8,-99.8
2023-06-08 00:00:00,1004.3,25.4,98.0,0.5,341.0,2.0,19.0,0.0,-99.8,-99.8,-99.8,-99.8,-99.8,-99.8,-99.8
2023-06-08 01:00:00,1004.1,25.4,98.0,1.0,8.0,2.2,352.0,0.0,-99.8,-99.8,-99.8,-99.8,-99.8,-99.8,-99.8
2023-06-08 02:00:00,1003.8,25.1,98.0,0.7,359.0,2.1,356.0,0.0,-99.8,-99.8,-99.8,-99.8,-99.8,-99.8,-99.8
2023-06-08 03:00:00,1003.5,24.9,98.0,1.1,16.0,2.1,4.0,0.0,-99.8,-99.8,-99.8,-99.8,-99.8,-99.8,-99.8
2023-06-08 04:00:00,1003.5,24.8,98.0,0.7,1.0,1.4,11.0,0.5,-99.8,-99.8,-99.8,-99.8,-99.8,-99.8,-99.8
2023-06-08 05:00:00,1003.3,24.7,98.0,0.9,5.0,2.4,2.0,0.0,-99.8,-99.8,-99.8,-99.8,-99.8,-99.8,-99.8
2023-06-08 06:00:00,1003.4,24.9,96.0,0.5,9.0,2.0,2.0,0.0,-99.8,-99.8,-99.8,-99.8,-99.8,-99.8,-99.8
2023-06-08 07:00:00,1003.2,26.0,91.0,0.8,9.0,2.1,16.0,0.0,-99.8,-99.8,-99.8,-99.8,-99.8,-99.8,-99.8
2023-06-08 08:00:00,1003.4,29.2,77.0,0.6,51.0,1.7,28.0,0.0,-99.8,-99.8,-99.8,-99.8,-99.8,-99.8,-99.8
2023-06-08 09:00:00,1003.3,28.7,83.0,1.6,193.0,3.4,198.0,0.0,-99.8,-99.8,-99.8,-99.8,-99.8,-99.8,-99.8
2023-06-08 10:00:00,1003.0,28.0,86.0,1.1,208.0,3.2,204.0,0.0,-99.8,-99.8,-99.8,-99.8,-99.8,-99.8,-99.8
2023-06-08 11:00:00,1002.4,27.4,90.0,1.8,201.0,5.2,227.0,0.0,-99.8,-99.8,-99.8,-99.8,-99.8,-99.8,-99.8
2023-06-08 12:00:00,1002.1,27.1,90.0,2.1,194.0,5.2,205.0,0.0,-99.8,-99.8,-99.8,-99.8,-99.8,-99.8,-99.8
2023-06-08 13:00:00,1001.6,26.7,93.0,1.4,196.0,5.4,160.0,0.0,-99.8,-99.8,-99.8,-99.8,-99.8,-99.8,-99.8
2023-06-08 14:00:00,1001.3,26.8,93.0,1.2,176.0,4.8,203.0,0.0,-99.8,-99.8,-99.8,-99.8,-99.8,-99.8,-99.8
2023-06-08 15:00:00,1000.9,27.0,89.0,1.4,191.0,4.6,204.0,0.0,-99.8,-99.8,-99.8,-99.8,-99.8,-99.8,-99.8
2023-06-08 16:00:00,1000.9,25.8,97.0,1.0,348.0,4.6,140.0,2.5,-99.8,-99.8,-99.8,-99.8,-99.8,-99.8,-99.8
2023-06-08 17:00:00,1000.8,26.1,96.0,0.7,297.0,2.7,232.0,4.0,-99.8,-99.8,-99.8,-99.8,-99.8,-99.8,-99.8
2023-06-08 18:00:00,1001.1,26.0,97.0,0.8,352.0,3.5,274.0,2.0,-99.8,-99.8,-99.8,-99.8,-99.8,-99.8,-99.8
2023-06-08 19:00:00,1001.3,25.7,97.0,1.1,18.0,4.1,34.0,0.5,-99.8,-99.8,-99.8,-99.8,-99.8,-99.8,-99.8
2023-06-08 20:00:00,1001.7,25.2,99.0,1.0,347.0,3.4,27.0,0.5,-99.8,-99.8,-99.8,-99.8,-99.8,-99.8,-99.8
2023-06-08 21:00:00,1002.0,25.2,99.0,0.7,343.0,1.6,323.0,0.0,-99.8,-99.8,-99.8,-99.8,-99.8,-99.8,-99.8
2023-06-08 22:00:00,1002.3,25.4,100.0,0.5,356.0,1.2,354.0,0.0,-99.8,-99.8,-99.8,-99.8,-99.8,-99.8,-99.8
2023-06-08 23:00:00,1002.3,25.2,99.0,0.8,336.0,2.4,6.0,0.0,-99.8,-99.8,-99.8,-99.8,-99.8,-99.8,-99.8
2023-06-09 00:00:00,1001.6,25.0,99.0,0.7,7.0,2.4,336.0,0.0,-99.8,-99.8,-99.8,-99.8,-99.8,-99.8,-99.8
2023-06-09 01:00:00,1000.9,25.0,99.0,0.7,352.0,2.3,7.0,0.0,-99.8,-99.8,-99.8,-99.8,-99.8,-99.8,-99.8
2023-06-09 02:00:00,1000.6,25.1,99.0,0.6,342.0,1.6,292.0,0.0,-99.8,-99.8,-99.8,-99.8,-99.8,-99.8,-99.8
2023-06-09 03:00:00,1000.0,25.2,98.0,0.3,330.0,2.5,28.0,0.0,-99.8,-99.8,-99.8,-99.8,-99.8,-99.8,-99.8
2023-06-09 04:00:00,1000.1,25.1,98.0,0.5,14.0,1.2,26.0,0.0,-99.8,-99.8,-99.8,-99.8,-99.8,-99.8,-99.8
2023-06-09 05:00:00,999.6,24.8,98.0,0.7,15.0,1.6,13.0,0.0,-99.8,-99.8,-99.8,-99.8,-99.8,-99.8,-99.8
2023-06-09 06:00:00,999.5,25.0,98.0,0.5,335.0,1.6,26.0,0.0,-99.8,-99.8,-99.8,-99.8,-99.8,-99.8,-99.8
2023-06-09 07:00:00,999.5,25.5,97.0,0.6,6.0,1.8,360.0,0.0,-99.8,-99.8,-99.8,-99.8,-99.8,-99.8,-99.8
2023-06-09 08:00:00,999.4,28.5,87.0,0.9,207.0,2.2,220.0,0.0,-99.8,-99.8,-99.8,-99.8,-99.8,-99.8,-99.8
2023-06-09 09:00:00,1000.2,29.3,81.0,1.8,188.0,3.1,191.0,0.0,-99.8,-99.8,-99.8,-99.8,-99.8,-99.8,-99.8
2023-06-09 10:00:00,1000.1,29.7,79.0,1.3,195.0,3.4,201.0,0.0,-99.8,-99.8,-99.8,-99.8,-99.8,-99.8,-99.8
2023-06-09 11:00:00,1000.2,30.3,81.0,1.9,200.0,2.9,210.0,0.0,-99.8,-99.8,-99.8,-99.8,-99.8,-99.8,-99.8
2023-06-09 12:00:00,999.6,26.3,95.0,0.6,187.0,3.7,215.0,0.0,-99.8,-99.8,-99.8,-99.8,-99.8,-99.8,-99.8
2023-06-09 13:00:00,998.9,26.2,97.0,1.2,31.0,3.0,196.0,1.5,-99.8,-99.8,-99.8,-99.8,-99.8,-99.8,-99.8
2023-06-09 14:00:00,998.4,26.6,97.0,0.4,16.0,1.9,6.0,1.0,-99.8,-99.8,-99.8,-99.8,-99.8,-99.8,-99.8
2023-06-09 15:00:00,997.7,26.6,95.0,1.3,190.0,3.2,151.0,0.5,-99.8,-99.8,-99.8,-99.8,-99.8,-99.8,-99.8
2023-06-09 16:00:00,997.5,25.9,98.0,0.9,205.0,3.3,173.0,1.5,-99.8,-99.8,-99.8,-99.8,-99.8,-99.8,-99.8
2023-06-09 17:00:00,998.3,25.7,94.0,1.4,3.0,4.8,46.0,9.5,-99.8,-99.8,-99.8,-99.8,-99.8,-99.8,-99.8
2023-06-09 18:00:00,998.7,25.0,98.0,0.8,232.0,5.3,309.0,9.0,-99.8,-99.8,-99.8,-99.8,-99.8,-99.8,-99.8
2023-06-09 19:00:00,999.4,24.8,99.0,0.3,35.0,2.4,31.0,1.5,-99.8,-99.8,-99.8,-99.8,-99.8,-99.8,-99.8
2023-06-09 20:00:00,999.6,24.6,100.0,0.7,162.0,2.3,220.0,23.0,-99.8,-99.8,-99.8,-99.8,-99.8,-99.8,-99.8
2023-06-09 21:00:00,1000.2,24.5,100.0,0.3,25.0,1.3,43.0,1.5,-99.8,-99.8,-99.8,-99.8,-99.8,-99.8,-99.8
2023-06-09 22:00:00,1000.7,24.5,100.0,0.1,0.0,1.3,12.0,2.5,-99.8,-99.8,-99.8,-99.8,-99.8,-99.8,-99.8
2023-06-09 23:00:00,1000.4,24.5,100.0,0.1,0.0,1.0,24.0,1.0,-99.8,-99.8,-99.8,-99.8,-99.8,-99.8,-99.8
2023-06-10 00:00:00,1000.1,24.7,100.0,0.2,0.0,1.0,17.0,2.0,-99.8,-99.8,-99.8,-99.8,-99.8,-99.8,-99.8
2023-06-10 01:00:00,999.5,24.2,100.0,0.4,338.0,3.2,301.0,4.5,-99.8,-99.8,-99.8,-99.8,-99.8,-99.8,-99.8
2023-06-10 02:00:00,998.7,24.1,100.0,1.1,19.0,2.0,16.0,1.5,-99.8,-99.8,-99.8,-99.8,-99.8,-99.8,-99.8
2023-06-10 03:00:00,997.6,24.1,100.0,0.4,342.0,2.1,321.0,0.5,-99.8,-99.8,-99.8,-99.8,-99.8,-99.8,-99.8
2023-06-10 04:00:00,997.1,23.9,100.0,0.7,330.0,1.5,299.0,0.0,-99.8,-99.8,-99.8,-99.8,-99.8,-99.8,-99.8
2023-06-10 05:00:00,996.7,24.0,100.0,0.6,351.0,1.6,19.0,0.0,-99.8,-99.8,-99.8,-99.8,-99.8,-99.8,-99.8
2023-06-10 06:00:00,996.8,24.1,100.0,0.4,342.0,1.7,24.0,0.0,-99.8,-99.8,-99.8,-99.8,-99.8,-99.8,-99.8
2023-06-10 07:00:00,996.9,24.6,100.0,0.3,326.0,1.2,26.0,0.0,-99.8,-99.8,-99.8,-99.8,-99.8,-99.8,-99.8
2023-06-10 08:00:00,997.2,25.0,99.0,1.1,39.0,3.0,46.0,0.0,-99.8,-99.8,-99.8,-99.8,-99.8,-99.8,-99.8
2023-06-10 09:00:00,997.8,27.5,91.0,0.0,0.0,1.2,300.0,0.0,-99.8,-99.8,-99.8,-99.8,-99.8,-99.8,-99.8
2023-06-10 10:00:00,998.0,28.8,84.0,0.8,185.0,1.8,156.0,0.0,-99.8,-99.8,-99.8,-99.8,-99.8,-99.8,-99.8
2023-06-10 11:00:00,997.8,30.4,81.0,0.6,187.0,2.0,232.0,0.0,-99.8,-99.8,-99.8,-99.8,-99.8,-99.8,-99.8
2023-06-10 12:00:00,997.2,30.4,75.0,0.7,156.0,1.7,141.0,0.0,-99.8,-99.8,-99.8,-99.8,-99.8,-99.8,-99.8
2023-06-10 13:00:00,997.1,30.3,77.0,0.7,154.0,1.9,156.0,0.0,-99.8,-99.8,-99.8,-99.8,-99.8,-99.8,-99.8
2023-06-10 14:00:00,996.8,28.4,82.0,0.4,81.0,1.1,117.0,0.0,-99.8,-99.8,-99.8,-99.8,-99.8,-99.8,-99.8
2023-06-10 15:00:00,996.2,27.5,91.0,0.5,13.0,1.2,43.0,0.0,-99.8,-99.8,-99.8,-99.8,-99.8,-99.8,-99.8
2023-06-10 16:00:00,995.5,27.7,91.0,0.3,72.0,1.7,26.0,0.0,-99.8,-99.8,-99.8,-99.8,-99.8,-99.8,-99.8
2023-06-10 17:00:00,995.6,26.8,95.0,1.0,24.0,2.8,198.0,0.0,-99.8,-99.8,-99.8,-99.8,-99.8,-99.8,-99.8
2023-06-10 18:00:00,996.5,26.3,95.0,0.3,12.0,1.7,221.0,0.0,-99.8,-99.8,-99.8,-99.8,-99.8,-99.8,-99.8
2023-06-10 19:00:00,997.2,25.8,98.0,0.3,355.0,1.2,33.0,1.0,-99.8,-99.8,-99.8,-99.8,-99.8,-99.8,-99.8
2023-06-10 20:00:00,997.6,25.3,99.0,0.5,356.0,1.2,2.0,0.5,-99.8,-99.8,-99.8,-99.8,-99.8,-99.8,-99.8
2023-06-10 21:00:00,997.7,25.1,99.0,0.5,357.0,1.4,15.0,0.0,-99.8,-99.8,-99.8,-99.8,-99.8,-99.8,-99.8
2023-06-10 22:00:00,998.1,24.7,99.0,0.6,353.0,1.7,348.0,0.0,-99.8,-99.8,-99.8,-99.8,-99.8,-99.8,-99.8
2023-06-10 23:00:00,997.8,24.6,99.0,0.6,325.0,1.6,4.0,0.0,-99.8,-99.8,-99.8,-99.8,-99.8,-99.8,-99.8
2023-06-11 00:00:00,997.1,24.7,99.0,0.7,358.0,1.4,32.0,0.0,-99.8,-99.8,-99.8,-99.8,-99.8,-99.8,-99.8
2023-06-11 01:00:00,996.3,24.4,99.0,0.6,336.0,1.2,326.0,0.0,-99.8,-99.8,-99.8,-99.8,-99.8,-99.8,-99.8
2023-06-11 02:00:00,995.5,24.4,99.0,0.5,4.0,1.6,18.0,0.0,-99.8,-99.8,-99.8,-99.8,-99.8,-99.8,-99.8
2023-06-11 03:00:00,995.4,24.2,98.0,0.7,341.0,1.4,5.0,0.0,-99.8,-99.8,-99.8,-99.8,-99.8,-99.8,-99.8
2023-06-11 04:00:00,995.5,24.1,98.0,0.6,346.0,1.3,360.0,0.0,-99.8,-99.8,-99.8,-99.8,-99.8,-99.8,-99.8
2023-06-11 05:00:00,995.8,24.3,98.0,0.6,338.0,1.2,328.0,0.0,-99.8,-99.8,-99.8,-99.8,-99.8,-99.8,-99.8
2023-06-11 06:00:00,995.9,24.6,97.0,0.6,351.0,1.3,360.0,0.0,-99.8,-99.8,-99.8,-99.8,-99.8,-99.8,-99.8
2023-06-11 07:00:00,996.4,25.8,96.0,0.3,35.0,0.9,354.0,0.0,-99.8,-99.8,-99.8,-99.8,-99.8,-99.8,-99.8
2023-06-11 08:00:00,997.0,29.3,83.0,0.6,167.0,1.6,174.0,0.0,-99.8,-99.8,-99.8,-99.8,-99.8,-99.8,-99.8
2023-06-11 09:00:00,997.2,28.8,78.0,0.9,170.0,2.0,161.0,0.0,-99.8,-99.8,-99.8,-99.8,-99.8,-99.8,-99.8
2023-06-11 10:00:00,997.1,27.9,81.0,2.4,224.0,3.5,258.0,0.0,-99.8,-99.8,-99.8,-99.8,-99.8,-99.8,-99.8
2023-06-11 11:00:00,997.0,30.9,78.0,1.2,178.0,3.0,213.0,0.0,-99.8,-99.8,-99.8,-99.8,-99.8,-99.8,-99.8
2023-06-11 12:00:00,996.8,28.0,80.0,2.7,213.0,4.6,241.0,0.0,-99.8,-99.8,-99.8,-99.8,-99.8,-99.8,-99.8
2023-06-11 13:00:00,996.4,27.8,86.0,2.3,241.0,6.0,230.0,0.0,-99.8,-99.8,-99.8,-99.8,-99.8,-99.8,-99.8
2023-06-11 14:00:00,996.2,26.8,94.0,0.6,357.0,6.2,219.0,0.0,-99.8,-99.8,-99.8,-99.8,-99.8,-99.8,-99.8
2023-06-11 15:00:00,996.4,25.2,98.0,0.7,8.0,2.1,1.0,8.0,-99.8,-99.8,-99.8,-99.8,-99.8,-99.8,-99.8
2023-06-11 16:00:00,996.2,25.7,99.0,0.2,0.0,1.7,18.0,2.0,-99.8,-99.8,-99.8,-99.8,-99.8,-99.8,-99.8
2023-06-11 17:00:00,995.9,25.9,98.0,0.1,0.0,1.6,150.0,0.5,-99.8,-99.8,-99.8,-99.8,-99.8,-99.8,-99.8
2023-06-11 18:00:00,996.5,25.9,98.0,0.6,26.0,1.2,226.0,0.0,-99.8,-99.8,-99.8,-99.8,-99.8,-99.8,-99.8
2023-06-11 19:00:00,997.6,25.2,99.0,0.5,353.0,1.4,29.0,0.0,-99.8,-99.8,-99.8,-99.8,-99.8,-99.8,-99.8
2023-06-11 20:00:00,998.1,25.1,99.0,0.6,1.0,1.2,360.0,0.0,-99.8,-99.8,-99.8,-99.8,-99.8,-99.8,-99.8
2023-06-11 21:00:00,998.3,24.9,99.0,0.6,347.0,1.3,345.0,0.0,-99.8,-99.8,-99.8,-99.8,-99.8,-99.8,-99.8
2023-06-11 22:00:00,998.4,24.8,99.0,0.7,357.0,1.3,315.0,0.0,-99.8,-99.8,-99.8,-99.8,-99.8,-99.8,-99.8
2023-06-11 23:00:00,998.1,24.8,99.0,0.5,312.0,1.5,7.0,0.0,-99.8,-99.8,-99.8,-99.8,-99.8,-99.8,-99.8
2023-06-12 00:00:00,997.5,24.7,99.0,0.6,347.0,1.3,284.0,0.0,-99.8,-99.8,-99.8,-99.8,-99.8,-99.8,-99.8
2023-06-12 01:00:00,997.2,24.8,99.0,0.6,343.0,1.1,344.0,0.0,-99.8,-99.8,-99.8,-99.8,-99.8,-99.8,-99.8
2023-06-12 02:00:00,996.6,24.8,98.0,0.6,347.0,1.8,358.0,0.0,-99.8,-99.8,-99.8,-99.8,-99.8,-99.8,-99.8
2023-06-12 03:00:00,996.6,24.8,98.0,0.5,348.0,1.3,344.0,0.0,-99.8,-99.8,-99.8,-99.8,-99.8,-99.8,-99.8
2023-06-12 04:00:00,996.7,24.7,98.0,0.7,358.0,1.4,307.0,0.0,-99.8,-99.8,-99.8,-99.8,-99.8,-99.8,-99.8
2023-06-12 05:00:00,996.9,24.8,97.0,0.8,352.0,1.4,348.0,0.0,-99.8,-99.8,-99.8,-99.8,-99.8,-99.8,-99.8
2023-06-12 06:00:00,997.0,25.3,97.0,0.3,244.0,1.3,18.0,0.0,-99.8,-99.8,-99.8,-99.8,-99.8,-99.8,-99.8
2023-06-12 07:00:00,997.6,26.0,96.0,0.4,18.0,1.2,30.0,0.0,-99.8,-99.8,-99.8,-99.8,-99.8,-99.8,-99.8
2023-06-12 08:00:00,998.0,27.8,89.0,0.3,154.0,1.5,212.0,0.0,-99.8,-99.8,-99.8,-99.8,-99.8,-99.8,-99.8
2023-06-12 09:00:00,998.5,27.1,89.0,0.7,199.0,3.5,206.0,0.0,-99.8,-99.8,-99.8,-99.8,-99.8,-99.8,-99.8
2023-06-12 10:00:00,997.9,27.7,88.0,1.7,237.0,3.8,216.0,0.0,-99.8,-99.8,-99.8,-99.8,-99.8,-99.8,-99.8
2023-06-12 11:00:00,997.9,27.5,86.0,1.9,243.0,4.8,227.0,0.0,-99.8,-99.8,-99.8,-99.8,-99.8,-99.8,-99.8
2023-06-12 12:00:00,997.7,27.0,88.0,1.8,249.0,4.2,251.0,0.0,-99.8,-99.8,-99.8,-99.8,-99.8,-99.8,-99.8
2023-06-12 13:00:00,997.1,26.4,91.0,1.0,279.0,3.9,229.0,0.0,-99.8,-99.8,-99.8,-99.8,-99.8,-99.8,-99.8
2023-06-12 14:00:00,996.8,25.3,97.0,0.3,225.0,3.1,243.0,0.0,-99.8,-99.8,-99.8,-99.8,-99.8,-99.8,-99.8
2023-06-12 15:00:00,996.5,25.1,98.0,0.4,232.0,1.8,174.0,2.5,-99.8,-99.8,-99.8,-99.8,-99.8,-99.8,-99.8
2023-06-12 16:00:00,996.4,25.2,99.0,0.3,167.0,2.0,166.0,10.5,-99.8,-99.8,-99.8,-99.8,-99.8,-99.8,-99.8
2023-06-12 17:00:00,996.3,24.1,98.0,2.9,232.0,6.1,233.0,4.5,-99.8,-99.8,-99.8,-99.8,-99.8,-99.8,-99.8
2023-06-12 18:00:00,996.8,24.4,99.0,0.5,287.0,2.6,241.0,2.0,-99.8,-99.8,-99.8,-99.8,-99.8,-99.8,-99.8
2023-06-12 19:00:00,997.4,24.2,99.0,0.6,17.0,2.7,30.0,0.0,-99.8,-99.8,-99.8,-99.8,-99.8,-99.8,-99.8
2023-06-12 20:00:00,997.8,23.9,99.0,0.8,221.0,1.8,139.0,1.0,-99.8,-99.8,-99.8,-99.8,-99.8,-99.8,-99.8
2023-06-12 21:00:00,998.2,23.9,100.0,0.0,0.0,1.1,234.0,0.5,-99.8,-99.8,-99.8,-99.8,-99.8,-99.8,-99.8
2023-06-12 22:00:00,998.2,24.0,100.0,0.3,27.0,0.9,30.0,0.5,-99.8,-99.8,-99.8,-99.8,-99.8,-99.8,-99.8
2023-06-12 23:00:00,998.1,23.9,100.0,0.0,0.0,1.4,299.0,0.0,-99.8,-99.8,-99.8,-99.8,-99.8,-99.8,-99.8
2023-06-13 00:00:00,997.4,23.9,100.0,0.4,343.0,1.4,27.0,0.0,-99.8,-99.8,-99.8,-99.8,-99.8,-99.8,-99.8
2023-06-13 01:00:00,996.5,23.7,100.0,0.4,357.0,1.5,15.0,0.0,-99.8,-99.8,-99.8,-99.8,-99.8,-99.8,-99.8
2023-06-13 02:00:00,996.1,23.3,100.0,0.7,360.0,1.8,7.0,0.0,-99.8,-99.8,-99.8,-99.8,-99.8,-99.8,-99.8
2023-06-13 03:00:00,995.7,23.3,100.0,0.8,351.0,2.0,329.0,0.0,-99.8,-99.8,-99.8,-99.8,-99.8,-99.8,-99.8
2023-06-13 04:00:00,995.5,23.0,98.0,0.9,352.0,1.8,8.0,0.0,-99.8,-99.8,-99.8,-99.8,-99.8,-99.8,-99.8
2023-06-13 05:00:00,995.5,22.8,98.0,0.8,357.0,1.7,346.0,0.0,-99.8,-99.8,-99.8,-99.8,-99.8,-99.8,-99.8
2023-06-13 06:00:00,995.9,23.2,97.0,0.5,354.0,2.0,328.0,0.0,-99.8,-99.8,-99.8,-99.8,-99.8,-99.8,-99.8
2023-06-13 07:00:00,996.3,24.2,94.0,0.5,354.0,1.8,3.0,0.0,-99.8,-99.8,-99.8,-99.8,-99.8,-99.8,-99.8
2023-06-13 08:00:00,996.6,26.2,89.0,0.1,0.0,1.3,360.0,0.0,-99.8,-99.8,-99.8,-99.8,-99.8,-99.8,-99.8
2023-06-13 09:00:00,996.7,29.4,74.0,0.8,187.0,1.8,196.0,0.0,-99.8,-99.8,-99.8,-99.8,-99.8,-99.8,-99.8
2023-06-13 10:00:00,996.9,28.3,72.0,0.8,194.0,1.9,206.0,0.0,-99.8,-99.8,-99.8,-99.8,-99.8,-99.8,-99.8
2023-06-13 11:00:00,997.0,28.5,73.0,0.3,207.0,1.6,195.0,0.0,-99.8,-99.8,-99.8,-99.8,-99.8,-99.8,-99.8
2023-06-13 12:00:00,996.7,29.3,73.0,0.8,174.0,2.0,222.0,0.0,-99.8,-99.8,-99.8,-99.8,-99.8,-99.8,-99.8
2023-06-13 13:00:00,996.8,28.4,79.0,0.5,185.0,1.9,171.0,0.0,-99.8,-99.8,-99.8,-99.8,-99.8,-99.8,-99.8
2023-06-13 14:00:00,996.7,28.0,79.0,0.7,205.0,1.6,137.0,0.0,-99.8,-99.8,-99.8,-99.8,-99.8,-99.8,-99.8
2023-06-13 15:00:00,996.0,28.0,83.0,0.4,188.0,1.3,205.0,0.0,-99.8,-99.8,-99.8,-99.8,-99.8,-99.8,-99.8
2023-06-13 16:00:00,996.6,26.5,86.0,0.6,226.0,2.0,223.0,0.0,-99.8,-99.8,-99.8,-99.8,-99.8,-99.8,-99.8
2023-06-13 17:00:00,997.1,26.0,92.0,0.2,0.0,0.8,259.0,0.0,-99.8,-99.8,-99.8,-99.8,-99.8,-99.8,-99.8
2023-06-13 18:00:00,997.0,25.5,94.0,0.7,21.0,1.2,26.0,0.0,-99.8,-99.8,-99.8,-99.8,-99.8,-99.8,-99.8
2023-06-13 19:00:00,997.2,25.0,96.0,0.3,349.0,1.2,26.0,0.0,-99.8,-99.8,-99.8,-99.8,-99.8,-99.8,-99.8
2023-06-13 20:00:00,998.0,25.1,96.0,0.4,15.0,1.5,16.0,0.0,-99.8,-99.8,-99.8,-99.8,-99.8,-99.8,-99.8
2023-06-13 21:00:00,998.3,24.9,95.0,0.6,12.0,1.2,30.0,0.0,-99.8,-99.8,-99.8,-99.8,-99.8,-99.8,-99.8
2023-06-13 22:00:00,998.5,24.7,95.0,0.8,356.0,1.4,330.0,0.0,-99.8,-99.8,-99.8,-99.8,-99.8,-99.8,-99.8
2023-06-13 23:00:00,998.6,24.9,94.0,0.6,346.0,1.4,347.0,0.0,-99.8,-99.8,-99.8,-99.8,-99.8,-99.8,-99.8
2023-06-14 00:00:00,998.2,25.0,95.0,0.5,358.0,1.2,338.0,0.0,-99.8,-99.8,-99.8,-99.8,-99.8,-99.8,-99.8
2023-06-14 01:00:00,997.3,24.7,93.0,0.7,7.0,2.8,3.0,0.0,-99.8,-99.8,-99.8,-99.8,-99.8,-99.8,-99.8
2023-06-14 02:00:00,996.6,24.5,94.0,0.6,3.0,1.8,18.0,0.0,-99.8,-99.8,-99.8,-99.8,-99.8,-99.8,-99.8
2023-06-14 03:00:00,996.6,24.5,93.0,0.8,4.0,1.9,15.0,0.0,-99.8,-99.8,-99.8,-99.8,-99.8,-99.8,-99.8
2023-06-14 04:00:00,996.9,24.4,93.0,0.7,8.0,1.6,16.0,0.0,-99.8,-99.8,-99.8,-99.8,-99.8,-99.8,-99.8
2023-06-14 05:00:00,996.6,24.3,93.0,0.7,331.0,1.7,20.0,0.0,-99.8,-99.8,-99.8,-99.8,-99.8,-99.8,-99.8
2023-06-14 06:00:00,997.5,24.7,92.0,0.6,353.0,1.8,360.0,0.0,-99.8,-99.8,-99.8,-99.8,-99.8,-99.8,-99.8
2023-06-14 07:00:00,998.2,25.9,91.0,0.1,0.0,1.5,360.0,0.0,-99.8,-99.8,-99.8,-99.8,-99.8,-99.8,-99.8
2023-06-14 08:00:00,998.5,29.1,83.0,0.2,0.0,2.0,28.0,0.0,-99.8,-99.8,-99.8,-99.8,-99.8,-99.8,-99.8
2023-06-14 09:00:00,999.0,29.7,76.0,0.7,181.0,1.6,120.0,0.0,-99.8,-99.8,-99.8,-99.8,-99.8,-99.8,-99.8
2023-06-14 10:00:00,998.9,30.0,73.0,0.9,186.0,2.2,198.0,0.0,-99.8,-99.8,-99.8,-99.8,-99.8,-99.8,-99.8
2023-06-14 11:00:00,999.0,30.1,69.0,1.3,203.0,3.8,224.0,0.0,-99.8,-99.8,-99.8,-99.8,-99.8,-99.8,-99.8
2023-06-14 12:00:00,998.9,27.9,83.0,2.3,220.0,5.0,209.0,0.0,-99.8,-99.8,-99.8,-99.8,-99.8,-99.8,-99.8
2023-06-14 13:00:00,998.7,27.5,86.0,1.5,256.0,5.4,214.0,0.0,-99.8,-99.8,-99.8,-99.8,-99.8,-99.8,-99.8
2023-06-14 14:00:00,998.3,27.7,85.0,1.3,242.0,2.5,212.0,0.0,-99.8,-99.8,-99.8,-99.8,-99.8,-99.8,-99.8
2023-06-14 15:00:00,998.4,27.2,88.0,0.7,239.0,3.6,233.0,0.0,-99.8,-99.8,-99.8,-99.8,-99.8,-99.8,-99.8
2023-06-14 16:00:00,998.4,27.1,85.0,0.8,299.0,3.0,222.0,0.0,-99.8,-99.8,-99.8,-99.8,-99.8,-99.8,-99.8
2023-06-14 17:00:00,998.9,26.8,88.0,0.6,280.0,1.6,27.0,0.0,-99.8,-99.8,-99.8,-99.8,-99.8,-99.8,-99.8
2023-06-14 18:00:00,999.5,26.2,90.0,0.7,289.0,3.0,274.0,0.0,-99.8,-99.8,-99.8,-99.8,-99.8,-99.8,-99.8
2023-06-14 19:00:00,1000.3,25.3,97.0,0.0,0.0,2.3,49.0,0.5,-99.8,-99.8,-99.8,-99.8,-99.8,-99.8,-99.8
2023-06-14 20:00:00,1001.1,24.8,98.0,0.1,0.0,1.3,48.0,1.5,-99.8,-99.8,-99.8,-99.8,-99.8,-99.8,-99.8
2023-06-14 21:00:00,1002.2,24.5,97.0,1.7,261.0,4.6,279.0,2.5,-99.8,-99.8,-99.8,-99.8,-99.8,-99.8,-99.8
2023-06-14 22:00:00,1002.4,24.4,99.0,0.2,0.0,3.6,225.0,3.0,-99.8,-99.8,-99.8,-99.8,-99.8,-99.8,-99.8
2023-06-14 23:00:00,1002.4,24.3,99.0,0.3,29.0,1.8,49.0,0.0,-99.8,-99.8,-99.8,-99.8,-99.8,-99.8,-99.8
2023-06-15 00:00:00,1002.0,24.2,100.0,0.3,23.0,1.8,49.0,1.0,-99.8,-99.8,-99.8,-99.8,-99.8,-99.8,-99.8
2023-06-15 01:00:00,1001.6,24.1,100.0,0.3,11.0,1.2,29.0,1.0,-99.8,-99.8,-99.8,-99.8,-99.8,-99.8,-99.8
2023-06-15 02:00:00,1000.5,23.9,100.0,0.3,3.0,1.4,25.0,0.5,-99.8,-99.8,-99.8,-99.8,-99.8,-99.8,-99.8
2023-06-15 03:00:00,1000.8,23.9,100.0,0.8,347.0,1.5,8.0,0.0,-99.8,-99.8,-99.8,-99.8,-99.8,-99.8,-99.8
2023-06-15 04:00:00,1001.1,23.9,100.0,0.6,4.0,1.5,324.0,0.0,-99.8,-99.8,-99.8,-99.8,-99.8,-99.8,-99.8
2023-06-15 05:00:00,1001.6,23.7,99.0,0.7,344.0,1.3,330.0,0.0,-99.8,-99.8,-99.8,-99.8,-99.8,-99.8,-99.8
2023-06-15 06:00:00,1002.7,23.9,99.0,0.8,6.0,1.6,360.0,0.0,-99.8,-99.8,-99.8,-99.8,-99.8,-99.8,-99.8
2023-06-15 07:00:00,1003.1,24.1,99.0,0.4,8.0,1.4,353.0,0.0,-99.8,-99.8,-99.8,-99.8,-99.8,-99.8,-99.8
2023-06-15 08:00:00,1003.4,24.6,99.0,0.0,0.0,1.2,24.0,0.0,-99.8,-99.8,-99.8,-99.8,-99.8,-99.8,-99.8
2023-06-15 09:00:00,1003.9,24.8,99.0,0.0,0.0,1.0,197.0,0.0,-99.8,-99.8,-99.8,-99.8,-99.8,-99.8,-99.8
2023-06-15 10:00:00,1004.1,24.7,97.0,0.3,37.0,1.0,208.0,0.5,-99.8,-99.8,-99.8,-99.8,-99.8,-99.8,-99.8
2023-06-15 11:00:00,1003.9,24.7,98.0,0.1,0.0,2.0,207.0,0.5,-99.8,-99.8,-99.8,-99.8,-99.8,-99.8,-99.8
2023-06-15 12:00:00,1003.3,24.9,98.0,1.2,131.0,2.9,29.0,0.0,-99.8,-99.8,-99.8,-99.8,-99.8,-99.8,-99.8
2023-06-15 13:00:00,1003.1,24.9,97.0,0.1,0.0,2.8,171.0,0.0,-99.8,-99.8,-99.8,-99.8,-99.8,-99.8,-99.8
2023-06-15 14:00:00,1003.1,25.0,97.0,0.1,0.0,2.1,265.0,0.0,-99.8,-99.8,-99.8,-99.8,-99.8,-99.8,-99.8
2023-06-15 15:00:00,1003.1,24.5,97.0,1.0,214.0,2.3,246.0,0.5,-99.8,-99.8,-99.8,-99.8,-99.8,-99.8,-99.8
2023-06-15 16:00:00,1003.1,24.0,97.0,0.9,294.0,3.6,283.0,0.5,-99.8,-99.8,-99.8,-99.8,-99.8,-99.8,-99.8
2023-06-15 17:00:00,1003.0,23.8,99.0,1.3,18.0,2.3,30.0,1.0,-99.8,-99.8,-99.8,-99.8,-99.8,-99.8,-99.8
2023-06-15 18:00:00,1003.1,23.8,99.0,1.3,18.0,2.9,20.0,0.5,-99.8,-99.8,-99.8,-99.8,-99.8,-99.8,-99.8
2023-06-15 19:00:00,1003.7,23.6,99.0,0.8,360.0,2.0,2.0,1.5,-99.8,-99.8,-99.8,-99.8,-99.8,-99.8,-99.8
2023-06-15 20:00:00,1004.0,23.6,99.0,0.7,360.0,2.0,17.0,0.5,-99.8,-99.8,-99.8,-99.8,-99.8,-99.8,-99.8
2023-06-15 21:00:00,1004.6,23.5,100.0,0.0,0.0,1.1,15.0,5.5,-99.8,-99.8,-99.8,-99.8,-99.8,-99.8,-99.8
2023-06-15 22:00:00,1004.5,23.5,100.0,0.1,0.0,1.7,228.0,10.5,-99.8,-99.8,-99.8,-99.8,-99.8,-99.8,-99.8
2023-06-15 23:00:00,1004.1,23.8,100.0,0.4,231.0,1.6,228.0,16.5,-99.8,-99.8,-99.8,-99.8,-99.8,-99.8,-99.8
2023-06-16 00:00:00,1003.4,23.9,100.0,0.1,0.0,1.5,39.0,2.0,-99.8,-99.8,-99.8,-99.8,-99.8,-99.8,-99.8
2023-06-16 01:00:00,1003.3,23.9,100.0,0.1,0.0,1.4,27.0,2.0,-99.8,-99.8,-99.8,-99.8,-99.8,-99.8,-99.8
2023-06-16 02:00:00,1003.0,23.7,100.0,0.6,2.0,1.8,30.0,0.5,-99.8,-99.8,-99.8,-99.8,-99.8,-99.8,-99.8
2023-06-16 03:00:00,1002.9,23.8,100.0,0.3,351.0,1.7,335.0,0.0,-99.8,-99.8,-99.8,-99.8,-99.8,-99.8,-99.8
2023-06-16 04:00:00,1002.6,23.7,100.0,0.9,17.0,1.5,346.0,0.0,-99.8,-99.8,-99.8,-99.8,-99.8,-99.8,-99.8
2023-06-16 05:00:00,1003.0,23.8,100.0,0.8,12.0,1.8,6.0,0.0,-99.8,-99.8,-99.8,-99.8,-99.8,-99.8,-99.8
2023-06-16 06:00:00,1003.8,23.9,100.0,0.6,337.0,1.9,5.0,0.5,-99.8,-99.8,-99.8,-99.8,-99.8,-99.8,-99.8
2023-06-16 07:00:00,1004.2,24.0,100.0,0.5,340.0,1.7,235.0,0.5,-99.8,-99.8,-99.8,-99.8,-99.8,-99.8,-99.8
2023-06-16 08:00:00,1003.9,24.7,100.0,0.6,319.0,1.6,19.0,0.0,-99.8,-99.8,-99.8,-99.8,-99.8,-99.8,-99.8
2023-06-16 09:00:00,1004.1,26.5,95.0,0.6,177.0,3.0,237.0,0.0,-99.8,-99.8,-99.8,-99.8,-99.8,-99.8,-99.8
2023-06-16 10:00:00,1004.2,28.4,88.0,0.4,111.0,1.9,182.0,0.0,-99.8,-99.8,-99.8,-99.8,-99.8,-99.8,-99.8
2023-06-16 11:00:00,1003.8,28.2,88.0,2.0,198.0,4.0,210.0,0.0,-99.8,-99.8,-99.8,-99.8,-99.8,-99.8,-99.8
2023-06-16 12:00:00,1003.6,29.4,84.0,2.2,199.0,4.7,204.0,0.0,-99.8,-99.8,-99.8,-99.8,-99.8,-99.8,-99.8
2023-06-16 13:00:00,1003.7,28.6,87.0,1.5,182.0,3.8,199.0,0.0,-99.8,-99.8,-99.8,-99.8,-99.8,-99.8,-99.8
2023-06-16 14:00:00,1003.4,28.4,88.0,0.9,178.0,4.5,202.0,0.0,-99.8,-99.8,-99.8,-99.8,-99.8,-99.8,-99.8
2023-06-16 15:00:00,1003.2,26.5,95.0,0.9,344.0,3.0,263.0,5.5,-99.8,-99.8,-99.8,-99.8,-99.8,-99.8,-99.8
2023-06-16 16:00:00,1003.0,26.2,95.0,1.7,33.0,5.9,56.0,9.5,-99.8,-99.8,-99.8,-99.8,-99.8,-99.8,-99.8
2023-06-16 17:00:00,1002.5,25.7,97.0,0.5,306.0,5.1,43.0,34.0,-99.8,-99.8,-99.8,-99.8,-99.8,-99.8,-99.8
2023-06-16 18:00:00,1003.1,25.5,100.0,0.9,326.0,3.0,1.0,0.5,-99.8,-99.8,-99.8,-99.8,-99.8,-99.8,-99.8
2023-06-16 19:00:00,1003.9,25.8,100.0,0.9,330.0,3.0,24.0,6.0,-99.8,-99.8,-99.8,-99.8,-99.8,-99.8,-99.8
2023-06-16 20:00:00,1004.3,26.2,99.0,0.8,347.0,3.1,44.0,0.0,-99.8,-99.8,-99.8,-99.8,-99.8,-99.8,-99.8
2023-06-16 21:00:00,1004.7,26.0,100.0,0.6,6.0,1.5,297.0,0.0,-99.8,-99.8,-99.8,-99.8,-99.8,-99.8,-99.8
2023-06-16 22:00:00,1004.7,25.6,100.0,0.6,350.0,1.6,22.0,0.0,-99.8,-99.8,-99.8,-99.8,-99.8,-99.8,-99.8
2023-06-16 23:00:00,1004.8,25.5,99.0,0.7,340.0,2.3,18.0,0.0,-99.8,-99.8,-99.8,-99.8,-99.8,-99.8,-99.8
2023-06-17 00:00:00,1004.6,25.3,99.0,0.9,360.0,2.0,23.0,0.0,-99.8,-99.8,-99.8,-99.8,-99.8,-99.8,-99.8
2023-06-17 01:00:00,1004.8,25.3,99.0,0.7,342.0,1.4,360.0,0.0,-99.8,-99.8,-99.8,-99.8,-99.8,-99.8,-99.8
2023-06-17 02:00:00,1004.3,25.4,99.0,0.6,342.0,1.4,344.0,0.0,-99.8,-99.8,-99.8,-99.8,-99.8,-99.8,-99.8
2023-06-17 03:00:00,1004.3,25.4,99.0,0.3,314.0,1.2,329.0,0.0,-99.8,-99.8,-99.8,-99.8,-99.8,-99.8,-99.8
2023-06-17 04:00:00,1004.2,25.5,99.0,0.6,319.0,1.7,312.0,0.0,-99.8,-99.8,-99.8,-99.8,-99.8,-99.8,-99.8
2023-06-17 05:00:00,1004.2,25.3,99.0,0.5,329.0,1.4,323.0,0.0,-99.8,-99.8,-99.8,-99.8,-99.8,-99.8,-99.8
2023-06-17 06:00:00,1004.6,25.4,98.0,0.7,3.0,2.0,12.0,0.0,-99.8,-99.8,-99.8,-99.8,-99.8,-99.8,-99.8
2023-06-17 07:00:00,1005.5,25.9,97.0,0.6,343.0,1.6,346.0,0.0,-99.8,-99.8,-99.8,-99.8,-99.8,-99.8,-99.8
2023-06-17 08:00:00,1005.8,26.8,95.0,0.3,341.0,1.2,6.0,0.0,-99.8,-99.8,-99.8,-99.8,-99.8,-99.8,-99.8
2023-06-17 09:00:00,1005.4,28.3,90.0,0.0,0.0,1.0,224.0,0.0,-99.8,-99.8,-99.8,-99.8,-99.8,-99.8,-99.8
2023-06-17 10:00:00,1006.3,28.0,93.0,0.3,14.0,0.9,23.0,0.0,-99.8,-99.8,-99.8,-99.8,-99.8,-99.8,-99.8
2023-06-17 11:00:00,1005.8,29.4,81.0,0.5,156.0,1.6,42.0,0.0,-99.8,-99.8,-99.8,-99.8,-99.8,-99.8,-99.8
2023-06-17 12:00:00,1005.4,30.1,83.0,0.8,175.0,1.8,210.0,0.0,-99.8,-99.8,-99.8,-99.8,-99.8,-99.8,-99.8
2023-06-17 13:00:00,1005.3,29.2,82.0,0.0,0.0,1.7,214.0,0.0,-99.8,-99.8,-99.8,-99.8,-99.8,-99.8,-99.8
2023-06-17 14:00:00,1004.6,29.3,82.0,0.3,35.0,1.2,11.0,0.0,-99.8,-99.8,-99.8,-99.8,-99.8,-99.8,-99.8
2023-06-17 15:00:00,1004.5,29.0,87.0,0.3,165.0,1.7,209.0,0.0,-99.8,-99.8,-99.8,-99.8,-99.8,-99.8,-99.8
2023-06-17 16:00:00,1004.1,27.5,94.0,0.6,29.0,1.5,219.0,0.0,-99.8,-99.8,-99.8,-99.8,-99.8,-99.8,-99.8
2023-06-17 17:00:00,1004.4,27.0,96.0,0.4,27.0,1.4,47.0,0.0,-99.8,-99.8,-99.8,-99.8,-99.8,-99.8,-99.8
2023-06-17 18:00:00,1004.3,26.8,96.0,0.7,19.0,1.5,21.0,0.0,-99.8,-99.8,-99.8,-99.8,-99.8,-99.8,-99.8
2023-06-17 19:00:00,1004.7,26.5,97.0,0.5,354.0,1.4,13.0,0.0,-99.8,-99.8,-99.8,-99.8,-99.8,-99.8,-99.8
2023-06-17 20:00:00,1005.0,26.1,96.0,0.5,348.0,1.7,337.0,0.0,-99.8,-99.8,-99.8,-99.8,-99.8,-99.8,-99.8
2023-06-17 21:00:00,1005.6,26.0,96.0,0.7,357.0,1.3,330.0,0.0,-99.8,-99.8,-99.8,-99.8,-99.8,-99.8,-99.8
2023-06-17 22:00:00,1005.6,26.0,95.0,0.8,7.0,1.6,29.0,0.0,-99.8,-99.8,-99.8,-99.8,-99.8,-99.8,-99.8
2023-06-17 23:00:00,1005.7,26.2,94.0,0.8,351.0,1.7,30.0,0.0,-99.8,-99.8,-99.8,-99.8,-99.8,-99.8,-99.8
2023-06-18 00:00:00,1005.0,26.4,96.0,0.5,339.0,1.6,2.0,0.0,-99.8,-99.8,-99.8,-99.8,-99.8,-99.8,-99.8
2023-06-18 01:00:00,1005.0,26.3,96.0,0.4,342.0,1.7,278.0,0.0,-99.8,-99.8,-99.8,-99.8,-99.8,-99.8,-99.8
2023-06-18 02:00:00,1004.6,26.3,97.0,0.5,322.0,1.4,3.0,0.0,-99.8,-99.8,-99.8,-99.8,-99.8,-99.8,-99.8
2023-06-18 03:00:00,1004.1,26.0,97.0,0.4,355.0,1.7,263.0,0.0,-99.8,-99.8,-99.8,-99.8,-99.8,-99.8,-99.8
2023-06-18 04:00:00,1003.8,25.7,96.0,0.6,2.0,1.4,29.0,0.0,-99.8,-99.8,-99.8,-99.8,-99.8,-99.8,-99.8
2023-06-18 05:00:00,1003.7,26.0,97.0,0.3,332.0,1.5,277.0,0.0,-99.8,-99.8,-99.8,-99.8,-99.8,-99.8,-99.8
2023-06-18 06:00:00,1003.4,26.0,97.0,0.4,8.0,1.4,327.0,0.0,-99.8,-99.8,-99.8,-99.8,-99.8,-99.8,-99.8
2023-06-18 07:00:00,1004.0,27.3,92.0,0.2,0.0,1.1,5.0,0.0,-99.8,-99.8,-99.8,-99.8,-99.8,-99.8,-99.8
2023-06-18 08:00:00,1004.1,31.2,75.0,0.9,133.0,2.3,32.0,0.0,-99.8,-99.8,-99.8,-99.8,-99.8,-99.8,-99.8
2023-06-18 09:00:00,1004.4,31.7,73.0,0.9,163.0,2.0,120.0,0.0,-99.8,-99.8,-99.8,-99.8,-99.8,-99.8,-99.8
2023-06-18 10:00:00,1004.6,31.3,79.0,0.7,124.0,3.1,208.0,0.0,-99.8,-99.8,-99.8,-99.8,-99.8,-99.8,-99.8
2023-06-18 11:00:00,1004.3,32.3,77.0,0.9,152.0,2.1,200.0,0.0,-99.8,-99.8,-99.8,-99.8,-99.8,-99.8,-99.8
2023-06-18 12:00:00,1003.8,32.2,77.0,1.2,172.0,2.9,195.0,0.0,-99.8,-99.8,-99.8,-99.8,-99.8,-99.8,-99.8
2023-06-18 13:00:00,1003.4,30.1,82.0,0.5,126.0,2.1,158.0,0.0,-99.8,-99.8,-99.8,-99.8,-99.8,-99.8,-99.8
2023-06-18 14:00:00,1002.8,28.9,90.0,0.9,180.0,1.7,209.0,0.0,-99.8,-99.8,-99.8,-99.8,-99.8,-99.8,-99.8
2023-06-18 15:00:00,1002.4,28.2,95.0,0.4,28.0,2.4,232.0,0.0,-99.8,-99.8,-99.8,-99.8,-99.8,-99.8,-99.8
2023-06-18 16:00:00,1001.6,27.3,97.0,0.2,0.0,2.8,26.0,3.5,-99.8,-99.8,-99.8,-99.8,-99.8,-99.8,-99.8
2023-06-18 17:00:00,1001.7,27.1,98.0,0.7,27.0,1.5,32.0,0.5,-99.8,-99.8,-99.8,-99.8,-99.8,-99.8,-99.8
2023-06-18 18:00:00,1002.1,26.4,99.0,0.8,358.0,1.5,360.0,0.0,-99.8,-99.8,-99.8,-99.8,-99.8,-99.8,-99.8
2023-06-18 19:00:00,1002.6,26.4,99.0,0.6,359.0,1.6,5.0,0.0,-99.8,-99.8,-99.8,-99.8,-99.8,-99.8,-99.8
2023-06-18 20:00:00,1002.9,26.4,99.0,0.6,353.0,1.4,9.0,0.0,-99.8,-99.8,-99.8,-99.8,-99.8,-99.8,-99.8
2023-06-18 21:00:00,1003.4,26.4,99.0,0.5,9.0,1.6,12.0,0.0,-99.8,-99.8,-99.8,-99.8,-99.8,-99.8,-99.8
2023-06-18 22:00:00,1003.6,26.6,98.0,0.7,16.0,1.9,19.0,0.0,-99.8,-99.8,-99.8,-99.8,-99.8,-99.8,-99.8
2023-06-18 23:00:00,1003.4,26.5,98.0,0.7,357.0,1.5,13.0,0.0,-99.8,-99.8,-99.8,-99.8,-99.8,-99.8,-99.8
2023-06-19 00:00:00,1002.9,26.2,98.0,0.6,358.0,2.0,25.0,0.0,-99.8,-99.8,-99.8,-99.8,-99.8,-99.8,-99.8
2023-06-19 01:00:00,1002.1,26.2,98.0,0.7,348.0,1.4,343.0,0.0,-99.8,-99.8,-99.8,-99.8,-99.8,-99.8,-99.8
2023-06-19 02:00:00,1001.4,25.9,98.0,0.7,9.0,1.6,13.0,0.0,-99.8,-99.8,-99.8,-99.8,-99.8,-99.8,-99.8
2023-06-19 03:00:00,1000.9,25.8,98.0,0.7,1.0,1.8,6.0,0.0,-99.8,-99.8,-99.8,-99.8,-99.8,-99.8,-99.8
2023-06-19 04:00:00,1000.9,26.0,98.0,0.6,8.0,1.3,360.0,0.0,-99.8,-99.8,-99.8,-99.8,-99.8,-99.8,-99.8
2023-06-19 05:00:00,1000.7,25.7,97.0,0.7,353.0,1.7,12.0,0.0,-99.8,-99.8,-99.8,-99.8,-99.8,-99.8,-99.8
2023-06-19 06:00:00,1001.0,25.9,97.0,0.5,358.0,1.3,7.0,0.0,-99.8,-99.8,-99.8,-99.8,-99.8,-99.8,-99.8
2023-06-19 07:00:00,1001.1,26.4,95.0,0.6,11.0,3.1,52.0,0.0,-99.8,-99.8,-99.8,-99.8,-99.8,-99.8,-99.8
2023-06-19 08:00:00,1001.7,30.0,82.0,0.6,224.0,1.9,222.0,0.0,-99.8,-99.8,-99.8,-99.8,-99.8,-99.8,-99.8
2023-06-19 09:00:00,1001.8,29.8,80.0,1.1,183.0,2.7,225.0,0.0,-99.8,-99.8,-99.8,-99.8,-99.8,-99.8,-99.8
2023-06-19 10:00:00,1001.6,32.2,74.0,1.7,165.0,2.7,159.0,0.0,-99.8,-99.8,-99.8,-99.8,-99.8,-99.8,-99.8
2023-06-19 11:00:00,1001.4,32.0,73.0,1.7,162.0,3.4,170.0,0.0,-99.8,-99.8,-99.8,-99.8,-99.8,-99.8,-99.8
2023-06-19 12:00:00,1000.9,33.1,70.0,1.1,146.0,2.4,139.0,0.0,-99.8,-99.8,-99.8,-99.8,-99.8,-99.8,-99.8
2023-06-19 13:00:00,1000.2,31.4,79.0,0.6,155.0,2.6,136.0,0.0,-99.8,-99.8,-99.8,-99.8,-99.8,-99.8,-99.8
2023-06-19 14:00:00,999.8,32.1,76.0,1.9,154.0,3.5,161.0,0.0,-99.8,-99.8,-99.8,-99.8,-99.8,-99.8,-99.8
2023-06-19 15:00:00,999.5,30.3,85.0,1.2,175.0,3.1,157.0,0.0,-99.8,-99.8,-99.8,-99.8,-99.8,-99.8,-99.8
2023-06-19 16:00:00,999.2,28.9,92.0,0.8,192.0,2.0,172.0,0.0,-99.8,-99.8,-99.8,-99.8,-99.8,-99.8,-99.8
2023-06-19 17:00:00,999.1,28.7,93.0,0.1,0.0,1.8,211.0,0.0,-99.8,-99.8,-99.8,-99.8,-99.8,-99.8,-99.8
2023-06-19 18:00:00,999.4,28.1,95.0,0.0,0.0,0.9,176.0,0.0,-99.8,-99.8,-99.8,-99.8,-99.8,-99.8,-99.8
2023-06-19 19:00:00,999.6,27.2,94.0,0.5,360.0,1.1,2.0,0.0,-99.8,-99.8,-99.8,-99.8,-99.8,-99.8,-99.8
2023-06-19 20:00:00,999.9,26.8,93.0,0.8,354.0,1.5,8.0,0.0,-99.8,-99.8,-99.8,-99.8,-99.8,-99.8,-99.8
2023-06-19 21:00:00,1000.0,26.4,91.0,0.8,348.0,1.8,27.0,0.0,-99.8,-99.8,-99.8,-99.8,-99.8,-99.8,-99.8
2023-06-19 22:00:00,1000.7,26.6,93.0,0.6,360.0,1.7,4.0,0.0,-99.8,-99.8,-99.8,-99.8,-99.8,-99.8,-99.8
2023-06-19 23:00:00,1000.4,26.5,91.0,0.8,8.0,2.1,18.0,0.0,-99.8,-99.8,-99.8,-99.8,-99.8,-99.8,-99.8
2023-06-20 00:00:00,999.8,26.2,93.0,0.7,6.0,2.1,18.0,0.0,-99.8,-99.8,-99.8,-99.8,-99.8,-99.8,-99.8
2023-06-20 01:00:00,999.3,26.0,92.0,0.8,13.0,1.8,8.0,0.0,-99.8,-99.8,-99.8,-99.8,-99.8,-99.8,-99.8
2023-06-20 02:00:00,998.9,26.0,92.0,0.9,10.0,2.6,9.0,0.0,-99.8,-99.8,-99.8,-99.8,-99.8,-99.8,-99.8
2023-06-20 03:00:00,998.8,25.9,91.0,0.8,8.0,2.4,12.0,0.0,-99.8,-99.8,-99.8,-99.8,-99.8,-99.8,-99.8
2023-06-20 04:00:00,998.4,25.5,91.0,0.7,4.0,2.7,360.0,0.0,-99.8,-99.8,-99.8,-99.8,-99.8,-99.8,-99.8
2023-06-20 05:00:00,998.6,25.5,90.0,0.8,350.0,1.9,360.0,0.0,-99.8,-99.8,-99.8,-99.8,-99.8,-99.8,-99.8
2023-06-20 06:00:00,999.1,25.4,88.0,0.5,351.0,2.0,21.0,0.0,-99.8,-99.8,-99.8,-99.8,-99.8,-99.8,-99.8
2023-06-20 07:00:00,999.7,25.6,82.0,0.9,13.0,1.9,29.0,0.0,-99.8,-99.8,-99.8,-99.8,-99.8,-99.8,-99.8
2023-06-20 08:00:00,999.9,30.5,79.0,0.3,80.0,1.8,7.0,0.0,-99.8,-99.8,-99.8,-99.8,-99.8,-99.8,-99.8
2023-06-20 09:00:00,1000.1,32.5,74.0,0.8,130.0,1.6,112.0,0.0,-99.8,-99.8,-99.8,-99.8,-99.8,-99.8,-99.8
2023-06-20 10:00:00,1000.0,32.1,73.0,1.0,142.0,2.1,152.0,0.0,-99.8,-99.8,-99.8,-99.8,-99.8,-99.8,-99.8
2023-06-20 11:00:00,1000.2,32.4,70.0,1.0,165.0,2.0,162.0,0.0,-99.8,-99.8,-99.8,-99.8,-99.8,-99.8,-99.8
2023-06-20 12:00:00,1000.1,32.5,70.0,1.0,171.0,1.8,149.0,0.0,-99.8,-99.8,-99.8,-99.8,-99.8,-99.8,-99.8
2023-06-20 13:00:00,999.7,32.6,70.0,1.0,180.0,2.4,221.0,0.0,-99.8,-99.8,-99.8,-99.8,-99.8,-99.8,-99.8
2023-06-20 14:00:00,999.7,32.9,71.0,0.7,171.0,1.9,200.0,0.0,-99.8,-99.8,-99.8,-99.8,-99.8,-99.8,-99.8
2023-06-20 15:00:00,999.4,33.0,71.0,0.6,155.0,2.7,149.0,0.0,-99.8,-99.8,-99.8,-99.8,-99.8,-99.8,-99.8
2023-06-20 16:00:00,998.8,29.0,86.0,0.6,178.0,2.2,156.0,0.0,-99.8,-99.8,-99.8,-99.8,-99.8,-99.8,-99.8
2023-06-20 17:00:00,998.8,28.2,91.0,0.0,0.0,2.0,218.0,0.0,-99.8,-99.8,-99.8,-99.8,-99.8,-99.8,-99.8
2023-06-20 18:00:00,999.0,27.4,87.0,0.6,354.0,1.3,27.0,0.0,-99.8,-99.8,-99.8,-99.8,-99.8,-99.8,-99.8
2023-06-20 19:00:00,999.5,26.9,84.0,0.8,358.0,2.0,46.0,0.0,-99.8,-99.8,-99.8,-99.8,-99.8,-99.8,-99.8
2023-06-20 20:00:00,1000.0,26.5,81.0,0.8,359.0,1.8,358.0,0.0,-99.8,-99.8,-99.8,-99.8,-99.8,-99.8,-99.8
2023-06-20 21:00:00,1000.6,26.4,86.0,1.1,352.0,1.8,360.0,0.0,-99.8,-99.8,-99.8,-99.8,-99.8,-99.8,-99.8
2023-06-20 22:00:00,1001.3,26.1,87.0,0.5,347.0,1.6,5.0,0.0,-99.8,-99.8,-99.8,-99.8,-99.8,-99.8,-99.8
2023-06-20 23:00:00,1001.0,26.2,85.0,0.8,351.0,2.2,353.0,0.0,-99.8,-99.8,-99.8,-99.8,-99.8,-99.8,-99.8
2023-06-21 00:00:00,1000.6,25.7,80.0,0.9,349.0,2.2,353.0,0.0,-99.8,-99.8,-99.8,-99.8,-99.8,-99.8,-99.8
2023-06-21 01:00:00,1000.3,25.4,79.0,0.8,343.0,1.8,10.0,0.0,-99.8,-99.8,-99.8,-99.8,-99.8,-99.8,-99.8
2023-06-21 02:00:00,999.7,25.5,79.0,0.9,345.0,2.0,13.0,0.0,-99.8,-99.8,-99.8,-99.8,-99.8,-99.8,-99.8
2023-06-21 03:00:00,999.2,25.4,83.0,1.0,351.0,1.7,318.0,0.0,-99.8,-99.8,-99.8,-99.8,-99.8,-99.8,-99.8
2023-06-21 04:00:00,999.3,24.9,82.0,0.9,349.0,1.4,358.0,0.0,-99.8,-99.8,-99.8,-99.8,-99.8,-99.8,-99.8
2023-06-21 05:00:00,999.8,25.1,85.0,0.9,344.0,1.6,3.0,0.0,-99.8,-99.8,-99.8,-99.8,-99.8,-99.8,-99.8
2023-06-21 06:00:00,1000.6,25.1,84.0,0.8,348.0,1.8,2.0,0.0,-99.8,-99.8,-99.8,-99.8,-99.8,-99.8,-99.8
2023-06-21 07:00:00,1001.0,25.7,77.0,0.7,10.0,1.7,26.0,0.0,-99.8,-99.8,-99.8,-99.8,-99.8,-99.8,-99.8
2023-06-21 08:00:00,1000.8,29.4,69.0,0.9,45.0,1.5,47.0,0.0,-99.8,-99.8,-99.8,-99.8,-99.8,-99.8,-99.8
2023-06-21 09:00:00,1000.6,32.8,65.0,1.1,149.0,1.9,128.0,0.0,-99.8,-99.8,-99.8,-99.8,-99.8,-99.8,-99.8
2023-06-21 10:00:00,1000.6,32.3,66.0,0.9,141.0,2.1,127.0,0.0,-99.8,-99.8,-99.8,-99.8,-99.8,-99.8,-99.8
2023-06-21 11:00:00,1000.6,33.2,65.0,1.2,139.0,1.8,141.0,0.0,-99.8,-99.8,-99.8,-99.8,-99.8,-99.8,-99.8
2023-06-21 12:00:00,1000.5,32.9,67.0,1.1,135.0,2.1,141.0,0.0,-99.8,-99.8,-99.8,-99.8,-99.8,-99.8,-99.8
2023-06-21 13:00:00,1000.4,33.1,69.0,1.0,167.0,2.1,175.0,0.0,-99.8,-99.8,-99.8,-99.8,-99.8,-99.8,-99.8
2023-06-21 14:00:00,999.9,32.8,69.0,1.1,166.0,2.2,161.0,0.0,-99.8,-99.8,-99.8,-99.8,-99.8,-99.8,-99.8
2023-06-21 15:00:00,999.7,32.0,67.0,0.8,195.0,2.0,159.0,0.0,-99.8,-99.8,-99.8,-99.8,-99.8,-99.8,-99.8
2023-06-21 16:00:00,999.2,29.3,81.0,0.5,240.0,1.9,257.0,0.0,-99.8,-99.8,-99.8,-99.8,-99.8,-99.8,-99.8
2023-06-21 17:00:00,999.6,28.5,85.0,0.3,352.0,1.3,268.0,0.0,-99.8,-99.8,-99.8,-99.8,-99.8,-99.8,-99.8
2023-06-21 18:00:00,1000.1,27.9,86.0,0.4,339.0,1.1,8.0,0.0,-99.8,-99.8,-99.8,-99.8,-99.8,-99.8,-99.8
2023-06-21 19:00:00,1000.6,27.3,85.0,0.8,359.0,1.5,8.0,0.0,-99.8,-99.8,-99.8,-99.8,-99.8,-99.8,-99.8
2023-06-21 20:00:00,1001.1,26.9,86.0,0.7,4.0,1.9,340.0,0.0,-99.8,-99.8,-99.8,-99.8,-99.8,-99.8,-99.8
2023-06-21 21:00:00,1001.6,26.8,85.0,0.7,4.0,1.5,23.0,0.0,-99.8,-99.8,-99.8,-99.8,-99.8,-99.8,-99.8
2023-06-21 22:00:00,1001.8,26.7,85.0,0.7,3.0,2.2,38.0,0.0,-99.8,-99.8,-99.8,-99.8,-99.8,-99.8,-99.8
2023-06-21 23:00:00,1002.1,26.7,85.0,0.8,9.0,1.5,343.0,0.0,-99.8,-99.8,-99.8,-99.8,-99.8,-99.8,-99.8
2023-06-22 00:00:00,1001.4,26.2,85.0,0.7,8.0,1.6,331.0,0.0,-99.8,-99.8,-99.8,-99.8,-99.8,-99.8,-99.8
2023-06-22 01:00:00,1001.2,26.6,83.0,0.8,352.0,1.9,344.0,0.0,-99.8,-99.8,-99.8,-99.8,-99.8,-99.8,-99.8
2023-06-22 02:00:00,1000.8,26.1,83.0,0.8,347.0,1.9,24.0,0.0,-99.8,-99.8,-99.8,-99.8,-99.8,-99.8,-99.8
2023-06-22 03:00:00,1000.8,26.1,81.0,0.9,352.0,2.5,5.0,0.0,-99.8,-99.8,-99.8,-99.8,-99.8,-99.8,-99.8
2023-06-22 04:00:00,1000.7,26.1,80.0,0.6,343.0,1.6,9.0,0.0,-99.8,-99.8,-99.8,-99.8,-99.8,-99.8,-99.8
2023-06-22 05:00:00,1001.1,25.8,82.0,0.7,360.0,2.0,30.0,0.0,-99.8,-99.8,-99.8,-99.8,-99.8,-99.8,-99.8
2023-06-22 06:00:00,1001.2,26.0,83.0,0.7,1.0,2.0,22.0,0.0,-99.8,-99.8,-99.8,-99.8,-99.8,-99.8,-99.8
2023-06-22 07:00:00,1001.5,26.4,78.0,1.1,14.0,2.8,26.0,0.0,-99.8,-99.8,-99.8,-99.8,-99.8,-99.8,-99.8
2023-06-22 08:00:00,1001.3,30.6,70.0,0.7,57.0,2.2,13.0,0.0,-99.8,-99.8,-99.8,-99.8,-99.8,-99.8,-99.8
2023-06-22 09:00:00,1001.5,33.1,65.0,0.8,127.0,1.6,137.0,0.0,-99.8,-99.8,-99.8,-99.8,-99.8,-99.8,-99.8
2023-06-22 10:00:00,1001.7,32.1,66.0,1.4,201.0,2.5,210.0,0.0,-99.8,-99.8,-99.8,-99.8,-99.8,-99.8,-99.8
2023-06-22 11:00:00,1001.8,32.8,66.0,1.2,176.0,2.7,213.0,0.0,-99.8,-99.8,-99.8,-99.8,-99.8,-99.8,-99.8
2023-06-22 12:00:00,1001.6,33.3,66.0,1.1,163.0,2.3,148.0,0.0,-99.8,-99.8,-99.8,-99.8,-99.8,-99.8,-99.8
2023-06-22 13:00:00,1001.1,32.2,71.0,1.0,163.0,2.1,155.0,0.0,-99.8,-99.8,-99.8,-99.8,-99.8,-99.8,-99.8
2023-06-22 14:00:00,1001.2,30.5,77.0,0.4,172.0,1.7,142.0,0.0,-99.8,-99.8,-99.8,-99.8,-99.8,-99.8,-99.8
2023-06-22 15:00:00,1001.1,29.9,81.0,0.6,154.0,1.1,178.0,0.0,-99.8,-99.8,-99.8,-99.8,-99.8,-99.8,-99.8
2023-06-22 16:00:00,1001.1,29.4,82.0,0.8,257.0,2.3,232.0,0.0,-99.8,-99.8,-99.8,-99.8,-99.8,-99.8,-99.8
2023-06-22 17:00:00,1001.2,29.6,81.0,0.2,0.0,1.4,170.0,0.0,-99.8,-99.8,-99.8,-99.8,-99.8,-99.8,-99.8
2023-06-22 18:00:00,1001.6,28.3,79.0,0.5,355.0,1.6,24.0,0.0,-99.8,-99.8,-99.8,-99.8,-99.8,-99.8,-99.8
2023-06-22 19:00:00,1002.2,27.8,80.0,0.8,10.0,1.7,15.0,0.0,-99.8,-99.8,-99.8,-99.8,-99.8,-99.8,-99.8
2023-06-22 20:00:00,1002.6,28.0,79.0,0.6,349.0,1.6,2.0,0.0,-99.8,-99.8,-99.8,-99.8,-99.8,-99.8,-99.8
2023-06-22 21:00:00,1003.1,27.7,81.0,0.6,350.0,1.5,11.0,0.0,-99.8,-99.8,-99.8,-99.8,-99.8,-99.8,-99.8
2023-06-22 22:00:00,1003.5,27.7,81.0,0.6,356.0,1.7,32.0,0.0,-99.8,-99.8,-99.8,-99.8,-99.8,-99.8,-99.8
2023-06-22 23:00:00,1003.2,27.6,82.0,0.9,12.0,1.8,343.0,0.0,-99.8,-99.8,-99.8,-99.8,-99.8,-99.8,-99.8
2023-06-23 00:00:00,1002.9,27.6,83.0,0.8,18.0,1.8,343.0,0.0,-99.8,-99.8,-99.8,-99.8,-99.8,-99.8,-99.8
2023-06-23 01:00:00,1002.4,27.4,83.0,0.8,351.0,1.7,359.0,0.0,-99.8,-99.8,-99.8,-99.8,-99.8,-99.8,-99.8
2023-06-23 02:00:00,1002.0,26.9,85.0,0.7,1.0,1.6,347.0,0.0,-99.8,-99.8,-99.8,-99.8,-99.8,-99.8,-99.8
2023-06-23 03:00:00,1001.9,26.9,86.0,0.6,351.0,1.7,26.0,0.0,-99.8,-99.8,-99.8,-99.8,-99.8,-99.8,-99.8
2023-06-23 04:00:00,1002.3,26.7,90.0,0.5,357.0,1.1,8.0,0.0,-99.8,-99.8,-99.8,-99.8,-99.8,-99.8,-99.8
2023-06-23 05:00:00,1002.3,26.7,89.0,0.5,352.0,1.9,20.0,0.0,-99.8,-99.8,-99.8,-99.8,-99.8,-99.8,-99.8
2023-06-23 06:00:00,1002.5,27.1,86.0,0.8,16.0,1.5,14.0,0.0,-99.8,-99.8,-99.8,-99.8,-99.8,-99.8,-99.8
2023-06-23 07:00:00,1002.5,28.0,84.0,0.6,21.0,1.7,26.0,0.0,-99.8,-99.8,-99.8,-99.8,-99.8,-99.8,-99.8
2023-06-23 08:00:00,1002.9,30.3,77.0,0.9,210.0,2.5,223.0,0.0,-99.8,-99.8,-99.8,-99.8,-99.8,-99.8,-99.8
2023-06-23 09:00:00,1002.9,32.5,68.0,0.8,166.0,1.6,145.0,0.0,-99.8,-99.8,-99.8,-99.8,-99.8,-99.8,-99.8
2023-06-23 10:00:00,1002.7,32.7,68.0,0.7,158.0,1.8,144.0,0.0,-99.8,-99.8,-99.8,-99.8,-99.8,-99.8,-99.8
2023-06-23 11:00:00,1002.9,31.9,69.0,0.7,181.0,1.8,151.0,0.0,-99.8,-99.8,-99.8,-99.8,-99.8,-99.8,-99.8
2023-06-23 12:00:00,1002.7,32.4,70.0,0.8,181.0,1.9,172.0,0.0,-99.8,-99.8,-99.8,-99.8,-99.8,-99.8,-99.8
2023-06-23 13:00:00,1002.5,31.5,75.0,1.1,182.0,2.1,144.0,0.0,-99.8,-99.8,-99.8,-99.8,-99.8,-99.8,-99.8
2023-06-23 14:00:00,1002.4,32.9,68.0,0.9,172.0,2.5,228.0,0.0,-99.8,-99.8,-99.8,-99.8,-99.8,-99.8,-99.8
2023-06-23 15:00:00,1002.3,29.8,79.0,1.0,196.0,2.3,219.0,0.0,-99.8,-99.8,-99.8,-99.8,-99.8,-99.8,-99.8
2023-06-23 16:00:00,1002.3,29.2,84.0,0.5,195.0,2.8,206.0,0.0,-99.8,-99.8,-99.8,-99.8,-99.8,-99.8,-99.8
2023-06-23 17:00:00,1002.7,29.2,84.0,0.4,201.0,1.6,171.0,0.0,-99.8,-99.8,-99.8,-99.8,-99.8,-99.8,-99.8
2023-06-23 18:00:00,1003.1,28.7,84.0,1.3,226.0,2.4,217.0,0.0,-99.8,-99.8,-99.8,-99.8,-99.8,-99.8,-99.8
2023-06-23 19:00:00,1003.7,27.1,95.0,0.8,9.0,2.0,360.0,1.0,-99.8,-99.8,-99.8,-99.8,-99.8,-99.8,-99.8
2023-06-23 20:00:00,1004.1,26.0,97.0,0.7,346.0,2.3,17.0,6.5,-99.8,-99.8,-99.8,-99.8,-99.8,-99.8,-99.8
2023-06-23 21:00:00,1004.2,25.7,96.0,1.5,10.0,2.9,1.0,0.0,-99.8,-99.8,-99.8,-99.8,-99.8,-99.8,-99.8
2023-06-23 22:00:00,1004.5,25.6,96.0,1.0,6.0,2.8,30.0,0.0,-99.8,-99.8,-99.8,-99.8,-99.8,-99.8,-99.8
2023-06-23 23:00:00,1004.4,25.5,96.0,0.9,11.0,2.0,360.0,0.0,-99.8,-99.8,-99.8,-99.8,-99.8,-99.8,-99.8
2023-06-24 00:00:00,1003.6,25.5,95.0,0.8,351.0,2.0,9.0,0.0,-99.8,-99.8,-99.8,-99.8,-99.8,-99.8,-99.8
2023-06-24 01:00:00,1003.1,25.5,95.0,0.9,12.0,1.8,3.0,0.0,-99.8,-99.8,-99.8,-99.8,-99.8,-99.8,-99.8
2023-06-24 02:00:00,1002.8,25.6,96.0,0.8,358.0,1.9,10.0,0.0,-99.8,-99.8,-99.8,-99.8,-99.8,-99.8,-99.8
2023-06-24 03:00:00,1002.7,25.7,95.0,0.8,338.0,2.1,359.0,0.0,-99.8,-99.8,-99.8,-99.8,-99.8,-99.8,-99.8
2023-06-24 04:00:00,1002.8,25.4,94.0,0.7,343.0,2.3,351.0,0.0,-99.8,-99.8,-99.8,-99.8,-99.8,-99.8,-99.8
2023-06-24 05:00:00,1002.9,25.1,92.0,0.9,348.0,2.0,359.0,0.0,-99.8,-99.8,-99.8,-99.8,-99.8,-99.8,-99.8
2023-06-24 06:00:00,1003.1,25.9,91.0,0.9,356.0,1.7,350.0,0.0,-99.8,-99.8,-99.8,-99.8,-99.8,-99.8,-99.8
2023-06-24 07:00:00,1003.6,26.5,90.0,0.3,14.0,2.3,24.0,0.0,-99.8,-99.8,-99.8,-99.8,-99.8,-99.8,-99.8
2023-06-24 08:00:00,1004.1,29.2,75.0,0.9,41.0,2.7,360.0,0.0,-99.8,-99.8,-99.8,-99.8,-99.8,-99.8,-99.8
2023-06-24 09:00:00,1004.2,31.6,67.0,1.7,189.0,3.7,193.0,0.0,-99.8,-99.8,-99.8,-99.8,-99.8,-99.8,-99.8
2023-06-24 10:00:00,1004.2,31.5,76.0,2.6,199.0,4.9,199.0,0.0,-99.8,-99.8,-99.8,-99.8,-99.8,-99.8,-99.8
2023-06-24 11:00:00,1003.8,31.6,75.0,1.8,204.0,4.7,210.0,0.0,-99.8,-99.8,-99.8,-99.8,-99.8,-99.8,-99.8
2023-06-24 12:00:00,1003.7,29.9,82.0,1.1,185.0,4.9,206.0,0.0,-99.8,-99.8,-99.8,-99.8,-99.8,-99.8,-99.8
2023-06-24 13:00:00,1003.5,28.5,88.0,2.9,206.0,7.3,200.0,0.0,-99.8,-99.8,-99.8,-99.8,-99.8,-99.8,-99.8
2023-06-24 14:00:00,1003.2,28.6,87.0,1.8,191.0,5.4,213.0,0.0,-99.8,-99.8,-99.8,-99.8,-99.8,-99.8,-99.8
2023-06-24 15:00:00,1003.1,28.6,88.0,1.3,186.0,6.0,217.0,0.0,-99.8,-99.8,-99.8,-99.8,-99.8,-99.8,-99.8
2023-06-24 16:00:00,1002.8,28.4,89.0,1.6,203.0,4.9,230.0,0.0,-99.8,-99.8,-99.8,-99.8,-99.8,-99.8,-99.8
2023-06-24 17:00:00,1003.2,28.4,84.0,0.8,190.0,3.4,198.0,0.0,-99.8,-99.8,-99.8,-99.8,-99.8,-99.8,-99.8
2023-06-24 18:00:00,1003.8,27.6,85.0,1.7,22.0,4.6,140.0,0.0,-99.8,-99.8,-99.8,-99.8,-99.8,-99.8,-99.8
2023-06-24 19:00:00,1004.3,27.4,87.0,1.5,16.0,3.7,6.0,0.0,-99.8,-99.8,-99.8,-99.8,-99.8,-99.8,-99.8
2023-06-24 20:00:00,1004.9,26.8,93.0,1.3,3.0,3.5,313.0,0.0,-99.8,-99.8,-99.8,-99.8,-99.8,-99.8,-99.8
2023-06-24 21:00:00,1005.4,27.2,93.0,0.8,275.0,5.0,158.0,2.0,-99.8,-99.8,-99.8,-99.8,-99.8,-99.8,-99.8
2023-06-24 22:00:00,1006.1,27.0,95.0,0.8,347.0,3.4,60.0,0.5,-99.8,-99.8,-99.8,-99.8,-99.8,-99.8,-99.8
2023-06-24 23:00:00,1006.0,26.7,96.0,0.9,354.0,3.9,38.0,0.0,-99.8,-99.8,-99.8,-99.8,-99.8,-99.8,-99.8
2023-06-25 00:00:00,1005.6,26.8,93.0,1.0,358.0,2.5,360.0,0.0,-99.8,-99.8,-99.8,-99.8,-99.8,-99.8,-99.8
2023-06-25 01:00:00,1005.1,26.0,97.0,0.9,5.0,1.9,12.0,0.0,-99.8,-99.8,-99.8,-99.8,-99.8,-99.8,-99.8
2023-06-25 02:00:00,1004.7,25.8,96.0,1.0,2.0,2.6,20.0,0.0,-99.8,-99.8,-99.8,-99.8,-99.8,-99.8,-99.8
2023-06-25 03:00:00,1004.1,25.3,97.0,0.7,2.0,2.0,27.0,0.0,-99.8,-99.8,-99.8,-99.8,-99.8,-99.8,-99.8
2023-06-25 04:00:00,1004.3,25.0,97.0,0.9,12.0,1.9,4.0,0.0,-99.8,-99.8,-99.8,-99.8,-99.8,-99.8,-99.8
2023-06-25 05:00:00,1004.6,25.0,96.0,0.6,355.0,2.0,338.0,0.0,-99.8,-99.8,-99.8,-99.8,-99.8,-99.8,-99.8
2023-06-25 06:00:00,1005.1,25.8,94.0,0.7,338.0,2.4,24.0,0.0,-99.8,-99.8,-99.8,-99.8,-99.8,-99.8,-99.8
2023-06-25 07:00:00,1005.5,27.2,89.0,0.5,18.0,2.1,26.0,0.0,-99.8,-99.8,-99.8,-99.8,-99.8,-99.8,-99.8
2023-06-25 08:00:00,1005.3,30.6,75.0,0.9,186.0,4.4,249.0,0.0,-99.8,-99.8,-99.8,-99.8,-99.8,-99.8,-99.8
2023-06-25 09:00:00,1005.3,31.1,72.0,1.2,193.0,4.0,201.0,0.0,-99.8,-99.8,-99.8,-99.8,-99.8,-99.8,-99.8
2023-06-25 10:00:00,1005.4,30.8,76.0,2.2,203.0,5.4,208.0,0.0,-99.8,-99.8,-99.8,-99.8,-99.8,-99.8,-99.8
2023-06-25 11:00:00,1005.4,28.8,84.0,2.4,206.0,5.5,208.0,0.0,-99.8,-99.8,-99.8,-99.8,-99.8,-99.8,-99.8
2023-06-25 12:00:00,1005.4,29.1,81.0,2.7,201.0,6.7,220.0,0.0,-99.8,-99.8,-99.8,-99.8,-99.8,-99.8,-99.8
2023-06-25 13:00:00,1005.1,29.6,78.0,1.8,200.0,5.1,226.0,0.0,-99.8,-99.8,-99.8,-99.8,-99.8,-99.8,-99.8
2023-06-25 14:00:00,1004.5,28.5,86.0,1.5,198.0,4.2,169.0,0.0,-99.8,-99.8,-99.8,-99.8,-99.8,-99.8,-99.8
2023-06-25 15:00:00,1004.4,28.5,86.0,1.1,175.0,6.3,207.0,0.0,-99.8,-99.8,-99.8,-99.8,-99.8,-99.8,-99.8
2023-06-25 16:00:00,1004.0,28.1,88.0,0.6,68.0,3.9,146.0,0.0,-99.8,-99.8,-99.8,-99.8,-99.8,-99.8,-99.8
2023-06-25 17:00:00,1004.2,28.3,85.0,1.0,85.0,5.1,201.0,0.0,-99.8,-99.8,-99.8,-99.8,-99.8,-99.8,-99.8
2023-06-25 18:00:00,1004.0,28.2,88.0,1.3,203.0,5.1,221.0,0.0,-99.8,-99.8,-99.8,-99.8,-99.8,-99.8,-99.8
2023-06-25 19:00:00,1004.7,27.5,94.0,1.4,209.0,7.3,236.0,1.0,-99.8,-99.8,-99.8,-99.8,-99.8,-99.8,-99.8
2023-06-25 20:00:00,1005.3,27.7,90.0,1.6,214.0,5.1,214.0,0.0,-99.8,-99.8,-99.8,-99.8,-99.8,-99.8,-99.8
2023-06-25 21:00:00,1005.9,26.8,95.0,0.8,14.0,6.3,242.0,5.5,-99.8,-99.8,-99.8,-99.8,-99.8,-99.8,-99.8
2023-06-25 22:00:00,1006.1,26.7,96.0,0.9,357.0,3.4,8.0,0.5,-99.8,-99.8,-99.8,-99.8,-99.8,-99.8,-99.8
2023-06-25 23:00:00,1006.0,26.7,94.0,1.2,357.0,2.5,30.0,0.0,-99.8,-99.8,-99.8,-99.8,-99.8,-99.8,-99.8
2023-06-26 00:00:00,1005.5,26.4,95.0,1.0,338.0,3.1,11.0,0.0,-99.8,-99.8,-99.8,-99.8,-99.8,-99.8,-99.8
2023-06-26 01:00:00,1005.2,25.7,96.0,0.8,355.0,3.3,36.0,0.0,-99.8,-99.8,-99.8,-99.8,-99.8,-99.8,-99.8
2023-06-26 02:00:00,1004.6,25.3,96.0,1.4,15.0,2.7,22.0,0.0,-99.8,-99.8,-99.8,-99.8,-99.8,-99.8,-99.8
2023-06-26 03:00:00,1004.4,24.8,95.0,1.2,18.0,3.2,356.0,0.0,-99.8,-99.8,-99.8,-99.8,-99.8,-99.8,-99.8
2023-06-26 04:00:00,1004.5,24.6,95.0,1.0,5.0,2.6,344.0,0.0,-99.8,-99.8,-99.8,-99.8,-99.8,-99.8,-99.8
2023-06-26 05:00:00,1004.9,24.7,92.0,1.2,12.0,2.7,352.0,0.0,-99.8,-99.8,-99.8,-99.8,-99.8,-99.8,-99.8
2023-06-26 06:00:00,1005.2,24.8,88.0,1.9,20.0,3.0,14.0,0.0,-99.8,-99.8,-99.8,-99.8,-99.8,-99.8,-99.8
2023-06-26 07:00:00,1005.8,25.5,84.0,1.4,9.0,3.2,11.0,0.0,-99.8,-99.8,-99.8,-99.8,-99.8,-99.8,-99.8
2023-06-26 08:00:00,1005.8,30.8,64.0,0.5,159.0,2.7,27.0,0.0,-99.8,-99.8,-99.8,-99.8,-99.8,-99.8,-99.8
2023-06-26 09:00:00,1006.0,31.6,69.0,1.9,180.0,3.8,198.0,0.0,-99.8,-99.8,-99.8,-99.8,-99.8,-99.8,-99.8
2023-06-26 10:00:00,1005.8,31.3,74.0,1.5,195.0,4.7,229.0,0.0,-99.8,-99.8,-99.8,-99.8,-99.8,-99.8,-99.8
2023-06-26 11:00:00,1005.7,31.0,75.0,1.0,173.0,3.6,167.0,0.0,-99.8,-99.8,-99.8,-99.8,-99.8,-99.8,-99.8
2023-06-26 12:00:00,1005.3,30.1,81.0,1.1,235.0,4.2,163.0,0.0,-99.8,-99.8,-99.8,-99.8,-99.8,-99.8,-99.8
2023-06-26 13:00:00,1005.0,30.2,82.0,1.6,193.0,4.7,234.0,0.0,-99.8,-99.8,-99.8,-99.8,-99.8,-99.8,-99.8
2023-06-26 14:00:00,1004.6,28.2,89.0,1.1,226.0,4.2,235.0,0.5,-99.8,-99.8,-99.8,-99.8,-99.8,-99.8,-99.8
2023-06-26 15:00:00,1004.3,28.0,89.0,0.8,60.0,3.1,86.0,0.0,-99.8,-99.8,-99.8,-99.8,-99.8,-99.8,-99.8
2023-06-26 16:00:00,1004.1,28.1,89.0,0.8,36.0,3.4,129.0,0.0,-99.8,-99.8,-99.8,-99.8,-99.8,-99.8,-99.8
2023-06-26 17:00:00,1004.4,28.1,86.0,1.2,34.0,4.1,292.0,0.0,-99.8,-99.8,-99.8,-99.8,-99.8,-99.8,-99.8
2023-06-26 18:00:00,1004.7,28.2,86.0,0.9,60.0,4.7,156.0,0.0,-99.8,-99.8,-99.8,-99.8,-99.8,-99.8,-99.8
2023-06-26 19:00:00,1005.4,27.7,87.0,0.6,55.0,5.2,130.0,0.0,-99.8,-99.8,-99.8,-99.8,-99.8,-99.8,-99.8
2023-06-26 20:00:00,1005.9,26.9,90.0,1.1,12.0,2.3,18.0,0.0,-99.8,-99.8,-99.8,-99.8,-99.8,-99.8,-99.8
2023-06-26 21:00:00,1006.5,26.8,86.0,1.3,5.0,2.7,11.0,0.0,-99.8,-99.8,-99.8,-99.8,-99.8,-99.8,-99.8
2023-06-26 22:00:00,1006.6,26.3,87.0,1.1,12.0,2.7,27.0,0.0,-99.8,-99.8,-99.8,-99.8,-99.8,-99.8,-99.8
2023-06-26 23:00:00,1006.3,25.9,87.0,1.3,16.0,2.4,33.0,0.0,-99.8,-99.8,-99.8,-99.8,-99.8,-99.8,-99.8
2023-06-27 00:00:00,1006.3,25.8,88.0,0.9,6.0,2.4,18.0,0.0,-99.8,-99.8,-99.8,-99.8,-99.8,-99.8,-99.8
2023-06-27 01:00:00,1006.2,25.8,88.0,1.1,15.0,2.3,29.0,0.0,-99.8,-99.8,-99.8,-99.8,-99.8,-99.8,-99.8
2023-06-27 02:00:00,1005.7,26.1,88.0,0.6,360.0,2.2,286.0,0.0,-99.8,-99.8,-99.8,-99.8,-99.8,-99.8,-99.8
2023-06-27 03:00:00,1005.2,25.4,89.0,0.9,8.0,2.1,22.0,0.0,-99.8,-99.8,-99.8,-99.8,-99.8,-99.8,-99.8
2023-06-27 04:00:00,1005.1,25.3,89.0,0.8,344.0,2.5,6.0,0.0,-99.8,-99.8,-99.8,-99.8,-99.8,-99.8,-99.8
2023-06-27 05:00:00,1005.4,25.2,87.0,0.9,8.0,2.2,18.0,0.0,-99.8,-99.8,-99.8,-99.8,-99.8,-99.8,-99.8
2023-06-27 06:00:00,1005.5,25.1,87.0,1.0,11.0,2.1,4.0,0.0,-99.8,-99.8,-99.8,-99.8,-99.8,-99.8,-99.8
2023-06-27 07:00:00,1005.7,25.9,83.0,1.0,10.0,3.2,8.0,0.0,-99.8,-99.8,-99.8,-99.8,-99.8,-99.8,-99.8
2023-06-27 08:00:00,1006.2,29.5,67.0,0.9,36.0,3.0,1.0,0.0,-99.8,-99.8,-99.8,-99.8,-99.8,-99.8,-99.8
2023-06-27 09:00:00,1006.4,31.6,63.0,1.8,189.0,3.8,173.0,0.0,-99.8,-99.8,-99.8,-99.8,-99.8,-99.8,-99.8
2023-06-27 10:00:00,1006.9,31.6,66.0,1.1,186.0,3.8,208.0,0.0,-99.8,-99.8,-99.8,-99.8,-99.8,-99.8,-99.8
2023-06-27 11:00:00,1006.9,31.4,72.0,1.2,196.0,4.7,197.0,0.0,-99.8,-99.8,-99.8,-99.8,-99.8,-99.8,-99.8
2023-06-27 12:00:00,1006.6,30.4,80.0,0.9,192.0,5.3,234.0,0.0,-99.8,-99.8,-99.8,-99.8,-99.8,-99.8,-99.8
2023-06-27 13:00:00,1006.3,30.5,77.0,1.8,192.0,4.7,205.0,0.0,-99.8,-99.8,-99.8,-99.8,-99.8,-99.8,-99.8
2023-06-27 14:00:00,1005.8,30.6,79.0,1.7,202.0,4.9,210.0,0.0,-99.8,-99.8,-99.8,-99.8,-99.8,-99.8,-99.8
2023-06-27 15:00:00,1005.5,28.9,86.0,1.5,191.0,4.1,212.0,0.0,-99.8,-99.8,-99.8,-99.8,-99.8,-99.8,-99.8
2023-06-27 16:00:00,1005.5,28.7,85.0,1.0,181.0,3.6,173.0,0.0,-99.8,-99.8,-99.8,-99.8,-99.8,-99.8,-99.8
2023-06-27 17:00:00,1006.0,28.6,81.0,1.3,113.0,4.2,68.0,0.0,-99.8,-99.8,-99.8,-99.8,-99.8,-99.8,-99.8
2023-06-27 18:00:00,1006.4,28.7,81.0,0.8,50.0,5.0,138.0,0.0,-99.8,-99.8,-99.8,-99.8,-99.8,-99.8,-99.8
2023-06-27 19:00:00,1006.8,28.5,83.0,0.6,90.0,3.8,15.0,0.0,-99.8,-99.8,-99.8,-99.8,-99.8,-99.8,-99.8
2023-06-27 20:00:00,1006.8,26.4,95.0,1.0,19.0,2.9,21.0,0.0,-99.8,-99.8,-99.8,-99.8,-99.8,-99.8,-99.8
2023-06-27 21:00:00,1007.5,26.5,95.0,0.8,357.0,2.9,24.0,0.0,-99.8,-99.8,-99.8,-99.8,-99.8,-99.8,-99.8
2023-06-27 22:00:00,1007.7,26.2,94.0,1.1,14.0,1.8,20.0,0.0,-99.8,-99.8,-99.8,-99.8,-99.8,-99.8,-99.8
2023-06-27 23:00:00,1007.6,26.2,94.0,0.9,360.0,2.9,23.0,0.0,-99.8,-99.8,-99.8,-99.8,-99.8,-99.8,-99.8
2023-06-28 00:00:00,1007.2,26.6,90.0,1.2,8.0,2.6,26.0,0.0,-99.8,-99.8,-99.8,-99.8,-99.8,-99.8,-99.8
2023-06-28 01:00:00,1006.7,26.5,91.0,0.4,327.0,2.2,29.0,0.0,-99.8,-99.8,-99.8,-99.8,-99.8,-99.8,-99.8
2023-06-28 02:00:00,1005.9,25.9,91.0,1.0,6.0,2.7,25.0,0.0,-99.8,-99.8,-99.8,-99.8,-99.8,-99.8,-99.8
2023-06-28 03:00:00,1005.6,26.0,89.0,0.8,356.0,3.0,9.0,0.0,-99.8,-99.8,-99.8,-99.8,-99.8,-99.8,-99.8
2023-06-28 04:00:00,1006.1,26.2,86.0,0.9,358.0,2.7,358.0,0.0,-99.8,-99.8,-99.8,-99.8,-99.8,-99.8,-99.8
2023-06-28 05:00:00,1007.3,26.4,87.0,0.7,30.0,2.7,224.0,0.0,-99.8,-99.8,-99.8,-99.8,-99.8,-99.8,-99.8
2023-06-28 06:00:00,1009.3,24.2,95.0,1.3,347.0,10.2,155.0,6.5,-99.8,-99.8,-99.8,-99.8,-99.8,-99.8,-99.8
2023-06-28 07:00:00,1007.9,24.4,98.0,0.7,8.0,4.9,25.0,1.5,-99.8,-99.8,-99.8,-99.8,-99.8,-99.8,-99.8
2023-06-28 08:00:00,1007.5,25.4,97.0,0.4,209.0,3.3,52.0,0.0,-99.8,-99.8,-99.8,-99.8,-99.8,-99.8,-99.8
2023-06-28 09:00:00,1006.7,25.8,96.0,0.3,64.0,3.4,157.0,0.0,-99.8,-99.8,-99.8,-99.8,-99.8,-99.8,-99.8
2023-06-28 10:00:00,1006.2,25.7,91.0,1.0,308.0,3.4,315.0,0.0,-99.8,-99.8,-99.8,-99.8,-99.8,-99.8,-99.8
2023-06-28 11:00:00,1006.9,26.4,92.0,1.5,172.0,5.8,199.0,0.0,-99.8,-99.8,-99.8,-99.8,-99.8,-99.8,-99.8
2023-06-28 12:00:00,1006.7,28.0,86.0,1.0,191.0,3.1,97.0,0.0,-99.8,-99.8,-99.8,-99.8,-99.8,-99.8,-99.8
2023-06-28 13:00:00,1005.8,27.9,86.0,0.9,113.0,4.9,212.0,0.0,-99.8,-99.8,-99.8,-99.8,-99.8,-99.8,-99.8
2023-06-28 14:00:00,1005.8,27.9,86.0,1.8,190.0,4.5,213.0,0.0,-99.8,-99.8,-99.8,-99.8,-99.8,-99.8,-99.8
2023-06-28 15:00:00,1005.3,28.1,87.0,0.8,229.0,3.5,239.0,0.0,-99.8,-99.8,-99.8,-99.8,-99.8,-99.8,-99.8
2023-06-28 16:00:00,1005.4,27.5,89.0,0.4,38.0,2.5,210.0,0.0,-99.8,-99.8,-99.8,-99.8,-99.8,-99.8,-99.8
2023-06-28 17:00:00,1005.1,27.6,90.0,0.3,31.0,2.9,38.0,0.0,-99.8,-99.8,-99.8,-99.8,-99.8,-99.8,-99.8
2023-06-28 18:00:00,1004.8,26.8,94.0,0.1,0.0,1.8,150.0,0.0,-99.8,-99.8,-99.8,-99.8,-99.8,-99.8,-99.8
2023-06-28 19:00:00,1004.2,26.1,94.0,0.6,13.0,1.8,7.0,0.0,-99.8,-99.8,-99.8,-99.8,-99.8,-99.8,-99.8
2023-06-28 20:00:00,1004.6,25.9,94.0,0.5,2.0,1.3,5.0,0.0,-99.8,-99.8,-99.8,-99.8,-99.8,-99.8,-99.8
2023-06-28 21:00:00,1005.4,26.1,95.0,0.3,256.0,1.7,21.0,0.0,-99.8,-99.8,-99.8,-99.8,-99.8,-99.8,-99.8
2023-06-28 22:00:00,1006.0,26.5,88.0,0.8,4.0,2.5,53.0,0.0,-99.8,-99.8,-99.8,-99.8,-99.8,-99.8,-99.8
2023-06-28 23:00:00,1005.7,25.9,90.0,1.3,17.0,3.2,34.0,0.0,-99.8,-99.8,-99.8,-99.8,-99.8,-99.8,-99.8
2023-06-29 00:00:00,1005.3,25.9,88.0,0.8,1.0,2.7,23.0,0.0,-99.8,-99.8,-99.8,-99.8,-99.8,-99.8,-99.8
2023-06-29 01:00:00,1003.8,25.8,87.0,1.0,5.0,2.1,6.0,0.0,-99.8,-99.8,-99.8,-99.8,-99.8,-99.8,-99.8
2023-06-29 02:00:00,1003.5,25.8,85.0,0.8,3.0,3.3,39.0,0.0,-99.8,-99.8,-99.8,-99.8,-99.8,-99.8,-99.8
2023-06-29 03:00:00,1003.7,25.8,83.0,1.1,356.0,2.3,336.0,0.0,-99.8,-99.8,-99.8,-99.8,-99.8,-99.8,-99.8
2023-06-29 04:00:00,1003.5,26.5,78.0,1.0,350.0,3.3,358.0,0.0,-99.8,-99.8,-99.8,-99.8,-99.8,-99.8,-99.8
2023-06-29 05:00:00,1003.4,25.7,86.0,0.5,3.0,2.3,15.0,0.0,-99.8,-99.8,-99.8,-99.8,-99.8,-99.8,-99.8
2023-06-29 06:00:00,1003.7,25.2,87.0,0.7,16.0,1.9,22.0,0.0,-99.8,-99.8,-99.8,-99.8,-99.8,-99.8,-99.8
2023-06-29 07:00:00,1005.1,26.2,86.0,0.5,330.0,2.0,11.0,0.0,-99.8,-99.8,-99.8,-99.8,-99.8,-99.8,-99.8
2023-06-29 08:00:00,1004.6,28.0,77.0,0.5,45.0,1.4,176.0,0.0,-99.8,-99.8,-99.8,-99.8,-99.8,-99.8,-99.8
2023-06-29 09:00:00,1003.6,29.0,76.0,0.6,124.0,1.6,214.0,0.0,-99.8,-99.8,-99.8,-99.8,-99.8,-99.8,-99.8
2023-06-29 10:00:00,1003.8,30.0,78.0,1.8,194.0,4.1,204.0,0.0,-99.8,-99.8,-99.8,-99.8,-99.8,-99.8,-99.8
2023-06-29 11:00:00,1003.9,31.2,77.0,1.0,175.0,4.1,221.0,0.0,-99.8,-99.8,-99.8,-99.8,-99.8,-99.8,-99.8
2023-06-29 12:00:00,1003.4,30.0,77.0,1.7,188.0,4.7,212.0,0.0,-99.8,-99.8,-99.8,-99.8,-99.8,-99.8,-99.8
2023-06-29 13:00:00,1003.0,29.0,80.0,1.8,192.0,6.9,215.0,0.0,-99.8,-99.8,-99.8,-99.8,-99.8,-99.8,-99.8
2023-06-29 14:00:00,1002.4,28.9,84.0,0.9,187.0,6.2,210.0,0.0,-99.8,-99.8,-99.8,-99.8,-99.8,-99.8,-99.8
2023-06-29 15:00:00,1002.4,28.7,86.0,0.9,143.0,4.8,157.0,0.0,-99.8,-99.8,-99.8,-99.8,-99.8,-99.8,-99.8
2023-06-29 16:00:00,1001.7,27.7,93.0,1.7,222.0,4.2,215.0,0.0,-99.8,-99.8,-99.8,-99.8,-99.8,-99.8,-99.8
2023-06-29 17:00:00,1001.6,27.2,94.0,0.9,58.0,3.7,200.0,0.5,-99.8,-99.8,-99.8,-99.8,-99.8,-99.8,-99.8
2023-06-29 18:00:00,1002.2,26.9,95.0,0.7,13.0,2.7,25.0,0.0,-99.8,-99.8,-99.8,-99.8,-99.8,-99.8,-99.8
2023-06-29 19:00:00,1002.7,26.8,96.0,0.6,8.0,2.9,30.0,0.0,-99.8,-99.8,-99.8,-99.8,-99.8,-99.8,-99.8
2023-06-29 20:00:00,1003.3,26.8,95.0,0.9,354.0,3.2,21.0,0.0,-99.8,-99.8,-99.8,-99.8,-99.8,-99.8,-99.8
2023-06-29 21:00:00,1003.3,26.4,96.0,0.7,355.0,2.3,290.0,0.0,-99.8,-99.8,-99.8,-99.8,-99.8,-99.8,-99.8
2023-06-29 22:00:00,1003.6,26.2,97.0,0.6,341.0,1.6,13.0,0.0,-99.8,-99.8,-99.8,-99.8,-99.8,-99.8,-99.8
2023-06-29 23:00:00,1003.0,26.4,96.0,0.7,356.0,3.1,32.0,0.0,-99.8,-99.8,-99.8,-99.8,-99.8,-99.8,-99.8
2023-06-30 00:00:00,1002.7,26.6,93.0,0.8,18.0,3.2,47.0,0.0,-99.8,-99.8,-99.8,-99.8,-99.8,-99.8,-99.8
2023-06-30 01:00:00,1002.3,26.0,94.0,0.9,5.0,2.5,15.0,0.0,-99.8,-99.8,-99.8,-99.8,-99.8,-99.8,-99.8
2023-06-30 02:00:00,1001.0,25.6,94.0,0.5,331.0,2.1,29.0,0.0,-99.8,-99.8,-99.8,-99.8,-99.8,-99.8,-99.8
2023-06-30 03:00:00,1000.5,25.2,94.0,0.7,356.0,2.3,33.0,0.0,-99.8,-99.8,-99.8,-99.8,-99.8,-99.8,-99.8
2023-06-30 04:00:00,1000.6,25.1,93.0,0.6,343.0,1.5,1.0,0.0,-99.8,-99.8,-99.8,-99.8,-99.8,-99.8,-99.8
2023-06-30 05:00:00,1000.7,25.0,94.0,0.5,358.0,1.7,7.0,0.0,-99.8,-99.8,-99.8,-99.8,-99.8,-99.8,-99.8
2023-06-30 06:00:00,1000.8,25.2,91.0,0.9,6.0,2.3,14.0,0.0,-99.8,-99.8,-99.8,-99.8,-99.8,-99.8,-99.8
2023-06-30 07:00:00,1001.3,26.0,88.0,0.9,21.0,2.2,20.0,0.0,-99.8,-99.8,-99.8,-99.8,-99.8,-99.8,-99.8
2023-06-30 08:00:00,1001.8,29.2,81.0,0.8,45.0,2.2,3.0,0.0,-99.8,-99.8,-99.8,-99.8,-99.8,-99.8,-99.8
2023-06-30 09:00:00,1002.0,32.2,65.0,0.5,89.0,2.3,222.0,0.0,-99.8,-99.8,-99.8,-99.8,-99.8,-99.8,-99.8
2023-06-30 10:00:00,1002.0,31.6,75.0,1.3,195.0,2.7,199.0,0.0,-99.8,-99.8,-99.8,-99.8,-99.8,-99.8,-99.8
2023-06-30 11:00:00,1002.2,31.5,72.0,1.6,182.0,3.0,208.0,0.0,-99.8,-99.8,-99.8,-99.8,-99.8,-99.8,-99.8
2023-06-30 12:00:00,1002.0,31.3,74.0,1.8,187.0,3.9,205.0,0.0,-99.8,-99.8,-99.8,-99.8,-99.8,-99.8,-99.8
2023-06-30 13:00:00,1002.0,29.5,83.0,1.1,189.0,3.6,212.0,0.0,-99.8,-99.8,-99.8,-99.8,-99.8,-99.8,-99.8
2023-06-30 14:00:00,1001.6,28.0,87.0,2.0,35.0,5.2,45.0,0.5,-99.8,-99.8,-99.8,-99.8,-99.8,-99.8,-99.8
2023-06-30 15:00:00,1001.4,28.0,90.0,1.4,22.0,4.4,200.0,0.0,-99.8,-99.8,-99.8,-99.8,-99.8,-99.8,-99.8
2023-06-30 16:00:00,1001.4,27.1,95.0,0.7,5.0,2.6,58.0,3.5,-99.8,-99.8,-99.8,-99.8,-99.8,-99.8,-99.8
2023-06-30 17:00:00,1002.1,25.3,98.0,1.1,18.0,2.9,28.0,23.0,-99.8,-99.8,-99.8,-99.8,-99.8,-99.8,-99.8
2023-06-30 18:00:00,1002.2,24.7,99.0,0.8,14.0,3.4,23.0,17.0,-99.8,-99.8,-99.8,-99.8,-99.8,-99.8,-99.8
2023-06-30 19:00:00,1003.6,25.1,99.0,0.2,0.0,2.4,33.0,4.5,-99.8,-99.8,-99.8,-99.8,-99.8,-99.8,-99.8
2023-06-30 20:00:00,1003.7,24.8,100.0,1.0,228.0,4.4,198.0,13.5,-99.8,-99.8,-99.8,-99.8,-99.8,-99.8,-99.8
2023-06-30 21:00:00,1003.6,25.0,100.0,0.6,308.0,2.4,233.0,1.0,-99.8,-99.8,-99.8,-99.8,-99.8,-99.8,-99.8
2023-06-30 22:00:00,1002.8,25.0,99.0,1.4,3.0,5.6,209.0,0.5,-99.8,-99.8,-99.8,-99.8,-99.8,-99.8,-99.8
2023-06-30 23:00:00,1002.3,25.5,95.0,0.8,326.0,4.1,26.0,0.0,-99.8,-99.8,-99.8,-99.8,-99.8,-99.8,-99.8
2023-07-01 00:00:00,1002.1,24.9,98.0,0.6,340.0,2.8,25.0,0.0,-99.8,-99.8,-99.8,-99.8,-99.8,-99.8,-99.8
2023-07-01 01:00:00,1001.4,24.8,98.0,0.9,3.0,2.6,25.0,0.0,-99.8,-99.8,-99.8,-99.8,-99.8,-99.8,-99.8
2023-07-01 02:00:00,1001.1,25.5,96.0,0.9,348.0,2.2,14.0,0.0,-99.8,-99.8,-99.8,-99.8,-99.8,-99.8,-99.8
2023-07-01 03:00:00,1001.0,25.5,96.0,0.9,333.0,2.4,11.0,0.0,-99.8,-99.8,-99.8,-99.8,-99.8,-99.8,-99.8
2023-07-01 04:00:00,1001.0,25.2,96.0,0.8,344.0,1.9,14.0,0.0,-99.8,-99.8,-99.8,-99.8,-99.8,-99.8,-99.8
2023-07-01 05:00:00,1001.2,25.3,96.0,0.9,4.0,2.5,326.0,0.0,-99.8,-99.8,-99.8,-99.8,-99.8,-99.8,-99.8
2023-07-01 06:00:00,1001.2,25.4,96.0,0.8,3.0,2.0,358.0,0.0,-99.8,-99.8,-99.8,-99.8,-99.8,-99.8,-99.8
2023-07-01 07:00:00,1001.9,26.6,95.0,0.5,3.0,1.6,360.0,0.0,-99.8,-99.8,-99.8,-99.8,-99.8,-99.8,-99.8
2023-07-01 08:00:00,1002.5,27.8,89.0,0.5,24.0,2.3,130.0,0.0,-99.8,-99.8,-99.8,-99.8,-99.8,-99.8,-99.8
2023-07-01 09:00:00,1003.1,29.9,78.0,0.9,190.0,2.5,219.0,0.0,-99.8,-99.8,-99.8,-99.8,-99.8,-99.8,-99.8
2023-07-01 10:00:00,1003.7,31.7,72.0,0.8,125.0,1.8,216.0,0.0,-99.8,-99.8,-99.8,-99.8,-99.8,-99.8,-99.8
2023-07-01 11:00:00,1003.8,32.6,70.0,1.0,168.0,2.5,202.0,0.0,-99.8,-99.8,-99.8,-99.8,-99.8,-99.8,-99.8
2023-07-01 12:00:00,1003.7,32.5,70.0,1.5,200.0,3.3,216.0,0.0,-99.8,-99.8,-99.8,-99.8,-99.8,-99.8,-99.8
2023-07-01 13:00:00,1003.7,29.4,85.0,1.3,187.0,3.8,197.0,0.0,-99.8,-99.8,-99.8,-99.8,-99.8,-99.8,-99.8
2023-07-01 14:00:00,1003.5,28.9,86.0,1.2,138.0,4.6,142.0,0.0,-99.8,-99.8,-99.8,-99.8,-99.8,-99.8,-99.8
2023-07-01 15:00:00,1003.2,28.1,94.0,1.4,262.0,5.2,206.0,1.0,-99.8,-99.8,-99.8,-99.8,-99.8,-99.8,-99.8
2023-07-01 16:00:00,1003.5,27.7,94.0,1.5,26.0,6.5,32.0,2.0,-99.8,-99.8,-99.8,-99.8,-99.8,-99.8,-99.8
2023-07-01 17:00:00,1003.4,27.4,96.0,0.6,7.0,3.2,214.0,0.5,-99.8,-99.8,-99.8,-99.8,-99.8,-99.8,-99.8
2023-07-01 18:00:00,1003.2,27.5,94.0,1.0,359.0,4.0,254.0,0.0,-99.8,-99.8,-99.8,-99.8,-99.8,-99.8,-99.8
2023-07-01 19:00:00,1003.3,27.3,96.0,0.7,296.0,2.9,25.0,0.5,-99.8,-99.8,-99.8,-99.8,-99.8,-99.8,-99.8
2023-07-01 20:00:00,1003.7,27.3,95.0,1.0,314.0,4.5,10.0,0.5,-99.8,-99.8,-99.8,-99.8,-99.8,-99.8,-99.8
2023-07-01 21:00:00,1004.1,27.1,96.0,0.7,1.0,3.5,286.0,0.0,-99.8,-99.8,-99.8,-99.8,-99.8,-99.8,-99.8
2023-07-01 22:00:00,1004.7,26.8,98.0,0.4,10.0,1.6,356.0,0.0,-99.8,-99.8,-99.8,-99.8,-99.8,-99.8,-99.8
2023-07-01 23:00:00,1004.8,26.8,96.0,0.8,330.0,2.2,4.0,0.0,-99.8,-99.8,-99.8,-99.8,-99.8,-99.8,-99.8
2023-07-02 00:00:00,1004.6,26.7,97.0,0.5,323.0,2.4,326.0,0.0,-99.8,-99.8,-99.8,-99.8,-99.8,-99.8,-99.8
2023-07-02 01:00:00,1004.2,26.5,98.0,0.4,330.0,1.4,343.0,0.0,-99.8,-99.8,-99.8,-99.8,-99.8,-99.8,-99.8
2023-07-02 02:00:00,1003.9,26.0,98.0,0.6,350.0,1.9,19.0,0.0,-99.8,-99.8,-99.8,-99.8,-99.8,-99.8,-99.8
2023-07-02 03:00:00,1003.6,25.7,98.0,1.1,22.0,2.7,7.0,0.0,-99.8,-99.8,-99.8,-99.8,-99.8,-99.8,-99.8
2023-07-02 04:00:00,1003.2,25.2,97.0,0.5,353.0,2.4,12.0,0.0,-99.8,-99.8,-99.8,-99.8,-99.8,-99.8,-99.8
2023-07-02 05:00:00,1003.0,25.2,95.0,0.8,357.0,2.6,1.0,0.0,-99.8,-99.8,-99.8,-99.8,-99.8,-99.8,-99.8
2023-07-02 06:00:00,1003.3,25.4,94.0,1.1,20.0,2.1,12.0,0.0,-99.8,-99.8,-99.8,-99.8,-99.8,-99.8,-99.8
2023-07-02 07:00:00,1003.7,25.5,94.0,0.8,12.0,2.5,2.0,0.0,-99.8,-99.8,-99.8,-99.8,-99.8,-99.8,-99.8
2023-07-02 08:00:00,1003.9,29.2,76.0,0.8,50.0,2.8,28.0,0.0,-99.8,-99.8,-99.8,-99.8,-99.8,-99.8,-99.8
2023-07-02 09:00:00,1004.9,31.3,72.0,0.5,161.0,2.1,157.0,0.0,-99.8,-99.8,-99.8,-99.8,-99.8,-99.8,-99.8
2023-07-02 10:00:00,1005.6,32.2,70.0,0.6,96.0,2.2,194.0,0.0,-99.8,-99.8,-99.8,-99.8,-99.8,-99.8,-99.8
2023-07-02 11:00:00,1006.0,32.2,69.0,1.9,193.0,3.2,203.0,0.0,-99.8,-99.8,-99.8,-99.8,-99.8,-99.8,-99.8
2023-07-02 12:00:00,1005.9,31.8,78.0,0.7,178.0,3.7,236.0,0.0,-99.8,-99.8,-99.8,-99.8,-99.8,-99.8,-99.8
2023-07-02 13:00:00,1005.6,29.6,84.0,1.3,169.0,4.6,193.0,0.0,-99.8,-99.8,-99.8,-99.8,-99.8,-99.8,-99.8
2023-07-02 14:00:00,1005.0,29.3,86.0,1.1,183.0,5.8,177.0,0.0,-99.8,-99.8,-99.8,-99.8,-99.8,-99.8,-99.8
2023-07-02 15:00:00,1004.5,29.0,82.0,1.5,109.0,4.8,30.0,0.0,-99.8,-99.8,-99.8,-99.8,-99.8,-99.8,-99.8
2023-07-02 16:00:00,1004.5,29.2,87.0,1.1,87.0,4.7,200.0,0.0,-99.8,-99.8,-99.8,-99.8,-99.8,-99.8,-99.8
2023-07-02 17:00:00,1004.2,28.6,92.0,1.9,188.0,6.4,227.0,0.0,-99.8,-99.8,-99.8,-99.8,-99.8,-99.8,-99.8
2023-07-02 18:00:00,1004.6,28.4,93.0,1.1,167.0,4.1,211.0,0.0,-99.8,-99.8,-99.8,-99.8,-99.8,-99.8,-99.8
2023-07-02 19:00:00,1005.2,28.3,92.0,1.1,211.0,5.8,217.0,0.0,-99.8,-99.8,-99.8,-99.8,-99.8,-99.8,-99.8
2023-07-02 20:00:00,1005.7,27.6,95.0,1.3,348.0,3.8,224.0,5.0,-99.8,-99.8,-99.8,-99.8,-99.8,-99.8,-99.8
2023-07-02 21:00:00,1006.5,27.5,96.0,0.7,5.0,4.4,41.0,0.0,-99.8,-99.8,-99.8,-99.8,-99.8,-99.8,-99.8
2023-07-02 22:00:00,1007.2,27.1,96.0,0.9,327.0,2.2,21.0,0.0,-99.8,-99.8,-99.8,-99.8,-99.8,-99.8,-99.8
2023-07-02 23:00:00,1006.8,26.8,98.0,0.5,4.0,1.6,297.0,0.0,-99.8,-99.8,-99.8,-99.8,-99.8,-99.8,-99.8
2023-07-03 00:00:00,1006.2,26.7,98.0,0.7,9.0,1.5,23.0,0.0,-99.8,-99.8,-99.8,-99.8,-99.8,-99.8,-99.8
2023-07-03 01:00:00,1005.5,26.4,98.0,0.7,2.0,1.8,341.0,0.0,-99.8,-99.8,-99.8,-99.8,-99.8,-99.8,-99.8
2023-07-03 02:00:00,1005.3,26.4,99.0,0.2,0.0,1.6,40.0,0.0,-99.8,-99.8,-99.8,-99.8,-99.8,-99.8,-99.8
2023-07-03 03:00:00,1004.9,26.4,98.0,0.7,342.0,1.6,354.0,0.0,-99.8,-99.8,-99.8,-99.8,-99.8,-99.8,-99.8
2023-07-03 04:00:00,1004.3,26.2,97.0,0.6,5.0,1.7,10.0,0.0,-99.8,-99.8,-99.8,-99.8,-99.8,-99.8,-99.8
2023-07-03 05:00:00,1004.4,26.1,97.0,0.5,344.0,1.9,38.0,0.0,-99.8,-99.8,-99.8,-99.8,-99.8,-99.8,-99.8
2023-07-03 06:00:00,1004.3,25.9,97.0,0.7,357.0,2.0,10.0,0.0,-99.8,-99.8,-99.8,-99.8,-99.8,-99.8,-99.8
2023-07-03 07:00:00,1004.6,26.9,94.0,0.3,16.0,1.4,334.0,0.0,-99.8,-99.8,-99.8,-99.8,-99.8,-99.8,-99.8
2023-07-03 08:00:00,1004.9,32.2,76.0,0.6,143.0,1.8,171.0,0.0,-99.8,-99.8,-99.8,-99.8,-99.8,-99.8,-99.8
2023-07-03 09:00:00,1005.0,31.4,82.0,1.2,169.0,2.6,138.0,0.0,-99.8,-99.8,-99.8,-99.8,-99.8,-99.8,-99.8
2023-07-03 10:00:00,1005.1,31.7,77.0,1.0,145.0,2.1,125.0,0.0,-99.8,-99.8,-99.8,-99.8,-99.8,-99.8,-99.8
2023-07-03 11:00:00,1004.9,30.4,81.0,0.8,158.0,2.9,29.0,0.0,-99.8,-99.8,-99.8,-99.8,-99.8,-99.8,-99.8
2023-07-03 12:00:00,1004.7,31.1,77.0,1.1,207.0,3.4,203.0,0.0,-99.8,-99.8,-99.8,-99.8,-99.8,-99.8,-99.8
2023-07-03 13:00:00,1004.1,30.2,83.0,0.8,190.0,3.1,214.0,0.0,-99.8,-99.8,-99.8,-99.8,-99.8,-99.8,-99.8
2023-07-03 14:00:00,1003.8,29.8,84.0,1.3,192.0,3.4,196.0,0.0,-99.8,-99.8,-99.8,-99.8,-99.8,-99.8,-99.8
2023-07-03 15:00:00,1003.2,29.0,88.0,1.2,190.0,3.2,218.0,0.0,-99.8,-99.8,-99.8,-99.8,-99.8,-99.8,-99.8
2023-07-03 16:00:00,1002.7,28.6,90.0,0.7,21.0,1.8,151.0,0.0,-99.8,-99.8,-99.8,-99.8,-99.8,-99.8,-99.8
2023-07-03 17:00:00,1003.7,26.8,96.0,0.8,16.0,2.0,22.0,0.5,-99.8,-99.8,-99.8,-99.8,-99.8,-99.8,-99.8
2023-07-03 18:00:00,1003.3,25.5,97.0,0.2,0.0,3.0,207.0,6.5,-99.8,-99.8,-99.8,-99.8,-99.8,-99.8,-99.8
2023-07-03 19:00:00,1004.3,24.9,98.0,0.7,9.0,2.3,28.0,1.5,-99.8,-99.8,-99.8,-99.8,-99.8,-99.8,-99.8
2023-07-03 20:00:00,1003.7,24.7,97.0,0.5,305.0,2.8,351.0,1.5,-99.8,-99.8,-99.8,-99.8,-99.8,-99.8,-99.8
2023-07-03 21:00:00,1004.0,24.6,98.0,0.6,326.0,1.9,314.0,0.0,-99.8,-99.8,-99.8,-99.8,-99.8,-99.8,-99.8
2023-07-03 22:00:00,1004.9,24.9,98.0,0.7,5.0,3.3,37.0,0.0,-99.8,-99.8,-99.8,-99.8,-99.8,-99.8,-99.8
2023-07-03 23:00:00,1004.0,24.8,98.0,0.6,5.0,2.2,12.0,0.0,-99.8,-99.8,-99.8,-99.8,-99.8,-99.8,-99.8
2023-07-04 00:00:00,1003.2,25.5,92.0,1.2,345.0,3.2,21.0,0.0,-99.8,-99.8,-99.8,-99.8,-99.8,-99.8,-99.8
2023-07-04 01:00:00,1002.2,25.3,95.0,1.2,13.0,2.6,23.0,0.0,-99.8,-99.8,-99.8,-99.8,-99.8,-99.8,-99.8
2023-07-04 02:00:00,1001.6,25.6,92.0,1.1,5.0,2.7,332.0,0.0,-99.8,-99.8,-99.8,-99.8,-99.8,-99.8,-99.8
2023-07-04 03:00:00,1001.5,25.3,95.0,0.7,6.0,2.4,34.0,0.0,-99.8,-99.8,-99.8,-99.8,-99.8,-99.8,-99.8
2023-07-04 04:00:00,1001.5,25.4,93.0,0.7,359.0,2.3,2.0,0.0,-99.8,-99.8,-99.8,-99.8,-99.8,-99.8,-99.8
2023-07-04 05:00:00,1001.6,25.3,93.0,0.8,357.0,1.7,44.0,0.0,-99.8,-99.8,-99.8,-99.8,-99.8,-99.8,-99.8
2023-07-04 06:00:00,1002.4,25.5,94.0,0.5,358.0,1.9,359.0,0.0,-99.8,-99.8,-99.8,-99.8,-99.8,-99.8,-99.8
2023-07-04 07:00:00,1002.7,25.9,90.0,1.1,15.0,1.9,16.0,0.0,-99.8,-99.8,-99.8,-99.8,-99.8,-99.8,-99.8
2023-07-04 08:00:00,1002.8,30.3,80.0,0.7,48.0,1.6,7.0,0.0,-99.8,-99.8,-99.8,-99.8,-99.8,-99.8,-99.8
2023-07-04 09:00:00,1002.8,32.1,69.0,0.4,143.0,1.2,150.0,0.0,-99.8,-99.8,-99.8,-99.8,-99.8,-99.8,-99.8
2023-07-04 10:00:00,1003.0,32.8,65.0,1.0,152.0,1.8,136.0,0.0,-99.8,-99.8,-99.8,-99.8,-99.8,-99.8,-99.8
2023-07-04 11:00:00,1002.7,32.9,67.0,0.8,172.0,2.0,166.0,0.0,-99.8,-99.8,-99.8,-99.8,-99.8,-99.8,-99.8
2023-07-04 12:00:00,1002.0,33.7,64.0,0.8,149.0,1.9,160.0,0.0,-99.8,-99.8,-99.8,-99.8,-99.8,-99.8,-99.8
2023-07-04 13:00:00,1001.4,33.8,68.0,0.7,168.0,1.8,151.0,0.0,-99.8,-99.8,-99.8,-99.8,-99.8,-99.8,-99.8
2023-07-04 14:00:00,1001.0,30.8,80.0,1.1,184.0,2.7,220.0,0.0,-99.8,-99.8,-99.8,-99.8,-99.8,-99.8,-99.8
2023-07-04 15:00:00,1000.5,29.2,85.0,2.4,208.0,4.8,231.0,0.0,-99.8,-99.8,-99.8,-99.8,-99.8,-99.8,-99.8
2023-07-04 16:00:00,1000.2,29.2,86.0,1.0,224.0,3.7,212.0,0.0,-99.8,-99.8,-99.8,-99.8,-99.8,-99.8,-99.8
2023-07-04 17:00:00,1000.0,28.9,82.0,0.7,273.0,2.7,200.0,0.0,-99.8,-99.8,-99.8,-99.8,-99.8,-99.8,-99.8
2023-07-04 18:00:00,1000.7,28.1,88.0,0.5,337.0,2.3,239.0,0.0,-99.8,-99.8,-99.8,-99.8,-99.8,-99.8,-99.8
2023-07-04 19:00:00,1001.1,27.5,90.0,0.5,4.0,1.4,1.0,0.0,-99.8,-99.8,-99.8,-99.8,-99.8,-99.8,-99.8
2023-07-04 20:00:00,1001.1,27.7,89.0,0.7,348.0,1.5,333.0,0.0,-99.8,-99.8,-99.8,-99.8,-99.8,-99.8,-99.8
2023-07-04 21:00:00,1001.3,27.5,91.0,0.5,1.0,1.5,36.0,0.0,-99.8,-99.8,-99.8,-99.8,-99.8,-99.8,-99.8
2023-07-04 22:00:00,1001.3,27.3,90.0,0.7,6.0,2.1,329.0,0.0,-99.8,-99.8,-99.8,-99.8,-99.8,-99.8,-99.8
2023-07-04 23:00:00,1001.4,27.4,89.0,0.8,18.0,1.8,23.0,0.0,-99.8,-99.8,-99.8,-99.8,-99.8,-99.8,-99.8
2023-07-05 00:00:00,1001.1,27.5,88.0,0.8,15.0,2.0,25.0,0.0,-99.8,-99.8,-99.8,-99.8,-99.8,-99.8,-99.8
2023-07-05 01:00:00,1000.6,27.0,90.0,0.9,10.0,2.0,9.0,0.0,-99.8,-99.8,-99.8,-99.8,-99.8,-99.8,-99.8
2023-07-05 02:00:00,1000.0,26.5,90.0,0.8,11.0,2.0,16.0,0.0,-99.8,-99.8,-99.8,-99.8,-99.8,-99.8,-99.8
2023-07-05 03:00:00,999.1,26.4,91.0,0.7,347.0,1.9,329.0,0.0,-99.8,-99.8,-99.8,-99.8,-99.8,-99.8,-99.8
2023-07-05 04:00:00,999.0,26.3,89.0,0.8,4.0,2.0,20.0,0.0,-99.8,-99.8,-99.8,-99.8,-99.8,-99.8,-99.8
2023-07-05 05:00:00,999.3,26.2,90.0,0.8,359.0,1.4,5.0,0.0,-99.8,-99.8,-99.8,-99.8,-99.8,-99.8,-99.8
2023-07-05 06:00:00,999.7,26.3,92.0,0.7,344.0,1.4,19.0,0.0,-99.8,-99.8,-99.8,-99.8,-99.8,-99.8,-99.8
2023-07-05 07:00:00,1000.2,27.1,85.0,0.7,15.0,1.9,313.0,0.0,-99.8,-99.8,-99.8,-99.8,-99.8,-99.8,-99.8
2023-07-05 08:00:00,1000.4,29.9,79.0,0.9,38.0,1.7,28.0,0.0,-99.8,-99.8,-99.8,-99.8,-99.8,-99.8,-99.8
2023-07-05 09:00:00,1000.4,33.4,66.0,0.4,112.0,1.4,152.0,0.0,-99.8,-99.8,-99.8,-99.8,-99.8,-99.8,-99.8
2023-07-05 10:00:00,1000.6,32.9,69.0,0.9,135.0,2.2,229.0,0.0,-99.8,-99.8,-99.8,-99.8,-99.8,-99.8,-99.8
2023-07-05 11:00:00,1000.6,33.6,68.0,1.0,170.0,2.0,162.0,0.0,-99.8,-99.8,-99.8,-99.8,-99.8,-99.8,-99.8
2023-07-05 12:00:00,1000.2,33.7,68.0,0.9,151.0,2.2,144.0,0.0,-99.8,-99.8,-99.8,-99.8,-99.8,-99.8,-99.8
2023-07-05 13:00:00,1000.0,33.5,69.0,1.3,155.0,2.1,155.0,0.0,-99.8,-99.8,-99.8,-99.8,-99.8,-99.8,-99.8
2023-07-05 14:00:00,999.6,33.8,64.0,0.8,145.0,2.1,152.0,0.0,-99.8,-99.8,-99.8,-99.8,-99.8,-99.8,-99.8
2023-07-05 15:00:00,999.4,34.6,66.0,0.6,162.0,1.8,157.0,0.0,-99.8,-99.8,-99.8,-99.8,-99.8,-99.8,-99.8
2023-07-05 16:00:00,999.2,29.8,80.0,0.8,275.0,1.9,154.0,0.0,-99.8,-99.8,-99.8,-99.8,-99.8,-99.8,-99.8
2023-07-05 17:00:00,999.4,28.7,82.0,0.6,330.0,1.3,283.0,0.0,-99.8,-99.8,-99.8,-99.8,-99.8,-99.8,-99.8
2023-07-05 18:00:00,999.4,28.4,79.0,0.7,355.0,1.4,2.0,0.0,-99.8,-99.8,-99.8,-99.8,-99.8,-99.8,-99.8
2023-07-05 19:00:00,999.8,27.9,81.0,0.9,11.0,1.7,31.0,0.0,-99.8,-99.8,-99.8,-99.8,-99.8,-99.8,-99.8
2023-07-05 20:00:00,1000.2,27.6,79.0,0.7,360.0,2.1,9.0,0.0,-99.8,-99.8,-99.8,-99.8,-99.8,-99.8,-99.8
2023-07-05 21:00:00,1000.5,27.5,78.0,0.9,6.0,2.0,344.0,0.0,-99.8,-99.8,-99.8,-99.8,-99.8,-99.8,-99.8
2023-07-05 22:00:00,1000.6,27.5,74.0,0.9,357.0,2.6,30.0,0.0,-99.8,-99.8,-99.8,-99.8,-99.8,-99.8,-99.8
2023-07-05 23:00:00,1000.8,27.7,76.0,0.9,343.0,2.6,313.0,0.0,-99.8,-99.8,-99.8,-99.8,-99.8,-99.8,-99.8
2023-07-06 00:00:00,1000.4,27.2,78.0,0.8,359.0,1.8,346.0,0.0,-99.8,-99.8,-99.8,-99.8,-99.8,-99.8,-99.8
2023-07-06 01:00:00,1000.0,27.2,79.0,0.7,337.0,2.0,5.0,0.0,-99.8,-99.8,-99.8,-99.8,-99.8,-99.8,-99.8
2023-07-06 02:00:00,999.5,27.1,81.0,0.7,357.0,2.1,3.0,0.0,-99.8,-99.8,-99.8,-99.8,-99.8,-99.8,-99.8
2023-07-06 03:00:00,999.6,27.0,79.0,0.9,347.0,1.8,11.0,0.0,-99.8,-99.8,-99.8,-99.8,-99.8,-99.8,-99.8
2023-07-06 04:00:00,999.8,26.6,83.0,0.7,3.0,1.6,25.0,0.0,-99.8,-99.8,-99.8,-99.8,-99.8,-99.8,-99.8
2023-07-06 05:00:00,1000.2,26.5,81.0,0.4,335.0,2.7,6.0,0.0,-99.8,-99.8,-99.8,-99.8,-99.8,-99.8,-99.8
2023-07-06 06:00:00,1000.9,26.4,83.0,0.6,336.0,1.6,329.0,0.0,-99.8,-99.8,-99.8,-99.8,-99.8,-99.8,-99.8
2023-07-06 07:00:00,1001.4,26.9,80.0,0.8,18.0,3.1,13.0,0.0,-99.8,-99.8,-99.8,-99.8,-99.8,-99.8,-99.8
2023-07-06 08:00:00,1001.9,32.3,66.0,0.2,0.0,1.8,24.0,0.0,-99.8,-99.8,-99.8,-99.8,-99.8,-99.8,-99.8
2023-07-06 09:00:00,1002.1,32.9,65.0,0.8,155.0,2.8,158.0,0.0,-99.8,-99.8,-99.8,-99.8,-99.8,-99.8,-99.8
2023-07-06 10:00:00,1002.5,34.0,64.0,0.9,180.0,2.7,224.0,0.0,-99.8,-99.8,-99.8,-99.8,-99.8,-99.8,-99.8
2023-07-06 11:00:00,1002.3,34.1,61.0,1.0,176.0,1.9,145.0,0.0,-99.8,-99.8,-99.8,-99.8,-99.8,-99.8,-99.8
2023-07-06 12:00:00,1001.9,34.9,60.0,0.6,162.0,1.7,165.0,0.0,-99.8,-99.8,-99.8,-99.8,-99.8,-99.8,-99.8
2023-07-06 13:00:00,1001.3,34.1,61.0,1.5,142.0,2.7,225.0,0.0,-99.8,-99.8,-99.8,-99.8,-99.8,-99.8,-99.8
2023-07-06 14:00:00,1001.3,34.8,57.0,0.9,152.0,1.9,156.0,0.0,-99.8,-99.8,-99.8,-99.8,-99.8,-99.8,-99.8
2023-07-06 15:00:00,1001.2,35.0,60.0,0.7,178.0,1.7,160.0,0.0,-99.8,-99.8,-99.8,-99.8,-99.8,-99.8,-99.8
2023-07-06 16:00:00,1000.8,29.6,76.0,0.6,260.0,1.5,162.0,0.0,-99.8,-99.8,-99.8,-99.8,-99.8,-99.8,-99.8
2023-07-06 17:00:00,1000.6,28.4,84.0,0.4,329.0,1.1,272.0,0.0,-99.8,-99.8,-99.8,-99.8,-99.8,-99.8,-99.8
2023-07-06 18:00:00,1000.7,28.2,84.0,0.6,4.0,1.3,27.0,0.0,-99.8,-99.8,-99.8,-99.8,-99.8,-99.8,-99.8
2023-07-06 19:00:00,1000.9,27.9,85.0,0.7,354.0,1.5,360.0,0.0,-99.8,-99.8,-99.8,-99.8,-99.8,-99.8,-99.8
2023-07-06 20:00:00,1000.9,27.5,86.0,0.8,333.0,1.8,23.0,0.0,-99.8,-99.8,-99.8,-99.8,-99.8,-99.8,-99.8
2023-07-06 21:00:00,1001.5,27.4,85.0,0.8,344.0,1.7,22.0,0.0,-99.8,-99.8,-99.8,-99.8,-99.8,-99.8,-99.8
2023-07-06 22:00:00,1001.6,27.0,82.0,0.7,7.0,1.7,28.0,0.0,-99.8,-99.8,-99.8,-99.8,-99.8,-99.8,-99.8
2023-07-06 23:00:00,1001.2,26.8,81.0,0.6,355.0,1.6,304.0,0.0,-99.8,-99.8,-99.8,-99.8,-99.8,-99.8,-99.8
2023-07-07 00:00:00,1001.0,26.9,83.0,0.8,9.0,2.6,349.0,0.0,-99.8,-99.8,-99.8,-99.8,-99.8,-99.8,-99.8
2023-07-07 01:00:00,1000.9,26.9,84.0,0.8,13.0,2.5,22.0,0.0,-99.8,-99.8,-99.8,-99.8,-99.8,-99.8,-99.8
2023-07-07 02:00:00,1001.0,26.7,82.0,0.7,8.0,2.1,36.0,0.0,-99.8,-99.8,-99.8,-99.8,-99.8,-99.8,-99.8
2023-07-07 03:00:00,1000.9,26.4,83.0,0.8,343.0,1.6,14.0,0.0,-99.8,-99.8,-99.8,-99.8,-99.8,-99.8,-99.8
2023-07-07 04:00:00,1001.2,26.2,86.0,0.6,333.0,1.7,360.0,0.0,-99.8,-99.8,-99.8,-99.8,-99.8,-99.8,-99.8
2023-07-07 05:00:00,1001.4,26.1,87.0,0.9,354.0,1.4,6.0,0.0,-99.8,-99.8,-99.8,-99.8,-99.8,-99.8,-99.8
2023-07-07 06:00:00,1001.7,26.1,83.0,0.6,9.0,1.6,8.0,0.0,-99.8,-99.8,-99.8,-99.8,-99.8,-99.8,-99.8
2023-07-07 07:00:00,1001.8,26.7,79.0,1.3,21.0,2.3,24.0,0.0,-99.8,-99.8,-99.8,-99.8,-99.8,-99.8,-99.8
2023-07-07 08:00:00,1002.2,32.2,70.0,0.2,0.0,2.1,18.0,0.0,-99.8,-99.8,-99.8,-99.8,-99.8,-99.8,-99.8
2023-07-07 09:00:00,1002.4,34.0,61.0,0.7,165.0,1.7,175.0,0.0,-99.8,-99.8,-99.8,-99.8,-99.8,-99.8,-99.8
2023-07-07 10:00:00,1002.5,34.1,62.0,0.9,165.0,1.8,163.0,0.0,-99.8,-99.8,-99.8,-99.8,-99.8,-99.8,-99.8
2023-07-07 11:00:00,1002.7,34.2,68.0,0.8,155.0,2.0,206.0,0.0,-99.8,-99.8,-99.8,-99.8,-99.8,-99.8,-99.8
2023-07-07 12:00:00,1002.5,34.1,64.0,1.0,148.0,2.2,126.0,0.0,-99.8,-99.8,-99.8,-99.8,-99.8,-99.8,-99.8
2023-07-07 13:00:00,1002.1,34.6,65.0,0.8,152.0,2.1,161.0,0.0,-99.8,-99.8,-99.8,-99.8,-99.8,-99.8,-99.8
2023-07-07 14:00:00,1001.8,34.0,65.0,0.7,165.0,1.8,137.0,0.0,-99.8,-99.8,-99.8,-99.8,-99.8,-99.8,-99.8
2023-07-07 15:00:00,1001.0,34.5,62.0,0.7,166.0,1.9,148.0,0.0,-99.8,-99.8,-99.8,-99.8,-99.8,-99.8,-99.8
2023-07-07 16:00:00,1000.8,29.9,78.0,0.4,228.0,1.7,138.0,0.0,-99.8,-99.8,-99.8,-99.8,-99.8,-99.8,-99.8
2023-07-07 17:00:00,1000.9,28.9,85.0,0.4,329.0,1.0,303.0,0.0,-99.8,-99.8,-99.8,-99.8,-99.8,-99.8,-99.8
2023-07-07 18:00:00,1001.2,28.4,83.0,0.4,322.0,1.1,33.0,0.0,-99.8,-99.8,-99.8,-99.8,-99.8,-99.8,-99.8
2023-07-07 19:00:00,1001.9,28.1,82.0,0.7,3.0,1.3,316.0,0.0,-99.8,-99.8,-99.8,-99.8,-99.8,-99.8,-99.8
2023-07-07 20:00:00,1002.2,27.6,83.0,0.5,359.0,1.5,19.0,0.0,-99.8,-99.8,-99.8,-99.8,-99.8,-99.8,-99.8
2023-07-07 21:00:00,1002.5,27.3,78.0,0.7,348.0,1.5,6.0,0.0,-99.8,-99.8,-99.8,-99.8,-99.8,-99.8,-99.8
2023-07-07 22:00:00,1003.2,27.3,83.0,0.6,357.0,1.6,7.0,0.0,-99.8,-99.8,-99.8,-99.8,-99.8,-99.8,-99.8
2023-07-07 23:00:00,1003.1,27.2,82.0,1.1,359.0,1.7,360.0,0.0,-99.8,-99.8,-99.8,-99.8,-99.8,-99.8,-99.8
2023-07-08 00:00:00,1002.5,26.9,84.0,0.9,346.0,1.6,2.0,0.0,-99.8,-99.8,-99.8,-99.8,-99.8,-99.8,-99.8
2023-07-08 01:00:00,1002.0,27.1,88.0,1.0,357.0,1.4,5.0,0.0,-99.8,-99.8,-99.8,-99.8,-99.8,-99.8,-99.8
2023-07-08 02:00:00,1001.8,26.9,89.0,0.9,357.0,1.4,17.0,0.0,-99.8,-99.8,-99.8,-99.8,-99.8,-99.8,-99.8
2023-07-08 03:00:00,1001.8,26.9,89.0,0.5,5.0,1.2,360.0,0.0,-99.8,-99.8,-99.8,-99.8,-99.8,-99.8,-99.8
2023-07-08 04:00:00,1002.4,27.2,92.0,0.6,349.0,1.2,358.0,0.0,-99.8,-99.8,-99.8,-99.8,-99.8,-99.8,-99.8
2023-07-08 05:00:00,1002.8,26.2,88.0,0.5,6.0,1.6,336.0,0.0,-99.8,-99.8,-99.8,-99.8,-99.8,-99.8,-99.8
2023-07-08 06:00:00,1003.4,26.7,87.0,0.9,16.0,1.9,24.0,0.0,-99.8,-99.8,-99.8,-99.8,-99.8,-99.8,-99.8
2023-07-08 07:00:00,1003.7,27.4,83.0,1.3,14.0,2.6,29.0,0.0,-99.8,-99.8,-99.8,-99.8,-99.8,-99.8,-99.8
2023-07-08 08:00:00,1003.8,30.7,75.0,1.4,35.0,2.1,9.0,0.0,-99.8,-99.8,-99.8,-99.8,-99.8,-99.8,-99.8
2023-07-08 09:00:00,1003.8,32.5,64.0,0.9,58.0,1.6,56.0,0.0,-99.8,-99.8,-99.8,-99.8,-99.8,-99.8,-99.8
2023-07-08 10:00:00,1004.0,33.4,69.0,1.5,195.0,2.9,208.0,0.0,-99.8,-99.8,-99.8,-99.8,-99.8,-99.8,-99.8
2023-07-08 11:00:00,1003.5,33.9,71.0,1.4,187.0,3.3,203.0,0.0,-99.8,-99.8,-99.8,-99.8,-99.8,-99.8,-99.8
2023-07-08 12:00:00,1003.2,33.9,72.0,1.5,185.0,3.0,219.0,0.0,-99.8,-99.8,-99.8,-99.8,-99.8,-99.8,-99.8
2023-07-08 13:00:00,1002.8,34.4,69.0,1.0,142.0,2.8,131.0,0.0,-99.8,-99.8,-99.8,-99.8,-99.8,-99.8,-99.8
2023-07-08 14:00:00,1002.2,33.9,66.0,1.1,148.0,2.4,162.0,0.0,-99.8,-99.8,-99.8,-99.8,-99.8,-99.8,-99.8
2023-07-08 15:00:00,1002.3,34.1,68.0,0.9,145.0,1.8,145.0,0.0,-99.8,-99.8,-99.8,-99.8,-99.8,-99.8,-99.8
2023-07-08 16:00:00,1002.3,29.8,81.0,1.2,193.0,2.8,175.0,0.0,-99.8,-99.8,-99.8,-99.8,-99.8,-99.8,-99.8
2023-07-08 17:00:00,1002.4,29.3,85.0,0.0,0.0,2.6,212.0,0.0,-99.8,-99.8,-99.8,-99.8,-99.8,-99.8,-99.8
2023-07-08 18:00:00,1002.8,28.6,86.0,0.3,359.0,1.2,247.0,0.0,-99.8,-99.8,-99.8,-99.8,-99.8,-99.8,-99.8
2023-07-08 19:00:00,1003.2,28.0,83.0,0.8,16.0,2.0,349.0,0.0,-99.8,-99.8,-99.8,-99.8,-99.8,-99.8,-99.8
2023-07-08 20:00:00,1003.4,27.7,81.0,1.0,17.0,2.2,31.0,0.0,-99.8,-99.8,-99.8,-99.8,-99.8,-99.8,-99.8
2023-07-08 21:00:00,1004.0,27.4,79.0,0.7,355.0,1.6,24.0,0.0,-99.8,-99.8,-99.8,-99.8,-99.8,-99.8,-99.8
2023-07-08 22:00:00,1004.4,27.2,85.0,0.5,352.0,1.8,358.0,0.0,-99.8,-99.8,-99.8,-99.8,-99.8,-99.8,-99.8
2023-07-08 23:00:00,1004.3,27.1,78.0,0.8,9.0,1.9,2.0,0.0,-99.8,-99.8,-99.8,-99.8,-99.8,-99.8,-99.8
2023-07-09 00:00:00,1003.8,27.0,78.0,0.7,359.0,2.0,4.0,0.0,-99.8,-99.8,-99.8,-99.8,-99.8,-99.8,-99.8
2023-07-09 01:00:00,1003.2,26.6,80.0,0.7,351.0,1.8,23.0,0.0,-99.8,-99.8,-99.8,-99.8,-99.8,-99.8,-99.8
2023-07-09 02:00:00,1003.0,26.6,79.0,0.9,13.0,2.1,355.0,0.0,-99.8,-99.8,-99.8,-99.8,-99.8,-99.8,-99.8
2023-07-09 03:00:00,1002.6,26.7,81.0,1.0,15.0,2.4,328.0,0.0,-99.8,-99.8,-99.8,-99.8,-99.8,-99.8,-99.8
2023-07-09 04:00:00,1002.6,26.4,84.0,0.8,9.0,2.2,5.0,0.0,-99.8,-99.8,-99.8,-99.8,-99.8,-99.8,-99.8
2023-07-09 05:00:00,1002.4,26.3,88.0,0.7,4.0,2.0,17.0,0.0,-99.8,-99.8,-99.8,-99.8,-99.8,-99.8,-99.8
2023-07-09 06:00:00,1002.4,26.5,81.0,1.7,19.0,3.3,29.0,0.0,-99.8,-99.8,-99.8,-99.8,-99.8,-99.8,-99.8
2023-07-09 07:00:00,1002.9,26.6,81.0,0.8,14.0,2.6,43.0,0.0,-99.8,-99.8,-99.8,-99.8,-99.8,-99.8,-99.8
2023-07-09 08:00:00,1003.3,30.1,80.0,0.7,44.0,1.9,20.0,0.0,-99.8,-99.8,-99.8,-99.8,-99.8,-99.8,-99.8
2023-07-09 09:00:00,1003.2,32.5,69.0,0.7,185.0,2.3,209.0,0.0,-99.8,-99.8,-99.8,-99.8,-99.8,-99.8,-99.8
2023-07-09 10:00:00,1003.2,33.2,72.0,1.1,182.0,3.2,203.0,0.0,-99.8,-99.8,-99.8,-99.8,-99.8,-99.8,-99.8
2023-07-09 11:00:00,1003.4,31.8,74.0,2.4,195.0,4.4,203.0,0.0,-99.8,-99.8,-99.8,-99.8,-99.8,-99.8,-99.8
2023-07-09 12:00:00,1003.1,30.5,81.0,1.7,194.0,4.1,201.0,0.0,-99.8,-99.8,-99.8,-99.8,-99.8,-99.8,-99.8
2023-07-09 13:00:00,1002.9,30.5,80.0,1.1,190.0,3.3,218.0,0.0,-99.8,-99.8,-99.8,-99.8,-99.8,-99.8,-99.8
2023-07-09 14:00:00,1002.9,31.8,74.0,0.8,165.0,1.9,199.0,0.0,-99.8,-99.8,-99.8,-99.8,-99.8,-99.8,-99.8
2023-07-09 15:00:00,1002.9,30.4,81.0,0.6,162.0,1.6,161.0,0.0,-99.8,-99.8,-99.8,-99.8,-99.8,-99.8,-99.8
2023-07-09 16:00:00,1002.8,29.5,84.0,0.4,175.0,0.9,123.0,0.0,-99.8,-99.8,-99.8,-99.8,-99.8,-99.8,-99.8
2023-07-09 17:00:00,1003.2,28.5,88.0,0.3,337.0,0.7,356.0,0.0,-99.8,-99.8,-99.8,-99.8,-99.8,-99.8,-99.8
2023-07-09 18:00:00,1003.3,27.9,91.0,0.2,0.0,0.9,331.0,0.0,-99.8,-99.8,-99.8,-99.8,-99.8,-99.8,-99.8
2023-07-09 19:00:00,1003.6,27.4,86.0,0.7,12.0,1.4,21.0,0.0,-99.8,-99.8,-99.8,-99.8,-99.8,-99.8,-99.8
2023-07-09 20:00:00,1003.9,27.2,86.0,0.8,342.0,1.4,17.0,0.0,-99.8,-99.8,-99.8,-99.8,-99.8,-99.8,-99.8
2023-07-09 21:00:00,1004.4,27.4,83.0,0.8,360.0,2.0,36.0,0.0,-99.8,-99.8,-99.8,-99.8,-99.8,-99.8,-99.8
2023-07-09 22:00:00,1004.2,26.8,83.0,0.7,4.0,1.5,26.0,0.0,-99.8,-99.8,-99.8,-99.8,-99.8,-99.8,-99.8
2023-07-09 23:00:00,1004.0,26.9,86.0,0.8,355.0,1.8,26.0,0.0,-99.8,-99.8,-99.8,-99.8,-99.8,-99.8,-99.8
2023-07-10 00:00:00,1003.4,26.6,86.0,0.5,342.0,1.6,6.0,0.0,-99.8,-99.8,-99.8,-99.8,-99.8,-99.8,-99.8
2023-07-10 01:00:00,1003.0,26.6,84.0,0.7,346.0,2.2,335.0,0.0,-99.8,-99.8,-99.8,-99.8,-99.8,-99.8,-99.8
2023-07-10 02:00:00,1002.6,26.3,86.0,0.7,359.0,1.7,316.0,0.0,-99.8,-99.8,-99.8,-99.8,-99.8,-99.8,-99.8
2023-07-10 03:00:00,1002.4,26.2,87.0,0.8,351.0,2.5,30.0,0.0,-99.8,-99.8,-99.8,-99.8,-99.8,-99.8,-99.8
2023-07-10 04:00:00,1002.1,26.2,85.0,0.7,348.0,1.9,8.0,0.0,-99.8,-99.8,-99.8,-99.8,-99.8,-99.8,-99.8
2023-07-10 05:00:00,1002.1,26.0,79.0,1.3,17.0,2.6,10.0,0.0,-99.8,-99.8,-99.8,-99.8,-99.8,-99.8,-99.8
2023-07-10 06:00:00,1002.6,26.5,80.0,0.9,3.0,2.3,5.0,0.0,-99.8,-99.8,-99.8,-99.8,-99.8,-99.8,-99.8
2023-07-10 07:00:00,1003.0,26.9,81.0,0.6,6.0,2.6,36.0,0.0,-99.8,-99.8,-99.8,-99.8,-99.8,-99.8,-99.8
2023-07-10 08:00:00,1003.4,32.9,62.0,0.6,139.0,2.1,15.0,0.0,-99.8,-99.8,-99.8,-99.8,-99.8,-99.8,-99.8
2023-07-10 09:00:00,1003.9,31.4,66.0,0.9,198.0,3.4,204.0,0.0,-99.8,-99.8,-99.8,-99.8,-99.8,-99.8,-99.8
2023-07-10 10:00:00,1004.0,32.4,70.0,1.5,195.0,3.3,204.0,0.0,-99.8,-99.8,-99.8,-99.8,-99.8,-99.8,-99.8
2023-07-10 11:00:00,1003.9,31.1,79.0,1.6,199.0,4.6,219.0,0.0,-99.8,-99.8,-99.8,-99.8,-99.8,-99.8,-99.8
2023-07-10 12:00:00,1003.5,29.9,86.0,1.1,182.0,3.5,200.0,0.0,-99.8,-99.8,-99.8,-99.8,-99.8,-99.8,-99.8
2023-07-10 13:00:00,1003.3,28.9,91.0,2.6,203.0,5.1,214.0,0.0,-99.8,-99.8,-99.8,-99.8,-99.8,-99.8,-99.8
2023-07-10 14:00:00,1003.2,28.7,93.0,1.6,196.0,4.6,223.0,0.0,-99.8,-99.8,-99.8,-99.8,-99.8,-99.8,-99.8
2023-07-10 15:00:00,1002.7,28.7,93.0,1.6,213.0,4.7,212.0,0.0,-99.8,-99.8,-99.8,-99.8,-99.8,-99.8,-99.8
2023-07-10 16:00:00,1002.8,28.5,93.0,1.9,213.0,3.8,226.0,0.0,-99.8,-99.8,-99.8,-99.8,-99.8,-99.8,-99.8
2023-07-10 17:00:00,1002.7,28.4,94.0,1.6,204.0,4.3,197.0,0.0,-99.8,-99.8,-99.8,-99.8,-99.8,-99.8,-99.8
2023-07-10 18:00:00,1002.7,28.2,94.0,0.8,220.0,3.6,216.0,0.0,-99.8,-99.8,-99.8,-99.8,-99.8,-99.8,-99.8
2023-07-10 19:00:00,1003.0,28.1,93.0,0.6,321.0,3.3,239.0,0.0,-99.8,-99.8,-99.8,-99.8,-99.8,-99.8,-99.8
2023-07-10 20:00:00,1003.7,27.2,94.0,0.5,352.0,2.2,14.0,0.0,-99.8,-99.8,-99.8,-99.8,-99.8,-99.8,-99.8
2023-07-10 21:00:00,1004.2,26.7,92.0,1.4,20.0,2.6,23.0,0.0,-99.8,-99.8,-99.8,-99.8,-99.8,-99.8,-99.8
2023-07-10 22:00:00,1004.4,26.6,91.0,1.8,21.0,2.7,6.0,0.0,-99.8,-99.8,-99.8,-99.8,-99.8,-99.8,-99.8
2023-07-10 23:00:00,1004.3,27.2,90.0,0.9,15.0,2.6,27.0,0.0,-99.8,-99.8,-99.8,-99.8,-99.8,-99.8,-99.8
2023-07-11 00:00:00,1003.8,27.8,94.0,1.0,12.0,3.1,27.0,0.0,-99.8,-99.8,-99.8,-99.8,-99.8,-99.8,-99.8
2023-07-11 01:00:00,1002.9,27.4,92.0,0.8,359.0,3.2,118.0,0.0,-99.8,-99.8,-99.8,-99.8,-99.8,-99.8,-99.8
2023-07-11 02:00:00,1002.3,27.3,92.0,0.6,327.0,3.3,22.0,0.0,-99.8,-99.8,-99.8,-99.8,-99.8,-99.8,-99.8
2023-07-11 03:00:00,1002.2,26.8,90.0,1.0,8.0,3.0,26.0,0.0,-99.8,-99.8,-99.8,-99.8,-99.8,-99.8,-99.8
2023-07-11 04:00:00,1002.4,26.2,90.0,0.7,360.0,2.8,34.0,0.0,-99.8,-99.8,-99.8,-99.8,-99.8,-99.8,-99.8
2023-07-11 05:00:00,1003.0,25.9,87.0,0.9,9.0,2.5,26.0,0.0,-99.8,-99.8,-99.8,-99.8,-99.8,-99.8,-99.8
2023-07-11 06:00:00,1003.8,26.2,86.0,1.1,14.0,2.2,343.0,0.0,-99.8,-99.8,-99.8,-99.8,-99.8,-99.8,-99.8
2023-07-11 07:00:00,1004.2,27.0,85.0,1.3,13.0,2.8,351.0,0.0,-99.8,-99.8,-99.8,-99.8,-99.8,-99.8,-99.8
2023-07-11 08:00:00,1004.7,31.0,69.0,1.1,30.0,2.2,19.0,0.0,-99.8,-99.8,-99.8,-99.8,-99.8,-99.8,-99.8
2023-07-11 09:00:00,1005.3,33.5,66.0,0.7,130.0,2.5,35.0,0.0,-99.8,-99.8,-99.8,-99.8,-99.8,-99.8,-99.8
2023-07-11 10:00:00,1004.9,33.2,69.0,1.7,187.0,3.4,208.0,0.0,-99.8,-99.8,-99.8,-99.8,-99.8,-99.8,-99.8
2023-07-11 11:00:00,1005.1,33.2,72.0,2.5,202.0,4.5,221.0,0.0,-99.8,-99.8,-99.8,-99.8,-99.8,-99.8,-99.8
2023-07-11 12:00:00,1004.9,30.3,83.0,1.9,202.0,4.9,207.0,0.0,-99.8,-99.8,-99.8,-99.8,-99.8,-99.8,-99.8
2023-07-11 13:00:00,1004.1,29.8,85.0,2.1,200.0,4.2,226.0,0.0,-99.8,-99.8,-99.8,-99.8,-99.8,-99.8,-99.8
2023-07-11 14:00:00,1003.5,29.3,85.0,0.9,143.0,3.4,198.0,0.0,-99.8,-99.8,-99.8,-99.8,-99.8,-99.8,-99.8
2023-07-11 15:00:00,1003.3,29.3,85.0,0.6,220.0,3.2,198.0,0.0,-99.8,-99.8,-99.8,-99.8,-99.8,-99.8,-99.8
2023-07-11 16:00:00,1003.5,28.5,85.0,0.7,158.0,3.5,196.0,0.0,-99.8,-99.8,-99.8,-99.8,-99.8,-99.8,-99.8
2023-07-11 17:00:00,1003.8,28.3,85.0,1.1,17.0,3.1,148.0,0.0,-99.8,-99.8,-99.8,-99.8,-99.8,-99.8,-99.8
2023-07-11 18:00:00,1004.0,27.9,84.0,1.4,17.0,2.9,346.0,0.0,-99.8,-99.8,-99.8,-99.8,-99.8,-99.8,-99.8
2023-07-11 19:00:00,1003.9,27.1,83.0,1.4,19.0,2.7,25.0,0.0,-99.8,-99.8,-99.8,-99.8,-99.8,-99.8,-99.8
2023-07-11 20:00:00,1004.4,27.0,84.0,1.2,19.0,2.5,28.0,0.0,-99.8,-99.8,-99.8,-99.8,-99.8,-99.8,-99.8
2023-07-11 21:00:00,1004.4,26.7,86.0,1.0,13.0,2.6,33.0,0.0,-99.8,-99.8,-99.8,-99.8,-99.8,-99.8,-99.8
2023-07-11 22:00:00,1004.5,26.8,84.0,0.8,9.0,2.2,11.0,0.0,-99.8,-99.8,-99.8,-99.8,-99.8,-99.8,-99.8
2023-07-11 23:00:00,1004.4,26.7,84.0,1.0,11.0,2.7,32.0,0.0,-99.8,-99.8,-99.8,-99.8,-99.8,-99.8,-99.8
2023-07-12 00:00:00,1003.9,26.4,86.0,0.5,358.0,2.1,27.0,0.0,-99.8,-99.8,-99.8,-99.8,-99.8,-99.8,-99.8
2023-07-12 01:00:00,1003.4,26.5,84.0,0.9,7.0,2.5,19.0,0.0,-99.8,-99.8,-99.8,-99.8,-99.8,-99.8,-99.8
2023-07-12 02:00:00,1003.1,26.7,84.0,0.8,10.0,2.7,18.0,0.0,-99.8,-99.8,-99.8,-99.8,-99.8,-99.8,-99.8
2023-07-12 03:00:00,1002.8,26.3,85.0,1.5,16.0,2.5,13.0,0.0,-99.8,-99.8,-99.8,-99.8,-99.8,-99.8,-99.8
2023-07-12 04:00:00,1002.7,26.3,84.0,0.6,358.0,2.4,25.0,0.0,-99.8,-99.8,-99.8,-99.8,-99.8,-99.8,-99.8
2023-07-12 05:00:00,1002.8,26.8,80.0,1.0,349.0,3.0,7.0,0.0,-99.8,-99.8,-99.8,-99.8,-99.8,-99.8,-99.8
2023-07-12 06:00:00,1003.4,26.1,85.0,0.5,7.0,2.6,30.0,0.0,-99.8,-99.8,-99.8,-99.8,-99.8,-99.8,-99.8
2023-07-12 07:00:00,1003.9,26.5,82.0,0.9,11.0,2.2,350.0,0.0,-99.8,-99.8,-99.8,-99.8,-99.8,-99.8,-99.8
2023-07-12 08:00:00,1004.5,32.3,63.0,0.7,40.0,2.6,357.0,0.0,-99.8,-99.8,-99.8,-99.8,-99.8,-99.8,-99.8
2023-07-12 09:00:00,1004.8,33.8,62.0,0.4,128.0,1.8,37.0,0.0,-99.8,-99.8,-99.8,-99.8,-99.8,-99.8,-99.8
2023-07-12 10:00:00,1004.8,33.4,63.0,1.9,192.0,3.5,200.0,0.0,-99.8,-99.8,-99.8,-99.8,-99.8,-99.8,-99.8
2023-07-12 11:00:00,1004.8,33.7,66.0,1.8,193.0,5.0,207.0,0.0,-99.8,-99.8,-99.8,-99.8,-99.8,-99.8,-99.8
2023-07-12 12:00:00,1004.5,33.6,67.0,1.4,189.0,4.0,199.0,0.0,-99.8,-99.8,-99.8,-99.8,-99.8,-99.8,-99.8
2023-07-12 13:00:00,1003.8,33.8,66.0,1.6,201.0,3.8,204.0,0.0,-99.8,-99.8,-99.8,-99.8,-99.8,-99.8,-99.8
2023-07-12 14:00:00,1003.4,33.1,69.0,1.6,202.0,3.6,228.0,0.0,-99.8,-99.8,-99.8,-99.8,-99.8,-99.8,-99.8
2023-07-12 15:00:00,1003.3,31.0,76.0,1.5,195.0,3.5,199.0,0.0,-99.8,-99.8,-99.8,-99.8,-99.8,-99.8,-99.8
2023-07-12 16:00:00,1002.7,29.2,82.0,1.0,215.0,3.2,199.0,0.0,-99.8,-99.8,-99.8,-99.8,-99.8,-99.8,-99.8
2023-07-12 17:00:00,1002.5,29.5,82.0,0.8,185.0,2.1,203.0,0.0,-99.8,-99.8,-99.8,-99.8,-99.8,-99.8,-99.8
2023-07-12 18:00:00,1002.9,29.0,84.0,0.1,0.0,2.1,165.0,0.0,-99.8,-99.8,-99.8,-99.8,-99.8,-99.8,-99.8
2023-07-12 19:00:00,1003.5,28.6,87.0,0.9,16.0,1.9,25.0,0.0,-99.8,-99.8,-99.8,-99.8,-99.8,-99.8,-99.8
2023-07-12 20:00:00,1003.8,28.7,83.0,0.6,289.0,3.2,25.0,0.0,-99.8,-99.8,-99.8,-99.8,-99.8,-99.8,-99.8
2023-07-12 21:00:00,1004.3,27.6,80.0,1.5,17.0,3.0,23.0,0.0,-99.8,-99.8,-99.8,-99.8,-99.8,-99.8,-99.8
2023-07-12 22:00:00,1004.6,27.2,81.0,1.6,18.0,3.3,33.0,0.0,-99.8,-99.8,-99.8,-99.8,-99.8,-99.8,-99.8
2023-07-12 23:00:00,1004.8,27.2,83.0,1.6,23.0,2.8,28.0,0.0,-99.8,-99.8,-99.8,-99.8,-99.8,-99.8,-99.8
2023-07-13 00:00:00,1003.9,26.8,85.0,1.1,16.0,2.5,12.0,0.0,-99.8,-99.8,-99.8,-99.8,-99.8,-99.8,-99.8
2023-07-13 01:00:00,1003.2,27.0,84.0,1.0,11.0,2.4,30.0,0.0,-99.8,-99.8,-99.8,-99.8,-99.8,-99.8,-99.8
2023-07-13 02:00:00,1002.3,26.5,85.0,1.2,19.0,2.3,8.0,0.0,-99.8,-99.8,-99.8,-99.8,-99.8,-99.8,-99.8
2023-07-13 03:00:00,1002.0,26.5,84.0,1.3,17.0,3.5,33.0,0.0,-99.8,-99.8,-99.8,-99.8,-99.8,-99.8,-99.8
2023-07-13 04:00:00,1001.9,26.2,84.0,1.1,19.0,2.8,30.0,0.0,-99.8,-99.8,-99.8,-99.8,-99.8,-99.8,-99.8
2023-07-13 05:00:00,1002.0,26.0,81.0,1.2,18.0,2.1,7.0,0.0,-99.8,-99.8,-99.8,-99.8,-99.8,-99.8,-99.8
2023-07-13 06:00:00,1002.1,26.0,79.0,1.3,18.0,2.4,6.0,0.0,-99.8,-99.8,-99.8,-99.8,-99.8,-99.8,-99.8
2023-07-13 07:00:00,1002.5,26.5,78.0,1.1,14.0,2.8,17.0,0.0,-99.8,-99.8,-99.8,-99.8,-99.8,-99.8,-99.8
2023-07-13 08:00:00,1002.8,30.9,63.0,1.0,31.0,2.8,7.0,0.0,-99.8,-99.8,-99.8,-99.8,-99.8,-99.8,-99.8
2023-07-13 09:00:00,1002.9,33.7,60.0,0.7,148.0,2.1,30.0,0.0,-99.8,-99.8,-99.8,-99.8,-99.8,-99.8,-99.8
2023-07-13 10:00:00,1003.1,34.1,55.0,1.1,160.0,2.3,182.0,0.0,-99.8,-99.8,-99.8,-99.8,-99.8,-99.8,-99.8
2023-07-13 11:00:00,1002.9,33.6,63.0,1.8,192.0,4.0,204.0,0.0,-99.8,-99.8,-99.8,-99.8,-99.8,-99.8,-99.8
2023-07-13 12:00:00,1002.7,33.2,68.0,1.3,185.0,3.3,206.0,0.0,-99.8,-99.8,-99.8,-99.8,-99.8,-99.8,-99.8
2023-07-13 13:00:00,1002.4,33.8,66.0,1.5,196.0,3.2,216.0,0.0,-99.8,-99.8,-99.8,-99.8,-99.8,-99.8,-99.8
2023-07-13 14:00:00,1001.8,31.4,73.0,1.4,200.0,3.5,198.0,0.0,-99.8,-99.8,-99.8,-99.8,-99.8,-99.8,-99.8
2023-07-13 15:00:00,1001.4,30.7,72.0,0.3,84.0,2.3,225.0,0.0,-99.8,-99.8,-99.8,-99.8,-99.8,-99.8,-99.8
2023-07-13 16:00:00,1001.2,30.5,76.0,0.2,0.0,1.1,276.0,0.0,-99.8,-99.8,-99.8,-99.8,-99.8,-99.8,-99.8
2023-07-13 17:00:00,1001.0,29.2,82.0,0.4,49.0,3.5,164.0,0.0,-99.8,-99.8,-99.8,-99.8,-99.8,-99.8,-99.8
2023-07-13 18:00:00,1001.6,28.3,84.0,0.6,222.0,3.2,165.0,0.0,-99.8,-99.8,-99.8,-99.8,-99.8,-99.8,-99.8
2023-07-13 19:00:00,1002.0,27.4,91.0,0.5,289.0,3.0,203.0,0.0,-99.8,-99.8,-99.8,-99.8,-99.8,-99.8,-99.8
2023-07-13 20:00:00,1002.4,27.3,87.0,0.7,9.0,2.3,9.0,0.0,-99.8,-99.8,-99.8,-99.8,-99.8,-99.8,-99.8
2023-07-13 21:00:00,1002.1,27.2,85.0,1.3,23.0,2.1,29.0,0.0,-99.8,-99.8,-99.8,-99.8,-99.8,-99.8,-99.8
2023-07-13 22:00:00,1001.8,27.1,82.0,1.3,20.0,2.0,23.0,0.0,-99.8,-99.8,-99.8,-99.8,-99.8,-99.8,-99.8
2023-07-13 23:00:00,1002.3,27.0,84.0,1.1,21.0,1.8,20.0,0.0,-99.8,-99.8,-99.8,-99.8,-99.8,-99.8,-99.8
2023-07-14 00:00:00,1001.8,27.2,86.0,0.4,337.0,1.8,29.0,0.0,-99.8,-99.8,-99.8,-99.8,-99.8,-99.8,-99.8
2023-07-14 01:00:00,1001.3,27.1,87.0,0.5,342.0,1.8,28.0,0.0,-99.8,-99.8,-99.8,-99.8,-99.8,-99.8,-99.8
2023-07-14 02:00:00,1000.9,26.7,87.0,0.9,11.0,2.0,28.0,0.0,-99.8,-99.8,-99.8,-99.8,-99.8,-99.8,-99.8
2023-07-14 03:00:00,1000.3,26.6,85.0,1.3,19.0,3.8,2.0,0.0,-99.8,-99.8,-99.8,-99.8,-99.8,-99.8,-99.8
2023-07-14 04:00:00,999.8,26.2,81.0,1.1,13.0,2.4,20.0,0.0,-99.8,-99.8,-99.8,-99.8,-99.8,-99.8,-99.8
2023-07-14 05:00:00,999.2,26.0,81.0,0.4,333.0,2.5,16.0,0.0,-99.8,-99.8,-99.8,-99.8,-99.8,-99.8,-99.8
2023-07-14 06:00:00,999.1,26.8,74.0,0.9,9.0,2.5,25.0,0.0,-99.8,-99.8,-99.8,-99.8,-99.8,-99.8,-99.8
2023-07-14 07:00:00,999.7,27.1,78.0,0.6,258.0,2.5,31.0,0.0,-99.8,-99.8,-99.8,-99.8,-99.8,-99.8,-99.8
2023-07-14 08:00:00,1000.6,30.8,71.0,0.7,54.0,3.1,35.0,0.0,-99.8,-99.8,-99.8,-99.8,-99.8,-99.8,-99.8
2023-07-14 09:00:00,1000.8,31.3,58.0,1.3,214.0,3.4,209.0,0.0,-99.8,-99.8,-99.8,-99.8,-99.8,-99.8,-99.8
2023-07-14 10:00:00,1000.8,33.8,61.0,1.1,160.0,2.4,214.0,0.0,-99.8,-99.8,-99.8,-99.8,-99.8,-99.8,-99.8
2023-07-14 11:00:00,1000.9,34.8,53.0,1.1,153.0,1.9,143.0,0.0,-99.8,-99.8,-99.8,-99.8,-99.8,-99.8,-99.8
2023-07-14 12:00:00,999.8,34.0,58.0,1.0,133.0,2.6,204.0,0.0,-99.8,-99.8,-99.8,-99.8,-99.8,-99.8,-99.8
2023-07-14 13:00:00,999.0,34.1,58.0,0.8,144.0,2.7,140.0,0.0,-99.8,-99.8,-99.8,-99.8,-99.8,-99.8,-99.8
2023-07-14 14:00:00,998.9,33.1,66.0,0.8,160.0,1.7,169.0,0.0,-99.8,-99.8,-99.8,-99.8,-99.8,-99.8,-99.8
2023-07-14 15:00:00,998.5,32.7,67.0,0.7,152.0,1.8,178.0,0.0,-99.8,-99.8,-99.8,-99.8,-99.8,-99.8,-99.8
2023-07-14 16:00:00,998.3,29.5,78.0,0.3,246.0,1.4,228.0,0.0,-99.8,-99.8,-99.8,-99.8,-99.8,-99.8,-99.8
2023-07-14 17:00:00,998.2,29.0,83.0,0.8,42.0,1.3,35.0,0.0,-99.8,-99.8,-99.8,-99.8,-99.8,-99.8,-99.8
2023-07-14 18:00:00,998.5,28.8,87.0,0.6,227.0,1.7,242.0,0.0,-99.8,-99.8,-99.8,-99.8,-99.8,-99.8,-99.8
2023-07-14 19:00:00,998.8,27.6,87.0,0.3,347.0,1.9,144.0,0.0,-99.8,-99.8,-99.8,-99.8,-99.8,-99.8,-99.8
2023-07-14 20:00:00,999.3,28.0,85.0,1.0,21.0,1.8,10.0,0.0,-99.8,-99.8,-99.8,-99.8,-99.8,-99.8,-99.8
2023-07-14 21:00:00,999.6,28.2,84.0,0.4,325.0,2.4,25.0,0.0,-99.8,-99.8,-99.8,-99.8,-99.8,-99.8,-99.8
2023-07-14 22:00:00,999.6,28.0,84.0,0.6,7.0,2.1,22.0,0.0,-99.8,-99.8,-99.8,-99.8,-99.8,-99.8,-99.8
2023-07-14 23:00:00,999.1,27.8,85.0,0.5,356.0,2.4,60.0,0.0,-99.8,-99.8,-99.8,-99.8,-99.8,-99.8,-99.8
2023-07-15 00:00:00,998.2,27.5,85.0,0.9,15.0,1.7,23.0,0.0,-99.8,-99.8,-99.8,-99.8,-99.8,-99.8,-99.8
2023-07-15 01:00:00,997.7,27.2,84.0,0.9,16.0,1.8,11.0,0.0,-99.8,-99.8,-99.8,-99.8,-99.8,-99.8,-99.8
2023-07-15 02:00:00,997.1,27.1,84.0,0.7,5.0,1.8,6.0,0.0,-99.8,-99.8,-99.8,-99.8,-99.8,-99.8,-99.8
2023-07-15 03:00:00,996.9,26.8,86.0,0.5,359.0,1.6,27.0,0.0,-99.8,-99.8,-99.8,-99.8,-99.8,-99.8,-99.8
2023-07-15 04:00:00,996.5,26.9,82.0,0.7,351.0,2.3,357.0,0.0,-99.8,-99.8,-99.8,-99.8,-99.8,-99.8,-99.8
2023-07-15 05:00:00,996.7,26.8,84.0,0.6,3.0,1.9,24.0,0.0,-99.8,-99.8,-99.8,-99.8,-99.8,-99.8,-99.8
2023-07-15 06:00:00,997.0,27.0,84.0,0.5,351.0,1.8,15.0,0.0,-99.8,-99.8,-99.8,-99.8,-99.8,-99.8,-99.8
2023-07-15 07:00:00,997.2,27.8,82.0,1.0,14.0,2.3,18.0,0.0,-99.8,-99.8,-99.8,-99.8,-99.8,-99.8,-99.8
2023-07-15 08:00:00,997.5,31.4,69.0,0.9,59.0,1.8,19.0,0.0,-99.8,-99.8,-99.8,-99.8,-99.8,-99.8,-99.8
2023-07-15 09:00:00,997.4,33.2,63.0,1.8,191.0,3.3,170.0,0.0,-99.8,-99.8,-99.8,-99.8,-99.8,-99.8,-99.8
2023-07-15 10:00:00,997.6,33.1,69.0,1.6,180.0,5.2,207.0,0.0,-99.8,-99.8,-99.8,-99.8,-99.8,-99.8,-99.8
2023-07-15 11:00:00,997.5,33.9,70.0,2.3,189.0,4.6,214.0,0.0,-99.8,-99.8,-99.8,-99.8,-99.8,-99.8,-99.8
2023-07-15 12:00:00,997.3,30.1,84.0,1.2,200.0,3.6,229.0,0.0,-99.8,-99.8,-99.8,-99.8,-99.8,-99.8,-99.8
2023-07-15 13:00:00,996.8,31.2,80.0,1.1,190.0,2.9,210.0,0.0,-99.8,-99.8,-99.8,-99.8,-99.8,-99.8,-99.8
2023-07-15 14:00:00,996.3,30.2,82.0,1.4,191.0,4.0,216.0,0.0,-99.8,-99.8,-99.8,-99.8,-99.8,-99.8,-99.8
2023-07-15 15:00:00,996.1,29.7,83.0,1.3,212.0,4.9,208.0,0.0,-99.8,-99.8,-99.8,-99.8,-99.8,-99.8,-99.8
2023-07-15 16:00:00,995.9,29.5,83.0,1.1,191.0,4.8,208.0,0.0,-99.8,-99.8,-99.8,-99.8,-99.8,-99.8,-99.8
2023-07-15 17:00:00,995.7,29.5,81.0,0.7,54.0,3.6,231.0,0.0,-99.8,-99.8,-99.8,-99.8,-99.8,-99.8,-99.8
2023-07-15 18:00:00,996.3,29.0,85.0,0.9,283.0,3.8,205.0,0.0,-99.8,-99.8,-99.8,-99.8,-99.8,-99.8,-99.8
2023-07-15 19:00:00,996.9,28.9,85.0,1.3,81.0,3.5,76.0,0.0,-99.8,-99.8,-99.8,-99.8,-99.8,-99.8,-99.8
2023-07-15 20:00:00,997.6,28.8,85.0,0.9,223.0,4.8,146.0,0.0,-99.8,-99.8,-99.8,-99.8,-99.8,-99.8,-99.8
2023-07-15 21:00:00,998.1,28.5,85.0,1.2,34.0,2.2,247.0,0.0,-99.8,-99.8,-99.8,-99.8,-99.8,-99.8,-99.8
2023-07-15 22:00:00,998.5,28.1,83.0,0.7,35.0,3.8,135.0,0.0,-99.8,-99.8,-99.8,-99.8,-99.8,-99.8,-99.8
2023-07-15 23:00:00,998.2,27.8,82.0,0.8,352.0,3.4,26.0,0.0,-99.8,-99.8,-99.8,-99.8,-99.8,-99.8,-99.8
2023-07-16 00:00:00,997.7,27.8,81.0,0.8,5.0,3.4,26.0,0.0,-99.8,-99.8,-99.8,-99.8,-99.8,-99.8,-99.8
2023-07-16 01:00:00,997.3,27.8,82.0,0.7,10.0,2.8,22.0,0.0,-99.8,-99.8,-99.8,-99.8,-99.8,-99.8,-99.8
2023-07-16 02:00:00,996.4,27.5,83.0,0.6,10.0,2.0,22.0,0.0,-99.8,-99.8,-99.8,-99.8,-99.8,-99.8,-99.8
2023-07-16 03:00:00,996.1,27.2,83.0,0.7,6.0,1.7,32.0,0.0,-99.8,-99.8,-99.8,-99.8,-99.8,-99.8,-99.8
2023-07-16 04:00:00,996.0,27.0,83.0,1.1,18.0,1.9,27.0,0.0,-99.8,-99.8,-99.8,-99.8,-99.8,-99.8,-99.8
2023-07-16 05:00:00,996.2,26.9,85.0,0.6,8.0,1.9,24.0,0.0,-99.8,-99.8,-99.8,-99.8,-99.8,-99.8,-99.8
2023-07-16 06:00:00,996.6,27.1,87.0,0.4,343.0,1.9,10.0,0.0,-99.8,-99.8,-99.8,-99.8,-99.8,-99.8,-99.8
2023-07-16 07:00:00,996.8,27.4,87.0,0.6,8.0,1.3,336.0,0.0,-99.8,-99.8,-99.8,-99.8,-99.8,-99.8,-99.8
2023-07-16 08:00:00,997.3,30.0,81.0,0.3,20.0,1.4,10.0,0.0,-99.8,-99.8,-99.8,-99.8,-99.8,-99.8,-99.8
2023-07-16 09:00:00,997.8,31.8,73.0,0.4,157.0,2.5,215.0,0.0,-99.8,-99.8,-99.8,-99.8,-99.8,-99.8,-99.8
2023-07-16 10:00:00,998.3,31.1,81.0,1.3,214.0,2.6,211.0,0.0,-99.8,-99.8,-99.8,-99.8,-99.8,-99.8,-99.8
2023-07-16 11:00:00,998.0,34.2,68.0,1.1,160.0,3.8,207.0,0.0,-99.8,-99.8,-99.8,-99.8,-99.8,-99.8,-99.8
2023-07-16 12:00:00,997.5,34.2,65.0,2.1,196.0,3.7,210.0,0.0,-99.8,-99.8,-99.8,-99.8,-99.8,-99.8,-99.8
2023-07-16 13:00:00,997.3,34.1,65.0,1.8,195.0,4.5,198.0,0.0,-99.8,-99.8,-99.8,-99.8,-99.8,-99.8,-99.8
2023-07-16 14:00:00,996.4,32.4,72.0,0.5,203.0,3.7,222.0,0.0,-99.8,-99.8,-99.8,-99.8,-99.8,-99.8,-99.8
2023-07-16 15:00:00,995.9,30.4,80.0,1.3,190.0,2.7,203.0,0.0,-99.8,-99.8,-99.8,-99.8,-99.8,-99.8,-99.8
2023-07-16 16:00:00,995.8,29.9,79.0,1.1,175.0,2.9,209.0,0.0,-99.8,-99.8,-99.8,-99.8,-99.8,-99.8,-99.8
2023-07-16 17:00:00,996.2,29.0,89.0,2.7,207.0,6.1,213.0,0.0,-99.8,-99.8,-99.8,-99.8,-99.8,-99.8,-99.8
2023-07-16 18:00:00,996.6,28.3,90.0,0.3,156.0,5.6,204.0,0.5,-99.8,-99.8,-99.8,-99.8,-99.8,-99.8,-99.8
2023-07-16 19:00:00,997.2,26.8,95.0,0.9,338.0,2.4,286.0,1.0,-99.8,-99.8,-99.8,-99.8,-99.8,-99.8,-99.8
2023-07-16 20:00:00,998.0,26.4,97.0,1.2,20.0,2.6,18.0,0.0,-99.8,-99.8,-99.8,-99.8,-99.8,-99.8,-99.8
2023-07-16 21:00:00,998.5,26.8,96.0,0.9,10.0,2.2,26.0,0.0,-99.8,-99.8,-99.8,-99.8,-99.8,-99.8,-99.8
2023-07-16 22:00:00,998.8,26.4,96.0,0.6,349.0,2.1,30.0,0.0,-99.8,-99.8,-99.8,-99.8,-99.8,-99.8,-99.8
2023-07-16 23:00:00,998.3,26.3,96.0,0.8,6.0,1.6,19.0,0.0,-99.8,-99.8,-99.8,-99.8,-99.8,-99.8,-99.8
2023-07-17 00:00:00,997.5,26.2,96.0,0.7,358.0,1.9,26.0,0.0,-99.8,-99.8,-99.8,-99.8,-99.8,-99.8,-99.8
2023-07-17 01:00:00,997.1,26.2,94.0,1.0,15.0,1.9,27.0,0.0,-99.8,-99.8,-99.8,-99.8,-99.8,-99.8,-99.8
2023-07-17 02:00:00,996.9,26.0,94.0,0.6,356.0,2.2,18.0,0.0,-99.8,-99.8,-99.8,-99.8,-99.8,-99.8,-99.8
2023-07-17 03:00:00,996.9,26.1,94.0,0.6,354.0,1.8,331.0,0.0,-99.8,-99.8,-99.8,-99.8,-99.8,-99.8,-99.8
2023-07-17 04:00:00,997.0,26.1,93.0,0.8,355.0,1.7,332.0,0.0,-99.8,-99.8,-99.8,-99.8,-99.8,-99.8,-99.8
2023-07-17 05:00:00,997.2,26.2,92.0,0.8,352.0,1.7,37.0,0.0,-99.8,-99.8,-99.8,-99.8,-99.8,-99.8,-99.8
2023-07-17 06:00:00,997.4,25.9,93.0,0.6,319.0,1.6,6.0,0.0,-99.8,-99.8,-99.8,-99.8,-99.8,-99.8,-99.8
2023-07-17 07:00:00,998.4,26.6,89.0,1.0,17.0,2.2,10.0,0.0,-99.8,-99.8,-99.8,-99.8,-99.8,-99.8,-99.8
2023-07-17 08:00:00,998.4,32.5,74.0,0.5,61.0,2.0,32.0,0.0,-99.8,-99.8,-99.8,-99.8,-99.8,-99.8,-99.8
2023-07-17 09:00:00,999.3,34.1,67.0,1.3,176.0,2.8,210.0,0.0,-99.8,-99.8,-99.8,-99.8,-99.8,-99.8,-99.8
2023-07-17 10:00:00,999.7,34.7,62.0,1.1,133.0,2.5,169.0,0.0,-99.8,-99.8,-99.8,-99.8,-99.8,-99.8,-99.8
2023-07-17 11:00:00,999.5,30.2,78.0,0.9,147.0,1.6,146.0,0.0,-99.8,-99.8,-99.8,-99.8,-99.8,-99.8,-99.8
2023-07-17 12:00:00,999.3,32.0,71.0,1.4,166.0,2.7,144.0,0.0,-99.8,-99.8,-99.8,-99.8,-99.8,-99.8,-99.8
2023-07-17 13:00:00,999.1,32.4,69.0,1.6,196.0,3.1,206.0,0.0,-99.8,-99.8,-99.8,-99.8,-99.8,-99.8,-99.8
2023-07-17 14:00:00,999.0,31.7,71.0,1.2,196.0,3.4,195.0,0.0,-99.8,-99.8,-99.8,-99.8,-99.8,-99.8,-99.8
2023-07-17 15:00:00,999.0,29.5,80.0,0.9,188.0,2.9,217.0,0.0,-99.8,-99.8,-99.8,-99.8,-99.8,-99.8,-99.8
2023-07-17 16:00:00,999.0,28.8,85.0,1.3,218.0,2.9,231.0,0.0,-99.8,-99.8,-99.8,-99.8,-99.8,-99.8,-99.8
2023-07-17 17:00:00,999.5,28.7,84.0,0.5,54.0,4.1,222.0,0.0,-99.8,-99.8,-99.8,-99.8,-99.8,-99.8,-99.8
2023-07-17 18:00:00,1000.3,27.9,87.0,1.1,21.0,2.0,11.0,0.0,-99.8,-99.8,-99.8,-99.8,-99.8,-99.8,-99.8
2023-07-17 19:00:00,1001.1,27.3,86.0,1.3,19.0,2.8,34.0,0.0,-99.8,-99.8,-99.8,-99.8,-99.8,-99.8,-99.8
2023-07-17 20:00:00,1001.4,27.2,84.0,0.8,5.0,2.6,6.0,0.0,-99.8,-99.8,-99.8,-99.8,-99.8,-99.8,-99.8
2023-07-17 21:00:00,1001.8,27.1,83.0,1.4,22.0,2.8,29.0,0.0,-99.8,-99.8,-99.8,-99.8,-99.8,-99.8,-99.8
2023-07-17 22:00:00,1002.4,26.9,84.0,0.9,15.0,2.9,23.0,0.0,-99.8,-99.8,-99.8,-99.8,-99.8,-99.8,-99.8
2023-07-17 23:00:00,1002.0,26.9,82.0,1.6,21.0,2.9,30.0,0.0,-99.8,-99.8,-99.8,-99.8,-99.8,-99.8,-99.8
2023-07-18 00:00:00,1001.8,26.8,86.0,0.5,352.0,2.4,27.0,0.0,-99.8,-99.8,-99.8,-99.8,-99.8,-99.8,-99.8
2023-07-18 01:00:00,1002.1,26.6,84.0,0.8,7.0,2.5,17.0,0.0,-99.8,-99.8,-99.8,-99.8,-99.8,-99.8,-99.8
2023-07-18 02:00:00,1001.6,26.4,84.0,0.4,347.0,1.7,360.0,0.0,-99.8,-99.8,-99.8,-99.8,-99.8,-99.8,-99.8
2023-07-18 03:00:00,1001.3,26.8,79.0,1.0,9.0,2.4,344.0,0.0,-99.8,-99.8,-99.8,-99.8,-99.8,-99.8,-99.8
2023-07-18 04:00:00,1000.8,26.7,78.0,0.6,299.0,2.5,213.0,0.0,-99.8,-99.8,-99.8,-99.8,-99.8,-99.8,-99.8
2023-07-18 05:00:00,1001.0,26.8,77.0,0.6,4.0,3.2,121.0,0.0,-99.8,-99.8,-99.8,-99.8,-99.8,-99.8,-99.8
2023-07-18 06:00:00,1002.2,27.0,78.0,0.7,312.0,2.7,272.0,0.0,-99.8,-99.8,-99.8,-99.8,-99.8,-99.8,-99.8
2023-07-18 07:00:00,1002.7,26.9,79.0,1.1,9.0,2.5,17.0,0.0,-99.8,-99.8,-99.8,-99.8,-99.8,-99.8,-99.8
2023-07-18 08:00:00,1003.3,28.8,74.0,0.6,28.0,2.4,9.0,0.0,-99.8,-99.8,-99.8,-99.8,-99.8,-99.8,-99.8
2023-07-18 09:00:00,1003.4,30.4,69.0,0.8,49.0,2.1,23.0,0.0,-99.8,-99.8,-99.8,-99.8,-99.8,-99.8,-99.8
2023-07-18 10:00:00,1004.1,33.1,60.0,1.0,137.0,2.2,154.0,0.0,-99.8,-99.8,-99.8,-99.8,-99.8,-99.8,-99.8
2023-07-18 11:00:00,1004.1,33.6,61.0,1.2,141.0,2.1,142.0,0.0,-99.8,-99.8,-99.8,-99.8,-99.8,-99.8,-99.8
2023-07-18 12:00:00,1003.3,33.4,64.0,1.2,149.0,2.3,177.0,0.0,-99.8,-99.8,-99.8,-99.8,-99.8,-99.8,-99.8
2023-07-18 13:00:00,1003.5,32.7,68.0,1.2,172.0,2.7,206.0,0.0,-99.8,-99.8,-99.8,-99.8,-99.8,-99.8,-99.8
2023-07-18 14:00:00,1003.3,28.6,86.0,2.5,239.0,4.7,246.0,0.0,-99.8,-99.8,-99.8,-99.8,-99.8,-99.8,-99.8
2023-07-18 15:00:00,1003.0,25.8,98.0,1.3,2.0,7.6,243.0,28.5,-99.8,-99.8,-99.8,-99.8,-99.8,-99.8,-99.8
2023-07-18 16:00:00,1002.9,26.0,94.0,0.7,62.0,3.3,32.0,0.5,-99.8,-99.8,-99.8,-99.8,-99.8,-99.8,-99.8
2023-07-18 17:00:00,1002.9,25.6,98.0,0.4,338.0,3.7,12.0,11.5,-99.8,-99.8,-99.8,-99.8,-99.8,-99.8,-99.8
2023-07-18 18:00:00,1002.5,25.7,98.0,0.2,0.0,1.6,19.0,1.0,-99.8,-99.8,-99.8,-99.8,-99.8,-99.8,-99.8
2023-07-18 19:00:00,1003.3,25.2,98.0,0.5,354.0,3.4,33.0,0.5,-99.8,-99.8,-99.8,-99.8,-99.8,-99.8,-99.8
2023-07-18 20:00:00,1003.7,24.8,99.0,0.5,358.0,1.9,349.0,0.0,-99.8,-99.8,-99.8,-99.8,-99.8,-99.8,-99.8
2023-07-18 21:00:00,1004.5,24.9,99.0,0.8,3.0,1.7,2.0,0.0,-99.8,-99.8,-99.8,-99.8,-99.8,-99.8,-99.8
2023-07-18 22:00:00,1004.8,24.8,98.0,0.7,359.0,1.6,312.0,0.0,-99.8,-99.8,-99.8,-99.8,-99.8,-99.8,-99.8
2023-07-18 23:00:00,1004.4,24.8,99.0,0.6,360.0,1.4,10.0,0.0,-99.8,-99.8,-99.8,-99.8,-99.8,-99.8,-99.8
2023-07-19 00:00:00,1004.7,24.6,98.0,1.1,352.0,1.8,19.0,0.0,-99.8,-99.8,-99.8,-99.8,-99.8,-99.8,-99.8
2023-07-19 01:00:00,1004.0,24.8,95.0,0.8,342.0,2.3,13.0,0.0,-99.8,-99.8,-99.8,-99.8,-99.8,-99.8,-99.8
2023-07-19 02:00:00,1003.5,24.8,98.0,0.2,0.0,2.1,232.0,0.5,-99.8,-99.8,-99.8,-99.8,-99.8,-99.8,-99.8
2023-07-19 03:00:00,1003.3,24.6,98.0,0.6,8.0,1.5,336.0,0.0,-99.8,-99.8,-99.8,-99.8,-99.8,-99.8,-99.8
2023-07-19 04:00:00,1002.8,24.5,98.0,0.8,329.0,1.6,344.0,0.0,-99.8,-99.8,-99.8,-99.8,-99.8,-99.8,-99.8
2023-07-19 05:00:00,1002.8,24.4,97.0,0.7,337.0,2.2,329.0,0.0,-99.8,-99.8,-99.8,-99.8,-99.8,-99.8,-99.8
2023-07-19 06:00:00,1003.3,24.9,96.0,0.4,355.0,1.3,327.0,0.0,-99.8,-99.8,-99.8,-99.8,-99.8,-99.8,-99.8
2023-07-19 07:00:00,1003.5,25.6,95.0,0.6,21.0,1.6,38.0,0.0,-99.8,-99.8,-99.8,-99.8,-99.8,-99.8,-99.8
2023-07-19 08:00:00,1004.1,29.0,81.0,0.8,190.0,2.8,234.0,0.0,-99.8,-99.8,-99.8,-99.8,-99.8,-99.8,-99.8
2023-07-19 09:00:00,1004.6,29.8,78.0,1.3,160.0,2.3,166.0,0.0,-99.8,-99.8,-99.8,-99.8,-99.8,-99.8,-99.8
2023-07-19 10:00:00,1004.7,30.9,76.0,0.6,163.0,2.4,203.0,0.0,-99.8,-99.8,-99.8,-99.8,-99.8,-99.8,-99.8
2023-07-19 11:00:00,1004.8,29.6,79.0,0.7,161.0,2.3,133.0,0.0,-99.8,-99.8,-99.8,-99.8,-99.8,-99.8,-99.8
2023-07-19 12:00:00,1004.2,29.2,81.0,0.6,144.0,1.5,140.0,0.0,-99.8,-99.8,-99.8,-99.8,-99.8,-99.8,-99.8
2023-07-19 13:00:00,1003.7,29.6,78.0,0.7,159.0,1.8,167.0,0.0,-99.8,-99.8,-99.8,-99.8,-99.8,-99.8,-99.8
2023-07-19 14:00:00,1003.2,29.2,79.0,0.3,51.0,1.6,216.0,0.0,-99.8,-99.8,-99.8,-99.8,-99.8,-99.8,-99.8
2023-07-19 15:00:00,1003.0,28.8,81.0,1.2,195.0,3.2,209.0,0.0,-99.8,-99.8,-99.8,-99.8,-99.8,-99.8,-99.8
2023-07-19 16:00:00,1002.5,28.7,84.0,0.6,38.0,2.1,203.0,0.0,-99.8,-99.8,-99.8,-99.8,-99.8,-99.8,-99.8
2023-07-19 17:00:00,1002.6,28.2,85.0,0.7,131.0,3.4,210.0,0.0,-99.8,-99.8,-99.8,-99.8,-99.8,-99.8,-99.8
2023-07-19 18:00:00,1002.4,28.0,87.0,0.3,7.0,2.0,31.0,0.0,-99.8,-99.8,-99.8,-99.8,-99.8,-99.8,-99.8
2023-07-19 19:00:00,1003.0,27.2,90.0,0.7,24.0,1.7,232.0,0.0,-99.8,-99.8,-99.8,-99.8,-99.8,-99.8,-99.8
2023-07-19 20:00:00,1003.4,27.0,91.0,0.3,10.0,1.6,7.0,0.0,-99.8,-99.8,-99.8,-99.8,-99.8,-99.8,-99.8
2023-07-19 21:00:00,1003.7,25.9,98.0,1.1,17.0,2.9,35.0,5.0,-99.8,-99.8,-99.8,-99.8,-99.8,-99.8,-99.8
2023-07-19 22:00:00,1003.8,26.0,97.0,1.0,351.0,3.8,20.0,0.5,-99.8,-99.8,-99.8,-99.8,-99.8,-99.8,-99.8
2023-07-19 23:00:00,1003.7,25.4,98.0,1.2,20.0,2.1,2.0,0.0,-99.8,-99.8,-99.8,-99.8,-99.8,-99.8,-99.8
2023-07-20 00:00:00,1003.2,25.3,97.0,0.8,339.0,2.1,24.0,0.0,-99.8,-99.8,-99.8,-99.8,-99.8,-99.8,-99.8
2023-07-20 01:00:00,1002.6,25.3,96.0,0.8,360.0,2.6,17.0,0.0,-99.8,-99.8,-99.8,-99.8,-99.8,-99.8,-99.8
2023-07-20 02:00:00,1002.3,25.1,96.0,0.7,356.0,2.2,33.0,0.0,-99.8,-99.8,-99.8,-99.8,-99.8,-99.8,-99.8
2023-07-20 03:00:00,1002.3,24.8,96.0,0.4,348.0,1.7,30.0,0.0,-99.8,-99.8,-99.8,-99.8,-99.8,-99.8,-99.8
2023-07-20 04:00:00,1002.4,24.8,95.0,0.6,3.0,1.6,345.0,0.0,-99.8,-99.8,-99.8,-99.8,-99.8,-99.8,-99.8
2023-07-20 05:00:00,1002.6,24.9,91.0,0.7,322.0,2.0,16.0,0.0,-99.8,-99.8,-99.8,-99.8,-99.8,-99.8,-99.8
2023-07-20 06:00:00,1002.7,24.9,95.0,0.7,10.0,1.7,348.0,0.0,-99.8,-99.8,-99.8,-99.8,-99.8,-99.8,-99.8
2023-07-20 07:00:00,1003.2,25.8,89.0,0.5,359.0,2.4,34.0,0.0,-99.8,-99.8,-99.8,-99.8,-99.8,-99.8,-99.8
2023-07-20 08:00:00,1003.3,28.4,79.0,0.8,47.0,1.4,25.0,0.0,-99.8,-99.8,-99.8,-99.8,-99.8,-99.8,-99.8
2023-07-20 09:00:00,1003.3,30.1,76.0,0.8,167.0,1.8,160.0,0.0,-99.8,-99.8,-99.8,-99.8,-99.8,-99.8,-99.8
2023-07-20 10:00:00,1003.4,30.9,73.0,1.0,145.0,2.1,164.0,0.0,-99.8,-99.8,-99.8,-99.8,-99.8,-99.8,-99.8
2023-07-20 11:00:00,1003.3,30.2,73.0,1.1,172.0,2.6,172.0,0.0,-99.8,-99.8,-99.8,-99.8,-99.8,-99.8,-99.8
2023-07-20 12:00:00,1003.3,29.9,72.0,0.7,174.0,2.9,201.0,0.0,-99.8,-99.8,-99.8,-99.8,-99.8,-99.8,-99.8
2023-07-20 13:00:00,1002.8,29.9,75.0,1.2,199.0,3.2,213.0,0.0,-99.8,-99.8,-99.8,-99.8,-99.8,-99.8,-99.8
2023-07-20 14:00:00,1002.3,29.0,82.0,0.8,193.0,2.7,199.0,0.0,-99.8,-99.8,-99.8,-99.8,-99.8,-99.8,-99.8
2023-07-20 15:00:00,1002.0,28.7,81.0,1.7,197.0,3.8,203.0,0.0,-99.8,-99.8,-99.8,-99.8,-99.8,-99.8,-99.8
2023-07-20 16:00:00,1001.8,28.1,86.0,1.1,181.0,3.9,201.0,0.0,-99.8,-99.8,-99.8,-99.8,-99.8,-99.8,-99.8
2023-07-20 17:00:00,1002.2,27.9,84.0,0.6,205.0,3.7,205.0,0.0,-99.8,-99.8,-99.8,-99.8,-99.8,-99.8,-99.8
2023-07-20 18:00:00,1002.7,27.2,88.0,0.8,353.0,2.2,24.0,0.0,-99.8,-99.8,-99.8,-99.8,-99.8,-99.8,-99.8
2023-07-20 19:00:00,1002.7,26.0,92.0,1.1,17.0,2.1,31.0,0.0,-99.8,-99.8,-99.8,-99.8,-99.8,-99.8,-99.8
2023-07-20 20:00:00,1003.5,25.8,89.0,0.9,11.0,2.1,22.0,0.0,-99.8,-99.8,-99.8,-99.8,-99.8,-99.8,-99.8
2023-07-20 21:00:00,1004.1,26.4,84.0,1.4,14.0,3.2,30.0,0.0,-99.8,-99.8,-99.8,-99.8,-99.8,-99.8,-99.8
2023-07-20 22:00:00,1004.2,26.5,86.0,0.6,352.0,3.0,27.0,0.0,-99.8,-99.8,-99.8,-99.8,-99.8,-99.8,-99.8
2023-07-20 23:00:00,1003.9,25.7,88.0,0.9,14.0,1.7,354.0,0.0,-99.8,-99.8,-99.8,-99.8,-99.8,-99.8,-99.8
2023-07-21 00:00:00,1003.8,26.0,86.0,1.3,16.0,2.8,20.0,0.0,-99.8,-99.8,-99.8,-99.8,-99.8,-99.8,-99.8
2023-07-21 01:00:00,1003.5,25.5,87.0,1.0,14.0,1.8,26.0,0.0,-99.8,-99.8,-99.8,-99.8,-99.8,-99.8,-99.8
2023-07-21 02:00:00,1003.3,25.5,86.0,0.9,15.0,2.1,16.0,0.0,-99.8,-99.8,-99.8,-99.8,-99.8,-99.8,-99.8
2023-07-21 03:00:00,1003.3,25.7,85.0,1.3,20.0,2.3,25.0,0.0,-99.8,-99.8,-99.8,-99.8,-99.8,-99.8,-99.8
2023-07-21 04:00:00,1003.3,25.6,85.0,0.9,11.0,2.1,4.0,0.0,-99.8,-99.8,-99.8,-99.8,-99.8,-99.8,-99.8
2023-07-21 05:00:00,1003.4,25.3,86.0,0.6,5.0,1.9,5.0,0.0,-99.8,-99.8,-99.8,-99.8,-99.8,-99.8,-99.8
2023-07-21 06:00:00,1003.9,25.4,84.0,0.6,357.0,2.3,346.0,0.0,-99.8,-99.8,-99.8,-99.8,-99.8,-99.8,-99.8
2023-07-21 07:00:00,1004.5,25.9,83.0,1.2,14.0,2.2,22.0,0.0,-99.8,-99.8,-99.8,-99.8,-99.8,-99.8,-99.8
2023-07-21 08:00:00,1005.1,27.8,79.0,0.9,43.0,1.8,32.0,0.0,-99.8,-99.8,-99.8,-99.8,-99.8,-99.8,-99.8
2023-07-21 09:00:00,1005.1,31.0,66.0,0.4,89.0,1.8,29.0,0.0,-99.8,-99.8,-99.8,-99.8,-99.8,-99.8,-99.8
2023-07-21 10:00:00,1005.3,32.0,66.0,1.0,166.0,2.4,210.0,0.0,-99.8,-99.8,-99.8,-99.8,-99.8,-99.8,-99.8
2023-07-21 11:00:00,1005.5,31.4,66.0,2.2,204.0,4.0,217.0,0.0,-99.8,-99.8,-99.8,-99.8,-99.8,-99.8,-99.8
2023-07-21 12:00:00,1005.0,31.1,70.0,1.8,198.0,3.7,219.0,0.0,-99.8,-99.8,-99.8,-99.8,-99.8,-99.8,-99.8
2023-07-21 13:00:00,1004.8,32.4,65.0,1.6,198.0,3.8,209.0,0.0,-99.8,-99.8,-99.8,-99.8,-99.8,-99.8,-99.8
2023-07-21 14:00:00,1004.6,29.5,76.0,1.6,182.0,3.6,192.0,0.0,-99.8,-99.8,-99.8,-99.8,-99.8,-99.8,-99.8
2023-07-21 15:00:00,1004.0,28.7,79.0,0.6,108.0,3.1,207.0,0.0,-99.8,-99.8,-99.8,-99.8,-99.8,-99.8,-99.8
2023-07-21 16:00:00,1003.3,28.3,80.0,1.0,170.0,3.9,211.0,0.0,-99.8,-99.8,-99.8,-99.8,-99.8,-99.8,-99.8
2023-07-21 17:00:00,1003.5,28.2,79.0,0.7,175.0,2.7,172.0,0.0,-99.8,-99.8,-99.8,-99.8,-99.8,-99.8,-99.8
2023-07-21 18:00:00,1004.0,28.2,78.0,0.5,173.0,2.8,212.0,0.0,-99.8,-99.8,-99.8,-99.8,-99.8,-99.8,-99.8
2023-07-21 19:00:00,1004.9,27.7,79.0,0.7,357.0,2.1,18.0,0.0,-99.8,-99.8,-99.8,-99.8,-99.8,-99.8,-99.8
2023-07-21 20:00:00,1005.2,27.7,79.0,1.0,360.0,2.3,7.0,0.0,-99.8,-99.8,-99.8,-99.8,-99.8,-99.8,-99.8
2023-07-21 21:00:00,1005.6,27.5,79.0,1.1,350.0,2.7,7.0,0.0,-99.8,-99.8,-99.8,-99.8,-99.8,-99.8,-99.8
2023-07-21 22:00:00,1006.2,26.9,80.0,1.4,15.0,3.2,1.0,0.0,-99.8,-99.8,-99.8,-99.8,-99.8,-99.8,-99.8
2023-07-21 23:00:00,1006.5,26.3,78.0,1.0,357.0,2.5,16.0,0.0,-99.8,-99.8,-99.8,-99.8,-99.8,-99.8,-99.8
2023-07-22 00:00:00,1006.4,26.5,78.0,1.0,16.0,3.2,12.0,0.0,-99.8,-99.8,-99.8,-99.8,-99.8,-99.8,-99.8
2023-07-22 01:00:00,1006.2,26.5,81.0,0.7,7.0,2.4,25.0,0.0,-99.8,-99.8,-99.8,-99.8,-99.8,-99.8,-99.8
2023-07-22 02:00:00,1005.7,26.3,82.0,1.1,19.0,2.0,33.0,0.0,-99.8,-99.8,-99.8,-99.8,-99.8,-99.8,-99.8
2023-07-22 03:00:00,1005.3,25.7,84.0,1.1,19.0,2.1,29.0,0.0,-99.8,-99.8,-99.8,-99.8,-99.8,-99.8,-99.8
2023-07-22 04:00:00,1005.6,25.9,82.0,0.8,333.0,1.9,19.0,0.0,-99.8,-99.8,-99.8,-99.8,-99.8,-99.8,-99.8
2023-07-22 05:00:00,1005.6,25.8,83.0,1.0,15.0,2.0,30.0,0.0,-99.8,-99.8,-99.8,-99.8,-99.8,-99.8,-99.8
2023-07-22 06:00:00,1005.9,25.8,85.0,0.6,5.0,1.5,25.0,0.0,-99.8,-99.8,-99.8,-99.8,-99.8,-99.8,-99.8
2023-07-22 07:00:00,1005.9,26.1,85.0,0.8,22.0,1.9,34.0,0.0,-99.8,-99.8,-99.8,-99.8,-99.8,-99.8,-99.8
2023-07-22 08:00:00,1006.0,29.9,74.0,0.4,86.0,2.0,23.0,0.0,-99.8,-99.8,-99.8,-99.8,-99.8,-99.8,-99.8
2023-07-22 09:00:00,1006.1,31.3,66.0,0.8,110.0,1.9,108.0,0.0,-99.8,-99.8,-99.8,-99.8,-99.8,-99.8,-99.8
2023-07-22 10:00:00,1006.4,31.0,67.0,1.9,198.0,3.5,204.0,0.0,-99.8,-99.8,-99.8,-99.8,-99.8,-99.8,-99.8
2023-07-22 11:00:00,1006.2,31.4,69.0,2.2,204.0,4.5,210.0,0.0,-99.8,-99.8,-99.8,-99.8,-99.8,-99.8,-99.8
2023-07-22 12:00:00,1006.1,31.5,69.0,1.8,200.0,4.3,217.0,0.0,-99.8,-99.8,-99.8,-99.8,-99.8,-99.8,-99.8
2023-07-22 13:00:00,1006.1,31.7,67.0,1.7,204.0,4.0,217.0,0.0,-99.8,-99.8,-99.8,-99.8,-99.8,-99.8,-99.8
2023-07-22 14:00:00,1005.8,31.8,68.0,1.7,195.0,3.7,218.0,0.0,-99.8,-99.8,-99.8,-99.8,-99.8,-99.8,-99.8
2023-07-22 15:00:00,1005.7,29.4,79.0,1.2,200.0,3.4,224.0,0.0,-99.8,-99.8,-99.8,-99.8,-99.8,-99.8,-99.8
2023-07-22 16:00:00,1005.3,28.8,79.0,0.4,267.0,2.5,256.0,0.0,-99.8,-99.8,-99.8,-99.8,-99.8,-99.8,-99.8
2023-07-22 17:00:00,1005.2,28.3,84.0,0.3,36.0,3.0,225.0,0.0,-99.8,-99.8,-99.8,-99.8,-99.8,-99.8,-99.8
2023-07-22 18:00:00,1005.5,28.0,84.0,1.1,25.0,2.6,14.0,0.0,-99.8,-99.8,-99.8,-99.8,-99.8,-99.8,-99.8
2023-07-22 19:00:00,1005.9,27.5,85.0,1.2,19.0,2.4,97.0,0.0,-99.8,-99.8,-99.8,-99.8,-99.8,-99.8,-99.8
2023-07-22 20:00:00,1006.1,27.3,83.0,0.8,358.0,2.5,9.0,0.0,-99.8,-99.8,-99.8,-99.8,-99.8,-99.8,-99.8
2023-07-22 21:00:00,1006.4,27.4,82.0,0.9,3.0,2.5,5.0,0.0,-99.8,-99.8,-99.8,-99.8,-99.8,-99.8,-99.8
2023-07-22 22:00:00,1007.0,27.3,85.0,0.7,16.0,2.1,14.0,0.0,-99.8,-99.8,-99.8,-99.8,-99.8,-99.8,-99.8
2023-07-22 23:00:00,1007.0,27.2,84.0,0.5,341.0,2.2,16.0,0.0,-99.8,-99.8,-99.8,-99.8,-99.8,-99.8,-99.8
2023-07-23 00:00:00,1006.6,27.0,85.0,0.5,3.0,2.2,29.0,0.0,-99.8,-99.8,-99.8,-99.8,-99.8,-99.8,-99.8
2023-07-23 01:00:00,1005.9,26.8,84.0,0.8,351.0,2.2,21.0,0.0,-99.8,-99.8,-99.8,-99.8,-99.8,-99.8,-99.8
2023-07-23 02:00:00,1005.2,26.3,84.0,0.8,9.0,2.8,31.0,0.0,-99.8,-99.8,-99.8,-99.8,-99.8,-99.8,-99.8
2023-07-23 03:00:00,1005.4,26.3,83.0,0.9,11.0,1.8,8.0,0.0,-99.8,-99.8,-99.8,-99.8,-99.8,-99.8,-99.8
2023-07-23 04:00:00,1005.5,26.0,82.0,1.2,20.0,2.4,4.0,0.0,-99.8,-99.8,-99.8,-99.8,-99.8,-99.8,-99.8
2023-07-23 05:00:00,1005.3,25.9,82.0,0.9,13.0,2.1,28.0,0.0,-99.8,-99.8,-99.8,-99.8,-99.8,-99.8,-99.8
2023-07-23 06:00:00,1005.4,26.0,83.0,0.3,347.0,2.4,339.0,0.0,-99.8,-99.8,-99.8,-99.8,-99.8,-99.8,-99.8
2023-07-23 07:00:00,1005.3,26.7,78.0,1.2,8.0,2.6,353.0,0.0,-99.8,-99.8,-99.8,-99.8,-99.8,-99.8,-99.8
2023-07-23 08:00:00,1005.5,30.9,69.0,0.4,170.0,2.1,1.0,0.0,-99.8,-99.8,-99.8,-99.8,-99.8,-99.8,-99.8
2023-07-23 09:00:00,1005.7,30.9,67.0,0.8,159.0,2.3,141.0,0.0,-99.8,-99.8,-99.8,-99.8,-99.8,-99.8,-99.8
2023-07-23 10:00:00,1005.6,32.1,63.0,1.1,165.0,2.5,198.0,0.0,-99.8,-99.8,-99.8,-99.8,-99.8,-99.8,-99.8
2023-07-23 11:00:00,1005.3,31.4,67.0,1.9,203.0,4.0,213.0,0.0,-99.8,-99.8,-99.8,-99.8,-99.8,-99.8,-99.8
2023-07-23 12:00:00,1005.0,32.3,64.0,2.0,193.0,4.2,227.0,0.0,-99.8,-99.8,-99.8,-99.8,-99.8,-99.8,-99.8
2023-07-23 13:00:00,1004.5,32.1,67.0,1.5,196.0,4.3,203.0,0.0,-99.8,-99.8,-99.8,-99.8,-99.8,-99.8,-99.8
2023-07-23 14:00:00,1004.1,30.0,75.0,1.8,200.0,3.3,218.0,0.0,-99.8,-99.8,-99.8,-99.8,-99.8,-99.8,-99.8
2023-07-23 15:00:00,1003.6,29.5,79.0,0.7,161.0,2.9,166.0,0.0,-99.8,-99.8,-99.8,-99.8,-99.8,-99.8,-99.8
2023-07-23 16:00:00,1003.5,29.8,78.0,0.5,190.0,2.0,198.0,0.0,-99.8,-99.8,-99.8,-99.8,-99.8,-99.8,-99.8
2023-07-23 17:00:00,1003.3,29.3,80.0,0.7,181.0,1.8,210.0,0.0,-99.8,-99.8,-99.8,-99.8,-99.8,-99.8,-99.8
2023-07-23 18:00:00,1004.0,28.7,82.0,0.5,177.0,2.1,201.0,0.0,-99.8,-99.8,-99.8,-99.8,-99.8,-99.8,-99.8
2023-07-23 19:00:00,1004.2,27.6,83.0,0.7,10.0,2.2,198.0,0.0,-99.8,-99.8,-99.8,-99.8,-99.8,-99.8,-99.8
2023-07-23 20:00:00,1004.6,27.9,79.0,1.0,10.0,2.3,9.0,0.0,-99.8,-99.8,-99.8,-99.8,-99.8,-99.8,-99.8
2023-07-23 21:00:00,1004.9,27.7,79.0,1.1,16.0,2.3,28.0,0.0,-99.8,-99.8,-99.8,-99.8,-99.8,-99.8,-99.8
2023-07-23 22:00:00,1005.0,27.5,79.0,0.8,3.0,2.4,24.0,0.0,-99.8,-99.8,-99.8,-99.8,-99.8,-99.8,-99.8
2023-07-23 23:00:00,1004.6,27.6,83.0,0.6,13.0,2.6,25.0,0.0,-99.8,-99.8,-99.8,-99.8,-99.8,-99.8,-99.8
2023-07-24 00:00:00,1003.8,27.3,85.0,0.5,3.0,1.8,24.0,0.0,-99.8,-99.8,-99.8,-99.8,-99.8,-99.8,-99.8
2023-07-24 01:00:00,1003.0,26.7,84.0,1.0,19.0,1.8,15.0,0.0,-99.8,-99.8,-99.8,-99.8,-99.8,-99.8,-99.8
2023-07-24 02:00:00,1002.1,26.5,84.0,0.6,10.0,1.7,27.0,0.0,-99.8,-99.8,-99.8,-99.8,-99.8,-99.8,-99.8
2023-07-24 03:00:00,1001.6,26.3,84.0,1.1,16.0,2.1,28.0,0.0,-99.8,-99.8,-99.8,-99.8,-99.8,-99.8,-99.8
2023-07-24 04:00:00,1002.2,25.9,85.0,0.6,11.0,2.0,36.0,0.0,-99.8,-99.8,-99.8,-99.8,-99.8,-99.8,-99.8
2023-07-24 05:00:00,1002.9,25.9,85.0,0.5,6.0,1.9,319.0,0.0,-99.8,-99.8,-99.8,-99.8,-99.8,-99.8,-99.8
2023-07-24 06:00:00,1003.4,26.0,83.0,1.0,15.0,1.6,27.0,0.0,-99.8,-99.8,-99.8,-99.8,-99.8,-99.8,-99.8
2023-07-24 07:00:00,1003.5,26.7,80.0,1.1,13.0,2.2,356.0,0.0,-99.8,-99.8,-99.8,-99.8,-99.8,-99.8,-99.8
2023-07-24 08:00:00,1003.7,31.1,70.0,0.2,0.0,2.0,5.0,0.0,-99.8,-99.8,-99.8,-99.8,-99.8,-99.8,-99.8
2023-07-24 09:00:00,1003.9,32.0,67.0,1.0,145.0,1.6,198.0,0.0,-99.8,-99.8,-99.8,-99.8,-99.8,-99.8,-99.8
2023-07-24 10:00:00,1004.1,32.7,64.0,0.8,138.0,1.8,168.0,0.0,-99.8,-99.8,-99.8,-99.8,-99.8,-99.8,-99.8
2023-07-24 11:00:00,1003.7,32.1,68.0,1.1,174.0,2.2,168.0,0.0,-99.8,-99.8,-99.8,-99.8,-99.8,-99.8,-99.8
2023-07-24 12:00:00,1003.3,31.7,68.0,1.1,172.0,2.3,160.0,0.0,-99.8,-99.8,-99.8,-99.8,-99.8,-99.8,-99.8
2023-07-24 13:00:00,1002.4,32.7,66.0,1.1,128.0,2.2,159.0,0.0,-99.8,-99.8,-99.8,-99.8,-99.8,-99.8,-99.8
2023-07-24 14:00:00,1001.8,33.1,63.0,0.9,141.0,2.0,135.0,0.0,-99.8,-99.8,-99.8,-99.8,-99.8,-99.8,-99.8
2023-07-24 15:00:00,1001.7,29.0,74.0,0.7,264.0,1.9,153.0,0.0,-99.8,-99.8,-99.8,-99.8,-99.8,-99.8,-99.8
2023-07-24 16:00:00,1001.3,28.3,79.0,0.5,272.0,1.6,272.0,0.0,-99.8,-99.8,-99.8,-99.8,-99.8,-99.8,-99.8
2023-07-24 17:00:00,1001.4,27.6,79.0,0.4,330.0,1.2,250.0,0.0,-99.8,-99.8,-99.8,-99.8,-99.8,-99.8,-99.8
2023-07-24 18:00:00,1001.6,27.2,80.0,0.8,6.0,1.5,2.0,0.0,-99.8,-99.8,-99.8,-99.8,-99.8,-99.8,-99.8
2023-07-24 19:00:00,1002.2,26.8,75.0,0.8,12.0,1.8,360.0,0.0,-99.8,-99.8,-99.8,-99.8,-99.8,-99.8,-99.8
2023-07-24 20:00:00,1003.2,27.0,74.0,0.9,10.0,2.0,23.0,0.0,-99.8,-99.8,-99.8,-99.8,-99.8,-99.8,-99.8
2023-07-24 21:00:00,1003.6,27.1,76.0,0.7,4.0,2.7,12.0,0.0,-99.8,-99.8,-99.8,-99.8,-99.8,-99.8,-99.8
2023-07-24 22:00:00,1003.8,26.7,75.0,1.1,18.0,2.0,25.0,0.0,-99.8,-99.8,-99.8,-99.8,-99.8,-99.8,-99.8
2023-07-24 23:00:00,1002.8,26.6,75.0,0.8,353.0,1.7,20.0,0.0,-99.8,-99.8,-99.8,-99.8,-99.8,-99.8,-99.8
2023-07-25 00:00:00,1002.6,27.0,72.0,1.3,17.0,1.7,21.0,0.0,-99.8,-99.8,-99.8,-99.8,-99.8,-99.8,-99.8
2023-07-25 01:00:00,1001.7,26.5,72.0,0.7,345.0,2.7,21.0,0.0,-99.8,-99.8,-99.8,-99.8,-99.8,-99.8,-99.8
2023-07-25 02:00:00,1001.1,26.5,74.0,0.3,333.0,1.8,21.0,0.0,-99.8,-99.8,-99.8,-99.8,-99.8,-99.8,-99.8
2023-07-25 03:00:00,1001.2,26.0,83.0,0.4,354.0,1.2,211.0,0.0,-99.8,-99.8,-99.8,-99.8,-99.8,-99.8,-99.8
2023-07-25 04:00:00,1000.6,25.8,80.0,0.4,356.0,1.4,27.0,0.0,-99.8,-99.8,-99.8,-99.8,-99.8,-99.8,-99.8
2023-07-25 05:00:00,1001.1,26.2,77.0,0.5,320.0,2.1,20.0,0.0,-99.8,-99.8,-99.8,-99.8,-99.8,-99.8,-99.8
2023-07-25 06:00:00,1001.7,26.1,79.0,0.5,357.0,1.9,44.0,0.0,-99.8,-99.8,-99.8,-99.8,-99.8,-99.8,-99.8
2023-07-25 07:00:00,1001.8,26.6,75.0,1.1,15.0,2.5,27.0,0.0,-99.8,-99.8,-99.8,-99.8,-99.8,-99.8,-99.8
2023-07-25 08:00:00,1003.0,30.5,70.0,0.2,0.0,2.3,36.0,0.0,-99.8,-99.8,-99.8,-99.8,-99.8,-99.8,-99.8
2023-07-25 09:00:00,1002.4,31.6,66.0,0.9,200.0,1.4,213.0,0.0,-99.8,-99.8,-99.8,-99.8,-99.8,-99.8,-99.8
2023-07-25 10:00:00,1002.5,32.3,64.0,0.9,198.0,1.7,163.0,0.0,-99.8,-99.8,-99.8,-99.8,-99.8,-99.8,-99.8
2023-07-25 11:00:00,1002.5,32.6,62.0,0.7,168.0,1.7,201.0,0.0,-99.8,-99.8,-99.8,-99.8,-99.8,-99.8,-99.8
2023-07-25 12:00:00,1002.0,31.9,66.0,1.3,182.0,2.6,166.0,0.0,-99.8,-99.8,-99.8,-99.8,-99.8,-99.8,-99.8
2023-07-25 13:00:00,1000.9,31.9,67.0,1.6,175.0,3.8,174.0,0.0,-99.8,-99.8,-99.8,-99.8,-99.8,-99.8,-99.8
2023-07-25 14:00:00,1001.0,30.6,71.0,2.4,197.0,5.4,197.0,0.0,-99.8,-99.8,-99.8,-99.8,-99.8,-99.8,-99.8
2023-07-25 15:00:00,1000.7,30.6,71.0,2.6,200.0,4.4,176.0,0.0,-99.8,-99.8,-99.8,-99.8,-99.8,-99.8,-99.8
2023-07-25 16:00:00,1000.4,29.2,78.0,0.1,0.0,6.0,227.0,0.0,-99.8,-99.8,-99.8,-99.8,-99.8,-99.8,-99.8
2023-07-25 17:00:00,1000.8,26.3,95.0,0.8,237.0,6.5,218.0,2.0,-99.8,-99.8,-99.8,-99.8,-99.8,-99.8,-99.8
2023-07-25 18:00:00,1000.4,25.5,91.0,1.0,357.0,2.7,13.0,0.0,-99.8,-99.8,-99.8,-99.8,-99.8,-99.8,-99.8
2023-07-25 19:00:00,1000.8,25.2,88.0,0.9,8.0,2.2,349.0,0.0,-99.8,-99.8,-99.8,-99.8,-99.8,-99.8,-99.8
2023-07-25 20:00:00,1001.0,25.4,86.0,1.1,9.0,2.4,9.0,0.0,-99.8,-99.8,-99.8,-99.8,-99.8,-99.8,-99.8
2023-07-25 21:00:00,1002.4,24.6,95.0,0.7,355.0,2.9,30.0,4.0,-99.8,-99.8,-99.8,-99.8,-99.8,-99.8,-99.8
2023-07-25 22:00:00,1002.4,24.8,95.0,1.0,9.0,3.7,29.0,3.0,-99.8,-99.8,-99.8,-99.8,-99.8,-99.8,-99.8
2023-07-25 23:00:00,1001.4,24.9,97.0,0.7,11.0,3.2,99.0,5.0,-99.8,-99.8,-99.8,-99.8,-99.8,-99.8,-99.8
2023-07-26 00:00:00,1001.1,25.4,93.0,1.6,18.0,4.3,343.0,3.0,-99.8,-99.8,-99.8,-99.8,-99.8,-99.8,-99.8
2023-07-26 01:00:00,1002.3,24.4,94.0,1.4,3.0,17.7,212.0,9.5,-99.8,-99.8,-99.8,-99.8,-99.8,-99.8,-99.8
2023-07-26 02:00:00,1000.6,24.0,98.0,1.2,11.0,3.3,357.0,1.0,-99.8,-99.8,-99.8,-99.8,-99.8,-99.8,-99.8
2023-07-26 03:00:00,1000.0,24.2,97.0,0.8,343.0,3.0,19.0,2.0,-99.8,-99.8,-99.8,-99.8,-99.8,-99.8,-99.8
2023-07-26 04:00:00,999.6,24.6,96.0,0.8,322.0,3.4,296.0,4.5,-99.8,-99.8,-99.8,-99.8,-99.8,-99.8,-99.8
2023-07-26 05:00:00,999.6,24.8,96.0,1.1,358.0,2.9,338.0,0.0,-99.8,-99.8,-99.8,-99.8,-99.8,-99.8,-99.8
2023-07-26 06:00:00,999.9,24.6,98.0,0.5,3.0,3.1,9.0,5.0,-99.8,-99.8,-99.8,-99.8,-99.8,-99.8,-99.8
2023-07-26 07:00:00,999.7,25.1,97.0,0.7,2.0,3.0,38.0,2.0,-99.8,-99.8,-99.8,-99.8,-99.8,-99.8,-99.8
2023-07-26 08:00:00,1000.3,25.2,98.0,1.0,13.0,4.4,31.0,23.0,-99.8,-99.8,-99.8,-99.8,-99.8,-99.8,-99.8
2023-07-26 09:00:00,1000.2,25.3,97.0,1.6,11.0,6.5,24.0,29.5,-99.8,-99.8,-99.8,-99.8,-99.8,-99.8,-99.8
2023-07-26 10:00:00,1001.0,26.8,94.0,1.4,354.0,5.9,279.0,3.0,-99.8,-99.8,-99.8,-99.8,-99.8,-99.8,-99.8
2023-07-26 11:00:00,999.9,26.3,93.0,1.3,335.0,4.0,40.0,8.0,-99.8,-99.8,-99.8,-99.8,-99.8,-99.8,-99.8
2023-07-26 12:00:00,999.5,26.5,92.0,1.3,3.0,4.2,29.0,2.5,-99.8,-99.8,-99.8,-99.8,-99.8,-99.8,-99.8
2023-07-26 13:00:00,999.1,25.8,94.0,1.1,359.0,3.4,24.0,7.5,-99.8,-99.8,-99.8,-99.8,-99.8,-99.8,-99.8
2023-07-26 14:00:00,998.3,26.5,94.0,1.4,15.0,8.3,299.0,3.5,-99.8,-99.8,-99.8,-99.8,-99.8,-99.8,-99.8
2023-07-26 15:00:00,998.2,26.7,91.0,1.2,346.0,3.7,28.0,4.0,-99.8,-99.8,-99.8,-99.8,-99.8,-99.8,-99.8
2023-07-26 16:00:00,999.7,24.1,98.0,3.4,211.0,12.2,234.0,23.0,-99.8,-99.8,-99.8,-99.8,-99.8,-99.8,-99.8
2023-07-26 17:00:00,998.1,25.7,93.0,1.4,338.0,6.4,289.0,5.0,-99.8,-99.8,-99.8,-99.8,-99.8,-99.8,-99.8
2023-07-26 18:00:00,998.4,25.5,95.0,2.3,12.0,7.2,46.0,15.0,-99.8,-99.8,-99.8,-99.8,-99.8,-99.8,-99.8
2023-07-26 19:00:00,998.8,27.0,91.0,2.3,298.0,6.7,308.0,4.0,-99.8,-99.8,-99.8,-99.8,-99.8,-99.8,-99.8
2023-07-26 20:00:00,998.6,26.7,93.0,1.8,297.0,10.1,285.0,6.0,-99.8,-99.8,-99.8,-99.8,-99.8,-99.8,-99.8
2023-07-26 21:00:00,1000.3,26.9,90.0,1.9,313.0,10.5,205.0,0.5,-99.8,-99.8,-99.8,-99.8,-99.8,-99.8,-99.8
2023-07-26 22:00:00,999.4,25.5,97.0,0.8,10.0,4.9,360.0,3.5,-99.8,-99.8,-99.8,-99.8,-99.8,-99.8,-99.8
2023-07-26 23:00:00,998.2,26.9,90.0,2.0,333.0,7.1,322.0,0.0,-99.8,-99.8,-99.8,-99.8,-99.8,-99.8,-99.8
2023-07-27 00:00:00,999.6,24.6,96.0,1.6,289.0,7.1,322.0,31.0,-99.8,-99.8,-99.8,-99.8,-99.8,-99.8,-99.8
2023-07-27 01:00:00,998.1,25.5,93.0,1.2,334.0,5.4,22.0,7.0,-99.8,-99.8,-99.8,-99.8,-99.8,-99.8,-99.8
2023-07-27 02:00:00,997.0,24.9,97.0,1.1,358.0,3.3,21.0,3.5,-99.8,-99.8,-99.8,-99.8,-99.8,-99.8,-99.8
2023-07-27 03:00:00,996.9,25.2,96.0,1.0,311.0,10.0,181.0,5.0,-99.8,-99.8,-99.8,-99.8,-99.8,-99.8,-99.8
2023-07-27 04:00:00,997.0,25.1,90.0,1.8,349.0,6.5,221.0,9.5,-99.8,-99.8,-99.8,-99.8,-99.8,-99.8,-99.8
2023-07-27 05:00:00,996.9,25.3,91.0,1.3,332.0,4.6,24.0,0.0,-99.8,-99.8,-99.8,-99.8,-99.8,-99.8,-99.8
2023-07-27 06:00:00,996.6,25.0,92.0,1.3,353.0,3.8,350.0,0.5,-99.8,-99.8,-99.8,-99.8,-99.8,-99.8,-99.8
2023-07-27 07:00:00,996.7,25.9,87.0,2.1,20.0,6.0,28.0,0.0,-99.8,-99.8,-99.8,-99.8,-99.8,-99.8,-99.8
2023-07-27 08:00:00,997.0,25.5,93.0,1.4,338.0,10.3,200.0,21.0,-99.8,-99.8,-99.8,-99.8,-99.8,-99.8,-99.8
2023-07-27 09:00:00,997.2,26.0,92.0,1.8,7.0,7.2,30.0,0.5,-99.8,-99.8,-99.8,-99.8,-99.8,-99.8,-99.8
2023-07-27 10:00:00,996.9,26.1,92.0,1.9,198.0,5.8,200.0,0.0,-99.8,-99.8,-99.8,-99.8,-99.8,-99.8,-99.8
2023-07-27 11:00:00,996.6,27.2,92.0,1.0,314.0,7.5,38.0,4.0,-99.8,-99.8,-99.8,-99.8,-99.8,-99.8,-99.8
2023-07-27 12:00:00,996.1,25.9,98.0,0.6,292.0,11.1,211.0,6.0,-99.8,-99.8,-99.8,-99.8,-99.8,-99.8,-99.8
2023-07-27 13:00:00,995.4,25.7,96.0,0.6,313.0,4.8,23.0,3.0,-99.8,-99.8,-99.8,-99.8,-99.8,-99.8,-99.8
2023-07-27 14:00:00,994.8,26.5,91.0,2.4,23.0,8.8,41.0,6.0,-99.8,-99.8,-99.8,-99.8,-99.8,-99.8,-99.8
2023-07-27 15:00:00,994.9,26.2,92.0,1.6,198.0,7.0,7.0,5.5,-99.8,-99.8,-99.8,-99.8,-99.8,-99.8,-99.8
2023-07-27 16:00:00,994.1,26.1,85.0,1.0,326.0,10.2,24.0,0.0,-99.8,-99.8,-99.8,-99.8,-99.8,-99.8,-99.8
2023-07-27 17:00:00,994.9,24.9,91.0,2.5,330.0,8.4,259.0,2.5,-99.8,-99.8,-99.8,-99.8,-99.8,-99.8,-99.8
2023-07-27 18:00:00,995.4,26.5,83.0,2.2,327.0,8.5,266.0,8.0,-99.8,-99.8,-99.8,-99.8,-99.8,-99.8,-99.8
2023-07-27 19:00:00,995.1,27.7,69.0,2.9,4.0,10.0,48.0,0.0,-99.8,-99.8,-99.8,-99.8,-99.8,-99.8,-99.8
2023-07-27 20:00:00,997.0,24.6,92.0,1.0,117.0,6.5,68.0,4.5,-99.8,-99.8,-99.8,-99.8,-99.8,-99.8,-99.8
2023-07-27 21:00:00,995.7,27.6,65.0,2.1,51.0,9.2,41.0,1.5,-99.8,-99.8,-99.8,-99.8,-99.8,-99.8,-99.8
2023-07-27 22:00:00,995.9,26.7,77.0,1.3,45.0,6.9,275.0,0.5,-99.8,-99.8,-99.8,-99.8,-99.8,-99.8,-99.8
2023-07-27 23:00:00,997.1,23.8,89.0,2.9,35.0,11.9,175.0,15.0,-99.8,-99.8,-99.8,-99.8,-99.8,-99.8,-99.8
2023-07-28 00:00:00,996.0,26.2,72.0,3.5,30.0,17.1,230.0,9.5,-99.8,-99.8,-99.8,-99.8,-99.8,-99.8,-99.8
2023-07-28 01:00:00,996.2,25.6,78.0,3.2,119.0,12.9,183.0,1.5,-99.8,-99.8,-99.8,-99.8,-99.8,-99.8,-99.8
2023-07-28 02:00:00,995.2,26.0,81.0,1.9,44.0,11.1,27.0,1.0,-99.8,-99.8,-99.8,-99.8,-99.8,-99.8,-99.8
2023-07-28 03:00:00,994.6,26.6,75.0,2.6,146.0,10.0,29.0,2.5,-99.8,-99.8,-99.8,-99.8,-99.8,-99.8,-99.8
2023-07-28 04:00:00,994.5,27.9,66.0,2.9,8.0,11.4,37.0,0.0,-99.8,-99.8,-99.8,-99.8,-99.8,-99.8,-99.8
2023-07-28 05:00:00,994.7,25.2,86.0,1.8,2.0,9.7,57.0,0.5,-99.8,-99.8,-99.8,-99.8,-99.8,-99.8,-99.8
2023-07-28 06:00:00,994.6,26.4,83.0,2.0,337.0,8.9,27.0,1.5,-99.8,-99.8,-99.8,-99.8,-99.8,-99.8,-99.8
2023-07-28 07:00:00,995.8,26.4,82.0,2.9,90.0,8.7,148.0,15.0,-99.8,-99.8,-99.8,-99.8,-99.8,-99.8,-99.8
2023-07-28 08:00:00,996.0,27.3,84.0,2.5,26.0,10.5,25.0,0.0,-99.8,-99.8,-99.8,-99.8,-99.8,-99.8,-99.8
2023-07-28 09:00:00,995.9,27.5,83.0,2.3,22.0,8.3,42.0,0.0,-99.8,-99.8,-99.8,-99.8,-99.8,-99.8,-99.8
2023-07-28 10:00:00,996.9,24.6,95.0,1.4,228.0,8.6,146.0,4.5,-99.8,-99.8,-99.8,-99.8,-99.8,-99.8,-99.8
2023-07-28 11:00:00,996.7,24.8,92.0,1.4,151.0,9.0,20.0,8.0,-99.8,-99.8,-99.8,-99.8,-99.8,-99.8,-99.8
2023-07-28 12:00:00,996.2,28.6,70.0,1.9,207.0,7.2,27.0,0.0,-99.8,-99.8,-99.8,-99.8,-99.8,-99.8,-99.8
2023-07-28 13:00:00,996.2,26.4,85.0,1.6,314.0,7.9,168.0,0.5,-99.8,-99.8,-99.8,-99.8,-99.8,-99.8,-99.8
2023-07-28 14:00:00,995.8,28.1,64.0,2.1,70.0,8.1,19.0,0.0,-99.8,-99.8,-99.8,-99.8,-99.8,-99.8,-99.8
2023-07-28 15:00:00,996.0,26.8,76.0,1.8,84.0,7.5,114.0,0.0,-99.8,-99.8,-99.8,-99.8,-99.8,-99.8,-99.8
2023-07-28 16:00:00,996.3,26.9,77.0,1.3,148.0,5.8,91.0,0.0,-99.8,-99.8,-99.8,-99.8,-99.8,-99.8,-99.8
2023-07-28 17:00:00,996.2,25.7,86.0,1.0,7.0,5.7,176.0,0.0,-99.8,-99.8,-99.8,-99.8,-99.8,-99.8,-99.8
2023-07-28 18:00:00,997.3,25.6,88.0,1.3,25.0,3.4,24.0,0.0,-99.8,-99.8,-99.8,-99.8,-99.8,-99.8,-99.8
2023-07-28 19:00:00,998.0,25.1,84.0,0.4,316.0,2.4,23.0,0.0,-99.8,-99.8,-99.8,-99.8,-99.8,-99.8,-99.8
2023-07-28 20:00:00,998.7,25.2,80.0,1.3,359.0,4.0,13.0,0.0,-99.8,-99.8,-99.8,-99.8,-99.8,-99.8,-99.8
2023-07-28 21:00:00,999.4,26.1,74.0,2.0,10.0,5.5,26.0,0.0,-99.8,-99.8,-99.8,-99.8,-99.8,-99.8,-99.8
2023-07-28 22:00:00,999.9,25.9,78.0,1.7,35.0,4.8,26.0,0.0,-99.8,-99.8,-99.8,-99.8,-99.8,-99.8,-99.8
2023-07-28 23:00:00,1000.2,26.1,75.0,1.2,3.0,5.3,40.0,0.0,-99.8,-99.8,-99.8,-99.8,-99.8,-99.8,-99.8
2023-07-29 00:00:00,1000.0,27.1,74.0,1.5,224.0,4.8,35.0,0.0,-99.8,-99.8,-99.8,-99.8,-99.8,-99.8,-99.8
2023-07-29 01:00:00,999.7,25.1,81.0,0.9,9.0,4.0,143.0,0.0,-99.8,-99.8,-99.8,-99.8,-99.8,-99.8,-99.8
2023-07-29 02:00:00,999.1,24.3,85.0,0.5,353.0,2.4,327.0,0.0,-99.8,-99.8,-99.8,-99.8,-99.8,-99.8,-99.8
2023-07-29 03:00:00,999.2,24.6,86.0,0.5,325.0,2.2,22.0,0.0,-99.8,-99.8,-99.8,-99.8,-99.8,-99.8,-99.8
2023-07-29 04:00:00,999.3,24.7,82.0,0.4,325.0,1.9,291.0,0.0,-99.8,-99.8,-99.8,-99.8,-99.8,-99.8,-99.8
2023-07-29 05:00:00,999.5,24.5,84.0,1.1,12.0,2.5,17.0,0.0,-99.8,-99.8,-99.8,-99.8,-99.8,-99.8,-99.8
2023-07-29 06:00:00,999.6,24.9,84.0,0.3,335.0,1.8,29.0,0.0,-99.8,-99.8,-99.8,-99.8,-99.8,-99.8,-99.8
2023-07-29 07:00:00,1000.3,25.1,86.0,0.6,312.0,1.9,6.0,0.0,-99.8,-99.8,-99.8,-99.8,-99.8,-99.8,-99.8
2023-07-29 08:00:00,1000.9,26.8,83.0,0.2,0.0,1.6,13.0,0.0,-99.8,-99.8,-99.8,-99.8,-99.8,-99.8,-99.8
2023-07-29 09:00:00,1001.6,27.9,77.0,0.6,216.0,2.6,29.0,0.0,-99.8,-99.8,-99.8,-99.8,-99.8,-99.8,-99.8
2023-07-29 10:00:00,1001.8,27.9,83.0,0.5,79.0,2.3,219.0,0.0,-99.8,-99.8,-99.8,-99.8,-99.8,-99.8,-99.8
2023-07-29 11:00:00,1001.6,28.3,81.0,0.4,98.0,2.3,219.0,0.0,-99.8,-99.8,-99.8,-99.8,-99.8,-99.8,-99.8
2023-07-29 12:00:00,1001.1,30.8,74.0,0.5,182.0,2.7,196.0,0.0,-99.8,-99.8,-99.8,-99.8,-99.8,-99.8,-99.8
2023-07-29 13:00:00,1001.2,31.8,69.0,0.9,173.0,2.7,172.0,0.0,-99.8,-99.8,-99.8,-99.8,-99.8,-99.8,-99.8
2023-07-29 14:00:00,1001.1,31.0,64.0,1.5,194.0,3.2,213.0,0.0,-99.8,-99.8,-99.8,-99.8,-99.8,-99.8,-99.8
2023-07-29 15:00:00,1000.9,30.4,72.0,0.6,194.0,3.7,216.0,0.0,-99.8,-99.8,-99.8,-99.8,-99.8,-99.8,-99.8
2023-07-29 16:00:00,1000.9,28.4,80.0,0.4,142.0,2.0,131.0,0.0,-99.8,-99.8,-99.8,-99.8,-99.8,-99.8,-99.8
2023-07-29 17:00:00,1000.6,27.7,83.0,0.7,29.0,1.6,232.0,0.0,-99.8,-99.8,-99.8,-99.8,-99.8,-99.8,-99.8
2023-07-29 18:00:00,1001.2,27.2,89.0,0.7,139.0,2.3,134.0,0.0,-99.8,-99.8,-99.8,-99.8,-99.8,-99.8,-99.8
2023-07-29 19:00:00,1001.9,26.5,95.0,1.4,223.0,2.7,255.0,2.0,-99.8,-99.8,-99.8,-99.8,-99.8,-99.8,-99.8
2023-07-29 20:00:00,1002.4,25.4,98.0,0.8,7.0,2.5,20.0,3.5,-99.8,-99.8,-99.8,-99.8,-99.8,-99.8,-99.8
2023-07-29 21:00:00,1002.7,25.2,98.0,0.6,9.0,2.2,13.0,0.0,-99.8,-99.8,-99.8,-99.8,-99.8,-99.8,-99.8
2023-07-29 22:00:00,1003.0,25.1,98.0,0.6,356.0,1.9,355.0,0.0,-99.8,-99.8,-99.8,-99.8,-99.8,-99.8,-99.8
2023-07-29 23:00:00,1002.6,24.9,97.0,0.8,359.0,2.0,10.0,0.0,-99.8,-99.8,-99.8,-99.8,-99.8,-99.8,-99.8
2023-07-30 00:00:00,1002.2,24.9,98.0,1.1,3.0,2.0,10.0,0.0,-99.8,-99.8,-99.8,-99.8,-99.8,-99.8,-99.8
2023-07-30 01:00:00,1001.9,25.0,96.0,0.9,348.0,1.9,26.0,0.0,-99.8,-99.8,-99.8,-99.8,-99.8,-99.8,-99.8
2023-07-30 02:00:00,1001.5,24.7,97.0,0.6,3.0,2.1,6.0,0.0,-99.8,-99.8,-99.8,-99.8,-99.8,-99.8,-99.8
2023-07-30 03:00:00,1000.9,24.6,97.0,0.6,5.0,2.1,6.0,0.0,-99.8,-99.8,-99.8,-99.8,-99.8,-99.8,-99.8
2023-07-30 04:00:00,1000.7,24.5,96.0,0.9,14.0,2.1,354.0,0.0,-99.8,-99.8,-99.8,-99.8,-99.8,-99.8,-99.8
2023-07-30 05:00:00,1001.0,24.5,96.0,0.6,11.0,1.7,330.0,0.0,-99.8,-99.8,-99.8,-99.8,-99.8,-99.8,-99.8
2023-07-30 06:00:00,1001.7,24.9,95.0,0.6,353.0,1.8,359.0,0.0,-99.8,-99.8,-99.8,-99.8,-99.8,-99.8,-99.8
2023-07-30 07:00:00,1001.9,25.9,90.0,0.9,20.0,1.6,17.0,0.0,-99.8,-99.8,-99.8,-99.8,-99.8,-99.8,-99.8
2023-07-30 08:00:00,1002.4,28.4,82.0,1.1,213.0,2.2,227.0,0.0,-99.8,-99.8,-99.8,-99.8,-99.8,-99.8,-99.8
2023-07-30 09:00:00,1002.8,29.8,76.0,0.5,146.0,1.5,153.0,0.0,-99.8,-99.8,-99.8,-99.8,-99.8,-99.8,-99.8
2023-07-30 10:00:00,1002.8,30.5,68.0,0.9,150.0,1.9,176.0,0.0,-99.8,-99.8,-99.8,-99.8,-99.8,-99.8,-99.8
2023-07-30 11:00:00,1002.8,30.8,71.0,0.4,182.0,2.3,153.0,0.0,-99.8,-99.8,-99.8,-99.8,-99.8,-99.8,-99.8
2023-07-30 12:00:00,1002.2,30.2,74.0,0.7,167.0,1.8,206.0,0.0,-99.8,-99.8,-99.8,-99.8,-99.8,-99.8,-99.8
2023-07-30 13:00:00,1001.9,31.4,69.0,1.0,145.0,2.1,126.0,0.0,-99.8,-99.8,-99.8,-99.8,-99.8,-99.8,-99.8
2023-07-30 14:00:00,1001.5,30.5,71.0,0.8,143.0,2.0,165.0,0.0,-99.8,-99.8,-99.8,-99.8,-99.8,-99.8,-99.8
2023-07-30 15:00:00,1001.2,28.9,78.0,0.3,137.0,1.9,165.0,0.0,-99.8,-99.8,-99.8,-99.8,-99.8,-99.8,-99.8
2023-07-30 16:00:00,1001.0,28.0,78.0,1.0,226.0,1.6,215.0,0.0,-99.8,-99.8,-99.8,-99.8,-99.8,-99.8,-99.8
2023-07-30 17:00:00,1001.1,27.4,86.0,0.3,30.0,1.4,240.0,0.0,-99.8,-99.8,-99.8,-99.8,-99.8,-99.8,-99.8
2023-07-30 18:00:00,1001.2,26.7,85.0,0.6,350.0,1.1,17.0,0.0,-99.8,-99.8,-99.8,-99.8,-99.8,-99.8,-99.8
2023-07-30 19:00:00,1001.4,26.1,88.0,0.7,342.0,1.3,12.0,0.0,-99.8,-99.8,-99.8,-99.8,-99.8,-99.8,-99.8
2023-07-30 20:00:00,1002.1,26.0,88.0,0.6,341.0,1.6,4.0,0.0,-99.8,-99.8,-99.8,-99.8,-99.8,-99.8,-99.8
2023-07-30 21:00:00,1002.7,25.8,88.0,0.7,349.0,1.3,360.0,0.0,-99.8,-99.8,-99.8,-99.8,-99.8,-99.8,-99.8
2023-07-30 22:00:00,1002.7,25.6,88.0,0.7,360.0,1.6,22.0,0.0,-99.8,-99.8,-99.8,-99.8,-99.8,-99.8,-99.8
2023-07-30 23:00:00,1002.1,25.4,88.0,0.6,348.0,1.8,16.0,0.0,-99.8,-99.8,-99.8,-99.8,-99.8,-99.8,-99.8
2023-07-31 00:00:00,1001.7,25.4,88.0,0.5,332.0,1.7,8.0,0.0,-99.8,-99.8,-99.8,-99.8,-99.8,-99.8,-99.8
2023-07-31 01:00:00,1000.9,25.3,87.0,0.6,344.0,1.8,11.0,0.0,-99.8,-99.8,-99.8,-99.8,-99.8,-99.8,-99.8
2023-07-31 02:00:00,1000.2,25.2,86.0,0.6,2.0,1.6,27.0,0.0,-99.8,-99.8,-99.8,-99.8,-99.8,-99.8,-99.8
2023-07-31 03:00:00,1000.3,24.9,86.0,0.7,341.0,2.1,28.0,0.0,-99.8,-99.8,-99.8,-99.8,-99.8,-99.8,-99.8
2023-07-31 04:00:00,1000.2,25.0,84.0,0.9,349.0,1.6,324.0,0.0,-99.8,-99.8,-99.8,-99.8,-99.8,-99.8,-99.8
2023-07-31 05:00:00,1000.5,24.9,86.0,0.8,360.0,1.5,349.0,0.0,-99.8,-99.8,-99.8,-99.8,-99.8,-99.8,-99.8
2023-07-31 06:00:00,1000.7,25.0,87.0,0.6,355.0,1.5,357.0,0.0,-99.8,-99.8,-99.8,-99.8,-99.8,-99.8,-99.8
2023-07-31 07:00:00,1000.8,26.0,85.0,0.6,5.0,1.4,24.0,0.0,-99.8,-99.8,-99.8,-99.8,-99.8,-99.8,-99.8
2023-07-31 08:00:00,1001.0,29.1,72.0,0.8,47.0,1.9,54.0,0.0,-99.8,-99.8,-99.8,-99.8,-99.8,-99.8,-99.8
2023-07-31 09:00:00,1000.9,31.0,67.0,0.6,133.0,1.7,131.0,0.0,-99.8,-99.8,-99.8,-99.8,-99.8,-99.8,-99.8
2023-07-31 10:00:00,1001.2,30.7,67.0,0.7,153.0,1.4,122.0,0.0,-99.8,-99.8,-99.8,-99.8,-99.8,-99.8,-99.8
2023-07-31 11:00:00,1001.0,29.6,68.0,0.3,137.0,1.4,207.0,0.0,-99.8,-99.8,-99.8,-99.8,-99.8,-99.8,-99.8
2023-07-31 12:00:00,1000.6,29.0,74.0,0.8,196.0,1.9,199.0,0.0,-99.8,-99.8,-99.8,-99.8,-99.8,-99.8,-99.8
2023-07-31 13:00:00,1000.3,29.6,74.0,0.5,151.0,2.0,172.0,0.0,-99.8,-99.8,-99.8,-99.8,-99.8,-99.8,-99.8
2023-07-31 14:00:00,1000.0,28.3,78.0,0.2,0.0,0.9,209.0,0.0,-99.8,-99.8,-99.8,-99.8,-99.8,-99.8,-99.8
2023-07-31 15:00:00,999.5,28.8,80.0,0.1,0.0,0.9,7.0,0.0,-99.8,-99.8,-99.8,-99.8,-99.8,-99.8,-99.8
2023-07-31 16:00:00,998.7,28.1,80.0,0.7,29.0,1.1,26.0,0.0,-99.8,-99.8,-99.8,-99.8,-99.8,-99.8,-99.8
2023-07-31 17:00:00,998.4,27.9,82.0,0.4,353.0,1.0,7.0,0.0,-99.8,-99.8,-99.8,-99.8,-99.8,-99.8,-99.8
2023-07-31 18:00:00,998.6,26.8,88.0,0.3,351.0,1.3,18.0,0.0,-99.8,-99.8,-99.8,-99.8,-99.8,-99.8,-99.8
2023-07-31 19:00:00,999.1,26.5,88.0,0.4,355.0,1.2,20.0,0.0,-99.8,-99.8,-99.8,-99.8,-99.8,-99.8,-99.8
2023-07-31 20:00:00,999.3,26.5,86.0,0.5,3.0,1.7,350.0,0.0,-99.8,-99.8,-99.8,-99.8,-99.8,-99.8,-99.8
2023-07-31 21:00:00,999.7,25.8,90.0,0.6,353.0,1.3,313.0,0.0,-99.8,-99.8,-99.8,-99.8,-99.8,-99.8,-99.8
2023-07-31 22:00:00,999.6,25.7,90.0,0.5,354.0,1.5,4.0,0.0,-99.8,-99.8,-99.8,-99.8,-99.8,-99.8,-99.8
2023-07-31 23:00:00,999.1,25.6,89.0,0.6,332.0,1.5,1.0,0.0,-99.8,-99.8,-99.8,-99.8,-99.8,-99.8,-99.8
2023-08-01 00:00:00,998.5,25.3,87.0,0.6,357.0,1.4,4.0,0.0,-99.8,-99.8,-99.8,-99.8,-99.8,-99.8,-99.8
2023-08-01 01:00:00,997.8,25.3,90.0,0.5,350.0,1.8,31.0,0.0,-99.8,-99.8,-99.8,-99.8,-99.8,-99.8,-99.8
2023-08-01 02:00:00,996.8,25.1,88.0,0.6,359.0,1.8,360.0,0.0,-99.8,-99.8,-99.8,-99.8,-99.8,-99.8,-99.8
2023-08-01 03:00:00,996.3,25.0,87.0,0.9,354.0,1.8,325.0,0.0,-99.8,-99.8,-99.8,-99.8,-99.8,-99.8,-99.8
2023-08-01 04:00:00,996.7,24.8,87.0,0.8,342.0,2.0,30.0,0.0,-99.8,-99.8,-99.8,-99.8,-99.8,-99.8,-99.8
2023-08-01 05:00:00,997.0,24.5,88.0,0.6,346.0,1.3,301.0,0.0,-99.8,-99.8,-99.8,-99.8,-99.8,-99.8,-99.8
2023-08-01 06:00:00,997.3,25.0,83.0,1.1,16.0,2.0,360.0,0.0,-99.8,-99.8,-99.8,-99.8,-99.8,-99.8,-99.8
2023-08-01 07:00:00,997.5,25.5,83.0,1.2,15.0,2.4,23.0,0.0,-99.8,-99.8,-99.8,-99.8,-99.8,-99.8,-99.8
2023-08-01 08:00:00,997.8,28.8,73.0,0.5,53.0,2.2,8.0,0.0,-99.8,-99.8,-99.8,-99.8,-99.8,-99.8,-99.8
2023-08-01 09:00:00,998.0,29.8,74.0,1.5,176.0,3.0,211.0,0.0,-99.8,-99.8,-99.8,-99.8,-99.8,-99.8,-99.8
2023-08-01 10:00:00,997.4,31.0,73.0,1.0,145.0,2.4,198.0,0.0,-99.8,-99.8,-99.8,-99.8,-99.8,-99.8,-99.8
2023-08-01 11:00:00,997.2,30.6,64.0,1.1,186.0,2.0,204.0,0.0,-99.8,-99.8,-99.8,-99.8,-99.8,-99.8,-99.8
2023-08-01 12:00:00,996.4,30.3,69.0,0.7,191.0,2.8,210.0,0.0,-99.8,-99.8,-99.8,-99.8,-99.8,-99.8,-99.8
2023-08-01 13:00:00,995.5,30.9,69.0,2.4,191.0,4.6,213.0,0.0,-99.8,-99.8,-99.8,-99.8,-99.8,-99.8,-99.8
2023-08-01 14:00:00,995.7,30.2,76.0,1.1,181.0,3.1,200.0,0.0,-99.8,-99.8,-99.8,-99.8,-99.8,-99.8,-99.8
2023-08-01 15:00:00,995.7,28.5,82.0,0.9,197.0,2.3,217.0,0.0,-99.8,-99.8,-99.8,-99.8,-99.8,-99.8,-99.8
2023-08-01 16:00:00,995.0,28.3,83.0,1.7,197.0,3.1,205.0,0.0,-99.8,-99.8,-99.8,-99.8,-99.8,-99.8,-99.8
2023-08-01 17:00:00,995.1,28.2,84.0,0.3,204.0,3.1,195.0,0.0,-99.8,-99.8,-99.8,-99.8,-99.8,-99.8,-99.8
2023-08-01 18:00:00,995.4,27.5,86.0,0.4,328.0,1.9,210.0,0.0,-99.8,-99.8,-99.8,-99.8,-99.8,-99.8,-99.8
2023-08-01 19:00:00,995.7,26.8,89.0,0.1,0.0,1.3,66.0,0.0,-99.8,-99.8,-99.8,-99.8,-99.8,-99.8,-99.8
2023-08-01 20:00:00,995.4,26.1,88.0,0.8,344.0,1.3,9.0,0.0,-99.8,-99.8,-99.8,-99.8,-99.8,-99.8,-99.8
2023-08-01 21:00:00,995.6,26.2,86.0,1.1,319.0,1.8,296.0,0.0,-99.8,-99.8,-99.8,-99.8,-99.8,-99.8,-99.8
2023-08-01 22:00:00,995.8,25.9,86.0,0.6,345.0,1.6,297.0,0.0,-99.8,-99.8,-99.8,-99.8,-99.8,-99.8,-99.8
2023-08-01 23:00:00,995.4,25.7,86.0,0.7,340.0,1.8,22.0,0.0,-99.8,-99.8,-99.8,-99.8,-99.8,-99.8,-99.8
2023-08-02 00:00:00,994.8,25.6,82.0,0.5,11.0,1.6,312.0,0.0,-99.8,-99.8,-99.8,-99.8,-99.8,-99.8,-99.8
2023-08-02 01:00:00,994.3,25.9,82.0,0.6,336.0,1.5,26.0,0.0,-99.8,-99.8,-99.8,-99.8,-99.8,-99.8,-99.8
2023-08-02 02:00:00,992.9,25.7,85.0,0.8,9.0,2.0,5.0,0.0,-99.8,-99.8,-99.8,-99.8,-99.8,-99.8,-99.8
2023-08-02 03:00:00,992.8,25.6,84.0,0.8,344.0,1.4,24.0,0.0,-99.8,-99.8,-99.8,-99.8,-99.8,-99.8,-99.8
2023-08-02 04:00:00,993.0,25.3,88.0,0.5,1.0,1.4,289.0,0.0,-99.8,-99.8,-99.8,-99.8,-99.8,-99.8,-99.8
2023-08-02 05:00:00,992.5,25.2,88.0,0.6,358.0,1.5,27.0,0.0,-99.8,-99.8,-99.8,-99.8,-99.8,-99.8,-99.8
2023-08-02 06:00:00,992.6,25.2,88.0,0.5,350.0,1.7,3.0,0.0,-99.8,-99.8,-99.8,-99.8,-99.8,-99.8,-99.8
2023-08-02 07:00:00,993.0,25.8,85.0,0.7,7.0,1.9,37.0,0.0,-99.8,-99.8,-99.8,-99.8,-99.8,-99.8,-99.8
2023-08-02 08:00:00,993.0,29.0,74.0,0.5,49.0,1.6,27.0,0.0,-99.8,-99.8,-99.8,-99.8,-99.8,-99.8,-99.8
2023-08-02 09:00:00,993.4,30.8,70.0,0.7,103.0,2.8,67.0,0.0,-99.8,-99.8,-99.8,-99.8,-99.8,-99.8,-99.8
2023-08-02 10:00:00,993.4,31.5,66.0,2.0,186.0,4.1,191.0,0.0,-99.8,-99.8,-99.8,-99.8,-99.8,-99.8,-99.8
2023-08-02 11:00:00,993.2,32.5,65.0,1.1,171.0,4.2,205.0,0.0,-99.8,-99.8,-99.8,-99.8,-99.8,-99.8,-99.8
2023-08-02 12:00:00,993.3,30.9,71.0,2.2,194.0,4.1,192.0,0.0,-99.8,-99.8,-99.8,-99.8,-99.8,-99.8,-99.8
2023-08-02 13:00:00,992.8,31.2,75.0,2.1,194.0,4.6,200.0,0.0,-99.8,-99.8,-99.8,-99.8,-99.8,-99.8,-99.8
2023-08-02 14:00:00,992.3,29.8,81.0,1.8,194.0,3.6,209.0,0.0,-99.8,-99.8,-99.8,-99.8,-99.8,-99.8,-99.8
2023-08-02 15:00:00,991.9,29.9,79.0,1.5,192.0,3.2,203.0,0.0,-99.8,-99.8,-99.8,-99.8,-99.8,-99.8,-99.8
2023-08-02 16:00:00,991.3,29.2,83.0,1.5,197.0,2.9,206.0,0.0,-99.8,-99.8,-99.8,-99.8,-99.8,-99.8,-99.8
2023-08-02 17:00:00,990.9,28.9,83.0,0.6,193.0,3.8,194.0,0.0,-99.8,-99.8,-99.8,-99.8,-99.8,-99.8,-99.8
2023-08-02 18:00:00,991.0,28.0,85.0,0.6,11.0,1.7,208.0,0.0,-99.8,-99.8,-99.8,-99.8,-99.8,-99.8,-99.8
2023-08-02 19:00:00,991.2,27.0,82.0,0.6,5.0,1.3,27.0,0.0,-99.8,-99.8,-99.8,-99.8,-99.8,-99.8,-99.8
2023-08-02 20:00:00,990.9,26.9,80.0,0.7,354.0,1.6,54.0,0.0,-99.8,-99.8,-99.8,-99.8,-99.8,-99.8,-99.8
2023-08-02 21:00:00,991.0,26.9,79.0,0.7,7.0,1.5,26.0,0.0,-99.8,-99.8,-99.8,-99.8,-99.8,-99.8,-99.8
2023-08-02 22:00:00,990.9,27.2,78.0,0.5,351.0,1.6,295.0,0.0,-99.8,-99.8,-99.8,-99.8,-99.8,-99.8,-99.8
2023-08-02 23:00:00,990.2,26.8,83.0,0.5,14.0,1.8,24.0,0.0,-99.8,-99.8,-99.8,-99.8,-99.8,-99.8,-99.8
2023-08-03 00:00:00,989.5,27.3,78.0,0.6,340.0,1.7,22.0,0.0,-99.8,-99.8,-99.8,-99.8,-99.8,-99.8,-99.8
2023-08-03 01:00:00,989.4,26.6,83.0,0.5,3.0,1.4,17.0,0.0,-99.8,-99.8,-99.8,-99.8,-99.8,-99.8,-99.8
2023-08-03 02:00:00,988.4,26.8,82.0,0.6,351.0,2.0,260.0,0.0,-99.8,-99.8,-99.8,-99.8,-99.8,-99.8,-99.8
2023-08-03 03:00:00,987.5,25.6,86.0,0.7,352.0,2.0,7.0,0.0,-99.8,-99.8,-99.8,-99.8,-99.8,-99.8,-99.8
2023-08-03 04:00:00,987.3,26.2,83.0,0.4,281.0,3.1,15.0,0.0,-99.8,-99.8,-99.8,-99.8,-99.8,-99.8,-99.8
2023-08-03 05:00:00,987.2,26.3,83.0,0.7,271.0,1.7,237.0,0.0,-99.8,-99.8,-99.8,-99.8,-99.8,-99.8,-99.8
2023-08-03 06:00:00,987.2,26.2,84.0,0.4,345.0,1.9,20.0,0.0,-99.8,-99.8,-99.8,-99.8,-99.8,-99.8,-99.8
2023-08-03 07:00:00,987.6,26.3,86.0,0.6,252.0,2.4,214.0,0.0,-99.8,-99.8,-99.8,-99.8,-99.8,-99.8,-99.8
2023-08-03 08:00:00,988.0,27.5,84.0,0.7,279.0,1.7,225.0,0.0,-99.8,-99.8,-99.8,-99.8,-99.8,-99.8,-99.8
2023-08-03 09:00:00,988.3,27.4,84.0,0.4,292.0,2.2,37.0,0.0,-99.8,-99.8,-99.8,-99.8,-99.8,-99.8,-99.8
2023-08-03 10:00:00,988.1,28.2,84.0,0.0,0.0,1.9,43.0,0.0,-99.8,-99.8,-99.8,-99.8,-99.8,-99.8,-99.8
2023-08-03 11:00:00,987.8,29.0,81.0,0.5,318.0,2.6,202.0,0.0,-99.8,-99.8,-99.8,-99.8,-99.8,-99.8,-99.8
2023-08-03 12:00:00,987.9,28.4,84.0,0.5,211.0,2.4,212.0,0.0,-99.8,-99.8,-99.8,-99.8,-99.8,-99.8,-99.8
2023-08-03 13:00:00,987.4,28.2,83.0,0.7,36.0,2.1,142.0,0.0,-99.8,-99.8,-99.8,-99.8,-99.8,-99.8,-99.8
2023-08-03 14:00:00,987.0,28.7,83.0,0.5,184.0,2.6,157.0,0.0,-99.8,-99.8,-99.8,-99.8,-99.8,-99.8,-99.8
2023-08-03 15:00:00,987.1,29.1,82.0,0.7,184.0,2.0,197.0,0.0,-99.8,-99.8,-99.8,-99.8,-99.8,-99.8,-99.8
2023-08-03 16:00:00,987.0,28.9,77.0,0.8,149.0,2.1,163.0,0.0,-99.8,-99.8,-99.8,-99.8,-99.8,-99.8,-99.8
2023-08-03 17:00:00,986.6,27.5,83.0,0.2,0.0,2.4,225.0,0.0,-99.8,-99.8,-99.8,-99.8,-99.8,-99.8,-99.8
2023-08-03 18:00:00,987.1,27.7,71.0,1.0,9.0,2.8,21.0,0.0,-99.8,-99.8,-99.8,-99.8,-99.8,-99.8,-99.8
2023-08-03 19:00:00,987.2,27.1,81.0,1.1,3.0,2.6,25.0,0.0,-99.8,-99.8,-99.8,-99.8,-99.8,-99.8,-99.8
2023-08-03 20:00:00,988.1,27.2,77.0,0.8,4.0,2.7,208.0,0.0,-99.8,-99.8,-99.8,-99.8,-99.8,-99.8,-99.8
2023-08-03 21:00:00,988.8,27.6,72.0,0.9,359.0,2.1,29.0,0.0,-99.8,-99.8,-99.8,-99.8,-99.8,-99.8,-99.8
2023-08-03 22:00:00,988.2,27.5,70.0,0.8,10.0,2.4,24.0,0.0,-99.8,-99.8,-99.8,-99.8,-99.8,-99.8,-99.8
2023-08-03 23:00:00,987.9,27.3,70.0,0.3,303.0,2.8,32.0,0.0,-99.8,-99.8,-99.8,-99.8,-99.8,-99.8,-99.8
2023-08-04 00:00:00,986.9,27.4,69.0,0.8,353.0,1.8,12.0,0.0,-99.8,-99.8,-99.8,-99.8,-99.8,-99.8,-99.8
2023-08-04 01:00:00,986.5,26.8,81.0,0.7,308.0,4.2,165.0,0.0,-99.8,-99.8,-99.8,-99.8,-99.8,-99.8,-99.8
2023-08-04 02:00:00,987.2,26.7,79.0,1.3,22.0,3.0,26.0,0.0,-99.8,-99.8,-99.8,-99.8,-99.8,-99.8,-99.8
2023-08-04 03:00:00,987.7,26.7,83.0,0.7,282.0,4.0,205.0,0.0,-99.8,-99.8,-99.8,-99.8,-99.8,-99.8,-99.8
2023-08-04 04:00:00,987.9,26.1,83.0,0.6,1.0,2.9,262.0,0.0,-99.8,-99.8,-99.8,-99.8,-99.8,-99.8,-99.8
2023-08-04 05:00:00,988.5,26.0,82.0,0.8,7.0,2.0,330.0,0.0,-99.8,-99.8,-99.8,-99.8,-99.8,-99.8,-99.8
2023-08-04 06:00:00,988.4,26.3,78.0,0.9,322.0,1.7,29.0,0.0,-99.8,-99.8,-99.8,-99.8,-99.8,-99.8,-99.8
2023-08-04 07:00:00,989.9,26.9,78.0,0.7,343.0,2.0,56.0,0.0,-99.8,-99.8,-99.8,-99.8,-99.8,-99.8,-99.8
2023-08-04 08:00:00,990.1,27.8,79.0,1.0,358.0,2.9,22.0,0.0,-99.8,-99.8,-99.8,-99.8,-99.8,-99.8,-99.8
2023-08-04 09:00:00,990.4,29.1,78.0,0.6,32.0,3.5,33.0,0.0,-99.8,-99.8,-99.8,-99.8,-99.8,-99.8,-99.8
2023-08-04 10:00:00,991.4,32.4,65.0,0.8,143.0,3.7,223.0,0.0,-99.8,-99.8,-99.8,-99.8,-99.8,-99.8,-99.8
2023-08-04 11:00:00,992.1,32.9,63.0,0.6,39.0,1.8,44.0,0.0,-99.8,-99.8,-99.8,-99.8,-99.8,-99.8,-99.8
2023-08-04 12:00:00,991.9,32.0,67.0,0.5,346.0,1.4,320.0,0.0,-99.8,-99.8,-99.8,-99.8,-99.8,-99.8,-99.8
2023-08-04 13:00:00,991.4,34.6,53.0,0.2,0.0,1.5,47.0,0.0,-99.8,-99.8,-99.8,-99.8,-99.8,-99.8,-99.8
2023-08-04 14:00:00,991.3,35.4,50.0,0.4,161.0,1.7,174.0,0.0,-99.8,-99.8,-99.8,-99.8,-99.8,-99.8,-99.8
2023-08-04 15:00:00,991.4,32.4,64.0,0.7,330.0,2.4,172.0,0.0,-99.8,-99.8,-99.8,-99.8,-99.8,-99.8,-99.8
2023-08-04 16:00:00,991.9,31.0,70.0,0.5,294.0,2.2,292.0,0.0,-99.8,-99.8,-99.8,-99.8,-99.8,-99.8,-99.8
2023-08-04 17:00:00,992.0,29.6,79.0,0.6,96.0,2.6,221.0,0.0,-99.8,-99.8,-99.8,-99.8,-99.8,-99.8,-99.8
2023-08-04 18:00:00,992.1,28.7,76.0,0.1,0.0,2.0,26.0,0.0,-99.8,-99.8,-99.8,-99.8,-99.8,-99.8,-99.8
2023-08-04 19:00:00,991.6,28.5,70.0,0.9,11.0,1.7,30.0,0.0,-99.8,-99.8,-99.8,-99.8,-99.8,-99.8,-99.8
2023-08-04 20:00:00,992.2,27.9,74.0,0.4,345.0,2.7,220.0,0.0,-99.8,-99.8,-99.8,-99.8,-99.8,-99.8,-99.8
2023-08-04 21:00:00,991.9,27.9,79.0,0.4,1.0,1.5,23.0,0.0,-99.8,-99.8,-99.8,-99.8,-99.8,-99.8,-99.8
2023-08-04 22:00:00,991.3,28.0,76.0,0.7,352.0,3.8,24.0,0.0,-99.8,-99.8,-99.8,-99.8,-99.8,-99.8,-99.8
2023-08-04 23:00:00,990.9,27.8,72.0,0.8,2.0,1.8,301.0,0.0,-99.8,-99.8,-99.8,-99.8,-99.8,-99.8,-99.8
2023-08-05 00:00:00,990.9,27.2,78.0,0.3,290.0,2.0,235.0,0.0,-99.8,-99.8,-99.8,-99.8,-99.8,-99.8,-99.8
2023-08-05 01:00:00,990.6,27.3,81.0,0.8,234.0,3.2,239.0,0.0,-99.8,-99.8,-99.8,-99.8,-99.8,-99.8,-99.8
2023-08-05 02:00:00,990.4,27.2,77.0,0.9,8.0,2.6,28.0,0.0,-99.8,-99.8,-99.8,-99.8,-99.8,-99.8,-99.8
2023-08-05 03:00:00,990.8,27.2,72.0,0.5,346.0,1.7,19.0,0.0,-99.8,-99.8,-99.8,-99.8,-99.8,-99.8,-99.8
2023-08-05 04:00:00,990.9,27.6,72.0,0.3,315.0,1.6,242.0,0.0,-99.8,-99.8,-99.8,-99.8,-99.8,-99.8,-99.8
2023-08-05 05:00:00,991.3,25.4,88.0,1.7,15.0,5.3,21.0,0.5,-99.8,-99.8,-99.8,-99.8,-99.8,-99.8,-99.8
2023-08-05 06:00:00,992.2,26.4,77.0,1.4,350.0,4.3,352.0,0.0,-99.8,-99.8,-99.8,-99.8,-99.8,-99.8,-99.8
2023-08-05 07:00:00,992.5,27.0,69.0,1.3,337.0,4.0,31.0,0.0,-99.8,-99.8,-99.8,-99.8,-99.8,-99.8,-99.8
2023-08-05 08:00:00,993.0,27.4,72.0,2.1,19.0,5.0,19.0,0.0,-99.8,-99.8,-99.8,-99.8,-99.8,-99.8,-99.8
2023-08-05 09:00:00,993.4,26.5,80.0,1.6,16.0,4.4,36.0,0.0,-99.8,-99.8,-99.8,-99.8,-99.8,-99.8,-99.8
2023-08-05 10:00:00,993.2,26.8,79.0,0.9,2.0,3.6,28.0,0.0,-99.8,-99.8,-99.8,-99.8,-99.8,-99.8,-99.8
2023-08-05 11:00:00,993.3,27.9,78.0,0.8,19.0,2.7,250.0,0.0,-99.8,-99.8,-99.8,-99.8,-99.8,-99.8,-99.8
2023-08-05 12:00:00,992.8,28.5,77.0,0.9,348.0,2.6,46.0,0.0,-99.8,-99.8,-99.8,-99.8,-99.8,-99.8,-99.8
2023-08-05 13:00:00,993.0,30.7,72.0,0.2,0.0,1.8,12.0,0.0,-99.8,-99.8,-99.8,-99.8,-99.8,-99.8,-99.8
2023-08-05 14:00:00,992.6,29.9,75.0,0.7,236.0,2.2,228.0,0.0,-99.8,-99.8,-99.8,-99.8,-99.8,-99.8,-99.8
2023-08-05 15:00:00,992.3,28.8,75.0,0.5,344.0,1.9,241.0,0.0,-99.8,-99.8,-99.8,-99.8,-99.8,-99.8,-99.8
2023-08-05 16:00:00,992.2,28.5,76.0,0.5,335.0,1.7,14.0,0.0,-99.8,-99.8,-99.8,-99.8,-99.8,-99.8,-99.8
2023-08-05 17:00:00,992.1,28.0,81.0,0.3,13.0,1.6,37.0,0.0,-99.8,-99.8,-99.8,-99.8,-99.8,-99.8,-99.8
2023-08-05 18:00:00,992.3,27.6,70.0,0.7,359.0,2.6,35.0,0.0,-99.8,-99.8,-99.8,-99.8,-99.8,-99.8,-99.8
2023-08-05 19:00:00,993.0,27.6,66.0,0.5,298.0,1.4,240.0,0.0,-99.8,-99.8,-99.8,-99.8,-99.8,-99.8,-99.8
2023-08-05 20:00:00,993.4,26.7,73.0,0.5,330.0,1.4,225.0,0.0,-99.8,-99.8,-99.8,-99.8,-99.8,-99.8,-99.8
2023-08-05 21:00:00,994.1,27.1,69.0,0.6,329.0,1.4,360.0,0.0,-99.8,-99.8,-99.8,-99.8,-99.8,-99.8,-99.8
2023-08-05 22:00:00,994.2,27.3,68.0,0.4,291.0,1.5,13.0,0.0,-99.8,-99.8,-99.8,-99.8,-99.8,-99.8,-99.8
2023-08-05 23:00:00,993.8,27.7,65.0,0.9,339.0,1.7,310.0,0.0,-99.8,-99.8,-99.8,-99.8,-99.8,-99.8,-99.8
2023-08-06 00:00:00,993.3,27.6,67.0,0.7,323.0,2.1,4.0,0.0,-99.8,-99.8,-99.8,-99.8,-99.8,-99.8,-99.8
2023-08-06 01:00:00,992.9,27.0,71.0,0.7,353.0,1.9,340.0,0.0,-99.8,-99.8,-99.8,-99.8,-99.8,-99.8,-99.8
2023-08-06 02:00:00,992.5,27.4,65.0,0.6,337.0,1.4,273.0,0.0,-99.8,-99.8,-99.8,-99.8,-99.8,-99.8,-99.8
2023-08-06 03:00:00,992.2,27.3,65.0,1.4,14.0,2.8,16.0,0.0,-99.8,-99.8,-99.8,-99.8,-99.8,-99.8,-99.8
2023-08-06 04:00:00,992.3,27.2,65.0,1.1,11.0,2.6,360.0,0.0,-99.8,-99.8,-99.8,-99.8,-99.8,-99.8,-99.8
2023-08-06 05:00:00,992.2,27.0,66.0,0.9,355.0,1.7,49.0,0.0,-99.8,-99.8,-99.8,-99.8,-99.8,-99.8,-99.8
2023-08-06 06:00:00,992.4,26.8,69.0,1.0,7.0,2.3,354.0,0.0,-99.8,-99.8,-99.8,-99.8,-99.8,-99.8,-99.8
2023-08-06 07:00:00,992.9,27.7,68.0,0.8,16.0,2.3,15.0,0.0,-99.8,-99.8,-99.8,-99.8,-99.8,-99.8,-99.8
2023-08-06 08:00:00,992.9,30.8,62.0,0.5,165.0,2.4,51.0,0.0,-99.8,-99.8,-99.8,-99.8,-99.8,-99.8,-99.8
2023-08-06 09:00:00,993.1,31.0,72.0,1.5,193.0,2.7,197.0,0.0,-99.8,-99.8,-99.8,-99.8,-99.8,-99.8,-99.8
2023-08-06 10:00:00,993.2,31.7,68.0,1.2,189.0,2.7,208.0,0.0,-99.8,-99.8,-99.8,-99.8,-99.8,-99.8,-99.8
2023-08-06 11:00:00,993.3,31.5,63.0,0.8,183.0,1.9,205.0,0.0,-99.8,-99.8,-99.8,-99.8,-99.8,-99.8,-99.8
2023-08-06 12:00:00,992.7,32.4,65.0,1.1,163.0,2.1,146.0,0.0,-99.8,-99.8,-99.8,-99.8,-99.8,-99.8,-99.8
2023-08-06 13:00:00,991.8,32.7,67.0,1.0,149.0,3.4,215.0,0.0,-99.8,-99.8,-99.8,-99.8,-99.8,-99.8,-99.8
2023-08-06 14:00:00,991.3,32.8,68.0,1.1,164.0,3.0,210.0,0.0,-99.8,-99.8,-99.8,-99.8,-99.8,-99.8,-99.8
2023-08-06 15:00:00,991.1,32.4,71.0,1.0,170.0,2.1,121.0,0.0,-99.8,-99.8,-99.8,-99.8,-99.8,-99.8,-99.8
2023-08-06 16:00:00,991.1,29.8,79.0,0.3,180.0,2.0,211.0,0.0,-99.8,-99.8,-99.8,-99.8,-99.8,-99.8,-99.8
2023-08-06 17:00:00,991.5,29.3,80.0,0.4,167.0,1.6,161.0,0.0,-99.8,-99.8,-99.8,-99.8,-99.8,-99.8,-99.8
2023-08-06 18:00:00,992.3,28.4,86.0,0.2,0.0,1.3,223.0,0.0,-99.8,-99.8,-99.8,-99.8,-99.8,-99.8,-99.8
2023-08-06 19:00:00,992.9,27.2,81.0,0.3,295.0,1.0,225.0,0.0,-99.8,-99.8,-99.8,-99.8,-99.8,-99.8,-99.8
2023-08-06 20:00:00,993.3,27.2,78.0,0.6,31.0,1.6,22.0,0.0,-99.8,-99.8,-99.8,-99.8,-99.8,-99.8,-99.8
2023-08-06 21:00:00,993.8,27.0,79.0,0.5,353.0,1.4,3.0,0.0,-99.8,-99.8,-99.8,-99.8,-99.8,-99.8,-99.8
2023-08-06 22:00:00,993.7,26.8,80.0,0.2,0.0,1.2,4.0,0.0,-99.8,-99.8,-99.8,-99.8,-99.8,-99.8,-99.8
2023-08-06 23:00:00,993.0,26.7,75.0,0.4,10.0,2.0,37.0,0.0,-99.8,-99.8,-99.8,-99.8,-99.8,-99.8,-99.8
2023-08-07 00:00:00,992.7,26.8,73.0,0.8,349.0,1.3,28.0,0.0,-99.8,-99.8,-99.8,-99.8,-99.8,-99.8,-99.8
2023-08-07 01:00:00,992.6,26.9,76.0,0.3,335.0,2.2,20.0,0.0,-99.8,-99.8,-99.8,-99.8,-99.8,-99.8,-99.8
2023-08-07 02:00:00,992.2,26.8,70.0,0.8,313.0,1.5,342.0,0.0,-99.8,-99.8,-99.8,-99.8,-99.8,-99.8,-99.8
2023-08-07 03:00:00,992.2,26.3,71.0,0.5,328.0,1.5,14.0,0.0,-99.8,-99.8,-99.8,-99.8,-99.8,-99.8,-99.8
2023-08-07 04:00:00,992.2,26.7,70.0,0.3,303.0,1.7,228.0,0.0,-99.8,-99.8,-99.8,-99.8,-99.8,-99.8,-99.8
2023-08-07 05:00:00,992.8,26.3,73.0,0.2,0.0,1.5,247.0,0.0,-99.8,-99.8,-99.8,-99.8,-99.8,-99.8,-99.8
2023-08-07 06:00:00,993.4,26.4,74.0,0.6,323.0,1.6,209.0,0.0,-99.8,-99.8,-99.8,-99.8,-99.8,-99.8,-99.8
2023-08-07 07:00:00,994.1,26.8,80.0,0.5,15.0,1.3,28.0,0.0,-99.8,-99.8,-99.8,-99.8,-99.8,-99.8,-99.8
2023-08-07 08:00:00,994.1,30.5,67.0,0.4,73.0,1.7,22.0,0.0,-99.8,-99.8,-99.8,-99.8,-99.8,-99.8,-99.8
2023-08-07 09:00:00,994.0,31.8,70.0,0.8,128.0,1.9,69.0,0.0,-99.8,-99.8,-99.8,-99.8,-99.8,-99.8,-99.8
2023-08-07 10:00:00,994.2,32.0,62.0,1.2,145.0,2.5,165.0,0.0,-99.8,-99.8,-99.8,-99.8,-99.8,-99.8,-99.8
2023-08-07 11:00:00,993.9,32.4,69.0,1.3,150.0,2.9,170.0,0.0,-99.8,-99.8,-99.8,-99.8,-99.8,-99.8,-99.8
2023-08-07 12:00:00,993.4,31.8,72.0,1.2,165.0,2.8,158.0,0.0,-99.8,-99.8,-99.8,-99.8,-99.8,-99.8,-99.8
2023-08-07 13:00:00,992.5,32.5,65.0,1.0,152.0,2.5,157.0,0.0,-99.8,-99.8,-99.8,-99.8,-99.8,-99.8,-99.8
2023-08-07 14:00:00,991.8,32.4,69.0,1.2,174.0,2.9,164.0,0.0,-99.8,-99.8,-99.8,-99.8,-99.8,-99.8,-99.8
2023-08-07 15:00:00,991.5,32.0,71.0,1.1,152.0,3.1,168.0,0.0,-99.8,-99.8,-99.8,-99.8,-99.8,-99.8,-99.8
2023-08-07 16:00:00,991.9,29.8,82.0,0.8,154.0,2.6,129.0,0.0,-99.8,-99.8,-99.8,-99.8,-99.8,-99.8,-99.8
2023-08-07 17:00:00,992.3,28.9,85.0,1.5,211.0,2.8,213.0,0.0,-99.8,-99.8,-99.8,-99.8,-99.8,-99.8,-99.8
2023-08-07 18:00:00,992.8,28.5,86.0,0.4,193.0,2.2,207.0,0.0,-99.8,-99.8,-99.8,-99.8,-99.8,-99.8,-99.8
2023-08-07 19:00:00,993.7,28.0,88.0,0.5,280.0,1.6,212.0,0.0,-99.8,-99.8,-99.8,-99.8,-99.8,-99.8,-99.8
2023-08-07 20:00:00,993.6,25.6,92.0,1.0,331.0,2.0,29.0,0.5,-99.8,-99.8,-99.8,-99.8,-99.8,-99.8,-99.8
2023-08-07 21:00:00,994.3,26.1,87.0,0.7,334.0,1.6,20.0,0.0,-99.8,-99.8,-99.8,-99.8,-99.8,-99.8,-99.8
2023-08-07 22:00:00,993.9,26.3,84.0,0.9,341.0,1.4,354.0,0.0,-99.8,-99.8,-99.8,-99.8,-99.8,-99.8,-99.8
2023-08-07 23:00:00,993.8,26.8,79.0,0.9,349.0,1.7,340.0,0.0,-99.8,-99.8,-99.8,-99.8,-99.8,-99.8,-99.8
2023-08-08 00:00:00,994.1,26.6,82.0,0.7,349.0,2.1,326.0,0.0,-99.8,-99.8,-99.8,-99.8,-99.8,-99.8,-99.8
2023-08-08 01:00:00,993.9,26.7,84.0,0.8,360.0,1.7,338.0,0.0,-99.8,-99.8,-99.8,-99.8,-99.8,-99.8,-99.8
2023-08-08 02:00:00,993.4,26.9,85.0,0.7,360.0,1.4,357.0,0.0,-99.8,-99.8,-99.8,-99.8,-99.8,-99.8,-99.8
2023-08-08 03:00:00,993.5,26.8,89.0,0.6,348.0,1.4,24.0,0.0,-99.8,-99.8,-99.8,-99.8,-99.8,-99.8,-99.8
2023-08-08 04:00:00,993.9,26.7,90.0,0.6,340.0,1.2,354.0,0.0,-99.8,-99.8,-99.8,-99.8,-99.8,-99.8,-99.8
2023-08-08 05:00:00,994.3,26.4,86.0,0.7,14.0,1.3,341.0,0.0,-99.8,-99.8,-99.8,-99.8,-99.8,-99.8,-99.8
2023-08-08 06:00:00,995.0,26.6,87.0,0.7,351.0,1.4,1.0,0.0,-99.8,-99.8,-99.8,-99.8,-99.8,-99.8,-99.8
2023-08-08 07:00:00,996.0,27.5,85.0,0.6,18.0,1.5,18.0,0.0,-99.8,-99.8,-99.8,-99.8,-99.8,-99.8,-99.8
2023-08-08 08:00:00,996.1,30.3,81.0,1.0,206.0,1.6,231.0,0.0,-99.8,-99.8,-99.8,-99.8,-99.8,-99.8,-99.8
2023-08-08 09:00:00,996.6,30.9,78.0,0.6,163.0,1.8,151.0,0.0,-99.8,-99.8,-99.8,-99.8,-99.8,-99.8,-99.8
2023-08-08 10:00:00,996.8,30.3,81.0,0.4,178.0,1.7,166.0,0.0,-99.8,-99.8,-99.8,-99.8,-99.8,-99.8,-99.8
2023-08-08 11:00:00,996.3,31.7,75.0,0.7,165.0,1.9,150.0,0.0,-99.8,-99.8,-99.8,-99.8,-99.8,-99.8,-99.8
2023-08-08 12:00:00,996.1,30.6,79.0,0.8,155.0,2.2,147.0,0.0,-99.8,-99.8,-99.8,-99.8,-99.8,-99.8,-99.8
2023-08-08 13:00:00,995.9,30.0,82.0,0.7,151.0,1.8,159.0,0.0,-99.8,-99.8,-99.8,-99.8,-99.8,-99.8,-99.8
2023-08-08 14:00:00,995.3,29.3,88.0,0.0,0.0,2.0,165.0,0.0,-99.8,-99.8,-99.8,-99.8,-99.8,-99.8,-99.8
2023-08-08 15:00:00,995.0,28.9,87.0,0.7,292.0,1.9,237.0,0.0,-99.8,-99.8,-99.8,-99.8,-99.8,-99.8,-99.8
2023-08-08 16:00:00,994.8,29.2,85.0,0.6,192.0,3.1,231.0,0.0,-99.8,-99.8,-99.8,-99.8,-99.8,-99.8,-99.8
2023-08-08 17:00:00,995.1,28.6,88.0,0.3,90.0,1.1,221.0,0.0,-99.8,-99.8,-99.8,-99.8,-99.8,-99.8,-99.8
2023-08-08 18:00:00,995.9,28.2,90.0,0.3,22.0,1.3,11.0,0.0,-99.8,-99.8,-99.8,-99.8,-99.8,-99.8,-99.8
2023-08-08 19:00:00,996.3,27.7,89.0,0.3,360.0,1.4,28.0,0.0,-99.8,-99.8,-99.8,-99.8,-99.8,-99.8,-99.8
2023-08-08 20:00:00,996.6,27.8,89.0,0.6,20.0,1.6,23.0,0.0,-99.8,-99.8,-99.8,-99.8,-99.8,-99.8,-99.8
2023-08-08 21:00:00,997.2,27.5,91.0,0.5,1.0,1.5,32.0,0.0,-99.8,-99.8,-99.8,-99.8,-99.8,-99.8,-99.8
2023-08-08 22:00:00,997.3,26.6,97.0,0.7,359.0,2.0,24.0,1.0,-99.8,-99.8,-99.8,-99.8,-99.8,-99.8,-99.8
2023-08-08 23:00:00,997.2,27.0,96.0,0.7,354.0,2.9,32.0,0.0,-99.8,-99.8,-99.8,-99.8,-99.8,-99.8,-99.8
2023-08-09 00:00:00,996.8,27.0,95.0,0.5,345.0,2.0,17.0,0.0,-99.8,-99.8,-99.8,-99.8,-99.8,-99.8,-99.8
2023-08-09 01:00:00,996.4,26.9,95.0,0.4,350.0,1.7,23.0,0.0,-99.8,-99.8,-99.8,-99.8,-99.8,-99.8,-99.8
2023-08-09 02:00:00,996.1,27.3,91.0,0.9,351.0,1.8,318.0,0.0,-99.8,-99.8,-99.8,-99.8,-99.8,-99.8,-99.8
2023-08-09 03:00:00,996.0,26.8,93.0,0.5,3.0,1.6,5.0,0.0,-99.8,-99.8,-99.8,-99.8,-99.8,-99.8,-99.8
2023-08-09 04:00:00,996.5,27.4,87.0,0.7,350.0,3.0,17.0,0.0,-99.8,-99.8,-99.8,-99.8,-99.8,-99.8,-99.8
2023-08-09 05:00:00,996.5,26.5,92.0,0.8,10.0,2.6,340.0,0.0,-99.8,-99.8,-99.8,-99.8,-99.8,-99.8,-99.8
2023-08-09 06:00:00,997.0,26.4,91.0,1.1,13.0,2.1,2.0,0.0,-99.8,-99.8,-99.8,-99.8,-99.8,-99.8,-99.8
2023-08-09 07:00:00,997.3,27.3,89.0,0.7,2.0,2.1,3.0,0.0,-99.8,-99.8,-99.8,-99.8,-99.8,-99.8,-99.8
2023-08-09 08:00:00,997.6,31.0,76.0,0.4,110.0,1.6,340.0,0.0,-99.8,-99.8,-99.8,-99.8,-99.8,-99.8,-99.8
2023-08-09 09:00:00,998.1,31.4,73.0,1.8,195.0,3.2,212.0,0.0,-99.8,-99.8,-99.8,-99.8,-99.8,-99.8,-99.8
2023-08-09 10:00:00,998.4,32.3,68.0,1.8,198.0,3.2,199.0,0.0,-99.8,-99.8,-99.8,-99.8,-99.8,-99.8,-99.8
2023-08-09 11:00:00,998.2,32.6,68.0,2.1,196.0,3.6,211.0,0.0,-99.8,-99.8,-99.8,-99.8,-99.8,-99.8,-99.8
2023-08-09 12:00:00,997.7,30.1,78.0,0.8,186.0,3.6,215.0,0.0,-99.8,-99.8,-99.8,-99.8,-99.8,-99.8,-99.8
2023-08-09 13:00:00,997.0,29.7,78.0,0.8,185.0,3.1,208.0,0.0,-99.8,-99.8,-99.8,-99.8,-99.8,-99.8,-99.8
2023-08-09 14:00:00,996.7,30.5,76.0,1.3,194.0,2.3,204.0,0.0,-99.8,-99.8,-99.8,-99.8,-99.8,-99.8,-99.8
2023-08-09 15:00:00,996.5,32.2,70.0,0.8,133.0,2.3,204.0,0.0,-99.8,-99.8,-99.8,-99.8,-99.8,-99.8,-99.8
2023-08-09 16:00:00,996.6,30.0,79.0,0.4,126.0,1.9,151.0,0.0,-99.8,-99.8,-99.8,-99.8,-99.8,-99.8,-99.8
2023-08-09 17:00:00,996.8,29.2,84.0,0.3,169.0,1.7,153.0,0.0,-99.8,-99.8,-99.8,-99.8,-99.8,-99.8,-99.8
2023-08-09 18:00:00,997.0,28.2,87.0,0.0,0.0,1.5,210.0,0.0,-99.8,-99.8,-99.8,-99.8,-99.8,-99.8,-99.8
2023-08-09 19:00:00,997.3,27.1,88.0,0.4,342.0,0.9,360.0,0.0,-99.8,-99.8,-99.8,-99.8,-99.8,-99.8,-99.8
2023-08-09 20:00:00,997.5,27.0,88.0,0.5,6.0,1.2,30.0,0.0,-99.8,-99.8,-99.8,-99.8,-99.8,-99.8,-99.8
2023-08-09 21:00:00,997.8,26.7,89.0,0.3,350.0,1.4,23.0,0.0,-99.8,-99.8,-99.8,-99.8,-99.8,-99.8,-99.8
2023-08-09 22:00:00,998.3,26.8,90.0,0.5,348.0,1.1,23.0,0.0,-99.8,-99.8,-99.8,-99.8,-99.8,-99.8,-99.8
2023-08-09 23:00:00,998.2,26.7,90.0,0.4,350.0,1.2,24.0,0.0,-99.8,-99.8,-99.8,-99.8,-99.8,-99.8,-99.8
2023-08-10 00:00:00,997.7,26.6,87.0,0.7,360.0,1.5,360.0,0.0,-99.8,-99.8,-99.8,-99.8,-99.8,-99.8,-99.8
2023-08-10 01:00:00,997.4,26.5,87.0,0.5,9.0,1.3,330.0,0.0,-99.8,-99.8,-99.8,-99.8,-99.8,-99.8,-99.8
2023-08-10 02:00:00,997.5,26.4,86.0,0.6,3.0,1.4,357.0,0.0,-99.8,-99.8,-99.8,-99.8,-99.8,-99.8,-99.8
2023-08-10 03:00:00,997.4,26.4,87.0,0.6,348.0,1.5,22.0,0.0,-99.8,-99.8,-99.8,-99.8,-99.8,-99.8,-99.8
2023-08-10 04:00:00,997.5,26.5,85.0,0.7,350.0,1.4,345.0,0.0,-99.8,-99.8,-99.8,-99.8,-99.8,-99.8,-99.8
2023-08-10 05:00:00,997.2,26.7,84.0,0.8,359.0,1.3,340.0,0.0,-99.8,-99.8,-99.8,-99.8,-99.8,-99.8,-99.8
2023-08-10 06:00:00,997.3,26.6,84.0,0.6,359.0,1.8,6.0,0.0,-99.8,-99.8,-99.8,-99.8,-99.8,-99.8,-99.8
2023-08-10 07:00:00,997.9,27.0,82.0,0.4,9.0,2.5,4.0,0.0,-99.8,-99.8,-99.8,-99.8,-99.8,-99.8,-99.8
2023-08-10 08:00:00,998.3,29.6,73.0,0.9,34.0,1.7,26.0,0.0,-99.8,-99.8,-99.8,-99.8,-99.8,-99.8,-99.8
2023-08-10 09:00:00,999.1,31.5,71.0,1.2,152.0,2.1,158.0,0.0,-99.8,-99.8,-99.8,-99.8,-99.8,-99.8,-99.8
2023-08-10 10:00:00,999.1,30.4,80.0,2.6,200.0,4.0,218.0,0.0,-99.8,-99.8,-99.8,-99.8,-99.8,-99.8,-99.8
2023-08-10 11:00:00,999.0,31.7,68.0,1.8,189.0,5.9,215.0,0.0,-99.8,-99.8,-99.8,-99.8,-99.8,-99.8,-99.8
2023-08-10 12:00:00,998.6,31.8,67.0,0.8,202.0,3.3,166.0,0.0,-99.8,-99.8,-99.8,-99.8,-99.8,-99.8,-99.8
2023-08-10 13:00:00,998.1,31.7,65.0,0.9,174.0,3.0,165.0,0.0,-99.8,-99.8,-99.8,-99.8,-99.8,-99.8,-99.8
2023-08-10 14:00:00,997.7,32.1,71.0,1.1,171.0,2.4,134.0,0.0,-99.8,-99.8,-99.8,-99.8,-99.8,-99.8,-99.8
2023-08-10 15:00:00,997.6,29.3,79.0,2.1,200.0,5.0,207.0,0.0,-99.8,-99.8,-99.8,-99.8,-99.8,-99.8,-99.8
2023-08-10 16:00:00,997.6,28.6,87.0,1.7,197.0,5.7,201.0,0.0,-99.8,-99.8,-99.8,-99.8,-99.8,-99.8,-99.8
2023-08-10 17:00:00,998.2,28.3,87.0,1.4,230.0,5.0,218.0,0.0,-99.8,-99.8,-99.8,-99.8,-99.8,-99.8,-99.8
2023-08-10 18:00:00,998.4,28.3,84.0,0.8,286.0,2.4,290.0,0.0,-99.8,-99.8,-99.8,-99.8,-99.8,-99.8,-99.8
2023-08-10 19:00:00,999.2,27.9,88.0,0.1,0.0,2.4,295.0,0.0,-99.8,-99.8,-99.8,-99.8,-99.8,-99.8,-99.8
2023-08-10 20:00:00,999.2,27.5,88.0,0.6,352.0,1.5,294.0,0.0,-99.8,-99.8,-99.8,-99.8,-99.8,-99.8,-99.8
2023-08-10 21:00:00,999.5,27.5,88.0,0.3,329.0,1.2,15.0,0.0,-99.8,-99.8,-99.8,-99.8,-99.8,-99.8,-99.8
2023-08-10 22:00:00,999.5,27.3,87.0,0.4,359.0,1.2,22.0,0.0,-99.8,-99.8,-99.8,-99.8,-99.8,-99.8,-99.8
2023-08-10 23:00:00,999.4,27.3,86.0,0.4,342.0,0.9,360.0,0.0,-99.8,-99.8,-99.8,-99.8,-99.8,-99.8,-99.8
2023-08-11 00:00:00,999.2,27.2,88.0,0.5,328.0,0.8,319.0,0.0,-99.8,-99.8,-99.8,-99.8,-99.8,-99.8,-99.8
2023-08-11 01:00:00,998.7,27.3,89.0,0.4,18.0,0.8,28.0,0.0,-99.8,-99.8,-99.8,-99.8,-99.8,-99.8,-99.8
2023-08-11 02:00:00,998.2,27.0,87.0,0.4,329.0,1.1,32.0,0.0,-99.8,-99.8,-99.8,-99.8,-99.8,-99.8,-99.8
2023-08-11 03:00:00,998.2,27.2,87.0,0.3,320.0,1.0,22.0,0.0,-99.8,-99.8,-99.8,-99.8,-99.8,-99.8,-99.8
2023-08-11 04:00:00,997.9,26.9,88.0,0.4,8.0,1.0,16.0,0.0,-99.8,-99.8,-99.8,-99.8,-99.8,-99.8,-99.8
2023-08-11 05:00:00,997.8,26.6,89.0,0.5,348.0,1.0,360.0,0.0,-99.8,-99.8,-99.8,-99.8,-99.8,-99.8,-99.8
2023-08-11 06:00:00,998.4,26.8,87.0,0.5,19.0,1.0,14.0,0.0,-99.8,-99.8,-99.8,-99.8,-99.8,-99.8,-99.8
2023-08-11 07:00:00,999.3,27.2,88.0,0.3,15.0,1.0,28.0,0.0,-99.8,-99.8,-99.8,-99.8,-99.8,-99.8,-99.8
2023-08-11 08:00:00,999.6,30.4,78.0,0.4,98.0,1.2,224.0,0.0,-99.8,-99.8,-99.8,-99.8,-99.8,-99.8,-99.8
2023-08-11 09:00:00,999.7,31.5,74.0,0.6,149.0,1.4,128.0,0.0,-99.8,-99.8,-99.8,-99.8,-99.8,-99.8,-99.8
2023-08-11 10:00:00,999.5,32.0,70.0,1.1,154.0,2.2,125.0,0.0,-99.8,-99.8,-99.8,-99.8,-99.8,-99.8,-99.8
2023-08-11 11:00:00,999.5,32.9,70.0,0.8,152.0,1.9,156.0,0.0,-99.8,-99.8,-99.8,-99.8,-99.8,-99.8,-99.8
2023-08-11 12:00:00,998.8,29.8,80.0,0.9,164.0,1.7,129.0,0.0,-99.8,-99.8,-99.8,-99.8,-99.8,-99.8,-99.8
2023-08-11 13:00:00,998.4,30.0,78.0,1.1,187.0,2.2,140.0,0.0,-99.8,-99.8,-99.8,-99.8,-99.8,-99.8,-99.8
2023-08-11 14:00:00,997.6,29.1,80.0,1.0,194.0,2.2,240.0,0.0,-99.8,-99.8,-99.8,-99.8,-99.8,-99.8,-99.8
2023-08-11 15:00:00,997.6,29.0,84.0,1.6,201.0,2.6,205.0,0.0,-99.8,-99.8,-99.8,-99.8,-99.8,-99.8,-99.8
2023-08-11 16:00:00,997.6,29.1,84.0,0.6,154.0,1.9,201.0,0.0,-99.8,-99.8,-99.8,-99.8,-99.8,-99.8,-99.8
2023-08-11 17:00:00,997.9,28.2,88.0,0.7,202.0,1.7,213.0,0.0,-99.8,-99.8,-99.8,-99.8,-99.8,-99.8,-99.8
2023-08-11 18:00:00,998.2,27.2,89.0,0.3,211.0,2.0,229.0,0.0,-99.8,-99.8,-99.8,-99.8,-99.8,-99.8,-99.8
2023-08-11 19:00:00,998.7,26.6,91.0,0.5,243.0,1.7,218.0,0.0,-99.8,-99.8,-99.8,-99.8,-99.8,-99.8,-99.8
2023-08-11 20:00:00,999.4,26.3,91.0,0.1,0.0,1.9,212.0,0.0,-99.8,-99.8,-99.8,-99.8,-99.8,-99.8,-99.8
2023-08-11 21:00:00,1000.0,25.8,96.0,0.2,0.0,1.0,20.0,0.0,-99.8,-99.8,-99.8,-99.8,-99.8,-99.8,-99.8
2023-08-11 22:00:00,1000.2,25.5,95.0,0.5,350.0,1.4,246.0,0.0,-99.8,-99.8,-99.8,-99.8,-99.8,-99.8,-99.8
2023-08-11 23:00:00,1000.1,25.4,94.0,0.6,341.0,1.1,17.0,0.0,-99.8,-99.8,-99.8,-99.8,-99.8,-99.8,-99.8
2023-08-12 00:00:00,998.9,25.4,92.0,0.6,7.0,1.4,28.0,0.0,-99.8,-99.8,-99.8,-99.8,-99.8,-99.8,-99.8
2023-08-12 01:00:00,998.4,25.3,92.0,0.4,349.0,1.2,20.0,0.0,-99.8,-99.8,-99.8,-99.8,-99.8,-99.8,-99.8
2023-08-12 02:00:00,998.7,25.2,91.0,0.3,350.0,1.3,22.0,0.0,-99.8,-99.8,-99.8,-99.8,-99.8,-99.8,-99.8
2023-08-12 03:00:00,998.4,25.2,90.0,0.6,356.0,1.2,32.0,0.0,-99.8,-99.8,-99.8,-99.8,-99.8,-99.8,-99.8
2023-08-12 04:00:00,998.3,25.2,91.0,0.3,357.0,1.1,32.0,0.0,-99.8,-99.8,-99.8,-99.8,-99.8,-99.8,-99.8
2023-08-12 05:00:00,998.5,25.5,88.0,0.5,16.0,1.4,29.0,0.0,-99.8,-99.8,-99.8,-99.8,-99.8,-99.8,-99.8
2023-08-12 06:00:00,998.7,25.4,89.0,0.6,359.0,1.2,299.0,0.0,-99.8,-99.8,-99.8,-99.8,-99.8,-99.8,-99.8
2023-08-12 07:00:00,998.8,26.7,84.0,0.7,27.0,1.5,5.0,0.0,-99.8,-99.8,-99.8,-99.8,-99.8,-99.8,-99.8
2023-08-12 08:00:00,999.0,30.1,73.0,0.4,66.0,1.6,42.0,0.0,-99.8,-99.8,-99.8,-99.8,-99.8,-99.8,-99.8
2023-08-12 09:00:00,999.3,30.5,76.0,0.9,98.0,1.9,141.0,0.0,-99.8,-99.8,-99.8,-99.8,-99.8,-99.8,-99.8
2023-08-12 10:00:00,999.4,32.1,66.0,1.6,195.0,3.5,214.0,0.0,-99.8,-99.8,-99.8,-99.8,-99.8,-99.8,-99.8
2023-08-12 11:00:00,999.6,29.7,74.0,0.8,179.0,3.1,216.0,0.0,-99.8,-99.8,-99.8,-99.8,-99.8,-99.8,-99.8
2023-08-12 12:00:00,999.5,29.1,79.0,0.4,192.0,1.9,157.0,0.0,-99.8,-99.8,-99.8,-99.8,-99.8,-99.8,-99.8
2023-08-12 13:00:00,999.2,29.0,79.0,1.1,148.0,2.3,170.0,0.0,-99.8,-99.8,-99.8,-99.8,-99.8,-99.8,-99.8
2023-08-12 14:00:00,998.6,28.8,81.0,0.4,175.0,1.4,166.0,0.0,-99.8,-99.8,-99.8,-99.8,-99.8,-99.8,-99.8
2023-08-12 15:00:00,998.5,28.2,83.0,1.0,187.0,3.0,200.0,0.0,-99.8,-99.8,-99.8,-99.8,-99.8,-99.8,-99.8
2023-08-12 16:00:00,998.2,28.1,82.0,2.0,224.0,3.8,231.0,0.0,-99.8,-99.8,-99.8,-99.8,-99.8,-99.8,-99.8
2023-08-12 17:00:00,998.1,27.7,85.0,0.6,32.0,3.5,229.0,0.0,-99.8,-99.8,-99.8,-99.8,-99.8,-99.8,-99.8
2023-08-12 18:00:00,998.6,27.4,84.0,0.5,359.0,1.8,29.0,0.0,-99.8,-99.8,-99.8,-99.8,-99.8,-99.8,-99.8
2023-08-12 19:00:00,998.7,27.2,82.0,0.8,17.0,1.6,20.0,0.0,-99.8,-99.8,-99.8,-99.8,-99.8,-99.8,-99.8
2023-08-12 20:00:00,999.4,27.0,82.0,0.6,354.0,2.1,9.0,0.0,-99.8,-99.8,-99.8,-99.8,-99.8,-99.8,-99.8
2023-08-12 21:00:00,1000.0,27.2,80.0,1.0,19.0,1.7,23.0,0.0,-99.8,-99.8,-99.8,-99.8,-99.8,-99.8,-99.8
2023-08-12 22:00:00,999.7,26.6,83.0,0.7,10.0,1.8,26.0,0.0,-99.8,-99.8,-99.8,-99.8,-99.8,-99.8,-99.8
2023-08-12 23:00:00,999.8,26.4,81.0,0.8,3.0,1.8,332.0,0.0,-99.8,-99.8,-99.8,-99.8,-99.8,-99.8,-99.8
2023-08-13 00:00:00,999.5,26.5,82.0,0.7,348.0,2.3,36.0,0.0,-99.8,-99.8,-99.8,-99.8,-99.8,-99.8,-99.8
2023-08-13 01:00:00,998.7,26.4,81.0,1.0,16.0,2.3,14.0,0.0,-99.8,-99.8,-99.8,-99.8,-99.8,-99.8,-99.8
2023-08-13 02:00:00,998.2,26.8,82.0,0.4,319.0,1.9,29.0,0.0,-99.8,-99.8,-99.8,-99.8,-99.8,-99.8,-99.8
2023-08-13 03:00:00,997.9,26.2,83.0,0.8,16.0,1.9,360.0,0.0,-99.8,-99.8,-99.8,-99.8,-99.8,-99.8,-99.8
2023-08-13 04:00:00,997.5,26.1,83.0,0.8,16.0,1.7,18.0,0.0,-99.8,-99.8,-99.8,-99.8,-99.8,-99.8,-99.8
2023-08-13 05:00:00,997.6,25.8,84.0,0.6,350.0,1.6,25.0,0.0,-99.8,-99.8,-99.8,-99.8,-99.8,-99.8,-99.8
2023-08-13 06:00:00,997.9,26.0,82.0,1.2,21.0,2.0,29.0,0.0,-99.8,-99.8,-99.8,-99.8,-99.8,-99.8,-99.8
2023-08-13 07:00:00,998.0,26.1,84.0,0.6,19.0,2.6,8.0,0.0,-99.8,-99.8,-99.8,-99.8,-99.8,-99.8,-99.8
2023-08-13 08:00:00,998.9,30.4,69.0,0.2,0.0,1.6,46.0,0.0,-99.8,-99.8,-99.8,-99.8,-99.8,-99.8,-99.8
2023-08-13 09:00:00,999.3,31.3,69.0,1.1,161.0,2.0,157.0,0.0,-99.8,-99.8,-99.8,-99.8,-99.8,-99.8,-99.8
2023-08-13 10:00:00,999.2,32.2,64.0,0.8,131.0,2.0,146.0,0.0,-99.8,-99.8,-99.8,-99.8,-99.8,-99.8,-99.8
2023-08-13 11:00:00,999.1,31.8,66.0,1.1,184.0,2.7,165.0,0.0,-99.8,-99.8,-99.8,-99.8,-99.8,-99.8,-99.8
2023-08-13 12:00:00,999.0,32.0,70.0,1.3,179.0,2.6,209.0,0.0,-99.8,-99.8,-99.8,-99.8,-99.8,-99.8,-99.8
2023-08-13 13:00:00,998.4,29.7,77.0,0.9,187.0,2.6,152.0,0.0,-99.8,-99.8,-99.8,-99.8,-99.8,-99.8,-99.8
2023-08-13 14:00:00,998.0,29.4,77.0,0.6,156.0,1.7,171.0,0.0,-99.8,-99.8,-99.8,-99.8,-99.8,-99.8,-99.8
2023-08-13 15:00:00,997.7,28.9,78.0,0.5,182.0,1.4,175.0,0.0,-99.8,-99.8,-99.8,-99.8,-99.8,-99.8,-99.8
2023-08-13 16:00:00,997.7,28.8,80.0,0.4,200.0,1.3,241.0,0.0,-99.8,-99.8,-99.8,-99.8,-99.8,-99.8,-99.8
2023-08-13 17:00:00,997.5,28.5,82.0,0.1,0.0,1.6,222.0,0.0,-99.8,-99.8,-99.8,-99.8,-99.8,-99.8,-99.8
2023-08-13 18:00:00,997.6,27.8,84.0,0.4,6.0,1.4,232.0,0.0,-99.8,-99.8,-99.8,-99.8,-99.8,-99.8,-99.8
2023-08-13 19:00:00,998.2,27.5,85.0,0.8,17.0,1.5,17.0,0.0,-99.8,-99.8,-99.8,-99.8,-99.8,-99.8,-99.8
2023-08-13 20:00:00,998.8,27.3,84.0,0.5,355.0,1.5,359.0,0.0,-99.8,-99.8,-99.8,-99.8,-99.8,-99.8,-99.8
2023-08-13 21:00:00,999.2,26.9,82.0,0.6,15.0,1.6,21.0,0.0,-99.8,-99.8,-99.8,-99.8,-99.8,-99.8,-99.8
2023-08-13 22:00:00,999.0,26.7,81.0,0.6,10.0,1.5,10.0,0.0,-99.8,-99.8,-99.8,-99.8,-99.8,-99.8,-99.8
2023-08-13 23:00:00,999.1,26.7,82.0,0.6,359.0,1.4,346.0,0.0,-99.8,-99.8,-99.8,-99.8,-99.8,-99.8,-99.8
2023-08-14 00:00:00,998.8,26.6,82.0,0.5,354.0,1.4,6.0,0.0,-99.8,-99.8,-99.8,-99.8,-99.8,-99.8,-99.8
2023-08-14 01:00:00,998.3,26.3,82.0,0.5,1.0,1.8,20.0,0.0,-99.8,-99.8,-99.8,-99.8,-99.8,-99.8,-99.8
2023-08-14 02:00:00,998.1,26.3,82.0,0.8,355.0,1.4,2.0,0.0,-99.8,-99.8,-99.8,-99.8,-99.8,-99.8,-99.8
2023-08-14 03:00:00,997.9,25.9,84.0,0.5,346.0,1.3,349.0,0.0,-99.8,-99.8,-99.8,-99.8,-99.8,-99.8,-99.8
2023-08-14 04:00:00,997.8,26.0,83.0,0.6,9.0,1.5,1.0,0.0,-99.8,-99.8,-99.8,-99.8,-99.8,-99.8,-99.8
2023-08-14 05:00:00,998.1,25.9,83.0,0.8,360.0,1.4,337.0,0.0,-99.8,-99.8,-99.8,-99.8,-99.8,-99.8,-99.8
2023-08-14 06:00:00,998.1,26.0,84.0,0.5,331.0,1.5,354.0,0.0,-99.8,-99.8,-99.8,-99.8,-99.8,-99.8,-99.8
2023-08-14 07:00:00,998.4,26.3,83.0,0.4,7.0,1.5,340.0,0.0,-99.8,-99.8,-99.8,-99.8,-99.8,-99.8,-99.8
2023-08-14 08:00:00,998.7,30.0,72.0,1.2,209.0,3.2,221.0,0.0,-99.8,-99.8,-99.8,-99.8,-99.8,-99.8,-99.8
2023-08-14 09:00:00,998.9,31.7,68.0,1.2,143.0,2.1,183.0,0.0,-99.8,-99.8,-99.8,-99.8,-99.8,-99.8,-99.8
2023-08-14 10:00:00,999.4,32.2,67.0,1.0,144.0,2.1,146.0,0.0,-99.8,-99.8,-99.8,-99.8,-99.8,-99.8,-99.8
2023-08-14 11:00:00,999.3,32.2,68.0,0.8,158.0,2.2,161.0,0.0,-99.8,-99.8,-99.8,-99.8,-99.8,-99.8,-99.8
2023-08-14 12:00:00,999.4,30.6,70.0,0.8,153.0,2.6,136.0,0.0,-99.8,-99.8,-99.8,-99.8,-99.8,-99.8,-99.8
2023-08-14 13:00:00,998.9,31.1,73.0,0.9,153.0,2.3,135.0,0.0,-99.8,-99.8,-99.8,-99.8,-99.8,-99.8,-99.8
2023-08-14 14:00:00,998.4,29.8,75.0,0.6,181.0,1.7,150.0,0.0,-99.8,-99.8,-99.8,-99.8,-99.8,-99.8,-99.8
2023-08-14 15:00:00,998.1,30.1,74.0,0.5,190.0,1.4,174.0,0.0,-99.8,-99.8,-99.8,-99.8,-99.8,-99.8,-99.8
2023-08-14 16:00:00,998.1,29.2,77.0,0.5,104.0,1.2,152.0,0.0,-99.8,-99.8,-99.8,-99.8,-99.8,-99.8,-99.8
2023-08-14 17:00:00,998.2,28.6,78.0,0.1,0.0,1.5,35.0,0.0,-99.8,-99.8,-99.8,-99.8,-99.8,-99.8,-99.8
2023-08-14 18:00:00,998.0,27.9,78.0,0.5,1.0,1.3,28.0,0.0,-99.8,-99.8,-99.8,-99.8,-99.8,-99.8,-99.8
2023-08-14 19:00:00,998.4,27.8,78.0,0.7,354.0,1.4,30.0,0.0,-99.8,-99.8,-99.8,-99.8,-99.8,-99.8,-99.8
2023-08-14 20:00:00,998.5,27.3,79.0,0.8,3.0,1.5,11.0,0.0,-99.8,-99.8,-99.8,-99.8,-99.8,-99.8,-99.8
2023-08-14 21:00:00,999.2,27.2,77.0,0.7,2.0,1.7,341.0,0.0,-99.8,-99.8,-99.8,-99.8,-99.8,-99.8,-99.8
2023-08-14 22:00:00,999.2,27.1,77.0,0.7,2.0,1.8,14.0,0.0,-99.8,-99.8,-99.8,-99.8,-99.8,-99.8,-99.8
2023-08-14 23:00:00,999.1,26.9,78.0,0.8,8.0,2.0,23.0,0.0,-99.8,-99.8,-99.8,-99.8,-99.8,-99.8,-99.8
2023-08-15 00:00:00,999.0,27.2,75.0,1.0,13.0,2.0,23.0,0.0,-99.8,-99.8,-99.8,-99.8,-99.8,-99.8,-99.8
2023-08-15 01:00:00,999.0,26.7,78.0,0.9,11.0,2.0,18.0,0.0,-99.8,-99.8,-99.8,-99.8,-99.8,-99.8,-99.8
2023-08-15 02:00:00,998.6,26.6,79.0,0.8,350.0,2.7,17.0,0.0,-99.8,-99.8,-99.8,-99.8,-99.8,-99.8,-99.8
2023-08-15 03:00:00,998.3,26.7,77.0,1.1,12.0,2.3,344.0,0.0,-99.8,-99.8,-99.8,-99.8,-99.8,-99.8,-99.8
2023-08-15 04:00:00,998.2,27.2,72.0,0.9,345.0,2.9,6.0,0.0,-99.8,-99.8,-99.8,-99.8,-99.8,-99.8,-99.8
2023-08-15 05:00:00,998.4,26.4,78.0,0.8,14.0,1.9,8.0,0.0,-99.8,-99.8,-99.8,-99.8,-99.8,-99.8,-99.8
2023-08-15 06:00:00,999.0,26.5,76.0,0.9,10.0,1.9,7.0,0.0,-99.8,-99.8,-99.8,-99.8,-99.8,-99.8,-99.8
2023-08-15 07:00:00,999.4,27.0,76.0,1.0,19.0,2.7,35.0,0.0,-99.8,-99.8,-99.8,-99.8,-99.8,-99.8,-99.8
2023-08-15 08:00:00,999.7,31.6,65.0,0.7,187.0,2.6,31.0,0.0,-99.8,-99.8,-99.8,-99.8,-99.8,-99.8,-99.8
2023-08-15 09:00:00,1000.2,31.4,65.0,1.8,169.0,3.7,209.0,0.0,-99.8,-99.8,-99.8,-99.8,-99.8,-99.8,-99.8
2023-08-15 10:00:00,999.9,32.9,61.0,1.3,161.0,2.6,146.0,0.0,-99.8,-99.8,-99.8,-99.8,-99.8,-99.8,-99.8
2023-08-15 11:00:00,999.8,33.6,59.0,1.1,166.0,2.6,157.0,0.0,-99.8,-99.8,-99.8,-99.8,-99.8,-99.8,-99.8
2023-08-15 12:00:00,999.5,33.9,61.0,1.1,172.0,2.8,145.0,0.0,-99.8,-99.8,-99.8,-99.8,-99.8,-99.8,-99.8
2023-08-15 13:00:00,998.9,32.8,60.0,1.1,148.0,2.3,158.0,0.0,-99.8,-99.8,-99.8,-99.8,-99.8,-99.8,-99.8
2023-08-15 14:00:00,998.1,32.9,59.0,0.9,159.0,2.5,150.0,0.0,-99.8,-99.8,-99.8,-99.8,-99.8,-99.8,-99.8
2023-08-15 15:00:00,997.8,33.3,60.0,1.0,173.0,2.4,158.0,0.0,-99.8,-99.8,-99.8,-99.8,-99.8,-99.8,-99.8
2023-08-15 16:00:00,997.7,29.7,72.0,0.5,219.0,2.1,204.0,0.0,-99.8,-99.8,-99.8,-99.8,-99.8,-99.8,-99.8
2023-08-15 17:00:00,998.0,28.6,79.0,0.2,0.0,1.1,232.0,0.0,-99.8,-99.8,-99.8,-99.8,-99.8,-99.8,-99.8
2023-08-15 18:00:00,998.5,28.0,81.0,0.4,338.0,0.9,25.0,0.0,-99.8,-99.8,-99.8,-99.8,-99.8,-99.8,-99.8
2023-08-15 19:00:00,998.8,27.6,81.0,0.6,8.0,1.2,3.0,0.0,-99.8,-99.8,-99.8,-99.8,-99.8,-99.8,-99.8
2023-08-15 20:00:00,999.2,27.4,81.0,0.6,352.0,1.3,336.0,0.0,-99.8,-99.8,-99.8,-99.8,-99.8,-99.8,-99.8
2023-08-15 21:00:00,999.5,27.2,78.0,0.8,346.0,1.6,335.0,0.0,-99.8,-99.8,-99.8,-99.8,-99.8,-99.8,-99.8
2023-08-15 22:00:00,1000.0,27.1,78.0,0.7,331.0,1.2,358.0,0.0,-99.8,-99.8,-99.8,-99.8,-99.8,-99.8,-99.8
2023-08-15 23:00:00,999.9,27.2,75.0,0.7,332.0,1.2,314.0,0.0,-99.8,-99.8,-99.8,-99.8,-99.8,-99.8,-99.8
2023-08-16 00:00:00,999.5,26.9,78.0,0.7,342.0,1.2,297.0,0.0,-99.8,-99.8,-99.8,-99.8,-99.8,-99.8,-99.8
2023-08-16 01:00:00,998.7,26.9,78.0,0.7,340.0,1.2,9.0,0.0,-99.8,-99.8,-99.8,-99.8,-99.8,-99.8,-99.8
2023-08-16 02:00:00,998.2,26.8,77.0,0.5,3.0,1.3,352.0,0.0,-99.8,-99.8,-99.8,-99.8,-99.8,-99.8,-99.8
2023-08-16 03:00:00,998.1,26.6,80.0,0.8,337.0,1.3,7.0,0.0,-99.8,-99.8,-99.8,-99.8,-99.8,-99.8,-99.8
2023-08-16 04:00:00,998.4,26.5,81.0,0.7,343.0,1.6,338.0,0.0,-99.8,-99.8,-99.8,-99.8,-99.8,-99.8,-99.8
2023-08-16 05:00:00,998.2,26.3,82.0,0.5,343.0,1.3,337.0,0.0,-99.8,-99.8,-99.8,-99.8,-99.8,-99.8,-99.8
2023-08-16 06:00:00,998.5,26.4,81.0,0.5,7.0,1.1,16.0,0.0,-99.8,-99.8,-99.8,-99.8,-99.8,-99.8,-99.8
2023-08-16 07:00:00,999.3,27.0,78.0,0.8,12.0,2.0,16.0,0.0,-99.8,-99.8,-99.8,-99.8,-99.8,-99.8,-99.8
2023-08-16 08:00:00,1000.1,31.0,73.0,0.4,153.0,1.6,19.0,0.0,-99.8,-99.8,-99.8,-99.8,-99.8,-99.8,-99.8
2023-08-16 09:00:00,1000.5,30.9,72.0,1.1,159.0,2.0,198.0,0.0,-99.8,-99.8,-99.8,-99.8,-99.8,-99.8,-99.8
2023-08-16 10:00:00,1000.5,31.5,71.0,1.2,191.0,3.1,223.0,0.0,-99.8,-99.8,-99.8,-99.8,-99.8,-99.8,-99.8
2023-08-16 11:00:00,1000.2,30.5,74.0,0.6,172.0,2.6,221.0,0.0,-99.8,-99.8,-99.8,-99.8,-99.8,-99.8,-99.8
2023-08-16 12:00:00,999.8,29.7,78.0,0.6,166.0,1.8,146.0,0.0,-99.8,-99.8,-99.8,-99.8,-99.8,-99.8,-99.8
2023-08-16 13:00:00,999.3,29.6,82.0,0.4,195.0,1.6,210.0,0.0,-99.8,-99.8,-99.8,-99.8,-99.8,-99.8,-99.8
2023-08-16 14:00:00,998.8,28.9,86.0,0.2,0.0,2.5,161.0,0.0,-99.8,-99.8,-99.8,-99.8,-99.8,-99.8,-99.8
2023-08-16 15:00:00,999.2,27.0,95.0,0.4,9.0,1.7,32.0,3.0,-99.8,-99.8,-99.8,-99.8,-99.8,-99.8,-99.8
2023-08-16 16:00:00,998.7,25.9,95.0,0.6,26.0,1.9,7.0,0.5,-99.8,-99.8,-99.8,-99.8,-99.8,-99.8,-99.8
2023-08-16 17:00:00,998.4,26.8,94.0,0.5,14.0,1.6,360.0,0.0,-99.8,-99.8,-99.8,-99.8,-99.8,-99.8,-99.8
2023-08-16 18:00:00,998.1,25.3,95.0,0.7,12.0,1.6,14.0,0.0,-99.8,-99.8,-99.8,-99.8,-99.8,-99.8,-99.8
2023-08-16 19:00:00,998.6,24.7,92.0,0.9,330.0,2.0,33.0,0.0,-99.8,-99.8,-99.8,-99.8,-99.8,-99.8,-99.8
2023-08-16 20:00:00,998.7,25.0,91.0,0.7,5.0,1.6,25.0,0.0,-99.8,-99.8,-99.8,-99.8,-99.8,-99.8,-99.8
2023-08-16 21:00:00,999.3,25.0,93.0,0.7,348.0,1.5,300.0,0.0,-99.8,-99.8,-99.8,-99.8,-99.8,-99.8,-99.8
2023-08-16 22:00:00,999.6,25.0,91.0,0.7,344.0,1.5,346.0,0.0,-99.8,-99.8,-99.8,-99.8,-99.8,-99.8,-99.8
2023-08-16 23:00:00,999.9,25.3,88.0,0.8,325.0,1.8,9.0,0.0,-99.8,-99.8,-99.8,-99.8,-99.8,-99.8,-99.8
2023-08-17 00:00:00,999.4,25.5,84.0,0.8,345.0,1.5,317.0,0.0,-99.8,-99.8,-99.8,-99.8,-99.8,-99.8,-99.8
2023-08-17 01:00:00,999.1,25.3,87.0,0.9,15.0,2.2,3.0,0.0,-99.8,-99.8,-99.8,-99.8,-99.8,-99.8,-99.8
2023-08-17 02:00:00,998.5,25.2,86.0,0.6,344.0,2.1,16.0,0.0,-99.8,-99.8,-99.8,-99.8,-99.8,-99.8,-99.8
2023-08-17 03:00:00,998.4,25.1,88.0,0.8,360.0,1.5,21.0,0.0,-99.8,-99.8,-99.8,-99.8,-99.8,-99.8,-99.8
2023-08-17 04:00:00,998.5,25.0,90.0,0.5,359.0,1.2,18.0,0.0,-99.8,-99.8,-99.8,-99.8,-99.8,-99.8,-99.8
2023-08-17 05:00:00,998.1,25.0,90.0,0.7,7.0,2.3,7.0,0.0,-99.8,-99.8,-99.8,-99.8,-99.8,-99.8,-99.8
2023-08-17 06:00:00,998.3,25.3,88.0,0.8,11.0,1.7,5.0,0.0,-99.8,-99.8,-99.8,-99.8,-99.8,-99.8,-99.8
2023-08-17 07:00:00,999.5,26.1,84.0,0.7,19.0,1.9,26.0,0.0,-99.8,-99.8,-99.8,-99.8,-99.8,-99.8,-99.8
2023-08-17 08:00:00,999.6,29.8,78.0,0.6,116.0,1.5,28.0,0.0,-99.8,-99.8,-99.8,-99.8,-99.8,-99.8,-99.8
2023-08-17 09:00:00,999.8,31.4,67.0,1.2,191.0,2.7,221.0,0.0,-99.8,-99.8,-99.8,-99.8,-99.8,-99.8,-99.8
2023-08-17 10:00:00,1000.0,31.6,69.0,1.5,179.0,3.6,209.0,0.0,-99.8,-99.8,-99.8,-99.8,-99.8,-99.8,-99.8
2023-08-17 11:00:00,999.9,29.8,77.0,2.0,197.0,3.7,202.0,0.0,-99.8,-99.8,-99.8,-99.8,-99.8,-99.8,-99.8
2023-08-17 12:00:00,999.3,28.5,84.0,1.8,197.0,3.8,216.0,0.0,-99.8,-99.8,-99.8,-99.8,-99.8,-99.8,-99.8
2023-08-17 13:00:00,999.0,27.6,89.0,0.9,184.0,3.1,201.0,1.0,-99.8,-99.8,-99.8,-99.8,-99.8,-99.8,-99.8
2023-08-17 14:00:00,998.5,26.9,94.0,0.9,20.0,1.8,28.0,0.5,-99.8,-99.8,-99.8,-99.8,-99.8,-99.8,-99.8
2023-08-17 15:00:00,998.2,26.7,94.0,0.4,204.0,1.6,15.0,0.0,-99.8,-99.8,-99.8,-99.8,-99.8,-99.8,-99.8
2023-08-17 16:00:00,997.5,26.9,93.0,0.7,58.0,2.4,47.0,0.0,-99.8,-99.8,-99.8,-99.8,-99.8,-99.8,-99.8
2023-08-17 17:00:00,997.3,27.0,90.0,1.0,16.0,2.0,34.0,0.0,-99.8,-99.8,-99.8,-99.8,-99.8,-99.8,-99.8
2023-08-17 18:00:00,998.1,26.3,93.0,0.4,343.0,1.7,5.0,0.0,-99.8,-99.8,-99.8,-99.8,-99.8,-99.8,-99.8
2023-08-17 19:00:00,998.3,25.5,95.0,0.7,355.0,1.3,16.0,0.0,-99.8,-99.8,-99.8,-99.8,-99.8,-99.8,-99.8
2023-08-17 20:00:00,998.3,25.2,95.0,0.4,11.0,1.3,329.0,0.0,-99.8,-99.8,-99.8,-99.8,-99.8,-99.8,-99.8
2023-08-17 21:00:00,999.0,25.3,95.0,0.6,322.0,1.6,294.0,0.0,-99.8,-99.8,-99.8,-99.8,-99.8,-99.8,-99.8
2023-08-17 22:00:00,999.2,25.3,94.0,0.4,3.0,1.5,329.0,0.0,-99.8,-99.8,-99.8,-99.8,-99.8,-99.8,-99.8
2023-08-17 23:00:00,999.8,25.8,91.0,0.7,343.0,1.7,20.0,0.0,-99.8,-99.8,-99.8,-99.8,-99.8,-99.8,-99.8
2023-08-18 00:00:00,999.8,25.5,94.0,0.4,335.0,1.5,299.0,0.0,-99.8,-99.8,-99.8,-99.8,-99.8,-99.8,-99.8
2023-08-18 01:00:00,998.5,25.2,92.0,0.5,358.0,1.7,33.0,0.0,-99.8,-99.8,-99.8,-99.8,-99.8,-99.8,-99.8
2023-08-18 02:00:00,998.2,25.3,92.0,0.6,7.0,1.3,331.0,0.0,-99.8,-99.8,-99.8,-99.8,-99.8,-99.8,-99.8
2023-08-18 03:00:00,998.0,25.6,89.0,0.7,17.0,1.9,25.0,0.0,-99.8,-99.8,-99.8,-99.8,-99.8,-99.8,-99.8
2023-08-18 04:00:00,998.2,25.6,91.0,0.6,294.0,1.4,322.0,0.0,-99.8,-99.8,-99.8,-99.8,-99.8,-99.8,-99.8
2023-08-18 05:00:00,998.6,25.2,91.0,0.4,350.0,1.2,4.0,0.0,-99.8,-99.8,-99.8,-99.8,-99.8,-99.8,-99.8
2023-08-18 06:00:00,998.9,24.9,94.0,0.7,360.0,1.3,6.0,0.0,-99.8,-99.8,-99.8,-99.8,-99.8,-99.8,-99.8
2023-08-18 07:00:00,999.7,26.0,91.0,0.1,0.0,1.4,4.0,0.0,-99.8,-99.8,-99.8,-99.8,-99.8,-99.8,-99.8
2023-08-18 08:00:00,1000.5,26.3,86.0,1.6,247.0,4.3,238.0,0.0,-99.8,-99.8,-99.8,-99.8,-99.8,-99.8,-99.8
2023-08-18 09:00:00,1000.2,27.5,83.0,2.6,239.0,5.4,233.0,0.0,-99.8,-99.8,-99.8,-99.8,-99.8,-99.8,-99.8
2023-08-18 10:00:00,1000.1,26.8,81.0,2.6,237.0,7.2,226.0,0.0,-99.8,-99.8,-99.8,-99.8,-99.8,-99.8,-99.8
2023-08-18 11:00:00,1000.2,27.3,80.0,1.2,209.0,7.6,204.0,0.0,-99.8,-99.8,-99.8,-99.8,-99.8,-99.8,-99.8
2023-08-18 12:00:00,999.9,30.0,70.0,0.9,160.0,2.3,163.0,0.0,-99.8,-99.8,-99.8,-99.8,-99.8,-99.8,-99.8
2023-08-18 13:00:00,999.7,29.0,74.0,1.2,199.0,3.0,198.0,0.0,-99.8,-99.8,-99.8,-99.8,-99.8,-99.8,-99.8
2023-08-18 14:00:00,999.2,27.6,79.0,1.2,197.0,3.6,216.0,0.0,-99.8,-99.8,-99.8,-99.8,-99.8,-99.8,-99.8
2023-08-18 15:00:00,999.4,26.8,84.0,0.4,50.0,3.3,212.0,0.0,-99.8,-99.8,-99.8,-99.8,-99.8,-99.8,-99.8
2023-08-18 16:00:00,999.2,25.4,96.0,0.0,0.0,1.2,212.0,2.0,-99.8,-99.8,-99.8,-99.8,-99.8,-99.8,-99.8
2023-08-18 17:00:00,999.0,24.8,96.0,0.7,20.0,1.3,27.0,0.5,-99.8,-99.8,-99.8,-99.8,-99.8,-99.8,-99.8
2023-08-18 18:00:00,999.3,24.4,97.0,0.6,8.0,2.2,32.0,1.0,-99.8,-99.8,-99.8,-99.8,-99.8,-99.8,-99.8
2023-08-18 19:00:00,1000.1,23.8,97.0,1.1,19.0,2.7,21.0,1.0,-99.8,-99.8,-99.8,-99.8,-99.8,-99.8,-99.8
2023-08-18 20:00:00,1000.4,23.5,97.0,0.8,9.0,2.0,26.0,0.0,-99.8,-99.8,-99.8,-99.8,-99.8,-99.8,-99.8
2023-08-18 21:00:00,1001.0,23.4,97.0,1.0,345.0,2.1,336.0,0.0,-99.8,-99.8,-99.8,-99.8,-99.8,-99.8,-99.8
2023-08-18 22:00:00,1001.2,23.4,97.0,0.8,345.0,2.0,29.0,0.0,-99.8,-99.8,-99.8,-99.8,-99.8,-99.8,-99.8
2023-08-18 23:00:00,1001.4,23.4,95.0,0.8,340.0,1.8,354.0,0.0,-99.8,-99.8,-99.8,-99.8,-99.8,-99.8,-99.8
2023-08-19 00:00:00,1000.9,23.2,95.0,0.9,11.0,2.3,354.0,0.0,-99.8,-99.8,-99.8,-99.8,-99.8,-99.8,-99.8
2023-08-19 01:00:00,1000.4,23.2,92.0,1.0,342.0,2.6,353.0,0.0,-99.8,-99.8,-99.8,-99.8,-99.8,-99.8,-99.8
2023-08-19 02:00:00,1000.4,23.5,92.0,0.8,358.0,2.1,340.0,0.0,-99.8,-99.8,-99.8,-99.8,-99.8,-99.8,-99.8
2023-08-19 03:00:00,1000.4,23.6,88.0,0.9,350.0,2.3,17.0,0.0,-99.8,-99.8,-99.8,-99.8,-99.8,-99.8,-99.8
2023-08-19 04:00:00,1000.5,23.7,88.0,0.7,348.0,1.7,32.0,0.0,-99.8,-99.8,-99.8,-99.8,-99.8,-99.8,-99.8
2023-08-19 05:00:00,1001.0,23.5,88.0,0.7,349.0,1.8,21.0,0.0,-99.8,-99.8,-99.8,-99.8,-99.8,-99.8,-99.8
2023-08-19 06:00:00,1001.8,23.7,88.0,0.8,352.0,1.7,10.0,0.0,-99.8,-99.8,-99.8,-99.8,-99.8,-99.8,-99.8
2023-08-19 07:00:00,1001.9,24.7,84.0,0.6,6.0,2.4,8.0,0.0,-99.8,-99.8,-99.8,-99.8,-99.8,-99.8,-99.8
2023-08-19 08:00:00,1002.3,28.2,79.0,0.4,56.0,1.7,10.0,0.0,-99.8,-99.8,-99.8,-99.8,-99.8,-99.8,-99.8
2023-08-19 09:00:00,1002.8,29.8,68.0,0.6,100.0,1.7,58.0,0.0,-99.8,-99.8,-99.8,-99.8,-99.8,-99.8,-99.8
2023-08-19 10:00:00,1003.0,30.8,66.0,0.7,151.0,2.4,212.0,0.0,-99.8,-99.8,-99.8,-99.8,-99.8,-99.8,-99.8
2023-08-19 11:00:00,1002.8,31.3,65.0,1.3,188.0,2.2,203.0,0.0,-99.8,-99.8,-99.8,-99.8,-99.8,-99.8,-99.8
2023-08-19 12:00:00,1002.3,30.6,65.0,1.0,170.0,2.7,209.0,0.0,-99.8,-99.8,-99.8,-99.8,-99.8,-99.8,-99.8
2023-08-19 13:00:00,1001.8,31.1,65.0,1.1,179.0,2.3,165.0,0.0,-99.8,-99.8,-99.8,-99.8,-99.8,-99.8,-99.8
2023-08-19 14:00:00,1001.1,31.7,63.0,1.0,179.0,2.3,218.0,0.0,-99.8,-99.8,-99.8,-99.8,-99.8,-99.8,-99.8
2023-08-19 15:00:00,1000.8,30.1,70.0,0.9,164.0,2.2,177.0,0.0,-99.8,-99.8,-99.8,-99.8,-99.8,-99.8,-99.8
2023-08-19 16:00:00,1000.8,28.2,73.0,0.8,192.0,2.1,194.0,0.0,-99.8,-99.8,-99.8,-99.8,-99.8,-99.8,-99.8
2023-08-19 17:00:00,1000.6,27.6,83.0,1.4,198.0,3.2,197.0,0.0,-99.8,-99.8,-99.8,-99.8,-99.8,-99.8,-99.8
2023-08-19 18:00:00,1001.2,26.8,89.0,0.2,0.0,1.9,195.0,0.0,-99.8,-99.8,-99.8,-99.8,-99.8,-99.8,-99.8
2023-08-19 19:00:00,1001.7,26.2,92.0,0.3,10.0,1.2,32.0,0.0,-99.8,-99.8,-99.8,-99.8,-99.8,-99.8,-99.8
2023-08-19 20:00:00,1002.2,26.1,93.0,0.2,0.0,0.8,330.0,0.0,-99.8,-99.8,-99.8,-99.8,-99.8,-99.8,-99.8
2023-08-19 21:00:00,1003.1,26.3,90.0,0.3,9.0,1.0,24.0,0.0,-99.8,-99.8,-99.8,-99.8,-99.8,-99.8,-99.8
2023-08-19 22:00:00,1003.6,26.1,91.0,0.2,0.0,1.0,26.0,0.0,-99.8,-99.8,-99.8,-99.8,-99.8,-99.8,-99.8
2023-08-19 23:00:00,1003.1,26.0,91.0,0.3,339.0,0.9,297.0,0.0,-99.8,-99.8,-99.8,-99.8,-99.8,-99.8,-99.8
2023-08-20 00:00:00,1003.0,25.8,91.0,0.4,317.0,1.0,30.0,0.0,-99.8,-99.8,-99.8,-99.8,-99.8,-99.8,-99.8
2023-08-20 01:00:00,1002.4,25.8,91.0,0.4,13.0,1.4,345.0,0.0,-99.8,-99.8,-99.8,-99.8,-99.8,-99.8,-99.8
2023-08-20 02:00:00,1001.9,25.5,90.0,0.7,359.0,1.4,25.0,0.0,-99.8,-99.8,-99.8,-99.8,-99.8,-99.8,-99.8
2023-08-20 03:00:00,1001.9,25.1,91.0,0.5,356.0,1.1,3.0,0.0,-99.8,-99.8,-99.8,-99.8,-99.8,-99.8,-99.8
2023-08-20 04:00:00,1002.0,25.1,90.0,0.6,5.0,1.4,26.0,0.0,-99.8,-99.8,-99.8,-99.8,-99.8,-99.8,-99.8
2023-08-20 05:00:00,1002.1,25.0,89.0,0.7,339.0,1.6,28.0,0.0,-99.8,-99.8,-99.8,-99.8,-99.8,-99.8,-99.8
2023-08-20 06:00:00,1002.7,25.3,88.0,0.6,5.0,1.7,357.0,0.0,-99.8,-99.8,-99.8,-99.8,-99.8,-99.8,-99.8
2023-08-20 07:00:00,1003.1,25.7,84.0,0.5,16.0,2.4,11.0,0.0,-99.8,-99.8,-99.8,-99.8,-99.8,-99.8,-99.8
2023-08-20 08:00:00,1003.6,28.6,80.0,1.3,200.0,3.5,198.0,0.0,-99.8,-99.8,-99.8,-99.8,-99.8,-99.8,-99.8
2023-08-20 09:00:00,1003.3,30.6,68.0,1.5,182.0,3.1,184.0,0.0,-99.8,-99.8,-99.8,-99.8,-99.8,-99.8,-99.8
2023-08-20 10:00:00,1004.0,31.2,67.0,1.4,140.0,2.5,166.0,0.0,-99.8,-99.8,-99.8,-99.8,-99.8,-99.8,-99.8
2023-08-20 11:00:00,1004.1,29.9,71.0,1.8,142.0,2.8,142.0,0.0,-99.8,-99.8,-99.8,-99.8,-99.8,-99.8,-99.8
2023-08-20 12:00:00,1004.1,29.7,75.0,1.8,153.0,2.8,160.0,0.0,-99.8,-99.8,-99.8,-99.8,-99.8,-99.8,-99.8
2023-08-20 13:00:00,1003.6,29.3,78.0,1.5,180.0,3.5,170.0,0.0,-99.8,-99.8,-99.8,-99.8,-99.8,-99.8,-99.8
2023-08-20 14:00:00,1003.1,28.6,81.0,0.7,194.0,2.9,194.0,0.0,-99.8,-99.8,-99.8,-99.8,-99.8,-99.8,-99.8
2023-08-20 15:00:00,1002.9,28.3,83.0,1.1,164.0,2.1,162.0,0.0,-99.8,-99.8,-99.8,-99.8,-99.8,-99.8,-99.8
2023-08-20 16:00:00,1002.7,27.6,86.0,1.8,221.0,3.4,214.0,0.0,-99.8,-99.8,-99.8,-99.8,-99.8,-99.8,-99.8
2023-08-20 17:00:00,1002.4,27.5,85.0,0.2,0.0,3.7,224.0,0.0,-99.8,-99.8,-99.8,-99.8,-99.8,-99.8,-99.8
2023-08-20 18:00:00,1002.6,27.3,85.0,0.3,210.0,1.9,174.0,0.0,-99.8,-99.8,-99.8,-99.8,-99.8,-99.8,-99.8
2023-08-20 19:00:00,1003.0,26.5,89.0,0.4,348.0,1.8,14.0,0.0,-99.8,-99.8,-99.8,-99.8,-99.8,-99.8,-99.8
2023-08-20 20:00:00,1003.8,26.4,87.0,0.5,340.0,1.6,21.0,0.0,-99.8,-99.8,-99.8,-99.8,-99.8,-99.8,-99.8
2023-08-20 21:00:00,1004.2,26.3,87.0,0.7,2.0,1.6,21.0,0.0,-99.8,-99.8,-99.8,-99.8,-99.8,-99.8,-99.8
2023-08-20 22:00:00,1004.2,26.2,87.0,0.5,346.0,1.5,19.0,0.0,-99.8,-99.8,-99.8,-99.8,-99.8,-99.8,-99.8
2023-08-20 23:00:00,1003.7,26.0,89.0,0.6,348.0,1.3,22.0,0.0,-99.8,-99.8,-99.8,-99.8,-99.8,-99.8,-99.8
2023-08-21 00:00:00,1003.3,25.9,88.0,0.4,337.0,1.5,10.0,0.0,-99.8,-99.8,-99.8,-99.8,-99.8,-99.8,-99.8
2023-08-21 01:00:00,1002.8,25.8,88.0,0.6,358.0,1.4,17.0,0.0,-99.8,-99.8,-99.8,-99.8,-99.8,-99.8,-99.8
2023-08-21 02:00:00,1002.6,25.7,87.0,0.6,8.0,1.5,24.0,0.0,-99.8,-99.8,-99.8,-99.8,-99.8,-99.8,-99.8
2023-08-21 03:00:00,1002.3,25.5,88.0,0.7,358.0,1.5,16.0,0.0,-99.8,-99.8,-99.8,-99.8,-99.8,-99.8,-99.8
2023-08-21 04:00:00,1002.6,25.3,89.0,0.5,351.0,1.3,356.0,0.0,-99.8,-99.8,-99.8,-99.8,-99.8,-99.8,-99.8
2023-08-21 05:00:00,1002.4,25.2,89.0,0.6,352.0,1.6,22.0,0.0,-99.8,-99.8,-99.8,-99.8,-99.8,-99.8,-99.8
2023-08-21 06:00:00,1003.0,25.4,88.0,0.6,348.0,1.5,331.0,0.0,-99.8,-99.8,-99.8,-99.8,-99.8,-99.8,-99.8
2023-08-21 07:00:00,1003.2,25.8,88.0,0.3,6.0,1.3,22.0,0.0,-99.8,-99.8,-99.8,-99.8,-99.8,-99.8,-99.8
2023-08-21 08:00:00,1002.9,29.5,76.0,0.6,166.0,1.7,149.0,0.0,-99.8,-99.8,-99.8,-99.8,-99.8,-99.8,-99.8
2023-08-21 09:00:00,1003.1,32.0,67.0,0.9,170.0,2.1,136.0,0.0,-99.8,-99.8,-99.8,-99.8,-99.8,-99.8,-99.8
2023-08-21 10:00:00,1003.2,32.6,65.0,1.2,148.0,2.1,202.0,0.0,-99.8,-99.8,-99.8,-99.8,-99.8,-99.8,-99.8
2023-08-21 11:00:00,1002.9,32.3,67.0,1.3,186.0,2.6,221.0,0.0,-99.8,-99.8,-99.8,-99.8,-99.8,-99.8,-99.8
2023-08-21 12:00:00,1002.6,32.8,66.0,1.5,166.0,2.7,166.0,0.0,-99.8,-99.8,-99.8,-99.8,-99.8,-99.8,-99.8
2023-08-21 13:00:00,1002.1,32.3,67.0,1.3,169.0,2.6,124.0,0.0,-99.8,-99.8,-99.8,-99.8,-99.8,-99.8,-99.8
2023-08-21 14:00:00,1001.9,30.8,73.0,0.7,165.0,2.1,151.0,0.0,-99.8,-99.8,-99.8,-99.8,-99.8,-99.8,-99.8
2023-08-21 15:00:00,1001.5,30.6,73.0,0.8,152.0,1.7,123.0,0.0,-99.8,-99.8,-99.8,-99.8,-99.8,-99.8,-99.8
2023-08-21 16:00:00,1001.1,28.5,79.0,0.3,348.0,1.8,164.0,0.0,-99.8,-99.8,-99.8,-99.8,-99.8,-99.8,-99.8
2023-08-21 17:00:00,1000.9,28.2,77.0,0.3,15.0,1.1,332.0,0.0,-99.8,-99.8,-99.8,-99.8,-99.8,-99.8,-99.8
2023-08-21 18:00:00,1000.6,27.5,78.0,0.4,6.0,1.2,26.0,0.0,-99.8,-99.8,-99.8,-99.8,-99.8,-99.8,-99.8
2023-08-21 19:00:00,1001.1,26.9,82.0,0.5,348.0,1.1,25.0,0.0,-99.8,-99.8,-99.8,-99.8,-99.8,-99.8,-99.8
2023-08-21 20:00:00,1001.6,26.6,80.0,0.6,344.0,1.4,40.0,0.0,-99.8,-99.8,-99.8,-99.8,-99.8,-99.8,-99.8
2023-08-21 21:00:00,1002.2,26.4,80.0,0.5,344.0,1.5,6.0,0.0,-99.8,-99.8,-99.8,-99.8,-99.8,-99.8,-99.8
2023-08-21 22:00:00,1002.2,26.4,80.0,0.5,349.0,1.5,14.0,0.0,-99.8,-99.8,-99.8,-99.8,-99.8,-99.8,-99.8
2023-08-21 23:00:00,1002.1,26.1,85.0,0.5,330.0,1.0,309.0,0.0,-99.8,-99.8,-99.8,-99.8,-99.8,-99.8,-99.8
2023-08-22 00:00:00,1002.0,26.5,84.0,0.6,9.0,1.1,348.0,0.0,-99.8,-99.8,-99.8,-99.8,-99.8,-99.8,-99.8
2023-08-22 01:00:00,1001.6,26.0,86.0,0.5,353.0,1.2,46.0,0.0,-99.8,-99.8,-99.8,-99.8,-99.8,-99.8,-99.8
2023-08-22 02:00:00,1001.1,26.2,82.0,0.5,18.0,1.2,35.0,0.0,-99.8,-99.8,-99.8,-99.8,-99.8,-99.8,-99.8
2023-08-22 03:00:00,1000.7,25.9,86.0,0.7,350.0,1.1,341.0,0.0,-99.8,-99.8,-99.8,-99.8,-99.8,-99.8,-99.8
2023-08-22 04:00:00,1000.7,25.8,83.0,0.6,356.0,1.3,4.0,0.0,-99.8,-99.8,-99.8,-99.8,-99.8,-99.8,-99.8
2023-08-22 05:00:00,1000.2,25.6,83.0,0.7,344.0,1.3,3.0,0.0,-99.8,-99.8,-99.8,-99.8,-99.8,-99.8,-99.8
2023-08-22 06:00:00,1000.5,25.7,83.0,0.8,358.0,1.4,360.0,0.0,-99.8,-99.8,-99.8,-99.8,-99.8,-99.8,-99.8
2023-08-22 07:00:00,1000.5,26.3,79.0,0.7,21.0,1.6,17.0,0.0,-99.8,-99.8,-99.8,-99.8,-99.8,-99.8,-99.8
2023-08-22 08:00:00,1000.4,31.0,70.0,0.3,102.0,1.4,41.0,0.0,-99.8,-99.8,-99.8,-99.8,-99.8,-99.8,-99.8
2023-08-22 09:00:00,1000.6,31.7,69.0,1.1,141.0,1.9,160.0,0.0,-99.8,-99.8,-99.8,-99.8,-99.8,-99.8,-99.8
2023-08-22 10:00:00,1000.6,32.2,64.0,1.0,162.0,2.1,156.0,0.0,-99.8,-99.8,-99.8,-99.8,-99.8,-99.8,-99.8
2023-08-22 11:00:00,1000.6,32.1,66.0,1.3,160.0,2.2,176.0,0.0,-99.8,-99.8,-99.8,-99.8,-99.8,-99.8,-99.8
2023-08-22 12:00:00,1000.5,32.7,63.0,1.2,158.0,2.3,163.0,0.0,-99.8,-99.8,-99.8,-99.8,-99.8,-99.8,-99.8
2023-08-22 13:00:00,1000.3,33.1,62.0,0.8,172.0,2.3,131.0,0.0,-99.8,-99.8,-99.8,-99.8,-99.8,-99.8,-99.8
2023-08-22 14:00:00,1000.1,32.8,64.0,1.0,142.0,2.2,159.0,0.0,-99.8,-99.8,-99.8,-99.8,-99.8,-99.8,-99.8
2023-08-22 15:00:00,999.7,29.8,75.0,1.0,192.0,2.4,167.0,0.0,-99.8,-99.8,-99.8,-99.8,-99.8,-99.8,-99.8
2023-08-22 16:00:00,999.5,29.7,75.0,0.2,0.0,2.0,156.0,0.0,-99.8,-99.8,-99.8,-99.8,-99.8,-99.8,-99.8
2023-08-22 17:00:00,999.6,29.0,79.0,0.2,0.0,1.3,125.0,0.0,-99.8,-99.8,-99.8,-99.8,-99.8,-99.8,-99.8
2023-08-22 18:00:00,999.3,28.1,81.0,0.3,306.0,0.9,36.0,0.0,-99.8,-99.8,-99.8,-99.8,-99.8,-99.8,-99.8
2023-08-22 19:00:00,999.7,27.4,80.0,0.5,359.0,1.2,24.0,0.0,-99.8,-99.8,-99.8,-99.8,-99.8,-99.8,-99.8
2023-08-22 20:00:00,999.8,27.3,79.0,0.9,13.0,1.6,22.0,0.0,-99.8,-99.8,-99.8,-99.8,-99.8,-99.8,-99.8
2023-08-22 21:00:00,1000.5,27.1,81.0,0.5,4.0,1.2,17.0,0.0,-99.8,-99.8,-99.8,-99.8,-99.8,-99.8,-99.8
2023-08-22 22:00:00,1000.9,27.3,79.0,0.7,16.0,1.5,13.0,0.0,-99.8,-99.8,-99.8,-99.8,-99.8,-99.8,-99.8
2023-08-22 23:00:00,1000.6,27.1,82.0,0.6,353.0,1.2,6.0,0.0,-99.8,-99.8,-99.8,-99.8,-99.8,-99.8,-99.8
2023-08-23 00:00:00,999.9,27.0,79.0,1.0,19.0,1.6,18.0,0.0,-99.8,-99.8,-99.8,-99.8,-99.8,-99.8,-99.8
2023-08-23 01:00:00,999.9,26.6,82.0,0.6,3.0,1.5,24.0,0.0,-99.8,-99.8,-99.8,-99.8,-99.8,-99.8,-99.8
2023-08-23 02:00:00,999.8,26.6,81.0,0.5,359.0,1.4,337.0,0.0,-99.8,-99.8,-99.8,-99.8,-99.8,-99.8,-99.8
2023-08-23 03:00:00,999.4,26.4,83.0,0.7,11.0,1.6,17.0,0.0,-99.8,-99.8,-99.8,-99.8,-99.8,-99.8,-99.8
2023-08-23 04:00:00,999.5,26.4,79.0,0.7,350.0,1.4,19.0,0.0,-99.8,-99.8,-99.8,-99.8,-99.8,-99.8,-99.8
2023-08-23 05:00:00,999.7,26.2,80.0,0.7,345.0,1.7,8.0,0.0,-99.8,-99.8,-99.8,-99.8,-99.8,-99.8,-99.8
2023-08-23 06:00:00,1000.0,26.5,76.0,1.0,17.0,2.0,26.0,0.0,-99.8,-99.8,-99.8,-99.8,-99.8,-99.8,-99.8
2023-08-23 07:00:00,1000.7,27.2,79.0,0.4,22.0,1.8,26.0,0.0,-99.8,-99.8,-99.8,-99.8,-99.8,-99.8,-99.8
2023-08-23 08:00:00,1001.3,31.2,72.0,1.0,154.0,1.9,146.0,0.0,-99.8,-99.8,-99.8,-99.8,-99.8,-99.8,-99.8
2023-08-23 09:00:00,1001.7,32.5,64.0,1.2,140.0,2.6,156.0,0.0,-99.8,-99.8,-99.8,-99.8,-99.8,-99.8,-99.8
2023-08-23 10:00:00,1001.6,32.9,64.0,1.2,151.0,2.5,169.0,0.0,-99.8,-99.8,-99.8,-99.8,-99.8,-99.8,-99.8
2023-08-23 11:00:00,1001.2,32.9,67.0,1.3,164.0,2.5,155.0,0.0,-99.8,-99.8,-99.8,-99.8,-99.8,-99.8,-99.8
2023-08-23 12:00:00,1000.6,33.5,62.0,1.2,152.0,2.4,154.0,0.0,-99.8,-99.8,-99.8,-99.8,-99.8,-99.8,-99.8
2023-08-23 13:00:00,1000.1,32.9,64.0,1.2,157.0,2.5,214.0,0.0,-99.8,-99.8,-99.8,-99.8,-99.8,-99.8,-99.8
2023-08-23 14:00:00,999.6,33.3,62.0,1.3,184.0,2.6,210.0,0.0,-99.8,-99.8,-99.8,-99.8,-99.8,-99.8,-99.8
2023-08-23 15:00:00,999.2,29.8,77.0,0.7,195.0,2.3,144.0,0.0,-99.8,-99.8,-99.8,-99.8,-99.8,-99.8,-99.8
2023-08-23 16:00:00,999.2,29.4,79.0,0.5,177.0,1.7,150.0,0.0,-99.8,-99.8,-99.8,-99.8,-99.8,-99.8,-99.8
2023-08-23 17:00:00,999.6,29.1,81.0,0.2,0.0,1.4,201.0,0.0,-99.8,-99.8,-99.8,-99.8,-99.8,-99.8,-99.8
2023-08-23 18:00:00,1000.3,28.6,83.0,0.2,0.0,0.8,79.0,0.0,-99.8,-99.8,-99.8,-99.8,-99.8,-99.8,-99.8
2023-08-23 19:00:00,1000.9,27.9,81.0,1.1,15.0,1.9,6.0,0.0,-99.8,-99.8,-99.8,-99.8,-99.8,-99.8,-99.8
2023-08-23 20:00:00,1001.3,27.4,87.0,0.9,14.0,1.9,28.0,0.0,-99.8,-99.8,-99.8,-99.8,-99.8,-99.8,-99.8
2023-08-23 21:00:00,1001.8,26.7,88.0,1.0,14.0,2.4,15.0,0.0,-99.8,-99.8,-99.8,-99.8,-99.8,-99.8,-99.8
2023-08-23 22:00:00,1002.2,27.4,85.0,1.0,19.0,1.8,18.0,0.0,-99.8,-99.8,-99.8,-99.8,-99.8,-99.8,-99.8
2023-08-23 23:00:00,1001.6,27.3,83.0,0.4,1.0,2.4,29.0,0.0,-99.8,-99.8,-99.8,-99.8,-99.8,-99.8,-99.8
2023-08-24 00:00:00,1001.2,27.2,82.0,0.6,13.0,2.0,26.0,0.0,-99.8,-99.8,-99.8,-99.8,-99.8,-99.8,-99.8
2023-08-24 01:00:00,1000.9,27.2,81.0,0.6,13.0,1.6,19.0,0.0,-99.8,-99.8,-99.8,-99.8,-99.8,-99.8,-99.8
2023-08-24 02:00:00,1000.5,27.1,84.0,0.7,11.0,1.6,15.0,0.0,-99.8,-99.8,-99.8,-99.8,-99.8,-99.8,-99.8
2023-08-24 03:00:00,1000.6,26.8,83.0,0.6,1.0,1.4,22.0,0.0,-99.8,-99.8,-99.8,-99.8,-99.8,-99.8,-99.8
2023-08-24 04:00:00,1000.7,26.7,83.0,0.7,16.0,1.6,18.0,0.0,-99.8,-99.8,-99.8,-99.8,-99.8,-99.8,-99.8
2023-08-24 05:00:00,1001.0,26.3,85.0,0.7,354.0,1.3,26.0,0.0,-99.8,-99.8,-99.8,-99.8,-99.8,-99.8,-99.8
2023-08-24 06:00:00,1001.2,26.4,86.0,0.7,349.0,1.7,344.0,0.0,-99.8,-99.8,-99.8,-99.8,-99.8,-99.8,-99.8
2023-08-24 07:00:00,1001.6,27.7,85.0,0.2,0.0,1.2,26.0,0.0,-99.8,-99.8,-99.8,-99.8,-99.8,-99.8,-99.8
2023-08-24 08:00:00,1001.6,30.2,74.0,1.4,141.0,2.3,153.0,0.0,-99.8,-99.8,-99.8,-99.8,-99.8,-99.8,-99.8
2023-08-24 09:00:00,1001.9,32.4,66.0,1.1,169.0,1.9,142.0,0.0,-99.8,-99.8,-99.8,-99.8,-99.8,-99.8,-99.8
2023-08-24 10:00:00,1002.3,32.7,64.0,1.1,140.0,2.1,136.0,0.0,-99.8,-99.8,-99.8,-99.8,-99.8,-99.8,-99.8
2023-08-24 11:00:00,1002.1,32.9,66.0,1.1,134.0,2.2,132.0,0.0,-99.8,-99.8,-99.8,-99.8,-99.8,-99.8,-99.8
2023-08-24 12:00:00,1002.1,31.7,71.0,0.8,151.0,2.0,129.0,0.0,-99.8,-99.8,-99.8,-99.8,-99.8,-99.8,-99.8
2023-08-24 13:00:00,1001.7,30.2,75.0,0.8,186.0,1.7,165.0,0.0,-99.8,-99.8,-99.8,-99.8,-99.8,-99.8,-99.8
2023-08-24 14:00:00,1001.5,29.7,78.0,0.8,153.0,1.7,162.0,0.0,-99.8,-99.8,-99.8,-99.8,-99.8,-99.8,-99.8
2023-08-24 15:00:00,1001.0,29.7,79.0,0.3,175.0,1.9,156.0,0.0,-99.8,-99.8,-99.8,-99.8,-99.8,-99.8,-99.8
2023-08-24 16:00:00,1001.2,29.0,81.0,1.0,178.0,1.8,175.0,0.0,-99.8,-99.8,-99.8,-99.8,-99.8,-99.8,-99.8
2023-08-24 17:00:00,1001.4,28.3,84.0,0.5,21.0,1.6,286.0,0.0,-99.8,-99.8,-99.8,-99.8,-99.8,-99.8,-99.8
2023-08-24 18:00:00,1002.2,27.7,85.0,0.5,253.0,3.1,259.0,0.0,-99.8,-99.8,-99.8,-99.8,-99.8,-99.8,-99.8
2023-08-24 19:00:00,1001.7,27.2,86.0,0.2,0.0,1.1,9.0,0.0,-99.8,-99.8,-99.8,-99.8,-99.8,-99.8,-99.8
2023-08-24 20:00:00,1002.3,27.3,85.0,0.4,325.0,1.1,279.0,0.0,-99.8,-99.8,-99.8,-99.8,-99.8,-99.8,-99.8
2023-08-24 21:00:00,1002.6,27.2,84.0,0.7,358.0,1.2,355.0,0.0,-99.8,-99.8,-99.8,-99.8,-99.8,-99.8,-99.8
2023-08-24 22:00:00,1002.5,26.9,86.0,0.4,356.0,1.2,1.0,0.0,-99.8,-99.8,-99.8,-99.8,-99.8,-99.8,-99.8
2023-08-24 23:00:00,1002.1,26.8,86.0,0.5,354.0,1.2,346.0,0.0,-99.8,-99.8,-99.8,-99.8,-99.8,-99.8,-99.8
2023-08-25 00:00:00,1001.5,26.5,86.0,0.6,344.0,1.1,26.0,0.0,-99.8,-99.8,-99.8,-99.8,-99.8,-99.8,-99.8
2023-08-25 01:00:00,1001.2,26.2,86.0,0.4,359.0,1.2,319.0,0.0,-99.8,-99.8,-99.8,-99.8,-99.8,-99.8,-99.8
2023-08-25 02:00:00,1001.0,26.2,87.0,0.4,6.0,1.9,22.0,0.0,-99.8,-99.8,-99.8,-99.8,-99.8,-99.8,-99.8
2023-08-25 03:00:00,1000.7,26.1,86.0,0.4,10.0,1.4,360.0,0.0,-99.8,-99.8,-99.8,-99.8,-99.8,-99.8,-99.8
2023-08-25 04:00:00,1000.7,25.9,85.0,0.4,3.0,1.4,33.0,0.0,-99.8,-99.8,-99.8,-99.8,-99.8,-99.8,-99.8
2023-08-25 05:00:00,1000.7,25.7,85.0,0.7,344.0,1.5,338.0,0.0,-99.8,-99.8,-99.8,-99.8,-99.8,-99.8,-99.8
2023-08-25 06:00:00,1001.2,25.9,84.0,0.5,360.0,1.1,10.0,0.0,-99.8,-99.8,-99.8,-99.8,-99.8,-99.8,-99.8
2023-08-25 07:00:00,1001.8,26.6,79.0,0.7,27.0,2.3,20.0,0.0,-99.8,-99.8,-99.8,-99.8,-99.8,-99.8,-99.8
2023-08-25 08:00:00,1001.9,30.4,69.0,0.8,152.0,1.8,177.0,0.0,-99.8,-99.8,-99.8,-99.8,-99.8,-99.8,-99.8
2023-08-25 09:00:00,1002.3,31.7,64.0,1.1,168.0,2.1,144.0,0.0,-99.8,-99.8,-99.8,-99.8,-99.8,-99.8,-99.8
2023-08-25 10:00:00,1002.5,31.4,65.0,0.9,172.0,2.7,158.0,0.0,-99.8,-99.8,-99.8,-99.8,-99.8,-99.8,-99.8
2023-08-25 11:00:00,1001.9,32.1,57.0,0.8,158.0,2.9,153.0,0.0,-99.8,-99.8,-99.8,-99.8,-99.8,-99.8,-99.8
2023-08-25 12:00:00,1001.2,31.2,68.0,1.8,186.0,3.1,210.0,0.0,-99.8,-99.8,-99.8,-99.8,-99.8,-99.8,-99.8
2023-08-25 13:00:00,1001.0,30.4,74.0,1.8,177.0,2.7,176.0,0.0,-99.8,-99.8,-99.8,-99.8,-99.8,-99.8,-99.8
2023-08-25 14:00:00,1000.4,31.3,71.0,2.3,175.0,4.0,216.0,0.0,-99.8,-99.8,-99.8,-99.8,-99.8,-99.8,-99.8
2023-08-25 15:00:00,1000.3,29.0,80.0,1.6,162.0,7.0,224.0,0.0,-99.8,-99.8,-99.8,-99.8,-99.8,-99.8,-99.8
2023-08-25 16:00:00,1000.2,28.4,82.0,0.8,226.0,4.2,174.0,0.0,-99.8,-99.8,-99.8,-99.8,-99.8,-99.8,-99.8
2023-08-25 17:00:00,1000.0,28.3,84.0,0.1,0.0,2.8,228.0,0.0,-99.8,-99.8,-99.8,-99.8,-99.8,-99.8,-99.8
2023-08-25 18:00:00,1000.7,27.9,85.0,1.0,238.0,1.6,254.0,0.0,-99.8,-99.8,-99.8,-99.8,-99.8,-99.8,-99.8
2023-08-25 19:00:00,1001.2,27.2,88.0,0.7,155.0,2.7,215.0,0.0,-99.8,-99.8,-99.8,-99.8,-99.8,-99.8,-99.8
2023-08-25 20:00:00,1001.6,26.8,90.0,0.4,304.0,1.6,288.0,0.0,-99.8,-99.8,-99.8,-99.8,-99.8,-99.8,-99.8
2023-08-25 21:00:00,1001.6,26.4,86.0,0.4,338.0,1.3,11.0,0.0,-99.8,-99.8,-99.8,-99.8,-99.8,-99.8,-99.8
2023-08-25 22:00:00,1001.6,26.8,81.0,0.5,355.0,1.5,4.0,0.0,-99.8,-99.8,-99.8,-99.8,-99.8,-99.8,-99.8
2023-08-25 23:00:00,1001.5,26.8,83.0,0.5,10.0,1.5,42.0,0.0,-99.8,-99.8,-99.8,-99.8,-99.8,-99.8,-99.8
2023-08-26 00:00:00,1001.1,26.5,82.0,0.5,357.0,1.4,22.0,0.0,-99.8,-99.8,-99.8,-99.8,-99.8,-99.8,-99.8
2023-08-26 01:00:00,1000.5,26.1,83.0,0.5,317.0,1.4,19.0,0.0,-99.8,-99.8,-99.8,-99.8,-99.8,-99.8,-99.8
2023-08-26 02:00:00,1000.5,26.1,84.0,0.5,339.0,1.1,360.0,0.0,-99.8,-99.8,-99.8,-99.8,-99.8,-99.8,-99.8
2023-08-26 03:00:00,999.9,26.0,85.0,0.5,338.0,1.0,358.0,0.0,-99.8,-99.8,-99.8,-99.8,-99.8,-99.8,-99.8
2023-08-26 04:00:00,999.8,25.9,83.0,0.3,316.0,1.6,4.0,0.0,-99.8,-99.8,-99.8,-99.8,-99.8,-99.8,-99.8
2023-08-26 05:00:00,999.8,25.7,86.0,0.5,324.0,1.5,13.0,0.0,-99.8,-99.8,-99.8,-99.8,-99.8,-99.8,-99.8
2023-08-26 06:00:00,999.8,25.7,85.0,0.4,326.0,1.8,30.0,0.0,-99.8,-99.8,-99.8,-99.8,-99.8,-99.8,-99.8
2023-08-26 07:00:00,1000.0,26.5,79.0,0.6,15.0,1.7,11.0,0.0,-99.8,-99.8,-99.8,-99.8,-99.8,-99.8,-99.8
2023-08-26 08:00:00,1000.6,30.5,71.0,0.8,172.0,2.1,139.0,0.0,-99.8,-99.8,-99.8,-99.8,-99.8,-99.8,-99.8
2023-08-26 09:00:00,1000.8,30.6,71.0,0.9,190.0,2.5,165.0,0.0,-99.8,-99.8,-99.8,-99.8,-99.8,-99.8,-99.8
2023-08-26 10:00:00,1000.8,31.5,68.0,1.5,147.0,3.4,142.0,0.0,-99.8,-99.8,-99.8,-99.8,-99.8,-99.8,-99.8
2023-08-26 11:00:00,1000.8,33.1,63.0,1.4,142.0,2.8,149.0,0.0,-99.8,-99.8,-99.8,-99.8,-99.8,-99.8,-99.8
2023-08-26 12:00:00,1000.3,33.1,61.0,1.1,128.0,2.3,154.0,0.0,-99.8,-99.8,-99.8,-99.8,-99.8,-99.8,-99.8
2023-08-26 13:00:00,999.8,32.2,66.0,1.1,158.0,2.3,158.0,0.0,-99.8,-99.8,-99.8,-99.8,-99.8,-99.8,-99.8
2023-08-26 14:00:00,998.9,31.2,70.0,0.7,167.0,2.7,157.0,0.0,-99.8,-99.8,-99.8,-99.8,-99.8,-99.8,-99.8
2023-08-26 15:00:00,998.3,30.2,73.0,0.7,130.0,1.6,161.0,0.0,-99.8,-99.8,-99.8,-99.8,-99.8,-99.8,-99.8
2023-08-26 16:00:00,998.0,29.4,77.0,0.6,157.0,1.4,90.0,0.0,-99.8,-99.8,-99.8,-99.8,-99.8,-99.8,-99.8
2023-08-26 17:00:00,998.2,28.6,79.0,1.1,197.0,3.0,200.0,0.0,-99.8,-99.8,-99.8,-99.8,-99.8,-99.8,-99.8
2023-08-26 18:00:00,998.6,28.1,83.0,0.4,219.0,2.9,181.0,0.0,-99.8,-99.8,-99.8,-99.8,-99.8,-99.8,-99.8
2023-08-26 19:00:00,998.9,27.5,86.0,0.4,338.0,2.4,250.0,0.0,-99.8,-99.8,-99.8,-99.8,-99.8,-99.8,-99.8
2023-08-26 20:00:00,999.0,27.3,80.0,0.7,14.0,1.6,19.0,0.0,-99.8,-99.8,-99.8,-99.8,-99.8,-99.8,-99.8
2023-08-26 21:00:00,999.5,26.9,82.0,0.4,5.0,1.5,26.0,0.0,-99.8,-99.8,-99.8,-99.8,-99.8,-99.8,-99.8
2023-08-26 22:00:00,999.7,27.0,80.0,0.8,16.0,1.8,5.0,0.0,-99.8,-99.8,-99.8,-99.8,-99.8,-99.8,-99.8
2023-08-26 23:00:00,999.4,26.7,79.0,0.7,16.0,1.9,358.0,0.0,-99.8,-99.8,-99.8,-99.8,-99.8,-99.8,-99.8
2023-08-27 00:00:00,998.9,26.5,79.0,0.8,4.0,1.9,15.0,0.0,-99.8,-99.8,-99.8,-99.8,-99.8,-99.8,-99.8
2023-08-27 01:00:00,998.6,26.3,80.0,0.5,4.0,1.4,1.0,0.0,-99.8,-99.8,-99.8,-99.8,-99.8,-99.8,-99.8
2023-08-27 02:00:00,998.2,26.4,81.0,0.7,12.0,2.0,5.0,0.0,-99.8,-99.8,-99.8,-99.8,-99.8,-99.8,-99.8
2023-08-27 03:00:00,997.9,26.2,81.0,0.7,15.0,1.6,37.0,0.0,-99.8,-99.8,-99.8,-99.8,-99.8,-99.8,-99.8
2023-08-27 04:00:00,997.8,26.1,83.0,0.6,357.0,1.6,338.0,0.0,-99.8,-99.8,-99.8,-99.8,-99.8,-99.8,-99.8
2023-08-27 05:00:00,997.8,26.2,82.0,0.5,4.0,1.5,295.0,0.0,-99.8,-99.8,-99.8,-99.8,-99.8,-99.8,-99.8
2023-08-27 06:00:00,998.1,26.3,82.0,0.6,2.0,1.4,338.0,0.0,-99.8,-99.8,-99.8,-99.8,-99.8,-99.8,-99.8
2023-08-27 07:00:00,998.1,27.1,79.0,0.5,19.0,1.1,338.0,0.0,-99.8,-99.8,-99.8,-99.8,-99.8,-99.8,-99.8
2023-08-27 08:00:00,998.7,30.3,71.0,1.2,175.0,1.9,157.0,0.0,-99.8,-99.8,-99.8,-99.8,-99.8,-99.8,-99.8
2023-08-27 09:00:00,999.1,30.7,68.0,1.3,205.0,2.5,208.0,0.0,-99.8,-99.8,-99.8,-99.8,-99.8,-99.8,-99.8
2023-08-27 10:00:00,999.5,32.4,65.0,1.2,190.0,3.2,206.0,0.0,-99.8,-99.8,-99.8,-99.8,-99.8,-99.8,-99.8
2023-08-27 11:00:00,998.8,33.1,59.0,1.6,185.0,2.6,143.0,0.0,-99.8,-99.8,-99.8,-99.8,-99.8,-99.8,-99.8
2023-08-27 12:00:00,998.4,32.8,59.0,1.2,152.0,2.6,171.0,0.0,-99.8,-99.8,-99.8,-99.8,-99.8,-99.8,-99.8
2023-08-27 13:00:00,998.1,33.4,59.0,1.9,182.0,3.2,221.0,0.0,-99.8,-99.8,-99.8,-99.8,-99.8,-99.8,-99.8
2023-08-27 14:00:00,997.4,32.3,62.0,1.1,179.0,3.1,206.0,0.0,-99.8,-99.8,-99.8,-99.8,-99.8,-99.8,-99.8
2023-08-27 15:00:00,997.2,30.3,71.0,1.2,201.0,2.9,208.0,0.0,-99.8,-99.8,-99.8,-99.8,-99.8,-99.8,-99.8
2023-08-27 16:00:00,996.9,29.1,74.0,0.9,204.0,2.0,213.0,0.0,-99.8,-99.8,-99.8,-99.8,-99.8,-99.8,-99.8
2023-08-27 17:00:00,996.8,28.9,77.0,0.2,0.0,1.6,206.0,0.0,-99.8,-99.8,-99.8,-99.8,-99.8,-99.8,-99.8
2023-08-27 18:00:00,996.9,27.9,82.0,0.2,0.0,1.3,230.0,0.0,-99.8,-99.8,-99.8,-99.8,-99.8,-99.8,-99.8
2023-08-27 19:00:00,997.1,27.5,78.0,0.6,18.0,1.4,14.0,0.0,-99.8,-99.8,-99.8,-99.8,-99.8,-99.8,-99.8
2023-08-27 20:00:00,997.6,27.3,79.0,0.5,18.0,1.3,10.0,0.0,-99.8,-99.8,-99.8,-99.8,-99.8,-99.8,-99.8
2023-08-27 21:00:00,998.2,27.1,79.0,0.6,5.0,1.4,26.0,0.0,-99.8,-99.8,-99.8,-99.8,-99.8,-99.8,-99.8
2023-08-27 22:00:00,998.3,27.0,80.0,0.6,355.0,1.3,360.0,0.0,-99.8,-99.8,-99.8,-99.8,-99.8,-99.8,-99.8
2023-08-27 23:00:00,997.9,26.7,83.0,0.6,356.0,1.9,360.0,0.0,-99.8,-99.8,-99.8,-99.8,-99.8,-99.8,-99.8
2023-08-28 00:00:00,997.1,26.6,82.0,0.4,7.0,1.6,23.0,0.0,-99.8,-99.8,-99.8,-99.8,-99.8,-99.8,-99.8
2023-08-28 01:00:00,996.5,26.5,83.0,0.6,13.0,1.4,30.0,0.0,-99.8,-99.8,-99.8,-99.8,-99.8,-99.8,-99.8
2023-08-28 02:00:00,996.5,26.4,82.0,0.5,2.0,1.3,12.0,0.0,-99.8,-99.8,-99.8,-99.8,-99.8,-99.8,-99.8
2023-08-28 03:00:00,996.3,26.1,82.0,0.5,355.0,1.3,43.0,0.0,-99.8,-99.8,-99.8,-99.8,-99.8,-99.8,-99.8
2023-08-28 04:00:00,996.5,26.0,84.0,0.4,1.0,1.7,12.0,0.0,-99.8,-99.8,-99.8,-99.8,-99.8,-99.8,-99.8
2023-08-28 05:00:00,996.4,25.8,81.0,0.5,5.0,1.8,343.0,0.0,-99.8,-99.8,-99.8,-99.8,-99.8,-99.8,-99.8
2023-08-28 06:00:00,996.9,26.0,80.0,0.6,2.0,1.4,17.0,0.0,-99.8,-99.8,-99.8,-99.8,-99.8,-99.8,-99.8
2023-08-28 07:00:00,997.6,27.7,77.0,0.1,0.0,1.8,34.0,0.0,-99.8,-99.8,-99.8,-99.8,-99.8,-99.8,-99.8
2023-08-28 08:00:00,997.7,28.6,80.0,0.3,170.0,1.2,209.0,0.0,-99.8,-99.8,-99.8,-99.8,-99.8,-99.8,-99.8
2023-08-28 09:00:00,998.3,32.6,63.0,0.9,139.0,1.9,199.0,0.0,-99.8,-99.8,-99.8,-99.8,-99.8,-99.8,-99.8
2023-08-28 10:00:00,998.4,34.1,54.0,1.0,161.0,2.6,212.0,0.0,-99.8,-99.8,-99.8,-99.8,-99.8,-99.8,-99.8
2023-08-28 11:00:00,998.2,33.5,58.0,1.2,151.0,2.5,141.0,0.0,-99.8,-99.8,-99.8,-99.8,-99.8,-99.8,-99.8
2023-08-28 12:00:00,997.7,32.9,63.0,1.2,173.0,2.8,127.0,0.0,-99.8,-99.8,-99.8,-99.8,-99.8,-99.8,-99.8
2023-08-28 13:00:00,997.2,33.3,61.0,1.5,187.0,3.1,178.0,0.0,-99.8,-99.8,-99.8,-99.8,-99.8,-99.8,-99.8
2023-08-28 14:00:00,996.7,30.5,68.0,0.9,203.0,2.2,140.0,0.0,-99.8,-99.8,-99.8,-99.8,-99.8,-99.8,-99.8
2023-08-28 15:00:00,996.6,31.4,66.0,1.0,202.0,2.1,205.0,0.0,-99.8,-99.8,-99.8,-99.8,-99.8,-99.8,-99.8
2023-08-28 16:00:00,996.4,29.6,71.0,0.4,198.0,2.5,207.0,0.0,-99.8,-99.8,-99.8,-99.8,-99.8,-99.8,-99.8
2023-08-28 17:00:00,996.7,28.6,76.0,0.5,30.0,1.5,223.0,0.0,-99.8,-99.8,-99.8,-99.8,-99.8,-99.8,-99.8
2023-08-28 18:00:00,997.1,28.1,79.0,0.8,19.0,1.7,26.0,0.0,-99.8,-99.8,-99.8,-99.8,-99.8,-99.8,-99.8
2023-08-28 19:00:00,997.4,27.8,78.0,0.9,13.0,2.2,23.0,0.0,-99.8,-99.8,-99.8,-99.8,-99.8,-99.8,-99.8
2023-08-28 20:00:00,998.1,27.2,80.0,0.8,18.0,1.6,21.0,0.0,-99.8,-99.8,-99.8,-99.8,-99.8,-99.8,-99.8
2023-08-28 21:00:00,998.6,27.8,81.0,0.7,3.0,1.8,26.0,0.0,-99.8,-99.8,-99.8,-99.8,-99.8,-99.8,-99.8
2023-08-28 22:00:00,998.9,27.6,81.0,0.6,20.0,2.3,20.0,0.0,-99.8,-99.8,-99.8,-99.8,-99.8,-99.8,-99.8
2023-08-28 23:00:00,998.8,27.1,81.0,0.7,6.0,2.3,18.0,0.0,-99.8,-99.8,-99.8,-99.8,-99.8,-99.8,-99.8
2023-08-29 00:00:00,998.3,26.8,79.0,0.6,13.0,1.7,13.0,0.0,-99.8,-99.8,-99.8,-99.8,-99.8,-99.8,-99.8
2023-08-29 01:00:00,998.4,26.8,79.0,0.8,14.0,2.1,44.0,0.0,-99.8,-99.8,-99.8,-99.8,-99.8,-99.8,-99.8
2023-08-29 02:00:00,998.2,26.5,79.0,0.5,332.0,1.7,340.0,0.0,-99.8,-99.8,-99.8,-99.8,-99.8,-99.8,-99.8
2023-08-29 03:00:00,997.9,26.6,76.0,0.7,16.0,1.7,14.0,0.0,-99.8,-99.8,-99.8,-99.8,-99.8,-99.8,-99.8
2023-08-29 04:00:00,998.0,26.2,78.0,0.6,353.0,1.7,26.0,0.0,-99.8,-99.8,-99.8,-99.8,-99.8,-99.8,-99.8
2023-08-29 05:00:00,998.1,26.2,78.0,0.7,5.0,1.6,30.0,0.0,-99.8,-99.8,-99.8,-99.8,-99.8,-99.8,-99.8
2023-08-29 06:00:00,998.3,26.5,77.0,0.7,8.0,2.0,15.0,0.0,-99.8,-99.8,-99.8,-99.8,-99.8,-99.8,-99.8
2023-08-29 07:00:00,998.6,27.1,74.0,0.7,16.0,2.3,12.0,0.0,-99.8,-99.8,-99.8,-99.8,-99.8,-99.8,-99.8
2023-08-29 08:00:00,998.8,31.7,62.0,0.9,189.0,1.6,205.0,0.0,-99.8,-99.8,-99.8,-99.8,-99.8,-99.8,-99.8
2023-08-29 09:00:00,999.0,32.5,60.0,0.9,148.0,1.9,165.0,0.0,-99.8,-99.8,-99.8,-99.8,-99.8,-99.8,-99.8
2023-08-29 10:00:00,999.2,33.3,59.0,0.9,155.0,2.1,142.0,0.0,-99.8,-99.8,-99.8,-99.8,-99.8,-99.8,-99.8
2023-08-29 11:00:00,999.5,33.8,57.0,0.8,166.0,2.3,167.0,0.0,-99.8,-99.8,-99.8,-99.8,-99.8,-99.8,-99.8
2023-08-29 12:00:00,999.0,34.1,57.0,0.9,151.0,2.2,146.0,0.0,-99.8,-99.8,-99.8,-99.8,-99.8,-99.8,-99.8
2023-08-29 13:00:00,998.6,33.7,61.0,1.1,155.0,2.3,160.0,0.0,-99.8,-99.8,-99.8,-99.8,-99.8,-99.8,-99.8
2023-08-29 14:00:00,998.1,33.2,62.0,0.9,196.0,2.7,201.0,0.0,-99.8,-99.8,-99.8,-99.8,-99.8,-99.8,-99.8
2023-08-29 15:00:00,996.7,33.2,63.0,0.7,165.0,2.4,154.0,0.0,-99.8,-99.8,-99.8,-99.8,-99.8,-99.8,-99.8
2023-08-29 16:00:00,997.8,29.8,76.0,0.7,201.0,1.9,169.0,0.0,-99.8,-99.8,-99.8,-99.8,-99.8,-99.8,-99.8
2023-08-29 17:00:00,998.1,29.6,78.0,0.7,184.0,1.8,175.0,0.0,-99.8,-99.8,-99.8,-99.8,-99.8,-99.8,-99.8
2023-08-29 18:00:00,998.6,28.6,81.0,0.5,49.0,2.7,200.0,0.0,-99.8,-99.8,-99.8,-99.8,-99.8,-99.8,-99.8
2023-08-29 19:00:00,999.2,28.6,76.0,0.3,347.0,1.0,24.0,0.0,-99.8,-99.8,-99.8,-99.8,-99.8,-99.8,-99.8
2023-08-29 20:00:00,999.0,28.3,77.0,0.4,336.0,1.1,17.0,0.0,-99.8,-99.8,-99.8,-99.8,-99.8,-99.8,-99.8
2023-08-29 21:00:00,1000.4,25.0,99.0,0.4,17.0,10.0,155.0,19.5,-99.8,-99.8,-99.8,-99.8,-99.8,-99.8,-99.8
2023-08-29 22:00:00,999.5,25.4,98.0,1.2,17.0,2.7,5.0,0.0,-99.8,-99.8,-99.8,-99.8,-99.8,-99.8,-99.8
2023-08-29 23:00:00,999.2,25.1,96.0,0.9,9.0,2.0,22.0,0.0,-99.8,-99.8,-99.8,-99.8,-99.8,-99.8,-99.8
2023-08-30 00:00:00,998.9,25.1,95.0,1.1,15.0,2.1,326.0,0.0,-99.8,-99.8,-99.8,-99.8,-99.8,-99.8,-99.8
2023-08-30 01:00:00,998.3,24.8,94.0,0.8,2.0,2.3,353.0,0.0,-99.8,-99.8,-99.8,-99.8,-99.8,-99.8,-99.8
2023-08-30 02:00:00,997.6,25.2,92.0,1.0,6.0,2.1,337.0,0.0,-99.8,-99.8,-99.8,-99.8,-99.8,-99.8,-99.8
2023-08-30 03:00:00,997.5,25.5,90.0,0.4,343.0,2.0,3.0,0.0,-99.8,-99.8,-99.8,-99.8,-99.8,-99.8,-99.8
2023-08-30 04:00:00,998.5,24.6,96.0,0.7,11.0,2.6,31.0,2.0,-99.8,-99.8,-99.8,-99.8,-99.8,-99.8,-99.8
2023-08-30 05:00:00,998.5,24.5,97.0,0.5,326.0,2.4,6.0,0.5,-99.8,-99.8,-99.8,-99.8,-99.8,-99.8,-99.8
2023-08-30 06:00:00,998.6,24.4,98.0,0.4,333.0,1.7,39.0,0.5,-99.8,-99.8,-99.8,-99.8,-99.8,-99.8,-99.8
2023-08-30 07:00:00,998.3,25.5,98.0,0.4,1.0,1.5,327.0,0.0,-99.8,-99.8,-99.8,-99.8,-99.8,-99.8,-99.8
2023-08-30 08:00:00,999.1,25.7,95.0,1.1,277.0,2.7,230.0,0.0,-99.8,-99.8,-99.8,-99.8,-99.8,-99.8,-99.8
2023-08-30 09:00:00,999.1,26.6,92.0,0.5,116.0,1.7,148.0,0.0,-99.8,-99.8,-99.8,-99.8,-99.8,-99.8,-99.8
2023-08-30 10:00:00,998.9,29.9,80.0,0.9,153.0,2.5,205.0,0.0,-99.8,-99.8,-99.8,-99.8,-99.8,-99.8,-99.8
2023-08-30 11:00:00,998.9,30.7,73.0,0.5,135.0,2.8,215.0,0.0,-99.8,-99.8,-99.8,-99.8,-99.8,-99.8,-99.8
2023-08-30 12:00:00,998.5,30.3,69.0,0.9,219.0,3.3,296.0,0.0,-99.8,-99.8,-99.8,-99.8,-99.8,-99.8,-99.8
2023-08-30 13:00:00,998.1,31.1,65.0,0.4,171.0,2.9,164.0,0.0,-99.8,-99.8,-99.8,-99.8,-99.8,-99.8,-99.8
2023-08-30 14:00:00,997.9,30.7,70.0,0.8,195.0,2.7,142.0,0.0,-99.8,-99.8,-99.8,-99.8,-99.8,-99.8,-99.8
2023-08-30 15:00:00,997.2,30.5,68.0,0.5,213.0,1.8,272.0,0.0,-99.8,-99.8,-99.8,-99.8,-99.8,-99.8,-99.8
2023-08-30 16:00:00,997.3,29.4,79.0,0.2,0.0,1.7,257.0,0.0,-99.8,-99.8,-99.8,-99.8,-99.8,-99.8,-99.8
2023-08-30 17:00:00,997.6,28.4,82.0,0.3,349.0,0.7,15.0,0.0,-99.8,-99.8,-99.8,-99.8,-99.8,-99.8,-99.8
2023-08-30 18:00:00,997.8,27.7,88.0,0.7,178.0,2.8,210.0,0.0,-99.8,-99.8,-99.8,-99.8,-99.8,-99.8,-99.8
2023-08-30 19:00:00,998.7,26.3,96.0,0.3,343.0,5.8,196.0,0.5,-99.8,-99.8,-99.8,-99.8,-99.8,-99.8,-99.8
2023-08-30 20:00:00,998.8,25.5,95.0,0.9,15.0,1.8,21.0,0.0,-99.8,-99.8,-99.8,-99.8,-99.8,-99.8,-99.8
2023-08-30 21:00:00,999.6,25.7,94.0,0.6,346.0,1.9,16.0,0.0,-99.8,-99.8,-99.8,-99.8,-99.8,-99.8,-99.8
2023-08-30 22:00:00,999.6,25.8,95.0,0.8,18.0,1.7,27.0,0.0,-99.8,-99.8,-99.8,-99.8,-99.8,-99.8,-99.8
2023-08-30 23:00:00,999.3,25.5,95.0,0.8,9.0,1.8,9.0,0.0,-99.8,-99.8,-99.8,-99.8,-99.8,-99.8,-99.8
2023-08-31 00:00:00,998.7,25.9,94.0,0.6,360.0,1.9,4.0,0.0,-99.8,-99.8,-99.8,-99.8,-99.8,-99.8,-99.8
2023-08-31 01:00:00,998.3,25.4,98.0,0.7,17.0,3.2,49.0,6.5,-99.8,-99.8,-99.8,-99.8,-99.8,-99.8,-99.8
2023-08-31 02:00:00,997.5,25.1,96.0,1.0,346.0,3.1,28.0,0.0,-99.8,-99.8,-99.8,-99.8,-99.8,-99.8,-99.8
2023-08-31 03:00:00,997.6,24.9,98.0,1.4,20.0,2.5,26.0,5.5,-99.8,-99.8,-99.8,-99.8,-99.8,-99.8,-99.8
2023-08-31 04:00:00,997.3,24.8,98.0,1.4,17.0,2.5,26.0,2.5,-99.8,-99.8,-99.8,-99.8,-99.8,-99.8,-99.8
2023-08-31 05:00:00,997.6,24.8,97.0,0.5,341.0,2.4,20.0,0.5,-99.8,-99.8,-99.8,-99.8,-99.8,-99.8,-99.8
2023-08-31 06:00:00,998.3,24.8,98.0,0.3,360.0,2.1,252.0,3.5,-99.8,-99.8,-99.8,-99.8,-99.8,-99.8,-99.8
2023-08-31 07:00:00,999.2,24.9,99.0,1.1,183.0,5.6,206.0,8.0,-99.8,-99.8,-99.8,-99.8,-99.8,-99.8,-99.8
2023-08-31 08:00:00,998.6,25.0,98.0,0.9,15.0,2.3,19.0,7.5,-99.8,-99.8,-99.8,-99.8,-99.8,-99.8,-99.8
2023-08-31 09:00:00,1000.0,25.1,98.0,0.0,0.0,2.7,26.0,8.0,-99.8,-99.8,-99.8,-99.8,-99.8,-99.8,-99.8
2023-08-31 10:00:00,999.5,26.1,96.0,1.0,350.0,3.0,355.0,7.0,-99.8,-99.8,-99.8,-99.8,-99.8,-99.8,-99.8
2023-08-31 11:00:00,999.1,28.7,88.0,0.6,136.0,2.1,240.0,0.0,-99.8,-99.8,-99.8,-99.8,-99.8,-99.8,-99.8
2023-08-31 12:00:00,998.9,26.6,93.0,0.6,8.0,3.2,230.0,1.5,-99.8,-99.8,-99.8,-99.8,-99.8,-99.8,-99.8
2023-08-31 13:00:00,998.7,27.1,87.0,0.4,275.0,8.0,214.0,1.0,-99.8,-99.8,-99.8,-99.8,-99.8,-99.8,-99.8
2023-08-31 14:00:00,997.9,26.1,95.0,0.7,334.0,4.4,229.0,0.5,-99.8,-99.8,-99.8,-99.8,-99.8,-99.8,-99.8
2023-08-31 15:00:00,998.0,25.7,96.0,0.8,357.0,3.0,310.0,0.5,-99.8,-99.8,-99.8,-99.8,-99.8,-99.8,-99.8
2023-08-31 16:00:00,997.8,25.7,98.0,0.9,17.0,2.5,305.0,2.5,-99.8,-99.8,-99.8,-99.8,-99.8,-99.8,-99.8
2023-08-31 17:00:00,998.0,24.9,95.0,1.0,353.0,2.0,18.0,0.0,-99.8,-99.8,-99.8,-99.8,-99.8,-99.8,-99.8
2023-08-31 18:00:00,998.4,24.6,96.0,1.3,16.0,2.9,353.0,0.0,-99.8,-99.8,-99.8,-99.8,-99.8,-99.8,-99.8
2023-08-31 19:00:00,998.8,24.3,97.0,0.9,1.0,2.2,19.0,0.0,-99.8,-99.8,-99.8,-99.8,-99.8,-99.8,-99.8
2023-08-31 20:00:00,999.4,24.6,93.0,0.8,346.0,2.2,343.0,0.0,-99.8,-99.8,-99.8,-99.8,-99.8,-99.8,-99.8
2023-08-31 21:00:00,999.7,24.6,92.0,0.8,346.0,1.8,15.0,0.0,-99.8,-99.8,-99.8,-99.8,-99.8,-99.8,-99.8
2023-08-31 22:00:00,999.7,24.8,91.0,0.9,351.0,1.8,343.0,0.0,-99.8,-99.8,-99.8,-99.8,-99.8,-99.8,-99.8
2023-08-31 23:00:00,999.3,24.6,92.0,0.7,343.0,1.9,15.0,0.0,-99.8,-99.8,-99.8,-99.8,-99.8,-99.8,-99.8
2023-09-01 00:00:00,999.0,24.7,90.0,0.9,3.0,1.9,1.0,0.0,-99.8,-99.8,-99.8,-99.8,-99.8,-99.8,-99.8
2023-09-01 01:00:00,998.2,24.6,90.0,0.6,333.0,2.0,339.0,0.0,-99.8,-99.8,-99.8,-99.8,-99.8,-99.8,-99.8
2023-09-01 02:00:00,997.1,24.9,88.0,0.8,351.0,1.6,8.0,0.0,-99.8,-99.8,-99.8,-99.8,-99.8,-99.8,-99.8
2023-09-01 03:00:00,997.0,24.5,90.0,0.7,344.0,2.3,5.0,0.0,-99.8,-99.8,-99.8,-99.8,-99.8,-99.8,-99.8
2023-09-01 04:00:00,997.5,25.3,89.0,0.5,341.0,1.6,6.0,0.0,-99.8,-99.8,-99.8,-99.8,-99.8,-99.8,-99.8
2023-09-01 05:00:00,997.5,24.7,90.0,0.7,336.0,1.2,289.0,0.0,-99.8,-99.8,-99.8,-99.8,-99.8,-99.8,-99.8
2023-09-01 06:00:00,997.5,24.9,90.0,0.5,357.0,1.5,16.0,0.0,-99.8,-99.8,-99.8,-99.8,-99.8,-99.8,-99.8
2023-09-01 07:00:00,997.7,25.3,86.0,1.0,18.0,2.1,17.0,0.0,-99.8,-99.8,-99.8,-99.8,-99.8,-99.8,-99.8
2023-09-01 08:00:00,998.2,28.2,79.0,0.8,47.0,1.6,28.0,0.0,-99.8,-99.8,-99.8,-99.8,-99.8,-99.8,-99.8
2023-09-01 09:00:00,998.2,30.5,71.0,0.7,174.0,2.8,197.0,0.0,-99.8,-99.8,-99.8,-99.8,-99.8,-99.8,-99.8
2023-09-01 10:00:00,998.9,28.9,80.0,1.6,231.0,3.3,70.0,0.0,-99.8,-99.8,-99.8,-99.8,-99.8,-99.8,-99.8
2023-09-01 11:00:00,998.9,29.3,82.0,1.7,204.0,4.0,200.0,0.0,-99.8,-99.8,-99.8,-99.8,-99.8,-99.8,-99.8
2023-09-01 12:00:00,998.1,28.9,84.0,1.5,251.0,7.8,205.0,0.0,-99.8,-99.8,-99.8,-99.8,-99.8,-99.8,-99.8
2023-09-01 13:00:00,997.5,29.3,82.0,2.1,251.0,6.5,238.0,0.0,-99.8,-99.8,-99.8,-99.8,-99.8,-99.8,-99.8
2023-09-01 14:00:00,997.0,29.2,83.0,1.2,216.0,6.3,213.0,0.0,-99.8,-99.8,-99.8,-99.8,-99.8,-99.8,-99.8
2023-09-01 15:00:00,996.5,28.9,80.0,1.1,245.0,5.0,236.0,0.0,-99.8,-99.8,-99.8,-99.8,-99.8,-99.8,-99.8
2023-09-01 16:00:00,996.6,28.6,85.0,0.3,95.0,4.8,243.0,0.0,-99.8,-99.8,-99.8,-99.8,-99.8,-99.8,-99.8
2023-09-01 17:00:00,996.2,28.2,86.0,0.5,11.0,1.6,221.0,0.0,-99.8,-99.8,-99.8,-99.8,-99.8,-99.8,-99.8
2023-09-01 18:00:00,996.7,27.6,87.0,0.4,333.0,1.1,29.0,0.0,-99.8,-99.8,-99.8,-99.8,-99.8,-99.8,-99.8
2023-09-01 19:00:00,996.7,26.9,90.0,0.6,351.0,1.1,9.0,0.0,-99.8,-99.8,-99.8,-99.8,-99.8,-99.8,-99.8
2023-09-01 20:00:00,997.5,26.8,90.0,0.4,350.0,1.5,32.0,0.0,-99.8,-99.8,-99.8,-99.8,-99.8,-99.8,-99.8
2023-09-01 21:00:00,998.0,26.8,90.0,0.5,353.0,1.2,350.0,0.0,-99.8,-99.8,-99.8,-99.8,-99.8,-99.8,-99.8
2023-09-01 22:00:00,998.0,26.2,96.0,0.3,334.0,1.6,25.0,1.0,-99.8,-99.8,-99.8,-99.8,-99.8,-99.8,-99.8
2023-09-01 23:00:00,997.8,25.5,97.0,0.8,356.0,2.1,25.0,0.0,-99.8,-99.8,-99.8,-99.8,-99.8,-99.8,-99.8
2023-09-02 00:00:00,997.3,25.4,97.0,0.9,10.0,2.2,36.0,0.0,-99.8,-99.8,-99.8,-99.8,-99.8,-99.8,-99.8
2023-09-02 01:00:00,996.7,25.2,96.0,1.0,360.0,2.0,341.0,0.0,-99.8,-99.8,-99.8,-99.8,-99.8,-99.8,-99.8
2023-09-02 02:00:00,996.2,25.4,94.0,0.9,352.0,2.0,323.0,0.0,-99.8,-99.8,-99.8,-99.8,-99.8,-99.8,-99.8
2023-09-02 03:00:00,995.6,25.2,92.0,0.9,345.0,1.8,342.0,0.0,-99.8,-99.8,-99.8,-99.8,-99.8,-99.8,-99.8
2023-09-02 04:00:00,995.4,25.4,91.0,0.6,356.0,1.8,1.0,0.0,-99.8,-99.8,-99.8,-99.8,-99.8,-99.8,-99.8
2023-09-02 05:00:00,995.3,25.8,90.0,0.8,351.0,1.8,11.0,0.0,-99.8,-99.8,-99.8,-99.8,-99.8,-99.8,-99.8
2023-09-02 06:00:00,995.7,25.8,90.0,0.7,342.0,1.5,299.0,0.0,-99.8,-99.8,-99.8,-99.8,-99.8,-99.8,-99.8
2023-09-02 07:00:00,996.2,26.3,89.0,0.6,309.0,1.8,339.0,0.0,-99.8,-99.8,-99.8,-99.8,-99.8,-99.8,-99.8
2023-09-02 08:00:00,996.5,28.1,84.0,0.4,211.0,1.5,215.0,0.0,-99.8,-99.8,-99.8,-99.8,-99.8,-99.8,-99.8
2023-09-02 09:00:00,997.0,29.5,77.0,0.5,51.0,1.5,360.0,0.0,-99.8,-99.8,-99.8,-99.8,-99.8,-99.8,-99.8
2023-09-02 10:00:00,996.8,31.1,69.0,0.5,159.0,2.9,199.0,0.0,-99.8,-99.8,-99.8,-99.8,-99.8,-99.8,-99.8
2023-09-02 11:00:00,996.5,31.0,68.0,0.5,77.0,3.2,194.0,0.0,-99.8,-99.8,-99.8,-99.8,-99.8,-99.8,-99.8
2023-09-02 12:00:00,995.6,30.8,68.0,3.5,230.0,6.9,220.0,0.0,-99.8,-99.8,-99.8,-99.8,-99.8,-99.8,-99.8
2023-09-02 13:00:00,995.3,31.7,62.0,2.7,292.0,9.6,309.0,0.0,-99.8,-99.8,-99.8,-99.8,-99.8,-99.8,-99.8
2023-09-02 14:00:00,994.4,32.0,62.0,2.6,270.0,8.7,246.0,0.0,-99.8,-99.8,-99.8,-99.8,-99.8,-99.8,-99.8
2023-09-02 15:00:00,993.6,33.0,51.0,2.2,264.0,8.6,326.0,0.0,-99.8,-99.8,-99.8,-99.8,-99.8,-99.8,-99.8
2023-09-02 16:00:00,993.5,30.8,65.0,1.2,274.0,7.8,251.0,0.0,-99.8,-99.8,-99.8,-99.8,-99.8,-99.8,-99.8
2023-09-02 17:00:00,993.3,30.6,64.0,3.0,253.0,10.2,292.0,0.0,-99.8,-99.8,-99.8,-99.8,-99.8,-99.8,-99.8
2023-09-02 18:00:00,993.4,29.0,67.0,0.6,26.0,8.0,261.0,0.0,-99.8,-99.8,-99.8,-99.8,-99.8,-99.8,-99.8
2023-09-02 19:00:00,993.4,28.8,67.0,1.1,347.0,4.5,257.0,0.0,-99.8,-99.8,-99.8,-99.8,-99.8,-99.8,-99.8
2023-09-02 20:00:00,994.7,29.2,61.0,1.2,287.0,7.0,228.0,0.0,-99.8,-99.8,-99.8,-99.8,-99.8,-99.8,-99.8
2023-09-02 21:00:00,994.7,29.6,60.0,1.2,316.0,7.1,193.0,0.0,-99.8,-99.8,-99.8,-99.8,-99.8,-99.8,-99.8
2023-09-02 22:00:00,994.9,26.2,86.0,1.5,3.0,6.5,299.0,0.5,-99.8,-99.8,-99.8,-99.8,-99.8,-99.8,-99.8
2023-09-02 23:00:00,994.8,27.9,74.0,1.3,318.0,6.3,296.0,0.0,-99.8,-99.8,-99.8,-99.8,-99.8,-99.8,-99.8
2023-09-03 00:00:00,993.8,29.5,66.0,2.7,254.0,13.2,226.0,0.0,-99.8,-99.8,-99.8,-99.8,-99.8,-99.8,-99.8
2023-09-03 01:00:00,993.5,29.6,67.0,3.6,241.0,9.7,236.0,0.0,-99.8,-99.8,-99.8,-99.8,-99.8,-99.8,-99.8
2023-09-03 02:00:00,993.4,27.1,85.0,1.6,249.0,8.2,234.0,0.0,-99.8,-99.8,-99.8,-99.8,-99.8,-99.8,-99.8
2023-09-03 03:00:00,992.8,25.8,89.0,1.9,20.0,12.6,219.0,1.5,-99.8,-99.8,-99.8,-99.8,-99.8,-99.8,-99.8
2023-09-03 04:00:00,992.3,27.4,82.0,1.8,293.0,14.6,235.0,0.0,-99.8,-99.8,-99.8,-99.8,-99.8,-99.8,-99.8
2023-09-03 05:00:00,992.4,27.6,78.0,2.7,16.0,10.9,228.0,3.0,-99.8,-99.8,-99.8,-99.8,-99.8,-99.8,-99.8
2023-09-03 06:00:00,993.4,27.7,77.0,2.1,346.0,7.5,217.0,1.5,-99.8,-99.8,-99.8,-99.8,-99.8,-99.8,-99.8
2023-09-03 07:00:00,993.5,28.9,71.0,2.5,291.0,8.9,64.0,0.5,-99.8,-99.8,-99.8,-99.8,-99.8,-99.8,-99.8
2023-09-03 08:00:00,993.1,26.7,84.0,1.2,312.0,8.8,235.0,4.0,-99.8,-99.8,-99.8,-99.8,-99.8,-99.8,-99.8
2023-09-03 09:00:00,993.3,27.9,79.0,2.2,324.0,8.8,294.0,5.5,-99.8,-99.8,-99.8,-99.8,-99.8,-99.8,-99.8
2023-09-03 10:00:00,994.4,27.5,80.0,7.1,269.0,17.3,283.0,14.5,-99.8,-99.8,-99.8,-99.8,-99.8,-99.8,-99.8
2023-09-03 11:00:00,994.4,26.8,88.0,7.7,268.0,17.8,296.0,9.5,-99.8,-99.8,-99.8,-99.8,-99.8,-99.8,-99.8
2023-09-03 12:00:00,992.7,26.1,89.0,1.1,308.0,12.6,288.0,5.5,-99.8,-99.8,-99.8,-99.8,-99.8,-99.8,-99.8
2023-09-03 13:00:00,991.6,24.5,93.0,1.3,23.0,10.4,226.0,9.0,-99.8,-99.8,-99.8,-99.8,-99.8,-99.8,-99.8
2023-09-03 14:00:00,993.9,24.0,99.0,1.3,320.0,16.7,222.0,44.0,-99.8,-99.8,-99.8,-99.8,-99.8,-99.8,-99.8
2023-09-03 15:00:00,993.1,24.0,99.0,2.0,17.0,5.8,42.0,24.0,-99.8,-99.8,-99.8,-99.8,-99.8,-99.8,-99.8
2023-09-03 16:00:00,993.5,25.8,91.0,4.0,285.0,11.3,297.0,12.5,-99.8,-99.8,-99.8,-99.8,-99.8,-99.8,-99.8
2023-09-03 17:00:00,993.6,26.1,93.0,3.0,281.0,9.2,281.0,4.0,-99.8,-99.8,-99.8,-99.8,-99.8,-99.8,-99.8
2023-09-03 18:00:00,993.7,26.7,89.0,2.3,304.0,10.7,307.0,0.5,-99.8,-99.8,-99.8,-99.8,-99.8,-99.8,-99.8
2023-09-03 19:00:00,993.6,26.6,91.0,4.7,241.0,10.1,234.0,1.5,-99.8,-99.8,-99.8,-99.8,-99.8,-99.8,-99.8
2023-09-03 20:00:00,994.5,26.7,95.0,3.8,192.0,20.2,245.0,5.5,-99.8,-99.8,-99.8,-99.8,-99.8,-99.8,-99.8
2023-09-03 21:00:00,995.0,27.1,90.0,3.7,201.0,8.1,336.0,0.0,-99.8,-99.8,-99.8,-99.8,-99.8,-99.8,-99.8
2023-09-03 22:00:00,995.1,27.0,92.0,6.1,216.0,14.0,238.0,5.5,-99.8,-99.8,-99.8,-99.8,-99.8,-99.8,-99.8
2023-09-03 23:00:00,995.2,27.0,92.0,3.9,226.0,9.1,277.0,1.5,-99.8,-99.8,-99.8,-99.8,-99.8,-99.8,-99.8
2023-09-04 00:00:00,995.5,27.1,92.0,4.6,209.0,7.7,245.0,0.5,-99.8,-99.8,-99.8,-99.8,-99.8,-99.8,-99.8
2023-09-04 01:00:00,994.9,27.0,93.0,2.5,198.0,11.0,245.0,8.0,-99.8,-99.8,-99.8,-99.8,-99.8,-99.8,-99.8
2023-09-04 02:00:00,993.8,26.9,93.0,4.6,241.0,11.4,302.0,9.0,-99.8,-99.8,-99.8,-99.8,-99.8,-99.8,-99.8
2023-09-04 03:00:00,992.9,26.5,94.0,7.0,276.0,14.5,287.0,15.0,-99.8,-99.8,-99.8,-99.8,-99.8,-99.8,-99.8
2023-09-04 04:00:00,992.9,25.6,99.0,3.8,251.0,15.3,260.0,47.0,-99.8,-99.8,-99.8,-99.8,-99.8,-99.8,-99.8
2023-09-04 05:00:00,992.5,24.5,100.0,0.8,314.0,8.0,196.0,13.0,-99.8,-99.8,-99.8,-99.8,-99.8,-99.8,-99.8
2023-09-04 06:00:00,993.5,25.8,99.0,1.8,245.0,5.8,264.0,14.5,-99.8,-99.8,-99.8,-99.8,-99.8,-99.8,-99.8
2023-09-04 07:00:00,994.3,26.0,99.0,4.6,211.0,8.6,225.0,1.5,-99.8,-99.8,-99.8,-99.8,-99.8,-99.8,-99.8
2023-09-04 08:00:00,994.8,26.1,98.0,1.2,224.0,6.7,225.0,1.5,-99.8,-99.8,-99.8,-99.8,-99.8,-99.8,-99.8
2023-09-04 09:00:00,994.9,25.4,95.0,1.9,55.0,6.7,199.0,3.0,-99.8,-99.8,-99.8,-99.8,-99.8,-99.8,-99.8
2023-09-04 10:00:00,995.9,25.3,100.0,1.8,207.0,7.9,239.0,40.0,-99.8,-99.8,-99.8,-99.8,-99.8,-99.8,-99.8
2023-09-04 11:00:00,995.6,25.1,97.0,3.1,108.0,10.2,196.0,22.5,-99.8,-99.8,-99.8,-99.8,-99.8,-99.8,-99.8
2023-09-04 12:00:00,996.1,25.8,98.0,2.5,218.0,10.3,44.0,12.0,-99.8,-99.8,-99.8,-99.8,-99.8,-99.8,-99.8
2023-09-04 13:00:00,995.5,26.3,97.0,1.2,257.0,5.9,214.0,2.5,-99.8,-99.8,-99.8,-99.8,-99.8,-99.8,-99.8
2023-09-04 14:00:00,995.3,26.3,96.0,1.2,307.0,5.9,221.0,0.5,-99.8,-99.8,-99.8,-99.8,-99.8,-99.8,-99.8
2023-09-04 15:00:00,994.9,26.6,93.0,1.7,27.0,7.0,230.0,0.0,-99.8,-99.8,-99.8,-99.8,-99.8,-99.8,-99.8
2023-09-04 16:00:00,995.0,26.8,94.0,2.3,225.0,6.0,236.0,0.0,-99.8,-99.8,-99.8,-99.8,-99.8,-99.8,-99.8
2023-09-04 17:00:00,995.6,26.1,96.0,1.1,309.0,6.4,260.0,4.5,-99.8,-99.8,-99.8,-99.8,-99.8,-99.8,-99.8
2023-09-04 18:00:00,996.2,26.5,94.0,1.3,23.0,6.8,227.0,0.0,-99.8,-99.8,-99.8,-99.8,-99.8,-99.8,-99.8
2023-09-04 19:00:00,997.1,26.2,98.0,3.7,217.0,6.9,232.0,0.5,-99.8,-99.8,-99.8,-99.8,-99.8,-99.8,-99.8
2023-09-04 20:00:00,998.0,26.3,98.0,2.4,212.0,5.0,207.0,0.0,-99.8,-99.8,-99.8,-99.8,-99.8,-99.8,-99.8
2023-09-04 21:00:00,998.5,26.3,98.0,3.6,220.0,5.8,227.0,0.5,-99.8,-99.8,-99.8,-99.8,-99.8,-99.8,-99.8
2023-09-04 22:00:00,998.7,26.3,98.0,2.7,217.0,6.0,231.0,0.5,-99.8,-99.8,-99.8,-99.8,-99.8,-99.8,-99.8
2023-09-04 23:00:00,998.7,26.4,98.0,1.2,182.0,5.1,235.0,0.5,-99.8,-99.8,-99.8,-99.8,-99.8,-99.8,-99.8
2023-09-05 00:00:00,998.6,26.5,97.0,1.5,244.0,6.7,227.0,1.5,-99.8,-99.8,-99.8,-99.8,-99.8,-99.8,-99.8
2023-09-05 01:00:00,998.7,26.3,97.0,2.5,227.0,5.3,234.0,0.5,-99.8,-99.8,-99.8,-99.8,-99.8,-99.8,-99.8
2023-09-05 02:00:00,998.5,26.3,98.0,2.3,218.0,5.6,240.0,0.5,-99.8,-99.8,-99.8,-99.8,-99.8,-99.8,-99.8
2023-09-05 03:00:00,998.6,25.2,98.0,0.8,9.0,7.0,232.0,18.0,-99.8,-99.8,-99.8,-99.8,-99.8,-99.8,-99.8
2023-09-05 04:00:00,998.9,24.7,100.0,0.1,0.0,5.8,199.0,9.5,-99.8,-99.8,-99.8,-99.8,-99.8,-99.8,-99.8
2023-09-05 05:00:00,999.2,24.7,100.0,0.2,0.0,2.5,357.0,4.0,-99.8,-99.8,-99.8,-99.8,-99.8,-99.8,-99.8
2023-09-05 06:00:00,999.9,24.5,100.0,1.7,203.0,4.5,220.0,3.5,-99.8,-99.8,-99.8,-99.8,-99.8,-99.8,-99.8
2023-09-05 07:00:00,999.7,25.2,100.0,0.5,12.0,2.9,195.0,2.0,-99.8,-99.8,-99.8,-99.8,-99.8,-99.8,-99.8
2023-09-05 08:00:00,999.5,27.5,89.0,0.5,51.0,2.3,36.0,0.0,-99.8,-99.8,-99.8,-99.8,-99.8,-99.8,-99.8
2023-09-05 09:00:00,1000.7,28.1,86.0,0.9,169.0,2.0,152.0,0.0,-99.8,-99.8,-99.8,-99.8,-99.8,-99.8,-99.8
2023-09-05 10:00:00,1000.7,28.3,89.0,0.9,203.0,2.6,225.0,0.0,-99.8,-99.8,-99.8,-99.8,-99.8,-99.8,-99.8
2023-09-05 11:00:00,1001.2,28.6,85.0,0.8,176.0,2.8,220.0,0.0,-99.8,-99.8,-99.8,-99.8,-99.8,-99.8,-99.8
2023-09-05 12:00:00,1000.7,29.9,81.0,0.8,149.0,1.9,173.0,0.0,-99.8,-99.8,-99.8,-99.8,-99.8,-99.8,-99.8
2023-09-05 13:00:00,1000.5,28.3,87.0,1.0,165.0,2.3,208.0,0.0,-99.8,-99.8,-99.8,-99.8,-99.8,-99.8,-99.8
2023-09-05 14:00:00,999.9,28.3,86.0,1.1,182.0,2.6,221.0,0.0,-99.8,-99.8,-99.8,-99.8,-99.8,-99.8,-99.8
2023-09-05 15:00:00,999.9,28.1,84.0,1.1,184.0,2.9,201.0,0.0,-99.8,-99.8,-99.8,-99.8,-99.8,-99.8,-99.8
2023-09-05 16:00:00,1000.0,27.8,87.0,0.3,207.0,3.3,208.0,0.0,-99.8,-99.8,-99.8,-99.8,-99.8,-99.8,-99.8
2023-09-05 17:00:00,1000.0,27.2,91.0,0.2,0.0,1.3,48.0,0.0,-99.8,-99.8,-99.8,-99.8,-99.8,-99.8,-99.8
2023-09-05 18:00:00,1000.9,26.7,94.0,0.3,24.0,1.3,26.0,0.0,-99.8,-99.8,-99.8,-99.8,-99.8,-99.8,-99.8
2023-09-05 19:00:00,1001.3,26.1,95.0,0.2,0.0,1.1,304.0,0.0,-99.8,-99.8,-99.8,-99.8,-99.8,-99.8,-99.8
2023-09-05 20:00:00,1002.0,26.0,96.0,0.3,358.0,1.1,337.0,0.0,-99.8,-99.8,-99.8,-99.8,-99.8,-99.8,-99.8
2023-09-05 21:00:00,1002.4,25.8,97.0,0.3,343.0,0.9,325.0,0.0,-99.8,-99.8,-99.8,-99.8,-99.8,-99.8,-99.8
2023-09-05 22:00:00,1002.0,25.7,97.0,0.3,336.0,1.0,299.0,0.0,-99.8,-99.8,-99.8,-99.8,-99.8,-99.8,-99.8
2023-09-05 23:00:00,1002.1,25.4,97.0,0.6,350.0,1.2,338.0,0.0,-99.8,-99.8,-99.8,-99.8,-99.8,-99.8,-99.8
2023-09-06 00:00:00,1002.1,25.3,95.0,0.7,356.0,1.3,13.0,0.0,-99.8,-99.8,-99.8,-99.8,-99.8,-99.8,-99.8
2023-09-06 01:00:00,1001.8,25.6,96.0,0.2,0.0,1.2,342.0,0.0,-99.8,-99.8,-99.8,-99.8,-99.8,-99.8,-99.8
2023-09-06 02:00:00,1001.3,25.3,96.0,0.2,0.0,0.9,360.0,0.0,-99.8,-99.8,-99.8,-99.8,-99.8,-99.8,-99.8
2023-09-06 03:00:00,1001.0,25.1,96.0,0.5,358.0,1.2,358.0,0.0,-99.8,-99.8,-99.8,-99.8,-99.8,-99.8,-99.8
2023-09-06 04:00:00,1001.4,24.9,96.0,0.7,343.0,1.2,305.0,0.0,-99.8,-99.8,-99.8,-99.8,-99.8,-99.8,-99.8
2023-09-06 05:00:00,1001.6,24.9,95.0,0.5,1.0,1.4,335.0,0.0,-99.8,-99.8,-99.8,-99.8,-99.8,-99.8,-99.8
2023-09-06 06:00:00,1002.1,24.9,95.0,0.4,339.0,1.8,7.0,0.0,-99.8,-99.8,-99.8,-99.8,-99.8,-99.8,-99.8
2023-09-06 07:00:00,1002.7,25.7,90.0,0.4,355.0,1.4,13.0,0.0,-99.8,-99.8,-99.8,-99.8,-99.8,-99.8,-99.8
2023-09-06 08:00:00,1002.9,29.6,76.0,0.8,198.0,2.5,219.0,0.0,-99.8,-99.8,-99.8,-99.8,-99.8,-99.8,-99.8
2023-09-06 09:00:00,1003.2,28.4,82.0,3.2,205.0,4.4,209.0,0.0,-99.8,-99.8,-99.8,-99.8,-99.8,-99.8,-99.8
2023-09-06 10:00:00,1003.4,30.9,72.0,0.9,152.0,4.4,202.0,0.0,-99.8,-99.8,-99.8,-99.8,-99.8,-99.8,-99.8
2023-09-06 11:00:00,1003.5,29.3,80.0,1.3,197.0,4.3,204.0,0.0,-99.8,-99.8,-99.8,-99.8,-99.8,-99.8,-99.8
2023-09-06 12:00:00,1003.4,29.3,84.0,2.6,208.0,4.1,208.0,0.0,-99.8,-99.8,-99.8,-99.8,-99.8,-99.8,-99.8
2023-09-06 13:00:00,1002.7,28.1,91.0,0.3,169.0,3.1,173.0,0.0,-99.8,-99.8,-99.8,-99.8,-99.8,-99.8,-99.8
2023-09-06 14:00:00,1002.2,28.2,89.0,0.3,224.0,3.6,229.0,0.0,-99.8,-99.8,-99.8,-99.8,-99.8,-99.8,-99.8
2023-09-06 15:00:00,1001.9,27.9,89.0,0.9,183.0,5.4,225.0,0.0,-99.8,-99.8,-99.8,-99.8,-99.8,-99.8,-99.8
2023-09-06 16:00:00,1001.8,27.7,88.0,0.7,231.0,3.2,227.0,0.0,-99.8,-99.8,-99.8,-99.8,-99.8,-99.8,-99.8
2023-09-06 17:00:00,1002.1,27.6,90.0,0.1,0.0,4.0,223.0,0.0,-99.8,-99.8,-99.8,-99.8,-99.8,-99.8,-99.8
2023-09-06 18:00:00,1002.6,26.5,94.0,0.3,8.0,1.1,262.0,0.0,-99.8,-99.8,-99.8,-99.8,-99.8,-99.8,-99.8
2023-09-06 19:00:00,1003.0,25.8,94.0,0.5,354.0,1.7,349.0,0.0,-99.8,-99.8,-99.8,-99.8,-99.8,-99.8,-99.8
2023-09-06 20:00:00,1004.0,25.6,97.0,0.1,0.0,1.1,17.0,2.5,-99.8,-99.8,-99.8,-99.8,-99.8,-99.8,-99.8
2023-09-06 21:00:00,1004.5,25.0,98.0,0.6,155.0,2.3,30.0,6.5,-99.8,-99.8,-99.8,-99.8,-99.8,-99.8,-99.8
2023-09-06 22:00:00,1004.7,24.5,99.0,0.1,0.0,2.4,29.0,3.5,-99.8,-99.8,-99.8,-99.8,-99.8,-99.8,-99.8
2023-09-06 23:00:00,1004.8,24.4,99.0,0.0,0.0,1.2,268.0,4.5,-99.8,-99.8,-99.8,-99.8,-99.8,-99.8,-99.8
2023-09-07 00:00:00,1004.3,24.4,99.0,0.2,0.0,1.5,32.0,0.5,-99.8,-99.8,-99.8,-99.8,-99.8,-99.8,-99.8
2023-09-07 01:00:00,1003.7,24.3,100.0,0.3,18.0,1.0,11.0,0.0,-99.8,-99.8,-99.8,-99.8,-99.8,-99.8,-99.8
2023-09-07 02:00:00,1003.0,24.1,100.0,0.5,350.0,0.9,28.0,0.0,-99.8,-99.8,-99.8,-99.8,-99.8,-99.8,-99.8
2023-09-07 03:00:00,1002.8,24.1,100.0,0.3,9.0,1.0,18.0,0.0,-99.8,-99.8,-99.8,-99.8,-99.8,-99.8,-99.8
2023-09-07 04:00:00,1002.7,24.3,100.0,0.2,0.0,1.4,29.0,0.0,-99.8,-99.8,-99.8,-99.8,-99.8,-99.8,-99.8
2023-09-07 05:00:00,1002.9,24.2,99.0,0.4,358.0,2.0,311.0,0.0,-99.8,-99.8,-99.8,-99.8,-99.8,-99.8,-99.8
2023-09-07 06:00:00,1003.3,24.1,99.0,0.4,342.0,1.1,2.0,0.0,-99.8,-99.8,-99.8,-99.8,-99.8,-99.8,-99.8
2023-09-07 07:00:00,1003.5,24.9,99.0,0.3,16.0,0.9,347.0,0.0,-99.8,-99.8,-99.8,-99.8,-99.8,-99.8,-99.8
2023-09-07 08:00:00,1004.2,26.3,93.0,0.0,0.0,0.9,45.0,0.0,-99.8,-99.8,-99.8,-99.8,-99.8,-99.8,-99.8
2023-09-07 09:00:00,1004.4,27.4,86.0,0.3,114.0,1.0,38.0,0.0,-99.8,-99.8,-99.8,-99.8,-99.8,-99.8,-99.8
2023-09-07 10:00:00,1004.7,28.3,81.0,3.0,209.0,4.6,223.0,0.0,-99.8,-99.8,-99.8,-99.8,-99.8,-99.8,-99.8
2023-09-07 11:00:00,1004.4,27.8,82.0,1.0,232.0,5.9,199.0,0.0,-99.8,-99.8,-99.8,-99.8,-99.8,-99.8,-99.8
2023-09-07 12:00:00,1003.7,27.2,82.0,5.2,218.0,7.2,234.0,0.0,-99.8,-99.8,-99.8,-99.8,-99.8,-99.8,-99.8
2023-09-07 13:00:00,1003.3,27.5,83.0,0.5,327.0,7.1,235.0,0.0,-99.8,-99.8,-99.8,-99.8,-99.8,-99.8,-99.8
2023-09-07 14:00:00,1002.7,26.3,81.0,1.3,293.0,4.4,306.0,0.0,-99.8,-99.8,-99.8,-99.8,-99.8,-99.8,-99.8
2023-09-07 15:00:00,1003.1,26.1,84.0,1.6,267.0,4.0,308.0,0.0,-99.8,-99.8,-99.8,-99.8,-99.8,-99.8,-99.8
2023-09-07 16:00:00,1003.2,24.7,97.0,0.2,0.0,2.5,234.0,2.0,-99.8,-99.8,-99.8,-99.8,-99.8,-99.8,-99.8
2023-09-07 17:00:00,1003.3,24.4,98.0,0.4,350.0,1.2,24.0,1.5,-99.8,-99.8,-99.8,-99.8,-99.8,-99.8,-99.8
2023-09-07 18:00:00,1003.5,24.2,98.0,0.7,5.0,1.4,22.0,1.0,-99.8,-99.8,-99.8,-99.8,-99.8,-99.8,-99.8
2023-09-07 19:00:00,1004.0,23.8,98.0,0.5,7.0,1.7,1.0,2.0,-99.8,-99.8,-99.8,-99.8,-99.8,-99.8,-99.8
2023-09-07 20:00:00,1004.2,23.6,97.0,1.0,7.0,3.2,38.0,1.0,-99.8,-99.8,-99.8,-99.8,-99.8,-99.8,-99.8
2023-09-07 21:00:00,1005.1,23.4,96.0,1.1,359.0,3.2,5.0,1.0,-99.8,-99.8,-99.8,-99.8,-99.8,-99.8,-99.8
2023-09-07 22:00:00,1005.4,23.5,95.0,0.9,328.0,2.3,357.0,1.0,-99.8,-99.8,-99.8,-99.8,-99.8,-99.8,-99.8
2023-09-07 23:00:00,1004.7,23.0,98.0,0.6,352.0,3.1,24.0,1.5,-99.8,-99.8,-99.8,-99.8,-99.8,-99.8,-99.8
2023-09-08 00:00:00,1003.7,23.6,99.0,0.6,360.0,2.3,352.0,0.5,-99.8,-99.8,-99.8,-99.8,-99.8,-99.8,-99.8
2023-09-08 01:00:00,1003.5,23.9,99.0,0.8,7.0,2.5,331.0,0.0,-99.8,-99.8,-99.8,-99.8,-99.8,-99.8,-99.8
2023-09-08 02:00:00,1003.0,23.9,99.0,0.8,1.0,1.5,360.0,0.0,-99.8,-99.8,-99.8,-99.8,-99.8,-99.8,-99.8
2023-09-08 03:00:00,1003.0,23.7,99.0,0.7,348.0,1.8,1.0,0.0,-99.8,-99.8,-99.8,-99.8,-99.8,-99.8,-99.8
2023-09-08 04:00:00,1003.0,23.9,99.0,0.5,355.0,1.2,329.0,0.0,-99.8,-99.8,-99.8,-99.8,-99.8,-99.8,-99.8
2023-09-08 05:00:00,1003.1,23.7,99.0,0.5,11.0,1.1,342.0,0.0,-99.8,-99.8,-99.8,-99.8,-99.8,-99.8,-99.8
2023-09-08 06:00:00,1003.4,24.0,99.0,0.5,343.0,1.2,344.0,0.0,-99.8,-99.8,-99.8,-99.8,-99.8,-99.8,-99.8
2023-09-08 07:00:00,1003.8,24.6,99.0,0.1,0.0,0.8,337.0,0.0,-99.8,-99.8,-99.8,-99.8,-99.8,-99.8,-99.8
2023-09-08 08:00:00,1004.0,26.3,90.0,0.5,160.0,1.7,236.0,0.0,-99.8,-99.8,-99.8,-99.8,-99.8,-99.8,-99.8
2023-09-08 09:00:00,1004.3,27.4,83.0,0.7,166.0,1.6,174.0,0.0,-99.8,-99.8,-99.8,-99.8,-99.8,-99.8,-99.8
2023-09-08 10:00:00,1003.8,28.5,80.0,2.4,180.0,4.4,229.0,0.0,-99.8,-99.8,-99.8,-99.8,-99.8,-99.8,-99.8
2023-09-08 11:00:00,1003.8,26.7,87.0,4.0,231.0,7.0,230.0,0.0,-99.8,-99.8,-99.8,-99.8,-99.8,-99.8,-99.8
2023-09-08 12:00:00,1003.3,25.9,91.0,1.0,250.0,7.7,259.0,0.5,-99.8,-99.8,-99.8,-99.8,-99.8,-99.8,-99.8
2023-09-08 13:00:00,1002.6,25.6,87.0,1.8,314.0,5.4,263.0,0.5,-99.8,-99.8,-99.8,-99.8,-99.8,-99.8,-99.8
2023-09-08 14:00:00,1002.3,26.3,83.0,1.6,1.0,4.7,13.0,0.0,-99.8,-99.8,-99.8,-99.8,-99.8,-99.8,-99.8
2023-09-08 15:00:00,1002.6,23.9,95.0,1.0,250.0,5.4,28.0,3.5,-99.8,-99.8,-99.8,-99.8,-99.8,-99.8,-99.8
2023-09-08 16:00:00,1002.7,23.6,97.0,1.0,18.0,3.6,148.0,0.5,-99.8,-99.8,-99.8,-99.8,-99.8,-99.8,-99.8
2023-09-08 17:00:00,1002.9,23.2,94.0,0.8,5.0,2.7,41.0,0.5,-99.8,-99.8,-99.8,-99.8,-99.8,-99.8,-99.8
2023-09-08 18:00:00,1003.3,22.6,94.0,1.1,9.0,2.6,30.0,0.0,-99.8,-99.8,-99.8,-99.8,-99.8,-99.8,-99.8
2023-09-08 19:00:00,1003.7,22.4,95.0,1.3,11.0,3.1,30.0,0.0,-99.8,-99.8,-99.8,-99.8,-99.8,-99.8,-99.8
2023-09-08 20:00:00,1004.2,22.4,93.0,1.2,12.0,3.5,29.0,0.0,-99.8,-99.8,-99.8,-99.8,-99.8,-99.8,-99.8
2023-09-08 21:00:00,1004.4,22.6,94.0,1.1,12.0,2.8,11.0,0.0,-99.8,-99.8,-99.8,-99.8,-99.8,-99.8,-99.8
2023-09-08 22:00:00,1004.0,22.7,91.0,0.9,355.0,2.2,20.0,0.0,-99.8,-99.8,-99.8,-99.8,-99.8,-99.8,-99.8
2023-09-08 23:00:00,1003.9,22.7,87.0,0.9,3.0,2.4,33.0,0.0,-99.8,-99.8,-99.8,-99.8,-99.8,-99.8,-99.8
2023-09-09 00:00:00,1003.8,22.8,88.0,0.9,10.0,2.1,15.0,0.0,-99.8,-99.8,-99.8,-99.8,-99.8,-99.8,-99.8
2023-09-09 01:00:00,1003.1,22.8,87.0,1.1,13.0,3.2,342.0,0.0,-99.8,-99.8,-99.8,-99.8,-99.8,-99.8,-99.8
2023-09-09 02:00:00,1002.6,22.9,86.0,0.9,6.0,1.8,10.0,0.0,-99.8,-99.8,-99.8,-99.8,-99.8,-99.8,-99.8
2023-09-09 03:00:00,1002.3,23.2,81.0,1.0,350.0,2.2,18.0,0.0,-99.8,-99.8,-99.8,-99.8,-99.8,-99.8,-99.8
2023-09-09 04:00:00,1002.1,23.1,82.0,0.8,6.0,2.3,347.0,0.0,-99.8,-99.8,-99.8,-99.8,-99.8,-99.8,-99.8
2023-09-09 05:00:00,1001.7,22.7,85.0,1.0,11.0,2.2,2.0,0.0,-99.8,-99.8,-99.8,-99.8,-99.8,-99.8,-99.8
2023-09-09 06:00:00,1002.0,22.6,86.0,0.6,348.0,1.9,31.0,0.0,-99.8,-99.8,-99.8,-99.8,-99.8,-99.8,-99.8
2023-09-09 07:00:00,1003.1,23.8,82.0,1.0,19.0,2.3,11.0,0.0,-99.8,-99.8,-99.8,-99.8,-99.8,-99.8,-99.8
2023-09-09 08:00:00,1003.6,26.3,77.0,0.4,28.0,2.3,15.0,0.0,-99.8,-99.8,-99.8,-99.8,-99.8,-99.8,-99.8
2023-09-09 09:00:00,1004.0,28.8,68.0,0.8,178.0,1.6,138.0,0.0,-99.8,-99.8,-99.8,-99.8,-99.8,-99.8,-99.8
2023-09-09 10:00:00,1004.0,29.4,63.0,0.6,158.0,2.0,151.0,0.0,-99.8,-99.8,-99.8,-99.8,-99.8,-99.8,-99.8
2023-09-09 11:00:00,1003.4,30.3,61.0,1.4,164.0,2.6,213.0,0.0,-99.8,-99.8,-99.8,-99.8,-99.8,-99.8,-99.8
2023-09-09 12:00:00,1002.9,26.8,79.0,2.9,217.0,5.3,209.0,0.0,-99.8,-99.8,-99.8,-99.8,-99.8,-99.8,-99.8
2023-09-09 13:00:00,1002.6,26.7,78.0,1.3,230.0,4.6,206.0,0.0,-99.8,-99.8,-99.8,-99.8,-99.8,-99.8,-99.8
2023-09-09 14:00:00,1002.1,26.7,82.0,0.1,0.0,1.8,288.0,0.0,-99.8,-99.8,-99.8,-99.8,-99.8,-99.8,-99.8
2023-09-09 15:00:00,1002.1,26.8,74.0,0.8,238.0,2.0,211.0,0.0,-99.8,-99.8,-99.8,-99.8,-99.8,-99.8,-99.8
2023-09-09 16:00:00,1002.1,25.7,85.0,0.5,14.0,2.3,249.0,0.0,-99.8,-99.8,-99.8,-99.8,-99.8,-99.8,-99.8
2023-09-09 17:00:00,1002.6,24.9,87.0,0.6,2.0,1.0,35.0,0.0,-99.8,-99.8,-99.8,-99.8,-99.8,-99.8,-99.8
2023-09-09 18:00:00,1003.2,24.0,87.0,0.8,3.0,3.2,26.0,0.0,-99.8,-99.8,-99.8,-99.8,-99.8,-99.8,-99.8
2023-09-09 19:00:00,1003.2,24.2,87.0,0.8,14.0,2.2,3.0,0.0,-99.8,-99.8,-99.8,-99.8,-99.8,-99.8,-99.8
2023-09-09 20:00:00,1003.5,24.0,87.0,0.7,13.0,1.6,16.0,0.0,-99.8,-99.8,-99.8,-99.8,-99.8,-99.8,-99.8
2023-09-09 21:00:00,1003.9,23.8,85.0,0.7,11.0,1.8,346.0,0.0,-99.8,-99.8,-99.8,-99.8,-99.8,-99.8,-99.8
2023-09-09 22:00:00,1004.1,23.9,85.0,0.6,357.0,1.6,354.0,0.0,-99.8,-99.8,-99.8,-99.8,-99.8,-99.8,-99.8
2023-09-09 23:00:00,1003.7,23.3,81.0,0.7,353.0,1.8,34.0,0.0,-99.8,-99.8,-99.8,-99.8,-99.8,-99.8,-99.8
2023-09-10 00:00:00,1003.1,22.8,81.0,0.6,346.0,1.7,360.0,0.0,-99.8,-99.8,-99.8,-99.8,-99.8,-99.8,-99.8
2023-09-10 01:00:00,1002.6,22.9,82.0,0.8,347.0,1.5,326.0,0.0,-99.8,-99.8,-99.8,-99.8,-99.8,-99.8,-99.8
2023-09-10 02:00:00,1001.9,22.8,83.0,0.6,343.0,1.6,339.0,0.0,-99.8,-99.8,-99.8,-99.8,-99.8,-99.8,-99.8
2023-09-10 03:00:00,1001.5,22.7,79.0,1.0,352.0,2.5,1.0,0.0,-99.8,-99.8,-99.8,-99.8,-99.8,-99.8,-99.8
2023-09-10 04:00:00,1001.4,22.7,81.0,0.9,340.0,1.6,356.0,0.0,-99.8,-99.8,-99.8,-99.8,-99.8,-99.8,-99.8
2023-09-10 05:00:00,1001.5,22.3,80.0,0.8,342.0,1.6,310.0,0.0,-99.8,-99.8,-99.8,-99.8,-99.8,-99.8,-99.8
2023-09-10 06:00:00,1001.9,22.5,80.0,0.9,353.0,2.1,25.0,0.0,-99.8,-99.8,-99.8,-99.8,-99.8,-99.8,-99.8
2023-09-10 07:00:00,1002.6,23.3,78.0,0.8,14.0,2.1,19.0,0.0,-99.8,-99.8,-99.8,-99.8,-99.8,-99.8,-99.8
2023-09-10 08:00:00,1003.1,27.1,71.0,0.4,56.0,1.9,17.0,0.0,-99.8,-99.8,-99.8,-99.8,-99.8,-99.8,-99.8
2023-09-10 09:00:00,1003.1,28.7,68.0,0.5,149.0,1.8,48.0,0.0,-99.8,-99.8,-99.8,-99.8,-99.8,-99.8,-99.8
2023-09-10 10:00:00,1003.1,29.0,69.0,0.9,165.0,2.1,160.0,0.0,-99.8,-99.8,-99.8,-99.8,-99.8,-99.8,-99.8
2023-09-10 11:00:00,1002.8,30.0,60.0,1.3,170.0,2.3,156.0,0.0,-99.8,-99.8,-99.8,-99.8,-99.8,-99.8,-99.8
2023-09-10 12:00:00,1002.4,30.5,55.0,1.1,134.0,2.4,150.0,0.0,-99.8,-99.8,-99.8,-99.8,-99.8,-99.8,-99.8
2023-09-10 13:00:00,1002.0,29.8,60.0,1.2,194.0,2.2,163.0,0.0,-99.8,-99.8,-99.8,-99.8,-99.8,-99.8,-99.8
2023-09-10 14:00:00,1001.7,28.9,60.0,0.5,165.0,2.3,207.0,0.0,-99.8,-99.8,-99.8,-99.8,-99.8,-99.8,-99.8
2023-09-10 15:00:00,1001.4,27.6,68.0,0.6,172.0,1.9,162.0,0.0,-99.8,-99.8,-99.8,-99.8,-99.8,-99.8,-99.8
2023-09-10 16:00:00,1001.7,27.0,71.0,0.4,94.0,1.6,131.0,0.0,-99.8,-99.8,-99.8,-99.8,-99.8,-99.8,-99.8
2023-09-10 17:00:00,1002.0,26.6,77.0,0.2,0.0,1.0,43.0,0.0,-99.8,-99.8,-99.8,-99.8,-99.8,-99.8,-99.8
2023-09-10 18:00:00,1002.2,25.6,82.0,0.3,18.0,1.0,4.0,0.0,-99.8,-99.8,-99.8,-99.8,-99.8,-99.8,-99.8
2023-09-10 19:00:00,1002.6,25.0,82.0,0.5,350.0,1.2,314.0,0.0,-99.8,-99.8,-99.8,-99.8,-99.8,-99.8,-99.8
2023-09-10 20:00:00,1003.3,24.4,81.0,0.6,360.0,1.3,15.0,0.0,-99.8,-99.8,-99.8,-99.8,-99.8,-99.8,-99.8
2023-09-10 21:00:00,1003.5,24.1,78.0,0.6,354.0,1.9,7.0,0.0,-99.8,-99.8,-99.8,-99.8,-99.8,-99.8,-99.8
2023-09-10 22:00:00,1003.2,23.9,79.0,0.7,357.0,1.4,331.0,0.0,-99.8,-99.8,-99.8,-99.8,-99.8,-99.8,-99.8
2023-09-10 23:00:00,1002.8,23.8,82.0,0.6,354.0,1.6,316.0,0.0,-99.8,-99.8,-99.8,-99.8,-99.8,-99.8,-99.8
2023-09-11 00:00:00,1002.3,23.5,83.0,0.5,333.0,1.6,304.0,0.0,-99.8,-99.8,-99.8,-99.8,-99.8,-99.8,-99.8
2023-09-11 01:00:00,1001.6,23.5,79.0,0.9,338.0,1.7,352.0,0.0,-99.8,-99.8,-99.8,-99.8,-99.8,-99.8,-99.8
2023-09-11 02:00:00,1001.1,23.2,79.0,0.7,359.0,1.6,327.0,0.0,-99.8,-99.8,-99.8,-99.8,-99.8,-99.8,-99.8
2023-09-11 03:00:00,1001.2,23.3,78.0,0.8,346.0,1.6,341.0,0.0,-99.8,-99.8,-99.8,-99.8,-99.8,-99.8,-99.8
2023-09-11 04:00:00,1001.1,23.1,80.0,0.8,343.0,1.8,317.0,0.0,-99.8,-99.8,-99.8,-99.8,-99.8,-99.8,-99.8
2023-09-11 05:00:00,1001.1,23.1,80.0,0.7,342.0,1.8,7.0,0.0,-99.8,-99.8,-99.8,-99.8,-99.8,-99.8,-99.8
2023-09-11 06:00:00,1001.5,22.9,82.0,0.8,347.0,1.6,7.0,0.0,-99.8,-99.8,-99.8,-99.8,-99.8,-99.8,-99.8
2023-09-11 07:00:00,1002.2,23.7,79.0,0.7,16.0,2.1,11.0,0.0,-99.8,-99.8,-99.8,-99.8,-99.8,-99.8,-99.8
2023-09-11 08:00:00,1002.6,26.4,72.0,0.4,41.0,1.8,29.0,0.0,-99.8,-99.8,-99.8,-99.8,-99.8,-99.8,-99.8
2023-09-11 09:00:00,1002.9,29.7,65.0,0.8,156.0,2.0,135.0,0.0,-99.8,-99.8,-99.8,-99.8,-99.8,-99.8,-99.8
2023-09-11 10:00:00,1002.9,29.8,67.0,1.2,150.0,2.3,155.0,0.0,-99.8,-99.8,-99.8,-99.8,-99.8,-99.8,-99.8
2023-09-11 11:00:00,1002.9,30.4,61.0,1.0,170.0,2.1,200.0,0.0,-99.8,-99.8,-99.8,-99.8,-99.8,-99.8,-99.8
2023-09-11 12:00:00,1002.6,30.4,60.0,1.1,151.0,2.3,146.0,0.0,-99.8,-99.8,-99.8,-99.8,-99.8,-99.8,-99.8
2023-09-11 13:00:00,1002.1,29.6,63.0,0.9,144.0,2.1,164.0,0.0,-99.8,-99.8,-99.8,-99.8,-99.8,-99.8,-99.8
2023-09-11 14:00:00,1001.7,28.6,65.0,0.7,172.0,2.0,162.0,0.0,-99.8,-99.8,-99.8,-99.8,-99.8,-99.8,-99.8
2023-09-11 15:00:00,1001.5,28.7,68.0,0.5,177.0,1.5,158.0,0.0,-99.8,-99.8,-99.8,-99.8,-99.8,-99.8,-99.8
2023-09-11 16:00:00,1001.6,27.2,75.0,0.4,188.0,1.8,134.0,0.0,-99.8,-99.8,-99.8,-99.8,-99.8,-99.8,-99.8
2023-09-11 17:00:00,1001.7,26.8,76.0,0.1,0.0,1.8,219.0,0.0,-99.8,-99.8,-99.8,-99.8,-99.8,-99.8,-99.8
2023-09-11 18:00:00,1001.8,25.0,80.0,0.6,329.0,1.1,311.0,0.0,-99.8,-99.8,-99.8,-99.8,-99.8,-99.8,-99.8
2023-09-11 19:00:00,1002.5,24.7,83.0,0.7,357.0,1.3,325.0,0.0,-99.8,-99.8,-99.8,-99.8,-99.8,-99.8,-99.8
2023-09-11 20:00:00,1003.0,24.5,82.0,0.8,348.0,1.5,324.0,0.0,-99.8,-99.8,-99.8,-99.8,-99.8,-99.8,-99.8
2023-09-11 21:00:00,1003.5,24.3,83.0,0.7,349.0,1.5,349.0,0.0,-99.8,-99.8,-99.8,-99.8,-99.8,-99.8,-99.8
2023-09-11 22:00:00,1003.5,24.4,79.0,0.7,332.0,1.4,314.0,0.0,-99.8,-99.8,-99.8,-99.8,-99.8,-99.8,-99.8
2023-09-11 23:00:00,1003.3,24.0,73.0,0.8,336.0,1.4,327.0,0.0,-99.8,-99.8,-99.8,-99.8,-99.8,-99.8,-99.8
2023-09-12 00:00:00,1003.0,23.6,76.0,0.7,339.0,1.4,321.0,0.0,-99.8,-99.8,-99.8,-99.8,-99.8,-99.8,-99.8
2023-09-12 01:00:00,1002.4,23.6,77.0,0.8,346.0,1.9,2.0,0.0,-99.8,-99.8,-99.8,-99.8,-99.8,-99.8,-99.8
2023-09-12 02:00:00,1002.2,23.5,78.0,0.7,349.0,1.8,325.0,0.0,-99.8,-99.8,-99.8,-99.8,-99.8,-99.8,-99.8
2023-09-12 03:00:00,1001.8,23.6,75.0,0.9,350.0,2.1,11.0,0.0,-99.8,-99.8,-99.8,-99.8,-99.8,-99.8,-99.8
2023-09-12 04:00:00,1001.6,23.6,71.0,0.8,343.0,1.6,322.0,0.0,-99.8,-99.8,-99.8,-99.8,-99.8,-99.8,-99.8
2023-09-12 05:00:00,1001.9,23.2,77.0,0.9,346.0,1.7,327.0,0.0,-99.8,-99.8,-99.8,-99.8,-99.8,-99.8,-99.8
2023-09-12 06:00:00,1002.3,23.2,77.0,0.8,351.0,1.6,14.0,0.0,-99.8,-99.8,-99.8,-99.8,-99.8,-99.8,-99.8
2023-09-12 07:00:00,1002.5,24.4,74.0,1.0,13.0,2.4,355.0,0.0,-99.8,-99.8,-99.8,-99.8,-99.8,-99.8,-99.8
2023-09-12 08:00:00,1002.9,26.9,72.0,0.3,57.0,1.7,29.0,0.0,-99.8,-99.8,-99.8,-99.8,-99.8,-99.8,-99.8
2023-09-12 09:00:00,1003.4,29.7,67.0,0.9,154.0,1.7,130.0,0.0,-99.8,-99.8,-99.8,-99.8,-99.8,-99.8,-99.8
2023-09-12 10:00:00,1003.3,30.7,62.0,1.0,121.0,2.2,133.0,0.0,-99.8,-99.8,-99.8,-99.8,-99.8,-99.8,-99.8
2023-09-12 11:00:00,1003.0,30.6,58.0,1.1,165.0,2.0,145.0,0.0,-99.8,-99.8,-99.8,-99.8,-99.8,-99.8,-99.8
2023-09-12 12:00:00,1002.3,30.5,58.0,0.7,208.0,2.1,134.0,0.0,-99.8,-99.8,-99.8,-99.8,-99.8,-99.8,-99.8
2023-09-12 13:00:00,1001.8,31.1,60.0,0.9,157.0,2.5,152.0,0.0,-99.8,-99.8,-99.8,-99.8,-99.8,-99.8,-99.8
2023-09-12 14:00:00,1001.4,31.0,62.0,0.9,166.0,2.5,171.0,0.0,-99.8,-99.8,-99.8,-99.8,-99.8,-99.8,-99.8
2023-09-12 15:00:00,1001.0,30.6,62.0,0.9,152.0,2.1,199.0,0.0,-99.8,-99.8,-99.8,-99.8,-99.8,-99.8,-99.8
2023-09-12 16:00:00,1000.7,26.6,75.0,0.7,302.0,1.5,158.0,0.0,-99.8,-99.8,-99.8,-99.8,-99.8,-99.8,-99.8
2023-09-12 17:00:00,1000.8,26.5,77.0,0.2,0.0,0.9,298.0,0.0,-99.8,-99.8,-99.8,-99.8,-99.8,-99.8,-99.8
2023-09-12 18:00:00,1001.1,25.9,80.0,0.2,0.0,1.0,305.0,0.0,-99.8,-99.8,-99.8,-99.8,-99.8,-99.8,-99.8
2023-09-12 19:00:00,1001.6,25.8,79.0,0.5,351.0,1.4,347.0,0.0,-99.8,-99.8,-99.8,-99.8,-99.8,-99.8,-99.8
2023-09-12 20:00:00,1002.6,25.9,79.0,0.5,7.0,1.3,338.0,0.0,-99.8,-99.8,-99.8,-99.8,-99.8,-99.8,-99.8
2023-09-12 21:00:00,1003.3,25.3,80.0,0.6,349.0,1.3,34.0,0.0,-99.8,-99.8,-99.8,-99.8,-99.8,-99.8,-99.8
2023-09-12 22:00:00,1003.3,25.3,80.0,0.8,354.0,1.5,344.0,0.0,-99.8,-99.8,-99.8,-99.8,-99.8,-99.8,-99.8
2023-09-12 23:00:00,1003.1,24.8,79.0,0.6,3.0,1.5,339.0,0.0,-99.8,-99.8,-99.8,-99.8,-99.8,-99.8,-99.8
2023-09-13 00:00:00,1002.9,24.6,80.0,0.6,11.0,2.0,8.0,0.0,-99.8,-99.8,-99.8,-99.8,-99.8,-99.8,-99.8
2023-09-13 01:00:00,1002.7,24.5,78.0,0.7,5.0,2.6,3.0,0.0,-99.8,-99.8,-99.8,-99.8,-99.8,-99.8,-99.8
2023-09-13 02:00:00,1001.9,24.2,78.0,0.6,13.0,1.9,9.0,0.0,-99.8,-99.8,-99.8,-99.8,-99.8,-99.8,-99.8
2023-09-13 03:00:00,1001.5,23.9,82.0,0.6,9.0,1.7,357.0,0.0,-99.8,-99.8,-99.8,-99.8,-99.8,-99.8,-99.8
2023-09-13 04:00:00,1001.6,23.8,81.0,0.7,351.0,1.6,357.0,0.0,-99.8,-99.8,-99.8,-99.8,-99.8,-99.8,-99.8
2023-09-13 05:00:00,1001.6,23.7,80.0,0.9,359.0,1.6,342.0,0.0,-99.8,-99.8,-99.8,-99.8,-99.8,-99.8,-99.8
2023-09-13 06:00:00,1001.9,23.7,80.0,0.9,348.0,1.6,313.0,0.0,-99.8,-99.8,-99.8,-99.8,-99.8,-99.8,-99.8
2023-09-13 07:00:00,1002.3,24.9,77.0,0.9,16.0,1.6,8.0,0.0,-99.8,-99.8,-99.8,-99.8,-99.8,-99.8,-99.8
2023-09-13 08:00:00,1002.4,28.7,68.0,0.4,111.0,1.8,4.0,0.0,-99.8,-99.8,-99.8,-99.8,-99.8,-99.8,-99.8
2023-09-13 09:00:00,1002.7,30.0,67.0,1.0,167.0,1.8,146.0,0.0,-99.8,-99.8,-99.8,-99.8,-99.8,-99.8,-99.8
2023-09-13 10:00:00,1002.8,30.0,70.0,1.1,169.0,2.3,171.0,0.0,-99.8,-99.8,-99.8,-99.8,-99.8,-99.8,-99.8
2023-09-13 11:00:00,1002.5,30.4,66.0,1.1,147.0,2.1,147.0,0.0,-99.8,-99.8,-99.8,-99.8,-99.8,-99.8,-99.8
2023-09-13 12:00:00,1002.1,30.4,66.0,1.2,172.0,2.2,171.0,0.0,-99.8,-99.8,-99.8,-99.8,-99.8,-99.8,-99.8
2023-09-13 13:00:00,1001.8,30.9,65.0,1.0,178.0,2.3,164.0,0.0,-99.8,-99.8,-99.8,-99.8,-99.8,-99.8,-99.8
2023-09-13 14:00:00,1001.3,30.4,67.0,1.0,185.0,2.2,139.0,0.0,-99.8,-99.8,-99.8,-99.8,-99.8,-99.8,-99.8
2023-09-13 15:00:00,1000.9,29.2,70.0,0.9,202.0,2.4,210.0,0.0,-99.8,-99.8,-99.8,-99.8,-99.8,-99.8,-99.8
2023-09-13 16:00:00,1000.9,27.6,77.0,0.3,220.0,2.1,205.0,0.0,-99.8,-99.8,-99.8,-99.8,-99.8,-99.8,-99.8
2023-09-13 17:00:00,1001.1,26.5,78.0,0.3,309.0,1.2,309.0,0.0,-99.8,-99.8,-99.8,-99.8,-99.8,-99.8,-99.8
2023-09-13 18:00:00,1001.2,26.1,80.0,0.4,322.0,1.0,307.0,0.0,-99.8,-99.8,-99.8,-99.8,-99.8,-99.8,-99.8
2023-09-13 19:00:00,1001.7,25.5,83.0,0.5,7.0,1.1,333.0,0.0,-99.8,-99.8,-99.8,-99.8,-99.8,-99.8,-99.8
2023-09-13 20:00:00,1002.3,25.7,81.0,0.6,12.0,1.3,334.0,0.0,-99.8,-99.8,-99.8,-99.8,-99.8,-99.8,-99.8
2023-09-13 21:00:00,1002.8,25.3,82.0,0.5,346.0,1.3,340.0,0.0,-99.8,-99.8,-99.8,-99.8,-99.8,-99.8,-99.8
2023-09-13 22:00:00,1003.0,25.1,85.0,0.7,348.0,1.4,7.0,0.0,-99.8,-99.8,-99.8,-99.8,-99.8,-99.8,-99.8
2023-09-13 23:00:00,1003.0,24.9,86.0,0.6,357.0,1.6,3.0,0.0,-99.8,-99.8,-99.8,-99.8,-99.8,-99.8,-99.8
2023-09-14 00:00:00,1002.8,24.7,87.0,0.6,355.0,1.3,351.0,0.0,-99.8,-99.8,-99.8,-99.8,-99.8,-99.8,-99.8
2023-09-14 01:00:00,1002.4,24.5,87.0,0.5,5.0,1.5,360.0,0.0,-99.8,-99.8,-99.8,-99.8,-99.8,-99.8,-99.8
2023-09-14 02:00:00,1002.4,24.5,88.0,0.4,356.0,1.4,360.0,0.0,-99.8,-99.8,-99.8,-99.8,-99.8,-99.8,-99.8
2023-09-14 03:00:00,1002.2,24.6,91.0,0.7,340.0,1.3,323.0,0.0,-99.8,-99.8,-99.8,-99.8,-99.8,-99.8,-99.8
2023-09-14 04:00:00,1001.6,24.3,89.0,0.5,6.0,1.5,8.0,0.0,-99.8,-99.8,-99.8,-99.8,-99.8,-99.8,-99.8
2023-09-14 05:00:00,1001.4,24.1,90.0,0.7,346.0,1.3,314.0,0.0,-99.8,-99.8,-99.8,-99.8,-99.8,-99.8,-99.8
2023-09-14 06:00:00,1002.0,24.2,87.0,0.7,1.0,1.4,2.0,0.0,-99.8,-99.8,-99.8,-99.8,-99.8,-99.8,-99.8
2023-09-14 07:00:00,1002.5,24.8,87.0,0.4,353.0,1.5,13.0,0.0,-99.8,-99.8,-99.8,-99.8,-99.8,-99.8,-99.8
2023-09-14 08:00:00,1002.9,29.2,74.0,0.8,158.0,1.5,161.0,0.0,-99.8,-99.8,-99.8,-99.8,-99.8,-99.8,-99.8
2023-09-14 09:00:00,1003.2,29.9,71.0,1.0,163.0,1.9,145.0,0.0,-99.8,-99.8,-99.8,-99.8,-99.8,-99.8,-99.8
2023-09-14 10:00:00,1003.9,30.7,68.0,0.9,150.0,2.2,172.0,0.0,-99.8,-99.8,-99.8,-99.8,-99.8,-99.8,-99.8
2023-09-14 11:00:00,1003.8,31.1,66.0,1.2,151.0,2.3,217.0,0.0,-99.8,-99.8,-99.8,-99.8,-99.8,-99.8,-99.8
2023-09-14 12:00:00,1003.2,31.2,63.0,1.0,160.0,2.3,131.0,0.0,-99.8,-99.8,-99.8,-99.8,-99.8,-99.8,-99.8
2023-09-14 13:00:00,1002.4,31.2,63.0,1.0,155.0,2.3,142.0,0.0,-99.8,-99.8,-99.8,-99.8,-99.8,-99.8,-99.8
2023-09-14 14:00:00,1002.4,31.6,55.0,0.8,173.0,2.3,148.0,0.0,-99.8,-99.8,-99.8,-99.8,-99.8,-99.8,-99.8
2023-09-14 15:00:00,1001.9,31.3,60.0,1.2,151.0,2.1,154.0,0.0,-99.8,-99.8,-99.8,-99.8,-99.8,-99.8,-99.8
2023-09-14 16:00:00,1002.2,27.1,74.0,0.3,341.0,2.6,205.0,0.0,-99.8,-99.8,-99.8,-99.8,-99.8,-99.8,-99.8
2023-09-14 17:00:00,1002.3,26.4,73.0,0.8,345.0,1.4,328.0,0.0,-99.8,-99.8,-99.8,-99.8,-99.8,-99.8,-99.8
2023-09-14 18:00:00,1002.3,25.9,78.0,0.8,358.0,1.5,2.0,0.0,-99.8,-99.8,-99.8,-99.8,-99.8,-99.8,-99.8
2023-09-14 19:00:00,1003.1,25.6,78.0,0.7,1.0,1.5,8.0,0.0,-99.8,-99.8,-99.8,-99.8,-99.8,-99.8,-99.8
2023-09-14 20:00:00,1003.9,25.2,79.0,0.5,358.0,1.4,321.0,0.0,-99.8,-99.8,-99.8,-99.8,-99.8,-99.8,-99.8
2023-09-14 21:00:00,1004.4,25.3,76.0,0.8,13.0,1.9,17.0,0.0,-99.8,-99.8,-99.8,-99.8,-99.8,-99.8,-99.8
2023-09-14 22:00:00,1004.2,25.3,75.0,0.8,352.0,1.9,340.0,0.0,-99.8,-99.8,-99.8,-99.8,-99.8,-99.8,-99.8
2023-09-14 23:00:00,1003.9,25.1,76.0,0.9,344.0,1.7,360.0,0.0,-99.8,-99.8,-99.8,-99.8,-99.8,-99.8,-99.8
2023-09-15 00:00:00,1003.6,24.9,77.0,0.8,356.0,1.4,354.0,0.0,-99.8,-99.8,-99.8,-99.8,-99.8,-99.8,-99.8
2023-09-15 01:00:00,1003.8,25.1,76.0,0.6,356.0,1.8,5.0,0.0,-99.8,-99.8,-99.8,-99.8,-99.8,-99.8,-99.8
2023-09-15 02:00:00,1003.0,25.0,76.0,0.5,325.0,2.1,21.0,0.0,-99.8,-99.8,-99.8,-99.8,-99.8,-99.8,-99.8
2023-09-15 03:00:00,1002.3,25.0,76.0,0.7,11.0,1.6,20.0,0.0,-99.8,-99.8,-99.8,-99.8,-99.8,-99.8,-99.8
2023-09-15 04:00:00,1002.3,24.8,76.0,0.7,339.0,2.4,357.0,0.0,-99.8,-99.8,-99.8,-99.8,-99.8,-99.8,-99.8
2023-09-15 05:00:00,1002.8,25.1,72.0,0.8,343.0,1.9,279.0,0.0,-99.8,-99.8,-99.8,-99.8,-99.8,-99.8,-99.8
2023-09-15 06:00:00,1003.3,24.8,74.0,0.6,350.0,1.8,18.0,0.0,-99.8,-99.8,-99.8,-99.8,-99.8,-99.8,-99.8
2023-09-15 07:00:00,1004.0,25.9,71.0,1.3,13.0,2.5,14.0,0.0,-99.8,-99.8,-99.8,-99.8,-99.8,-99.8,-99.8
2023-09-15 08:00:00,1004.1,30.1,58.0,0.4,64.0,2.8,3.0,0.0,-99.8,-99.8,-99.8,-99.8,-99.8,-99.8,-99.8
2023-09-15 09:00:00,1004.6,30.7,59.0,0.6,188.0,3.4,196.0,0.0,-99.8,-99.8,-99.8,-99.8,-99.8,-99.8,-99.8
2023-09-15 10:00:00,1005.3,32.0,59.0,0.8,153.0,2.7,141.0,0.0,-99.8,-99.8,-99.8,-99.8,-99.8,-99.8,-99.8
2023-09-15 11:00:00,1005.2,31.6,56.0,1.8,189.0,3.5,204.0,0.0,-99.8,-99.8,-99.8,-99.8,-99.8,-99.8,-99.8
2023-09-15 12:00:00,1004.5,31.6,60.0,1.8,196.0,3.8,222.0,0.0,-99.8,-99.8,-99.8,-99.8,-99.8,-99.8,-99.8
2023-09-15 13:00:00,1004.3,31.2,61.0,2.2,200.0,3.9,200.0,0.0,-99.8,-99.8,-99.8,-99.8,-99.8,-99.8,-99.8
2023-09-15 14:00:00,1003.7,31.4,65.0,1.9,200.0,3.4,207.0,0.0,-99.8,-99.8,-99.8,-99.8,-99.8,-99.8,-99.8
2023-09-15 15:00:00,1003.9,29.6,75.0,1.7,198.0,3.6,213.0,0.0,-99.8,-99.8,-99.8,-99.8,-99.8,-99.8,-99.8
2023-09-15 16:00:00,1003.8,28.1,81.0,1.1,185.0,3.0,218.0,0.0,-99.8,-99.8,-99.8,-99.8,-99.8,-99.8,-99.8
2023-09-15 17:00:00,1003.8,27.8,84.0,0.9,187.0,2.7,212.0,0.0,-99.8,-99.8,-99.8,-99.8,-99.8,-99.8,-99.8
2023-09-15 18:00:00,1003.9,26.9,87.0,0.1,0.0,3.0,208.0,0.0,-99.8,-99.8,-99.8,-99.8,-99.8,-99.8,-99.8
2023-09-15 19:00:00,1004.6,26.3,87.0,0.4,354.0,1.8,30.0,0.0,-99.8,-99.8,-99.8,-99.8,-99.8,-99.8,-99.8
2023-09-15 20:00:00,1005.7,26.2,86.0,0.7,342.0,1.5,343.0,0.0,-99.8,-99.8,-99.8,-99.8,-99.8,-99.8,-99.8
2023-09-15 21:00:00,1006.0,26.2,83.0,0.7,7.0,2.9,21.0,0.0,-99.8,-99.8,-99.8,-99.8,-99.8,-99.8,-99.8
2023-09-15 22:00:00,1006.2,25.8,84.0,0.8,348.0,2.5,330.0,0.0,-99.8,-99.8,-99.8,-99.8,-99.8,-99.8,-99.8
2023-09-15 23:00:00,1006.2,25.8,83.0,0.6,11.0,1.4,16.0,0.0,-99.8,-99.8,-99.8,-99.8,-99.8,-99.8,-99.8
2023-09-16 00:00:00,1005.6,25.6,82.0,0.5,4.0,1.7,18.0,0.0,-99.8,-99.8,-99.8,-99.8,-99.8,-99.8,-99.8
2023-09-16 01:00:00,1005.3,25.4,84.0,0.4,353.0,1.5,321.0,0.0,-99.8,-99.8,-99.8,-99.8,-99.8,-99.8,-99.8
2023-09-16 02:00:00,1005.3,25.2,84.0,0.5,355.0,2.7,43.0,0.0,-99.8,-99.8,-99.8,-99.8,-99.8,-99.8,-99.8
2023-09-16 03:00:00,1005.3,24.9,82.0,0.8,2.0,1.6,338.0,0.0,-99.8,-99.8,-99.8,-99.8,-99.8,-99.8,-99.8
2023-09-16 04:00:00,1005.1,25.2,80.0,0.7,338.0,1.9,4.0,0.0,-99.8,-99.8,-99.8,-99.8,-99.8,-99.8,-99.8
2023-09-16 05:00:00,1005.4,24.9,81.0,0.7,360.0,2.0,6.0,0.0,-99.8,-99.8,-99.8,-99.8,-99.8,-99.8,-99.8
2023-09-16 06:00:00,1005.8,25.0,82.0,0.9,16.0,1.9,358.0,0.0,-99.8,-99.8,-99.8,-99.8,-99.8,-99.8,-99.8
2023-09-16 07:00:00,1006.2,25.8,79.0,0.9,19.0,2.1,32.0,0.0,-99.8,-99.8,-99.8,-99.8,-99.8,-99.8,-99.8
2023-09-16 08:00:00,1007.0,29.5,67.0,0.9,189.0,2.0,177.0,0.0,-99.8,-99.8,-99.8,-99.8,-99.8,-99.8,-99.8
2023-09-16 09:00:00,1007.1,30.9,64.0,1.0,162.0,2.0,163.0,0.0,-99.8,-99.8,-99.8,-99.8,-99.8,-99.8,-99.8
2023-09-16 10:00:00,1006.9,31.4,62.0,1.1,179.0,2.5,177.0,0.0,-99.8,-99.8,-99.8,-99.8,-99.8,-99.8,-99.8
2023-09-16 11:00:00,1006.8,31.3,64.0,1.6,191.0,2.7,172.0,0.0,-99.8,-99.8,-99.8,-99.8,-99.8,-99.8,-99.8
2023-09-16 12:00:00,1006.2,31.7,66.0,1.1,169.0,4.0,207.0,0.0,-99.8,-99.8,-99.8,-99.8,-99.8,-99.8,-99.8
2023-09-16 13:00:00,1005.6,32.6,63.0,1.3,190.0,2.8,197.0,0.0,-99.8,-99.8,-99.8,-99.8,-99.8,-99.8,-99.8
2023-09-16 14:00:00,1005.4,30.4,67.0,1.1,193.0,2.8,210.0,0.0,-99.8,-99.8,-99.8,-99.8,-99.8,-99.8,-99.8
2023-09-16 15:00:00,1004.8,29.6,70.0,1.1,183.0,2.6,204.0,0.0,-99.8,-99.8,-99.8,-99.8,-99.8,-99.8,-99.8
2023-09-16 16:00:00,1004.8,28.1,77.0,1.0,198.0,2.6,204.0,0.0,-99.8,-99.8,-99.8,-99.8,-99.8,-99.8,-99.8
2023-09-16 17:00:00,1004.8,28.0,79.0,0.5,193.0,1.7,219.0,0.0,-99.8,-99.8,-99.8,-99.8,-99.8,-99.8,-99.8
2023-09-16 18:00:00,1004.9,26.8,85.0,0.3,4.0,1.1,30.0,0.0,-99.8,-99.8,-99.8,-99.8,-99.8,-99.8,-99.8
2023-09-16 19:00:00,1005.6,26.5,88.0,0.3,360.0,1.4,354.0,0.0,-99.8,-99.8,-99.8,-99.8,-99.8,-99.8,-99.8
2023-09-16 20:00:00,1006.1,26.5,87.0,0.3,359.0,1.1,300.0,0.0,-99.8,-99.8,-99.8,-99.8,-99.8,-99.8,-99.8
2023-09-16 21:00:00,1006.4,26.2,87.0,0.3,358.0,1.0,342.0,0.0,-99.8,-99.8,-99.8,-99.8,-99.8,-99.8,-99.8
2023-09-16 22:00:00,1006.3,26.1,85.0,0.6,3.0,1.1,354.0,0.0,-99.8,-99.8,-99.8,-99.8,-99.8,-99.8,-99.8
2023-09-16 23:00:00,1006.2,25.8,87.0,0.5,351.0,1.1,2.0,0.0,-99.8,-99.8,-99.8,-99.8,-99.8,-99.8,-99.8
2023-09-17 00:00:00,1005.9,25.6,89.0,0.4,339.0,1.2,9.0,0.0,-99.8,-99.8,-99.8,-99.8,-99.8,-99.8,-99.8
2023-09-17 01:00:00,1005.3,25.5,87.0,0.5,352.0,1.2,358.0,0.0,-99.8,-99.8,-99.8,-99.8,-99.8,-99.8,-99.8
2023-09-17 02:00:00,1005.0,25.3,89.0,0.7,352.0,1.2,5.0,0.0,-99.8,-99.8,-99.8,-99.8,-99.8,-99.8,-99.8
2023-09-17 03:00:00,1004.5,25.4,87.0,0.3,14.0,1.0,324.0,0.0,-99.8,-99.8,-99.8,-99.8,-99.8,-99.8,-99.8
2023-09-17 04:00:00,1004.5,25.1,90.0,0.5,331.0,1.2,356.0,0.0,-99.8,-99.8,-99.8,-99.8,-99.8,-99.8,-99.8
2023-09-17 05:00:00,1005.0,25.0,89.0,0.6,350.0,1.3,348.0,0.0,-99.8,-99.8,-99.8,-99.8,-99.8,-99.8,-99.8
2023-09-17 06:00:00,1004.9,25.3,89.0,0.4,324.0,1.4,4.0,0.0,-99.8,-99.8,-99.8,-99.8,-99.8,-99.8,-99.8
2023-09-17 07:00:00,1005.5,25.6,87.0,0.1,0.0,1.1,327.0,0.0,-99.8,-99.8,-99.8,-99.8,-99.8,-99.8,-99.8
2023-09-17 08:00:00,1005.9,27.5,82.0,0.3,34.0,1.0,352.0,0.0,-99.8,-99.8,-99.8,-99.8,-99.8,-99.8,-99.8
2023-09-17 09:00:00,1005.9,29.5,73.0,0.7,159.0,1.6,172.0,0.0,-99.8,-99.8,-99.8,-99.8,-99.8,-99.8,-99.8
2023-09-17 10:00:00,1006.0,32.3,65.0,1.0,162.0,2.1,157.0,0.0,-99.8,-99.8,-99.8,-99.8,-99.8,-99.8,-99.8
2023-09-17 11:00:00,1005.8,31.1,66.0,1.0,199.0,2.4,212.0,0.0,-99.8,-99.8,-99.8,-99.8,-99.8,-99.8,-99.8
2023-09-17 12:00:00,1005.5,29.7,75.0,0.4,169.0,2.3,130.0,0.0,-99.8,-99.8,-99.8,-99.8,-99.8,-99.8,-99.8
2023-09-17 13:00:00,1005.1,29.4,75.0,1.0,146.0,1.7,140.0,0.0,-99.8,-99.8,-99.8,-99.8,-99.8,-99.8,-99.8
2023-09-17 14:00:00,1004.7,29.0,78.0,0.5,178.0,1.3,158.0,0.0,-99.8,-99.8,-99.8,-99.8,-99.8,-99.8,-99.8
2023-09-17 15:00:00,1004.4,28.7,80.0,0.6,166.0,1.9,206.0,0.0,-99.8,-99.8,-99.8,-99.8,-99.8,-99.8,-99.8
2023-09-17 16:00:00,1004.4,28.0,80.0,0.5,34.0,1.5,195.0,0.0,-99.8,-99.8,-99.8,-99.8,-99.8,-99.8,-99.8
2023-09-17 17:00:00,1004.3,27.8,82.0,0.3,156.0,1.0,65.0,0.0,-99.8,-99.8,-99.8,-99.8,-99.8,-99.8,-99.8
2023-09-17 18:00:00,1004.4,26.8,88.0,0.3,355.0,1.0,348.0,0.0,-99.8,-99.8,-99.8,-99.8,-99.8,-99.8,-99.8
2023-09-17 19:00:00,1005.0,26.5,86.0,0.4,348.0,1.0,24.0,0.0,-99.8,-99.8,-99.8,-99.8,-99.8,-99.8,-99.8
2023-09-17 20:00:00,1005.7,26.5,87.0,0.3,358.0,0.9,15.0,0.0,-99.8,-99.8,-99.8,-99.8,-99.8,-99.8,-99.8
2023-09-17 21:00:00,1006.2,26.3,85.0,0.6,359.0,1.0,3.0,0.0,-99.8,-99.8,-99.8,-99.8,-99.8,-99.8,-99.8
2023-09-17 22:00:00,1006.4,25.9,88.0,0.5,356.0,1.1,3.0,0.0,-99.8,-99.8,-99.8,-99.8,-99.8,-99.8,-99.8
2023-09-17 23:00:00,1006.6,26.2,88.0,0.3,16.0,1.6,338.0,0.0,-99.8,-99.8,-99.8,-99.8,-99.8,-99.8,-99.8
2023-09-18 00:00:00,1006.2,25.9,85.0,0.8,18.0,1.1,338.0,0.0,-99.8,-99.8,-99.8,-99.8,-99.8,-99.8,-99.8
2023-09-18 01:00:00,1005.9,25.7,88.0,0.5,347.0,1.3,16.0,0.0,-99.8,-99.8,-99.8,-99.8,-99.8,-99.8,-99.8
2023-09-18 02:00:00,1005.1,25.3,87.0,0.4,357.0,1.4,354.0,0.0,-99.8,-99.8,-99.8,-99.8,-99.8,-99.8,-99.8
2023-09-18 03:00:00,1005.0,25.4,86.0,0.7,350.0,1.3,294.0,0.0,-99.8,-99.8,-99.8,-99.8,-99.8,-99.8,-99.8
2023-09-18 04:00:00,1005.0,25.0,86.0,0.7,357.0,1.2,358.0,0.0,-99.8,-99.8,-99.8,-99.8,-99.8,-99.8,-99.8
2023-09-18 05:00:00,1004.8,24.8,87.0,0.8,354.0,1.3,6.0,0.0,-99.8,-99.8,-99.8,-99.8,-99.8,-99.8,-99.8
2023-09-18 06:00:00,1005.2,25.0,85.0,0.7,359.0,1.4,7.0,0.0,-99.8,-99.8,-99.8,-99.8,-99.8,-99.8,-99.8
2023-09-18 07:00:00,1005.8,25.6,83.0,0.5,19.0,1.8,17.0,0.0,-99.8,-99.8,-99.8,-99.8,-99.8,-99.8,-99.8
2023-09-18 08:00:00,1006.3,28.9,73.0,0.7,206.0,2.4,206.0,0.0,-99.8,-99.8,-99.8,-99.8,-99.8,-99.8,-99.8
2023-09-18 09:00:00,1006.3,30.9,68.0,1.1,152.0,2.0,142.0,0.0,-99.8,-99.8,-99.8,-99.8,-99.8,-99.8,-99.8
2023-09-18 10:00:00,1006.1,31.2,68.0,1.2,171.0,2.2,168.0,0.0,-99.8,-99.8,-99.8,-99.8,-99.8,-99.8,-99.8
2023-09-18 11:00:00,1006.2,30.9,67.0,1.4,138.0,2.6,168.0,0.0,-99.8,-99.8,-99.8,-99.8,-99.8,-99.8,-99.8
2023-09-18 12:00:00,1006.1,31.8,64.0,1.1,150.0,2.4,142.0,0.0,-99.8,-99.8,-99.8,-99.8,-99.8,-99.8,-99.8
2023-09-18 13:00:00,1006.1,30.4,70.0,1.3,170.0,2.5,173.0,0.0,-99.8,-99.8,-99.8,-99.8,-99.8,-99.8,-99.8
2023-09-18 14:00:00,1006.0,28.0,81.0,1.5,185.0,4.2,200.0,0.0,-99.8,-99.8,-99.8,-99.8,-99.8,-99.8,-99.8
2023-09-18 15:00:00,1005.7,28.9,78.0,0.7,188.0,2.6,173.0,0.0,-99.8,-99.8,-99.8,-99.8,-99.8,-99.8,-99.8
2023-09-18 16:00:00,1006.0,27.9,84.0,0.6,229.0,3.0,217.0,0.0,-99.8,-99.8,-99.8,-99.8,-99.8,-99.8,-99.8
2023-09-18 17:00:00,1006.2,27.2,86.0,0.3,5.0,1.0,29.0,0.0,-99.8,-99.8,-99.8,-99.8,-99.8,-99.8,-99.8
2023-09-18 18:00:00,1006.8,26.8,84.0,0.5,350.0,1.0,21.0,0.0,-99.8,-99.8,-99.8,-99.8,-99.8,-99.8,-99.8
2023-09-18 19:00:00,1007.1,26.4,85.0,0.6,341.0,1.3,23.0,0.0,-99.8,-99.8,-99.8,-99.8,-99.8,-99.8,-99.8
2023-09-18 20:00:00,1007.9,26.2,87.0,0.4,344.0,1.2,28.0,0.0,-99.8,-99.8,-99.8,-99.8,-99.8,-99.8,-99.8
2023-09-18 21:00:00,1008.0,26.2,89.0,0.2,0.0,1.0,9.0,0.0,-99.8,-99.8,-99.8,-99.8,-99.8,-99.8,-99.8
2023-09-18 22:00:00,1007.4,25.5,88.0,0.5,357.0,1.4,29.0,0.0,-99.8,-99.8,-99.8,-99.8,-99.8,-99.8,-99.8
2023-09-18 23:00:00,1007.5,25.5,86.0,0.6,352.0,1.6,339.0,0.0,-99.8,-99.8,-99.8,-99.8,-99.8,-99.8,-99.8
2023-09-19 00:00:00,1006.9,25.5,85.0,0.6,346.0,1.4,360.0,0.0,-99.8,-99.8,-99.8,-99.8,-99.8,-99.8,-99.8
2023-09-19 01:00:00,1006.3,25.6,85.0,0.7,344.0,1.4,360.0,0.0,-99.8,-99.8,-99.8,-99.8,-99.8,-99.8,-99.8
2023-09-19 02:00:00,1005.3,25.5,81.0,0.9,12.0,2.0,37.0,0.0,-99.8,-99.8,-99.8,-99.8,-99.8,-99.8,-99.8
2023-09-19 03:00:00,1005.2,25.5,82.0,0.5,339.0,2.0,13.0,0.0,-99.8,-99.8,-99.8,-99.8,-99.8,-99.8,-99.8
2023-09-19 04:00:00,1004.6,24.9,84.0,0.6,353.0,1.6,356.0,0.0,-99.8,-99.8,-99.8,-99.8,-99.8,-99.8,-99.8
2023-09-19 05:00:00,1005.1,25.0,81.0,0.7,359.0,1.7,1.0,0.0,-99.8,-99.8,-99.8,-99.8,-99.8,-99.8,-99.8
2023-09-19 06:00:00,1005.8,25.3,77.0,0.9,14.0,2.0,34.0,0.0,-99.8,-99.8,-99.8,-99.8,-99.8,-99.8,-99.8
2023-09-19 07:00:00,1006.5,25.6,79.0,0.8,14.0,2.4,360.0,0.0,-99.8,-99.8,-99.8,-99.8,-99.8,-99.8,-99.8
2023-09-19 08:00:00,1007.0,29.8,68.0,0.6,76.0,1.8,37.0,0.0,-99.8,-99.8,-99.8,-99.8,-99.8,-99.8,-99.8
2023-09-19 09:00:00,1007.5,31.7,62.0,1.0,165.0,1.8,130.0,0.0,-99.8,-99.8,-99.8,-99.8,-99.8,-99.8,-99.8
2023-09-19 10:00:00,1007.5,32.4,56.0,1.1,142.0,2.1,164.0,0.0,-99.8,-99.8,-99.8,-99.8,-99.8,-99.8,-99.8
2023-09-19 11:00:00,1007.3,32.3,60.0,1.2,164.0,2.4,164.0,0.0,-99.8,-99.8,-99.8,-99.8,-99.8,-99.8,-99.8
2023-09-19 12:00:00,1007.1,32.6,58.0,0.9,133.0,2.3,162.0,0.0,-99.8,-99.8,-99.8,-99.8,-99.8,-99.8,-99.8
2023-09-19 13:00:00,1006.8,32.6,63.0,1.3,154.0,2.8,217.0,0.0,-99.8,-99.8,-99.8,-99.8,-99.8,-99.8,-99.8
2023-09-19 14:00:00,1005.8,31.1,68.0,1.1,165.0,2.7,207.0,0.0,-99.8,-99.8,-99.8,-99.8,-99.8,-99.8,-99.8
2023-09-19 15:00:00,1005.6,29.1,76.0,0.8,167.0,2.2,164.0,0.0,-99.8,-99.8,-99.8,-99.8,-99.8,-99.8,-99.8
2023-09-19 16:00:00,1005.4,27.8,82.0,0.4,66.0,1.4,170.0,0.0,-99.8,-99.8,-99.8,-99.8,-99.8,-99.8,-99.8
2023-09-19 17:00:00,1005.8,27.3,85.0,0.4,14.0,0.9,37.0,0.0,-99.8,-99.8,-99.8,-99.8,-99.8,-99.8,-99.8
2023-09-19 18:00:00,1006.1,26.8,85.0,0.4,351.0,1.0,27.0,0.0,-99.8,-99.8,-99.8,-99.8,-99.8,-99.8,-99.8
2023-09-19 19:00:00,1006.8,26.6,85.0,0.6,360.0,1.2,28.0,0.0,-99.8,-99.8,-99.8,-99.8,-99.8,-99.8,-99.8
2023-09-19 20:00:00,1007.4,26.5,81.0,0.5,13.0,1.6,349.0,0.0,-99.8,-99.8,-99.8,-99.8,-99.8,-99.8,-99.8
2023-09-19 21:00:00,1007.6,26.3,77.0,1.0,13.0,2.1,26.0,0.0,-99.8,-99.8,-99.8,-99.8,-99.8,-99.8,-99.8
2023-09-19 22:00:00,1007.5,25.9,75.0,1.0,15.0,1.9,295.0,0.0,-99.8,-99.8,-99.8,-99.8,-99.8,-99.8,-99.8
2023-09-19 23:00:00,1007.4,25.7,81.0,0.6,334.0,1.6,26.0,0.0,-99.8,-99.8,-99.8,-99.8,-99.8,-99.8,-99.8
2023-09-20 00:00:00,1006.6,25.6,79.0,0.7,360.0,1.9,3.0,0.0,-99.8,-99.8,-99.8,-99.8,-99.8,-99.8,-99.8
2023-09-20 01:00:00,1005.7,25.6,76.0,0.7,354.0,1.8,23.0,0.0,-99.8,-99.8,-99.8,-99.8,-99.8,-99.8,-99.8
2023-09-20 02:00:00,1005.4,25.7,76.0,0.9,1.0,2.6,9.0,0.0,-99.8,-99.8,-99.8,-99.8,-99.8,-99.8,-99.8
2023-09-20 03:00:00,1005.0,25.7,77.0,0.6,332.0,2.2,8.0,0.0,-99.8,-99.8,-99.8,-99.8,-99.8,-99.8,-99.8
2023-09-20 04:00:00,1004.9,25.4,78.0,1.1,10.0,2.6,18.0,0.0,-99.8,-99.8,-99.8,-99.8,-99.8,-99.8,-99.8
2023-09-20 05:00:00,1004.8,25.2,78.0,0.9,15.0,2.5,338.0,0.0,-99.8,-99.8,-99.8,-99.8,-99.8,-99.8,-99.8
2023-09-20 06:00:00,1005.0,25.4,74.0,0.7,360.0,2.5,7.0,0.0,-99.8,-99.8,-99.8,-99.8,-99.8,-99.8,-99.8
2023-09-20 07:00:00,1005.4,25.8,73.0,0.7,15.0,2.3,13.0,0.0,-99.8,-99.8,-99.8,-99.8,-99.8,-99.8,-99.8
2023-09-20 08:00:00,1005.8,28.9,67.0,0.8,75.0,3.5,194.0,0.0,-99.8,-99.8,-99.8,-99.8,-99.8,-99.8,-99.8
2023-09-20 09:00:00,1006.2,32.0,56.0,0.9,142.0,2.9,172.0,0.0,-99.8,-99.8,-99.8,-99.8,-99.8,-99.8,-99.8
2023-09-20 10:00:00,1006.4,31.9,55.0,0.8,157.0,2.5,132.0,0.0,-99.8,-99.8,-99.8,-99.8,-99.8,-99.8,-99.8
2023-09-20 11:00:00,1006.0,31.6,61.0,1.2,156.0,2.3,168.0,0.0,-99.8,-99.8,-99.8,-99.8,-99.8,-99.8,-99.8
2023-09-20 12:00:00,1004.9,32.0,62.0,1.4,180.0,2.8,215.0,0.0,-99.8,-99.8,-99.8,-99.8,-99.8,-99.8,-99.8
2023-09-20 13:00:00,1004.5,31.4,64.0,1.7,207.0,3.5,212.0,0.0,-99.8,-99.8,-99.8,-99.8,-99.8,-99.8,-99.8
2023-09-20 14:00:00,1004.1,30.5,71.0,1.4,197.0,3.1,207.0,0.0,-99.8,-99.8,-99.8,-99.8,-99.8,-99.8,-99.8
2023-09-20 15:00:00,1003.8,28.8,78.0,1.0,158.0,3.1,209.0,0.0,-99.8,-99.8,-99.8,-99.8,-99.8,-99.8,-99.8
2023-09-20 16:00:00,1003.8,28.3,79.0,0.7,198.0,1.8,213.0,0.0,-99.8,-99.8,-99.8,-99.8,-99.8,-99.8,-99.8
2023-09-20 17:00:00,1004.0,27.2,85.0,0.7,21.0,1.6,23.0,0.0,-99.8,-99.8,-99.8,-99.8,-99.8,-99.8,-99.8
2023-09-20 18:00:00,1004.1,26.4,81.0,1.3,17.0,3.2,21.0,0.0,-99.8,-99.8,-99.8,-99.8,-99.8,-99.8,-99.8
2023-09-20 19:00:00,1004.4,26.3,82.0,1.0,16.0,2.4,9.0,0.0,-99.8,-99.8,-99.8,-99.8,-99.8,-99.8,-99.8
2023-09-20 20:00:00,1005.0,26.1,82.0,1.2,18.0,2.0,34.0,0.0,-99.8,-99.8,-99.8,-99.8,-99.8,-99.8,-99.8
2023-09-20 21:00:00,1005.5,25.9,82.0,0.9,15.0,2.0,16.0,0.0,-99.8,-99.8,-99.8,-99.8,-99.8,-99.8,-99.8
2023-09-20 22:00:00,1005.8,26.0,80.0,0.9,15.0,2.2,25.0,0.0,-99.8,-99.8,-99.8,-99.8,-99.8,-99.8,-99.8
2023-09-20 23:00:00,1005.6,25.7,81.0,0.7,11.0,2.7,5.0,0.0,-99.8,-99.8,-99.8,-99.8,-99.8,-99.8,-99.8
2023-09-21 00:00:00,1005.3,25.7,82.0,0.5,9.0,1.6,25.0,0.0,-99.8,-99.8,-99.8,-99.8,-99.8,-99.8,-99.8
2023-09-21 01:00:00,1004.7,25.8,81.0,0.6,360.0,2.0,20.0,0.0,-99.8,-99.8,-99.8,-99.8,-99.8,-99.8,-99.8
2023-09-21 02:00:00,1004.4,26.0,81.0,0.7,346.0,2.0,12.0,0.0,-99.8,-99.8,-99.8,-99.8,-99.8,-99.8,-99.8
2023-09-21 03:00:00,1004.0,25.4,84.0,0.5,5.0,1.4,309.0,0.0,-99.8,-99.8,-99.8,-99.8,-99.8,-99.8,-99.8
2023-09-21 04:00:00,1004.1,25.6,82.0,0.8,8.0,2.3,24.0,0.0,-99.8,-99.8,-99.8,-99.8,-99.8,-99.8,-99.8
2023-09-21 05:00:00,1004.2,25.1,84.0,0.5,344.0,1.6,3.0,0.0,-99.8,-99.8,-99.8,-99.8,-99.8,-99.8,-99.8
2023-09-21 06:00:00,1004.4,25.5,81.0,0.9,15.0,1.8,20.0,0.0,-99.8,-99.8,-99.8,-99.8,-99.8,-99.8,-99.8
2023-09-21 07:00:00,1004.8,26.0,81.0,0.3,8.0,1.8,5.0,0.0,-99.8,-99.8,-99.8,-99.8,-99.8,-99.8,-99.8
2023-09-21 08:00:00,1005.5,30.8,65.0,1.0,163.0,2.0,6.0,0.0,-99.8,-99.8,-99.8,-99.8,-99.8,-99.8,-99.8
2023-09-21 09:00:00,1005.8,32.2,61.0,1.0,150.0,2.0,162.0,0.0,-99.8,-99.8,-99.8,-99.8,-99.8,-99.8,-99.8
2023-09-21 10:00:00,1006.1,32.7,61.0,1.2,156.0,2.3,167.0,0.0,-99.8,-99.8,-99.8,-99.8,-99.8,-99.8,-99.8
2023-09-21 11:00:00,1005.9,32.2,64.0,1.3,164.0,2.5,154.0,0.0,-99.8,-99.8,-99.8,-99.8,-99.8,-99.8,-99.8
2023-09-21 12:00:00,1005.4,32.5,62.0,1.2,156.0,2.2,154.0,0.0,-99.8,-99.8,-99.8,-99.8,-99.8,-99.8,-99.8
2023-09-21 13:00:00,1004.8,32.4,64.0,1.2,156.0,2.2,136.0,0.0,-99.8,-99.8,-99.8,-99.8,-99.8,-99.8,-99.8
2023-09-21 14:00:00,1004.5,30.1,70.0,0.5,165.0,2.0,216.0,0.0,-99.8,-99.8,-99.8,-99.8,-99.8,-99.8,-99.8
2023-09-21 15:00:00,1004.3,29.6,74.0,0.5,169.0,1.6,224.0,0.0,-99.8,-99.8,-99.8,-99.8,-99.8,-99.8,-99.8
2023-09-21 16:00:00,1004.4,28.9,77.0,0.4,177.0,1.2,153.0,0.0,-99.8,-99.8,-99.8,-99.8,-99.8,-99.8,-99.8
2023-09-21 17:00:00,1004.4,28.0,79.0,1.4,209.0,2.1,215.0,0.0,-99.8,-99.8,-99.8,-99.8,-99.8,-99.8,-99.8
2023-09-21 18:00:00,1004.6,27.7,80.0,0.2,0.0,2.0,208.0,0.0,-99.8,-99.8,-99.8,-99.8,-99.8,-99.8,-99.8
2023-09-21 19:00:00,1005.1,27.4,82.0,0.3,11.0,1.2,269.0,0.0,-99.8,-99.8,-99.8,-99.8,-99.8,-99.8,-99.8
2023-09-21 20:00:00,1005.7,27.2,81.0,0.5,7.0,1.2,34.0,0.0,-99.8,-99.8,-99.8,-99.8,-99.8,-99.8,-99.8
2023-09-21 21:00:00,1006.4,27.2,80.0,0.5,10.0,1.0,30.0,0.0,-99.8,-99.8,-99.8,-99.8,-99.8,-99.8,-99.8
2023-09-21 22:00:00,1006.3,27.2,81.0,0.5,8.0,1.1,22.0,0.0,-99.8,-99.8,-99.8,-99.8,-99.8,-99.8,-99.8
2023-09-21 23:00:00,1006.1,26.8,81.0,0.5,350.0,1.1,27.0,0.0,-99.8,-99.8,-99.8,-99.8,-99.8,-99.8,-99.8
2023-09-22 00:00:00,1006.1,26.6,78.0,0.8,17.0,1.5,20.0,0.0,-99.8,-99.8,-99.8,-99.8,-99.8,-99.8,-99.8
2023-09-22 01:00:00,1005.5,26.2,81.0,0.5,6.0,1.3,19.0,0.0,-99.8,-99.8,-99.8,-99.8,-99.8,-99.8,-99.8
2023-09-22 02:00:00,1004.8,25.9,81.0,0.6,10.0,1.3,303.0,0.0,-99.8,-99.8,-99.8,-99.8,-99.8,-99.8,-99.8
2023-09-22 03:00:00,1004.2,25.6,80.0,0.6,354.0,1.6,28.0,0.0,-99.8,-99.8,-99.8,-99.8,-99.8,-99.8,-99.8
2023-09-22 04:00:00,1004.1,25.3,81.0,0.5,1.0,1.6,26.0,0.0,-99.8,-99.8,-99.8,-99.8,-99.8,-99.8,-99.8
2023-09-22 05:00:00,1003.9,25.2,80.0,0.7,351.0,1.5,344.0,0.0,-99.8,-99.8,-99.8,-99.8,-99.8,-99.8,-99.8
2023-09-22 06:00:00,1004.0,24.8,83.0,0.5,334.0,1.5,300.0,0.0,-99.8,-99.8,-99.8,-99.8,-99.8,-99.8,-99.8
2023-09-22 07:00:00,1004.7,25.9,81.0,0.5,25.0,1.8,75.0,0.0,-99.8,-99.8,-99.8,-99.8,-99.8,-99.8,-99.8
2023-09-22 08:00:00,1005.4,30.0,72.0,0.5,105.0,1.8,24.0,0.0,-99.8,-99.8,-99.8,-99.8,-99.8,-99.8,-99.8
2023-09-22 09:00:00,1005.8,31.7,66.0,1.1,163.0,2.1,175.0,0.0,-99.8,-99.8,-99.8,-99.8,-99.8,-99.8,-99.8
2023-09-22 10:00:00,1005.9,31.8,66.0,1.5,141.0,2.6,145.0,0.0,-99.8,-99.8,-99.8,-99.8,-99.8,-99.8,-99.8
2023-09-22 11:00:00,1005.7,30.9,67.0,1.3,192.0,2.8,165.0,0.0,-99.8,-99.8,-99.8,-99.8,-99.8,-99.8,-99.8
2023-09-22 12:00:00,1005.1,31.9,68.0,2.0,170.0,4.5,197.0,0.0,-99.8,-99.8,-99.8,-99.8,-99.8,-99.8,-99.8
2023-09-22 13:00:00,1004.4,32.0,67.0,1.8,149.0,3.8,151.0,0.0,-99.8,-99.8,-99.8,-99.8,-99.8,-99.8,-99.8
2023-09-22 14:00:00,1003.8,31.9,69.0,1.7,159.0,3.1,154.0,0.0,-99.8,-99.8,-99.8,-99.8,-99.8,-99.8,-99.8
2023-09-22 15:00:00,1003.7,29.5,75.0,1.8,205.0,3.0,206.0,0.0,-99.8,-99.8,-99.8,-99.8,-99.8,-99.8,-99.8
2023-09-22 16:00:00,1003.8,28.2,80.0,0.6,246.0,2.7,222.0,0.0,-99.8,-99.8,-99.8,-99.8,-99.8,-99.8,-99.8
2023-09-22 17:00:00,1004.1,27.5,82.0,0.4,351.0,1.6,244.0,0.0,-99.8,-99.8,-99.8,-99.8,-99.8,-99.8,-99.8
2023-09-22 18:00:00,1004.8,27.4,83.0,0.5,18.0,1.1,35.0,0.0,-99.8,-99.8,-99.8,-99.8,-99.8,-99.8,-99.8
2023-09-22 19:00:00,1005.1,27.2,83.0,0.4,1.0,1.1,38.0,0.0,-99.8,-99.8,-99.8,-99.8,-99.8,-99.8,-99.8
2023-09-22 20:00:00,1005.7,27.1,83.0,0.1,0.0,1.3,14.0,0.0,-99.8,-99.8,-99.8,-99.8,-99.8,-99.8,-99.8
2023-09-22 21:00:00,1006.3,26.7,82.0,0.5,356.0,1.4,26.0,0.0,-99.8,-99.8,-99.8,-99.8,-99.8,-99.8,-99.8
2023-09-22 22:00:00,1006.4,26.6,79.0,0.6,18.0,1.3,22.0,0.0,-99.8,-99.8,-99.8,-99.8,-99.8,-99.8,-99.8
2023-09-22 23:00:00,1006.2,25.9,84.0,0.5,336.0,1.5,329.0,0.0,-99.8,-99.8,-99.8,-99.8,-99.8,-99.8,-99.8
2023-09-23 00:00:00,1005.8,26.1,79.0,0.7,336.0,1.7,24.0,0.0,-99.8,-99.8,-99.8,-99.8,-99.8,-99.8,-99.8
2023-09-23 01:00:00,1005.4,26.1,78.0,0.8,351.0,1.4,18.0,0.0,-99.8,-99.8,-99.8,-99.8,-99.8,-99.8,-99.8
2023-09-23 02:00:00,1004.8,25.9,78.0,0.9,2.0,2.2,8.0,0.0,-99.8,-99.8,-99.8,-99.8,-99.8,-99.8,-99.8
2023-09-23 03:00:00,1004.6,26.0,79.0,0.6,351.0,2.0,39.0,0.0,-99.8,-99.8,-99.8,-99.8,-99.8,-99.8,-99.8
2023-09-23 04:00:00,1004.1,25.5,79.0,0.8,6.0,1.5,26.0,0.0,-99.8,-99.8,-99.8,-99.8,-99.8,-99.8,-99.8
2023-09-23 05:00:00,1004.8,25.6,82.0,0.6,354.0,1.5,353.0,0.0,-99.8,-99.8,-99.8,-99.8,-99.8,-99.8,-99.8
2023-09-23 06:00:00,1005.2,25.5,82.0,0.5,353.0,1.3,9.0,0.0,-99.8,-99.8,-99.8,-99.8,-99.8,-99.8,-99.8
2023-09-23 07:00:00,1005.3,26.0,78.0,0.8,13.0,1.9,16.0,0.0,-99.8,-99.8,-99.8,-99.8,-99.8,-99.8,-99.8
2023-09-23 08:00:00,1006.0,30.3,64.0,1.0,148.0,2.4,140.0,0.0,-99.8,-99.8,-99.8,-99.8,-99.8,-99.8,-99.8
2023-09-23 09:00:00,1006.0,31.5,60.0,1.7,198.0,2.7,219.0,0.0,-99.8,-99.8,-99.8,-99.8,-99.8,-99.8,-99.8
2023-09-23 10:00:00,1006.3,31.6,62.0,1.0,186.0,2.4,209.0,0.0,-99.8,-99.8,-99.8,-99.8,-99.8,-99.8,-99.8
2023-09-23 11:00:00,1005.9,33.3,60.0,1.0,144.0,2.3,192.0,0.0,-99.8,-99.8,-99.8,-99.8,-99.8,-99.8,-99.8
2023-09-23 12:00:00,1005.7,31.2,69.0,1.0,162.0,2.6,221.0,0.0,-99.8,-99.8,-99.8,-99.8,-99.8,-99.8,-99.8
2023-09-23 13:00:00,1004.7,32.3,65.0,0.8,166.0,2.3,154.0,0.0,-99.8,-99.8,-99.8,-99.8,-99.8,-99.8,-99.8
2023-09-23 14:00:00,1004.2,30.9,72.0,0.9,179.0,2.3,163.0,0.0,-99.8,-99.8,-99.8,-99.8,-99.8,-99.8,-99.8
2023-09-23 15:00:00,1004.1,29.2,77.0,1.2,189.0,2.8,214.0,0.0,-99.8,-99.8,-99.8,-99.8,-99.8,-99.8,-99.8
2023-09-23 16:00:00,1003.9,28.9,80.0,1.3,194.0,2.7,197.0,0.0,-99.8,-99.8,-99.8,-99.8,-99.8,-99.8,-99.8
2023-09-23 17:00:00,1004.3,28.3,83.0,0.5,194.0,2.1,179.0,0.0,-99.8,-99.8,-99.8,-99.8,-99.8,-99.8,-99.8
2023-09-23 18:00:00,1004.6,27.8,82.0,0.3,17.0,1.6,200.0,0.0,-99.8,-99.8,-99.8,-99.8,-99.8,-99.8,-99.8
2023-09-23 19:00:00,1005.0,27.5,80.0,0.5,15.0,1.5,24.0,0.0,-99.8,-99.8,-99.8,-99.8,-99.8,-99.8,-99.8
2023-09-23 20:00:00,1005.7,26.9,82.0,0.1,0.0,5.2,212.0,0.0,-99.8,-99.8,-99.8,-99.8,-99.8,-99.8,-99.8
2023-09-23 21:00:00,1006.2,27.1,78.0,0.5,341.0,1.7,17.0,0.0,-99.8,-99.8,-99.8,-99.8,-99.8,-99.8,-99.8
2023-09-23 22:00:00,1006.3,27.0,76.0,0.6,2.0,1.5,25.0,0.0,-99.8,-99.8,-99.8,-99.8,-99.8,-99.8,-99.8
2023-09-23 23:00:00,1006.0,26.5,77.0,0.6,4.0,1.4,27.0,0.0,-99.8,-99.8,-99.8,-99.8,-99.8,-99.8,-99.8
2023-09-24 00:00:00,1005.6,26.3,78.0,0.5,8.0,1.4,40.0,0.0,-99.8,-99.8,-99.8,-99.8,-99.8,-99.8,-99.8
2023-09-24 01:00:00,1005.2,26.0,77.0,0.8,13.0,1.8,32.0,0.0,-99.8,-99.8,-99.8,-99.8,-99.8,-99.8,-99.8
2023-09-24 02:00:00,1005.0,25.7,80.0,0.5,348.0,1.9,360.0,0.0,-99.8,-99.8,-99.8,-99.8,-99.8,-99.8,-99.8
2023-09-24 03:00:00,1004.7,25.6,78.0,0.6,9.0,1.9,347.0,0.0,-99.8,-99.8,-99.8,-99.8,-99.8,-99.8,-99.8
2023-09-24 04:00:00,1004.6,25.4,77.0,0.7,360.0,1.6,360.0,0.0,-99.8,-99.8,-99.8,-99.8,-99.8,-99.8,-99.8
2023-09-24 05:00:00,1004.6,25.2,80.0,0.4,320.0,1.4,297.0,0.0,-99.8,-99.8,-99.8,-99.8,-99.8,-99.8,-99.8
2023-09-24 06:00:00,1004.6,25.2,79.0,0.8,8.0,2.1,17.0,0.0,-99.8,-99.8,-99.8,-99.8,-99.8,-99.8,-99.8
2023-09-24 07:00:00,1005.0,26.1,78.0,0.5,17.0,2.3,9.0,0.0,-99.8,-99.8,-99.8,-99.8,-99.8,-99.8,-99.8
2023-09-24 08:00:00,1006.0,29.9,66.0,1.2,208.0,2.5,233.0,0.0,-99.8,-99.8,-99.8,-99.8,-99.8,-99.8,-99.8
2023-09-24 09:00:00,1006.4,31.1,61.0,1.7,153.0,2.9,253.0,0.0,-99.8,-99.8,-99.8,-99.8,-99.8,-99.8,-99.8
2023-09-24 10:00:00,1006.5,32.4,60.0,1.1,132.0,2.3,142.0,0.0,-99.8,-99.8,-99.8,-99.8,-99.8,-99.8,-99.8
2023-09-24 11:00:00,1006.4,32.1,62.0,1.1,161.0,2.0,134.0,0.0,-99.8,-99.8,-99.8,-99.8,-99.8,-99.8,-99.8
2023-09-24 12:00:00,1005.5,32.1,64.0,1.2,140.0,2.4,156.0,0.0,-99.8,-99.8,-99.8,-99.8,-99.8,-99.8,-99.8
2023-09-24 13:00:00,1004.9,32.1,63.0,1.1,147.0,2.3,168.0,0.0,-99.8,-99.8,-99.8,-99.8,-99.8,-99.8,-99.8
2023-09-24 14:00:00,1004.0,32.3,64.0,0.9,188.0,2.2,165.0,0.0,-99.8,-99.8,-99.8,-99.8,-99.8,-99.8,-99.8
2023-09-24 15:00:00,1003.7,31.8,64.0,1.0,184.0,2.1,170.0,0.0,-99.8,-99.8,-99.8,-99.8,-99.8,-99.8,-99.8
2023-09-24 16:00:00,1003.8,27.4,73.0,0.9,309.0,1.7,227.0,0.0,-99.8,-99.8,-99.8,-99.8,-99.8,-99.8,-99.8
2023-09-24 17:00:00,1004.0,27.1,75.0,0.4,331.0,1.5,296.0,0.0,-99.8,-99.8,-99.8,-99.8,-99.8,-99.8,-99.8
2023-09-24 18:00:00,1004.3,26.5,74.0,0.7,355.0,1.2,16.0,0.0,-99.8,-99.8,-99.8,-99.8,-99.8,-99.8,-99.8
2023-09-24 19:00:00,1004.9,26.3,76.0,0.6,1.0,1.4,16.0,0.0,-99.8,-99.8,-99.8,-99.8,-99.8,-99.8,-99.8
2023-09-24 20:00:00,1005.5,26.1,76.0,0.6,358.0,1.5,335.0,0.0,-99.8,-99.8,-99.8,-99.8,-99.8,-99.8,-99.8
2023-09-24 21:00:00,1005.9,26.1,74.0,0.8,354.0,1.4,8.0,0.0,-99.8,-99.8,-99.8,-99.8,-99.8,-99.8,-99.8
2023-09-24 22:00:00,1006.2,26.4,72.0,0.7,17.0,1.6,358.0,0.0,-99.8,-99.8,-99.8,-99.8,-99.8,-99.8,-99.8
2023-09-24 23:00:00,1006.2,26.3,76.0,0.5,6.0,1.7,38.0,0.0,-99.8,-99.8,-99.8,-99.8,-99.8,-99.8,-99.8
2023-09-25 00:00:00,1006.0,26.0,80.0,0.3,333.0,1.1,25.0,0.0,-99.8,-99.8,-99.8,-99.8,-99.8,-99.8,-99.8
2023-09-25 01:00:00,1005.2,25.4,79.0,0.5,330.0,1.2,314.0,0.0,-99.8,-99.8,-99.8,-99.8,-99.8,-99.8,-99.8
2023-09-25 02:00:00,1004.6,25.3,78.0,0.7,323.0,1.4,299.0,0.0,-99.8,-99.8,-99.8,-99.8,-99.8,-99.8,-99.8
2023-09-25 03:00:00,1004.2,25.4,79.0,0.7,353.0,1.3,339.0,0.0,-99.8,-99.8,-99.8,-99.8,-99.8,-99.8,-99.8
2023-09-25 04:00:00,1004.0,25.4,77.0,0.6,8.0,1.6,344.0,0.0,-99.8,-99.8,-99.8,-99.8,-99.8,-99.8,-99.8
2023-09-25 05:00:00,1004.3,25.3,82.0,0.5,359.0,1.7,348.0,0.0,-99.8,-99.8,-99.8,-99.8,-99.8,-99.8,-99.8
2023-09-25 06:00:00,1004.6,25.3,80.0,0.6,1.0,1.4,10.0,0.0,-99.8,-99.8,-99.8,-99.8,-99.8,-99.8,-99.8
2023-09-25 07:00:00,1005.2,25.8,79.0,0.2,0.0,2.1,6.0,0.0,-99.8,-99.8,-99.8,-99.8,-99.8,-99.8,-99.8
2023-09-25 08:00:00,1005.4,30.5,66.0,0.5,109.0,1.2,51.0,0.0,-99.8,-99.8,-99.8,-99.8,-99.8,-99.8,-99.8
2023-09-25 09:00:00,1006.0,31.7,63.0,1.0,160.0,2.2,171.0,0.0,-99.8,-99.8,-99.8,-99.8,-99.8,-99.8,-99.8
2023-09-25 10:00:00,1006.1,32.3,61.0,1.2,157.0,2.1,127.0,0.0,-99.8,-99.8,-99.8,-99.8,-99.8,-99.8,-99.8
2023-09-25 11:00:00,1005.8,31.2,65.0,0.5,179.0,2.4,151.0,0.0,-99.8,-99.8,-99.8,-99.8,-99.8,-99.8,-99.8
2023-09-25 12:00:00,1005.0,32.4,65.0,1.4,155.0,3.0,155.0,0.0,-99.8,-99.8,-99.8,-99.8,-99.8,-99.8,-99.8
2023-09-25 13:00:00,1004.5,32.5,63.0,1.2,173.0,2.3,130.0,0.0,-99.8,-99.8,-99.8,-99.8,-99.8,-99.8,-99.8
2023-09-25 14:00:00,1003.9,31.6,68.0,1.6,170.0,3.3,171.0,0.0,-99.8,-99.8,-99.8,-99.8,-99.8,-99.8,-99.8
2023-09-25 15:00:00,1003.8,28.4,80.0,2.3,191.0,4.6,182.0,0.0,-99.8,-99.8,-99.8,-99.8,-99.8,-99.8,-99.8
2023-09-25 16:00:00,1003.9,28.5,79.0,0.4,36.0,4.8,228.0,0.0,-99.8,-99.8,-99.8,-99.8,-99.8,-99.8,-99.8
2023-09-25 17:00:00,1004.2,27.8,82.0,0.1,0.0,3.3,205.0,0.0,-99.8,-99.8,-99.8,-99.8,-99.8,-99.8,-99.8
2023-09-25 18:00:00,1004.7,27.1,85.0,0.3,2.0,1.3,23.0,0.0,-99.8,-99.8,-99.8,-99.8,-99.8,-99.8,-99.8
2023-09-25 19:00:00,1005.2,27.0,83.0,0.6,15.0,1.5,5.0,0.0,-99.8,-99.8,-99.8,-99.8,-99.8,-99.8,-99.8
2023-09-25 20:00:00,1005.5,26.9,84.0,0.5,346.0,1.8,5.0,0.0,-99.8,-99.8,-99.8,-99.8,-99.8,-99.8,-99.8
2023-09-25 21:00:00,1005.7,26.6,83.0,0.6,356.0,1.6,330.0,0.0,-99.8,-99.8,-99.8,-99.8,-99.8,-99.8,-99.8
2023-09-25 22:00:00,1005.8,26.4,82.0,0.6,355.0,1.4,26.0,0.0,-99.8,-99.8,-99.8,-99.8,-99.8,-99.8,-99.8
2023-09-25 23:00:00,1005.4,26.2,83.0,0.5,350.0,1.6,344.0,0.0,-99.8,-99.8,-99.8,-99.8,-99.8,-99.8,-99.8
2023-09-26 00:00:00,1005.2,26.2,80.0,0.7,17.0,1.5,23.0,0.0,-99.8,-99.8,-99.8,-99.8,-99.8,-99.8,-99.8
2023-09-26 01:00:00,1004.8,25.9,82.0,0.6,352.0,1.2,319.0,0.0,-99.8,-99.8,-99.8,-99.8,-99.8,-99.8,-99.8
2023-09-26 02:00:00,1004.2,25.9,82.0,0.5,3.0,1.7,6.0,0.0,-99.8,-99.8,-99.8,-99.8,-99.8,-99.8,-99.8
2023-09-26 03:00:00,1003.7,25.7,82.0,0.4,347.0,1.2,1.0,0.0,-99.8,-99.8,-99.8,-99.8,-99.8,-99.8,-99.8
2023-09-26 04:00:00,1004.2,25.6,81.0,0.5,332.0,1.6,346.0,0.0,-99.8,-99.8,-99.8,-99.8,-99.8,-99.8,-99.8
2023-09-26 05:00:00,1004.5,25.7,80.0,0.6,357.0,1.5,35.0,0.0,-99.8,-99.8,-99.8,-99.8,-99.8,-99.8,-99.8
2023-09-26 06:00:00,1004.9,26.0,81.0,0.5,347.0,1.6,30.0,0.0,-99.8,-99.8,-99.8,-99.8,-99.8,-99.8,-99.8
2023-09-26 07:00:00,1005.0,26.8,78.0,0.2,0.0,1.8,343.0,0.0,-99.8,-99.8,-99.8,-99.8,-99.8,-99.8,-99.8
2023-09-26 08:00:00,1005.6,31.4,64.0,0.6,169.0,1.7,31.0,0.0,-99.8,-99.8,-99.8,-99.8,-99.8,-99.8,-99.8
2023-09-26 09:00:00,1006.2,30.4,68.0,2.5,212.0,5.0,209.0,0.0,-99.8,-99.8,-99.8,-99.8,-99.8,-99.8,-99.8
2023-09-26 10:00:00,1006.0,29.2,73.0,4.6,220.0,8.5,205.0,0.0,-99.8,-99.8,-99.8,-99.8,-99.8,-99.8,-99.8
2023-09-26 11:00:00,1005.6,30.4,69.0,2.8,228.0,9.1,216.0,0.0,-99.8,-99.8,-99.8,-99.8,-99.8,-99.8,-99.8
2023-09-26 12:00:00,1004.7,31.7,63.0,2.2,201.0,6.5,201.0,0.0,-99.8,-99.8,-99.8,-99.8,-99.8,-99.8,-99.8
2023-09-26 13:00:00,1004.1,30.2,72.0,3.1,228.0,8.8,211.0,0.0,-99.8,-99.8,-99.8,-99.8,-99.8,-99.8,-99.8
2023-09-26 14:00:00,1003.8,30.1,70.0,1.8,236.0,8.4,226.0,0.0,-99.8,-99.8,-99.8,-99.8,-99.8,-99.8,-99.8
2023-09-26 15:00:00,1003.5,29.5,73.0,1.7,209.0,4.7,167.0,0.0,-99.8,-99.8,-99.8,-99.8,-99.8,-99.8,-99.8
2023-09-26 16:00:00,1003.7,28.5,76.0,1.6,212.0,4.1,226.0,0.0,-99.8,-99.8,-99.8,-99.8,-99.8,-99.8,-99.8
2023-09-26 17:00:00,1003.7,28.1,79.0,0.0,0.0,3.0,202.0,0.0,-99.8,-99.8,-99.8,-99.8,-99.8,-99.8,-99.8
2023-09-26 18:00:00,1003.9,27.0,83.0,0.4,346.0,0.9,5.0,0.0,-99.8,-99.8,-99.8,-99.8,-99.8,-99.8,-99.8
2023-09-26 19:00:00,1004.2,26.8,84.0,0.4,360.0,1.3,319.0,0.0,-99.8,-99.8,-99.8,-99.8,-99.8,-99.8,-99.8
2023-09-26 20:00:00,1004.2,26.8,79.0,0.7,15.0,1.8,6.0,0.0,-99.8,-99.8,-99.8,-99.8,-99.8,-99.8,-99.8
2023-09-26 21:00:00,1004.9,26.6,79.0,0.7,323.0,1.5,22.0,0.0,-99.8,-99.8,-99.8,-99.8,-99.8,-99.8,-99.8
2023-09-26 22:00:00,1004.7,27.0,76.0,0.5,360.0,1.5,9.0,0.0,-99.8,-99.8,-99.8,-99.8,-99.8,-99.8,-99.8
2023-09-26 23:00:00,1005.3,26.1,87.0,0.7,325.0,1.7,344.0,0.0,-99.8,-99.8,-99.8,-99.8,-99.8,-99.8,-99.8
2023-09-27 00:00:00,1005.2,24.6,95.0,0.7,338.0,2.7,33.0,1.5,-99.8,-99.8,-99.8,-99.8,-99.8,-99.8,-99.8
2023-09-27 01:00:00,1005.2,24.4,95.0,0.4,331.0,3.7,147.0,1.5,-99.8,-99.8,-99.8,-99.8,-99.8,-99.8,-99.8
2023-09-27 02:00:00,1005.5,24.0,98.0,0.5,265.0,2.8,292.0,10.5,-99.8,-99.8,-99.8,-99.8,-99.8,-99.8,-99.8
2023-09-27 03:00:00,1004.4,23.9,98.0,0.8,19.0,4.0,213.0,0.0,-99.8,-99.8,-99.8,-99.8,-99.8,-99.8,-99.8
2023-09-27 04:00:00,1004.4,23.9,97.0,1.2,26.0,2.3,37.0,0.0,-99.8,-99.8,-99.8,-99.8,-99.8,-99.8,-99.8
2023-09-27 05:00:00,1004.1,23.6,95.0,1.0,7.0,2.1,5.0,0.0,-99.8,-99.8,-99.8,-99.8,-99.8,-99.8,-99.8
2023-09-27 06:00:00,1004.6,23.7,93.0,0.9,343.0,2.2,4.0,0.0,-99.8,-99.8,-99.8,-99.8,-99.8,-99.8,-99.8
2023-09-27 07:00:00,1005.2,24.4,95.0,0.7,9.0,1.6,293.0,0.0,-99.8,-99.8,-99.8,-99.8,-99.8,-99.8,-99.8
2023-09-27 08:00:00,1005.4,25.8,89.0,0.1,0.0,1.5,316.0,0.0,-99.8,-99.8,-99.8,-99.8,-99.8,-99.8,-99.8
2023-09-27 09:00:00,1005.3,27.1,88.0,0.3,27.0,1.1,15.0,0.0,-99.8,-99.8,-99.8,-99.8,-99.8,-99.8,-99.8
2023-09-27 10:00:00,1005.3,29.5,73.0,0.5,172.0,2.0,159.0,0.0,-99.8,-99.8,-99.8,-99.8,-99.8,-99.8,-99.8
2023-09-27 11:00:00,1005.1,29.5,72.0,2.4,241.0,5.4,283.0,0.0,-99.8,-99.8,-99.8,-99.8,-99.8,-99.8,-99.8
2023-09-27 12:00:00,1004.5,29.7,70.0,2.2,249.0,7.7,224.0,0.0,-99.8,-99.8,-99.8,-99.8,-99.8,-99.8,-99.8
2023-09-27 13:00:00,1003.8,28.9,75.0,2.9,263.0,6.3,222.0,0.0,-99.8,-99.8,-99.8,-99.8,-99.8,-99.8,-99.8
2023-09-27 14:00:00,1003.2,29.4,73.0,2.1,235.0,6.7,250.0,0.0,-99.8,-99.8,-99.8,-99.8,-99.8,-99.8,-99.8
2023-09-27 15:00:00,1003.1,29.8,70.0,1.4,226.0,6.9,212.0,0.0,-99.8,-99.8,-99.8,-99.8,-99.8,-99.8,-99.8
2023-09-27 16:00:00,1003.4,28.4,74.0,0.3,2.0,3.3,154.0,0.0,-99.8,-99.8,-99.8,-99.8,-99.8,-99.8,-99.8
2023-09-27 17:00:00,1003.7,27.1,80.0,0.7,312.0,2.2,246.0,0.0,-99.8,-99.8,-99.8,-99.8,-99.8,-99.8,-99.8
2023-09-27 18:00:00,1004.2,26.2,85.0,0.6,10.0,1.5,360.0,0.0,-99.8,-99.8,-99.8,-99.8,-99.8,-99.8,-99.8
2023-09-27 19:00:00,1004.6,26.0,84.0,1.1,19.0,1.6,21.0,0.0,-99.8,-99.8,-99.8,-99.8,-99.8,-99.8,-99.8
2023-09-27 20:00:00,1005.2,25.8,85.0,0.6,4.0,1.6,15.0,0.0,-99.8,-99.8,-99.8,-99.8,-99.8,-99.8,-99.8
2023-09-27 21:00:00,1005.8,25.5,85.0,0.6,11.0,1.7,7.0,0.0,-99.8,-99.8,-99.8,-99.8,-99.8,-99.8,-99.8
2023-09-27 22:00:00,1006.0,25.6,84.0,0.6,355.0,2.7,1.0,0.0,-99.8,-99.8,-99.8,-99.8,-99.8,-99.8,-99.8
2023-09-27 23:00:00,1005.9,25.4,84.0,0.7,337.0,1.6,324.0,0.0,-99.8,-99.8,-99.8,-99.8,-99.8,-99.8,-99.8
2023-09-28 00:00:00,1005.5,25.5,84.0,0.7,349.0,1.6,324.0,0.0,-99.8,-99.8,-99.8,-99.8,-99.8,-99.8,-99.8
2023-09-28 01:00:00,1004.9,25.1,81.0,0.8,343.0,1.6,17.0,0.0,-99.8,-99.8,-99.8,-99.8,-99.8,-99.8,-99.8
2023-09-28 02:00:00,1004.9,25.3,81.0,0.7,331.0,1.6,20.0,0.0,-99.8,-99.8,-99.8,-99.8,-99.8,-99.8,-99.8
2023-09-28 03:00:00,1004.4,25.2,81.0,0.7,5.0,2.0,356.0,0.0,-99.8,-99.8,-99.8,-99.8,-99.8,-99.8,-99.8
2023-09-28 04:00:00,1004.5,25.3,78.0,0.8,348.0,1.9,24.0,0.0,-99.8,-99.8,-99.8,-99.8,-99.8,-99.8,-99.8
2023-09-28 05:00:00,1005.0,25.4,80.0,0.6,348.0,2.0,5.0,0.0,-99.8,-99.8,-99.8,-99.8,-99.8,-99.8,-99.8
2023-09-28 06:00:00,1005.0,25.0,80.0,0.7,348.0,1.9,353.0,0.0,-99.8,-99.8,-99.8,-99.8,-99.8,-99.8,-99.8
2023-09-28 07:00:00,1005.4,26.0,76.0,0.9,16.0,1.9,30.0,0.0,-99.8,-99.8,-99.8,-99.8,-99.8,-99.8,-99.8
2023-09-28 08:00:00,1006.0,28.6,69.0,0.8,47.0,1.9,4.0,0.0,-99.8,-99.8,-99.8,-99.8,-99.8,-99.8,-99.8
2023-09-28 09:00:00,1006.4,32.2,61.0,1.1,156.0,2.0,140.0,0.0,-99.8,-99.8,-99.8,-99.8,-99.8,-99.8,-99.8
2023-09-28 10:00:00,1006.4,31.0,60.0,1.4,200.0,2.6,202.0,0.0,-99.8,-99.8,-99.8,-99.8,-99.8,-99.8,-99.8
2023-09-28 11:00:00,1006.1,31.6,65.0,1.0,182.0,3.3,230.0,0.0,-99.8,-99.8,-99.8,-99.8,-99.8,-99.8,-99.8
2023-09-28 12:00:00,1005.7,29.7,77.0,2.3,176.0,5.2,216.0,0.0,-99.8,-99.8,-99.8,-99.8,-99.8,-99.8,-99.8
2023-09-28 13:00:00,1005.4,28.7,81.0,2.4,207.0,5.3,201.0,0.0,-99.8,-99.8,-99.8,-99.8,-99.8,-99.8,-99.8
2023-09-28 14:00:00,1005.0,28.5,81.0,3.6,198.0,7.4,208.0,0.0,-99.8,-99.8,-99.8,-99.8,-99.8,-99.8,-99.8
2023-09-28 15:00:00,1004.6,28.2,83.0,4.4,226.0,7.5,204.0,0.0,-99.8,-99.8,-99.8,-99.8,-99.8,-99.8,-99.8
2023-09-28 16:00:00,1004.6,28.3,81.0,0.3,311.0,5.8,213.0,0.0,-99.8,-99.8,-99.8,-99.8,-99.8,-99.8,-99.8
2023-09-28 17:00:00,1005.0,27.8,80.0,0.7,15.0,1.9,44.0,0.0,-99.8,-99.8,-99.8,-99.8,-99.8,-99.8,-99.8
2023-09-28 18:00:00,1005.2,26.7,80.0,0.8,3.0,2.3,33.0,0.0,-99.8,-99.8,-99.8,-99.8,-99.8,-99.8,-99.8
2023-09-28 19:00:00,1005.4,26.3,79.0,0.9,15.0,2.1,16.0,0.0,-99.8,-99.8,-99.8,-99.8,-99.8,-99.8,-99.8
2023-09-28 20:00:00,1006.3,26.1,77.0,1.0,18.0,2.4,347.0,0.0,-99.8,-99.8,-99.8,-99.8,-99.8,-99.8,-99.8
2023-09-28 21:00:00,1006.6,26.1,78.0,0.8,12.0,1.9,26.0,0.0,-99.8,-99.8,-99.8,-99.8,-99.8,-99.8,-99.8
2023-09-28 22:00:00,1006.8,26.2,76.0,0.7,355.0,1.6,360.0,0.0,-99.8,-99.8,-99.8,-99.8,-99.8,-99.8,-99.8
2023-09-28 23:00:00,1006.7,25.7,76.0,0.9,9.0,1.9,39.0,0.0,-99.8,-99.8,-99.8,-99.8,-99.8,-99.8,-99.8
2023-09-29 00:00:00,1006.1,25.8,75.0,0.7,9.0,1.9,39.0,0.0,-99.8,-99.8,-99.8,-99.8,-99.8,-99.8,-99.8
2023-09-29 01:00:00,1005.6,25.8,74.0,0.8,356.0,1.7,358.0,0.0,-99.8,-99.8,-99.8,-99.8,-99.8,-99.8,-99.8
2023-09-29 02:00:00,1005.0,25.7,72.0,1.0,347.0,1.8,336.0,0.0,-99.8,-99.8,-99.8,-99.8,-99.8,-99.8,-99.8
2023-09-29 03:00:00,1004.9,25.4,73.0,0.9,347.0,1.7,10.0,0.0,-99.8,-99.8,-99.8,-99.8,-99.8,-99.8,-99.8
2023-09-29 04:00:00,1005.0,25.4,74.0,0.9,344.0,1.6,21.0,0.0,-99.8,-99.8,-99.8,-99.8,-99.8,-99.8,-99.8
2023-09-29 05:00:00,1005.0,25.4,72.0,0.9,4.0,1.7,18.0,0.0,-99.8,-99.8,-99.8,-99.8,-99.8,-99.8,-99.8
2023-09-29 06:00:00,1005.6,25.2,76.0,0.8,354.0,1.9,28.0,0.0,-99.8,-99.8,-99.8,-99.8,-99.8,-99.8,-99.8
2023-09-29 07:00:00,1006.0,26.3,69.0,0.9,18.0,2.5,358.0,0.0,-99.8,-99.8,-99.8,-99.8,-99.8,-99.8,-99.8
2023-09-29 08:00:00,1006.7,30.5,65.0,0.4,142.0,1.8,53.0,0.0,-99.8,-99.8,-99.8,-99.8,-99.8,-99.8,-99.8
2023-09-29 09:00:00,1006.4,32.3,55.0,1.7,199.0,3.5,214.0,0.0,-99.8,-99.8,-99.8,-99.8,-99.8,-99.8,-99.8
2023-09-29 10:00:00,1006.4,32.0,58.0,2.3,207.0,3.8,210.0,0.0,-99.8,-99.8,-99.8,-99.8,-99.8,-99.8,-99.8
2023-09-29 11:00:00,1006.8,28.1,85.0,6.9,232.0,13.3,217.0,0.0,-99.8,-99.8,-99.8,-99.8,-99.8,-99.8,-99.8
2023-09-29 12:00:00,1006.1,29.3,77.0,3.1,237.0,8.5,228.0,0.0,-99.8,-99.8,-99.8,-99.8,-99.8,-99.8,-99.8
2023-09-29 13:00:00,1005.4,29.5,72.0,2.0,246.0,8.0,214.0,0.0,-99.8,-99.8,-99.8,-99.8,-99.8,-99.8,-99.8
2023-09-29 14:00:00,1004.5,29.3,73.0,3.1,228.0,7.1,208.0,0.0,-99.8,-99.8,-99.8,-99.8,-99.8,-99.8,-99.8
2023-09-29 15:00:00,1004.3,28.6,77.0,0.5,272.0,8.5,227.0,0.0,-99.8,-99.8,-99.8,-99.8,-99.8,-99.8,-99.8
2023-09-29 16:00:00,1003.9,28.3,81.0,0.8,212.0,3.0,202.0,0.0,-99.8,-99.8,-99.8,-99.8,-99.8,-99.8,-99.8
2023-09-29 17:00:00,1004.1,27.8,84.0,0.1,0.0,1.6,23.0,0.0,-99.8,-99.8,-99.8,-99.8,-99.8,-99.8,-99.8
2023-09-29 18:00:00,1004.6,27.1,86.0,0.5,343.0,1.5,29.0,0.0,-99.8,-99.8,-99.8,-99.8,-99.8,-99.8,-99.8
2023-09-29 19:00:00,1005.2,27.0,84.0,0.6,355.0,1.4,13.0,0.0,-99.8,-99.8,-99.8,-99.8,-99.8,-99.8,-99.8
2023-09-29 20:00:00,1005.8,26.9,85.0,0.2,0.0,1.3,13.0,0.0,-99.8,-99.8,-99.8,-99.8,-99.8,-99.8,-99.8
2023-09-29 21:00:00,1006.2,26.7,86.0,0.5,10.0,1.3,314.0,0.0,-99.8,-99.8,-99.8,-99.8,-99.8,-99.8,-99.8
2023-09-29 22:00:00,1006.3,26.7,87.0,0.6,6.0,1.5,321.0,0.0,-99.8,-99.8,-99.8,-99.8,-99.8,-99.8,-99.8
2023-09-29 23:00:00,1005.9,25.9,90.0,0.1,0.0,1.3,18.0,0.0,-99.8,-99.8,-99.8,-99.8,-99.8,-99.8,-99.8
2023-09-30 00:00:00,1005.1,25.9,88.0,0.5,347.0,1.7,44.0,0.0,-99.8,-99.8,-99.8,-99.8,-99.8,-99.8,-99.8
2023-09-30 01:00:00,1004.8,25.6,89.0,0.7,323.0,1.3,320.0,0.0,-99.8,-99.8,-99.8,-99.8,-99.8,-99.8,-99.8
2023-09-30 02:00:00,1004.4,25.6,86.0,0.8,2.0,1.6,26.0,0.0,-99.8,-99.8,-99.8,-99.8,-99.8,-99.8,-99.8
2023-09-30 03:00:00,1003.9,25.5,89.0,0.6,333.0,1.7,1.0,0.0,-99.8,-99.8,-99.8,-99.8,-99.8,-99.8,-99.8
2023-09-30 04:00:00,1003.7,25.5,86.0,0.8,345.0,1.5,4.0,0.0,-99.8,-99.8,-99.8,-99.8,-99.8,-99.8,-99.8
2023-09-30 05:00:00,1004.0,25.1,88.0,0.7,358.0,1.5,30.0,0.0,-99.8,-99.8,-99.8,-99.8,-99.8,-99.8,-99.8
2023-09-30 06:00:00,1004.1,25.3,86.0,0.7,10.0,1.6,30.0,0.0,-99.8,-99.8,-99.8,-99.8,-99.8,-99.8,-99.8
2023-09-30 07:00:00,1004.3,27.2,80.0,0.3,266.0,2.3,356.0,0.0,-99.8,-99.8,-99.8,-99.8,-99.8,-99.8,-99.8
2023-09-30 08:00:00,1004.5,30.7,66.0,0.4,78.0,1.5,266.0,0.0,-99.8,-99.8,-99.8,-99.8,-99.8,-99.8,-99.8
2023-09-30 09:00:00,1004.5,29.0,74.0,4.1,225.0,7.1,217.0,0.0,-99.8,-99.8,-99.8,-99.8,-99.8,-99.8,-99.8
2023-09-30 10:00:00,1004.4,29.6,74.0,3.5,242.0,8.4,225.0,0.0,-99.8,-99.8,-99.8,-99.8,-99.8,-99.8,-99.8
2023-09-30 11:00:00,1004.2,28.9,77.0,4.4,232.0,9.7,244.0,0.0,-99.8,-99.8,-99.8,-99.8,-99.8,-99.8,-99.8
2023-09-30 12:00:00,1003.8,28.7,78.0,2.2,228.0,7.9,233.0,0.0,-99.8,-99.8,-99.8,-99.8,-99.8,-99.8,-99.8
2023-09-30 13:00:00,1003.2,28.4,81.0,0.5,243.0,6.4,243.0,0.0,-99.8,-99.8,-99.8,-99.8,-99.8,-99.8,-99.8
2023-09-30 14:00:00,1002.3,28.9,77.0,1.8,219.0,4.3,245.0,0.0,-99.8,-99.8,-99.8,-99.8,-99.8,-99.8,-99.8
2023-09-30 15:00:00,1001.8,28.6,79.0,1.5,236.0,4.2,236.0,0.0,-99.8,-99.8,-99.8,-99.8,-99.8,-99.8,-99.8
2023-09-30 16:00:00,1001.8,28.1,84.0,0.7,254.0,4.0,227.0,0.0,-99.8,-99.8,-99.8,-99.8,-99.8,-99.8,-99.8
2023-09-30 17:00:00,1002.1,28.2,83.0,0.2,0.0,1.9,234.0,0.0,-99.8,-99.8,-99.8,-99.8,-99.8,-99.8,-99.8
2023-09-30 18:00:00,1002.3,27.6,86.0,0.4,13.0,2.0,27.0,0.0,-99.8,-99.8,-99.8,-99.8,-99.8,-99.8,-99.8
2023-09-30 19:00:00,1003.2,27.7,84.0,0.4,311.0,2.5,292.0,0.0,-99.8,-99.8,-99.8,-99.8,-99.8,-99.8,-99.8
2023-09-30 20:00:00,1003.9,28.0,79.0,1.6,265.0,4.4,264.0,0.0,-99.8,-99.8,-99.8,-99.8,-99.8,-99.8,-99.8
2023-09-30 21:00:00,1004.1,27.3,85.0,0.4,2.0,2.4,235.0,0.0,-99.8,-99.8,-99.8,-99.8,-99.8,-99.8,-99.8
2023-09-30 22:00:00,1004.2,26.4,85.0,0.7,356.0,1.6,344.0,0.0,-99.8,-99.8,-99.8,-99.8,-99.8,-99.8,-99.8
2023-09-30 23:00:00,1004.3,26.2,86.0,0.4,348.0,1.5,28.0,0.0,-99.8,-99.8,-99.8,-99.8,-99.8,-99.8,-99.8
2023-10-01 00:00:00,1003.7,26.0,86.0,0.6,5.0,1.5,6.0,0.0,-99.8,-99.8,-99.8,-99.8,-99.8,-99.8,-99.8
2023-10-01 01:00:00,1003.3,25.8,85.0,0.3,343.0,1.7,12.0,0.0,-99.8,-99.8,-99.8,-99.8,-99.8,-99.8,-99.8
2023-10-01 02:00:00,1003.0,25.6,85.0,0.5,352.0,1.5,342.0,0.0,-99.8,-99.8,-99.8,-99.8,-99.8,-99.8,-99.8
2023-10-01 03:00:00,1002.3,25.4,83.0,0.7,352.0,1.6,23.0,0.0,-99.8,-99.8,-99.8,-99.8,-99.8,-99.8,-99.8
2023-10-01 04:00:00,1002.3,25.4,84.0,0.7,341.0,1.6,25.0,0.0,-99.8,-99.8,-99.8,-99.8,-99.8,-99.8,-99.8
2023-10-01 05:00:00,1002.6,25.4,83.0,0.8,352.0,1.6,4.0,0.0,-99.8,-99.8,-99.8,-99.8,-99.8,-99.8,-99.8
2023-10-01 06:00:00,1002.8,25.2,83.0,0.5,339.0,1.7,323.0,0.0,-99.8,-99.8,-99.8,-99.8,-99.8,-99.8,-99.8
2023-10-01 07:00:00,1003.4,26.6,76.0,0.8,11.0,1.5,334.0,0.0,-99.8,-99.8,-99.8,-99.8,-99.8,-99.8,-99.8
2023-10-01 08:00:00,1004.0,30.7,66.0,1.0,195.0,1.8,210.0,0.0,-99.8,-99.8,-99.8,-99.8,-99.8,-99.8,-99.8
2023-10-01 09:00:00,1004.2,29.7,70.0,3.3,248.0,8.2,211.0,0.0,-99.8,-99.8,-99.8,-99.8,-99.8,-99.8,-99.8
2023-10-01 10:00:00,1003.8,29.5,68.0,3.1,235.0,8.6,215.0,0.0,-99.8,-99.8,-99.8,-99.8,-99.8,-99.8,-99.8
2023-10-01 11:00:00,1003.6,30.9,60.0,3.3,235.0,10.6,281.0,0.0,-99.8,-99.8,-99.8,-99.8,-99.8,-99.8,-99.8
2023-10-01 12:00:00,1002.9,31.0,57.0,3.2,258.0,8.8,243.0,0.0,-99.8,-99.8,-99.8,-99.8,-99.8,-99.8,-99.8
2023-10-01 13:00:00,1002.5,30.7,61.0,4.0,233.0,10.2,234.0,0.0,-99.8,-99.8,-99.8,-99.8,-99.8,-99.8,-99.8
2023-10-01 14:00:00,1002.1,30.7,62.0,2.9,247.0,9.3,222.0,0.0,-99.8,-99.8,-99.8,-99.8,-99.8,-99.8,-99.8
2023-10-01 15:00:00,1001.9,30.0,66.0,2.3,254.0,8.4,208.0,0.0,-99.8,-99.8,-99.8,-99.8,-99.8,-99.8,-99.8
2023-10-01 16:00:00,1002.1,29.0,72.0,0.9,255.0,5.9,248.0,0.0,-99.8,-99.8,-99.8,-99.8,-99.8,-99.8,-99.8
2023-10-01 17:00:00,1002.4,28.1,74.0,0.6,2.0,4.4,264.0,0.0,-99.8,-99.8,-99.8,-99.8,-99.8,-99.8,-99.8
2023-10-01 18:00:00,1002.8,27.5,76.0,0.8,348.0,4.3,280.0,0.0,-99.8,-99.8,-99.8,-99.8,-99.8,-99.8,-99.8
2023-10-01 19:00:00,1003.3,27.0,78.0,0.7,3.0,6.4,249.0,0.0,-99.8,-99.8,-99.8,-99.8,-99.8,-99.8,-99.8
2023-10-01 20:00:00,1003.9,26.4,81.0,0.5,338.0,3.1,264.0,0.0,-99.8,-99.8,-99.8,-99.8,-99.8,-99.8,-99.8
2023-10-01 21:00:00,1004.1,26.1,82.0,0.5,5.0,2.1,29.0,0.0,-99.8,-99.8,-99.8,-99.8,-99.8,-99.8,-99.8
2023-10-01 22:00:00,1004.6,25.8,81.0,0.6,356.0,1.6,17.0,0.0,-99.8,-99.8,-99.8,-99.8,-99.8,-99.8,-99.8
2023-10-01 23:00:00,1004.8,25.9,80.0,0.7,12.0,1.3,304.0,0.0,-99.8,-99.8,-99.8,-99.8,-99.8,-99.8,-99.8
2023-10-02 00:00:00,1004.5,25.6,81.0,0.6,352.0,1.7,35.0,0.0,-99.8,-99.8,-99.8,-99.8,-99.8,-99.8,-99.8
2023-10-02 01:00:00,1004.5,25.4,81.0,0.8,17.0,1.9,24.0,0.0,-99.8,-99.8,-99.8,-99.8,-99.8,-99.8,-99.8
2023-10-02 02:00:00,1004.4,25.3,83.0,0.8,351.0,2.2,2.0,0.0,-99.8,-99.8,-99.8,-99.8,-99.8,-99.8,-99.8
2023-10-02 03:00:00,1003.8,25.0,81.0,0.7,3.0,1.6,21.0,0.0,-99.8,-99.8,-99.8,-99.8,-99.8,-99.8,-99.8
2023-10-02 04:00:00,1003.6,25.0,79.0,0.6,348.0,1.6,7.0,0.0,-99.8,-99.8,-99.8,-99.8,-99.8,-99.8,-99.8
2023-10-02 05:00:00,1003.5,25.1,78.0,0.7,359.0,1.6,345.0,0.0,-99.8,-99.8,-99.8,-99.8,-99.8,-99.8,-99.8
2023-10-02 06:00:00,1003.7,25.5,80.0,0.7,358.0,1.5,23.0,0.0,-99.8,-99.8,-99.8,-99.8,-99.8,-99.8,-99.8
2023-10-02 07:00:00,1004.2,25.6,83.0,0.4,331.0,1.5,31.0,0.0,-99.8,-99.8,-99.8,-99.8,-99.8,-99.8,-99.8
2023-10-02 08:00:00,1004.8,30.2,60.0,0.9,188.0,2.6,217.0,0.0,-99.8,-99.8,-99.8,-99.8,-99.8,-99.8,-99.8
2023-10-02 09:00:00,1004.8,31.0,57.0,2.1,205.0,3.5,220.0,0.0,-99.8,-99.8,-99.8,-99.8,-99.8,-99.8,-99.8
2023-10-02 10:00:00,1004.2,29.8,63.0,3.5,222.0,9.9,234.0,0.0,-99.8,-99.8,-99.8,-99.8,-99.8,-99.8,-99.8
2023-10-02 11:00:00,1003.4,29.3,65.0,4.3,228.0,10.5,224.0,0.0,-99.8,-99.8,-99.8,-99.8,-99.8,-99.8,-99.8
2023-10-02 12:00:00,1003.3,28.8,66.0,4.0,247.0,10.6,236.0,0.0,-99.8,-99.8,-99.8,-99.8,-99.8,-99.8,-99.8
2023-10-02 13:00:00,1003.9,27.2,70.0,2.1,327.0,8.2,302.0,0.0,-99.8,-99.8,-99.8,-99.8,-99.8,-99.8,-99.8
2023-10-02 14:00:00,1003.4,27.1,69.0,1.5,315.0,6.4,280.0,0.0,-99.8,-99.8,-99.8,-99.8,-99.8,-99.8,-99.8
2023-10-02 15:00:00,1002.4,27.3,70.0,1.6,253.0,6.0,89.0,0.0,-99.8,-99.8,-99.8,-99.8,-99.8,-99.8,-99.8
2023-10-02 16:00:00,1001.5,26.7,72.0,0.3,357.0,4.2,296.0,0.0,-99.8,-99.8,-99.8,-99.8,-99.8,-99.8,-99.8
2023-10-02 17:00:00,1001.7,25.7,77.0,0.4,9.0,2.5,250.0,0.0,-99.8,-99.8,-99.8,-99.8,-99.8,-99.8,-99.8
2023-10-02 18:00:00,1002.1,25.3,78.0,0.4,356.0,1.6,18.0,0.0,-99.8,-99.8,-99.8,-99.8,-99.8,-99.8,-99.8
2023-10-02 19:00:00,1003.2,25.3,76.0,0.7,275.0,3.1,228.0,0.0,-99.8,-99.8,-99.8,-99.8,-99.8,-99.8,-99.8
2023-10-02 20:00:00,1003.7,25.1,79.0,0.6,348.0,2.5,25.0,0.0,-99.8,-99.8,-99.8,-99.8,-99.8,-99.8,-99.8
2023-10-02 21:00:00,1004.3,24.8,79.0,0.7,7.0,2.9,20.0,0.0,-99.8,-99.8,-99.8,-99.8,-99.8,-99.8,-99.8
2023-10-02 22:00:00,1004.4,24.7,80.0,0.7,6.0,2.2,20.0,0.0,-99.8,-99.8,-99.8,-99.8,-99.8,-99.8,-99.8
2023-10-02 23:00:00,1004.2,24.5,81.0,0.6,6.0,1.6,34.0,0.0,-99.8,-99.8,-99.8,-99.8,-99.8,-99.8,-99.8
2023-10-03 00:00:00,1003.8,24.1,80.0,0.5,348.0,1.6,10.0,0.0,-99.8,-99.8,-99.8,-99.8,-99.8,-99.8,-99.8
2023-10-03 01:00:00,1002.9,23.8,79.0,0.6,10.0,1.6,17.0,0.0,-99.8,-99.8,-99.8,-99.8,-99.8,-99.8,-99.8
2023-10-03 02:00:00,1002.3,23.7,78.0,0.6,13.0,2.2,47.0,0.0,-99.8,-99.8,-99.8,-99.8,-99.8,-99.8,-99.8
2023-10-03 03:00:00,1001.1,23.4,77.0,0.7,352.0,1.8,28.0,0.0,-99.8,-99.8,-99.8,-99.8,-99.8,-99.8,-99.8
2023-10-03 04:00:00,1001.0,23.2,69.0,0.8,8.0,2.0,25.0,0.0,-99.8,-99.8,-99.8,-99.8,-99.8,-99.8,-99.8
2023-10-03 05:00:00,1001.5,23.0,66.0,0.5,6.0,1.4,6.0,0.0,-99.8,-99.8,-99.8,-99.8,-99.8,-99.8,-99.8
2023-10-03 06:00:00,1000.7,23.3,59.0,1.2,3.0,2.7,23.0,0.0,-99.8,-99.8,-99.8,-99.8,-99.8,-99.8,-99.8
2023-10-03 07:00:00,1000.7,25.1,45.0,1.3,29.0,2.7,63.0,0.0,-99.8,-99.8,-99.8,-99.8,-99.8,-99.8,-99.8
2023-10-03 08:00:00,1001.2,28.6,47.0,0.8,45.0,2.6,38.0,0.0,-99.8,-99.8,-99.8,-99.8,-99.8,-99.8,-99.8
2023-10-03 09:00:00,1001.6,31.0,46.0,0.8,186.0,3.6,209.0,0.0,-99.8,-99.8,-99.8,-99.8,-99.8,-99.8,-99.8
2023-10-03 10:00:00,1000.0,32.4,40.0,1.4,202.0,5.8,239.0,0.0,-99.8,-99.8,-99.8,-99.8,-99.8,-99.8,-99.8
2023-10-03 11:00:00,999.3,31.9,50.0,1.5,34.0,8.2,237.0,0.0,-99.8,-99.8,-99.8,-99.8,-99.8,-99.8,-99.8
2023-10-03 12:00:00,998.3,33.8,52.0,1.6,187.0,7.3,214.0,0.0,-99.8,-99.8,-99.8,-99.8,-99.8,-99.8,-99.8
2023-10-03 13:00:00,997.4,33.2,54.0,1.3,205.0,4.3,212.0,0.0,-99.8,-99.8,-99.8,-99.8,-99.8,-99.8,-99.8
2023-10-03 14:00:00,995.9,33.0,49.0,3.4,259.0,9.8,236.0,0.0,-99.8,-99.8,-99.8,-99.8,-99.8,-99.8,-99.8
2023-10-03 15:00:00,995.4,33.2,48.0,2.9,264.0,10.3,264.0,0.0,-99.8,-99.8,-99.8,-99.8,-99.8,-99.8,-99.8
2023-10-03 16:00:00,995.8,32.0,52.0,2.3,259.0,10.3,232.0,0.0,-99.8,-99.8,-99.8,-99.8,-99.8,-99.8,-99.8
2023-10-03 17:00:00,996.3,31.7,53.0,2.9,262.0,10.0,229.0,0.0,-99.8,-99.8,-99.8,-99.8,-99.8,-99.8,-99.8
2023-10-03 18:00:00,996.6,31.1,56.0,3.0,262.0,8.6,296.0,0.0,-99.8,-99.8,-99.8,-99.8,-99.8,-99.8,-99.8
2023-10-03 19:00:00,997.2,30.7,59.0,2.2,288.0,8.3,237.0,0.0,-99.8,-99.8,-99.8,-99.8,-99.8,-99.8,-99.8
2023-10-03 20:00:00,997.4,29.4,65.0,1.6,301.0,9.3,246.0,0.0,-99.8,-99.8,-99.8,-99.8,-99.8,-99.8,-99.8
2023-10-03 21:00:00,997.5,30.3,61.0,2.3,348.0,11.9,46.0,0.0,-99.8,-99.8,-99.8,-99.8,-99.8,-99.8,-99.8
2023-10-03 22:00:00,997.4,29.4,66.0,1.6,267.0,7.3,194.0,0.0,-99.8,-99.8,-99.8,-99.8,-99.8,-99.8,-99.8
2023-10-03 23:00:00,997.5,30.3,61.0,2.7,283.0,10.7,294.0,0.0,-99.8,-99.8,-99.8,-99.8,-99.8,-99.8,-99.8
2023-10-04 00:00:00,997.7,28.4,72.0,3.1,279.0,9.9,291.0,0.0,-99.8,-99.8,-99.8,-99.8,-99.8,-99.8,-99.8
2023-10-04 01:00:00,996.0,28.3,71.0,1.3,360.0,4.2,214.0,0.0,-99.8,-99.8,-99.8,-99.8,-99.8,-99.8,-99.8
2023-10-04 02:00:00,995.5,29.5,62.0,1.3,347.0,9.6,235.0,0.0,-99.8,-99.8,-99.8,-99.8,-99.8,-99.8,-99.8
2023-10-04 03:00:00,994.7,30.9,56.0,5.4,251.0,18.8,221.0,0.0,-99.8,-99.8,-99.8,-99.8,-99.8,-99.8,-99.8
2023-10-04 04:00:00,994.1,31.4,50.0,2.6,259.0,11.8,224.0,0.0,-99.8,-99.8,-99.8,-99.8,-99.8,-99.8,-99.8
2023-10-04 05:00:00,994.5,30.5,55.0,1.7,295.0,13.0,306.0,0.0,-99.8,-99.8,-99.8,-99.8,-99.8,-99.8,-99.8
2023-10-04 06:00:00,995.2,31.1,54.0,2.3,301.0,8.5,12.0,0.0,-99.8,-99.8,-99.8,-99.8,-99.8,-99.8,-99.8
2023-10-04 07:00:00,995.4,32.2,50.0,2.3,284.0,8.7,268.0,0.0,-99.8,-99.8,-99.8,-99.8,-99.8,-99.8,-99.8
2023-10-04 08:00:00,996.6,29.8,64.0,2.9,283.0,17.5,221.0,0.0,-99.8,-99.8,-99.8,-99.8,-99.8,-99.8,-99.8
2023-10-04 09:00:00,994.8,32.7,52.0,6.4,238.0,16.1,227.0,0.0,-99.8,-99.8,-99.8,-99.8,-99.8,-99.8,-99.8
2023-10-04 10:00:00,997.0,27.6,86.0,0.7,317.0,16.7,216.0,0.5,-99.8,-99.8,-99.8,-99.8,-99.8,-99.8,-99.8
2023-10-04 11:00:00,996.9,27.8,79.0,2.1,286.0,5.4,233.0,0.0,-99.8,-99.8,-99.8,-99.8,-99.8,-99.8,-99.8
2023-10-04 12:00:00,994.5,30.6,75.0,1.7,293.0,6.7,244.0,0.0,-99.8,-99.8,-99.8,-99.8,-99.8,-99.8,-99.8
2023-10-04 13:00:00,993.9,30.6,66.0,3.7,258.0,13.8,236.0,0.0,-99.8,-99.8,-99.8,-99.8,-99.8,-99.8,-99.8
2023-10-04 14:00:00,994.9,27.1,85.0,1.9,270.0,11.4,276.0,1.5,-99.8,-99.8,-99.8,-99.8,-99.8,-99.8,-99.8
2023-10-04 15:00:00,995.0,26.3,91.0,1.4,309.0,16.1,210.0,5.0,-99.8,-99.8,-99.8,-99.8,-99.8,-99.8,-99.8
2023-10-04 16:00:00,995.1,28.6,73.0,6.0,233.0,17.5,220.0,1.5,-99.8,-99.8,-99.8,-99.8,-99.8,-99.8,-99.8
2023-10-04 17:00:00,996.0,28.4,75.0,1.8,278.0,17.5,215.0,0.0,-99.8,-99.8,-99.8,-99.8,-99.8,-99.8,-99.8
2023-10-04 18:00:00,996.5,27.6,81.0,2.3,289.0,10.6,274.0,0.5,-99.8,-99.8,-99.8,-99.8,-99.8,-99.8,-99.8
2023-10-04 19:00:00,997.5,26.7,87.0,2.9,274.0,11.7,268.0,8.5,-99.8,-99.8,-99.8,-99.8,-99.8,-99.8,-99.8
2023-10-04 20:00:00,998.3,26.6,86.0,2.0,299.0,7.7,204.0,1.0,-99.8,-99.8,-99.8,-99.8,-99.8,-99.8,-99.8
2023-10-04 21:00:00,998.5,25.2,96.0,1.1,20.0,4.3,23.0,3.5,-99.8,-99.8,-99.8,-99.8,-99.8,-99.8,-99.8
2023-10-04 22:00:00,999.0,25.8,92.0,1.3,324.0,6.7,287.0,3.0,-99.8,-99.8,-99.8,-99.8,-99.8,-99.8,-99.8
2023-10-04 23:00:00,998.7,25.6,92.0,1.1,318.0,5.7,264.0,0.5,-99.8,-99.8,-99.8,-99.8,-99.8,-99.8,-99.8
2023-10-05 00:00:00,998.7,25.1,97.0,1.2,353.0,5.7,264.0,11.0,-99.8,-99.8,-99.8,-99.8,-99.8,-99.8,-99.8
2023-10-05 01:00:00,997.9,26.4,93.0,3.9,282.0,11.4,268.0,6.5,-99.8,-99.8,-99.8,-99.8,-99.8,-99.8,-99.8
2023-10-05 02:00:00,998.0,27.1,89.0,5.0,277.0,12.2,293.0,4.5,-99.8,-99.8,-99.8,-99.8,-99.8,-99.8,-99.8
2023-10-05 03:00:00,997.8,25.9,97.0,2.7,276.0,16.1,204.0,11.5,-99.8,-99.8,-99.8,-99.8,-99.8,-99.8,-99.8
2023-10-05 04:00:00,997.6,26.8,92.0,3.8,255.0,8.7,283.0,1.0,-99.8,-99.8,-99.8,-99.8,-99.8,-99.8,-99.8
2023-10-05 05:00:00,998.3,26.7,93.0,3.7,234.0,8.4,291.0,3.5,-99.8,-99.8,-99.8,-99.8,-99.8,-99.8,-99.8
2023-10-05 06:00:00,999.0,25.9,98.0,3.3,217.0,7.2,207.0,1.0,-99.8,-99.8,-99.8,-99.8,-99.8,-99.8,-99.8
2023-10-05 07:00:00,999.8,25.2,98.0,0.9,301.0,7.6,215.0,5.5,-99.8,-99.8,-99.8,-99.8,-99.8,-99.8,-99.8
2023-10-05 08:00:00,1001.4,26.0,92.0,3.5,204.0,8.2,217.0,5.0,-99.8,-99.8,-99.8,-99.8,-99.8,-99.8,-99.8
2023-10-05 09:00:00,1001.5,24.8,94.0,1.1,346.0,7.0,201.0,1.5,-99.8,-99.8,-99.8,-99.8,-99.8,-99.8,-99.8
2023-10-05 10:00:00,1001.2,25.4,90.0,1.3,14.0,4.1,47.0,2.0,-99.8,-99.8,-99.8,-99.8,-99.8,-99.8,-99.8
2023-10-05 11:00:00,1001.0,25.8,90.0,1.5,355.0,4.1,33.0,0.5,-99.8,-99.8,-99.8,-99.8,-99.8,-99.8,-99.8
2023-10-05 12:00:00,1000.2,25.8,91.0,0.9,348.0,4.5,266.0,0.5,-99.8,-99.8,-99.8,-99.8,-99.8,-99.8,-99.8
2023-10-05 13:00:00,999.9,25.4,92.0,1.6,44.0,4.7,51.0,4.5,-99.8,-99.8,-99.8,-99.8,-99.8,-99.8,-99.8
2023-10-05 14:00:00,999.5,26.3,87.0,2.3,38.0,5.4,38.0,0.0,-99.8,-99.8,-99.8,-99.8,-99.8,-99.8,-99.8
2023-10-05 15:00:00,999.7,25.9,89.0,1.5,18.0,6.3,46.0,1.5,-99.8,-99.8,-99.8,-99.8,-99.8,-99.8,-99.8
2023-10-05 16:00:00,1000.2,25.3,93.0,1.2,2.0,5.0,24.0,0.5,-99.8,-99.8,-99.8,-99.8,-99.8,-99.8,-99.8
2023-10-05 17:00:00,1000.6,25.8,91.0,3.4,206.0,6.7,221.0,4.0,-99.8,-99.8,-99.8,-99.8,-99.8,-99.8,-99.8
2023-10-05 18:00:00,1001.0,25.7,91.0,2.7,25.0,12.7,136.0,6.5,-99.8,-99.8,-99.8,-99.8,-99.8,-99.8,-99.8
2023-10-05 19:00:00,1002.0,25.4,93.0,1.2,310.0,8.1,36.0,2.5,-99.8,-99.8,-99.8,-99.8,-99.8,-99.8,-99.8
2023-10-05 20:00:00,1002.3,25.8,93.0,1.0,271.0,6.5,218.0,0.0,-99.8,-99.8,-99.8,-99.8,-99.8,-99.8,-99.8
2023-10-05 21:00:00,1003.3,25.5,92.0,1.2,346.0,4.4,205.0,1.0,-99.8,-99.8,-99.8,-99.8,-99.8,-99.8,-99.8
2023-10-05 22:00:00,1003.5,26.0,85.0,1.2,5.0,7.1,45.0,0.0,-99.8,-99.8,-99.8,-99.8,-99.8,-99.8,-99.8
2023-10-05 23:00:00,1003.4,25.4,88.0,0.9,355.0,4.9,26.0,0.0,-99.8,-99.8,-99.8,-99.8,-99.8,-99.8,-99.8
2023-10-06 00:00:00,1003.3,25.3,88.0,0.6,340.0,2.9,352.0,0.0,-99.8,-99.8,-99.8,-99.8,-99.8,-99.8,-99.8
2023-10-06 01:00:00,1002.8,24.1,96.0,1.1,12.0,4.1,27.0,2.5,-99.8,-99.8,-99.8,-99.8,-99.8,-99.8,-99.8
2023-10-06 02:00:00,1002.7,23.8,97.0,0.7,318.0,3.1,245.0,0.5,-99.8,-99.8,-99.8,-99.8,-99.8,-99.8,-99.8
2023-10-06 03:00:00,1002.5,23.5,98.0,0.9,4.0,2.0,1.0,0.0,-99.8,-99.8,-99.8,-99.8,-99.8,-99.8,-99.8
2023-10-06 04:00:00,1002.8,23.3,98.0,0.7,358.0,1.9,261.0,0.0,-99.8,-99.8,-99.8,-99.8,-99.8,-99.8,-99.8
2023-10-06 05:00:00,1003.0,23.3,97.0,0.8,319.0,2.2,309.0,0.0,-99.8,-99.8,-99.8,-99.8,-99.8,-99.8,-99.8
2023-10-06 06:00:00,1003.7,23.4,96.0,0.8,354.0,1.7,20.0,0.0,-99.8,-99.8,-99.8,-99.8,-99.8,-99.8,-99.8
2023-10-06 07:00:00,1004.3,24.6,93.0,0.5,303.0,1.5,355.0,0.0,-99.8,-99.8,-99.8,-99.8,-99.8,-99.8,-99.8
2023-10-06 08:00:00,1004.8,25.0,95.0,0.4,334.0,2.0,34.0,0.0,-99.8,-99.8,-99.8,-99.8,-99.8,-99.8,-99.8
2023-10-06 09:00:00,1005.3,25.2,97.0,0.5,242.0,7.5,217.0,13.5,-99.8,-99.8,-99.8,-99.8,-99.8,-99.8,-99.8
2023-10-06 10:00:00,1005.1,26.0,96.0,0.1,0.0,2.1,31.0,0.0,-99.8,-99.8,-99.8,-99.8,-99.8,-99.8,-99.8
2023-10-06 11:00:00,1005.0,27.4,89.0,1.0,99.0,1.9,44.0,0.0,-99.8,-99.8,-99.8,-99.8,-99.8,-99.8,-99.8
2023-10-06 12:00:00,1004.2,28.4,83.0,0.8,212.0,2.8,223.0,0.0,-99.8,-99.8,-99.8,-99.8,-99.8,-99.8,-99.8
2023-10-06 13:00:00,1003.3,29.3,78.0,0.8,162.0,2.8,192.0,0.0,-99.8,-99.8,-99.8,-99.8,-99.8,-99.8,-99.8
2023-10-06 14:00:00,1003.0,29.0,77.0,0.8,201.0,2.3,220.0,0.0,-99.8,-99.8,-99.8,-99.8,-99.8,-99.8,-99.8
2023-10-06 15:00:00,1003.1,27.1,87.0,0.5,194.0,2.5,212.0,0.0,-99.8,-99.8,-99.8,-99.8,-99.8,-99.8,-99.8
2023-10-06 16:00:00,1002.7,26.5,91.0,1.3,201.0,6.3,209.0,0.0,-99.8,-99.8,-99.8,-99.8,-99.8,-99.8,-99.8
2023-10-06 17:00:00,1002.7,25.5,88.0,0.7,358.0,3.5,197.0,0.0,-99.8,-99.8,-99.8,-99.8,-99.8,-99.8,-99.8
2023-10-06 18:00:00,1004.0,24.5,96.0,0.2,0.0,2.1,209.0,5.0,-99.8,-99.8,-99.8,-99.8,-99.8,-99.8,-99.8
2023-10-06 19:00:00,1004.2,24.2,98.0,0.1,0.0,1.0,31.0,3.0,-99.8,-99.8,-99.8,-99.8,-99.8,-99.8,-99.8
2023-10-06 20:00:00,1004.3,23.5,98.0,0.5,331.0,1.6,16.0,1.0,-99.8,-99.8,-99.8,-99.8,-99.8,-99.8,-99.8
2023-10-06 21:00:00,1005.0,23.5,98.0,0.7,350.0,1.3,318.0,0.0,-99.8,-99.8,-99.8,-99.8,-99.8,-99.8,-99.8
2023-10-06 22:00:00,1005.1,23.6,99.0,0.4,12.0,1.5,17.0,0.0,-99.8,-99.8,-99.8,-99.8,-99.8,-99.8,-99.8
2023-10-06 23:00:00,1005.4,23.6,99.0,0.6,348.0,1.4,4.0,0.0,-99.8,-99.8,-99.8,-99.8,-99.8,-99.8,-99.8
2023-10-07 00:00:00,1005.4,23.4,98.0,0.5,345.0,1.4,339.0,0.0,-99.8,-99.8,-99.8,-99.8,-99.8,-99.8,-99.8
2023-10-07 01:00:00,1004.7,23.7,97.0,0.7,336.0,1.9,298.0,0.0,-99.8,-99.8,-99.8,-99.8,-99.8,-99.8,-99.8
2023-10-07 02:00:00,1004.4,24.1,96.0,0.8,323.0,1.8,331.0,0.0,-99.8,-99.8,-99.8,-99.8,-99.8,-99.8,-99.8
2023-10-07 03:00:00,1003.8,24.0,97.0,0.6,1.0,1.6,314.0,0.0,-99.8,-99.8,-99.8,-99.8,-99.8,-99.8,-99.8
2023-10-07 04:00:00,1003.7,23.9,97.0,0.6,349.0,1.3,337.0,0.0,-99.8,-99.8,-99.8,-99.8,-99.8,-99.8,-99.8
2023-10-07 05:00:00,1004.4,24.0,97.0,0.3,356.0,1.3,300.0,0.0,-99.8,-99.8,-99.8,-99.8,-99.8,-99.8,-99.8
2023-10-07 06:00:00,1004.6,23.8,97.0,0.5,320.0,1.2,34.0,0.0,-99.8,-99.8,-99.8,-99.8,-99.8,-99.8,-99.8
2023-10-07 07:00:00,1005.4,24.3,97.0,0.4,332.0,1.2,356.0,0.0,-99.8,-99.8,-99.8,-99.8,-99.8,-99.8,-99.8
2023-10-07 08:00:00,1005.9,25.2,93.0,0.2,0.0,1.0,338.0,0.0,-99.8,-99.8,-99.8,-99.8,-99.8,-99.8,-99.8
2023-10-07 09:00:00,1006.3,26.1,88.0,0.3,32.0,1.4,325.0,0.0,-99.8,-99.8,-99.8,-99.8,-99.8,-99.8,-99.8
2023-10-07 10:00:00,1006.3,26.3,86.0,0.6,272.0,3.6,225.0,0.0,-99.8,-99.8,-99.8,-99.8,-99.8,-99.8,-99.8
2023-10-07 11:00:00,1005.7,25.8,88.0,0.8,202.0,4.1,220.0,0.0,-99.8,-99.8,-99.8,-99.8,-99.8,-99.8,-99.8
2023-10-07 12:00:00,1004.9,25.6,92.0,0.4,223.0,3.9,218.0,0.5,-99.8,-99.8,-99.8,-99.8,-99.8,-99.8,-99.8
2023-10-07 13:00:00,1004.3,28.6,80.0,0.8,162.0,1.6,151.0,0.0,-99.8,-99.8,-99.8,-99.8,-99.8,-99.8,-99.8
2023-10-07 14:00:00,1004.2,27.7,79.0,1.0,196.0,3.2,204.0,0.0,-99.8,-99.8,-99.8,-99.8,-99.8,-99.8,-99.8
2023-10-07 15:00:00,1004.1,26.7,86.0,1.7,196.0,4.0,209.0,0.0,-99.8,-99.8,-99.8,-99.8,-99.8,-99.8,-99.8
2023-10-07 16:00:00,1004.7,26.2,89.0,1.2,204.0,3.6,202.0,0.0,-99.8,-99.8,-99.8,-99.8,-99.8,-99.8,-99.8
2023-10-07 17:00:00,1004.4,25.9,91.0,0.7,168.0,3.2,211.0,0.0,-99.8,-99.8,-99.8,-99.8,-99.8,-99.8,-99.8
2023-10-07 18:00:00,1005.1,25.2,94.0,0.4,8.0,2.6,218.0,0.0,-99.8,-99.8,-99.8,-99.8,-99.8,-99.8,-99.8
2023-10-07 19:00:00,1005.7,25.4,89.0,0.7,346.0,1.4,17.0,0.0,-99.8,-99.8,-99.8,-99.8,-99.8,-99.8,-99.8
2023-10-07 20:00:00,1006.2,25.6,87.0,0.7,357.0,2.7,34.0,0.0,-99.8,-99.8,-99.8,-99.8,-99.8,-99.8,-99.8
2023-10-07 21:00:00,1006.7,26.1,84.0,1.2,25.0,3.2,29.0,0.0,-99.8,-99.8,-99.8,-99.8,-99.8,-99.8,-99.8
2023-10-07 22:00:00,1006.6,25.4,90.0,0.7,352.0,2.6,19.0,0.0,-99.8,-99.8,-99.8,-99.8,-99.8,-99.8,-99.8
2023-10-07 23:00:00,1006.3,25.0,92.0,0.5,354.0,1.3,19.0,0.0,-99.8,-99.8,-99.8,-99.8,-99.8,-99.8,-99.8
2023-10-08 00:00:00,1006.1,25.0,91.0,0.4,330.0,1.6,299.0,0.0,-99.8,-99.8,-99.8,-99.8,-99.8,-99.8,-99.8
2023-10-08 01:00:00,1006.3,25.0,91.0,0.3,346.0,1.5,340.0,0.0,-99.8,-99.8,-99.8,-99.8,-99.8,-99.8,-99.8
2023-10-08 02:00:00,1006.4,24.3,96.0,0.4,352.0,1.2,308.0,1.0,-99.8,-99.8,-99.8,-99.8,-99.8,-99.8,-99.8
2023-10-08 03:00:00,1006.0,24.0,98.0,0.9,1.0,1.9,28.0,0.5,-99.8,-99.8,-99.8,-99.8,-99.8,-99.8,-99.8
2023-10-08 04:00:00,1006.1,24.1,99.0,0.2,0.0,1.3,360.0,0.0,-99.8,-99.8,-99.8,-99.8,-99.8,-99.8,-99.8
2023-10-08 05:00:00,1006.3,24.0,99.0,0.4,360.0,1.2,344.0,0.5,-99.8,-99.8,-99.8,-99.8,-99.8,-99.8,-99.8
2023-10-08 06:00:00,1006.9,24.0,99.0,0.6,2.0,2.1,15.0,0.0,-99.8,-99.8,-99.8,-99.8,-99.8,-99.8,-99.8
2023-10-08 07:00:00,1007.6,24.6,98.0,0.4,360.0,1.8,292.0,0.0,-99.8,-99.8,-99.8,-99.8,-99.8,-99.8,-99.8
2023-10-08 08:00:00,1008.5,25.9,94.0,0.1,0.0,1.0,50.0,0.0,-99.8,-99.8,-99.8,-99.8,-99.8,-99.8,-99.8
2023-10-08 09:00:00,1008.6,25.8,92.0,1.7,224.0,2.9,235.0,0.0,-99.8,-99.8,-99.8,-99.8,-99.8,-99.8,-99.8
2023-10-08 10:00:00,1008.6,25.5,91.0,0.5,297.0,4.6,219.0,0.0,-99.8,-99.8,-99.8,-99.8,-99.8,-99.8,-99.8
2023-10-08 11:00:00,1008.3,25.3,96.0,0.6,217.0,4.3,231.0,1.0,-99.8,-99.8,-99.8,-99.8,-99.8,-99.8,-99.8
2023-10-08 12:00:00,1007.6,25.6,97.0,0.0,0.0,1.4,57.0,1.5,-99.8,-99.8,-99.8,-99.8,-99.8,-99.8,-99.8
2023-10-08 13:00:00,1006.5,27.8,87.0,1.1,161.0,2.9,200.0,0.5,-99.8,-99.8,-99.8,-99.8,-99.8,-99.8,-99.8
2023-10-08 14:00:00,1006.8,28.2,79.0,1.5,158.0,4.1,171.0,0.0,-99.8,-99.8,-99.8,-99.8,-99.8,-99.8,-99.8
2023-10-08 15:00:00,1006.4,26.4,89.0,2.0,234.0,5.1,211.0,0.0,-99.8,-99.8,-99.8,-99.8,-99.8,-99.8,-99.8
2023-10-08 16:00:00,1006.7,25.9,91.0,0.4,310.0,3.4,290.0,0.0,-99.8,-99.8,-99.8,-99.8,-99.8,-99.8,-99.8
2023-10-08 17:00:00,1007.1,24.6,96.0,0.5,4.0,1.6,323.0,0.5,-99.8,-99.8,-99.8,-99.8,-99.8,-99.8,-99.8
2023-10-08 18:00:00,1007.7,24.2,97.0,0.7,354.0,1.8,353.0,0.0,-99.8,-99.8,-99.8,-99.8,-99.8,-99.8,-99.8
2023-10-08 19:00:00,1008.7,23.9,98.0,0.8,4.0,1.8,1.0,1.0,-99.8,-99.8,-99.8,-99.8,-99.8,-99.8,-99.8
2023-10-08 20:00:00,1009.1,24.0,99.0,0.8,9.0,1.7,10.0,0.0,-99.8,-99.8,-99.8,-99.8,-99.8,-99.8,-99.8
2023-10-08 21:00:00,1010.2,23.9,99.0,0.4,348.0,1.6,20.0,0.5,-99.8,-99.8,-99.8,-99.8,-99.8,-99.8,-99.8
2023-10-08 22:00:00,1010.0,23.8,99.0,0.4,360.0,1.7,342.0,0.5,-99.8,-99.8,-99.8,-99.8,-99.8,-99.8,-99.8
2023-10-08 23:00:00,1009.8,23.9,99.0,0.3,348.0,1.2,330.0,1.0,-99.8,-99.8,-99.8,-99.8,-99.8,-99.8,-99.8
2023-10-09 00:00:00,1009.6,24.0,99.0,0.2,0.0,1.8,166.0,2.5,-99.8,-99.8,-99.8,-99.8,-99.8,-99.8,-99.8
2023-10-09 01:00:00,1009.0,23.9,100.0,0.2,0.0,1.1,27.0,0.5,-99.8,-99.8,-99.8,-99.8,-99.8,-99.8,-99.8
2023-10-09 02:00:00,1008.3,23.7,100.0,0.4,348.0,1.5,25.0,0.0,-99.8,-99.8,-99.8,-99.8,-99.8,-99.8,-99.8
2023-10-09 03:00:00,1008.2,23.6,100.0,0.3,346.0,1.0,319.0,0.0,-99.8,-99.8,-99.8,-99.8,-99.8,-99.8,-99.8
2023-10-09 04:00:00,1008.2,23.6,100.0,0.6,348.0,1.4,336.0,0.0,-99.8,-99.8,-99.8,-99.8,-99.8,-99.8,-99.8
2023-10-09 05:00:00,1008.2,23.7,100.0,0.4,9.0,1.2,357.0,0.0,-99.8,-99.8,-99.8,-99.8,-99.8,-99.8,-99.8
2023-10-09 06:00:00,1008.5,23.3,100.0,0.7,339.0,1.5,13.0,0.0,-99.8,-99.8,-99.8,-99.8,-99.8,-99.8,-99.8
2023-10-09 07:00:00,1009.2,23.9,100.0,0.2,0.0,1.5,21.0,0.0,-99.8,-99.8,-99.8,-99.8,-99.8,-99.8,-99.8
2023-10-09 08:00:00,1009.7,24.9,97.0,0.4,267.0,1.3,265.0,0.0,-99.8,-99.8,-99.8,-99.8,-99.8,-99.8,-99.8
2023-10-09 09:00:00,1009.9,28.5,80.0,1.1,195.0,2.3,163.0,0.0,-99.8,-99.8,-99.8,-99.8,-99.8,-99.8,-99.8
2023-10-09 10:00:00,1009.9,29.5,75.0,1.2,174.0,2.5,204.0,0.0,-99.8,-99.8,-99.8,-99.8,-99.8,-99.8,-99.8
2023-10-09 11:00:00,1009.5,29.7,75.0,0.8,164.0,2.3,208.0,0.0,-99.8,-99.8,-99.8,-99.8,-99.8,-99.8,-99.8
2023-10-09 12:00:00,1008.9,29.3,76.0,1.4,156.0,2.8,175.0,0.0,-99.8,-99.8,-99.8,-99.8,-99.8,-99.8,-99.8
2023-10-09 13:00:00,1008.4,27.5,83.0,1.6,184.0,3.6,166.0,0.0,-99.8,-99.8,-99.8,-99.8,-99.8,-99.8,-99.8
2023-10-09 14:00:00,1007.9,26.9,86.0,1.5,239.0,4.1,221.0,0.0,-99.8,-99.8,-99.8,-99.8,-99.8,-99.8,-99.8
2023-10-09 15:00:00,1007.8,27.9,82.0,0.3,220.0,2.3,259.0,0.0,-99.8,-99.8,-99.8,-99.8,-99.8,-99.8,-99.8
2023-10-09 16:00:00,1008.0,26.9,84.0,1.2,255.0,3.3,232.0,0.0,-99.8,-99.8,-99.8,-99.8,-99.8,-99.8,-99.8
2023-10-09 17:00:00,1008.4,25.9,87.0,1.7,239.0,3.9,284.0,0.0,-99.8,-99.8,-99.8,-99.8,-99.8,-99.8,-99.8
2023-10-09 18:00:00,1008.9,25.3,92.0,0.2,0.0,1.8,268.0,0.0,-99.8,-99.8,-99.8,-99.8,-99.8,-99.8,-99.8
2023-10-09 19:00:00,1009.7,24.8,97.0,0.2,0.0,1.5,22.0,1.0,-99.8,-99.8,-99.8,-99.8,-99.8,-99.8,-99.8
2023-10-09 20:00:00,1010.5,24.5,98.0,0.1,0.0,1.4,6.0,0.5,-99.8,-99.8,-99.8,-99.8,-99.8,-99.8,-99.8
2023-10-09 21:00:00,1010.6,24.2,98.0,0.8,21.0,1.6,15.0,0.5,-99.8,-99.8,-99.8,-99.8,-99.8,-99.8,-99.8
2023-10-09 22:00:00,1010.4,24.3,99.0,0.1,0.0,1.4,283.0,0.0,-99.8,-99.8,-99.8,-99.8,-99.8,-99.8,-99.8
2023-10-09 23:00:00,1010.1,24.2,99.0,0.0,0.0,0.9,26.0,0.0,-99.8,-99.8,-99.8,-99.8,-99.8,-99.8,-99.8
2023-10-10 00:00:00,1009.9,23.9,99.0,0.2,0.0,1.1,287.0,0.0,-99.8,-99.8,-99.8,-99.8,-99.8,-99.8,-99.8
2023-10-10 01:00:00,1009.6,23.9,98.0,0.5,354.0,1.4,54.0,0.0,-99.8,-99.8,-99.8,-99.8,-99.8,-99.8,-99.8
2023-10-10 02:00:00,1008.9,23.8,99.0,0.3,357.0,1.0,17.0,0.0,-99.8,-99.8,-99.8,-99.8,-99.8,-99.8,-99.8
2023-10-10 03:00:00,1008.7,23.9,99.0,0.0,0.0,1.3,7.0,0.0,-99.8,-99.8,-99.8,-99.8,-99.8,-99.8,-99.8
2023-10-10 04:00:00,1008.6,23.8,99.0,0.5,334.0,1.1,33.0,0.0,-99.8,-99.8,-99.8,-99.8,-99.8,-99.8,-99.8
2023-10-10 05:00:00,1008.8,23.7,98.0,0.5,334.0,1.7,297.0,0.0,-99.8,-99.8,-99.8,-99.8,-99.8,-99.8,-99.8
2023-10-10 06:00:00,1009.1,23.6,98.0,0.5,360.0,1.8,3.0,0.0,-99.8,-99.8,-99.8,-99.8,-99.8,-99.8,-99.8
2023-10-10 07:00:00,1009.9,24.0,97.0,0.5,356.0,1.4,29.0,0.0,-99.8,-99.8,-99.8,-99.8,-99.8,-99.8,-99.8
2023-10-10 08:00:00,1010.7,24.7,95.0,0.2,0.0,1.8,24.0,0.0,-99.8,-99.8,-99.8,-99.8,-99.8,-99.8,-99.8
2023-10-10 09:00:00,1011.2,24.5,96.0,0.2,0.0,1.8,24.0,0.5,-99.8,-99.8,-99.8,-99.8,-99.8,-99.8,-99.8
2023-10-10 10:00:00,1011.3,23.4,98.0,0.5,182.0,3.2,193.0,4.0,-99.8,-99.8,-99.8,-99.8,-99.8,-99.8,-99.8
2023-10-10 11:00:00,1010.7,23.1,100.0,0.1,0.0,2.3,211.0,17.5,-99.8,-99.8,-99.8,-99.8,-99.8,-99.8,-99.8
2023-10-10 12:00:00,1009.6,23.5,100.0,0.3,202.0,1.9,203.0,4.5,-99.8,-99.8,-99.8,-99.8,-99.8,-99.8,-99.8
2023-10-10 13:00:00,1009.5,24.0,98.0,0.6,195.0,2.5,199.0,2.0,-99.8,-99.8,-99.8,-99.8,-99.8,-99.8,-99.8
2023-10-10 14:00:00,1008.9,23.8,98.0,0.4,29.0,3.7,237.0,0.5,-99.8,-99.8,-99.8,-99.8,-99.8,-99.8,-99.8
2023-10-10 15:00:00,1008.8,23.7,98.0,0.1,0.0,1.7,147.0,0.5,-99.8,-99.8,-99.8,-99.8,-99.8,-99.8,-99.8
2023-10-10 16:00:00,1008.8,23.9,98.0,0.7,26.0,1.3,31.0,0.5,-99.8,-99.8,-99.8,-99.8,-99.8,-99.8,-99.8
2023-10-10 17:00:00,1009.0,23.6,98.0,0.3,360.0,2.0,239.0,6.5,-99.8,-99.8,-99.8,-99.8,-99.8,-99.8,-99.8
2023-10-10 18:00:00,1009.0,23.4,98.0,0.3,34.0,2.0,358.0,3.5,-99.8,-99.8,-99.8,-99.8,-99.8,-99.8,-99.8
2023-10-10 19:00:00,1009.9,23.3,99.0,0.2,0.0,1.6,333.0,7.0,-99.8,-99.8,-99.8,-99.8,-99.8,-99.8,-99.8
2023-10-10 20:00:00,1010.5,23.0,100.0,0.3,356.0,1.5,72.0,5.5,-99.8,-99.8,-99.8,-99.8,-99.8,-99.8,-99.8
2023-10-10 21:00:00,1010.9,23.0,100.0,0.7,348.0,1.5,30.0,1.5,-99.8,-99.8,-99.8,-99.8,-99.8,-99.8,-99.8
2023-10-10 22:00:00,1011.0,23.0,100.0,0.2,0.0,1.8,13.0,5.5,-99.8,-99.8,-99.8,-99.8,-99.8,-99.8,-99.8
2023-10-10 23:00:00,1010.9,22.9,100.0,0.1,0.0,1.5,33.0,0.5,-99.8,-99.8,-99.8,-99.8,-99.8,-99.8,-99.8
2023-10-11 00:00:00,1010.2,22.9,100.0,0.3,349.0,1.0,16.0,1.0,-99.8,-99.8,-99.8,-99.8,-99.8,-99.8,-99.8
2023-10-11 01:00:00,1009.8,22.9,100.0,0.5,358.0,1.8,284.0,0.5,-99.8,-99.8,-99.8,-99.8,-99.8,-99.8,-99.8
2023-10-11 02:00:00,1009.8,23.0,100.0,0.5,330.0,1.3,288.0,0.0,-99.8,-99.8,-99.8,-99.8,-99.8,-99.8,-99.8
2023-10-11 03:00:00,1009.6,22.8,100.0,0.5,2.0,2.4,64.0,0.0,-99.8,-99.8,-99.8,-99.8,-99.8,-99.8,-99.8
2023-10-11 04:00:00,1009.3,22.8,100.0,0.5,325.0,1.0,322.0,0.0,-99.8,-99.8,-99.8,-99.8,-99.8,-99.8,-99.8
2023-10-11 05:00:00,1009.4,22.7,100.0,0.7,336.0,1.6,288.0,0.0,-99.8,-99.8,-99.8,-99.8,-99.8,-99.8,-99.8
2023-10-11 06:00:00,1010.0,22.5,100.0,0.7,5.0,1.6,354.0,0.0,-99.8,-99.8,-99.8,-99.8,-99.8,-99.8,-99.8
2023-10-11 07:00:00,1010.8,22.7,99.0,0.4,353.0,1.5,331.0,0.0,-99.8,-99.8,-99.8,-99.8,-99.8,-99.8,-99.8
2023-10-11 08:00:00,1011.2,24.0,98.0,0.2,0.0,1.5,360.0,0.0,-99.8,-99.8,-99.8,-99.8,-99.8,-99.8,-99.8
2023-10-11 09:00:00,1011.3,25.4,87.0,0.3,64.0,1.8,169.0,0.0,-99.8,-99.8,-99.8,-99.8,-99.8,-99.8,-99.8
2023-10-11 10:00:00,1011.5,26.3,80.0,1.0,199.0,2.2,207.0,0.0,-99.8,-99.8,-99.8,-99.8,-99.8,-99.8,-99.8
2023-10-11 11:00:00,1010.9,26.6,72.0,1.3,245.0,5.0,208.0,0.0,-99.8,-99.8,-99.8,-99.8,-99.8,-99.8,-99.8
2023-10-11 12:00:00,1010.5,26.3,76.0,1.7,246.0,4.9,216.0,0.0,-99.8,-99.8,-99.8,-99.8,-99.8,-99.8,-99.8
2023-10-11 13:00:00,1010.2,25.7,75.0,2.0,241.0,4.8,228.0,0.0,-99.8,-99.8,-99.8,-99.8,-99.8,-99.8,-99.8
2023-10-11 14:00:00,1009.9,25.4,75.0,1.0,219.0,4.7,219.0,0.0,-99.8,-99.8,-99.8,-99.8,-99.8,-99.8,-99.8
2023-10-11 15:00:00,1009.7,25.0,76.0,0.3,236.0,2.9,216.0,0.0,-99.8,-99.8,-99.8,-99.8,-99.8,-99.8,-99.8
2023-10-11 16:00:00,1010.3,24.1,82.0,0.3,351.0,2.2,276.0,0.0,-99.8,-99.8,-99.8,-99.8,-99.8,-99.8,-99.8
2023-10-11 17:00:00,1010.7,22.8,94.0,0.7,11.0,3.3,228.0,0.5,-99.8,-99.8,-99.8,-99.8,-99.8,-99.8,-99.8
2023-10-11 18:00:00,1011.0,22.3,93.0,0.8,336.0,1.9,351.0,0.0,-99.8,-99.8,-99.8,-99.8,-99.8,-99.8,-99.8
2023-10-11 19:00:00,1011.4,22.3,93.0,0.5,359.0,1.9,11.0,0.0,-99.8,-99.8,-99.8,-99.8,-99.8,-99.8,-99.8
2023-10-11 20:00:00,1011.9,22.3,93.0,0.5,15.0,1.6,4.0,0.0,-99.8,-99.8,-99.8,-99.8,-99.8,-99.8,-99.8
2023-10-11 21:00:00,1012.5,22.5,91.0,0.6,354.0,1.6,357.0,0.0,-99.8,-99.8,-99.8,-99.8,-99.8,-99.8,-99.8
2023-10-11 22:00:00,1012.5,22.6,92.0,0.7,16.0,1.6,26.0,0.0,-99.8,-99.8,-99.8,-99.8,-99.8,-99.8,-99.8
2023-10-11 23:00:00,1012.2,22.4,91.0,0.5,341.0,1.3,291.0,0.0,-99.8,-99.8,-99.8,-99.8,-99.8,-99.8,-99.8
2023-10-12 00:00:00,1011.9,22.4,90.0,0.7,329.0,1.1,1.0,0.0,-99.8,-99.8,-99.8,-99.8,-99.8,-99.8,-99.8
2023-10-12 01:00:00,1011.6,22.5,92.0,0.7,329.0,1.5,297.0,0.0,-99.8,-99.8,-99.8,-99.8,-99.8,-99.8,-99.8
2023-10-12 02:00:00,1011.5,22.5,90.0,0.3,352.0,2.5,20.0,0.0,-99.8,-99.8,-99.8,-99.8,-99.8,-99.8,-99.8
2023-10-12 03:00:00,1011.2,22.7,90.0,0.5,351.0,2.3,261.0,0.0,-99.8,-99.8,-99.8,-99.8,-99.8,-99.8,-99.8
2023-10-12 04:00:00,1010.9,22.3,92.0,0.6,357.0,1.1,331.0,0.0,-99.8,-99.8,-99.8,-99.8,-99.8,-99.8,-99.8
2023-10-12 05:00:00,1010.9,22.3,89.0,0.6,333.0,1.4,1.0,0.0,-99.8,-99.8,-99.8,-99.8,-99.8,-99.8,-99.8
2023-10-12 06:00:00,1011.2,22.3,90.0,0.8,322.0,1.3,332.0,0.0,-99.8,-99.8,-99.8,-99.8,-99.8,-99.8,-99.8
2023-10-12 07:00:00,1011.8,22.7,90.0,0.6,341.0,1.6,6.0,0.0,-99.8,-99.8,-99.8,-99.8,-99.8,-99.8,-99.8
2023-10-12 08:00:00,1011.9,24.0,89.0,0.5,21.0,1.4,287.0,0.0,-99.8,-99.8,-99.8,-99.8,-99.8,-99.8,-99.8
2023-10-12 09:00:00,1012.0,28.7,66.0,1.1,173.0,2.3,205.0,0.0,-99.8,-99.8,-99.8,-99.8,-99.8,-99.8,-99.8
2023-10-12 10:00:00,1011.7,27.9,65.0,2.8,223.0,5.6,221.0,0.0,-99.8,-99.8,-99.8,-99.8,-99.8,-99.8,-99.8
2023-10-12 11:00:00,1011.1,26.1,69.0,2.1,250.0,9.1,237.0,0.0,-99.8,-99.8,-99.8,-99.8,-99.8,-99.8,-99.8
2023-10-12 12:00:00,1010.3,26.5,72.0,0.5,253.0,4.2,257.0,0.0,-99.8,-99.8,-99.8,-99.8,-99.8,-99.8,-99.8
2023-10-12 13:00:00,1009.7,26.8,68.0,0.9,236.0,3.3,252.0,0.0,-99.8,-99.8,-99.8,-99.8,-99.8,-99.8,-99.8
2023-10-12 14:00:00,1009.4,26.0,74.0,1.4,274.0,5.8,230.0,0.0,-99.8,-99.8,-99.8,-99.8,-99.8,-99.8,-99.8
2023-10-12 15:00:00,1009.1,25.5,74.0,1.3,325.0,4.8,289.0,0.0,-99.8,-99.8,-99.8,-99.8,-99.8,-99.8,-99.8
2023-10-12 16:00:00,1009.2,25.3,78.0,0.9,321.0,4.1,266.0,0.0,-99.8,-99.8,-99.8,-99.8,-99.8,-99.8,-99.8
2023-10-12 17:00:00,1009.4,24.5,82.0,0.4,29.0,2.3,265.0,0.0,-99.8,-99.8,-99.8,-99.8,-99.8,-99.8,-99.8
2023-10-12 18:00:00,1009.7,24.1,82.0,0.6,340.0,1.5,301.0,0.0,-99.8,-99.8,-99.8,-99.8,-99.8,-99.8,-99.8
2023-10-12 19:00:00,1010.1,23.8,86.0,0.7,11.0,1.6,300.0,0.0,-99.8,-99.8,-99.8,-99.8,-99.8,-99.8,-99.8
2023-10-12 20:00:00,1010.5,23.5,84.0,0.6,332.0,1.5,360.0,0.0,-99.8,-99.8,-99.8,-99.8,-99.8,-99.8,-99.8
2023-10-12 21:00:00,1010.7,23.2,86.0,0.7,8.0,2.0,360.0,0.0,-99.8,-99.8,-99.8,-99.8,-99.8,-99.8,-99.8
2023-10-12 22:00:00,1010.7,23.4,86.0,0.5,14.0,2.4,360.0,0.0,-99.8,-99.8,-99.8,-99.8,-99.8,-99.8,-99.8
2023-10-12 23:00:00,1010.4,23.2,85.0,0.5,3.0,1.1,5.0,0.0,-99.8,-99.8,-99.8,-99.8,-99.8,-99.8,-99.8
2023-10-13 00:00:00,1010.2,23.3,83.0,0.5,340.0,1.4,325.0,0.0,-99.8,-99.8,-99.8,-99.8,-99.8,-99.8,-99.8
2023-10-13 01:00:00,1009.5,23.3,84.0,0.5,346.0,1.3,18.0,0.0,-99.8,-99.8,-99.8,-99.8,-99.8,-99.8,-99.8
2023-10-13 02:00:00,1009.3,23.2,82.0,0.8,335.0,1.4,334.0,0.0,-99.8,-99.8,-99.8,-99.8,-99.8,-99.8,-99.8
2023-10-13 03:00:00,1008.8,23.1,82.0,0.7,342.0,1.3,3.0,0.0,-99.8,-99.8,-99.8,-99.8,-99.8,-99.8,-99.8
2023-10-13 04:00:00,1008.5,23.0,84.0,0.7,4.0,1.5,344.0,0.0,-99.8,-99.8,-99.8,-99.8,-99.8,-99.8,-99.8
2023-10-13 05:00:00,1008.6,23.1,83.0,0.7,348.0,2.0,2.0,0.0,-99.8,-99.8,-99.8,-99.8,-99.8,-99.8,-99.8
2023-10-13 06:00:00,1009.1,22.9,86.0,0.6,3.0,1.4,3.0,0.0,-99.8,-99.8,-99.8,-99.8,-99.8,-99.8,-99.8
2023-10-13 07:00:00,1009.3,24.4,78.0,0.9,11.0,2.0,3.0,0.0,-99.8,-99.8,-99.8,-99.8,-99.8,-99.8,-99.8
2023-10-13 08:00:00,1009.7,26.9,69.0,1.1,225.0,4.1,223.0,0.0,-99.8,-99.8,-99.8,-99.8,-99.8,-99.8,-99.8
2023-10-13 09:00:00,1010.0,27.0,66.0,3.0,228.0,7.5,208.0,0.0,-99.8,-99.8,-99.8,-99.8,-99.8,-99.8,-99.8
2023-10-13 10:00:00,1009.9,26.0,70.0,2.0,264.0,7.4,215.0,0.0,-99.8,-99.8,-99.8,-99.8,-99.8,-99.8,-99.8
2023-10-13 11:00:00,1009.0,26.3,70.0,5.7,228.0,9.9,218.0,0.0,-99.8,-99.8,-99.8,-99.8,-99.8,-99.8,-99.8
2023-10-13 12:00:00,1008.3,25.9,73.0,0.7,288.0,8.8,224.0,0.0,-99.8,-99.8,-99.8,-99.8,-99.8,-99.8,-99.8
2023-10-13 13:00:00,1007.3,25.5,73.0,1.0,270.0,3.2,233.0,0.0,-99.8,-99.8,-99.8,-99.8,-99.8,-99.8,-99.8
2023-10-13 14:00:00,1006.7,25.3,77.0,0.5,33.0,4.8,281.0,0.0,-99.8,-99.8,-99.8,-99.8,-99.8,-99.8,-99.8
2023-10-13 15:00:00,1006.6,24.9,73.0,0.6,7.0,3.3,302.0,0.0,-99.8,-99.8,-99.8,-99.8,-99.8,-99.8,-99.8
2023-10-13 16:00:00,1006.8,24.9,75.0,0.8,329.0,3.2,284.0,0.0,-99.8,-99.8,-99.8,-99.8,-99.8,-99.8,-99.8
2023-10-13 17:00:00,1007.2,24.2,77.0,1.0,67.0,3.3,3.0,0.0,-99.8,-99.8,-99.8,-99.8,-99.8,-99.8,-99.8
2023-10-13 18:00:00,1007.5,23.5,82.0,0.3,333.0,2.0,259.0,0.0,-99.8,-99.8,-99.8,-99.8,-99.8,-99.8,-99.8
2023-10-13 19:00:00,1007.6,23.4,84.0,0.3,342.0,1.3,348.0,0.0,-99.8,-99.8,-99.8,-99.8,-99.8,-99.8,-99.8
2023-10-13 20:00:00,1008.3,23.2,83.0,0.5,331.0,1.0,307.0,0.0,-99.8,-99.8,-99.8,-99.8,-99.8,-99.8,-99.8
2023-10-13 21:00:00,1008.7,23.2,84.0,0.5,11.0,1.5,24.0,0.0,-99.8,-99.8,-99.8,-99.8,-99.8,-99.8,-99.8
2023-10-13 22:00:00,1008.6,23.4,83.0,0.6,12.0,1.3,4.0,0.0,-99.8,-99.8,-99.8,-99.8,-99.8,-99.8,-99.8
2023-10-13 23:00:00,1008.5,23.2,78.0,0.9,16.0,1.6,22.0,0.0,-99.8,-99.8,-99.8,-99.8,-99.8,-99.8,-99.8
2023-10-14 00:00:00,1008.1,23.2,78.0,1.1,24.0,1.9,26.0,0.0,-99.8,-99.8,-99.8,-99.8,-99.8,-99.8,-99.8
2023-10-14 01:00:00,1007.7,23.2,85.0,0.3,5.0,3.6,260.0,0.0,-99.8,-99.8,-99.8,-99.8,-99.8,-99.8,-99.8
2023-10-14 02:00:00,1007.4,22.8,89.0,0.4,330.0,2.6,291.0,0.0,-99.8,-99.8,-99.8,-99.8,-99.8,-99.8,-99.8
2023-10-14 03:00:00,1007.2,22.3,93.0,0.3,352.0,2.6,233.0,0.0,-99.8,-99.8,-99.8,-99.8,-99.8,-99.8,-99.8
2023-10-14 04:00:00,1006.8,21.7,94.0,0.4,10.0,1.4,51.0,0.0,-99.8,-99.8,-99.8,-99.8,-99.8,-99.8,-99.8
2023-10-14 05:00:00,1006.6,21.7,94.0,0.4,8.0,1.7,2.0,0.0,-99.8,-99.8,-99.8,-99.8,-99.8,-99.8,-99.8
2023-10-14 06:00:00,1006.8,22.0,93.0,0.6,11.0,1.5,14.0,0.0,-99.8,-99.8,-99.8,-99.8,-99.8,-99.8,-99.8
2023-10-14 07:00:00,1007.3,22.2,91.0,0.6,3.0,1.4,20.0,0.0,-99.8,-99.8,-99.8,-99.8,-99.8,-99.8,-99.8
2023-10-14 08:00:00,1007.8,22.9,89.0,0.3,357.0,1.6,19.0,0.0,-99.8,-99.8,-99.8,-99.8,-99.8,-99.8,-99.8
2023-10-14 09:00:00,1007.9,25.3,77.0,0.0,0.0,0.5,6.0,0.0,-99.8,-99.8,-99.8,-99.8,-99.8,-99.8,-99.8
2023-10-14 10:00:00,1007.8,25.5,71.0,0.7,234.0,2.2,233.0,0.0,-99.8,-99.8,-99.8,-99.8,-99.8,-99.8,-99.8
2023-10-14 11:00:00,1007.1,25.2,72.0,2.2,212.0,4.8,203.0,0.0,-99.8,-99.8,-99.8,-99.8,-99.8,-99.8,-99.8
2023-10-14 12:00:00,1006.4,26.1,69.0,1.0,205.0,2.4,233.0,0.0,-99.8,-99.8,-99.8,-99.8,-99.8,-99.8,-99.8
2023-10-14 13:00:00,1006.0,25.2,76.0,0.7,21.0,1.7,199.0,0.0,-99.8,-99.8,-99.8,-99.8,-99.8,-99.8,-99.8
2023-10-14 14:00:00,1005.6,23.4,88.0,0.5,341.0,1.4,1.0,0.0,-99.8,-99.8,-99.8,-99.8,-99.8,-99.8,-99.8
2023-10-14 15:00:00,1005.4,22.6,95.0,0.8,11.0,1.8,360.0,0.0,-99.8,-99.8,-99.8,-99.8,-99.8,-99.8,-99.8
2023-10-14 16:00:00,1005.6,22.5,94.0,0.8,10.0,2.5,356.0,0.0,-99.8,-99.8,-99.8,-99.8,-99.8,-99.8,-99.8
2023-10-14 17:00:00,1005.9,22.0,96.0,0.7,4.0,1.9,17.0,0.5,-99.8,-99.8,-99.8,-99.8,-99.8,-99.8,-99.8
2023-10-14 18:00:00,1006.4,21.6,97.0,0.6,2.0,2.0,2.0,0.0,-99.8,-99.8,-99.8,-99.8,-99.8,-99.8,-99.8
2023-10-14 19:00:00,1006.7,21.1,95.0,0.8,350.0,1.7,3.0,0.0,-99.8,-99.8,-99.8,-99.8,-99.8,-99.8,-99.8
2023-10-14 20:00:00,1007.5,21.6,93.0,0.6,353.0,1.8,17.0,0.0,-99.8,-99.8,-99.8,-99.8,-99.8,-99.8,-99.8
2023-10-14 21:00:00,1007.8,21.6,91.0,0.6,352.0,1.5,339.0,0.0,-99.8,-99.8,-99.8,-99.8,-99.8,-99.8,-99.8
2023-10-14 22:00:00,1007.8,21.7,92.0,0.5,10.0,1.6,355.0,0.0,-99.8,-99.8,-99.8,-99.8,-99.8,-99.8,-99.8
2023-10-14 23:00:00,1007.7,22.0,92.0,0.6,351.0,1.3,358.0,0.0,-99.8,-99.8,-99.8,-99.8,-99.8,-99.8,-99.8
2023-10-15 00:00:00,1007.5,22.0,91.0,0.7,348.0,1.1,8.0,0.0,-99.8,-99.8,-99.8,-99.8,-99.8,-99.8,-99.8
2023-10-15 01:00:00,1007.3,21.4,97.0,0.1,0.0,1.4,163.0,1.0,-99.8,-99.8,-99.8,-99.8,-99.8,-99.8,-99.8
2023-10-15 02:00:00,1007.1,20.9,98.0,0.2,0.0,0.8,309.0,0.5,-99.8,-99.8,-99.8,-99.8,-99.8,-99.8,-99.8
2023-10-15 03:00:00,1007.1,20.7,98.0,0.0,0.0,0.9,274.0,0.0,-99.8,-99.8,-99.8,-99.8,-99.8,-99.8,-99.8
2023-10-15 04:00:00,1006.6,20.5,99.0,0.6,350.0,1.8,17.0,0.5,-99.8,-99.8,-99.8,-99.8,-99.8,-99.8,-99.8
2023-10-15 05:00:00,1006.6,20.8,99.0,0.9,14.0,2.4,303.0,0.0,-99.8,-99.8,-99.8,-99.8,-99.8,-99.8,-99.8
2023-10-15 06:00:00,1007.4,20.1,97.0,0.7,354.0,2.0,1.0,0.0,-99.8,-99.8,-99.8,-99.8,-99.8,-99.8,-99.8
2023-10-15 07:00:00,1007.9,20.4,94.0,0.8,10.0,2.4,342.0,0.0,-99.8,-99.8,-99.8,-99.8,-99.8,-99.8,-99.8
2023-10-15 08:00:00,1008.5,20.5,90.0,0.9,348.0,1.8,336.0,0.0,-99.8,-99.8,-99.8,-99.8,-99.8,-99.8,-99.8
2023-10-15 09:00:00,1008.9,21.8,90.0,0.5,326.0,1.7,26.0,0.0,-99.8,-99.8,-99.8,-99.8,-99.8,-99.8,-99.8
2023-10-15 10:00:00,1009.0,22.5,82.0,0.5,328.0,1.2,340.0,0.0,-99.8,-99.8,-99.8,-99.8,-99.8,-99.8,-99.8
2023-10-15 11:00:00,1008.6,22.4,83.0,0.6,342.0,1.2,342.0,0.0,-99.8,-99.8,-99.8,-99.8,-99.8,-99.8,-99.8
2023-10-15 12:00:00,1008.2,22.0,84.0,0.6,8.0,1.5,319.0,0.0,-99.8,-99.8,-99.8,-99.8,-99.8,-99.8,-99.8
2023-10-15 13:00:00,1007.7,22.8,81.0,0.5,5.0,1.1,10.0,0.0,-99.8,-99.8,-99.8,-99.8,-99.8,-99.8,-99.8
2023-10-15 14:00:00,1007.5,22.3,82.0,0.8,345.0,1.4,7.0,0.0,-99.8,-99.8,-99.8,-99.8,-99.8,-99.8,-99.8
2023-10-15 15:00:00,1007.6,22.3,82.0,0.7,351.0,1.4,8.0,0.0,-99.8,-99.8,-99.8,-99.8,-99.8,-99.8,-99.8
2023-10-15 16:00:00,1007.8,22.1,83.0,0.6,1.0,1.6,359.0,0.0,-99.8,-99.8,-99.8,-99.8,-99.8,-99.8,-99.8
2023-10-15 17:00:00,1008.1,22.0,83.0,0.6,4.0,1.7,28.0,0.0,-99.8,-99.8,-99.8,-99.8,-99.8,-99.8,-99.8
2023-10-15 18:00:00,1008.4,21.8,82.0,0.6,350.0,1.7,19.0,0.0,-99.8,-99.8,-99.8,-99.8,-99.8,-99.8,-99.8
2023-10-15 19:00:00,1009.1,21.8,82.0,0.6,350.0,1.4,42.0,0.0,-99.8,-99.8,-99.8,-99.8,-99.8,-99.8,-99.8
2023-10-15 20:00:00,1009.8,21.9,81.0,0.7,347.0,1.5,15.0,0.0,-99.8,-99.8,-99.8,-99.8,-99.8,-99.8,-99.8
2023-10-15 21:00:00,1009.7,21.8,81.0,0.6,356.0,1.4,8.0,0.0,-99.8,-99.8,-99.8,-99.8,-99.8,-99.8,-99.8
2023-10-15 22:00:00,1009.9,21.8,79.0,0.7,4.0,1.4,5.0,0.0,-99.8,-99.8,-99.8,-99.8,-99.8,-99.8,-99.8
2023-10-15 23:00:00,1009.9,21.8,78.0,0.7,348.0,1.5,18.0,0.0,-99.8,-99.8,-99.8,-99.8,-99.8,-99.8,-99.8
2023-10-16 00:00:00,1009.9,22.0,76.0,0.8,356.0,1.6,1.0,0.0,-99.8,-99.8,-99.8,-99.8,-99.8,-99.8,-99.8
2023-10-16 01:00:00,1009.6,21.9,76.0,0.7,4.0,1.5,25.0,0.0,-99.8,-99.8,-99.8,-99.8,-99.8,-99.8,-99.8
2023-10-16 02:00:00,1009.6,22.0,75.0,0.8,352.0,2.0,358.0,0.0,-99.8,-99.8,-99.8,-99.8,-99.8,-99.8,-99.8
2023-10-16 03:00:00,1009.5,22.1,77.0,0.6,354.0,1.9,13.0,0.0,-99.8,-99.8,-99.8,-99.8,-99.8,-99.8,-99.8
2023-10-16 04:00:00,1009.4,21.9,80.0,0.8,4.0,1.9,18.0,0.0,-99.8,-99.8,-99.8,-99.8,-99.8,-99.8,-99.8
2023-10-16 05:00:00,1010.1,21.3,85.0,0.7,1.0,1.9,341.0,0.0,-99.8,-99.8,-99.8,-99.8,-99.8,-99.8,-99.8
2023-10-16 06:00:00,1010.5,21.4,86.0,0.8,5.0,2.0,343.0,0.0,-99.8,-99.8,-99.8,-99.8,-99.8,-99.8,-99.8
2023-10-16 07:00:00,1011.3,21.6,89.0,0.6,350.0,2.1,11.0,0.0,-99.8,-99.8,-99.8,-99.8,-99.8,-99.8,-99.8
2023-10-16 08:00:00,1011.8,22.0,89.0,0.6,329.0,1.5,26.0,0.0,-99.8,-99.8,-99.8,-99.8,-99.8,-99.8,-99.8
2023-10-16 09:00:00,1012.0,22.0,92.0,0.4,327.0,1.2,24.0,0.0,-99.8,-99.8,-99.8,-99.8,-99.8,-99.8,-99.8
2023-10-16 10:00:00,1012.0,22.4,90.0,0.3,327.0,1.6,17.0,0.0,-99.8,-99.8,-99.8,-99.8,-99.8,-99.8,-99.8
2023-10-16 11:00:00,1011.5,22.5,89.0,0.8,17.0,2.1,28.0,0.0,-99.8,-99.8,-99.8,-99.8,-99.8,-99.8,-99.8
2023-10-16 12:00:00,1010.8,22.7,82.0,1.0,8.0,3.4,44.0,0.0,-99.8,-99.8,-99.8,-99.8,-99.8,-99.8,-99.8
2023-10-16 13:00:00,1010.4,22.4,77.0,0.6,353.0,3.3,32.0,0.0,-99.8,-99.8,-99.8,-99.8,-99.8,-99.8,-99.8
2023-10-16 14:00:00,1010.3,22.5,80.0,1.2,18.0,4.3,35.0,0.0,-99.8,-99.8,-99.8,-99.8,-99.8,-99.8,-99.8
2023-10-16 15:00:00,1010.5,22.2,81.0,0.8,15.0,1.8,2.0,0.0,-99.8,-99.8,-99.8,-99.8,-99.8,-99.8,-99.8
2023-10-16 16:00:00,1010.9,22.4,75.0,0.8,8.0,3.2,25.0,0.0,-99.8,-99.8,-99.8,-99.8,-99.8,-99.8,-99.8
2023-10-16 17:00:00,1011.1,22.8,71.0,1.2,8.0,2.7,17.0,0.0,-99.8,-99.8,-99.8,-99.8,-99.8,-99.8,-99.8
2023-10-16 18:00:00,1011.2,22.2,67.0,0.9,7.0,2.3,32.0,0.0,-99.8,-99.8,-99.8,-99.8,-99.8,-99.8,-99.8
2023-10-16 19:00:00,1011.5,22.3,72.0,0.8,5.0,3.1,46.0,0.0,-99.8,-99.8,-99.8,-99.8,-99.8,-99.8,-99.8
2023-10-16 20:00:00,1012.4,22.1,71.0,0.6,360.0,2.5,21.0,0.0,-99.8,-99.8,-99.8,-99.8,-99.8,-99.8,-99.8
2023-10-16 21:00:00,1012.7,22.3,69.0,0.8,9.0,2.5,23.0,0.0,-99.8,-99.8,-99.8,-99.8,-99.8,-99.8,-99.8
2023-10-16 22:00:00,1012.6,22.2,73.0,1.0,1.0,2.8,27.0,0.0,-99.8,-99.8,-99.8,-99.8,-99.8,-99.8,-99.8
2023-10-16 23:00:00,1012.7,22.1,72.0,0.9,7.0,2.8,15.0,0.0,-99.8,-99.8,-99.8,-99.8,-99.8,-99.8,-99.8
2023-10-17 00:00:00,1012.2,21.8,75.0,0.7,8.0,2.3,14.0,0.0,-99.8,-99.8,-99.8,-99.8,-99.8,-99.8,-99.8
2023-10-17 01:00:00,1011.8,21.9,74.0,0.9,13.0,1.8,23.0,0.0,-99.8,-99.8,-99.8,-99.8,-99.8,-99.8,-99.8
2023-10-17 02:00:00,1011.4,21.9,76.0,0.7,10.0,1.9,340.0,0.0,-99.8,-99.8,-99.8,-99.8,-99.8,-99.8,-99.8
2023-10-17 03:00:00,1011.0,22.1,76.0,0.8,10.0,2.1,16.0,0.0,-99.8,-99.8,-99.8,-99.8,-99.8,-99.8,-99.8
2023-10-17 04:00:00,1011.1,21.9,77.0,0.8,346.0,1.4,25.0,0.0,-99.8,-99.8,-99.8,-99.8,-99.8,-99.8,-99.8
2023-10-17 05:00:00,1011.3,21.9,78.0,0.7,12.0,1.5,25.0,0.0,-99.8,-99.8,-99.8,-99.8,-99.8,-99.8,-99.8
2023-10-17 06:00:00,1011.7,22.0,77.0,0.7,4.0,1.8,352.0,0.0,-99.8,-99.8,-99.8,-99.8,-99.8,-99.8,-99.8
2023-10-17 07:00:00,1012.4,22.2,79.0,0.6,13.0,1.7,22.0,0.0,-99.8,-99.8,-99.8,-99.8,-99.8,-99.8,-99.8
2023-10-17 08:00:00,1013.1,22.5,81.0,0.4,7.0,1.5,29.0,0.0,-99.8,-99.8,-99.8,-99.8,-99.8,-99.8,-99.8
2023-10-17 09:00:00,1013.6,22.6,79.0,0.6,358.0,1.5,21.0,0.0,-99.8,-99.8,-99.8,-99.8,-99.8,-99.8,-99.8
2023-10-17 10:00:00,1013.7,23.2,78.0,0.4,349.0,1.4,20.0,0.0,-99.8,-99.8,-99.8,-99.8,-99.8,-99.8,-99.8
2023-10-17 11:00:00,1013.3,22.9,81.0,0.6,3.0,1.8,12.0,0.0,-99.8,-99.8,-99.8,-99.8,-99.8,-99.8,-99.8
2023-10-17 12:00:00,1012.7,24.0,75.0,0.3,360.0,1.2,330.0,0.0,-99.8,-99.8,-99.8,-99.8,-99.8,-99.8,-99.8
2023-10-17 13:00:00,1012.1,23.7,79.0,0.2,0.0,1.6,315.0,0.0,-99.8,-99.8,-99.8,-99.8,-99.8,-99.8,-99.8
2023-10-17 14:00:00,1011.9,23.7,79.0,0.4,342.0,4.2,287.0,0.0,-99.8,-99.8,-99.8,-99.8,-99.8,-99.8,-99.8
2023-10-17 15:00:00,1011.5,23.9,79.0,0.5,289.0,2.9,309.0,0.0,-99.8,-99.8,-99.8,-99.8,-99.8,-99.8,-99.8
2023-10-17 16:00:00,1012.0,23.1,83.0,0.2,0.0,2.6,292.0,0.0,-99.8,-99.8,-99.8,-99.8,-99.8,-99.8,-99.8
2023-10-17 17:00:00,1012.1,22.6,84.0,0.3,340.0,0.9,322.0,0.0,-99.8,-99.8,-99.8,-99.8,-99.8,-99.8,-99.8
2023-10-17 18:00:00,1012.3,22.5,82.0,0.5,325.0,1.3,11.0,0.0,-99.8,-99.8,-99.8,-99.8,-99.8,-99.8,-99.8
2023-10-17 19:00:00,1012.5,22.5,80.0,0.5,3.0,1.8,331.0,0.0,-99.8,-99.8,-99.8,-99.8,-99.8,-99.8,-99.8
2023-10-17 20:00:00,1013.1,22.5,81.0,0.7,8.0,1.6,359.0,0.0,-99.8,-99.8,-99.8,-99.8,-99.8,-99.8,-99.8
2023-10-17 21:00:00,1013.3,22.6,80.0,0.9,18.0,2.1,25.0,0.0,-99.8,-99.8,-99.8,-99.8,-99.8,-99.8,-99.8
2023-10-17 22:00:00,1013.2,22.6,80.0,0.7,10.0,1.6,332.0,0.0,-99.8,-99.8,-99.8,-99.8,-99.8,-99.8,-99.8
2023-10-17 23:00:00,1012.8,22.5,81.0,0.7,14.0,1.6,338.0,0.0,-99.8,-99.8,-99.8,-99.8,-99.8,-99.8,-99.8
2023-10-18 00:00:00,1012.5,22.6,79.0,0.6,347.0,1.6,13.0,0.0,-99.8,-99.8,-99.8,-99.8,-99.8,-99.8,-99.8
2023-10-18 01:00:00,1012.2,22.6,79.0,0.7,352.0,1.3,347.0,0.0,-99.8,-99.8,-99.8,-99.8,-99.8,-99.8,-99.8
2023-10-18 02:00:00,1011.4,22.7,77.0,0.6,343.0,1.8,16.0,0.0,-99.8,-99.8,-99.8,-99.8,-99.8,-99.8,-99.8
2023-10-18 03:00:00,1011.4,22.6,80.0,0.3,343.0,1.7,306.0,0.0,-99.8,-99.8,-99.8,-99.8,-99.8,-99.8,-99.8
2023-10-18 04:00:00,1011.3,22.5,84.0,0.8,13.0,1.9,358.0,0.0,-99.8,-99.8,-99.8,-99.8,-99.8,-99.8,-99.8
2023-10-18 05:00:00,1011.5,22.4,82.0,0.9,13.0,2.2,13.0,0.0,-99.8,-99.8,-99.8,-99.8,-99.8,-99.8,-99.8
2023-10-18 06:00:00,1011.9,22.6,82.0,0.7,341.0,1.7,35.0,0.0,-99.8,-99.8,-99.8,-99.8,-99.8,-99.8,-99.8
2023-10-18 07:00:00,1012.5,23.1,79.0,0.7,359.0,2.0,35.0,0.0,-99.8,-99.8,-99.8,-99.8,-99.8,-99.8,-99.8
2023-10-18 08:00:00,1013.0,24.0,81.0,0.4,343.0,1.8,25.0,0.0,-99.8,-99.8,-99.8,-99.8,-99.8,-99.8,-99.8
2023-10-18 09:00:00,1013.4,26.3,75.0,0.5,51.0,1.5,5.0,0.0,-99.8,-99.8,-99.8,-99.8,-99.8,-99.8,-99.8
2023-10-18 10:00:00,1013.2,28.1,65.0,0.8,168.0,1.8,153.0,0.0,-99.8,-99.8,-99.8,-99.8,-99.8,-99.8,-99.8
2023-10-18 11:00:00,1012.5,29.4,61.0,0.9,178.0,2.4,174.0,0.0,-99.8,-99.8,-99.8,-99.8,-99.8,-99.8,-99.8
2023-10-18 12:00:00,1011.8,28.9,62.0,0.9,187.0,2.2,138.0,0.0,-99.8,-99.8,-99.8,-99.8,-99.8,-99.8,-99.8
2023-10-18 13:00:00,1011.1,27.8,67.0,0.6,158.0,2.0,178.0,0.0,-99.8,-99.8,-99.8,-99.8,-99.8,-99.8,-99.8
2023-10-18 14:00:00,1010.3,26.9,70.0,0.6,186.0,1.8,227.0,0.0,-99.8,-99.8,-99.8,-99.8,-99.8,-99.8,-99.8
2023-10-18 15:00:00,1010.0,26.2,76.0,0.0,0.0,1.0,29.0,0.0,-99.8,-99.8,-99.8,-99.8,-99.8,-99.8,-99.8
2023-10-18 16:00:00,1010.2,25.3,78.0,0.4,343.0,1.2,39.0,0.0,-99.8,-99.8,-99.8,-99.8,-99.8,-99.8,-99.8
2023-10-18 17:00:00,1010.5,24.7,82.0,0.5,357.0,1.0,45.0,0.0,-99.8,-99.8,-99.8,-99.8,-99.8,-99.8,-99.8
2023-10-18 18:00:00,1010.7,23.9,84.0,0.6,11.0,1.3,2.0,0.0,-99.8,-99.8,-99.8,-99.8,-99.8,-99.8,-99.8
2023-10-18 19:00:00,1011.3,23.7,85.0,0.7,14.0,1.6,359.0,0.0,-99.8,-99.8,-99.8,-99.8,-99.8,-99.8,-99.8
2023-10-18 20:00:00,1011.8,23.5,84.0,0.9,14.0,1.8,21.0,0.0,-99.8,-99.8,-99.8,-99.8,-99.8,-99.8,-99.8
2023-10-18 21:00:00,1012.0,23.3,84.0,1.0,12.0,2.3,352.0,0.0,-99.8,-99.8,-99.8,-99.8,-99.8,-99.8,-99.8
2023-10-18 22:00:00,1011.9,23.2,84.0,0.8,8.0,1.8,4.0,0.0,-99.8,-99.8,-99.8,-99.8,-99.8,-99.8,-99.8
2023-10-18 23:00:00,1011.8,23.2,83.0,0.9,5.0,2.0,14.0,0.0,-99.8,-99.8,-99.8,-99.8,-99.8,-99.8,-99.8
2023-10-19 00:00:00,1011.3,23.2,83.0,1.1,13.0,2.3,13.0,0.0,-99.8,-99.8,-99.8,-99.8,-99.8,-99.8,-99.8
2023-10-19 01:00:00,1010.7,23.2,85.0,0.9,11.0,2.4,19.0,0.0,-99.8,-99.8,-99.8,-99.8,-99.8,-99.8,-99.8
2023-10-19 02:00:00,1010.3,23.0,84.0,1.1,10.0,2.6,20.0,0.0,-99.8,-99.8,-99.8,-99.8,-99.8,-99.8,-99.8
2023-10-19 03:00:00,1010.0,22.8,84.0,0.9,14.0,1.8,9.0,0.0,-99.8,-99.8,-99.8,-99.8,-99.8,-99.8,-99.8
2023-10-19 04:00:00,1010.0,22.8,85.0,0.8,12.0,1.8,24.0,0.0,-99.8,-99.8,-99.8,-99.8,-99.8,-99.8,-99.8
2023-10-19 05:00:00,1010.5,22.8,84.0,1.0,14.0,1.9,25.0,0.0,-99.8,-99.8,-99.8,-99.8,-99.8,-99.8,-99.8
2023-10-19 06:00:00,1011.0,23.1,85.0,0.7,4.0,2.4,23.0,0.0,-99.8,-99.8,-99.8,-99.8,-99.8,-99.8,-99.8
2023-10-19 07:00:00,1011.2,23.2,85.0,0.8,14.0,1.8,17.0,0.0,-99.8,-99.8,-99.8,-99.8,-99.8,-99.8,-99.8
2023-10-19 08:00:00,1011.4,27.1,74.0,0.4,198.0,2.1,2.0,0.0,-99.8,-99.8,-99.8,-99.8,-99.8,-99.8,-99.8
2023-10-19 09:00:00,1011.6,29.5,64.0,0.9,164.0,2.1,141.0,0.0,-99.8,-99.8,-99.8,-99.8,-99.8,-99.8,-99.8
2023-10-19 10:00:00,1011.3,30.0,61.0,1.0,153.0,2.3,207.0,0.0,-99.8,-99.8,-99.8,-99.8,-99.8,-99.8,-99.8
2023-10-19 11:00:00,1010.7,28.4,68.0,1.1,187.0,2.5,210.0,0.0,-99.8,-99.8,-99.8,-99.8,-99.8,-99.8,-99.8
2023-10-19 12:00:00,1010.0,26.5,75.0,0.6,140.0,2.6,204.0,0.0,-99.8,-99.8,-99.8,-99.8,-99.8,-99.8,-99.8
2023-10-19 13:00:00,1009.1,25.6,81.0,0.2,0.0,1.8,223.0,0.0,-99.8,-99.8,-99.8,-99.8,-99.8,-99.8,-99.8
2023-10-19 14:00:00,1008.5,25.7,82.0,0.5,15.0,1.9,16.0,0.0,-99.8,-99.8,-99.8,-99.8,-99.8,-99.8,-99.8
2023-10-19 15:00:00,1008.2,24.1,92.0,0.9,1.0,2.1,4.0,0.0,-99.8,-99.8,-99.8,-99.8,-99.8,-99.8,-99.8
2023-10-19 16:00:00,1008.2,23.6,95.0,1.0,8.0,2.9,13.0,0.0,-99.8,-99.8,-99.8,-99.8,-99.8,-99.8,-99.8
2023-10-19 17:00:00,1008.3,23.9,93.0,1.0,12.0,3.2,29.0,0.0,-99.8,-99.8,-99.8,-99.8,-99.8,-99.8,-99.8
2023-10-19 18:00:00,1008.5,23.8,94.0,0.6,7.0,2.7,23.0,0.0,-99.8,-99.8,-99.8,-99.8,-99.8,-99.8,-99.8
2023-10-19 19:00:00,1009.2,24.0,92.0,0.8,9.0,2.5,19.0,0.0,-99.8,-99.8,-99.8,-99.8,-99.8,-99.8,-99.8
2023-10-19 20:00:00,1009.8,23.5,93.0,1.2,18.0,2.6,30.0,0.0,-99.8,-99.8,-99.8,-99.8,-99.8,-99.8,-99.8
2023-10-19 21:00:00,1009.7,23.7,93.0,1.0,14.0,2.6,22.0,0.0,-99.8,-99.8,-99.8,-99.8,-99.8,-99.8,-99.8
2023-10-19 22:00:00,1009.6,24.0,89.0,0.7,354.0,2.9,7.0,0.0,-99.8,-99.8,-99.8,-99.8,-99.8,-99.8,-99.8
2023-10-19 23:00:00,1009.2,24.1,90.0,1.0,3.0,2.3,22.0,0.0,-99.8,-99.8,-99.8,-99.8,-99.8,-99.8,-99.8
2023-10-20 00:00:00,1009.0,24.7,83.0,0.8,323.0,2.9,26.0,0.0,-99.8,-99.8,-99.8,-99.8,-99.8,-99.8,-99.8
2023-10-20 01:00:00,1008.2,24.4,85.0,0.7,336.0,2.3,321.0,0.0,-99.8,-99.8,-99.8,-99.8,-99.8,-99.8,-99.8
2023-10-20 02:00:00,1007.6,24.2,87.0,0.6,357.0,2.3,1.0,0.0,-99.8,-99.8,-99.8,-99.8,-99.8,-99.8,-99.8
2023-10-20 03:00:00,1007.2,23.3,92.0,0.7,16.0,2.7,32.0,0.0,-99.8,-99.8,-99.8,-99.8,-99.8,-99.8,-99.8
2023-10-20 04:00:00,1007.4,23.2,89.0,1.0,17.0,2.5,16.0,0.0,-99.8,-99.8,-99.8,-99.8,-99.8,-99.8,-99.8
2023-10-20 05:00:00,1007.4,23.2,89.0,0.7,14.0,2.1,1.0,0.0,-99.8,-99.8,-99.8,-99.8,-99.8,-99.8,-99.8
2023-10-20 06:00:00,1007.8,23.3,88.0,0.6,8.0,1.9,18.0,0.0,-99.8,-99.8,-99.8,-99.8,-99.8,-99.8,-99.8
2023-10-20 07:00:00,1008.5,23.8,87.0,0.5,10.0,1.8,343.0,0.0,-99.8,-99.8,-99.8,-99.8,-99.8,-99.8,-99.8
2023-10-20 08:00:00,1009.1,25.1,84.0,0.4,8.0,1.7,344.0,0.0,-99.8,-99.8,-99.8,-99.8,-99.8,-99.8,-99.8
2023-10-20 09:00:00,1009.8,25.9,83.0,0.2,0.0,1.1,329.0,0.0,-99.8,-99.8,-99.8,-99.8,-99.8,-99.8,-99.8
2023-10-20 10:00:00,1009.7,27.5,73.0,0.1,0.0,1.0,160.0,0.0,-99.8,-99.8,-99.8,-99.8,-99.8,-99.8,-99.8
2023-10-20 11:00:00,1009.2,28.3,71.0,0.8,156.0,2.1,221.0,0.0,-99.8,-99.8,-99.8,-99.8,-99.8,-99.8,-99.8
2023-10-20 12:00:00,1008.5,29.1,68.0,1.1,189.0,2.9,201.0,0.0,-99.8,-99.8,-99.8,-99.8,-99.8,-99.8,-99.8
2023-10-20 13:00:00,1008.0,27.0,77.0,0.5,193.0,2.0,210.0,0.0,-99.8,-99.8,-99.8,-99.8,-99.8,-99.8,-99.8
2023-10-20 14:00:00,1007.7,25.8,84.0,0.4,29.0,1.4,41.0,0.0,-99.8,-99.8,-99.8,-99.8,-99.8,-99.8,-99.8
2023-10-20 15:00:00,1008.0,25.1,86.0,1.0,19.0,1.6,7.0,0.0,-99.8,-99.8,-99.8,-99.8,-99.8,-99.8,-99.8
2023-10-20 16:00:00,1008.6,24.6,85.0,0.9,23.0,1.8,8.0,0.0,-99.8,-99.8,-99.8,-99.8,-99.8,-99.8,-99.8
2023-10-20 17:00:00,1009.2,23.7,91.0,0.6,256.0,3.4,228.0,0.0,-99.8,-99.8,-99.8,-99.8,-99.8,-99.8,-99.8
2023-10-20 18:00:00,1009.9,23.2,93.0,0.1,0.0,2.2,229.0,0.0,-99.8,-99.8,-99.8,-99.8,-99.8,-99.8,-99.8
2023-10-20 19:00:00,1010.4,23.0,96.0,0.1,0.0,1.5,233.0,0.5,-99.8,-99.8,-99.8,-99.8,-99.8,-99.8,-99.8
2023-10-20 20:00:00,1011.1,22.6,97.0,0.5,312.0,1.0,297.0,0.0,-99.8,-99.8,-99.8,-99.8,-99.8,-99.8,-99.8
2023-10-20 21:00:00,1011.4,22.3,91.0,1.0,272.0,2.3,263.0,0.0,-99.8,-99.8,-99.8,-99.8,-99.8,-99.8,-99.8
2023-10-20 22:00:00,1011.4,21.7,97.0,0.3,356.0,1.6,294.0,0.5,-99.8,-99.8,-99.8,-99.8,-99.8,-99.8,-99.8
2023-10-20 23:00:00,1011.4,21.4,97.0,0.6,360.0,1.9,307.0,0.5,-99.8,-99.8,-99.8,-99.8,-99.8,-99.8,-99.8
2023-10-21 00:00:00,1011.2,21.4,98.0,0.9,331.0,1.6,342.0,0.0,-99.8,-99.8,-99.8,-99.8,-99.8,-99.8,-99.8
2023-10-21 01:00:00,1011.2,21.5,98.0,0.3,349.0,1.6,2.0,0.0,-99.8,-99.8,-99.8,-99.8,-99.8,-99.8,-99.8
2023-10-21 02:00:00,1011.2,21.5,98.0,0.3,337.0,1.7,29.0,0.0,-99.8,-99.8,-99.8,-99.8,-99.8,-99.8,-99.8
2023-10-21 03:00:00,1011.2,21.6,98.0,0.8,15.0,1.6,306.0,0.0,-99.8,-99.8,-99.8,-99.8,-99.8,-99.8,-99.8
2023-10-21 04:00:00,1011.2,21.6,97.0,0.6,8.0,2.3,27.0,0.0,-99.8,-99.8,-99.8,-99.8,-99.8,-99.8,-99.8
2023-10-21 05:00:00,1011.8,21.3,96.0,0.5,346.0,1.8,335.0,0.0,-99.8,-99.8,-99.8,-99.8,-99.8,-99.8,-99.8
2023-10-21 06:00:00,1012.5,21.6,96.0,0.5,8.0,1.7,348.0,0.0,-99.8,-99.8,-99.8,-99.8,-99.8,-99.8,-99.8
2023-10-21 07:00:00,1013.1,21.7,94.0,0.5,344.0,1.4,29.0,0.0,-99.8,-99.8,-99.8,-99.8,-99.8,-99.8,-99.8
2023-10-21 08:00:00,1013.7,22.7,90.0,0.5,274.0,1.9,295.0,0.0,-99.8,-99.8,-99.8,-99.8,-99.8,-99.8,-99.8
2023-10-21 09:00:00,1014.2,23.8,87.0,0.2,0.0,1.7,298.0,0.0,-99.8,-99.8,-99.8,-99.8,-99.8,-99.8,-99.8
2023-10-21 10:00:00,1014.4,23.8,81.0,0.6,23.0,2.9,58.0,0.0,-99.8,-99.8,-99.8,-99.8,-99.8,-99.8,-99.8
2023-10-21 11:00:00,1013.9,24.1,78.0,0.3,225.0,4.6,205.0,0.0,-99.8,-99.8,-99.8,-99.8,-99.8,-99.8,-99.8
2023-10-21 12:00:00,1013.0,24.3,72.0,1.5,228.0,4.2,204.0,0.0,-99.8,-99.8,-99.8,-99.8,-99.8,-99.8,-99.8
2023-10-21 13:00:00,1012.8,24.3,72.0,0.3,244.0,4.6,215.0,0.0,-99.8,-99.8,-99.8,-99.8,-99.8,-99.8,-99.8
2023-10-21 14:00:00,1012.6,24.1,73.0,1.3,226.0,3.0,284.0,0.0,-99.8,-99.8,-99.8,-99.8,-99.8,-99.8,-99.8
2023-10-21 15:00:00,1012.5,23.8,78.0,0.9,229.0,3.2,169.0,0.0,-99.8,-99.8,-99.8,-99.8,-99.8,-99.8,-99.8
2023-10-21 16:00:00,1013.1,23.0,82.0,0.5,262.0,2.4,211.0,0.0,-99.8,-99.8,-99.8,-99.8,-99.8,-99.8,-99.8
2023-10-21 17:00:00,1013.6,22.5,83.0,0.9,224.0,5.7,248.0,0.0,-99.8,-99.8,-99.8,-99.8,-99.8,-99.8,-99.8
2023-10-21 18:00:00,1014.0,22.2,81.0,1.1,256.0,3.1,252.0,0.0,-99.8,-99.8,-99.8,-99.8,-99.8,-99.8,-99.8
2023-10-21 19:00:00,1014.7,22.1,84.0,0.6,347.0,1.5,33.0,0.0,-99.8,-99.8,-99.8,-99.8,-99.8,-99.8,-99.8
2023-10-21 20:00:00,1015.3,22.1,85.0,0.7,12.0,1.8,23.0,0.0,-99.8,-99.8,-99.8,-99.8,-99.8,-99.8,-99.8
2023-10-21 21:00:00,1015.5,22.2,83.0,0.4,355.0,1.5,14.0,0.0,-99.8,-99.8,-99.8,-99.8,-99.8,-99.8,-99.8
2023-10-21 22:00:00,1015.3,22.0,85.0,0.3,357.0,1.4,282.0,0.0,-99.8,-99.8,-99.8,-99.8,-99.8,-99.8,-99.8
2023-10-21 23:00:00,1015.2,21.6,87.0,0.3,314.0,1.4,232.0,0.0,-99.8,-99.8,-99.8,-99.8,-99.8,-99.8,-99.8
2023-10-22 00:00:00,1014.8,21.5,90.0,0.4,300.0,1.1,302.0,0.0,-99.8,-99.8,-99.8,-99.8,-99.8,-99.8,-99.8
2023-10-22 01:00:00,1014.9,20.7,93.0,0.2,0.0,1.6,30.0,0.0,-99.8,-99.8,-99.8,-99.8,-99.8,-99.8,-99.8
2023-10-22 02:00:00,1014.5,20.6,97.0,0.1,0.0,1.6,224.0,0.5,-99.8,-99.8,-99.8,-99.8,-99.8,-99.8,-99.8
2023-10-22 03:00:00,1013.6,20.3,98.0,0.3,346.0,1.1,3.0,0.0,-99.8,-99.8,-99.8,-99.8,-99.8,-99.8,-99.8
2023-10-22 04:00:00,1013.4,20.3,98.0,0.7,353.0,1.4,4.0,0.0,-99.8,-99.8,-99.8,-99.8,-99.8,-99.8,-99.8
2023-10-22 05:00:00,1013.5,20.6,98.0,0.3,11.0,1.6,6.0,0.0,-99.8,-99.8,-99.8,-99.8,-99.8,-99.8,-99.8
2023-10-22 06:00:00,1014.0,20.6,97.0,0.6,1.0,1.4,3.0,0.0,-99.8,-99.8,-99.8,-99.8,-99.8,-99.8,-99.8
2023-10-22 07:00:00,1014.5,21.1,96.0,0.6,5.0,1.4,11.0,0.0,-99.8,-99.8,-99.8,-99.8,-99.8,-99.8,-99.8
2023-10-22 08:00:00,1015.0,21.8,94.0,0.4,4.0,0.9,18.0,0.0,-99.8,-99.8,-99.8,-99.8,-99.8,-99.8,-99.8
2023-10-22 09:00:00,1015.0,24.1,85.0,0.0,0.0,1.1,120.0,0.0,-99.8,-99.8,-99.8,-99.8,-99.8,-99.8,-99.8
2023-10-22 10:00:00,1015.0,25.1,77.0,0.2,0.0,1.8,217.0,0.0,-99.8,-99.8,-99.8,-99.8,-99.8,-99.8,-99.8
2023-10-22 11:00:00,1014.6,23.9,81.0,0.5,274.0,5.0,232.0,0.0,-99.8,-99.8,-99.8,-99.8,-99.8,-99.8,-99.8
2023-10-22 12:00:00,1013.8,23.9,86.0,2.3,233.0,4.9,229.0,0.0,-99.8,-99.8,-99.8,-99.8,-99.8,-99.8,-99.8
2023-10-22 13:00:00,1013.1,23.3,85.0,1.1,273.0,5.3,250.0,0.0,-99.8,-99.8,-99.8,-99.8,-99.8,-99.8,-99.8
2023-10-22 14:00:00,1012.6,23.7,85.0,0.4,267.0,3.6,233.0,0.0,-99.8,-99.8,-99.8,-99.8,-99.8,-99.8,-99.8
2023-10-22 15:00:00,1012.4,23.4,85.0,1.2,306.0,4.5,221.0,0.0,-99.8,-99.8,-99.8,-99.8,-99.8,-99.8,-99.8
2023-10-22 16:00:00,1012.7,23.0,88.0,0.4,29.0,2.2,275.0,0.0,-99.8,-99.8,-99.8,-99.8,-99.8,-99.8,-99.8
2023-10-22 17:00:00,1012.9,22.8,89.0,0.5,332.0,1.9,291.0,0.0,-99.8,-99.8,-99.8,-99.8,-99.8,-99.8,-99.8
2023-10-22 18:00:00,1013.3,22.6,88.0,0.7,3.0,2.2,31.0,0.0,-99.8,-99.8,-99.8,-99.8,-99.8,-99.8,-99.8
2023-10-22 19:00:00,1013.9,22.8,87.0,0.6,285.0,1.6,29.0,0.0,-99.8,-99.8,-99.8,-99.8,-99.8,-99.8,-99.8
2023-10-22 20:00:00,1014.2,22.4,90.0,0.4,6.0,1.6,309.0,0.0,-99.8,-99.8,-99.8,-99.8,-99.8,-99.8,-99.8
2023-10-22 21:00:00,1014.4,22.4,90.0,0.4,6.0,1.1,25.0,0.0,-99.8,-99.8,-99.8,-99.8,-99.8,-99.8,-99.8
2023-10-22 22:00:00,1014.4,22.5,89.0,0.9,11.0,1.9,4.0,0.0,-99.8,-99.8,-99.8,-99.8,-99.8,-99.8,-99.8
2023-10-22 23:00:00,1014.2,22.8,89.0,0.4,275.0,2.4,300.0,0.0,-99.8,-99.8,-99.8,-99.8,-99.8,-99.8,-99.8
2023-10-23 00:00:00,1013.7,22.3,93.0,0.3,12.0,1.8,291.0,0.0,-99.8,-99.8,-99.8,-99.8,-99.8,-99.8,-99.8
2023-10-23 01:00:00,1013.1,22.4,93.0,0.1,0.0,1.3,12.0,0.0,-99.8,-99.8,-99.8,-99.8,-99.8,-99.8,-99.8
2023-10-23 02:00:00,1012.6,21.5,98.0,0.5,11.0,1.7,27.0,1.5,-99.8,-99.8,-99.8,-99.8,-99.8,-99.8,-99.8
2023-10-23 03:00:00,1012.4,21.6,99.0,0.6,317.0,1.1,299.0,0.0,-99.8,-99.8,-99.8,-99.8,-99.8,-99.8,-99.8
2023-10-23 04:00:00,1012.5,21.5,99.0,0.4,327.0,0.9,12.0,0.0,-99.8,-99.8,-99.8,-99.8,-99.8,-99.8,-99.8
2023-10-23 05:00:00,1012.7,21.6,100.0,0.3,333.0,1.1,343.0,0.5,-99.8,-99.8,-99.8,-99.8,-99.8,-99.8,-99.8
2023-10-23 06:00:00,1013.2,21.4,100.0,0.7,337.0,1.3,339.0,0.0,-99.8,-99.8,-99.8,-99.8,-99.8,-99.8,-99.8
2023-10-23 07:00:00,1013.6,22.2,99.0,0.6,13.0,1.4,26.0,0.0,-99.8,-99.8,-99.8,-99.8,-99.8,-99.8,-99.8
2023-10-23 08:00:00,1013.7,25.9,77.0,1.0,198.0,2.4,49.0,0.0,-99.8,-99.8,-99.8,-99.8,-99.8,-99.8,-99.8
2023-10-23 09:00:00,1014.0,24.2,81.0,1.7,208.0,3.1,173.0,0.0,-99.8,-99.8,-99.8,-99.8,-99.8,-99.8,-99.8
2023-10-23 10:00:00,1013.9,24.0,86.0,1.1,22.0,2.4,197.0,0.0,-99.8,-99.8,-99.8,-99.8,-99.8,-99.8,-99.8
2023-10-23 11:00:00,1013.3,25.2,81.0,1.5,185.0,2.6,168.0,0.0,-99.8,-99.8,-99.8,-99.8,-99.8,-99.8,-99.8
2023-10-23 12:00:00,1012.5,27.9,71.0,1.8,142.0,3.9,211.0,0.0,-99.8,-99.8,-99.8,-99.8,-99.8,-99.8,-99.8
2023-10-23 13:00:00,1012.0,23.5,92.0,1.7,233.0,4.2,225.0,0.0,-99.8,-99.8,-99.8,-99.8,-99.8,-99.8,-99.8
2023-10-23 14:00:00,1011.6,22.8,97.0,0.8,236.0,4.4,214.0,0.0,-99.8,-99.8,-99.8,-99.8,-99.8,-99.8,-99.8
2023-10-23 15:00:00,1011.5,22.2,98.0,1.1,16.0,3.0,174.0,3.0,-99.8,-99.8,-99.8,-99.8,-99.8,-99.8,-99.8
2023-10-23 16:00:00,1011.6,21.9,97.0,1.1,14.0,2.4,23.0,1.0,-99.8,-99.8,-99.8,-99.8,-99.8,-99.8,-99.8
2023-10-23 17:00:00,1011.9,22.0,99.0,0.4,338.0,2.2,10.0,0.5,-99.8,-99.8,-99.8,-99.8,-99.8,-99.8,-99.8
2023-10-23 18:00:00,1012.0,22.0,99.0,0.4,15.0,1.3,305.0,1.0,-99.8,-99.8,-99.8,-99.8,-99.8,-99.8,-99.8
2023-10-23 19:00:00,1012.8,22.0,99.0,0.3,1.0,1.6,48.0,0.0,-99.8,-99.8,-99.8,-99.8,-99.8,-99.8,-99.8
2023-10-23 20:00:00,1013.3,21.8,99.0,0.0,0.0,1.4,276.0,2.5,-99.8,-99.8,-99.8,-99.8,-99.8,-99.8,-99.8
2023-10-23 21:00:00,1013.2,21.5,100.0,1.1,16.0,1.7,30.0,4.0,-99.8,-99.8,-99.8,-99.8,-99.8,-99.8,-99.8
2023-10-23 22:00:00,1013.2,21.6,100.0,0.4,13.0,1.8,20.0,1.5,-99.8,-99.8,-99.8,-99.8,-99.8,-99.8,-99.8
2023-10-23 23:00:00,1012.5,21.7,100.0,0.8,13.0,2.2,2.0,0.0,-99.8,-99.8,-99.8,-99.8,-99.8,-99.8,-99.8
2023-10-24 00:00:00,1011.6,21.7,100.0,0.9,12.0,2.6,357.0,0.0,-99.8,-99.8,-99.8,-99.8,-99.8,-99.8,-99.8
2023-10-24 01:00:00,1010.7,21.6,100.0,0.8,13.0,2.3,25.0,0.5,-99.8,-99.8,-99.8,-99.8,-99.8,-99.8,-99.8
2023-10-24 02:00:00,1010.4,21.7,99.0,1.0,360.0,3.0,360.0,0.0,-99.8,-99.8,-99.8,-99.8,-99.8,-99.8,-99.8
2023-10-24 03:00:00,1010.1,21.9,97.0,0.8,350.0,1.9,325.0,0.0,-99.8,-99.8,-99.8,-99.8,-99.8,-99.8,-99.8
2023-10-24 04:00:00,1010.0,21.9,97.0,0.6,2.0,1.6,8.0,0.0,-99.8,-99.8,-99.8,-99.8,-99.8,-99.8,-99.8
2023-10-24 05:00:00,1010.3,22.0,95.0,0.8,4.0,2.2,354.0,0.0,-99.8,-99.8,-99.8,-99.8,-99.8,-99.8,-99.8
2023-10-24 06:00:00,1010.9,21.9,96.0,0.6,353.0,2.1,4.0,0.0,-99.8,-99.8,-99.8,-99.8,-99.8,-99.8,-99.8
2023-10-24 07:00:00,1011.4,23.5,87.0,1.2,10.0,2.4,1.0,0.0,-99.8,-99.8,-99.8,-99.8,-99.8,-99.8,-99.8
2023-10-24 08:00:00,1012.3,25.7,85.0,0.5,53.0,1.7,6.0,0.0,-99.8,-99.8,-99.8,-99.8,-99.8,-99.8,-99.8
2023-10-24 09:00:00,1012.8,27.3,78.0,0.6,192.0,1.7,217.0,0.0,-99.8,-99.8,-99.8,-99.8,-99.8,-99.8,-99.8
2023-10-24 10:00:00,1012.4,29.4,71.0,0.8,151.0,2.1,137.0,0.0,-99.8,-99.8,-99.8,-99.8,-99.8,-99.8,-99.8
2023-10-24 11:00:00,1011.5,29.5,69.0,1.5,194.0,3.0,206.0,0.0,-99.8,-99.8,-99.8,-99.8,-99.8,-99.8,-99.8
2023-10-24 12:00:00,1010.3,28.4,72.0,1.0,177.0,3.2,198.0,0.0,-99.8,-99.8,-99.8,-99.8,-99.8,-99.8,-99.8
2023-10-24 13:00:00,1009.4,27.9,70.0,1.1,204.0,2.6,213.0,0.0,-99.8,-99.8,-99.8,-99.8,-99.8,-99.8,-99.8
2023-10-24 14:00:00,1008.9,27.8,72.0,0.7,163.0,2.3,212.0,0.0,-99.8,-99.8,-99.8,-99.8,-99.8,-99.8,-99.8
2023-10-24 15:00:00,1008.4,28.1,72.0,0.1,0.0,2.0,164.0,0.0,-99.8,-99.8,-99.8,-99.8,-99.8,-99.8,-99.8
2023-10-24 16:00:00,1008.6,25.8,80.0,1.2,226.0,2.8,214.0,0.0,-99.8,-99.8,-99.8,-99.8,-99.8,-99.8,-99.8
2023-10-24 17:00:00,1009.1,25.4,84.0,0.5,280.0,3.4,219.0,0.0,-99.8,-99.8,-99.8,-99.8,-99.8,-99.8,-99.8
2023-10-24 18:00:00,1009.7,24.7,88.0,0.4,326.0,1.3,26.0,0.0,-99.8,-99.8,-99.8,-99.8,-99.8,-99.8,-99.8
2023-10-24 19:00:00,1010.2,24.6,88.0,0.5,7.0,1.2,304.0,0.0,-99.8,-99.8,-99.8,-99.8,-99.8,-99.8,-99.8
2023-10-24 20:00:00,1010.8,23.8,95.0,0.6,266.0,2.2,238.0,0.0,-99.8,-99.8,-99.8,-99.8,-99.8,-99.8,-99.8
2023-10-24 21:00:00,1011.1,23.1,98.0,0.3,5.0,2.4,239.0,3.5,-99.8,-99.8,-99.8,-99.8,-99.8,-99.8,-99.8
2023-10-24 22:00:00,1011.1,22.8,99.0,0.3,324.0,1.6,26.0,1.0,-99.8,-99.8,-99.8,-99.8,-99.8,-99.8,-99.8
2023-10-24 23:00:00,1010.4,22.3,99.0,0.8,347.0,1.3,325.0,0.0,-99.8,-99.8,-99.8,-99.8,-99.8,-99.8,-99.8
2023-10-25 00:00:00,1010.1,22.3,99.0,0.9,1.0,1.8,360.0,0.0,-99.8,-99.8,-99.8,-99.8,-99.8,-99.8,-99.8
2023-10-25 01:00:00,1009.4,22.2,99.0,0.8,3.0,2.8,355.0,0.0,-99.8,-99.8,-99.8,-99.8,-99.8,-99.8,-99.8
2023-10-25 02:00:00,1008.9,22.1,99.0,0.9,11.0,2.1,356.0,0.0,-99.8,-99.8,-99.8,-99.8,-99.8,-99.8,-99.8
2023-10-25 03:00:00,1008.8,22.1,97.0,0.9,13.0,2.4,8.0,0.0,-99.8,-99.8,-99.8,-99.8,-99.8,-99.8,-99.8
2023-10-25 04:00:00,1008.8,22.1,97.0,0.7,358.0,2.7,1.0,0.0,-99.8,-99.8,-99.8,-99.8,-99.8,-99.8,-99.8
2023-10-25 05:00:00,1009.0,22.3,96.0,0.8,3.0,1.7,316.0,0.0,-99.8,-99.8,-99.8,-99.8,-99.8,-99.8,-99.8
2023-10-25 06:00:00,1009.4,22.2,95.0,0.6,345.0,2.4,3.0,0.0,-99.8,-99.8,-99.8,-99.8,-99.8,-99.8,-99.8
2023-10-25 07:00:00,1010.0,23.1,95.0,0.6,12.0,1.6,342.0,0.0,-99.8,-99.8,-99.8,-99.8,-99.8,-99.8,-99.8
2023-10-25 08:00:00,1010.3,25.6,81.0,0.9,21.0,1.8,9.0,0.0,-99.8,-99.8,-99.8,-99.8,-99.8,-99.8,-99.8
2023-10-25 09:00:00,1010.5,29.2,67.0,0.9,162.0,2.0,165.0,0.0,-99.8,-99.8,-99.8,-99.8,-99.8,-99.8,-99.8
2023-10-25 10:00:00,1010.3,29.2,65.0,1.5,185.0,2.6,214.0,0.0,-99.8,-99.8,-99.8,-99.8,-99.8,-99.8,-99.8
2023-10-25 11:00:00,1009.5,26.1,79.0,1.3,241.0,7.8,258.0,0.0,-99.8,-99.8,-99.8,-99.8,-99.8,-99.8,-99.8
2023-10-25 12:00:00,1008.9,26.5,75.0,1.3,288.0,5.7,218.0,0.0,-99.8,-99.8,-99.8,-99.8,-99.8,-99.8,-99.8
2023-10-25 13:00:00,1008.2,26.4,79.0,3.5,236.0,7.5,249.0,0.0,-99.8,-99.8,-99.8,-99.8,-99.8,-99.8,-99.8
2023-10-25 14:00:00,1007.9,26.2,78.0,1.3,259.0,5.5,227.0,0.0,-99.8,-99.8,-99.8,-99.8,-99.8,-99.8,-99.8
2023-10-25 15:00:00,1007.6,25.9,82.0,1.1,246.0,4.3,242.0,0.0,-99.8,-99.8,-99.8,-99.8,-99.8,-99.8,-99.8
2023-10-25 16:00:00,1007.8,25.4,86.0,0.1,0.0,5.2,254.0,0.0,-99.8,-99.8,-99.8,-99.8,-99.8,-99.8,-99.8
2023-10-25 17:00:00,1008.4,24.1,93.0,0.6,282.0,7.7,208.0,0.0,-99.8,-99.8,-99.8,-99.8,-99.8,-99.8,-99.8
2023-10-25 18:00:00,1008.6,24.3,89.0,1.0,326.0,3.3,226.0,0.0,-99.8,-99.8,-99.8,-99.8,-99.8,-99.8,-99.8
2023-10-25 19:00:00,1009.2,24.8,80.0,1.7,257.0,6.1,282.0,0.0,-99.8,-99.8,-99.8,-99.8,-99.8,-99.8,-99.8
2023-10-25 20:00:00,1010.1,25.0,74.0,2.4,296.0,5.2,318.0,0.0,-99.8,-99.8,-99.8,-99.8,-99.8,-99.8,-99.8
2023-10-25 21:00:00,1010.3,24.1,83.0,0.6,353.0,6.0,39.0,0.0,-99.8,-99.8,-99.8,-99.8,-99.8,-99.8,-99.8
2023-10-25 22:00:00,1010.2,23.5,86.0,0.5,334.0,2.7,253.0,0.0,-99.8,-99.8,-99.8,-99.8,-99.8,-99.8,-99.8
2023-10-25 23:00:00,1010.1,23.6,85.0,0.4,344.0,1.4,327.0,0.0,-99.8,-99.8,-99.8,-99.8,-99.8,-99.8,-99.8
2023-10-26 00:00:00,1009.6,23.2,89.0,0.5,5.0,1.4,25.0,0.0,-99.8,-99.8,-99.8,-99.8,-99.8,-99.8,-99.8
2023-10-26 01:00:00,1009.1,23.2,89.0,0.6,18.0,1.7,333.0,0.0,-99.8,-99.8,-99.8,-99.8,-99.8,-99.8,-99.8
2023-10-26 02:00:00,1008.6,23.3,92.0,0.6,298.0,2.0,283.0,0.0,-99.8,-99.8,-99.8,-99.8,-99.8,-99.8,-99.8
2023-10-26 03:00:00,1008.2,23.1,93.0,0.4,222.0,3.2,212.0,0.0,-99.8,-99.8,-99.8,-99.8,-99.8,-99.8,-99.8
2023-10-26 04:00:00,1008.0,22.7,94.0,0.4,332.0,1.4,12.0,0.0,-99.8,-99.8,-99.8,-99.8,-99.8,-99.8,-99.8
2023-10-26 05:00:00,1008.3,22.3,92.0,0.5,1.0,1.6,341.0,0.0,-99.8,-99.8,-99.8,-99.8,-99.8,-99.8,-99.8
2023-10-26 06:00:00,1008.8,22.4,89.0,0.6,7.0,1.8,352.0,0.0,-99.8,-99.8,-99.8,-99.8,-99.8,-99.8,-99.8
2023-10-26 07:00:00,1009.4,23.0,88.0,0.6,6.0,1.6,18.0,0.0,-99.8,-99.8,-99.8,-99.8,-99.8,-99.8,-99.8
2023-10-26 08:00:00,1010.0,24.0,87.0,0.7,18.0,1.5,1.0,0.0,-99.8,-99.8,-99.8,-99.8,-99.8,-99.8,-99.8
2023-10-26 09:00:00,1010.5,26.1,78.0,0.5,206.0,2.4,255.0,0.0,-99.8,-99.8,-99.8,-99.8,-99.8,-99.8,-99.8
2023-10-26 10:00:00,1009.8,28.3,66.0,0.9,181.0,2.2,221.0,0.0,-99.8,-99.8,-99.8,-99.8,-99.8,-99.8,-99.8
2023-10-26 11:00:00,1009.3,28.5,67.0,0.7,186.0,2.3,150.0,0.0,-99.8,-99.8,-99.8,-99.8,-99.8,-99.8,-99.8
2023-10-26 12:00:00,1008.7,28.6,67.0,0.9,167.0,2.6,152.0,0.0,-99.8,-99.8,-99.8,-99.8,-99.8,-99.8,-99.8
2023-10-26 13:00:00,1008.0,26.3,76.0,0.6,154.0,2.5,167.0,0.0,-99.8,-99.8,-99.8,-99.8,-99.8,-99.8,-99.8
2023-10-26 14:00:00,1007.4,25.7,78.0,0.9,212.0,1.8,223.0,0.0,-99.8,-99.8,-99.8,-99.8,-99.8,-99.8,-99.8
2023-10-26 15:00:00,1007.3,25.4,78.0,1.6,204.0,3.0,169.0,0.0,-99.8,-99.8,-99.8,-99.8,-99.8,-99.8,-99.8
2023-10-26 16:00:00,1007.6,24.4,83.0,0.7,19.0,2.4,244.0,0.0,-99.8,-99.8,-99.8,-99.8,-99.8,-99.8,-99.8
2023-10-26 17:00:00,1007.8,24.0,85.0,0.6,357.0,1.5,23.0,0.0,-99.8,-99.8,-99.8,-99.8,-99.8,-99.8,-99.8
2023-10-26 18:00:00,1007.8,23.6,85.0,0.5,358.0,1.5,15.0,0.0,-99.8,-99.8,-99.8,-99.8,-99.8,-99.8,-99.8
2023-10-26 19:00:00,1008.2,23.8,85.0,0.5,356.0,1.7,37.0,0.0,-99.8,-99.8,-99.8,-99.8,-99.8,-99.8,-99.8
2023-10-26 20:00:00,1008.5,23.7,87.0,0.4,3.0,1.3,21.0,0.0,-99.8,-99.8,-99.8,-99.8,-99.8,-99.8,-99.8
2023-10-26 21:00:00,1008.9,23.3,85.0,1.1,17.0,2.0,337.0,0.0,-99.8,-99.8,-99.8,-99.8,-99.8,-99.8,-99.8
2023-10-26 22:00:00,1009.2,23.5,85.0,0.6,14.0,2.0,30.0,0.0,-99.8,-99.8,-99.8,-99.8,-99.8,-99.8,-99.8
2023-10-26 23:00:00,1008.9,23.4,83.0,0.7,15.0,2.1,25.0,0.0,-99.8,-99.8,-99.8,-99.8,-99.8,-99.8,-99.8
2023-10-27 00:00:00,1008.5,23.0,84.0,0.9,14.0,1.8,19.0,0.0,-99.8,-99.8,-99.8,-99.8,-99.8,-99.8,-99.8
2023-10-27 01:00:00,1008.0,23.0,85.0,0.7,13.0,2.0,1.0,0.0,-99.8,-99.8,-99.8,-99.8,-99.8,-99.8,-99.8
2023-10-27 02:00:00,1007.7,22.7,84.0,0.7,1.0,1.8,340.0,0.0,-99.8,-99.8,-99.8,-99.8,-99.8,-99.8,-99.8
2023-10-27 03:00:00,1007.0,22.7,85.0,0.9,17.0,2.1,5.0,0.0,-99.8,-99.8,-99.8,-99.8,-99.8,-99.8,-99.8
2023-10-27 04:00:00,1007.2,22.7,86.0,0.7,13.0,1.9,13.0,0.0,-99.8,-99.8,-99.8,-99.8,-99.8,-99.8,-99.8
2023-10-27 05:00:00,1007.4,22.4,86.0,0.7,10.0,2.1,17.0,0.0,-99.8,-99.8,-99.8,-99.8,-99.8,-99.8,-99.8
2023-10-27 06:00:00,1007.9,22.8,86.0,0.5,7.0,1.8,5.0,0.0,-99.8,-99.8,-99.8,-99.8,-99.8,-99.8,-99.8
2023-10-27 07:00:00,1008.6,23.2,83.0,0.7,7.0,1.4,27.0,0.0,-99.8,-99.8,-99.8,-99.8,-99.8,-99.8,-99.8
2023-10-27 08:00:00,1008.9,24.9,81.0,0.3,14.0,1.4,28.0,0.0,-99.8,-99.8,-99.8,-99.8,-99.8,-99.8,-99.8
2023-10-27 09:00:00,1009.4,28.1,67.0,0.6,155.0,2.1,145.0,0.0,-99.8,-99.8,-99.8,-99.8,-99.8,-99.8,-99.8
2023-10-27 10:00:00,1009.1,25.4,80.0,0.7,330.0,2.4,226.0,0.0,-99.8,-99.8,-99.8,-99.8,-99.8,-99.8,-99.8
2023-10-27 11:00:00,1008.8,23.8,88.0,1.5,302.0,3.9,291.0,0.0,-99.8,-99.8,-99.8,-99.8,-99.8,-99.8,-99.8
2023-10-27 12:00:00,1008.1,23.6,86.0,1.0,218.0,5.3,296.0,0.0,-99.8,-99.8,-99.8,-99.8,-99.8,-99.8,-99.8
2023-10-27 13:00:00,1007.7,22.4,91.0,1.0,269.0,5.8,255.0,0.5,-99.8,-99.8,-99.8,-99.8,-99.8,-99.8,-99.8
2023-10-27 14:00:00,1007.4,22.5,94.0,0.1,0.0,0.9,252.0,1.0,-99.8,-99.8,-99.8,-99.8,-99.8,-99.8,-99.8
2023-10-27 15:00:00,1007.3,22.6,94.0,0.3,9.0,1.5,216.0,0.5,-99.8,-99.8,-99.8,-99.8,-99.8,-99.8,-99.8
2023-10-27 16:00:00,1007.6,22.5,96.0,0.2,0.0,3.9,240.0,0.0,-99.8,-99.8,-99.8,-99.8,-99.8,-99.8,-99.8
2023-10-27 17:00:00,1007.8,22.0,94.0,0.8,310.0,4.1,301.0,0.5,-99.8,-99.8,-99.8,-99.8,-99.8,-99.8,-99.8
2023-10-27 18:00:00,1008.2,21.8,90.0,1.8,310.0,5.2,273.0,0.5,-99.8,-99.8,-99.8,-99.8,-99.8,-99.8,-99.8
2023-10-27 19:00:00,1009.2,21.3,98.0,0.4,339.0,2.9,27.0,1.0,-99.8,-99.8,-99.8,-99.8,-99.8,-99.8,-99.8
2023-10-27 20:00:00,1009.6,21.4,99.0,0.8,14.0,1.6,32.0,0.5,-99.8,-99.8,-99.8,-99.8,-99.8,-99.8,-99.8
2023-10-27 21:00:00,1010.0,21.1,99.0,0.5,337.0,1.6,10.0,0.0,-99.8,-99.8,-99.8,-99.8,-99.8,-99.8,-99.8
2023-10-27 22:00:00,1010.2,21.0,97.0,1.0,7.0,3.8,28.0,0.0,-99.8,-99.8,-99.8,-99.8,-99.8,-99.8,-99.8
2023-10-27 23:00:00,1009.9,21.0,95.0,0.7,3.0,3.6,41.0,0.0,-99.8,-99.8,-99.8,-99.8,-99.8,-99.8,-99.8
2023-10-28 00:00:00,1009.6,20.8,96.0,0.7,13.0,2.5,13.0,0.0,-99.8,-99.8,-99.8,-99.8,-99.8,-99.8,-99.8
2023-10-28 01:00:00,1009.2,21.2,94.0,0.4,348.0,4.0,234.0,0.0,-99.8,-99.8,-99.8,-99.8,-99.8,-99.8,-99.8
2023-10-28 02:00:00,1009.2,21.1,90.0,0.9,288.0,2.8,276.0,0.0,-99.8,-99.8,-99.8,-99.8,-99.8,-99.8,-99.8
2023-10-28 03:00:00,1008.7,20.4,98.0,0.7,359.0,2.2,360.0,1.0,-99.8,-99.8,-99.8,-99.8,-99.8,-99.8,-99.8
2023-10-28 04:00:00,1008.4,20.2,99.0,0.4,347.0,1.3,338.0,0.5,-99.8,-99.8,-99.8,-99.8,-99.8,-99.8,-99.8
2023-10-28 05:00:00,1008.6,20.2,99.0,0.4,2.0,2.4,352.0,0.5,-99.8,-99.8,-99.8,-99.8,-99.8,-99.8,-99.8
2023-10-28 06:00:00,1009.3,19.9,99.0,0.2,0.0,1.4,302.0,4.5,-99.8,-99.8,-99.8,-99.8,-99.8,-99.8,-99.8
2023-10-28 07:00:00,1010.0,20.2,100.0,0.6,25.0,1.3,233.0,3.0,-99.8,-99.8,-99.8,-99.8,-99.8,-99.8,-99.8
2023-10-28 08:00:00,1010.9,20.1,98.0,0.1,0.0,1.5,27.0,2.0,-99.8,-99.8,-99.8,-99.8,-99.8,-99.8,-99.8
2023-10-28 09:00:00,1011.2,20.6,99.0,0.1,0.0,1.5,32.0,1.0,-99.8,-99.8,-99.8,-99.8,-99.8,-99.8,-99.8
2023-10-28 10:00:00,1011.5,20.6,98.0,0.0,0.0,0.6,29.0,0.5,-99.8,-99.8,-99.8,-99.8,-99.8,-99.8,-99.8
2023-10-28 11:00:00,1011.1,20.8,98.0,0.3,206.0,1.1,230.0,1.0,-99.8,-99.8,-99.8,-99.8,-99.8,-99.8,-99.8
2023-10-28 12:00:00,1010.4,20.4,97.0,0.4,235.0,2.1,173.0,0.5,-99.8,-99.8,-99.8,-99.8,-99.8,-99.8,-99.8
2023-10-28 13:00:00,1009.8,20.7,97.0,0.5,19.0,2.8,311.0,0.5,-99.8,-99.8,-99.8,-99.8,-99.8,-99.8,-99.8
2023-10-28 14:00:00,1009.4,20.5,97.0,0.5,337.0,1.6,45.0,0.0,-99.8,-99.8,-99.8,-99.8,-99.8,-99.8,-99.8
2023-10-28 15:00:00,1009.1,21.0,95.0,0.5,348.0,1.9,24.0,0.0,-99.8,-99.8,-99.8,-99.8,-99.8,-99.8,-99.8
2023-10-28 16:00:00,1009.4,20.8,96.0,0.5,14.0,1.5,7.0,0.0,-99.8,-99.8,-99.8,-99.8,-99.8,-99.8,-99.8
2023-10-28 17:00:00,1009.6,20.1,97.0,0.7,348.0,1.7,358.0,0.0,-99.8,-99.8,-99.8,-99.8,-99.8,-99.8,-99.8
2023-10-28 18:00:00,1010.0,20.0,98.0,0.7,9.0,1.9,4.0,0.0,-99.8,-99.8,-99.8,-99.8,-99.8,-99.8,-99.8
2023-10-28 19:00:00,1011.0,20.2,95.0,0.9,305.0,1.8,293.0,0.0,-99.8,-99.8,-99.8,-99.8,-99.8,-99.8,-99.8
2023-10-28 20:00:00,1011.4,20.1,95.0,1.1,18.0,2.6,30.0,0.0,-99.8,-99.8,-99.8,-99.8,-99.8,-99.8,-99.8
2023-10-28 21:00:00,1011.5,19.8,94.0,1.0,8.0,2.5,352.0,0.0,-99.8,-99.8,-99.8,-99.8,-99.8,-99.8,-99.8
2023-10-28 22:00:00,1011.5,20.3,90.0,0.9,352.0,2.4,3.0,0.0,-99.8,-99.8,-99.8,-99.8,-99.8,-99.8,-99.8
2023-10-28 23:00:00,1011.1,20.1,93.0,0.7,10.0,2.7,353.0,0.0,-99.8,-99.8,-99.8,-99.8,-99.8,-99.8,-99.8
2023-10-29 00:00:00,1010.8,20.1,93.0,1.0,17.0,1.9,349.0,0.0,-99.8,-99.8,-99.8,-99.8,-99.8,-99.8,-99.8
2023-10-29 01:00:00,1010.5,20.2,87.0,0.7,360.0,1.7,46.0,0.0,-99.8,-99.8,-99.8,-99.8,-99.8,-99.8,-99.8
2023-10-29 02:00:00,1010.0,19.9,87.0,0.9,11.0,1.9,359.0,0.0,-99.8,-99.8,-99.8,-99.8,-99.8,-99.8,-99.8
2023-10-29 03:00:00,1009.8,20.2,90.0,0.9,17.0,1.6,16.0,0.0,-99.8,-99.8,-99.8,-99.8,-99.8,-99.8,-99.8
2023-10-29 04:00:00,1009.5,20.3,86.0,0.7,6.0,2.0,12.0,0.0,-99.8,-99.8,-99.8,-99.8,-99.8,-99.8,-99.8
2023-10-29 05:00:00,1009.7,20.4,86.0,0.7,343.0,1.7,32.0,0.0,-99.8,-99.8,-99.8,-99.8,-99.8,-99.8,-99.8
2023-10-29 06:00:00,1010.1,20.3,89.0,0.3,344.0,1.3,345.0,0.0,-99.8,-99.8,-99.8,-99.8,-99.8,-99.8,-99.8
2023-10-29 07:00:00,1010.5,22.3,79.0,0.8,5.0,1.9,13.0,0.0,-99.8,-99.8,-99.8,-99.8,-99.8,-99.8,-99.8
2023-10-29 08:00:00,1011.2,24.0,74.0,0.2,0.0,1.6,5.0,0.0,-99.8,-99.8,-99.8,-99.8,-99.8,-99.8,-99.8
2023-10-29 09:00:00,1011.4,26.3,63.0,1.1,144.0,2.2,178.0,0.0,-99.8,-99.8,-99.8,-99.8,-99.8,-99.8,-99.8
2023-10-29 10:00:00,1011.2,24.4,78.0,4.8,220.0,7.9,206.0,0.0,-99.8,-99.8,-99.8,-99.8,-99.8,-99.8,-99.8
2023-10-29 11:00:00,1010.8,24.7,76.0,2.8,260.0,8.1,227.0,0.0,-99.8,-99.8,-99.8,-99.8,-99.8,-99.8,-99.8
2023-10-29 12:00:00,1010.3,23.9,77.0,1.8,236.0,6.3,275.0,0.0,-99.8,-99.8,-99.8,-99.8,-99.8,-99.8,-99.8
2023-10-29 13:00:00,1009.6,23.8,78.0,1.9,255.0,5.3,209.0,0.0,-99.8,-99.8,-99.8,-99.8,-99.8,-99.8,-99.8
2023-10-29 14:00:00,1009.1,23.7,79.0,1.7,244.0,4.6,229.0,0.0,-99.8,-99.8,-99.8,-99.8,-99.8,-99.8,-99.8
2023-10-29 15:00:00,1009.1,23.5,79.0,2.0,254.0,4.1,237.0,0.0,-99.8,-99.8,-99.8,-99.8,-99.8,-99.8,-99.8
2023-10-29 16:00:00,1009.7,23.2,78.0,0.9,249.0,3.5,257.0,0.0,-99.8,-99.8,-99.8,-99.8,-99.8,-99.8,-99.8
2023-10-29 17:00:00,1010.2,22.9,77.0,0.6,280.0,3.2,240.0,0.0,-99.8,-99.8,-99.8,-99.8,-99.8,-99.8,-99.8
2023-10-29 18:00:00,1010.5,22.6,80.0,1.0,288.0,3.1,291.0,0.0,-99.8,-99.8,-99.8,-99.8,-99.8,-99.8,-99.8
2023-10-29 19:00:00,1011.4,21.6,92.0,0.4,359.0,3.5,260.0,0.0,-99.8,-99.8,-99.8,-99.8,-99.8,-99.8,-99.8
2023-10-29 20:00:00,1011.9,21.0,96.0,0.4,351.0,1.0,3.0,0.0,-99.8,-99.8,-99.8,-99.8,-99.8,-99.8,-99.8
2023-10-29 21:00:00,1012.1,20.9,96.0,0.5,328.0,1.4,351.0,0.0,-99.8,-99.8,-99.8,-99.8,-99.8,-99.8,-99.8
2023-10-29 22:00:00,1012.1,20.9,97.0,0.7,18.0,1.2,332.0,0.0,-99.8,-99.8,-99.8,-99.8,-99.8,-99.8,-99.8
2023-10-29 23:00:00,1011.6,20.6,98.0,0.5,5.0,1.3,319.0,4.0,-99.8,-99.8,-99.8,-99.8,-99.8,-99.8,-99.8
2023-10-30 00:00:00,1011.3,20.2,99.0,0.6,356.0,1.7,25.0,3.0,-99.8,-99.8,-99.8,-99.8,-99.8,-99.8,-99.8
2023-10-30 01:00:00,1010.8,20.5,99.0,0.6,360.0,1.6,333.0,0.5,-99.8,-99.8,-99.8,-99.8,-99.8,-99.8,-99.8
2023-10-30 02:00:00,1010.1,20.6,99.0,0.9,14.0,2.6,11.0,1.5,-99.8,-99.8,-99.8,-99.8,-99.8,-99.8,-99.8
2023-10-30 03:00:00,1009.9,20.4,100.0,0.5,2.0,1.9,356.0,2.0,-99.8,-99.8,-99.8,-99.8,-99.8,-99.8,-99.8
2023-10-30 04:00:00,1009.8,20.5,100.0,0.5,348.0,1.5,333.0,0.5,-99.8,-99.8,-99.8,-99.8,-99.8,-99.8,-99.8
2023-10-30 05:00:00,1010.2,20.4,100.0,0.6,5.0,1.4,31.0,0.5,-99.8,-99.8,-99.8,-99.8,-99.8,-99.8,-99.8
2023-10-30 06:00:00,1010.7,20.3,99.0,1.0,251.0,2.7,236.0,0.5,-99.8,-99.8,-99.8,-99.8,-99.8,-99.8,-99.8
2023-10-30 07:00:00,1011.4,20.1,98.0,0.6,357.0,4.3,289.0,0.0,-99.8,-99.8,-99.8,-99.8,-99.8,-99.8,-99.8
2023-10-30 08:00:00,1012.0,20.8,99.0,0.4,17.0,1.4,356.0,0.0,-99.8,-99.8,-99.8,-99.8,-99.8,-99.8,-99.8
2023-10-30 09:00:00,1012.5,20.6,97.0,0.6,355.0,1.4,285.0,0.0,-99.8,-99.8,-99.8,-99.8,-99.8,-99.8,-99.8
2023-10-30 10:00:00,1012.1,23.2,87.0,0.5,10.0,1.6,43.0,0.0,-99.8,-99.8,-99.8,-99.8,-99.8,-99.8,-99.8
2023-10-30 11:00:00,1011.8,23.8,84.0,0.3,208.0,1.6,28.0,0.0,-99.8,-99.8,-99.8,-99.8,-99.8,-99.8,-99.8
2023-10-30 12:00:00,1011.0,22.8,91.0,1.1,12.0,2.1,336.0,0.0,-99.8,-99.8,-99.8,-99.8,-99.8,-99.8,-99.8
2023-10-30 13:00:00,1010.5,23.7,88.0,0.2,0.0,2.1,9.0,0.0,-99.8,-99.8,-99.8,-99.8,-99.8,-99.8,-99.8
2023-10-30 14:00:00,1010.2,23.0,90.0,0.5,336.0,1.3,232.0,0.0,-99.8,-99.8,-99.8,-99.8,-99.8,-99.8,-99.8
2023-10-30 15:00:00,1010.1,22.7,91.0,0.4,342.0,1.1,8.0,0.0,-99.8,-99.8,-99.8,-99.8,-99.8,-99.8,-99.8
2023-10-30 16:00:00,1010.4,22.0,94.0,0.8,8.0,1.8,12.0,0.0,-99.8,-99.8,-99.8,-99.8,-99.8,-99.8,-99.8
2023-10-30 17:00:00,1010.7,21.3,94.0,0.5,352.0,1.9,305.0,0.0,-99.8,-99.8,-99.8,-99.8,-99.8,-99.8,-99.8
2023-10-30 18:00:00,1011.1,21.1,96.0,1.1,17.0,2.3,23.0,0.0,-99.8,-99.8,-99.8,-99.8,-99.8,-99.8,-99.8
2023-10-30 19:00:00,1011.7,21.3,94.0,1.0,12.0,2.4,9.0,0.0,-99.8,-99.8,-99.8,-99.8,-99.8,-99.8,-99.8
2023-10-30 20:00:00,1012.2,21.3,93.0,0.7,12.0,1.7,26.0,0.0,-99.8,-99.8,-99.8,-99.8,-99.8,-99.8,-99.8
2023-10-30 21:00:00,1012.6,22.0,91.0,0.7,279.0,2.1,292.0,0.0,-99.8,-99.8,-99.8,-99.8,-99.8,-99.8,-99.8
2023-10-30 22:00:00,1012.8,21.6,95.0,0.0,0.0,1.9,306.0,0.0,-99.8,-99.8,-99.8,-99.8,-99.8,-99.8,-99.8
2023-10-30 23:00:00,1012.6,21.1,94.0,0.7,357.0,1.4,38.0,0.0,-99.8,-99.8,-99.8,-99.8,-99.8,-99.8,-99.8
2023-10-31 00:00:00,1012.7,21.4,92.0,0.5,346.0,1.4,38.0,0.0,-99.8,-99.8,-99.8,-99.8,-99.8,-99.8,-99.8
2023-10-31 01:00:00,1012.6,21.9,91.0,0.2,0.0,2.7,231.0,0.0,-99.8,-99.8,-99.8,-99.8,-99.8,-99.8,-99.8
2023-10-31 02:00:00,1012.5,21.5,92.0,0.5,277.0,3.3,235.0,0.0,-99.8,-99.8,-99.8,-99.8,-99.8,-99.8,-99.8
2023-10-31 03:00:00,1012.1,21.2,96.0,0.0,0.0,1.9,239.0,0.0,-99.8,-99.8,-99.8,-99.8,-99.8,-99.8,-99.8
2023-10-31 04:00:00,1011.7,20.9,98.0,0.3,300.0,2.5,215.0,0.0,-99.8,-99.8,-99.8,-99.8,-99.8,-99.8,-99.8
2023-10-31 05:00:00,1011.7,20.5,98.0,0.6,354.0,1.3,2.0,0.0,-99.8,-99.8,-99.8,-99.8,-99.8,-99.8,-99.8
2023-10-31 06:00:00,1012.5,20.8,96.0,0.7,327.0,1.4,16.0,0.5,-99.8,-99.8,-99.8,-99.8,-99.8,-99.8,-99.8
2023-10-31 07:00:00,1013.1,21.3,93.0,0.8,315.0,1.5,324.0,0.0,-99.8,-99.8,-99.8,-99.8,-99.8,-99.8,-99.8
2023-10-31 08:00:00,1013.7,23.0,89.0,0.0,0.0,1.4,10.0,0.0,-99.8,-99.8,-99.8,-99.8,-99.8,-99.8,-99.8
2023-10-31 09:00:00,1014.2,24.5,84.0,0.4,52.0,1.5,31.0,0.0,-99.8,-99.8,-99.8,-99.8,-99.8,-99.8,-99.8
2023-10-31 10:00:00,1014.0,25.4,77.0,1.1,223.0,4.2,170.0,0.0,-99.8,-99.8,-99.8,-99.8,-99.8,-99.8,-99.8
2023-10-31 11:00:00,1013.4,25.2,76.0,3.4,239.0,5.5,234.0,0.0,-99.8,-99.8,-99.8,-99.8,-99.8,-99.8,-99.8
2023-10-31 12:00:00,1012.9,25.4,72.0,2.0,256.0,9.6,221.0,0.0,-99.8,-99.8,-99.8,-99.8,-99.8,-99.8,-99.8
2023-10-31 13:00:00,1012.0,26.0,68.0,3.0,238.0,6.9,217.0,0.0,-99.8,-99.8,-99.8,-99.8,-99.8,-99.8,-99.8
2023-10-31 14:00:00,1011.7,24.8,74.0,1.4,316.0,5.5,232.0,0.0,-99.8,-99.8,-99.8,-99.8,-99.8,-99.8,-99.8
2023-10-31 15:00:00,1012.0,24.1,73.0,1.0,19.0,5.3,346.0,0.0,-99.8,-99.8,-99.8,-99.8,-99.8,-99.8,-99.8
2023-10-31 16:00:00,1012.3,23.5,78.0,0.7,344.0,4.3,9.0,0.0,-99.8,-99.8,-99.8,-99.8,-99.8,-99.8,-99.8
2023-10-31 17:00:00,1012.3,23.0,79.0,0.7,343.0,2.8,33.0,0.0,-99.8,-99.8,-99.8,-99.8,-99.8,-99.8,-99.8
2023-10-31 18:00:00,1013.0,22.8,84.0,0.6,8.0,1.8,32.0,0.0,-99.8,-99.8,-99.8,-99.8,-99.8,-99.8,-99.8
2023-10-31 19:00:00,1013.5,22.5,83.0,0.6,344.0,2.2,347.0,0.0,-99.8,-99.8,-99.8,-99.8,-99.8,-99.8,-99.8
2023-10-31 20:00:00,1014.0,22.4,84.0,0.6,345.0,2.0,257.0,0.0,-99.8,-99.8,-99.8,-99.8,-99.8,-99.8,-99.8
2023-10-31 21:00:00,1014.2,22.6,84.0,0.6,11.0,2.3,33.0,0.0,-99.8,-99.8,-99.8,-99.8,-99.8,-99.8,-99.8
2023-10-31 22:00:00,1014.1,22.2,88.0,0.7,2.0,1.4,31.0,0.0,-99.8,-99.8,-99.8,-99.8,-99.8,-99.8,-99.8
2023-10-31 23:00:00,1014.3,21.7,90.0,0.6,304.0,3.8,242.0,0.0,-99.8,-99.8,-99.8,-99.8,-99.8,-99.8,-99.8
2023-11-01 00:00:00,1014.0,21.3,93.0,0.7,11.0,2.8,262.0,0.0,-99.8,-99.8,-99.8,-99.8,-99.8,-99.8,-99.8
2023-11-01 01:00:00,1013.5,21.2,91.0,0.4,356.0,1.8,30.0,0.0,-99.8,-99.8,-99.8,-99.8,-99.8,-99.8,-99.8
2023-11-01 02:00:00,1012.6,21.3,90.0,0.5,331.0,1.2,322.0,0.0,-99.8,-99.8,-99.8,-99.8,-99.8,-99.8,-99.8
2023-11-01 03:00:00,1012.3,21.6,87.0,0.4,358.0,1.2,289.0,0.0,-99.8,-99.8,-99.8,-99.8,-99.8,-99.8,-99.8
2023-11-01 04:00:00,1012.2,21.7,87.0,0.5,21.0,1.4,303.0,0.0,-99.8,-99.8,-99.8,-99.8,-99.8,-99.8,-99.8
2023-11-01 05:00:00,1012.5,21.3,91.0,0.3,356.0,0.8,287.0,0.0,-99.8,-99.8,-99.8,-99.8,-99.8,-99.8,-99.8
2023-11-01 06:00:00,1012.9,21.1,95.0,0.2,0.0,1.0,300.0,0.0,-99.8,-99.8,-99.8,-99.8,-99.8,-99.8,-99.8
2023-11-01 07:00:00,1013.5,21.0,96.0,0.5,349.0,1.3,4.0,0.0,-99.8,-99.8,-99.8,-99.8,-99.8,-99.8,-99.8
2023-11-01 08:00:00,1014.0,21.7,91.0,0.6,357.0,1.5,356.0,0.0,-99.8,-99.8,-99.8,-99.8,-99.8,-99.8,-99.8
2023-11-01 09:00:00,1014.3,22.7,89.0,0.5,8.0,1.9,1.0,0.0,-99.8,-99.8,-99.8,-99.8,-99.8,-99.8,-99.8
2023-11-01 10:00:00,1014.0,23.3,88.0,0.7,19.0,1.9,20.0,0.0,-99.8,-99.8,-99.8,-99.8,-99.8,-99.8,-99.8
2023-11-01 11:00:00,1013.2,24.5,80.0,0.5,17.0,1.9,19.0,0.0,-99.8,-99.8,-99.8,-99.8,-99.8,-99.8,-99.8
2023-11-01 12:00:00,1012.5,26.3,73.0,0.5,188.0,1.6,218.0,0.0,-99.8,-99.8,-99.8,-99.8,-99.8,-99.8,-99.8
2023-11-01 13:00:00,1012.0,26.3,72.0,0.7,193.0,3.4,215.0,0.0,-99.8,-99.8,-99.8,-99.8,-99.8,-99.8,-99.8
2023-11-01 14:00:00,1011.7,27.1,64.0,0.7,153.0,2.0,156.0,0.0,-99.8,-99.8,-99.8,-99.8,-99.8,-99.8,-99.8
2023-11-01 15:00:00,1011.5,25.4,76.0,1.1,214.0,1.9,175.0,0.0,-99.8,-99.8,-99.8,-99.8,-99.8,-99.8,-99.8
2023-11-01 16:00:00,1011.3,25.0,80.0,0.5,254.0,2.5,213.0,0.0,-99.8,-99.8,-99.8,-99.8,-99.8,-99.8,-99.8
2023-11-01 17:00:00,1011.2,23.5,84.0,0.7,332.0,1.9,260.0,0.0,-99.8,-99.8,-99.8,-99.8,-99.8,-99.8,-99.8
2023-11-01 18:00:00,1011.4,23.1,86.0,0.7,358.0,1.4,320.0,0.0,-99.8,-99.8,-99.8,-99.8,-99.8,-99.8,-99.8
2023-11-01 19:00:00,1012.3,22.9,88.0,1.1,279.0,6.5,237.0,0.0,-99.8,-99.8,-99.8,-99.8,-99.8,-99.8,-99.8
2023-11-01 20:00:00,1012.6,21.6,97.0,1.0,12.0,2.7,283.0,7.0,-99.8,-99.8,-99.8,-99.8,-99.8,-99.8,-99.8
2023-11-01 21:00:00,1012.3,21.0,97.0,1.3,13.0,3.3,2.0,0.0,-99.8,-99.8,-99.8,-99.8,-99.8,-99.8,-99.8
2023-11-01 22:00:00,1011.8,21.2,96.0,0.8,359.0,2.8,24.0,0.0,-99.8,-99.8,-99.8,-99.8,-99.8,-99.8,-99.8
2023-11-01 23:00:00,1011.3,21.0,97.0,0.7,3.0,2.4,21.0,0.0,-99.8,-99.8,-99.8,-99.8,-99.8,-99.8,-99.8
2023-11-02 00:00:00,1011.2,21.3,94.0,0.8,344.0,2.6,341.0,0.0,-99.8,-99.8,-99.8,-99.8,-99.8,-99.8,-99.8
2023-11-02 01:00:00,1010.3,21.4,96.0,0.7,5.0,1.7,340.0,0.0,-99.8,-99.8,-99.8,-99.8,-99.8,-99.8,-99.8
2023-11-02 02:00:00,1009.8,21.1,94.0,1.1,14.0,2.8,10.0,0.0,-99.8,-99.8,-99.8,-99.8,-99.8,-99.8,-99.8
2023-11-02 03:00:00,1009.5,21.0,91.0,0.9,351.0,1.7,34.0,0.0,-99.8,-99.8,-99.8,-99.8,-99.8,-99.8,-99.8
2023-11-02 04:00:00,1009.3,21.0,91.0,0.9,350.0,2.5,356.0,0.0,-99.8,-99.8,-99.8,-99.8,-99.8,-99.8,-99.8
2023-11-02 05:00:00,1009.5,21.5,91.0,0.8,354.0,2.1,9.0,0.0,-99.8,-99.8,-99.8,-99.8,-99.8,-99.8,-99.8
2023-11-02 06:00:00,1009.8,21.0,89.0,0.9,354.0,1.7,5.0,0.0,-99.8,-99.8,-99.8,-99.8,-99.8,-99.8,-99.8
2023-11-02 07:00:00,1010.4,21.6,88.0,0.8,358.0,2.0,358.0,0.0,-99.8,-99.8,-99.8,-99.8,-99.8,-99.8,-99.8
2023-11-02 08:00:00,1010.9,26.0,73.0,0.4,56.0,1.8,333.0,0.0,-99.8,-99.8,-99.8,-99.8,-99.8,-99.8,-99.8
2023-11-02 09:00:00,1011.1,28.6,60.0,0.6,133.0,1.8,107.0,0.0,-99.8,-99.8,-99.8,-99.8,-99.8,-99.8,-99.8
2023-11-02 10:00:00,1011.1,29.6,62.0,0.9,144.0,2.1,167.0,0.0,-99.8,-99.8,-99.8,-99.8,-99.8,-99.8,-99.8
2023-11-02 11:00:00,1010.2,29.8,61.0,1.3,190.0,2.5,206.0,0.0,-99.8,-99.8,-99.8,-99.8,-99.8,-99.8,-99.8
2023-11-02 12:00:00,1009.7,29.0,62.0,0.9,139.0,2.6,128.0,0.0,-99.8,-99.8,-99.8,-99.8,-99.8,-99.8,-99.8
2023-11-02 13:00:00,1008.9,28.3,70.0,1.0,166.0,2.9,216.0,0.0,-99.8,-99.8,-99.8,-99.8,-99.8,-99.8,-99.8
2023-11-02 14:00:00,1008.4,26.0,77.0,0.4,89.0,2.6,226.0,0.0,-99.8,-99.8,-99.8,-99.8,-99.8,-99.8,-99.8
2023-11-02 15:00:00,1007.9,26.0,77.0,0.6,189.0,2.3,216.0,0.0,-99.8,-99.8,-99.8,-99.8,-99.8,-99.8,-99.8
2023-11-02 16:00:00,1008.2,25.1,86.0,0.2,0.0,2.0,205.0,0.0,-99.8,-99.8,-99.8,-99.8,-99.8,-99.8,-99.8
2023-11-02 17:00:00,1008.4,24.2,88.0,0.2,0.0,1.1,208.0,0.0,-99.8,-99.8,-99.8,-99.8,-99.8,-99.8,-99.8
2023-11-02 18:00:00,1008.8,23.9,89.0,0.5,2.0,0.9,24.0,0.0,-99.8,-99.8,-99.8,-99.8,-99.8,-99.8,-99.8
2023-11-02 19:00:00,1009.2,23.6,91.0,0.4,348.0,1.0,36.0,0.0,-99.8,-99.8,-99.8,-99.8,-99.8,-99.8,-99.8
2023-11-02 20:00:00,1009.5,23.8,87.0,0.4,353.0,3.4,130.0,0.0,-99.8,-99.8,-99.8,-99.8,-99.8,-99.8,-99.8
2023-11-02 21:00:00,1009.7,23.0,84.0,0.9,358.0,2.6,359.0,0.0,-99.8,-99.8,-99.8,-99.8,-99.8,-99.8,-99.8
2023-11-02 22:00:00,1009.6,23.1,81.0,0.8,8.0,2.2,4.0,0.0,-99.8,-99.8,-99.8,-99.8,-99.8,-99.8,-99.8
2023-11-02 23:00:00,1009.1,22.5,82.0,0.8,11.0,2.1,329.0,0.0,-99.8,-99.8,-99.8,-99.8,-99.8,-99.8,-99.8
2023-11-03 00:00:00,1008.5,22.4,83.0,0.7,3.0,1.9,28.0,0.0,-99.8,-99.8,-99.8,-99.8,-99.8,-99.8,-99.8
2023-11-03 01:00:00,1008.0,22.2,84.0,0.8,6.0,2.7,7.0,0.0,-99.8,-99.8,-99.8,-99.8,-99.8,-99.8,-99.8
2023-11-03 02:00:00,1007.3,22.1,85.0,1.0,15.0,2.0,16.0,0.0,-99.8,-99.8,-99.8,-99.8,-99.8,-99.8,-99.8
2023-11-03 03:00:00,1007.3,22.0,84.0,1.0,13.0,2.6,5.0,0.0,-99.8,-99.8,-99.8,-99.8,-99.8,-99.8,-99.8
2023-11-03 04:00:00,1007.3,21.7,82.0,0.6,345.0,2.1,49.0,0.0,-99.8,-99.8,-99.8,-99.8,-99.8,-99.8,-99.8
2023-11-03 05:00:00,1007.4,21.8,81.0,1.0,11.0,2.5,360.0,0.0,-99.8,-99.8,-99.8,-99.8,-99.8,-99.8,-99.8
2023-11-03 06:00:00,1007.6,21.6,83.0,0.9,358.0,2.5,15.0,0.0,-99.8,-99.8,-99.8,-99.8,-99.8,-99.8,-99.8
2023-11-03 07:00:00,1008.0,23.7,70.0,0.5,2.0,2.8,32.0,0.0,-99.8,-99.8,-99.8,-99.8,-99.8,-99.8,-99.8
2023-11-03 08:00:00,1008.4,26.8,72.0,0.5,212.0,1.9,36.0,0.0,-99.8,-99.8,-99.8,-99.8,-99.8,-99.8,-99.8
2023-11-03 09:00:00,1009.0,27.5,60.0,1.2,186.0,3.3,197.0,0.0,-99.8,-99.8,-99.8,-99.8,-99.8,-99.8,-99.8
2023-11-03 10:00:00,1008.8,29.4,57.0,0.9,164.0,2.6,161.0,0.0,-99.8,-99.8,-99.8,-99.8,-99.8,-99.8,-99.8
2023-11-03 11:00:00,1008.4,29.3,56.0,0.8,139.0,2.1,129.0,0.0,-99.8,-99.8,-99.8,-99.8,-99.8,-99.8,-99.8
2023-11-03 12:00:00,1007.7,29.7,55.0,1.2,153.0,2.7,164.0,0.0,-99.8,-99.8,-99.8,-99.8,-99.8,-99.8,-99.8
2023-11-03 13:00:00,1007.1,29.2,59.0,1.1,160.0,2.6,215.0,0.0,-99.8,-99.8,-99.8,-99.8,-99.8,-99.8,-99.8
2023-11-03 14:00:00,1006.9,29.7,61.0,1.1,179.0,2.4,168.0,0.0,-99.8,-99.8,-99.8,-99.8,-99.8,-99.8,-99.8
2023-11-03 15:00:00,1006.8,27.7,69.0,0.7,242.0,2.5,200.0,0.0,-99.8,-99.8,-99.8,-99.8,-99.8,-99.8,-99.8
2023-11-03 16:00:00,1007.0,24.6,82.0,0.6,308.0,1.8,189.0,0.0,-99.8,-99.8,-99.8,-99.8,-99.8,-99.8,-99.8
2023-11-03 17:00:00,1007.5,23.9,86.0,0.7,352.0,1.2,324.0,0.0,-99.8,-99.8,-99.8,-99.8,-99.8,-99.8,-99.8
2023-11-03 18:00:00,1007.9,23.6,87.0,0.5,8.0,1.4,353.0,0.0,-99.8,-99.8,-99.8,-99.8,-99.8,-99.8,-99.8
2023-11-03 19:00:00,1008.3,23.4,85.0,0.8,343.0,1.6,354.0,0.0,-99.8,-99.8,-99.8,-99.8,-99.8,-99.8,-99.8
2023-11-03 20:00:00,1008.7,23.0,85.0,0.7,13.0,1.8,8.0,0.0,-99.8,-99.8,-99.8,-99.8,-99.8,-99.8,-99.8
2023-11-03 21:00:00,1008.9,22.8,85.0,0.6,348.0,2.1,10.0,0.0,-99.8,-99.8,-99.8,-99.8,-99.8,-99.8,-99.8
2023-11-03 22:00:00,1008.7,23.0,78.0,1.4,18.0,3.1,356.0,0.0,-99.8,-99.8,-99.8,-99.8,-99.8,-99.8,-99.8
2023-11-03 23:00:00,1008.8,22.8,78.0,1.0,16.0,2.5,17.0,0.0,-99.8,-99.8,-99.8,-99.8,-99.8,-99.8,-99.8
2023-11-04 00:00:00,1008.4,22.5,78.0,1.0,16.0,2.2,14.0,0.0,-99.8,-99.8,-99.8,-99.8,-99.8,-99.8,-99.8
2023-11-04 01:00:00,1008.1,22.3,81.0,0.7,2.0,2.4,14.0,0.0,-99.8,-99.8,-99.8,-99.8,-99.8,-99.8,-99.8
2023-11-04 02:00:00,1007.8,22.4,80.0,0.9,13.0,2.2,355.0,0.0,-99.8,-99.8,-99.8,-99.8,-99.8,-99.8,-99.8
2023-11-04 03:00:00,1007.7,22.4,84.0,0.7,12.0,2.3,4.0,0.0,-99.8,-99.8,-99.8,-99.8,-99.8,-99.8,-99.8
2023-11-04 04:00:00,1007.6,22.0,80.0,0.9,16.0,2.3,5.0,0.0,-99.8,-99.8,-99.8,-99.8,-99.8,-99.8,-99.8
2023-11-04 05:00:00,1007.6,22.1,76.0,0.9,353.0,2.1,23.0,0.0,-99.8,-99.8,-99.8,-99.8,-99.8,-99.8,-99.8
2023-11-04 06:00:00,1008.2,22.4,72.0,0.9,351.0,2.6,341.0,0.0,-99.8,-99.8,-99.8,-99.8,-99.8,-99.8,-99.8
2023-11-04 07:00:00,1008.7,23.7,69.0,1.1,11.0,2.1,27.0,0.0,-99.8,-99.8,-99.8,-99.8,-99.8,-99.8,-99.8
2023-11-04 08:00:00,1009.3,26.1,66.0,0.9,221.0,2.2,8.0,0.0,-99.8,-99.8,-99.8,-99.8,-99.8,-99.8,-99.8
2023-11-04 09:00:00,1009.4,28.2,55.0,1.9,195.0,3.1,196.0,0.0,-99.8,-99.8,-99.8,-99.8,-99.8,-99.8,-99.8
2023-11-04 10:00:00,1009.6,28.7,60.0,1.7,148.0,3.0,153.0,0.0,-99.8,-99.8,-99.8,-99.8,-99.8,-99.8,-99.8
2023-11-04 11:00:00,1009.2,29.9,57.0,1.0,181.0,3.0,164.0,0.0,-99.8,-99.8,-99.8,-99.8,-99.8,-99.8,-99.8
2023-11-04 12:00:00,1008.7,29.8,65.0,1.0,176.0,3.0,162.0,0.0,-99.8,-99.8,-99.8,-99.8,-99.8,-99.8,-99.8
2023-11-04 13:00:00,1007.7,26.9,78.0,0.9,192.0,2.8,162.0,0.0,-99.8,-99.8,-99.8,-99.8,-99.8,-99.8,-99.8
2023-11-04 14:00:00,1007.3,27.5,75.0,0.9,199.0,2.1,217.0,0.0,-99.8,-99.8,-99.8,-99.8,-99.8,-99.8,-99.8
2023-11-04 15:00:00,1007.2,28.7,71.0,0.6,220.0,1.8,155.0,0.0,-99.8,-99.8,-99.8,-99.8,-99.8,-99.8,-99.8
2023-11-04 16:00:00,1007.8,25.2,83.0,0.9,227.0,2.0,157.0,0.0,-99.8,-99.8,-99.8,-99.8,-99.8,-99.8,-99.8
2023-11-04 17:00:00,1008.3,24.3,87.0,0.4,332.0,3.3,228.0,0.0,-99.8,-99.8,-99.8,-99.8,-99.8,-99.8,-99.8
2023-11-04 18:00:00,1008.5,23.6,89.0,0.5,8.0,1.2,6.0,0.0,-99.8,-99.8,-99.8,-99.8,-99.8,-99.8,-99.8
2023-11-04 19:00:00,1008.8,23.3,87.0,0.6,13.0,1.5,26.0,0.0,-99.8,-99.8,-99.8,-99.8,-99.8,-99.8,-99.8
2023-11-04 20:00:00,1009.2,23.2,83.0,0.9,19.0,1.7,357.0,0.0,-99.8,-99.8,-99.8,-99.8,-99.8,-99.8,-99.8
2023-11-04 21:00:00,1009.5,23.0,82.0,0.7,4.0,1.6,24.0,0.0,-99.8,-99.8,-99.8,-99.8,-99.8,-99.8,-99.8
2023-11-04 22:00:00,1009.6,22.9,85.0,0.7,2.0,1.6,25.0,0.0,-99.8,-99.8,-99.8,-99.8,-99.8,-99.8,-99.8
2023-11-04 23:00:00,1009.4,23.2,82.0,0.8,1.0,2.2,23.0,0.0,-99.8,-99.8,-99.8,-99.8,-99.8,-99.8,-99.8
2023-11-05 00:00:00,1009.1,23.0,82.0,0.7,4.0,1.6,29.0,0.0,-99.8,-99.8,-99.8,-99.8,-99.8,-99.8,-99.8
2023-11-05 01:00:00,1008.5,22.9,79.0,1.0,18.0,2.1,4.0,0.0,-99.8,-99.8,-99.8,-99.8,-99.8,-99.8,-99.8
2023-11-05 02:00:00,1008.1,22.7,83.0,0.8,11.0,1.9,30.0,0.0,-99.8,-99.8,-99.8,-99.8,-99.8,-99.8,-99.8
2023-11-05 03:00:00,1007.9,22.5,81.0,0.5,347.0,2.5,330.0,0.0,-99.8,-99.8,-99.8,-99.8,-99.8,-99.8,-99.8
2023-11-05 04:00:00,1008.1,22.4,78.0,0.8,353.0,2.2,5.0,0.0,-99.8,-99.8,-99.8,-99.8,-99.8,-99.8,-99.8
2023-11-05 05:00:00,1008.5,22.5,79.0,0.8,359.0,2.0,25.0,0.0,-99.8,-99.8,-99.8,-99.8,-99.8,-99.8,-99.8
2023-11-05 06:00:00,1008.8,23.3,79.0,0.7,331.0,1.9,24.0,0.0,-99.8,-99.8,-99.8,-99.8,-99.8,-99.8,-99.8
2023-11-05 07:00:00,1009.5,23.3,82.0,0.7,360.0,1.4,307.0,0.0,-99.8,-99.8,-99.8,-99.8,-99.8,-99.8,-99.8
2023-11-05 08:00:00,1009.8,24.2,83.0,0.6,6.0,1.6,25.0,0.0,-99.8,-99.8,-99.8,-99.8,-99.8,-99.8,-99.8
2023-11-05 09:00:00,1010.1,25.3,81.0,0.3,140.0,1.7,127.0,0.0,-99.8,-99.8,-99.8,-99.8,-99.8,-99.8,-99.8
2023-11-05 10:00:00,1010.0,25.4,85.0,1.8,203.0,3.9,206.0,0.0,-99.8,-99.8,-99.8,-99.8,-99.8,-99.8,-99.8
2023-11-05 11:00:00,1009.7,24.7,87.0,2.3,204.0,4.5,204.0,0.0,-99.8,-99.8,-99.8,-99.8,-99.8,-99.8,-99.8
2023-11-05 12:00:00,1008.9,24.9,86.0,0.5,198.0,5.1,207.0,0.0,-99.8,-99.8,-99.8,-99.8,-99.8,-99.8,-99.8
2023-11-05 13:00:00,1008.0,25.8,82.0,2.1,197.0,4.5,205.0,0.0,-99.8,-99.8,-99.8,-99.8,-99.8,-99.8,-99.8
2023-11-05 14:00:00,1007.9,25.8,78.0,1.2,197.0,4.3,211.0,0.0,-99.8,-99.8,-99.8,-99.8,-99.8,-99.8,-99.8
2023-11-05 15:00:00,1007.6,25.1,82.0,1.1,11.0,3.2,178.0,0.0,-99.8,-99.8,-99.8,-99.8,-99.8,-99.8,-99.8
2023-11-05 16:00:00,1007.5,25.5,79.0,0.7,354.0,2.9,343.0,0.0,-99.8,-99.8,-99.8,-99.8,-99.8,-99.8,-99.8
2023-11-05 17:00:00,1007.9,24.6,84.0,0.5,355.0,1.6,15.0,0.0,-99.8,-99.8,-99.8,-99.8,-99.8,-99.8,-99.8
2023-11-05 18:00:00,1008.4,24.4,85.0,0.5,8.0,1.8,19.0,0.0,-99.8,-99.8,-99.8,-99.8,-99.8,-99.8,-99.8
2023-11-05 19:00:00,1008.9,24.8,81.0,0.4,355.0,2.2,334.0,0.0,-99.8,-99.8,-99.8,-99.8,-99.8,-99.8,-99.8
2023-11-05 20:00:00,1009.3,23.9,85.0,0.6,10.0,2.4,27.0,0.0,-99.8,-99.8,-99.8,-99.8,-99.8,-99.8,-99.8
2023-11-05 21:00:00,1009.7,23.6,86.0,0.7,345.0,2.1,11.0,0.0,-99.8,-99.8,-99.8,-99.8,-99.8,-99.8,-99.8
2023-11-05 22:00:00,1009.6,24.3,84.0,0.6,7.0,2.6,4.0,0.0,-99.8,-99.8,-99.8,-99.8,-99.8,-99.8,-99.8
2023-11-05 23:00:00,1009.1,23.9,89.0,0.8,15.0,2.3,4.0,0.0,-99.8,-99.8,-99.8,-99.8,-99.8,-99.8,-99.8
2023-11-06 00:00:00,1008.8,23.8,89.0,0.5,350.0,1.7,27.0,0.0,-99.8,-99.8,-99.8,-99.8,-99.8,-99.8,-99.8
2023-11-06 01:00:00,1008.4,23.5,89.0,0.9,14.0,2.1,14.0,0.0,-99.8,-99.8,-99.8,-99.8,-99.8,-99.8,-99.8
2023-11-06 02:00:00,1007.8,23.5,87.0,1.0,8.0,2.5,5.0,0.0,-99.8,-99.8,-99.8,-99.8,-99.8,-99.8,-99.8
2023-11-06 03:00:00,1007.6,23.3,87.0,0.8,7.0,2.1,31.0,0.0,-99.8,-99.8,-99.8,-99.8,-99.8,-99.8,-99.8
2023-11-06 04:00:00,1007.5,22.9,88.0,0.6,352.0,1.8,20.0,0.0,-99.8,-99.8,-99.8,-99.8,-99.8,-99.8,-99.8
2023-11-06 05:00:00,1008.0,22.8,89.0,0.4,330.0,1.6,335.0,0.0,-99.8,-99.8,-99.8,-99.8,-99.8,-99.8,-99.8
2023-11-06 06:00:00,1008.5,22.9,88.0,0.7,356.0,2.0,1.0,0.0,-99.8,-99.8,-99.8,-99.8,-99.8,-99.8,-99.8
2023-11-06 07:00:00,1009.2,24.6,80.0,1.1,11.0,2.5,343.0,0.0,-99.8,-99.8,-99.8,-99.8,-99.8,-99.8,-99.8
2023-11-06 08:00:00,1009.7,27.6,72.0,0.3,171.0,1.8,354.0,0.0,-99.8,-99.8,-99.8,-99.8,-99.8,-99.8,-99.8
2023-11-06 09:00:00,1010.3,29.7,62.0,0.8,138.0,2.0,152.0,0.0,-99.8,-99.8,-99.8,-99.8,-99.8,-99.8,-99.8
2023-11-06 10:00:00,1010.2,30.1,63.0,0.7,144.0,2.3,171.0,0.0,-99.8,-99.8,-99.8,-99.8,-99.8,-99.8,-99.8
2023-11-06 11:00:00,1009.6,30.8,62.0,0.9,144.0,2.4,148.0,0.0,-99.8,-99.8,-99.8,-99.8,-99.8,-99.8,-99.8
2023-11-06 12:00:00,1009.0,29.8,65.0,1.5,188.0,2.5,156.0,0.0,-99.8,-99.8,-99.8,-99.8,-99.8,-99.8,-99.8
2023-11-06 13:00:00,1008.5,30.2,67.0,1.2,172.0,2.4,198.0,0.0,-99.8,-99.8,-99.8,-99.8,-99.8,-99.8,-99.8
2023-11-06 14:00:00,1008.1,26.8,82.0,0.6,154.0,1.5,151.0,0.0,-99.8,-99.8,-99.8,-99.8,-99.8,-99.8,-99.8
2023-11-06 15:00:00,1008.2,26.9,82.0,0.3,140.0,1.7,136.0,0.0,-99.8,-99.8,-99.8,-99.8,-99.8,-99.8,-99.8
2023-11-06 16:00:00,1008.5,26.5,83.0,0.3,148.0,1.2,211.0,0.0,-99.8,-99.8,-99.8,-99.8,-99.8,-99.8,-99.8
2023-11-06 17:00:00,1008.9,25.2,87.0,0.2,0.0,1.1,35.0,0.0,-99.8,-99.8,-99.8,-99.8,-99.8,-99.8,-99.8
2023-11-06 18:00:00,1009.6,25.1,87.0,0.5,4.0,1.0,19.0,0.0,-99.8,-99.8,-99.8,-99.8,-99.8,-99.8,-99.8
2023-11-06 19:00:00,1010.5,24.9,87.0,0.5,346.0,1.0,1.0,0.0,-99.8,-99.8,-99.8,-99.8,-99.8,-99.8,-99.8
2023-11-06 20:00:00,1011.0,24.5,89.0,0.6,351.0,2.0,239.0,0.0,-99.8,-99.8,-99.8,-99.8,-99.8,-99.8,-99.8
2023-11-06 21:00:00,1011.6,24.2,90.0,0.4,3.0,1.6,315.0,0.0,-99.8,-99.8,-99.8,-99.8,-99.8,-99.8,-99.8
2023-11-06 22:00:00,1011.6,24.3,90.0,0.3,4.0,1.4,14.0,0.0,-99.8,-99.8,-99.8,-99.8,-99.8,-99.8,-99.8
2023-11-06 23:00:00,1011.7,24.2,89.0,0.3,256.0,1.0,15.0,0.0,-99.8,-99.8,-99.8,-99.8,-99.8,-99.8,-99.8
2023-11-07 00:00:00,1011.4,24.2,90.0,0.3,360.0,1.5,25.0,0.0,-99.8,-99.8,-99.8,-99.8,-99.8,-99.8,-99.8
2023-11-07 01:00:00,1011.0,24.1,84.0,0.4,306.0,3.1,243.0,0.0,-99.8,-99.8,-99.8,-99.8,-99.8,-99.8,-99.8
2023-11-07 02:00:00,1010.9,23.9,84.0,0.7,322.0,2.5,247.0,0.0,-99.8,-99.8,-99.8,-99.8,-99.8,-99.8,-99.8
2023-11-07 03:00:00,1011.0,23.7,83.0,0.5,315.0,5.0,224.0,0.0,-99.8,-99.8,-99.8,-99.8,-99.8,-99.8,-99.8
2023-11-07 04:00:00,1011.1,23.2,83.0,0.5,336.0,1.7,282.0,0.0,-99.8,-99.8,-99.8,-99.8,-99.8,-99.8,-99.8
2023-11-07 05:00:00,1011.3,22.3,90.0,0.4,353.0,1.5,295.0,0.0,-99.8,-99.8,-99.8,-99.8,-99.8,-99.8,-99.8
2023-11-07 06:00:00,1012.0,22.2,90.0,0.5,5.0,1.5,15.0,0.0,-99.8,-99.8,-99.8,-99.8,-99.8,-99.8,-99.8
2023-11-07 07:00:00,1012.8,22.2,87.0,0.3,295.0,1.9,277.0,0.0,-99.8,-99.8,-99.8,-99.8,-99.8,-99.8,-99.8
2023-11-07 08:00:00,1013.3,22.6,81.0,0.4,249.0,2.8,266.0,0.0,-99.8,-99.8,-99.8,-99.8,-99.8,-99.8,-99.8
2023-11-07 09:00:00,1014.0,22.9,74.0,0.9,256.0,2.9,275.0,0.0,-99.8,-99.8,-99.8,-99.8,-99.8,-99.8,-99.8
2023-11-07 10:00:00,1013.9,23.1,68.0,1.0,337.0,3.2,213.0,0.0,-99.8,-99.8,-99.8,-99.8,-99.8,-99.8,-99.8
2023-11-07 11:00:00,1013.6,22.7,69.0,1.3,260.0,4.1,291.0,0.0,-99.8,-99.8,-99.8,-99.8,-99.8,-99.8,-99.8
2023-11-07 12:00:00,1012.9,22.7,67.0,1.0,285.0,3.4,264.0,0.0,-99.8,-99.8,-99.8,-99.8,-99.8,-99.8,-99.8
2023-11-07 13:00:00,1012.3,23.1,68.0,2.9,219.0,5.5,217.0,0.0,-99.8,-99.8,-99.8,-99.8,-99.8,-99.8,-99.8
2023-11-07 14:00:00,1012.2,22.8,67.0,0.8,257.0,4.2,249.0,0.0,-99.8,-99.8,-99.8,-99.8,-99.8,-99.8,-99.8
2023-11-07 15:00:00,1012.3,22.6,74.0,0.3,18.0,2.7,278.0,0.0,-99.8,-99.8,-99.8,-99.8,-99.8,-99.8,-99.8
2023-11-07 16:00:00,1012.5,22.3,76.0,0.4,290.0,1.8,246.0,0.0,-99.8,-99.8,-99.8,-99.8,-99.8,-99.8,-99.8
2023-11-07 17:00:00,1013.1,21.7,79.0,0.3,3.0,1.9,239.0,0.0,-99.8,-99.8,-99.8,-99.8,-99.8,-99.8,-99.8
2023-11-07 18:00:00,1013.4,21.6,75.0,0.6,333.0,1.2,315.0,0.0,-99.8,-99.8,-99.8,-99.8,-99.8,-99.8,-99.8
2023-11-07 19:00:00,1014.0,21.6,76.0,0.6,340.0,1.4,5.0,0.0,-99.8,-99.8,-99.8,-99.8,-99.8,-99.8,-99.8
2023-11-07 20:00:00,1014.1,21.5,77.0,0.5,354.0,1.1,28.0,0.0,-99.8,-99.8,-99.8,-99.8,-99.8,-99.8,-99.8
2023-11-07 21:00:00,1013.8,21.4,78.0,0.4,355.0,1.2,341.0,0.0,-99.8,-99.8,-99.8,-99.8,-99.8,-99.8,-99.8
2023-11-07 22:00:00,1013.8,21.3,77.0,0.3,352.0,1.0,322.0,0.0,-99.8,-99.8,-99.8,-99.8,-99.8,-99.8,-99.8
2023-11-07 23:00:00,1013.3,21.4,76.0,0.5,355.0,1.2,326.0,0.0,-99.8,-99.8,-99.8,-99.8,-99.8,-99.8,-99.8
2023-11-08 00:00:00,1012.6,21.5,76.0,0.4,355.0,1.1,359.0,0.0,-99.8,-99.8,-99.8,-99.8,-99.8,-99.8,-99.8
2023-11-08 01:00:00,1012.5,21.6,76.0,0.5,352.0,1.1,343.0,0.0,-99.8,-99.8,-99.8,-99.8,-99.8,-99.8,-99.8
2023-11-08 02:00:00,1011.6,21.6,77.0,0.6,346.0,1.2,23.0,0.0,-99.8,-99.8,-99.8,-99.8,-99.8,-99.8,-99.8
2023-11-08 03:00:00,1011.2,21.6,77.0,0.5,359.0,1.4,333.0,0.0,-99.8,-99.8,-99.8,-99.8,-99.8,-99.8,-99.8
2023-11-08 04:00:00,1010.9,21.5,78.0,0.6,7.0,1.3,11.0,0.0,-99.8,-99.8,-99.8,-99.8,-99.8,-99.8,-99.8
2023-11-08 05:00:00,1010.9,21.4,79.0,0.6,12.0,1.8,336.0,0.0,-99.8,-99.8,-99.8,-99.8,-99.8,-99.8,-99.8
2023-11-08 06:00:00,1011.2,21.5,76.0,0.7,344.0,1.5,20.0,0.0,-99.8,-99.8,-99.8,-99.8,-99.8,-99.8,-99.8
2023-11-08 07:00:00,1011.6,22.6,77.0,0.2,0.0,1.3,15.0,0.0,-99.8,-99.8,-99.8,-99.8,-99.8,-99.8,-99.8
2023-11-08 08:00:00,1012.0,26.3,65.0,0.5,123.0,1.4,46.0,0.0,-99.8,-99.8,-99.8,-99.8,-99.8,-99.8,-99.8
2023-11-08 09:00:00,1012.7,26.7,61.0,0.6,155.0,1.4,156.0,0.0,-99.8,-99.8,-99.8,-99.8,-99.8,-99.8,-99.8
2023-11-08 10:00:00,1012.7,26.0,66.0,0.4,180.0,1.4,163.0,0.0,-99.8,-99.8,-99.8,-99.8,-99.8,-99.8,-99.8
2023-11-08 11:00:00,1012.0,26.3,66.0,0.5,134.0,2.2,144.0,0.0,-99.8,-99.8,-99.8,-99.8,-99.8,-99.8,-99.8
2023-11-08 12:00:00,1011.2,25.8,66.0,0.6,149.0,1.7,203.0,0.0,-99.8,-99.8,-99.8,-99.8,-99.8,-99.8,-99.8
2023-11-08 13:00:00,1010.1,26.2,64.0,0.7,192.0,1.6,207.0,0.0,-99.8,-99.8,-99.8,-99.8,-99.8,-99.8,-99.8
2023-11-08 14:00:00,1009.5,26.1,61.0,0.7,182.0,1.9,223.0,0.0,-99.8,-99.8,-99.8,-99.8,-99.8,-99.8,-99.8
2023-11-08 15:00:00,1009.7,24.8,67.0,0.9,199.0,1.8,226.0,0.0,-99.8,-99.8,-99.8,-99.8,-99.8,-99.8,-99.8
2023-11-08 16:00:00,1009.9,24.5,74.0,0.3,222.0,1.6,229.0,0.0,-99.8,-99.8,-99.8,-99.8,-99.8,-99.8,-99.8
2023-11-08 17:00:00,1010.0,23.4,78.0,0.5,4.0,1.4,282.0,0.0,-99.8,-99.8,-99.8,-99.8,-99.8,-99.8,-99.8
2023-11-08 18:00:00,1010.6,23.2,78.0,0.3,343.0,1.6,8.0,0.0,-99.8,-99.8,-99.8,-99.8,-99.8,-99.8,-99.8
2023-11-08 19:00:00,1011.4,23.1,80.0,0.4,7.0,1.2,5.0,0.0,-99.8,-99.8,-99.8,-99.8,-99.8,-99.8,-99.8
2023-11-08 20:00:00,1011.8,23.1,80.0,0.5,4.0,1.5,22.0,0.0,-99.8,-99.8,-99.8,-99.8,-99.8,-99.8,-99.8
2023-11-08 21:00:00,1012.1,23.1,78.0,0.6,338.0,1.2,360.0,0.0,-99.8,-99.8,-99.8,-99.8,-99.8,-99.8,-99.8
2023-11-08 22:00:00,1012.2,23.1,80.0,0.4,357.0,1.1,354.0,0.0,-99.8,-99.8,-99.8,-99.8,-99.8,-99.8,-99.8
2023-11-08 23:00:00,1012.0,23.1,82.0,0.4,353.0,1.2,35.0,0.0,-99.8,-99.8,-99.8,-99.8,-99.8,-99.8,-99.8
2023-11-09 00:00:00,1011.4,23.0,83.0,0.4,6.0,1.6,344.0,0.0,-99.8,-99.8,-99.8,-99.8,-99.8,-99.8,-99.8
2023-11-09 01:00:00,1011.0,23.0,83.0,0.4,360.0,1.5,19.0,0.0,-99.8,-99.8,-99.8,-99.8,-99.8,-99.8,-99.8
2023-11-09 02:00:00,1010.7,22.9,83.0,0.5,337.0,1.1,23.0,0.0,-99.8,-99.8,-99.8,-99.8,-99.8,-99.8,-99.8
2023-11-09 03:00:00,1010.2,22.9,84.0,0.4,353.0,1.2,340.0,0.0,-99.8,-99.8,-99.8,-99.8,-99.8,-99.8,-99.8
2023-11-09 04:00:00,1009.9,22.3,85.0,0.4,345.0,1.4,32.0,0.0,-99.8,-99.8,-99.8,-99.8,-99.8,-99.8,-99.8
2023-11-09 05:00:00,1009.9,22.2,82.0,0.7,8.0,2.3,26.0,0.0,-99.8,-99.8,-99.8,-99.8,-99.8,-99.8,-99.8
2023-11-09 06:00:00,1010.4,21.9,83.0,0.8,351.0,2.3,25.0,0.0,-99.8,-99.8,-99.8,-99.8,-99.8,-99.8,-99.8
2023-11-09 07:00:00,1011.0,23.3,79.0,0.7,12.0,1.6,31.0,0.0,-99.8,-99.8,-99.8,-99.8,-99.8,-99.8,-99.8
2023-11-09 08:00:00,1011.4,27.1,68.0,0.6,165.0,1.9,4.0,0.0,-99.8,-99.8,-99.8,-99.8,-99.8,-99.8,-99.8
2023-11-09 09:00:00,1011.6,28.8,60.0,0.9,175.0,3.1,216.0,0.0,-99.8,-99.8,-99.8,-99.8,-99.8,-99.8,-99.8
2023-11-09 10:00:00,1011.7,27.2,66.0,1.4,201.0,3.3,223.0,0.0,-99.8,-99.8,-99.8,-99.8,-99.8,-99.8,-99.8
2023-11-09 11:00:00,1010.9,29.2,59.0,1.8,197.0,4.0,201.0,0.0,-99.8,-99.8,-99.8,-99.8,-99.8,-99.8,-99.8
2023-11-09 12:00:00,1010.2,28.4,66.0,1.9,198.0,3.8,209.0,0.0,-99.8,-99.8,-99.8,-99.8,-99.8,-99.8,-99.8
2023-11-09 13:00:00,1009.0,26.3,73.0,1.5,201.0,3.7,201.0,0.0,-99.8,-99.8,-99.8,-99.8,-99.8,-99.8,-99.8
2023-11-09 14:00:00,1008.5,25.6,76.0,1.5,199.0,3.4,201.0,0.0,-99.8,-99.8,-99.8,-99.8,-99.8,-99.8,-99.8
2023-11-09 15:00:00,1008.4,25.2,77.0,1.0,191.0,2.9,196.0,0.0,-99.8,-99.8,-99.8,-99.8,-99.8,-99.8,-99.8
2023-11-09 16:00:00,1008.6,25.1,79.0,0.3,142.0,2.9,205.0,0.0,-99.8,-99.8,-99.8,-99.8,-99.8,-99.8,-99.8
2023-11-09 17:00:00,1009.0,24.7,81.0,0.4,115.0,2.8,116.0,0.0,-99.8,-99.8,-99.8,-99.8,-99.8,-99.8,-99.8
2023-11-09 18:00:00,1009.5,24.4,83.0,0.4,9.0,2.2,56.0,0.0,-99.8,-99.8,-99.8,-99.8,-99.8,-99.8,-99.8
2023-11-09 19:00:00,1010.0,24.2,82.0,0.4,316.0,1.5,33.0,0.0,-99.8,-99.8,-99.8,-99.8,-99.8,-99.8,-99.8
2023-11-09 20:00:00,1010.5,24.5,81.0,0.3,343.0,1.9,356.0,0.0,-99.8,-99.8,-99.8,-99.8,-99.8,-99.8,-99.8
2023-11-09 21:00:00,1010.9,24.1,82.0,0.5,355.0,1.0,20.0,0.0,-99.8,-99.8,-99.8,-99.8,-99.8,-99.8,-99.8
2023-11-09 22:00:00,1010.8,24.1,81.0,0.5,341.0,1.5,25.0,0.0,-99.8,-99.8,-99.8,-99.8,-99.8,-99.8,-99.8
2023-11-09 23:00:00,1010.7,24.0,82.0,0.6,15.0,1.3,5.0,0.0,-99.8,-99.8,-99.8,-99.8,-99.8,-99.8,-99.8
2023-11-10 00:00:00,1010.4,23.7,83.0,0.6,344.0,1.4,25.0,0.0,-99.8,-99.8,-99.8,-99.8,-99.8,-99.8,-99.8
2023-11-10 01:00:00,1010.0,23.1,83.0,0.7,1.0,2.0,22.0,0.0,-99.8,-99.8,-99.8,-99.8,-99.8,-99.8,-99.8
2023-11-10 02:00:00,1009.6,23.2,80.0,0.7,340.0,2.1,348.0,0.0,-99.8,-99.8,-99.8,-99.8,-99.8,-99.8,-99.8
2023-11-10 03:00:00,1009.4,23.0,81.0,0.9,356.0,1.5,307.0,0.0,-99.8,-99.8,-99.8,-99.8,-99.8,-99.8,-99.8
2023-11-10 04:00:00,1009.3,22.6,83.0,0.7,344.0,1.4,358.0,0.0,-99.8,-99.8,-99.8,-99.8,-99.8,-99.8,-99.8
2023-11-10 05:00:00,1009.8,22.7,86.0,0.9,347.0,1.5,2.0,0.0,-99.8,-99.8,-99.8,-99.8,-99.8,-99.8,-99.8
2023-11-10 06:00:00,1010.3,22.4,83.0,0.7,345.0,1.5,328.0,0.0,-99.8,-99.8,-99.8,-99.8,-99.8,-99.8,-99.8
2023-11-10 07:00:00,1010.8,24.1,79.0,0.4,16.0,1.6,8.0,0.0,-99.8,-99.8,-99.8,-99.8,-99.8,-99.8,-99.8
2023-11-10 08:00:00,1011.1,28.2,71.0,0.6,175.0,1.4,197.0,0.0,-99.8,-99.8,-99.8,-99.8,-99.8,-99.8,-99.8
2023-11-10 09:00:00,1011.7,29.4,61.0,1.0,185.0,2.0,138.0,0.0,-99.8,-99.8,-99.8,-99.8,-99.8,-99.8,-99.8
2023-11-10 10:00:00,1011.9,30.0,62.0,1.2,148.0,2.7,214.0,0.0,-99.8,-99.8,-99.8,-99.8,-99.8,-99.8,-99.8
2023-11-10 11:00:00,1011.6,30.1,61.0,0.9,163.0,2.4,143.0,0.0,-99.8,-99.8,-99.8,-99.8,-99.8,-99.8,-99.8
2023-11-10 12:00:00,1011.1,30.3,64.0,1.0,167.0,2.3,140.0,0.0,-99.8,-99.8,-99.8,-99.8,-99.8,-99.8,-99.8
2023-11-10 13:00:00,1010.3,27.2,77.0,2.4,206.0,5.3,216.0,0.0,-99.8,-99.8,-99.8,-99.8,-99.8,-99.8,-99.8
2023-11-10 14:00:00,1009.6,26.4,81.0,1.9,234.0,4.9,238.0,0.0,-99.8,-99.8,-99.8,-99.8,-99.8,-99.8,-99.8
2023-11-10 15:00:00,1009.5,25.9,82.0,2.5,238.0,4.9,232.0,0.0,-99.8,-99.8,-99.8,-99.8,-99.8,-99.8,-99.8
2023-11-10 16:00:00,1009.5,25.8,81.0,0.9,239.0,4.4,287.0,0.0,-99.8,-99.8,-99.8,-99.8,-99.8,-99.8,-99.8
2023-11-10 17:00:00,1010.3,25.4,81.0,0.4,333.0,2.7,222.0,0.0,-99.8,-99.8,-99.8,-99.8,-99.8,-99.8,-99.8
2023-11-10 18:00:00,1010.7,25.2,82.0,0.6,86.0,3.7,301.0,0.0,-99.8,-99.8,-99.8,-99.8,-99.8,-99.8,-99.8
2023-11-10 19:00:00,1011.6,24.7,84.0,0.5,323.0,1.5,233.0,0.0,-99.8,-99.8,-99.8,-99.8,-99.8,-99.8,-99.8
2023-11-10 20:00:00,1012.0,24.3,88.0,0.2,0.0,1.8,244.0,0.0,-99.8,-99.8,-99.8,-99.8,-99.8,-99.8,-99.8
2023-11-10 21:00:00,1012.3,23.8,92.0,0.5,24.0,2.5,230.0,0.0,-99.8,-99.8,-99.8,-99.8,-99.8,-99.8,-99.8
2023-11-10 22:00:00,1012.3,23.8,92.0,0.2,0.0,1.6,242.0,0.0,-99.8,-99.8,-99.8,-99.8,-99.8,-99.8,-99.8
2023-11-10 23:00:00,1012.5,23.8,91.0,0.6,322.0,1.9,330.0,0.0,-99.8,-99.8,-99.8,-99.8,-99.8,-99.8,-99.8
2023-11-11 00:00:00,1012.4,23.5,92.0,0.4,252.0,2.5,239.0,0.0,-99.8,-99.8,-99.8,-99.8,-99.8,-99.8,-99.8
2023-11-11 01:00:00,1012.0,23.3,94.0,0.2,0.0,1.7,248.0,0.0,-99.8,-99.8,-99.8,-99.8,-99.8,-99.8,-99.8
2023-11-11 02:00:00,1011.6,23.1,94.0,0.2,0.0,0.9,36.0,0.0,-99.8,-99.8,-99.8,-99.8,-99.8,-99.8,-99.8
2023-11-11 03:00:00,1011.1,23.5,91.0,0.2,0.0,2.6,33.0,0.0,-99.8,-99.8,-99.8,-99.8,-99.8,-99.8,-99.8
2023-11-11 04:00:00,1011.2,22.9,94.0,0.5,354.0,1.2,259.0,0.0,-99.8,-99.8,-99.8,-99.8,-99.8,-99.8,-99.8
2023-11-11 05:00:00,1011.5,22.9,94.0,0.4,332.0,0.8,9.0,0.0,-99.8,-99.8,-99.8,-99.8,-99.8,-99.8,-99.8
2023-11-11 06:00:00,1012.1,23.1,93.0,0.3,313.0,1.0,324.0,0.0,-99.8,-99.8,-99.8,-99.8,-99.8,-99.8,-99.8
2023-11-11 07:00:00,1012.4,23.4,92.0,0.5,22.0,1.0,29.0,0.0,-99.8,-99.8,-99.8,-99.8,-99.8,-99.8,-99.8
2023-11-11 08:00:00,1013.0,24.2,85.0,0.9,208.0,2.4,210.0,0.0,-99.8,-99.8,-99.8,-99.8,-99.8,-99.8,-99.8
2023-11-11 09:00:00,1013.5,25.9,81.0,0.3,96.0,3.1,216.0,0.0,-99.8,-99.8,-99.8,-99.8,-99.8,-99.8,-99.8
2023-11-11 10:00:00,1013.3,25.7,78.0,1.2,195.0,2.8,268.0,0.0,-99.8,-99.8,-99.8,-99.8,-99.8,-99.8,-99.8
2023-11-11 11:00:00,1012.5,26.1,74.0,2.9,229.0,5.2,228.0,0.0,-99.8,-99.8,-99.8,-99.8,-99.8,-99.8,-99.8
2023-11-11 12:00:00,1011.7,26.7,73.0,1.4,153.0,5.3,207.0,0.0,-99.8,-99.8,-99.8,-99.8,-99.8,-99.8,-99.8
2023-11-11 13:00:00,1011.1,25.3,81.0,0.7,151.0,3.7,211.0,0.0,-99.8,-99.8,-99.8,-99.8,-99.8,-99.8,-99.8
2023-11-11 14:00:00,1010.5,24.8,84.0,1.0,196.0,2.3,217.0,0.0,-99.8,-99.8,-99.8,-99.8,-99.8,-99.8,-99.8
2023-11-11 15:00:00,1010.4,24.3,87.0,0.0,0.0,2.6,251.0,0.0,-99.8,-99.8,-99.8,-99.8,-99.8,-99.8,-99.8
2023-11-11 16:00:00,1010.6,24.1,84.0,0.9,265.0,3.7,215.0,0.0,-99.8,-99.8,-99.8,-99.8,-99.8,-99.8,-99.8
2023-11-11 17:00:00,1011.1,23.7,84.0,0.6,273.0,2.1,292.0,0.0,-99.8,-99.8,-99.8,-99.8,-99.8,-99.8,-99.8
2023-11-11 18:00:00,1011.7,23.3,87.0,0.5,263.0,2.0,262.0,0.0,-99.8,-99.8,-99.8,-99.8,-99.8,-99.8,-99.8
2023-11-11 19:00:00,1012.3,23.0,89.0,0.1,0.0,1.2,61.0,0.0,-99.8,-99.8,-99.8,-99.8,-99.8,-99.8,-99.8
2023-11-11 20:00:00,1012.9,23.0,88.0,0.3,341.0,1.5,267.0,0.0,-99.8,-99.8,-99.8,-99.8,-99.8,-99.8,-99.8
2023-11-11 21:00:00,1013.4,23.2,86.0,0.5,13.0,1.9,303.0,0.0,-99.8,-99.8,-99.8,-99.8,-99.8,-99.8,-99.8
2023-11-11 22:00:00,1013.5,23.0,85.0,0.7,278.0,2.1,292.0,0.0,-99.8,-99.8,-99.8,-99.8,-99.8,-99.8,-99.8
2023-11-11 23:00:00,1013.4,22.4,91.0,0.5,314.0,1.2,267.0,0.0,-99.8,-99.8,-99.8,-99.8,-99.8,-99.8,-99.8
2023-11-12 00:00:00,1013.1,22.4,91.0,0.3,315.0,0.9,298.0,0.0,-99.8,-99.8,-99.8,-99.8,-99.8,-99.8,-99.8
2023-11-12 01:00:00,1012.8,22.5,90.0,0.2,0.0,1.3,277.0,0.0,-99.8,-99.8,-99.8,-99.8,-99.8,-99.8,-99.8
2023-11-12 02:00:00,1012.3,22.2,91.0,0.3,334.0,1.4,298.0,0.0,-99.8,-99.8,-99.8,-99.8,-99.8,-99.8,-99.8
2023-11-12 03:00:00,1012.1,22.3,90.0,0.0,0.0,0.9,303.0,0.0,-99.8,-99.8,-99.8,-99.8,-99.8,-99.8,-99.8
2023-11-12 04:00:00,1012.1,22.3,87.0,0.3,296.0,1.1,263.0,0.0,-99.8,-99.8,-99.8,-99.8,-99.8,-99.8,-99.8
2023-11-12 05:00:00,1012.3,22.2,89.0,0.4,319.0,1.2,291.0,0.0,-99.8,-99.8,-99.8,-99.8,-99.8,-99.8,-99.8
2023-11-12 06:00:00,1012.8,22.1,90.0,0.6,332.0,1.3,294.0,0.0,-99.8,-99.8,-99.8,-99.8,-99.8,-99.8,-99.8
2023-11-12 07:00:00,1013.4,22.9,87.0,0.4,15.0,1.0,311.0,0.0,-99.8,-99.8,-99.8,-99.8,-99.8,-99.8,-99.8
2023-11-12 08:00:00,1014.1,24.3,79.0,0.1,0.0,1.4,14.0,0.0,-99.8,-99.8,-99.8,-99.8,-99.8,-99.8,-99.8
2023-11-12 09:00:00,1014.8,25.2,76.0,1.7,165.0,5.7,129.0,0.0,-99.8,-99.8,-99.8,-99.8,-99.8,-99.8,-99.8
2023-11-12 10:00:00,1014.4,25.0,75.0,2.3,226.0,8.2,208.0,0.0,-99.8,-99.8,-99.8,-99.8,-99.8,-99.8,-99.8
2023-11-12 11:00:00,1013.9,24.3,78.0,3.1,231.0,8.2,230.0,0.0,-99.8,-99.8,-99.8,-99.8,-99.8,-99.8,-99.8
2023-11-12 12:00:00,1013.2,23.5,79.0,3.0,267.0,8.1,298.0,0.0,-99.8,-99.8,-99.8,-99.8,-99.8,-99.8,-99.8
2023-11-12 13:00:00,1012.5,23.8,77.0,2.2,317.0,9.1,297.0,0.0,-99.8,-99.8,-99.8,-99.8,-99.8,-99.8,-99.8
2023-11-12 14:00:00,1012.3,23.3,76.0,2.1,314.0,6.7,346.0,0.0,-99.8,-99.8,-99.8,-99.8,-99.8,-99.8,-99.8
2023-11-12 15:00:00,1012.3,23.0,79.0,0.4,259.0,6.2,348.0,0.0,-99.8,-99.8,-99.8,-99.8,-99.8,-99.8,-99.8
2023-11-12 16:00:00,1013.0,23.0,74.0,1.1,138.0,5.5,225.0,0.0,-99.8,-99.8,-99.8,-99.8,-99.8,-99.8,-99.8
2023-11-12 17:00:00,1014.0,22.6,76.0,0.7,290.0,3.1,339.0,0.0,-99.8,-99.8,-99.8,-99.8,-99.8,-99.8,-99.8
2023-11-12 18:00:00,1014.6,22.3,76.0,1.3,253.0,4.0,254.0,0.0,-99.8,-99.8,-99.8,-99.8,-99.8,-99.8,-99.8
2023-11-12 19:00:00,1015.7,22.1,78.0,0.9,238.0,2.9,221.0,0.0,-99.8,-99.8,-99.8,-99.8,-99.8,-99.8,-99.8
2023-11-12 20:00:00,1016.5,21.8,78.0,1.0,277.0,3.2,257.0,0.0,-99.8,-99.8,-99.8,-99.8,-99.8,-99.8,-99.8
2023-11-12 21:00:00,1017.0,21.5,83.0,0.8,233.0,3.1,213.0,0.0,-99.8,-99.8,-99.8,-99.8,-99.8,-99.8,-99.8
2023-11-12 22:00:00,1017.1,20.9,87.0,0.9,240.0,3.0,229.0,0.0,-99.8,-99.8,-99.8,-99.8,-99.8,-99.8,-99.8
2023-11-12 23:00:00,1017.4,21.0,87.0,0.6,269.0,2.4,271.0,0.0,-99.8,-99.8,-99.8,-99.8,-99.8,-99.8,-99.8
2023-11-13 00:00:00,1017.4,20.8,87.0,0.2,0.0,2.8,224.0,0.0,-99.8,-99.8,-99.8,-99.8,-99.8,-99.8,-99.8
2023-11-13 01:00:00,1016.8,20.8,87.0,0.2,0.0,1.9,260.0,0.0,-99.8,-99.8,-99.8,-99.8,-99.8,-99.8,-99.8
2023-11-13 02:00:00,1016.3,20.8,82.0,0.2,0.0,4.0,300.0,0.0,-99.8,-99.8,-99.8,-99.8,-99.8,-99.8,-99.8
2023-11-13 03:00:00,1016.1,20.9,84.0,0.3,21.0,3.6,141.0,0.0,-99.8,-99.8,-99.8,-99.8,-99.8,-99.8,-99.8
2023-11-13 04:00:00,1015.7,20.7,84.0,0.5,348.0,5.4,149.0,0.0,-99.8,-99.8,-99.8,-99.8,-99.8,-99.8,-99.8
2023-11-13 05:00:00,1015.8,21.4,71.0,1.4,278.0,4.3,237.0,0.0,-99.8,-99.8,-99.8,-99.8,-99.8,-99.8,-99.8
2023-11-13 06:00:00,1016.5,21.6,74.0,0.9,29.0,6.3,228.0,0.0,-99.8,-99.8,-99.8,-99.8,-99.8,-99.8,-99.8
2023-11-13 07:00:00,1017.3,21.0,75.0,0.8,254.0,4.1,270.0,0.0,-99.8,-99.8,-99.8,-99.8,-99.8,-99.8,-99.8
2023-11-13 08:00:00,1018.1,21.5,74.0,0.8,229.0,4.4,299.0,0.0,-99.8,-99.8,-99.8,-99.8,-99.8,-99.8,-99.8
2023-11-13 09:00:00,1018.3,21.4,75.0,3.2,247.0,7.7,231.0,0.0,-99.8,-99.8,-99.8,-99.8,-99.8,-99.8,-99.8
2023-11-13 10:00:00,1018.1,21.2,74.0,1.7,262.0,6.0,278.0,0.0,-99.8,-99.8,-99.8,-99.8,-99.8,-99.8,-99.8
2023-11-13 11:00:00,1017.5,21.3,74.0,3.1,257.0,6.5,250.0,0.0,-99.8,-99.8,-99.8,-99.8,-99.8,-99.8,-99.8
2023-11-13 12:00:00,1016.9,20.3,75.0,2.6,269.0,7.0,251.0,0.0,-99.8,-99.8,-99.8,-99.8,-99.8,-99.8,-99.8
2023-11-13 13:00:00,1016.4,20.2,70.0,2.4,293.0,7.4,278.0,0.0,-99.8,-99.8,-99.8,-99.8,-99.8,-99.8,-99.8
2023-11-13 14:00:00,1016.1,20.0,69.0,1.6,274.0,7.7,305.0,0.0,-99.8,-99.8,-99.8,-99.8,-99.8,-99.8,-99.8
2023-11-13 15:00:00,1016.2,19.8,69.0,1.0,327.0,4.9,272.0,0.0,-99.8,-99.8,-99.8,-99.8,-99.8,-99.8,-99.8
2023-11-13 16:00:00,1017.0,19.6,72.0,0.8,120.0,4.4,251.0,0.0,-99.8,-99.8,-99.8,-99.8,-99.8,-99.8,-99.8
2023-11-13 17:00:00,1017.6,19.5,70.0,0.8,293.0,3.4,43.0,0.0,-99.8,-99.8,-99.8,-99.8,-99.8,-99.8,-99.8
2023-11-13 18:00:00,1018.3,19.3,74.0,0.5,318.0,1.8,17.0,0.0,-99.8,-99.8,-99.8,-99.8,-99.8,-99.8,-99.8
2023-11-13 19:00:00,1018.7,19.2,77.0,0.4,9.0,1.8,2.0,0.0,-99.8,-99.8,-99.8,-99.8,-99.8,-99.8,-99.8
2023-11-13 20:00:00,1019.1,19.3,78.0,0.1,0.0,3.0,40.0,0.0,-99.8,-99.8,-99.8,-99.8,-99.8,-99.8,-99.8
2023-11-13 21:00:00,1019.5,19.5,74.0,0.7,269.0,3.0,30.0,0.0,-99.8,-99.8,-99.8,-99.8,-99.8,-99.8,-99.8
2023-11-13 22:00:00,1019.6,19.2,77.0,0.4,300.0,3.7,268.0,0.0,-99.8,-99.8,-99.8,-99.8,-99.8,-99.8,-99.8
2023-11-13 23:00:00,1019.1,19.0,81.0,0.4,336.0,1.7,243.0,0.0,-99.8,-99.8,-99.8,-99.8,-99.8,-99.8,-99.8
2023-11-14 00:00:00,1018.5,19.3,77.0,0.4,300.0,1.9,286.0,0.0,-99.8,-99.8,-99.8,-99.8,-99.8,-99.8,-99.8
2023-11-14 01:00:00,1017.8,19.0,79.0,0.2,0.0,1.4,32.0,0.0,-99.8,-99.8,-99.8,-99.8,-99.8,-99.8,-99.8
2023-11-14 02:00:00,1017.2,18.8,81.0,0.5,327.0,1.2,27.0,0.0,-99.8,-99.8,-99.8,-99.8,-99.8,-99.8,-99.8
2023-11-14 03:00:00,1016.9,18.7,83.0,0.0,0.0,1.1,328.0,0.0,-99.8,-99.8,-99.8,-99.8,-99.8,-99.8,-99.8
2023-11-14 04:00:00,1016.3,18.9,78.0,0.5,336.0,1.1,5.0,0.0,-99.8,-99.8,-99.8,-99.8,-99.8,-99.8,-99.8
2023-11-14 05:00:00,1016.5,18.9,79.0,0.4,7.0,1.6,358.0,0.0,-99.8,-99.8,-99.8,-99.8,-99.8,-99.8,-99.8
2023-11-14 06:00:00,1016.6,19.1,79.0,0.3,355.0,1.0,18.0,0.0,-99.8,-99.8,-99.8,-99.8,-99.8,-99.8,-99.8
2023-11-14 07:00:00,1017.2,19.4,76.0,0.6,325.0,1.3,318.0,0.0,-99.8,-99.8,-99.8,-99.8,-99.8,-99.8,-99.8
2023-11-14 08:00:00,1017.7,20.2,78.0,0.1,0.0,1.5,27.0,0.0,-99.8,-99.8,-99.8,-99.8,-99.8,-99.8,-99.8
2023-11-14 09:00:00,1018.1,20.6,79.0,0.2,0.0,1.2,339.0,0.0,-99.8,-99.8,-99.8,-99.8,-99.8,-99.8,-99.8
2023-11-14 10:00:00,1017.8,21.7,72.0,0.2,0.0,1.0,35.0,0.0,-99.8,-99.8,-99.8,-99.8,-99.8,-99.8,-99.8
2023-11-14 11:00:00,1017.2,22.0,70.0,1.3,130.0,4.2,230.0,0.0,-99.8,-99.8,-99.8,-99.8,-99.8,-99.8,-99.8
2023-11-14 12:00:00,1016.1,22.2,72.0,4.0,210.0,6.9,194.0,0.0,-99.8,-99.8,-99.8,-99.8,-99.8,-99.8,-99.8
2023-11-14 13:00:00,1015.2,22.0,75.0,3.2,231.0,7.5,231.0,0.0,-99.8,-99.8,-99.8,-99.8,-99.8,-99.8,-99.8
2023-11-14 14:00:00,1014.8,21.8,76.0,0.7,311.0,7.2,240.0,0.0,-99.8,-99.8,-99.8,-99.8,-99.8,-99.8,-99.8
2023-11-14 15:00:00,1014.4,21.1,80.0,1.5,290.0,3.2,290.0,0.0,-99.8,-99.8,-99.8,-99.8,-99.8,-99.8,-99.8
2023-11-14 16:00:00,1014.8,20.9,79.0,1.6,255.0,3.9,16.0,0.0,-99.8,-99.8,-99.8,-99.8,-99.8,-99.8,-99.8
2023-11-14 17:00:00,1015.5,20.8,79.0,0.6,269.0,2.3,266.0,0.0,-99.8,-99.8,-99.8,-99.8,-99.8,-99.8,-99.8
2023-11-14 18:00:00,1015.7,20.6,82.0,0.1,0.0,3.0,298.0,0.0,-99.8,-99.8,-99.8,-99.8,-99.8,-99.8,-99.8
2023-11-14 19:00:00,1016.2,20.2,85.0,0.1,0.0,1.4,262.0,0.0,-99.8,-99.8,-99.8,-99.8,-99.8,-99.8,-99.8
2023-11-14 20:00:00,1016.7,20.2,85.0,0.5,322.0,1.2,15.0,0.0,-99.8,-99.8,-99.8,-99.8,-99.8,-99.8,-99.8
2023-11-14 21:00:00,1016.9,20.2,89.0,0.3,22.0,0.9,324.0,0.0,-99.8,-99.8,-99.8,-99.8,-99.8,-99.8,-99.8
2023-11-14 22:00:00,1016.7,20.1,86.0,0.5,13.0,1.2,17.0,0.0,-99.8,-99.8,-99.8,-99.8,-99.8,-99.8,-99.8
2023-11-14 23:00:00,1016.5,19.9,85.0,0.5,346.0,1.1,336.0,0.0,-99.8,-99.8,-99.8,-99.8,-99.8,-99.8,-99.8
2023-11-15 00:00:00,1016.4,20.0,85.0,0.4,320.0,1.0,275.0,0.0,-99.8,-99.8,-99.8,-99.8,-99.8,-99.8,-99.8
2023-11-15 01:00:00,1016.4,19.8,89.0,0.4,16.0,1.0,1.0,0.0,-99.8,-99.8,-99.8,-99.8,-99.8,-99.8,-99.8
2023-11-15 02:00:00,1016.1,19.0,96.0,0.5,2.0,1.1,23.0,0.0,-99.8,-99.8,-99.8,-99.8,-99.8,-99.8,-99.8
2023-11-15 03:00:00,1015.9,18.9,96.0,0.5,13.0,1.2,319.0,0.0,-99.8,-99.8,-99.8,-99.8,-99.8,-99.8,-99.8
2023-11-15 04:00:00,1016.0,19.1,97.0,0.3,19.0,1.1,357.0,0.0,-99.8,-99.8,-99.8,-99.8,-99.8,-99.8,-99.8
2023-11-15 05:00:00,1016.4,18.9,96.0,0.6,324.0,1.7,55.0,0.0,-99.8,-99.8,-99.8,-99.8,-99.8,-99.8,-99.8
2023-11-15 06:00:00,1017.0,19.0,97.0,0.5,360.0,1.2,330.0,0.0,-99.8,-99.8,-99.8,-99.8,-99.8,-99.8,-99.8
2023-11-15 07:00:00,1018.0,19.6,96.0,0.4,211.0,1.4,39.0,0.0,-99.8,-99.8,-99.8,-99.8,-99.8,-99.8,-99.8
2023-11-15 08:00:00,1018.0,21.0,90.0,0.5,188.0,1.8,287.0,0.0,-99.8,-99.8,-99.8,-99.8,-99.8,-99.8,-99.8
2023-11-15 09:00:00,1018.3,22.5,87.0,0.7,190.0,2.0,36.0,0.0,-99.8,-99.8,-99.8,-99.8,-99.8,-99.8,-99.8
2023-11-15 10:00:00,1018.2,24.2,76.0,0.9,168.0,3.1,176.0,0.0,-99.8,-99.8,-99.8,-99.8,-99.8,-99.8,-99.8
2023-11-15 11:00:00,1017.5,24.5,70.0,0.6,177.0,3.0,215.0,0.0,-99.8,-99.8,-99.8,-99.8,-99.8,-99.8,-99.8
2023-11-15 12:00:00,1016.4,23.0,79.0,1.1,28.0,7.0,207.0,0.0,-99.8,-99.8,-99.8,-99.8,-99.8,-99.8,-99.8
2023-11-15 13:00:00,1015.5,21.6,84.0,1.5,260.0,5.3,228.0,0.0,-99.8,-99.8,-99.8,-99.8,-99.8,-99.8,-99.8
2023-11-15 14:00:00,1015.3,21.5,88.0,0.9,230.0,4.3,239.0,0.0,-99.8,-99.8,-99.8,-99.8,-99.8,-99.8,-99.8
2023-11-15 15:00:00,1015.2,21.3,88.0,0.3,249.0,2.9,219.0,0.0,-99.8,-99.8,-99.8,-99.8,-99.8,-99.8,-99.8
2023-11-15 16:00:00,1015.4,20.8,94.0,0.5,18.0,1.2,171.0,0.0,-99.8,-99.8,-99.8,-99.8,-99.8,-99.8,-99.8
2023-11-15 17:00:00,1015.7,20.2,95.0,0.6,6.0,1.3,343.0,0.0,-99.8,-99.8,-99.8,-99.8,-99.8,-99.8,-99.8
2023-11-15 18:00:00,1016.0,20.1,95.0,0.4,2.0,1.5,5.0,0.0,-99.8,-99.8,-99.8,-99.8,-99.8,-99.8,-99.8
2023-11-15 19:00:00,1016.3,20.1,93.0,0.4,326.0,1.4,25.0,0.0,-99.8,-99.8,-99.8,-99.8,-99.8,-99.8,-99.8
2023-11-15 20:00:00,1016.6,20.0,94.0,0.6,10.0,1.3,31.0,0.0,-99.8,-99.8,-99.8,-99.8,-99.8,-99.8,-99.8
2023-11-15 21:00:00,1016.6,20.1,94.0,0.5,12.0,1.2,31.0,0.0,-99.8,-99.8,-99.8,-99.8,-99.8,-99.8,-99.8
2023-11-15 22:00:00,1016.4,20.2,93.0,0.4,348.0,1.5,28.0,0.0,-99.8,-99.8,-99.8,-99.8,-99.8,-99.8,-99.8
2023-11-15 23:00:00,1016.4,19.9,93.0,0.5,9.0,1.4,15.0,0.0,-99.8,-99.8,-99.8,-99.8,-99.8,-99.8,-99.8
2023-11-16 00:00:00,1015.9,19.9,92.0,0.5,354.0,1.8,20.0,0.0,-99.8,-99.8,-99.8,-99.8,-99.8,-99.8,-99.8
2023-11-16 01:00:00,1015.4,20.5,92.0,0.4,356.0,1.0,347.0,0.0,-99.8,-99.8,-99.8,-99.8,-99.8,-99.8,-99.8
2023-11-16 02:00:00,1014.6,20.0,93.0,0.4,2.0,1.1,340.0,0.0,-99.8,-99.8,-99.8,-99.8,-99.8,-99.8,-99.8
2023-11-16 03:00:00,1014.3,20.5,91.0,0.6,13.0,1.7,17.0,0.0,-99.8,-99.8,-99.8,-99.8,-99.8,-99.8,-99.8
2023-11-16 04:00:00,1013.9,20.0,92.0,0.5,12.0,1.5,23.0,0.0,-99.8,-99.8,-99.8,-99.8,-99.8,-99.8,-99.8
2023-11-16 05:00:00,1014.2,20.2,90.0,0.6,342.0,1.7,360.0,0.0,-99.8,-99.8,-99.8,-99.8,-99.8,-99.8,-99.8
2023-11-16 06:00:00,1014.5,20.0,91.0,0.8,12.0,2.4,94.0,0.0,-99.8,-99.8,-99.8,-99.8,-99.8,-99.8,-99.8
2023-11-16 07:00:00,1014.9,20.3,88.0,0.5,357.0,1.8,7.0,0.0,-99.8,-99.8,-99.8,-99.8,-99.8,-99.8,-99.8
2023-11-16 08:00:00,1015.3,24.3,74.0,0.6,156.0,4.0,36.0,0.0,-99.8,-99.8,-99.8,-99.8,-99.8,-99.8,-99.8
2023-11-16 09:00:00,1015.4,26.5,66.0,1.3,205.0,3.7,220.0,0.0,-99.8,-99.8,-99.8,-99.8,-99.8,-99.8,-99.8
2023-11-16 10:00:00,1015.3,27.1,64.0,1.7,196.0,4.3,207.0,0.0,-99.8,-99.8,-99.8,-99.8,-99.8,-99.8,-99.8
2023-11-16 11:00:00,1014.5,27.4,62.0,0.5,97.0,3.2,213.0,0.0,-99.8,-99.8,-99.8,-99.8,-99.8,-99.8,-99.8
2023-11-16 12:00:00,1013.5,27.7,62.0,1.7,201.0,3.2,209.0,0.0,-99.8,-99.8,-99.8,-99.8,-99.8,-99.8,-99.8
2023-11-16 13:00:00,1012.9,27.5,63.0,0.6,159.0,2.8,220.0,0.0,-99.8,-99.8,-99.8,-99.8,-99.8,-99.8,-99.8
2023-11-16 14:00:00,1012.4,24.7,72.0,2.5,214.0,5.4,218.0,0.0,-99.8,-99.8,-99.8,-99.8,-99.8,-99.8,-99.8
2023-11-16 15:00:00,1012.3,23.6,84.0,1.3,23.0,5.6,204.0,0.0,-99.8,-99.8,-99.8,-99.8,-99.8,-99.8,-99.8
2023-11-16 16:00:00,1012.3,23.2,85.0,0.6,22.0,1.7,12.0,0.0,-99.8,-99.8,-99.8,-99.8,-99.8,-99.8,-99.8
2023-11-16 17:00:00,1012.7,22.4,87.0,0.2,0.0,1.3,24.0,0.0,-99.8,-99.8,-99.8,-99.8,-99.8,-99.8,-99.8
2023-11-16 18:00:00,1013.1,22.1,88.0,0.5,247.0,2.5,249.0,0.0,-99.8,-99.8,-99.8,-99.8,-99.8,-99.8,-99.8
2023-11-16 19:00:00,1013.4,21.6,84.0,0.5,250.0,3.6,261.0,0.0,-99.8,-99.8,-99.8,-99.8,-99.8,-99.8,-99.8
2023-11-16 20:00:00,1013.6,21.1,81.0,1.0,242.0,4.3,239.0,0.0,-99.8,-99.8,-99.8,-99.8,-99.8,-99.8,-99.8
2023-11-16 21:00:00,1013.9,20.6,80.0,0.1,0.0,5.1,219.0,0.0,-99.8,-99.8,-99.8,-99.8,-99.8,-99.8,-99.8
2023-11-16 22:00:00,1014.2,20.2,78.0,1.0,253.0,4.8,232.0,0.0,-99.8,-99.8,-99.8,-99.8,-99.8,-99.8,-99.8
2023-11-16 23:00:00,1014.4,20.0,78.0,1.3,219.0,5.1,225.0,0.0,-99.8,-99.8,-99.8,-99.8,-99.8,-99.8,-99.8
2023-11-17 00:00:00,1014.3,19.5,79.0,0.9,287.0,4.6,238.0,0.0,-99.8,-99.8,-99.8,-99.8,-99.8,-99.8,-99.8
2023-11-17 01:00:00,1014.6,17.9,91.0,0.2,0.0,2.2,292.0,0.0,-99.8,-99.8,-99.8,-99.8,-99.8,-99.8,-99.8
2023-11-17 02:00:00,1014.3,17.4,93.0,0.6,340.0,1.5,321.0,0.0,-99.8,-99.8,-99.8,-99.8,-99.8,-99.8,-99.8
2023-11-17 03:00:00,1014.0,17.4,91.0,0.7,344.0,2.6,264.0,0.0,-99.8,-99.8,-99.8,-99.8,-99.8,-99.8,-99.8
2023-11-17 04:00:00,1014.1,17.6,81.0,0.8,278.0,4.3,233.0,0.0,-99.8,-99.8,-99.8,-99.8,-99.8,-99.8,-99.8
2023-11-17 05:00:00,1014.5,17.3,86.0,0.5,347.0,3.3,269.0,0.0,-99.8,-99.8,-99.8,-99.8,-99.8,-99.8,-99.8
2023-11-17 06:00:00,1015.1,17.4,87.0,0.4,318.0,2.8,30.0,0.0,-99.8,-99.8,-99.8,-99.8,-99.8,-99.8,-99.8
2023-11-17 07:00:00,1015.9,17.6,83.0,0.4,7.0,3.1,265.0,0.0,-99.8,-99.8,-99.8,-99.8,-99.8,-99.8,-99.8
2023-11-17 08:00:00,1016.3,17.5,83.0,0.9,27.0,2.7,23.0,0.0,-99.8,-99.8,-99.8,-99.8,-99.8,-99.8,-99.8
2023-11-17 09:00:00,1016.8,17.9,73.0,0.9,285.0,2.4,300.0,0.0,-99.8,-99.8,-99.8,-99.8,-99.8,-99.8,-99.8
2023-11-17 10:00:00,1016.8,18.3,69.0,1.1,279.0,2.9,245.0,0.0,-99.8,-99.8,-99.8,-99.8,-99.8,-99.8,-99.8
2023-11-17 11:00:00,1016.3,18.0,75.0,0.9,27.0,2.9,33.0,0.0,-99.8,-99.8,-99.8,-99.8,-99.8,-99.8,-99.8
2023-11-17 12:00:00,1015.7,18.0,72.0,0.4,2.0,2.2,37.0,0.0,-99.8,-99.8,-99.8,-99.8,-99.8,-99.8,-99.8
2023-11-17 13:00:00,1014.6,17.8,75.0,0.9,26.0,3.2,223.0,0.0,-99.8,-99.8,-99.8,-99.8,-99.8,-99.8,-99.8
2023-11-17 14:00:00,1014.3,17.9,71.0,0.5,292.0,3.9,197.0,0.0,-99.8,-99.8,-99.8,-99.8,-99.8,-99.8,-99.8
2023-11-17 15:00:00,1014.6,17.6,69.0,0.3,5.0,3.5,329.0,0.0,-99.8,-99.8,-99.8,-99.8,-99.8,-99.8,-99.8
2023-11-17 16:00:00,1015.2,17.2,75.0,1.2,39.0,2.7,39.0,0.0,-99.8,-99.8,-99.8,-99.8,-99.8,-99.8,-99.8
2023-11-17 17:00:00,1015.7,17.0,79.0,0.4,14.0,2.9,43.0,0.0,-99.8,-99.8,-99.8,-99.8,-99.8,-99.8,-99.8
2023-11-17 18:00:00,1016.0,16.7,80.0,0.0,0.0,1.0,47.0,0.0,-99.8,-99.8,-99.8,-99.8,-99.8,-99.8,-99.8
2023-11-17 19:00:00,1016.5,17.0,70.0,0.7,323.0,2.7,22.0,0.0,-99.8,-99.8,-99.8,-99.8,-99.8,-99.8,-99.8
2023-11-17 20:00:00,1017.1,16.9,67.0,1.2,338.0,3.5,320.0,0.0,-99.8,-99.8,-99.8,-99.8,-99.8,-99.8,-99.8
2023-11-17 21:00:00,1017.2,16.7,75.0,1.2,2.0,2.7,33.0,0.0,-99.8,-99.8,-99.8,-99.8,-99.8,-99.8,-99.8
2023-11-17 22:00:00,1017.3,16.6,68.0,0.7,350.0,3.0,276.0,0.0,-99.8,-99.8,-99.8,-99.8,-99.8,-99.8,-99.8
2023-11-17 23:00:00,1017.3,16.5,62.0,0.9,354.0,2.6,24.0,0.0,-99.8,-99.8,-99.8,-99.8,-99.8,-99.8,-99.8
2023-11-18 00:00:00,1017.1,15.9,70.0,0.3,297.0,2.6,24.0,0.0,-99.8,-99.8,-99.8,-99.8,-99.8,-99.8,-99.8
2023-11-18 01:00:00,1016.9,16.3,65.0,0.5,54.0,1.9,246.0,0.0,-99.8,-99.8,-99.8,-99.8,-99.8,-99.8,-99.8
2023-11-18 02:00:00,1016.7,15.6,80.0,0.4,11.0,1.1,300.0,0.0,-99.8,-99.8,-99.8,-99.8,-99.8,-99.8,-99.8
2023-11-18 03:00:00,1016.6,16.0,72.0,0.5,354.0,1.5,348.0,0.0,-99.8,-99.8,-99.8,-99.8,-99.8,-99.8,-99.8
2023-11-18 04:00:00,1016.2,15.4,74.0,0.6,2.0,1.6,323.0,0.0,-99.8,-99.8,-99.8,-99.8,-99.8,-99.8,-99.8
2023-11-18 05:00:00,1016.6,15.2,77.0,0.8,14.0,1.5,11.0,0.0,-99.8,-99.8,-99.8,-99.8,-99.8,-99.8,-99.8
2023-11-18 06:00:00,1017.4,15.4,72.0,1.1,22.0,2.1,341.0,0.0,-99.8,-99.8,-99.8,-99.8,-99.8,-99.8,-99.8
2023-11-18 07:00:00,1017.7,16.3,69.0,0.9,12.0,2.3,28.0,0.0,-99.8,-99.8,-99.8,-99.8,-99.8,-99.8,-99.8
2023-11-18 08:00:00,1018.5,19.0,49.0,1.8,240.0,6.2,230.0,0.0,-99.8,-99.8,-99.8,-99.8,-99.8,-99.8,-99.8
2023-11-18 09:00:00,1018.5,20.0,42.0,4.1,228.0,10.0,220.0,0.0,-99.8,-99.8,-99.8,-99.8,-99.8,-99.8,-99.8
2023-11-18 10:00:00,1018.1,20.2,42.0,5.3,203.0,10.0,202.0,0.0,-99.8,-99.8,-99.8,-99.8,-99.8,-99.8,-99.8
2023-11-18 11:00:00,1017.9,18.9,46.0,4.9,229.0,10.6,221.0,0.0,-99.8,-99.8,-99.8,-99.8,-99.8,-99.8,-99.8
2023-11-18 12:00:00,1016.8,18.9,50.0,3.7,236.0,9.8,242.0,0.0,-99.8,-99.8,-99.8,-99.8,-99.8,-99.8,-99.8
2023-11-18 13:00:00,1016.2,18.8,52.0,1.3,283.0,8.0,233.0,0.0,-99.8,-99.8,-99.8,-99.8,-99.8,-99.8,-99.8
2023-11-18 14:00:00,1015.7,18.7,52.0,0.3,301.0,5.8,227.0,0.0,-99.8,-99.8,-99.8,-99.8,-99.8,-99.8,-99.8
2023-11-18 15:00:00,1015.5,18.6,61.0,0.3,14.0,2.9,240.0,0.0,-99.8,-99.8,-99.8,-99.8,-99.8,-99.8,-99.8
2023-11-18 16:00:00,1015.4,17.9,63.0,0.4,3.0,1.6,8.0,0.0,-99.8,-99.8,-99.8,-99.8,-99.8,-99.8,-99.8
2023-11-18 17:00:00,1015.6,17.5,62.0,0.5,360.0,2.4,20.0,0.0,-99.8,-99.8,-99.8,-99.8,-99.8,-99.8,-99.8
2023-11-18 18:00:00,1016.4,17.7,58.0,0.8,250.0,3.5,27.0,0.0,-99.8,-99.8,-99.8,-99.8,-99.8,-99.8,-99.8
2023-11-18 19:00:00,1017.0,17.4,59.0,0.8,274.0,3.2,257.0,0.0,-99.8,-99.8,-99.8,-99.8,-99.8,-99.8,-99.8
2023-11-18 20:00:00,1017.5,16.7,69.0,0.2,0.0,1.6,225.0,0.0,-99.8,-99.8,-99.8,-99.8,-99.8,-99.8,-99.8
2023-11-18 21:00:00,1017.7,16.3,73.0,0.5,353.0,1.2,331.0,0.0,-99.8,-99.8,-99.8,-99.8,-99.8,-99.8,-99.8
2023-11-18 22:00:00,1017.7,15.8,73.0,0.6,14.0,1.4,11.0,0.0,-99.8,-99.8,-99.8,-99.8,-99.8,-99.8,-99.8
2023-11-18 23:00:00,1017.7,15.8,71.0,0.7,5.0,2.2,13.0,0.0,-99.8,-99.8,-99.8,-99.8,-99.8,-99.8,-99.8
2023-11-19 00:00:00,1017.1,15.9,70.0,1.0,11.0,1.7,1.0,0.0,-99.8,-99.8,-99.8,-99.8,-99.8,-99.8,-99.8
2023-11-19 01:00:00,1016.4,15.9,68.0,0.8,6.0,2.2,9.0,0.0,-99.8,-99.8,-99.8,-99.8,-99.8,-99.8,-99.8
2023-11-19 02:00:00,1015.4,15.8,69.0,0.8,2.0,2.4,13.0,0.0,-99.8,-99.8,-99.8,-99.8,-99.8,-99.8,-99.8
2023-11-19 03:00:00,1015.3,15.7,69.0,0.9,14.0,2.7,2.0,0.0,-99.8,-99.8,-99.8,-99.8,-99.8,-99.8,-99.8
2023-11-19 04:00:00,1015.3,15.8,67.0,0.9,13.0,2.3,354.0,0.0,-99.8,-99.8,-99.8,-99.8,-99.8,-99.8,-99.8
2023-11-19 05:00:00,1015.5,15.7,67.0,1.1,13.0,2.8,339.0,0.0,-99.8,-99.8,-99.8,-99.8,-99.8,-99.8,-99.8
2023-11-19 06:00:00,1015.7,15.6,66.0,0.9,11.0,2.9,14.0,0.0,-99.8,-99.8,-99.8,-99.8,-99.8,-99.8,-99.8
2023-11-19 07:00:00,1016.2,16.9,60.0,1.1,11.0,2.3,18.0,0.0,-99.8,-99.8,-99.8,-99.8,-99.8,-99.8,-99.8
2023-11-19 08:00:00,1016.4,19.3,54.0,0.5,47.0,2.0,15.0,0.0,-99.8,-99.8,-99.8,-99.8,-99.8,-99.8,-99.8
2023-11-19 09:00:00,1016.5,23.8,40.0,1.1,167.0,2.3,227.0,0.0,-99.8,-99.8,-99.8,-99.8,-99.8,-99.8,-99.8
2023-11-19 10:00:00,1016.1,24.3,40.0,0.8,155.0,2.7,196.0,0.0,-99.8,-99.8,-99.8,-99.8,-99.8,-99.8,-99.8
2023-11-19 11:00:00,1014.9,25.3,41.0,0.8,135.0,2.8,139.0,0.0,-99.8,-99.8,-99.8,-99.8,-99.8,-99.8,-99.8
2023-11-19 12:00:00,1014.0,25.0,39.0,1.1,166.0,2.5,140.0,0.0,-99.8,-99.8,-99.8,-99.8,-99.8,-99.8,-99.8
2023-11-19 13:00:00,1013.0,24.3,42.0,1.1,175.0,2.7,163.0,0.0,-99.8,-99.8,-99.8,-99.8,-99.8,-99.8,-99.8
2023-11-19 14:00:00,1012.3,24.4,41.0,1.1,189.0,3.0,146.0,0.0,-99.8,-99.8,-99.8,-99.8,-99.8,-99.8,-99.8
2023-11-19 15:00:00,1012.4,22.1,50.0,1.5,211.0,3.3,167.0,0.0,-99.8,-99.8,-99.8,-99.8,-99.8,-99.8,-99.8
2023-11-19 16:00:00,1012.4,20.0,62.0,0.5,18.0,5.5,196.0,0.0,-99.8,-99.8,-99.8,-99.8,-99.8,-99.8,-99.8
2023-11-19 17:00:00,1013.2,19.2,68.0,0.9,15.0,1.9,32.0,0.0,-99.8,-99.8,-99.8,-99.8,-99.8,-99.8,-99.8
2023-11-19 18:00:00,1013.6,19.0,67.0,0.9,357.0,2.5,35.0,0.0,-99.8,-99.8,-99.8,-99.8,-99.8,-99.8,-99.8
2023-11-19 19:00:00,1014.3,18.7,68.0,0.8,1.0,2.2,27.0,0.0,-99.8,-99.8,-99.8,-99.8,-99.8,-99.8,-99.8
2023-11-19 20:00:00,1014.3,18.8,62.0,0.7,1.0,2.9,18.0,0.0,-99.8,-99.8,-99.8,-99.8,-99.8,-99.8,-99.8
2023-11-19 21:00:00,1014.6,19.1,62.0,0.5,9.0,2.1,24.0,0.0,-99.8,-99.8,-99.8,-99.8,-99.8,-99.8,-99.8
2023-11-19 22:00:00,1014.6,19.4,63.0,1.0,17.0,1.6,16.0,0.0,-99.8,-99.8,-99.8,-99.8,-99.8,-99.8,-99.8
2023-11-19 23:00:00,1014.5,19.3,64.0,0.6,10.0,1.6,11.0,0.0,-99.8,-99.8,-99.8,-99.8,-99.8,-99.8,-99.8
2023-11-20 00:00:00,1014.0,19.1,64.0,0.8,352.0,1.6,352.0,0.0,-99.8,-99.8,-99.8,-99.8,-99.8,-99.8,-99.8
2023-11-20 01:00:00,1013.3,18.7,65.0,1.1,15.0,1.8,20.0,0.0,-99.8,-99.8,-99.8,-99.8,-99.8,-99.8,-99.8
2023-11-20 02:00:00,1012.9,18.9,64.0,1.0,17.0,2.1,27.0,0.0,-99.8,-99.8,-99.8,-99.8,-99.8,-99.8,-99.8
2023-11-20 03:00:00,1012.3,18.7,67.0,0.9,15.0,2.0,6.0,0.0,-99.8,-99.8,-99.8,-99.8,-99.8,-99.8,-99.8
2023-11-20 04:00:00,1012.1,18.7,69.0,0.8,15.0,2.2,28.0,0.0,-99.8,-99.8,-99.8,-99.8,-99.8,-99.8,-99.8
2023-11-20 05:00:00,1012.6,18.6,69.0,0.8,12.0,1.9,21.0,0.0,-99.8,-99.8,-99.8,-99.8,-99.8,-99.8,-99.8
2023-11-20 06:00:00,1013.5,18.7,67.0,1.0,17.0,1.7,22.0,0.0,-99.8,-99.8,-99.8,-99.8,-99.8,-99.8,-99.8
2023-11-20 07:00:00,1014.2,20.1,63.0,1.1,14.0,2.0,7.0,0.0,-99.8,-99.8,-99.8,-99.8,-99.8,-99.8,-99.8
2023-11-20 08:00:00,1014.5,22.2,59.0,0.8,22.0,2.0,18.0,0.0,-99.8,-99.8,-99.8,-99.8,-99.8,-99.8,-99.8
2023-11-20 09:00:00,1014.7,23.9,53.0,1.1,187.0,2.2,162.0,0.0,-99.8,-99.8,-99.8,-99.8,-99.8,-99.8,-99.8
2023-11-20 10:00:00,1014.3,25.2,50.0,1.7,172.0,4.1,147.0,0.0,-99.8,-99.8,-99.8,-99.8,-99.8,-99.8,-99.8
2023-11-20 11:00:00,1013.8,24.8,56.0,1.8,198.0,4.7,169.0,0.0,-99.8,-99.8,-99.8,-99.8,-99.8,-99.8,-99.8
2023-11-20 12:00:00,1013.2,24.3,59.0,2.4,190.0,4.5,162.0,0.0,-99.8,-99.8,-99.8,-99.8,-99.8,-99.8,-99.8
2023-11-20 13:00:00,1012.5,22.8,62.0,4.6,209.0,7.5,206.0,0.0,-99.8,-99.8,-99.8,-99.8,-99.8,-99.8,-99.8
2023-11-20 14:00:00,1012.1,22.8,63.0,4.3,211.0,7.7,208.0,0.0,-99.8,-99.8,-99.8,-99.8,-99.8,-99.8,-99.8
2023-11-20 15:00:00,1012.1,22.5,65.0,3.5,212.0,7.7,220.0,0.0,-99.8,-99.8,-99.8,-99.8,-99.8,-99.8,-99.8
2023-11-20 16:00:00,1012.5,22.2,65.0,0.9,258.0,5.7,220.0,0.0,-99.8,-99.8,-99.8,-99.8,-99.8,-99.8,-99.8
2023-11-20 17:00:00,1013.1,21.5,68.0,0.4,356.0,1.8,288.0,0.0,-99.8,-99.8,-99.8,-99.8,-99.8,-99.8,-99.8
2023-11-20 18:00:00,1013.4,21.2,72.0,1.1,23.0,2.8,30.0,0.0,-99.8,-99.8,-99.8,-99.8,-99.8,-99.8,-99.8
2023-11-20 19:00:00,1013.9,21.1,72.0,0.4,285.0,1.5,17.0,0.0,-99.8,-99.8,-99.8,-99.8,-99.8,-99.8,-99.8
2023-11-20 20:00:00,1014.4,20.9,74.0,0.4,331.0,2.9,263.0,0.0,-99.8,-99.8,-99.8,-99.8,-99.8,-99.8,-99.8
2023-11-20 21:00:00,1014.2,20.5,75.0,0.5,1.0,1.9,13.0,0.0,-99.8,-99.8,-99.8,-99.8,-99.8,-99.8,-99.8
2023-11-20 22:00:00,1014.5,19.2,87.0,1.8,16.0,3.4,22.0,0.0,-99.8,-99.8,-99.8,-99.8,-99.8,-99.8,-99.8
2023-11-20 23:00:00,1014.2,18.6,88.0,1.8,15.0,3.0,24.0,0.0,-99.8,-99.8,-99.8,-99.8,-99.8,-99.8,-99.8
2023-11-21 00:00:00,1013.6,19.0,87.0,2.2,17.0,4.3,27.0,0.0,-99.8,-99.8,-99.8,-99.8,-99.8,-99.8,-99.8
2023-11-21 01:00:00,1012.7,18.5,88.0,1.6,16.0,4.0,11.0,0.0,-99.8,-99.8,-99.8,-99.8,-99.8,-99.8,-99.8
2023-11-21 02:00:00,1012.3,19.1,86.0,1.3,18.0,3.4,32.0,0.0,-99.8,-99.8,-99.8,-99.8,-99.8,-99.8,-99.8
2023-11-21 03:00:00,1012.1,19.1,91.0,0.9,10.0,4.2,223.0,0.0,-99.8,-99.8,-99.8,-99.8,-99.8,-99.8,-99.8
2023-11-21 04:00:00,1012.0,18.4,97.0,0.6,13.0,3.4,39.0,2.0,-99.8,-99.8,-99.8,-99.8,-99.8,-99.8,-99.8
2023-11-21 05:00:00,1012.3,18.0,98.0,1.1,13.0,2.0,16.0,0.5,-99.8,-99.8,-99.8,-99.8,-99.8,-99.8,-99.8
2023-11-21 06:00:00,1012.5,18.0,97.0,0.9,2.0,2.5,12.0,0.0,-99.8,-99.8,-99.8,-99.8,-99.8,-99.8,-99.8
2023-11-21 07:00:00,1012.7,18.3,95.0,0.9,8.0,2.3,332.0,0.0,-99.8,-99.8,-99.8,-99.8,-99.8,-99.8,-99.8
2023-11-21 08:00:00,1012.9,19.6,93.0,0.9,12.0,2.2,331.0,0.0,-99.8,-99.8,-99.8,-99.8,-99.8,-99.8,-99.8
2023-11-21 09:00:00,1013.0,22.0,77.0,0.3,310.0,1.8,15.0,0.0,-99.8,-99.8,-99.8,-99.8,-99.8,-99.8,-99.8
2023-11-21 10:00:00,1012.6,26.5,58.0,1.3,192.0,3.0,158.0,0.0,-99.8,-99.8,-99.8,-99.8,-99.8,-99.8,-99.8
2023-11-21 11:00:00,1011.9,26.3,59.0,1.1,189.0,2.9,144.0,0.0,-99.8,-99.8,-99.8,-99.8,-99.8,-99.8,-99.8
2023-11-21 12:00:00,1011.1,24.5,65.0,1.0,204.0,3.0,200.0,0.0,-99.8,-99.8,-99.8,-99.8,-99.8,-99.8,-99.8
2023-11-21 13:00:00,1010.3,23.8,68.0,1.2,224.0,3.2,220.0,0.0,-99.8,-99.8,-99.8,-99.8,-99.8,-99.8,-99.8
2023-11-21 14:00:00,1009.6,24.5,63.0,0.8,201.0,2.3,159.0,0.0,-99.8,-99.8,-99.8,-99.8,-99.8,-99.8,-99.8
2023-11-21 15:00:00,1009.4,24.1,65.0,1.0,211.0,2.4,138.0,0.0,-99.8,-99.8,-99.8,-99.8,-99.8,-99.8,-99.8
2023-11-21 16:00:00,1009.6,22.3,75.0,0.5,11.0,1.8,165.0,0.0,-99.8,-99.8,-99.8,-99.8,-99.8,-99.8,-99.8
2023-11-21 17:00:00,1010.2,21.0,78.0,0.8,9.0,2.0,3.0,0.0,-99.8,-99.8,-99.8,-99.8,-99.8,-99.8,-99.8
2023-11-21 18:00:00,1010.4,20.5,78.0,1.2,17.0,2.6,13.0,0.0,-99.8,-99.8,-99.8,-99.8,-99.8,-99.8,-99.8
2023-11-21 19:00:00,1010.8,20.3,79.0,0.9,7.0,2.5,13.0,0.0,-99.8,-99.8,-99.8,-99.8,-99.8,-99.8,-99.8
2023-11-21 20:00:00,1011.2,20.2,78.0,1.2,18.0,2.6,345.0,0.0,-99.8,-99.8,-99.8,-99.8,-99.8,-99.8,-99.8
2023-11-21 21:00:00,1011.4,20.3,77.0,1.2,19.0,2.4,7.0,0.0,-99.8,-99.8,-99.8,-99.8,-99.8,-99.8,-99.8
2023-11-21 22:00:00,1011.4,20.2,78.0,1.0,17.0,2.3,12.0,0.0,-99.8,-99.8,-99.8,-99.8,-99.8,-99.8,-99.8
2023-11-21 23:00:00,1010.9,20.0,77.0,0.9,11.0,2.4,26.0,0.0,-99.8,-99.8,-99.8,-99.8,-99.8,-99.8,-99.8
2023-11-22 00:00:00,1010.7,20.1,78.0,0.9,8.0,2.3,22.0,0.0,-99.8,-99.8,-99.8,-99.8,-99.8,-99.8,-99.8
2023-11-22 01:00:00,1010.4,20.0,78.0,1.0,8.0,2.6,36.0,0.0,-99.8,-99.8,-99.8,-99.8,-99.8,-99.8,-99.8
2023-11-22 02:00:00,1009.7,20.5,78.0,0.9,19.0,1.7,18.0,0.0,-99.8,-99.8,-99.8,-99.8,-99.8,-99.8,-99.8
2023-11-22 03:00:00,1009.6,20.3,81.0,0.9,15.0,2.0,4.0,0.0,-99.8,-99.8,-99.8,-99.8,-99.8,-99.8,-99.8
2023-11-22 04:00:00,1009.3,19.8,80.0,1.1,16.0,1.8,5.0,0.0,-99.8,-99.8,-99.8,-99.8,-99.8,-99.8,-99.8
2023-11-22 05:00:00,1009.5,20.0,78.0,1.2,16.0,2.9,38.0,0.0,-99.8,-99.8,-99.8,-99.8,-99.8,-99.8,-99.8
2023-11-22 06:00:00,1009.9,19.7,77.0,1.2,17.0,2.4,27.0,0.0,-99.8,-99.8,-99.8,-99.8,-99.8,-99.8,-99.8
2023-11-22 07:00:00,1010.6,20.0,79.0,1.1,16.0,2.7,24.0,0.0,-99.8,-99.8,-99.8,-99.8,-99.8,-99.8,-99.8
2023-11-22 08:00:00,1010.7,24.5,66.0,0.7,217.0,2.1,360.0,0.0,-99.8,-99.8,-99.8,-99.8,-99.8,-99.8,-99.8
2023-11-22 09:00:00,1011.1,27.7,53.0,1.0,179.0,2.2,213.0,0.0,-99.8,-99.8,-99.8,-99.8,-99.8,-99.8,-99.8
2023-11-22 10:00:00,1010.7,25.9,59.0,1.1,197.0,2.6,155.0,0.0,-99.8,-99.8,-99.8,-99.8,-99.8,-99.8,-99.8
2023-11-22 11:00:00,1010.1,25.6,62.0,1.2,179.0,2.6,171.0,0.0,-99.8,-99.8,-99.8,-99.8,-99.8,-99.8,-99.8
2023-11-22 12:00:00,1009.4,28.0,56.0,1.2,176.0,3.0,169.0,0.0,-99.8,-99.8,-99.8,-99.8,-99.8,-99.8,-99.8
2023-11-22 13:00:00,1008.5,25.9,63.0,0.7,208.0,3.3,167.0,0.0,-99.8,-99.8,-99.8,-99.8,-99.8,-99.8,-99.8
2023-11-22 14:00:00,1007.7,24.9,65.0,1.0,213.0,3.4,310.0,0.0,-99.8,-99.8,-99.8,-99.8,-99.8,-99.8,-99.8
2023-11-22 15:00:00,1007.7,23.9,65.0,1.3,212.0,3.2,245.0,0.0,-99.8,-99.8,-99.8,-99.8,-99.8,-99.8,-99.8
2023-11-22 16:00:00,1008.0,23.0,72.0,0.5,3.0,3.3,233.0,0.0,-99.8,-99.8,-99.8,-99.8,-99.8,-99.8,-99.8
2023-11-22 17:00:00,1008.8,22.5,73.0,0.5,17.0,1.3,20.0,0.0,-99.8,-99.8,-99.8,-99.8,-99.8,-99.8,-99.8
2023-11-22 18:00:00,1009.3,22.2,74.0,1.0,16.0,2.1,23.0,0.0,-99.8,-99.8,-99.8,-99.8,-99.8,-99.8,-99.8
2023-11-22 19:00:00,1009.7,21.9,76.0,0.9,15.0,1.6,21.0,0.0,-99.8,-99.8,-99.8,-99.8,-99.8,-99.8,-99.8
2023-11-22 20:00:00,1009.9,21.6,77.0,0.7,10.0,1.8,357.0,0.0,-99.8,-99.8,-99.8,-99.8,-99.8,-99.8,-99.8
2023-11-22 21:00:00,1009.9,21.6,77.0,0.6,9.0,1.8,4.0,0.0,-99.8,-99.8,-99.8,-99.8,-99.8,-99.8,-99.8
2023-11-22 22:00:00,1010.0,21.8,77.0,0.7,13.0,1.7,12.0,0.0,-99.8,-99.8,-99.8,-99.8,-99.8,-99.8,-99.8
2023-11-22 23:00:00,1009.5,21.3,77.0,0.9,16.0,1.6,29.0,0.0,-99.8,-99.8,-99.8,-99.8,-99.8,-99.8,-99.8
2023-11-23 00:00:00,1009.0,21.2,75.0,0.9,15.0,2.0,29.0,0.0,-99.8,-99.8,-99.8,-99.8,-99.8,-99.8,-99.8
2023-11-23 01:00:00,1008.6,20.8,74.0,1.0,16.0,2.2,11.0,0.0,-99.8,-99.8,-99.8,-99.8,-99.8,-99.8,-99.8
2023-11-23 02:00:00,1007.8,20.5,72.0,1.1,16.0,2.3,24.0,0.0,-99.8,-99.8,-99.8,-99.8,-99.8,-99.8,-99.8
2023-11-23 03:00:00,1007.9,20.3,72.0,1.2,17.0,2.8,24.0,0.0,-99.8,-99.8,-99.8,-99.8,-99.8,-99.8,-99.8
2023-11-23 04:00:00,1008.0,19.9,69.0,1.2,15.0,2.6,7.0,0.0,-99.8,-99.8,-99.8,-99.8,-99.8,-99.8,-99.8
2023-11-23 05:00:00,1008.1,19.7,66.0,0.9,9.0,2.5,26.0,0.0,-99.8,-99.8,-99.8,-99.8,-99.8,-99.8,-99.8
2023-11-23 06:00:00,1009.3,19.8,65.0,1.4,18.0,2.7,47.0,0.0,-99.8,-99.8,-99.8,-99.8,-99.8,-99.8,-99.8
2023-11-23 07:00:00,1009.8,21.1,62.0,1.4,12.0,2.9,31.0,0.0,-99.8,-99.8,-99.8,-99.8,-99.8,-99.8,-99.8
2023-11-23 08:00:00,1010.3,24.0,63.0,0.1,0.0,2.6,10.0,0.0,-99.8,-99.8,-99.8,-99.8,-99.8,-99.8,-99.8
2023-11-23 09:00:00,1011.0,27.3,49.0,1.2,199.0,2.5,222.0,0.0,-99.8,-99.8,-99.8,-99.8,-99.8,-99.8,-99.8
2023-11-23 10:00:00,1010.9,27.6,48.0,1.2,186.0,2.4,171.0,0.0,-99.8,-99.8,-99.8,-99.8,-99.8,-99.8,-99.8
2023-11-23 11:00:00,1010.4,28.4,51.0,1.4,198.0,3.0,207.0,0.0,-99.8,-99.8,-99.8,-99.8,-99.8,-99.8,-99.8
2023-11-23 12:00:00,1009.9,27.7,57.0,0.8,167.0,2.6,223.0,0.0,-99.8,-99.8,-99.8,-99.8,-99.8,-99.8,-99.8
2023-11-23 13:00:00,1009.2,26.8,54.0,1.0,175.0,2.8,159.0,0.0,-99.8,-99.8,-99.8,-99.8,-99.8,-99.8,-99.8
2023-11-23 14:00:00,1008.9,24.3,63.0,1.4,234.0,3.0,167.0,0.0,-99.8,-99.8,-99.8,-99.8,-99.8,-99.8,-99.8
2023-11-23 15:00:00,1008.9,24.0,67.0,3.5,214.0,6.7,227.0,0.0,-99.8,-99.8,-99.8,-99.8,-99.8,-99.8,-99.8
2023-11-23 16:00:00,1009.5,23.7,70.0,2.6,224.0,5.2,204.0,0.0,-99.8,-99.8,-99.8,-99.8,-99.8,-99.8,-99.8
2023-11-23 17:00:00,1010.0,23.0,73.0,0.3,34.0,4.0,227.0,0.0,-99.8,-99.8,-99.8,-99.8,-99.8,-99.8,-99.8
2023-11-23 18:00:00,1010.4,22.3,80.0,0.4,352.0,1.3,295.0,0.0,-99.8,-99.8,-99.8,-99.8,-99.8,-99.8,-99.8
2023-11-23 19:00:00,1011.0,21.7,79.0,0.7,328.0,1.6,41.0,0.0,-99.8,-99.8,-99.8,-99.8,-99.8,-99.8,-99.8
2023-11-23 20:00:00,1011.5,21.4,79.0,0.7,4.0,1.9,6.0,0.0,-99.8,-99.8,-99.8,-99.8,-99.8,-99.8,-99.8
2023-11-23 21:00:00,1012.0,21.7,79.0,0.6,357.0,1.7,23.0,0.0,-99.8,-99.8,-99.8,-99.8,-99.8,-99.8,-99.8
2023-11-23 22:00:00,1012.2,21.6,79.0,0.5,345.0,1.2,1.0,0.0,-99.8,-99.8,-99.8,-99.8,-99.8,-99.8,-99.8
2023-11-23 23:00:00,1012.1,21.6,79.0,0.5,11.0,1.2,339.0,0.0,-99.8,-99.8,-99.8,-99.8,-99.8,-99.8,-99.8
2023-11-24 00:00:00,1011.9,20.8,81.0,0.5,357.0,1.3,297.0,0.0,-99.8,-99.8,-99.8,-99.8,-99.8,-99.8,-99.8
2023-11-24 01:00:00,1012.1,20.1,81.0,0.5,353.0,1.7,330.0,0.0,-99.8,-99.8,-99.8,-99.8,-99.8,-99.8,-99.8
2023-11-24 02:00:00,1012.2,20.0,80.0,0.7,7.0,2.0,42.0,0.0,-99.8,-99.8,-99.8,-99.8,-99.8,-99.8,-99.8
2023-11-24 03:00:00,1012.4,20.0,71.0,0.7,348.0,1.7,9.0,0.0,-99.8,-99.8,-99.8,-99.8,-99.8,-99.8,-99.8
2023-11-24 04:00:00,1012.7,19.6,71.0,0.6,353.0,2.5,2.0,0.0,-99.8,-99.8,-99.8,-99.8,-99.8,-99.8,-99.8
2023-11-24 05:00:00,1013.1,19.5,69.0,1.0,14.0,2.1,18.0,0.0,-99.8,-99.8,-99.8,-99.8,-99.8,-99.8,-99.8
2023-11-24 06:00:00,1014.0,19.3,66.0,0.8,6.0,2.4,11.0,0.0,-99.8,-99.8,-99.8,-99.8,-99.8,-99.8,-99.8
2023-11-24 07:00:00,1014.9,20.3,66.0,0.9,9.0,2.2,28.0,0.0,-99.8,-99.8,-99.8,-99.8,-99.8,-99.8,-99.8
2023-11-24 08:00:00,1015.5,21.1,69.0,0.6,19.0,2.1,27.0,0.0,-99.8,-99.8,-99.8,-99.8,-99.8,-99.8,-99.8
2023-11-24 09:00:00,1016.0,23.6,54.0,0.8,32.0,2.8,19.0,0.0,-99.8,-99.8,-99.8,-99.8,-99.8,-99.8,-99.8
2023-11-24 10:00:00,1016.0,22.2,64.0,0.8,6.0,6.3,271.0,0.0,-99.8,-99.8,-99.8,-99.8,-99.8,-99.8,-99.8
2023-11-24 11:00:00,1015.9,22.0,62.0,1.3,346.0,6.2,304.0,0.0,-99.8,-99.8,-99.8,-99.8,-99.8,-99.8,-99.8
2023-11-24 12:00:00,1014.9,22.2,64.0,1.4,299.0,5.4,316.0,0.0,-99.8,-99.8,-99.8,-99.8,-99.8,-99.8,-99.8
2023-11-24 13:00:00,1014.6,21.0,70.0,3.2,348.0,7.1,314.0,0.0,-99.8,-99.8,-99.8,-99.8,-99.8,-99.8,-99.8
2023-11-24 14:00:00,1014.3,22.9,54.0,2.6,72.0,6.3,315.0,0.0,-99.8,-99.8,-99.8,-99.8,-99.8,-99.8,-99.8
2023-11-24 15:00:00,1014.3,22.8,54.0,1.6,76.0,9.2,21.0,0.0,-99.8,-99.8,-99.8,-99.8,-99.8,-99.8,-99.8
2023-11-24 16:00:00,1014.7,21.1,64.0,1.6,309.0,7.5,113.0,0.0,-99.8,-99.8,-99.8,-99.8,-99.8,-99.8,-99.8
2023-11-24 17:00:00,1015.6,21.8,57.0,2.3,350.0,8.7,34.0,0.0,-99.8,-99.8,-99.8,-99.8,-99.8,-99.8,-99.8
2023-11-24 18:00:00,1016.2,21.3,63.0,1.1,307.0,6.6,18.0,0.0,-99.8,-99.8,-99.8,-99.8,-99.8,-99.8,-99.8
2023-11-24 19:00:00,1017.1,20.8,63.0,1.2,273.0,6.3,299.0,0.0,-99.8,-99.8,-99.8,-99.8,-99.8,-99.8,-99.8
2023-11-24 20:00:00,1017.0,21.3,57.0,1.8,79.0,7.2,92.0,0.0,-99.8,-99.8,-99.8,-99.8,-99.8,-99.8,-99.8
2023-11-24 21:00:00,1017.4,21.2,60.0,0.9,324.0,5.9,65.0,0.0,-99.8,-99.8,-99.8,-99.8,-99.8,-99.8,-99.8
2023-11-24 22:00:00,1017.4,20.8,61.0,1.5,307.0,4.6,270.0,0.0,-99.8,-99.8,-99.8,-99.8,-99.8,-99.8,-99.8
2023-11-24 23:00:00,1017.4,20.7,62.0,2.5,306.0,6.4,285.0,0.0,-99.8,-99.8,-99.8,-99.8,-99.8,-99.8,-99.8
2023-11-25 00:00:00,1017.2,19.9,69.0,0.3,7.0,6.4,285.0,0.0,-99.8,-99.8,-99.8,-99.8,-99.8,-99.8,-99.8
2023-11-25 01:00:00,1016.7,19.9,68.0,0.7,355.0,2.5,263.0,0.0,-99.8,-99.8,-99.8,-99.8,-99.8,-99.8,-99.8
2023-11-25 02:00:00,1016.2,19.4,73.0,0.4,309.0,4.5,23.0,0.0,-99.8,-99.8,-99.8,-99.8,-99.8,-99.8,-99.8
2023-11-25 03:00:00,1015.8,19.2,74.0,0.3,349.0,3.7,266.0,0.0,-99.8,-99.8,-99.8,-99.8,-99.8,-99.8,-99.8
2023-11-25 04:00:00,1015.4,19.3,73.0,0.6,338.0,1.1,5.0,0.0,-99.8,-99.8,-99.8,-99.8,-99.8,-99.8,-99.8
2023-11-25 05:00:00,1016.0,19.8,70.0,0.4,337.0,2.4,235.0,0.0,-99.8,-99.8,-99.8,-99.8,-99.8,-99.8,-99.8
2023-11-25 06:00:00,1016.6,20.0,65.0,0.8,340.0,2.3,287.0,0.0,-99.8,-99.8,-99.8,-99.8,-99.8,-99.8,-99.8
2023-11-25 07:00:00,1017.1,19.6,72.0,0.3,5.0,1.7,43.0,0.0,-99.8,-99.8,-99.8,-99.8,-99.8,-99.8,-99.8
2023-11-25 08:00:00,1017.8,19.9,71.0,1.0,274.0,2.2,326.0,0.0,-99.8,-99.8,-99.8,-99.8,-99.8,-99.8,-99.8
2023-11-25 09:00:00,1018.2,20.4,72.0,0.2,0.0,3.2,308.0,0.0,-99.8,-99.8,-99.8,-99.8,-99.8,-99.8,-99.8
2023-11-25 10:00:00,1018.0,20.2,75.0,0.2,0.0,1.6,13.0,0.0,-99.8,-99.8,-99.8,-99.8,-99.8,-99.8,-99.8
2023-11-25 11:00:00,1017.4,20.5,75.0,2.0,260.0,4.1,225.0,0.0,-99.8,-99.8,-99.8,-99.8,-99.8,-99.8,-99.8
2023-11-25 12:00:00,1016.7,21.1,74.0,0.4,173.0,4.6,309.0,0.0,-99.8,-99.8,-99.8,-99.8,-99.8,-99.8,-99.8
2023-11-25 13:00:00,1015.6,22.0,69.0,1.4,230.0,3.2,249.0,0.0,-99.8,-99.8,-99.8,-99.8,-99.8,-99.8,-99.8
2023-11-25 14:00:00,1015.0,21.3,74.0,2.0,244.0,6.9,220.0,0.0,-99.8,-99.8,-99.8,-99.8,-99.8,-99.8,-99.8
2023-11-25 15:00:00,1015.1,20.2,82.0,1.1,21.0,2.5,296.0,0.0,-99.8,-99.8,-99.8,-99.8,-99.8,-99.8,-99.8
2023-11-25 16:00:00,1015.1,20.7,80.0,0.6,28.0,2.9,22.0,0.0,-99.8,-99.8,-99.8,-99.8,-99.8,-99.8,-99.8
2023-11-25 17:00:00,1015.4,20.1,81.0,0.8,19.0,2.7,36.0,0.0,-99.8,-99.8,-99.8,-99.8,-99.8,-99.8,-99.8
2023-11-25 18:00:00,1015.6,19.7,81.0,0.8,17.0,1.9,19.0,0.0,-99.8,-99.8,-99.8,-99.8,-99.8,-99.8,-99.8
2023-11-25 19:00:00,1016.2,19.5,81.0,0.8,16.0,2.1,332.0,0.0,-99.8,-99.8,-99.8,-99.8,-99.8,-99.8,-99.8
2023-11-25 20:00:00,1016.5,20.0,83.0,1.1,241.0,2.7,247.0,0.0,-99.8,-99.8,-99.8,-99.8,-99.8,-99.8,-99.8
2023-11-25 21:00:00,1016.6,19.7,85.0,0.9,252.0,3.4,223.0,0.0,-99.8,-99.8,-99.8,-99.8,-99.8,-99.8,-99.8
2023-11-25 22:00:00,1015.8,19.4,84.0,0.5,13.0,2.1,221.0,0.0,-99.8,-99.8,-99.8,-99.8,-99.8,-99.8,-99.8
2023-11-25 23:00:00,1016.0,19.5,89.0,1.2,264.0,4.2,246.0,0.0,-99.8,-99.8,-99.8,-99.8,-99.8,-99.8,-99.8
2023-11-26 00:00:00,1014.9,19.3,87.0,0.3,345.0,2.8,264.0,0.0,-99.8,-99.8,-99.8,-99.8,-99.8,-99.8,-99.8
2023-11-26 01:00:00,1014.5,19.3,83.0,0.7,330.0,1.9,303.0,0.0,-99.8,-99.8,-99.8,-99.8,-99.8,-99.8,-99.8
2023-11-26 02:00:00,1014.4,19.9,83.0,0.9,252.0,4.8,230.0,0.0,-99.8,-99.8,-99.8,-99.8,-99.8,-99.8,-99.8
2023-11-26 03:00:00,1013.7,19.5,84.0,0.4,344.0,2.7,101.0,0.0,-99.8,-99.8,-99.8,-99.8,-99.8,-99.8,-99.8
2023-11-26 04:00:00,1013.7,19.8,78.0,0.5,333.0,2.7,26.0,0.0,-99.8,-99.8,-99.8,-99.8,-99.8,-99.8,-99.8
2023-11-26 05:00:00,1013.9,20.1,88.0,0.2,0.0,2.7,171.0,0.0,-99.8,-99.8,-99.8,-99.8,-99.8,-99.8,-99.8
2023-11-26 06:00:00,1014.3,19.7,88.0,0.2,0.0,1.6,50.0,0.0,-99.8,-99.8,-99.8,-99.8,-99.8,-99.8,-99.8
2023-11-26 07:00:00,1014.8,19.9,87.0,0.2,0.0,0.9,316.0,0.0,-99.8,-99.8,-99.8,-99.8,-99.8,-99.8,-99.8
2023-11-26 08:00:00,1015.0,21.0,80.0,0.6,41.0,2.3,230.0,0.0,-99.8,-99.8,-99.8,-99.8,-99.8,-99.8,-99.8
2023-11-26 09:00:00,1015.2,22.9,74.0,0.8,168.0,3.4,147.0,0.0,-99.8,-99.8,-99.8,-99.8,-99.8,-99.8,-99.8
2023-11-26 10:00:00,1014.8,22.3,74.0,1.5,273.0,7.1,213.0,0.0,-99.8,-99.8,-99.8,-99.8,-99.8,-99.8,-99.8
2023-11-26 11:00:00,1014.3,23.2,70.0,2.7,222.0,6.1,223.0,0.0,-99.8,-99.8,-99.8,-99.8,-99.8,-99.8,-99.8
2023-11-26 12:00:00,1013.4,23.9,71.0,1.9,211.0,4.4,213.0,0.0,-99.8,-99.8,-99.8,-99.8,-99.8,-99.8,-99.8
2023-11-26 13:00:00,1012.1,22.8,72.0,4.6,230.0,9.6,218.0,0.0,-99.8,-99.8,-99.8,-99.8,-99.8,-99.8,-99.8
2023-11-26 14:00:00,1012.0,22.1,69.0,1.0,305.0,9.8,226.0,0.0,-99.8,-99.8,-99.8,-99.8,-99.8,-99.8,-99.8
2023-11-26 15:00:00,1011.7,22.2,75.0,0.7,38.0,3.0,37.0,0.0,-99.8,-99.8,-99.8,-99.8,-99.8,-99.8,-99.8
2023-11-26 16:00:00,1011.7,21.3,83.0,1.3,256.0,3.9,220.0,0.0,-99.8,-99.8,-99.8,-99.8,-99.8,-99.8,-99.8
2023-11-26 17:00:00,1012.0,21.0,86.0,0.1,0.0,3.3,276.0,0.0,-99.8,-99.8,-99.8,-99.8,-99.8,-99.8,-99.8
2023-11-26 18:00:00,1012.3,20.1,89.0,0.3,351.0,1.1,11.0,0.0,-99.8,-99.8,-99.8,-99.8,-99.8,-99.8,-99.8
2023-11-26 19:00:00,1013.0,20.5,85.0,0.8,13.0,1.8,21.0,0.0,-99.8,-99.8,-99.8,-99.8,-99.8,-99.8,-99.8
2023-11-26 20:00:00,1012.9,20.0,91.0,0.8,10.0,2.5,20.0,0.0,-99.8,-99.8,-99.8,-99.8,-99.8,-99.8,-99.8
2023-11-26 21:00:00,1012.9,19.9,92.0,0.5,320.0,1.5,6.0,0.0,-99.8,-99.8,-99.8,-99.8,-99.8,-99.8,-99.8
2023-11-26 22:00:00,1012.6,20.0,90.0,0.0,0.0,1.3,359.0,0.0,-99.8,-99.8,-99.8,-99.8,-99.8,-99.8,-99.8
2023-11-26 23:00:00,1011.7,20.2,88.0,0.5,360.0,1.1,291.0,0.0,-99.8,-99.8,-99.8,-99.8,-99.8,-99.8,-99.8
2023-11-27 00:00:00,1011.2,19.9,88.0,0.5,6.0,1.2,358.0,0.0,-99.8,-99.8,-99.8,-99.8,-99.8,-99.8,-99.8
2023-11-27 01:00:00,1011.0,20.5,84.0,0.4,312.0,1.0,331.0,0.0,-99.8,-99.8,-99.8,-99.8,-99.8,-99.8,-99.8
2023-11-27 02:00:00,1010.7,20.4,87.0,0.6,338.0,1.0,331.0,0.0,-99.8,-99.8,-99.8,-99.8,-99.8,-99.8,-99.8
2023-11-27 03:00:00,1010.1,20.1,88.0,0.5,333.0,0.9,336.0,0.0,-99.8,-99.8,-99.8,-99.8,-99.8,-99.8,-99.8
2023-11-27 04:00:00,1010.3,19.8,89.0,0.7,347.0,1.3,2.0,0.0,-99.8,-99.8,-99.8,-99.8,-99.8,-99.8,-99.8
2023-11-27 05:00:00,1010.4,19.5,89.0,0.6,337.0,1.3,312.0,0.0,-99.8,-99.8,-99.8,-99.8,-99.8,-99.8,-99.8
2023-11-27 06:00:00,1011.0,19.2,90.0,0.4,355.0,1.4,302.0,0.0,-99.8,-99.8,-99.8,-99.8,-99.8,-99.8,-99.8
2023-11-27 07:00:00,1011.5,19.8,87.0,0.5,355.0,1.2,3.0,0.0,-99.8,-99.8,-99.8,-99.8,-99.8,-99.8,-99.8
2023-11-27 08:00:00,1012.0,25.3,70.0,0.5,159.0,1.7,217.0,0.0,-99.8,-99.8,-99.8,-99.8,-99.8,-99.8,-99.8
2023-11-27 09:00:00,1012.6,22.8,72.0,2.8,232.0,5.8,222.0,0.0,-99.8,-99.8,-99.8,-99.8,-99.8,-99.8,-99.8
2023-11-27 10:00:00,1012.0,24.3,72.0,4.6,217.0,7.8,212.0,0.0,-99.8,-99.8,-99.8,-99.8,-99.8,-99.8,-99.8
2023-11-27 11:00:00,1011.6,24.5,66.0,0.7,61.0,8.4,215.0,0.0,-99.8,-99.8,-99.8,-99.8,-99.8,-99.8,-99.8
2023-11-27 12:00:00,1010.7,24.6,67.0,7.1,216.0,10.7,224.0,0.0,-99.8,-99.8,-99.8,-99.8,-99.8,-99.8,-99.8
2023-11-27 13:00:00,1010.4,23.3,71.0,2.5,256.0,9.7,196.0,0.0,-99.8,-99.8,-99.8,-99.8,-99.8,-99.8,-99.8
2023-11-27 14:00:00,1010.0,23.3,66.0,2.1,264.0,4.2,288.0,0.0,-99.8,-99.8,-99.8,-99.8,-99.8,-99.8,-99.8
2023-11-27 15:00:00,1010.0,23.4,68.0,0.8,270.0,5.0,273.0,0.0,-99.8,-99.8,-99.8,-99.8,-99.8,-99.8,-99.8
2023-11-27 16:00:00,1010.3,22.9,69.0,0.8,316.0,3.5,230.0,0.0,-99.8,-99.8,-99.8,-99.8,-99.8,-99.8,-99.8
2023-11-27 17:00:00,1010.8,22.5,69.0,0.5,312.0,2.8,304.0,0.0,-99.8,-99.8,-99.8,-99.8,-99.8,-99.8,-99.8
2023-11-27 18:00:00,1011.7,20.7,80.0,0.5,8.0,2.7,339.0,0.0,-99.8,-99.8,-99.8,-99.8,-99.8,-99.8,-99.8
2023-11-27 19:00:00,1012.4,21.0,80.0,0.2,0.0,1.3,335.0,0.0,-99.8,-99.8,-99.8,-99.8,-99.8,-99.8,-99.8
2023-11-27 20:00:00,1012.9,21.1,77.0,0.4,360.0,1.1,298.0,0.0,-99.8,-99.8,-99.8,-99.8,-99.8,-99.8,-99.8
2023-11-27 21:00:00,1013.3,21.0,79.0,0.3,1.0,1.1,4.0,0.0,-99.8,-99.8,-99.8,-99.8,-99.8,-99.8,-99.8
2023-11-27 22:00:00,1013.3,20.7,80.0,0.4,7.0,1.0,344.0,0.0,-99.8,-99.8,-99.8,-99.8,-99.8,-99.8,-99.8
2023-11-27 23:00:00,1013.2,21.0,76.0,0.4,330.0,1.3,333.0,0.0,-99.8,-99.8,-99.8,-99.8,-99.8,-99.8,-99.8
2023-11-28 00:00:00,1013.2,21.1,78.0,0.6,17.0,1.2,332.0,0.0,-99.8,-99.8,-99.8,-99.8,-99.8,-99.8,-99.8
2023-11-28 01:00:00,1013.3,20.9,78.0,0.7,3.0,1.1,347.0,0.0,-99.8,-99.8,-99.8,-99.8,-99.8,-99.8,-99.8
2023-11-28 02:00:00,1013.0,20.8,79.0,0.5,17.0,1.6,40.0,0.0,-99.8,-99.8,-99.8,-99.8,-99.8,-99.8,-99.8
2023-11-28 03:00:00,1012.8,20.7,78.0,0.6,355.0,1.1,331.0,0.0,-99.8,-99.8,-99.8,-99.8,-99.8,-99.8,-99.8
2023-11-28 04:00:00,1013.0,20.6,79.0,0.5,353.0,1.1,360.0,0.0,-99.8,-99.8,-99.8,-99.8,-99.8,-99.8,-99.8
2023-11-28 05:00:00,1013.5,20.6,80.0,0.4,359.0,1.1,328.0,0.0,-99.8,-99.8,-99.8,-99.8,-99.8,-99.8,-99.8
2023-11-28 06:00:00,1014.6,20.1,82.0,0.5,14.0,1.4,29.0,0.0,-99.8,-99.8,-99.8,-99.8,-99.8,-99.8,-99.8
2023-11-28 07:00:00,1015.4,21.8,66.0,2.0,33.0,4.6,9.0,0.0,-99.8,-99.8,-99.8,-99.8,-99.8,-99.8,-99.8
2023-11-28 08:00:00,1016.1,22.2,63.0,2.5,1.0,6.4,25.0,0.0,-99.8,-99.8,-99.8,-99.8,-99.8,-99.8,-99.8
2023-11-28 09:00:00,1016.4,23.5,58.0,2.2,24.0,6.6,266.0,0.0,-99.8,-99.8,-99.8,-99.8,-99.8,-99.8,-99.8
2023-11-28 10:00:00,1015.9,23.4,52.0,2.9,259.0,7.3,261.0,0.0,-99.8,-99.8,-99.8,-99.8,-99.8,-99.8,-99.8
2023-11-28 11:00:00,1015.6,24.0,52.0,3.4,259.0,9.2,244.0,0.0,-99.8,-99.8,-99.8,-99.8,-99.8,-99.8,-99.8
2023-11-28 12:00:00,1015.6,23.2,55.0,8.4,233.0,14.1,235.0,0.0,-99.8,-99.8,-99.8,-99.8,-99.8,-99.8,-99.8
2023-11-28 13:00:00,1015.4,23.1,53.0,2.3,239.0,13.9,230.0,0.0,-99.8,-99.8,-99.8,-99.8,-99.8,-99.8,-99.8
2023-11-28 14:00:00,1015.1,22.9,53.0,6.5,217.0,10.7,192.0,0.0,-99.8,-99.8,-99.8,-99.8,-99.8,-99.8,-99.8
2023-11-28 15:00:00,1015.3,22.7,52.0,2.7,195.0,8.4,209.0,0.0,-99.8,-99.8,-99.8,-99.8,-99.8,-99.8,-99.8
2023-11-28 16:00:00,1015.3,21.0,63.0,0.5,354.0,4.7,199.0,0.0,-99.8,-99.8,-99.8,-99.8,-99.8,-99.8,-99.8
2023-11-28 17:00:00,1015.4,20.0,66.0,0.8,12.0,1.8,28.0,0.0,-99.8,-99.8,-99.8,-99.8,-99.8,-99.8,-99.8
2023-11-28 18:00:00,1015.7,19.7,65.0,0.8,10.0,2.6,21.0,0.0,-99.8,-99.8,-99.8,-99.8,-99.8,-99.8,-99.8
2023-11-28 19:00:00,1016.2,19.5,67.0,0.8,11.0,2.4,22.0,0.0,-99.8,-99.8,-99.8,-99.8,-99.8,-99.8,-99.8
2023-11-28 20:00:00,1016.3,19.9,67.0,0.9,16.0,1.7,4.0,0.0,-99.8,-99.8,-99.8,-99.8,-99.8,-99.8,-99.8
2023-11-28 21:00:00,1016.3,20.2,67.0,0.7,8.0,1.6,344.0,0.0,-99.8,-99.8,-99.8,-99.8,-99.8,-99.8,-99.8
2023-11-28 22:00:00,1016.0,20.0,68.0,0.8,14.0,1.9,5.0,0.0,-99.8,-99.8,-99.8,-99.8,-99.8,-99.8,-99.8
2023-11-28 23:00:00,1015.6,20.2,69.0,0.7,13.0,1.7,29.0,0.0,-99.8,-99.8,-99.8,-99.8,-99.8,-99.8,-99.8
2023-11-29 00:00:00,1015.1,20.2,70.0,0.7,11.0,1.7,17.0,0.0,-99.8,-99.8,-99.8,-99.8,-99.8,-99.8,-99.8
2023-11-29 01:00:00,1014.6,20.0,72.0,0.5,1.0,1.6,348.0,0.0,-99.8,-99.8,-99.8,-99.8,-99.8,-99.8,-99.8
2023-11-29 02:00:00,1014.1,19.4,71.0,1.0,14.0,2.1,20.0,0.0,-99.8,-99.8,-99.8,-99.8,-99.8,-99.8,-99.8
2023-11-29 03:00:00,1013.7,19.5,71.0,1.2,15.0,2.7,6.0,0.0,-99.8,-99.8,-99.8,-99.8,-99.8,-99.8,-99.8
2023-11-29 04:00:00,1013.7,19.3,73.0,0.9,14.0,2.6,3.0,0.0,-99.8,-99.8,-99.8,-99.8,-99.8,-99.8,-99.8
2023-11-29 05:00:00,1013.8,19.4,67.0,1.4,15.0,2.9,12.0,0.0,-99.8,-99.8,-99.8,-99.8,-99.8,-99.8,-99.8
2023-11-29 06:00:00,1014.3,19.5,71.0,1.2,13.0,3.0,4.0,0.0,-99.8,-99.8,-99.8,-99.8,-99.8,-99.8,-99.8
2023-11-29 07:00:00,1015.1,20.4,67.0,1.3,15.0,2.9,4.0,0.0,-99.8,-99.8,-99.8,-99.8,-99.8,-99.8,-99.8
2023-11-29 08:00:00,1015.5,25.4,60.0,0.7,182.0,2.5,5.0,0.0,-99.8,-99.8,-99.8,-99.8,-99.8,-99.8,-99.8
2023-11-29 09:00:00,1015.8,26.2,55.0,1.1,193.0,3.2,214.0,0.0,-99.8,-99.8,-99.8,-99.8,-99.8,-99.8,-99.8
2023-11-29 10:00:00,1015.3,26.2,56.0,1.1,181.0,2.5,211.0,0.0,-99.8,-99.8,-99.8,-99.8,-99.8,-99.8,-99.8
2023-11-29 11:00:00,1014.6,27.3,51.0,1.3,190.0,3.0,206.0,0.0,-99.8,-99.8,-99.8,-99.8,-99.8,-99.8,-99.8
2023-11-29 12:00:00,1013.8,27.2,50.0,1.3,196.0,2.7,207.0,0.0,-99.8,-99.8,-99.8,-99.8,-99.8,-99.8,-99.8
2023-11-29 13:00:00,1013.0,26.2,55.0,1.5,198.0,2.8,204.0,0.0,-99.8,-99.8,-99.8,-99.8,-99.8,-99.8,-99.8
2023-11-29 14:00:00,1012.9,27.2,52.0,1.0,158.0,2.7,226.0,0.0,-99.8,-99.8,-99.8,-99.8,-99.8,-99.8,-99.8
2023-11-29 15:00:00,1013.1,24.2,60.0,0.5,151.0,2.0,204.0,0.0,-99.8,-99.8,-99.8,-99.8,-99.8,-99.8,-99.8
2023-11-29 16:00:00,1013.1,23.4,66.0,0.0,0.0,1.0,149.0,0.0,-99.8,-99.8,-99.8,-99.8,-99.8,-99.8,-99.8
2023-11-29 17:00:00,1013.7,22.3,71.0,0.4,322.0,0.9,286.0,0.0,-99.8,-99.8,-99.8,-99.8,-99.8,-99.8,-99.8
2023-11-29 18:00:00,1014.2,20.9,78.0,0.7,329.0,1.5,303.0,0.0,-99.8,-99.8,-99.8,-99.8,-99.8,-99.8,-99.8
2023-11-29 19:00:00,1014.3,21.4,75.0,0.7,339.0,1.4,322.0,0.0,-99.8,-99.8,-99.8,-99.8,-99.8,-99.8,-99.8
2023-11-29 20:00:00,1014.3,21.5,74.0,0.4,334.0,1.3,342.0,0.0,-99.8,-99.8,-99.8,-99.8,-99.8,-99.8,-99.8
2023-11-29 21:00:00,1014.2,21.6,76.0,0.3,349.0,1.2,15.0,0.0,-99.8,-99.8,-99.8,-99.8,-99.8,-99.8,-99.8
2023-11-29 22:00:00,1014.5,21.6,76.0,0.5,334.0,1.1,29.0,0.0,-99.8,-99.8,-99.8,-99.8,-99.8,-99.8,-99.8
2023-11-29 23:00:00,1013.9,21.7,74.0,0.2,0.0,1.2,245.0,0.0,-99.8,-99.8,-99.8,-99.8,-99.8,-99.8,-99.8
2023-11-30 00:00:00,1014.1,22.0,72.0,0.3,323.0,2.0,290.0,0.0,-99.8,-99.8,-99.8,-99.8,-99.8,-99.8,-99.8
2023-11-30 01:00:00,1013.6,21.9,73.0,0.5,13.0,1.2,35.0,0.0,-99.8,-99.8,-99.8,-99.8,-99.8,-99.8,-99.8
2023-11-30 02:00:00,1013.5,22.0,69.0,0.6,352.0,1.3,358.0,0.0,-99.8,-99.8,-99.8,-99.8,-99.8,-99.8,-99.8
2023-11-30 03:00:00,1013.3,21.7,69.0,0.3,330.0,1.2,341.0,0.0,-99.8,-99.8,-99.8,-99.8,-99.8,-99.8,-99.8
2023-11-30 04:00:00,1013.6,22.0,69.0,0.4,348.0,1.2,303.0,0.0,-99.8,-99.8,-99.8,-99.8,-99.8,-99.8,-99.8
2023-11-30 05:00:00,1013.4,21.5,72.0,0.8,321.0,1.8,25.0,0.0,-99.8,-99.8,-99.8,-99.8,-99.8,-99.8,-99.8
2023-11-30 06:00:00,1014.2,21.6,70.0,0.6,328.0,1.2,328.0,0.0,-99.8,-99.8,-99.8,-99.8,-99.8,-99.8,-99.8
2023-11-30 07:00:00,1014.7,21.8,71.0,0.8,12.0,1.8,11.0,0.0,-99.8,-99.8,-99.8,-99.8,-99.8,-99.8,-99.8
2023-11-30 08:00:00,1015.5,23.0,75.0,0.4,16.0,2.2,21.0,0.0,-99.8,-99.8,-99.8,-99.8,-99.8,-99.8,-99.8
2023-11-30 09:00:00,1015.7,25.0,66.0,0.6,196.0,1.9,214.0,0.0,-99.8,-99.8,-99.8,-99.8,-99.8,-99.8,-99.8
2023-11-30 10:00:00,1015.6,25.1,65.0,1.6,226.0,4.8,222.0,0.0,-99.8,-99.8,-99.8,-99.8,-99.8,-99.8,-99.8
2023-11-30 11:00:00,1015.1,24.1,72.0,2.2,248.0,7.1,227.0,0.0,-99.8,-99.8,-99.8,-99.8,-99.8,-99.8,-99.8
2023-11-30 12:00:00,1014.6,23.7,74.0,1.8,224.0,5.9,243.0,0.0,-99.8,-99.8,-99.8,-99.8,-99.8,-99.8,-99.8
2023-11-30 13:00:00,1014.1,22.5,75.0,1.6,258.0,6.2,236.0,0.0,-99.8,-99.8,-99.8,-99.8,-99.8,-99.8,-99.8
2023-11-30 14:00:00,1013.9,21.9,74.0,1.8,282.0,4.7,234.0,0.0,-99.8,-99.8,-99.8,-99.8,-99.8,-99.8,-99.8
2023-11-30 15:00:00,1014.0,21.5,80.0,0.7,229.0,2.6,218.0,0.0,-99.8,-99.8,-99.8,-99.8,-99.8,-99.8,-99.8
2023-11-30 16:00:00,1014.8,21.3,81.0,0.3,319.0,4.3,219.0,0.0,-99.8,-99.8,-99.8,-99.8,-99.8,-99.8,-99.8
2023-11-30 17:00:00,1015.2,21.0,81.0,0.4,305.0,4.0,230.0,0.0,-99.8,-99.8,-99.8,-99.8,-99.8,-99.8,-99.8
2023-11-30 18:00:00,1015.9,21.2,83.0,0.9,254.0,4.1,217.0,0.0,-99.8,-99.8,-99.8,-99.8,-99.8,-99.8,-99.8
2023-11-30 19:00:00,1016.5,20.6,85.0,0.5,290.0,2.0,265.0,0.0,-99.8,-99.8,-99.8,-99.8,-99.8,-99.8,-99.8
2023-11-30 20:00:00,1017.0,20.1,91.0,0.2,0.0,0.9,258.0,0.0,-99.8,-99.8,-99.8,-99.8,-99.8,-99.8,-99.8
2023-11-30 21:00:00,1017.2,20.0,93.0,0.2,0.0,1.8,248.0,0.0,-99.8,-99.8,-99.8,-99.8,-99.8,-99.8,-99.8
2023-11-30 22:00:00,1017.2,19.9,93.0,0.5,270.0,2.7,258.0,0.0,-99.8,-99.8,-99.8,-99.8,-99.8,-99.8,-99.8
2023-11-30 23:00:00,1016.9,19.9,93.0,0.2,0.0,2.3,243.0,0.0,-99.8,-99.8,-99.8,-99.8,-99.8,-99.8,-99.8
2023-12-01 00:00:00,1016.3,19.8,92.0,0.3,289.0,1.4,243.0,0.0,-99.8,-99.8,-99.8,-99.8,-99.8,-99.8,-99.8
2023-12-01 01:00:00,1016.0,19.8,93.0,0.3,349.0,1.6,298.0,0.0,-99.8,-99.8,-99.8,-99.8,-99.8,-99.8,-99.8
2023-12-01 02:00:00,1015.9,19.4,95.0,0.2,0.0,1.0,284.0,0.0,-99.8,-99.8,-99.8,-99.8,-99.8,-99.8,-99.8
2023-12-01 03:00:00,1015.3,19.1,97.0,0.7,319.0,1.1,306.0,0.0,-99.8,-99.8,-99.8,-99.8,-99.8,-99.8,-99.8
2023-12-01 04:00:00,1015.4,19.3,97.0,0.4,1.0,1.2,21.0,0.0,-99.8,-99.8,-99.8,-99.8,-99.8,-99.8,-99.8
2023-12-01 05:00:00,1015.5,19.0,97.0,0.6,320.0,1.2,17.0,0.0,-99.8,-99.8,-99.8,-99.8,-99.8,-99.8,-99.8
2023-12-01 06:00:00,1016.2,19.2,96.0,0.5,340.0,1.9,259.0,0.0,-99.8,-99.8,-99.8,-99.8,-99.8,-99.8,-99.8
2023-12-01 07:00:00,1016.6,19.3,96.0,0.3,313.0,1.3,296.0,0.0,-99.8,-99.8,-99.8,-99.8,-99.8,-99.8,-99.8
2023-12-01 08:00:00,1017.0,19.6,94.0,0.1,0.0,1.3,240.0,0.0,-99.8,-99.8,-99.8,-99.8,-99.8,-99.8,-99.8
2023-12-01 09:00:00,1017.4,21.1,83.0,0.4,23.0,3.5,241.0,0.5,-99.8,-99.8,-99.8,-99.8,-99.8,-99.8,-99.8
2023-12-01 10:00:00,1017.4,20.8,75.0,1.4,284.0,5.9,283.0,0.0,-99.8,-99.8,-99.8,-99.8,-99.8,-99.8,-99.8
2023-12-01 11:00:00,1017.1,20.4,78.0,2.5,282.0,7.1,272.0,0.0,-99.8,-99.8,-99.8,-99.8,-99.8,-99.8,-99.8
2023-12-01 12:00:00,1016.7,20.3,78.0,1.9,255.0,8.1,306.0,0.0,-99.8,-99.8,-99.8,-99.8,-99.8,-99.8,-99.8
2023-12-01 13:00:00,1015.5,20.2,78.0,1.4,262.0,4.9,270.0,0.0,-99.8,-99.8,-99.8,-99.8,-99.8,-99.8,-99.8
2023-12-01 14:00:00,1015.5,20.2,76.0,1.2,263.0,5.1,221.0,0.0,-99.8,-99.8,-99.8,-99.8,-99.8,-99.8,-99.8
2023-12-01 15:00:00,1015.5,20.2,75.0,0.9,302.0,4.9,223.0,0.0,-99.8,-99.8,-99.8,-99.8,-99.8,-99.8,-99.8
2023-12-01 16:00:00,1015.5,19.5,78.0,1.2,287.0,4.4,253.0,0.0,-99.8,-99.8,-99.8,-99.8,-99.8,-99.8,-99.8
2023-12-01 17:00:00,1015.8,18.9,77.0,2.0,250.0,6.6,235.0,0.0,-99.8,-99.8,-99.8,-99.8,-99.8,-99.8,-99.8
2023-12-01 18:00:00,1016.4,18.6,77.0,2.0,236.0,5.9,208.0,0.0,-99.8,-99.8,-99.8,-99.8,-99.8,-99.8,-99.8
2023-12-01 19:00:00,1017.1,18.9,75.0,1.4,348.0,3.9,268.0,0.0,-99.8,-99.8,-99.8,-99.8,-99.8,-99.8,-99.8
2023-12-01 20:00:00,1017.2,18.7,76.0,0.8,247.0,3.9,270.0,0.0,-99.8,-99.8,-99.8,-99.8,-99.8,-99.8,-99.8
2023-12-01 21:00:00,1017.8,18.5,77.0,0.6,293.0,3.3,204.0,0.0,-99.8,-99.8,-99.8,-99.8,-99.8,-99.8,-99.8
2023-12-01 22:00:00,1017.7,18.2,80.0,0.6,227.0,3.2,161.0,0.0,-99.8,-99.8,-99.8,-99.8,-99.8,-99.8,-99.8
2023-12-01 23:00:00,1017.6,18.2,80.0,0.5,72.0,3.9,216.0,0.0,-99.8,-99.8,-99.8,-99.8,-99.8,-99.8,-99.8
2023-12-02 00:00:00,1017.2,18.0,82.0,0.2,0.0,3.5,195.0,0.0,-99.8,-99.8,-99.8,-99.8,-99.8,-99.8,-99.8
2023-12-02 01:00:00,1016.9,18.1,81.0,0.6,249.0,2.6,250.0,0.0,-99.8,-99.8,-99.8,-99.8,-99.8,-99.8,-99.8
2023-12-02 02:00:00,1016.8,17.8,84.0,0.2,0.0,1.7,259.0,0.0,-99.8,-99.8,-99.8,-99.8,-99.8,-99.8,-99.8
2023-12-02 03:00:00,1016.4,17.9,81.0,0.6,264.0,1.6,262.0,0.0,-99.8,-99.8,-99.8,-99.8,-99.8,-99.8,-99.8
2023-12-02 04:00:00,1016.7,17.9,83.0,0.3,1.0,1.2,4.0,0.0,-99.8,-99.8,-99.8,-99.8,-99.8,-99.8,-99.8
2023-12-02 05:00:00,1016.8,17.7,85.0,0.4,328.0,1.0,315.0,0.0,-99.8,-99.8,-99.8,-99.8,-99.8,-99.8,-99.8
2023-12-02 06:00:00,1017.5,18.0,84.0,0.3,347.0,1.3,20.0,0.0,-99.8,-99.8,-99.8,-99.8,-99.8,-99.8,-99.8
2023-12-02 07:00:00,1018.1,18.4,84.0,0.3,17.0,1.3,23.0,0.0,-99.8,-99.8,-99.8,-99.8,-99.8,-99.8,-99.8
2023-12-02 08:00:00,1018.2,19.3,82.0,0.3,29.0,1.0,31.0,0.0,-99.8,-99.8,-99.8,-99.8,-99.8,-99.8,-99.8
2023-12-02 09:00:00,1018.5,20.0,73.0,1.5,235.0,4.8,238.0,0.0,-99.8,-99.8,-99.8,-99.8,-99.8,-99.8,-99.8
2023-12-02 10:00:00,1018.3,20.0,76.0,3.7,223.0,7.1,217.0,0.0,-99.8,-99.8,-99.8,-99.8,-99.8,-99.8,-99.8
2023-12-02 11:00:00,1017.6,20.9,76.0,3.6,218.0,6.6,214.0,0.0,-99.8,-99.8,-99.8,-99.8,-99.8,-99.8,-99.8
2023-12-02 12:00:00,1016.5,20.6,78.0,4.2,218.0,7.7,220.0,0.0,-99.8,-99.8,-99.8,-99.8,-99.8,-99.8,-99.8
2023-12-02 13:00:00,1015.2,20.4,78.0,4.1,228.0,9.5,215.0,0.0,-99.8,-99.8,-99.8,-99.8,-99.8,-99.8,-99.8
2023-12-02 14:00:00,1014.5,20.4,75.0,3.6,228.0,6.6,222.0,0.0,-99.8,-99.8,-99.8,-99.8,-99.8,-99.8,-99.8
2023-12-02 15:00:00,1014.7,20.4,77.0,0.9,265.0,6.1,250.0,0.0,-99.8,-99.8,-99.8,-99.8,-99.8,-99.8,-99.8
2023-12-02 16:00:00,1015.0,20.4,77.0,0.4,291.0,4.1,234.0,0.0,-99.8,-99.8,-99.8,-99.8,-99.8,-99.8,-99.8
2023-12-02 17:00:00,1015.5,19.7,84.0,0.5,18.0,1.8,71.0,0.0,-99.8,-99.8,-99.8,-99.8,-99.8,-99.8,-99.8
2023-12-02 18:00:00,1016.0,19.5,86.0,0.4,6.0,1.0,5.0,0.0,-99.8,-99.8,-99.8,-99.8,-99.8,-99.8,-99.8
2023-12-02 19:00:00,1016.5,19.4,85.0,0.6,24.0,2.0,34.0,0.0,-99.8,-99.8,-99.8,-99.8,-99.8,-99.8,-99.8
2023-12-02 20:00:00,1016.4,19.3,84.0,0.4,328.0,1.0,45.0,0.0,-99.8,-99.8,-99.8,-99.8,-99.8,-99.8,-99.8
2023-12-02 21:00:00,1016.7,19.0,89.0,0.3,360.0,1.0,313.0,0.0,-99.8,-99.8,-99.8,-99.8,-99.8,-99.8,-99.8
2023-12-02 22:00:00,1016.8,19.1,87.0,0.4,347.0,1.6,19.0,0.0,-99.8,-99.8,-99.8,-99.8,-99.8,-99.8,-99.8
2023-12-02 23:00:00,1016.4,19.3,87.0,0.3,2.0,1.5,340.0,0.0,-99.8,-99.8,-99.8,-99.8,-99.8,-99.8,-99.8
2023-12-03 00:00:00,1016.0,19.2,87.0,0.5,333.0,1.1,35.0,0.0,-99.8,-99.8,-99.8,-99.8,-99.8,-99.8,-99.8
2023-12-03 01:00:00,1015.2,19.3,87.0,0.3,322.0,1.1,327.0,0.0,-99.8,-99.8,-99.8,-99.8,-99.8,-99.8,-99.8
2023-12-03 02:00:00,1014.4,19.2,87.0,0.5,8.0,1.1,24.0,0.0,-99.8,-99.8,-99.8,-99.8,-99.8,-99.8,-99.8
2023-12-03 03:00:00,1014.0,19.3,84.0,0.4,342.0,1.7,322.0,0.0,-99.8,-99.8,-99.8,-99.8,-99.8,-99.8,-99.8
2023-12-03 04:00:00,1013.9,18.7,88.0,0.6,345.0,1.2,330.0,0.0,-99.8,-99.8,-99.8,-99.8,-99.8,-99.8,-99.8
2023-12-03 05:00:00,1013.8,18.6,87.0,0.4,359.0,1.4,4.0,0.0,-99.8,-99.8,-99.8,-99.8,-99.8,-99.8,-99.8
2023-12-03 06:00:00,1014.4,18.6,86.0,0.5,357.0,1.4,342.0,0.0,-99.8,-99.8,-99.8,-99.8,-99.8,-99.8,-99.8
2023-12-03 07:00:00,1015.3,19.8,84.0,0.5,12.0,1.4,348.0,0.0,-99.8,-99.8,-99.8,-99.8,-99.8,-99.8,-99.8
2023-12-03 08:00:00,1015.7,20.8,85.0,0.4,13.0,1.6,22.0,0.0,-99.8,-99.8,-99.8,-99.8,-99.8,-99.8,-99.8
2023-12-03 09:00:00,1015.9,20.8,83.0,0.1,0.0,1.1,358.0,0.0,-99.8,-99.8,-99.8,-99.8,-99.8,-99.8,-99.8
2023-12-03 10:00:00,1015.7,22.3,80.0,0.0,0.0,1.1,21.0,0.0,-99.8,-99.8,-99.8,-99.8,-99.8,-99.8,-99.8
2023-12-03 11:00:00,1014.6,22.6,80.0,4.1,227.0,7.2,233.0,0.0,-99.8,-99.8,-99.8,-99.8,-99.8,-99.8,-99.8
2023-12-03 12:00:00,1014.0,23.0,77.0,3.3,233.0,8.0,204.0,0.0,-99.8,-99.8,-99.8,-99.8,-99.8,-99.8,-99.8
2023-12-03 13:00:00,1013.1,22.8,77.0,2.9,236.0,6.8,229.0,0.0,-99.8,-99.8,-99.8,-99.8,-99.8,-99.8,-99.8
2023-12-03 14:00:00,1012.7,22.9,78.0,2.8,218.0,5.8,215.0,0.0,-99.8,-99.8,-99.8,-99.8,-99.8,-99.8,-99.8
2023-12-03 15:00:00,1012.8,22.2,79.0,1.5,270.0,5.7,207.0,0.0,-99.8,-99.8,-99.8,-99.8,-99.8,-99.8,-99.8
2023-12-03 16:00:00,1013.1,21.9,80.0,0.8,220.0,5.6,25.0,0.0,-99.8,-99.8,-99.8,-99.8,-99.8,-99.8,-99.8
2023-12-03 17:00:00,1013.4,20.4,92.0,0.5,299.0,2.7,234.0,0.0,-99.8,-99.8,-99.8,-99.8,-99.8,-99.8,-99.8
2023-12-03 18:00:00,1013.9,20.0,96.0,0.3,33.0,1.1,33.0,0.5,-99.8,-99.8,-99.8,-99.8,-99.8,-99.8,-99.8
2023-12-03 19:00:00,1014.2,19.8,98.0,0.4,322.0,1.3,22.0,0.0,-99.8,-99.8,-99.8,-99.8,-99.8,-99.8,-99.8
2023-12-03 20:00:00,1014.3,20.0,97.0,0.6,308.0,1.3,296.0,0.0,-99.8,-99.8,-99.8,-99.8,-99.8,-99.8,-99.8
2023-12-03 21:00:00,1014.3,20.0,98.0,0.4,8.0,1.6,306.0,0.0,-99.8,-99.8,-99.8,-99.8,-99.8,-99.8,-99.8
2023-12-03 22:00:00,1014.0,19.8,98.0,0.6,10.0,1.1,15.0,0.0,-99.8,-99.8,-99.8,-99.8,-99.8,-99.8,-99.8
2023-12-03 23:00:00,1013.7,19.7,98.0,0.8,1.0,1.7,32.0,0.5,-99.8,-99.8,-99.8,-99.8,-99.8,-99.8,-99.8
2023-12-04 00:00:00,1013.1,19.8,98.0,0.6,17.0,1.7,32.0,0.0,-99.8,-99.8,-99.8,-99.8,-99.8,-99.8,-99.8
2023-12-04 01:00:00,1012.5,19.6,98.0,0.3,325.0,1.2,306.0,0.0,-99.8,-99.8,-99.8,-99.8,-99.8,-99.8,-99.8
2023-12-04 02:00:00,1011.5,19.5,98.0,0.4,338.0,1.1,19.0,0.0,-99.8,-99.8,-99.8,-99.8,-99.8,-99.8,-99.8
2023-12-04 03:00:00,1010.4,19.6,97.0,0.5,326.0,1.3,12.0,0.0,-99.8,-99.8,-99.8,-99.8,-99.8,-99.8,-99.8
2023-12-04 04:00:00,1009.6,19.6,97.0,0.5,2.0,1.9,342.0,0.0,-99.8,-99.8,-99.8,-99.8,-99.8,-99.8,-99.8
2023-12-04 05:00:00,1009.5,19.8,97.0,0.5,3.0,1.3,27.0,0.0,-99.8,-99.8,-99.8,-99.8,-99.8,-99.8,-99.8
2023-12-04 06:00:00,1010.2,19.9,95.0,0.3,345.0,1.0,314.0,0.0,-99.8,-99.8,-99.8,-99.8,-99.8,-99.8,-99.8
2023-12-04 07:00:00,1010.1,20.1,94.0,0.5,337.0,1.6,355.0,0.0,-99.8,-99.8,-99.8,-99.8,-99.8,-99.8,-99.8
2023-12-04 08:00:00,1010.0,21.4,90.0,0.4,18.0,1.2,22.0,0.0,-99.8,-99.8,-99.8,-99.8,-99.8,-99.8,-99.8
2023-12-04 09:00:00,1010.3,23.7,78.0,0.7,177.0,2.1,202.0,0.0,-99.8,-99.8,-99.8,-99.8,-99.8,-99.8,-99.8
2023-12-04 10:00:00,1010.2,23.5,81.0,0.6,180.0,2.3,201.0,0.0,-99.8,-99.8,-99.8,-99.8,-99.8,-99.8,-99.8
2023-12-04 11:00:00,1009.3,23.8,78.0,0.1,0.0,2.1,205.0,0.0,-99.8,-99.8,-99.8,-99.8,-99.8,-99.8,-99.8
2023-12-04 12:00:00,1008.1,24.7,75.0,0.6,203.0,2.2,207.0,0.0,-99.8,-99.8,-99.8,-99.8,-99.8,-99.8,-99.8
2023-12-04 13:00:00,1007.2,24.5,74.0,0.3,119.0,1.7,159.0,0.0,-99.8,-99.8,-99.8,-99.8,-99.8,-99.8,-99.8
2023-12-04 14:00:00,1006.8,23.5,77.0,0.4,34.0,1.3,199.0,0.0,-99.8,-99.8,-99.8,-99.8,-99.8,-99.8,-99.8
2023-12-04 15:00:00,1006.6,23.1,81.0,1.9,230.0,3.8,235.0,0.0,-99.8,-99.8,-99.8,-99.8,-99.8,-99.8,-99.8
2023-12-04 16:00:00,1006.8,22.7,85.0,2.2,247.0,4.2,237.0,0.0,-99.8,-99.8,-99.8,-99.8,-99.8,-99.8,-99.8
2023-12-04 17:00:00,1007.3,22.4,85.0,0.8,265.0,3.5,297.0,0.0,-99.8,-99.8,-99.8,-99.8,-99.8,-99.8,-99.8
2023-12-04 18:00:00,1007.6,21.8,90.0,0.4,18.0,2.5,293.0,0.0,-99.8,-99.8,-99.8,-99.8,-99.8,-99.8,-99.8
2023-12-04 19:00:00,1008.1,21.0,96.0,0.5,16.0,1.2,34.0,0.0,-99.8,-99.8,-99.8,-99.8,-99.8,-99.8,-99.8
2023-12-04 20:00:00,1008.4,20.9,97.0,0.3,355.0,1.2,18.0,0.0,-99.8,-99.8,-99.8,-99.8,-99.8,-99.8,-99.8
2023-12-04 21:00:00,1008.2,20.6,98.0,1.1,16.0,2.3,4.0,0.5,-99.8,-99.8,-99.8,-99.8,-99.8,-99.8,-99.8
2023-12-04 22:00:00,1008.2,20.4,99.0,0.3,322.0,1.7,19.0,0.5,-99.8,-99.8,-99.8,-99.8,-99.8,-99.8,-99.8
2023-12-04 23:00:00,1007.8,20.5,99.0,0.0,0.0,1.0,163.0,1.5,-99.8,-99.8,-99.8,-99.8,-99.8,-99.8,-99.8
2023-12-05 00:00:00,1007.9,20.0,98.0,1.4,201.0,3.4,221.0,2.5,-99.8,-99.8,-99.8,-99.8,-99.8,-99.8,-99.8
2023-12-05 01:00:00,1007.4,19.6,100.0,0.7,14.0,1.7,18.0,4.5,-99.8,-99.8,-99.8,-99.8,-99.8,-99.8,-99.8
2023-12-05 02:00:00,1007.2,19.7,99.0,0.2,0.0,2.0,9.0,0.5,-99.8,-99.8,-99.8,-99.8,-99.8,-99.8,-99.8
2023-12-05 03:00:00,1007.0,19.8,99.0,0.4,271.0,1.4,279.0,0.5,-99.8,-99.8,-99.8,-99.8,-99.8,-99.8,-99.8
2023-12-05 04:00:00,1007.0,19.9,99.0,0.1,0.0,1.4,252.0,0.0,-99.8,-99.8,-99.8,-99.8,-99.8,-99.8,-99.8
2023-12-05 05:00:00,1007.4,19.6,100.0,0.0,0.0,3.0,201.0,2.0,-99.8,-99.8,-99.8,-99.8,-99.8,-99.8,-99.8
2023-12-05 06:00:00,1008.0,19.4,99.0,0.9,320.0,2.7,288.0,0.5,-99.8,-99.8,-99.8,-99.8,-99.8,-99.8,-99.8
2023-12-05 07:00:00,1008.8,19.5,99.0,0.5,8.0,2.5,300.0,0.5,-99.8,-99.8,-99.8,-99.8,-99.8,-99.8,-99.8
2023-12-05 08:00:00,1009.2,19.8,99.0,0.6,12.0,1.8,34.0,0.0,-99.8,-99.8,-99.8,-99.8,-99.8,-99.8,-99.8
2023-12-05 09:00:00,1009.6,20.4,99.0,0.3,14.0,1.8,35.0,0.0,-99.8,-99.8,-99.8,-99.8,-99.8,-99.8,-99.8
2023-12-05 10:00:00,1009.4,20.7,95.0,0.8,16.0,1.7,6.0,0.0,-99.8,-99.8,-99.8,-99.8,-99.8,-99.8,-99.8
2023-12-05 11:00:00,1008.9,20.7,96.0,0.5,350.0,2.2,27.0,0.0,-99.8,-99.8,-99.8,-99.8,-99.8,-99.8,-99.8
2023-12-05 12:00:00,1008.2,20.6,93.0,1.2,209.0,3.2,208.0,0.0,-99.8,-99.8,-99.8,-99.8,-99.8,-99.8,-99.8
2023-12-05 13:00:00,1007.3,20.3,94.0,0.5,27.0,2.3,326.0,0.5,-99.8,-99.8,-99.8,-99.8,-99.8,-99.8,-99.8
2023-12-05 14:00:00,1007.1,20.1,96.0,0.4,6.0,1.7,18.0,0.0,-99.8,-99.8,-99.8,-99.8,-99.8,-99.8,-99.8
2023-12-05 15:00:00,1007.5,19.4,97.0,0.3,17.0,1.2,22.0,0.5,-99.8,-99.8,-99.8,-99.8,-99.8,-99.8,-99.8
2023-12-05 16:00:00,1008.0,19.4,98.0,0.1,0.0,1.5,26.0,0.5,-99.8,-99.8,-99.8,-99.8,-99.8,-99.8,-99.8
2023-12-05 17:00:00,1008.6,18.9,98.0,0.1,0.0,2.0,248.0,1.0,-99.8,-99.8,-99.8,-99.8,-99.8,-99.8,-99.8
2023-12-05 18:00:00,1009.4,19.0,99.0,0.9,194.0,2.0,223.0,1.0,-99.8,-99.8,-99.8,-99.8,-99.8,-99.8,-99.8
2023-12-05 19:00:00,1010.0,18.4,99.0,0.3,326.0,1.9,202.0,0.5,-99.8,-99.8,-99.8,-99.8,-99.8,-99.8,-99.8
2023-12-05 20:00:00,1010.1,18.3,99.0,0.3,325.0,1.3,338.0,0.5,-99.8,-99.8,-99.8,-99.8,-99.8,-99.8,-99.8
2023-12-05 21:00:00,1009.9,18.2,99.0,0.4,333.0,0.9,302.0,0.5,-99.8,-99.8,-99.8,-99.8,-99.8,-99.8,-99.8
2023-12-05 22:00:00,1009.9,18.5,100.0,0.4,19.0,1.0,27.0,0.5,-99.8,-99.8,-99.8,-99.8,-99.8,-99.8,-99.8
2023-12-05 23:00:00,1010.0,18.3,100.0,0.1,0.0,1.2,43.0,0.5,-99.8,-99.8,-99.8,-99.8,-99.8,-99.8,-99.8
2023-12-06 00:00:00,1009.4,18.4,100.0,0.0,0.0,0.6,307.0,0.0,-99.8,-99.8,-99.8,-99.8,-99.8,-99.8,-99.8
2023-12-06 01:00:00,1009.1,18.3,100.0,0.0,0.0,0.6,1.0,0.5,-99.8,-99.8,-99.8,-99.8,-99.8,-99.8,-99.8
2023-12-06 02:00:00,1008.7,18.4,100.0,0.2,0.0,0.7,262.0,0.5,-99.8,-99.8,-99.8,-99.8,-99.8,-99.8,-99.8
2023-12-06 03:00:00,1008.8,18.5,100.0,0.0,0.0,0.6,27.0,0.0,-99.8,-99.8,-99.8,-99.8,-99.8,-99.8,-99.8
2023-12-06 04:00:00,1008.4,18.4,100.0,0.0,0.0,0.9,325.0,0.5,-99.8,-99.8,-99.8,-99.8,-99.8,-99.8,-99.8
2023-12-06 05:00:00,1008.7,18.5,100.0,0.0,0.0,0.9,12.0,0.0,-99.8,-99.8,-99.8,-99.8,-99.8,-99.8,-99.8
2023-12-06 06:00:00,1009.1,18.8,100.0,0.5,18.0,1.4,21.0,0.0,-99.8,-99.8,-99.8,-99.8,-99.8,-99.8,-99.8
2023-12-06 07:00:00,1009.5,18.8,100.0,0.5,313.0,1.1,297.0,0.0,-99.8,-99.8,-99.8,-99.8,-99.8,-99.8,-99.8
2023-12-06 08:00:00,1010.1,19.4,100.0,0.4,360.0,1.1,9.0,0.0,-99.8,-99.8,-99.8,-99.8,-99.8,-99.8,-99.8
2023-12-06 09:00:00,1010.5,19.6,100.0,0.2,0.0,0.8,308.0,0.0,-99.8,-99.8,-99.8,-99.8,-99.8,-99.8,-99.8
2023-12-06 10:00:00,1010.1,20.9,93.0,1.0,179.0,2.3,194.0,0.0,-99.8,-99.8,-99.8,-99.8,-99.8,-99.8,-99.8
2023-12-06 11:00:00,1009.5,20.5,91.0,0.9,222.0,2.7,237.0,0.0,-99.8,-99.8,-99.8,-99.8,-99.8,-99.8,-99.8
2023-12-06 12:00:00,1008.7,20.2,91.0,0.4,311.0,2.0,28.0,0.0,-99.8,-99.8,-99.8,-99.8,-99.8,-99.8,-99.8
2023-12-06 13:00:00,1007.9,21.1,94.0,0.2,0.0,1.6,3.0,0.0,-99.8,-99.8,-99.8,-99.8,-99.8,-99.8,-99.8
2023-12-06 14:00:00,1007.6,20.9,92.0,0.1,0.0,1.0,227.0,0.5,-99.8,-99.8,-99.8,-99.8,-99.8,-99.8,-99.8
2023-12-06 15:00:00,1007.7,20.3,96.0,0.3,3.0,1.2,43.0,0.0,-99.8,-99.8,-99.8,-99.8,-99.8,-99.8,-99.8
2023-12-06 16:00:00,1007.9,20.1,97.0,0.0,0.0,0.9,334.0,0.0,-99.8,-99.8,-99.8,-99.8,-99.8,-99.8,-99.8
2023-12-06 17:00:00,1008.4,19.6,98.0,0.5,325.0,1.2,309.0,0.0,-99.8,-99.8,-99.8,-99.8,-99.8,-99.8,-99.8
2023-12-06 18:00:00,1009.0,19.4,98.0,0.4,329.0,1.1,311.0,0.0,-99.8,-99.8,-99.8,-99.8,-99.8,-99.8,-99.8
2023-12-06 19:00:00,1009.6,19.3,95.0,0.5,309.0,1.5,25.0,0.0,-99.8,-99.8,-99.8,-99.8,-99.8,-99.8,-99.8
2023-12-06 20:00:00,1009.8,19.2,95.0,0.5,1.0,2.7,293.0,0.0,-99.8,-99.8,-99.8,-99.8,-99.8,-99.8,-99.8
2023-12-06 21:00:00,1010.1,19.1,97.0,0.5,329.0,1.4,27.0,0.0,-99.8,-99.8,-99.8,-99.8,-99.8,-99.8,-99.8
2023-12-06 22:00:00,1010.7,18.5,97.0,0.3,332.0,1.9,230.0,0.5,-99.8,-99.8,-99.8,-99.8,-99.8,-99.8,-99.8
2023-12-06 23:00:00,1010.8,18.2,98.0,0.7,340.0,1.5,42.0,0.0,-99.8,-99.8,-99.8,-99.8,-99.8,-99.8,-99.8
2023-12-07 00:00:00,1010.6,18.0,98.0,0.7,10.0,1.6,20.0,0.0,-99.8,-99.8,-99.8,-99.8,-99.8,-99.8,-99.8
2023-12-07 01:00:00,1010.7,17.6,96.0,0.9,339.0,2.0,22.0,0.0,-99.8,-99.8,-99.8,-99.8,-99.8,-99.8,-99.8
2023-12-07 02:00:00,1010.6,17.3,93.0,0.9,11.0,2.7,24.0,0.0,-99.8,-99.8,-99.8,-99.8,-99.8,-99.8,-99.8
2023-12-07 03:00:00,1010.6,17.2,90.0,1.0,11.0,2.7,359.0,0.0,-99.8,-99.8,-99.8,-99.8,-99.8,-99.8,-99.8
2023-12-07 04:00:00,1010.6,17.2,91.0,1.1,16.0,3.1,5.0,0.0,-99.8,-99.8,-99.8,-99.8,-99.8,-99.8,-99.8
2023-12-07 05:00:00,1011.0,17.4,86.0,1.3,18.0,2.6,19.0,0.0,-99.8,-99.8,-99.8,-99.8,-99.8,-99.8,-99.8
2023-12-07 06:00:00,1012.0,17.2,82.0,0.9,6.0,2.0,22.0,0.0,-99.8,-99.8,-99.8,-99.8,-99.8,-99.8,-99.8
2023-12-07 07:00:00,1012.7,17.4,85.0,1.0,16.0,1.9,360.0,0.0,-99.8,-99.8,-99.8,-99.8,-99.8,-99.8,-99.8
2023-12-07 08:00:00,1013.4,17.8,81.0,0.9,14.0,1.7,23.0,0.0,-99.8,-99.8,-99.8,-99.8,-99.8,-99.8,-99.8
2023-12-07 09:00:00,1013.9,18.5,75.0,0.5,359.0,1.8,24.0,0.0,-99.8,-99.8,-99.8,-99.8,-99.8,-99.8,-99.8
2023-12-07 10:00:00,1013.8,20.8,64.0,0.2,0.0,1.3,358.0,0.0,-99.8,-99.8,-99.8,-99.8,-99.8,-99.8,-99.8
2023-12-07 11:00:00,1013.1,21.4,63.0,2.2,250.0,5.4,227.0,0.0,-99.8,-99.8,-99.8,-99.8,-99.8,-99.8,-99.8
2023-12-07 12:00:00,1012.1,20.9,62.0,6.3,217.0,9.5,229.0,0.0,-99.8,-99.8,-99.8,-99.8,-99.8,-99.8,-99.8
2023-12-07 13:00:00,1011.6,20.7,61.0,3.4,239.0,8.6,222.0,0.0,-99.8,-99.8,-99.8,-99.8,-99.8,-99.8,-99.8
2023-12-07 14:00:00,1011.3,20.3,65.0,0.8,277.0,5.4,235.0,0.0,-99.8,-99.8,-99.8,-99.8,-99.8,-99.8,-99.8
2023-12-07 15:00:00,1011.3,19.7,77.0,0.4,18.0,1.3,286.0,0.0,-99.8,-99.8,-99.8,-99.8,-99.8,-99.8,-99.8
2023-12-07 16:00:00,1011.3,19.0,79.0,0.6,4.0,1.1,34.0,0.0,-99.8,-99.8,-99.8,-99.8,-99.8,-99.8,-99.8
2023-12-07 17:00:00,1011.6,18.7,79.0,0.5,11.0,1.3,326.0,0.0,-99.8,-99.8,-99.8,-99.8,-99.8,-99.8,-99.8
2023-12-07 18:00:00,1012.2,18.6,80.0,0.6,11.0,1.3,345.0,0.0,-99.8,-99.8,-99.8,-99.8,-99.8,-99.8,-99.8
2023-12-07 19:00:00,1012.5,18.5,77.0,0.6,6.0,1.6,330.0,0.0,-99.8,-99.8,-99.8,-99.8,-99.8,-99.8,-99.8
2023-12-07 20:00:00,1012.8,18.5,77.0,0.4,344.0,1.6,3.0,0.0,-99.8,-99.8,-99.8,-99.8,-99.8,-99.8,-99.8
2023-12-07 21:00:00,1013.0,18.5,78.0,0.5,7.0,1.9,338.0,0.0,-99.8,-99.8,-99.8,-99.8,-99.8,-99.8,-99.8
2023-12-07 22:00:00,1012.6,18.3,81.0,0.8,19.0,1.8,10.0,0.0,-99.8,-99.8,-99.8,-99.8,-99.8,-99.8,-99.8
2023-12-07 23:00:00,1012.5,17.9,80.0,1.1,16.0,2.0,7.0,0.0,-99.8,-99.8,-99.8,-99.8,-99.8,-99.8,-99.8
2023-12-08 00:00:00,1012.1,17.7,81.0,1.1,14.0,2.3,8.0,0.0,-99.8,-99.8,-99.8,-99.8,-99.8,-99.8,-99.8
2023-12-08 01:00:00,1011.8,17.6,80.0,1.2,15.0,2.8,360.0,0.0,-99.8,-99.8,-99.8,-99.8,-99.8,-99.8,-99.8
2023-12-08 02:00:00,1011.2,17.4,80.0,1.1,17.0,2.4,15.0,0.0,-99.8,-99.8,-99.8,-99.8,-99.8,-99.8,-99.8
2023-12-08 03:00:00,1010.8,17.3,79.0,1.0,13.0,2.4,20.0,0.0,-99.8,-99.8,-99.8,-99.8,-99.8,-99.8,-99.8
2023-12-08 04:00:00,1010.7,17.5,76.0,1.2,15.0,2.5,30.0,0.0,-99.8,-99.8,-99.8,-99.8,-99.8,-99.8,-99.8
2023-12-08 05:00:00,1011.1,17.4,78.0,1.3,15.0,2.5,27.0,0.0,-99.8,-99.8,-99.8,-99.8,-99.8,-99.8,-99.8
2023-12-08 06:00:00,1011.4,17.4,80.0,0.9,7.0,2.3,7.0,0.0,-99.8,-99.8,-99.8,-99.8,-99.8,-99.8,-99.8
2023-12-08 07:00:00,1011.9,18.0,76.0,1.5,18.0,2.2,22.0,0.0,-99.8,-99.8,-99.8,-99.8,-99.8,-99.8,-99.8
2023-12-08 08:00:00,1012.3,21.0,65.0,0.8,27.0,2.5,21.0,0.0,-99.8,-99.8,-99.8,-99.8,-99.8,-99.8,-99.8
2023-12-08 09:00:00,1012.8,24.3,53.0,0.5,92.0,1.6,139.0,0.0,-99.8,-99.8,-99.8,-99.8,-99.8,-99.8,-99.8
2023-12-08 10:00:00,1012.6,25.1,51.0,1.0,191.0,2.7,203.0,0.0,-99.8,-99.8,-99.8,-99.8,-99.8,-99.8,-99.8
2023-12-08 11:00:00,1011.8,25.2,53.0,2.0,196.0,3.5,207.0,0.0,-99.8,-99.8,-99.8,-99.8,-99.8,-99.8,-99.8
2023-12-08 12:00:00,1010.9,25.7,55.0,1.4,185.0,3.3,209.0,0.0,-99.8,-99.8,-99.8,-99.8,-99.8,-99.8,-99.8
2023-12-08 13:00:00,1010.2,25.7,53.0,1.1,155.0,3.2,235.0,0.0,-99.8,-99.8,-99.8,-99.8,-99.8,-99.8,-99.8
2023-12-08 14:00:00,1009.5,25.3,53.0,1.3,189.0,3.1,203.0,0.0,-99.8,-99.8,-99.8,-99.8,-99.8,-99.8,-99.8
2023-12-08 15:00:00,1009.4,24.6,59.0,0.5,210.0,2.6,201.0,0.0,-99.8,-99.8,-99.8,-99.8,-99.8,-99.8,-99.8
2023-12-08 16:00:00,1009.7,20.8,73.0,1.0,16.0,1.7,27.0,0.0,-99.8,-99.8,-99.8,-99.8,-99.8,-99.8,-99.8
2023-12-08 17:00:00,1009.9,19.9,79.0,0.8,360.0,1.7,23.0,0.0,-99.8,-99.8,-99.8,-99.8,-99.8,-99.8,-99.8
2023-12-08 18:00:00,1010.4,19.3,81.0,0.5,360.0,2.0,21.0,0.0,-99.8,-99.8,-99.8,-99.8,-99.8,-99.8,-99.8
2023-12-08 19:00:00,1010.9,19.4,80.0,0.9,10.0,1.8,17.0,0.0,-99.8,-99.8,-99.8,-99.8,-99.8,-99.8,-99.8
2023-12-08 20:00:00,1011.2,19.3,81.0,0.7,349.0,1.7,343.0,0.0,-99.8,-99.8,-99.8,-99.8,-99.8,-99.8,-99.8
2023-12-08 21:00:00,1011.0,19.4,80.0,0.9,14.0,2.1,9.0,0.0,-99.8,-99.8,-99.8,-99.8,-99.8,-99.8,-99.8
2023-12-08 22:00:00,1010.6,19.6,80.0,0.8,2.0,1.7,30.0,0.0,-99.8,-99.8,-99.8,-99.8,-99.8,-99.8,-99.8
2023-12-08 23:00:00,1010.0,19.6,78.0,0.7,8.0,1.7,25.0,0.0,-99.8,-99.8,-99.8,-99.8,-99.8,-99.8,-99.8
2023-12-09 00:00:00,1009.7,19.6,76.0,0.7,349.0,2.3,282.0,0.0,-99.8,-99.8,-99.8,-99.8,-99.8,-99.8,-99.8
2023-12-09 01:00:00,1009.1,19.8,73.0,0.8,353.0,3.1,15.0,0.0,-99.8,-99.8,-99.8,-99.8,-99.8,-99.8,-99.8
2023-12-09 02:00:00,1008.8,19.8,73.0,0.9,325.0,1.8,8.0,0.0,-99.8,-99.8,-99.8,-99.8,-99.8,-99.8,-99.8
2023-12-09 03:00:00,1008.7,19.7,72.0,0.9,326.0,1.5,327.0,0.0,-99.8,-99.8,-99.8,-99.8,-99.8,-99.8,-99.8
2023-12-09 04:00:00,1008.8,19.4,75.0,1.0,341.0,1.7,1.0,0.0,-99.8,-99.8,-99.8,-99.8,-99.8,-99.8,-99.8
2023-12-09 05:00:00,1008.8,19.3,75.0,0.9,335.0,1.9,332.0,0.0,-99.8,-99.8,-99.8,-99.8,-99.8,-99.8,-99.8
2023-12-09 06:00:00,1009.2,19.5,74.0,0.7,337.0,1.7,322.0,0.0,-99.8,-99.8,-99.8,-99.8,-99.8,-99.8,-99.8
2023-12-09 07:00:00,1009.9,20.3,70.0,1.1,17.0,2.5,34.0,0.0,-99.8,-99.8,-99.8,-99.8,-99.8,-99.8,-99.8
2023-12-09 08:00:00,1011.0,22.6,69.0,1.1,251.0,2.3,25.0,0.0,-99.8,-99.8,-99.8,-99.8,-99.8,-99.8,-99.8
2023-12-09 09:00:00,1011.6,25.4,66.0,0.9,182.0,2.1,203.0,0.0,-99.8,-99.8,-99.8,-99.8,-99.8,-99.8,-99.8
2023-12-09 10:00:00,1011.2,25.9,61.0,1.7,177.0,3.5,198.0,0.0,-99.8,-99.8,-99.8,-99.8,-99.8,-99.8,-99.8
2023-12-09 11:00:00,1010.3,27.4,57.0,0.9,162.0,2.2,160.0,0.0,-99.8,-99.8,-99.8,-99.8,-99.8,-99.8,-99.8
2023-12-09 12:00:00,1009.2,27.2,58.0,1.0,158.0,2.4,176.0,0.0,-99.8,-99.8,-99.8,-99.8,-99.8,-99.8,-99.8
2023-12-09 13:00:00,1008.4,27.2,57.0,1.1,131.0,2.3,145.0,0.0,-99.8,-99.8,-99.8,-99.8,-99.8,-99.8,-99.8
2023-12-09 14:00:00,1008.3,25.8,62.0,1.0,171.0,1.9,141.0,0.0,-99.8,-99.8,-99.8,-99.8,-99.8,-99.8,-99.8
2023-12-09 15:00:00,1008.2,24.3,71.0,0.3,313.0,1.4,163.0,0.0,-99.8,-99.8,-99.8,-99.8,-99.8,-99.8,-99.8
2023-12-09 16:00:00,1008.3,22.3,77.0,0.8,22.0,1.2,30.0,0.0,-99.8,-99.8,-99.8,-99.8,-99.8,-99.8,-99.8
2023-12-09 17:00:00,1008.3,21.5,79.0,0.6,332.0,1.2,320.0,0.0,-99.8,-99.8,-99.8,-99.8,-99.8,-99.8,-99.8
2023-12-09 18:00:00,1008.9,21.3,80.0,0.8,331.0,1.5,321.0,0.0,-99.8,-99.8,-99.8,-99.8,-99.8,-99.8,-99.8
2023-12-09 19:00:00,1009.2,21.1,79.0,0.7,8.0,2.0,346.0,0.0,-99.8,-99.8,-99.8,-99.8,-99.8,-99.8,-99.8
2023-12-09 20:00:00,1009.4,21.0,78.0,0.7,2.0,1.4,21.0,0.0,-99.8,-99.8,-99.8,-99.8,-99.8,-99.8,-99.8
2023-12-09 21:00:00,1009.6,20.8,81.0,0.5,345.0,2.2,357.0,0.0,-99.8,-99.8,-99.8,-99.8,-99.8,-99.8,-99.8
2023-12-09 22:00:00,1009.4,21.0,80.0,0.7,334.0,1.6,332.0,0.0,-99.8,-99.8,-99.8,-99.8,-99.8,-99.8,-99.8
2023-12-09 23:00:00,1008.8,21.0,81.0,0.8,350.0,1.4,319.0,0.0,-99.8,-99.8,-99.8,-99.8,-99.8,-99.8,-99.8
2023-12-10 00:00:00,1008.5,21.0,80.0,0.7,339.0,1.9,5.0,0.0,-99.8,-99.8,-99.8,-99.8,-99.8,-99.8,-99.8
2023-12-10 01:00:00,1008.1,21.2,81.0,0.5,340.0,1.9,34.0,0.0,-99.8,-99.8,-99.8,-99.8,-99.8,-99.8,-99.8
2023-12-10 02:00:00,1007.8,21.5,80.0,0.6,3.0,1.5,6.0,0.0,-99.8,-99.8,-99.8,-99.8,-99.8,-99.8,-99.8
2023-12-10 03:00:00,1007.7,21.6,80.0,0.6,12.0,1.9,20.0,0.0,-99.8,-99.8,-99.8,-99.8,-99.8,-99.8,-99.8
2023-12-10 04:00:00,1007.9,21.8,79.0,0.7,318.0,1.8,2.0,0.0,-99.8,-99.8,-99.8,-99.8,-99.8,-99.8,-99.8
2023-12-10 05:00:00,1008.4,21.5,81.0,0.7,347.0,1.3,360.0,0.0,-99.8,-99.8,-99.8,-99.8,-99.8,-99.8,-99.8
2023-12-10 06:00:00,1009.0,21.1,81.0,0.7,354.0,1.9,360.0,0.0,-99.8,-99.8,-99.8,-99.8,-99.8,-99.8,-99.8
2023-12-10 07:00:00,1009.4,21.5,80.0,0.6,340.0,1.5,22.0,0.0,-99.8,-99.8,-99.8,-99.8,-99.8,-99.8,-99.8
2023-12-10 08:00:00,1010.2,22.7,82.0,0.5,14.0,0.9,360.0,0.0,-99.8,-99.8,-99.8,-99.8,-99.8,-99.8,-99.8
2023-12-10 09:00:00,1010.6,23.4,83.0,0.3,30.0,0.8,27.0,0.0,-99.8,-99.8,-99.8,-99.8,-99.8,-99.8,-99.8
2023-12-10 10:00:00,1010.6,24.4,78.0,0.3,181.0,1.4,208.0,0.0,-99.8,-99.8,-99.8,-99.8,-99.8,-99.8,-99.8
2023-12-10 11:00:00,1009.9,24.9,72.0,0.7,195.0,2.2,203.0,0.0,-99.8,-99.8,-99.8,-99.8,-99.8,-99.8,-99.8
2023-12-10 12:00:00,1009.0,24.4,83.0,1.6,204.0,3.2,212.0,0.0,-99.8,-99.8,-99.8,-99.8,-99.8,-99.8,-99.8
2023-12-10 13:00:00,1008.1,23.5,91.0,1.2,224.0,3.5,224.0,0.0,-99.8,-99.8,-99.8,-99.8,-99.8,-99.8,-99.8
2023-12-10 14:00:00,1007.5,23.2,90.0,0.2,0.0,2.9,202.0,0.0,-99.8,-99.8,-99.8,-99.8,-99.8,-99.8,-99.8
2023-12-10 15:00:00,1007.4,23.2,90.0,0.5,178.0,2.3,217.0,0.0,-99.8,-99.8,-99.8,-99.8,-99.8,-99.8,-99.8
2023-12-10 16:00:00,1007.5,22.4,95.0,0.4,324.0,3.4,203.0,0.0,-99.8,-99.8,-99.8,-99.8,-99.8,-99.8,-99.8
2023-12-10 17:00:00,1007.8,22.1,95.0,0.4,350.0,3.3,63.0,0.0,-99.8,-99.8,-99.8,-99.8,-99.8,-99.8,-99.8
2023-12-10 18:00:00,1008.4,21.8,98.0,0.5,346.0,1.7,23.0,0.5,-99.8,-99.8,-99.8,-99.8,-99.8,-99.8,-99.8
2023-12-10 19:00:00,1008.8,21.9,99.0,0.5,3.0,1.8,18.0,0.0,-99.8,-99.8,-99.8,-99.8,-99.8,-99.8,-99.8
2023-12-10 20:00:00,1009.1,22.0,99.0,0.5,336.0,2.2,27.0,0.0,-99.8,-99.8,-99.8,-99.8,-99.8,-99.8,-99.8
2023-12-10 21:00:00,1009.1,22.2,99.0,0.4,103.0,2.2,138.0,0.0,-99.8,-99.8,-99.8,-99.8,-99.8,-99.8,-99.8
2023-12-10 22:00:00,1008.8,22.3,96.0,0.7,36.0,3.2,255.0,0.0,-99.8,-99.8,-99.8,-99.8,-99.8,-99.8,-99.8
2023-12-10 23:00:00,1008.6,22.1,98.0,0.5,339.0,1.7,22.0,0.0,-99.8,-99.8,-99.8,-99.8,-99.8,-99.8,-99.8
2023-12-11 00:00:00,1008.3,21.9,98.0,0.5,327.0,1.6,14.0,0.0,-99.8,-99.8,-99.8,-99.8,-99.8,-99.8,-99.8
2023-12-11 01:00:00,1007.8,21.9,98.0,0.4,353.0,0.9,330.0,0.0,-99.8,-99.8,-99.8,-99.8,-99.8,-99.8,-99.8
2023-12-11 02:00:00,1007.3,21.6,98.0,0.8,12.0,1.9,2.0,0.0,-99.8,-99.8,-99.8,-99.8,-99.8,-99.8,-99.8
2023-12-11 03:00:00,1007.2,21.3,97.0,0.6,351.0,2.2,26.0,0.0,-99.8,-99.8,-99.8,-99.8,-99.8,-99.8,-99.8
2023-12-11 04:00:00,1007.4,21.6,96.0,0.6,341.0,2.3,360.0,0.0,-99.8,-99.8,-99.8,-99.8,-99.8,-99.8,-99.8
2023-12-11 05:00:00,1007.8,21.4,97.0,0.5,357.0,1.3,336.0,0.0,-99.8,-99.8,-99.8,-99.8,-99.8,-99.8,-99.8
2023-12-11 06:00:00,1008.5,21.5,97.0,0.4,324.0,1.6,19.0,0.0,-99.8,-99.8,-99.8,-99.8,-99.8,-99.8,-99.8
2023-12-11 07:00:00,1009.0,21.4,96.0,0.4,322.0,1.6,23.0,0.0,-99.8,-99.8,-99.8,-99.8,-99.8,-99.8,-99.8
2023-12-11 08:00:00,1009.3,25.5,82.0,0.3,126.0,2.1,36.0,0.0,-99.8,-99.8,-99.8,-99.8,-99.8,-99.8,-99.8
2023-12-11 09:00:00,1009.5,27.0,73.0,0.9,199.0,3.0,215.0,0.0,-99.8,-99.8,-99.8,-99.8,-99.8,-99.8,-99.8
2023-12-11 10:00:00,1009.9,27.7,72.0,1.0,139.0,2.3,122.0,0.0,-99.8,-99.8,-99.8,-99.8,-99.8,-99.8,-99.8
2023-12-11 11:00:00,1009.3,27.1,74.0,1.2,201.0,2.5,204.0,0.0,-99.8,-99.8,-99.8,-99.8,-99.8,-99.8,-99.8
2023-12-11 12:00:00,1008.3,27.0,77.0,1.4,195.0,2.6,209.0,0.0,-99.8,-99.8,-99.8,-99.8,-99.8,-99.8,-99.8
2023-12-11 13:00:00,1007.6,25.6,86.0,1.3,193.0,3.8,221.0,0.0,-99.8,-99.8,-99.8,-99.8,-99.8,-99.8,-99.8
2023-12-11 14:00:00,1007.1,25.1,84.0,1.2,192.0,4.9,206.0,0.0,-99.8,-99.8,-99.8,-99.8,-99.8,-99.8,-99.8
2023-12-11 15:00:00,1007.0,25.5,83.0,0.4,168.0,3.2,211.0,0.0,-99.8,-99.8,-99.8,-99.8,-99.8,-99.8,-99.8
2023-12-11 16:00:00,1007.2,24.9,85.0,1.0,188.0,3.0,226.0,0.0,-99.8,-99.8,-99.8,-99.8,-99.8,-99.8,-99.8
2023-12-11 17:00:00,1007.6,24.2,91.0,0.1,0.0,2.8,202.0,0.0,-99.8,-99.8,-99.8,-99.8,-99.8,-99.8,-99.8
2023-12-11 18:00:00,1008.4,23.9,91.0,0.4,9.0,1.0,30.0,0.0,-99.8,-99.8,-99.8,-99.8,-99.8,-99.8,-99.8
2023-12-11 19:00:00,1008.8,23.7,92.0,0.4,352.0,1.3,17.0,0.0,-99.8,-99.8,-99.8,-99.8,-99.8,-99.8,-99.8
2023-12-11 20:00:00,1008.9,23.5,92.0,0.2,0.0,1.0,12.0,0.0,-99.8,-99.8,-99.8,-99.8,-99.8,-99.8,-99.8
2023-12-11 21:00:00,1008.8,22.9,93.0,0.7,330.0,1.3,324.0,0.0,-99.8,-99.8,-99.8,-99.8,-99.8,-99.8,-99.8
2023-12-11 22:00:00,1008.7,22.7,93.0,0.7,15.0,1.6,8.0,0.0,-99.8,-99.8,-99.8,-99.8,-99.8,-99.8,-99.8
2023-12-11 23:00:00,1008.6,22.6,94.0,0.5,337.0,1.6,360.0,0.0,-99.8,-99.8,-99.8,-99.8,-99.8,-99.8,-99.8
2023-12-12 00:00:00,1008.2,22.2,95.0,0.4,359.0,1.0,343.0,0.0,-99.8,-99.8,-99.8,-99.8,-99.8,-99.8,-99.8
2023-12-12 01:00:00,1007.9,22.2,94.0,0.7,342.0,1.3,329.0,0.0,-99.8,-99.8,-99.8,-99.8,-99.8,-99.8,-99.8
2023-12-12 02:00:00,1007.9,22.2,93.0,0.5,324.0,1.5,7.0,0.0,-99.8,-99.8,-99.8,-99.8,-99.8,-99.8,-99.8
2023-12-12 03:00:00,1008.0,22.4,93.0,0.4,352.0,1.7,338.0,0.0,-99.8,-99.8,-99.8,-99.8,-99.8,-99.8,-99.8
2023-12-12 04:00:00,1008.1,22.4,94.0,0.4,342.0,1.2,357.0,0.0,-99.8,-99.8,-99.8,-99.8,-99.8,-99.8,-99.8
2023-12-12 05:00:00,1008.5,22.0,95.0,0.6,341.0,1.2,9.0,0.0,-99.8,-99.8,-99.8,-99.8,-99.8,-99.8,-99.8
2023-12-12 06:00:00,1009.4,22.1,94.0,0.4,337.0,1.0,10.0,0.0,-99.8,-99.8,-99.8,-99.8,-99.8,-99.8,-99.8
2023-12-12 07:00:00,1010.2,22.3,94.0,0.3,303.0,1.6,249.0,0.0,-99.8,-99.8,-99.8,-99.8,-99.8,-99.8,-99.8
2023-12-12 08:00:00,1011.0,22.6,93.0,0.1,0.0,0.9,14.0,0.0,-99.8,-99.8,-99.8,-99.8,-99.8,-99.8,-99.8
2023-12-12 09:00:00,1011.9,22.7,91.0,0.1,0.0,1.5,218.0,0.0,-99.8,-99.8,-99.8,-99.8,-99.8,-99.8,-99.8
2023-12-12 10:00:00,1012.0,23.6,83.0,0.1,0.0,3.3,294.0,0.0,-99.8,-99.8,-99.8,-99.8,-99.8,-99.8,-99.8
2023-12-12 11:00:00,1011.8,23.0,83.0,1.3,227.0,4.0,221.0,0.0,-99.8,-99.8,-99.8,-99.8,-99.8,-99.8,-99.8
2023-12-12 12:00:00,1011.2,23.1,84.0,1.9,234.0,3.3,225.0,0.0,-99.8,-99.8,-99.8,-99.8,-99.8,-99.8,-99.8
2023-12-12 13:00:00,1010.8,22.7,83.0,1.5,263.0,5.4,208.0,0.0,-99.8,-99.8,-99.8,-99.8,-99.8,-99.8,-99.8
2023-12-12 14:00:00,1010.8,22.5,87.0,0.1,0.0,3.0,260.0,0.0,-99.8,-99.8,-99.8,-99.8,-99.8,-99.8,-99.8
2023-12-12 15:00:00,1010.9,21.5,89.0,0.8,268.0,2.9,295.0,0.0,-99.8,-99.8,-99.8,-99.8,-99.8,-99.8,-99.8
2023-12-12 16:00:00,1011.4,21.3,92.0,0.3,7.0,3.0,245.0,0.0,-99.8,-99.8,-99.8,-99.8,-99.8,-99.8,-99.8
2023-12-12 17:00:00,1012.0,20.8,90.0,0.3,323.0,1.7,268.0,0.0,-99.8,-99.8,-99.8,-99.8,-99.8,-99.8,-99.8
2023-12-12 18:00:00,1012.9,20.6,93.0,0.5,324.0,1.2,292.0,0.0,-99.8,-99.8,-99.8,-99.8,-99.8,-99.8,-99.8
2023-12-12 19:00:00,1013.8,20.4,94.0,0.5,3.0,1.2,308.0,0.0,-99.8,-99.8,-99.8,-99.8,-99.8,-99.8,-99.8
2023-12-12 20:00:00,1014.4,20.3,94.0,0.6,5.0,1.4,22.0,0.0,-99.8,-99.8,-99.8,-99.8,-99.8,-99.8,-99.8
2023-12-12 21:00:00,1014.9,20.2,94.0,0.4,9.0,1.2,296.0,0.0,-99.8,-99.8,-99.8,-99.8,-99.8,-99.8,-99.8
2023-12-12 22:00:00,1014.8,20.2,94.0,0.3,357.0,1.6,1.0,0.0,-99.8,-99.8,-99.8,-99.8,-99.8,-99.8,-99.8
2023-12-12 23:00:00,1015.0,20.2,93.0,0.1,0.0,0.8,328.0,0.0,-99.8,-99.8,-99.8,-99.8,-99.8,-99.8,-99.8
2023-12-13 00:00:00,1014.8,20.1,91.0,0.2,0.0,0.9,316.0,0.0,-99.8,-99.8,-99.8,-99.8,-99.8,-99.8,-99.8
2023-12-13 01:00:00,1014.6,20.1,91.0,0.3,276.0,2.0,278.0,0.0,-99.8,-99.8,-99.8,-99.8,-99.8,-99.8,-99.8
2023-12-13 02:00:00,1014.3,20.0,91.0,0.5,308.0,1.9,233.0,0.0,-99.8,-99.8,-99.8,-99.8,-99.8,-99.8,-99.8
2023-12-13 03:00:00,1014.2,19.8,94.0,0.1,0.0,0.7,360.0,0.0,-99.8,-99.8,-99.8,-99.8,-99.8,-99.8,-99.8
2023-12-13 04:00:00,1014.3,19.8,94.0,0.1,0.0,1.2,354.0,0.0,-99.8,-99.8,-99.8,-99.8,-99.8,-99.8,-99.8
2023-12-13 05:00:00,1014.6,19.7,93.0,0.2,0.0,0.8,305.0,0.0,-99.8,-99.8,-99.8,-99.8,-99.8,-99.8,-99.8
2023-12-13 06:00:00,1015.2,19.7,93.0,0.2,0.0,1.8,260.0,0.0,-99.8,-99.8,-99.8,-99.8,-99.8,-99.8,-99.8
2023-12-13 07:00:00,1015.9,19.9,93.0,0.2,0.0,1.0,20.0,0.0,-99.8,-99.8,-99.8,-99.8,-99.8,-99.8,-99.8
2023-12-13 08:00:00,1016.4,20.5,90.0,0.8,218.0,2.5,224.0,0.0,-99.8,-99.8,-99.8,-99.8,-99.8,-99.8,-99.8
2023-12-13 09:00:00,1016.8,21.3,84.0,1.1,179.0,2.0,167.0,0.0,-99.8,-99.8,-99.8,-99.8,-99.8,-99.8,-99.8
2023-12-13 10:00:00,1017.0,22.4,80.0,0.4,159.0,2.2,153.0,0.0,-99.8,-99.8,-99.8,-99.8,-99.8,-99.8,-99.8
2023-12-13 11:00:00,1016.6,22.8,77.0,0.8,174.0,1.9,208.0,0.0,-99.8,-99.8,-99.8,-99.8,-99.8,-99.8,-99.8
2023-12-13 12:00:00,1015.6,22.0,84.0,3.1,215.0,6.4,222.0,0.0,-99.8,-99.8,-99.8,-99.8,-99.8,-99.8,-99.8
2023-12-13 13:00:00,1014.6,22.0,84.0,2.3,219.0,4.9,232.0,0.0,-99.8,-99.8,-99.8,-99.8,-99.8,-99.8,-99.8
2023-12-13 14:00:00,1014.0,22.7,82.0,2.4,199.0,4.4,175.0,0.0,-99.8,-99.8,-99.8,-99.8,-99.8,-99.8,-99.8
2023-12-13 15:00:00,1013.8,22.1,83.0,2.4,231.0,4.2,211.0,0.0,-99.8,-99.8,-99.8,-99.8,-99.8,-99.8,-99.8
2023-12-13 16:00:00,1014.0,21.9,84.0,1.8,245.0,5.8,215.0,0.0,-99.8,-99.8,-99.8,-99.8,-99.8,-99.8,-99.8
2023-12-13 17:00:00,1014.5,21.8,87.0,0.2,0.0,2.9,231.0,0.0,-99.8,-99.8,-99.8,-99.8,-99.8,-99.8,-99.8
2023-12-13 18:00:00,1015.0,21.2,89.0,0.4,353.0,0.8,16.0,0.0,-99.8,-99.8,-99.8,-99.8,-99.8,-99.8,-99.8
2023-12-13 19:00:00,1015.4,21.2,89.0,0.4,353.0,0.8,360.0,0.0,-99.8,-99.8,-99.8,-99.8,-99.8,-99.8,-99.8
2023-12-13 20:00:00,1015.7,21.3,90.0,0.2,0.0,0.8,360.0,0.0,-99.8,-99.8,-99.8,-99.8,-99.8,-99.8,-99.8
2023-12-13 21:00:00,1015.6,20.9,91.0,0.6,345.0,1.1,314.0,0.0,-99.8,-99.8,-99.8,-99.8,-99.8,-99.8,-99.8
2023-12-13 22:00:00,1015.6,20.8,91.0,0.5,325.0,1.3,17.0,0.0,-99.8,-99.8,-99.8,-99.8,-99.8,-99.8,-99.8
2023-12-13 23:00:00,1015.3,20.7,91.0,0.3,347.0,1.0,360.0,0.0,-99.8,-99.8,-99.8,-99.8,-99.8,-99.8,-99.8
2023-12-14 00:00:00,1014.7,20.4,90.0,0.7,351.0,1.3,337.0,0.0,-99.8,-99.8,-99.8,-99.8,-99.8,-99.8,-99.8
2023-12-14 01:00:00,1014.5,20.5,90.0,0.7,13.0,1.9,24.0,0.0,-99.8,-99.8,-99.8,-99.8,-99.8,-99.8,-99.8
2023-12-14 02:00:00,1014.3,19.9,90.0,0.6,358.0,1.6,18.0,0.0,-99.8,-99.8,-99.8,-99.8,-99.8,-99.8,-99.8
2023-12-14 03:00:00,1014.2,19.8,90.0,0.6,359.0,1.5,350.0,0.0,-99.8,-99.8,-99.8,-99.8,-99.8,-99.8,-99.8
2023-12-14 04:00:00,1013.9,19.9,87.0,0.8,14.0,2.1,358.0,0.0,-99.8,-99.8,-99.8,-99.8,-99.8,-99.8,-99.8
2023-12-14 05:00:00,1014.1,19.9,86.0,0.9,347.0,1.9,344.0,0.0,-99.8,-99.8,-99.8,-99.8,-99.8,-99.8,-99.8
2023-12-14 06:00:00,1014.4,20.1,87.0,0.7,346.0,1.9,337.0,0.0,-99.8,-99.8,-99.8,-99.8,-99.8,-99.8,-99.8
2023-12-14 07:00:00,1014.5,20.1,89.0,0.7,357.0,2.1,4.0,0.0,-99.8,-99.8,-99.8,-99.8,-99.8,-99.8,-99.8
2023-12-14 08:00:00,1014.8,22.9,78.0,0.4,42.0,2.0,3.0,0.0,-99.8,-99.8,-99.8,-99.8,-99.8,-99.8,-99.8
2023-12-14 09:00:00,1015.2,26.7,66.0,1.0,173.0,2.4,206.0,0.0,-99.8,-99.8,-99.8,-99.8,-99.8,-99.8,-99.8
2023-12-14 10:00:00,1015.5,28.0,65.0,1.2,150.0,2.5,169.0,0.0,-99.8,-99.8,-99.8,-99.8,-99.8,-99.8,-99.8
2023-12-14 11:00:00,1014.9,27.8,65.0,1.4,188.0,3.0,209.0,0.0,-99.8,-99.8,-99.8,-99.8,-99.8,-99.8,-99.8
2023-12-14 12:00:00,1013.9,27.5,65.0,1.0,185.0,2.8,168.0,0.0,-99.8,-99.8,-99.8,-99.8,-99.8,-99.8,-99.8
2023-12-14 13:00:00,1013.2,28.0,64.0,1.2,198.0,2.8,151.0,0.0,-99.8,-99.8,-99.8,-99.8,-99.8,-99.8,-99.8
2023-12-14 14:00:00,1012.5,24.1,83.0,1.6,199.0,3.9,210.0,0.0,-99.8,-99.8,-99.8,-99.8,-99.8,-99.8,-99.8
2023-12-14 15:00:00,1011.9,23.4,85.0,0.7,194.0,3.2,233.0,0.0,-99.8,-99.8,-99.8,-99.8,-99.8,-99.8,-99.8
2023-12-14 16:00:00,1011.8,23.0,87.0,0.7,24.0,1.5,159.0,0.0,-99.8,-99.8,-99.8,-99.8,-99.8,-99.8,-99.8
2023-12-14 17:00:00,1011.9,22.6,87.0,1.0,20.0,1.7,17.0,0.0,-99.8,-99.8,-99.8,-99.8,-99.8,-99.8,-99.8
2023-12-14 18:00:00,1012.4,22.4,87.0,0.8,16.0,2.3,10.0,0.0,-99.8,-99.8,-99.8,-99.8,-99.8,-99.8,-99.8
2023-12-14 19:00:00,1012.9,22.0,87.0,0.7,357.0,2.1,36.0,0.0,-99.8,-99.8,-99.8,-99.8,-99.8,-99.8,-99.8
2023-12-14 20:00:00,1013.0,22.0,87.0,0.9,22.0,2.0,27.0,0.0,-99.8,-99.8,-99.8,-99.8,-99.8,-99.8,-99.8
2023-12-14 21:00:00,1013.0,22.3,86.0,0.5,13.0,1.5,24.0,0.0,-99.8,-99.8,-99.8,-99.8,-99.8,-99.8,-99.8
2023-12-14 22:00:00,1013.1,22.7,85.0,0.4,281.0,1.6,29.0,0.0,-99.8,-99.8,-99.8,-99.8,-99.8,-99.8,-99.8
2023-12-14 23:00:00,1012.5,22.1,87.0,0.7,12.0,1.6,25.0,0.0,-99.8,-99.8,-99.8,-99.8,-99.8,-99.8,-99.8
2023-12-15 00:00:00,1011.9,21.4,85.0,0.8,354.0,2.4,6.0,0.0,-99.8,-99.8,-99.8,-99.8,-99.8,-99.8,-99.8
2023-12-15 01:00:00,1011.3,21.5,80.0,1.3,12.0,2.9,4.0,0.0,-99.8,-99.8,-99.8,-99.8,-99.8,-99.8,-99.8
2023-12-15 02:00:00,1011.0,21.6,82.0,1.3,12.0,3.5,29.0,0.0,-99.8,-99.8,-99.8,-99.8,-99.8,-99.8,-99.8
2023-12-15 03:00:00,1010.6,21.1,84.0,1.0,14.0,2.5,341.0,0.0,-99.8,-99.8,-99.8,-99.8,-99.8,-99.8,-99.8
2023-12-15 04:00:00,1010.2,21.1,83.0,1.0,5.0,2.7,1.0,0.0,-99.8,-99.8,-99.8,-99.8,-99.8,-99.8,-99.8
2023-12-15 05:00:00,1010.1,20.8,85.0,0.9,10.0,2.5,24.0,0.0,-99.8,-99.8,-99.8,-99.8,-99.8,-99.8,-99.8
2023-12-15 06:00:00,1010.4,20.7,81.0,0.9,9.0,2.7,27.0,0.0,-99.8,-99.8,-99.8,-99.8,-99.8,-99.8,-99.8
2023-12-15 07:00:00,1011.2,21.4,79.0,0.7,345.0,2.9,9.0,0.0,-99.8,-99.8,-99.8,-99.8,-99.8,-99.8,-99.8
2023-12-15 08:00:00,1011.7,24.4,65.0,0.8,240.0,2.7,210.0,0.0,-99.8,-99.8,-99.8,-99.8,-99.8,-99.8,-99.8
2023-12-15 09:00:00,1011.7,27.5,54.0,1.2,174.0,2.9,239.0,0.0,-99.8,-99.8,-99.8,-99.8,-99.8,-99.8,-99.8
2023-12-15 10:00:00,1011.5,28.8,50.0,1.0,156.0,2.5,158.0,0.0,-99.8,-99.8,-99.8,-99.8,-99.8,-99.8,-99.8
2023-12-15 11:00:00,1011.1,29.4,51.0,1.1,126.0,2.4,123.0,0.0,-99.8,-99.8,-99.8,-99.8,-99.8,-99.8,-99.8
2023-12-15 12:00:00,1010.2,25.9,69.0,1.3,198.0,3.3,207.0,0.0,-99.8,-99.8,-99.8,-99.8,-99.8,-99.8,-99.8
2023-12-15 13:00:00,1009.5,25.9,72.0,1.4,191.0,3.3,202.0,0.0,-99.8,-99.8,-99.8,-99.8,-99.8,-99.8,-99.8
2023-12-15 14:00:00,1009.2,25.1,74.0,1.1,182.0,3.4,208.0,0.0,-99.8,-99.8,-99.8,-99.8,-99.8,-99.8,-99.8
2023-12-15 15:00:00,1008.9,24.7,78.0,0.9,189.0,2.3,199.0,0.0,-99.8,-99.8,-99.8,-99.8,-99.8,-99.8,-99.8
2023-12-15 16:00:00,1009.2,24.2,80.0,0.4,28.0,1.6,205.0,0.0,-99.8,-99.8,-99.8,-99.8,-99.8,-99.8,-99.8
2023-12-15 17:00:00,1009.5,23.6,85.0,0.4,15.0,0.9,29.0,0.0,-99.8,-99.8,-99.8,-99.8,-99.8,-99.8,-99.8
2023-12-15 18:00:00,1010.1,23.0,86.0,0.4,1.0,1.8,9.0,0.0,-99.8,-99.8,-99.8,-99.8,-99.8,-99.8,-99.8
2023-12-15 19:00:00,1010.4,22.1,86.0,0.6,349.0,1.6,339.0,0.0,-99.8,-99.8,-99.8,-99.8,-99.8,-99.8,-99.8
2023-12-15 20:00:00,1010.8,22.5,83.0,0.9,13.0,1.9,358.0,0.0,-99.8,-99.8,-99.8,-99.8,-99.8,-99.8,-99.8
2023-12-15 21:00:00,1011.2,22.2,84.0,1.1,17.0,1.9,20.0,0.0,-99.8,-99.8,-99.8,-99.8,-99.8,-99.8,-99.8
2023-12-15 22:00:00,1011.4,22.1,83.0,1.1,16.0,2.6,14.0,0.0,-99.8,-99.8,-99.8,-99.8,-99.8,-99.8,-99.8
2023-12-15 23:00:00,1010.9,21.8,85.0,0.7,357.0,2.5,10.0,0.0,-99.8,-99.8,-99.8,-99.8,-99.8,-99.8,-99.8
2023-12-16 00:00:00,1010.4,21.5,81.0,0.8,9.0,2.0,18.0,0.0,-99.8,-99.8,-99.8,-99.8,-99.8,-99.8,-99.8
2023-12-16 01:00:00,1010.1,21.9,79.0,0.8,329.0,2.2,1.0,0.0,-99.8,-99.8,-99.8,-99.8,-99.8,-99.8,-99.8
2023-12-16 02:00:00,1010.2,21.5,78.0,0.8,6.0,2.1,18.0,0.0,-99.8,-99.8,-99.8,-99.8,-99.8,-99.8,-99.8
2023-12-16 03:00:00,1010.5,21.4,82.0,0.5,2.0,2.3,7.0,0.0,-99.8,-99.8,-99.8,-99.8,-99.8,-99.8,-99.8
2023-12-16 04:00:00,1010.5,21.7,82.0,0.7,2.0,2.2,5.0,0.0,-99.8,-99.8,-99.8,-99.8,-99.8,-99.8,-99.8
2023-12-16 05:00:00,1010.7,21.7,84.0,0.7,348.0,2.1,28.0,0.0,-99.8,-99.8,-99.8,-99.8,-99.8,-99.8,-99.8
2023-12-16 06:00:00,1011.5,20.8,87.0,0.5,338.0,1.3,344.0,0.0,-99.8,-99.8,-99.8,-99.8,-99.8,-99.8,-99.8
2023-12-16 07:00:00,1012.2,20.8,87.0,0.7,2.0,2.3,267.0,0.0,-99.8,-99.8,-99.8,-99.8,-99.8,-99.8,-99.8
2023-12-16 08:00:00,1013.1,21.4,74.0,1.4,238.0,4.5,268.0,0.0,-99.8,-99.8,-99.8,-99.8,-99.8,-99.8,-99.8
2023-12-16 09:00:00,1014.0,20.9,72.0,1.8,227.0,7.2,230.0,0.0,-99.8,-99.8,-99.8,-99.8,-99.8,-99.8,-99.8
2023-12-16 10:00:00,1014.7,19.9,72.0,2.1,265.0,6.2,237.0,0.0,-99.8,-99.8,-99.8,-99.8,-99.8,-99.8,-99.8
2023-12-16 11:00:00,1015.1,19.1,72.0,1.6,259.0,5.6,295.0,0.0,-99.8,-99.8,-99.8,-99.8,-99.8,-99.8,-99.8
2023-12-16 12:00:00,1014.8,18.6,73.0,2.1,264.0,4.8,273.0,0.0,-99.8,-99.8,-99.8,-99.8,-99.8,-99.8,-99.8
2023-12-16 13:00:00,1014.6,18.1,72.0,1.7,275.0,5.6,290.0,0.0,-99.8,-99.8,-99.8,-99.8,-99.8,-99.8,-99.8
2023-12-16 14:00:00,1014.6,17.8,74.0,1.1,305.0,4.9,291.0,0.0,-99.8,-99.8,-99.8,-99.8,-99.8,-99.8,-99.8
2023-12-16 15:00:00,1015.0,17.5,74.0,2.0,230.0,7.1,214.0,0.0,-99.8,-99.8,-99.8,-99.8,-99.8,-99.8,-99.8
2023-12-16 16:00:00,1015.6,16.7,76.0,1.4,298.0,4.1,270.0,0.0,-99.8,-99.8,-99.8,-99.8,-99.8,-99.8,-99.8
2023-12-16 17:00:00,1016.8,16.0,84.0,0.6,335.0,4.0,293.0,0.0,-99.8,-99.8,-99.8,-99.8,-99.8,-99.8,-99.8
2023-12-16 18:00:00,1017.8,15.3,87.0,1.0,290.0,2.5,285.0,0.0,-99.8,-99.8,-99.8,-99.8,-99.8,-99.8,-99.8
2023-12-16 19:00:00,1018.8,15.4,90.0,0.5,9.0,3.0,302.0,0.0,-99.8,-99.8,-99.8,-99.8,-99.8,-99.8,-99.8
2023-12-16 20:00:00,1019.5,15.1,91.0,0.4,343.0,2.4,35.0,0.0,-99.8,-99.8,-99.8,-99.8,-99.8,-99.8,-99.8
2023-12-16 21:00:00,1019.7,15.3,91.0,0.3,325.0,1.6,47.0,0.0,-99.8,-99.8,-99.8,-99.8,-99.8,-99.8,-99.8
2023-12-16 22:00:00,1019.5,15.8,77.0,0.7,306.0,3.6,239.0,0.0,-99.8,-99.8,-99.8,-99.8,-99.8,-99.8,-99.8
2023-12-16 23:00:00,1019.4,16.7,67.0,0.9,15.0,4.4,224.0,0.0,-99.8,-99.8,-99.8,-99.8,-99.8,-99.8,-99.8
2023-12-17 00:00:00,1019.6,17.0,60.0,1.6,286.0,4.0,87.0,0.0,-99.8,-99.8,-99.8,-99.8,-99.8,-99.8,-99.8
2023-12-17 01:00:00,1019.4,17.1,60.0,1.0,241.0,5.4,304.0,0.0,-99.8,-99.8,-99.8,-99.8,-99.8,-99.8,-99.8
2023-12-17 02:00:00,1019.4,16.7,60.0,0.9,307.0,4.8,288.0,0.0,-99.8,-99.8,-99.8,-99.8,-99.8,-99.8,-99.8
2023-12-17 03:00:00,1019.4,17.4,53.0,2.7,41.0,5.8,56.0,0.0,-99.8,-99.8,-99.8,-99.8,-99.8,-99.8,-99.8
2023-12-17 04:00:00,1019.2,16.9,56.0,1.1,229.0,6.5,334.0,0.0,-99.8,-99.8,-99.8,-99.8,-99.8,-99.8,-99.8
2023-12-17 05:00:00,1019.4,17.0,53.0,1.2,28.0,7.0,30.0,0.0,-99.8,-99.8,-99.8,-99.8,-99.8,-99.8,-99.8
2023-12-17 06:00:00,1020.1,17.1,52.0,1.3,27.0,6.0,38.0,0.0,-99.8,-99.8,-99.8,-99.8,-99.8,-99.8,-99.8
2023-12-17 07:00:00,1020.7,17.1,52.0,0.7,9.0,3.9,21.0,0.0,-99.8,-99.8,-99.8,-99.8,-99.8,-99.8,-99.8
2023-12-17 08:00:00,1021.8,17.4,53.0,1.5,347.0,5.2,17.0,0.0,-99.8,-99.8,-99.8,-99.8,-99.8,-99.8,-99.8
2023-12-17 09:00:00,1021.9,17.9,55.0,1.6,344.0,5.2,15.0,0.0,-99.8,-99.8,-99.8,-99.8,-99.8,-99.8,-99.8
2023-12-17 10:00:00,1021.8,18.5,59.0,3.4,253.0,7.3,253.0,0.0,-99.8,-99.8,-99.8,-99.8,-99.8,-99.8,-99.8
2023-12-17 11:00:00,1021.3,18.9,56.0,5.5,236.0,12.7,221.0,0.0,-99.8,-99.8,-99.8,-99.8,-99.8,-99.8,-99.8
2023-12-17 12:00:00,1020.2,19.6,57.0,5.7,235.0,10.8,221.0,0.0,-99.8,-99.8,-99.8,-99.8,-99.8,-99.8,-99.8
2023-12-17 13:00:00,1018.9,18.0,65.0,2.4,262.0,9.1,231.0,0.0,-99.8,-99.8,-99.8,-99.8,-99.8,-99.8,-99.8
2023-12-17 14:00:00,1018.2,17.5,65.0,2.6,270.0,8.5,250.0,0.0,-99.8,-99.8,-99.8,-99.8,-99.8,-99.8,-99.8
2023-12-17 15:00:00,1018.2,17.4,66.0,1.7,310.0,7.6,295.0,0.0,-99.8,-99.8,-99.8,-99.8,-99.8,-99.8,-99.8
2023-12-17 16:00:00,1018.6,17.4,66.0,1.1,280.0,3.3,248.0,0.0,-99.8,-99.8,-99.8,-99.8,-99.8,-99.8,-99.8
2023-12-17 17:00:00,1019.1,17.2,70.0,0.4,309.0,2.5,267.0,0.0,-99.8,-99.8,-99.8,-99.8,-99.8,-99.8,-99.8
2023-12-17 18:00:00,1020.0,17.1,67.0,0.6,351.0,2.8,285.0,0.0,-99.8,-99.8,-99.8,-99.8,-99.8,-99.8,-99.8
2023-12-17 19:00:00,1020.5,17.2,69.0,0.7,39.0,2.5,279.0,0.0,-99.8,-99.8,-99.8,-99.8,-99.8,-99.8,-99.8
2023-12-17 20:00:00,1020.7,16.8,76.0,0.4,339.0,2.3,285.0,0.0,-99.8,-99.8,-99.8,-99.8,-99.8,-99.8,-99.8
2023-12-17 21:00:00,1020.9,17.0,76.0,0.4,355.0,1.1,278.0,0.0,-99.8,-99.8,-99.8,-99.8,-99.8,-99.8,-99.8
2023-12-17 22:00:00,1020.4,16.9,75.0,0.3,344.0,1.3,306.0,0.0,-99.8,-99.8,-99.8,-99.8,-99.8,-99.8,-99.8
2023-12-17 23:00:00,1019.9,17.2,77.0,0.4,13.0,1.4,24.0,0.0,-99.8,-99.8,-99.8,-99.8,-99.8,-99.8,-99.8
2023-12-18 00:00:00,1019.4,17.1,74.0,1.0,309.0,1.4,5.0,0.0,-99.8,-99.8,-99.8,-99.8,-99.8,-99.8,-99.8
2023-12-18 01:00:00,1018.8,16.8,76.0,0.3,348.0,1.4,340.0,0.0,-99.8,-99.8,-99.8,-99.8,-99.8,-99.8,-99.8
2023-12-18 02:00:00,1018.4,17.0,76.0,0.4,360.0,1.4,32.0,0.0,-99.8,-99.8,-99.8,-99.8,-99.8,-99.8,-99.8
2023-12-18 03:00:00,1018.1,16.7,76.0,0.3,331.0,1.1,343.0,0.0,-99.8,-99.8,-99.8,-99.8,-99.8,-99.8,-99.8
2023-12-18 04:00:00,1017.9,17.0,75.0,0.5,332.0,1.0,331.0,0.0,-99.8,-99.8,-99.8,-99.8,-99.8,-99.8,-99.8
2023-12-18 05:00:00,1017.8,17.1,73.0,0.5,331.0,1.4,300.0,0.0,-99.8,-99.8,-99.8,-99.8,-99.8,-99.8,-99.8
2023-12-18 06:00:00,1018.1,17.3,72.0,0.7,357.0,1.8,21.0,0.0,-99.8,-99.8,-99.8,-99.8,-99.8,-99.8,-99.8
2023-12-18 07:00:00,1018.7,17.9,72.0,0.5,318.0,1.6,300.0,0.0,-99.8,-99.8,-99.8,-99.8,-99.8,-99.8,-99.8
2023-12-18 08:00:00,1018.7,21.6,58.0,0.3,47.0,1.5,68.0,0.0,-99.8,-99.8,-99.8,-99.8,-99.8,-99.8,-99.8
2023-12-18 09:00:00,1019.1,23.9,56.0,0.9,159.0,2.3,151.0,0.0,-99.8,-99.8,-99.8,-99.8,-99.8,-99.8,-99.8
2023-12-18 10:00:00,1018.7,23.4,61.0,1.4,190.0,3.1,137.0,0.0,-99.8,-99.8,-99.8,-99.8,-99.8,-99.8,-99.8
2023-12-18 11:00:00,1017.7,21.9,76.0,1.4,171.0,4.9,224.0,0.0,-99.8,-99.8,-99.8,-99.8,-99.8,-99.8,-99.8
2023-12-18 12:00:00,1016.4,22.4,72.0,1.1,170.0,3.4,152.0,0.0,-99.8,-99.8,-99.8,-99.8,-99.8,-99.8,-99.8
2023-12-18 13:00:00,1015.2,19.9,81.0,1.1,249.0,3.0,146.0,0.0,-99.8,-99.8,-99.8,-99.8,-99.8,-99.8,-99.8
2023-12-18 14:00:00,1014.3,20.6,76.0,1.0,22.0,2.5,27.0,0.0,-99.8,-99.8,-99.8,-99.8,-99.8,-99.8,-99.8
2023-12-18 15:00:00,1013.9,20.9,74.0,0.6,202.0,2.6,170.0,0.0,-99.8,-99.8,-99.8,-99.8,-99.8,-99.8,-99.8
2023-12-18 16:00:00,1014.3,20.8,76.0,1.5,197.0,3.1,211.0,0.0,-99.8,-99.8,-99.8,-99.8,-99.8,-99.8,-99.8
2023-12-18 17:00:00,1014.7,19.5,84.0,0.8,13.0,1.8,25.0,0.0,-99.8,-99.8,-99.8,-99.8,-99.8,-99.8,-99.8
2023-12-18 18:00:00,1015.2,19.0,82.0,0.9,12.0,2.3,3.0,0.0,-99.8,-99.8,-99.8,-99.8,-99.8,-99.8,-99.8
2023-12-18 19:00:00,1015.6,18.7,81.0,0.9,13.0,2.1,16.0,0.0,-99.8,-99.8,-99.8,-99.8,-99.8,-99.8,-99.8
2023-12-18 20:00:00,1015.6,18.8,81.0,0.5,2.0,2.1,8.0,0.0,-99.8,-99.8,-99.8,-99.8,-99.8,-99.8,-99.8
2023-12-18 21:00:00,1015.5,19.3,80.0,0.9,11.0,2.1,22.0,0.0,-99.8,-99.8,-99.8,-99.8,-99.8,-99.8,-99.8
2023-12-18 22:00:00,1015.2,19.4,80.0,0.6,343.0,2.3,36.0,0.0,-99.8,-99.8,-99.8,-99.8,-99.8,-99.8,-99.8
2023-12-18 23:00:00,1014.7,18.9,80.0,0.8,359.0,1.9,3.0,0.0,-99.8,-99.8,-99.8,-99.8,-99.8,-99.8,-99.8
2023-12-19 00:00:00,1014.6,19.3,79.0,1.1,18.0,2.0,9.0,0.0,-99.8,-99.8,-99.8,-99.8,-99.8,-99.8,-99.8
2023-12-19 01:00:00,1014.1,19.4,79.0,0.7,2.0,2.3,17.0,0.0,-99.8,-99.8,-99.8,-99.8,-99.8,-99.8,-99.8
2023-12-19 02:00:00,1013.8,20.0,77.0,0.7,2.0,2.0,3.0,0.0,-99.8,-99.8,-99.8,-99.8,-99.8,-99.8,-99.8
2023-12-19 03:00:00,1013.2,19.8,76.0,0.8,14.0,2.4,6.0,0.0,-99.8,-99.8,-99.8,-99.8,-99.8,-99.8,-99.8
2023-12-19 04:00:00,1013.0,20.0,76.0,0.6,348.0,2.0,292.0,0.0,-99.8,-99.8,-99.8,-99.8,-99.8,-99.8,-99.8
2023-12-19 05:00:00,1013.0,19.4,76.0,0.8,337.0,1.8,339.0,0.0,-99.8,-99.8,-99.8,-99.8,-99.8,-99.8,-99.8
2023-12-19 06:00:00,1013.7,19.8,75.0,1.0,16.0,3.2,33.0,0.0,-99.8,-99.8,-99.8,-99.8,-99.8,-99.8,-99.8
2023-12-19 07:00:00,1013.9,20.1,76.0,0.9,6.0,3.1,354.0,0.0,-99.8,-99.8,-99.8,-99.8,-99.8,-99.8,-99.8
2023-12-19 08:00:00,1014.3,20.8,78.0,0.5,360.0,2.1,5.0,0.0,-99.8,-99.8,-99.8,-99.8,-99.8,-99.8,-99.8
2023-12-19 09:00:00,1014.7,22.4,70.0,1.6,223.0,4.8,223.0,0.0,-99.8,-99.8,-99.8,-99.8,-99.8,-99.8,-99.8
2023-12-19 10:00:00,1014.4,23.3,66.0,2.2,211.0,4.5,229.0,0.0,-99.8,-99.8,-99.8,-99.8,-99.8,-99.8,-99.8
2023-12-19 11:00:00,1013.8,24.2,67.0,1.3,190.0,4.7,234.0,0.0,-99.8,-99.8,-99.8,-99.8,-99.8,-99.8,-99.8
2023-12-19 12:00:00,1012.6,25.8,62.0,1.7,189.0,4.3,172.0,0.0,-99.8,-99.8,-99.8,-99.8,-99.8,-99.8,-99.8
2023-12-19 13:00:00,1011.7,22.0,80.0,5.1,217.0,8.2,208.0,0.0,-99.8,-99.8,-99.8,-99.8,-99.8,-99.8,-99.8
2023-12-19 14:00:00,1011.4,21.7,80.0,5.4,221.0,8.1,234.0,0.0,-99.8,-99.8,-99.8,-99.8,-99.8,-99.8,-99.8
2023-12-19 15:00:00,1011.2,21.3,83.0,1.9,252.0,8.2,243.0,0.0,-99.8,-99.8,-99.8,-99.8,-99.8,-99.8,-99.8
2023-12-19 16:00:00,1011.6,21.2,81.0,0.7,260.0,5.3,253.0,0.0,-99.8,-99.8,-99.8,-99.8,-99.8,-99.8,-99.8
2023-12-19 17:00:00,1012.3,20.9,82.0,0.5,27.0,5.1,295.0,0.0,-99.8,-99.8,-99.8,-99.8,-99.8,-99.8,-99.8
2023-12-19 18:00:00,1012.8,20.7,83.0,1.2,264.0,3.5,229.0,0.0,-99.8,-99.8,-99.8,-99.8,-99.8,-99.8,-99.8
2023-12-19 19:00:00,1013.3,20.0,83.0,1.7,250.0,4.9,300.0,0.0,-99.8,-99.8,-99.8,-99.8,-99.8,-99.8,-99.8
2023-12-19 20:00:00,1013.4,19.2,85.0,1.6,251.0,4.4,238.0,0.0,-99.8,-99.8,-99.8,-99.8,-99.8,-99.8,-99.8
2023-12-19 21:00:00,1013.8,19.2,82.0,1.8,253.0,3.6,246.0,0.0,-99.8,-99.8,-99.8,-99.8,-99.8,-99.8,-99.8
2023-12-19 22:00:00,1013.9,18.2,87.0,0.5,337.0,6.6,241.0,0.0,-99.8,-99.8,-99.8,-99.8,-99.8,-99.8,-99.8
2023-12-19 23:00:00,1013.9,17.8,90.0,0.3,22.0,2.6,264.0,0.0,-99.8,-99.8,-99.8,-99.8,-99.8,-99.8,-99.8
2023-12-20 00:00:00,1013.8,17.3,91.0,0.1,0.0,2.4,12.0,0.0,-99.8,-99.8,-99.8,-99.8,-99.8,-99.8,-99.8
2023-12-20 01:00:00,1013.6,17.5,92.0,0.2,0.0,1.1,242.0,0.0,-99.8,-99.8,-99.8,-99.8,-99.8,-99.8,-99.8
2023-12-20 02:00:00,1013.2,17.5,94.0,0.5,1.0,1.5,320.0,0.0,-99.8,-99.8,-99.8,-99.8,-99.8,-99.8,-99.8
2023-12-20 03:00:00,1013.2,17.8,87.0,2.3,222.0,4.7,225.0,0.0,-99.8,-99.8,-99.8,-99.8,-99.8,-99.8,-99.8
2023-12-20 04:00:00,1013.2,17.2,92.0,0.6,10.0,4.2,170.0,0.0,-99.8,-99.8,-99.8,-99.8,-99.8,-99.8,-99.8
2023-12-20 05:00:00,1013.2,16.8,95.0,0.3,323.0,2.3,39.0,0.0,-99.8,-99.8,-99.8,-99.8,-99.8,-99.8,-99.8
2023-12-20 06:00:00,1013.7,17.0,96.0,0.5,348.0,1.1,314.0,0.0,-99.8,-99.8,-99.8,-99.8,-99.8,-99.8,-99.8
2023-12-20 07:00:00,1014.2,16.7,96.0,0.4,332.0,1.3,2.0,0.0,-99.8,-99.8,-99.8,-99.8,-99.8,-99.8,-99.8
2023-12-20 08:00:00,1014.9,16.9,96.0,0.4,341.0,1.3,19.0,0.5,-99.8,-99.8,-99.8,-99.8,-99.8,-99.8,-99.8
2023-12-20 09:00:00,1015.5,16.6,95.0,0.8,357.0,2.1,322.0,0.5,-99.8,-99.8,-99.8,-99.8,-99.8,-99.8,-99.8
2023-12-20 10:00:00,1015.9,17.0,95.0,0.5,328.0,1.8,29.0,0.0,-99.8,-99.8,-99.8,-99.8,-99.8,-99.8,-99.8
2023-12-20 11:00:00,1015.0,17.8,90.0,0.6,24.0,2.5,17.0,0.0,-99.8,-99.8,-99.8,-99.8,-99.8,-99.8,-99.8
2023-12-20 12:00:00,1014.1,18.2,90.0,0.2,0.0,1.7,20.0,0.5,-99.8,-99.8,-99.8,-99.8,-99.8,-99.8,-99.8
2023-12-20 13:00:00,1013.2,18.5,87.0,0.6,7.0,2.0,284.0,0.0,-99.8,-99.8,-99.8,-99.8,-99.8,-99.8,-99.8
2023-12-20 14:00:00,1012.8,18.1,87.0,0.6,327.0,8.4,206.0,0.0,-99.8,-99.8,-99.8,-99.8,-99.8,-99.8,-99.8
2023-12-20 15:00:00,1012.7,18.7,86.0,0.4,18.0,1.7,34.0,0.0,-99.8,-99.8,-99.8,-99.8,-99.8,-99.8,-99.8
2023-12-20 16:00:00,1013.3,17.7,90.0,0.7,264.0,2.4,227.0,0.5,-99.8,-99.8,-99.8,-99.8,-99.8,-99.8,-99.8
2023-12-20 17:00:00,1014.2,16.4,96.0,0.6,359.0,1.9,303.0,0.0,-99.8,-99.8,-99.8,-99.8,-99.8,-99.8,-99.8
2023-12-20 18:00:00,1014.7,16.1,97.0,0.9,333.0,2.4,333.0,0.5,-99.8,-99.8,-99.8,-99.8,-99.8,-99.8,-99.8
2023-12-20 19:00:00,1015.6,16.5,97.0,0.9,14.0,2.0,5.0,0.0,-99.8,-99.8,-99.8,-99.8,-99.8,-99.8,-99.8
2023-12-20 20:00:00,1015.6,16.2,95.0,0.7,360.0,2.2,33.0,0.0,-99.8,-99.8,-99.8,-99.8,-99.8,-99.8,-99.8
2023-12-20 21:00:00,1016.0,16.2,96.0,0.9,9.0,2.1,3.0,0.0,-99.8,-99.8,-99.8,-99.8,-99.8,-99.8,-99.8
2023-12-20 22:00:00,1016.1,16.2,92.0,0.8,358.0,2.4,359.0,0.0,-99.8,-99.8,-99.8,-99.8,-99.8,-99.8,-99.8
2023-12-20 23:00:00,1016.2,16.2,93.0,0.6,348.0,3.5,22.0,0.0,-99.8,-99.8,-99.8,-99.8,-99.8,-99.8,-99.8
2023-12-21 00:00:00,1016.2,16.2,91.0,0.7,356.0,2.5,25.0,0.0,-99.8,-99.8,-99.8,-99.8,-99.8,-99.8,-99.8
2023-12-21 01:00:00,1015.9,16.4,87.0,0.7,10.0,2.3,28.0,0.0,-99.8,-99.8,-99.8,-99.8,-99.8,-99.8,-99.8
2023-12-21 02:00:00,1015.8,16.6,82.0,1.2,354.0,2.5,260.0,0.0,-99.8,-99.8,-99.8,-99.8,-99.8,-99.8,-99.8
2023-12-21 03:00:00,1015.5,16.4,81.0,0.6,331.0,3.3,37.0,0.0,-99.8,-99.8,-99.8,-99.8,-99.8,-99.8,-99.8
2023-12-21 04:00:00,1015.6,17.0,66.0,0.8,324.0,4.3,308.0,0.0,-99.8,-99.8,-99.8,-99.8,-99.8,-99.8,-99.8
2023-12-21 05:00:00,1016.0,15.4,91.0,0.6,359.0,3.8,25.0,0.0,-99.8,-99.8,-99.8,-99.8,-99.8,-99.8,-99.8
2023-12-21 06:00:00,1017.1,17.7,57.0,2.1,20.0,5.5,50.0,0.5,-99.8,-99.8,-99.8,-99.8,-99.8,-99.8,-99.8
2023-12-21 07:00:00,1018.0,17.6,56.0,2.4,359.0,6.4,53.0,0.0,-99.8,-99.8,-99.8,-99.8,-99.8,-99.8,-99.8
2023-12-21 08:00:00,1018.9,16.3,68.0,1.2,33.0,5.4,74.0,0.0,-99.8,-99.8,-99.8,-99.8,-99.8,-99.8,-99.8
2023-12-21 09:00:00,1019.5,17.4,57.0,1.5,30.0,6.1,17.0,0.0,-99.8,-99.8,-99.8,-99.8,-99.8,-99.8,-99.8
2023-12-21 10:00:00,1020.2,17.3,57.0,1.5,14.0,8.1,286.0,0.0,-99.8,-99.8,-99.8,-99.8,-99.8,-99.8,-99.8
2023-12-21 11:00:00,1020.0,17.1,58.0,1.7,4.0,5.9,54.0,0.0,-99.8,-99.8,-99.8,-99.8,-99.8,-99.8,-99.8
2023-12-21 12:00:00,1019.4,16.6,62.0,2.4,357.0,6.9,5.0,0.0,-99.8,-99.8,-99.8,-99.8,-99.8,-99.8,-99.8
2023-12-21 13:00:00,1018.7,16.7,62.0,2.2,356.0,5.8,22.0,0.0,-99.8,-99.8,-99.8,-99.8,-99.8,-99.8,-99.8
2023-12-21 14:00:00,1018.3,16.1,65.0,2.0,343.0,5.6,6.0,0.0,-99.8,-99.8,-99.8,-99.8,-99.8,-99.8,-99.8
2023-12-21 15:00:00,1018.2,16.2,63.0,2.1,323.0,5.9,40.0,0.0,-99.8,-99.8,-99.8,-99.8,-99.8,-99.8,-99.8
2023-12-21 16:00:00,1018.6,16.1,60.0,1.8,342.0,7.8,16.0,0.0,-99.8,-99.8,-99.8,-99.8,-99.8,-99.8,-99.8
2023-12-21 17:00:00,1019.7,15.8,58.0,2.1,355.0,8.8,31.0,0.0,-99.8,-99.8,-99.8,-99.8,-99.8,-99.8,-99.8
2023-12-21 18:00:00,1020.3,15.6,58.0,2.2,19.0,7.4,341.0,0.0,-99.8,-99.8,-99.8,-99.8,-99.8,-99.8,-99.8
2023-12-21 19:00:00,1021.2,15.3,57.0,2.4,17.0,6.7,40.0,0.0,-99.8,-99.8,-99.8,-99.8,-99.8,-99.8,-99.8
2023-12-21 20:00:00,1021.9,15.1,55.0,2.9,14.0,9.7,46.0,0.0,-99.8,-99.8,-99.8,-99.8,-99.8,-99.8,-99.8
2023-12-21 21:00:00,1022.5,14.9,54.0,1.7,329.0,6.8,358.0,0.0,-99.8,-99.8,-99.8,-99.8,-99.8,-99.8,-99.8
2023-12-21 22:00:00,1022.5,14.8,56.0,1.5,29.0,6.3,20.0,0.0,-99.8,-99.8,-99.8,-99.8,-99.8,-99.8,-99.8
2023-12-21 23:00:00,1022.6,14.5,55.0,2.0,353.0,7.0,35.0,0.0,-99.8,-99.8,-99.8,-99.8,-99.8,-99.8,-99.8
2023-12-22 00:00:00,1022.5,14.3,56.0,1.5,19.0,7.3,318.0,0.0,-99.8,-99.8,-99.8,-99.8,-99.8,-99.8,-99.8
2023-12-22 01:00:00,1022.1,14.2,55.0,1.2,247.0,6.9,30.0,0.0,-99.8,-99.8,-99.8,-99.8,-99.8,-99.8,-99.8
2023-12-22 02:00:00,1021.9,14.0,56.0,1.0,293.0,6.2,226.0,0.0,-99.8,-99.8,-99.8,-99.8,-99.8,-99.8,-99.8
2023-12-22 03:00:00,1021.5,13.9,55.0,2.2,269.0,5.8,227.0,0.0,-99.8,-99.8,-99.8,-99.8,-99.8,-99.8,-99.8
2023-12-22 04:00:00,1021.9,13.7,59.0,0.9,299.0,4.6,225.0,0.0,-99.8,-99.8,-99.8,-99.8,-99.8,-99.8,-99.8
2023-12-22 05:00:00,1022.2,13.5,60.0,1.8,269.0,6.7,211.0,0.0,-99.8,-99.8,-99.8,-99.8,-99.8,-99.8,-99.8
2023-12-22 06:00:00,1022.8,13.4,57.0,1.8,321.0,5.4,290.0,0.0,-99.8,-99.8,-99.8,-99.8,-99.8,-99.8,-99.8
2023-12-22 07:00:00,1023.8,13.6,57.0,0.9,251.0,4.3,260.0,0.0,-99.8,-99.8,-99.8,-99.8,-99.8,-99.8,-99.8
2023-12-22 08:00:00,1024.5,13.8,59.0,0.8,322.0,6.4,226.0,0.0,-99.8,-99.8,-99.8,-99.8,-99.8,-99.8,-99.8
2023-12-22 09:00:00,1025.5,14.1,56.0,1.4,291.0,5.6,281.0,0.0,-99.8,-99.8,-99.8,-99.8,-99.8,-99.8,-99.8
2023-12-22 10:00:00,1025.3,14.7,53.0,1.9,283.0,7.3,240.0,0.0,-99.8,-99.8,-99.8,-99.8,-99.8,-99.8,-99.8
2023-12-22 11:00:00,1024.9,15.0,50.0,1.4,9.0,5.6,286.0,0.0,-99.8,-99.8,-99.8,-99.8,-99.8,-99.8,-99.8
2023-12-22 12:00:00,1024.0,15.1,53.0,1.4,359.0,4.7,54.0,0.0,-99.8,-99.8,-99.8,-99.8,-99.8,-99.8,-99.8
2023-12-22 13:00:00,1023.3,14.8,51.0,1.2,6.0,4.6,341.0,0.0,-99.8,-99.8,-99.8,-99.8,-99.8,-99.8,-99.8
2023-12-22 14:00:00,1023.1,14.5,53.0,1.2,352.0,4.7,316.0,0.0,-99.8,-99.8,-99.8,-99.8,-99.8,-99.8,-99.8
2023-12-22 15:00:00,1023.3,14.2,53.0,1.9,5.0,5.8,314.0,0.0,-99.8,-99.8,-99.8,-99.8,-99.8,-99.8,-99.8
2023-12-22 16:00:00,1023.9,14.1,51.0,2.5,33.0,7.5,27.0,0.0,-99.8,-99.8,-99.8,-99.8,-99.8,-99.8,-99.8
2023-12-22 17:00:00,1024.6,14.1,53.0,1.6,25.0,5.4,39.0,0.0,-99.8,-99.8,-99.8,-99.8,-99.8,-99.8,-99.8
2023-12-22 18:00:00,1025.3,14.1,52.0,1.6,276.0,5.8,49.0,0.0,-99.8,-99.8,-99.8,-99.8,-99.8,-99.8,-99.8
2023-12-22 19:00:00,1025.5,14.2,49.0,1.6,355.0,7.5,34.0,0.0,-99.8,-99.8,-99.8,-99.8,-99.8,-99.8,-99.8
2023-12-22 20:00:00,1026.0,14.2,52.0,2.2,340.0,8.9,32.0,0.0,-99.8,-99.8,-99.8,-99.8,-99.8,-99.8,-99.8
2023-12-22 21:00:00,1026.0,14.6,49.0,2.1,358.0,8.6,30.0,0.0,-99.8,-99.8,-99.8,-99.8,-99.8,-99.8,-99.8
2023-12-22 22:00:00,1026.0,15.1,48.0,1.6,60.0,6.6,57.0,0.0,-99.8,-99.8,-99.8,-99.8,-99.8,-99.8,-99.8
2023-12-22 23:00:00,1025.4,15.0,49.0,1.5,65.0,4.5,28.0,0.0,-99.8,-99.8,-99.8,-99.8,-99.8,-99.8,-99.8
2023-12-23 00:00:00,1025.0,14.4,56.0,0.4,312.0,3.6,28.0,0.0,-99.8,-99.8,-99.8,-99.8,-99.8,-99.8,-99.8
2023-12-23 01:00:00,1025.0,14.3,62.0,0.6,1.0,2.7,245.0,0.0,-99.8,-99.8,-99.8,-99.8,-99.8,-99.8,-99.8
2023-12-23 02:00:00,1023.9,14.3,64.0,0.7,14.0,1.3,11.0,0.0,-99.8,-99.8,-99.8,-99.8,-99.8,-99.8,-99.8
2023-12-23 03:00:00,1023.8,14.3,63.0,0.6,9.0,1.8,302.0,0.0,-99.8,-99.8,-99.8,-99.8,-99.8,-99.8,-99.8
2023-12-23 04:00:00,1022.8,14.6,62.0,0.6,349.0,1.5,356.0,0.0,-99.8,-99.8,-99.8,-99.8,-99.8,-99.8,-99.8
2023-12-23 05:00:00,1022.8,14.6,63.0,0.6,332.0,1.5,21.0,0.0,-99.8,-99.8,-99.8,-99.8,-99.8,-99.8,-99.8
2023-12-23 06:00:00,1023.1,15.0,63.0,1.0,15.0,2.8,129.0,0.0,-99.8,-99.8,-99.8,-99.8,-99.8,-99.8,-99.8
2023-12-23 07:00:00,1023.9,14.5,71.0,0.2,0.0,2.4,9.0,0.0,-99.8,-99.8,-99.8,-99.8,-99.8,-99.8,-99.8
2023-12-23 08:00:00,1024.0,15.6,69.0,0.6,4.0,1.9,25.0,0.0,-99.8,-99.8,-99.8,-99.8,-99.8,-99.8,-99.8
2023-12-23 09:00:00,1024.0,16.6,66.0,0.6,88.0,1.6,360.0,0.0,-99.8,-99.8,-99.8,-99.8,-99.8,-99.8,-99.8
2023-12-23 10:00:00,1023.9,18.5,60.0,0.1,0.0,1.7,207.0,0.0,-99.8,-99.8,-99.8,-99.8,-99.8,-99.8,-99.8
2023-12-23 11:00:00,1023.0,18.6,54.0,0.6,249.0,3.4,178.0,0.0,-99.8,-99.8,-99.8,-99.8,-99.8,-99.8,-99.8
2023-12-23 12:00:00,1021.6,18.7,64.0,2.5,188.0,7.4,209.0,0.0,-99.8,-99.8,-99.8,-99.8,-99.8,-99.8,-99.8
2023-12-23 13:00:00,1020.6,18.6,64.0,1.3,191.0,6.7,217.0,0.0,-99.8,-99.8,-99.8,-99.8,-99.8,-99.8,-99.8
2023-12-23 14:00:00,1020.2,18.2,65.0,1.6,203.0,5.5,231.0,0.0,-99.8,-99.8,-99.8,-99.8,-99.8,-99.8,-99.8
2023-12-23 15:00:00,1019.6,18.5,64.0,0.9,249.0,5.2,228.0,0.0,-99.8,-99.8,-99.8,-99.8,-99.8,-99.8,-99.8
2023-12-23 16:00:00,1019.6,18.2,69.0,0.8,243.0,3.3,222.0,0.0,-99.8,-99.8,-99.8,-99.8,-99.8,-99.8,-99.8
2023-12-23 17:00:00,1020.2,17.2,75.0,0.3,7.0,1.0,275.0,0.0,-99.8,-99.8,-99.8,-99.8,-99.8,-99.8,-99.8
2023-12-23 18:00:00,1020.6,16.8,77.0,0.3,325.0,1.3,324.0,0.0,-99.8,-99.8,-99.8,-99.8,-99.8,-99.8,-99.8
2023-12-23 19:00:00,1020.6,16.7,78.0,0.4,325.0,1.3,10.0,0.0,-99.8,-99.8,-99.8,-99.8,-99.8,-99.8,-99.8
2023-12-23 20:00:00,1020.8,16.7,79.0,0.4,354.0,1.5,350.0,0.0,-99.8,-99.8,-99.8,-99.8,-99.8,-99.8,-99.8
2023-12-23 21:00:00,1020.5,16.9,74.0,0.6,350.0,2.6,15.0,0.0,-99.8,-99.8,-99.8,-99.8,-99.8,-99.8,-99.8
2023-12-23 22:00:00,1020.2,16.8,76.0,0.6,351.0,1.7,5.0,0.0,-99.8,-99.8,-99.8,-99.8,-99.8,-99.8,-99.8
2023-12-23 23:00:00,1020.0,16.9,77.0,0.6,3.0,2.1,30.0,0.0,-99.8,-99.8,-99.8,-99.8,-99.8,-99.8,-99.8
2023-12-24 00:00:00,1019.5,16.0,88.0,1.0,359.0,2.3,4.0,0.0,-99.8,-99.8,-99.8,-99.8,-99.8,-99.8,-99.8
2023-12-24 01:00:00,1019.5,15.6,93.0,0.8,360.0,2.5,355.0,0.5,-99.8,-99.8,-99.8,-99.8,-99.8,-99.8,-99.8
2023-12-24 02:00:00,1018.8,15.5,95.0,0.6,354.0,2.7,347.0,0.0,-99.8,-99.8,-99.8,-99.8,-99.8,-99.8,-99.8
2023-12-24 03:00:00,1018.9,15.3,96.0,0.8,358.0,2.4,6.0,0.5,-99.8,-99.8,-99.8,-99.8,-99.8,-99.8,-99.8
2023-12-24 04:00:00,1018.8,15.3,97.0,0.9,342.0,1.9,360.0,0.5,-99.8,-99.8,-99.8,-99.8,-99.8,-99.8,-99.8
2023-12-24 05:00:00,1018.8,15.4,98.0,0.7,352.0,1.8,16.0,0.5,-99.8,-99.8,-99.8,-99.8,-99.8,-99.8,-99.8
2023-12-24 06:00:00,1019.1,15.6,98.0,0.8,9.0,1.9,23.0,0.0,-99.8,-99.8,-99.8,-99.8,-99.8,-99.8,-99.8
2023-12-24 07:00:00,1020.0,15.7,97.0,1.0,7.0,2.4,328.0,0.0,-99.8,-99.8,-99.8,-99.8,-99.8,-99.8,-99.8
2023-12-24 08:00:00,1020.8,17.1,91.0,1.0,16.0,2.1,360.0,0.0,-99.8,-99.8,-99.8,-99.8,-99.8,-99.8,-99.8
2023-12-24 09:00:00,1021.0,22.9,66.0,1.5,200.0,3.4,195.0,0.0,-99.8,-99.8,-99.8,-99.8,-99.8,-99.8,-99.8
2023-12-24 10:00:00,1021.0,20.5,71.0,1.8,206.0,3.7,212.0,0.0,-99.8,-99.8,-99.8,-99.8,-99.8,-99.8,-99.8
2023-12-24 11:00:00,1019.9,20.9,60.0,3.3,220.0,7.9,217.0,0.0,-99.8,-99.8,-99.8,-99.8,-99.8,-99.8,-99.8
2023-12-24 12:00:00,1019.1,20.2,63.0,2.4,264.0,9.8,211.0,0.0,-99.8,-99.8,-99.8,-99.8,-99.8,-99.8,-99.8
2023-12-24 13:00:00,1018.5,19.6,67.0,2.2,285.0,6.7,272.0,0.0,-99.8,-99.8,-99.8,-99.8,-99.8,-99.8,-99.8
2023-12-24 14:00:00,1018.0,18.9,68.0,3.1,273.0,7.3,295.0,0.0,-99.8,-99.8,-99.8,-99.8,-99.8,-99.8,-99.8
2023-12-24 15:00:00,1018.4,18.3,68.0,1.4,300.0,6.1,240.0,0.0,-99.8,-99.8,-99.8,-99.8,-99.8,-99.8,-99.8
2023-12-24 16:00:00,1018.8,17.5,68.0,2.1,285.0,5.2,265.0,0.0,-99.8,-99.8,-99.8,-99.8,-99.8,-99.8,-99.8
2023-12-24 17:00:00,1019.6,17.1,68.0,1.2,217.0,5.9,308.0,0.0,-99.8,-99.8,-99.8,-99.8,-99.8,-99.8,-99.8
2023-12-24 18:00:00,1020.0,16.6,70.0,1.1,264.0,6.5,256.0,0.0,-99.8,-99.8,-99.8,-99.8,-99.8,-99.8,-99.8
2023-12-24 19:00:00,1020.5,16.6,68.0,0.6,332.0,6.1,218.0,0.0,-99.8,-99.8,-99.8,-99.8,-99.8,-99.8,-99.8
2023-12-24 20:00:00,1020.9,16.3,76.0,0.6,343.0,2.0,17.0,0.0,-99.8,-99.8,-99.8,-99.8,-99.8,-99.8,-99.8
2023-12-24 21:00:00,1021.0,16.4,67.0,1.2,323.0,3.7,297.0,0.0,-99.8,-99.8,-99.8,-99.8,-99.8,-99.8,-99.8
2023-12-24 22:00:00,1021.2,16.5,67.0,0.6,260.0,3.2,265.0,0.0,-99.8,-99.8,-99.8,-99.8,-99.8,-99.8,-99.8
2023-12-24 23:00:00,1021.0,15.9,68.0,0.2,0.0,4.0,224.0,0.0,-99.8,-99.8,-99.8,-99.8,-99.8,-99.8,-99.8
2023-12-25 00:00:00,1021.0,15.8,70.0,0.7,326.0,3.4,296.0,0.0,-99.8,-99.8,-99.8,-99.8,-99.8,-99.8,-99.8
2023-12-25 01:00:00,1020.8,15.8,66.0,1.0,320.0,3.0,238.0,0.0,-99.8,-99.8,-99.8,-99.8,-99.8,-99.8,-99.8
2023-12-25 02:00:00,1020.4,15.7,65.0,1.0,272.0,3.6,17.0,0.0,-99.8,-99.8,-99.8,-99.8,-99.8,-99.8,-99.8
2023-12-25 03:00:00,1019.9,15.3,70.0,0.5,272.0,3.7,257.0,0.0,-99.8,-99.8,-99.8,-99.8,-99.8,-99.8,-99.8
2023-12-25 04:00:00,1019.3,15.2,71.0,0.5,317.0,3.3,224.0,0.0,-99.8,-99.8,-99.8,-99.8,-99.8,-99.8,-99.8
2023-12-25 05:00:00,1019.6,15.8,63.0,1.3,349.0,4.4,36.0,0.0,-99.8,-99.8,-99.8,-99.8,-99.8,-99.8,-99.8
2023-12-25 06:00:00,1020.3,15.8,64.0,1.3,295.0,4.8,309.0,0.0,-99.8,-99.8,-99.8,-99.8,-99.8,-99.8,-99.8
2023-12-25 07:00:00,1021.0,15.6,63.0,1.0,298.0,4.1,57.0,0.0,-99.8,-99.8,-99.8,-99.8,-99.8,-99.8,-99.8
2023-12-25 08:00:00,1021.8,15.4,69.0,0.6,345.0,2.6,285.0,0.0,-99.8,-99.8,-99.8,-99.8,-99.8,-99.8,-99.8
2023-12-25 09:00:00,1022.5,15.8,67.0,0.7,267.0,4.6,279.0,0.0,-99.8,-99.8,-99.8,-99.8,-99.8,-99.8,-99.8
2023-12-25 10:00:00,1022.4,16.3,64.0,1.3,288.0,5.0,275.0,0.0,-99.8,-99.8,-99.8,-99.8,-99.8,-99.8,-99.8
2023-12-25 11:00:00,1021.9,16.9,58.0,1.6,273.0,5.8,231.0,0.0,-99.8,-99.8,-99.8,-99.8,-99.8,-99.8,-99.8
2023-12-25 12:00:00,1021.0,16.8,56.0,2.1,258.0,6.6,230.0,0.0,-99.8,-99.8,-99.8,-99.8,-99.8,-99.8,-99.8
2023-12-25 13:00:00,1020.1,16.7,60.0,1.1,265.0,4.5,283.0,0.0,-99.8,-99.8,-99.8,-99.8,-99.8,-99.8,-99.8
2023-12-25 14:00:00,1019.9,16.5,60.0,0.7,291.0,4.8,236.0,0.0,-99.8,-99.8,-99.8,-99.8,-99.8,-99.8,-99.8
2023-12-25 15:00:00,1019.6,16.1,61.0,1.0,300.0,3.4,247.0,0.0,-99.8,-99.8,-99.8,-99.8,-99.8,-99.8,-99.8
2023-12-25 16:00:00,1020.1,16.0,62.0,0.9,299.0,4.2,292.0,0.0,-99.8,-99.8,-99.8,-99.8,-99.8,-99.8,-99.8
2023-12-25 17:00:00,1020.7,15.8,63.0,1.1,271.0,2.5,281.0,0.0,-99.8,-99.8,-99.8,-99.8,-99.8,-99.8,-99.8
2023-12-25 18:00:00,1021.0,15.4,70.0,0.2,0.0,2.4,310.0,0.0,-99.8,-99.8,-99.8,-99.8,-99.8,-99.8,-99.8
2023-12-25 19:00:00,1021.5,15.2,74.0,0.3,8.0,2.5,270.0,0.0,-99.8,-99.8,-99.8,-99.8,-99.8,-99.8,-99.8
2023-12-25 20:00:00,1022.0,15.1,74.0,0.4,354.0,1.3,337.0,0.0,-99.8,-99.8,-99.8,-99.8,-99.8,-99.8,-99.8
2023-12-25 21:00:00,1022.1,15.3,70.0,0.5,5.0,1.3,336.0,0.0,-99.8,-99.8,-99.8,-99.8,-99.8,-99.8,-99.8
2023-12-25 22:00:00,1021.9,15.2,71.0,0.4,338.0,1.3,11.0,0.0,-99.8,-99.8,-99.8,-99.8,-99.8,-99.8,-99.8
2023-12-25 23:00:00,1021.6,15.4,70.0,0.3,350.0,1.2,326.0,0.0,-99.8,-99.8,-99.8,-99.8,-99.8,-99.8,-99.8
2023-12-26 00:00:00,1021.5,15.4,66.0,0.5,335.0,1.5,29.0,0.0,-99.8,-99.8,-99.8,-99.8,-99.8,-99.8,-99.8
2023-12-26 01:00:00,1020.9,15.5,65.0,0.4,339.0,1.5,359.0,0.0,-99.8,-99.8,-99.8,-99.8,-99.8,-99.8,-99.8
2023-12-26 02:00:00,1020.3,15.2,64.0,0.6,341.0,1.4,320.0,0.0,-99.8,-99.8,-99.8,-99.8,-99.8,-99.8,-99.8
2023-12-26 03:00:00,1019.9,14.9,66.0,0.9,6.0,2.0,4.0,0.0,-99.8,-99.8,-99.8,-99.8,-99.8,-99.8,-99.8
2023-12-26 04:00:00,1019.7,15.0,67.0,0.9,14.0,2.1,359.0,0.0,-99.8,-99.8,-99.8,-99.8,-99.8,-99.8,-99.8
2023-12-26 05:00:00,1019.5,15.5,67.0,0.7,16.0,1.9,24.0,0.0,-99.8,-99.8,-99.8,-99.8,-99.8,-99.8,-99.8
2023-12-26 06:00:00,1019.8,15.6,68.0,0.7,15.0,1.5,36.0,0.0,-99.8,-99.8,-99.8,-99.8,-99.8,-99.8,-99.8
2023-12-26 07:00:00,1020.3,15.6,68.0,0.8,9.0,2.2,10.0,0.0,-99.8,-99.8,-99.8,-99.8,-99.8,-99.8,-99.8
2023-12-26 08:00:00,1020.7,16.6,66.0,1.2,15.0,2.3,6.0,0.0,-99.8,-99.8,-99.8,-99.8,-99.8,-99.8,-99.8
2023-12-26 09:00:00,1020.9,23.0,43.0,1.7,198.0,2.9,201.0,0.0,-99.8,-99.8,-99.8,-99.8,-99.8,-99.8,-99.8
2023-12-26 10:00:00,1020.7,22.4,45.0,2.0,177.0,5.4,207.0,0.0,-99.8,-99.8,-99.8,-99.8,-99.8,-99.8,-99.8
2023-12-26 11:00:00,1020.3,20.9,53.0,1.3,186.0,5.5,203.0,0.0,-99.8,-99.8,-99.8,-99.8,-99.8,-99.8,-99.8
2023-12-26 12:00:00,1019.3,20.3,55.0,1.8,227.0,4.1,269.0,0.0,-99.8,-99.8,-99.8,-99.8,-99.8,-99.8,-99.8
2023-12-26 13:00:00,1018.5,20.9,56.0,0.6,195.0,3.7,282.0,0.0,-99.8,-99.8,-99.8,-99.8,-99.8,-99.8,-99.8
2023-12-26 14:00:00,1018.1,19.6,60.0,1.4,240.0,3.8,281.0,0.0,-99.8,-99.8,-99.8,-99.8,-99.8,-99.8,-99.8
2023-12-26 15:00:00,1017.7,19.3,67.0,0.5,20.0,3.0,213.0,0.0,-99.8,-99.8,-99.8,-99.8,-99.8,-99.8,-99.8
2023-12-26 16:00:00,1017.9,19.1,68.0,0.6,26.0,1.5,26.0,0.0,-99.8,-99.8,-99.8,-99.8,-99.8,-99.8,-99.8
2023-12-26 17:00:00,1018.3,18.7,72.0,0.4,17.0,1.6,339.0,0.0,-99.8,-99.8,-99.8,-99.8,-99.8,-99.8,-99.8
2023-12-26 18:00:00,1018.4,18.3,71.0,0.4,360.0,1.5,16.0,0.0,-99.8,-99.8,-99.8,-99.8,-99.8,-99.8,-99.8
2023-12-26 19:00:00,1018.9,17.9,70.0,0.9,15.0,1.8,5.0,0.0,-99.8,-99.8,-99.8,-99.8,-99.8,-99.8,-99.8
2023-12-26 20:00:00,1019.1,18.2,67.0,0.9,13.0,1.7,2.0,0.0,-99.8,-99.8,-99.8,-99.8,-99.8,-99.8,-99.8
2023-12-26 21:00:00,1019.4,18.3,69.0,0.8,17.0,1.7,350.0,0.0,-99.8,-99.8,-99.8,-99.8,-99.8,-99.8,-99.8
2023-12-26 22:00:00,1019.3,18.1,70.0,0.8,12.0,2.0,17.0,0.0,-99.8,-99.8,-99.8,-99.8,-99.8,-99.8,-99.8
2023-12-26 23:00:00,1019.1,18.1,72.0,1.0,17.0,1.9,7.0,0.0,-99.8,-99.8,-99.8,-99.8,-99.8,-99.8,-99.8
2023-12-27 00:00:00,1018.3,17.7,68.0,1.0,17.0,2.1,7.0,0.0,-99.8,-99.8,-99.8,-99.8,-99.8,-99.8,-99.8
2023-12-27 01:00:00,1018.1,17.5,73.0,1.0,14.0,2.2,34.0,0.0,-99.8,-99.8,-99.8,-99.8,-99.8,-99.8,-99.8
2023-12-27 02:00:00,1017.7,17.3,71.0,1.0,13.0,2.9,34.0,0.0,-99.8,-99.8,-99.8,-99.8,-99.8,-99.8,-99.8
2023-12-27 03:00:00,1017.1,17.4,67.0,1.4,18.0,2.3,331.0,0.0,-99.8,-99.8,-99.8,-99.8,-99.8,-99.8,-99.8
2023-12-27 04:00:00,1016.9,17.1,69.0,0.9,360.0,2.2,23.0,0.0,-99.8,-99.8,-99.8,-99.8,-99.8,-99.8,-99.8
2023-12-27 05:00:00,1017.2,17.1,69.0,1.1,15.0,2.2,360.0,0.0,-99.8,-99.8,-99.8,-99.8,-99.8,-99.8,-99.8
2023-12-27 06:00:00,1017.6,17.1,69.0,1.1,14.0,2.5,11.0,0.0,-99.8,-99.8,-99.8,-99.8,-99.8,-99.8,-99.8
2023-12-27 07:00:00,1018.0,17.6,69.0,1.0,7.0,2.4,360.0,0.0,-99.8,-99.8,-99.8,-99.8,-99.8,-99.8,-99.8
2023-12-27 08:00:00,1018.5,19.5,65.0,1.1,14.0,2.2,341.0,0.0,-99.8,-99.8,-99.8,-99.8,-99.8,-99.8,-99.8
2023-12-27 09:00:00,1019.0,22.8,57.0,1.3,208.0,3.0,200.0,0.0,-99.8,-99.8,-99.8,-99.8,-99.8,-99.8,-99.8
2023-12-27 10:00:00,1018.9,24.8,53.0,1.1,196.0,2.4,171.0,0.0,-99.8,-99.8,-99.8,-99.8,-99.8,-99.8,-99.8
2023-12-27 11:00:00,1018.5,23.9,56.0,0.7,185.0,2.4,173.0,0.0,-99.8,-99.8,-99.8,-99.8,-99.8,-99.8,-99.8
2023-12-27 12:00:00,1017.2,26.7,43.0,1.0,163.0,2.5,207.0,0.0,-99.8,-99.8,-99.8,-99.8,-99.8,-99.8,-99.8
2023-12-27 13:00:00,1016.8,24.0,55.0,0.7,180.0,2.5,169.0,0.0,-99.8,-99.8,-99.8,-99.8,-99.8,-99.8,-99.8
2023-12-27 14:00:00,1016.3,24.5,55.0,0.9,176.0,2.4,223.0,0.0,-99.8,-99.8,-99.8,-99.8,-99.8,-99.8,-99.8
2023-12-27 15:00:00,1016.2,22.7,60.0,0.5,145.0,1.7,143.0,0.0,-99.8,-99.8,-99.8,-99.8,-99.8,-99.8,-99.8
2023-12-27 16:00:00,1016.3,21.7,68.0,0.3,18.0,1.2,117.0,0.0,-99.8,-99.8,-99.8,-99.8,-99.8,-99.8,-99.8
2023-12-27 17:00:00,1016.5,20.6,65.0,0.6,5.0,1.5,354.0,0.0,-99.8,-99.8,-99.8,-99.8,-99.8,-99.8,-99.8
2023-12-27 18:00:00,1016.6,20.0,65.0,0.7,6.0,1.5,20.0,0.0,-99.8,-99.8,-99.8,-99.8,-99.8,-99.8,-99.8
2023-12-27 19:00:00,1016.8,20.1,67.0,1.0,12.0,2.1,354.0,0.0,-99.8,-99.8,-99.8,-99.8,-99.8,-99.8,-99.8
2023-12-27 20:00:00,1017.3,20.0,68.0,1.4,18.0,2.5,15.0,0.0,-99.8,-99.8,-99.8,-99.8,-99.8,-99.8,-99.8
2023-12-27 21:00:00,1017.1,19.9,69.0,0.7,355.0,2.1,31.0,0.0,-99.8,-99.8,-99.8,-99.8,-99.8,-99.8,-99.8
2023-12-27 22:00:00,1017.1,20.2,71.0,0.6,8.0,1.5,20.0,0.0,-99.8,-99.8,-99.8,-99.8,-99.8,-99.8,-99.8
2023-12-27 23:00:00,1016.5,20.4,71.0,0.8,13.0,2.0,6.0,0.0,-99.8,-99.8,-99.8,-99.8,-99.8,-99.8,-99.8
2023-12-28 00:00:00,1016.3,20.3,72.0,0.6,5.0,2.0,25.0,0.0,-99.8,-99.8,-99.8,-99.8,-99.8,-99.8,-99.8
2023-12-28 01:00:00,1016.1,20.2,73.0,0.8,16.0,1.7,26.0,0.0,-99.8,-99.8,-99.8,-99.8,-99.8,-99.8,-99.8
2023-12-28 02:00:00,1015.3,20.2,73.0,0.6,10.0,2.3,320.0,0.0,-99.8,-99.8,-99.8,-99.8,-99.8,-99.8,-99.8
2023-12-28 03:00:00,1015.3,18.9,90.0,0.8,4.0,1.8,303.0,0.0,-99.8,-99.8,-99.8,-99.8,-99.8,-99.8,-99.8
2023-12-28 04:00:00,1015.8,17.9,96.0,0.5,3.0,2.0,33.0,2.5,-99.8,-99.8,-99.8,-99.8,-99.8,-99.8,-99.8
2023-12-28 05:00:00,1015.4,17.7,98.0,0.5,9.0,1.6,11.0,3.0,-99.8,-99.8,-99.8,-99.8,-99.8,-99.8,-99.8
2023-12-28 06:00:00,1015.6,17.7,98.0,0.4,327.0,1.5,295.0,1.0,-99.8,-99.8,-99.8,-99.8,-99.8,-99.8,-99.8
2023-12-28 07:00:00,1016.0,17.9,99.0,0.6,307.0,1.4,296.0,0.5,-99.8,-99.8,-99.8,-99.8,-99.8,-99.8,-99.8
2023-12-28 08:00:00,1016.7,18.3,99.0,0.2,0.0,1.1,11.0,1.5,-99.8,-99.8,-99.8,-99.8,-99.8,-99.8,-99.8
2023-12-28 09:00:00,1017.1,19.0,99.0,0.1,0.0,1.3,24.0,0.0,-99.8,-99.8,-99.8,-99.8,-99.8,-99.8,-99.8
2023-12-28 10:00:00,1017.1,19.1,99.0,0.1,0.0,1.1,39.0,2.0,-99.8,-99.8,-99.8,-99.8,-99.8,-99.8,-99.8
2023-12-28 11:00:00,1016.9,19.7,94.0,0.2,0.0,1.8,156.0,0.5,-99.8,-99.8,-99.8,-99.8,-99.8,-99.8,-99.8
2023-12-28 12:00:00,1015.9,19.7,96.0,0.0,0.0,1.3,250.0,1.0,-99.8,-99.8,-99.8,-99.8,-99.8,-99.8,-99.8
2023-12-28 13:00:00,1014.9,20.2,93.0,0.5,223.0,1.5,213.0,0.5,-99.8,-99.8,-99.8,-99.8,-99.8,-99.8,-99.8
2023-12-28 14:00:00,1014.7,19.4,97.0,0.0,0.0,1.7,223.0,2.5,-99.8,-99.8,-99.8,-99.8,-99.8,-99.8,-99.8
2023-12-28 15:00:00,1014.5,19.7,96.0,0.2,0.0,1.1,37.0,0.5,-99.8,-99.8,-99.8,-99.8,-99.8,-99.8,-99.8
2023-12-28 16:00:00,1014.6,19.7,97.0,0.1,0.0,1.0,16.0,0.5,-99.8,-99.8,-99.8,-99.8,-99.8,-99.8,-99.8
2023-12-28 17:00:00,1015.2,18.8,98.0,0.7,360.0,1.3,10.0,0.5,-99.8,-99.8,-99.8,-99.8,-99.8,-99.8,-99.8
2023-12-28 18:00:00,1015.6,18.6,99.0,0.6,3.0,1.6,359.0,0.5,-99.8,-99.8,-99.8,-99.8,-99.8,-99.8,-99.8
2023-12-28 19:00:00,1016.2,18.6,99.0,0.7,351.0,1.5,10.0,0.0,-99.8,-99.8,-99.8,-99.8,-99.8,-99.8,-99.8
2023-12-28 20:00:00,1016.2,18.7,100.0,0.7,354.0,1.6,16.0,0.0,-99.8,-99.8,-99.8,-99.8,-99.8,-99.8,-99.8
2023-12-28 21:00:00,1016.3,18.5,100.0,0.7,336.0,1.6,6.0,0.0,-99.8,-99.8,-99.8,-99.8,-99.8,-99.8,-99.8
2023-12-28 22:00:00,1016.4,18.5,99.0,0.8,10.0,1.7,6.0,0.0,-99.8,-99.8,-99.8,-99.8,-99.8,-99.8,-99.8
2023-12-28 23:00:00,1016.6,18.5,99.0,0.7,358.0,2.1,15.0,0.0,-99.8,-99.8,-99.8,-99.8,-99.8,-99.8,-99.8
2023-12-29 00:00:00,1016.3,18.4,99.0,0.5,360.0,1.9,19.0,0.5,-99.8,-99.8,-99.8,-99.8,-99.8,-99.8,-99.8
2023-12-29 01:00:00,1016.0,18.4,98.0,0.4,355.0,1.8,10.0,0.0,-99.8,-99.8,-99.8,-99.8,-99.8,-99.8,-99.8
2023-12-29 02:00:00,1015.6,18.5,98.0,0.4,1.0,1.5,334.0,0.0,-99.8,-99.8,-99.8,-99.8,-99.8,-99.8,-99.8
2023-12-29 03:00:00,1015.1,18.6,97.0,0.6,3.0,1.8,15.0,0.0,-99.8,-99.8,-99.8,-99.8,-99.8,-99.8,-99.8
2023-12-29 04:00:00,1014.9,18.5,97.0,0.5,343.0,1.7,18.0,0.0,-99.8,-99.8,-99.8,-99.8,-99.8,-99.8,-99.8
2023-12-29 05:00:00,1014.9,18.7,96.0,0.8,14.0,2.6,19.0,0.0,-99.8,-99.8,-99.8,-99.8,-99.8,-99.8,-99.8
2023-12-29 06:00:00,1015.3,18.6,97.0,0.7,14.0,1.6,356.0,0.0,-99.8,-99.8,-99.8,-99.8,-99.8,-99.8,-99.8
2023-12-29 07:00:00,1015.8,18.7,96.0,0.7,15.0,1.5,15.0,0.0,-99.8,-99.8,-99.8,-99.8,-99.8,-99.8,-99.8
2023-12-29 08:00:00,1016.2,19.8,93.0,0.2,0.0,1.6,15.0,0.0,-99.8,-99.8,-99.8,-99.8,-99.8,-99.8,-99.8
2023-12-29 09:00:00,1016.7,21.2,84.0,0.2,0.0,2.5,247.0,0.0,-99.8,-99.8,-99.8,-99.8,-99.8,-99.8,-99.8
2023-12-29 10:00:00,1016.3,22.4,80.0,1.2,181.0,3.3,200.0,0.0,-99.8,-99.8,-99.8,-99.8,-99.8,-99.8,-99.8
2023-12-29 11:00:00,1015.9,22.6,76.0,0.2,0.0,4.5,168.0,0.0,-99.8,-99.8,-99.8,-99.8,-99.8,-99.8,-99.8
2023-12-29 12:00:00,1014.8,23.1,77.0,0.7,161.0,2.4,209.0,0.0,-99.8,-99.8,-99.8,-99.8,-99.8,-99.8,-99.8
2023-12-29 13:00:00,1013.8,22.6,73.0,0.4,212.0,1.9,203.0,0.0,-99.8,-99.8,-99.8,-99.8,-99.8,-99.8,-99.8
2023-12-29 14:00:00,1013.1,22.9,77.0,0.4,172.0,2.0,208.0,0.0,-99.8,-99.8,-99.8,-99.8,-99.8,-99.8,-99.8
2023-12-29 15:00:00,1012.9,22.0,83.0,0.2,0.0,2.8,245.0,0.0,-99.8,-99.8,-99.8,-99.8,-99.8,-99.8,-99.8
2023-12-29 16:00:00,1013.4,21.0,90.0,0.5,24.0,3.0,230.0,0.0,-99.8,-99.8,-99.8,-99.8,-99.8,-99.8,-99.8
2023-12-29 17:00:00,1013.7,20.6,94.0,0.3,338.0,0.8,40.0,0.0,-99.8,-99.8,-99.8,-99.8,-99.8,-99.8,-99.8
2023-12-29 18:00:00,1014.0,20.1,95.0,0.3,327.0,0.9,307.0,0.0,-99.8,-99.8,-99.8,-99.8,-99.8,-99.8,-99.8
2023-12-29 19:00:00,1014.3,20.0,96.0,0.5,300.0,1.0,291.0,0.0,-99.8,-99.8,-99.8,-99.8,-99.8,-99.8,-99.8
2023-12-29 20:00:00,1014.5,19.7,96.0,0.4,344.0,1.1,5.0,0.0,-99.8,-99.8,-99.8,-99.8,-99.8,-99.8,-99.8
2023-12-29 21:00:00,1014.5,19.6,96.0,0.6,337.0,1.5,317.0,0.0,-99.8,-99.8,-99.8,-99.8,-99.8,-99.8,-99.8
2023-12-29 22:00:00,1014.0,19.7,96.0,0.4,356.0,1.3,307.0,0.0,-99.8,-99.8,-99.8,-99.8,-99.8,-99.8,-99.8
2023-12-29 23:00:00,1013.3,19.4,95.0,0.7,341.0,1.2,13.0,0.0,-99.8,-99.8,-99.8,-99.8,-99.8,-99.8,-99.8
2023-12-30 00:00:00,1013.0,19.1,94.0,0.7,7.0,1.9,360.0,0.0,-99.8,-99.8,-99.8,-99.8,-99.8,-99.8,-99.8
2023-12-30 01:00:00,1012.5,19.1,94.0,0.5,352.0,1.5,321.0,0.0,-99.8,-99.8,-99.8,-99.8,-99.8,-99.8,-99.8
2023-12-30 02:00:00,1011.8,18.9,95.0,0.6,4.0,1.8,343.0,0.0,-99.8,-99.8,-99.8,-99.8,-99.8,-99.8,-99.8
2023-12-30 03:00:00,1011.1,19.0,92.0,0.6,353.0,1.7,10.0,0.0,-99.8,-99.8,-99.8,-99.8,-99.8,-99.8,-99.8
2023-12-30 04:00:00,1010.6,19.0,91.0,0.6,351.0,1.9,11.0,0.0,-99.8,-99.8,-99.8,-99.8,-99.8,-99.8,-99.8
2023-12-30 05:00:00,1010.6,19.0,91.0,0.9,2.0,2.3,6.0,0.0,-99.8,-99.8,-99.8,-99.8,-99.8,-99.8,-99.8
2023-12-30 06:00:00,1010.9,19.3,90.0,0.8,6.0,2.1,25.0,0.0,-99.8,-99.8,-99.8,-99.8,-99.8,-99.8,-99.8
2023-12-30 07:00:00,1011.5,19.5,91.0,0.9,12.0,2.2,5.0,0.0,-99.8,-99.8,-99.8,-99.8,-99.8,-99.8,-99.8
2023-12-30 08:00:00,1011.8,21.1,85.0,0.6,292.0,2.1,9.0,0.0,-99.8,-99.8,-99.8,-99.8,-99.8,-99.8,-99.8
2023-12-30 09:00:00,1012.2,21.0,88.0,0.4,360.0,1.6,20.0,0.0,-99.8,-99.8,-99.8,-99.8,-99.8,-99.8,-99.8
2023-12-30 10:00:00,1012.3,22.9,80.0,0.1,0.0,1.3,10.0,0.0,-99.8,-99.8,-99.8,-99.8,-99.8,-99.8,-99.8
2023-12-30 11:00:00,1011.7,23.7,76.0,0.4,144.0,2.1,158.0,0.0,-99.8,-99.8,-99.8,-99.8,-99.8,-99.8,-99.8
2023-12-30 12:00:00,1010.6,26.6,66.0,1.1,140.0,2.2,169.0,0.0,-99.8,-99.8,-99.8,-99.8,-99.8,-99.8,-99.8
2023-12-30 13:00:00,1009.9,23.5,78.0,0.4,105.0,2.1,161.0,0.0,-99.8,-99.8,-99.8,-99.8,-99.8,-99.8,-99.8
2023-12-30 14:00:00,1009.4,23.1,79.0,0.7,163.0,1.7,210.0,0.0,-99.8,-99.8,-99.8,-99.8,-99.8,-99.8,-99.8
2023-12-30 15:00:00,1009.3,22.9,81.0,0.1,0.0,1.5,205.0,0.0,-99.8,-99.8,-99.8,-99.8,-99.8,-99.8,-99.8
2023-12-30 16:00:00,1009.7,22.6,84.0,0.1,0.0,1.8,151.0,0.0,-99.8,-99.8,-99.8,-99.8,-99.8,-99.8,-99.8
2023-12-30 17:00:00,1010.1,21.5,89.0,0.5,11.0,1.0,38.0,0.0,-99.8,-99.8,-99.8,-99.8,-99.8,-99.8,-99.8
2023-12-30 18:00:00,1010.4,20.7,91.0,0.7,354.0,1.7,352.0,0.0,-99.8,-99.8,-99.8,-99.8,-99.8,-99.8,-99.8
2023-12-30 19:00:00,1011.3,20.8,91.0,0.6,350.0,1.8,6.0,0.0,-99.8,-99.8,-99.8,-99.8,-99.8,-99.8,-99.8
2023-12-30 20:00:00,1011.4,20.7,92.0,0.6,350.0,1.2,25.0,0.0,-99.8,-99.8,-99.8,-99.8,-99.8,-99.8,-99.8
2023-12-30 21:00:00,1011.6,20.5,91.0,0.5,3.0,1.7,27.0,0.0,-99.8,-99.8,-99.8,-99.8,-99.8,-99.8,-99.8
2023-12-30 22:00:00,1011.3,20.3,90.0,0.8,13.0,1.8,9.0,0.0,-99.8,-99.8,-99.8,-99.8,-99.8,-99.8,-99.8
2023-12-30 23:00:00,1011.2,20.1,92.0,0.7,14.0,1.6,359.0,0.0,-99.8,-99.8,-99.8,-99.8,-99.8,-99.8,-99.8
2023-12-31 00:00:00,1011.0,20.0,91.0,0.6,2.0,1.6,12.0,0.0,-99.8,-99.8,-99.8,-99.8,-99.8,-99.8,-99.8
2023-12-31 01:00:00,1010.6,19.9,90.0,0.9,15.0,1.6,359.0,0.0,-99.8,-99.8,-99.8,-99.8,-99.8,-99.8,-99.8
2023-12-31 02:00:00,1009.9,19.6,90.0,0.9,354.0,2.1,23.0,0.0,-99.8,-99.8,-99.8,-99.8,-99.8,-99.8,-99.8
2023-12-31 03:00:00,1009.6,19.7,90.0,0.6,5.0,2.2,24.0,0.0,-99.8,-99.8,-99.8,-99.8,-99.8,-99.8,-99.8
2023-12-31 04:00:00,1009.5,19.5,89.0,0.8,2.0,2.0,21.0,0.0,-99.8,-99.8,-99.8,-99.8,-99.8,-99.8,-99.8
2023-12-31 05:00:00,1010.1,19.2,88.0,0.8,7.0,2.3,16.0,0.0,-99.8,-99.8,-99.8,-99.8,-99.8,-99.8,-99.8
2023-12-31 06:00:00,1011.1,19.1,86.0,0.8,358.0,1.8,341.0,0.0,-99.8,-99.8,-99.8,-99.8,-99.8,-99.8,-99.8
2023-12-31 07:00:00,1011.7,19.1,83.0,1.0,357.0,1.9,3.0,0.0,-99.8,-99.8,-99.8,-99.8,-99.8,-99.8,-99.8
2023-12-31 08:00:00,1012.2,21.5,71.0,0.7,16.0,1.9,24.0,0.0,-99.8,-99.8,-99.8,-99.8,-99.8,-99.8,-99.8
2023-12-31 09:00:00,1013.0,24.2,59.0,1.4,173.0,3.1,128.0,0.0,-99.8,-99.8,-99.8,-99.8,-99.8,-99.8,-99.8
2023-12-31 10:00:00,1013.1,23.8,61.0,3.5,220.0,8.4,209.0,0.0,-99.8,-99.8,-99.8,-99.8,-99.8,-99.8,-99.8
2023-12-31 11:00:00,1012.8,23.9,68.0,6.2,226.0,11.9,221.0,0.0,-99.8,-99.8,-99.8,-99.8,-99.8,-99.8,-99.8
2023-12-31 12:00:00,1012.3,22.9,71.0,3.3,246.0,10.7,225.0,0.0,-99.8,-99.8,-99.8,-99.8,-99.8,-99.8,-99.8
2023-12-31 13:00:00,1011.9,22.2,74.0,1.6,300.0,6.2,217.0,0.0,-99.8,-99.8,-99.8,-99.8,-99.8,-99.8,-99.8
2023-12-31 14:00:00,1011.6,22.0,72.0,1.2,293.0,4.1,304.0,0.0,-99.8,-99.8,-99.8,-99.8,-99.8,-99.8,-99.8
2023-12-31 15:00:00,1012.1,21.6,76.0,0.9,307.0,5.0,41.0,0.0,-99.8,-99.8,-99.8,-99.8,-99.8,-99.8,-99.8
2023-12-31 16:00:00,1012.8,19.8,84.0,1.9,313.0,5.8,315.0,0.0,-99.8,-99.8,-99.8,-99.8,-99.8,-99.8,-99.8
2023-12-31 17:00:00,1013.1,20.0,82.0,1.1,240.0,4.8,205.0,0.0,-99.8,-99.8,-99.8,-99.8,-99.8,-99.8,-99.8
2023-12-31 18:00:00,1013.5,20.0,72.0,2.3,347.0,8.1,13.0,0.0,-99.8,-99.8,-99.8,-99.8,-99.8,-99.8,-99.8
2023-12-31 19:00:00,1014.2,19.7,69.0,2.5,335.0,7.9,26.0,0.0,-99.8,-99.8,-99.8,-99.8,-99.8,-99.8,-99.8
2023-12-31 20:00:00,1015.1,19.0,73.0,2.4,16.0,7.4,21.0,0.0,-99.8,-99.8,-99.8,-99.8,-99.8,-99.8,-99.8
2023-12-31 21:00:00,1015.4,19.5,67.0,2.7,13.0,8.1,18.0,0.0,-99.8,-99.8,-99.8,-99.8,-99.8,-99.8,-99.8
2023-12-31 22:00:00,1015.6,19.2,68.0,2.2,310.0,7.5,29.0,0.0,-99.8,-99.8,-99.8,-99.8,-99.8,-99.8,-99.8
2023-12-31 23:00:00,1015.6,18.7,70.0,1.5,284.0,6.0,307.0,0.0,-99.8,-99.8,-99.8,-99.8,-99.8,-99.8,-99.8
2024-01-01 00:00:00,1015.5,18.4,70.0,1.1,273.0,4.8,239.0,0.0,-99.8,-99.8,-99.8,-99.8,-99.8,-99.8,-99.8
