站名,緯度,經度,平均溫距平,本年度平均溫,平均溼度距平,本年度日均相對溼度,本年度日均降水量,日均降水量距平,站號
淡水,25.164889,121.448906,0.42,29.29,7.19,82.84,7.48,0.09,466900
鞍部,25.182586,121.529731,0.1,23.21,5.76,93.22,16.2,2.79,466910
臺北,25.037658,121.514853,0.02,29.74,4.98,76.94,14.36,2.83,466920
竹子湖,25.162078,121.544547,0.13,24.84,4.34,88.44,15.86,2.36,466930
基隆,25.133314,121.740475,0.2,29.32,4.46,78.03,4.18,-3.17,466940
花蓮,23.975128,121.613275,0.09,28.62,2.47,79.84,5.06,-3.32,466990
新屋,25.006744,121.047486,0.05,29.05,4.08,84.06,6.16,0.26,467050
宜蘭,24.763975,121.756528,0.15,28.86,7.03,85.31,4.89,-3.72,467080
金門,24.407306,118.289281,-0.23,28.28,7.91,90.16,5.95,1.58,467110
田中,23.873803,120.581286,0.47,28.95,-4.8,83.56,8.43,-5.42,467270
澎湖,23.565503,119.563094,0.19,28.82,2.32,86.69,0.24,-8.45,467350
臺南,22.993239,120.204772,0.09,29.09,2.37,80.66,12.83,-3.76,467410
永康,23.038386,120.2367,0.46,29.0,6.71,83.62,12.29,-4.14,467420
嘉義,23.495925,120.432906,0.47,29.01,1.73,81.22,6.39,-8.79,467480
臺中,24.145736,120.684075,0.29,28.79,1.4,78.53,9.63,-2.37,467490
阿里山,23.508208,120.813242,-0.1,14.57,4.77,97.34,28.05,1.58,467530
大武,22.355675,120.903789,0.36,28.64,1.78,80.41,8.81,-6.88,467540
玉山,23.487614,120.959522,0.36,8.2,17.49,98.03,14.91,-2.66,467550
新竹,24.827853,121.014219,0.39,29.5,2.03,77.06,8.26,1.54,467571
恆春,22.003897,120.746339,-0.02,28.4,4.12,86.03,11.6,-7.12,467590
成功,23.097486,121.373428,-0.14,27.82,5.45,85.22,5.75,-5.08,467610
日月潭,23.881325,120.90805,0.04,22.8,7.57,93.09,16.77,2.95,467650
臺東,22.752211,121.154586,0.19,29.06,-0.34,76.66,10.96,0.1,467660
馬祖,26.169269,119.923419,-0.05,27.74,3.31,89.5,3.13,-0.76,467990
山佳,24.974944,121.402008,0.93,29.98,0.15,76.28,13.44,4.22,C0A520
坪林,24.938183,121.70975,0.29,26.45,-2.03,86.44,7.14,-6.53,C0A530
泰平,24.971197,121.823711,0.45,25.58,1.07,92.25,9.12,-3.61,C0A550
桶後,24.848222,121.597992,0.22,25.84,-0.96,87.16,10.27,-4.31,C0A570
石碇,24.993969,121.662917,-0.11,26.46,0.58,87.22,11.3,-2.06,C0A640
大坪,25.165914,121.632969,0.05,26.51,-3.3,83.72,11.12,3.32,C0A860
五指山,25.132153,121.608692,1.41,25.47,-2.01,90.81,12.39,3.74,C0A870
雙溪,25.036003,121.864242,1.38,29.25,-3.12,81.12,7.36,-1.24,C0A890
三和,25.233153,121.595236,-0.81,26.39,3.38,87.62,10.34,3.62,C0A931
金山,25.223628,121.643967,0.26,28.79,1.78,81.41,6.48,0.99,C0A940
鼻頭角,25.129036,121.923372,1.03,29.3,-0.59,85.48,3.12,-0.34,C0A950
三貂角,25.007606,122.002058,0.86,28.98,-2.02,82.38,4.12,-0.44,C0A970
社子,25.109508,121.469681,0.58,30.26,3.46,77.56,9.77,2.33,C0A980
天母,25.117494,121.537169,0.19,29.54,0.3,73.93,12.85,2.2,C0A9C0
內湖,25.079422,121.57545,0.38,30.13,5.39,79.25,10.61,0.18,C0A9F0
大屯山,25.175675,121.522408,0.8,22.5,-5.01,90.69,15.3,5.16,C0AC40
三峽,24.939025,121.369728,0.05,29.22,-4.31,72.59,17.56,6.88,C0AC60
信義,25.037822,121.564597,0.03,29.42,0.9,76.06,10.28,0.16,C0AC70
文山,25.00235,121.575728,-0.22,28.51,-0.22,79.75,13.7,2.33,C0AC80
新莊,25.051478,121.446756,0.05,30.14,2.2,72.28,12.77,3.75,C0ACA0
八里,25.150211,121.403947,0.11,29.77,7.03,80.38,4.56,-1.59,C0AD10
蘆洲,25.086594,121.472331,0.51,30.8,-7.56,64.72,11.66,3.22,C0AD30
土城,24.973208,121.445169,0.6,29.31,1.23,78.72,15.12,4.4,C0AD40
鶯歌,24.951533,121.346294,0.65,29.74,0.06,78.44,14.61,5.75,C0AD50
汐止,25.066881,121.658778,-0.43,28.76,-2.4,75.91,7.58,-2.45,C0AH00
永和,25.01125,121.508111,0.38,30.07,3.08,72.75,13.5,5.42,C0AH10
五分山,25.07125,121.780794,0.68,24.06,-1.83,91.03,9.03,3.4,C0AH30
平等,25.129142,121.577086,1.32,28.22,4.9,86.48,16.9,10.43,C0AH40
林口,25.072181,121.38084,-0.25,27.86,-5.22,78.75,9.56,5.55,C0AH50
松山,25.04871,121.55042,-0.48,29.69,0.98,66.34,8.91,1.45,C0AH70
深坑,25.002703,121.628328,0.81,28.89,0.17,82.23,11.23,3.32,C0AH80
福山植物園,24.760717,121.58135,0.47,24.17,-2.47,89.22,9.3,-3.82,C0AH90
五股,25.07445,121.42728,0.79,29.27,-6.98,76.09,9.91,2.92,C0AI00
屈尺,24.92184,121.54475,0.16,28.61,-7.59,72.91,9.22,-0.46,C0AI10
白沙灣,25.283128,121.519058,0.01,28.48,0.16,81.97,5.06,1.12,C0AI20
三重,25.057328,121.500629,-0.08,30.11,-1.4,74.0,13.69,4.89,C0AI30
石牌,25.115597,121.513139,-0.17,30.34,7.49,74.78,11.81,1.89,C0AI40
七堵,25.094819,121.71713,0.68,29.68,-0.3,79.96,7.91,2.25,C0B010
基隆嶼,25.19141,121.78391,-1.08,27.77,1.51,89.22,2.5,-1.95,C0B020
復興,24.820208,121.352281,0.24,25.59,0.55,83.84,10.6,-4.14,C0C460
桃園,24.992425,121.323172,0.24,29.74,1.47,71.09,7.21,-0.57,C0C480
八德,24.928708,121.283289,-0.01,28.76,-0.94,74.34,10.27,0.76,C0C490
觀音,25.027072,121.153317,-0.0,28.52,1.97,79.69,7.23,0.95,C0C590
蘆竹,25.084275,121.265767,0.38,29.3,-0.66,78.03,6.08,-0.77,C0C620
大溪,24.882853,121.265547,0.21,27.86,2.64,77.5,11.86,2.6,C0C630
平鎮,24.897503,121.214636,0.47,28.15,-1.0,76.22,4.48,-3.23,C0C650
楊梅,24.912375,121.143047,0.32,28.72,0.95,75.41,6.08,-2.22,C0C660
龍潭,24.870056,121.221389,0.48,28.05,-0.51,75.44,7.86,-0.23,C0C670
龜山,25.02846,121.38656,-0.11,27.82,-0.4,76.56,12.06,4.97,C0C680
中壢,24.977661,121.256375,0.35,28.94,0.36,74.5,7.53,-2.71,C0C700
大溪永福,24.892936,121.324975,0.21,27.72,-2.83,79.69,14.44,5.44,C0C710
梅花,24.678347,121.208558,-0.18,24.74,0.69,86.91,13.58,-1.96,C0D360
峨眉,24.6905,121.017189,0.42,28.0,-1.89,84.25,8.33,-2.24,C0D430
打鐵坑,24.849664,121.150789,0.28,27.04,-2.53,81.91,7.02,-2.33,C0D480
橫山,24.71116,121.11693,0.31,27.1,-1.24,83.75,9.12,-2.64,C0D540
雪霸,24.526972,121.11605,0.31,18.33,-2.75,85.75,7.77,-4.0,C0D550
竹東,24.767147,121.057881,1.04,29.11,0.42,73.88,7.0,-1.53,C0D560
寶山,24.735006,121.025192,0.58,27.55,0.22,84.59,9.62,0.15,C0D580
新豐,24.87068,120.97721,-0.01,28.11,2.96,83.09,7.59,1.35,C0D590
湖口,24.904794,121.043628,0.37,29.06,-2.56,73.69,7.03,2.17,C0D650
新竹市東區,24.798681,120.986942,0.45,29.12,-0.46,74.16,8.56,3.41,C0D660
竹南,24.708978,120.888897,0.06,28.69,2.07,79.0,15.34,9.13,C0E420
南庄,24.601775,121.000214,0.47,26.68,1.72,87.06,11.25,-3.47,C0E430
明德,24.583486,120.885411,0.56,28.69,-3.99,77.5,14.44,3.46,C0E550
通霄,24.471892,120.704622,0.62,28.88,-5.31,78.56,6.78,-3.87,C0E590
馬都安,24.451272,120.930192,0.45,23.82,8.68,96.31,8.67,-5.44,C0E610
頭份,24.688247,120.912206,1.05,30.24,1.36,74.66,14.34,7.41,C0E730
造橋,24.637056,120.864778,0.51,29.22,-1.79,79.34,17.2,8.25,C0E740
苗栗,24.564569,120.824575,0.76,29.9,3.16,77.31,10.77,1.0,C0E750
銅鑼,24.489681,120.790853,0.28,28.4,4.17,84.81,7.12,-4.38,C0E780
西湖,24.562947,120.7485,0.25,28.23,-1.73,84.38,7.34,-1.68,C0E810
獅潭,24.539133,120.920042,0.72,27.57,-3.13,82.72,9.94,-3.62,C0E820
苑裡,24.439714,120.653053,0.12,29.16,11.57,89.53,9.78,1.88,C0E830
大河,24.618069,120.948578,0.35,28.05,-1.6,80.91,13.0,4.15,C0E850
高鐵苗栗,24.60725,120.826094,0.16,29.1,16.76,93.12,12.83,7.38,C0E870
石岡,24.276061,120.777644,0.19,27.04,10.74,95.36,11.22,-3.08,C0F0B0
中坑,24.248517,120.903319,0.29,22.77,-6.02,88.69,14.7,-4.05,C0F0C0
審馬陣,24.381675,121.4203,-0.32,11.21,6.12,89.34,5.83,-6.73,C0F0D0
東勢,24.246428,120.833047,0.9,27.36,-2.18,80.41,15.47,-2.95,C0F850
大坑,24.173142,120.722289,1.23,29.55,-1.64,75.94,9.88,-5.47,C0F970
神岡,24.272481,120.658314,0.92,28.85,-12.58,70.22,7.53,-4.99,C0F9I0
大安,24.345061,120.588025,0.58,29.49,5.56,87.59,5.19,-4.33,C0F9K0
后里,24.310436,120.729725,0.77,28.6,-2.51,79.88,4.38,-8.2,C0F9L0
豐原,24.254322,120.720692,1.26,29.04,-4.12,74.97,10.17,-4.48,C0F9M0
大里,24.092464,120.701378,0.68,29.86,-2.8,73.44,9.84,-3.53,C0F9N0
潭子,24.213106,120.703933,1.33,30.09,-2.64,75.22,9.31,-5.63,C0F9O0
清水,24.312297,120.562242,0.54,29.81,-1.64,81.25,4.8,-5.0,C0F9P0
外埔,24.347817,120.705686,0.26,28.33,-11.21,73.47,11.03,0.37,C0F9Q0
龍井,24.184536,120.528972,1.3,30.41,-8.07,75.62,4.31,-6.34,C0F9R0
烏日,24.107058,120.624103,1.58,30.6,3.88,80.66,7.02,-4.85,C0F9S0
西屯,24.179494,120.641275,0.58,29.46,-1.89,75.62,8.25,-2.8,C0F9T0
南屯,24.137006,120.637969,0.63,29.94,-0.45,76.31,8.58,-3.23,C0F9U0
新社,24.200172,120.815806,-0.18,25.48,3.56,89.09,18.89,2.22,C0F9V0
桃山,24.432739,121.303808,-0.26,10.59,5.83,89.66,9.5,1.18,C0F9Y0
雪山東峰,24.388792,121.268675,-0.26,11.39,4.95,86.41,9.69,0.33,C0F9Z0
芬園,24.015678,120.6213,0.18,27.99,5.78,90.81,9.7,-1.97,C0G620
員林,23.946503,120.585597,0.55,29.27,3.49,86.28,8.94,-0.31,C0G650
溪湖,23.94835,120.479122,1.16,29.63,7.88,93.91,7.47,-3.1,C0G660
溪州,23.851589,120.499093,0.51,28.7,-1.77,80.91,9.28,0.6,C0G720
二林,23.903325,120.376081,0.61,28.94,-1.43,88.41,6.28,-1.56,C0G730
大城,23.852487,120.320935,0.77,29.12,-1.33,81.41,3.14,-4.81,C0G740
福興,24.041289,120.437669,0.41,29.89,-5.02,78.59,5.58,-4.22,C0G770
秀水,24.03405,120.503869,0.48,29.7,-0.09,82.39,4.17,-5.7,C0G780
埔鹽,24.000394,120.431683,1.09,29.84,-1.51,83.38,5.55,-3.8,C0G800
埔心,23.947633,120.525456,0.18,29.32,16.57,96.31,8.05,-2.16,C0G810
田尾,23.901669,120.509389,0.71,29.45,-0.05,85.91,7.53,-2.97,C0G820
埤頭,23.866003,120.452806,0.72,29.51,-4.75,84.6,7.44,-2.69,C0G830
社頭,23.897647,120.5862,0.63,29.85,4.93,81.72,8.48,-4.21,C0G860
二水,23.810742,120.6173,1.87,30.18,-0.62,81.38,10.77,-4.26,C0G880
伸港,24.148933,120.484403,-0.23,28.97,-1.72,81.62,6.48,-2.96,C0G890
線西,24.143358,120.443536,0.27,29.96,3.75,84.81,4.83,-6.87,C0G900
花壇,24.032076,120.549461,1.19,30.2,-1.79,77.56,4.02,0.06,C0G910
埔里,23.972169,120.952425,-0.03,26.33,1.24,85.25,14.09,2.54,C0H890
草屯,23.973672,120.68085,-0.05,28.39,-0.89,78.91,9.78,-1.24,C0H960
昆陽,24.121322,121.273642,-0.35,11.15,7.36,95.09,16.16,6.01,C0H990
神木村,23.532742,120.843667,0.16,19.51,3.19,96.22,22.16,2.97,C0H9A0
合歡山,24.143442,121.272547,-0.35,10.06,9.07,95.34,15.78,1.73,C0H9C0
廬山,24.033311,121.181808,-0.24,19.88,-0.13,86.62,34.45,23.79,C0I010
信義,23.689694,120.851036,-0.12,25.12,1.88,90.28,11.89,2.74,C0I080
竹山,23.761225,120.688156,1.17,28.4,-3.25,81.88,11.97,-2.87,C0I110
水里,23.812553,120.849792,0.01,26.8,-0.01,83.71,12.18,1.62,C0I360
魚池,23.895703,120.94135,0.07,24.87,-0.54,87.66,16.69,3.95,C0I370
集集,23.828206,120.801467,0.04,27.28,-5.77,80.26,19.61,6.06,C0I380
仁愛,24.022122,121.132206,-0.09,21.82,0.0,87.12,40.06,30.27,C0I390
名間,23.837053,120.701447,0.46,27.96,-3.35,80.45,11.71,1.82,C0I410
國姓,24.037803,120.855072,-0.2,26.86,-1.79,85.03,16.66,5.39,C0I420
南投,23.911469,120.687331,0.2,28.9,3.12,82.62,8.44,-1.81,C0I460
梅峰,24.085272,121.173572,-0.15,16.28,3.13,93.34,28.06,15.49,C0I480
萬大林道,23.928228,121.091411,0.21,19.81,-1.33,90.38,19.14,9.1,C0I490
小奇萊,24.131764,121.295717,-0.17,11.1,4.87,93.5,14.5,-0.69,C0I530
崙背,23.75555,120.318925,0.31,28.57,-0.55,85.09,3.95,-3.41,C0K250
四湖,23.630414,120.227125,0.59,29.09,-2.94,81.25,5.25,-2.77,C0K280
宜梧,23.536281,120.169329,0.46,29.05,-0.12,83.19,5.38,-6.67,C0K291
虎尾,23.719183,120.442036,0.46,29.23,2.21,83.38,4.89,-6.32,C0K330
土庫,23.679029,120.395574,0.55,28.97,2.54,83.34,4.14,-4.85,C0K390
斗六,23.720583,120.541127,0.56,28.78,-3.76,79.28,5.55,-6.99,C0K400
北港,23.573957,120.292802,0.42,28.83,-2.4,80.91,4.23,-4.18,C0K410
西螺,23.800407,120.467394,0.55,28.96,-4.15,80.06,10.36,0.85,C0K420
褒忠,23.690938,120.303634,0.46,28.75,2.09,85.09,4.23,-4.3,C0K430
二崙,23.772797,120.408944,0.41,28.9,-2.52,81.03,5.27,-2.9,C0K440
大埤,23.646074,120.431537,0.4,28.81,0.33,81.94,4.64,-6.8,C0K450
斗南,23.678734,120.478359,0.38,28.63,11.63,91.67,5.66,-7.31,C0K460
林內,23.748675,120.609642,0.51,28.15,-4.18,81.78,7.89,-5.47,C0K470
莿桐,23.761192,120.502372,0.27,28.58,-3.55,77.59,8.73,-2.15,C0K480
元長,23.64981,120.315024,0.55,29.12,-0.28,80.62,4.44,-5.83,C0K500
水林,23.572924,120.24597,0.58,29.18,1.79,82.81,3.92,-5.47,C0K510
臺西,23.701547,120.197559,0.59,28.91,0.66,84.38,4.56,-4.76,C0K530
蔦松,23.514319,120.229736,0.56,29.17,-1.92,81.97,2.66,-5.06,C0K550
棋山,23.68645,120.603417,0.72,28.46,-7.45,77.22,7.69,-7.51,C0K560
高鐵雲林,23.737456,120.417944,-0.03,28.43,-2.8,83.47,4.64,-5.2,C0K580
東後寮,23.369908,120.248065,0.46,28.4,0.73,85.81,4.64,-8.81,C0M520
奮起湖,23.493903,120.699253,0.4,20.35,0.42,95.56,40.04,13.63,C0M530
中埔,23.42538,120.5229,0.39,27.87,-3.07,78.91,11.25,-8.34,C0M640
朴子,23.43463,120.23902,0.36,28.6,1.95,85.56,4.19,-8.22,C0M650
溪口,23.604131,120.403569,0.56,28.81,-3.43,80.72,5.45,-5.12,C0M660
大林,23.600616,120.45841,0.69,29.07,-1.17,79.66,5.67,-8.27,C0M670
太保,23.455062,120.331455,0.43,28.89,-2.17,82.19,6.97,-6.75,C0M680
水上,23.419734,120.388909,0.51,28.46,0.23,83.28,6.92,-6.74,C0M690
竹崎,23.526178,120.555508,0.5,27.61,-3.0,82.56,9.12,-10.27,C0M700
東石,23.458927,120.15385,0.52,29.11,0.21,82.5,5.05,-7.09,C0M710
番路,23.464657,120.554156,0.91,27.84,4.56,85.88,12.62,-6.37,C0M720
嘉義市東區,23.457673,120.460531,0.62,29.09,-6.85,75.5,6.11,-11.07,C0M730
六腳,23.492871,120.290625,0.38,28.71,8.26,90.34,4.48,-6.35,C0M740
布袋,23.380878,120.167789,0.49,29.09,-1.35,82.0,3.8,-8.68,C0M750
民雄,23.551754,120.428457,0.47,28.99,6.73,89.31,4.91,-9.0,C0M760
嘉義梅山,23.585398,120.555587,0.63,28.13,-3.02,80.38,9.94,-8.66,C0M770
鹿草,23.41134,120.30835,0.61,28.99,2.22,83.97,4.69,-10.5,C0M780
新港,23.553269,120.345728,0.05,28.66,0.81,82.66,5.86,-6.23,C0M790
茶山,23.299075,120.664767,0.09,25.12,0.87,89.56,24.19,0.73,C0M800
里佳,23.389125,120.716647,0.18,20.44,-0.99,91.31,27.14,4.21,C0M810
達邦,23.453994,120.749517,0.15,22.3,2.93,90.59,23.73,8.52,C0M820
表湖,23.24186,120.64166,0.31,23.68,3.12,96.28,21.66,-15.53,C0M850
新美,23.338017,120.683169,0.31,24.56,6.7,93.38,21.12,6.82,C0M860
北寮,23.079561,120.495008,0.35,27.41,5.86,93.39,16.34,-6.03,C0O830
王爺宮,23.222064,120.40085,1.88,29.1,-2.97,85.25,11.56,-7.32,C0O840
大內,23.11885,120.36083,1.1,29.36,1.18,87.31,13.0,-9.79,C0O860
善化,23.112883,120.297219,0.12,28.3,2.18,88.44,11.17,-4.7,C0O900
崎頂,22.959547,120.369317,0.96,27.94,1.71,89.5,15.16,-7.7,C0O960
虎頭埤,23.021375,120.347878,0.11,27.63,1.35,88.34,13.83,-5.58,C0O970
新市,23.061614,120.298197,0.95,29.06,-4.16,81.91,12.02,-10.78,C0O980
媽廟,22.99175,120.293525,-0.3,27.74,10.75,97.12,12.33,-8.41,C0O990
阿禮,22.742908,120.743678,0.63,22.86,0.35,89.2,20.17,-1.7,C0R130
瑪家,22.682903,120.686639,-0.33,23.31,6.95,97.22,26.88,-6.52,C0R140
三地門,22.709889,120.639944,-0.15,27.4,6.52,90.24,21.72,-1.46,C0R150
鹽埔,22.739558,120.530778,0.44,28.0,-2.63,88.81,16.33,-8.59,C0R160
赤山,22.592333,120.614306,0.04,27.69,-1.11,86.88,14.2,-12.24,C0R190
潮州,22.534361,120.54,0.48,28.39,0.04,83.16,13.95,-6.34,C0R220
來義,22.527306,120.625111,-0.73,26.41,7.9,95.4,19.28,-8.4,C0R240
春日,22.370361,120.628306,0.25,27.38,-0.38,88.0,17.8,-9.63,C0R260
琉球嶼,22.332244,120.362236,-0.16,27.92,-0.17,89.78,12.52,-2.06,C0R270
牡丹,22.130036,120.792639,0.08,26.45,4.45,94.12,14.5,-6.1,C0R341
貓鼻頭,21.921774,120.7358,0.1,28.06,7.34,95.62,10.14,-5.99,C0R350
大漢山,22.405264,120.753181,0.66,18.38,4.1,97.44,43.5,8.77,C0R440
高樹,22.826389,120.600806,-0.09,27.68,-2.06,81.59,15.97,-10.22,C0R470
長治,22.693128,120.542622,0.89,28.68,-1.0,85.75,17.69,-9.04,C0R480
九如,22.7405,120.490503,1.06,29.06,6.68,93.94,14.98,-10.63,C0R490
崁頂,22.514781,120.506914,-0.2,27.95,4.35,89.13,15.98,-8.45,C0R520
佳冬,22.419456,120.552375,-0.37,27.83,1.78,86.62,16.97,-6.76,C0R540
新埤,22.467947,120.582894,0.94,28.67,-2.67,84.5,16.45,-7.77,C0R550
新園,22.5434,120.461558,0.83,29.0,-3.22,82.69,18.94,-7.88,C0R560
麟洛,22.65078,120.52719,0.29,28.37,-8.56,77.88,11.75,-12.98,C0R570
南州,22.48591,120.50274,0.33,28.31,5.78,88.81,18.41,-4.94,C0R580
里港,22.77919,120.49459,-0.27,27.46,-1.67,85.7,13.77,-10.06,C0R590
舊泰武,22.588194,120.664944,-0.28,23.6,3.1,91.81,28.72,-3.3,C0R600
墾雷,21.900836,120.855269,-0.0,27.96,6.46,93.75,11.33,-8.17,C0R620
東港,22.46247,120.44074,0.11,28.13,-1.27,87.0,17.23,-10.85,C0R640
竹田,22.58486,120.54344,0.26,27.94,5.64,95.78,13.89,-17.09,C0R650
枋寮,22.367722,120.590647,-0.05,28.01,5.21,88.38,14.8,-4.65,C0R660
楓港,22.190131,120.692156,-0.86,27.61,5.79,85.5,14.66,-5.38,C0R670
佳樂水,21.993578,120.861633,-0.11,28.44,0.8,85.19,7.73,-2.04,C0R680
墾丁,21.966756,120.810269,-0.0,26.22,4.43,96.66,12.33,-4.7,C0R690
枋山,22.246844,120.661086,-0.36,27.74,7.43,87.53,11.38,-6.67,C0R700
龍磐,21.931672,120.838942,-0.04,27.51,8.61,98.09,8.86,-2.21,C0R710
旭海,22.205403,120.887614,0.3,27.0,-1.2,87.34,10.83,-2.61,C0R720
大坪頂,22.024633,120.69355,0.11,27.12,8.0,95.09,11.16,-1.47,C0R730
獅子,22.201569,120.70525,-0.14,27.71,5.74,87.91,15.83,-4.14,C0R740
四林格山,22.076989,120.802439,0.35,24.55,3.45,98.19,11.64,-5.43,C0R750
南仁湖,22.084681,120.863353,0.5,26.0,1.74,95.03,11.62,-4.04,C0R760
保力,22.071122,120.764111,0.15,27.07,2.93,92.03,10.2,-6.59,C0R770
滿州,22.024403,120.839892,0.19,27.96,1.91,87.78,8.55,-5.82,C0R780
九棚,22.14195,120.889281,0.47,28.08,-0.84,84.06,17.11,2.93,C0R790
丹路,22.204481,120.750989,-0.01,27.2,5.44,90.38,17.42,-4.95,C0R800
內獅,22.305064,120.642986,-0.09,27.98,14.07,95.72,12.95,-7.95,C0R810
白鷺,22.454275,120.666219,-0.0,24.22,7.14,96.72,28.03,-0.13,C0R820
高士,22.121825,120.836781,0.49,25.6,5.21,98.62,14.44,-6.09,C0R830
牡丹池山,22.168389,120.841225,0.28,24.67,0.24,93.09,13.02,-6.23,C0R840
下馬,23.150427,121.070312,0.42,24.07,-0.19,83.28,8.28,-3.17,C0S660
太麻里,22.60902,120.98533,1.02,25.96,0.36,85.41,9.42,-0.07,C0S690
知本,22.684866,121.005642,0.91,26.0,-0.04,86.38,10.86,-3.07,C0S700
鹿野,22.917711,121.122994,1.16,26.73,0.88,84.81,11.05,0.69,C0S710
綠島,22.6672,121.47533,0.58,28.15,4.68,92.88,4.53,-3.48,C0S730
池上,23.119628,121.209469,0.56,26.99,-0.16,84.56,6.95,-3.6,C0S740
向陽,23.248397,120.986133,0.84,15.95,-0.59,89.75,18.36,-0.85,C0S750
紅石,23.069131,121.126219,0.91,19.74,0.98,92.12,0.0,-9.41,C0S760
大溪山,22.478475,120.943325,0.67,25.88,-3.76,85.12,11.3,-3.13,C0S770
金崙,22.538122,120.966875,-0.66,26.41,-3.02,81.62,11.08,-0.42,C0S790
東河,22.972672,121.303986,-0.64,27.86,4.41,89.28,17.75,8.51,C0S810
長濱,23.286817,121.411975,0.9,28.26,0.98,82.06,3.48,-3.52,C0S830
南田,22.279725,120.889208,0.35,28.18,2.96,90.22,10.8,-6.32,C0S840
關山,23.0395,121.175017,0.32,27.48,1.56,85.25,10.56,0.35,C0S890
蘭嶼高中,22.04909,121.51214,0.21,28.9,9.8,91.62,4.88,-3.44,C0S900
蘭嶼燈塔,22.081197,121.503117,0.18,27.13,5.2,93.22,4.12,-2.87,C0S910
金峰嘉蘭,22.594789,120.960825,0.58,28.06,-0.55,80.94,13.55,-4.74,C0S920
延平,22.902581,121.084058,0.38,27.41,-0.26,79.94,8.75,-4.73,C0S930
石寧山,23.223772,121.406639,0.04,28.17,4.22,86.06,5.64,-1.54,C0S940
七塊厝,22.954453,121.229922,0.26,26.14,0.79,87.59,23.22,12.81,C0S950
香蘭,22.587569,120.993375,0.27,28.91,4.42,79.75,10.55,-2.44,C0S960
加津林,22.416211,120.926942,0.6,28.54,-1.5,79.62,8.45,-6.99,C0S970
勝林山,22.430439,120.8938,0.04,22.87,-1.39,90.56,13.56,-3.75,C0S980
山豬窟,22.318619,120.857372,0.34,26.16,-5.11,81.84,19.25,-5.6,C0S990
歷坵,22.520969,120.89185,0.9,25.69,-3.0,86.91,14.78,-2.08,C0SA00
檳榔四格山,22.810031,121.109308,0.29,26.38,-0.02,85.56,10.22,6.23,C0SA10
金崙山,22.567419,120.959667,0.84,24.06,7.41,95.38,13.02,-4.19,C0SA20
都歷,23.020333,121.323642,0.35,28.21,2.41,82.41,9.2,5.18,C0SA30
瑞和,22.974361,121.156697,0.34,27.51,2.03,85.06,14.11,3.01,C0SA40
知本（水試所）,22.702394,121.082761,0.24,28.54,2.09,83.06,11.12,4.09,C0SA60
土坂,22.453108,120.887572,0.72,27.58,-1.68,82.59,16.23,2.14,C0SA80
達仁林場,22.264347,120.823972,0.57,25.29,1.42,91.97,22.5,0.48,C0SA90
大禹嶺,24.186117,121.316086,-0.18,13.22,2.28,90.88,5.03,-3.41,C0T790
天祥,24.179597,121.495639,0.76,25.29,6.99,86.84,2.62,-10.86,C0T820
鯉魚潭,23.935639,121.508944,-0.51,26.02,3.19,88.12,6.62,-3.76,C0T870
西林,23.8119,121.441458,0.34,27.56,4.96,80.59,7.09,-3.34,C0T900
光復,23.660694,121.424964,0.44,27.75,-0.08,83.78,6.5,-3.3,C0T960
月眉山,23.809928,121.539828,0.63,25.77,-1.32,87.78,4.66,-4.06,C0T9A0
水源,23.991861,121.537169,0.78,25.49,0.55,85.03,7.33,-4.2,C0T9B0
和中,24.26676,121.74103,-0.42,27.68,-4.42,83.5,4.17,-6.78,C0T9D0
大坑,23.880628,121.581981,0.3,26.0,4.0,88.66,4.66,-4.02,C0T9E0
水璉,23.797131,121.542514,-0.11,27.1,4.54,86.31,4.92,-4.45,C0T9F0
鳳林山,23.735269,121.420131,-0.2,25.43,-2.08,84.72,7.62,-2.04,C0T9G0
加路蘭山,23.682947,121.5274,0.98,25.72,-1.02,83.66,3.97,-4.22,C0T9H0
豐濱,23.583897,121.514806,0.06,27.02,4.03,87.97,2.89,-5.54,C0T9I0
靜浦,23.455167,121.495028,0.29,27.84,3.95,87.47,6.58,-0.59,C0T9M0
富里,23.171639,121.249378,0.21,27.03,3.2,86.91,6.64,-8.89,C0T9N0
雙連埤,24.753033,121.641303,0.26,24.87,2.43,96.29,0.74,-9.69,C0U520
礁溪,24.817539,121.765608,-0.16,28.25,-3.07,80.75,6.22,-2.98,C0U600
玉蘭,24.675286,121.587061,0.61,26.55,6.08,88.0,4.14,-6.96,C0U650
太平山,24.505486,121.525656,0.38,17.71,-0.53,92.31,11.8,-10.05,C0U710
南山,24.43742,121.38167,0.81,22.67,-8.43,83.47,3.48,-4.83,C0U720
龜山島,24.841667,121.953133,-0.35,26.02,-2.14,90.56,3.09,0.51,C0U750
東澳,24.52196,121.83318,-0.48,27.97,4.53,88.69,3.14,-8.97,C0U760
南澳,24.44935,121.81022,-0.81,27.57,-1.81,82.69,3.58,-6.26,C0U770
五結,24.68637,121.79794,-0.31,28.68,-0.29,77.78,4.27,-2.61,C0U780
頭城,24.85323,121.8308,-0.28,28.89,-3.16,81.66,4.62,0.82,C0U860
大礁溪,24.791042,121.675047,0.54,26.09,1.05,86.06,8.31,-1.12,C0U870
三星,24.66812,121.65302,0.51,28.45,-6.8,79.94,3.48,-2.84,C0U890
內城,24.71813,121.68766,0.73,28.85,-4.26,77.19,3.84,-1.12,C0U900
冬山,24.63373,121.7937,0.43,29.08,15.22,90.97,2.56,-2.68,C0U910
羅東,24.68184,121.74934,0.7,29.32,0.75,77.12,4.66,-0.23,C0U940
鶯子嶺,24.89754,121.79244,0.52,22.4,1.67,96.16,7.92,-2.65,C0U950
翠峰湖,24.510856,121.608044,0.95,18.19,1.45,93.81,10.25,-4.15,C0U960
大福,24.80064,121.81389,-0.18,28.46,-3.02,78.84,5.38,0.86,C0U970
坪林石牌,24.86478,121.77396,0.36,24.84,-0.07,92.31,10.56,1.98,C0U980
員山,24.74435,121.72247,0.35,28.94,0.38,79.28,6.62,0.98,C0U990
土場,24.576533,121.495333,0.42,26.8,-6.18,81.62,4.36,-5.26,C0UA00
鴛鴦湖,24.590269,121.412228,0.39,18.89,0.28,93.22,13.48,-0.04,C0UA10
多加屯,24.368614,121.373189,-0.03,13.38,4.28,94.25,4.19,-6.83,C0UA20
白嶺,24.527819,121.519031,1.0,21.58,-9.23,85.47,5.92,-6.63,C0UA30
西德山,24.560647,121.752608,0.73,22.58,-1.54,89.31,2.8,-7.12,C0UA40
西帽山,24.555361,121.802628,0.9,24.54,-4.6,86.25,2.95,-6.68,C0UA50
樟樹山,24.41393,121.78325,0.62,25.73,5.59,93.44,4.48,-4.68,C0UA60
桃源谷,24.962606,121.888875,0.06,24.97,-3.32,92.12,5.02,-1.77,C0UA70
復興,23.222403,120.806089,-0.01,23.84,-1.27,83.91,22.12,2.61,C0V210
美濃,22.898742,120.519153,1.3,28.89,-5.69,81.17,21.38,-1.45,C0V310
溪埔,22.738578,120.446797,0.55,28.29,2.96,88.69,16.12,-8.86,C0V350
內門,22.975481,120.466769,-0.12,26.97,6.43,95.43,16.5,-6.25,C0V360
阿公店,22.804194,120.355528,0.19,27.98,-1.63,84.06,13.33,-9.71,C0V400
鳳山,22.646653,120.356122,-0.37,27.92,3.07,88.53,20.91,-4.85,C0V440
鳳森,22.545064,120.392592,0.16,27.88,-2.27,86.38,21.73,-3.54,C0V450
新興,22.627422,120.298803,0.56,29.4,-2.34,80.16,14.7,-6.68,C0V490
阿蓮,22.883208,120.327508,1.1,29.46,-17.05,67.75,15.64,-8.12,C0V530
梓官,22.760558,120.267211,0.95,29.56,3.92,86.53,11.92,-11.84,C0V610
永安,22.82315,120.236856,0.76,29.16,5.36,92.75,10.25,-10.58,C0V620
茄萣,22.906642,120.182608,0.2,28.85,3.21,84.22,14.14,-7.77,C0V630
湖內,22.887139,120.2445,-0.01,28.34,7.86,93.38,12.59,-8.56,C0V640
彌陀,22.783806,120.246361,0.67,29.02,-0.88,86.22,10.58,-11.03,C0V650
岡山,22.797078,120.294958,0.6,29.34,0.08,81.12,11.3,-13.41,C0V660
仁武,22.701083,120.347722,0.39,28.95,4.82,86.84,21.0,-4.44,C0V680
鼓山,22.623325,120.275575,-0.18,28.48,1.84,84.03,12.58,-8.6,C0V690
三民,22.645017,120.311233,0.15,29.09,2.32,79.28,17.44,-7.47,C0V700
苓雅,22.622742,120.330669,0.62,29.33,4.98,82.44,15.98,-8.7,C0V710
林園,22.507747,120.394511,-0.51,28.49,3.33,83.09,17.19,-5.81,C0V720
大寮,22.605614,120.395717,-0.25,28.35,5.22,88.09,23.81,-3.09,C0V730
旗山,22.888614,120.483597,1.17,28.92,-1.24,83.38,22.2,-2.69,C0V740
路竹,22.854997,120.259439,0.79,29.4,-1.99,81.0,11.94,-10.49,C0V750
橋頭,22.757806,120.30575,0.96,29.74,1.55,84.44,16.98,-7.95,C0V760
大社,22.730306,120.346639,0.21,28.69,0.37,82.56,19.27,-9.12,C0V770
萬山,22.905944,120.688056,0.99,26.24,-2.74,85.91,21.7,-0.33,C0V790
六龜,22.997889,120.633583,0.02,26.72,4.39,88.28,27.11,0.77,C0V800
左營,22.67491,120.28491,1.11,29.64,-1.75,83.66,16.5,-3.61,C0V810
小林,23.148408,120.63325,0.43,25.55,0.3,89.72,25.5,-7.67,C0V820
東莒,25.9652,119.98069,0.24,28.13,3.65,86.59,4.02,2.43,C0W110
西嶼,23.5626,119.468436,0.36,27.55,-1.94,89.94,1.23,-6.49,C0W120
花嶼,23.40007,119.32276,-0.14,27.53,-0.66,88.22,1.85,-3.86,C0W130
金沙,24.488292,118.408778,-0.26,28.59,1.6,83.06,6.75,3.3,C0W140
金寧,24.457703,118.328989,0.4,30.02,-3.21,78.16,4.45,1.05,C0W150
東河,23.296598,120.385608,0.34,28.38,-4.74,80.66,7.41,-10.12,C0X050
下營,23.22695,120.256261,0.57,28.55,-1.19,84.88,7.16,-8.14,C0X060
佳里,23.173039,120.145086,-0.04,28.76,7.48,92.66,7.41,-4.78,C0X080
臺南市北區,23.010394,120.194228,0.45,29.54,1.27,80.31,11.41,-9.34,C0X100
臺南市南區,22.961189,120.188378,0.39,29.25,-4.37,79.84,17.14,-3.96,C0X110
麻豆,23.183289,120.248611,0.85,29.53,1.9,84.28,6.73,-11.69,C0X120
官田,23.193217,120.315422,0.29,28.8,-0.88,83.91,9.11,-11.26,C0X130
安定,23.102614,120.227839,0.67,29.27,0.3,83.97,12.14,-8.02,C0X150
仁德,22.968258,120.257689,0.39,28.91,-2.3,81.22,15.39,-7.74,C0X160
關廟,22.963017,120.327797,-0.06,28.39,12.5,93.09,16.56,-7.54,C0X170
山上,23.0757,120.363253,0.96,28.78,-2.54,82.81,14.67,-9.21,C0X180
安平,22.993161,120.152181,0.03,28.93,-0.12,83.47,14.14,-5.74,C0X190
左鎮,23.056758,120.408522,1.14,28.5,-4.62,83.03,12.94,-9.83,C0X200
白河,23.347466,120.414427,0.62,28.57,-2.18,81.78,5.16,-11.04,C0X210
學甲,23.230367,120.182187,0.26,28.34,-1.56,80.94,7.39,-6.51,C0X220
鹽水,23.272621,120.247641,0.29,28.32,-1.12,83.88,5.09,-8.24,C0X230
關子嶺,23.331169,120.508025,0.28,25.99,-0.35,87.06,17.8,-9.54,C0X240
新營,23.310689,120.316681,0.47,28.92,-2.05,80.56,7.47,-8.03,C0X250
後壁,23.366358,120.362326,0.5,28.64,-0.69,83.75,6.66,-8.18,C0X260
將軍,23.214999,120.13577,0.33,28.57,1.49,85.0,8.23,-5.91,C0X280
北門,23.267772,120.125481,0.38,28.95,0.27,82.81,7.53,-5.49,C0X290
鹿寮,23.386047,120.477331,0.54,27.9,-1.23,86.28,10.42,-9.76,C0X300
柳營,23.253328,120.375253,0.64,28.31,0.87,83.91,8.44,-7.26,C0X320
明里,23.208717,121.262342,0.4,27.07,0.34,85.66,8.03,-3.4,C0Z020
佳心,23.34567,121.21316,0.86,23.88,3.8,87.81,8.19,-2.42,C0Z050
玉里,23.3215,121.339656,0.18,27.46,-1.76,80.53,5.44,-3.68,C0Z061
舞鶴,23.46811,121.37407,0.86,27.15,0.63,87.88,0.72,-6.97,C0Z070
富源,23.587642,121.378225,0.4,26.76,-1.64,85.09,9.14,-0.57,C0Z080
東華,23.89525,121.549833,0.09,28.02,5.67,87.0,4.08,-5.21,C0Z100
吉安光華,23.930925,121.595153,0.04,27.84,2.17,86.72,4.16,-2.99,C0Z150
鳳林,23.746114,121.453411,0.18,27.84,13.13,93.0,5.55,-3.06,C0Z160
卓溪,23.3443,121.3029,0.5,27.65,0.01,81.44,5.02,-4.44,C0Z170
新城,24.03946,121.60454,0.39,28.48,14.96,95.91,3.14,-5.61,C0Z180
富世,24.14743,121.6297,0.28,28.57,-9.47,74.69,3.03,-5.7,C0Z190
萬榮,23.709219,121.420106,0.08,27.37,4.64,87.03,5.05,-3.4,C0Z200
瑞穗,23.5239,121.39021,0.53,27.63,0.54,83.47,4.05,-5.24,C0Z210
和平林道,24.343922,121.656317,0.21,25.14,-3.2,85.17,5.39,-4.9,C0Z220
和平,24.30717,121.77007,0.15,28.65,1.24,76.88,5.47,-0.98,C0Z230
瑞穗林道,23.49284,121.30688,0.09,21.99,-2.64,89.41,7.95,-6.12,C0Z250
蕃薯寮,23.73835,121.540108,0.18,26.27,-3.07,84.28,5.44,-3.01,C0Z270
德武,23.47426,121.41071,0.15,27.1,-1.56,83.62,4.97,-4.82,C0Z280
赤柯山,23.36893,121.38293,0.89,23.6,2.42,89.72,7.16,-3.84,C0Z290
東里,23.26853,121.30547,0.69,27.78,-6.34,81.16,4.02,-7.05,C0Z300
清水斷崖,24.218294,121.689142,0.09,28.01,-1.4,80.0,3.41,-7.59,C0Z310
清水林道,23.27125,121.188272,0.64,24.72,-3.39,81.62,5.77,-6.75,C0Z320
安通山,23.290728,121.348528,0.29,25.77,2.86,86.59,6.59,-4.38,C0Z330
口湖工作站,23.589978,120.180394,0.44,28.72,3.59,81.39,5.89,0.51,12J990
東港工作站,22.479997,120.466058,0.03,28.18,-0.09,75.48,16.76,-5.54,12Q970
恆春工作站,22.079678,120.714425,0.09,28.29,3.38,81.0,8.3,-5.93,12Q980
萬大發電廠,23.978875,121.139639,-0.15,22.23,2.79,93.61,21.76,11.88,42HA10
桃改樹林分場,24.944503,121.386972,-0.13,28.34,0.26,78.1,16.32,7.21,72AI40
桃園農改場,24.950944,121.030583,0.51,28.96,-3.28,78.77,4.7,-0.25,72C440
桃改五峰分場,24.612194,121.157167,1.05,23.06,-1.88,88.65,11.84,-4.34,72D080
臺中農改場,24.003028,120.534389,0.52,29.06,-1.51,82.03,4.61,-3.91,72G600
中改埔里分場,23.903208,120.963364,0.06,24.21,-0.37,90.45,11.55,-5.34,72HA00
南改斗南分場,23.634556,120.477333,0.66,28.82,-0.91,82.58,6.79,-6.93,72K220
南改義竹分場,23.360694,120.279361,0.15,28.59,-3.36,82.19,6.73,-5.54,72M360
南改鹿草分場,23.416869,120.283061,0.82,28.76,-0.5,85.71,4.58,-6.81,72M700
臺南農改場,23.0605,120.342194,-0.08,27.93,4.39,88.55,13.85,-9.48,72N100
七股研究中心,23.081672,120.062894,0.25,28.79,-1.87,83.8,12.02,-2.61,72N240
高雄農改場,22.709333,120.525889,-0.36,27.75,2.23,87.32,16.9,-1.74,72Q010
東改班鳩分場,22.829528,121.077694,0.91,27.66,-1.88,80.52,11.69,0.01,72S200
東改賓朗果園,22.813889,121.071278,0.22,26.47,-1.74,86.5,17.25,5.68,72S590
花蓮農改場,23.975222,121.563889,0.42,28.17,-0.71,80.19,5.23,-3.73,72T250
花改蘭陽分場,24.686306,121.716583,0.75,29.0,-4.83,76.19,5.31,-2.48,72U480
高改旗南分場,22.857861,120.516667,-1.03,27.42,10.07,89.06,17.06,0.43,72V140
茶改北部分場,24.955778,121.631222,0.08,26.07,2.44,86.1,11.32,-1.52,82A750
茶改場,24.908472,121.185333,0.25,28.05,-4.09,78.45,5.81,-2.15,82C160
茶改中部分場,23.875611,120.913583,-0.87,22.87,0.99,89.65,17.56,5.37,82H320
茶改南部分場,23.762528,120.7405,-0.24,25.74,-3.95,86.9,18.02,4.19,82H840
茶改東部分場,22.907694,121.130139,0.23,27.64,-0.69,82.45,10.97,-0.06,82S580
農工中心,24.985917,121.239833,-0.17,28.66,1.75,74.0,7.39,0.05,A2C560
水試臺西試驗場,23.717231,120.190522,0.15,29.05,-8.93,79.19,3.79,-0.32,A2K360
臺大雲林校區,23.730628,120.423903,0.44,28.25,-3.71,80.55,3.44,-5.02,A2K630
臺南蘭花園區,23.340258,120.379661,0.77,28.14,-1.84,85.07,5.58,-9.06,A2N290
畜試北區分所,24.527806,120.770972,0.36,27.95,-2.83,82.42,4.79,-0.02,B2E890
畜產試驗所,23.058972,120.336406,0.17,27.93,-0.49,86.42,13.4,-4.37,B2N890
畜試南區分所,21.945583,120.802167,-0.21,27.95,0.02,84.39,10.58,-4.94,B2Q810
畜試東區分所,24.669039,121.832561,0.25,28.59,1.72,81.08,2.65,-1.8,B2U990
蓮華池,23.918333,120.885278,-1.24,24.13,8.72,91.71,20.44,5.6,E2H360
林試畢祿溪站,24.226944,121.308522,-0.28,15.57,7.24,91.71,6.47,3.53,E2HA20
四湖植物園,23.676986,120.163433,0.68,28.93,-3.3,84.13,3.35,-5.32,E2K600
林試六龜中心,22.991703,120.645722,0.4,25.78,2.29,91.74,23.73,5.61,E2P980
林試扇平站,22.9677,120.6857,0.17,23.6,3.71,96.03,22.98,7.05,E2P990
林試太麻里2,22.598,120.99775,0.39,28.22,-1.1,80.03,9.4,0.55,E2S960
林試太麻里1,22.598922,120.980044,0.49,27.73,-0.03,80.68,12.53,2.21,E2S980
農試所(霧峰),24.031261,120.688133,0.12,28.4,-2.39,81.07,14.31,3.29,G2F820
農試嘉義分所,23.485028,120.473806,0.5,28.03,-0.74,82.48,6.23,-14.37,G2L020
農試溪口農場,23.58565,120.408111,0.34,28.9,-3.92,82.87,6.16,-5.77,G2M350
農試鳳山分所,22.646611,120.356083,-0.5,27.99,13.53,94.63,18.87,-0.07,G2P820
苗栗農改場,24.495722,120.829111,0.5,28.41,1.19,83.9,10.13,0.04,K2E360
苗改生物防治研究中心,24.422861,120.871833,0.72,26.79,-4.87,82.74,11.82,-1.83,K2E710
種苗改良場,24.225972,120.800917,0.17,25.96,1.24,83.32,21.23,5.49,K2F750
溪頭,23.670306,120.798194,0.86,21.52,-1.17,91.29,13.45,-0.82,U2H480
臺大和社,23.590856,120.888864,0.07,23.06,4.32,93.29,10.9,0.08,U2HA30
臺大內茅埔,23.689722,120.851117,-0.05,24.81,4.52,92.81,11.71,-0.39,U2HA40
臺大竹山,23.756972,120.681556,0.81,27.96,6.57,92.26,11.32,-5.99,U2HA50
三芝,25.258131,121.501917,-0.15,29.08,3.68,80.38,6.36,0.43,C0AD00
大湖,24.41494,120.87087,0.85,27.06,-5.23,82.64,11.38,-3.53,C0E520
三義,24.40548,120.74982,0.13,25.99,-6.11,88.47,14.42,10.94,C0E880
大甲,24.347667,120.640403,0.33,28.68,-8.53,79.53,9.12,-1.86,C0F930
中竹林,24.103556,120.751061,-0.43,25.48,-0.69,87.22,11.41,-6.11,C0F9A0
鹿港,24.0753,120.430481,0.1,29.02,7.64,92.84,6.08,-1.42,C0G640
北斗,23.877586,120.514222,-0.55,28.09,5.44,91.03,8.09,-3.23,C0G840
芳苑,23.922303,120.320025,0.11,28.71,-7.02,82.53,4.36,-6.32,C0G870
中寮,23.884447,120.766406,0.27,27.23,0.54,88.25,15.38,0.05,C0H950
鳳凰,23.728081,120.787347,0.48,23.29,3.97,95.78,16.25,-0.87,C0I090
草嶺,23.59555,120.693461,0.19,21.87,-0.63,92.88,14.7,-5.76,C0K240
馬頭山,23.324361,120.582017,-0.05,25.71,3.56,92.75,19.8,-4.15,C0M410
曾文,23.219681,120.497328,0.19,27.12,4.47,93.16,15.44,-9.3,C0O810
玉井,23.126042,120.46055,1.17,28.22,-1.22,86.44,14.02,-6.58,C0O930
安南,23.076694,120.144861,0.01,28.73,10.19,94.0,12.92,-4.67,C0O950
甲仙,23.080106,120.591758,0.08,25.97,-2.86,87.5,22.06,-1.94,C0V250
月眉,22.971003,120.539853,-0.16,27.28,0.27,83.88,17.33,-9.11,C0V260
七股,23.147289,120.086253,0.35,28.82,1.95,86.5,9.3,-6.49,C0X310
臺大竹山,23.756972,120.681556,0.81,27.96,6.57,92.26,11.32,-5.99,U2HA50
臺大內茅埔,23.689722,120.851117,-0.05,24.81,4.52,92.81,11.71,-0.39,U2HA40
臺大和社,23.590856,120.888864,0.07,23.06,4.32,93.29,10.9,0.08,U2HA30
臺大溪頭,23.670306,120.798194,0.86,21.52,-1.17,91.29,13.45,-0.82,U2H480
種苗繁殖,24.225972,120.800917,0.17,25.96,1.24,83.32,21.23,5.49,K2F750
苗改生物防治研究中心,24.422861,120.871833,0.72,26.79,-4.87,82.74,11.82,-1.83,K2E710
苗栗農改,24.495722,120.829111,0.5,28.41,1.19,83.9,10.13,0.04,K2E360
農試鳳山分所,22.646611,120.356083,-0.5,27.99,13.53,94.63,18.87,-0.07,G2P820
農試溪口農場,23.58565,120.408111,0.34,28.9,-3.92,82.87,6.16,-5.77,G2M350
農試嘉義分所,23.485028,120.473806,0.5,28.03,-0.74,82.48,6.23,-14.37,G2L020
農業試驗所,24.031261,120.688133,0.12,28.4,-2.39,81.07,14.31,3.29,G2F820
林試太麻里1,22.598922,120.980044,0.49,27.73,-0.03,80.68,12.53,2.21,E2S980
林試太麻里2,22.598014,120.989761,0.39,28.22,-1.1,80.03,9.4,0.55,E2S960
林試扇平站,22.9677,120.6857,0.17,23.6,3.71,96.03,22.98,7.05,E2P990
林試六龜中心,22.991703,120.645722,0.4,25.78,2.29,91.74,23.73,5.61,E2P980
四湖植物園,23.676986,120.163433,0.68,28.93,-3.3,84.13,3.35,-5.32,E2K600
林試畢祿溪站,24.226944,121.308522,-0.28,15.57,7.24,91.71,6.47,3.53,E2HA20
蓮華池,23.918333,120.885278,-1.24,24.13,8.72,91.71,20.44,5.6,E2H360
畜試東區分所,24.669039,121.832561,0.25,28.59,1.72,81.08,2.65,-1.8,B2U990
畜試南區分所,21.945583,120.802167,-0.21,27.95,0.02,84.39,10.58,-4.94,B2Q810
畜試所,23.058972,120.336406,0.17,27.93,-0.49,86.42,13.4,-4.37,B2N890
畜試北區分所,24.527806,120.770972,0.36,27.95,-2.83,82.42,4.79,-0.02,B2E890
臺南蘭花園區,23.340258,120.379661,0.77,28.14,-1.84,85.07,5.58,-9.06,A2N290
臺大雲林校區,23.730628,120.423903,0.44,28.25,-3.71,80.55,3.44,-5.02,A2K630
水試臺西試驗場,23.717231,120.190522,0.15,29.05,-8.93,79.19,3.79,-0.32,A2K360
農工中心,24.985917,121.239833,-0.17,28.66,1.75,74.0,7.39,0.05,A2C560
茶改東部分場,22.907694,121.130139,0.23,27.64,-0.69,82.45,10.97,-0.06,82S580
茶改南部分場,23.762528,120.7405,-0.24,25.74,-3.95,86.9,18.02,4.19,82H840
茶改中部分場,23.875611,120.913583,-0.87,22.87,0.99,89.65,17.56,5.37,82H320
茶改場,24.908472,121.185333,0.25,28.05,-4.09,78.45,5.81,-2.15,82C160
茶改北部分場,24.955778,121.631222,0.08,26.07,2.44,86.1,11.32,-1.52,82A750
高改旗南分場,22.857861,120.516667,-1.03,27.42,10.07,89.06,17.06,0.43,72V140
花改蘭陽分場,24.686306,121.716583,0.75,29.0,-4.83,76.19,5.31,-2.48,72U480
花蓮農改,23.975222,121.563889,0.42,28.17,-0.71,80.19,5.23,-3.73,72T250
東改賓朗果園,22.813889,121.071278,0.22,26.47,-1.74,86.5,17.25,5.68,72S590
東改班鳩分場,22.829528,121.077694,0.91,27.66,-1.88,80.52,11.69,0.01,72S200
高雄農改,22.709333,120.525889,-0.36,27.75,2.23,87.32,16.9,-1.74,72Q010
七股研究中心,23.081672,120.062894,0.25,28.79,-1.87,83.8,12.02,-2.61,72N240
臺南農改,23.0605,120.342194,-0.08,27.93,4.39,88.55,13.85,-9.48,72N100
南改鹿草分場,23.416869,120.283061,0.82,28.76,-0.5,85.71,4.58,-6.81,72M700
南改義竹分場,23.360694,120.279361,0.15,28.59,-3.36,82.19,6.73,-5.54,72M360
南改斗南分場,23.634556,120.477333,0.66,28.82,-0.91,82.58,6.79,-6.93,72K220
中改埔里分場,23.903208,120.963364,0.06,24.21,-0.37,90.45,11.55,-5.34,72HA00
臺中農改,24.003028,120.534389,0.52,29.06,-1.51,82.03,4.61,-3.91,72G600
桃改五峰分場,24.612194,121.157167,1.05,23.06,-1.88,88.65,11.84,-4.34,72D080
桃園農改,24.950944,121.030583,0.51,28.96,-3.28,78.77,4.7,-0.25,72C440
桃改樹林分場,24.944503,121.386972,-0.13,28.34,0.26,78.1,16.32,7.21,72AI40
萬大發電廠,23.978875,121.139639,-0.15,22.23,2.79,93.61,21.76,11.88,42HA10
恆春工作站,22.079678,120.714425,0.09,28.29,3.38,81.0,8.3,-5.93,12Q980
東港工作站,22.479997,120.466058,0.03,28.18,-0.09,75.48,16.76,-5.54,12Q970
口湖工作站,23.589978,120.180394,0.44,28.72,3.59,81.39,5.89,0.51,12J990
