站名,緯度,經度,平均溫距平,本年度平均溫,平均溼度距平,本年度日均相對溼度,本年度日均降水量,日均降水量距平,站號
淡水,25.164889,121.448906,0.66,17.92,5.54,84.47,3.8,-0.32,466900
鞍部,25.182586,121.529731,0.79,12.53,2.64,94.69,11.65,-3.05,466910
臺北,25.037658,121.514853,0.6,18.82,5.45,81.09,2.88,-0.57,466920
竹子湖,25.162078,121.544547,0.77,14.2,3.04,90.62,11.14,-1.14,466930
基隆,25.133314,121.740475,0.26,18.15,8.56,85.22,11.68,-1.06,466940
花蓮,23.975128,121.613275,0.64,20.2,3.15,76.78,1.27,-1.73,466990
新屋,25.006744,121.047486,0.39,18.0,8.46,85.31,2.76,-0.31,467050
宜蘭,24.763975,121.756528,0.49,18.34,8.67,88.75,4.94,-4.04,467080
金門,24.407306,118.289281,0.3,16.05,5.55,74.28,0.1,-1.24,467110
田中,23.873803,120.581286,0.51,19.72,-2.69,79.41,0.41,-0.78,467270
澎湖,23.565503,119.563094,0.97,20.03,3.05,79.38,0.14,-0.95,467350
臺南,22.993239,120.204772,1.15,20.68,0.7,73.72,0.49,-0.08,467410
永康,23.038386,120.2367,1.51,20.65,3.63,76.44,0.61,0.01,467420
嘉義,23.495925,120.432906,1.19,19.69,1.19,77.28,0.39,-0.56,467480
臺中,24.145736,120.684075,1.21,19.92,0.44,72.91,0.41,-0.77,467490
阿里山,23.508208,120.813242,1.42,9.48,1.76,82.72,4.18,1.8,467530
大武,22.355675,120.903789,0.91,22.49,2.71,71.69,0.28,-1.24,467540
玉山,23.487614,120.959522,-0.05,1.36,18.52,80.38,7.27,4.5,467550
新竹,24.827853,121.014219,0.79,18.43,5.34,81.47,2.27,-0.01,467571
恆春,22.003897,120.746339,0.99,23.18,0.38,68.97,0.06,-1.01,467590
成功,23.097486,121.373428,0.89,20.98,2.55,76.0,1.33,-1.63,467610
日月潭,23.881325,120.90805,1.06,16.59,6.57,84.03,1.7,0.17,467650
臺東,22.752211,121.154586,1.0,21.68,-0.42,70.28,0.51,-1.19,467660
馬祖,26.169269,119.923419,0.44,13.64,0.67,77.91,0.74,-0.84,467990
山佳,24.974944,121.402008,1.17,18.91,-0.08,81.31,3.25,-0.03,C0A520
坪林,24.938183,121.70975,0.85,15.91,-0.77,91.44,5.14,-0.56,C0A530
泰平,24.971197,121.823711,1.06,15.12,1.97,97.16,16.75,-2.38,C0A550
桶後,24.848222,121.597992,0.62,15.25,-0.32,94.28,7.05,-1.31,C0A570
石碇,24.993969,121.662917,1.04,16.46,3.74,94.03,5.29,-1.75,C0A640
大坪,25.165914,121.632969,0.72,15.42,1.43,94.19,31.03,0.03,C0A860
五指山,25.132153,121.608692,0.87,13.58,0.75,95.0,15.44,2.17,C0A870
雙溪,25.036003,121.864242,2.04,18.35,-2.51,89.25,11.2,-2.71,C0A890
三和,25.233153,121.595236,-1.18,14.88,11.14,98.5,22.28,-0.69,C0A931
金山,25.223628,121.643967,0.3,17.46,7.82,90.5,8.48,-1.91,C0A940
鼻頭角,25.129036,121.923372,0.99,19.13,2.6,82.45,2.34,-1.83,C0A950
三貂角,25.007606,122.002058,0.78,18.48,2.29,86.16,6.72,-0.98,C0A970
社子,25.109508,121.469681,1.04,19.17,6.28,83.09,2.36,0.05,C0A980
天母,25.117494,121.537169,0.91,19.07,-0.26,73.53,2.44,0.37,C0A9C0
內湖,25.079422,121.57545,0.61,18.66,12.19,91.16,2.77,-0.04,C0A9F0
大屯山,25.175675,121.522408,1.8,12.07,-6.44,89.0,8.06,-1.19,C0AC40
三峽,24.939025,121.369728,0.84,18.28,-1.97,78.81,3.53,-1.07,C0AC60
信義,25.037822,121.564597,0.81,18.3,1.16,80.81,3.22,-0.97,C0AC70
文山,25.00235,121.575728,0.75,17.86,-0.67,83.47,3.52,-0.98,C0AC80
新莊,25.051478,121.446756,0.59,18.61,3.12,77.66,2.78,-0.26,C0ACA0
八里,25.150211,121.403947,0.68,18.34,7.64,84.62,3.12,-0.23,C0AD10
蘆洲,25.086594,121.472331,1.03,19.37,4.41,77.94,2.42,-0.18,C0AD30
土城,24.973208,121.445169,1.77,19.05,2.25,82.16,3.47,-0.9,C0AD40
鶯歌,24.951533,121.346294,1.37,18.55,5.49,86.47,3.14,-0.41,C0AD50
汐止,25.066881,121.658778,0.18,17.56,-0.54,85.56,7.64,-2.57,C0AH00
永和,25.01125,121.508111,1.03,19.29,1.74,78.34,2.83,0.25,C0AH10
五分山,25.07125,121.780794,0.34,13.73,-0.58,95.84,20.27,-5.99,C0AH30
平等,25.129142,121.577086,0.02,15.72,1.76,89.72,5.14,-2.51,C0AH40
林口,25.072181,121.38084,0.93,17.17,-2.58,84.03,3.08,-0.28,C0AH50
松山,25.04871,121.55042,0.21,18.68,-1.03,71.5,2.89,-0.57,C0AH70
深坑,25.002703,121.628328,1.57,18.64,-1.82,84.45,4.62,-0.62,C0AH80
福山植物園,24.760717,121.58135,-0.22,13.65,0.97,96.38,6.97,-6.99,C0AH90
五股,25.07445,121.42728,0.53,18.34,-11.2,80.78,2.7,-0.98,C0AI00
屈尺,24.92184,121.54475,0.55,18.15,-9.82,77.44,5.38,-1.69,C0AI10
白沙灣,25.283128,121.519058,-0.13,17.79,3.32,84.09,4.67,-2.33,C0AI20
三重,25.057328,121.500629,0.53,19.08,-6.73,78.62,2.58,-0.51,C0AI30
石牌,25.115597,121.513139,1.09,20.03,4.61,76.97,2.27,-0.49,C0AI40
七堵,25.094819,121.71713,0.46,18.31,-2.22,87.91,11.67,-7.32,C0B010
基隆嶼,25.19141,121.78391,0.52,18.22,4.73,90.31,0.54,-8.05,C0B020
復興,24.820208,121.352281,1.06,16.18,0.67,79.81,3.08,-0.35,C0C460
桃園,24.992425,121.323172,0.96,18.14,2.92,78.41,2.91,-0.34,C0C480
八德,24.928708,121.283289,0.74,17.59,-1.37,80.09,3.41,-1.25,C0C490
觀音,25.027072,121.153317,0.31,17.08,5.18,83.97,3.73,0.07,C0C590
蘆竹,25.084275,121.265767,0.55,17.84,3.47,82.97,3.83,-0.56,C0C620
大溪,24.882853,121.265547,1.0,17.08,3.54,82.19,3.05,-0.09,C0C630
平鎮,24.897503,121.214636,1.15,17.04,1.86,82.81,2.91,-0.35,C0C650
楊梅,24.912375,121.143047,0.47,17.33,3.22,81.25,3.11,-0.43,C0C660
龍潭,24.870056,121.221389,0.18,16.26,0.62,81.97,3.34,0.13,C0C670
龜山,25.02846,121.38656,1.23,17.53,-1.88,82.0,3.11,-0.73,C0C680
中壢,24.977661,121.256375,0.26,17.53,2.72,83.47,2.61,-0.42,C0C700
大溪永福,24.892936,121.324975,0.56,16.97,-4.24,86.62,3.75,-1.57,C0C710
梅花,24.678347,121.208558,0.01,14.78,3.27,85.5,2.84,0.08,C0D360
峨眉,24.6905,121.017189,0.73,17.49,0.57,84.31,2.0,-0.98,C0D430
打鐵坑,24.849664,121.150789,0.73,16.34,0.4,86.47,2.78,-0.41,C0D480
橫山,24.71116,121.11693,0.61,16.64,5.15,87.56,1.83,-0.74,C0D540
雪霸,24.526972,121.11605,1.51,11.1,-0.69,77.06,2.8,-0.77,C0D550
竹東,24.767147,121.057881,1.6,18.1,3.11,77.75,2.0,-0.32,C0D560
寶山,24.735006,121.025192,0.99,17.24,4.07,85.16,2.05,-0.52,C0D580
新豐,24.87068,120.97721,0.79,17.25,5.81,86.06,2.41,0.07,C0D590
湖口,24.904794,121.043628,0.59,17.7,0.31,79.53,2.39,0.26,C0D650
新竹市東區,24.798681,120.986942,0.54,18.2,2.69,77.41,2.16,0.36,C0D660
竹南,24.708978,120.888897,0.66,18.06,5.25,81.97,1.55,-0.26,C0E420
南庄,24.601775,121.000214,0.74,16.47,5.34,88.94,2.53,-0.03,C0E430
明德,24.583486,120.885411,0.86,17.89,-0.18,81.03,2.02,-0.2,C0E550
通霄,24.471892,120.704622,0.75,18.14,-0.59,81.03,1.36,-0.32,C0E590
馬都安,24.451272,120.930192,0.88,14.87,2.45,84.91,1.5,-0.54,C0E610
頭份,24.688247,120.912206,1.57,19.1,4.27,78.0,1.78,-0.01,C0E730
造橋,24.637056,120.864778,0.53,17.98,0.11,81.0,1.75,-0.52,C0E740
苗栗,24.564569,120.824575,0.81,18.4,5.09,81.62,1.88,-0.13,C0E750
銅鑼,24.489681,120.790853,0.88,17.7,5.16,87.44,1.45,-0.54,C0E780
西湖,24.562947,120.7485,0.89,17.85,0.7,83.19,1.67,0.09,C0E810
獅潭,24.539133,120.920042,0.63,16.58,0.08,85.59,1.98,-0.57,C0E820
苑裡,24.439714,120.653053,0.39,18.42,-0.04,77.88,1.0,-0.3,C0E830
大河,24.618069,120.948578,-0.42,17.08,1.71,83.84,2.2,0.25,C0E850
高鐵苗栗,24.60725,120.826094,0.17,18.34,14.71,91.59,1.66,0.02,C0E870
石岡,24.276061,120.777644,0.41,17.94,16.24,98.41,0.59,-0.5,C0F0B0
中坑,24.248517,120.903319,0.79,16.36,-2.89,83.22,1.09,-0.64,C0F0C0
審馬陣,24.381675,121.4203,0.25,5.08,2.74,75.53,4.09,1.51,C0F0D0
東勢,24.246428,120.833047,1.74,18.45,-1.12,80.25,0.62,-1.07,C0F850
大坑,24.173142,120.722289,2.05,20.49,-0.36,74.59,0.44,-0.91,C0F970
神岡,24.272481,120.658314,1.6,18.78,-8.23,74.22,0.36,-1.12,C0F9I0
大安,24.345061,120.588025,0.39,18.31,-1.42,78.78,0.42,-0.75,C0F9K0
后里,24.310436,120.729725,1.36,18.46,-1.78,79.75,0.48,-0.84,C0F9L0
豐原,24.254322,120.720692,2.02,19.39,-2.69,75.94,0.53,-0.78,C0F9M0
大里,24.092464,120.701378,1.28,20.81,-2.73,69.34,0.42,-0.91,C0F9N0
潭子,24.213106,120.703933,2.21,20.55,-1.34,75.25,0.42,-0.82,C0F9O0
清水,24.312297,120.562242,0.54,18.67,-1.91,78.72,0.23,-0.81,C0F9P0
外埔,24.347817,120.705686,1.28,18.63,-10.13,71.31,0.36,-0.98,C0F9Q0
龍井,24.184536,120.528972,0.63,19.11,-4.49,75.81,0.25,-0.97,C0F9R0
烏日,24.107058,120.624103,1.0,19.69,-1.14,72.0,0.36,-0.84,C0F9S0
西屯,24.179494,120.641275,0.91,18.99,-1.63,74.28,0.31,-0.81,C0F9T0
南屯,24.137006,120.637969,1.47,20.6,-1.72,71.16,0.31,-0.75,C0F9U0
新社,24.200172,120.815806,0.77,16.81,-3.71,81.78,0.64,-1.01,C0F9V0
大雅(中科園區),24.21528,120.62445,0.02,18.32,-3.55,76.38,0.41,-0.7,C0F9X0
桃山,24.432739,121.303808,0.52,5.14,2.36,71.69,2.89,0.78,C0F9Y0
雪山東峰,24.388792,121.268675,0.55,5.8,-0.05,69.34,4.23,1.43,C0F9Z0
芬園,24.015678,120.6213,0.26,18.15,2.31,83.5,0.41,-0.89,C0G620
員林,23.946503,120.585597,1.36,20.04,0.88,78.62,0.45,-0.51,C0G650
溪湖,23.94835,120.479122,1.81,20.31,9.4,89.53,0.31,-0.85,C0G660
溪州,23.851589,120.499093,0.43,19.35,-3.42,74.88,0.38,-0.82,C0G720
二林,23.903325,120.376081,0.58,19.14,-0.08,83.75,0.3,-0.57,C0G730
大城,23.852487,120.320935,0.65,19.45,-2.82,75.59,0.3,-0.83,C0G740
福興,24.041289,120.437669,1.3,20.11,-6.27,72.22,0.27,-0.88,C0G770
秀水,24.03405,120.503869,0.76,19.5,-12.92,66.03,0.27,-0.92,C0G780
埔鹽,24.000394,120.431683,1.62,19.82,-0.3,81.97,0.27,-0.74,C0G800
埔心,23.947633,120.525456,0.97,19.72,11.06,89.44,0.34,-0.77,C0G810
埤頭,23.866003,120.452806,1.24,19.61,-2.8,81.31,0.31,-0.64,C0G830
社頭,23.897647,120.5862,1.49,20.66,5.16,80.41,0.45,-0.79,C0G860
二水,23.810742,120.6173,2.47,21.25,-1.09,78.84,0.48,-0.7,C0G880
伸港,24.148933,120.484403,0.35,18.78,-3.57,75.16,0.19,-0.94,C0G890
線西,24.143358,120.443536,0.41,19.38,-8.17,76.22,0.17,-1.67,C0G900
花壇,24.032076,120.549461,1.51,20.8,-6.52,74.31,0.31,-1.84,C0G910
埔里,23.972169,120.952425,0.34,19.02,2.03,82.97,1.39,0.13,C0H890
草屯,23.973672,120.68085,0.97,19.63,-2.8,74.31,0.59,-0.76,C0H960
昆陽,24.121322,121.273642,1.58,5.68,0.59,77.03,5.28,3.12,C0H990
神木村,23.532742,120.843667,1.44,13.41,5.36,89.53,3.73,1.5,C0H9A0
合歡山,24.143442,121.272547,1.64,3.91,0.62,82.0,8.08,3.29,C0H9C0
廬山,24.033311,121.181808,1.48,14.22,1.99,78.06,4.06,1.91,C0I010
信義,23.689694,120.851036,0.2,17.76,4.03,87.59,1.62,0.32,C0I080
竹山,23.761225,120.688156,1.64,19.73,0.17,83.0,0.95,-0.31,C0I110
水里,23.812553,120.849792,0.25,19.07,4.52,85.81,1.39,-0.09,C0I360
魚池,23.895703,120.94135,0.35,17.88,-0.44,85.28,1.84,0.21,C0I370
集集,23.828206,120.801467,0.32,19.31,-4.98,77.22,1.12,-0.32,C0I380
仁愛,24.022122,121.132206,0.28,15.26,-0.31,81.66,3.2,1.59,C0I390
名間,23.837053,120.701447,-0.07,18.74,-2.77,77.72,0.67,-0.61,C0I410
國姓,24.037803,120.855072,0.01,18.83,-1.67,81.0,0.97,-0.21,C0I420
南投,23.911469,120.687331,0.42,19.9,1.9,78.19,0.15,-1.01,C0I460
梅峰,24.085272,121.173572,0.28,10.26,3.46,82.66,3.72,1.76,C0I480
萬大林道,23.928228,121.091411,0.43,14.27,-1.01,78.53,3.41,1.6,C0I490
小奇萊,24.131764,121.295717,-0.01,5.07,-2.31,80.06,7.72,4.68,C0I530
崙背,23.75555,120.318925,0.67,19.34,-4.66,75.69,0.22,-0.85,C0K250
四湖,23.630414,120.227125,1.43,19.83,-4.0,75.12,0.2,-0.63,C0K280
宜梧,23.536281,120.169329,1.26,19.73,-1.97,78.19,0.25,-0.65,C0K291
虎尾,23.719183,120.442036,1.17,19.65,0.22,78.22,0.36,-0.63,C0K330
土庫,23.679029,120.395574,0.5,19.52,0.93,79.34,0.34,-0.87,C0K390
斗六,23.720583,120.541127,0.36,19.49,-5.31,75.41,0.45,-0.8,C0K400
北港,23.573957,120.292802,0.54,19.58,-4.71,75.22,0.3,-0.92,C0K410
西螺,23.800407,120.467394,0.52,19.39,-4.06,77.03,0.34,-0.91,C0K420
褒忠,23.690938,120.303634,0.66,19.35,-1.87,78.72,0.2,-0.89,C0K430
二崙,23.772797,120.408944,0.42,19.12,-2.37,77.91,0.27,-0.67,C0K440
大埤,23.646074,120.431537,0.24,19.29,-1.14,77.62,0.36,-0.74,C0K450
斗南,23.678734,120.478359,0.47,19.46,-2.73,76.09,0.39,-0.78,C0K460
林內,23.748675,120.609642,0.38,19.32,-2.0,78.72,0.64,-0.69,C0K470
莿桐,23.761192,120.502372,0.2,19.01,-4.27,74.38,0.45,-0.68,C0K480
元長,23.64981,120.315024,0.59,19.49,-1.39,77.0,0.23,-0.96,C0K500
水林,23.572924,120.24597,0.61,19.58,-0.76,78.31,0.28,-0.97,C0K510
臺西,23.701547,120.197559,0.49,19.45,0.7,80.62,0.2,-0.72,C0K530
蔦松,23.514319,120.229736,0.6,19.61,-3.03,77.88,0.23,-1.04,C0K550
棋山,23.68645,120.603417,0.46,19.46,-1.95,79.91,0.77,-0.7,C0K560
高鐵雲林,23.737456,120.417944,0.26,19.14,-2.94,79.5,0.22,-1.15,C0K580
東後寮,23.369908,120.248065,0.64,19.6,-1.12,78.44,0.25,-0.81,C0M520
奮起湖,23.493903,120.699253,1.47,14.74,3.81,90.25,2.08,0.49,C0M530
中埔,23.42538,120.5229,0.36,19.37,-2.72,77.62,0.58,-0.42,C0M640
朴子,23.43463,120.23902,0.03,19.11,-0.71,78.25,0.2,-0.96,C0M650
溪口,23.604131,120.403569,0.52,19.51,-2.91,75.91,0.34,-0.8,C0M660
大林,23.600616,120.45841,0.42,19.7,-4.53,73.75,0.45,-0.93,C0M670
太保,23.455062,120.331455,0.36,19.69,-5.66,73.53,0.28,-0.84,C0M680
水上,23.419734,120.388909,0.52,19.75,-1.58,76.69,0.41,-0.58,C0M690
竹崎,23.526178,120.555508,0.26,19.25,-1.99,80.28,0.7,-0.54,C0M700
東石,23.458927,120.15385,0.63,19.73,-2.27,77.66,0.17,-1.1,C0M710
番路,23.464657,120.554156,0.45,18.94,5.32,87.03,0.64,-0.45,C0M720
嘉義市東區,23.457673,120.460531,0.5,20.74,-2.63,71.72,0.44,-0.65,C0M730
六腳,23.492871,120.290625,0.53,19.63,-0.57,77.34,0.22,-1.01,C0M740
布袋,23.380878,120.167789,0.69,19.8,-4.03,76.66,0.19,-0.96,C0M750
民雄,23.551754,120.428457,0.41,19.78,0.24,78.84,0.39,-0.8,C0M760
嘉義梅山,23.585398,120.555587,0.4,19.26,-1.67,79.34,0.78,-0.57,C0M770
鹿草,23.41134,120.30835,0.72,20.0,-1.96,75.53,0.28,-0.72,C0M780
新港,23.553269,120.345728,0.37,19.56,-2.91,74.87,0.36,-1.0,C0M790
茶山,23.299075,120.664767,0.32,19.42,2.07,84.75,1.83,0.82,C0M800
里佳,23.389125,120.716647,0.4,15.03,0.38,85.69,2.48,1.01,C0M810
達邦,23.453994,120.749517,0.38,16.79,3.93,83.66,1.98,0.7,C0M820
表湖,23.24186,120.64166,-0.01,17.95,-1.19,84.56,1.97,0.81,C0M850
新美,23.338017,120.683169,-0.1,18.96,6.62,89.91,2.05,0.95,C0M860
北寮,23.079561,120.495008,0.94,20.03,5.89,89.53,1.31,0.66,C0O830
王爺宮,23.222064,120.40085,2.55,21.04,-3.7,78.94,0.42,-0.45,C0O840
大內,23.11885,120.36083,1.83,21.28,-1.38,80.12,0.55,-0.13,C0O860
善化,23.112883,120.297219,1.38,20.35,-2.46,79.06,0.34,-0.33,C0O900
崎頂,22.959547,120.369317,1.53,20.15,1.9,83.53,1.19,0.68,C0O960
虎頭埤,23.021375,120.347878,0.98,19.96,1.45,83.19,1.03,0.36,C0O970
新市,23.061614,120.298197,1.72,21.23,-3.71,74.59,0.58,-0.02,C0O980
媽廟,22.99175,120.293525,0.83,20.35,5.19,84.28,0.84,0.28,C0O990
尾寮山,22.833111,120.683889,1.04,16.51,5.88,94.61,0.62,-0.4,C0R100
阿禮,22.742908,120.743678,1.47,18.0,-0.2,77.0,0.55,-0.15,C0R130
瑪家,22.682903,120.686639,0.67,17.89,6.78,94.81,0.41,-0.36,C0R140
三地門,22.709889,120.639944,1.52,22.12,-5.93,70.06,0.25,-0.49,C0R150
鹽埔,22.739558,120.530778,1.39,21.77,-6.75,79.34,0.16,-0.42,C0R160
屏東,22.660269,120.494072,0.88,21.7,-9.75,70.06,0.16,-0.37,C0R170
赤山,22.592333,120.614306,0.95,21.63,-1.35,81.03,0.09,-0.46,C0R190
潮州,22.534361,120.54,1.9,22.43,-2.11,76.09,0.05,-0.71,C0R220
來義,22.527306,120.625111,0.76,21.11,2.82,86.0,0.15,-0.45,C0R240
春日,22.370361,120.628306,0.86,21.77,-6.98,72.19,0.06,-0.36,C0R260
琉球嶼,22.332244,120.362236,1.09,22.4,3.23,83.78,0.08,-0.69,C0R270
車城,22.0744,120.716247,1.08,23.23,-2.91,69.78,0.0,-0.39,C0R320
牡丹,22.130036,120.792639,0.72,20.44,1.05,86.69,0.08,-0.93,C0R341
貓鼻頭,21.921774,120.7358,1.26,23.09,-13.9,63.44,0.03,-0.96,C0R350
大漢山,22.405264,120.753181,0.91,12.04,-0.94,95.81,1.66,-0.54,C0R440
高樹,22.826389,120.600806,0.99,21.75,-2.76,76.41,0.58,-0.08,C0R470
長治,22.693128,120.542622,1.63,22.47,-2.42,78.75,0.17,-0.36,C0R480
九如,22.7405,120.490503,1.11,21.92,-9.35,72.47,0.27,-0.31,C0R490
崁頂,22.514781,120.506914,-1.18,19.84,-0.26,82.03,0.05,-0.51,C0R520
佳冬,22.419456,120.552375,0.52,21.66,-1.17,80.22,0.05,-0.44,C0R540
新埤,22.467947,120.582894,1.95,22.81,-4.54,77.47,0.11,-0.44,C0R550
新園,22.5434,120.461558,1.86,22.69,-1.9,76.53,0.06,-0.47,C0R560
麟洛,22.65078,120.52719,0.87,22.08,-1.48,76.03,0.05,-0.44,C0R570
南州,22.48591,120.50274,0.98,21.81,0.59,81.44,0.09,-0.55,C0R580
里港,22.77919,120.49459,0.85,21.44,-1.62,77.78,0.34,-0.33,C0R590
舊泰武,22.588194,120.664944,0.6,18.15,0.47,87.94,0.45,-0.37,C0R600
墾雷,21.900836,120.855269,0.39,22.86,5.91,84.44,0.36,-0.45,C0R620
東港,22.46247,120.44074,0.01,21.99,-2.36,77.5,0.03,-0.14,C0R640
竹田,22.58486,120.54344,-0.65,21.0,4.67,88.56,0.11,-0.14,C0R650
枋寮,22.367722,120.590647,0.7,21.99,0.99,82.43,0.05,-0.34,C0R660
楓港,22.190131,120.692156,0.21,22.67,-1.69,65.75,0.03,-0.68,C0R670
佳樂水,21.993578,120.861633,0.6,22.95,-1.75,76.16,0.45,-0.44,C0R680
墾丁,21.966756,120.810269,0.81,20.67,0.39,86.16,0.34,-0.43,C0R690
枋山,22.246844,120.661086,0.86,22.84,-0.93,70.22,0.03,-0.64,C0R700
龍磐,21.931672,120.838942,0.62,22.16,14.05,99.34,0.2,0.04,C0R710
旭海,22.205403,120.887614,0.54,20.65,2.56,86.91,0.61,-1.66,C0R720
大坪頂,22.024633,120.69355,0.66,21.66,2.56,79.53,0.03,-0.1,C0R730
獅子,22.201569,120.70525,0.62,22.81,-1.84,68.12,0.02,-0.08,C0R740
四林格山,22.076989,120.802439,0.95,18.17,-4.3,93.44,0.98,-0.74,C0R750
南仁湖,22.084681,120.863353,0.73,19.6,-1.28,91.53,3.08,0.47,C0R760
保力,22.071122,120.764111,0.65,21.85,-2.2,77.09,0.02,-0.16,C0R770
滿州,22.024403,120.839892,0.62,22.2,-5.12,75.66,0.47,-0.24,C0R780
九棚,22.14195,120.889281,0.72,21.95,9.27,92.56,0.73,-0.88,C0R790
丹路,22.204481,120.750989,0.69,21.82,-1.95,73.31,0.0,-0.26,C0R800
內獅,22.305064,120.642986,0.45,22.22,6.55,90.88,0.02,-0.4,C0R810
白鷺,22.454275,120.666219,0.91,19.57,-3.76,82.53,0.06,-0.02,C0R820
高士,22.121825,120.836781,0.78,19.13,4.06,96.06,0.98,-1.14,C0R830
牡丹池山,22.168389,120.841225,0.72,17.91,-5.78,92.03,1.14,-1.47,C0R840
下馬,23.150427,121.070312,0.09,15.38,0.84,90.91,1.84,-1.15,C0S660
太麻里,22.60902,120.98533,1.28,18.33,-1.49,83.59,0.77,-1.31,C0S690
知本,22.684866,121.005642,1.25,17.98,-0.05,88.56,1.02,-1.59,C0S700
鹿野,22.917711,121.122994,1.24,18.05,0.64,86.25,0.91,-1.0,C0S710
綠島,22.6672,121.47533,1.01,21.19,4.0,91.97,2.39,-3.18,C0S730
池上,23.119628,121.209469,0.92,18.21,-0.06,86.72,1.02,-0.63,C0S740
向陽,23.248397,120.986133,2.08,9.28,-1.77,88.28,3.61,-0.34,C0S750
大溪山,22.478475,120.943325,1.02,18.87,-3.09,82.84,0.91,-1.51,C0S770
金崙,22.538122,120.966875,1.23,20.33,-3.72,79.84,0.58,-1.29,C0S790
東河,22.972672,121.303986,0.31,20.97,-1.21,79.47,0.47,-1.24,C0S810
長濱,23.286817,121.411975,0.83,19.37,-2.13,81.47,2.58,0.33,C0S830
南田,22.279725,120.889208,0.9,22.54,6.29,86.47,0.23,-1.42,C0S840
關山,23.0395,121.175017,0.32,18.98,0.94,85.34,0.52,-0.85,C0S890
蘭嶼高中,22.04909,121.51214,0.15,22.89,1.44,79.69,14.03,1.52,C0S900
蘭嶼燈塔,22.081197,121.503117,0.33,21.23,-0.73,88.16,6.84,-0.77,C0S910
金峰嘉蘭,22.594789,120.960825,0.82,20.86,0.76,82.82,0.61,-1.84,C0S920
延平,22.902581,121.084058,0.21,19.23,1.25,82.22,0.64,-1.83,C0S930
石寧山,23.223772,121.406639,0.34,19.72,2.62,86.69,1.86,-0.96,C0S940
七塊厝,22.954453,121.229922,0.24,18.03,-0.27,87.91,0.84,-1.58,C0S950
香蘭,22.587569,120.993375,0.69,21.88,2.61,77.28,0.45,-1.56,C0S960
加津林,22.416211,120.926942,0.8,22.34,-0.93,72.97,0.45,-1.18,C0S970
勝林山,22.430439,120.8938,0.3,14.97,-1.01,95.22,2.02,-2.44,C0S980
山豬窟,22.318619,120.857372,0.51,19.0,-5.04,80.88,0.56,-1.5,C0S990
歷坵,22.520969,120.89185,0.74,18.26,2.11,89.06,0.8,-1.64,C0SA00
檳榔四格山,22.810031,121.109308,0.49,18.51,-1.0,85.38,0.58,-0.58,C0SA10
金崙山,22.567419,120.959667,0.72,15.63,5.41,99.84,1.5,-1.8,C0SA20
都歷,23.020333,121.323642,1.17,21.15,3.21,81.38,0.5,-1.96,C0SA30
瑞和,22.974361,121.156697,0.22,19.08,2.42,84.84,0.92,-1.66,C0SA40
知本（水試所）,22.702394,121.082761,0.44,21.42,-1.55,76.16,0.41,0.07,C0SA60
土坂,22.453108,120.887572,0.75,20.53,-0.78,81.59,0.38,-1.85,C0SA80
達仁林場,22.264347,120.823972,0.89,18.27,-0.81,91.97,1.34,-1.3,C0SA90
大禹嶺,24.186117,121.316086,2.11,7.85,-7.59,72.22,4.98,2.07,C0T790
天祥,24.179597,121.495639,1.0,15.96,-0.43,86.62,1.3,-1.68,C0T820
鯉魚潭,23.935639,121.508944,0.29,17.51,2.76,91.34,1.98,-1.12,C0T870
西林,23.8119,121.441458,1.17,18.69,2.33,86.41,1.98,-1.37,C0T900
光復,23.660694,121.424964,1.31,19.02,-1.9,88.29,2.24,-1.45,C0T960
月眉山,23.809928,121.539828,1.04,16.77,0.27,92.78,2.58,-1.22,C0T9A0
水源,23.991861,121.537169,1.05,16.54,0.68,89.75,3.08,-1.25,C0T9B0
和中,24.26676,121.74103,-0.1,18.91,2.21,84.72,1.11,-3.26,C0T9D0
大坑,23.880628,121.581981,0.77,16.97,3.99,93.19,2.27,-1.43,C0T9E0
水璉,23.797131,121.542514,0.69,18.67,2.44,88.0,1.98,-1.34,C0T9F0
鳳林山,23.735269,121.420131,0.18,16.26,-1.88,90.81,2.5,-2.2,C0T9G0
加路蘭山,23.682947,121.5274,1.57,15.99,-0.65,94.19,7.34,0.81,C0T9H0
豐濱,23.583897,121.514806,0.85,18.62,5.89,91.42,4.11,-1.63,C0T9I0
靜浦,23.455167,121.495028,0.81,19.51,1.41,89.16,4.86,0.33,C0T9M0
富里,23.171639,121.249378,0.1,18.15,1.9,89.62,1.83,0.57,C0T9N0
雙連埤,24.753033,121.641303,0.66,14.5,3.33,99.44,7.0,-4.27,C0U520
礁溪,24.817539,121.765608,0.44,17.94,-8.06,81.12,4.5,-2.35,C0U600
玉蘭,24.675286,121.587061,1.02,15.85,6.22,96.88,5.64,-3.9,C0U650
太平山,24.505486,121.525656,1.87,8.8,-0.91,90.62,4.16,-2.96,C0U710
南山,24.43742,121.38167,-0.12,11.88,-1.5,92.41,2.97,-2.02,C0U720
龜山島,24.841667,121.953133,-0.38,16.01,-1.41,93.94,3.48,-1.18,C0U750
東澳,24.52196,121.83318,-0.0,18.11,1.88,92.84,6.14,-7.42,C0U760
南澳,24.44935,121.81022,0.1,18.83,-0.73,80.59,0.78,-4.17,C0U770
五結,24.68637,121.79794,0.5,17.79,-2.04,84.78,4.07,-13.57,C0U780
頭城,24.85323,121.8308,0.21,18.46,-0.93,86.56,3.91,-2.78,C0U860
大礁溪,24.791042,121.675047,0.67,15.86,1.86,91.72,6.27,-5.11,C0U870
三星,24.66812,121.65302,0.31,17.52,1.98,91.19,4.16,-8.4,C0U890
內城,24.71813,121.68766,1.01,18.53,-1.37,88.0,4.36,-6.58,C0U900
冬山,24.63373,121.7937,0.47,18.22,7.7,95.75,8.81,-17.5,C0U910
羅東,24.68184,121.74934,0.74,18.06,-0.94,88.06,5.59,-12.52,C0U940
鶯子嶺,24.89754,121.79244,0.67,12.17,0.46,97.94,9.84,-6.04,C0U950
翠峰湖,24.510856,121.608044,-0.04,7.93,3.13,98.41,4.95,-4.39,C0U960
大福,24.80064,121.81389,-0.09,18.02,-4.51,84.44,5.34,-3.61,C0U970
坪林石牌,24.86478,121.77396,0.6,14.8,-0.3,95.62,5.8,-2.0,C0U980
員山,24.74435,121.72247,0.32,18.22,-1.77,86.04,2.11,-10.02,C0U990
土場,24.576533,121.495333,0.02,15.92,-1.89,90.91,1.91,-2.75,C0UA00
鴛鴦湖,24.590269,121.412228,0.09,9.17,-0.19,96.75,6.16,-7.95,C0UA10
多加屯,24.368614,121.373189,0.77,7.21,0.73,80.0,3.39,0.51,C0UA20
白嶺,24.527819,121.519031,0.02,10.84,-1.65,94.12,5.53,-2.16,C0UA30
西德山,24.560647,121.752608,0.11,12.18,0.95,96.19,12.41,-11.37,C0UA40
西帽山,24.555361,121.802628,0.18,13.73,-0.24,96.41,21.0,-15.62,C0UA50
樟樹山,24.41393,121.78325,0.34,15.9,5.93,95.91,1.83,-5.21,C0UA60
桃源谷,24.962606,121.888875,-0.2,14.46,0.33,95.88,14.5,-10.98,C0UA70
復興,23.222403,120.806089,0.81,18.65,-0.75,77.41,3.06,1.91,C0V210
美濃,22.898742,120.519153,2.4,22.26,-3.94,76.88,0.56,-0.02,C0V310
溪埔,22.738578,120.446797,1.37,21.72,0.3,79.75,0.3,-0.32,C0V350
內門,22.975481,120.466769,2.15,21.18,6.3,87.65,1.18,0.67,C0V360
古亭坑,22.893178,120.401947,1.68,20.55,-1.42,81.94,0.83,0.23,C0V370
阿公店,22.804194,120.355528,0.98,20.58,-2.12,78.47,0.38,0.04,C0V400
鳳山,22.646653,120.356122,0.37,21.12,6.69,81.22,0.09,-0.35,C0V440
鳳森,22.545064,120.392592,0.93,21.67,-3.1,72.5,0.03,-0.39,C0V450
新興,22.627422,120.298803,1.42,21.95,-4.4,69.12,0.12,-0.27,C0V490
阿蓮,22.883208,120.327508,1.85,21.53,-9.48,71.91,0.97,0.51,C0V530
梓官,22.760558,120.267211,1.33,21.1,-3.44,71.66,0.38,0.06,C0V610
永安,22.82315,120.236856,0.8,20.66,-5.21,72.56,0.81,0.36,C0V620
茄萣,22.906642,120.182608,0.94,20.55,2.48,77.0,0.83,0.48,C0V630
湖內,22.887139,120.2445,0.72,20.46,-3.33,73.75,0.77,0.36,C0V640
彌陀,22.783806,120.246361,1.15,21.32,2.88,79.63,0.66,0.28,C0V650
岡山,22.797078,120.294958,1.34,21.69,-8.28,66.31,0.61,0.21,C0V660
仁武,22.701083,120.347722,-0.12,20.55,5.54,82.12,0.33,-0.12,C0V680
鼓山,22.623325,120.275575,0.51,21.2,0.37,76.03,0.12,-0.26,C0V690
三民,22.645017,120.311233,0.8,22.0,2.95,73.78,0.17,-0.2,C0V700
苓雅,22.622742,120.330669,1.5,22.5,5.37,75.56,0.06,-0.34,C0V710
林園,22.507747,120.394511,0.36,22.32,0.98,71.44,0.03,-0.4,C0V720
大寮,22.605614,120.395717,0.7,21.87,-0.28,73.06,0.12,-0.48,C0V730
旗山,22.888614,120.483597,1.75,21.8,0.69,78.56,0.55,0.17,C0V740
路竹,22.854997,120.259439,1.44,21.61,-2.61,73.88,1.08,0.59,C0V750
橋頭,22.757806,120.30575,1.53,22.16,0.66,76.5,0.31,-0.04,C0V760
大社,22.730306,120.346639,0.68,21.02,-2.34,72.59,0.38,-0.02,C0V770
萬山,22.905944,120.688056,1.75,20.98,0.12,78.84,0.72,-0.05,C0V790
六龜,22.997889,120.633583,0.98,21.12,5.26,84.84,1.17,0.45,C0V800
左營,22.67491,120.28491,0.21,20.91,-6.27,73.41,0.38,0.11,C0V810
小林,23.148408,120.63325,0.57,19.87,3.25,84.88,1.78,0.77,C0V820
東莒,25.9652,119.98069,0.83,14.63,-0.3,75.66,0.64,0.2,C0W110
西嶼,23.5626,119.468436,0.87,19.46,-3.0,79.78,0.16,-1.13,C0W120
花嶼,23.40007,119.32276,0.97,19.92,-0.91,78.94,0.11,-1.2,C0W130
金沙,24.488292,118.408778,-0.33,15.95,-1.85,66.81,0.08,-0.84,C0W140
金寧,24.457703,118.328989,-0.13,16.78,-3.0,66.34,0.09,-0.79,C0W150
東河,23.296598,120.385608,0.42,19.88,-6.36,74.53,0.42,-0.5,C0X050
下營,23.22695,120.256261,0.62,19.79,-3.86,76.91,0.39,-0.58,C0X060
佳里,23.173039,120.145086,1.0,19.85,5.17,84.53,0.31,-0.43,C0X080
臺南市北區,23.010394,120.194228,0.96,20.65,0.46,75.53,0.48,-0.01,C0X100
臺南市南區,22.961189,120.188378,1.27,21.43,1.69,76.09,0.67,0.19,C0X110
麻豆,23.183289,120.248611,1.52,20.82,1.67,81.66,0.38,-0.38,C0X120
官田,23.193217,120.315422,1.14,20.7,-4.25,74.16,0.33,-0.45,C0X130
西港,23.125608,120.203108,1.03,20.34,2.99,82.33,0.28,-0.53,C0X140
安定,23.102614,120.227839,1.09,20.15,-0.25,81.94,0.39,-0.22,C0X150
仁德,22.968258,120.257689,0.89,20.83,-0.64,75.28,0.91,0.43,C0X160
關廟,22.963017,120.327797,0.49,20.19,9.13,86.06,1.03,0.5,C0X170
山上,23.0757,120.363253,1.93,21.02,-4.34,77.72,0.88,0.2,C0X180
安平,22.993161,120.152181,0.6,20.16,0.37,78.84,0.5,0.02,C0X190
左鎮,23.056758,120.408522,1.86,20.47,-5.67,78.75,1.05,0.42,C0X200
白河,23.347466,120.414427,0.36,19.85,-2.72,76.62,0.45,-0.48,C0X210
學甲,23.230367,120.182187,0.32,19.4,-3.48,75.66,0.33,-0.66,C0X220
鹽水,23.272621,120.247641,0.51,19.5,-5.45,75.94,0.31,-0.64,C0X230
關子嶺,23.331169,120.508025,0.28,17.99,-0.1,87.09,0.75,-0.35,C0X240
新營,23.310689,120.316681,0.76,20.18,-3.66,74.78,0.3,-0.62,C0X250
後壁,23.366358,120.362326,0.55,19.78,-3.48,76.5,0.38,-0.55,C0X260
將軍,23.214999,120.13577,0.4,19.55,-0.34,79.09,0.25,-0.53,C0X280
北門,23.267772,120.125481,0.56,19.8,-2.28,77.59,0.2,-0.92,C0X290
鹿寮,23.386047,120.477331,0.39,19.51,2.69,86.28,0.59,-0.44,C0X300
柳營,23.253328,120.375253,0.42,20.19,-3.27,74.31,0.42,0.07,C0X320
明里,23.208717,121.262342,0.97,18.24,3.78,89.31,1.8,0.11,C0Z020
佳心,23.34567,121.21316,0.92,14.79,6.0,95.56,1.72,-0.83,C0Z050
玉里,23.3215,121.339656,0.96,18.38,0.75,87.31,2.52,-0.51,C0Z061
舞鶴,23.46811,121.37407,1.1,17.92,5.76,97.12,1.91,-0.89,C0Z070
富源,23.587642,121.378225,1.14,17.9,-2.42,90.41,3.02,-0.48,C0Z080
東華,23.89525,121.549833,0.51,19.33,2.98,88.84,1.3,-0.96,C0Z100
吉安光華,23.930925,121.595153,0.4,19.76,-3.77,84.75,1.08,-1.33,C0Z150
鳳林,23.746114,121.453411,0.71,19.19,7.03,93.55,1.35,-1.38,C0Z160
卓溪,23.3443,121.3029,0.39,18.92,4.74,87.59,1.67,-0.51,C0Z170
新城,24.03946,121.60454,0.1,19.79,13.08,92.94,1.48,-1.01,C0Z180
富世,24.14743,121.6297,0.36,19.95,-5.49,77.06,1.31,-0.7,C0Z190
萬榮,23.709219,121.420106,0.59,18.75,6.99,94.19,1.84,-1.07,C0Z200
瑞穗,23.5239,121.39021,0.72,18.71,1.43,89.06,2.47,-0.39,C0Z210
和平林道,24.343922,121.656317,-0.35,15.61,-4.01,86.38,1.55,-1.63,C0Z220
和平,24.30717,121.77007,0.67,20.31,1.66,73.75,0.98,-2.61,C0Z230
瑞穗林道,23.49284,121.30688,0.1,12.85,3.05,99.34,4.92,-1.35,C0Z250
蕃薯寮,23.73835,121.540108,0.7,17.8,-4.28,86.58,3.6,-2.33,C0Z270
德武,23.47426,121.41071,0.09,18.13,-0.16,90.09,2.56,-0.34,C0Z280
赤柯山,23.36893,121.38293,0.53,14.21,2.38,97.06,4.42,-0.98,C0Z290
東里,23.26853,121.30547,0.24,18.5,-2.12,88.09,2.83,0.33,C0Z300
清水斷崖,24.218294,121.689142,-0.21,19.68,-0.24,79.16,1.45,-1.03,C0Z310
清水林道,23.27125,121.188272,0.27,15.76,-1.67,88.97,3.38,-1.1,C0Z320
安通山,23.290728,121.348528,-0.42,16.41,2.03,92.06,3.47,0.11,C0Z330
口湖工作站,23.589978,120.180394,0.63,19.48,2.2,76.81,0.18,-1.35,12J990
東港工作站,22.479997,120.466058,0.3,22.16,-3.28,64.87,0.08,-0.11,12Q970
恆春工作站,22.079678,120.714425,0.56,23.34,-0.81,63.35,0.0,-0.19,12Q980
萬大發電廠,23.978875,121.139639,-0.03,16.04,-3.99,79.9,3.65,1.71,42HA10
桃改樹林分場,24.944503,121.386972,-0.19,17.74,-2.74,80.26,3.56,-1.05,72AI40
桃園農改場,24.950944,121.030583,0.79,17.78,3.32,82.77,2.65,0.41,72C440
桃改五峰分場,24.612194,121.157167,1.49,13.69,4.1,90.06,3.61,0.43,72D080
桃改新埔分場,24.834444,121.066111,0.2,17.5,2.19,83.71,1.32,-0.44,72D680
臺中農改場,24.003028,120.534389,1.36,19.54,-1.71,75.84,0.32,-0.74,72G600
中改埔里分場,23.903208,120.963364,0.57,17.81,1.9,89.0,2.26,0.19,72HA00
南改斗南分場,23.634556,120.477333,1.58,19.64,-2.59,76.47,0.5,-0.57,72K220
南改義竹分場,23.360694,120.279361,1.35,19.6,-3.48,76.0,0.27,-0.49,72M360
南改鹿草分場,23.416869,120.283061,0.63,19.71,-2.02,76.61,0.21,-1.41,72M700
臺南農改場,23.0605,120.342194,0.57,19.66,8.3,87.16,0.87,0.42,72N100
七股研究中心,23.081672,120.062894,0.61,19.85,-2.95,78.1,0.23,-1.06,72N240
高雄農改場,22.709333,120.525889,1.11,21.67,0.54,77.19,0.11,-0.56,72Q010
東改班鳩分場,22.829528,121.077694,1.36,19.71,-0.36,78.42,0.82,-0.97,72S200
東改賓朗果園,22.813889,121.071278,0.84,19.1,-3.33,81.42,0.82,-1.07,72S590
花蓮農改場,23.975222,121.563889,0.78,19.4,1.25,81.9,1.71,-0.63,72T250
花改蘭陽分場,24.686306,121.716583,0.9,18.14,1.21,85.1,5.32,-3.62,72U480
高改旗南分場,22.857861,120.516667,0.79,20.79,5.45,79.29,0.4,-0.13,72V140
茶改北部分場,24.955778,121.631222,1.03,15.68,2.88,89.53,6.72,-0.39,82A750
茶改場,24.908472,121.185333,0.83,16.89,2.03,84.32,2.97,-0.31,82C160
茶改中部分場,23.875611,120.913583,0.46,16.72,1.53,84.52,1.97,0.45,82H320
茶改南部分場,23.762528,120.7405,0.35,17.55,-2.66,84.29,1.15,-0.39,82H840
茶改東部分場,22.907694,121.130139,0.85,19.55,1.2,79.48,0.82,-0.9,82S580
農工中心,24.985917,121.239833,0.66,17.33,4.74,80.77,2.65,-0.11,A2C560
水試臺西試驗場,23.717231,120.190522,0.59,19.78,0.17,79.55,0.24,-0.29,A2K360
臺大雲林校區,23.730628,120.423903,0.32,19.03,-4.89,75.52,0.29,-0.32,A2K630
臺南蘭花園區,23.340258,120.379661,0.56,19.88,-4.78,75.03,0.32,-0.33,A2N290
畜試北區分所,24.527806,120.770972,-0.07,17.55,-0.3,81.61,1.81,-0.05,B2E890
畜產試驗所,23.058972,120.336406,1.32,19.93,-1.15,78.35,0.81,0.14,B2N890
畜試南區分所,21.945583,120.802167,0.85,22.9,-1.53,70.61,0.23,-1.01,B2Q810
畜試東區分所,24.669039,121.832561,-0.07,17.65,-0.97,88.03,10.9,-16.8,B2U990
蓮華池,23.918333,120.885278,1.04,17.03,2.95,90.45,1.39,-0.12,E2H360
林試畢祿溪站,24.226944,121.308522,-0.58,8.54,2.92,84.07,0.33,-3.27,E2HA20
四湖植物園,23.676986,120.163433,0.32,19.55,-5.97,79.33,0.2,-1.25,E2K600
林試六龜中心,22.991703,120.645722,0.29,20.38,-0.54,81.1,0.85,0.14,E2P980
林試扇平站,22.9677,120.6857,0.01,17.98,-0.88,87.19,0.35,0.13,E2P990
林試太麻里2,22.598,120.99775,0.4,21.66,-4.32,73.23,0.5,-1.41,E2S960
林試太麻里1,22.598922,120.980044,0.42,20.58,-3.93,77.23,0.58,-1.75,E2S980
農試所(霧峰),24.031261,120.688133,1.16,19.51,-1.52,77.1,0.84,-0.23,G2F820
農試嘉義分所,23.485028,120.473806,1.19,19.28,-1.61,78.77,0.5,-0.61,G2L020
農試溪口農場,23.58565,120.408111,0.77,19.83,-5.66,76.21,0.26,-1.38,G2M350
農試鳳山分所,22.646611,120.356083,0.8,21.36,1.16,73.42,0.1,-0.65,G2P820
苗栗農改場,24.495722,120.829111,0.79,17.38,1.54,82.13,1.8,0.28,K2E360
苗改生物防治研究中心,24.422861,120.871833,0.02,16.68,-3.16,82.61,0.84,-1.26,K2E710
種苗改良場,24.225972,120.800917,1.14,16.78,3.47,82.03,0.56,-1.04,K2F750
溪頭,23.670306,120.798194,0.87,14.14,6.91,93.84,2.23,0.41,U2H480
臺大和社,23.590856,120.888864,0.45,16.88,2.82,85.63,2.12,0.95,U2HA30
臺大內茅埔,23.689722,120.851117,-0.18,17.55,0.06,83.13,1.62,0.42,U2HA40
臺大竹山,23.756972,120.681556,0.11,19.34,-4.52,75.97,0.92,-0.14,U2HA50
四堵,24.8926,121.745736,2.01,16.6,-4.35,88.16,5.73,-2.14,C0A540
福山,24.776203,121.502811,1.13,15.55,-1.61,92.28,4.61,-1.3,C0A560
火燒寮,25.002719,121.742892,1.29,15.68,2.87,96.24,7.6,-3.63,C0A650
瑞芳,25.113169,121.801147,0.22,16.77,7.36,93.31,16.31,-3.88,C0A660
福隆,25.017842,121.942083,0.15,17.54,1.57,87.11,11.08,-1.51,C0A880
富貴角,25.263783,121.565258,1.28,17.29,-1.03,85.47,15.64,1.12,C0A920
三芝,25.258131,121.501917,0.51,17.55,4.35,84.81,11.31,-1.61,C0AD00
大湖,24.41494,120.87087,2.77,18.41,-0.65,86.5,1.67,-0.37,C0E520
三義,24.40548,120.74982,2.89,18.02,-8.73,86.5,1.38,-0.61,C0E880
梨山,24.247522,121.243669,2.25,10.71,1.15,82.53,4.39,1.12,C0F861
大甲,24.347667,120.640403,3.22,20.72,-1.21,80.42,0.67,-0.86,C0F930
中竹林,24.103556,120.751061,2.77,19.71,-1.11,81.92,0.29,-1.19,C0F9A0
鹿港,24.0753,120.430481,2.87,21.02,10.65,90.5,0.29,-0.66,C0G640
芳苑,23.922303,120.320025,2.33,20.83,-2.19,80.58,0.04,-1.05,C0G870
中寮,23.884447,120.766406,3.06,20.54,-0.64,85.5,0.25,-1.22,C0H950
鳳凰,23.728081,120.787347,3.2,18.18,4.1,91.83,0.96,-0.7,C0I090
草嶺,23.59555,120.693461,2.71,17.32,-4.35,83.08,0.58,-0.88,C0K240
馬頭山,23.324361,120.582017,2.69,21.54,4.42,86.67,0.04,-0.73,C0M410
曾文,23.219681,120.497328,3.36,22.42,-4.81,79.08,0.0,-0.69,C0O810
玉井,23.126042,120.46055,5.29,23.85,-9.52,74.67,0.0,-0.64,C0O930
甲仙,23.080106,120.591758,3.47,21.92,-3.85,80.42,0.0,-0.72,C0V250
月眉,22.971003,120.539853,2.96,23.12,-4.96,73.67,0.0,-0.46,C0V260
七股,23.147289,120.086253,0.53,19.88,-0.57,79.12,0.22,-0.7,C0X310
臺大竹山,23.756972,120.681556,0.11,19.34,-4.52,75.97,0.92,-0.14,U2HA50
臺大內茅埔,23.689722,120.851117,-0.18,17.55,0.06,83.13,1.62,0.42,U2HA40
臺大和社,23.590856,120.888864,0.45,16.88,2.82,85.63,2.12,0.95,U2HA30
臺大溪頭,23.670306,120.798194,0.87,14.14,6.91,93.84,2.23,0.41,U2H480
種苗繁殖,24.225972,120.800917,1.14,16.78,3.47,82.03,0.56,-1.04,K2F750
苗改生物防治研究中心,24.422861,120.871833,0.02,16.68,-3.16,82.61,0.84,-1.26,K2E710
苗栗農改,24.495722,120.829111,0.79,17.38,1.54,82.13,1.8,0.28,K2E360
農試鳳山分所,22.646611,120.356083,0.8,21.36,1.16,73.42,0.1,-0.65,G2P820
農試溪口農場,23.58565,120.408111,0.77,19.83,-5.66,76.21,0.26,-1.38,G2M350
農試嘉義分所,23.485028,120.473806,1.19,19.28,-1.61,78.77,0.5,-0.61,G2L020
農業試驗所,24.031261,120.688133,1.16,19.51,-1.52,77.1,0.84,-0.23,G2F820
林試太麻里1,22.598922,120.980044,0.42,20.58,-3.93,77.23,0.58,-1.75,E2S980
林試太麻里2,22.598014,120.989761,0.4,21.66,-4.32,73.23,0.5,-1.41,E2S960
林試扇平站,22.9677,120.6857,0.01,17.98,-0.88,87.19,0.35,0.13,E2P990
林試六龜中心,22.991703,120.645722,0.29,20.38,-0.54,81.1,0.85,0.14,E2P980
四湖植物園,23.676986,120.163433,0.32,19.55,-5.97,79.33,0.2,-1.25,E2K600
林試畢祿溪站,24.226944,121.308522,-0.58,8.54,2.92,84.07,0.33,-3.27,E2HA20
蓮華池,23.918333,120.885278,1.04,17.03,2.95,90.45,1.39,-0.12,E2H360
畜試東區分所,24.669039,121.832561,-0.07,17.65,-0.97,88.03,10.9,-16.8,B2U990
畜試南區分所,21.945583,120.802167,0.85,22.9,-1.53,70.61,0.23,-1.01,B2Q810
畜試所,23.058972,120.336406,1.32,19.93,-1.15,78.35,0.81,0.14,B2N890
畜試北區分所,24.527806,120.770972,-0.07,17.55,-0.3,81.61,1.81,-0.05,B2E890
臺南蘭花園區,23.340258,120.379661,0.56,19.88,-4.78,75.03,0.32,-0.33,A2N290
臺大雲林校區,23.730628,120.423903,0.32,19.03,-4.89,75.52,0.29,-0.32,A2K630
水試臺西試驗場,23.717231,120.190522,0.59,19.78,0.17,79.55,0.24,-0.29,A2K360
農工中心,24.985917,121.239833,0.66,17.33,4.74,80.77,2.65,-0.11,A2C560
茶改東部分場,22.907694,121.130139,0.85,19.55,1.2,79.48,0.82,-0.9,82S580
茶改南部分場,23.762528,120.7405,0.35,17.55,-2.66,84.29,1.15,-0.39,82H840
茶改中部分場,23.875611,120.913583,0.46,16.72,1.53,84.52,1.97,0.45,82H320
茶改場,24.908472,121.185333,0.83,16.89,2.03,84.32,2.97,-0.31,82C160
茶改北部分場,24.955778,121.631222,1.03,15.68,2.88,89.53,6.72,-0.39,82A750
高改旗南分場,22.857861,120.516667,0.79,20.79,5.45,79.29,0.4,-0.13,72V140
花改蘭陽分場,24.686306,121.716583,0.9,18.14,1.21,85.1,5.32,-3.62,72U480
花蓮農改,23.975222,121.563889,0.78,19.4,1.25,81.9,1.71,-0.63,72T250
東改賓朗果園,22.813889,121.071278,0.84,19.1,-3.33,81.42,0.82,-1.07,72S590
東改班鳩分場,22.829528,121.077694,1.36,19.71,-0.36,78.42,0.82,-0.97,72S200
高雄農改,22.709333,120.525889,1.11,21.67,0.54,77.19,0.11,-0.56,72Q010
七股研究中心,23.081672,120.062894,0.61,19.85,-2.95,78.1,0.23,-1.06,72N240
臺南農改,23.0605,120.342194,0.57,19.66,8.3,87.16,0.87,0.42,72N100
南改鹿草分場,23.416869,120.283061,0.63,19.71,-2.02,76.61,0.21,-1.41,72M700
南改義竹分場,23.360694,120.279361,1.35,19.6,-3.48,76.0,0.27,-0.49,72M360
南改斗南分場,23.634556,120.477333,1.58,19.64,-2.59,76.47,0.5,-0.57,72K220
中改埔里分場,23.903208,120.963364,0.57,17.81,1.9,89.0,2.26,0.19,72HA00
臺中農改,24.003028,120.534389,1.36,19.54,-1.71,75.84,0.32,-0.74,72G600
桃改新埔分場,24.834444,121.066111,0.2,17.5,2.19,83.71,1.32,-0.44,72D680
桃改五峰分場,24.612194,121.157167,1.49,13.69,4.1,90.06,3.61,0.43,72D080
桃園農改,24.950944,121.030583,0.79,17.78,3.32,82.77,2.65,0.41,72C440
桃改樹林分場,24.944503,121.386972,-0.19,17.74,-2.74,80.26,3.56,-1.05,72AI40
萬大發電廠,23.978875,121.139639,-0.03,16.04,-3.99,79.9,3.65,1.71,42HA10
恆春工作站,22.079678,120.714425,0.56,23.34,-0.81,63.35,0.0,-0.19,12Q980
東港工作站,22.479997,120.466058,0.3,22.16,-3.28,64.87,0.08,-0.11,12Q970
口湖工作站,23.589978,120.180394,0.63,19.48,2.2,76.81,0.18,-1.35,12J990
