站名,緯度,經度,平均溫距平,本年度平均溫,平均溼度距平,本年度日均相對溼度,本年度日均降水量,日均降水量距平,站號
淡水,25.164889,121.448906,0.96,30.05,2.37,77.0,1.34,-2.87,466900
鞍部,25.182586,121.529731,0.07,23.49,4.8,91.0,2.45,-6.04,466910
臺北,25.037658,121.514853,0.31,30.4,2.44,72.61,3.85,-3.58,466920
竹子湖,25.162078,121.544547,0.2,25.23,2.73,85.13,2.87,-4.88,466930
基隆,25.133314,121.740475,0.63,30.18,0.19,72.03,2.87,-1.22,466940
花蓮,23.975128,121.613275,-0.05,28.7,3.45,80.32,15.81,8.76,466990
新屋,25.006744,121.047486,0.14,29.63,3.22,81.29,0.32,-1.07,467050
宜蘭,24.763975,121.756528,0.16,29.18,6.35,83.45,4.4,-0.64,467080
金門,24.407306,118.289281,0.21,28.63,3.35,87.45,5.05,1.48,467110
田中,23.873803,120.581286,-0.44,29.53,1.11,77.81,6.62,3.7,467270
澎湖,23.565503,119.563094,0.49,29.4,0.96,84.1,9.42,3.14,467350
臺南,22.993239,120.204772,0.25,29.75,-0.23,75.77,8.52,-3.37,467410
永康,23.038386,120.2367,0.64,29.7,3.81,78.26,10.0,-2.2,467420
嘉義,23.495925,120.432906,0.2,29.22,1.13,77.87,7.84,-6.12,467480
臺中,24.145736,120.684075,0.39,29.34,-0.57,74.32,6.23,-4.49,467490
阿里山,23.508208,120.813242,-0.05,14.83,0.68,91.97,13.07,-10.89,467530
大武,22.355675,120.903789,0.09,28.76,2.23,79.68,18.67,4.75,467540
玉山,23.487614,120.959522,1.19,9.25,12.4,89.55,11.73,-3.72,467550
新竹,24.827853,121.014219,0.6,30.09,0.07,73.61,2.72,-1.59,467571
恆春,22.003897,120.746339,0.36,29.18,0.68,80.58,15.14,1.55,467590
成功,23.097486,121.373428,-0.1,28.07,4.81,84.55,16.24,7.7,467610
日月潭,23.881325,120.90805,0.36,23.36,4.05,88.52,11.99,-1.99,467650
臺東,22.752211,121.154586,-0.09,29.06,1.62,77.77,14.09,5.62,467660
馬祖,26.169269,119.923419,0.43,27.97,1.63,87.29,1.83,-1.48,467990
山佳,24.974944,121.402008,0.99,30.41,0.09,74.58,7.24,0.2,C0A520
坪林,24.938183,121.70975,0.56,27.07,-6.67,80.94,5.44,-3.7,C0A530
泰平,24.971197,121.823711,0.72,26.15,-1.77,89.52,9.32,0.88,C0A550
桶後,24.848222,121.597992,0.37,26.29,-2.35,85.13,7.4,-1.67,C0A570
石碇,24.993969,121.662917,0.33,27.18,-3.09,82.97,5.92,-1.42,C0A640
大坪,25.165914,121.632969,0.24,27.04,-4.01,80.29,2.0,-2.83,C0A860
五指山,25.132153,121.608692,2.05,26.49,-2.83,87.81,1.61,-3.86,C0A870
雙溪,25.036003,121.864242,1.65,29.84,-5.51,77.32,5.97,0.68,C0A890
三和,25.233153,121.595236,-0.76,26.8,-2.01,83.35,1.15,-3.69,C0A931
金山,25.223628,121.643967,0.64,29.56,-1.06,77.03,1.29,-2.25,C0A940
鼻頭角,25.129036,121.923372,2.25,30.68,-0.06,85.16,2.02,-0.54,C0A950
三貂角,25.007606,122.002058,0.77,28.95,-0.12,84.94,0.65,-1.72,C0A970
社子,25.109508,121.469681,0.91,31.02,1.0,73.35,2.39,-2.47,C0A980
天母,25.117494,121.537169,0.64,30.43,-3.29,68.16,2.13,-3.98,C0A9C0
內湖,25.079422,121.57545,0.61,30.86,2.01,73.06,4.4,-2.14,C0A9F0
大屯山,25.175675,121.522408,0.75,22.85,-5.93,88.61,2.27,-3.96,C0AC40
三峽,24.939025,121.369728,-0.0,29.51,-1.28,73.87,8.27,0.95,C0AC60
信義,25.037822,121.564597,0.29,30.11,-3.16,69.84,3.26,-4.34,C0AC70
文山,25.00235,121.575728,0.29,29.34,-3.82,75.06,4.48,-2.84,C0AC80
新莊,25.051478,121.446756,-0.3,30.16,1.23,69.45,2.58,-2.85,C0ACA0
八里,25.150211,121.403947,0.46,30.36,5.45,77.0,1.44,-1.18,C0AD10
蘆洲,25.086594,121.472331,0.78,31.46,-2.67,66.45,3.18,-1.84,C0AD30
土城,24.973208,121.445169,0.54,29.6,0.38,77.16,11.55,3.97,C0AD40
鶯歌,24.951533,121.346294,0.63,30.14,0.65,76.74,4.63,-2.36,C0AD50
汐止,25.066881,121.658778,-0.03,29.55,-6.02,70.19,5.05,-1.49,C0AH00
永和,25.01125,121.508111,0.61,30.67,1.38,69.71,4.95,-2.97,C0AH10
五分山,25.07125,121.780794,0.7,24.45,-2.04,89.42,5.08,-2.25,C0AH30
平等,25.129142,121.577086,1.97,29.23,0.21,81.71,2.31,-4.23,C0AH40
林口,25.072181,121.38084,-0.13,28.31,-4.85,75.45,3.32,-1.12,C0AH50
松山,25.04871,121.55042,0.04,30.39,-1.6,62.32,2.76,-5.3,C0AH70
深坑,25.002703,121.628328,0.68,29.0,3.43,83.65,4.84,-1.47,C0AH80
福山植物園,24.760717,121.58135,0.32,24.23,0.3,90.84,10.73,2.58,C0AH90
五股,25.07445,121.42728,0.98,29.76,-5.75,72.97,2.1,-4.67,C0AI00
屈尺,24.92184,121.54475,0.41,29.16,-10.46,69.03,6.94,-2.85,C0AI10
白沙灣,25.283128,121.519058,0.3,29.09,1.13,76.65,1.26,-0.27,C0AI20
三重,25.057328,121.500629,0.2,30.71,-4.85,70.61,4.21,-2.35,C0AI30
石牌,25.115597,121.513139,0.14,30.99,3.73,70.39,4.19,-1.94,C0AI40
七堵,25.094819,121.71713,0.89,30.07,-5.39,73.94,3.89,-1.56,C0B010
基隆嶼,25.19141,121.78391,0.1,28.94,-4.32,83.45,0.0,-2.23,C0B020
復興,24.820208,121.352281,0.27,25.88,-0.92,81.77,8.75,-1.18,C0C460
桃園,24.992425,121.323172,0.24,30.16,1.44,68.77,0.42,-4.24,C0C480
八德,24.928708,121.283289,-0.2,29.12,0.38,72.74,8.19,2.89,C0C490
觀音,25.027072,121.153317,0.38,29.2,-0.26,75.77,0.13,-1.94,C0C590
蘆竹,25.084275,121.265767,0.57,30.07,-2.13,73.32,1.1,-1.3,C0C620
大溪,24.882853,121.265547,0.19,28.15,1.79,74.63,4.11,-1.48,C0C630
平鎮,24.897503,121.214636,0.39,28.45,0.07,75.06,3.89,-0.96,C0C650
楊梅,24.912375,121.143047,0.03,29.15,2.79,73.29,0.48,-2.75,C0C660
龍潭,24.870056,121.221389,0.27,28.47,1.17,74.35,8.18,2.26,C0C670
龜山,25.02846,121.38656,0.32,28.64,-2.78,71.87,1.73,-4.09,C0C680
中壢,24.977661,121.256375,0.04,29.38,2.29,72.0,2.77,-1.5,C0C700
大溪永福,24.892936,121.324975,-0.02,27.9,-1.59,79.0,10.13,2.84,C0C710
梅花,24.678347,121.208558,-0.18,24.96,-0.56,84.94,6.16,-5.22,C0D360
峨眉,24.6905,121.017189,0.07,28.17,-0.42,83.58,7.42,1.05,C0D430
打鐵坑,24.849664,121.150789,0.05,27.07,-0.54,82.13,2.9,-2.22,C0D480
橫山,24.71116,121.11693,0.06,27.07,-0.1,83.55,12.03,3.33,C0D540
雪霸,24.526972,121.11605,0.24,18.65,-4.53,80.71,11.03,1.29,C0D550
竹東,24.767147,121.057881,1.0,29.35,0.8,72.35,6.03,1.5,C0D560
寶山,24.735006,121.025192,0.44,27.76,0.68,83.13,6.06,0.95,C0D580
新豐,24.87068,120.97721,0.32,28.68,1.66,80.0,0.29,-2.28,C0D590
湖口,24.904794,121.043628,0.13,29.5,-2.05,71.52,0.95,-0.15,C0D650
新竹市東區,24.798681,120.986942,0.33,29.62,0.52,71.97,2.39,0.52,C0D660
竹南,24.708978,120.888897,0.25,29.35,1.49,75.74,2.27,-2.11,C0E420
南庄,24.601775,121.000214,-0.03,26.66,3.81,86.13,12.23,1.63,C0E430
明德,24.583486,120.885411,0.11,28.85,-0.43,76.71,2.15,-3.68,C0E550
通霄,24.471892,120.704622,0.4,29.35,-4.43,74.9,1.61,-2.48,C0E590
馬都安,24.451272,120.930192,0.54,24.23,2.37,89.35,8.29,-0.89,C0E610
頭份,24.688247,120.912206,0.96,30.69,2.4,72.19,2.81,-1.11,C0E730
造橋,24.637056,120.864778,0.21,29.63,-0.76,76.81,1.95,-2.09,C0E740
苗栗,24.564569,120.824575,0.41,30.25,4.2,74.58,1.39,-3.26,C0E750
銅鑼,24.489681,120.790853,-0.11,28.72,5.06,81.71,3.79,-1.53,C0E780
西湖,24.562947,120.7485,0.01,28.71,-1.67,80.77,2.15,-1.54,C0E810
獅潭,24.539133,120.920042,-0.1,27.74,-0.54,81.19,9.87,2.68,C0E820
苑裡,24.439714,120.653053,-0.19,29.49,8.26,83.13,0.95,-2.03,C0E830
大河,24.618069,120.948578,-0.32,28.17,2.48,80.58,6.97,1.8,C0E850
高鐵苗栗,24.60725,120.826094,-0.26,29.47,19.1,89.45,2.52,1.45,C0E870
石岡,24.276061,120.777644,-0.21,27.09,7.86,89.9,5.52,-2.85,C0F0B0
中坑,24.248517,120.903319,0.6,23.33,-9.33,82.9,10.29,-5.9,C0F0C0
審馬陣,24.381675,121.4203,0.58,12.26,-3.21,77.55,16.03,11.35,C0F0D0
東勢,24.246428,120.833047,0.65,27.74,-1.01,77.61,7.6,-3.89,C0F850
大坑,24.173142,120.722289,0.97,29.95,0.22,73.65,7.84,-0.13,C0F970
神岡,24.272481,120.658314,0.95,29.4,-10.44,68.97,2.94,-3.52,C0F9I0
大安,24.345061,120.588025,0.45,29.9,4.43,83.03,2.87,-2.06,C0F9K0
后里,24.310436,120.729725,0.58,29.09,-3.07,75.23,3.5,-2.97,C0F9L0
豐原,24.254322,120.720692,1.04,29.59,-4.16,70.97,3.79,-3.56,C0F9M0
大里,24.092464,120.701378,0.53,30.32,-2.24,69.61,6.45,-1.38,C0F9N0
潭子,24.213106,120.703933,1.09,30.63,-1.66,71.58,4.9,-2.52,C0F9O0
清水,24.312297,120.562242,0.29,30.14,0.18,78.68,6.13,1.81,C0F9P0
外埔,24.347817,120.705686,-0.02,28.76,-11.32,68.26,2.39,-2.44,C0F9Q0
龍井,24.184536,120.528972,0.93,30.63,-10.01,71.87,4.74,-0.21,C0F9R0
烏日,24.107058,120.624103,1.68,31.24,3.57,76.84,6.35,-0.14,C0F9S0
西屯,24.179494,120.641275,0.54,30.07,-1.8,71.39,4.11,-1.96,C0F9T0
南屯,24.137006,120.637969,0.7,30.6,-1.3,71.39,4.61,-1.94,C0F9U0
新社,24.200172,120.815806,-0.2,25.89,1.34,85.16,9.0,-3.46,C0F9V0
桃山,24.432739,121.303808,0.36,11.4,0.63,80.52,6.56,-0.48,C0F9Y0
雪山東峰,24.388792,121.268675,0.43,12.24,0.08,78.26,5.48,-1.55,C0F9Z0
芬園,24.015678,120.6213,0.14,28.5,3.67,84.68,5.03,-2.51,C0G620
員林,23.946503,120.585597,0.51,29.84,2.14,79.77,5.6,-2.94,C0G650
溪湖,23.94835,120.479122,0.61,29.83,9.38,90.55,4.44,-1.02,C0G660
溪州,23.851589,120.499093,0.36,29.12,-2.9,76.0,4.87,-1.41,C0G720
二林,23.903325,120.376081,0.33,29.27,-1.41,83.94,4.37,-0.37,C0G730
大城,23.852487,120.320935,0.48,29.32,-1.06,79.29,3.27,-2.3,C0G740
福興,24.041289,120.437669,0.09,30.25,-4.9,75.45,4.77,-1.06,C0G770
秀水,24.03405,120.503869,0.33,30.16,-0.21,78.35,3.15,-2.17,C0G780
埔鹽,24.000394,120.431683,0.68,30.12,-2.31,78.23,3.03,-1.87,C0G800
埔心,23.947633,120.525456,-0.0,29.89,17.87,93.45,6.27,0.25,C0G810
田尾,23.901669,120.509389,0.7,30.09,-0.48,81.03,4.08,-1.97,C0G820
埤頭,23.866003,120.452806,0.51,30.03,-5.21,79.35,2.52,-2.72,C0G830
社頭,23.897647,120.5862,0.47,30.38,7.45,78.77,6.66,-1.35,C0G860
二水,23.810742,120.6173,1.07,30.05,-1.39,77.32,10.89,0.34,C0G880
伸港,24.148933,120.484403,-0.69,29.03,-0.11,79.35,2.18,-2.19,C0G890
線西,24.143358,120.443536,-0.27,30.28,4.94,82.39,1.32,-1.9,C0G900
花壇,24.032076,120.549461,0.45,30.66,3.26,74.94,3.16,2.4,C0G910
埔里,23.972169,120.952425,0.41,26.83,-1.5,81.55,10.52,1.11,C0H890
草屯,23.973672,120.68085,-0.11,28.73,-1.28,74.68,5.97,-2.24,C0H960
昆陽,24.121322,121.273642,0.45,12.21,-3.7,80.61,21.47,12.68,C0H990
神木村,23.532742,120.843667,0.12,19.72,1.89,92.9,13.4,-5.01,C0H9A0
合歡山,24.143442,121.272547,0.65,11.04,2.81,84.36,11.67,0.64,C0H9C0
廬山,24.033311,121.181808,0.48,20.85,-6.55,76.65,7.5,-2.72,C0I010
信義,23.689694,120.851036,-0.04,25.32,0.43,86.42,10.13,2.3,C0I080
竹山,23.761225,120.688156,0.92,28.54,-3.29,79.97,14.18,-2.2,C0I110
水里,23.812553,120.849792,0.15,27.12,-1.71,78.97,10.76,3.33,C0I360
魚池,23.895703,120.94135,0.31,25.21,-1.69,84.06,13.35,3.71,C0I370
集集,23.828206,120.801467,0.17,27.71,-7.15,75.52,16.94,3.86,C0I380
仁愛,24.022122,121.132206,0.36,22.41,-3.77,80.39,5.85,-0.54,C0I390
名間,23.837053,120.701447,0.35,28.25,-2.17,76.77,7.19,-1.44,C0I410
國姓,24.037803,120.855072,0.77,27.9,-5.54,78.94,8.65,-0.76,C0I420
南投,23.911469,120.687331,0.25,29.3,2.14,77.65,6.26,-3.24,C0I460
梅峰,24.085272,121.173572,0.42,16.87,-1.61,86.61,9.24,-0.1,C0I480
萬大林道,23.928228,121.091411,0.65,20.48,-5.34,83.77,12.16,4.2,C0I490
小奇萊,24.131764,121.295717,0.78,12.05,-5.37,81.65,20.82,13.12,C0I530
崙背,23.75555,120.318925,0.23,29.01,-1.66,81.39,3.42,-2.43,C0K250
四湖,23.630414,120.227125,0.74,29.56,-4.86,77.58,2.56,-4.41,C0K280
宜梧,23.536281,120.169329,0.3,29.45,-1.48,79.84,5.53,-0.29,C0K291
虎尾,23.719183,120.442036,0.41,29.64,1.22,78.16,6.45,-2.51,C0K330
土庫,23.679029,120.395574,0.34,29.32,0.87,79.0,7.94,1.99,C0K390
斗六,23.720583,120.541127,0.23,29.02,-2.97,76.1,7.66,-0.04,C0K400
北港,23.573957,120.292802,0.38,29.26,-4.45,76.45,3.1,-2.16,C0K410
西螺,23.800407,120.467394,0.38,29.4,-4.2,75.55,5.29,-0.54,C0K420
褒忠,23.690938,120.303634,0.42,29.18,-0.0,80.39,2.03,-3.31,C0K430
二崙,23.772797,120.408944,0.2,29.3,-3.32,76.81,8.13,1.27,C0K440
大埤,23.646074,120.431537,0.18,29.13,-0.75,77.81,5.84,-1.08,C0K450
斗南,23.678734,120.478359,0.19,29.05,7.14,83.23,8.0,1.03,C0K460
林內,23.748675,120.609642,0.14,28.24,-1.74,79.68,7.1,-3.84,C0K470
莿桐,23.761192,120.502372,0.11,28.97,-3.72,73.45,6.85,-1.7,C0K480
元長,23.64981,120.315024,0.53,29.6,-1.8,76.23,4.16,-2.48,C0K500
水林,23.572924,120.24597,0.42,29.52,0.27,78.84,2.69,-3.36,C0K510
臺西,23.701547,120.197559,0.37,29.13,-1.14,80.48,0.02,-6.31,C0K530
蔦松,23.514319,120.229736,0.4,29.44,-2.61,79.13,4.98,-1.45,C0K550
棋山,23.68645,120.603417,0.21,28.38,-4.48,76.35,15.71,1.71,C0K560
高鐵雲林,23.737456,120.417944,-0.27,28.8,-4.13,79.26,5.66,-1.67,C0K580
東後寮,23.369908,120.248065,0.33,28.73,-1.2,82.25,9.0,0.26,C0M520
奮起湖,23.493903,120.699253,0.08,20.29,-0.63,93.06,15.45,-8.08,C0M530
中埔,23.42538,120.5229,0.1,28.21,-2.65,75.16,10.18,-3.46,C0M640
朴子,23.43463,120.23902,0.33,29.06,-1.01,80.48,7.27,-0.29,C0M650
溪口,23.604131,120.403569,0.38,29.1,-3.72,77.0,6.82,-0.11,C0M660
大林,23.600616,120.45841,0.24,29.22,-0.05,77.13,8.87,-0.5,C0M670
太保,23.455062,120.331455,0.25,29.28,-2.81,78.06,6.61,-3.15,C0M680
水上,23.419734,120.388909,0.28,28.76,-1.22,79.39,8.92,-2.31,C0M690
竹崎,23.526178,120.555508,0.06,27.66,-0.78,80.45,21.23,4.85,C0M700
東石,23.458927,120.15385,0.46,29.57,-2.16,79.23,6.42,0.02,C0M710
番路,23.464657,120.554156,0.4,27.89,3.73,81.42,15.6,0.4,C0M720
嘉義市東區,23.457673,120.460531,0.4,29.3,0.63,78.13,9.53,-2.42,C0M730
六腳,23.492871,120.290625,0.29,29.1,5.67,85.55,6.35,-0.76,C0M740
布袋,23.380878,120.167789,0.42,29.49,-2.95,78.52,6.32,-2.2,C0M750
民雄,23.551754,120.428457,0.1,29.25,4.37,83.45,6.92,-2.86,C0M760
嘉義梅山,23.585398,120.555587,0.12,28.23,-1.15,78.0,16.11,0.59,C0M770
鹿草,23.41134,120.30835,0.51,29.44,-0.36,78.71,5.87,-5.42,C0M780
新港,23.553269,120.345728,0.09,29.21,-1.04,77.55,4.11,-2.91,C0M790
茶山,23.299075,120.664767,0.1,25.43,-1.11,85.42,11.69,-4.5,C0M800
里佳,23.389125,120.716647,0.22,20.79,-3.12,86.45,17.21,0.04,C0M810
達邦,23.453994,120.749517,0.1,22.4,1.15,87.23,11.34,-1.51,C0M820
表湖,23.24186,120.64166,0.13,24.37,2.02,91.13,12.02,-4.03,C0M850
新美,23.338017,120.683169,-0.38,24.82,7.81,89.45,12.15,3.37,C0M860
北寮,23.079561,120.495008,1.23,28.89,-6.71,77.45,9.37,-7.83,C0O830
王爺宮,23.222064,120.40085,1.85,29.66,-5.65,79.48,11.61,-2.51,C0O840
大內,23.11885,120.36083,1.09,30.04,6.81,89.61,11.56,-1.16,C0O860
善化,23.112883,120.297219,0.51,29.15,-1.33,82.03,10.52,-1.8,C0O900
崎頂,22.959547,120.369317,1.32,28.9,-4.96,81.06,9.5,-4.84,C0O960
虎頭埤,23.021375,120.347878,0.08,28.26,-1.65,83.52,13.82,0.44,C0O970
新市,23.061614,120.298197,1.04,29.8,-7.23,76.48,8.4,-4.21,C0O980
媽廟,22.99175,120.293525,-0.05,28.76,4.46,87.42,9.87,-2.42,C0O990
阿禮,22.742908,120.743678,2.23,25.02,-8.28,78.32,14.39,0.04,C0R130
瑪家,22.682903,120.686639,0.09,24.37,6.55,93.71,16.42,-6.72,C0R140
三地門,22.709889,120.639944,1.08,29.24,-7.67,72.19,8.52,-11.89,C0R150
鹽埔,22.739558,120.530778,0.2,28.5,5.44,93.03,10.65,-8.03,C0R160
赤山,22.592333,120.614306,0.41,28.88,-6.11,78.52,12.18,-7.6,C0R190
潮州,22.534361,120.54,1.11,29.68,-4.42,75.19,9.65,-6.05,C0R220
來義,22.527306,120.625111,-0.26,27.66,1.65,85.29,16.61,-4.75,C0R240
琉球嶼,22.332244,120.362236,0.58,29.18,-5.4,80.32,9.34,-0.43,C0R270
牡丹,22.130036,120.792639,-0.27,27.03,4.77,91.16,20.16,13.39,C0R341
貓鼻頭,21.921774,120.7358,0.55,28.94,7.52,91.13,10.9,-0.2,C0R350
大漢山,22.405264,120.753181,0.14,18.45,-1.48,94.13,39.31,34.88,C0R440
高樹,22.826389,120.600806,0.25,28.82,-3.35,75.74,8.02,-11.62,C0R470
長治,22.693128,120.542622,1.25,29.93,-5.95,76.42,11.08,-8.31,C0R480
九如,22.7405,120.490503,1.51,30.29,0.18,83.03,11.73,-6.18,C0R490
崁頂,22.514781,120.506914,0.4,29.52,9.12,91.92,7.31,-7.64,C0R520
佳冬,22.419456,120.552375,-0.05,29.02,-2.2,78.29,7.79,-7.99,C0R540
新埤,22.467947,120.582894,1.14,29.74,-8.4,75.81,7.73,-9.1,C0R550
新園,22.5434,120.461558,0.9,29.97,-5.8,75.42,8.52,-7.19,C0R560
麟洛,22.65078,120.52719,0.66,29.56,-9.34,72.84,10.11,-8.62,C0R570
南州,22.48591,120.50274,0.62,29.42,3.38,82.48,6.82,-8.14,C0R580
里港,22.77919,120.49459,-0.12,28.37,7.09,90.92,9.58,-7.48,C0R590
舊泰武,22.588194,120.664944,0.21,24.63,-1.8,84.81,19.05,-8.34,C0R600
墾雷,21.900836,120.855269,-0.31,28.47,6.31,91.77,14.32,2.46,C0R620
東港,22.46247,120.44074,-0.1,29.16,-3.29,81.16,7.92,0.14,C0R640
竹田,22.58486,120.54344,0.2,29.2,1.81,87.06,7.42,-9.47,C0R650
枋寮,22.367722,120.590647,-0.2,29.06,2.54,81.26,7.66,1.36,C0R660
楓港,22.190131,120.692156,-0.59,28.95,-2.29,76.0,17.87,11.05,C0R670
佳樂水,21.993578,120.861633,-0.52,28.99,0.97,82.61,12.9,5.46,C0R680
墾丁,21.966756,120.810269,-0.59,26.8,4.76,93.58,17.05,8.41,C0R690
枋山,22.246844,120.661086,0.22,29.2,-2.44,77.06,12.97,5.9,C0R700
龍磐,21.931672,120.838942,-0.96,28.03,7.8,92.23,13.73,8.32,C0R710
旭海,22.205403,120.887614,-1.04,27.15,7.54,88.94,19.16,8.43,C0R720
大坪頂,22.024633,120.69355,-0.26,27.99,7.15,90.61,11.76,4.7,C0R730
獅子,22.201569,120.70525,0.11,28.9,-2.08,79.06,21.95,13.81,C0R740
四林格山,22.076989,120.802439,-0.04,24.97,1.21,97.06,13.63,5.2,C0R750
南仁湖,22.084681,120.863353,-0.58,26.17,5.67,94.39,16.56,8.24,C0R760
保力,22.071122,120.764111,0.09,27.81,0.12,87.26,15.87,4.84,C0R770
滿州,22.024403,120.839892,-0.32,28.5,2.67,85.06,12.24,4.67,C0R780
九棚,22.14195,120.889281,-0.77,28.36,6.61,85.29,13.37,1.32,C0R790
丹路,22.204481,120.750989,-0.24,28.17,0.7,82.81,25.35,13.98,C0R800
內獅,22.305064,120.642986,-0.06,29.14,9.9,87.97,12.18,4.61,C0R810
白鷺,22.454275,120.666219,0.2,25.41,-1.16,87.16,18.6,15.63,C0R820
高士,22.121825,120.836781,-0.59,25.88,9.33,96.94,18.53,9.09,C0R830
牡丹池山,22.168389,120.841225,-0.23,25.42,4.79,93.93,19.5,8.64,C0R840
下馬,23.150427,121.070312,-0.27,24.43,2.9,80.26,26.56,24.38,C0S660
太麻里,22.60902,120.98533,0.25,25.53,8.3,88.39,18.03,10.08,C0S690
知本,22.684866,121.005642,0.26,25.8,4.89,87.74,24.18,13.42,C0S700
鹿野,22.917711,121.122994,0.84,26.81,3.37,84.13,25.19,17.46,C0S710
綠島,22.6672,121.47533,0.46,28.28,7.73,92.9,11.76,3.22,C0S730
池上,23.119628,121.209469,0.24,27.31,2.03,81.23,24.34,16.34,C0S740
向陽,23.248397,120.986133,0.52,16.09,3.46,85.94,30.68,15.41,C0S750
紅石,23.069131,121.126219,0.43,19.55,2.08,91.84,0.58,-7.22,C0S760
大溪山,22.478475,120.943325,0.24,25.89,7.23,85.87,20.34,7.25,C0S770
東河,22.972672,121.303986,-0.72,28.12,4.48,87.29,16.55,8.47,C0S810
長濱,23.286817,121.411975,0.77,28.38,3.23,83.19,11.27,4.8,C0S830
南田,22.279725,120.889208,0.28,28.59,7.97,88.55,21.05,4.71,C0S840
關山,23.0395,121.175017,-0.08,27.7,4.42,83.35,22.06,14.5,C0S890
蘭嶼高中,22.04909,121.51214,-0.39,29.02,10.27,90.1,10.32,0.94,C0S900
蘭嶼燈塔,22.081197,121.503117,-0.17,27.52,6.12,90.97,8.34,-1.14,C0S910
金峰嘉蘭,22.594789,120.960825,-0.97,27.87,6.74,81.39,28.55,23.15,C0S920
延平,22.902581,121.084058,-0.54,27.43,3.19,79.06,27.03,22.52,C0S930
石寧山,23.223772,121.406639,-0.5,28.38,5.58,85.61,12.9,11.0,C0S940
七塊厝,22.954453,121.229922,-0.48,26.17,1.81,86.52,26.29,17.92,C0S950
香蘭,22.587569,120.993375,-0.83,28.76,7.47,80.9,20.68,16.23,C0S960
加津林,22.416211,120.926942,-0.86,28.35,7.53,81.61,20.4,15.44,C0S970
勝林山,22.430439,120.8938,-1.38,23.09,5.33,88.74,30.18,23.95,C0S980
歷坵,22.520969,120.89185,-0.83,25.56,4.83,86.35,32.16,26.39,C0SA00
檳榔四格山,22.810031,121.109308,-0.66,26.15,3.77,86.87,19.52,15.94,C0SA10
金崙山,22.567419,120.959667,-0.51,23.89,12.06,94.68,24.69,18.75,C0SA20
都歷,23.020333,121.323642,-0.04,28.45,2.47,81.26,16.9,11.57,C0SA30
瑞和,22.974361,121.156697,-0.6,27.68,4.71,83.1,21.48,18.37,C0SA40
知本（水試所）,22.702394,121.082761,-0.98,28.65,6.22,82.9,13.47,9.75,C0SA60
土坂,22.453108,120.887572,-0.95,27.73,8.13,81.35,28.65,26.25,C0SA80
達仁林場,22.264347,120.823972,-0.58,25.59,7.74,90.74,27.94,18.56,C0SA90
大禹嶺,24.186117,121.316086,0.1,13.97,-1.51,82.13,12.08,4.41,C0T790
天祥,24.179597,121.495639,0.86,25.75,5.13,83.19,20.74,11.68,C0T820
鯉魚潭,23.935639,121.508944,-0.68,26.19,2.51,86.81,25.71,17.84,C0T870
西林,23.8119,121.441458,0.03,27.66,5.78,79.97,20.37,13.39,C0T900
光復,23.660694,121.424964,0.41,28.19,-0.64,81.61,19.27,10.91,C0T960
月眉山,23.809928,121.539828,0.27,25.56,1.94,90.61,17.26,9.82,C0T9A0
水源,23.991861,121.537169,0.25,25.14,2.11,87.23,24.79,15.31,C0T9B0
和中,24.26676,121.74103,-0.66,27.7,-4.15,83.61,13.18,5.41,C0T9D0
大坑,23.880628,121.581981,0.12,26.09,6.14,89.9,15.08,8.81,C0T9E0
水璉,23.797131,121.542514,-0.0,27.44,5.38,86.81,15.66,8.5,C0T9F0
鳳林山,23.735269,121.420131,-0.63,25.32,-1.72,86.19,20.29,12.83,C0T9G0
加路蘭山,23.682947,121.5274,0.55,25.43,1.5,86.61,13.34,7.73,C0T9H0
豐濱,23.583897,121.514806,0.13,27.15,5.44,88.03,14.35,7.37,C0T9I0
靜浦,23.455167,121.495028,0.19,27.92,4.55,87.52,12.42,6.45,C0T9M0
富里,23.171639,121.249378,-0.58,27.35,3.96,82.84,33.42,29.68,C0T9N0
雙連埤,24.753033,121.641303,-0.03,24.92,4.46,97.13,8.48,1.21,C0U520
礁溪,24.817539,121.765608,-0.01,28.69,-3.61,79.68,4.65,-0.94,C0U600
玉蘭,24.675286,121.587061,0.27,26.58,8.0,88.13,7.79,0.63,C0U650
南山,24.43742,121.38167,0.14,22.69,-3.58,83.16,8.47,5.95,C0U720
龜山島,24.841667,121.953133,-0.85,25.45,2.51,95.81,0.73,-0.27,C0U750
東澳,24.52196,121.83318,-0.24,28.54,0.19,84.32,9.5,1.2,C0U760
南澳,24.44935,121.81022,-0.87,27.77,-1.96,82.52,9.65,3.46,C0U770
五結,24.68637,121.79794,-0.45,28.93,0.22,76.94,6.13,3.0,C0U780
頭城,24.85323,121.8308,-0.06,29.2,-5.02,82.26,3.15,-0.27,C0U860
大礁溪,24.791042,121.675047,-0.02,25.81,5.89,89.68,7.06,-0.97,C0U870
三星,24.66812,121.65302,0.11,28.43,-3.42,80.74,6.08,2.84,C0U890
內城,24.71813,121.68766,0.59,28.97,-3.29,77.61,4.69,1.76,C0U900
冬山,24.63373,121.7937,0.27,29.43,15.43,89.19,5.06,3.72,C0U910
羅東,24.68184,121.74934,0.62,29.74,1.52,75.9,4.52,3.24,C0U940
鶯子嶺,24.89754,121.79244,0.43,22.73,1.09,95.48,5.77,-5.94,C0U950
翠峰湖,24.510856,121.608044,0.69,18.21,2.83,94.1,19.47,10.6,C0U960
大福,24.80064,121.81389,-0.25,28.68,-0.74,78.71,3.53,0.69,C0U970
坪林石牌,24.86478,121.77396,0.26,24.98,0.1,93.23,4.9,-4.32,C0U980
員山,24.74435,121.72247,0.25,29.13,1.42,79.32,3.87,1.3,C0U990
土場,24.576533,121.495333,0.07,27.02,-4.58,81.81,6.4,1.2,C0UA00
鴛鴦湖,24.590269,121.412228,0.11,18.84,2.22,94.16,10.42,0.44,C0UA10
多加屯,24.368614,121.373189,0.54,14.22,-3.36,83.81,9.24,6.35,C0UA20
白嶺,24.527819,121.519031,0.28,21.42,-4.53,88.74,12.96,8.45,C0UA30
西德山,24.560647,121.752608,0.42,22.74,-2.48,88.06,15.65,8.35,C0UA40
西帽山,24.555361,121.802628,0.3,24.38,-1.91,87.9,12.77,7.01,C0UA50
樟樹山,24.41393,121.78325,-0.02,25.49,10.19,96.23,10.18,7.58,C0UA60
桃源谷,24.962606,121.888875,-0.26,25.02,-1.12,93.77,4.95,-0.51,C0UA70
復興,23.222403,120.806089,0.07,24.4,-3.59,77.61,8.53,-3.83,C0V210
溪埔,22.738578,120.446797,0.88,29.37,-0.8,80.58,11.61,-3.7,C0V350
內門,22.975481,120.466769,0.2,27.89,1.22,87.94,13.47,-3.65,C0V360
阿公店,22.804194,120.355528,0.25,28.66,-4.39,78.32,10.37,-1.83,C0V400
鳳山,22.646653,120.356122,-0.32,28.84,2.14,82.65,9.06,-4.44,C0V440
鳳森,22.545064,120.392592,0.26,28.9,-4.95,79.32,10.45,-3.19,C0V450
新興,22.627422,120.298803,0.69,30.15,-6.38,72.55,9.69,-0.72,C0V490
阿蓮,22.883208,120.327508,1.22,30.3,-12.12,70.94,11.9,-1.24,C0V530
梓官,22.760558,120.267211,1.05,30.47,3.54,81.74,8.23,-1.34,C0V610
永安,22.82315,120.236856,0.57,29.78,0.88,84.55,9.26,-1.42,C0V620
茄萣,22.906642,120.182608,0.08,29.55,2.02,79.42,8.31,-2.35,C0V630
湖內,22.887139,120.2445,-0.2,28.93,1.92,86.29,10.85,-0.55,C0V640
彌陀,22.783806,120.246361,0.58,29.8,-1.48,82.39,8.08,-1.12,C0V650
岡山,22.797078,120.294958,0.57,30.15,-5.24,74.42,10.56,-1.21,C0V660
仁武,22.701083,120.347722,0.58,30.01,3.62,81.0,9.19,-3.93,C0V680
鼓山,22.623325,120.275575,-0.43,29.11,1.41,79.94,8.45,0.2,C0V690
三民,22.645017,120.311233,-0.02,29.9,2.08,74.84,8.34,-2.89,C0V700
苓雅,22.622742,120.330669,0.67,30.31,3.48,77.0,8.48,-3.57,C0V710
林園,22.507747,120.394511,-0.13,29.7,-0.47,76.23,8.68,-2.2,C0V720
大寮,22.605614,120.395717,0.02,29.43,1.85,80.52,10.18,-3.5,C0V730
旗山,22.888614,120.483597,1.42,29.87,-3.89,77.19,8.18,-8.76,C0V740
路竹,22.854997,120.259439,0.67,30.09,-4.14,75.26,9.9,-1.38,C0V750
橋頭,22.757806,120.30575,0.91,30.49,0.07,78.84,9.71,-2.17,C0V760
大社,22.730306,120.346639,0.22,29.61,-4.18,74.03,8.98,-5.54,C0V770
萬山,22.905944,120.688056,1.1,27.02,-4.12,79.77,9.13,-8.18,C0V790
六龜,22.997889,120.633583,0.44,27.76,1.36,81.58,10.65,-10.19,C0V800
左營,22.67491,120.28491,0.91,30.28,-0.16,79.71,8.05,-2.5,C0V810
小林,23.148408,120.63325,0.13,26.18,1.18,84.1,13.87,4.66,C0V820
東莒,25.9652,119.98069,0.87,28.03,-1.76,86.16,3.08,-0.38,C0W110
西嶼,23.5626,119.468436,0.8,28.19,-4.47,87.42,9.21,5.01,C0W120
花嶼,23.40007,119.32276,0.15,27.98,-1.48,87.13,0.52,-2.24,C0W130
金沙,24.488292,118.408778,0.1,28.8,-0.3,82.42,5.85,4.82,C0W140
金寧,24.457703,118.328989,0.48,29.95,-6.05,77.61,0.63,-0.6,C0W150
東河,23.296598,120.385608,0.13,28.78,-4.11,77.81,8.35,-3.76,C0X050
下營,23.22695,120.256261,0.56,29.14,-3.54,79.58,11.95,1.38,C0X060
佳里,23.173039,120.145086,0.27,29.38,3.82,87.45,8.03,-1.44,C0X080
臺南市北區,23.010394,120.194228,0.21,30.07,1.85,76.26,9.63,-0.94,C0X100
臺南市南區,22.961189,120.188378,0.32,29.94,-4.9,75.35,8.77,-1.86,C0X110
麻豆,23.183289,120.248611,0.89,30.2,0.15,79.71,6.52,-3.74,C0X120
官田,23.193217,120.315422,0.34,29.53,-2.51,77.77,11.18,0.48,C0X130
安定,23.102614,120.227839,0.63,29.89,-0.89,79.61,6.05,-4.2,C0X150
仁德,22.968258,120.257689,0.29,29.53,-3.27,76.35,12.56,0.1,C0X160
關廟,22.963017,120.327797,-0.22,29.08,9.18,86.06,11.65,-2.28,C0X170
山上,23.0757,120.363253,1.05,29.46,-3.35,78.84,13.52,0.36,C0X180
安平,22.993161,120.152181,-0.09,29.53,-0.42,79.42,8.81,-1.28,C0X190
左鎮,23.056758,120.408522,1.08,29.01,-7.62,77.65,15.26,0.75,C0X200
白河,23.347466,120.414427,0.44,28.96,-2.63,77.55,9.58,-2.07,C0X210
學甲,23.230367,120.182187,0.18,28.84,-2.72,76.94,7.74,-1.48,C0X220
鹽水,23.272621,120.247641,0.22,28.75,-2.79,80.32,7.9,-2.05,C0X230
關子嶺,23.331169,120.508025,0.19,26.37,-1.08,83.35,21.79,2.68,C0X240
新營,23.310689,120.316681,0.26,29.36,-2.52,76.23,10.9,-1.21,C0X250
後壁,23.366358,120.362326,0.24,28.97,-2.11,79.03,7.37,-4.31,C0X260
將軍,23.214999,120.13577,0.27,29.06,-0.03,80.97,7.52,-2.34,C0X280
北門,23.267772,120.125481,0.29,29.43,-2.01,79.35,6.42,-3.71,C0X290
鹿寮,23.386047,120.477331,0.23,28.06,-1.29,83.65,17.76,2.86,C0X300
柳營,23.253328,120.375253,-0.39,28.87,3.45,79.55,10.95,7.32,C0X320
明里,23.208717,121.262342,0.18,27.64,-0.46,80.48,25.74,18.41,C0Z020
佳心,23.34567,121.21316,0.45,23.91,5.14,86.52,27.81,20.1,C0Z050
玉里,23.3215,121.339656,0.18,27.91,-4.03,77.03,18.45,9.44,C0Z061
舞鶴,23.46811,121.37407,0.59,27.43,-0.28,84.32,15.98,10.17,C0Z070
富源,23.587642,121.378225,0.2,27.25,-1.73,82.71,19.89,12.81,C0Z080
東華,23.89525,121.549833,-0.04,28.43,4.3,84.45,18.71,13.13,C0Z100
吉安光華,23.930925,121.595153,-0.0,28.0,3.07,86.03,20.15,17.19,C0Z150
鳳林,23.746114,121.453411,0.24,28.15,13.64,91.32,16.39,12.7,C0Z160
卓溪,23.3443,121.3029,-0.18,28.01,0.44,77.23,21.79,17.08,C0Z170
新城,24.03946,121.60454,0.18,28.52,17.17,95.97,12.58,10.59,C0Z180
富世,24.14743,121.6297,-0.31,28.17,-6.0,77.42,19.1,15.45,C0Z190
萬榮,23.709219,121.420106,0.12,27.69,3.51,83.94,20.35,15.49,C0Z200
瑞穗,23.5239,121.39021,0.38,28.05,0.52,80.87,19.42,16.0,C0Z210
和平林道,24.343922,121.656317,0.07,25.41,-2.03,85.03,19.11,16.32,C0Z220
和平,24.30717,121.77007,0.06,28.8,2.08,78.0,7.58,5.38,C0Z230
瑞穗林道,23.49284,121.30688,-0.41,21.98,0.1,90.68,24.32,18.08,C0Z250
蕃薯寮,23.73835,121.540108,0.11,26.32,1.09,88.27,14.13,10.16,C0Z270
德武,23.47426,121.41071,0.22,27.59,3.42,85.14,16.97,14.15,C0Z280
赤柯山,23.36893,121.38293,0.05,23.38,5.96,91.52,23.29,18.91,C0Z290
東里,23.26853,121.30547,0.19,28.08,-3.19,78.65,18.84,15.22,C0Z300
清水斷崖,24.218294,121.689142,0.12,28.1,-2.44,82.42,13.95,6.65,C0Z310
清水林道,23.27125,121.188272,0.27,25.1,-2.26,79.77,29.87,25.0,C0Z320
安通山,23.290728,121.348528,-0.17,26.05,3.33,84.32,19.73,15.97,C0Z330
口湖工作站,23.589978,120.180394,0.25,29.05,2.63,78.16,4.55,0.79,12J990
東港工作站,22.479997,120.466058,0.37,29.45,-3.61,68.03,6.29,-4.31,12Q970
恆春工作站,22.079678,120.714425,0.22,29.22,-1.45,74.61,7.53,-3.58,12Q980
萬大發電廠,23.978875,121.139639,0.26,22.97,0.17,89.23,6.15,0.61,42HA10
桃改樹林分場,24.944503,121.386972,-0.57,28.72,1.26,76.26,7.79,2.56,72AI40
桃園農改場,24.950944,121.030583,0.71,29.5,-2.77,76.06,0.47,-2.42,72C440
桃改五峰分場,24.612194,121.157167,0.74,23.16,-1.09,86.45,10.4,-0.97,72D080
臺中農改場,24.003028,120.534389,0.64,29.64,-2.38,77.81,2.53,-5.29,72G600
中改埔里分場,23.903208,120.963364,-0.01,24.53,-1.17,87.52,13.92,6.3,72HA00
南改斗南分場,23.634556,120.477333,0.39,29.04,-1.66,79.55,6.76,-5.73,72K220
南改義竹分場,23.360694,120.279361,0.18,28.97,-6.18,78.74,8.77,-1.26,72M360
南改鹿草分場,23.416869,120.283061,0.23,29.24,0.17,80.06,5.92,0.33,72M700
臺南農改場,23.0605,120.342194,0.05,28.73,0.03,82.17,11.63,-0.6,72N100
七股研究中心,23.081672,120.062894,0.3,29.47,-2.42,79.74,8.87,-3.26,72N240
高雄農改場,22.709333,120.525889,0.49,29.14,-3.59,78.42,9.68,-8.0,72Q010
東改班鳩分場,22.829528,121.077694,0.31,27.36,1.47,82.13,24.92,15.83,72S200
東改賓朗果園,22.813889,121.071278,-0.33,26.29,-0.88,86.97,26.76,18.47,72S590
花蓮農改場,23.975222,121.563889,0.28,28.36,-0.36,79.1,19.16,11.97,72T250
花改蘭陽分場,24.686306,121.716583,0.61,29.27,-3.82,75.81,4.84,0.02,72U480
高改旗南分場,22.857861,120.516667,-0.64,28.5,4.07,80.74,6.56,-9.09,72V140
茶改北部分場,24.955778,121.631222,0.52,26.85,0.1,81.9,7.53,-0.1,82A750
茶改場,24.908472,121.185333,0.41,28.51,-2.74,76.65,2.68,-2.59,82C160
茶改中部分場,23.875611,120.913583,-0.7,23.27,-1.5,86.06,13.79,0.27,82H320
茶改南部分場,23.762528,120.7405,-0.23,25.9,-4.01,85.26,18.5,1.71,82H840
茶改東部分場,22.907694,121.130139,-0.13,27.69,0.79,81.74,9.85,1.42,82S580
農工中心,24.985917,121.239833,-0.1,29.16,0.85,70.94,2.03,-1.82,A2C560
水試臺西試驗場,23.717231,120.190522,0.35,29.5,-9.51,76.65,3.74,-2.07,A2K360
臺大雲林校區,23.730628,120.423903,-0.61,28.6,-1.16,76.68,4.73,0.97,A2K630
臺南蘭花園區,23.340258,120.379661,-0.16,28.54,-0.56,80.5,8.08,1.21,A2N290
畜試北區分所,24.527806,120.770972,-0.21,28.31,0.28,79.9,2.15,0.91,B2E890
畜產試驗所,23.058972,120.336406,0.45,28.69,-4.39,79.94,10.5,-3.42,B2N890
畜試南區分所,21.945583,120.802167,0.24,28.74,-2.95,80.9,14.08,2.56,B2Q810
畜試東區分所,24.669039,121.832561,-0.33,28.54,0.19,79.58,5.26,4.69,B2U990
蓮華池,23.918333,120.885278,-1.33,24.51,8.51,88.97,6.27,-9.15,E2H360
林試畢祿溪站,24.226944,121.308522,-0.55,15.81,3.18,85.57,15.15,13.17,E2HA20
四湖植物園,23.676986,120.163433,0.72,29.6,-4.73,79.93,2.45,-3.24,E2K600
林試六龜中心,22.991703,120.645722,-0.1,26.8,2.71,83.97,8.98,2.66,E2P980
林試扇平站,22.9677,120.6857,-0.3,24.2,4.65,92.07,6.87,-0.26,E2P990
林試太麻里2,22.598,120.99775,-1.4,28.18,6.06,80.13,20.55,16.66,E2S960
林試太麻里1,22.598922,120.980044,-1.38,27.63,6.68,81.06,22.84,18.34,E2S980
農試所(霧峰),24.031261,120.688133,0.26,29.0,-2.93,77.55,5.74,-4.18,G2F820
農試嘉義分所,23.485028,120.473806,0.06,28.21,-1.3,80.13,9.37,-2.88,G2L020
農試溪口農場,23.58565,120.408111,0.08,29.52,-3.37,77.38,3.9,-1.84,G2M350
農試鳳山分所,22.646611,120.356083,-0.08,29.01,5.43,83.0,8.85,-4.58,G2P820
苗栗農改場,24.495722,120.829111,0.19,28.8,3.91,82.84,2.85,-3.65,K2E360
苗改生物防治研究中心,24.422861,120.871833,-0.15,26.85,0.41,81.19,4.27,0.29,K2E710
種苗改良場,24.225972,120.800917,0.08,26.32,-1.08,80.87,6.24,-6.36,K2F750
溪頭,23.670306,120.798194,0.49,21.33,0.16,90.71,13.4,0.16,U2H480
臺大和社,23.590856,120.888864,-0.22,23.23,4.5,90.61,9.48,3.03,U2HA30
臺大內茅埔,23.689722,120.851117,-0.3,25.08,4.6,89.19,9.76,4.44,U2HA40
臺大竹山,23.756972,120.681556,0.21,28.11,7.37,88.68,15.4,5.91,U2HA50
三芝,25.258131,121.501917,0.38,29.89,-1.05,74.71,1.85,-0.75,C0AD00
大湖,24.41494,120.87087,0.79,27.56,-5.35,79.94,4.61,-4.73,C0E520
三義,24.40548,120.74982,-0.09,26.61,-8.39,83.74,4.53,2.77,C0E880
大甲,24.347667,120.640403,0.33,29.33,-7.93,75.55,1.4,-4.74,C0F930
中竹林,24.103556,120.751061,-0.49,25.98,-0.95,82.29,10.42,-0.92,C0F9A0
鹿港,24.0753,120.430481,0.31,29.47,7.41,89.16,1.94,-4.73,C0G640
北斗,23.877586,120.514222,-0.32,29.13,-0.5,80.1,4.29,-1.88,C0G840
芳苑,23.922303,120.320025,-0.17,28.95,-6.0,80.19,5.9,1.0,C0G870
中寮,23.884447,120.766406,0.14,27.46,-1.06,84.19,14.4,1.01,C0H950
鳳凰,23.728081,120.787347,0.57,23.61,2.36,91.55,14.81,-1.93,C0I090
草嶺,23.59555,120.693461,0.22,22.23,-3.82,88.48,14.69,-2.11,C0K240
馬頭山,23.324361,120.582017,0.13,26.31,1.36,87.94,11.26,-8.78,C0M410
曾文,23.219681,120.497328,0.32,27.84,-1.84,84.42,10.55,-9.58,C0O810
玉井,23.126042,120.46055,0.53,28.11,-4.91,79.45,10.52,-6.42,C0O930
安南,23.076694,120.144861,-0.24,29.22,9.7,91.06,11.48,1.35,C0O950
甲仙,23.080106,120.591758,0.31,26.61,-5.01,81.94,12.1,-9.22,C0V250
月眉,22.971003,120.539853,-0.11,28.13,-2.03,77.52,8.79,-10.91,C0V260
七股,23.147289,120.086253,0.28,29.36,-0.67,81.29,9.81,-1.32,C0X310
臺大竹山,23.756972,120.681556,0.21,28.11,7.37,88.68,15.4,5.91,U2HA50
臺大內茅埔,23.689722,120.851117,-0.3,25.08,4.6,89.19,9.76,4.44,U2HA40
臺大和社,23.590856,120.888864,-0.22,23.23,4.5,90.61,9.48,3.03,U2HA30
臺大溪頭,23.670306,120.798194,0.49,21.33,0.16,90.71,13.4,0.16,U2H480
種苗繁殖,24.225972,120.800917,0.08,26.32,-1.08,80.87,6.24,-6.36,K2F750
苗改生物防治研究中心,24.422861,120.871833,-0.15,26.85,0.41,81.19,4.27,0.29,K2E710
苗栗農改,24.495722,120.829111,0.19,28.8,3.91,82.84,2.85,-3.65,K2E360
農試鳳山分所,22.646611,120.356083,-0.08,29.01,5.43,83.0,8.85,-4.58,G2P820
農試溪口農場,23.58565,120.408111,0.08,29.52,-3.37,77.38,3.9,-1.84,G2M350
農試嘉義分所,23.485028,120.473806,0.06,28.21,-1.3,80.13,9.37,-2.88,G2L020
農業試驗所,24.031261,120.688133,0.26,29.0,-2.93,77.55,5.74,-4.18,G2F820
林試太麻里1,22.598922,120.980044,-1.38,27.63,6.68,81.06,22.84,18.34,E2S980
林試太麻里2,22.598014,120.989761,-1.4,28.18,6.06,80.13,20.55,16.66,E2S960
林試扇平站,22.9677,120.6857,-0.3,24.2,4.65,92.07,6.87,-0.26,E2P990
林試六龜中心,22.991703,120.645722,-0.1,26.8,2.71,83.97,8.98,2.66,E2P980
四湖植物園,23.676986,120.163433,0.72,29.6,-4.73,79.93,2.45,-3.24,E2K600
林試畢祿溪站,24.226944,121.308522,-0.55,15.81,3.18,85.57,15.15,13.17,E2HA20
蓮華池,23.918333,120.885278,-1.33,24.51,8.51,88.97,6.27,-9.15,E2H360
畜試東區分所,24.669039,121.832561,-0.33,28.54,0.19,79.58,5.26,4.69,B2U990
畜試南區分所,21.945583,120.802167,0.24,28.74,-2.95,80.9,14.08,2.56,B2Q810
畜試所,23.058972,120.336406,0.45,28.69,-4.39,79.94,10.5,-3.42,B2N890
畜試北區分所,24.527806,120.770972,-0.21,28.31,0.28,79.9,2.15,0.91,B2E890
臺南蘭花園區,23.340258,120.379661,-0.16,28.54,-0.56,80.5,8.08,1.21,A2N290
臺大雲林校區,23.730628,120.423903,-0.61,28.6,-1.16,76.68,4.73,0.97,A2K630
水試臺西試驗場,23.717231,120.190522,0.35,29.5,-9.51,76.65,3.74,-2.07,A2K360
農工中心,24.985917,121.239833,-0.1,29.16,0.85,70.94,2.03,-1.82,A2C560
茶改東部分場,22.907694,121.130139,-0.13,27.69,0.79,81.74,9.85,1.42,82S580
茶改南部分場,23.762528,120.7405,-0.23,25.9,-4.01,85.26,18.5,1.71,82H840
茶改中部分場,23.875611,120.913583,-0.7,23.27,-1.5,86.06,13.79,0.27,82H320
茶改場,24.908472,121.185333,0.41,28.51,-2.74,76.65,2.68,-2.59,82C160
茶改北部分場,24.955778,121.631222,0.52,26.85,0.1,81.9,7.53,-0.1,82A750
高改旗南分場,22.857861,120.516667,-0.64,28.5,4.07,80.74,6.56,-9.09,72V140
花改蘭陽分場,24.686306,121.716583,0.61,29.27,-3.82,75.81,4.84,0.02,72U480
花蓮農改,23.975222,121.563889,0.28,28.36,-0.36,79.1,19.16,11.97,72T250
東改賓朗果園,22.813889,121.071278,-0.33,26.29,-0.88,86.97,26.76,18.47,72S590
東改班鳩分場,22.829528,121.077694,0.31,27.36,1.47,82.13,24.92,15.83,72S200
高雄農改,22.709333,120.525889,0.49,29.14,-3.59,78.42,9.68,-8.0,72Q010
七股研究中心,23.081672,120.062894,0.3,29.47,-2.42,79.74,8.87,-3.26,72N240
臺南農改,23.0605,120.342194,0.05,28.73,0.03,82.17,11.63,-0.6,72N100
南改鹿草分場,23.416869,120.283061,0.23,29.24,0.17,80.06,5.92,0.33,72M700
南改義竹分場,23.360694,120.279361,0.18,28.97,-6.18,78.74,8.77,-1.26,72M360
南改斗南分場,23.634556,120.477333,0.39,29.04,-1.66,79.55,6.76,-5.73,72K220
中改埔里分場,23.903208,120.963364,-0.01,24.53,-1.17,87.52,13.92,6.3,72HA00
臺中農改,24.003028,120.534389,0.64,29.64,-2.38,77.81,2.53,-5.29,72G600
桃改五峰分場,24.612194,121.157167,0.74,23.16,-1.09,86.45,10.4,-0.97,72D080
桃園農改,24.950944,121.030583,0.71,29.5,-2.77,76.06,0.47,-2.42,72C440
桃改樹林分場,24.944503,121.386972,-0.57,28.72,1.26,76.26,7.79,2.56,72AI40
萬大發電廠,23.978875,121.139639,0.26,22.97,0.17,89.23,6.15,0.61,42HA10
恆春工作站,22.079678,120.714425,0.22,29.22,-1.45,74.61,7.53,-3.58,12Q980
東港工作站,22.479997,120.466058,0.37,29.45,-3.61,68.03,6.29,-4.31,12Q970
口湖工作站,23.589978,120.180394,0.25,29.05,2.63,78.16,4.55,0.79,12J990
