站名,緯度,經度,平均溫距平,本年度平均溫,平均溼度距平,本年度日均相對溼度,本年度日均降水量,日均降水量距平,站號
淡水,25.164889,121.448906,0.69,28.07,6.39,86.32,3.68,-5.31,466900
鞍部,25.182586,121.529731,0.22,22.39,5.25,93.16,5.97,-6.18,466910
臺北,25.037658,121.514853,0.47,28.78,3.79,78.9,18.42,6.81,466920
竹子湖,25.162078,121.544547,0.41,24.11,5.79,91.06,5.95,-4.92,466930
基隆,25.133314,121.740475,0.68,28.24,2.71,80.06,4.41,-5.71,466940
花蓮,23.975128,121.613275,0.08,27.59,4.01,84.39,15.57,9.94,466990
新屋,25.006744,121.047486,-0.1,27.98,4.61,87.81,2.68,-6.52,467050
宜蘭,24.763975,121.756528,0.17,27.53,6.67,87.87,4.11,-3.02,467080
金門,24.407306,118.289281,1.24,27.79,3.3,90.35,4.2,-0.8,467110
田中,23.873803,120.581286,-0.8,28.67,3.46,82.77,3.36,1.92,467270
澎湖,23.565503,119.563094,0.65,28.53,0.97,86.1,3.39,-1.92,467350
臺南,22.993239,120.204772,0.5,29.43,-0.13,76.61,5.8,-7.36,467410
永康,23.038386,120.2367,0.88,29.55,6.22,80.48,4.62,-8.34,467420
嘉義,23.495925,120.432906,0.28,28.7,9.43,86.23,7.49,-3.55,467480
臺中,24.145736,120.684075,0.48,28.63,1.89,77.58,5.62,-5.97,467490
阿里山,23.508208,120.813242,-0.06,14.41,3.43,93.55,9.68,-13.65,467530
大武,22.355675,120.903789,-0.44,27.88,6.95,84.0,11.92,-0.59,467540
玉山,23.487614,120.959522,2.12,9.6,10.41,90.9,7.13,-8.9,467550
新竹,24.827853,121.014219,0.67,28.74,2.79,79.26,1.97,-6.37,467571
恆春,22.003897,120.746339,0.02,28.61,2.88,82.81,9.4,-1.22,467590
成功,23.097486,121.373428,-0.07,27.29,6.41,88.39,9.23,3.2,467610
日月潭,23.881325,120.90805,0.31,22.65,7.34,92.55,13.35,-2.48,467650
臺東,22.752211,121.154586,-0.17,28.18,4.01,81.52,6.47,-0.83,467660
馬祖,26.169269,119.923419,1.28,26.27,2.34,89.87,5.72,-0.32,467990
山佳,24.974944,121.402008,1.37,29.16,-1.38,79.0,10.98,0.18,C0A520
坪林,24.938183,121.70975,0.65,25.58,-3.05,88.71,9.95,-1.03,C0A530
泰平,24.971197,121.823711,0.78,24.79,-0.3,93.84,10.29,-1.29,C0A550
桶後,24.848222,121.597992,0.26,24.69,-0.38,91.83,24.03,11.71,C0A570
石碇,24.993969,121.662917,0.11,25.59,-2.12,88.94,10.84,-3.54,C0A640
大坪,25.165914,121.632969,0.42,25.56,-2.69,85.29,8.23,-3.72,C0A860
五指山,25.132153,121.608692,2.09,25.07,-3.21,89.87,11.56,1.14,C0A870
雙溪,25.036003,121.864242,2.04,28.37,-4.62,83.54,5.48,-4.69,C0A890
三和,25.233153,121.595236,-1.23,24.98,3.31,93.65,5.81,-9.02,C0A931
金山,25.223628,121.643967,0.47,27.33,0.78,85.52,6.18,-3.95,C0A940
鼻頭角,25.129036,121.923372,2.39,29.16,-1.07,88.0,1.47,-4.86,C0A950
三貂角,25.007606,122.002058,0.54,26.98,1.34,88.74,3.42,-2.85,C0A970
社子,25.109508,121.469681,1.08,29.31,1.06,79.65,7.42,-1.19,C0A980
天母,25.117494,121.537169,0.64,28.74,-2.03,74.71,11.65,2.47,C0A9C0
內湖,25.079422,121.57545,0.69,29.0,5.4,83.07,15.47,5.33,C0A9F0
大屯山,25.175675,121.522408,0.79,21.81,-6.13,89.16,5.31,-5.9,C0AC40
三峽,24.939025,121.369728,0.18,28.25,-1.34,79.52,10.27,-1.86,C0AC60
信義,25.037822,121.564597,0.11,28.27,-3.08,76.58,13.47,1.31,C0AC70
文山,25.00235,121.575728,0.04,27.56,-1.89,82.55,11.82,-1.5,C0AC80
新莊,25.051478,121.446756,-0.38,28.5,1.47,75.42,7.47,-3.14,C0ACA0
八里,25.150211,121.403947,0.34,28.56,6.09,84.0,2.74,-4.88,C0AD10
蘆洲,25.086594,121.472331,0.81,29.87,-3.78,71.35,6.9,-2.24,C0AD30
土城,24.973208,121.445169,0.7,28.39,-1.25,81.1,7.92,-5.87,C0AD40
鶯歌,24.951533,121.346294,0.77,28.84,0.27,81.84,7.71,-2.59,C0AD50
汐止,25.066881,121.658778,-0.16,27.84,-4.84,77.97,8.45,-2.87,C0AH00
永和,25.01125,121.508111,0.48,29.13,1.06,75.9,16.82,4.86,C0AH10
五分山,25.07125,121.780794,0.41,23.24,-0.9,92.81,8.85,-4.08,C0AH30
平等,25.129142,121.577086,2.02,27.94,4.01,86.45,11.71,0.3,C0AH40
林口,25.072181,121.38084,-0.05,26.85,-3.28,81.0,3.42,-6.03,C0AH50
松山,25.04871,121.55042,-0.1,28.69,-0.0,68.94,15.77,9.8,C0AH70
深坑,25.002703,121.628328,-0.67,26.33,12.24,96.61,11.55,2.45,C0AH80
福山植物園,24.760717,121.58135,0.16,23.24,0.53,92.65,16.45,9.01,C0AH90
五股,25.07445,121.42728,0.68,28.29,-2.86,78.87,4.69,-3.52,C0AI00
屈尺,24.92184,121.54475,0.23,27.54,-6.93,77.19,14.73,4.54,C0AI10
白沙灣,25.283128,121.519058,-0.04,27.38,4.54,82.74,3.06,-3.37,C0AI20
三重,25.057328,121.500629,-1.31,29.1,0.42,76.42,13.84,11.56,C0AI30
石牌,25.115597,121.513139,-0.16,29.43,6.32,76.26,8.5,0.28,C0AI40
七堵,25.094819,121.71713,0.55,28.43,-2.04,81.55,5.74,-3.63,C0B010
基隆嶼,25.19141,121.78391,-0.67,26.69,2.6,91.39,2.1,-6.57,C0B020
復興,24.820208,121.352281,0.27,24.76,0.36,86.55,16.77,0.81,C0C460
桃園,24.992425,121.323172,0.47,28.74,0.95,74.19,4.52,-5.33,C0C480
八德,24.928708,121.283289,-0.15,27.86,-0.92,77.32,5.4,-4.59,C0C490
觀音,25.027072,121.153317,0.15,27.37,2.26,83.26,3.39,-5.02,C0C590
蘆竹,25.084275,121.265767,0.37,28.4,-0.36,80.19,3.35,-4.83,C0C620
大溪,24.882853,121.265547,0.28,26.86,2.58,80.06,4.58,-5.64,C0C630
平鎮,24.897503,121.214636,0.58,27.23,-0.82,78.9,2.31,-6.69,C0C650
楊梅,24.912375,121.143047,-0.19,27.76,3.48,78.45,3.16,-5.38,C0C660
龍潭,24.870056,121.221389,0.18,27.17,0.88,78.23,4.66,-3.75,C0C670
龜山,25.02846,121.38656,0.52,27.35,1.52,80.55,5.65,-4.77,C0C680
中壢,24.977661,121.256375,-0.0,27.94,3.13,77.06,3.56,-2.24,C0C700
大溪永福,24.892936,121.324975,-0.09,26.72,-0.11,83.77,10.19,0.73,C0C710
梅花,24.678347,121.208558,-0.7,23.42,1.97,89.61,10.53,0.27,C0D360
峨眉,24.6905,121.017189,0.02,27.32,0.69,86.29,3.5,-5.06,C0D430
打鐵坑,24.849664,121.150789,0.28,26.13,-1.23,84.42,3.29,-6.08,C0D480
橫山,24.71116,121.11693,0.3,26.3,0.92,86.32,7.24,-2.65,C0D540
雪霸,24.526972,121.11605,-0.25,17.74,2.4,86.77,5.03,-6.36,C0D550
竹東,24.767147,121.057881,1.3,28.39,0.32,75.61,1.68,-6.45,C0D560
寶山,24.735006,121.025192,0.48,26.87,2.15,86.45,2.1,-6.38,C0D580
新豐,24.87068,120.97721,0.39,27.28,3.06,85.81,2.55,-6.15,C0D590
湖口,24.904794,121.043628,0.1,28.06,-2.01,76.9,2.9,-5.34,C0D650
新竹市東區,24.798681,120.986942,0.21,28.44,2.09,76.61,2.13,-5.81,C0D660
竹南,24.708978,120.888897,0.32,28.12,3.37,81.13,2.45,-5.78,C0E420
南庄,24.601775,121.000214,0.24,26.09,6.22,89.06,7.97,-2.98,C0E430
明德,24.583486,120.885411,-0.06,27.98,3.26,82.06,3.66,-3.91,C0E550
通霄,24.471892,120.704622,0.25,28.36,-1.38,80.71,4.02,-3.06,C0E590
馬都安,24.451272,120.930192,0.42,23.43,10.95,93.72,5.31,-6.27,C0E610
頭份,24.688247,120.912206,1.02,29.58,3.63,76.94,1.85,-6.26,C0E730
造橋,24.637056,120.864778,0.11,28.61,0.54,80.84,2.82,-4.66,C0E740
苗栗,24.564569,120.824575,0.34,29.24,5.61,79.22,2.86,-4.6,C0E750
銅鑼,24.489681,120.790853,-0.22,27.78,5.17,85.61,4.52,-3.75,C0E780
西湖,24.562947,120.7485,-0.1,27.57,-0.13,85.81,1.87,-5.76,C0E810
獅潭,24.539133,120.920042,-0.04,27.11,0.68,83.35,6.82,-2.2,C0E820
苑裡,24.439714,120.653053,-0.24,28.41,12.25,90.61,3.13,-4.91,C0E830
大河,24.618069,120.948578,-0.43,27.2,5.63,85.35,4.23,-5.75,C0E850
高鐵苗栗,24.60725,120.826094,-0.06,28.48,21.63,94.68,2.5,-3.95,C0E870
石岡,24.276061,120.777644,-0.41,26.45,14.53,95.52,4.52,-10.89,C0F0B0
中坑,24.248517,120.903319,0.79,23.21,-3.97,86.55,12.35,-7.97,C0F0C0
審馬陣,24.381675,121.4203,0.12,11.34,4.11,85.9,5.76,-1.05,C0F0D0
南湖圈谷,24.363714,121.444667,-0.08,8.95,3.25,85.42,8.33,0.92,C0F0E0
東勢,24.246428,120.833047,0.67,27.25,-0.28,79.39,4.97,-9.22,C0F850
大坑,24.173142,120.722289,1.0,29.39,0.58,75.77,4.56,-6.34,C0F970
神岡,24.272481,120.658314,0.52,28.35,-10.19,72.32,4.63,-2.91,C0F9I0
大安,24.345061,120.588025,0.35,28.75,7.17,89.77,4.47,-1.83,C0F9K0
后里,24.310436,120.729725,0.34,28.24,-0.94,79.58,6.23,-3.22,C0F9L0
豐原,24.254322,120.720692,0.85,28.83,-2.69,74.35,6.39,-4.13,C0F9M0
大里,24.092464,120.701378,0.32,29.58,-0.2,73.61,7.63,-2.58,C0F9N0
潭子,24.213106,120.703933,0.88,29.78,-0.58,74.94,5.79,-4.76,C0F9O0
清水,24.312297,120.562242,0.36,29.22,1.54,83.61,4.32,-1.68,C0F9P0
外埔,24.347817,120.705686,-0.14,27.68,-8.78,74.61,3.61,-3.9,C0F9Q0
龍井,24.184536,120.528972,0.45,29.2,-6.3,79.94,7.24,0.48,C0F9R0
烏日,24.107058,120.624103,1.41,30.3,3.97,79.68,3.95,-4.46,C0F9S0
西屯,24.179494,120.641275,0.13,29.07,0.11,75.94,6.69,-1.96,C0F9T0
南屯,24.137006,120.637969,0.51,29.71,0.34,75.42,3.81,-4.41,C0F9U0
新社,24.200172,120.815806,-0.37,25.17,3.93,89.1,8.68,-6.87,C0F9V0
大雅(中科園區),24.21528,120.62445,0.98,28.71,-2.75,76.43,9.05,-1.36,C0F9X0
桃山,24.432739,121.303808,0.17,10.71,3.81,86.58,6.24,-7.8,C0F9Y0
雪山東峰,24.388792,121.268675,0.08,11.38,4.11,85.45,5.71,-10.16,C0F9Z0
芬園,24.015678,120.6213,-0.19,27.71,6.49,88.74,4.15,-5.37,C0G620
員林,23.946503,120.585597,0.56,28.89,4.08,85.65,7.15,-2.7,C0G650
溪湖,23.94835,120.479122,0.48,28.94,7.79,93.45,4.5,-4.25,C0G660
溪州,23.851589,120.499093,0.3,28.39,-1.33,80.55,3.52,-7.82,C0G720
二林,23.903325,120.376081,0.21,28.4,0.2,87.52,4.76,-6.12,C0G730
大城,23.852487,120.320935,0.45,28.52,0.54,83.13,5.18,-4.85,C0G740
福興,24.041289,120.437669,-0.06,29.3,-3.48,79.81,4.87,-2.52,C0G770
秀水,24.03405,120.503869,0.19,29.15,1.55,83.97,3.45,-4.07,C0G780
埔鹽,24.000394,120.431683,0.7,29.14,-2.44,83.35,5.13,-2.53,C0G800
埔心,23.947633,120.525456,-0.12,29.0,18.7,97.68,4.31,-4.59,C0G810
田尾,23.901669,120.509389,0.44,29.2,0.72,84.55,6.69,-2.88,C0G820
埤頭,23.866003,120.452806,0.43,29.11,-2.72,84.26,3.58,-5.14,C0G830
社頭,23.897647,120.5862,0.18,29.52,7.8,81.86,3.09,-6.9,C0G860
二水,23.810742,120.6173,0.67,29.25,0.41,80.9,5.81,-5.18,C0G880
伸港,24.148933,120.484403,-0.65,28.2,0.52,83.35,4.82,-1.58,C0G890
線西,24.143358,120.443536,-0.36,29.25,6.13,86.16,3.18,-4.16,C0G900
花壇,24.032076,120.549461,0.04,29.62,6.3,80.0,4.85,2.94,C0G910
埔里,23.972169,120.952425,0.65,26.42,-1.33,83.16,10.82,-7.76,C0H890
草屯,23.973672,120.68085,-0.29,28.06,1.13,79.03,6.53,-4.85,C0H960
昆陽,24.121322,121.273642,0.53,11.28,-0.01,88.39,12.06,0.38,C0H990
神木村,23.532742,120.843667,0.25,19.38,2.95,94.16,10.21,-8.66,C0H9A0
合歡山,24.143442,121.272547,1.07,10.72,4.22,90.0,6.08,-16.05,C0H9C0
廬山,24.033311,121.181808,0.53,20.05,-3.28,83.1,6.81,-8.97,C0I010
信義,23.689694,120.851036,0.33,25.04,0.7,87.29,10.53,-4.32,C0I080
竹山,23.761225,120.688156,0.86,27.9,-0.02,82.61,16.6,3.16,C0I110
水里,23.812553,120.849792,0.15,26.45,1.93,83.97,12.26,-6.58,C0I360
魚池,23.895703,120.94135,0.39,24.77,-0.79,85.58,11.69,-7.94,C0I370
集集,23.828206,120.801467,-0.13,26.81,-2.31,81.16,14.73,-7.16,C0I380
仁愛,24.022122,121.132206,0.54,21.93,-4.57,83.97,4.65,-17.41,C0I390
名間,23.837053,120.701447,0.07,27.4,2.07,81.77,13.58,-1.61,C0I410
國姓,24.037803,120.855072,0.7,27.05,-4.08,81.9,10.11,-12.38,C0I420
南投,23.911469,120.687331,0.04,28.42,6.07,83.35,10.84,-5.28,C0I460
梅峰,24.085272,121.173572,0.56,16.41,-1.26,89.71,7.15,-17.66,C0I480
萬大林道,23.928228,121.091411,0.51,19.77,-3.11,87.9,9.66,-7.87,C0I490
小奇萊,24.131764,121.295717,0.36,11.01,0.87,89.1,6.31,-9.79,C0I530
崙背,23.75555,120.318925,0.24,28.29,-0.41,85.03,3.02,-9.53,C0K250
四湖,23.630414,120.227125,0.92,28.86,-3.37,81.58,4.53,-5.21,C0K280
宜梧,23.536281,120.169329,0.36,28.97,-1.78,81.58,3.1,-6.4,C0K291
虎尾,23.719183,120.442036,0.67,29.0,3.99,82.39,6.13,-4.12,C0K330
土庫,23.679029,120.395574,0.23,28.62,0.77,82.45,4.61,-7.2,C0K390
斗六,23.720583,120.541127,0.07,28.39,-1.04,79.48,6.89,-6.27,C0K400
北港,23.573957,120.292802,0.23,28.72,-2.82,79.39,6.82,-1.23,C0K410
西螺,23.800407,120.467394,0.07,28.66,-1.69,79.19,3.61,-7.1,C0K420
褒忠,23.690938,120.303634,0.23,28.46,1.78,84.9,2.68,-7.43,C0K430
二崙,23.772797,120.408944,0.19,28.51,-1.62,80.87,6.56,-6.47,C0K440
大埤,23.646074,120.431537,0.08,28.45,0.63,81.19,9.48,-3.19,C0K450
斗南,23.678734,120.478359,0.06,28.45,6.52,83.84,6.42,-6.89,C0K460
林內,23.748675,120.609642,-0.01,27.61,0.71,82.97,10.66,-3.54,C0K470
莿桐,23.761192,120.502372,0.07,28.26,-1.59,77.71,4.03,-9.33,C0K480
元長,23.64981,120.315024,0.36,28.87,-0.53,80.06,2.4,-9.49,C0K500
水林,23.572924,120.24597,-0.06,28.47,4.26,84.87,3.29,-6.82,C0K510
臺西,23.701547,120.197559,0.51,28.82,-2.81,79.5,3.45,-8.35,C0K530
蔦松,23.514319,120.229736,0.47,29.04,-1.61,81.13,5.39,-3.1,C0K550
棋山,23.68645,120.603417,0.12,27.85,-2.7,78.68,14.58,-2.98,C0K560
高鐵雲林,23.737456,120.417944,-0.41,28.05,-0.89,83.26,8.6,0.81,C0K580
東後寮,23.369908,120.248065,0.48,28.62,-2.86,81.81,5.06,-5.01,C0M520
奮起湖,23.493903,120.699253,0.33,20.19,0.59,92.84,9.73,-12.0,C0M530
中埔,23.42538,120.5229,-0.1,27.8,-0.34,77.42,10.15,-4.5,C0M640
朴子,23.43463,120.23902,0.33,28.65,0.44,82.9,3.05,-6.02,C0M650
溪口,23.604131,120.403569,0.15,28.49,-1.33,80.03,7.68,-2.11,C0M660
大林,23.600616,120.45841,0.17,28.79,1.91,79.94,7.26,-5.93,C0M670
太保,23.455062,120.331455,0.45,28.96,-3.05,79.77,8.1,-2.94,C0M680
水上,23.419734,120.388909,0.28,28.5,-0.67,80.45,8.55,-3.16,C0M690
竹崎,23.526178,120.555508,-0.18,27.37,0.99,82.0,16.97,2.5,C0M700
東石,23.458927,120.15385,0.21,29.14,-1.61,80.77,1.74,-6.95,C0M710
番路,23.464657,120.554156,0.15,27.47,6.47,84.32,14.44,-3.04,C0M720
嘉義市東區,23.457673,120.460531,0.19,28.99,1.85,79.03,8.76,-3.51,C0M730
六腳,23.492871,120.290625,0.08,28.66,7.85,87.1,6.81,-1.32,C0M740
布袋,23.380878,120.167789,0.44,29.16,-3.49,79.03,1.76,-8.69,C0M750
民雄,23.551754,120.428457,0.11,28.8,7.41,87.19,7.45,-5.36,C0M760
嘉義梅山,23.585398,120.555587,-0.34,27.75,1.87,80.23,18.02,3.07,C0M770
鹿草,23.41134,120.30835,0.5,29.04,0.38,80.84,5.45,-6.72,C0M780
新港,23.553269,120.345728,0.09,28.67,0.49,80.74,11.47,1.46,C0M790
茶山,23.299075,120.664767,0.22,25.54,-1.21,84.74,10.18,-10.28,C0M800
里佳,23.389125,120.716647,0.02,20.48,-0.36,87.94,16.98,-10.88,C0M810
達邦,23.453994,120.749517,0.45,22.61,-0.95,84.13,9.52,-12.58,C0M820
表湖,23.24186,120.64166,-0.09,24.21,5.1,92.1,12.26,-2.25,C0M850
新美,23.338017,120.683169,-0.56,24.83,11.16,89.06,13.27,8.91,C0M860
北寮,23.079561,120.495008,0.8,28.73,-3.69,78.71,9.24,-1.27,C0O830
王爺宮,23.222064,120.40085,1.61,29.44,-2.74,80.35,4.24,-7.06,C0O840
大內,23.11885,120.36083,0.09,29.04,9.27,90.74,3.39,-6.68,C0O860
善化,23.112883,120.297219,0.73,28.88,0.67,83.42,4.27,-8.55,C0O900
崎頂,22.959547,120.369317,0.87,28.75,-4.97,80.35,5.03,-4.38,C0O960
虎頭埤,23.021375,120.347878,0.16,28.35,-1.0,82.58,6.94,-3.13,C0O970
新市,23.061614,120.298197,0.75,29.6,-5.97,76.74,3.48,-5.18,C0O980
媽廟,22.99175,120.293525,-0.06,28.76,6.21,88.32,5.37,-4.36,C0O990
阿禮,22.742908,120.743678,2.62,25.08,-4.63,82.19,5.9,-7.93,C0R130
瑪家,22.682903,120.686639,-0.59,23.77,11.47,96.06,9.24,-10.42,C0R140
三地門,22.709889,120.639944,0.78,28.68,2.09,79.35,11.03,-8.03,C0R150
鹽埔,22.739558,120.530778,-0.21,28.25,7.35,93.29,7.53,-4.11,C0R160
赤山,22.592333,120.614306,-0.21,28.49,-0.94,81.03,10.06,-3.64,C0R190
潮州,22.534361,120.54,0.81,29.24,-0.25,77.35,10.71,-4.27,C0R220
來義,22.527306,120.625111,-0.83,27.34,6.72,87.48,8.65,-5.18,C0R240
琉球嶼,22.332244,120.362236,0.56,28.73,-3.49,82.45,4.6,-4.61,C0R270
牡丹,22.130036,120.792639,-0.52,26.66,6.71,90.81,17.61,12.45,C0R341
貓鼻頭,21.921774,120.7358,0.35,28.49,7.5,91.13,11.66,2.64,C0R350
大漢山,22.405264,120.753181,-0.08,17.98,1.95,96.58,14.35,1.8,C0R440
高樹,22.826389,120.600806,-0.19,28.55,0.7,77.39,6.26,-6.92,C0R470
長治,22.693128,120.542622,0.63,29.56,-1.38,77.97,7.58,-4.96,C0R480
九如,22.7405,120.490503,1.05,29.94,4.44,85.71,6.16,-5.88,C0R490
崁頂,22.514781,120.506914,-0.05,29.1,13.67,95.03,10.37,-0.53,C0R520
佳冬,22.419456,120.552375,-0.41,28.65,0.52,80.58,10.87,-0.12,C0R540
新埤,22.467947,120.582894,0.48,29.27,-3.28,78.68,9.48,-0.59,C0R550
新園,22.5434,120.461558,0.61,29.66,-3.05,77.97,12.18,1.1,C0R560
麟洛,22.65078,120.52719,-0.05,29.08,-4.22,74.94,9.11,-1.63,C0R570
南州,22.48591,120.50274,0.17,29.06,5.39,84.45,11.5,1.36,C0R580
里港,22.77919,120.49459,-0.32,28.29,14.38,95.81,5.4,-5.34,C0R590
舊泰武,22.588194,120.664944,-0.5,24.03,4.2,88.39,12.08,-6.79,C0R600
墾雷,21.900836,120.855269,-0.69,28.08,7.22,91.26,13.06,5.74,C0R620
東港,22.46247,120.44074,-0.37,28.82,-0.95,82.42,12.45,9.26,C0R640
竹田,22.58486,120.54344,-0.52,28.76,8.68,89.97,12.08,7.16,C0R650
枋寮,22.367722,120.590647,-0.38,28.64,4.7,83.13,11.1,8.61,C0R660
楓港,22.190131,120.692156,-1.06,28.19,0.33,79.1,13.06,10.6,C0R670
佳樂水,21.993578,120.861633,-1.07,28.46,4.57,83.87,12.27,10.41,C0R680
墾丁,21.966756,120.810269,-0.86,26.43,5.06,93.19,12.53,10.78,C0R690
枋山,22.246844,120.661086,-0.19,28.61,0.46,80.13,12.74,11.13,C0R700
龍磐,21.931672,120.838942,-1.08,27.7,6.37,90.87,8.98,7.92,C0R710
旭海,22.205403,120.887614,-1.41,26.57,10.34,89.77,18.65,15.5,C0R720
大坪頂,22.024633,120.69355,-0.83,27.54,5.28,90.68,8.15,6.75,C0R730
獅子,22.201569,120.70525,-0.1,28.28,-0.75,81.39,13.69,10.64,C0R740
四林格山,22.076989,120.802439,-0.41,24.51,0.69,96.32,10.95,3.78,C0R750
南仁湖,22.084681,120.863353,-0.99,25.78,9.26,94.1,17.58,10.66,C0R760
保力,22.071122,120.764111,-0.46,27.32,2.02,87.52,11.31,5.17,C0R770
滿州,22.024403,120.839892,-0.88,28.0,5.52,85.32,11.9,8.99,C0R780
九棚,22.14195,120.889281,-1.22,27.93,10.2,85.13,18.0,13.05,C0R790
丹路,22.204481,120.750989,-0.45,27.72,2.01,83.81,13.87,8.22,C0R800
內獅,22.305064,120.642986,-0.34,28.75,12.75,89.55,11.32,8.61,C0R810
白鷺,22.454275,120.666219,-0.15,25.06,5.62,90.29,10.11,6.26,C0R820
高士,22.121825,120.836781,-1.01,25.48,12.12,96.26,16.68,9.68,C0R830
牡丹池山,22.168389,120.841225,-0.82,24.64,7.62,94.42,17.02,11.42,C0R840
下馬,23.150427,121.070312,0.04,23.95,4.26,84.74,2.08,0.54,C0S660
太麻里,22.60902,120.98533,-0.23,24.45,9.96,94.39,9.15,0.7,C0S690
知本,22.684866,121.005642,0.02,24.92,6.81,92.55,5.58,-3.58,C0S700
鹿野,22.917711,121.122994,0.54,25.69,6.78,90.26,4.87,-2.44,C0S710
綠島,22.6672,121.47533,0.17,27.42,8.12,94.42,12.39,6.73,C0S730
池上,23.119628,121.209469,0.31,26.33,3.79,86.61,3.94,-1.7,C0S740
向陽,23.248397,120.986133,0.59,16.02,9.99,88.71,5.92,-8.6,C0S750
紅石,23.069131,121.126219,0.18,18.88,8.05,96.81,6.15,-0.96,C0S760
大溪山,22.478475,120.943325,0.09,25.35,12.57,94.35,6.9,-4.04,C0S770
東河,22.972672,121.303986,-0.72,27.44,5.57,89.87,12.15,5.83,C0S810
長濱,23.286817,121.411975,0.45,27.01,4.92,88.29,9.19,4.11,C0S830
南田,22.279725,120.889208,-0.36,27.66,11.74,90.9,13.65,1.9,C0S840
關山,23.0395,121.175017,-0.14,26.87,4.83,87.65,4.76,-0.07,C0S890
蘭嶼高中,22.04909,121.51214,-0.91,28.44,11.58,90.97,11.76,9.11,C0S900
蘭嶼燈塔,22.081197,121.503117,-0.75,26.96,7.72,91.45,11.77,10.01,C0S910
金峰嘉蘭,22.594789,120.960825,-1.5,27.08,10.12,86.35,7.19,2.89,C0S920
延平,22.902581,121.084058,-1.46,26.44,10.61,84.77,4.29,0.86,C0S930
石寧山,23.223772,121.406639,-1.5,27.28,8.43,89.19,6.53,4.9,C0S940
七塊厝,22.954453,121.229922,-1.36,25.28,6.02,91.32,7.29,0.32,C0S950
香蘭,22.587569,120.993375,-1.23,27.87,12.0,85.97,5.39,2.8,C0S960
加津林,22.416211,120.926942,-1.02,27.6,9.44,85.87,9.74,6.81,C0S970
勝林山,22.430439,120.8938,-2.51,22.37,13.85,93.65,9.9,5.94,C0S980
歷坵,22.520969,120.89185,-1.09,24.84,8.01,92.58,5.24,1.32,C0SA00
檳榔四格山,22.810031,121.109308,-1.71,25.06,10.39,93.29,6.03,2.77,C0SA10
金崙山,22.567419,120.959667,-1.61,22.81,13.82,98.26,7.87,4.78,C0SA20
都歷,23.020333,121.323642,-0.85,27.53,6.58,85.68,11.79,7.07,C0SA30
瑞和,22.974361,121.156697,-1.33,26.73,8.87,88.03,6.63,3.27,C0SA40
知本（水試所）,22.702394,121.082761,-1.09,27.9,8.12,86.55,6.32,4.31,C0SA60
土坂,22.453108,120.887572,-1.23,26.87,11.86,87.32,8.16,3.94,C0SA80
達仁林場,22.264347,120.823972,-1.16,25.02,12.54,91.9,15.08,7.85,C0SA90
大禹嶺,24.186117,121.316086,0.39,13.55,1.4,85.29,3.44,-5.79,C0T790
天祥,24.179597,121.495639,1.23,25.06,8.14,89.32,2.48,-2.24,C0T820
鯉魚潭,23.935639,121.508944,-0.22,25.58,1.2,89.61,12.03,6.06,C0T870
西林,23.8119,121.441458,-0.0,26.5,6.56,85.9,11.24,5.45,C0T900
光復,23.660694,121.424964,0.51,27.18,-0.7,85.77,2.83,-3.77,C0T960
月眉山,23.809928,121.539828,0.25,24.49,1.37,94.61,10.79,5.25,C0T9A0
水源,23.991861,121.537169,0.31,24.14,0.14,91.58,15.06,8.53,C0T9B0
和中,24.26676,121.74103,-0.61,26.54,-1.82,87.23,18.35,11.73,C0T9D0
大坑,23.880628,121.581981,0.15,25.06,5.4,93.45,12.42,6.44,C0T9E0
水璉,23.797131,121.542514,0.17,26.53,3.92,90.29,10.56,4.97,C0T9F0
鳳林山,23.735269,121.420131,-0.62,24.22,-0.52,91.68,10.82,3.52,C0T9G0
加路蘭山,23.682947,121.5274,0.23,23.94,1.38,92.94,3.21,-3.98,C0T9H0
豐濱,23.583897,121.514806,0.2,26.22,4.29,92.45,5.68,-0.48,C0T9I0
靜浦,23.455167,121.495028,0.32,27.02,4.12,90.19,5.76,0.54,C0T9M0
富里,23.171639,121.249378,-1.27,26.59,8.0,87.0,3.84,2.06,C0T9N0
雙連埤,24.753033,121.641303,-0.21,23.74,2.95,97.87,12.0,2.66,C0U520
礁溪,24.817539,121.765608,0.02,27.0,-0.95,85.48,6.11,-1.51,C0U600
玉蘭,24.675286,121.587061,0.41,25.21,5.84,90.42,14.24,5.24,C0U650
南山,24.43742,121.38167,-0.12,21.66,-1.66,88.52,5.31,-0.24,C0U720
龜山島,24.841667,121.953133,-0.76,24.18,2.38,96.9,3.0,-0.77,C0U750
東澳,24.52196,121.83318,-0.5,26.83,2.85,89.71,12.89,5.11,C0U760
南澳,24.44935,121.81022,-0.64,26.74,0.08,86.48,13.81,8.29,C0U770
五結,24.68637,121.79794,-0.67,27.26,-0.41,83.0,6.58,1.09,C0U780
頭城,24.85323,121.8308,-0.56,27.25,-2.11,87.0,9.48,3.14,C0U860
大礁溪,24.791042,121.675047,-0.29,24.55,6.61,93.26,14.61,8.28,C0U870
三星,24.66812,121.65302,-0.15,26.77,0.2,88.39,11.08,5.26,C0U890
內城,24.71813,121.68766,0.26,27.3,-2.67,83.81,7.68,1.81,C0U900
冬山,24.63373,121.7937,0.02,27.65,14.13,93.77,8.27,1.95,C0U910
羅東,24.68184,121.74934,0.38,27.85,1.71,83.32,5.95,0.69,C0U940
鶯子嶺,24.89754,121.79244,0.2,21.63,1.94,96.94,13.97,4.54,C0U950
翠峰湖,24.510856,121.608044,0.55,17.53,3.78,96.0,20.79,13.18,C0U960
大福,24.80064,121.81389,-0.4,27.11,-0.58,83.26,3.97,-1.11,C0U970
坪林石牌,24.86478,121.77396,-0.0,23.85,1.71,94.84,14.98,7.57,C0U980
員山,24.74435,121.72247,-0.09,27.45,2.99,85.52,5.39,-0.16,C0U990
土場,24.576533,121.495333,-0.01,25.66,-1.49,87.06,12.27,6.21,C0UA00
鴛鴦湖,24.590269,121.412228,0.18,18.16,2.93,96.74,14.52,2.19,C0UA10
多加屯,24.368614,121.373189,0.27,13.5,1.68,89.61,5.47,-0.1,C0UA20
白嶺,24.527819,121.519031,0.05,20.43,-2.46,92.06,9.21,-0.54,C0UA30
西德山,24.560647,121.752608,0.04,21.49,1.1,93.58,13.4,6.83,C0UA40
西帽山,24.555361,121.802628,0.29,23.47,-0.96,91.23,15.77,7.68,C0UA50
樟樹山,24.41393,121.78325,-0.19,24.44,11.34,97.42,18.39,12.19,C0UA60
桃源谷,24.962606,121.888875,-0.54,23.62,0.12,96.06,7.24,-1.56,C0UA70
復興,23.222403,120.806089,0.94,25.04,-3.83,77.23,6.24,-8.26,C0V210
溪埔,22.738578,120.446797,0.54,29.15,0.71,81.61,6.35,-5.03,C0V350
內門,22.975481,120.466769,0.09,27.76,5.08,88.81,6.08,-7.05,C0V360
阿公店,22.804194,120.355528,-0.01,28.53,-2.79,78.77,5.55,-4.76,C0V400
鳳山,22.646653,120.356122,-0.58,28.64,5.25,83.23,12.24,1.87,C0V440
鳳森,22.545064,120.392592,-0.06,28.64,-2.96,80.26,14.82,3.73,C0V450
新興,22.627422,120.298803,0.52,29.7,-5.06,73.84,15.9,4.95,C0V490
阿蓮,22.883208,120.327508,0.95,30.07,-9.87,71.1,3.87,-7.83,C0V530
梓官,22.760558,120.267211,0.75,30.05,2.66,83.1,10.77,0.51,C0V610
永安,22.82315,120.236856,0.42,29.5,0.76,84.61,9.45,-0.69,C0V620
茄萣,22.906642,120.182608,0.01,29.3,2.17,80.03,5.15,-4.23,C0V630
湖內,22.887139,120.2445,-0.33,28.8,5.96,87.13,5.84,-3.41,C0V640
彌陀,22.783806,120.246361,0.37,29.39,-0.7,83.71,8.94,-0.81,C0V650
岡山,22.797078,120.294958,0.31,29.85,-2.66,75.42,6.92,-4.1,C0V660
仁武,22.701083,120.347722,-0.07,29.59,4.95,82.23,11.37,0.34,C0V680
鼓山,22.623325,120.275575,-0.6,28.72,0.6,81.13,13.65,4.95,C0V690
三民,22.645017,120.311233,-0.28,29.5,3.2,76.13,13.81,3.37,C0V700
苓雅,22.622742,120.330669,0.42,29.91,4.88,78.26,12.77,2.71,C0V710
林園,22.507747,120.394511,-0.52,29.26,1.6,78.0,10.56,0.45,C0V720
大寮,22.605614,120.395717,-0.37,29.08,2.29,79.13,10.71,-0.08,C0V730
旗山,22.888614,120.483597,1.16,29.63,-0.49,78.97,8.69,-3.05,C0V740
路竹,22.854997,120.259439,0.52,29.84,-2.76,76.1,7.92,-3.08,C0V750
橋頭,22.757806,120.30575,0.29,29.84,5.4,84.28,9.47,-0.54,C0V760
大社,22.730306,120.346639,-0.2,29.31,4.3,80.81,3.12,-8.16,C0V770
萬山,22.905944,120.688056,-0.44,25.51,8.39,89.87,9.26,-4.29,C0V790
六龜,22.997889,120.633583,0.32,27.59,4.02,83.26,10.44,-6.08,C0V800
左營,22.67491,120.28491,1.16,30.3,0.72,81.0,11.9,0.6,C0V810
小林,23.148408,120.63325,-0.09,25.99,4.91,85.1,10.05,0.27,C0V820
東莒,25.9652,119.98069,1.93,27.0,-1.58,86.94,3.56,-3.17,C0W110
西嶼,23.5626,119.468436,0.91,27.28,-3.53,89.87,2.82,-1.72,C0W120
花嶼,23.40007,119.32276,0.5,27.22,-1.56,88.35,2.26,-3.33,C0W130
金沙,24.488292,118.408778,1.24,27.96,-1.28,86.03,4.45,-0.04,C0W140
金寧,24.457703,118.328989,1.12,28.63,-5.25,83.19,4.4,0.54,C0W150
烏坵,24.9944,119.44956,1.69,26.87,-3.16,89.32,0.17,-4.5,C0W160
東河,23.296598,120.385608,0.03,28.53,-1.47,80.0,5.27,-7.19,C0X050
下營,23.22695,120.256261,0.62,29.02,-3.86,79.29,5.15,-6.86,C0X060
佳里,23.173039,120.145086,0.84,29.2,4.24,88.48,3.44,-7.38,C0X080
臺南市北區,23.010394,120.194228,0.12,29.86,2.1,76.58,4.02,-4.3,C0X100
臺南市南區,22.961189,120.188378,0.13,29.57,-3.92,77.19,6.05,-2.25,C0X110
麻豆,23.183289,120.248611,0.71,29.94,-0.33,80.35,3.63,-5.23,C0X120
官田,23.193217,120.315422,0.18,29.25,-0.73,78.58,4.66,-4.42,C0X130
安定,23.102614,120.227839,0.46,29.7,0.05,80.1,3.66,-4.09,C0X150
仁德,22.968258,120.257689,0.08,29.26,-2.06,77.03,4.81,-4.31,C0X160
關廟,22.963017,120.327797,-0.38,28.99,11.73,87.06,5.48,-4.65,C0X170
山上,23.0757,120.363253,0.64,29.17,2.24,82.9,4.89,-5.17,C0X180
安平,22.993161,120.152181,-0.16,29.22,-1.54,80.16,4.15,-3.5,C0X190
左鎮,23.056758,120.408522,0.9,28.87,-5.5,78.61,4.84,-5.28,C0X200
白河,23.347466,120.414427,0.18,28.53,-0.57,79.32,5.08,-7.1,C0X210
學甲,23.230367,120.182187,-0.03,28.62,-1.92,77.19,2.35,-5.26,C0X220
鹽水,23.272621,120.247641,0.4,28.75,-3.47,79.19,4.1,-5.18,C0X230
關子嶺,23.331169,120.508025,-0.02,26.06,0.52,84.55,12.4,-5.7,C0X240
新營,23.310689,120.316681,0.02,29.12,-0.59,76.87,4.53,-5.3,C0X250
後壁,23.366358,120.362326,0.05,28.7,0.21,80.16,7.19,-2.22,C0X260
將軍,23.214999,120.13577,0.31,28.85,-0.69,80.87,2.53,-6.33,C0X280
北門,23.267772,120.125481,0.14,29.13,-3.5,80.0,3.08,-6.24,C0X290
鹿寮,23.386047,120.477331,0.17,27.8,0.35,84.71,13.0,-0.61,C0X300
柳營,23.253328,120.375253,-0.27,28.65,3.78,79.74,5.65,3.35,C0X320
明里,23.208717,121.262342,0.03,26.56,0.03,87.0,3.15,-2.88,C0Z020
佳心,23.34567,121.21316,0.4,22.99,8.37,92.45,4.24,-2.11,C0Z050
玉里,23.3215,121.339656,0.37,27.33,-6.79,80.52,6.44,0.12,C0Z061
舞鶴,23.46811,121.37407,0.53,26.25,0.36,89.29,4.26,-0.74,C0Z070
富源,23.587642,121.378225,-0.32,25.87,-0.85,87.67,7.74,0.89,C0Z080
東華,23.89525,121.549833,-0.04,27.5,3.52,88.45,12.65,8.64,C0Z100
吉安光華,23.930925,121.595153,-0.07,27.06,2.31,89.26,16.4,12.51,C0Z150
鳳林,23.746114,121.453411,0.05,27.03,12.76,95.23,7.26,0.97,C0Z160
卓溪,23.3443,121.3029,-0.42,27.19,1.35,81.74,6.85,1.44,C0Z170
新城,24.03946,121.60454,-0.18,27.26,15.41,97.71,20.5,15.84,C0Z180
富世,24.14743,121.6297,-0.59,26.86,-3.84,83.65,23.94,18.16,C0Z190
萬榮,23.709219,121.420106,-0.02,26.61,4.64,89.77,8.19,2.49,C0Z200
瑞穗,23.5239,121.39021,0.25,27.1,0.58,85.13,5.94,1.42,C0Z210
和平林道,24.343922,121.656317,0.21,24.66,-2.4,88.55,10.87,7.93,C0Z220
和平,24.30717,121.77007,-0.03,27.64,-2.18,82.45,12.89,7.17,C0Z230
瑞穗林道,23.49284,121.30688,-0.69,21.1,0.96,94.19,12.84,4.24,C0Z250
赤柯山,23.36893,121.38293,-0.21,22.46,5.81,95.58,6.4,2.0,C0Z290
東里,23.26853,121.30547,0.08,27.22,-3.67,82.87,3.42,0.15,C0Z300
清水斷崖,24.218294,121.689142,-0.35,26.92,0.05,89.65,26.76,20.21,C0Z310
清水林道,23.27125,121.188272,-0.45,24.0,2.48,86.7,6.38,0.45,C0Z320
安通山,23.290728,121.348528,0.27,25.82,2.22,87.03,5.76,2.04,C0Z330
口湖工作站,23.589978,120.180394,0.2,28.52,3.86,80.27,4.98,2.31,12J990
東港工作站,22.479997,120.466058,-0.4,28.9,1.16,70.21,12.18,8.93,12Q970
恆春工作站,22.079678,120.714425,-0.38,28.66,0.1,76.07,10.37,3.22,12Q980
萬大發電廠,23.978875,121.139639,0.43,22.61,1.2,90.97,6.27,-2.85,42HA10
桃改樹林分場,24.944503,121.386972,-1.24,27.56,2.8,79.77,8.95,5.05,72AI40
桃園農改場,24.950944,121.030583,0.68,27.91,0.91,83.03,2.6,-4.71,72C440
桃改五峰分場,24.612194,121.157167,0.27,22.0,5.09,93.23,11.07,1.18,72D080
臺中農改場,24.003028,120.534389,0.72,28.63,0.17,82.5,4.42,-4.11,72G600
中改埔里分場,23.903208,120.963364,0.25,24.23,-1.03,88.2,11.7,-3.45,72HA00
南改斗南分場,23.634556,120.477333,0.57,28.52,2.92,85.03,6.78,-3.16,72K220
南改義竹分場,23.360694,120.279361,0.65,28.84,-6.45,79.03,3.5,-7.16,72M360
南改鹿草分場,23.416869,120.283061,0.3,28.85,1.98,82.43,4.35,-1.9,72M700
臺南農改場,23.0605,120.342194,0.33,28.47,0.34,83.17,2.57,-8.69,72N100
七股研究中心,23.081672,120.062894,0.14,29.16,-0.92,80.57,5.73,-0.66,72N240
高雄農改場,22.709333,120.525889,0.34,28.84,-1.1,79.33,5.85,-9.12,72Q010
東改班鳩分場,22.829528,121.077694,-0.02,26.23,4.57,87.54,6.77,-0.91,72S200
東改賓朗果園,22.813889,121.071278,-0.31,25.51,1.25,90.9,8.05,1.03,72S590
花蓮農改場,23.975222,121.563889,0.43,27.27,0.3,83.63,16.35,11.27,72T250
花改蘭陽分場,24.686306,121.716583,0.5,27.41,-2.53,82.97,6.23,-0.24,72U480
高改旗南分場,22.857861,120.516667,-0.7,28.22,6.04,82.3,10.53,-5.11,72V140
茶改北部分場,24.955778,121.631222,0.93,25.38,2.06,87.77,14.57,1.26,82A750
茶改場,24.908472,121.185333,0.53,27.22,-0.99,81.87,3.55,-5.0,82C160
茶改中部分場,23.875611,120.913583,-0.64,22.71,-0.4,88.3,13.57,-1.73,82H320
茶改南部分場,23.762528,120.7405,-0.37,25.3,0.12,87.9,18.87,4.71,82H840
茶改東部分場,22.907694,121.130139,-0.23,26.85,3.74,85.6,4.73,-2.94,82S580
農工中心,24.985917,121.239833,0.46,27.69,2.17,76.97,3.55,-4.06,A2C560
水試臺西試驗場,23.717231,120.190522,0.21,28.68,-3.31,82.1,1.19,-4.94,A2K360
臺大雲林校區,23.730628,120.423903,-0.49,28.04,0.03,79.67,8.5,4.9,A2K630
臺南蘭花園區,23.340258,120.379661,-0.22,28.2,0.67,81.5,8.32,6.0,A2N290
畜試北區分所,24.527806,120.770972,0.02,27.35,2.25,83.9,2.8,-4.84,B2E890
畜產試驗所,23.058972,120.336406,0.62,28.6,-3.79,80.13,2.68,-11.15,B2N890
畜試南區分所,21.945583,120.802167,-0.01,28.22,-2.28,81.57,12.05,2.71,B2Q810
畜試東區分所,24.669039,121.832561,-1.14,26.98,0.93,83.47,6.88,4.37,B2U990
蓮華池,23.918333,120.885278,-1.02,24.0,7.66,90.6,13.55,-2.57,E2H360
林試畢祿溪站,24.226944,121.308522,-0.06,15.84,8.7,86.9,3.97,3.81,E2HA20
四湖植物園,23.676986,120.163433,0.15,28.55,-0.1,85.0,4.52,-1.56,E2K600
林試六龜中心,22.991703,120.645722,-0.67,26.55,8.67,85.53,9.8,6.75,E2P980
林試扇平站,22.9677,120.6857,-0.79,23.76,10.23,93.67,8.62,3.08,E2P990
林試太麻里2,22.598,120.99775,-1.19,27.46,7.6,84.17,5.3,3.0,E2S960
林試太麻里1,22.598922,120.980044,-1.43,26.81,9.17,85.87,9.5,6.83,E2S980
農試所(霧峰),24.031261,120.688133,0.57,28.35,-2.6,79.73,5.27,-5.63,G2F820
農試嘉義分所,23.485028,120.473806,-0.0,27.86,1.55,81.37,6.97,-2.02,G2L020
農試溪口農場,23.58565,120.408111,0.91,28.58,0.66,81.7,7.83,3.44,G2M350
農試鳳山分所,22.646611,120.356083,-0.08,28.75,3.01,80.77,10.82,-2.25,G2P820
苗栗農改場,24.495722,120.829111,0.26,27.87,7.11,85.7,6.97,-1.95,K2E360
苗改生物防治研究中心,24.422861,120.871833,0.11,26.41,2.59,84.1,6.75,-2.67,K2E710
種苗改良場,24.225972,120.800917,0.27,25.77,0.9,82.67,6.33,-8.15,K2F750
溪頭,23.670306,120.798194,0.83,20.91,1.61,92.55,16.76,1.64,U2H480
臺大和社,23.590856,120.888864,0.37,23.23,3.98,90.63,5.42,-3.92,U2HA30
臺大內茅埔,23.689722,120.851117,0.05,24.82,5.35,90.5,10.17,0.36,U2HA40
臺大竹山,23.756972,120.681556,0.04,27.46,9.98,91.07,16.38,3.61,U2HA50
三芝,25.258131,121.501917,0.37,28.08,0.08,81.39,4.19,-5.68,C0AD00
大湖,24.41494,120.87087,0.77,27.12,-4.04,81.61,6.19,-5.67,C0E520
三義,24.40548,120.74982,0.01,26.03,-2.47,90.69,5.35,2.9,C0E880
大肚,24.15295,120.572117,-0.09,26.76,-3.13,85.53,11.65,3.47,C0F000
大甲,24.347667,120.640403,0.43,28.63,-4.05,81.1,5.24,-1.65,C0F930
中竹林,24.103556,120.751061,-0.64,25.4,1.34,85.48,6.58,-6.18,C0F9A0
鹿港,24.0753,120.430481,0.78,28.73,7.25,92.19,4.19,-3.48,C0G640
北斗,23.877586,120.514222,-0.36,28.46,-0.34,83.03,5.5,-3.72,C0G840
芳苑,23.922303,120.320025,-0.3,28.03,-4.9,83.35,4.77,-3.66,C0G870
中寮,23.884447,120.766406,-0.11,26.77,0.69,87.71,19.13,2.34,C0H950
鳳凰,23.728081,120.787347,0.47,22.98,4.05,94.48,15.77,0.32,C0I090
草嶺,23.59555,120.693461,0.19,21.83,-0.0,91.0,13.74,-2.37,C0K240
馬頭山,23.324361,120.582017,0.46,26.25,2.83,87.39,4.34,-13.84,C0M410
曾文,23.219681,120.497328,0.42,27.47,2.88,87.81,7.21,-9.98,C0O810
玉井,23.126042,120.46055,0.49,27.81,-2.04,80.94,8.48,-6.34,C0O930
安南,23.076694,120.144861,-0.03,29.23,8.18,90.16,4.97,-3.66,C0O950
甲仙,23.080106,120.591758,0.48,26.48,-3.24,82.61,7.61,-10.78,C0V250
月眉,22.971003,120.539853,-0.53,27.77,1.88,79.71,13.42,0.66,C0V260
七股,23.147289,120.086253,0.42,29.22,-1.55,80.61,4.23,-5.4,C0X310
臺大竹山,23.756972,120.681556,0.04,27.46,9.98,91.07,16.38,3.61,U2HA50
臺大內茅埔,23.689722,120.851117,0.05,24.82,5.35,90.5,10.17,0.36,U2HA40
臺大和社,23.590856,120.888864,0.37,23.23,3.98,90.63,5.42,-3.92,U2HA30
臺大溪頭,23.670306,120.798194,0.83,20.91,1.61,92.55,16.76,1.64,U2H480
種苗繁殖,24.225972,120.800917,0.27,25.77,0.9,82.67,6.33,-8.15,K2F750
苗改生物防治研究中心,24.422861,120.871833,0.11,26.41,2.59,84.1,6.75,-2.67,K2E710
苗栗農改,24.495722,120.829111,0.26,27.87,7.11,85.7,6.97,-1.95,K2E360
農試鳳山分所,22.646611,120.356083,-0.08,28.75,3.01,80.77,10.82,-2.25,G2P820
農試溪口農場,23.58565,120.408111,0.91,28.58,0.66,81.7,7.83,3.44,G2M350
農試嘉義分所,23.485028,120.473806,-0.0,27.86,1.55,81.37,6.97,-2.02,G2L020
農業試驗所,24.031261,120.688133,0.57,28.35,-2.6,79.73,5.27,-5.63,G2F820
林試太麻里1,22.598922,120.980044,-1.43,26.81,9.17,85.87,9.5,6.83,E2S980
林試太麻里2,22.598014,120.989761,-1.19,27.46,7.6,84.17,5.3,3.0,E2S960
林試扇平站,22.9677,120.6857,-0.79,23.76,10.23,93.67,8.62,3.08,E2P990
林試六龜中心,22.991703,120.645722,-0.67,26.55,8.67,85.53,9.8,6.75,E2P980
四湖植物園,23.676986,120.163433,0.15,28.55,-0.1,85.0,4.52,-1.56,E2K600
林試畢祿溪站,24.226944,121.308522,-0.06,15.84,8.7,86.9,3.97,3.81,E2HA20
蓮華池,23.918333,120.885278,-1.02,24.0,7.66,90.6,13.55,-2.57,E2H360
畜試東區分所,24.669039,121.832561,-1.14,26.98,0.93,83.47,6.88,4.37,B2U990
畜試南區分所,21.945583,120.802167,-0.01,28.22,-2.28,81.57,12.05,2.71,B2Q810
畜試所,23.058972,120.336406,0.62,28.6,-3.79,80.13,2.68,-11.15,B2N890
畜試北區分所,24.527806,120.770972,0.02,27.35,2.25,83.9,2.8,-4.84,B2E890
臺南蘭花園區,23.340258,120.379661,-0.22,28.2,0.67,81.5,8.32,6.0,A2N290
臺大雲林校區,23.730628,120.423903,-0.49,28.04,0.03,79.67,8.5,4.9,A2K630
水試臺西試驗場,23.717231,120.190522,0.21,28.68,-3.31,82.1,1.19,-4.94,A2K360
農工中心,24.985917,121.239833,0.46,27.69,2.17,76.97,3.55,-4.06,A2C560
茶改東部分場,22.907694,121.130139,-0.23,26.85,3.74,85.6,4.73,-2.94,82S580
茶改南部分場,23.762528,120.7405,-0.37,25.3,0.12,87.9,18.87,4.71,82H840
茶改中部分場,23.875611,120.913583,-0.64,22.71,-0.4,88.3,13.57,-1.73,82H320
茶改場,24.908472,121.185333,0.53,27.22,-0.99,81.87,3.55,-5.0,82C160
茶改北部分場,24.955778,121.631222,0.93,25.38,2.06,87.77,14.57,1.26,82A750
高改旗南分場,22.857861,120.516667,-0.7,28.22,6.04,82.3,10.53,-5.11,72V140
花改蘭陽分場,24.686306,121.716583,0.5,27.41,-2.53,82.97,6.23,-0.24,72U480
花蓮農改,23.975222,121.563889,0.43,27.27,0.3,83.63,16.35,11.27,72T250
東改賓朗果園,22.813889,121.071278,-0.31,25.51,1.25,90.9,8.05,1.03,72S590
東改班鳩分場,22.829528,121.077694,-0.02,26.23,4.57,87.54,6.77,-0.91,72S200
高雄農改,22.709333,120.525889,0.34,28.84,-1.1,79.33,5.85,-9.12,72Q010
七股研究中心,23.081672,120.062894,0.14,29.16,-0.92,80.57,5.73,-0.66,72N240
臺南農改,23.0605,120.342194,0.33,28.47,0.34,83.17,2.57,-8.69,72N100
南改鹿草分場,23.416869,120.283061,0.3,28.85,1.98,82.43,4.35,-1.9,72M700
南改義竹分場,23.360694,120.279361,0.65,28.84,-6.45,79.03,3.5,-7.16,72M360
南改斗南分場,23.634556,120.477333,0.57,28.52,2.92,85.03,6.78,-3.16,72K220
中改埔里分場,23.903208,120.963364,0.25,24.23,-1.03,88.2,11.7,-3.45,72HA00
臺中農改,24.003028,120.534389,0.72,28.63,0.17,82.5,4.42,-4.11,72G600
桃改五峰分場,24.612194,121.157167,0.27,22.0,5.09,93.23,11.07,1.18,72D080
桃園農改,24.950944,121.030583,0.68,27.91,0.91,83.03,2.6,-4.71,72C440
桃改樹林分場,24.944503,121.386972,-1.24,27.56,2.8,79.77,8.95,5.05,72AI40
萬大發電廠,23.978875,121.139639,0.43,22.61,1.2,90.97,6.27,-2.85,42HA10
恆春工作站,22.079678,120.714425,-0.38,28.66,0.1,76.07,10.37,3.22,12Q980
東港工作站,22.479997,120.466058,-0.4,28.9,1.16,70.21,12.18,8.93,12Q970
口湖工作站,23.589978,120.180394,0.2,28.52,3.86,80.27,4.98,2.31,12J990
