站名,緯度,經度,平均溫距平,本年度平均溫,平均溼度距平,本年度日均相對溼度,本年度日均降水量,日均降水量距平,站號
淡水,25.164889,121.448906,0.96,18.72,-0.71,78.59,0.95,-3.78,466900
鞍部,25.182586,121.529731,0.12,13.16,0.38,89.38,2.51,-5.39,466910
臺北,25.037658,121.514853,0.93,19.86,-4.0,71.41,0.75,-4.75,466920
竹子湖,25.162078,121.544547,0.54,15.18,0.54,86.06,1.66,-4.49,466930
基隆,25.133314,121.740475,0.34,18.44,2.04,79.34,4.05,-4.23,466940
花蓮,23.975128,121.613275,0.73,20.9,0.07,76.25,0.69,-2.06,466990
新屋,25.006744,121.047486,0.39,18.36,3.12,84.88,0.84,-4.39,467050
宜蘭,24.763975,121.756528,0.43,19.44,6.54,84.31,1.46,-2.56,467080
金門,24.407306,118.289281,1.1,16.51,-2.31,73.69,2.07,-0.68,467110
澎湖,23.565503,119.563094,-0.08,19.87,1.6,79.84,0.31,-1.3,467350
臺南,22.993239,120.204772,-0.09,21.47,-2.6,70.03,0.01,-0.83,467410
永康,23.038386,120.2367,0.35,21.56,0.82,72.09,0.02,-0.79,467420
嘉義,23.495925,120.432906,0.13,20.32,1.75,79.78,0.47,-1.06,467480
臺中,24.145736,120.684075,0.54,20.68,-6.35,67.06,0.62,-1.86,467490
阿里山,23.508208,120.813242,-0.88,8.52,-10.64,71.34,1.27,-3.17,467530
大武,22.355675,120.903789,1.11,23.49,-5.9,66.44,0.52,-0.72,467540
玉山,23.487614,120.959522,0.21,1.67,-7.3,68.41,0.28,-2.63,467550
新竹,24.827853,121.014219,1.11,19.26,-4.54,73.66,0.76,-4.33,467571
恆春,22.003897,120.746339,-0.04,23.18,-3.21,67.75,0.05,-0.5,467590
成功,23.097486,121.373428,0.38,21.14,-1.22,75.75,2.65,0.17,467610
日月潭,23.881325,120.90805,0.24,17.01,-4.66,75.88,0.76,-2.34,467650
臺東,22.752211,121.154586,0.8,22.45,-2.87,70.03,0.34,-0.92,467660
馬祖,26.169269,119.923419,0.72,13.19,3.79,86.72,2.9,-0.75,467990
山佳,24.974944,121.402008,1.29,19.64,6.16,85.59,0.8,-4.6,C0A520
坪林,24.938183,121.70975,0.39,16.63,-6.11,83.56,1.39,-3.21,C0A530
泰平,24.971197,121.823711,0.36,15.58,-2.68,90.59,3.75,-4.4,C0A550
桶後,24.848222,121.597992,0.31,16.04,-4.19,87.62,1.98,-3.42,C0A570
石碇,24.993969,121.662917,0.48,16.95,-3.19,84.44,1.5,-3.64,C0A640
大坪,25.165914,121.632969,0.44,16.18,-4.25,86.34,6.38,-7.2,C0A860
五指山,25.132153,121.608692,2.15,15.96,-3.26,88.94,3.39,-4.09,C0A870
雙溪,25.036003,121.864242,1.13,18.49,-11.03,77.78,2.98,-3.42,C0A890
三和,25.233153,121.595236,-0.88,15.67,10.41,98.67,7.06,-5.93,C0A931
金山,25.223628,121.643967,0.21,17.61,0.17,85.09,3.91,-3.58,C0A940
鼻頭角,25.129036,121.923372,0.51,18.66,-2.13,81.25,1.39,-1.08,C0A950
三貂角,25.007606,122.002058,1.06,19.1,-4.61,79.78,3.47,-1.6,C0A970
社子,25.109508,121.469681,1.15,19.64,-1.48,77.84,0.78,-3.49,C0A980
天母,25.117494,121.537169,1.13,19.84,-8.19,67.22,0.55,-3.48,C0A9C0
內湖,25.079422,121.57545,0.97,19.8,-0.26,77.72,0.7,-3.35,C0A9F0
大屯山,25.175675,121.522408,0.7,12.38,-3.69,90.31,1.91,-4.05,C0AC40
三峽,24.939025,121.369728,0.8,19.26,-10.86,69.56,1.11,-4.3,C0AC60
信義,25.037822,121.564597,0.57,19.11,-7.56,71.38,0.8,-3.76,C0AC70
文山,25.00235,121.575728,0.23,18.51,-4.55,76.94,0.88,-3.66,C0AC80
新莊,25.051478,121.446756,0.47,19.35,-2.65,72.41,0.84,-3.71,C0ACA0
八里,25.150211,121.403947,0.86,19.06,-0.61,79.69,1.16,-3.03,C0AD10
蘆洲,25.086594,121.472331,1.09,20.08,-3.04,73.06,0.7,-3.15,C0AD30
土城,24.973208,121.445169,1.59,19.89,-6.24,73.69,0.92,-4.32,C0AD40
鶯歌,24.951533,121.346294,1.12,19.33,-7.44,75.26,0.91,-3.91,C0AD50
汐止,25.066881,121.658778,-0.17,18.12,-8.22,77.21,1.67,-3.92,C0AH00
永和,25.01125,121.508111,1.14,20.07,-5.03,72.25,0.8,-5.15,C0AH10
五分山,25.07125,121.780794,1.33,15.23,-2.4,91.78,5.38,-5.25,C0AH30
平等,25.129142,121.577086,1.54,18.37,-0.18,84.69,0.97,-3.02,C0AH40
林口,25.072181,121.38084,-0.2,17.26,-7.75,77.31,1.0,-3.48,C0AH50
松山,25.04871,121.55042,-0.8,19.4,-2.63,65.72,0.73,-3.95,C0AH70
深坑,25.002703,121.628328,-0.96,17.77,-1.76,83.31,1.17,-3.01,C0AH80
福山植物園,24.760717,121.58135,-0.77,14.02,0.88,93.72,1.97,-3.28,C0AH90
五股,25.07445,121.42728,0.67,19.23,-13.84,73.62,0.98,-5.1,C0AI00
屈尺,24.92184,121.54475,-0.14,18.77,-7.87,76.09,1.67,-4.47,C0AI10
白沙灣,25.283128,121.519058,-0.71,17.91,-1.33,78.34,2.52,-2.69,C0AI20
三重,25.057328,121.500629,-0.57,19.84,-10.91,72.06,0.64,-5.23,C0AI30
石牌,25.115597,121.513139,0.44,20.76,-1.02,71.62,0.56,-4.61,C0AI40
七堵,25.094819,121.71713,-0.54,18.44,-3.04,84.04,2.91,-3.87,C0B010
基隆嶼,25.19141,121.78391,-0.9,17.59,-0.38,85.81,1.92,-2.09,C0B020
復興,24.820208,121.352281,0.58,16.55,-6.82,76.59,1.56,-4.4,C0C460
桃園,24.992425,121.323172,1.19,19.36,-5.65,69.69,0.17,-4.77,C0C480
八德,24.928708,121.283289,0.79,18.68,-9.21,71.84,1.11,-4.78,C0C490
觀音,25.027072,121.153317,0.48,17.72,-8.42,73.0,1.56,-3.47,C0C590
蘆竹,25.084275,121.265767,0.92,18.75,-7.06,74.53,1.58,-3.12,C0C620
大溪,24.882853,121.265547,0.85,17.86,-5.22,73.97,1.25,-4.05,C0C630
平鎮,24.897503,121.214636,1.2,18.07,-8.02,73.22,0.92,-4.45,C0C650
楊梅,24.912375,121.143047,0.5,18.11,-5.03,74.56,1.52,-5.02,C0C660
龍潭,24.870056,121.221389,0.76,17.61,-7.28,75.09,1.48,-5.95,C0C670
龜山,25.02846,121.38656,-0.34,17.62,-3.27,76.16,0.98,-4.27,C0C680
中壢,24.977661,121.256375,-0.4,18.29,0.18,77.69,1.14,-3.92,C0C700
大溪永福,24.892936,121.324975,-0.79,17.33,9.01,95.32,1.34,-6.94,C0C710
梅花,24.678347,121.208558,-0.41,15.26,-7.28,79.72,0.13,-6.14,C0D360
峨眉,24.6905,121.017189,0.79,18.38,-9.68,77.42,1.02,-4.45,C0D430
打鐵坑,24.849664,121.150789,0.94,17.45,-8.84,77.28,1.17,-4.37,C0D480
橫山,24.71116,121.11693,0.56,17.59,-7.9,77.5,1.09,-4.65,C0D540
雪霸,24.526972,121.11605,-0.96,10.63,-5.49,74.16,1.33,-5.35,C0D550
竹東,24.767147,121.057881,1.76,19.07,-5.79,71.25,1.08,-4.2,C0D560
寶山,24.735006,121.025192,1.06,18.06,-6.79,77.72,1.12,-4.61,C0D580
新豐,24.87068,120.97721,0.9,17.92,-3.92,78.87,0.64,-4.03,C0D590
湖口,24.904794,121.043628,0.72,18.45,-8.95,73.66,1.0,-3.72,C0D650
新竹市東區,24.798681,120.986942,0.95,19.01,-6.44,71.81,1.14,-4.16,C0D660
竹南,24.708978,120.888897,0.65,18.53,-3.36,76.97,0.84,-3.31,C0E420
南庄,24.601775,121.000214,0.64,17.49,-5.36,80.0,1.33,-4.79,C0E430
明德,24.583486,120.885411,0.76,18.53,-10.37,74.91,1.05,-3.48,C0E550
通霄,24.471892,120.704622,0.54,18.98,-13.74,71.97,0.92,-2.54,C0E590
馬都安,24.451272,120.930192,0.45,16.25,-7.19,77.22,0.73,-4.16,C0E610
頭份,24.688247,120.912206,1.54,19.78,-4.36,72.74,1.18,-3.2,C0E730
造橋,24.637056,120.864778,0.77,18.91,-10.05,76.12,0.95,-3.54,C0E740
苗栗,24.564569,120.824575,1.02,19.57,-3.97,75.81,0.86,-3.63,C0E750
銅鑼,24.489681,120.790853,0.5,18.65,-4.89,78.47,0.7,-3.69,C0E780
西湖,24.562947,120.7485,0.48,18.35,-7.8,78.38,0.98,-2.61,C0E810
獅潭,24.539133,120.920042,0.56,17.97,-11.19,77.47,1.1,-4.05,C0E820
大河,24.618069,120.948578,0.58,18.24,-9.02,76.6,1.03,-5.59,C0E850
高鐵苗栗,24.60725,120.826094,-0.41,18.87,6.54,88.0,0.94,-3.31,C0E870
雪山圈谷,24.388594,121.236339,0.8,1.97,-8.58,67.96,2.48,-6.97,C0F0A0
石岡,24.276061,120.777644,-0.47,18.29,2.66,86.81,0.44,-3.13,C0F0B0
中坑,24.248517,120.903319,0.43,17.17,-12.83,73.41,1.03,-3.53,C0F0C0
審馬陣,24.381675,121.4203,-0.3,4.4,-9.39,66.28,0.92,-3.87,C0F0D0
南湖圈谷,24.363714,121.444667,-0.3,1.43,5.1,69.0,1.73,-9.88,C0F0E0
東勢,24.246428,120.833047,0.19,18.75,-8.57,72.97,0.55,-2.6,C0F850
大坑,24.173142,120.722289,1.31,21.39,-7.64,68.38,0.78,-1.7,C0F970
神岡,24.272481,120.658314,0.52,19.24,-7.89,77.44,0.5,-2.26,C0F9I0
大安,24.345061,120.588025,0.26,19.26,0.32,84.12,0.39,-2.04,C0F9K0
后里,24.310436,120.729725,0.59,19.23,-11.99,72.12,0.44,-2.42,C0F9L0
豐原,24.254322,120.720692,1.06,20.15,-9.74,70.53,0.53,-2.52,C0F9M0
大里,24.092464,120.701378,0.38,21.47,-10.56,62.78,1.09,-1.25,C0F9N0
潭子,24.213106,120.703933,1.22,21.18,-8.36,69.94,0.5,-2.2,C0F9O0
清水,24.312297,120.562242,0.16,19.47,-1.01,81.41,0.23,-2.0,C0F9P0
外埔,24.347817,120.705686,0.05,18.8,4.04,87.76,0.52,-2.17,C0F9Q0
龍井,24.184536,120.528972,0.39,20.15,-10.05,72.94,0.39,-1.73,C0F9R0
烏日,24.107058,120.624103,1.54,21.72,-1.92,73.03,0.81,-1.48,C0F9S0
西屯,24.179494,120.641275,0.48,20.18,-4.76,72.59,0.58,-1.76,C0F9T0
南屯,24.137006,120.637969,0.73,21.4,-7.4,66.47,0.59,-1.63,C0F9U0
新社,24.200172,120.815806,0.08,18.17,-9.67,74.04,1.0,-2.33,C0F9V0
大雅(中科園區),24.21528,120.62445,0.76,19.97,-6.64,72.38,0.53,-2.75,C0F9X0
桃山,24.432739,121.303808,0.19,4.16,-12.36,60.97,1.27,-5.82,C0F9Y0
雪山東峰,24.388792,121.268675,0.05,4.97,-10.27,60.22,1.45,-4.96,C0F9Z0
芬園,24.015678,120.6213,-0.05,19.67,-4.05,77.12,0.38,-1.63,C0G620
員林,23.946503,120.585597,-0.2,20.2,-4.88,74.53,0.47,-1.43,C0G650
溪湖,23.94835,120.479122,0.12,20.11,5.56,87.62,0.38,-1.34,C0G660
溪州,23.851589,120.499093,0.01,19.83,-7.98,71.47,0.83,-2.05,C0G720
二林,23.903325,120.376081,-0.03,19.41,-6.86,78.59,0.47,-1.28,C0G730
大城,23.852487,120.320935,-0.05,19.58,-3.1,75.69,0.47,-1.76,C0G740
福興,24.041289,120.437669,0.09,20.3,-5.8,73.47,0.67,-1.14,C0G770
秀水,24.03405,120.503869,0.02,20.19,-5.17,76.19,0.72,-1.16,C0G780
埔鹽,24.000394,120.431683,0.41,20.05,-6.84,78.44,0.55,-0.97,C0G800
埔心,23.947633,120.525456,-0.19,20.04,8.15,87.93,0.38,-1.5,C0G810
埤頭,23.866003,120.452806,0.24,20.11,-7.71,81.41,0.53,-0.98,C0G830
社頭,23.897647,120.5862,0.33,21.2,1.29,78.0,0.61,-1.59,C0G860
二水,23.810742,120.6173,1.69,22.19,-6.95,76.09,0.62,-1.2,C0G880
伸港,24.148933,120.484403,0.14,19.78,-4.92,76.78,0.33,-1.47,C0G890
線西,24.143358,120.443536,-1.68,19.73,1.38,84.09,0.25,-0.44,C0G900
花壇,24.032076,120.549461,-0.5,21.03,-2.15,75.5,0.73,-0.27,C0G910
埔里,23.972169,120.952425,0.1,19.51,-8.71,71.72,1.23,-3.07,C0H890
草屯,23.973672,120.68085,-0.12,20.23,-7.82,69.59,0.42,-1.54,C0H960
昆陽,24.121322,121.273642,-0.33,4.39,-15.91,67.25,1.72,-2.43,C0H990
神木村,23.532742,120.843667,0.4,14.05,-8.34,76.75,2.31,-1.82,C0H9A0
合歡山,24.143442,121.272547,0.73,3.69,-13.07,70.41,2.69,-7.3,C0H9C0
廬山,24.033311,121.181808,0.28,14.36,-15.6,64.53,1.77,-4.16,C0I010
信義,23.689694,120.851036,0.5,19.17,-11.17,70.75,1.03,-2.18,C0I080
竹山,23.761225,120.688156,0.83,20.5,-9.44,75.19,0.75,-1.59,C0I110
水里,23.812553,120.849792,0.34,19.94,-11.43,69.81,0.86,-2.65,C0I360
魚池,23.895703,120.94135,0.11,18.3,-10.69,73.16,0.86,-3.59,C0I370
集集,23.828206,120.801467,0.16,20.17,-9.62,71.0,0.73,-2.76,C0I380
仁愛,24.022122,121.132206,0.29,15.66,-14.39,69.53,1.66,-5.13,C0I390
名間,23.837053,120.701447,0.43,20.08,-9.55,70.38,0.58,-2.63,C0I410
國姓,24.037803,120.855072,0.24,19.87,-12.0,70.09,1.23,-2.56,C0I420
南投,23.911469,120.687331,0.08,20.53,-5.21,71.91,0.69,-2.69,C0I460
梅峰,24.085272,121.173572,-0.01,9.6,-10.5,74.78,2.31,-6.22,C0I480
萬大林道,23.928228,121.091411,0.89,14.29,-15.48,69.53,1.25,-3.84,C0I490
小奇萊,24.131764,121.295717,-0.35,3.98,-10.43,70.47,2.91,-8.11,C0I530
崙背,23.75555,120.318925,-0.11,19.56,-5.77,77.19,0.41,-1.9,C0K250
四湖,23.630414,120.227125,0.18,20.07,-3.16,76.53,0.34,-0.94,C0K280
宜梧,23.536281,120.169329,-0.03,19.87,-3.14,77.34,0.08,-1.27,C0K291
虎尾,23.719183,120.442036,0.17,20.28,-3.64,75.47,0.53,-1.1,C0K330
土庫,23.679029,120.395574,-0.08,19.88,-3.46,77.0,0.23,-2.01,C0K390
斗六,23.720583,120.541127,0.03,20.05,-9.92,71.72,0.42,-2.21,C0K400
北港,23.573957,120.292802,-0.2,19.95,-6.98,73.28,0.09,-1.98,C0K410
西螺,23.800407,120.467394,0.03,19.93,-6.67,73.09,0.78,-1.58,C0K420
褒忠,23.690938,120.303634,-0.2,19.55,-2.68,78.84,0.47,-1.75,C0K430
二崙,23.772797,120.408944,-0.19,19.51,-5.91,76.5,0.7,-1.06,C0K440
大埤,23.646074,120.431537,-0.3,19.8,-4.02,75.91,0.19,-1.94,C0K450
斗南,23.678734,120.478359,-0.16,19.85,-0.53,78.34,0.3,-2.02,C0K460
林內,23.748675,120.609642,-0.14,19.74,-6.01,76.0,0.55,-2.37,C0K470
莿桐,23.761192,120.502372,-0.33,19.42,-8.29,73.62,0.81,-1.7,C0K480
元長,23.64981,120.315024,-0.16,19.79,-3.3,75.47,0.25,-1.85,C0K500
水林,23.572924,120.24597,-0.19,19.92,-1.72,77.25,0.12,-1.95,C0K510
蔦松,23.514319,120.229736,-0.23,19.93,-4.35,76.0,0.12,-1.8,C0K550
棋山,23.68645,120.603417,0.03,20.11,-11.58,68.91,0.45,-2.79,C0K560
高鐵雲林,23.737456,120.417944,-1.26,19.51,-8.31,77.19,0.58,-1.49,C0K580
東後寮,23.369908,120.248065,-0.19,19.92,-5.7,75.22,0.14,-1.7,C0M520
奮起湖,23.493903,120.699253,-0.33,14.35,-6.97,80.75,0.67,-2.53,C0M530
中埔,23.42538,120.5229,-0.02,20.26,-10.22,68.69,0.31,-2.5,C0M640
朴子,23.43463,120.23902,-0.37,19.88,-3.15,75.56,0.25,-1.65,C0M650
溪口,23.604131,120.403569,-0.05,19.91,-7.63,74.22,0.23,-1.85,C0M660
大林,23.600616,120.45841,-0.1,20.17,-3.47,74.31,0.27,-2.67,C0M670
太保,23.455062,120.331455,-0.15,20.34,-8.02,72.28,0.62,-1.58,C0M680
水上,23.419734,120.388909,-0.09,20.26,-6.4,72.69,0.17,-2.0,C0M690
竹崎,23.526178,120.555508,-0.19,19.89,-8.22,73.22,0.55,-2.18,C0M700
東石,23.458927,120.15385,-0.18,20.0,-2.65,77.94,0.09,-2.02,C0M710
番路,23.464657,120.554156,0.08,19.85,-7.27,72.69,0.47,-2.31,C0M720
嘉義市東區,23.457673,120.460531,0.15,21.42,-5.42,69.16,0.33,-2.16,C0M730
六腳,23.492871,120.290625,-0.26,19.98,-1.83,77.94,0.16,-1.93,C0M740
布袋,23.380878,120.167789,-0.29,20.0,-3.41,76.81,0.41,-1.54,C0M750
民雄,23.551754,120.428457,-0.15,20.28,-3.42,75.5,0.25,-2.21,C0M760
嘉義梅山,23.585398,120.555587,-0.04,19.98,-9.69,71.06,0.47,-2.68,C0M770
鹿草,23.41134,120.30835,0.1,20.6,-4.38,73.06,0.23,-1.8,C0M780
新港,23.553269,120.345728,-0.32,20.05,-4.39,73.62,0.17,-2.07,C0M790
茶山,23.299075,120.664767,0.21,20.17,-11.32,68.66,0.0,-3.1,C0M800
里佳,23.389125,120.716647,-0.23,14.73,-8.75,75.31,0.38,-3.72,C0M810
達邦,23.453994,120.749517,0.13,17.0,-9.59,69.38,0.48,-3.09,C0M820
表湖,23.24186,120.64166,-0.14,19.22,-8.93,71.69,0.06,-2.56,C0M850
新美,23.338017,120.683169,-2.51,19.55,-5.33,70.25,0.19,-2.58,C0M860
北寮,23.079561,120.495008,0.61,21.87,-8.7,70.24,0.0,-1.33,C0O830
王爺宮,23.222064,120.40085,1.64,22.07,-13.07,69.94,0.02,-1.66,C0O840
大內,23.11885,120.36083,-0.68,20.79,-1.65,78.91,0.0,-1.24,C0O860
善化,23.112883,120.297219,0.07,20.95,-6.77,75.5,0.0,-0.94,C0O900
崎頂,22.959547,120.369317,0.37,21.39,-4.98,74.81,0.0,-1.31,C0O960
虎頭埤,23.021375,120.347878,-0.29,20.72,-4.99,75.28,0.0,-1.28,C0O970
新市,23.061614,120.298197,0.47,21.82,-13.25,67.75,0.05,-1.09,C0O980
媽廟,22.99175,120.293525,-0.33,21.11,-0.72,78.0,0.05,-1.27,C0O990
尾寮山,22.833111,120.683889,0.11,17.02,-10.84,77.69,0.08,-1.7,C0R100
阿禮,22.742908,120.743678,0.56,17.92,-13.51,68.56,0.03,-1.56,C0R130
瑪家,22.682903,120.686639,-0.17,18.52,1.54,85.25,0.36,-1.31,C0R140
三地門,22.709889,120.639944,0.13,22.92,-11.96,61.47,0.0,-0.84,C0R150
鹽埔,22.739558,120.530778,-0.33,21.92,-3.76,79.22,0.0,-0.97,C0R160
赤山,22.592333,120.614306,-0.26,22.15,-10.29,69.38,0.16,-1.44,C0R190
潮州,22.534361,120.54,0.33,22.98,-10.3,68.78,0.2,-0.55,C0R220
琉球嶼,22.332244,120.362236,-0.15,22.85,-4.05,74.28,0.08,-0.62,C0R270
車城,22.0744,120.716247,-0.77,23.03,-6.07,70.16,0.0,-0.39,C0R320
牡丹,22.130036,120.792639,-0.59,20.79,-4.7,81.72,0.2,-0.35,C0R341
貓鼻頭,21.921774,120.7358,0.14,23.02,-3.31,77.66,0.08,-0.35,C0R350
大漢山,22.405264,120.753181,-1.57,11.62,-4.88,89.38,0.39,-3.46,C0R440
高樹,22.826389,120.600806,0.05,22.7,-8.1,67.62,0.03,-1.14,C0R470
長治,22.693128,120.542622,0.36,23.08,-10.02,67.31,0.0,-1.14,C0R480
九如,22.7405,120.490503,1.13,23.72,-5.69,73.62,0.0,-0.93,C0R490
崁頂,22.514781,120.506914,0.09,22.63,0.12,81.5,0.0,-1.24,C0R520
佳冬,22.419456,120.552375,-0.67,22.03,-5.88,72.44,0.14,-0.98,C0R540
新埤,22.467947,120.582894,0.66,23.38,-11.18,68.31,0.0,-1.15,C0R550
新園,22.5434,120.461558,-0.1,22.52,-7.27,71.78,0.05,-1.26,C0R560
麟洛,22.65078,120.52719,0.01,22.85,-10.69,66.03,0.12,-1.01,C0R570
南州,22.48591,120.50274,-0.56,21.96,0.52,79.91,0.0,-1.11,C0R580
里港,22.77919,120.49459,0.23,22.66,-1.56,76.53,0.0,-1.04,C0R590
舊泰武,22.588194,120.664944,-0.14,18.44,-10.42,76.28,0.05,-2.54,C0R600
墾雷,21.900836,120.855269,0.12,22.99,0.88,79.03,1.05,0.07,C0R620
東港,22.46247,120.44074,-1.38,22.4,-7.21,72.38,0.0,-0.9,C0R640
竹田,22.58486,120.54344,-1.37,22.38,-6.39,76.59,0.03,-1.33,C0R650
枋寮,22.367722,120.590647,-1.38,22.27,-3.05,75.44,0.31,-1.49,C0R660
楓港,22.190131,120.692156,-1.49,22.43,-5.69,66.44,0.0,-0.66,C0R670
佳樂水,21.993578,120.861633,-0.65,23.01,-7.5,73.62,0.3,-0.74,C0R680
墾丁,21.966756,120.810269,-0.65,20.87,-6.26,81.91,0.19,-0.43,C0R690
枋山,22.246844,120.661086,-1.16,22.62,-3.31,68.5,0.0,-1.16,C0R700
旭海,22.205403,120.887614,-0.76,20.87,-6.37,79.53,1.23,-3.07,C0R720
下馬,23.150427,121.070312,-0.75,16.58,-6.08,80.56,0.19,-1.66,C0S660
太麻里,22.60902,120.98533,0.6,18.4,-4.2,84.25,0.7,-0.82,C0S690
知本,22.684866,121.005642,0.46,18.17,-3.3,86.41,1.28,-0.76,C0S700
鹿野,22.917711,121.122994,1.11,18.96,-6.68,81.22,0.23,-1.44,C0S710
綠島,22.6672,121.47533,0.77,21.68,-3.74,84.09,2.16,-1.58,C0S730
池上,23.119628,121.209469,0.81,19.3,-6.86,80.72,0.11,-0.82,C0S740
向陽,23.248397,120.986133,-0.18,9.38,-3.9,76.88,1.2,-3.26,C0S750
紅石,23.069131,121.126219,0.46,11.89,-2.32,92.88,0.61,-1.09,C0S760
大溪山,22.478475,120.943325,0.32,18.99,-4.69,85.41,0.98,-1.33,C0S770
金崙,22.538122,120.966875,0.67,21.0,-6.04,77.81,0.72,-1.04,C0S790
東河,22.972672,121.303986,-0.21,21.41,-6.35,76.88,0.72,-1.4,C0S810
長濱,23.286817,121.411975,0.83,20.2,-7.68,78.12,0.94,-0.49,C0S830
南田,22.279725,120.889208,0.33,22.45,-7.59,76.34,0.84,-0.88,C0S840
關山,23.0395,121.175017,0.91,20.0,-5.63,80.66,0.56,-0.95,C0S890
蘭嶼高中,22.04909,121.51214,-0.78,22.91,2.07,80.19,4.5,-2.92,C0S900
蘭嶼燈塔,22.081197,121.503117,-0.83,21.28,-8.11,82.5,3.64,-0.45,C0S910
金峰嘉蘭,22.594789,120.960825,-1.18,20.81,-4.66,77.41,0.2,-2.02,C0S920
延平,22.902581,121.084058,-0.6,19.97,-6.89,75.69,0.05,-1.36,C0S930
石寧山,23.223772,121.406639,-0.17,20.61,-5.96,80.69,1.33,-0.3,C0S940
七塊厝,22.954453,121.229922,-0.87,18.48,-5.47,84.59,0.44,-1.93,C0S950
香蘭,22.587569,120.993375,-0.7,22.05,-2.36,74.19,0.34,-1.3,C0S960
加津林,22.416211,120.926942,-0.46,22.23,-5.96,72.62,0.86,-2.72,C0S970
勝林山,22.430439,120.8938,-1.81,15.55,-3.93,90.72,1.77,-2.99,C0S980
山豬窟,22.318619,120.857372,-0.88,19.46,-2.28,85.66,0.72,-2.2,C0S990
歷坵,22.520969,120.89185,-0.38,18.83,-8.46,83.31,0.17,-1.94,C0SA00
檳榔四格山,22.810031,121.109308,-0.48,19.29,-7.2,80.34,0.42,-1.34,C0SA10
金崙山,22.567419,120.959667,-0.89,16.03,-0.57,93.78,1.58,-1.91,C0SA20
都歷,23.020333,121.323642,-0.03,21.32,-6.91,74.09,0.92,-10.11,C0SA30
瑞和,22.974361,121.156697,-0.52,19.93,-5.06,79.97,0.3,-1.99,C0SA40
土坂,22.453108,120.887572,-0.71,20.72,-6.01,78.38,0.19,-2.02,C0SA80
大禹嶺,24.186117,121.316086,-0.33,7.1,-9.72,63.38,1.92,-4.37,C0T790
天祥,24.179597,121.495639,0.81,17.21,1.39,83.03,0.66,-1.86,C0T820
鯉魚潭,23.935639,121.508944,-0.09,17.98,-3.57,85.88,1.45,-2.02,C0T870
西林,23.8119,121.441458,0.82,19.35,-1.63,78.81,1.08,-1.64,C0T900
光復,23.660694,121.424964,0.6,19.46,-5.32,82.97,1.89,-1.18,C0T960
月眉山,23.809928,121.539828,0.77,17.31,-4.41,87.41,1.06,-1.99,C0T9A0
水源,23.991861,121.537169,0.75,16.86,-3.11,86.66,3.23,-1.98,C0T9B0
和中,24.26676,121.74103,-0.27,19.52,-6.51,77.16,2.19,-1.83,C0T9D0
大坑,23.880628,121.581981,0.63,17.6,-2.42,86.94,1.58,-2.3,C0T9E0
水璉,23.797131,121.542514,0.5,19.41,-3.75,81.03,0.95,-1.85,C0T9F0
鳳林山,23.735269,121.420131,-0.34,16.76,-4.55,87.66,2.7,-1.3,C0T9G0
加路蘭山,23.682947,121.5274,0.73,16.28,-3.1,90.44,2.91,-2.33,C0T9H0
豐濱,23.583897,121.514806,0.68,19.27,-3.49,82.16,3.14,-0.58,C0T9I0
靜浦,23.455167,121.495028,0.92,20.43,-8.24,80.38,1.95,-1.09,C0T9M0
富里,23.171639,121.249378,-0.53,19.36,-4.73,82.62,0.27,-0.52,C0T9N0
雙連埤,24.753033,121.641303,0.37,15.29,-2.58,92.03,2.81,-2.95,C0U520
礁溪,24.817539,121.765608,0.36,18.97,-4.5,78.28,1.12,-2.82,C0U600
玉蘭,24.675286,121.587061,0.58,16.68,1.07,85.38,3.19,-2.42,C0U650
太平山,24.505486,121.525656,-0.5,9.24,1.05,90.66,1.25,-2.6,C0U710
南山,24.43742,121.38167,-0.59,12.85,-8.34,87.94,1.17,-3.86,C0U720
龜山島,24.841667,121.953133,-0.36,16.52,-7.56,87.38,1.94,-1.11,C0U750
東澳,24.52196,121.83318,-0.59,18.59,-4.21,82.66,2.41,-2.43,C0U760
南澳,24.44935,121.81022,-0.36,19.62,-3.31,74.62,1.0,-1.6,C0U770
五結,24.68637,121.79794,0.16,18.93,-3.08,77.75,2.62,-2.14,C0U780
頭城,24.85323,121.8308,-0.62,19.3,-1.2,79.09,1.53,-2.1,C0U860
大礁溪,24.791042,121.675047,-0.35,16.56,1.42,85.81,2.2,-1.8,C0U870
三星,24.66812,121.65302,-0.52,18.55,-1.6,84.12,1.91,-1.09,C0U890
內城,24.71813,121.68766,-0.22,19.08,-5.95,77.5,1.69,-1.04,C0U900
冬山,24.63373,121.7937,-0.3,19.28,10.35,88.78,2.3,-1.01,C0U910
羅東,24.68184,121.74934,0.03,19.44,-5.2,78.22,1.91,-0.73,C0U940
鶯子嶺,24.89754,121.79244,-0.02,12.68,-1.79,95.25,3.34,-3.72,C0U950
翠峰湖,24.510856,121.608044,-0.65,8.57,2.17,94.88,1.52,-1.42,C0U960
大福,24.80064,121.81389,-0.7,19.01,2.45,80.84,1.38,-1.44,C0U970
坪林石牌,24.86478,121.77396,-0.36,15.41,-1.16,93.56,1.88,-2.75,C0U980
員山,24.74435,121.72247,-0.47,19.26,-0.13,79.09,1.5,-1.05,C0U990
土場,24.576533,121.495333,-0.26,17.38,-1.89,82.53,0.83,-2.52,C0UA00
鴛鴦湖,24.590269,121.412228,-0.81,9.64,0.23,92.06,1.92,-3.12,C0UA10
多加屯,24.368614,121.373189,-0.24,6.77,-8.59,70.03,1.12,-3.3,C0UA20
白嶺,24.527819,121.519031,-0.37,11.53,-3.72,91.34,1.95,-3.39,C0UA30
西德山,24.560647,121.752608,-0.31,12.7,-1.58,93.0,3.42,-1.75,C0UA40
西帽山,24.555361,121.802628,0.0,14.51,-2.09,91.12,6.47,-3.2,C0UA50
樟樹山,24.41393,121.78325,-0.22,16.27,2.98,90.03,2.38,-2.51,C0UA60
桃源谷,24.962606,121.888875,-0.2,15.47,-5.28,89.5,4.36,-3.02,C0UA70
復興,23.222403,120.806089,1.0,20.01,-13.73,62.47,0.17,-2.77,C0V210
美濃,22.898742,120.519153,0.87,23.01,-10.5,67.62,0.0,-0.96,C0V310
溪埔,22.738578,120.446797,-0.84,21.31,-4.32,73.69,0.0,-0.89,C0V350
內門,22.975481,120.466769,0.0,21.17,-5.87,72.19,0.0,-1.41,C0V360
阿公店,22.804194,120.355528,-0.31,21.24,-9.26,71.34,0.0,-0.9,C0V400
鳳山,22.646653,120.356122,0.58,23.09,-0.75,72.84,0.0,-0.98,C0V440
鳳森,22.545064,120.392592,-0.15,22.3,-11.06,65.47,0.0,-1.32,C0V450
新興,22.627422,120.298803,0.34,22.9,-14.24,58.53,0.0,-0.69,C0V490
阿蓮,22.883208,120.327508,0.6,22.24,-10.76,70.97,0.0,-1.18,C0V530
梓官,22.760558,120.267211,-0.02,21.99,-0.4,76.03,0.0,-0.98,C0V610
永安,22.82315,120.236856,0.18,21.87,-8.21,71.88,0.0,-1.16,C0V620
茄萣,22.906642,120.182608,-0.36,21.15,-0.92,73.22,0.0,-1.16,C0V630
湖內,22.887139,120.2445,-0.64,21.02,-1.99,75.72,0.0,-1.08,C0V640
彌陀,22.783806,120.246361,0.15,22.09,-2.68,75.66,0.0,-0.99,C0V650
岡山,22.797078,120.294958,0.1,22.46,-11.66,62.84,0.0,-1.11,C0V660
仁武,22.701083,120.347722,-0.31,22.29,-0.81,74.03,0.0,-0.99,C0V680
鼓山,22.623325,120.275575,-0.86,21.69,-5.33,70.62,0.0,-0.98,C0V690
三民,22.645017,120.311233,-0.31,22.69,-1.62,68.41,0.0,-1.02,C0V700
苓雅,22.622742,120.330669,0.43,23.2,0.54,69.75,0.0,-1.06,C0V710
林園,22.507747,120.394511,-0.71,22.83,-4.63,66.5,0.0,-1.24,C0V720
大寮,22.605614,120.395717,-0.27,22.58,-6.95,65.84,0.0,-1.16,C0V730
旗山,22.888614,120.483597,0.69,22.86,-6.46,68.31,0.0,-1.08,C0V740
路竹,22.854997,120.259439,0.44,22.51,-8.47,67.94,0.0,-1.15,C0V750
橋頭,22.757806,120.30575,-0.37,22.14,3.65,79.62,0.0,-0.9,C0V760
大社,22.730306,120.346639,-0.39,22.06,6.8,80.59,0.0,-0.93,C0V770
萬山,22.905944,120.688056,-0.09,20.79,-4.78,70.59,0.02,-1.79,C0V790
六龜,22.997889,120.633583,0.51,22.28,-6.65,68.47,0.0,-1.93,C0V800
小林,23.148408,120.63325,-0.8,20.49,-8.17,69.72,0.09,-1.97,C0V820
東莒,25.9652,119.98069,0.44,13.68,-2.69,81.91,2.05,-1.62,C0W110
西嶼,23.5626,119.468436,-0.7,19.27,-3.72,79.72,0.41,-1.46,C0W120
花嶼,23.40007,119.32276,-0.93,19.69,-1.26,78.03,0.12,-1.01,C0W130
金沙,24.488292,118.408778,0.0,16.26,-7.09,69.78,1.88,-0.73,C0W140
金寧,24.457703,118.328989,0.13,17.21,-7.68,70.41,1.72,-0.52,C0W150
東河,23.296598,120.385608,-0.15,20.58,-9.75,71.06,0.05,-2.21,C0X050
下營,23.22695,120.256261,-0.13,20.44,-8.34,70.84,0.03,-1.58,C0X060
佳里,23.173039,120.145086,-0.23,20.52,0.9,80.09,0.02,-0.99,C0X080
臺南市北區,23.010394,120.194228,-0.26,21.45,-4.36,70.38,0.0,-1.28,C0X100
臺南市南區,22.961189,120.188378,-0.29,21.75,-14.17,61.0,0.02,-1.25,C0X110
麻豆,23.183289,120.248611,0.18,21.46,-1.85,77.22,0.02,-1.13,C0X120
官田,23.193217,120.315422,-0.08,21.34,-7.36,70.28,0.02,-1.38,C0X130
安定,23.102614,120.227839,-0.16,20.9,-4.19,77.22,0.03,-1.33,C0X150
仁德,22.968258,120.257689,-0.13,21.67,-4.33,71.56,0.03,-1.31,C0X160
關廟,22.963017,120.327797,-0.78,20.98,1.13,76.56,0.0,-1.44,C0X170
山上,23.0757,120.363253,0.1,21.29,-0.84,79.22,0.02,-1.14,C0X180
安平,22.993161,120.152181,-0.61,20.97,-3.54,74.38,0.02,-1.22,C0X190
左鎮,23.056758,120.408522,0.27,21.02,-11.23,70.38,0.02,-1.22,C0X200
白河,23.347466,120.414427,-0.15,20.48,-9.4,70.69,0.08,-1.85,C0X210
學甲,23.230367,120.182187,-0.5,19.87,-5.95,72.53,0.08,-1.49,C0X220
鹽水,23.272621,120.247641,-0.21,19.97,-4.35,74.79,0.07,-1.44,C0X230
關子嶺,23.331169,120.508025,-0.32,18.71,-7.82,75.38,0.14,-2.64,C0X240
新營,23.310689,120.316681,-0.16,20.66,-6.88,70.34,0.06,-2.37,C0X250
後壁,23.366358,120.362326,-0.21,20.3,-8.73,71.31,0.09,-1.81,C0X260
將軍,23.214999,120.13577,-0.42,19.98,-3.06,76.59,0.02,-1.21,C0X280
北門,23.267772,120.125481,-0.37,20.14,-2.49,77.03,0.11,-1.63,C0X290
鹿寮,23.386047,120.477331,-0.23,20.02,-6.35,75.47,0.12,-2.56,C0X300
柳營,23.253328,120.375253,-1.62,20.71,-5.76,70.56,0.05,-2.76,C0X320
明里,23.208717,121.262342,0.78,19.3,-6.58,82.97,0.25,-0.79,C0Z020
佳心,23.34567,121.21316,0.55,15.7,2.28,90.19,0.59,-0.89,C0Z050
玉里,23.3215,121.339656,0.61,19.6,-8.85,77.62,0.67,-0.95,C0Z061
舞鶴,23.46811,121.37407,0.98,19.02,-5.07,84.56,0.47,-0.94,C0Z070
富源,23.587642,121.378225,0.39,18.65,2.54,92.33,1.59,-1.1,C0Z080
東華,23.89525,121.549833,0.61,19.88,-2.1,84.0,1.03,-2.25,C0Z100
吉安光華,23.930925,121.595153,0.04,20.23,-4.02,79.78,0.8,-1.52,C0Z150
鳳林,23.746114,121.453411,0.06,19.62,7.01,91.25,1.11,-2.43,C0Z160
卓溪,23.3443,121.3029,-0.03,20.04,-6.58,75.69,0.48,-1.35,C0Z170
新城,24.03946,121.60454,-0.22,20.21,7.98,86.44,1.08,-2.59,C0Z180
富世,24.14743,121.6297,-0.12,20.23,-9.56,72.59,1.42,-1.73,C0Z190
萬榮,23.709219,121.420106,-0.03,19.19,-0.13,87.16,1.05,-1.89,C0Z200
瑞穗,23.5239,121.39021,0.32,19.64,-5.07,81.22,0.94,-1.63,C0Z210
和平林道,24.343922,121.656317,0.29,17.03,-5.7,81.66,1.02,-1.29,C0Z220
和平,24.30717,121.77007,0.29,20.67,-3.75,71.41,1.28,-2.94,C0Z230
瑞穗林道,23.49284,121.30688,-0.92,13.3,-2.97,93.56,3.59,-1.79,C0Z250
蕃薯寮,23.73835,121.540108,0.1,18.19,-16.73,72.06,2.38,-2.94,C0Z270
德武,23.47426,121.41071,0.14,19.53,1.59,90.42,0.5,-1.74,C0Z280
赤柯山,23.36893,121.38293,-0.27,14.75,-1.3,92.84,1.22,-1.79,C0Z290
東里,23.26853,121.30547,0.04,19.7,-7.99,80.34,0.23,-1.83,C0Z300
清水斷崖,24.218294,121.689142,0.42,20.77,-7.09,75.75,2.72,-1.37,C0Z310
清水林道,23.27125,121.188272,-0.56,16.02,-3.77,85.47,2.28,-1.22,C0Z320
安通山,23.290728,121.348528,-0.12,17.87,-2.34,86.28,1.5,-1.24,C0Z330
口湖工作站,23.589978,120.180394,-0.98,19.94,-1.85,73.26,0.1,-0.77,12J990
東港工作站,22.479997,120.466058,-0.99,22.79,-7.35,60.26,0.0,-0.65,12Q970
恆春工作站,22.079678,120.714425,-0.63,23.14,-5.44,62.81,0.0,-0.51,12Q980
萬大發電廠,23.978875,121.139639,-0.27,16.73,-3.83,80.52,2.74,1.07,42HA10
桃改樹林分場,24.944503,121.386972,-0.79,18.8,-7.55,72.06,0.95,-6.94,72AI40
桃園農改場,24.950944,121.030583,1.03,18.45,-1.4,78.16,1.02,-3.34,72C440
桃改五峰分場,24.612194,121.157167,0.71,14.45,-5.04,83.94,1.47,-4.49,72D080
臺中農改場,24.003028,120.534389,0.44,20.0,-3.57,76.13,0.19,-1.53,72G600
中改埔里分場,23.903208,120.963364,-1.15,17.64,-7.53,78.52,0.9,-2.28,72HA00
南改斗南分場,23.634556,120.477333,0.29,20.15,-1.83,78.16,0.39,-1.34,72K220
南改義竹分場,23.360694,120.279361,0.06,20.13,-9.15,72.42,0.18,-0.91,72M360
南改鹿草分場,23.416869,120.283061,-1.08,19.92,-4.88,76.48,0.26,-1.33,72M700
臺南農改場,23.0605,120.342194,-0.8,20.61,-2.92,74.71,0.03,-0.55,72N100
七股研究中心,23.081672,120.062894,-1.34,20.58,-4.07,76.13,0.0,-1.79,72N240
高雄農改場,22.709333,120.525889,-0.04,22.71,-9.45,66.45,0.02,-0.58,72Q010
東改班鳩分場,22.829528,121.077694,0.92,20.09,-4.83,77.19,0.58,-0.81,72S200
東改賓朗果園,22.813889,121.071278,0.25,19.43,-11.11,78.32,0.76,-0.61,72S590
花蓮農改場,23.975222,121.563889,0.73,20.09,-4.63,77.45,1.42,-0.88,72T250
花改蘭陽分場,24.686306,121.716583,0.83,19.42,-5.07,76.61,1.97,-1.42,72U480
高改旗南分場,22.857861,120.516667,-1.03,21.55,0.41,72.26,0.0,-0.58,72V140
茶改北部分場,24.955778,121.631222,1.06,16.57,-1.96,82.45,1.77,-5.2,82A750
茶改場,24.908472,121.185333,1.06,17.88,-6.15,77.74,1.23,-4.83,82C160
茶改中部分場,23.875611,120.913583,-0.41,17.19,-1.23,83.71,0.84,-1.88,82H320
茶改南部分場,23.762528,120.7405,0.04,18.67,-15.77,72.65,1.06,-1.35,82H840
茶改東部分場,22.907694,121.130139,0.64,20.41,-6.81,75.65,0.27,-0.91,82S580
農工中心,24.985917,121.239833,0.84,18.24,-3.85,73.23,1.08,-4.13,A2C560
水試臺西試驗場,23.717231,120.190522,0.06,20.0,-3.44,77.55,0.26,-0.08,A2K360
臺大雲林校區,23.730628,120.423903,-1.4,19.57,-6.94,72.71,0.48,-0.52,A2K630
臺南蘭花園區,23.340258,120.379661,-1.6,20.2,-11.55,66.16,0.05,-1.26,A2N290
畜試北區分所,24.527806,120.770972,-0.37,18.22,-6.6,77.71,0.94,-3.83,B2E890
畜產試驗所,23.058972,120.336406,0.11,20.9,-7.5,71.29,0.03,-0.8,B2N890
畜試南區分所,21.945583,120.802167,0.18,23.2,-6.92,67.52,0.06,-0.73,B2Q810
畜試東區分所,24.669039,121.832561,-0.54,18.77,-4.23,79.61,3.05,-0.68,B2U990
蓮華池,23.918333,120.885278,-0.63,17.73,-6.04,78.23,1.02,-1.76,E2H360
林試畢祿溪站,24.226944,121.308522,-1.91,8.93,-12.55,67.29,1.63,-3.21,E2HA20
四湖植物園,23.676986,120.163433,-1.19,19.75,-4.4,78.74,0.5,-2.19,E2K600
林試六龜中心,22.991703,120.645722,-0.88,21.39,-8.35,68.13,0.02,-1.27,E2P980
林試扇平站,22.9677,120.6857,-0.71,19.17,-8.35,73.58,0.0,-0.35,E2P990
林試太麻里2,22.598,120.99775,-0.43,21.96,-7.9,70.87,0.34,-1.39,E2S960
林試太麻里1,22.598922,120.980044,-0.66,21.05,-6.16,73.9,0.61,-1.32,E2S980
農試所(霧峰),24.031261,120.688133,0.27,20.37,-7.24,72.16,0.36,-1.68,G2F820
農試嘉義分所,23.485028,120.473806,-0.17,19.77,-6.66,73.16,0.26,-1.31,G2L020
農試溪口農場,23.58565,120.408111,0.46,20.36,-1.59,77.1,0.15,-1.04,G2M350
農試鳳山分所,22.646611,120.356083,-0.44,22.31,-16.42,67.03,0.0,-0.66,G2P820
苗栗農改場,24.495722,120.829111,0.74,18.59,-0.42,81.55,1.26,-2.86,K2E360
苗改生物防治研究中心,24.422861,120.871833,-0.57,17.59,-4.51,79.9,0.87,-3.73,K2E710
種苗改良場,24.225972,120.800917,0.06,17.62,-6.05,75.23,0.65,-2.51,K2F750
溪頭,23.670306,120.798194,-0.16,14.35,-6.31,83.29,1.47,-1.69,U2H480
臺大和社,23.590856,120.888864,-0.82,17.26,-5.76,76.42,0.98,-2.45,U2HA30
臺大內茅埔,23.689722,120.851117,-0.65,18.96,-6.11,75.32,1.02,-2.48,U2HA40
臺大竹山,23.756972,120.681556,-0.58,20.07,-6.94,75.55,0.77,-2.14,U2HA50
蘇澳,24.596736,121.857372,0.61,19.57,0.9,79.31,3.52,-2.83,467060
三芝,25.258131,121.501917,0.54,18.22,-2.84,79.06,4.34,-2.64,C0AD00
關西,24.7982,121.1739,0.89,18.26,-7.8,74.69,1.2,-4.38,C0D390
大湖,24.41494,120.87087,2.63,19.97,-8.08,79.27,0.7,-3.48,C0E520
三義,24.40548,120.74982,0.46,18.71,0.03,92.87,0.94,-2.56,C0E880
大肚,24.15295,120.572117,-0.13,18.29,-10.04,75.28,0.56,-1.45,C0F000
大甲,24.347667,120.640403,2.04,20.6,-5.77,79.33,0.48,-2.4,C0F930
中竹林,24.103556,120.751061,0.48,19.25,1.05,82.73,1.05,-1.4,C0F9A0
鹿港,24.0753,120.430481,1.82,21.04,11.37,94.33,0.55,-1.13,C0G640
芳苑,23.922303,120.320025,1.38,21.32,-5.16,78.33,0.02,-1.62,C0G870
中寮,23.884447,120.766406,1.79,21.27,-4.97,79.33,0.86,-1.57,C0H950
鳳凰,23.728081,120.787347,2.02,18.39,2.03,91.53,0.84,-2.23,C0I090
草嶺,23.59555,120.693461,2.04,17.99,-9.84,79.67,1.3,-0.82,C0K240
馬頭山,23.324361,120.582017,0.9,21.62,-11.02,69.58,0.06,-1.53,C0M410
曾文,23.219681,120.497328,1.17,22.45,-8.94,72.79,0.02,-1.21,C0O810
玉井,23.126042,120.46055,1.39,22.38,-11.59,68.04,0.0,-1.05,C0O930
安南,23.076694,120.144861,0.41,21.7,4.53,86.71,0.0,-1.34,C0O950
萬丹,22.587775,120.490394,-2.43,20.64,-15.6,59.91,0.0,-1.36,C0R510
甲仙,23.080106,120.591758,1.13,22.11,-10.18,68.08,0.0,-1.13,C0V250
月眉,22.971003,120.539853,1.61,23.91,-8.53,65.83,0.0,-1.44,C0V260
七股,23.147289,120.086253,-0.37,20.34,-2.45,76.28,0.02,-1.21,C0X310
臺大竹山,23.756972,120.681556,-0.58,20.07,-6.94,75.55,0.77,-2.14,U2HA50
臺大內茅埔,23.689722,120.851117,-0.65,18.96,-6.11,75.32,1.02,-2.48,U2HA40
臺大和社,23.590856,120.888864,-0.82,17.26,-5.76,76.42,0.98,-2.45,U2HA30
臺大溪頭,23.670306,120.798194,-0.16,14.35,-6.31,83.29,1.47,-1.69,U2H480
種苗繁殖,24.225972,120.800917,0.06,17.62,-6.05,75.23,0.65,-2.51,K2F750
苗改生物防治研究中心,24.422861,120.871833,-0.57,17.59,-4.51,79.9,0.87,-3.73,K2E710
苗栗農改,24.495722,120.829111,0.74,18.59,-0.42,81.55,1.26,-2.86,K2E360
農試鳳山分所,22.646611,120.356083,-0.44,22.31,-16.42,67.03,0.0,-0.66,G2P820
農試溪口農場,23.58565,120.408111,0.46,20.36,-1.59,77.1,0.15,-1.04,G2M350
農試嘉義分所,23.485028,120.473806,-0.17,19.77,-6.66,73.16,0.26,-1.31,G2L020
農業試驗所,24.031261,120.688133,0.27,20.37,-7.24,72.16,0.36,-1.68,G2F820
林試太麻里1,22.598922,120.980044,-0.66,21.05,-6.16,73.9,0.61,-1.32,E2S980
林試太麻里2,22.598014,120.989761,-0.43,21.96,-7.9,70.87,0.34,-1.39,E2S960
林試扇平站,22.9677,120.6857,-0.71,19.17,-8.35,73.58,0.0,-0.35,E2P990
林試六龜中心,22.991703,120.645722,-0.88,21.39,-8.35,68.13,0.02,-1.27,E2P980
四湖植物園,23.676986,120.163433,-1.19,19.75,-4.4,78.74,0.5,-2.19,E2K600
林試畢祿溪站,24.226944,121.308522,-1.91,8.93,-12.55,67.29,1.63,-3.21,E2HA20
蓮華池,23.918333,120.885278,-0.63,17.73,-6.04,78.23,1.02,-1.76,E2H360
畜試東區分所,24.669039,121.832561,-0.54,18.77,-4.23,79.61,3.05,-0.68,B2U990
畜試南區分所,21.945583,120.802167,0.18,23.2,-6.92,67.52,0.06,-0.73,B2Q810
畜試所,23.058972,120.336406,0.11,20.9,-7.5,71.29,0.03,-0.8,B2N890
畜試北區分所,24.527806,120.770972,-0.37,18.22,-6.6,77.71,0.94,-3.83,B2E890
臺南蘭花園區,23.340258,120.379661,-1.6,20.2,-11.55,66.16,0.05,-1.26,A2N290
臺大雲林校區,23.730628,120.423903,-1.4,19.57,-6.94,72.71,0.48,-0.52,A2K630
水試臺西試驗場,23.717231,120.190522,0.06,20.0,-3.44,77.55,0.26,-0.08,A2K360
農工中心,24.985917,121.239833,0.84,18.24,-3.85,73.23,1.08,-4.13,A2C560
茶改東部分場,22.907694,121.130139,0.64,20.41,-6.81,75.65,0.27,-0.91,82S580
茶改南部分場,23.762528,120.7405,0.04,18.67,-15.77,72.65,1.06,-1.35,82H840
茶改中部分場,23.875611,120.913583,-0.41,17.19,-1.23,83.71,0.84,-1.88,82H320
茶改場,24.908472,121.185333,1.06,17.88,-6.15,77.74,1.23,-4.83,82C160
茶改北部分場,24.955778,121.631222,1.06,16.57,-1.96,82.45,1.77,-5.2,82A750
高改旗南分場,22.857861,120.516667,-1.03,21.55,0.41,72.26,0.0,-0.58,72V140
花改蘭陽分場,24.686306,121.716583,0.83,19.42,-5.07,76.61,1.97,-1.42,72U480
花蓮農改,23.975222,121.563889,0.73,20.09,-4.63,77.45,1.42,-0.88,72T250
東改賓朗果園,22.813889,121.071278,0.25,19.43,-11.11,78.32,0.76,-0.61,72S590
東改班鳩分場,22.829528,121.077694,0.92,20.09,-4.83,77.19,0.58,-0.81,72S200
高雄農改,22.709333,120.525889,-0.04,22.71,-9.45,66.45,0.02,-0.58,72Q010
七股研究中心,23.081672,120.062894,-1.34,20.58,-4.07,76.13,0.0,-1.79,72N240
臺南農改,23.0605,120.342194,-0.8,20.61,-2.92,74.71,0.03,-0.55,72N100
南改鹿草分場,23.416869,120.283061,-1.08,19.92,-4.88,76.48,0.26,-1.33,72M700
南改義竹分場,23.360694,120.279361,0.06,20.13,-9.15,72.42,0.18,-0.91,72M360
南改斗南分場,23.634556,120.477333,0.29,20.15,-1.83,78.16,0.39,-1.34,72K220
中改埔里分場,23.903208,120.963364,-1.15,17.64,-7.53,78.52,0.9,-2.28,72HA00
臺中農改,24.003028,120.534389,0.44,20.0,-3.57,76.13,0.19,-1.53,72G600
桃改五峰分場,24.612194,121.157167,0.71,14.45,-5.04,83.94,1.47,-4.49,72D080
桃園農改,24.950944,121.030583,1.03,18.45,-1.4,78.16,1.02,-3.34,72C440
桃改樹林分場,24.944503,121.386972,-0.79,18.8,-7.55,72.06,0.95,-6.94,72AI40
萬大發電廠,23.978875,121.139639,-0.27,16.73,-3.83,80.52,2.74,1.07,42HA10
恆春工作站,22.079678,120.714425,-0.63,23.14,-5.44,62.81,0.0,-0.51,12Q980
東港工作站,22.479997,120.466058,-0.99,22.79,-7.35,60.26,0.0,-0.65,12Q970
口湖工作站,23.589978,120.180394,-0.98,19.94,-1.85,73.26,0.1,-0.77,12J990
