站名,緯度,經度,平均溫距平,本年度平均溫,平均溼度距平,本年度日均相對溼度,本年度日均降水量,日均降水量距平,站號
淡水,25.164889,121.448906,1.19,25.28,3.35,81.28,12.42,7.05,466900
鞍部,25.182586,121.529731,1.6,19.89,6.32,97.28,61.26,39.44,466910
臺北,25.037658,121.514853,1.56,26.57,4.89,79.06,4.65,-0.51,466920
竹子湖,25.162078,121.544547,1.74,21.78,5.54,92.11,40.56,19.8,466930
基隆,25.133314,121.740475,0.93,25.51,8.4,83.75,41.62,29.44,466940
花蓮,23.975128,121.613275,0.81,26.04,6.58,81.56,10.63,-1.11,466990
新屋,25.006744,121.047486,1.01,25.78,7.02,82.6,2.71,0.53,467050
宜蘭,24.763975,121.756528,1.18,25.4,8.51,87.62,19.27,4.99,467080
金門,24.407306,118.289281,0.57,25.12,10.14,77.28,0.01,-1.23,467110
田中,23.873803,120.581286,1.04,27.01,10.58,85.89,0.2,0.18,467270
澎湖,23.565503,119.563094,0.44,26.28,8.18,82.88,0.41,-0.54,467350
臺南,22.993239,120.204772,0.49,27.27,5.35,77.96,4.15,3.01,467410
永康,23.038386,120.2367,0.95,27.21,8.06,80.56,4.98,3.71,467420
嘉義,23.495925,120.432906,1.22,26.63,6.88,84.73,0.3,-0.85,467480
臺中,24.145736,120.684075,1.22,27.2,4.9,75.12,0.09,-0.86,467490
阿里山,23.508208,120.813242,0.85,13.62,1.99,89.74,5.37,0.31,467530
大武,22.355675,120.903789,0.84,27.12,5.6,78.72,24.06,17.29,467540
玉山,23.487614,120.959522,0.09,6.96,7.03,72.78,8.65,4.16,467550
新竹,24.827853,121.014219,1.44,26.4,6.41,79.22,0.48,-1.43,467571
恆春,22.003897,120.746339,0.76,27.55,5.19,76.29,11.85,8.05,467590
成功,23.097486,121.373428,0.79,26.32,6.32,80.76,17.44,8.62,467610
日月潭,23.881325,120.90805,1.58,22.48,3.35,85.8,0.44,-1.12,467650
臺東,22.752211,121.154586,0.62,26.72,5.43,78.44,23.45,16.39,467660
馬祖,26.169269,119.923419,-0.07,22.67,10.83,86.88,2.09,0.8,467990
山佳,24.974944,121.402008,1.46,26.15,2.61,80.38,2.65,-1.26,C0A520
坪林,24.938183,121.70975,1.84,23.24,-4.03,88.36,14.9,0.19,C0A530
泰平,24.971197,121.823711,1.63,22.09,3.85,98.29,51.15,25.09,C0A550
桶後,24.848222,121.597992,1.84,22.68,-0.8,93.08,17.06,2.21,C0A570
石碇,24.993969,121.662917,2.83,24.79,-5.08,85.4,12.58,-2.52,C0A640
大坪,25.165914,121.632969,2.3,23.54,4.23,95.83,69.44,47.6,C0A860
五指山,25.132153,121.608692,1.21,20.39,2.68,98.25,55.15,39.34,C0A870
雙溪,25.036003,121.864242,2.81,25.77,0.64,89.88,29.11,13.57,C0A890
三和,25.233153,121.595236,1.32,24.05,4.28,91.56,47.42,32.05,C0A931
金山,25.223628,121.643967,1.45,25.43,4.94,86.67,25.04,18.34,C0A940
鼻頭角,25.129036,121.923372,1.81,26.19,6.28,89.0,16.18,11.99,C0A950
三貂角,25.007606,122.002058,1.31,25.37,7.79,89.21,13.77,5.77,C0A970
社子,25.109508,121.469681,1.97,26.94,5.3,79.4,3.64,0.28,C0A980
天母,25.117494,121.537169,1.69,26.52,-0.75,72.83,5.36,0.01,C0A9C0
內湖,25.079422,121.57545,1.21,26.01,18.33,95.22,7.36,2.08,C0A9F0
大屯山,25.175675,121.522408,1.66,18.53,-1.92,95.12,43.15,26.88,C0AC40
三峽,24.939025,121.369728,2.47,27.2,2.61,79.88,4.81,-0.58,C0AC60
信義,25.037822,121.564597,2.23,26.6,6.16,84.56,12.76,5.85,C0AC70
文山,25.00235,121.575728,1.64,25.62,-0.78,81.5,9.83,1.68,C0AC80
新莊,25.051478,121.446756,1.16,26.4,5.19,77.48,3.79,0.29,C0ACA0
八里,25.150211,121.403947,1.12,26.02,12.42,86.44,6.38,3.22,C0AD10
蘆洲,25.086594,121.472331,1.67,27.22,2.29,74.92,3.77,1.18,C0AD30
土城,24.973208,121.445169,1.2,25.48,5.84,83.48,4.7,-0.09,C0AD40
鶯歌,24.951533,121.346294,1.93,26.41,-1.4,78.5,2.25,-1.81,C0AD50
汐止,25.066881,121.658778,1.88,26.16,2.6,85.17,23.81,11.94,C0AH00
永和,25.01125,121.508111,1.78,26.78,5.73,80.12,6.02,1.22,C0AH10
五分山,25.07125,121.780794,1.75,21.16,0.95,97.96,55.56,25.17,C0AH30
平等,25.129142,121.577086,0.91,22.96,-1.3,86.32,24.12,11.46,C0AH40
林口,25.072181,121.38084,1.59,24.5,-2.68,85.46,3.71,0.23,C0AH50
松山,25.04871,121.55042,1.37,26.18,1.83,71.76,6.43,0.48,C0AH70
深坑,25.002703,121.628328,3.03,26.08,-0.36,86.08,13.23,4.21,C0AH80
福山植物園,24.760717,121.58135,2.18,20.97,4.98,98.16,23.74,4.0,C0AH90
五股,25.07445,121.42728,1.49,24.49,-2.85,83.26,3.48,1.68,C0AI00
屈尺,24.92184,121.54475,2.69,25.39,-9.13,75.96,10.92,3.72,C0AI10
白沙灣,25.283128,121.519058,1.27,25.32,1.9,88.0,12.39,10.74,C0AI20
三重,25.057328,121.500629,1.44,26.38,1.92,79.75,2.15,1.89,C0AI30
石牌,25.115597,121.513139,2.37,27.74,9.55,75.4,3.22,2.88,C0AI40
七堵,25.094819,121.71713,2.72,26.24,1.79,86.71,47.27,34.92,C0B010
基隆嶼,25.19141,121.78391,1.52,24.73,17.67,96.44,13.33,11.05,C0B020
復興,24.820208,121.352281,1.47,23.34,2.42,81.92,4.15,-1.48,C0C460
桃園,24.992425,121.323172,1.34,25.96,4.0,77.24,4.78,1.06,C0C480
八德,24.928708,121.283289,1.65,25.86,1.03,76.33,3.86,0.49,C0C490
觀音,25.027072,121.153317,0.96,24.93,7.2,84.74,3.91,1.04,C0C590
蘆竹,25.084275,121.265767,0.94,25.28,9.23,86.4,4.06,1.29,C0C620
大溪,24.882853,121.265547,1.22,24.52,5.57,82.08,3.33,0.08,C0C630
平鎮,24.897503,121.214636,1.5,24.48,1.15,81.0,3.71,0.61,C0C650
龍潭,24.870056,121.221389,1.23,24.25,2.65,80.59,3.34,-0.09,C0C670
龜山,25.02846,121.38656,1.91,24.58,3.73,84.29,5.23,0.98,C0C680
中壢,24.977661,121.256375,2.0,25.24,3.13,78.67,3.85,2.05,C0C700
大溪永福,24.892936,121.324975,1.53,24.59,3.79,85.96,8.44,6.82,C0C710
梅花,24.678347,121.208558,1.96,23.65,2.02,82.62,2.19,-2.95,C0D360
峨眉,24.6905,121.017189,1.19,25.14,5.54,85.61,3.31,1.71,C0D430
打鐵坑,24.849664,121.150789,1.02,23.86,1.5,85.72,4.12,1.2,C0D480
橫山,24.71116,121.11693,0.67,23.81,7.63,90.28,2.39,-0.29,C0D540
雪霸,24.526972,121.11605,1.14,16.65,-1.8,81.75,6.04,1.0,C0D550
竹東,24.767147,121.057881,1.77,25.83,4.8,76.72,1.04,-0.43,C0D560
寶山,24.735006,121.025192,1.25,24.76,5.64,84.92,1.46,-0.15,C0D580
新豐,24.87068,120.97721,1.07,24.92,15.67,94.17,1.31,-0.6,C0D590
湖口,24.904794,121.043628,0.78,25.07,2.76,78.55,0.98,-0.54,C0D650
新竹市東區,24.798681,120.986942,0.34,25.33,5.64,78.25,0.46,-0.77,C0D660
竹南,24.708978,120.888897,1.03,25.74,9.67,83.21,0.44,-0.76,C0E420
南庄,24.601775,121.000214,1.39,23.97,9.38,92.6,1.4,-1.46,C0E430
明德,24.583486,120.885411,1.52,25.87,4.5,81.61,2.41,1.37,C0E550
通霄,24.471892,120.704622,0.88,25.45,6.22,84.08,0.46,-0.2,C0E590
馬都安,24.451272,120.930192,1.25,21.66,3.94,89.4,1.2,-1.26,C0E610
頭份,24.688247,120.912206,1.7,26.86,7.54,78.04,1.04,0.0,C0E730
造橋,24.637056,120.864778,0.67,25.61,5.67,81.84,1.52,0.37,C0E740
苗栗,24.564569,120.824575,0.99,26.07,2.45,73.74,1.02,0.16,C0E750
銅鑼,24.489681,120.790853,0.94,25.21,17.24,94.32,1.91,1.08,C0E780
西湖,24.562947,120.7485,0.97,25.17,6.25,85.71,1.27,0.48,C0E810
獅潭,24.539133,120.920042,0.12,23.1,-0.98,83.94,2.56,0.96,C0E820
苑裡,24.439714,120.653053,0.32,25.68,6.02,80.88,0.16,-0.44,C0E830
大河,24.618069,120.948578,-0.34,23.91,4.65,85.36,3.16,1.51,C0E850
高鐵苗栗,24.60725,120.826094,0.95,25.89,18.1,90.0,2.53,1.91,C0E870
石岡,24.276061,120.777644,1.07,25.36,6.42,86.59,2.27,1.65,C0F0B0
中坑,24.248517,120.903319,1.19,21.67,-2.4,88.72,1.5,-0.08,C0F0C0
審馬陣,24.381675,121.4203,1.11,10.44,8.15,82.52,13.9,11.53,C0F0D0
東勢,24.246428,120.833047,2.08,25.86,3.06,80.39,2.61,2.12,C0F850
大坑,24.173142,120.722289,1.84,27.56,7.04,77.36,0.06,-0.43,C0F970
神岡,24.272481,120.658314,1.73,26.21,-1.85,75.21,0.06,-0.41,C0F9I0
大安,24.345061,120.588025,0.64,25.51,5.64,83.8,0.12,-0.37,C0F9K0
后里,24.310436,120.729725,1.63,25.91,6.09,83.33,0.48,0.01,C0F9L0
豐原,24.254322,120.720692,2.25,26.86,4.56,77.78,0.42,-0.02,C0F9M0
大里,24.092464,120.701378,1.56,28.38,-2.61,65.77,0.09,-0.44,C0F9N0
潭子,24.213106,120.703933,0.91,26.77,7.53,77.96,0.17,-0.31,C0F9O0
清水,24.312297,120.562242,0.89,26.01,5.33,83.5,0.06,-0.46,C0F9P0
外埔,24.347817,120.705686,1.92,26.3,3.03,83.04,0.2,-0.31,C0F9Q0
龍井,24.184536,120.528972,1.07,26.57,2.32,80.22,0.08,-0.28,C0F9R0
烏日,24.107058,120.624103,0.93,27.08,5.37,74.77,0.09,-0.41,C0F9S0
西屯,24.179494,120.641275,0.75,26.19,5.44,77.29,0.06,-0.43,C0F9T0
南屯,24.137006,120.637969,0.53,27.05,6.35,74.48,0.06,-0.42,C0F9U0
新社,24.200172,120.815806,1.31,24.19,5.6,86.67,1.0,0.44,C0F9V0
大雅(中科園區),24.21528,120.62445,0.41,25.61,5.51,82.44,0.06,-0.6,C0F9X0
桃山,24.432739,121.303808,0.39,9.45,8.01,85.71,7.79,3.71,C0F9Y0
雪山東峰,24.388792,121.268675,0.32,10.2,7.15,83.42,5.25,0.5,C0F9Z0
芬園,24.015678,120.6213,0.45,25.7,10.65,87.6,0.12,-0.46,C0G620
員林,23.946503,120.585597,1.78,27.66,10.37,86.0,0.14,-0.78,C0G650
溪湖,23.94835,120.479122,2.57,28.14,16.54,93.42,0.1,-0.38,C0G660
溪州,23.851589,120.499093,1.11,26.75,-0.34,77.5,0.09,-0.79,C0G720
二林,23.903325,120.376081,0.68,26.0,3.7,87.04,0.06,-0.31,C0G730
大城,23.852487,120.320935,0.94,26.44,-9.57,68.58,0.04,-0.71,C0G740
福興,24.041289,120.437669,1.16,27.43,1.57,75.67,0.08,-0.29,C0G770
秀水,24.03405,120.503869,0.82,26.91,5.11,80.96,0.1,-0.3,C0G780
埔鹽,24.000394,120.431683,2.5,27.77,7.45,85.38,0.12,-0.24,C0G800
埔心,23.947633,120.525456,1.05,27.01,24.75,99.38,0.12,-0.36,C0G810
田尾,23.901669,120.509389,1.66,27.49,5.55,85.33,0.17,-0.42,C0G820
埤頭,23.866003,120.452806,1.26,26.46,14.58,99.64,0.06,-0.39,C0G830
社頭,23.897647,120.5862,1.36,27.82,10.49,81.67,0.1,-0.61,C0G860
二水,23.810742,120.6173,2.32,28.1,5.38,82.45,0.22,-0.53,C0G880
伸港,24.148933,120.484403,0.6,26.24,3.54,79.46,0.06,-0.25,C0G890
線西,24.143358,120.443536,0.66,26.36,2.44,81.48,0.06,-0.24,C0G900
花壇,24.032076,120.549461,2.89,28.77,11.63,82.55,0.08,0.08,C0G910
埔里,23.972169,120.952425,1.41,26.14,-2.25,76.22,1.43,-0.13,C0H890
草屯,23.973672,120.68085,0.89,26.94,3.69,76.38,0.1,-0.42,C0H960
昆陽,24.121322,121.273642,0.9,10.45,5.59,86.67,7.79,3.79,C0H990
神木村,23.532742,120.843667,1.59,18.87,-1.68,88.28,5.48,1.69,C0H9A0
合歡山,24.143442,121.272547,0.48,9.34,17.52,89.12,5.65,2.01,C0H9C0
廬山,24.033311,121.181808,1.16,19.31,-0.17,82.33,1.67,-1.16,C0I010
信義,23.689694,120.851036,0.28,23.83,-0.59,84.36,2.61,1.23,C0I080
竹山,23.761225,120.688156,1.17,26.2,4.26,83.33,1.33,-0.18,C0I110
水里,23.812553,120.849792,0.57,25.66,0.38,79.68,0.54,-0.63,C0I360
魚池,23.895703,120.94135,0.98,24.19,-0.2,84.74,1.17,-0.39,C0I370
集集,23.828206,120.801467,0.45,25.85,0.5,82.75,0.79,-0.7,C0I380
仁愛,24.022122,121.132206,1.23,21.5,-2.62,80.14,0.9,-1.38,C0I390
名間,23.837053,120.701447,0.33,25.84,2.68,82.39,1.69,0.67,C0I410
國姓,24.037803,120.855072,0.64,26.0,0.59,81.12,0.27,-1.1,C0I420
南投,23.911469,120.687331,0.81,27.14,6.88,81.6,0.5,-0.26,C0I460
梅峰,24.085272,121.173572,1.12,15.68,-0.22,84.67,2.06,-1.04,C0I480
萬大林道,23.928228,121.091411,1.34,19.48,-8.89,79.0,1.77,-0.77,C0I490
小奇萊,24.131764,121.295717,0.86,10.12,7.23,87.29,11.35,7.86,C0I530
崙背,23.75555,120.318925,0.69,26.05,0.1,81.36,0.22,-0.29,C0K250
四湖,23.630414,120.227125,1.58,27.08,1.43,79.61,0.83,-0.01,C0K280
宜梧,23.536281,120.169329,1.06,26.58,1.89,81.33,0.08,-0.52,C0K291
虎尾,23.719183,120.442036,1.07,26.79,7.26,85.04,0.14,-0.75,C0K330
土庫,23.679029,120.395574,1.02,26.68,7.27,85.5,0.78,0.15,C0K390
斗六,23.720583,120.541127,0.7,26.57,-0.34,80.04,0.21,-0.52,C0K400
北港,23.573957,120.292802,0.83,26.63,-0.55,79.04,0.11,-0.59,C0K410
西螺,23.800407,120.467394,0.9,26.54,0.61,81.71,0.1,-0.68,C0K420
褒忠,23.690938,120.303634,1.01,26.36,-5.76,74.61,0.19,-0.36,C0K430
二崙,23.772797,120.408944,0.8,26.12,3.13,83.22,0.11,-0.41,C0K440
大埤,23.646074,120.431537,1.14,26.8,3.3,83.2,0.2,-0.62,C0K450
斗南,23.678734,120.478359,0.97,26.69,2.9,80.91,0.18,-0.54,C0K460
林內,23.748675,120.609642,0.89,26.34,1.49,82.89,1.03,-0.02,C0K470
莿桐,23.761192,120.502372,0.76,26.2,0.59,79.58,0.1,-0.67,C0K480
元長,23.64981,120.315024,0.85,26.51,2.44,80.84,0.12,-0.52,C0K500
水林,23.572924,120.24597,1.25,26.98,2.5,81.17,0.17,-0.62,C0K510
臺西,23.701547,120.197559,0.72,26.29,3.37,82.74,0.17,-0.35,C0K530
蔦松,23.514319,120.229736,0.68,26.57,2.02,81.71,0.08,-0.69,C0K550
棋山,23.68645,120.603417,0.7,26.4,2.73,84.0,3.46,2.07,C0K560
高鐵雲林,23.737456,120.417944,0.81,26.38,5.92,83.45,0.14,-0.44,C0K580
東後寮,23.369908,120.248065,0.75,26.38,3.21,82.54,0.38,-0.48,C0M520
奮起湖,23.493903,120.699253,1.35,19.29,-0.58,92.83,4.79,0.19,C0M530
中埔,23.42538,120.5229,0.55,25.99,1.85,82.5,4.56,2.75,C0M640
朴子,23.43463,120.23902,0.14,25.91,4.66,83.44,0.3,-0.64,C0M650
溪口,23.604131,120.403569,1.14,26.68,-1.1,80.65,0.22,-0.49,C0M660
大林,23.600616,120.45841,0.76,26.7,1.55,79.96,0.29,-0.49,C0M670
太保,23.455062,120.331455,0.6,26.62,1.4,80.91,1.0,0.13,C0M680
水上,23.419734,120.388909,0.99,26.63,10.82,89.17,4.19,3.39,C0M690
竹崎,23.526178,120.555508,0.65,26.04,1.27,84.04,3.42,1.92,C0M700
東石,23.458927,120.15385,0.88,26.7,2.76,81.17,0.24,-0.62,C0M710
番路,23.464657,120.554156,0.63,25.51,4.9,86.0,3.27,1.59,C0M720
嘉義市東區,23.457673,120.460531,0.71,27.59,2.45,77.08,1.48,0.4,C0M730
六腳,23.492871,120.290625,0.68,26.56,2.51,80.4,0.32,-0.51,C0M740
布袋,23.380878,120.167789,0.95,26.89,-0.47,79.83,0.5,-0.64,C0M750
民雄,23.551754,120.428457,0.66,26.71,1.07,80.33,1.29,0.52,C0M760
嘉義梅山,23.585398,120.555587,0.55,25.97,8.87,89.67,5.42,4.05,C0M770
鹿草,23.41134,120.30835,0.93,26.98,5.81,83.22,3.25,2.38,C0M780
新港,23.553269,120.345728,0.62,26.71,0.96,78.72,0.12,-0.6,C0M790
茶山,23.299075,120.664767,0.36,24.4,2.47,87.52,7.39,4.33,C0M800
里佳,23.389125,120.716647,1.04,19.82,-4.8,85.54,7.88,5.2,C0M810
達邦,23.453994,120.749517,0.6,21.49,3.59,87.12,4.81,2.56,C0M820
表湖,23.24186,120.64166,0.54,22.53,1.44,90.83,7.12,5.66,C0M850
新美,23.338017,120.683169,0.36,24.0,1.8,84.88,5.25,4.04,C0M860
北寮,23.079561,120.495008,0.64,26.25,8.3,91.71,4.54,2.36,C0O830
王爺宮,23.222064,120.40085,2.8,28.07,-5.02,79.62,1.9,0.69,C0O840
大內,23.11885,120.36083,1.66,28.03,4.92,85.12,4.26,2.99,C0O860
善化,23.112883,120.297219,1.05,27.03,9.78,89.05,3.98,2.79,C0O900
崎頂,22.959547,120.369317,1.2,26.43,7.39,89.21,5.04,3.45,C0O960
虎頭埤,23.021375,120.347878,0.62,26.15,3.57,85.22,8.39,6.79,C0O970
新市,23.061614,120.298197,1.29,27.68,3.93,81.67,3.92,2.77,C0O980
媽廟,22.99175,120.293525,-0.06,26.5,17.27,96.0,4.44,3.06,C0O990
尾寮山,22.833111,120.683889,1.39,21.34,-1.96,89.94,18.47,8.76,C0R100
阿禮,22.742908,120.743678,0.5,21.27,0.16,84.83,27.52,21.97,C0R130
瑪家,22.682903,120.686639,-0.07,21.95,8.78,97.11,28.75,23.5,C0R140
三地門,22.709889,120.639944,0.49,26.76,-6.69,72.12,13.9,9.37,C0R150
鹽埔,22.739558,120.530778,0.36,26.85,0.05,87.44,14.56,11.46,C0R160
屏東,22.660269,120.494072,0.56,27.22,-0.71,80.0,23.33,20.87,C0R170
赤山,22.592333,120.614306,0.13,26.42,4.76,90.13,23.85,18.63,C0R190
潮州,22.534361,120.54,0.51,27.14,3.91,82.28,26.64,23.87,C0R220
來義,22.527306,120.625111,-0.48,25.37,9.39,92.83,27.5,20.89,C0R240
春日,22.370361,120.628306,-0.1,25.94,2.13,83.36,25.14,20.95,C0R260
琉球嶼,22.332244,120.362236,0.27,26.97,1.98,85.5,11.8,10.15,C0R270
車城,22.0744,120.716247,-0.19,26.94,12.05,82.9,16.38,15.32,C0R320
牡丹,22.130036,120.792639,1.75,24.98,8.17,93.71,22.38,17.62,C0R341
貓鼻頭,21.921774,120.7358,0.99,27.28,1.59,79.67,7.54,4.74,C0R350
大漢山,22.405264,120.753181,1.5,16.63,4.19,97.44,60.92,55.67,C0R440
高樹,22.826389,120.600806,0.38,26.97,-3.36,75.35,15.78,13.09,C0R470
長治,22.693128,120.542622,0.64,27.32,7.34,88.78,25.72,23.05,C0R480
九如,22.7405,120.490503,0.8,27.59,-1.01,79.68,11.44,8.78,C0R490
崁頂,22.514781,120.506914,2.19,29.17,3.46,83.12,13.8,11.58,C0R520
佳冬,22.419456,120.552375,-0.05,26.74,5.2,83.94,25.39,22.61,C0R540
新埤,22.467947,120.582894,0.63,26.92,-1.02,81.25,18.66,15.55,C0R550
新園,22.5434,120.461558,1.14,28.05,-3.12,75.77,14.83,13.02,C0R560
麟洛,22.65078,120.52719,1.1,28.08,5.18,83.54,17.4,14.57,C0R570
南州,22.48591,120.50274,0.12,26.85,5.97,84.93,13.22,11.01,C0R580
里港,22.77919,120.49459,0.12,26.74,3.34,83.92,16.75,14.56,C0R590
舊泰武,22.588194,120.664944,0.38,22.53,2.01,91.06,37.08,26.9,C0R600
墾雷,21.900836,120.855269,0.08,26.78,9.06,91.56,7.17,-4.39,C0R620
東港,22.46247,120.44074,0.35,27.28,4.46,84.5,35.43,34.64,C0R640
竹田,22.58486,120.54344,0.32,26.97,-4.1,79.25,17.19,15.26,C0R650
枋寮,22.367722,120.590647,0.08,26.86,8.37,86.83,15.02,14.19,C0R660
楓港,22.190131,120.692156,-0.29,26.9,7.17,74.17,27.75,26.98,C0R670
佳樂水,21.993578,120.861633,0.52,27.45,4.54,81.92,6.62,2.99,C0R680
墾丁,21.966756,120.810269,0.68,25.05,14.3,99.92,8.88,5.59,C0R690
枋山,22.246844,120.661086,-0.34,26.89,13.68,79.79,15.06,14.72,C0R700
龍磐,21.931672,120.838942,0.21,26.16,5.9,88.36,7.78,3.91,C0R710
旭海,22.205403,120.887614,0.44,25.08,15.01,99.08,15.5,10.87,C0R720
大坪頂,22.024633,120.69355,0.33,25.9,14.56,89.29,12.02,11.06,C0R730
獅子,22.201569,120.70525,0.64,27.25,6.03,75.42,26.1,25.07,C0R740
四林格山,22.076989,120.802439,1.23,22.95,7.14,100.0,16.24,11.47,C0R750
南仁湖,22.084681,120.863353,0.69,24.09,7.85,97.0,14.28,7.28,C0R760
保力,22.071122,120.764111,0.82,26.33,4.99,83.92,16.38,13.7,C0R770
滿州,22.024403,120.839892,0.6,26.7,2.34,81.11,10.86,6.65,C0R780
九棚,22.14195,120.889281,0.44,26.12,3.63,84.67,9.12,5.09,C0R790
丹路,22.204481,120.750989,0.83,26.46,6.21,80.36,35.06,32.29,C0R800
內獅,22.305064,120.642986,0.33,26.8,17.76,96.76,17.58,16.87,C0R810
白鷺,22.454275,120.666219,0.41,23.21,7.45,92.83,50.67,50.17,C0R820
高士,22.121825,120.836781,0.9,23.77,3.23,92.0,20.73,14.75,C0R830
牡丹池山,22.168389,120.841225,1.01,22.7,3.88,96.75,23.35,17.93,C0R840
下馬,23.150427,121.070312,1.2,21.43,4.95,90.32,29.0,27.66,C0S660
太麻里,22.60902,120.98533,1.42,23.4,5.73,89.5,33.44,27.1,C0S690
知本,22.684866,121.005642,0.98,22.91,7.34,93.67,73.5,64.65,C0S700
鹿野,22.917711,121.122994,1.5,23.85,6.67,89.59,33.48,26.14,C0S710
綠島,22.6672,121.47533,1.03,26.11,12.07,95.62,12.0,3.56,C0S730
池上,23.119628,121.209469,1.12,24.01,4.91,90.64,22.33,16.17,C0S740
向陽,23.248397,120.986133,1.21,13.58,5.11,97.61,32.67,23.71,C0S750
大溪山,22.478475,120.943325,0.85,23.57,5.9,90.67,37.0,29.21,C0S770
金崙,22.538122,120.966875,1.31,25.23,3.86,86.42,29.65,21.62,C0S790
東河,22.972672,121.303986,0.24,26.1,8.04,86.48,17.34,9.15,C0S810
長濱,23.286817,121.411975,1.3,25.25,3.91,83.28,14.78,5.38,C0S830
南田,22.279725,120.889208,0.9,26.88,19.24,98.62,18.31,12.17,C0S840
關山,23.0395,121.175017,0.96,24.81,5.05,89.09,29.98,15.2,C0S890
蘭嶼高中,22.04909,121.51214,0.74,27.3,8.34,83.71,18.65,12.81,C0S900
蘭嶼燈塔,22.081197,121.503117,0.67,25.42,11.03,93.8,14.08,9.74,C0S910
金峰嘉蘭,22.594789,120.960825,0.81,25.29,7.4,88.25,62.9,60.17,C0S920
延平,22.902581,121.084058,0.9,24.7,6.65,85.9,48.72,47.75,C0S930
石寧山,23.223772,121.406639,1.22,25.6,8.55,88.32,11.74,8.44,C0S940
七塊厝,22.954453,121.229922,1.17,23.6,4.95,90.83,34.17,32.34,C0S950
香蘭,22.587569,120.993375,0.8,26.88,10.73,84.04,29.52,26.79,C0S960
加津林,22.416211,120.926942,0.87,26.93,7.63,80.73,22.8,20.32,C0S970
勝林山,22.430439,120.8938,1.11,20.05,3.82,97.86,41.07,35.83,C0S980
山豬窟,22.318619,120.857372,0.78,23.72,5.06,89.7,28.2,25.02,C0S990
歷坵,22.520969,120.89185,1.36,23.25,6.1,92.08,43.17,40.7,C0SA00
檳榔四格山,22.810031,121.109308,1.01,23.61,6.81,92.64,22.5,21.17,C0SA10
金崙山,22.567419,120.959667,1.45,20.68,2.32,95.61,62.22,58.35,C0SA20
都歷,23.020333,121.323642,1.45,26.33,23.26,98.39,16.24,13.73,C0SA30
瑞和,22.974361,121.156697,1.07,24.82,12.53,94.08,24.02,22.85,C0SA40
知本（水試所）,22.702394,121.082761,0.58,26.27,8.2,84.58,24.96,21.67,C0SA60
土坂,22.453108,120.887572,1.2,25.34,5.13,87.28,47.66,44.28,C0SA80
達仁林場,22.264347,120.823972,0.86,22.84,11.14,99.94,43.83,38.45,C0SA90
大禹嶺,24.186117,121.316086,0.76,11.75,10.76,90.5,6.67,2.68,C0T790
天祥,24.179597,121.495639,1.35,22.28,5.87,88.08,11.48,3.84,C0T820
鯉魚潭,23.935639,121.508944,0.86,23.84,3.14,91.33,10.1,-2.13,C0T870
西林,23.8119,121.441458,1.45,24.68,6.2,88.96,13.9,-1.7,C0T900
光復,23.660694,121.424964,1.45,24.99,-0.38,88.52,9.3,-3.07,C0T960
月眉山,23.809928,121.539828,1.25,22.77,0.73,94.58,10.96,-2.02,C0T9A0
水源,23.991861,121.537169,1.75,22.94,2.59,89.68,13.2,-0.02,C0T9B0
和中,24.26676,121.74103,0.44,25.36,16.64,98.58,21.54,4.53,C0T9D0
大坑,23.880628,121.581981,1.26,23.21,5.49,93.96,17.26,1.63,C0T9E0
水璉,23.797131,121.542514,0.68,24.34,6.25,90.4,10.9,-3.54,C0T9F0
鳳林山,23.735269,121.420131,0.44,22.12,2.18,94.25,13.58,-1.13,C0T9G0
加路蘭山,23.682947,121.5274,1.9,22.21,2.31,96.61,14.44,0.59,C0T9H0
豐濱,23.583897,121.514806,0.35,23.84,11.68,98.6,16.84,3.0,C0T9I0
靜浦,23.455167,121.495028,1.4,25.6,6.57,89.43,13.26,2.95,C0T9M0
富里,23.171639,121.249378,1.18,24.23,11.07,96.17,23.08,20.33,C0T9N0
雙連埤,24.753033,121.641303,1.17,21.34,0.99,97.11,19.11,-0.11,C0U520
礁溪,24.817539,121.765608,1.02,24.87,-2.1,86.64,16.7,4.28,C0U600
玉蘭,24.675286,121.587061,1.1,22.25,12.41,100.0,32.54,12.12,C0U650
太平山,24.505486,121.525656,2.22,15.36,0.22,96.48,10.14,-6.45,C0U710
南山,24.43742,121.38167,2.11,18.78,2.28,96.36,10.18,6.05,C0U720
龜山島,24.841667,121.953133,0.51,22.89,2.21,93.83,7.14,2.22,C0U750
東澳,24.52196,121.83318,0.57,25.05,10.89,97.09,36.39,4.09,C0U760
南澳,24.44935,121.81022,0.28,25.14,7.61,86.46,23.35,3.58,C0U770
五結,24.68637,121.79794,0.72,24.88,4.21,88.08,28.56,11.25,C0U780
頭城,24.85323,121.8308,1.64,25.66,4.81,89.35,10.28,-4.26,C0U860
大礁溪,24.791042,121.675047,2.0,22.48,8.2,96.43,13.14,-2.01,C0U870
三星,24.66812,121.65302,2.48,25.13,6.28,96.78,28.28,10.81,C0U890
內城,24.71813,121.68766,1.96,24.9,4.08,90.04,19.12,4.72,C0U900
冬山,24.63373,121.7937,2.08,25.53,13.62,97.5,22.72,3.98,C0U910
羅東,24.68184,121.74934,2.46,25.31,3.6,87.94,11.75,-2.92,C0U940
鶯子嶺,24.89754,121.79244,2.33,19.06,3.02,99.78,22.83,4.04,C0U950
翠峰湖,24.510856,121.608044,2.52,15.3,3.46,99.33,24.58,13.46,C0U960
大福,24.80064,121.81389,1.62,25.39,1.03,86.04,16.0,2.21,C0U970
坪林石牌,24.86478,121.77396,2.16,21.74,3.64,97.6,15.96,1.63,C0U980
員山,24.74435,121.72247,2.08,25.46,5.2,88.72,16.44,2.13,C0U990
土場,24.576533,121.495333,1.9,22.83,9.01,100.0,10.96,6.19,C0UA00
鴛鴦湖,24.590269,121.412228,2.41,16.23,1.51,98.58,28.52,16.07,C0UA10
多加屯,24.368614,121.373189,1.52,12.19,4.0,89.68,9.44,6.78,C0UA20
白嶺,24.527819,121.519031,2.14,17.58,1.59,98.11,9.86,3.18,C0UA30
西德山,24.560647,121.752608,2.56,19.13,0.34,96.41,51.61,23.85,C0UA40
西帽山,24.555361,121.802628,1.82,20.06,1.15,97.52,58.55,23.71,C0UA50
樟樹山,24.41393,121.78325,1.84,22.29,10.5,98.29,23.94,10.24,C0UA60
桃源谷,24.962606,121.888875,2.46,22.17,1.48,97.72,34.12,12.84,C0UA70
復興,23.222403,120.806089,0.13,23.03,4.94,84.11,5.47,3.28,C0V210
美濃,22.898742,120.519153,1.18,27.42,1.4,82.35,13.3,10.44,C0V310
溪埔,22.738578,120.446797,0.3,26.82,5.93,87.08,16.54,14.48,C0V350
內門,22.975481,120.466769,0.8,26.42,9.09,93.28,7.94,5.9,C0V360
古亭坑,22.893178,120.401947,0.6,26.2,2.74,87.54,7.75,6.7,C0V370
阿公店,22.804194,120.355528,-0.26,26.03,3.33,83.6,12.02,10.53,C0V400
鳳山,22.646653,120.356122,-0.44,26.64,9.49,87.94,24.17,21.93,C0V440
鳳森,22.545064,120.392592,0.25,26.73,-0.87,82.8,16.08,12.84,C0V450
新興,22.627422,120.298803,0.48,27.79,2.64,76.71,19.5,17.57,C0V490
阿蓮,22.883208,120.327508,1.6,28.17,-14.51,64.64,7.74,6.42,C0V530
梓官,22.760558,120.267211,-0.02,27.04,4.21,81.89,17.89,16.4,C0V610
永安,22.82315,120.236856,0.2,26.88,0.61,80.88,9.4,7.68,C0V620
茄萣,22.906642,120.182608,0.64,27.35,8.17,82.77,10.95,9.73,C0V630
湖內,22.887139,120.2445,-0.02,26.66,2.5,80.46,8.81,7.34,C0V640
彌陀,22.783806,120.246361,0.67,27.51,6.23,85.22,14.42,12.94,C0V650
岡山,22.797078,120.294958,0.62,27.9,4.61,80.08,12.38,10.51,C0V660
仁武,22.701083,120.347722,0.15,27.42,10.07,87.22,28.53,26.23,C0V680
鼓山,22.623325,120.275575,-0.05,27.06,4.57,82.73,25.11,23.29,C0V690
三民,22.645017,120.311233,0.08,27.79,4.99,76.33,21.0,19.06,C0V700
苓雅,22.622742,120.330669,0.69,28.19,9.88,80.67,16.9,14.7,C0V710
林園,22.507747,120.394511,0.83,28.65,6.85,79.96,14.5,13.1,C0V720
大寮,22.605614,120.395717,0.03,27.4,7.72,83.04,15.71,14.04,C0V730
旗山,22.888614,120.483597,1.48,28.0,1.15,79.62,12.52,11.09,C0V740
路竹,22.854997,120.259439,0.9,28.01,3.11,78.58,10.29,8.57,C0V750
橋頭,22.757806,120.30575,0.14,27.57,4.87,81.08,13.8,12.19,C0V760
大社,22.730306,120.346639,0.07,27.11,11.93,88.3,27.72,25.49,C0V770
萬山,22.905944,120.688056,0.55,24.74,2.22,84.2,8.82,5.84,C0V790
六龜,22.997889,120.633583,0.66,26.27,4.67,84.71,4.5,0.46,C0V800
左營,22.67491,120.28491,-0.08,26.8,0.47,81.17,16.69,14.75,C0V810
小林,23.148408,120.63325,0.79,24.94,2.69,86.92,4.4,2.13,C0V820
東莒,25.9652,119.98069,0.31,23.69,3.61,81.78,1.28,0.87,C0W110
花嶼,23.40007,119.32276,0.48,25.98,4.64,84.64,2.02,0.97,C0W130
金沙,24.488292,118.408778,0.92,25.61,-2.79,66.39,0.0,-0.64,C0W140
金寧,24.457703,118.328989,0.77,26.05,-1.05,67.96,0.0,-0.62,C0W150
東河,23.296598,120.385608,0.35,26.66,-2.58,78.96,0.68,-0.28,C0X050
下營,23.22695,120.256261,0.61,26.77,0.78,79.42,1.33,0.35,C0X060
佳里,23.173039,120.145086,0.75,26.94,5.56,83.64,4.6,3.58,C0X080
臺南市北區,23.010394,120.194228,0.69,27.53,9.55,81.26,4.78,3.93,C0X100
臺南市南區,22.961189,120.188378,0.63,27.69,1.53,78.33,7.04,6.1,C0X110
麻豆,23.183289,120.248611,1.35,27.85,8.15,84.09,2.66,1.84,C0X120
官田,23.193217,120.315422,0.77,27.34,4.11,81.79,1.46,0.56,C0X130
西港,23.125608,120.203108,1.12,27.64,7.01,82.96,3.9,3.0,C0X140
安定,23.102614,120.227839,0.91,27.23,6.6,84.46,3.67,2.71,C0X150
仁德,22.968258,120.257689,0.9,27.75,4.9,80.3,5.96,4.84,C0X160
關廟,22.963017,120.327797,-0.2,26.53,7.82,82.52,6.09,4.56,C0X170
山上,23.0757,120.363253,0.88,26.88,2.07,82.46,6.25,4.95,C0X180
安平,22.993161,120.152181,0.37,26.99,4.8,82.24,6.64,5.46,C0X190
左鎮,23.056758,120.408522,1.77,27.24,0.06,83.39,5.31,3.54,C0X200
白河,23.347466,120.414427,0.55,26.58,1.8,82.08,0.66,-0.43,C0X210
學甲,23.230367,120.182187,0.92,26.83,4.48,82.22,3.03,2.07,C0X220
鹽水,23.272621,120.247641,0.43,26.4,3.89,82.54,0.83,-0.15,C0X230
關子嶺,23.331169,120.508025,0.44,24.16,5.78,93.8,9.84,6.2,C0X240
新營,23.310689,120.316681,0.79,26.97,6.07,84.77,0.59,-0.35,C0X250
後壁,23.366358,120.362326,0.88,26.73,0.24,81.72,0.78,-0.36,C0X260
將軍,23.214999,120.13577,0.58,26.54,4.29,82.95,3.33,2.31,C0X280
北門,23.267772,120.125481,0.71,26.73,4.58,83.5,2.12,1.24,C0X290
鹿寮,23.386047,120.477331,0.82,26.32,8.51,92.94,4.03,2.48,C0X300
柳營,23.253328,120.375253,0.68,26.82,4.52,81.4,0.92,0.79,C0X320
明里,23.208717,121.262342,1.34,24.07,4.35,92.17,20.97,11.63,C0Z020
佳心,23.34567,121.21316,1.43,20.76,8.9,96.77,20.55,15.02,C0Z050
玉里,23.3215,121.339656,0.91,24.25,2.76,88.5,21.17,9.41,C0Z061
舞鶴,23.46811,121.37407,1.44,23.86,8.89,98.96,11.71,3.37,C0Z070
富源,23.587642,121.378225,1.62,24.04,1.38,91.6,12.14,4.81,C0Z080
東華,23.89525,121.549833,1.13,25.46,4.8,90.56,5.61,-7.55,C0Z100
吉安光華,23.930925,121.595153,0.93,25.37,-9.33,76.89,12.47,-1.72,C0Z150
鳳林,23.746114,121.453411,1.36,24.98,11.55,96.67,11.38,-4.42,C0Z160
卓溪,23.3443,121.3029,1.21,24.46,5.11,87.16,18.16,15.8,C0Z170
富世,24.14743,121.6297,1.43,25.75,-2.11,83.72,11.83,5.12,C0Z190
萬榮,23.709219,121.420106,1.28,24.58,-1.26,85.75,12.38,-3.84,C0Z200
瑞穗,23.5239,121.39021,1.8,24.76,3.46,89.5,10.69,5.35,C0Z210
和平林道,24.343922,121.656317,1.34,21.99,2.05,91.28,15.48,9.07,C0Z220
和平,24.30717,121.77007,0.63,25.25,8.57,80.74,13.07,5.44,C0Z230
瑞穗林道,23.49284,121.30688,3.59,21.07,0.56,96.7,18.8,11.51,C0Z250
蕃薯寮,23.73835,121.540108,1.27,23.6,-1.0,89.12,12.58,-5.58,C0Z270
德武,23.47426,121.41071,1.63,24.65,1.68,88.62,14.12,10.0,C0Z280
赤柯山,23.36893,121.38293,1.65,20.14,5.13,97.96,22.3,16.8,C0Z290
東里,23.26853,121.30547,1.52,24.64,-3.45,88.15,20.08,16.71,C0Z300
清水斷崖,24.218294,121.689142,1.26,25.5,3.58,83.58,10.81,3.29,C0Z310
清水林道,23.27125,121.188272,1.66,21.68,-0.07,89.39,34.8,31.47,C0Z320
安通山,23.290728,121.348528,1.11,22.4,6.49,93.84,20.82,17.49,C0Z330
口湖工作站,23.589978,120.180394,1.11,26.31,3.12,74.08,0.1,0.1,12J990
東港工作站,22.479997,120.466058,0.3,27.3,3.21,71.29,8.21,7.18,12Q970
恆春工作站,22.079678,120.714425,0.8,27.5,7.07,71.92,10.32,9.78,12Q980
萬大發電廠,23.978875,121.139639,1.44,22.47,-12.74,73.4,0.38,-0.04,42HA10
桃改樹林分場,24.944503,121.386972,2.04,25.8,-1.32,77.18,3.36,0.58,72AI40
桃園農改場,24.950944,121.030583,1.39,25.47,5.17,82.79,2.4,0.66,72C440
桃改五峰分場,24.612194,121.157167,1.93,20.4,2.7,90.83,4.25,-1.02,72D080
桃改新埔分場,24.834444,121.066111,1.33,25.41,6.85,81.04,1.32,1.11,72D680
臺中農改場,24.003028,120.534389,1.33,26.67,2.91,80.52,0.1,-0.66,72G600
中改埔里分場,23.903208,120.963364,1.07,23.52,-1.23,86.17,1.04,0.58,72HA00
南改斗南分場,23.634556,120.477333,1.35,26.64,2.03,82.21,0.46,-0.56,72K220
南改義竹分場,23.360694,120.279361,0.86,26.38,0.85,81.12,0.4,-0.35,72M360
南改鹿草分場,23.416869,120.283061,1.06,26.26,6.49,84.92,0.88,0.77,72M700
臺南農改場,23.0605,120.342194,0.28,26.2,7.09,87.12,7.9,6.6,72N100
七股研究中心,23.081672,120.062894,0.91,26.79,5.63,83.47,5.63,5.56,72N240
高雄農改場,22.709333,120.525889,0.05,26.71,8.55,88.25,14.1,11.85,72Q010
東改班鳩分場,22.829528,121.077694,1.19,25.16,2.39,82.12,34.92,28.22,72S200
東改賓朗果園,22.813889,121.071278,0.86,24.39,1.59,86.28,36.32,32.68,72S590
花蓮農改場,23.975222,121.563889,1.33,25.58,2.25,83.88,14.52,3.2,72T250
花改蘭陽分場,24.686306,121.716583,1.52,25.02,3.77,89.08,28.3,10.72,72U480
高改旗南分場,22.857861,120.516667,-0.29,26.58,8.77,84.14,16.45,14.13,72V140
茶改北部分場,24.955778,121.631222,1.85,22.77,2.16,89.04,12.17,-1.09,82A750
茶改場,24.908472,121.185333,1.45,24.55,0.48,81.75,3.85,0.24,82C160
茶改中部分場,23.875611,120.913583,0.37,22.47,-0.83,84.8,0.52,-0.92,82H320
茶改南部分場,23.762528,120.7405,0.27,24.0,1.11,88.4,1.62,-0.3,82H840
茶改東部分場,22.907694,121.130139,0.57,25.09,3.23,84.38,20.46,12.86,82S580
農工中心,24.985917,121.239833,1.22,24.97,5.4,78.25,3.06,0.13,A2C560
水試臺西試驗場,23.717231,120.190522,1.05,26.39,5.81,85.48,0.16,-0.03,A2K360
臺大雲林校區,23.730628,120.423903,1.01,25.89,4.99,82.68,0.14,0.12,A2K630
臺南蘭花園區,23.340258,120.379661,0.91,26.38,4.98,83.17,0.52,0.48,A2N290
畜試北區分所,24.527806,120.770972,1.22,24.82,7.26,84.79,0.56,0.22,B2E890
畜產試驗所,23.058972,120.336406,0.47,26.01,5.14,86.5,6.85,5.21,B2N890
畜試南區分所,21.945583,120.802167,0.48,27.09,2.95,77.04,6.38,1.83,B2Q810
畜試東區分所,24.669039,121.832561,1.76,24.89,4.6,91.33,27.0,5.79,B2U990
蓮華池,23.918333,120.885278,-0.04,23.39,6.29,86.75,0.35,-1.15,E2H360
林試畢祿溪站,24.226944,121.308522,-0.49,14.09,6.45,89.26,7.35,6.23,E2HA20
四湖植物園,23.676986,120.163433,1.09,26.58,8.09,90.28,0.89,0.86,E2K600
林試六龜中心,22.991703,120.645722,0.59,25.49,-8.56,75.36,5.3,4.97,E2P980
林試太麻里2,22.598,120.99775,0.25,25.95,5.55,81.35,33.91,30.58,E2S960
林試太麻里1,22.598922,120.980044,0.79,25.49,3.62,81.7,37.12,32.93,E2S980
農試所(霧峰),24.031261,120.688133,1.16,26.68,8.22,87.8,0.22,-0.54,G2F820
農試嘉義分所,23.485028,120.473806,0.95,26.01,6.72,86.0,1.3,0.04,G2L020
農試溪口農場,23.58565,120.408111,1.07,26.69,1.71,83.25,0.12,0.09,G2M350
農試鳳山分所,22.646611,120.356083,0.09,26.98,6.57,81.38,16.94,15.3,G2P820
苗栗農改場,24.495722,120.829111,1.08,24.94,2.26,83.08,0.77,-0.46,K2E360
苗改生物防治研究中心,24.422861,120.871833,1.06,23.75,1.06,83.17,1.4,0.88,K2E710
種苗改良場,24.225972,120.800917,1.09,23.9,10.12,89.08,0.92,-0.62,K2F750
溪頭,23.670306,120.798194,1.01,19.5,1.71,93.58,3.79,1.85,U2H480
臺大和社,23.590856,120.888864,0.89,22.57,5.27,87.0,2.27,1.4,U2HA30
臺大內茅埔,23.689722,120.851117,0.19,23.7,3.98,84.88,2.3,1.88,U2HA40
臺大竹山,23.756972,120.681556,1.16,26.31,-0.46,79.17,1.87,1.53,U2HA50
臺大竹山,23.756972,120.681556,1.16,26.31,-0.46,79.17,1.87,1.53,U2HA50
臺大內茅埔,23.689722,120.851117,0.19,23.7,3.98,84.88,2.3,1.88,U2HA40
臺大和社,23.590856,120.888864,0.89,22.57,5.27,87.0,2.27,1.4,U2HA30
臺大溪頭,23.670306,120.798194,1.01,19.5,1.71,93.58,3.79,1.85,U2H480
種苗繁殖,24.225972,120.800917,1.09,23.9,10.12,89.08,0.92,-0.62,K2F750
苗改生物防治研究中心,24.422861,120.871833,1.06,23.75,1.06,83.17,1.4,0.88,K2E710
苗栗農改,24.495722,120.829111,1.08,24.94,2.26,83.08,0.77,-0.46,K2E360
農試鳳山分所,22.646611,120.356083,0.09,26.98,6.57,81.38,16.94,15.3,G2P820
農試溪口農場,23.58565,120.408111,1.07,26.69,1.71,83.25,0.12,0.09,G2M350
農試嘉義分所,23.485028,120.473806,0.95,26.01,6.72,86.0,1.3,0.04,G2L020
農業試驗所,24.031261,120.688133,1.16,26.68,8.22,87.8,0.22,-0.54,G2F820
林試太麻里1,22.598922,120.980044,0.79,25.49,3.62,81.7,37.12,32.93,E2S980
林試太麻里2,22.598014,120.989761,0.25,25.95,5.55,81.35,33.91,30.58,E2S960
林試六龜中心,22.991703,120.645722,0.59,25.49,-8.56,75.36,5.3,4.97,E2P980
四湖植物園,23.676986,120.163433,1.09,26.58,8.09,90.28,0.89,0.86,E2K600
林試畢祿溪站,24.226944,121.308522,-0.49,14.09,6.45,89.26,7.35,6.23,E2HA20
蓮華池,23.918333,120.885278,-0.04,23.39,6.29,86.75,0.35,-1.15,E2H360
畜試東區分所,24.669039,121.832561,1.76,24.89,4.6,91.33,27.0,5.79,B2U990
畜試南區分所,21.945583,120.802167,0.48,27.09,2.95,77.04,6.38,1.83,B2Q810
畜試所,23.058972,120.336406,0.47,26.01,5.14,86.5,6.85,5.21,B2N890
畜試北區分所,24.527806,120.770972,1.22,24.82,7.26,84.79,0.56,0.22,B2E890
臺南蘭花園區,23.340258,120.379661,0.91,26.38,4.98,83.17,0.52,0.48,A2N290
臺大雲林校區,23.730628,120.423903,1.01,25.89,4.99,82.68,0.14,0.12,A2K630
水試臺西試驗場,23.717231,120.190522,1.05,26.39,5.81,85.48,0.16,-0.03,A2K360
農工中心,24.985917,121.239833,1.22,24.97,5.4,78.25,3.06,0.13,A2C560
茶改東部分場,22.907694,121.130139,0.57,25.09,3.23,84.38,20.46,12.86,82S580
茶改南部分場,23.762528,120.7405,0.27,24.0,1.11,88.4,1.62,-0.3,82H840
茶改中部分場,23.875611,120.913583,0.37,22.47,-0.83,84.8,0.52,-0.92,82H320
茶改場,24.908472,121.185333,1.45,24.55,0.48,81.75,3.85,0.24,82C160
茶改北部分場,24.955778,121.631222,1.85,22.77,2.16,89.04,12.17,-1.09,82A750
高改旗南分場,22.857861,120.516667,-0.29,26.58,8.77,84.14,16.45,14.13,72V140
花改蘭陽分場,24.686306,121.716583,1.52,25.02,3.77,89.08,28.3,10.72,72U480
花蓮農改,23.975222,121.563889,1.33,25.58,2.25,83.88,14.52,3.2,72T250
東改賓朗果園,22.813889,121.071278,0.86,24.39,1.59,86.28,36.32,32.68,72S590
東改班鳩分場,22.829528,121.077694,1.19,25.16,2.39,82.12,34.92,28.22,72S200
高雄農改,22.709333,120.525889,0.05,26.71,8.55,88.25,14.1,11.85,72Q010
七股研究中心,23.081672,120.062894,0.91,26.79,5.63,83.47,5.63,5.56,72N240
臺南農改,23.0605,120.342194,0.28,26.2,7.09,87.12,7.9,6.6,72N100
南改鹿草分場,23.416869,120.283061,1.06,26.26,6.49,84.92,0.88,0.77,72M700
南改義竹分場,23.360694,120.279361,0.86,26.38,0.85,81.12,0.4,-0.35,72M360
南改斗南分場,23.634556,120.477333,1.35,26.64,2.03,82.21,0.46,-0.56,72K220
中改埔里分場,23.903208,120.963364,1.07,23.52,-1.23,86.17,1.04,0.58,72HA00
臺中農改,24.003028,120.534389,1.33,26.67,2.91,80.52,0.1,-0.66,72G600
桃改新埔分場,24.834444,121.066111,1.33,25.41,6.85,81.04,1.32,1.11,72D680
桃改五峰分場,24.612194,121.157167,1.93,20.4,2.7,90.83,4.25,-1.02,72D080
桃園農改,24.950944,121.030583,1.39,25.47,5.17,82.79,2.4,0.66,72C440
桃改樹林分場,24.944503,121.386972,2.04,25.8,-1.32,77.18,3.36,0.58,72AI40
萬大發電廠,23.978875,121.139639,1.44,22.47,-12.74,73.4,0.38,-0.04,42HA10
恆春工作站,22.079678,120.714425,0.8,27.5,7.07,71.92,10.32,9.78,12Q980
東港工作站,22.479997,120.466058,0.3,27.3,3.21,71.29,8.21,7.18,12Q970
口湖工作站,23.589978,120.180394,1.11,26.31,3.12,74.08,0.1,0.1,12J990
