站名,緯度,經度,平均溫距平,本年度平均溫,平均溼度距平,本年度日均相對溼度,本年度日均降水量,日均降水量距平,站號
淡水,25.164889,121.448906,0.34,22.51,2.69,81.6,2.54,-1.71,466900
鞍部,25.182586,121.529731,0.3,16.84,7.71,99.0,18.51,0.12,466910
臺北,25.037658,121.514853,0.18,23.23,6.54,81.2,0.7,-2.78,466920
竹子湖,25.162078,121.544547,0.28,18.52,8.28,95.4,14.8,-0.12,466930
基隆,25.133314,121.740475,0.58,23.08,4.97,82.1,13.56,-1.73,466940
花蓮,23.975128,121.613275,1.02,24.38,3.2,79.3,2.54,-3.65,466990
新屋,25.006744,121.047486,0.56,23.02,1.36,79.8,3.22,2.3,467050
宜蘭,24.763975,121.756528,0.38,22.44,7.08,89.6,8.38,-3.98,467080
金門,24.407306,118.289281,1.09,22.76,-2.7,67.4,0.15,-1.09,467110
田中,23.873803,120.581286,1.32,24.26,4.94,84.3,5.8,5.66,467270
澎湖,23.565503,119.563094,0.61,24.22,2.45,79.1,1.71,0.49,467350
臺南,22.993239,120.204772,0.66,25.23,1.73,76.18,0.64,-0.76,467410
永康,23.038386,120.2367,1.03,25.01,4.83,78.64,1.06,-0.26,467420
嘉義,23.495925,120.432906,0.8,23.93,4.85,84.0,3.46,2.44,467480
臺中,24.145736,120.684075,0.92,24.64,2.07,74.3,5.75,4.77,467490
阿里山,23.508208,120.813242,1.28,13.08,5.92,88.5,13.05,9.95,467530
大武,22.355675,120.903789,0.95,25.85,2.84,75.2,0.49,-3.6,467540
玉山,23.487614,120.959522,1.79,7.03,3.42,69.2,8.65,4.1,467550
新竹,24.827853,121.014219,0.58,23.28,4.93,79.7,2.88,0.92,467571
恆春,22.003897,120.746339,0.99,26.4,1.75,72.7,0.04,-3.47,467590
成功,23.097486,121.373428,1.2,24.9,2.12,77.9,2.55,-2.07,467610
日月潭,23.881325,120.90805,1.33,20.81,9.49,89.9,3.2,1.63,467650
臺東,22.752211,121.154586,1.33,25.68,1.88,75.3,0.24,-3.79,467660
馬祖,26.169269,119.923419,0.89,20.44,-0.46,79.7,1.55,-0.62,467990
山佳,24.974944,121.402008,0.01,22.67,4.72,82.8,0.8,-2.6,C0A520
坪林,24.938183,121.70975,0.44,20.2,0.79,92.9,4.85,-2.77,C0A530
泰平,24.971197,121.823711,0.59,19.43,4.23,99.7,22.8,-1.28,C0A550
桶後,24.848222,121.597992,0.72,19.8,3.91,97.7,6.1,-3.69,C0A570
石碇,24.993969,121.662917,0.6,20.7,2.85,92.62,8.19,2.0,C0A640
大坪,25.165914,121.632969,1.32,20.63,3.74,96.3,27.7,-1.77,C0A860
五指山,25.132153,121.608692,1.19,18.66,2.59,98.0,17.15,1.86,C0A870
雙溪,25.036003,121.864242,2.28,23.1,-2.3,90.0,13.15,-5.42,C0A890
三和,25.233153,121.595236,3.47,23.88,1.6,89.7,24.4,9.2,C0A931
金山,25.223628,121.643967,1.79,23.49,-2.28,80.9,7.8,-1.66,C0A940
鼻頭角,25.129036,121.923372,0.68,22.78,0.44,84.0,4.35,-1.57,C0A950
三貂角,25.007606,122.002058,0.86,22.85,5.49,86.8,7.95,-1.53,C0A970
社子,25.109508,121.469681,0.98,24.02,5.18,80.8,0.65,-1.66,C0A980
天母,25.117494,121.537169,0.25,23.3,0.57,74.4,1.2,-1.78,C0A9C0
內湖,25.079422,121.57545,0.11,22.95,19.62,98.0,0.65,-2.98,C0A9F0
三峽,24.939025,121.369728,1.62,24.24,3.12,81.6,1.05,-1.82,C0AC60
信義,25.037822,121.564597,1.37,23.7,4.51,84.8,1.2,-1.64,C0AC70
文山,25.00235,121.575728,0.3,22.36,1.93,84.7,2.65,-0.5,C0AC80
新莊,25.051478,121.446756,0.05,23.14,5.77,79.8,0.5,-1.5,C0ACA0
八里,25.150211,121.403947,0.33,23.09,12.49,88.6,1.85,-0.68,C0AD10
蘆洲,25.086594,121.472331,0.83,24.3,1.99,76.5,0.5,-1.45,C0AD30
土城,24.973208,121.445169,0.32,22.69,5.96,84.7,0.9,-1.96,C0AD40
鶯歌,24.951533,121.346294,1.35,23.78,3.05,84.5,1.0,-1.39,C0AD50
汐止,25.066881,121.658778,0.9,23.11,-1.91,84.14,2.25,-6.3,C0AH00
永和,25.01125,121.508111,1.13,23.82,4.82,81.7,0.85,-0.67,C0AH10
五分山,25.07125,121.780794,1.23,18.4,1.06,98.5,23.15,3.0,C0AH30
平等,25.129142,121.577086,0.47,20.14,-0.77,87.2,5.3,-1.37,C0AH40
林口,25.072181,121.38084,0.43,21.4,-4.15,86.9,0.6,-0.55,C0AH50
松山,25.04871,121.55042,-0.08,22.88,2.46,73.3,0.75,-1.29,C0AH70
深坑,25.002703,121.628328,4.03,25.41,4.75,90.5,4.19,0.82,C0AH80
福山植物園,24.760717,121.58135,1.29,18.42,4.01,99.4,16.35,-1.89,C0AH90
五股,25.07445,121.42728,-0.39,21.43,-2.06,84.3,0.55,-0.33,C0AI00
屈尺,24.92184,121.54475,0.71,22.12,-2.7,81.3,4.7,1.49,C0AI10
白沙灣,25.283128,121.519058,0.95,22.8,-1.45,84.8,0.75,-2.71,C0AI20
三重,25.057328,121.500629,0.7,23.47,5.87,81.3,0.65,0.49,C0AI30
石牌,25.115597,121.513139,1.17,24.26,14.64,78.1,0.7,0.22,C0AI40
七堵,25.094819,121.71713,1.63,23.57,0.51,85.8,12.05,3.68,C0B010
基隆嶼,25.19141,121.78391,0.83,22.47,14.34,92.6,6.0,2.95,C0B020
復興,24.820208,121.352281,0.77,20.86,3.36,82.6,1.15,-1.79,C0C460
桃園,24.992425,121.323172,0.35,22.85,4.29,79.0,1.4,-1.31,C0C480
八德,24.928708,121.283289,0.13,22.32,1.9,80.7,1.7,-1.29,C0C490
觀音,25.027072,121.153317,0.31,21.93,4.76,84.7,2.85,-0.61,C0C590
蘆竹,25.084275,121.265767,0.02,22.3,7.44,87.3,0.85,-2.06,C0C620
大溪,24.882853,121.265547,0.52,21.68,5.11,83.4,1.25,-1.63,C0C630
平鎮,24.897503,121.214636,0.77,21.73,2.93,84.2,1.25,-1.68,C0C650
龍潭,24.870056,121.221389,0.8,21.45,3.22,83.5,1.5,-0.2,C0C670
龜山,25.02846,121.38656,0.34,21.18,5.24,86.9,1.1,-0.45,C0C680
中壢,24.977661,121.256375,0.56,22.17,4.8,80.8,1.7,1.16,C0C700
大溪永福,24.892936,121.324975,1.12,22.01,6.54,86.0,1.5,0.8,C0C710
梅花,24.678347,121.208558,1.06,20.91,2.83,83.4,1.6,-0.58,C0D360
峨眉,24.6905,121.017189,1.04,22.91,-2.71,80.6,1.5,-0.31,C0D430
打鐵坑,24.849664,121.150789,0.5,21.27,-0.52,85.0,0.3,-2.21,C0D480
橫山,24.71116,121.11693,0.16,21.2,6.49,88.6,0.85,-1.06,C0D540
雪霸,24.526972,121.11605,2.01,15.97,-2.83,77.9,2.7,-0.1,C0D550
竹東,24.767147,121.057881,1.23,23.07,3.15,77.2,1.45,-0.6,C0D560
寶山,24.735006,121.025192,1.07,22.57,0.68,81.6,1.3,-1.04,C0D580
新豐,24.87068,120.97721,0.54,21.94,11.03,92.1,2.8,0.32,C0D590
湖口,24.904794,121.043628,-0.25,21.82,0.3,79.8,2.6,2.03,C0D650
新竹市東區,24.798681,120.986942,0.19,22.55,4.25,78.2,2.75,2.4,C0D660
竹南,24.708978,120.888897,0.93,23.28,3.62,80.1,2.1,0.71,C0E420
南庄,24.601775,121.000214,0.7,21.3,6.12,90.4,2.35,0.67,C0E430
明德,24.583486,120.885411,1.2,23.4,-2.67,78.1,3.05,1.54,C0E550
通霄,24.471892,120.704622,0.57,23.09,-0.39,81.2,4.25,3.09,C0E590
馬都安,24.451272,120.930192,0.65,19.42,6.16,90.1,5.25,3.79,C0E610
頭份,24.688247,120.912206,1.5,24.27,2.23,75.8,3.1,1.25,C0E730
造橋,24.637056,120.864778,0.57,23.32,-2.13,78.2,3.3,1.71,C0E740
苗栗,24.564569,120.824575,0.5,23.4,-1.74,73.9,3.55,2.17,C0E750
銅鑼,24.489681,120.790853,0.16,22.32,11.27,92.0,7.4,6.11,C0E780
西湖,24.562947,120.7485,0.61,22.68,0.61,83.3,4.3,3.33,C0E810
獅潭,24.539133,120.920042,0.53,21.43,-1.65,84.5,5.4,5.09,C0E820
苑裡,24.439714,120.653053,0.43,23.22,0.69,78.0,5.15,4.96,C0E830
大河,24.618069,120.948578,-0.0,21.84,-1.42,80.4,2.85,2.4,C0E850
高鐵苗栗,24.60725,120.826094,0.85,23.5,8.45,83.0,3.6,3.28,C0E870
石岡,24.276061,120.777644,0.76,22.38,4.79,86.1,11.5,11.21,C0F0B0
中坑,24.248517,120.903319,0.35,19.35,0.58,89.2,11.15,10.42,C0F0C0
審馬陣,24.381675,121.4203,1.7,10.29,13.94,74.2,3.5,2.57,C0F0D0
東勢,24.246428,120.833047,1.37,23.41,1.91,81.1,11.55,10.24,C0F850
大坑,24.173142,120.722289,1.48,25.21,2.71,77.0,6.95,5.74,C0F970
神岡,24.272481,120.658314,0.4,22.77,-9.81,72.0,8.56,7.46,C0F9I0
大安,24.345061,120.588025,0.09,22.98,-0.11,81.2,5.15,4.33,C0F9K0
后里,24.310436,120.729725,0.7,22.99,0.17,81.5,10.8,9.75,C0F9L0
豐原,24.254322,120.720692,1.34,24.02,0.54,77.9,11.85,10.73,C0F9M0
大里,24.092464,120.701378,1.11,25.79,-6.03,65.5,3.55,2.27,C0F9N0
潭子,24.213106,120.703933,0.15,23.86,2.55,78.1,7.8,6.73,C0F9O0
清水,24.312297,120.562242,0.1,23.2,-0.35,80.6,3.45,2.65,C0F9P0
外埔,24.347817,120.705686,1.27,23.58,-5.2,78.0,9.28,8.15,C0F9Q0
龍井,24.184536,120.528972,0.29,23.76,-3.41,77.9,5.7,4.68,C0F9R0
烏日,24.107058,120.624103,0.27,24.23,0.31,73.8,6.5,5.24,C0F9S0
西屯,24.179494,120.641275,0.09,23.42,1.11,77.2,7.65,6.68,C0F9T0
南屯,24.137006,120.637969,0.03,24.43,0.76,73.5,6.15,5.14,C0F9U0
新社,24.200172,120.815806,0.63,21.9,6.17,88.9,14.1,12.91,C0F9V0
大雅(中科園區),24.21528,120.62445,-0.08,22.68,2.1,81.0,4.9,4.72,C0F9X0
桃山,24.432739,121.303808,1.79,9.48,8.0,76.7,2.5,-0.62,C0F9Y0
雪山東峰,24.388792,121.268675,1.76,10.24,7.77,76.9,7.3,4.42,C0F9Z0
芬園,24.015678,120.6213,-0.09,23.03,6.49,86.7,6.8,5.4,C0G620
員林,23.946503,120.585597,2.62,26.22,-0.48,78.4,5.3,4.4,C0G650
溪湖,23.94835,120.479122,2.05,25.61,11.6,92.1,6.5,4.89,C0G660
溪州,23.851589,120.499093,0.82,24.0,-2.63,76.1,4.95,4.55,C0G720
二林,23.903325,120.376081,0.66,23.52,1.58,86.2,5.3,4.95,C0G730
大城,23.852487,120.320935,0.91,24.0,-28.2,51.3,5.75,5.4,C0G740
福興,24.041289,120.437669,0.73,24.83,-3.81,74.18,6.32,5.32,C0G770
秀水,24.03405,120.503869,-0.14,23.74,1.58,81.57,5.86,4.72,C0G780
埔鹽,24.000394,120.431683,1.48,24.77,1.6,83.55,4.68,3.56,C0G800
埔心,23.947633,120.525456,0.49,24.37,21.35,99.73,5.32,3.95,C0G810
田尾,23.901669,120.509389,1.05,24.75,0.65,84.55,5.09,3.68,C0G820
埤頭,23.866003,120.452806,0.58,23.9,12.34,100.0,3.41,2.18,C0G830
社頭,23.897647,120.5862,1.04,25.33,6.45,81.82,5.18,3.79,C0G860
二水,23.810742,120.6173,2.01,25.65,3.31,82.91,4.27,2.88,C0G880
伸港,24.148933,120.484403,0.06,23.62,-1.58,77.91,6.05,5.08,C0G890
線西,24.143358,120.443536,0.79,23.89,1.58,78.73,3.59,3.56,C0G900
花壇,24.032076,120.549461,2.52,25.69,9.39,80.82,3.91,3.77,C0G910
埔里,23.972169,120.952425,1.54,24.01,3.29,82.64,3.77,2.88,C0H890
草屯,23.973672,120.68085,0.52,24.42,0.02,76.27,3.18,1.76,C0H960
昆陽,24.121322,121.273642,2.56,10.87,5.48,76.73,3.14,0.65,C0H990
神木村,23.532742,120.843667,2.28,18.08,-0.23,86.09,6.41,3.93,C0H9A0
合歡山,24.143442,121.272547,2.83,9.55,4.63,82.09,9.64,5.83,C0H9C0
廬山,24.033311,121.181808,2.25,19.04,3.06,78.09,4.0,1.99,C0I010
信義,23.689694,120.851036,1.15,22.47,2.45,86.09,2.32,1.64,C0I080
竹山,23.761225,120.688156,1.13,24.05,2.41,83.82,3.91,2.44,C0I110
水里,23.812553,120.849792,1.09,23.85,1.1,82.18,1.45,0.95,C0I360
魚池,23.895703,120.94135,1.6,22.77,2.76,86.73,3.23,2.41,C0I370
集集,23.828206,120.801467,0.98,23.96,3.53,85.27,2.86,2.5,C0I380
仁愛,24.022122,121.132206,1.77,19.93,3.17,83.73,3.55,2.23,C0I390
名間,23.837053,120.701447,0.72,23.56,1.52,81.55,2.09,1.8,C0I410
國姓,24.037803,120.855072,1.15,23.99,2.91,84.18,8.68,7.89,C0I420
南投,23.911469,120.687331,0.93,24.83,4.19,79.82,3.73,3.15,C0I460
梅峰,24.085272,121.173572,2.03,14.95,5.43,84.27,5.36,3.31,C0I480
萬大林道,23.928228,121.091411,2.13,18.85,-2.3,79.55,3.32,2.1,C0I490
小奇萊,24.131764,121.295717,1.97,10.4,5.64,78.73,5.27,2.48,C0I530
崙背,23.75555,120.318925,0.99,23.67,-1.32,79.73,3.41,3.04,C0K250
四湖,23.630414,120.227125,1.09,24.25,-1.06,78.0,2.36,1.15,C0K280
宜梧,23.536281,120.169329,0.92,24.1,-1.91,79.09,2.14,0.5,C0K291
虎尾,23.719183,120.442036,0.76,24.17,5.27,84.36,4.41,3.28,C0K330
土庫,23.679029,120.395574,1.29,24.49,5.32,84.82,0.32,0.01,C0K390
斗六,23.720583,120.541127,0.72,24.15,-2.75,78.73,4.05,3.9,C0K400
北港,23.573957,120.292802,0.65,23.96,-3.02,78.0,2.82,2.59,C0K410
西螺,23.800407,120.467394,0.72,23.91,-1.3,81.36,4.05,3.5,C0K420
褒忠,23.690938,120.303634,0.78,23.7,-6.26,75.27,2.91,2.53,C0K430
二崙,23.772797,120.408944,0.83,23.48,1.64,83.36,3.23,2.84,C0K440
大埤,23.646074,120.431537,0.77,23.93,0.19,81.36,3.14,2.91,C0K450
斗南,23.678734,120.478359,0.77,24.05,0.1,79.64,4.41,4.2,C0K460
林內,23.748675,120.609642,1.3,24.15,-0.33,81.27,4.95,4.76,C0K470
莿桐,23.761192,120.502372,0.93,23.65,-0.16,79.64,5.23,4.93,C0K480
元長,23.64981,120.315024,0.8,23.97,0.29,79.73,4.27,3.95,C0K500
水林,23.572924,120.24597,1.04,24.25,-0.38,79.55,3.23,3.0,C0K510
臺西,23.701547,120.197559,0.66,23.75,-0.29,80.64,3.36,3.11,C0K530
蔦松,23.514319,120.229736,1.0,24.04,-0.86,80.73,2.36,2.06,C0K550
棋山,23.68645,120.603417,1.32,24.37,0.79,82.64,5.05,4.8,C0K560
高鐵雲林,23.737456,120.417944,0.69,23.7,0.63,82.45,3.86,3.35,C0K580
東後寮,23.369908,120.248065,0.88,24.04,0.66,81.09,1.5,1.29,C0M520
奮起湖,23.493903,120.699253,1.83,18.59,0.89,91.27,11.77,9.92,C0M530
中埔,23.42538,120.5229,0.71,23.86,0.8,81.91,5.5,5.16,C0M640
朴子,23.43463,120.23902,0.18,23.47,2.2,82.27,0.0,-0.17,C0M650
溪口,23.604131,120.403569,0.81,23.89,-1.66,79.82,2.5,2.31,C0M660
大林,23.600616,120.45841,0.79,24.22,-0.66,79.09,3.5,3.31,C0M670
太保,23.455062,120.331455,0.6,24.15,-0.83,79.45,2.27,2.08,C0M680
水上,23.419734,120.388909,0.76,24.09,8.59,87.18,2.77,2.49,C0M690
竹崎,23.526178,120.555508,0.91,24.03,1.06,84.18,9.14,8.78,C0M700
東石,23.458927,120.15385,0.91,24.2,-1.48,78.82,1.18,0.91,C0M710
番路,23.464657,120.554156,0.77,23.41,4.99,87.0,6.05,5.72,C0M720
嘉義市東區,23.457673,120.460531,0.92,25.44,1.46,76.27,4.36,4.06,C0M730
六腳,23.492871,120.290625,0.73,24.09,0.12,79.45,2.32,2.15,C0M740
布袋,23.380878,120.167789,1.0,24.37,-5.81,77.45,1.23,1.01,C0M750
民雄,23.551754,120.428457,0.63,24.15,-1.24,79.64,3.41,3.18,C0M760
嘉義梅山,23.585398,120.555587,0.71,23.76,6.76,88.09,6.68,6.41,C0M770
鹿草,23.41134,120.30835,0.95,24.51,0.86,79.18,1.91,1.63,C0M780
新港,23.553269,120.345728,0.63,24.12,-0.91,78.55,3.32,3.11,C0M790
茶山,23.299075,120.664767,1.19,23.46,4.12,87.18,11.5,11.19,C0M800
里佳,23.389125,120.716647,1.82,19.08,-2.98,84.91,14.55,13.73,C0M810
達邦,23.453994,120.749517,1.75,20.9,5.72,86.55,11.09,10.53,C0M820
表湖,23.24186,120.64166,1.0,21.57,4.25,91.73,9.36,8.96,C0M850
新美,23.338017,120.683169,1.78,23.08,0.38,85.45,11.32,10.07,C0M860
北寮,23.079561,120.495008,1.03,24.67,8.22,92.45,3.73,3.59,C0O830
王爺宮,23.222064,120.40085,2.99,25.96,-3.72,79.64,3.27,3.03,C0O840
大內,23.11885,120.36083,1.77,25.99,1.85,84.91,2.41,2.35,C0O860
善化,23.112883,120.297219,1.11,24.84,5.99,87.91,2.27,1.31,C0O900
崎頂,22.959547,120.369317,1.46,24.66,5.44,88.82,2.0,1.79,C0O960
虎頭埤,23.021375,120.347878,0.83,24.35,1.97,85.0,2.05,1.92,C0O970
新市,23.061614,120.298197,1.6,25.82,1.12,80.36,2.36,2.21,C0O980
媽廟,22.99175,120.293525,0.67,24.85,14.68,94.64,1.73,1.27,C0O990
尾寮山,22.833111,120.683889,1.55,20.28,-0.09,91.17,30.5,28.86,C0R100
阿禮,22.742908,120.743678,0.99,20.62,1.16,81.64,5.36,4.23,C0R130
瑪家,22.682903,120.686639,0.56,21.25,19.4,98.0,8.05,6.76,C0R140
三地門,22.709889,120.639944,1.41,25.98,-7.55,70.18,2.68,1.03,C0R150
鹽埔,22.739558,120.530778,1.38,26.01,-2.12,85.36,3.95,3.57,C0R160
屏東,22.660269,120.494072,1.89,26.76,-5.5,75.55,4.77,4.41,C0R170
赤山,22.592333,120.614306,1.23,25.9,4.95,88.64,2.36,1.75,C0R190
潮州,22.534361,120.54,1.82,26.53,1.34,79.64,0.95,-0.38,C0R220
來義,22.527306,120.625111,0.63,24.74,7.46,91.22,3.56,2.92,C0R240
春日,22.370361,120.628306,0.25,24.82,-1.88,79.55,1.0,-0.01,C0R260
琉球嶼,22.332244,120.362236,1.11,26.1,-2.66,81.0,0.77,-0.85,C0R270
車城,22.0744,120.716247,1.14,26.15,6.62,76.91,0.09,-10.73,C0R320
牡丹,22.130036,120.792639,1.26,23.63,8.81,92.09,0.59,-16.19,C0R341
貓鼻頭,21.921774,120.7358,1.14,26.13,0.56,76.64,0.09,-3.43,C0R350
大漢山,22.405264,120.753181,2.33,15.35,3.78,97.91,10.82,-12.11,C0R440
高樹,22.826389,120.600806,1.01,26.0,-4.37,75.45,5.68,5.32,C0R470
長治,22.693128,120.542622,1.81,26.85,0.2,83.27,5.05,4.6,C0R480
九如,22.7405,120.490503,1.71,26.78,-4.71,78.0,2.73,2.32,C0R490
崁頂,22.514781,120.506914,0.79,26.08,-1.61,80.8,0.59,0.1,C0R520
佳冬,22.419456,120.552375,0.84,25.9,-0.93,82.36,1.0,0.17,C0R540
新埤,22.467947,120.582894,1.09,25.75,-4.58,79.36,1.32,0.51,C0R550
新園,22.5434,120.461558,2.12,27.25,-7.36,73.18,0.64,0.17,C0R560
麟洛,22.65078,120.52719,2.12,27.37,3.4,81.91,0.82,0.44,C0R570
南州,22.48591,120.50274,1.02,26.02,1.52,83.18,0.64,0.08,C0R580
里港,22.77919,120.49459,1.03,25.97,0.45,81.36,3.0,2.81,C0R590
舊泰武,22.588194,120.664944,0.9,21.67,3.8,92.0,5.82,3.85,C0R600
墾雷,21.900836,120.855269,0.69,25.81,7.69,88.36,0.18,-3.53,C0R620
東港,22.46247,120.44074,1.26,26.34,1.7,82.36,0.45,-0.97,C0R640
竹田,22.58486,120.54344,1.64,26.47,-7.08,76.73,0.82,0.27,C0R650
枋寮,22.367722,120.590647,1.24,25.96,6.03,85.45,0.45,-3.26,C0R660
楓港,22.190131,120.692156,0.6,25.75,6.07,72.0,0.05,-12.67,C0R670
佳樂水,21.993578,120.861633,0.97,26.12,3.08,79.36,0.59,-7.09,C0R680
墾丁,21.966756,120.810269,1.55,24.05,-2.4,81.67,0.41,-8.91,C0R690
枋山,22.246844,120.661086,1.03,26.19,7.77,75.27,0.18,-6.75,C0R700
龍磐,21.931672,120.838942,0.98,25.06,3.71,85.64,0.27,-7.26,C0R710
旭海,22.205403,120.887614,0.89,23.79,15.92,97.64,0.59,-7.77,C0R720
大坪頂,22.024633,120.69355,0.96,24.7,14.25,87.18,0.05,-8.78,C0R730
獅子,22.201569,120.70525,1.13,25.85,6.58,74.36,0.14,-15.4,C0R740
四林格山,22.076989,120.802439,1.47,21.35,0.1,92.33,1.36,-9.67,C0R750
南仁湖,22.084681,120.863353,1.11,22.77,8.0,95.0,1.35,-8.97,C0R760
保力,22.071122,120.764111,1.29,25.13,5.06,81.2,0.25,-15.71,C0R770
滿州,22.024403,120.839892,1.29,25.61,1.17,78.1,0.6,-8.01,C0R780
九棚,22.14195,120.889281,0.97,24.94,2.34,81.7,0.8,-6.99,C0R790
丹路,22.204481,120.750989,1.36,25.07,5.77,78.2,0.55,-17.81,C0R800
內獅,22.305064,120.642986,1.14,25.69,16.49,96.2,0.55,-5.09,C0R810
白鷺,22.454275,120.666219,1.35,22.55,6.94,88.3,3.25,-3.32,C0R820
高士,22.121825,120.836781,1.22,22.36,3.89,90.1,1.15,-10.99,C0R830
牡丹池山,22.168389,120.841225,1.28,21.14,4.57,95.4,0.85,-9.04,C0R840
下馬,23.150427,121.070312,1.91,19.82,3.59,90.3,1.85,-2.26,C0S660
太麻里,22.60902,120.98533,1.48,21.98,6.69,85.9,0.35,-3.18,C0S690
知本,22.684866,121.005642,1.35,21.67,6.3,89.8,1.1,-3.29,C0S700
鹿野,22.917711,121.122994,1.7,22.33,4.66,86.2,0.45,-2.83,C0S710
綠島,22.6672,121.47533,1.11,24.51,12.79,95.0,2.1,-4.95,C0S730
池上,23.119628,121.209469,1.51,22.62,1.89,87.0,0.7,-2.23,C0S740
向陽,23.248397,120.986133,2.28,13.26,10.14,93.82,6.64,0.73,C0S750
大溪山,22.478475,120.943325,1.2,22.37,8.92,87.27,1.05,-3.2,C0S770
金崙,22.538122,120.966875,1.43,23.91,4.96,83.82,0.59,-2.98,C0S790
東河,22.972672,121.303986,0.64,24.84,6.78,82.1,0.65,-2.95,C0S810
長濱,23.286817,121.411975,0.81,23.13,4.21,82.43,0.82,-4.13,C0S830
南田,22.279725,120.889208,0.92,25.68,23.11,98.0,0.77,-2.87,C0S840
關山,23.0395,121.175017,1.61,23.33,2.92,85.45,1.27,-1.7,C0S890
蘭嶼高中,22.04909,121.51214,0.82,26.0,8.26,83.4,9.5,-7.58,C0S900
蘭嶼燈塔,22.081197,121.503117,0.77,24.14,7.5,91.4,2.1,-8.88,C0S910
金峰嘉蘭,22.594789,120.960825,1.7,24.32,4.9,82.9,0.95,-5.57,C0S920
延平,22.902581,121.084058,1.96,23.64,3.93,81.18,1.64,-1.22,C0S930
石寧山,23.223772,121.406639,1.61,23.94,9.41,87.91,0.86,-2.78,C0S940
香蘭,22.587569,120.993375,1.46,25.63,9.69,80.91,0.55,-8.03,C0S960
加津林,22.416211,120.926942,1.24,25.74,8.09,77.09,0.55,-6.81,C0S970
勝林山,22.430439,120.8938,1.49,18.39,3.96,97.5,2.15,-10.14,C0S980
山豬窟,22.318619,120.857372,1.06,22.24,7.22,88.18,1.0,-7.32,C0S990
歷坵,22.520969,120.89185,1.98,22.14,7.59,89.27,1.09,-7.61,C0SA00
檳榔四格山,22.810031,121.109308,2.05,22.62,5.66,89.09,0.73,-2.56,C0SA10
金崙山,22.567419,120.959667,2.13,19.46,1.22,92.18,1.73,-6.33,C0SA20
都歷,23.020333,121.323642,1.7,24.75,25.68,98.18,0.68,-2.43,C0SA30
瑞和,22.974361,121.156697,2.02,23.56,12.87,92.8,0.4,-3.81,C0SA40
知本（水試所）,22.702394,121.082761,1.53,25.32,5.47,79.18,0.27,-5.01,C0SA60
土坂,22.453108,120.887572,1.52,24.22,7.55,83.55,1.05,-8.08,C0SA80
達仁林場,22.264347,120.823972,1.37,21.52,4.99,91.64,1.73,-14.45,C0SA90
大禹嶺,24.186117,121.316086,1.5,11.15,3.26,87.36,5.55,2.49,C0T790
天祥,24.179597,121.495639,1.71,20.65,3.19,89.09,2.14,-1.19,C0T820
鯉魚潭,23.935639,121.508944,1.07,22.23,2.05,90.91,1.71,-3.75,C0T870
西林,23.8119,121.441458,1.49,22.82,7.17,90.73,2.64,-4.44,C0T900
光復,23.660694,121.424964,1.69,23.35,-2.75,87.09,3.41,-2.78,C0T960
月眉山,23.809928,121.539828,1.41,21.08,0.91,94.82,2.59,-4.32,C0T9A0
水源,23.991861,121.537169,1.16,20.63,5.71,93.73,3.64,-3.06,C0T9B0
和中,24.26676,121.74103,0.54,23.45,14.94,98.73,7.5,0.6,C0T9D0
大坑,23.880628,121.581981,1.17,21.17,5.66,95.18,4.55,-2.23,C0T9E0
水璉,23.797131,121.542514,0.84,22.73,4.31,90.18,2.09,-4.21,C0T9F0
鳳林山,23.735269,121.420131,0.14,20.21,1.73,95.09,3.41,-3.77,C0T9G0
加路蘭山,23.682947,121.5274,1.02,19.6,3.84,99.0,5.82,-3.52,C0T9H0
靜浦,23.455167,121.495028,1.46,23.87,7.45,89.27,4.86,-2.04,C0T9M0
富里,23.171639,121.249378,2.12,22.86,11.87,96.91,0.82,-2.93,C0T9N0
雙連埤,24.753033,121.641303,0.52,18.68,0.76,98.0,12.36,-3.12,C0U520
礁溪,24.817539,121.765608,0.79,22.51,-0.53,90.18,4.64,-6.74,C0U600
玉蘭,24.675286,121.587061,-1.88,17.2,-24.5,69.5,15.64,2.51,C0U650
太平山,24.505486,121.525656,1.89,13.63,3.85,98.18,5.64,-3.54,C0U710
南山,24.43742,121.38167,1.72,16.56,2.22,96.36,5.45,0.55,C0U720
東澳,24.52196,121.83318,0.31,22.6,7.94,99.73,16.82,-3.77,C0U760
南澳,24.44935,121.81022,0.62,23.38,1.48,86.0,8.59,-2.58,C0U770
五結,24.68637,121.79794,0.07,21.75,4.69,92.45,12.82,-4.95,C0U780
頭城,24.85323,121.8308,0.29,22.55,5.09,91.64,3.73,-10.24,C0U860
大礁溪,24.791042,121.675047,0.92,19.69,7.21,98.18,10.36,-5.02,C0U870
三星,24.66812,121.65302,0.85,21.65,5.03,98.91,10.0,-4.1,C0U890
內城,24.71813,121.68766,0.85,22.0,4.5,94.09,8.27,-2.63,C0U900
冬山,24.63373,121.7937,0.78,22.4,11.76,99.0,12.86,-6.06,C0U910
羅東,24.68184,121.74934,1.17,22.07,5.09,93.55,9.55,-5.59,C0U940
鶯子嶺,24.89754,121.79244,1.26,16.49,2.35,99.91,11.59,-9.35,C0U950
翠峰湖,24.510856,121.608044,2.38,13.46,3.13,99.73,10.0,-2.98,C0U960
大福,24.80064,121.81389,0.75,22.65,0.26,89.0,5.82,-9.77,C0U970
坪林石牌,24.86478,121.77396,0.95,19.1,4.33,98.27,5.5,-11.04,C0U980
員山,24.74435,121.72247,0.75,22.25,5.99,93.27,7.36,-5.95,C0U990
鴛鴦湖,24.590269,121.412228,2.01,14.05,2.89,99.73,14.91,0.1,C0UA10
多加屯,24.368614,121.373189,1.6,11.55,6.0,84.27,29.67,26.17,C0UA20
白嶺,24.527819,121.519031,1.43,15.18,2.15,99.55,5.77,-1.29,C0UA30
西德山,24.560647,121.752608,1.43,16.47,2.22,99.82,22.77,-4.12,C0UA40
西帽山,24.555361,121.802628,0.81,17.42,2.58,99.82,50.86,4.45,C0UA50
樟樹山,24.41393,121.78325,1.42,20.01,7.38,99.0,8.91,-6.75,C0UA60
桃源谷,24.962606,121.888875,1.16,19.35,2.43,98.36,16.68,0.03,C0UA70
復興,23.222403,120.806089,0.87,22.26,5.49,83.73,8.32,7.73,C0V210
美濃,22.898742,120.519153,2.0,26.35,0.11,82.0,2.41,1.6,C0V310
溪埔,22.738578,120.446797,1.1,25.69,5.05,85.82,2.73,2.49,C0V350
內門,22.975481,120.466769,1.58,25.01,11.68,95.0,1.59,1.44,C0V360
古亭坑,22.893178,120.401947,1.23,24.68,1.84,87.55,1.32,0.44,C0V370
阿公店,22.804194,120.355528,0.67,24.75,2.55,84.0,0.5,0.1,C0V400
鳳山,22.646653,120.356122,1.48,26.53,6.31,84.27,2.36,1.91,C0V440
鳳森,22.545064,120.392592,1.22,25.92,-0.41,79.73,0.45,-0.05,C0V450
新興,22.627422,120.298803,1.49,26.59,0.15,74.82,1.23,-0.16,C0V490
阿蓮,22.883208,120.327508,1.94,26.35,-14.89,66.18,1.09,0.72,C0V530
梓官,22.760558,120.267211,1.0,25.68,-0.18,78.0,0.18,-0.4,C0V610
永安,22.82315,120.236856,0.83,25.22,-2.26,78.82,0.41,-0.14,C0V620
茄萣,22.906642,120.182608,0.96,25.33,3.13,79.36,0.59,-0.24,C0V630
湖內,22.887139,120.2445,0.65,25.09,-1.72,77.55,0.55,-0.02,C0V640
彌陀,22.783806,120.246361,1.43,26.05,1.75,81.27,0.32,-0.24,C0V650
岡山,22.797078,120.294958,1.33,26.34,1.99,78.0,0.41,-0.11,C0V660
仁武,22.701083,120.347722,1.0,26.1,6.73,85.0,0.86,0.45,C0V680
鼓山,22.623325,120.275575,0.67,25.64,2.19,80.73,0.5,-0.01,C0V690
三民,22.645017,120.311233,0.84,26.45,2.91,75.09,1.0,0.46,C0V700
苓雅,22.622742,120.330669,1.59,27.05,7.31,78.82,1.55,1.08,C0V710
林園,22.507747,120.394511,1.58,27.71,3.66,77.18,0.32,-0.25,C0V720
大寮,22.605614,120.395717,0.74,26.33,4.28,80.09,3.0,2.47,C0V730
旗山,22.888614,120.483597,1.88,26.52,-0.18,79.18,1.41,1.25,C0V740
路竹,22.854997,120.259439,1.55,26.37,-0.09,77.09,0.64,0.1,C0V750
橋頭,22.757806,120.30575,1.18,26.39,1.32,78.45,0.41,-0.07,C0V760
大社,22.730306,120.346639,0.79,25.58,7.32,84.36,0.77,0.41,C0V770
萬山,22.905944,120.688056,1.01,23.75,4.46,84.82,8.23,7.86,C0V790
六龜,22.997889,120.633583,1.24,25.17,5.59,85.73,8.0,7.72,C0V800
左營,22.67491,120.28491,0.79,25.38,-1.61,79.36,0.41,-0.22,C0V810
小林,23.148408,120.63325,1.7,23.77,6.01,88.73,5.91,5.43,C0V820
東莒,25.9652,119.98069,1.94,21.24,-3.46,74.45,1.59,0.79,C0W110
花嶼,23.40007,119.32276,0.9,24.08,1.79,80.91,6.33,5.05,C0W130
金沙,24.488292,118.408778,1.56,22.99,-7.79,60.18,0.05,-0.62,C0W140
金寧,24.457703,118.328989,1.52,23.54,-4.87,62.82,0.0,-0.52,C0W150
東河,23.296598,120.385608,0.77,24.42,-4.94,78.2,4.65,4.36,C0X050
下營,23.22695,120.256261,0.8,24.42,-2.27,77.6,1.75,1.38,C0X060
佳里,23.173039,120.145086,0.92,24.76,0.51,80.2,0.95,-0.4,C0X080
臺南市北區,23.010394,120.194228,0.75,25.32,3.62,79.0,0.5,-0.05,C0X100
臺南市南區,22.961189,120.188378,0.76,25.71,-3.33,74.9,0.7,0.18,C0X110
麻豆,23.183289,120.248611,1.12,25.34,3.33,83.3,2.15,1.85,C0X120
官田,23.193217,120.315422,0.72,25.1,0.42,80.8,2.5,2.21,C0X130
西港,23.125608,120.203108,0.9,25.08,2.56,82.2,1.4,0.85,C0X140
安定,23.102614,120.227839,0.95,24.9,2.08,84.0,1.25,0.63,C0X150
仁德,22.968258,120.257689,1.13,25.93,1.27,78.4,2.1,1.56,C0X160
關廟,22.963017,120.327797,-0.11,24.37,4.07,81.7,1.65,1.43,C0X170
山上,23.0757,120.363253,1.14,25.02,-1.15,81.8,3.35,3.26,C0X180
安平,22.993161,120.152181,0.58,24.97,-0.25,79.6,0.4,-0.19,C0X190
左鎮,23.056758,120.408522,1.79,25.26,-2.79,82.7,3.15,3.02,C0X200
白河,23.347466,120.414427,0.7,24.3,0.17,81.1,4.65,4.36,C0X210
學甲,23.230367,120.182187,1.08,24.42,0.32,79.7,1.35,0.98,C0X220
鹽水,23.272621,120.247641,0.69,24.05,0.1,81.0,1.95,1.62,C0X230
關子嶺,23.331169,120.508025,0.9,22.59,6.3,93.7,9.7,9.31,C0X240
新營,23.310689,120.316681,0.64,24.31,2.97,82.6,2.6,2.28,C0X250
後壁,23.366358,120.362326,0.77,24.11,-1.89,80.3,2.75,2.43,C0X260
將軍,23.214999,120.13577,0.73,24.13,-0.59,79.6,1.35,0.72,C0X280
北門,23.267772,120.125481,1.08,24.32,1.44,81.8,1.2,0.68,C0X290
鹿寮,23.386047,120.477331,1.24,24.19,8.46,93.1,5.6,5.16,C0X300
柳營,23.253328,120.375253,1.9,24.71,-2.76,79.1,3.45,2.27,C0X320
明里,23.208717,121.262342,1.72,22.71,1.89,89.2,0.8,-3.3,C0Z020
佳心,23.34567,121.21316,1.36,19.14,10.66,97.8,1.9,-2.13,C0Z050
玉里,23.3215,121.339656,1.54,23.05,2.27,88.2,2.15,-3.51,C0Z061
舞鶴,23.46811,121.37407,1.77,22.42,8.52,99.5,1.0,-3.81,C0Z070
富源,23.587642,121.378225,1.8,22.29,-0.92,90.6,1.75,-5.21,C0Z080
東華,23.89525,121.549833,1.49,23.78,1.95,89.2,0.95,-5.94,C0Z100
吉安光華,23.930925,121.595153,1.1,23.79,-13.19,74.9,2.7,-4.24,C0Z150
鳳林,23.746114,121.453411,1.63,23.49,1.73,87.8,1.95,-4.38,C0Z160
卓溪,23.3443,121.3029,1.31,23.15,-0.7,81.7,1.3,-3.38,C0Z170
富世,24.14743,121.6297,0.69,23.45,-0.07,84.83,0.58,-7.2,C0Z190
萬榮,23.709219,121.420106,1.48,23.04,-3.53,83.6,2.55,-4.25,C0Z200
瑞穗,23.5239,121.39021,2.01,23.29,0.72,87.2,2.1,-4.52,C0Z210
和平林道,24.343922,121.656317,1.21,20.06,0.7,91.7,7.5,2.68,C0Z220
和平,24.30717,121.77007,0.05,23.07,7.92,81.4,4.35,-6.08,C0Z230
瑞穗林道,23.49284,121.30688,3.32,19.18,0.19,96.9,3.55,-5.88,C0Z250
蕃薯寮,23.73835,121.540108,1.06,21.7,-1.12,89.7,3.05,-5.79,C0Z270
德武,23.47426,121.41071,1.6,22.95,-0.91,87.3,1.6,-5.42,C0Z280
赤柯山,23.36893,121.38293,1.39,18.24,4.87,98.2,5.3,-3.3,C0Z290
東里,23.26853,121.30547,1.66,23.08,-6.12,86.0,1.75,-3.43,C0Z300
清水斷崖,24.218294,121.689142,0.69,23.4,3.86,84.6,3.15,-3.86,C0Z310
清水林道,23.27125,121.188272,1.76,19.99,1.45,90.4,2.4,-3.11,C0Z320
安通山,23.290728,121.348528,0.95,20.6,2.72,90.6,1.3,-3.72,C0Z330
口湖工作站,23.589978,120.180394,1.43,23.75,3.76,74.4,1.85,1.58,12J990
東港工作站,22.479997,120.466058,1.49,26.2,2.19,69.8,0.35,-1.29,12Q970
恆春工作站,22.079678,120.714425,1.28,26.37,8.6,69.45,0.0,-3.43,12Q980
萬大發電廠,23.978875,121.139639,1.44,20.35,-2.34,81.4,4.05,3.75,42HA10
桃改樹林分場,24.944503,121.386972,0.42,22.67,3.93,78.5,0.55,-0.7,72AI40
桃園農改場,24.950944,121.030583,0.86,22.65,1.7,82.1,2.6,0.5,72C440
桃改五峰分場,24.612194,121.157167,1.41,18.4,3.69,90.4,1.65,-0.75,72D080
桃改新埔分場,24.834444,121.066111,0.72,22.74,7.79,80.14,0.0,-0.75,72D680
臺中農改場,24.003028,120.534389,0.85,23.85,1.94,81.64,5.05,4.13,72G600
中改埔里分場,23.903208,120.963364,1.99,22.09,1.43,88.5,0.0,-0.21,72HA00
南改斗南分場,23.634556,120.477333,1.24,24.17,-0.09,81.2,3.45,2.22,72K220
南改義竹分場,23.360694,120.279361,0.82,23.94,-2.03,79.9,2.0,1.1,72M360
南改鹿草分場,23.416869,120.283061,1.42,23.81,5.41,82.7,1.6,1.39,72M700
臺南農改場,23.0605,120.342194,1.07,24.32,4.65,85.4,3.0,2.43,72N100
七股研究中心,23.081672,120.062894,1.44,24.27,1.84,80.3,0.4,-2.1,72N240
高雄農改場,22.709333,120.525889,1.01,25.96,7.07,85.7,5.7,4.43,72Q010
東改班鳩分場,22.829528,121.077694,1.84,24.03,-3.72,76.6,0.6,-3.11,72S200
東改賓朗果園,22.813889,121.071278,0.88,22.87,-6.88,78.33,0.0,-4.07,72S590
花蓮農改場,23.975222,121.563889,1.42,23.82,-0.1,82.6,1.55,-2.81,72T250
花改蘭陽分場,24.686306,121.716583,0.49,21.91,7.23,94.3,9.9,-3.21,72U480
高改旗南分場,22.857861,120.516667,0.38,25.28,8.31,83.64,2.36,1.56,72V140
茶改北部分場,24.955778,121.631222,0.34,19.61,6.66,93.3,5.95,-1.73,82A750
茶改場,24.908472,121.185333,0.69,21.65,-0.16,82.45,1.5,-1.67,82C160
茶改中部分場,23.875611,120.913583,0.34,20.86,4.3,88.9,3.05,1.61,82H320
茶改南部分場,23.762528,120.7405,0.66,22.23,2.57,89.27,4.05,3.03,82H840
茶改東部分場,22.907694,121.130139,1.34,23.98,-2.49,78.82,1.36,-1.93,82S580
農工中心,24.985917,121.239833,-0.01,22.0,6.43,80.55,1.5,-1.21,A2C560
水試臺西試驗場,23.717231,120.190522,0.58,24.1,1.8,83.3,3.1,2.9,A2K360
臺大雲林校區,23.730628,120.423903,1.38,23.45,2.52,81.09,4.27,3.77,A2K630
臺南蘭花園區,23.340258,120.379661,1.81,24.1,-0.9,80.82,3.27,2.24,A2N290
畜試北區分所,24.527806,120.770972,0.95,22.58,3.41,81.82,3.0,2.71,B2E890
畜產試驗所,23.058972,120.336406,1.66,25.05,6.68,88.75,8.12,7.1,B2N890
畜試南區分所,21.945583,120.802167,0.63,25.83,-0.37,73.8,0.2,-4.11,B2Q810
畜試東區分所,24.669039,121.832561,0.01,20.4,8.64,99.0,23.0,1.61,B2U990
蓮華池,23.918333,120.885278,0.04,21.36,6.74,89.4,7.3,5.64,E2H360
林試畢祿溪站,24.226944,121.308522,0.13,12.63,6.64,87.5,0.08,-0.7,E2HA20
四湖植物園,23.676986,120.163433,1.54,24.19,7.01,88.9,3.45,3.2,E2K600
林試六龜中心,22.991703,120.645722,1.52,24.17,3.76,89.4,6.7,6.02,E2P980
林試太麻里2,22.598,120.99775,1.01,24.81,1.43,75.43,0.0,-6.0,E2S960
林試太麻里1,22.598922,120.980044,0.86,23.76,2.57,78.29,0.57,-8.5,E2S980
農試所(霧峰),24.031261,120.688133,1.03,24.35,5.06,85.3,4.0,3.08,G2F820
農試嘉義分所,23.485028,120.473806,0.94,23.8,1.79,83.7,5.1,4.67,G2L020
農試溪口農場,23.58565,120.408111,0.81,24.11,1.67,81.0,3.3,3.16,G2M350
農試鳳山分所,22.646611,120.356083,0.49,25.52,3.47,78.0,2.94,1.59,G2P820
苗栗農改場,24.495722,120.829111,0.61,22.18,0.58,82.6,6.5,5.21,K2E360
苗改生物防治研究中心,24.422861,120.871833,0.76,21.12,0.8,83.3,8.6,8.52,K2E710
種苗改良場,24.225972,120.800917,0.73,21.5,10.96,89.1,14.65,13.51,K2F750
溪頭,23.670306,120.798194,1.48,18.63,5.07,94.2,6.7,4.56,U2H480
臺大和社,23.590856,120.888864,2.61,21.7,5.19,87.3,3.15,2.58,U2HA30
臺大內茅埔,23.689722,120.851117,1.67,22.54,4.2,86.2,2.65,2.24,U2HA40
臺大竹山,23.756972,120.681556,1.28,24.14,-3.15,78.7,4.7,4.55,U2HA50
臺大竹山,23.756972,120.681556,1.28,24.14,-3.15,78.7,4.7,4.55,U2HA50
臺大內茅埔,23.689722,120.851117,1.67,22.54,4.2,86.2,2.65,2.24,U2HA40
臺大和社,23.590856,120.888864,2.61,21.7,5.19,87.3,3.15,2.58,U2HA30
臺大溪頭,23.670306,120.798194,1.48,18.63,5.07,94.2,6.7,4.56,U2H480
種苗繁殖,24.225972,120.800917,0.73,21.5,10.96,89.1,14.65,13.51,K2F750
苗改生物防治研究中心,24.422861,120.871833,0.76,21.12,0.8,83.3,8.6,8.52,K2E710
苗栗農改,24.495722,120.829111,0.61,22.18,0.58,82.6,6.5,5.21,K2E360
農試鳳山分所,22.646611,120.356083,0.49,25.52,3.47,78.0,2.94,1.59,G2P820
農試溪口農場,23.58565,120.408111,0.81,24.11,1.67,81.0,3.3,3.16,G2M350
農試嘉義分所,23.485028,120.473806,0.94,23.8,1.79,83.7,5.1,4.67,G2L020
農業試驗所,24.031261,120.688133,1.03,24.35,5.06,85.3,4.0,3.08,G2F820
林試太麻里1,22.598922,120.980044,0.86,23.76,2.57,78.29,0.57,-8.5,E2S980
林試太麻里2,22.598014,120.989761,1.01,24.81,1.43,75.43,0.0,-6.0,E2S960
林試六龜中心,22.991703,120.645722,1.52,24.17,3.76,89.4,6.7,6.02,E2P980
四湖植物園,23.676986,120.163433,1.54,24.19,7.01,88.9,3.45,3.2,E2K600
林試畢祿溪站,24.226944,121.308522,0.13,12.63,6.64,87.5,0.08,-0.7,E2HA20
蓮華池,23.918333,120.885278,0.04,21.36,6.74,89.4,7.3,5.64,E2H360
畜試東區分所,24.669039,121.832561,0.01,20.4,8.64,99.0,23.0,1.61,B2U990
畜試南區分所,21.945583,120.802167,0.63,25.83,-0.37,73.8,0.2,-4.11,B2Q810
畜試所,23.058972,120.336406,1.66,25.05,6.68,88.75,8.12,7.1,B2N890
畜試北區分所,24.527806,120.770972,0.95,22.58,3.41,81.82,3.0,2.71,B2E890
臺南蘭花園區,23.340258,120.379661,1.81,24.1,-0.9,80.82,3.27,2.24,A2N290
臺大雲林校區,23.730628,120.423903,1.38,23.45,2.52,81.09,4.27,3.77,A2K630
水試臺西試驗場,23.717231,120.190522,0.58,24.1,1.8,83.3,3.1,2.9,A2K360
農工中心,24.985917,121.239833,-0.01,22.0,6.43,80.55,1.5,-1.21,A2C560
茶改東部分場,22.907694,121.130139,1.34,23.98,-2.49,78.82,1.36,-1.93,82S580
茶改南部分場,23.762528,120.7405,0.66,22.23,2.57,89.27,4.05,3.03,82H840
茶改中部分場,23.875611,120.913583,0.34,20.86,4.3,88.9,3.05,1.61,82H320
茶改場,24.908472,121.185333,0.69,21.65,-0.16,82.45,1.5,-1.67,82C160
茶改北部分場,24.955778,121.631222,0.34,19.61,6.66,93.3,5.95,-1.73,82A750
高改旗南分場,22.857861,120.516667,0.38,25.28,8.31,83.64,2.36,1.56,72V140
花改蘭陽分場,24.686306,121.716583,0.49,21.91,7.23,94.3,9.9,-3.21,72U480
花蓮農改,23.975222,121.563889,1.42,23.82,-0.1,82.6,1.55,-2.81,72T250
東改賓朗果園,22.813889,121.071278,0.88,22.87,-6.88,78.33,0.0,-4.07,72S590
東改班鳩分場,22.829528,121.077694,1.84,24.03,-3.72,76.6,0.6,-3.11,72S200
高雄農改,22.709333,120.525889,1.01,25.96,7.07,85.7,5.7,4.43,72Q010
七股研究中心,23.081672,120.062894,1.44,24.27,1.84,80.3,0.4,-2.1,72N240
臺南農改,23.0605,120.342194,1.07,24.32,4.65,85.4,3.0,2.43,72N100
南改鹿草分場,23.416869,120.283061,1.42,23.81,5.41,82.7,1.6,1.39,72M700
南改義竹分場,23.360694,120.279361,0.82,23.94,-2.03,79.9,2.0,1.1,72M360
南改斗南分場,23.634556,120.477333,1.24,24.17,-0.09,81.2,3.45,2.22,72K220
中改埔里分場,23.903208,120.963364,1.99,22.09,1.43,88.5,0.0,-0.21,72HA00
臺中農改,24.003028,120.534389,0.85,23.85,1.94,81.64,5.05,4.13,72G600
桃改新埔分場,24.834444,121.066111,0.72,22.74,7.79,80.14,0.0,-0.75,72D680
桃改五峰分場,24.612194,121.157167,1.41,18.4,3.69,90.4,1.65,-0.75,72D080
桃園農改,24.950944,121.030583,0.86,22.65,1.7,82.1,2.6,0.5,72C440
桃改樹林分場,24.944503,121.386972,0.42,22.67,3.93,78.5,0.55,-0.7,72AI40
萬大發電廠,23.978875,121.139639,1.44,20.35,-2.34,81.4,4.05,3.75,42HA10
恆春工作站,22.079678,120.714425,1.28,26.37,8.6,69.45,0.0,-3.43,12Q980
東港工作站,22.479997,120.466058,1.49,26.2,2.19,69.8,0.35,-1.29,12Q970
口湖工作站,23.589978,120.180394,1.43,23.75,3.76,74.4,1.85,1.58,12J990
