站名,緯度,經度,平均溫距平,本年度平均溫,平均溼度距平,本年度日均相對溼度,本年度日均降水量,日均降水量距平,站號
淡水,25.164889,121.448906,1.26,19.53,-3.37,75.55,0.61,-3.38,466900
鞍部,25.182586,121.529731,0.37,13.11,3.57,95.82,6.37,-8.87,466910
臺北,25.037658,121.514853,0.81,20.05,-1.43,74.09,0.04,-3.52,466920
竹子湖,25.162078,121.544547,0.7,15.13,2.79,90.27,4.91,-8.35,466930
基隆,25.133314,121.740475,0.53,19.4,1.48,78.91,5.71,-7.63,466940
花蓮,23.975128,121.613275,0.58,21.0,0.28,74.27,0.12,-4.21,466990
新屋,25.006744,121.047486,0.93,19.37,-0.28,76.27,0.38,-2.78,467050
宜蘭,24.763975,121.756528,0.28,19.07,4.65,85.0,2.59,-8.3,467080
金門,24.407306,118.289281,1.37,18.31,4.78,73.0,0.0,-1.34,467110
田中,23.873803,120.581286,-0.54,20.01,0.52,82.36,0.0,-1.75,467270
澎湖,23.565503,119.563094,0.99,21.16,0.76,76.91,0.02,-1.16,467350
臺南,22.993239,120.204772,0.76,21.25,0.09,73.45,0.0,-0.65,467410
永康,23.038386,120.2367,0.92,21.09,2.56,75.91,0.0,-0.7,467420
嘉義,23.495925,120.432906,0.4,19.92,5.49,81.82,0.0,-0.9,467480
臺中,24.145736,120.684075,0.83,20.6,1.32,73.36,0.0,-1.25,467490
阿里山,23.508208,120.813242,-0.53,8.22,-3.13,78.82,0.0,-2.44,467530
大武,22.355675,120.903789,0.62,22.96,-0.15,69.0,0.02,-1.67,467540
玉山,23.487614,120.959522,0.64,2.75,-2.76,60.55,0.0,-3.33,467550
新竹,24.827853,121.014219,1.07,19.79,-1.91,73.91,0.03,-2.08,467571
恆春,22.003897,120.746339,0.69,23.64,-1.41,67.27,0.0,-1.09,467590
成功,23.097486,121.373428,0.86,21.76,-0.62,72.91,0.2,-3.27,467610
日月潭,23.881325,120.90805,0.42,16.9,1.45,78.09,0.0,-1.42,467650
臺東,22.752211,121.154586,0.8,22.32,-0.74,70.27,0.01,-2.08,467660
馬祖,26.169269,119.923419,1.06,15.59,7.13,83.73,0.02,-1.64,467990
山佳,24.974944,121.402008,0.67,19.47,-1.55,78.09,0.55,-2.84,C0A520
坪林,24.938183,121.70975,0.75,16.77,-6.04,86.27,1.73,-4.72,C0A530
泰平,24.971197,121.823711,0.88,15.9,1.5,96.73,15.68,-4.01,C0A550
桶後,24.848222,121.597992,0.73,16.22,-0.5,94.18,4.77,-4.47,C0A570
石碇,24.993969,121.662917,1.65,17.96,-5.49,84.64,1.59,-6.1,C0A640
大坪,25.165914,121.632969,1.49,17.11,0.75,93.55,27.91,-4.11,C0A860
五指山,25.132153,121.608692,2.26,15.97,0.65,95.18,8.36,-5.87,C0A870
雙溪,25.036003,121.864242,1.86,19.15,-2.89,88.91,9.14,-5.43,C0A890
金山,25.223628,121.643967,1.36,19.5,-3.05,79.27,2.59,-6.67,C0A940
鼻頭角,25.129036,121.923372,0.69,19.8,3.32,83.27,2.73,-2.26,C0A950
三貂角,25.007606,122.002058,0.89,19.56,0.7,84.09,6.55,-1.26,C0A970
社子,25.109508,121.469681,1.53,20.75,0.76,77.09,0.0,-2.33,C0A980
天母,25.117494,121.537169,1.12,20.31,-5.18,68.27,0.0,-2.38,C0A9C0
內湖,25.079422,121.57545,0.97,20.02,11.11,89.36,0.0,-3.11,C0A9F0
大屯山,25.175675,121.522408,1.97,13.2,2.13,98.09,3.18,-5.99,C0AC40
三峽,24.939025,121.369728,2.14,20.53,-2.84,77.64,0.59,-4.25,C0AC60
信義,25.037822,121.564597,2.05,20.42,-0.44,79.36,0.0,-4.87,C0AC70
文山,25.00235,121.575728,1.0,19.05,-4.68,78.73,0.23,-4.76,C0AC80
新莊,25.051478,121.446756,0.92,19.92,-2.88,71.36,0.05,-3.21,C0ACA0
八里,25.150211,121.403947,1.41,20.03,3.49,80.18,0.14,-3.36,C0AD10
蘆洲,25.086594,121.472331,1.36,20.69,-1.26,71.91,0.0,-2.77,C0AD30
土城,24.973208,121.445169,1.26,19.51,0.05,79.55,0.23,-4.44,C0AD40
鶯歌,24.951533,121.346294,2.25,20.38,-1.15,79.18,0.32,-3.45,C0AD50
汐止,25.066881,121.658778,0.69,18.69,-5.75,81.0,2.86,-9.63,C0AH00
永和,25.01125,121.508111,1.75,20.54,-1.47,76.36,0.0,-3.93,C0AH10
五分山,25.07125,121.780794,0.87,14.82,-0.84,95.82,0.6,-30.57,C0AH30
平等,25.129142,121.577086,0.65,16.8,-6.54,82.18,0.91,-8.83,C0AH40
林口,25.072181,121.38084,1.44,18.12,-5.06,82.73,0.14,-4.18,C0AH50
松山,25.04871,121.55042,1.04,19.83,-6.09,66.55,0.0,-4.6,C0AH70
深坑,25.002703,121.628328,1.66,19.04,-3.69,82.64,0.73,-6.5,C0AH80
福山植物園,24.760717,121.58135,0.15,14.32,2.26,97.55,6.27,-9.03,C0AH90
五股,25.07445,121.42728,0.06,18.37,-13.35,77.91,0.05,-4.54,C0AI00
屈尺,24.92184,121.54475,1.01,18.9,-13.8,73.64,1.82,-7.86,C0AI10
白沙灣,25.283128,121.519058,0.71,19.25,3.96,81.91,1.05,-7.61,C0AI20
三重,25.057328,121.500629,1.66,20.25,-8.28,74.91,0.0,-4.46,C0AI30
石牌,25.115597,121.513139,2.02,21.0,2.94,73.09,0.0,-3.56,C0AI40
七堵,25.094819,121.71713,1.72,20.07,-6.1,82.36,8.23,-13.93,C0B010
基隆嶼,25.19141,121.78391,0.72,19.0,8.3,91.27,1.36,-8.34,C0B020
復興,24.820208,121.352281,1.54,17.55,-4.4,73.82,0.14,-3.19,C0C460
桃園,24.992425,121.323172,1.37,19.51,-1.45,73.36,0.14,-2.91,C0C480
八德,24.928708,121.283289,1.44,19.0,-7.14,74.55,0.32,-5.18,C0C490
觀音,25.027072,121.153317,1.09,18.76,-1.73,76.73,0.45,-3.45,C0C590
蘆竹,25.084275,121.265767,1.09,19.03,1.5,81.36,0.77,-4.25,C0C620
大溪,24.882853,121.265547,1.26,18.27,0.17,77.82,0.45,-2.64,C0C630
平鎮,24.897503,121.214636,1.7,18.48,-2.41,77.82,0.14,-3.03,C0C650
楊梅,24.912375,121.143047,1.15,18.78,-3.28,74.55,0.23,-3.26,C0C660
龍潭,24.870056,121.221389,1.22,17.87,-0.14,82.27,0.55,-3.59,C0C670
龜山,25.02846,121.38656,2.54,19.17,-2.35,81.45,0.27,-4.68,C0C680
中壢,24.977661,121.256375,1.35,18.97,-7.11,74.09,0.0,-4.51,C0C700
大溪永福,24.892936,121.324975,2.06,18.67,-8.78,80.45,0.41,-7.94,C0C710
梅花,24.678347,121.208558,0.32,16.25,0.46,80.55,0.0,-2.84,C0D360
峨眉,24.6905,121.017189,0.6,18.19,-2.62,80.55,0.05,-3.17,C0D430
打鐵坑,24.849664,121.150789,1.12,17.65,-5.58,79.73,0.18,-2.88,C0D480
橫山,24.71116,121.11693,0.49,17.39,3.09,84.55,0.09,-2.38,C0D540
雪霸,24.526972,121.11605,0.23,10.41,-7.14,69.82,0.0,-3.71,C0D550
竹東,24.767147,121.057881,2.1,19.56,-2.21,71.55,0.0,-2.25,C0D560
寶山,24.735006,121.025192,1.14,18.43,-1.78,78.55,0.0,-2.43,C0D580
新豐,24.87068,120.97721,1.34,18.68,3.97,83.82,0.05,-2.18,C0D590
湖口,24.904794,121.043628,0.76,18.66,-5.6,73.18,0.0,-2.1,C0D650
新竹市東區,24.798681,120.986942,0.82,19.15,-2.41,72.82,0.0,-2.29,C0D660
竹南,24.708978,120.888897,0.99,19.44,1.37,77.36,0.0,-1.67,C0E420
南庄,24.601775,121.000214,0.21,16.96,7.4,90.45,0.36,-2.0,C0E430
明德,24.583486,120.885411,1.27,19.11,-2.03,78.73,0.0,-2.42,C0E550
通霄,24.471892,120.704622,0.71,18.92,-0.34,81.09,0.0,-2.02,C0E590
馬都安,24.451272,120.930192,1.04,16.1,-2.62,78.18,0.0,-1.8,C0E610
頭份,24.688247,120.912206,1.87,20.34,0.17,73.27,0.0,-1.65,C0E730
造橋,24.637056,120.864778,0.73,19.02,-3.0,77.45,0.0,-2.6,C0E740
苗栗,24.564569,120.824575,1.11,19.51,-3.71,72.36,0.0,-2.26,C0E750
銅鑼,24.489681,120.790853,0.71,18.29,9.61,91.64,0.0,-2.25,C0E780
西湖,24.562947,120.7485,0.96,18.72,-0.37,81.82,0.0,-1.74,C0E810
獅潭,24.539133,120.920042,0.3,17.0,-2.37,83.18,0.14,-2.82,C0E820
苑裡,24.439714,120.653053,0.45,19.32,0.81,77.73,0.0,-1.23,C0E830
大河,24.618069,120.948578,-1.85,16.35,-3.13,79.18,0.09,-2.34,C0E850
高鐵苗栗,24.60725,120.826094,0.43,19.09,7.88,83.45,0.0,-1.77,C0E870
石岡,24.276061,120.777644,0.88,18.89,1.68,84.0,0.0,-1.38,C0F0B0
中坑,24.248517,120.903319,-0.05,15.84,-5.56,79.36,0.0,-2.19,C0F0C0
審馬陣,24.381675,121.4203,-0.27,4.55,-10.08,65.45,0.0,-3.53,C0F0D0
東勢,24.246428,120.833047,1.64,19.12,-2.81,78.09,0.0,-2.08,C0F850
大坑,24.173142,120.722289,1.93,21.13,-0.47,74.64,0.0,-1.85,C0F970
神岡,24.272481,120.658314,1.36,19.31,-10.77,71.56,0.0,-1.66,C0F9I0
大安,24.345061,120.588025,0.61,19.34,-0.6,79.55,0.0,-1.43,C0F9K0
后里,24.310436,120.729725,1.25,19.13,-4.03,77.27,0.0,-1.49,C0F9L0
豐原,24.254322,120.720692,2.13,20.25,-3.86,74.64,0.0,-1.57,C0F9M0
大里,24.092464,120.701378,1.36,21.65,-8.97,63.09,0.0,-1.68,C0F9N0
潭子,24.213106,120.703933,1.1,20.19,-0.34,76.0,0.0,-1.6,C0F9O0
清水,24.312297,120.562242,0.5,19.43,-0.5,80.0,0.0,-1.27,C0F9P0
外埔,24.347817,120.705686,1.65,19.78,-2.99,78.18,0.0,-1.52,C0F9Q0
龍井,24.184536,120.528972,0.91,20.17,-4.09,76.09,0.0,-1.43,C0F9R0
烏日,24.107058,120.624103,1.16,20.62,-1.21,71.91,0.0,-1.52,C0F9S0
西屯,24.179494,120.641275,0.97,19.82,-0.82,74.73,0.0,-1.44,C0F9T0
南屯,24.137006,120.637969,1.04,20.95,-0.83,71.55,0.0,-1.43,C0F9U0
新社,24.200172,120.815806,1.63,18.37,-10.42,74.73,0.0,-2.02,C0F9V0
大雅(中科園區),24.21528,120.62445,0.28,19.22,-1.61,78.36,0.0,-1.44,C0F9X0
桃山,24.432739,121.303808,-0.24,4.2,-8.25,65.55,0.0,-2.85,C0F9Y0
雪山東峰,24.388792,121.268675,-0.16,5.04,-9.74,63.0,0.0,-3.69,C0F9Z0
芬園,24.015678,120.6213,0.08,18.68,3.71,85.36,0.0,-1.65,C0G620
員林,23.946503,120.585597,2.02,21.75,-5.08,72.91,0.0,-0.98,C0G650
溪湖,23.94835,120.479122,2.39,21.63,11.63,92.0,0.0,-1.47,C0G660
溪州,23.851589,120.499093,0.51,20.09,-4.23,74.09,0.0,-1.36,C0G720
二林,23.903325,120.376081,0.41,19.66,1.86,86.0,0.0,-0.99,C0G730
大城,23.852487,120.320935,0.63,20.16,-24.06,54.18,0.0,-1.31,C0G740
福興,24.041289,120.437669,1.41,21.01,-5.28,73.0,0.0,-1.53,C0G770
秀水,24.03405,120.503869,1.06,20.58,-0.21,78.73,0.0,-1.45,C0G780
埔鹽,24.000394,120.431683,2.04,20.98,-0.19,81.73,0.0,-1.31,C0G800
埔心,23.947633,120.525456,1.45,20.95,20.58,99.36,0.0,-1.4,C0G810
田尾,23.901669,120.509389,1.2,20.44,-0.3,84.0,0.0,-1.41,C0G820
埤頭,23.866003,120.452806,0.81,19.95,12.28,97.45,0.0,-1.09,C0G830
社頭,23.897647,120.5862,1.52,21.44,4.6,79.91,0.0,-1.52,C0G860
二水,23.810742,120.6173,2.9,22.4,0.51,80.73,0.0,-1.24,C0G880
伸港,24.148933,120.484403,0.75,20.01,-2.0,76.18,0.0,-1.34,C0G890
線西,24.143358,120.443536,1.1,20.21,-3.53,77.82,0.0,-1.42,C0G900
花壇,24.032076,120.549461,0.93,21.52,1.14,80.38,0.0,-1.69,C0G910
埔里,23.972169,120.952425,-0.59,18.6,-0.77,80.09,0.0,-0.94,C0H890
草屯,23.973672,120.68085,0.92,20.33,-4.6,72.82,0.0,-1.51,C0H960
昆陽,24.121322,121.273642,0.03,4.92,-8.32,69.55,0.0,-2.88,C0H990
神木村,23.532742,120.843667,0.42,13.23,-7.27,77.09,0.0,-2.31,C0H9A0
合歡山,24.143442,121.272547,0.34,3.24,-9.42,73.91,0.05,-5.58,C0H9C0
廬山,24.033311,121.181808,0.85,14.47,-8.25,67.36,0.0,-2.18,C0I010
信義,23.689694,120.851036,-0.42,17.66,-6.69,76.73,0.0,-0.98,C0I080
竹山,23.761225,120.688156,0.7,19.85,-2.69,80.55,0.0,-1.14,C0I110
水里,23.812553,120.849792,0.43,19.77,-9.75,71.82,0.0,-1.19,C0I360
魚池,23.895703,120.94135,-0.3,17.79,-8.68,76.36,0.0,-1.1,C0I370
集集,23.828206,120.801467,0.46,19.95,-8.92,73.73,0.0,-1.04,C0I380
仁愛,24.022122,121.132206,-0.42,15.04,-7.05,74.18,0.0,-1.41,C0I390
名間,23.837053,120.701447,0.12,19.42,-3.7,77.27,0.0,-0.9,C0I410
國姓,24.037803,120.855072,-0.39,18.99,-4.05,79.0,0.0,-1.09,C0I420
南投,23.911469,120.687331,0.41,20.54,1.0,77.73,0.0,-1.3,C0I460
梅峰,24.085272,121.173572,-0.79,9.44,-2.37,77.27,0.09,-1.71,C0I480
萬大林道,23.928228,121.091411,-0.11,14.08,-9.91,69.09,0.0,-1.46,C0I490
小奇萊,24.131764,121.295717,-1.38,4.26,-8.0,72.55,0.0,-3.42,C0I530
崙背,23.75555,120.318925,0.28,19.53,-1.61,78.73,0.0,-0.88,C0K250
四湖,23.630414,120.227125,0.96,20.42,-1.77,77.27,0.0,-0.81,C0K280
宜梧,23.536281,120.169329,0.93,20.27,-1.43,78.55,0.0,-0.87,C0K291
虎尾,23.719183,120.442036,0.73,20.29,1.91,80.0,0.0,-0.99,C0K330
土庫,23.679029,120.395574,0.45,20.09,4.34,82.73,0.0,-1.27,C0K390
斗六,23.720583,120.541127,0.4,20.19,-6.33,74.55,0.0,-1.19,C0K400
北港,23.573957,120.292802,0.42,20.15,-4.44,75.64,0.0,-1.17,C0K410
西螺,23.800407,120.467394,0.56,20.07,-3.77,78.0,0.0,-1.28,C0K420
褒忠,23.690938,120.303634,0.55,19.93,-5.32,75.09,0.0,-1.08,C0K430
二崙,23.772797,120.408944,0.38,19.63,1.97,82.0,0.0,-0.63,C0K440
大埤,23.646074,120.431537,0.48,20.17,-3.58,76.09,0.0,-0.98,C0K450
斗南,23.678734,120.478359,0.55,20.21,-2.7,76.27,0.0,-0.99,C0K460
林內,23.748675,120.609642,0.31,19.75,-3.5,77.45,0.0,-0.98,C0K470
莿桐,23.761192,120.502372,0.48,19.81,-2.92,75.82,0.0,-0.78,C0K480
元長,23.64981,120.315024,0.52,20.1,-0.51,77.91,0.0,-1.21,C0K500
水林,23.572924,120.24597,0.66,20.31,-1.59,77.73,0.0,-1.34,C0K510
臺西,23.701547,120.197559,0.44,20.15,-0.45,79.18,0.0,-1.01,C0K530
蔦松,23.514319,120.229736,0.56,20.14,-1.74,79.36,0.0,-0.81,C0K550
棋山,23.68645,120.603417,0.36,19.86,-2.81,79.45,0.0,-1.1,C0K560
高鐵雲林,23.737456,120.417944,0.5,19.72,-0.72,80.82,0.0,-1.0,C0K580
東後寮,23.369908,120.248065,0.33,19.95,-0.66,79.27,0.0,-0.91,C0M520
奮起湖,23.493903,120.699253,0.39,14.46,-1.58,84.0,0.09,-1.4,C0M530
中埔,23.42538,120.5229,0.5,20.12,-5.59,75.18,0.0,-1.12,C0M640
朴子,23.43463,120.23902,-0.19,19.56,1.16,80.18,0.0,-0.96,C0M650
溪口,23.604131,120.403569,0.33,19.95,-3.44,75.91,0.0,-0.97,C0M660
大林,23.600616,120.45841,0.43,20.3,-5.06,74.0,0.0,-1.17,C0M670
太保,23.455062,120.331455,0.2,20.18,-4.5,75.09,0.0,-1.06,C0M680
水上,23.419734,120.388909,0.37,20.23,2.74,81.36,0.0,-0.87,C0M690
竹崎,23.526178,120.555508,0.3,19.92,-3.61,79.09,0.0,-1.39,C0M700
東石,23.458927,120.15385,0.57,20.38,-1.41,78.0,0.0,-1.13,C0M710
番路,23.464657,120.554156,0.49,19.58,-3.21,79.0,0.0,-1.27,C0M720
嘉義市東區,23.457673,120.460531,0.64,21.54,-3.13,71.55,0.0,-1.11,C0M730
六腳,23.492871,120.290625,0.27,20.05,-0.79,76.64,0.0,-1.03,C0M740
布袋,23.380878,120.167789,0.64,20.45,-3.96,77.09,0.0,-0.85,C0M750
民雄,23.551754,120.428457,0.54,20.55,-5.02,74.09,0.0,-1.02,C0M760
嘉義梅山,23.585398,120.555587,0.42,19.9,0.14,81.64,0.0,-1.33,C0M770
鹿草,23.41134,120.30835,0.66,20.59,-1.58,76.0,0.0,-0.92,C0M780
新港,23.553269,120.345728,0.39,20.25,-2.62,75.73,0.0,-1.12,C0M790
茶山,23.299075,120.664767,-0.34,19.23,-3.73,79.18,0.0,-0.94,C0M800
里佳,23.389125,120.716647,-0.12,14.9,-7.61,76.82,0.14,-1.17,C0M810
達邦,23.453994,120.749517,-0.37,16.53,-2.09,76.82,0.0,-1.18,C0M820
表湖,23.24186,120.64166,-0.33,17.82,-5.78,80.27,0.0,-1.18,C0M850
新美,23.338017,120.683169,-1.22,19.0,-7.11,76.27,0.05,-1.07,C0M860
北寮,23.079561,120.495008,0.21,20.09,4.37,87.73,0.0,-0.66,C0O830
王爺宮,23.222064,120.40085,2.78,22.07,-7.49,74.0,0.0,-0.82,C0O840
大內,23.11885,120.36083,1.46,21.71,0.18,81.55,0.0,-0.66,C0O860
善化,23.112883,120.297219,0.6,20.58,3.66,85.27,0.0,-0.78,C0O900
崎頂,22.959547,120.369317,1.05,20.45,3.41,85.09,0.05,-0.41,C0O960
虎頭埤,23.021375,120.347878,0.29,20.05,0.54,82.1,0.0,-0.65,C0O970
新市,23.061614,120.298197,1.33,21.6,-0.96,77.36,0.0,-0.57,C0O980
媽廟,22.99175,120.293525,0.38,20.67,8.22,87.27,0.0,-0.56,C0O990
尾寮山,22.833111,120.683889,-0.48,15.8,-3.12,85.0,0.0,-1.34,C0R100
阿禮,22.742908,120.743678,0.39,17.58,-3.34,73.45,0.0,-0.68,C0R130
瑪家,22.682903,120.686639,-0.2,17.72,3.4,91.18,0.0,-0.76,C0R140
三地門,22.709889,120.639944,0.22,21.76,-14.23,61.45,0.0,-0.99,C0R150
鹽埔,22.739558,120.530778,0.57,21.7,-3.99,81.82,0.05,-0.67,C0R160
屏東,22.660269,120.494072,1.2,22.72,-7.76,71.45,0.0,-0.62,C0R170
赤山,22.592333,120.614306,0.19,21.56,1.52,84.18,0.0,-0.53,C0R190
潮州,22.534361,120.54,1.07,22.52,-2.0,76.09,0.0,-0.99,C0R220
來義,22.527306,120.625111,-1.28,19.75,6.25,89.45,0.0,-0.56,C0R240
春日,22.370361,120.628306,-0.78,20.84,-10.92,68.55,0.0,-0.51,C0R260
琉球嶼,22.332244,120.362236,0.07,22.21,-6.61,73.64,0.0,-1.1,C0R270
車城,22.0744,120.716247,1.77,23.7,-0.87,69.17,0.0,-0.48,C0R320
牡丹,22.130036,120.792639,1.28,20.64,4.79,88.91,0.14,-1.0,C0R341
貓鼻頭,21.921774,120.7358,0.9,23.46,-3.11,71.55,0.0,-0.93,C0R350
大漢山,22.405264,120.753181,1.34,11.7,-2.83,94.45,0.36,-1.86,C0R440
高樹,22.826389,120.600806,0.6,22.15,-5.92,72.91,0.0,-0.85,C0R470
長治,22.693128,120.542622,1.02,22.59,-3.85,77.64,0.0,-0.63,C0R480
九如,22.7405,120.490503,0.72,22.31,-8.27,73.27,0.0,-0.68,C0R490
崁頂,22.514781,120.506914,0.01,21.73,-4.55,77.82,0.0,-0.53,C0R520
佳冬,22.419456,120.552375,-0.1,21.84,-1.57,79.64,0.0,-0.55,C0R540
新埤,22.467947,120.582894,-0.12,21.47,-6.49,75.09,0.0,-0.55,C0R550
新園,22.5434,120.461558,1.23,22.78,-9.76,69.18,0.0,-0.46,C0R560
麟洛,22.65078,120.52719,1.42,23.39,0.14,77.64,0.0,-0.53,C0R570
南州,22.48591,120.50274,0.01,21.55,-2.14,79.18,0.0,-0.71,C0R580
里港,22.77919,120.49459,-0.02,21.34,-0.96,78.45,0.0,-0.86,C0R590
舊泰武,22.588194,120.664944,0.33,18.48,-4.68,83.09,0.09,-0.62,C0R600
墾雷,21.900836,120.855269,0.22,23.29,4.99,82.91,0.0,-0.39,C0R620
東港,22.46247,120.44074,0.38,22.58,-4.39,75.45,0.0,-0.22,C0R640
竹田,22.58486,120.54344,0.27,22.05,-10.52,73.64,0.0,-0.29,C0R650
枋寮,22.367722,120.590647,0.98,22.04,2.46,82.82,0.05,-0.31,C0R660
楓港,22.190131,120.692156,0.69,22.92,0.15,65.27,0.0,-0.68,C0R670
佳樂水,21.993578,120.861633,1.34,23.59,-2.89,72.27,0.0,-0.7,C0R680
墾丁,21.966756,120.810269,1.69,21.36,-4.26,78.82,0.0,-0.74,C0R690
枋山,22.246844,120.661086,0.85,22.53,2.84,72.64,0.0,-1.18,C0R700
龍磐,21.931672,120.838942,-0.01,22.53,-6.5,79.27,0.0,-0.15,C0R710
旭海,22.205403,120.887614,1.02,21.07,14.19,95.27,0.27,-3.07,C0R720
大坪頂,22.024633,120.69355,-0.24,21.73,5.15,83.0,0.0,-0.23,C0R730
獅子,22.201569,120.70525,-0.39,22.93,-1.8,68.27,0.0,-0.08,C0R740
四林格山,22.076989,120.802439,0.54,18.84,-9.68,88.09,0.09,-1.91,C0R750
南仁湖,22.084681,120.863353,0.07,20.03,-1.78,90.91,0.14,-2.56,C0R760
保力,22.071122,120.764111,-0.06,22.18,-2.22,77.55,0.0,-0.31,C0R770
滿州,22.024403,120.839892,0.29,22.95,-7.5,73.27,0.0,-0.42,C0R780
九棚,22.14195,120.889281,0.0,22.25,-7.41,76.36,0.27,-2.07,C0R790
丹路,22.204481,120.750989,-0.07,22.2,-2.03,73.27,0.14,0.1,C0R800
內獅,22.305064,120.642986,-0.58,22.18,8.17,93.64,0.0,-0.62,C0R810
白鷺,22.454275,120.666219,-0.25,19.23,-6.08,84.0,0.0,-0.08,C0R820
高士,22.121825,120.836781,0.18,19.62,-6.79,85.36,0.32,-2.07,C0R830
牡丹池山,22.168389,120.841225,0.01,18.28,-5.47,92.45,0.59,-2.29,C0R840
太麻里,22.60902,120.98533,1.13,18.98,-0.04,81.73,0.23,-2.2,C0S690
知本,22.684866,121.005642,0.41,17.94,2.37,88.33,0.0,-3.74,C0S700
鹿野,22.917711,121.122994,1.18,18.86,-0.95,83.09,0.0,-2.73,C0S710
綠島,22.6672,121.47533,1.02,21.95,6.35,91.0,0.27,-4.98,C0S730
池上,23.119628,121.209469,0.94,19.11,-2.44,83.64,0.23,-2.28,C0S740
大溪山,22.478475,120.943325,0.64,19.25,0.74,83.09,0.0,-2.76,C0S770
金崙,22.538122,120.966875,1.25,20.99,-2.07,78.82,0.0,-2.66,C0S790
東河,22.972672,121.303986,-0.03,21.35,1.83,79.36,0.14,-2.16,C0S810
長濱,23.286817,121.411975,1.46,20.75,-5.5,75.27,0.14,-3.18,C0S830
南田,22.279725,120.889208,0.65,22.96,17.83,95.36,0.0,-1.9,C0S840
關山,23.0395,121.175017,0.48,19.78,-0.3,82.55,0.0,-0.84,C0S890
蘭嶼高中,22.04909,121.51214,0.48,23.56,0.88,77.55,4.73,-4.9,C0S900
蘭嶼燈塔,22.081197,121.503117,0.68,21.9,-2.17,85.09,3.36,-2.78,C0S910
金峰嘉蘭,22.594789,120.960825,0.91,20.8,2.03,81.73,0.09,-1.39,C0S920
延平,22.902581,121.084058,0.94,19.85,0.27,79.73,0.0,-1.25,C0S930
石寧山,23.223772,121.406639,1.2,20.52,0.4,81.56,0.0,-2.35,C0S940
香蘭,22.587569,120.993375,1.33,22.47,5.72,77.0,0.0,-0.94,C0S960
加津林,22.416211,120.926942,1.36,22.87,0.69,71.45,0.0,-1.17,C0S970
勝林山,22.430439,120.8938,1.01,15.32,0.76,95.45,0.09,-2.93,C0S980
山豬窟,22.318619,120.857372,1.15,19.55,-1.79,80.64,0.0,-1.75,C0S990
歷坵,22.520969,120.89185,1.26,18.66,5.29,88.36,0.05,-0.48,C0SA00
檳榔四格山,22.810031,121.109308,1.59,19.35,-1.0,84.27,0.0,-1.25,C0SA10
金崙山,22.567419,120.959667,1.19,15.86,-0.67,91.36,1.14,-1.06,C0SA20
都歷,23.020333,121.323642,1.88,21.87,19.77,94.73,0.0,-1.48,C0SA30
瑞和,22.974361,121.156697,1.01,19.75,9.96,90.73,0.0,-1.33,C0SA40
知本（水試所）,22.702394,121.082761,-0.23,21.96,-3.73,74.73,0.0,-0.15,C0SA60
土坂,22.453108,120.887572,1.81,21.65,2.53,80.18,0.0,-1.23,C0SA80
達仁林場,22.264347,120.823972,0.36,18.89,-7.34,85.27,0.0,-1.85,C0SA90
大禹嶺,24.186117,121.316086,0.52,6.85,-12.6,71.09,0.0,-3.38,C0T790
天祥,24.179597,121.495639,0.67,16.46,-1.67,86.0,0.0,-5.23,C0T820
鯉魚潭,23.935639,121.508944,0.02,18.09,1.49,89.82,0.18,-4.33,C0T870
西林,23.8119,121.441458,1.23,19.44,-0.02,84.27,0.23,-3.88,C0T900
光復,23.660694,121.424964,0.52,19.09,-2.59,87.55,0.91,-4.28,C0T960
月眉山,23.809928,121.539828,1.14,17.72,-2.43,90.09,0.14,-5.0,C0T9A0
水源,23.991861,121.537169,0.85,17.25,0.62,89.0,0.64,-4.9,C0T9B0
和中,24.26676,121.74103,0.01,19.83,18.32,98.91,0.68,-6.22,C0T9D0
大坑,23.880628,121.581981,0.84,17.84,1.71,90.36,1.36,-3.21,C0T9E0
水璉,23.797131,121.542514,0.68,19.45,-0.75,84.27,0.09,-4.18,C0T9F0
鳳林山,23.735269,121.420131,0.07,16.95,-1.85,90.73,1.18,-4.82,C0T9G0
加路蘭山,23.682947,121.5274,1.2,16.41,2.31,96.91,0.68,-6.01,C0T9H0
靜浦,23.455167,121.495028,1.26,20.79,-3.23,81.0,1.14,-4.32,C0T9M0
雙連埤,24.753033,121.641303,0.42,14.97,-0.66,95.91,6.14,-6.52,C0U520
礁溪,24.817539,121.765608,0.61,19.09,-2.78,86.45,2.5,-5.42,C0U600
玉蘭,24.675286,121.587061,0.49,16.29,-6.85,84.09,7.64,-3.48,C0U650
太平山,24.505486,121.525656,1.28,9.08,-1.31,91.82,4.59,-4.09,C0U710
南山,24.43742,121.38167,0.33,12.4,-1.8,91.55,1.64,-4.72,C0U720
東澳,24.52196,121.83318,-0.11,18.81,8.85,98.55,7.73,-9.68,C0U760
南澳,24.44935,121.81022,0.29,19.84,2.16,82.18,1.55,-5.36,C0U770
五結,24.68637,121.79794,0.25,18.35,1.73,88.0,4.86,-16.32,C0U780
頭城,24.85323,121.8308,0.66,19.34,0.97,87.91,4.14,-3.1,C0U860
大礁溪,24.791042,121.675047,0.81,16.35,3.55,93.45,3.82,-8.85,C0U870
三星,24.66812,121.65302,0.48,18.0,6.99,96.18,4.5,-11.11,C0U890
內城,24.71813,121.68766,0.78,18.61,0.87,90.0,4.77,-8.83,C0U900
冬山,24.63373,121.7937,0.82,18.9,9.46,97.64,6.09,-25.33,C0U910
羅東,24.68184,121.74934,1.04,18.65,-0.49,88.82,3.73,-16.34,C0U940
鶯子嶺,24.89754,121.79244,0.73,12.58,0.55,98.09,9.05,-8.19,C0U950
翠峰湖,24.510856,121.608044,0.43,8.61,-7.62,88.45,4.41,-8.99,C0U960
大福,24.80064,121.81389,0.39,18.9,-3.35,85.09,4.68,-5.54,C0U970
坪林石牌,24.86478,121.77396,1.0,15.65,-0.69,95.0,4.0,-3.88,C0U980
員山,24.74435,121.72247,0.57,18.77,2.65,90.36,2.45,-12.28,C0U990
土場,24.576533,121.495333,0.34,16.53,-4.14,89.09,0.95,-6.7,C0UA00
鴛鴦湖,24.590269,121.412228,0.28,9.52,0.16,97.36,6.59,-14.7,C0UA10
白嶺,24.527819,121.519031,0.25,11.23,0.03,96.0,6.64,-2.81,C0UA30
西德山,24.560647,121.752608,0.23,12.55,2.2,97.27,13.18,-17.15,C0UA40
西帽山,24.555361,121.802628,0.24,14.08,-1.48,94.73,25.18,-19.6,C0UA50
樟樹山,24.41393,121.78325,0.37,16.35,9.19,97.73,2.05,-6.4,C0UA60
桃源谷,24.962606,121.888875,0.55,15.63,2.07,97.09,15.55,-12.6,C0UA70
復興,23.222403,120.806089,-0.24,18.19,-0.83,76.91,0.0,-1.28,C0V210
美濃,22.898742,120.519153,1.45,22.3,-4.06,76.82,0.0,-0.74,C0V310
溪埔,22.738578,120.446797,0.22,21.28,0.94,80.55,0.0,-0.71,C0V350
內門,22.975481,120.466769,0.74,20.5,-0.28,81.45,0.0,-0.46,C0V360
古亭坑,22.893178,120.401947,0.28,20.13,0.18,83.91,0.0,-0.69,C0V370
阿公店,22.804194,120.355528,0.06,20.44,-1.93,78.45,0.0,-0.25,C0V400
鳳山,22.646653,120.356122,-0.46,21.08,8.43,82.73,0.0,-0.47,C0V440
鳳森,22.545064,120.392592,0.56,22.02,-1.76,73.73,0.0,-0.42,C0V450
新興,22.627422,120.298803,1.1,22.52,-2.52,70.55,0.0,-0.41,C0V490
阿蓮,22.883208,120.327508,1.53,22.01,-10.47,70.09,0.0,-0.39,C0V530
梓官,22.760558,120.267211,0.76,21.61,-1.98,74.09,0.0,-0.22,C0V610
永安,22.82315,120.236856,0.38,21.05,-2.23,75.73,0.0,-0.31,C0V620
茄萣,22.906642,120.182608,0.86,21.34,2.97,77.09,0.0,-0.33,C0V630
湖內,22.887139,120.2445,0.35,20.89,-2.08,74.91,0.0,-0.31,C0V640
彌陀,22.783806,120.246361,0.89,21.86,-0.8,76.09,0.0,-0.25,C0V650
岡山,22.797078,120.294958,1.08,22.25,-1.21,73.09,0.0,-0.25,C0V660
仁武,22.701083,120.347722,0.38,21.85,4.14,80.64,0.0,-0.42,C0V680
鼓山,22.623325,120.275575,0.33,21.77,-0.6,75.36,0.0,-0.33,C0V690
三民,22.645017,120.311233,0.49,22.53,1.13,71.64,0.0,-0.33,C0V700
苓雅,22.622742,120.330669,1.12,22.96,5.53,75.36,0.0,-0.38,C0V710
林園,22.507747,120.394511,1.1,23.81,0.51,71.18,0.0,-0.39,C0V720
大寮,22.605614,120.395717,0.31,22.29,0.13,73.36,0.0,-0.59,C0V730
旗山,22.888614,120.483597,1.17,22.0,-1.34,76.27,0.0,-0.32,C0V740
路竹,22.854997,120.259439,1.18,22.16,-1.33,74.18,0.0,-0.35,C0V750
橋頭,22.757806,120.30575,0.42,21.87,-1.0,74.55,0.0,-0.27,C0V760
大社,22.730306,120.346639,0.16,21.3,5.24,80.09,0.0,-0.34,C0V770
萬山,22.905944,120.688056,0.25,20.14,-3.66,74.91,0.0,-0.88,C0V790
六龜,22.997889,120.633583,0.15,20.99,1.84,81.18,0.0,-0.86,C0V800
左營,22.67491,120.28491,0.15,21.45,-4.37,74.82,0.0,-0.38,C0V810
小林,23.148408,120.63325,0.67,19.63,-2.33,80.64,0.0,-1.44,C0V820
東莒,25.9652,119.98069,1.92,16.47,3.91,78.27,0.0,-0.53,C0W110
金沙,24.488292,118.408778,1.16,18.15,0.2,66.73,0.0,-0.35,C0W140
金寧,24.457703,118.328989,1.21,18.83,1.55,68.55,0.0,-0.31,C0W150
東河,23.296598,120.385608,0.22,20.31,-7.8,73.82,0.0,-0.79,C0X050
下營,23.22695,120.256261,0.6,20.45,-6.33,74.64,0.0,-0.7,C0X060
佳里,23.173039,120.145086,0.71,20.63,0.17,79.45,0.0,-0.79,C0X080
臺南市北區,23.010394,120.194228,0.75,21.29,4.69,79.27,0.0,-0.46,C0X100
臺南市南區,22.961189,120.188378,0.3,21.32,0.75,74.64,0.0,-0.45,C0X110
麻豆,23.183289,120.248611,1.23,21.35,2.63,82.45,0.0,-0.47,C0X120
官田,23.193217,120.315422,0.78,21.16,-0.69,77.64,0.0,-0.55,C0X130
西港,23.125608,120.203108,0.45,20.56,2.71,81.91,0.0,-0.57,C0X140
安定,23.102614,120.227839,0.84,20.68,1.17,83.45,0.0,-0.41,C0X150
仁德,22.968258,120.257689,0.61,21.41,0.88,76.67,0.0,-0.46,C0X160
關廟,22.963017,120.327797,-0.43,20.06,3.21,79.73,0.0,-0.46,C0X170
山上,23.0757,120.363253,0.96,20.85,-2.74,79.18,0.0,-0.67,C0X180
安平,22.993161,120.152181,0.59,21.0,-1.84,76.36,0.0,-0.41,C0X190
左鎮,23.056758,120.408522,1.56,20.86,-4.62,79.64,0.0,-0.69,C0X200
白河,23.347466,120.414427,0.25,20.37,-4.04,75.73,0.0,-0.87,C0X210
學甲,23.230367,120.182187,0.66,20.43,-0.52,78.64,0.0,-0.7,C0X220
鹽水,23.272621,120.247641,0.34,20.01,-2.43,79.18,0.0,-0.81,C0X230
關子嶺,23.331169,120.508025,-0.13,18.23,-0.49,87.0,0.0,-1.12,C0X240
新營,23.310689,120.316681,0.47,20.53,-0.54,78.09,0.0,-0.79,C0X250
後壁,23.366358,120.362326,0.43,20.27,-4.46,76.0,0.0,-0.83,C0X260
將軍,23.214999,120.13577,0.28,20.15,-0.4,78.91,0.0,-0.52,C0X280
北門,23.267772,120.125481,0.63,20.48,2.89,82.36,0.0,-0.59,C0X290
鹿寮,23.386047,120.477331,0.3,19.91,1.85,85.73,0.0,-0.66,C0X300
柳營,23.253328,120.375253,-0.75,20.45,-1.92,75.55,0.0,-0.15,C0X320
明里,23.208717,121.262342,1.11,19.09,0.33,85.82,0.27,-1.92,C0Z020
佳心,23.34567,121.21316,0.72,15.46,8.29,97.82,0.0,-3.74,C0Z050
玉里,23.3215,121.339656,1.18,19.35,-0.02,86.45,0.0,-4.16,C0Z061
舞鶴,23.46811,121.37407,1.15,18.79,7.66,98.55,0.14,-4.1,C0Z070
富源,23.587642,121.378225,1.23,18.55,-4.03,88.64,1.36,-2.68,C0Z080
東華,23.89525,121.549833,0.43,19.87,2.48,88.0,0.0,-2.69,C0Z100
吉安光華,23.930925,121.595153,0.49,20.39,-14.97,72.55,0.09,-1.46,C0Z150
鳳林,23.746114,121.453411,0.35,19.29,-5.57,80.91,0.45,-1.83,C0Z160
卓溪,23.3443,121.3029,0.31,19.27,-0.86,81.55,0.36,-1.56,C0Z170
富世,24.14743,121.6297,0.39,20.49,-2.01,79.45,0.36,-1.38,C0Z190
萬榮,23.709219,121.420106,0.42,19.05,-3.68,83.09,0.82,-1.79,C0Z200
瑞穗,23.5239,121.39021,0.88,19.32,0.45,87.55,0.5,-2.25,C0Z210
和平林道,24.343922,121.656317,-0.06,16.26,-1.94,86.73,0.86,-3.57,C0Z220
和平,24.30717,121.77007,-0.12,19.93,4.16,75.18,0.55,-4.71,C0Z230
瑞穗林道,23.49284,121.30688,2.03,15.17,0.5,96.27,2.41,-3.65,C0Z250
蕃薯寮,23.73835,121.540108,0.88,18.45,-6.47,83.45,0.14,-4.76,C0Z270
德武,23.47426,121.41071,0.44,18.89,-3.41,86.36,0.36,-2.27,C0Z280
赤柯山,23.36893,121.38293,0.67,14.72,2.3,96.73,0.59,-5.71,C0Z290
東里,23.26853,121.30547,0.74,19.43,-6.49,83.55,0.0,-1.78,C0Z300
清水斷崖,24.218294,121.689142,-0.15,20.15,3.04,81.27,1.23,-1.3,C0Z310
清水林道,23.27125,121.188272,0.26,16.09,-2.55,87.27,1.45,-2.4,C0Z320
安通山,23.290728,121.348528,-0.03,17.18,0.43,89.27,0.0,-2.37,C0Z330
口湖工作站,23.589978,120.180394,0.93,20.08,0.55,73.82,0.0,-0.89,12J990
東港工作站,22.479997,120.466058,0.33,22.35,-4.22,64.91,0.0,-0.25,12Q970
恆春工作站,22.079678,120.714425,0.51,23.53,0.79,63.45,0.0,-0.18,12Q980
萬大發電廠,23.978875,121.139639,-1.04,15.47,-7.73,74.64,0.0,-1.22,42HA10
桃改樹林分場,24.944503,121.386972,0.67,19.23,-11.34,73.73,0.68,-5.68,72AI40
桃園農改場,24.950944,121.030583,1.17,19.19,-3.02,76.8,0.3,-1.76,72C440
桃改五峰分場,24.612194,121.157167,1.34,14.59,-6.23,79.36,0.27,-2.72,72D080
桃改新埔分場,24.834444,121.066111,0.38,19.0,-6.52,76.09,0.0,-1.92,72D680
臺中農改場,24.003028,120.534389,0.55,19.75,3.24,81.18,0.0,-1.17,72G600
中改埔里分場,23.903208,120.963364,-0.88,16.84,-3.42,83.82,0.0,-1.53,72HA00
南改斗南分場,23.634556,120.477333,0.79,19.92,0.14,78.91,0.09,-0.89,72K220
南改義竹分場,23.360694,120.279361,0.56,19.85,-2.08,78.18,0.0,-0.8,72M360
南改鹿草分場,23.416869,120.283061,0.66,20.0,0.61,78.45,0.0,-1.17,72M700
臺南農改場,23.0605,120.342194,-0.05,19.98,3.4,82.27,0.0,-0.55,72N100
七股研究中心,23.081672,120.062894,1.4,20.75,0.45,79.91,0.0,-0.59,72N240
高雄農改場,22.709333,120.525889,0.34,21.84,3.15,80.18,0.0,-0.85,72Q010
東改班鳩分場,22.829528,121.077694,0.57,19.78,-1.69,77.18,0.0,-2.76,72S200
東改賓朗果園,22.813889,121.071278,0.49,19.56,-3.8,79.73,0.05,-3.03,72S590
花蓮農改場,23.975222,121.563889,0.59,20.03,0.64,81.44,0.61,-2.9,72T250
花改蘭陽分場,24.686306,121.716583,0.47,18.62,3.38,87.27,4.73,-6.83,72U480
高改旗南分場,22.857861,120.516667,-0.26,20.81,4.72,78.91,0.0,-0.65,72V140
茶改北部分場,24.955778,121.631222,0.79,16.47,0.84,87.45,2.64,-4.5,82A750
茶改場,24.908472,121.185333,1.1,18.19,-4.05,78.45,0.09,-3.06,82C160
茶改中部分場,23.875611,120.913583,-0.31,16.92,-2.54,79.64,0.0,-1.56,82H320
茶改南部分場,23.762528,120.7405,-0.07,17.91,-4.15,81.64,0.0,-1.54,82H840
茶改東部分場,22.907694,121.130139,0.07,19.7,0.89,79.8,0.0,-2.56,82S580
農工中心,24.985917,121.239833,1.66,19.25,-2.55,73.27,0.0,-2.49,A2C560
水試臺西試驗場,23.717231,120.190522,0.04,20.65,0.77,81.36,0.0,-0.96,A2K360
臺大雲林校區,23.730628,120.423903,-0.07,19.55,0.08,79.82,0.0,-0.4,A2K630
臺南蘭花園區,23.340258,120.379661,0.09,20.24,0.04,78.73,0.0,-0.12,A2N290
畜試北區分所,24.527806,120.770972,-0.07,18.11,1.29,81.73,0.0,-2.08,B2E890
畜產試驗所,23.058972,120.336406,0.32,19.93,2.98,82.64,0.0,-0.74,B2N890
畜試南區分所,21.945583,120.802167,0.49,23.31,-4.19,68.18,0.0,-1.23,B2Q810
畜試東區分所,24.669039,121.832561,0.37,18.73,3.4,93.27,5.41,-40.03,B2U990
蓮華池,23.918333,120.885278,-0.3,16.65,-2.14,84.18,0.0,-1.32,E2H360
林試畢祿溪站,24.226944,121.308522,-2.63,7.29,-2.75,80.82,0.0,-3.21,E2HA20
四湖植物園,23.676986,120.163433,0.78,20.52,3.24,88.0,0.0,-1.05,E2K600
林試六龜中心,22.991703,120.645722,-0.88,19.91,-0.01,82.36,0.0,-0.19,E2P980
林試太麻里2,22.598,120.99775,-0.33,21.72,-1.67,74.0,0.0,-0.3,E2S960
林試太麻里1,22.598922,120.980044,0.04,20.99,-1.76,76.91,0.32,-0.15,E2S980
農試所(霧峰),24.031261,120.688133,0.53,19.92,2.12,81.0,0.0,-0.98,G2F820
農試嘉義分所,23.485028,120.473806,0.84,19.57,0.61,80.43,0.0,-1.05,G2L020
農試溪口農場,23.58565,120.408111,0.64,20.23,-5.01,76.45,0.0,-1.26,G2M350
農試鳳山分所,22.646611,120.356083,0.12,21.69,0.25,73.55,0.0,-1.07,G2P820
苗栗農改場,24.495722,120.829111,0.24,17.91,1.15,82.0,0.0,-1.24,K2E360
苗改生物防治研究中心,24.422861,120.871833,-0.33,16.52,-2.64,82.18,0.0,-2.28,K2E710
種苗改良場,24.225972,120.800917,0.34,17.1,5.29,83.91,0.0,-1.75,K2F750
溪頭,23.670306,120.798194,-0.49,13.57,1.5,87.82,0.0,-1.27,U2H480
臺大和社,23.590856,120.888864,-0.2,16.63,-2.98,79.27,0.05,-1.36,U2HA30
臺大內茅埔,23.689722,120.851117,-0.4,17.63,-6.24,77.27,0.0,-1.48,U2HA40
臺大竹山,23.756972,120.681556,0.16,19.81,-4.88,75.55,0.0,-1.2,U2HA50
臺大竹山,23.756972,120.681556,0.16,19.81,-4.88,75.55,0.0,-1.2,U2HA50
臺大內茅埔,23.689722,120.851117,-0.4,17.63,-6.24,77.27,0.0,-1.48,U2HA40
臺大和社,23.590856,120.888864,-0.2,16.63,-2.98,79.27,0.05,-1.36,U2HA30
臺大溪頭,23.670306,120.798194,-0.49,13.57,1.5,87.82,0.0,-1.27,U2H480
種苗繁殖,24.225972,120.800917,0.34,17.1,5.29,83.91,0.0,-1.75,K2F750
苗改生物防治研究中心,24.422861,120.871833,-0.33,16.52,-2.64,82.18,0.0,-2.28,K2E710
苗栗農改,24.495722,120.829111,0.24,17.91,1.15,82.0,0.0,-1.24,K2E360
農試鳳山分所,22.646611,120.356083,0.12,21.69,0.25,73.55,0.0,-1.07,G2P820
農試溪口農場,23.58565,120.408111,0.64,20.23,-5.01,76.45,0.0,-1.26,G2M350
農試嘉義分所,23.485028,120.473806,0.84,19.57,0.61,80.43,0.0,-1.05,G2L020
農業試驗所,24.031261,120.688133,0.53,19.92,2.12,81.0,0.0,-0.98,G2F820
林試太麻里1,22.598922,120.980044,0.04,20.99,-1.76,76.91,0.32,-0.15,E2S980
林試太麻里2,22.598014,120.989761,-0.33,21.72,-1.67,74.0,0.0,-0.3,E2S960
林試六龜中心,22.991703,120.645722,-0.88,19.91,-0.01,82.36,0.0,-0.19,E2P980
四湖植物園,23.676986,120.163433,0.78,20.52,3.24,88.0,0.0,-1.05,E2K600
林試畢祿溪站,24.226944,121.308522,-2.63,7.29,-2.75,80.82,0.0,-3.21,E2HA20
蓮華池,23.918333,120.885278,-0.3,16.65,-2.14,84.18,0.0,-1.32,E2H360
畜試東區分所,24.669039,121.832561,0.37,18.73,3.4,93.27,5.41,-40.03,B2U990
畜試南區分所,21.945583,120.802167,0.49,23.31,-4.19,68.18,0.0,-1.23,B2Q810
畜試所,23.058972,120.336406,0.32,19.93,2.98,82.64,0.0,-0.74,B2N890
畜試北區分所,24.527806,120.770972,-0.07,18.11,1.29,81.73,0.0,-2.08,B2E890
臺南蘭花園區,23.340258,120.379661,0.09,20.24,0.04,78.73,0.0,-0.12,A2N290
臺大雲林校區,23.730628,120.423903,-0.07,19.55,0.08,79.82,0.0,-0.4,A2K630
水試臺西試驗場,23.717231,120.190522,0.04,20.65,0.77,81.36,0.0,-0.96,A2K360
農工中心,24.985917,121.239833,1.66,19.25,-2.55,73.27,0.0,-2.49,A2C560
茶改東部分場,22.907694,121.130139,0.07,19.7,0.89,79.8,0.0,-2.56,82S580
茶改南部分場,23.762528,120.7405,-0.07,17.91,-4.15,81.64,0.0,-1.54,82H840
茶改中部分場,23.875611,120.913583,-0.31,16.92,-2.54,79.64,0.0,-1.56,82H320
茶改場,24.908472,121.185333,1.1,18.19,-4.05,78.45,0.09,-3.06,82C160
茶改北部分場,24.955778,121.631222,0.79,16.47,0.84,87.45,2.64,-4.5,82A750
高改旗南分場,22.857861,120.516667,-0.26,20.81,4.72,78.91,0.0,-0.65,72V140
花改蘭陽分場,24.686306,121.716583,0.47,18.62,3.38,87.27,4.73,-6.83,72U480
花蓮農改,23.975222,121.563889,0.59,20.03,0.64,81.44,0.61,-2.9,72T250
東改賓朗果園,22.813889,121.071278,0.49,19.56,-3.8,79.73,0.05,-3.03,72S590
東改班鳩分場,22.829528,121.077694,0.57,19.78,-1.69,77.18,0.0,-2.76,72S200
高雄農改,22.709333,120.525889,0.34,21.84,3.15,80.18,0.0,-0.85,72Q010
七股研究中心,23.081672,120.062894,1.4,20.75,0.45,79.91,0.0,-0.59,72N240
臺南農改,23.0605,120.342194,-0.05,19.98,3.4,82.27,0.0,-0.55,72N100
南改鹿草分場,23.416869,120.283061,0.66,20.0,0.61,78.45,0.0,-1.17,72M700
南改義竹分場,23.360694,120.279361,0.56,19.85,-2.08,78.18,0.0,-0.8,72M360
南改斗南分場,23.634556,120.477333,0.79,19.92,0.14,78.91,0.09,-0.89,72K220
中改埔里分場,23.903208,120.963364,-0.88,16.84,-3.42,83.82,0.0,-1.53,72HA00
臺中農改,24.003028,120.534389,0.55,19.75,3.24,81.18,0.0,-1.17,72G600
桃改新埔分場,24.834444,121.066111,0.38,19.0,-6.52,76.09,0.0,-1.92,72D680
桃改五峰分場,24.612194,121.157167,1.34,14.59,-6.23,79.36,0.27,-2.72,72D080
桃園農改,24.950944,121.030583,1.17,19.19,-3.02,76.8,0.3,-1.76,72C440
桃改樹林分場,24.944503,121.386972,0.67,19.23,-11.34,73.73,0.68,-5.68,72AI40
萬大發電廠,23.978875,121.139639,-1.04,15.47,-7.73,74.64,0.0,-1.22,42HA10
恆春工作站,22.079678,120.714425,0.51,23.53,0.79,63.45,0.0,-0.18,12Q980
東港工作站,22.479997,120.466058,0.33,22.35,-4.22,64.91,0.0,-0.25,12Q970
口湖工作站,23.589978,120.180394,0.93,20.08,0.55,73.82,0.0,-0.89,12J990
