站名,緯度,經度,平均溫距平,本年度平均溫,平均溼度距平,本年度日均相對溼度,本年度日均降水量,日均降水量距平,站號
淡水,25.164889,121.448906,0.28,18.23,-1.54,77.2,1.48,-2.94,466900
鞍部,25.182586,121.529731,-0.48,11.91,4.57,96.87,8.67,-6.7,466910
臺北,25.037658,121.514853,0.09,19.01,-1.38,74.0,0.05,-3.92,466920
竹子湖,25.162078,121.544547,-0.2,13.91,4.02,91.47,6.0,-7.34,466930
基隆,25.133314,121.740475,-0.16,18.41,1.19,78.27,6.09,-7.7,466940
花蓮,23.975128,121.613275,0.17,20.32,0.24,74.13,0.1,-3.81,466990
新屋,25.006744,121.047486,0.18,18.31,-0.09,76.33,0.72,-2.64,467050
宜蘭,24.763975,121.756528,-0.12,18.36,2.65,83.07,1.98,-8.92,467080
金門,24.407306,118.289281,0.8,17.31,2.24,70.73,0.0,-1.55,467110
田中,23.873803,120.581286,-0.89,19.22,-0.03,81.27,0.01,-1.16,467270
澎湖,23.565503,119.563094,0.48,20.32,-0.24,75.93,0.02,-1.13,467350
臺南,22.993239,120.204772,0.13,20.34,-0.53,72.53,0.01,-0.61,467410
永康,23.038386,120.2367,0.37,20.25,1.73,74.8,0.01,-0.66,467420
嘉義,23.495925,120.432906,-0.04,19.19,4.06,80.13,0.0,-1.02,467480
臺中,24.145736,120.684075,0.24,19.7,0.41,72.47,0.01,-1.43,467490
阿里山,23.508208,120.813242,-0.62,7.98,-2.85,78.53,0.01,-2.71,467530
大武,22.355675,120.903789,0.31,22.44,0.23,69.33,0.02,-1.58,467540
玉山,23.487614,120.959522,0.05,1.98,-1.84,60.93,0.1,-3.34,467550
新竹,24.827853,121.014219,0.24,18.65,-0.63,75.07,0.07,-2.61,467571
恆春,22.003897,120.746339,0.33,23.07,-0.83,67.87,0.01,-1.2,467590
成功,23.097486,121.373428,0.41,21.07,-0.0,73.53,0.38,-2.87,467610
日月潭,23.881325,120.90805,-0.0,16.22,3.35,80.67,0.0,-1.57,467650
臺東,22.752211,121.154586,0.44,21.71,-0.23,70.8,0.02,-1.89,467660
馬祖,26.169269,119.923419,0.44,14.5,3.38,80.07,0.02,-2.05,467990
山佳,24.974944,121.402008,0.06,18.49,-1.55,79.13,0.8,-2.77,C0A520
坪林,24.938183,121.70975,-0.03,15.68,-4.42,88.13,2.07,-4.5,C0A530
泰平,24.971197,121.823711,0.15,14.85,2.14,97.6,14.9,-5.63,C0A550
桶後,24.848222,121.597992,-0.03,15.16,0.37,95.4,6.67,-2.74,C0A570
石碇,24.993969,121.662917,0.68,16.71,-3.2,87.33,2.63,-5.63,C0A640
大坪,25.165914,121.632969,0.61,15.95,1.53,94.73,33.53,0.79,C0A860
五指山,25.132153,121.608692,1.36,14.73,1.68,96.33,10.8,-3.56,C0A870
雙溪,25.036003,121.864242,1.31,18.3,-2.55,89.33,8.77,-6.3,C0A890
金山,25.223628,121.643967,0.72,18.54,-3.49,79.4,3.17,-6.82,C0A940
鼻頭角,25.129036,121.923372,0.08,18.89,2.82,83.33,2.13,-2.81,C0A950
三貂角,25.007606,122.002058,0.21,18.55,-0.22,84.07,5.1,-2.87,C0A970
社子,25.109508,121.469681,0.74,19.63,1.3,77.93,0.0,-2.68,C0A980
天母,25.117494,121.537169,0.31,19.17,-5.04,68.6,0.0,-2.52,C0A9C0
內湖,25.079422,121.57545,0.16,18.91,11.27,89.87,0.0,-3.38,C0A9F0
大屯山,25.175675,121.522408,1.1,11.98,2.46,98.6,4.03,-5.97,C0AC40
三峽,24.939025,121.369728,1.29,19.4,-1.77,79.2,1.23,-4.01,C0AC60
信義,25.037822,121.564597,1.36,19.44,-0.75,79.47,0.03,-5.14,C0AC70
文山,25.00235,121.575728,0.22,17.99,-4.34,79.53,0.23,-5.15,C0AC80
新莊,25.051478,121.446756,0.12,18.8,-2.68,71.93,0.03,-3.57,C0ACA0
八里,25.150211,121.403947,0.42,18.71,5.03,82.2,0.57,-3.48,C0AD10
蘆洲,25.086594,121.472331,0.58,19.59,-1.39,72.2,0.0,-3.09,C0AD30
土城,24.973208,121.445169,0.47,18.41,0.84,80.87,1.33,-3.8,C0AD40
鶯歌,24.951533,121.346294,1.36,19.19,-0.39,80.4,0.33,-3.76,C0AD50
汐止,25.066881,121.658778,-0.07,17.75,-4.92,81.6,3.13,-9.31,C0AH00
永和,25.01125,121.508111,1.07,19.51,-0.3,76.47,0.0,-3.16,C0AH10
五分山,25.07125,121.780794,-0.13,13.47,-0.82,95.67,16.75,-14.12,C0AH30
平等,25.129142,121.577086,-0.26,15.58,-5.3,83.13,1.27,-7.85,C0AH40
林口,25.072181,121.38084,0.26,16.85,-4.14,83.6,0.17,-3.45,C0AH50
松山,25.04871,121.55042,0.05,18.77,-6.05,66.6,0.0,-4.09,C0AH70
深坑,25.002703,121.628328,0.74,18.04,-2.68,83.73,1.07,-5.26,C0AH80
福山植物園,24.760717,121.58135,-0.51,13.51,1.88,97.33,4.83,-10.7,C0AH90
五股,25.07445,121.42728,-1.09,17.13,-12.47,78.8,0.03,-3.88,C0AI00
屈尺,24.92184,121.54475,-0.04,17.83,-12.05,74.93,1.77,-6.49,C0AI10
白沙灣,25.283128,121.519058,-0.09,18.29,3.28,81.4,0.8,-7.48,C0AI20
三重,25.057328,121.500629,0.46,19.19,-8.37,75.13,0.0,-3.68,C0AI30
石牌,25.115597,121.513139,0.81,19.96,3.12,73.27,0.0,-2.93,C0AI40
七堵,25.094819,121.71713,0.9,19.13,-6.44,82.27,8.5,-13.04,C0B010
基隆嶼,25.19141,121.78391,-0.1,18.01,7.76,91.27,1.43,-8.17,C0B020
復興,24.820208,121.352281,0.42,16.17,-0.97,77.6,0.4,-3.19,C0C460
桃園,24.992425,121.323172,0.54,18.37,-1.18,74.0,0.13,-3.35,C0C480
八德,24.928708,121.283289,0.37,17.75,-5.54,75.93,0.6,-4.81,C0C490
觀音,25.027072,121.153317,0.17,17.57,-0.69,77.87,0.93,-3.25,C0C590
蘆竹,25.084275,121.265767,0.16,17.89,2.3,82.0,1.13,-3.85,C0C620
大溪,24.882853,121.265547,0.29,17.01,1.86,79.93,0.8,-2.55,C0C630
平鎮,24.897503,121.214636,0.7,17.23,-0.93,79.67,0.37,-3.17,C0C650
楊梅,24.912375,121.143047,0.18,17.52,-1.39,76.13,0.83,-3.09,C0C660
龍潭,24.870056,121.221389,0.33,16.62,2.55,84.2,1.03,-2.35,C0C670
龜山,25.02846,121.38656,1.2,17.77,-2.77,81.07,0.23,-4.01,C0C680
中壢,24.977661,121.256375,0.1,17.74,-5.86,75.33,0.07,-3.6,C0C700
大溪永福,24.892936,121.324975,0.83,17.51,-6.68,82.93,1.43,-5.15,C0C710
梅花,24.678347,121.208558,-0.4,15.16,1.88,82.8,0.0,-3.11,C0D360
峨眉,24.6905,121.017189,0.01,17.41,-2.85,80.13,0.07,-3.35,C0D430
打鐵坑,24.849664,121.150789,0.22,16.48,-4.36,81.27,0.6,-2.9,C0D480
橫山,24.71116,121.11693,-0.33,16.33,4.01,85.8,0.13,-2.49,C0D540
雪霸,24.526972,121.11605,-0.18,9.86,-7.19,70.53,0.0,-3.78,C0D550
竹東,24.767147,121.057881,1.21,18.37,-0.98,73.13,0.0,-2.55,C0D560
寶山,24.735006,121.025192,0.5,17.52,-1.65,78.73,0.03,-2.71,C0D580
新豐,24.87068,120.97721,0.48,17.57,4.52,84.4,0.13,-2.46,C0D590
湖口,24.904794,121.043628,-0.18,17.45,-4.11,74.47,0.13,-2.24,C0D650
新竹市東區,24.798681,120.986942,0.0,17.99,-0.38,73.93,0.0,-1.77,C0D660
竹南,24.708978,120.888897,0.33,18.47,1.25,77.27,0.0,-2.1,C0E420
南庄,24.601775,121.000214,-0.35,16.1,6.64,89.73,0.37,-2.55,C0E430
明德,24.583486,120.885411,0.57,18.23,-2.57,77.93,0.0,-2.61,C0E550
通霄,24.471892,120.704622,0.1,18.12,-1.37,79.93,0.0,-2.02,C0E590
馬都安,24.451272,120.930192,-0.05,14.64,0.84,82.67,0.0,-2.21,C0E610
頭份,24.688247,120.912206,1.08,19.31,0.29,73.4,0.0,-1.9,C0E730
造橋,24.637056,120.864778,0.08,18.18,-3.37,76.87,0.0,-2.68,C0E740
苗栗,24.564569,120.824575,0.24,18.47,-3.16,72.73,0.0,-2.31,C0E750
銅鑼,24.489681,120.790853,-0.06,17.35,10.0,91.8,0.0,-2.36,C0E780
西湖,24.562947,120.7485,0.33,17.91,-1.23,80.73,0.0,-1.78,C0E810
獅潭,24.539133,120.920042,-0.34,16.24,-2.25,82.67,0.13,-2.89,C0E820
苑裡,24.439714,120.653053,-0.18,18.41,-0.12,76.73,0.0,-1.44,C0E830
大河,24.618069,120.948578,-2.3,15.53,-2.61,78.87,0.2,-1.67,C0E850
高鐵苗栗,24.60725,120.826094,-0.28,18.27,6.78,82.67,0.0,-1.35,C0E870
石岡,24.276061,120.777644,0.2,17.97,2.42,84.27,0.0,-1.06,C0F0B0
中坑,24.248517,120.903319,-0.94,14.83,-3.65,82.0,0.0,-1.68,C0F0C0
審馬陣,24.381675,121.4203,-0.85,3.9,-5.75,69.6,0.0,-2.76,C0F0D0
東勢,24.246428,120.833047,0.81,18.11,-1.25,79.27,0.0,-2.08,C0F850
大坑,24.173142,120.722289,1.13,20.17,-0.35,74.4,0.0,-1.74,C0F970
神岡,24.272481,120.658314,1.52,19.31,-10.42,71.56,0.0,-1.78,C0F9I0
大安,24.345061,120.588025,-0.13,18.43,-1.26,78.6,0.0,-1.42,C0F9K0
后里,24.310436,120.729725,0.4,18.11,-3.52,77.53,0.0,-1.51,C0F9L0
豐原,24.254322,120.720692,1.13,19.1,-2.25,76.0,0.0,-1.51,C0F9M0
大里,24.092464,120.701378,0.61,20.76,-9.93,61.93,0.0,-1.64,C0F9N0
潭子,24.213106,120.703933,0.19,19.12,0.48,76.67,0.03,-1.46,C0F9O0
清水,24.312297,120.562242,-0.23,18.53,-1.33,78.93,0.0,-1.26,C0F9P0
外埔,24.347817,120.705686,0.86,18.83,-2.76,77.73,0.0,-1.62,C0F9Q0
龍井,24.184536,120.528972,0.11,19.21,-4.56,75.4,0.0,-1.41,C0F9R0
烏日,24.107058,120.624103,0.33,19.63,-1.45,71.4,0.0,-1.46,C0F9S0
西屯,24.179494,120.641275,0.12,18.82,-0.93,74.53,0.0,-1.38,C0F9T0
南屯,24.137006,120.637969,0.13,19.88,-1.09,71.2,0.0,-1.32,C0F9U0
新社,24.200172,120.815806,0.57,17.13,-6.94,78.13,0.0,-2.05,C0F9V0
大雅(中科園區),24.21528,120.62445,-0.48,18.13,-0.9,78.4,0.0,-1.1,C0F9X0
桃山,24.432739,121.303808,-0.26,4.03,-8.63,64.27,0.0,-2.22,C0F9Y0
雪山東峰,24.388792,121.268675,-0.22,4.77,-9.31,63.27,0.0,-2.84,C0F9Z0
芬園,24.015678,120.6213,-0.58,17.9,2.79,83.87,0.0,-1.61,C0G620
員林,23.946503,120.585597,1.46,20.9,-5.2,72.27,0.0,-1.16,C0G650
溪湖,23.94835,120.479122,1.65,20.75,11.39,91.33,0.0,-1.44,C0G660
溪州,23.851589,120.499093,-0.07,19.21,-4.45,73.07,0.0,-1.04,C0G720
二林,23.903325,120.376081,-0.09,18.83,2.65,85.73,0.0,-0.76,C0G730
大城,23.852487,120.320935,0.1,19.31,-24.96,52.47,0.0,-1.0,C0G740
福興,24.041289,120.437669,0.62,20.05,-5.99,72.13,0.0,-1.43,C0G770
秀水,24.03405,120.503869,0.25,19.63,-0.44,78.13,0.0,-1.45,C0G780
埔鹽,24.000394,120.431683,1.24,20.03,-0.95,80.8,0.0,-1.21,C0G800
埔心,23.947633,120.525456,0.73,20.11,20.68,99.13,0.0,-1.37,C0G810
田尾,23.901669,120.509389,0.54,19.63,-0.42,82.93,0.0,-1.39,C0G820
埤頭,23.866003,120.452806,0.17,19.15,12.06,96.6,0.0,-1.04,C0G830
社頭,23.897647,120.5862,0.73,20.51,4.5,79.47,0.0,-1.5,C0G860
二水,23.810742,120.6173,2.97,22.35,1.22,80.92,0.0,-1.27,C0G880
伸港,24.148933,120.484403,-0.06,19.03,-2.7,75.47,0.0,-1.3,C0G890
線西,24.143358,120.443536,0.1,19.28,-5.41,76.8,0.0,-1.09,C0G900
花壇,24.032076,120.549461,0.42,20.54,1.56,79.92,0.0,-1.29,C0G910
埔里,23.972169,120.952425,-0.85,18.11,0.02,80.6,0.0,-0.72,C0H890
草屯,23.973672,120.68085,0.13,19.43,-4.51,72.33,0.0,-1.64,C0H960
昆陽,24.121322,121.273642,-0.42,4.25,-6.13,72.67,0.0,-2.57,C0H990
神木村,23.532742,120.843667,0.25,12.87,-6.32,77.93,0.0,-2.54,C0H9A0
合歡山,24.143442,121.272547,-0.18,2.5,-4.35,79.13,0.13,-5.1,C0H9C0
廬山,24.033311,121.181808,0.52,13.97,-6.87,69.0,0.0,-2.29,C0I010
信義,23.689694,120.851036,-0.79,17.06,-4.75,78.6,0.0,-0.75,C0I080
竹山,23.761225,120.688156,0.14,18.97,-1.72,80.93,0.0,-1.42,C0I110
水里,23.812553,120.849792,-0.32,18.8,-6.89,74.2,0.0,-0.91,C0I360
魚池,23.895703,120.94135,-0.57,17.25,-7.38,77.87,0.03,-0.82,C0I370
集集,23.828206,120.801467,-0.34,18.97,-6.32,75.6,0.0,-0.81,C0I380
仁愛,24.022122,121.132206,-0.56,14.67,-5.04,76.2,0.0,-1.13,C0I390
名間,23.837053,120.701447,-0.64,18.49,-2.78,77.27,0.0,-0.69,C0I410
國姓,24.037803,120.855072,-0.87,18.25,-2.97,79.53,0.0,-0.84,C0I420
南投,23.911469,120.687331,-0.2,19.63,1.38,77.13,0.0,-1.0,C0I460
梅峰,24.085272,121.173572,-0.95,9.07,-1.7,77.67,0.07,-1.39,C0I480
萬大林道,23.928228,121.091411,-0.31,13.68,-10.76,68.73,0.0,-1.14,C0I490
小奇萊,24.131764,121.295717,-1.57,3.59,-7.26,76.53,0.03,-2.75,C0I530
崙背,23.75555,120.318925,-0.2,18.81,-3.29,76.47,0.0,-0.68,C0K250
四湖,23.630414,120.227125,0.45,19.61,-2.95,75.4,0.0,-0.87,C0K280
宜梧,23.536281,120.169329,0.34,19.47,-2.52,76.87,0.0,-0.86,C0K291
虎尾,23.719183,120.442036,0.19,19.44,1.21,78.47,0.0,-1.11,C0K330
土庫,23.679029,120.395574,-0.1,19.24,3.24,80.8,0.0,-0.97,C0K390
斗六,23.720583,120.541127,-0.23,19.27,-6.36,73.67,0.0,-0.91,C0K400
北港,23.573957,120.292802,-0.13,19.29,-5.2,74.13,0.0,-0.89,C0K410
西螺,23.800407,120.467394,-0.01,19.21,-4.07,76.73,0.0,-0.98,C0K420
褒忠,23.690938,120.303634,0.04,19.1,-6.81,72.8,0.0,-0.83,C0K430
二崙,23.772797,120.408944,-0.25,18.79,0.87,80.33,0.0,-0.48,C0K440
大埤,23.646074,120.431537,-0.1,19.31,-3.81,74.93,0.0,-0.75,C0K450
斗南,23.678734,120.478359,-0.07,19.29,-2.54,75.67,0.0,-0.76,C0K460
林內,23.748675,120.609642,-0.34,18.91,-3.14,77.13,0.0,-0.75,C0K470
莿桐,23.761192,120.502372,-0.22,18.91,-3.11,75.0,0.0,-0.59,C0K480
元長,23.64981,120.315024,-0.02,19.24,-1.13,76.53,0.0,-0.92,C0K500
水林,23.572924,120.24597,0.16,19.5,-2.65,75.8,0.0,-1.03,C0K510
臺西,23.701547,120.197559,-0.07,19.31,-1.11,77.87,0.0,-0.77,C0K530
蔦松,23.514319,120.229736,-0.04,19.33,-2.68,77.8,0.0,-0.62,C0K550
棋山,23.68645,120.603417,-0.29,19.02,-2.57,79.07,0.0,-0.85,C0K560
高鐵雲林,23.737456,120.417944,-0.29,18.9,-2.01,79.53,0.0,-0.76,C0K580
東後寮,23.369908,120.248065,-0.12,19.19,-1.63,77.47,0.0,-0.7,C0M520
奮起湖,23.493903,120.699253,0.35,14.23,-2.44,83.73,0.07,-1.61,C0M530
中埔,23.42538,120.5229,-0.21,19.13,-4.27,75.73,0.0,-0.86,C0M640
朴子,23.43463,120.23902,-0.69,18.76,0.33,78.6,0.0,-0.73,C0M650
溪口,23.604131,120.403569,-0.12,19.21,-4.08,74.33,0.0,-0.74,C0M660
大林,23.600616,120.45841,-0.19,19.43,-5.06,73.13,0.0,-0.9,C0M670
太保,23.455062,120.331455,-0.34,19.36,-5.12,73.53,0.0,-0.81,C0M680
水上,23.419734,120.388909,-0.17,19.4,1.71,79.53,0.0,-0.67,C0M690
竹崎,23.526178,120.555508,0.08,19.41,-2.48,79.57,0.0,-1.07,C0M700
東石,23.458927,120.15385,0.08,19.57,-2.53,76.33,0.0,-0.87,C0M710
番路,23.464657,120.554156,-0.23,18.58,-1.57,79.93,0.0,-0.98,C0M720
嘉義市東區,23.457673,120.460531,0.0,20.62,-2.66,71.13,0.0,-0.85,C0M730
六腳,23.492871,120.290625,-0.2,19.27,-1.77,74.93,0.0,-0.78,C0M740
布袋,23.380878,120.167789,0.16,19.64,-5.02,75.27,0.0,-0.65,C0M750
民雄,23.551754,120.428457,-0.09,19.65,-5.02,73.27,0.0,-0.78,C0M760
嘉義梅山,23.585398,120.555587,-0.26,18.94,0.98,81.73,0.0,-1.03,C0M770
鹿草,23.41134,120.30835,0.1,19.73,-2.57,74.27,0.0,-0.7,C0M780
新港,23.553269,120.345728,-0.2,19.36,-2.88,74.6,0.0,-0.86,C0M790
茶山,23.299075,120.664767,-0.6,18.78,-1.6,80.93,0.0,-0.72,C0M800
里佳,23.389125,120.716647,-0.24,14.56,-7.46,77.33,0.1,-0.97,C0M810
達邦,23.453994,120.749517,-0.29,16.31,-1.56,77.6,0.0,-0.92,C0M820
表湖,23.24186,120.64166,-0.9,17.25,-2.75,82.8,0.0,-0.91,C0M850
新美,23.338017,120.683169,-1.29,18.56,-4.36,78.47,0.03,-0.82,C0M860
北寮,23.079561,120.495008,-0.28,19.37,4.25,87.47,0.0,-0.75,C0O830
王爺宮,23.222064,120.40085,2.11,21.16,-7.57,73.93,0.0,-0.88,C0O840
大內,23.11885,120.36083,0.92,20.93,-0.15,80.93,0.0,-0.7,C0O860
善化,23.112883,120.297219,0.18,19.87,2.96,84.13,0.0,-0.74,C0O900
崎頂,22.959547,120.369317,0.47,19.63,3.46,84.87,0.03,-0.57,C0O960
虎頭埤,23.021375,120.347878,-0.2,19.32,0.43,81.71,0.0,-0.81,C0O970
新市,23.061614,120.298197,0.72,20.79,-1.24,76.67,0.0,-0.63,C0O980
媽廟,22.99175,120.293525,-0.13,19.94,8.02,86.67,0.0,-0.63,C0O990
尾寮山,22.833111,120.683889,-0.88,15.2,0.79,89.33,0.0,-1.29,C0R100
阿禮,22.742908,120.743678,0.21,17.2,-0.32,76.6,0.0,-0.83,C0R130
瑪家,22.682903,120.686639,-0.43,17.27,5.11,93.13,0.0,-0.93,C0R140
三地門,22.709889,120.639944,0.25,21.53,-14.03,61.47,0.0,-0.94,C0R150
鹽埔,22.739558,120.530778,0.15,21.05,-3.71,81.93,0.03,-0.71,C0R160
屏東,22.660269,120.494072,0.73,22.06,-7.74,71.47,0.0,-0.67,C0R170
赤山,22.592333,120.614306,-0.08,21.09,1.74,84.13,0.0,-0.68,C0R190
潮州,22.534361,120.54,0.72,21.91,-1.86,76.27,0.0,-0.98,C0R220
來義,22.527306,120.625111,-0.91,19.93,5.24,88.33,0.0,-0.76,C0R240
春日,22.370361,120.628306,-0.87,20.53,-12.23,67.4,0.0,-0.57,C0R260
琉球嶼,22.332244,120.362236,-0.3,21.61,-7.46,73.07,0.0,-1.04,C0R270
車城,22.0744,120.716247,1.02,23.17,-1.2,69.29,0.0,-0.36,C0R320
牡丹,22.130036,120.792639,0.51,20.13,5.3,89.33,0.13,-0.73,C0R341
貓鼻頭,21.921774,120.7358,0.56,22.93,-2.98,72.13,0.0,-1.03,C0R350
大漢山,22.405264,120.753181,0.63,11.4,-0.58,95.27,0.43,-1.34,C0R440
高樹,22.826389,120.600806,0.08,21.4,-4.47,74.2,0.0,-0.9,C0R470
長治,22.693128,120.542622,0.59,21.93,-3.28,77.87,0.0,-0.68,C0R480
九如,22.7405,120.490503,0.3,21.65,-7.95,73.53,0.0,-0.71,C0R490
崁頂,22.514781,120.506914,-0.41,21.07,-4.63,77.67,0.0,-0.75,C0R520
佳冬,22.419456,120.552375,-0.41,21.27,-1.82,79.47,0.0,-0.67,C0R540
新埤,22.467947,120.582894,-0.4,20.97,-6.72,74.93,0.0,-0.75,C0R550
新園,22.5434,120.461558,0.71,22.03,-9.48,69.13,0.0,-0.72,C0R560
麟洛,22.65078,120.52719,1.02,22.75,0.79,78.2,0.0,-0.62,C0R570
南州,22.48591,120.50274,-0.47,20.84,-2.21,79.0,0.0,-0.94,C0R580
里港,22.77919,120.49459,-0.59,20.53,-0.3,78.93,0.0,-0.88,C0R590
舊泰武,22.588194,120.664944,-0.1,17.85,-2.41,85.87,0.1,-0.74,C0R600
墾雷,21.900836,120.855269,-0.05,22.77,5.27,83.27,0.0,-0.57,C0R620
東港,22.46247,120.44074,-0.29,21.9,-5.35,74.67,0.0,-0.17,C0R640
竹田,22.58486,120.54344,-0.35,21.41,-10.11,73.73,0.0,-0.23,C0R650
枋寮,22.367722,120.590647,0.35,21.53,2.4,82.73,0.03,-0.24,C0R660
楓港,22.190131,120.692156,-0.09,22.37,0.72,65.93,0.0,-0.52,C0R670
佳樂水,21.993578,120.861633,0.59,23.02,-2.48,73.0,0.0,-0.53,C0R680
墾丁,21.966756,120.810269,0.9,20.79,-3.86,79.53,0.0,-0.56,C0R690
枋山,22.246844,120.661086,0.06,22.01,4.36,73.6,0.0,-0.89,C0R700
龍磐,21.931672,120.838942,-0.25,22.01,-5.27,79.67,0.0,-0.12,C0R710
旭海,22.205403,120.887614,0.3,20.51,14.22,95.8,0.2,-2.33,C0R720
大坪頂,22.024633,120.69355,-0.47,21.21,6.34,83.4,0.0,-0.18,C0R730
獅子,22.201569,120.70525,-0.66,22.31,-1.48,67.93,0.0,-0.06,C0R740
四林格山,22.076989,120.802439,0.21,18.15,-8.24,89.47,0.23,-1.35,C0R750
南仁湖,22.084681,120.863353,-0.15,19.49,-0.45,91.67,0.27,-1.91,C0R760
保力,22.071122,120.764111,-0.27,21.67,-1.25,77.87,0.0,-0.24,C0R770
滿州,22.024403,120.839892,0.0,22.36,-6.06,74.0,0.0,-0.32,C0R780
九棚,22.14195,120.889281,-0.22,21.74,-6.01,76.93,0.23,-1.59,C0R790
丹路,22.204481,120.750989,-0.29,21.64,-0.72,73.87,0.1,0.07,C0R800
內獅,22.305064,120.642986,-0.79,21.64,9.21,94.27,0.0,-0.5,C0R810
白鷺,22.454275,120.666219,-0.5,18.69,-2.4,86.07,0.0,-0.06,C0R820
高士,22.121825,120.836781,-0.09,19.02,-5.12,86.47,0.37,-1.52,C0R830
牡丹池山,22.168389,120.841225,-0.23,17.69,-4.3,93.47,0.6,-1.61,C0R840
太麻里,22.60902,120.98533,0.65,18.27,1.1,83.33,0.2,-1.98,C0S690
知本,22.684866,121.005642,0.22,17.52,2.42,88.8,0.05,-3.15,C0S700
鹿野,22.917711,121.122994,0.7,18.11,1.19,84.87,0.0,-2.38,C0S710
綠島,22.6672,121.47533,0.6,21.3,5.94,91.2,0.4,-5.01,C0S730
池上,23.119628,121.209469,0.43,18.35,-0.19,85.4,0.17,-1.98,C0S740
大溪山,22.478475,120.943325,0.29,18.68,0.84,83.87,0.0,-2.52,C0S770
金崙,22.538122,120.966875,0.78,20.35,-1.38,79.73,0.0,-2.27,C0S790
東河,22.972672,121.303986,-0.41,20.75,1.48,79.6,0.1,-1.95,C0S810
長濱,23.286817,121.411975,0.7,19.74,-3.19,77.6,0.17,-2.65,C0S830
南田,22.279725,120.889208,0.38,22.51,17.98,95.6,0.0,-1.92,C0S840
關山,23.0395,121.175017,0.05,19.11,0.92,83.6,0.0,-0.65,C0S890
蘭嶼高中,22.04909,121.51214,-0.05,22.93,2.06,79.2,6.17,-3.28,C0S900
蘭嶼燈塔,22.081197,121.503117,0.12,21.27,-1.41,86.67,2.73,-2.7,C0S910
金峰嘉蘭,22.594789,120.960825,0.35,20.37,2.03,82.0,0.07,-1.11,C0S920
延平,22.902581,121.084058,0.15,19.26,2.24,81.07,0.0,-0.96,C0S930
石寧山,23.223772,121.406639,0.09,19.62,1.89,83.15,0.08,-1.78,C0S940
香蘭,22.587569,120.993375,0.57,21.87,6.13,77.8,0.0,-0.76,C0S960
加津林,22.416211,120.926942,0.65,22.33,0.67,71.73,0.0,-0.9,C0S970
勝林山,22.430439,120.8938,0.25,14.72,1.18,96.27,0.37,-2.13,C0S980
山豬窟,22.318619,120.857372,0.37,18.91,-1.15,81.93,0.0,-1.34,C0S990
歷坵,22.520969,120.89185,0.58,18.11,5.58,89.4,0.03,-0.38,C0SA00
檳榔四格山,22.810031,121.109308,0.64,18.67,0.89,85.6,0.0,-0.96,C0SA10
金崙山,22.567419,120.959667,0.45,15.26,-0.02,92.6,1.1,-0.68,C0SA20
都歷,23.020333,121.323642,1.01,21.14,19.92,95.33,0.0,-1.22,C0SA30
瑞和,22.974361,121.156697,0.23,19.15,11.38,92.0,0.0,-1.01,C0SA40
知本（水試所）,22.702394,121.082761,-0.47,21.38,-1.78,75.33,0.0,-0.12,C0SA60
土坂,22.453108,120.887572,1.28,21.09,1.2,80.67,0.03,-1.04,C0SA80
達仁林場,22.264347,120.823972,0.09,18.25,-5.69,86.6,0.0,-1.47,C0SA90
大禹嶺,24.186117,121.316086,0.33,6.5,-12.47,71.2,0.0,-3.4,C0T790
天祥,24.179597,121.495639,0.46,16.02,-1.17,85.93,0.0,-4.45,C0T820
鯉魚潭,23.935639,121.508944,-0.31,17.49,2.41,90.87,0.57,-3.47,C0T870
西林,23.8119,121.441458,0.6,18.61,2.23,86.6,0.63,-3.32,C0T900
光復,23.660694,121.424964,0.12,18.43,-1.45,88.8,1.63,-3.06,C0T960
月眉山,23.809928,121.539828,0.49,16.79,-0.59,92.27,0.67,-4.06,C0T9A0
水源,23.991861,121.537169,0.2,16.29,2.17,91.2,1.4,-3.89,C0T9B0
和中,24.26676,121.74103,-0.38,19.17,17.01,99.0,0.5,-5.76,C0T9D0
大坑,23.880628,121.581981,0.28,16.99,2.14,91.6,1.1,-3.25,C0T9E0
水璉,23.797131,121.542514,0.07,18.56,0.45,86.07,0.3,-3.78,C0T9F0
鳳林山,23.735269,121.420131,-0.59,16.0,-0.51,92.93,1.67,-3.95,C0T9G0
加路蘭山,23.682947,121.5274,0.45,15.37,2.66,97.73,1.43,-5.58,C0T9H0
靜浦,23.455167,121.495028,0.56,19.85,-1.87,83.33,1.93,-3.21,C0T9M0
雙連埤,24.753033,121.641303,-0.2,14.14,-1.53,95.2,4.6,-9.35,C0U520
礁溪,24.817539,121.765608,0.14,18.3,-4.57,84.67,1.93,-6.17,C0U600
玉蘭,24.675286,121.587061,-0.1,15.37,-6.08,85.33,5.83,-5.35,C0U650
太平山,24.505486,121.525656,0.59,8.13,2.27,93.8,4.53,-3.8,C0U710
南山,24.43742,121.38167,-0.63,11.39,-0.03,93.47,1.93,-3.39,C0U720
東澳,24.52196,121.83318,-0.54,18.09,7.83,98.4,6.5,-10.29,C0U760
南澳,24.44935,121.81022,-0.13,19.14,-1.31,80.2,1.13,-5.5,C0U770
五結,24.68637,121.79794,-0.21,17.66,-0.64,86.27,3.63,-18.12,C0U780
頭城,24.85323,121.8308,0.04,18.52,-1.39,86.2,3.07,-4.62,C0U860
大礁溪,24.791042,121.675047,-0.02,15.37,3.09,93.6,2.87,-9.71,C0U870
三星,24.66812,121.65302,-0.1,17.29,6.35,96.2,3.37,-12.33,C0U890
內城,24.71813,121.68766,0.21,17.9,-1.55,88.2,3.63,-10.02,C0U900
冬山,24.63373,121.7937,0.31,18.23,8.69,97.33,4.63,-27.68,C0U910
羅東,24.68184,121.74934,0.47,17.95,-2.26,87.53,2.8,-18.99,C0U940
鶯子嶺,24.89754,121.79244,-0.28,11.47,0.97,98.6,9.1,-8.54,C0U950
翠峰湖,24.510856,121.608044,-0.41,7.72,-4.26,91.27,3.87,-7.56,C0U960
大福,24.80064,121.81389,-0.24,18.11,-5.57,83.4,3.47,-7.39,C0U970
坪林石牌,24.86478,121.77396,-0.01,14.47,-0.09,96.0,3.53,-4.92,C0U980
員山,24.74435,121.72247,0.01,18.07,0.17,88.33,1.93,-13.14,C0U990
土場,24.576533,121.495333,-0.38,15.72,-3.93,89.27,0.8,-5.59,C0UA00
鴛鴦湖,24.590269,121.412228,-0.54,8.63,0.71,98.07,6.6,-11.36,C0UA10
白嶺,24.527819,121.519031,-0.72,10.23,1.35,97.0,7.93,-0.72,C0UA30
西德山,24.560647,121.752608,-0.82,11.45,2.76,98.0,12.73,-15.3,C0UA40
西帽山,24.555361,121.802628,-0.81,12.95,-0.55,96.13,22.87,-20.23,C0UA50
樟樹山,24.41393,121.78325,-0.4,15.42,8.4,98.07,1.53,-6.92,C0UA60
桃源谷,24.962606,121.888875,-0.53,14.41,2.55,97.87,13.97,-14.29,C0UA70
復興,23.222403,120.806089,-0.31,17.98,0.82,78.53,0.0,-1.32,C0V210
美濃,22.898742,120.519153,1.11,21.67,-4.02,76.67,0.0,-0.75,C0V310
溪埔,22.738578,120.446797,-0.11,20.71,0.45,79.87,0.0,-0.77,C0V350
內門,22.975481,120.466769,1.09,20.64,-1.7,79.53,0.0,-0.57,C0V360
古亭坑,22.893178,120.401947,-0.07,19.51,0.43,83.6,0.0,-0.7,C0V370
阿公店,22.804194,120.355528,-0.49,19.65,-1.95,78.2,0.0,-0.35,C0V400
鳳山,22.646653,120.356122,-0.15,21.13,5.94,80.13,0.0,-0.57,C0V440
鳳森,22.545064,120.392592,0.07,21.31,-2.14,73.27,0.0,-0.52,C0V450
新興,22.627422,120.298803,0.42,21.64,-2.57,70.4,0.0,-0.49,C0V490
阿蓮,22.883208,120.327508,0.94,21.18,-9.52,71.0,0.0,-0.57,C0V530
梓官,22.760558,120.267211,0.68,20.77,-0.47,73.4,0.0,-0.37,C0V610
永安,22.82315,120.236856,-0.16,20.26,-2.78,74.73,0.0,-0.51,C0V620
茄萣,22.906642,120.182608,0.26,20.46,2.3,76.2,0.0,-0.38,C0V630
湖內,22.887139,120.2445,-0.21,20.08,-2.8,73.93,0.0,-0.46,C0V640
彌陀,22.783806,120.246361,0.38,21.1,-1.47,75.0,0.0,-0.44,C0V650
岡山,22.797078,120.294958,0.48,21.39,-1.63,72.47,0.0,-0.48,C0V660
仁武,22.701083,120.347722,-0.25,20.97,4.42,80.8,0.0,-0.56,C0V680
鼓山,22.623325,120.275575,-0.25,20.94,-0.66,75.13,0.0,-0.49,C0V690
三民,22.645017,120.311233,-0.09,21.68,1.26,71.73,0.0,-0.46,C0V700
苓雅,22.622742,120.330669,0.48,22.11,5.52,75.53,0.0,-0.51,C0V710
林園,22.507747,120.394511,0.66,23.13,0.08,70.67,0.0,-0.51,C0V720
大寮,22.605614,120.395717,-0.23,21.5,0.15,73.27,0.0,-0.72,C0V730
旗山,22.888614,120.483597,0.58,21.19,-0.5,76.87,0.0,-0.4,C0V740
路竹,22.854997,120.259439,0.55,21.27,-1.84,73.8,0.0,-0.59,C0V750
橋頭,22.757806,120.30575,-0.05,21.15,-1.78,73.6,0.0,-0.39,C0V760
大社,22.730306,120.346639,-0.34,20.55,3.69,78.4,0.0,-0.46,C0V770
萬山,22.905944,120.688056,-0.03,19.67,-1.3,77.2,0.0,-0.95,C0V790
六龜,22.997889,120.633583,-0.06,20.61,3.14,82.33,0.0,-0.9,C0V800
左營,22.67491,120.28491,-0.4,20.61,-4.75,74.27,0.0,-0.29,C0V810
小林,23.148408,120.63325,0.04,19.17,1.09,82.53,0.0,-1.1,C0V820
東莒,25.9652,119.98069,1.11,15.4,0.2,74.93,0.0,-0.57,C0W110
金沙,24.488292,118.408778,0.42,17.04,-2.21,64.8,0.0,-0.27,C0W140
金寧,24.457703,118.328989,0.52,17.79,-1.02,66.4,0.0,-0.24,C0W150
東河,23.296598,120.385608,-0.3,19.51,-8.0,72.8,0.0,-0.6,C0X050
下營,23.22695,120.256261,0.16,19.69,-7.3,73.07,0.0,-0.54,C0X060
佳里,23.173039,120.145086,0.23,19.83,-1.11,77.6,0.0,-0.77,C0X080
臺南市北區,23.010394,120.194228,0.13,20.41,3.68,78.13,0.0,-0.49,C0X100
臺南市南區,22.961189,120.188378,-0.32,20.44,0.43,74.13,0.0,-0.5,C0X110
麻豆,23.183289,120.248611,0.67,20.54,1.99,81.53,0.0,-0.55,C0X120
官田,23.193217,120.315422,0.18,20.32,-1.61,76.4,0.0,-0.58,C0X130
西港,23.125608,120.203108,-0.15,19.72,2.07,80.93,0.0,-0.64,C0X140
安定,23.102614,120.227839,0.26,19.85,0.62,82.47,0.0,-0.44,C0X150
仁德,22.968258,120.257689,-0.0,20.53,0.68,76.15,0.0,-0.53,C0X160
關廟,22.963017,120.327797,-0.98,19.27,3.01,79.47,0.0,-0.62,C0X170
山上,23.0757,120.363253,0.36,20.01,-2.84,78.8,0.0,-0.74,C0X180
安平,22.993161,120.152181,-0.03,20.11,-3.04,75.0,0.0,-0.43,C0X190
左鎮,23.056758,120.408522,1.0,20.17,-5.01,79.07,0.0,-0.79,C0X200
白河,23.347466,120.414427,-0.28,19.55,-3.97,75.0,0.0,-0.67,C0X210
學甲,23.230367,120.182187,0.15,19.6,-1.38,77.13,0.0,-0.53,C0X220
鹽水,23.272621,120.247641,-0.13,19.22,-3.2,77.73,0.0,-0.62,C0X230
關子嶺,23.331169,120.508025,-0.62,17.41,0.74,87.87,0.0,-0.89,C0X240
新營,23.310689,120.316681,-0.09,19.67,-0.99,76.87,0.0,-0.6,C0X250
後壁,23.366358,120.362326,-0.11,19.45,-4.83,74.8,0.0,-0.64,C0X260
將軍,23.214999,120.13577,-0.18,19.37,-1.59,77.2,0.0,-0.4,C0X280
北門,23.267772,120.125481,0.04,19.67,1.33,80.53,0.0,-0.45,C0X290
鹿寮,23.386047,120.477331,-0.25,19.17,2.17,85.53,0.0,-0.51,C0X300
柳營,23.253328,120.375253,-0.97,19.74,-3.04,74.13,0.0,-0.12,C0X320
明里,23.208717,121.262342,0.51,18.37,2.38,87.6,0.27,-1.72,C0Z020
佳心,23.34567,121.21316,0.24,14.72,8.79,98.13,0.0,-3.26,C0Z050
玉里,23.3215,121.339656,0.52,18.55,2.78,89.0,0.23,-3.56,C0Z061
舞鶴,23.46811,121.37407,0.53,17.94,7.9,98.93,0.53,-3.14,C0Z070
富源,23.587642,121.378225,0.54,17.74,-2.1,90.73,2.0,-1.92,C0Z080
東華,23.89525,121.549833,0.13,19.24,2.41,88.33,0.07,-2.3,C0Z100
吉安光華,23.930925,121.595153,0.08,19.79,-16.28,72.13,0.07,-1.57,C0Z150
鳳林,23.746114,121.453411,-0.22,18.6,-4.31,82.13,0.57,-1.53,C0Z160
卓溪,23.3443,121.3029,-0.37,18.53,2.01,84.07,0.37,-1.15,C0Z170
富世,24.14743,121.6297,-0.14,19.77,-1.95,80.47,0.33,-1.44,C0Z190
萬榮,23.709219,121.420106,-0.17,18.35,-2.35,84.53,1.2,-1.07,C0Z200
瑞穗,23.5239,121.39021,0.2,18.55,2.41,89.47,1.53,-0.72,C0Z210
和平林道,24.343922,121.656317,-0.69,15.48,-1.69,88.33,0.73,-2.92,C0Z220
和平,24.30717,121.77007,-0.71,19.23,2.32,74.2,0.4,-4.34,C0Z230
瑞穗林道,23.49284,121.30688,1.45,14.47,1.14,97.2,5.23,-0.27,C0Z250
蕃薯寮,23.73835,121.540108,0.17,17.59,-5.46,85.0,0.27,-5.56,C0Z270
德武,23.47426,121.41071,-0.27,18.11,-1.06,88.87,0.9,-1.23,C0Z280
赤柯山,23.36893,121.38293,-0.04,13.91,2.73,97.47,1.27,-4.14,C0Z290
東里,23.26853,121.30547,0.02,18.67,-4.53,85.53,0.07,-1.43,C0Z300
清水斷崖,24.218294,121.689142,-0.76,19.41,2.48,81.4,0.9,-1.19,C0Z310
清水林道,23.27125,121.188272,-0.31,15.47,-0.04,89.67,2.53,-0.78,C0Z320
安通山,23.290728,121.348528,-0.87,16.29,2.44,91.6,0.37,-1.63,C0Z330
口湖工作站,23.589978,120.180394,0.14,19.31,-1.27,72.2,0.0,-0.66,12J990
東港工作站,22.479997,120.466058,-0.32,21.71,-4.51,64.33,0.0,-0.18,12Q970
恆春工作站,22.079678,120.714425,0.02,22.99,0.99,64.07,0.0,-0.14,12Q980
萬大發電廠,23.978875,121.139639,-1.11,15.23,-7.58,74.93,0.0,-0.87,42HA10
桃改樹林分場,24.944503,121.386972,-0.43,17.99,-7.81,75.8,1.43,-3.35,72AI40
桃園農改場,24.950944,121.030583,0.68,18.37,-1.1,78.46,0.54,-1.96,72C440
桃改五峰分場,24.612194,121.157167,0.25,13.15,-1.39,84.47,0.63,-2.91,72D080
桃改新埔分場,24.834444,121.066111,-0.06,17.92,-5.6,76.87,0.03,-1.47,72D680
臺中農改場,24.003028,120.534389,0.09,18.99,1.82,79.2,0.0,-1.3,72G600
中改埔里分場,23.903208,120.963364,-1.12,16.46,-1.85,85.0,0.0,-1.13,72HA00
南改斗南分場,23.634556,120.477333,0.39,19.24,-1.33,77.4,0.07,-1.1,72K220
南改義竹分場,23.360694,120.279361,0.13,19.13,-3.36,76.47,0.0,-0.82,72M360
南改鹿草分場,23.416869,120.283061,-0.1,19.25,-1.4,76.4,0.0,-0.86,72M700
臺南農改場,23.0605,120.342194,-0.52,19.31,2.16,81.0,0.0,-0.71,72N100
七股研究中心,23.081672,120.062894,0.43,19.89,-1.58,78.4,0.03,-0.4,72N240
高雄農改場,22.709333,120.525889,-0.06,21.21,2.75,79.67,0.0,-0.84,72Q010
東改班鳩分場,22.829528,121.077694,0.32,19.27,-1.51,77.4,0.0,-2.35,72S200
東改賓朗果園,22.813889,121.071278,0.16,19.01,-3.9,80.13,0.03,-2.53,72S590
花蓮農改場,23.975222,121.563889,0.14,19.32,0.21,81.08,0.58,-2.52,72T250
花改蘭陽分場,24.686306,121.716583,0.1,17.95,1.31,85.27,3.6,-7.85,72U480
高改旗南分場,22.857861,120.516667,-0.65,20.15,4.21,78.2,0.0,-0.65,72V140
茶改北部分場,24.955778,121.631222,-0.13,15.27,2.64,89.2,2.9,-4.57,82A750
茶改場,24.908472,121.185333,0.17,16.96,-2.03,80.13,0.43,-3.4,82C160
茶改中部分場,23.875611,120.913583,-0.73,16.23,-0.99,81.67,0.0,-1.58,82H320
茶改南部分場,23.762528,120.7405,-0.81,16.99,-2.85,83.13,0.0,-1.64,82H840
茶改東部分場,22.907694,121.130139,-0.19,19.16,0.52,78.8,0.0,-2.18,82S580
農工中心,24.985917,121.239833,0.75,18.0,-0.95,74.53,0.07,-3.0,A2C560
水試臺西試驗場,23.717231,120.190522,-0.32,19.77,0.47,80.27,0.0,-0.81,A2K360
臺大雲林校區,23.730628,120.423903,-0.46,18.83,-1.92,77.87,0.0,-0.26,A2K630
臺南蘭花園區,23.340258,120.379661,-0.36,19.54,-1.27,77.4,0.0,-0.08,A2N290
畜試北區分所,24.527806,120.770972,-0.62,17.41,-0.18,80.27,0.0,-1.57,B2E890
畜產試驗所,23.058972,120.336406,-0.13,19.22,1.82,81.33,0.0,-0.76,B2N890
畜試南區分所,21.945583,120.802167,0.12,22.73,-3.73,68.73,0.0,-1.23,B2Q810
畜試東區分所,24.669039,121.832561,-0.01,18.07,0.83,91.0,4.03,-40.57,B2U990
蓮華池,23.918333,120.885278,-0.54,16.19,-1.61,85.07,0.0,-1.58,E2H360
林試畢祿溪站,24.226944,121.308522,-2.3,7.45,-1.4,78.87,0.0,-2.37,E2HA20
四湖植物園,23.676986,120.163433,0.09,19.75,1.53,86.27,0.0,-0.8,E2K600
林試六龜中心,22.991703,120.645722,-1.03,19.52,2.81,83.27,0.0,-0.15,E2P980
林試太麻里2,22.598,120.99775,-0.58,21.25,-1.17,74.13,0.0,-0.24,E2S960
林試太麻里1,22.598922,120.980044,-0.24,20.48,-0.66,77.73,0.23,-0.11,E2S980
農試所(霧峰),24.031261,120.688133,0.05,19.12,1.12,79.73,0.0,-1.25,G2F820
農試嘉義分所,23.485028,120.473806,-0.18,18.55,-1.59,78.45,0.0,-1.28,G2L020
農試溪口農場,23.58565,120.408111,-0.27,19.46,-6.92,75.13,0.0,-1.5,G2M350
農試鳳山分所,22.646611,120.356083,-0.39,20.89,0.21,73.27,0.0,-0.95,G2P820
苗栗農改場,24.495722,120.829111,-0.29,17.07,0.59,81.07,0.0,-1.74,K2E360
苗改生物防治研究中心,24.422861,120.871833,-1.12,15.71,-3.16,81.73,0.0,-1.66,K2E710
種苗改良場,24.225972,120.800917,-0.23,16.18,6.02,84.73,0.0,-1.96,K2F750
溪頭,23.670306,120.798194,-0.52,13.31,1.13,87.8,0.0,-1.74,U2H480
臺大和社,23.590856,120.888864,-0.44,16.21,-0.79,81.07,0.03,-1.01,U2HA30
臺大內茅埔,23.689722,120.851117,-0.96,17.03,-3.51,79.13,0.0,-1.11,U2HA40
臺大竹山,23.756972,120.681556,-0.65,18.96,-4.36,75.47,0.0,-0.89,U2HA50
臺大竹山,23.756972,120.681556,-0.65,18.96,-4.36,75.47,0.0,-0.89,U2HA50
臺大內茅埔,23.689722,120.851117,-0.96,17.03,-3.51,79.13,0.0,-1.11,U2HA40
臺大和社,23.590856,120.888864,-0.44,16.21,-0.79,81.07,0.03,-1.01,U2HA30
臺大溪頭,23.670306,120.798194,-0.52,13.31,1.13,87.8,0.0,-1.74,U2H480
種苗繁殖,24.225972,120.800917,-0.23,16.18,6.02,84.73,0.0,-1.96,K2F750
苗改生物防治研究中心,24.422861,120.871833,-1.12,15.71,-3.16,81.73,0.0,-1.66,K2E710
苗栗農改,24.495722,120.829111,-0.29,17.07,0.59,81.07,0.0,-1.74,K2E360
農試鳳山分所,22.646611,120.356083,-0.39,20.89,0.21,73.27,0.0,-0.95,G2P820
農試溪口農場,23.58565,120.408111,-0.27,19.46,-6.92,75.13,0.0,-1.5,G2M350
農試嘉義分所,23.485028,120.473806,-0.18,18.55,-1.59,78.45,0.0,-1.28,G2L020
農業試驗所,24.031261,120.688133,0.05,19.12,1.12,79.73,0.0,-1.25,G2F820
林試太麻里1,22.598922,120.980044,-0.24,20.48,-0.66,77.73,0.23,-0.11,E2S980
林試太麻里2,22.598014,120.989761,-0.58,21.25,-1.17,74.13,0.0,-0.24,E2S960
林試六龜中心,22.991703,120.645722,-1.03,19.52,2.81,83.27,0.0,-0.15,E2P980
四湖植物園,23.676986,120.163433,0.09,19.75,1.53,86.27,0.0,-0.8,E2K600
林試畢祿溪站,24.226944,121.308522,-2.3,7.45,-1.4,78.87,0.0,-2.37,E2HA20
蓮華池,23.918333,120.885278,-0.54,16.19,-1.61,85.07,0.0,-1.58,E2H360
畜試東區分所,24.669039,121.832561,-0.01,18.07,0.83,91.0,4.03,-40.57,B2U990
畜試南區分所,21.945583,120.802167,0.12,22.73,-3.73,68.73,0.0,-1.23,B2Q810
畜試所,23.058972,120.336406,-0.13,19.22,1.82,81.33,0.0,-0.76,B2N890
畜試北區分所,24.527806,120.770972,-0.62,17.41,-0.18,80.27,0.0,-1.57,B2E890
臺南蘭花園區,23.340258,120.379661,-0.36,19.54,-1.27,77.4,0.0,-0.08,A2N290
臺大雲林校區,23.730628,120.423903,-0.46,18.83,-1.92,77.87,0.0,-0.26,A2K630
水試臺西試驗場,23.717231,120.190522,-0.32,19.77,0.47,80.27,0.0,-0.81,A2K360
農工中心,24.985917,121.239833,0.75,18.0,-0.95,74.53,0.07,-3.0,A2C560
茶改東部分場,22.907694,121.130139,-0.19,19.16,0.52,78.8,0.0,-2.18,82S580
茶改南部分場,23.762528,120.7405,-0.81,16.99,-2.85,83.13,0.0,-1.64,82H840
茶改中部分場,23.875611,120.913583,-0.73,16.23,-0.99,81.67,0.0,-1.58,82H320
茶改場,24.908472,121.185333,0.17,16.96,-2.03,80.13,0.43,-3.4,82C160
茶改北部分場,24.955778,121.631222,-0.13,15.27,2.64,89.2,2.9,-4.57,82A750
高改旗南分場,22.857861,120.516667,-0.65,20.15,4.21,78.2,0.0,-0.65,72V140
花改蘭陽分場,24.686306,121.716583,0.1,17.95,1.31,85.27,3.6,-7.85,72U480
花蓮農改,23.975222,121.563889,0.14,19.32,0.21,81.08,0.58,-2.52,72T250
東改賓朗果園,22.813889,121.071278,0.16,19.01,-3.9,80.13,0.03,-2.53,72S590
東改班鳩分場,22.829528,121.077694,0.32,19.27,-1.51,77.4,0.0,-2.35,72S200
高雄農改,22.709333,120.525889,-0.06,21.21,2.75,79.67,0.0,-0.84,72Q010
七股研究中心,23.081672,120.062894,0.43,19.89,-1.58,78.4,0.03,-0.4,72N240
臺南農改,23.0605,120.342194,-0.52,19.31,2.16,81.0,0.0,-0.71,72N100
南改鹿草分場,23.416869,120.283061,-0.1,19.25,-1.4,76.4,0.0,-0.86,72M700
南改義竹分場,23.360694,120.279361,0.13,19.13,-3.36,76.47,0.0,-0.82,72M360
南改斗南分場,23.634556,120.477333,0.39,19.24,-1.33,77.4,0.07,-1.1,72K220
中改埔里分場,23.903208,120.963364,-1.12,16.46,-1.85,85.0,0.0,-1.13,72HA00
臺中農改,24.003028,120.534389,0.09,18.99,1.82,79.2,0.0,-1.3,72G600
桃改新埔分場,24.834444,121.066111,-0.06,17.92,-5.6,76.87,0.03,-1.47,72D680
桃改五峰分場,24.612194,121.157167,0.25,13.15,-1.39,84.47,0.63,-2.91,72D080
桃園農改,24.950944,121.030583,0.68,18.37,-1.1,78.46,0.54,-1.96,72C440
桃改樹林分場,24.944503,121.386972,-0.43,17.99,-7.81,75.8,1.43,-3.35,72AI40
萬大發電廠,23.978875,121.139639,-1.11,15.23,-7.58,74.93,0.0,-0.87,42HA10
恆春工作站,22.079678,120.714425,0.02,22.99,0.99,64.07,0.0,-0.14,12Q980
東港工作站,22.479997,120.466058,-0.32,21.71,-4.51,64.33,0.0,-0.18,12Q970
口湖工作站,23.589978,120.180394,0.14,19.31,-1.27,72.2,0.0,-0.66,12J990
