站名,緯度,經度,平均溫距平,本年度平均溫,平均溼度距平,本年度日均相對溼度,本年度日均降水量,日均降水量距平,站號
淡水,25.164889,121.448906,1.26,25.61,2.66,80.25,9.1,3.48,466900
鞍部,25.182586,121.529731,1.38,19.89,6.31,97.28,61.26,38.9,466910
臺北,25.037658,121.514853,1.35,26.57,4.83,79.06,4.65,-0.85,466920
竹子湖,25.162078,121.544547,1.52,21.78,5.58,92.11,40.56,18.57,466930
基隆,25.133314,121.740475,1.03,25.84,7.98,83.2,41.42,28.51,466940
花蓮,23.975128,121.613275,0.67,26.04,6.24,81.56,10.63,-3.13,466990
新屋,25.006744,121.047486,0.72,25.78,6.59,82.6,2.71,0.09,467050
宜蘭,24.763975,121.756528,1.28,25.69,7.93,87.06,12.05,-3.16,467080
金門,24.407306,118.289281,0.27,25.12,10.39,77.28,0.01,-1.12,467110
田中,23.873803,120.581286,0.5,27.01,11.08,85.89,0.2,0.2,467270
澎湖,23.565503,119.563094,0.37,26.43,8.7,83.44,0.55,-0.5,467350
臺南,22.993239,120.204772,0.4,27.43,6.02,78.75,5.18,3.94,467410
永康,23.038386,120.2367,0.73,27.21,8.01,80.56,4.98,3.6,467420
嘉義,23.495925,120.432906,0.95,26.6,6.82,84.67,0.37,-1.02,467480
臺中,24.145736,120.684075,1.15,27.36,5.37,75.6,0.1,-1.04,467490
阿里山,23.508208,120.813242,0.41,13.32,5.97,94.11,6.86,0.81,467530
大武,22.355675,120.903789,0.44,26.86,6.31,79.61,29.79,22.03,467540
玉山,23.487614,120.959522,-0.02,6.96,5.71,72.78,8.65,3.36,467550
新竹,24.827853,121.014219,1.18,26.4,6.63,79.22,0.48,-1.57,467571
恆春,22.003897,120.746339,0.41,27.34,6.25,77.5,14.82,10.52,467590
成功,23.097486,121.373428,0.61,26.3,6.16,80.8,15.95,5.88,467610
日月潭,23.881325,120.90805,1.12,22.18,5.09,87.61,0.62,-1.28,467650
臺東,22.752211,121.154586,0.48,26.72,5.22,78.44,23.45,15.28,467660
馬祖,26.169269,119.923419,-0.23,22.79,12.53,88.44,2.78,1.39,467990
山佳,24.974944,121.402008,1.72,26.64,1.05,79.15,2.65,-1.35,C0A520
坪林,24.938183,121.70975,1.87,23.48,-5.04,87.4,11.48,-3.97,C0A530
泰平,24.971197,121.823711,1.71,22.4,3.41,97.95,38.8,11.73,C0A550
桶後,24.848222,121.597992,1.81,22.86,-1.36,92.6,10.28,-5.2,C0A570
石碇,24.993969,121.662917,2.61,24.79,-5.15,85.4,12.58,-3.69,C0A640
大坪,25.165914,121.632969,2.09,23.54,4.09,95.83,69.44,46.51,C0A860
五指山,25.132153,121.608692,1.31,20.7,2.48,97.95,41.02,24.57,C0A870
雙溪,25.036003,121.864242,2.87,26.05,-0.08,89.33,34.17,17.77,C0A890
三和,25.233153,121.595236,1.56,24.49,3.04,90.94,55.19,38.59,C0A931
金山,25.223628,121.643967,1.51,25.71,4.93,86.94,30.83,24.02,C0A940
鼻頭角,25.129036,121.923372,1.7,26.25,5.33,88.67,19.58,14.9,C0A950
三貂角,25.007606,122.002058,1.36,25.61,6.77,89.06,16.92,8.21,C0A970
社子,25.109508,121.469681,1.95,27.17,5.17,79.28,4.67,0.82,C0A980
天母,25.117494,121.537169,1.46,26.52,-0.69,72.83,5.36,-0.33,C0A9C0
內湖,25.079422,121.57545,1.0,26.01,17.96,95.22,7.36,1.81,C0A9F0
大屯山,25.175675,121.522408,1.71,18.79,-2.0,94.94,33.92,16.17,C0AC40
三峽,24.939025,121.369728,2.72,27.71,0.26,77.67,3.83,-1.94,C0AC60
信義,25.037822,121.564597,2.47,27.05,3.76,82.72,11.17,3.54,C0AC70
文山,25.00235,121.575728,1.4,25.62,-0.9,81.5,9.83,0.97,C0AC80
新莊,25.051478,121.446756,0.95,26.42,4.78,77.33,4.42,0.44,C0ACA0
八里,25.150211,121.403947,1.31,26.46,10.27,84.5,4.31,0.76,C0AD10
蘆洲,25.086594,121.472331,1.73,27.52,1.88,74.65,4.05,1.05,C0AD30
土城,24.973208,121.445169,1.4,25.9,3.88,81.83,4.69,-0.69,C0AD40
鶯歌,24.951533,121.346294,1.7,26.41,-1.68,78.5,2.25,-2.29,C0AD50
汐止,25.066881,121.658778,1.66,26.16,2.12,85.17,23.81,9.85,C0AH00
永和,25.01125,121.508111,2.06,27.27,3.45,78.22,6.28,0.69,C0AH10
五分山,25.07125,121.780794,1.7,21.42,0.32,97.72,49.42,13.64,C0AH30
平等,25.129142,121.577086,1.03,23.34,-3.27,85.05,19.23,4.22,C0AH40
林口,25.072181,121.38084,1.55,24.84,-4.27,84.67,4.64,0.5,C0AH50
松山,25.04871,121.55042,1.14,26.28,-0.31,71.0,7.06,-0.22,C0AH70
深坑,25.002703,121.628328,2.96,26.43,-2.16,84.89,11.86,1.16,C0AH80
福山植物園,24.760717,121.58135,2.01,21.03,4.31,97.78,17.28,-6.13,C0AH90
五股,25.07445,121.42728,1.49,24.67,-3.3,83.1,3.85,1.79,C0AI00
屈尺,24.92184,121.54475,2.95,25.77,-12.24,74.0,7.33,-0.71,C0AI10
白沙灣,25.283128,121.519058,0.91,25.32,1.45,88.0,12.39,10.92,C0AI20
三重,25.057328,121.500629,1.43,26.74,0.1,79.1,2.48,2.21,C0AI30
石牌,25.115597,121.513139,2.31,28.08,8.18,74.8,3.4,3.01,C0AI40
七堵,25.094819,121.71713,2.84,26.57,0.65,86.05,38.6,25.29,C0B010
基隆嶼,25.19141,121.78391,1.72,25.05,16.18,95.61,16.89,14.54,C0B020
復興,24.820208,121.352281,1.49,23.6,2.08,81.3,2.15,-3.92,C0C460
桃園,24.992425,121.323172,1.52,26.36,2.56,75.89,4.89,0.78,C0C480
八德,24.928708,121.283289,1.42,25.86,0.81,76.33,3.86,0.01,C0C490
觀音,25.027072,121.153317,0.97,25.14,6.38,84.06,4.83,1.58,C0C590
蘆竹,25.084275,121.265767,1.05,25.63,7.6,85.06,5.33,2.03,C0C620
大溪,24.882853,121.265547,1.41,24.94,4.37,80.8,1.95,-1.43,C0C630
平鎮,24.897503,121.214636,1.7,24.89,-0.35,79.39,2.11,-1.23,C0C650
龍潭,24.870056,121.221389,1.01,24.25,1.86,79.94,4.0,0.29,C0C670
龜山,25.02846,121.38656,1.85,24.91,1.53,83.22,6.44,1.45,C0C680
中壢,24.977661,121.256375,2.18,25.63,1.57,77.56,4.17,2.2,C0C700
大溪永福,24.892936,121.324975,1.54,24.92,1.06,84.8,5.45,4.27,C0C710
梅花,24.678347,121.208558,1.76,23.72,5.62,86.0,3.09,-2.54,C0D360
峨眉,24.6905,121.017189,0.9,25.14,5.63,85.61,3.31,1.5,C0D430
打鐵坑,24.849664,121.150789,1.04,24.13,0.94,84.95,3.02,-0.24,C0D480
橫山,24.71116,121.11693,0.44,23.81,7.52,90.28,2.39,-0.66,C0D540
雪霸,24.526972,121.11605,0.61,16.36,0.55,84.78,8.06,2.15,C0D550
竹東,24.767147,121.057881,1.83,26.14,4.18,75.94,1.0,-0.67,C0D560
寶山,24.735006,121.025192,1.13,24.88,6.24,85.44,1.64,-0.16,C0D580
新豐,24.87068,120.97721,1.36,25.46,14.99,93.43,1.1,-1.16,C0D590
湖口,24.904794,121.043628,0.55,25.14,2.37,78.17,1.17,-0.61,C0D650
新竹市東區,24.798681,120.986942,0.41,25.68,4.88,77.83,0.39,-1.09,C0D660
竹南,24.708978,120.888897,0.98,25.96,10.27,83.67,0.58,-0.79,C0E420
南庄,24.601775,121.000214,1.29,24.12,9.89,93.2,1.75,-1.17,C0E430
明德,24.583486,120.885411,1.27,25.88,5.47,82.44,3.08,1.91,C0E550
通霄,24.471892,120.704622,0.73,25.59,7.07,84.83,0.61,-0.13,C0E590
馬都安,24.451272,120.930192,1.03,21.66,3.01,88.88,1.5,-1.26,C0E610
頭份,24.688247,120.912206,1.7,27.11,7.93,78.33,1.39,0.17,C0E730
造橋,24.637056,120.864778,0.48,25.71,6.53,82.67,2.11,0.77,C0E740
苗栗,24.564569,120.824575,0.78,26.14,3.06,74.22,1.31,0.32,C0E750
銅鑼,24.489681,120.790853,0.61,25.16,17.23,94.22,2.33,1.4,C0E780
西湖,24.562947,120.7485,0.84,25.33,7.15,86.5,1.69,0.78,C0E810
獅潭,24.539133,120.920042,-0.11,23.1,-0.93,83.94,2.56,0.87,C0E820
苑裡,24.439714,120.653053,0.22,25.87,6.49,81.22,0.22,-0.45,C0E830
大河,24.618069,120.948578,-0.75,23.81,5.24,86.11,3.86,2.1,C0E850
高鐵苗栗,24.60725,120.826094,0.48,25.89,17.52,90.0,2.53,1.92,C0E870
石岡,24.276061,120.777644,0.74,25.37,5.99,86.56,2.78,2.04,C0F0B0
中坑,24.248517,120.903319,1.17,22.0,-2.43,89.14,1.93,0.04,C0F0C0
審馬陣,24.381675,121.4203,0.58,10.12,13.69,86.5,9.81,7.31,C0F0D0
東勢,24.246428,120.833047,1.82,25.86,2.98,80.39,2.61,2.02,C0F850
大坑,24.173142,120.722289,1.72,27.69,7.3,77.72,0.08,-0.51,C0F970
神岡,24.272481,120.658314,1.71,26.48,-1.48,75.5,0.08,-0.49,C0F9I0
大安,24.345061,120.588025,0.58,25.74,6.0,84.0,0.15,-0.42,C0F9K0
后里,24.310436,120.729725,1.35,25.91,6.01,83.17,0.56,0.0,C0F9L0
豐原,24.254322,120.720692,1.98,26.86,4.53,77.78,0.42,-0.11,C0F9M0
大里,24.092464,120.701378,1.28,28.36,-2.97,65.61,0.11,-0.54,C0F9N0
潭子,24.213106,120.703933,0.8,26.93,7.78,78.17,0.22,-0.36,C0F9O0
清水,24.312297,120.562242,0.6,26.01,5.38,83.5,0.06,-0.54,C0F9P0
外埔,24.347817,120.705686,1.74,26.39,3.6,83.67,0.28,-0.34,C0F9Q0
龍井,24.184536,120.528972,0.79,26.57,2.53,80.22,0.08,-0.35,C0F9R0
烏日,24.107058,120.624103,0.69,27.1,5.37,74.75,0.1,-0.52,C0F9S0
西屯,24.179494,120.641275,0.65,26.38,5.8,77.61,0.08,-0.53,C0F9T0
南屯,24.137006,120.637969,0.41,27.19,6.78,74.94,0.08,-0.51,C0F9U0
新社,24.200172,120.815806,1.08,24.19,5.36,86.67,1.0,0.31,C0F9V0
大雅(中科園區),24.21528,120.62445,0.12,25.61,5.29,82.44,0.06,-0.73,C0F9X0
桃山,24.432739,121.303808,-0.0,9.17,10.4,89.67,7.86,3.04,C0F9Y0
雪山東峰,24.388792,121.268675,-0.07,9.94,11.4,88.39,6.75,0.88,C0F9Z0
芬園,24.015678,120.6213,0.38,25.89,11.38,88.4,0.15,-0.56,C0G620
溪湖,23.94835,120.479122,2.46,28.28,17.12,94.06,0.14,-0.45,C0G660
溪州,23.851589,120.499093,0.82,26.74,-0.64,77.5,0.11,-0.97,C0G720
二林,23.903325,120.376081,0.56,26.18,3.37,87.11,0.08,-0.37,C0G730
大城,23.852487,120.320935,0.87,26.66,-9.2,69.5,0.05,-0.87,C0G740
福興,24.041289,120.437669,1.08,27.61,2.17,76.22,0.11,-0.35,C0G770
秀水,24.03405,120.503869,0.74,27.08,6.12,81.5,0.14,-0.33,C0G780
埔鹽,24.000394,120.431683,2.19,27.71,7.43,85.33,0.14,-0.29,C0G800
埔心,23.947633,120.525456,0.94,27.18,24.53,99.22,0.17,-0.44,C0G810
田尾,23.901669,120.509389,1.38,27.49,5.65,85.33,0.17,-0.55,C0G820
埤頭,23.866003,120.452806,1.18,26.64,14.43,99.5,0.08,-0.46,C0G830
社頭,23.897647,120.5862,1.25,27.97,10.79,81.94,0.14,-0.74,C0G860
二水,23.810742,120.6173,2.07,28.1,5.13,82.45,0.22,-0.71,C0G880
伸港,24.148933,120.484403,0.55,26.47,3.81,79.72,0.08,-0.3,C0G890
線西,24.143358,120.443536,0.39,26.6,2.17,81.6,0.08,-0.29,C0G900
花壇,24.032076,120.549461,2.33,28.77,11.84,82.55,0.08,0.08,C0G910
埔里,23.972169,120.952425,1.14,26.14,-1.47,77.11,1.83,-0.06,C0H890
草屯,23.973672,120.68085,0.75,27.04,4.18,76.94,0.14,-0.5,C0H960
昆陽,24.121322,121.273642,0.7,10.39,8.75,89.8,8.5,3.98,C0H990
神木村,23.532742,120.843667,0.97,18.42,3.02,92.44,7.61,3.08,C0H9A0
合歡山,24.143442,121.272547,0.2,9.24,21.39,92.89,6.58,2.42,C0H9C0
廬山,24.033311,121.181808,1.0,19.31,0.63,82.33,1.67,-1.65,C0I010
信義,23.689694,120.851036,-0.01,23.77,0.36,85.5,3.19,1.59,C0I080
竹山,23.761225,120.688156,1.08,26.34,4.67,83.8,1.6,-0.23,C0I110
水里,23.812553,120.849792,0.39,25.75,0.92,80.44,0.75,-0.65,C0I360
魚池,23.895703,120.94135,0.66,24.12,0.49,85.55,1.35,-0.55,C0I370
集集,23.828206,120.801467,0.24,25.93,1.3,83.78,1.06,-0.54,C0I380
仁愛,24.022122,121.132206,1.05,21.54,-1.73,80.68,1.0,-1.78,C0I390
名間,23.837053,120.701447,0.02,25.84,2.23,82.39,1.69,0.43,C0I410
國姓,24.037803,120.855072,0.4,26.04,1.08,81.89,0.36,-1.24,C0I420
南投,23.911469,120.687331,0.66,27.24,7.49,82.44,0.69,-0.23,C0I460
梅峰,24.085272,121.173572,0.42,15.28,5.31,89.33,2.75,-0.9,C0I480
萬大林道,23.928228,121.091411,0.59,18.97,-3.97,83.39,2.36,-0.63,C0I490
小奇萊,24.131764,121.295717,0.74,10.14,8.21,89.25,10.5,6.93,C0I530
崙背,23.75555,120.318925,0.5,26.21,0.25,82.06,0.31,-0.31,C0K250
四湖,23.630414,120.227125,1.33,27.08,0.74,79.61,0.83,-0.15,C0K280
宜梧,23.536281,120.169329,0.98,26.77,1.96,81.78,0.11,-0.44,C0K291
虎尾,23.719183,120.442036,1.02,26.99,7.36,85.39,0.19,-0.86,C0K330
土庫,23.679029,120.395574,0.74,26.68,7.02,85.5,0.78,0.0,C0K390
斗六,23.720583,120.541127,0.63,26.78,0.18,80.7,0.25,-0.63,C0K400
北港,23.573957,120.292802,0.65,26.73,-0.83,79.22,0.14,-0.72,C0K410
西螺,23.800407,120.467394,0.79,26.73,0.83,82.17,0.14,-0.81,C0K420
褒忠,23.690938,120.303634,0.71,26.36,-6.06,74.61,0.19,-0.48,C0K430
二崙,23.772797,120.408944,0.57,26.25,2.94,83.4,0.12,-0.51,C0K440
大埤,23.646074,120.431537,0.86,26.8,3.08,83.2,0.2,-0.81,C0K450
斗南,23.678734,120.478359,0.69,26.68,2.63,80.83,0.22,-0.62,C0K460
林內,23.748675,120.609642,0.59,26.34,1.03,82.89,1.03,-0.27,C0K470
莿桐,23.761192,120.502372,0.64,26.42,0.57,79.9,0.12,-0.8,C0K480
元長,23.64981,120.315024,0.76,26.72,2.44,81.22,0.17,-0.62,C0K500
水林,23.572924,120.24597,0.96,26.98,2.22,81.17,0.17,-0.8,C0K510
臺西,23.701547,120.197559,0.54,26.38,3.03,82.83,0.22,-0.41,C0K530
蔦松,23.514319,120.229736,0.54,26.77,1.94,82.06,0.11,-0.85,C0K550
棋山,23.68645,120.603417,0.58,26.59,2.83,84.4,4.32,2.64,C0K560
高鐵雲林,23.737456,120.417944,0.33,26.39,5.46,83.39,0.17,-0.54,C0K580
東後寮,23.369908,120.248065,0.58,26.49,3.89,83.44,0.5,-0.5,C0M520
奮起湖,23.493903,120.699253,1.04,19.14,1.31,94.61,6.39,0.79,C0M530
中埔,23.42538,120.5229,0.33,25.99,1.66,82.5,4.56,2.61,C0M640
朴子,23.43463,120.23902,0.02,26.07,4.9,84.06,0.42,-0.64,C0M650
溪口,23.604131,120.403569,0.85,26.68,-1.73,80.65,0.22,-0.66,C0M660
大林,23.600616,120.45841,0.73,26.94,1.71,80.4,0.35,-0.59,C0M670
太保,23.455062,120.331455,0.43,26.73,1.37,81.2,1.15,0.17,C0M680
水上,23.419734,120.388909,0.75,26.63,9.86,89.17,4.19,3.21,C0M690
竹崎,23.526178,120.555508,0.51,26.12,1.71,84.56,4.47,2.7,C0M700
東石,23.458927,120.15385,0.69,26.78,2.73,81.39,0.31,-0.74,C0M710
番路,23.464657,120.554156,0.55,25.64,4.95,86.22,4.36,2.4,C0M720
嘉義市東區,23.457673,120.460531,0.64,27.74,2.87,77.75,1.78,0.47,C0M730
六腳,23.492871,120.290625,0.54,26.71,2.95,81.11,0.44,-0.57,C0M740
布袋,23.380878,120.167789,0.67,26.89,-0.84,79.83,0.5,-0.59,C0M750
民雄,23.551754,120.428457,0.6,26.92,1.13,80.67,1.72,0.79,C0M760
嘉義梅山,23.585398,120.555587,0.45,26.12,9.37,90.28,7.22,5.65,C0M770
鹿草,23.41134,120.30835,0.66,26.98,5.48,83.22,3.25,2.2,C0M780
新港,23.553269,120.345728,0.58,26.96,0.84,79.05,0.15,-0.74,C0M790
茶山,23.299075,120.664767,-0.07,24.16,3.61,88.89,9.44,5.77,C0M800
里佳,23.389125,120.716647,0.51,19.53,-2.65,87.56,10.5,7.29,C0M810
達邦,23.453994,120.749517,0.16,21.24,6.17,89.78,6.42,3.73,C0M820
表湖,23.24186,120.64166,0.28,22.46,1.85,91.2,8.55,6.84,C0M850
新美,23.338017,120.683169,-0.16,23.72,4.92,86.44,7.0,5.86,C0M860
北寮,23.079561,120.495008,0.45,26.29,8.39,91.94,6.06,3.56,C0O830
王爺宮,23.222064,120.40085,2.7,28.17,-4.74,80.11,2.53,1.08,C0O840
大內,23.11885,120.36083,1.51,28.15,5.1,85.65,5.32,4.02,C0O860
善化,23.112883,120.297219,0.82,27.03,9.67,89.05,3.98,2.65,C0O900
崎頂,22.959547,120.369317,0.95,26.43,8.13,90.11,6.72,5.33,C0O960
虎頭埤,23.021375,120.347878,0.36,26.15,3.26,85.22,8.39,6.94,C0O970
新市,23.061614,120.298197,1.15,27.81,4.42,82.35,4.7,3.63,C0O980
媽廟,22.99175,120.293525,-0.33,26.43,17.99,96.78,6.17,4.61,C0O990
尾寮山,22.833111,120.683889,1.26,21.34,-1.49,89.94,18.47,7.01,C0R100
阿禮,22.742908,120.743678,-0.17,20.86,3.54,87.22,35.17,28.66,C0R130
瑪家,22.682903,120.686639,-0.28,21.95,9.34,97.11,28.75,22.53,C0R140
三地門,22.709889,120.639944,0.13,26.52,-4.78,74.0,18.53,13.27,C0R150
鹽埔,22.739558,120.530778,0.02,26.63,1.07,88.5,20.17,16.82,C0R160
屏東,22.660269,120.494072,0.44,27.22,-0.73,80.0,23.33,20.43,C0R170
赤山,22.592333,120.614306,-0.28,26.14,5.84,91.47,31.72,25.46,C0R190
潮州,22.534361,120.54,0.35,27.14,4.03,82.28,26.64,23.46,C0R220
來義,22.527306,120.625111,-0.88,25.15,10.29,93.33,36.64,29.26,C0R240
春日,22.370361,120.628306,-0.46,25.77,4.1,84.89,34.78,29.93,C0R260
琉球嶼,22.332244,120.362236,-0.25,26.59,3.58,86.88,14.42,12.53,C0R270
車城,22.0744,120.716247,-0.66,26.94,12.23,82.9,16.38,15.26,C0R320
牡丹,22.130036,120.792639,1.02,24.84,8.71,94.28,28.92,23.87,C0R341
貓鼻頭,21.921774,120.7358,0.73,27.14,2.71,80.61,8.86,5.76,C0R350
大漢山,22.405264,120.753181,1.07,16.48,4.84,98.06,75.97,70.66,C0R440
高樹,22.826389,120.600806,0.09,26.87,-2.98,75.55,18.15,15.32,C0R470
長治,22.693128,120.542622,0.45,27.32,7.43,88.78,25.72,22.9,C0R480
九如,22.7405,120.490503,0.31,27.29,0.46,81.23,15.25,12.1,C0R490
崁頂,22.514781,120.506914,1.75,28.93,4.48,84.06,19.17,16.54,C0R520
佳冬,22.419456,120.552375,-0.24,26.74,5.34,83.94,25.39,22.85,C0R540
新埤,22.467947,120.582894,0.21,26.69,-0.36,81.88,22.81,19.51,C0R550
新園,22.5434,120.461558,0.38,27.5,0.75,79.57,19.78,17.65,C0R560
麟洛,22.65078,120.52719,0.88,27.99,5.65,84.0,20.85,17.61,C0R570
南州,22.48591,120.50274,-0.51,26.41,8.09,87.0,18.36,15.93,C0R580
里港,22.77919,120.49459,-0.07,26.74,3.14,83.92,16.75,14.09,C0R590
舊泰武,22.588194,120.664944,0.22,22.53,2.49,91.06,37.08,25.78,C0R600
墾雷,21.900836,120.855269,-0.11,26.78,8.33,91.56,7.17,-6.88,C0R620
東港,22.46247,120.44074,0.15,27.28,4.64,84.5,35.43,34.62,C0R640
竹田,22.58486,120.54344,-0.13,26.7,-2.3,80.78,22.92,20.63,C0R650
枋寮,22.367722,120.590647,-0.32,26.78,9.05,87.0,20.03,19.34,C0R660
楓港,22.190131,120.692156,-0.71,26.9,7.12,74.17,27.75,26.92,C0R670
佳樂水,21.993578,120.861633,0.01,27.36,4.55,81.83,4.97,1.57,C0R680
墾丁,21.966756,120.810269,0.12,24.92,14.37,99.89,9.42,6.08,C0R690
枋山,22.246844,120.661086,-0.79,26.76,12.52,79.28,20.08,19.87,C0R700
龍磐,21.931672,120.838942,-0.23,26.12,6.07,88.4,5.38,1.38,C0R710
旭海,22.205403,120.887614,-0.13,24.92,14.89,99.22,20.22,15.72,C0R720
大坪頂,22.024633,120.69355,-0.36,25.67,16.09,90.61,15.89,15.13,C0R730
獅子,22.201569,120.70525,0.16,27.18,6.72,76.15,31.08,29.91,C0R740
四林格山,22.076989,120.802439,0.7,22.88,7.28,100.0,17.75,13.04,C0R750
南仁湖,22.084681,120.863353,0.12,23.93,8.13,97.28,17.97,11.31,C0R760
保力,22.071122,120.764111,0.23,26.14,5.81,85.0,21.08,18.51,C0R770
滿州,22.024403,120.839892,0.2,26.7,2.25,81.11,10.86,6.58,C0R780
九棚,22.14195,120.889281,-0.12,25.94,4.03,85.22,11.39,7.58,C0R790
丹路,22.204481,120.750989,0.29,26.32,6.39,80.72,44.92,41.94,C0R800
內獅,22.305064,120.642986,-0.22,26.57,18.73,97.11,24.36,23.93,C0R810
白鷺,22.454275,120.666219,0.15,23.21,6.64,92.83,50.67,50.38,C0R820
高士,22.121825,120.836781,0.35,23.64,3.79,92.5,26.64,20.5,C0R830
牡丹池山,22.168389,120.841225,0.62,22.76,3.91,96.7,27.58,22.05,C0R840
下馬,23.150427,121.070312,0.72,21.38,7.02,91.11,37.69,36.31,C0S660
太麻里,22.60902,120.98533,0.97,23.12,7.79,91.22,44.39,37.21,C0S690
知本,22.684866,121.005642,0.81,22.91,8.02,93.67,73.5,63.37,C0S700
鹿野,22.917711,121.122994,1.19,23.67,8.08,90.22,40.69,32.1,C0S710
綠島,22.6672,121.47533,0.89,26.12,11.6,95.17,14.0,4.61,C0S730
池上,23.119628,121.209469,0.94,23.98,5.3,90.44,28.5,21.27,C0S740
向陽,23.248397,120.986133,1.07,13.58,5.66,97.61,32.67,22.42,C0S750
大溪山,22.478475,120.943325,0.7,23.57,5.86,90.67,37.0,28.07,C0S770
金崙,22.538122,120.966875,1.09,25.19,4.96,87.15,34.78,25.63,C0S790
東河,22.972672,121.303986,-0.07,25.94,8.75,87.22,19.11,9.72,C0S810
長濱,23.286817,121.411975,1.12,25.25,4.4,83.28,14.78,4.11,C0S830
南田,22.279725,120.889208,0.46,26.58,18.99,98.61,24.17,17.24,C0S840
關山,23.0395,121.175017,0.47,24.62,6.03,89.56,36.39,18.27,C0S890
蘭嶼高中,22.04909,121.51214,0.51,27.29,7.24,82.89,12.0,6.98,C0S900
蘭嶼燈塔,22.081197,121.503117,0.43,25.37,9.71,92.94,9.19,5.4,C0S910
金峰嘉蘭,22.594789,120.960825,0.44,25.29,7.8,88.25,62.9,60.0,C0S920
延平,22.902581,121.084058,0.41,24.7,7.85,85.9,48.72,47.84,C0S930
石寧山,23.223772,121.406639,0.78,25.63,8.41,87.89,12.75,8.8,C0S940
七塊厝,22.954453,121.229922,0.62,23.52,6.8,91.85,39.25,37.27,C0S950
香蘭,22.587569,120.993375,0.12,26.64,11.98,85.17,36.25,33.69,C0S960
加津林,22.416211,120.926942,0.27,26.68,8.23,81.44,27.86,25.25,C0S970
勝林山,22.430439,120.8938,0.63,19.97,4.2,97.72,50.06,44.79,C0S980
山豬窟,22.318619,120.857372,0.2,23.52,6.04,90.61,36.03,32.74,C0S990
歷坵,22.520969,120.89185,0.85,23.14,7.74,93.1,50.75,48.2,C0SA00
檳榔四格山,22.810031,121.109308,0.41,23.48,8.16,93.44,33.79,32.42,C0SA10
金崙山,22.567419,120.959667,1.04,20.68,2.78,95.61,62.22,58.34,C0SA20
都歷,23.020333,121.323642,0.82,26.12,23.49,98.61,20.44,17.59,C0SA30
瑞和,22.974361,121.156697,0.48,24.68,13.3,94.28,29.94,28.81,C0SA40
知本（水試所）,22.702394,121.082761,-0.11,26.03,10.14,86.33,32.72,29.41,C0SA60
土坂,22.453108,120.887572,0.29,24.76,8.64,90.67,62.19,58.58,C0SA80
達仁林場,22.264347,120.823972,0.4,22.84,10.7,99.94,43.83,38.9,C0SA90
大禹嶺,24.186117,121.316086,0.65,11.75,10.41,90.5,6.67,2.13,C0T790
天祥,24.179597,121.495639,1.26,22.32,6.19,88.0,13.36,4.37,C0T820
鯉魚潭,23.935639,121.508944,0.77,23.9,2.75,91.1,10.05,-4.23,C0T870
西林,23.8119,121.441458,1.24,24.68,5.02,88.0,11.0,-7.43,C0T900
光復,23.660694,121.424964,1.2,24.89,-0.5,88.61,9.97,-4.3,C0T960
月眉山,23.809928,121.539828,1.09,22.78,-0.03,94.11,10.11,-4.59,C0T9A0
水源,23.991861,121.537169,1.54,22.91,1.29,88.94,13.11,-2.13,C0T9B0
和中,24.26676,121.74103,0.32,25.38,16.0,98.67,16.94,-2.38,C0T9D0
大坑,23.880628,121.581981,1.13,23.28,3.85,92.83,13.31,-3.72,C0T9E0
水璉,23.797131,121.542514,0.51,24.34,5.88,90.4,10.9,-5.48,C0T9F0
鳳林山,23.735269,121.420131,0.32,22.17,1.13,93.44,11.86,-4.9,C0T9G0
加路蘭山,23.682947,121.5274,1.7,22.21,2.34,96.61,14.44,-1.29,C0T9H0
豐濱,23.583897,121.514806,0.15,23.81,11.61,98.61,14.33,-1.37,C0T9I0
靜浦,23.455167,121.495028,1.26,25.62,6.46,89.2,14.75,3.22,C0T9M0
富里,23.171639,121.249378,0.67,24.19,11.46,95.89,24.86,21.66,C0T9N0
雙連埤,24.753033,121.641303,0.93,21.34,0.68,97.11,19.11,-2.87,C0U520
礁溪,24.817539,121.765608,0.99,25.05,-3.22,86.11,10.81,-2.59,C0U600
玉蘭,24.675286,121.587061,1.24,22.56,12.12,100.0,19.42,-2.7,C0U650
太平山,24.505486,121.525656,2.02,15.35,0.35,96.33,8.17,-10.19,C0U710
南山,24.43742,121.38167,1.89,18.85,2.44,96.06,7.78,3.45,C0U720
龜山島,24.841667,121.953133,0.38,22.89,1.61,93.83,7.14,1.79,C0U750
東澳,24.52196,121.83318,0.43,25.13,10.39,96.61,23.56,-10.32,C0U760
南澳,24.44935,121.81022,0.33,25.37,6.06,85.11,16.61,-5.84,C0U770
五結,24.68637,121.79794,0.82,25.15,2.18,86.72,17.89,-1.29,C0U780
頭城,24.85323,121.8308,1.45,25.66,5.13,89.35,10.28,-6.59,C0U860
大礁溪,24.791042,121.675047,1.78,22.46,7.37,96.22,13.06,-5.1,C0U870
三星,24.66812,121.65302,2.46,25.28,5.48,96.44,18.75,-2.1,C0U890
內城,24.71813,121.68766,2.09,25.19,2.02,88.85,13.65,-3.51,C0U900
冬山,24.63373,121.7937,1.9,25.53,13.39,97.5,22.72,-0.14,C0U910
羅東,24.68184,121.74934,2.31,25.31,2.64,87.94,11.75,-5.91,C0U940
鶯子嶺,24.89754,121.79244,2.04,19.06,3.19,99.78,22.83,0.73,C0U950
翠峰湖,24.510856,121.608044,2.39,15.42,3.93,99.3,14.75,1.97,C0U960
大福,24.80064,121.81389,1.79,25.73,-0.01,85.28,10.47,-6.06,C0U970
坪林石牌,24.86478,121.77396,2.11,21.91,3.04,97.4,13.32,-3.81,C0U980
員山,24.74435,121.72247,1.9,25.46,4.58,88.72,16.44,-0.78,C0U990
土場,24.576533,121.495333,1.84,22.96,8.55,100.0,7.69,3.07,C0UA00
鴛鴦湖,24.590269,121.412228,2.3,16.41,1.74,98.35,20.7,7.29,C0UA10
多加屯,24.368614,121.373189,1.22,12.01,7.38,92.33,7.08,4.19,C0UA20
白嶺,24.527819,121.519031,1.82,17.58,1.96,98.11,9.86,2.69,C0UA30
西德山,24.560647,121.752608,2.19,19.09,0.51,96.0,34.03,1.91,C0UA40
西帽山,24.555361,121.802628,1.53,20.03,1.03,97.33,42.19,1.09,C0UA50
樟樹山,24.41393,121.78325,1.72,22.47,10.56,98.22,17.17,0.37,C0UA60
桃源谷,24.962606,121.888875,2.5,22.42,1.02,97.35,25.72,1.4,C0UA70
復興,23.222403,120.806089,-0.0,23.03,4.99,84.11,5.47,2.83,C0V210
美濃,22.898742,120.519153,1.0,27.42,1.17,82.35,13.3,9.92,C0V310
溪埔,22.738578,120.446797,-0.01,26.64,7.11,88.39,22.06,19.72,C0V350
內門,22.975481,120.466769,0.63,26.42,8.86,93.28,7.94,5.67,C0V360
古亭坑,22.893178,120.401947,0.42,26.17,3.5,88.33,10.33,9.12,C0V370
阿公店,22.804194,120.355528,-0.72,25.74,3.92,84.25,16.69,14.93,C0V400
鳳山,22.646653,120.356122,-0.6,26.64,9.43,87.94,24.17,21.48,C0V440
鳳森,22.545064,120.392592,-0.14,26.5,0.84,84.72,22.31,19.02,C0V450
新興,22.627422,120.298803,0.22,27.7,3.76,77.78,26.0,23.82,C0V490
阿蓮,22.883208,120.327508,1.38,28.22,-15.32,64.0,10.75,9.35,C0V530
梓官,22.760558,120.267211,-0.22,27.04,4.15,81.89,17.89,16.12,C0V610
永安,22.82315,120.236856,-0.04,26.84,1.66,82.11,12.53,10.75,C0V620
茄萣,22.906642,120.182608,0.34,27.27,8.15,82.83,13.39,11.98,C0V630
湖內,22.887139,120.2445,-0.26,26.62,3.63,81.78,11.75,10.06,C0V640
彌陀,22.783806,120.246361,0.48,27.51,6.07,85.22,14.42,12.76,C0V650
岡山,22.797078,120.294958,0.39,27.85,5.84,81.44,17.19,14.95,C0V660
仁武,22.701083,120.347722,-0.03,27.42,9.94,87.22,28.53,26.0,C0V680
鼓山,22.623325,120.275575,-0.26,27.03,4.58,82.85,27.62,25.44,C0V690
三民,22.645017,120.311233,-0.18,27.71,5.88,77.28,28.0,25.66,C0V700
苓雅,22.622742,120.330669,0.38,28.06,11.04,81.83,22.53,19.92,C0V710
林園,22.507747,120.394511,0.53,28.55,8.07,81.3,18.1,16.42,C0V720
大寮,22.605614,120.395717,-0.21,27.37,8.89,84.3,18.85,16.85,C0V730
旗山,22.888614,120.483597,1.09,27.81,1.35,80.06,14.61,12.87,C0V740
路竹,22.854997,120.259439,0.69,28.0,4.14,79.67,13.72,11.82,C0V750
橋頭,22.757806,120.30575,-0.42,27.18,9.76,86.2,19.17,17.22,C0V760
大社,22.730306,120.346639,-0.1,27.11,11.91,88.3,27.72,25.51,C0V770
萬山,22.905944,120.688056,0.42,24.74,2.45,84.2,8.82,5.56,C0V790
六龜,22.997889,120.633583,0.25,26.01,6.07,85.89,6.0,2.1,C0V800
左營,22.67491,120.28491,-0.32,26.77,1.16,82.17,22.25,19.94,C0V810
小林,23.148408,120.63325,0.47,24.88,3.69,87.55,5.5,2.8,C0V820
東莒,25.9652,119.98069,0.12,23.69,3.22,81.78,1.28,0.78,C0W110
花嶼,23.40007,119.32276,0.43,26.16,4.35,85.06,2.75,1.48,C0W130
金沙,24.488292,118.408778,0.52,25.61,-2.68,66.39,0.0,-0.77,C0W140
金寧,24.457703,118.328989,0.53,26.23,-0.64,68.39,0.0,-0.74,C0W150
東河,23.296598,120.385608,0.24,26.82,-2.16,79.5,0.94,-0.22,C0X050
下營,23.22695,120.256261,0.41,26.84,1.56,80.56,1.78,0.6,C0X060
佳里,23.173039,120.145086,0.61,27.05,6.37,84.78,6.39,5.29,C0X080
臺南市北區,23.010394,120.194228,0.48,27.62,9.85,81.7,5.5,4.58,C0X100
臺南市南區,22.961189,120.188378,0.5,27.82,2.0,79.35,8.45,7.35,C0X110
麻豆,23.183289,120.248611,0.99,27.79,8.2,84.17,3.25,2.35,C0X120
官田,23.193217,120.315422,0.59,27.45,4.57,82.5,1.94,0.95,C0X130
西港,23.125608,120.203108,0.92,27.75,7.58,83.65,4.88,4.03,C0X140
安定,23.102614,120.227839,0.73,27.36,7.0,84.94,4.89,3.95,C0X150
仁德,22.968258,120.257689,0.59,27.7,5.24,80.94,7.61,6.32,C0X160
關廟,22.963017,120.327797,-0.48,26.52,7.65,82.72,7.78,6.47,C0X170
山上,23.0757,120.363253,0.68,26.94,2.39,82.94,8.33,7.1,C0X180
安平,22.993161,120.152181,0.16,27.08,5.49,83.06,9.22,7.95,C0X190
左鎮,23.056758,120.408522,1.45,27.24,0.17,83.39,5.31,3.52,C0X200
白河,23.347466,120.414427,0.44,26.71,2.25,82.72,0.92,-0.37,C0X210
學甲,23.230367,120.182187,0.64,26.83,4.25,82.22,3.03,2.02,C0X220
鹽水,23.272621,120.247641,0.23,26.49,4.79,83.56,1.11,-0.08,C0X230
關子嶺,23.331169,120.508025,0.31,24.25,6.19,94.25,12.3,8.65,C0X240
新營,23.310689,120.316681,0.49,26.94,5.9,84.83,0.72,-0.43,C0X250
後壁,23.366358,120.362326,0.62,26.73,0.05,81.72,0.78,-0.62,C0X260
將軍,23.214999,120.13577,0.26,26.5,3.98,83.0,3.89,2.8,C0X280
北門,23.267772,120.125481,0.58,26.92,4.51,83.95,2.55,1.5,C0X290
鹿寮,23.386047,120.477331,0.55,26.32,8.07,92.94,4.03,2.13,C0X300
柳營,23.253328,120.375253,0.25,26.89,6.01,82.39,1.28,1.23,C0X320
明里,23.208717,121.262342,1.2,24.07,4.79,92.17,20.97,10.0,C0Z020
佳心,23.34567,121.21316,1.15,20.62,11.15,97.72,24.56,18.37,C0Z050
玉里,23.3215,121.339656,0.82,24.25,3.4,88.5,21.17,7.18,C0Z061
舞鶴,23.46811,121.37407,1.38,23.93,9.38,98.75,11.3,1.59,C0Z070
富源,23.587642,121.378225,1.47,24.04,1.05,90.89,9.83,1.64,C0Z080
東華,23.89525,121.549833,0.95,25.46,4.54,90.56,5.61,-10.17,C0Z100
吉安光華,23.930925,121.595153,0.57,25.37,-9.8,76.89,12.47,-4.84,C0Z150
鳳林,23.746114,121.453411,0.97,24.96,12.18,97.61,10.67,-8.51,C0Z160
卓溪,23.3443,121.3029,0.87,24.38,6.01,87.39,18.14,15.38,C0Z170
富世,24.14743,121.6297,1.2,25.75,-2.2,83.72,11.83,3.72,C0Z190
萬榮,23.709219,121.420106,0.95,24.62,-1.57,85.7,12.28,-7.36,C0Z200
瑞穗,23.5239,121.39021,1.54,24.76,3.96,89.5,10.69,4.77,C0Z210
和平林道,24.343922,121.656317,1.13,22.06,2.3,90.78,11.69,3.82,C0Z220
和平,24.30717,121.77007,0.53,25.33,7.44,80.17,12.19,2.93,C0Z230
瑞穗林道,23.49284,121.30688,3.3,21.07,0.97,96.7,18.8,11.4,C0Z250
蕃薯寮,23.73835,121.540108,0.97,23.7,-2.01,88.55,12.4,-9.58,C0Z270
德武,23.47426,121.41071,1.31,24.61,2.27,88.67,9.64,4.97,C0Z280
赤柯山,23.36893,121.38293,1.33,20.13,5.52,97.78,19.36,13.05,C0Z290
東里,23.26853,121.30547,1.23,24.64,-2.82,88.15,20.08,16.27,C0Z300
清水斷崖,24.218294,121.689142,1.12,25.58,3.55,83.8,11.45,2.32,C0Z310
清水林道,23.27125,121.188272,1.4,21.69,0.67,89.35,39.65,36.36,C0Z320
安通山,23.290728,121.348528,0.91,22.51,6.92,93.55,20.78,17.04,C0Z330
口湖工作站,23.589978,120.180394,0.81,26.43,8.89,80.25,0.12,0.12,12J990
東港工作站,22.479997,120.466058,-0.04,27.26,4.23,72.06,10.78,9.74,12Q970
恆春工作站,22.079678,120.714425,0.39,27.4,7.09,72.35,12.32,11.71,12Q980
萬大發電廠,23.978875,121.139639,1.05,22.24,-10.37,75.4,0.38,-0.01,42HA10
桃改樹林分場,24.944503,121.386972,1.76,25.92,-3.37,76.39,3.14,0.81,72AI40
桃園農改場,24.950944,121.030583,1.52,25.82,5.16,82.45,2.38,0.46,72C440
桃改五峰分場,24.612194,121.157167,1.85,20.58,2.86,90.89,5.61,-0.34,72D080
桃改新埔分場,24.834444,121.066111,1.12,25.7,5.4,80.4,0.6,0.6,72D680
臺中農改場,24.003028,120.534389,1.26,26.85,4.58,82.1,0.12,-0.81,72G600
中改埔里分場,23.903208,120.963364,0.86,23.5,0.03,87.1,1.25,0.71,72HA00
南改斗南分場,23.634556,120.477333,1.25,26.76,2.75,82.89,0.61,-0.61,72K220
南改義竹分場,23.360694,120.279361,0.77,26.54,1.7,81.95,0.48,-0.4,72M360
南改鹿草分場,23.416869,120.283061,0.84,26.46,6.97,85.6,1.1,1.04,72M700
臺南農改場,23.0605,120.342194,0.27,26.34,7.8,87.9,9.88,8.29,72N100
七股研究中心,23.081672,120.062894,0.82,27.1,6.32,84.47,7.13,7.13,72N240
高雄農改場,22.709333,120.525889,-0.33,26.47,9.78,89.78,18.81,16.3,72Q010
東改班鳩分場,22.829528,121.077694,0.78,24.91,4.28,84.06,45.47,37.58,72S200
東改賓朗果園,22.813889,121.071278,0.47,24.14,3.15,87.94,45.69,41.61,72S590
花蓮農改場,23.975222,121.563889,1.13,25.53,1.71,83.5,12.69,-0.6,72T250
花改蘭陽分場,24.686306,121.716583,1.63,25.3,1.96,87.61,22.0,2.82,72U480
高改旗南分場,22.857861,120.516667,-0.43,26.61,9.48,85.06,20.11,17.33,72V140
茶改北部分場,24.955778,121.631222,1.96,23.12,0.97,87.95,8.8,-5.06,82A750
茶改場,24.908472,121.185333,1.6,24.94,-0.86,80.5,2.17,-1.61,82C160
茶改中部分場,23.875611,120.913583,0.06,22.35,0.38,86.15,0.65,-1.1,82H320
茶改南部分場,23.762528,120.7405,0.24,24.16,1.32,88.8,2.02,-0.33,82H840
茶改東部分場,22.907694,121.130139,0.23,24.9,4.68,86.0,25.42,16.44,82S580
農工中心,24.985917,121.239833,1.35,25.37,4.81,77.39,3.36,0.46,A2C560
水試臺西試驗場,23.717231,120.190522,0.99,26.64,5.72,85.65,0.2,-0.01,A2K360
臺大雲林校區,23.730628,120.423903,0.67,26.07,5.45,83.4,0.18,0.18,A2K630
臺南蘭花園區,23.340258,120.379661,0.52,26.48,5.6,83.55,0.6,0.6,A2N290
畜試北區分所,24.527806,120.770972,1.04,25.01,8.32,85.45,0.68,0.41,B2E890
畜產試驗所,23.058972,120.336406,0.33,26.07,5.6,87.17,9.14,7.31,B2N890
畜試南區分所,21.945583,120.802167,0.2,26.92,3.54,78.06,6.19,1.04,B2Q810
畜試東區分所,24.669039,121.832561,1.46,25.15,3.68,90.44,17.31,-7.48,B2U990
蓮華池,23.918333,120.885278,-0.25,23.31,6.75,87.61,0.47,-1.33,E2H360
林試畢祿溪站,24.226944,121.308522,-0.67,14.04,10.84,91.41,5.68,4.94,E2HA20
四湖植物園,23.676986,120.163433,0.79,26.68,8.15,90.46,1.23,1.23,E2K600
林試六龜中心,22.991703,120.645722,0.18,25.36,-10.04,72.53,6.62,6.41,E2P980
林試太麻里2,22.598,120.99775,-0.28,25.86,7.13,82.8,37.57,34.0,E2S960
林試太麻里1,22.598922,120.980044,0.08,25.23,5.93,83.69,45.53,41.29,E2S980
農試所(霧峰),24.031261,120.688133,1.13,26.87,8.77,88.4,0.28,-0.65,G2F820
農試嘉義分所,23.485028,120.473806,0.91,26.14,7.8,86.83,1.81,0.29,G2L020
農試溪口農場,23.58565,120.408111,0.99,26.9,2.29,83.65,0.15,0.12,G2M350
農試鳳山分所,22.646611,120.356083,-0.05,26.99,7.38,82.35,20.32,18.34,G2P820
苗栗農改場,24.495722,120.829111,0.97,25.12,2.94,83.85,0.92,-0.53,K2E360
苗改生物防治研究中心,24.422861,120.871833,0.93,23.95,1.79,83.45,1.68,1.06,K2E710
種苗改良場,24.225972,120.800917,1.07,24.11,10.26,89.6,1.1,-0.74,K2F750
溪頭,23.670306,120.798194,0.88,19.56,2.36,94.39,5.06,2.77,U2H480
臺大和社,23.590856,120.888864,0.54,22.44,7.94,88.94,3.03,2.33,U2HA30
臺大內茅埔,23.689722,120.851117,0.02,23.78,5.3,85.45,2.85,2.45,U2HA40
臺大竹山,23.756972,120.681556,1.03,26.5,0.67,79.78,2.39,1.96,U2HA50
臺大竹山,23.756972,120.681556,1.03,26.5,0.67,79.78,2.39,1.96,U2HA50
臺大內茅埔,23.689722,120.851117,0.02,23.78,5.3,85.45,2.85,2.45,U2HA40
臺大和社,23.590856,120.888864,0.54,22.44,7.94,88.94,3.03,2.33,U2HA30
臺大溪頭,23.670306,120.798194,0.88,19.56,2.36,94.39,5.06,2.77,U2H480
種苗繁殖,24.225972,120.800917,1.07,24.11,10.26,89.6,1.1,-0.74,K2F750
苗改生物防治研究中心,24.422861,120.871833,0.93,23.95,1.79,83.45,1.68,1.06,K2E710
苗栗農改,24.495722,120.829111,0.97,25.12,2.94,83.85,0.92,-0.53,K2E360
農試鳳山分所,22.646611,120.356083,-0.05,26.99,7.38,82.35,20.32,18.34,G2P820
農試溪口農場,23.58565,120.408111,0.99,26.9,2.29,83.65,0.15,0.12,G2M350
農試嘉義分所,23.485028,120.473806,0.91,26.14,7.8,86.83,1.81,0.29,G2L020
農業試驗所,24.031261,120.688133,1.13,26.87,8.77,88.4,0.28,-0.65,G2F820
林試太麻里1,22.598922,120.980044,0.08,25.23,5.93,83.69,45.53,41.29,E2S980
林試太麻里2,22.598014,120.989761,-0.28,25.86,7.13,82.8,37.57,34.0,E2S960
林試六龜中心,22.991703,120.645722,0.18,25.36,-10.04,72.53,6.62,6.41,E2P980
四湖植物園,23.676986,120.163433,0.79,26.68,8.15,90.46,1.23,1.23,E2K600
林試畢祿溪站,24.226944,121.308522,-0.67,14.04,10.84,91.41,5.68,4.94,E2HA20
蓮華池,23.918333,120.885278,-0.25,23.31,6.75,87.61,0.47,-1.33,E2H360
畜試東區分所,24.669039,121.832561,1.46,25.15,3.68,90.44,17.31,-7.48,B2U990
畜試南區分所,21.945583,120.802167,0.2,26.92,3.54,78.06,6.19,1.04,B2Q810
畜試所,23.058972,120.336406,0.33,26.07,5.6,87.17,9.14,7.31,B2N890
畜試北區分所,24.527806,120.770972,1.04,25.01,8.32,85.45,0.68,0.41,B2E890
臺南蘭花園區,23.340258,120.379661,0.52,26.48,5.6,83.55,0.6,0.6,A2N290
臺大雲林校區,23.730628,120.423903,0.67,26.07,5.45,83.4,0.18,0.18,A2K630
水試臺西試驗場,23.717231,120.190522,0.99,26.64,5.72,85.65,0.2,-0.01,A2K360
農工中心,24.985917,121.239833,1.35,25.37,4.81,77.39,3.36,0.46,A2C560
茶改東部分場,22.907694,121.130139,0.23,24.9,4.68,86.0,25.42,16.44,82S580
茶改南部分場,23.762528,120.7405,0.24,24.16,1.32,88.8,2.02,-0.33,82H840
茶改中部分場,23.875611,120.913583,0.06,22.35,0.38,86.15,0.65,-1.1,82H320
茶改場,24.908472,121.185333,1.6,24.94,-0.86,80.5,2.17,-1.61,82C160
茶改北部分場,24.955778,121.631222,1.96,23.12,0.97,87.95,8.8,-5.06,82A750
高改旗南分場,22.857861,120.516667,-0.43,26.61,9.48,85.06,20.11,17.33,72V140
花改蘭陽分場,24.686306,121.716583,1.63,25.3,1.96,87.61,22.0,2.82,72U480
花蓮農改,23.975222,121.563889,1.13,25.53,1.71,83.5,12.69,-0.6,72T250
東改賓朗果園,22.813889,121.071278,0.47,24.14,3.15,87.94,45.69,41.61,72S590
東改班鳩分場,22.829528,121.077694,0.78,24.91,4.28,84.06,45.47,37.58,72S200
高雄農改,22.709333,120.525889,-0.33,26.47,9.78,89.78,18.81,16.3,72Q010
七股研究中心,23.081672,120.062894,0.82,27.1,6.32,84.47,7.13,7.13,72N240
臺南農改,23.0605,120.342194,0.27,26.34,7.8,87.9,9.88,8.29,72N100
南改鹿草分場,23.416869,120.283061,0.84,26.46,6.97,85.6,1.1,1.04,72M700
南改義竹分場,23.360694,120.279361,0.77,26.54,1.7,81.95,0.48,-0.4,72M360
南改斗南分場,23.634556,120.477333,1.25,26.76,2.75,82.89,0.61,-0.61,72K220
中改埔里分場,23.903208,120.963364,0.86,23.5,0.03,87.1,1.25,0.71,72HA00
臺中農改,24.003028,120.534389,1.26,26.85,4.58,82.1,0.12,-0.81,72G600
桃改新埔分場,24.834444,121.066111,1.12,25.7,5.4,80.4,0.6,0.6,72D680
桃改五峰分場,24.612194,121.157167,1.85,20.58,2.86,90.89,5.61,-0.34,72D080
桃園農改,24.950944,121.030583,1.52,25.82,5.16,82.45,2.38,0.46,72C440
桃改樹林分場,24.944503,121.386972,1.76,25.92,-3.37,76.39,3.14,0.81,72AI40
萬大發電廠,23.978875,121.139639,1.05,22.24,-10.37,75.4,0.38,-0.01,42HA10
恆春工作站,22.079678,120.714425,0.39,27.4,7.09,72.35,12.32,11.71,12Q980
東港工作站,22.479997,120.466058,-0.04,27.26,4.23,72.06,10.78,9.74,12Q970
口湖工作站,23.589978,120.180394,0.81,26.43,8.89,80.25,0.12,0.12,12J990
