站名,緯度,經度,平均溫距平,本年度平均溫,平均溼度距平,本年度日均相對溼度,本年度日均降水量,日均降水量距平,站號
淡水,25.164889,121.448906,1.59,23.44,2.8,82.18,2.26,-1.85,466900
鞍部,25.182586,121.529731,1.67,17.93,6.71,98.29,23.02,4.69,466910
臺北,25.037658,121.514853,1.39,24.11,6.7,81.94,1.34,-2.11,466920
竹子湖,25.162078,121.544547,1.6,19.54,7.79,95.35,19.5,4.31,466930
基隆,25.133314,121.740475,1.55,23.75,6.68,84.06,16.98,1.74,466940
花蓮,23.975128,121.613275,1.46,24.63,6.15,82.29,3.82,-2.4,466990
新屋,25.006744,121.047486,1.03,23.34,5.35,83.82,2.8,1.89,467050
宜蘭,24.763975,121.756528,1.41,23.19,7.9,90.76,18.11,6.1,467080
金門,24.407306,118.289281,2.08,23.39,0.11,70.65,0.1,-1.3,467110
田中,23.873803,120.581286,1.32,24.68,7.24,87.29,3.43,3.33,467270
澎湖,23.565503,119.563094,0.88,24.26,6.03,82.76,1.16,0.15,467350
臺南,22.993239,120.204772,0.9,25.27,5.28,79.82,7.45,6.12,467410
永康,23.038386,120.2367,1.36,25.11,8.09,81.88,5.99,4.78,467420
嘉義,23.495925,120.432906,1.44,24.34,8.18,87.18,3.31,2.38,467480
臺中,24.145736,120.684075,1.64,25.09,4.67,77.0,3.45,2.53,467490
阿里山,23.508208,120.813242,1.6,13.2,4.55,87.41,9.6,6.61,467530
大武,22.355675,120.903789,1.13,25.89,6.37,78.59,8.36,4.4,467540
玉山,23.487614,120.959522,1.72,6.62,1.43,68.41,7.76,3.54,467550
新竹,24.827853,121.014219,1.51,23.91,7.45,82.59,1.75,-0.09,467571
恆春,22.003897,120.746339,1.18,26.48,4.96,75.94,4.68,1.78,467590
成功,23.097486,121.373428,1.4,24.95,6.14,81.88,7.65,2.39,467610
日月潭,23.881325,120.90805,1.83,21.15,7.54,87.94,2.48,0.95,467650
臺東,22.752211,121.154586,1.28,25.49,6.04,79.35,11.06,6.62,467660
馬祖,26.169269,119.923419,1.47,20.59,3.9,84.47,1.28,-0.8,467990
山佳,24.974944,121.402008,1.29,23.65,5.54,84.06,1.32,-1.95,C0A520
坪林,24.938183,121.70975,1.19,20.65,1.12,93.46,8.0,0.45,C0A530
泰平,24.971197,121.823711,1.87,20.39,3.95,99.53,31.94,7.35,C0A550
桶後,24.848222,121.597992,1.96,20.77,2.43,96.29,9.44,-0.48,C0A570
石碇,24.993969,121.662917,2.01,22.03,1.04,90.93,8.93,2.28,C0A640
大坪,25.165914,121.632969,2.54,21.54,3.58,96.12,39.24,7.94,C0A860
五指山,25.132153,121.608692,2.45,19.64,2.12,97.24,23.85,8.13,C0A870
雙溪,25.036003,121.864242,3.5,24.04,-2.66,89.94,21.65,3.26,C0A890
三和,25.233153,121.595236,4.17,24.65,4.97,93.35,29.76,15.03,C0A931
金山,25.223628,121.643967,2.56,23.96,1.43,85.12,9.88,0.62,C0A940
鼻頭角,25.129036,121.923372,1.74,23.62,6.99,90.5,5.91,0.09,C0A950
三貂角,25.007606,122.002058,1.45,23.18,9.55,91.35,8.91,-0.82,C0A970
社子,25.109508,121.469681,2.25,24.96,5.16,81.29,0.41,-1.76,C0A980
天母,25.117494,121.537169,1.55,24.29,0.46,74.59,1.12,-1.51,C0A9C0
內湖,25.079422,121.57545,1.26,23.78,19.8,98.47,1.79,-1.55,C0A9F0
大屯山,25.175675,121.522408,4.12,19.09,3.21,99.57,13.32,2.57,C0AC40
三峽,24.939025,121.369728,2.55,24.98,5.03,83.88,1.18,-2.23,C0AC60
信義,25.037822,121.564597,2.48,24.67,4.52,85.06,2.38,-0.51,C0AC70
文山,25.00235,121.575728,1.48,23.36,1.14,84.35,3.26,-0.17,C0AC80
新莊,25.051478,121.446756,0.95,23.94,7.41,81.53,0.41,-1.85,C0ACA0
八里,25.150211,121.403947,1.23,23.79,14.62,91.18,1.32,-1.34,C0AD10
蘆洲,25.086594,121.472331,1.89,25.17,2.72,77.53,0.38,-1.64,C0AD30
土城,24.973208,121.445169,1.3,23.48,6.96,86.12,1.29,-1.91,C0AD40
鶯歌,24.951533,121.346294,2.29,24.54,4.71,86.41,1.24,-1.47,C0AD50
汐止,25.066881,121.658778,1.59,23.71,0.27,86.36,9.3,1.11,C0AH00
永和,25.01125,121.508111,1.93,24.75,5.18,82.65,1.41,-0.14,C0AH10
五分山,25.07125,121.780794,2.0,19.37,0.82,98.12,29.68,11.91,C0AH30
平等,25.129142,121.577086,1.26,21.13,-0.25,87.12,7.97,2.19,C0AH40
林口,25.072181,121.38084,1.27,22.29,-3.17,87.88,0.5,-0.97,C0AH50
松山,25.04871,121.55042,0.79,23.81,3.1,73.71,1.62,-0.36,C0AH70
深坑,25.002703,121.628328,4.58,25.93,5.0,90.73,4.67,1.32,C0AH80
福山植物園,24.760717,121.58135,2.13,19.34,3.99,99.12,23.53,9.02,C0AH90
五股,25.07445,121.42728,0.31,22.37,-1.13,85.06,0.47,-0.54,C0AI00
屈尺,24.92184,121.54475,1.71,23.33,-3.57,79.29,5.32,2.06,C0AI10
白沙灣,25.283128,121.519058,1.25,23.17,2.9,88.65,0.53,-2.13,C0AI20
三重,25.057328,121.500629,1.34,24.35,6.57,82.12,0.65,0.53,C0AI30
石牌,25.115597,121.513139,2.15,25.48,14.09,78.06,0.53,0.17,C0AI40
七堵,25.094819,121.71713,2.47,24.49,0.66,86.18,23.09,14.68,C0B010
基隆嶼,25.19141,121.78391,1.29,22.96,15.9,94.88,6.38,3.61,C0B020
復興,24.820208,121.352281,1.89,21.77,3.22,82.53,0.82,-2.56,C0C460
桃園,24.992425,121.323172,1.31,23.55,5.82,81.06,1.65,-1.18,C0C480
八德,24.928708,121.283289,0.99,23.06,3.86,82.53,1.62,-1.75,C0C490
觀音,25.027072,121.153317,1.07,22.49,7.93,88.12,2.91,-0.64,C0C590
蘆竹,25.084275,121.265767,0.75,22.89,10.05,90.12,1.5,-1.56,C0C620
大溪,24.882853,121.265547,1.5,22.44,7.12,85.47,1.29,-1.69,C0C630
平鎮,24.897503,121.214636,1.8,22.54,4.53,86.0,1.41,-1.6,C0C650
龍潭,24.870056,121.221389,1.47,22.24,5.39,85.29,1.76,-0.11,C0C670
龜山,25.02846,121.38656,1.12,22.04,6.65,87.94,1.47,-0.43,C0C680
中壢,24.977661,121.256375,1.19,22.89,7.33,83.18,1.21,0.37,C0C700
大溪永福,24.892936,121.324975,1.81,22.7,7.89,88.18,1.26,0.69,C0C710
梅花,24.678347,121.208558,1.9,21.47,3.21,84.29,0.94,-1.37,C0D360
峨眉,24.6905,121.017189,1.87,23.54,-0.4,83.29,0.97,-1.12,C0D430
打鐵坑,24.849664,121.150789,1.46,21.98,1.11,86.94,0.68,-1.98,C0D480
橫山,24.71116,121.11693,1.21,22.07,7.09,89.53,0.56,-1.64,C0D540
雪霸,24.526972,121.11605,2.79,16.58,-5.84,74.24,1.65,-1.27,C0D550
竹東,24.767147,121.057881,2.18,23.76,5.2,79.59,1.03,-1.14,C0D560
寶山,24.735006,121.025192,2.0,23.23,2.68,84.0,0.88,-1.56,C0D580
新豐,24.87068,120.97721,1.27,22.46,13.88,95.24,1.76,-0.57,C0D590
湖口,24.904794,121.043628,0.39,22.37,3.64,82.88,1.59,0.98,C0D650
新竹市東區,24.798681,120.986942,0.82,23.21,6.59,80.82,1.68,1.2,C0D660
竹南,24.708978,120.888897,1.79,23.86,6.54,83.53,1.38,0.08,C0E420
南庄,24.601775,121.000214,1.62,21.95,7.85,92.18,1.65,-0.12,C0E430
明德,24.583486,120.885411,1.87,23.93,0.51,81.47,2.03,0.38,C0E550
通霄,24.471892,120.704622,1.14,23.49,2.99,84.94,2.62,1.33,C0E590
馬都安,24.451272,120.930192,1.74,20.23,4.98,88.76,3.12,1.5,C0E610
頭份,24.688247,120.912206,2.37,24.9,4.83,78.76,1.91,0.07,C0E730
造橋,24.637056,120.864778,1.25,23.81,0.78,81.65,2.12,0.29,C0E740
苗栗,24.564569,120.824575,1.2,23.96,0.35,76.12,2.21,0.63,C0E750
銅鑼,24.489681,120.790853,0.84,22.88,14.12,94.82,4.53,3.08,C0E780
西湖,24.562947,120.7485,1.31,23.21,3.37,86.41,2.71,1.53,C0E810
獅潭,24.539133,120.920042,1.41,22.19,0.46,86.29,3.32,2.73,C0E820
苑裡,24.439714,120.653053,0.88,23.62,3.56,81.94,3.18,3.02,C0E830
大河,24.618069,120.948578,0.48,22.38,1.64,83.94,2.09,1.54,C0E850
高鐵苗栗,24.60725,120.826094,1.49,23.94,12.05,87.88,2.29,1.96,C0E870
石岡,24.276061,120.777644,1.38,23.07,6.18,87.65,6.94,6.7,C0F0B0
中坑,24.248517,120.903319,0.9,19.91,-1.13,87.88,6.68,6.03,C0F0C0
審馬陣,24.381675,121.4203,1.6,10.11,14.08,76.76,2.91,2.1,C0F0D0
東勢,24.246428,120.833047,2.07,23.99,3.17,82.06,6.97,5.55,C0F850
大坑,24.173142,120.722289,2.12,25.74,5.0,79.18,4.15,2.97,C0F970
神岡,24.272481,120.658314,1.43,23.71,-5.94,75.93,4.67,3.52,C0F9I0
大安,24.345061,120.588025,0.62,23.4,3.61,84.82,3.06,2.1,C0F9K0
后里,24.310436,120.729725,1.38,23.57,3.67,84.65,6.44,5.34,C0F9L0
豐原,24.254322,120.720692,2.09,24.67,2.87,79.94,7.15,5.96,C0F9M0
大里,24.092464,120.701378,1.61,26.15,-2.34,69.24,2.12,0.9,C0F9N0
潭子,24.213106,120.703933,0.99,24.58,5.34,80.65,4.68,3.6,C0F9O0
清水,24.312297,120.562242,0.62,23.61,3.39,84.47,2.06,1.14,C0F9P0
外埔,24.347817,120.705686,1.89,24.11,-1.46,81.44,5.25,4.01,C0F9Q0
龍井,24.184536,120.528972,0.81,24.17,0.0,81.47,3.38,2.43,C0F9R0
烏日,24.107058,120.624103,0.92,24.75,3.1,76.53,3.85,2.68,C0F9S0
西屯,24.179494,120.641275,0.73,23.96,4.16,80.0,4.53,3.59,C0F9T0
南屯,24.137006,120.637969,0.57,24.86,4.13,76.65,3.65,2.67,C0F9U0
新社,24.200172,120.815806,1.78,22.96,4.06,86.18,8.81,7.53,C0F9V0
大雅(中科園區),24.21528,120.62445,0.31,23.24,4.88,84.0,3.03,2.89,C0F9X0
桃山,24.432739,121.303808,1.77,9.39,10.39,80.53,1.94,-1.06,C0F9Y0
雪山東峰,24.388792,121.268675,1.68,10.11,9.0,78.94,4.79,2.35,C0F9Z0
芬園,24.015678,120.6213,0.52,23.5,9.5,89.82,4.0,2.73,C0G620
員林,23.946503,120.585597,3.43,26.78,2.0,81.0,3.12,2.29,C0G650
溪湖,23.94835,120.479122,2.59,26.02,13.31,94.06,3.82,2.46,C0G660
溪州,23.851589,120.499093,1.05,24.37,0.76,79.65,2.91,2.61,C0G720
二林,23.903325,120.376081,0.93,23.86,1.39,86.71,3.12,2.86,C0G730
大城,23.852487,120.320935,1.1,24.26,-20.84,59.35,3.53,3.28,C0G740
福興,24.041289,120.437669,1.12,25.06,-0.73,77.82,4.09,3.13,C0G770
秀水,24.03405,120.503869,0.77,24.55,4.61,84.62,3.79,2.75,C0G780
埔鹽,24.000394,120.431683,2.07,25.25,3.76,86.0,3.03,2.02,C0G800
埔心,23.947633,120.525456,0.93,24.71,21.31,99.8,3.66,2.47,C0G810
田尾,23.901669,120.509389,1.56,25.14,2.79,86.76,3.29,2.07,C0G820
埤頭,23.866003,120.452806,1.03,24.27,12.78,100.0,2.21,1.15,C0G830
社頭,23.897647,120.5862,1.45,25.65,8.8,84.0,3.35,2.1,C0G860
二水,23.810742,120.6173,2.45,26.01,5.03,84.47,3.15,1.89,C0G880
伸港,24.148933,120.484403,0.52,23.94,1.74,81.47,3.91,3.03,C0G890
線西,24.143358,120.443536,1.03,24.14,3.79,82.53,2.32,2.3,C0G900
花壇,24.032076,120.549461,2.73,26.29,10.77,83.82,2.53,2.42,C0G910
埔里,23.972169,120.952425,1.66,24.14,3.82,83.06,2.71,2.02,C0H890
草屯,23.973672,120.68085,1.01,24.81,2.68,78.82,2.06,0.78,C0H960
昆陽,24.121322,121.273642,2.6,10.57,8.18,80.94,3.29,0.76,C0H990
神木村,23.532742,120.843667,2.47,18.12,0.66,85.0,5.65,3.29,C0H9A0
合歡山,24.143442,121.272547,2.83,9.21,7.99,85.82,7.41,3.44,C0H9C0
廬山,24.033311,121.181808,2.78,19.39,0.72,75.18,3.0,0.87,C0I010
信義,23.689694,120.851036,1.14,22.45,3.8,86.47,2.47,1.97,C0I080
竹山,23.761225,120.688156,1.62,24.35,3.7,85.18,3.68,2.37,C0I110
水里,23.812553,120.849792,1.33,24.18,1.28,81.53,1.91,1.54,C0I360
魚池,23.895703,120.94135,1.68,22.88,3.07,86.94,2.65,1.97,C0I370
集集,23.828206,120.801467,1.13,24.24,4.66,85.53,2.65,2.38,C0I380
仁愛,24.022122,121.132206,1.95,20.11,1.76,82.35,2.88,1.75,C0I390
名間,23.837053,120.701447,0.89,23.88,3.78,83.47,1.71,1.49,C0I410
國姓,24.037803,120.855072,1.34,24.23,3.8,84.94,5.74,5.14,C0I420
南投,23.911469,120.687331,1.18,25.21,7.54,83.0,2.5,2.07,C0I460
梅峰,24.085272,121.173572,2.29,15.27,3.0,81.53,4.03,2.1,C0I480
萬大林道,23.928228,121.091411,2.06,18.96,-3.18,77.12,2.85,1.5,C0I490
小奇萊,24.131764,121.295717,1.74,10.14,7.14,82.0,5.12,2.8,C0I530
崙背,23.75555,120.318925,1.26,23.98,0.84,82.65,2.26,1.99,C0K250
四湖,23.630414,120.227125,1.64,24.56,1.36,81.18,1.79,0.81,C0K280
宜梧,23.536281,120.169329,1.24,24.34,0.35,82.12,1.74,0.38,C0K291
虎尾,23.719183,120.442036,1.34,24.51,8.08,87.24,3.62,2.62,C0K330
土庫,23.679029,120.395574,1.29,24.62,8.88,88.59,1.03,0.81,C0K390
斗六,23.720583,120.541127,0.9,24.47,0.55,81.88,3.82,3.71,C0K400
北港,23.573957,120.292802,0.81,24.26,-0.34,81.0,2.79,2.62,C0K410
西螺,23.800407,120.467394,0.98,24.3,1.42,84.12,2.79,2.39,C0K420
褒忠,23.690938,120.303634,0.98,24.01,-2.83,79.41,2.09,1.81,C0K430
二崙,23.772797,120.408944,1.1,23.86,4.52,86.53,2.15,1.86,C0K440
大埤,23.646074,120.431537,0.98,24.28,3.0,84.24,3.29,3.13,C0K450
斗南,23.678734,120.478359,0.94,24.35,3.04,82.59,4.06,3.91,C0K460
林內,23.748675,120.609642,1.52,24.48,1.94,83.24,4.44,4.3,C0K470
莿桐,23.761192,120.502372,1.18,24.02,2.66,82.41,3.76,3.54,C0K480
元長,23.64981,120.315024,1.0,24.29,2.87,82.82,3.47,3.22,C0K500
水林,23.572924,120.24597,1.19,24.51,2.45,82.94,3.03,2.85,C0K510
臺西,23.701547,120.197559,0.81,23.98,2.16,83.82,2.24,2.05,C0K530
蔦松,23.514319,120.229736,1.22,24.34,1.58,83.76,2.53,2.3,C0K550
棋山,23.68645,120.603417,1.49,24.64,3.36,85.0,4.62,4.44,C0K560
高鐵雲林,23.737456,120.417944,0.97,24.02,3.12,85.29,2.82,2.44,C0K580
東後寮,23.369908,120.248065,1.02,24.28,3.39,84.29,1.88,1.73,C0M520
奮起湖,23.493903,120.699253,2.22,18.85,0.48,89.82,9.03,7.27,C0M530
中埔,23.42538,120.5229,0.79,24.12,3.46,83.94,4.62,4.37,C0M640
朴子,23.43463,120.23902,0.31,23.73,4.82,85.29,1.11,0.98,C0M650
溪口,23.604131,120.403569,1.01,24.24,0.85,82.47,2.91,2.77,C0M660
大林,23.600616,120.45841,0.94,24.51,2.74,82.47,3.91,3.77,C0M670
太保,23.455062,120.331455,0.75,24.45,2.19,82.59,2.74,2.59,C0M680
水上,23.419734,120.388909,0.9,24.41,11.43,90.12,2.76,2.55,C0M690
竹崎,23.526178,120.555508,1.03,24.3,3.1,85.76,7.5,7.24,C0M700
東石,23.458927,120.15385,1.0,24.39,1.2,82.24,1.38,1.18,C0M710
番路,23.464657,120.554156,0.91,23.72,7.12,88.41,4.94,4.7,C0M720
嘉義市東區,23.457673,120.460531,1.0,25.66,4.21,79.0,3.97,3.75,C0M730
六腳,23.492871,120.290625,0.86,24.34,3.01,82.71,2.71,2.58,C0M740
布袋,23.380878,120.167789,1.08,24.56,-3.12,80.82,1.76,1.61,C0M750
民雄,23.551754,120.428457,0.76,24.44,2.13,82.94,4.0,3.83,C0M760
嘉義梅山,23.585398,120.555587,0.81,24.04,9.3,90.18,5.65,5.44,C0M770
鹿草,23.41134,120.30835,1.05,24.75,4.44,82.88,2.18,1.97,C0M780
新港,23.553269,120.345728,0.76,24.4,1.89,81.41,3.44,3.29,C0M790
茶山,23.299075,120.664767,1.06,23.37,5.11,87.76,8.38,8.15,C0M800
里佳,23.389125,120.716647,2.06,19.45,-4.95,81.88,10.65,9.98,C0M810
達邦,23.453994,120.749517,1.7,20.92,6.05,86.18,8.5,8.07,C0M820
表湖,23.24186,120.64166,0.99,21.58,4.07,91.29,6.85,6.55,C0M850
新美,23.338017,120.683169,1.49,23.07,1.25,85.35,8.24,7.24,C0M860
北寮,23.079561,120.495008,1.15,24.75,9.95,93.71,6.59,6.48,C0O830
王爺宮,23.222064,120.40085,3.16,26.24,-2.28,81.12,3.85,3.67,C0O840
大內,23.11885,120.36083,2.07,26.23,4.06,86.65,5.82,5.77,C0O860
善化,23.112883,120.297219,1.48,25.0,8.83,90.47,5.76,4.84,C0O900
崎頂,22.959547,120.369317,1.68,24.84,7.69,90.59,5.26,5.1,C0O960
虎頭埤,23.021375,120.347878,1.07,24.51,3.78,86.53,4.88,4.79,C0O970
新市,23.061614,120.298197,1.78,25.94,3.85,82.76,5.35,5.24,C0O980
媽廟,22.99175,120.293525,0.56,24.79,16.32,96.35,5.44,5.1,C0O990
尾寮山,22.833111,120.683889,1.65,20.28,0.34,91.17,30.5,28.95,C0R100
阿禮,22.742908,120.743678,1.23,20.84,-0.6,79.41,7.53,6.68,C0R130
瑪家,22.682903,120.686639,0.77,21.39,15.59,96.41,10.94,9.98,C0R140
三地門,22.709889,120.639944,1.17,25.63,-1.64,75.12,5.82,4.39,C0R150
鹽埔,22.739558,120.530778,1.2,25.9,-0.51,86.82,7.09,6.79,C0R160
屏東,22.660269,120.494072,1.65,26.61,-2.87,77.88,9.41,9.13,C0R170
赤山,22.592333,120.614306,0.95,25.69,7.37,90.82,8.91,8.46,C0R190
潮州,22.534361,120.54,1.78,26.36,3.52,81.82,10.94,9.74,C0R220
來義,22.527306,120.625111,0.5,24.67,8.77,92.29,12.96,12.49,C0R240
春日,22.370361,120.628306,0.39,24.95,-0.69,80.94,7.12,6.38,C0R260
琉球嶼,22.332244,120.362236,1.12,25.98,0.02,83.65,5.15,3.78,C0R270
車城,22.0744,120.716247,0.89,26.18,8.98,79.82,4.0,-3.97,C0R320
牡丹,22.130036,120.792639,0.99,23.68,10.67,94.35,7.15,-5.33,C0R341
貓鼻頭,21.921774,120.7358,1.37,26.21,2.49,79.18,2.15,-0.74,C0R350
大漢山,22.405264,120.753181,2.1,15.59,5.05,98.41,38.18,20.81,C0R440
高樹,22.826389,120.600806,0.88,25.86,-3.09,76.0,6.74,6.46,C0R470
長治,22.693128,120.542622,1.65,26.68,3.47,85.94,8.35,8.02,C0R480
九如,22.7405,120.490503,1.63,26.65,-2.12,80.12,6.44,6.14,C0R490
崁頂,22.514781,120.506914,0.84,26.05,3.4,85.64,9.47,9.1,C0R520
佳冬,22.419456,120.552375,0.81,25.82,1.78,84.71,6.62,6.0,C0R540
新埤,22.467947,120.582894,1.05,25.68,-2.4,81.24,9.09,8.43,C0R550
新園,22.5434,120.461558,2.11,27.19,-4.06,76.12,7.91,7.56,C0R560
麟洛,22.65078,120.52719,1.88,27.2,5.16,83.41,6.76,6.49,C0R570
南州,22.48591,120.50274,1.02,25.95,4.51,86.0,8.0,7.59,C0R580
里港,22.77919,120.49459,0.98,25.87,3.04,83.41,6.47,6.33,C0R590
舊泰武,22.588194,120.664944,0.97,21.83,2.92,91.0,10.94,9.44,C0R600
墾雷,21.900836,120.855269,0.66,25.84,9.6,90.82,2.26,-0.58,C0R620
東港,22.46247,120.44074,1.05,26.21,4.16,84.82,4.76,3.71,C0R640
竹田,22.58486,120.54344,1.33,26.28,-4.2,79.12,8.71,8.3,C0R650
枋寮,22.367722,120.590647,1.17,26.03,6.34,86.71,5.79,3.06,C0R660
楓港,22.190131,120.692156,0.38,25.89,7.84,73.94,5.38,-3.99,C0R670
佳樂水,21.993578,120.861633,0.76,26.15,5.59,82.59,2.47,-3.24,C0R680
墾丁,21.966756,120.810269,1.34,24.16,1.46,86.25,4.15,-2.8,C0R690
枋山,22.246844,120.661086,1.13,26.51,7.36,75.88,6.32,1.22,C0R700
龍磐,21.931672,120.838942,0.77,25.07,5.58,88.53,2.26,-3.34,C0R710
旭海,22.205403,120.887614,0.67,23.81,15.84,98.47,6.03,-0.5,C0R720
大坪頂,22.024633,120.69355,0.8,24.77,15.96,89.65,3.82,-2.68,C0R730
獅子,22.201569,120.70525,0.95,25.98,8.37,76.47,7.91,-3.54,C0R740
四林格山,22.076989,120.802439,1.34,21.52,3.83,95.83,6.12,-2.33,C0R750
南仁湖,22.084681,120.863353,0.99,22.87,8.95,97.0,5.09,-3.1,C0R760
保力,22.071122,120.764111,1.08,25.19,7.56,84.29,5.41,-6.35,C0R770
滿州,22.024403,120.839892,1.03,25.58,3.63,81.47,3.12,-3.28,C0R780
九棚,22.14195,120.889281,0.78,24.95,5.1,85.47,3.26,-2.68,C0R790
丹路,22.204481,120.750989,1.1,25.15,8.44,81.18,12.41,-1.11,C0R800
內獅,22.305064,120.642986,1.23,25.91,16.08,96.76,6.91,2.75,C0R810
白鷺,22.454275,120.666219,1.42,22.77,5.13,88.24,11.74,6.89,C0R820
高士,22.121825,120.836781,1.1,22.5,6.12,93.18,7.15,-2.2,C0R830
牡丹池山,22.168389,120.841225,1.16,21.33,5.88,97.29,9.12,1.49,C0R840
下馬,23.150427,121.070312,1.03,19.14,5.27,90.9,2.61,-0.43,C0S660
太麻里,22.60902,120.98533,1.82,22.19,9.18,88.47,8.65,4.57,C0S690
知本,22.684866,121.005642,1.7,21.88,8.78,92.12,12.32,7.67,C0S700
鹿野,22.917711,121.122994,1.9,22.36,8.1,89.18,11.18,7.51,C0S710
綠島,22.6672,121.47533,1.18,24.44,14.52,97.38,4.44,-3.31,C0S730
池上,23.119628,121.209469,1.59,22.55,5.31,89.38,8.38,5.21,C0S740
向陽,23.248397,120.986133,2.13,12.94,10.62,95.0,6.86,1.19,C0S750
大溪山,22.478475,120.943325,1.5,22.54,10.43,89.29,14.76,10.31,C0S770
金崙,22.538122,120.966875,1.59,23.94,7.84,86.47,11.88,7.77,C0S790
東河,22.972672,121.303986,0.8,24.86,9.41,85.35,8.29,3.68,C0S810
長濱,23.286817,121.411975,1.51,23.67,6.8,84.46,6.18,0.27,C0S830
南田,22.279725,120.889208,1.01,25.66,23.07,98.71,6.62,2.85,C0S840
關山,23.0395,121.175017,1.43,23.29,6.56,88.59,9.15,6.87,C0S890
蘭嶼高中,22.04909,121.51214,0.94,26.16,9.77,85.65,10.5,-3.69,C0S900
蘭嶼燈塔,22.081197,121.503117,0.87,24.25,9.22,94.24,5.53,-3.62,C0S910
金峰嘉蘭,22.594789,120.960825,1.47,24.25,9.33,87.18,14.71,9.82,C0S920
延平,22.902581,121.084058,1.51,23.39,8.57,85.41,11.53,9.42,C0S930
石寧山,23.223772,121.406639,1.52,24.09,12.04,89.88,5.53,2.61,C0S940
香蘭,22.587569,120.993375,1.18,25.62,11.8,84.12,6.97,0.63,C0S960
加津林,22.416211,120.926942,1.16,25.75,10.36,79.88,12.06,6.56,C0S970
勝林山,22.430439,120.8938,1.6,18.72,5.44,98.47,19.74,10.45,C0S980
山豬窟,22.318619,120.857372,1.07,22.38,9.44,90.65,14.15,7.96,C0S990
歷坵,22.520969,120.89185,1.81,22.14,10.53,92.06,22.82,16.3,C0SA00
檳榔四格山,22.810031,121.109308,1.68,22.51,9.06,91.82,10.65,8.21,C0SA10
金崙山,22.567419,120.959667,2.17,19.71,3.46,94.12,16.53,10.41,C0SA20
都歷,23.020333,121.323642,1.73,24.86,25.98,98.82,7.65,5.15,C0SA30
瑞和,22.974361,121.156697,1.81,23.49,15.12,94.88,11.47,8.37,C0SA40
知本（水試所）,22.702394,121.082761,1.11,25.15,8.01,83.06,8.91,5.02,C0SA60
土坂,22.453108,120.887572,1.46,24.2,10.06,86.82,24.09,17.27,C0SA80
達仁林場,22.264347,120.823972,1.21,21.69,6.74,94.0,17.5,5.11,C0SA90
大禹嶺,24.186117,121.316086,1.62,10.99,6.9,89.12,5.24,2.15,C0T790
天祥,24.179597,121.495639,2.18,20.94,4.43,90.29,3.47,0.25,C0T820
鯉魚潭,23.935639,121.508944,1.6,22.58,3.36,91.94,3.31,-1.5,C0T870
西林,23.8119,121.441458,1.94,23.21,8.45,91.53,4.32,-3.19,C0T900
光復,23.660694,121.424964,2.13,23.62,-0.75,88.65,4.32,-2.12,C0T960
月眉山,23.809928,121.539828,2.1,21.58,1.3,94.82,4.65,-2.29,C0T9A0
水源,23.991861,121.537169,1.96,21.22,5.11,93.06,4.41,-2.3,C0T9B0
和中,24.26676,121.74103,1.14,23.85,14.86,99.18,14.09,6.64,C0T9D0
大坑,23.880628,121.581981,1.8,21.68,5.88,95.35,6.0,-0.74,C0T9E0
水璉,23.797131,121.542514,1.41,23.14,5.61,90.94,4.65,-1.83,C0T9F0
鳳林山,23.735269,121.420131,0.89,20.78,2.04,94.88,5.0,-2.09,C0T9G0
加路蘭山,23.682947,121.5274,1.93,20.32,4.07,99.0,7.65,-1.64,C0T9H0
靜浦,23.455167,121.495028,1.79,24.03,9.98,91.35,8.44,1.3,C0T9M0
富里,23.171639,121.249378,1.87,22.78,13.07,97.36,1.11,-1.67,C0T9N0
雙連埤,24.753033,121.641303,1.37,19.48,1.09,98.07,22.06,6.74,C0U520
礁溪,24.817539,121.765608,1.72,23.16,-0.06,90.94,13.82,2.71,C0U600
玉蘭,24.675286,121.587061,0.75,19.58,-7.94,84.1,23.0,9.75,C0U650
太平山,24.505486,121.525656,2.86,14.35,4.41,95.41,6.88,-2.05,C0U710
南山,24.43742,121.38167,2.24,17.32,1.91,95.88,5.24,1.2,C0U720
東澳,24.52196,121.83318,1.18,23.24,7.56,99.53,33.18,12.67,C0U760
南澳,24.44935,121.81022,1.15,23.73,3.7,88.29,20.03,9.18,C0U770
五結,24.68637,121.79794,0.83,22.44,5.39,93.0,25.5,7.69,C0U780
頭城,24.85323,121.8308,0.82,23.09,6.04,93.24,16.74,5.94,C0U860
大礁溪,24.791042,121.675047,1.51,20.45,7.49,98.29,18.15,5.1,C0U870
三星,24.66812,121.65302,1.36,22.34,5.54,98.88,20.44,9.26,C0U890
內城,24.71813,121.68766,1.42,22.72,4.87,94.29,18.65,9.55,C0U900
冬山,24.63373,121.7937,1.42,23.11,11.16,98.65,36.18,20.69,C0U910
羅東,24.68184,121.74934,1.72,22.78,5.81,93.88,26.06,13.89,C0U940
鶯子嶺,24.89754,121.79244,1.96,17.36,2.38,99.94,24.56,6.84,C0U950
翠峰湖,24.510856,121.608044,2.85,14.08,4.37,99.53,12.41,1.61,C0U960
大福,24.80064,121.81389,1.23,23.16,1.27,90.53,16.12,3.67,C0U970
坪林石牌,24.86478,121.77396,1.54,19.79,4.57,98.76,17.47,4.21,C0U980
員山,24.74435,121.72247,1.31,22.94,6.63,93.82,18.29,7.58,C0U990
土場,24.576533,121.495333,1.64,20.81,1.37,93.47,5.56,0.93,C0UA00
鴛鴦湖,24.590269,121.412228,2.69,14.93,2.78,98.59,16.85,4.51,C0UA10
多加屯,24.368614,121.373189,1.65,11.6,6.77,85.12,29.67,26.54,C0UA20
白嶺,24.527819,121.519031,2.18,16.14,1.04,97.76,6.53,0.7,C0UA30
西德山,24.560647,121.752608,2.08,17.37,1.53,98.53,30.26,8.47,C0UA40
西帽山,24.555361,121.802628,1.44,18.22,2.36,99.47,63.91,24.81,C0UA50
樟樹山,24.41393,121.78325,1.84,20.59,7.74,99.0,21.21,8.52,C0UA60
桃源谷,24.962606,121.888875,1.77,20.11,3.0,98.88,26.06,11.31,C0UA70
復興,23.222403,120.806089,0.67,21.94,7.06,84.71,6.79,6.35,C0V210
美濃,22.898742,120.519153,2.05,26.21,1.56,83.12,5.29,4.5,C0V310
溪埔,22.738578,120.446797,0.98,25.62,7.33,88.0,8.32,8.15,C0V350
內門,22.975481,120.466769,1.62,25.12,7.01,90.0,6.0,5.88,C0V360
古亭坑,22.893178,120.401947,1.56,24.85,3.21,88.53,1.1,0.24,C0V370
阿公店,22.804194,120.355528,0.68,24.82,4.91,86.47,5.44,5.14,C0V400
鳳山,22.646653,120.356122,0.81,25.96,9.97,87.41,8.44,8.11,C0V440
鳳森,22.545064,120.392592,1.03,25.79,2.48,82.41,5.09,4.72,C0V450
新興,22.627422,120.298803,1.31,26.42,3.56,78.24,6.71,5.42,C0V490
阿蓮,22.883208,120.327508,2.06,26.42,-15.59,65.0,7.5,7.22,C0V530
梓官,22.760558,120.267211,0.82,25.56,3.35,81.71,11.91,11.48,C0V610
永安,22.82315,120.236856,0.74,25.18,0.99,82.29,10.62,10.21,C0V620
茄萣,22.906642,120.182608,0.9,25.3,6.37,83.06,11.88,11.26,C0V630
湖內,22.887139,120.2445,0.59,25.06,1.96,81.18,7.68,7.26,C0V640
彌陀,22.783806,120.246361,1.31,25.99,5.15,84.82,11.71,11.28,C0V650
岡山,22.797078,120.294958,1.18,26.26,5.64,81.71,10.18,9.79,C0V660
仁武,22.701083,120.347722,0.82,26.03,9.58,87.65,9.32,9.02,C0V680
鼓山,22.623325,120.275575,0.55,25.59,5.12,83.65,7.24,6.86,C0V690
三民,22.645017,120.311233,0.68,26.36,5.67,77.76,6.53,6.13,C0V700
苓雅,22.622742,120.330669,1.38,26.91,10.38,81.76,5.97,5.62,C0V710
林園,22.507747,120.394511,1.5,27.58,7.16,80.29,4.76,4.34,C0V720
大寮,22.605614,120.395717,0.66,26.21,8.58,83.76,8.38,7.98,C0V730
旗山,22.888614,120.483597,1.9,26.48,1.62,80.41,5.06,4.9,C0V740
路竹,22.854997,120.259439,1.44,26.34,3.32,80.59,10.03,9.63,C0V750
橋頭,22.757806,120.30575,1.07,26.35,4.12,81.29,9.09,8.73,C0V760
大社,22.730306,120.346639,0.62,25.49,11.28,88.29,8.09,7.82,C0V770
萬山,22.905944,120.688056,0.75,23.55,6.01,85.59,7.65,7.37,C0V790
六龜,22.997889,120.633583,0.92,24.85,7.22,86.94,8.76,8.55,C0V800
左營,22.67491,120.28491,0.55,25.29,1.75,82.71,8.24,7.77,C0V810
小林,23.148408,120.63325,1.49,23.6,7.33,89.18,4.82,4.46,C0V820
東莒,25.9652,119.98069,2.09,21.25,-0.29,78.82,1.26,0.16,C0W110
花嶼,23.40007,119.32276,0.83,24.08,4.48,84.12,6.33,5.39,C0W130
金沙,24.488292,118.408778,1.99,23.38,-6.22,63.94,0.03,-0.53,C0W140
金寧,24.457703,118.328989,1.99,23.97,-3.45,66.47,0.0,-0.42,C0W150
東河,23.296598,120.385608,0.9,24.7,-1.73,81.06,3.65,3.44,C0X050
下營,23.22695,120.256261,0.97,24.69,0.33,80.65,3.5,3.22,C0X060
佳里,23.173039,120.145086,1.29,24.88,3.98,84.18,3.18,2.0,C0X080
臺南市北區,23.010394,120.194228,0.87,25.38,9.17,84.41,6.56,6.15,C0X100
臺南市南區,22.961189,120.188378,0.91,25.82,2.01,79.12,9.44,9.05,C0X110
麻豆,23.183289,120.248611,1.41,25.55,6.45,86.18,4.53,4.31,C0X120
官田,23.193217,120.315422,0.98,25.3,5.13,85.12,4.68,4.46,C0X130
西港,23.125608,120.203108,1.02,25.13,6.1,85.47,4.68,4.27,C0X140
安定,23.102614,120.227839,1.19,25.05,5.45,87.18,5.06,4.6,C0X150
仁德,22.968258,120.257689,1.24,25.97,4.9,81.71,6.29,5.9,C0X160
關廟,22.963017,120.327797,0.09,24.51,7.37,84.59,4.76,4.6,C0X170
山上,23.0757,120.363253,1.38,25.19,1.51,83.94,5.94,5.87,C0X180
安平,22.993161,120.152181,0.67,24.99,3.88,83.65,9.5,9.07,C0X190
左鎮,23.056758,120.408522,2.14,25.49,-0.39,84.47,6.15,6.04,C0X200
白河,23.347466,120.414427,0.82,24.58,3.23,84.06,3.65,3.44,C0X210
學甲,23.230367,120.182187,1.12,24.59,3.59,83.41,3.15,2.87,C0X220
鹽水,23.272621,120.247641,0.83,24.31,3.06,84.35,2.41,2.17,C0X230
關子嶺,23.331169,120.508025,1.03,22.84,7.39,94.29,6.5,6.2,C0X240
新營,23.310689,120.316681,0.77,24.61,6.28,85.94,2.53,2.29,C0X250
後壁,23.366358,120.362326,0.95,24.46,1.15,83.18,2.5,2.26,C0X260
將軍,23.214999,120.13577,0.79,24.31,2.51,83.29,3.09,2.61,C0X280
北門,23.267772,120.125481,1.18,24.51,4.51,85.47,2.12,1.73,C0X290
鹿寮,23.386047,120.477331,1.44,24.51,10.11,94.65,4.15,3.82,C0X300
柳營,23.253328,120.375253,1.7,24.98,-0.13,81.76,3.29,2.4,C0X320
明里,23.208717,121.262342,1.86,22.83,4.83,91.59,6.15,1.07,C0Z020
佳心,23.34567,121.21316,1.81,19.4,11.7,98.18,5.32,1.33,C0Z050
玉里,23.3215,121.339656,1.83,23.19,5.57,91.29,6.21,-0.6,C0Z061
舞鶴,23.46811,121.37407,2.15,22.62,8.71,99.71,5.92,0.57,C0Z070
富源,23.587642,121.378225,2.04,22.49,1.82,92.82,4.53,-1.71,C0Z080
東華,23.89525,121.549833,1.74,24.11,3.77,90.71,2.06,-3.54,C0Z100
吉安光華,23.930925,121.595153,1.43,24.11,-11.56,76.71,3.71,-1.69,C0Z150
鳳林,23.746114,121.453411,1.75,23.64,-0.75,85.2,4.12,-0.8,C0Z160
卓溪,23.3443,121.3029,1.23,23.15,4.24,86.65,5.79,2.21,C0Z170
富世,24.14743,121.6297,1.5,24.32,1.27,85.85,5.04,-0.96,C0Z190
萬榮,23.709219,121.420106,1.75,23.34,-1.29,85.82,4.71,-0.56,C0Z200
瑞穗,23.5239,121.39021,2.11,23.45,3.68,90.0,5.35,0.05,C0Z210
和平林道,24.343922,121.656317,1.74,20.69,1.23,91.88,9.44,5.68,C0Z220
和平,24.30717,121.77007,0.55,23.59,9.7,83.35,9.79,1.63,C0Z230
瑞穗林道,23.49284,121.30688,3.83,19.79,0.0,96.71,6.0,-1.68,C0Z250
蕃薯寮,23.73835,121.540108,1.53,22.19,-0.16,90.65,4.97,-2.19,C0Z270
德武,23.47426,121.41071,1.62,23.03,2.04,90.18,6.06,0.52,C0Z280
赤柯山,23.36893,121.38293,1.75,18.79,5.88,98.53,10.06,3.2,C0Z290
東里,23.26853,121.30547,1.67,23.18,-2.95,88.82,6.47,2.46,C0Z300
清水斷崖,24.218294,121.689142,0.98,23.78,6.49,86.65,5.5,-0.03,C0Z310
清水林道,23.27125,121.188272,1.85,20.22,2.84,91.12,6.29,1.95,C0Z320
安通山,23.290728,121.348528,1.12,20.92,3.85,91.12,5.68,1.69,C0Z330
口湖工作站,23.589978,120.180394,1.72,24.12,5.79,77.53,1.35,1.16,12J990
東港工作站,22.479997,120.466058,1.33,26.09,5.05,72.47,6.0,4.79,12Q970
恆春工作站,22.079678,120.714425,1.25,26.45,11.21,72.24,3.18,0.65,12Q980
萬大發電廠,23.978875,121.139639,1.62,20.54,-3.31,79.76,2.91,2.69,42HA10
桃改樹林分場,24.944503,121.386972,0.49,23.35,6.58,80.47,0.59,-0.33,72AI40
桃園農改場,24.950944,121.030583,1.62,23.08,5.16,85.94,2.24,0.13,72C440
桃改五峰分場,24.612194,121.157167,2.55,19.28,0.17,87.35,1.12,-1.52,72D080
桃改新埔分場,24.834444,121.066111,1.14,23.56,10.05,83.0,0.04,-0.52,72D680
臺中農改場,24.003028,120.534389,1.47,24.24,4.86,84.59,3.26,2.41,72G600
中改埔里分場,23.903208,120.963364,2.07,22.18,2.13,88.71,0.71,0.55,72HA00
南改斗南分場,23.634556,120.477333,1.85,24.54,2.56,83.82,3.47,2.42,72K220
南改義竹分場,23.360694,120.279361,1.35,24.25,0.76,82.71,1.88,1.09,72M360
南改鹿草分場,23.416869,120.283061,1.71,24.19,7.82,85.76,1.88,1.72,72M700
臺南農改場,23.0605,120.342194,1.42,24.5,7.43,88.06,5.26,4.49,72N100
七股研究中心,23.081672,120.062894,1.43,24.4,4.48,83.76,4.88,3.04,72N240
高雄農改場,22.709333,120.525889,1.04,25.82,9.44,88.06,8.47,7.42,72Q010
東改班鳩分場,22.829528,121.077694,1.84,23.89,1.2,81.29,12.47,8.45,72S200
東改賓朗果園,22.813889,121.071278,1.22,23.04,0.36,85.38,10.19,5.74,72S590
花蓮農改場,23.975222,121.563889,1.93,24.17,1.16,84.06,3.18,-1.5,72T250
花改蘭陽分場,24.686306,121.716583,1.62,22.72,6.83,94.29,26.35,13.38,72U480
高改旗南分場,22.857861,120.516667,0.58,25.24,10.2,85.71,5.71,4.9,72V140
茶改北部分場,24.955778,121.631222,1.75,20.67,5.38,92.5,8.16,-1.88,82A750
茶改場,24.908472,121.185333,1.68,22.33,0.94,84.06,1.47,-1.57,82C160
茶改中部分場,23.875611,120.913583,0.73,21.06,3.71,88.31,2.59,1.15,82H320
茶改南部分場,23.762528,120.7405,1.1,22.53,2.8,89.94,3.74,2.7,82H840
茶改東部分場,22.907694,121.130139,1.19,23.71,1.99,83.24,10.59,6.89,82S580
農工中心,24.985917,121.239833,1.0,22.64,7.16,82.47,1.06,-1.65,A2C560
水試臺西試驗場,23.717231,120.190522,1.03,24.34,5.46,86.56,2.0,1.83,A2K360
臺大雲林校區,23.730628,120.423903,1.31,23.78,4.09,83.82,3.21,2.84,A2K630
臺南蘭花園區,23.340258,120.379661,1.68,24.4,1.12,83.12,2.94,2.15,A2N290
畜試北區分所,24.527806,120.770972,1.53,23.01,4.76,84.59,2.0,1.73,B2E890
畜產試驗所,23.058972,120.336406,1.6,24.78,9.28,91.22,9.5,8.5,B2N890
畜試南區分所,21.945583,120.802167,0.78,25.89,2.83,76.88,3.31,-0.12,B2Q810
畜試東區分所,24.669039,121.832561,2.36,23.3,5.97,96.12,36.88,19.8,B2U990
蓮華池,23.918333,120.885278,0.71,21.79,6.88,89.75,3.54,1.86,E2H360
林試畢祿溪站,24.226944,121.308522,0.47,13.01,6.75,87.7,0.25,-0.33,E2HA20
四湖植物園,23.676986,120.163433,1.8,24.39,8.07,91.94,2.06,1.87,E2K600
林試六龜中心,22.991703,120.645722,0.96,23.89,4.94,89.94,7.21,6.68,E2P980
林試太麻里2,22.598,120.99775,0.7,24.75,7.08,82.29,8.07,3.62,E2S960
林試太麻里1,22.598922,120.980044,0.66,23.84,7.95,84.43,12.04,5.33,E2S980
農試所(霧峰),24.031261,120.688133,1.69,24.75,7.59,87.76,2.35,1.48,G2F820
農試嘉義分所,23.485028,120.473806,1.47,24.17,4.21,86.24,3.74,3.11,G2L020
農試溪口農場,23.58565,120.408111,1.42,24.48,5.08,83.59,3.41,2.68,G2M350
農試鳳山分所,22.646611,120.356083,0.72,25.57,7.25,81.93,7.33,6.13,G2P820
苗栗農改場,24.495722,120.829111,1.45,22.78,3.09,85.06,4.03,2.73,K2E360
苗改生物防治研究中心,24.422861,120.871833,1.4,21.81,1.86,84.76,5.09,5.01,K2E710
種苗改良場,24.225972,120.800917,1.62,22.11,11.77,90.18,8.65,7.52,K2F750
溪頭,23.670306,120.798194,1.75,18.77,4.37,93.47,5.09,3.0,U2H480
臺大和社,23.590856,120.888864,2.49,21.51,6.77,88.06,2.94,2.52,U2HA30
臺大內茅埔,23.689722,120.851117,1.62,22.45,5.25,86.47,2.5,2.2,U2HA40
臺大竹山,23.756972,120.681556,1.54,24.45,-1.16,80.76,3.94,3.83,U2HA50
臺大竹山,23.756972,120.681556,1.54,24.45,-1.16,80.76,3.94,3.83,U2HA50
臺大內茅埔,23.689722,120.851117,1.62,22.45,5.25,86.47,2.5,2.2,U2HA40
臺大和社,23.590856,120.888864,2.49,21.51,6.77,88.06,2.94,2.52,U2HA30
臺大溪頭,23.670306,120.798194,1.75,18.77,4.37,93.47,5.09,3.0,U2H480
種苗繁殖,24.225972,120.800917,1.62,22.11,11.77,90.18,8.65,7.52,K2F750
苗改生物防治研究中心,24.422861,120.871833,1.4,21.81,1.86,84.76,5.09,5.01,K2E710
苗栗農改,24.495722,120.829111,1.45,22.78,3.09,85.06,4.03,2.73,K2E360
農試鳳山分所,22.646611,120.356083,0.72,25.57,7.25,81.93,7.33,6.13,G2P820
農試溪口農場,23.58565,120.408111,1.42,24.48,5.08,83.59,3.41,2.68,G2M350
農試嘉義分所,23.485028,120.473806,1.47,24.17,4.21,86.24,3.74,3.11,G2L020
農業試驗所,24.031261,120.688133,1.69,24.75,7.59,87.76,2.35,1.48,G2F820
林試太麻里1,22.598922,120.980044,0.66,23.84,7.95,84.43,12.04,5.33,E2S980
林試太麻里2,22.598014,120.989761,0.7,24.75,7.08,82.29,8.07,3.62,E2S960
林試六龜中心,22.991703,120.645722,0.96,23.89,4.94,89.94,7.21,6.68,E2P980
四湖植物園,23.676986,120.163433,1.8,24.39,8.07,91.94,2.06,1.87,E2K600
林試畢祿溪站,24.226944,121.308522,0.47,13.01,6.75,87.7,0.25,-0.33,E2HA20
蓮華池,23.918333,120.885278,0.71,21.79,6.88,89.75,3.54,1.86,E2H360
畜試東區分所,24.669039,121.832561,2.36,23.3,5.97,96.12,36.88,19.8,B2U990
畜試南區分所,21.945583,120.802167,0.78,25.89,2.83,76.88,3.31,-0.12,B2Q810
畜試所,23.058972,120.336406,1.6,24.78,9.28,91.22,9.5,8.5,B2N890
畜試北區分所,24.527806,120.770972,1.53,23.01,4.76,84.59,2.0,1.73,B2E890
臺南蘭花園區,23.340258,120.379661,1.68,24.4,1.12,83.12,2.94,2.15,A2N290
臺大雲林校區,23.730628,120.423903,1.31,23.78,4.09,83.82,3.21,2.84,A2K630
水試臺西試驗場,23.717231,120.190522,1.03,24.34,5.46,86.56,2.0,1.83,A2K360
農工中心,24.985917,121.239833,1.0,22.64,7.16,82.47,1.06,-1.65,A2C560
茶改東部分場,22.907694,121.130139,1.19,23.71,1.99,83.24,10.59,6.89,82S580
茶改南部分場,23.762528,120.7405,1.1,22.53,2.8,89.94,3.74,2.7,82H840
茶改中部分場,23.875611,120.913583,0.73,21.06,3.71,88.31,2.59,1.15,82H320
茶改場,24.908472,121.185333,1.68,22.33,0.94,84.06,1.47,-1.57,82C160
茶改北部分場,24.955778,121.631222,1.75,20.67,5.38,92.5,8.16,-1.88,82A750
高改旗南分場,22.857861,120.516667,0.58,25.24,10.2,85.71,5.71,4.9,72V140
花改蘭陽分場,24.686306,121.716583,1.62,22.72,6.83,94.29,26.35,13.38,72U480
花蓮農改,23.975222,121.563889,1.93,24.17,1.16,84.06,3.18,-1.5,72T250
東改賓朗果園,22.813889,121.071278,1.22,23.04,0.36,85.38,10.19,5.74,72S590
東改班鳩分場,22.829528,121.077694,1.84,23.89,1.2,81.29,12.47,8.45,72S200
高雄農改,22.709333,120.525889,1.04,25.82,9.44,88.06,8.47,7.42,72Q010
七股研究中心,23.081672,120.062894,1.43,24.4,4.48,83.76,4.88,3.04,72N240
臺南農改,23.0605,120.342194,1.42,24.5,7.43,88.06,5.26,4.49,72N100
南改鹿草分場,23.416869,120.283061,1.71,24.19,7.82,85.76,1.88,1.72,72M700
南改義竹分場,23.360694,120.279361,1.35,24.25,0.76,82.71,1.88,1.09,72M360
南改斗南分場,23.634556,120.477333,1.85,24.54,2.56,83.82,3.47,2.42,72K220
中改埔里分場,23.903208,120.963364,2.07,22.18,2.13,88.71,0.71,0.55,72HA00
臺中農改,24.003028,120.534389,1.47,24.24,4.86,84.59,3.26,2.41,72G600
桃改新埔分場,24.834444,121.066111,1.14,23.56,10.05,83.0,0.04,-0.52,72D680
桃改五峰分場,24.612194,121.157167,2.55,19.28,0.17,87.35,1.12,-1.52,72D080
桃園農改,24.950944,121.030583,1.62,23.08,5.16,85.94,2.24,0.13,72C440
桃改樹林分場,24.944503,121.386972,0.49,23.35,6.58,80.47,0.59,-0.33,72AI40
萬大發電廠,23.978875,121.139639,1.62,20.54,-3.31,79.76,2.91,2.69,42HA10
恆春工作站,22.079678,120.714425,1.25,26.45,11.21,72.24,3.18,0.65,12Q980
東港工作站,22.479997,120.466058,1.33,26.09,5.05,72.47,6.0,4.79,12Q970
口湖工作站,23.589978,120.180394,1.72,24.12,5.79,77.53,1.35,1.16,12J990
