站名,緯度,經度,平均溫距平,本年度平均溫,平均溼度距平,本年度日均相對溼度,本年度日均降水量,日均降水量距平,站號
淡水,25.164889,121.448906,1.39,25.61,2.36,80.25,9.1,3.6,466900
鞍部,25.182586,121.529731,1.46,19.89,6.35,97.28,61.26,39.33,466910
臺北,25.037658,121.514853,1.45,26.57,4.8,79.06,4.65,-0.77,466920
竹子湖,25.162078,121.544547,1.62,21.78,5.56,92.11,40.56,19.24,466930
基隆,25.133314,121.740475,1.05,25.75,8.23,83.59,38.72,26.14,466940
花蓮,23.975128,121.613275,0.73,26.04,6.43,81.56,10.63,-2.06,466990
新屋,25.006744,121.047486,0.87,25.78,6.67,82.6,2.71,0.26,467050
宜蘭,24.763975,121.756528,1.36,25.69,7.97,87.06,12.05,-3.05,467080
金門,24.407306,118.289281,0.4,25.12,10.14,77.28,0.01,-1.36,467110
田中,23.873803,120.581286,0.82,27.01,10.5,85.89,0.2,0.2,467270
澎湖,23.565503,119.563094,0.46,26.42,8.63,83.36,0.45,-0.6,467350
臺南,22.993239,120.204772,0.52,27.43,6.08,78.75,5.18,3.9,467410
永康,23.038386,120.2367,0.84,27.21,8.04,80.56,4.98,3.54,467420
嘉義,23.495925,120.432906,1.09,26.63,6.9,84.73,0.3,-1.0,467480
臺中,24.145736,120.684075,1.24,27.34,5.45,75.68,0.1,-0.95,467490
阿里山,23.508208,120.813242,0.62,13.48,4.75,92.62,5.89,0.27,467530
大武,22.355675,120.903789,0.5,26.86,6.42,79.61,29.79,22.39,467540
玉山,23.487614,120.959522,0.03,6.96,6.28,72.78,8.65,3.7,467550
新竹,24.827853,121.014219,1.31,26.4,6.44,79.22,0.48,-1.48,467571
恆春,22.003897,120.746339,0.71,27.58,5.33,76.55,12.25,8.01,467590
成功,23.097486,121.373428,0.67,26.3,6.28,80.8,15.95,6.32,467610
日月潭,23.881325,120.90805,1.2,22.18,5.13,87.61,0.62,-1.14,467650
臺東,22.752211,121.154586,0.54,26.72,5.31,78.44,23.45,15.72,467660
馬祖,26.169269,119.923419,-0.12,22.79,12.47,88.44,2.78,1.43,467990
山佳,24.974944,121.402008,1.78,26.59,1.29,79.55,2.43,-1.56,C0A520
坪林,24.938183,121.70975,1.96,23.48,-5.1,87.43,11.02,-4.36,C0A530
泰平,24.971197,121.823711,1.77,22.36,3.53,98.14,36.0,9.02,C0A550
桶後,24.848222,121.597992,1.91,22.86,-1.4,92.6,10.28,-5.03,C0A570
石碇,24.993969,121.662917,2.7,24.79,-5.25,85.4,12.58,-3.55,C0A640
大坪,25.165914,121.632969,2.18,23.54,4.07,95.83,69.44,46.48,C0A860
五指山,25.132153,121.608692,1.31,20.62,2.55,98.14,39.3,22.96,C0A870
雙溪,25.036003,121.864242,2.9,25.99,0.26,89.68,30.43,14.37,C0A890
三和,25.233153,121.595236,1.67,24.49,3.39,90.94,55.19,37.94,C0A931
金山,25.223628,121.643967,1.61,25.71,4.88,86.94,30.83,23.94,C0A940
鼻頭角,25.129036,121.923372,1.72,26.19,5.79,89.0,16.18,11.69,C0A950
三貂角,25.007606,122.002058,1.44,25.61,6.71,89.0,14.0,5.39,C0A970
社子,25.109508,121.469681,2.09,27.19,4.78,79.19,4.02,0.3,C0A980
天母,25.117494,121.537169,1.57,26.52,-0.95,72.83,5.36,-0.13,C0A9C0
內湖,25.079422,121.57545,1.09,26.01,17.93,95.22,7.36,1.96,C0A9F0
大屯山,25.175675,121.522408,1.78,18.79,-2.06,94.94,33.92,16.68,C0AC40
三峽,24.939025,121.369728,2.73,27.58,1.06,78.73,3.68,-2.1,C0AC60
信義,25.037822,121.564597,2.58,27.05,3.86,82.72,11.17,3.46,C0AC70
文山,25.00235,121.575728,1.51,25.62,-0.97,81.5,9.83,0.92,C0AC80
新莊,25.051478,121.446756,1.04,26.4,4.85,77.48,3.79,-0.0,C0ACA0
八里,25.150211,121.403947,1.31,26.34,10.98,85.36,4.05,0.56,C0AD10
蘆洲,25.086594,121.472331,1.81,27.48,1.85,74.77,3.77,0.87,C0AD30
土城,24.973208,121.445169,1.45,25.82,4.39,82.48,4.19,-1.12,C0AD40
鶯歌,24.951533,121.346294,1.82,26.41,-1.79,78.5,2.25,-2.13,C0AD50
汐止,25.066881,121.658778,1.79,26.16,2.11,85.17,23.81,10.64,C0AH00
永和,25.01125,121.508111,2.05,27.12,4.51,79.27,5.2,-0.2,C0AH10
五分山,25.07125,121.780794,1.86,21.42,0.53,97.72,49.42,15.49,C0AH30
平等,25.129142,121.577086,1.18,23.34,-3.1,85.05,19.23,5.07,C0AH40
林口,25.072181,121.38084,1.76,24.82,-3.55,85.0,3.86,-0.07,C0AH50
松山,25.04871,121.55042,1.24,26.18,0.94,71.76,6.43,-0.29,C0AH70
深坑,25.002703,121.628328,3.13,26.35,-1.42,85.55,10.48,0.48,C0AH80
福山植物園,24.760717,121.58135,2.11,21.03,4.51,97.78,17.28,-4.85,C0AH90
五股,25.07445,121.42728,1.64,24.67,-3.52,83.1,3.85,1.81,C0AI00
屈尺,24.92184,121.54475,3.08,25.75,-11.86,74.55,6.7,-1.4,C0AI10
白沙灣,25.283128,121.519058,1.13,25.32,1.35,88.0,12.39,10.52,C0AI20
三重,25.057328,121.500629,1.58,26.66,0.5,79.41,2.3,2.0,C0AI30
石牌,25.115597,121.513139,2.55,28.08,8.15,74.8,3.4,3.02,C0AI40
七堵,25.094819,121.71713,2.94,26.51,0.92,86.5,35.48,21.53,C0B010
基隆嶼,25.19141,121.78391,1.8,25.0,16.65,96.05,14.6,11.94,C0B020
復興,24.820208,121.352281,1.69,23.67,1.46,80.91,1.95,-3.98,C0C460
桃園,24.992425,121.323172,1.6,26.33,2.62,76.1,4.24,0.15,C0C480
八德,24.928708,121.283289,1.58,25.86,0.63,76.33,3.86,0.09,C0C490
觀音,25.027072,121.153317,1.08,25.14,6.29,84.06,4.83,1.7,C0C590
蘆竹,25.084275,121.265767,1.19,25.63,7.54,85.06,5.33,2.24,C0C620
大溪,24.882853,121.265547,1.48,24.9,4.39,81.05,1.77,-1.72,C0C630
平鎮,24.897503,121.214636,1.79,24.88,-0.3,79.62,1.83,-1.53,C0C650
龍潭,24.870056,121.221389,1.17,24.25,2.36,80.59,3.34,-0.5,C0C670
龜山,25.02846,121.38656,2.12,24.94,2.3,83.67,5.57,0.78,C0C680
中壢,24.977661,121.256375,2.32,25.6,1.53,77.82,3.41,1.37,C0C700
大溪永福,24.892936,121.324975,1.8,24.92,0.93,84.8,5.45,3.62,C0C710
梅花,24.678347,121.208558,1.87,23.72,5.58,86.0,3.09,-2.21,C0D360
峨眉,24.6905,121.017189,1.04,25.14,5.6,85.61,3.31,1.54,C0D430
打鐵坑,24.849664,121.150789,1.16,24.13,0.69,84.95,3.02,-0.19,C0D480
橫山,24.71116,121.11693,0.55,23.81,7.52,90.28,2.39,-0.55,C0D540
雪霸,24.526972,121.11605,1.07,16.72,-1.3,82.59,6.59,0.94,C0D550
竹東,24.767147,121.057881,1.96,26.14,3.98,75.94,1.0,-0.63,C0D560
寶山,24.735006,121.025192,1.25,24.88,6.08,85.44,1.64,-0.14,C0D580
新豐,24.87068,120.97721,1.4,25.38,15.0,93.62,1.0,-1.13,C0D590
湖口,24.904794,121.043628,0.65,25.07,2.57,78.55,0.98,-0.73,C0D650
新竹市東區,24.798681,120.986942,0.57,25.67,4.68,77.73,0.32,-1.07,C0D660
竹南,24.708978,120.888897,1.15,26.0,9.66,83.23,0.48,-0.81,C0E420
南庄,24.601775,121.000214,1.4,24.12,9.93,93.2,1.75,-1.07,C0E430
明德,24.583486,120.885411,1.41,25.88,5.46,82.44,3.08,1.91,C0E550
通霄,24.471892,120.704622,0.88,25.59,7.04,84.83,0.61,-0.13,C0E590
馬都安,24.451272,120.930192,1.14,21.66,3.62,89.4,1.2,-1.45,C0E610
頭份,24.688247,120.912206,1.84,27.13,7.39,77.95,1.14,-0.04,C0E730
造橋,24.637056,120.864778,0.63,25.71,6.5,82.67,2.11,0.81,C0E740
苗栗,24.564569,120.824575,0.93,26.14,3.0,74.22,1.31,0.33,C0E750
銅鑼,24.489681,120.790853,0.81,25.21,17.27,94.32,1.91,0.98,C0E780
西湖,24.562947,120.7485,1.02,25.36,6.74,86.14,1.39,0.49,C0E810
獅潭,24.539133,120.920042,0.0,23.1,-0.93,83.94,2.56,0.76,C0E820
苑裡,24.439714,120.653053,0.36,25.87,6.49,81.22,0.22,-0.46,C0E830
大河,24.618069,120.948578,-0.49,23.91,4.57,85.36,3.16,1.29,C0E850
高鐵苗栗,24.60725,120.826094,0.75,25.89,17.58,90.0,2.53,1.83,C0E870
石岡,24.276061,120.777644,0.92,25.36,6.29,86.59,2.27,1.57,C0F0B0
中坑,24.248517,120.903319,1.18,21.8,-1.92,89.56,1.69,-0.1,C0F0C0
審馬陣,24.381675,121.4203,0.88,10.31,11.04,84.1,8.83,6.16,C0F0D0
東勢,24.246428,120.833047,1.97,25.86,3.0,80.39,2.61,2.05,C0F850
大坑,24.173142,120.722289,1.9,27.74,7.48,77.76,0.07,-0.48,C0F970
神岡,24.272481,120.658314,1.84,26.45,-1.33,75.64,0.07,-0.46,C0F9I0
大安,24.345061,120.588025,0.72,25.74,5.97,84.0,0.15,-0.4,C0F9K0
后里,24.310436,120.729725,1.5,25.91,6.22,83.33,0.48,-0.05,C0F9L0
豐原,24.254322,120.720692,2.13,26.86,4.56,77.78,0.42,-0.08,C0F9M0
大里,24.092464,120.701378,1.44,28.38,-2.62,65.77,0.09,-0.51,C0F9N0
潭子,24.213106,120.703933,0.99,26.98,8.01,78.36,0.18,-0.36,C0F9O0
清水,24.312297,120.562242,0.74,26.01,5.4,83.5,0.06,-0.53,C0F9P0
外埔,24.347817,120.705686,1.93,26.44,3.63,83.57,0.24,-0.34,C0F9Q0
龍井,24.184536,120.528972,0.93,26.57,2.46,80.22,0.08,-0.32,C0F9R0
烏日,24.107058,120.624103,0.81,27.08,5.41,74.77,0.09,-0.48,C0F9S0
西屯,24.179494,120.641275,0.79,26.37,6.01,77.77,0.07,-0.49,C0F9T0
南屯,24.137006,120.637969,0.55,27.19,6.81,74.94,0.08,-0.46,C0F9U0
新社,24.200172,120.815806,1.23,24.19,5.42,86.67,1.0,0.36,C0F9V0
大雅(中科園區),24.21528,120.62445,0.28,25.61,5.33,82.44,0.06,-0.68,C0F9X0
桃山,24.432739,121.303808,0.04,9.17,11.45,89.67,7.86,3.26,C0F9Y0
雪山東峰,24.388792,121.268675,0.34,10.3,7.05,83.41,5.55,0.18,C0F9Z0
芬園,24.015678,120.6213,0.52,25.89,11.46,88.4,0.15,-0.51,C0G620
溪湖,23.94835,120.479122,2.59,28.28,17.18,94.06,0.14,-0.41,C0G660
溪州,23.851589,120.499093,0.98,26.75,-0.5,77.5,0.09,-0.91,C0G720
二林,23.903325,120.376081,0.7,26.17,3.61,87.09,0.07,-0.35,C0G730
大城,23.852487,120.320935,1.01,26.66,-8.93,69.5,0.05,-0.79,C0G740
福興,24.041289,120.437669,1.25,27.65,1.92,75.95,0.09,-0.33,C0G770
秀水,24.03405,120.503869,0.86,27.08,5.97,81.5,0.14,-0.31,C0G780
埔鹽,24.000394,120.431683,2.37,27.77,7.51,85.38,0.12,-0.28,C0G800
埔心,23.947633,120.525456,1.09,27.19,24.76,99.36,0.14,-0.42,C0G810
田尾,23.901669,120.509389,1.53,27.49,5.65,85.33,0.17,-0.5,C0G820
埤頭,23.866003,120.452806,1.31,26.64,14.45,99.5,0.08,-0.42,C0G830
社頭,23.897647,120.5862,1.37,27.97,10.91,81.94,0.14,-0.67,C0G860
二水,23.810742,120.6173,2.2,28.1,5.35,82.45,0.22,-0.63,C0G880
伸港,24.148933,120.484403,0.67,26.45,3.83,79.73,0.07,-0.28,C0G890
線西,24.143358,120.443536,0.72,26.6,1.95,81.6,0.08,-0.26,C0G900
花壇,24.032076,120.549461,2.69,28.77,11.2,82.55,0.08,0.08,C0G910
埔里,23.972169,120.952425,1.31,26.17,-1.53,77.05,1.57,-0.19,C0H890
草屯,23.973672,120.68085,0.96,27.13,4.08,76.77,0.11,-0.48,C0H960
昆陽,24.121322,121.273642,0.89,10.54,5.75,86.45,7.73,3.38,C0H990
神木村,23.532742,120.843667,1.26,18.63,1.43,91.19,6.52,2.3,C0H9A0
合歡山,24.143442,121.272547,0.26,9.24,21.35,92.89,6.58,2.46,C0H9C0
廬山,24.033311,121.181808,1.07,19.31,0.23,82.33,1.67,-1.4,C0I010
信義,23.689694,120.851036,0.19,23.83,-0.73,84.36,2.61,1.07,C0I080
竹山,23.761225,120.688156,1.2,26.35,4.58,83.64,1.45,-0.23,C0I110
水里,23.812553,120.849792,0.65,25.85,0.2,79.68,0.61,-0.71,C0I360
魚池,23.895703,120.94135,0.79,24.12,0.49,85.55,1.35,-0.42,C0I370
集集,23.828206,120.801467,0.4,25.93,1.39,83.78,1.06,-0.63,C0I380
仁愛,24.022122,121.132206,1.11,21.5,-2.45,80.14,0.9,-1.68,C0I390
名間,23.837053,120.701447,0.19,25.84,2.51,82.39,1.69,0.54,C0I410
國姓,24.037803,120.855072,0.66,26.15,0.59,81.32,0.3,-1.26,C0I420
南投,23.911469,120.687331,0.86,27.3,7.54,82.33,0.6,-0.26,C0I460
梅峰,24.085272,121.173572,0.56,15.28,4.94,89.33,2.75,-0.74,C0I480
萬大林道,23.928228,121.091411,0.73,18.97,-4.33,83.39,2.36,-0.5,C0I490
小奇萊,24.131764,121.295717,0.8,10.14,8.95,89.25,10.5,6.44,C0I530
崙背,23.75555,120.318925,0.68,26.22,0.47,82.0,0.25,-0.32,C0K250
四湖,23.630414,120.227125,1.44,27.08,1.06,79.61,0.83,-0.1,C0K280
宜梧,23.536281,120.169329,1.1,26.76,2.22,81.82,0.09,-0.59,C0K291
虎尾,23.719183,120.442036,1.14,27.0,7.55,85.48,0.17,-0.81,C0K330
土庫,23.679029,120.395574,0.89,26.68,7.13,85.5,0.78,0.06,C0K390
斗六,23.720583,120.541127,0.78,26.78,0.26,80.7,0.25,-0.57,C0K400
北港,23.573957,120.292802,0.8,26.73,-0.6,79.22,0.14,-0.65,C0K410
西螺,23.800407,120.467394,0.95,26.73,1.02,82.27,0.11,-0.77,C0K420
褒忠,23.690938,120.303634,0.86,26.36,-5.89,74.61,0.19,-0.43,C0K430
二崙,23.772797,120.408944,0.75,26.25,3.17,83.4,0.12,-0.45,C0K440
大埤,23.646074,120.431537,1.02,26.8,3.2,83.2,0.2,-0.73,C0K450
斗南,23.678734,120.478359,0.85,26.69,2.83,80.91,0.18,-0.62,C0K460
林內,23.748675,120.609642,0.75,26.34,1.38,82.89,1.03,-0.16,C0K470
莿桐,23.761192,120.502372,0.78,26.4,0.88,80.0,0.11,-0.76,C0K480
元長,23.64981,120.315024,0.92,26.73,2.67,81.24,0.14,-0.58,C0K500
水林,23.572924,120.24597,1.11,26.98,2.38,81.17,0.17,-0.72,C0K510
臺西,23.701547,120.197559,0.69,26.38,3.25,82.83,0.22,-0.36,C0K530
蔦松,23.514319,120.229736,0.69,26.74,2.34,82.23,0.09,-0.78,C0K550
棋山,23.68645,120.603417,0.75,26.59,3.0,84.4,4.32,2.76,C0K560
高鐵雲林,23.737456,120.417944,0.58,26.38,5.72,83.45,0.14,-0.51,C0K580
東後寮,23.369908,120.248065,0.77,26.53,3.86,83.32,0.41,-0.55,C0M520
奮起湖,23.493903,120.699253,1.12,19.14,1.31,94.61,6.39,1.22,C0M530
中埔,23.42538,120.5229,0.47,25.99,1.75,82.5,4.56,2.53,C0M640
朴子,23.43463,120.23902,0.17,26.07,5.05,84.06,0.42,-0.64,C0M650
溪口,23.604131,120.403569,1.01,26.68,-1.45,80.65,0.22,-0.59,C0M660
大林,23.600616,120.45841,0.84,26.9,1.98,80.5,0.32,-0.56,C0M670
太保,23.455062,120.331455,0.6,26.74,1.36,81.1,1.1,0.11,C0M680
水上,23.419734,120.388909,0.89,26.63,10.24,89.17,4.19,3.29,C0M690
竹崎,23.526178,120.555508,0.65,26.12,1.71,84.56,4.47,2.79,C0M700
東石,23.458927,120.15385,0.85,26.8,2.95,81.48,0.26,-0.71,C0M710
番路,23.464657,120.554156,0.74,25.7,4.99,86.23,3.57,1.68,C0M720
嘉義市東區,23.457673,120.460531,0.79,27.75,2.83,77.64,1.61,0.4,C0M730
六腳,23.492871,120.290625,0.69,26.71,3.09,81.11,0.44,-0.49,C0M740
布袋,23.380878,120.167789,0.82,26.89,-0.66,79.83,0.5,-0.79,C0M750
民雄,23.551754,120.428457,0.74,26.91,1.46,80.82,1.41,0.54,C0M760
嘉義梅山,23.585398,120.555587,0.63,26.15,9.31,90.14,5.91,4.37,C0M770
鹿草,23.41134,120.30835,0.82,26.98,5.59,83.22,3.25,2.26,C0M780
新港,23.553269,120.345728,0.74,26.96,1.06,79.05,0.15,-0.67,C0M790
茶山,23.299075,120.664767,0.03,24.16,3.69,88.89,9.44,6.07,C0M800
里佳,23.389125,120.716647,0.62,19.53,-2.76,87.56,10.5,7.54,C0M810
達邦,23.453994,120.749517,0.43,21.4,4.91,88.45,5.25,2.76,C0M820
表湖,23.24186,120.64166,0.38,22.46,1.95,91.2,8.55,6.92,C0M850
新美,23.338017,120.683169,-0.07,23.72,4.18,86.44,7.0,5.87,C0M860
北寮,23.079561,120.495008,0.58,26.29,8.41,91.94,6.06,3.59,C0O830
王爺宮,23.222064,120.40085,2.89,28.25,-4.82,79.95,2.07,0.71,C0O840
大內,23.11885,120.36083,1.65,28.15,5.31,85.65,5.32,3.88,C0O860
善化,23.112883,120.297219,0.94,27.03,9.72,89.05,3.98,2.64,C0O900
崎頂,22.959547,120.369317,1.08,26.43,8.2,90.11,6.72,4.92,C0O960
虎頭埤,23.021375,120.347878,0.5,26.15,3.4,85.22,8.39,6.63,C0O970
新市,23.061614,120.298197,1.33,27.84,4.28,82.14,4.27,2.98,C0O980
媽廟,22.99175,120.293525,-0.05,26.6,17.83,96.59,5.05,3.49,C0O990
尾寮山,22.833111,120.683889,1.32,21.34,-1.65,89.94,18.47,7.76,C0R100
阿禮,22.742908,120.743678,0.18,21.09,2.2,86.38,30.14,24.07,C0R130
瑪家,22.682903,120.686639,-0.19,21.95,9.08,97.11,28.75,22.92,C0R140
三地門,22.709889,120.639944,0.47,26.8,-6.85,71.91,15.16,10.25,C0R150
鹽埔,22.739558,120.530778,0.09,26.63,1.12,88.5,20.17,16.76,C0R160
屏東,22.660269,120.494072,0.51,27.22,-0.8,80.0,23.33,20.56,C0R170
赤山,22.592333,120.614306,0.04,26.39,4.78,90.3,27.19,21.41,C0R190
潮州,22.534361,120.54,0.42,27.14,4.0,82.28,26.64,23.57,C0R220
來義,22.527306,120.625111,-0.54,25.4,9.35,92.55,29.98,23.17,C0R240
春日,22.370361,120.628306,-0.39,25.77,3.96,84.89,34.78,30.3,C0R260
琉球嶼,22.332244,120.362236,0.2,26.97,2.09,85.5,11.8,9.96,C0R270
車城,22.0744,120.716247,-0.44,26.94,11.47,82.9,16.38,15.2,C0R320
牡丹,22.130036,120.792639,1.53,25.02,7.82,93.95,23.73,18.42,C0R341
貓鼻頭,21.921774,120.7358,0.78,27.14,2.18,80.61,8.86,5.71,C0R350
大漢山,22.405264,120.753181,1.23,16.6,4.19,97.41,62.36,56.67,C0R440
高樹,22.826389,120.600806,0.18,26.87,-3.02,75.55,18.15,15.52,C0R470
長治,22.693128,120.542622,0.54,27.32,7.39,88.78,25.72,22.97,C0R480
九如,22.7405,120.490503,0.77,27.65,-0.74,80.0,12.48,9.49,C0R490
崁頂,22.514781,120.506914,1.84,28.93,4.44,84.06,19.17,16.73,C0R520
佳冬,22.419456,120.552375,-0.15,26.74,5.17,83.94,25.39,23.03,C0R540
新埤,22.467947,120.582894,0.53,26.92,-1.07,81.25,18.66,15.6,C0R550
新園,22.5434,120.461558,1.04,28.06,-1.82,77.0,16.95,14.97,C0R560
麟洛,22.65078,120.52719,1.07,28.1,5.3,83.68,18.95,15.84,C0R570
南州,22.48591,120.50274,-0.0,26.83,6.75,85.7,15.74,13.47,C0R580
里港,22.77919,120.49459,0.03,26.74,3.23,83.92,16.75,14.27,C0R590
舊泰武,22.588194,120.664944,0.28,22.53,2.43,91.06,37.08,26.57,C0R600
墾雷,21.900836,120.855269,-0.03,26.78,8.6,91.56,7.17,-5.83,C0R620
東港,22.46247,120.44074,0.26,27.28,4.62,84.5,35.43,34.61,C0R640
竹田,22.58486,120.54344,0.23,26.96,-3.51,79.59,18.75,16.58,C0R650
枋寮,22.367722,120.590647,-0.13,26.78,8.04,87.0,20.03,19.14,C0R660
楓港,22.190131,120.692156,-0.54,26.9,6.6,74.17,27.75,26.88,C0R670
佳樂水,21.993578,120.861633,0.19,27.36,4.01,81.83,4.97,0.91,C0R680
墾丁,21.966756,120.810269,0.46,25.09,13.87,99.91,9.09,5.44,C0R690
枋山,22.246844,120.661086,-0.65,26.76,12.15,79.28,20.08,19.69,C0R700
龍磐,21.931672,120.838942,-0.06,26.12,5.53,88.4,5.38,1.01,C0R710
旭海,22.205403,120.887614,0.05,24.92,14.4,99.22,20.22,14.98,C0R720
大坪頂,22.024633,120.69355,0.1,25.92,14.42,89.68,13.0,12.09,C0R730
獅子,22.201569,120.70525,0.4,27.25,5.95,75.95,28.25,27.08,C0R740
四林格山,22.076989,120.802439,1.0,23.01,7.0,100.0,14.7,9.47,C0R750
南仁湖,22.084681,120.863353,0.4,24.04,7.72,97.33,15.64,7.99,C0R760
保力,22.071122,120.764111,0.4,26.14,5.35,85.0,21.08,18.11,C0R770
滿州,22.024403,120.839892,0.35,26.7,1.85,81.11,10.86,6.17,C0R780
九棚,22.14195,120.889281,0.23,26.13,3.21,84.91,9.41,4.93,C0R790
丹路,22.204481,120.750989,0.46,26.32,5.85,80.72,44.92,41.79,C0R800
內獅,22.305064,120.642986,-0.06,26.57,17.63,97.11,24.36,23.56,C0R810
白鷺,22.454275,120.666219,0.25,23.21,6.57,92.83,50.67,50.12,C0R820
高士,22.121825,120.836781,0.68,23.8,2.88,92.18,21.86,15.19,C0R830
牡丹池山,22.168389,120.841225,0.81,22.77,3.77,96.82,25.09,19.03,C0R840
下馬,23.150427,121.070312,0.9,21.38,6.46,91.11,37.69,36.18,C0S660
太麻里,22.60902,120.98533,1.04,23.12,7.42,91.22,44.39,37.43,C0S690
知本,22.684866,121.005642,0.88,22.91,7.54,93.67,73.5,63.71,C0S700
鹿野,22.917711,121.122994,1.43,23.85,6.83,89.59,33.48,25.34,C0S710
綠島,22.6672,121.47533,1.01,26.19,11.92,95.57,12.76,3.79,C0S730
池上,23.119628,121.209469,1.0,23.98,4.79,90.44,28.5,21.65,C0S740
向陽,23.248397,120.986133,1.12,13.58,5.59,97.61,32.67,22.77,C0S750
大溪山,22.478475,120.943325,0.76,23.57,5.58,90.67,37.0,28.46,C0S770
金崙,22.538122,120.966875,1.23,25.25,4.37,87.0,31.61,22.74,C0S790
東河,22.972672,121.303986,0.22,26.16,7.85,86.59,15.89,6.9,C0S810
長濱,23.286817,121.411975,1.19,25.25,4.08,83.28,14.78,4.59,C0S830
南田,22.279725,120.889208,0.74,26.79,18.86,98.67,20.71,13.95,C0S840
關山,23.0395,121.175017,0.81,24.81,5.11,89.09,29.98,13.31,C0S890
蘭嶼高中,22.04909,121.51214,0.72,27.4,7.59,83.23,14.82,8.28,C0S900
蘭嶼燈塔,22.081197,121.503117,0.51,25.37,9.9,92.94,9.19,4.64,C0S910
金峰嘉蘭,22.594789,120.960825,0.58,25.29,7.4,88.25,62.9,59.93,C0S920
延平,22.902581,121.084058,0.62,24.7,7.1,85.9,48.72,47.64,C0S930
石寧山,23.223772,121.406639,0.98,25.63,8.15,87.89,12.75,9.03,C0S940
七塊厝,22.954453,121.229922,0.89,23.6,6.07,91.68,35.75,33.68,C0S950
香蘭,22.587569,120.993375,0.52,26.85,10.66,84.57,31.07,28.14,C0S960
加津林,22.416211,120.926942,0.68,26.93,7.21,80.73,22.8,20.03,C0S970
勝林山,22.430439,120.8938,0.85,20.05,4.19,97.86,41.07,35.45,C0S980
山豬窟,22.318619,120.857372,0.36,23.52,5.74,90.61,36.03,32.48,C0S990
歷坵,22.520969,120.89185,1.08,23.21,7.06,92.91,46.16,43.38,C0SA00
檳榔四格山,22.810031,121.109308,0.79,23.66,7.4,93.05,23.7,22.21,C0SA10
金崙山,22.567419,120.959667,1.19,20.68,2.54,95.61,62.22,58.14,C0SA20
都歷,23.020333,121.323642,1.01,26.12,23.22,98.61,20.44,17.62,C0SA30
瑞和,22.974361,121.156697,0.91,24.9,12.5,94.09,24.7,23.39,C0SA40
知本（水試所）,22.702394,121.082761,0.32,26.26,8.36,85.36,26.77,23.06,C0SA60
土坂,22.453108,120.887572,0.44,24.76,8.23,90.67,62.19,58.47,C0SA80
達仁林場,22.264347,120.823972,0.6,22.84,10.53,99.94,43.83,37.77,C0SA90
大禹嶺,24.186117,121.316086,0.69,11.75,10.92,90.5,6.67,2.37,C0T790
天祥,24.179597,121.495639,1.41,22.41,5.51,87.68,11.41,3.08,C0T820
鯉魚潭,23.935639,121.508944,0.86,23.93,2.79,91.14,10.11,-3.23,C0T870
西林,23.8119,121.441458,1.43,24.78,5.21,88.23,11.52,-5.8,C0T900
光復,23.660694,121.424964,1.26,24.89,-0.38,88.61,9.97,-3.48,C0T960
月眉山,23.809928,121.539828,1.16,22.78,0.17,94.11,10.11,-3.78,C0T9A0
水源,23.991861,121.537169,1.64,22.94,2.15,89.68,13.2,-1.04,C0T9B0
和中,24.26676,121.74103,0.39,25.4,16.44,98.77,18.84,0.66,C0T9D0
大坑,23.880628,121.581981,1.21,23.28,4.05,92.83,13.31,-3.75,C0T9E0
水璉,23.797131,121.542514,0.57,24.34,6.03,90.4,10.9,-4.6,C0T9F0
鳳林山,23.735269,121.420131,0.47,22.26,1.47,93.86,12.7,-3.24,C0T9G0
加路蘭山,23.682947,121.5274,1.78,22.21,2.48,96.61,14.44,-0.48,C0T9H0
豐濱,23.583897,121.514806,0.34,23.93,11.72,98.55,14.2,-0.74,C0T9I0
靜浦,23.455167,121.495028,1.32,25.62,6.46,89.2,14.75,3.75,C0T9M0
富里,23.171639,121.249378,0.88,24.19,10.93,95.89,24.86,21.75,C0T9N0
雙連埤,24.753033,121.641303,1.02,21.34,0.87,97.11,19.11,-1.95,C0U520
礁溪,24.817539,121.765608,1.08,25.05,-2.98,86.11,10.81,-2.3,C0U600
玉蘭,24.675286,121.587061,1.24,22.5,12.12,100.0,25.73,4.07,C0U650
太平山,24.505486,121.525656,2.1,15.35,0.19,96.33,8.17,-9.24,C0U710
南山,24.43742,121.38167,1.99,18.85,2.38,96.06,7.78,3.33,C0U720
龜山島,24.841667,121.953133,0.42,22.89,1.7,93.83,7.14,1.83,C0U750
東澳,24.52196,121.83318,0.44,25.05,10.79,97.09,36.39,3.08,C0U760
南澳,24.44935,121.81022,0.37,25.34,7.05,86.05,18.23,-3.1,C0U770
五結,24.68637,121.79794,0.88,25.15,2.42,86.72,17.89,-1.15,C0U780
頭城,24.85323,121.8308,1.57,25.66,5.1,89.35,10.28,-5.7,C0U860
大礁溪,24.791042,121.675047,1.88,22.48,7.83,96.43,13.14,-3.89,C0U870
三星,24.66812,121.65302,2.49,25.24,5.94,96.68,24.23,4.5,C0U890
內城,24.71813,121.68766,2.17,25.19,2.3,88.85,13.65,-2.6,C0U900
冬山,24.63373,121.7937,2.0,25.53,13.43,97.5,22.72,1.53,C0U910
羅東,24.68184,121.74934,2.39,25.31,2.9,87.94,11.75,-4.82,C0U940
鶯子嶺,24.89754,121.79244,2.17,19.06,3.1,99.78,22.83,1.83,C0U950
翠峰湖,24.510856,121.608044,2.58,15.48,3.68,99.27,14.48,2.11,C0U960
大福,24.80064,121.81389,1.83,25.67,0.14,85.48,10.12,-5.47,C0U970
坪林石牌,24.86478,121.77396,2.23,21.91,3.1,97.4,13.32,-2.83,C0U980
員山,24.74435,121.72247,1.99,25.46,4.79,88.72,16.44,0.35,C0U990
土場,24.576533,121.495333,1.92,22.96,8.76,100.0,7.69,2.52,C0UA00
鴛鴦湖,24.590269,121.412228,2.42,16.42,1.61,98.45,19.57,5.75,C0UA10
多加屯,24.368614,121.373189,1.48,12.17,5.94,91.1,7.1,4.1,C0UA20
白嶺,24.527819,121.519031,1.94,17.58,1.76,98.11,9.86,2.64,C0UA30
西德山,24.560647,121.752608,2.37,19.13,0.68,96.41,51.61,20.65,C0UA40
西帽山,24.555361,121.802628,1.68,20.06,1.22,97.52,58.55,19.69,C0UA50
樟樹山,24.41393,121.78325,1.89,22.5,10.43,98.23,19.98,4.52,C0UA60
桃源谷,24.962606,121.888875,2.59,22.39,1.13,97.41,23.59,-0.42,C0UA70
復興,23.222403,120.806089,0.05,23.03,4.97,84.11,5.47,3.03,C0V210
美濃,22.898742,120.519153,1.09,27.42,1.31,82.35,13.3,10.14,C0V310
溪埔,22.738578,120.446797,0.07,26.64,7.1,88.39,22.06,19.73,C0V350
內門,22.975481,120.466769,0.73,26.42,8.98,93.28,7.94,5.68,C0V360
古亭坑,22.893178,120.401947,0.65,26.32,3.03,87.82,8.45,7.28,C0V370
阿公店,22.804194,120.355528,-0.61,25.74,3.96,84.25,16.69,15.01,C0V400
鳳山,22.646653,120.356122,-0.5,26.64,9.49,87.94,24.17,21.64,C0V440
鳳森,22.545064,120.392592,-0.07,26.5,0.91,84.72,22.31,19.27,C0V450
新興,22.627422,120.298803,0.49,27.89,3.23,77.23,21.27,19.1,C0V490
阿蓮,22.883208,120.327508,1.52,28.22,-15.31,64.0,10.75,9.26,C0V530
梓官,22.760558,120.267211,-0.1,27.04,4.21,81.89,17.89,16.21,C0V610
永安,22.82315,120.236856,0.07,26.84,1.76,82.11,12.53,10.59,C0V620
茄萣,22.906642,120.182608,0.54,27.35,8.16,82.77,10.95,9.57,C0V630
湖內,22.887139,120.2445,0.01,26.78,3.21,81.23,9.61,7.95,C0V640
彌陀,22.783806,120.246361,0.59,27.51,6.18,85.22,14.42,12.75,C0V650
岡山,22.797078,120.294958,0.5,27.85,5.91,81.44,17.19,15.08,C0V660
仁武,22.701083,120.347722,0.08,27.42,10.0,87.22,28.53,25.93,C0V680
鼓山,22.623325,120.275575,-0.13,27.06,4.55,82.73,25.11,23.05,C0V690
三民,22.645017,120.311233,0.11,27.89,5.35,76.73,22.91,20.72,C0V700
苓雅,22.622742,120.330669,0.48,28.06,11.07,81.83,22.53,20.09,C0V710
林園,22.507747,120.394511,0.63,28.55,8.14,81.3,18.1,16.52,C0V720
大寮,22.605614,120.395717,-0.01,27.46,8.38,83.73,17.14,15.27,C0V730
旗山,22.888614,120.483597,1.4,28.0,0.97,79.62,12.52,10.91,C0V740
路竹,22.854997,120.259439,0.96,28.15,3.64,79.18,11.23,9.28,C0V750
橋頭,22.757806,120.30575,0.26,27.75,6.95,83.25,16.43,14.61,C0V760
大社,22.730306,120.346639,0.01,27.11,11.84,88.3,27.72,25.2,C0V770
萬山,22.905944,120.688056,0.48,24.74,2.38,84.2,8.82,5.78,C0V790
六龜,22.997889,120.633583,0.59,26.27,4.86,84.77,4.91,1.24,C0V800
左營,22.67491,120.28491,-0.06,26.9,1.05,81.82,18.2,16.02,C0V810
小林,23.148408,120.63325,0.59,24.88,3.68,87.55,5.5,2.97,C0V820
東莒,25.9652,119.98069,0.19,23.69,3.39,81.78,1.28,0.81,C0W110
花嶼,23.40007,119.32276,0.53,26.15,4.79,85.14,2.36,1.17,C0W130
金沙,24.488292,118.408778,0.71,25.61,-2.83,66.39,0.0,-0.72,C0W140
金寧,24.457703,118.328989,0.73,26.23,-0.74,68.39,0.0,-0.7,C0W150
東河,23.296598,120.385608,0.46,26.87,-2.33,79.32,0.77,-0.31,C0X050
下營,23.22695,120.256261,0.64,26.92,1.27,80.14,1.45,0.34,C0X060
佳里,23.173039,120.145086,0.73,27.05,6.47,84.78,6.39,5.24,C0X080
臺南市北區,23.010394,120.194228,0.63,27.61,9.78,81.62,5.24,4.28,C0X100
臺南市南區,22.961189,120.188378,0.64,27.82,2.24,79.35,8.45,7.39,C0X110
麻豆,23.183289,120.248611,1.2,27.85,8.15,84.09,2.66,1.73,C0X120
官田,23.193217,120.315422,0.82,27.52,4.47,82.32,1.59,0.57,C0X130
西港,23.125608,120.203108,1.07,27.75,7.66,83.65,4.88,3.86,C0X140
安定,23.102614,120.227839,0.89,27.36,7.08,84.94,4.89,3.81,C0X150
仁德,22.968258,120.257689,0.72,27.7,5.32,80.94,7.61,6.35,C0X160
關廟,22.963017,120.327797,-0.23,26.62,7.79,82.67,6.67,4.94,C0X170
山上,23.0757,120.363253,0.93,27.04,2.25,82.73,6.82,5.35,C0X180
安平,22.993161,120.152181,0.41,27.18,5.26,82.77,7.55,6.21,C0X190
左鎮,23.056758,120.408522,1.63,27.24,0.02,83.39,5.31,3.36,C0X200
白河,23.347466,120.414427,0.59,26.71,2.34,82.72,0.92,-0.31,C0X210
學甲,23.230367,120.182187,0.79,26.83,4.32,82.22,3.03,1.95,C0X220
鹽水,23.272621,120.247641,0.46,26.56,4.5,83.27,0.91,-0.21,C0X230
關子嶺,23.331169,120.508025,0.45,24.25,6.19,94.25,12.3,8.29,C0X240
新營,23.310689,120.316681,0.68,26.97,5.9,84.77,0.59,-0.48,C0X250
後壁,23.366358,120.362326,0.77,26.73,0.11,81.72,0.78,-0.5,C0X260
將軍,23.214999,120.13577,0.45,26.54,4.07,82.95,3.33,2.17,C0X280
北門,23.267772,120.125481,0.7,26.89,4.92,84.09,2.32,1.31,C0X290
鹿寮,23.386047,120.477331,0.71,26.32,8.28,92.94,4.03,2.28,C0X300
柳營,23.253328,120.375253,0.7,26.99,4.96,82.05,1.1,0.94,C0X320
明里,23.208717,121.262342,1.26,24.07,4.44,92.17,20.97,10.5,C0Z020
佳心,23.34567,121.21316,1.34,20.76,9.6,96.77,20.55,14.57,C0Z050
玉里,23.3215,121.339656,0.85,24.25,2.93,88.5,21.17,8.01,C0Z061
舞鶴,23.46811,121.37407,1.45,23.95,9.14,98.86,10.41,1.2,C0Z070
富源,23.587642,121.378225,1.62,24.14,1.1,91.14,9.67,1.68,C0Z080
東華,23.89525,121.549833,1.02,25.46,4.65,90.56,5.61,-8.97,C0Z100
吉安光華,23.930925,121.595153,0.74,25.37,-9.58,76.89,12.47,-3.47,C0Z150
鳳林,23.746114,121.453411,1.24,25.06,11.42,96.77,10.89,-6.93,C0Z160
卓溪,23.3443,121.3029,1.13,24.53,5.31,87.14,16.05,13.38,C0Z170
富世,24.14743,121.6297,1.31,25.75,-2.1,83.72,11.83,4.25,C0Z190
萬榮,23.709219,121.420106,1.12,24.62,-1.5,85.7,12.28,-5.95,C0Z200
瑞穗,23.5239,121.39021,1.65,24.76,3.64,89.5,10.69,4.77,C0Z210
和平林道,24.343922,121.656317,1.33,22.15,2.03,90.73,12.25,5.01,C0Z220
和平,24.30717,121.77007,0.61,25.33,7.64,80.17,12.19,3.69,C0Z230
瑞穗林道,23.49284,121.30688,3.4,21.07,0.83,96.7,18.8,11.0,C0Z250
蕃薯寮,23.73835,121.540108,1.15,23.7,-1.77,88.55,12.4,-7.86,C0Z270
德武,23.47426,121.41071,1.61,24.79,1.84,88.59,9.91,5.37,C0Z280
赤柯山,23.36893,121.38293,1.45,20.13,5.23,97.78,19.36,13.23,C0Z290
東里,23.26853,121.30547,1.35,24.64,-3.13,88.15,20.08,16.31,C0Z300
清水斷崖,24.218294,121.689142,1.22,25.58,3.44,83.8,11.45,2.99,C0Z310
清水林道,23.27125,121.188272,1.51,21.69,0.34,89.35,39.65,36.19,C0Z320
安通山,23.290728,121.348528,1.05,22.53,6.71,93.73,19.11,15.4,C0Z330
口湖工作站,23.589978,120.180394,1.11,26.5,3.88,75.18,0.11,0.11,12J990
東港工作站,22.479997,120.466058,0.21,27.35,3.84,71.78,9.58,8.52,12Q970
恆春工作站,22.079678,120.714425,0.62,27.5,6.65,71.95,11.2,10.61,12Q980
萬大發電廠,23.978875,121.139639,1.13,22.24,-10.55,75.4,0.38,-0.09,42HA10
桃改樹林分場,24.944503,121.386972,1.98,25.8,-3.17,77.18,3.36,0.21,72AI40
桃園農改場,24.950944,121.030583,1.61,25.8,4.78,82.32,2.16,0.32,72C440
桃改五峰分場,24.612194,121.157167,1.97,20.56,2.91,91.0,4.61,-0.99,72D080
桃改新埔分場,24.834444,121.066111,1.52,25.71,4.62,80.18,0.55,0.31,72D680
臺中農改場,24.003028,120.534389,1.37,26.85,4.54,82.1,0.12,-0.73,72G600
中改埔里分場,23.903208,120.963364,0.93,23.5,-0.17,87.1,1.25,0.73,72HA00
南改斗南分場,23.634556,120.477333,1.41,26.81,2.56,82.73,0.5,-0.63,72K220
南改義竹分場,23.360694,120.279361,0.88,26.53,1.58,81.86,0.43,-0.42,72M360
南改鹿草分場,23.416869,120.283061,1.06,26.43,6.93,85.64,1.0,0.88,72M700
臺南農改場,23.0605,120.342194,0.37,26.36,7.6,87.68,8.98,7.51,72N100
七股研究中心,23.081672,120.062894,1.0,27.05,6.19,84.29,6.29,6.23,72N240
高雄農改場,22.709333,120.525889,0.01,26.74,8.76,88.59,15.39,12.89,72Q010
東改班鳩分場,22.829528,121.077694,1.14,25.2,3.0,82.73,37.25,29.77,72S200
東改賓朗果園,22.813889,121.071278,0.81,24.43,1.9,86.64,37.39,33.37,72S590
花蓮農改場,23.975222,121.563889,1.19,25.53,1.8,83.5,12.69,0.37,72T250
花改蘭陽分場,24.686306,121.716583,1.62,25.23,2.93,88.36,22.23,3.65,72U480
高改旗南分場,22.857861,120.516667,-0.25,26.69,9.05,84.55,18.1,15.5,72V140
茶改北部分場,24.955778,121.631222,2.01,23.07,1.36,88.32,8.2,-5.41,82A750
茶改場,24.908472,121.185333,1.71,24.93,-0.74,80.59,1.98,-1.71,82C160
茶改中部分場,23.875611,120.913583,0.14,22.35,0.4,86.15,0.65,-0.96,82H320
茶改南部分場,23.762528,120.7405,0.33,24.16,1.5,88.8,2.02,-0.13,82H840
茶改東部分場,22.907694,121.130139,0.56,25.16,3.58,84.82,21.02,12.53,82S580
農工中心,24.985917,121.239833,1.43,25.33,4.79,77.55,2.77,-0.14,A2C560
水試臺西試驗場,23.717231,120.190522,1.11,26.61,6.0,85.68,0.18,-0.02,A2K360
臺大雲林校區,23.730628,120.423903,1.0,26.07,5.27,83.4,0.18,0.15,A2K630
臺南蘭花園區,23.340258,120.379661,0.84,26.48,5.07,83.55,0.6,0.56,A2N290
畜試北區分所,24.527806,120.770972,1.23,24.98,7.79,85.41,0.61,0.23,B2E890
畜產試驗所,23.058972,120.336406,0.53,26.17,5.46,86.95,7.48,5.61,B2N890
畜試南區分所,21.945583,120.802167,0.4,27.08,3.42,77.71,6.95,1.85,B2Q810
畜試東區分所,24.669039,121.832561,1.74,25.15,3.73,90.86,17.23,-6.71,B2U990
蓮華池,23.918333,120.885278,-0.08,23.44,6.64,87.27,0.39,-1.3,E2H360
林試畢祿溪站,24.226944,121.308522,-0.47,14.13,7.19,89.19,4.6,3.33,E2HA20
四湖植物園,23.676986,120.163433,1.02,26.69,8.15,90.59,0.94,0.93,E2K600
林試六龜中心,22.991703,120.645722,0.46,25.48,-9.75,73.68,6.02,5.7,E2P980
林試太麻里2,22.598,120.99775,-0.07,25.86,6.28,82.8,37.57,33.81,E2S960
林試太麻里1,22.598922,120.980044,0.43,25.37,4.38,83.17,40.47,35.73,E2S980
農試所(霧峰),24.031261,120.688133,1.24,26.87,8.77,88.4,0.28,-0.57,G2F820
農試嘉義分所,23.485028,120.473806,1.06,26.19,7.53,86.71,1.55,0.12,G2L020
農試溪口農場,23.58565,120.408111,1.13,26.89,2.2,83.73,0.14,0.1,G2M350
農試鳳山分所,22.646611,120.356083,0.09,27.06,7.05,81.91,18.48,16.64,G2P820
苗栗農改場,24.495722,120.829111,1.07,25.09,2.95,83.82,0.84,-0.55,K2E360
苗改生物防治研究中心,24.422861,120.871833,1.14,23.95,1.28,83.45,1.68,1.09,K2E710
種苗改良場,24.225972,120.800917,1.18,24.11,10.38,89.6,1.1,-0.59,K2F750
溪頭,23.670306,120.798194,0.83,19.42,2.38,94.36,4.14,1.98,U2H480
臺大和社,23.590856,120.888864,0.79,22.56,6.46,87.73,2.48,1.68,U2HA30
臺大內茅埔,23.689722,120.851117,0.16,23.78,4.9,85.45,2.85,2.44,U2HA40
臺大竹山,23.756972,120.681556,1.21,26.5,0.47,79.78,2.39,2.0,U2HA50
臺大竹山,23.756972,120.681556,1.21,26.5,0.47,79.78,2.39,2.0,U2HA50
臺大內茅埔,23.689722,120.851117,0.16,23.78,4.9,85.45,2.85,2.44,U2HA40
臺大和社,23.590856,120.888864,0.79,22.56,6.46,87.73,2.48,1.68,U2HA30
臺大溪頭,23.670306,120.798194,0.83,19.42,2.38,94.36,4.14,1.98,U2H480
種苗繁殖,24.225972,120.800917,1.18,24.11,10.38,89.6,1.1,-0.59,K2F750
苗改生物防治研究中心,24.422861,120.871833,1.14,23.95,1.28,83.45,1.68,1.09,K2E710
苗栗農改,24.495722,120.829111,1.07,25.09,2.95,83.82,0.84,-0.55,K2E360
農試鳳山分所,22.646611,120.356083,0.09,27.06,7.05,81.91,18.48,16.64,G2P820
農試溪口農場,23.58565,120.408111,1.13,26.89,2.2,83.73,0.14,0.1,G2M350
農試嘉義分所,23.485028,120.473806,1.06,26.19,7.53,86.71,1.55,0.12,G2L020
農業試驗所,24.031261,120.688133,1.24,26.87,8.77,88.4,0.28,-0.57,G2F820
林試太麻里1,22.598922,120.980044,0.43,25.37,4.38,83.17,40.47,35.73,E2S980
林試太麻里2,22.598014,120.989761,-0.07,25.86,6.28,82.8,37.57,33.81,E2S960
林試六龜中心,22.991703,120.645722,0.46,25.48,-9.75,73.68,6.02,5.7,E2P980
四湖植物園,23.676986,120.163433,1.02,26.69,8.15,90.59,0.94,0.93,E2K600
林試畢祿溪站,24.226944,121.308522,-0.47,14.13,7.19,89.19,4.6,3.33,E2HA20
蓮華池,23.918333,120.885278,-0.08,23.44,6.64,87.27,0.39,-1.3,E2H360
畜試東區分所,24.669039,121.832561,1.74,25.15,3.73,90.86,17.23,-6.71,B2U990
畜試南區分所,21.945583,120.802167,0.4,27.08,3.42,77.71,6.95,1.85,B2Q810
畜試所,23.058972,120.336406,0.53,26.17,5.46,86.95,7.48,5.61,B2N890
畜試北區分所,24.527806,120.770972,1.23,24.98,7.79,85.41,0.61,0.23,B2E890
臺南蘭花園區,23.340258,120.379661,0.84,26.48,5.07,83.55,0.6,0.56,A2N290
臺大雲林校區,23.730628,120.423903,1.0,26.07,5.27,83.4,0.18,0.15,A2K630
水試臺西試驗場,23.717231,120.190522,1.11,26.61,6.0,85.68,0.18,-0.02,A2K360
農工中心,24.985917,121.239833,1.43,25.33,4.79,77.55,2.77,-0.14,A2C560
茶改東部分場,22.907694,121.130139,0.56,25.16,3.58,84.82,21.02,12.53,82S580
茶改南部分場,23.762528,120.7405,0.33,24.16,1.5,88.8,2.02,-0.13,82H840
茶改中部分場,23.875611,120.913583,0.14,22.35,0.4,86.15,0.65,-0.96,82H320
茶改場,24.908472,121.185333,1.71,24.93,-0.74,80.59,1.98,-1.71,82C160
茶改北部分場,24.955778,121.631222,2.01,23.07,1.36,88.32,8.2,-5.41,82A750
高改旗南分場,22.857861,120.516667,-0.25,26.69,9.05,84.55,18.1,15.5,72V140
花改蘭陽分場,24.686306,121.716583,1.62,25.23,2.93,88.36,22.23,3.65,72U480
花蓮農改,23.975222,121.563889,1.19,25.53,1.8,83.5,12.69,0.37,72T250
東改賓朗果園,22.813889,121.071278,0.81,24.43,1.9,86.64,37.39,33.37,72S590
東改班鳩分場,22.829528,121.077694,1.14,25.2,3.0,82.73,37.25,29.77,72S200
高雄農改,22.709333,120.525889,0.01,26.74,8.76,88.59,15.39,12.89,72Q010
七股研究中心,23.081672,120.062894,1.0,27.05,6.19,84.29,6.29,6.23,72N240
臺南農改,23.0605,120.342194,0.37,26.36,7.6,87.68,8.98,7.51,72N100
南改鹿草分場,23.416869,120.283061,1.06,26.43,6.93,85.64,1.0,0.88,72M700
南改義竹分場,23.360694,120.279361,0.88,26.53,1.58,81.86,0.43,-0.42,72M360
南改斗南分場,23.634556,120.477333,1.41,26.81,2.56,82.73,0.5,-0.63,72K220
中改埔里分場,23.903208,120.963364,0.93,23.5,-0.17,87.1,1.25,0.73,72HA00
臺中農改,24.003028,120.534389,1.37,26.85,4.54,82.1,0.12,-0.73,72G600
桃改新埔分場,24.834444,121.066111,1.52,25.71,4.62,80.18,0.55,0.31,72D680
桃改五峰分場,24.612194,121.157167,1.97,20.56,2.91,91.0,4.61,-0.99,72D080
桃園農改,24.950944,121.030583,1.61,25.8,4.78,82.32,2.16,0.32,72C440
桃改樹林分場,24.944503,121.386972,1.98,25.8,-3.17,77.18,3.36,0.21,72AI40
萬大發電廠,23.978875,121.139639,1.13,22.24,-10.55,75.4,0.38,-0.09,42HA10
恆春工作站,22.079678,120.714425,0.62,27.5,6.65,71.95,11.2,10.61,12Q980
東港工作站,22.479997,120.466058,0.21,27.35,3.84,71.78,9.58,8.52,12Q970
口湖工作站,23.589978,120.180394,1.11,26.5,3.88,75.18,0.11,0.11,12J990
