站名,緯度,經度,平均溫距平,本年度平均溫,平均溼度距平,本年度日均相對溼度,本年度日均降水量,日均降水量距平,站號
淡水,25.164889,121.448906,1.22,25.39,2.81,80.78,9.55,4.18,466900
鞍部,25.182586,121.529731,1.51,19.89,6.31,97.28,61.26,39.46,466910
臺北,25.037658,121.514853,1.5,26.57,4.75,79.06,4.65,-0.65,466920
竹子湖,25.162078,121.544547,1.66,21.78,5.54,92.11,40.56,19.5,466930
基隆,25.133314,121.740475,1.1,25.75,8.14,83.59,38.72,26.32,466940
花蓮,23.975128,121.613275,0.76,26.04,6.44,81.56,10.63,-1.74,466990
新屋,25.006744,121.047486,0.93,25.78,6.81,82.6,2.71,0.35,467050
宜蘭,24.763975,121.756528,1.41,25.69,7.87,87.06,12.05,-2.71,467080
金門,24.407306,118.289281,0.47,25.12,10.14,77.28,0.01,-1.33,467110
田中,23.873803,120.581286,0.94,27.01,10.68,85.89,0.2,0.18,467270
澎湖,23.565503,119.563094,0.51,26.42,8.59,83.36,0.45,-0.57,467350
臺南,22.993239,120.204772,0.51,27.38,5.52,78.17,4.5,3.28,467410
永康,23.038386,120.2367,0.88,27.21,8.04,80.56,4.98,3.6,467420
嘉義,23.495925,120.432906,1.13,26.63,6.9,84.73,0.3,-0.95,467480
臺中,24.145736,120.684075,1.28,27.34,5.44,75.68,0.1,-0.91,467490
阿里山,23.508208,120.813242,0.79,13.62,1.94,89.74,5.37,-0.08,467530
大武,22.355675,120.903789,0.52,26.86,6.4,79.61,29.79,22.58,467540
玉山,23.487614,120.959522,0.06,6.96,6.43,72.78,8.65,3.82,467550
新竹,24.827853,121.014219,1.35,26.4,6.4,79.22,0.48,-1.41,467571
恆春,22.003897,120.746339,0.74,27.58,5.32,76.55,12.25,8.15,467590
成功,23.097486,121.373428,0.79,26.39,5.68,80.17,13.94,4.5,467610
日月潭,23.881325,120.90805,1.23,22.18,5.15,87.61,0.62,-1.07,467650
臺東,22.752211,121.154586,0.57,26.72,5.33,78.44,23.45,15.93,467660
馬祖,26.169269,119.923419,-0.05,22.79,12.49,88.44,2.78,1.42,467990
山佳,24.974944,121.402008,1.82,26.59,1.35,79.55,2.43,-1.48,C0A520
坪林,24.938183,121.70975,1.83,23.3,-4.71,87.87,11.15,-4.01,C0A530
泰平,24.971197,121.823711,1.82,22.36,3.5,98.14,36.0,9.24,C0A550
桶後,24.848222,121.597992,1.81,22.72,-1.09,92.96,10.39,-4.69,C0A570
石碇,24.993969,121.662917,2.75,24.79,-5.27,85.4,12.58,-3.38,C0A640
大坪,25.165914,121.632969,2.23,23.54,4.0,95.83,69.44,46.57,C0A860
五指山,25.132153,121.608692,1.36,20.62,2.5,98.14,39.3,23.11,C0A870
雙溪,25.036003,121.864242,2.95,25.99,0.23,89.68,30.43,14.6,C0A890
三和,25.233153,121.595236,1.43,24.2,3.79,91.35,44.46,27.83,C0A931
金山,25.223628,121.643967,1.66,25.71,4.92,86.94,30.83,23.99,C0A940
鼻頭角,25.129036,121.923372,1.75,26.19,5.88,89.0,16.18,11.84,C0A950
三貂角,25.007606,122.002058,1.48,25.61,7.0,89.0,14.0,5.58,C0A970
社子,25.109508,121.469681,1.96,27.01,4.85,79.3,3.91,0.3,C0A980
天母,25.117494,121.537169,1.62,26.52,-1.01,72.83,5.36,0.01,C0A9C0
內湖,25.079422,121.57545,1.14,26.01,17.93,95.22,7.36,2.0,C0A9F0
大屯山,25.175675,121.522408,1.65,18.62,-1.93,95.09,37.11,20.19,C0AC40
三峽,24.939025,121.369728,2.78,27.58,1.09,78.73,3.68,-1.94,C0AC60
信義,25.037822,121.564597,2.28,26.71,5.32,84.13,10.5,3.07,C0AC70
文山,25.00235,121.575728,1.56,25.62,-1.0,81.5,9.83,1.12,C0AC80
新莊,25.051478,121.446756,1.09,26.4,4.88,77.48,3.79,0.12,C0ACA0
八里,25.150211,121.403947,1.35,26.34,11.0,85.36,4.05,0.67,C0AD10
蘆洲,25.086594,121.472331,1.85,27.48,1.82,74.77,3.77,0.97,C0AD30
土城,24.973208,121.445169,1.25,25.6,4.97,83.0,4.04,-1.07,C0AD40
鶯歌,24.951533,121.346294,1.86,26.41,-1.76,78.5,2.25,-1.99,C0AD50
汐止,25.066881,121.658778,1.84,26.16,2.15,85.17,23.81,11.09,C0AH00
永和,25.01125,121.508111,2.11,27.12,4.55,79.27,5.2,0.0,C0AH10
五分山,25.07125,121.780794,1.73,21.2,0.74,97.91,46.17,13.27,C0AH30
平等,25.129142,121.577086,1.26,23.34,-2.97,85.05,19.23,5.53,C0AH40
林口,25.072181,121.38084,1.84,24.82,-3.56,85.0,3.86,0.09,C0AH50
松山,25.04871,121.55042,1.32,26.18,1.2,71.76,6.43,-0.01,C0AH70
深坑,25.002703,121.628328,3.23,26.35,-1.35,85.55,10.48,0.71,C0AH80
福山植物園,24.760717,121.58135,2.13,20.98,4.79,98.04,19.72,-1.53,C0AH90
五股,25.07445,121.42728,1.51,24.49,-3.21,83.26,3.48,1.53,C0AI00
屈尺,24.92184,121.54475,3.11,25.75,-11.51,74.55,6.7,-1.06,C0AI10
白沙灣,25.283128,121.519058,1.2,25.32,1.67,88.0,12.39,10.6,C0AI20
三重,25.057328,121.500629,1.65,26.66,0.97,79.41,2.3,2.01,C0AI30
石牌,25.115597,121.513139,2.63,28.08,8.45,74.8,3.4,3.04,C0AI40
七堵,25.094819,121.71713,2.98,26.51,1.17,86.5,35.48,22.11,C0B010
基隆嶼,25.19141,121.78391,1.66,24.84,16.9,96.13,13.33,10.79,C0B020
復興,24.820208,121.352281,1.72,23.67,1.39,80.91,1.95,-3.95,C0C460
桃園,24.992425,121.323172,1.44,26.12,2.98,76.48,4.22,0.27,C0C480
八德,24.928708,121.283289,1.63,25.86,0.67,76.33,3.86,0.21,C0C490
觀音,25.027072,121.153317,0.89,24.93,6.98,84.74,3.91,0.83,C0C590
蘆竹,25.084275,121.265767,1.24,25.63,7.58,85.06,5.33,2.35,C0C620
大溪,24.882853,121.265547,1.52,24.9,4.32,81.05,1.77,-1.64,C0C630
平鎮,24.897503,121.214636,1.61,24.66,0.39,80.35,1.85,-1.43,C0C650
龍潭,24.870056,121.221389,1.22,24.25,2.42,80.59,3.34,-0.37,C0C670
龜山,25.02846,121.38656,2.2,24.94,2.54,83.67,5.57,0.97,C0C680
中壢,24.977661,121.256375,2.36,25.6,1.79,77.82,3.41,1.45,C0C700
大溪永福,24.892936,121.324975,1.65,24.71,2.16,85.35,5.7,3.95,C0C710
梅花,24.678347,121.208558,1.92,23.72,5.47,86.0,3.09,-2.09,C0D360
峨眉,24.6905,121.017189,1.1,25.14,5.55,85.61,3.31,1.58,C0D430
打鐵坑,24.849664,121.150789,1.2,24.13,0.63,84.95,3.02,-0.12,C0D480
橫山,24.71116,121.11693,0.59,23.81,7.5,90.28,2.39,-0.5,C0D540
雪霸,24.526972,121.11605,1.13,16.72,-1.47,82.59,6.59,1.14,C0D550
竹東,24.767147,121.057881,1.83,25.97,3.96,76.0,0.78,-0.8,C0D560
寶山,24.735006,121.025192,1.28,24.88,6.05,85.44,1.64,-0.09,C0D580
新豐,24.87068,120.97721,1.44,25.38,14.99,93.62,1.0,-1.05,C0D590
湖口,24.904794,121.043628,0.71,25.07,2.62,78.55,0.98,-0.67,C0D650
新竹市東區,24.798681,120.986942,0.63,25.67,4.79,77.73,0.32,-1.01,C0D660
竹南,24.708978,120.888897,1.19,26.0,9.63,83.23,0.48,-0.75,C0E420
南庄,24.601775,121.000214,1.32,23.99,9.43,92.74,1.52,-1.21,C0E430
明德,24.583486,120.885411,1.44,25.87,4.59,81.61,2.41,1.28,C0E550
通霄,24.471892,120.704622,0.93,25.59,7.06,84.83,0.61,-0.1,C0E590
馬都安,24.451272,120.930192,1.17,21.66,3.71,89.4,1.2,-1.34,C0E610
頭份,24.688247,120.912206,1.88,27.13,7.36,77.95,1.14,0.01,C0E730
造橋,24.637056,120.864778,0.68,25.7,5.57,81.7,1.65,0.41,C0E740
苗栗,24.564569,120.824575,0.91,26.07,2.48,73.74,1.02,0.09,C0E750
銅鑼,24.489681,120.790853,0.87,25.21,17.23,94.32,1.91,1.02,C0E780
西湖,24.562947,120.7485,1.08,25.36,6.74,86.14,1.39,0.53,C0E810
獅潭,24.539133,120.920042,0.05,23.1,-0.96,83.94,2.56,0.83,C0E820
苑裡,24.439714,120.653053,0.33,25.78,6.12,80.78,0.17,-0.48,C0E830
大河,24.618069,120.948578,-0.43,23.91,4.68,85.36,3.16,1.37,C0E850
高鐵苗栗,24.60725,120.826094,0.83,25.89,17.86,90.0,2.53,1.86,C0E870
石岡,24.276061,120.777644,0.99,25.36,6.42,86.59,2.27,1.6,C0F0B0
中坑,24.248517,120.903319,1.23,21.8,-1.75,89.56,1.69,-0.02,C0F0C0
審馬陣,24.381675,121.4203,1.04,10.43,8.03,81.48,8.2,5.63,C0F0D0
東勢,24.246428,120.833047,2.02,25.86,2.99,80.39,2.61,2.07,C0F850
大坑,24.173142,120.722289,1.95,27.74,7.5,77.76,0.07,-0.45,C0F970
神岡,24.272481,120.658314,1.89,26.45,-1.35,75.64,0.07,-0.44,C0F9I0
大安,24.345061,120.588025,0.65,25.61,5.7,83.74,0.13,-0.4,C0F9K0
后里,24.310436,120.729725,1.55,25.91,6.19,83.33,0.48,-0.02,C0F9L0
豐原,24.254322,120.720692,2.18,26.86,4.59,77.78,0.42,-0.06,C0F9M0
大里,24.092464,120.701378,1.48,28.38,-2.59,65.77,0.09,-0.48,C0F9N0
潭子,24.213106,120.703933,1.04,26.98,8.01,78.36,0.18,-0.34,C0F9O0
清水,24.312297,120.562242,0.8,26.01,5.42,83.5,0.06,-0.5,C0F9P0
外埔,24.347817,120.705686,1.9,26.36,3.22,83.17,0.22,-0.33,C0F9Q0
龍井,24.184536,120.528972,0.99,26.57,2.43,80.22,0.08,-0.31,C0F9R0
烏日,24.107058,120.624103,0.86,27.08,5.43,74.77,0.09,-0.45,C0F9S0
西屯,24.179494,120.641275,0.85,26.37,6.02,77.77,0.07,-0.47,C0F9T0
南屯,24.137006,120.637969,0.54,27.13,6.47,74.57,0.07,-0.46,C0F9U0
新社,24.200172,120.815806,1.27,24.19,5.4,86.67,1.0,0.39,C0F9V0
大雅(中科園區),24.21528,120.62445,0.34,25.61,5.46,82.44,0.06,-0.65,C0F9X0
桃山,24.432739,121.303808,0.41,9.5,7.0,85.09,6.33,1.91,C0F9Y0
雪山東峰,24.388792,121.268675,0.4,10.3,6.93,83.41,5.55,0.4,C0F9Z0
芬園,24.015678,120.6213,0.47,25.79,10.95,87.87,0.13,-0.5,C0G620
溪湖,23.94835,120.479122,2.64,28.28,17.24,94.06,0.14,-0.39,C0G660
溪州,23.851589,120.499093,1.03,26.75,-0.39,77.5,0.09,-0.87,C0G720
二林,23.903325,120.376081,0.76,26.17,3.72,87.09,0.07,-0.33,C0G730
大城,23.852487,120.320935,0.94,26.53,-9.39,68.87,0.04,-0.77,C0G740
福興,24.041289,120.437669,1.3,27.65,1.95,75.95,0.09,-0.32,C0G770
秀水,24.03405,120.503869,0.91,27.08,5.91,81.5,0.14,-0.29,C0G780
埔鹽,24.000394,120.431683,2.43,27.77,7.55,85.38,0.12,-0.27,C0G800
埔心,23.947633,120.525456,1.14,27.19,24.79,99.36,0.14,-0.39,C0G810
田尾,23.901669,120.509389,1.57,27.49,5.63,85.33,0.17,-0.47,C0G820
埤頭,23.866003,120.452806,1.26,26.54,14.6,99.61,0.07,-0.42,C0G830
社頭,23.897647,120.5862,1.37,27.91,10.7,81.78,0.11,-0.67,C0G860
二水,23.810742,120.6173,2.25,28.1,5.35,82.45,0.22,-0.59,C0G880
伸港,24.148933,120.484403,0.72,26.45,3.89,79.73,0.07,-0.27,C0G890
線西,24.143358,120.443536,0.69,26.48,2.22,81.35,0.07,-0.26,C0G900
花壇,24.032076,120.549461,2.79,28.77,11.72,82.55,0.08,0.08,C0G910
埔里,23.972169,120.952425,1.33,26.14,-2.33,76.22,1.43,-0.26,C0H890
草屯,23.973672,120.68085,1.01,27.13,4.09,76.77,0.11,-0.45,C0H960
昆陽,24.121322,121.273642,0.92,10.54,5.5,86.45,7.73,3.53,C0H990
神木村,23.532742,120.843667,1.4,18.73,-0.86,89.0,5.96,1.88,C0H9A0
合歡山,24.143442,121.272547,0.31,9.24,21.13,92.89,6.58,2.64,C0H9C0
廬山,24.033311,121.181808,1.1,19.31,0.05,82.33,1.67,-1.27,C0I010
信義,23.689694,120.851036,0.23,23.83,-0.73,84.36,2.61,1.11,C0I080
竹山,23.761225,120.688156,1.25,26.35,4.56,83.64,1.45,-0.16,C0I110
水里,23.812553,120.849792,0.69,25.85,0.23,79.68,0.61,-0.65,C0I360
魚池,23.895703,120.94135,0.91,24.19,-0.27,84.74,1.17,-0.52,C0I370
集集,23.828206,120.801467,0.45,25.93,1.42,83.78,1.06,-0.56,C0I380
仁愛,24.022122,121.132206,1.15,21.5,-2.47,80.14,0.9,-1.57,C0I390
名間,23.837053,120.701447,0.25,25.84,2.59,82.39,1.69,0.59,C0I410
國姓,24.037803,120.855072,0.71,26.15,0.67,81.32,0.3,-1.19,C0I420
南投,23.911469,120.687331,0.84,27.23,7.02,81.74,0.54,-0.28,C0I460
梅峰,24.085272,121.173572,0.95,15.6,0.48,85.13,2.15,-1.2,C0I480
萬大林道,23.928228,121.091411,0.77,18.97,-4.45,83.39,2.36,-0.38,C0I490
小奇萊,24.131764,121.295717,0.9,10.15,6.27,86.74,9.43,5.58,C0I530
崙背,23.75555,120.318925,0.75,26.22,0.63,82.0,0.25,-0.3,C0K250
四湖,23.630414,120.227125,1.49,27.08,1.26,79.61,0.83,-0.06,C0K280
宜梧,23.536281,120.169329,1.14,26.76,2.31,81.82,0.09,-0.56,C0K291
虎尾,23.719183,120.442036,1.07,26.88,7.36,85.22,0.15,-0.79,C0K330
土庫,23.679029,120.395574,0.95,26.68,7.21,85.5,0.78,0.09,C0K390
斗六,23.720583,120.541127,0.84,26.78,0.3,80.7,0.25,-0.53,C0K400
北港,23.573957,120.292802,0.76,26.63,-0.67,79.04,0.11,-0.65,C0K410
西螺,23.800407,120.467394,1.01,26.73,1.1,82.27,0.11,-0.74,C0K420
褒忠,23.690938,120.303634,0.92,26.36,-5.81,74.61,0.19,-0.41,C0K430
二崙,23.772797,120.408944,0.69,26.12,3.09,83.22,0.11,-0.45,C0K440
大埤,23.646074,120.431537,1.07,26.8,3.24,83.2,0.2,-0.69,C0K450
斗南,23.678734,120.478359,0.9,26.69,2.89,80.91,0.18,-0.59,C0K460
林內,23.748675,120.609642,0.81,26.34,1.46,82.89,1.03,-0.11,C0K470
莿桐,23.761192,120.502372,0.86,26.4,0.97,80.0,0.11,-0.73,C0K480
元長,23.64981,120.315024,0.86,26.61,2.52,81.0,0.13,-0.56,C0K500
水林,23.572924,120.24597,1.17,26.98,2.44,81.17,0.17,-0.68,C0K510
臺西,23.701547,120.197559,0.64,26.29,3.27,82.74,0.17,-0.39,C0K530
蔦松,23.514319,120.229736,0.76,26.74,2.44,82.23,0.09,-0.75,C0K550
棋山,23.68645,120.603417,0.71,26.5,2.89,84.22,3.76,2.25,C0K560
高鐵雲林,23.737456,120.417944,0.67,26.38,5.83,83.45,0.14,-0.48,C0K580
東後寮,23.369908,120.248065,0.82,26.53,3.93,83.32,0.41,-0.51,C0M520
奮起湖,23.493903,120.699253,1.21,19.2,0.4,93.74,5.0,0.03,C0M530
中埔,23.42538,120.5229,0.51,25.99,1.78,82.5,4.56,2.6,C0M640
朴子,23.43463,120.23902,0.23,26.07,5.18,84.06,0.42,-0.6,C0M650
溪口,23.604131,120.403569,1.06,26.68,-1.3,80.65,0.22,-0.55,C0M660
大林,23.600616,120.45841,0.89,26.9,2.04,80.5,0.32,-0.53,C0M670
太保,23.455062,120.331455,0.53,26.62,1.27,80.91,1.0,0.06,C0M680
水上,23.419734,120.388909,0.94,26.63,10.48,89.17,4.19,3.32,C0M690
竹崎,23.526178,120.555508,0.68,26.12,1.75,84.56,4.47,2.85,C0M700
東石,23.458927,120.15385,0.8,26.7,2.74,81.17,0.24,-0.69,C0M710
番路,23.464657,120.554156,0.77,25.7,4.99,86.23,3.57,1.75,C0M720
嘉義市東區,23.457673,120.460531,0.82,27.75,2.91,77.64,1.61,0.45,C0M730
六腳,23.492871,120.290625,0.69,26.64,2.71,80.65,0.35,-0.55,C0M740
布袋,23.380878,120.167789,0.87,26.89,-0.53,79.83,0.5,-0.73,C0M750
民雄,23.551754,120.428457,0.79,26.91,1.5,80.82,1.41,0.58,C0M760
嘉義梅山,23.585398,120.555587,0.68,26.15,9.31,90.14,5.91,4.43,C0M770
鹿草,23.41134,120.30835,0.86,26.98,5.69,83.22,3.25,2.3,C0M780
新港,23.553269,120.345728,0.65,26.82,0.99,78.87,0.13,-0.65,C0M790
茶山,23.299075,120.664767,0.3,24.4,2.39,87.52,7.39,4.13,C0M800
里佳,23.389125,120.716647,0.66,19.53,-2.78,87.56,10.5,7.61,C0M810
達邦,23.453994,120.749517,0.45,21.4,4.92,88.45,5.25,2.81,C0M820
表湖,23.24186,120.64166,0.49,22.54,1.58,90.91,7.43,5.84,C0M850
新美,23.338017,120.683169,0.02,23.72,3.74,86.44,7.0,5.79,C0M860
北寮,23.079561,120.495008,0.61,26.29,8.47,91.94,6.06,3.69,C0O830
王爺宮,23.222064,120.40085,2.93,28.25,-4.74,79.95,2.07,0.77,C0O840
大內,23.11885,120.36083,1.65,28.1,5.07,85.35,4.63,3.25,C0O860
善化,23.112883,120.297219,0.98,27.03,9.75,89.05,3.98,2.69,C0O900
崎頂,22.959547,120.369317,1.13,26.43,8.23,90.11,6.72,4.99,C0O960
虎頭埤,23.021375,120.347878,0.54,26.15,3.45,85.22,8.39,6.65,C0O970
新市,23.061614,120.298197,1.37,27.84,4.33,82.14,4.27,3.03,C0O980
媽廟,22.99175,120.293525,-0.02,26.6,17.89,96.59,5.05,3.55,C0O990
尾寮山,22.833111,120.683889,1.34,21.34,-1.75,89.94,18.47,8.12,C0R100
阿禮,22.742908,120.743678,0.4,21.27,0.51,84.83,27.52,21.68,C0R130
瑪家,22.682903,120.686639,-0.15,21.95,8.97,97.11,28.75,23.16,C0R140
三地門,22.709889,120.639944,0.48,26.8,-6.86,71.91,15.16,10.45,C0R150
鹽埔,22.739558,120.530778,0.38,26.9,0.1,87.48,15.78,12.44,C0R160
屏東,22.660269,120.494072,0.53,27.22,-0.79,80.0,23.33,20.66,C0R170
赤山,22.592333,120.614306,0.06,26.39,4.88,90.3,27.19,21.63,C0R190
潮州,22.534361,120.54,0.45,27.14,3.98,82.28,26.64,23.69,C0R220
來義,22.527306,120.625111,-0.51,25.4,9.28,92.55,29.98,23.15,C0R240
春日,22.370361,120.628306,-0.23,25.9,3.17,84.13,27.22,22.86,C0R260
琉球嶼,22.332244,120.362236,0.22,26.97,2.08,85.5,11.8,10.02,C0R270
車城,22.0744,120.716247,-0.3,26.94,11.65,82.9,16.38,15.23,C0R320
牡丹,22.130036,120.792639,1.76,25.02,8.0,93.95,23.73,18.58,C0R341
貓鼻頭,21.921774,120.7358,0.99,27.32,1.28,79.61,7.74,4.71,C0R350
大漢山,22.405264,120.753181,1.38,16.6,4.19,97.41,62.36,56.78,C0R440
高樹,22.826389,120.600806,0.32,26.97,-3.25,75.35,15.78,13.02,C0R470
長治,22.693128,120.542622,0.58,27.32,7.37,88.78,25.72,23.05,C0R480
九如,22.7405,120.490503,0.8,27.65,-0.7,80.0,12.48,9.61,C0R490
崁頂,22.514781,120.506914,2.13,29.18,3.69,83.3,15.0,12.66,C0R520
佳冬,22.419456,120.552375,-0.12,26.74,5.19,83.94,25.39,22.73,C0R540
新埤,22.467947,120.582894,0.56,26.92,-1.02,81.25,18.66,15.7,C0R550
新園,22.5434,120.461558,1.08,28.06,-1.83,77.0,16.95,15.02,C0R560
麟洛,22.65078,120.52719,1.09,28.1,5.31,83.68,18.95,15.97,C0R570
南州,22.48591,120.50274,0.11,26.91,6.49,85.42,14.37,12.19,C0R580
里港,22.77919,120.49459,0.06,26.74,3.29,83.92,16.75,14.38,C0R590
舊泰武,22.588194,120.664944,0.32,22.53,2.28,91.06,37.08,26.55,C0R600
墾雷,21.900836,120.855269,0.03,26.78,8.73,91.56,7.17,-5.31,C0R620
東港,22.46247,120.44074,0.3,27.28,4.51,84.5,35.43,34.64,C0R640
竹田,22.58486,120.54344,0.26,26.96,-3.63,79.59,18.75,16.67,C0R650
枋寮,22.367722,120.590647,0.02,26.87,8.2,86.87,15.67,14.82,C0R660
楓港,22.190131,120.692156,-0.41,26.9,6.88,74.17,27.75,26.92,C0R670
佳樂水,21.993578,120.861633,0.32,27.36,4.17,81.83,4.97,1.03,C0R680
墾丁,21.966756,120.810269,0.6,25.09,14.03,99.91,9.09,5.53,C0R690
枋山,22.246844,120.661086,-0.43,26.88,13.12,79.78,15.72,15.34,C0R700
龍磐,21.931672,120.838942,0.05,26.12,5.69,88.4,5.38,1.19,C0R710
旭海,22.205403,120.887614,0.16,24.92,14.72,99.22,20.22,15.2,C0R720
大坪頂,22.024633,120.69355,0.24,25.92,14.6,89.68,13.0,11.96,C0R730
獅子,22.201569,120.70525,0.52,27.25,6.25,75.95,28.25,27.12,C0R740
四林格山,22.076989,120.802439,1.15,23.01,7.05,100.0,14.7,9.58,C0R750
南仁湖,22.084681,120.863353,0.57,24.09,7.62,97.0,14.28,6.76,C0R760
保力,22.071122,120.764111,0.52,26.14,5.62,85.0,21.08,18.19,C0R770
滿州,22.024403,120.839892,0.47,26.7,2.07,81.11,10.86,6.3,C0R780
九棚,22.14195,120.889281,0.34,26.13,3.53,84.91,9.41,5.03,C0R790
丹路,22.204481,120.750989,0.77,26.51,5.41,79.91,35.22,32.22,C0R800
內獅,22.305064,120.642986,-0.01,26.57,17.9,97.11,24.36,23.59,C0R810
白鷺,22.454275,120.666219,0.35,23.21,7.0,92.83,50.67,50.15,C0R820
高士,22.121825,120.836781,0.81,23.8,3.1,92.18,21.86,15.43,C0R830
牡丹池山,22.168389,120.841225,0.95,22.77,3.77,96.82,25.09,19.22,C0R840
下馬,23.150427,121.070312,1.14,21.5,4.71,89.61,29.5,28.05,C0S660
太麻里,22.60902,120.98533,1.07,23.12,7.45,91.22,44.39,37.63,C0S690
知本,22.684866,121.005642,0.91,22.91,7.48,93.67,73.5,63.97,C0S700
鹿野,22.917711,121.122994,1.45,23.85,6.7,89.59,33.48,25.58,C0S710
綠島,22.6672,121.47533,1.03,26.18,11.87,95.48,11.65,2.83,C0S730
池上,23.119628,121.209469,1.03,23.98,4.67,90.44,28.5,21.86,C0S740
向陽,23.248397,120.986133,1.16,13.58,5.35,97.61,32.67,23.1,C0S750
大溪山,22.478475,120.943325,0.79,23.57,5.71,90.67,37.0,28.64,C0S770
金崙,22.538122,120.966875,1.27,25.25,4.4,87.0,31.61,22.96,C0S790
東河,22.972672,121.303986,0.24,26.16,7.99,86.59,15.89,7.06,C0S810
長濱,23.286817,121.411975,1.23,25.25,4.07,83.28,14.78,4.77,C0S830
南田,22.279725,120.889208,0.87,26.89,18.94,98.61,18.91,12.36,C0S840
關山,23.0395,121.175017,0.88,24.81,5.01,89.09,29.98,14.0,C0S890
蘭嶼高中,22.04909,121.51214,0.78,27.4,7.62,83.23,14.82,8.6,C0S900
蘭嶼燈塔,22.081197,121.503117,0.65,25.45,10.19,93.26,10.5,6.13,C0S910
金峰嘉蘭,22.594789,120.960825,0.67,25.29,7.48,88.25,62.9,60.06,C0S920
延平,22.902581,121.084058,0.75,24.7,6.86,85.9,48.72,47.67,C0S930
石寧山,23.223772,121.406639,1.2,25.74,7.9,87.61,10.3,6.74,C0S940
七塊厝,22.954453,121.229922,1.01,23.6,5.93,91.68,35.75,33.77,C0S950
香蘭,22.587569,120.993375,0.71,26.93,10.28,83.78,28.37,25.51,C0S960
加津林,22.416211,120.926942,0.76,26.93,7.41,80.73,22.8,20.15,C0S970
勝林山,22.430439,120.8938,0.96,20.05,4.01,97.86,41.07,35.61,C0S980
山豬窟,22.318619,120.857372,0.65,23.72,4.97,89.7,28.2,24.8,C0S990
歷坵,22.520969,120.89185,1.18,23.21,7.08,92.91,46.16,43.49,C0SA00
檳榔四格山,22.810031,121.109308,0.98,23.72,6.51,92.3,19.75,18.31,C0SA10
金崙山,22.567419,120.959667,1.3,20.68,2.48,95.61,62.22,58.18,C0SA20
都歷,23.020333,121.323642,1.31,26.33,23.14,98.39,16.24,13.52,C0SA30
瑞和,22.974361,121.156697,1.03,24.9,12.42,94.09,24.7,23.43,C0SA40
知本（水試所）,22.702394,121.082761,0.46,26.26,8.7,85.36,26.77,23.21,C0SA60
土坂,22.453108,120.887572,0.98,25.24,5.62,87.78,48.74,45.17,C0SA80
達仁林場,22.264347,120.823972,0.72,22.84,10.85,99.94,43.83,38.02,C0SA90
大禹嶺,24.186117,121.316086,0.72,11.75,10.81,90.5,6.67,2.49,C0T790
天祥,24.179597,121.495639,1.44,22.41,5.4,87.68,11.41,3.35,C0T820
鯉魚潭,23.935639,121.508944,0.89,23.93,2.78,91.14,10.11,-2.89,C0T870
西林,23.8119,121.441458,1.47,24.78,5.2,88.23,11.52,-5.2,C0T900
光復,23.660694,121.424964,1.39,24.99,-0.46,88.52,9.3,-3.79,C0T960
月眉山,23.809928,121.539828,1.2,22.78,0.16,94.11,10.11,-3.55,C0T9A0
水源,23.991861,121.537169,1.68,22.94,2.24,89.68,13.2,-0.71,C0T9B0
和中,24.26676,121.74103,0.41,25.4,16.73,98.77,18.84,1.1,C0T9D0
大坑,23.880628,121.581981,1.23,23.25,4.79,93.52,13.33,-3.35,C0T9E0
水璉,23.797131,121.542514,0.61,24.34,6.05,90.4,10.9,-4.31,C0T9F0
鳳林山,23.735269,121.420131,0.51,22.26,1.54,93.86,12.7,-2.88,C0T9G0
加路蘭山,23.682947,121.5274,1.82,22.21,2.37,96.61,14.44,-0.2,C0T9H0
豐濱,23.583897,121.514806,0.38,23.93,11.67,98.55,14.2,-0.51,C0T9I0
靜浦,23.455167,121.495028,1.33,25.6,6.62,89.43,13.26,2.46,C0T9M0
富里,23.171639,121.249378,1.0,24.19,10.83,95.89,24.86,21.88,C0T9N0
雙連埤,24.753033,121.641303,1.07,21.34,0.85,97.11,19.11,-1.3,C0U520
礁溪,24.817539,121.765608,1.13,25.05,-2.94,86.11,10.81,-2.09,C0U600
玉蘭,24.675286,121.587061,1.28,22.5,12.15,100.0,25.73,4.43,C0U650
太平山,24.505486,121.525656,2.18,15.39,-0.08,96.17,8.13,-8.99,C0U710
南山,24.43742,121.38167,2.1,18.85,2.14,96.06,7.78,3.42,C0U720
龜山島,24.841667,121.953133,0.46,22.89,1.95,93.83,7.14,1.95,C0U750
東澳,24.52196,121.83318,0.49,25.05,10.83,97.09,36.39,3.36,C0U760
南澳,24.44935,121.81022,0.41,25.34,7.16,86.05,18.23,-2.74,C0U770
五結,24.68637,121.79794,0.73,24.97,3.26,87.48,17.2,-1.19,C0U780
頭城,24.85323,121.8308,1.61,25.66,4.99,89.35,10.28,-5.19,C0U860
大礁溪,24.791042,121.675047,1.95,22.48,7.98,96.43,13.14,-3.18,C0U870
三星,24.66812,121.65302,2.55,25.24,6.0,96.68,24.23,5.31,C0U890
內城,24.71813,121.68766,2.0,24.96,3.29,89.7,14.96,-0.62,C0U900
冬山,24.63373,121.7937,2.05,25.53,13.47,97.5,22.72,2.42,C0U910
羅東,24.68184,121.74934,2.45,25.31,3.11,87.94,11.75,-4.13,C0U940
鶯子嶺,24.89754,121.79244,2.26,19.06,3.02,99.78,22.83,2.67,C0U950
翠峰湖,24.510856,121.608044,2.66,15.48,3.55,99.27,14.48,2.57,C0U960
大福,24.80064,121.81389,1.74,25.53,0.1,85.3,9.3,-5.64,C0U970
坪林石牌,24.86478,121.77396,2.3,21.91,3.23,97.4,13.32,-2.16,C0U980
員山,24.74435,121.72247,2.05,25.46,4.86,88.72,16.44,1.01,C0U990
土場,24.576533,121.495333,1.87,22.83,8.75,100.0,10.96,5.83,C0UA00
鴛鴦湖,24.590269,121.412228,2.52,16.42,1.49,98.45,19.57,6.2,C0UA10
多加屯,24.368614,121.373189,1.58,12.24,3.5,88.96,7.96,5.08,C0UA20
白嶺,24.527819,121.519031,2.05,17.58,1.65,98.11,9.86,2.78,C0UA30
西德山,24.560647,121.752608,2.47,19.13,0.56,96.41,51.61,21.76,C0UA40
西帽山,24.555361,121.802628,1.77,20.06,1.15,97.52,58.55,21.15,C0UA50
樟樹山,24.41393,121.78325,1.97,22.5,10.42,98.23,19.98,5.16,C0UA60
桃源谷,24.962606,121.888875,2.66,22.39,1.08,97.41,23.59,0.57,C0UA70
復興,23.222403,120.806089,0.07,23.03,4.94,84.11,5.47,3.1,C0V210
美濃,22.898742,120.519153,1.12,27.42,1.36,82.35,13.3,10.28,C0V310
溪埔,22.738578,120.446797,0.09,26.64,7.14,88.39,22.06,19.83,C0V350
內門,22.975481,120.466769,0.75,26.42,9.03,93.28,7.94,5.78,C0V360
古亭坑,22.893178,120.401947,0.68,26.32,3.04,87.82,8.45,7.32,C0V370
阿公店,22.804194,120.355528,-0.21,26.12,3.66,83.92,13.07,11.46,C0V400
鳳山,22.646653,120.356122,-0.48,26.64,9.53,87.94,24.17,21.74,C0V440
鳳森,22.545064,120.392592,-0.04,26.5,1.0,84.72,22.31,19.38,C0V450
新興,22.627422,120.298803,0.52,27.89,3.24,77.23,21.27,19.19,C0V490
阿蓮,22.883208,120.327508,1.63,28.28,-14.88,64.35,8.41,6.98,C0V530
梓官,22.760558,120.267211,-0.07,27.04,4.23,81.89,17.89,16.28,C0V610
永安,22.82315,120.236856,0.11,26.84,1.82,82.11,12.53,10.67,C0V620
茄萣,22.906642,120.182608,0.58,27.35,8.23,82.77,10.95,9.63,C0V630
湖內,22.887139,120.2445,0.05,26.78,3.27,81.23,9.61,8.02,C0V640
彌陀,22.783806,120.246361,0.62,27.51,6.22,85.22,14.42,12.82,C0V650
岡山,22.797078,120.294958,0.66,27.98,4.99,80.48,13.46,11.43,C0V660
仁武,22.701083,120.347722,0.11,27.42,10.03,87.22,28.53,26.03,C0V680
鼓山,22.623325,120.275575,-0.09,27.06,4.54,82.73,25.11,23.14,C0V690
三民,22.645017,120.311233,0.14,27.89,5.39,76.73,22.91,20.81,C0V700
苓雅,22.622742,120.330669,0.7,28.24,10.18,80.91,17.63,15.26,C0V710
林園,22.507747,120.394511,0.77,28.66,7.42,80.52,15.74,14.23,C0V720
大寮,22.605614,120.395717,0.03,27.46,8.4,83.73,17.14,15.34,C0V730
旗山,22.888614,120.483597,1.42,28.0,1.06,79.62,12.52,10.98,C0V740
路竹,22.854997,120.259439,0.99,28.15,3.72,79.18,11.23,9.36,C0V750
橋頭,22.757806,120.30575,0.24,27.7,5.76,82.0,15.0,13.25,C0V760
大社,22.730306,120.346639,0.04,27.11,11.87,88.3,27.72,25.31,C0V770
萬山,22.905944,120.688056,0.5,24.74,2.34,84.2,8.82,5.9,C0V790
六龜,22.997889,120.633583,0.61,26.27,4.82,84.77,4.91,1.23,C0V800
左營,22.67491,120.28491,-0.02,26.9,1.09,81.82,18.2,16.11,C0V810
小林,23.148408,120.63325,0.72,24.95,3.11,87.09,4.78,2.35,C0V820
東莒,25.9652,119.98069,0.29,23.69,3.57,81.78,1.28,0.83,C0W110
花嶼,23.40007,119.32276,0.51,26.07,4.59,84.78,2.15,1.02,C0W130
金沙,24.488292,118.408778,0.8,25.61,-2.73,66.39,0.0,-0.69,C0W140
金寧,24.457703,118.328989,0.84,26.23,-0.65,68.39,0.0,-0.67,C0W150
東河,23.296598,120.385608,0.5,26.87,-2.29,79.32,0.77,-0.27,C0X050
下營,23.22695,120.256261,0.69,26.92,1.38,80.14,1.45,0.39,C0X060
佳里,23.173039,120.145086,0.76,27.04,5.84,84.04,5.0,3.9,C0X080
臺南市北區,23.010394,120.194228,0.6,27.53,9.48,81.26,4.78,3.86,C0X100
臺南市南區,22.961189,120.188378,0.69,27.82,2.38,79.35,8.45,7.43,C0X110
麻豆,23.183289,120.248611,1.26,27.85,8.16,84.09,2.66,1.77,C0X120
官田,23.193217,120.315422,0.87,27.52,4.54,82.32,1.59,0.62,C0X130
西港,23.125608,120.203108,1.1,27.72,7.22,83.17,4.24,3.27,C0X140
安定,23.102614,120.227839,0.95,27.36,7.1,84.94,4.89,3.86,C0X150
仁德,22.968258,120.257689,0.82,27.75,4.77,80.3,5.96,4.75,C0X160
關廟,22.963017,120.327797,-0.27,26.53,7.71,82.52,6.09,4.43,C0X170
山上,23.0757,120.363253,0.97,27.04,2.28,82.73,6.82,5.41,C0X180
安平,22.993161,120.152181,0.47,27.18,5.31,82.77,7.55,6.26,C0X190
左鎮,23.056758,120.408522,1.68,27.24,0.0,83.39,5.31,3.44,C0X200
白河,23.347466,120.414427,0.59,26.67,2.01,82.35,0.72,-0.46,C0X210
學甲,23.230367,120.182187,0.85,26.83,4.4,82.22,3.03,1.99,C0X220
鹽水,23.272621,120.247641,0.51,26.56,4.58,83.27,0.91,-0.16,C0X230
關子嶺,23.331169,120.508025,0.43,24.21,6.03,94.04,10.7,6.76,C0X240
新營,23.310689,120.316681,0.73,26.97,5.95,84.77,0.59,-0.43,C0X250
後壁,23.366358,120.362326,0.82,26.73,0.15,81.72,0.78,-0.45,C0X260
將軍,23.214999,120.13577,0.51,26.54,4.16,82.95,3.33,2.22,C0X280
北門,23.267772,120.125481,0.77,26.89,5.06,84.09,2.32,1.36,C0X290
鹿寮,23.386047,120.477331,0.76,26.32,8.39,92.94,4.03,2.35,C0X300
柳營,23.253328,120.375253,0.71,26.89,4.87,81.83,1.0,0.85,C0X320
明里,23.208717,121.262342,1.28,24.07,4.35,92.17,20.97,10.88,C0Z020
佳心,23.34567,121.21316,1.37,20.76,9.27,96.77,20.55,14.66,C0Z050
玉里,23.3215,121.339656,0.87,24.25,2.75,88.5,21.17,8.49,C0Z061
舞鶴,23.46811,121.37407,1.48,23.95,8.95,98.86,10.41,1.47,C0Z070
富源,23.587642,121.378225,1.66,24.13,0.75,90.96,8.87,0.99,C0Z080
東華,23.89525,121.549833,1.08,25.46,4.63,90.56,5.61,-8.56,C0Z100
吉安光華,23.930925,121.595153,0.82,25.37,-9.52,76.89,12.47,-2.81,C0Z150
鳳林,23.746114,121.453411,1.33,25.06,11.47,96.77,10.89,-6.22,C0Z160
卓溪,23.3443,121.3029,1.22,24.53,5.11,87.14,16.05,13.49,C0Z170
富世,24.14743,121.6297,1.37,25.75,-2.18,83.72,11.83,4.56,C0Z190
萬榮,23.709219,121.420106,1.21,24.62,-1.44,85.7,12.28,-5.23,C0Z200
瑞穗,23.5239,121.39021,1.73,24.76,3.49,89.5,10.69,4.92,C0Z210
和平林道,24.343922,121.656317,1.41,22.15,1.78,90.73,12.25,5.31,C0Z220
和平,24.30717,121.77007,0.57,25.25,8.41,80.74,13.07,4.92,C0Z230
瑞穗林道,23.49284,121.30688,3.49,21.07,0.71,96.7,18.8,11.05,C0Z250
蕃薯寮,23.73835,121.540108,1.25,23.7,-1.71,88.55,12.4,-7.12,C0Z270
德武,23.47426,121.41071,1.7,24.79,1.69,88.59,9.91,5.52,C0Z280
赤柯山,23.36893,121.38293,1.61,20.19,5.11,97.87,17.83,11.9,C0Z290
東里,23.26853,121.30547,1.44,24.64,-3.34,88.15,20.08,16.44,C0Z300
清水斷崖,24.218294,121.689142,1.28,25.58,3.62,83.8,11.45,3.34,C0Z310
清水林道,23.27125,121.188272,1.59,21.68,0.14,89.39,34.8,31.35,C0Z320
安通山,23.290728,121.348528,1.15,22.53,6.51,93.73,19.11,15.52,C0Z330
口湖工作站,23.589978,120.180394,1.2,26.5,4.1,75.18,0.11,0.11,12J990
東港工作站,22.479997,120.466058,0.27,27.35,3.8,71.78,9.58,8.57,12Q970
恆春工作站,22.079678,120.714425,0.7,27.5,6.77,71.95,11.2,10.62,12Q980
萬大發電廠,23.978875,121.139639,1.19,22.26,-11.59,74.43,0.33,-0.13,42HA10
桃改樹林分場,24.944503,121.386972,2.07,25.8,-2.44,77.18,3.36,0.34,72AI40
桃園農改場,24.950944,121.030583,1.65,25.8,4.74,82.32,2.16,0.37,72C440
桃改五峰分場,24.612194,121.157167,2.0,20.56,2.84,91.0,4.61,-0.82,72D080
桃改新埔分場,24.834444,121.066111,1.63,25.71,5.22,80.18,0.55,0.32,72D680
臺中農改場,24.003028,120.534389,1.32,26.76,4.01,81.61,0.11,-0.71,72G600
中改埔里分場,23.903208,120.963364,1.02,23.54,-0.89,86.39,1.09,0.59,72HA00
南改斗南分場,23.634556,120.477333,1.44,26.81,2.54,82.73,0.5,-0.59,72K220
南改義竹分場,23.360694,120.279361,0.92,26.53,1.57,81.86,0.43,-0.38,72M360
南改鹿草分場,23.416869,120.283061,1.15,26.43,7.1,85.64,1.0,0.88,72M700
臺南農改場,23.0605,120.342194,0.4,26.36,7.6,87.68,8.98,7.57,72N100
七股研究中心,23.081672,120.062894,1.09,27.05,6.29,84.29,6.29,6.22,72N240
高雄農改場,22.709333,120.525889,0.03,26.74,8.82,88.59,15.39,13.0,72Q010
東改班鳩分場,22.829528,121.077694,1.16,25.2,2.99,82.73,37.25,30.0,72S200
東改賓朗果園,22.813889,121.071278,0.84,24.43,1.92,86.64,37.39,33.45,72S590
花蓮農改場,23.975222,121.563889,1.33,25.63,1.55,83.26,11.72,-0.27,72T250
花改蘭陽分場,24.686306,121.716583,1.67,25.23,2.86,88.36,22.23,3.92,72U480
高改旗南分場,22.857861,120.516667,-0.23,26.69,9.09,84.55,18.1,15.6,72V140
茶改北部分場,24.955778,121.631222,2.06,23.07,1.34,88.32,8.2,-5.08,82A750
茶改場,24.908472,121.185333,1.75,24.93,-0.72,80.59,1.98,-1.59,82C160
茶改中部分場,23.875611,120.913583,0.22,22.39,-0.15,85.57,0.57,-0.98,82H320
茶改南部分場,23.762528,120.7405,0.29,24.1,1.26,88.52,1.76,-0.3,82H840
茶改東部分場,22.907694,121.130139,0.58,25.16,3.6,84.82,21.02,12.82,82S580
農工中心,24.985917,121.239833,1.48,25.33,4.69,77.55,2.77,-0.08,A2C560
水試臺西試驗場,23.717231,120.190522,1.17,26.61,6.05,85.68,0.18,-0.02,A2K360
臺大雲林校區,23.730628,120.423903,0.99,25.96,5.25,83.0,0.15,0.13,A2K630
臺南蘭花園區,23.340258,120.379661,0.85,26.38,4.92,83.17,0.52,0.48,A2N290
畜試北區分所,24.527806,120.770972,1.3,24.98,7.92,85.41,0.61,0.25,B2E890
畜產試驗所,23.058972,120.336406,0.56,26.17,5.51,86.95,7.48,5.69,B2N890
畜試南區分所,21.945583,120.802167,0.47,27.13,2.77,77.04,6.35,1.44,B2Q810
畜試東區分所,24.669039,121.832561,1.92,25.15,3.78,90.86,17.23,-5.75,B2U990
蓮華池,23.918333,120.885278,-0.04,23.44,6.57,87.27,0.39,-1.23,E2H360
林試畢祿溪站,24.226944,121.308522,-0.44,14.13,6.65,89.19,4.6,3.39,E2HA20
四湖植物園,23.676986,120.163433,1.11,26.69,8.4,90.59,0.94,0.91,E2K600
林試六龜中心,22.991703,120.645722,0.54,25.48,-10.02,73.68,6.02,5.69,E2P980
林試太麻里2,22.598,120.99775,0.04,25.86,6.72,82.8,37.57,33.96,E2S960
林試太麻里1,22.598922,120.980044,0.55,25.37,4.79,83.17,40.47,35.93,E2S980
農試所(霧峰),24.031261,120.688133,1.17,26.76,8.4,88.04,0.24,-0.57,G2F820
農試嘉義分所,23.485028,120.473806,0.98,26.09,7.15,86.39,1.41,0.05,G2L020
農試溪口農場,23.58565,120.408111,1.18,26.89,2.17,83.73,0.14,0.1,G2M350
農試鳳山分所,22.646611,120.356083,0.12,27.06,7.07,81.91,18.48,16.71,G2P820
苗栗農改場,24.495722,120.829111,1.12,25.09,2.92,83.82,0.84,-0.5,K2E360
苗改生物防治研究中心,24.422861,120.871833,1.08,23.82,1.29,83.39,1.46,0.9,K2E710
種苗改良場,24.225972,120.800917,1.08,23.98,10.12,89.26,0.96,-0.66,K2F750
溪頭,23.670306,120.798194,0.86,19.42,2.44,94.36,4.14,2.06,U2H480
臺大和社,23.590856,120.888864,0.84,22.56,6.24,87.73,2.48,1.53,U2HA30
臺大內茅埔,23.689722,120.851117,0.21,23.76,4.0,84.74,2.48,2.03,U2HA40
臺大竹山,23.756972,120.681556,1.19,26.4,0.04,79.43,2.05,1.68,U2HA50
臺大竹山,23.756972,120.681556,1.19,26.4,0.04,79.43,2.05,1.68,U2HA50
臺大內茅埔,23.689722,120.851117,0.21,23.76,4.0,84.74,2.48,2.03,U2HA40
臺大和社,23.590856,120.888864,0.84,22.56,6.24,87.73,2.48,1.53,U2HA30
臺大溪頭,23.670306,120.798194,0.86,19.42,2.44,94.36,4.14,2.06,U2H480
種苗繁殖,24.225972,120.800917,1.08,23.98,10.12,89.26,0.96,-0.66,K2F750
苗改生物防治研究中心,24.422861,120.871833,1.08,23.82,1.29,83.39,1.46,0.9,K2E710
苗栗農改,24.495722,120.829111,1.12,25.09,2.92,83.82,0.84,-0.5,K2E360
農試鳳山分所,22.646611,120.356083,0.12,27.06,7.07,81.91,18.48,16.71,G2P820
農試溪口農場,23.58565,120.408111,1.18,26.89,2.17,83.73,0.14,0.1,G2M350
農試嘉義分所,23.485028,120.473806,0.98,26.09,7.15,86.39,1.41,0.05,G2L020
農業試驗所,24.031261,120.688133,1.17,26.76,8.4,88.04,0.24,-0.57,G2F820
林試太麻里1,22.598922,120.980044,0.55,25.37,4.79,83.17,40.47,35.93,E2S980
林試太麻里2,22.598014,120.989761,0.04,25.86,6.72,82.8,37.57,33.96,E2S960
林試六龜中心,22.991703,120.645722,0.54,25.48,-10.02,73.68,6.02,5.69,E2P980
四湖植物園,23.676986,120.163433,1.11,26.69,8.4,90.59,0.94,0.91,E2K600
林試畢祿溪站,24.226944,121.308522,-0.44,14.13,6.65,89.19,4.6,3.39,E2HA20
蓮華池,23.918333,120.885278,-0.04,23.44,6.57,87.27,0.39,-1.23,E2H360
畜試東區分所,24.669039,121.832561,1.92,25.15,3.78,90.86,17.23,-5.75,B2U990
畜試南區分所,21.945583,120.802167,0.47,27.13,2.77,77.04,6.35,1.44,B2Q810
畜試所,23.058972,120.336406,0.56,26.17,5.51,86.95,7.48,5.69,B2N890
畜試北區分所,24.527806,120.770972,1.3,24.98,7.92,85.41,0.61,0.25,B2E890
臺南蘭花園區,23.340258,120.379661,0.85,26.38,4.92,83.17,0.52,0.48,A2N290
臺大雲林校區,23.730628,120.423903,0.99,25.96,5.25,83.0,0.15,0.13,A2K630
水試臺西試驗場,23.717231,120.190522,1.17,26.61,6.05,85.68,0.18,-0.02,A2K360
農工中心,24.985917,121.239833,1.48,25.33,4.69,77.55,2.77,-0.08,A2C560
茶改東部分場,22.907694,121.130139,0.58,25.16,3.6,84.82,21.02,12.82,82S580
茶改南部分場,23.762528,120.7405,0.29,24.1,1.26,88.52,1.76,-0.3,82H840
茶改中部分場,23.875611,120.913583,0.22,22.39,-0.15,85.57,0.57,-0.98,82H320
茶改場,24.908472,121.185333,1.75,24.93,-0.72,80.59,1.98,-1.59,82C160
茶改北部分場,24.955778,121.631222,2.06,23.07,1.34,88.32,8.2,-5.08,82A750
高改旗南分場,22.857861,120.516667,-0.23,26.69,9.09,84.55,18.1,15.6,72V140
花改蘭陽分場,24.686306,121.716583,1.67,25.23,2.86,88.36,22.23,3.92,72U480
花蓮農改,23.975222,121.563889,1.33,25.63,1.55,83.26,11.72,-0.27,72T250
東改賓朗果園,22.813889,121.071278,0.84,24.43,1.92,86.64,37.39,33.45,72S590
東改班鳩分場,22.829528,121.077694,1.16,25.2,2.99,82.73,37.25,30.0,72S200
高雄農改,22.709333,120.525889,0.03,26.74,8.82,88.59,15.39,13.0,72Q010
七股研究中心,23.081672,120.062894,1.09,27.05,6.29,84.29,6.29,6.22,72N240
臺南農改,23.0605,120.342194,0.4,26.36,7.6,87.68,8.98,7.57,72N100
南改鹿草分場,23.416869,120.283061,1.15,26.43,7.1,85.64,1.0,0.88,72M700
南改義竹分場,23.360694,120.279361,0.92,26.53,1.57,81.86,0.43,-0.38,72M360
南改斗南分場,23.634556,120.477333,1.44,26.81,2.54,82.73,0.5,-0.59,72K220
中改埔里分場,23.903208,120.963364,1.02,23.54,-0.89,86.39,1.09,0.59,72HA00
臺中農改,24.003028,120.534389,1.32,26.76,4.01,81.61,0.11,-0.71,72G600
桃改新埔分場,24.834444,121.066111,1.63,25.71,5.22,80.18,0.55,0.32,72D680
桃改五峰分場,24.612194,121.157167,2.0,20.56,2.84,91.0,4.61,-0.82,72D080
桃園農改,24.950944,121.030583,1.65,25.8,4.74,82.32,2.16,0.37,72C440
桃改樹林分場,24.944503,121.386972,2.07,25.8,-2.44,77.18,3.36,0.34,72AI40
萬大發電廠,23.978875,121.139639,1.19,22.26,-11.59,74.43,0.33,-0.13,42HA10
恆春工作站,22.079678,120.714425,0.7,27.5,6.77,71.95,11.2,10.62,12Q980
東港工作站,22.479997,120.466058,0.27,27.35,3.8,71.78,9.58,8.57,12Q970
口湖工作站,23.589978,120.180394,1.2,26.5,4.1,75.18,0.11,0.11,12J990
