站名,緯度,經度,平均溫距平,本年度平均溫,平均溼度距平,本年度日均相對溼度,本年度日均降水量,日均降水量距平,站號
淡水,25.164889,121.448906,1.24,25.28,3.45,81.28,12.42,7.21,466900
鞍部,25.182586,121.529731,1.51,19.75,6.77,97.69,75.74,54.28,466910
臺北,25.037658,121.514853,1.61,26.57,5.03,79.06,4.65,-0.39,466920
竹子湖,25.162078,121.544547,1.79,21.78,5.59,92.11,40.56,20.29,466930
基隆,25.133314,121.740475,1.09,25.64,8.42,83.62,39.46,27.57,466940
花蓮,23.975128,121.613275,0.85,26.04,6.72,81.56,10.63,-0.71,466990
新屋,25.006744,121.047486,1.05,25.78,7.07,82.6,2.71,0.61,467050
宜蘭,24.763975,121.756528,1.23,25.4,8.58,87.62,19.27,5.39,467080
金門,24.407306,118.289281,0.63,25.12,10.19,77.28,0.01,-1.18,467110
田中,23.873803,120.581286,1.05,27.01,10.44,85.89,0.2,0.18,467270
澎湖,23.565503,119.563094,0.43,26.22,8.61,83.23,0.38,-0.53,467350
臺南,22.993239,120.204772,0.54,27.27,5.42,77.96,4.15,3.06,467410
永康,23.038386,120.2367,1.0,27.21,8.13,80.56,4.98,3.76,467420
嘉義,23.495925,120.432906,1.27,26.63,6.92,84.73,0.3,-0.81,467480
臺中,24.145736,120.684075,1.27,27.2,4.96,75.12,0.09,-0.83,467490
阿里山,23.508208,120.813242,0.89,13.62,2.18,89.74,5.37,0.5,467530
大武,22.355675,120.903789,0.88,27.12,6.08,79.08,24.92,18.38,467540
玉山,23.487614,120.959522,0.11,6.96,7.64,72.78,8.65,4.31,467550
新竹,24.827853,121.014219,1.49,26.4,6.49,79.22,0.48,-1.37,467571
恆春,22.003897,120.746339,0.84,27.59,5.83,76.81,11.94,8.25,467590
成功,23.097486,121.373428,0.84,26.32,6.44,80.76,17.44,8.92,467610
日月潭,23.881325,120.90805,1.63,22.48,3.37,85.8,0.44,-1.06,467650
臺東,22.752211,121.154586,0.67,26.72,5.55,78.44,23.45,16.65,467660
馬祖,26.169269,119.923419,0.0,22.67,10.84,86.88,2.09,0.84,467990
山佳,24.974944,121.402008,1.65,26.29,2.91,80.42,2.83,-0.96,C0A520
坪林,24.938183,121.70975,1.89,23.24,-3.91,88.36,14.9,0.62,C0A530
泰平,24.971197,121.823711,1.68,22.09,3.92,98.29,52.5,27.06,C0A550
桶後,24.848222,121.597992,1.9,22.68,-0.68,93.08,17.06,2.63,C0A570
石碇,24.993969,121.662917,2.87,24.79,-4.99,85.4,12.58,-2.11,C0A640
大坪,25.165914,121.632969,2.35,23.54,4.35,95.83,69.44,48.14,C0A860
五指山,25.132153,121.608692,1.37,20.51,2.77,98.23,55.06,39.58,C0A870
雙溪,25.036003,121.864242,2.87,25.77,0.75,89.88,29.11,13.87,C0A890
三和,25.233153,121.595236,1.34,24.05,4.44,91.56,47.42,32.47,C0A931
金山,25.223628,121.643967,1.5,25.43,5.09,86.67,25.04,18.55,C0A940
鼻頭角,25.129036,121.923372,1.84,26.19,6.52,89.0,16.18,12.12,C0A950
三貂角,25.007606,122.002058,1.37,25.38,8.77,89.88,13.4,5.62,C0A970
社子,25.109508,121.469681,2.02,26.94,5.46,79.4,3.64,0.36,C0A980
天母,25.117494,121.537169,1.74,26.52,-0.62,72.83,5.36,0.16,C0A9C0
內湖,25.079422,121.57545,0.97,25.73,19.65,96.35,7.58,2.37,C0A9F0
大屯山,25.175675,121.522408,1.71,18.53,-1.86,95.12,43.15,27.15,C0AC40
三峽,24.939025,121.369728,2.6,27.29,3.12,80.12,5.04,-0.19,C0AC60
信義,25.037822,121.564597,2.26,26.6,6.37,84.56,12.76,6.09,C0AC70
文山,25.00235,121.575728,1.69,25.62,-0.69,81.5,9.83,1.87,C0AC80
新莊,25.051478,121.446756,1.2,26.4,5.35,77.48,3.79,0.4,C0ACA0
八里,25.150211,121.403947,1.16,26.02,12.55,86.44,6.38,3.33,C0AD10
蘆洲,25.086594,121.472331,1.85,27.36,2.27,74.77,3.23,0.71,C0AD30
土城,24.973208,121.445169,1.24,25.48,5.99,83.48,4.7,0.06,C0AD40
鶯歌,24.951533,121.346294,1.97,26.41,-1.23,78.5,2.25,-1.7,C0AD50
汐止,25.066881,121.658778,1.9,26.16,2.76,85.17,23.81,12.25,C0AH00
永和,25.01125,121.508111,1.96,26.93,5.67,79.88,5.92,1.3,C0AH10
五分山,25.07125,121.780794,1.79,21.16,1.05,97.96,55.56,26.15,C0AH30
平等,25.129142,121.577086,0.95,22.96,-1.15,86.32,24.12,11.91,C0AH40
林口,25.072181,121.38084,1.64,24.5,-2.37,85.46,3.71,0.35,C0AH50
松山,25.04871,121.55042,1.2,25.97,2.53,72.15,7.27,1.54,C0AH70
深坑,25.002703,121.628328,3.28,26.27,-0.56,85.65,13.12,4.43,C0AH80
福山植物園,24.760717,121.58135,2.23,20.97,5.09,98.16,23.74,4.54,C0AH90
五股,25.07445,121.42728,1.5,24.49,-2.53,83.26,3.48,1.74,C0AI00
屈尺,24.92184,121.54475,2.69,25.39,-8.67,75.96,10.92,3.99,C0AI10
白沙灣,25.283128,121.519058,1.1,25.13,2.17,88.15,9.92,8.32,C0AI20
三重,25.057328,121.500629,1.6,26.53,1.78,79.54,2.0,1.75,C0AI30
石牌,25.115597,121.513139,2.37,27.74,9.62,75.4,3.22,2.9,C0AI40
七堵,25.094819,121.71713,2.89,26.39,1.73,86.35,46.63,34.65,C0B010
基隆嶼,25.19141,121.78391,1.56,24.73,18.04,96.44,13.33,11.18,C0B020
復興,24.820208,121.352281,1.67,23.47,2.73,82.12,4.15,-1.33,C0C460
桃園,24.992425,121.323172,1.38,25.96,4.16,77.24,4.78,1.16,C0C480
八德,24.928708,121.283289,1.66,25.86,1.22,76.33,3.86,0.61,C0C490
觀音,25.027072,121.153317,1.0,24.93,7.35,84.74,3.91,1.13,C0C590
蘆竹,25.084275,121.265767,0.97,25.28,9.32,86.4,4.06,1.4,C0C620
大溪,24.882853,121.265547,1.37,24.63,6.02,82.38,3.4,0.23,C0C630
平鎮,24.897503,121.214636,1.54,24.48,1.26,81.0,3.71,0.68,C0C650
龍潭,24.870056,121.221389,1.25,24.25,2.81,80.59,3.34,0.03,C0C670
龜山,25.02846,121.38656,1.96,24.58,4.07,84.29,5.23,1.13,C0C680
中壢,24.977661,121.256375,2.12,25.34,3.7,78.88,3.71,1.97,C0C700
大溪永福,24.892936,121.324975,1.51,24.59,4.11,85.96,8.44,6.88,C0C710
梅花,24.678347,121.208558,2.02,23.65,2.11,82.62,2.19,-2.76,C0D360
峨眉,24.6905,121.017189,1.23,25.14,5.59,85.61,3.31,1.77,C0D430
打鐵坑,24.849664,121.150789,1.07,23.86,1.6,85.72,4.12,1.31,C0D480
橫山,24.71116,121.11693,0.72,23.81,7.79,90.28,2.39,-0.2,C0D540
雪霸,24.526972,121.11605,1.37,16.82,-1.33,81.88,5.62,0.75,C0D550
竹東,24.767147,121.057881,1.82,25.83,4.92,76.72,1.04,-0.4,C0D560
寶山,24.735006,121.025192,1.3,24.76,5.75,84.92,1.46,-0.11,C0D580
新豐,24.87068,120.97721,1.14,24.94,16.38,94.75,1.38,-0.47,C0D590
湖口,24.904794,121.043628,0.82,25.07,2.85,78.55,0.98,-0.49,C0D650
新竹市東區,24.798681,120.986942,0.4,25.37,6.47,78.96,0.48,-0.7,C0D660
竹南,24.708978,120.888897,1.08,25.74,9.77,83.21,0.44,-0.73,C0E420
南庄,24.601775,121.000214,1.44,23.97,9.47,92.6,1.4,-1.36,C0E430
明德,24.583486,120.885411,1.56,25.87,4.58,81.69,2.13,1.13,C0E550
通霄,24.471892,120.704622,0.92,25.45,6.23,84.08,0.46,-0.17,C0E590
馬都安,24.451272,120.930192,1.3,21.66,4.1,89.4,1.2,-1.17,C0E610
頭份,24.688247,120.912206,1.8,26.9,8.17,78.62,0.98,-0.03,C0E730
造橋,24.637056,120.864778,0.71,25.61,5.69,81.84,1.52,0.42,C0E740
苗栗,24.564569,120.824575,1.01,26.07,2.49,73.74,1.02,0.19,C0E750
銅鑼,24.489681,120.790853,0.88,25.12,17.17,94.19,1.62,0.82,C0E780
西湖,24.562947,120.7485,1.06,25.22,6.6,86.08,1.17,0.41,C0E810
獅潭,24.539133,120.920042,0.16,23.1,-0.86,83.94,2.56,1.02,C0E820
苑裡,24.439714,120.653053,0.36,25.68,6.07,80.88,0.16,-0.42,C0E830
大河,24.618069,120.948578,-0.3,23.91,4.15,84.77,2.67,1.08,C0E850
高鐵苗栗,24.60725,120.826094,1.01,25.89,18.3,90.0,2.53,1.94,C0E870
石岡,24.276061,120.777644,1.13,25.36,6.55,86.59,2.27,1.67,C0F0B0
中坑,24.248517,120.903319,1.35,21.76,-2.62,88.5,1.35,-0.17,C0F0C0
審馬陣,24.381675,121.4203,1.14,10.44,8.14,82.52,13.9,11.62,C0F0D0
東勢,24.246428,120.833047,2.11,25.86,3.08,80.39,2.61,2.13,C0F850
大坑,24.173142,120.722289,1.88,27.56,7.03,77.36,0.06,-0.41,C0F970
神岡,24.272481,120.658314,1.83,26.27,-1.45,75.58,0.06,-0.39,C0F9I0
大安,24.345061,120.588025,0.67,25.51,5.61,83.8,0.12,-0.35,C0F9K0
后里,24.310436,120.729725,1.65,25.91,6.14,83.33,0.48,0.03,C0F9L0
豐原,24.254322,120.720692,2.16,26.75,4.32,77.54,0.29,-0.13,C0F9M0
大里,24.092464,120.701378,1.59,28.38,-2.64,65.77,0.09,-0.42,C0F9N0
潭子,24.213106,120.703933,1.03,26.85,7.76,78.23,0.15,-0.31,C0F9O0
清水,24.312297,120.562242,0.92,26.01,5.31,83.5,0.06,-0.44,C0F9P0
外埔,24.347817,120.705686,1.95,26.3,3.06,83.04,0.2,-0.29,C0F9Q0
龍井,24.184536,120.528972,1.1,26.57,2.3,80.22,0.08,-0.26,C0F9R0
烏日,24.107058,120.624103,0.96,27.08,5.36,74.77,0.09,-0.39,C0F9S0
西屯,24.179494,120.641275,0.78,26.19,5.44,77.29,0.06,-0.41,C0F9T0
南屯,24.137006,120.637969,0.56,27.05,6.35,74.48,0.06,-0.41,C0F9U0
新社,24.200172,120.815806,1.31,24.17,5.15,86.17,0.69,0.15,C0F9V0
大雅(中科園區),24.21528,120.62445,0.45,25.61,5.59,82.44,0.06,-0.57,C0F9X0
桃山,24.432739,121.303808,0.4,9.45,8.53,85.71,7.79,3.87,C0F9Y0
雪山東峰,24.388792,121.268675,0.44,10.32,8.1,84.0,5.12,0.54,C0F9Z0
芬園,24.015678,120.6213,0.49,25.7,10.61,87.6,0.12,-0.44,C0G620
員林,23.946503,120.585597,1.83,27.66,10.31,86.0,0.14,-0.75,C0G650
溪湖,23.94835,120.479122,2.61,28.14,16.52,93.42,0.1,-0.36,C0G660
溪州,23.851589,120.499093,1.16,26.75,-0.28,77.5,0.09,-0.76,C0G720
二林,23.903325,120.376081,0.73,26.0,3.88,87.12,0.06,-0.3,C0G730
大城,23.852487,120.320935,0.98,26.44,-9.44,68.58,0.04,-0.68,C0G740
福興,24.041289,120.437669,1.2,27.43,1.55,75.67,0.08,-0.28,C0G770
秀水,24.03405,120.503869,0.85,26.91,5.06,80.96,0.1,-0.28,C0G780
埔鹽,24.000394,120.431683,2.54,27.77,7.41,85.38,0.12,-0.23,C0G800
埔心,23.947633,120.525456,1.08,27.01,24.75,99.38,0.12,-0.36,C0G810
田尾,23.901669,120.509389,1.7,27.49,5.53,85.33,0.17,-0.4,C0G820
埤頭,23.866003,120.452806,1.29,26.46,14.59,99.64,0.06,-0.37,C0G830
社頭,23.897647,120.5862,1.42,27.83,10.75,81.96,0.1,-0.6,C0G860
二水,23.810742,120.6173,2.36,28.1,5.36,82.45,0.22,-0.5,C0G880
伸港,24.148933,120.484403,0.63,26.23,4.11,80.04,0.06,-0.24,C0G890
線西,24.143358,120.443536,0.67,26.36,2.41,81.48,0.06,-0.23,C0G900
花壇,24.032076,120.549461,2.9,28.77,11.51,82.55,0.08,0.08,C0G910
埔里,23.972169,120.952425,1.45,26.14,-2.24,76.22,1.43,-0.07,C0H890
草屯,23.973672,120.68085,0.93,26.94,3.65,76.38,0.1,-0.4,C0H960
昆陽,24.121322,121.273642,1.01,10.55,6.77,87.5,8.56,4.69,C0H990
神木村,23.532742,120.843667,1.63,18.87,-1.53,88.28,5.48,1.83,C0H9A0
合歡山,24.143442,121.272547,0.58,9.41,18.65,89.77,6.15,2.65,C0H9C0
廬山,24.033311,121.181808,1.2,19.31,-0.2,82.33,1.67,-1.06,C0I010
信義,23.689694,120.851036,0.32,23.83,-0.49,84.36,2.61,1.28,C0I080
竹山,23.761225,120.688156,1.23,26.21,4.45,83.54,1.23,-0.23,C0I110
水里,23.812553,120.849792,0.62,25.66,0.44,79.68,0.54,-0.58,C0I360
魚池,23.895703,120.94135,1.03,24.19,-0.18,84.74,1.17,-0.33,C0I370
集集,23.828206,120.801467,0.51,25.86,0.62,82.85,0.73,-0.71,C0I380
仁愛,24.022122,121.132206,1.28,21.5,-2.67,80.14,0.9,-1.3,C0I390
名間,23.837053,120.701447,0.38,25.84,2.75,82.39,1.69,0.71,C0I410
國姓,24.037803,120.855072,0.73,26.03,0.72,81.23,0.25,-1.07,C0I420
南投,23.911469,120.687331,0.85,27.14,6.9,81.6,0.5,-0.23,C0I460
梅峰,24.085272,121.173572,1.16,15.68,-0.21,84.67,2.06,-0.93,C0I480
萬大林道,23.928228,121.091411,1.43,19.55,-8.99,78.85,1.71,-0.73,C0I490
小奇萊,24.131764,121.295717,0.85,10.12,7.71,87.29,11.35,8.01,C0I530
崙背,23.75555,120.318925,0.75,26.05,0.23,81.36,0.22,-0.27,C0K250
四湖,23.630414,120.227125,1.63,27.08,1.57,79.61,0.83,0.02,C0K280
宜梧,23.536281,120.169329,1.09,26.55,2.35,81.69,0.08,-0.51,C0K291
虎尾,23.719183,120.442036,1.13,26.79,7.34,85.04,0.14,-0.71,C0K330
土庫,23.679029,120.395574,1.07,26.68,7.33,85.5,0.78,0.17,C0K390
斗六,23.720583,120.541127,0.74,26.57,-0.3,80.04,0.21,-0.49,C0K400
北港,23.573957,120.292802,0.87,26.63,-0.44,79.04,0.11,-0.57,C0K410
西螺,23.800407,120.467394,0.95,26.55,1.15,82.15,0.1,-0.66,C0K420
褒忠,23.690938,120.303634,1.06,26.36,-5.67,74.61,0.19,-0.34,C0K430
二崙,23.772797,120.408944,0.85,26.12,3.24,83.22,0.11,-0.39,C0K440
大埤,23.646074,120.431537,1.19,26.8,3.36,83.2,0.2,-0.59,C0K450
斗南,23.678734,120.478359,1.02,26.69,2.95,80.91,0.18,-0.51,C0K460
林內,23.748675,120.609642,0.96,26.34,1.53,82.89,1.03,0.02,C0K470
莿桐,23.761192,120.502372,0.84,26.22,1.07,80.0,0.1,-0.65,C0K480
元長,23.64981,120.315024,0.89,26.51,2.53,80.84,0.12,-0.5,C0K500
水林,23.572924,120.24597,1.3,26.98,2.57,81.17,0.17,-0.59,C0K510
臺西,23.701547,120.197559,0.76,26.29,3.46,82.74,0.17,-0.33,C0K530
蔦松,23.514319,120.229736,0.75,26.58,2.46,82.0,0.08,-0.67,C0K550
棋山,23.68645,120.603417,0.76,26.4,2.78,84.0,3.46,2.12,C0K560
高鐵雲林,23.737456,120.417944,0.89,26.38,6.04,83.45,0.14,-0.41,C0K580
東後寮,23.369908,120.248065,0.8,26.38,3.29,82.54,0.38,-0.45,C0M520
奮起湖,23.493903,120.699253,1.39,19.29,-0.61,92.83,4.79,0.32,C0M530
中埔,23.42538,120.5229,0.59,25.99,1.91,82.5,4.56,2.82,C0M640
朴子,23.43463,120.23902,0.21,25.94,4.92,83.62,0.29,-0.62,C0M650
溪口,23.604131,120.403569,1.19,26.68,-0.97,80.65,0.22,-0.47,C0M660
大林,23.600616,120.45841,0.82,26.72,2.03,80.38,0.27,-0.48,C0M670
太保,23.455062,120.331455,0.64,26.62,1.49,80.91,1.0,0.16,C0M680
水上,23.419734,120.388909,1.03,26.63,11.03,89.17,4.19,3.42,C0M690
竹崎,23.526178,120.555508,0.69,26.04,1.31,84.04,3.42,1.97,C0M700
東石,23.458927,120.15385,0.81,26.58,3.06,81.38,0.21,-0.62,C0M710
番路,23.464657,120.554156,0.69,25.54,5.09,86.15,3.02,1.41,C0M720
嘉義市東區,23.457673,120.460531,0.75,27.59,2.52,77.08,1.48,0.44,C0M730
六腳,23.492871,120.290625,0.75,26.58,2.84,80.65,0.31,-0.49,C0M740
布袋,23.380878,120.167789,0.99,26.89,-0.35,79.83,0.5,-0.6,C0M750
民雄,23.551754,120.428457,0.7,26.71,1.14,80.33,1.29,0.55,C0M760
嘉義梅山,23.585398,120.555587,0.6,25.98,9.14,89.88,5.0,3.69,C0M770
鹿草,23.41134,120.30835,0.97,26.98,5.9,83.22,3.25,2.41,C0M780
新港,23.553269,120.345728,0.69,26.73,1.3,78.96,0.12,-0.58,C0M790
茶山,23.299075,120.664767,0.38,24.4,2.52,87.52,7.39,4.44,C0M800
里佳,23.389125,120.716647,1.08,19.82,-4.89,85.54,7.88,5.29,C0M810
達邦,23.453994,120.749517,0.69,21.56,3.66,87.15,4.56,2.39,C0M820
表湖,23.24186,120.64166,0.56,22.53,1.4,90.83,7.12,5.71,C0M850
新美,23.338017,120.683169,0.33,24.0,1.84,84.88,5.25,4.03,C0M860
北寮,23.079561,120.495008,0.68,26.25,8.36,91.71,4.54,2.44,C0O830
王爺宮,23.222064,120.40085,2.86,28.1,-4.91,79.65,1.77,0.61,C0O840
大內,23.11885,120.36083,1.71,28.03,4.91,85.12,4.26,3.03,C0O860
善化,23.112883,120.297219,1.1,27.03,9.81,89.05,3.98,2.83,C0O900
崎頂,22.959547,120.369317,1.29,26.48,7.37,89.12,4.87,3.26,C0O960
虎頭埤,23.021375,120.347878,0.66,26.15,3.64,85.22,8.39,6.85,C0O970
新市,23.061614,120.298197,1.39,27.72,4.01,81.69,3.62,2.51,C0O980
媽廟,22.99175,120.293525,-0.02,26.5,17.32,96.0,4.44,3.11,C0O990
尾寮山,22.833111,120.683889,1.41,21.34,-2.01,89.94,18.47,9.07,C0R100
阿禮,22.742908,120.743678,0.54,21.27,0.17,84.83,27.52,22.17,C0R130
瑪家,22.682903,120.686639,-0.04,21.95,8.76,97.11,28.75,23.69,C0R140
三地門,22.709889,120.639944,0.53,26.77,-6.05,72.69,12.96,8.61,C0R150
鹽埔,22.739558,120.530778,0.38,26.85,0.09,87.44,14.56,11.57,C0R160
屏東,22.660269,120.494072,0.58,27.22,-0.58,80.0,23.33,20.96,C0R170
赤山,22.592333,120.614306,0.14,26.42,4.84,90.13,23.85,18.76,C0R190
潮州,22.534361,120.54,0.54,27.14,3.99,82.28,26.64,23.98,C0R220
來義,22.527306,120.625111,-0.46,25.37,9.42,92.83,27.5,21.13,C0R240
春日,22.370361,120.628306,-0.08,25.94,2.12,83.36,25.14,21.08,C0R260
琉球嶼,22.332244,120.362236,0.31,26.97,1.17,84.69,10.81,9.21,C0R270
車城,22.0744,120.716247,-0.18,26.94,12.27,82.9,16.38,15.36,C0R320
牡丹,22.130036,120.792639,1.72,24.99,8.78,94.12,23.21,18.64,C0R341
貓鼻頭,21.921774,120.7358,1.03,27.28,1.78,79.67,7.54,4.83,C0R350
大漢山,22.405264,120.753181,1.53,16.63,3.91,97.44,60.92,55.83,C0R440
高樹,22.826389,120.600806,0.41,26.97,-3.3,75.35,15.78,13.19,C0R470
長治,22.693128,120.542622,0.66,27.32,7.43,88.78,25.72,23.15,C0R480
九如,22.7405,120.490503,0.88,27.64,-0.81,79.76,11.0,8.44,C0R490
崁頂,22.514781,120.506914,2.22,29.17,3.5,83.12,13.8,11.66,C0R520
佳冬,22.419456,120.552375,-0.02,26.74,5.21,83.94,25.39,22.71,C0R540
新埤,22.467947,120.582894,0.67,26.92,-0.97,81.25,18.66,15.66,C0R550
新園,22.5434,120.461558,1.17,28.05,-3.07,75.77,14.83,13.08,C0R560
麟洛,22.65078,120.52719,1.12,28.08,5.39,83.69,17.17,14.45,C0R570
南州,22.48591,120.50274,0.15,26.85,5.99,84.93,13.22,11.09,C0R580
里港,22.77919,120.49459,0.15,26.74,3.47,83.92,16.75,14.64,C0R590
舊泰武,22.588194,120.664944,0.54,22.66,1.89,91.0,31.98,22.14,C0R600
墾雷,21.900836,120.855269,0.11,26.78,9.29,91.56,7.17,-4.0,C0R620
東港,22.46247,120.44074,0.36,27.28,4.51,84.5,35.43,34.67,C0R640
竹田,22.58486,120.54344,0.33,26.97,-4.05,79.25,17.19,15.34,C0R650
枋寮,22.367722,120.590647,0.09,26.86,8.46,86.83,15.02,14.22,C0R660
楓港,22.190131,120.692156,-0.27,26.9,7.31,74.17,27.75,27.01,C0R670
佳樂水,21.993578,120.861633,0.53,27.45,4.7,81.92,6.62,3.12,C0R680
墾丁,21.966756,120.810269,0.76,25.1,14.48,99.92,10.35,7.18,C0R690
枋山,22.246844,120.661086,-0.34,26.89,13.9,79.79,15.06,14.73,C0R700
龍磐,21.931672,120.838942,0.25,26.18,6.24,88.58,7.83,4.1,C0R710
旭海,22.205403,120.887614,0.45,25.08,15.23,99.08,15.5,11.04,C0R720
大坪頂,22.024633,120.69355,0.35,25.9,14.74,89.29,12.02,11.09,C0R730
獅子,22.201569,120.70525,0.66,27.25,6.85,76.08,25.46,24.46,C0R740
四林格山,22.076989,120.802439,1.26,22.95,7.17,100.0,16.24,11.65,C0R750
南仁湖,22.084681,120.863353,0.71,24.09,8.0,97.0,14.28,7.54,C0R760
保力,22.071122,120.764111,0.83,26.33,5.21,83.92,16.38,13.8,C0R770
滿州,22.024403,120.839892,0.61,26.7,2.52,81.11,10.86,6.81,C0R780
九棚,22.14195,120.889281,0.44,26.1,4.57,85.42,11.56,7.67,C0R790
丹路,22.204481,120.750989,0.85,26.46,6.4,80.36,35.06,32.39,C0R800
內獅,22.305064,120.642986,0.33,26.8,17.8,96.76,17.58,16.89,C0R810
白鷺,22.454275,120.666219,0.39,23.21,7.76,92.83,50.67,50.19,C0R820
高士,22.121825,120.836781,0.91,23.77,3.44,92.0,20.73,14.97,C0R830
牡丹池山,22.168389,120.841225,1.08,22.75,4.21,97.0,24.06,18.84,C0R840
下馬,23.150427,121.070312,1.22,21.43,4.91,90.32,29.0,27.71,C0S660
太麻里,22.60902,120.98533,1.47,23.4,5.67,89.5,33.44,27.33,C0S690
知本,22.684866,121.005642,1.03,22.91,7.28,93.67,73.5,64.97,C0S700
鹿野,22.917711,121.122994,1.42,23.73,7.32,90.23,33.06,25.98,C0S710
綠島,22.6672,121.47533,1.04,26.08,12.48,95.96,18.12,9.91,C0S730
池上,23.119628,121.209469,1.17,24.01,5.01,90.64,22.33,16.39,C0S740
向陽,23.248397,120.986133,1.25,13.58,5.03,97.61,32.67,23.95,C0S750
大溪山,22.478475,120.943325,1.08,23.75,5.45,90.23,30.19,22.66,C0S770
金崙,22.538122,120.966875,1.32,25.18,4.73,87.31,31.08,23.34,C0S790
東河,22.972672,121.303986,0.28,26.1,8.13,86.48,17.34,9.45,C0S810
長濱,23.286817,121.411975,1.35,25.25,4.04,83.28,14.78,5.7,C0S830
南田,22.279725,120.889208,0.94,26.88,19.37,98.62,18.31,12.4,C0S840
關山,23.0395,121.175017,1.01,24.81,5.13,89.09,29.98,15.74,C0S890
蘭嶼高中,22.04909,121.51214,0.82,27.36,8.7,83.92,18.98,13.08,C0S900
蘭嶼燈塔,22.081197,121.503117,0.7,25.42,11.18,93.8,14.08,9.66,C0S910
金峰嘉蘭,22.594789,120.960825,0.85,25.29,7.34,88.25,62.9,60.27,C0S920
延平,22.902581,121.084058,0.92,24.7,6.62,85.9,48.72,47.76,C0S930
石寧山,23.223772,121.406639,1.24,25.6,8.71,88.32,11.74,8.56,C0S940
七塊厝,22.954453,121.229922,1.16,23.58,5.61,91.5,35.23,33.47,C0S950
香蘭,22.587569,120.993375,0.82,26.88,10.82,84.04,29.52,26.85,C0S960
加津林,22.416211,120.926942,0.91,26.93,7.6,80.73,22.8,20.32,C0S970
勝林山,22.430439,120.8938,1.15,20.05,3.72,97.86,41.07,35.79,C0S980
山豬窟,22.318619,120.857372,0.82,23.72,5.03,89.7,28.2,25.04,C0S990
歷坵,22.520969,120.89185,1.41,23.26,6.6,92.58,44.12,41.72,C0SA00
檳榔四格山,22.810031,121.109308,1.04,23.61,6.86,92.64,22.5,21.22,C0SA10
金崙山,22.567419,120.959667,1.5,20.68,2.21,95.61,62.22,58.34,C0SA20
都歷,23.020333,121.323642,1.47,26.33,23.37,98.39,16.24,13.82,C0SA30
瑞和,22.974361,121.156697,1.08,24.82,12.6,94.08,24.02,22.87,C0SA40
知本（水試所）,22.702394,121.082761,0.55,26.22,9.16,85.38,25.85,22.68,C0SA60
土坂,22.453108,120.887572,1.24,25.34,5.04,87.28,47.66,44.35,C0SA80
達仁林場,22.264347,120.823972,0.89,22.84,11.25,99.94,43.83,38.65,C0SA90
大禹嶺,24.186117,121.316086,0.79,11.75,11.08,90.5,6.67,2.82,C0T790
天祥,24.179597,121.495639,1.4,22.28,5.95,88.08,11.48,4.12,C0T820
鯉魚潭,23.935639,121.508944,0.96,23.88,3.7,91.77,11.83,-0.02,C0T870
西林,23.8119,121.441458,1.5,24.68,6.35,88.96,13.9,-1.17,C0T900
光復,23.660694,121.424964,1.5,24.99,-0.23,88.52,9.3,-2.63,C0T960
月眉山,23.809928,121.539828,1.31,22.77,0.85,94.58,10.96,-1.6,C0T9A0
水源,23.991861,121.537169,1.81,22.94,2.79,89.68,13.2,0.35,C0T9B0
和中,24.26676,121.74103,0.53,25.4,16.91,98.69,23.08,6.64,C0T9D0
大坑,23.880628,121.581981,1.31,23.21,5.7,93.96,17.26,2.14,C0T9E0
水璉,23.797131,121.542514,0.72,24.34,6.44,90.4,10.9,-3.06,C0T9F0
鳳林山,23.735269,121.420131,0.54,22.17,2.69,94.62,15.65,1.43,C0T9G0
加路蘭山,23.682947,121.5274,1.95,22.21,2.38,96.61,14.44,1.02,C0T9H0
豐濱,23.583897,121.514806,0.4,23.84,11.94,98.62,17.35,3.98,C0T9I0
靜浦,23.455167,121.495028,1.45,25.6,6.71,89.43,13.26,3.27,C0T9M0
富里,23.171639,121.249378,1.19,24.23,11.2,96.17,23.08,20.44,C0T9N0
雙連埤,24.753033,121.641303,1.23,21.34,1.15,97.11,19.11,0.48,C0U520
礁溪,24.817539,121.765608,1.12,24.92,-1.8,86.65,16.08,4.03,C0U600
玉蘭,24.675286,121.587061,1.27,22.37,12.47,100.0,34.12,14.1,C0U650
太平山,24.505486,121.525656,2.26,15.36,0.29,96.48,10.14,-5.95,C0U710
南山,24.43742,121.38167,2.18,18.78,2.1,96.36,10.18,6.06,C0U720
龜山島,24.841667,121.953133,0.56,22.89,2.48,93.83,7.14,2.34,C0U750
東澳,24.52196,121.83318,0.62,25.05,11.13,97.09,36.39,4.5,C0U760
南澳,24.44935,121.81022,0.41,25.22,8.31,87.0,23.31,3.91,C0U770
五結,24.68637,121.79794,0.76,24.88,4.45,88.08,28.56,11.6,C0U780
頭城,24.85323,121.8308,1.66,25.66,4.91,89.35,10.28,-3.86,C0U860
大礁溪,24.791042,121.675047,2.04,22.48,8.38,96.43,13.14,-1.59,C0U870
三星,24.66812,121.65302,2.65,25.27,6.36,96.8,26.28,9.09,C0U890
內城,24.71813,121.68766,2.0,24.9,4.2,90.04,19.12,5.03,C0U900
冬山,24.63373,121.7937,2.11,25.53,13.85,97.5,22.72,4.39,C0U910
羅東,24.68184,121.74934,2.5,25.31,3.76,87.94,11.75,-2.65,C0U940
鶯子嶺,24.89754,121.79244,2.34,19.01,3.12,99.85,29.87,11.63,C0U950
翠峰湖,24.510856,121.608044,2.71,15.42,3.56,99.38,25.29,14.4,C0U960
大福,24.80064,121.81389,1.65,25.39,1.31,86.04,16.0,2.6,C0U970
坪林石牌,24.86478,121.77396,2.2,21.74,3.73,97.6,15.96,2.11,C0U980
員山,24.74435,121.72247,1.88,25.23,6.46,89.81,21.12,7.18,C0U990
土場,24.576533,121.495333,1.96,22.83,8.99,100.0,10.96,6.29,C0UA00
鴛鴦湖,24.590269,121.412228,2.62,16.35,1.48,98.65,29.17,16.77,C0UA10
多加屯,24.368614,121.373189,1.52,12.19,4.3,89.68,9.44,6.8,C0UA20
白嶺,24.527819,121.519031,2.28,17.63,1.79,98.38,13.12,6.52,C0UA30
西德山,24.560647,121.752608,2.64,19.13,0.25,96.41,51.61,24.53,C0UA40
西帽山,24.555361,121.802628,1.88,20.06,1.14,97.52,58.55,24.22,C0UA50
樟樹山,24.41393,121.78325,1.97,22.37,10.63,98.35,24.52,11.2,C0UA60
桃源谷,24.962606,121.888875,2.5,22.17,1.62,97.72,34.12,13.52,C0UA70
復興,23.222403,120.806089,0.15,23.03,5.05,84.11,5.47,3.32,C0V210
美濃,22.898742,120.519153,1.23,27.42,1.48,82.35,13.3,10.51,C0V310
溪埔,22.738578,120.446797,0.32,26.82,6.03,87.08,16.54,14.56,C0V350
內門,22.975481,120.466769,0.82,26.42,9.17,93.28,7.94,5.93,C0V360
古亭坑,22.893178,120.401947,0.68,26.23,2.75,87.5,7.46,6.45,C0V370
阿公店,22.804194,120.355528,-0.23,26.03,3.37,83.6,12.02,10.59,C0V400
鳳山,22.646653,120.356122,-0.42,26.64,9.58,87.94,24.17,22.01,C0V440
鳳森,22.545064,120.392592,0.27,26.73,-0.66,82.8,16.08,12.96,C0V450
新興,22.627422,120.298803,0.53,27.8,2.93,76.88,18.12,16.26,C0V490
阿蓮,22.883208,120.327508,1.64,28.17,-14.45,64.64,7.74,6.47,C0V530
梓官,22.760558,120.267211,-0.0,27.04,4.33,81.89,17.89,16.46,C0V610
永安,22.82315,120.236856,0.22,26.88,0.73,80.88,9.4,7.74,C0V620
茄萣,22.906642,120.182608,0.67,27.35,8.24,82.77,10.95,9.78,C0V630
湖內,22.887139,120.2445,0.05,26.7,2.64,80.5,8.17,6.76,C0V640
彌陀,22.783806,120.246361,0.69,27.51,6.34,85.22,14.42,13.0,C0V650
岡山,22.797078,120.294958,0.65,27.9,4.71,80.08,12.38,10.58,C0V660
仁武,22.701083,120.347722,0.28,27.53,9.18,86.23,20.04,17.82,C0V680
鼓山,22.623325,120.275575,-0.03,27.06,4.68,82.73,25.11,23.36,C0V690
三民,22.645017,120.311233,0.11,27.8,5.23,76.46,19.54,17.67,C0V700
苓雅,22.622742,120.330669,0.71,28.19,9.99,80.67,16.9,14.78,C0V710
林園,22.507747,120.394511,0.86,28.65,6.96,79.96,14.5,13.15,C0V720
大寮,22.605614,120.395717,0.1,27.43,7.84,83.04,14.6,12.99,C0V730
旗山,22.888614,120.483597,1.52,28.0,1.25,79.62,12.52,11.15,C0V740
路竹,22.854997,120.259439,0.96,28.04,3.31,78.69,9.52,7.86,C0V750
橋頭,22.757806,120.30575,0.16,27.57,4.96,81.08,13.8,12.25,C0V760
大社,22.730306,120.346639,0.1,27.11,12.04,88.3,27.72,25.57,C0V770
萬山,22.905944,120.688056,0.74,24.93,1.89,83.85,7.15,4.25,C0V790
六龜,22.997889,120.633583,0.67,26.27,4.7,84.71,4.5,0.57,C0V800
左營,22.67491,120.28491,-0.04,26.8,0.99,81.46,15.56,13.7,C0V810
小林,23.148408,120.63325,0.79,24.94,2.72,86.92,4.4,2.21,C0V820
東莒,25.9652,119.98069,0.34,23.69,3.76,81.78,1.28,0.88,C0W110
花嶼,23.40007,119.32276,0.52,25.98,4.77,84.64,2.02,1.01,C0W130
金沙,24.488292,118.408778,0.96,25.61,-2.76,66.39,0.0,-0.61,C0W140
金寧,24.457703,118.328989,0.82,26.05,-1.02,67.96,0.0,-0.6,C0W150
東河,23.296598,120.385608,0.4,26.66,-2.53,78.96,0.68,-0.25,C0X050
下營,23.22695,120.256261,0.71,26.83,0.82,79.35,1.23,0.28,C0X060
佳里,23.173039,120.145086,0.81,26.94,5.68,83.64,4.6,3.62,C0X080
臺南市北區,23.010394,120.194228,0.74,27.53,9.64,81.26,4.78,3.96,C0X100
臺南市南區,22.961189,120.188378,0.67,27.69,1.65,78.33,7.04,6.14,C0X110
麻豆,23.183289,120.248611,1.39,27.85,8.21,84.09,2.66,1.87,C0X120
官田,23.193217,120.315422,0.81,27.34,4.21,81.79,1.46,0.59,C0X130
西港,23.125608,120.203108,1.16,27.64,7.07,82.96,3.9,3.03,C0X140
安定,23.102614,120.227839,0.96,27.23,6.65,84.46,3.67,2.75,C0X150
仁德,22.968258,120.257689,0.94,27.75,4.98,80.3,5.96,4.88,C0X160
關廟,22.963017,120.327797,-0.15,26.53,7.86,82.52,6.09,4.59,C0X170
山上,23.0757,120.363253,0.98,26.93,2.08,82.42,5.81,4.56,C0X180
安平,22.993161,120.152181,0.42,26.99,4.88,82.24,6.64,5.5,C0X190
左鎮,23.056758,120.408522,1.83,27.24,0.08,83.39,5.31,3.6,C0X200
白河,23.347466,120.414427,0.6,26.58,1.88,82.08,0.66,-0.39,C0X210
學甲,23.230367,120.182187,0.96,26.83,4.58,82.22,3.03,2.11,C0X220
鹽水,23.272621,120.247641,0.52,26.45,4.05,82.62,0.77,-0.18,C0X230
關子嶺,23.331169,120.508025,0.48,24.16,5.8,93.8,9.84,6.34,C0X240
新營,23.310689,120.316681,0.81,26.97,6.1,84.77,0.59,-0.32,C0X250
後壁,23.366358,120.362326,0.93,26.73,0.31,81.72,0.78,-0.32,C0X260
將軍,23.214999,120.13577,0.62,26.54,4.42,82.95,3.33,2.35,C0X280
北門,23.267772,120.125481,0.71,26.69,5.2,83.96,1.96,1.11,C0X290
鹿寮,23.386047,120.477331,0.88,26.32,8.54,92.94,4.03,2.54,C0X300
柳營,23.253328,120.375253,0.69,26.82,4.4,81.4,0.92,0.79,C0X320
明里,23.208717,121.262342,1.37,24.07,4.4,92.17,20.97,11.96,C0Z020
佳心,23.34567,121.21316,1.48,20.76,8.79,96.77,20.55,15.17,C0Z050
玉里,23.3215,121.339656,0.95,24.25,2.85,88.5,21.17,9.81,C0Z061
舞鶴,23.46811,121.37407,1.49,23.86,8.88,98.96,11.71,3.66,C0Z070
富源,23.587642,121.378225,1.65,24.04,1.34,91.6,12.14,4.9,C0Z080
東華,23.89525,121.549833,1.16,25.46,4.98,90.56,5.61,-7.08,C0Z100
吉安光華,23.930925,121.595153,0.98,25.37,-9.06,76.89,12.47,-1.2,C0Z150
鳳林,23.746114,121.453411,1.44,25.0,11.2,96.12,13.48,-1.8,C0Z160
卓溪,23.3443,121.3029,1.25,24.46,5.25,87.16,18.16,15.85,C0Z170
富世,24.14743,121.6297,1.46,25.75,-1.99,83.72,11.83,5.37,C0Z190
萬榮,23.709219,121.420106,1.33,24.58,-1.13,85.75,12.38,-3.29,C0Z200
瑞穗,23.5239,121.39021,1.85,24.76,3.56,89.5,10.69,5.39,C0Z210
和平林道,24.343922,121.656317,1.41,22.0,2.33,91.58,15.38,9.21,C0Z220
和平,24.30717,121.77007,0.67,25.25,8.75,80.74,13.07,5.72,C0Z230
瑞穗林道,23.49284,121.30688,3.66,21.07,0.45,96.7,18.8,11.54,C0Z250
蕃薯寮,23.73835,121.540108,1.32,23.6,-0.76,89.12,12.58,-4.93,C0Z270
德武,23.47426,121.41071,1.67,24.65,2.41,89.27,14.7,10.64,C0Z280
赤柯山,23.36893,121.38293,1.72,20.14,5.05,97.96,22.3,16.9,C0Z290
東里,23.26853,121.30547,1.55,24.64,-3.41,88.15,20.08,16.81,C0Z300
清水斷崖,24.218294,121.689142,1.31,25.5,3.79,83.58,10.81,3.55,C0Z310
清水林道,23.27125,121.188272,1.71,21.68,-0.18,89.39,34.8,31.46,C0Z320
安通山,23.290728,121.348528,1.18,22.41,6.63,94.04,22.02,18.78,C0Z330
口湖工作站,23.589978,120.180394,1.13,26.3,3.56,74.58,0.1,0.1,12J990
東港工作站,22.479997,120.466058,0.32,27.3,3.47,71.55,9.5,8.5,12Q970
恆春工作站,22.079678,120.714425,0.81,27.5,7.22,71.92,10.32,9.8,12Q980
萬大發電廠,23.978875,121.139639,1.45,22.47,-12.72,73.4,0.38,-0.02,42HA10
桃改樹林分場,24.944503,121.386972,1.96,25.8,-0.82,77.18,3.36,0.68,72AI40
桃園農改場,24.950944,121.030583,1.47,25.49,5.79,83.38,2.4,0.71,72C440
桃改五峰分場,24.612194,121.157167,2.17,20.59,2.67,90.69,3.94,-1.13,72D080
桃改新埔分場,24.834444,121.066111,1.29,25.41,7.26,81.04,1.32,1.12,72D680
臺中農改場,24.003028,120.534389,1.38,26.67,2.96,80.52,0.1,-0.63,72G600
中改埔里分場,23.903208,120.963364,1.09,23.52,-1.19,86.17,1.04,0.6,72HA00
南改斗南分場,23.634556,120.477333,1.42,26.66,2.3,82.42,0.42,-0.56,72K220
南改義竹分場,23.360694,120.279361,0.95,26.42,0.97,81.19,0.37,-0.36,72M360
南改鹿草分場,23.416869,120.283061,1.1,26.26,6.41,84.92,0.88,0.78,72M700
臺南農改場,23.0605,120.342194,0.32,26.2,7.13,87.12,7.9,6.64,72N100
七股研究中心,23.081672,120.062894,0.88,26.73,5.96,83.81,5.1,5.03,72N240
高雄農改場,22.709333,120.525889,0.1,26.73,8.71,88.31,14.15,11.99,72Q010
東改班鳩分場,22.829528,121.077694,1.22,25.13,3.18,82.85,35.54,29.08,72S200
東改賓朗果園,22.813889,121.071278,0.91,24.39,2.05,86.65,36.31,32.81,72S590
花蓮農改場,23.975222,121.563889,1.38,25.58,2.36,83.88,14.52,3.59,72T250
花改蘭陽分場,24.686306,121.716583,1.57,25.02,3.89,89.08,28.3,11.17,72U480
高改旗南分場,22.857861,120.516667,-0.21,26.62,8.81,84.12,16.92,14.68,72V140
茶改北部分場,24.955778,121.631222,2.05,22.92,2.14,88.92,11.96,-0.95,82A750
茶改場,24.908472,121.185333,1.6,24.64,0.96,82.15,3.98,0.47,82C160
茶改中部分場,23.875611,120.913583,0.42,22.48,-0.67,84.92,0.5,-0.9,82H320
茶改南部分場,23.762528,120.7405,0.33,24.0,1.09,88.4,1.62,-0.23,82H840
茶改東部分場,22.907694,121.130139,0.57,25.05,4.18,85.23,22.52,15.18,82S580
農工中心,24.985917,121.239833,1.39,25.07,5.8,78.5,2.96,0.11,A2C560
水試臺西試驗場,23.717231,120.190522,1.1,26.39,5.86,85.48,0.16,-0.03,A2K360
臺大雲林校區,23.730628,120.423903,1.04,25.89,4.87,82.68,0.14,0.12,A2K630
臺南蘭花園區,23.340258,120.379661,0.92,26.38,4.88,83.17,0.52,0.48,A2N290
畜試北區分所,24.527806,120.770972,1.32,24.89,7.78,85.12,0.52,0.19,B2E890
畜產試驗所,23.058972,120.336406,0.57,26.06,5.27,86.54,6.35,4.76,B2N890
畜試南區分所,21.945583,120.802167,0.52,27.09,3.09,77.04,6.38,1.97,B2Q810
畜試東區分所,24.669039,121.832561,1.87,25.02,4.71,91.27,27.1,6.63,B2U990
蓮華池,23.918333,120.885278,0.04,23.42,6.36,86.81,0.33,-1.14,E2H360
林試畢祿溪站,24.226944,121.308522,-0.31,14.26,6.62,89.4,7.82,6.75,E2HA20
四湖植物園,23.676986,120.163433,1.12,26.58,7.91,90.28,0.89,0.86,E2K600
林試六龜中心,22.991703,120.645722,0.56,25.49,-8.41,75.36,5.3,4.99,E2P980
林試太麻里2,22.598,120.99775,0.26,25.93,6.79,82.53,36.21,33.01,E2S960
林試太麻里1,22.598922,120.980044,0.79,25.47,4.63,82.59,38.93,34.89,E2S980
農試所(霧峰),24.031261,120.688133,1.22,26.68,8.28,87.8,0.22,-0.51,G2F820
農試嘉義分所,23.485028,120.473806,1.04,26.05,6.8,86.12,1.25,0.04,G2L020
農試溪口農場,23.58565,120.408111,1.12,26.69,1.67,83.25,0.12,0.1,G2M350
農試鳳山分所,22.646611,120.356083,0.15,27.02,6.66,81.38,15.75,14.18,G2P820
苗栗農改場,24.495722,120.829111,1.24,25.04,2.39,83.15,0.71,-0.48,K2E360
苗改生物防治研究中心,24.422861,120.871833,1.23,23.88,1.18,83.15,1.29,0.8,K2E710
種苗改良場,24.225972,120.800917,1.14,23.9,10.2,89.08,0.92,-0.56,K2F750
溪頭,23.670306,120.798194,1.15,19.58,1.67,93.54,4.08,2.16,U2H480
臺大和社,23.590856,120.888864,0.95,22.62,5.61,87.27,2.23,1.39,U2HA30
臺大內茅埔,23.689722,120.851117,0.21,23.7,4.06,84.88,2.3,1.9,U2HA40
臺大竹山,23.756972,120.681556,1.21,26.31,-0.49,79.17,1.87,1.55,U2HA50
臺大竹山,23.756972,120.681556,1.21,26.31,-0.49,79.17,1.87,1.55,U2HA50
臺大內茅埔,23.689722,120.851117,0.21,23.7,4.06,84.88,2.3,1.9,U2HA40
臺大和社,23.590856,120.888864,0.95,22.62,5.61,87.27,2.23,1.39,U2HA30
臺大溪頭,23.670306,120.798194,1.15,19.58,1.67,93.54,4.08,2.16,U2H480
種苗繁殖,24.225972,120.800917,1.14,23.9,10.2,89.08,0.92,-0.56,K2F750
苗改生物防治研究中心,24.422861,120.871833,1.23,23.88,1.18,83.15,1.29,0.8,K2E710
苗栗農改,24.495722,120.829111,1.24,25.04,2.39,83.15,0.71,-0.48,K2E360
農試鳳山分所,22.646611,120.356083,0.15,27.02,6.66,81.38,15.75,14.18,G2P820
農試溪口農場,23.58565,120.408111,1.12,26.69,1.67,83.25,0.12,0.1,G2M350
農試嘉義分所,23.485028,120.473806,1.04,26.05,6.8,86.12,1.25,0.04,G2L020
農業試驗所,24.031261,120.688133,1.22,26.68,8.28,87.8,0.22,-0.51,G2F820
林試太麻里1,22.598922,120.980044,0.79,25.47,4.63,82.59,38.93,34.89,E2S980
林試太麻里2,22.598014,120.989761,0.26,25.93,6.79,82.53,36.21,33.01,E2S960
林試六龜中心,22.991703,120.645722,0.56,25.49,-8.41,75.36,5.3,4.99,E2P980
四湖植物園,23.676986,120.163433,1.12,26.58,7.91,90.28,0.89,0.86,E2K600
林試畢祿溪站,24.226944,121.308522,-0.31,14.26,6.62,89.4,7.82,6.75,E2HA20
蓮華池,23.918333,120.885278,0.04,23.42,6.36,86.81,0.33,-1.14,E2H360
畜試東區分所,24.669039,121.832561,1.87,25.02,4.71,91.27,27.1,6.63,B2U990
畜試南區分所,21.945583,120.802167,0.52,27.09,3.09,77.04,6.38,1.97,B2Q810
畜試所,23.058972,120.336406,0.57,26.06,5.27,86.54,6.35,4.76,B2N890
畜試北區分所,24.527806,120.770972,1.32,24.89,7.78,85.12,0.52,0.19,B2E890
臺南蘭花園區,23.340258,120.379661,0.92,26.38,4.88,83.17,0.52,0.48,A2N290
臺大雲林校區,23.730628,120.423903,1.04,25.89,4.87,82.68,0.14,0.12,A2K630
水試臺西試驗場,23.717231,120.190522,1.1,26.39,5.86,85.48,0.16,-0.03,A2K360
農工中心,24.985917,121.239833,1.39,25.07,5.8,78.5,2.96,0.11,A2C560
茶改東部分場,22.907694,121.130139,0.57,25.05,4.18,85.23,22.52,15.18,82S580
茶改南部分場,23.762528,120.7405,0.33,24.0,1.09,88.4,1.62,-0.23,82H840
茶改中部分場,23.875611,120.913583,0.42,22.48,-0.67,84.92,0.5,-0.9,82H320
茶改場,24.908472,121.185333,1.6,24.64,0.96,82.15,3.98,0.47,82C160
茶改北部分場,24.955778,121.631222,2.05,22.92,2.14,88.92,11.96,-0.95,82A750
高改旗南分場,22.857861,120.516667,-0.21,26.62,8.81,84.12,16.92,14.68,72V140
花改蘭陽分場,24.686306,121.716583,1.57,25.02,3.89,89.08,28.3,11.17,72U480
花蓮農改,23.975222,121.563889,1.38,25.58,2.36,83.88,14.52,3.59,72T250
東改賓朗果園,22.813889,121.071278,0.91,24.39,2.05,86.65,36.31,32.81,72S590
東改班鳩分場,22.829528,121.077694,1.22,25.13,3.18,82.85,35.54,29.08,72S200
高雄農改,22.709333,120.525889,0.1,26.73,8.71,88.31,14.15,11.99,72Q010
七股研究中心,23.081672,120.062894,0.88,26.73,5.96,83.81,5.1,5.03,72N240
臺南農改,23.0605,120.342194,0.32,26.2,7.13,87.12,7.9,6.64,72N100
南改鹿草分場,23.416869,120.283061,1.1,26.26,6.41,84.92,0.88,0.78,72M700
南改義竹分場,23.360694,120.279361,0.95,26.42,0.97,81.19,0.37,-0.36,72M360
南改斗南分場,23.634556,120.477333,1.42,26.66,2.3,82.42,0.42,-0.56,72K220
中改埔里分場,23.903208,120.963364,1.09,23.52,-1.19,86.17,1.04,0.6,72HA00
臺中農改,24.003028,120.534389,1.38,26.67,2.96,80.52,0.1,-0.63,72G600
桃改新埔分場,24.834444,121.066111,1.29,25.41,7.26,81.04,1.32,1.12,72D680
桃改五峰分場,24.612194,121.157167,2.17,20.59,2.67,90.69,3.94,-1.13,72D080
桃園農改,24.950944,121.030583,1.47,25.49,5.79,83.38,2.4,0.71,72C440
桃改樹林分場,24.944503,121.386972,1.96,25.8,-0.82,77.18,3.36,0.68,72AI40
萬大發電廠,23.978875,121.139639,1.45,22.47,-12.72,73.4,0.38,-0.02,42HA10
恆春工作站,22.079678,120.714425,0.81,27.5,7.22,71.92,10.32,9.8,12Q980
東港工作站,22.479997,120.466058,0.32,27.3,3.47,71.55,9.5,8.5,12Q970
口湖工作站,23.589978,120.180394,1.13,26.3,3.56,74.58,0.1,0.1,12J990
