站名,緯度,經度,平均溫距平,本年度平均溫,平均溼度距平,本年度日均相對溼度,本年度日均降水量,日均降水量距平,站號
淡水,25.164889,121.448906,0.23,15.85,-0.37,79.61,2.57,-0.81,466900
鞍部,25.182586,121.529731,-0.3,10.11,3.14,94.74,5.44,-4.64,466910
臺北,25.037658,121.514853,0.25,16.89,-0.46,75.94,1.22,-2.08,466920
竹子湖,25.162078,121.544547,-0.09,12.0,0.42,87.81,5.13,-2.4,466930
基隆,25.133314,121.740475,0.15,16.38,0.41,78.0,4.61,-6.69,466940
花蓮,23.975128,121.613275,-0.16,18.14,-0.64,73.77,0.42,-1.66,466990
新屋,25.006744,121.047486,-0.46,15.81,4.5,82.23,1.41,-1.82,467050
宜蘭,24.763975,121.756528,-0.11,16.56,3.14,82.23,1.25,-4.43,467080
金門,24.407306,118.289281,0.48,13.9,2.95,74.35,0.24,-1.06,467110
澎湖,23.565503,119.563094,0.94,17.89,-0.83,77.58,0.06,-0.63,467350
臺南,22.993239,120.204772,0.61,18.48,-2.56,71.84,0.01,-0.71,467410
永康,23.038386,120.2367,0.87,18.4,1.48,75.16,0.02,-0.71,467420
嘉義,23.495925,120.432906,0.27,17.25,0.56,77.81,0.11,-0.83,467480
臺中,24.145736,120.684075,0.42,17.51,-2.58,71.65,0.29,-0.97,467490
阿里山,23.508208,120.813242,-0.67,5.99,1.72,81.9,0.52,-2.47,467530
大武,22.355675,120.903789,-0.03,20.47,1.91,72.1,1.64,0.25,467540
玉山,23.487614,120.959522,-1.28,-1.37,0.84,60.65,0.0,-2.34,467550
新竹,24.827853,121.014219,0.33,16.17,0.78,78.58,0.72,-1.98,467571
恆春,22.003897,120.746339,0.12,21.25,-1.62,68.0,0.37,-0.4,467590
成功,23.097486,121.373428,0.16,19.13,-0.39,73.52,1.24,-1.14,467610
日月潭,23.881325,120.90805,-0.16,14.23,3.1,79.45,0.36,-1.57,467650
臺東,22.752211,121.154586,0.14,19.76,-1.68,69.23,0.81,-0.42,467660
馬祖,26.169269,119.923419,0.84,11.24,-1.35,78.97,1.12,-0.55,467990
山佳,24.974944,121.402008,0.81,16.95,-4.26,77.48,1.98,-1.22,C0A520
坪林,24.938183,121.70975,-0.1,13.66,-6.37,85.65,2.47,-1.61,C0A530
泰平,24.971197,121.823711,-0.08,12.66,-0.62,94.39,7.52,-6.25,C0A550
桶後,24.848222,121.597992,-0.39,12.79,-1.63,92.58,4.19,-1.54,C0A570
石碇,24.993969,121.662917,0.0,14.3,2.09,91.66,3.03,-2.22,C0A640
大坪,25.165914,121.632969,0.04,13.38,-0.12,91.94,13.58,-11.74,C0A860
五指山,25.132153,121.608692,-0.16,11.22,1.6,95.06,6.71,-2.63,C0A870
雙溪,25.036003,121.864242,1.06,16.09,-5.16,86.35,4.45,-6.49,C0A890
三和,25.233153,121.595236,-1.92,12.92,6.57,92.81,9.56,-8.39,C0A931
金山,25.223628,121.643967,0.13,15.7,1.98,85.06,3.03,-5.46,C0A940
鼻頭角,25.129036,121.923372,0.86,17.42,-2.63,77.13,0.89,-2.91,C0A950
三貂角,25.007606,122.002058,0.61,16.88,-6.74,79.1,2.19,-4.71,C0A970
社子,25.109508,121.469681,0.68,17.1,2.83,80.48,0.92,-1.55,C0A980
天母,25.117494,121.537169,0.44,17.05,-5.34,69.16,0.73,-1.42,C0A9C0
內湖,25.079422,121.57545,0.35,16.91,4.83,83.35,0.94,-1.62,C0A9F0
大屯山,25.175675,121.522408,0.4,9.51,-5.18,90.1,3.44,-3.51,C0AC40
三峽,24.939025,121.369728,-0.03,16.19,-7.02,73.94,1.94,-2.18,C0AC60
信義,25.037822,121.564597,0.27,16.58,-4.68,74.77,1.73,-1.67,C0AC70
文山,25.00235,121.575728,-0.16,15.78,-5.39,78.94,3.0,-0.63,C0AC80
新莊,25.051478,121.446756,-0.06,16.71,-1.85,72.58,1.37,-1.83,C0ACA0
八里,25.150211,121.403947,0.01,16.39,2.51,80.32,1.97,-1.61,C0AD10
蘆洲,25.086594,121.472331,0.29,17.28,-2.2,72.32,0.95,-1.88,C0AD30
土城,24.973208,121.445169,0.86,16.96,-1.58,78.29,2.11,-1.37,C0AD40
鶯歌,24.951533,121.346294,0.5,16.52,-0.7,81.39,2.02,-1.48,C0AD50
汐止,25.066881,121.658778,-0.51,15.83,-5.2,79.81,3.4,-2.47,C0AH00
永和,25.01125,121.508111,0.41,17.35,-0.28,74.06,1.5,-1.45,C0AH10
五分山,25.07125,121.780794,-0.25,11.95,-1.67,95.26,11.06,-5.62,C0AH30
平等,25.129142,121.577086,-1.29,13.55,1.52,88.45,2.19,-1.86,C0AH40
林口,25.072181,121.38084,-0.63,14.81,-5.02,81.48,1.58,-2.16,C0AH50
松山,25.04871,121.55042,-0.83,16.79,-4.88,66.06,1.23,-2.43,C0AH70
深坑,25.002703,121.628328,0.01,16.2,-3.91,81.86,3.4,-0.27,C0AH80
福山植物園,24.760717,121.58135,-1.68,11.06,2.44,95.48,2.34,-5.86,C0AH90
五股,25.07445,121.42728,-0.32,16.26,-12.9,78.23,1.34,-0.44,C0AI00
屈尺,24.92184,121.54475,-1.05,15.83,-9.37,74.23,3.65,1.02,C0AI10
白沙灣,25.283128,121.519058,-0.63,16.13,-0.81,78.65,0.79,-3.24,C0AI20
三重,25.057328,121.500629,-0.57,17.15,-6.68,73.81,0.87,-0.1,C0AI30
石牌,25.115597,121.513139,-0.39,17.97,3.4,73.58,0.77,-0.27,C0AI40
七堵,25.094819,121.71713,-0.83,16.22,-2.74,83.61,5.24,-1.81,C0B010
基隆嶼,25.19141,121.78391,-0.34,16.52,3.9,87.8,0.4,-3.23,C0B020
復興,24.820208,121.352281,0.1,13.8,-2.6,77.71,2.15,-1.31,C0C460
桃園,24.992425,121.323172,0.36,16.2,-1.51,74.26,1.71,-1.8,C0C480
八德,24.928708,121.283289,-0.22,15.55,-3.36,76.0,2.27,-1.95,C0C490
觀音,25.027072,121.153317,-0.13,15.03,0.97,80.71,2.15,-1.69,C0C590
蘆竹,25.084275,121.265767,-0.3,15.8,0.41,78.94,0.31,-3.91,C0C620
大溪,24.882853,121.265547,0.34,14.96,0.59,78.55,1.71,-1.6,C0C630
平鎮,24.897503,121.214636,-0.67,13.79,4.87,86.21,1.53,-1.97,C0C650
楊梅,24.912375,121.143047,-0.51,15.2,2.05,78.1,1.76,-2.27,C0C660
龍潭,24.870056,121.221389,-0.83,14.03,-1.85,78.52,2.03,-2.82,C0C670
龜山,25.02846,121.38656,0.1,15.44,-6.94,74.88,1.73,-2.53,C0C680
中壢,24.977661,121.256375,-0.66,15.43,-0.47,78.71,1.55,-2.72,C0C700
大溪永福,24.892936,121.324975,-1.11,14.68,-2.24,83.71,2.13,0.35,C0C710
梅花,24.678347,121.208558,-0.89,12.27,3.27,88.09,1.82,-1.13,C0D360
峨眉,24.6905,121.017189,-0.27,15.05,-2.08,82.32,1.16,-2.66,C0D430
打鐵坑,24.849664,121.150789,-0.13,14.22,-2.95,82.94,1.37,-2.04,C0D480
橫山,24.71116,121.11693,-0.97,13.69,6.44,90.0,1.1,-2.2,C0D540
雪霸,24.526972,121.11605,0.15,8.46,4.36,81.71,2.37,-1.97,C0D550
竹東,24.767147,121.057881,0.94,15.95,-1.53,73.94,1.02,-1.87,C0D560
寶山,24.735006,121.025192,0.14,14.97,1.02,82.48,1.21,-2.14,C0D580
新豐,24.87068,120.97721,0.15,15.0,1.24,83.0,0.9,-2.09,C0D590
湖口,24.904794,121.043628,-0.27,15.63,-1.03,76.84,0.82,-1.92,C0D650
新竹市東區,24.798681,120.986942,-0.25,15.93,-1.67,73.81,0.69,-2.99,C0D660
竹南,24.708978,120.888897,-0.66,14.86,5.23,84.0,0.52,-1.48,C0E420
南庄,24.601775,121.000214,-0.68,13.59,6.29,90.07,1.24,-1.88,C0E430
明德,24.583486,120.885411,-0.25,15.35,-5.73,78.1,0.74,-2.17,C0E550
通霄,24.471892,120.704622,-0.27,15.64,-3.74,79.94,0.42,-1.61,C0E590
馬都安,24.451272,120.930192,0.2,13.04,-2.12,80.1,1.1,-1.06,C0E610
頭份,24.688247,120.912206,0.88,16.74,-0.1,75.42,0.77,-1.68,C0E730
造橋,24.637056,120.864778,-0.52,15.4,-4.35,79.35,0.84,-2.11,C0E740
苗栗,24.564569,120.824575,-0.24,15.84,-1.28,77.74,0.6,-2.2,C0E750
銅鑼,24.489681,120.790853,-0.25,15.23,2.91,86.19,0.56,-2.14,C0E780
西湖,24.562947,120.7485,-0.12,15.35,-2.96,81.35,0.45,-1.64,C0E810
獅潭,24.539133,120.920042,-0.61,13.97,-2.46,83.87,1.05,-1.88,C0E820
苑裡,24.439714,120.653053,-0.69,15.84,-2.44,77.26,0.26,-1.58,C0E830
大河,24.618069,120.948578,-1.78,14.06,-3.17,81.45,1.23,-3.5,C0E850
高鐵苗栗,24.60725,120.826094,-0.39,16.07,7.22,88.58,0.6,-2.1,C0E870
石岡,24.276061,120.777644,-0.8,15.55,12.28,96.71,0.6,-0.87,C0F0B0
中坑,24.248517,120.903319,-0.49,14.25,-3.55,78.0,0.76,-1.84,C0F0C0
審馬陣,24.381675,121.4203,-1.63,1.75,6.97,74.68,1.42,-3.0,C0F0D0
南湖圈谷,24.363714,121.444667,-1.31,-0.62,8.85,86.36,0.17,-7.3,C0F0E0
東勢,24.246428,120.833047,0.54,16.16,-2.1,78.48,0.68,-1.3,C0F850
大坑,24.173142,120.722289,0.99,18.11,-2.33,73.71,0.39,-1.2,C0F970
神岡,24.272481,120.658314,0.55,16.36,-11.15,74.32,0.48,-1.16,C0F9I0
大安,24.345061,120.588025,-0.41,15.89,-5.99,78.13,0.15,-1.25,C0F9K0
后里,24.310436,120.729725,0.32,16.09,-4.51,78.29,0.44,-1.28,C0F9L0
豐原,24.254322,120.720692,0.99,17.12,-3.41,75.42,0.6,-1.13,C0F9M0
大里,24.092464,120.701378,0.29,18.44,-5.16,67.84,0.29,-1.28,C0F9N0
潭子,24.213106,120.703933,1.19,18.13,-2.71,74.97,0.48,-1.06,C0F9O0
清水,24.312297,120.562242,-0.34,16.13,-4.93,78.16,0.08,-1.19,C0F9P0
外埔,24.347817,120.705686,0.37,16.36,-12.3,71.45,0.31,-1.31,C0F9Q0
龍井,24.184536,120.528972,-0.34,16.62,-7.37,75.23,0.29,-1.06,C0F9R0
烏日,24.107058,120.624103,0.02,17.26,-3.54,71.1,0.29,-1.09,C0F9S0
西屯,24.179494,120.641275,-0.16,16.53,-3.36,73.74,0.35,-0.95,C0F9T0
南屯,24.137006,120.637969,-0.31,17.45,-4.07,70.26,0.19,-1.13,C0F9U0
新社,24.200172,120.815806,-0.29,14.77,-4.7,77.97,0.61,-1.43,C0F9V0
大雅(中科園區),24.21528,120.62445,-0.79,15.9,-6.93,75.77,0.42,-1.62,C0F9X0
桃山,24.432739,121.303808,-2.08,1.38,6.67,68.84,0.73,-2.05,C0F9Y0
雪山東峰,24.388792,121.268675,-1.82,2.39,5.49,66.93,0.84,-2.92,C0F9Z0
芬園,24.015678,120.6213,-0.76,15.75,0.26,81.9,0.27,-1.19,C0G620
員林,23.946503,120.585597,0.43,17.48,-1.18,77.94,0.16,-0.88,C0G650
溪湖,23.94835,120.479122,0.98,17.92,7.91,89.16,0.19,-1.06,C0G660
溪州,23.851589,120.499093,-0.26,16.92,-6.06,74.81,0.15,-2.05,C0G720
二林,23.903325,120.376081,-0.24,16.58,-5.04,82.97,0.05,-1.39,C0G730
大城,23.852487,120.320935,-0.05,16.94,-6.43,74.84,0.18,-1.7,C0G740
福興,24.041289,120.437669,0.47,17.7,-8.02,71.48,0.21,-0.99,C0G770
秀水,24.03405,120.503869,0.26,17.46,1.18,82.13,0.21,-1.04,C0G780
埔鹽,24.000394,120.431683,0.26,16.93,-2.16,81.26,0.11,-1.0,C0G800
埔心,23.947633,120.525456,0.1,17.21,10.99,89.84,0.18,-1.1,C0G810
田尾,23.901669,120.509389,4.39,21.25,-1.58,82.5,0.0,-1.37,C0G820
埤頭,23.866003,120.452806,0.13,16.98,-5.93,81.06,0.06,-1.0,C0G830
社頭,23.897647,120.5862,0.5,18.26,3.1,80.0,0.19,-1.3,C0G860
二水,23.810742,120.6173,1.69,19.12,-2.75,78.9,0.19,-1.1,C0G880
伸港,24.148933,120.484403,-0.22,16.57,-6.1,74.94,0.19,-1.01,C0G890
線西,24.143358,120.443536,-0.96,16.79,-7.94,75.94,0.05,-0.58,C0G900
花壇,24.032076,120.549461,0.7,18.4,-3.61,75.39,0.23,-0.34,C0G910
埔里,23.972169,120.952425,-0.63,16.57,-2.52,78.68,0.45,-2.55,C0H890
草屯,23.973672,120.68085,-0.12,17.17,-5.01,73.0,0.27,-1.24,C0H960
昆陽,24.121322,121.273642,-0.51,1.84,3.03,79.19,0.84,-0.87,C0H990
神木村,23.532742,120.843667,-0.42,10.42,1.99,84.71,0.48,-2.11,C0H9A0
合歡山,24.143442,121.272547,-0.47,0.49,11.59,82.39,0.53,-5.27,C0H9C0
廬山,24.033311,121.181808,0.23,11.77,-3.63,72.26,0.85,-2.06,C0I010
信義,23.689694,120.851036,-1.42,14.98,-6.18,75.72,0.38,-1.91,C0I080
竹山,23.761225,120.688156,0.84,17.36,-2.39,81.39,0.13,-1.23,C0I110
水里,23.812553,120.849792,-0.46,16.97,0.21,81.48,0.18,-1.82,C0I360
魚池,23.895703,120.94135,-0.63,15.49,-5.52,79.65,0.44,-2.59,C0I370
集集,23.828206,120.801467,-0.52,17.11,-8.28,74.1,0.19,-2.16,C0I380
仁愛,24.022122,121.132206,-0.56,12.99,-4.95,75.9,0.61,-3.69,C0I390
名間,23.837053,120.701447,-0.78,16.4,-6.21,76.42,0.21,-1.73,C0I410
國姓,24.037803,120.855072,-0.7,16.6,-5.89,77.61,0.35,-2.05,C0I420
南投,23.911469,120.687331,-0.45,17.44,-1.48,77.61,0.24,-1.98,C0I460
梅峰,24.085272,121.173572,-1.01,7.06,-1.96,80.04,0.98,-5.0,C0I480
萬大林道,23.928228,121.091411,-0.53,11.75,-6.37,73.26,0.47,-3.1,C0I490
小奇萊,24.131764,121.295717,-1.28,1.37,0.39,80.71,1.73,-6.95,C0I530
宜梧,23.536281,120.169329,0.46,17.19,-4.94,77.58,0.16,-0.67,C0K291
虎尾,23.719183,120.442036,0.45,17.24,-4.46,77.19,0.15,-0.75,C0K330
土庫,23.679029,120.395574,-0.16,17.08,-3.49,78.42,0.15,-1.45,C0K390
斗六,23.720583,120.541127,-0.34,17.08,-9.29,74.87,0.15,-1.68,C0K400
北港,23.573957,120.292802,-0.22,17.13,-9.05,74.42,0.11,-1.41,C0K410
西螺,23.800407,120.467394,-0.2,16.96,-7.64,75.97,0.13,-1.7,C0K420
褒忠,23.690938,120.303634,-0.22,16.83,-5.95,77.65,0.08,-1.36,C0K430
二崙,23.772797,120.408944,-0.33,16.66,-7.05,77.13,0.02,-1.3,C0K440
大埤,23.646074,120.431537,-0.48,16.89,-4.37,76.9,0.23,-1.24,C0K450
斗南,23.678734,120.478359,-0.2,17.07,-6.39,75.23,0.11,-1.49,C0K460
林內,23.748675,120.609642,-0.52,16.8,-5.92,78.1,0.18,-1.78,C0K470
莿桐,23.761192,120.502372,-0.45,16.61,-9.63,73.84,0.18,-1.55,C0K480
元長,23.64981,120.315024,-0.21,16.99,-5.07,76.35,0.11,-1.34,C0K500
水林,23.572924,120.24597,-0.21,17.08,-4.25,77.16,0.1,-1.4,C0K510
臺西,23.701547,120.197559,-0.28,16.94,-3.8,78.9,0.06,-1.38,C0K530
蔦松,23.514319,120.229736,-0.27,17.08,-6.21,77.06,0.16,-1.28,C0K550
棋山,23.68645,120.603417,-0.49,16.92,-4.69,79.48,0.21,-2.02,C0K560
高鐵雲林,23.737456,120.417944,-0.7,16.68,-9.46,79.06,0.08,-0.28,C0K580
東後寮,23.369908,120.248065,-0.19,17.14,-5.48,77.13,0.1,-1.2,C0M520
中埔,23.42538,120.5229,-0.23,17.18,-7.94,75.32,0.18,-1.67,C0M640
朴子,23.43463,120.23902,-0.79,16.65,-3.76,77.32,0.11,-1.2,C0M650
溪口,23.604131,120.403569,-0.19,17.1,-7.99,75.16,0.21,-1.28,C0M660
大林,23.600616,120.45841,-0.23,17.3,-7.23,73.29,0.23,-1.51,C0M670
太保,23.455062,120.331455,-0.37,17.27,-9.13,72.84,0.08,-1.43,C0M680
水上,23.419734,120.388909,-0.18,17.38,-5.23,75.81,0.1,-1.39,C0M690
竹崎,23.526178,120.555508,-0.49,16.91,-5.46,78.68,0.21,-1.72,C0M700
東石,23.458927,120.15385,-0.15,17.27,-5.6,77.0,0.11,-1.28,C0M710
番路,23.464657,120.554156,-0.11,16.82,-0.14,84.0,0.19,-1.67,C0M720
嘉義市東區,23.457673,120.460531,-0.07,18.44,-6.78,70.77,0.15,-1.59,C0M730
六腳,23.492871,120.290625,-0.27,17.18,-4.99,76.26,0.18,-1.33,C0M740
布袋,23.380878,120.167789,-0.09,17.34,-7.86,75.74,0.06,-1.24,C0M750
民雄,23.551754,120.428457,-0.24,17.43,-5.63,76.23,0.15,-1.67,C0M760
嘉義梅山,23.585398,120.555587,-0.27,16.96,-6.09,77.94,0.18,-1.86,C0M770
鹿草,23.41134,120.30835,-0.01,17.64,-6.01,74.13,0.08,-1.34,C0M780
新港,23.553269,120.345728,-0.21,17.31,-6.25,74.06,0.26,-1.34,C0M790
茶山,23.299075,120.664767,-0.56,17.23,-4.28,77.87,0.06,-2.23,C0M800
達邦,23.453994,120.749517,-0.72,14.4,-2.3,76.58,0.23,-2.85,C0M820
表湖,23.24186,120.64166,-1.1,16.05,-4.55,76.29,0.08,-0.45,C0M850
北寮,23.079561,120.495008,-0.05,17.8,5.01,87.39,0.0,-1.21,C0O830
王爺宮,23.222064,120.40085,1.73,18.91,-6.26,77.61,0.11,-1.23,C0O840
大內,23.11885,120.36083,0.89,19.05,-2.79,78.84,0.02,-1.17,C0O860
善化,23.112883,120.297219,0.61,18.03,-5.27,77.29,0.02,-0.69,C0O900
崎頂,22.959547,120.369317,0.54,17.99,-0.57,81.42,0.0,-0.93,C0O960
虎頭埤,23.021375,120.347878,0.08,17.82,-1.01,81.26,0.0,-1.17,C0O970
新市,23.061614,120.298197,0.85,19.0,-7.41,72.52,0.03,-1.21,C0O980
媽廟,22.99175,120.293525,-0.11,18.11,2.33,82.65,0.0,-1.14,C0O990
阿禮,22.742908,120.743678,0.82,16.13,-2.18,73.3,0.05,-1.34,C0R130
瑪家,22.682903,120.686639,-0.13,16.04,6.86,89.87,0.02,-1.38,C0R140
三地門,22.709889,120.639944,0.93,20.38,-14.67,59.39,0.0,-0.6,C0R150
鹽埔,22.739558,120.530778,0.47,19.68,-7.25,76.35,0.02,-0.95,C0R160
屏東,22.660269,120.494072,-0.01,19.59,-11.88,67.39,0.0,-0.88,C0R170
赤山,22.592333,120.614306,0.01,19.38,-3.01,78.0,0.1,-1.02,C0R190
潮州,22.534361,120.54,1.13,20.42,-6.2,72.71,0.0,-0.59,C0R220
琉球嶼,22.332244,120.362236,0.55,20.74,-2.36,76.23,0.0,-0.56,C0R270
車城,22.0744,120.716247,-0.4,21.11,-3.06,70.71,0.08,-1.77,C0R320
牡丹,22.130036,120.792639,-0.78,18.35,2.55,87.68,1.24,-0.56,C0R341
大漢山,22.405264,120.753181,-0.45,9.51,1.87,95.81,2.6,0.18,C0R440
高樹,22.826389,120.600806,0.18,19.81,-4.92,72.55,0.0,-1.07,C0R470
長治,22.693128,120.542622,0.69,20.38,-6.07,73.45,0.0,-0.92,C0R480
九如,22.7405,120.490503,0.45,20.03,-13.99,68.16,0.0,-0.93,C0R490
崁頂,22.514781,120.506914,-0.05,19.76,-11.16,71.1,0.0,-1.0,C0R520
佳冬,22.419456,120.552375,-0.19,19.62,-4.76,76.61,0.0,-1.04,C0R540
新埤,22.467947,120.582894,1.03,20.71,-6.92,74.42,0.0,-1.28,C0R550
新園,22.5434,120.461558,0.93,20.62,-3.97,74.19,0.0,-1.19,C0R560
麟洛,22.65078,120.52719,0.16,20.12,-4.52,72.45,0.0,-0.93,C0R570
南州,22.48591,120.50274,0.06,19.77,-3.24,76.97,0.0,-1.1,C0R580
里港,22.77919,120.49459,-0.08,19.36,-3.37,74.29,0.0,-0.85,C0R590
舊泰武,22.588194,120.664944,-0.22,16.34,-2.59,81.84,0.02,-1.51,C0R600
墾雷,21.900836,120.855269,-0.58,21.13,2.77,81.52,3.55,0.55,C0R620
東港,22.46247,120.44074,-0.85,20.12,-4.08,73.84,0.0,-0.35,C0R640
竹田,22.58486,120.54344,-1.91,18.85,0.98,83.48,0.0,-0.38,C0R650
枋寮,22.367722,120.590647,-0.01,20.08,-1.1,77.74,0.0,-0.94,C0R660
楓港,22.190131,120.692156,-1.01,20.66,-3.26,65.39,0.0,-2.1,C0R670
佳樂水,21.993578,120.861633,-0.89,21.22,-1.61,73.97,2.48,0.18,C0R680
枋山,22.246844,120.661086,-0.05,20.98,-2.94,68.1,0.0,-1.61,C0R700
旭海,22.205403,120.887614,-0.99,18.86,3.52,85.29,1.39,-1.56,C0R720
太麻里,22.60902,120.98533,0.32,16.33,-2.9,84.1,1.13,-0.42,C0S690
知本,22.684866,121.005642,0.11,15.91,0.1,89.35,1.11,-0.49,C0S700
鹿野,22.917711,121.122994,0.32,16.11,0.65,85.74,0.48,-0.85,C0S710
向陽,23.248397,120.986133,0.21,6.37,6.06,89.68,1.31,-1.98,C0S750
大溪山,22.478475,120.943325,0.01,16.85,-2.68,84.03,1.92,-0.21,C0S770
金崙,22.538122,120.966875,0.14,18.44,-4.03,79.39,1.4,-0.02,C0S790
東河,22.972672,121.303986,-0.61,19.2,-3.23,77.29,0.87,-0.41,C0S810
南田,22.279725,120.889208,-0.19,20.48,7.29,86.32,1.4,-0.12,C0S840
關山,23.0395,121.175017,-0.52,17.14,-0.35,83.9,0.16,-1.55,C0S890
蘭嶼高中,22.04909,121.51214,-0.7,21.3,-1.35,73.77,6.45,-4.6,C0S900
蘭嶼燈塔,22.081197,121.503117,-0.74,19.74,-7.76,81.48,5.19,-0.08,C0S910
金峰嘉蘭,22.594789,120.960825,-0.91,18.61,-1.48,80.65,1.53,0.11,C0S920
延平,22.902581,121.084058,-0.92,17.35,0.71,80.55,0.19,-0.53,C0S930
石寧山,23.223772,121.406639,-1.06,17.98,2.71,84.35,0.56,-1.69,C0S940
七塊厝,22.954453,121.229922,-0.99,16.05,-1.52,87.1,0.48,-0.31,C0S950
香蘭,22.587569,120.993375,-0.7,19.97,2.97,76.45,0.74,-1.18,C0S960
加津林,22.416211,120.926942,-0.7,20.29,-0.1,73.29,1.65,-0.19,C0S970
勝林山,22.430439,120.8938,-1.74,12.86,0.32,96.77,3.95,1.45,C0S980
山豬窟,22.318619,120.857372,-1.18,17.01,-3.16,81.42,1.68,-1.06,C0S990
歷坵,22.520969,120.89185,-0.5,16.34,-2.1,88.68,1.53,-0.1,C0SA00
檳榔四格山,22.810031,121.109308,-0.77,16.69,-1.35,83.94,0.5,-0.5,C0SA10
金崙山,22.567419,120.959667,-0.78,13.46,4.52,99.77,3.16,0.61,C0SA20
都歷,23.020333,121.323642,-0.25,19.32,2.97,79.23,0.74,-0.53,C0SA30
瑞和,22.974361,121.156697,-0.93,17.18,0.0,83.71,0.21,-0.47,C0SA40
土坂,22.453108,120.887572,-0.52,18.41,-1.71,83.06,2.39,0.82,C0SA80
大禹嶺,24.186117,121.316086,-0.33,4.22,5.44,74.68,1.32,-2.45,C0T790
天祥,24.179597,121.495639,0.11,14.0,-1.87,83.16,0.6,-1.0,C0T820
鯉魚潭,23.935639,121.508944,-0.84,15.18,2.0,91.32,0.77,-1.88,C0T870
月眉山,23.809928,121.539828,0.09,14.6,-1.26,91.9,1.26,-1.87,C0T9A0
水源,23.991861,121.537169,0.05,14.25,-1.43,89.19,1.55,-2.33,C0T9B0
和中,24.26676,121.74103,-1.17,16.84,-1.88,81.77,0.94,-1.52,C0T9D0
大坑,23.880628,121.581981,-0.33,14.83,1.26,91.55,1.19,-2.08,C0T9E0
水璉,23.797131,121.542514,-0.58,16.45,1.33,85.61,1.1,-1.41,C0T9F0
鳳林山,23.735269,121.420131,-1.1,14.05,-3.06,90.71,2.05,-1.35,C0T9G0
加路蘭山,23.682947,121.5274,0.07,13.51,-1.58,93.55,5.5,-1.07,C0T9H0
靜浦,23.455167,121.495028,0.12,17.66,0.58,86.48,1.9,-2.53,C0T9M0
富里,23.171639,121.249378,-1.14,16.31,1.55,88.42,0.16,-0.5,C0T9N0
雙連埤,24.753033,121.641303,-0.46,12.24,2.69,99.03,2.21,-4.18,C0U520
太平山,24.505486,121.525656,0.5,6.45,-2.78,88.16,2.16,-2.12,C0U710
南山,24.43742,121.38167,-1.68,9.3,-4.31,92.39,1.66,-0.96,C0U720
龜山島,24.841667,121.953133,-0.8,14.14,-6.69,89.39,0.71,-3.05,C0U750
東澳,24.52196,121.83318,-0.99,16.2,0.33,86.26,3.52,-3.86,C0U760
五結,24.68637,121.79794,-0.3,16.15,-3.01,79.32,1.05,-7.93,C0U780
頭城,24.85323,121.8308,-0.85,16.7,-5.53,80.39,0.74,-3.64,C0U860
大礁溪,24.791042,121.675047,-0.77,13.69,1.43,88.81,1.69,-6.63,C0U870
三星,24.66812,121.65302,-0.94,15.65,-1.95,85.77,1.77,-5.83,C0U890
內城,24.71813,121.68766,-0.7,16.23,-3.85,81.77,1.13,-5.83,C0U900
冬山,24.63373,121.7937,-0.66,16.5,6.82,91.42,1.58,-12.24,C0U910
羅東,24.68184,121.74934,-0.43,16.33,-4.26,81.13,1.06,-9.85,C0U940
鶯子嶺,24.89754,121.79244,-0.85,9.65,0.38,97.77,4.85,-6.28,C0U950
翠峰湖,24.510856,121.608044,-1.37,5.22,2.83,98.55,0.9,-3.35,C0U960
大福,24.80064,121.81389,-1.18,16.25,-2.69,78.03,1.15,-5.57,C0U970
坪林石牌,24.86478,121.77396,-0.58,12.65,-3.29,92.94,1.6,-6.15,C0U980
員山,24.74435,121.72247,-0.87,16.49,-1.93,81.26,1.13,-6.8,C0U990
土場,24.576533,121.495333,-1.05,13.85,-1.29,88.23,1.03,-1.97,C0UA00
鴛鴦湖,24.590269,121.412228,-1.55,6.54,-0.92,96.03,3.74,-1.01,C0UA10
多加屯,24.368614,121.373189,-1.52,4.0,7.55,79.58,1.31,-2.46,C0UA20
白嶺,24.527819,121.519031,-1.29,8.13,-1.63,94.0,3.31,-2.19,C0UA30
西德山,24.560647,121.752608,-1.7,9.47,-0.37,95.68,6.26,-3.78,C0UA40
西帽山,24.555361,121.802628,-1.19,11.35,-1.68,95.1,9.89,-7.31,C0UA50
樟樹山,24.41393,121.78325,-1.32,13.52,4.84,95.06,1.26,-2.35,C0UA60
桃源谷,24.962606,121.888875,-1.41,12.37,-1.58,93.84,6.44,-4.46,C0UA70
復興,23.222403,120.806089,-0.16,16.5,-1.43,72.9,0.05,-1.98,C0V210
溪埔,22.738578,120.446797,0.49,19.48,-2.31,76.58,0.0,-0.95,C0V350
內門,22.975481,120.466769,0.54,18.3,2.45,83.45,0.0,-1.05,C0V360
阿公店,22.804194,120.355528,0.16,18.45,-5.14,76.45,0.0,-0.82,C0V400
鳳山,22.646653,120.356122,-0.41,19.0,4.6,78.94,0.0,-0.94,C0V440
鳳森,22.545064,120.392592,0.14,19.66,-6.41,68.94,0.0,-1.13,C0V450
新興,22.627422,120.298803,0.88,19.95,-6.42,66.84,0.0,-0.63,C0V490
阿蓮,22.883208,120.327508,0.9,19.32,-12.18,70.16,0.0,-0.92,C0V530
梓官,22.760558,120.267211,0.12,18.95,-7.46,69.81,0.0,-0.76,C0V610
永安,22.82315,120.236856,-0.12,18.4,-7.9,71.03,0.0,-0.8,C0V620
茄萣,22.906642,120.182608,0.09,18.35,-0.07,75.61,0.0,-1.12,C0V630
湖內,22.887139,120.2445,-0.21,18.23,-6.45,71.71,0.0,-0.81,C0V640
彌陀,22.783806,120.246361,0.53,19.35,0.07,78.26,0.0,-0.74,C0V650
仁武,22.701083,120.347722,-0.42,19.05,2.73,78.39,0.0,-0.97,C0V680
鼓山,22.623325,120.275575,-0.32,19.18,-2.24,72.97,0.0,-1.0,C0V690
三民,22.645017,120.311233,0.05,20.03,0.99,71.52,0.0,-0.99,C0V700
苓雅,22.622742,120.330669,0.87,20.49,3.71,73.1,0.0,-1.07,C0V710
林園,22.507747,120.394511,-0.33,20.36,-2.21,67.97,0.0,-1.18,C0V720
大寮,22.605614,120.395717,-0.05,19.82,-2.97,69.81,0.0,-1.12,C0V730
旗山,22.888614,120.483597,0.77,19.62,-1.35,75.32,0.0,-0.91,C0V740
路竹,22.854997,120.259439,0.6,19.48,-5.11,71.68,0.0,-0.84,C0V750
橋頭,22.757806,120.30575,0.7,20.0,-2.99,74.32,0.0,-0.72,C0V760
大社,22.730306,120.346639,-0.23,18.88,-5.93,69.55,0.0,-0.86,C0V770
萬山,22.905944,120.688056,0.91,19.3,-3.56,71.1,0.02,-1.18,C0V790
六龜,22.997889,120.633583,0.12,19.17,4.39,80.52,0.02,-1.16,C0V800
左營,22.67491,120.28491,-0.34,18.82,-13.04,71.32,0.0,-1.03,C0V810
小林,23.148408,120.63325,-0.98,17.62,3.52,79.42,0.05,-0.35,C0V820
東莒,25.9652,119.98069,0.69,12.04,-5.01,74.68,0.82,-0.98,C0W110
西嶼,23.5626,119.468436,0.39,17.33,-6.38,78.77,0.18,-0.52,C0W120
花嶼,23.40007,119.32276,0.2,17.9,-4.8,75.81,0.16,-0.0,C0W130
金沙,24.488292,118.408778,-0.55,14.1,-4.81,68.88,0.46,-1.09,C0W140
金寧,24.457703,118.328989,-0.73,14.52,-7.77,66.84,0.29,-1.12,C0W150
東河,23.296598,120.385608,-0.33,17.51,-9.91,73.23,0.05,-1.52,C0X050
臺南市北區,23.010394,120.194228,0.09,18.41,-3.51,73.68,0.02,-1.08,C0X100
臺南市南區,22.961189,120.188378,0.37,19.23,-1.67,74.61,0.0,-1.14,C0X110
麻豆,23.183289,120.248611,0.48,18.42,-0.66,81.29,0.02,-0.97,C0X120
官田,23.193217,120.315422,0.24,18.42,-6.51,73.03,0.02,-1.17,C0X130
西港,23.125608,120.203108,0.41,18.27,-2.01,79.94,0.02,-1.1,C0X140
安定,23.102614,120.227839,-0.08,17.59,-2.72,81.58,0.02,-1.14,C0X150
仁德,22.968258,120.257689,0.02,18.63,-3.23,73.42,0.0,-1.13,C0X160
關廟,22.963017,120.327797,-0.43,17.96,5.5,82.87,0.0,-0.9,C0X170
山上,23.0757,120.363253,0.95,18.8,-6.34,76.16,0.02,-1.29,C0X180
安平,22.993161,120.152181,-0.26,17.97,-3.0,77.35,0.0,-1.01,C0X190
左鎮,23.056758,120.408522,0.92,18.18,-7.16,77.1,0.0,-1.31,C0X200
白河,23.347466,120.414427,-0.36,17.48,-6.23,75.81,0.1,-1.43,C0X210
學甲,23.230367,120.182187,-0.44,16.99,-7.21,74.58,0.03,-1.25,C0X220
鹽水,23.272621,120.247641,-0.36,16.96,-8.88,75.26,0.06,-1.22,C0X230
關子嶺,23.331169,120.508025,-0.5,15.77,-2.83,84.19,0.08,-2.17,C0X240
新營,23.310689,120.316681,-0.07,17.7,-6.59,74.06,0.06,-1.27,C0X250
後壁,23.366358,120.362326,-0.09,17.43,-7.21,75.13,0.11,-1.34,C0X260
將軍,23.214999,120.13577,-0.37,17.08,-4.06,78.26,0.0,-0.99,C0X280
北門,23.267772,120.125481,-0.15,17.43,-5.93,76.48,0.08,-1.19,C0X290
佳心,23.34567,121.21316,-0.1,12.69,4.77,95.32,0.44,-0.97,C0Z050
玉里,23.3215,121.339656,-0.06,16.46,-1.94,85.77,0.55,-1.08,C0Z061
舞鶴,23.46811,121.37407,0.17,15.89,6.68,97.29,0.47,-1.19,C0Z070
富源,23.587642,121.378225,-0.03,15.92,-1.91,89.81,1.65,-0.47,C0Z080
吉安光華,23.930925,121.595153,-0.65,17.7,-2.91,82.29,0.19,-2.11,C0Z150
鳳林,23.746114,121.453411,-0.91,16.78,9.86,94.0,1.63,0.0,C0Z160
卓溪,23.3443,121.3029,-1.47,16.45,2.68,85.81,0.13,-1.11,C0Z170
新城,24.03946,121.60454,-1.05,17.61,15.52,93.84,0.68,-2.01,C0Z180
富世,24.14743,121.6297,-0.5,18.0,-8.48,73.9,0.35,-1.61,C0Z190
萬榮,23.709219,121.420106,-1.04,16.33,4.39,94.77,1.77,0.16,C0Z200
瑞穗,23.5239,121.39021,-0.71,16.56,1.65,88.45,1.48,-0.53,C0Z210
和平林道,24.343922,121.656317,-1.18,13.34,-3.3,86.06,0.48,-2.13,C0Z220
和平,24.30717,121.77007,-0.35,18.14,-6.41,71.03,0.47,-1.7,C0Z230
瑞穗林道,23.49284,121.30688,-1.58,10.5,2.97,99.29,4.63,0.94,C0Z250
蕃薯寮,23.73835,121.540108,-0.81,15.43,-5.63,84.97,3.27,-2.62,C0Z270
德武,23.47426,121.41071,-1.3,16.07,0.16,89.84,0.76,-1.3,C0Z280
赤柯山,23.36893,121.38293,-0.98,11.97,2.45,97.48,1.61,-1.53,C0Z290
東里,23.26853,121.30547,-0.89,16.63,-3.05,86.61,0.42,-1.28,C0Z300
清水斷崖,24.218294,121.689142,-1.14,17.86,-8.08,74.94,0.58,-0.6,C0Z310
清水林道,23.27125,121.188272,-1.04,13.75,-3.15,87.81,1.85,-1.09,C0Z320
安通山,23.290728,121.348528,-1.84,14.4,3.05,92.03,0.68,-0.84,C0Z330
口湖工作站,23.589978,120.180394,-0.57,17.01,-0.8,75.87,0.05,-0.05,12J990
東港工作站,22.479997,120.466058,-0.73,20.21,-6.35,61.23,0.0,-0.3,12Q970
恆春工作站,22.079678,120.714425,-0.72,21.32,-2.8,63.0,0.03,-0.81,12Q980
萬大發電廠,23.978875,121.139639,-0.73,13.74,-6.94,73.71,0.56,0.29,42HA10
桃改樹林分場,24.944503,121.386972,-0.85,15.6,-2.81,75.87,1.45,-0.1,72AI40
桃園農改場,24.950944,121.030583,0.41,15.61,-2.43,79.1,1.26,-1.42,72C440
桃改五峰分場,24.612194,121.157167,0.41,11.35,-3.19,83.1,2.02,-1.44,72D080
臺中農改場,24.003028,120.534389,0.43,16.89,-3.15,76.26,0.34,-0.62,72G600
中改埔里分場,23.903208,120.963364,-1.34,14.51,1.05,84.35,0.4,-0.04,72HA00
南改斗南分場,23.634556,120.477333,0.32,16.84,-3.08,76.83,0.21,-0.79,72K220
南改義竹分場,23.360694,120.279361,0.38,17.03,-5.37,75.65,0.1,-0.48,72M360
南改鹿草分場,23.416869,120.283061,-0.56,17.29,-4.29,75.94,0.05,-0.15,72M700
臺南農改場,23.0605,120.342194,-0.08,17.25,5.8,84.58,0.02,-0.59,72N100
七股研究中心,23.081672,120.062894,-0.72,17.58,-4.94,77.48,0.02,-0.16,72N240
高雄農改場,22.709333,120.525889,0.13,19.55,-4.91,72.84,0.0,-0.47,72Q010
東改班鳩分場,22.829528,121.077694,0.4,17.62,-0.95,77.74,0.81,-0.26,72S200
東改賓朗果園,22.813889,121.071278,-0.37,16.97,-4.58,81.0,0.98,-0.06,72S590
花蓮農改場,23.975222,121.563889,-0.13,17.24,-0.99,79.84,0.34,-1.36,72T250
花改蘭陽分場,24.686306,121.716583,0.27,16.42,-3.95,78.61,1.6,-3.43,72U480
高改旗南分場,22.857861,120.516667,-0.32,18.6,1.26,75.61,0.0,-0.45,72V140
茶改北部分場,24.955778,121.631222,0.44,13.5,-1.12,85.65,4.24,-2.2,82A750
茶改場,24.908472,121.185333,0.29,14.71,-1.65,81.16,1.63,-1.92,82C160
茶改中部分場,23.875611,120.913583,-0.61,14.45,-3.31,79.1,0.34,-0.99,82H320
茶改南部分場,23.762528,120.7405,-0.39,15.24,-6.26,81.03,0.19,-1.21,82H840
茶改東部分場,22.907694,121.130139,-0.12,17.55,-2.34,78.55,0.47,-0.55,82S580
農工中心,24.985917,121.239833,0.29,15.29,-0.49,77.13,1.73,-1.43,A2C560
水試臺西試驗場,23.717231,120.190522,0.42,17.42,-3.34,78.52,0.1,-0.24,A2K360
臺大雲林校區,23.730628,120.423903,-0.21,16.47,-5.09,75.45,0.06,-0.39,A2K630
臺南蘭花園區,23.340258,120.379661,-0.2,17.44,-4.68,74.65,0.06,0.03,A2N290
畜試北區分所,24.527806,120.770972,-0.88,14.95,-3.81,81.0,0.13,-2.4,B2E890
畜產試驗所,23.058972,120.336406,0.41,17.56,-2.66,77.65,0.02,-0.72,B2N890
畜試南區分所,21.945583,120.802167,-0.08,20.98,-3.77,69.35,1.16,-0.08,B2Q810
畜試東區分所,24.669039,121.832561,-1.31,15.93,1.84,81.48,1.48,0.34,B2U990
蓮華池,23.918333,120.885278,0.02,14.63,-0.78,86.23,0.32,-1.29,E2H360
林試畢祿溪站,24.226944,121.308522,-0.1,6.37,5.92,77.0,0.24,-1.64,E2HA20
四湖植物園,23.676986,120.163433,-0.59,17.22,-3.73,79.1,0.08,-0.24,E2K600
林試六龜中心,22.991703,120.645722,-0.09,18.03,-1.1,76.9,0.02,-0.48,E2P980
林試扇平站,22.9677,120.6857,-0.2,15.87,-1.54,80.32,0.05,-0.05,E2P990
林試太麻里2,22.598,120.99775,-0.39,19.74,-5.55,71.74,0.71,-1.34,E2S960
林試太麻里1,22.598922,120.980044,-0.63,18.55,-4.21,75.43,1.35,-0.99,E2S980
農試所(霧峰),24.031261,120.688133,0.18,17.05,-3.39,76.16,0.56,-0.48,G2F820
農試嘉義分所,23.485028,120.473806,0.5,16.84,-3.12,78.52,0.06,-0.78,G2L020
農試溪口農場,23.58565,120.408111,0.37,17.38,-5.96,75.81,0.11,-0.09,G2M350
農試鳳山分所,22.646611,120.356083,0.04,19.34,-2.89,69.96,0.0,-0.59,G2P820
苗栗農改場,24.495722,120.829111,-0.17,14.76,-0.99,81.19,0.74,-0.98,K2E360
苗改生物防治研究中心,24.422861,120.871833,-1.44,14.06,-2.93,81.81,1.0,-0.55,K2E710
種苗改良場,24.225972,120.800917,0.11,14.32,1.52,80.9,0.5,-1.05,K2F750
溪頭,23.670306,120.798194,-0.64,11.45,2.63,89.39,0.5,-1.55,U2H480
臺大和社,23.590856,120.888864,-0.58,14.64,0.23,79.35,0.27,-0.44,U2HA30
臺大內茅埔,23.689722,120.851117,-1.24,15.61,-0.98,76.45,0.31,-0.01,U2HA40
臺大竹山,23.756972,120.681556,-0.94,16.89,-8.86,74.97,0.13,-0.34,U2HA50
四堵,24.8926,121.745736,1.14,14.45,-7.85,84.03,3.1,-2.34,C0A540
福山,24.776203,121.502811,-0.5,12.9,-1.11,91.32,2.13,-1.81,C0A560
火燒寮,25.002719,121.742892,-0.46,12.91,2.06,94.9,4.88,-3.14,C0A650
瑞芳,25.113169,121.801147,-0.64,14.75,2.27,88.52,5.02,-11.45,C0A660
福隆,25.017842,121.942083,-0.17,15.84,-3.33,81.68,3.42,-7.95,C0A880
富貴角,25.263783,121.565258,0.41,14.88,-1.83,84.48,4.89,-8.84,C0A920
三芝,25.258131,121.501917,0.05,15.82,-1.71,79.58,3.56,-6.52,C0AD00
七股,23.147289,120.086253,-0.19,17.55,-3.93,77.81,0.02,-0.96,C0X310
臺大竹山,23.756972,120.681556,-0.94,16.89,-8.86,74.97,0.13,-0.34,U2HA50
臺大內茅埔,23.689722,120.851117,-1.24,15.61,-0.98,76.45,0.31,-0.01,U2HA40
臺大和社,23.590856,120.888864,-0.58,14.64,0.23,79.35,0.27,-0.44,U2HA30
臺大溪頭,23.670306,120.798194,-0.64,11.45,2.63,89.39,0.5,-1.55,U2H480
種苗繁殖,24.225972,120.800917,0.11,14.32,1.52,80.9,0.5,-1.05,K2F750
苗改生物防治研究中心,24.422861,120.871833,-1.44,14.06,-2.93,81.81,1.0,-0.55,K2E710
苗栗農改,24.495722,120.829111,-0.17,14.76,-0.99,81.19,0.74,-0.98,K2E360
農試鳳山分所,22.646611,120.356083,0.04,19.34,-2.89,69.96,0.0,-0.59,G2P820
農試溪口農場,23.58565,120.408111,0.37,17.38,-5.96,75.81,0.11,-0.09,G2M350
農試嘉義分所,23.485028,120.473806,0.5,16.84,-3.12,78.52,0.06,-0.78,G2L020
農業試驗所,24.031261,120.688133,0.18,17.05,-3.39,76.16,0.56,-0.48,G2F820
林試太麻里1,22.598922,120.980044,-0.63,18.55,-4.21,75.43,1.35,-0.99,E2S980
林試太麻里2,22.598014,120.989761,-0.39,19.74,-5.55,71.74,0.71,-1.34,E2S960
林試扇平站,22.9677,120.6857,-0.2,15.87,-1.54,80.32,0.05,-0.05,E2P990
林試六龜中心,22.991703,120.645722,-0.09,18.03,-1.1,76.9,0.02,-0.48,E2P980
四湖植物園,23.676986,120.163433,-0.59,17.22,-3.73,79.1,0.08,-0.24,E2K600
林試畢祿溪站,24.226944,121.308522,-0.1,6.37,5.92,77.0,0.24,-1.64,E2HA20
蓮華池,23.918333,120.885278,0.02,14.63,-0.78,86.23,0.32,-1.29,E2H360
畜試東區分所,24.669039,121.832561,-1.31,15.93,1.84,81.48,1.48,0.34,B2U990
畜試南區分所,21.945583,120.802167,-0.08,20.98,-3.77,69.35,1.16,-0.08,B2Q810
畜試所,23.058972,120.336406,0.41,17.56,-2.66,77.65,0.02,-0.72,B2N890
畜試北區分所,24.527806,120.770972,-0.88,14.95,-3.81,81.0,0.13,-2.4,B2E890
臺南蘭花園區,23.340258,120.379661,-0.2,17.44,-4.68,74.65,0.06,0.03,A2N290
臺大雲林校區,23.730628,120.423903,-0.21,16.47,-5.09,75.45,0.06,-0.39,A2K630
水試臺西試驗場,23.717231,120.190522,0.42,17.42,-3.34,78.52,0.1,-0.24,A2K360
農工中心,24.985917,121.239833,0.29,15.29,-0.49,77.13,1.73,-1.43,A2C560
茶改東部分場,22.907694,121.130139,-0.12,17.55,-2.34,78.55,0.47,-0.55,82S580
茶改南部分場,23.762528,120.7405,-0.39,15.24,-6.26,81.03,0.19,-1.21,82H840
茶改中部分場,23.875611,120.913583,-0.61,14.45,-3.31,79.1,0.34,-0.99,82H320
茶改場,24.908472,121.185333,0.29,14.71,-1.65,81.16,1.63,-1.92,82C160
茶改北部分場,24.955778,121.631222,0.44,13.5,-1.12,85.65,4.24,-2.2,82A750
高改旗南分場,22.857861,120.516667,-0.32,18.6,1.26,75.61,0.0,-0.45,72V140
花改蘭陽分場,24.686306,121.716583,0.27,16.42,-3.95,78.61,1.6,-3.43,72U480
花蓮農改,23.975222,121.563889,-0.13,17.24,-0.99,79.84,0.34,-1.36,72T250
東改賓朗果園,22.813889,121.071278,-0.37,16.97,-4.58,81.0,0.98,-0.06,72S590
東改班鳩分場,22.829528,121.077694,0.4,17.62,-0.95,77.74,0.81,-0.26,72S200
高雄農改,22.709333,120.525889,0.13,19.55,-4.91,72.84,0.0,-0.47,72Q010
七股研究中心,23.081672,120.062894,-0.72,17.58,-4.94,77.48,0.02,-0.16,72N240
臺南農改,23.0605,120.342194,-0.08,17.25,5.8,84.58,0.02,-0.59,72N100
南改鹿草分場,23.416869,120.283061,-0.56,17.29,-4.29,75.94,0.05,-0.15,72M700
南改義竹分場,23.360694,120.279361,0.38,17.03,-5.37,75.65,0.1,-0.48,72M360
南改斗南分場,23.634556,120.477333,0.32,16.84,-3.08,76.83,0.21,-0.79,72K220
中改埔里分場,23.903208,120.963364,-1.34,14.51,1.05,84.35,0.4,-0.04,72HA00
臺中農改,24.003028,120.534389,0.43,16.89,-3.15,76.26,0.34,-0.62,72G600
桃改五峰分場,24.612194,121.157167,0.41,11.35,-3.19,83.1,2.02,-1.44,72D080
桃園農改,24.950944,121.030583,0.41,15.61,-2.43,79.1,1.26,-1.42,72C440
桃改樹林分場,24.944503,121.386972,-0.85,15.6,-2.81,75.87,1.45,-0.1,72AI40
萬大發電廠,23.978875,121.139639,-0.73,13.74,-6.94,73.71,0.56,0.29,42HA10
恆春工作站,22.079678,120.714425,-0.72,21.32,-2.8,63.0,0.03,-0.81,12Q980
東港工作站,22.479997,120.466058,-0.73,20.21,-6.35,61.23,0.0,-0.3,12Q970
口湖工作站,23.589978,120.180394,-0.57,17.01,-0.8,75.87,0.05,-0.05,12J990
