站名,緯度,經度,平均溫距平,本年度平均溫,平均溼度距平,本年度日均相對溼度,本年度日均降水量,日均降水量距平,站號
淡水,25.164889,121.448906,-0.26,17.49,-3.2,75.79,1.34,-2.76,466900
鞍部,25.182586,121.529731,-1.21,11.03,4.4,96.58,7.77,-7.87,466910
臺北,25.037658,121.514853,-0.47,18.25,-2.83,72.84,0.17,-3.57,466920
竹子湖,25.162078,121.544547,-0.88,13.06,3.04,90.68,5.61,-7.62,466930
基隆,25.133314,121.740475,-0.63,17.75,-0.85,76.32,5.66,-8.23,466940
花蓮,23.975128,121.613275,-0.27,19.68,-0.72,73.11,0.1,-3.28,466990
新屋,25.006744,121.047486,-0.25,17.66,-2.22,74.42,0.58,-2.49,467050
宜蘭,24.763975,121.756528,-0.66,17.63,1.27,81.79,1.86,-8.76,467080
金門,24.407306,118.289281,0.25,16.5,-1.07,67.26,0.0,-1.29,467110
田中,23.873803,120.581286,-1.23,18.51,-2.24,79.47,0.0,-1.03,467270
澎湖,23.565503,119.563094,0.1,19.68,-1.6,74.74,0.02,-1.1,467350
臺南,22.993239,120.204772,-0.34,19.62,-1.92,70.95,0.0,-0.61,467410
永康,23.038386,120.2367,-0.07,19.55,-0.0,73.0,0.0,-0.68,467420
嘉義,23.495925,120.432906,-0.47,18.5,2.1,78.21,0.0,-0.96,467480
臺中,24.145736,120.684075,-0.27,18.93,-0.93,71.32,0.0,-1.31,467490
阿里山,23.508208,120.813242,-1.07,7.37,-0.79,80.11,0.37,-2.16,467530
大武,22.355675,120.903789,-0.17,21.81,-0.13,68.79,0.02,-1.58,467540
玉山,23.487614,120.959522,-0.41,1.38,-3.2,59.21,0.08,-2.96,467550
新竹,24.827853,121.014219,-0.22,17.94,-2.68,73.32,0.05,-2.37,467571
恆春,22.003897,120.746339,-0.09,22.48,-1.28,67.32,0.01,-1.3,467590
成功,23.097486,121.373428,-0.01,20.49,-0.9,72.47,0.37,-2.55,467610
日月潭,23.881325,120.90805,-0.28,15.67,3.27,80.53,0.0,-1.52,467650
臺東,22.752211,121.154586,-0.05,21.05,-0.75,70.05,0.02,-1.75,467660
馬祖,26.169269,119.923419,0.0,13.78,-0.38,76.53,0.01,-1.77,467990
山佳,24.974944,121.402008,-0.32,17.88,-3.32,77.68,0.68,-2.7,C0A520
坪林,24.938183,121.70975,-0.65,14.88,-5.03,87.32,2.13,-4.22,C0A530
泰平,24.971197,121.823711,-0.5,14.05,1.85,97.21,13.0,-7.98,C0A550
桶後,24.848222,121.597992,-0.66,14.37,0.8,95.79,5.76,-3.32,C0A570
石碇,24.993969,121.662917,0.09,15.92,-3.92,86.42,2.53,-5.08,C0A640
大坪,25.165914,121.632969,0.03,15.18,1.38,94.32,27.5,-6.01,C0A860
五指山,25.132153,121.608692,0.52,13.73,2.05,96.47,9.34,-4.95,C0A870
雙溪,25.036003,121.864242,0.86,17.68,-3.4,88.63,8.34,-7.05,C0A890
金山,25.223628,121.643967,0.32,17.97,-5.29,77.32,2.92,-7.27,C0A940
鼻頭角,25.129036,121.923372,-0.33,18.29,1.2,81.47,2.13,-2.66,C0A950
三貂角,25.007606,122.002058,-0.34,17.82,-0.59,82.84,4.87,-3.37,C0A970
社子,25.109508,121.469681,0.23,18.89,0.6,77.16,0.11,-2.31,C0A980
天母,25.117494,121.537169,-0.3,18.37,-5.71,67.68,0.08,-2.21,C0A9C0
內湖,25.079422,121.57545,-0.4,18.16,9.25,87.89,0.29,-2.9,C0A9F0
大屯山,25.175675,121.522408,0.32,11.04,3.0,98.79,3.87,-6.06,C0AC40
三峽,24.939025,121.369728,0.86,18.72,-3.5,77.42,1.05,-3.75,C0AC60
信義,25.037822,121.564597,0.88,18.76,-2.09,77.95,0.24,-4.39,C0AC70
文山,25.00235,121.575728,-0.25,17.28,-5.84,78.21,0.37,-4.54,C0AC80
新莊,25.051478,121.446756,-0.38,18.06,-4.26,70.37,0.11,-3.09,C0ACA0
八里,25.150211,121.403947,-0.12,17.95,3.66,80.68,0.58,-3.0,C0AD10
蘆洲,25.086594,121.472331,0.07,18.85,-2.58,71.0,0.11,-2.61,C0AD30
土城,24.973208,121.445169,0.06,17.75,-0.47,79.63,1.13,-3.47,C0AD40
鶯歌,24.951533,121.346294,0.89,18.48,-2.17,78.58,0.32,-3.41,C0AD50
汐止,25.066881,121.658778,-0.48,17.22,-6.93,79.53,2.92,-8.7,C0AH00
永和,25.01125,121.508111,0.41,18.79,-1.77,75.11,0.13,-2.58,C0AH10
五分山,25.07125,121.780794,-0.97,12.66,-0.08,95.95,14.07,-15.05,C0AH30
平等,25.129142,121.577086,-1.13,14.76,-5.58,82.16,1.32,-7.09,C0AH40
林口,25.072181,121.38084,-0.34,16.08,-3.65,82.53,0.26,-2.95,C0AH50
松山,25.04871,121.55042,-0.55,18.02,-7.34,65.16,0.21,-3.44,C0AH70
深坑,25.002703,121.628328,0.27,17.39,-3.85,82.53,1.11,-4.66,C0AH80
福山植物園,24.760717,121.58135,-1.16,12.73,1.98,97.26,4.66,-9.87,C0AH90
五股,25.07445,121.42728,-1.8,16.37,-13.09,78.05,0.16,-3.19,C0AI00
屈尺,24.92184,121.54475,-0.73,17.12,-13.45,73.32,1.53,-5.92,C0AI10
白沙灣,25.283128,121.519058,-0.66,17.62,0.93,79.53,1.11,-7.73,C0AI20
三重,25.057328,121.500629,-0.23,18.42,-11.21,74.0,0.11,-3.14,C0AI30
石牌,25.115597,121.513139,0.11,19.21,1.47,72.95,0.13,-2.38,C0AI40
七堵,25.094819,121.71713,0.43,18.53,-8.84,80.32,7.26,-13.74,C0B010
基隆嶼,25.19141,121.78391,-0.71,17.32,5.98,89.79,1.68,-7.52,C0B020
復興,24.820208,121.352281,-0.21,15.34,-1.12,77.21,0.34,-2.97,C0C460
桃園,24.992425,121.323172,0.01,17.62,-2.39,72.84,0.18,-3.01,C0C480
八德,24.928708,121.283289,-0.23,16.99,-6.79,74.68,0.53,-4.41,C0C490
觀音,25.027072,121.153317,-0.29,16.88,-3.08,75.63,0.76,-3.01,C0C590
蘆竹,25.084275,121.265767,-0.42,17.17,0.64,80.42,0.97,-3.68,C0C620
大溪,24.882853,121.265547,-0.25,16.28,0.45,78.47,0.66,-2.39,C0C630
平鎮,24.897503,121.214636,0.16,16.48,-2.43,78.21,0.32,-2.9,C0C650
楊梅,24.912375,121.143047,-0.37,16.78,-2.99,74.68,0.66,-2.93,C0C660
龍潭,24.870056,121.221389,-0.4,15.87,1.46,82.53,0.84,-2.1,C0C670
龜山,25.02846,121.38656,0.52,16.93,-4.13,79.53,0.39,-3.49,C0C680
中壢,24.977661,121.256375,-0.62,16.97,-6.8,74.11,0.11,-2.95,C0C700
大溪永福,24.892936,121.324975,0.15,16.84,-9.68,81.32,1.18,-4.47,C0C710
梅花,24.678347,121.208558,-0.87,14.44,1.55,82.53,0.0,-2.83,C0D360
峨眉,24.6905,121.017189,-0.41,16.72,-4.81,78.58,0.05,-2.97,C0D430
打鐵坑,24.849664,121.150789,-0.25,15.77,-5.91,79.79,0.47,-2.72,C0D480
橫山,24.71116,121.11693,-0.85,15.6,2.93,84.63,0.11,-2.23,C0D540
雪霸,24.526972,121.11605,-0.55,9.32,-4.75,71.95,0.0,-3.41,C0D550
竹東,24.767147,121.057881,0.66,17.57,-1.66,72.26,0.0,-2.25,C0D560
寶山,24.735006,121.025192,0.11,16.81,-3.33,77.32,0.03,-2.4,C0D580
新豐,24.87068,120.97721,0.0,16.87,1.95,81.95,0.11,-2.19,C0D590
湖口,24.904794,121.043628,-0.7,16.72,-5.91,72.84,0.11,-2.06,C0D650
新竹市東區,24.798681,120.986942,-0.6,17.26,-1.91,72.37,0.0,-1.53,C0D660
竹南,24.708978,120.888897,-0.1,17.79,-1.14,75.21,0.0,-1.94,C0E420
南庄,24.601775,121.000214,-0.75,15.45,4.56,87.84,0.29,-2.31,C0E430
明德,24.583486,120.885411,0.12,17.53,-4.66,76.16,0.0,-2.23,C0E550
通霄,24.471892,120.704622,-0.3,17.46,-3.68,77.84,0.0,-1.72,C0E590
馬都安,24.451272,120.930192,-0.62,13.83,1.87,83.53,0.0,-2.05,C0E610
頭份,24.688247,120.912206,0.64,18.59,-1.54,71.84,0.0,-1.64,C0E730
造橋,24.637056,120.864778,-0.33,17.5,-5.47,75.16,0.0,-2.31,C0E740
苗栗,24.564569,120.824575,-0.3,17.69,-4.26,71.84,0.0,-1.96,C0E750
銅鑼,24.489681,120.790853,-0.56,16.63,7.92,89.79,0.0,-2.01,C0E780
西湖,24.562947,120.7485,-0.05,17.26,-3.68,78.63,0.0,-1.55,C0E810
獅潭,24.539133,120.920042,-0.74,15.57,-3.91,81.32,0.11,-2.53,C0E820
苑裡,24.439714,120.653053,-0.64,17.72,-2.34,74.79,0.0,-1.25,C0E830
大河,24.618069,120.948578,-2.84,14.86,-3.97,77.37,0.16,-1.41,C0E850
高鐵苗栗,24.60725,120.826094,-0.72,17.61,4.02,79.95,0.0,-1.12,C0E870
石岡,24.276061,120.777644,-0.43,17.25,1.97,83.47,0.0,-0.86,C0F0B0
中坑,24.248517,120.903319,-1.37,14.22,-3.04,82.63,0.0,-1.42,C0F0C0
審馬陣,24.381675,121.4203,-1.61,3.12,-2.81,70.89,0.21,-2.27,C0F0D0
南湖圈谷,24.363714,121.444667,-4.07,-1.95,-12.56,70.47,0.0,-3.49,C0F0E0
東勢,24.246428,120.833047,0.29,17.33,-1.75,78.95,0.0,-1.79,C0F850
大坑,24.173142,120.722289,0.64,19.42,-0.93,73.74,0.0,-1.47,C0F970
神岡,24.272481,120.658314,1.74,19.31,-10.43,71.56,0.0,-1.51,C0F9I0
大安,24.345061,120.588025,-0.61,17.72,-3.29,76.68,0.0,-1.21,C0F9K0
后里,24.310436,120.729725,-0.16,17.33,-4.67,76.32,0.0,-1.29,C0F9L0
豐原,24.254322,120.720692,0.58,18.31,-2.77,75.42,0.0,-1.29,C0F9M0
大里,24.092464,120.701378,0.08,19.97,-11.08,60.79,0.0,-1.4,C0F9N0
潭子,24.213106,120.703933,-0.32,18.37,-0.08,76.16,0.03,-1.25,C0F9O0
清水,24.312297,120.562242,-0.72,17.83,-3.3,77.05,0.0,-1.07,C0F9P0
外埔,24.347817,120.705686,0.36,18.11,-4.18,76.32,0.0,-1.41,C0F9Q0
龍井,24.184536,120.528972,-0.42,18.45,-6.43,73.74,0.0,-1.18,C0F9R0
烏日,24.107058,120.624103,-0.21,18.84,-2.88,70.11,0.0,-1.25,C0F9S0
西屯,24.179494,120.641275,-0.44,18.03,-2.13,73.42,0.0,-1.17,C0F9T0
南屯,24.137006,120.637969,-0.47,19.03,-2.44,70.16,0.0,-1.12,C0F9U0
新社,24.200172,120.815806,-0.09,16.27,-6.47,78.37,0.0,-1.75,C0F9V0
大雅(中科園區),24.21528,120.62445,-1.19,17.32,-2.12,77.16,0.0,-0.9,C0F9X0
桃山,24.432739,121.303808,-1.02,3.32,-5.9,65.16,0.0,-1.88,C0F9Y0
雪山東峰,24.388792,121.268675,-1.08,3.95,-5.05,65.53,0.05,-2.4,C0F9Z0
芬園,24.015678,120.6213,-1.04,17.19,1.03,82.16,0.0,-1.36,C0G620
員林,23.946503,120.585597,1.1,20.26,-6.59,71.05,0.0,-1.04,C0G650
溪湖,23.94835,120.479122,1.19,20.04,9.95,90.05,0.0,-1.2,C0G660
溪州,23.851589,120.499093,-0.65,18.47,-6.12,71.47,0.0,-0.87,C0G720
二林,23.903325,120.376081,-0.65,18.12,1.44,84.58,0.0,-0.62,C0G730
大城,23.852487,120.320935,-0.45,18.59,-28.5,49.21,0.0,-0.82,C0G740
福興,24.041289,120.437669,0.08,19.26,-7.76,70.63,0.0,-1.19,C0G770
秀水,24.03405,120.503869,-0.27,18.86,-1.93,76.74,0.0,-1.23,C0G780
埔鹽,24.000394,120.431683,0.71,19.27,-2.98,79.11,0.0,-1.02,C0G800
埔心,23.947633,120.525456,0.23,19.36,20.52,99.0,0.0,-1.15,C0G810
田尾,23.901669,120.509389,0.02,18.86,-1.49,81.68,0.0,-1.16,C0G820
埤頭,23.866003,120.452806,-0.28,18.46,10.12,94.47,0.0,-0.87,C0G830
社頭,23.897647,120.5862,0.2,19.73,3.96,78.84,0.0,-1.25,C0G860
二水,23.810742,120.6173,3.23,22.35,1.4,80.92,0.0,-1.08,C0G880
伸港,24.148933,120.484403,-0.58,18.28,-4.66,73.74,0.0,-1.09,C0G890
線西,24.143358,120.443536,-0.59,18.56,-8.36,74.95,0.0,-0.88,C0G900
花壇,24.032076,120.549461,0.14,19.88,-1.59,78.5,0.0,-1.04,C0G910
埔里,23.972169,120.952425,-1.2,17.55,0.3,80.63,0.0,-0.63,C0H890
草屯,23.973672,120.68085,-0.41,18.61,-5.31,71.58,0.0,-1.4,C0H960
昆陽,24.121322,121.273642,-1.11,3.43,-0.81,75.84,0.08,-2.31,C0H990
神木村,23.532742,120.843667,-0.18,12.19,-2.32,80.26,0.18,-2.2,C0H9A0
合歡山,24.143442,121.272547,-0.81,1.75,-0.33,81.74,0.21,-4.65,C0H9C0
廬山,24.033311,121.181808,0.04,13.24,-3.58,70.84,0.05,-2.14,C0I010
信義,23.689694,120.851036,-1.18,16.51,-3.88,78.95,0.0,-0.72,C0I080
竹山,23.761225,120.688156,-0.32,18.24,-2.1,80.47,0.0,-1.32,C0I110
水里,23.812553,120.849792,-0.9,18.08,-6.16,74.42,0.0,-0.87,C0I360
魚池,23.895703,120.94135,-0.9,16.75,-6.87,78.11,0.03,-0.83,C0I370
集集,23.828206,120.801467,-0.99,18.17,-5.63,75.84,0.0,-0.81,C0I380
仁愛,24.022122,121.132206,-0.97,14.1,-3.21,77.37,0.0,-1.06,C0I390
名間,23.837053,120.701447,-1.3,17.7,-3.21,76.53,0.0,-0.61,C0I410
國姓,24.037803,120.855072,-1.4,17.55,-2.8,79.47,0.0,-0.71,C0I420
南投,23.911469,120.687331,-0.77,18.87,0.16,75.79,0.0,-0.83,C0I460
梅峰,24.085272,121.173572,-1.58,8.42,1.58,79.32,0.24,-1.12,C0I480
萬大林道,23.928228,121.091411,-1.11,12.88,-6.96,70.89,0.05,-1.15,C0I490
小奇萊,24.131764,121.295717,-2.35,2.77,-1.42,79.68,0.26,-2.56,C0I530
崙背,23.75555,120.318925,-0.75,18.12,-5.31,74.63,0.0,-0.56,C0K250
四湖,23.630414,120.227125,-0.01,18.9,-5.04,73.58,0.0,-0.82,C0K280
宜梧,23.536281,120.169329,-0.1,18.77,-4.51,75.11,0.0,-0.72,C0K291
虎尾,23.719183,120.442036,-0.3,18.69,-0.84,76.47,0.0,-1.02,C0K330
土庫,23.679029,120.395574,-0.65,18.51,0.71,78.37,0.0,-0.81,C0K390
斗六,23.720583,120.541127,-0.8,18.52,-7.79,72.26,0.0,-0.78,C0K400
北港,23.573957,120.292802,-0.69,18.56,-7.04,72.32,0.0,-0.76,C0K410
西螺,23.800407,120.467394,-0.6,18.46,-5.57,75.05,0.0,-0.82,C0K420
褒忠,23.690938,120.303634,-0.5,18.39,-9.54,70.37,0.0,-0.69,C0K430
二崙,23.772797,120.408944,-0.87,18.05,-1.44,78.26,0.0,-0.41,C0K440
大埤,23.646074,120.431537,-0.68,18.56,-5.2,73.26,0.0,-0.65,C0K450
斗南,23.678734,120.478359,-0.66,18.54,-3.95,74.21,0.0,-0.65,C0K460
林內,23.748675,120.609642,-0.92,18.21,-3.8,76.26,0.0,-0.67,C0K470
莿桐,23.761192,120.502372,-0.85,18.17,-4.57,73.42,0.0,-0.52,C0K480
元長,23.64981,120.315024,-0.58,18.52,-3.12,74.79,0.0,-0.76,C0K500
水林,23.572924,120.24597,-0.39,18.78,-4.75,73.89,0.0,-0.86,C0K510
臺西,23.701547,120.197559,-0.62,18.58,-2.98,76.32,0.0,-0.63,C0K530
蔦松,23.514319,120.229736,-0.63,18.61,-4.62,75.84,0.0,-0.54,C0K550
棋山,23.68645,120.603417,-0.88,18.3,-3.02,78.37,0.0,-0.78,C0K560
高鐵雲林,23.737456,120.417944,-0.83,18.17,-3.48,77.84,0.0,-0.65,C0K580
東後寮,23.369908,120.248065,-0.64,18.49,-3.71,75.47,0.0,-0.62,C0M520
奮起湖,23.493903,120.699253,0.03,13.68,-0.72,84.68,0.11,-1.5,C0M530
中埔,23.42538,120.5229,-0.83,18.38,-4.43,75.11,0.0,-0.76,C0M640
朴子,23.43463,120.23902,-1.23,18.05,-1.57,76.89,0.0,-0.63,C0M650
溪口,23.604131,120.403569,-0.67,18.48,-5.57,72.63,0.0,-0.65,C0M660
大林,23.600616,120.45841,-0.79,18.7,-6.34,71.68,0.0,-0.79,C0M670
太保,23.455062,120.331455,-0.9,18.62,-7.01,71.68,0.0,-0.71,C0M680
水上,23.419734,120.388909,-0.71,18.69,-0.28,77.53,0.0,-0.61,C0M690
竹崎,23.526178,120.555508,-0.6,18.55,-2.84,78.94,0.0,-0.93,C0M700
東石,23.458927,120.15385,-0.47,18.85,-4.77,74.63,0.0,-0.74,C0M710
番路,23.464657,120.554156,-0.86,17.82,-1.24,79.68,0.0,-0.86,C0M720
嘉義市東區,23.457673,120.460531,-0.6,19.84,-3.57,70.16,0.0,-0.75,C0M730
六腳,23.492871,120.290625,-0.74,18.56,-4.01,73.11,0.0,-0.69,C0M740
布袋,23.380878,120.167789,-0.38,18.94,-6.88,73.32,0.0,-0.58,C0M750
民雄,23.551754,120.428457,-0.67,18.88,-6.34,71.74,0.0,-0.69,C0M760
嘉義梅山,23.585398,120.555587,-0.86,18.19,0.53,80.84,0.0,-0.89,C0M770
鹿草,23.41134,120.30835,-0.5,18.96,-4.56,72.37,0.0,-0.62,C0M780
新港,23.553269,120.345728,-0.79,18.59,-4.52,72.89,0.0,-0.74,C0M790
茶山,23.299075,120.664767,-0.89,18.31,-0.92,81.16,0.03,-0.7,C0M800
里佳,23.389125,120.716647,-0.77,13.97,-5.45,78.47,0.18,-0.89,C0M810
達邦,23.453994,120.749517,-0.7,15.78,-0.01,78.47,0.08,-0.85,C0M820
表湖,23.24186,120.64166,-1.27,16.74,-2.44,82.74,0.0,-0.96,C0M850
新美,23.338017,120.683169,-1.48,18.06,-4.12,78.74,0.08,-1.06,C0M860
北寮,23.079561,120.495008,-0.61,18.75,3.74,87.0,0.0,-0.68,C0O830
王爺宮,23.222064,120.40085,1.68,20.47,-8.47,73.16,0.0,-0.78,C0O840
大內,23.11885,120.36083,0.55,20.27,-1.32,79.95,0.0,-0.62,C0O860
善化,23.112883,120.297219,-0.23,19.22,0.84,82.16,0.0,-0.73,C0O900
崎頂,22.959547,120.369317,0.09,18.98,2.41,83.79,0.03,-0.51,C0O960
虎頭埤,23.021375,120.347878,-0.58,18.66,-0.64,80.78,0.0,-0.71,C0O970
新市,23.061614,120.298197,0.35,20.12,-2.63,75.47,0.0,-0.57,C0O980
媽廟,22.99175,120.293525,-0.46,19.32,4.99,83.84,0.0,-0.56,C0O990
尾寮山,22.833111,120.683889,-1.2,14.64,0.62,88.5,0.05,-1.18,C0R100
阿禮,22.742908,120.743678,-0.06,16.71,0.39,76.42,0.0,-0.83,C0R130
瑪家,22.682903,120.686639,-0.61,16.83,5.35,93.0,0.0,-0.93,C0R140
三地門,22.709889,120.639944,0.01,21.04,-14.24,60.89,0.0,-0.93,C0R150
鹽埔,22.739558,120.530778,-0.09,20.52,-4.19,81.26,0.03,-0.65,C0R160
屏東,22.660269,120.494072,0.43,21.48,-8.19,71.0,0.0,-0.61,C0R170
赤山,22.592333,120.614306,-0.31,20.59,1.28,83.32,0.0,-0.66,C0R190
潮州,22.534361,120.54,0.44,21.4,-2.36,75.37,0.0,-0.95,C0R220
來義,22.527306,120.625111,-0.77,19.81,4.33,87.0,0.0,-0.74,C0R240
春日,22.370361,120.628306,-1.03,20.11,-13.73,65.11,0.0,-0.52,C0R260
琉球嶼,22.332244,120.362236,-0.59,21.11,-7.97,72.16,0.0,-0.95,C0R270
車城,22.0744,120.716247,-0.21,22.05,-2.22,69.0,0.0,-0.29,C0R320
牡丹,22.130036,120.792639,-0.27,19.55,4.47,88.74,0.11,-0.66,C0R341
貓鼻頭,21.921774,120.7358,0.14,22.35,-4.02,71.84,0.0,-1.14,C0R350
大漢山,22.405264,120.753181,-0.05,10.86,-0.58,95.47,0.47,-1.27,C0R440
高樹,22.826389,120.600806,-0.23,20.79,-4.08,74.37,0.0,-0.82,C0R470
長治,22.693128,120.542622,0.31,21.37,-3.85,76.89,0.0,-0.62,C0R480
九如,22.7405,120.490503,0.05,21.1,-8.21,73.11,0.0,-0.65,C0R490
崁頂,22.514781,120.506914,-0.66,20.57,-5.49,76.42,0.0,-0.71,C0R520
佳冬,22.419456,120.552375,-0.62,20.78,-2.25,78.42,0.0,-0.61,C0R540
新埤,22.467947,120.582894,-0.6,20.49,-7.55,73.74,0.0,-0.69,C0R550
新園,22.5434,120.461558,0.47,21.52,-10.03,68.26,0.0,-0.67,C0R560
麟洛,22.65078,120.52719,0.73,22.18,0.55,77.58,0.0,-0.59,C0R570
南州,22.48591,120.50274,-0.71,20.34,-2.58,78.05,0.0,-0.84,C0R580
里港,22.77919,120.49459,-0.87,19.96,-0.7,78.37,0.0,-0.77,C0R590
舊泰武,22.588194,120.664944,-0.37,17.38,-1.72,85.58,0.08,-0.78,C0R600
墾雷,21.900836,120.855269,-0.46,22.27,5.1,83.0,0.03,-0.47,C0R620
東港,22.46247,120.44074,-0.75,21.36,-6.94,72.84,0.0,-0.14,C0R640
竹田,22.58486,120.54344,-0.76,20.91,-10.31,73.21,0.0,-0.2,C0R650
枋寮,22.367722,120.590647,-0.19,21.05,1.11,81.89,0.03,-0.21,C0R660
楓港,22.190131,120.692156,-0.79,21.78,-0.7,65.16,0.0,-0.43,C0R670
佳樂水,21.993578,120.861633,-0.07,22.46,-3.6,72.74,0.18,-0.45,C0R680
墾丁,21.966756,120.810269,0.25,20.26,-4.95,79.32,0.08,-0.54,C0R690
枋山,22.246844,120.661086,-0.47,21.52,2.01,72.47,0.0,-0.72,C0R700
龍磐,21.931672,120.838942,-0.53,21.49,-5.54,79.37,0.05,-0.16,C0R710
旭海,22.205403,120.887614,-0.35,19.95,12.54,95.11,0.18,-1.95,C0R720
大坪頂,22.024633,120.69355,-0.8,20.64,5.96,82.58,0.0,-0.17,C0R730
獅子,22.201569,120.70525,-1.02,21.69,-2.21,66.79,0.0,-0.05,C0R740
四林格山,22.076989,120.802439,-0.15,17.53,-8.61,89.05,0.29,-1.31,C0R750
南仁湖,22.084681,120.863353,-0.46,18.93,-0.98,91.16,0.42,-1.96,C0R760
保力,22.071122,120.764111,-0.58,21.11,-1.6,77.16,0.0,-0.24,C0R770
滿州,22.024403,120.839892,-0.35,21.77,-6.32,73.68,0.16,-0.41,C0R780
九棚,22.14195,120.889281,-0.53,21.21,-6.39,76.42,0.21,-1.58,C0R790
丹路,22.204481,120.750989,-0.63,21.04,-1.13,73.11,0.08,0.03,C0R800
內獅,22.305064,120.642986,-0.94,21.16,8.41,93.79,0.0,-0.45,C0R810
白鷺,22.454275,120.666219,-0.81,18.18,-2.36,85.26,0.0,-0.1,C0R820
高士,22.121825,120.836781,-0.42,18.44,-5.63,85.89,0.55,-1.26,C0R830
牡丹池山,22.168389,120.841225,-0.59,17.07,-4.56,93.11,0.61,-1.42,C0R840
太麻里,22.60902,120.98533,0.18,17.64,-0.43,82.53,0.16,-1.96,C0S690
知本,22.684866,121.005642,-0.41,16.74,1.57,88.5,0.04,-2.85,C0S700
鹿野,22.917711,121.122994,0.13,17.35,1.03,85.11,0.0,-2.09,C0S710
綠島,22.6672,121.47533,0.19,20.74,4.63,91.16,0.37,-5.17,C0S730
池上,23.119628,121.209469,-0.1,17.62,-0.49,85.32,0.13,-1.77,C0S740
大溪山,22.478475,120.943325,-0.16,18.08,-0.85,83.05,0.0,-2.51,C0S770
金崙,22.538122,120.966875,0.32,19.72,-2.54,79.11,0.0,-2.02,C0S790
東河,22.972672,121.303986,-0.85,20.14,-0.21,78.79,0.08,-1.69,C0S810
長濱,23.286817,121.411975,0.12,19.01,-4.58,77.21,0.13,-2.33,C0S830
南田,22.279725,120.889208,-0.03,21.93,16.74,95.05,0.0,-1.72,C0S840
關山,23.0395,121.175017,-0.58,18.34,0.6,83.58,0.0,-0.59,C0S890
蘭嶼高中,22.04909,121.51214,-0.56,22.41,2.57,79.53,7.42,-1.39,C0S900
蘭嶼燈塔,22.081197,121.503117,-0.37,20.75,-0.66,86.95,3.32,-1.3,C0S910
金峰嘉蘭,22.594789,120.960825,-0.38,19.81,0.85,81.16,0.05,-1.02,C0S920
延平,22.902581,121.084058,-0.71,18.53,2.02,81.21,0.0,-0.85,C0S930
石寧山,23.223772,121.406639,-0.71,18.91,0.3,82.59,0.06,-1.52,C0S940
香蘭,22.587569,120.993375,-0.16,21.25,4.82,77.21,0.0,-0.66,C0S960
加津林,22.416211,120.926942,-0.03,21.75,-0.99,70.84,0.0,-0.8,C0S970
勝林山,22.430439,120.8938,-0.56,14.08,0.73,96.16,0.32,-2.42,C0S980
山豬窟,22.318619,120.857372,-0.34,18.31,-2.87,81.11,0.0,-1.15,C0S990
歷坵,22.520969,120.89185,-0.18,17.48,4.36,89.32,0.03,-0.5,C0SA00
檳榔四格山,22.810031,121.109308,-0.29,17.93,0.84,85.58,0.0,-0.81,C0SA10
金崙山,22.567419,120.959667,-0.29,14.65,-1.19,92.05,0.92,-0.69,C0SA20
都歷,23.020333,121.323642,0.3,20.51,18.44,94.89,0.0,-1.02,C0SA30
瑞和,22.974361,121.156697,-0.61,18.45,11.04,91.95,0.0,-0.88,C0SA40
知本（水試所）,22.702394,121.082761,-0.85,20.73,-2.09,74.53,0.0,-0.19,C0SA60
土坂,22.453108,120.887572,-2.67,17.25,-5.71,74.5,0.03,-1.13,C0SA80
達仁林場,22.264347,120.823972,-0.26,17.63,-6.1,85.95,0.03,-1.4,C0SA90
大禹嶺,24.186117,121.316086,-0.32,5.72,-8.61,72.74,0.11,-3.07,C0T790
天祥,24.179597,121.495639,0.14,15.48,-0.53,86.33,0.0,-3.77,C0T820
鯉魚潭,23.935639,121.508944,-0.78,16.81,2.55,91.0,0.45,-3.14,C0T870
西林,23.8119,121.441458,0.07,17.92,3.07,86.68,0.5,-3.04,C0T900
光復,23.660694,121.424964,-0.31,17.81,-1.4,88.47,1.37,-2.92,C0T960
月眉山,23.809928,121.539828,-0.13,16.01,0.6,92.58,0.55,-3.66,C0T9A0
水源,23.991861,121.537169,-0.36,15.57,2.51,90.89,1.18,-3.62,C0T9B0
和中,24.26676,121.74103,-0.77,18.59,16.32,97.89,0.39,-4.92,C0T9D0
大坑,23.880628,121.581981,-0.25,16.28,2.32,91.21,0.92,-3.0,C0T9E0
水璉,23.797131,121.542514,-0.45,17.88,0.57,85.53,0.24,-3.34,C0T9F0
鳳林山,23.735269,121.420131,-1.17,15.26,0.56,93.0,1.39,-3.68,C0T9G0
加路蘭山,23.682947,121.5274,-0.17,14.59,3.29,97.89,1.32,-5.18,C0T9H0
靜浦,23.455167,121.495028,0.04,19.16,-3.67,82.68,1.55,-3.25,C0T9M0
雙連埤,24.753033,121.641303,-0.94,13.31,-1.14,95.05,4.11,-8.74,C0U520
礁溪,24.817539,121.765608,-0.44,17.54,-5.42,83.68,1.76,-6.27,C0U600
玉蘭,24.675286,121.587061,-0.77,14.52,-4.65,86.0,5.34,-5.38,C0U650
太平山,24.505486,121.525656,-0.13,7.28,5.36,94.63,3.92,-3.9,C0U710
南山,24.43742,121.38167,-1.6,10.43,2.28,94.47,1.89,-2.92,C0U720
東澳,24.52196,121.83318,-0.97,17.52,6.31,97.11,5.58,-9.92,C0U760
南澳,24.44935,121.81022,-0.61,18.46,-2.05,78.89,1.0,-4.81,C0U770
五結,24.68637,121.79794,-0.71,16.95,-1.6,85.16,3.21,-17.06,C0U780
頭城,24.85323,121.8308,-0.57,17.76,-2.57,85.0,2.87,-4.37,C0U860
大礁溪,24.791042,121.675047,-0.75,14.52,3.34,93.32,2.63,-9.08,C0U870
三星,24.66812,121.65302,-0.71,16.53,6.8,96.26,2.95,-11.8,C0U890
內城,24.71813,121.68766,-0.4,17.14,-1.92,87.42,3.18,-9.39,C0U900
冬山,24.63373,121.7937,-0.23,17.56,8.12,96.63,4.21,-26.03,C0U910
羅東,24.68184,121.74934,-0.12,17.22,-2.61,86.84,2.61,-18.09,C0U940
鶯子嶺,24.89754,121.79244,-1.05,10.57,1.39,98.63,8.05,-8.52,C0U950
翠峰湖,24.510856,121.608044,-1.34,6.85,-0.93,93.11,3.58,-6.73,C0U960
大福,24.80064,121.81389,-0.85,17.34,-6.7,82.42,3.16,-7.29,C0U970
坪林石牌,24.86478,121.77396,-0.7,13.65,-0.17,95.58,3.18,-4.62,C0U980
員山,24.74435,121.72247,-0.58,17.33,-0.35,87.58,1.84,-11.87,C0U990
土場,24.576533,121.495333,-1.14,14.89,-3.26,89.47,0.66,-4.89,C0UA00
鴛鴦湖,24.590269,121.412228,-1.53,7.72,2.3,98.47,5.89,-10.22,C0UA10
白嶺,24.527819,121.519031,-1.75,9.25,2.99,97.58,6.84,-1.36,C0UA30
西德山,24.560647,121.752608,-1.75,10.53,3.9,98.42,11.13,-15.34,C0UA40
西帽山,24.555361,121.802628,-1.69,12.1,0.38,96.37,19.39,-21.96,C0UA50
樟樹山,24.41393,121.78325,-1.2,14.63,8.94,98.0,1.26,-6.0,C0UA60
桃源谷,24.962606,121.888875,-1.4,13.56,2.65,97.47,12.53,-15.18,C0UA70
復興,23.222403,120.806089,-0.44,17.54,0.93,78.53,0.03,-1.34,C0V210
美濃,22.898742,120.519153,0.84,21.14,-4.6,76.0,0.0,-0.7,C0V310
溪埔,22.738578,120.446797,-0.35,20.19,-0.55,78.74,0.0,-0.68,C0V350
內門,22.975481,120.466769,0.89,20.14,-2.41,78.89,0.0,-0.52,C0V360
古亭坑,22.893178,120.401947,-0.38,18.93,-0.5,82.79,0.0,-0.67,C0V370
阿公店,22.804194,120.355528,-0.81,19.05,-3.57,76.63,0.0,-0.33,C0V400
鳳山,22.646653,120.356122,-0.38,20.62,4.46,78.58,0.0,-0.5,C0V440
鳳森,22.545064,120.392592,-0.15,20.81,-3.84,71.42,0.0,-0.48,C0V450
新興,22.627422,120.298803,0.1,21.02,-4.17,68.79,0.0,-0.43,C0V490
阿蓮,22.883208,120.327508,0.55,20.51,-9.95,70.89,0.0,-0.49,C0V530
梓官,22.760558,120.267211,0.22,20.13,-2.66,71.58,0.0,-0.33,C0V610
永安,22.82315,120.236856,-0.51,19.63,-4.81,72.74,0.0,-0.47,C0V620
茄萣,22.906642,120.182608,-0.14,19.78,0.27,74.32,0.0,-0.34,C0V630
湖內,22.887139,120.2445,-0.56,19.43,-4.71,72.11,0.0,-0.41,C0V640
彌陀,22.783806,120.246361,0.05,20.48,-3.6,72.84,0.0,-0.38,C0V650
岡山,22.797078,120.294958,0.09,20.73,-3.59,70.58,0.0,-0.42,C0V660
仁武,22.701083,120.347722,-0.65,20.3,3.51,79.63,0.0,-0.49,C0V680
鼓山,22.623325,120.275575,-0.62,20.33,-2.05,73.42,0.0,-0.43,C0V690
三民,22.645017,120.311233,-0.47,21.03,0.21,70.58,0.0,-0.4,C0V700
苓雅,22.622742,120.330669,0.19,21.48,4.4,74.26,0.0,-0.47,C0V710
林園,22.507747,120.394511,0.43,22.62,-1.32,69.05,0.0,-0.47,C0V720
大寮,22.605614,120.395717,-0.54,20.9,-1.45,71.63,0.0,-0.64,C0V730
旗山,22.888614,120.483597,0.25,20.55,-0.97,76.47,0.0,-0.39,C0V740
路竹,22.854997,120.259439,0.17,20.61,-3.64,72.26,0.0,-0.5,C0V750
橋頭,22.757806,120.30575,-0.35,20.56,-3.82,71.58,0.0,-0.36,C0V760
大社,22.730306,120.346639,-0.65,19.95,1.15,75.79,0.0,-0.41,C0V770
萬山,22.905944,120.688056,-0.11,19.31,-1.12,77.11,0.0,-0.91,C0V790
六龜,22.997889,120.633583,-0.13,20.21,3.24,82.37,0.0,-0.86,C0V800
左營,22.67491,120.28491,-0.86,20.0,-6.54,72.42,0.0,-0.25,C0V810
小林,23.148408,120.63325,-0.39,18.75,1.47,82.58,0.0,-1.05,C0V820
東莒,25.9652,119.98069,0.59,14.77,-3.93,71.53,0.0,-0.47,C0W110
金沙,24.488292,118.408778,-0.44,16.09,-5.13,62.06,0.0,-0.25,C0W140
金寧,24.457703,118.328989,-0.2,16.99,-4.62,62.95,0.0,-0.22,C0W150
東河,23.296598,120.385608,-0.83,18.78,-9.26,71.42,0.0,-0.55,C0X050
下營,23.22695,120.256261,-0.32,19.0,-9.05,71.37,0.0,-0.5,C0X060
佳里,23.173039,120.145086,-0.21,19.12,-3.09,75.79,0.0,-0.74,C0X080
臺南市北區,23.010394,120.194228,-0.32,19.69,1.51,76.0,0.0,-0.43,C0X100
臺南市南區,22.961189,120.188378,-0.68,19.81,-1.23,72.63,0.0,-0.45,C0X110
麻豆,23.183289,120.248611,0.22,19.82,0.56,80.05,0.0,-0.5,C0X120
官田,23.193217,120.315422,-0.23,19.64,-3.5,74.53,0.0,-0.54,C0X130
西港,23.125608,120.203108,-0.56,19.04,0.57,79.47,0.0,-0.57,C0X140
安定,23.102614,120.227839,-0.18,19.15,-0.91,80.89,0.0,-0.41,C0X150
仁德,22.968258,120.257689,-0.35,19.9,-0.44,75.12,0.0,-0.46,C0X160
關廟,22.963017,120.327797,-1.28,18.67,1.65,78.26,0.0,-0.56,C0X170
山上,23.0757,120.363253,-0.05,19.33,-3.83,77.84,0.0,-0.67,C0X180
安平,22.993161,120.152181,-0.48,19.39,-5.21,72.84,0.0,-0.4,C0X190
左鎮,23.056758,120.408522,0.73,19.55,-5.79,78.47,0.0,-0.7,C0X200
白河,23.347466,120.414427,-0.82,18.84,-5.26,73.58,0.0,-0.61,C0X210
學甲,23.230367,120.182187,-0.4,18.88,-3.29,75.37,0.0,-0.49,C0X220
鹽水,23.272621,120.247641,-0.64,18.52,-4.95,76.0,0.0,-0.56,C0X230
關子嶺,23.331169,120.508025,-1.07,16.78,0.57,87.47,0.0,-0.83,C0X240
新營,23.310689,120.316681,-0.66,18.94,-2.78,75.11,0.0,-0.56,C0X250
後壁,23.366358,120.362326,-0.67,18.73,-6.39,73.11,0.0,-0.58,C0X260
將軍,23.214999,120.13577,-0.7,18.67,-3.56,75.37,0.0,-0.38,C0X280
北門,23.267772,120.125481,-0.54,18.96,-0.63,78.68,0.0,-0.44,C0X290
鹿寮,23.386047,120.477331,-0.81,18.47,1.4,84.63,0.0,-0.5,C0X300
柳營,23.253328,120.375253,-1.24,19.07,-5.0,72.53,0.0,-0.29,C0X320
明里,23.208717,121.262342,-0.03,17.64,3.07,87.68,0.21,-1.54,C0Z020
佳心,23.34567,121.21316,-0.39,13.92,9.48,98.32,0.11,-2.77,C0Z050
玉里,23.3215,121.339656,-0.0,17.78,3.89,89.58,0.21,-3.08,C0Z061
舞鶴,23.46811,121.37407,0.01,17.23,8.59,99.16,0.47,-2.76,C0Z070
富源,23.587642,121.378225,0.02,17.05,-1.75,90.53,1.68,-1.86,C0Z080
東華,23.89525,121.549833,-0.37,18.56,2.73,88.21,0.08,-1.97,C0Z100
吉安光華,23.930925,121.595153,-0.38,19.17,-16.5,71.47,0.05,-1.45,C0Z150
鳳林,23.746114,121.453411,-0.7,17.95,-4.04,81.95,0.47,-1.51,C0Z160
卓溪,23.3443,121.3029,-0.93,17.81,2.32,83.95,0.34,-1.04,C0Z170
富世,24.14743,121.6297,-0.65,19.12,-2.32,79.63,0.29,-1.27,C0Z190
萬榮,23.709219,121.420106,-0.63,17.72,-2.08,84.26,0.97,-1.25,C0Z200
瑞穗,23.5239,121.39021,-0.28,17.89,2.81,89.47,1.29,-0.8,C0Z210
和平林道,24.343922,121.656317,-1.42,14.72,-1.89,87.79,0.61,-2.59,C0Z220
和平,24.30717,121.77007,-1.29,18.54,1.94,73.16,0.32,-3.61,C0Z230
瑞穗林道,23.49284,121.30688,0.87,13.71,1.49,97.42,4.79,-0.33,C0Z250
蕃薯寮,23.73835,121.540108,-0.36,16.92,-5.58,84.42,0.24,-5.02,C0Z270
德武,23.47426,121.41071,-0.82,17.41,-0.4,89.0,0.79,-1.19,C0Z280
赤柯山,23.36893,121.38293,-0.72,13.09,3.85,97.95,1.37,-3.46,C0Z290
東里,23.26853,121.30547,-0.56,17.92,-3.66,85.89,0.08,-1.24,C0Z300
清水斷崖,24.218294,121.689142,-1.39,18.76,2.04,80.58,0.71,-1.08,C0Z310
清水林道,23.27125,121.188272,-0.98,14.73,0.97,90.32,2.58,-0.5,C0Z320
安通山,23.290728,121.348528,-1.62,15.49,3.68,92.11,0.39,-1.39,C0Z330
口湖工作站,23.589978,120.180394,-0.47,18.61,-3.16,70.58,0.0,-0.53,12J990
東港工作站,22.479997,120.466058,-0.77,21.18,-5.18,63.11,0.0,-0.15,12Q970
恆春工作站,22.079678,120.714425,-0.54,22.44,-0.02,63.32,0.0,-0.12,12Q980
萬大發電廠,23.978875,121.139639,-1.35,14.7,-7.0,75.79,0.03,-1.0,42HA10
桃改樹林分場,24.944503,121.386972,-0.94,17.31,-10.0,74.16,1.24,-3.05,72AI40
桃園農改場,24.950944,121.030583,0.37,17.84,-2.17,77.53,0.47,-1.83,72C440
桃改五峰分場,24.612194,121.157167,-0.43,12.26,1.2,86.79,0.53,-2.75,72D080
桃改新埔分場,24.834444,121.066111,-0.41,17.23,-7.17,75.26,0.03,-1.28,72D680
臺中農改場,24.003028,120.534389,-0.37,18.29,0.08,77.42,0.0,-1.18,72G600
中改埔里分場,23.903208,120.963364,-1.36,15.96,-1.35,85.42,0.0,-1.22,72HA00
南改斗南分場,23.634556,120.477333,0.01,18.56,-2.95,75.89,0.05,-1.01,72K220
南改義竹分場,23.360694,120.279361,-0.31,18.44,-4.92,74.74,0.0,-0.78,72M360
南改鹿草分場,23.416869,120.283061,-0.68,18.57,-3.75,74.32,0.0,-0.76,72M700
臺南農改場,23.0605,120.342194,-0.91,18.67,0.4,79.42,0.0,-0.59,72N100
七股研究中心,23.081672,120.062894,-0.31,19.16,-3.11,76.95,0.03,-0.42,72N240
高雄農改場,22.709333,120.525889,-0.35,20.66,1.76,78.47,0.0,-0.82,72Q010
東改班鳩分場,22.829528,121.077694,-0.18,18.59,-1.79,76.89,0.0,-2.05,72S200
東改賓朗果園,22.813889,121.071278,-0.36,18.34,-4.58,79.58,0.05,-2.15,72S590
花蓮農改場,23.975222,121.563889,-0.35,18.64,-0.83,80.12,0.44,-2.26,72T250
花改蘭陽分場,24.686306,121.716583,-0.46,17.21,0.44,84.42,3.16,-7.59,72U480
高改旗南分場,22.857861,120.516667,-0.94,19.57,3.08,77.0,0.0,-0.62,72V140
茶改北部分場,24.955778,121.631222,-0.73,14.46,1.66,88.32,2.71,-4.69,82A750
茶改場,24.908472,121.185333,-0.35,16.23,-3.92,78.47,0.37,-3.14,82C160
茶改中部分場,23.875611,120.913583,-1.02,15.67,-1.24,81.47,0.0,-1.53,82H320
茶改南部分場,23.762528,120.7405,-1.3,16.28,-3.15,83.05,0.0,-1.62,82H840
茶改東部分場,22.907694,121.130139,-0.83,18.3,0.15,77.86,0.0,-1.87,82S580
農工中心,24.985917,121.239833,0.1,17.25,-2.52,73.16,0.11,-2.61,A2C560
水試臺西試驗場,23.717231,120.190522,-0.84,19.02,-1.09,78.79,0.0,-0.68,A2K360
臺大雲林校區,23.730628,120.423903,-0.92,18.12,-4.69,76.05,0.0,-0.31,A2K630
臺南蘭花園區,23.340258,120.379661,-0.78,18.89,-3.97,75.53,0.0,-0.23,A2N290
畜試北區分所,24.527806,120.770972,-1.06,16.78,-2.77,78.21,0.0,-1.28,B2E890
畜產試驗所,23.058972,120.336406,-0.49,18.58,-0.04,79.53,0.0,-0.76,B2N890
畜試南區分所,21.945583,120.802167,-0.29,22.15,-3.85,68.42,0.0,-1.27,B2Q810
畜試東區分所,24.669039,121.832561,-0.58,17.37,-1.39,89.58,3.5,-38.34,B2U990
蓮華池,23.918333,120.885278,-0.76,15.66,-1.67,85.21,0.0,-1.47,E2H360
林試畢祿溪站,24.226944,121.308522,-2.41,6.96,-0.31,79.58,0.21,-2.07,E2HA20
四湖植物園,23.676986,120.163433,-0.47,19.04,-0.54,84.32,0.0,-0.65,E2K600
林試六龜中心,22.991703,120.645722,-1.24,19.11,1.8,82.89,0.0,-0.23,E2P980
林試太麻里2,22.598,120.99775,-1.12,20.67,-2.38,73.26,0.0,-0.29,E2S960
林試太麻里1,22.598922,120.980044,-0.75,19.92,-1.92,76.95,0.18,-0.2,E2S980
農試所(霧峰),24.031261,120.688133,-0.44,18.37,-0.1,78.47,0.0,-1.18,G2F820
農試嘉義分所,23.485028,120.473806,-0.74,17.69,-3.06,77.0,0.0,-1.09,G2L020
農試溪口農場,23.58565,120.408111,-0.75,18.74,-8.69,73.53,0.0,-1.29,G2M350
農試鳳山分所,22.646611,120.356083,-0.78,20.29,-1.35,71.74,0.0,-0.92,G2P820
苗栗農改場,24.495722,120.829111,-0.75,16.35,-1.18,79.42,0.0,-1.54,K2E360
苗改生物防治研究中心,24.422861,120.871833,-1.79,14.98,-4.71,80.63,0.0,-1.41,K2E710
種苗改良場,24.225972,120.800917,-0.7,15.41,5.26,83.89,0.0,-1.79,K2F750
溪頭,23.670306,120.798194,-0.73,12.85,1.48,88.16,0.0,-1.76,U2H480
臺大和社,23.590856,120.888864,-0.82,15.68,-0.32,81.74,0.05,-1.09,U2HA30
臺大內茅埔,23.689722,120.851117,-1.34,16.47,-2.74,79.58,0.0,-1.11,U2HA40
臺大竹山,23.756972,120.681556,-1.18,18.23,-5.95,74.68,0.0,-0.85,U2HA50
臺大竹山,23.756972,120.681556,-1.18,18.23,-5.95,74.68,0.0,-0.85,U2HA50
臺大內茅埔,23.689722,120.851117,-1.34,16.47,-2.74,79.58,0.0,-1.11,U2HA40
臺大和社,23.590856,120.888864,-0.82,15.68,-0.32,81.74,0.05,-1.09,U2HA30
臺大溪頭,23.670306,120.798194,-0.73,12.85,1.48,88.16,0.0,-1.76,U2H480
種苗繁殖,24.225972,120.800917,-0.7,15.41,5.26,83.89,0.0,-1.79,K2F750
苗改生物防治研究中心,24.422861,120.871833,-1.79,14.98,-4.71,80.63,0.0,-1.41,K2E710
苗栗農改,24.495722,120.829111,-0.75,16.35,-1.18,79.42,0.0,-1.54,K2E360
農試鳳山分所,22.646611,120.356083,-0.78,20.29,-1.35,71.74,0.0,-0.92,G2P820
農試溪口農場,23.58565,120.408111,-0.75,18.74,-8.69,73.53,0.0,-1.29,G2M350
農試嘉義分所,23.485028,120.473806,-0.74,17.69,-3.06,77.0,0.0,-1.09,G2L020
農業試驗所,24.031261,120.688133,-0.44,18.37,-0.1,78.47,0.0,-1.18,G2F820
林試太麻里1,22.598922,120.980044,-0.75,19.92,-1.92,76.95,0.18,-0.2,E2S980
林試太麻里2,22.598014,120.989761,-1.12,20.67,-2.38,73.26,0.0,-0.29,E2S960
林試六龜中心,22.991703,120.645722,-1.24,19.11,1.8,82.89,0.0,-0.23,E2P980
四湖植物園,23.676986,120.163433,-0.47,19.04,-0.54,84.32,0.0,-0.65,E2K600
林試畢祿溪站,24.226944,121.308522,-2.41,6.96,-0.31,79.58,0.21,-2.07,E2HA20
蓮華池,23.918333,120.885278,-0.76,15.66,-1.67,85.21,0.0,-1.47,E2H360
畜試東區分所,24.669039,121.832561,-0.58,17.37,-1.39,89.58,3.5,-38.34,B2U990
畜試南區分所,21.945583,120.802167,-0.29,22.15,-3.85,68.42,0.0,-1.27,B2Q810
畜試所,23.058972,120.336406,-0.49,18.58,-0.04,79.53,0.0,-0.76,B2N890
畜試北區分所,24.527806,120.770972,-1.06,16.78,-2.77,78.21,0.0,-1.28,B2E890
臺南蘭花園區,23.340258,120.379661,-0.78,18.89,-3.97,75.53,0.0,-0.23,A2N290
臺大雲林校區,23.730628,120.423903,-0.92,18.12,-4.69,76.05,0.0,-0.31,A2K630
水試臺西試驗場,23.717231,120.190522,-0.84,19.02,-1.09,78.79,0.0,-0.68,A2K360
農工中心,24.985917,121.239833,0.1,17.25,-2.52,73.16,0.11,-2.61,A2C560
茶改東部分場,22.907694,121.130139,-0.83,18.3,0.15,77.86,0.0,-1.87,82S580
茶改南部分場,23.762528,120.7405,-1.3,16.28,-3.15,83.05,0.0,-1.62,82H840
茶改中部分場,23.875611,120.913583,-1.02,15.67,-1.24,81.47,0.0,-1.53,82H320
茶改場,24.908472,121.185333,-0.35,16.23,-3.92,78.47,0.37,-3.14,82C160
茶改北部分場,24.955778,121.631222,-0.73,14.46,1.66,88.32,2.71,-4.69,82A750
高改旗南分場,22.857861,120.516667,-0.94,19.57,3.08,77.0,0.0,-0.62,72V140
花改蘭陽分場,24.686306,121.716583,-0.46,17.21,0.44,84.42,3.16,-7.59,72U480
花蓮農改,23.975222,121.563889,-0.35,18.64,-0.83,80.12,0.44,-2.26,72T250
東改賓朗果園,22.813889,121.071278,-0.36,18.34,-4.58,79.58,0.05,-2.15,72S590
東改班鳩分場,22.829528,121.077694,-0.18,18.59,-1.79,76.89,0.0,-2.05,72S200
高雄農改,22.709333,120.525889,-0.35,20.66,1.76,78.47,0.0,-0.82,72Q010
七股研究中心,23.081672,120.062894,-0.31,19.16,-3.11,76.95,0.03,-0.42,72N240
臺南農改,23.0605,120.342194,-0.91,18.67,0.4,79.42,0.0,-0.59,72N100
南改鹿草分場,23.416869,120.283061,-0.68,18.57,-3.75,74.32,0.0,-0.76,72M700
南改義竹分場,23.360694,120.279361,-0.31,18.44,-4.92,74.74,0.0,-0.78,72M360
南改斗南分場,23.634556,120.477333,0.01,18.56,-2.95,75.89,0.05,-1.01,72K220
中改埔里分場,23.903208,120.963364,-1.36,15.96,-1.35,85.42,0.0,-1.22,72HA00
臺中農改,24.003028,120.534389,-0.37,18.29,0.08,77.42,0.0,-1.18,72G600
桃改新埔分場,24.834444,121.066111,-0.41,17.23,-7.17,75.26,0.03,-1.28,72D680
桃改五峰分場,24.612194,121.157167,-0.43,12.26,1.2,86.79,0.53,-2.75,72D080
桃園農改,24.950944,121.030583,0.37,17.84,-2.17,77.53,0.47,-1.83,72C440
桃改樹林分場,24.944503,121.386972,-0.94,17.31,-10.0,74.16,1.24,-3.05,72AI40
萬大發電廠,23.978875,121.139639,-1.35,14.7,-7.0,75.79,0.03,-1.0,42HA10
恆春工作站,22.079678,120.714425,-0.54,22.44,-0.02,63.32,0.0,-0.12,12Q980
東港工作站,22.479997,120.466058,-0.77,21.18,-5.18,63.11,0.0,-0.15,12Q970
口湖工作站,23.589978,120.180394,-0.47,18.61,-3.16,70.58,0.0,-0.53,12J990
