站名,緯度,經度,平均溫距平,本年度平均溫,平均溼度距平,本年度日均相對溼度,本年度日均降水量,日均降水量距平,站號
淡水,25.164889,121.448906,0.35,19.3,-1.44,77.0,0.0,-3.09,466900
鞍部,25.182586,121.529731,0.71,14.1,-5.9,85.0,0.0,-14.53,466910
臺北,25.037658,121.514853,0.05,20.1,-2.65,71.0,0.0,-3.1,466920
竹子湖,25.162078,121.544547,0.8,15.9,-4.63,82.0,0.0,-13.16,466930
基隆,25.133314,121.740475,-0.55,19.2,3.3,78.0,0.0,-9.27,466940
花蓮,23.975128,121.613275,-0.5,20.6,-3.87,68.0,0.0,-4.65,466990
新屋,25.006744,121.047486,-0.56,18.4,3.5,79.0,0.0,-1.47,467050
宜蘭,24.763975,121.756528,0.04,19.6,-3.54,75.0,0.0,-7.16,467080
金門,24.407306,118.289281,-0.26,17.5,5.08,74.0,0.0,-0.26,467110
田中,23.873803,120.581286,-1.8,18.8,10.0,82.0,0.0,0.0,467270
澎湖,23.565503,119.563094,-0.33,20.6,-1.06,74.0,0.0,-0.86,467350
臺南,22.993239,120.204772,-0.41,20.7,-3.07,70.0,0.0,-0.97,467410
永康,23.038386,120.2367,-0.45,20.3,-0.22,73.0,0.0,-0.75,467420
嘉義,23.495925,120.432906,-1.36,18.6,4.56,81.0,0.0,-1.0,467480
臺中,24.145736,120.684075,-0.85,19.5,4.16,75.0,0.0,-0.47,467490
阿里山,23.508208,120.813242,-1.12,7.8,-13.62,64.0,0.0,-1.47,467530
大武,22.355675,120.903789,-1.85,21.0,2.67,71.0,0.0,-3.37,467540
玉山,23.487614,120.959522,-0.52,2.5,4.87,60.0,0.0,-2.9,467550
新竹,24.827853,121.014219,-0.37,19.0,0.4,75.0,0.0,-1.22,467571
恆春,22.003897,120.746339,-0.94,22.4,-0.95,67.0,0.0,-2.77,467590
成功,23.097486,121.373428,-1.31,20.2,-0.75,71.0,0.0,-4.28,467610
日月潭,23.881325,120.90805,-1.78,15.2,4.87,79.0,0.0,-1.08,467650
臺東,22.752211,121.154586,-0.78,21.4,-2.38,67.0,0.0,-4.29,467660
馬祖,26.169269,119.923419,0.63,16.3,7.41,84.0,0.0,-1.59,467990
山佳,24.974944,121.402008,0.1,19.5,-3.36,75.0,0.0,-3.46,C0A520
坪林,24.938183,121.70975,-0.05,16.6,-9.33,83.0,0.0,-6.3,C0A530
泰平,24.971197,121.823711,0.14,15.7,-4.44,90.0,0.0,-17.55,C0A550
桶後,24.848222,121.597992,-0.56,15.5,-0.78,94.0,0.0,-10.33,C0A570
石碇,24.993969,121.662917,2.22,18.8,-11.75,78.0,0.0,-7.44,C0A640
大坪,25.165914,121.632969,1.74,18.1,-7.11,85.0,0.0,-30.84,C0A860
五指山,25.132153,121.608692,3.42,17.9,-7.24,86.0,0.0,-13.37,C0A870
雙溪,25.036003,121.864242,1.01,18.9,-6.78,84.0,0.0,-11.49,C0A890
金山,25.223628,121.643967,0.63,19.5,-6.81,75.0,0.0,-7.01,C0A940
鼻頭角,25.129036,121.923372,1.35,21.1,-2.89,75.0,0.0,-2.94,C0A950
三貂角,25.007606,122.002058,1.96,21.5,-8.64,72.0,0.0,-5.0,C0A970
社子,25.109508,121.469681,0.03,20.0,5.82,81.0,0.0,-1.51,C0A980
天母,25.117494,121.537169,-0.15,19.8,-1.42,71.0,0.0,-1.85,C0A9C0
內湖,25.079422,121.57545,0.72,20.6,7.81,84.0,0.0,-2.46,C0A9F0
大屯山,25.175675,121.522408,3.77,15.1,-6.67,88.0,0.0,-9.82,C0AC40
三峽,24.939025,121.369728,1.53,20.2,-6.06,74.0,0.0,-5.56,C0AC60
信義,25.037822,121.564597,2.88,21.7,-7.06,71.0,0.0,-4.74,C0AC70
文山,25.00235,121.575728,0.46,18.8,-5.19,78.0,0.0,-5.21,C0AC80
新莊,25.051478,121.446756,0.51,19.9,-2.03,71.0,0.0,-2.61,C0ACA0
八里,25.150211,121.403947,1.19,20.1,1.94,78.0,0.0,-3.12,C0AD10
蘆洲,25.086594,121.472331,0.93,20.7,1.28,73.0,0.0,-2.15,C0AD30
土城,24.973208,121.445169,0.52,19.1,0.22,79.0,0.0,-5.5,C0AD40
鶯歌,24.951533,121.346294,1.46,20.0,-5.12,75.0,0.0,-4.04,C0AD50
汐止,25.066881,121.658778,0.69,19.1,-9.13,77.0,0.0,-13.58,C0AH00
永和,25.01125,121.508111,1.77,21.4,-7.43,70.0,0.0,-2.95,C0AH10
五分山,25.07125,121.780794,1.39,16.3,-6.83,88.0,0.0,-28.32,C0AH30
平等,25.129142,121.577086,0.93,17.9,-14.4,73.0,0.0,-7.82,C0AH40
林口,25.072181,121.38084,1.05,19.0,-11.42,78.0,0.0,-1.5,C0AH50
松山,25.04871,121.55042,0.44,20.4,-8.0,62.0,0.0,-3.92,C0AH70
深坑,25.002703,121.628328,0.67,19.1,-3.33,80.0,0.0,-5.42,C0AH80
福山植物園,24.760717,121.58135,-0.18,13.6,-2.78,91.0,0.0,-13.56,C0AH90
五股,25.07445,121.42728,0.07,19.2,-11.44,75.0,0.0,-1.39,C0AI00
屈尺,24.92184,121.54475,0.07,18.5,-11.0,72.0,0.0,-8.94,C0AI10
白沙灣,25.283128,121.519058,-0.44,18.9,11.62,82.0,0.0,-0.67,C0AI20
三重,25.057328,121.500629,2.1,20.6,-7.33,72.0,0.0,-1.25,C0AI30
石牌,25.115597,121.513139,2.43,21.2,6.17,73.0,0.0,-0.67,C0AI40
七堵,25.094819,121.71713,-0.21,19.1,2.89,85.0,0.0,-12.67,C0B010
基隆嶼,25.19141,121.78391,0.69,20.1,13.0,88.0,0.0,-2.5,C0B020
復興,24.820208,121.352281,0.56,16.7,-3.69,73.0,0.0,-2.73,C0C460
桃園,24.992425,121.323172,0.31,18.9,-1.59,72.0,0.0,-1.46,C0C480
八德,24.928708,121.283289,1.0,19.0,-12.77,68.0,0.0,-5.53,C0C490
觀音,25.027072,121.153317,0.25,18.2,-1.76,76.0,0.0,-3.49,C0C590
蘆竹,25.084275,121.265767,-0.08,18.2,3.28,83.0,0.0,-4.33,C0C620
大溪,24.882853,121.265547,1.11,18.4,-6.62,70.0,0.0,-3.17,C0C630
平鎮,24.897503,121.214636,1.11,18.2,-5.0,74.0,0.0,-3.15,C0C650
楊梅,24.912375,121.143047,0.34,18.6,-3.67,73.0,0.0,-1.04,C0C660
龍潭,24.870056,121.221389,0.46,18.0,-5.52,76.0,0.0,-2.86,C0C670
龜山,25.02846,121.38656,1.33,19.1,-2.0,79.0,0.0,-2.33,C0C680
中壢,24.977661,121.256375,0.78,19.2,-8.89,68.0,0.0,-1.33,C0C700
大溪永福,24.892936,121.324975,1.22,17.4,-6.83,82.0,0.0,-7.08,C0C710
梅花,24.678347,121.208558,-1.13,15.3,4.12,81.0,0.0,-1.87,C0D360
峨眉,24.6905,121.017189,-1.04,17.1,2.03,83.0,0.0,-2.2,C0D430
打鐵坑,24.849664,121.150789,-0.2,16.7,-3.69,81.0,0.0,-2.4,C0D480
橫山,24.71116,121.11693,0.06,17.2,3.86,83.0,0.0,-1.98,C0D540
雪霸,24.526972,121.11605,-0.09,10.6,-18.9,50.0,0.0,-1.61,C0D550
竹東,24.767147,121.057881,1.26,19.1,-1.54,71.0,0.0,-1.08,C0D560
寶山,24.735006,121.025192,-0.26,17.2,2.07,81.0,0.0,-1.51,C0D580
新豐,24.87068,120.97721,0.57,18.2,5.14,84.0,0.0,-1.43,C0D590
湖口,24.904794,121.043628,0.29,18.8,-7.46,70.0,0.0,-0.48,C0D650
新竹市東區,24.798681,120.986942,-0.54,18.7,-1.67,73.0,0.0,-0.21,C0D660
竹南,24.708978,120.888897,-0.58,18.5,6.14,81.0,0.0,-0.72,C0E420
南庄,24.601775,121.000214,-0.54,16.7,9.0,90.0,0.0,-1.41,C0E430
明德,24.583486,120.885411,-0.12,18.4,2.63,81.0,0.0,-0.85,C0E550
通霄,24.471892,120.704622,-0.76,18.1,3.3,83.0,0.0,-0.47,C0E590
馬都安,24.451272,120.930192,-0.15,15.4,-2.57,76.0,0.0,-1.1,C0E610
頭份,24.688247,120.912206,0.78,19.6,3.12,75.0,0.0,-0.85,C0E730
造橋,24.637056,120.864778,-1.19,17.7,2.1,81.0,0.0,-1.2,C0E740
苗栗,24.564569,120.824575,0.16,19.2,-4.4,70.0,0.0,-0.68,C0E750
銅鑼,24.489681,120.790853,-0.48,17.8,10.73,90.0,0.0,-0.52,C0E780
西湖,24.562947,120.7485,-0.47,17.9,3.89,84.0,0.0,-0.67,C0E810
獅潭,24.539133,120.920042,-0.23,16.9,-2.15,81.0,0.0,-1.55,C0E820
苑裡,24.439714,120.653053,-0.83,18.7,3.04,79.0,0.0,-0.06,C0E830
大河,24.618069,120.948578,-3.44,15.9,-0.44,79.0,0.0,-0.03,C0E850
高鐵苗栗,24.60725,120.826094,-1.41,18.5,11.5,85.0,0.0,0.0,C0E870
石岡,24.276061,120.777644,-0.68,18.2,2.07,82.0,0.0,0.0,C0F0B0
中坑,24.248517,120.903319,-2.0,14.8,-0.83,78.0,0.0,0.0,C0F0C0
審馬陣,24.381675,121.4203,-1.01,4.8,-18.0,50.0,0.0,-0.21,C0F0D0
東勢,24.246428,120.833047,0.41,18.4,-2.67,76.0,0.0,-0.45,C0F850
大坑,24.173142,120.722289,0.29,20.1,0.8,74.0,0.0,-0.38,C0F970
神岡,24.272481,120.658314,0.68,19.3,-10.07,70.0,0.0,-0.32,C0F9I0
大安,24.345061,120.588025,-0.47,18.9,1.17,80.0,0.0,-0.38,C0F9K0
后里,24.310436,120.729725,-0.04,18.4,-3.03,76.0,0.0,-0.37,C0F9L0
豐原,24.254322,120.720692,1.28,20.0,-3.97,72.0,0.0,-0.35,C0F9M0
大里,24.092464,120.701378,-0.5,20.5,-6.07,64.0,0.0,-0.4,C0F9N0
潭子,24.213106,120.703933,-0.21,19.5,-0.4,74.0,0.0,-0.3,C0F9O0
清水,24.312297,120.562242,-0.44,19.1,0.77,80.0,0.0,-0.28,C0F9P0
外埔,24.347817,120.705686,0.51,19.3,0.27,79.0,0.0,-0.35,C0F9Q0
龍井,24.184536,120.528972,-0.22,19.7,-2.53,76.0,0.0,-0.27,C0F9R0
烏日,24.107058,120.624103,-0.53,19.6,1.47,73.0,0.0,-0.2,C0F9S0
西屯,24.179494,120.641275,-0.21,19.3,0.63,74.0,0.0,-0.23,C0F9T0
南屯,24.137006,120.637969,-0.57,20.0,2.3,73.0,0.0,-0.22,C0F9U0
新社,24.200172,120.815806,0.76,18.0,-13.47,69.0,0.0,-0.52,C0F9V0
大雅(中科園區),24.21528,120.62445,-1.14,18.8,-1.0,77.0,0.0,0.0,C0F9X0
桃山,24.432739,121.303808,-1.81,3.6,-10.87,60.0,0.0,-0.13,C0F9Y0
雪山東峰,24.388792,121.268675,-1.91,4.2,-15.27,55.0,0.0,-0.17,C0F9Z0
芬園,24.015678,120.6213,-1.9,17.4,6.87,86.0,0.0,-0.48,C0G620
員林,23.946503,120.585597,0.35,20.6,-1.21,74.0,0.0,-0.5,C0G650
溪湖,23.94835,120.479122,0.49,20.4,14.5,93.0,0.0,-0.43,C0G660
溪州,23.851589,120.499093,-1.29,19.3,-2.5,74.0,0.0,-0.03,C0G720
二林,23.903325,120.376081,-1.59,18.6,1.56,85.0,0.0,0.0,C0G730
大城,23.852487,120.320935,-1.37,19.1,-13.56,64.0,0.0,-0.03,C0G740
福興,24.041289,120.437669,-0.3,20.0,-1.73,75.0,0.0,-0.17,C0G770
秀水,24.03405,120.503869,-0.39,19.8,3.57,81.0,0.0,-0.28,C0G780
埔鹽,24.000394,120.431683,0.55,20.1,1.83,82.0,0.0,-0.25,C0G800
埔心,23.947633,120.525456,-0.29,19.9,22.33,100.0,0.0,-0.38,C0G810
田尾,23.901669,120.509389,-0.68,19.2,2.97,85.0,0.0,-0.45,C0G820
埤頭,23.866003,120.452806,-1.08,18.7,12.15,96.0,0.0,-0.23,C0G830
社頭,23.897647,120.5862,-0.03,20.6,3.9,78.0,0.0,-0.48,C0G860
二水,23.810742,120.6173,1.58,21.7,-1.37,77.0,0.0,-0.38,C0G880
伸港,24.148933,120.484403,-0.4,19.5,0.3,77.0,0.0,-0.18,C0G890
線西,24.143358,120.443536,-0.28,19.2,1.83,79.0,0.0,0.0,C0G900
埔里,23.972169,120.952425,-2.71,17.3,-0.73,77.0,0.0,-0.03,C0H890
草屯,23.973672,120.68085,-1.06,19.1,-0.9,74.0,0.0,-0.57,C0H960
昆陽,24.121322,121.273642,-0.51,5.2,-16.2,54.0,0.0,-5.41,C0H990
神木村,23.532742,120.843667,-1.18,12.0,-13.44,66.0,0.0,-1.4,C0H9A0
合歡山,24.143442,121.272547,-0.6,3.0,-6.83,66.0,0.0,-4.06,C0H9C0
廬山,24.033311,121.181808,-0.82,13.3,-9.47,59.0,0.0,-2.58,C0I010
信義,23.689694,120.851036,-2.63,16.2,-4.53,76.0,0.0,0.0,C0I080
竹山,23.761225,120.688156,-1.01,18.6,-2.47,79.0,0.0,-0.61,C0I110
水里,23.812553,120.849792,-1.42,18.8,-7.4,71.0,0.0,0.0,C0I360
魚池,23.895703,120.94135,-2.49,16.5,-7.4,74.0,0.0,-0.03,C0I370
集集,23.828206,120.801467,-1.39,19.0,-8.4,72.0,0.0,-0.03,C0I380
仁愛,24.022122,121.132206,-3.03,13.2,-6.07,70.0,0.0,0.0,C0I390
名間,23.837053,120.701447,-1.98,18.4,-1.07,76.0,0.0,0.0,C0I410
國姓,24.037803,120.855072,-2.37,17.9,-1.27,79.0,0.0,-0.03,C0I420
南投,23.911469,120.687331,-1.88,19.3,5.11,79.0,0.0,0.0,C0I460
梅峰,24.085272,121.173572,-1.65,9.2,-18.53,59.0,0.0,-0.03,C0I480
萬大林道,23.928228,121.091411,-2.08,13.4,-11.07,60.0,0.0,-0.03,C0I490
小奇萊,24.131764,121.295717,-1.82,4.3,-18.83,56.0,0.0,-0.75,C0I530
崙背,23.75555,120.318925,-2.52,17.7,4.27,83.0,0.0,-0.07,C0K250
四湖,23.630414,120.227125,-0.91,19.1,1.6,79.0,0.0,-0.68,C0K280
宜梧,23.536281,120.169329,-0.84,19.2,-0.5,79.0,0.0,-0.2,C0K291
虎尾,23.719183,120.442036,-0.79,19.4,1.44,78.0,0.0,-0.58,C0K330
土庫,23.679029,120.395574,-1.21,19.4,4.67,82.0,0.0,0.0,C0K390
斗六,23.720583,120.541127,-1.56,19.2,-4.89,74.0,0.0,0.0,C0K400
北港,23.573957,120.292802,-1.09,19.6,-6.56,73.0,0.0,-0.03,C0K410
西螺,23.800407,120.467394,-1.33,19.2,-1.78,78.0,0.0,-0.03,C0K420
褒忠,23.690938,120.303634,-0.99,19.3,-4.33,75.0,0.0,0.0,C0K430
二崙,23.772797,120.408944,-1.28,18.9,1.47,80.0,0.0,0.0,C0K440
大埤,23.646074,120.431537,-1.33,19.3,-3.44,75.0,0.0,0.0,C0K450
斗南,23.678734,120.478359,-1.21,19.4,-3.83,74.0,0.0,-0.03,C0K460
林內,23.748675,120.609642,-1.6,18.7,-4.0,75.0,0.0,0.0,C0K470
莿桐,23.761192,120.502372,-1.25,19.0,-3.0,74.0,0.0,0.0,C0K480
元長,23.64981,120.315024,-1.21,19.3,-0.56,77.0,0.0,0.0,C0K500
水林,23.572924,120.24597,-1.17,19.4,-1.5,77.0,0.0,-0.03,C0K510
臺西,23.701547,120.197559,-1.47,19.1,-1.33,78.0,0.0,0.0,C0K530
蔦松,23.514319,120.229736,-1.29,19.2,-0.67,79.0,0.0,-0.03,C0K550
棋山,23.68645,120.603417,-1.84,18.5,-2.27,78.0,0.0,0.0,C0K560
高鐵雲林,23.737456,120.417944,-1.97,18.5,5.75,83.0,0.0,0.0,C0K580
東後寮,23.369908,120.248065,-1.54,19.0,-1.17,78.0,0.0,-0.03,C0M520
奮起湖,23.493903,120.699253,-2.14,12.2,-3.13,78.0,0.0,-1.14,C0M530
中埔,23.42538,120.5229,-1.05,19.5,-10.56,69.0,0.0,0.0,C0M640
朴子,23.43463,120.23902,-2.0,18.7,1.22,79.0,0.0,-0.03,C0M650
溪口,23.604131,120.403569,-1.46,19.1,-3.56,75.0,0.0,-0.03,C0M660
大林,23.600616,120.45841,-1.44,19.4,-6.33,72.0,0.0,0.0,C0M670
太保,23.455062,120.331455,-1.79,19.2,-3.44,75.0,0.0,0.0,C0M680
水上,23.419734,120.388909,-1.3,19.5,1.5,79.0,0.0,0.0,C0M690
竹崎,23.526178,120.555508,-4.49,16.1,5.44,86.0,0.0,0.0,C0M700
東石,23.458927,120.15385,-1.19,19.5,-1.06,78.0,0.0,0.0,C0M710
番路,23.464657,120.554156,-0.99,19.0,-8.22,72.0,0.0,0.0,C0M720
嘉義市東區,23.457673,120.460531,-1.33,20.6,-3.11,70.0,0.0,0.0,C0M730
六腳,23.492871,120.290625,-1.81,18.9,-1.78,76.0,0.0,-0.03,C0M740
布袋,23.380878,120.167789,-1.27,19.5,-4.39,77.0,0.0,-0.03,C0M750
民雄,23.551754,120.428457,-1.48,19.5,-6.17,72.0,0.0,0.0,C0M760
嘉義梅山,23.585398,120.555587,-1.44,19.0,-3.94,75.0,0.0,0.0,C0M770
鹿草,23.41134,120.30835,-1.19,19.7,-0.61,76.0,0.0,0.0,C0M780
新港,23.553269,120.345728,-1.33,19.5,-3.78,74.0,0.0,0.0,C0M790
茶山,23.299075,120.664767,-2.85,17.5,-5.47,75.0,0.0,0.0,C0M800
里佳,23.389125,120.716647,-2.84,13.1,-10.6,69.0,0.0,-0.07,C0M810
達邦,23.453994,120.749517,-3.33,14.4,-4.6,70.0,0.0,-0.03,C0M820
表湖,23.24186,120.64166,-2.39,16.0,-3.33,76.0,0.0,-0.06,C0M850
新美,23.338017,120.683169,-2.3,17.0,-7.33,72.0,0.0,-0.33,C0M860
北寮,23.079561,120.495008,-1.62,19.0,2.46,84.0,0.0,-0.04,C0O830
王爺宮,23.222064,120.40085,1.32,21.4,-13.05,68.0,0.0,-0.06,C0O840
大內,23.11885,120.36083,-0.2,20.8,-1.92,78.0,0.0,0.0,C0O860
善化,23.112883,120.297219,-1.07,19.4,1.46,82.0,0.0,-0.92,C0O900
崎頂,22.959547,120.369317,-0.3,19.8,-0.25,81.0,0.0,0.0,C0O960
虎頭埤,23.021375,120.347878,-1.5,19.0,-0.67,80.0,0.0,-0.02,C0O970
新市,23.061614,120.298197,-0.58,20.5,-1.71,75.0,0.0,0.0,C0O980
媽廟,22.99175,120.293525,-1.4,19.6,5.21,83.0,0.0,-0.04,C0O990
阿禮,22.742908,120.743678,-1.11,16.6,-6.33,67.0,0.0,-0.04,C0R130
瑪家,22.682903,120.686639,-2.15,16.1,-2.67,86.0,0.0,-0.23,C0R140
三地門,22.709889,120.639944,-1.09,20.9,-22.88,51.0,0.0,-1.9,C0R150
鹽埔,22.739558,120.530778,-1.27,20.5,-9.75,76.0,0.0,-0.02,C0R160
屏東,22.660269,120.494072,-0.76,21.4,-10.79,67.0,0.0,0.0,C0R170
赤山,22.592333,120.614306,-2.11,19.8,-0.83,81.0,0.0,0.0,C0R190
潮州,22.534361,120.54,-0.43,21.4,-7.04,71.0,0.0,-2.29,C0R220
來義,22.527306,120.625111,-2.66,18.9,0.58,83.0,0.0,-0.08,C0R240
春日,22.370361,120.628306,-2.06,20.0,-23.42,55.0,0.0,-0.1,C0R260
琉球嶼,22.332244,120.362236,-1.5,21.1,-13.12,67.0,0.0,-2.38,C0R270
車城,22.0744,120.716247,-0.06,21.8,5.2,73.0,0.0,0.0,C0R320
牡丹,22.130036,120.792639,-0.28,18.8,7.6,91.0,0.0,-0.7,C0R341
貓鼻頭,21.921774,120.7358,-0.43,22.5,-4.0,69.0,0.0,-2.31,C0R350
大漢山,22.405264,120.753181,1.14,10.6,-11.0,87.0,0.0,-0.8,C0R440
高樹,22.826389,120.600806,-1.4,20.8,-6.96,70.0,0.0,-0.04,C0R470
長治,22.693128,120.542622,-0.98,21.2,-7.88,73.0,0.0,0.0,C0R480
九如,22.7405,120.490503,-1.11,21.1,-11.92,69.0,0.0,0.0,C0R490
崁頂,22.514781,120.506914,-1.67,20.6,-10.08,72.0,0.0,0.0,C0R520
佳冬,22.419456,120.552375,-1.8,20.6,-6.46,74.0,0.0,-0.04,C0R540
新埤,22.467947,120.582894,-1.79,20.2,-10.88,71.0,0.0,-0.19,C0R550
新園,22.5434,120.461558,-0.57,21.6,-13.79,65.0,0.0,0.0,C0R560
麟洛,22.65078,120.52719,-0.47,22.1,-3.96,73.0,0.0,0.0,C0R570
南州,22.48591,120.50274,-1.57,20.5,-6.79,74.0,0.0,-0.02,C0R580
里港,22.77919,120.49459,-2.01,20.0,-4.08,74.0,0.0,0.0,C0R590
舊泰武,22.588194,120.664944,-1.37,17.2,-10.17,77.0,0.0,-0.19,C0R600
墾雷,21.900836,120.855269,-0.88,22.7,-0.87,77.0,0.0,-0.2,C0R620
東港,22.46247,120.44074,-1.06,21.6,-7.11,70.0,0.0,0.0,C0R640
竹田,22.58486,120.54344,-1.47,20.6,-10.89,70.0,0.0,-0.06,C0R650
枋寮,22.367722,120.590647,-0.46,20.9,-2.0,77.0,0.0,-0.3,C0R660
楓港,22.190131,120.692156,-0.78,21.4,5.0,67.0,0.0,0.0,C0R670
佳樂水,21.993578,120.861633,0.58,22.9,-5.4,67.0,0.0,-0.1,C0R680
墾丁,21.966756,120.810269,0.82,20.4,-4.6,76.0,0.0,-0.1,C0R690
枋山,22.246844,120.661086,-1.48,20.5,11.0,74.0,0.0,-1.3,C0R700
龍磐,21.931672,120.838942,-0.37,21.8,-7.67,74.0,0.0,0.0,C0R710
旭海,22.205403,120.887614,0.38,20.4,11.0,90.0,0.0,-1.2,C0R720
大坪頂,22.024633,120.69355,-0.93,20.5,10.33,83.0,0.0,-0.17,C0R730
獅子,22.201569,120.70525,-1.0,21.7,2.33,68.0,0.0,-0.17,C0R740
四林格山,22.076989,120.802439,0.97,18.4,-12.67,83.0,0.0,-2.0,C0R750
南仁湖,22.084681,120.863353,-0.3,19.3,-2.0,85.0,0.0,-0.17,C0R760
保力,22.071122,120.764111,-1.7,20.0,6.0,81.0,0.0,-0.33,C0R770
滿州,22.024403,120.839892,-0.67,21.6,-3.33,72.0,0.0,-0.17,C0R780
九棚,22.14195,120.889281,-0.27,21.7,-9.33,69.0,0.0,-0.33,C0R790
丹路,22.204481,120.750989,-0.97,20.6,3.67,75.0,0.0,-0.17,C0R800
內獅,22.305064,120.642986,-1.13,21.0,5.67,89.0,0.0,-2.17,C0R810
白鷺,22.454275,120.666219,-0.9,17.8,-6.0,80.0,0.0,-0.17,C0R820
高士,22.121825,120.836781,0.0,18.9,-7.0,80.0,0.0,-2.5,C0R830
牡丹池山,22.168389,120.841225,-0.1,17.3,-7.0,89.0,0.0,-0.83,C0R840
太麻里,22.60902,120.98533,-0.1,18.3,-0.17,78.0,0.0,-2.56,C0S690
知本,22.684866,121.005642,-1.14,16.9,4.0,87.0,0.0,-6.54,C0S700
鹿野,22.917711,121.122994,-0.06,18.2,-4.0,80.0,0.0,-4.48,C0S710
綠島,22.6672,121.47533,0.38,21.9,-1.67,82.0,0.0,-3.21,C0S730
池上,23.119628,121.209469,-1.33,17.4,-2.0,84.0,0.0,-4.57,C0S740
大溪山,22.478475,120.943325,-1.34,17.8,4.0,83.0,0.0,-3.98,C0S770
金崙,22.538122,120.966875,-0.22,20.1,-3.0,75.0,0.0,-4.72,C0S790
東河,22.972672,121.303986,-1.37,20.6,-0.5,74.0,0.0,-3.43,C0S810
長濱,23.286817,121.411975,0.61,20.5,-12.83,68.0,0.0,-6.61,C0S830
南田,22.279725,120.889208,-1.89,20.9,17.33,94.0,0.0,-3.45,C0S840
關山,23.0395,121.175017,-1.42,18.4,0.0,82.0,0.0,-0.47,C0S890
蘭嶼高中,22.04909,121.51214,-0.51,23.0,-7.0,66.0,0.0,-3.06,C0S900
蘭嶼燈塔,22.081197,121.503117,0.29,22.0,-14.89,69.0,0.0,-1.72,C0S910
金峰嘉蘭,22.594789,120.960825,-0.67,19.6,5.67,79.0,0.0,-0.08,C0S920
延平,22.902581,121.084058,0.12,19.0,0.0,76.0,0.0,-0.08,C0S930
石寧山,23.223772,121.406639,0.53,19.7,-3.83,76.0,0.0,-1.75,C0S940
香蘭,22.587569,120.993375,0.18,21.5,7.4,73.0,0.0,0.0,C0S960
加津林,22.416211,120.926942,-0.37,21.4,3.33,71.0,0.0,-0.42,C0S970
勝林山,22.430439,120.8938,0.37,14.3,-2.0,93.0,0.0,-0.83,C0S980
山豬窟,22.318619,120.857372,0.33,18.8,-3.17,76.0,0.0,-1.0,C0S990
歷坵,22.520969,120.89185,-0.3,17.2,8.0,87.0,0.0,0.0,C0SA00
檳榔四格山,22.810031,121.109308,0.83,18.5,-3.0,81.0,0.0,-0.08,C0SA10
金崙山,22.567419,120.959667,0.45,14.8,-1.5,90.0,0.0,-0.33,C0SA20
都歷,23.020333,121.323642,1.55,21.5,12.83,86.0,0.0,-1.67,C0SA30
瑞和,22.974361,121.156697,-0.88,17.9,8.83,88.0,0.0,-0.17,C0SA40
知本（水試所）,22.702394,121.082761,-0.93,20.8,2.0,74.0,0.0,0.0,C0SA60
土坂,22.453108,120.887572,-0.58,19.7,10.33,82.0,0.0,-0.08,C0SA80
達仁林場,22.264347,120.823972,0.3,18.2,-7.0,81.0,0.0,-0.83,C0SA90
大禹嶺,24.186117,121.316086,-0.3,6.6,-9.57,66.0,0.0,-3.69,C0T790
天祥,24.179597,121.495639,-0.88,15.3,0.18,85.0,0.0,-12.46,C0T820
鯉魚潭,23.935639,121.508944,-1.5,17.0,-0.67,87.0,0.0,-7.72,C0T870
西林,23.8119,121.441458,0.3,19.1,-6.25,75.0,0.0,-3.74,C0T900
光復,23.660694,121.424964,-0.98,18.1,-5.58,84.0,0.0,-8.41,C0T960
月眉山,23.809928,121.539828,0.69,17.9,-12.33,79.0,0.0,-5.64,C0T9A0
水源,23.991861,121.537169,0.5,17.5,-6.75,79.0,0.0,-8.1,C0T9B0
和中,24.26676,121.74103,-0.74,19.6,13.82,95.0,0.0,-7.55,C0T9D0
大坑,23.880628,121.581981,0.53,18.1,-9.42,78.0,0.0,-5.2,C0T9E0
水璉,23.797131,121.542514,0.13,19.5,-8.08,75.0,0.0,-6.28,C0T9F0
鳳林山,23.735269,121.420131,0.04,17.5,-11.17,79.0,0.0,-11.49,C0T9G0
加路蘭山,23.682947,121.5274,1.71,17.5,-4.5,88.0,0.0,-4.62,C0T9H0
靜浦,23.455167,121.495028,-0.13,20.1,-9.0,75.0,0.0,-5.9,C0T9M0
雙連埤,24.753033,121.641303,0.09,15.4,-9.0,85.0,0.0,-9.86,C0U520
礁溪,24.817539,121.765608,0.49,19.6,-8.67,77.0,0.0,-4.54,C0U600
玉蘭,24.675286,121.587061,1.35,17.9,-14.36,73.0,0.0,-11.64,C0U650
太平山,24.505486,121.525656,1.99,10.4,-16.22,68.0,0.0,-11.93,C0U710
南山,24.43742,121.38167,0.76,13.1,-6.0,79.0,0.0,-4.83,C0U720
東澳,24.52196,121.83318,-0.47,19.1,5.11,92.0,0.0,-22.12,C0U760
南澳,24.44935,121.81022,-0.23,19.9,-2.73,77.0,0.0,-4.96,C0U770
五結,24.68637,121.79794,0.62,19.6,-9.36,74.0,0.0,-14.61,C0U780
頭城,24.85323,121.8308,0.38,20.1,-5.5,80.0,0.0,-3.42,C0U860
大礁溪,24.791042,121.675047,1.43,18.0,-9.75,78.0,0.0,-13.75,C0U870
三星,24.66812,121.65302,0.45,18.9,-3.08,84.0,0.0,-24.83,C0U890
內城,24.71813,121.68766,0.86,19.6,-10.5,77.0,0.0,-20.38,C0U900
冬山,24.63373,121.7937,0.6,19.7,3.83,91.0,0.0,-47.58,C0U910
羅東,24.68184,121.74934,1.09,19.7,-11.17,76.0,0.0,-21.05,C0U940
鶯子嶺,24.89754,121.79244,0.48,13.4,-3.92,91.0,0.0,-13.96,C0U950
翠峰湖,24.510856,121.608044,0.57,8.6,-21.11,71.0,0.0,-18.72,C0U960
大福,24.80064,121.81389,0.15,19.8,-11.42,76.0,0.0,-6.46,C0U970
坪林石牌,24.86478,121.77396,1.03,16.8,-8.75,87.0,0.0,-4.08,C0U980
員山,24.74435,121.72247,0.62,19.7,-7.17,79.0,0.0,-20.29,C0U990
土場,24.576533,121.495333,0.26,16.7,-10.33,80.0,0.0,-10.11,C0UA00
鴛鴦湖,24.590269,121.412228,0.54,9.9,-2.22,91.0,0.0,-27.56,C0UA10
白嶺,24.527819,121.519031,0.77,12.2,-5.11,85.0,0.0,-7.67,C0UA30
西德山,24.560647,121.752608,1.0,13.8,0.22,90.0,0.0,-39.39,C0UA40
西帽山,24.555361,121.802628,1.13,15.3,-9.67,83.0,0.0,-62.56,C0UA50
樟樹山,24.41393,121.78325,1.08,17.2,7.56,93.0,0.0,-17.56,C0UA60
桃源谷,24.962606,121.888875,1.83,17.6,-4.22,87.0,0.0,-12.17,C0UA70
復興,23.222403,120.806089,-2.24,16.6,-0.04,74.0,0.0,-0.29,C0V210
美濃,22.898742,120.519153,-0.32,20.9,-6.71,73.0,0.0,-1.1,C0V310
溪埔,22.738578,120.446797,-2.01,19.6,-1.71,77.0,0.0,0.0,C0V350
內門,22.975481,120.466769,-1.07,19.4,-3.38,77.0,0.0,0.0,C0V360
古亭坑,22.893178,120.401947,-1.73,18.6,-2.12,81.0,0.0,-0.87,C0V370
阿公店,22.804194,120.355528,-1.47,19.6,-6.04,74.0,0.0,0.0,C0V400
鳳山,22.646653,120.356122,-1.7,20.5,1.12,75.0,0.0,0.0,C0V440
鳳森,22.545064,120.392592,-1.25,20.8,-7.79,68.0,0.0,-0.02,C0V450
新興,22.627422,120.298803,-0.07,21.9,-9.0,63.0,0.0,-0.01,C0V490
阿蓮,22.883208,120.327508,-0.22,21.0,-8.92,69.0,0.0,0.0,C0V530
梓官,22.760558,120.267211,-0.8,20.7,-7.29,69.0,0.0,0.0,C0V610
永安,22.82315,120.236856,-1.35,20.0,-4.83,73.0,0.0,-0.02,C0V620
茄萣,22.906642,120.182608,-0.41,20.8,-0.48,73.0,0.0,0.0,C0V630
湖內,22.887139,120.2445,-1.85,19.4,-2.67,74.0,0.0,-0.02,C0V640
彌陀,22.783806,120.246361,-0.73,20.9,-5.88,71.0,0.0,0.0,C0V650
岡山,22.797078,120.294958,-0.52,21.4,-5.71,68.0,0.0,0.0,C0V660
仁武,22.701083,120.347722,-1.05,21.1,-2.21,74.0,0.0,0.0,C0V680
鼓山,22.623325,120.275575,-1.23,20.9,-8.46,68.0,0.0,0.0,C0V690
三民,22.645017,120.311233,-0.92,21.8,-5.29,65.0,0.0,0.0,C0V700
苓雅,22.622742,120.330669,-0.35,22.2,-0.42,69.0,0.0,0.0,C0V710
林園,22.507747,120.394511,-0.53,22.8,-6.46,64.0,0.0,0.0,C0V720
大寮,22.605614,120.395717,-1.42,21.2,-5.71,67.0,0.0,-0.04,C0V730
旗山,22.888614,120.483597,-1.08,20.5,-3.17,73.0,0.0,0.0,C0V740
路竹,22.854997,120.259439,-0.61,21.1,-2.96,71.0,0.0,0.0,C0V750
橋頭,22.757806,120.30575,-0.95,21.2,-5.54,70.0,0.0,0.0,C0V760
大社,22.730306,120.346639,-1.34,20.5,-1.38,73.0,0.0,0.0,C0V770
萬山,22.905944,120.688056,-1.64,18.8,-7.88,68.0,0.0,-0.33,C0V790
六龜,22.997889,120.633583,-1.53,19.8,0.62,78.0,0.0,-0.15,C0V800
左營,22.67491,120.28491,-1.29,20.8,-11.61,67.0,0.0,0.0,C0V810
小林,23.148408,120.63325,-1.35,18.0,-3.33,75.0,0.0,0.0,C0V820
東莒,25.9652,119.98069,1.55,17.5,-1.67,75.0,0.0,0.0,C0W110
金沙,24.488292,118.408778,-0.03,18.2,2.2,69.0,0.0,0.0,C0W140
金寧,24.457703,118.328989,-0.57,18.3,-1.67,66.0,0.0,0.0,C0W150
東河,23.296598,120.385608,-1.84,19.2,-9.28,71.0,0.0,0.0,C0X050
下營,23.22695,120.256261,-1.59,19.2,-6.28,74.0,0.0,0.0,C0X060
佳里,23.173039,120.145086,-1.01,19.5,0.33,79.0,0.0,-0.64,C0X080
臺南市北區,23.010394,120.194228,-0.46,20.8,-0.29,73.0,0.0,-0.02,C0X100
臺南市南區,22.961189,120.188378,-0.85,20.9,-2.88,70.0,0.0,-0.02,C0X110
麻豆,23.183289,120.248611,-0.08,20.7,-0.42,79.0,0.0,-0.02,C0X120
官田,23.193217,120.315422,-0.74,20.4,-4.58,73.0,0.0,-0.04,C0X130
西港,23.125608,120.203108,-1.08,19.7,0.08,79.0,0.0,0.0,C0X140
安定,23.102614,120.227839,-0.71,19.8,-1.04,81.0,0.0,-0.02,C0X150
仁德,22.968258,120.257689,-0.53,21.0,-1.92,73.0,0.0,-0.02,C0X160
關廟,22.963017,120.327797,-1.98,19.2,-0.29,75.0,0.0,0.0,C0X170
山上,23.0757,120.363253,-0.73,19.9,-5.46,75.0,0.0,-0.02,C0X180
安平,22.993161,120.152181,-0.72,20.4,-4.5,73.0,0.0,-0.02,C0X190
左鎮,23.056758,120.408522,-0.58,19.6,-5.24,77.0,0.0,-0.02,C0X200
白河,23.347466,120.414427,-1.46,19.6,-6.33,72.0,0.0,-0.03,C0X210
學甲,23.230367,120.182187,-0.77,19.9,-4.0,75.0,0.0,-0.03,C0X220
鹽水,23.272621,120.247641,-1.41,19.1,-4.17,77.0,0.0,0.0,C0X230
關子嶺,23.331169,120.508025,-1.68,17.4,-6.17,80.0,0.0,0.0,C0X240
新營,23.310689,120.316681,-1.11,19.9,-3.94,74.0,0.0,0.0,C0X250
後壁,23.366358,120.362326,-1.28,19.5,-6.33,73.0,0.0,0.0,C0X260
將軍,23.214999,120.13577,-1.48,19.3,-2.06,77.0,0.0,0.0,C0X280
北門,23.267772,120.125481,-0.89,19.8,0.8,80.0,0.0,0.0,C0X290
鹿寮,23.386047,120.477331,-1.37,19.2,-2.0,80.0,0.0,0.0,C0X300
柳營,23.253328,120.375253,-1.53,19.3,2.67,74.0,0.0,0.0,C0X320
明里,23.208717,121.262342,-1.07,17.6,1.64,85.0,0.0,-1.05,C0Z020
佳心,23.34567,121.21316,-0.66,14.6,12.91,98.0,0.0,-7.21,C0Z050
玉里,23.3215,121.339656,-0.46,18.2,-0.73,84.0,0.0,-1.45,C0Z061
舞鶴,23.46811,121.37407,0.03,18.3,4.0,94.0,0.0,-8.25,C0Z070
富源,23.587642,121.378225,0.18,18.1,-10.18,81.0,0.0,-3.15,C0Z080
東華,23.89525,121.549833,-0.81,19.3,1.17,85.0,0.0,-1.19,C0Z100
吉安光華,23.930925,121.595153,-0.63,19.9,-17.08,69.0,0.0,-1.38,C0Z150
鳳林,23.746114,121.453411,-0.88,18.7,-7.75,77.0,0.0,-1.83,C0Z160
卓溪,23.3443,121.3029,-1.25,18.4,-0.92,79.0,0.0,-1.67,C0Z170
富世,24.14743,121.6297,-0.12,20.8,-10.83,68.0,0.0,-1.92,C0Z190
萬榮,23.709219,121.420106,-0.7,18.5,-6.83,79.0,0.0,-2.62,C0Z200
瑞穗,23.5239,121.39021,-0.77,18.3,-2.42,84.0,0.0,-2.42,C0Z210
和平林道,24.343922,121.656317,-0.28,16.0,-5.0,79.0,0.0,-3.89,C0Z220
和平,24.30717,121.77007,-0.71,19.9,-4.08,68.0,0.0,-8.88,C0Z230
瑞穗林道,23.49284,121.30688,0.93,14.6,-0.83,93.0,0.0,-4.75,C0Z250
蕃薯寮,23.73835,121.540108,0.08,18.4,-16.08,74.0,0.0,-2.88,C0Z270
德武,23.47426,121.41071,-1.05,18.0,-6.0,83.0,0.0,-1.54,C0Z280
赤柯山,23.36893,121.38293,-0.51,14.3,-0.42,92.0,0.0,-6.08,C0Z290
東里,23.26853,121.30547,-1.22,18.2,-6.67,82.0,0.0,-0.92,C0Z300
清水斷崖,24.218294,121.689142,0.19,20.7,-2.78,71.0,0.0,-4.28,C0Z310
清水林道,23.27125,121.188272,-0.38,15.2,-6.44,81.0,0.0,-2.06,C0Z320
安通山,23.290728,121.348528,-0.09,17.2,-4.67,82.0,0.0,-1.28,C0Z330
口湖工作站,23.589978,120.180394,-0.12,19.1,7.17,74.0,0.0,0.0,12J990
東港工作站,22.479997,120.466058,-1.22,21.2,-4.8,61.0,0.0,0.0,12Q970
恆春工作站,22.079678,120.714425,-0.93,22.2,3.44,64.0,0.0,0.0,12Q980
萬大發電廠,23.978875,121.139639,-2.14,13.7,-6.12,73.0,0.0,0.0,42HA10
桃改樹林分場,24.944503,121.386972,1.43,18.9,-13.67,74.0,0.0,-13.83,72AI40
桃園農改場,24.950944,121.030583,-0.15,18.4,-0.19,79.0,0.0,-0.69,72C440
桃改五峰分場,24.612194,121.157167,0.61,14.3,-9.68,74.0,0.0,-1.83,72D080
桃改新埔分場,24.834444,121.066111,-0.5,17.4,1.33,81.0,0.0,-0.5,72D680
臺中農改場,24.003028,120.534389,-1.29,18.5,6.92,84.0,0.0,-0.52,72G600
中改埔里分場,23.903208,120.963364,-1.5,15.3,-1.5,82.0,0.0,0.0,72HA00
南改斗南分場,23.634556,120.477333,-1.26,18.4,-0.42,79.0,0.0,-0.71,72K220
南改義竹分場,23.360694,120.279361,-1.3,18.5,-0.58,78.0,0.0,-0.81,72M360
南改鹿草分場,23.416869,120.283061,-0.83,18.7,9.0,79.0,0.0,0.0,72M700
臺南農改場,23.0605,120.342194,-2.11,18.4,2.5,81.0,0.0,-0.01,72N100
七股研究中心,23.081672,120.062894,0.55,20.3,1.67,76.0,0.0,0.0,72N240
高雄農改場,22.709333,120.525889,-1.62,20.3,-0.75,76.0,0.0,-1.47,72Q010
東改班鳩分場,22.829528,121.077694,-1.91,17.9,4.26,81.0,0.0,-5.58,72S200
東改賓朗果園,22.813889,121.071278,-1.61,17.7,3.98,84.0,0.0,-6.51,72S590
花蓮農改場,23.975222,121.563889,-0.12,19.9,-3.38,76.0,0.0,-4.78,72T250
花改蘭陽分場,24.686306,121.716583,0.7,19.6,-8.25,73.0,0.0,-12.25,72U480
高改旗南分場,22.857861,120.516667,-2.49,19.2,1.6,75.0,0.0,-0.83,72V140
茶改北部分場,24.955778,121.631222,1.17,17.6,-5.64,78.0,0.0,-6.79,82A750
茶改場,24.908472,121.185333,0.3,18.1,-8.8,73.0,0.0,-2.66,82C160
茶改中部分場,23.875611,120.913583,-2.3,15.4,-1.8,79.0,0.0,-1.74,82H320
茶改南部分場,23.762528,120.7405,-1.51,17.1,-5.86,78.0,0.0,-0.66,82H840
茶改東部分場,22.907694,121.130139,-1.78,18.4,1.17,80.0,0.0,-6.16,82S580
農工中心,24.985917,121.239833,0.66,19.0,-3.9,70.0,0.0,-1.13,A2C560
水試臺西試驗場,23.717231,120.190522,-1.58,19.5,1.09,82.0,0.0,-1.1,A2K360
臺大雲林校區,23.730628,120.423903,-1.93,18.0,11.33,83.0,0.0,0.0,A2K630
臺南蘭花園區,23.340258,120.379661,-1.63,18.9,8.0,80.0,0.0,0.0,A2N290
畜試北區分所,24.527806,120.770972,-1.83,17.0,7.67,84.0,0.0,0.0,B2E890
畜產試驗所,23.058972,120.336406,-1.57,18.5,1.37,81.0,0.0,-0.77,B2N890
畜試南區分所,21.945583,120.802167,-0.98,22.3,-4.68,66.0,0.0,-2.75,B2Q810
畜試東區分所,24.669039,121.832561,1.13,19.4,-7.67,80.0,0.0,-32.0,B2U990
蓮華池,23.918333,120.885278,-1.95,15.1,0.28,84.0,0.0,-0.56,E2H360
林試畢祿溪站,24.226944,121.308522,-1.23,6.9,-11.0,74.0,0.0,-0.17,E2HA20
四湖植物園,23.676986,120.163433,-1.6,18.9,6.62,90.0,0.0,0.0,E2K600
林試六龜中心,22.991703,120.645722,-2.6,18.1,-2.0,80.0,0.0,-0.17,E2P980
林試太麻里2,22.598,120.99775,-1.6,20.6,4.0,71.0,0.0,0.0,E2S960
林試太麻里1,22.598922,120.980044,-1.2,20.0,3.33,72.0,0.0,0.0,E2S980
農試所(霧峰),24.031261,120.688133,-1.27,18.7,3.43,82.0,0.0,-0.41,G2F820
農試嘉義分所,23.485028,120.473806,-0.13,18.6,-0.29,78.0,0.0,-0.37,G2L020
農試溪口農場,23.58565,120.408111,-1.01,19.0,-3.78,76.0,0.0,-0.17,G2M350
農試鳳山分所,22.646611,120.356083,-1.31,20.6,-3.09,69.0,0.0,-0.09,G2P820
苗栗農改場,24.495722,120.829111,-0.86,17.4,2.11,82.0,0.0,-0.37,K2E360
苗改生物防治研究中心,24.422861,120.871833,-0.96,15.9,3.14,82.0,0.0,0.0,K2E710
種苗改良場,24.225972,120.800917,-0.81,16.4,3.94,80.0,0.0,-1.4,K2F750
溪頭,23.670306,120.798194,-2.56,11.7,0.74,85.0,0.0,-0.65,U2H480
臺大和社,23.590856,120.888864,-1.25,15.0,-0.33,77.0,0.0,0.0,U2HA30
臺大內茅埔,23.689722,120.851117,-1.65,16.1,-1.0,77.0,0.0,0.0,U2HA40
臺大竹山,23.756972,120.681556,-1.4,18.6,-3.44,74.0,0.0,0.0,U2HA50
臺大竹山,23.756972,120.681556,-1.4,18.6,-3.44,74.0,0.0,0.0,U2HA50
臺大內茅埔,23.689722,120.851117,-1.65,16.1,-1.0,77.0,0.0,0.0,U2HA40
臺大和社,23.590856,120.888864,-1.25,15.0,-0.33,77.0,0.0,0.0,U2HA30
臺大溪頭,23.670306,120.798194,-2.56,11.7,0.74,85.0,0.0,-0.65,U2H480
種苗繁殖,24.225972,120.800917,-0.81,16.4,3.94,80.0,0.0,-1.4,K2F750
苗改生物防治研究中心,24.422861,120.871833,-0.96,15.9,3.14,82.0,0.0,0.0,K2E710
苗栗農改,24.495722,120.829111,-0.86,17.4,2.11,82.0,0.0,-0.37,K2E360
農試鳳山分所,22.646611,120.356083,-1.31,20.6,-3.09,69.0,0.0,-0.09,G2P820
農試溪口農場,23.58565,120.408111,-1.01,19.0,-3.78,76.0,0.0,-0.17,G2M350
農試嘉義分所,23.485028,120.473806,-0.13,18.6,-0.29,78.0,0.0,-0.37,G2L020
農業試驗所,24.031261,120.688133,-1.27,18.7,3.43,82.0,0.0,-0.41,G2F820
林試太麻里1,22.598922,120.980044,-1.2,20.0,3.33,72.0,0.0,0.0,E2S980
林試太麻里2,22.598014,120.989761,-1.6,20.6,4.0,71.0,0.0,0.0,E2S960
林試六龜中心,22.991703,120.645722,-2.6,18.1,-2.0,80.0,0.0,-0.17,E2P980
四湖植物園,23.676986,120.163433,-1.6,18.9,6.62,90.0,0.0,0.0,E2K600
林試畢祿溪站,24.226944,121.308522,-1.23,6.9,-11.0,74.0,0.0,-0.17,E2HA20
蓮華池,23.918333,120.885278,-1.95,15.1,0.28,84.0,0.0,-0.56,E2H360
畜試東區分所,24.669039,121.832561,1.13,19.4,-7.67,80.0,0.0,-32.0,B2U990
畜試南區分所,21.945583,120.802167,-0.98,22.3,-4.68,66.0,0.0,-2.75,B2Q810
畜試所,23.058972,120.336406,-1.57,18.5,1.37,81.0,0.0,-0.77,B2N890
畜試北區分所,24.527806,120.770972,-1.83,17.0,7.67,84.0,0.0,0.0,B2E890
臺南蘭花園區,23.340258,120.379661,-1.63,18.9,8.0,80.0,0.0,0.0,A2N290
臺大雲林校區,23.730628,120.423903,-1.93,18.0,11.33,83.0,0.0,0.0,A2K630
水試臺西試驗場,23.717231,120.190522,-1.58,19.5,1.09,82.0,0.0,-1.1,A2K360
農工中心,24.985917,121.239833,0.66,19.0,-3.9,70.0,0.0,-1.13,A2C560
茶改東部分場,22.907694,121.130139,-1.78,18.4,1.17,80.0,0.0,-6.16,82S580
茶改南部分場,23.762528,120.7405,-1.51,17.1,-5.86,78.0,0.0,-0.66,82H840
茶改中部分場,23.875611,120.913583,-2.3,15.4,-1.8,79.0,0.0,-1.74,82H320
茶改場,24.908472,121.185333,0.3,18.1,-8.8,73.0,0.0,-2.66,82C160
茶改北部分場,24.955778,121.631222,1.17,17.6,-5.64,78.0,0.0,-6.79,82A750
高改旗南分場,22.857861,120.516667,-2.49,19.2,1.6,75.0,0.0,-0.83,72V140
花改蘭陽分場,24.686306,121.716583,0.7,19.6,-8.25,73.0,0.0,-12.25,72U480
花蓮農改,23.975222,121.563889,-0.12,19.9,-3.38,76.0,0.0,-4.78,72T250
東改賓朗果園,22.813889,121.071278,-1.61,17.7,3.98,84.0,0.0,-6.51,72S590
東改班鳩分場,22.829528,121.077694,-1.91,17.9,4.26,81.0,0.0,-5.58,72S200
高雄農改,22.709333,120.525889,-1.62,20.3,-0.75,76.0,0.0,-1.47,72Q010
七股研究中心,23.081672,120.062894,0.55,20.3,1.67,76.0,0.0,0.0,72N240
臺南農改,23.0605,120.342194,-2.11,18.4,2.5,81.0,0.0,-0.01,72N100
南改鹿草分場,23.416869,120.283061,-0.83,18.7,9.0,79.0,0.0,0.0,72M700
南改義竹分場,23.360694,120.279361,-1.3,18.5,-0.58,78.0,0.0,-0.81,72M360
南改斗南分場,23.634556,120.477333,-1.26,18.4,-0.42,79.0,0.0,-0.71,72K220
中改埔里分場,23.903208,120.963364,-1.5,15.3,-1.5,82.0,0.0,0.0,72HA00
臺中農改,24.003028,120.534389,-1.29,18.5,6.92,84.0,0.0,-0.52,72G600
桃改新埔分場,24.834444,121.066111,-0.5,17.4,1.33,81.0,0.0,-0.5,72D680
桃改五峰分場,24.612194,121.157167,0.61,14.3,-9.68,74.0,0.0,-1.83,72D080
桃園農改,24.950944,121.030583,-0.15,18.4,-0.19,79.0,0.0,-0.69,72C440
桃改樹林分場,24.944503,121.386972,1.43,18.9,-13.67,74.0,0.0,-13.83,72AI40
萬大發電廠,23.978875,121.139639,-2.14,13.7,-6.12,73.0,0.0,0.0,42HA10
恆春工作站,22.079678,120.714425,-0.93,22.2,3.44,64.0,0.0,0.0,12Q980
東港工作站,22.479997,120.466058,-1.22,21.2,-4.8,61.0,0.0,0.0,12Q970
口湖工作站,23.589978,120.180394,-0.12,19.1,7.17,74.0,0.0,0.0,12J990
