站名,緯度,經度,平均溫距平,本年度平均溫,平均溼度距平,本年度日均相對溼度,本年度日均降水量,日均降水量距平,站號
淡水,25.164889,121.448906,0.88,22.09,1.66,80.81,2.76,-1.31,466900
鞍部,25.182586,121.529731,0.75,16.33,6.18,98.15,23.49,6.05,466910
臺北,25.037658,121.514853,0.65,22.71,5.44,80.74,1.72,-1.82,466920
竹子湖,25.162078,121.544547,0.75,18.01,7.07,94.81,21.22,6.23,466930
基隆,25.133314,121.740475,0.81,22.41,5.22,82.3,17.47,3.27,466940
花蓮,23.975128,121.613275,1.03,23.66,4.36,80.07,3.01,-2.65,466990
新屋,25.006744,121.047486,0.42,22.13,3.18,81.56,2.68,1.24,467050
宜蘭,24.763975,121.756528,0.58,21.79,7.56,90.04,15.35,4.19,467080
金門,24.407306,118.289281,1.19,21.71,1.94,72.33,0.29,-1.43,467110
田中,23.873803,120.581286,0.13,23.57,5.56,85.63,2.19,2.13,467270
澎湖,23.565503,119.563094,0.57,23.35,3.97,80.56,0.76,-0.36,467350
臺南,22.993239,120.204772,0.54,24.22,3.47,77.96,4.7,3.59,467410
永康,23.038386,120.2367,1.03,24.1,6.0,79.85,3.78,2.88,467420
嘉義,23.495925,120.432906,1.02,23.29,6.77,85.3,2.09,1.17,467480
臺中,24.145736,120.684075,1.18,23.93,3.28,75.63,2.22,1.16,467490
阿里山,23.508208,120.813242,1.32,12.29,5.59,88.3,6.36,3.53,467530
大武,22.355675,120.903789,0.79,25.12,4.59,76.0,5.6,2.06,467540
玉山,23.487614,120.959522,1.06,5.2,-0.95,65.7,5.35,1.4,467550
新竹,24.827853,121.014219,0.93,22.64,5.15,80.48,1.37,-0.85,467571
恆春,22.003897,120.746339,0.8,25.67,3.02,73.59,3.11,0.63,467590
成功,23.097486,121.373428,1.0,24.03,4.39,79.74,5.37,-0.2,467610
日月潭,23.881325,120.90805,1.5,20.23,10.03,89.85,1.62,0.01,467650
臺東,22.752211,121.154586,0.86,24.56,4.68,77.44,7.65,3.45,467660
馬祖,26.169269,119.923419,0.72,18.97,3.47,83.7,2.13,-0.02,467990
山佳,24.974944,121.402008,0.49,22.19,3.73,82.81,2.0,-1.43,C0A520
坪林,24.938183,121.70975,0.31,19.15,-0.32,91.96,6.72,-0.45,C0A530
泰平,24.971197,121.823711,0.98,18.85,3.77,99.19,31.67,8.33,C0A550
桶後,24.848222,121.597992,1.19,19.39,1.52,95.52,8.74,-0.76,C0A570
石碇,24.993969,121.662917,0.94,20.45,0.3,90.2,8.4,1.28,C0A640
大坪,25.165914,121.632969,1.7,20.06,3.23,96.04,42.89,12.32,C0A860
五指山,25.132153,121.608692,1.84,18.34,2.0,97.22,24.7,9.81,C0A870
雙溪,25.036003,121.864242,2.18,22.15,-2.68,89.86,20.14,2.69,C0A890
三和,25.233153,121.595236,5.09,25.08,3.59,93.19,30.43,12.69,C0A931
金山,25.223628,121.643967,1.73,22.54,-0.05,84.33,10.33,1.38,C0A940
鼻頭角,25.129036,121.923372,0.78,22.18,4.31,87.41,5.39,-0.22,C0A950
三貂角,25.007606,122.002058,0.85,22.0,5.9,88.93,7.46,-2.22,C0A970
社子,25.109508,121.469681,1.49,23.56,3.95,80.48,0.78,-1.53,C0A980
天母,25.117494,121.537169,0.86,22.93,-1.32,73.07,1.17,-1.43,C0A9C0
內湖,25.079422,121.57545,0.48,22.34,18.09,97.04,2.44,-0.93,C0A9F0
大屯山,25.175675,121.522408,1.54,15.86,2.97,99.65,13.46,2.64,C0AC40
三峽,24.939025,121.369728,1.68,23.49,3.2,82.85,1.67,-2.14,C0AC60
信義,25.037822,121.564597,1.48,23.12,3.5,84.26,3.3,0.05,C0AC70
文山,25.00235,121.575728,0.61,21.96,-0.17,83.33,3.65,-0.24,C0AC80
新莊,25.051478,121.446756,0.19,22.6,5.15,79.59,1.11,-1.64,C0ACA0
八里,25.150211,121.403947,0.47,22.49,12.56,89.26,1.91,-1.06,C0AD10
蘆洲,25.086594,121.472331,0.95,23.63,1.35,76.26,0.8,-1.61,C0AD30
土城,24.973208,121.445169,0.58,22.18,5.41,84.89,1.7,-2.11,C0AD40
鶯歌,24.951533,121.346294,1.24,22.89,3.69,85.48,1.35,-1.7,C0AD50
汐止,25.066881,121.658778,0.24,21.8,-0.54,85.62,10.94,2.46,C0AH00
永和,25.01125,121.508111,0.9,23.22,2.97,81.74,1.7,-0.26,C0AH10
五分山,25.07125,121.780794,1.03,17.83,0.08,97.6,26.68,5.23,C0AH30
平等,25.129142,121.577086,0.37,19.61,-1.97,86.33,8.22,1.7,C0AH40
林口,25.072181,121.38084,0.49,20.85,-4.87,86.96,0.69,-0.85,C0AH50
松山,25.04871,121.55042,0.07,22.45,0.66,72.48,2.0,-0.1,C0AH70
深坑,25.002703,121.628328,-0.63,20.2,-0.55,85.45,5.04,1.02,C0AH80
福山植物園,24.760717,121.58135,1.02,17.86,3.22,99.07,22.94,9.29,C0AH90
五股,25.07445,121.42728,-0.83,20.84,-3.21,84.37,0.94,0.09,C0AI00
屈尺,24.92184,121.54475,0.88,21.98,-5.79,78.19,5.89,2.26,C0AI10
白沙灣,25.283128,121.519058,0.56,21.97,3.04,86.37,2.25,-0.43,C0AI20
三重,25.057328,121.500629,0.45,22.96,1.57,80.89,0.91,0.77,C0AI30
石牌,25.115597,121.513139,1.07,24.0,10.09,76.7,0.63,0.38,C0AI40
七堵,25.094819,121.71713,1.51,22.94,-1.97,85.33,21.22,10.51,C0B010
基隆嶼,25.19141,121.78391,0.64,21.68,13.44,93.56,7.61,4.81,C0B020
復興,24.820208,121.352281,1.36,20.57,1.54,80.67,1.41,-2.38,C0C460
桃園,24.992425,121.323172,0.63,22.19,4.19,79.44,2.09,-0.42,C0C480
八德,24.928708,121.283289,0.26,21.67,2.25,81.41,1.83,-2.16,C0C490
觀音,25.027072,121.153317,0.45,21.27,5.44,85.26,2.89,-1.0,C0C590
蘆竹,25.084275,121.265767,0.03,21.63,8.03,88.11,1.98,-1.64,C0C620
大溪,24.882853,121.265547,0.79,21.05,5.01,84.04,1.3,-1.93,C0C630
平鎮,24.897503,121.214636,1.09,21.14,3.37,84.81,1.48,-1.88,C0C650
楊梅,24.912375,121.143047,0.32,21.4,2.97,81.37,1.75,-0.24,C0C660
龍潭,24.870056,121.221389,0.56,20.82,3.95,84.67,1.57,-0.62,C0C670
龜山,25.02846,121.38656,0.36,20.63,4.32,86.81,1.81,-0.04,C0C680
中壢,24.977661,121.256375,0.4,21.54,4.41,81.67,1.67,0.88,C0C700
大溪永福,24.892936,121.324975,0.76,21.39,3.74,86.93,1.74,0.96,C0C710
梅花,24.678347,121.208558,1.36,20.19,2.84,84.26,0.59,-1.88,C0D360
峨眉,24.6905,121.017189,1.27,22.25,-2.4,81.7,1.06,-1.83,C0D430
打鐵坑,24.849664,121.150789,0.76,20.61,-0.34,85.74,0.85,-2.27,C0D480
橫山,24.71116,121.11693,0.57,20.72,6.05,88.85,0.85,-1.73,C0D540
雪霸,24.526972,121.11605,2.22,15.34,-1.09,77.48,1.37,-1.88,C0D550
竹東,24.767147,121.057881,1.57,22.42,3.33,78.07,0.94,-1.47,C0D560
寶山,24.735006,121.025192,1.41,21.92,0.84,82.44,1.02,-1.79,C0D580
新豐,24.87068,120.97721,0.64,21.17,11.38,92.7,1.52,-1.29,C0D590
湖口,24.904794,121.043628,-0.29,21.09,1.44,80.96,1.33,0.36,C0D650
新竹市東區,24.798681,120.986942,0.08,21.94,3.93,78.85,1.35,0.35,C0D660
竹南,24.708978,120.888897,1.27,22.66,4.19,81.37,1.09,-0.59,C0E420
南庄,24.601775,121.000214,1.03,20.66,7.76,92.19,1.33,-0.88,C0E430
明德,24.583486,120.885411,1.31,22.7,-1.7,79.78,1.48,-0.77,C0E550
通霄,24.471892,120.704622,0.63,22.34,0.37,82.78,1.72,-0.01,C0E590
馬都安,24.451272,120.930192,1.11,18.94,6.54,90.15,2.2,0.35,C0E610
頭份,24.688247,120.912206,1.8,23.61,2.54,76.93,1.57,-0.68,C0E730
造橋,24.637056,120.864778,0.77,22.61,-1.8,79.67,1.76,-0.79,C0E740
苗栗,24.564569,120.824575,0.6,22.69,-1.58,74.63,1.61,-0.54,C0E750
銅鑼,24.489681,120.790853,0.25,21.61,13.22,94.41,3.0,1.0,C0E780
西湖,24.562947,120.7485,0.81,22.05,0.71,84.26,1.93,0.17,C0E810
獅潭,24.539133,120.920042,0.79,20.92,-0.59,85.44,2.26,0.43,C0E820
苑裡,24.439714,120.653053,0.19,22.47,0.61,79.78,2.02,1.52,C0E830
大河,24.618069,120.948578,-0.14,21.13,-0.09,82.41,1.61,0.5,C0E850
高鐵苗栗,24.60725,120.826094,0.78,22.73,9.22,85.52,1.74,1.42,C0E870
石岡,24.276061,120.777644,0.6,21.81,5.18,87.41,4.43,3.66,C0F0B0
中坑,24.248517,120.903319,0.32,18.96,0.35,88.96,4.33,3.71,C0F0C0
審馬陣,24.381675,121.4203,0.91,8.59,16.73,82.41,2.61,1.78,C0F0D0
南湖圈谷,24.363714,121.444667,-5.0,0.0,10.84,86.74,0.0,-4.39,C0F0E0
東勢,24.246428,120.833047,1.43,22.67,3.38,82.52,4.5,2.74,C0F850
大坑,24.173142,120.722289,1.55,24.51,3.58,78.19,2.67,1.17,C0F970
神岡,24.272481,120.658314,0.55,22.2,-7.49,74.67,2.86,1.34,C0F9I0
大安,24.345061,120.588025,0.12,22.31,1.2,82.37,2.02,0.63,C0F9K0
后里,24.310436,120.729725,0.76,22.31,0.99,82.04,4.13,2.54,C0F9L0
豐原,24.254322,120.720692,1.4,23.32,2.27,79.59,4.56,2.97,C0F9M0
大里,24.092464,120.701378,1.14,25.02,-4.77,67.11,1.39,-0.07,C0F9N0
潭子,24.213106,120.703933,0.26,23.17,3.97,79.74,3.02,1.62,C0F9O0
清水,24.312297,120.562242,0.08,22.48,0.78,82.19,1.41,0.21,C0F9P0
外埔,24.347817,120.705686,1.24,22.86,-2.43,80.12,3.31,1.82,C0F9Q0
龍井,24.184536,120.528972,0.28,23.03,-2.27,79.3,2.17,1.0,C0F9R0
烏日,24.107058,120.624103,0.43,23.59,1.31,74.96,2.44,1.12,C0F9S0
西屯,24.179494,120.641275,0.19,22.77,2.41,78.44,2.87,1.64,C0F9T0
南屯,24.137006,120.637969,0.07,23.69,2.25,75.07,2.33,1.14,C0F9U0
新社,24.200172,120.815806,1.08,21.64,5.39,87.42,5.64,3.98,C0F9V0
大雅(中科園區),24.21528,120.62445,-0.26,22.01,2.94,82.44,1.94,1.49,C0F9X0
桃山,24.432739,121.303808,1.04,7.96,10.26,82.96,2.5,-1.05,C0F9Y0
雪山東峰,24.388792,121.268675,0.86,8.58,8.85,81.0,4.43,1.09,C0F9Z0
芬園,24.015678,120.6213,0.02,22.34,7.34,88.19,2.54,1.13,C0G620
員林,23.946503,120.585597,2.71,25.39,-0.96,78.22,1.98,1.14,C0G650
溪湖,23.94835,120.479122,2.06,24.85,11.54,92.67,2.41,1.07,C0G660
溪州,23.851589,120.499093,0.53,23.26,-1.51,77.33,1.83,1.15,C0G720
二林,23.903325,120.376081,0.42,22.78,0.87,86.07,1.96,1.5,C0G730
大城,23.852487,120.320935,0.58,23.19,-19.16,60.67,2.22,1.69,C0G740
福興,24.041289,120.437669,0.68,23.91,-3.42,75.67,2.57,1.45,C0G770
秀水,24.03405,120.503869,0.12,23.25,1.6,81.74,2.39,1.2,C0G780
埔鹽,24.000394,120.431683,1.54,24.11,1.45,84.15,1.91,0.78,C0G800
埔心,23.947633,120.525456,0.61,23.75,21.06,99.88,2.25,1.02,C0G810
田尾,23.901669,120.509389,1.02,23.96,0.97,85.26,2.07,0.78,C0G820
埤頭,23.866003,120.452806,0.59,23.23,12.67,99.48,1.39,0.29,C0G830
社頭,23.897647,120.5862,0.98,24.53,7.41,82.81,2.13,0.72,C0G860
二水,23.810742,120.6173,2.2,25.12,3.78,83.59,2.0,0.53,C0G880
伸港,24.148933,120.484403,0.04,22.82,-0.61,79.22,2.48,1.38,C0G890
線西,24.143358,120.443536,0.14,23.06,-0.01,80.26,1.46,1.4,C0G900
花壇,24.032076,120.549461,1.36,24.95,7.78,81.78,1.61,1.54,C0G910
埔里,23.972169,120.952425,1.32,23.32,3.4,83.41,1.81,0.8,C0H890
草屯,23.973672,120.68085,0.52,23.64,0.96,77.3,1.33,-0.02,C0H960
昆陽,24.121322,121.273642,1.89,9.13,9.54,85.15,2.7,0.22,C0H990
神木村,23.532742,120.843667,2.19,17.27,2.78,87.04,3.94,1.6,C0H9A0
合歡山,24.143442,121.272547,2.16,7.74,11.76,90.11,6.39,2.09,C0H9C0
廬山,24.033311,121.181808,2.39,18.4,2.09,77.44,2.09,-0.05,C0I010
信義,23.689694,120.851036,0.75,21.64,4.1,87.11,1.67,0.64,C0I080
竹山,23.761225,120.688156,1.18,23.25,2.9,84.81,2.33,0.94,C0I110
水里,23.812553,120.849792,0.71,23.09,1.58,82.37,1.28,0.5,C0I360
魚池,23.895703,120.94135,1.35,22.09,3.05,87.56,1.76,0.69,C0I370
集集,23.828206,120.801467,0.54,23.14,3.61,85.44,1.72,0.93,C0I380
仁愛,24.022122,121.132206,1.62,19.39,2.15,83.59,1.96,0.59,C0I390
名間,23.837053,120.701447,0.27,22.75,1.91,82.33,1.07,0.36,C0I410
國姓,24.037803,120.855072,0.75,23.15,2.83,84.85,3.69,2.77,C0I420
南投,23.911469,120.687331,0.65,24.03,5.64,81.48,1.59,0.79,C0I460
梅峰,24.085272,121.173572,1.71,14.22,3.44,83.15,2.8,0.72,C0I480
萬大林道,23.928228,121.091411,1.78,18.27,-2.51,78.16,2.16,0.65,C0I490
小奇萊,24.131764,121.295717,1.17,8.67,10.42,86.37,4.06,1.66,C0I530
崙背,23.75555,120.318925,0.6,22.9,-1.94,80.0,1.43,0.78,C0K250
四湖,23.630414,120.227125,1.26,23.52,-1.44,78.78,1.13,-0.03,C0K280
宜梧,23.536281,120.169329,0.77,23.31,-1.43,80.0,1.09,-0.24,C0K291
虎尾,23.719183,120.442036,0.92,23.41,5.78,84.81,2.3,1.22,C0K330
土庫,23.679029,120.395574,0.65,23.42,7.53,86.96,0.65,0.13,C0K390
斗六,23.720583,120.541127,0.4,23.37,-2.01,79.44,2.43,1.84,C0K400
北港,23.573957,120.292802,0.33,23.2,-2.73,78.52,1.76,1.29,C0K410
西螺,23.800407,120.467394,0.46,23.19,-0.89,81.67,1.76,1.06,C0K420
褒忠,23.690938,120.303634,0.47,22.93,-5.46,76.74,1.31,0.74,C0K430
二崙,23.772797,120.408944,0.46,22.77,1.73,83.89,1.35,0.72,C0K440
大埤,23.646074,120.431537,0.45,23.2,0.58,81.67,2.07,1.61,C0K450
斗南,23.678734,120.478359,0.4,23.23,1.25,80.7,2.56,2.06,C0K460
林內,23.748675,120.609642,0.86,23.36,0.19,82.0,2.8,2.16,C0K470
莿桐,23.761192,120.502372,0.55,22.93,0.26,80.22,2.37,1.69,C0K480
元長,23.64981,120.315024,0.48,23.2,0.61,80.37,2.19,1.6,C0K500
水林,23.572924,120.24597,0.69,23.46,-0.16,80.15,1.91,1.44,C0K510
臺西,23.701547,120.197559,0.33,22.97,0.12,81.52,1.41,0.93,C0K530
蔦松,23.514319,120.229736,0.6,23.26,-0.98,81.44,1.59,1.08,C0K550
棋山,23.68645,120.603417,0.82,23.49,2.02,84.11,2.91,2.17,C0K560
高鐵雲林,23.737456,120.417944,0.27,22.9,1.03,83.15,1.78,1.37,C0K580
東後寮,23.369908,120.248065,0.51,23.22,1.06,81.85,1.2,0.81,C0M520
奮起湖,23.493903,120.699253,2.04,18.15,1.41,90.59,5.76,4.06,C0M530
中埔,23.42538,120.5229,0.25,22.99,2.24,83.07,2.93,2.39,C0M640
朴子,23.43463,120.23902,-0.18,22.67,2.55,82.89,0.65,0.21,C0M650
溪口,23.604131,120.403569,0.49,23.17,-1.23,80.04,1.83,1.34,C0M660
大林,23.600616,120.45841,0.42,23.42,0.07,80.07,2.48,1.97,C0M670
太保,23.455062,120.331455,0.24,23.37,-0.75,79.52,1.72,1.28,C0M680
水上,23.419734,120.388909,0.41,23.35,8.8,87.74,1.74,1.37,C0M690
竹崎,23.526178,120.555508,0.55,23.24,2.06,84.85,4.74,4.21,C0M700
東石,23.458927,120.15385,0.52,23.37,-0.94,79.81,0.87,0.4,C0M710
番路,23.464657,120.554156,0.36,22.58,6.24,87.96,3.15,2.58,C0M720
嘉義市東區,23.457673,120.460531,0.5,24.56,2.2,77.26,2.5,2.04,C0M730
六腳,23.492871,120.290625,0.37,23.28,0.14,79.81,1.7,1.24,C0M740
布袋,23.380878,120.167789,0.56,23.5,-4.8,78.74,1.11,0.71,C0M750
民雄,23.551754,120.428457,0.29,23.4,0.01,80.59,2.52,2.04,C0M760
嘉義梅山,23.585398,120.555587,0.3,22.93,8.15,89.33,3.56,3.0,C0M770
鹿草,23.41134,120.30835,0.55,23.67,1.56,79.89,1.37,0.96,C0M780
新港,23.553269,120.345728,0.24,23.3,-0.11,79.22,2.17,1.67,C0M790
茶山,23.299075,120.664767,0.8,22.76,4.62,87.78,5.39,4.73,C0M800
里佳,23.389125,120.716647,1.58,18.63,-3.75,83.33,6.8,5.67,C0M810
達邦,23.453994,120.749517,1.3,20.23,6.36,86.67,5.44,4.6,C0M820
表湖,23.24186,120.64166,0.63,20.93,4.45,91.7,4.37,4.12,C0M850
新美,23.338017,120.683169,0.77,22.43,3.47,85.67,5.28,4.64,C0M860
北寮,23.079561,120.495008,0.72,23.75,9.82,93.41,4.19,3.82,C0O830
王爺宮,23.222064,120.40085,2.46,25.11,-3.88,80.26,2.46,2.09,C0O840
大內,23.11885,120.36083,1.59,25.16,3.25,85.7,3.67,3.38,C0O860
善化,23.112883,120.297219,1.11,23.96,7.32,89.22,3.63,2.85,C0O900
崎頂,22.959547,120.369317,1.15,23.75,7.4,89.96,3.35,3.01,C0O960
虎頭埤,23.021375,120.347878,0.61,23.49,3.59,86.0,3.09,2.79,C0O970
新市,23.061614,120.298197,1.32,24.91,2.14,81.11,3.37,3.05,C0O980
媽廟,22.99175,120.293525,0.06,23.85,15.36,95.63,3.43,2.95,C0O990
尾寮山,22.833111,120.683889,2.1,20.28,0.51,91.17,30.5,29.11,C0R100
阿禮,22.742908,120.743678,1.05,20.26,-0.4,78.96,4.81,3.9,C0R130
瑪家,22.682903,120.686639,0.55,20.68,12.84,96.59,7.11,5.95,C0R140
三地門,22.709889,120.639944,1.0,24.94,-1.92,75.07,3.87,2.53,C0R150
鹽埔,22.739558,120.530778,0.91,25.17,-1.07,86.56,4.57,4.21,C0R160
屏東,22.660269,120.494072,1.89,26.45,-5.02,75.3,5.98,5.56,C0R170
赤山,22.592333,120.614306,0.65,24.99,6.42,90.52,5.78,4.91,C0R190
潮州,22.534361,120.54,1.6,25.63,3.19,81.67,6.96,5.71,C0R220
來義,22.527306,120.625111,0.03,23.83,8.98,92.67,7.83,7.02,C0R240
春日,22.370361,120.628306,-0.02,24.13,-2.04,80.0,4.61,3.71,C0R260
琉球嶼,22.332244,120.362236,0.82,25.19,-0.17,83.07,3.37,2.05,C0R270
車城,22.0744,120.716247,0.32,25.37,4.17,77.7,2.56,-2.56,C0R320
牡丹,22.130036,120.792639,0.44,22.86,6.6,93.04,4.81,-5.39,C0R341
貓鼻頭,21.921774,120.7358,1.09,25.47,-1.42,77.33,1.5,-0.75,C0R350
大漢山,22.405264,120.753181,1.27,14.7,3.2,97.96,24.59,11.98,C0R440
高樹,22.826389,120.600806,0.67,25.11,-2.63,76.44,4.35,3.94,C0R470
長治,22.693128,120.542622,1.41,25.9,3.54,85.74,5.39,4.88,C0R480
九如,22.7405,120.490503,1.48,25.72,-1.86,79.93,4.11,3.7,C0R490
崁頂,22.514781,120.506914,0.2,24.86,2.72,84.81,6.04,5.32,C0R520
佳冬,22.419456,120.552375,0.58,25.09,2.53,84.85,4.35,3.53,C0R540
新埤,22.467947,120.582894,0.72,24.89,-1.85,80.96,5.91,5.07,C0R550
新園,22.5434,120.461558,1.7,26.25,-4.25,75.33,5.04,4.2,C0R560
麟洛,22.65078,120.52719,1.44,26.37,5.4,83.67,4.37,3.93,C0R570
南州,22.48591,120.50274,0.65,25.04,4.47,85.67,5.09,4.25,C0R580
里港,22.77919,120.49459,0.59,24.92,3.31,83.26,4.13,3.84,C0R590
舊泰武,22.588194,120.664944,0.53,21.04,3.49,92.04,7.46,5.86,C0R600
墾雷,21.900836,120.855269,0.37,25.13,7.57,89.0,1.85,-1.45,C0R620
東港,22.46247,120.44074,0.63,25.5,3.01,83.67,3.09,2.43,C0R640
竹田,22.58486,120.54344,0.86,25.46,-4.84,78.74,5.57,5.3,C0R650
枋寮,22.367722,120.590647,0.6,25.37,5.11,86.74,3.85,2.1,C0R660
楓港,22.190131,120.692156,-0.29,25.09,3.66,71.63,3.54,-2.4,C0R670
佳樂水,21.993578,120.861633,0.28,25.44,1.09,80.19,1.98,-5.3,C0R680
墾丁,21.966756,120.810269,0.72,23.38,-2.29,84.27,2.93,-4.12,C0R690
枋山,22.246844,120.661086,0.36,25.71,4.79,73.89,4.15,0.91,C0R700
龍磐,21.931672,120.838942,0.25,24.38,1.6,86.33,1.74,-3.73,C0R710
旭海,22.205403,120.887614,0.13,23.06,12.82,98.19,4.35,-2.16,C0R720
大坪頂,22.024633,120.69355,0.21,23.93,11.44,88.11,2.56,-1.68,C0R730
獅子,22.201569,120.70525,0.27,25.15,4.36,74.56,5.13,-2.17,C0R740
四林格山,22.076989,120.802439,0.66,20.7,0.45,93.95,4.24,-4.11,C0R750
南仁湖,22.084681,120.863353,0.42,22.09,5.96,95.96,4.0,-6.63,C0R760
保力,22.071122,120.764111,0.55,24.39,2.84,82.37,3.54,-4.7,C0R770
滿州,22.024403,120.839892,0.51,24.84,-0.41,79.56,2.22,-4.66,C0R780
九棚,22.14195,120.889281,0.26,24.22,0.71,83.44,2.7,-5.55,C0R790
丹路,22.204481,120.750989,0.47,24.34,3.83,79.0,8.06,-0.93,C0R800
內獅,22.305064,120.642986,0.62,25.21,14.47,96.67,4.63,1.83,C0R810
白鷺,22.454275,120.666219,0.8,22.06,3.01,87.44,7.61,4.53,C0R820
高士,22.121825,120.836781,0.51,21.7,1.74,91.41,5.24,-4.76,C0R830
牡丹池山,22.168389,120.841225,0.44,20.46,3.6,96.48,6.24,-1.98,C0R840
下馬,23.150427,121.070312,1.09,19.14,4.58,90.9,2.61,0.57,C0S660
太麻里,22.60902,120.98533,1.34,21.23,5.93,87.44,5.83,2.13,C0S690
知本,22.684866,121.005642,1.18,20.86,6.93,91.96,8.22,3.81,C0S700
鹿野,22.917711,121.122994,1.37,21.3,5.66,88.56,7.37,3.71,C0S710
綠島,22.6672,121.47533,0.73,23.56,11.42,96.3,3.13,-4.56,C0S730
池上,23.119628,121.209469,0.94,21.38,3.81,88.61,5.59,2.63,C0S740
向陽,23.248397,120.986133,2.74,12.94,7.24,95.0,6.86,1.59,C0S750
大溪山,22.478475,120.943325,1.03,21.61,6.23,87.78,9.78,5.28,C0S770
金崙,22.538122,120.966875,1.1,23.02,4.27,85.19,7.89,3.82,C0S790
東河,22.972672,121.303986,0.3,23.9,5.72,84.0,5.76,1.09,C0S810
長濱,23.286817,121.411975,0.82,22.48,2.51,82.91,4.15,-1.31,C0S830
南田,22.279725,120.889208,0.72,24.99,20.76,98.41,4.72,1.18,C0S840
關山,23.0395,121.175017,0.77,22.29,4.66,87.48,5.98,3.47,C0S890
蘭嶼高中,22.04909,121.51214,0.42,25.43,8.79,84.67,11.43,0.81,C0S900
蘭嶼燈塔,22.081197,121.503117,0.41,23.57,7.81,93.04,5.33,-1.4,C0S910
金峰嘉蘭,22.594789,120.960825,0.74,23.35,6.4,86.3,10.54,5.66,C0S920
延平,22.902581,121.084058,0.68,22.43,6.07,84.56,7.76,5.88,C0S930
石寧山,23.223772,121.406639,0.78,23.04,7.72,88.52,3.65,-0.49,C0S940
香蘭,22.587569,120.993375,0.52,24.7,7.27,82.67,4.76,-1.22,C0S960
加津林,22.416211,120.926942,0.65,24.97,5.67,77.56,8.04,3.21,C0S970
勝林山,22.430439,120.8938,0.64,17.7,4.38,98.11,13.39,4.92,C0S980
山豬窟,22.318619,120.857372,0.44,21.56,4.92,88.37,9.37,3.65,C0S990
歷坵,22.520969,120.89185,0.98,21.17,8.79,92.04,14.91,9.6,C0SA00
檳榔四格山,22.810031,121.109308,0.82,21.51,6.38,90.63,7.13,4.69,C0SA10
金崙山,22.567419,120.959667,1.23,18.65,1.93,93.74,11.2,5.23,C0SA20
都歷,23.020333,121.323642,1.08,23.96,23.09,98.52,5.07,1.07,C0SA30
瑞和,22.974361,121.156697,0.82,22.46,14.2,95.0,7.59,5.05,C0SA40
知本（水試所）,22.702394,121.082761,0.44,24.27,3.02,80.89,6.2,1.85,C0SA60
土坂,22.453108,120.887572,1.06,23.62,5.81,84.56,15.76,10.13,C0SA80
達仁林場,22.264347,120.823972,0.58,20.87,2.78,92.26,11.63,1.46,C0SA90
大禹嶺,24.186117,121.316086,1.35,9.96,6.51,88.04,4.17,1.05,C0T790
天祥,24.179597,121.495639,1.7,19.87,4.03,90.07,2.63,-0.34,C0T820
鯉魚潭,23.935639,121.508944,0.98,21.37,3.23,92.19,2.85,-1.75,C0T870
西林,23.8119,121.441458,1.2,22.01,7.87,91.59,3.67,-2.73,C0T900
光復,23.660694,121.424964,1.51,22.41,-0.95,88.96,3.43,-2.73,C0T960
月眉山,23.809928,121.539828,1.33,20.25,1.67,95.52,3.63,-2.94,C0T9A0
水源,23.991861,121.537169,1.19,19.87,4.69,93.59,4.15,-1.79,C0T9B0
和中,24.26676,121.74103,0.58,22.74,13.82,99.22,9.35,1.79,C0T9D0
大坑,23.880628,121.581981,1.07,20.43,5.1,95.59,5.56,-0.98,C0T9E0
水璉,23.797131,121.542514,0.66,21.87,5.39,91.19,3.76,-2.77,C0T9F0
鳳林山,23.735269,121.420131,0.1,19.44,2.14,95.52,4.33,-2.62,C0T9G0
加路蘭山,23.682947,121.5274,1.07,18.9,3.6,99.04,6.61,-2.83,C0T9H0
靜浦,23.455167,121.495028,1.2,22.93,5.86,90.22,7.02,-0.41,C0T9M0
富里,23.171639,121.249378,1.91,22.78,11.94,97.36,1.11,-1.18,C0T9N0
雙連埤,24.753033,121.641303,0.43,18.04,0.91,98.17,21.0,7.23,C0U520
礁溪,24.817539,121.765608,0.91,21.77,-1.36,90.81,11.02,1.1,C0U600
玉蘭,24.675286,121.587061,-0.08,18.17,-2.82,89.15,22.74,9.83,C0U650
太平山,24.505486,121.525656,2.01,12.76,3.67,96.67,7.54,-0.84,C0U710
南山,24.43742,121.38167,1.02,15.71,1.59,96.89,5.31,1.41,C0U720
東澳,24.52196,121.83318,0.3,21.82,6.83,98.96,27.37,6.95,C0U760
南澳,24.44935,121.81022,0.38,22.46,2.31,87.15,13.96,3.59,C0U770
五結,24.68637,121.79794,-0.17,21.02,4.4,92.89,22.04,6.33,C0U780
頭城,24.85323,121.8308,0.06,21.8,3.44,92.07,12.7,3.68,C0U860
大礁溪,24.791042,121.675047,0.5,18.98,6.16,97.89,15.67,4.22,C0U870
三星,24.66812,121.65302,0.65,21.16,5.37,98.2,18.06,5.95,C0U890
內城,24.71813,121.68766,0.42,21.27,3.89,94.33,16.06,6.58,C0U900
冬山,24.63373,121.7937,0.44,21.67,9.45,98.19,31.5,14.71,C0U910
羅東,24.68184,121.74934,0.9,21.51,3.83,93.24,20.94,7.77,C0U940
鶯子嶺,24.89754,121.79244,0.8,15.77,1.74,99.52,21.35,4.11,C0U950
翠峰湖,24.510856,121.608044,1.61,12.47,2.7,98.85,11.31,0.5,C0U960
大福,24.80064,121.81389,0.27,21.74,-0.78,89.78,13.28,2.59,C0U970
坪林石牌,24.86478,121.77396,0.57,18.31,2.79,98.41,13.59,2.53,C0U980
員山,24.74435,121.72247,0.31,21.5,5.56,93.78,15.33,4.75,C0U990
土場,24.576533,121.495333,0.61,19.41,1.21,93.93,5.19,0.86,C0UA00
鴛鴦湖,24.590269,121.412228,1.45,13.35,2.28,99.0,17.17,4.76,C0UA10
多加屯,24.368614,121.373189,1.1,10.36,7.36,87.85,29.67,27.0,C0UA20
白嶺,24.527819,121.519031,0.97,14.54,0.9,98.44,7.98,1.49,C0UA30
西德山,24.560647,121.752608,0.89,15.78,1.81,98.93,30.59,5.38,C0UA40
西帽山,24.555361,121.802628,0.38,16.74,2.06,98.96,63.22,20.54,C0UA50
樟樹山,24.41393,121.78325,0.8,19.14,7.15,98.96,15.06,2.87,C0UA60
桃源谷,24.962606,121.888875,0.78,18.58,2.4,98.63,25.61,8.92,C0UA70
復興,23.222403,120.806089,0.67,21.44,7.41,84.85,4.37,3.7,C0V210
美濃,22.898742,120.519153,2.06,25.55,1.38,82.63,3.43,2.62,C0V310
溪埔,22.738578,120.446797,0.62,24.84,6.8,87.37,5.3,4.94,C0V350
內門,22.975481,120.466769,1.11,24.2,4.88,87.57,3.83,3.53,C0V360
古亭坑,22.893178,120.401947,1.09,23.75,3.0,88.28,0.71,-0.12,C0V370
阿公店,22.804194,120.355528,0.05,23.74,3.9,85.52,3.44,3.04,C0V400
鳳山,22.646653,120.356122,-0.01,24.73,9.91,86.63,5.33,4.82,C0V440
鳳森,22.545064,120.392592,0.64,25.01,1.57,81.19,3.24,2.53,C0V450
新興,22.627422,120.298803,0.85,25.53,2.03,76.7,4.24,3.14,C0V490
阿蓮,22.883208,120.327508,1.58,25.35,-13.17,67.37,4.72,4.32,C0V530
梓官,22.760558,120.267211,0.39,24.67,1.14,79.67,7.5,7.03,C0V610
永安,22.82315,120.236856,0.25,24.24,-1.1,80.33,6.69,6.21,C0V620
茄萣,22.906642,120.182608,0.4,24.32,4.29,81.07,7.48,6.88,C0V630
湖內,22.887139,120.2445,0.12,24.09,0.27,79.44,4.83,4.34,C0V640
彌陀,22.783806,120.246361,0.86,25.09,2.04,81.93,7.37,6.9,C0V650
岡山,22.797078,120.294958,0.66,25.3,3.52,79.74,6.41,5.95,C0V660
仁武,22.701083,120.347722,0.31,25.09,8.59,86.59,5.89,5.43,C0V680
鼓山,22.623325,120.275575,0.1,24.7,3.67,82.26,4.57,3.97,C0V690
三民,22.645017,120.311233,0.26,25.49,4.54,76.7,4.11,3.57,C0V700
苓雅,22.622742,120.330669,0.96,26.04,9.34,80.63,3.78,3.23,C0V710
林園,22.507747,120.394511,1.24,26.8,6.85,79.33,3.04,2.34,C0V720
大寮,22.605614,120.395717,0.36,25.37,7.73,82.33,5.3,4.67,C0V730
旗山,22.888614,120.483597,1.49,25.5,2.2,80.59,3.28,2.98,C0V740
路竹,22.854997,120.259439,0.92,25.36,1.54,78.89,6.31,5.81,C0V750
橋頭,22.757806,120.30575,0.57,25.39,2.49,79.85,5.72,5.3,C0V760
大社,22.730306,120.346639,0.15,24.57,10.21,86.96,5.09,4.66,C0V770
萬山,22.905944,120.688056,0.45,22.95,6.44,85.56,4.96,4.54,C0V790
六龜,22.997889,120.633583,0.82,24.38,7.1,86.63,5.57,5.2,C0V800
左營,22.67491,120.28491,0.2,24.41,0.18,80.96,5.19,4.57,C0V810
小林,23.148408,120.63325,0.97,23.0,7.82,89.56,3.07,2.84,C0V820
東莒,25.9652,119.98069,1.67,19.83,-1.64,77.67,1.94,1.01,C0W110
花嶼,23.40007,119.32276,0.39,23.24,1.99,82.0,6.33,5.23,C0W130
金沙,24.488292,118.408778,1.04,21.66,-5.74,65.44,0.33,-0.97,C0W140
金寧,24.457703,118.328989,1.07,22.29,-3.27,67.89,0.0,-1.22,C0W150
東河,23.296598,120.385608,0.37,23.61,-3.64,78.96,2.3,1.89,C0X050
下營,23.22695,120.256261,0.51,23.62,-1.87,78.7,2.2,1.74,C0X060
佳里,23.173039,120.145086,0.94,23.8,1.86,82.04,2.0,1.06,C0X080
臺南市北區,23.010394,120.194228,0.43,24.33,7.22,82.74,4.13,3.6,C0X100
臺南市南區,22.961189,120.188378,0.27,24.6,0.93,77.26,5.94,5.45,C0X110
麻豆,23.183289,120.248611,0.95,24.49,4.64,84.59,2.85,2.51,C0X120
官田,23.193217,120.315422,0.55,24.27,2.8,82.81,2.94,2.59,C0X130
西港,23.125608,120.203108,0.43,23.93,4.56,84.19,2.94,2.47,C0X140
安定,23.102614,120.227839,0.49,23.75,3.16,85.18,3.07,2.6,C0X150
仁德,22.968258,120.257689,0.63,24.78,2.5,79.32,3.82,3.31,C0X160
關廟,22.963017,120.327797,-0.66,23.16,5.5,82.82,2.91,2.54,C0X170
山上,23.0757,120.363253,0.71,23.94,-0.04,82.36,3.62,3.29,C0X180
安平,22.993161,120.152181,0.05,23.78,1.2,80.93,5.77,5.24,C0X190
左鎮,23.056758,120.408522,1.44,24.23,-1.16,83.21,3.77,3.66,C0X200
白河,23.347466,120.414427,0.11,23.31,0.46,81.29,2.21,1.8,C0X210
學甲,23.230367,120.182187,0.46,23.37,0.59,80.39,1.91,1.45,C0X220
鹽水,23.272621,120.247641,0.19,23.06,-0.07,81.43,1.46,1.05,C0X230
關子嶺,23.331169,120.508025,0.32,21.58,6.78,94.07,3.96,3.19,C0X240
新營,23.310689,120.316681,0.12,23.38,2.9,82.5,1.54,1.13,C0X250
後壁,23.366358,120.362326,0.26,23.22,-1.85,79.93,1.52,1.09,C0X260
將軍,23.214999,120.13577,0.14,23.1,-0.2,80.39,1.88,1.36,C0X280
北門,23.267772,120.125481,0.48,23.35,1.45,82.5,1.29,0.66,C0X290
鹿寮,23.386047,120.477331,0.57,23.2,8.84,93.64,2.54,1.87,C0X300
柳營,23.253328,120.375253,0.13,23.73,-1.71,78.89,2.02,1.45,C0X320
明里,23.208717,121.262342,1.1,21.62,3.17,90.29,3.82,-0.5,C0Z020
佳心,23.34567,121.21316,1.04,18.03,10.7,98.36,3.57,-0.26,C0Z050
玉里,23.3215,121.339656,1.14,21.96,4.75,91.54,3.96,-1.46,C0Z061
舞鶴,23.46811,121.37407,1.41,21.31,7.78,99.75,3.46,-1.55,C0Z070
富源,23.587642,121.378225,1.11,21.11,0.81,92.68,3.46,-2.83,C0Z080
東華,23.89525,121.549833,0.84,22.82,2.66,90.21,1.45,-3.76,C0Z100
吉安光華,23.930925,121.595153,0.73,23.02,-14.16,74.82,2.88,-1.64,C0Z150
鳳林,23.746114,121.453411,0.76,22.28,-3.59,83.19,2.89,-1.12,C0Z160
卓溪,23.3443,121.3029,0.35,21.94,1.12,84.61,3.73,0.55,C0Z170
富世,24.14743,121.6297,0.4,22.83,-1.12,84.62,3.48,-1.06,C0Z190
萬榮,23.709219,121.420106,0.79,22.0,-2.42,85.39,3.46,-0.91,C0Z200
瑞穗,23.5239,121.39021,1.16,22.15,2.08,89.64,3.73,-1.83,C0Z210
和平林道,24.343922,121.656317,0.65,19.21,-0.12,91.68,6.3,2.95,C0Z220
和平,24.30717,121.77007,-0.27,22.32,6.57,81.18,6.21,-1.07,C0Z230
瑞穗林道,23.49284,121.30688,2.54,18.19,0.6,97.54,5.07,-2.25,C0Z250
蕃薯寮,23.73835,121.540108,0.58,20.81,-1.56,89.89,4.18,-3.93,C0Z270
德武,23.47426,121.41071,0.6,21.65,0.44,89.79,4.07,-1.88,C0Z280
赤柯山,23.36893,121.38293,0.57,17.26,4.7,98.46,7.16,0.14,C0Z290
東里,23.26853,121.30547,0.77,21.95,-4.64,87.86,4.11,0.85,C0Z300
清水斷崖,24.218294,121.689142,0.15,22.51,4.24,85.46,3.55,-1.29,C0Z310
清水林道,23.27125,121.188272,0.88,18.93,2.28,91.61,4.62,0.62,C0Z320
安通山,23.290728,121.348528,0.11,19.54,3.3,91.86,3.71,-0.01,C0Z330
口湖工作站,23.589978,120.180394,0.81,23.13,2.93,75.48,0.85,0.73,12J990
東港工作站,22.479997,120.466058,0.72,25.36,3.7,71.52,3.46,2.7,12Q970
恆春工作站,22.079678,120.714425,0.81,25.63,6.76,69.96,2.06,0.56,12Q980
萬大發電廠,23.978875,121.139639,1.57,19.99,-2.51,79.93,1.96,1.82,42HA10
桃改樹林分場,24.944503,121.386972,-0.48,22.0,2.87,79.04,1.06,-0.16,72AI40
桃園農改場,24.950944,121.030583,1.11,21.97,3.47,83.84,2.12,0.12,72C440
桃改五峰分場,24.612194,121.157167,1.95,18.0,3.27,90.04,1.13,-1.67,72D080
桃改新埔分場,24.834444,121.066111,-0.21,22.05,6.72,80.62,0.44,0.09,72D680
臺中農改場,24.003028,120.534389,1.02,23.12,3.19,82.59,2.06,1.13,72G600
中改埔里分場,23.903208,120.963364,1.39,21.39,3.43,89.48,0.69,0.58,72HA00
南改斗南分場,23.634556,120.477333,1.5,23.51,0.8,81.7,2.2,1.01,72K220
南改義竹分場,23.360694,120.279361,0.96,23.19,-1.15,80.52,1.19,0.46,72M360
南改鹿草分場,23.416869,120.283061,0.71,23.17,4.57,82.74,1.19,1.09,72M700
臺南農改場,23.0605,120.342194,0.9,23.49,6.12,86.37,3.31,2.74,72N100
七股研究中心,23.081672,120.062894,0.53,23.41,1.94,81.85,3.07,1.91,72N240
高雄農改場,22.709333,120.525889,0.93,25.09,8.78,87.37,5.44,4.54,72Q010
東改班鳩分場,22.829528,121.077694,1.41,22.96,-0.25,79.44,8.44,4.65,72S200
東改賓朗果園,22.813889,121.071278,0.71,22.01,-1.76,83.04,6.2,2.35,72S590
花蓮農改場,23.975222,121.563889,1.35,23.06,0.84,83.56,3.2,-1.2,72T250
花改蘭陽分場,24.686306,121.716583,0.56,21.08,6.09,92.89,21.04,9.05,72U480
高改旗南分場,22.857861,120.516667,0.34,24.36,9.7,85.04,3.65,2.96,72V140
茶改北部分場,24.955778,121.631222,1.01,19.17,4.16,91.73,7.6,-1.57,82A750
茶改場,24.908472,121.185333,1.0,20.99,-0.51,82.41,1.48,-1.93,82C160
茶改中部分場,23.875611,120.913583,0.52,20.24,4.82,89.22,1.61,0.05,82H320
茶改南部分場,23.762528,120.7405,0.58,21.39,3.2,90.37,2.39,1.1,82H840
茶改東部分場,22.907694,121.130139,0.77,22.74,0.75,81.59,7.0,3.6,82S580
農工中心,24.985917,121.239833,0.52,21.45,5.44,80.81,1.39,-1.1,A2C560
水試臺西試驗場,23.717231,120.190522,0.51,23.3,3.94,84.19,1.23,1.12,A2K360
臺大雲林校區,23.730628,120.423903,0.18,22.8,1.99,81.56,2.02,1.79,A2K630
臺南蘭花園區,23.340258,120.379661,0.47,23.47,-0.26,80.78,1.85,1.35,A2N290
畜試北區分所,24.527806,120.770972,0.62,21.73,2.23,82.26,1.28,1.0,B2E890
畜產試驗所,23.058972,120.336406,0.83,23.33,5.01,86.7,4.28,3.38,B2N890
畜試南區分所,21.945583,120.802167,0.38,25.08,1.21,74.65,2.31,-0.69,B2Q810
畜試東區分所,24.669039,121.832561,0.0,20.91,3.87,95.0,25.03,-1.61,B2U990
蓮華池,23.918333,120.885278,0.79,20.92,5.78,89.68,2.07,0.59,E2H360
林試畢祿溪站,24.226944,121.308522,0.94,12.76,6.03,85.86,0.05,-0.32,E2HA20
四湖植物園,23.676986,120.163433,1.08,23.43,5.02,89.7,1.3,0.93,E2K600
林試六龜中心,22.991703,120.645722,0.53,23.43,5.8,89.33,4.61,4.21,E2P980
林試太麻里2,22.598,120.99775,0.15,23.94,1.28,79.25,5.1,0.99,E2S960
林試太麻里1,22.598922,120.980044,0.14,22.96,2.78,82.92,7.67,1.6,E2S980
農試所(霧峰),24.031261,120.688133,1.42,23.76,4.81,84.85,1.5,0.55,G2F820
農試嘉義分所,23.485028,120.473806,1.14,23.16,2.13,84.19,2.44,1.58,G2L020
農試溪口農場,23.58565,120.408111,0.97,23.39,1.72,81.04,2.15,1.35,G2M350
農試鳳山分所,22.646611,120.356083,0.45,24.7,5.68,80.0,4.42,3.35,G2P820
苗栗農改場,24.495722,120.829111,0.9,21.51,2.03,83.74,2.67,1.17,K2E360
苗改生物防治研究中心,24.422861,120.871833,0.32,20.44,1.22,84.44,3.37,3.17,K2E710
種苗改良場,24.225972,120.800917,1.1,20.88,12.23,90.3,5.57,4.33,K2F750
溪頭,23.670306,120.798194,1.47,17.91,5.37,94.33,3.33,1.15,U2H480
臺大和社,23.590856,120.888864,1.82,20.8,8.49,88.56,1.98,1.71,U2HA30
臺大內茅埔,23.689722,120.851117,0.79,21.61,6.87,87.07,1.69,1.5,U2HA40
臺大竹山,23.756972,120.681556,1.12,23.68,-1.9,80.21,2.79,2.52,U2HA50
臺大竹山,23.756972,120.681556,1.12,23.68,-1.9,80.21,2.79,2.52,U2HA50
臺大內茅埔,23.689722,120.851117,0.79,21.61,6.87,87.07,1.69,1.5,U2HA40
臺大和社,23.590856,120.888864,1.82,20.8,8.49,88.56,1.98,1.71,U2HA30
臺大溪頭,23.670306,120.798194,1.47,17.91,5.37,94.33,3.33,1.15,U2H480
種苗繁殖,24.225972,120.800917,1.1,20.88,12.23,90.3,5.57,4.33,K2F750
苗改生物防治研究中心,24.422861,120.871833,0.32,20.44,1.22,84.44,3.37,3.17,K2E710
苗栗農改,24.495722,120.829111,0.9,21.51,2.03,83.74,2.67,1.17,K2E360
農試鳳山分所,22.646611,120.356083,0.45,24.7,5.68,80.0,4.42,3.35,G2P820
農試溪口農場,23.58565,120.408111,0.97,23.39,1.72,81.04,2.15,1.35,G2M350
農試嘉義分所,23.485028,120.473806,1.14,23.16,2.13,84.19,2.44,1.58,G2L020
農業試驗所,24.031261,120.688133,1.42,23.76,4.81,84.85,1.5,0.55,G2F820
林試太麻里1,22.598922,120.980044,0.14,22.96,2.78,82.92,7.67,1.6,E2S980
林試太麻里2,22.598014,120.989761,0.15,23.94,1.28,79.25,5.1,0.99,E2S960
林試六龜中心,22.991703,120.645722,0.53,23.43,5.8,89.33,4.61,4.21,E2P980
四湖植物園,23.676986,120.163433,1.08,23.43,5.02,89.7,1.3,0.93,E2K600
林試畢祿溪站,24.226944,121.308522,0.94,12.76,6.03,85.86,0.05,-0.32,E2HA20
蓮華池,23.918333,120.885278,0.79,20.92,5.78,89.68,2.07,0.59,E2H360
畜試東區分所,24.669039,121.832561,0.0,20.91,3.87,95.0,25.03,-1.61,B2U990
畜試南區分所,21.945583,120.802167,0.38,25.08,1.21,74.65,2.31,-0.69,B2Q810
畜試所,23.058972,120.336406,0.83,23.33,5.01,86.7,4.28,3.38,B2N890
畜試北區分所,24.527806,120.770972,0.62,21.73,2.23,82.26,1.28,1.0,B2E890
臺南蘭花園區,23.340258,120.379661,0.47,23.47,-0.26,80.78,1.85,1.35,A2N290
臺大雲林校區,23.730628,120.423903,0.18,22.8,1.99,81.56,2.02,1.79,A2K630
水試臺西試驗場,23.717231,120.190522,0.51,23.3,3.94,84.19,1.23,1.12,A2K360
農工中心,24.985917,121.239833,0.52,21.45,5.44,80.81,1.39,-1.1,A2C560
茶改東部分場,22.907694,121.130139,0.77,22.74,0.75,81.59,7.0,3.6,82S580
茶改南部分場,23.762528,120.7405,0.58,21.39,3.2,90.37,2.39,1.1,82H840
茶改中部分場,23.875611,120.913583,0.52,20.24,4.82,89.22,1.61,0.05,82H320
茶改場,24.908472,121.185333,1.0,20.99,-0.51,82.41,1.48,-1.93,82C160
茶改北部分場,24.955778,121.631222,1.01,19.17,4.16,91.73,7.6,-1.57,82A750
高改旗南分場,22.857861,120.516667,0.34,24.36,9.7,85.04,3.65,2.96,72V140
花改蘭陽分場,24.686306,121.716583,0.56,21.08,6.09,92.89,21.04,9.05,72U480
花蓮農改,23.975222,121.563889,1.35,23.06,0.84,83.56,3.2,-1.2,72T250
東改賓朗果園,22.813889,121.071278,0.71,22.01,-1.76,83.04,6.2,2.35,72S590
東改班鳩分場,22.829528,121.077694,1.41,22.96,-0.25,79.44,8.44,4.65,72S200
高雄農改,22.709333,120.525889,0.93,25.09,8.78,87.37,5.44,4.54,72Q010
七股研究中心,23.081672,120.062894,0.53,23.41,1.94,81.85,3.07,1.91,72N240
臺南農改,23.0605,120.342194,0.9,23.49,6.12,86.37,3.31,2.74,72N100
南改鹿草分場,23.416869,120.283061,0.71,23.17,4.57,82.74,1.19,1.09,72M700
南改義竹分場,23.360694,120.279361,0.96,23.19,-1.15,80.52,1.19,0.46,72M360
南改斗南分場,23.634556,120.477333,1.5,23.51,0.8,81.7,2.2,1.01,72K220
中改埔里分場,23.903208,120.963364,1.39,21.39,3.43,89.48,0.69,0.58,72HA00
臺中農改,24.003028,120.534389,1.02,23.12,3.19,82.59,2.06,1.13,72G600
桃改新埔分場,24.834444,121.066111,-0.21,22.05,6.72,80.62,0.44,0.09,72D680
桃改五峰分場,24.612194,121.157167,1.95,18.0,3.27,90.04,1.13,-1.67,72D080
桃園農改,24.950944,121.030583,1.11,21.97,3.47,83.84,2.12,0.12,72C440
桃改樹林分場,24.944503,121.386972,-0.48,22.0,2.87,79.04,1.06,-0.16,72AI40
萬大發電廠,23.978875,121.139639,1.57,19.99,-2.51,79.93,1.96,1.82,42HA10
恆春工作站,22.079678,120.714425,0.81,25.63,6.76,69.96,2.06,0.56,12Q980
東港工作站,22.479997,120.466058,0.72,25.36,3.7,71.52,3.46,2.7,12Q970
口湖工作站,23.589978,120.180394,0.81,23.13,2.93,75.48,0.85,0.73,12J990
