站名,緯度,經度,平均溫距平,本年度平均溫,平均溼度距平,本年度日均相對溼度,本年度日均降水量,日均降水量距平,站號
淡水,25.164889,121.448906,0.5,18.57,-1.02,77.86,1.58,-2.82,466900
鞍部,25.182586,121.529731,-0.19,12.33,4.25,96.71,9.22,-6.4,466910
臺北,25.037658,121.514853,0.29,19.33,-0.8,74.71,0.05,-3.9,466920
竹子湖,25.162078,121.544547,0.08,14.31,3.96,91.57,6.43,-7.09,466930
基隆,25.133314,121.740475,0.02,18.69,1.93,79.29,6.52,-7.42,466940
花蓮,23.975128,121.613275,0.38,20.62,-0.03,74.07,0.1,-3.87,466990
新屋,25.006744,121.047486,0.33,18.62,0.33,77.07,0.77,-2.42,467050
宜蘭,24.763975,121.756528,0.06,18.65,3.01,83.64,2.12,-9.05,467080
金門,24.407306,118.289281,0.98,17.64,3.17,72.0,0.0,-1.59,467110
田中,23.873803,120.581286,-0.67,19.51,0.29,81.86,0.01,-1.27,467270
澎湖,23.565503,119.563094,0.63,20.58,0.32,76.64,0.03,-1.19,467350
臺南,22.993239,120.204772,0.33,20.67,-0.33,73.0,0.01,-0.62,467410
永康,23.038386,120.2367,0.58,20.57,1.99,75.29,0.01,-0.67,467420
嘉義,23.495925,120.432906,0.14,19.49,4.5,80.79,0.0,-1.0,467480
臺中,24.145736,120.684075,0.45,20.02,0.68,72.93,0.01,-1.39,467490
阿里山,23.508208,120.813242,-0.56,8.13,-1.33,80.14,0.01,-2.54,467530
大武,22.355675,120.903789,0.44,22.66,0.51,69.64,0.02,-1.5,467540
玉山,23.487614,120.959522,0.29,2.29,-1.4,61.79,0.11,-3.15,467550
新竹,24.827853,121.014219,0.46,18.98,-0.16,75.71,0.07,-2.54,467571
恆春,22.003897,120.746339,0.46,23.29,-0.72,68.0,0.01,-1.03,467590
成功,23.097486,121.373428,0.53,21.29,0.24,73.93,0.41,-2.89,467610
日月潭,23.881325,120.90805,0.21,16.54,2.99,80.14,0.0,-1.54,467650
臺東,22.752211,121.154586,0.59,21.96,-0.13,71.0,0.02,-1.86,467660
馬祖,26.169269,119.923419,0.6,14.81,4.52,81.5,0.02,-2.02,467990
山佳,24.974944,121.402008,0.59,19.15,-1.34,79.38,0.85,-2.71,C0A520
坪林,24.938183,121.70975,0.66,16.49,-5.27,87.46,2.23,-4.43,C0A530
泰平,24.971197,121.823711,0.83,15.65,1.6,97.23,16.73,-4.25,C0A550
桶後,24.848222,121.597992,0.64,15.96,-0.12,94.92,6.35,-3.21,C0A570
石碇,24.993969,121.662917,1.35,17.57,-4.18,86.54,2.73,-5.49,C0A640
大坪,25.165914,121.632969,1.35,16.78,1.22,94.54,37.15,3.73,C0A860
五指山,25.132153,121.608692,2.13,15.62,1.07,95.92,11.77,-2.91,C0A870
雙溪,25.036003,121.864242,1.86,18.95,-2.89,89.31,9.62,-5.74,C0A890
金山,25.223628,121.643967,1.22,19.14,-2.21,81.0,3.62,-6.44,C0A940
鼻頭角,25.129036,121.923372,0.59,19.51,3.65,84.54,2.46,-2.72,C0A950
三貂角,25.007606,122.002058,0.78,19.22,0.63,85.23,5.85,-2.28,C0A970
社子,25.109508,121.469681,1.35,20.36,1.7,78.54,0.0,-2.68,C0A980
天母,25.117494,121.537169,0.97,19.96,-4.62,69.23,0.0,-2.54,C0A9C0
內湖,25.079422,121.57545,0.78,19.65,12.14,91.0,0.0,-3.4,C0A9F0
大屯山,25.175675,121.522408,1.79,12.87,2.21,98.38,4.27,-5.83,C0AC40
三峽,24.939025,121.369728,1.87,20.15,-1.81,79.46,1.35,-3.78,C0AC60
信義,25.037822,121.564597,1.83,20.08,0.08,80.62,0.04,-5.06,C0AC70
文山,25.00235,121.575728,0.77,18.72,-4.25,79.85,0.27,-4.95,C0AC80
新莊,25.051478,121.446756,0.69,19.55,-2.05,72.85,0.04,-3.52,C0ACA0
八里,25.150211,121.403947,1.04,19.52,5.15,82.62,0.54,-3.37,C0AD10
蘆洲,25.086594,121.472331,1.1,20.3,-0.8,73.08,0.0,-3.03,C0AD30
土城,24.973208,121.445169,1.04,19.17,0.58,80.85,1.12,-3.83,C0AD40
鶯歌,24.951533,121.346294,1.96,19.98,-0.24,80.85,0.38,-3.59,C0AD50
汐止,25.066881,121.658778,0.41,18.37,-4.12,82.85,3.58,-9.1,C0AH00
永和,25.01125,121.508111,1.59,20.19,0.03,77.38,0.0,-3.33,C0AH10
五分山,25.07125,121.780794,0.7,14.41,-1.26,95.62,18.31,-13.03,C0AH30
平等,25.129142,121.577086,0.5,16.44,-5.49,83.31,1.38,-7.75,C0AH40
林口,25.072181,121.38084,1.01,17.7,-4.14,84.08,0.19,-3.63,C0AH50
松山,25.04871,121.55042,0.68,19.49,-5.18,67.69,0.0,-4.27,C0AH70
深坑,25.002703,121.628328,1.33,18.75,-2.69,83.85,1.15,-5.48,C0AH80
福山植物園,24.760717,121.58135,0.14,14.24,1.7,97.38,5.54,-10.54,C0AH90
五股,25.07445,121.42728,-0.32,17.94,-12.37,79.23,0.04,-4.12,C0AI00
屈尺,24.92184,121.54475,0.71,18.63,-12.56,74.69,2.0,-6.74,C0AI10
白沙灣,25.283128,121.519058,0.17,18.59,3.63,82.14,0.86,-7.56,C0AI20
三重,25.057328,121.500629,0.86,19.52,-7.79,75.71,0.0,-3.91,C0AI30
石牌,25.115597,121.513139,1.22,20.29,3.38,73.57,0.0,-3.09,C0AI40
七堵,25.094819,121.71713,1.13,19.4,-5.76,83.29,9.07,-13.22,C0B010
基隆嶼,25.19141,121.78391,0.16,18.3,8.0,92.0,1.54,-8.3,C0B020
復興,24.820208,121.352281,0.67,16.58,-1.56,77.21,0.43,-2.94,C0C460
桃園,24.992425,121.323172,0.72,18.71,-0.99,74.5,0.14,-3.21,C0C480
八德,24.928708,121.283289,0.59,18.1,-5.69,76.21,0.64,-4.66,C0C490
觀音,25.027072,121.153317,0.36,17.9,-0.19,78.64,1.0,-3.14,C0C590
蘆竹,25.084275,121.265767,0.35,18.22,2.54,82.64,1.21,-3.64,C0C620
大溪,24.882853,121.265547,0.51,17.37,1.88,80.21,0.86,-2.4,C0C630
平鎮,24.897503,121.214636,0.92,17.59,-0.92,79.93,0.39,-3.01,C0C650
楊梅,24.912375,121.143047,0.36,17.87,-1.37,76.64,0.89,-2.66,C0C660
龍潭,24.870056,121.221389,0.52,16.97,2.21,84.57,1.11,-2.46,C0C670
龜山,25.02846,121.38656,1.51,18.16,-2.31,81.79,0.25,-4.21,C0C680
中壢,24.977661,121.256375,0.43,18.09,-5.98,75.86,0.07,-3.8,C0C700
大溪永福,24.892936,121.324975,1.24,17.85,-6.52,83.07,1.54,-5.46,C0C710
梅花,24.678347,121.208558,-0.13,15.56,1.42,82.36,0.0,-2.96,C0D360
峨眉,24.6905,121.017189,0.16,17.69,-2.7,80.79,0.07,-2.98,C0D430
打鐵坑,24.849664,121.150789,0.4,16.82,-4.31,81.57,0.64,-2.71,C0D480
橫山,24.71116,121.11693,-0.13,16.69,3.93,85.93,0.14,-2.29,C0D540
雪霸,24.526972,121.11605,-0.06,10.09,-7.21,70.57,0.0,-3.46,C0D550
竹東,24.767147,121.057881,1.4,18.74,-1.01,73.36,0.0,-2.38,C0D560
寶山,24.735006,121.025192,0.66,17.84,-1.46,79.21,0.04,-2.54,C0D580
新豐,24.87068,120.97721,0.65,17.89,5.13,85.36,0.14,-2.38,C0D590
湖口,24.904794,121.043628,0.0,17.79,-4.03,75.07,0.14,-2.03,C0D650
新竹市東區,24.798681,120.986942,0.17,18.32,-0.53,74.5,0.0,-1.88,C0D660
竹南,24.708978,120.888897,0.52,18.78,1.66,78.0,0.0,-2.03,C0E420
南庄,24.601775,121.000214,-0.16,16.41,7.1,90.43,0.39,-2.36,C0E430
明德,24.583486,120.885411,0.73,18.53,-2.4,78.57,0.0,-2.35,C0E550
通霄,24.471892,120.704622,0.25,18.41,-1.18,80.64,0.0,-1.92,C0E590
馬都安,24.451272,120.930192,0.27,15.09,0.24,81.93,0.0,-2.1,C0E610
頭份,24.688247,120.912206,1.27,19.64,0.47,73.93,0.0,-1.75,C0E730
造橋,24.637056,120.864778,0.24,18.48,-3.22,77.5,0.0,-2.45,C0E740
苗栗,24.564569,120.824575,0.45,18.81,-3.44,72.93,0.0,-2.12,C0E750
銅鑼,24.489681,120.790853,0.12,17.67,9.98,92.29,0.0,-2.16,C0E780
西湖,24.562947,120.7485,0.48,18.19,-0.97,81.5,0.0,-1.68,C0E810
獅潭,24.539133,120.920042,-0.2,16.51,-2.22,83.21,0.14,-2.56,C0E820
苑裡,24.439714,120.653053,-0.02,18.73,-0.01,77.43,0.0,-1.3,C0E830
大河,24.618069,120.948578,-2.16,15.81,-2.65,79.5,0.21,-1.77,C0E850
高鐵苗栗,24.60725,120.826094,-0.06,18.56,7.39,83.71,0.0,-1.44,C0E870
石岡,24.276061,120.777644,0.47,18.31,2.2,84.43,0.0,-1.12,C0F0B0
中坑,24.248517,120.903319,-0.7,15.16,-3.62,81.64,0.0,-1.79,C0F0C0
審馬陣,24.381675,121.4203,-0.72,4.12,-5.14,70.0,0.0,-2.92,C0F0D0
東勢,24.246428,120.833047,0.99,18.45,-1.5,79.21,0.0,-1.83,C0F850
大坑,24.173142,120.722289,1.31,20.49,-0.47,74.64,0.0,-1.61,C0F970
神岡,24.272481,120.658314,1.38,19.31,-10.94,71.56,0.0,-1.59,C0F9I0
大安,24.345061,120.588025,0.06,18.74,-1.23,79.21,0.0,-1.37,C0F9K0
后里,24.310436,120.729725,0.6,18.46,-3.72,77.79,0.0,-1.4,C0F9L0
豐原,24.254322,120.720692,1.35,19.46,-2.58,76.07,0.0,-1.43,C0F9M0
大里,24.092464,120.701378,0.8,21.09,-9.83,62.36,0.0,-1.45,C0F9N0
潭子,24.213106,120.703933,0.39,19.46,0.13,76.71,0.04,-1.39,C0F9O0
清水,24.312297,120.562242,-0.05,18.84,-1.3,79.57,0.0,-1.22,C0F9P0
外埔,24.347817,120.705686,1.04,19.15,-3.06,78.21,0.0,-1.47,C0F9Q0
龍井,24.184536,120.528972,0.31,19.54,-4.59,75.93,0.0,-1.34,C0F9R0
烏日,24.107058,120.624103,0.53,19.97,-1.53,71.79,0.0,-1.34,C0F9S0
西屯,24.179494,120.641275,0.33,19.16,-1.05,74.86,0.0,-1.32,C0F9T0
南屯,24.137006,120.637969,0.34,20.23,-1.11,71.57,0.0,-1.26,C0F9U0
新社,24.200172,120.815806,0.77,17.51,-7.4,77.79,0.0,-1.79,C0F9V0
大雅(中科園區),24.21528,120.62445,-0.25,18.49,-1.26,78.79,0.0,-1.17,C0F9X0
桃山,24.432739,121.303808,-0.36,4.02,-6.8,66.57,0.0,-2.36,C0F9Y0
雪山東峰,24.388792,121.268675,-0.3,4.79,-7.72,64.93,0.0,-3.01,C0F9Z0
芬園,24.015678,120.6213,-0.42,18.2,2.99,84.5,0.0,-1.4,C0G620
員林,23.946503,120.585597,1.64,21.19,-5.37,72.57,0.0,-1.11,C0G650
溪湖,23.94835,120.479122,1.81,21.05,11.3,91.79,0.0,-1.28,C0G660
溪州,23.851589,120.499093,0.1,19.51,-4.53,73.64,0.0,-1.1,C0G720
二林,23.903325,120.376081,0.08,19.14,2.02,86.0,0.0,-0.81,C0G730
大城,23.852487,120.320935,0.27,19.61,-24.6,53.57,0.0,-1.07,C0G740
福興,24.041289,120.437669,0.81,20.37,-6.02,72.71,0.0,-1.38,C0G770
秀水,24.03405,120.503869,0.45,19.95,-0.58,78.64,0.0,-1.34,C0G780
埔鹽,24.000394,120.431683,1.42,20.35,-0.92,81.36,0.0,-1.18,C0G800
埔心,23.947633,120.525456,0.89,20.4,20.33,99.29,0.0,-1.19,C0G810
田尾,23.901669,120.509389,0.7,19.92,-0.56,83.43,0.0,-1.19,C0G820
埤頭,23.866003,120.452806,0.32,19.44,11.92,97.14,0.0,-0.92,C0G830
社頭,23.897647,120.5862,0.93,20.84,4.32,79.71,0.0,-1.31,C0G860
二水,23.810742,120.6173,2.83,22.35,0.84,80.92,0.0,-1.12,C0G880
伸港,24.148933,120.484403,0.13,19.36,-2.69,76.0,0.0,-1.27,C0G890
線西,24.143358,120.443536,0.51,19.6,-4.95,77.43,0.0,-1.16,C0G900
花壇,24.032076,120.549461,0.64,20.85,1.68,80.36,0.0,-1.38,C0G910
埔里,23.972169,120.952425,-0.68,18.36,0.19,80.79,0.0,-0.77,C0H890
草屯,23.973672,120.68085,0.33,19.76,-4.64,72.64,0.0,-1.36,C0H960
昆陽,24.121322,121.273642,-0.25,4.5,-5.01,73.29,0.0,-2.64,C0H990
神木村,23.532742,120.843667,0.34,13.06,-6.05,78.0,0.0,-2.39,C0H9A0
合歡山,24.143442,121.272547,0.02,2.82,-5.21,78.36,0.14,-4.97,C0H9C0
廬山,24.033311,121.181808,0.66,14.2,-6.67,69.0,0.0,-2.24,C0I010
信義,23.689694,120.851036,-0.62,17.32,-4.83,78.43,0.0,-0.79,C0I080
竹山,23.761225,120.688156,0.34,19.3,-1.99,81.0,0.0,-1.34,C0I110
水里,23.812553,120.849792,-0.09,19.13,-7.08,74.07,0.0,-0.97,C0I360
魚池,23.895703,120.94135,-0.42,17.51,-7.31,77.86,0.04,-0.86,C0I370
集集,23.828206,120.801467,-0.09,19.31,-6.46,75.5,0.0,-0.84,C0I380
仁愛,24.022122,121.132206,-0.37,14.94,-5.34,75.79,0.0,-1.2,C0I390
名間,23.837053,120.701447,-0.37,18.83,-3.05,77.43,0.0,-0.73,C0I410
國姓,24.037803,120.855072,-0.68,18.54,-2.88,79.71,0.0,-0.89,C0I420
南投,23.911469,120.687331,-0.01,19.96,1.3,77.57,0.0,-1.06,C0I460
梅峰,24.085272,121.173572,-0.87,9.24,-0.64,78.5,0.07,-1.47,C0I480
萬大林道,23.928228,121.091411,-0.19,13.89,-10.15,69.07,0.0,-1.19,C0I490
小奇萊,24.131764,121.295717,-1.46,3.86,-6.68,76.64,0.0,-2.92,C0I530
崙背,23.75555,120.318925,-0.02,19.08,-2.93,77.29,0.0,-0.72,C0K250
四湖,23.630414,120.227125,0.65,19.91,-2.71,76.14,0.0,-0.85,C0K280
宜梧,23.536281,120.169329,0.48,19.77,-2.44,77.5,0.0,-0.82,C0K291
虎尾,23.719183,120.442036,0.38,19.74,1.34,79.21,0.0,-1.05,C0K330
土庫,23.679029,120.395574,0.08,19.54,3.42,81.64,0.0,-1.03,C0K390
斗六,23.720583,120.541127,-0.04,19.59,-6.5,74.14,0.0,-0.97,C0K400
北港,23.573957,120.292802,0.05,19.61,-5.22,74.79,0.0,-0.95,C0K410
西螺,23.800407,120.467394,0.16,19.51,-4.17,77.36,0.0,-1.04,C0K420
褒忠,23.690938,120.303634,0.21,19.4,-6.51,73.79,0.0,-0.88,C0K430
二崙,23.772797,120.408944,-0.02,19.09,1.14,81.14,0.0,-0.51,C0K440
大埤,23.646074,120.431537,0.08,19.61,-3.96,75.5,0.0,-0.8,C0K450
斗南,23.678734,120.478359,0.13,19.61,-2.76,76.07,0.0,-0.81,C0K460
林內,23.748675,120.609642,-0.14,19.19,-2.93,77.64,0.0,-0.79,C0K470
莿桐,23.761192,120.502372,0.03,19.23,-3.14,75.5,0.0,-0.63,C0K480
元長,23.64981,120.315024,0.15,19.54,-1.19,77.14,0.0,-0.98,C0K500
水林,23.572924,120.24597,0.32,19.8,-2.53,76.57,0.0,-1.09,C0K510
臺西,23.701547,120.197559,0.1,19.61,-1.14,78.5,0.0,-0.82,C0K530
蔦松,23.514319,120.229736,0.18,19.62,-2.53,78.5,0.0,-0.66,C0K550
棋山,23.68645,120.603417,-0.07,19.31,-2.46,79.5,0.0,-0.89,C0K560
高鐵雲林,23.737456,120.417944,-0.06,19.19,-2.01,80.14,0.0,-0.81,C0K580
東後寮,23.369908,120.248065,0.03,19.49,-1.54,78.14,0.0,-0.74,C0M520
奮起湖,23.493903,120.699253,0.5,14.47,-2.63,83.43,0.07,-1.54,C0M530
中埔,23.42538,120.5229,0.0,19.47,-4.55,75.93,0.0,-0.91,C0M640
朴子,23.43463,120.23902,-0.52,19.06,0.32,79.21,0.0,-0.78,C0M650
溪口,23.604131,120.403569,0.05,19.51,-4.23,74.86,0.0,-0.79,C0M660
大林,23.600616,120.45841,0.04,19.75,-5.25,73.57,0.0,-0.95,C0M670
太保,23.455062,120.331455,-0.17,19.65,-5.01,74.29,0.0,-0.86,C0M680
水上,23.419734,120.388909,0.01,19.71,1.87,80.29,0.0,-0.71,C0M690
竹崎,23.526178,120.555508,-0.05,19.41,-2.82,79.57,0.0,-1.14,C0M700
東石,23.458927,120.15385,0.25,19.87,-2.36,77.0,0.0,-0.92,C0M710
番路,23.464657,120.554156,-0.03,18.91,-1.83,80.07,0.0,-1.03,C0M720
嘉義市東區,23.457673,120.460531,0.19,20.94,-2.8,71.5,0.0,-0.91,C0M730
六腳,23.492871,120.290625,-0.04,19.57,-1.74,75.57,0.0,-0.83,C0M740
布袋,23.380878,120.167789,0.33,19.95,-5.06,75.93,0.0,-0.69,C0M750
民雄,23.551754,120.428457,0.1,19.96,-5.16,73.79,0.0,-0.83,C0M760
嘉義梅山,23.585398,120.555587,-0.06,19.27,0.91,82.14,0.0,-1.08,C0M770
鹿草,23.41134,120.30835,0.27,20.04,-2.52,74.93,0.0,-0.74,C0M780
新港,23.553269,120.345728,-0.02,19.67,-3.03,75.14,0.0,-0.91,C0M790
茶山,23.299075,120.664767,-0.5,18.96,-1.71,80.79,0.0,-0.76,C0M800
里佳,23.389125,120.716647,-0.04,14.81,-7.96,76.93,0.11,-1.02,C0M810
達邦,23.453994,120.749517,-0.17,16.54,-1.86,77.21,0.0,-0.97,C0M820
表湖,23.24186,120.64166,-0.67,17.49,-3.29,82.36,0.0,-0.97,C0M850
新美,23.338017,120.683169,-1.17,18.77,-4.79,78.21,0.04,-0.87,C0M860
北寮,23.079561,120.495008,-0.14,19.67,4.32,87.71,0.0,-0.62,C0O830
王爺宮,23.222064,120.40085,2.27,21.48,-7.53,74.29,0.0,-0.79,C0O840
大內,23.11885,120.36083,1.05,21.22,-0.11,81.36,0.0,-0.64,C0O860
善化,23.112883,120.297219,0.34,20.15,3.06,84.71,0.0,-0.75,C0O900
崎頂,22.959547,120.369317,0.61,19.94,3.42,85.14,0.04,-0.51,C0O960
虎頭埤,23.021375,120.347878,-0.07,19.62,0.31,81.92,0.0,-0.76,C0O970
新市,23.061614,120.298197,0.84,21.06,-1.24,77.07,0.0,-0.59,C0O980
媽廟,22.99175,120.293525,0.01,20.24,8.18,87.29,0.0,-0.58,C0O990
尾寮山,22.833111,120.683889,-0.31,15.86,0.42,88.8,0.0,-1.27,C0R100
阿禮,22.742908,120.743678,0.31,17.44,-0.53,76.29,0.0,-0.68,C0R130
瑪家,22.682903,120.686639,-0.32,17.52,4.89,92.79,0.0,-0.8,C0R140
三地門,22.709889,120.639944,0.24,21.63,-13.4,62.14,0.0,-0.94,C0R150
鹽埔,22.739558,120.530778,0.28,21.32,-3.61,82.21,0.04,-0.6,C0R160
屏東,22.660269,120.494072,0.85,22.32,-7.66,71.71,0.0,-0.58,C0R170
赤山,22.592333,120.614306,0.01,21.31,2.25,84.79,0.0,-0.62,C0R190
潮州,22.534361,120.54,0.88,22.17,-1.77,76.57,0.0,-1.0,C0R220
來義,22.527306,120.625111,-1.02,19.95,6.21,89.43,0.0,-0.72,C0R240
春日,22.370361,120.628306,-0.78,20.74,-11.79,68.0,0.0,-0.54,C0R260
琉球嶼,22.332244,120.362236,-0.12,21.88,-7.35,73.29,0.0,-1.08,C0R270
車城,22.0744,120.716247,1.62,23.7,-1.16,69.17,0.0,-0.39,C0R320
牡丹,22.130036,120.792639,0.79,20.33,5.57,89.57,0.14,-0.78,C0R341
貓鼻頭,21.921774,120.7358,0.67,23.13,-2.69,72.21,0.0,-0.81,C0R350
大漢山,22.405264,120.753181,1.03,11.67,-1.41,95.07,0.43,-1.46,C0R440
高樹,22.826389,120.600806,0.22,21.69,-4.62,74.14,0.0,-0.75,C0R470
長治,22.693128,120.542622,0.71,22.2,-3.17,78.21,0.0,-0.6,C0R480
九如,22.7405,120.490503,0.4,21.89,-7.9,73.79,0.0,-0.61,C0R490
崁頂,22.514781,120.506914,-0.29,21.34,-4.39,78.14,0.0,-0.71,C0R520
佳冬,22.419456,120.552375,-0.28,21.54,-1.69,79.79,0.0,-0.64,C0R540
新埤,22.467947,120.582894,-0.27,21.23,-6.6,75.29,0.0,-0.73,C0R550
新園,22.5434,120.461558,0.84,22.31,-9.51,69.43,0.0,-0.68,C0R560
麟洛,22.65078,120.52719,1.15,23.03,0.74,78.36,0.0,-0.56,C0R570
南州,22.48591,120.50274,-0.32,21.13,-2.19,79.29,0.0,-0.9,C0R580
里港,22.77919,120.49459,-0.46,20.81,-0.41,79.07,0.0,-0.77,C0R590
舊泰武,22.588194,120.664944,0.05,18.14,-2.5,85.64,0.11,-0.68,C0R600
墾雷,21.900836,120.855269,0.06,22.96,5.33,83.43,0.0,-0.56,C0R620
東港,22.46247,120.44074,-0.02,22.19,-4.94,75.14,0.0,-0.18,C0R640
竹田,22.58486,120.54344,-0.12,21.66,-9.93,74.07,0.0,-0.24,C0R650
枋寮,22.367722,120.590647,0.65,21.79,2.78,83.07,0.04,-0.25,C0R660
楓港,22.190131,120.692156,0.19,22.59,1.12,66.21,0.0,-0.55,C0R670
佳樂水,21.993578,120.861633,0.87,23.23,-2.21,73.14,0.0,-0.56,C0R680
墾丁,21.966756,120.810269,1.18,21.0,-3.58,79.64,0.0,-0.6,C0R690
枋山,22.246844,120.661086,0.37,22.24,4.46,73.71,0.0,-0.95,C0R700
龍磐,21.931672,120.838942,-0.12,22.21,-5.39,79.86,0.0,-0.12,C0R710
旭海,22.205403,120.887614,0.59,20.72,14.52,96.0,0.21,-2.48,C0R720
大坪頂,22.024633,120.69355,-0.34,21.43,6.27,83.64,0.0,-0.19,C0R730
獅子,22.201569,120.70525,-0.52,22.54,-1.33,68.36,0.0,-0.06,C0R740
四林格山,22.076989,120.802439,0.35,18.39,-8.24,89.57,0.25,-1.44,C0R750
南仁湖,22.084681,120.863353,-0.03,19.69,-0.58,91.86,0.29,-2.03,C0R760
保力,22.071122,120.764111,-0.14,21.87,-1.29,78.14,0.0,-0.25,C0R770
滿州,22.024403,120.839892,0.14,22.56,-6.16,74.21,0.0,-0.34,C0R780
九棚,22.14195,120.889281,-0.1,21.94,-6.11,77.14,0.25,-1.69,C0R790
丹路,22.204481,120.750989,-0.15,21.86,-0.79,74.14,0.11,0.08,C0R800
內獅,22.305064,120.642986,-0.62,21.91,9.3,94.43,0.0,-0.53,C0R810
白鷺,22.454275,120.666219,-0.3,18.96,-2.81,86.0,0.0,-0.06,C0R820
高士,22.121825,120.836781,0.05,19.24,-5.23,86.64,0.39,-1.61,C0R830
牡丹池山,22.168389,120.841225,-0.1,17.91,-4.37,93.57,0.64,-1.7,C0R840
太麻里,22.60902,120.98533,0.8,18.51,1.21,83.43,0.21,-2.01,C0S690
知本,22.684866,121.005642,0.55,17.94,1.96,88.33,0.0,-3.3,C0S700
鹿野,22.917711,121.122994,0.89,18.4,0.9,84.71,0.0,-2.43,C0S710
綠島,22.6672,121.47533,0.73,21.51,6.49,91.43,0.43,-4.63,C0S730
池上,23.119628,121.209469,0.63,18.65,-0.6,85.21,0.18,-2.04,C0S740
大溪山,22.478475,120.943325,0.43,18.91,1.2,84.07,0.0,-2.49,C0S770
金崙,22.538122,120.966875,0.91,20.59,-1.39,79.86,0.0,-2.29,C0S790
東河,22.972672,121.303986,-0.31,20.97,1.89,79.86,0.11,-1.97,C0S810
長濱,23.286817,121.411975,0.88,20.06,-3.42,77.43,0.18,-2.76,C0S830
南田,22.279725,120.889208,0.48,22.71,18.26,95.86,0.0,-1.79,C0S840
關山,23.0395,121.175017,0.24,19.39,0.72,83.5,0.0,-0.69,C0S890
蘭嶼高中,22.04909,121.51214,0.11,23.13,2.26,79.21,6.43,-2.84,C0S900
蘭嶼燈塔,22.081197,121.503117,0.3,21.46,-1.27,86.64,2.93,-2.75,C0S910
金峰嘉蘭,22.594789,120.960825,0.63,20.56,2.17,82.14,0.07,-1.18,C0S920
延平,22.902581,121.084058,0.47,19.51,2.13,81.07,0.0,-1.02,C0S930
石寧山,23.223772,121.406639,0.49,19.92,1.94,83.25,0.08,-1.89,C0S940
香蘭,22.587569,120.993375,0.89,22.11,6.24,77.86,0.0,-0.81,C0S960
加津林,22.416211,120.926942,0.94,22.56,1.0,72.0,0.0,-0.95,C0S970
勝林山,22.430439,120.8938,0.6,14.98,1.05,96.14,0.39,-2.26,C0S980
山豬窟,22.318619,120.857372,0.7,19.15,-0.96,82.07,0.0,-1.42,C0S990
歷坵,22.520969,120.89185,0.88,18.32,5.75,89.5,0.04,-0.41,C0SA00
檳榔四格山,22.810031,121.109308,0.97,18.89,0.78,85.71,0.0,-1.02,C0SA10
金崙山,22.567419,120.959667,0.79,15.51,-0.05,92.57,1.18,-0.71,C0SA20
都歷,23.020333,121.323642,1.32,21.37,20.19,95.5,0.0,-1.3,C0SA30
瑞和,22.974361,121.156697,0.56,19.41,11.34,92.0,0.0,-1.08,C0SA40
知本（水試所）,22.702394,121.082761,-0.32,21.61,-1.86,75.64,0.0,-0.12,C0SA60
土坂,22.453108,120.887572,1.56,21.32,1.46,80.71,0.04,-1.1,C0SA80
達仁林場,22.264347,120.823972,0.26,18.49,-5.84,86.79,0.0,-1.56,C0SA90
大禹嶺,24.186117,121.316086,0.41,6.66,-11.82,72.07,0.0,-3.41,C0T790
天祥,24.179597,121.495639,0.59,16.26,-1.2,86.07,0.0,-4.64,C0T820
鯉魚潭,23.935639,121.508944,-0.15,17.76,2.24,90.79,0.61,-3.52,C0T870
西林,23.8119,121.441458,0.76,18.91,1.91,86.29,0.64,-3.4,C0T900
光復,23.660694,121.424964,0.29,18.71,-1.78,88.64,1.71,-3.07,C0T960
月眉山,23.809928,121.539828,0.72,17.12,-0.99,91.93,0.71,-4.15,C0T9A0
水源,23.991861,121.537169,0.44,16.64,1.79,90.86,1.46,-3.9,C0T9B0
和中,24.26676,121.74103,-0.2,19.48,16.97,99.0,0.54,-6.04,C0T9D0
大坑,23.880628,121.581981,0.48,17.32,1.87,91.43,1.14,-3.31,C0T9E0
水璉,23.797131,121.542514,0.27,18.89,0.1,85.79,0.32,-3.85,C0T9F0
鳳林山,23.735269,121.420131,-0.39,16.34,-0.77,92.5,1.79,-3.94,C0T9G0
加路蘭山,23.682947,121.5274,0.67,15.73,2.57,97.57,1.43,-5.6,C0T9H0
靜浦,23.455167,121.495028,0.79,20.16,-2.0,83.21,2.07,-3.02,C0T9M0
雙連埤,24.753033,121.641303,-0.04,14.47,-1.69,95.29,4.93,-9.46,C0U520
礁溪,24.817539,121.765608,0.33,18.59,-4.59,85.36,2.07,-6.25,C0U600
玉蘭,24.675286,121.587061,0.15,15.73,-6.59,85.0,6.18,-5.28,C0U650
太平山,24.505486,121.525656,0.87,8.54,1.29,93.36,4.82,-3.67,C0U710
南山,24.43742,121.38167,-0.28,11.79,-0.38,93.0,2.04,-3.52,C0U720
東澳,24.52196,121.83318,-0.38,18.38,7.68,98.57,6.96,-10.6,C0U760
南澳,24.44935,121.81022,0.05,19.45,-0.94,80.79,1.21,-5.78,C0U770
五結,24.68637,121.79794,-0.08,17.96,-0.51,86.71,3.89,-18.49,C0U780
頭城,24.85323,121.8308,0.21,18.81,-0.66,87.07,3.29,-4.42,C0U860
大礁溪,24.791042,121.675047,0.24,15.72,2.83,93.64,3.07,-9.9,C0U870
三星,24.66812,121.65302,0.13,17.61,5.98,96.0,3.61,-12.58,C0U890
內城,24.71813,121.68766,0.43,18.21,-1.53,88.5,3.89,-10.19,C0U900
冬山,24.63373,121.7937,0.48,18.51,8.73,97.57,4.96,-28.36,C0U910
羅東,24.68184,121.74934,0.68,18.26,-2.29,87.79,3.0,-19.44,C0U940
鶯子嶺,24.89754,121.79244,0.02,11.87,0.67,98.5,9.54,-8.37,C0U950
翠峰湖,24.510856,121.608044,-0.13,8.03,-5.17,90.64,4.07,-7.86,C0U960
大福,24.80064,121.81389,-0.04,18.41,-5.2,84.0,3.71,-7.23,C0U970
坪林石牌,24.86478,121.77396,0.25,14.86,-0.22,96.0,3.79,-4.76,C0U980
員山,24.74435,121.72247,0.22,18.37,0.29,88.79,2.07,-13.41,C0U990
土場,24.576533,121.495333,-0.09,16.06,-4.28,89.07,0.86,-5.89,C0UA00
鴛鴦湖,24.590269,121.412228,-0.21,9.01,0.66,97.93,7.0,-11.95,C0UA10
白嶺,24.527819,121.519031,-0.37,10.63,1.06,96.79,7.89,-1.14,C0UA30
西德山,24.560647,121.752608,-0.48,11.86,2.54,97.86,13.21,-15.98,C0UA40
西帽山,24.555361,121.802628,-0.44,13.36,-0.96,95.86,23.82,-20.99,C0UA50
樟樹山,24.41393,121.78325,-0.07,15.81,8.29,98.0,1.61,-7.29,C0UA60
桃源谷,24.962606,121.888875,-0.16,14.81,2.03,97.71,14.93,-14.28,C0UA70
復興,23.222403,120.806089,-0.23,18.17,0.83,78.36,0.0,-1.08,C0V210
美濃,22.898742,120.519153,1.24,21.92,-3.92,76.93,0.0,-0.72,C0V310
溪埔,22.738578,120.446797,0.0,20.98,0.54,80.14,0.0,-0.67,C0V350
內門,22.975481,120.466769,0.93,20.64,-1.01,80.5,0.0,-0.42,C0V360
古亭坑,22.893178,120.401947,0.09,19.78,0.36,83.86,0.0,-0.68,C0V370
阿公店,22.804194,120.355528,-0.35,19.94,-1.92,78.57,0.0,-0.24,C0V400
鳳山,22.646653,120.356122,-0.24,21.21,6.45,80.93,0.0,-0.46,C0V440
鳳森,22.545064,120.392592,0.21,21.59,-2.06,73.64,0.0,-0.48,C0V450
新興,22.627422,120.298803,0.59,21.96,-2.61,70.71,0.0,-0.45,C0V490
阿蓮,22.883208,120.327508,1.1,21.49,-10.06,70.86,0.0,-0.5,C0V530
梓官,22.760558,120.267211,0.73,21.09,-0.96,73.79,0.0,-0.26,C0V610
永安,22.82315,120.236856,-0.0,20.57,-2.86,75.21,0.0,-0.47,C0V620
茄萣,22.906642,120.182608,0.42,20.78,2.21,76.64,0.0,-0.36,C0V630
湖內,22.887139,120.2445,-0.06,20.39,-2.77,74.43,0.0,-0.44,C0V640
彌陀,22.783806,120.246361,0.54,21.41,-1.49,75.5,0.0,-0.37,C0V650
岡山,22.797078,120.294958,0.66,21.72,-1.65,72.86,0.0,-0.36,C0V660
仁武,22.701083,120.347722,-0.08,21.29,4.28,81.0,0.0,-0.44,C0V680
鼓山,22.623325,120.275575,-0.08,21.26,-0.71,75.43,0.0,-0.39,C0V690
三民,22.645017,120.311233,0.07,21.99,1.15,71.93,0.0,-0.36,C0V700
苓雅,22.622742,120.330669,0.64,22.42,5.51,75.79,0.0,-0.42,C0V710
林園,22.507747,120.394511,0.81,23.42,0.27,71.07,0.0,-0.46,C0V720
大寮,22.605614,120.395717,-0.1,21.79,0.35,73.71,0.0,-0.62,C0V730
旗山,22.888614,120.483597,0.73,21.49,-0.65,76.93,0.0,-0.29,C0V740
路竹,22.854997,120.259439,0.7,21.59,-1.89,74.14,0.0,-0.54,C0V750
橋頭,22.757806,120.30575,0.07,21.42,-1.65,74.14,0.0,-0.3,C0V760
大社,22.730306,120.346639,-0.21,20.84,4.12,79.14,0.0,-0.34,C0V770
萬山,22.905944,120.688056,0.04,19.86,-1.41,77.0,0.0,-0.8,C0V790
六龜,22.997889,120.633583,0.02,20.81,2.98,82.14,0.0,-0.75,C0V800
左營,22.67491,120.28491,-0.2,20.93,-4.91,74.64,0.0,-0.31,C0V810
小林,23.148408,120.63325,0.3,19.41,0.62,82.21,0.0,-1.17,C0V820
東莒,25.9652,119.98069,1.33,15.7,1.13,76.29,0.0,-0.6,C0W110
金沙,24.488292,118.408778,0.76,17.49,-1.74,65.64,0.0,-0.29,C0W140
金寧,24.457703,118.328989,0.76,18.14,-0.14,67.64,0.0,-0.25,C0W150
東河,23.296598,120.385608,-0.13,19.81,-8.1,73.21,0.0,-0.64,C0X050
下營,23.22695,120.256261,0.3,19.99,-7.19,73.64,0.0,-0.57,C0X060
佳里,23.173039,120.145086,0.41,20.13,-1.03,78.21,0.0,-0.78,C0X080
臺南市北區,23.010394,120.194228,0.31,20.74,3.68,78.71,0.0,-0.46,C0X100
臺南市南區,22.961189,120.188378,-0.17,20.74,0.18,74.43,0.0,-0.47,C0X110
麻豆,23.183289,120.248611,0.82,20.85,1.84,81.93,0.0,-0.52,C0X120
官田,23.193217,120.315422,0.34,20.64,-1.56,76.93,0.0,-0.53,C0X130
西港,23.125608,120.203108,-0.0,20.03,1.97,81.36,0.0,-0.59,C0X140
安定,23.102614,120.227839,0.42,20.16,0.39,82.86,0.0,-0.43,C0X150
仁德,22.968258,120.257689,0.16,20.85,0.47,76.42,0.0,-0.48,C0X160
關廟,22.963017,120.327797,-0.85,19.56,3.04,79.79,0.0,-0.58,C0X170
山上,23.0757,120.363253,0.5,20.31,-2.98,79.07,0.0,-0.69,C0X180
安平,22.993161,120.152181,0.14,20.44,-2.97,75.57,0.0,-0.42,C0X190
左鎮,23.056758,120.408522,1.13,20.45,-5.05,79.36,0.0,-0.73,C0X200
白河,23.347466,120.414427,-0.11,19.86,-4.1,75.43,0.0,-0.71,C0X210
學甲,23.230367,120.182187,0.32,19.91,-1.37,77.71,0.0,-0.57,C0X220
鹽水,23.272621,120.247641,0.03,19.52,-3.21,78.29,0.0,-0.66,C0X230
關子嶺,23.331169,120.508025,-0.48,17.7,0.73,88.07,0.0,-0.95,C0X240
新營,23.310689,120.316681,0.09,19.99,-1.01,77.43,0.0,-0.64,C0X250
後壁,23.366358,120.362326,0.08,19.76,-4.96,75.29,0.0,-0.68,C0X260
將軍,23.214999,120.13577,-0.02,19.67,-1.5,77.86,0.0,-0.42,C0X280
北門,23.267772,120.125481,0.28,19.98,1.6,81.21,0.0,-0.48,C0X290
鹿寮,23.386047,120.477331,-0.04,19.46,2.42,86.0,0.0,-0.54,C0X300
柳營,23.253328,120.375253,-0.8,20.02,-2.54,74.71,0.0,-0.12,C0X320
明里,23.208717,121.262342,0.68,18.67,1.9,87.29,0.29,-1.73,C0Z020
佳心,23.34567,121.21316,0.45,15.04,8.67,98.07,0.0,-3.37,C0Z050
玉里,23.3215,121.339656,0.71,18.87,2.19,88.57,0.25,-3.54,C0Z061
舞鶴,23.46811,121.37407,0.77,18.27,7.71,98.86,0.57,-3.22,C0Z070
富源,23.587642,121.378225,0.74,18.06,-2.59,90.29,2.11,-1.82,C0Z080
東華,23.89525,121.549833,0.25,19.52,2.22,88.29,0.07,-2.4,C0Z100
吉安光華,23.930925,121.595153,0.3,20.09,-16.37,72.14,0.07,-1.64,C0Z150
鳳林,23.746114,121.453411,-0.0,18.89,-4.74,81.93,0.61,-1.56,C0Z160
卓溪,23.3443,121.3029,-0.11,18.85,1.31,83.64,0.39,-1.19,C0Z170
富世,24.14743,121.6297,0.1,20.08,-2.39,80.29,0.36,-1.52,C0Z190
萬榮,23.709219,121.420106,0.04,18.63,-2.66,84.36,1.29,-1.08,C0Z200
瑞穗,23.5239,121.39021,0.44,18.86,1.94,89.14,1.61,-0.65,C0Z210
和平林道,24.343922,121.656317,-0.4,15.83,-1.97,87.93,0.71,-3.15,C0Z220
和平,24.30717,121.77007,-0.43,19.54,2.28,74.5,0.43,-4.61,C0Z230
瑞穗林道,23.49284,121.30688,1.69,14.79,1.02,97.0,5.36,-0.09,C0Z250
蕃薯寮,23.73835,121.540108,0.43,17.91,-5.71,84.79,0.29,-5.65,C0Z270
德武,23.47426,121.41071,-0.02,18.42,-1.67,88.36,0.93,-1.26,C0Z280
赤柯山,23.36893,121.38293,0.2,14.24,2.63,97.29,1.25,-4.23,C0Z290
東里,23.26853,121.30547,0.29,18.99,-5.13,85.07,0.07,-1.44,C0Z300
清水斷崖,24.218294,121.689142,-0.48,19.73,2.38,81.36,0.96,-1.24,C0Z310
清水林道,23.27125,121.188272,-0.06,15.76,-0.56,89.21,2.5,-0.8,C0Z320
安通山,23.290728,121.348528,-0.57,16.63,2.04,91.14,0.32,-1.62,C0Z330
口湖工作站,23.589978,120.180394,0.78,19.94,-0.31,73.62,0.0,-0.7,12J990
東港工作站,22.479997,120.466058,0.21,22.25,-3.92,65.08,0.0,-0.2,12Q970
恆春工作站,22.079678,120.714425,0.46,23.45,1.16,64.08,0.0,-0.15,12Q980
萬大發電廠,23.978875,121.139639,-0.86,15.52,-7.33,75.08,0.0,-0.94,42HA10
桃改樹林分場,24.944503,121.386972,0.41,18.79,-8.38,75.62,1.54,-3.65,72AI40
桃園農改場,24.950944,121.030583,1.02,18.81,-1.25,78.67,0.54,-2.01,72C440
桃改五峰分場,24.612194,121.157167,1.15,14.2,-3.58,82.23,0.5,-2.85,72D080
桃改新埔分場,24.834444,121.066111,0.62,18.68,-5.43,77.38,0.04,-1.56,72D680
臺中農改場,24.003028,120.534389,0.62,19.63,3.05,80.77,0.0,-1.25,72G600
中改埔里分場,23.903208,120.963364,-0.76,16.85,-2.45,84.46,0.0,-1.21,72HA00
南改斗南分場,23.634556,120.477333,0.9,19.86,-0.39,78.54,0.08,-1.04,72K220
南改義竹分場,23.360694,120.279361,0.64,19.75,-2.39,77.77,0.0,-0.84,72M360
南改鹿草分場,23.416869,120.283061,0.54,19.9,-0.34,77.92,0.0,-0.92,72M700
臺南農改場,23.0605,120.342194,-0.0,19.91,3.21,82.15,0.0,-0.67,72N100
七股研究中心,23.081672,120.062894,1.14,20.58,-0.62,79.69,0.04,-0.43,72N240
高雄農改場,22.709333,120.525889,0.36,21.75,3.67,80.69,0.0,-0.83,72Q010
東改班鳩分場,22.829528,121.077694,0.71,19.76,-1.45,77.54,0.0,-2.41,72S200
東改賓朗果園,22.813889,121.071278,0.55,19.5,-3.58,80.38,0.04,-2.62,72S590
花蓮農改場,23.975222,121.563889,0.69,19.96,0.54,81.55,0.68,-2.49,72T250
花改蘭陽分場,24.686306,121.716583,0.6,18.55,2.3,86.62,4.15,-7.67,72U480
高改旗南分場,22.857861,120.516667,-0.2,20.72,5.0,79.15,0.0,-0.63,72V140
茶改北部分場,24.955778,121.631222,0.65,16.12,2.11,88.85,3.15,-4.23,82A750
茶改場,24.908472,121.185333,0.88,17.78,-1.95,80.46,0.42,-3.3,82C160
茶改中部分場,23.875611,120.913583,-0.24,16.84,-2.07,80.46,0.0,-1.54,82H320
茶改南部分場,23.762528,120.7405,-0.2,17.71,-3.12,82.92,0.0,-1.56,82H840
茶改東部分場,22.907694,121.130139,0.49,19.95,0.49,79.0,0.0,-2.26,82S580
農工中心,24.985917,121.239833,1.45,18.82,-0.68,75.15,0.08,-3.14,A2C560
水試臺西試驗場,23.717231,120.190522,0.28,20.45,1.37,81.38,0.0,-0.86,A2K360
臺大雲林校區,23.730628,120.423903,0.2,19.45,-0.66,79.38,0.0,-0.29,A2K630
臺南蘭花園區,23.340258,120.379661,0.27,20.15,-0.14,78.77,0.0,-0.09,A2N290
畜試北區分所,24.527806,120.770972,-0.04,18.02,0.62,81.62,0.0,-1.67,B2E890
畜產試驗所,23.058972,120.336406,0.37,19.83,2.81,82.54,0.0,-0.76,B2N890
畜試南區分所,21.945583,120.802167,0.47,23.17,-3.66,68.85,0.0,-1.09,B2Q810
畜試東區分所,24.669039,121.832561,0.56,18.67,2.68,92.77,4.65,-41.1,B2U990
蓮華池,23.918333,120.885278,-0.18,16.67,-1.9,84.69,0.0,-1.43,E2H360
林試畢祿溪站,24.226944,121.308522,-2.2,7.61,-1.18,80.0,0.0,-2.65,E2HA20
四湖植物園,23.676986,120.163433,0.69,20.37,2.79,87.92,0.0,-0.85,E2K600
林試六龜中心,22.991703,120.645722,-0.62,19.96,2.16,82.85,0.0,-0.16,E2P980
林試太麻里2,22.598,120.99775,-0.12,21.68,-0.92,74.46,0.0,-0.26,E2S960
林試太麻里1,22.598922,120.980044,0.24,20.92,-0.74,77.69,0.27,-0.11,E2S980
農試所(霧峰),24.031261,120.688133,0.59,19.78,2.17,81.0,0.0,-1.17,G2F820
農試嘉義分所,23.485028,120.473806,0.61,19.42,-0.09,80.0,0.0,-1.15,G2L020
農試溪口農場,23.58565,120.408111,0.38,20.11,-5.75,76.31,0.0,-1.3,G2M350
農試鳳山分所,22.646611,120.356083,0.15,21.53,0.73,74.0,0.0,-0.94,G2P820
苗栗農改場,24.495722,120.829111,0.27,17.75,1.44,82.23,0.0,-1.64,K2E360
苗改生物防治研究中心,24.422861,120.871833,-0.44,16.4,-2.87,82.38,0.0,-1.78,K2E710
種苗改良場,24.225972,120.800917,0.39,16.94,5.88,84.85,0.0,-1.95,K2F750
溪頭,23.670306,120.798194,-0.24,13.68,1.4,88.0,0.0,-1.61,U2H480
臺大和社,23.590856,120.888864,-0.03,16.67,-1.72,80.15,0.04,-1.06,U2HA30
臺大內茅埔,23.689722,120.851117,-0.43,17.58,-4.53,78.23,0.0,-1.17,U2HA40
臺大竹山,23.756972,120.681556,0.02,19.65,-4.19,75.92,0.0,-0.95,U2HA50
臺大竹山,23.756972,120.681556,0.02,19.65,-4.19,75.92,0.0,-0.95,U2HA50
臺大內茅埔,23.689722,120.851117,-0.43,17.58,-4.53,78.23,0.0,-1.17,U2HA40
臺大和社,23.590856,120.888864,-0.03,16.67,-1.72,80.15,0.04,-1.06,U2HA30
臺大溪頭,23.670306,120.798194,-0.24,13.68,1.4,88.0,0.0,-1.61,U2H480
種苗繁殖,24.225972,120.800917,0.39,16.94,5.88,84.85,0.0,-1.95,K2F750
苗改生物防治研究中心,24.422861,120.871833,-0.44,16.4,-2.87,82.38,0.0,-1.78,K2E710
苗栗農改,24.495722,120.829111,0.27,17.75,1.44,82.23,0.0,-1.64,K2E360
農試鳳山分所,22.646611,120.356083,0.15,21.53,0.73,74.0,0.0,-0.94,G2P820
農試溪口農場,23.58565,120.408111,0.38,20.11,-5.75,76.31,0.0,-1.3,G2M350
農試嘉義分所,23.485028,120.473806,0.61,19.42,-0.09,80.0,0.0,-1.15,G2L020
農業試驗所,24.031261,120.688133,0.59,19.78,2.17,81.0,0.0,-1.17,G2F820
林試太麻里1,22.598922,120.980044,0.24,20.92,-0.74,77.69,0.27,-0.11,E2S980
林試太麻里2,22.598014,120.989761,-0.12,21.68,-0.92,74.46,0.0,-0.26,E2S960
林試六龜中心,22.991703,120.645722,-0.62,19.96,2.16,82.85,0.0,-0.16,E2P980
四湖植物園,23.676986,120.163433,0.69,20.37,2.79,87.92,0.0,-0.85,E2K600
林試畢祿溪站,24.226944,121.308522,-2.2,7.61,-1.18,80.0,0.0,-2.65,E2HA20
蓮華池,23.918333,120.885278,-0.18,16.67,-1.9,84.69,0.0,-1.43,E2H360
畜試東區分所,24.669039,121.832561,0.56,18.67,2.68,92.77,4.65,-41.1,B2U990
畜試南區分所,21.945583,120.802167,0.47,23.17,-3.66,68.85,0.0,-1.09,B2Q810
畜試所,23.058972,120.336406,0.37,19.83,2.81,82.54,0.0,-0.76,B2N890
畜試北區分所,24.527806,120.770972,-0.04,18.02,0.62,81.62,0.0,-1.67,B2E890
臺南蘭花園區,23.340258,120.379661,0.27,20.15,-0.14,78.77,0.0,-0.09,A2N290
臺大雲林校區,23.730628,120.423903,0.2,19.45,-0.66,79.38,0.0,-0.29,A2K630
水試臺西試驗場,23.717231,120.190522,0.28,20.45,1.37,81.38,0.0,-0.86,A2K360
農工中心,24.985917,121.239833,1.45,18.82,-0.68,75.15,0.08,-3.14,A2C560
茶改東部分場,22.907694,121.130139,0.49,19.95,0.49,79.0,0.0,-2.26,82S580
茶改南部分場,23.762528,120.7405,-0.2,17.71,-3.12,82.92,0.0,-1.56,82H840
茶改中部分場,23.875611,120.913583,-0.24,16.84,-2.07,80.46,0.0,-1.54,82H320
茶改場,24.908472,121.185333,0.88,17.78,-1.95,80.46,0.42,-3.3,82C160
茶改北部分場,24.955778,121.631222,0.65,16.12,2.11,88.85,3.15,-4.23,82A750
高改旗南分場,22.857861,120.516667,-0.2,20.72,5.0,79.15,0.0,-0.63,72V140
花改蘭陽分場,24.686306,121.716583,0.6,18.55,2.3,86.62,4.15,-7.67,72U480
花蓮農改,23.975222,121.563889,0.69,19.96,0.54,81.55,0.68,-2.49,72T250
東改賓朗果園,22.813889,121.071278,0.55,19.5,-3.58,80.38,0.04,-2.62,72S590
東改班鳩分場,22.829528,121.077694,0.71,19.76,-1.45,77.54,0.0,-2.41,72S200
高雄農改,22.709333,120.525889,0.36,21.75,3.67,80.69,0.0,-0.83,72Q010
七股研究中心,23.081672,120.062894,1.14,20.58,-0.62,79.69,0.04,-0.43,72N240
臺南農改,23.0605,120.342194,-0.0,19.91,3.21,82.15,0.0,-0.67,72N100
南改鹿草分場,23.416869,120.283061,0.54,19.9,-0.34,77.92,0.0,-0.92,72M700
南改義竹分場,23.360694,120.279361,0.64,19.75,-2.39,77.77,0.0,-0.84,72M360
南改斗南分場,23.634556,120.477333,0.9,19.86,-0.39,78.54,0.08,-1.04,72K220
中改埔里分場,23.903208,120.963364,-0.76,16.85,-2.45,84.46,0.0,-1.21,72HA00
臺中農改,24.003028,120.534389,0.62,19.63,3.05,80.77,0.0,-1.25,72G600
桃改新埔分場,24.834444,121.066111,0.62,18.68,-5.43,77.38,0.04,-1.56,72D680
桃改五峰分場,24.612194,121.157167,1.15,14.2,-3.58,82.23,0.5,-2.85,72D080
桃園農改,24.950944,121.030583,1.02,18.81,-1.25,78.67,0.54,-2.01,72C440
桃改樹林分場,24.944503,121.386972,0.41,18.79,-8.38,75.62,1.54,-3.65,72AI40
萬大發電廠,23.978875,121.139639,-0.86,15.52,-7.33,75.08,0.0,-0.94,42HA10
恆春工作站,22.079678,120.714425,0.46,23.45,1.16,64.08,0.0,-0.15,12Q980
東港工作站,22.479997,120.466058,0.21,22.25,-3.92,65.08,0.0,-0.2,12Q970
口湖工作站,23.589978,120.180394,0.78,19.94,-0.31,73.62,0.0,-0.7,12J990
