站名,緯度,經度,平均溫距平,本年度平均溫,平均溼度距平,本年度日均相對溼度,本年度日均降水量,日均降水量距平,站號
淡水,25.164889,121.448906,2.89,21.53,-8.57,69.33,0.0,-4.33,466900
鞍部,25.182586,121.529731,2.22,15.23,-3.96,87.33,0.03,-15.31,466910
臺北,25.037658,121.514853,1.97,21.63,-4.06,69.67,0.03,-4.11,466920
竹子湖,25.162078,121.544547,2.41,17.17,-4.11,82.33,0.0,-13.65,466930
基隆,25.133314,121.740475,1.57,20.93,0.01,74.67,0.03,-11.2,466940
花蓮,23.975128,121.613275,0.21,21.0,-1.88,70.33,0.03,-4.45,466990
新屋,25.006744,121.047486,1.49,20.17,1.15,76.0,0.0,-3.63,467050
宜蘭,24.763975,121.756528,1.02,20.2,0.4,79.0,2.17,-6.17,467080
金門,24.407306,118.289281,1.62,19.0,8.2,76.33,0.0,-0.77,467110
田中,23.873803,120.581286,-0.34,19.9,11.6,84.0,0.0,0.0,467270
澎湖,23.565503,119.563094,0.96,21.67,3.37,78.33,0.0,-1.61,467350
臺南,22.993239,120.204772,0.54,21.43,2.37,75.0,0.0,-1.35,467410
永康,23.038386,120.2367,0.59,21.13,4.99,77.67,0.0,-1.17,467420
嘉義,23.495925,120.432906,-0.33,19.47,8.79,84.67,0.0,-1.51,467480
臺中,24.145736,120.684075,0.44,20.6,6.37,77.0,0.0,-1.47,467490
阿里山,23.508208,120.813242,-0.41,8.5,-13.46,66.67,0.0,-2.9,467530
大武,22.355675,120.903789,0.28,22.87,-2.7,66.33,0.0,-2.89,467540
玉山,23.487614,120.959522,-0.22,2.4,1.15,60.0,0.0,-3.9,467550
新竹,24.827853,121.014219,1.23,20.37,-1.5,72.67,0.0,-2.71,467571
恆春,22.003897,120.746339,0.53,23.7,-2.28,66.0,0.0,-1.8,467590
成功,23.097486,121.373428,0.5,21.7,-2.47,70.33,0.03,-4.84,467610
日月潭,23.881325,120.90805,-0.03,16.77,-2.07,73.0,0.0,-1.88,467650
臺東,22.752211,121.154586,0.49,22.33,-3.75,66.33,0.0,-3.55,467660
馬祖,26.169269,119.923419,2.29,17.5,11.57,87.33,0.0,-1.94,467990
山佳,24.974944,121.402008,1.98,21.13,-4.93,72.33,0.0,-3.99,C0A520
坪林,24.938183,121.70975,1.9,18.17,-12.05,79.67,0.17,-6.9,C0A530
泰平,24.971197,121.823711,2.19,17.4,-3.33,91.0,2.33,-13.74,C0A550
桶後,24.848222,121.597992,1.54,17.23,-6.1,88.33,0.5,-9.47,C0A570
石碇,24.993969,121.662917,3.73,20.13,-12.95,76.0,0.0,-7.38,C0A640
大坪,25.165914,121.632969,3.11,19.1,-5.2,86.33,0.0,-27.89,C0A860
五指山,25.132153,121.608692,4.4,18.47,-4.74,88.33,0.0,-13.32,C0A870
雙溪,25.036003,121.864242,2.22,19.8,-3.48,87.0,1.0,-11.52,C0A890
金山,25.223628,121.643967,2.23,20.8,-5.1,75.67,0.0,-8.72,C0A940
鼻頭角,25.129036,121.923372,2.12,21.67,3.18,80.0,0.0,-3.06,C0A950
三貂角,25.007606,122.002058,2.58,21.73,-3.05,77.0,0.5,-4.62,C0A970
社子,25.109508,121.469681,2.2,21.8,0.92,75.67,0.0,-2.73,C0A980
天母,25.117494,121.537169,2.02,21.57,-4.62,67.33,0.0,-3.13,C0A9C0
內湖,25.079422,121.57545,2.46,21.93,7.08,82.67,0.0,-3.82,C0A9F0
大屯山,25.175675,121.522408,4.54,15.57,-2.12,93.0,0.0,-10.17,C0AC40
三峽,24.939025,121.369728,3.32,21.87,-5.83,73.0,0.0,-5.7,C0AC60
信義,25.037822,121.564597,3.98,22.63,-5.13,72.0,0.0,-5.21,C0AC70
文山,25.00235,121.575728,2.36,20.53,-8.28,74.0,0.0,-5.22,C0AC80
新莊,25.051478,121.446756,2.15,21.37,-4.38,67.67,0.0,-3.59,C0ACA0
八里,25.150211,121.403947,3.26,22.07,-1.05,73.67,0.0,-4.22,C0AD10
蘆洲,25.086594,121.472331,2.79,22.37,-2.2,68.67,0.0,-3.23,C0AD30
土城,24.973208,121.445169,2.42,20.83,-2.13,75.67,0.0,-5.58,C0AD40
鶯歌,24.951533,121.346294,3.46,21.87,-5.92,72.67,0.0,-4.61,C0AD50
汐止,25.066881,121.658778,2.04,20.3,-10.31,74.33,0.0,-12.12,C0AH00
永和,25.01125,121.508111,3.46,22.63,-6.47,70.33,0.0,-3.89,C0AH10
五分山,25.07125,121.780794,2.09,16.63,-4.03,91.67,0.17,-32.91,C0AH30
平等,25.129142,121.577086,2.32,19.0,-13.55,74.33,0.0,-11.38,C0AH40
林口,25.072181,121.38084,2.66,20.13,-9.28,77.0,0.0,-4.08,C0AH50
松山,25.04871,121.55042,2.14,21.6,-8.43,61.67,0.0,-4.78,C0AH70
深坑,25.002703,121.628328,2.26,20.27,-4.75,79.0,0.0,-6.1,C0AH80
福山植物園,24.760717,121.58135,0.87,14.6,-1.47,93.67,3.33,-12.17,C0AH90
五股,25.07445,121.42728,1.51,20.2,-14.27,74.33,0.0,-4.53,C0AI00
屈尺,24.92184,121.54475,2.19,20.37,-19.0,66.0,0.0,-9.57,C0AI10
白沙灣,25.283128,121.519058,1.6,20.73,6.52,78.67,0.0,-6.3,C0AI20
三重,25.057328,121.500629,4.02,21.93,-10.93,70.67,0.0,-4.45,C0AI30
石牌,25.115597,121.513139,4.2,22.47,2.57,70.67,0.0,-3.65,C0AI40
七堵,25.094819,121.71713,3.53,22.43,-8.93,75.33,0.0,-17.33,C0B010
基隆嶼,25.19141,121.78391,1.91,20.87,11.6,88.33,0.0,-5.13,C0B020
復興,24.820208,121.352281,2.92,18.9,-12.24,64.33,0.0,-4.19,C0C460
桃園,24.992425,121.323172,2.45,20.83,-4.27,68.33,0.0,-2.86,C0C480
八德,24.928708,121.283289,2.95,20.77,-12.5,67.0,0.0,-6.53,C0C490
觀音,25.027072,121.153317,2.39,20.2,-4.56,72.0,0.0,-4.78,C0C590
蘆竹,25.084275,121.265767,2.38,20.53,-0.95,77.33,0.0,-5.87,C0C620
大溪,24.882853,121.265547,2.65,19.77,-5.36,70.67,0.0,-3.95,C0C630
平鎮,24.897503,121.214636,3.08,19.97,-6.56,71.67,0.0,-3.91,C0C650
楊梅,24.912375,121.143047,2.46,20.4,-6.24,69.33,0.0,-3.42,C0C660
龍潭,24.870056,121.221389,2.39,19.47,-6.81,74.33,0.0,-4.66,C0C670
龜山,25.02846,121.38656,3.37,20.67,-4.67,76.33,0.0,-4.75,C0C680
中壢,24.977661,121.256375,2.58,20.7,-10.27,67.67,0.0,-4.9,C0C700
大溪永福,24.892936,121.324975,3.02,18.87,-10.37,79.33,0.0,-9.85,C0C710
梅花,24.678347,121.208558,0.34,16.63,-2.73,74.67,0.0,-3.8,C0D360
峨眉,24.6905,121.017189,-0.03,17.83,2.0,83.0,0.0,-4.3,C0D430
打鐵坑,24.849664,121.150789,1.65,18.33,-6.33,77.67,0.0,-3.95,C0D480
橫山,24.71116,121.11693,1.11,18.13,0.84,80.0,0.0,-3.31,C0D540
雪霸,24.526972,121.11605,0.48,10.83,-17.85,55.33,0.0,-3.64,C0D550
竹東,24.767147,121.057881,2.75,20.4,-5.41,66.67,0.0,-2.79,C0D560
寶山,24.735006,121.025192,0.74,18.13,2.17,80.67,0.0,-3.09,C0D580
新豐,24.87068,120.97721,2.11,19.6,5.1,83.0,0.0,-2.91,C0D590
湖口,24.904794,121.043628,1.96,20.17,-7.45,69.0,0.0,-1.94,C0D650
新竹市東區,24.798681,120.986942,1.19,20.0,-3.22,70.67,0.0,-2.14,C0D660
竹南,24.708978,120.888897,0.6,19.43,6.93,81.0,0.0,-2.09,C0E420
南庄,24.601775,121.000214,0.38,17.43,7.2,88.67,0.0,-3.15,C0E430
明德,24.583486,120.885411,1.34,19.5,2.89,81.33,0.0,-3.42,C0E550
通霄,24.471892,120.704622,0.58,19.13,5.45,84.67,0.0,-2.79,C0E590
馬都安,24.451272,120.930192,1.75,17.13,-8.74,71.0,0.0,-2.11,C0E610
頭份,24.688247,120.912206,1.89,20.53,4.1,75.33,0.0,-2.14,C0E730
造橋,24.637056,120.864778,0.05,18.63,3.56,82.0,0.0,-3.65,C0E740
苗栗,24.564569,120.824575,1.42,20.17,-1.57,72.33,0.0,-3.32,C0E750
銅鑼,24.489681,120.790853,0.9,18.83,11.64,91.0,0.0,-3.0,C0E780
西湖,24.562947,120.7485,0.7,18.77,5.67,85.67,0.0,-2.37,C0E810
獅潭,24.539133,120.920042,0.67,17.5,-1.16,82.33,0.17,-3.66,C0E820
苑裡,24.439714,120.653053,0.51,19.7,5.52,80.67,0.0,-1.23,C0E830
大河,24.618069,120.948578,-2.23,16.77,-0.1,79.67,0.17,-1.83,C0E850
高鐵苗栗,24.60725,120.826094,-0.32,19.23,14.37,86.67,0.0,-1.95,C0E870
石岡,24.276061,120.777644,0.4,19.1,3.88,84.0,0.0,-1.1,C0F0B0
中坑,24.248517,120.903319,-0.36,16.03,-7.3,74.0,0.0,-1.4,C0F0C0
審馬陣,24.381675,121.4203,-0.9,4.47,-14.28,60.67,0.0,-1.02,C0F0D0
東勢,24.246428,120.833047,1.69,19.43,-2.53,76.33,0.0,-2.17,C0F850
大坑,24.173142,120.722289,1.74,21.23,2.68,76.0,0.0,-2.13,C0F970
神岡,24.272481,120.658314,1.94,20.27,-8.29,71.33,0.0,-2.15,C0F9I0
大安,24.345061,120.588025,0.74,19.83,4.24,82.0,0.0,-1.88,C0F9K0
后里,24.310436,120.729725,1.38,19.57,-1.19,77.67,0.0,-1.96,C0F9L0
豐原,24.254322,120.720692,2.58,21.03,-2.96,73.0,0.0,-1.89,C0F9M0
大里,24.092464,120.701378,0.92,21.6,-4.69,65.33,0.0,-2.0,C0F9N0
潭子,24.213106,120.703933,1.45,20.87,1.31,75.67,0.0,-1.82,C0F9O0
清水,24.312297,120.562242,0.69,19.97,4.53,82.67,0.0,-1.59,C0F9P0
外埔,24.347817,120.705686,2.1,20.57,-0.19,78.33,0.0,-1.98,C0F9Q0
龍井,24.184536,120.528972,1.07,20.7,0.87,78.67,0.0,-1.93,C0F9R0
烏日,24.107058,120.624103,0.92,20.73,3.8,75.0,0.0,-1.86,C0F9S0
西屯,24.179494,120.641275,1.16,20.37,3.15,76.33,0.0,-1.86,C0F9T0
南屯,24.137006,120.637969,0.87,21.13,4.87,75.33,0.0,-1.76,C0F9U0
新社,24.200172,120.815806,2.08,19.07,-13.81,68.67,0.0,-2.24,C0F9V0
大雅(中科園區),24.21528,120.62445,0.27,19.9,1.47,79.33,0.0,-1.25,C0F9X0
桃山,24.432739,121.303808,-0.89,4.2,-14.53,60.67,0.0,-1.22,C0F9Y0
雪山東峰,24.388792,121.268675,-0.97,4.87,-15.87,58.33,0.0,-1.82,C0F9Z0
芬園,24.015678,120.6213,-0.35,18.6,8.35,87.67,0.0,-2.0,C0G620
員林,23.946503,120.585597,1.8,21.87,-0.79,74.67,0.0,-1.39,C0G650
溪湖,23.94835,120.479122,2.07,21.67,15.51,93.67,0.0,-1.97,C0G660
溪州,23.851589,120.499093,-0.0,20.33,0.57,76.67,0.0,-0.8,C0G720
二林,23.903325,120.376081,-0.16,19.8,4.07,86.33,0.0,-0.53,C0G730
大城,23.852487,120.320935,0.04,20.27,-9.33,67.33,0.0,-1.07,C0G740
福興,24.041289,120.437669,1.18,21.17,1.75,77.67,0.0,-1.86,C0G770
秀水,24.03405,120.503869,1.1,21.0,4.81,81.33,0.0,-1.81,C0G780
埔鹽,24.000394,120.431683,2.1,21.37,4.63,84.33,0.0,-1.57,C0G800
埔心,23.947633,120.525456,1.11,21.0,22.82,100.0,0.0,-1.73,C0G810
田尾,23.901669,120.509389,0.81,20.43,5.14,87.0,0.0,-1.8,C0G820
埤頭,23.866003,120.452806,0.54,20.03,15.58,98.33,0.0,-1.43,C0G830
社頭,23.897647,120.5862,1.25,21.57,6.71,80.33,0.0,-1.85,C0G860
二水,23.810742,120.6173,2.78,22.63,0.71,78.67,0.0,-1.41,C0G880
伸港,24.148933,120.484403,0.88,20.5,3.35,79.33,0.0,-1.75,C0G890
線西,24.143358,120.443536,1.49,20.37,3.2,82.0,0.0,-1.6,C0G900
埔里,23.972169,120.952425,-1.76,18.1,0.99,79.67,0.0,-0.44,C0H890
草屯,23.973672,120.68085,0.58,20.4,-0.61,74.33,0.0,-1.93,C0H960
昆陽,24.121322,121.273642,-0.35,5.0,-15.44,61.0,0.0,-4.92,C0H990
神木村,23.532742,120.843667,0.3,13.33,-15.03,65.67,0.0,-3.07,C0H9A0
合歡山,24.143442,121.272547,-0.32,3.07,-5.51,71.67,0.0,-5.46,C0H9C0
廬山,24.033311,121.181808,0.8,14.73,-13.48,57.0,0.0,-3.16,C0I010
信義,23.689694,120.851036,-1.58,17.07,-6.68,74.0,0.0,-0.68,C0I080
竹山,23.761225,120.688156,0.13,19.63,-0.69,80.67,0.0,-1.59,C0I110
水里,23.812553,120.849792,-0.27,19.77,-9.09,69.67,0.0,-0.56,C0I360
魚池,23.895703,120.94135,-1.58,17.27,-7.45,74.67,0.0,-0.6,C0I370
集集,23.828206,120.801467,-0.26,19.93,-8.97,71.67,0.0,-0.62,C0I380
仁愛,24.022122,121.132206,-1.75,14.37,-8.8,69.0,0.0,-0.54,C0I390
名間,23.837053,120.701447,-0.67,19.43,-1.79,76.33,0.0,-0.6,C0I410
國姓,24.037803,120.855072,-1.55,18.6,-1.5,79.67,0.0,-0.62,C0I420
南投,23.911469,120.687331,-0.4,20.5,5.5,79.67,0.0,-0.52,C0I460
梅峰,24.085272,121.173572,-1.35,9.47,-12.76,66.0,0.0,-0.66,C0I480
萬大林道,23.928228,121.091411,-0.64,14.6,-17.16,56.0,0.0,-0.56,C0I490
小奇萊,24.131764,121.295717,-2.3,4.27,-11.2,66.0,0.0,-0.5,C0I530
崙背,23.75555,120.318925,-0.95,19.07,6.07,84.67,0.0,-1.04,C0K250
四湖,23.630414,120.227125,0.54,20.37,4.68,82.0,0.0,-1.42,C0K280
宜梧,23.536281,120.169329,0.53,20.27,3.93,82.67,0.0,-1.08,C0K291
虎尾,23.719183,120.442036,0.44,20.43,6.73,82.67,0.0,-1.38,C0K330
土庫,23.679029,120.395574,-0.09,20.27,9.77,86.33,0.0,-0.65,C0K390
斗六,23.720583,120.541127,-0.14,20.37,-2.53,76.0,0.0,-0.55,C0K400
北港,23.573957,120.292802,-0.0,20.43,0.07,78.67,0.0,-0.68,C0K410
西螺,23.800407,120.467394,0.02,20.3,1.47,80.67,0.0,-0.83,C0K420
褒忠,23.690938,120.303634,0.08,20.13,2.07,80.67,0.0,-0.75,C0K430
二崙,23.772797,120.408944,-0.14,19.87,7.13,85.33,0.0,-0.58,C0K440
大埤,23.646074,120.431537,-0.13,20.27,0.87,78.67,0.0,-0.43,C0K450
斗南,23.678734,120.478359,0.06,20.43,-0.23,77.0,0.0,-0.53,C0K460
林內,23.748675,120.609642,-0.44,19.7,-1.41,77.67,0.0,-0.62,C0K470
莿桐,23.761192,120.502372,0.05,20.13,-0.17,76.67,0.0,-0.66,C0K480
元長,23.64981,120.315024,0.03,20.3,4.73,81.67,0.0,-0.82,C0K500
水林,23.572924,120.24597,-0.04,20.3,4.53,82.33,0.0,-0.83,C0K510
臺西,23.701547,120.197559,-0.04,20.3,3.7,82.33,0.0,-0.83,C0K530
蔦松,23.514319,120.229736,-0.17,20.13,4.27,83.67,0.0,-0.86,C0K550
棋山,23.68645,120.603417,-0.45,19.73,-0.56,80.0,0.0,-0.74,C0K560
高鐵雲林,23.737456,120.417944,-0.5,19.57,8.38,85.33,0.0,-1.1,C0K580
東後寮,23.369908,120.248065,-0.44,19.87,4.37,83.0,0.0,-0.48,C0M520
奮起湖,23.493903,120.699253,-0.58,13.7,-2.73,79.67,0.0,-2.14,C0M530
中埔,23.42538,120.5229,0.26,20.57,-7.4,72.0,0.0,-0.7,C0M640
朴子,23.43463,120.23902,-0.89,19.57,6.6,83.67,0.0,-0.6,C0M650
溪口,23.604131,120.403569,-0.28,20.03,1.03,78.67,0.0,-0.5,C0M660
大林,23.600616,120.45841,-0.26,20.33,-1.8,75.67,0.0,-0.57,C0M670
太保,23.455062,120.331455,-0.57,20.13,1.2,79.0,0.0,-0.58,C0M680
水上,23.419734,120.388909,-0.27,20.27,5.97,83.0,0.0,-0.42,C0M690
竹崎,23.526178,120.555508,-0.94,19.4,0.2,81.0,0.0,-0.62,C0M700
東石,23.458927,120.15385,0.0,20.47,4.03,82.33,0.0,-0.88,C0M710
番路,23.464657,120.554156,0.31,20.07,-6.5,74.0,0.0,-0.68,C0M720
嘉義市東區,23.457673,120.460531,-0.23,21.4,0.1,73.0,0.0,-0.57,C0M730
六腳,23.492871,120.290625,-0.5,20.0,4.8,80.33,0.0,-0.6,C0M740
布袋,23.380878,120.167789,-0.02,20.5,1.37,81.33,0.0,-0.67,C0M750
民雄,23.551754,120.428457,-0.1,20.63,-1.93,75.33,0.0,-0.57,C0M760
嘉義梅山,23.585398,120.555587,-0.07,20.13,0.53,79.67,0.0,-0.63,C0M770
鹿草,23.41134,120.30835,0.07,20.7,3.93,80.0,0.0,-0.42,C0M780
新港,23.553269,120.345728,-0.17,20.4,1.9,78.67,0.0,-0.55,C0M790
茶山,23.299075,120.664767,-1.77,18.43,-3.71,77.33,0.0,-0.66,C0M800
里佳,23.389125,120.716647,-1.29,14.53,-9.83,71.33,0.0,-1.08,C0M810
達邦,23.453994,120.749517,-1.94,15.67,-3.13,72.67,0.0,-1.04,C0M820
表湖,23.24186,120.64166,-1.03,17.23,-5.27,76.67,0.0,-1.0,C0M850
新美,23.338017,120.683169,-1.08,18.2,-8.33,73.67,0.0,-0.4,C0M860
北寮,23.079561,120.495008,-0.35,19.87,4.06,86.33,0.0,-0.56,C0O830
王爺宮,23.222064,120.40085,2.68,22.33,-8.5,72.33,0.0,-0.8,C0O840
大內,23.11885,120.36083,0.84,21.43,2.37,82.67,0.0,-0.56,C0O860
善化,23.112883,120.297219,-0.09,20.17,5.64,86.67,0.0,-1.4,C0O900
崎頂,22.959547,120.369317,0.93,20.63,2.85,84.0,0.0,-0.39,C0O960
虎頭埤,23.021375,120.347878,0.27,20.35,-0.65,80.0,0.0,-0.59,C0O970
新市,23.061614,120.298197,0.75,21.33,1.9,79.0,0.0,-0.5,C0O980
媽廟,22.99175,120.293525,-0.51,20.07,9.89,87.67,0.0,-0.41,C0O990
阿禮,22.742908,120.743678,0.11,17.57,-10.42,64.33,0.0,-0.59,C0R130
瑪家,22.682903,120.686639,-0.7,17.33,-3.18,84.67,0.0,-0.74,C0R140
三地門,22.709889,120.639944,-0.08,21.77,-22.39,52.33,0.0,-1.72,C0R150
鹽埔,22.739558,120.530778,-0.0,21.4,-7.35,79.0,0.0,-0.19,C0R160
屏東,22.660269,120.494072,0.25,22.1,-8.02,70.33,0.0,-0.18,C0R170
赤山,22.592333,120.614306,-0.94,20.67,-1.83,80.67,0.0,-0.44,C0R190
潮州,22.534361,120.54,0.29,22.0,-4.12,74.0,0.0,-1.84,C0R220
來義,22.527306,120.625111,-1.64,19.6,0.54,83.67,0.0,-0.36,C0R240
春日,22.370361,120.628306,-1.2,20.63,-19.78,59.0,0.0,-0.32,C0R260
琉球嶼,22.332244,120.362236,-0.8,21.63,-6.25,74.0,0.0,-1.93,C0R270
車城,22.0744,120.716247,1.86,23.33,1.78,70.0,0.0,-1.0,C0R320
牡丹,22.130036,120.792639,1.68,20.4,4.0,88.0,0.0,-1.39,C0R341
貓鼻頭,21.921774,120.7358,0.75,23.5,-3.87,70.33,0.0,-1.52,C0R350
大漢山,22.405264,120.753181,2.01,11.4,-10.11,88.67,0.0,-3.83,C0R440
高樹,22.826389,120.600806,-0.15,21.7,-7.62,70.0,0.0,-0.29,C0R470
長治,22.693128,120.542622,0.19,22.03,-6.14,75.33,0.0,-0.22,C0R480
九如,22.7405,120.490503,-0.19,21.67,-8.08,73.0,0.0,-0.2,C0R490
崁頂,22.514781,120.506914,-0.63,21.33,-6.22,76.0,0.0,-0.32,C0R520
佳冬,22.419456,120.552375,-1.02,21.13,-3.5,77.0,0.0,-0.36,C0R540
新埤,22.467947,120.582894,-0.89,20.83,-9.44,72.33,0.0,-0.31,C0R550
新園,22.5434,120.461558,0.53,22.37,-9.96,68.67,0.0,-0.28,C0R560
麟洛,22.65078,120.52719,0.66,22.9,-1.79,75.33,0.0,-0.18,C0R570
南州,22.48591,120.50274,-0.65,21.13,-3.38,77.67,0.0,-0.26,C0R580
里港,22.77919,120.49459,-0.83,20.8,-1.31,77.67,0.0,-0.15,C0R590
舊泰武,22.588194,120.664944,-0.01,18.37,-11.75,75.0,0.0,-0.71,C0R600
墾雷,21.900836,120.855269,0.09,23.53,1.33,80.33,0.0,-0.18,C0R620
東港,22.46247,120.44074,-0.28,22.1,-1.53,76.0,0.0,-0.2,C0R640
竹田,22.58486,120.54344,-0.28,21.57,-10.4,71.33,0.0,-0.3,C0R650
枋寮,22.367722,120.590647,0.66,21.47,-0.78,80.0,0.0,-0.39,C0R660
楓港,22.190131,120.692156,1.18,22.93,0.11,63.67,0.0,-1.44,C0R670
佳樂水,21.993578,120.861633,1.97,23.77,-5.22,69.33,0.0,-0.61,C0R680
墾丁,21.966756,120.810269,2.31,21.43,-5.22,77.33,0.0,-0.44,C0R690
枋山,22.246844,120.661086,0.26,21.73,5.78,72.33,0.0,-2.44,C0R700
龍磐,21.931672,120.838942,0.87,22.77,-5.13,76.67,0.0,0.0,C0R710
旭海,22.205403,120.887614,1.9,21.4,9.56,90.33,0.0,-1.44,C0R720
大坪頂,22.024633,120.69355,0.47,21.67,9.93,82.33,0.0,-0.2,C0R730
獅子,22.201569,120.70525,0.61,23.07,1.0,66.0,0.0,-0.1,C0R740
四林格山,22.076989,120.802439,1.98,19.2,-11.47,84.33,0.0,-1.8,C0R750
南仁湖,22.084681,120.863353,0.97,20.27,-0.93,86.67,0.0,-0.6,C0R760
保力,22.071122,120.764111,0.43,21.93,2.73,77.33,0.0,-0.2,C0R770
滿州,22.024403,120.839892,1.07,23.03,-4.8,71.0,0.0,-0.2,C0R780
九棚,22.14195,120.889281,0.88,22.6,-7.07,71.33,0.0,-0.4,C0R790
丹路,22.204481,120.750989,0.82,22.2,0.8,71.0,0.0,-0.1,C0R800
內獅,22.305064,120.642986,-0.3,21.7,6.6,90.0,0.0,-1.4,C0R810
白鷺,22.454275,120.666219,0.14,18.8,-7.07,78.33,0.0,-0.1,C0R820
高士,22.121825,120.836781,1.31,19.97,-6.33,80.67,0.0,-1.9,C0R830
牡丹池山,22.168389,120.841225,1.16,18.4,-6.73,88.67,0.0,-0.6,C0R840
太麻里,22.60902,120.98533,1.38,19.5,-4.03,75.67,0.0,-2.97,C0S690
知本,22.684866,121.005642,0.39,18.17,-0.97,84.33,0.0,-6.7,C0S700
鹿野,22.917711,121.122994,0.97,18.97,-6.4,79.0,0.0,-4.58,C0S710
綠島,22.6672,121.47533,1.36,22.6,1.5,87.0,0.67,-3.3,C0S730
池上,23.119628,121.209469,0.01,18.47,-3.9,83.0,0.0,-4.68,C0S740
大溪山,22.478475,120.943325,0.54,19.43,-2.07,78.33,0.0,-4.31,C0S770
金崙,22.538122,120.966875,1.47,21.3,-6.23,73.67,0.0,-4.42,C0S790
東河,22.972672,121.303986,-0.11,21.43,-0.47,76.33,0.0,-4.05,C0S810
長濱,23.286817,121.411975,2.15,21.53,-12.57,69.33,0.33,-5.29,C0S830
南田,22.279725,120.889208,0.13,22.6,16.33,93.33,0.0,-3.09,C0S840
關山,23.0395,121.175017,-0.29,19.47,-1.67,81.33,0.0,-1.02,C0S890
蘭嶼高中,22.04909,121.51214,1.22,24.37,-9.0,67.33,0.0,-15.9,C0S900
蘭嶼燈塔,22.081197,121.503117,1.63,22.97,-13.53,73.33,0.0,-11.47,C0S910
金峰嘉蘭,22.594789,120.960825,0.72,20.47,2.7,79.0,0.0,-2.75,C0S920
延平,22.902581,121.084058,1.43,19.7,-2.73,76.67,0.0,-2.05,C0S930
石寧山,23.223772,121.406639,1.14,19.7,-6.3,76.0,0.0,-2.65,C0S940
香蘭,22.587569,120.993375,2.04,22.77,2.67,71.0,0.0,-1.83,C0S960
加津林,22.416211,120.926942,1.77,22.97,-0.47,68.33,0.0,-1.75,C0S970
勝林山,22.430439,120.8938,1.83,15.37,-3.6,92.0,0.0,-3.95,C0S980
山豬窟,22.318619,120.857372,2.0,19.93,-6.23,74.67,0.0,-2.55,C0S990
歷坵,22.520969,120.89185,1.45,18.43,2.17,83.67,0.0,0.0,C0SA00
檳榔四格山,22.810031,121.109308,2.46,19.43,-5.57,80.33,0.0,-1.85,C0SA10
金崙山,22.567419,120.959667,1.96,15.97,-4.67,87.33,0.0,-3.2,C0SA20
都歷,23.020333,121.323642,3.05,22.43,13.37,88.67,0.0,-2.8,C0SA30
瑞和,22.974361,121.156697,0.72,19.0,9.13,89.33,0.0,-2.1,C0SA40
知本（水試所）,22.702394,121.082761,0.35,21.87,0.8,72.0,0.0,0.0,C0SA60
土坂,22.453108,120.887572,1.11,21.0,6.2,79.0,0.0,-2.1,C0SA80
達仁林場,22.264347,120.823972,1.51,19.23,-7.13,79.67,0.0,-0.5,C0SA90
大禹嶺,24.186117,121.316086,0.28,6.97,-10.35,68.0,0.0,-4.44,C0T790
天祥,24.179597,121.495639,-0.02,15.93,-1.07,84.67,0.0,-10.15,C0T820
鯉魚潭,23.935639,121.508944,-0.72,17.6,0.05,88.0,0.0,-6.43,C0T870
西林,23.8119,121.441458,1.42,19.9,-7.67,75.33,0.0,-4.31,C0T900
光復,23.660694,121.424964,-0.13,18.7,-5.15,85.0,0.5,-7.12,C0T960
月眉山,23.809928,121.539828,1.72,18.6,-11.72,80.33,0.17,-5.34,C0T9A0
水源,23.991861,121.537169,1.49,18.2,-6.43,80.67,1.0,-6.0,C0T9B0
和中,24.26676,121.74103,-0.08,19.93,17.18,97.33,1.5,-5.29,C0T9D0
大坑,23.880628,121.581981,1.56,18.7,-7.72,80.33,0.0,-4.87,C0T9E0
水璉,23.797131,121.542514,1.32,20.23,-8.78,75.67,0.0,-5.62,C0T9F0
鳳林山,23.735269,121.420131,1.15,18.13,-11.32,80.33,0.0,-9.48,C0T9G0
加路蘭山,23.682947,121.5274,2.78,18.1,-5.12,89.33,0.0,-6.37,C0T9H0
靜浦,23.455167,121.495028,1.49,21.37,-11.93,74.67,0.0,-6.8,C0T9M0
雙連埤,24.753033,121.641303,1.24,16.13,-5.73,89.0,4.0,-5.6,C0U520
礁溪,24.817539,121.765608,1.5,20.27,-9.37,80.33,3.0,-3.05,C0U600
玉蘭,24.675286,121.587061,2.16,18.33,-11.88,77.33,3.0,-8.24,C0U650
太平山,24.505486,121.525656,2.38,10.4,-11.13,76.67,0.33,-10.14,C0U710
南山,24.43742,121.38167,1.45,13.53,-5.37,81.33,1.67,-5.27,C0U720
東澳,24.52196,121.83318,0.32,19.43,5.07,94.67,3.5,-14.52,C0U760
南澳,24.44935,121.81022,0.45,20.1,1.84,82.0,1.83,-2.26,C0U770
五結,24.68637,121.79794,1.21,19.83,-4.93,80.33,4.0,-11.38,C0U780
頭城,24.85323,121.8308,1.28,20.5,-0.3,85.0,3.17,-0.53,C0U860
大礁溪,24.791042,121.675047,2.33,18.33,-4.6,84.0,2.17,-9.93,C0U870
三星,24.66812,121.65302,1.61,19.53,1.7,90.0,2.0,-17.5,C0U890
內城,24.71813,121.68766,2.04,20.23,-8.37,80.33,4.0,-11.3,C0U900
冬山,24.63373,121.7937,1.44,20.03,6.83,94.33,2.67,-39.66,C0U910
羅東,24.68184,121.74934,2.07,20.1,-7.9,81.0,3.67,-17.39,C0U940
鶯子嶺,24.89754,121.79244,1.81,14.13,-2.47,93.33,4.0,-10.55,C0U950
翠峰湖,24.510856,121.608044,0.97,9.0,-25.33,68.67,1.83,-16.1,C0U960
大福,24.80064,121.81389,1.11,20.17,-7.47,80.33,3.5,-2.95,C0U970
坪林石牌,24.86478,121.77396,2.16,17.33,-6.03,89.67,3.0,-1.47,C0U980
員山,24.74435,121.72247,1.61,20.17,-4.58,82.67,2.5,-13.05,C0U990
土場,24.576533,121.495333,1.41,17.47,-10.93,81.67,0.33,-10.9,C0UA00
鴛鴦湖,24.590269,121.412228,0.9,10.03,-1.6,93.0,2.0,-26.6,C0UA10
白嶺,24.527819,121.519031,1.38,12.53,-2.67,89.33,1.5,-6.23,C0UA30
西德山,24.560647,121.752608,1.65,14.2,0.6,92.33,4.0,-36.13,C0UA40
西帽山,24.555361,121.802628,1.92,15.9,-8.67,85.0,7.67,-53.03,C0UA50
樟樹山,24.41393,121.78325,1.65,17.57,6.6,94.33,1.33,-11.53,C0UA60
桃源谷,24.962606,121.888875,2.57,18.0,-1.07,91.33,2.0,-19.83,C0UA70
復興,23.222403,120.806089,-1.54,17.03,-1.44,74.33,0.0,-1.41,C0V210
美濃,22.898742,120.519153,0.54,21.6,-4.25,76.0,0.0,-1.29,C0V310
溪埔,22.738578,120.446797,-0.85,20.43,1.52,80.67,0.0,-0.12,C0V350
內門,22.975481,120.466769,0.19,20.23,-2.46,78.67,0.0,-0.35,C0V360
古亭坑,22.893178,120.401947,-0.65,19.5,0.12,83.67,0.0,-1.15,C0V370
阿公店,22.804194,120.355528,-0.41,20.27,-1.54,78.33,0.0,-0.28,C0V400
鳳山,22.646653,120.356122,-0.64,21.2,7.51,81.33,0.0,-0.14,C0V440
鳳森,22.545064,120.392592,-0.33,21.4,-2.24,73.33,0.0,-0.12,C0V450
新興,22.627422,120.298803,0.79,22.5,-2.03,69.67,0.0,-0.22,C0V490
阿蓮,22.883208,120.327508,1.07,21.9,-8.54,69.67,0.0,-0.32,C0V530
梓官,22.760558,120.267211,0.07,21.23,0.28,76.0,0.0,-0.22,C0V610
永安,22.82315,120.236856,-0.4,20.57,1.59,78.67,0.0,-0.36,C0V620
茄萣,22.906642,120.182608,0.39,21.27,7.33,80.0,0.0,-0.28,C0V630
湖內,22.887139,120.2445,-0.49,20.37,2.06,78.33,0.0,-0.25,C0V640
彌陀,22.783806,120.246361,0.19,21.47,1.88,78.0,0.0,-0.24,C0V650
岡山,22.797078,120.294958,0.54,22.07,0.55,74.0,0.0,-0.28,C0V660
仁武,22.701083,120.347722,-0.07,21.7,4.1,80.0,0.0,-0.22,C0V680
鼓山,22.623325,120.275575,-0.13,21.67,-1.01,74.67,0.0,-0.15,C0V690
三民,22.645017,120.311233,0.11,22.5,0.38,70.33,0.0,-0.15,C0V700
苓雅,22.622742,120.330669,0.67,22.9,5.36,74.33,0.0,-0.1,C0V710
林園,22.507747,120.394511,0.42,23.43,-0.3,70.0,0.0,-0.15,C0V720
大寮,22.605614,120.395717,-0.35,21.93,0.39,72.67,0.0,-0.12,C0V730
旗山,22.888614,120.483597,0.25,21.4,-1.08,75.67,0.0,-0.35,C0V740
路竹,22.854997,120.259439,0.79,22.1,2.26,75.67,0.0,-0.4,C0V750
橋頭,22.757806,120.30575,0.1,21.87,-0.05,75.0,0.0,-0.22,C0V760
大社,22.730306,120.346639,-0.25,21.2,5.7,80.0,0.0,-0.24,C0V770
萬山,22.905944,120.688056,-0.51,19.63,-6.67,70.33,0.0,-0.68,C0V790
六龜,22.997889,120.633583,-0.49,20.53,0.13,78.33,0.0,-0.59,C0V800
左營,22.67491,120.28491,-0.51,21.37,-3.29,74.33,0.0,-0.18,C0V810
小林,23.148408,120.63325,0.01,18.93,-5.3,77.0,0.0,-1.15,C0V820
東莒,25.9652,119.98069,2.44,18.27,5.0,81.0,0.0,-0.3,C0W110
金沙,24.488292,118.408778,1.05,19.07,4.33,70.33,0.0,-0.38,C0W140
金寧,24.457703,118.328989,1.01,19.63,3.99,70.67,0.0,-0.38,C0W150
東河,23.296598,120.385608,-0.58,20.17,-4.87,75.33,0.0,-0.5,C0X050
下營,23.22695,120.256261,-0.46,20.07,-1.03,78.67,0.0,-0.47,C0X060
佳里,23.173039,120.145086,0.1,20.37,5.93,84.0,0.0,-1.45,C0X080
臺南市北區,23.010394,120.194228,0.71,21.6,7.92,80.67,0.0,-0.39,C0X100
臺南市南區,22.961189,120.188378,0.17,21.57,3.47,75.67,0.0,-0.35,C0X110
麻豆,23.183289,120.248611,1.07,21.5,5.12,84.0,0.0,-0.4,C0X120
官田,23.193217,120.315422,0.31,21.03,2.85,80.0,0.0,-0.59,C0X130
西港,23.125608,120.203108,0.28,20.67,4.83,83.33,0.0,-0.62,C0X140
安定,23.102614,120.227839,0.61,20.73,3.4,85.0,0.0,-0.36,C0X150
仁德,22.968258,120.257689,0.07,21.2,2.1,77.0,0.0,-0.35,C0X160
關廟,22.963017,120.327797,-0.82,19.97,3.98,79.67,0.0,-0.42,C0X170
山上,23.0757,120.363253,0.57,20.77,-1.7,79.0,0.0,-0.56,C0X180
安平,22.993161,120.152181,0.43,21.17,2.13,79.33,0.0,-0.4,C0X190
左鎮,23.056758,120.408522,0.79,20.37,-2.66,80.0,0.0,-0.6,C0X200
白河,23.347466,120.414427,-0.42,20.37,-1.8,76.33,0.0,-0.5,C0X210
學甲,23.230367,120.182187,0.18,20.6,3.1,81.33,0.0,-0.52,C0X220
鹽水,23.272621,120.247641,-0.28,20.0,1.57,82.0,0.0,-0.38,C0X230
關子嶺,23.331169,120.508025,-0.99,17.93,-1.5,85.0,0.0,-0.62,C0X240
新營,23.310689,120.316681,-0.02,20.7,2.47,80.0,0.0,-0.4,C0X250
後壁,23.366358,120.362326,-0.15,20.37,-1.6,77.33,0.0,-0.43,C0X260
將軍,23.214999,120.13577,-0.31,20.2,4.1,82.33,0.0,-0.35,C0X280
北門,23.267772,120.125481,0.12,20.63,6.99,85.67,0.0,-0.66,C0X290
鹿寮,23.386047,120.477331,-0.5,19.83,1.89,84.33,0.0,-0.76,C0X300
柳營,23.253328,120.375253,-0.48,20.1,7.0,78.0,0.0,0.0,C0X320
明里,23.208717,121.262342,0.3,18.6,-1.11,84.0,0.0,-2.82,C0Z020
佳心,23.34567,121.21316,0.6,15.57,8.04,94.67,0.0,-6.47,C0Z050
玉里,23.3215,121.339656,0.65,18.97,-1.44,84.67,0.0,-5.14,C0Z061
舞鶴,23.46811,121.37407,1.07,19.0,4.18,95.33,0.0,-7.07,C0Z070
富源,23.587642,121.378225,1.31,18.83,-10.3,82.33,1.17,-3.27,C0Z080
東華,23.89525,121.549833,-0.28,19.53,2.03,86.33,0.0,-1.2,C0Z100
吉安光華,23.930925,121.595153,-0.11,20.2,-15.37,71.33,0.0,-1.2,C0Z150
鳳林,23.746114,121.453411,-0.24,19.1,-7.07,78.33,0.67,-1.48,C0Z160
卓溪,23.3443,121.3029,-0.12,19.2,-1.92,79.33,0.0,-2.35,C0Z170
富世,24.14743,121.6297,0.84,21.43,-11.3,69.0,0.0,-1.65,C0Z190
萬榮,23.709219,121.420106,-0.09,18.9,-5.75,80.0,0.0,-2.78,C0Z200
瑞穗,23.5239,121.39021,0.04,18.83,-0.92,86.33,0.33,-2.52,C0Z210
和平林道,24.343922,121.656317,0.32,16.57,-5.73,81.0,1.17,-2.77,C0Z220
和平,24.30717,121.77007,-0.01,20.4,-0.67,70.33,0.83,-4.82,C0Z230
瑞穗林道,23.49284,121.30688,2.25,15.6,-3.23,91.67,3.0,-3.72,C0Z250
蕃薯寮,23.73835,121.540108,1.2,19.2,-15.92,74.33,0.0,-3.62,C0Z270
德武,23.47426,121.41071,0.04,18.8,-6.38,83.67,0.0,-2.78,C0Z280
赤柯山,23.36893,121.38293,0.88,15.27,-1.97,92.33,0.0,-7.55,C0Z290
東里,23.26853,121.30547,0.02,19.07,-8.43,81.67,0.0,-2.05,C0Z300
清水斷崖,24.218294,121.689142,0.73,21.13,-1.33,74.33,0.33,-2.87,C0Z310
清水林道,23.27125,121.188272,0.6,16.17,-8.13,80.67,2.33,-1.83,C0Z320
安通山,23.290728,121.348528,0.89,18.03,-7.13,81.67,0.0,-2.77,C0Z330
口湖工作站,23.589978,120.180394,1.15,20.13,8.24,77.33,0.0,-1.18,12J990
東港工作站,22.479997,120.466058,0.01,21.83,-2.03,64.67,0.0,-0.3,12Q970
恆春工作站,22.079678,120.714425,0.51,23.53,0.6,62.33,0.0,-0.3,12Q980
萬大發電廠,23.978875,121.139639,-1.6,14.6,-6.64,72.67,0.0,0.0,42HA10
桃改樹林分場,24.944503,121.386972,3.13,20.33,-16.6,71.0,0.0,-9.9,72AI40
桃園農改場,24.950944,121.030583,1.01,19.35,0.54,79.0,0.0,-1.61,72C440
桃改五峰分場,24.612194,121.157167,2.34,15.83,-18.79,66.33,0.0,-3.57,72D080
桃改新埔分場,24.834444,121.066111,1.29,18.93,-2.27,77.33,0.0,-0.5,72D680
臺中農改場,24.003028,120.534389,0.06,19.67,8.43,85.0,0.0,-1.48,72G600
中改埔里分場,23.903208,120.963364,-0.95,16.17,-4.0,81.33,0.0,-1.21,72HA00
南改斗南分場,23.634556,120.477333,-0.2,19.33,3.11,81.67,0.0,-1.4,72K220
南改義竹分場,23.360694,120.279361,-0.13,19.5,3.34,82.0,0.0,-1.24,72M360
南改鹿草分場,23.416869,120.283061,0.44,19.67,10.24,83.33,0.0,-1.36,72M700
臺南農改場,23.0605,120.342194,-0.93,19.43,6.11,84.33,0.0,-0.44,72N100
七股研究中心,23.081672,120.062894,1.99,21.17,5.61,81.33,0.0,-1.32,72N240
高雄農改場,22.709333,120.525889,-0.65,21.1,2.39,79.33,0.0,-1.26,72Q010
東改班鳩分場,22.829528,121.077694,-0.45,19.03,1.34,79.33,0.0,-5.25,72S200
東改賓朗果園,22.813889,121.071278,-0.32,18.87,0.0,82.0,0.0,-6.02,72S590
花蓮農改場,23.975222,121.563889,0.28,20.0,-0.71,78.67,0.33,-4.53,72T250
花改蘭陽分場,24.686306,121.716583,1.6,20.13,-4.22,77.33,4.5,-6.92,72U480
高改旗南分場,22.857861,120.516667,-1.47,20.0,5.77,79.33,0.0,-1.05,72V140
茶改北部分場,24.955778,121.631222,2.36,18.53,-5.92,78.67,0.17,-7.3,82A750
茶改場,24.908472,121.185333,2.11,19.6,-7.95,73.0,0.0,-4.18,82C160
茶改中部分場,23.875611,120.913583,-0.74,16.8,-4.18,77.0,0.0,-1.87,82H320
茶改南部分場,23.762528,120.7405,-0.56,17.87,-3.52,80.67,0.0,-1.96,82H840
茶改東部分場,22.907694,121.130139,-0.49,19.4,-0.28,79.0,0.0,-4.77,82S580
農工中心,24.985917,121.239833,2.82,20.83,-5.75,68.0,0.0,-3.35,A2C560
水試臺西試驗場,23.717231,120.190522,-0.24,20.7,4.77,85.0,0.0,-1.73,A2K360
臺大雲林校區,23.730628,120.423903,-0.49,19.07,12.93,85.33,0.0,0.0,A2K630
臺南蘭花園區,23.340258,120.379661,-0.49,19.73,11.0,83.0,0.0,0.0,A2N290
畜試北區分所,24.527806,120.770972,-0.56,18.1,8.13,85.0,0.0,-2.67,B2E890
畜產試驗所,23.058972,120.336406,-0.48,19.4,5.75,84.67,0.0,-1.25,B2N890
畜試南區分所,21.945583,120.802167,0.33,23.4,-4.56,66.67,0.0,-1.9,B2Q810
畜試東區分所,24.669039,121.832561,2.25,19.73,-3.67,87.33,4.33,-55.37,B2U990
蓮華池,23.918333,120.885278,-0.89,16.07,-1.86,82.67,0.0,-1.81,E2H360
林試畢祿溪站,24.226944,121.308522,-1.43,6.93,-6.93,77.67,0.0,-0.1,E2HA20
四湖植物園,23.676986,120.163433,0.01,20.17,10.0,93.0,0.0,-1.64,E2K600
林試六龜中心,22.991703,120.645722,-1.61,19.13,-2.67,79.33,0.0,-0.2,E2P980
林試太麻里2,22.598,120.99775,-0.23,21.73,3.07,69.67,0.0,0.0,E2S960
林試太麻里1,22.598922,120.980044,0.19,21.17,2.4,71.0,0.0,0.0,E2S980
農試所(霧峰),24.031261,120.688133,0.14,19.9,4.89,83.0,0.0,-1.14,G2F820
農試嘉義分所,23.485028,120.473806,0.9,19.47,3.1,81.67,0.0,-1.52,G2L020
農試溪口農場,23.58565,120.408111,0.3,19.97,0.3,79.67,0.0,-1.15,G2M350
農試鳳山分所,22.646611,120.356083,-0.47,21.27,2.36,74.33,0.0,-1.83,G2P820
苗栗農改場,24.495722,120.829111,0.37,18.37,3.69,83.33,0.0,-1.3,K2E360
苗改生物防治研究中心,24.422861,120.871833,-0.14,16.77,0.85,82.0,0.0,-3.04,K2E710
種苗改良場,24.225972,120.800917,0.22,17.23,5.31,82.0,0.0,-1.86,K2F750
溪頭,23.670306,120.798194,-1.03,13.13,-1.0,84.33,0.0,-1.77,U2H480
臺大和社,23.590856,120.888864,-0.74,15.9,-3.0,76.0,0.0,-0.86,U2HA30
臺大內茅埔,23.689722,120.851117,-0.53,17.03,-6.7,74.67,0.0,-1.45,U2HA40
臺大竹山,23.756972,120.681556,-0.45,19.63,-0.93,76.0,0.0,-0.21,U2HA50
臺大竹山,23.756972,120.681556,-0.45,19.63,-0.93,76.0,0.0,-0.21,U2HA50
臺大內茅埔,23.689722,120.851117,-0.53,17.03,-6.7,74.67,0.0,-1.45,U2HA40
臺大和社,23.590856,120.888864,-0.74,15.9,-3.0,76.0,0.0,-0.86,U2HA30
臺大溪頭,23.670306,120.798194,-1.03,13.13,-1.0,84.33,0.0,-1.77,U2H480
種苗繁殖,24.225972,120.800917,0.22,17.23,5.31,82.0,0.0,-1.86,K2F750
苗改生物防治研究中心,24.422861,120.871833,-0.14,16.77,0.85,82.0,0.0,-3.04,K2E710
苗栗農改,24.495722,120.829111,0.37,18.37,3.69,83.33,0.0,-1.3,K2E360
農試鳳山分所,22.646611,120.356083,-0.47,21.27,2.36,74.33,0.0,-1.83,G2P820
農試溪口農場,23.58565,120.408111,0.3,19.97,0.3,79.67,0.0,-1.15,G2M350
農試嘉義分所,23.485028,120.473806,0.9,19.47,3.1,81.67,0.0,-1.52,G2L020
農業試驗所,24.031261,120.688133,0.14,19.9,4.89,83.0,0.0,-1.14,G2F820
林試太麻里1,22.598922,120.980044,0.19,21.17,2.4,71.0,0.0,0.0,E2S980
林試太麻里2,22.598014,120.989761,-0.23,21.73,3.07,69.67,0.0,0.0,E2S960
林試六龜中心,22.991703,120.645722,-1.61,19.13,-2.67,79.33,0.0,-0.2,E2P980
四湖植物園,23.676986,120.163433,0.01,20.17,10.0,93.0,0.0,-1.64,E2K600
林試畢祿溪站,24.226944,121.308522,-1.43,6.93,-6.93,77.67,0.0,-0.1,E2HA20
蓮華池,23.918333,120.885278,-0.89,16.07,-1.86,82.67,0.0,-1.81,E2H360
畜試東區分所,24.669039,121.832561,2.25,19.73,-3.67,87.33,4.33,-55.37,B2U990
畜試南區分所,21.945583,120.802167,0.33,23.4,-4.56,66.67,0.0,-1.9,B2Q810
畜試所,23.058972,120.336406,-0.48,19.4,5.75,84.67,0.0,-1.25,B2N890
畜試北區分所,24.527806,120.770972,-0.56,18.1,8.13,85.0,0.0,-2.67,B2E890
臺南蘭花園區,23.340258,120.379661,-0.49,19.73,11.0,83.0,0.0,0.0,A2N290
臺大雲林校區,23.730628,120.423903,-0.49,19.07,12.93,85.33,0.0,0.0,A2K630
水試臺西試驗場,23.717231,120.190522,-0.24,20.7,4.77,85.0,0.0,-1.73,A2K360
農工中心,24.985917,121.239833,2.82,20.83,-5.75,68.0,0.0,-3.35,A2C560
茶改東部分場,22.907694,121.130139,-0.49,19.4,-0.28,79.0,0.0,-4.77,82S580
茶改南部分場,23.762528,120.7405,-0.56,17.87,-3.52,80.67,0.0,-1.96,82H840
茶改中部分場,23.875611,120.913583,-0.74,16.8,-4.18,77.0,0.0,-1.87,82H320
茶改場,24.908472,121.185333,2.11,19.6,-7.95,73.0,0.0,-4.18,82C160
茶改北部分場,24.955778,121.631222,2.36,18.53,-5.92,78.67,0.17,-7.3,82A750
高改旗南分場,22.857861,120.516667,-1.47,20.0,5.77,79.33,0.0,-1.05,72V140
花改蘭陽分場,24.686306,121.716583,1.6,20.13,-4.22,77.33,4.5,-6.92,72U480
花蓮農改,23.975222,121.563889,0.28,20.0,-0.71,78.67,0.33,-4.53,72T250
東改賓朗果園,22.813889,121.071278,-0.32,18.87,0.0,82.0,0.0,-6.02,72S590
東改班鳩分場,22.829528,121.077694,-0.45,19.03,1.34,79.33,0.0,-5.25,72S200
高雄農改,22.709333,120.525889,-0.65,21.1,2.39,79.33,0.0,-1.26,72Q010
七股研究中心,23.081672,120.062894,1.99,21.17,5.61,81.33,0.0,-1.32,72N240
臺南農改,23.0605,120.342194,-0.93,19.43,6.11,84.33,0.0,-0.44,72N100
南改鹿草分場,23.416869,120.283061,0.44,19.67,10.24,83.33,0.0,-1.36,72M700
南改義竹分場,23.360694,120.279361,-0.13,19.5,3.34,82.0,0.0,-1.24,72M360
南改斗南分場,23.634556,120.477333,-0.2,19.33,3.11,81.67,0.0,-1.4,72K220
中改埔里分場,23.903208,120.963364,-0.95,16.17,-4.0,81.33,0.0,-1.21,72HA00
臺中農改,24.003028,120.534389,0.06,19.67,8.43,85.0,0.0,-1.48,72G600
桃改新埔分場,24.834444,121.066111,1.29,18.93,-2.27,77.33,0.0,-0.5,72D680
桃改五峰分場,24.612194,121.157167,2.34,15.83,-18.79,66.33,0.0,-3.57,72D080
桃園農改,24.950944,121.030583,1.01,19.35,0.54,79.0,0.0,-1.61,72C440
桃改樹林分場,24.944503,121.386972,3.13,20.33,-16.6,71.0,0.0,-9.9,72AI40
萬大發電廠,23.978875,121.139639,-1.6,14.6,-6.64,72.67,0.0,0.0,42HA10
恆春工作站,22.079678,120.714425,0.51,23.53,0.6,62.33,0.0,-0.3,12Q980
東港工作站,22.479997,120.466058,0.01,21.83,-2.03,64.67,0.0,-0.3,12Q970
口湖工作站,23.589978,120.180394,1.15,20.13,8.24,77.33,0.0,-1.18,12J990
