站名,緯度,經度,平均溫距平,本年度平均溫,平均溼度距平,本年度日均相對溼度,本年度日均降水量,日均降水量距平,站號
淡水,25.164889,121.448906,1.31,22.98,3.21,82.68,2.97,-1.25,466900
鞍部,25.182586,121.529731,1.33,17.4,6.69,98.55,26.54,8.35,466910
臺北,25.037658,121.514853,1.0,23.51,7.27,82.9,1.84,-1.69,466920
竹子湖,25.162078,121.544547,1.25,18.99,8.03,95.85,25.18,9.96,466930
基隆,25.133314,121.740475,1.23,23.24,6.8,84.4,18.03,2.77,466940
花蓮,23.975128,121.613275,1.28,24.3,5.82,82.05,3.5,-2.58,466990
新屋,25.006744,121.047486,0.66,22.89,5.03,83.8,2.53,1.32,467050
宜蘭,24.763975,121.756528,1.07,22.67,8.16,91.2,19.72,7.55,467080
金門,24.407306,118.289281,1.58,22.68,1.47,71.95,0.37,-1.18,467110
田中,23.873803,120.581286,0.6,24.29,6.89,87.25,2.95,2.87,467270
澎湖,23.565503,119.563094,0.75,23.96,5.49,82.25,1.02,-0.06,467350
臺南,22.993239,120.204772,0.68,24.88,4.98,79.6,6.34,5.1,467410
永康,23.038386,120.2367,1.18,24.74,7.75,81.55,5.1,3.99,467420
嘉義,23.495925,120.432906,1.25,23.98,7.93,86.9,2.82,1.84,467480
臺中,24.145736,120.684075,1.41,24.67,4.41,76.9,2.98,2.04,467490
阿里山,23.508208,120.813242,1.57,13.02,5.23,88.2,8.58,5.52,467530
大武,22.355675,120.903789,0.96,25.61,5.9,78.0,7.56,3.7,467540
玉山,23.487614,120.959522,1.66,6.34,0.18,67.9,7.2,2.86,467550
新竹,24.827853,121.014219,1.23,23.44,7.22,82.6,1.57,-0.47,467571
恆春,22.003897,120.746339,1.01,26.18,4.1,75.15,4.19,1.55,467590
成功,23.097486,121.373428,1.23,24.64,5.53,81.35,6.71,1.3,467610
日月潭,23.881325,120.90805,1.77,20.94,8.45,88.7,2.19,0.51,467650
臺東,22.752211,121.154586,1.07,25.13,5.82,79.15,10.31,5.9,467660
馬祖,26.169269,119.923419,1.1,19.98,3.68,84.25,1.54,-0.69,467990
山佳,24.974944,121.402008,0.86,23.0,5.63,84.65,1.45,-1.88,C0A520
坪林,24.938183,121.70975,0.76,20.05,1.54,93.94,8.62,1.2,C0A530
泰平,24.971197,121.823711,1.54,19.9,3.96,99.6,36.42,11.49,C0A550
桶後,24.848222,121.597992,1.67,20.31,2.09,96.1,10.15,0.42,C0A570
石碇,24.993969,121.662917,1.46,21.43,1.56,91.56,9.89,3.0,C0A640
大坪,25.165914,121.632969,2.19,21.01,3.94,96.65,44.12,11.59,C0A860
五指山,25.132153,121.608692,2.22,19.21,2.33,97.6,28.5,13.12,C0A870
雙溪,25.036003,121.864242,3.09,23.47,-2.49,90.25,23.2,4.43,C0A890
三和,25.233153,121.595236,4.67,25.08,5.05,94.15,30.62,13.12,C0A931
金山,25.223628,121.643967,2.16,23.38,1.5,85.95,10.42,0.95,C0A940
鼻頭角,25.129036,121.923372,1.26,23.01,6.74,90.53,5.85,-0.32,C0A950
三貂角,25.007606,122.002058,1.16,22.72,8.84,91.4,8.4,-1.63,C0A970
社子,25.109508,121.469681,1.9,24.42,5.24,81.8,0.65,-1.61,C0A980
天母,25.117494,121.537169,1.22,23.76,0.26,74.85,1.4,-1.24,C0A9C0
內湖,25.079422,121.57545,0.82,23.13,19.55,98.65,2.7,-0.68,C0A9F0
大屯山,25.175675,121.522408,2.9,17.75,3.17,99.7,15.48,4.9,C0AC40
三峽,24.939025,121.369728,2.04,24.33,5.26,84.75,1.45,-2.18,C0AC60
信義,25.037822,121.564597,1.91,23.98,5.19,86.2,3.5,0.33,C0AC70
文山,25.00235,121.575728,1.03,22.8,1.43,85.05,3.92,0.25,C0AC80
新莊,25.051478,121.446756,0.5,23.4,7.57,82.1,0.72,-1.76,C0ACA0
八里,25.150211,121.403947,0.77,23.22,14.92,91.9,1.78,-1.27,C0AD10
蘆洲,25.086594,121.472331,1.44,24.59,2.67,77.9,0.6,-1.65,C0AD30
土城,24.973208,121.445169,0.85,22.91,7.26,86.85,1.68,-1.74,C0AD40
鶯歌,24.951533,121.346294,1.67,23.8,5.3,87.35,1.3,-1.56,C0AD50
汐止,25.066881,121.658778,0.83,22.86,1.36,87.65,12.78,4.1,C0AH00
永和,25.01125,121.508111,1.35,24.09,5.26,83.6,1.75,-0.27,C0AH10
五分山,25.07125,121.780794,1.41,18.74,0.43,97.84,27.77,7.43,C0AH30
平等,25.129142,121.577086,0.77,20.54,-0.06,87.9,10.32,3.87,C0AH40
林口,25.072181,121.38084,0.88,21.72,-3.19,88.4,0.78,-0.89,C0AH50
松山,25.04871,121.55042,0.38,23.21,3.18,74.7,2.5,0.3,C0AH70
深坑,25.002703,121.628328,0.31,21.52,3.67,90.0,5.5,1.7,C0AH80
福山植物園,24.760717,121.58135,1.61,18.84,3.89,99.25,25.38,10.94,C0AH90
五股,25.07445,121.42728,-0.28,21.72,-1.17,85.8,0.78,-0.22,C0AI00
屈尺,24.92184,121.54475,1.29,22.82,-3.79,79.95,6.6,2.9,C0AI10
三重,25.057328,121.500629,0.84,23.78,5.37,82.85,0.85,0.68,C0AI30
石牌,25.115597,121.513139,1.61,24.92,12.65,78.2,0.65,0.32,C0AI40
七堵,25.094819,121.71713,1.96,23.87,0.28,86.7,25.0,14.16,C0B010
基隆嶼,25.19141,121.78391,0.9,22.46,15.4,95.2,7.08,4.04,C0B020
復興,24.820208,121.352281,1.61,21.36,2.78,82.1,0.88,-2.47,C0C460
桃園,24.992425,121.323172,0.91,22.99,6.13,81.65,2.0,-0.76,C0C480
八德,24.928708,121.283289,0.52,22.49,4.27,83.25,1.68,-2.0,C0C490
觀音,25.027072,121.153317,0.71,21.99,8.05,88.35,2.85,-0.86,C0C590
蘆竹,25.084275,121.265767,0.3,22.36,10.35,90.6,1.72,-1.67,C0C620
大溪,24.882853,121.265547,1.11,21.89,6.86,85.85,1.32,-1.9,C0C630
平鎮,24.897503,121.214636,1.4,21.98,4.85,86.6,1.45,-1.82,C0C650
龍潭,24.870056,121.221389,0.98,21.68,5.25,85.8,1.8,-0.47,C0C670
龜山,25.02846,121.38656,0.75,21.48,6.51,88.7,1.9,-0.15,C0C680
中壢,24.977661,121.256375,0.77,22.36,6.79,83.7,1.5,0.64,C0C700
大溪永福,24.892936,121.324975,1.25,22.16,6.86,88.7,1.52,0.67,C0C710
梅花,24.678347,121.208558,1.79,21.16,2.45,83.75,0.8,-1.52,C0D360
峨眉,24.6905,121.017189,1.59,23.14,-1.23,82.85,0.9,-1.33,C0D430
打鐵坑,24.849664,121.150789,1.09,21.47,1.14,87.3,0.78,-2.15,C0D480
橫山,24.71116,121.11693,0.9,21.61,6.79,89.55,0.57,-1.64,C0D540
雪霸,24.526972,121.11605,2.65,16.31,-4.33,75.55,1.75,-1.01,C0D550
竹東,24.767147,121.057881,1.86,23.26,4.8,79.6,0.95,-1.25,C0D560
寶山,24.735006,121.025192,1.73,22.8,1.95,83.7,0.88,-1.64,C0D580
新豐,24.87068,120.97721,0.95,21.98,14.03,95.65,1.58,-0.92,C0D590
湖口,24.904794,121.043628,-0.01,21.88,3.3,83.0,1.4,0.65,C0D650
新竹市東區,24.798681,120.986942,0.43,22.74,5.83,80.75,1.5,0.7,C0D660
竹南,24.708978,120.888897,1.56,23.44,5.85,83.2,1.23,-0.25,C0E420
南庄,24.601775,121.000214,1.38,21.51,7.87,92.4,1.62,-0.24,C0E430
明德,24.583486,120.885411,1.59,23.54,-0.46,80.95,1.88,0.23,C0E550
通霄,24.471892,120.704622,0.81,23.06,2.34,84.7,2.33,1.1,C0E590
馬都安,24.451272,120.930192,1.5,19.82,6.21,89.85,2.95,1.37,C0E610
頭份,24.688247,120.912206,2.1,24.46,4.08,78.5,1.68,-0.24,C0E730
造橋,24.637056,120.864778,0.98,23.41,-0.15,81.2,1.85,-0.11,C0E740
苗栗,24.564569,120.824575,0.85,23.51,-0.39,75.75,2.0,0.42,C0E750
銅鑼,24.489681,120.790853,0.49,22.42,14.26,95.3,3.95,2.56,C0E780
西湖,24.562947,120.7485,1.0,22.79,2.66,86.15,2.4,1.15,C0E810
獅潭,24.539133,120.920042,1.09,21.78,0.0,86.2,2.98,2.3,C0E820
苑裡,24.439714,120.653053,0.5,23.2,2.6,81.7,2.72,2.49,C0E830
大河,24.618069,120.948578,0.16,21.99,0.66,83.55,1.92,1.1,C0E850
高鐵苗栗,24.60725,120.826094,1.17,23.52,11.24,87.65,2.0,1.65,C0E870
石岡,24.276061,120.777644,0.92,22.58,6.04,88.0,5.98,5.64,C0F0B0
中坑,24.248517,120.903319,0.67,19.64,-0.82,88.5,5.85,5.25,C0F0C0
審馬陣,24.381675,121.4203,1.45,9.77,14.92,80.0,3.38,2.64,C0F0D0
東勢,24.246428,120.833047,1.69,23.5,3.89,82.8,6.08,4.76,C0F850
大坑,24.173142,120.722289,1.79,25.3,4.96,79.3,3.6,2.52,C0F970
神岡,24.272481,120.658314,0.91,23.09,-6.0,76.12,3.97,2.92,C0F9I0
大安,24.345061,120.588025,0.3,23.01,3.06,84.4,2.65,1.74,C0F9K0
后里,24.310436,120.729725,0.99,23.09,3.29,84.35,5.58,4.56,C0F9L0
豐原,24.254322,120.720692,1.64,24.13,3.26,80.45,6.15,5.06,C0F9M0
大里,24.092464,120.701378,1.31,25.74,-2.77,68.9,1.88,0.75,C0F9N0
潭子,24.213106,120.703933,0.53,24.02,5.4,80.9,4.05,3.05,C0F9O0
清水,24.312297,120.562242,0.3,23.21,2.72,84.1,1.88,1.02,C0F9P0
外埔,24.347817,120.705686,1.49,23.62,-1.59,81.37,4.53,3.39,C0F9Q0
龍井,24.184536,120.528972,0.48,23.76,-0.52,81.15,2.92,2.03,C0F9R0
烏日,24.107058,120.624103,0.58,24.33,2.85,76.4,3.3,2.24,C0F9S0
西屯,24.179494,120.641275,0.38,23.52,3.96,79.95,3.88,3.0,C0F9T0
南屯,24.137006,120.637969,0.2,24.4,3.9,76.6,3.12,2.22,C0F9U0
新社,24.200172,120.815806,1.51,22.62,5.2,87.21,7.83,6.65,C0F9V0
大雅(中科園區),24.21528,120.62445,-0.1,22.76,4.35,84.05,2.62,2.43,C0F9X0
桃山,24.432739,121.303808,1.63,9.06,10.9,83.25,2.72,-0.69,C0F9Y0
雪山東峰,24.388792,121.268675,1.49,9.75,9.75,81.5,5.6,2.82,C0F9Z0
芬園,24.015678,120.6213,0.21,23.09,9.31,89.9,3.42,2.28,C0G620
員林,23.946503,120.585597,3.1,26.27,1.25,80.5,2.68,1.81,C0G650
溪湖,23.94835,120.479122,2.27,25.61,12.92,93.9,3.25,2.04,C0G660
溪州,23.851589,120.499093,0.69,23.99,-0.09,79.1,2.48,2.2,C0G720
二林,23.903325,120.376081,0.58,23.49,1.14,86.75,2.65,2.38,C0G730
大城,23.852487,120.320935,0.74,23.89,-19.76,60.6,3.0,2.75,C0G740
福興,24.041289,120.437669,0.79,24.64,-1.38,77.5,3.48,2.58,C0G770
秀水,24.03405,120.503869,0.38,24.07,3.76,83.94,3.22,2.28,C0G780
埔鹽,24.000394,120.431683,1.73,24.83,3.25,85.75,2.58,1.64,C0G800
埔心,23.947633,120.525456,0.68,24.37,21.21,99.83,3.08,2.03,C0G810
田尾,23.901669,120.509389,1.23,24.72,2.4,86.55,2.8,1.7,C0G820
埤頭,23.866003,120.452806,0.73,23.9,12.85,100.0,1.88,0.93,C0G830
社頭,23.897647,120.5862,1.17,25.26,8.42,83.75,2.88,1.75,C0G860
二水,23.810742,120.6173,2.2,25.68,4.87,84.5,2.7,1.54,C0G880
伸港,24.148933,120.484403,0.2,23.54,1.18,81.1,3.35,2.5,C0G890
線西,24.143358,120.443536,0.59,23.76,2.54,82.15,1.98,1.9,C0G900
花壇,24.032076,120.549461,1.93,25.8,9.55,83.5,2.17,2.08,C0G910
埔里,23.972169,120.952425,1.46,23.92,4.45,83.9,2.45,1.79,C0H890
草屯,23.973672,120.68085,0.68,24.36,2.54,78.8,1.8,0.66,C0H960
昆陽,24.121322,121.273642,2.52,10.28,8.38,83.35,3.4,0.87,C0H990
神木村,23.532742,120.843667,2.44,17.95,1.0,85.85,5.32,2.83,C0H9A0
合歡山,24.143442,121.272547,2.85,8.99,9.1,87.7,6.98,3.09,C0H9C0
廬山,24.033311,121.181808,2.69,19.13,0.99,76.25,2.78,0.55,C0I010
信義,23.689694,120.851036,0.92,22.24,4.67,87.35,2.25,1.75,C0I080
竹山,23.761225,120.688156,1.4,23.95,4.05,85.6,3.15,1.8,C0I110
水里,23.812553,120.849792,0.97,23.81,2.17,82.6,1.72,1.3,C0I360
魚池,23.895703,120.94135,1.5,22.69,3.63,87.7,2.38,1.73,C0I370
集集,23.828206,120.801467,0.78,23.86,4.98,86.15,2.3,1.98,C0I380
仁愛,24.022122,121.132206,1.73,19.92,2.28,83.4,2.62,1.54,C0I390
名間,23.837053,120.701447,0.49,23.44,3.65,83.7,1.45,1.24,C0I410
國姓,24.037803,120.855072,0.99,23.85,4.36,85.75,4.97,4.41,C0I420
南投,23.911469,120.687331,0.78,24.76,7.42,83.2,2.15,1.71,C0I460
梅峰,24.085272,121.173572,2.15,15.1,2.65,82.15,3.78,1.89,C0I480
萬大林道,23.928228,121.091411,1.87,18.77,-3.08,77.75,2.7,1.41,C0I490
小奇萊,24.131764,121.295717,1.64,9.85,8.2,84.2,5.1,3.07,C0I530
崙背,23.75555,120.318925,0.88,23.62,-0.03,81.85,1.92,1.68,C0K250
四湖,23.630414,120.227125,1.46,24.2,0.54,80.55,1.52,0.48,C0K280
宜梧,23.536281,120.169329,0.96,23.99,-0.31,81.6,1.48,0.17,C0K291
虎尾,23.719183,120.442036,1.14,24.13,7.39,86.75,3.1,2.06,C0K330
土庫,23.679029,120.395574,0.88,24.2,8.63,88.5,0.88,0.66,C0K390
斗六,23.720583,120.541127,0.55,24.09,-0.34,81.3,3.28,3.15,C0K400
北港,23.573957,120.292802,0.45,23.9,-1.19,80.4,2.38,2.2,C0K410
西螺,23.800407,120.467394,0.63,23.92,0.64,83.55,2.38,2.01,C0K420
褒忠,23.690938,120.303634,0.63,23.64,-3.87,78.75,1.78,1.52,C0K430
二崙,23.772797,120.408944,0.73,23.49,3.68,85.85,1.82,1.57,C0K440
大埤,23.646074,120.431537,0.62,23.9,2.26,83.7,2.8,2.64,C0K450
斗南,23.678734,120.478359,0.58,23.97,2.41,82.2,3.45,3.29,C0K460
林內,23.748675,120.609642,1.16,24.12,1.7,83.15,3.78,3.61,C0K470
莿桐,23.761192,120.502372,0.81,23.65,2.08,81.95,3.2,3.0,C0K480
元長,23.64981,120.315024,0.64,23.92,2.09,82.25,2.95,2.72,C0K500
水林,23.572924,120.24597,0.84,24.15,1.53,82.2,2.58,2.4,C0K510
臺西,23.701547,120.197559,0.47,23.64,1.5,83.35,1.9,1.72,C0K530
蔦松,23.514319,120.229736,0.84,23.96,0.85,83.1,2.15,1.92,C0K550
棋山,23.68645,120.603417,1.1,24.23,3.5,85.2,3.92,3.73,C0K560
高鐵雲林,23.737456,120.417944,0.6,23.63,2.66,84.8,2.4,2.06,C0K580
東後寮,23.369908,120.248065,0.65,23.92,2.67,83.7,1.62,1.47,C0M520
奮起湖,23.493903,120.699253,2.25,18.76,0.79,90.05,7.78,5.97,C0M530
中埔,23.42538,120.5229,0.44,23.74,3.48,84.1,3.95,3.7,C0M640
朴子,23.43463,120.23902,-0.05,23.36,4.04,84.7,0.91,0.78,C0M650
溪口,23.604131,120.403569,0.65,23.87,0.17,81.9,2.48,2.32,C0M660
大林,23.600616,120.45841,0.58,24.13,1.9,81.85,3.35,3.21,C0M670
太保,23.455062,120.331455,0.38,24.08,1.32,81.85,2.33,2.15,C0M680
水上,23.419734,120.388909,0.53,24.04,11.07,90.0,2.35,2.15,C0M690
竹崎,23.526178,120.555508,0.69,23.93,3.22,85.95,6.4,6.15,C0M700
東石,23.458927,120.15385,0.66,24.04,0.4,81.6,1.18,0.97,C0M710
番路,23.464657,120.554156,0.54,23.33,7.35,88.8,4.22,3.99,C0M720
嘉義市東區,23.457673,120.460531,0.64,25.28,3.76,78.75,3.38,3.17,C0M730
六腳,23.492871,120.290625,0.49,23.96,2.22,82.1,2.3,2.15,C0M740
布袋,23.380878,120.167789,0.72,24.2,-3.81,80.3,1.5,1.33,C0M750
民雄,23.551754,120.428457,0.39,24.06,1.6,82.55,3.4,3.23,C0M760
嘉義梅山,23.585398,120.555587,0.45,23.65,9.53,90.6,4.8,4.58,C0M770
鹿草,23.41134,120.30835,0.68,24.37,3.37,81.95,1.85,1.64,C0M780
新港,23.553269,120.345728,0.38,24.0,1.36,81.05,2.92,2.76,C0M790
茶山,23.299075,120.664767,0.87,23.19,5.45,88.2,7.28,7.03,C0M800
里佳,23.389125,120.716647,1.88,19.3,-4.55,82.35,9.18,8.54,C0M810
達邦,23.453994,120.749517,1.51,20.78,6.5,86.65,7.35,6.93,C0M820
表湖,23.24186,120.64166,0.79,21.41,4.57,91.75,5.9,5.63,C0M850
新美,23.338017,120.683169,1.06,22.89,2.29,85.7,7.12,6.26,C0M860
北寮,23.079561,120.495008,0.91,24.42,10.49,94.15,5.65,5.54,C0O830
王爺宮,23.222064,120.40085,2.77,25.82,-2.32,81.4,3.32,3.15,C0O840
大內,23.11885,120.36083,1.76,25.83,4.29,86.95,4.95,4.89,C0O860
善化,23.112883,120.297219,1.29,24.62,8.71,90.55,4.9,4.03,C0O900
崎頂,22.959547,120.369317,1.36,24.44,8.14,90.95,4.53,4.38,C0O960
虎頭埤,23.021375,120.347878,0.79,24.14,4.13,86.8,4.18,4.08,C0O970
新市,23.061614,120.298197,1.48,25.56,3.5,82.55,4.55,4.44,C0O980
媽廟,22.99175,120.293525,0.23,24.43,16.49,96.75,4.62,4.31,C0O990
尾寮山,22.833111,120.683889,1.77,20.28,0.46,91.17,30.5,28.97,C0R100
阿禮,22.742908,120.743678,1.18,20.73,-1.37,78.65,6.5,5.71,C0R130
瑪家,22.682903,120.686639,0.65,21.2,14.74,96.3,9.6,8.71,C0R140
三地門,22.709889,120.639944,1.09,25.4,-0.72,76.15,5.22,3.77,C0R150
鹽埔,22.739558,120.530778,1.02,25.68,-0.32,87.15,6.18,5.91,C0R160
屏東,22.660269,120.494072,1.7,26.62,-3.46,77.3,8.07,7.81,C0R170
赤山,22.592333,120.614306,0.72,25.44,7.68,91.4,7.8,7.33,C0R190
潮州,22.534361,120.54,1.67,26.12,4.03,82.5,9.4,8.12,C0R220
來義,22.527306,120.625111,0.25,24.39,9.17,92.82,10.94,10.39,C0R240
春日,22.370361,120.628306,0.24,24.75,-0.23,81.75,6.45,5.68,C0R260
琉球嶼,22.332244,120.362236,0.99,25.72,0.56,84.2,4.55,3.18,C0R270
車城,22.0744,120.716247,0.43,25.86,7.04,79.4,3.45,-3.46,C0R320
牡丹,22.130036,120.792639,0.48,23.36,9.84,94.2,6.48,-5.34,C0R341
貓鼻頭,21.921774,120.7358,1.22,25.93,0.75,78.75,2.02,-0.64,C0R350
大漢山,22.405264,120.753181,1.41,15.28,4.98,98.6,32.88,17.47,C0R440
高樹,22.826389,120.600806,0.72,25.62,-2.67,76.35,5.88,5.6,C0R470
長治,22.693128,120.542622,1.47,26.42,4.33,86.7,7.28,6.96,C0R480
九如,22.7405,120.490503,1.53,26.32,-1.2,80.85,5.55,5.29,C0R490
崁頂,22.514781,120.506914,0.5,25.63,4.22,86.36,8.15,7.76,C0R520
佳冬,22.419456,120.552375,0.63,25.58,2.62,85.5,5.88,5.28,C0R540
新埤,22.467947,120.582894,0.86,25.43,-1.62,81.75,7.98,7.34,C0R550
新園,22.5434,120.461558,1.88,26.88,-3.34,76.7,6.8,6.12,C0R560
麟洛,22.65078,120.52719,1.65,26.94,5.58,83.9,5.9,5.63,C0R570
南州,22.48591,120.50274,0.8,25.66,5.44,86.8,6.88,6.49,C0R580
里港,22.77919,120.49459,0.74,25.55,3.82,84.05,5.58,5.45,C0R590
舊泰武,22.588194,120.664944,0.71,21.58,3.45,91.45,9.78,8.28,C0R600
墾雷,21.900836,120.855269,0.42,25.58,8.88,90.45,2.48,-0.28,C0R620
東港,22.46247,120.44074,0.79,25.95,4.41,85.2,4.18,3.27,C0R640
竹田,22.58486,120.54344,1.06,26.02,-3.74,79.7,7.52,7.15,C0R650
枋寮,22.367722,120.590647,0.77,25.83,5.97,87.15,5.2,2.81,C0R660
楓港,22.190131,120.692156,-0.08,25.62,5.74,73.15,4.78,-3.32,C0R670
佳樂水,21.993578,120.861633,0.35,25.88,3.92,82.1,2.68,-3.3,C0R680
墾丁,21.966756,120.810269,0.92,23.94,0.08,85.67,3.95,-3.07,C0R690
枋山,22.246844,120.661086,0.71,26.27,5.7,75.25,5.6,1.19,C0R700
龍磐,21.931672,120.838942,0.37,24.81,3.92,88.1,2.35,-3.08,C0R710
旭海,22.205403,120.887614,0.21,23.52,14.65,98.6,5.88,-0.6,C0R720
大坪頂,22.024633,120.69355,0.33,24.46,13.89,89.25,3.45,-2.19,C0R730
獅子,22.201569,120.70525,0.49,25.7,6.35,75.85,6.92,-2.96,C0R740
四林格山,22.076989,120.802439,0.71,21.15,3.84,96.0,5.72,-2.25,C0R750
南仁湖,22.084681,120.863353,0.53,22.58,7.86,96.95,5.4,-3.46,C0R760
保力,22.071122,120.764111,0.66,24.88,5.53,83.85,4.78,-5.52,C0R770
滿州,22.024403,120.839892,0.61,25.28,1.97,81.15,3.0,-3.32,C0R780
九棚,22.14195,120.889281,0.34,24.68,3.56,85.15,3.65,-3.71,C0R790
丹路,22.204481,120.750989,0.6,24.86,6.46,80.6,10.88,-0.85,C0R800
內獅,22.305064,120.642986,0.82,25.69,15.46,97.05,6.25,2.43,C0R810
白鷺,22.454275,120.666219,0.99,22.53,4.39,88.25,10.28,6.07,C0R820
高士,22.121825,120.836781,0.59,22.18,4.73,93.0,7.08,-2.99,C0R830
牡丹池山,22.168389,120.841225,0.56,20.98,5.87,97.45,8.43,-0.17,C0R840
下馬,23.150427,121.070312,0.85,19.14,5.15,90.9,2.61,-0.03,C0S660
太麻里,22.60902,120.98533,1.6,21.84,8.4,88.35,7.82,3.7,C0S690
知本,22.684866,121.005642,1.45,21.5,8.74,92.4,11.1,6.53,C0S700
鹿野,22.917711,121.122994,1.65,21.96,7.61,89.45,9.95,6.25,C0S710
綠島,22.6672,121.47533,0.94,24.07,13.66,97.44,3.95,-4.0,C0S730
池上,23.119628,121.209469,1.25,22.07,5.72,89.88,7.55,4.51,C0S740
向陽,23.248397,120.986133,2.27,12.94,9.08,95.0,6.86,1.23,C0S750
大溪山,22.478475,120.943325,1.28,22.2,8.97,88.95,13.2,8.61,C0S770
金崙,22.538122,120.966875,1.33,23.56,7.18,86.5,10.65,6.53,C0S790
東河,22.972672,121.303986,0.6,24.53,8.19,85.05,7.25,2.68,C0S810
長濱,23.286817,121.411975,1.17,23.2,5.8,84.25,5.48,-0.14,C0S830
南田,22.279725,120.889208,0.87,25.42,22.14,98.8,6.38,2.63,C0S840
關山,23.0395,121.175017,1.05,22.92,6.19,88.55,8.07,5.67,C0S890
蘭嶼高中,22.04909,121.51214,0.59,25.82,9.61,86.05,12.42,-0.28,C0S900
蘭嶼燈塔,22.081197,121.503117,0.55,23.94,8.9,94.45,6.28,-1.85,C0S910
金峰嘉蘭,22.594789,120.960825,1.01,23.9,8.78,87.35,13.3,8.43,C0S920
延平,22.902581,121.084058,1.01,23.01,8.2,85.9,10.48,8.27,C0S930
石寧山,23.223772,121.406639,0.98,23.66,11.35,90.1,4.85,1.94,C0S940
香蘭,22.587569,120.993375,0.66,25.26,9.96,84.05,6.42,0.24,C0S960
加津林,22.416211,120.926942,0.84,25.46,8.55,79.3,10.85,5.17,C0S970
勝林山,22.430439,120.8938,0.98,18.32,5.67,98.6,17.62,8.9,C0S980
山豬窟,22.318619,120.857372,0.62,22.04,8.39,90.3,12.65,5.54,C0S990
歷坵,22.520969,120.89185,1.3,21.76,10.27,92.45,20.12,13.98,C0SA00
檳榔四格山,22.810031,121.109308,1.12,22.08,8.9,92.1,9.6,7.21,C0SA10
金崙山,22.567419,120.959667,1.59,19.31,3.7,94.3,14.92,9.02,C0SA20
都歷,23.020333,121.323642,1.32,24.53,24.93,98.95,6.6,4.02,C0SA30
瑞和,22.974361,121.156697,1.25,23.12,15.17,95.4,10.25,7.31,C0SA40
知本（水試所）,22.702394,121.082761,0.58,24.82,5.93,82.7,8.38,4.12,C0SA60
土坂,22.453108,120.887572,1.15,23.99,8.45,86.0,20.95,14.56,C0SA80
達仁林場,22.264347,120.823972,0.65,21.36,5.53,93.85,15.7,3.4,C0SA90
大禹嶺,24.186117,121.316086,1.52,10.66,7.76,90.15,5.22,2.07,C0T790
天祥,24.179597,121.495639,2.03,20.63,4.74,90.8,3.45,0.33,C0T820
鯉魚潭,23.935639,121.508944,1.4,22.21,3.42,92.2,3.31,-1.5,C0T870
西林,23.8119,121.441458,1.59,22.8,8.43,91.9,4.58,-2.74,C0T900
光復,23.660694,121.424964,1.91,23.23,-0.69,88.8,4.03,-2.46,C0T960
月眉山,23.809928,121.539828,1.8,21.12,1.44,95.3,4.32,-2.49,C0T9A0
水源,23.991861,121.537169,1.64,20.75,5.26,93.7,4.38,-2.26,C0T9B0
和中,24.26676,121.74103,0.88,23.44,14.5,99.3,12.35,5.0,C0T9D0
大坑,23.880628,121.581981,1.5,21.23,5.95,95.9,5.48,-1.04,C0T9E0
水璉,23.797131,121.542514,1.13,22.72,5.62,91.25,4.32,-2.17,C0T9F0
鳳林山,23.735269,121.420131,0.56,20.3,2.15,95.4,4.92,-2.28,C0T9G0
加路蘭山,23.682947,121.5274,1.56,19.81,3.95,99.15,7.22,-2.39,C0T9H0
靜浦,23.455167,121.495028,1.59,23.68,8.96,91.1,7.85,0.54,C0T9M0
富里,23.171639,121.249378,1.65,22.78,12.81,97.36,1.11,-1.53,C0T9N0
雙連埤,24.753033,121.641303,0.94,18.98,1.44,98.41,24.05,9.02,C0U520
礁溪,24.817539,121.765608,1.38,22.64,0.07,91.6,13.88,2.99,C0U600
玉蘭,24.675286,121.587061,0.39,19.05,-4.9,87.23,24.15,10.78,C0U650
太平山,24.505486,121.525656,2.5,13.78,4.16,96.1,7.78,-0.83,C0U710
南山,24.43742,121.38167,1.62,16.79,1.86,96.45,6.02,2.31,C0U720
東澳,24.52196,121.83318,0.8,22.72,7.34,99.6,33.17,13.04,C0U760
南澳,24.44935,121.81022,0.76,23.24,3.9,88.9,18.18,7.49,C0U770
五結,24.68637,121.79794,0.32,21.9,5.32,93.7,27.1,9.81,C0U780
頭城,24.85323,121.8308,0.44,22.64,5.16,93.35,15.4,5.08,C0U860
大礁溪,24.791042,121.675047,0.97,19.91,7.2,98.55,18.73,5.99,C0U870
三星,24.66812,121.65302,0.85,21.8,5.49,98.9,21.2,9.47,C0U890
內城,24.71813,121.68766,0.92,22.18,4.9,94.95,19.8,10.44,C0U900
冬山,24.63373,121.7937,0.93,22.56,10.38,98.7,36.33,20.47,C0U910
羅東,24.68184,121.74934,1.36,22.38,5.43,94.16,26.21,13.63,C0U940
鶯子嶺,24.89754,121.79244,1.41,16.85,2.4,99.95,24.88,6.86,C0U950
翠峰湖,24.510856,121.608044,2.28,13.57,4.08,99.6,13.6,2.87,C0U960
大福,24.80064,121.81389,0.79,22.65,0.73,90.85,16.48,4.25,C0U970
坪林石牌,24.86478,121.77396,1.08,19.29,4.24,98.9,16.75,3.92,C0U980
員山,24.74435,121.72247,0.79,22.4,6.6,94.4,19.75,8.83,C0U990
土場,24.576533,121.495333,1.11,20.31,1.59,94.0,6.25,1.75,C0UA00
鴛鴦湖,24.590269,121.412228,2.09,14.41,2.95,98.8,19.5,7.48,C0UA10
多加屯,24.368614,121.373189,1.43,11.24,7.29,87.2,29.67,26.85,C0UA20
白嶺,24.527819,121.519031,1.55,15.6,1.1,98.1,7.35,1.44,C0UA30
西德山,24.560647,121.752608,1.5,16.85,1.63,98.75,32.58,9.18,C0UA40
西帽山,24.555361,121.802628,0.91,17.72,2.5,99.55,69.58,28.54,C0UA50
樟樹山,24.41393,121.78325,1.32,20.08,7.27,99.0,19.32,6.53,C0UA60
桃源谷,24.962606,121.888875,1.31,19.6,2.84,99.05,28.75,12.64,C0UA70
復興,23.222403,120.806089,0.64,21.82,7.61,85.15,5.9,5.49,C0V210
美濃,22.898742,120.519153,2.01,25.98,2.19,83.7,4.62,3.76,C0V310
溪埔,22.738578,120.446797,0.77,25.37,7.92,88.6,7.15,6.97,C0V350
內門,22.975481,120.466769,1.3,24.78,7.1,90.0,5.18,5.06,C0V360
古亭坑,22.893178,120.401947,1.33,24.45,3.69,89.06,0.97,0.12,C0V370
阿公店,22.804194,120.355528,0.3,24.41,5.13,86.8,4.65,4.38,C0V400
鳳山,22.646653,120.356122,0.36,25.48,10.44,87.7,7.2,6.85,C0V440
鳳森,22.545064,120.392592,0.76,25.49,2.76,82.75,4.38,3.78,C0V450
新興,22.627422,120.298803,1.03,26.1,3.53,78.25,5.72,4.51,C0V490
阿蓮,22.883208,120.327508,1.75,26.03,-14.67,66.05,6.38,6.13,C0V530
梓官,22.760558,120.267211,0.53,25.24,2.98,81.5,10.12,9.73,C0V610
永安,22.82315,120.236856,0.44,24.85,0.47,82.0,9.02,8.67,C0V620
茄萣,22.906642,120.182608,0.61,24.96,5.64,82.65,10.1,9.56,C0V630
湖內,22.887139,120.2445,0.3,24.71,1.7,81.05,6.52,6.16,C0V640
彌陀,22.783806,120.246361,1.03,25.67,4.29,84.2,9.95,9.58,C0V650
岡山,22.797078,120.294958,0.86,25.91,5.29,81.5,8.65,8.31,C0V660
仁武,22.701083,120.347722,0.51,25.68,9.7,87.8,7.95,7.68,C0V680
鼓山,22.623325,120.275575,0.26,25.26,5.15,83.8,6.18,5.71,C0V690
三民,22.645017,120.311233,0.41,26.05,5.67,77.85,5.55,5.16,C0V700
苓雅,22.622742,120.330669,1.12,26.61,10.41,81.85,5.1,4.72,C0V710
林園,22.507747,120.394511,1.29,27.3,7.81,80.7,4.1,3.58,C0V720
大寮,22.605614,120.395717,0.44,25.91,9.04,84.05,7.15,6.65,C0V730
旗山,22.888614,120.483597,1.65,26.14,2.32,81.0,4.42,4.27,C0V740
路竹,22.854997,120.259439,1.13,25.99,3.0,80.4,8.52,8.17,C0V750
橋頭,22.757806,120.30575,0.77,26.01,4.03,81.35,7.72,7.4,C0V760
大社,22.730306,120.346639,0.32,25.16,12.08,89.1,6.88,6.63,C0V770
萬山,22.905944,120.688056,0.52,23.33,6.63,86.05,6.7,6.41,C0V790
六龜,22.997889,120.633583,0.79,24.69,7.66,87.3,7.52,7.32,C0V800
左營,22.67491,120.28491,0.26,24.96,1.63,82.65,7.0,6.56,C0V810
小林,23.148408,120.63325,1.2,23.42,7.75,89.75,4.15,3.83,C0V820
東莒,25.9652,119.98069,1.7,20.71,-0.88,78.65,1.55,0.39,C0W110
花嶼,23.40007,119.32276,0.63,23.83,3.58,83.55,6.33,5.42,C0W130
金沙,24.488292,118.408778,1.39,22.67,-5.96,65.1,0.38,-0.54,C0W140
金寧,24.457703,118.328989,1.43,23.28,-3.23,67.55,0.0,-0.78,C0W150
東河,23.296598,120.385608,0.51,24.3,-2.08,80.75,3.1,2.91,C0X050
下營,23.22695,120.256261,0.6,24.31,-0.25,80.3,2.98,2.7,C0X060
佳里,23.173039,120.145086,1.1,24.5,3.38,83.7,2.7,1.58,C0X080
臺南市北區,23.010394,120.194228,0.58,24.99,8.69,84.3,5.58,5.21,C0X100
臺南市南區,22.961189,120.188378,0.54,25.36,1.78,78.85,8.02,7.68,C0X110
麻豆,23.183289,120.248611,1.11,25.16,5.95,85.95,3.85,3.64,C0X120
官田,23.193217,120.315422,0.68,24.92,4.56,84.85,3.98,3.78,C0X130
西港,23.125608,120.203108,0.67,24.69,5.76,85.4,3.98,3.61,C0X140
安定,23.102614,120.227839,0.88,24.66,4.96,87.0,4.3,3.89,C0X150
仁德,22.968258,120.257689,0.96,25.6,4.38,81.35,5.35,5.0,C0X160
關廟,22.963017,120.327797,-0.26,24.08,7.57,84.8,4.08,3.93,C0X170
山上,23.0757,120.363253,1.07,24.8,1.56,84.1,5.08,4.99,C0X180
安平,22.993161,120.152181,0.38,24.62,3.36,83.4,8.07,7.69,C0X190
左鎮,23.056758,120.408522,1.86,25.1,-0.02,84.8,5.28,5.18,C0X200
白河,23.347466,120.414427,0.45,24.2,2.82,83.75,3.1,2.9,C0X210
學甲,23.230367,120.182187,0.76,24.22,2.85,82.9,2.68,2.4,C0X220
鹽水,23.272621,120.247641,0.48,23.92,2.4,84.0,2.05,1.82,C0X230
關子嶺,23.331169,120.508025,0.71,22.5,7.75,94.8,5.55,5.21,C0X240
新營,23.310689,120.316681,0.41,24.23,5.64,85.45,2.15,1.93,C0X250
後壁,23.366358,120.362326,0.59,24.09,0.57,82.65,2.12,1.89,C0X260
將軍,23.214999,120.13577,0.44,23.94,1.83,82.8,2.62,2.2,C0X280
北門,23.267772,120.125481,0.85,24.16,3.82,84.85,1.8,1.44,C0X290
鹿寮,23.386047,120.477331,1.09,24.14,10.34,94.9,3.55,3.24,C0X300
柳營,23.253328,120.375253,0.9,24.58,-0.18,81.5,2.82,2.05,C0X320
明里,23.208717,121.262342,1.54,22.46,4.9,91.7,5.35,0.34,C0Z020
佳心,23.34567,121.21316,1.59,19.02,11.56,98.3,4.97,1.08,C0Z050
玉里,23.3215,121.339656,1.55,22.8,6.36,92.15,5.55,-0.89,C0Z061
舞鶴,23.46811,121.37407,1.91,22.22,8.49,99.75,5.12,-0.08,C0Z070
富源,23.587642,121.378225,1.64,22.06,1.91,93.2,4.47,-2.34,C0Z080
東華,23.89525,121.549833,1.41,23.74,3.66,90.85,1.9,-3.8,C0Z100
吉安光華,23.930925,121.595153,1.16,23.82,-12.21,76.4,3.3,-1.76,C0Z150
鳳林,23.746114,121.453411,1.37,23.26,-1.41,84.88,3.88,-0.76,C0Z160
卓溪,23.3443,121.3029,0.83,22.83,3.38,85.9,5.2,1.91,C0Z170
富世,24.14743,121.6297,0.99,23.81,1.32,86.5,4.5,-0.95,C0Z190
萬榮,23.709219,121.420106,1.38,22.96,-1.44,85.9,4.32,-0.49,C0Z200
瑞穗,23.5239,121.39021,1.66,23.07,3.78,90.25,5.08,-0.5,C0Z210
和平林道,24.343922,121.656317,1.28,20.26,1.1,92.25,8.6,4.99,C0Z220
和平,24.30717,121.77007,0.18,23.2,8.89,83.3,8.52,0.55,C0Z230
瑞穗林道,23.49284,121.30688,3.26,19.32,0.37,97.1,6.18,-1.2,C0Z250
蕃薯寮,23.73835,121.540108,1.16,21.78,-0.27,90.95,4.6,-2.64,C0Z270
德武,23.47426,121.41071,1.15,22.62,2.17,90.5,5.55,0.21,C0Z280
赤柯山,23.36893,121.38293,1.22,18.32,5.51,98.6,9.32,3.11,C0Z290
東里,23.26853,121.30547,1.21,22.8,-2.97,89.0,5.72,2.01,C0Z300
清水斷崖,24.218294,121.689142,0.6,23.38,6.16,86.95,4.68,-0.89,C0Z310
清水林道,23.27125,121.188272,1.45,19.87,3.18,91.7,5.98,1.79,C0Z320
安通山,23.290728,121.348528,0.61,20.47,4.19,91.75,5.08,1.4,C0Z330
口湖工作站,23.589978,120.180394,1.28,23.8,4.97,77.15,1.15,0.98,12J990
東港工作站,22.479997,120.466058,1.05,25.89,4.94,72.58,5.37,4.32,12Q970
恆春工作站,22.079678,120.714425,0.95,26.16,9.46,71.6,2.78,0.59,12Q980
萬大發電廠,23.978875,121.139639,1.45,20.4,-2.45,80.45,2.65,2.46,42HA10
桃改樹林分場,24.944503,121.386972,-0.17,22.79,5.64,81.0,0.98,0.13,72AI40
桃園農改場,24.950944,121.030583,1.3,22.62,5.16,85.95,2.02,-0.12,72C440
桃改五峰分場,24.612194,121.157167,2.45,18.99,1.07,88.4,1.25,-1.4,72D080
桃改新埔分場,24.834444,121.066111,0.39,23.01,8.63,82.76,0.15,-0.33,72D680
臺中農改場,24.003028,120.534389,1.26,23.86,4.26,84.05,2.78,1.92,72G600
中改埔里分場,23.903208,120.963364,1.82,22.02,2.98,89.3,0.92,0.79,72HA00
南改斗南分場,23.634556,120.477333,1.65,24.17,2.24,83.5,2.95,1.82,72K220
南改義竹分場,23.360694,120.279361,1.15,23.87,0.33,82.3,1.6,0.81,72M360
南改鹿草分場,23.416869,120.283061,1.2,23.84,6.94,85.05,1.6,1.46,72M700
臺南農改場,23.0605,120.342194,1.18,24.12,7.25,87.9,4.47,3.78,72N100
七股研究中心,23.081672,120.062894,1.0,24.06,3.56,83.2,4.15,2.56,72N240
高雄農改場,22.709333,120.525889,0.98,25.59,9.84,88.55,7.35,6.32,72Q010
東改班鳩分場,22.829528,121.077694,1.65,23.58,0.62,80.75,11.4,7.33,72S200
東改賓朗果園,22.813889,121.071278,1.0,22.66,-0.32,84.69,8.91,4.65,72S590
花蓮農改場,23.975222,121.563889,1.74,23.82,1.15,84.25,3.0,-1.43,72T250
花改蘭陽分場,24.686306,121.716583,1.29,22.2,7.11,94.75,26.85,14.08,72U480
高改旗南分場,22.857861,120.516667,0.45,24.93,10.69,86.35,4.92,4.13,72V140
茶改北部分場,24.955778,121.631222,1.46,20.11,5.54,93.11,9.37,-0.27,82A750
茶改場,24.908472,121.185333,1.37,21.84,0.97,84.35,1.5,-1.76,82C160
茶改中部分場,23.875611,120.913583,0.68,20.85,4.39,88.95,2.29,0.7,82H320
茶改南部分場,23.762528,120.7405,0.9,22.16,3.5,90.7,3.2,2.03,82H840
茶改東部分場,22.907694,121.130139,0.99,23.35,1.69,83.05,9.45,5.79,82S580
農工中心,24.985917,121.239833,0.73,22.12,7.18,82.9,1.2,-1.41,A2C560
水試臺西試驗場,23.717231,120.190522,0.82,23.96,5.32,86.11,1.68,1.54,A2K360
臺大雲林校區,23.730628,120.423903,0.64,23.48,3.1,83.1,2.72,2.41,A2K630
臺南蘭花園區,23.340258,120.379661,0.95,24.06,0.74,82.65,2.5,1.82,A2N290
畜試北區分所,24.527806,120.770972,1.11,22.59,3.92,84.15,1.72,1.49,B2E890
畜產試驗所,23.058972,120.336406,1.09,24.08,8.09,90.08,7.12,6.15,B2N890
畜試南區分所,21.945583,120.802167,0.58,25.59,2.36,76.37,3.16,-0.07,B2Q810
畜試東區分所,24.669039,121.832561,0.93,22.17,6.18,96.64,36.27,17.64,B2U990
蓮華池,23.918333,120.885278,0.88,21.65,6.65,90.07,2.97,1.27,E2H360
林試畢祿溪站,24.226944,121.308522,0.49,13.01,6.97,87.7,0.25,-0.25,E2HA20
四湖植物園,23.676986,120.163433,1.36,24.06,7.32,91.65,1.75,1.6,E2K600
林試六龜中心,22.991703,120.645722,0.56,23.72,5.85,90.3,6.22,5.77,E2P980
林試太麻里2,22.598,120.99775,0.2,24.39,4.61,81.71,7.21,2.57,E2S960
林試太麻里1,22.598922,120.980044,0.14,23.44,6.15,84.65,10.74,4.26,E2S980
農試所(霧峰),24.031261,120.688133,1.48,24.34,7.6,87.8,2.08,1.17,G2F820
農試嘉義分所,23.485028,120.473806,1.23,23.8,3.81,85.85,3.18,2.61,G2L020
農試溪口農場,23.58565,120.408111,1.19,24.12,4.32,83.05,2.9,2.25,G2M350
農試鳳山分所,22.646611,120.356083,0.58,25.27,7.24,81.94,6.14,4.98,G2P820
苗栗農改場,24.495722,120.829111,1.22,22.34,2.78,84.9,3.55,2.19,K2E360
苗改生物防治研究中心,24.422861,120.871833,0.88,21.34,1.87,85.0,4.55,4.48,K2E710
種苗改良場,24.225972,120.800917,1.36,21.65,12.46,90.9,7.52,6.4,K2F750
溪頭,23.670306,120.798194,1.72,18.64,4.77,93.95,4.5,2.27,U2H480
臺大和社,23.590856,120.888864,2.2,21.36,7.66,88.75,2.68,2.31,U2HA30
臺大內茅埔,23.689722,120.851117,1.28,22.23,6.39,87.3,2.28,2.02,U2HA40
臺大竹山,23.756972,120.681556,1.39,24.31,-1.13,80.89,3.72,3.63,U2HA50
臺大竹山,23.756972,120.681556,1.39,24.31,-1.13,80.89,3.72,3.63,U2HA50
臺大內茅埔,23.689722,120.851117,1.28,22.23,6.39,87.3,2.28,2.02,U2HA40
臺大和社,23.590856,120.888864,2.2,21.36,7.66,88.75,2.68,2.31,U2HA30
臺大溪頭,23.670306,120.798194,1.72,18.64,4.77,93.95,4.5,2.27,U2H480
種苗繁殖,24.225972,120.800917,1.36,21.65,12.46,90.9,7.52,6.4,K2F750
苗改生物防治研究中心,24.422861,120.871833,0.88,21.34,1.87,85.0,4.55,4.48,K2E710
苗栗農改,24.495722,120.829111,1.22,22.34,2.78,84.9,3.55,2.19,K2E360
農試鳳山分所,22.646611,120.356083,0.58,25.27,7.24,81.94,6.14,4.98,G2P820
農試溪口農場,23.58565,120.408111,1.19,24.12,4.32,83.05,2.9,2.25,G2M350
農試嘉義分所,23.485028,120.473806,1.23,23.8,3.81,85.85,3.18,2.61,G2L020
農業試驗所,24.031261,120.688133,1.48,24.34,7.6,87.8,2.08,1.17,G2F820
林試太麻里1,22.598922,120.980044,0.14,23.44,6.15,84.65,10.74,4.26,E2S980
林試太麻里2,22.598014,120.989761,0.2,24.39,4.61,81.71,7.21,2.57,E2S960
林試六龜中心,22.991703,120.645722,0.56,23.72,5.85,90.3,6.22,5.77,E2P980
四湖植物園,23.676986,120.163433,1.36,24.06,7.32,91.65,1.75,1.6,E2K600
林試畢祿溪站,24.226944,121.308522,0.49,13.01,6.97,87.7,0.25,-0.25,E2HA20
蓮華池,23.918333,120.885278,0.88,21.65,6.65,90.07,2.97,1.27,E2H360
畜試東區分所,24.669039,121.832561,0.93,22.17,6.18,96.64,36.27,17.64,B2U990
畜試南區分所,21.945583,120.802167,0.58,25.59,2.36,76.37,3.16,-0.07,B2Q810
畜試所,23.058972,120.336406,1.09,24.08,8.09,90.08,7.12,6.15,B2N890
畜試北區分所,24.527806,120.770972,1.11,22.59,3.92,84.15,1.72,1.49,B2E890
臺南蘭花園區,23.340258,120.379661,0.95,24.06,0.74,82.65,2.5,1.82,A2N290
臺大雲林校區,23.730628,120.423903,0.64,23.48,3.1,83.1,2.72,2.41,A2K630
水試臺西試驗場,23.717231,120.190522,0.82,23.96,5.32,86.11,1.68,1.54,A2K360
農工中心,24.985917,121.239833,0.73,22.12,7.18,82.9,1.2,-1.41,A2C560
茶改東部分場,22.907694,121.130139,0.99,23.35,1.69,83.05,9.45,5.79,82S580
茶改南部分場,23.762528,120.7405,0.9,22.16,3.5,90.7,3.2,2.03,82H840
茶改中部分場,23.875611,120.913583,0.68,20.85,4.39,88.95,2.29,0.7,82H320
茶改場,24.908472,121.185333,1.37,21.84,0.97,84.35,1.5,-1.76,82C160
茶改北部分場,24.955778,121.631222,1.46,20.11,5.54,93.11,9.37,-0.27,82A750
高改旗南分場,22.857861,120.516667,0.45,24.93,10.69,86.35,4.92,4.13,72V140
花改蘭陽分場,24.686306,121.716583,1.29,22.2,7.11,94.75,26.85,14.08,72U480
花蓮農改,23.975222,121.563889,1.74,23.82,1.15,84.25,3.0,-1.43,72T250
東改賓朗果園,22.813889,121.071278,1.0,22.66,-0.32,84.69,8.91,4.65,72S590
東改班鳩分場,22.829528,121.077694,1.65,23.58,0.62,80.75,11.4,7.33,72S200
高雄農改,22.709333,120.525889,0.98,25.59,9.84,88.55,7.35,6.32,72Q010
七股研究中心,23.081672,120.062894,1.0,24.06,3.56,83.2,4.15,2.56,72N240
臺南農改,23.0605,120.342194,1.18,24.12,7.25,87.9,4.47,3.78,72N100
南改鹿草分場,23.416869,120.283061,1.2,23.84,6.94,85.05,1.6,1.46,72M700
南改義竹分場,23.360694,120.279361,1.15,23.87,0.33,82.3,1.6,0.81,72M360
南改斗南分場,23.634556,120.477333,1.65,24.17,2.24,83.5,2.95,1.82,72K220
中改埔里分場,23.903208,120.963364,1.82,22.02,2.98,89.3,0.92,0.79,72HA00
臺中農改,24.003028,120.534389,1.26,23.86,4.26,84.05,2.78,1.92,72G600
桃改新埔分場,24.834444,121.066111,0.39,23.01,8.63,82.76,0.15,-0.33,72D680
桃改五峰分場,24.612194,121.157167,2.45,18.99,1.07,88.4,1.25,-1.4,72D080
桃園農改,24.950944,121.030583,1.3,22.62,5.16,85.95,2.02,-0.12,72C440
桃改樹林分場,24.944503,121.386972,-0.17,22.79,5.64,81.0,0.98,0.13,72AI40
萬大發電廠,23.978875,121.139639,1.45,20.4,-2.45,80.45,2.65,2.46,42HA10
恆春工作站,22.079678,120.714425,0.95,26.16,9.46,71.6,2.78,0.59,12Q980
東港工作站,22.479997,120.466058,1.05,25.89,4.94,72.58,5.37,4.32,12Q970
口湖工作站,23.589978,120.180394,1.28,23.8,4.97,77.15,1.15,0.98,12J990
