站名,緯度,經度,平均溫距平,本年度平均溫,平均溼度距平,本年度日均相對溼度,本年度日均降水量,日均降水量距平,站號
淡水,25.164889,121.448906,1.32,19.53,-3.4,75.55,0.61,-3.44,466900
鞍部,25.182586,121.529731,0.45,13.11,3.34,95.82,6.37,-8.9,466910
臺北,25.037658,121.514853,0.89,20.05,-1.53,74.09,0.04,-3.64,466920
竹子湖,25.162078,121.544547,0.77,15.13,2.59,90.27,4.91,-8.43,466930
基隆,25.133314,121.740475,0.59,19.4,1.46,78.91,5.71,-7.77,466940
花蓮,23.975128,121.613275,0.64,21.0,0.1,74.27,0.12,-4.12,466990
新屋,25.006744,121.047486,0.93,19.37,-0.33,76.27,0.38,-2.6,467050
宜蘭,24.763975,121.756528,0.36,19.07,4.37,85.0,2.59,-8.61,467080
金門,24.407306,118.289281,1.42,18.31,4.56,73.0,0.0,-1.42,467110
田中,23.873803,120.581286,-0.43,20.01,0.36,82.36,0.0,-1.56,467270
澎湖,23.565503,119.563094,1.05,21.16,0.72,76.91,0.02,-1.18,467350
臺南,22.993239,120.204772,0.78,21.25,0.08,73.45,0.0,-0.62,467410
永康,23.038386,120.2367,0.96,21.09,2.57,75.91,0.0,-0.67,467420
嘉義,23.495925,120.432906,0.44,19.92,5.48,81.82,0.0,-0.91,467480
臺中,24.145736,120.684075,0.88,20.6,1.27,73.36,0.0,-1.31,467490
阿里山,23.508208,120.813242,-0.52,8.22,-2.92,78.82,0.0,-2.47,467530
大武,22.355675,120.903789,0.66,22.96,-0.21,69.0,0.02,-1.65,467540
玉山,23.487614,120.959522,0.65,2.75,-2.5,60.55,0.0,-3.39,467550
新竹,24.827853,121.014219,1.13,19.79,-1.93,73.91,0.03,-2.23,467571
恆春,22.003897,120.746339,0.72,23.64,-1.44,67.27,0.0,-1.04,467590
成功,23.097486,121.373428,0.91,21.76,-0.77,72.91,0.2,-3.27,467610
日月潭,23.881325,120.90805,0.45,16.9,1.29,78.09,0.0,-1.5,467650
臺東,22.752211,121.154586,0.86,22.32,-0.89,70.27,0.01,-2.03,467660
馬祖,26.169269,119.923419,1.15,15.59,6.85,83.73,0.02,-1.79,467990
山佳,24.974944,121.402008,0.74,19.47,-2.1,78.09,0.55,-2.92,C0A520
坪林,24.938183,121.70975,0.82,16.77,-6.33,86.27,1.73,-4.86,C0A530
泰平,24.971197,121.823711,0.94,15.9,1.25,96.73,15.68,-4.87,C0A550
桶後,24.848222,121.597992,0.77,16.22,-0.67,94.18,4.77,-4.63,C0A570
石碇,24.993969,121.662917,1.62,17.96,-5.8,84.64,1.59,-6.22,C0A640
大坪,25.165914,121.632969,1.57,17.11,0.49,93.55,27.91,-4.8,C0A860
五指山,25.132153,121.608692,2.34,15.97,0.45,95.18,8.36,-6.13,C0A870
雙溪,25.036003,121.864242,1.93,19.15,-3.26,88.91,9.14,-5.84,C0A890
金山,25.223628,121.643967,1.43,19.5,-3.45,79.27,2.59,-6.76,C0A940
鼻頭角,25.129036,121.923372,0.74,19.8,2.91,83.27,2.73,-2.26,C0A950
三貂角,25.007606,122.002058,0.97,19.56,0.22,84.09,6.55,-1.43,C0A970
社子,25.109508,121.469681,1.59,20.75,0.56,77.09,0.0,-2.45,C0A980
天母,25.117494,121.537169,1.19,20.31,-5.4,68.27,0.0,-2.43,C0A9C0
內湖,25.079422,121.57545,1.03,20.02,10.73,89.36,0.0,-3.2,C0A9F0
大屯山,25.175675,121.522408,1.96,13.2,1.99,98.09,3.18,-6.16,C0AC40
三峽,24.939025,121.369728,2.11,20.53,-3.24,77.64,0.59,-4.22,C0AC60
信義,25.037822,121.564597,2.04,20.42,-0.9,79.36,0.0,-4.93,C0AC70
文山,25.00235,121.575728,0.96,19.05,-5.05,78.73,0.23,-4.78,C0AC80
新莊,25.051478,121.446756,0.9,19.92,-3.24,71.36,0.05,-3.2,C0ACA0
八里,25.150211,121.403947,1.39,20.03,3.14,80.18,0.14,-3.21,C0AD10
蘆洲,25.086594,121.472331,1.34,20.69,-1.55,71.91,0.0,-2.74,C0AD30
土城,24.973208,121.445169,1.24,19.51,-0.36,79.55,0.23,-4.47,C0AD40
鶯歌,24.951533,121.346294,2.22,20.38,-1.57,79.18,0.32,-3.41,C0AD50
汐止,25.066881,121.658778,0.67,18.69,-6.09,81.0,2.86,-9.93,C0AH00
永和,25.01125,121.508111,1.76,20.54,-1.57,76.36,0.0,-3.66,C0AH10
五分山,25.07125,121.780794,0.94,14.82,-1.06,95.82,0.6,-30.7,C0AH30
平等,25.129142,121.577086,0.72,16.8,-6.79,82.18,0.91,-8.48,C0AH40
林口,25.072181,121.38084,1.45,18.12,-5.43,82.73,0.14,-3.9,C0AH50
松山,25.04871,121.55042,1.06,19.83,-6.35,66.55,0.0,-4.33,C0AH70
深坑,25.002703,121.628328,1.66,19.04,-3.88,82.64,0.73,-6.11,C0AH80
福山植物園,24.760717,121.58135,0.18,14.32,2.0,97.55,6.27,-9.62,C0AH90
五股,25.07445,121.42728,0.09,18.37,-13.45,77.91,0.05,-4.24,C0AI00
屈尺,24.92184,121.54475,1.05,18.9,-14.08,73.64,1.82,-7.53,C0AI10
白沙灣,25.283128,121.519058,0.77,19.25,3.71,81.91,1.05,-7.31,C0AI20
三重,25.057328,121.500629,1.62,20.25,-8.41,74.91,0.0,-4.14,C0AI30
石牌,25.115597,121.513139,1.96,21.0,3.02,73.09,0.0,-3.3,C0AI40
七堵,25.094819,121.71713,1.78,20.07,-6.54,82.36,8.23,-14.4,C0B010
基隆嶼,25.19141,121.78391,0.8,19.0,7.65,91.27,1.36,-8.29,C0B020
復興,24.820208,121.352281,1.5,17.55,-4.48,73.82,0.14,-3.07,C0C460
桃園,24.992425,121.323172,1.35,19.51,-1.79,73.36,0.14,-2.89,C0C480
八德,24.928708,121.283289,1.4,19.0,-7.33,74.55,0.32,-5.1,C0C490
觀音,25.027072,121.153317,1.08,18.76,-1.9,76.73,0.45,-3.28,C0C590
蘆竹,25.084275,121.265767,1.05,19.03,1.36,81.36,0.77,-4.05,C0C620
大溪,24.882853,121.265547,1.26,18.27,-0.17,77.82,0.45,-2.61,C0C630
平鎮,24.897503,121.214636,1.68,18.48,-2.7,77.82,0.14,-3.01,C0C650
楊梅,24.912375,121.143047,1.14,18.78,-3.42,74.55,0.23,-3.14,C0C660
龍潭,24.870056,121.221389,1.24,17.87,-0.25,82.27,0.55,-3.33,C0C670
龜山,25.02846,121.38656,2.55,19.17,-2.56,81.45,0.27,-4.39,C0C680
中壢,24.977661,121.256375,1.4,18.97,-7.5,74.09,0.0,-4.21,C0C700
大溪永福,24.892936,121.324975,2.04,18.67,-8.94,80.45,0.41,-7.34,C0C710
梅花,24.678347,121.208558,0.4,16.25,0.18,80.55,0.0,-2.89,C0D360
峨眉,24.6905,121.017189,0.57,18.19,-2.78,80.55,0.05,-3.0,C0D430
打鐵坑,24.849664,121.150789,1.09,17.65,-5.84,79.73,0.18,-2.81,C0D480
橫山,24.71116,121.11693,0.46,17.39,2.89,84.55,0.09,-2.24,C0D540
雪霸,24.526972,121.11605,0.21,10.41,-7.35,69.82,0.0,-3.49,C0D550
竹東,24.767147,121.057881,2.08,19.56,-2.45,71.55,0.0,-2.14,C0D560
寶山,24.735006,121.025192,1.1,18.43,-1.86,78.55,0.0,-2.33,C0D580
新豐,24.87068,120.97721,1.32,18.68,3.84,83.82,0.05,-2.13,C0D590
湖口,24.904794,121.043628,0.75,18.66,-5.74,73.18,0.0,-1.99,C0D650
新竹市東區,24.798681,120.986942,0.83,19.15,-2.35,72.82,0.0,-2.13,C0D660
竹南,24.708978,120.888897,1.03,19.44,1.28,77.36,0.0,-1.79,C0E420
南庄,24.601775,121.000214,0.26,16.96,7.28,90.45,0.36,-2.12,C0E430
明德,24.583486,120.885411,1.23,19.11,-2.16,78.73,0.0,-2.28,C0E550
通霄,24.471892,120.704622,0.67,18.92,-0.52,81.09,0.0,-1.91,C0E590
馬都安,24.451272,120.930192,1.11,16.1,-2.77,78.18,0.0,-1.87,C0E610
頭份,24.688247,120.912206,1.83,20.34,0.09,73.27,0.0,-1.56,C0E730
造橋,24.637056,120.864778,0.69,19.02,-3.09,77.45,0.0,-2.46,C0E740
苗栗,24.564569,120.824575,1.06,19.51,-3.83,72.36,0.0,-2.14,C0E750
銅鑼,24.489681,120.790853,0.66,18.29,9.53,91.64,0.0,-2.13,C0E780
西湖,24.562947,120.7485,0.93,18.72,-0.53,81.82,0.0,-1.65,C0E810
獅潭,24.539133,120.920042,0.25,17.0,-2.37,83.18,0.14,-2.66,C0E820
苑裡,24.439714,120.653053,0.45,19.32,0.61,77.73,0.0,-1.16,C0E830
大河,24.618069,120.948578,-1.82,16.35,-3.19,79.18,0.09,-2.17,C0E850
高鐵苗栗,24.60725,120.826094,0.45,19.09,7.72,83.45,0.0,-1.64,C0E870
石岡,24.276061,120.777644,0.9,18.89,1.76,84.0,0.0,-1.29,C0F0B0
中坑,24.248517,120.903319,-0.05,15.84,-5.62,79.36,0.0,-2.04,C0F0C0
審馬陣,24.381675,121.4203,-0.26,4.55,-9.92,65.45,0.0,-3.28,C0F0D0
東勢,24.246428,120.833047,1.59,19.12,-2.72,78.09,0.0,-1.95,C0F850
大坑,24.173142,120.722289,1.89,21.13,-0.46,74.64,0.0,-1.73,C0F970
神岡,24.272481,120.658314,1.31,19.31,-10.87,71.56,0.0,-1.56,C0F9I0
大安,24.345061,120.588025,0.58,19.34,-0.83,79.55,0.0,-1.34,C0F9K0
后里,24.310436,120.729725,1.2,19.13,-4.11,77.27,0.0,-1.4,C0F9L0
豐原,24.254322,120.720692,2.07,20.25,-3.85,74.64,0.0,-1.48,C0F9M0
大里,24.092464,120.701378,1.32,21.65,-9.02,63.09,0.0,-1.57,C0F9N0
潭子,24.213106,120.703933,1.05,20.19,-0.39,76.0,0.0,-1.5,C0F9O0
清水,24.312297,120.562242,0.47,19.43,-0.8,80.0,0.0,-1.19,C0F9P0
外埔,24.347817,120.705686,1.6,19.78,-3.05,78.18,0.0,-1.43,C0F9Q0
龍井,24.184536,120.528972,0.87,20.17,-4.28,76.09,0.0,-1.34,C0F9R0
烏日,24.107058,120.624103,1.12,20.62,-1.31,71.91,0.0,-1.42,C0F9S0
西屯,24.179494,120.641275,0.92,19.82,-0.98,74.73,0.0,-1.35,C0F9T0
南屯,24.137006,120.637969,0.99,20.95,-0.91,71.55,0.0,-1.34,C0F9U0
新社,24.200172,120.815806,1.55,18.37,-10.27,74.73,0.0,-1.89,C0F9V0
大雅(中科園區),24.21528,120.62445,0.28,19.22,-1.67,78.36,0.0,-1.34,C0F9X0
桃山,24.432739,121.303808,-0.23,4.2,-8.03,65.55,0.0,-2.65,C0F9Y0
雪山東峰,24.388792,121.268675,-0.15,5.04,-9.51,63.0,0.0,-3.43,C0F9Z0
芬園,24.015678,120.6213,0.03,18.68,3.69,85.36,0.0,-1.53,C0G620
員林,23.946503,120.585597,2.06,21.75,-5.13,72.91,0.0,-1.08,C0G650
溪湖,23.94835,120.479122,2.35,21.63,11.47,92.0,0.0,-1.37,C0G660
溪州,23.851589,120.499093,0.51,20.09,-4.3,74.09,0.0,-1.26,C0G720
二林,23.903325,120.376081,0.42,19.66,1.7,86.0,0.0,-0.92,C0G730
大城,23.852487,120.320935,0.64,20.16,-24.2,54.18,0.0,-1.22,C0G740
福興,24.041289,120.437669,1.37,21.01,-5.57,73.0,0.0,-1.43,C0G770
秀水,24.03405,120.503869,1.02,20.58,-0.39,78.73,0.0,-1.37,C0G780
埔鹽,24.000394,120.431683,2.0,20.98,-0.4,81.73,0.0,-1.23,C0G800
埔心,23.947633,120.525456,1.41,20.95,20.45,99.36,0.0,-1.31,C0G810
田尾,23.901669,120.509389,1.17,20.44,-0.36,84.0,0.0,-1.31,C0G820
埤頭,23.866003,120.452806,0.78,19.95,12.1,97.45,0.0,-1.01,C0G830
社頭,23.897647,120.5862,1.49,21.44,4.54,79.91,0.0,-1.41,C0G860
二水,23.810742,120.6173,2.85,22.4,0.51,80.73,0.0,-1.16,C0G880
伸港,24.148933,120.484403,0.72,20.01,-2.27,76.18,0.0,-1.26,C0G890
線西,24.143358,120.443536,1.09,20.21,-3.93,77.82,0.0,-1.32,C0G900
花壇,24.032076,120.549461,1.03,21.52,0.88,80.38,0.0,-1.57,C0G910
埔里,23.972169,120.952425,-0.55,18.6,-0.57,80.09,0.0,-0.87,C0H890
草屯,23.973672,120.68085,0.88,20.33,-4.62,72.82,0.0,-1.41,C0H960
昆陽,24.121322,121.273642,0.08,4.92,-8.17,69.55,0.0,-2.81,C0H990
神木村,23.532742,120.843667,0.44,13.23,-6.92,77.09,0.0,-2.32,C0H9A0
合歡山,24.143442,121.272547,0.35,3.24,-9.43,73.91,0.05,-5.26,C0H9C0
廬山,24.033311,121.181808,0.87,14.47,-7.82,67.36,0.0,-2.22,C0I010
信義,23.689694,120.851036,-0.41,17.66,-6.37,76.73,0.0,-0.91,C0I080
竹山,23.761225,120.688156,0.75,19.85,-2.6,80.55,0.0,-1.27,C0I110
水里,23.812553,120.849792,0.42,19.77,-9.37,71.82,0.0,-1.11,C0I360
魚池,23.895703,120.94135,-0.25,17.79,-8.55,76.36,0.0,-1.02,C0I370
集集,23.828206,120.801467,0.44,19.95,-8.4,73.73,0.0,-0.96,C0I380
仁愛,24.022122,121.132206,-0.35,15.04,-6.8,74.18,0.0,-1.31,C0I390
名間,23.837053,120.701447,0.13,19.42,-3.53,77.27,0.0,-0.84,C0I410
國姓,24.037803,120.855072,-0.36,18.99,-3.8,79.0,0.0,-1.01,C0I420
南投,23.911469,120.687331,0.41,20.54,1.08,77.73,0.0,-1.21,C0I460
梅峰,24.085272,121.173572,-0.76,9.44,-1.67,77.27,0.09,-1.58,C0I480
萬大林道,23.928228,121.091411,-0.08,14.08,-9.64,69.09,0.0,-1.36,C0I490
小奇萊,24.131764,121.295717,-1.27,4.26,-9.0,72.55,0.0,-3.22,C0I530
崙背,23.75555,120.318925,0.31,19.53,-1.66,78.73,0.0,-0.81,C0K250
四湖,23.630414,120.227125,1.03,20.42,-1.8,77.27,0.0,-0.83,C0K280
宜梧,23.536281,120.169329,0.88,20.27,-1.54,78.55,0.0,-0.81,C0K291
虎尾,23.719183,120.442036,0.78,20.29,1.86,80.0,0.0,-1.01,C0K330
土庫,23.679029,120.395574,0.46,20.09,4.26,82.73,0.0,-1.18,C0K390
斗六,23.720583,120.541127,0.4,20.19,-6.35,74.55,0.0,-1.11,C0K400
北港,23.573957,120.292802,0.43,20.15,-4.58,75.64,0.0,-1.08,C0K410
西螺,23.800407,120.467394,0.56,20.07,-3.85,78.0,0.0,-1.18,C0K420
褒忠,23.690938,120.303634,0.56,19.93,-5.44,75.09,0.0,-1.01,C0K430
二崙,23.772797,120.408944,0.41,19.63,1.91,82.0,0.0,-0.59,C0K440
大埤,23.646074,120.431537,0.48,20.17,-3.62,76.09,0.0,-0.91,C0K450
斗南,23.678734,120.478359,0.55,20.21,-2.77,76.27,0.0,-0.92,C0K460
林內,23.748675,120.609642,0.31,19.75,-3.25,77.45,0.0,-0.91,C0K470
莿桐,23.761192,120.502372,0.5,19.81,-2.91,75.82,0.0,-0.72,C0K480
元長,23.64981,120.315024,0.53,20.1,-0.63,77.91,0.0,-1.12,C0K500
水林,23.572924,120.24597,0.67,20.31,-1.69,77.73,0.0,-1.24,C0K510
臺西,23.701547,120.197559,0.45,20.15,-0.62,79.18,0.0,-0.93,C0K530
蔦松,23.514319,120.229736,0.58,20.14,-1.79,79.36,0.0,-0.75,C0K550
棋山,23.68645,120.603417,0.37,19.86,-2.66,79.45,0.0,-1.02,C0K560
高鐵雲林,23.737456,120.417944,0.49,19.72,-0.95,80.82,0.0,-0.93,C0K580
東後寮,23.369908,120.248065,0.34,19.95,-0.74,79.27,0.0,-0.85,C0M520
奮起湖,23.493903,120.699253,0.41,14.46,-1.71,84.0,0.09,-1.4,C0M530
中埔,23.42538,120.5229,0.48,20.12,-5.43,75.18,0.0,-1.04,C0M640
朴子,23.43463,120.23902,-0.19,19.56,1.03,80.18,0.0,-0.89,C0M650
溪口,23.604131,120.403569,0.33,19.95,-3.46,75.91,0.0,-0.9,C0M660
大林,23.600616,120.45841,0.43,20.3,-5.08,74.0,0.0,-1.09,C0M670
太保,23.455062,120.331455,0.21,20.18,-4.55,75.09,0.0,-0.98,C0M680
水上,23.419734,120.388909,0.37,20.23,2.69,81.36,0.0,-0.81,C0M690
竹崎,23.526178,120.555508,0.3,19.92,-3.46,79.09,0.0,-1.29,C0M700
東石,23.458927,120.15385,0.58,20.38,-1.51,78.0,0.0,-1.05,C0M710
番路,23.464657,120.554156,0.47,19.58,-2.98,79.0,0.0,-1.18,C0M720
嘉義市東區,23.457673,120.460531,0.63,21.54,-3.06,71.55,0.0,-1.03,C0M730
六腳,23.492871,120.290625,0.28,20.05,-0.94,76.64,0.0,-0.95,C0M740
布袋,23.380878,120.167789,0.64,20.45,-4.09,77.09,0.0,-0.79,C0M750
民雄,23.551754,120.428457,0.53,20.55,-5.06,74.09,0.0,-0.95,C0M760
嘉義梅山,23.585398,120.555587,0.4,19.9,0.29,81.64,0.0,-1.23,C0M770
鹿草,23.41134,120.30835,0.66,20.59,-1.68,76.0,0.0,-0.85,C0M780
新港,23.553269,120.345728,0.39,20.25,-2.69,75.73,0.0,-1.04,C0M790
茶山,23.299075,120.664767,-0.33,19.23,-3.36,79.18,0.0,-0.87,C0M800
里佳,23.389125,120.716647,-0.07,14.9,-7.62,76.82,0.14,-1.11,C0M810
達邦,23.453994,120.749517,-0.31,16.53,-1.95,76.82,0.0,-1.11,C0M820
表湖,23.24186,120.64166,-0.33,17.82,-5.37,80.27,0.0,-1.1,C0M850
新美,23.338017,120.683169,-1.12,19.0,-6.73,76.27,0.05,-0.99,C0M860
北寮,23.079561,120.495008,0.2,20.09,4.44,87.73,0.0,-0.62,C0O830
王爺宮,23.222064,120.40085,2.77,22.07,-7.54,74.0,0.0,-0.78,C0O840
大內,23.11885,120.36083,1.45,21.71,0.2,81.55,0.0,-0.63,C0O860
善化,23.112883,120.297219,0.64,20.58,3.64,85.27,0.0,-0.74,C0O900
崎頂,22.959547,120.369317,1.04,20.45,3.42,85.09,0.05,-0.39,C0O960
虎頭埤,23.021375,120.347878,0.28,20.05,0.54,82.1,0.0,-0.63,C0O970
新市,23.061614,120.298197,1.31,21.6,-0.98,77.36,0.0,-0.55,C0O980
媽廟,22.99175,120.293525,0.36,20.67,8.22,87.27,0.0,-0.55,C0O990
尾寮山,22.833111,120.683889,-0.47,15.8,-3.04,85.0,0.0,-1.3,C0R100
阿禮,22.742908,120.743678,0.38,17.58,-3.0,73.45,0.0,-0.7,C0R130
瑪家,22.682903,120.686639,-0.22,17.72,3.59,91.18,0.0,-0.77,C0R140
三地門,22.709889,120.639944,0.25,21.76,-13.99,61.45,0.0,-0.97,C0R150
鹽埔,22.739558,120.530778,0.57,21.7,-3.88,81.82,0.05,-0.65,C0R160
屏東,22.660269,120.494072,1.19,22.72,-7.77,71.45,0.0,-0.61,C0R170
赤山,22.592333,120.614306,0.19,21.56,1.57,84.18,0.0,-0.52,C0R190
潮州,22.534361,120.54,1.1,22.52,-2.08,76.09,0.0,-0.95,C0R220
來義,22.527306,120.625111,-1.28,19.75,6.27,89.45,0.0,-0.54,C0R240
春日,22.370361,120.628306,-0.77,20.84,-10.98,68.55,0.0,-0.48,C0R260
琉球嶼,22.332244,120.362236,0.1,22.21,-6.73,73.64,0.0,-1.05,C0R270
車城,22.0744,120.716247,1.68,23.7,-0.94,69.17,0.0,-0.44,C0R320
牡丹,22.130036,120.792639,1.2,20.64,4.69,88.91,0.14,-0.92,C0R341
貓鼻頭,21.921774,120.7358,0.92,23.46,-3.24,71.55,0.0,-0.88,C0R350
大漢山,22.405264,120.753181,1.25,11.7,-2.88,94.45,0.36,-1.77,C0R440
高樹,22.826389,120.600806,0.59,22.15,-5.72,72.91,0.0,-0.82,C0R470
長治,22.693128,120.542622,1.02,22.59,-3.73,77.64,0.0,-0.63,C0R480
九如,22.7405,120.490503,0.72,22.31,-8.21,73.27,0.0,-0.65,C0R490
崁頂,22.514781,120.506914,0.01,21.73,-4.58,77.82,0.0,-0.52,C0R520
佳冬,22.419456,120.552375,-0.08,21.84,-1.64,79.64,0.0,-0.52,C0R540
新埤,22.467947,120.582894,-0.1,21.47,-6.6,75.09,0.0,-0.52,C0R550
新園,22.5434,120.461558,1.22,22.78,-9.7,69.18,0.0,-0.49,C0R560
麟洛,22.65078,120.52719,1.42,23.39,0.18,77.64,0.0,-0.55,C0R570
南州,22.48591,120.50274,0.02,21.55,-2.16,79.18,0.0,-0.68,C0R580
里港,22.77919,120.49459,-0.03,21.34,-0.8,78.45,0.0,-0.82,C0R590
舊泰武,22.588194,120.664944,0.31,18.48,-4.56,83.09,0.09,-0.6,C0R600
墾雷,21.900836,120.855269,0.25,23.29,4.84,82.91,0.0,-0.46,C0R620
東港,22.46247,120.44074,0.37,22.58,-4.35,75.45,0.0,-0.2,C0R640
竹田,22.58486,120.54344,0.26,22.05,-10.32,73.64,0.0,-0.27,C0R650
枋寮,22.367722,120.590647,0.94,22.04,2.63,82.82,0.05,-0.29,C0R660
楓港,22.190131,120.692156,0.6,22.92,0.12,65.27,0.0,-0.63,C0R670
佳樂水,21.993578,120.861633,1.27,23.59,-2.99,72.27,0.0,-0.65,C0R680
墾丁,21.966756,120.810269,1.6,21.36,-4.37,78.82,0.0,-0.69,C0R690
枋山,22.246844,120.661086,0.76,22.53,3.01,72.64,0.0,-1.09,C0R700
龍磐,21.931672,120.838942,-0.0,22.53,-6.37,79.27,0.0,-0.14,C0R710
旭海,22.205403,120.887614,0.97,21.07,14.01,95.27,0.27,-2.82,C0R720
大坪頂,22.024633,120.69355,-0.22,21.73,5.07,83.0,0.0,-0.21,C0R730
獅子,22.201569,120.70525,-0.35,22.93,-1.87,68.27,0.0,-0.07,C0R740
四林格山,22.076989,120.802439,0.56,18.84,-9.69,88.09,0.09,-1.8,C0R750
南仁湖,22.084681,120.863353,0.1,20.03,-1.73,90.91,0.14,-2.36,C0R760
保力,22.071122,120.764111,-0.02,22.18,-2.31,77.55,0.0,-0.29,C0R770
滿州,22.024403,120.839892,0.32,22.95,-7.44,73.27,0.0,-0.39,C0R780
九棚,22.14195,120.889281,0.03,22.25,-7.28,76.36,0.27,-1.91,C0R790
丹路,22.204481,120.750989,-0.04,22.2,-2.08,73.27,0.14,0.1,C0R800
內獅,22.305064,120.642986,-0.55,22.18,8.49,93.64,0.0,-0.61,C0R810
白鷺,22.454275,120.666219,-0.21,19.23,-5.57,84.0,0.0,-0.07,C0R820
高士,22.121825,120.836781,0.22,19.62,-6.85,85.36,0.32,-1.9,C0R830
牡丹池山,22.168389,120.841225,0.06,18.28,-5.55,92.45,0.59,-2.09,C0R840
太麻里,22.60902,120.98533,1.17,18.98,-0.31,81.73,0.23,-2.16,C0S690
知本,22.684866,121.005642,0.45,17.94,2.19,88.33,0.0,-3.58,C0S700
鹿野,22.917711,121.122994,1.23,18.86,-0.84,83.09,0.0,-2.61,C0S710
綠島,22.6672,121.47533,1.07,21.95,6.36,91.0,0.27,-4.97,C0S730
池上,23.119628,121.209469,0.99,19.11,-2.47,83.64,0.23,-2.17,C0S740
大溪山,22.478475,120.943325,0.68,19.25,0.45,83.09,0.0,-2.69,C0S770
金崙,22.538122,120.966875,1.26,20.99,-2.36,78.82,0.0,-2.53,C0S790
東河,22.972672,121.303986,-0.02,21.35,1.61,79.36,0.14,-2.06,C0S810
長濱,23.286817,121.411975,1.48,20.75,-5.62,75.27,0.14,-3.03,C0S830
南田,22.279725,120.889208,0.65,22.96,17.58,95.36,0.0,-1.8,C0S840
關山,23.0395,121.175017,0.52,19.78,-0.42,82.55,0.0,-0.78,C0S890
蘭嶼高中,22.04909,121.51214,0.49,23.56,0.76,77.55,4.73,-4.55,C0S900
蘭嶼燈塔,22.081197,121.503117,0.68,21.9,-2.41,85.09,3.36,-2.46,C0S910
金峰嘉蘭,22.594789,120.960825,0.9,20.8,1.69,81.73,0.09,-1.34,C0S920
延平,22.902581,121.084058,0.87,19.85,0.58,79.73,0.0,-1.16,C0S930
石寧山,23.223772,121.406639,1.15,20.52,0.2,81.56,0.0,-2.21,C0S940
香蘭,22.587569,120.993375,1.28,22.47,5.52,77.0,0.0,-0.93,C0S960
加津林,22.416211,120.926942,1.29,22.87,0.56,71.45,0.0,-1.09,C0S970
勝林山,22.430439,120.8938,0.95,15.32,0.63,95.45,0.09,-2.84,C0S980
山豬窟,22.318619,120.857372,1.1,19.55,-2.08,80.64,0.0,-1.62,C0S990
歷坵,22.520969,120.89185,1.23,18.66,4.94,88.36,0.05,-0.48,C0SA00
檳榔四格山,22.810031,121.109308,1.52,19.35,-0.94,84.27,0.0,-1.16,C0SA10
金崙山,22.567419,120.959667,1.16,15.86,-0.92,91.36,1.14,-0.97,C0SA20
都歷,23.020333,121.323642,1.84,21.87,19.55,94.73,0.0,-1.38,C0SA30
瑞和,22.974361,121.156697,0.98,19.75,9.8,90.73,0.0,-1.23,C0SA40
知本（水試所）,22.702394,121.082761,-0.15,21.96,-3.63,74.73,0.0,-0.14,C0SA60
土坂,22.453108,120.887572,1.83,21.65,1.86,80.18,0.0,-1.27,C0SA80
達仁林場,22.264347,120.823972,0.42,18.89,-7.58,85.27,0.0,-1.79,C0SA90
大禹嶺,24.186117,121.316086,0.55,6.85,-12.77,71.09,0.0,-3.39,C0T790
天祥,24.179597,121.495639,0.7,16.46,-1.56,86.0,0.0,-5.0,C0T820
鯉魚潭,23.935639,121.508944,0.06,18.09,1.35,89.82,0.18,-4.19,C0T870
西林,23.8119,121.441458,1.22,19.44,-0.08,84.27,0.23,-3.82,C0T900
光復,23.660694,121.424964,0.57,19.09,-2.78,87.55,0.91,-4.16,C0T960
月眉山,23.809928,121.539828,1.2,17.72,-2.77,90.09,0.14,-4.92,C0T9A0
水源,23.991861,121.537169,0.92,17.25,0.32,89.0,0.64,-4.9,C0T9B0
和中,24.26676,121.74103,0.04,19.83,17.76,98.91,0.68,-6.07,C0T9D0
大坑,23.880628,121.581981,0.87,17.84,1.31,90.36,1.36,-3.19,C0T9E0
水璉,23.797131,121.542514,0.71,19.45,-1.12,84.27,0.09,-4.11,C0T9F0
鳳林山,23.735269,121.420131,0.1,16.95,-2.17,90.73,1.18,-4.72,C0T9G0
加路蘭山,23.682947,121.5274,1.23,16.41,2.03,96.91,0.68,-6.23,C0T9H0
靜浦,23.455167,121.495028,1.33,20.79,-3.57,81.0,1.14,-4.26,C0T9M0
雙連埤,24.753033,121.641303,0.38,14.97,-0.83,95.91,6.14,-7.26,C0U520
礁溪,24.817539,121.765608,0.69,19.09,-3.17,86.45,2.5,-5.83,C0U600
玉蘭,24.675286,121.587061,0.58,16.29,-7.29,84.09,7.64,-3.8,C0U650
太平山,24.505486,121.525656,1.33,9.08,-1.49,91.82,4.59,-4.21,C0U710
南山,24.43742,121.38167,0.36,12.4,-2.2,91.55,1.64,-4.42,C0U720
東澳,24.52196,121.83318,-0.08,18.81,8.31,98.55,7.73,-9.74,C0U760
南澳,24.44935,121.81022,0.31,19.84,1.38,82.18,1.55,-5.51,C0U770
五結,24.68637,121.79794,0.23,18.35,1.11,88.0,4.86,-16.83,C0U780
頭城,24.85323,121.8308,0.7,19.34,0.61,87.91,4.14,-3.22,C0U860
大礁溪,24.791042,121.675047,0.85,16.35,2.99,93.45,3.82,-9.13,C0U870
三星,24.66812,121.65302,0.52,18.0,6.57,96.18,4.5,-11.77,C0U890
內城,24.71813,121.68766,0.81,18.61,0.38,90.0,4.77,-9.08,C0U900
冬山,24.63373,121.7937,0.85,18.9,9.08,97.64,6.09,-26.67,C0U910
羅東,24.68184,121.74934,1.07,18.65,-0.93,88.82,3.73,-17.55,C0U940
鶯子嶺,24.89754,121.79244,0.74,12.58,0.39,98.09,9.05,-8.47,C0U950
翠峰湖,24.510856,121.608044,0.45,8.61,-7.74,88.45,4.41,-8.52,C0U960
大福,24.80064,121.81389,0.42,18.9,-3.78,85.09,4.68,-5.76,C0U970
坪林石牌,24.86478,121.77396,1.03,15.65,-0.96,95.0,4.0,-4.07,C0U980
員山,24.74435,121.72247,0.59,18.77,2.19,90.36,2.45,-12.63,C0U990
土場,24.576533,121.495333,0.37,16.53,-4.19,89.09,0.95,-6.38,C0UA00
鴛鴦湖,24.590269,121.412228,0.31,9.52,-0.04,97.36,6.59,-13.98,C0UA10
白嶺,24.527819,121.519031,0.29,11.23,-0.26,96.0,6.64,-2.76,C0UA30
西德山,24.560647,121.752608,0.25,12.55,1.94,97.27,13.18,-17.15,C0UA40
西帽山,24.555361,121.802628,0.27,14.08,-1.7,94.73,25.18,-21.0,C0UA50
樟樹山,24.41393,121.78325,0.4,16.35,8.68,97.73,2.05,-6.5,C0UA60
桃源谷,24.962606,121.888875,0.62,15.63,1.78,97.09,15.55,-13.78,C0UA70
復興,23.222403,120.806089,-0.23,18.19,-0.64,76.91,0.0,-1.2,C0V210
美濃,22.898742,120.519153,1.48,22.3,-4.02,76.82,0.0,-0.72,C0V310
溪埔,22.738578,120.446797,0.22,21.28,0.97,80.55,0.0,-0.68,C0V350
內門,22.975481,120.466769,0.73,20.5,-0.18,81.45,0.0,-0.43,C0V360
古亭坑,22.893178,120.401947,0.31,20.13,0.33,83.91,0.0,-0.68,C0V370
阿公店,22.804194,120.355528,0.05,20.44,-1.93,78.45,0.0,-0.24,C0V400
鳳山,22.646653,120.356122,-0.46,21.08,8.42,82.73,0.0,-0.44,C0V440
鳳森,22.545064,120.392592,0.55,22.02,-1.78,73.73,0.0,-0.47,C0V450
新興,22.627422,120.298803,1.06,22.52,-2.62,70.55,0.0,-0.39,C0V490
阿蓮,22.883208,120.327508,1.53,22.01,-10.61,70.09,0.0,-0.38,C0V530
梓官,22.760558,120.267211,0.81,21.61,-1.89,74.09,0.0,-0.23,C0V610
永安,22.82315,120.236856,0.38,21.05,-2.33,75.73,0.0,-0.31,C0V620
茄萣,22.906642,120.182608,0.86,21.34,2.81,77.09,0.0,-0.32,C0V630
湖內,22.887139,120.2445,0.35,20.89,-2.14,74.91,0.0,-0.31,C0V640
彌陀,22.783806,120.246361,0.89,21.86,-0.85,76.09,0.0,-0.25,C0V650
岡山,22.797078,120.294958,1.08,22.25,-1.28,73.09,0.0,-0.25,C0V660
仁武,22.701083,120.347722,0.38,21.85,4.12,80.64,0.0,-0.4,C0V680
鼓山,22.623325,120.275575,0.33,21.77,-0.65,75.36,0.0,-0.32,C0V690
三民,22.645017,120.311233,0.49,22.53,1.06,71.64,0.0,-0.32,C0V700
苓雅,22.622742,120.330669,1.12,22.96,5.45,75.36,0.0,-0.37,C0V710
林園,22.507747,120.394511,1.1,23.81,0.52,71.18,0.0,-0.41,C0V720
大寮,22.605614,120.395717,0.3,22.29,0.18,73.36,0.0,-0.59,C0V730
旗山,22.888614,120.483597,1.16,22.0,-1.26,76.27,0.0,-0.31,C0V740
路竹,22.854997,120.259439,1.18,22.16,-1.5,74.18,0.0,-0.34,C0V750
橋頭,22.757806,120.30575,0.42,21.87,-1.07,74.55,0.0,-0.26,C0V760
大社,22.730306,120.346639,0.16,21.3,5.22,80.09,0.0,-0.33,C0V770
萬山,22.905944,120.688056,0.24,20.14,-3.41,74.91,0.0,-0.84,C0V790
六龜,22.997889,120.633583,0.15,20.99,2.02,81.18,0.0,-0.8,C0V800
左營,22.67491,120.28491,0.15,21.45,-4.51,74.82,0.0,-0.35,C0V810
小林,23.148408,120.63325,0.62,19.63,-1.51,80.64,0.0,-1.34,C0V820
東莒,25.9652,119.98069,2.0,16.47,3.38,78.27,0.0,-0.53,C0W110
金沙,24.488292,118.408778,1.22,18.15,-0.13,66.73,0.0,-0.33,C0W140
金寧,24.457703,118.328989,1.27,18.83,1.2,68.55,0.0,-0.29,C0W150
東河,23.296598,120.385608,0.2,20.31,-7.72,73.82,0.0,-0.73,C0X050
下營,23.22695,120.256261,0.6,20.45,-6.41,74.64,0.0,-0.65,C0X060
佳里,23.173039,120.145086,0.77,20.63,0.06,79.45,0.0,-0.75,C0X080
臺南市北區,23.010394,120.194228,0.75,21.29,4.46,79.27,0.0,-0.43,C0X100
臺南市南區,22.961189,120.188378,0.3,21.32,0.56,74.64,0.0,-0.43,C0X110
麻豆,23.183289,120.248611,1.23,21.35,2.51,82.45,0.0,-0.45,C0X120
官田,23.193217,120.315422,0.77,21.16,-0.78,77.64,0.0,-0.53,C0X130
西港,23.125608,120.203108,0.44,20.56,2.61,81.91,0.0,-0.55,C0X140
安定,23.102614,120.227839,0.84,20.68,1.05,83.45,0.0,-0.4,C0X150
仁德,22.968258,120.257689,0.61,21.41,0.8,76.67,0.0,-0.45,C0X160
關廟,22.963017,120.327797,-0.43,20.06,3.18,79.73,0.0,-0.45,C0X170
山上,23.0757,120.363253,0.95,20.85,-2.76,79.18,0.0,-0.65,C0X180
安平,22.993161,120.152181,0.6,21.0,-2.02,76.36,0.0,-0.4,C0X190
左鎮,23.056758,120.408522,1.54,20.86,-4.65,79.64,0.0,-0.65,C0X200
白河,23.347466,120.414427,0.25,20.37,-4.05,75.73,0.0,-0.81,C0X210
學甲,23.230367,120.182187,0.66,20.43,-0.64,78.64,0.0,-0.65,C0X220
鹽水,23.272621,120.247641,0.35,20.01,-2.56,79.18,0.0,-0.75,C0X230
關子嶺,23.331169,120.508025,-0.13,18.23,-0.31,87.0,0.0,-1.04,C0X240
新營,23.310689,120.316681,0.46,20.53,-0.56,78.09,0.0,-0.73,C0X250
後壁,23.366358,120.362326,0.43,20.27,-4.51,76.0,0.0,-0.77,C0X260
將軍,23.214999,120.13577,0.28,20.15,-0.57,78.91,0.0,-0.48,C0X280
北門,23.267772,120.125481,0.65,20.48,2.81,82.36,0.0,-0.55,C0X290
鹿寮,23.386047,120.477331,0.31,19.91,1.98,85.73,0.0,-0.61,C0X300
柳營,23.253328,120.375253,-0.66,20.45,-2.17,75.55,0.0,-0.14,C0X320
明里,23.208717,121.262342,1.08,19.09,0.22,85.82,0.27,-1.83,C0Z020
佳心,23.34567,121.21316,0.77,15.46,8.25,97.82,0.0,-3.6,C0Z050
玉里,23.3215,121.339656,1.15,19.35,-0.09,86.45,0.0,-4.04,C0Z061
舞鶴,23.46811,121.37407,1.2,18.79,7.49,98.55,0.14,-3.95,C0Z070
富源,23.587642,121.378225,1.21,18.55,-4.2,88.64,1.36,-2.71,C0Z080
東華,23.89525,121.549833,0.46,19.87,2.14,88.0,0.0,-2.56,C0Z100
吉安光華,23.930925,121.595153,0.54,20.39,-15.42,72.55,0.09,-1.44,C0Z150
鳳林,23.746114,121.453411,0.37,19.29,-5.75,80.91,0.45,-1.7,C0Z160
卓溪,23.3443,121.3029,0.33,19.27,-0.94,81.55,0.36,-1.44,C0Z170
富世,24.14743,121.6297,0.45,20.49,-2.6,79.45,0.36,-1.36,C0Z190
萬榮,23.709219,121.420106,0.44,19.05,-3.87,83.09,0.82,-1.61,C0Z200
瑞穗,23.5239,121.39021,0.91,19.32,0.24,87.55,0.5,-2.06,C0Z210
和平林道,24.343922,121.656317,-0.03,16.26,-2.39,86.73,0.86,-3.28,C0Z220
和平,24.30717,121.77007,-0.1,19.93,3.61,75.18,0.55,-4.53,C0Z230
瑞穗林道,23.49284,121.30688,2.05,15.17,0.43,96.27,2.41,-3.39,C0Z250
蕃薯寮,23.73835,121.540108,0.92,18.45,-6.78,83.45,0.14,-4.89,C0Z270
德武,23.47426,121.41071,0.46,18.89,-3.62,86.36,0.36,-2.1,C0Z280
赤柯山,23.36893,121.38293,0.69,14.72,2.12,96.73,0.59,-5.43,C0Z290
東里,23.26853,121.30547,0.76,19.43,-6.65,83.55,0.0,-1.66,C0Z300
清水斷崖,24.218294,121.689142,-0.13,20.15,2.77,81.27,1.23,-1.17,C0Z310
清水林道,23.27125,121.188272,0.27,16.09,-2.61,87.27,1.45,-2.25,C0Z320
安通山,23.290728,121.348528,-0.02,17.18,0.3,89.27,0.0,-2.2,C0Z330
口湖工作站,23.589978,120.180394,0.94,20.08,0.26,73.82,0.0,-0.82,12J990
東港工作站,22.479997,120.466058,0.31,22.35,-4.03,64.91,0.0,-0.23,12Q970
恆春工作站,22.079678,120.714425,0.52,23.53,0.74,63.45,0.0,-0.17,12Q980
萬大發電廠,23.978875,121.139639,-0.94,15.47,-7.84,74.64,0.0,-1.11,42HA10
桃改樹林分場,24.944503,121.386972,0.66,19.23,-10.8,73.73,0.68,-4.99,72AI40
桃園農改場,24.950944,121.030583,1.23,19.19,-3.16,76.8,0.3,-1.93,72C440
桃改五峰分場,24.612194,121.157167,1.4,14.59,-6.43,79.36,0.27,-2.85,72D080
桃改新埔分場,24.834444,121.066111,0.55,19.0,-6.77,76.09,0.0,-1.79,72D680
臺中農改場,24.003028,120.534389,0.61,19.75,3.3,81.18,0.0,-1.22,72G600
中改埔里分場,23.903208,120.963364,-0.8,16.84,-3.32,83.82,0.0,-1.41,72HA00
南改斗南分場,23.634556,120.477333,0.83,19.92,0.07,78.91,0.09,-0.94,72K220
南改義竹分場,23.360694,120.279361,0.61,19.85,-2.07,78.18,0.0,-0.78,72M360
南改鹿草分場,23.416869,120.283061,0.68,20.0,0.37,78.45,0.0,-1.07,72M700
臺南農改場,23.0605,120.342194,-0.01,19.98,3.39,82.27,0.0,-0.55,72N100
七股研究中心,23.081672,120.062894,1.37,20.75,0.05,79.91,0.0,-0.54,72N240
高雄農改場,22.709333,120.525889,0.36,21.84,3.12,80.18,0.0,-0.84,72Q010
東改班鳩分場,22.829528,121.077694,0.62,19.78,-1.76,77.18,0.0,-2.62,72S200
東改賓朗果園,22.813889,121.071278,0.54,19.56,-4.05,79.73,0.05,-2.86,72S590
花蓮農改場,23.975222,121.563889,0.64,20.03,0.48,81.44,0.61,-2.78,72T250
花改蘭陽分場,24.686306,121.716583,0.55,18.62,3.04,87.27,4.73,-7.02,72U480
高改旗南分場,22.857861,120.516667,-0.22,20.81,4.77,78.91,0.0,-0.61,72V140
茶改北部分場,24.955778,121.631222,0.89,16.47,0.51,87.45,2.64,-4.51,82A750
茶改場,24.908472,121.185333,1.16,18.19,-4.14,78.45,0.09,-3.26,82C160
茶改中部分場,23.875611,120.913583,-0.29,16.92,-2.62,79.64,0.0,-1.51,82H320
茶改南部分場,23.762528,120.7405,-0.06,17.91,-4.24,81.64,0.0,-1.59,82H840
茶改東部分場,22.907694,121.130139,0.13,19.7,0.98,79.8,0.0,-2.43,82S580
農工中心,24.985917,121.239833,1.72,19.25,-2.6,73.27,0.0,-2.72,A2C560
水試臺西試驗場,23.717231,120.190522,0.26,20.65,0.99,81.36,0.0,-0.99,A2K360
臺大雲林校區,23.730628,120.423903,0.09,19.55,-0.12,79.82,0.0,-0.35,A2K630
臺南蘭花園區,23.340258,120.379661,0.21,20.24,-0.16,78.73,0.0,-0.11,A2N290
畜試北區分所,24.527806,120.770972,0.0,18.11,1.08,81.73,0.0,-1.92,B2E890
畜產試驗所,23.058972,120.336406,0.34,19.93,2.94,82.64,0.0,-0.73,B2N890
畜試南區分所,21.945583,120.802167,0.52,23.31,-4.29,68.18,0.0,-1.18,B2Q810
畜試東區分所,24.669039,121.832561,0.43,18.73,3.27,93.27,5.41,-38.84,B2U990
蓮華池,23.918333,120.885278,-0.3,16.65,-2.22,84.18,0.0,-1.41,E2H360
林試畢祿溪站,24.226944,121.308522,-2.56,7.29,-2.65,80.82,0.0,-3.0,E2HA20
四湖植物園,23.676986,120.163433,0.8,20.52,3.1,88.0,0.0,-0.98,E2K600
林試六龜中心,22.991703,120.645722,-0.78,19.91,0.97,82.36,0.0,-0.17,E2P980
林試太麻里2,22.598,120.99775,-0.24,21.72,-1.76,74.0,0.0,-0.32,E2S960
林試太麻里1,22.598922,120.980044,0.13,20.99,-1.8,76.91,0.32,-0.15,E2S980
農試所(霧峰),24.031261,120.688133,0.58,19.92,2.17,81.0,0.0,-1.08,G2F820
農試嘉義分所,23.485028,120.473806,0.78,19.57,0.55,80.43,0.0,-0.98,G2L020
農試溪口農場,23.58565,120.408111,0.63,20.23,-5.16,76.45,0.0,-1.33,G2M350
農試鳳山分所,22.646611,120.356083,0.15,21.69,0.21,73.55,0.0,-1.03,G2P820
苗栗農改場,24.495722,120.829111,0.28,17.91,1.21,82.0,0.0,-1.35,K2E360
苗改生物防治研究中心,24.422861,120.871833,-0.3,16.52,-2.79,82.18,0.0,-2.09,K2E710
種苗改良場,24.225972,120.800917,0.4,17.1,5.07,83.91,0.0,-1.79,K2F750
溪頭,23.670306,120.798194,-0.46,13.57,1.4,87.82,0.0,-1.38,U2H480
臺大和社,23.590856,120.888864,-0.11,16.63,-2.78,79.27,0.05,-1.24,U2HA30
臺大內茅埔,23.689722,120.851117,-0.39,17.63,-5.84,77.27,0.0,-1.36,U2HA40
臺大竹山,23.756972,120.681556,0.18,19.81,-4.74,75.55,0.0,-1.11,U2HA50
臺大竹山,23.756972,120.681556,0.18,19.81,-4.74,75.55,0.0,-1.11,U2HA50
臺大內茅埔,23.689722,120.851117,-0.39,17.63,-5.84,77.27,0.0,-1.36,U2HA40
臺大和社,23.590856,120.888864,-0.11,16.63,-2.78,79.27,0.05,-1.24,U2HA30
臺大溪頭,23.670306,120.798194,-0.46,13.57,1.4,87.82,0.0,-1.38,U2H480
種苗繁殖,24.225972,120.800917,0.4,17.1,5.07,83.91,0.0,-1.79,K2F750
苗改生物防治研究中心,24.422861,120.871833,-0.3,16.52,-2.79,82.18,0.0,-2.09,K2E710
苗栗農改,24.495722,120.829111,0.28,17.91,1.21,82.0,0.0,-1.35,K2E360
農試鳳山分所,22.646611,120.356083,0.15,21.69,0.21,73.55,0.0,-1.03,G2P820
農試溪口農場,23.58565,120.408111,0.63,20.23,-5.16,76.45,0.0,-1.33,G2M350
農試嘉義分所,23.485028,120.473806,0.78,19.57,0.55,80.43,0.0,-0.98,G2L020
農業試驗所,24.031261,120.688133,0.58,19.92,2.17,81.0,0.0,-1.08,G2F820
林試太麻里1,22.598922,120.980044,0.13,20.99,-1.8,76.91,0.32,-0.15,E2S980
林試太麻里2,22.598014,120.989761,-0.24,21.72,-1.76,74.0,0.0,-0.32,E2S960
林試六龜中心,22.991703,120.645722,-0.78,19.91,0.97,82.36,0.0,-0.17,E2P980
四湖植物園,23.676986,120.163433,0.8,20.52,3.1,88.0,0.0,-0.98,E2K600
林試畢祿溪站,24.226944,121.308522,-2.56,7.29,-2.65,80.82,0.0,-3.0,E2HA20
蓮華池,23.918333,120.885278,-0.3,16.65,-2.22,84.18,0.0,-1.41,E2H360
畜試東區分所,24.669039,121.832561,0.43,18.73,3.27,93.27,5.41,-38.84,B2U990
畜試南區分所,21.945583,120.802167,0.52,23.31,-4.29,68.18,0.0,-1.18,B2Q810
畜試所,23.058972,120.336406,0.34,19.93,2.94,82.64,0.0,-0.73,B2N890
畜試北區分所,24.527806,120.770972,0.0,18.11,1.08,81.73,0.0,-1.92,B2E890
臺南蘭花園區,23.340258,120.379661,0.21,20.24,-0.16,78.73,0.0,-0.11,A2N290
臺大雲林校區,23.730628,120.423903,0.09,19.55,-0.12,79.82,0.0,-0.35,A2K630
水試臺西試驗場,23.717231,120.190522,0.26,20.65,0.99,81.36,0.0,-0.99,A2K360
農工中心,24.985917,121.239833,1.72,19.25,-2.6,73.27,0.0,-2.72,A2C560
茶改東部分場,22.907694,121.130139,0.13,19.7,0.98,79.8,0.0,-2.43,82S580
茶改南部分場,23.762528,120.7405,-0.06,17.91,-4.24,81.64,0.0,-1.59,82H840
茶改中部分場,23.875611,120.913583,-0.29,16.92,-2.62,79.64,0.0,-1.51,82H320
茶改場,24.908472,121.185333,1.16,18.19,-4.14,78.45,0.09,-3.26,82C160
茶改北部分場,24.955778,121.631222,0.89,16.47,0.51,87.45,2.64,-4.51,82A750
高改旗南分場,22.857861,120.516667,-0.22,20.81,4.77,78.91,0.0,-0.61,72V140
花改蘭陽分場,24.686306,121.716583,0.55,18.62,3.04,87.27,4.73,-7.02,72U480
花蓮農改,23.975222,121.563889,0.64,20.03,0.48,81.44,0.61,-2.78,72T250
東改賓朗果園,22.813889,121.071278,0.54,19.56,-4.05,79.73,0.05,-2.86,72S590
東改班鳩分場,22.829528,121.077694,0.62,19.78,-1.76,77.18,0.0,-2.62,72S200
高雄農改,22.709333,120.525889,0.36,21.84,3.12,80.18,0.0,-0.84,72Q010
七股研究中心,23.081672,120.062894,1.37,20.75,0.05,79.91,0.0,-0.54,72N240
臺南農改,23.0605,120.342194,-0.01,19.98,3.39,82.27,0.0,-0.55,72N100
南改鹿草分場,23.416869,120.283061,0.68,20.0,0.37,78.45,0.0,-1.07,72M700
南改義竹分場,23.360694,120.279361,0.61,19.85,-2.07,78.18,0.0,-0.78,72M360
南改斗南分場,23.634556,120.477333,0.83,19.92,0.07,78.91,0.09,-0.94,72K220
中改埔里分場,23.903208,120.963364,-0.8,16.84,-3.32,83.82,0.0,-1.41,72HA00
臺中農改,24.003028,120.534389,0.61,19.75,3.3,81.18,0.0,-1.22,72G600
桃改新埔分場,24.834444,121.066111,0.55,19.0,-6.77,76.09,0.0,-1.79,72D680
桃改五峰分場,24.612194,121.157167,1.4,14.59,-6.43,79.36,0.27,-2.85,72D080
桃園農改,24.950944,121.030583,1.23,19.19,-3.16,76.8,0.3,-1.93,72C440
桃改樹林分場,24.944503,121.386972,0.66,19.23,-10.8,73.73,0.68,-4.99,72AI40
萬大發電廠,23.978875,121.139639,-0.94,15.47,-7.84,74.64,0.0,-1.11,42HA10
恆春工作站,22.079678,120.714425,0.52,23.53,0.74,63.45,0.0,-0.17,12Q980
東港工作站,22.479997,120.466058,0.31,22.35,-4.03,64.91,0.0,-0.23,12Q970
口湖工作站,23.589978,120.180394,0.94,20.08,0.26,73.82,0.0,-0.82,12J990
