站名,緯度,經度,平均溫距平,本年度平均溫,平均溼度距平,本年度日均相對溼度,本年度日均降水量,日均降水量距平,站號
淡水,25.164889,121.448906,0.61,29.69,2.17,76.81,5.81,1.6,466900
鞍部,25.182586,121.529731,0.08,23.5,7.51,93.71,10.67,2.18,466910
臺北,25.037658,121.514853,0.01,30.1,3.92,74.1,12.19,4.76,466920
竹子湖,25.162078,121.544547,0.06,25.09,7.54,89.94,11.52,3.77,466930
基隆,25.133314,121.740475,0.45,30.0,6.03,77.87,4.63,0.54,466940
花蓮,23.975128,121.613275,0.23,28.98,5.1,81.97,19.15,12.09,466990
新屋,25.006744,121.047486,0.35,29.85,-0.04,78.03,3.29,1.9,467050
宜蘭,24.763975,121.756528,0.62,29.65,2.13,79.23,10.48,5.44,467080
金門,24.407306,118.289281,0.83,29.25,4.0,88.1,4.42,0.85,467110
田中,23.873803,120.581286,-0.43,29.54,3.6,80.29,22.5,19.59,467270
澎湖,23.565503,119.563094,1.18,30.09,-1.23,81.9,12.9,6.61,467350
臺南,22.993239,120.204772,0.42,29.92,0.41,76.42,20.93,9.04,467410
永康,23.038386,120.2367,0.61,29.67,2.81,77.26,27.71,15.51,467420
嘉義,23.495925,120.432906,0.07,29.09,5.0,81.74,40.68,26.72,467480
臺中,24.145736,120.684075,0.74,29.7,-1.93,72.97,15.16,4.44,467490
阿里山,23.508208,120.813242,0.26,15.13,0.3,91.58,61.03,37.07,467530
大武,22.355675,120.903789,0.73,29.4,2.62,80.06,18.03,4.12,467540
玉山,23.487614,120.959522,1.07,9.13,-17.86,59.29,29.86,14.41,467550
新竹,24.827853,121.014219,0.8,30.29,0.0,73.55,4.4,0.09,467571
恆春,22.003897,120.746339,0.82,29.64,0.42,80.32,12.88,-0.71,467590
成功,23.097486,121.373428,0.72,28.89,2.9,82.65,5.7,-2.84,467610
日月潭,23.881325,120.90805,0.53,23.53,3.34,87.81,37.27,23.3,467650
臺東,22.752211,121.154586,0.86,30.01,-2.22,73.94,6.65,-1.82,467660
馬祖,26.169269,119.923419,0.97,28.52,0.86,86.52,7.79,4.48,467990
山佳,24.974944,121.402008,0.82,30.24,2.97,77.45,10.74,3.7,C0A520
坪林,24.938183,121.70975,0.48,26.99,-4.5,83.1,11.76,2.62,C0A530
泰平,24.971197,121.823711,0.86,26.28,0.52,91.81,16.18,7.73,C0A550
桶後,24.848222,121.597992,0.11,26.03,3.4,90.87,17.66,8.59,C0A570
石碇,24.993969,121.662917,0.34,27.18,3.78,89.84,12.37,5.03,C0A640
大坪,25.165914,121.632969,0.65,27.45,0.86,85.16,5.71,0.88,C0A860
五指山,25.132153,121.608692,0.31,24.75,0.11,90.74,6.53,1.06,C0A870
雙溪,25.036003,121.864242,1.76,29.95,-3.31,79.52,9.02,3.73,C0A890
三和,25.233153,121.595236,1.29,28.85,-2.23,83.13,6.97,2.13,C0A931
金山,25.223628,121.643967,0.72,29.64,1.18,79.28,3.37,-0.16,C0A940
鼻頭角,25.129036,121.923372,1.77,30.2,-2.87,82.35,3.65,1.09,C0A950
三貂角,25.007606,122.002058,0.91,29.1,1.37,86.42,2.55,0.18,C0A970
社子,25.109508,121.469681,0.95,31.06,2.91,75.26,5.48,0.62,C0A980
天母,25.117494,121.537169,0.11,29.9,1.0,72.45,10.66,4.56,C0A9C0
內湖,25.079422,121.57545,0.17,30.41,7.28,78.33,10.67,4.12,C0A9F0
大屯山,25.175675,121.522408,1.09,23.19,-3.67,90.87,9.32,3.09,C0AC40
三峽,24.939025,121.369728,1.6,31.12,2.99,78.15,11.41,4.08,C0AC60
信義,25.037822,121.564597,1.23,31.05,0.65,73.65,12.63,5.03,C0AC70
文山,25.00235,121.575728,-0.12,28.93,0.11,79.0,12.81,5.49,C0AC80
新莊,25.051478,121.446756,-0.29,30.17,4.39,72.61,7.53,2.11,C0ACA0
八里,25.150211,121.403947,0.52,30.42,7.29,78.84,4.37,1.75,C0AD10
蘆洲,25.086594,121.472331,0.51,31.2,0.88,70.0,5.89,0.87,C0AD30
土城,24.973208,121.445169,-0.31,28.74,4.47,81.26,15.45,7.88,C0AD40
汐止,25.066881,121.658778,1.01,30.59,0.68,76.9,8.94,2.4,C0AH00
永和,25.01125,121.508111,0.55,30.61,4.57,72.9,12.77,4.85,C0AH10
五分山,25.07125,121.780794,0.67,24.43,-1.26,90.19,10.38,3.05,C0AH30
平等,25.129142,121.577086,-0.22,27.04,-1.17,80.32,9.84,3.3,C0AH40
林口,25.072181,121.38084,0.17,28.61,-0.07,80.23,4.15,-0.3,C0AH50
松山,25.04871,121.55042,-0.18,30.17,0.4,64.32,11.52,3.46,C0AH70
深坑,25.002703,121.628328,1.28,29.59,-0.38,79.83,15.31,8.99,C0AH80
福山植物園,24.760717,121.58135,0.4,24.31,1.33,91.87,21.89,13.74,C0AH90
五股,25.07445,121.42728,0.94,29.73,-0.33,78.39,7.16,0.4,C0AI00
屈尺,24.92184,121.54475,0.09,28.84,-6.59,72.9,16.76,6.97,C0AI10
白沙灣,25.283128,121.519058,0.28,29.07,5.22,80.74,1.85,0.33,C0AI20
三重,25.057328,121.500629,0.16,30.67,-2.47,73.0,9.31,2.75,C0AI30
石牌,25.115597,121.513139,0.21,31.06,7.37,74.03,7.45,1.32,C0AI40
七堵,25.094819,121.71713,0.69,29.87,-1.58,77.74,6.82,1.38,C0B010
基隆嶼,25.19141,121.78391,0.61,29.45,0.35,88.13,1.03,-1.19,C0B020
復興,24.820208,121.352281,0.23,25.85,0.31,83.0,23.2,13.27,C0C460
桃園,24.992425,121.323172,0.17,30.08,3.99,71.32,5.62,0.96,C0C480
八德,24.928708,121.283289,-0.0,29.32,0.42,72.77,5.82,0.51,C0C490
觀音,25.027072,121.153317,0.55,29.38,1.32,77.35,3.24,1.17,C0C590
蘆竹,25.084275,121.265767,0.68,30.18,2.8,78.26,2.56,0.17,C0C620
大溪,24.882853,121.265547,0.31,28.26,3.97,76.81,7.76,2.16,C0C630
平鎮,24.897503,121.214636,0.55,28.62,-0.19,74.81,3.77,-1.07,C0C650
楊梅,24.912375,121.143047,0.21,29.33,3.11,73.61,5.63,2.4,C0C660
龍潭,24.870056,121.221389,-0.27,27.94,1.24,74.42,5.9,-0.01,C0C670
龜山,25.02846,121.38656,0.38,28.7,1.8,76.45,10.79,4.98,C0C680
中壢,24.977661,121.256375,0.11,29.45,8.68,78.39,4.0,-0.27,C0C700
大溪永福,24.892936,121.324975,0.25,28.18,2.83,83.42,13.48,6.19,C0C710
梅花,24.678347,121.208558,-0.09,25.06,3.02,88.52,17.15,5.76,C0D360
峨眉,24.6905,121.017189,0.23,28.34,0.23,84.23,7.63,1.26,C0D430
打鐵坑,24.849664,121.150789,0.13,27.14,-0.51,82.16,6.08,0.96,C0D480
橫山,24.71116,121.11693,0.03,27.05,3.61,87.26,10.32,1.62,C0D540
雪霸,24.526972,121.11605,0.07,18.48,1.15,86.39,17.47,7.72,C0D550
竹東,24.767147,121.057881,1.28,29.62,0.54,72.1,4.95,0.42,C0D560
寶山,24.735006,121.025192,0.53,27.85,2.06,84.52,5.81,0.7,C0D580
新豐,24.87068,120.97721,0.63,28.99,8.53,86.87,4.6,2.02,C0D590
湖口,24.904794,121.043628,0.4,29.77,1.49,75.06,4.08,2.98,C0D650
新竹市東區,24.798681,120.986942,0.24,29.52,1.94,73.39,4.71,2.85,C0D660
竹南,24.708978,120.888897,0.87,29.96,3.62,77.87,4.34,-0.05,C0E420
南庄,24.601775,121.000214,0.11,26.8,7.62,89.94,13.15,2.55,C0E430
明德,24.583486,120.885411,0.91,29.65,-0.27,76.87,8.85,3.03,C0E550
通霄,24.471892,120.704622,0.42,29.37,-0.75,78.58,7.92,3.82,C0E590
馬都安,24.451272,120.930192,0.27,23.96,-2.63,84.35,13.44,4.26,C0E610
頭份,24.688247,120.912206,1.12,30.85,3.5,73.29,4.95,1.04,C0E730
造橋,24.637056,120.864778,-0.09,29.33,1.11,78.68,6.94,2.89,C0E740
苗栗,24.564569,120.824575,-0.21,29.63,-2.8,67.58,6.79,2.14,C0E750
銅鑼,24.489681,120.790853,0.4,29.23,5.02,81.68,10.27,4.96,C0E780
西湖,24.562947,120.7485,0.57,29.27,-2.61,79.84,7.02,3.33,C0E810
獅潭,24.539133,120.920042,-0.69,27.15,-1.93,79.81,12.13,4.94,C0E820
苑裡,24.439714,120.653053,-0.0,29.68,-0.38,74.48,8.81,5.82,C0E830
大河,24.618069,120.948578,-1.11,27.38,4.35,82.45,7.77,2.61,C0E850
高鐵苗栗,24.60725,120.826094,0.08,29.81,12.71,83.06,6.73,5.66,C0E870
石岡,24.276061,120.777644,0.34,27.64,14.84,96.88,19.65,11.27,C0F0B0
中坑,24.248517,120.903319,0.82,23.55,-3.65,88.58,26.61,10.42,C0F0C0
審馬陣,24.381675,121.4203,1.09,12.77,-5.53,75.23,30.76,26.07,C0F0D0
東勢,24.246428,120.833047,1.03,28.11,-1.98,76.65,22.55,11.06,C0F850
大坑,24.173142,120.722289,1.15,30.13,1.35,74.77,18.19,10.23,C0F970
神岡,24.272481,120.658314,1.26,29.71,-9.85,69.57,18.54,12.08,C0F9I0
大安,24.345061,120.588025,-0.03,29.42,-1.22,77.39,8.61,3.68,C0F9K0
后里,24.310436,120.729725,0.8,29.31,-2.81,75.48,18.61,12.15,C0F9L0
豐原,24.254322,120.720692,1.37,29.91,-4.13,71.0,20.65,13.29,C0F9M0
大里,24.092464,120.701378,0.72,30.52,-2.56,69.29,13.27,5.45,C0F9N0
潭子,24.213106,120.703933,0.22,29.76,0.12,73.35,15.71,8.28,C0F9O0
清水,24.312297,120.562242,-0.04,29.81,-2.3,76.19,7.24,2.92,C0F9P0
外埔,24.347817,120.705686,0.52,29.31,-2.26,77.31,12.52,7.69,C0F9Q0
龍井,24.184536,120.528972,0.23,29.93,-6.88,75.0,11.6,6.64,C0F9R0
烏日,24.107058,120.624103,0.1,29.66,-1.21,72.06,14.69,8.2,C0F9S0
西屯,24.179494,120.641275,0.12,29.65,-1.38,71.81,15.81,9.73,C0F9T0
南屯,24.137006,120.637969,-0.13,29.77,-0.46,72.23,13.94,7.38,C0F9U0
新社,24.200172,120.815806,-0.03,26.06,-3.02,80.81,26.5,14.04,C0F9V0
大雅(中科園區),24.21528,120.62445,0.23,28.84,-0.83,76.03,12.26,7.6,C0F9X0
桃山,24.432739,121.303808,0.69,11.74,-0.21,79.68,27.26,20.22,C0F9Y0
雪山東峰,24.388792,121.268675,1.0,12.8,-2.21,75.97,24.56,17.53,C0F9Z0
芬園,24.015678,120.6213,-0.22,28.14,4.8,85.81,17.11,9.57,C0G620
員林,23.946503,120.585597,1.01,30.33,-0.18,77.45,17.71,9.18,C0G650
溪湖,23.94835,120.479122,2.01,31.23,11.88,93.04,18.82,13.37,C0G660
溪州,23.851589,120.499093,0.55,29.31,-3.35,75.55,22.11,15.83,C0G720
二林,23.903325,120.376081,0.56,29.5,-1.86,83.48,17.39,12.65,C0G730
大城,23.852487,120.320935,0.7,29.54,-6.73,73.61,19.02,13.44,C0G740
福興,24.041289,120.437669,0.49,30.65,-7.44,72.9,14.32,8.49,C0G770
秀水,24.03405,120.503869,0.28,30.12,-2.3,76.26,19.63,14.32,C0G780
埔鹽,24.000394,120.431683,1.18,30.62,0.56,81.1,14.52,9.62,C0G800
埔心,23.947633,120.525456,0.12,30.01,15.71,91.29,18.63,12.6,C0G810
田尾,23.901669,120.509389,0.82,30.21,1.17,82.68,21.29,15.24,C0G820
埤頭,23.866003,120.452806,0.15,29.66,14.7,99.26,18.23,12.99,C0G830
社頭,23.897647,120.5862,0.48,30.39,8.58,79.9,19.98,11.98,C0G860
二水,23.810742,120.6173,0.89,29.87,1.35,80.06,26.06,15.52,C0G880
伸港,24.148933,120.484403,0.11,29.83,-4.91,74.55,13.0,8.64,C0G890
線西,24.143358,120.443536,-0.62,29.93,-1.42,76.03,7.71,4.49,C0G900
花壇,24.032076,120.549461,0.87,31.08,-14.74,56.94,1.44,0.68,C0G910
埔里,23.972169,120.952425,0.39,26.82,-0.08,82.97,22.74,13.34,C0H890
草屯,23.973672,120.68085,-0.0,28.84,0.49,76.45,15.18,6.97,C0H960
昆陽,24.121322,121.273642,0.98,12.75,-5.99,78.32,16.84,8.05,C0H990
神木村,23.532742,120.843667,0.69,20.29,-0.59,90.42,38.85,20.44,C0H9A0
合歡山,24.143442,121.272547,0.74,11.13,1.87,83.42,24.92,13.89,C0H9C0
廬山,24.033311,121.181808,0.66,21.04,-3.81,79.39,16.5,6.28,C0I010
信義,23.689694,120.851036,0.22,25.58,-3.54,82.45,29.6,21.77,C0I080
竹山,23.761225,120.688156,0.24,27.86,-0.64,82.61,34.92,18.54,C0I110
水里,23.812553,120.849792,0.21,27.17,-2.03,78.65,29.55,22.12,C0I360
魚池,23.895703,120.94135,0.49,25.39,-0.51,85.24,31.06,21.42,C0I370
集集,23.828206,120.801467,-0.02,27.52,-2.45,80.23,38.85,25.78,C0I380
仁愛,24.022122,121.132206,0.61,22.65,-2.35,81.81,21.15,14.75,C0I390
名間,23.837053,120.701447,-0.28,27.62,1.06,80.0,27.21,18.58,C0I410
國姓,24.037803,120.855072,0.19,27.33,-2.37,82.1,33.58,24.17,C0I420
南投,23.911469,120.687331,0.04,29.09,6.04,81.55,23.5,14.0,C0I460
梅峰,24.085272,121.173572,0.83,17.29,-2.22,86.0,23.13,13.79,C0I480
萬大林道,23.928228,121.091411,1.1,20.93,-7.63,81.48,19.58,11.62,C0I490
小奇萊,24.131764,121.295717,1.3,12.57,-8.43,78.58,20.94,13.23,C0I530
崙背,23.75555,120.318925,0.37,29.15,-3.73,79.32,20.21,14.36,C0K250
四湖,23.630414,120.227125,0.86,29.69,-3.44,79.0,19.84,12.86,C0K280
宜梧,23.536281,120.169329,0.36,29.51,-0.9,80.42,20.42,14.6,C0K291
虎尾,23.719183,120.442036,0.37,29.61,4.03,80.97,25.76,16.8,C0K330
土庫,23.679029,120.395574,0.44,29.42,3.25,81.39,17.48,11.54,C0K390
斗六,23.720583,120.541127,0.17,28.95,-1.52,77.55,26.48,18.79,C0K400
北港,23.573957,120.292802,0.56,29.45,-4.26,76.65,16.05,10.8,C0K410
西螺,23.800407,120.467394,0.44,29.46,-2.01,77.74,19.58,13.75,C0K420
褒忠,23.690938,120.303634,0.57,29.33,-4.52,75.87,20.42,15.08,C0K430
二崙,23.772797,120.408944,0.33,29.43,-2.19,77.94,18.47,11.61,C0K440
大埤,23.646074,120.431537,0.43,29.37,1.25,79.81,23.29,16.37,C0K450
斗南,23.678734,120.478359,0.31,29.17,1.11,77.19,26.11,19.14,C0K460
林內,23.748675,120.609642,0.19,28.28,-2.19,79.23,33.44,22.5,C0K470
莿桐,23.761192,120.502372,0.1,28.97,-2.68,74.48,26.11,17.56,C0K480
元長,23.64981,120.315024,0.52,29.6,0.37,78.39,24.79,18.15,C0K500
水林,23.572924,120.24597,0.62,29.72,0.08,78.65,24.39,18.33,C0K510
臺西,23.701547,120.197559,0.68,29.44,-1.37,80.26,15.34,9.01,C0K530
蔦松,23.514319,120.229736,0.51,29.55,-1.22,80.52,16.5,10.06,C0K550
棋山,23.68645,120.603417,0.12,28.29,1.68,82.52,38.15,24.15,C0K560
高鐵雲林,23.737456,120.417944,-0.19,28.88,-2.55,80.84,21.52,14.19,C0K580
東後寮,23.369908,120.248065,0.51,28.91,-0.51,82.94,22.26,13.52,C0M520
奮起湖,23.493903,120.699253,0.55,20.76,0.25,93.94,67.98,44.45,C0M530
中埔,23.42538,120.5229,0.16,28.28,-0.59,77.23,46.48,32.85,C0M640
朴子,23.43463,120.23902,-0.02,28.72,1.02,82.52,20.39,12.82,C0M650
溪口,23.604131,120.403569,0.44,29.16,-2.17,78.55,16.5,9.57,C0M660
大林,23.600616,120.45841,0.32,29.3,0.47,77.65,33.52,24.15,C0M670
太保,23.455062,120.331455,0.2,29.24,-2.81,78.06,27.23,17.46,C0M680
水上,23.419734,120.388909,0.36,28.84,5.33,85.94,35.74,24.52,C0M690
竹崎,23.526178,120.555508,0.27,27.87,0.42,81.65,64.24,47.87,C0M700
東石,23.458927,120.15385,0.55,29.66,-1.23,80.16,16.89,10.49,C0M710
番路,23.464657,120.554156,0.41,27.9,2.28,79.97,47.56,32.36,C0M720
嘉義市東區,23.457673,120.460531,0.43,29.33,-0.28,77.23,42.69,30.74,C0M730
六腳,23.492871,120.290625,0.5,29.31,-0.82,79.06,19.61,12.5,C0M740
布袋,23.380878,120.167789,0.57,29.64,-2.72,78.74,15.52,6.99,C0M750
民雄,23.551754,120.428457,0.16,29.31,-1.28,77.81,34.02,24.24,C0M760
嘉義梅山,23.585398,120.555587,0.23,28.34,4.6,83.74,47.31,31.79,C0M770
鹿草,23.41134,120.30835,0.61,29.54,1.25,80.32,25.26,13.97,C0M780
新港,23.553269,120.345728,0.36,29.48,-1.59,77.0,24.55,17.52,C0M790
茶山,23.299075,120.664767,0.42,25.75,-0.98,85.55,55.69,39.5,C0M800
里佳,23.389125,120.716647,0.69,21.26,-3.74,85.84,61.87,44.7,C0M810
達邦,23.453994,120.749517,0.7,23.0,-0.88,85.19,52.06,39.21,C0M820
表湖,23.24186,120.64166,0.05,24.29,-2.43,86.68,53.31,37.26,C0M850
新美,23.338017,120.683169,0.07,25.27,2.16,83.81,57.84,49.06,C0M860
北寮,23.079561,120.495008,0.31,27.97,5.45,89.61,39.39,22.18,C0O830
王爺宮,23.222064,120.40085,1.93,29.75,-2.57,82.56,51.65,37.52,C0O840
大內,23.11885,120.36083,1.07,30.02,0.88,83.68,34.56,21.84,C0O860
善化,23.112883,120.297219,0.26,28.9,4.06,87.42,30.68,18.36,C0O900
崎頂,22.959547,120.369317,1.05,28.62,0.08,86.1,27.16,12.82,C0O960
虎頭埤,23.021375,120.347878,0.08,28.26,-1.94,83.23,32.08,18.7,C0O970
新市,23.061614,120.298197,0.76,29.52,-2.1,81.61,31.11,18.5,C0O980
媽廟,22.99175,120.293525,-0.34,28.47,9.65,92.61,23.06,10.77,C0O990
尾寮山,22.833111,120.683889,1.62,23.76,-3.16,89.1,57.89,30.27,C0R100
阿禮,22.742908,120.743678,2.6,25.38,-5.06,81.54,28.03,13.68,C0R130
瑪家,22.682903,120.686639,0.51,24.8,6.94,94.1,51.29,28.15,C0R140
三地門,22.709889,120.639944,1.43,29.58,-9.8,70.06,33.1,12.69,C0R150
鹽埔,22.739558,120.530778,0.77,29.07,-2.66,84.94,29.53,10.85,C0R160
屏東,22.660269,120.494072,1.19,29.79,-6.63,75.55,35.27,18.48,C0R170
赤山,22.592333,120.614306,0.78,29.25,-1.69,82.94,28.74,8.96,C0R190
潮州,22.534361,120.54,1.48,30.05,-3.61,76.0,21.85,6.16,C0R220
來義,22.527306,120.625111,0.28,28.2,2.39,86.03,33.05,11.69,C0R240
春日,22.370361,120.628306,1.32,29.51,-13.37,69.94,16.5,-0.73,C0R260
琉球嶼,22.332244,120.362236,1.32,29.92,-6.4,79.32,10.55,0.78,C0R270
車城,22.0744,120.716247,0.58,29.88,-1.36,81.32,8.71,-0.97,C0R320
牡丹,22.130036,120.792639,0.42,27.72,4.7,91.1,17.42,10.65,C0R341
貓鼻頭,21.921774,120.7358,1.24,29.63,-2.16,81.45,11.23,0.12,C0R350
大漢山,22.405264,120.753181,0.31,18.62,0.77,96.39,54.76,50.33,C0R440
高樹,22.826389,120.600806,0.39,28.96,-5.0,74.1,39.0,19.36,C0R470
長治,22.693128,120.542622,1.43,30.11,-2.37,80.0,32.94,13.54,C0R480
九如,22.7405,120.490503,1.05,29.82,-5.66,77.19,29.4,11.5,C0R490
崁頂,22.514781,120.506914,0.6,29.71,-4.88,77.92,16.03,1.09,C0R520
佳冬,22.419456,120.552375,0.84,29.91,-3.07,77.42,17.68,1.9,C0R540
新埤,22.467947,120.582894,1.1,29.7,-7.01,77.19,22.82,6.0,C0R550
新園,22.5434,120.461558,1.81,30.88,-3.7,77.52,22.71,7.0,C0R560
麟洛,22.65078,120.52719,1.65,30.55,-2.53,79.65,31.21,12.47,C0R570
南州,22.48591,120.50274,0.84,29.64,0.51,79.61,18.31,3.35,C0R580
里港,22.77919,120.49459,0.51,29.0,-1.99,81.84,35.27,18.21,C0R590
舊泰武,22.588194,120.664944,0.91,25.33,-1.16,85.45,49.56,22.18,C0R600
墾雷,21.900836,120.855269,0.39,29.17,4.41,89.87,12.45,0.59,C0R620
東港,22.46247,120.44074,0.8,30.06,-5.39,79.06,16.37,8.59,C0R640
竹田,22.58486,120.54344,-0.15,28.85,3.71,88.97,25.11,8.23,C0R650
枋寮,22.367722,120.590647,0.66,29.93,1.22,79.94,9.21,2.91,C0R660
楓港,22.190131,120.692156,0.13,29.66,-4.22,74.06,10.79,3.97,C0R670
佳樂水,21.993578,120.861633,-0.11,29.4,1.68,83.32,12.73,5.28,C0R680
墾丁,21.966756,120.810269,-0.04,27.35,5.08,93.9,15.23,6.58,C0R690
枋山,22.246844,120.661086,1.1,30.08,-4.98,74.52,9.9,2.83,C0R700
龍磐,21.931672,120.838942,-0.42,28.56,2.02,86.45,9.37,3.96,C0R710
旭海,22.205403,120.887614,-0.42,27.77,14.09,95.48,14.63,3.9,C0R720
大坪頂,22.024633,120.69355,0.42,28.67,5.54,89.0,8.48,1.43,C0R730
獅子,22.201569,120.70525,0.75,29.54,-3.37,77.77,12.29,4.15,C0R740
四林格山,22.076989,120.802439,0.62,25.63,0.47,96.32,17.65,9.22,C0R750
南仁湖,22.084681,120.863353,-0.2,26.56,6.96,95.68,17.98,9.66,C0R760
保力,22.071122,120.764111,0.74,28.46,-1.11,86.03,9.94,-1.1,C0R770
滿州,22.024403,120.839892,0.13,28.94,-0.26,82.13,15.76,8.19,C0R780
九棚,22.14195,120.889281,-0.26,28.87,3.92,82.6,14.74,2.69,C0R790
丹路,22.204481,120.750989,0.73,29.13,-1.84,80.27,18.05,6.68,C0R800
內獅,22.305064,120.642986,1.14,30.35,7.77,85.84,10.68,3.11,C0R810
白鷺,22.454275,120.666219,1.43,26.64,-6.19,82.13,32.69,29.73,C0R820
高士,22.121825,120.836781,-0.07,26.4,7.52,95.13,18.39,8.94,C0R830
牡丹池山,22.168389,120.841225,-0.01,25.63,4.34,93.48,17.32,6.47,C0R840
下馬,23.150427,121.070312,-0.37,24.33,7.29,84.64,8.65,6.46,C0S660
太麻里,22.60902,120.98533,1.22,26.5,5.56,85.65,7.6,-0.36,C0S690
知本,22.684866,121.005642,0.84,26.37,3.99,86.84,9.55,-1.21,C0S700
鹿野,22.917711,121.122994,1.49,27.46,1.98,82.74,10.03,2.3,C0S710
綠島,22.6672,121.47533,0.37,28.2,10.4,95.57,5.23,-3.3,C0S730
池上,23.119628,121.209469,0.22,27.29,4.02,83.21,8.31,0.31,C0S740
向陽,23.248397,120.986133,0.72,16.28,6.82,89.29,24.11,8.84,C0S750
大溪山,22.478475,120.943325,1.09,26.74,6.97,85.61,18.11,5.03,C0S770
金崙,22.538122,120.966875,1.32,28.94,0.34,78.39,11.45,1.76,C0S790
東河,22.972672,121.303986,0.76,29.6,-1.1,81.71,6.24,-1.83,C0S810
長濱,23.286817,121.411975,0.16,27.77,3.96,83.93,7.89,1.41,C0S830
南田,22.279725,120.889208,0.76,29.06,13.65,94.23,18.03,1.69,C0S840
關山,23.0395,121.175017,0.92,28.71,0.91,79.84,8.48,0.92,C0S890
蘭嶼高中,22.04909,121.51214,0.09,29.5,2.52,82.35,10.52,1.13,C0S900
蘭嶼燈塔,22.081197,121.503117,0.5,28.19,3.67,88.52,7.89,-1.59,C0S910
金峰嘉蘭,22.594789,120.960825,-0.05,28.78,4.38,79.03,0.44,-4.96,C0S920
延平,22.902581,121.084058,0.22,28.19,0.77,76.65,9.42,4.91,C0S930
石寧山,23.223772,121.406639,0.54,29.42,1.71,81.74,4.52,2.62,C0S940
七塊厝,22.954453,121.229922,0.11,26.76,1.07,85.77,8.61,0.24,C0S950
香蘭,22.587569,120.993375,0.05,29.64,6.99,80.42,8.61,4.17,C0S960
加津林,22.416211,120.926942,-0.08,29.12,5.17,79.26,18.63,13.66,C0S970
勝林山,22.430439,120.8938,-1.03,23.43,6.91,90.32,15.23,9.0,C0S980
山豬窟,22.318619,120.857372,-0.07,26.95,3.16,83.35,24.63,16.01,C0S990
歷坵,22.520969,120.89185,0.43,26.82,0.7,82.23,21.66,15.89,C0SA00
檳榔四格山,22.810031,121.109308,0.35,27.16,1.38,84.48,10.23,6.65,C0SA10
金崙山,22.567419,120.959667,-0.25,24.15,3.64,86.26,13.31,7.37,C0SA20
都歷,23.020333,121.323642,0.83,29.32,15.15,93.94,6.24,0.91,C0SA30
瑞和,22.974361,121.156697,0.19,28.47,3.81,82.19,9.05,5.94,C0SA40
知本（水試所）,22.702394,121.082761,-0.05,29.58,2.9,79.58,10.18,6.46,C0SA60
土坂,22.453108,120.887572,-0.16,28.51,6.81,80.03,29.26,26.87,C0SA80
達仁林場,22.264347,120.823972,-0.12,26.05,14.39,97.39,30.4,21.03,C0SA90
大禹嶺,24.186117,121.316086,0.66,14.53,-1.96,81.68,18.71,11.04,C0T790
天祥,24.179597,121.495639,0.83,25.72,1.97,80.03,15.87,6.81,C0T820
鯉魚潭,23.935639,121.508944,0.05,26.92,2.64,86.93,11.42,3.55,C0T870
西林,23.8119,121.441458,0.73,28.36,6.16,80.35,8.92,1.94,C0T900
光復,23.660694,121.424964,0.9,28.68,-0.31,81.94,8.15,-0.22,C0T960
月眉山,23.809928,121.539828,0.67,25.96,2.52,91.19,14.44,7.0,C0T9A0
水源,23.991861,121.537169,0.77,25.66,3.08,88.19,15.52,6.04,C0T9B0
和中,24.26676,121.74103,0.63,28.99,2.62,90.39,23.55,15.78,C0T9D0
大坑,23.880628,121.581981,0.6,26.57,6.69,90.45,17.42,11.15,C0T9E0
水璉,23.797131,121.542514,0.35,27.79,5.02,86.45,19.18,12.01,C0T9F0
鳳林山,23.735269,121.420131,-0.28,25.67,-1.24,86.68,11.16,3.7,C0T9G0
加路蘭山,23.682947,121.5274,0.59,25.47,9.14,94.26,15.44,9.83,C0T9H0
豐濱,23.583897,121.514806,0.13,27.16,13.76,96.35,12.29,5.31,C0T9I0
靜浦,23.455167,121.495028,0.7,28.43,4.07,87.03,9.34,3.37,C0T9M0
富里,23.171639,121.249378,0.44,28.37,3.03,81.9,8.81,5.07,C0T9N0
礁溪,24.817539,121.765608,0.35,29.05,-6.0,77.29,9.68,4.09,C0U600
玉蘭,24.675286,121.587061,0.66,26.97,17.55,97.68,12.27,5.11,C0U650
太平山,24.505486,121.525656,0.55,18.35,-2.17,90.48,41.79,24.27,C0U710
南山,24.43742,121.38167,0.22,22.76,-2.26,84.48,18.9,16.38,C0U720
龜山島,24.841667,121.953133,-0.41,25.89,2.25,95.55,2.68,1.68,C0U750
東澳,24.52196,121.83318,0.47,29.25,0.9,85.03,24.16,15.87,C0U760
南澳,24.44935,121.81022,-0.36,28.28,-0.15,84.32,21.89,15.7,C0U770
五結,24.68637,121.79794,-0.06,29.32,-0.53,76.19,10.24,7.11,C0U780
頭城,24.85323,121.8308,0.38,29.65,-5.09,82.19,8.74,5.32,C0U860
大礁溪,24.791042,121.675047,0.48,26.31,4.8,88.58,11.92,3.89,C0U870
三星,24.66812,121.65302,0.66,28.98,0.48,84.65,11.87,8.63,C0U890
內城,24.71813,121.68766,0.79,29.17,-2.35,78.55,9.45,6.52,C0U900
冬山,24.63373,121.7937,0.5,29.65,16.11,89.87,9.52,8.17,C0U910
羅東,24.68184,121.74934,0.77,29.88,1.74,76.13,12.1,10.82,C0U940
鶯子嶺,24.89754,121.79244,0.43,22.73,3.06,97.45,26.87,15.16,C0U950
翠峰湖,24.510856,121.608044,0.56,18.08,6.86,98.13,38.79,29.92,C0U960
大福,24.80064,121.81389,0.11,29.04,-0.32,79.13,9.16,6.32,C0U970
坪林石牌,24.86478,121.77396,0.62,25.34,-0.29,92.84,13.44,4.21,C0U980
員山,24.74435,121.72247,0.55,29.43,1.19,79.1,10.23,7.66,C0U990
土場,24.576533,121.495333,-0.21,26.74,6.9,93.29,25.94,20.74,C0UA00
鴛鴦湖,24.590269,121.412228,0.36,19.09,3.51,95.45,30.9,20.92,C0UA10
多加屯,24.368614,121.373189,1.09,14.76,-4.14,83.03,29.71,26.82,C0UA20
白嶺,24.527819,121.519031,0.27,21.41,-1.69,91.58,33.42,28.9,C0UA30
西德山,24.560647,121.752608,0.52,22.84,0.94,91.48,13.15,5.85,C0UA40
西帽山,24.555361,121.802628,0.2,24.28,-0.01,89.81,30.18,24.41,C0UA50
樟樹山,24.41393,121.78325,0.32,25.84,8.61,94.65,22.47,19.87,C0UA60
桃源谷,24.962606,121.888875,0.53,25.81,-0.02,94.87,8.48,3.03,C0UA70
復興,23.222403,120.806089,0.48,24.81,-2.98,78.23,42.81,30.44,C0V210
美濃,22.898742,120.519153,0.63,28.71,-3.47,79.71,41.76,21.93,C0V310
溪埔,22.738578,120.446797,0.48,28.98,2.13,83.52,31.69,16.38,C0V350
內門,22.975481,120.466769,0.93,28.62,2.77,89.48,38.56,21.45,C0V360
古亭坑,22.893178,120.401947,0.53,28.28,-1.52,84.97,27.16,11.21,C0V370
阿公店,22.804194,120.355528,0.27,28.68,-2.95,79.77,25.89,13.68,C0V400
鳳山,22.646653,120.356122,0.27,29.42,1.72,82.23,24.4,10.9,C0V440
鳳森,22.545064,120.392592,0.66,29.29,-5.63,78.65,20.21,6.56,C0V450
新興,22.627422,120.298803,1.06,30.51,-6.47,72.45,23.06,12.65,C0V490
梓官,22.760558,120.267211,0.29,29.71,-1.56,76.65,23.31,13.74,C0V610
永安,22.82315,120.236856,0.19,29.4,-5.82,77.84,26.44,15.76,C0V620
茄萣,22.906642,120.182608,0.44,29.91,2.31,79.71,22.73,12.06,C0V630
湖內,22.887139,120.2445,-0.29,28.83,-5.34,79.03,29.42,18.01,C0V640
彌陀,22.783806,120.246361,0.84,30.05,-3.06,80.81,23.1,13.9,C0V650
岡山,22.797078,120.294958,0.83,30.41,-3.72,75.94,26.32,14.55,C0V660
仁武,22.701083,120.347722,0.94,30.36,3.69,81.07,25.36,12.24,C0V680
鼓山,22.623325,120.275575,0.31,29.85,-0.76,77.77,17.32,9.07,C0V690
三民,22.645017,120.311233,0.57,30.49,1.04,73.81,23.15,11.91,C0V700
苓雅,22.622742,120.330669,1.25,30.88,2.64,76.16,20.13,8.08,C0V710
林園,22.507747,120.394511,0.88,30.71,-1.34,75.35,17.02,6.14,C0V720
大寮,22.605614,120.395717,0.49,29.9,-1.02,77.65,22.76,9.09,C0V730
旗山,22.888614,120.483597,1.41,29.86,-3.47,77.61,37.69,20.76,C0V740
路竹,22.854997,120.259439,0.78,30.2,-2.68,76.71,28.69,17.41,C0V750
橋頭,22.757806,120.30575,1.23,30.8,1.13,79.9,27.81,15.93,C0V760
大社,22.730306,120.346639,0.3,29.68,3.69,81.9,32.71,18.18,C0V770
萬山,22.905944,120.688056,1.9,27.82,-7.06,76.83,14.54,-2.76,C0V790
六龜,22.997889,120.633583,0.41,27.73,2.27,82.48,52.5,31.66,C0V800
左營,22.67491,120.28491,0.37,29.75,-4.48,75.39,22.71,12.16,C0V810
小林,23.148408,120.63325,0.49,26.54,1.34,84.26,50.52,41.3,C0V820
東莒,25.9652,119.98069,1.47,28.63,-3.06,84.87,6.26,2.79,C0W110
花嶼,23.40007,119.32276,1.0,28.83,-0.31,88.29,7.66,4.9,C0W130
金沙,24.488292,118.408778,1.37,30.07,-5.91,76.81,7.16,6.13,C0W140
金寧,24.457703,118.328989,0.9,30.38,-5.82,77.84,2.98,1.75,C0W150
東河,23.296598,120.385608,0.05,28.7,-2.4,79.52,41.38,29.27,C0X050
下營,23.22695,120.256261,0.44,29.03,0.72,83.84,28.71,18.14,C0X060
佳里,23.173039,120.145086,1.17,30.27,1.98,85.61,21.32,11.85,C0X080
臺南市北區,23.010394,120.194228,0.41,30.27,2.59,77.0,23.81,13.23,C0X100
臺南市南區,22.961189,120.188378,0.95,30.57,-0.83,79.42,21.1,10.46,C0X110
麻豆,23.183289,120.248611,0.82,30.14,2.8,82.35,33.42,23.17,C0X120
官田,23.193217,120.315422,0.3,29.49,1.07,81.35,35.23,24.53,C0X130
西港,23.125608,120.203108,0.77,30.19,1.54,80.58,29.71,19.73,C0X140
安定,23.102614,120.227839,0.65,29.91,1.37,81.87,29.76,19.51,C0X150
仁德,22.968258,120.257689,0.5,29.73,-1.9,77.73,31.03,18.57,C0X160
關廟,22.963017,120.327797,-0.07,29.23,4.22,81.1,30.1,16.17,C0X170
山上,23.0757,120.363253,0.41,28.82,-0.73,81.45,35.56,22.41,C0X180
安平,22.993161,120.152181,0.37,29.99,-1.03,78.81,21.27,11.19,C0X190
左鎮,23.056758,120.408522,1.09,29.01,-3.56,81.71,31.05,16.54,C0X200
白河,23.347466,120.414427,0.29,28.81,3.01,83.19,36.81,25.15,C0X210
學甲,23.230367,120.182187,0.77,29.43,0.25,79.9,16.94,7.71,C0X220
鹽水,23.272621,120.247641,0.34,28.87,-0.89,82.23,22.08,12.12,C0X230
關子嶺,23.331169,120.508025,0.21,26.39,4.44,88.87,59.16,40.05,C0X240
新營,23.310689,120.316681,0.28,29.38,3.26,82.0,32.89,20.78,C0X250
後壁,23.366358,120.362326,0.34,29.07,0.79,81.94,32.55,20.87,C0X260
將軍,23.214999,120.13577,0.46,29.25,0.23,81.23,18.61,8.75,C0X280
北門,23.267772,120.125481,0.47,29.62,-0.36,81.0,17.66,7.53,C0X290
鹿寮,23.386047,120.477331,0.27,28.11,4.23,89.16,50.16,35.26,C0X300
柳營,23.253328,120.375253,-0.46,28.8,4.94,81.03,40.27,36.65,C0X320
明里,23.208717,121.262342,1.22,28.67,-3.46,77.48,8.26,0.93,C0Z020
佳心,23.34567,121.21316,1.05,24.51,5.82,87.19,6.23,-1.48,C0Z050
玉里,23.3215,121.339656,1.11,28.83,-6.03,75.03,7.19,-1.82,C0Z061
舞鶴,23.46811,121.37407,0.72,27.56,9.92,94.52,6.13,0.32,C0Z070
富源,23.587642,121.378225,0.7,27.75,-1.28,83.16,8.24,1.16,C0Z080
東華,23.89525,121.549833,0.65,29.12,4.21,84.35,7.71,2.13,C0Z100
吉安光華,23.930925,121.595153,0.48,28.48,3.17,86.14,18.45,15.49,C0Z150
鳳林,23.746114,121.453411,0.81,28.72,15.13,92.81,9.61,5.92,C0Z160
卓溪,23.3443,121.3029,0.12,28.31,-1.14,75.65,7.11,2.4,C0Z170
新城,24.03946,121.60454,0.64,28.98,-1.67,77.13,18.65,16.65,C0Z180
富世,24.14743,121.6297,0.2,28.68,-3.94,79.48,24.45,20.8,C0Z190
萬榮,23.709219,121.420106,0.74,28.31,-3.4,77.03,9.95,5.09,C0Z200
瑞穗,23.5239,121.39021,0.88,28.55,1.61,81.97,7.34,3.92,C0Z210
和平林道,24.343922,121.656317,0.58,25.92,-6.44,80.62,31.66,28.86,C0Z220
和平,24.30717,121.77007,-0.28,28.46,3.4,79.32,13.06,10.87,C0Z230
蕃薯寮,23.73835,121.540108,0.8,27.0,-1.27,85.9,4.73,0.76,C0Z270
德武,23.47426,121.41071,0.55,27.93,2.89,84.61,7.87,5.05,C0Z280
赤柯山,23.36893,121.38293,0.31,23.65,7.64,93.19,10.58,6.2,C0Z290
東里,23.26853,121.30547,1.08,28.96,-5.54,76.29,7.87,4.25,C0Z300
清水斷崖,24.218294,121.689142,0.18,28.16,-2.41,82.45,23.35,16.05,C0Z310
清水林道,23.27125,121.188272,1.09,25.91,-6.87,75.16,8.27,3.4,C0Z320
安通山,23.290728,121.348528,0.36,26.57,3.49,84.48,8.61,4.86,C0Z330
口湖工作站,23.589978,120.180394,0.37,29.17,6.11,81.65,15.48,11.73,12J990
東港工作站,22.479997,120.466058,0.86,29.94,-4.35,67.29,14.89,4.29,12Q970
恆春工作站,22.079678,120.714425,0.73,29.73,-0.97,75.1,7.21,-3.91,12Q980
萬大發電廠,23.978875,121.139639,0.46,23.17,-10.86,78.19,19.27,13.74,42HA10
桃改樹林分場,24.944503,121.386972,-0.7,28.59,3.71,78.71,13.74,8.52,72AI40
桃園農改場,24.950944,121.030583,1.03,29.81,-1.93,76.9,4.14,1.25,72C440
桃改五峰分場,24.612194,121.157167,0.53,22.95,3.62,91.16,15.92,4.55,72D080
臺中農改場,24.003028,120.534389,0.76,29.76,-1.03,79.16,17.61,9.8,72G600
中改埔里分場,23.903208,120.963364,0.17,24.71,-0.79,87.9,30.17,22.55,72HA00
南改斗南分場,23.634556,120.477333,0.32,28.97,0.57,81.77,26.71,14.22,72K220
南改義竹分場,23.360694,120.279361,0.28,29.07,-3.73,81.2,21.7,11.66,72M360
南改鹿草分場,23.416869,120.283061,0.46,29.48,1.21,81.1,9.84,4.25,72M700
臺南農改場,23.0605,120.342194,-0.03,28.64,2.13,84.28,33.45,21.21,72N100
七股研究中心,23.081672,120.062894,0.87,30.05,-3.76,78.4,3.98,-8.15,72N240
高雄農改場,22.709333,120.525889,0.57,29.21,1.35,83.37,30.07,12.39,72Q010
東改班鳩分場,22.829528,121.077694,1.21,28.25,-1.43,79.23,10.92,1.83,72S200
東改賓朗果園,22.813889,121.071278,0.53,27.16,-3.2,84.65,11.21,2.92,72S590
花蓮農改場,23.975222,121.563889,0.99,29.07,-1.39,78.07,8.48,1.3,72T250
花改蘭陽分場,24.686306,121.716583,0.82,29.48,-3.3,76.32,11.71,6.9,72U480
高改旗南分場,22.857861,120.516667,-0.63,28.51,6.51,83.19,36.5,20.85,72V140
茶改北部分場,24.955778,121.631222,0.43,26.75,2.29,84.1,16.65,9.02,82A750
茶改場,24.908472,121.185333,0.77,28.87,-6.48,72.9,4.87,-0.39,82C160
茶改中部分場,23.875611,120.913583,-0.65,23.32,-1.1,86.46,14.65,1.12,82H320
茶改南部分場,23.762528,120.7405,-0.33,25.81,-3.07,86.19,38.35,21.57,82H840
茶改東部分場,22.907694,121.130139,0.79,28.61,-2.21,78.74,9.71,1.28,82S580
農工中心,24.985917,121.239833,-0.05,29.21,2.57,72.66,4.88,1.03,A2C560
水試臺西試驗場,23.717231,120.190522,0.53,29.67,-3.71,82.45,12.84,7.03,A2K360
臺大雲林校區,23.730628,120.423903,-0.52,28.69,2.65,80.48,22.98,19.23,A2K630
臺南蘭花園區,23.340258,120.379661,-0.15,28.54,1.9,82.97,30.55,23.68,A2N290
畜試北區分所,24.527806,120.770972,0.15,28.67,0.99,80.61,8.1,6.86,B2E890
畜產試驗所,23.058972,120.336406,0.02,28.27,-2.0,82.32,32.31,18.39,B2N890
畜試南區分所,21.945583,120.802167,0.89,29.38,-4.02,79.84,16.05,4.53,B2Q810
畜試東區分所,24.669039,121.832561,0.38,29.25,0.32,79.7,4.69,4.12,B2U990
蓮華池,23.918333,120.885278,-1.21,24.64,11.8,92.25,38.55,23.13,E2H360
林試畢祿溪站,24.226944,121.308522,-0.22,16.14,2.23,84.62,9.0,7.02,E2HA20
四湖植物園,23.676986,120.163433,0.84,29.72,-1.19,83.46,13.45,7.76,E2K600
林試六龜中心,22.991703,120.645722,0.09,26.99,2.28,83.53,15.27,8.94,E2P980
林試扇平站,22.9677,120.6857,0.19,24.7,-0.9,86.52,8.24,1.11,E2P990
林試太麻里2,22.598,120.99775,-0.06,29.53,0.83,74.9,5.59,1.7,E2S960
林試太麻里1,22.598922,120.980044,0.06,29.07,0.96,75.34,6.45,1.95,E2S980
農試所(霧峰),24.031261,120.688133,0.45,29.18,-2.83,77.65,15.79,5.86,G2F820
農試嘉義分所,23.485028,120.473806,0.23,28.37,2.12,83.55,41.37,29.12,G2L020
農試溪口農場,23.58565,120.408111,-0.18,29.26,-0.62,80.13,24.05,18.3,G2M350
農試鳳山分所,22.646611,120.356083,0.53,29.62,-0.09,77.48,22.43,8.99,G2P820
苗栗農改場,24.495722,120.829111,0.38,28.99,-2.64,76.29,12.06,5.56,K2E360
苗改生物防治研究中心,24.422861,120.871833,-0.07,26.94,0.02,80.81,14.42,10.43,K2E710
種苗改良場,24.225972,120.800917,0.44,26.67,1.01,82.97,26.68,14.08,K2F750
溪頭,23.670306,120.798194,0.26,21.09,3.25,93.8,39.22,25.97,U2H480
臺大和社,23.590856,120.888864,1.11,24.56,-1.51,84.6,20.4,13.95,U2HA30
臺大內茅埔,23.689722,120.851117,0.16,25.54,-1.46,83.13,24.75,19.43,U2HA40
臺大竹山,23.756972,120.681556,0.01,27.91,-1.61,79.7,34.78,25.29,U2HA50
臺大竹山,23.756972,120.681556,0.01,27.91,-1.61,79.7,34.78,25.29,U2HA50
臺大內茅埔,23.689722,120.851117,0.16,25.54,-1.46,83.13,24.75,19.43,U2HA40
臺大和社,23.590856,120.888864,1.11,24.56,-1.51,84.6,20.4,13.95,U2HA30
臺大溪頭,23.670306,120.798194,0.26,21.09,3.25,93.8,39.22,25.97,U2H480
種苗繁殖,24.225972,120.800917,0.44,26.67,1.01,82.97,26.68,14.08,K2F750
苗改生物防治研究中心,24.422861,120.871833,-0.07,26.94,0.02,80.81,14.42,10.43,K2E710
苗栗農改,24.495722,120.829111,0.38,28.99,-2.64,76.29,12.06,5.56,K2E360
農試鳳山分所,22.646611,120.356083,0.53,29.62,-0.09,77.48,22.43,8.99,G2P820
農試溪口農場,23.58565,120.408111,-0.18,29.26,-0.62,80.13,24.05,18.3,G2M350
農試嘉義分所,23.485028,120.473806,0.23,28.37,2.12,83.55,41.37,29.12,G2L020
農業試驗所,24.031261,120.688133,0.45,29.18,-2.83,77.65,15.79,5.86,G2F820
林試太麻里1,22.598922,120.980044,0.06,29.07,0.96,75.34,6.45,1.95,E2S980
林試太麻里2,22.598014,120.989761,-0.06,29.53,0.83,74.9,5.59,1.7,E2S960
林試扇平站,22.9677,120.6857,0.19,24.7,-0.9,86.52,8.24,1.11,E2P990
林試六龜中心,22.991703,120.645722,0.09,26.99,2.28,83.53,15.27,8.94,E2P980
四湖植物園,23.676986,120.163433,0.84,29.72,-1.19,83.46,13.45,7.76,E2K600
林試畢祿溪站,24.226944,121.308522,-0.22,16.14,2.23,84.62,9.0,7.02,E2HA20
蓮華池,23.918333,120.885278,-1.21,24.64,11.8,92.25,38.55,23.13,E2H360
畜試東區分所,24.669039,121.832561,0.38,29.25,0.32,79.7,4.69,4.12,B2U990
畜試南區分所,21.945583,120.802167,0.89,29.38,-4.02,79.84,16.05,4.53,B2Q810
畜試所,23.058972,120.336406,0.02,28.27,-2.0,82.32,32.31,18.39,B2N890
畜試北區分所,24.527806,120.770972,0.15,28.67,0.99,80.61,8.1,6.86,B2E890
臺南蘭花園區,23.340258,120.379661,-0.15,28.54,1.9,82.97,30.55,23.68,A2N290
臺大雲林校區,23.730628,120.423903,-0.52,28.69,2.65,80.48,22.98,19.23,A2K630
水試臺西試驗場,23.717231,120.190522,0.53,29.67,-3.71,82.45,12.84,7.03,A2K360
農工中心,24.985917,121.239833,-0.05,29.21,2.57,72.66,4.88,1.03,A2C560
茶改東部分場,22.907694,121.130139,0.79,28.61,-2.21,78.74,9.71,1.28,82S580
茶改南部分場,23.762528,120.7405,-0.33,25.81,-3.07,86.19,38.35,21.57,82H840
茶改中部分場,23.875611,120.913583,-0.65,23.32,-1.1,86.46,14.65,1.12,82H320
茶改場,24.908472,121.185333,0.77,28.87,-6.48,72.9,4.87,-0.39,82C160
茶改北部分場,24.955778,121.631222,0.43,26.75,2.29,84.1,16.65,9.02,82A750
高改旗南分場,22.857861,120.516667,-0.63,28.51,6.51,83.19,36.5,20.85,72V140
花改蘭陽分場,24.686306,121.716583,0.82,29.48,-3.3,76.32,11.71,6.9,72U480
花蓮農改,23.975222,121.563889,0.99,29.07,-1.39,78.07,8.48,1.3,72T250
東改賓朗果園,22.813889,121.071278,0.53,27.16,-3.2,84.65,11.21,2.92,72S590
東改班鳩分場,22.829528,121.077694,1.21,28.25,-1.43,79.23,10.92,1.83,72S200
高雄農改,22.709333,120.525889,0.57,29.21,1.35,83.37,30.07,12.39,72Q010
七股研究中心,23.081672,120.062894,0.87,30.05,-3.76,78.4,3.98,-8.15,72N240
臺南農改,23.0605,120.342194,-0.03,28.64,2.13,84.28,33.45,21.21,72N100
南改鹿草分場,23.416869,120.283061,0.46,29.48,1.21,81.1,9.84,4.25,72M700
南改義竹分場,23.360694,120.279361,0.28,29.07,-3.73,81.2,21.7,11.66,72M360
南改斗南分場,23.634556,120.477333,0.32,28.97,0.57,81.77,26.71,14.22,72K220
中改埔里分場,23.903208,120.963364,0.17,24.71,-0.79,87.9,30.17,22.55,72HA00
臺中農改,24.003028,120.534389,0.76,29.76,-1.03,79.16,17.61,9.8,72G600
桃改五峰分場,24.612194,121.157167,0.53,22.95,3.62,91.16,15.92,4.55,72D080
桃園農改,24.950944,121.030583,1.03,29.81,-1.93,76.9,4.14,1.25,72C440
桃改樹林分場,24.944503,121.386972,-0.7,28.59,3.71,78.71,13.74,8.52,72AI40
萬大發電廠,23.978875,121.139639,0.46,23.17,-10.86,78.19,19.27,13.74,42HA10
恆春工作站,22.079678,120.714425,0.73,29.73,-0.97,75.1,7.21,-3.91,12Q980
東港工作站,22.479997,120.466058,0.86,29.94,-4.35,67.29,14.89,4.29,12Q970
口湖工作站,23.589978,120.180394,0.37,29.17,6.11,81.65,15.48,11.73,12J990
