站名,緯度,經度,平均溫距平,本年度平均溫,平均溼度距平,本年度日均相對溼度,本年度日均降水量,日均降水量距平,站號
淡水,25.164889,121.448906,3.01,21.53,-8.64,69.33,0.0,-4.65,466900
鞍部,25.182586,121.529731,2.31,15.23,-3.95,87.33,0.03,-15.67,466910
臺北,25.037658,121.514853,2.08,21.63,-4.26,69.67,0.03,-4.14,466920
竹子湖,25.162078,121.544547,2.51,17.17,-4.2,82.33,0.0,-14.47,466930
基隆,25.133314,121.740475,1.71,20.93,-0.44,74.67,0.03,-11.87,466940
花蓮,23.975128,121.613275,0.33,21.0,-2.1,70.33,0.03,-4.37,466990
新屋,25.006744,121.047486,1.61,20.17,0.71,76.0,0.0,-4.77,467050
宜蘭,24.763975,121.756528,1.15,20.2,0.2,79.0,2.17,-6.84,467080
金門,24.407306,118.289281,1.77,19.0,8.45,76.33,0.0,-0.84,467110
田中,23.873803,120.581286,-0.4,19.9,10.0,84.0,0.0,0.0,467270
澎湖,23.565503,119.563094,1.06,21.67,3.24,78.33,0.0,-1.51,467350
臺南,22.993239,120.204772,0.64,21.43,2.46,75.0,0.0,-1.2,467410
永康,23.038386,120.2367,0.67,21.13,5.06,77.67,0.0,-1.07,467420
嘉義,23.495925,120.432906,-0.3,19.47,8.98,84.67,0.0,-1.29,467480
臺中,24.145736,120.684075,0.51,20.6,6.33,77.0,0.0,-1.42,467490
阿里山,23.508208,120.813242,-0.33,8.5,-14.78,66.67,0.0,-2.74,467530
大武,22.355675,120.903789,0.37,22.87,-2.64,66.33,0.0,-2.49,467540
玉山,23.487614,120.959522,-0.05,2.4,-0.06,60.0,0.0,-3.64,467550
新竹,24.827853,121.014219,1.3,20.37,-1.49,72.67,0.0,-2.72,467571
恆春,22.003897,120.746339,0.62,23.7,-2.38,66.0,0.0,-1.52,467590
成功,23.097486,121.373428,0.59,21.7,-2.46,70.33,0.03,-4.21,467610
日月潭,23.881325,120.90805,0.04,16.77,-2.51,73.0,0.0,-1.71,467650
臺東,22.752211,121.154586,0.61,22.33,-3.86,66.33,0.0,-3.07,467660
馬祖,26.169269,119.923419,2.5,17.5,11.54,87.33,0.0,-2.01,467990
山佳,24.974944,121.402008,2.06,21.13,-4.88,72.33,0.0,-4.15,C0A520
坪林,24.938183,121.70975,1.99,18.17,-11.69,79.67,0.17,-6.71,C0A530
泰平,24.971197,121.823711,2.25,17.4,-3.15,91.0,2.33,-14.57,C0A550
桶後,24.848222,121.597992,1.63,17.23,-5.81,88.33,0.5,-9.35,C0A570
石碇,24.993969,121.662917,3.74,20.13,-12.74,76.0,0.0,-7.91,C0A640
大坪,25.165914,121.632969,3.22,19.1,-5.4,86.33,0.0,-30.04,C0A860
五指山,25.132153,121.608692,4.51,18.47,-4.77,88.33,0.0,-14.29,C0A870
雙溪,25.036003,121.864242,2.31,19.8,-3.32,87.0,1.0,-11.96,C0A890
金山,25.223628,121.643967,2.36,20.8,-5.17,75.67,0.0,-8.99,C0A940
鼻頭角,25.129036,121.923372,2.23,21.67,2.74,80.0,0.0,-3.3,C0A950
三貂角,25.007606,122.002058,2.71,21.73,-4.35,77.0,0.5,-4.73,C0A970
社子,25.109508,121.469681,2.31,21.8,0.88,75.67,0.0,-2.87,C0A980
天母,25.117494,121.537169,2.13,21.57,-4.62,67.33,0.0,-3.19,C0A9C0
內湖,25.079422,121.57545,2.57,21.93,6.9,82.67,0.0,-3.82,C0A9F0
大屯山,25.175675,121.522408,4.61,15.57,-2.46,93.0,0.0,-10.64,C0AC40
三峽,24.939025,121.369728,3.33,21.87,-5.78,73.0,0.0,-6.35,C0AC60
信義,25.037822,121.564597,4.03,22.63,-5.21,72.0,0.0,-5.69,C0AC70
文山,25.00235,121.575728,2.37,20.53,-8.01,74.0,0.0,-5.81,C0AC80
新莊,25.051478,121.446756,2.19,21.37,-4.51,67.67,0.0,-4.28,C0ACA0
八里,25.150211,121.403947,3.3,22.07,-1.18,73.67,0.0,-4.82,C0AD10
蘆洲,25.086594,121.472331,2.84,22.37,-2.28,68.67,0.0,-3.68,C0AD30
土城,24.973208,121.445169,2.44,20.83,-2.07,75.67,0.0,-6.12,C0AD40
鶯歌,24.951533,121.346294,3.49,21.87,-5.68,72.67,0.0,-5.1,C0AD50
汐止,25.066881,121.658778,2.07,20.3,-10.27,74.33,0.0,-13.15,C0AH00
永和,25.01125,121.508111,3.63,22.63,-6.86,70.33,0.0,-4.71,C0AH10
五分山,25.07125,121.780794,2.24,16.63,-4.25,91.67,0.17,-35.36,C0AH30
平等,25.129142,121.577086,2.45,19.0,-13.8,74.33,0.0,-13.81,C0AH40
林口,25.072181,121.38084,2.8,20.13,-10.05,77.0,0.0,-5.71,C0AH50
松山,25.04871,121.55042,2.27,21.6,-9.5,61.67,0.0,-5.88,C0AH70
深坑,25.002703,121.628328,2.33,20.27,-5.46,79.0,0.0,-8.52,C0AH80
福山植物園,24.760717,121.58135,0.59,14.6,-1.78,93.67,3.33,-17.44,C0AH90
五股,25.07445,121.42728,1.52,20.2,-15.72,74.33,0.0,-6.92,C0AI00
屈尺,24.92184,121.54475,2.13,20.37,-20.22,66.0,0.0,-13.47,C0AI10
白沙灣,25.283128,121.519058,1.72,20.73,3.84,78.67,0.0,-8.83,C0AI20
三重,25.057328,121.500629,4.09,21.93,-13.0,70.67,0.0,-7.17,C0AI30
石牌,25.115597,121.513139,4.17,22.47,1.33,70.67,0.0,-5.17,C0AI40
七堵,25.094819,121.71713,3.57,22.43,-10.72,75.33,0.0,-21.89,C0B010
基隆嶼,25.19141,121.78391,2.03,20.87,9.28,88.33,0.0,-7.31,C0B020
復興,24.820208,121.352281,2.97,18.9,-12.39,64.33,0.0,-4.41,C0C460
桃園,24.992425,121.323172,2.55,20.83,-4.18,68.33,0.0,-3.66,C0C480
八德,24.928708,121.283289,3.01,20.77,-12.68,67.0,0.0,-7.2,C0C490
觀音,25.027072,121.153317,2.45,20.2,-4.56,72.0,0.0,-5.47,C0C590
蘆竹,25.084275,121.265767,2.41,20.53,-0.97,77.33,0.0,-6.82,C0C620
大溪,24.882853,121.265547,2.72,19.77,-5.35,70.67,0.0,-4.3,C0C630
平鎮,24.897503,121.214636,3.15,19.97,-6.64,71.67,0.0,-4.17,C0C650
楊梅,24.912375,121.143047,2.58,20.4,-6.44,69.33,0.0,-4.46,C0C660
龍潭,24.870056,121.221389,2.56,19.47,-7.0,74.33,0.0,-5.51,C0C670
龜山,25.02846,121.38656,3.51,20.67,-5.96,76.33,0.0,-6.4,C0C680
中壢,24.977661,121.256375,2.58,20.7,-11.78,67.67,0.0,-6.53,C0C700
大溪永福,24.892936,121.324975,2.94,18.87,-11.92,79.33,0.0,-13.67,C0C710
梅花,24.678347,121.208558,0.39,16.63,-2.9,74.67,0.0,-3.63,C0D360
峨眉,24.6905,121.017189,-0.01,17.83,1.8,83.0,0.0,-4.38,C0D430
打鐵坑,24.849664,121.150789,1.71,18.33,-6.09,77.67,0.0,-4.31,C0D480
橫山,24.71116,121.11693,1.17,18.13,0.5,80.0,0.0,-3.48,C0D540
雪霸,24.526972,121.11605,0.6,10.83,-19.73,55.33,0.0,-3.92,C0D550
竹東,24.767147,121.057881,2.83,20.4,-5.38,66.67,0.0,-3.14,C0D560
寶山,24.735006,121.025192,0.73,18.13,2.33,80.67,0.0,-3.35,C0D580
新豐,24.87068,120.97721,2.18,19.6,5.1,83.0,0.0,-3.16,C0D590
湖口,24.904794,121.043628,2.1,20.17,-7.79,69.0,0.0,-2.73,C0D650
新竹市東區,24.798681,120.986942,1.36,20.0,-3.4,70.67,0.0,-2.94,C0D660
竹南,24.708978,120.888897,0.66,19.43,7.12,81.0,0.0,-2.08,C0E420
南庄,24.601775,121.000214,0.42,17.43,6.98,88.67,0.0,-3.13,C0E430
明德,24.583486,120.885411,1.43,19.5,2.48,81.33,0.0,-3.54,C0E550
通霄,24.471892,120.704622,0.64,19.13,5.35,84.67,0.0,-2.94,C0E590
馬都安,24.451272,120.930192,1.8,17.13,-9.15,71.0,0.0,-2.2,C0E610
頭份,24.688247,120.912206,1.93,20.53,4.27,75.33,0.0,-2.32,C0E730
造橋,24.637056,120.864778,0.1,18.63,3.47,82.0,0.0,-3.83,C0E740
苗栗,24.564569,120.824575,1.48,20.17,-1.65,72.33,0.0,-3.38,C0E750
銅鑼,24.489681,120.790853,0.98,18.83,11.32,91.0,0.0,-3.22,C0E780
西湖,24.562947,120.7485,0.76,18.77,5.4,85.67,0.0,-2.49,C0E810
獅潭,24.539133,120.920042,0.63,17.5,-1.69,82.33,0.17,-3.97,C0E820
苑裡,24.439714,120.653053,0.64,19.7,5.21,80.67,0.0,-1.59,C0E830
大河,24.618069,120.948578,-2.01,16.77,-0.81,79.67,0.17,-2.64,C0E850
高鐵苗栗,24.60725,120.826094,-0.22,19.23,13.38,86.67,0.0,-2.58,C0E870
石岡,24.276061,120.777644,0.51,19.1,3.43,84.0,0.0,-1.52,C0F0B0
中坑,24.248517,120.903319,-0.27,16.03,-8.67,74.0,0.0,-2.1,C0F0C0
審馬陣,24.381675,121.4203,-0.57,4.47,-17.08,60.67,0.0,-1.83,C0F0D0
東勢,24.246428,120.833047,1.72,19.43,-2.87,76.33,0.0,-2.27,C0F850
大坑,24.173142,120.722289,1.8,21.23,2.4,76.0,0.0,-2.16,C0F970
神岡,24.272481,120.658314,2.02,20.27,-8.5,71.33,0.0,-2.29,C0F9I0
大安,24.345061,120.588025,0.82,19.83,3.95,82.0,0.0,-1.82,C0F9K0
后里,24.310436,120.729725,1.42,19.57,-1.28,77.67,0.0,-2.03,C0F9L0
豐原,24.254322,120.720692,2.64,21.03,-3.32,73.0,0.0,-1.98,C0F9M0
大里,24.092464,120.701378,1.01,21.6,-5.0,65.33,0.0,-2.02,C0F9N0
潭子,24.213106,120.703933,1.52,20.87,1.12,75.67,0.0,-1.88,C0F9O0
清水,24.312297,120.562242,0.76,19.97,4.3,82.67,0.0,-1.53,C0F9P0
外埔,24.347817,120.705686,2.17,20.57,-0.55,78.33,0.0,-1.98,C0F9Q0
龍井,24.184536,120.528972,1.14,20.7,0.75,78.67,0.0,-1.94,C0F9R0
烏日,24.107058,120.624103,0.99,20.73,3.7,75.0,0.0,-1.9,C0F9S0
西屯,24.179494,120.641275,1.23,20.37,3.05,76.33,0.0,-1.88,C0F9T0
南屯,24.137006,120.637969,0.94,21.13,4.83,75.33,0.0,-1.77,C0F9U0
新社,24.200172,120.815806,2.11,19.07,-14.28,68.67,0.0,-2.31,C0F9V0
大雅(中科園區),24.21528,120.62445,0.49,19.9,0.58,79.33,0.0,-1.68,C0F9X0
桃山,24.432739,121.303808,-0.56,4.2,-16.73,60.67,0.0,-1.4,C0F9Y0
雪山東峰,24.388792,121.268675,-0.64,4.87,-18.17,58.33,0.0,-3.25,C0F9Z0
芬園,24.015678,120.6213,-0.27,18.6,7.95,87.67,0.0,-2.08,C0G620
員林,23.946503,120.585597,1.85,21.87,-1.14,74.67,0.0,-1.31,C0G650
溪湖,23.94835,120.479122,2.15,21.67,15.23,93.67,0.0,-1.94,C0G660
溪州,23.851589,120.499093,0.2,20.33,-0.11,76.67,0.0,-1.24,C0G720
二林,23.903325,120.376081,0.01,19.8,3.75,86.33,0.0,-0.71,C0G730
大城,23.852487,120.320935,0.21,20.27,-9.61,67.33,0.0,-1.39,C0G740
福興,24.041289,120.437669,1.28,21.17,1.48,77.67,0.0,-1.83,C0G770
秀水,24.03405,120.503869,1.17,21.0,4.67,81.33,0.0,-1.82,C0G780
埔鹽,24.000394,120.431683,2.16,21.37,4.6,84.33,0.0,-1.49,C0G800
埔心,23.947633,120.525456,1.19,21.0,22.63,100.0,0.0,-1.77,C0G810
田尾,23.901669,120.509389,0.9,20.43,4.83,87.0,0.0,-1.82,C0G820
埤頭,23.866003,120.452806,0.61,20.03,15.8,98.33,0.0,-1.42,C0G830
社頭,23.897647,120.5862,1.33,21.57,6.53,80.33,0.0,-1.91,C0G860
二水,23.810742,120.6173,2.85,22.63,0.47,78.67,0.0,-1.56,C0G880
伸港,24.148933,120.484403,0.95,20.5,3.1,79.33,0.0,-1.71,C0G890
線西,24.143358,120.443536,1.56,20.37,1.42,82.0,0.0,-2.04,C0G900
埔里,23.972169,120.952425,-1.66,18.1,0.03,79.67,0.0,-0.97,C0H890
草屯,23.973672,120.68085,0.69,20.4,-1.02,74.33,0.0,-1.95,C0H960
昆陽,24.121322,121.273642,-0.13,5.0,-18.4,61.0,0.0,-4.37,C0H990
神木村,23.532742,120.843667,0.34,13.33,-16.69,65.67,0.0,-2.85,C0H9A0
合歡山,24.143442,121.272547,-0.08,3.07,-7.68,71.67,0.0,-4.84,C0H9C0
廬山,24.033311,121.181808,0.88,14.73,-15.43,57.0,0.0,-2.89,C0I010
信義,23.689694,120.851036,-1.49,17.07,-7.83,74.0,0.0,-1.22,C0I080
竹山,23.761225,120.688156,0.19,19.63,-0.97,80.67,0.0,-1.5,C0I110
水里,23.812553,120.849792,-0.14,19.77,-10.17,69.67,0.0,-0.97,C0I360
魚池,23.895703,120.94135,-1.46,17.27,-8.63,74.67,0.0,-0.95,C0I370
集集,23.828206,120.801467,-0.1,19.93,-10.0,71.67,0.0,-1.17,C0I380
仁愛,24.022122,121.132206,-1.66,14.37,-10.2,69.0,0.0,-1.05,C0I390
名間,23.837053,120.701447,-0.47,19.43,-2.8,76.33,0.0,-1.22,C0I410
國姓,24.037803,120.855072,-1.4,18.6,-2.4,79.67,0.0,-1.23,C0I420
南投,23.911469,120.687331,-0.2,20.5,4.72,79.67,0.0,-1.0,C0I460
梅峰,24.085272,121.173572,-1.25,9.47,-13.9,66.0,0.0,-1.48,C0I480
萬大林道,23.928228,121.091411,-0.41,14.6,-19.13,56.0,0.0,-1.03,C0I490
小奇萊,24.131764,121.295717,-1.84,4.27,-13.92,66.0,0.0,-1.38,C0I530
崙背,23.75555,120.318925,-0.8,19.07,5.6,84.67,0.0,-1.47,C0K250
四湖,23.630414,120.227125,0.61,20.37,4.2,82.0,0.0,-1.39,C0K280
宜梧,23.536281,120.169329,0.59,20.27,3.61,82.67,0.0,-1.2,C0K291
虎尾,23.719183,120.442036,0.53,20.43,6.28,82.67,0.0,-1.33,C0K330
土庫,23.679029,120.395574,0.09,20.27,9.31,86.33,0.0,-1.12,C0K390
斗六,23.720583,120.541127,0.07,20.37,-3.25,76.0,0.0,-1.04,C0K400
北港,23.573957,120.292802,0.18,20.43,-0.19,78.67,0.0,-1.08,C0K410
西螺,23.800407,120.467394,0.23,20.3,0.78,80.67,0.0,-1.26,C0K420
褒忠,23.690938,120.303634,0.25,20.13,1.72,80.67,0.0,-1.22,C0K430
二崙,23.772797,120.408944,0.02,19.87,6.57,85.33,0.0,-0.97,C0K440
大埤,23.646074,120.431537,0.06,20.27,0.28,78.67,0.0,-0.79,C0K450
斗南,23.678734,120.478359,0.25,20.43,-0.72,77.0,0.0,-0.97,C0K460
林內,23.748675,120.609642,-0.27,19.7,-2.3,77.67,0.0,-1.32,C0K470
莿桐,23.761192,120.502372,0.21,20.13,-0.7,76.67,0.0,-1.2,C0K480
元長,23.64981,120.315024,0.2,20.3,4.39,81.67,0.0,-1.28,C0K500
水林,23.572924,120.24597,0.13,20.3,4.25,82.33,0.0,-1.26,C0K510
臺西,23.701547,120.197559,0.13,20.3,3.5,82.33,0.0,-1.14,C0K530
蔦松,23.514319,120.229736,-0.01,20.13,3.77,83.67,0.0,-1.37,C0K550
棋山,23.68645,120.603417,-0.3,19.73,-1.37,80.0,0.0,-1.42,C0K560
高鐵雲林,23.737456,120.417944,-0.36,19.57,6.92,85.33,0.0,-1.77,C0K580
東後寮,23.369908,120.248065,-0.27,19.87,4.03,83.0,0.0,-0.89,C0M520
奮起湖,23.493903,120.699253,-0.54,13.7,-4.1,79.67,0.0,-2.01,C0M530
中埔,23.42538,120.5229,0.48,20.57,-8.22,72.0,0.0,-1.11,C0M640
朴子,23.43463,120.23902,-0.71,19.57,6.19,83.67,0.0,-1.04,C0M650
溪口,23.604131,120.403569,-0.1,20.03,0.69,78.67,0.0,-0.9,C0M660
大林,23.600616,120.45841,-0.07,20.33,-2.33,75.67,0.0,-1.14,C0M670
太保,23.455062,120.331455,-0.39,20.13,0.81,79.0,0.0,-1.14,C0M680
水上,23.419734,120.388909,-0.09,20.27,5.56,83.0,0.0,-0.81,C0M690
竹崎,23.526178,120.555508,-0.73,19.4,-0.69,81.0,0.0,-0.97,C0M700
東石,23.458927,120.15385,0.18,20.47,3.81,82.33,0.0,-1.35,C0M710
番路,23.464657,120.554156,0.54,20.07,-7.58,74.0,0.0,-1.12,C0M720
嘉義市東區,23.457673,120.460531,-0.02,21.4,-0.44,73.0,0.0,-0.96,C0M730
六腳,23.492871,120.290625,-0.32,20.0,4.64,80.33,0.0,-1.12,C0M740
布袋,23.380878,120.167789,0.22,20.5,0.92,81.33,0.0,-1.08,C0M750
民雄,23.551754,120.428457,0.09,20.63,-2.47,75.33,0.0,-1.17,C0M760
嘉義梅山,23.585398,120.555587,0.15,20.13,-0.47,79.67,0.0,-1.12,C0M770
鹿草,23.41134,120.30835,0.25,20.7,3.56,80.0,0.0,-0.78,C0M780
新港,23.553269,120.345728,0.02,20.4,1.58,78.67,0.0,-1.06,C0M790
茶山,23.299075,120.664767,-1.64,18.43,-4.83,77.33,0.0,-1.13,C0M800
里佳,23.389125,120.716647,-1.17,14.53,-11.4,71.33,0.0,-1.62,C0M810
達邦,23.453994,120.749517,-1.84,15.67,-4.7,72.67,0.0,-1.52,C0M820
表湖,23.24186,120.64166,-1.03,17.23,-7.0,76.67,0.0,-1.67,C0M850
新美,23.338017,120.683169,-1.2,18.2,-8.33,73.67,0.0,-0.33,C0M860
北寮,23.079561,120.495008,-0.23,19.87,3.9,86.33,0.0,-0.69,C0O830
王爺宮,23.222064,120.40085,2.82,22.33,-8.2,72.33,0.0,-1.05,C0O840
大內,23.11885,120.36083,0.99,21.43,2.29,82.67,0.0,-0.71,C0O860
善化,23.112883,120.297219,-0.05,20.17,5.73,86.67,0.0,-1.29,C0O900
崎頂,22.959547,120.369317,1.05,20.63,2.94,84.0,0.0,-0.51,C0O960
虎頭埤,23.021375,120.347878,0.4,20.35,-0.67,80.0,0.0,-0.7,C0O970
新市,23.061614,120.298197,0.88,21.33,1.81,79.0,0.0,-0.7,C0O980
媽廟,22.99175,120.293525,-0.38,20.07,9.79,87.67,0.0,-0.56,C0O990
阿禮,22.742908,120.743678,0.21,17.57,-11.02,64.33,0.0,-0.6,C0R130
瑪家,22.682903,120.686639,-0.73,17.33,-2.92,84.67,0.0,-0.72,C0R140
三地門,22.709889,120.639944,-0.03,21.77,-22.73,52.33,0.0,-1.48,C0R150
鹽埔,22.739558,120.530778,0.1,21.4,-7.35,79.0,0.0,-0.26,C0R160
屏東,22.660269,120.494072,0.35,22.1,-8.05,70.33,0.0,-0.3,C0R170
赤山,22.592333,120.614306,-0.84,20.67,-2.0,80.67,0.0,-0.55,C0R190
潮州,22.534361,120.54,0.34,22.0,-3.68,74.0,0.0,-1.58,C0R220
來義,22.527306,120.625111,-1.55,19.6,0.42,83.67,0.0,-0.43,C0R240
春日,22.370361,120.628306,-1.13,20.63,-19.44,59.0,0.0,-0.43,C0R260
琉球嶼,22.332244,120.362236,-0.73,21.63,-6.29,74.0,0.0,-1.69,C0R270
車城,22.0744,120.716247,1.79,23.33,0.73,70.0,0.0,-1.09,C0R320
牡丹,22.130036,120.792639,1.58,20.4,3.18,88.0,0.0,-1.55,C0R341
貓鼻頭,21.921774,120.7358,0.82,23.5,-4.67,70.33,0.0,-1.28,C0R350
大漢山,22.405264,120.753181,1.79,11.4,-10.15,88.67,0.0,-4.18,C0R440
高樹,22.826389,120.600806,-0.04,21.7,-8.15,70.0,0.0,-0.33,C0R470
長治,22.693128,120.542622,0.29,22.03,-6.56,75.33,0.0,-0.33,C0R480
九如,22.7405,120.490503,-0.09,21.67,-8.23,73.0,0.0,-0.25,C0R490
崁頂,22.514781,120.506914,-0.54,21.33,-6.17,76.0,0.0,-0.39,C0R520
佳冬,22.419456,120.552375,-0.96,21.13,-3.08,77.0,0.0,-0.41,C0R540
新埤,22.467947,120.582894,-0.82,20.83,-9.17,72.33,0.0,-0.38,C0R550
新園,22.5434,120.461558,0.63,22.37,-10.12,68.67,0.0,-0.34,C0R560
麟洛,22.65078,120.52719,0.76,22.9,-1.98,75.33,0.0,-0.28,C0R570
南州,22.48591,120.50274,-0.56,21.13,-3.35,77.67,0.0,-0.33,C0R580
里港,22.77919,120.49459,-0.73,20.8,-1.46,77.67,0.0,-0.22,C0R590
舊泰武,22.588194,120.664944,0.06,18.37,-11.92,75.0,0.0,-0.77,C0R600
墾雷,21.900836,120.855269,0.19,23.53,1.27,80.33,0.0,-0.25,C0R620
東港,22.46247,120.44074,-0.18,22.1,-3.22,76.0,0.0,-0.42,C0R640
竹田,22.58486,120.54344,-0.22,21.57,-11.89,71.33,0.0,-0.5,C0R650
枋寮,22.367722,120.590647,0.85,21.47,-2.36,80.0,0.0,-0.82,C0R660
楓港,22.190131,120.692156,1.18,22.93,-1.42,63.67,0.0,-1.55,C0R670
佳樂水,21.993578,120.861633,1.89,23.77,-6.03,69.33,0.0,-0.86,C0R680
墾丁,21.966756,120.810269,2.26,21.43,-6.39,77.33,0.0,-1.05,C0R690
枋山,22.246844,120.661086,0.45,21.73,2.33,72.33,0.0,-2.68,C0R700
龍磐,21.931672,120.838942,0.67,22.77,-5.5,76.67,0.0,0.0,C0R710
旭海,22.205403,120.887614,1.85,21.4,8.42,90.33,0.0,-1.73,C0R720
大坪頂,22.024633,120.69355,0.25,21.67,9.5,82.33,0.0,-0.25,C0R730
獅子,22.201569,120.70525,0.38,23.07,0.67,66.0,0.0,-0.08,C0R740
四林格山,22.076989,120.802439,1.73,19.2,-11.67,84.33,0.0,-1.5,C0R750
南仁湖,22.084681,120.863353,0.75,20.27,-1.33,86.67,0.0,-0.5,C0R760
保力,22.071122,120.764111,0.18,21.93,2.5,77.33,0.0,-0.17,C0R770
滿州,22.024403,120.839892,0.83,23.03,-5.17,71.0,0.0,-0.17,C0R780
九棚,22.14195,120.889281,0.67,22.6,-7.5,71.33,0.0,-0.33,C0R790
丹路,22.204481,120.750989,0.58,22.2,0.5,71.0,0.0,-0.08,C0R800
內獅,22.305064,120.642986,-0.4,21.7,6.33,90.0,0.0,-1.17,C0R810
白鷺,22.454275,120.666219,0.07,18.8,-8.17,78.33,0.0,-0.08,C0R820
高士,22.121825,120.836781,1.07,19.97,-6.67,80.67,0.0,-1.58,C0R830
牡丹池山,22.168389,120.841225,0.9,18.4,-7.0,88.67,0.0,-0.5,C0R840
太麻里,22.60902,120.98533,1.48,19.5,-5.0,75.67,0.0,-2.58,C0S690
知本,22.684866,121.005642,0.48,18.17,-2.0,84.33,0.0,-5.7,C0S700
鹿野,22.917711,121.122994,1.09,18.97,-7.17,79.0,0.0,-3.99,C0S710
綠島,22.6672,121.47533,1.45,22.6,0.25,87.0,0.67,-3.09,C0S730
池上,23.119628,121.209469,0.11,18.47,-4.75,83.0,0.0,-4.04,C0S740
大溪山,22.478475,120.943325,0.63,19.43,-3.08,78.33,0.0,-3.77,C0S770
金崙,22.538122,120.966875,1.6,21.3,-7.5,73.67,0.0,-3.78,C0S790
東河,22.972672,121.303986,0.03,21.43,-1.5,76.33,0.0,-3.53,C0S810
長濱,23.286817,121.411975,2.29,21.53,-13.25,69.33,0.33,-4.58,C0S830
南田,22.279725,120.889208,0.23,22.6,15.75,93.33,0.0,-2.68,C0S840
關山,23.0395,121.175017,-0.16,19.47,-2.5,81.33,0.0,-1.18,C0S890
蘭嶼高中,22.04909,121.51214,1.22,24.37,-10.22,67.33,0.0,-16.08,C0S900
蘭嶼燈塔,22.081197,121.503117,1.67,22.97,-14.89,73.33,0.0,-11.86,C0S910
金峰嘉蘭,22.594789,120.960825,0.72,20.47,1.25,79.0,0.0,-2.92,C0S920
延平,22.902581,121.084058,1.39,19.7,-4.08,76.67,0.0,-2.5,C0S930
石寧山,23.223772,121.406639,1.11,19.7,-7.42,76.0,0.0,-3.17,C0S940
香蘭,22.587569,120.993375,2.01,22.77,1.36,71.0,0.0,-1.86,C0S960
加津林,22.416211,120.926942,1.73,22.97,-1.17,68.33,0.0,-1.92,C0S970
勝林山,22.430439,120.8938,1.77,15.37,-4.08,92.0,0.0,-4.21,C0S980
山豬窟,22.318619,120.857372,1.97,19.93,-7.08,74.67,0.0,-2.5,C0S990
歷坵,22.520969,120.89185,1.43,18.43,1.08,83.67,0.0,0.0,C0SA00
檳榔四格山,22.810031,121.109308,2.44,19.43,-6.5,80.33,0.0,-2.17,C0SA10
金崙山,22.567419,120.959667,1.87,15.97,-5.33,87.33,0.0,-3.29,C0SA20
都歷,23.020333,121.323642,3.03,22.43,12.42,88.67,0.0,-3.04,C0SA30
瑞和,22.974361,121.156697,0.68,19.0,8.17,89.33,0.0,-2.62,C0SA40
知本（水試所）,22.702394,121.082761,0.07,21.87,0.5,72.0,0.0,0.0,C0SA60
土坂,22.453108,120.887572,1.08,21.0,5.33,79.0,0.0,-2.25,C0SA80
達仁林場,22.264347,120.823972,1.27,19.23,-7.5,79.67,0.0,-0.42,C0SA90
大禹嶺,24.186117,121.316086,0.43,6.97,-11.86,68.0,0.0,-4.17,C0T790
天祥,24.179597,121.495639,0.07,15.93,-2.2,84.67,0.0,-8.88,C0T820
鯉魚潭,23.935639,121.508944,-0.63,17.6,-0.21,88.0,0.0,-5.81,C0T870
西林,23.8119,121.441458,1.5,19.9,-8.38,75.33,0.0,-4.25,C0T900
光復,23.660694,121.424964,-0.02,18.7,-5.46,85.0,0.5,-6.67,C0T960
月眉山,23.809928,121.539828,1.83,18.6,-12.25,80.33,0.17,-5.3,C0T9A0
水源,23.991861,121.537169,1.6,18.2,-7.25,80.67,1.0,-5.38,C0T9B0
和中,24.26676,121.74103,0.01,19.93,15.99,97.33,1.5,-5.39,C0T9D0
大坑,23.880628,121.581981,1.71,18.7,-8.71,80.33,0.0,-4.87,C0T9E0
水璉,23.797131,121.542514,1.48,20.23,-9.83,75.67,0.0,-5.14,C0T9F0
鳳林山,23.735269,121.420131,1.3,18.13,-11.88,80.33,0.0,-8.45,C0T9G0
加路蘭山,23.682947,121.5274,2.94,18.1,-5.5,89.33,0.0,-6.21,C0T9H0
靜浦,23.455167,121.495028,1.59,21.37,-12.92,74.67,0.0,-6.25,C0T9M0
雙連埤,24.753033,121.641303,1.31,16.13,-6.17,89.0,4.0,-7.24,C0U520
礁溪,24.817539,121.765608,1.59,20.27,-10.92,80.33,3.0,-3.53,C0U600
玉蘭,24.675286,121.587061,2.29,18.33,-12.97,77.33,3.0,-8.32,C0U650
太平山,24.505486,121.525656,2.53,10.4,-12.83,76.67,0.33,-9.71,C0U710
南山,24.43742,121.38167,1.26,13.53,-6.83,81.33,1.67,-6.83,C0U720
東澳,24.52196,121.83318,0.44,19.43,4.17,94.67,3.5,-14.84,C0U760
南澳,24.44935,121.81022,0.57,20.1,0.57,82.0,1.83,-3.04,C0U770
五結,24.68637,121.79794,1.29,19.83,-6.1,80.33,4.0,-13.91,C0U780
頭城,24.85323,121.8308,1.47,20.5,-1.67,85.0,3.17,-2.73,C0U860
大礁溪,24.791042,121.675047,2.43,18.33,-5.75,84.0,2.17,-12.4,C0U870
三星,24.66812,121.65302,1.72,19.53,0.62,90.0,2.0,-19.35,C0U890
內城,24.71813,121.68766,2.15,20.23,-9.46,80.33,4.0,-13.6,C0U900
冬山,24.63373,121.7937,1.59,20.03,5.71,94.33,2.67,-42.0,C0U910
羅東,24.68184,121.74934,2.19,20.1,-8.88,81.0,3.67,-21.86,C0U940
鶯子嶺,24.89754,121.79244,1.81,14.13,-2.75,93.33,4.0,-13.81,C0U950
翠峰湖,24.510856,121.608044,0.78,9.0,-26.11,68.67,1.83,-18.81,C0U960
大福,24.80064,121.81389,1.28,20.17,-8.58,80.33,3.5,-7.0,C0U970
坪林石牌,24.86478,121.77396,2.21,17.33,-6.46,89.67,3.0,-3.56,C0U980
員山,24.74435,121.72247,1.74,20.17,-5.67,82.67,2.5,-15.77,C0U990
土場,24.576533,121.495333,1.27,17.47,-11.61,81.67,0.33,-12.89,C0UA00
鴛鴦湖,24.590269,121.412228,0.7,10.03,-2.33,93.0,2.0,-30.42,C0UA10
白嶺,24.527819,121.519031,1.22,12.53,-3.72,89.33,1.5,-8.19,C0UA30
西德山,24.560647,121.752608,1.51,14.2,-0.39,92.33,4.0,-38.56,C0UA40
西帽山,24.555361,121.802628,1.73,15.9,-9.11,85.0,7.67,-58.78,C0UA50
樟樹山,24.41393,121.78325,1.52,17.57,5.61,94.33,1.33,-13.36,C0UA60
桃源谷,24.962606,121.888875,2.51,18.0,-2.06,91.33,2.0,-26.53,C0UA70
復興,23.222403,120.806089,-1.52,17.03,-1.94,74.33,0.0,-1.38,C0V210
美濃,22.898742,120.519153,0.57,21.6,-4.62,76.0,0.0,-1.13,C0V310
溪埔,22.738578,120.446797,-0.78,20.43,1.44,80.67,0.0,-0.2,C0V350
內門,22.975481,120.466769,0.31,20.23,-2.65,78.67,0.0,-0.5,C0V360
古亭坑,22.893178,120.401947,-0.6,19.5,0.11,83.67,0.0,-1.04,C0V370
阿公店,22.804194,120.355528,-0.29,20.27,-1.65,78.33,0.0,-0.36,C0V400
鳳山,22.646653,120.356122,-0.52,21.2,7.4,81.33,0.0,-0.21,C0V440
鳳森,22.545064,120.392592,-0.23,21.4,-2.33,73.33,0.0,-0.21,C0V450
新興,22.627422,120.298803,0.82,22.5,-2.19,69.67,0.0,-0.25,C0V490
阿蓮,22.883208,120.327508,1.21,21.9,-8.66,69.67,0.0,-0.44,C0V530
梓官,22.760558,120.267211,0.2,21.23,0.48,76.0,0.0,-0.29,C0V610
永安,22.82315,120.236856,-0.29,20.57,1.65,78.67,0.0,-0.41,C0V620
茄萣,22.906642,120.182608,0.54,21.27,7.22,80.0,0.0,-0.46,C0V630
湖內,22.887139,120.2445,-0.35,20.37,2.06,78.33,0.0,-0.32,C0V640
彌陀,22.783806,120.246361,0.31,21.47,1.83,78.0,0.0,-0.31,C0V650
岡山,22.797078,120.294958,0.68,22.07,0.48,74.0,0.0,-0.38,C0V660
仁武,22.701083,120.347722,0.05,21.7,4.1,80.0,0.0,-0.31,C0V680
鼓山,22.623325,120.275575,-0.0,21.67,-0.72,74.67,0.0,-0.26,C0V690
三民,22.645017,120.311233,0.22,22.5,0.33,70.33,0.0,-0.21,C0V700
苓雅,22.622742,120.330669,0.78,22.9,5.23,74.33,0.0,-0.2,C0V710
林園,22.507747,120.394511,0.52,23.43,-0.42,70.0,0.0,-0.22,C0V720
大寮,22.605614,120.395717,-0.24,21.93,0.23,72.67,0.0,-0.23,C0V730
旗山,22.888614,120.483597,0.38,21.4,-1.44,75.67,0.0,-0.46,C0V740
路竹,22.854997,120.259439,0.92,22.1,2.43,75.67,0.0,-0.45,C0V750
橋頭,22.757806,120.30575,0.23,21.87,-0.04,75.0,0.0,-0.35,C0V760
大社,22.730306,120.346639,-0.13,21.2,5.67,80.0,0.0,-0.34,C0V770
萬山,22.905944,120.688056,-0.44,19.63,-7.23,70.33,0.0,-0.68,C0V790
六龜,22.997889,120.633583,-0.44,20.53,-0.17,78.33,0.0,-0.64,C0V800
左營,22.67491,120.28491,-0.35,21.37,-3.31,74.33,0.0,-0.31,C0V810
小林,23.148408,120.63325,0.19,18.93,-6.92,77.0,0.0,-2.04,C0V820
東莒,25.9652,119.98069,2.7,18.27,5.17,81.0,0.0,-0.79,C0W110
金沙,24.488292,118.408778,1.27,19.07,4.13,70.33,0.0,-0.47,C0W140
金寧,24.457703,118.328989,1.24,19.63,3.8,70.67,0.0,-0.45,C0W150
東河,23.296598,120.385608,-0.41,20.17,-5.33,75.33,0.0,-0.83,C0X050
下營,23.22695,120.256261,-0.3,20.07,-1.19,78.67,0.0,-0.81,C0X060
佳里,23.173039,120.145086,0.18,20.37,5.61,84.0,0.0,-1.32,C0X080
臺南市北區,23.010394,120.194228,0.85,21.6,7.79,80.67,0.0,-0.56,C0X100
臺南市南區,22.961189,120.188378,0.3,21.57,3.27,75.67,0.0,-0.5,C0X110
麻豆,23.183289,120.248611,1.2,21.5,5.17,84.0,0.0,-0.58,C0X120
官田,23.193217,120.315422,0.46,21.03,2.77,80.0,0.0,-0.79,C0X130
西港,23.125608,120.203108,0.41,20.67,4.9,83.33,0.0,-0.81,C0X140
安定,23.102614,120.227839,0.73,20.73,3.5,85.0,0.0,-0.55,C0X150
仁德,22.968258,120.257689,0.2,21.2,1.98,77.0,0.0,-0.53,C0X160
關廟,22.963017,120.327797,-0.76,19.97,3.95,79.67,0.0,-0.53,C0X170
山上,23.0757,120.363253,0.7,20.77,-1.75,79.0,0.0,-0.72,C0X180
安平,22.993161,120.152181,0.56,21.17,2.1,79.33,0.0,-0.56,C0X190
左鎮,23.056758,120.408522,0.9,20.37,-3.02,80.0,0.0,-0.74,C0X200
白河,23.347466,120.414427,-0.25,20.37,-2.31,76.33,0.0,-0.82,C0X210
學甲,23.230367,120.182187,0.36,20.6,2.89,81.33,0.0,-0.78,C0X220
鹽水,23.272621,120.247641,-0.11,20.0,0.94,82.0,0.0,-0.65,C0X230
關子嶺,23.331169,120.508025,-0.87,17.93,-2.17,85.0,0.0,-1.01,C0X240
新營,23.310689,120.316681,0.16,20.7,2.11,80.0,0.0,-0.69,C0X250
後壁,23.366358,120.362326,0.03,20.37,-2.03,77.33,0.0,-0.78,C0X260
將軍,23.214999,120.13577,-0.14,20.2,3.83,82.33,0.0,-0.53,C0X280
北門,23.267772,120.125481,0.28,20.63,6.73,85.67,0.0,-1.08,C0X290
鹿寮,23.386047,120.477331,-0.35,19.83,1.3,84.33,0.0,-1.23,C0X300
柳營,23.253328,120.375253,-0.62,20.1,6.0,78.0,0.0,0.0,C0X320
明里,23.208717,121.262342,0.37,18.6,-1.48,84.0,0.0,-2.78,C0Z020
佳心,23.34567,121.21316,0.7,15.57,6.84,94.67,0.0,-5.76,C0Z050
玉里,23.3215,121.339656,0.77,18.97,-1.64,84.67,0.0,-4.81,C0Z061
舞鶴,23.46811,121.37407,1.18,19.0,3.81,95.33,0.0,-6.3,C0Z070
富源,23.587642,121.378225,1.45,18.83,-10.8,82.33,1.17,-3.11,C0Z080
東華,23.89525,121.549833,-0.15,19.53,1.33,86.33,0.0,-1.4,C0Z100
吉安光華,23.930925,121.595153,-0.01,20.2,-16.0,71.33,0.0,-1.75,C0Z150
鳳林,23.746114,121.453411,-0.18,19.1,-7.62,78.33,0.67,-1.9,C0Z160
卓溪,23.3443,121.3029,-0.1,19.2,-2.21,79.33,0.0,-3.0,C0Z170
富世,24.14743,121.6297,1.0,21.43,-12.67,69.0,0.0,-2.04,C0Z190
萬榮,23.709219,121.420106,-0.05,18.9,-6.29,80.0,0.0,-3.02,C0Z200
瑞穗,23.5239,121.39021,0.05,18.83,-1.08,86.33,0.33,-2.83,C0Z210
和平林道,24.343922,121.656317,0.23,16.57,-7.28,81.0,1.17,-4.0,C0Z220
和平,24.30717,121.77007,0.12,20.4,-1.79,70.33,0.83,-4.69,C0Z230
瑞穗林道,23.49284,121.30688,2.22,15.6,-3.71,91.67,3.0,-4.1,C0Z250
蕃薯寮,23.73835,121.540108,1.31,19.2,-16.58,74.33,0.0,-3.96,C0Z270
德武,23.47426,121.41071,0.08,18.8,-6.75,83.67,0.0,-3.19,C0Z280
赤柯山,23.36893,121.38293,0.93,15.27,-2.46,92.33,0.0,-7.73,C0Z290
東里,23.26853,121.30547,0.06,19.07,-8.62,81.67,0.0,-2.62,C0Z300
清水斷崖,24.218294,121.689142,0.73,21.13,-3.11,74.33,0.33,-3.19,C0Z310
清水林道,23.27125,121.188272,0.39,16.17,-8.83,80.67,2.33,-2.47,C0Z320
安通山,23.290728,121.348528,0.78,18.03,-7.83,81.67,0.0,-3.56,C0Z330
口湖工作站,23.589978,120.180394,0.97,20.13,5.98,77.33,0.0,-1.96,12J990
東港工作站,22.479997,120.466058,0.06,21.83,-3.79,64.67,0.0,-0.58,12Q970
恆春工作站,22.079678,120.714425,0.43,23.53,-0.33,62.33,0.0,-0.39,12Q980
萬大發電廠,23.978875,121.139639,-1.78,14.6,-7.52,72.67,0.0,-0.03,42HA10
桃改樹林分場,24.944503,121.386972,2.83,20.33,-16.83,71.0,0.0,-8.33,72AI40
桃園農改場,24.950944,121.030583,1.07,19.35,0.49,79.0,0.0,-2.02,72C440
桃改五峰分場,24.612194,121.157167,2.37,15.83,-18.74,66.33,0.0,-3.46,72D080
桃改新埔分場,24.834444,121.066111,0.85,18.93,-1.67,77.33,0.0,-0.42,72D680
臺中農改場,24.003028,120.534389,0.14,19.67,8.34,85.0,0.0,-1.38,72G600
中改埔里分場,23.903208,120.963364,-1.18,16.17,-4.6,81.33,0.0,-1.77,72HA00
南改斗南分場,23.634556,120.477333,-0.13,19.33,3.24,81.67,0.0,-1.36,72K220
南改義竹分場,23.360694,120.279361,-0.05,19.5,2.9,82.0,0.0,-1.15,72M360
南改鹿草分場,23.416869,120.283061,0.29,19.67,7.83,83.33,0.0,-2.54,72M700
臺南農改場,23.0605,120.342194,-0.88,19.43,5.99,84.33,0.0,-0.5,72N100
七股研究中心,23.081672,120.062894,1.95,21.17,3.83,81.33,0.0,-1.29,72N240
高雄農改場,22.709333,120.525889,-0.64,21.1,2.36,79.33,0.0,-1.11,72Q010
東改班鳩分場,22.829528,121.077694,-0.34,19.03,1.31,79.33,0.0,-4.5,72S200
東改賓朗果園,22.813889,121.071278,-0.27,18.87,-0.39,82.0,0.0,-5.19,72S590
花蓮農改場,23.975222,121.563889,0.4,20.0,-0.97,78.67,0.33,-4.07,72T250
花改蘭陽分場,24.686306,121.716583,1.72,20.13,-4.44,77.33,4.5,-6.92,72U480
高改旗南分場,22.857861,120.516667,-1.41,20.0,5.75,79.33,0.0,-0.93,72V140
茶改北部分場,24.955778,121.631222,2.49,18.53,-6.24,78.67,0.17,-7.45,82A750
茶改場,24.908472,121.185333,2.2,19.6,-7.93,73.0,0.0,-4.26,82C160
茶改中部分場,23.875611,120.913583,-0.68,16.8,-4.41,77.0,0.0,-1.71,82H320
茶改南部分場,23.762528,120.7405,-0.49,17.87,-3.87,80.67,0.0,-1.86,82H840
茶改東部分場,22.907694,121.130139,-0.39,19.4,-0.1,79.0,0.0,-4.1,82S580
農工中心,24.985917,121.239833,2.85,20.83,-6.02,68.0,0.0,-3.57,A2C560
水試臺西試驗場,23.717231,120.190522,-0.23,20.7,4.85,85.0,0.0,-1.45,A2K360
臺大雲林校區,23.730628,120.423903,-0.62,19.07,11.67,85.33,0.0,0.0,A2K630
臺南蘭花園區,23.340258,120.379661,-0.58,19.73,9.83,83.0,0.0,0.0,A2N290
畜試北區分所,24.527806,120.770972,-0.59,18.1,6.83,85.0,0.0,-3.44,B2E890
畜產試驗所,23.058972,120.336406,-0.4,19.4,5.79,84.67,0.0,-1.11,B2N890
畜試南區分所,21.945583,120.802167,0.39,23.4,-4.82,66.67,0.0,-1.65,B2Q810
畜試東區分所,24.669039,121.832561,2.18,19.73,-5.0,87.33,4.33,-79.75,B2U990
蓮華池,23.918333,120.885278,-0.89,16.07,-2.58,82.67,0.0,-1.68,E2H360
林試畢祿溪站,24.226944,121.308522,-1.7,6.93,-6.83,77.67,0.0,-0.08,E2HA20
四湖植物園,23.676986,120.163433,0.03,20.17,8.59,93.0,0.0,-1.94,E2K600
林試六龜中心,22.991703,120.645722,-1.72,19.13,-2.83,79.33,0.0,-0.17,E2P980
林試太麻里2,22.598,120.99775,-0.48,21.73,2.33,69.67,0.0,0.0,E2S960
林試太麻里1,22.598922,120.980044,0.05,21.17,1.0,71.0,0.0,0.0,E2S980
農試所(霧峰),24.031261,120.688133,0.24,19.9,5.04,83.0,0.0,-1.11,G2F820
農試嘉義分所,23.485028,120.473806,0.9,19.47,2.88,81.67,0.0,-1.5,G2L020
農試溪口農場,23.58565,120.408111,0.31,19.97,-0.19,79.67,0.0,-1.5,G2M350
農試鳳山分所,22.646611,120.356083,-0.39,21.27,2.48,74.33,0.0,-1.57,G2P820
苗栗農改場,24.495722,120.829111,0.45,18.37,3.59,83.33,0.0,-1.45,K2E360
苗改生物防治研究中心,24.422861,120.871833,-0.01,16.77,-0.4,82.0,0.0,-4.4,K2E710
種苗改良場,24.225972,120.800917,0.22,17.23,5.0,82.0,0.0,-1.81,K2F750
溪頭,23.670306,120.798194,-1.04,13.13,-1.35,84.33,0.0,-1.69,U2H480
臺大和社,23.590856,120.888864,-0.9,15.9,-4.36,76.0,0.0,-2.18,U2HA30
臺大內茅埔,23.689722,120.851117,-0.77,17.03,-7.62,74.67,0.0,-2.39,U2HA40
臺大竹山,23.756972,120.681556,-0.4,19.63,-2.24,76.0,0.0,-1.44,U2HA50
臺大竹山,23.756972,120.681556,-0.4,19.63,-2.24,76.0,0.0,-1.44,U2HA50
臺大內茅埔,23.689722,120.851117,-0.77,17.03,-7.62,74.67,0.0,-2.39,U2HA40
臺大和社,23.590856,120.888864,-0.9,15.9,-4.36,76.0,0.0,-2.18,U2HA30
臺大溪頭,23.670306,120.798194,-1.04,13.13,-1.35,84.33,0.0,-1.69,U2H480
種苗繁殖,24.225972,120.800917,0.22,17.23,5.0,82.0,0.0,-1.81,K2F750
苗改生物防治研究中心,24.422861,120.871833,-0.01,16.77,-0.4,82.0,0.0,-4.4,K2E710
苗栗農改,24.495722,120.829111,0.45,18.37,3.59,83.33,0.0,-1.45,K2E360
農試鳳山分所,22.646611,120.356083,-0.39,21.27,2.48,74.33,0.0,-1.57,G2P820
農試溪口農場,23.58565,120.408111,0.31,19.97,-0.19,79.67,0.0,-1.5,G2M350
農試嘉義分所,23.485028,120.473806,0.9,19.47,2.88,81.67,0.0,-1.5,G2L020
農業試驗所,24.031261,120.688133,0.24,19.9,5.04,83.0,0.0,-1.11,G2F820
林試太麻里1,22.598922,120.980044,0.05,21.17,1.0,71.0,0.0,0.0,E2S980
林試太麻里2,22.598014,120.989761,-0.48,21.73,2.33,69.67,0.0,0.0,E2S960
林試六龜中心,22.991703,120.645722,-1.72,19.13,-2.83,79.33,0.0,-0.17,E2P980
四湖植物園,23.676986,120.163433,0.03,20.17,8.59,93.0,0.0,-1.94,E2K600
林試畢祿溪站,24.226944,121.308522,-1.7,6.93,-6.83,77.67,0.0,-0.08,E2HA20
蓮華池,23.918333,120.885278,-0.89,16.07,-2.58,82.67,0.0,-1.68,E2H360
畜試東區分所,24.669039,121.832561,2.18,19.73,-5.0,87.33,4.33,-79.75,B2U990
畜試南區分所,21.945583,120.802167,0.39,23.4,-4.82,66.67,0.0,-1.65,B2Q810
畜試所,23.058972,120.336406,-0.4,19.4,5.79,84.67,0.0,-1.11,B2N890
畜試北區分所,24.527806,120.770972,-0.59,18.1,6.83,85.0,0.0,-3.44,B2E890
臺南蘭花園區,23.340258,120.379661,-0.58,19.73,9.83,83.0,0.0,0.0,A2N290
臺大雲林校區,23.730628,120.423903,-0.62,19.07,11.67,85.33,0.0,0.0,A2K630
水試臺西試驗場,23.717231,120.190522,-0.23,20.7,4.85,85.0,0.0,-1.45,A2K360
農工中心,24.985917,121.239833,2.85,20.83,-6.02,68.0,0.0,-3.57,A2C560
茶改東部分場,22.907694,121.130139,-0.39,19.4,-0.1,79.0,0.0,-4.1,82S580
茶改南部分場,23.762528,120.7405,-0.49,17.87,-3.87,80.67,0.0,-1.86,82H840
茶改中部分場,23.875611,120.913583,-0.68,16.8,-4.41,77.0,0.0,-1.71,82H320
茶改場,24.908472,121.185333,2.2,19.6,-7.93,73.0,0.0,-4.26,82C160
茶改北部分場,24.955778,121.631222,2.49,18.53,-6.24,78.67,0.17,-7.45,82A750
高改旗南分場,22.857861,120.516667,-1.41,20.0,5.75,79.33,0.0,-0.93,72V140
花改蘭陽分場,24.686306,121.716583,1.72,20.13,-4.44,77.33,4.5,-6.92,72U480
花蓮農改,23.975222,121.563889,0.4,20.0,-0.97,78.67,0.33,-4.07,72T250
東改賓朗果園,22.813889,121.071278,-0.27,18.87,-0.39,82.0,0.0,-5.19,72S590
東改班鳩分場,22.829528,121.077694,-0.34,19.03,1.31,79.33,0.0,-4.5,72S200
高雄農改,22.709333,120.525889,-0.64,21.1,2.36,79.33,0.0,-1.11,72Q010
七股研究中心,23.081672,120.062894,1.95,21.17,3.83,81.33,0.0,-1.29,72N240
臺南農改,23.0605,120.342194,-0.88,19.43,5.99,84.33,0.0,-0.5,72N100
南改鹿草分場,23.416869,120.283061,0.29,19.67,7.83,83.33,0.0,-2.54,72M700
南改義竹分場,23.360694,120.279361,-0.05,19.5,2.9,82.0,0.0,-1.15,72M360
南改斗南分場,23.634556,120.477333,-0.13,19.33,3.24,81.67,0.0,-1.36,72K220
中改埔里分場,23.903208,120.963364,-1.18,16.17,-4.6,81.33,0.0,-1.77,72HA00
臺中農改,24.003028,120.534389,0.14,19.67,8.34,85.0,0.0,-1.38,72G600
桃改新埔分場,24.834444,121.066111,0.85,18.93,-1.67,77.33,0.0,-0.42,72D680
桃改五峰分場,24.612194,121.157167,2.37,15.83,-18.74,66.33,0.0,-3.46,72D080
桃園農改,24.950944,121.030583,1.07,19.35,0.49,79.0,0.0,-2.02,72C440
桃改樹林分場,24.944503,121.386972,2.83,20.33,-16.83,71.0,0.0,-8.33,72AI40
萬大發電廠,23.978875,121.139639,-1.78,14.6,-7.52,72.67,0.0,-0.03,42HA10
恆春工作站,22.079678,120.714425,0.43,23.53,-0.33,62.33,0.0,-0.39,12Q980
東港工作站,22.479997,120.466058,0.06,21.83,-3.79,64.67,0.0,-0.58,12Q970
口湖工作站,23.589978,120.180394,0.97,20.13,5.98,77.33,0.0,-1.96,12J990
