站名,緯度,經度,平均溫距平,本年度平均溫,平均溼度距平,本年度日均相對溼度,本年度日均降水量,日均降水量距平,站號
淡水,25.164889,121.448906,-0.04,17.76,-3.23,75.61,1.25,-2.9,466900
鞍部,25.182586,121.529731,-0.98,11.28,4.45,96.67,7.26,-8.58,466910
臺北,25.037658,121.514853,-0.08,18.68,-2.17,73.41,0.04,-3.76,466920
竹子湖,25.162078,121.544547,-0.42,13.54,3.63,91.24,5.29,-8.11,466930
基隆,25.133314,121.740475,-0.29,18.12,0.28,77.41,5.38,-8.77,466940
花蓮,23.975128,121.613275,-0.09,19.9,-0.3,73.5,0.1,-3.39,466990
新屋,25.006744,121.047486,-0.03,17.9,-1.91,74.56,0.6,-2.57,467050
宜蘭,24.763975,121.756528,-0.26,18.05,2.02,82.53,1.76,-9.12,467080
金門,24.407306,118.289281,0.62,16.89,0.85,69.12,0.0,-1.34,467110
田中,23.873803,120.581286,-1.07,18.81,-0.32,80.88,0.01,-0.93,467270
澎湖,23.565503,119.563094,0.28,19.9,-1.35,74.94,0.02,-1.13,467350
臺南,22.993239,120.204772,-0.04,19.94,-0.82,72.06,0.01,-0.62,467410
永康,23.038386,120.2367,0.1,19.76,0.69,73.72,0.0,-0.7,467420
嘉義,23.495925,120.432906,-0.32,18.69,2.94,79.06,0.0,-0.97,467480
臺中,24.145736,120.684075,-0.07,19.17,-0.38,71.83,0.0,-1.35,467490
阿里山,23.508208,120.813242,-0.75,7.71,-2.68,78.29,0.01,-2.54,467530
大武,22.355675,120.903789,0.03,22.04,0.35,69.22,0.02,-1.62,467540
玉山,23.487614,120.959522,-0.27,1.58,-3.06,59.11,0.08,-3.05,467550
新竹,24.827853,121.014219,-0.03,18.17,-2.28,73.61,0.06,-2.43,467571
恆春,22.003897,120.746339,0.1,22.71,-0.79,67.72,0.01,-1.32,467590
成功,23.097486,121.373428,0.17,20.71,-0.24,73.06,0.39,-2.58,467610
日月潭,23.881325,120.90805,-0.03,15.98,2.95,80.18,0.0,-1.53,467650
臺東,22.752211,121.154586,0.29,21.41,-0.22,70.53,0.02,-1.77,467660
馬祖,26.169269,119.923419,0.35,14.14,1.62,78.47,0.02,-1.79,467990
山佳,24.974944,121.402008,-0.04,18.23,-2.3,78.59,0.71,-2.71,C0A520
坪林,24.938183,121.70975,-0.24,15.32,-4.39,88.0,1.85,-4.62,C0A530
泰平,24.971197,121.823711,-0.09,14.48,2.44,97.82,13.32,-8.07,C0A550
桶後,24.848222,121.597992,-0.25,14.82,0.47,95.53,6.0,-3.15,C0A570
石碇,24.993969,121.662917,0.54,16.37,-3.5,86.88,2.32,-5.46,C0A640
大坪,25.165914,121.632969,0.42,15.61,1.79,94.76,29.65,-4.12,C0A860
五指山,25.132153,121.608692,1.01,14.24,2.03,96.47,9.56,-4.9,C0A870
雙溪,25.036003,121.864242,1.15,17.99,-2.46,89.53,7.76,-7.82,C0A890
金山,25.223628,121.643967,0.64,18.32,-4.44,78.18,2.79,-7.58,C0A940
鼻頭角,25.129036,121.923372,-0.02,18.65,2.21,82.41,1.94,-3.01,C0A950
三貂角,25.007606,122.002058,0.02,18.22,-0.02,83.59,4.82,-3.57,C0A970
社子,25.109508,121.469681,0.61,19.33,1.08,77.53,0.0,-2.49,C0A980
天母,25.117494,121.537169,0.13,18.85,-5.17,68.12,0.0,-2.36,C0A9C0
內湖,25.079422,121.57545,-0.0,18.59,10.56,89.12,0.0,-3.28,C0A9F0
大屯山,25.175675,121.522408,0.85,11.55,2.82,98.76,3.68,-6.43,C0AC40
三峽,24.939025,121.369728,1.23,19.11,-2.41,78.41,1.09,-3.81,C0AC60
信義,25.037822,121.564597,1.26,19.14,-1.22,78.82,0.03,-4.72,C0AC70
文山,25.00235,121.575728,0.15,17.68,-5.0,79.0,0.21,-4.82,C0AC80
新莊,25.051478,121.446756,0.02,18.48,-3.35,71.18,0.03,-3.26,C0ACA0
八里,25.150211,121.403947,0.29,18.38,4.59,81.47,0.5,-3.23,C0AD10
蘆洲,25.086594,121.472331,0.47,19.27,-1.79,71.65,0.0,-2.79,C0AD30
土城,24.973208,121.445169,0.43,18.14,0.19,80.24,1.18,-3.49,C0AD40
鶯歌,24.951533,121.346294,1.29,18.89,-1.1,79.59,0.29,-3.51,C0AD50
汐止,25.066881,121.658778,-0.13,17.54,-5.91,80.53,2.76,-9.11,C0AH00
永和,25.01125,121.508111,0.82,19.19,-1.0,75.88,0.0,-2.81,C0AH10
五分山,25.07125,121.780794,-0.45,13.13,-0.17,95.88,14.12,-16.2,C0AH30
平等,25.129142,121.577086,-0.62,15.22,-5.09,82.71,1.12,-7.5,C0AH40
林口,25.072181,121.38084,0.11,16.54,-3.51,83.18,0.15,-3.19,C0AH50
松山,25.04871,121.55042,-0.13,18.44,-6.81,65.76,0.0,-3.79,C0AH70
深坑,25.002703,121.628328,0.63,17.75,-3.06,83.41,0.94,-5.06,C0AH80
福山植物園,24.760717,121.58135,-0.69,13.17,2.28,97.53,4.71,-9.79,C0AH90
五股,25.07445,121.42728,-1.33,16.82,-12.59,78.29,0.03,-3.46,C0AI00
屈尺,24.92184,121.54475,-0.26,17.55,-12.56,74.18,1.56,-6.11,C0AI10
白沙灣,25.283128,121.519058,-0.27,17.99,2.22,80.35,0.71,-8.23,C0AI20
三重,25.057328,121.500629,0.16,18.85,-10.11,74.59,0.0,-3.4,C0AI30
石牌,25.115597,121.513139,0.51,19.65,1.95,73.0,0.0,-2.61,C0AI40
七堵,25.094819,121.71713,0.77,18.87,-7.32,81.53,7.5,-13.93,C0B010
基隆嶼,25.19141,121.78391,-0.32,17.71,7.06,90.53,1.26,-8.22,C0B020
復興,24.820208,121.352281,0.29,15.84,-0.72,77.53,0.35,-3.05,C0C460
桃園,24.992425,121.323172,0.45,18.06,-1.66,73.47,0.12,-3.16,C0C480
八德,24.928708,121.283289,0.21,17.42,-5.93,75.41,0.53,-4.51,C0C490
觀音,25.027072,121.153317,0.11,17.29,-1.64,76.88,0.82,-3.09,C0C590
蘆竹,25.084275,121.265767,0.01,17.59,1.56,81.18,1.0,-3.78,C0C620
大溪,24.882853,121.265547,0.17,16.7,1.32,79.29,0.71,-2.39,C0C630
平鎮,24.897503,121.214636,0.59,16.92,-1.55,79.0,0.32,-2.96,C0C650
楊梅,24.912375,121.143047,0.04,17.21,-1.95,75.53,0.74,-2.95,C0C660
龍潭,24.870056,121.221389,0.06,16.29,2.54,83.53,0.91,-2.15,C0C670
龜山,25.02846,121.38656,0.95,17.36,-3.56,80.18,0.21,-3.82,C0C680
中壢,24.977661,121.256375,-0.18,17.41,-5.89,74.76,0.06,-3.14,C0C700
大溪永福,24.892936,121.324975,0.53,17.24,-8.42,82.18,1.26,-4.6,C0C710
梅花,24.678347,121.208558,-0.56,14.8,2.48,83.29,0.0,-2.91,C0D360
峨眉,24.6905,121.017189,-0.12,17.02,-3.27,79.88,0.06,-3.04,C0D430
打鐵坑,24.849664,121.150789,0.14,16.17,-4.9,80.71,0.53,-2.73,C0D480
橫山,24.71116,121.11693,-0.48,15.98,4.1,85.71,0.12,-2.28,C0D540
雪霸,24.526972,121.11605,-0.24,9.62,-5.72,71.06,0.0,-3.52,C0D550
竹東,24.767147,121.057881,1.06,17.98,-0.88,73.0,0.0,-2.31,C0D560
寶山,24.735006,121.025192,0.43,17.15,-2.03,78.47,0.03,-2.46,C0D580
新豐,24.87068,120.97721,0.39,17.26,3.45,83.29,0.12,-2.26,C0D590
湖口,24.904794,121.043628,-0.31,17.14,-4.77,73.76,0.12,-2.13,C0D650
新竹市東區,24.798681,120.986942,-0.2,17.65,-0.72,73.41,0.0,-1.59,C0D660
竹南,24.708978,120.888897,0.19,18.14,0.48,76.65,0.0,-2.0,C0E420
南庄,24.601775,121.000214,-0.48,15.76,6.42,89.59,0.32,-2.35,C0E430
明德,24.583486,120.885411,0.44,17.86,-3.08,77.53,0.0,-2.32,C0E550
通霄,24.471892,120.704622,-0.0,17.77,-1.98,79.35,0.0,-1.8,C0E590
馬都安,24.451272,120.930192,-0.13,14.36,0.99,82.76,0.0,-2.12,C0E610
頭份,24.688247,120.912206,0.98,18.95,-0.2,73.0,0.0,-1.69,C0E730
造橋,24.637056,120.864778,-0.02,17.81,-3.92,76.47,0.0,-2.38,C0E740
苗栗,24.564569,120.824575,0.07,18.06,-3.24,72.65,0.0,-2.04,C0E750
銅鑼,24.489681,120.790853,-0.22,16.98,9.61,91.29,0.0,-2.09,C0E780
西湖,24.562947,120.7485,0.24,17.56,-1.97,80.12,0.0,-1.62,C0E810
獅潭,24.539133,120.920042,-0.45,15.87,-2.47,82.53,0.12,-2.62,C0E820
苑裡,24.439714,120.653053,-0.32,18.05,-0.76,76.18,0.0,-1.3,C0E830
大河,24.618069,120.948578,-2.51,15.18,-2.54,78.65,0.18,-1.45,C0E850
高鐵苗栗,24.60725,120.826094,-0.44,17.91,6.04,81.88,0.0,-1.17,C0E870
石岡,24.276061,120.777644,-0.05,17.62,2.65,84.12,0.0,-0.9,C0F0B0
中坑,24.248517,120.903319,-1.03,14.58,-3.46,82.18,0.0,-1.44,C0F0C0
審馬陣,24.381675,121.4203,-1.2,3.5,-5.2,68.65,0.0,-2.38,C0F0D0
東勢,24.246428,120.833047,0.71,17.76,-1.27,79.29,0.0,-1.86,C0F850
大坑,24.173142,120.722289,1.01,19.81,-0.27,74.29,0.0,-1.54,C0F970
神岡,24.272481,120.658314,1.73,19.31,-10.25,71.56,0.0,-1.58,C0F9I0
大安,24.345061,120.588025,-0.28,18.06,-1.74,78.06,0.0,-1.27,C0F9K0
后里,24.310436,120.729725,0.24,17.74,-3.47,77.35,0.0,-1.34,C0F9L0
豐原,24.254322,120.720692,1.0,18.74,-2.07,75.94,0.0,-1.35,C0F9M0
大里,24.092464,120.701378,0.45,20.36,-9.94,61.76,0.0,-1.44,C0F9N0
潭子,24.213106,120.703933,0.07,18.77,0.57,76.65,0.03,-1.3,C0F9O0
清水,24.312297,120.562242,-0.39,18.16,-1.78,78.41,0.0,-1.12,C0F9P0
外埔,24.347817,120.705686,0.73,18.48,-2.93,77.47,0.0,-1.48,C0F9Q0
龍井,24.184536,120.528972,-0.07,18.81,-5.07,74.94,0.0,-1.24,C0F9R0
烏日,24.107058,120.624103,0.15,19.22,-1.7,71.12,0.0,-1.29,C0F9S0
西屯,24.179494,120.641275,-0.06,18.42,-1.01,74.35,0.0,-1.23,C0F9T0
南屯,24.137006,120.637969,-0.06,19.46,-1.39,71.0,0.0,-1.17,C0F9U0
新社,24.200172,120.815806,0.44,16.79,-6.53,78.24,0.0,-1.82,C0F9V0
大雅(中科園區),24.21528,120.62445,-0.77,17.73,-1.0,78.12,0.0,-0.94,C0F9X0
桃山,24.432739,121.303808,-0.53,3.76,-8.74,62.35,0.0,-1.88,C0F9Y0
雪山東峰,24.388792,121.268675,-0.59,4.39,-7.79,62.88,0.0,-2.45,C0F9Z0
芬園,24.015678,120.6213,-0.73,17.51,2.51,83.47,0.0,-1.42,C0G620
員林,23.946503,120.585597,1.34,20.55,-5.36,72.06,0.0,-1.07,C0G650
溪湖,23.94835,120.479122,1.51,20.37,11.12,91.06,0.0,-1.25,C0G660
溪州,23.851589,120.499093,-0.32,18.8,-4.71,72.65,0.0,-0.9,C0G720
二林,23.903325,120.376081,-0.32,18.44,2.65,85.65,0.0,-0.65,C0G730
大城,23.852487,120.320935,-0.12,18.92,-25.95,51.59,0.0,-0.85,C0G740
福興,24.041289,120.437669,0.44,19.63,-6.33,71.82,0.0,-1.24,C0G770
秀水,24.03405,120.503869,0.06,19.21,-0.62,77.82,0.0,-1.26,C0G780
埔鹽,24.000394,120.431683,1.05,19.63,-1.56,80.29,0.0,-1.06,C0G800
埔心,23.947633,120.525456,0.55,19.7,20.63,98.94,0.0,-1.2,C0G810
田尾,23.901669,120.509389,0.32,19.19,-0.28,82.76,0.0,-1.22,C0G820
埤頭,23.866003,120.452806,0.01,18.76,11.76,96.0,0.0,-0.9,C0G830
社頭,23.897647,120.5862,0.53,20.08,4.73,79.41,0.0,-1.3,C0G860
二水,23.810742,120.6173,3.21,22.35,1.54,80.92,0.0,-1.12,C0G880
伸港,24.148933,120.484403,-0.23,18.64,-3.22,75.0,0.0,-1.14,C0G890
線西,24.143358,120.443536,-0.26,18.92,-6.84,76.24,0.0,-0.92,C0G900
花壇,24.032076,120.549461,0.32,20.19,0.62,79.71,0.0,-1.05,C0G910
埔里,23.972169,120.952425,-0.97,17.82,0.48,80.71,0.0,-0.62,C0H890
草屯,23.973672,120.68085,-0.06,18.98,-4.36,72.35,0.0,-1.44,C0H960
昆陽,24.121322,121.273642,-0.76,3.8,-3.29,73.65,0.0,-2.4,C0H990
神木村,23.532742,120.843667,0.12,12.54,-4.2,78.82,0.0,-2.38,C0H9A0
合歡山,24.143442,121.272547,-0.51,2.04,-1.59,80.35,0.12,-4.8,C0H9C0
廬山,24.033311,121.181808,0.38,13.64,-5.28,69.24,0.0,-2.19,C0I010
信義,23.689694,120.851036,-0.86,16.84,-4.21,78.65,0.0,-0.68,C0I080
竹山,23.761225,120.688156,-0.01,18.59,-1.48,81.0,0.0,-1.34,C0I110
水里,23.812553,120.849792,-0.5,18.49,-6.25,74.29,0.0,-0.85,C0I360
魚池,23.895703,120.94135,-0.68,16.99,-7.07,77.82,0.03,-0.8,C0I370
集集,23.828206,120.801467,-0.61,18.58,-5.49,75.88,0.0,-0.78,C0I380
仁愛,24.022122,121.132206,-0.72,14.36,-4.01,76.47,0.0,-1.01,C0I390
名間,23.837053,120.701447,-0.94,18.07,-2.44,77.24,0.0,-0.59,C0I410
國姓,24.037803,120.855072,-1.05,17.91,-2.49,79.71,0.0,-0.71,C0I420
南投,23.911469,120.687331,-0.42,19.23,1.39,76.88,0.0,-0.85,C0I460
梅峰,24.085272,121.173572,-1.24,8.72,0.21,78.24,0.06,-1.21,C0I480
萬大林道,23.928228,121.091411,-0.68,13.28,-8.54,69.59,0.0,-1.13,C0I490
小奇萊,24.131764,121.295717,-1.96,3.12,-3.46,77.76,0.03,-2.43,C0I530
崙背,23.75555,120.318925,-0.46,18.41,-3.75,76.06,0.0,-0.57,C0K250
四湖,23.630414,120.227125,0.26,19.21,-3.54,74.94,0.0,-0.82,C0K280
宜梧,23.536281,120.169329,0.2,19.09,-3.11,76.35,0.0,-0.75,C0K291
虎尾,23.719183,120.442036,-0.02,19.02,0.74,77.88,0.0,-1.05,C0K330
土庫,23.679029,120.395574,-0.33,18.84,2.46,79.94,0.0,-0.82,C0K390
斗六,23.720583,120.541127,-0.46,18.86,-6.52,73.35,0.0,-0.79,C0K400
北港,23.573957,120.292802,-0.37,18.89,-5.57,73.65,0.0,-0.77,C0K410
西螺,23.800407,120.467394,-0.27,18.79,-4.17,76.29,0.0,-0.85,C0K420
褒忠,23.690938,120.303634,-0.19,18.71,-7.62,72.06,0.0,-0.7,C0K430
二崙,23.772797,120.408944,-0.55,18.38,0.21,79.76,0.0,-0.42,C0K440
大埤,23.646074,120.431537,-0.35,18.89,-3.89,74.47,0.0,-0.65,C0K450
斗南,23.678734,120.478359,-0.32,18.88,-2.63,75.35,0.0,-0.66,C0K460
林內,23.748675,120.609642,-0.63,18.52,-2.78,77.18,0.0,-0.67,C0K470
莿桐,23.761192,120.502372,-0.53,18.51,-3.21,74.65,0.0,-0.51,C0K480
元長,23.64981,120.315024,-0.26,18.84,-1.64,76.06,0.0,-0.78,C0K500
水林,23.572924,120.24597,-0.08,19.09,-3.16,75.29,0.0,-0.88,C0K510
臺西,23.701547,120.197559,-0.28,18.92,-1.64,77.47,0.0,-0.65,C0K530
蔦松,23.514319,120.229736,-0.33,18.92,-3.07,77.29,0.0,-0.55,C0K550
棋山,23.68645,120.603417,-0.57,18.62,-2.09,79.24,0.0,-0.76,C0K560
高鐵雲林,23.737456,120.417944,-0.55,18.49,-2.06,79.12,0.0,-0.66,C0K580
東後寮,23.369908,120.248065,-0.34,18.79,-2.1,76.94,0.0,-0.62,C0M520
奮起湖,23.493903,120.699253,0.27,13.95,-1.4,84.12,0.06,-1.55,C0M530
中埔,23.42538,120.5229,-0.46,18.74,-3.78,75.71,0.0,-0.75,C0M640
朴子,23.43463,120.23902,-0.92,18.35,-0.12,78.18,0.0,-0.64,C0M650
溪口,23.604131,120.403569,-0.35,18.8,-4.2,73.88,0.0,-0.66,C0M660
大林,23.600616,120.45841,-0.47,19.02,-5.16,72.76,0.0,-0.8,C0M670
太保,23.455062,120.331455,-0.59,18.94,-5.53,73.0,0.0,-0.72,C0M680
水上,23.419734,120.388909,-0.4,19.0,1.33,79.0,0.0,-0.6,C0M690
竹崎,23.526178,120.555508,-0.21,18.94,-1.97,79.75,0.0,-0.94,C0M700
東石,23.458927,120.15385,-0.15,19.17,-3.23,75.88,0.0,-0.75,C0M710
番路,23.464657,120.554156,-0.49,18.19,-0.73,80.18,0.0,-0.85,C0M720
嘉義市東區,23.457673,120.460531,-0.25,20.19,-2.54,71.06,0.0,-0.75,C0M730
六腳,23.492871,120.290625,-0.43,18.86,-2.47,74.41,0.0,-0.7,C0M740
布袋,23.380878,120.167789,-0.05,19.26,-5.43,74.65,0.0,-0.58,C0M750
民雄,23.551754,120.428457,-0.34,19.22,-5.11,72.88,0.0,-0.7,C0M760
嘉義梅山,23.585398,120.555587,-0.51,18.54,1.6,81.82,0.0,-0.9,C0M770
鹿草,23.41134,120.30835,-0.17,19.29,-3.08,73.71,0.0,-0.62,C0M780
新港,23.553269,120.345728,-0.46,18.93,-3.17,74.12,0.0,-0.75,C0M790
茶山,23.299075,120.664767,-0.72,18.51,-0.92,81.18,0.0,-0.66,C0M800
里佳,23.389125,120.716647,-0.47,14.28,-6.43,77.65,0.09,-0.93,C0M810
達邦,23.453994,120.749517,-0.45,16.04,-0.72,77.76,0.0,-0.87,C0M820
表湖,23.24186,120.64166,-1.05,16.99,-2.46,82.82,0.0,-0.85,C0M850
新美,23.338017,120.683169,-1.4,18.29,-3.72,78.53,0.03,-0.7,C0M860
北寮,23.079561,120.495008,-0.34,19.04,4.17,87.41,0.0,-0.68,C0O830
王爺宮,23.222064,120.40085,1.98,20.79,-7.86,73.71,0.0,-0.8,C0O840
大內,23.11885,120.36083,0.82,20.56,-0.41,80.76,0.0,-0.63,C0O860
善化,23.112883,120.297219,0.02,19.49,2.41,83.59,0.0,-0.75,C0O900
崎頂,22.959547,120.369317,0.37,19.29,3.25,84.59,0.03,-0.51,C0O960
虎頭埤,23.021375,120.347878,-0.32,18.94,0.29,81.62,0.0,-0.72,C0O970
新市,23.061614,120.298197,0.61,20.41,-1.66,76.29,0.0,-0.57,C0O980
媽廟,22.99175,120.293525,-0.22,19.59,6.97,85.71,0.0,-0.56,C0O990
尾寮山,22.833111,120.683889,-0.95,14.92,0.99,89.0,0.0,-1.23,C0R100
阿禮,22.742908,120.743678,0.19,16.97,0.47,76.76,0.0,-0.86,C0R130
瑪家,22.682903,120.686639,-0.42,17.04,5.38,93.12,0.0,-0.96,C0R140
三地門,22.709889,120.639944,0.19,21.26,-13.83,61.35,0.0,-0.94,C0R150
鹽埔,22.739558,120.530778,0.13,20.76,-3.79,81.76,0.03,-0.67,C0R160
屏東,22.660269,120.494072,0.68,21.75,-7.74,71.41,0.0,-0.63,C0R170
赤山,22.592333,120.614306,-0.12,20.81,1.89,84.0,0.0,-0.69,C0R190
潮州,22.534361,120.54,0.64,21.64,-1.9,75.88,0.0,-0.96,C0R220
來義,22.527306,120.625111,-0.63,19.97,4.35,87.12,0.0,-0.78,C0R240
春日,22.370361,120.628306,-0.94,20.21,-11.63,67.35,0.0,-0.54,C0R260
琉球嶼,22.332244,120.362236,-0.38,21.35,-7.54,72.59,0.0,-0.97,C0R270
車城,22.0744,120.716247,0.37,22.64,-1.73,69.22,0.0,-0.31,C0R320
牡丹,22.130036,120.792639,0.08,19.89,4.93,89.06,0.12,-0.61,C0R341
貓鼻頭,21.921774,120.7358,0.44,22.68,-3.49,72.06,0.0,-1.17,C0R350
大漢山,22.405264,120.753181,0.28,11.19,-0.35,95.65,0.41,-1.31,C0R440
高樹,22.826389,120.600806,0.03,21.08,-4.1,74.41,0.0,-0.85,C0R470
長治,22.693128,120.542622,0.54,21.63,-3.3,77.53,0.0,-0.65,C0R480
九如,22.7405,120.490503,0.28,21.35,-7.87,73.47,0.0,-0.67,C0R490
崁頂,22.514781,120.506914,-0.47,20.78,-4.8,77.18,0.0,-0.74,C0R520
佳冬,22.419456,120.552375,-0.45,20.98,-1.66,79.06,0.0,-0.64,C0R540
新埤,22.467947,120.582894,-0.41,20.71,-6.87,74.47,0.0,-0.72,C0R550
新園,22.5434,120.461558,0.67,21.75,-9.49,68.82,0.0,-0.69,C0R560
麟洛,22.65078,120.52719,0.97,22.45,0.98,78.06,0.0,-0.61,C0R570
南州,22.48591,120.50274,-0.51,20.56,-2.22,78.53,0.0,-0.88,C0R580
里港,22.77919,120.49459,-0.63,20.23,-0.32,78.76,0.0,-0.8,C0R590
舊泰武,22.588194,120.664944,-0.13,17.63,-2.24,85.41,0.09,-0.8,C0R600
墾雷,21.900836,120.855269,-0.17,22.58,5.31,83.12,0.0,-0.5,C0R620
東港,22.46247,120.44074,-0.55,21.59,-5.88,73.88,0.0,-0.14,C0R640
竹田,22.58486,120.54344,-0.55,21.14,-10.05,73.53,0.0,-0.19,C0R650
枋寮,22.367722,120.590647,-0.01,21.24,1.94,82.53,0.03,-0.2,C0R660
楓港,22.190131,120.692156,-0.48,22.13,-0.03,65.59,0.0,-0.44,C0R670
佳樂水,21.993578,120.861633,0.25,22.81,-3.23,72.82,0.0,-0.49,C0R680
墾丁,21.966756,120.810269,0.52,20.56,-4.37,79.53,0.0,-0.51,C0R690
枋山,22.246844,120.661086,-0.22,21.79,3.08,73.24,0.0,-0.76,C0R700
龍磐,21.931672,120.838942,-0.34,21.81,-5.17,79.53,0.0,-0.1,C0R710
旭海,22.205403,120.887614,-0.05,20.28,13.25,95.59,0.18,-1.98,C0R720
大坪頂,22.024633,120.69355,-0.61,20.97,6.56,83.06,0.0,-0.15,C0R730
獅子,22.201569,120.70525,-0.8,22.05,-1.64,67.41,0.0,-0.05,C0R740
四林格山,22.076989,120.802439,0.08,17.9,-8.31,89.24,0.21,-1.19,C0R750
南仁湖,22.084681,120.863353,-0.25,19.27,-0.43,91.47,0.24,-1.81,C0R760
保力,22.071122,120.764111,-0.4,21.44,-1.01,77.59,0.0,-0.2,C0R770
滿州,22.024403,120.839892,-0.1,22.15,-6.04,73.76,0.0,-0.35,C0R780
九棚,22.14195,120.889281,-0.33,21.53,-5.89,76.76,0.21,-1.42,C0R790
丹路,22.204481,120.750989,-0.4,21.4,-0.73,73.47,0.09,0.06,C0R800
內獅,22.305064,120.642986,-0.87,21.36,9.14,94.24,0.0,-0.42,C0R810
白鷺,22.454275,120.666219,-0.66,18.46,-1.69,85.76,0.0,-0.05,C0R820
高士,22.121825,120.836781,-0.21,18.78,-5.06,86.24,0.32,-1.33,C0R830
牡丹池山,22.168389,120.841225,-0.37,17.44,-4.2,93.35,0.53,-1.4,C0R840
太麻里,22.60902,120.98533,0.53,18.02,0.21,83.06,0.18,-1.98,C0S690
知本,22.684866,121.005642,0.06,17.22,2.1,88.75,0.04,-2.91,C0S700
鹿野,22.917711,121.122994,0.52,17.76,1.45,85.18,0.0,-2.14,C0S710
綠島,22.6672,121.47533,0.52,21.09,4.98,91.06,0.35,-4.82,C0S730
池上,23.119628,121.209469,0.26,18.01,0.04,85.59,0.15,-1.78,C0S740
大溪山,22.478475,120.943325,0.18,18.45,-0.23,83.47,0.0,-2.56,C0S770
金崙,22.538122,120.966875,0.7,20.1,-1.81,79.59,0.0,-2.08,C0S790
東河,22.972672,121.303986,-0.5,20.5,0.65,79.35,0.09,-1.74,C0S810
長濱,23.286817,121.411975,0.55,19.44,-3.99,77.59,0.15,-2.37,C0S830
南田,22.279725,120.889208,0.3,22.28,17.17,95.29,0.0,-1.77,C0S840
關山,23.0395,121.175017,-0.18,18.76,1.03,83.71,0.0,-0.57,C0S890
蘭嶼高中,22.04909,121.51214,-0.19,22.76,2.33,79.18,5.91,-2.97,C0S900
蘭嶼燈塔,22.081197,121.503117,-0.0,21.11,-0.99,86.53,2.44,-2.27,C0S910
金峰嘉蘭,22.594789,120.960825,-0.04,20.15,1.63,81.71,0.06,-0.98,C0S920
延平,22.902581,121.084058,-0.34,18.93,2.59,81.29,0.0,-0.84,C0S930
石寧山,23.223772,121.406639,-0.29,19.33,1.07,83.07,0.07,-1.52,C0S940
香蘭,22.587569,120.993375,0.19,21.62,5.63,77.71,0.0,-0.67,C0S960
加津林,22.416211,120.926942,0.3,22.1,-0.3,71.35,0.0,-0.76,C0S970
勝林山,22.430439,120.8938,-0.16,14.48,0.91,96.24,0.32,-2.35,C0S980
山豬窟,22.318619,120.857372,0.0,18.66,-2.24,81.59,0.0,-1.14,C0S990
歷坵,22.520969,120.89185,0.2,17.88,4.72,89.29,0.03,-0.41,C0SA00
檳榔四格山,22.810031,121.109308,0.12,18.35,1.17,85.65,0.0,-0.81,C0SA10
金崙山,22.567419,120.959667,0.09,15.03,-0.75,92.35,0.97,-0.63,C0SA20
都歷,23.020333,121.323642,0.65,20.88,19.25,95.35,0.0,-1.05,C0SA30
瑞和,22.974361,121.156697,-0.24,18.84,11.52,92.12,0.0,-0.89,C0SA40
知本（水試所）,22.702394,121.082761,-0.63,21.11,-1.45,75.0,0.0,-0.1,C0SA60
土坂,22.453108,120.887572,-1.34,18.6,8.1,88.0,0.03,-1.11,C0SA80
達仁林場,22.264347,120.823972,-0.04,17.99,-5.6,86.35,0.0,-1.35,C0SA90
大禹嶺,24.186117,121.316086,0.07,6.09,-10.52,71.24,0.0,-3.2,C0T790
天祥,24.179597,121.495639,0.56,15.94,-0.73,86.06,0.0,-3.89,C0T820
鯉魚潭,23.935639,121.508944,-0.42,17.21,2.44,90.88,0.5,-3.15,C0T870
西林,23.8119,121.441458,0.49,18.33,2.84,86.59,0.56,-3.08,C0T900
光復,23.660694,121.424964,0.04,18.18,-1.3,88.65,1.47,-2.89,C0T960
月眉山,23.809928,121.539828,0.27,16.44,0.28,92.53,0.62,-3.68,C0T9A0
水源,23.991861,121.537169,0.04,15.99,2.38,91.0,1.26,-3.65,C0T9B0
和中,24.26676,121.74103,-0.49,18.89,17.59,99.06,0.44,-5.11,C0T9D0
大坑,23.880628,121.581981,0.14,16.68,2.53,91.59,0.97,-3.04,C0T9E0
水璉,23.797131,121.542514,-0.06,18.27,0.79,85.94,0.26,-3.4,C0T9F0
鳳林山,23.735269,121.420131,-0.73,15.7,0.15,92.94,1.5,-3.65,C0T9G0
加路蘭山,23.682947,121.5274,0.3,15.05,2.88,97.71,1.41,-5.23,C0T9H0
靜浦,23.455167,121.495028,0.39,19.54,-2.85,83.18,1.71,-3.18,C0T9M0
雙連埤,24.753033,121.641303,-0.43,13.78,-0.71,95.47,4.18,-8.94,C0U520
礁溪,24.817539,121.765608,-0.04,17.96,-4.43,84.53,1.74,-6.56,C0U600
玉蘭,24.675286,121.587061,-0.3,15.01,-5.31,85.65,5.26,-5.72,C0U650
太平山,24.505486,121.525656,0.4,7.83,4.75,94.0,4.03,-3.9,C0U710
南山,24.43742,121.38167,-1.02,10.97,1.61,93.88,1.74,-3.15,C0U720
東澳,24.52196,121.83318,-0.62,17.85,7.64,98.29,5.94,-9.99,C0U760
南澳,24.44935,121.81022,-0.21,18.86,-1.1,79.88,1.0,-5.02,C0U770
五結,24.68637,121.79794,-0.3,17.35,-1.19,85.71,3.21,-17.42,C0U780
頭城,24.85323,121.8308,-0.13,18.19,-1.97,85.71,2.71,-4.81,C0U860
大礁溪,24.791042,121.675047,-0.26,15.01,3.45,93.59,2.59,-9.33,C0U870
三星,24.66812,121.65302,-0.28,16.95,6.85,96.41,3.03,-11.81,C0U890
內城,24.71813,121.68766,0.03,17.56,-1.54,88.0,3.24,-9.44,C0U900
冬山,24.63373,121.7937,0.16,17.94,8.71,97.29,4.18,-26.64,C0U910
羅東,24.68184,121.74934,0.29,17.63,-2.36,87.24,2.47,-18.4,C0U940
鶯子嶺,24.89754,121.79244,-0.52,11.1,1.5,98.76,8.15,-9.0,C0U950
翠峰湖,24.510856,121.608044,-0.75,7.39,-1.77,92.29,3.44,-6.89,C0U960
大福,24.80064,121.81389,-0.4,17.78,-6.21,83.0,3.09,-7.47,C0U970
坪林石牌,24.86478,121.77396,-0.2,14.14,0.07,95.94,3.18,-4.9,C0U980
員山,24.74435,121.72247,-0.15,17.76,-0.04,88.0,1.74,-12.01,C0U990
土場,24.576533,121.495333,-0.65,15.36,-3.58,89.12,0.71,-4.88,C0UA00
鴛鴦湖,24.590269,121.412228,-0.97,8.23,2.09,98.29,5.91,-10.6,C0UA10
白嶺,24.527819,121.519031,-1.16,9.79,2.64,97.29,7.09,-1.29,C0UA30
西德山,24.560647,121.752608,-1.15,11.07,3.69,98.24,11.5,-15.27,C0UA40
西帽山,24.555361,121.802628,-1.12,12.62,0.44,96.35,20.56,-21.53,C0UA50
樟樹山,24.41393,121.78325,-0.69,15.11,9.05,98.12,1.35,-5.97,C0UA60
桃源谷,24.962606,121.888875,-0.88,14.03,3.13,97.88,12.44,-16.23,C0UA70
復興,23.222403,120.806089,-0.33,17.69,0.51,78.06,0.0,-1.36,C0V210
美濃,22.898742,120.519153,0.96,21.3,-4.27,76.33,0.0,-0.71,C0V310
溪埔,22.738578,120.446797,-0.22,20.35,-0.04,79.22,0.0,-0.71,C0V350
內門,22.975481,120.466769,1.07,20.36,-2.29,78.94,0.0,-0.52,C0V360
古亭坑,22.893178,120.401947,-0.24,19.11,-0.09,83.11,0.0,-0.69,C0V370
阿公店,22.804194,120.355528,-0.66,19.23,-2.83,77.28,0.0,-0.33,C0V400
鳳山,22.646653,120.356122,-0.19,20.84,5.0,79.06,0.0,-0.52,C0V440
鳳森,22.545064,120.392592,-0.01,20.97,-3.32,72.0,0.0,-0.49,C0V450
新興,22.627422,120.298803,0.27,21.21,-3.43,69.39,0.0,-0.45,C0V490
阿蓮,22.883208,120.327508,0.71,20.71,-9.56,71.11,0.0,-0.5,C0V530
梓官,22.760558,120.267211,0.4,20.32,-1.75,72.28,0.0,-0.33,C0V610
永安,22.82315,120.236856,-0.35,19.83,-3.91,73.5,0.0,-0.48,C0V620
茄萣,22.906642,120.182608,0.04,19.99,1.13,75.0,0.0,-0.34,C0V630
湖內,22.887139,120.2445,-0.39,19.63,-3.92,72.78,0.0,-0.42,C0V640
彌陀,22.783806,120.246361,0.2,20.68,-2.64,73.67,0.0,-0.4,C0V650
岡山,22.797078,120.294958,0.26,20.93,-2.64,71.39,0.0,-0.43,C0V660
仁武,22.701083,120.347722,-0.47,20.51,4.03,80.11,0.0,-0.51,C0V680
鼓山,22.623325,120.275575,-0.45,20.52,-1.36,74.06,0.0,-0.45,C0V690
三民,22.645017,120.311233,-0.31,21.22,0.77,71.06,0.0,-0.42,C0V700
苓雅,22.622742,120.330669,0.33,21.67,4.92,74.78,0.0,-0.48,C0V710
林園,22.507747,120.394511,0.57,22.78,-0.81,69.56,0.0,-0.49,C0V720
大寮,22.605614,120.395717,-0.39,21.08,-0.73,72.28,0.0,-0.67,C0V730
旗山,22.888614,120.483597,0.42,20.75,-0.71,76.67,0.0,-0.39,C0V740
路竹,22.854997,120.259439,0.34,20.82,-2.85,72.89,0.0,-0.52,C0V750
橋頭,22.757806,120.30575,-0.19,20.76,-3.02,72.28,0.0,-0.37,C0V760
大社,22.730306,120.346639,-0.49,20.14,2.28,76.83,0.0,-0.42,C0V770
萬山,22.905944,120.688056,0.02,19.46,-1.45,76.83,0.0,-0.94,C0V790
六龜,22.997889,120.633583,-0.02,20.35,3.05,82.22,0.0,-0.88,C0V800
左營,22.67491,120.28491,-0.68,20.19,-5.68,73.11,0.0,-0.25,C0V810
小林,23.148408,120.63325,-0.26,18.92,1.07,82.17,0.0,-0.96,C0V820
東莒,25.9652,119.98069,0.84,15.02,-3.04,72.06,0.0,-0.49,C0W110
金沙,24.488292,118.408778,-0.07,16.44,-3.7,63.29,0.0,-0.23,C0W140
金寧,24.457703,118.328989,0.07,17.24,-3.56,63.78,0.0,-0.2,C0W150
東河,23.296598,120.385608,-0.62,18.99,-8.48,72.11,0.0,-0.54,C0X050
下營,23.22695,120.256261,-0.11,19.21,-8.25,72.06,0.0,-0.48,C0X060
佳里,23.173039,120.145086,-0.04,19.33,-2.22,76.5,0.0,-0.75,C0X080
臺南市北區,23.010394,120.194228,-0.13,19.91,2.58,76.89,0.0,-0.44,C0X100
臺南市南區,22.961189,120.188378,-0.53,19.99,-0.37,73.28,0.0,-0.46,C0X110
麻豆,23.183289,120.248611,0.4,20.03,1.3,80.67,0.0,-0.5,C0X120
官田,23.193217,120.315422,-0.05,19.84,-2.64,75.28,0.0,-0.53,C0X130
西港,23.125608,120.203108,-0.39,19.24,1.29,80.06,0.0,-0.57,C0X140
安定,23.102614,120.227839,-0.0,19.36,-0.17,81.56,0.0,-0.41,C0X150
仁德,22.968258,120.257689,-0.18,20.1,0.17,75.56,0.0,-0.47,C0X160
關廟,22.963017,120.327797,-1.13,18.86,2.34,78.83,0.0,-0.57,C0X170
山上,23.0757,120.363253,0.12,19.53,-3.24,78.33,0.0,-0.68,C0X180
安平,22.993161,120.152181,-0.3,19.61,-4.24,73.67,0.0,-0.41,C0X190
左鎮,23.056758,120.408522,0.86,19.73,-5.34,78.83,0.0,-0.7,C0X200
白河,23.347466,120.414427,-0.61,19.04,-4.47,74.28,0.0,-0.59,C0X210
學甲,23.230367,120.182187,-0.19,19.09,-2.43,76.06,0.0,-0.48,C0X220
鹽水,23.272621,120.247641,-0.44,18.72,-4.09,76.72,0.0,-0.54,C0X230
關子嶺,23.331169,120.508025,-0.85,16.99,0.65,87.56,0.0,-0.81,C0X240
新營,23.310689,120.316681,-0.45,19.15,-1.91,75.83,0.0,-0.53,C0X250
後壁,23.366358,120.362326,-0.46,18.94,-5.52,73.83,0.0,-0.57,C0X260
將軍,23.214999,120.13577,-0.5,18.88,-2.69,76.06,0.0,-0.36,C0X280
北門,23.267772,120.125481,-0.34,19.17,0.18,79.39,0.0,-0.42,C0X290
鹿寮,23.386047,120.477331,-0.61,18.67,2.03,85.22,0.0,-0.47,C0X300
柳營,23.253328,120.375253,-1.21,19.26,-3.67,73.28,0.0,-0.1,C0X320
明里,23.208717,121.262342,0.21,17.88,3.09,87.89,0.22,-1.59,C0Z020
佳心,23.34567,121.21316,-0.14,14.19,9.35,98.28,0.06,-2.86,C0Z050
玉里,23.3215,121.339656,0.22,18.01,4.01,89.78,0.19,-3.22,C0Z061
舞鶴,23.46811,121.37407,0.21,17.46,8.4,99.11,0.5,-2.81,C0Z070
富源,23.587642,121.378225,0.25,17.27,-1.61,90.83,1.75,-1.9,C0Z080
東華,23.89525,121.549833,-0.12,18.8,2.54,88.0,0.06,-2.04,C0Z100
吉安光華,23.930925,121.595153,-0.2,19.39,-16.37,71.67,0.06,-1.48,C0Z150
鳳林,23.746114,121.453411,-0.52,18.16,-3.99,82.11,0.47,-1.53,C0Z160
卓溪,23.3443,121.3029,-0.73,18.04,2.69,84.44,0.36,-1.05,C0Z170
富世,24.14743,121.6297,-0.46,19.34,-2.08,79.94,0.28,-1.28,C0Z190
萬榮,23.709219,121.420106,-0.45,17.92,-1.99,84.5,1.0,-1.22,C0Z200
瑞穗,23.5239,121.39021,-0.1,18.11,3.02,89.78,1.36,-0.75,C0Z210
和平林道,24.343922,121.656317,-1.13,14.99,-1.52,88.11,0.64,-2.63,C0Z220
和平,24.30717,121.77007,-1.09,18.77,2.48,73.78,0.33,-3.7,C0Z230
瑞穗林道,23.49284,121.30688,1.15,13.99,1.31,97.44,4.97,-0.23,C0Z250
蕃薯寮,23.73835,121.540108,-0.14,17.14,-5.39,84.83,0.22,-5.09,C0Z270
德武,23.47426,121.41071,-0.62,17.63,-0.22,89.33,0.83,-1.17,C0Z280
赤柯山,23.36893,121.38293,-0.44,13.39,3.47,97.83,1.33,-3.65,C0Z290
東里,23.26853,121.30547,-0.36,18.15,-3.57,86.17,0.08,-1.25,C0Z300
清水斷崖,24.218294,121.689142,-1.17,18.98,2.68,80.94,0.75,-1.08,C0Z310
清水林道,23.27125,121.188272,-0.72,14.97,0.89,90.28,2.58,-0.49,C0Z320
安通山,23.290728,121.348528,-1.35,15.75,3.91,92.39,0.36,-1.42,C0Z330
口湖工作站,23.589978,120.180394,-0.17,18.92,-1.68,71.76,0.0,-0.55,12J990
東港工作站,22.479997,120.466058,-0.56,21.41,-4.52,63.82,0.0,-0.15,12Q970
恆春工作站,22.079678,120.714425,-0.24,22.76,0.5,63.71,0.0,-0.12,12Q980
萬大發電廠,23.978875,121.139639,-1.17,14.94,-7.29,75.18,0.0,-0.92,42HA10
桃改樹林分場,24.944503,121.386972,-0.59,17.71,-8.93,75.0,1.26,-3.13,72AI40
桃園農改場,24.950944,121.030583,0.86,18.37,-1.11,78.46,0.54,-1.81,72C440
桃改五峰分場,24.612194,121.157167,0.1,12.82,-0.09,85.47,0.59,-2.75,72D080
桃改新埔分場,24.834444,121.066111,-0.14,17.59,-6.3,76.35,0.03,-1.32,72D680
臺中農改場,24.003028,120.534389,-0.1,18.6,1.45,78.82,0.0,-1.21,72G600
中改埔里分場,23.903208,120.963364,-1.19,16.19,-1.52,85.06,0.0,-1.16,72HA00
南改斗南分場,23.634556,120.477333,0.22,18.84,-1.68,77.18,0.06,-1.03,72K220
南改義竹分場,23.360694,120.279361,-0.05,18.72,-3.71,76.06,0.0,-0.79,72M360
南改鹿草分場,23.416869,120.283061,-0.41,18.86,-1.9,75.82,0.0,-0.76,72M700
臺南農改場,23.0605,120.342194,-0.67,18.95,1.53,80.59,0.0,-0.62,72N100
七股研究中心,23.081672,120.062894,0.02,19.49,-1.87,77.94,0.03,-0.36,72N240
高雄農改場,22.709333,120.525889,-0.14,20.92,2.55,79.29,0.0,-0.84,72Q010
東改班鳩分場,22.829528,121.077694,0.18,18.99,-1.47,77.18,0.0,-2.11,72S200
東改賓朗果園,22.813889,121.071278,0.01,18.74,-4.16,79.88,0.06,-2.2,72S590
花蓮農改場,23.975222,121.563889,0.0,19.02,-0.2,80.67,0.5,-2.26,72T250
花改蘭陽分場,24.686306,121.716583,-0.07,17.62,0.8,84.76,3.18,-7.87,72U480
高改旗南分場,22.857861,120.516667,-0.72,19.84,3.85,77.82,0.0,-0.64,72V140
茶改北部分場,24.955778,121.631222,-0.36,14.92,2.27,88.88,2.56,-4.93,82A750
茶改場,24.908472,121.185333,0.03,16.65,-2.8,79.47,0.41,-3.18,82C160
茶改中部分場,23.875611,120.913583,-0.76,15.97,-1.37,81.29,0.0,-1.56,82H320
茶改南部分場,23.762528,120.7405,-0.96,16.66,-2.87,83.24,0.0,-1.64,82H840
茶改東部分場,22.907694,121.130139,-0.36,18.8,0.51,78.25,0.0,-1.93,82S580
農工中心,24.985917,121.239833,0.53,17.69,-1.59,73.88,0.06,-2.69,A2C560
水試臺西試驗場,23.717231,120.190522,-0.55,19.38,-0.12,79.88,0.0,-0.71,A2K360
臺大雲林校區,23.730628,120.423903,-0.73,18.42,-2.74,77.47,0.0,-0.22,A2K630
臺南蘭花園區,23.340258,120.379661,-0.61,19.16,-2.08,76.88,0.0,-0.07,A2N290
畜試北區分所,24.527806,120.770972,-0.79,17.05,-0.91,79.76,0.0,-1.33,B2E890
畜產試驗所,23.058972,120.336406,-0.27,18.85,1.29,80.88,0.0,-0.78,B2N890
畜試南區分所,21.945583,120.802167,0.03,22.51,-3.66,68.59,0.0,-1.28,B2Q810
畜試東區分所,24.669039,121.832561,-0.21,17.78,-0.54,90.29,3.62,-37.02,B2U990
蓮華池,23.918333,120.885278,-0.53,15.94,-1.73,85.06,0.0,-1.44,E2H360
林試畢祿溪站,24.226944,121.308522,-2.29,7.2,-0.25,78.47,0.0,-1.8,E2HA20
四湖植物園,23.676986,120.163433,-0.16,19.36,1.14,85.76,0.0,-0.67,E2K600
林試六龜中心,22.991703,120.645722,-1.13,19.31,2.64,83.24,0.0,-0.12,E2P980
林試太麻里2,22.598,120.99775,-0.84,21.01,-1.4,73.94,0.0,-0.22,E2S960
林試太麻里1,22.598922,120.980044,-0.49,20.25,-0.95,77.53,0.21,-0.09,E2S980
農試所(霧峰),24.031261,120.688133,-0.15,18.71,0.98,79.59,0.0,-1.2,G2F820
農試嘉義分所,23.485028,120.473806,-0.43,18.04,-1.7,78.31,0.0,-1.13,G2L020
農試溪口農場,23.58565,120.408111,-0.52,19.04,-7.23,74.76,0.0,-1.33,G2M350
農試鳳山分所,22.646611,120.356083,-0.53,20.58,-0.37,72.71,0.0,-0.93,G2P820
苗栗農改場,24.495722,120.829111,-0.46,16.68,0.22,80.76,0.0,-1.59,K2E360
苗改生物防治研究中心,24.422861,120.871833,-1.43,15.33,-3.33,81.65,0.0,-1.49,K2E710
種苗改良場,24.225972,120.800917,-0.34,15.81,5.86,84.59,0.0,-1.86,K2F750
溪頭,23.670306,120.798194,-0.56,13.06,1.35,88.0,0.0,-1.74,U2H480
臺大和社,23.590856,120.888864,-0.59,15.95,-0.58,81.24,0.03,-0.97,U2HA30
臺大內茅埔,23.689722,120.851117,-1.04,16.8,-3.02,79.24,0.0,-1.0,U2HA40
臺大竹山,23.756972,120.681556,-0.88,18.58,-4.86,75.41,0.0,-0.83,U2HA50
臺大竹山,23.756972,120.681556,-0.88,18.58,-4.86,75.41,0.0,-0.83,U2HA50
臺大內茅埔,23.689722,120.851117,-1.04,16.8,-3.02,79.24,0.0,-1.0,U2HA40
臺大和社,23.590856,120.888864,-0.59,15.95,-0.58,81.24,0.03,-0.97,U2HA30
臺大溪頭,23.670306,120.798194,-0.56,13.06,1.35,88.0,0.0,-1.74,U2H480
種苗繁殖,24.225972,120.800917,-0.34,15.81,5.86,84.59,0.0,-1.86,K2F750
苗改生物防治研究中心,24.422861,120.871833,-1.43,15.33,-3.33,81.65,0.0,-1.49,K2E710
苗栗農改,24.495722,120.829111,-0.46,16.68,0.22,80.76,0.0,-1.59,K2E360
農試鳳山分所,22.646611,120.356083,-0.53,20.58,-0.37,72.71,0.0,-0.93,G2P820
農試溪口農場,23.58565,120.408111,-0.52,19.04,-7.23,74.76,0.0,-1.33,G2M350
農試嘉義分所,23.485028,120.473806,-0.43,18.04,-1.7,78.31,0.0,-1.13,G2L020
農業試驗所,24.031261,120.688133,-0.15,18.71,0.98,79.59,0.0,-1.2,G2F820
林試太麻里1,22.598922,120.980044,-0.49,20.25,-0.95,77.53,0.21,-0.09,E2S980
林試太麻里2,22.598014,120.989761,-0.84,21.01,-1.4,73.94,0.0,-0.22,E2S960
林試六龜中心,22.991703,120.645722,-1.13,19.31,2.64,83.24,0.0,-0.12,E2P980
四湖植物園,23.676986,120.163433,-0.16,19.36,1.14,85.76,0.0,-0.67,E2K600
林試畢祿溪站,24.226944,121.308522,-2.29,7.2,-0.25,78.47,0.0,-1.8,E2HA20
蓮華池,23.918333,120.885278,-0.53,15.94,-1.73,85.06,0.0,-1.44,E2H360
畜試東區分所,24.669039,121.832561,-0.21,17.78,-0.54,90.29,3.62,-37.02,B2U990
畜試南區分所,21.945583,120.802167,0.03,22.51,-3.66,68.59,0.0,-1.28,B2Q810
畜試所,23.058972,120.336406,-0.27,18.85,1.29,80.88,0.0,-0.78,B2N890
畜試北區分所,24.527806,120.770972,-0.79,17.05,-0.91,79.76,0.0,-1.33,B2E890
臺南蘭花園區,23.340258,120.379661,-0.61,19.16,-2.08,76.88,0.0,-0.07,A2N290
臺大雲林校區,23.730628,120.423903,-0.73,18.42,-2.74,77.47,0.0,-0.22,A2K630
水試臺西試驗場,23.717231,120.190522,-0.55,19.38,-0.12,79.88,0.0,-0.71,A2K360
農工中心,24.985917,121.239833,0.53,17.69,-1.59,73.88,0.06,-2.69,A2C560
茶改東部分場,22.907694,121.130139,-0.36,18.8,0.51,78.25,0.0,-1.93,82S580
茶改南部分場,23.762528,120.7405,-0.96,16.66,-2.87,83.24,0.0,-1.64,82H840
茶改中部分場,23.875611,120.913583,-0.76,15.97,-1.37,81.29,0.0,-1.56,82H320
茶改場,24.908472,121.185333,0.03,16.65,-2.8,79.47,0.41,-3.18,82C160
茶改北部分場,24.955778,121.631222,-0.36,14.92,2.27,88.88,2.56,-4.93,82A750
高改旗南分場,22.857861,120.516667,-0.72,19.84,3.85,77.82,0.0,-0.64,72V140
花改蘭陽分場,24.686306,121.716583,-0.07,17.62,0.8,84.76,3.18,-7.87,72U480
花蓮農改,23.975222,121.563889,0.0,19.02,-0.2,80.67,0.5,-2.26,72T250
東改賓朗果園,22.813889,121.071278,0.01,18.74,-4.16,79.88,0.06,-2.2,72S590
東改班鳩分場,22.829528,121.077694,0.18,18.99,-1.47,77.18,0.0,-2.11,72S200
高雄農改,22.709333,120.525889,-0.14,20.92,2.55,79.29,0.0,-0.84,72Q010
七股研究中心,23.081672,120.062894,0.02,19.49,-1.87,77.94,0.03,-0.36,72N240
臺南農改,23.0605,120.342194,-0.67,18.95,1.53,80.59,0.0,-0.62,72N100
南改鹿草分場,23.416869,120.283061,-0.41,18.86,-1.9,75.82,0.0,-0.76,72M700
南改義竹分場,23.360694,120.279361,-0.05,18.72,-3.71,76.06,0.0,-0.79,72M360
南改斗南分場,23.634556,120.477333,0.22,18.84,-1.68,77.18,0.06,-1.03,72K220
中改埔里分場,23.903208,120.963364,-1.19,16.19,-1.52,85.06,0.0,-1.16,72HA00
臺中農改,24.003028,120.534389,-0.1,18.6,1.45,78.82,0.0,-1.21,72G600
桃改新埔分場,24.834444,121.066111,-0.14,17.59,-6.3,76.35,0.03,-1.32,72D680
桃改五峰分場,24.612194,121.157167,0.1,12.82,-0.09,85.47,0.59,-2.75,72D080
桃園農改,24.950944,121.030583,0.86,18.37,-1.11,78.46,0.54,-1.81,72C440
桃改樹林分場,24.944503,121.386972,-0.59,17.71,-8.93,75.0,1.26,-3.13,72AI40
萬大發電廠,23.978875,121.139639,-1.17,14.94,-7.29,75.18,0.0,-0.92,42HA10
恆春工作站,22.079678,120.714425,-0.24,22.76,0.5,63.71,0.0,-0.12,12Q980
東港工作站,22.479997,120.466058,-0.56,21.41,-4.52,63.82,0.0,-0.15,12Q970
口湖工作站,23.589978,120.180394,-0.17,18.92,-1.68,71.76,0.0,-0.55,12J990
