站名,緯度,經度,平均溫距平,本年度平均溫,平均溼度距平,本年度日均相對溼度,本年度日均降水量,日均降水量距平,站號
淡水,25.164889,121.448906,1.66,23.44,2.83,82.18,2.26,-1.81,466900
鞍部,25.182586,121.529731,1.75,17.93,6.63,98.29,23.02,4.88,466910
臺北,25.037658,121.514853,1.48,24.11,6.65,81.94,1.34,-2.03,466920
竹子湖,25.162078,121.544547,1.45,19.31,7.89,95.5,24.36,9.33,466930
基隆,25.133314,121.740475,1.62,23.75,6.68,84.06,16.98,1.71,466940
花蓮,23.975128,121.613275,1.52,24.63,6.17,82.29,3.82,-2.3,466990
新屋,25.006744,121.047486,1.06,23.34,5.46,83.82,2.8,1.78,467050
宜蘭,24.763975,121.756528,1.48,23.19,7.9,90.76,18.11,6.15,467080
金門,24.407306,118.289281,2.0,23.23,0.04,70.44,0.1,-1.26,467110
田中,23.873803,120.581286,1.19,24.68,7.29,87.29,3.43,3.34,467270
澎湖,23.565503,119.563094,0.94,24.26,6.11,82.76,1.16,0.18,467350
臺南,22.993239,120.204772,0.97,25.27,5.33,79.82,7.45,6.18,467410
永康,23.038386,120.2367,1.17,24.84,7.85,81.58,5.37,4.22,467420
嘉義,23.495925,120.432906,1.51,24.34,8.22,87.18,3.31,2.35,467480
臺中,24.145736,120.684075,1.58,24.97,4.44,76.78,3.29,2.4,467490
阿里山,23.508208,120.813242,1.59,13.14,4.85,87.67,9.54,6.55,467530
大武,22.355675,120.903789,1.18,25.89,6.4,78.59,8.36,4.39,467540
玉山,23.487614,120.959522,1.68,6.5,0.86,68.17,8.0,3.76,467550
新竹,24.827853,121.014219,1.59,23.91,7.42,82.59,1.75,-0.08,467571
恆春,22.003897,120.746339,1.23,26.48,4.94,75.94,4.68,1.89,467590
成功,23.097486,121.373428,1.47,24.95,6.09,81.88,7.65,2.12,467610
日月潭,23.881325,120.90805,1.89,21.15,7.6,87.94,2.48,0.88,467650
臺東,22.752211,121.154586,1.19,25.33,6.14,79.5,11.45,6.92,467660
馬祖,26.169269,119.923419,1.59,20.59,4.01,84.47,1.28,-0.78,467990
山佳,24.974944,121.402008,1.38,23.65,5.5,84.06,1.32,-1.89,C0A520
坪林,24.938183,121.70975,1.27,20.65,1.13,93.46,8.0,0.56,C0A530
泰平,24.971197,121.823711,1.95,20.39,3.95,99.53,31.94,7.27,C0A550
桶後,24.848222,121.597992,2.03,20.77,2.42,96.29,9.44,-0.36,C0A570
石碇,24.993969,121.662917,2.06,22.03,1.05,90.93,8.93,2.3,C0A640
大坪,25.165914,121.632969,2.63,21.54,3.58,96.12,39.24,7.86,C0A860
五指山,25.132153,121.608692,2.55,19.64,2.09,97.24,23.85,8.28,C0A870
雙溪,25.036003,121.864242,3.57,24.04,-2.64,89.94,21.65,3.04,C0A890
三和,25.233153,121.595236,4.2,24.65,4.8,93.35,29.76,14.45,C0A931
金山,25.223628,121.643967,2.63,23.96,1.32,85.12,9.88,0.37,C0A940
鼻頭角,25.129036,121.923372,1.81,23.62,7.04,90.5,5.91,-0.44,C0A950
三貂角,25.007606,122.002058,1.52,23.18,9.47,91.35,8.91,-1.2,C0A970
社子,25.109508,121.469681,2.33,24.96,5.19,81.29,0.41,-1.74,C0A980
天母,25.117494,121.537169,1.64,24.29,0.4,74.59,1.12,-1.45,C0A9C0
內湖,25.079422,121.57545,1.35,23.78,19.73,98.47,1.79,-1.48,C0A9F0
大屯山,25.175675,121.522408,4.2,19.09,3.15,99.57,13.32,2.73,C0AC40
三峽,24.939025,121.369728,2.6,24.98,4.98,83.88,1.18,-2.22,C0AC60
信義,25.037822,121.564597,2.55,24.67,4.44,85.06,2.38,-0.52,C0AC70
文山,25.00235,121.575728,1.54,23.36,1.1,84.35,3.26,-0.19,C0AC80
新莊,25.051478,121.446756,1.0,23.94,7.41,81.53,0.41,-1.85,C0ACA0
八里,25.150211,121.403947,1.29,23.79,14.6,91.18,1.32,-1.4,C0AD10
蘆洲,25.086594,121.472331,1.95,25.17,2.69,77.53,0.38,-1.65,C0AD30
土城,24.973208,121.445169,1.35,23.48,6.93,86.12,1.29,-1.89,C0AD40
鶯歌,24.951533,121.346294,2.34,24.54,4.71,86.41,1.24,-1.44,C0AD50
汐止,25.066881,121.658778,1.65,23.71,0.29,86.36,9.3,1.14,C0AH00
永和,25.01125,121.508111,1.97,24.75,4.81,82.65,1.41,-0.23,C0AH10
五分山,25.07125,121.780794,2.04,19.37,0.8,98.12,29.68,12.28,C0AH30
平等,25.129142,121.577086,1.32,21.13,-0.35,87.12,7.97,1.99,C0AH40
林口,25.072181,121.38084,1.34,22.29,-3.23,87.88,0.5,-1.04,C0AH50
松山,25.04871,121.55042,0.88,23.81,2.91,73.71,1.62,-0.43,C0AH70
深坑,25.002703,121.628328,4.66,25.93,4.88,90.73,4.67,1.28,C0AH80
福山植物園,24.760717,121.58135,2.18,19.34,3.79,99.12,23.53,8.62,C0AH90
五股,25.07445,121.42728,0.34,22.37,-1.27,85.06,0.47,-0.49,C0AI00
屈尺,24.92184,121.54475,1.75,23.33,-3.62,79.29,5.32,2.06,C0AI10
白沙灣,25.283128,121.519058,1.28,23.17,2.95,88.65,0.53,-2.0,C0AI20
三重,25.057328,121.500629,1.39,24.35,6.09,82.12,0.65,0.53,C0AI30
石牌,25.115597,121.513139,2.19,25.48,13.78,78.06,0.53,0.19,C0AI40
七堵,25.094819,121.71713,2.52,24.49,0.53,86.18,23.09,14.91,C0B010
基隆嶼,25.19141,121.78391,1.32,22.96,15.97,94.88,6.38,3.74,C0B020
復興,24.820208,121.352281,1.96,21.77,3.27,82.53,0.82,-2.54,C0C460
桃園,24.992425,121.323172,1.39,23.55,5.85,81.06,1.65,-1.16,C0C480
八德,24.928708,121.283289,1.03,23.06,3.93,82.53,1.62,-1.73,C0C490
觀音,25.027072,121.153317,1.14,22.49,8.02,88.12,2.91,-0.68,C0C590
蘆竹,25.084275,121.265767,0.78,22.89,10.18,90.12,1.5,-1.6,C0C620
大溪,24.882853,121.265547,1.57,22.44,7.07,85.47,1.29,-1.67,C0C630
平鎮,24.897503,121.214636,1.87,22.54,4.57,86.0,1.41,-1.58,C0C650
龍潭,24.870056,121.221389,1.49,22.24,5.33,85.29,1.76,-0.17,C0C670
龜山,25.02846,121.38656,1.2,22.04,6.52,87.94,1.47,-0.55,C0C680
中壢,24.977661,121.256375,1.22,22.89,7.29,83.18,1.21,0.41,C0C700
大溪永福,24.892936,121.324975,1.82,22.7,7.65,88.18,1.26,0.71,C0C710
梅花,24.678347,121.208558,1.99,21.47,3.14,84.29,0.94,-1.35,C0D360
峨眉,24.6905,121.017189,1.93,23.54,-0.38,83.29,0.97,-1.15,C0D430
打鐵坑,24.849664,121.150789,1.54,21.98,1.11,86.94,0.68,-1.98,C0D480
橫山,24.71116,121.11693,1.29,22.07,7.07,89.53,0.56,-1.61,C0D540
雪霸,24.526972,121.11605,2.84,16.58,-5.69,74.24,1.65,-1.23,C0D550
竹東,24.767147,121.057881,2.26,23.76,5.17,79.59,1.03,-1.13,C0D560
寶山,24.735006,121.025192,2.08,23.23,2.65,84.0,0.88,-1.56,C0D580
新豐,24.87068,120.97721,1.35,22.46,13.92,95.24,1.76,-0.56,C0D590
湖口,24.904794,121.043628,0.42,22.37,3.64,82.88,1.59,0.98,C0D650
新竹市東區,24.798681,120.986942,0.85,23.21,6.51,80.82,1.68,1.07,C0D660
竹南,24.708978,120.888897,1.87,23.86,6.51,83.53,1.38,0.08,C0E420
南庄,24.601775,121.000214,1.71,21.95,7.84,92.18,1.65,-0.11,C0E430
明德,24.583486,120.885411,1.93,23.93,0.54,81.47,2.03,0.36,C0E550
通霄,24.471892,120.704622,1.2,23.49,3.01,84.94,2.62,1.36,C0E590
馬都安,24.451272,120.930192,1.82,20.23,4.97,88.76,3.12,1.54,C0E610
頭份,24.688247,120.912206,2.46,24.9,4.79,78.76,1.91,0.06,C0E730
造橋,24.637056,120.864778,1.32,23.81,0.75,81.65,2.12,0.22,C0E740
苗栗,24.564569,120.824575,1.26,23.96,0.37,76.12,2.21,0.63,C0E750
銅鑼,24.489681,120.790853,0.9,22.88,14.16,94.82,4.53,3.11,C0E780
西湖,24.562947,120.7485,1.37,23.21,3.35,86.41,2.71,1.49,C0E810
獅潭,24.539133,120.920042,1.47,22.19,0.42,86.29,3.32,2.71,C0E820
苑裡,24.439714,120.653053,0.9,23.62,3.47,81.94,3.18,3.01,C0E830
大河,24.618069,120.948578,0.5,22.38,1.62,83.94,2.09,1.47,C0E850
高鐵苗栗,24.60725,120.826094,1.53,23.94,12.04,87.88,2.29,1.93,C0E870
石岡,24.276061,120.777644,1.39,23.07,6.13,87.65,6.94,6.68,C0F0B0
中坑,24.248517,120.903319,0.92,19.91,-1.36,87.88,6.68,6.02,C0F0C0
審馬陣,24.381675,121.4203,1.66,10.11,12.9,76.76,2.91,2.15,C0F0D0
東勢,24.246428,120.833047,2.12,23.99,3.24,82.06,6.97,5.59,C0F850
大坑,24.173142,120.722289,2.18,25.74,4.98,79.18,4.15,3.01,C0F970
神岡,24.272481,120.658314,1.48,23.71,-5.84,75.93,4.67,3.56,C0F9I0
大安,24.345061,120.588025,0.67,23.4,3.76,84.82,3.06,2.12,C0F9K0
后里,24.310436,120.729725,1.43,23.57,3.77,84.65,6.44,5.38,C0F9L0
豐原,24.254322,120.720692,2.14,24.67,2.98,79.94,7.15,6.01,C0F9M0
大里,24.092464,120.701378,1.66,26.15,-2.26,69.24,2.12,0.93,C0F9N0
潭子,24.213106,120.703933,1.04,24.58,5.43,80.65,4.68,3.64,C0F9O0
清水,24.312297,120.562242,0.66,23.61,3.46,84.47,2.06,1.17,C0F9P0
外埔,24.347817,120.705686,1.94,24.11,-1.32,81.44,5.25,4.04,C0F9Q0
龍井,24.184536,120.528972,0.85,24.17,0.15,81.47,3.38,2.48,C0F9R0
烏日,24.107058,120.624103,0.96,24.75,3.19,76.53,3.85,2.74,C0F9S0
西屯,24.179494,120.641275,0.78,23.96,4.29,80.0,4.53,3.63,C0F9T0
南屯,24.137006,120.637969,0.61,24.86,4.23,76.65,3.65,2.71,C0F9U0
新社,24.200172,120.815806,1.83,22.96,4.1,86.18,8.81,7.58,C0F9V0
大雅(中科園區),24.21528,120.62445,0.33,23.24,4.88,84.0,3.03,2.88,C0F9X0
桃山,24.432739,121.303808,1.83,9.39,9.52,80.53,1.94,-1.19,C0F9Y0
雪山東峰,24.388792,121.268675,1.73,10.11,8.24,78.94,4.79,2.21,C0F9Z0
芬園,24.015678,120.6213,0.57,23.5,9.54,89.82,4.0,2.79,C0G620
員林,23.946503,120.585597,3.5,26.78,2.08,81.0,3.12,2.31,C0G650
溪湖,23.94835,120.479122,2.63,26.02,13.4,94.06,3.82,2.53,C0G660
溪州,23.851589,120.499093,1.06,24.37,0.81,79.65,2.91,2.63,C0G720
二林,23.903325,120.376081,0.94,23.86,1.43,86.71,3.12,2.87,C0G730
大城,23.852487,120.320935,1.1,24.26,-20.75,59.35,3.53,3.29,C0G740
福興,24.041289,120.437669,1.16,25.06,-0.63,77.82,4.09,3.17,C0G770
秀水,24.03405,120.503869,0.82,24.55,4.75,84.62,3.79,2.8,C0G780
埔鹽,24.000394,120.431683,2.11,25.25,3.88,86.0,3.03,2.06,C0G800
埔心,23.947633,120.525456,0.97,24.71,21.42,99.8,3.66,2.53,C0G810
田尾,23.901669,120.509389,1.61,25.14,2.85,86.76,3.29,2.13,C0G820
埤頭,23.866003,120.452806,1.06,24.27,12.94,100.0,2.21,1.21,C0G830
社頭,23.897647,120.5862,1.5,25.65,8.9,84.0,3.35,2.15,C0G860
二水,23.810742,120.6173,2.49,26.01,5.09,84.47,3.15,1.94,C0G880
伸港,24.148933,120.484403,0.57,23.94,1.91,81.47,3.91,3.08,C0G890
線西,24.143358,120.443536,1.02,24.14,3.75,82.53,2.32,2.3,C0G900
花壇,24.032076,120.549461,2.59,26.29,10.77,83.82,2.53,2.43,C0G910
埔里,23.972169,120.952425,1.67,24.14,3.79,83.06,2.71,2.04,C0H890
草屯,23.973672,120.68085,1.06,24.81,2.78,78.82,2.06,0.84,C0H960
昆陽,24.121322,121.273642,2.68,10.57,7.26,80.94,3.29,0.77,C0H990
神木村,23.532742,120.843667,2.53,18.12,0.34,85.0,5.65,3.28,C0H9A0
合歡山,24.143442,121.272547,2.93,9.21,7.66,85.82,7.41,3.51,C0H9C0
廬山,24.033311,121.181808,2.85,19.39,0.37,75.18,3.0,0.86,C0I010
信義,23.689694,120.851036,1.14,22.45,3.77,86.47,2.47,1.98,C0I080
竹山,23.761225,120.688156,1.69,24.35,3.76,85.18,3.68,2.39,C0I110
水里,23.812553,120.849792,1.34,24.18,1.23,81.53,1.91,1.55,C0I360
魚池,23.895703,120.94135,1.69,22.88,2.97,86.94,2.65,2.0,C0I370
集集,23.828206,120.801467,1.14,24.24,4.62,85.53,2.65,2.37,C0I380
仁愛,24.022122,121.132206,1.94,20.11,1.48,82.35,2.88,1.77,C0I390
名間,23.837053,120.701447,0.91,23.88,3.73,83.47,1.71,1.5,C0I410
國姓,24.037803,120.855072,1.34,24.23,3.77,84.94,5.74,5.16,C0I420
南投,23.911469,120.687331,1.19,25.21,7.57,83.0,2.5,2.1,C0I460
梅峰,24.085272,121.173572,2.29,15.27,2.61,81.53,4.03,2.09,C0I480
萬大林道,23.928228,121.091411,2.06,18.96,-3.49,77.12,2.85,1.55,C0I490
小奇萊,24.131764,121.295717,1.81,10.14,6.44,82.0,5.12,2.91,C0I530
崙背,23.75555,120.318925,1.25,23.98,0.97,82.65,2.26,2.0,C0K250
四湖,23.630414,120.227125,1.71,24.56,1.44,81.18,1.79,0.84,C0K280
宜梧,23.536281,120.169329,1.28,24.34,0.42,82.12,1.74,0.45,C0K291
虎尾,23.719183,120.442036,1.41,24.51,8.15,87.24,3.62,2.64,C0K330
土庫,23.679029,120.395574,1.29,24.62,8.95,88.59,1.03,0.82,C0K390
斗六,23.720583,120.541127,0.91,24.47,0.57,81.88,3.82,3.72,C0K400
北港,23.573957,120.292802,0.81,24.26,-0.3,81.0,2.79,2.63,C0K410
西螺,23.800407,120.467394,0.98,24.3,1.48,84.12,2.79,2.41,C0K420
褒忠,23.690938,120.303634,0.98,24.01,-2.85,79.41,2.09,1.82,C0K430
二崙,23.772797,120.408944,1.09,23.86,4.62,86.53,2.15,1.88,C0K440
大埤,23.646074,120.431537,0.98,24.28,3.05,84.24,3.29,3.14,C0K450
斗南,23.678734,120.478359,0.94,24.35,3.09,82.59,4.06,3.91,C0K460
林內,23.748675,120.609642,1.41,24.37,1.97,83.17,4.19,4.05,C0K470
莿桐,23.761192,120.502372,1.07,23.91,2.43,82.06,3.56,3.35,C0K480
元長,23.64981,120.315024,0.88,24.17,2.56,82.44,3.28,3.04,C0K500
水林,23.572924,120.24597,1.07,24.39,2.08,82.5,2.86,2.69,C0K510
臺西,23.701547,120.197559,0.69,23.86,1.89,83.5,2.11,1.93,C0K530
蔦松,23.514319,120.229736,1.09,24.21,1.29,83.39,2.39,2.17,C0K550
棋山,23.68645,120.603417,1.36,24.5,3.55,85.11,4.36,4.18,C0K560
高鐵雲林,23.737456,120.417944,0.86,23.89,2.94,84.94,2.67,2.3,C0K580
東後寮,23.369908,120.248065,0.89,24.16,3.11,83.94,1.78,1.63,C0M520
奮起湖,23.493903,120.699253,2.28,18.85,0.21,89.72,8.64,6.87,C0M530
中埔,23.42538,120.5229,0.67,23.99,3.67,84.06,4.39,4.14,C0M640
朴子,23.43463,120.23902,0.19,23.61,4.55,84.94,1.03,0.92,C0M650
溪口,23.604131,120.403569,0.9,24.12,0.59,82.11,2.75,2.62,C0M660
大林,23.600616,120.45841,0.83,24.39,2.44,82.11,3.69,3.56,C0M670
太保,23.455062,120.331455,0.63,24.32,1.86,82.17,2.58,2.45,C0M680
水上,23.419734,120.388909,0.76,24.29,11.3,89.94,2.61,2.41,C0M690
竹崎,23.526178,120.555508,0.92,24.18,3.28,85.89,7.08,6.83,C0M700
東石,23.458927,120.15385,0.89,24.28,0.92,81.89,1.31,1.11,C0M710
番路,23.464657,120.554156,0.78,23.59,7.39,88.61,4.69,4.47,C0M720
嘉義市東區,23.457673,120.460531,0.88,25.53,4.18,78.89,3.75,3.54,C0M730
六腳,23.492871,120.290625,0.74,24.22,2.72,82.33,2.56,2.43,C0M740
布袋,23.380878,120.167789,0.96,24.44,-3.36,80.5,1.67,1.52,C0M750
民雄,23.551754,120.428457,0.65,24.32,1.93,82.67,3.78,3.61,C0M760
嘉義梅山,23.585398,120.555587,0.7,23.92,9.54,90.33,5.33,5.13,C0M770
鹿草,23.41134,120.30835,0.93,24.63,4.04,82.39,2.06,1.86,C0M780
新港,23.553269,120.345728,0.64,24.28,1.65,81.11,3.25,3.1,C0M790
茶山,23.299075,120.664767,0.99,23.29,5.33,88.06,8.08,7.86,C0M800
里佳,23.389125,120.716647,2.04,19.42,-5.24,81.78,10.19,9.56,C0M810
達邦,23.453994,120.749517,1.64,20.86,6.05,86.33,8.17,7.76,C0M820
表湖,23.24186,120.64166,0.95,21.53,3.96,91.44,6.56,6.26,C0M850
新美,23.338017,120.683169,1.33,23.01,1.6,85.5,7.92,6.97,C0M860
北寮,23.079561,120.495008,1.08,24.63,10.41,94.06,6.28,6.18,C0O830
王爺宮,23.222064,120.40085,3.03,26.09,-2.13,81.28,3.69,3.52,C0O840
大內,23.11885,120.36083,1.97,26.09,4.33,86.83,5.5,5.45,C0O860
善化,23.112883,120.297219,1.43,24.87,8.94,90.5,5.44,4.56,C0O900
崎頂,22.959547,120.369317,1.57,24.69,8.09,90.89,5.03,4.87,C0O960
虎頭埤,23.021375,120.347878,0.97,24.37,4.03,86.72,4.64,4.55,C0O970
新市,23.061614,120.298197,1.68,25.8,3.9,82.72,5.06,4.95,C0O980
媽廟,22.99175,120.293525,0.44,24.66,16.54,96.5,5.14,4.81,C0O990
尾寮山,22.833111,120.683889,1.7,20.28,0.33,91.17,30.5,28.94,C0R100
阿禮,22.742908,120.743678,1.23,20.79,-0.8,79.22,7.22,6.4,C0R130
瑪家,22.682903,120.686639,0.79,21.36,15.12,96.22,10.67,9.74,C0R140
三地門,22.709889,120.639944,1.15,25.55,-0.86,75.89,5.81,4.31,C0R150
鹽埔,22.739558,120.530778,1.14,25.83,-0.07,87.28,6.86,6.57,C0R160
屏東,22.660269,120.494072,1.59,26.53,-2.39,78.39,8.97,8.69,C0R170
赤山,22.592333,120.614306,0.87,25.61,7.88,91.33,8.67,8.18,C0R190
潮州,22.534361,120.54,1.76,26.29,4.04,82.33,10.44,9.14,C0R220
來義,22.527306,120.625111,0.44,24.59,9.16,92.73,12.4,11.85,C0R240
春日,22.370361,120.628306,0.36,24.91,-0.15,81.5,7.17,6.45,C0R260
琉球嶼,22.332244,120.362236,1.09,25.89,0.5,84.06,5.06,3.73,C0R270
車城,22.0744,120.716247,0.66,26.02,8.39,79.94,3.83,-3.74,C0R320
牡丹,22.130036,120.792639,0.73,23.52,10.75,94.5,7.19,-5.03,C0R341
貓鼻頭,21.921774,120.7358,1.28,26.07,1.82,79.22,2.25,-0.53,C0R350
大漢山,22.405264,120.753181,1.8,15.47,5.08,98.5,36.53,19.95,C0R440
高樹,22.826389,120.600806,0.83,25.77,-2.76,76.22,6.53,6.24,C0R470
長治,22.693128,120.542622,1.6,26.59,4.24,86.61,8.08,7.75,C0R480
九如,22.7405,120.490503,1.62,26.54,-1.45,80.67,6.17,5.88,C0R490
崁頂,22.514781,120.506914,0.75,25.93,4.2,86.33,9.06,8.63,C0R520
佳冬,22.419456,120.552375,0.77,25.76,2.47,85.22,6.53,5.92,C0R540
新埤,22.467947,120.582894,1.02,25.62,-1.77,81.72,8.83,8.18,C0R550
新園,22.5434,120.461558,2.04,27.09,-3.38,76.67,7.56,6.81,C0R560
麟洛,22.65078,120.52719,1.8,27.11,5.59,83.83,6.56,6.28,C0R570
南州,22.48591,120.50274,0.97,25.87,5.2,86.56,7.64,7.24,C0R580
里港,22.77919,120.49459,0.92,25.77,3.76,84.0,6.19,6.06,C0R590
舊泰武,22.588194,120.664944,0.95,21.79,2.82,90.94,10.86,9.29,C0R600
墾雷,21.900836,120.855269,0.54,25.71,9.39,90.78,2.75,-0.13,C0R620
東港,22.46247,120.44074,0.97,26.13,4.57,85.17,4.64,3.64,C0R640
竹田,22.58486,120.54344,1.22,26.18,-3.6,79.67,8.36,7.98,C0R650
枋寮,22.367722,120.590647,1.05,26.01,6.39,86.94,5.78,3.18,C0R660
楓港,22.190131,120.692156,0.17,25.76,7.03,73.83,5.31,-3.59,C0R670
佳樂水,21.993578,120.861633,0.53,26.01,5.06,82.56,2.97,-3.18,C0R680
墾丁,21.966756,120.810269,1.13,24.06,1.21,86.31,4.39,-2.96,C0R690
枋山,22.246844,120.661086,0.97,26.43,6.4,75.5,6.22,1.37,C0R700
龍磐,21.931672,120.838942,0.56,24.94,4.94,88.44,2.61,-3.14,C0R710
旭海,22.205403,120.887614,0.42,23.67,15.41,98.56,6.53,-0.3,C0R720
大坪頂,22.024633,120.69355,0.56,24.62,15.22,89.67,3.83,-2.34,C0R730
獅子,22.201569,120.70525,0.72,25.84,7.59,76.39,7.69,-3.18,C0R740
四林格山,22.076989,120.802439,1.02,21.35,4.04,96.15,6.36,-1.89,C0R750
南仁湖,22.084681,120.863353,0.74,22.73,8.76,97.06,6.0,-2.47,C0R760
保力,22.071122,120.764111,0.87,25.04,6.88,84.33,5.31,-5.92,C0R770
滿州,22.024403,120.839892,0.81,25.42,3.06,81.56,3.33,-3.24,C0R780
九棚,22.14195,120.889281,0.52,24.82,4.81,85.56,4.06,-2.62,C0R790
丹路,22.204481,120.750989,0.85,25.01,7.77,81.17,12.08,-0.82,C0R800
內獅,22.305064,120.642986,1.07,25.86,16.09,96.94,6.94,2.99,C0R810
白鷺,22.454275,120.666219,1.22,22.68,4.76,88.06,11.42,6.82,C0R820
高士,22.121825,120.836781,0.84,22.35,5.83,93.33,7.86,-1.91,C0R830
牡丹池山,22.168389,120.841225,0.86,21.17,5.94,97.44,9.36,0.76,C0R840
下馬,23.150427,121.070312,1.02,19.14,5.18,90.9,2.61,-0.29,C0S660
太麻里,22.60902,120.98533,1.72,22.03,9.05,88.5,8.69,4.53,C0S690
知本,22.684866,121.005642,1.58,21.7,8.86,92.33,12.33,7.57,C0S700
鹿野,22.917711,121.122994,1.78,22.18,8.12,89.5,11.06,7.23,C0S710
綠島,22.6672,121.47533,1.06,24.26,14.35,97.43,4.36,-3.53,C0S730
池上,23.119628,121.209469,1.43,22.33,5.71,89.79,8.39,5.19,C0S740
向陽,23.248397,120.986133,2.18,12.94,9.97,95.0,6.86,1.17,C0S750
大溪山,22.478475,120.943325,1.39,22.38,10.31,89.39,14.67,10.08,C0S770
金崙,22.538122,120.966875,1.46,23.74,8.0,86.72,11.83,7.71,C0S790
東河,22.972672,121.303986,0.72,24.71,9.18,85.33,8.03,3.27,C0S810
長濱,23.286817,121.411975,1.34,23.43,6.62,84.57,6.08,0.15,C0S830
南田,22.279725,120.889208,0.93,25.53,22.85,98.78,7.08,3.25,C0S840
關山,23.0395,121.175017,1.29,23.12,6.57,88.72,8.97,6.51,C0S890
蘭嶼高中,22.04909,121.51214,0.81,26.01,9.73,85.78,13.22,-0.33,C0S900
蘭嶼燈塔,22.081197,121.503117,0.74,24.12,9.14,94.28,6.83,-2.01,C0S910
金峰嘉蘭,22.594789,120.960825,1.3,24.1,9.27,87.22,14.75,10.0,C0S920
延平,22.902581,121.084058,1.35,23.23,8.46,85.61,11.61,9.44,C0S930
石寧山,23.223772,121.406639,1.32,23.88,12.02,90.17,5.39,2.45,C0S940
香蘭,22.587569,120.993375,0.95,25.46,11.01,84.11,7.14,0.49,C0S960
加津林,22.416211,120.926942,1.02,25.59,10.04,79.89,12.06,5.98,C0S970
勝林山,22.430439,120.8938,1.38,18.54,5.58,98.56,19.56,10.34,C0S980
山豬窟,22.318619,120.857372,0.88,22.21,9.53,90.83,14.06,6.32,C0S990
歷坵,22.520969,120.89185,1.61,21.97,10.71,92.33,22.36,16.1,C0SA00
檳榔四格山,22.810031,121.109308,1.46,22.3,9.29,92.17,10.67,8.19,C0SA10
金崙山,22.567419,120.959667,1.96,19.53,3.68,94.33,16.58,10.68,C0SA20
都歷,23.020333,121.323642,1.57,24.71,25.71,98.89,7.33,4.86,C0SA30
瑞和,22.974361,121.156697,1.61,23.32,15.27,95.17,11.36,8.22,C0SA40
知本（水試所）,22.702394,121.082761,0.85,24.99,7.42,83.17,9.31,4.86,C0SA60
土坂,22.453108,120.887572,1.3,24.09,9.91,86.61,23.28,16.67,C0SA80
達仁林場,22.264347,120.823972,0.91,21.53,6.62,94.22,17.44,4.07,C0SA90
大禹嶺,24.186117,121.316086,1.58,10.88,7.46,89.5,5.39,2.33,C0T790
天祥,24.179597,121.495639,2.12,20.82,4.57,90.5,3.61,0.42,C0T820
鯉魚潭,23.935639,121.508944,1.51,22.42,3.44,92.06,3.68,-1.13,C0T870
西林,23.8119,121.441458,1.79,23.02,8.45,91.72,5.06,-2.41,C0T900
光復,23.660694,121.424964,2.03,23.45,-0.67,88.72,4.42,-2.13,C0T960
月眉山,23.809928,121.539828,1.96,21.37,1.37,95.06,4.72,-2.18,C0T9A0
水源,23.991861,121.537169,1.82,21.01,5.29,93.44,4.75,-1.92,C0T9B0
和中,24.26676,121.74103,1.04,23.69,14.79,99.22,13.5,6.16,C0T9D0
大坑,23.880628,121.581981,1.68,21.49,5.92,95.56,6.0,-0.65,C0T9E0
水璉,23.797131,121.542514,1.29,22.94,5.59,91.06,4.75,-1.7,C0T9F0
鳳林山,23.735269,121.420131,0.76,20.56,2.18,95.17,5.44,-1.66,C0T9G0
加路蘭山,23.682947,121.5274,1.79,20.1,3.97,99.06,7.89,-1.59,C0T9H0
靜浦,23.455167,121.495028,1.68,23.86,9.88,91.56,8.67,1.29,C0T9M0
富里,23.171639,121.249378,1.84,22.78,12.96,97.36,1.11,-1.77,C0T9N0
雙連埤,24.753033,121.641303,1.23,19.29,1.23,98.2,22.86,7.5,C0U520
礁溪,24.817539,121.765608,1.61,22.98,-0.23,91.06,13.81,2.97,C0U600
玉蘭,24.675286,121.587061,0.59,19.35,-6.76,85.36,23.69,10.57,C0U650
太平山,24.505486,121.525656,2.71,14.12,4.25,95.67,7.47,-1.27,C0U710
南山,24.43742,121.38167,2.03,17.1,1.84,96.11,6.08,2.14,C0U720
東澳,24.52196,121.83318,1.03,23.03,7.29,99.56,35.67,15.47,C0U760
南澳,24.44935,121.81022,1.01,23.54,3.35,88.33,19.61,9.03,C0U770
五結,24.68637,121.79794,0.69,22.27,5.03,93.0,25.08,7.26,C0U780
頭城,24.85323,121.8308,0.71,22.92,5.75,93.17,16.36,5.92,C0U860
大礁溪,24.791042,121.675047,1.36,20.25,7.31,98.39,18.67,5.74,C0U870
三星,24.66812,121.65302,1.23,22.15,5.42,98.89,20.44,9.04,C0U890
內城,24.71813,121.68766,1.29,22.53,4.67,94.39,18.67,9.43,C0U900
冬山,24.63373,121.7937,1.29,22.92,10.87,98.67,36.19,20.61,C0U910
羅東,24.68184,121.74934,1.59,22.6,5.54,93.89,25.97,13.76,C0U940
鶯子嶺,24.89754,121.79244,1.77,17.13,2.34,99.94,25.61,8.08,C0U950
翠峰湖,24.510856,121.608044,2.63,13.83,4.22,99.56,13.92,2.87,C0U960
大福,24.80064,121.81389,1.11,22.98,0.79,90.39,15.81,3.31,C0U970
坪林石牌,24.86478,121.77396,1.39,19.59,4.46,98.78,17.36,4.54,C0U980
員山,24.74435,121.72247,1.18,22.77,6.28,93.78,18.17,7.39,C0U990
土場,24.576533,121.495333,1.48,20.62,1.27,93.56,5.97,1.31,C0UA00
鴛鴦湖,24.590269,121.412228,2.47,14.71,2.85,98.67,19.92,7.62,C0UA10
多加屯,24.368614,121.373189,1.53,11.42,6.85,85.89,29.67,26.65,C0UA20
白嶺,24.527819,121.519031,1.97,15.92,1.0,97.89,7.0,1.19,C0UA30
西德山,24.560647,121.752608,1.87,17.14,1.54,98.61,32.14,9.5,C0UA40
西帽山,24.555361,121.802628,1.26,18.0,2.44,99.5,69.56,29.01,C0UA50
樟樹山,24.41393,121.78325,1.67,20.36,7.42,99.0,20.58,8.1,C0UA60
桃源谷,24.962606,121.888875,1.61,19.89,2.92,98.94,27.53,13.2,C0UA70
復興,23.222403,120.806089,0.65,21.88,7.29,84.94,6.56,6.13,C0V210
美濃,22.898742,120.519153,2.03,26.12,2.06,83.56,5.14,4.32,C0V310
溪埔,22.738578,120.446797,0.91,25.53,7.84,88.5,7.94,7.76,C0V350
內門,22.975481,120.466769,1.49,24.98,7.52,90.4,5.75,5.64,C0V360
古亭坑,22.893178,120.401947,1.48,24.7,3.53,88.81,1.06,0.22,C0V370
阿公店,22.804194,120.355528,0.53,24.66,5.24,86.78,5.17,4.88,C0V400
鳳山,22.646653,120.356122,0.62,25.76,10.51,87.78,8.0,7.62,C0V440
鳳森,22.545064,120.392592,0.93,25.68,2.99,82.83,4.86,4.24,C0V450
新興,22.627422,120.298803,1.22,26.3,3.9,78.44,6.36,5.04,C0V490
阿蓮,22.883208,120.327508,1.95,26.28,-15.16,65.44,7.08,6.82,C0V530
梓官,22.760558,120.267211,0.72,25.45,3.4,81.72,11.25,10.82,C0V610
永安,22.82315,120.236856,0.65,25.07,0.94,82.22,10.03,9.64,C0V620
茄萣,22.906642,120.182608,0.81,25.18,6.22,82.89,11.22,10.63,C0V630
湖內,22.887139,120.2445,0.49,24.94,2.02,81.17,7.25,6.85,C0V640
彌陀,22.783806,120.246361,1.22,25.88,4.98,84.61,11.06,10.65,C0V650
岡山,22.797078,120.294958,1.06,26.13,5.79,81.78,9.61,9.24,C0V660
仁武,22.701083,120.347722,0.7,25.9,9.9,87.89,8.83,8.54,C0V680
鼓山,22.623325,120.275575,0.45,25.47,5.43,83.89,6.86,6.37,C0V690
三民,22.645017,120.311233,0.58,26.25,5.92,77.94,6.17,5.74,C0V700
苓雅,22.622742,120.330669,1.28,26.8,10.7,82.0,5.67,5.26,C0V710
林園,22.507747,120.394511,1.43,27.48,7.78,80.72,4.56,4.01,C0V720
大寮,22.605614,120.395717,0.58,26.09,9.22,84.22,7.94,7.41,C0V730
旗山,22.888614,120.483597,1.81,26.36,2.11,80.78,4.92,4.75,C0V740
路竹,22.854997,120.259439,1.33,26.21,3.33,80.56,9.47,9.09,C0V750
橋頭,22.757806,120.30575,0.95,26.22,4.4,81.5,8.58,8.24,C0V760
大社,22.730306,120.346639,0.51,25.37,11.95,88.94,7.64,7.38,C0V770
萬山,22.905944,120.688056,0.69,23.48,6.3,85.83,7.44,7.16,C0V790
六龜,22.997889,120.633583,0.87,24.79,7.52,87.22,8.36,8.16,C0V800
左營,22.67491,120.28491,0.45,25.18,1.88,82.78,7.78,7.31,C0V810
小林,23.148408,120.63325,1.39,23.52,7.47,89.5,4.58,4.23,C0V820
東莒,25.9652,119.98069,2.02,21.08,-0.79,78.5,1.19,0.12,C0W110
花嶼,23.40007,119.32276,0.76,24.01,4.13,83.78,6.33,5.4,C0W130
金沙,24.488292,118.408778,1.86,23.19,-6.57,63.83,0.03,-0.57,C0W140
金寧,24.457703,118.328989,1.88,23.79,-3.76,66.39,0.0,-0.48,C0W150
東河,23.296598,120.385608,0.77,24.57,-1.73,80.94,3.44,3.24,C0X050
下營,23.22695,120.256261,0.84,24.57,0.19,80.44,3.31,3.04,C0X060
佳里,23.173039,120.145086,1.23,24.75,3.79,83.89,3.0,1.85,C0X080
臺南市北區,23.010394,120.194228,0.78,25.25,9.23,84.33,6.19,5.81,C0X100
臺南市南區,22.961189,120.188378,0.79,25.66,2.14,79.0,8.92,8.55,C0X110
麻豆,23.183289,120.248611,1.32,25.42,6.35,86.0,4.28,4.07,C0X120
官田,23.193217,120.315422,0.88,25.17,5.07,85.0,4.42,4.21,C0X130
西港,23.125608,120.203108,0.91,24.98,6.11,85.39,4.42,4.03,C0X140
安定,23.102614,120.227839,1.09,24.92,5.38,87.06,4.78,4.34,C0X150
仁德,22.968258,120.257689,1.15,25.84,4.85,81.56,5.94,5.57,C0X160
關廟,22.963017,120.327797,-0.04,24.34,7.68,84.78,4.53,4.37,C0X170
山上,23.0757,120.363253,1.27,25.05,1.75,84.11,5.64,5.57,C0X180
安平,22.993161,120.152181,0.57,24.86,3.81,83.56,8.97,8.56,C0X190
左鎮,23.056758,120.408522,2.05,25.35,-0.05,84.72,5.86,5.76,C0X200
白河,23.347466,120.414427,0.7,24.46,3.16,83.89,3.44,3.24,C0X210
學甲,23.230367,120.182187,1.0,24.47,3.31,83.11,2.97,2.71,C0X220
鹽水,23.272621,120.247641,0.73,24.18,2.82,84.11,2.28,2.04,C0X230
關子嶺,23.331169,120.508025,0.91,22.72,7.68,94.56,6.17,5.83,C0X240
新營,23.310689,120.316681,0.66,24.48,6.07,85.67,2.39,2.16,C0X250
後壁,23.366358,120.362326,0.83,24.34,0.98,82.89,2.36,2.14,C0X260
將軍,23.214999,120.13577,0.67,24.19,2.28,83.0,2.92,2.47,C0X280
北門,23.267772,120.125481,1.08,24.41,4.25,85.11,2.0,1.63,C0X290
鹿寮,23.386047,120.477331,1.34,24.38,10.32,94.78,3.94,3.63,C0X300
柳營,23.253328,120.375253,1.4,24.84,0.02,81.67,3.14,2.29,C0X320
明里,23.208717,121.262342,1.74,22.66,5.01,91.78,5.94,0.63,C0Z020
佳心,23.34567,121.21316,1.71,19.24,11.57,98.22,5.42,1.42,C0Z050
玉里,23.3215,121.339656,1.72,23.02,6.01,91.72,6.17,-0.64,C0Z061
舞鶴,23.46811,121.37407,2.03,22.43,8.72,99.72,5.82,0.41,C0Z070
富源,23.587642,121.378225,1.88,22.29,1.88,93.0,4.83,-1.89,C0Z080
東華,23.89525,121.549833,1.61,23.96,3.58,90.56,2.08,-3.54,C0Z100
吉安光華,23.930925,121.595153,1.34,24.0,-11.81,76.44,3.64,-1.56,C0Z150
鳳林,23.746114,121.453411,1.61,23.48,-1.0,85.0,4.28,-0.55,C0Z160
卓溪,23.3443,121.3029,1.08,23.01,4.1,86.5,5.78,2.26,C0Z170
富世,24.14743,121.6297,1.35,24.13,1.01,85.86,5.0,-0.71,C0Z190
萬榮,23.709219,121.420106,1.62,23.18,-1.4,85.78,4.81,-0.29,C0Z200
瑞穗,23.5239,121.39021,1.94,23.28,3.96,90.28,5.47,-0.49,C0Z210
和平林道,24.343922,121.656317,1.62,20.54,0.89,91.78,9.22,5.59,C0Z220
和平,24.30717,121.77007,0.44,23.44,9.28,83.17,9.31,1.55,C0Z230
瑞穗林道,23.49284,121.30688,3.63,19.58,0.09,96.89,6.61,-1.04,C0Z250
蕃薯寮,23.73835,121.540108,1.4,22.01,-0.08,90.83,5.06,-1.91,C0Z270
德武,23.47426,121.41071,1.43,22.84,2.29,90.44,6.11,0.7,C0Z280
赤柯山,23.36893,121.38293,1.58,18.59,5.64,98.56,10.28,3.61,C0Z290
東里,23.26853,121.30547,1.5,23.01,-2.84,89.06,6.36,2.39,C0Z300
清水斷崖,24.218294,121.689142,0.87,23.64,6.18,86.5,5.19,-0.1,C0Z310
清水林道,23.27125,121.188272,1.72,20.06,2.96,91.44,6.58,2.17,C0Z320
安通山,23.290728,121.348528,0.95,20.73,4.02,91.33,5.61,1.69,C0Z330
口湖工作站,23.589978,120.180394,1.69,24.12,5.88,77.53,1.35,1.17,12J990
東港工作站,22.479997,120.466058,1.28,26.09,5.1,72.47,6.0,4.85,12Q970
恆春工作站,22.079678,120.714425,1.25,26.45,10.99,72.24,3.18,0.78,12Q980
萬大發電廠,23.978875,121.139639,1.59,20.54,-3.37,79.76,2.91,2.7,42HA10
桃改樹林分場,24.944503,121.386972,0.42,23.35,6.17,80.47,0.59,-0.29,72AI40
桃園農改場,24.950944,121.030583,1.68,23.08,5.24,85.94,2.24,0.13,72C440
桃改五峰分場,24.612194,121.157167,2.64,19.28,0.06,87.35,1.12,-1.5,72D080
桃改新埔分場,24.834444,121.066111,1.05,23.56,9.7,83.0,0.04,-0.49,72D680
臺中農改場,24.003028,120.534389,1.53,24.24,4.91,84.59,3.26,2.43,72G600
中改埔里分場,23.903208,120.963364,2.03,22.18,2.21,88.71,0.71,0.56,72HA00
南改斗南分場,23.634556,120.477333,1.93,24.54,2.63,83.82,3.47,2.44,72K220
南改義竹分場,23.360694,120.279361,1.42,24.25,0.82,82.71,1.88,1.12,72M360
南改鹿草分場,23.416869,120.283061,1.66,24.19,8.01,85.76,1.88,1.73,72M700
臺南農改場,23.0605,120.342194,1.48,24.5,7.47,88.06,5.26,4.53,72N100
七股研究中心,23.081672,120.062894,1.4,24.4,4.61,83.76,4.88,3.13,72N240
高雄農改場,22.709333,120.525889,1.11,25.82,9.43,88.06,8.47,7.44,72Q010
東改班鳩分場,22.829528,121.077694,1.9,23.89,1.15,81.29,12.47,8.3,72S200
東改賓朗果園,22.813889,121.071278,1.29,23.04,0.35,85.38,10.19,5.76,72S590
花蓮農改場,23.975222,121.563889,1.99,24.17,1.13,84.06,3.18,-1.39,72T250
花改蘭陽分場,24.686306,121.716583,1.7,22.72,6.84,94.29,26.35,13.5,72U480
高改旗南分場,22.857861,120.516667,0.66,25.24,10.12,85.71,5.71,4.89,72V140
茶改北部分場,24.955778,121.631222,1.85,20.67,5.33,92.5,8.16,-1.7,82A750
茶改場,24.908472,121.185333,1.75,22.33,0.95,84.06,1.47,-1.53,82C160
茶改中部分場,23.875611,120.913583,0.79,21.06,3.75,88.31,2.59,1.07,82H320
茶改南部分場,23.762528,120.7405,1.18,22.53,2.84,89.94,3.74,2.67,82H840
茶改東部分場,22.907694,121.130139,1.26,23.71,1.9,83.24,10.59,6.77,82S580
農工中心,24.985917,121.239833,1.09,22.64,7.09,82.47,1.06,-1.6,A2C560
水試臺西試驗場,23.717231,120.190522,1.06,24.34,5.6,86.56,2.0,1.84,A2K360
臺大雲林校區,23.730628,120.423903,1.17,23.78,4.12,83.82,3.21,2.86,A2K630
臺南蘭花園區,23.340258,120.379661,1.52,24.4,1.32,83.12,2.94,2.19,A2N290
畜試北區分所,24.527806,120.770972,1.53,23.01,4.84,84.59,2.0,1.74,B2E890
畜產試驗所,23.058972,120.336406,1.68,24.78,9.32,91.22,9.5,8.55,B2N890
畜試南區分所,21.945583,120.802167,0.83,25.89,2.86,76.88,3.31,-0.04,B2Q810
畜試東區分所,24.669039,121.832561,2.23,23.3,5.97,96.12,36.88,20.52,B2U990
蓮華池,23.918333,120.885278,0.81,21.79,6.68,89.75,3.54,1.92,E2H360
林試畢祿溪站,24.226944,121.308522,0.46,13.01,6.75,87.7,0.25,-0.3,E2HA20
四湖植物園,23.676986,120.163433,1.77,24.39,7.99,91.94,2.06,1.88,E2K600
林試六龜中心,22.991703,120.645722,0.85,23.89,5.24,89.94,7.21,6.71,E2P980
林試太麻里2,22.598,120.99775,0.62,24.75,6.34,82.29,8.07,3.0,E2S960
林試太麻里1,22.598922,120.980044,0.57,23.84,7.28,84.43,12.04,5.26,E2S980
農試所(霧峰),24.031261,120.688133,1.76,24.75,7.66,87.76,2.35,1.5,G2F820
農試嘉義分所,23.485028,120.473806,1.52,24.17,4.3,86.24,3.74,3.14,G2L020
農試溪口農場,23.58565,120.408111,1.48,24.48,5.2,83.59,3.41,2.73,G2M350
農試鳳山分所,22.646611,120.356083,0.77,25.57,7.26,81.93,7.33,6.16,G2P820
苗栗農改場,24.495722,120.829111,1.54,22.78,3.12,85.06,4.03,2.74,K2E360
苗改生物防治研究中心,24.422861,120.871833,1.38,21.81,1.89,84.76,5.09,5.01,K2E710
種苗改良場,24.225972,120.800917,1.7,22.11,11.8,90.18,8.65,7.55,K2F750
溪頭,23.670306,120.798194,1.79,18.77,4.35,93.47,5.09,2.92,U2H480
臺大和社,23.590856,120.888864,2.43,21.51,6.76,88.06,2.94,2.54,U2HA30
臺大內茅埔,23.689722,120.851117,1.59,22.45,5.27,86.47,2.5,2.22,U2HA40
臺大竹山,23.756972,120.681556,1.55,24.45,-1.27,80.76,3.94,3.84,U2HA50
臺大竹山,23.756972,120.681556,1.55,24.45,-1.27,80.76,3.94,3.84,U2HA50
臺大內茅埔,23.689722,120.851117,1.59,22.45,5.27,86.47,2.5,2.22,U2HA40
臺大和社,23.590856,120.888864,2.43,21.51,6.76,88.06,2.94,2.54,U2HA30
臺大溪頭,23.670306,120.798194,1.79,18.77,4.35,93.47,5.09,2.92,U2H480
種苗繁殖,24.225972,120.800917,1.7,22.11,11.8,90.18,8.65,7.55,K2F750
苗改生物防治研究中心,24.422861,120.871833,1.38,21.81,1.89,84.76,5.09,5.01,K2E710
苗栗農改,24.495722,120.829111,1.54,22.78,3.12,85.06,4.03,2.74,K2E360
農試鳳山分所,22.646611,120.356083,0.77,25.57,7.26,81.93,7.33,6.16,G2P820
農試溪口農場,23.58565,120.408111,1.48,24.48,5.2,83.59,3.41,2.73,G2M350
農試嘉義分所,23.485028,120.473806,1.52,24.17,4.3,86.24,3.74,3.14,G2L020
農業試驗所,24.031261,120.688133,1.76,24.75,7.66,87.76,2.35,1.5,G2F820
林試太麻里1,22.598922,120.980044,0.57,23.84,7.28,84.43,12.04,5.26,E2S980
林試太麻里2,22.598014,120.989761,0.62,24.75,6.34,82.29,8.07,3.0,E2S960
林試六龜中心,22.991703,120.645722,0.85,23.89,5.24,89.94,7.21,6.71,E2P980
四湖植物園,23.676986,120.163433,1.77,24.39,7.99,91.94,2.06,1.88,E2K600
林試畢祿溪站,24.226944,121.308522,0.46,13.01,6.75,87.7,0.25,-0.3,E2HA20
蓮華池,23.918333,120.885278,0.81,21.79,6.68,89.75,3.54,1.92,E2H360
畜試東區分所,24.669039,121.832561,2.23,23.3,5.97,96.12,36.88,20.52,B2U990
畜試南區分所,21.945583,120.802167,0.83,25.89,2.86,76.88,3.31,-0.04,B2Q810
畜試所,23.058972,120.336406,1.68,24.78,9.32,91.22,9.5,8.55,B2N890
畜試北區分所,24.527806,120.770972,1.53,23.01,4.84,84.59,2.0,1.74,B2E890
臺南蘭花園區,23.340258,120.379661,1.52,24.4,1.32,83.12,2.94,2.19,A2N290
臺大雲林校區,23.730628,120.423903,1.17,23.78,4.12,83.82,3.21,2.86,A2K630
水試臺西試驗場,23.717231,120.190522,1.06,24.34,5.6,86.56,2.0,1.84,A2K360
農工中心,24.985917,121.239833,1.09,22.64,7.09,82.47,1.06,-1.6,A2C560
茶改東部分場,22.907694,121.130139,1.26,23.71,1.9,83.24,10.59,6.77,82S580
茶改南部分場,23.762528,120.7405,1.18,22.53,2.84,89.94,3.74,2.67,82H840
茶改中部分場,23.875611,120.913583,0.79,21.06,3.75,88.31,2.59,1.07,82H320
茶改場,24.908472,121.185333,1.75,22.33,0.95,84.06,1.47,-1.53,82C160
茶改北部分場,24.955778,121.631222,1.85,20.67,5.33,92.5,8.16,-1.7,82A750
高改旗南分場,22.857861,120.516667,0.66,25.24,10.12,85.71,5.71,4.89,72V140
花改蘭陽分場,24.686306,121.716583,1.7,22.72,6.84,94.29,26.35,13.5,72U480
花蓮農改,23.975222,121.563889,1.99,24.17,1.13,84.06,3.18,-1.39,72T250
東改賓朗果園,22.813889,121.071278,1.29,23.04,0.35,85.38,10.19,5.76,72S590
東改班鳩分場,22.829528,121.077694,1.9,23.89,1.15,81.29,12.47,8.3,72S200
高雄農改,22.709333,120.525889,1.11,25.82,9.43,88.06,8.47,7.44,72Q010
七股研究中心,23.081672,120.062894,1.4,24.4,4.61,83.76,4.88,3.13,72N240
臺南農改,23.0605,120.342194,1.48,24.5,7.47,88.06,5.26,4.53,72N100
南改鹿草分場,23.416869,120.283061,1.66,24.19,8.01,85.76,1.88,1.73,72M700
南改義竹分場,23.360694,120.279361,1.42,24.25,0.82,82.71,1.88,1.12,72M360
南改斗南分場,23.634556,120.477333,1.93,24.54,2.63,83.82,3.47,2.44,72K220
中改埔里分場,23.903208,120.963364,2.03,22.18,2.21,88.71,0.71,0.56,72HA00
臺中農改,24.003028,120.534389,1.53,24.24,4.91,84.59,3.26,2.43,72G600
桃改新埔分場,24.834444,121.066111,1.05,23.56,9.7,83.0,0.04,-0.49,72D680
桃改五峰分場,24.612194,121.157167,2.64,19.28,0.06,87.35,1.12,-1.5,72D080
桃園農改,24.950944,121.030583,1.68,23.08,5.24,85.94,2.24,0.13,72C440
桃改樹林分場,24.944503,121.386972,0.42,23.35,6.17,80.47,0.59,-0.29,72AI40
萬大發電廠,23.978875,121.139639,1.59,20.54,-3.37,79.76,2.91,2.7,42HA10
恆春工作站,22.079678,120.714425,1.25,26.45,10.99,72.24,3.18,0.78,12Q980
東港工作站,22.479997,120.466058,1.28,26.09,5.1,72.47,6.0,4.85,12Q970
口湖工作站,23.589978,120.180394,1.69,24.12,5.88,77.53,1.35,1.17,12J990
