站名,緯度,經度,平均溫距平,本年度平均溫,平均溼度距平,本年度日均相對溼度,本年度日均降水量,日均降水量距平,站號
淡水,25.164889,121.448906,1.41,25.28,3.52,81.28,12.42,7.36,466900
鞍部,25.182586,121.529731,1.7,19.75,6.57,97.69,75.74,54.73,466910
臺北,25.037658,121.514853,1.79,26.57,5.03,79.06,4.65,-0.18,466920
竹子湖,25.162078,121.544547,1.86,21.67,6.38,92.97,55.0,35.52,466930
基隆,25.133314,121.740475,1.27,25.64,8.39,83.62,39.46,27.3,466940
花蓮,23.975128,121.613275,1.01,26.04,6.92,81.56,10.63,-0.3,466990
新屋,25.006744,121.047486,1.06,25.57,8.57,83.64,2.77,0.93,467050
宜蘭,24.763975,121.756528,1.44,25.4,8.35,87.62,19.27,5.59,467080
金門,24.407306,118.289281,0.88,25.12,10.53,77.28,0.01,-1.04,467110
田中,23.873803,120.581286,1.24,27.01,10.6,85.89,0.2,0.19,467270
澎湖,23.565503,119.563094,0.52,26.12,8.95,83.5,0.34,-0.52,467350
臺南,22.993239,120.204772,0.73,27.27,5.55,77.96,4.15,3.18,467410
永康,23.038386,120.2367,1.21,27.21,8.23,80.56,4.98,3.75,467420
嘉義,23.495925,120.432906,1.24,26.38,7.35,85.13,0.25,-0.81,467480
臺中,24.145736,120.684075,1.41,27.12,5.79,75.93,0.08,-0.8,467490
阿里山,23.508208,120.813242,1.27,13.89,3.19,90.0,5.63,1.11,467530
大武,22.355675,120.903789,0.99,27.12,6.47,79.08,24.92,18.63,467540
玉山,23.487614,120.959522,0.62,7.44,8.36,72.47,6.24,1.92,467550
新竹,24.827853,121.014219,1.69,26.4,6.57,79.22,0.48,-1.3,467571
恆春,22.003897,120.746339,0.91,27.54,6.57,77.24,11.6,7.87,467590
成功,23.097486,121.373428,0.97,26.3,7.58,81.68,16.91,8.48,467610
日月潭,23.881325,120.90805,1.76,22.48,3.89,85.8,0.44,-1.04,467650
臺東,22.752211,121.154586,0.82,26.72,5.83,78.44,23.45,16.81,467660
馬祖,26.169269,119.923419,0.28,22.67,10.73,86.88,2.09,0.89,467990
山佳,24.974944,121.402008,1.73,26.19,3.46,80.53,2.82,-0.85,C0A520
坪林,24.938183,121.70975,2.07,23.24,-3.83,88.36,14.9,1.52,C0A530
泰平,24.971197,121.823711,1.66,21.92,4.07,98.42,51.7,27.03,C0A550
桶後,24.848222,121.597992,2.25,22.85,-1.04,92.55,17.4,3.74,C0A570
石碇,24.993969,121.662917,3.14,24.79,-5.01,85.4,12.58,-0.87,C0A640
大坪,25.165914,121.632969,2.45,23.45,4.71,96.18,65.95,44.06,C0A860
五指山,25.132153,121.608692,1.69,20.64,2.71,98.14,51.41,36.08,C0A870
雙溪,25.036003,121.864242,3.22,25.91,0.72,89.9,29.39,14.26,C0A890
三和,25.233153,121.595236,1.66,24.15,4.81,91.43,40.6,26.34,C0A931
金山,25.223628,121.643967,1.69,25.43,5.33,86.67,25.04,18.12,C0A940
鼻頭角,25.129036,121.923372,1.76,25.95,7.02,88.92,13.6,9.41,C0A950
三貂角,25.007606,122.002058,1.48,25.35,9.23,89.73,11.98,4.33,C0A970
社子,25.109508,121.469681,2.35,27.1,5.56,79.07,3.14,-0.11,C0A980
天母,25.117494,121.537169,1.92,26.52,-0.36,72.83,5.36,0.45,C0A9C0
內湖,25.079422,121.57545,1.16,25.73,19.8,96.35,7.58,2.57,C0A9F0
大屯山,25.175675,121.522408,2.01,18.62,-1.77,95.2,39.85,24.8,C0AC40
三峽,24.939025,121.369728,2.74,27.21,3.97,80.57,4.98,0.18,C0AC60
信義,25.037822,121.564597,2.68,26.78,6.0,84.0,11.12,5.05,C0AC70
文山,25.00235,121.575728,1.93,25.62,-0.53,81.5,9.83,2.63,C0AC80
新莊,25.051478,121.446756,1.24,26.18,5.53,77.47,2.77,-0.39,C0ACA0
八里,25.150211,121.403947,1.65,26.28,12.64,86.11,5.73,2.92,C0AD10
蘆洲,25.086594,121.472331,2.07,27.32,2.3,74.67,2.82,0.42,C0AD30
土城,24.973208,121.445169,1.64,25.64,5.99,83.28,4.17,-0.18,C0AD40
鶯歌,24.951533,121.346294,2.22,26.41,-0.98,78.5,2.25,-1.4,C0AD50
汐止,25.066881,121.658778,1.79,25.83,4.03,86.48,24.69,13.93,C0AH00
永和,25.01125,121.508111,2.14,26.88,5.93,79.97,5.2,1.12,C0AH10
五分山,25.07125,121.780794,2.22,21.26,1.43,98.0,52.79,24.82,C0AH30
平等,25.129142,121.577086,1.3,22.96,-0.91,86.32,24.12,12.78,C0AH40
林口,25.072181,121.38084,2.03,24.56,-1.52,85.53,3.0,0.02,C0AH50
松山,25.04871,121.55042,1.65,26.1,2.7,71.86,6.79,1.6,C0AH70
深坑,25.002703,121.628328,3.55,26.2,-0.0,85.9,12.7,4.78,C0AH80
福山植物園,24.760717,121.58135,2.65,21.11,4.85,98.03,21.48,1.22,C0AH90
五股,25.07445,121.42728,1.73,24.49,-2.13,83.26,3.48,1.89,C0AI00
屈尺,24.92184,121.54475,3.05,25.52,-8.51,75.83,11.23,4.93,C0AI10
白沙灣,25.283128,121.519058,1.28,25.13,2.52,88.15,9.92,8.29,C0AI20
三重,25.057328,121.500629,1.74,26.49,1.3,79.4,1.73,1.49,C0AI30
石牌,25.115597,121.513139,2.71,27.91,9.07,75.07,2.95,2.67,C0AI40
七堵,25.094819,121.71713,3.08,26.35,1.99,86.4,42.23,30.16,C0B010
基隆嶼,25.19141,121.78391,1.87,24.83,18.96,96.52,13.33,11.0,C0B020
復興,24.820208,121.352281,1.67,23.34,4.31,83.1,4.0,-1.05,C0C460
桃園,24.992425,121.323172,1.73,26.1,4.26,76.97,4.14,0.89,C0C480
八德,24.928708,121.283289,1.84,25.86,1.23,76.33,3.86,0.77,C0C490
觀音,25.027072,121.153317,1.14,24.89,9.1,86.11,3.73,1.14,C0C590
蘆竹,25.084275,121.265767,1.15,25.28,9.63,86.4,4.06,1.51,C0C620
大溪,24.882853,121.265547,1.48,24.53,6.87,83.03,3.4,0.5,C0C630
平鎮,24.897503,121.214636,1.9,24.64,2.45,81.86,3.76,0.95,C0C650
龍潭,24.870056,121.221389,1.23,24.0,5.14,82.63,4.93,1.97,C0C670
龜山,25.02846,121.38656,2.29,24.58,4.54,84.29,5.23,1.57,C0C680
中壢,24.977661,121.256375,2.21,25.22,4.57,79.4,3.3,1.71,C0C700
大溪永福,24.892936,121.324975,1.74,24.69,4.48,86.48,7.97,6.53,C0C710
梅花,24.678347,121.208558,2.21,23.66,4.72,84.76,3.59,-1.06,C0D360
峨眉,24.6905,121.017189,1.46,25.14,5.74,85.61,3.31,1.83,C0D430
打鐵坑,24.849664,121.150789,1.28,23.86,1.87,85.72,4.12,1.54,C0D480
橫山,24.71116,121.11693,0.92,23.81,8.13,90.28,2.39,-0.02,C0D540
雪霸,24.526972,121.11605,1.55,16.85,0.67,82.82,5.21,0.83,C0D550
竹東,24.767147,121.057881,2.03,25.83,5.21,76.72,1.04,-0.32,C0D560
寶山,24.735006,121.025192,1.5,24.76,6.07,84.92,1.46,-0.04,C0D580
新豐,24.87068,120.97721,1.3,24.91,17.1,95.17,1.24,-0.45,C0D590
湖口,24.904794,121.043628,0.81,24.85,4.69,80.07,1.25,-0.03,C0D650
新竹市東區,24.798681,120.986942,0.74,25.43,7.44,79.46,0.45,-0.59,C0D660
竹南,24.708978,120.888897,1.26,25.71,10.79,84.03,0.37,-0.75,C0E420
南庄,24.601775,121.000214,1.73,24.04,10.23,93.24,1.36,-1.14,C0E430
明德,24.583486,120.885411,1.79,25.87,4.64,81.69,2.13,1.18,C0E550
通霄,24.471892,120.704622,1.13,25.45,6.34,84.08,0.46,-0.14,C0E590
馬都安,24.451272,120.930192,1.29,21.48,5.3,90.0,0.88,-1.3,C0E610
頭份,24.688247,120.912206,1.95,26.82,8.76,79.0,0.85,-0.1,C0E730
造橋,24.637056,120.864778,1.0,25.69,6.45,82.41,1.31,0.26,C0E740
苗栗,24.564569,120.824575,1.22,26.07,2.55,73.74,1.02,0.23,C0E750
銅鑼,24.489681,120.790853,1.09,25.12,17.27,94.19,1.62,0.89,C0E780
西湖,24.562947,120.7485,1.35,25.3,7.04,86.43,1.09,0.38,C0E810
獅潭,24.539133,120.920042,0.41,23.1,-0.72,83.94,2.56,1.15,C0E820
苑裡,24.439714,120.653053,0.59,25.68,7.48,81.79,0.14,-0.37,C0E830
大河,24.618069,120.948578,-0.02,23.91,4.74,84.77,2.67,1.26,C0E850
高鐵苗栗,24.60725,120.826094,1.32,25.89,19.12,90.0,2.53,2.01,C0E870
石岡,24.276061,120.777644,1.45,25.36,7.06,86.59,2.27,1.74,C0F0B0
中坑,24.248517,120.903319,1.23,21.44,-0.44,89.58,2.29,0.95,C0F0C0
審馬陣,24.381675,121.4203,1.28,10.53,10.24,83.55,12.83,10.66,C0F0D0
東勢,24.246428,120.833047,2.31,25.86,3.21,80.39,2.61,2.18,C0F850
大坑,24.173142,120.722289,2.08,27.56,6.99,77.36,0.06,-0.35,C0F970
神岡,24.272481,120.658314,1.91,26.15,-0.76,76.1,0.05,-0.35,C0F9I0
大安,24.345061,120.588025,0.87,25.51,6.58,84.69,0.1,-0.31,C0F9K0
后里,24.310436,120.729725,1.86,25.91,6.23,83.33,0.48,0.07,C0F9L0
豐原,24.254322,120.720692,2.23,26.61,5.35,78.5,0.27,-0.11,C0F9M0
大里,24.092464,120.701378,1.79,28.38,-2.52,65.77,0.09,-0.35,C0F9N0
潭子,24.213106,120.703933,1.11,26.71,8.58,79.17,0.17,-0.24,C0F9O0
清水,24.312297,120.562242,1.11,26.01,5.47,83.5,0.06,-0.38,C0F9P0
外埔,24.347817,120.705686,2.27,26.4,3.94,83.79,0.21,-0.23,C0F9Q0
龍井,24.184536,120.528972,1.31,26.57,2.28,80.22,0.08,-0.22,C0F9R0
烏日,24.107058,120.624103,1.17,27.08,5.36,74.77,0.09,-0.33,C0F9S0
西屯,24.179494,120.641275,0.91,26.11,6.53,78.33,0.07,-0.35,C0F9T0
南屯,24.137006,120.637969,0.7,26.99,7.48,75.59,0.05,-0.36,C0F9U0
新社,24.200172,120.815806,1.48,24.17,5.38,86.17,0.69,0.19,C0F9V0
大雅(中科園區),24.21528,120.62445,0.74,25.61,6.11,82.44,0.06,-0.49,C0F9X0
桃山,24.432739,121.303808,0.72,9.66,11.33,86.57,6.68,3.18,C0F9Y0
雪山東峰,24.388792,121.268675,0.62,10.39,9.8,83.83,4.45,0.37,C0F9Z0
芬園,24.015678,120.6213,0.71,25.7,11.71,88.66,0.21,-0.28,C0G620
員林,23.946503,120.585597,2.17,27.79,9.67,85.33,0.18,-0.67,C0G650
溪湖,23.94835,120.479122,2.82,28.14,16.61,93.42,0.1,-0.3,C0G660
溪州,23.851589,120.499093,1.42,26.75,0.26,77.5,0.09,-0.66,C0G720
二林,23.903325,120.376081,0.89,25.89,4.65,87.2,0.05,-0.26,C0G730
大城,23.852487,120.320935,1.16,26.37,-7.77,69.52,0.03,-0.59,C0G740
福興,24.041289,120.437669,1.4,27.43,1.63,75.67,0.08,-0.23,C0G770
秀水,24.03405,120.503869,1.07,26.91,5.08,80.96,0.1,-0.23,C0G780
埔鹽,24.000394,120.431683,2.45,27.49,7.94,85.86,0.33,0.03,C0G800
埔心,23.947633,120.525456,1.17,26.9,24.91,99.47,0.1,-0.31,C0G810
田尾,23.901669,120.509389,1.92,27.49,5.59,85.33,0.17,-0.32,C0G820
埤頭,23.866003,120.452806,1.45,26.42,14.77,99.66,0.05,-0.32,C0G830
社頭,23.897647,120.5862,1.62,27.83,10.79,81.96,0.1,-0.51,C0G860
二水,23.810742,120.6173,2.56,28.1,5.4,82.45,0.22,-0.41,C0G880
伸港,24.148933,120.484403,0.85,26.25,4.79,80.61,0.05,-0.2,C0G890
線西,24.143358,120.443536,0.79,26.31,3.73,82.38,0.07,-0.21,C0G900
花壇,24.032076,120.549461,2.82,28.52,12.55,83.0,0.08,0.08,C0G910
埔里,23.972169,120.952425,1.69,26.14,-1.96,76.22,1.43,0.12,C0H890
草屯,23.973672,120.68085,1.08,26.9,4.79,77.48,0.09,-0.36,C0H960
昆陽,24.121322,121.273642,1.05,10.57,9.97,88.6,8.18,4.67,C0H990
神木村,23.532742,120.843667,1.78,18.87,0.32,89.38,5.91,2.36,C0H9A0
合歡山,24.143442,121.272547,0.63,9.41,19.97,89.77,6.15,2.89,C0H9C0
廬山,24.033311,121.181808,1.34,19.31,0.93,82.33,1.67,-1.02,C0I010
信義,23.689694,120.851036,0.54,23.83,-0.09,84.36,2.61,1.43,C0I080
竹山,23.761225,120.688156,1.3,26.08,5.24,84.33,1.1,-0.18,C0I110
水里,23.812553,120.849792,0.86,25.66,1.65,80.52,0.52,-0.47,C0I360
魚池,23.895703,120.94135,1.25,24.19,0.24,84.74,1.17,-0.16,C0I370
集集,23.828206,120.801467,0.8,25.86,0.9,82.85,0.73,-0.52,C0I380
仁愛,24.022122,121.132206,1.47,21.5,-2.22,80.14,0.9,-1.03,C0I390
名間,23.837053,120.701447,0.69,25.84,3.11,82.39,1.69,0.84,C0I410
國姓,24.037803,120.855072,0.91,25.95,1.94,82.03,2.0,0.83,C0I420
南投,23.911469,120.687331,1.14,27.13,8.23,82.62,0.45,-0.19,C0I460
梅峰,24.085272,121.173572,1.29,15.68,0.67,84.67,2.06,-0.58,C0I480
萬大林道,23.928228,121.091411,1.47,19.49,-6.24,80.43,1.52,-0.64,C0I490
小奇萊,24.131764,121.295717,1.0,10.26,13.15,88.61,11.82,8.76,C0I530
崙背,23.75555,120.318925,1.05,26.05,1.07,81.36,0.22,-0.21,C0K250
四湖,23.630414,120.227125,1.85,27.08,2.33,79.61,0.83,0.05,C0K280
宜梧,23.536281,120.169329,1.24,26.46,3.09,81.93,0.07,-0.44,C0K291
虎尾,23.719183,120.442036,1.29,26.73,8.95,86.24,0.16,-0.68,C0K330
土庫,23.679029,120.395574,1.36,26.68,7.77,85.5,0.78,0.25,C0K390
斗六,23.720583,120.541127,1.03,26.57,0.08,80.04,0.21,-0.4,C0K400
北港,23.573957,120.292802,1.15,26.63,0.12,79.04,0.11,-0.48,C0K410
西螺,23.800407,120.467394,1.13,26.43,2.23,82.7,0.08,-0.58,C0K420
褒忠,23.690938,120.303634,1.33,26.36,-5.15,74.61,0.19,-0.27,C0K430
二崙,23.772797,120.408944,1.07,25.99,4.77,84.21,0.12,-0.31,C0K440
大埤,23.646074,120.431537,1.48,26.8,3.74,83.2,0.2,-0.49,C0K450
斗南,23.678734,120.478359,1.3,26.69,3.33,80.91,0.18,-0.42,C0K460
林內,23.748675,120.609642,1.27,26.34,1.86,82.89,1.03,0.15,C0K470
莿桐,23.761192,120.502372,1.06,26.11,2.25,80.7,0.08,-0.57,C0K480
元長,23.64981,120.315024,1.16,26.49,3.8,81.62,0.1,-0.44,C0K500
水林,23.572924,120.24597,1.58,26.98,3.05,81.17,0.17,-0.49,C0K510
臺西,23.701547,120.197559,1.02,26.29,3.94,82.74,0.17,-0.26,C0K530
蔦松,23.514319,120.229736,0.99,26.5,3.48,82.3,0.08,-0.57,C0K550
棋山,23.68645,120.603417,1.04,26.37,4.01,84.97,2.98,1.82,C0K560
高鐵雲林,23.737456,120.417944,1.24,26.38,6.67,83.45,0.14,-0.34,C0K580
東後寮,23.369908,120.248065,1.04,26.35,4.29,83.03,0.3,-0.42,C0M520
奮起湖,23.493903,120.699253,1.67,19.43,0.09,93.07,4.36,0.32,C0M530
中埔,23.42538,120.5229,0.84,25.99,2.24,82.5,4.56,3.03,C0M640
朴子,23.43463,120.23902,0.49,25.94,5.46,83.62,0.29,-0.5,C0M650
溪口,23.604131,120.403569,1.48,26.68,-0.38,80.65,0.22,-0.38,C0M660
大林,23.600616,120.45841,0.99,26.6,3.21,81.2,0.27,-0.39,C0M670
太保,23.455062,120.331455,0.91,26.6,2.21,81.21,0.82,0.09,C0M680
水上,23.419734,120.388909,1.3,26.63,11.82,89.17,4.19,3.51,C0M690
竹崎,23.526178,120.555508,0.94,26.04,1.51,84.04,3.42,2.15,C0M700
東石,23.458927,120.15385,1.07,26.58,3.54,81.38,0.21,-0.51,C0M710
番路,23.464657,120.554156,0.83,25.43,6.15,86.93,2.77,1.35,C0M720
嘉義市東區,23.457673,120.460531,1.03,27.62,3.67,77.82,1.27,0.36,C0M730
六腳,23.492871,120.290625,1.02,26.58,3.33,80.65,0.31,-0.39,C0M740
布袋,23.380878,120.167789,1.26,26.89,0.03,79.83,0.5,-0.46,C0M750
民雄,23.551754,120.428457,0.99,26.71,1.58,80.33,1.29,0.65,C0M760
嘉義梅山,23.585398,120.555587,0.72,25.84,10.26,90.7,4.48,3.34,C0M770
鹿草,23.41134,120.30835,1.25,26.98,6.38,83.22,3.25,2.51,C0M780
新港,23.553269,120.345728,0.98,26.73,1.78,78.96,0.12,-0.49,C0M790
茶山,23.299075,120.664767,0.59,24.44,3.27,87.86,7.43,4.85,C0M800
里佳,23.389125,120.716647,1.24,19.82,-4.5,85.54,7.88,5.55,C0M810
達邦,23.453994,120.749517,0.9,21.6,5.07,88.03,4.9,3.0,C0M820
表湖,23.24186,120.64166,0.73,22.58,1.81,91.04,7.62,6.38,C0M850
新美,23.338017,120.683169,0.46,24.02,2.35,85.8,5.28,3.88,C0M860
北寮,23.079561,120.495008,0.86,26.25,9.01,92.07,5.52,3.68,C0O830
王爺宮,23.222064,120.40085,3.02,28.05,-4.27,80.0,1.63,0.62,C0O840
大內,23.11885,120.36083,2.03,28.12,5.44,85.46,4.48,3.41,C0O860
善化,23.112883,120.297219,1.2,26.91,9.54,88.57,3.17,2.1,C0O900
崎頂,22.959547,120.369317,1.46,26.45,8.01,89.4,4.38,2.98,C0O960
虎頭埤,23.021375,120.347878,0.93,26.2,3.57,84.93,5.82,4.47,C0O970
新市,23.061614,120.298197,1.6,27.72,4.71,82.07,5.21,4.24,C0O980
媽廟,22.99175,120.293525,0.25,26.57,17.99,96.32,4.16,3.0,C0O990
尾寮山,22.833111,120.683889,1.55,21.34,-1.94,89.94,18.47,10.08,C0R100
阿禮,22.742908,120.743678,0.68,21.27,0.83,84.83,27.52,22.86,C0R130
瑪家,22.682903,120.686639,0.12,21.95,9.42,97.11,28.75,24.3,C0R140
三地門,22.709889,120.639944,0.57,26.67,-3.63,74.63,19.67,15.37,C0R150
鹽埔,22.739558,120.530778,0.55,26.88,0.48,87.64,19.96,17.36,C0R160
屏東,22.660269,120.494072,0.72,27.22,-0.19,80.0,23.33,21.26,C0R170
赤山,22.592333,120.614306,0.28,26.42,5.14,90.13,23.85,19.36,C0R190
潮州,22.534361,120.54,0.89,27.32,4.05,81.97,20.47,17.87,C0R220
來義,22.527306,120.625111,-0.3,25.38,10.35,93.57,27.87,22.26,C0R240
春日,22.370361,120.628306,0.11,25.98,2.66,83.66,23.69,20.14,C0R260
琉球嶼,22.332244,120.362236,0.45,26.97,1.4,84.69,10.81,9.34,C0R270
車城,22.0744,120.716247,-0.06,26.94,13.09,82.9,16.38,15.49,C0R320
牡丹,22.130036,120.792639,1.65,24.94,9.83,94.41,21.88,17.9,C0R341
貓鼻頭,21.921774,120.7358,1.16,27.28,3.24,80.46,8.36,5.54,C0R350
大漢山,22.405264,120.753181,1.71,16.63,4.12,97.44,60.92,56.31,C0R440
高樹,22.826389,120.600806,0.56,26.97,-2.99,75.35,15.78,13.37,C0R470
長治,22.693128,120.542622,1.07,27.57,7.12,88.0,21.6,19.37,C0R480
九如,22.7405,120.490503,1.0,27.59,0.36,80.6,12.52,10.28,C0R490
崁頂,22.514781,120.506914,2.42,29.21,4.4,83.71,15.89,14.03,C0R520
佳冬,22.419456,120.552375,0.15,26.74,5.39,83.94,25.39,23.04,C0R540
新埤,22.467947,120.582894,0.82,26.92,-0.48,81.25,18.66,16.04,C0R550
新園,22.5434,120.461558,1.34,28.05,-2.67,75.77,14.83,13.31,C0R560
麟洛,22.65078,120.52719,1.16,28.0,6.26,84.2,18.37,15.99,C0R570
南州,22.48591,120.50274,0.32,26.85,6.28,84.93,13.22,11.34,C0R580
里港,22.77919,120.49459,0.57,27.0,2.98,83.04,14.18,12.15,C0R590
舊泰武,22.588194,120.664944,0.68,22.66,2.03,91.0,31.98,23.06,C0R600
墾雷,21.900836,120.855269,0.37,26.87,10.48,91.76,8.9,-1.0,C0R620
東港,22.46247,120.44074,0.52,27.28,4.92,84.5,35.43,34.77,C0R640
竹田,22.58486,120.54344,0.57,27.06,-3.28,79.72,21.33,19.64,C0R650
枋寮,22.367722,120.590647,0.23,26.94,9.1,87.1,13.64,12.94,C0R660
楓港,22.190131,120.692156,-0.14,26.9,7.88,74.17,27.75,27.1,C0R670
佳樂水,21.993578,120.861633,0.65,27.45,5.34,81.92,6.62,3.57,C0R680
枋山,22.246844,120.661086,-0.2,26.93,15.23,80.39,16.09,15.8,C0R700
龍磐,21.931672,120.838942,0.38,26.18,6.67,88.58,7.83,4.58,C0R710
旭海,22.205403,120.887614,0.57,25.08,15.95,99.08,15.5,11.61,C0R720
大坪頂,22.024633,120.69355,0.48,25.92,16.47,90.18,12.11,11.3,C0R730
獅子,22.201569,120.70525,0.68,27.15,7.99,76.63,23.3,22.43,C0R740
四林格山,22.076989,120.802439,1.46,23.01,7.67,100.0,15.62,11.62,C0R750
南仁湖,22.084681,120.863353,0.84,24.09,8.58,97.0,14.28,8.41,C0R760
保力,22.071122,120.764111,0.93,26.33,6.11,83.92,16.38,14.13,C0R770
滿州,22.024403,120.839892,0.84,26.79,3.37,81.33,10.17,6.6,C0R780
九棚,22.14195,120.889281,0.51,26.05,5.14,85.33,11.58,8.2,C0R790
丹路,22.204481,120.750989,0.91,26.39,8.07,81.36,32.88,30.55,C0R800
內獅,22.305064,120.642986,0.42,26.8,18.11,96.76,17.58,16.87,C0R810
白鷺,22.454275,120.666219,0.52,23.21,8.25,92.83,50.67,50.22,C0R820
高士,22.121825,120.836781,1.04,23.77,4.1,92.0,20.73,15.7,C0R830
牡丹池山,22.168389,120.841225,1.19,22.72,4.68,97.0,21.9,17.34,C0R840
下馬,23.150427,121.070312,1.37,21.49,5.29,91.04,26.46,25.31,C0S660
太麻里,22.60902,120.98533,1.59,23.39,6.89,90.5,31.98,25.99,C0S690
知本,22.684866,121.005642,1.19,22.91,7.44,93.67,73.5,64.95,C0S700
鹿野,22.917711,121.122994,1.57,23.73,7.3,90.23,33.06,25.92,C0S710
綠島,22.6672,121.47533,1.15,26.05,12.11,95.93,15.83,7.46,C0S730
池上,23.119628,121.209469,1.42,24.09,5.29,91.0,22.33,16.19,C0S740
向陽,23.248397,120.986133,1.39,13.58,4.73,97.61,32.67,23.98,C0S750
大溪山,22.478475,120.943325,1.15,23.69,5.88,90.63,27.28,20.47,C0S770
金崙,22.538122,120.966875,1.39,25.12,5.23,87.73,28.23,21.18,C0S790
東河,22.972672,121.303986,0.45,26.12,8.86,87.04,16.38,9.13,C0S810
長濱,23.286817,121.411975,1.5,25.25,3.91,83.28,14.78,6.44,C0S830
南田,22.279725,120.889208,1.02,26.88,19.53,98.62,18.31,12.94,C0S840
關山,23.0395,121.175017,1.23,24.81,5.17,89.09,29.98,17.15,C0S890
蘭嶼高中,22.04909,121.51214,0.96,27.36,8.83,83.97,17.19,9.9,C0S900
蘭嶼燈塔,22.081197,121.503117,0.89,25.46,11.48,94.04,13.88,9.41,C0S910
金峰嘉蘭,22.594789,120.960825,0.93,25.29,7.48,88.25,62.9,60.12,C0S920
延平,22.902581,121.084058,1.01,24.7,6.77,85.9,48.72,47.52,C0S930
石寧山,23.223772,121.406639,1.27,25.51,9.34,89.1,10.82,6.99,C0S940
七塊厝,22.954453,121.229922,1.22,23.54,5.98,91.9,30.85,27.83,C0S950
香蘭,22.587569,120.993375,0.94,26.85,12.17,84.79,28.3,25.85,C0S960
加津林,22.416211,120.926942,1.01,26.93,7.58,80.73,22.8,20.29,C0S970
勝林山,22.430439,120.8938,1.25,20.05,3.66,97.86,41.07,36.03,C0S980
山豬窟,22.318619,120.857372,0.79,23.6,6.48,91.0,26.4,23.38,C0S990
歷坵,22.520969,120.89185,1.46,23.24,7.09,92.93,39.43,37.06,C0SA00
檳榔四格山,22.810031,121.109308,1.12,23.61,7.01,92.64,22.5,21.01,C0SA10
金崙山,22.567419,120.959667,1.76,20.85,2.26,95.61,46.61,42.78,C0SA20
都歷,23.020333,121.323642,1.58,26.33,23.29,98.39,16.24,12.83,C0SA30
瑞和,22.974361,121.156697,1.17,24.82,12.71,94.08,24.02,22.38,C0SA40
知本（水試所）,22.702394,121.082761,0.68,26.21,10.02,85.6,22.68,19.93,C0SA60
土坂,22.453108,120.887572,1.29,25.31,6.09,88.14,45.27,42.11,C0SA80
達仁林場,22.264347,120.823972,1.03,22.84,11.77,99.94,43.83,39.28,C0SA90
大禹嶺,24.186117,121.316086,0.9,11.75,11.79,90.5,6.67,3.11,C0T790
天祥,24.179597,121.495639,1.73,22.44,6.45,88.47,10.4,2.55,C0T820
鯉魚潭,23.935639,121.508944,1.19,23.94,3.87,91.57,10.85,-0.5,C0T870
西林,23.8119,121.441458,1.76,24.74,7.5,89.43,13.8,-0.19,C0T900
光復,23.660694,121.424964,1.66,24.96,0.86,89.3,11.28,-0.37,C0T960
月眉山,23.809928,121.539828,1.48,22.77,1.7,94.58,10.96,-1.08,C0T9A0
水源,23.991861,121.537169,1.9,22.88,4.66,90.86,14.31,2.01,C0T9B0
和中,24.26676,121.74103,0.72,25.41,17.27,98.87,20.87,5.54,C0T9D0
大坑,23.880628,121.581981,1.57,23.29,6.69,94.18,16.09,1.95,C0T9E0
水璉,23.797131,121.542514,0.89,24.34,7.04,90.4,10.9,-1.95,C0T9F0
鳳林山,23.735269,121.420131,0.71,22.17,3.57,94.62,15.65,2.43,C0T9G0
加路蘭山,23.682947,121.5274,2.13,22.21,2.96,96.61,14.44,1.58,C0T9H0
靜浦,23.455167,121.495028,1.49,25.48,7.68,90.64,17.68,8.34,C0T9M0
富里,23.171639,121.249378,1.3,24.23,11.04,96.17,23.08,20.37,C0T9N0
雙連埤,24.753033,121.641303,1.49,21.34,1.7,97.11,19.11,0.79,C0U520
礁溪,24.817539,121.765608,1.32,24.92,-1.5,86.65,16.08,4.36,C0U600
太平山,24.505486,121.525656,2.59,15.52,2.23,96.82,11.3,-4.15,C0U710
南山,24.43742,121.38167,2.4,18.78,3.2,96.36,10.18,6.1,C0U720
龜山島,24.841667,121.953133,0.7,22.89,3.0,93.83,7.14,2.5,C0U750
東澳,24.52196,121.83318,0.81,25.01,11.71,97.66,48.67,17.43,C0U760
南澳,24.44935,121.81022,0.55,25.16,8.27,87.1,22.95,4.32,C0U770
五結,24.68637,121.79794,1.18,25.05,3.99,87.89,25.93,9.07,C0U780
頭城,24.85323,121.8308,1.88,25.66,4.72,89.35,10.28,-3.03,C0U860
大礁溪,24.791042,121.675047,2.09,22.32,9.05,96.87,16.7,1.44,C0U870
三星,24.66812,121.65302,2.83,25.17,6.56,96.9,23.98,5.03,C0U890
內城,24.71813,121.68766,2.4,25.04,4.05,89.96,18.25,2.95,C0U900
冬山,24.63373,121.7937,2.37,25.53,13.77,97.5,22.72,-0.3,C0U910
羅東,24.68184,121.74934,2.78,25.31,3.57,87.94,11.75,-5.56,C0U940
鶯子嶺,24.89754,121.79244,2.54,19.01,3.61,99.85,29.87,12.06,C0U950
翠峰湖,24.510856,121.608044,2.86,15.37,4.64,99.47,25.18,13.93,C0U960
大福,24.80064,121.81389,2.03,25.54,1.42,86.07,14.5,1.87,C0U970
坪林石牌,24.86478,121.77396,2.41,21.74,4.03,97.6,15.96,2.9,C0U980
員山,24.74435,121.72247,2.09,25.18,6.58,90.03,19.37,3.76,C0U990
土場,24.576533,121.495333,2.24,22.83,8.98,100.0,10.96,6.21,C0UA00
鴛鴦湖,24.590269,121.412228,2.93,16.44,2.43,98.72,28.26,15.88,C0UA10
多加屯,24.368614,121.373189,1.7,12.32,7.12,90.39,9.29,6.68,C0UA20
白嶺,24.527819,121.519031,2.47,17.63,2.84,98.38,13.12,6.27,C0UA30
西德山,24.560647,121.752608,2.85,19.13,0.37,96.41,51.61,20.52,C0UA40
西帽山,24.555361,121.802628,2.09,20.06,1.77,97.52,58.55,18.11,C0UA50
樟樹山,24.41393,121.78325,2.18,22.33,10.78,98.37,23.17,7.87,C0UA60
桃源谷,24.962606,121.888875,2.84,22.32,2.12,97.68,30.98,11.13,C0UA70
復興,23.222403,120.806089,0.3,23.03,5.49,84.11,5.47,3.56,C0V210
美濃,22.898742,120.519153,1.39,27.43,1.81,82.41,17.53,15.01,C0V310
溪埔,22.738578,120.446797,0.49,26.82,6.34,87.08,16.54,14.81,C0V350
內門,22.975481,120.466769,1.01,26.42,9.55,93.28,7.94,6.19,C0V360
古亭坑,22.893178,120.401947,0.84,26.2,3.38,87.97,7.08,6.04,C0V370
阿公店,22.804194,120.355528,0.06,26.12,4.87,84.8,10.27,9.02,C0V400
鳳山,22.646653,120.356122,-0.26,26.64,10.02,87.94,24.17,22.28,C0V440
鳳森,22.545064,120.392592,0.41,26.73,0.22,82.8,16.08,13.36,C0V450
新興,22.627422,120.298803,0.7,27.75,4.09,77.5,15.72,14.1,C0V490
阿蓮,22.883208,120.327508,1.94,28.25,-14.25,64.46,7.04,5.92,C0V530
梓官,22.760558,120.267211,0.2,27.04,4.82,81.89,17.89,16.64,C0V610
永安,22.82315,120.236856,0.42,26.88,1.32,80.88,9.4,7.95,C0V620
茄萣,22.906642,120.182608,0.79,27.28,8.29,82.39,8.61,7.58,C0V630
湖內,22.887139,120.2445,0.2,26.66,3.52,80.87,7.55,6.31,C0V640
彌陀,22.783806,120.246361,0.87,27.51,6.9,85.22,14.42,13.18,C0V650
岡山,22.797078,120.294958,0.89,27.95,5.63,80.57,11.18,9.6,C0V660
仁武,22.701083,120.347722,0.47,27.53,9.66,86.23,20.04,18.11,C0V680
鼓山,22.623325,120.275575,0.16,27.06,5.16,82.73,25.11,23.58,C0V690
三民,22.645017,120.311233,0.22,27.74,6.12,76.97,16.97,15.33,C0V700
苓雅,22.622742,120.330669,0.88,28.19,10.46,80.67,16.9,15.04,C0V710
林園,22.507747,120.394511,1.02,28.65,7.46,79.96,14.5,13.32,C0V720
大寮,22.605614,120.395717,0.27,27.43,8.39,83.04,14.6,13.19,C0V730
旗山,22.888614,120.483597,1.71,28.0,1.56,79.62,12.52,11.19,C0V740
路竹,22.854997,120.259439,1.11,28.0,4.18,79.03,8.27,6.82,C0V750
橋頭,22.757806,120.30575,0.51,27.73,6.07,81.73,12.55,11.2,C0V760
大社,22.730306,120.346639,0.28,27.11,12.55,88.3,27.72,25.85,C0V770
萬山,22.905944,120.688056,0.87,24.93,2.18,83.85,7.15,4.62,C0V790
六龜,22.997889,120.633583,0.81,26.27,4.91,84.71,4.5,1.03,C0V800
左營,22.67491,120.28491,0.13,26.77,2.26,81.9,13.5,11.87,C0V810
小林,23.148408,120.63325,0.82,24.89,3.62,88.07,7.13,5.14,C0V820
東莒,25.9652,119.98069,0.57,23.69,5.04,81.78,1.28,0.93,C0W110
花嶼,23.40007,119.32276,0.6,25.86,6.56,85.48,1.74,0.86,C0W130
金沙,24.488292,118.408778,1.27,25.61,-1.32,66.39,0.0,-0.53,C0W140
金寧,24.457703,118.328989,1.13,26.05,0.47,67.96,0.0,-0.52,C0W150
東河,23.296598,120.385608,0.7,26.66,-2.35,78.96,0.68,-0.13,C0X050
下營,23.22695,120.256261,0.94,26.79,1.3,79.33,1.08,0.26,C0X060
佳里,23.173039,120.145086,1.01,26.92,6.59,84.0,3.87,2.87,C0X080
臺南市北區,23.010394,120.194228,0.95,27.53,10.1,81.26,4.78,4.06,C0X100
臺南市南區,22.961189,120.188378,0.84,27.66,3.0,79.0,6.15,5.36,C0X110
麻豆,23.183289,120.248611,1.62,27.85,8.42,84.09,2.66,1.97,C0X120
官田,23.193217,120.315422,1.12,27.42,4.98,82.21,1.29,0.53,C0X130
西港,23.125608,120.203108,1.42,27.67,7.74,83.38,3.38,2.61,C0X140
安定,23.102614,120.227839,1.16,27.2,7.26,84.83,2.93,2.13,C0X150
仁德,22.968258,120.257689,1.13,27.75,5.58,80.43,4.98,4.04,C0X160
關廟,22.963017,120.327797,-0.03,26.42,8.62,82.97,5.15,3.84,C0X170
山上,23.0757,120.363253,1.15,26.88,2.7,82.8,6.93,5.84,C0X180
安平,22.993161,120.152181,0.69,27.06,5.7,82.68,5.93,4.93,C0X190
左鎮,23.056758,120.408522,2.07,27.24,0.4,83.39,5.31,3.8,C0X200
白河,23.347466,120.414427,0.87,26.58,2.2,82.08,0.66,-0.25,C0X210
學甲,23.230367,120.182187,1.02,26.62,5.12,82.27,1.82,1.01,C0X220
鹽水,23.272621,120.247641,0.76,26.4,4.66,82.83,0.67,-0.16,C0X230
關子嶺,23.331169,120.508025,0.75,24.21,6.34,94.11,9.95,6.89,C0X240
新營,23.310689,120.316681,1.06,26.97,6.4,84.77,0.59,-0.2,C0X250
後壁,23.366358,120.362326,1.22,26.73,0.68,81.72,0.78,-0.18,C0X260
將軍,23.214999,120.13577,0.89,26.54,5.03,82.95,3.33,2.47,C0X280
北門,23.267772,120.125481,0.92,26.6,6.25,84.33,1.85,1.1,C0X290
鹿寮,23.386047,120.477331,1.17,26.32,8.76,92.94,4.03,2.72,C0X300
柳營,23.253328,120.375253,0.96,26.92,4.84,81.71,0.82,0.71,C0X320
明里,23.208717,121.262342,1.55,24.07,4.67,92.17,20.97,12.73,C0Z020
佳心,23.34567,121.21316,1.59,20.72,9.38,97.27,19.77,14.12,C0Z050
玉里,23.3215,121.339656,1.11,24.25,3.1,88.5,21.17,10.85,C0Z061
舞鶴,23.46811,121.37407,1.63,23.86,9.2,99.1,11.37,3.31,C0Z070
富源,23.587642,121.378225,1.86,24.1,1.86,92.03,11.69,4.51,C0Z080
東華,23.89525,121.549833,1.35,25.46,5.45,90.56,5.61,-6.24,C0Z100
吉安光華,23.930925,121.595153,1.36,25.51,-8.32,76.93,13.17,0.32,C0Z150
鳳林,23.746114,121.453411,1.73,25.04,11.61,95.97,12.85,-1.47,C0Z160
卓溪,23.3443,121.3029,1.46,24.48,6.32,88.04,18.82,16.05,C0Z170
富世,24.14743,121.6297,1.65,25.75,-1.66,83.72,11.83,3.56,C0Z190
萬榮,23.709219,121.420106,1.58,24.58,-0.48,85.75,12.38,-2.27,C0Z200
瑞穗,23.5239,121.39021,2.04,24.76,3.68,89.5,10.69,5.07,C0Z210
和平林道,24.343922,121.656317,1.71,22.08,2.42,91.23,14.03,5.23,C0Z220
和平,24.30717,121.77007,0.87,25.22,10.36,81.96,14.39,5.89,C0Z230
瑞穗林道,23.49284,121.30688,3.85,21.07,0.68,96.7,18.8,11.1,C0Z250
蕃薯寮,23.73835,121.540108,1.56,23.6,0.12,89.12,12.58,-4.31,C0Z270
德武,23.47426,121.41071,1.85,24.64,2.75,89.37,13.21,8.46,C0Z280
赤柯山,23.36893,121.38293,2.0,20.21,5.35,98.07,22.12,16.09,C0Z290
東里,23.26853,121.30547,1.74,24.64,-3.22,88.15,20.08,16.42,C0Z300
清水斷崖,24.218294,121.689142,1.5,25.5,4.15,83.58,10.81,1.06,C0Z310
清水林道,23.27125,121.188272,1.96,21.71,0.87,90.62,33.22,29.64,C0Z320
安通山,23.290728,121.348528,1.33,22.37,7.22,94.37,20.05,16.27,C0Z330
口湖工作站,23.589978,120.180394,1.29,26.25,5.84,77.03,0.09,0.09,12J990
東港工作站,22.479997,120.466058,0.35,27.24,4.08,72.08,8.96,8.09,12Q970
恆春工作站,22.079678,120.714425,0.87,27.5,7.9,72.24,9.26,8.81,12Q980
萬大發電廠,23.978875,121.139639,1.48,22.46,-11.78,74.29,0.54,0.18,42HA10
桃改樹林分場,24.944503,121.386972,1.81,25.61,1.58,78.22,4.63,2.29,72AI40
桃園農改場,24.950944,121.030583,1.51,25.35,6.16,83.62,2.19,0.48,72C440
桃改五峰分場,24.612194,121.157167,2.19,20.44,3.69,91.41,3.66,-1.0,72D080
桃改新埔分場,24.834444,121.066111,1.41,25.45,8.69,81.27,1.27,1.09,72D680
臺中農改場,24.003028,120.534389,1.58,26.65,3.99,81.57,0.12,-0.59,72G600
中改埔里分場,23.903208,120.963364,1.15,23.53,-0.46,86.75,1.02,0.63,72HA00
南改斗南分場,23.634556,120.477333,1.52,26.56,2.55,82.66,0.38,-0.57,72K220
南改義竹分場,23.360694,120.279361,1.09,26.33,1.05,81.31,0.33,-0.4,72M360
南改鹿草分場,23.416869,120.283061,1.3,26.27,6.88,85.39,0.79,0.7,72M700
臺南農改場,23.0605,120.342194,0.49,26.23,7.51,87.46,9.05,7.71,72N100
七股研究中心,23.081672,120.062894,0.99,26.63,5.69,83.71,4.52,4.46,72N240
高雄農改場,22.709333,120.525889,0.24,26.72,9.27,88.55,14.78,12.7,72Q010
東改班鳩分場,22.829528,121.077694,1.38,25.13,3.43,82.76,32.07,25.58,72S200
東改賓朗果園,22.813889,121.071278,1.06,24.4,2.57,86.93,35.11,31.07,72S590
花蓮農改場,23.975222,121.563889,1.57,25.6,2.83,84.21,13.55,3.07,72T250
花改蘭陽分場,24.686306,121.716583,1.86,25.12,3.96,89.15,26.57,9.65,72U480
高改旗南分場,22.857861,120.516667,-0.12,26.54,9.57,84.67,19.26,17.12,72V140
茶改北部分場,24.955778,121.631222,2.13,22.79,2.49,89.31,13.02,0.68,82A750
茶改場,24.908472,121.185333,1.6,24.45,1.54,82.72,3.74,0.35,82C160
茶改中部分場,23.875611,120.913583,0.47,22.38,0.51,85.72,0.57,-0.86,82H320
茶改南部分場,23.762528,120.7405,0.45,23.93,2.07,89.1,1.47,-0.26,82H840
茶改東部分場,22.907694,121.130139,0.74,25.05,4.4,85.21,20.33,13.7,82S580
農工中心,24.985917,121.239833,1.38,24.89,6.29,78.9,2.71,0.15,A2C560
水試臺西試驗場,23.717231,120.190522,1.23,26.34,6.31,86.0,0.14,-0.25,A2K360
臺大雲林校區,23.730628,120.423903,1.18,25.86,5.93,83.25,0.12,0.11,A2K630
臺南蘭花園區,23.340258,120.379661,1.07,26.35,5.1,83.26,0.52,0.49,A2N290
畜試北區分所,24.527806,120.770972,1.47,24.8,8.44,85.1,0.47,0.18,B2E890
畜產試驗所,23.058972,120.336406,0.72,26.0,5.6,86.76,7.28,5.75,B2N890
畜試南區分所,21.945583,120.802167,0.62,27.08,4.14,77.81,7.33,2.97,B2Q810
畜試東區分所,24.669039,121.832561,2.09,25.01,5.01,91.39,25.71,7.62,B2U990
蓮華池,23.918333,120.885278,0.21,23.41,6.63,87.1,0.36,-0.97,E2H360
林試畢祿溪站,24.226944,121.308522,-0.14,14.26,7.46,89.75,7.39,6.46,E2HA20
四湖植物園,23.676986,120.163433,1.25,26.53,8.55,91.1,0.76,0.74,E2K600
林試六龜中心,22.991703,120.645722,0.62,25.43,-6.54,77.56,8.82,8.55,E2P980
林試太麻里2,22.598,120.99775,0.4,25.94,7.49,82.59,31.59,28.8,E2S960
林試太麻里1,22.598922,120.980044,0.88,25.41,5.59,83.04,34.7,31.15,E2S980
農試所(霧峰),24.031261,120.688133,1.36,26.6,9.08,88.52,0.19,-0.53,G2F820
農試嘉義分所,23.485028,120.473806,1.26,26.07,6.95,86.33,1.2,0.16,G2L020
農試溪口農場,23.58565,120.408111,1.18,26.54,1.46,83.38,0.17,-0.18,G2M350
農試鳳山分所,22.646611,120.356083,0.24,26.96,7.29,81.76,14.29,12.88,G2P820
苗栗農改場,24.495722,120.829111,1.35,24.92,2.59,83.34,0.64,-0.56,K2E360
苗改生物防治研究中心,24.422861,120.871833,1.49,23.85,1.51,83.36,1.2,0.76,K2E710
種苗改良場,24.225972,120.800917,1.38,23.95,11.1,89.64,0.8,-0.65,K2F750
溪頭,23.670306,120.798194,1.31,19.57,2.57,94.03,4.09,2.2,U2H480
臺大和社,23.590856,120.888864,1.11,22.7,5.78,87.48,2.05,1.26,U2HA30
臺大內茅埔,23.689722,120.851117,0.34,23.74,4.42,85.15,2.3,1.95,U2HA40
臺大竹山,23.756972,120.681556,1.48,26.31,0.06,79.8,1.8,1.52,U2HA50
臺大竹山,23.756972,120.681556,1.48,26.31,0.06,79.8,1.8,1.52,U2HA50
臺大內茅埔,23.689722,120.851117,0.34,23.74,4.42,85.15,2.3,1.95,U2HA40
臺大和社,23.590856,120.888864,1.11,22.7,5.78,87.48,2.05,1.26,U2HA30
臺大溪頭,23.670306,120.798194,1.31,19.57,2.57,94.03,4.09,2.2,U2H480
種苗繁殖,24.225972,120.800917,1.38,23.95,11.1,89.64,0.8,-0.65,K2F750
苗改生物防治研究中心,24.422861,120.871833,1.49,23.85,1.51,83.36,1.2,0.76,K2E710
苗栗農改,24.495722,120.829111,1.35,24.92,2.59,83.34,0.64,-0.56,K2E360
農試鳳山分所,22.646611,120.356083,0.24,26.96,7.29,81.76,14.29,12.88,G2P820
農試溪口農場,23.58565,120.408111,1.18,26.54,1.46,83.38,0.17,-0.18,G2M350
農試嘉義分所,23.485028,120.473806,1.26,26.07,6.95,86.33,1.2,0.16,G2L020
農業試驗所,24.031261,120.688133,1.36,26.6,9.08,88.52,0.19,-0.53,G2F820
林試太麻里1,22.598922,120.980044,0.88,25.41,5.59,83.04,34.7,31.15,E2S980
林試太麻里2,22.598014,120.989761,0.4,25.94,7.49,82.59,31.59,28.8,E2S960
林試六龜中心,22.991703,120.645722,0.62,25.43,-6.54,77.56,8.82,8.55,E2P980
四湖植物園,23.676986,120.163433,1.25,26.53,8.55,91.1,0.76,0.74,E2K600
林試畢祿溪站,24.226944,121.308522,-0.14,14.26,7.46,89.75,7.39,6.46,E2HA20
蓮華池,23.918333,120.885278,0.21,23.41,6.63,87.1,0.36,-0.97,E2H360
畜試東區分所,24.669039,121.832561,2.09,25.01,5.01,91.39,25.71,7.62,B2U990
畜試南區分所,21.945583,120.802167,0.62,27.08,4.14,77.81,7.33,2.97,B2Q810
畜試所,23.058972,120.336406,0.72,26.0,5.6,86.76,7.28,5.75,B2N890
畜試北區分所,24.527806,120.770972,1.47,24.8,8.44,85.1,0.47,0.18,B2E890
臺南蘭花園區,23.340258,120.379661,1.07,26.35,5.1,83.26,0.52,0.49,A2N290
臺大雲林校區,23.730628,120.423903,1.18,25.86,5.93,83.25,0.12,0.11,A2K630
水試臺西試驗場,23.717231,120.190522,1.23,26.34,6.31,86.0,0.14,-0.25,A2K360
農工中心,24.985917,121.239833,1.38,24.89,6.29,78.9,2.71,0.15,A2C560
茶改東部分場,22.907694,121.130139,0.74,25.05,4.4,85.21,20.33,13.7,82S580
茶改南部分場,23.762528,120.7405,0.45,23.93,2.07,89.1,1.47,-0.26,82H840
茶改中部分場,23.875611,120.913583,0.47,22.38,0.51,85.72,0.57,-0.86,82H320
茶改場,24.908472,121.185333,1.6,24.45,1.54,82.72,3.74,0.35,82C160
茶改北部分場,24.955778,121.631222,2.13,22.79,2.49,89.31,13.02,0.68,82A750
高改旗南分場,22.857861,120.516667,-0.12,26.54,9.57,84.67,19.26,17.12,72V140
花改蘭陽分場,24.686306,121.716583,1.86,25.12,3.96,89.15,26.57,9.65,72U480
花蓮農改,23.975222,121.563889,1.57,25.6,2.83,84.21,13.55,3.07,72T250
東改賓朗果園,22.813889,121.071278,1.06,24.4,2.57,86.93,35.11,31.07,72S590
東改班鳩分場,22.829528,121.077694,1.38,25.13,3.43,82.76,32.07,25.58,72S200
高雄農改,22.709333,120.525889,0.24,26.72,9.27,88.55,14.78,12.7,72Q010
七股研究中心,23.081672,120.062894,0.99,26.63,5.69,83.71,4.52,4.46,72N240
臺南農改,23.0605,120.342194,0.49,26.23,7.51,87.46,9.05,7.71,72N100
南改鹿草分場,23.416869,120.283061,1.3,26.27,6.88,85.39,0.79,0.7,72M700
南改義竹分場,23.360694,120.279361,1.09,26.33,1.05,81.31,0.33,-0.4,72M360
南改斗南分場,23.634556,120.477333,1.52,26.56,2.55,82.66,0.38,-0.57,72K220
中改埔里分場,23.903208,120.963364,1.15,23.53,-0.46,86.75,1.02,0.63,72HA00
臺中農改,24.003028,120.534389,1.58,26.65,3.99,81.57,0.12,-0.59,72G600
桃改新埔分場,24.834444,121.066111,1.41,25.45,8.69,81.27,1.27,1.09,72D680
桃改五峰分場,24.612194,121.157167,2.19,20.44,3.69,91.41,3.66,-1.0,72D080
桃園農改,24.950944,121.030583,1.51,25.35,6.16,83.62,2.19,0.48,72C440
桃改樹林分場,24.944503,121.386972,1.81,25.61,1.58,78.22,4.63,2.29,72AI40
萬大發電廠,23.978875,121.139639,1.48,22.46,-11.78,74.29,0.54,0.18,42HA10
恆春工作站,22.079678,120.714425,0.87,27.5,7.9,72.24,9.26,8.81,12Q980
東港工作站,22.479997,120.466058,0.35,27.24,4.08,72.08,8.96,8.09,12Q970
口湖工作站,23.589978,120.180394,1.29,26.25,5.84,77.03,0.09,0.09,12J990
