站名,緯度,經度,平均溫距平,本年度平均溫,平均溼度距平,本年度日均相對溼度,本年度日均降水量,日均降水量距平,站號
淡水,25.164889,121.448906,0.48,19.3,-0.87,77.0,0.0,-3.98,466900
鞍部,25.182586,121.529731,0.92,14.1,-5.96,85.0,0.0,-15.49,466910
臺北,25.037658,121.514853,0.24,20.1,-2.36,71.0,0.0,-3.99,466920
竹子湖,25.162078,121.544547,2.12,17.05,-5.24,81.0,0.0,-13.75,466930
基隆,25.133314,121.740475,-0.36,19.2,3.56,78.0,0.0,-11.27,466940
花蓮,23.975128,121.613275,-0.39,20.6,-3.86,68.0,0.0,-4.73,466990
新屋,25.006744,121.047486,-0.36,18.4,3.66,79.0,0.0,-2.58,467050
宜蘭,24.763975,121.756528,0.21,19.6,-3.26,75.0,0.0,-8.57,467080
金門,24.407306,118.289281,0.56,18.2,8.66,77.0,0.0,-0.55,467110
田中,23.873803,120.581286,-1.45,18.8,9.5,82.0,0.0,0.0,467270
澎湖,23.565503,119.563094,-0.26,20.6,-0.88,74.0,0.0,-1.27,467350
臺南,22.993239,120.204772,-0.34,20.7,-2.68,70.0,0.0,-1.48,467410
永康,23.038386,120.2367,-0.07,20.6,4.2,77.0,0.0,-1.2,467420
嘉義,23.495925,120.432906,-1.3,18.6,4.93,81.0,0.0,-1.37,467480
臺中,24.145736,120.684075,-0.14,20.15,5.87,76.5,0.0,-0.83,467490
阿里山,23.508208,120.813242,-0.83,8.15,-14.42,64.0,0.0,-2.46,467530
大武,22.355675,120.903789,-1.75,21.0,2.5,71.0,0.0,-3.17,467540
玉山,23.487614,120.959522,-0.59,2.15,1.31,59.5,0.0,-3.63,467550
新竹,24.827853,121.014219,-0.27,19.0,0.8,75.0,0.0,-2.12,467571
恆春,22.003897,120.746339,-0.9,22.4,-1.02,67.0,0.0,-2.12,467590
成功,23.097486,121.373428,-1.19,20.2,-1.11,71.0,0.0,-4.83,467610
日月潭,23.881325,120.90805,-1.74,15.2,4.61,79.0,0.0,-1.62,467650
臺東,22.752211,121.154586,-0.11,21.95,-4.48,65.0,0.0,-3.99,467660
馬祖,26.169269,119.923419,0.8,16.3,7.79,84.0,0.0,-1.74,467990
山佳,24.974944,121.402008,0.2,19.5,-1.75,75.0,0.0,-3.8,C0A520
坪林,24.938183,121.70975,0.14,16.6,-8.25,83.0,0.0,-7.42,C0A530
泰平,24.971197,121.823711,0.34,15.7,-4.02,90.0,0.0,-15.92,C0A550
桶後,24.848222,121.597992,-0.37,15.5,-0.1,94.0,0.0,-10.45,C0A570
石碇,24.993969,121.662917,2.35,18.8,-10.65,78.0,0.0,-6.62,C0A640
大坪,25.165914,121.632969,1.92,18.1,-6.1,85.0,0.0,-28.63,C0A860
五指山,25.132153,121.608692,3.63,17.9,-6.73,86.0,0.0,-13.12,C0A870
雙溪,25.036003,121.864242,1.17,18.9,-5.83,84.0,0.0,-12.32,C0A890
金山,25.223628,121.643967,0.76,19.5,-5.67,75.0,0.0,-7.56,C0A940
鼻頭角,25.129036,121.923372,1.46,21.1,-1.33,75.0,0.0,-2.65,C0A950
三貂角,25.007606,122.002058,2.15,21.5,-6.93,72.0,0.0,-4.71,C0A970
社子,25.109508,121.469681,0.22,20.0,6.75,81.0,0.0,-2.21,C0A980
天母,25.117494,121.537169,0.06,19.8,-0.52,71.0,0.0,-2.83,C0A9C0
內湖,25.079422,121.57545,0.91,20.6,9.12,84.0,0.0,-3.64,C0A9F0
大屯山,25.175675,121.522408,3.95,15.1,-6.81,88.0,0.0,-9.19,C0AC40
三峽,24.939025,121.369728,1.61,20.2,-4.29,74.0,0.0,-4.95,C0AC60
信義,25.037822,121.564597,2.96,21.7,-5.54,71.0,0.0,-4.46,C0AC70
文山,25.00235,121.575728,0.57,18.8,-3.88,78.0,0.0,-4.62,C0AC80
新莊,25.051478,121.446756,0.62,19.9,-0.54,71.0,0.0,-2.54,C0ACA0
八里,25.150211,121.403947,1.24,20.1,3.58,78.0,0.0,-3.04,C0AD10
蘆洲,25.086594,121.472331,1.05,20.7,2.6,73.0,0.0,-2.05,C0AD30
土城,24.973208,121.445169,0.63,19.1,1.6,79.0,0.0,-5.01,C0AD40
鶯歌,24.951533,121.346294,1.56,20.0,-3.2,75.0,0.0,-3.72,C0AD50
汐止,25.066881,121.658778,0.78,19.1,-7.22,77.0,0.0,-11.81,C0AH00
永和,25.01125,121.508111,2.0,21.4,-6.46,70.0,0.0,-3.5,C0AH10
五分山,25.07125,121.780794,1.45,16.3,-6.75,88.0,0.0,-30.93,C0AH30
平等,25.129142,121.577086,0.91,17.9,-13.95,73.0,0.0,-10.03,C0AH40
林口,25.072181,121.38084,1.16,19.0,-8.27,78.0,0.0,-1.38,C0AH50
松山,25.04871,121.55042,0.54,20.4,-6.81,62.0,0.0,-3.44,C0AH70
深坑,25.002703,121.628328,0.79,19.1,-2.75,80.0,0.0,-4.88,C0AH80
福山植物園,24.760717,121.58135,-0.05,13.6,-3.17,91.0,0.0,-13.33,C0AH90
五股,25.07445,121.42728,0.24,19.2,-11.33,75.0,0.0,-1.21,C0AI00
屈尺,24.92184,121.54475,0.19,18.5,-11.25,72.0,0.0,-8.04,C0AI10
白沙灣,25.283128,121.519058,-0.47,18.9,12.18,82.0,0.0,-1.5,C0AI20
三重,25.057328,121.500629,2.39,20.6,-6.88,72.0,0.0,-0.94,C0AI30
石牌,25.115597,121.513139,2.71,21.2,6.62,73.0,0.0,-0.62,C0AI40
七堵,25.094819,121.71713,2.78,21.95,-5.67,76.0,0.0,-14.38,C0B010
基隆嶼,25.19141,121.78391,1.32,20.55,14.42,89.0,0.0,-3.04,C0B020
復興,24.820208,121.352281,2.06,18.15,-9.91,66.0,0.0,-2.77,C0C460
桃園,24.992425,121.323172,1.71,20.2,-3.23,69.0,0.0,-1.81,C0C480
八德,24.928708,121.283289,2.37,20.25,-12.17,67.0,0.0,-5.29,C0C490
觀音,25.027072,121.153317,1.49,19.4,-2.07,74.5,0.0,-3.67,C0C590
蘆竹,25.084275,121.265767,1.42,19.6,2.22,80.5,0.0,-4.41,C0C620
大溪,24.882853,121.265547,2.06,19.3,-6.13,69.5,0.0,-2.97,C0C630
平鎮,24.897503,121.214636,2.35,19.35,-5.88,72.0,0.0,-3.02,C0C650
楊梅,24.912375,121.143047,1.82,19.85,-5.62,70.5,0.0,-2.28,C0C660
龍潭,24.870056,121.221389,1.73,19.0,-7.57,73.5,0.0,-3.77,C0C670
龜山,25.02846,121.38656,2.52,20.2,-3.19,76.5,0.0,-2.09,C0C680
中壢,24.977661,121.256375,1.88,20.25,-8.92,67.0,0.0,-1.58,C0C700
大溪永福,24.892936,121.324975,2.26,18.25,-7.0,80.5,0.0,-6.19,C0C710
梅花,24.678347,121.208558,-0.25,16.15,-1.77,75.0,0.0,-3.29,C0D360
峨眉,24.6905,121.017189,-0.35,17.6,2.38,83.0,0.0,-2.75,C0D430
打鐵坑,24.849664,121.150789,0.97,17.75,-5.23,78.5,0.0,-2.62,C0D480
橫山,24.71116,121.11693,0.69,17.8,2.86,81.5,0.0,-2.22,C0D540
雪霸,24.526972,121.11605,-0.0,10.55,-17.54,53.0,0.0,-2.18,C0D550
竹東,24.767147,121.057881,2.27,20.05,-4.02,67.5,0.0,-1.47,C0D560
寶山,24.735006,121.025192,0.4,17.8,2.62,81.0,0.0,-1.88,C0D580
新豐,24.87068,120.97721,1.45,19.05,8.77,86.5,0.0,-1.74,C0D590
湖口,24.904794,121.043628,1.48,19.8,-7.34,69.5,0.0,-1.27,C0D650
新竹市東區,24.798681,120.986942,0.61,19.6,-1.64,72.5,0.0,-1.11,C0D660
竹南,24.708978,120.888897,-0.14,18.85,9.54,83.5,0.0,-1.65,C0E420
南庄,24.601775,121.000214,0.04,17.2,7.84,89.0,0.0,-2.42,C0E430
明德,24.583486,120.885411,0.62,18.95,4.62,82.5,0.0,-1.4,C0E550
通霄,24.471892,120.704622,0.02,18.75,5.78,84.5,0.0,-0.92,C0E590
馬都安,24.451272,120.930192,1.32,16.85,-8.36,70.5,0.0,-1.49,C0E610
頭份,24.688247,120.912206,1.4,20.15,6.02,77.0,0.0,-1.1,C0E730
造橋,24.637056,120.864778,-0.48,18.25,5.08,83.0,0.0,-1.79,C0E740
苗栗,24.564569,120.824575,0.86,19.75,-1.0,72.5,0.0,-1.25,C0E750
銅鑼,24.489681,120.790853,0.21,18.3,13.15,92.0,0.0,-1.02,C0E780
西湖,24.562947,120.7485,0.17,18.4,6.56,86.0,0.0,-1.0,C0E810
獅潭,24.539133,120.920042,0.32,17.25,-0.83,82.5,0.0,-1.95,C0E820
苑裡,24.439714,120.653053,-0.06,19.3,6.22,81.5,0.0,-0.58,C0E830
大河,24.618069,120.948578,-2.66,16.5,1.46,80.5,0.0,-0.31,C0E850
高鐵苗栗,24.60725,120.826094,-0.98,18.85,15.56,87.5,0.0,0.0,C0E870
石岡,24.276061,120.777644,-0.06,18.75,3.95,83.5,0.0,0.0,C0F0B0
中坑,24.248517,120.903319,-0.99,15.65,-5.06,74.0,0.0,-0.06,C0F0C0
審馬陣,24.381675,121.4203,-1.44,4.35,-11.94,58.5,0.0,-0.72,C0F0D0
東勢,24.246428,120.833047,1.27,19.15,-2.45,76.0,0.0,-0.61,C0F850
大坑,24.173142,120.722289,1.11,20.8,2.28,75.0,0.0,-0.5,C0F970
神岡,24.272481,120.658314,1.36,19.85,-7.17,72.0,0.0,-0.5,C0F9I0
大安,24.345061,120.588025,0.18,19.45,5.55,83.0,0.0,-0.56,C0F9K0
后里,24.310436,120.729725,0.82,19.15,-0.47,78.0,0.0,-0.61,C0F9L0
豐原,24.254322,120.720692,2.03,20.65,-2.28,73.0,0.0,-0.51,C0F9M0
大里,24.092464,120.701378,0.38,21.25,-4.45,65.0,0.0,-0.48,C0F9N0
潭子,24.213106,120.703933,0.64,20.25,1.83,75.5,0.0,-0.4,C0F9O0
清水,24.312297,120.562242,0.15,19.6,5.7,83.5,0.0,-0.41,C0F9P0
外埔,24.347817,120.705686,1.41,20.05,1.53,79.5,0.0,-0.59,C0F9Q0
龍井,24.184536,120.528972,0.45,20.25,1.65,79.0,0.0,-0.38,C0F9R0
烏日,24.107058,120.624103,0.35,20.35,3.7,74.5,0.0,-0.24,C0F9S0
西屯,24.179494,120.641275,0.57,19.95,2.85,75.5,0.0,-0.28,C0F9T0
南屯,24.137006,120.637969,0.3,20.75,4.5,74.5,0.0,-0.29,C0F9U0
新社,24.200172,120.815806,1.6,18.75,-13.2,69.0,0.0,-0.65,C0F9V0
大雅(中科園區),24.21528,120.62445,-0.35,19.45,1.92,79.0,0.0,0.0,C0F9X0
桃山,24.432739,121.303808,-1.6,3.85,-14.9,56.5,0.0,-0.35,C0F9Y0
雪山東峰,24.388792,121.268675,-1.87,4.3,-14.7,56.0,0.0,-0.52,C0F9Z0
芬園,24.015678,120.6213,-0.96,18.2,8.85,87.5,0.0,-0.5,C0G620
員林,23.946503,120.585597,1.09,21.3,0.92,75.5,0.0,-0.85,C0G650
溪湖,23.94835,120.479122,1.3,21.1,16.53,94.0,0.0,-0.48,C0G660
溪州,23.851589,120.499093,-0.7,19.8,1.54,77.0,0.0,-0.02,C0G720
二林,23.903325,120.376081,-0.9,19.2,4.21,86.0,0.0,0.0,C0G730
大城,23.852487,120.320935,-0.57,19.8,-8.88,67.5,0.0,-0.02,C0G740
福興,24.041289,120.437669,0.47,20.65,2.55,78.0,0.0,-0.28,C0G770
秀水,24.03405,120.503869,0.37,20.45,6.88,83.0,0.0,-0.31,C0G780
埔鹽,24.000394,120.431683,1.39,20.8,5.62,85.0,0.0,-0.28,C0G800
埔心,23.947633,120.525456,0.46,20.55,23.22,100.0,0.0,-0.4,C0G810
田尾,23.901669,120.509389,0.06,19.9,5.55,87.0,0.0,-0.45,C0G820
埤頭,23.866003,120.452806,-0.27,19.4,14.69,97.5,0.0,-0.25,C0G830
社頭,23.897647,120.5862,0.54,21.05,7.4,80.5,0.0,-0.5,C0G860
二水,23.810742,120.6173,2.18,22.2,1.42,79.0,0.0,-0.51,C0G880
伸港,24.148933,120.484403,0.26,20.05,4.4,80.0,0.0,-0.29,C0G890
線西,24.143358,120.443536,0.76,19.95,5.75,82.5,0.0,0.0,C0G900
埔里,23.972169,120.952425,-1.9,18.05,-0.35,77.5,0.0,-0.2,C0H890
草屯,23.973672,120.68085,-0.07,19.95,0.65,75.0,0.0,-0.6,C0H960
昆陽,24.121322,121.273642,-0.9,4.65,-12.25,60.5,0.0,-5.43,C0H990
神木村,23.532742,120.843667,-0.19,12.95,-16.58,62.5,0.0,-2.64,C0H9A0
合歡山,24.143442,121.272547,-0.77,2.7,-1.58,73.0,0.0,-4.85,C0H9C0
廬山,24.033311,121.181808,0.24,14.3,-12.8,56.0,0.0,-3.04,C0I010
信義,23.689694,120.851036,-2.06,16.7,-6.35,73.5,0.0,-0.32,C0I080
竹山,23.761225,120.688156,-0.37,19.2,-0.9,80.0,0.0,-1.39,C0I110
水里,23.812553,120.849792,-0.62,19.55,-8.1,70.0,0.0,-0.25,C0I360
魚池,23.895703,120.94135,-1.72,17.2,-8.15,73.0,0.0,-0.32,C0I370
集集,23.828206,120.801467,-0.62,19.7,-8.75,71.5,0.0,-0.22,C0I380
仁愛,24.022122,121.132206,-3.02,13.2,-6.25,70.0,0.0,-0.3,C0I390
名間,23.837053,120.701447,-1.34,18.9,0.05,77.5,0.0,-0.15,C0I410
國姓,24.037803,120.855072,-1.63,18.55,-1.8,79.0,0.0,-0.2,C0I420
南投,23.911469,120.687331,-1.03,20.0,6.83,80.5,0.0,-0.06,C0I460
梅峰,24.085272,121.173572,-1.79,9.15,-13.85,63.5,0.0,-0.48,C0I480
萬大林道,23.928228,121.091411,-1.06,14.4,-16.25,54.5,0.0,-0.4,C0I490
小奇萊,24.131764,121.295717,-2.5,4.0,-10.0,64.0,0.0,-0.56,C0I530
崙背,23.75555,120.318925,-1.71,18.45,6.25,84.5,0.0,-0.08,C0K250
四湖,23.630414,120.227125,-0.22,19.75,5.15,82.0,0.0,-1.01,C0K280
宜梧,23.536281,120.169329,-0.1,19.8,3.04,81.5,0.0,-0.26,C0K291
虎尾,23.719183,120.442036,-0.24,19.9,6.5,82.0,0.0,-1.05,C0K330
土庫,23.679029,120.395574,-0.71,19.8,9.79,86.0,0.0,-0.02,C0K390
斗六,23.720583,120.541127,-0.8,19.85,-2.46,75.5,0.0,-0.12,C0K400
北港,23.573957,120.292802,-0.59,20.0,-0.88,77.5,0.0,-0.04,C0K410
西螺,23.800407,120.467394,-0.68,19.75,2.42,81.0,0.0,-0.04,C0K420
褒忠,23.690938,120.303634,-0.55,19.65,1.79,80.0,0.0,0.0,C0K430
二崙,23.772797,120.408944,-0.82,19.35,6.85,84.5,0.0,0.0,C0K440
大埤,23.646074,120.431537,-0.83,19.7,1.17,78.5,0.0,-0.04,C0K450
斗南,23.678734,120.478359,-0.63,19.9,-0.29,76.5,0.0,-0.1,C0K460
林內,23.748675,120.609642,-0.89,19.35,-2.3,76.5,0.0,-0.12,C0K470
莿桐,23.761192,120.502372,-0.63,19.6,0.2,76.5,0.0,-0.05,C0K480
元長,23.64981,120.315024,-0.61,19.8,4.5,81.0,0.0,-0.02,C0K500
水林,23.572924,120.24597,-0.58,19.9,3.5,81.0,0.0,-0.06,C0K510
臺西,23.701547,120.197559,-0.59,19.9,2.75,81.0,0.0,0.0,C0K530
蔦松,23.514319,120.229736,-0.75,19.7,3.45,82.5,0.0,-0.05,C0K550
棋山,23.68645,120.603417,-1.07,19.2,-1.2,79.0,0.0,-0.15,C0K560
高鐵雲林,23.737456,120.417944,-1.2,19.1,8.75,85.0,0.0,-0.03,C0K580
東後寮,23.369908,120.248065,-0.97,19.45,3.58,82.0,0.0,-0.06,C0M520
奮起湖,23.493903,120.699253,-1.06,13.3,-3.8,77.0,0.0,-1.88,C0M530
中埔,23.42538,120.5229,-0.4,20.05,-8.33,70.5,0.0,-0.21,C0M640
朴子,23.43463,120.23902,-1.44,19.15,6.21,83.0,0.0,-0.06,C0M650
溪口,23.604131,120.403569,-0.95,19.5,1.08,78.5,0.0,-0.06,C0M660
大林,23.600616,120.45841,-0.98,19.75,-2.29,75.0,0.0,-0.12,C0M670
太保,23.455062,120.331455,-1.15,19.7,0.0,77.5,0.0,-0.08,C0M680
水上,23.419734,120.388909,-0.83,19.85,5.29,82.0,0.0,-0.06,C0M690
竹崎,23.526178,120.555508,-1.85,18.6,1.79,82.0,0.0,-0.19,C0M700
東石,23.458927,120.15385,-0.56,20.05,3.0,81.0,0.0,-0.02,C0M710
番路,23.464657,120.554156,-0.34,19.55,-6.33,73.5,0.0,-0.23,C0M720
嘉義市東區,23.457673,120.460531,-0.73,21.05,-0.54,72.0,0.0,-0.12,C0M730
六腳,23.492871,120.290625,-0.99,19.65,3.21,79.0,0.0,-0.04,C0M740
布袋,23.380878,120.167789,-0.66,20.0,0.54,80.5,0.0,-0.06,C0M750
民雄,23.551754,120.428457,-0.97,19.9,-1.67,75.5,0.0,-0.1,C0M760
嘉義梅山,23.585398,120.555587,-0.74,19.6,-0.29,78.0,0.0,-0.12,C0M770
鹿草,23.41134,120.30835,-0.61,20.15,4.21,80.0,0.0,-0.06,C0M780
新港,23.553269,120.345728,-0.87,19.85,1.38,78.0,0.0,-0.02,C0M790
茶山,23.299075,120.664767,-2.29,17.95,-3.45,77.0,0.0,-0.52,C0M800
里佳,23.389125,120.716647,-1.65,14.3,-11.35,68.0,0.0,-0.88,C0M810
達邦,23.453994,120.749517,-2.4,15.3,-3.8,70.5,0.0,-0.85,C0M820
表湖,23.24186,120.64166,-1.45,16.8,-5.0,75.5,0.0,-0.75,C0M850
新美,23.338017,120.683169,-1.38,17.75,-8.75,73.0,0.0,-0.38,C0M860
北寮,23.079561,120.495008,-1.0,19.4,3.59,85.5,0.0,-0.42,C0O830
王爺宮,23.222064,120.40085,1.84,21.7,-8.96,71.5,0.0,-0.5,C0O840
大內,23.11885,120.36083,0.26,21.05,1.5,81.5,0.0,-0.34,C0O860
善化,23.112883,120.297219,-0.65,19.7,4.75,85.5,0.0,-1.43,C0O900
崎頂,22.959547,120.369317,0.18,20.05,2.38,83.5,0.0,-0.2,C0O960
虎頭埤,23.021375,120.347878,0.08,20.35,-0.53,80.0,0.0,-0.41,C0O970
新市,23.061614,120.298197,0.04,20.85,1.16,78.0,0.0,-0.31,C0O980
媽廟,22.99175,120.293525,-0.92,19.85,8.5,86.0,0.0,-0.27,C0O990
阿禮,22.742908,120.743678,-0.25,17.35,-12.62,61.5,0.0,-0.38,C0R130
瑪家,22.682903,120.686639,-1.19,17.0,-4.75,83.5,0.0,-0.64,C0R140
三地門,22.709889,120.639944,-0.49,21.45,-24.31,50.0,0.0,-1.86,C0R150
鹽埔,22.739558,120.530778,-0.62,20.95,-8.22,78.0,0.0,-0.09,C0R160
屏東,22.660269,120.494072,-0.24,21.75,-8.91,69.0,0.0,-0.05,C0R170
赤山,22.592333,120.614306,-1.45,20.3,-2.69,79.5,0.0,-0.41,C0R190
潮州,22.534361,120.54,-0.01,21.8,-6.41,71.5,0.0,-2.12,C0R220
來義,22.527306,120.625111,-2.12,19.3,-0.19,82.5,0.0,-0.27,C0R240
春日,22.370361,120.628306,-1.62,20.35,-23.53,55.0,0.0,-0.23,C0R260
琉球嶼,22.332244,120.362236,-1.21,21.35,-9.62,70.5,0.0,-2.21,C0R270
車城,22.0744,120.716247,1.19,22.7,2.64,70.5,0.0,-1.0,C0R320
牡丹,22.130036,120.792639,0.91,19.7,5.21,88.5,0.0,-1.43,C0R341
貓鼻頭,21.921774,120.7358,0.18,23.05,-4.0,69.5,0.0,-1.82,C0R350
大漢山,22.405264,120.753181,1.94,11.2,-14.43,84.0,0.0,-2.79,C0R440
高樹,22.826389,120.600806,-0.75,21.25,-7.78,69.5,0.0,-0.14,C0R470
長治,22.693128,120.542622,-0.4,21.6,-7.19,74.0,0.0,-0.12,C0R480
九如,22.7405,120.490503,-0.57,21.45,-9.94,71.0,0.0,-0.06,C0R490
崁頂,22.514781,120.506914,-1.07,21.05,-8.53,73.5,0.0,-0.27,C0R520
佳冬,22.419456,120.552375,-1.36,20.95,-5.81,74.5,0.0,-0.3,C0R540
新埤,22.467947,120.582894,-1.37,20.5,-10.72,71.0,0.0,-0.27,C0R550
新園,22.5434,120.461558,0.06,22.05,-12.06,66.5,0.0,-0.19,C0R560
麟洛,22.65078,120.52719,0.1,22.5,-2.91,74.0,0.0,-0.08,C0R570
南州,22.48591,120.50274,-1.03,20.9,-5.28,75.5,0.0,-0.17,C0R580
里港,22.77919,120.49459,-1.4,20.4,-3.19,75.5,0.0,-0.02,C0R590
舊泰武,22.588194,120.664944,-0.41,18.1,-13.16,73.5,0.0,-0.59,C0R600
墾雷,21.900836,120.855269,-0.3,23.25,0.0,78.5,0.0,-0.22,C0R620
東港,22.46247,120.44074,-0.66,21.85,-3.08,73.5,0.0,-0.08,C0R640
竹田,22.58486,120.54344,-0.77,21.15,-10.67,70.0,0.0,-0.29,C0R650
枋寮,22.367722,120.590647,0.11,21.15,-2.07,77.5,0.0,-0.29,C0R660
楓港,22.190131,120.692156,0.43,22.3,1.86,64.0,0.0,-1.29,C0R670
佳樂水,21.993578,120.861633,1.59,23.5,-5.93,67.5,0.0,-0.5,C0R680
墾丁,21.966756,120.810269,1.76,20.95,-5.21,76.5,0.0,-0.36,C0R690
枋山,22.246844,120.661086,-0.66,21.0,8.57,73.0,0.0,-1.64,C0R700
龍磐,21.931672,120.838942,0.53,22.45,-7.0,75.0,0.0,0.0,C0R710
旭海,22.205403,120.887614,1.35,21.05,9.36,88.5,0.0,-1.07,C0R720
大坪頂,22.024633,120.69355,-0.03,21.15,9.5,82.5,0.0,-0.25,C0R730
獅子,22.201569,120.70525,0.0,22.5,0.5,66.0,0.0,-0.12,C0R740
四林格山,22.076989,120.802439,1.67,18.9,-13.0,83.0,0.0,-2.12,C0R750
南仁湖,22.084681,120.863353,0.55,19.9,-2.5,85.0,0.0,-0.5,C0R760
保力,22.071122,120.764111,-0.35,21.15,3.5,78.5,0.0,-0.25,C0R770
滿州,22.024403,120.839892,0.5,22.5,-5.5,70.5,0.0,-0.25,C0R780
九棚,22.14195,120.889281,0.47,22.25,-9.5,69.0,0.0,-0.5,C0R790
丹路,22.204481,120.750989,0.15,21.55,0.75,71.5,0.0,-0.12,C0R800
內獅,22.305064,120.642986,-0.53,21.4,4.0,88.0,0.0,-1.75,C0R810
白鷺,22.454275,120.666219,0.0,18.55,-9.75,76.5,0.0,-0.12,C0R820
高士,22.121825,120.836781,0.98,19.65,-8.25,79.0,0.0,-2.38,C0R830
牡丹池山,22.168389,120.841225,0.77,18.0,-8.25,87.5,0.0,-0.75,C0R840
太麻里,22.60902,120.98533,0.85,19.15,-3.5,74.5,0.0,-2.96,C0S690
知本,22.684866,121.005642,-0.3,17.65,0.88,84.0,0.0,-6.98,C0S700
鹿野,22.917711,121.122994,0.55,18.7,-7.0,77.0,0.0,-4.68,C0S710
綠島,22.6672,121.47533,1.13,22.55,-0.25,84.0,0.0,-3.46,C0S730
池上,23.119628,121.209469,-0.74,17.9,-3.62,82.0,0.0,-4.86,C0S740
大溪山,22.478475,120.943325,-0.31,18.75,0.38,79.0,0.0,-4.51,C0S770
金崙,22.538122,120.966875,0.68,20.8,-5.0,73.0,0.0,-4.82,C0S790
東河,22.972672,121.303986,-0.61,21.2,-1.12,73.5,0.0,-4.35,C0S810
長濱,23.286817,121.411975,1.82,21.5,-14.5,66.5,0.0,-6.3,C0S830
南田,22.279725,120.889208,-1.01,21.65,17.38,93.5,0.0,-3.26,C0S840
關山,23.0395,121.175017,-0.88,19.0,-1.12,80.5,0.0,-0.68,C0S890
蘭嶼高中,22.04909,121.51214,0.62,23.95,-7.42,67.0,0.0,-4.62,C0S900
蘭嶼燈塔,22.081197,121.503117,1.09,22.6,-13.0,72.5,0.0,-3.17,C0S910
金峰嘉蘭,22.594789,120.960825,0.11,20.1,3.5,77.5,0.0,-0.75,C0S920
延平,22.902581,121.084058,1.0,19.5,-3.0,74.0,0.0,-1.06,C0S930
石寧山,23.223772,121.406639,0.91,19.7,-4.38,76.0,0.0,-1.81,C0S940
香蘭,22.587569,120.993375,1.33,22.3,4.36,70.5,0.0,-0.5,C0S960
加津林,22.416211,120.926942,0.91,22.35,1.12,68.5,0.0,-0.81,C0S970
勝林山,22.430439,120.8938,1.44,15.05,-4.5,90.5,0.0,-1.81,C0S980
山豬窟,22.318619,120.857372,1.43,19.55,-5.88,73.5,0.0,-2.0,C0S990
歷坵,22.520969,120.89185,0.64,17.8,4.75,84.5,0.0,0.0,C0SA00
檳榔四格山,22.810031,121.109308,2.01,19.25,-6.25,78.0,0.0,-0.56,C0SA10
金崙山,22.567419,120.959667,1.46,15.55,-4.62,86.5,0.0,-1.19,C0SA20
都歷,23.020333,121.323642,2.62,22.25,11.62,85.0,0.0,-1.81,C0SA30
瑞和,22.974361,121.156697,-0.12,18.35,8.62,87.5,0.0,-1.12,C0SA40
知本（水試所）,22.702394,121.082761,-0.25,21.35,0.5,71.5,0.0,0.0,C0SA60
土坂,22.453108,120.887572,0.35,20.4,8.62,80.0,0.0,-0.88,C0SA80
達仁林場,22.264347,120.823972,1.1,18.85,-8.75,78.5,0.0,-0.62,C0SA90
大禹嶺,24.186117,121.316086,-0.09,6.75,-9.11,66.0,0.0,-4.35,C0T790
天祥,24.179597,121.495639,-0.55,15.55,0.3,84.5,0.0,-11.9,C0T820
鯉魚潭,23.935639,121.508944,-1.25,17.2,-0.5,86.5,0.0,-7.12,C0T870
西林,23.8119,121.441458,1.01,19.65,-8.25,72.5,0.0,-3.43,C0T900
光復,23.660694,121.424964,-0.59,18.4,-6.25,83.0,0.0,-8.06,C0T960
月眉山,23.809928,121.539828,1.56,18.65,-14.81,76.0,0.0,-5.6,C0T9A0
水源,23.991861,121.537169,1.25,18.15,-8.31,77.0,0.0,-7.61,C0T9B0
和中,24.26676,121.74103,-0.41,19.8,16.6,96.0,0.0,-8.0,C0T9D0
大坑,23.880628,121.581981,1.29,18.7,-10.12,76.5,0.0,-5.32,C0T9E0
水璉,23.797131,121.542514,0.93,20.15,-10.12,72.5,0.0,-6.13,C0T9F0
鳳林山,23.735269,121.420131,0.88,18.15,-13.81,76.5,0.0,-10.47,C0T9G0
加路蘭山,23.682947,121.5274,2.58,18.2,-7.31,86.0,0.0,-5.44,C0T9H0
靜浦,23.455167,121.495028,0.86,20.95,-11.88,73.0,0.0,-6.11,C0T9M0
雙連埤,24.753033,121.641303,1.08,16.1,-8.17,85.5,0.0,-9.3,C0U520
礁溪,24.817539,121.765608,1.47,20.4,-10.88,76.5,0.0,-6.09,C0U600
玉蘭,24.675286,121.587061,2.3,18.7,-13.87,73.0,0.0,-11.55,C0U650
太平山,24.505486,121.525656,2.13,10.35,-13.5,71.5,0.0,-11.27,C0U710
南山,24.43742,121.38167,1.38,13.6,-7.12,77.0,0.0,-5.25,C0U720
東澳,24.52196,121.83318,0.11,19.5,4.5,92.0,0.0,-20.12,C0U760
南澳,24.44935,121.81022,0.47,20.35,-1.23,77.5,0.0,-4.46,C0U770
五結,24.68637,121.79794,1.36,20.15,-6.87,76.0,0.0,-13.12,C0U780
頭城,24.85323,121.8308,1.02,20.6,-2.5,82.0,0.0,-3.22,C0U860
大礁溪,24.791042,121.675047,2.15,18.6,-7.69,79.0,0.0,-12.03,C0U870
三星,24.66812,121.65302,1.38,19.7,-0.94,85.5,0.0,-20.06,C0U890
內城,24.71813,121.68766,1.86,20.45,-10.31,76.5,0.0,-16.31,C0U900
冬山,24.63373,121.7937,1.22,20.2,5.62,92.0,0.0,-42.03,C0U910
羅東,24.68184,121.74934,1.9,20.35,-9.81,77.0,0.0,-19.67,C0U940
鶯子嶺,24.89754,121.79244,1.51,14.2,-4.81,90.0,0.0,-13.09,C0U950
翠峰湖,24.510856,121.608044,0.79,8.75,-25.75,67.0,0.0,-17.67,C0U960
大福,24.80064,121.81389,1.04,20.5,-10.19,76.5,0.0,-5.66,C0U970
坪林石牌,24.86478,121.77396,2.01,17.55,-9.31,86.0,0.0,-3.69,C0U980
員山,24.74435,121.72247,1.45,20.4,-6.25,79.0,0.0,-16.41,C0U990
土場,24.576533,121.495333,1.2,17.4,-11.42,79.5,0.0,-9.0,C0UA00
鴛鴦湖,24.590269,121.412228,0.72,9.95,-2.75,90.5,0.0,-27.0,C0UA10
白嶺,24.527819,121.519031,1.43,12.75,-4.5,85.5,0.0,-7.04,C0UA30
西德山,24.560647,121.752608,1.73,14.4,-0.92,89.0,0.0,-37.79,C0UA40
西帽山,24.555361,121.802628,1.98,16.1,-11.75,80.5,0.0,-57.71,C0UA50
樟樹山,24.41393,121.78325,1.77,17.85,6.67,92.0,0.0,-14.04,C0UA60
桃源谷,24.962606,121.888875,2.76,18.45,-3.25,87.5,0.0,-16.17,C0UA70
復興,23.222403,120.806089,-1.75,16.95,-1.75,73.5,0.0,-1.19,C0V210
美濃,22.898742,120.519153,0.11,21.25,-5.56,74.5,0.0,-1.3,C0V310
溪埔,22.738578,120.446797,-1.32,20.1,0.06,79.0,0.0,-0.03,C0V350
內門,22.975481,120.466769,-0.42,19.8,-2.78,78.0,0.0,-0.19,C0V360
古亭坑,22.893178,120.401947,-1.2,19.05,-0.88,82.5,0.0,-1.24,C0V370
阿公店,22.804194,120.355528,-0.9,19.95,-3.38,76.5,0.0,-0.12,C0V400
鳳山,22.646653,120.356122,-1.21,20.8,5.78,79.5,0.0,-0.02,C0V440
鳳森,22.545064,120.392592,-0.6,21.3,-5.25,70.0,0.0,-0.11,C0V450
新興,22.627422,120.298803,0.31,22.15,-4.5,67.0,0.0,-0.01,C0V490
阿蓮,22.883208,120.327508,0.39,21.4,-8.41,69.5,0.0,-0.22,C0V530
梓官,22.760558,120.267211,-0.43,20.9,-2.41,73.5,0.0,-0.09,C0V610
永安,22.82315,120.236856,-0.96,20.2,-0.56,76.5,0.0,-0.31,C0V620
茄萣,22.906642,120.182608,-0.17,20.9,5.32,78.0,0.0,-0.19,C0V630
湖內,22.887139,120.2445,-1.13,19.9,0.06,76.5,0.0,-0.2,C0V640
彌陀,22.783806,120.246361,-0.4,21.05,-0.69,75.5,0.0,-0.14,C0V650
岡山,22.797078,120.294958,-0.06,21.65,-1.47,72.0,0.0,-0.14,C0V660
仁武,22.701083,120.347722,-0.63,21.3,2.0,78.0,0.0,-0.05,C0V680
鼓山,22.623325,120.275575,-0.67,21.3,-4.41,71.5,0.0,0.0,C0V690
三民,22.645017,120.311233,-0.41,22.15,-2.0,68.0,0.0,-0.02,C0V700
苓雅,22.622742,120.330669,0.05,22.45,3.41,72.5,0.0,0.0,C0V710
林園,22.507747,120.394511,-0.02,23.15,-3.25,67.0,0.0,-0.11,C0V720
大寮,22.605614,120.395717,-0.84,21.6,-2.25,70.0,0.0,-0.06,C0V730
旗山,22.888614,120.483597,-0.35,20.95,-2.06,74.5,0.0,-0.14,C0V740
路竹,22.854997,120.259439,0.02,21.5,0.84,74.5,0.0,-0.31,C0V750
橋頭,22.757806,120.30575,-0.48,21.45,-2.22,73.0,0.0,-0.08,C0V760
大社,22.730306,120.346639,-0.82,20.8,3.66,78.0,0.0,-0.08,C0V770
萬山,22.905944,120.688056,-1.03,19.25,-7.88,68.5,0.0,-0.52,C0V790
六龜,22.997889,120.633583,-1.06,20.1,0.59,78.5,0.0,-0.39,C0V800
左營,22.67491,120.28491,-1.05,20.95,-5.96,71.5,0.0,-0.02,C0V810
小林,23.148408,120.63325,-0.5,18.55,-4.62,76.0,0.0,-0.56,C0V820
東莒,25.9652,119.98069,1.89,17.95,2.5,79.0,0.0,0.0,C0W110
金沙,24.488292,118.408778,0.09,18.4,5.7,71.5,0.0,0.0,C0W140
金寧,24.457703,118.328989,-0.02,18.9,3.4,70.0,0.0,0.0,C0W150
東河,23.296598,120.385608,-1.26,19.6,-5.92,74.0,0.0,-0.1,C0X050
下營,23.22695,120.256261,-1.07,19.55,-2.17,77.5,0.0,-0.1,C0X060
佳里,23.173039,120.145086,-0.55,19.85,5.08,83.0,0.0,-1.38,C0X080
臺南市北區,23.010394,120.194228,-0.07,21.0,6.66,79.5,0.0,-0.25,C0X100
臺南市南區,22.961189,120.188378,-0.53,21.05,1.81,74.0,0.0,-0.19,C0X110
麻豆,23.183289,120.248611,0.35,20.95,3.97,83.0,0.0,-0.22,C0X120
官田,23.193217,120.315422,-0.27,20.65,0.78,78.0,0.0,-0.33,C0X130
西港,23.125608,120.203108,-0.5,20.05,4.22,83.0,0.0,-0.34,C0X140
安定,23.102614,120.227839,-0.2,20.1,2.75,84.5,0.0,-0.16,C0X150
仁德,22.968258,120.257689,-0.12,21.2,2.28,77.0,0.0,-0.16,C0X160
關廟,22.963017,120.327797,-1.57,19.4,2.96,78.5,0.0,-0.27,C0X170
山上,23.0757,120.363253,-0.19,20.2,-2.34,78.0,0.0,-0.38,C0X180
安平,22.993161,120.152181,-0.33,20.6,0.81,78.0,0.0,-0.22,C0X190
左鎮,23.056758,120.408522,0.0,19.85,-3.29,79.0,0.0,-0.45,C0X200
白河,23.347466,120.414427,-1.02,19.9,-3.25,74.5,0.0,-0.12,C0X210
學甲,23.230367,120.182187,-0.41,20.15,1.96,80.0,0.0,-0.08,C0X220
鹽水,23.272621,120.247641,-0.99,19.4,0.75,81.0,0.0,-0.06,C0X230
關子嶺,23.331169,120.508025,-1.28,17.7,-3.46,82.5,0.0,-0.25,C0X240
新營,23.310689,120.316681,-0.7,20.15,1.83,79.0,0.0,-0.06,C0X250
後壁,23.366358,120.362326,-0.79,19.85,-2.17,76.5,0.0,-0.08,C0X260
將軍,23.214999,120.13577,-0.95,19.7,2.83,81.0,0.0,-0.02,C0X280
北門,23.267772,120.125481,-0.41,20.25,5.55,84.0,0.0,-0.02,C0X290
鹿寮,23.386047,120.477331,-0.91,19.5,0.3,82.5,0.0,-0.2,C0X300
柳營,23.253328,120.375253,-0.92,19.6,5.25,76.5,0.0,0.0,C0X320
明里,23.208717,121.262342,-0.46,18.0,-0.73,83.0,0.0,-1.45,C0Z020
佳心,23.34567,121.21316,0.12,15.25,8.73,94.0,0.0,-6.68,C0Z050
玉里,23.3215,121.339656,0.03,18.55,-1.8,83.0,0.0,-1.91,C0Z061
舞鶴,23.46811,121.37407,0.67,18.8,3.63,93.5,0.0,-7.55,C0Z070
富源,23.587642,121.378225,0.82,18.55,-11.33,80.0,0.0,-3.46,C0Z080
東華,23.89525,121.549833,-0.7,19.3,1.12,84.5,0.0,-1.09,C0Z100
吉安光華,23.930925,121.595153,-0.45,20.05,-16.38,69.5,0.0,-1.16,C0Z150
鳳林,23.746114,121.453411,-0.61,18.95,-8.38,76.0,0.0,-1.59,C0Z160
卓溪,23.3443,121.3029,-0.75,18.8,-2.62,77.5,0.0,-1.84,C0Z170
富世,24.14743,121.6297,0.42,21.35,-10.88,67.0,0.0,-1.59,C0Z190
萬榮,23.709219,121.420106,-0.51,18.7,-6.75,78.0,0.0,-2.19,C0Z200
瑞穗,23.5239,121.39021,-0.52,18.5,-1.44,84.5,0.0,-2.25,C0Z210
和平林道,24.343922,121.656317,0.35,16.65,-6.08,78.0,0.0,-3.42,C0Z220
和平,24.30717,121.77007,-0.09,20.55,-3.75,66.5,0.0,-6.81,C0Z230
瑞穗林道,23.49284,121.30688,1.73,15.3,-3.44,90.5,0.0,-5.56,C0Z250
蕃薯寮,23.73835,121.540108,0.79,19.1,-18.44,71.0,0.0,-2.47,C0Z270
德武,23.47426,121.41071,-0.54,18.45,-6.75,82.0,0.0,-1.75,C0Z280
赤柯山,23.36893,121.38293,0.35,15.05,-2.88,90.0,0.0,-6.41,C0Z290
東里,23.26853,121.30547,-0.71,18.6,-8.56,80.5,0.0,-1.28,C0Z300
清水斷崖,24.218294,121.689142,0.91,21.45,-3.5,69.5,0.0,-3.42,C0Z310
清水林道,23.27125,121.188272,0.11,15.7,-8.25,79.0,0.0,-2.71,C0Z320
安通山,23.290728,121.348528,0.67,17.95,-7.67,79.0,0.0,-1.5,C0Z330
口湖工作站,23.589978,120.180394,0.21,19.1,7.5,74.0,0.0,0.0,12J990
東港工作站,22.479997,120.466058,-0.64,21.2,-4.43,61.0,0.0,-0.21,12Q970
恆春工作站,22.079678,120.714425,-0.84,22.2,2.83,64.0,0.0,-0.25,12Q980
萬大發電廠,23.978875,121.139639,-2.2,13.7,-6.45,73.0,0.0,0.0,42HA10
桃改樹林分場,24.944503,121.386972,1.72,18.9,-14.0,74.0,0.0,-12.12,72AI40
桃園農改場,24.950944,121.030583,-0.05,18.4,0.65,79.0,0.0,-1.08,72C440
桃改五峰分場,24.612194,121.157167,0.67,14.3,-10.4,74.0,0.0,-3.01,72D080
桃改新埔分場,24.834444,121.066111,-0.15,17.4,0.5,81.0,0.0,-0.62,72D680
臺中農改場,24.003028,120.534389,-1.24,18.5,7.45,84.0,0.0,-0.87,72G600
中改埔里分場,23.903208,120.963364,-1.58,15.3,-2.33,82.0,0.0,-0.67,72HA00
南改斗南分場,23.634556,120.477333,-1.19,18.4,0.02,79.0,0.0,-1.37,72K220
南改義竹分場,23.360694,120.279361,-1.24,18.5,-0.41,78.0,0.0,-1.17,72M360
南改鹿草分場,23.416869,120.283061,-0.41,18.7,8.62,79.0,0.0,-0.12,72M700
臺南農改場,23.0605,120.342194,-2.02,18.4,2.93,81.0,0.0,-0.22,72N100
七股研究中心,23.081672,120.062894,1.0,20.3,1.5,76.0,0.0,-0.12,72N240
高雄農改場,22.709333,120.525889,-1.57,20.3,-0.66,76.0,0.0,-1.41,72Q010
東改班鳩分場,22.829528,121.077694,-1.79,17.9,3.84,81.0,0.0,-5.82,72S200
東改賓朗果園,22.813889,121.071278,-1.59,17.7,3.05,84.0,0.0,-6.68,72S590
花蓮農改場,23.975222,121.563889,0.02,19.9,-3.23,76.0,0.0,-5.22,72T250
花改蘭陽分場,24.686306,121.716583,0.85,19.6,-8.05,73.0,0.0,-12.03,72U480
高改旗南分場,22.857861,120.516667,-2.42,19.2,1.54,75.0,0.0,-0.97,72V140
茶改北部分場,24.955778,121.631222,1.23,17.6,-5.93,78.0,0.0,-8.01,82A750
茶改場,24.908472,121.185333,0.45,18.1,-8.02,73.0,0.0,-3.58,82C160
茶改中部分場,23.875611,120.913583,-2.29,15.4,-1.88,79.0,0.0,-1.87,82H320
茶改南部分場,23.762528,120.7405,-1.44,17.1,-5.95,78.0,0.0,-1.73,82H840
茶改東部分場,22.907694,121.130139,-1.66,18.4,1.18,80.0,0.0,-5.24,82S580
農工中心,24.985917,121.239833,0.74,19.0,-3.63,70.0,0.0,-2.67,A2C560
水試臺西試驗場,23.717231,120.190522,-1.52,19.5,1.03,82.0,0.0,-1.71,A2K360
臺大雲林校區,23.730628,120.423903,-1.57,18.0,10.75,83.0,0.0,0.0,A2K630
臺南蘭花園區,23.340258,120.379661,-1.3,18.9,8.0,80.0,0.0,0.0,A2N290
畜試北區分所,24.527806,120.770972,-1.79,17.0,8.42,84.0,0.0,0.0,B2E890
畜產試驗所,23.058972,120.336406,-1.51,18.5,2.03,81.0,0.0,-1.3,B2N890
畜試南區分所,21.945583,120.802167,-0.9,22.3,-4.88,66.0,0.0,-2.12,B2Q810
畜試東區分所,24.669039,121.832561,1.65,19.4,-9.25,80.0,0.0,-42.5,B2U990
蓮華池,23.918333,120.885278,-1.95,15.1,0.05,84.0,0.0,-1.67,E2H360
林試畢祿溪站,24.226944,121.308522,-1.32,6.9,-10.5,74.0,0.0,-0.12,E2HA20
四湖植物園,23.676986,120.163433,-1.43,18.9,8.18,90.0,0.0,0.0,E2K600
林試六龜中心,22.991703,120.645722,-2.45,18.1,-2.5,80.0,0.0,-0.25,E2P980
林試太麻里2,22.598,120.99775,-1.45,20.6,4.75,71.0,0.0,0.0,E2S960
林試太麻里1,22.598922,120.980044,-1.1,20.0,4.0,72.0,0.0,0.0,E2S980
農試所(霧峰),24.031261,120.688133,-1.19,18.7,3.68,82.0,0.0,-0.83,G2F820
農試嘉義分所,23.485028,120.473806,-0.07,18.6,-0.02,78.0,0.0,-0.55,G2L020
農試溪口農場,23.58565,120.408111,-0.79,19.0,-2.88,76.0,0.0,-0.19,G2M350
農試鳳山分所,22.646611,120.356083,-1.25,20.6,-2.93,69.0,0.0,-2.06,G2P820
苗栗農改場,24.495722,120.829111,-0.73,17.4,2.34,82.0,0.0,-0.85,K2E360
苗改生物防治研究中心,24.422861,120.871833,-0.94,15.9,2.7,82.0,0.0,0.0,K2E710
種苗改良場,24.225972,120.800917,-0.78,16.4,3.81,80.0,0.0,-1.28,K2F750
溪頭,23.670306,120.798194,-2.54,11.7,0.28,85.0,0.0,-1.85,U2H480
臺大和社,23.590856,120.888864,-1.24,15.0,-1.89,77.0,0.0,-1.06,U2HA30
臺大內茅埔,23.689722,120.851117,-1.36,16.1,-2.75,77.0,0.0,-0.69,U2HA40
臺大竹山,23.756972,120.681556,-1.18,18.6,-3.83,74.0,0.0,-0.25,U2HA50
臺大竹山,23.756972,120.681556,-1.18,18.6,-3.83,74.0,0.0,-0.25,U2HA50
臺大內茅埔,23.689722,120.851117,-1.36,16.1,-2.75,77.0,0.0,-0.69,U2HA40
臺大和社,23.590856,120.888864,-1.24,15.0,-1.89,77.0,0.0,-1.06,U2HA30
臺大溪頭,23.670306,120.798194,-2.54,11.7,0.28,85.0,0.0,-1.85,U2H480
種苗繁殖,24.225972,120.800917,-0.78,16.4,3.81,80.0,0.0,-1.28,K2F750
苗改生物防治研究中心,24.422861,120.871833,-0.94,15.9,2.7,82.0,0.0,0.0,K2E710
苗栗農改,24.495722,120.829111,-0.73,17.4,2.34,82.0,0.0,-0.85,K2E360
農試鳳山分所,22.646611,120.356083,-1.25,20.6,-2.93,69.0,0.0,-2.06,G2P820
農試溪口農場,23.58565,120.408111,-0.79,19.0,-2.88,76.0,0.0,-0.19,G2M350
農試嘉義分所,23.485028,120.473806,-0.07,18.6,-0.02,78.0,0.0,-0.55,G2L020
農業試驗所,24.031261,120.688133,-1.19,18.7,3.68,82.0,0.0,-0.83,G2F820
林試太麻里1,22.598922,120.980044,-1.1,20.0,4.0,72.0,0.0,0.0,E2S980
林試太麻里2,22.598014,120.989761,-1.45,20.6,4.75,71.0,0.0,0.0,E2S960
林試六龜中心,22.991703,120.645722,-2.45,18.1,-2.5,80.0,0.0,-0.25,E2P980
四湖植物園,23.676986,120.163433,-1.43,18.9,8.18,90.0,0.0,0.0,E2K600
林試畢祿溪站,24.226944,121.308522,-1.32,6.9,-10.5,74.0,0.0,-0.12,E2HA20
蓮華池,23.918333,120.885278,-1.95,15.1,0.05,84.0,0.0,-1.67,E2H360
畜試東區分所,24.669039,121.832561,1.65,19.4,-9.25,80.0,0.0,-42.5,B2U990
畜試南區分所,21.945583,120.802167,-0.9,22.3,-4.88,66.0,0.0,-2.12,B2Q810
畜試所,23.058972,120.336406,-1.51,18.5,2.03,81.0,0.0,-1.3,B2N890
畜試北區分所,24.527806,120.770972,-1.79,17.0,8.42,84.0,0.0,0.0,B2E890
臺南蘭花園區,23.340258,120.379661,-1.3,18.9,8.0,80.0,0.0,0.0,A2N290
臺大雲林校區,23.730628,120.423903,-1.57,18.0,10.75,83.0,0.0,0.0,A2K630
水試臺西試驗場,23.717231,120.190522,-1.52,19.5,1.03,82.0,0.0,-1.71,A2K360
農工中心,24.985917,121.239833,0.74,19.0,-3.63,70.0,0.0,-2.67,A2C560
茶改東部分場,22.907694,121.130139,-1.66,18.4,1.18,80.0,0.0,-5.24,82S580
茶改南部分場,23.762528,120.7405,-1.44,17.1,-5.95,78.0,0.0,-1.73,82H840
茶改中部分場,23.875611,120.913583,-2.29,15.4,-1.88,79.0,0.0,-1.87,82H320
茶改場,24.908472,121.185333,0.45,18.1,-8.02,73.0,0.0,-3.58,82C160
茶改北部分場,24.955778,121.631222,1.23,17.6,-5.93,78.0,0.0,-8.01,82A750
高改旗南分場,22.857861,120.516667,-2.42,19.2,1.54,75.0,0.0,-0.97,72V140
花改蘭陽分場,24.686306,121.716583,0.85,19.6,-8.05,73.0,0.0,-12.03,72U480
花蓮農改,23.975222,121.563889,0.02,19.9,-3.23,76.0,0.0,-5.22,72T250
東改賓朗果園,22.813889,121.071278,-1.59,17.7,3.05,84.0,0.0,-6.68,72S590
東改班鳩分場,22.829528,121.077694,-1.79,17.9,3.84,81.0,0.0,-5.82,72S200
高雄農改,22.709333,120.525889,-1.57,20.3,-0.66,76.0,0.0,-1.41,72Q010
七股研究中心,23.081672,120.062894,1.0,20.3,1.5,76.0,0.0,-0.12,72N240
臺南農改,23.0605,120.342194,-2.02,18.4,2.93,81.0,0.0,-0.22,72N100
南改鹿草分場,23.416869,120.283061,-0.41,18.7,8.62,79.0,0.0,-0.12,72M700
南改義竹分場,23.360694,120.279361,-1.24,18.5,-0.41,78.0,0.0,-1.17,72M360
南改斗南分場,23.634556,120.477333,-1.19,18.4,0.02,79.0,0.0,-1.37,72K220
中改埔里分場,23.903208,120.963364,-1.58,15.3,-2.33,82.0,0.0,-0.67,72HA00
臺中農改,24.003028,120.534389,-1.24,18.5,7.45,84.0,0.0,-0.87,72G600
桃改新埔分場,24.834444,121.066111,-0.15,17.4,0.5,81.0,0.0,-0.62,72D680
桃改五峰分場,24.612194,121.157167,0.67,14.3,-10.4,74.0,0.0,-3.01,72D080
桃園農改,24.950944,121.030583,-0.05,18.4,0.65,79.0,0.0,-1.08,72C440
桃改樹林分場,24.944503,121.386972,1.72,18.9,-14.0,74.0,0.0,-12.12,72AI40
萬大發電廠,23.978875,121.139639,-2.2,13.7,-6.45,73.0,0.0,0.0,42HA10
恆春工作站,22.079678,120.714425,-0.84,22.2,2.83,64.0,0.0,-0.25,12Q980
東港工作站,22.479997,120.466058,-0.64,21.2,-4.43,61.0,0.0,-0.21,12Q970
口湖工作站,23.589978,120.180394,0.21,19.1,7.5,74.0,0.0,0.0,12J990
