站名,緯度,經度,平均溫距平,本年度平均溫,平均溼度距平,本年度日均相對溼度,本年度日均降水量,日均降水量距平,站號
淡水,25.164889,121.448906,1.51,23.46,1.8,81.13,1.79,-2.23,466900
鞍部,25.182586,121.529731,1.49,17.84,6.62,98.2,21.62,3.19,466910
臺北,25.037658,121.514853,1.24,24.06,6.46,81.67,1.45,-1.74,466920
竹子湖,25.162078,121.544547,1.45,19.47,7.57,95.13,17.07,1.75,466930
基隆,25.133314,121.740475,1.51,23.8,5.7,83.13,14.81,-0.36,466940
花蓮,23.975128,121.613275,1.37,24.59,5.51,81.8,4.16,-2.33,466990
新屋,25.006744,121.047486,0.96,23.36,4.34,82.93,2.55,1.65,467050
宜蘭,24.763975,121.756528,1.25,23.11,7.62,90.53,18.62,6.31,467080
金門,24.407306,118.289281,1.84,23.26,-0.29,70.27,0.12,-1.34,467110
田中,23.873803,120.581286,1.33,24.57,6.86,87.13,3.88,3.78,467270
澎湖,23.565503,119.563094,0.85,24.29,5.36,82.2,1.17,0.11,467350
臺南,22.993239,120.204772,0.84,25.28,4.47,79.13,0.85,-0.56,467410
永康,23.038386,120.2367,1.28,25.09,7.4,81.33,0.95,-0.32,467420
嘉義,23.495925,120.432906,1.3,24.27,7.5,86.67,2.35,1.38,467480
臺中,24.145736,120.684075,1.5,25.03,4.31,76.73,3.85,2.9,467490
阿里山,23.508208,120.813242,1.54,13.2,3.87,86.73,9.21,6.15,467530
大武,22.355675,120.903789,1.17,25.97,4.79,77.13,5.4,1.31,467540
玉山,23.487614,120.959522,1.64,6.63,1.48,68.4,7.3,2.91,467550
新竹,24.827853,121.014219,1.44,23.92,6.56,81.73,1.95,0.17,467571
恆春,22.003897,120.746339,1.21,26.54,3.64,74.6,4.67,1.61,467590
成功,23.097486,121.373428,1.37,24.95,4.89,80.73,6.77,1.35,467610
日月潭,23.881325,120.90805,1.83,21.19,6.57,87.07,2.17,0.57,467650
臺東,22.752211,121.154586,1.32,25.55,4.56,78.0,10.67,6.03,467660
馬祖,26.169269,119.923419,1.29,20.52,3.34,84.0,1.44,-0.63,467990
山佳,24.974944,121.402008,1.17,23.62,5.14,83.53,0.93,-2.21,C0A520
坪林,24.938183,121.70975,1.09,20.65,1.23,93.46,8.0,0.41,C0A530
泰平,24.971197,121.823711,1.68,20.29,4.06,99.6,29.17,4.21,C0A550
桶後,24.848222,121.597992,1.85,20.74,2.83,96.6,7.3,-2.73,C0A570
石碇,24.993969,121.662917,1.94,22.04,0.53,90.31,8.62,2.06,C0A640
大坪,25.165914,121.632969,2.43,21.52,3.2,95.8,28.27,-3.05,C0A860
五指山,25.132153,121.608692,2.33,19.6,1.84,97.13,19.53,3.67,C0A870
雙溪,25.036003,121.864242,3.34,23.97,-2.7,89.8,20.83,2.25,C0A890
三和,25.233153,121.595236,4.1,24.65,4.1,92.47,20.93,6.28,C0A931
金山,25.223628,121.643967,2.51,23.99,0.32,84.0,6.8,-2.27,C0A940
鼻頭角,25.129036,121.923372,1.71,23.64,5.85,89.5,6.33,0.69,C0A950
三貂角,25.007606,122.002058,1.4,23.21,8.88,90.6,9.3,-0.29,C0A970
社子,25.109508,121.469681,2.17,24.98,4.57,80.53,0.47,-1.6,C0A980
天母,25.117494,121.537169,1.43,24.26,0.22,74.27,1.07,-1.54,C0A9C0
內湖,25.079422,121.57545,1.13,23.73,19.68,98.27,1.93,-1.37,C0A9F0
大屯山,25.175675,121.522408,4.32,19.36,2.85,99.4,12.73,1.97,C0AC40
三峽,24.939025,121.369728,2.42,24.93,4.51,83.27,0.9,-2.19,C0AC60
信義,25.037822,121.564597,2.34,24.61,4.2,84.67,2.23,-0.47,C0AC70
文山,25.00235,121.575728,1.41,23.38,0.63,83.67,2.77,-0.49,C0AC80
新莊,25.051478,121.446756,0.83,23.9,6.84,80.93,0.4,-1.56,C0ACA0
八里,25.150211,121.403947,1.19,23.85,13.71,90.07,1.27,-1.2,C0AD10
蘆洲,25.086594,121.472331,1.75,25.12,2.38,77.13,0.43,-1.41,C0AD30
土城,24.973208,121.445169,1.19,23.45,6.5,85.53,1.2,-1.7,C0AD40
鶯歌,24.951533,121.346294,2.22,24.56,3.98,85.6,0.77,-1.65,C0AD50
汐止,25.066881,121.658778,1.68,23.89,-0.89,85.17,6.54,-1.6,C0AH00
永和,25.01125,121.508111,1.82,24.71,4.96,82.2,1.47,0.09,C0AH10
五分山,25.07125,121.780794,1.94,19.35,0.79,98.2,27.77,10.2,C0AH30
平等,25.129142,121.577086,1.16,21.09,-0.41,87.0,7.47,1.85,C0AH40
林口,25.072181,121.38084,1.14,22.28,-3.43,87.33,0.47,-0.72,C0AH50
松山,25.04871,121.55042,0.62,23.77,3.04,73.47,1.73,0.03,C0AH70
深坑,25.002703,121.628328,4.42,25.93,4.19,89.69,4.38,1.32,C0AH80
福山植物園,24.760717,121.58135,1.97,19.19,4.12,99.2,24.6,9.69,C0AH90
五股,25.07445,121.42728,0.21,22.32,-1.57,84.6,0.4,-0.53,C0AI00
屈尺,24.92184,121.54475,1.68,23.37,-4.43,78.2,3.83,0.53,C0AI10
白沙灣,25.283128,121.519058,1.21,23.19,1.94,87.73,0.6,-2.19,C0AI20
三重,25.057328,121.500629,1.25,24.29,6.33,81.8,0.7,0.57,C0AI30
石牌,25.115597,121.513139,2.05,25.42,14.05,77.8,0.6,0.22,C0AI40
七堵,25.094819,121.71713,2.42,24.51,0.33,85.67,17.67,9.88,C0B010
基隆嶼,25.19141,121.78391,1.28,23.03,15.36,94.27,5.77,2.91,C0B020
復興,24.820208,121.352281,1.85,21.85,2.16,81.33,0.8,-2.28,C0C460
桃園,24.992425,121.323172,1.17,23.52,5.27,80.4,1.5,-1.14,C0C480
八德,24.928708,121.283289,0.9,23.07,2.98,81.67,1.17,-1.83,C0C490
觀音,25.027072,121.153317,1.01,22.53,6.89,87.07,2.07,-1.28,C0C590
蘆竹,25.084275,121.265767,0.67,22.91,9.25,89.2,0.93,-1.88,C0C620
大溪,24.882853,121.265547,1.4,22.44,6.3,84.67,0.83,-1.93,C0C630
平鎮,24.897503,121.214636,1.72,22.57,3.63,85.07,0.83,-1.94,C0C650
龍潭,24.870056,121.221389,1.44,22.26,4.49,84.4,1.0,-0.65,C0C670
龜山,25.02846,121.38656,0.97,22.02,6.19,87.33,1.13,-0.24,C0C680
中壢,24.977661,121.256375,1.14,22.91,6.6,82.27,1.17,0.58,C0C700
大溪永福,24.892936,121.324975,1.75,22.69,7.4,87.4,1.07,0.48,C0C710
梅花,24.678347,121.208558,1.76,21.43,2.94,84.0,1.07,-1.07,C0D360
峨眉,24.6905,121.017189,1.74,23.49,-0.83,82.93,1.0,-0.76,C0D430
打鐵坑,24.849664,121.150789,1.38,22.01,0.28,86.07,0.23,-2.22,C0D480
橫山,24.71116,121.11693,1.07,22.02,6.88,89.27,0.57,-1.28,C0D540
雪霸,24.526972,121.11605,2.77,16.63,-6.54,73.47,1.8,-0.89,C0D550
竹東,24.767147,121.057881,2.11,23.79,4.29,78.67,0.97,-0.94,C0D560
寶山,24.735006,121.025192,1.89,23.21,1.99,83.33,0.87,-1.31,C0D580
新豐,24.87068,120.97721,1.19,22.49,13.29,94.67,1.87,-0.38,C0D590
湖口,24.904794,121.043628,0.33,22.4,2.62,82.0,1.73,1.18,C0D650
新竹市東區,24.798681,120.986942,0.78,23.23,5.79,80.0,1.83,1.48,C0D660
竹南,24.708978,120.888897,1.7,23.85,5.82,82.87,1.4,0.17,C0E420
南庄,24.601775,121.000214,1.44,21.85,7.79,92.2,1.6,-0.09,C0E430
明德,24.583486,120.885411,1.76,23.88,0.0,81.13,2.03,0.57,C0E550
通霄,24.471892,120.704622,1.05,23.46,2.34,84.47,2.83,1.71,C0E590
馬都安,24.451272,120.930192,1.7,20.28,4.06,87.73,3.5,1.94,C0E610
頭份,24.688247,120.912206,2.26,24.89,4.14,78.13,2.07,0.41,C0E730
造橋,24.637056,120.864778,1.16,23.79,0.09,81.07,2.2,0.68,C0E740
苗栗,24.564569,120.824575,1.12,23.95,-0.37,75.53,2.37,1.05,C0E750
銅鑼,24.489681,120.790853,0.75,22.86,13.52,94.33,4.93,3.66,C0E780
西湖,24.562947,120.7485,1.22,23.19,2.67,85.87,2.87,1.9,C0E810
獅潭,24.539133,120.920042,1.22,22.09,0.16,86.13,3.6,3.0,C0E820
苑裡,24.439714,120.653053,0.79,23.59,2.99,81.4,3.43,3.27,C0E830
大河,24.618069,120.948578,0.38,22.32,1.22,83.53,1.9,1.41,C0E850
高鐵苗栗,24.60725,120.826094,1.37,23.93,11.29,87.13,2.4,2.12,C0E870
石岡,24.276061,120.777644,1.28,23.02,5.86,87.4,7.67,7.44,C0F0B0
中坑,24.248517,120.903319,0.94,19.97,-1.67,87.13,7.43,6.81,C0F0C0
審馬陣,24.381675,121.4203,1.67,10.2,14.04,75.33,3.1,2.29,C0F0D0
東勢,24.246428,120.833047,1.98,23.96,2.65,81.67,7.7,6.41,C0F850
大坑,24.173142,120.722289,2.04,25.71,4.4,78.73,4.63,3.43,C0F970
神岡,24.272481,120.658314,1.35,23.69,-6.59,75.42,5.27,4.17,C0F9I0
大安,24.345061,120.588025,0.52,23.35,2.93,84.4,3.43,2.61,C0F9K0
后里,24.310436,120.729725,1.28,23.53,3.0,84.2,7.2,6.14,C0F9L0
豐原,24.254322,120.720692,2.01,24.66,2.08,79.33,7.9,6.78,C0F9M0
大里,24.092464,120.701378,1.5,26.09,-2.95,68.8,2.37,1.12,C0F9N0
潭子,24.213106,120.703933,0.91,24.57,4.54,80.07,5.2,4.12,C0F9O0
清水,24.312297,120.562242,0.52,23.57,2.76,84.0,2.3,1.53,C0F9P0
外埔,24.347817,120.705686,1.78,24.06,-2.1,81.0,5.96,4.83,C0F9Q0
龍井,24.184536,120.528972,0.7,24.12,-0.59,81.07,3.8,2.83,C0F9R0
烏日,24.107058,120.624103,0.8,24.69,2.62,76.27,4.33,3.13,C0F9S0
西屯,24.179494,120.641275,0.62,23.91,3.59,79.67,5.1,4.14,C0F9T0
南屯,24.137006,120.637969,0.47,24.82,3.42,76.2,4.1,3.1,C0F9U0
新社,24.200172,120.815806,1.44,22.68,4.79,87.0,9.4,8.17,C0F9V0
大雅(中科園區),24.21528,120.62445,0.25,23.21,4.36,83.53,3.27,3.13,C0F9X0
桃山,24.432739,121.303808,1.76,9.4,10.3,79.4,2.07,-0.83,C0F9Y0
雪山東峰,24.388792,121.268675,1.73,10.17,8.88,78.0,5.4,3.03,C0F9Z0
芬園,24.015678,120.6213,0.37,23.41,9.01,89.47,4.53,3.22,C0G620
員林,23.946503,120.585597,3.26,26.69,1.73,80.93,3.53,2.67,C0G650
溪湖,23.94835,120.479122,2.46,25.95,12.91,93.87,4.33,2.92,C0G660
溪州,23.851589,120.499093,0.96,24.29,0.32,79.4,3.3,2.99,C0G720
二林,23.903325,120.376081,0.85,23.81,1.21,86.6,3.53,3.26,C0G730
大城,23.852487,120.320935,1.05,24.23,-23.35,56.93,3.83,3.56,C0G740
福興,24.041289,120.437669,1.02,25.03,-1.3,77.4,4.63,3.68,C0G770
秀水,24.03405,120.503869,0.59,24.41,4.28,84.55,4.3,3.23,C0G780
埔鹽,24.000394,120.431683,1.93,25.16,3.22,85.67,3.43,2.4,C0G800
埔心,23.947633,120.525456,0.69,24.52,21.02,99.77,4.18,2.95,C0G810
田尾,23.901669,120.509389,1.42,25.05,2.28,86.53,3.73,2.45,C0G820
埤頭,23.866003,120.452806,0.92,24.2,12.47,100.0,2.5,1.4,C0G830
社頭,23.897647,120.5862,1.33,25.57,8.38,83.8,3.8,2.5,C0G860
二水,23.810742,120.6173,2.31,25.92,4.7,84.33,3.13,1.84,C0G880
伸港,24.148933,120.484403,0.42,23.9,1.06,81.0,4.43,3.53,C0G890
線西,24.143358,120.443536,0.97,24.1,3.25,82.0,2.63,2.61,C0G900
花壇,24.032076,120.549461,2.73,26.17,10.31,83.53,2.87,2.76,C0G910
埔里,23.972169,120.952425,1.62,24.11,3.72,82.93,2.77,2.07,C0H890
草屯,23.973672,120.68085,0.9,24.75,2.12,78.47,2.33,0.99,C0H960
昆陽,24.121322,121.273642,2.55,10.61,8.33,80.13,3.23,0.66,C0H990
神木村,23.532742,120.843667,2.49,18.18,-0.27,84.33,5.0,2.56,C0H9A0
合歡山,24.143442,121.272547,2.82,9.29,6.97,84.73,8.0,4.02,C0H9C0
廬山,24.033311,121.181808,2.77,19.43,0.36,74.53,3.0,0.81,C0I010
信義,23.689694,120.851036,1.14,22.47,3.22,86.0,1.77,1.23,C0I080
竹山,23.761225,120.688156,1.51,24.3,3.29,84.87,2.87,1.5,C0I110
水里,23.812553,120.849792,1.26,24.13,0.78,81.13,1.07,0.67,C0I360
魚池,23.895703,120.94135,1.66,22.86,2.59,86.47,2.37,1.69,C0I370
集集,23.828206,120.801467,1.04,24.19,4.3,85.27,2.13,1.85,C0I380
仁愛,24.022122,121.132206,2.01,20.16,1.48,81.8,2.73,1.68,C0I390
名間,23.837053,120.701447,0.81,23.81,3.39,83.27,1.53,1.31,C0I410
國姓,24.037803,120.855072,1.26,24.18,3.53,84.67,6.4,5.77,C0I420
南投,23.911469,120.687331,1.1,25.15,6.84,82.47,2.73,2.28,C0I460
梅峰,24.085272,121.173572,2.32,15.28,3.32,81.47,4.27,2.44,C0I480
萬大林道,23.928228,121.091411,2.14,19.01,-3.6,76.67,2.57,1.46,C0I490
小奇萊,24.131764,121.295717,1.75,10.17,7.19,81.33,5.3,2.93,C0I530
崙背,23.75555,120.318925,1.16,23.91,0.36,82.33,2.5,2.21,C0K250
四湖,23.630414,120.227125,1.55,24.53,0.72,80.67,1.73,0.71,C0K280
宜梧,23.536281,120.169329,1.18,24.31,-0.17,81.67,1.57,0.15,C0K291
虎尾,23.719183,120.442036,1.21,24.45,7.45,86.8,3.23,2.19,C0K330
土庫,23.679029,120.395574,1.26,24.61,8.13,88.0,0.23,-0.0,C0K390
斗六,23.720583,120.541127,0.83,24.41,-0.05,81.53,3.0,2.88,C0K400
北港,23.573957,120.292802,0.75,24.21,-0.95,80.53,2.07,1.89,C0K410
西螺,23.800407,120.467394,0.89,24.23,0.88,83.8,2.97,2.54,C0K420
褒忠,23.690938,120.303634,0.9,23.95,-3.51,78.8,2.13,1.84,C0K430
二崙,23.772797,120.408944,1.0,23.79,3.82,86.07,2.37,2.07,C0K440
大埤,23.646074,120.431537,0.9,24.22,2.4,83.8,2.3,2.12,C0K450
斗南,23.678734,120.478359,0.87,24.3,2.38,82.13,3.23,3.07,C0K460
林內,23.748675,120.609642,1.45,24.43,1.2,82.8,3.63,3.48,C0K470
莿桐,23.761192,120.502372,1.08,23.95,2.0,82.07,3.83,3.6,C0K480
元長,23.64981,120.315024,0.94,24.24,2.26,82.33,3.17,2.91,C0K500
水林,23.572924,120.24597,1.15,24.48,1.73,82.33,2.37,2.18,C0K510
臺西,23.701547,120.197559,0.76,23.96,1.62,83.33,2.47,2.27,C0K530
蔦松,23.514319,120.229736,1.15,24.29,0.86,83.2,1.73,1.49,C0K550
棋山,23.68645,120.603417,1.43,24.59,2.57,84.47,3.73,3.54,C0K560
高鐵雲林,23.737456,120.417944,0.85,23.95,2.41,84.87,2.83,2.42,C0K580
東後寮,23.369908,120.248065,0.96,24.24,2.71,83.73,1.17,1.0,C0M520
奮起湖,23.493903,120.699253,2.15,18.83,-0.02,89.4,8.73,6.94,C0M530
中埔,23.42538,120.5229,0.77,24.11,2.73,83.47,4.13,3.87,C0M640
朴子,23.43463,120.23902,0.26,23.69,4.17,84.8,0.04,-0.09,C0M650
溪口,23.604131,120.403569,0.93,24.17,0.32,82.13,1.83,1.69,C0M660
大林,23.600616,120.45841,0.88,24.46,2.06,82.0,2.6,2.45,C0M670
太保,23.455062,120.331455,0.71,24.41,1.43,82.0,1.73,1.58,C0M680
水上,23.419734,120.388909,0.87,24.36,10.69,89.47,2.07,1.84,C0M690
竹崎,23.526178,120.555508,0.99,24.26,2.48,85.4,6.77,6.49,C0M700
東石,23.458927,120.15385,0.96,24.37,0.56,81.67,0.87,0.66,C0M710
番路,23.464657,120.554156,0.88,23.71,6.5,88.0,4.5,4.25,C0M720
嘉義市東區,23.457673,120.460531,0.99,25.65,3.32,78.33,3.23,3.0,C0M730
六腳,23.492871,120.290625,0.8,24.29,2.36,82.2,1.73,1.6,C0M740
布袋,23.380878,120.167789,1.04,24.54,-3.82,80.27,0.93,0.77,C0M750
民雄,23.551754,120.428457,0.7,24.37,1.44,82.47,2.53,2.35,C0M760
嘉義梅山,23.585398,120.555587,0.77,24.01,8.6,89.73,4.93,4.71,C0M770
鹿草,23.41134,120.30835,1.02,24.72,3.64,82.27,1.43,1.22,C0M780
新港,23.553269,120.345728,0.71,24.36,1.22,80.93,2.43,2.27,C0M790
茶山,23.299075,120.664767,1.03,23.34,4.84,87.47,8.5,8.25,C0M800
里佳,23.389125,120.716647,2.11,19.47,-5.76,81.13,10.73,10.04,C0M810
達邦,23.453994,120.749517,1.74,20.92,5.6,85.73,8.23,7.78,C0M820
表湖,23.24186,120.64166,1.01,21.59,3.87,91.0,6.97,6.64,C0M850
新美,23.338017,120.683169,1.54,23.03,0.57,85.07,8.33,7.28,C0M860
北寮,23.079561,120.495008,1.1,24.75,9.38,93.33,2.83,2.72,C0O830
王爺宮,23.222064,120.40085,3.1,26.19,-2.72,80.8,2.47,2.27,C0O840
大內,23.11885,120.36083,1.99,26.19,3.36,86.33,1.87,1.81,C0O860
善化,23.112883,120.297219,1.39,24.97,7.98,89.93,1.8,0.83,C0O900
崎頂,22.959547,120.369317,1.66,24.86,6.94,90.07,1.73,1.56,C0O960
虎頭埤,23.021375,120.347878,1.01,24.49,3.3,86.2,1.67,1.57,C0O970
新市,23.061614,120.298197,1.75,25.95,3.07,82.27,1.87,1.75,C0O980
媽廟,22.99175,120.293525,0.59,24.83,15.65,95.93,1.43,1.07,C0O990
尾寮山,22.833111,120.683889,1.61,20.28,0.33,91.17,30.5,28.87,C0R100
阿禮,22.742908,120.743678,1.24,20.88,-1.45,78.6,5.8,4.9,C0R130
瑪家,22.682903,120.686639,0.77,21.42,15.7,96.13,7.8,6.79,C0R140
三地門,22.709889,120.639944,1.23,25.73,-3.19,73.6,2.7,1.19,C0R150
鹽埔,22.739558,120.530778,1.26,25.97,-0.93,86.4,3.67,3.35,C0R160
屏東,22.660269,120.494072,1.73,26.68,-3.71,77.13,5.23,4.94,C0R170
赤山,22.592333,120.614306,1.01,25.75,6.81,90.33,4.9,4.42,C0R190
潮州,22.534361,120.54,1.81,26.43,2.8,81.13,6.6,5.33,C0R220
來義,22.527306,120.625111,0.6,24.77,8.2,91.75,9.38,8.88,C0R240
春日,22.370361,120.628306,0.4,24.97,-1.49,80.13,4.47,3.68,C0R260
琉球嶼,22.332244,120.362236,1.16,26.05,-0.85,82.87,2.43,0.99,C0R270
車城,22.0744,120.716247,1.02,26.24,8.19,78.47,3.5,-4.92,C0R320
牡丹,22.130036,120.792639,1.07,23.67,10.4,93.73,6.13,-7.01,C0R341
貓鼻頭,21.921774,120.7358,1.36,26.24,2.21,78.27,2.3,-0.75,C0R350
大漢山,22.405264,120.753181,2.19,15.49,4.9,98.27,29.57,11.43,C0R440
高樹,22.826389,120.600806,0.9,25.91,-3.52,75.73,4.4,4.11,C0R470
長治,22.693128,120.542622,1.69,26.75,2.55,85.2,4.87,4.52,C0R480
九如,22.7405,120.490503,1.67,26.75,-2.94,79.47,2.77,2.45,C0R490
崁頂,22.514781,120.506914,0.85,26.11,2.28,84.67,4.73,4.34,C0R520
佳冬,22.419456,120.552375,0.83,25.88,0.75,83.87,3.33,2.68,C0R540
新埤,22.467947,120.582894,1.04,25.69,-2.92,80.93,6.4,5.7,C0R550
新園,22.5434,120.461558,2.13,27.26,-5.19,75.2,3.2,2.83,C0R560
麟洛,22.65078,120.52719,1.95,27.28,4.58,82.93,2.57,2.27,C0R570
南州,22.48591,120.50274,1.03,26.01,3.5,85.13,3.7,3.27,C0R580
里港,22.77919,120.49459,1.03,25.97,2.22,82.8,2.6,2.45,C0R590
舊泰武,22.588194,120.664944,0.95,21.8,2.76,90.87,7.03,5.46,C0R600
墾雷,21.900836,120.855269,0.64,25.85,9.32,90.27,2.53,-0.38,C0R620
東港,22.46247,120.44074,1.14,26.28,3.13,83.87,2.13,1.02,C0R640
竹田,22.58486,120.54344,1.44,26.38,-5.0,78.33,5.0,4.57,C0R650
枋寮,22.367722,120.590647,1.31,26.1,5.66,85.93,3.23,0.34,C0R660
楓港,22.190131,120.692156,0.5,25.91,7.2,72.87,4.27,-5.62,C0R670
佳樂水,21.993578,120.861633,0.82,26.17,5.21,81.6,2.43,-3.57,C0R680
墾丁,21.966756,120.810269,1.43,24.17,0.63,84.8,4.27,-3.01,C0R690
枋山,22.246844,120.661086,1.22,26.51,6.79,75.07,3.33,-2.06,C0R700
龍磐,21.931672,120.838942,0.81,25.09,5.58,87.8,2.43,-3.43,C0R710
旭海,22.205403,120.887614,0.72,23.83,16.38,98.27,5.5,-1.03,C0R720
大坪頂,22.024633,120.69355,0.87,24.79,15.73,88.73,3.93,-2.93,C0R730
獅子,22.201569,120.70525,1.04,25.99,7.92,75.53,6.73,-5.35,C0R740
四林格山,22.076989,120.802439,1.39,21.47,3.2,95.2,5.5,-3.25,C0R750
南仁湖,22.084681,120.863353,1.03,22.87,9.1,96.6,4.8,-3.34,C0R760
保力,22.071122,120.764111,1.14,25.19,7.34,83.4,4.43,-7.98,C0R770
滿州,22.024403,120.839892,1.09,25.6,3.49,80.6,3.2,-3.52,C0R780
九棚,22.14195,120.889281,0.81,24.96,4.99,84.6,3.4,-2.68,C0R790
丹路,22.204481,120.750989,1.21,25.19,7.78,80.0,9.33,-4.94,C0R800
內獅,22.305064,120.642986,1.31,25.92,15.92,96.53,3.47,-0.92,C0R810
白鷺,22.454275,120.666219,1.51,22.77,4.83,87.67,9.77,4.66,C0R820
高士,22.121825,120.836781,1.15,22.48,5.9,92.4,6.23,-3.38,C0R830
牡丹池山,22.168389,120.841225,1.2,21.27,5.87,96.93,6.23,-1.54,C0R840
下馬,23.150427,121.070312,1.04,19.14,5.37,90.9,2.61,-0.6,C0S660
太麻里,22.60902,120.98533,1.81,22.23,8.01,87.2,4.73,0.6,C0S690
知本,22.684866,121.005642,1.64,21.86,8.03,91.33,8.07,3.24,C0S700
鹿野,22.917711,121.122994,1.87,22.37,7.33,88.33,10.57,6.72,C0S710
綠島,22.6672,121.47533,1.04,24.34,14.65,97.09,4.5,-3.18,C0S730
池上,23.119628,121.209469,1.47,22.46,4.53,88.73,7.3,3.99,C0S740
向陽,23.248397,120.986133,2.07,12.94,11.2,95.0,6.86,0.93,C0S750
大溪山,22.478475,120.943325,1.46,22.55,9.47,88.13,8.93,4.44,C0S770
金崙,22.538122,120.966875,1.58,23.97,6.49,85.13,6.43,2.27,C0S790
東河,22.972672,121.303986,0.75,24.84,8.74,84.47,8.1,3.32,C0S810
長濱,23.286817,121.411975,1.42,23.64,5.69,83.27,5.07,-1.01,C0S830
南田,22.279725,120.889208,1.03,25.72,23.2,98.53,5.2,1.28,C0S840
關山,23.0395,121.175017,1.4,23.29,5.69,87.8,8.5,6.12,C0S890
蘭嶼高中,22.04909,121.51214,0.9,26.13,9.75,85.27,11.73,-2.09,C0S900
蘭嶼燈塔,22.081197,121.503117,0.81,24.2,9.36,93.93,6.23,-2.89,C0S910
金峰嘉蘭,22.594789,120.960825,1.52,24.25,8.14,86.2,7.27,2.11,C0S920
延平,22.902581,121.084058,1.56,23.42,7.51,84.4,9.4,7.18,C0S930
石寧山,23.223772,121.406639,1.53,24.07,11.36,89.13,4.17,1.08,C0S940
香蘭,22.587569,120.993375,1.3,25.66,10.9,82.73,4.43,-2.26,C0S960
加津林,22.416211,120.926942,1.22,25.81,9.03,78.33,8.33,2.53,C0S970
勝林山,22.430439,120.8938,1.52,18.61,5.33,98.27,11.57,1.79,C0S980
山豬窟,22.318619,120.857372,1.08,22.39,8.38,89.47,8.77,2.25,C0S990
歷坵,22.520969,120.89185,1.84,22.15,9.52,91.13,13.17,6.29,C0SA00
檳榔四格山,22.810031,121.109308,1.68,22.47,8.27,91.13,8.83,6.26,C0SA10
金崙山,22.567419,120.959667,2.15,19.66,2.61,93.33,9.23,2.8,C0SA20
都歷,23.020333,121.323642,1.68,24.84,26.11,98.67,7.27,4.63,C0SA30
瑞和,22.974361,121.156697,1.84,23.51,14.62,94.4,10.77,7.49,C0SA40
知本（水試所）,22.702394,121.082761,1.21,25.18,7.18,81.73,7.57,3.46,C0SA60
土坂,22.453108,120.887572,1.51,24.2,8.91,85.8,13.2,6.01,C0SA80
達仁林場,22.264347,120.823972,1.26,21.65,6.37,93.2,12.73,0.09,C0SA90
大禹嶺,24.186117,121.316086,1.56,11.0,6.26,88.73,5.47,2.34,C0T790
天祥,24.179597,121.495639,2.05,20.85,4.37,90.13,3.4,0.02,C0T820
鯉魚潭,23.935639,121.508944,1.46,22.49,3.17,91.8,3.82,-1.19,C0T870
西林,23.8119,121.441458,1.8,23.11,8.62,91.47,4.63,-3.14,C0T900
光復,23.660694,121.424964,1.98,23.51,-0.95,88.47,4.47,-2.13,C0T960
月眉山,23.809928,121.539828,1.96,21.49,1.33,94.73,4.87,-2.29,C0T9A0
水源,23.991861,121.537169,1.83,21.15,5.13,92.93,4.93,-2.02,C0T9B0
和中,24.26676,121.74103,1.02,23.77,14.57,99.07,15.87,8.06,C0T9D0
大坑,23.880628,121.581981,1.66,21.59,5.84,95.27,6.2,-0.86,C0T9E0
水璉,23.797131,121.542514,1.29,23.07,5.46,90.73,4.77,-1.97,C0T9F0
鳳林山,23.735269,121.420131,0.74,20.69,1.86,94.67,5.27,-2.09,C0T9G0
加路蘭山,23.682947,121.5274,1.74,20.21,4.21,98.93,7.77,-1.82,C0T9H0
靜浦,23.455167,121.495028,1.73,24.01,9.44,90.67,8.27,1.02,C0T9M0
富里,23.171639,121.249378,1.89,22.78,12.94,97.36,1.11,-1.81,C0T9N0
雙連埤,24.753033,121.641303,1.19,19.35,0.95,98.08,22.43,6.7,C0U520
礁溪,24.817539,121.765608,1.57,23.07,-0.11,90.8,13.77,2.29,C0U600
玉蘭,24.675286,121.587061,0.31,19.21,-10.31,81.62,22.9,9.32,C0U650
太平山,24.505486,121.525656,2.63,14.21,4.97,95.73,6.4,-2.7,C0U710
南山,24.43742,121.38167,2.11,17.18,2.13,95.8,5.1,1.07,C0U720
東澳,24.52196,121.83318,1.04,23.17,7.58,99.47,35.63,14.28,C0U760
南澳,24.44935,121.81022,1.04,23.65,3.5,88.2,22.6,11.19,C0U770
五結,24.68637,121.79794,0.73,22.37,5.17,92.67,25.43,7.07,C0U780
頭城,24.85323,121.8308,0.72,23.03,5.9,93.0,16.5,5.13,C0U860
大礁溪,24.791042,121.675047,1.37,20.34,7.56,98.27,18.5,5.0,C0U870
三星,24.66812,121.65302,1.23,22.23,5.62,98.87,21.53,9.86,C0U890
內城,24.71813,121.68766,1.3,22.62,4.89,94.13,19.2,9.71,C0U900
冬山,24.63373,121.7937,1.33,23.04,11.21,98.6,36.77,20.77,C0U910
羅東,24.68184,121.74934,1.58,22.67,5.86,93.8,27.13,14.48,C0U940
鶯子嶺,24.89754,121.79244,1.84,17.27,2.21,99.93,25.17,7.11,C0U950
翠峰湖,24.510856,121.608044,2.69,13.95,4.51,99.6,12.0,1.06,C0U960
大福,24.80064,121.81389,1.14,23.11,1.16,90.27,16.2,3.23,C0U970
坪林石牌,24.86478,121.77396,1.4,19.69,4.46,98.73,18.6,4.75,C0U980
員山,24.74435,121.72247,1.19,22.85,6.56,93.67,18.63,7.49,C0U990
土場,24.576533,121.495333,1.44,20.63,1.5,93.53,5.17,0.47,C0UA00
鴛鴦湖,24.590269,121.412228,2.52,14.77,2.9,98.73,15.17,2.69,C0UA10
多加屯,24.368614,121.373189,1.65,11.61,7.55,85.07,29.67,26.66,C0UA20
白嶺,24.527819,121.519031,2.02,15.96,1.5,98.2,5.9,0.09,C0UA30
西德山,24.560647,121.752608,1.96,17.25,1.57,98.73,29.5,7.31,C0UA40
西帽山,24.555361,121.802628,1.3,18.11,2.31,99.53,64.57,24.84,C0UA50
樟樹山,24.41393,121.78325,1.72,20.49,7.83,99.0,23.77,10.39,C0UA60
桃源谷,24.962606,121.888875,1.64,20.04,3.08,98.8,22.23,7.63,C0UA70
復興,23.222403,120.806089,0.66,21.97,6.55,84.27,6.5,6.03,C0V210
美濃,22.898742,120.519153,2.06,26.28,0.99,82.67,1.9,1.06,C0V310
溪埔,22.738578,120.446797,1.02,25.67,6.56,87.33,2.83,2.65,C0V350
內門,22.975481,120.466769,1.58,25.09,7.3,90.5,1.27,1.14,C0V360
古亭坑,22.893178,120.401947,1.51,24.85,3.06,88.53,1.1,0.19,C0V370
阿公店,22.804194,120.355528,0.72,24.88,4.1,85.8,0.67,0.35,C0V400
鳳山,22.646653,120.356122,1.01,26.17,8.92,86.6,2.93,2.58,C0V440
鳳森,22.545064,120.392592,1.08,25.85,1.65,81.73,1.5,1.11,C0V450
新興,22.627422,120.298803,1.42,26.54,2.34,77.2,1.5,0.14,C0V490
阿蓮,22.883208,120.327508,2.02,26.43,-15.67,65.13,1.17,0.88,C0V530
梓官,22.760558,120.267211,0.89,25.65,2.25,80.73,1.07,0.61,C0V610
永安,22.82315,120.236856,0.77,25.23,-0.02,81.53,1.07,0.63,C0V620
茄萣,22.906642,120.182608,0.91,25.33,5.51,82.33,1.63,0.97,C0V630
湖內,22.887139,120.2445,0.62,25.11,0.95,80.4,0.93,0.49,C0V640
彌陀,22.783806,120.246361,1.35,26.05,4.15,84.07,1.0,0.55,C0V650
岡山,22.797078,120.294958,1.23,26.33,4.5,80.73,1.3,0.89,C0V660
仁武,22.701083,120.347722,0.89,26.11,8.81,87.0,2.13,1.81,C0V680
鼓山,22.623325,120.275575,0.6,25.65,4.24,82.87,1.07,0.67,C0V690
三民,22.645017,120.311233,0.76,26.45,4.79,77.0,1.33,0.91,C0V700
苓雅,22.622742,120.330669,1.47,27.01,9.38,80.87,1.77,1.4,C0V710
林園,22.507747,120.394511,1.52,27.64,6.07,79.4,1.6,1.16,C0V720
大寮,22.605614,120.395717,0.69,26.28,7.32,82.73,3.8,3.38,C0V730
旗山,22.888614,120.483597,1.9,26.53,0.98,80.0,1.17,1.0,C0V740
路竹,22.854997,120.259439,1.49,26.4,2.38,79.8,1.2,0.78,C0V750
橋頭,22.757806,120.30575,1.12,26.41,3.27,80.6,1.47,1.09,C0V760
大社,22.730306,120.346639,0.68,25.57,10.24,87.4,1.37,1.08,C0V770
萬山,22.905944,120.688056,0.77,23.57,5.2,84.93,6.27,5.97,C0V790
六龜,22.997889,120.633583,0.96,24.9,6.64,86.47,6.0,5.77,C0V800
左營,22.67491,120.28491,0.64,25.37,0.73,81.8,0.8,0.31,C0V810
小林,23.148408,120.63325,1.51,23.62,6.83,88.67,4.4,4.01,C0V820
東莒,25.9652,119.98069,1.97,21.21,-1.1,78.07,1.43,0.38,C0W110
花嶼,23.40007,119.32276,0.81,24.08,4.01,83.67,6.33,5.33,C0W130
金沙,24.488292,118.408778,1.78,23.25,-6.25,63.67,0.03,-0.55,C0W140
金寧,24.457703,118.328989,1.8,23.85,-3.6,66.0,0.0,-0.43,C0W150
東河,23.296598,120.385608,0.85,24.66,-2.46,80.6,3.2,2.98,C0X050
下營,23.22695,120.256261,0.92,24.65,-0.41,80.07,1.23,0.94,C0X060
佳里,23.173039,120.145086,1.21,24.87,3.27,83.6,0.8,-0.44,C0X080
臺南市北區,23.010394,120.194228,0.82,25.37,7.88,83.47,0.63,0.2,C0X100
臺南市南區,22.961189,120.188378,0.89,25.83,0.86,78.4,1.03,0.62,C0X110
麻豆,23.183289,120.248611,1.33,25.52,5.65,85.67,1.57,1.33,C0X120
官田,23.193217,120.315422,0.9,25.27,4.1,84.33,1.77,1.54,C0X130
西港,23.125608,120.203108,0.97,25.13,5.28,84.93,1.13,0.7,C0X140
安定,23.102614,120.227839,1.12,25.03,4.68,86.67,1.0,0.51,C0X150
仁德,22.968258,120.257689,1.22,26.0,4.03,81.13,1.63,1.21,C0X160
關廟,22.963017,120.327797,0.06,24.53,6.52,84.0,1.27,1.09,C0X170
山上,23.0757,120.363253,1.32,25.19,0.79,83.53,2.37,2.29,C0X180
安平,22.993161,120.152181,0.63,25.01,2.95,82.93,0.9,0.44,C0X190
左鎮,23.056758,120.408522,2.05,25.47,-0.97,84.07,2.23,2.12,C0X200
白河,23.347466,120.414427,0.78,24.54,2.47,83.53,3.17,2.94,C0X210
學甲,23.230367,120.182187,1.08,24.56,2.91,82.87,1.0,0.71,C0X220
鹽水,23.272621,120.247641,0.79,24.27,2.3,83.73,1.33,1.07,C0X230
關子嶺,23.331169,120.508025,0.97,22.79,7.2,94.27,6.53,6.21,C0X240
新營,23.310689,120.316681,0.73,24.56,5.54,85.4,1.83,1.58,C0X250
後壁,23.366358,120.362326,0.9,24.41,0.41,82.67,1.9,1.65,C0X260
將軍,23.214999,120.13577,0.75,24.28,1.84,82.73,0.97,0.47,C0X280
北門,23.267772,120.125481,1.13,24.48,3.87,84.93,0.9,0.49,C0X290
鹿寮,23.386047,120.477331,1.38,24.46,9.64,94.4,3.8,3.45,C0X300
柳營,23.253328,120.375253,1.8,24.93,-0.89,81.33,2.4,1.46,C0X320
明里,23.208717,121.262342,1.82,22.79,4.35,91.0,4.47,-0.83,C0Z020
佳心,23.34567,121.21316,1.7,19.33,11.59,98.07,4.5,0.31,C0Z050
玉里,23.3215,121.339656,1.75,23.14,5.0,90.67,5.77,-1.32,C0Z061
舞鶴,23.46811,121.37407,2.07,22.57,8.78,99.67,5.82,0.29,C0Z070
富源,23.587642,121.378225,1.95,22.44,1.67,92.47,4.53,-1.79,C0Z080
東華,23.89525,121.549833,1.65,24.03,3.38,90.53,2.2,-3.65,C0Z100
吉安光華,23.930925,121.595153,1.34,24.05,-11.96,76.47,3.97,-1.71,C0Z150
鳳林,23.746114,121.453411,1.65,23.59,-1.06,85.0,4.17,-0.98,C0Z160
卓溪,23.3443,121.3029,1.22,23.14,3.46,85.87,5.17,1.43,C0Z170
富世,24.14743,121.6297,1.4,24.21,0.93,85.55,5.91,-0.31,C0Z190
萬榮,23.709219,121.420106,1.61,23.25,-1.65,85.53,5.03,-0.47,C0Z200
瑞穗,23.5239,121.39021,2.06,23.4,3.31,89.53,5.4,0.06,C0Z210
和平林道,24.343922,121.656317,1.67,20.6,1.0,91.8,10.63,6.68,C0Z220
和平,24.30717,121.77007,0.49,23.53,9.49,83.13,11.1,2.49,C0Z230
瑞穗林道,23.49284,121.30688,3.73,19.69,0.07,96.67,5.83,-1.85,C0Z250
蕃薯寮,23.73835,121.540108,1.4,22.13,-0.5,90.27,4.9,-2.23,C0Z270
德武,23.47426,121.41071,1.59,23.01,1.54,89.6,5.23,-0.35,C0Z280
赤柯山,23.36893,121.38293,1.67,18.72,5.91,98.47,9.7,2.74,C0Z290
東里,23.26853,121.30547,1.63,23.15,-3.31,88.27,5.53,1.45,C0Z300
清水斷崖,24.218294,121.689142,0.92,23.71,5.9,86.27,6.23,0.4,C0Z310
清水林道,23.27125,121.188272,1.8,20.17,2.63,90.67,5.57,1.15,C0Z320
安通山,23.290728,121.348528,1.06,20.87,3.7,90.87,5.03,1.05,C0Z330
口湖工作站,23.589978,120.180394,1.67,24.09,5.11,77.0,1.23,1.03,12J990
東港工作站,22.479997,120.466058,1.38,26.13,4.26,71.73,2.4,1.12,12Q970
恆春工作站,22.079678,120.714425,1.3,26.5,10.19,71.0,2.67,0.0,12Q980
萬大發電廠,23.978875,121.139639,1.68,20.57,-3.64,79.33,2.77,2.52,42HA10
桃改樹林分場,24.944503,121.386972,0.59,23.35,6.28,80.0,0.53,-0.44,72AI40
桃園農改場,24.950944,121.030583,1.58,23.12,3.95,84.8,1.73,-0.25,72C440
桃改五峰分場,24.612194,121.157167,2.54,19.35,-1.06,86.07,1.13,-1.35,72D080
桃改新埔分場,24.834444,121.066111,1.29,23.61,9.25,82.08,0.0,-0.58,72D680
臺中農改場,24.003028,120.534389,1.31,24.15,4.62,84.53,3.7,2.83,72G600
中改埔里分場,23.903208,120.963364,2.03,22.13,1.87,88.53,0.0,-0.17,72HA00
南改斗南分場,23.634556,120.477333,1.71,24.47,2.05,83.47,2.33,1.24,72K220
南改義竹分場,23.360694,120.279361,1.22,24.19,0.19,82.27,1.4,0.57,72M360
南改鹿草分場,23.416869,120.283061,1.64,24.13,7.17,85.33,1.13,0.97,72M700
臺南農改場,23.0605,120.342194,1.33,24.47,6.9,87.67,2.13,1.32,72N100
七股研究中心,23.081672,120.062894,1.43,24.4,3.76,83.2,1.1,-0.84,72N240
高雄農改場,22.709333,120.525889,1.06,25.9,8.72,87.4,4.87,3.76,72Q010
東改班鳩分場,22.829528,121.077694,1.84,23.93,-0.28,80.0,10.2,5.97,72S200
東改賓朗果園,22.813889,121.071278,1.13,22.98,-1.26,83.91,6.64,1.97,72S590
花蓮農改場,23.975222,121.563889,1.83,24.11,0.91,83.93,3.5,-1.39,72T250
花改蘭陽分場,24.686306,121.716583,1.42,22.61,6.71,94.2,27.77,14.4,72U480
高改旗南分場,22.857861,120.516667,0.54,25.27,9.6,85.13,1.97,1.12,72V140
茶改北部分場,24.955778,121.631222,1.62,20.64,4.8,91.93,6.04,-4.04,82A750
茶改場,24.908472,121.185333,1.62,22.37,-0.16,83.0,1.1,-1.89,82C160
茶改中部分場,23.875611,120.913583,0.69,21.07,2.9,87.57,2.21,0.74,82H320
茶改南部分場,23.762528,120.7405,1.0,22.49,2.45,89.6,3.0,1.94,82H840
茶改東部分場,22.907694,121.130139,1.19,23.74,0.7,82.13,10.17,6.32,82S580
農工中心,24.985917,121.239833,0.94,22.67,6.32,81.47,1.13,-1.44,A2C560
水試臺西試驗場,23.717231,120.190522,0.99,24.31,4.72,86.07,2.21,2.06,A2K360
臺大雲林校區,23.730628,120.423903,1.34,23.71,3.76,83.53,3.13,2.74,A2K630
臺南蘭花園區,23.340258,120.379661,1.74,24.33,0.58,82.8,2.47,1.63,A2N290
畜試北區分所,24.527806,120.770972,1.44,22.96,4.43,84.27,2.2,1.95,B2E890
畜產試驗所,23.058972,120.336406,1.58,24.81,9.34,91.43,4.86,3.81,B2N890
畜試南區分所,21.945583,120.802167,0.79,25.93,1.72,75.86,3.54,-0.09,B2Q810
畜試東區分所,24.669039,121.832561,2.66,23.42,5.28,95.67,40.08,22.06,B2U990
蓮華池,23.918333,120.885278,0.55,21.72,6.39,89.3,3.7,1.97,E2H360
林試畢祿溪站,24.226944,121.308522,0.42,12.94,6.5,87.44,0.28,-0.33,E2HA20
四湖植物園,23.676986,120.163433,1.74,24.36,7.78,91.53,2.3,2.11,E2K600
林試六龜中心,22.991703,120.645722,1.12,23.95,3.9,89.4,4.77,4.21,E2P980
林試太麻里2,22.598,120.99775,0.79,24.76,5.94,80.67,5.67,0.97,E2S960
林試太麻里1,22.598922,120.980044,0.74,23.83,7.0,83.0,7.21,0.12,E2S980
農試所(霧峰),24.031261,120.688133,1.53,24.67,7.23,87.53,2.67,1.76,G2F820
農試嘉義分所,23.485028,120.473806,1.36,24.12,3.69,85.87,3.43,2.79,G2L020
農試溪口農場,23.58565,120.408111,1.26,24.41,4.45,83.27,2.2,1.43,G2M350
農試鳳山分所,22.646611,120.356083,0.72,25.63,6.28,81.08,2.81,1.55,G2P820
苗栗農改場,24.495722,120.829111,1.33,22.73,2.64,84.67,4.33,3.09,K2E360
苗改生物防治研究中心,24.422861,120.871833,1.3,21.75,1.55,84.53,5.73,5.67,K2E710
種苗改良場,24.225972,120.800917,1.5,22.07,11.29,89.73,9.77,8.66,K2F750
溪頭,23.670306,120.798194,1.76,18.82,3.89,93.07,4.57,2.49,U2H480
臺大和社,23.590856,120.888864,2.52,21.53,6.16,87.6,2.17,1.72,U2HA30
臺大內茅埔,23.689722,120.851117,1.62,22.47,4.63,86.0,1.8,1.49,U2HA40
臺大竹山,23.756972,120.681556,1.47,24.4,-1.49,80.4,3.13,3.02,U2HA50
臺大竹山,23.756972,120.681556,1.47,24.4,-1.49,80.4,3.13,3.02,U2HA50
臺大內茅埔,23.689722,120.851117,1.62,22.47,4.63,86.0,1.8,1.49,U2HA40
臺大和社,23.590856,120.888864,2.52,21.53,6.16,87.6,2.17,1.72,U2HA30
臺大溪頭,23.670306,120.798194,1.76,18.82,3.89,93.07,4.57,2.49,U2H480
種苗繁殖,24.225972,120.800917,1.5,22.07,11.29,89.73,9.77,8.66,K2F750
苗改生物防治研究中心,24.422861,120.871833,1.3,21.75,1.55,84.53,5.73,5.67,K2E710
苗栗農改,24.495722,120.829111,1.33,22.73,2.64,84.67,4.33,3.09,K2E360
農試鳳山分所,22.646611,120.356083,0.72,25.63,6.28,81.08,2.81,1.55,G2P820
農試溪口農場,23.58565,120.408111,1.26,24.41,4.45,83.27,2.2,1.43,G2M350
農試嘉義分所,23.485028,120.473806,1.36,24.12,3.69,85.87,3.43,2.79,G2L020
農業試驗所,24.031261,120.688133,1.53,24.67,7.23,87.53,2.67,1.76,G2F820
林試太麻里1,22.598922,120.980044,0.74,23.83,7.0,83.0,7.21,0.12,E2S980
林試太麻里2,22.598014,120.989761,0.79,24.76,5.94,80.67,5.67,0.97,E2S960
林試六龜中心,22.991703,120.645722,1.12,23.95,3.9,89.4,4.77,4.21,E2P980
四湖植物園,23.676986,120.163433,1.74,24.36,7.78,91.53,2.3,2.11,E2K600
林試畢祿溪站,24.226944,121.308522,0.42,12.94,6.5,87.44,0.28,-0.33,E2HA20
蓮華池,23.918333,120.885278,0.55,21.72,6.39,89.3,3.7,1.97,E2H360
畜試東區分所,24.669039,121.832561,2.66,23.42,5.28,95.67,40.08,22.06,B2U990
畜試南區分所,21.945583,120.802167,0.79,25.93,1.72,75.86,3.54,-0.09,B2Q810
畜試所,23.058972,120.336406,1.58,24.81,9.34,91.43,4.86,3.81,B2N890
畜試北區分所,24.527806,120.770972,1.44,22.96,4.43,84.27,2.2,1.95,B2E890
臺南蘭花園區,23.340258,120.379661,1.74,24.33,0.58,82.8,2.47,1.63,A2N290
臺大雲林校區,23.730628,120.423903,1.34,23.71,3.76,83.53,3.13,2.74,A2K630
水試臺西試驗場,23.717231,120.190522,0.99,24.31,4.72,86.07,2.21,2.06,A2K360
農工中心,24.985917,121.239833,0.94,22.67,6.32,81.47,1.13,-1.44,A2C560
茶改東部分場,22.907694,121.130139,1.19,23.74,0.7,82.13,10.17,6.32,82S580
茶改南部分場,23.762528,120.7405,1.0,22.49,2.45,89.6,3.0,1.94,82H840
茶改中部分場,23.875611,120.913583,0.69,21.07,2.9,87.57,2.21,0.74,82H320
茶改場,24.908472,121.185333,1.62,22.37,-0.16,83.0,1.1,-1.89,82C160
茶改北部分場,24.955778,121.631222,1.62,20.64,4.8,91.93,6.04,-4.04,82A750
高改旗南分場,22.857861,120.516667,0.54,25.27,9.6,85.13,1.97,1.12,72V140
花改蘭陽分場,24.686306,121.716583,1.42,22.61,6.71,94.2,27.77,14.4,72U480
花蓮農改,23.975222,121.563889,1.83,24.11,0.91,83.93,3.5,-1.39,72T250
東改賓朗果園,22.813889,121.071278,1.13,22.98,-1.26,83.91,6.64,1.97,72S590
東改班鳩分場,22.829528,121.077694,1.84,23.93,-0.28,80.0,10.2,5.97,72S200
高雄農改,22.709333,120.525889,1.06,25.9,8.72,87.4,4.87,3.76,72Q010
七股研究中心,23.081672,120.062894,1.43,24.4,3.76,83.2,1.1,-0.84,72N240
臺南農改,23.0605,120.342194,1.33,24.47,6.9,87.67,2.13,1.32,72N100
南改鹿草分場,23.416869,120.283061,1.64,24.13,7.17,85.33,1.13,0.97,72M700
南改義竹分場,23.360694,120.279361,1.22,24.19,0.19,82.27,1.4,0.57,72M360
南改斗南分場,23.634556,120.477333,1.71,24.47,2.05,83.47,2.33,1.24,72K220
中改埔里分場,23.903208,120.963364,2.03,22.13,1.87,88.53,0.0,-0.17,72HA00
臺中農改,24.003028,120.534389,1.31,24.15,4.62,84.53,3.7,2.83,72G600
桃改新埔分場,24.834444,121.066111,1.29,23.61,9.25,82.08,0.0,-0.58,72D680
桃改五峰分場,24.612194,121.157167,2.54,19.35,-1.06,86.07,1.13,-1.35,72D080
桃園農改,24.950944,121.030583,1.58,23.12,3.95,84.8,1.73,-0.25,72C440
桃改樹林分場,24.944503,121.386972,0.59,23.35,6.28,80.0,0.53,-0.44,72AI40
萬大發電廠,23.978875,121.139639,1.68,20.57,-3.64,79.33,2.77,2.52,42HA10
恆春工作站,22.079678,120.714425,1.3,26.5,10.19,71.0,2.67,0.0,12Q980
東港工作站,22.479997,120.466058,1.38,26.13,4.26,71.73,2.4,1.12,12Q970
口湖工作站,23.589978,120.180394,1.67,24.09,5.11,77.0,1.23,1.03,12J990
