站名,緯度,經度,平均溫距平,本年度平均溫,平均溼度距平,本年度日均相對溼度,本年度日均降水量,日均降水量距平,站號
淡水,25.164889,121.448906,0.82,22.09,1.63,80.81,2.76,-1.33,466900
鞍部,25.182586,121.529731,0.7,16.33,6.17,98.15,23.49,5.95,466910
臺北,25.037658,121.514853,0.6,22.71,5.37,80.74,1.72,-1.85,466920
竹子湖,25.162078,121.544547,0.7,18.01,7.07,94.81,21.22,6.17,466930
基隆,25.133314,121.740475,0.76,22.41,5.16,82.3,17.47,3.19,466940
花蓮,23.975128,121.613275,0.99,23.66,4.27,80.07,3.01,-2.81,466990
新屋,25.006744,121.047486,0.38,22.13,3.13,81.56,2.68,1.2,467050
宜蘭,24.763975,121.756528,0.54,21.79,7.45,90.04,15.35,4.15,467080
金門,24.407306,118.289281,1.11,21.71,1.92,72.33,0.29,-1.42,467110
田中,23.873803,120.581286,0.05,23.57,5.42,85.63,2.19,2.13,467270
澎湖,23.565503,119.563094,0.51,23.35,3.92,80.56,0.76,-0.38,467350
臺南,22.993239,120.204772,0.47,24.22,3.43,77.96,4.7,3.56,467410
永康,23.038386,120.2367,0.97,24.1,6.0,79.85,3.78,2.85,467420
嘉義,23.495925,120.432906,0.96,23.29,6.73,85.3,2.09,1.14,467480
臺中,24.145736,120.684075,1.12,23.93,3.27,75.63,2.22,1.15,467490
阿里山,23.508208,120.813242,1.25,12.29,5.37,88.3,6.36,3.46,467530
大武,22.355675,120.903789,0.74,25.12,4.49,76.0,5.6,1.96,467540
玉山,23.487614,120.959522,1.01,5.2,-1.49,65.7,5.35,1.32,467550
新竹,24.827853,121.014219,0.87,22.64,5.14,80.48,1.37,-0.81,467571
恆春,22.003897,120.746339,0.75,25.67,2.97,73.59,3.11,0.56,467590
成功,23.097486,121.373428,0.95,24.03,4.28,79.74,5.37,-0.32,467610
日月潭,23.881325,120.90805,1.43,20.23,10.01,89.85,1.62,-0.02,467650
臺東,22.752211,121.154586,0.81,24.56,4.58,77.44,7.65,3.35,467660
馬祖,26.169269,119.923419,0.65,18.97,3.48,83.7,2.13,0.0,467990
山佳,24.974944,121.402008,0.45,22.19,3.75,82.81,2.0,-1.47,C0A520
坪林,24.938183,121.70975,0.25,19.15,-0.29,91.96,6.72,-0.47,C0A530
泰平,24.971197,121.823711,0.92,18.85,3.75,99.19,31.67,8.13,C0A550
桶後,24.848222,121.597992,1.14,19.39,1.53,95.52,8.74,-0.85,C0A570
石碇,24.993969,121.662917,0.91,20.45,0.33,90.2,8.4,1.3,C0A640
大坪,25.165914,121.632969,1.65,20.06,3.25,96.04,42.89,12.33,C0A860
五指山,25.132153,121.608692,1.78,18.34,2.01,97.22,24.7,9.75,C0A870
雙溪,25.036003,121.864242,2.59,22.62,-2.13,90.38,21.65,4.2,C0A890
三和,25.233153,121.595236,5.07,25.08,3.67,93.19,30.43,13.22,C0A931
金山,25.223628,121.643967,1.68,22.54,0.01,84.33,10.33,1.3,C0A940
鼻頭角,25.129036,121.923372,0.74,22.18,4.38,87.41,5.39,-0.22,C0A950
三貂角,25.007606,122.002058,0.81,22.0,5.93,88.93,7.46,-2.3,C0A970
社子,25.109508,121.469681,1.44,23.56,3.95,80.48,0.78,-1.52,C0A980
天母,25.117494,121.537169,0.81,22.93,-1.3,73.07,1.17,-1.44,C0A9C0
內湖,25.079422,121.57545,0.43,22.34,18.09,97.04,2.44,-0.95,C0A9F0
大屯山,25.175675,121.522408,1.48,15.86,2.99,99.65,13.46,2.69,C0AC40
三峽,24.939025,121.369728,1.64,23.49,3.25,82.85,1.67,-2.12,C0AC60
信義,25.037822,121.564597,1.44,23.12,3.51,84.26,3.3,0.08,C0AC70
文山,25.00235,121.575728,0.57,21.96,-0.16,83.33,3.65,-0.19,C0AC80
新莊,25.051478,121.446756,0.15,22.6,5.2,79.59,1.11,-1.58,C0ACA0
八里,25.150211,121.403947,0.43,22.49,12.62,89.26,1.91,-1.02,C0AD10
蘆洲,25.086594,121.472331,0.91,23.63,1.35,76.26,0.8,-1.55,C0AD30
土城,24.973208,121.445169,0.54,22.18,5.41,84.89,1.7,-2.09,C0AD40
鶯歌,24.951533,121.346294,1.21,22.89,3.64,85.48,1.35,-1.67,C0AD50
汐止,25.066881,121.658778,0.2,21.8,-0.45,85.62,10.94,2.57,C0AH00
永和,25.01125,121.508111,0.88,23.22,2.99,81.74,1.7,-0.32,C0AH10
五分山,25.07125,121.780794,0.99,17.83,0.08,97.6,26.68,5.13,C0AH30
平等,25.129142,121.577086,0.33,19.61,-2.0,86.33,8.22,1.82,C0AH40
林口,25.072181,121.38084,0.45,20.85,-4.98,86.96,0.69,-0.88,C0AH50
松山,25.04871,121.55042,0.03,22.45,0.63,72.48,2.0,-0.12,C0AH70
深坑,25.002703,121.628328,-0.66,20.2,-0.65,85.45,5.04,1.01,C0AH80
福山植物園,24.760717,121.58135,0.93,17.86,3.25,99.07,22.94,9.55,C0AH90
五股,25.07445,121.42728,-0.87,20.84,-3.33,84.37,0.94,0.06,C0AI00
屈尺,24.92184,121.54475,0.83,21.98,-5.99,78.19,5.89,2.41,C0AI10
白沙灣,25.283128,121.519058,0.5,21.97,2.54,86.37,2.25,-0.27,C0AI20
三重,25.057328,121.500629,0.37,22.96,1.77,80.89,0.91,0.78,C0AI30
石牌,25.115597,121.513139,0.99,24.0,10.24,76.7,0.63,0.37,C0AI40
七堵,25.094819,121.71713,1.45,22.94,-2.1,85.33,21.22,10.43,C0B010
基隆嶼,25.19141,121.78391,0.6,21.68,13.37,93.56,7.61,4.85,C0B020
復興,24.820208,121.352281,1.29,20.57,1.56,80.67,1.41,-2.39,C0C460
桃園,24.992425,121.323172,0.58,22.19,4.17,79.44,2.09,-0.49,C0C480
八德,24.928708,121.283289,0.23,21.67,2.29,81.41,1.83,-2.12,C0C490
觀音,25.027072,121.153317,0.41,21.27,5.41,85.26,2.89,-0.97,C0C590
蘆竹,25.084275,121.265767,0.0,21.63,8.01,88.11,1.98,-1.59,C0C620
大溪,24.882853,121.265547,0.74,21.05,4.99,84.04,1.3,-1.92,C0C630
平鎮,24.897503,121.214636,1.03,21.14,3.33,84.81,1.48,-1.88,C0C650
楊梅,24.912375,121.143047,0.28,21.4,2.94,81.37,1.75,-0.3,C0C660
龍潭,24.870056,121.221389,0.54,20.82,3.97,84.67,1.57,-0.69,C0C670
龜山,25.02846,121.38656,0.33,20.63,4.25,86.81,1.81,-0.08,C0C680
中壢,24.977661,121.256375,0.35,21.54,4.29,81.67,1.67,0.87,C0C700
大溪永福,24.892936,121.324975,0.67,21.39,4.01,86.93,1.74,0.98,C0C710
梅花,24.678347,121.208558,1.29,20.19,2.81,84.26,0.59,-1.87,C0D360
峨眉,24.6905,121.017189,1.22,22.25,-2.33,81.7,1.06,-1.64,C0D430
打鐵坑,24.849664,121.150789,0.71,20.61,-0.36,85.74,0.85,-2.22,C0D480
橫山,24.71116,121.11693,0.51,20.72,6.03,88.85,0.85,-1.65,C0D540
雪霸,24.526972,121.11605,2.15,15.34,-1.32,77.48,1.37,-1.81,C0D550
竹東,24.767147,121.057881,1.52,22.42,3.36,78.07,0.94,-1.37,C0D560
寶山,24.735006,121.025192,1.34,21.92,0.84,82.44,1.02,-1.71,C0D580
新豐,24.87068,120.97721,0.59,21.17,11.36,92.7,1.52,-1.24,C0D590
湖口,24.904794,121.043628,-0.33,21.09,1.38,80.96,1.33,0.32,C0D650
新竹市東區,24.798681,120.986942,0.05,21.94,3.99,78.85,1.35,0.31,C0D660
竹南,24.708978,120.888897,1.21,22.66,4.22,81.37,1.09,-0.54,C0E420
南庄,24.601775,121.000214,0.96,20.66,7.74,92.19,1.33,-0.83,C0E430
明德,24.583486,120.885411,1.27,22.7,-1.64,79.78,1.48,-0.67,C0E550
通霄,24.471892,120.704622,0.58,22.34,0.46,82.78,1.72,0.02,C0E590
馬都安,24.451272,120.930192,1.04,18.94,6.52,90.15,2.2,0.37,C0E610
頭份,24.688247,120.912206,1.73,23.61,2.58,76.93,1.57,-0.59,C0E730
造橋,24.637056,120.864778,0.72,22.61,-1.7,79.67,1.76,-0.67,C0E740
苗栗,24.564569,120.824575,0.56,22.69,-1.5,74.63,1.61,-0.46,C0E750
銅鑼,24.489681,120.790853,0.2,21.61,13.28,94.41,3.0,1.06,C0E780
西湖,24.562947,120.7485,0.76,22.05,0.76,84.26,1.93,0.24,C0E810
獅潭,24.539133,120.920042,0.74,20.92,-0.56,85.44,2.26,0.58,C0E820
苑裡,24.439714,120.653053,0.16,22.47,0.69,79.78,2.02,1.5,C0E830
大河,24.618069,120.948578,-0.18,21.13,-0.09,82.41,1.61,0.47,C0E850
高鐵苗栗,24.60725,120.826094,0.73,22.73,9.21,85.52,1.74,1.4,C0E870
石岡,24.276061,120.777644,0.56,21.81,5.22,87.41,4.43,3.64,C0F0B0
中坑,24.248517,120.903319,0.28,18.96,0.31,88.96,4.33,3.69,C0F0C0
審馬陣,24.381675,121.4203,0.83,8.59,16.42,82.41,2.61,1.74,C0F0D0
南湖圈谷,24.363714,121.444667,-5.06,0.0,10.36,86.74,0.0,-4.51,C0F0E0
東勢,24.246428,120.833047,1.39,22.67,3.4,82.52,4.5,2.81,C0F850
大坑,24.173142,120.722289,1.5,24.51,3.63,78.19,2.67,1.21,C0F970
神岡,24.272481,120.658314,0.51,22.2,-7.42,74.67,2.86,1.39,C0F9I0
大安,24.345061,120.588025,0.07,22.31,1.25,82.37,2.02,0.66,C0F9K0
后里,24.310436,120.729725,0.72,22.31,1.04,82.04,4.13,2.6,C0F9L0
豐原,24.254322,120.720692,1.35,23.32,2.32,79.59,4.56,3.01,C0F9M0
大里,24.092464,120.701378,1.09,25.02,-4.7,67.11,1.39,-0.09,C0F9N0
潭子,24.213106,120.703933,0.21,23.17,4.04,79.74,3.02,1.66,C0F9O0
清水,24.312297,120.562242,0.04,22.48,0.84,82.19,1.41,0.24,C0F9P0
外埔,24.347817,120.705686,1.2,22.86,-2.42,80.12,3.31,1.86,C0F9Q0
龍井,24.184536,120.528972,0.23,23.03,-2.2,79.3,2.17,1.0,C0F9R0
烏日,24.107058,120.624103,0.38,23.59,1.38,74.96,2.44,1.12,C0F9S0
西屯,24.179494,120.641275,0.15,22.77,2.46,78.44,2.87,1.67,C0F9T0
南屯,24.137006,120.637969,0.03,23.69,2.31,75.07,2.33,1.16,C0F9U0
新社,24.200172,120.815806,1.04,21.64,5.4,87.42,5.64,4.06,C0F9V0
大雅(中科園區),24.21528,120.62445,-0.3,22.01,2.98,82.44,1.94,1.47,C0F9X0
桃山,24.432739,121.303808,0.99,7.96,10.03,82.96,2.5,-1.12,C0F9Y0
雪山東峰,24.388792,121.268675,0.8,8.58,8.72,81.0,4.43,1.04,C0F9Z0
芬園,24.015678,120.6213,-0.03,22.34,7.44,88.19,2.54,1.11,C0G620
員林,23.946503,120.585597,2.65,25.39,-0.97,78.22,1.98,1.12,C0G650
溪湖,23.94835,120.479122,2.01,24.85,11.61,92.67,2.41,1.06,C0G660
溪州,23.851589,120.499093,0.48,23.26,-1.5,77.33,1.83,1.15,C0G720
二林,23.903325,120.376081,0.38,22.78,0.91,86.07,1.96,1.49,C0G730
大城,23.852487,120.320935,0.54,23.19,-19.13,60.67,2.22,1.68,C0G740
福興,24.041289,120.437669,0.63,23.91,-3.33,75.67,2.57,1.44,C0G770
秀水,24.03405,120.503869,0.07,23.25,1.66,81.74,2.39,1.19,C0G780
埔鹽,24.000394,120.431683,1.5,24.11,1.5,84.15,1.91,0.77,C0G800
埔心,23.947633,120.525456,0.57,23.75,21.18,99.88,2.25,1.01,C0G810
田尾,23.901669,120.509389,0.98,23.96,1.02,85.26,2.07,0.78,C0G820
埤頭,23.866003,120.452806,0.54,23.23,12.7,99.48,1.39,0.29,C0G830
社頭,23.897647,120.5862,0.94,24.53,7.48,82.81,2.13,0.71,C0G860
二水,23.810742,120.6173,2.16,25.12,3.86,83.59,2.0,0.52,C0G880
伸港,24.148933,120.484403,-0.01,22.82,-0.55,79.22,2.48,1.38,C0G890
線西,24.143358,120.443536,0.07,23.06,0.0,80.26,1.46,1.4,C0G900
花壇,24.032076,120.549461,1.29,24.95,7.5,81.78,1.61,1.54,C0G910
埔里,23.972169,120.952425,1.26,23.32,3.39,83.41,1.81,0.8,C0H890
草屯,23.973672,120.68085,0.48,23.64,1.02,77.3,1.33,-0.03,C0H960
昆陽,24.121322,121.273642,1.83,9.13,9.3,85.15,2.7,0.2,C0H990
神木村,23.532742,120.843667,2.11,17.27,2.83,87.04,3.94,1.55,C0H9A0
合歡山,24.143442,121.272547,2.09,7.74,11.5,90.11,6.39,2.1,C0H9C0
廬山,24.033311,121.181808,2.32,18.4,1.9,77.44,2.09,-0.08,C0I010
信義,23.689694,120.851036,0.69,21.64,4.14,87.11,1.67,0.65,C0I080
竹山,23.761225,120.688156,1.11,23.25,2.97,84.81,2.33,0.91,C0I110
水里,23.812553,120.849792,0.65,23.09,1.58,82.37,1.28,0.5,C0I360
魚池,23.895703,120.94135,1.29,22.09,3.06,87.56,1.76,0.69,C0I370
集集,23.828206,120.801467,0.49,23.14,3.62,85.44,1.72,0.94,C0I380
仁愛,24.022122,121.132206,1.56,19.39,2.03,83.59,1.96,0.58,C0I390
名間,23.837053,120.701447,0.23,22.75,1.9,82.33,1.07,0.37,C0I410
國姓,24.037803,120.855072,0.7,23.15,2.86,84.85,3.69,2.77,C0I420
南投,23.911469,120.687331,0.6,24.03,5.66,81.48,1.59,0.79,C0I460
梅峰,24.085272,121.173572,1.64,14.22,3.4,83.15,2.8,0.7,C0I480
萬大林道,23.928228,121.091411,1.72,18.27,-2.69,78.16,2.16,0.64,C0I490
小奇萊,24.131764,121.295717,1.06,8.67,10.58,86.37,4.06,1.62,C0I530
崙背,23.75555,120.318925,0.56,22.9,-1.9,80.0,1.43,0.78,C0K250
四湖,23.630414,120.227125,1.2,23.52,-1.39,78.78,1.13,-0.06,C0K280
宜梧,23.536281,120.169329,0.73,23.31,-1.41,80.0,1.09,-0.28,C0K291
虎尾,23.719183,120.442036,0.85,23.41,5.81,84.81,2.3,1.2,C0K330
土庫,23.679029,120.395574,0.61,23.42,7.54,86.96,0.65,0.13,C0K390
斗六,23.720583,120.541127,0.35,23.37,-1.99,79.44,2.43,1.85,C0K400
北港,23.573957,120.292802,0.28,23.2,-2.72,78.52,1.76,1.28,C0K410
西螺,23.800407,120.467394,0.42,23.19,-0.88,81.67,1.76,1.05,C0K420
褒忠,23.690938,120.303634,0.43,22.93,-5.47,76.74,1.31,0.75,C0K430
二崙,23.772797,120.408944,0.42,22.77,1.74,83.89,1.35,0.72,C0K440
大埤,23.646074,120.431537,0.41,23.2,0.6,81.67,2.07,1.61,C0K450
斗南,23.678734,120.478359,0.35,23.23,1.27,80.7,2.56,2.06,C0K460
林內,23.748675,120.609642,0.82,23.36,0.24,82.0,2.8,2.17,C0K470
莿桐,23.761192,120.502372,0.51,22.93,0.28,80.22,2.37,1.69,C0K480
元長,23.64981,120.315024,0.43,23.2,0.62,80.37,2.19,1.59,C0K500
水林,23.572924,120.24597,0.65,23.46,-0.14,80.15,1.91,1.43,C0K510
臺西,23.701547,120.197559,0.29,22.97,0.14,81.52,1.41,0.93,C0K530
蔦松,23.514319,120.229736,0.56,23.26,-0.94,81.44,1.59,1.07,C0K550
棋山,23.68645,120.603417,0.77,23.49,2.06,84.11,2.91,2.19,C0K560
高鐵雲林,23.737456,120.417944,0.22,22.9,1.02,83.15,1.78,1.35,C0K580
東後寮,23.369908,120.248065,0.46,23.22,1.1,81.85,1.2,0.82,C0M520
奮起湖,23.493903,120.699253,1.96,18.15,1.25,90.59,5.76,4.02,C0M530
中埔,23.42538,120.5229,0.2,22.99,2.28,83.07,2.93,2.38,C0M640
朴子,23.43463,120.23902,-0.23,22.67,2.57,82.89,0.65,0.21,C0M650
溪口,23.604131,120.403569,0.45,23.17,-1.23,80.04,1.83,1.34,C0M660
大林,23.600616,120.45841,0.37,23.42,0.11,80.07,2.48,1.98,C0M670
太保,23.455062,120.331455,0.19,23.37,-0.73,79.52,1.72,1.28,C0M680
水上,23.419734,120.388909,0.36,23.35,8.86,87.74,1.74,1.37,C0M690
竹崎,23.526178,120.555508,0.5,23.24,2.09,84.85,4.74,4.21,C0M700
東石,23.458927,120.15385,0.47,23.37,-0.91,79.81,0.87,0.4,C0M710
番路,23.464657,120.554156,0.31,22.58,6.27,87.96,3.15,2.58,C0M720
嘉義市東區,23.457673,120.460531,0.45,24.56,2.26,77.26,2.5,2.04,C0M730
六腳,23.492871,120.290625,0.33,23.28,0.18,79.81,1.7,1.25,C0M740
布袋,23.380878,120.167789,0.51,23.5,-4.8,78.74,1.11,0.72,C0M750
民雄,23.551754,120.428457,0.25,23.4,0.04,80.59,2.52,2.03,C0M760
嘉義梅山,23.585398,120.555587,0.25,22.93,8.19,89.33,3.56,2.99,C0M770
鹿草,23.41134,120.30835,0.5,23.67,1.6,79.89,1.37,0.96,C0M780
新港,23.553269,120.345728,0.2,23.3,-0.08,79.22,2.17,1.68,C0M790
茶山,23.299075,120.664767,0.75,22.76,4.63,87.78,5.39,4.72,C0M800
里佳,23.389125,120.716647,1.52,18.63,-3.92,83.33,6.8,5.67,C0M810
達邦,23.453994,120.749517,1.25,20.23,6.27,86.67,5.44,4.61,C0M820
表湖,23.24186,120.64166,0.56,20.93,4.46,91.7,4.37,4.11,C0M850
新美,23.338017,120.683169,0.68,22.43,3.36,85.67,5.28,4.62,C0M860
北寮,23.079561,120.495008,0.66,23.75,9.85,93.41,4.19,3.81,C0O830
王爺宮,23.222064,120.40085,2.43,25.11,-3.77,80.26,2.46,2.08,C0O840
大內,23.11885,120.36083,1.53,25.16,3.31,85.7,3.67,3.38,C0O860
善化,23.112883,120.297219,1.04,23.96,7.4,89.22,3.63,2.83,C0O900
崎頂,22.959547,120.369317,1.1,23.75,7.41,89.96,3.35,3.0,C0O960
虎頭埤,23.021375,120.347878,0.55,23.49,3.64,86.0,3.09,2.78,C0O970
新市,23.061614,120.298197,1.26,24.91,2.17,81.11,3.37,3.05,C0O980
媽廟,22.99175,120.293525,0.03,23.85,15.42,95.63,3.43,2.94,C0O990
尾寮山,22.833111,120.683889,2.05,20.28,0.44,91.17,30.5,29.08,C0R100
阿禮,22.742908,120.743678,0.99,20.26,-0.48,78.96,4.81,3.87,C0R130
瑪家,22.682903,120.686639,0.49,20.68,12.95,96.59,7.11,5.91,C0R140
三地門,22.709889,120.639944,0.95,24.94,-1.94,75.07,3.87,2.53,C0R150
鹽埔,22.739558,120.530778,0.88,25.17,-1.04,86.56,4.57,4.19,C0R160
屏東,22.660269,120.494072,1.85,26.45,-5.05,75.3,5.98,5.56,C0R170
赤山,22.592333,120.614306,0.61,24.99,6.4,90.52,5.78,4.89,C0R190
潮州,22.534361,120.54,1.55,25.63,3.23,81.67,6.96,5.67,C0R220
來義,22.527306,120.625111,-0.01,23.83,8.98,92.67,7.83,6.99,C0R240
春日,22.370361,120.628306,0.19,24.39,-1.0,81.08,4.96,4.04,C0R260
琉球嶼,22.332244,120.362236,0.77,25.19,-0.21,83.07,3.37,2.01,C0R270
車城,22.0744,120.716247,0.2,25.37,4.43,77.7,2.56,-2.74,C0R320
牡丹,22.130036,120.792639,0.3,22.86,7.0,93.04,4.81,-5.2,C0R341
貓鼻頭,21.921774,120.7358,1.04,25.47,-1.03,77.33,1.5,-0.82,C0R350
大漢山,22.405264,120.753181,1.16,14.7,3.53,97.96,24.59,11.59,C0R440
高樹,22.826389,120.600806,0.61,25.11,-2.63,76.44,4.35,3.93,C0R470
長治,22.693128,120.542622,1.35,25.9,3.54,85.74,5.39,4.87,C0R480
九如,22.7405,120.490503,1.43,25.72,-1.86,79.93,4.11,3.68,C0R490
崁頂,22.514781,120.506914,0.14,24.86,2.75,84.81,6.04,5.3,C0R520
佳冬,22.419456,120.552375,0.51,25.09,2.48,84.85,4.35,3.5,C0R540
新埤,22.467947,120.582894,0.66,24.89,-1.88,80.96,5.91,5.04,C0R550
新園,22.5434,120.461558,1.64,26.25,-4.25,75.33,5.04,4.17,C0R560
麟洛,22.65078,120.52719,1.4,26.37,5.46,83.67,4.37,3.92,C0R570
南州,22.48591,120.50274,0.58,25.04,4.5,85.67,5.09,4.22,C0R580
里港,22.77919,120.49459,0.53,24.92,3.3,83.26,4.13,3.83,C0R590
舊泰武,22.588194,120.664944,0.49,21.04,3.54,92.04,7.46,5.82,C0R600
墾雷,21.900836,120.855269,0.31,25.13,7.56,89.0,1.85,-1.47,C0R620
東港,22.46247,120.44074,0.57,25.5,2.97,83.67,3.09,2.4,C0R640
竹田,22.58486,120.54344,0.79,25.46,-4.82,78.74,5.57,5.29,C0R650
枋寮,22.367722,120.590647,0.52,25.37,5.15,86.74,3.85,2.04,C0R660
楓港,22.190131,120.692156,-0.38,25.09,3.63,71.63,3.54,-2.6,C0R670
佳樂水,21.993578,120.861633,0.15,25.44,1.43,80.19,1.98,-4.21,C0R680
墾丁,21.966756,120.810269,0.6,23.38,-1.93,84.27,2.93,-3.59,C0R690
枋山,22.246844,120.661086,0.3,25.71,4.51,73.89,4.15,0.8,C0R700
龍磐,21.931672,120.838942,0.14,24.38,1.85,86.33,1.74,-3.41,C0R710
旭海,22.205403,120.887614,0.02,23.06,13.08,98.19,4.35,-1.7,C0R720
大坪頂,22.024633,120.69355,0.1,23.93,11.66,88.11,2.56,-1.82,C0R730
獅子,22.201569,120.70525,0.18,25.15,4.31,74.56,5.13,-2.42,C0R740
四林格山,22.076989,120.802439,0.55,20.7,0.71,93.95,4.24,-3.57,C0R750
南仁湖,22.084681,120.863353,0.3,22.09,6.27,95.96,4.0,-5.55,C0R760
保力,22.071122,120.764111,0.42,24.39,3.13,82.37,3.54,-4.74,C0R770
滿州,22.024403,120.839892,0.39,24.84,-0.17,79.56,2.22,-4.07,C0R780
九棚,22.14195,120.889281,0.15,24.22,0.96,83.44,2.7,-5.09,C0R790
丹路,22.204481,120.750989,0.37,24.34,3.86,79.0,8.06,-1.2,C0R800
內獅,22.305064,120.642986,0.55,25.21,14.46,96.67,4.63,1.73,C0R810
白鷺,22.454275,120.666219,0.74,22.06,2.82,87.44,7.61,4.42,C0R820
高士,22.121825,120.836781,0.39,21.7,2.03,91.41,5.24,-4.24,C0R830
牡丹池山,22.168389,120.841225,0.33,20.46,3.9,96.48,6.24,-1.47,C0R840
下馬,23.150427,121.070312,1.02,19.14,4.59,90.9,2.61,0.53,C0S660
太麻里,22.60902,120.98533,1.29,21.23,5.93,87.44,5.83,2.07,C0S690
知本,22.684866,121.005642,1.13,20.86,6.95,91.96,8.22,3.73,C0S700
鹿野,22.917711,121.122994,1.32,21.3,5.76,88.56,7.37,3.62,C0S710
綠島,22.6672,121.47533,0.69,23.56,11.67,96.3,3.13,-4.7,C0S730
池上,23.119628,121.209469,0.88,21.38,3.94,88.61,5.59,2.56,C0S740
向陽,23.248397,120.986133,2.68,12.94,7.63,95.0,6.86,1.45,C0S750
大溪山,22.478475,120.943325,0.98,21.61,6.26,87.78,9.78,5.26,C0S770
金崙,22.538122,120.966875,1.06,23.02,4.37,85.19,7.89,3.7,C0S790
東河,22.972672,121.303986,0.25,23.9,5.79,84.0,5.76,0.98,C0S810
長濱,23.286817,121.411975,0.78,22.48,2.74,82.91,4.15,-1.45,C0S830
南田,22.279725,120.889208,0.68,24.99,20.89,98.41,4.72,1.07,C0S840
關山,23.0395,121.175017,0.72,22.29,4.76,87.48,5.98,3.45,C0S890
蘭嶼高中,22.04909,121.51214,0.37,25.43,8.61,84.67,11.43,0.58,C0S900
蘭嶼燈塔,22.081197,121.503117,0.35,23.57,7.67,93.04,5.33,-1.54,C0S910
金峰嘉蘭,22.594789,120.960825,0.64,23.35,6.49,86.3,10.54,5.79,C0S920
延平,22.902581,121.084058,0.58,22.43,6.16,84.56,7.76,5.85,C0S930
石寧山,23.223772,121.406639,0.67,23.04,7.95,88.52,3.65,-0.42,C0S940
香蘭,22.587569,120.993375,0.44,24.7,7.18,82.67,4.76,-1.41,C0S960
加津林,22.416211,120.926942,0.56,24.97,5.66,77.56,8.04,3.09,C0S970
勝林山,22.430439,120.8938,0.55,17.7,4.44,98.11,13.39,4.84,C0S980
山豬窟,22.318619,120.857372,0.35,21.56,4.97,88.37,9.37,3.51,C0S990
歷坵,22.520969,120.89185,0.89,21.17,8.86,92.04,14.91,9.52,C0SA00
檳榔四格山,22.810031,121.109308,0.72,21.51,6.46,90.63,7.13,4.66,C0SA10
金崙山,22.567419,120.959667,1.14,18.65,1.96,93.74,11.2,5.21,C0SA20
都歷,23.020333,121.323642,0.99,23.96,23.16,98.52,5.07,1.0,C0SA30
瑞和,22.974361,121.156697,0.72,22.46,14.33,95.0,7.59,5.0,C0SA40
知本（水試所）,22.702394,121.082761,0.35,24.27,2.92,80.89,6.2,1.7,C0SA60
土坂,22.453108,120.887572,0.96,23.62,5.87,84.56,15.76,10.0,C0SA80
達仁林場,22.264347,120.823972,0.47,20.87,2.94,92.26,11.63,1.25,C0SA90
大禹嶺,24.186117,121.316086,1.3,9.96,6.13,88.04,4.17,1.02,C0T790
天祥,24.179597,121.495639,1.64,19.87,3.95,90.07,2.63,-0.42,C0T820
鯉魚潭,23.935639,121.508944,0.92,21.37,3.23,92.19,2.85,-1.88,C0T870
西林,23.8119,121.441458,1.18,22.01,7.74,91.59,3.67,-2.84,C0T900
光復,23.660694,121.424964,1.46,22.41,-0.98,88.96,3.43,-2.9,C0T960
月眉山,23.809928,121.539828,1.29,20.25,1.54,95.52,3.63,-3.08,C0T9A0
水源,23.991861,121.537169,1.14,19.87,4.63,93.59,4.15,-1.94,C0T9B0
和中,24.26676,121.74103,0.53,22.74,13.95,99.22,9.35,1.62,C0T9D0
大坑,23.880628,121.581981,1.02,20.43,5.08,95.59,5.56,-1.13,C0T9E0
水璉,23.797131,121.542514,0.62,21.87,5.29,91.19,3.76,-2.88,C0T9F0
鳳林山,23.735269,121.420131,0.05,19.44,2.05,95.52,4.33,-2.77,C0T9G0
加路蘭山,23.682947,121.5274,1.03,18.9,3.56,99.04,6.61,-2.86,C0T9H0
靜浦,23.455167,121.495028,1.16,22.93,6.08,90.22,7.02,-0.5,C0T9M0
富里,23.171639,121.249378,1.8,22.78,12.13,97.36,1.11,-1.25,C0T9N0
雙連埤,24.753033,121.641303,0.42,18.04,0.89,98.17,21.0,7.29,C0U520
礁溪,24.817539,121.765608,0.86,21.77,-1.22,90.81,11.02,0.96,C0U600
玉蘭,24.675286,121.587061,-0.12,18.17,-2.94,89.15,22.74,9.67,C0U650
太平山,24.505486,121.525656,1.94,12.76,3.56,96.67,7.54,-0.99,C0U710
南山,24.43742,121.38167,0.93,15.71,1.6,96.89,5.31,1.41,C0U720
東澳,24.52196,121.83318,0.26,21.82,6.84,98.96,27.37,6.96,C0U760
南澳,24.44935,121.81022,0.33,22.46,2.38,87.15,13.96,3.45,C0U770
五結,24.68637,121.79794,-0.19,21.02,4.25,92.89,22.04,6.49,C0U780
頭城,24.85323,121.8308,-0.02,21.8,3.59,92.07,12.7,4.07,C0U860
大礁溪,24.791042,121.675047,0.43,18.98,6.1,97.89,15.67,4.45,C0U870
三星,24.66812,121.65302,0.58,21.16,5.25,98.2,18.06,6.4,C0U890
內城,24.71813,121.68766,0.35,21.27,3.82,94.33,16.06,7.13,C0U900
冬山,24.63373,121.7937,0.36,21.67,9.45,98.19,31.5,15.76,C0U910
羅東,24.68184,121.74934,0.83,21.51,3.73,93.24,20.94,8.58,C0U940
鶯子嶺,24.89754,121.79244,0.73,15.77,1.78,99.52,21.35,4.54,C0U950
翠峰湖,24.510856,121.608044,1.51,12.47,2.77,98.85,11.31,0.69,C0U960
大福,24.80064,121.81389,0.19,21.74,-0.73,89.78,13.28,3.07,C0U970
坪林石牌,24.86478,121.77396,0.5,18.31,2.95,98.41,13.59,2.71,C0U980
員山,24.74435,121.72247,0.23,21.5,5.5,93.78,15.33,5.41,C0U990
土場,24.576533,121.495333,0.54,19.41,1.16,93.93,5.19,0.96,C0UA00
鴛鴦湖,24.590269,121.412228,1.36,13.35,2.41,99.0,17.17,5.01,C0UA10
多加屯,24.368614,121.373189,1.02,10.36,7.17,87.85,29.67,27.01,C0UA20
白嶺,24.527819,121.519031,0.88,14.54,0.99,98.44,7.98,1.46,C0UA30
西德山,24.560647,121.752608,0.81,15.78,1.73,98.93,30.59,5.99,C0UA40
西帽山,24.555361,121.802628,0.31,16.74,2.0,98.96,63.22,20.63,C0UA50
樟樹山,24.41393,121.78325,0.72,19.14,7.1,98.96,15.06,3.37,C0UA60
桃源谷,24.962606,121.888875,0.72,18.58,2.27,98.63,25.61,9.31,C0UA70
復興,23.222403,120.806089,0.61,21.44,7.34,84.85,4.37,3.68,C0V210
美濃,22.898742,120.519153,1.99,25.55,1.34,82.63,3.43,2.59,C0V310
溪埔,22.738578,120.446797,0.58,24.84,6.81,87.37,5.3,4.93,C0V350
內門,22.975481,120.466769,1.07,24.2,4.89,87.57,3.83,3.52,C0V360
古亭坑,22.893178,120.401947,1.03,23.75,3.02,88.28,0.71,-0.14,C0V370
阿公店,22.804194,120.355528,0.01,23.74,3.96,85.52,3.44,3.03,C0V400
鳳山,22.646653,120.356122,-0.04,24.73,9.9,86.63,5.33,4.8,C0V440
鳳森,22.545064,120.392592,0.6,25.01,1.6,81.19,3.24,2.5,C0V450
新興,22.627422,120.298803,0.82,25.53,2.04,76.7,4.24,3.14,C0V490
阿蓮,22.883208,120.327508,1.51,25.35,-13.12,67.37,4.72,4.3,C0V530
梓官,22.760558,120.267211,0.35,24.67,1.19,79.67,7.5,7.01,C0V610
永安,22.82315,120.236856,0.22,24.24,-1.05,80.33,6.69,6.2,C0V620
茄萣,22.906642,120.182608,0.36,24.32,4.35,81.07,7.48,6.86,C0V630
湖內,22.887139,120.2445,0.08,24.09,0.34,79.44,4.83,4.33,C0V640
彌陀,22.783806,120.246361,0.82,25.09,2.09,81.93,7.37,6.88,C0V650
岡山,22.797078,120.294958,0.63,25.3,3.57,79.74,6.41,5.93,C0V660
仁武,22.701083,120.347722,0.28,25.09,8.64,86.59,5.89,5.41,C0V680
鼓山,22.623325,120.275575,0.07,24.7,3.73,82.26,4.57,3.95,C0V690
三民,22.645017,120.311233,0.22,25.49,4.59,76.7,4.11,3.55,C0V700
苓雅,22.622742,120.330669,0.92,26.04,9.4,80.63,3.78,3.22,C0V710
林園,22.507747,120.394511,1.18,26.8,6.84,79.33,3.04,2.31,C0V720
大寮,22.605614,120.395717,0.3,25.37,7.71,82.33,5.3,4.65,C0V730
旗山,22.888614,120.483597,1.43,25.5,2.21,80.59,3.28,2.97,C0V740
路竹,22.854997,120.259439,0.88,25.36,1.57,78.89,6.31,5.8,C0V750
橋頭,22.757806,120.30575,0.53,25.39,2.55,79.85,5.72,5.28,C0V760
大社,22.730306,120.346639,0.11,24.57,10.24,86.96,5.09,4.65,C0V770
萬山,22.905944,120.688056,0.42,22.95,6.36,85.56,4.96,4.53,C0V790
六龜,22.997889,120.633583,0.78,24.38,7.07,86.63,5.57,5.18,C0V800
左營,22.67491,120.28491,0.15,24.41,0.19,80.96,5.19,4.55,C0V810
小林,23.148408,120.63325,0.88,23.0,7.8,89.56,3.07,2.83,C0V820
東莒,25.9652,119.98069,1.56,19.83,-1.49,77.67,1.94,0.98,C0W110
花嶼,23.40007,119.32276,0.35,23.24,2.06,82.0,6.33,5.22,C0W130
金沙,24.488292,118.408778,0.97,21.66,-5.81,65.44,0.33,-1.01,C0W140
金寧,24.457703,118.328989,1.01,22.29,-3.32,67.89,0.0,-1.27,C0W150
東河,23.296598,120.385608,0.32,23.61,-3.59,78.96,2.3,1.88,C0X050
下營,23.22695,120.256261,0.45,23.62,-1.79,78.7,2.2,1.74,C0X060
佳里,23.173039,120.145086,0.87,23.8,1.92,82.04,2.0,1.03,C0X080
臺南市北區,23.010394,120.194228,0.37,24.33,7.21,82.74,4.13,3.63,C0X100
臺南市南區,22.961189,120.188378,0.22,24.6,0.87,77.26,5.94,5.44,C0X110
麻豆,23.183289,120.248611,0.89,24.49,4.68,84.59,2.85,2.5,C0X120
官田,23.193217,120.315422,0.49,24.27,2.81,82.81,2.94,2.58,C0X130
西港,23.125608,120.203108,0.37,23.93,4.6,84.19,2.94,2.47,C0X140
安定,23.102614,120.227839,0.43,23.75,3.2,85.18,3.07,2.62,C0X150
仁德,22.968258,120.257689,0.57,24.78,2.52,79.32,3.82,3.3,C0X160
關廟,22.963017,120.327797,-0.73,23.16,5.53,82.82,2.91,2.53,C0X170
山上,23.0757,120.363253,0.65,23.94,0.03,82.36,3.62,3.28,C0X180
安平,22.993161,120.152181,-0.01,23.78,1.2,80.93,5.77,5.27,C0X190
左鎮,23.056758,120.408522,1.37,24.23,-1.15,83.21,3.77,3.66,C0X200
白河,23.347466,120.414427,0.06,23.31,0.5,81.29,2.21,1.79,C0X210
學甲,23.230367,120.182187,0.41,23.37,0.64,80.39,1.91,1.46,C0X220
鹽水,23.272621,120.247641,0.14,23.06,-0.01,81.43,1.46,1.05,C0X230
關子嶺,23.331169,120.508025,0.27,21.58,6.8,94.07,3.96,3.18,C0X240
新營,23.310689,120.316681,0.07,23.38,2.94,82.5,1.54,1.12,C0X250
後壁,23.366358,120.362326,0.21,23.22,-1.84,79.93,1.52,1.08,C0X260
將軍,23.214999,120.13577,0.09,23.1,-0.16,80.39,1.88,1.36,C0X280
北門,23.267772,120.125481,0.43,23.35,1.47,82.5,1.29,0.67,C0X290
鹿寮,23.386047,120.477331,0.52,23.2,8.87,93.64,2.54,1.86,C0X300
柳營,23.253328,120.375253,0.04,23.73,-1.9,78.89,2.02,1.43,C0X320
明里,23.208717,121.262342,1.07,21.62,3.12,90.29,3.82,-0.6,C0Z020
佳心,23.34567,121.21316,0.98,18.03,10.7,98.36,3.57,-0.36,C0Z050
玉里,23.3215,121.339656,1.09,21.96,4.83,91.54,3.96,-1.63,C0Z061
舞鶴,23.46811,121.37407,1.36,21.31,7.74,99.75,3.46,-1.7,C0Z070
富源,23.587642,121.378225,1.06,21.11,0.71,92.68,3.46,-2.99,C0Z080
東華,23.89525,121.549833,0.81,22.82,2.67,90.21,1.45,-3.87,C0Z100
吉安光華,23.930925,121.595153,0.67,23.02,-14.13,74.82,2.88,-1.75,C0Z150
鳳林,23.746114,121.453411,0.7,22.28,-3.57,83.19,2.89,-1.18,C0Z160
卓溪,23.3443,121.3029,0.27,21.94,1.17,84.61,3.73,0.47,C0Z170
富世,24.14743,121.6297,0.32,22.83,-1.26,84.62,3.48,-1.14,C0Z190
萬榮,23.709219,121.420106,0.74,22.0,-2.44,85.39,3.46,-0.91,C0Z200
瑞穗,23.5239,121.39021,1.08,22.15,2.11,89.64,3.73,-1.91,C0Z210
和平林道,24.343922,121.656317,0.55,19.21,-0.13,91.68,6.3,2.93,C0Z220
和平,24.30717,121.77007,-0.36,22.32,6.58,81.18,6.21,-0.91,C0Z230
瑞穗林道,23.49284,121.30688,2.46,18.19,0.54,97.54,5.07,-2.34,C0Z250
蕃薯寮,23.73835,121.540108,0.53,20.81,-1.62,89.89,4.18,-3.54,C0Z270
德武,23.47426,121.41071,0.52,21.65,0.46,89.79,4.07,-1.95,C0Z280
赤柯山,23.36893,121.38293,0.49,17.26,4.68,98.46,7.16,0.24,C0Z290
東里,23.26853,121.30547,0.68,21.95,-4.64,87.86,4.11,0.76,C0Z300
清水斷崖,24.218294,121.689142,0.08,22.51,4.18,85.46,3.55,-1.31,C0Z310
清水林道,23.27125,121.188272,0.81,18.93,2.31,91.61,4.62,0.55,C0Z320
安通山,23.290728,121.348528,0.03,19.54,3.24,91.86,3.71,-0.04,C0Z330
口湖工作站,23.589978,120.180394,0.74,23.13,2.9,75.48,0.85,0.72,12J990
東港工作站,22.479997,120.466058,0.64,25.36,3.66,71.52,3.46,2.67,12Q970
恆春工作站,22.079678,120.714425,0.69,25.63,6.83,69.96,2.06,0.49,12Q980
萬大發電廠,23.978875,121.139639,1.46,19.99,-2.63,79.93,1.96,1.82,42HA10
桃改樹林分場,24.944503,121.386972,-0.63,22.0,3.17,79.04,1.06,0.0,72AI40
桃園農改場,24.950944,121.030583,1.06,21.97,3.41,83.84,2.12,0.07,72C440
桃改五峰分場,24.612194,121.157167,1.88,18.0,3.23,90.04,1.13,-1.67,72D080
桃改新埔分場,24.834444,121.066111,-0.32,22.05,6.73,80.62,0.44,0.08,72D680
臺中農改場,24.003028,120.534389,0.96,23.12,3.15,82.59,2.06,1.12,72G600
中改埔里分場,23.903208,120.963364,1.3,21.39,3.39,89.48,0.69,0.58,72HA00
南改斗南分場,23.634556,120.477333,1.43,23.51,0.83,81.7,2.2,0.98,72K220
南改義竹分場,23.360694,120.279361,0.9,23.19,-1.22,80.52,1.19,0.44,72M360
南改鹿草分場,23.416869,120.283061,0.64,23.17,4.46,82.74,1.19,1.08,72M700
臺南農改場,23.0605,120.342194,0.84,23.49,6.12,86.37,3.31,2.72,72N100
七股研究中心,23.081672,120.062894,0.46,23.41,1.87,81.85,3.07,1.87,72N240
高雄農改場,22.709333,120.525889,0.86,25.09,8.73,87.37,5.44,4.51,72Q010
東改班鳩分場,22.829528,121.077694,1.35,22.96,-0.32,79.44,8.44,4.57,72S200
東改賓朗果園,22.813889,121.071278,0.65,22.01,-1.86,83.04,6.2,2.25,72S590
花蓮農改場,23.975222,121.563889,1.3,23.06,0.77,83.56,3.2,-1.33,72T250
花改蘭陽分場,24.686306,121.716583,0.88,21.44,7.34,94.38,22.65,10.61,72U480
高改旗南分場,22.857861,120.516667,0.28,24.36,9.64,85.04,3.65,2.94,72V140
茶改北部分場,24.955778,121.631222,0.94,19.17,4.08,91.73,7.6,-1.77,82A750
茶改場,24.908472,121.185333,0.95,20.99,-0.59,82.41,1.48,-1.96,82C160
茶改中部分場,23.875611,120.913583,0.45,20.24,4.81,89.22,1.61,0.02,82H320
茶改南部分場,23.762528,120.7405,0.53,21.39,3.17,90.37,2.39,1.08,82H840
茶改東部分場,22.907694,121.130139,0.72,22.74,0.68,81.59,7.0,3.53,82S580
農工中心,24.985917,121.239833,0.46,21.45,5.36,80.81,1.39,-1.17,A2C560
水試臺西試驗場,23.717231,120.190522,0.46,23.3,3.81,84.19,1.23,1.12,A2K360
臺大雲林校區,23.730628,120.423903,0.1,22.8,1.73,81.56,2.02,1.78,A2K630
臺南蘭花園區,23.340258,120.379661,0.38,23.47,-0.46,80.78,1.85,1.33,A2N290
畜試北區分所,24.527806,120.770972,0.56,21.73,2.18,82.26,1.28,0.99,B2E890
畜產試驗所,23.058972,120.336406,0.77,23.33,4.96,86.7,4.28,3.36,B2N890
畜試南區分所,21.945583,120.802167,0.33,25.08,1.15,74.65,2.31,-0.72,B2Q810
畜試東區分所,24.669039,121.832561,-0.13,20.91,4.07,95.0,25.03,2.73,B2U990
蓮華池,23.918333,120.885278,0.66,20.92,5.89,89.68,2.07,0.57,E2H360
林試畢祿溪站,24.226944,121.308522,0.85,12.76,6.17,85.86,0.05,-0.33,E2HA20
四湖植物園,23.676986,120.163433,1.01,23.43,5.01,89.7,1.3,0.92,E2K600
林試六龜中心,22.991703,120.645722,0.46,23.43,5.82,89.33,4.61,4.2,E2P980
林試太麻里2,22.598,120.99775,0.07,23.94,1.08,79.25,5.1,0.85,E2S960
林試太麻里1,22.598922,120.980044,0.05,22.96,2.74,82.92,7.67,1.39,E2S980
農試所(霧峰),24.031261,120.688133,1.36,23.76,4.79,84.85,1.5,0.53,G2F820
農試嘉義分所,23.485028,120.473806,1.06,23.16,2.12,84.19,2.44,1.64,G2L020
農試溪口農場,23.58565,120.408111,0.88,23.39,1.74,81.04,2.15,1.33,G2M350
農試鳳山分所,22.646611,120.356083,0.39,24.7,5.59,80.0,4.42,3.32,G2P820
苗栗農改場,24.495722,120.829111,0.84,21.51,2.01,83.74,2.67,1.17,K2E360
苗改生物防治研究中心,24.422861,120.871833,0.27,20.44,1.17,84.44,3.37,3.17,K2E710
種苗改良場,24.225972,120.800917,1.02,20.88,12.2,90.3,5.57,4.37,K2F750
溪頭,23.670306,120.798194,1.38,17.91,5.32,94.33,3.33,1.09,U2H480
臺大和社,23.590856,120.888864,1.76,20.8,8.4,88.56,1.98,1.7,U2HA30
臺大內茅埔,23.689722,120.851117,0.75,21.61,6.9,87.07,1.69,1.49,U2HA40
臺大竹山,23.756972,120.681556,1.06,23.68,-1.95,80.21,2.79,2.51,U2HA50
臺大竹山,23.756972,120.681556,1.06,23.68,-1.95,80.21,2.79,2.51,U2HA50
臺大內茅埔,23.689722,120.851117,0.75,21.61,6.9,87.07,1.69,1.49,U2HA40
臺大和社,23.590856,120.888864,1.76,20.8,8.4,88.56,1.98,1.7,U2HA30
臺大溪頭,23.670306,120.798194,1.38,17.91,5.32,94.33,3.33,1.09,U2H480
種苗繁殖,24.225972,120.800917,1.02,20.88,12.2,90.3,5.57,4.37,K2F750
苗改生物防治研究中心,24.422861,120.871833,0.27,20.44,1.17,84.44,3.37,3.17,K2E710
苗栗農改,24.495722,120.829111,0.84,21.51,2.01,83.74,2.67,1.17,K2E360
農試鳳山分所,22.646611,120.356083,0.39,24.7,5.59,80.0,4.42,3.32,G2P820
農試溪口農場,23.58565,120.408111,0.88,23.39,1.74,81.04,2.15,1.33,G2M350
農試嘉義分所,23.485028,120.473806,1.06,23.16,2.12,84.19,2.44,1.64,G2L020
農業試驗所,24.031261,120.688133,1.36,23.76,4.79,84.85,1.5,0.53,G2F820
林試太麻里1,22.598922,120.980044,0.05,22.96,2.74,82.92,7.67,1.39,E2S980
林試太麻里2,22.598014,120.989761,0.07,23.94,1.08,79.25,5.1,0.85,E2S960
林試六龜中心,22.991703,120.645722,0.46,23.43,5.82,89.33,4.61,4.2,E2P980
四湖植物園,23.676986,120.163433,1.01,23.43,5.01,89.7,1.3,0.92,E2K600
林試畢祿溪站,24.226944,121.308522,0.85,12.76,6.17,85.86,0.05,-0.33,E2HA20
蓮華池,23.918333,120.885278,0.66,20.92,5.89,89.68,2.07,0.57,E2H360
畜試東區分所,24.669039,121.832561,-0.13,20.91,4.07,95.0,25.03,2.73,B2U990
畜試南區分所,21.945583,120.802167,0.33,25.08,1.15,74.65,2.31,-0.72,B2Q810
畜試所,23.058972,120.336406,0.77,23.33,4.96,86.7,4.28,3.36,B2N890
畜試北區分所,24.527806,120.770972,0.56,21.73,2.18,82.26,1.28,0.99,B2E890
臺南蘭花園區,23.340258,120.379661,0.38,23.47,-0.46,80.78,1.85,1.33,A2N290
臺大雲林校區,23.730628,120.423903,0.1,22.8,1.73,81.56,2.02,1.78,A2K630
水試臺西試驗場,23.717231,120.190522,0.46,23.3,3.81,84.19,1.23,1.12,A2K360
農工中心,24.985917,121.239833,0.46,21.45,5.36,80.81,1.39,-1.17,A2C560
茶改東部分場,22.907694,121.130139,0.72,22.74,0.68,81.59,7.0,3.53,82S580
茶改南部分場,23.762528,120.7405,0.53,21.39,3.17,90.37,2.39,1.08,82H840
茶改中部分場,23.875611,120.913583,0.45,20.24,4.81,89.22,1.61,0.02,82H320
茶改場,24.908472,121.185333,0.95,20.99,-0.59,82.41,1.48,-1.96,82C160
茶改北部分場,24.955778,121.631222,0.94,19.17,4.08,91.73,7.6,-1.77,82A750
高改旗南分場,22.857861,120.516667,0.28,24.36,9.64,85.04,3.65,2.94,72V140
花改蘭陽分場,24.686306,121.716583,0.88,21.44,7.34,94.38,22.65,10.61,72U480
花蓮農改,23.975222,121.563889,1.3,23.06,0.77,83.56,3.2,-1.33,72T250
東改賓朗果園,22.813889,121.071278,0.65,22.01,-1.86,83.04,6.2,2.25,72S590
東改班鳩分場,22.829528,121.077694,1.35,22.96,-0.32,79.44,8.44,4.57,72S200
高雄農改,22.709333,120.525889,0.86,25.09,8.73,87.37,5.44,4.51,72Q010
七股研究中心,23.081672,120.062894,0.46,23.41,1.87,81.85,3.07,1.87,72N240
臺南農改,23.0605,120.342194,0.84,23.49,6.12,86.37,3.31,2.72,72N100
南改鹿草分場,23.416869,120.283061,0.64,23.17,4.46,82.74,1.19,1.08,72M700
南改義竹分場,23.360694,120.279361,0.9,23.19,-1.22,80.52,1.19,0.44,72M360
南改斗南分場,23.634556,120.477333,1.43,23.51,0.83,81.7,2.2,0.98,72K220
中改埔里分場,23.903208,120.963364,1.3,21.39,3.39,89.48,0.69,0.58,72HA00
臺中農改,24.003028,120.534389,0.96,23.12,3.15,82.59,2.06,1.12,72G600
桃改新埔分場,24.834444,121.066111,-0.32,22.05,6.73,80.62,0.44,0.08,72D680
桃改五峰分場,24.612194,121.157167,1.88,18.0,3.23,90.04,1.13,-1.67,72D080
桃園農改,24.950944,121.030583,1.06,21.97,3.41,83.84,2.12,0.07,72C440
桃改樹林分場,24.944503,121.386972,-0.63,22.0,3.17,79.04,1.06,0.0,72AI40
萬大發電廠,23.978875,121.139639,1.46,19.99,-2.63,79.93,1.96,1.82,42HA10
恆春工作站,22.079678,120.714425,0.69,25.63,6.83,69.96,2.06,0.49,12Q980
東港工作站,22.479997,120.466058,0.64,25.36,3.66,71.52,3.46,2.67,12Q970
口湖工作站,23.589978,120.180394,0.74,23.13,2.9,75.48,0.85,0.72,12J990
