站名,緯度,經度,平均溫距平,本年度平均溫,平均溼度距平,本年度日均相對溼度,本年度日均降水量,日均降水量距平,站號
淡水,25.164889,121.448906,0.09,22.34,0.87,79.57,3.54,-0.93,466900
臺北,25.037658,121.514853,0.01,23.16,3.85,78.29,0.92,-2.69,466920
竹子湖,25.162078,121.544547,-0.22,18.09,7.36,94.43,16.5,0.76,466930
基隆,25.133314,121.740475,2.7,25.3,9.08,86.0,6.5,-9.42,466940
新屋,25.006744,121.047486,0.56,23.13,-1.7,76.43,3.66,2.97,467050
田中,23.873803,120.581286,1.41,24.39,4.85,82.43,8.29,8.19,467270
澎湖,23.565503,119.563094,0.59,24.27,0.52,77.0,2.43,1.26,467350
臺南,22.993239,120.204772,0.83,25.46,-0.15,74.14,1.0,-0.41,467410
永康,23.038386,120.2367,1.18,25.24,2.9,76.57,1.64,0.36,467420
嘉義,23.495925,120.432906,2.49,25.7,7.0,86.0,34.5,33.48,467480
臺中,24.145736,120.684075,0.89,24.7,0.62,72.57,8.21,7.2,467490
大武,22.355675,120.903789,0.89,25.86,-0.24,72.14,0.4,-4.1,467540
玉山,23.487614,120.959522,0.6,5.9,0.48,66.0,76.0,71.7,467550
新竹,24.827853,121.014219,0.54,23.33,1.83,76.29,4.08,2.09,467571
恆春,22.003897,120.746339,2.23,27.7,11.11,82.0,0.09,-3.97,467590
成功,23.097486,121.373428,0.94,24.73,0.37,76.0,3.57,-1.36,467610
日月潭,23.881325,120.90805,0.9,20.46,12.23,92.71,4.36,2.8,467650
臺東,22.752211,121.154586,1.2,25.63,-0.46,72.86,0.31,-4.13,467660
山佳,24.974944,121.402008,-0.07,22.67,5.32,82.8,0.8,-2.79,C0A520
坪林,24.938183,121.70975,0.37,20.2,1.11,92.9,4.85,-3.07,C0A530
泰平,24.971197,121.823711,0.5,19.43,4.36,99.7,22.8,-2.18,C0A550
桶後,24.848222,121.597992,0.65,19.8,4.21,97.7,6.1,-4.06,C0A570
石碇,24.993969,121.662917,0.5,20.7,3.23,92.62,8.19,2.15,C0A640
大坪,25.165914,121.632969,1.24,20.63,4.08,96.3,27.7,-3.23,C0A860
五指山,25.132153,121.608692,1.12,18.66,2.67,98.0,17.15,1.18,C0A870
雙溪,25.036003,121.864242,2.2,23.1,-2.01,90.0,13.15,-5.56,C0A890
三和,25.233153,121.595236,3.39,23.88,1.76,89.7,24.4,10.03,C0A931
金山,25.223628,121.643967,1.7,23.49,-1.88,80.9,7.8,-1.99,C0A940
鼻頭角,25.129036,121.923372,0.63,22.78,0.63,84.0,4.35,-1.18,C0A950
三貂角,25.007606,122.002058,0.79,22.85,5.19,86.8,7.95,-1.38,C0A970
社子,25.109508,121.469681,0.88,24.02,5.84,80.8,0.65,-1.67,C0A980
天母,25.117494,121.537169,0.16,23.3,1.19,74.4,1.2,-1.8,C0A9C0
內湖,25.079422,121.57545,0.02,22.95,20.24,98.0,0.65,-3.1,C0A9F0
三峽,24.939025,121.369728,1.48,24.24,3.7,81.6,1.05,-1.57,C0AC60
信義,25.037822,121.564597,1.22,23.7,5.07,84.8,1.2,-1.38,C0AC70
文山,25.00235,121.575728,0.15,22.36,2.44,84.7,2.65,-0.21,C0AC80
新莊,25.051478,121.446756,-0.07,23.14,6.38,79.8,0.5,-1.34,C0ACA0
八里,25.150211,121.403947,0.18,23.09,13.04,88.6,1.85,-0.48,C0AD10
蘆洲,25.086594,121.472331,0.67,24.3,2.72,76.5,0.5,-1.15,C0AD30
土城,24.973208,121.445169,0.17,22.69,6.55,84.7,0.9,-1.75,C0AD40
鶯歌,24.951533,121.346294,1.19,23.78,3.65,84.5,1.0,-1.18,C0AD50
汐止,25.066881,121.658778,0.76,23.11,-1.51,84.14,2.25,-6.38,C0AH00
永和,25.01125,121.508111,1.04,23.82,5.41,81.7,0.85,-0.26,C0AH10
五分山,25.07125,121.780794,1.29,18.4,0.73,98.5,23.15,2.94,C0AH30
平等,25.129142,121.577086,0.49,20.14,-0.85,87.2,5.3,-0.33,C0AH40
林口,25.072181,121.38084,0.3,21.4,-4.21,86.9,0.6,0.04,C0AH50
松山,25.04871,121.55042,-0.23,22.88,2.8,73.3,0.75,-0.48,C0AH70
深坑,25.002703,121.628328,3.9,25.41,4.94,90.5,4.19,1.43,C0AH80
福山植物園,24.760717,121.58135,1.13,18.42,3.94,99.4,16.35,-1.14,C0AH90
五股,25.07445,121.42728,-0.51,21.43,-1.51,84.3,0.55,-0.1,C0AI00
屈尺,24.92184,121.54475,0.55,22.12,-2.56,81.3,4.7,2.47,C0AI10
白沙灣,25.283128,121.519058,0.9,22.8,-1.16,84.8,0.75,-2.6,C0AI20
三重,25.057328,121.500629,0.6,23.47,6.47,81.3,0.65,0.65,C0AI30
石牌,25.115597,121.513139,1.11,24.26,15.02,78.1,0.7,0.37,C0AI40
七堵,25.094819,121.71713,1.45,23.57,0.66,85.8,12.05,4.3,C0B010
基隆嶼,25.19141,121.78391,0.74,22.47,13.82,92.6,6.0,2.96,C0B020
復興,24.820208,121.352281,0.66,20.86,3.68,82.6,1.15,-1.68,C0C460
桃園,24.992425,121.323172,0.17,22.85,5.03,79.0,1.4,-1.19,C0C480
八德,24.928708,121.283289,-0.01,22.32,2.36,80.7,1.7,-1.36,C0C490
觀音,25.027072,121.153317,0.18,21.93,5.16,84.7,2.85,-0.54,C0C590
蘆竹,25.084275,121.265767,-0.12,22.3,7.69,87.3,0.85,-2.07,C0C620
大溪,24.882853,121.265547,0.37,21.68,5.68,83.4,1.25,-1.61,C0C630
平鎮,24.897503,121.214636,0.62,21.73,3.53,84.2,1.25,-1.62,C0C650
龍潭,24.870056,121.221389,0.73,21.45,3.55,83.5,1.5,-0.04,C0C670
龜山,25.02846,121.38656,0.2,21.18,5.55,86.9,1.1,0.23,C0C680
中壢,24.977661,121.256375,0.4,22.17,4.86,80.8,1.7,1.34,C0C700
大溪永福,24.892936,121.324975,1.01,22.01,7.12,86.0,1.5,1.06,C0C710
梅花,24.678347,121.208558,0.95,20.91,3.47,83.4,1.6,-0.63,C0D360
峨眉,24.6905,121.017189,0.95,22.91,-2.39,80.6,1.5,-0.41,C0D430
打鐵坑,24.849664,121.150789,0.37,21.27,-0.04,85.0,0.3,-2.13,C0D480
橫山,24.71116,121.11693,0.03,21.2,6.96,88.6,0.85,-1.0,C0D540
雪霸,24.526972,121.11605,1.88,15.97,-2.62,77.9,2.7,-0.16,C0D550
竹東,24.767147,121.057881,1.08,23.07,3.73,77.2,1.45,-0.47,C0D560
寶山,24.735006,121.025192,0.95,22.57,1.14,81.6,1.3,-0.84,C0D580
新豐,24.87068,120.97721,0.4,21.94,11.45,92.1,2.8,0.52,C0D590
湖口,24.904794,121.043628,-0.36,21.82,0.74,79.8,2.6,2.23,C0D650
新竹市東區,24.798681,120.986942,0.12,22.55,4.68,78.2,2.75,2.57,C0D660
竹南,24.708978,120.888897,0.83,23.28,4.06,80.1,2.1,0.78,C0E420
南庄,24.601775,121.000214,0.62,21.3,6.49,90.4,2.35,0.64,C0E430
明德,24.583486,120.885411,1.11,23.4,-2.39,78.1,3.05,1.4,C0E550
通霄,24.471892,120.704622,0.48,23.09,-0.12,81.2,4.25,2.97,C0E590
馬都安,24.451272,120.930192,0.59,19.42,6.2,90.1,5.25,3.71,C0E610
頭份,24.688247,120.912206,1.36,24.27,2.7,75.8,3.1,1.45,C0E730
造橋,24.637056,120.864778,0.48,23.32,-1.88,78.2,3.3,1.64,C0E740
苗栗,24.564569,120.824575,0.4,23.4,-1.42,73.9,3.55,2.05,C0E750
銅鑼,24.489681,120.790853,0.06,22.32,11.64,92.0,7.4,5.94,C0E780
西湖,24.562947,120.7485,0.52,22.68,0.88,83.3,4.3,3.27,C0E810
獅潭,24.539133,120.920042,0.47,21.43,-1.18,84.5,5.4,5.13,C0E820
苑裡,24.439714,120.653053,0.38,23.22,1.1,78.0,5.15,4.99,C0E830
大河,24.618069,120.948578,0.0,21.84,-1.03,80.4,2.85,2.5,C0E850
高鐵苗栗,24.60725,120.826094,0.79,23.5,8.46,83.0,3.6,3.44,C0E870
石岡,24.276061,120.777644,0.75,22.38,5.28,86.1,11.5,11.29,C0F0B0
中坑,24.248517,120.903319,0.3,19.35,0.76,89.2,11.15,10.56,C0F0C0
審馬陣,24.381675,121.4203,1.52,10.29,15.84,74.2,3.5,2.82,C0F0D0
東勢,24.246428,120.833047,1.33,23.41,2.28,81.1,11.55,10.13,C0F850
大坑,24.173142,120.722289,1.41,25.21,2.96,77.0,6.95,5.61,C0F970
神岡,24.272481,120.658314,0.3,22.77,-9.44,72.0,8.56,7.32,C0F9I0
大安,24.345061,120.588025,0.02,22.98,0.03,81.2,5.15,4.22,C0F9K0
后里,24.310436,120.729725,0.61,22.99,0.5,81.5,10.8,9.62,C0F9L0
豐原,24.254322,120.720692,1.26,24.02,0.83,77.9,11.85,10.59,C0F9M0
大里,24.092464,120.701378,1.03,25.79,-5.73,65.5,3.55,2.11,C0F9N0
潭子,24.213106,120.703933,0.06,23.86,2.8,78.1,7.8,6.6,C0F9O0
清水,24.312297,120.562242,0.02,23.2,-0.22,80.6,3.45,2.54,C0F9P0
外埔,24.347817,120.705686,1.19,23.58,-5.04,78.0,9.28,8.01,C0F9Q0
龍井,24.184536,120.528972,0.22,23.76,-3.32,77.9,5.7,4.55,C0F9R0
烏日,24.107058,120.624103,0.19,24.23,0.51,73.8,6.5,5.08,C0F9S0
西屯,24.179494,120.641275,-0.0,23.42,1.38,77.2,7.65,6.56,C0F9T0
南屯,24.137006,120.637969,-0.05,24.43,0.92,73.5,6.15,5.02,C0F9U0
新社,24.200172,120.815806,0.6,21.9,6.46,88.9,14.1,12.8,C0F9V0
大雅(中科園區),24.21528,120.62445,-0.09,22.68,2.57,81.0,4.9,4.75,C0F9X0
桃山,24.432739,121.303808,1.7,9.48,9.53,76.7,2.5,0.18,C0F9Y0
雪山東峰,24.388792,121.268675,1.69,10.24,8.87,76.9,7.3,4.44,C0F9Z0
芬園,24.015678,120.6213,-0.17,23.03,6.85,86.7,6.8,5.25,C0G620
員林,23.946503,120.585597,2.53,26.22,-0.14,78.4,5.3,4.34,C0G650
溪湖,23.94835,120.479122,1.97,25.61,11.76,92.1,6.5,4.67,C0G660
溪州,23.851589,120.499093,0.82,24.0,-2.19,76.1,4.95,4.51,C0G720
二林,23.903325,120.376081,0.64,23.52,1.92,86.2,5.3,4.95,C0G730
大城,23.852487,120.320935,0.9,24.0,-27.84,51.3,5.75,5.42,C0G740
福興,24.041289,120.437669,0.59,24.78,-4.05,73.8,6.95,5.82,C0G770
秀水,24.03405,120.503869,-0.39,23.57,1.18,81.0,6.45,5.18,C0G780
埔鹽,24.000394,120.431683,1.34,24.72,1.46,83.1,5.15,3.92,C0G800
埔心,23.947633,120.525456,0.36,24.32,21.74,99.9,5.85,4.29,C0G810
田尾,23.901669,120.509389,0.91,24.7,0.69,84.3,5.6,3.98,C0G820
埤頭,23.866003,120.452806,0.46,23.85,12.59,100.0,3.75,2.33,C0G830
社頭,23.897647,120.5862,0.91,25.28,6.52,81.7,5.7,4.08,C0G860
二水,23.810742,120.6173,1.89,25.61,3.72,82.8,4.7,3.1,C0G880
伸港,24.148933,120.484403,-0.06,23.58,-1.92,77.4,6.65,5.57,C0G890
線西,24.143358,120.443536,0.7,23.85,1.28,78.2,3.95,3.91,C0G900
花壇,24.032076,120.549461,2.45,25.64,10.82,80.4,4.3,4.26,C0G910
埔里,23.972169,120.952425,1.46,23.99,3.58,82.7,4.15,3.16,C0H890
草屯,23.973672,120.68085,0.41,24.39,0.1,76.0,3.5,1.86,C0H960
昆陽,24.121322,121.273642,2.28,10.68,8.98,79.1,3.45,1.14,C0H990
神木村,23.532742,120.843667,1.98,17.94,1.4,87.8,7.05,4.51,C0H9A0
合歡山,24.143442,121.272547,2.56,9.43,8.07,83.9,10.6,7.08,C0H9C0
廬山,24.033311,121.181808,1.9,18.81,5.15,80.3,4.4,2.36,C0I010
信義,23.689694,120.851036,1.14,22.52,2.7,86.3,2.55,1.87,C0I080
竹山,23.761225,120.688156,1.03,24.04,2.43,83.5,4.3,2.77,C0I110
水里,23.812553,120.849792,1.08,23.84,1.28,82.2,1.6,1.06,C0I360
魚池,23.895703,120.94135,1.55,22.76,2.89,86.8,3.55,2.71,C0I370
集集,23.828206,120.801467,0.98,23.97,3.55,85.1,3.15,2.78,C0I380
仁愛,24.022122,121.132206,1.69,19.9,4.18,84.6,3.9,2.68,C0I390
名間,23.837053,120.701447,0.66,23.53,1.7,81.3,2.3,1.99,C0I410
國姓,24.037803,120.855072,1.09,23.96,3.28,84.2,9.55,8.63,C0I420
南投,23.911469,120.687331,0.87,24.79,4.3,79.4,4.1,3.43,C0I460
梅峰,24.085272,121.173572,1.85,14.77,7.48,86.4,5.9,3.84,C0I480
萬大林道,23.928228,121.091411,1.95,18.64,-1.02,81.3,3.65,2.35,C0I490
小奇萊,24.131764,121.295717,1.52,10.27,9.3,80.4,5.8,3.21,C0I530
崙背,23.75555,120.318925,0.91,23.62,-1.18,79.4,3.75,3.43,C0K250
四湖,23.630414,120.227125,0.93,24.19,-0.88,77.7,2.6,1.33,C0K280
宜梧,23.536281,120.169329,0.83,24.06,-1.95,78.8,2.35,0.58,C0K291
虎尾,23.719183,120.442036,0.65,24.14,5.23,83.9,4.85,3.66,C0K330
土庫,23.679029,120.395574,1.3,24.51,4.99,84.1,0.35,0.04,C0K390
斗六,23.720583,120.541127,0.69,24.14,-2.83,78.2,4.45,4.31,C0K400
北港,23.573957,120.292802,0.6,23.92,-2.97,77.7,3.1,2.84,C0K410
西螺,23.800407,120.467394,0.66,23.87,-1.3,81.1,4.45,3.84,C0K420
褒忠,23.690938,120.303634,0.72,23.65,-6.08,75.0,3.2,2.81,C0K430
二崙,23.772797,120.408944,0.77,23.44,1.68,83.0,3.55,3.13,C0K440
大埤,23.646074,120.431537,0.72,23.89,0.31,81.1,3.45,3.23,C0K450
斗南,23.678734,120.478359,0.74,24.03,0.1,79.2,4.85,4.64,C0K460
林內,23.748675,120.609642,1.24,24.14,-0.18,81.0,5.45,5.27,C0K470
莿桐,23.761192,120.502372,0.86,23.61,-0.05,79.3,5.75,5.43,C0K480
元長,23.64981,120.315024,0.76,23.94,0.32,79.4,4.7,4.4,C0K500
水林,23.572924,120.24597,0.98,24.2,-0.24,79.3,3.55,3.33,C0K510
臺西,23.701547,120.197559,0.62,23.71,-0.28,80.3,3.7,3.49,C0K530
蔦松,23.514319,120.229736,0.94,24.01,-0.82,80.4,2.6,2.32,C0K550
棋山,23.68645,120.603417,1.28,24.37,0.95,82.4,5.55,5.35,C0K560
高鐵雲林,23.737456,120.417944,0.55,23.65,0.78,82.2,4.25,3.72,C0K580
東後寮,23.369908,120.248065,0.84,24.0,0.56,80.7,1.65,1.41,C0M520
奮起湖,23.493903,120.699253,1.63,18.48,1.88,92.4,12.95,11.03,C0M530
中埔,23.42538,120.5229,0.71,23.87,0.71,81.6,6.05,5.67,C0M640
朴子,23.43463,120.23902,0.14,23.43,2.39,82.0,0.0,-0.17,C0M650
溪口,23.604131,120.403569,0.78,23.87,-1.68,79.5,2.75,2.56,C0M660
大林,23.600616,120.45841,0.75,24.19,-0.67,78.7,3.85,3.66,C0M670
太保,23.455062,120.331455,0.55,24.1,-0.77,79.2,2.5,2.28,C0M680
水上,23.419734,120.388909,0.73,24.06,8.73,86.9,3.05,2.74,C0M690
竹崎,23.526178,120.555508,0.89,24.02,1.07,83.9,10.05,9.68,C0M700
東石,23.458927,120.15385,0.87,24.16,-1.44,78.5,1.3,1.02,C0M710
番路,23.464657,120.554156,0.77,23.42,4.94,86.7,6.65,6.29,C0M720
嘉義市東區,23.457673,120.460531,0.88,25.41,1.54,76.0,4.8,4.47,C0M730
六腳,23.492871,120.290625,0.68,24.06,0.11,79.1,2.55,2.38,C0M740
布袋,23.380878,120.167789,0.97,24.34,-5.67,77.2,1.35,1.11,C0M750
民雄,23.551754,120.428457,0.56,24.09,-1.14,79.4,3.75,3.53,C0M760
嘉義梅山,23.585398,120.555587,0.69,23.75,6.8,87.9,7.35,7.08,C0M770
鹿草,23.41134,120.30835,0.92,24.47,0.64,78.7,2.1,1.8,C0M780
新港,23.553269,120.345728,0.58,24.08,-0.84,78.3,3.65,3.43,C0M790
茶山,23.299075,120.664767,1.15,23.46,4.52,87.4,12.65,12.32,C0M800
里佳,23.389125,120.716647,1.68,18.92,-1.47,86.4,16.0,15.24,C0M810
達邦,23.453994,120.749517,1.68,20.84,6.93,87.6,12.2,11.58,C0M820
表湖,23.24186,120.64166,0.9,21.54,4.21,91.9,10.3,9.88,C0M850
新美,23.338017,120.683169,1.85,23.06,1.4,85.9,12.45,11.12,C0M860
北寮,23.079561,120.495008,0.99,24.67,8.16,92.2,4.1,3.95,C0O830
王爺宮,23.222064,120.40085,2.91,25.93,-3.26,79.5,3.6,3.33,C0O840
大內,23.11885,120.36083,1.69,25.97,1.82,84.7,2.65,2.58,C0O860
善化,23.112883,120.297219,1.0,24.81,5.97,87.6,2.5,1.52,C0O900
崎頂,22.959547,120.369317,1.38,24.63,5.45,88.7,2.2,1.95,C0O960
虎頭埤,23.021375,120.347878,0.77,24.34,1.92,84.8,2.25,2.1,C0O970
新市,23.061614,120.298197,1.53,25.81,1.06,80.1,2.6,2.43,C0O980
媽廟,22.99175,120.293525,0.66,24.87,14.83,94.4,1.9,1.39,C0O990
尾寮山,22.833111,120.683889,1.47,20.28,-0.07,91.17,30.5,28.81,C0R100
阿禮,22.742908,120.743678,0.79,20.47,2.09,82.4,5.85,4.56,C0R130
瑪家,22.682903,120.686639,0.51,21.25,19.33,97.9,8.6,7.37,C0R140
三地門,22.709889,120.639944,1.31,25.96,-7.18,70.3,2.85,1.16,C0R150
鹽埔,22.739558,120.530778,1.4,26.05,-2.45,84.8,4.3,3.88,C0R160
屏東,22.660269,120.494072,1.88,26.74,-5.17,75.4,5.25,4.86,C0R170
赤山,22.592333,120.614306,1.17,25.85,5.4,88.8,2.6,1.99,C0R190
潮州,22.534361,120.54,1.77,26.54,1.4,79.5,1.0,-0.52,C0R220
來義,22.527306,120.625111,0.64,24.74,7.52,91.22,3.56,2.82,C0R240
春日,22.370361,120.628306,0.2,24.8,-1.88,79.2,1.1,-0.07,C0R260
琉球嶼,22.332244,120.362236,1.06,26.1,-3.03,80.6,0.85,-0.96,C0R270
車城,22.0744,120.716247,1.04,26.14,7.18,76.6,0.05,-12.58,C0R320
牡丹,22.130036,120.792639,1.18,23.63,9.45,91.7,0.55,-18.95,C0R341
貓鼻頭,21.921774,120.7358,1.09,26.13,0.98,76.4,0.05,-4.0,C0R350
大漢山,22.405264,120.753181,2.34,15.28,3.78,97.9,11.5,-14.83,C0R440
高樹,22.826389,120.600806,0.94,25.96,-4.11,75.5,6.2,5.8,C0R470
長治,22.693128,120.542622,1.76,26.83,0.31,83.2,5.5,5.04,C0R480
九如,22.7405,120.490503,1.61,26.72,-4.64,77.9,3.0,2.53,C0R490
崁頂,22.514781,120.506914,0.64,25.93,-2.29,80.0,0.65,0.09,C0R520
佳冬,22.419456,120.552375,0.86,25.91,-1.17,82.1,1.1,0.13,C0R540
新埤,22.467947,120.582894,1.11,25.77,-4.63,79.2,1.45,0.51,C0R550
新園,22.5434,120.461558,2.08,27.23,-7.45,73.0,0.65,0.11,C0R560
麟洛,22.65078,120.52719,2.09,27.34,3.57,81.9,0.9,0.47,C0R570
南州,22.48591,120.50274,0.99,26.0,1.32,82.9,0.65,0.02,C0R580
里港,22.77919,120.49459,0.94,25.91,0.44,81.3,3.25,3.03,C0R590
舊泰武,22.588194,120.664944,0.82,21.61,4.21,92.1,6.15,4.33,C0R600
墾雷,21.900836,120.855269,0.66,25.81,7.81,88.1,0.15,-4.05,C0R620
東港,22.46247,120.44074,1.22,26.33,1.51,82.2,0.45,-1.19,C0R640
竹田,22.58486,120.54344,1.61,26.48,-7.18,76.6,0.9,0.32,C0R650
枋寮,22.367722,120.590647,1.27,25.97,6.7,85.2,0.5,-3.79,C0R660
楓港,22.190131,120.692156,0.59,25.73,6.03,71.7,0.05,-14.78,C0R670
佳樂水,21.993578,120.861633,0.89,26.12,3.67,79.0,0.6,-8.32,C0R680
墾丁,21.966756,120.810269,1.51,24.07,-2.57,80.6,0.3,-10.58,C0R690
枋山,22.246844,120.661086,1.12,26.15,7.17,75.0,0.2,-7.88,C0R700
龍磐,21.931672,120.838942,0.94,25.07,4.22,85.3,0.3,-8.49,C0R710
旭海,22.205403,120.887614,0.8,23.79,16.9,97.4,0.55,-9.03,C0R720
大坪頂,22.024633,120.69355,0.91,24.71,14.63,86.8,0.0,-10.29,C0R730
獅子,22.201569,120.70525,1.11,25.84,6.67,74.0,0.1,-18.02,C0R740
四林格山,22.076989,120.802439,1.37,21.34,0.13,91.4,1.2,-11.42,C0R750
南仁湖,22.084681,120.863353,1.01,22.77,9.25,95.0,1.35,-10.36,C0R760
保力,22.071122,120.764111,1.25,25.13,5.78,81.2,0.25,-18.38,C0R770
滿州,22.024403,120.839892,1.23,25.61,2.1,78.1,0.6,-9.44,C0R780
九棚,22.14195,120.889281,0.88,24.94,3.37,81.7,0.8,-8.16,C0R790
丹路,22.204481,120.750989,1.33,25.07,6.37,78.2,0.55,-20.87,C0R800
內獅,22.305064,120.642986,1.15,25.69,17.7,96.2,0.55,-5.99,C0R810
白鷺,22.454275,120.666219,1.43,22.55,7.13,88.3,3.25,-4.38,C0R820
高士,22.121825,120.836781,1.12,22.36,5.18,90.1,1.15,-12.85,C0R830
牡丹池山,22.168389,120.841225,1.2,21.14,5.7,95.4,0.85,-10.44,C0R840
下馬,23.150427,121.070312,1.83,19.82,3.88,90.3,1.85,-2.32,C0S660
太麻里,22.60902,120.98533,1.41,21.98,6.61,85.9,0.35,-3.38,C0S690
知本,22.684866,121.005642,1.28,21.67,6.34,89.8,1.1,-3.58,C0S700
鹿野,22.917711,121.122994,1.62,22.33,5.03,86.2,0.45,-3.16,C0S710
綠島,22.6672,121.47533,1.05,24.51,12.83,95.0,2.1,-5.14,C0S730
池上,23.119628,121.209469,1.43,22.62,2.25,87.0,0.7,-2.5,C0S740
向陽,23.248397,120.986133,2.14,13.16,9.5,95.3,5.85,-0.26,C0S750
大溪山,22.478475,120.943325,1.14,22.37,8.47,86.6,0.65,-3.94,C0S770
金崙,22.538122,120.966875,1.38,23.91,4.43,83.1,0.4,-3.39,C0S790
東河,22.972672,121.303986,0.55,24.84,7.31,82.1,0.65,-2.94,C0S810
長濱,23.286817,121.411975,1.07,23.45,4.9,82.9,0.8,-4.41,C0S830
南田,22.279725,120.889208,0.84,25.65,23.05,97.8,0.8,-3.09,C0S840
關山,23.0395,121.175017,1.51,23.26,2.99,85.2,0.45,-2.75,C0S890
蘭嶼高中,22.04909,121.51214,0.69,26.0,8.37,83.4,9.5,-8.4,C0S900
蘭嶼燈塔,22.081197,121.503117,0.64,24.14,7.65,91.4,2.1,-9.28,C0S910
金峰嘉蘭,22.594789,120.960825,1.65,24.32,4.9,82.9,0.95,-6.51,C0S920
延平,22.902581,121.084058,1.8,23.57,3.72,80.8,0.5,-2.73,C0S930
石寧山,23.223772,121.406639,1.41,23.84,9.65,87.9,0.95,-2.74,C0S940
香蘭,22.587569,120.993375,1.37,25.65,10.27,80.1,0.15,-9.68,C0S960
加津林,22.416211,120.926942,1.15,25.73,7.64,76.6,0.45,-8.05,C0S970
勝林山,22.430439,120.8938,1.4,18.39,3.93,97.5,2.15,-11.93,C0S980
山豬窟,22.318619,120.857372,1.0,22.25,6.53,87.4,0.95,-8.7,C0S990
歷坵,22.520969,120.89185,1.89,22.11,6.99,88.7,0.9,-9.12,C0SA00
檳榔四格山,22.810031,121.109308,1.87,22.53,5.69,88.9,0.35,-3.38,C0SA10
金崙山,22.567419,120.959667,2.03,19.44,0.68,91.6,1.25,-7.94,C0SA20
都歷,23.020333,121.323642,1.55,24.71,25.88,98.0,0.55,-2.76,C0SA30
瑞和,22.974361,121.156697,1.89,23.56,13.26,92.8,0.4,-4.18,C0SA40
知本（水試所）,22.702394,121.082761,1.37,25.3,6.45,78.7,0.2,-5.8,C0SA60
土坂,22.453108,120.887572,1.51,24.24,6.51,82.8,0.9,-9.66,C0SA80
達仁林場,22.264347,120.823972,1.27,21.52,5.33,91.0,1.75,-16.92,C0SA90
大禹嶺,24.186117,121.316086,1.37,11.06,4.02,88.7,6.1,3.13,C0T790
天祥,24.179597,121.495639,1.56,20.6,3.38,89.3,2.35,-1.21,C0T820
鯉魚潭,23.935639,121.508944,0.92,22.16,1.84,90.8,1.83,-3.74,C0T870
西林,23.8119,121.441458,1.4,22.78,7.0,90.5,2.15,-5.12,C0T900
光復,23.660694,121.424964,1.57,23.32,-3.2,86.7,2.25,-4.12,C0T960
月眉山,23.809928,121.539828,1.25,21.0,0.92,94.8,2.5,-4.65,C0T9A0
水源,23.991861,121.537169,1.08,20.61,5.53,93.4,3.85,-3.05,C0T9B0
和中,24.26676,121.74103,0.39,23.41,14.82,98.6,8.25,0.94,C0T9D0
大坑,23.880628,121.581981,1.04,21.12,5.8,94.9,4.65,-2.09,C0T9E0
水璉,23.797131,121.542514,0.73,22.69,4.35,90.0,1.9,-4.45,C0T9F0
鳳林山,23.735269,121.420131,0.08,20.2,1.87,94.6,3.0,-4.33,C0T9G0
加路蘭山,23.682947,121.5274,0.96,19.59,3.78,98.9,4.65,-4.62,C0T9H0
靜浦,23.455167,121.495028,1.33,23.82,7.53,89.2,5.15,-1.83,C0T9M0
富里,23.171639,121.249378,1.93,22.81,12.28,96.9,0.6,-3.3,C0T9N0
雙連埤,24.753033,121.641303,0.38,18.59,0.81,98.0,11.8,-3.43,C0U520
礁溪,24.817539,121.765608,0.64,22.41,-0.9,90.1,4.6,-6.69,C0U600
太平山,24.505486,121.525656,1.76,13.57,3.31,98.0,5.95,-3.78,C0U710
南山,24.43742,121.38167,1.52,16.49,1.89,96.1,5.65,0.98,C0U720
東澳,24.52196,121.83318,3.93,26.3,8.03,100.0,10.0,-11.39,C0U760
南澳,24.44935,121.81022,0.37,23.22,1.64,86.5,9.45,-2.59,C0U770
五結,24.68637,121.79794,-0.09,21.66,4.13,92.3,13.6,-4.19,C0U780
頭城,24.85323,121.8308,0.05,22.47,4.46,91.2,3.3,-10.07,C0U860
大礁溪,24.791042,121.675047,0.68,19.61,7.06,98.0,9.85,-4.93,C0U870
三星,24.66812,121.65302,0.65,21.6,5.04,98.9,10.2,-2.2,C0U890
內城,24.71813,121.68766,0.6,21.91,4.38,94.1,8.0,-1.4,C0U900
冬山,24.63373,121.7937,0.53,22.31,11.89,99.0,13.3,-4.89,C0U910
羅東,24.68184,121.74934,0.91,21.97,5.06,93.5,9.8,-3.62,C0U940
鶯子嶺,24.89754,121.79244,0.97,16.38,2.47,99.9,10.9,-10.86,C0U950
翠峰湖,24.510856,121.608044,2.12,13.35,3.14,99.7,10.9,-0.93,C0U960
大福,24.80064,121.81389,0.5,22.56,0.11,88.8,5.75,-9.32,C0U970
坪林石牌,24.86478,121.77396,0.68,18.99,4.13,98.1,5.0,-12.26,C0U980
員山,24.74435,121.72247,0.51,22.17,5.92,93.2,7.1,-4.94,C0U990
鴛鴦湖,24.590269,121.412228,1.84,13.97,2.77,99.7,15.3,2.24,C0UA10
多加屯,24.368614,121.373189,1.37,11.38,8.07,86.2,29.67,26.6,C0UA20
白嶺,24.527819,121.519031,1.22,15.1,2.16,99.5,5.05,-1.44,C0UA30
西德山,24.560647,121.752608,1.2,16.41,2.16,99.8,22.6,-2.68,C0UA40
西帽山,24.555361,121.802628,0.58,17.35,2.51,99.8,51.2,4.39,C0UA50
樟樹山,24.41393,121.78325,1.12,19.89,7.36,99.0,9.8,-5.71,C0UA60
桃源谷,24.962606,121.888875,0.88,19.25,2.16,98.2,16.35,0.11,C0UA70
復興,23.222403,120.806089,0.78,22.24,6.11,84.1,9.15,8.57,C0V210
美濃,22.898742,120.519153,1.86,26.29,0.3,82.1,2.65,1.79,C0V310
溪埔,22.738578,120.446797,1.03,25.63,5.2,85.8,3.0,2.73,C0V350
內門,22.975481,120.466769,1.53,24.99,10.46,93.57,1.75,1.6,C0V360
古亭坑,22.893178,120.401947,1.13,24.66,1.83,87.4,1.45,0.53,C0V370
阿公店,22.804194,120.355528,0.65,24.75,2.51,83.7,0.55,0.09,C0V400
鳳山,22.646653,120.356122,1.55,26.62,5.91,83.7,2.6,2.08,C0V440
鳳森,22.545064,120.392592,1.15,25.88,-0.2,79.6,0.5,-0.08,C0V450
新興,22.627422,120.298803,1.45,26.58,0.2,74.5,1.3,-0.19,C0V490
阿蓮,22.883208,120.327508,1.93,26.38,-14.54,66.3,1.2,0.77,C0V530
梓官,22.760558,120.267211,0.99,25.69,-0.33,77.6,0.2,-0.47,C0V610
永安,22.82315,120.236856,0.81,25.21,-2.24,78.5,0.45,-0.19,C0V620
茄萣,22.906642,120.182608,0.91,25.33,3.0,79.0,0.65,-0.27,C0V630
湖內,22.887139,120.2445,0.62,25.09,-1.89,77.2,0.6,-0.06,C0V640
彌陀,22.783806,120.246361,1.41,26.05,1.7,80.9,0.35,-0.29,C0V650
岡山,22.797078,120.294958,1.3,26.34,1.84,77.6,0.4,-0.2,C0V660
仁武,22.701083,120.347722,0.98,26.08,6.55,84.7,0.95,0.46,C0V680
鼓山,22.623325,120.275575,0.67,25.64,2.02,80.4,0.5,-0.09,C0V690
三民,22.645017,120.311233,0.82,26.44,2.78,74.8,1.1,0.48,C0V700
苓雅,22.622742,120.330669,1.58,27.04,7.08,78.5,1.65,1.11,C0V710
林園,22.507747,120.394511,1.56,27.71,3.41,76.9,0.35,-0.31,C0V720
大寮,22.605614,120.395717,0.68,26.3,4.05,79.8,3.3,2.69,C0V730
旗山,22.888614,120.483597,1.77,26.46,0.0,79.2,1.55,1.37,C0V740
路竹,22.854997,120.259439,1.52,26.37,-0.16,76.7,0.7,0.08,C0V750
橋頭,22.757806,120.30575,1.16,26.39,1.21,78.1,0.45,-0.1,C0V760
大社,22.730306,120.346639,0.76,25.58,7.23,84.0,0.85,0.42,C0V770
萬山,22.905944,120.688056,0.97,23.74,4.93,85.0,8.5,8.22,C0V790
六龜,22.997889,120.633583,1.16,25.13,6.14,86.0,8.6,8.28,C0V800
左營,22.67491,120.28491,0.82,25.39,-1.75,79.0,0.45,-0.28,C0V810
小林,23.148408,120.63325,1.59,23.73,6.42,89.0,6.45,5.89,C0V820
東莒,25.9652,119.98069,1.91,21.21,-3.62,74.0,1.75,0.82,C0W110
花嶼,23.40007,119.32276,0.9,24.08,1.47,80.5,6.33,4.84,C0W130
金沙,24.488292,118.408778,1.43,22.91,-7.37,59.8,0.05,-0.62,C0W140
金寧,24.457703,118.328989,1.39,23.45,-4.38,62.4,0.0,-0.52,C0W150
東河,23.296598,120.385608,0.77,24.42,-4.69,78.2,4.65,4.32,C0X050
下營,23.22695,120.256261,0.8,24.42,-1.89,77.6,1.75,1.32,C0X060
佳里,23.173039,120.145086,0.84,24.76,0.74,80.2,0.95,-0.5,C0X080
臺南市北區,23.010394,120.194228,0.69,25.32,4.06,79.0,0.5,-0.12,C0X100
臺南市南區,22.961189,120.188378,0.7,25.71,-3.26,74.9,0.7,0.12,C0X110
麻豆,23.183289,120.248611,1.05,25.34,3.58,83.3,2.15,1.81,C0X120
官田,23.193217,120.315422,0.65,25.1,0.66,80.8,2.5,2.17,C0X130
西港,23.125608,120.203108,0.82,25.08,2.93,82.2,1.4,0.77,C0X140
安定,23.102614,120.227839,0.88,24.9,2.34,84.0,1.25,0.53,C0X150
仁德,22.968258,120.257689,1.07,25.93,1.58,78.4,2.1,1.55,C0X160
關廟,22.963017,120.327797,-0.17,24.37,4.31,81.7,1.65,1.39,C0X170
山上,23.0757,120.363253,1.09,25.02,-0.92,81.8,3.35,3.24,C0X180
安平,22.993161,120.152181,0.53,24.97,0.11,79.6,0.4,-0.27,C0X190
左鎮,23.056758,120.408522,1.71,25.26,-2.71,82.7,3.15,3.0,C0X200
白河,23.347466,120.414427,0.7,24.3,0.49,81.1,4.65,4.32,C0X210
學甲,23.230367,120.182187,1.09,24.42,0.56,79.7,1.35,0.93,C0X220
鹽水,23.272621,120.247641,0.68,24.05,0.38,81.0,1.95,1.57,C0X230
關子嶺,23.331169,120.508025,0.9,22.59,6.44,93.7,9.7,9.26,C0X240
新營,23.310689,120.316681,0.64,24.31,3.2,82.6,2.6,2.22,C0X250
後壁,23.366358,120.362326,0.76,24.11,-1.66,80.3,2.75,2.4,C0X260
將軍,23.214999,120.13577,0.74,24.13,-0.39,79.6,1.35,0.61,C0X280
北門,23.267772,120.125481,1.09,24.32,1.63,81.8,1.2,0.59,C0X290
鹿寮,23.386047,120.477331,1.22,24.19,8.72,93.1,5.6,5.1,C0X300
柳營,23.253328,120.375253,1.91,24.71,-1.9,79.1,3.45,2.08,C0X320
明里,23.208717,121.262342,1.67,22.71,1.89,89.2,0.8,-3.53,C0Z020
佳心,23.34567,121.21316,1.28,19.14,10.94,97.8,1.9,-2.34,C0Z050
玉里,23.3215,121.339656,1.44,23.05,2.42,88.2,2.15,-3.82,C0Z061
舞鶴,23.46811,121.37407,1.68,22.42,8.44,99.5,1.0,-4.09,C0Z070
富源,23.587642,121.378225,1.73,22.29,-1.09,90.6,1.75,-5.83,C0Z080
東華,23.89525,121.549833,1.42,23.78,2.35,89.2,0.95,-6.16,C0Z100
吉安光華,23.930925,121.595153,0.99,23.79,-12.91,74.9,2.7,-4.9,C0Z150
鳳林,23.746114,121.453411,1.54,23.49,1.97,87.8,1.95,-4.97,C0Z160
卓溪,23.3443,121.3029,1.18,23.15,-0.49,81.7,1.3,-3.74,C0Z170
富世,24.14743,121.6297,0.55,23.45,-0.58,84.83,0.58,-7.72,C0Z190
萬榮,23.709219,121.420106,1.39,23.04,-3.36,83.6,2.55,-4.56,C0Z200
瑞穗,23.5239,121.39021,1.86,23.29,0.78,87.2,2.1,-5.05,C0Z210
和平林道,24.343922,121.656317,1.06,20.06,0.56,91.7,7.5,2.82,C0Z220
和平,24.30717,121.77007,-0.1,23.07,7.93,81.4,4.35,-6.22,C0Z230
瑞穗林道,23.49284,121.30688,3.21,19.18,0.09,96.9,3.55,-6.32,C0Z250
蕃薯寮,23.73835,121.540108,0.96,21.7,-1.05,89.7,3.05,-5.61,C0Z270
德武,23.47426,121.41071,1.44,22.95,-0.73,87.3,1.6,-5.89,C0Z280
赤柯山,23.36893,121.38293,1.25,18.24,5.01,98.2,5.3,-3.17,C0Z290
東里,23.26853,121.30547,1.51,23.08,-6.17,86.0,1.75,-3.9,C0Z300
清水斷崖,24.218294,121.689142,0.56,23.4,3.66,84.6,3.15,-4.61,C0Z310
清水林道,23.27125,121.188272,1.63,19.99,1.4,90.4,2.4,-3.27,C0Z320
安通山,23.290728,121.348528,0.8,20.6,2.82,90.6,1.3,-4.06,C0Z330
口湖工作站,23.589978,120.180394,1.37,23.75,4.15,74.4,1.85,1.6,12J990
東港工作站,22.479997,120.466058,1.48,26.2,2.3,69.8,0.35,-1.52,12Q970
恆春工作站,22.079678,120.714425,1.2,26.36,8.37,69.2,0.0,-4.0,12Q980
萬大發電廠,23.978875,121.139639,1.32,20.35,-1.95,81.4,4.05,3.7,42HA10
桃改樹林分場,24.944503,121.386972,0.29,22.67,5.5,78.5,0.55,-0.03,72AI40
桃園農改場,24.950944,121.030583,0.77,22.65,1.77,82.1,2.6,0.52,72C440
桃改五峰分場,24.612194,121.157167,1.35,18.4,3.93,90.4,1.65,-0.86,72D080
桃改新埔分場,24.834444,121.066111,0.68,22.74,8.56,80.14,0.0,-0.38,72D680
臺中農改場,24.003028,120.534389,0.72,23.81,1.65,81.1,5.55,4.58,72G600
中改埔里分場,23.903208,120.963364,1.89,22.09,1.75,88.5,0.0,-0.25,72HA00
南改斗南分場,23.634556,120.477333,1.16,24.17,0.12,81.2,3.45,2.16,72K220
南改義竹分場,23.360694,120.279361,0.73,23.94,-1.8,79.9,2.0,1.01,72M360
南改鹿草分場,23.416869,120.283061,1.34,23.81,5.83,82.7,1.6,1.37,72M700
臺南農改場,23.0605,120.342194,0.96,24.32,4.75,85.4,3.0,2.52,72N100
七股研究中心,23.081672,120.062894,1.39,24.27,1.92,80.3,0.4,-2.52,72N240
高雄農改場,22.709333,120.525889,0.93,25.96,7.17,85.7,5.7,4.35,72Q010
東改班鳩分場,22.829528,121.077694,1.75,24.03,-3.48,76.6,0.6,-3.47,72S200
東改賓朗果園,22.813889,121.071278,0.78,22.87,-6.7,78.33,0.0,-4.46,72S590
花蓮農改場,23.975222,121.563889,1.33,23.82,0.17,82.6,1.55,-2.96,72T250
花改蘭陽分場,24.686306,121.716583,0.42,21.91,7.21,94.3,9.9,-3.46,72U480
高改旗南分場,22.857861,120.516667,0.24,25.23,8.28,83.5,2.6,1.69,72V140
茶改北部分場,24.955778,121.631222,0.15,19.47,6.32,93.0,5.94,-2.26,82A750
茶改場,24.908472,121.185333,0.52,21.56,-0.5,82.2,1.65,-1.69,82C160
茶改中部分場,23.875611,120.913583,0.24,20.86,4.33,88.9,3.05,1.65,82H320
茶改南部分場,23.762528,120.7405,0.66,22.24,2.46,89.1,4.45,3.35,82H840
茶改東部分場,22.907694,121.130139,1.19,23.91,-2.43,78.6,0.55,-3.15,82S580
農工中心,24.985917,121.239833,-0.17,21.96,5.94,79.8,1.6,-1.27,A2C560
水試臺西試驗場,23.717231,120.190522,0.54,24.07,1.63,82.89,3.44,3.24,A2K360
臺大雲林校區,23.730628,120.423903,1.29,23.41,3.63,80.8,4.7,4.32,A2K630
臺南蘭花園區,23.340258,120.379661,1.82,24.08,-0.23,80.6,3.6,2.39,A2N290
畜試北區分所,24.527806,120.770972,0.83,22.52,2.69,81.5,3.3,3.2,B2E890
畜產試驗所,23.058972,120.336406,1.87,25.33,7.03,89.0,10.83,9.75,B2N890
畜試南區分所,21.945583,120.802167,0.39,25.62,-2.35,71.83,0.0,-4.94,B2Q810
畜試東區分所,24.669039,121.832561,-0.07,20.4,9.67,99.0,23.0,11.79,B2U990
蓮華池,23.918333,120.885278,-0.09,21.36,6.76,89.4,7.3,5.54,E2H360
林試畢祿溪站,24.226944,121.308522,0.15,12.63,8.33,87.5,0.08,-0.54,E2HA20
四湖植物園,23.676986,120.163433,1.46,24.19,7.9,88.9,3.45,3.26,E2K600
林試六龜中心,22.991703,120.645722,1.55,24.17,4.65,89.4,6.7,5.95,E2P980
林試太麻里2,22.598,120.99775,0.88,24.81,2.76,75.43,0.0,-7.0,E2S960
林試太麻里1,22.598922,120.980044,0.7,23.76,4.2,78.29,0.57,-9.72,E2S980
農試所(霧峰),24.031261,120.688133,0.94,24.35,5.26,85.3,4.0,3.03,G2F820
農試嘉義分所,23.485028,120.473806,0.82,23.8,1.98,83.7,5.1,4.81,G2L020
農試溪口農場,23.58565,120.408111,0.78,24.11,1.83,81.0,3.3,3.16,G2M350
農試鳳山分所,22.646611,120.356083,0.42,25.52,3.35,78.0,2.94,1.44,G2P820
苗栗農改場,24.495722,120.829111,0.53,22.18,0.68,82.6,6.5,5.15,K2E360
苗改生物防治研究中心,24.422861,120.871833,0.72,21.12,1.07,83.3,8.6,8.5,K2E710
種苗改良場,24.225972,120.800917,0.65,21.5,10.89,89.1,14.65,13.45,K2F750
溪頭,23.670306,120.798194,1.42,18.63,5.08,94.2,6.7,4.57,U2H480
臺大和社,23.590856,120.888864,2.52,21.7,5.72,87.3,3.15,2.65,U2HA30
臺大內茅埔,23.689722,120.851117,1.58,22.54,4.59,86.2,2.65,2.28,U2HA40
臺大竹山,23.756972,120.681556,1.16,24.14,-2.9,78.7,4.7,4.57,U2HA50
臺大竹山,23.756972,120.681556,1.16,24.14,-2.9,78.7,4.7,4.57,U2HA50
臺大內茅埔,23.689722,120.851117,1.58,22.54,4.59,86.2,2.65,2.28,U2HA40
臺大和社,23.590856,120.888864,2.52,21.7,5.72,87.3,3.15,2.65,U2HA30
臺大溪頭,23.670306,120.798194,1.42,18.63,5.08,94.2,6.7,4.57,U2H480
種苗繁殖,24.225972,120.800917,0.65,21.5,10.89,89.1,14.65,13.45,K2F750
苗改生物防治研究中心,24.422861,120.871833,0.72,21.12,1.07,83.3,8.6,8.5,K2E710
苗栗農改,24.495722,120.829111,0.53,22.18,0.68,82.6,6.5,5.15,K2E360
農試鳳山分所,22.646611,120.356083,0.42,25.52,3.35,78.0,2.94,1.44,G2P820
農試溪口農場,23.58565,120.408111,0.78,24.11,1.83,81.0,3.3,3.16,G2M350
農試嘉義分所,23.485028,120.473806,0.82,23.8,1.98,83.7,5.1,4.81,G2L020
農業試驗所,24.031261,120.688133,0.94,24.35,5.26,85.3,4.0,3.03,G2F820
林試太麻里1,22.598922,120.980044,0.7,23.76,4.2,78.29,0.57,-9.72,E2S980
林試太麻里2,22.598014,120.989761,0.88,24.81,2.76,75.43,0.0,-7.0,E2S960
林試六龜中心,22.991703,120.645722,1.55,24.17,4.65,89.4,6.7,5.95,E2P980
四湖植物園,23.676986,120.163433,1.46,24.19,7.9,88.9,3.45,3.26,E2K600
林試畢祿溪站,24.226944,121.308522,0.15,12.63,8.33,87.5,0.08,-0.54,E2HA20
蓮華池,23.918333,120.885278,-0.09,21.36,6.76,89.4,7.3,5.54,E2H360
畜試東區分所,24.669039,121.832561,-0.07,20.4,9.67,99.0,23.0,11.79,B2U990
畜試南區分所,21.945583,120.802167,0.39,25.62,-2.35,71.83,0.0,-4.94,B2Q810
畜試所,23.058972,120.336406,1.87,25.33,7.03,89.0,10.83,9.75,B2N890
畜試北區分所,24.527806,120.770972,0.83,22.52,2.69,81.5,3.3,3.2,B2E890
臺南蘭花園區,23.340258,120.379661,1.82,24.08,-0.23,80.6,3.6,2.39,A2N290
臺大雲林校區,23.730628,120.423903,1.29,23.41,3.63,80.8,4.7,4.32,A2K630
水試臺西試驗場,23.717231,120.190522,0.54,24.07,1.63,82.89,3.44,3.24,A2K360
農工中心,24.985917,121.239833,-0.17,21.96,5.94,79.8,1.6,-1.27,A2C560
茶改東部分場,22.907694,121.130139,1.19,23.91,-2.43,78.6,0.55,-3.15,82S580
茶改南部分場,23.762528,120.7405,0.66,22.24,2.46,89.1,4.45,3.35,82H840
茶改中部分場,23.875611,120.913583,0.24,20.86,4.33,88.9,3.05,1.65,82H320
茶改場,24.908472,121.185333,0.52,21.56,-0.5,82.2,1.65,-1.69,82C160
茶改北部分場,24.955778,121.631222,0.15,19.47,6.32,93.0,5.94,-2.26,82A750
高改旗南分場,22.857861,120.516667,0.24,25.23,8.28,83.5,2.6,1.69,72V140
花改蘭陽分場,24.686306,121.716583,0.42,21.91,7.21,94.3,9.9,-3.46,72U480
花蓮農改,23.975222,121.563889,1.33,23.82,0.17,82.6,1.55,-2.96,72T250
東改賓朗果園,22.813889,121.071278,0.78,22.87,-6.7,78.33,0.0,-4.46,72S590
東改班鳩分場,22.829528,121.077694,1.75,24.03,-3.48,76.6,0.6,-3.47,72S200
高雄農改,22.709333,120.525889,0.93,25.96,7.17,85.7,5.7,4.35,72Q010
七股研究中心,23.081672,120.062894,1.39,24.27,1.92,80.3,0.4,-2.52,72N240
臺南農改,23.0605,120.342194,0.96,24.32,4.75,85.4,3.0,2.52,72N100
南改鹿草分場,23.416869,120.283061,1.34,23.81,5.83,82.7,1.6,1.37,72M700
南改義竹分場,23.360694,120.279361,0.73,23.94,-1.8,79.9,2.0,1.01,72M360
南改斗南分場,23.634556,120.477333,1.16,24.17,0.12,81.2,3.45,2.16,72K220
中改埔里分場,23.903208,120.963364,1.89,22.09,1.75,88.5,0.0,-0.25,72HA00
臺中農改,24.003028,120.534389,0.72,23.81,1.65,81.1,5.55,4.58,72G600
桃改新埔分場,24.834444,121.066111,0.68,22.74,8.56,80.14,0.0,-0.38,72D680
桃改五峰分場,24.612194,121.157167,1.35,18.4,3.93,90.4,1.65,-0.86,72D080
桃園農改,24.950944,121.030583,0.77,22.65,1.77,82.1,2.6,0.52,72C440
桃改樹林分場,24.944503,121.386972,0.29,22.67,5.5,78.5,0.55,-0.03,72AI40
萬大發電廠,23.978875,121.139639,1.32,20.35,-1.95,81.4,4.05,3.7,42HA10
恆春工作站,22.079678,120.714425,1.2,26.36,8.37,69.2,0.0,-4.0,12Q980
東港工作站,22.479997,120.466058,1.48,26.2,2.3,69.8,0.35,-1.52,12Q970
口湖工作站,23.589978,120.180394,1.37,23.75,4.15,74.4,1.85,1.6,12J990
