站名,緯度,經度,平均溫距平,本年度平均溫,平均溼度距平,本年度日均相對溼度,本年度日均降水量,日均降水量距平,站號
淡水,25.164889,121.448906,-0.49,15.31,-9.66,70.0,0.76,-2.44,466900
鞍部,25.182586,121.529731,-1.73,8.81,-0.21,91.26,3.45,-6.63,466910
臺北,25.037658,121.514853,-0.7,16.11,-8.28,67.78,0.84,-2.27,466920
竹子湖,25.162078,121.544547,-1.42,10.81,-2.88,84.26,3.13,-4.2,466930
基隆,25.133314,121.740475,-0.48,15.9,-8.78,68.52,2.02,-9.06,466940
花蓮,23.975128,121.613275,-0.97,17.42,-4.29,70.0,0.67,-1.24,466990
新屋,25.006744,121.047486,-0.93,15.53,-9.26,67.96,0.62,-2.56,467050
宜蘭,24.763975,121.756528,-1.24,15.54,-3.48,75.57,0.99,-4.91,467080
金門,24.407306,118.289281,0.17,13.7,-11.15,59.87,0.01,-1.12,467110
澎湖,23.565503,119.563094,-0.87,16.22,-3.61,74.61,0.52,-0.05,467350
臺南,22.993239,120.204772,-1.05,16.87,-3.93,70.48,0.28,-0.33,467410
永康,23.038386,120.2367,-0.79,16.85,-1.05,72.52,0.25,-0.33,467420
嘉義,23.495925,120.432906,-1.05,16.04,2.36,79.35,1.17,0.41,467480
臺中,24.145736,120.684075,-0.77,16.47,-4.0,70.0,1.12,-0.0,467490
阿里山,23.508208,120.813242,-1.5,5.25,3.01,82.48,4.14,1.42,467530
大武,22.355675,120.903789,-1.45,19.11,-2.36,67.65,0.88,-0.39,467540
玉山,23.487614,120.959522,0.12,0.13,-0.83,58.13,6.61,4.45,467550
新竹,24.827853,121.014219,-0.19,15.83,-9.93,67.57,0.69,-1.83,467571
恆春,22.003897,120.746339,-1.4,19.78,-1.85,67.65,0.71,0.07,467590
成功,23.097486,121.373428,-1.0,18.03,-2.65,71.22,0.82,-1.65,467610
日月潭,23.881325,120.90805,-1.25,13.22,7.35,83.39,1.95,0.19,467650
臺東,22.752211,121.154586,-1.37,18.3,-1.26,69.52,0.84,-0.37,467660
馬祖,26.169269,119.923419,0.52,11.03,-8.44,71.3,0.0,-1.46,467990
山佳,24.974944,121.402008,-0.16,16.15,-10.38,71.83,1.13,-1.92,C0A520
坪林,24.938183,121.70975,-1.46,12.43,-12.05,80.0,1.29,-2.65,C0A530
泰平,24.971197,121.823711,-1.29,11.58,-3.08,92.0,4.35,-9.58,C0A550
桶後,24.848222,121.597992,-1.32,12.0,-3.13,91.0,2.33,-3.26,C0A570
石碇,24.993969,121.662917,-0.58,13.77,-9.74,79.91,1.41,-3.97,C0A640
大坪,25.165914,121.632969,-0.43,13.06,-4.73,87.87,6.35,-18.76,C0A860
五指山,25.132153,121.608692,0.05,11.56,-2.08,91.7,3.3,-5.84,C0A870
雙溪,25.036003,121.864242,-0.11,15.07,-6.85,84.7,2.04,-9.13,C0A890
三和,25.233153,121.595236,-1.41,13.62,-7.06,79.17,4.09,-12.56,C0A931
金山,25.223628,121.643967,0.66,16.38,-13.2,69.83,2.2,-6.1,C0A940
鼻頭角,25.129036,121.923372,-0.21,16.52,-7.32,72.26,0.87,-2.6,C0A950
三貂角,25.007606,122.002058,-0.5,15.91,-12.87,73.96,2.33,-4.3,C0A970
社子,25.109508,121.469681,-0.01,16.59,-3.94,73.61,0.65,-1.64,C0A980
天母,25.117494,121.537169,-0.7,16.08,-10.36,64.17,0.61,-1.4,C0A9C0
內湖,25.079422,121.57545,-0.72,16.0,0.19,78.78,0.65,-1.77,C0A9F0
大屯山,25.175675,121.522408,-0.52,8.6,1.4,97.0,2.5,-4.55,C0AC40
三峽,24.939025,121.369728,0.46,16.74,-8.93,71.96,1.2,-3.11,C0AC60
信義,25.037822,121.564597,0.57,16.92,-7.25,72.22,0.87,-2.76,C0AC70
文山,25.00235,121.575728,-0.77,15.21,-11.53,72.91,1.04,-2.75,C0AC80
新莊,25.051478,121.446756,-0.82,15.99,-9.83,64.65,0.72,-2.75,C0ACA0
八里,25.150211,121.403947,-0.52,15.93,-4.55,73.04,0.54,-3.19,C0AD10
蘆洲,25.086594,121.472331,-0.34,16.7,-8.62,65.83,0.61,-2.42,C0AD30
土城,24.973208,121.445169,-0.31,15.85,-5.92,73.83,1.13,-2.48,C0AD40
鶯歌,24.951533,121.346294,0.35,16.43,-8.89,73.09,1.09,-2.62,C0AD50
汐止,25.066881,121.658778,-0.8,15.66,-13.39,71.48,1.57,-4.51,C0AH00
永和,25.01125,121.508111,-0.31,16.74,-3.13,70.43,0.89,-2.08,C0AH10
五分山,25.07125,121.780794,-1.56,10.94,-3.97,93.17,6.02,-10.31,C0AH30
平等,25.129142,121.577086,-2.53,12.69,-12.4,75.09,1.11,-2.92,C0AH40
林口,25.072181,121.38084,-1.57,13.97,-9.92,77.22,0.76,-2.79,C0AH50
松山,25.04871,121.55042,-2.14,15.97,-12.36,59.14,0.31,-3.26,C0AH70
深坑,25.002703,121.628328,-1.24,15.5,-7.7,77.48,1.15,-2.07,C0AH80
福山植物園,24.760717,121.58135,-3.38,10.23,0.35,94.52,2.28,-5.64,C0AH90
五股,25.07445,121.42728,-3.14,14.02,-17.52,74.22,0.67,-0.64,C0AI00
屈尺,24.92184,121.54475,-2.29,15.23,-16.76,67.48,1.72,-0.64,C0AI10
白沙灣,25.283128,121.519058,-1.08,15.7,-9.82,71.78,0.74,-3.65,C0AI20
三重,25.057328,121.500629,-2.48,16.22,-11.67,69.65,0.63,0.43,C0AI30
石牌,25.115597,121.513139,-1.96,16.99,-4.35,67.13,0.57,-0.21,C0AI40
七堵,25.094819,121.71713,-1.19,16.4,-14.2,74.0,2.63,-5.14,C0B010
基隆嶼,25.19141,121.78391,-1.73,15.56,-6.25,80.39,2.37,-1.34,C0B020
復興,24.820208,121.352281,-0.74,12.97,-6.54,73.39,1.26,-2.29,C0C460
桃園,24.992425,121.323172,-0.47,15.41,-7.69,67.65,1.24,-2.21,C0C480
八德,24.928708,121.283289,-0.99,14.91,-10.33,68.96,1.24,-3.16,C0C490
觀音,25.027072,121.153317,-0.44,14.8,-11.12,68.09,0.76,-3.0,C0C590
蘆竹,25.084275,121.265767,-1.15,15.11,-5.3,73.04,0.78,-3.6,C0C620
大溪,24.882853,121.265547,-0.41,14.27,-5.17,72.13,1.26,-2.08,C0C630
平鎮,24.897503,121.214636,-0.14,14.37,-8.9,72.04,0.85,-2.7,C0C650
楊梅,24.912375,121.143047,-1.16,14.7,-7.16,68.39,0.91,-3.06,C0C660
龍潭,24.870056,121.221389,-1.35,13.73,-1.83,78.3,1.17,-3.6,C0C670
龜山,25.02846,121.38656,-1.54,14.32,-10.59,71.91,1.15,-2.91,C0C680
中壢,24.977661,121.256375,-1.74,14.84,-11.37,68.52,0.87,-2.99,C0C700
大溪永福,24.892936,121.324975,-1.63,14.79,-10.96,75.78,1.33,-0.01,C0C710
梅花,24.678347,121.208558,-1.32,11.97,-2.3,82.17,1.7,-0.94,C0D360
峨眉,24.6905,121.017189,-0.89,14.53,-8.12,76.57,1.24,-2.77,C0D430
打鐵坑,24.849664,121.150789,-0.79,13.61,-11.16,74.39,0.93,-2.49,C0D480
橫山,24.71116,121.11693,-1.36,13.32,-2.05,81.09,1.7,-1.6,C0D540
雪霸,24.526972,121.11605,-1.19,7.11,-4.19,72.39,2.11,-2.09,C0D550
竹東,24.767147,121.057881,0.2,15.26,-6.57,68.52,0.89,-2.06,C0D560
寶山,24.735006,121.025192,-0.31,14.55,-6.71,74.52,1.0,-2.43,C0D580
新豐,24.87068,120.97721,-0.29,14.65,-7.41,73.91,0.76,-2.23,C0D590
湖口,24.904794,121.043628,-0.75,15.32,-8.74,68.45,0.88,-1.86,C0D650
新竹市東區,24.798681,120.986942,-1.29,15.13,-8.23,67.13,0.67,-3.02,C0D660
竹南,24.708978,120.888897,-0.06,15.66,-6.68,71.7,0.67,-1.24,C0E420
南庄,24.601775,121.000214,-1.3,13.09,2.49,86.22,1.26,-1.66,C0E430
明德,24.583486,120.885411,-0.67,15.06,-10.32,73.65,0.8,-2.21,C0E550
通霄,24.471892,120.704622,-0.96,15.07,-9.44,74.39,0.78,-1.29,C0E590
馬都安,24.451272,120.930192,-1.13,11.84,-2.25,79.78,1.67,-0.3,C0E610
頭份,24.688247,120.912206,0.39,16.31,-6.39,68.78,0.8,-1.74,C0E730
造橋,24.637056,120.864778,-1.01,15.05,-10.09,73.65,0.89,-2.16,C0E740
苗栗,24.564569,120.824575,-1.06,15.15,-8.74,70.35,0.67,-2.22,C0E750
銅鑼,24.489681,120.790853,-1.45,14.15,2.24,85.77,0.34,-2.39,C0E780
西湖,24.562947,120.7485,-0.71,14.9,-9.0,75.26,0.57,-1.61,C0E810
獅潭,24.539133,120.920042,-1.5,13.17,-6.23,80.17,1.24,-1.69,C0E820
苑裡,24.439714,120.653053,-1.45,15.23,-8.1,71.48,0.52,-1.28,C0E830
大河,24.618069,120.948578,-3.76,12.35,-10.82,74.61,1.2,-3.24,C0E850
高鐵苗栗,24.60725,120.826094,-1.69,15.21,-5.27,77.13,0.72,-1.85,C0E870
石岡,24.276061,120.777644,-1.47,15.24,-3.01,82.52,0.96,-0.42,C0F0B0
中坑,24.248517,120.903319,-3.27,11.99,0.06,81.39,1.85,-0.61,C0F0C0
審馬陣,24.381675,121.4203,-2.79,1.08,2.48,69.48,2.39,-1.98,C0F0D0
南湖圈谷,24.363714,121.444667,-3.87,-3.12,-8.12,71.35,0.0,-8.48,C0F0E0
東勢,24.246428,120.833047,-0.67,15.06,-1.81,79.22,1.33,-0.68,C0F850
大坑,24.173142,120.722289,-0.18,17.05,-3.27,73.22,1.13,-0.48,C0F970
神岡,24.272481,120.658314,-1.28,14.64,-12.81,72.96,0.72,-0.9,C0F9I0
大安,24.345061,120.588025,-1.25,15.18,-10.22,73.78,0.57,-0.85,C0F9K0
后里,24.310436,120.729725,-0.83,15.05,-9.23,73.91,0.89,-0.76,C0F9L0
豐原,24.254322,120.720692,-0.23,16.0,-5.78,73.48,0.96,-0.72,C0F9M0
大里,24.092464,120.701378,-1.07,17.19,-8.43,65.06,1.26,-0.26,C0F9N0
潭子,24.213106,120.703933,-0.89,16.15,-3.38,74.78,0.89,-0.61,C0F9O0
清水,24.312297,120.562242,-1.3,15.31,-9.0,74.22,0.5,-0.79,C0F9P0
外埔,24.347817,120.705686,-0.27,15.82,-9.44,74.3,0.85,-0.72,C0F9Q0
龍井,24.184536,120.528972,-1.22,15.87,-11.03,71.3,0.7,-0.56,C0F9R0
烏日,24.107058,120.624103,-1.09,16.26,-5.5,69.3,1.17,-0.19,C0F9S0
西屯,24.179494,120.641275,-1.22,15.57,-5.93,71.48,0.78,-0.46,C0F9T0
南屯,24.137006,120.637969,-1.42,16.45,-5.97,68.7,0.48,-0.81,C0F9U0
新社,24.200172,120.815806,-1.06,14.08,-5.88,77.48,1.3,-0.71,C0F9V0
大雅(中科園區),24.21528,120.62445,-2.02,14.92,-9.43,74.35,0.74,-1.1,C0F9X0
桃山,24.432739,121.303808,-2.32,1.48,-3.52,59.78,2.37,-0.59,C0F9Y0
雪山東峰,24.388792,121.268675,-2.17,2.39,-4.86,57.43,2.41,-1.55,C0F9Z0
芬園,24.015678,120.6213,-1.83,14.78,0.76,82.74,1.07,-0.35,C0G620
員林,23.946503,120.585597,0.83,18.01,-8.42,71.0,1.28,0.38,C0G650
溪湖,23.94835,120.479122,0.39,17.43,6.21,87.65,0.8,-0.35,C0G660
溪州,23.851589,120.499093,-1.6,15.84,-10.87,70.65,0.87,-1.04,C0G720
二林,23.903325,120.376081,-1.59,15.48,-6.33,82.39,0.74,-0.41,C0G730
大城,23.852487,120.320935,-1.39,15.84,-37.02,44.82,0.76,-0.64,C0G740
福興,24.041289,120.437669,-0.84,16.52,-10.3,69.17,0.87,-0.17,C0G770
秀水,24.03405,120.503869,-0.75,16.57,-5.19,75.87,0.83,-0.36,C0G780
埔鹽,24.000394,120.431683,-0.14,16.65,-6.56,77.0,0.78,-0.23,C0G800
埔心,23.947633,120.525456,-0.5,16.72,20.13,99.13,0.87,-0.28,C0G810
田尾,23.901669,120.509389,-0.84,16.14,-2.51,81.74,0.83,-0.39,C0G820
埤頭,23.866003,120.452806,-1.08,15.89,7.49,94.74,0.63,-0.25,C0G830
社頭,23.897647,120.5862,-0.71,17.16,2.55,79.78,1.0,-0.34,C0G860
二水,23.810742,120.6173,0.8,18.32,-1.32,80.61,1.07,-0.19,C0G880
伸港,24.148933,120.484403,-1.27,15.66,-9.65,71.43,0.67,-0.41,C0G890
線西,24.143358,120.443536,-2.6,15.84,-13.54,72.78,0.61,0.53,C0G900
花壇,24.032076,120.549461,0.6,19.04,-2.46,79.26,0.91,0.91,C0G910
埔里,23.972169,120.952425,-1.71,15.8,-0.5,81.04,1.83,-0.87,C0H890
草屯,23.973672,120.68085,-1.36,16.02,-5.47,72.96,1.17,-0.26,C0H960
昆陽,24.121322,121.273642,-1.15,1.34,-1.44,75.22,2.22,0.75,C0H990
神木村,23.532742,120.843667,-1.06,9.81,3.82,87.0,3.63,1.33,C0H9A0
合歡山,24.143442,121.272547,-0.97,0.07,6.99,76.96,4.2,-1.54,C0H9C0
廬山,24.033311,121.181808,-1.03,10.59,-0.83,75.39,3.26,0.63,C0I010
信義,23.689694,120.851036,-2.08,14.53,2.08,84.39,2.37,0.27,C0I080
竹山,23.761225,120.688156,-0.79,15.85,-0.73,83.35,1.39,0.16,C0I110
水里,23.812553,120.849792,-1.81,15.9,-3.83,77.96,1.85,-0.03,C0I360
魚池,23.895703,120.94135,-1.63,14.73,-4.94,80.57,2.15,-0.79,C0I370
集集,23.828206,120.801467,-1.95,15.93,-3.55,79.57,1.59,-0.61,C0I380
仁愛,24.022122,121.132206,-1.72,12.03,-1.54,79.7,2.98,-1.24,C0I390
名間,23.837053,120.701447,-2.16,15.31,-5.95,77.39,1.28,-0.43,C0I410
國姓,24.037803,120.855072,-2.07,15.53,-2.79,81.17,1.57,-0.34,C0I420
南投,23.911469,120.687331,-1.76,16.42,-2.56,77.22,1.15,-0.89,C0I460
梅峰,24.085272,121.173572,-1.97,6.34,-2.79,79.39,3.13,-2.87,C0I480
萬大林道,23.928228,121.091411,-2.39,10.13,-3.62,76.3,3.54,0.14,C0I490
小奇萊,24.131764,121.295717,-2.41,0.8,-2.22,78.35,4.09,-4.94,C0I530
奇萊稜線,24.109231,121.326456,-3.41,-0.92,6.5,78.52,0.0,-3.9,C0I540
崙背,23.75555,120.318925,-1.72,15.6,-11.6,72.39,0.87,-0.59,C0K250
四湖,23.630414,120.227125,-0.71,16.13,-10.9,71.0,0.89,0.26,C0K280
宜梧,23.536281,120.169329,-0.81,16.03,-9.53,73.52,0.96,0.21,C0K291
虎尾,23.719183,120.442036,-0.89,16.02,-6.25,75.87,0.89,0.08,C0K330
土庫,23.679029,120.395574,-1.51,16.0,-5.16,77.35,0.76,-0.72,C0K390
斗六,23.720583,120.541127,-1.79,15.9,-12.31,72.65,1.17,-0.46,C0K400
北港,23.573957,120.292802,-1.76,15.85,-12.72,71.13,0.91,-0.46,C0K410
西螺,23.800407,120.467394,-1.6,15.83,-10.03,74.35,0.91,-0.76,C0K420
褒忠,23.690938,120.303634,-1.66,15.65,-14.86,69.35,0.8,-0.49,C0K430
二崙,23.772797,120.408944,-1.78,15.47,-8.68,76.13,0.65,-0.49,C0K440
大埤,23.646074,120.431537,-1.72,15.93,-8.92,72.7,0.87,-0.51,C0K450
斗南,23.678734,120.478359,-1.66,15.89,-7.81,74.39,1.07,-0.38,C0K460
林內,23.748675,120.609642,-1.89,15.7,-5.94,78.7,1.33,-0.46,C0K470
莿桐,23.761192,120.502372,-1.8,15.53,-10.21,73.74,0.96,-0.66,C0K480
元長,23.64981,120.315024,-1.65,15.81,-8.32,73.74,0.85,-0.46,C0K500
水林,23.572924,120.24597,-1.52,16.02,-9.42,72.57,0.93,-0.39,C0K510
臺西,23.701547,120.197559,-1.6,15.87,-9.0,74.09,0.65,-0.39,C0K530
蔦松,23.514319,120.229736,-1.76,15.84,-9.09,74.91,0.98,-0.29,C0K550
棋山,23.68645,120.603417,-1.9,15.8,-3.16,81.65,1.39,-0.7,C0K560
高鐵雲林,23.737456,120.417944,-2.2,15.57,-12.83,76.91,0.72,0.5,C0K580
東後寮,23.369908,120.248065,-1.82,15.76,-7.41,75.7,0.87,-0.33,C0M520
奮起湖,23.493903,120.699253,-0.59,11.71,2.23,88.78,1.96,0.39,C0M530
中埔,23.42538,120.5229,-1.85,15.84,-6.47,77.48,1.02,-0.52,C0M640
朴子,23.43463,120.23902,-2.41,15.29,-5.3,76.43,1.13,-0.07,C0M650
溪口,23.604131,120.403569,-1.67,15.89,-11.25,72.43,0.96,-0.44,C0M660
大林,23.600616,120.45841,-1.74,16.07,-8.72,72.35,1.28,-0.32,C0M670
太保,23.455062,120.331455,-1.99,15.92,-10.93,71.61,1.13,-0.22,C0M680
水上,23.419734,120.388909,-1.77,16.07,-3.67,77.87,0.89,-0.48,C0M690
竹崎,23.526178,120.555508,-1.93,15.76,-2.97,81.61,1.41,-0.35,C0M700
東石,23.458927,120.15385,-1.67,16.01,-9.93,73.35,1.07,-0.17,C0M710
番路,23.464657,120.554156,-1.74,15.45,-2.49,82.43,1.17,-0.45,C0M720
嘉義市東區,23.457673,120.460531,-1.78,17.02,-4.96,73.09,1.35,-0.24,C0M730
六腳,23.492871,120.290625,-1.87,15.83,-9.46,72.39,1.04,-0.34,C0M740
布袋,23.380878,120.167789,-1.6,16.09,-11.91,72.26,1.04,-0.2,C0M750
民雄,23.551754,120.428457,-1.79,16.16,-9.97,72.35,1.15,-0.53,C0M760
嘉義梅山,23.585398,120.555587,-1.86,15.64,-2.24,82.61,1.33,-0.53,C0M770
鹿草,23.41134,120.30835,-1.72,16.19,-8.85,72.0,1.02,-0.27,C0M780
新港,23.553269,120.345728,-1.82,15.97,-8.32,72.52,1.09,-0.39,C0M790
茶山,23.299075,120.664767,-1.57,16.44,1.06,83.7,0.98,-1.12,C0M800
里佳,23.389125,120.716647,-1.73,11.79,0.25,83.78,1.61,-1.57,C0M810
達邦,23.453994,120.749517,-1.5,13.8,3.52,82.74,1.57,-1.23,C0M820
表湖,23.24186,120.64166,-2.99,14.62,2.99,84.91,0.98,0.69,C0M850
北寮,23.079561,120.495008,-1.26,16.68,6.33,89.09,0.54,-0.57,C0O830
王爺宮,23.222064,120.40085,0.63,17.92,-9.13,74.61,0.5,-0.66,C0O840
大內,23.11885,120.36083,-0.52,17.76,0.18,82.0,0.35,-0.6,C0O860
善化,23.112883,120.297219,-0.84,16.68,0.24,82.87,0.3,-0.25,C0O900
崎頂,22.959547,120.369317,-0.87,16.67,3.04,85.39,0.54,-0.27,C0O960
虎頭埤,23.021375,120.347878,-1.44,16.4,-0.61,81.78,0.41,-0.62,C0O970
新市,23.061614,120.298197,-0.63,17.64,-4.19,75.83,0.24,-0.77,C0O980
媽廟,22.99175,120.293525,-1.5,16.83,4.49,85.0,0.37,-0.63,C0O990
尾寮山,22.833111,120.683889,-1.51,12.97,2.8,89.05,1.11,0.3,C0R100
阿禮,22.742908,120.743678,-1.06,14.28,3.48,79.17,1.02,-0.34,C0R130
瑪家,22.682903,120.686639,-1.7,14.51,11.76,95.22,1.09,-0.28,C0R140
三地門,22.709889,120.639944,-0.41,19.12,-9.32,64.83,0.59,0.05,C0R150
鹽埔,22.739558,120.530778,-0.89,18.41,-1.72,82.57,0.5,-0.41,C0R160
屏東,22.660269,120.494072,0.82,20.5,-6.71,73.0,0.0,-0.83,C0R170
赤山,22.592333,120.614306,-0.91,18.55,6.35,87.65,0.43,-0.71,C0R190
潮州,22.534361,120.54,-0.08,19.28,-1.9,77.22,0.33,-0.24,C0R220
來義,22.527306,120.625111,-1.31,17.97,5.0,87.87,0.54,-0.8,C0R240
春日,22.370361,120.628306,-1.24,18.75,-20.71,56.75,0.48,-0.22,C0R260
琉球嶼,22.332244,120.362236,-1.03,19.21,-6.75,72.22,0.68,0.12,C0R270
車城,22.0744,120.716247,-2.62,19.45,-1.4,71.52,0.57,0.57,C0R320
牡丹,22.130036,120.792639,-2.65,16.94,2.73,87.57,1.04,0.66,C0R341
貓鼻頭,21.921774,120.7358,-1.21,19.72,-2.05,72.83,0.93,0.34,C0R350
大漢山,22.405264,120.753181,-1.97,8.37,3.21,97.61,2.74,1.7,C0R440
高樹,22.826389,120.600806,-1.0,18.72,-0.94,76.74,0.43,-0.62,C0R470
長治,22.693128,120.542622,-0.49,19.28,-1.1,78.74,0.52,-0.33,C0R480
九如,22.7405,120.490503,-0.69,18.99,-7.3,75.3,0.35,-0.52,C0R490
崁頂,22.514781,120.506914,-1.39,18.52,-5.54,76.96,0.33,-0.73,C0R520
佳冬,22.419456,120.552375,-1.16,18.73,-2.36,79.35,0.46,-0.57,C0R540
新埤,22.467947,120.582894,-1.26,18.49,-5.81,75.91,0.41,-0.95,C0R550
新園,22.5434,120.461558,-0.4,19.39,-7.58,70.7,0.33,-0.89,C0R560
麟洛,22.65078,120.52719,-0.25,19.81,2.6,79.83,0.41,-0.48,C0R570
南州,22.48591,120.50274,-1.48,18.31,-2.06,78.57,0.26,-0.91,C0R580
里港,22.77919,120.49459,-2.75,16.79,-3.42,74.57,0.26,-0.51,C0R590
舊泰武,22.588194,120.664944,-1.73,14.9,4.18,88.78,1.13,-0.48,C0R600
墾雷,21.900836,120.855269,-2.05,19.83,3.39,82.22,1.24,-1.54,C0R620
東港,22.46247,120.44074,-2.44,18.98,-4.39,74.95,0.37,0.29,C0R640
竹田,22.58486,120.54344,-2.38,18.83,-7.8,76.0,0.37,0.3,C0R650
枋寮,22.367722,120.590647,-1.57,19.13,3.17,82.13,0.39,0.35,C0R660
楓港,22.190131,120.692156,-3.17,19.13,-2.7,64.7,0.61,0.61,C0R670
佳樂水,21.993578,120.861633,-2.73,19.85,-2.35,73.13,1.33,0.29,C0R680
墾丁,21.966756,120.810269,-2.54,17.52,-2.93,80.39,1.59,0.93,C0R690
枋山,22.246844,120.661086,-2.09,19.6,-1.84,67.96,0.43,0.41,C0R700
旭海,22.205403,120.887614,-2.96,17.39,11.52,93.04,1.33,0.15,C0R720
太麻里,22.60902,120.98533,-1.14,14.92,-4.33,81.83,1.2,-0.36,C0S690
知本,22.684866,121.005642,-1.45,14.4,0.78,89.3,1.07,-0.62,C0S700
鹿野,22.917711,121.122994,-1.23,14.6,1.06,85.22,0.8,-0.47,C0S710
綠島,22.6672,121.47533,-1.0,18.2,4.98,88.26,2.74,-2.98,C0S730
池上,23.119628,121.209469,-1.22,15.05,-0.5,84.7,0.67,-0.21,C0S740
大溪山,22.478475,120.943325,-1.39,15.5,-4.28,81.96,1.8,-0.24,C0S770
金崙,22.538122,120.966875,-1.37,16.87,-2.68,79.48,1.33,-0.1,C0S790
東河,22.972672,121.303986,-2.08,17.69,-2.65,77.35,0.57,-0.67,C0S810
長濱,23.286817,121.411975,-1.44,16.12,-4.39,77.17,1.02,-0.46,C0S830
南田,22.279725,120.889208,-1.54,19.13,14.62,93.22,1.41,-0.09,C0S840
關山,23.0395,121.175017,-2.11,15.72,-0.25,83.43,0.57,-1.19,C0S890
蘭嶼高中,22.04909,121.51214,-2.32,19.99,0.16,76.0,9.11,-1.8,C0S900
蘭嶼燈塔,22.081197,121.503117,-2.49,18.28,-6.52,84.0,3.43,-0.46,C0S910
金峰嘉蘭,22.594789,120.960825,-2.85,17.07,0.75,82.39,1.09,0.69,C0S920
延平,22.902581,121.084058,-3.18,15.63,4.83,83.39,1.04,0.94,C0S930
石寧山,23.223772,121.406639,-3.23,16.53,1.54,82.26,1.15,0.49,C0S940
香蘭,22.587569,120.993375,-2.67,18.51,4.97,77.57,0.91,-0.01,C0S960
加津林,22.416211,120.926942,-2.45,19.03,-2.96,70.0,1.02,0.48,C0S970
勝林山,22.430439,120.8938,-3.74,11.29,-0.04,96.48,3.0,1.86,C0S980
山豬窟,22.318619,120.857372,-3.05,15.59,-3.63,80.61,1.41,0.75,C0S990
歷坵,22.520969,120.89185,-2.48,14.78,-0.2,89.96,1.67,1.27,C0SA00
檳榔四格山,22.810031,121.109308,-3.24,14.85,3.51,87.35,0.7,0.48,C0SA10
金崙山,22.567419,120.959667,-2.61,12.04,-3.67,91.61,2.39,0.93,C0SA20
都歷,23.020333,121.323642,-2.22,17.97,16.77,92.57,0.85,0.21,C0SA30
瑞和,22.974361,121.156697,-2.75,15.87,8.68,91.96,0.65,0.47,C0SA40
土坂,22.453108,120.887572,-2.31,16.98,0.56,85.0,1.8,1.42,C0SA80
大禹嶺,24.186117,121.316086,-1.06,3.6,1.76,70.78,3.63,0.26,C0T790
天祥,24.179597,121.495639,-0.85,13.09,-0.93,84.65,0.54,-0.8,C0T820
鯉魚潭,23.935639,121.508944,-1.52,14.57,1.01,90.61,1.22,-1.07,C0T870
西林,23.8119,121.441458,-0.92,15.66,2.36,87.06,1.35,-1.05,C0T900
光復,23.660694,121.424964,-0.95,15.7,-3.03,86.26,0.72,-1.63,C0T960
月眉山,23.809928,121.539828,-1.08,13.47,-2.56,90.78,0.91,-2.06,C0T9A0
水源,23.991861,121.537169,-1.08,13.17,-3.32,87.35,1.52,-1.89,C0T9B0
和中,24.26676,121.74103,-1.26,16.72,8.69,93.48,0.33,-2.06,C0T9D0
大坑,23.880628,121.581981,-1.14,13.99,-3.39,87.3,1.41,-1.8,C0T9E0
水璉,23.797131,121.542514,-1.66,15.32,-0.26,84.22,0.78,-1.63,C0T9F0
鳳林山,23.735269,121.420131,-2.31,12.81,-3.86,89.7,1.17,-2.05,C0T9G0
加路蘭山,23.682947,121.5274,-1.31,12.08,1.66,96.74,3.48,-2.96,C0T9H0
靜浦,23.455167,121.495028,-1.15,16.48,-1.21,84.31,4.84,0.49,C0T9M0
雙連埤,24.753033,121.641303,-1.68,11.07,-7.79,89.57,1.78,-5.04,C0U520
礁溪,24.817539,121.765608,-0.98,15.47,-8.8,76.13,0.67,-3.95,C0U600
玉蘭,24.675286,121.587061,-1.18,12.6,-6.83,81.48,2.09,-3.94,C0U650
太平山,24.505486,121.525656,-1.3,4.71,1.58,92.3,2.61,-1.6,C0U710
南山,24.43742,121.38167,-3.79,7.86,-3.29,93.65,1.7,-1.01,C0U720
東澳,24.52196,121.83318,-1.36,15.79,2.93,91.65,1.65,-6.29,C0U760
南澳,24.44935,121.81022,-1.59,16.38,-5.11,73.13,0.39,-2.59,C0U770
五結,24.68637,121.79794,-1.41,15.1,-5.46,78.09,1.02,-8.05,C0U780
頭城,24.85323,121.8308,-2.24,15.78,-10.46,76.96,0.72,-3.97,C0U860
大礁溪,24.791042,121.675047,-2.45,12.51,-2.98,85.13,1.52,-7.28,C0U870
三星,24.66812,121.65302,-2.42,14.59,2.32,91.22,1.22,-6.89,C0U890
內城,24.71813,121.68766,-2.2,15.14,-6.48,80.48,1.07,-6.22,C0U900
冬山,24.63373,121.7937,-1.85,15.72,5.72,91.96,1.11,-14.01,C0U910
羅東,24.68184,121.74934,-1.86,15.35,-6.52,80.0,0.89,-10.92,C0U940
鶯子嶺,24.89754,121.79244,-3.04,8.03,-6.9,90.61,3.2,-7.95,C0U950
翠峰湖,24.510856,121.608044,-3.0,4.06,-7.7,88.04,1.8,-2.52,C0U960
大福,24.80064,121.81389,-2.61,15.29,-6.18,75.26,0.74,-6.42,C0U970
坪林石牌,24.86478,121.77396,-2.55,11.23,-6.31,89.78,1.33,-6.88,C0U980
員山,24.74435,121.72247,-2.42,15.37,-4.79,79.41,0.5,-7.89,C0U990
土場,24.576533,121.495333,-2.72,12.63,-4.25,85.35,1.15,-1.99,C0UA00
鴛鴦湖,24.590269,121.412228,-3.84,5.04,0.37,97.87,4.15,-0.2,C0UA10
白嶺,24.527819,121.519031,-3.41,6.51,-0.1,95.52,4.7,-0.73,C0UA30
西德山,24.560647,121.752608,-3.96,7.91,1.69,97.57,4.67,-7.02,C0UA40
西帽山,24.555361,121.802628,-3.28,9.89,-6.9,90.7,6.59,-13.93,C0UA50
樟樹山,24.41393,121.78325,-3.08,12.31,4.43,95.91,1.02,-2.7,C0UA60
桃源谷,24.962606,121.888875,-2.9,11.5,-5.7,91.0,4.28,-8.13,C0UA70
復興,23.222403,120.806089,-1.02,15.69,6.93,81.52,1.96,-0.14,C0V210
美濃,22.898742,120.519153,1.49,20.2,3.41,83.0,0.0,-0.51,C0V310
溪埔,22.738578,120.446797,-1.01,18.07,1.71,80.91,0.3,-0.57,C0V350
內門,22.975481,120.466769,0.13,17.96,-0.79,80.59,0.57,-0.39,C0V360
古亭坑,22.893178,120.401947,-0.93,16.68,1.6,84.43,0.5,0.05,C0V370
阿公店,22.804194,120.355528,-1.67,16.73,-4.14,77.7,0.35,-0.42,C0V400
鳳山,22.646653,120.356122,-1.5,18.03,5.11,79.73,0.34,-0.54,C0V440
鳳森,22.545064,120.392592,-1.27,18.36,-1.8,73.91,0.24,-0.93,C0V450
新興,22.627422,120.298803,-0.59,18.48,-3.81,69.91,0.28,-0.33,C0V490
阿蓮,22.883208,120.327508,-0.58,17.97,-9.69,73.0,0.35,-0.46,C0V530
梓官,22.760558,120.267211,-1.37,17.58,-5.43,72.04,0.24,-0.39,C0V610
永安,22.82315,120.236856,-1.55,17.08,-6.34,72.83,0.28,-0.42,C0V620
茄萣,22.906642,120.182608,-1.25,17.12,-2.43,73.74,0.28,-0.59,C0V630
湖內,22.887139,120.2445,-1.68,16.87,-6.29,72.04,0.3,-0.4,C0V640
彌陀,22.783806,120.246361,-1.01,17.93,-5.87,72.61,0.33,-0.27,C0V650
岡山,22.797078,120.294958,-1.06,18.17,-4.62,70.91,0.39,-0.34,C0V660
仁武,22.701083,120.347722,-1.27,18.31,-0.81,75.22,0.28,-0.61,C0V680
鼓山,22.623325,120.275575,-1.61,18.0,-1.47,74.09,0.39,-0.57,C0V690
三民,22.645017,120.311233,-1.44,18.63,0.84,71.65,0.35,-0.58,C0V700
苓雅,22.622742,120.330669,-0.57,19.13,5.29,75.09,0.3,-0.74,C0V710
林園,22.507747,120.394511,-0.55,20.25,0.38,70.83,0.28,-0.91,C0V720
大寮,22.605614,120.395717,-1.42,18.56,0.54,73.7,0.39,-0.7,C0V730
旗山,22.888614,120.483597,-0.62,18.3,1.19,78.26,0.46,-0.43,C0V740
路竹,22.854997,120.259439,-0.94,18.04,-4.51,72.7,0.28,-0.47,C0V750
橋頭,22.757806,120.30575,-1.2,18.21,-5.92,71.65,0.3,-0.34,C0V760
大社,22.730306,120.346639,-1.07,18.13,-2.16,73.78,0.28,-0.5,C0V770
萬山,22.905944,120.688056,-0.99,17.46,6.47,81.22,0.72,-0.49,C0V790
六龜,22.997889,120.633583,-0.56,18.55,8.86,85.26,0.7,-0.48,C0V800
左營,22.67491,120.28491,-1.93,17.45,-12.12,73.35,0.24,-0.69,C0V810
小林,23.148408,120.63325,-2.41,16.69,10.09,86.43,0.65,0.52,C0V820
東莒,25.9652,119.98069,0.28,11.89,-11.43,68.26,0.0,-1.75,C0W110
西嶼,23.5626,119.468436,-2.06,15.13,-13.8,72.0,0.59,-0.15,C0W120
花嶼,23.40007,119.32276,-1.78,16.2,-5.42,75.78,0.63,0.5,C0W130
金沙,24.488292,118.408778,-6.05,8.97,-33.21,41.0,0.0,-1.38,C0W140
金寧,24.457703,118.328989,-1.37,14.23,-19.27,56.0,0.0,-1.27,C0W150
東河,23.296598,120.385608,-2.02,16.11,-9.1,74.39,0.48,-0.86,C0X050
下營,23.22695,120.256261,-1.76,16.06,-10.8,73.22,0.39,-1.01,C0X060
佳里,23.173039,120.145086,-1.11,16.17,-6.44,76.22,0.52,-0.08,C0X080
臺南市北區,23.010394,120.194228,-1.52,16.93,-0.42,77.09,0.22,-0.74,C0X100
臺南市南區,22.961189,120.188378,-1.7,17.27,-3.2,73.35,0.2,-0.72,C0X110
麻豆,23.183289,120.248611,-1.04,17.03,-1.06,80.96,0.35,-0.53,C0X120
官田,23.193217,120.315422,-1.35,16.97,-3.83,75.74,0.37,-0.6,C0X130
西港,23.125608,120.203108,-1.71,16.27,-1.93,80.04,0.37,-0.61,C0X140
安定,23.102614,120.227839,-1.45,16.34,-2.5,81.7,0.3,-0.7,C0X150
仁德,22.968258,120.257689,-0.98,17.74,-1.02,75.83,0.33,-0.64,C0X160
關廟,22.963017,120.327797,-2.15,16.36,2.07,79.7,0.46,-0.34,C0X170
山上,23.0757,120.363253,-1.17,16.8,-3.23,79.43,0.26,-0.9,C0X180
安平,22.993161,120.152181,-1.76,16.6,-8.18,72.3,0.22,-0.63,C0X190
左鎮,23.056758,120.408522,-0.2,17.15,-3.91,81.04,0.35,-0.82,C0X200
白河,23.347466,120.414427,-1.95,16.17,-7.36,75.26,0.54,-0.78,C0X210
學甲,23.230367,120.182187,-1.64,16.05,-7.38,75.0,0.37,-0.83,C0X220
鹽水,23.272621,120.247641,-1.98,15.6,-7.5,77.3,0.43,-0.74,C0X230
關子嶺,23.331169,120.508025,-1.08,15.47,-2.69,84.96,0.74,-1.2,C0X240
新營,23.310689,120.316681,-1.83,16.27,-6.88,74.52,0.52,-0.64,C0X250
後壁,23.366358,120.362326,-1.71,16.07,-9.5,73.43,0.65,-0.64,C0X260
將軍,23.214999,120.13577,-1.92,15.79,-7.95,74.87,0.33,-0.63,C0X280
北門,23.267772,120.125481,-1.79,16.06,-7.02,75.91,0.54,-0.6,C0X290
鹿寮,23.386047,120.477331,-2.0,15.92,-0.84,84.87,0.78,-0.71,C0X300
明里,23.208717,121.262342,-1.14,15.21,-1.31,87.35,0.65,-0.72,C0Z020
佳心,23.34567,121.21316,-1.7,11.15,7.97,98.13,1.09,-0.16,C0Z050
玉里,23.3215,121.339656,-1.13,15.33,1.32,89.22,1.22,-0.41,C0Z061
舞鶴,23.46811,121.37407,-0.86,14.93,7.7,98.57,1.07,-0.48,C0Z070
富源,23.587642,121.378225,-1.19,14.81,-4.91,86.83,1.02,-1.12,C0Z080
東華,23.89525,121.549833,-1.33,16.31,-1.62,87.3,0.39,-1.49,C0Z100
吉安光華,23.930925,121.595153,-1.62,17.01,-17.05,68.78,0.72,-1.5,C0Z150
鳳林,23.746114,121.453411,-2.19,15.78,-4.77,79.65,0.63,-1.03,C0Z160
卓溪,23.3443,121.3029,-2.87,15.34,-1.6,81.83,1.04,-0.13,C0Z170
新城,24.03946,121.60454,-1.71,17.25,-10.73,68.13,0.27,-2.5,C0Z180
富世,24.14743,121.6297,-1.81,17.0,-7.58,75.57,0.43,-1.61,C0Z190
萬榮,23.709219,121.420106,-2.08,15.59,-9.31,81.35,0.78,-0.74,C0Z200
瑞穗,23.5239,121.39021,-1.9,15.68,-0.37,86.65,1.15,-0.79,C0Z210
和平林道,24.343922,121.656317,-2.54,12.38,-6.1,83.65,0.63,-2.21,C0Z220
和平,24.30717,121.77007,-2.32,16.49,-11.18,66.61,0.33,-2.12,C0Z230
瑞穗林道,23.49284,121.30688,-1.54,10.91,0.92,97.17,3.59,0.34,C0Z250
蕃薯寮,23.73835,121.540108,-2.07,14.5,-8.83,81.74,1.26,-5.03,C0Z270
德武,23.47426,121.41071,-2.62,15.05,-3.61,86.39,1.13,-1.0,C0Z280
赤柯山,23.36893,121.38293,-2.92,10.42,3.73,98.61,3.07,-0.01,C0Z290
東里,23.26853,121.30547,-2.35,15.45,-4.85,85.17,1.07,-0.6,C0Z300
清水斷崖,24.218294,121.689142,-2.77,16.7,-9.96,74.3,0.09,-1.02,C0Z310
清水林道,23.27125,121.188272,-3.02,12.27,-0.05,90.43,2.85,0.11,C0Z320
安通山,23.290728,121.348528,-3.72,12.99,1.49,90.61,1.63,0.31,C0Z330
口湖工作站,23.589978,120.180394,-2.13,15.93,-9.93,68.83,0.76,0.75,12J990
東港工作站,22.479997,120.466058,-2.44,19.01,-5.11,63.65,0.24,0.23,12Q970
恆春工作站,22.079678,120.714425,-2.65,19.82,-2.96,62.91,0.52,0.52,12Q980
萬大發電廠,23.978875,121.139639,-2.12,12.85,-3.05,78.3,3.54,3.52,42HA10
桃改樹林分場,24.944503,121.386972,-2.32,15.16,-8.55,69.61,0.98,0.5,72AI40
桃園農改場,24.950944,121.030583,0.09,15.49,-11.93,69.26,0.7,-1.83,72C440
桃改五峰分場,24.612194,121.157167,-1.06,10.03,-1.76,83.91,1.76,-1.34,72D080
臺中農改場,24.003028,120.534389,-0.87,15.72,-2.46,76.91,0.83,0.0,72G600
中改埔里分場,23.903208,120.963364,-2.23,14.17,3.08,86.83,2.15,1.89,72HA00
南改斗南分場,23.634556,120.477333,-0.54,16.08,-2.55,76.91,1.2,0.33,72K220
南改義竹分場,23.360694,120.279361,-1.09,15.66,-5.79,75.3,0.63,0.17,72M360
南改鹿草分場,23.416869,120.283061,-2.39,15.9,-8.28,73.74,0.93,0.87,72M700
臺南農改場,23.0605,120.342194,-1.3,16.2,1.95,80.48,0.24,-0.14,72N100
七股研究中心,23.081672,120.062894,-2.43,16.27,-8.2,76.04,0.3,0.24,72N240
高雄農改場,22.709333,120.525889,-1.07,18.42,4.16,81.7,0.43,0.06,72Q010
東改班鳩分場,22.829528,121.077694,-1.27,16.0,-2.64,76.04,0.8,-0.24,72S200
東改賓朗果園,22.813889,121.071278,-1.71,15.68,-6.22,79.3,0.85,-0.14,72S590
花蓮農改場,23.975222,121.563889,-0.95,16.5,-4.3,76.55,1.0,-0.57,72T250
花改蘭陽分場,24.686306,121.716583,-0.93,15.33,-5.94,76.61,1.17,-4.07,72U480
高改旗南分場,22.857861,120.516667,-1.45,17.48,4.75,79.0,0.46,0.03,72V140
茶改北部分場,24.955778,121.631222,-0.78,12.43,-5.42,81.22,1.93,-4.29,82A750
茶改場,24.908472,121.185333,-0.46,14.13,-9.64,72.7,1.02,-2.25,82C160
茶改中部分場,23.875611,120.913583,-1.81,13.32,1.43,83.74,2.02,0.67,82H320
茶改南部分場,23.762528,120.7405,-1.42,14.23,-1.76,85.3,1.52,0.34,82H840
茶改東部分場,22.907694,121.130139,-2.02,15.71,-4.19,76.78,0.86,-0.1,82S580
農工中心,24.985917,121.239833,-0.05,15.13,-9.69,67.83,0.8,-2.19,A2C560
水試臺西試驗場,23.717231,120.190522,-1.02,16.28,-5.83,76.74,0.7,0.51,A2K360
臺大雲林校區,23.730628,120.423903,-2.02,15.57,-8.43,74.74,0.59,0.59,A2K630
臺南蘭花園區,23.340258,120.379661,-2.1,16.25,-3.99,76.65,0.24,0.24,A2N290
畜試北區分所,24.527806,120.770972,-1.83,14.47,-10.67,75.22,0.59,-1.82,B2E890
畜產試驗所,23.058972,120.336406,-1.16,16.1,0.02,80.26,0.24,-0.34,B2N890
畜試南區分所,21.945583,120.802167,-1.78,19.34,-4.14,68.96,1.15,-0.08,B2Q810
畜試東區分所,24.669039,121.832561,-2.46,15.49,-0.67,81.57,1.11,0.13,B2U990
蓮華池,23.918333,120.885278,-0.91,13.63,0.73,87.61,1.57,0.26,E2H360
林試畢祿溪站,24.226944,121.308522,-1.85,5.32,8.8,80.0,2.52,1.72,E2HA20
四湖植物園,23.676986,120.163433,-2.08,16.21,-2.92,81.7,0.83,0.73,E2K600
林試六龜中心,22.991703,120.645722,-1.46,17.22,8.69,85.57,0.7,0.68,E2P980
林試太麻里2,22.598,120.99775,-2.55,18.04,-2.96,73.48,1.0,-0.1,E2S960
林試太麻里1,22.598922,120.980044,-2.36,17.28,-0.98,77.74,1.17,-0.09,E2S980
農試所(霧峰),24.031261,120.688133,-1.06,15.94,0.67,80.0,1.22,0.37,G2F820
農試嘉義分所,23.485028,120.473806,-0.85,15.5,-2.5,78.91,1.02,0.24,G2L020
農試溪口農場,23.58565,120.408111,-1.66,15.83,-9.45,73.0,1.19,1.04,G2M350
農試鳳山分所,22.646611,120.356083,-1.55,17.85,-0.76,72.23,0.27,-0.18,G2P820
苗栗農改場,24.495722,120.829111,-1.24,13.82,-4.55,77.52,1.09,-0.62,K2E360
苗改生物防治研究中心,24.422861,120.871833,-3.5,12.56,-5.73,80.13,1.07,-0.08,K2E710
種苗改良場,24.225972,120.800917,-1.03,13.27,3.75,82.96,1.22,-0.34,K2F750
溪頭,23.670306,120.798194,-1.41,10.72,5.26,92.0,3.04,1.2,U2H480
臺大和社,23.590856,120.888864,-2.04,13.74,7.44,86.74,2.41,1.95,U2HA30
臺大內茅埔,23.689722,120.851117,-2.99,14.45,6.43,84.48,2.3,2.12,U2HA40
臺大竹山,23.756972,120.681556,-2.73,15.83,-8.43,76.74,1.28,1.13,U2HA50
臺大竹山,23.756972,120.681556,-2.73,15.83,-8.43,76.74,1.28,1.13,U2HA50
臺大內茅埔,23.689722,120.851117,-2.99,14.45,6.43,84.48,2.3,2.12,U2HA40
臺大和社,23.590856,120.888864,-2.04,13.74,7.44,86.74,2.41,1.95,U2HA30
臺大溪頭,23.670306,120.798194,-1.41,10.72,5.26,92.0,3.04,1.2,U2H480
種苗繁殖,24.225972,120.800917,-1.03,13.27,3.75,82.96,1.22,-0.34,K2F750
苗改生物防治研究中心,24.422861,120.871833,-3.5,12.56,-5.73,80.13,1.07,-0.08,K2E710
苗栗農改,24.495722,120.829111,-1.24,13.82,-4.55,77.52,1.09,-0.62,K2E360
農試鳳山分所,22.646611,120.356083,-1.55,17.85,-0.76,72.23,0.27,-0.18,G2P820
農試溪口農場,23.58565,120.408111,-1.66,15.83,-9.45,73.0,1.19,1.04,G2M350
農試嘉義分所,23.485028,120.473806,-0.85,15.5,-2.5,78.91,1.02,0.24,G2L020
農業試驗所,24.031261,120.688133,-1.06,15.94,0.67,80.0,1.22,0.37,G2F820
林試太麻里1,22.598922,120.980044,-2.36,17.28,-0.98,77.74,1.17,-0.09,E2S980
林試太麻里2,22.598014,120.989761,-2.55,18.04,-2.96,73.48,1.0,-0.1,E2S960
林試六龜中心,22.991703,120.645722,-1.46,17.22,8.69,85.57,0.7,0.68,E2P980
四湖植物園,23.676986,120.163433,-2.08,16.21,-2.92,81.7,0.83,0.73,E2K600
林試畢祿溪站,24.226944,121.308522,-1.85,5.32,8.8,80.0,2.52,1.72,E2HA20
蓮華池,23.918333,120.885278,-0.91,13.63,0.73,87.61,1.57,0.26,E2H360
畜試東區分所,24.669039,121.832561,-2.46,15.49,-0.67,81.57,1.11,0.13,B2U990
畜試南區分所,21.945583,120.802167,-1.78,19.34,-4.14,68.96,1.15,-0.08,B2Q810
畜試所,23.058972,120.336406,-1.16,16.1,0.02,80.26,0.24,-0.34,B2N890
畜試北區分所,24.527806,120.770972,-1.83,14.47,-10.67,75.22,0.59,-1.82,B2E890
臺南蘭花園區,23.340258,120.379661,-2.1,16.25,-3.99,76.65,0.24,0.24,A2N290
臺大雲林校區,23.730628,120.423903,-2.02,15.57,-8.43,74.74,0.59,0.59,A2K630
水試臺西試驗場,23.717231,120.190522,-1.02,16.28,-5.83,76.74,0.7,0.51,A2K360
農工中心,24.985917,121.239833,-0.05,15.13,-9.69,67.83,0.8,-2.19,A2C560
茶改東部分場,22.907694,121.130139,-2.02,15.71,-4.19,76.78,0.86,-0.1,82S580
茶改南部分場,23.762528,120.7405,-1.42,14.23,-1.76,85.3,1.52,0.34,82H840
茶改中部分場,23.875611,120.913583,-1.81,13.32,1.43,83.74,2.02,0.67,82H320
茶改場,24.908472,121.185333,-0.46,14.13,-9.64,72.7,1.02,-2.25,82C160
茶改北部分場,24.955778,121.631222,-0.78,12.43,-5.42,81.22,1.93,-4.29,82A750
高改旗南分場,22.857861,120.516667,-1.45,17.48,4.75,79.0,0.46,0.03,72V140
花改蘭陽分場,24.686306,121.716583,-0.93,15.33,-5.94,76.61,1.17,-4.07,72U480
花蓮農改,23.975222,121.563889,-0.95,16.5,-4.3,76.55,1.0,-0.57,72T250
東改賓朗果園,22.813889,121.071278,-1.71,15.68,-6.22,79.3,0.85,-0.14,72S590
東改班鳩分場,22.829528,121.077694,-1.27,16.0,-2.64,76.04,0.8,-0.24,72S200
高雄農改,22.709333,120.525889,-1.07,18.42,4.16,81.7,0.43,0.06,72Q010
七股研究中心,23.081672,120.062894,-2.43,16.27,-8.2,76.04,0.3,0.24,72N240
臺南農改,23.0605,120.342194,-1.3,16.2,1.95,80.48,0.24,-0.14,72N100
南改鹿草分場,23.416869,120.283061,-2.39,15.9,-8.28,73.74,0.93,0.87,72M700
南改義竹分場,23.360694,120.279361,-1.09,15.66,-5.79,75.3,0.63,0.17,72M360
南改斗南分場,23.634556,120.477333,-0.54,16.08,-2.55,76.91,1.2,0.33,72K220
中改埔里分場,23.903208,120.963364,-2.23,14.17,3.08,86.83,2.15,1.89,72HA00
臺中農改,24.003028,120.534389,-0.87,15.72,-2.46,76.91,0.83,0.0,72G600
桃改五峰分場,24.612194,121.157167,-1.06,10.03,-1.76,83.91,1.76,-1.34,72D080
桃園農改,24.950944,121.030583,0.09,15.49,-11.93,69.26,0.7,-1.83,72C440
桃改樹林分場,24.944503,121.386972,-2.32,15.16,-8.55,69.61,0.98,0.5,72AI40
萬大發電廠,23.978875,121.139639,-2.12,12.85,-3.05,78.3,3.54,3.52,42HA10
恆春工作站,22.079678,120.714425,-2.65,19.82,-2.96,62.91,0.52,0.52,12Q980
東港工作站,22.479997,120.466058,-2.44,19.01,-5.11,63.65,0.24,0.23,12Q970
口湖工作站,23.589978,120.180394,-2.13,15.93,-9.93,68.83,0.76,0.75,12J990
