站名,緯度,經度,平均溫距平,本年度平均溫,平均溼度距平,本年度日均相對溼度,本年度日均降水量,日均降水量距平,站號
淡水,25.164889,121.448906,2.64,19.1,7.74,88.29,14.37,9.86,466900
鞍部,25.182586,121.529731,3.61,15.49,2.22,92.57,20.64,11.84,466910
臺北,25.037658,121.514853,3.34,21.09,2.84,79.43,12.93,7.5,466920
竹子湖,25.162078,121.544547,3.62,17.1,1.67,88.29,17.0,10.45,466930
基隆,25.133314,121.740475,2.79,19.69,7.43,86.43,22.01,12.55,466940
花蓮,23.975128,121.613275,2.82,22.26,6.91,83.29,5.8,3.34,466990
新屋,25.006744,121.047486,2.14,18.9,4.14,89.14,8.86,5.07,467050
宜蘭,24.763975,121.756528,3.23,21.23,6.79,85.29,7.21,3.2,467080
金門,24.407306,118.289281,3.02,17.24,14.02,89.71,8.43,6.0,467110
澎湖,23.565503,119.563094,2.52,21.21,7.65,85.86,4.57,3.37,467350
臺南,22.993239,120.204772,2.32,22.69,3.4,75.88,0.88,0.33,467410
永康,23.038386,120.2367,2.62,22.64,5.48,76.88,1.82,1.21,467420
嘉義,23.495925,120.432906,3.09,22.2,12.04,89.43,4.79,3.31,467480
臺中,24.145736,120.684075,2.95,21.96,3.29,76.43,9.01,6.51,467490
阿里山,23.508208,120.813242,3.99,12.44,-17.89,64.0,9.57,5.52,467530
大武,22.355675,120.903789,2.12,23.84,9.03,81.0,0.47,-0.8,467540
玉山,23.487614,120.959522,5.03,5.57,-1.95,73.14,6.93,4.73,467550
新竹,24.827853,121.014219,3.14,20.0,4.41,83.43,11.21,7.09,467571
恆春,22.003897,120.746339,2.62,25.11,7.75,78.71,0.48,0.15,467590
成功,23.097486,121.373428,2.59,22.7,11.54,87.86,5.38,2.89,467610
日月潭,23.881325,120.90805,2.61,18.63,4.71,83.86,9.79,6.85,467650
臺東,22.752211,121.154586,2.51,23.5,8.97,81.57,3.81,2.57,467660
馬祖,26.169269,119.923419,3.2,14.17,9.13,92.57,8.14,3.56,467990
山佳,24.974944,121.402008,3.61,20.9,0.69,82.43,16.43,11.61,C0A520
坪林,24.938183,121.70975,3.75,18.87,-4.64,87.43,11.07,6.51,C0A530
泰平,24.971197,121.823711,3.86,17.99,0.95,95.71,18.71,9.75,C0A550
桶後,24.848222,121.597992,3.44,18.09,-0.61,93.57,14.29,8.54,C0A570
石碇,24.993969,121.662917,3.71,19.59,-2.27,87.57,13.14,8.67,C0A640
大坪,25.165914,121.632969,4.4,18.97,-0.47,90.71,36.14,19.03,C0A860
五指山,25.132153,121.608692,5.46,18.17,-1.17,91.43,21.64,12.88,C0A870
雙溪,25.036003,121.864242,4.55,20.77,-3.68,87.86,16.0,9.02,C0A890
三和,25.233153,121.595236,2.37,18.13,1.23,91.14,31.93,20.98,C0A931
金山,25.223628,121.643967,2.67,18.94,0.06,86.86,18.93,11.02,C0A940
鼻頭角,25.129036,121.923372,3.1,20.21,5.25,91.57,9.14,7.12,C0A950
三貂角,25.007606,122.002058,3.38,20.36,1.73,91.86,12.57,7.35,C0A970
社子,25.109508,121.469681,3.16,20.47,6.06,88.43,10.29,6.35,C0A980
天母,25.117494,121.537169,3.12,20.7,-0.33,77.29,7.93,4.27,C0A9C0
內湖,25.079422,121.57545,3.06,20.69,13.97,95.43,10.79,6.78,C0A9F0
大屯山,25.175675,121.522408,5.08,15.89,1.7,96.0,15.93,10.34,C0AC40
三峽,24.939025,121.369728,4.26,21.86,0.19,83.0,17.86,14.33,C0AC60
信義,25.037822,121.564597,4.48,22.13,0.61,82.86,15.5,12.44,C0AC70
文山,25.00235,121.575728,2.63,20.09,-0.05,84.0,13.29,10.21,C0AC80
新莊,25.051478,121.446756,2.71,20.69,6.16,83.57,10.29,7.46,C0ACA0
八里,25.150211,121.403947,3.29,20.2,10.02,94.86,10.86,7.91,C0AD10
蘆洲,25.086594,121.472331,3.23,21.21,1.61,80.71,9.43,6.97,C0AD30
土城,24.973208,121.445169,3.0,20.47,2.55,84.86,17.29,13.75,C0AD40
鶯歌,24.951533,121.346294,4.24,21.56,1.06,86.14,16.43,13.38,C0AD50
汐止,25.066881,121.658778,2.95,20.16,-2.87,85.57,15.5,10.88,C0AH00
永和,25.01125,121.508111,4.17,22.01,-1.29,79.57,13.79,9.61,C0AH10
五分山,25.07125,121.780794,3.9,17.58,-1.34,92.86,27.43,18.09,C0AH30
平等,25.129142,121.577086,2.89,18.57,-3.6,84.71,10.71,6.96,C0AH40
林口,25.072181,121.38084,2.99,19.31,-1.7,86.43,15.07,10.59,C0AH50
松山,25.04871,121.55042,2.08,21.26,3.38,78.0,13.07,8.45,C0AH70
深坑,25.002703,121.628328,4.04,22.11,-3.51,86.57,13.64,8.66,C0AH80
福山植物園,24.760717,121.58135,1.78,16.37,1.56,94.43,10.07,1.33,C0AH90
五股,25.07445,121.42728,1.8,19.09,-4.94,85.0,11.07,5.13,C0AI00
屈尺,24.92184,121.54475,3.31,21.01,-8.52,78.86,14.86,8.17,C0AI10
白沙灣,25.283128,121.519058,1.14,18.34,9.71,92.71,10.79,5.91,C0AI20
三重,25.057328,121.500629,1.76,21.11,-1.71,83.29,9.86,8.42,C0AI30
石牌,25.115597,121.513139,2.58,21.61,7.38,82.57,8.79,4.66,C0AI40
七堵,25.094819,121.71713,3.34,20.94,-4.81,87.0,19.0,10.31,C0B010
基隆嶼,25.19141,121.78391,2.21,19.2,7.13,96.57,18.14,12.14,C0B020
復興,24.820208,121.352281,3.65,18.5,-3.29,82.14,18.86,13.66,C0C460
桃園,24.992425,121.323172,3.2,20.34,4.28,82.29,15.86,12.06,C0C480
八德,24.928708,121.283289,2.91,19.67,-0.31,81.57,17.64,13.46,C0C490
觀音,25.027072,121.153317,2.67,18.63,9.43,93.57,10.21,6.03,C0C590
蘆竹,25.084275,121.265767,2.32,18.91,5.34,90.14,10.93,7.2,C0C620
大溪,24.882853,121.265547,3.45,19.44,0.64,81.57,21.86,17.97,C0C630
平鎮,24.897503,121.214636,3.54,19.37,-0.62,83.14,12.86,8.98,C0C650
楊梅,24.912375,121.143047,2.78,19.19,-1.51,83.57,12.14,7.03,C0C660
龍潭,24.870056,121.221389,2.89,19.04,-1.74,84.14,23.21,18.35,C0C670
龜山,25.02846,121.38656,2.63,19.59,-5.09,81.29,12.0,6.85,C0C680
中壢,24.977661,121.256375,1.87,19.5,-2.46,82.0,13.93,8.93,C0C700
大溪永福,24.892936,121.324975,2.5,19.43,-1.74,87.57,20.86,13.7,C0C710
梅花,24.678347,121.208558,3.49,18.06,-3.07,85.43,20.0,14.26,C0D360
峨眉,24.6905,121.017189,2.69,19.27,1.62,90.43,17.14,12.91,C0D430
打鐵坑,24.849664,121.150789,2.67,18.33,-0.93,86.57,15.0,11.09,C0D480
橫山,24.71116,121.11693,3.0,19.11,1.5,88.57,20.14,15.44,C0D540
雪霸,24.526972,121.11605,3.1,14.26,-12.69,66.71,21.29,15.13,C0D550
竹東,24.767147,121.057881,3.84,20.17,1.64,80.43,16.86,12.61,C0D560
寶山,24.735006,121.025192,2.92,18.99,3.07,88.0,15.21,10.61,C0D580
新豐,24.87068,120.97721,2.7,18.66,7.58,92.43,10.71,7.18,C0D590
湖口,24.904794,121.043628,2.88,19.4,-4.39,83.29,9.79,6.44,C0D650
新竹市東區,24.798681,120.986942,2.29,19.49,1.5,82.86,11.93,8.58,C0D660
竹南,24.708978,120.888897,3.26,19.79,5.36,87.57,12.57,9.36,C0E420
南庄,24.601775,121.000214,3.11,18.81,0.57,86.57,22.71,17.73,C0E430
明德,24.583486,120.885411,3.07,19.89,-1.57,85.43,12.64,9.74,C0E550
通霄,24.471892,120.704622,2.95,20.17,-1.47,85.71,11.93,9.45,C0E590
馬都安,24.451272,120.930192,3.05,17.84,-0.85,83.0,21.0,16.34,C0E610
頭份,24.688247,120.912206,3.82,20.89,3.14,82.14,12.79,9.42,C0E730
造橋,24.637056,120.864778,2.62,19.5,-1.06,86.43,15.0,12.13,C0E740
苗栗,24.564569,120.824575,3.15,20.37,-4.88,77.0,11.79,9.13,C0E750
銅鑼,24.489681,120.790853,2.22,19.19,-3.11,81.71,11.86,8.7,C0E780
西湖,24.562947,120.7485,3.01,19.6,1.15,88.43,13.14,11.12,C0E810
獅潭,24.539133,120.920042,2.66,18.99,-4.24,86.29,19.21,15.71,C0E820
苑裡,24.439714,120.653053,2.39,20.16,-0.76,83.14,10.21,7.69,C0E830
大河,24.618069,120.948578,0.83,17.97,-3.6,84.43,15.43,10.57,C0E850
高鐵苗栗,24.60725,120.826094,1.64,19.89,5.64,92.43,12.86,7.44,C0E870
石岡,24.276061,120.777644,2.76,20.74,0.11,86.14,12.36,6.87,C0F0B0
中坑,24.248517,120.903319,0.2,17.13,-4.71,83.0,18.5,12.19,C0F0C0
審馬陣,24.381675,121.4203,3.06,7.84,-15.25,63.0,12.29,3.99,C0F0D0
東勢,24.246428,120.833047,2.97,21.01,-0.98,79.29,17.14,14.87,C0F850
大坑,24.173142,120.722289,3.21,22.5,3.16,78.43,9.5,7.74,C0F970
神岡,24.272481,120.658314,2.69,20.31,-6.26,79.71,13.64,11.39,C0F9I0
大安,24.345061,120.588025,2.67,20.34,-2.14,84.43,9.71,8.03,C0F9K0
后里,24.310436,120.729725,3.3,20.96,-5.77,78.71,13.36,11.11,C0F9L0
豐原,24.254322,120.720692,3.73,21.96,-2.39,77.86,15.79,13.2,C0F9M0
大里,24.092464,120.701378,2.17,22.57,9.08,81.43,9.5,8.01,C0F9N0
潭子,24.213106,120.703933,3.31,22.4,2.66,80.71,11.36,9.27,C0F9O0
清水,24.312297,120.562242,2.75,20.7,0.45,84.29,9.86,8.41,C0F9P0
外埔,24.347817,120.705686,2.74,20.46,-2.83,81.71,11.64,9.87,C0F9Q0
龍井,24.184536,120.528972,2.7,21.26,-2.3,81.14,11.07,9.5,C0F9R0
烏日,24.107058,120.624103,2.74,21.99,1.55,76.14,8.07,6.5,C0F9S0
西屯,24.179494,120.641275,2.78,21.47,-0.56,77.29,7.93,6.16,C0F9T0
南屯,24.137006,120.637969,2.33,22.11,1.9,75.43,7.21,5.55,C0F9U0
新社,24.200172,120.815806,2.42,19.99,-4.64,77.86,13.29,10.99,C0F9V0
大雅(中科園區),24.21528,120.62445,1.85,20.67,1.74,81.29,13.21,10.11,C0F9X0
桃山,24.432739,121.303808,4.47,7.94,-14.57,60.71,13.07,3.43,C0F9Y0
雪山東峰,24.388792,121.268675,4.58,8.81,-18.44,56.0,17.0,7.81,C0F9Z0
芬園,24.015678,120.6213,1.56,20.5,9.4,89.43,4.86,3.43,C0G620
員林,23.946503,120.585597,4.55,23.74,-1.85,76.43,5.43,3.63,C0G650
溪湖,23.94835,120.479122,4.14,23.16,13.36,94.86,6.79,5.55,C0G660
溪州,23.851589,120.499093,2.36,21.81,-3.5,76.0,5.5,2.88,C0G720
二林,23.903325,120.376081,2.33,21.24,1.49,88.29,4.64,3.07,C0G730
福興,24.041289,120.437669,2.85,22.0,-0.73,79.0,5.36,3.91,C0G770
秀水,24.03405,120.503869,3.42,22.47,0.45,82.71,6.5,5.08,C0G780
埔鹽,24.000394,120.431683,4.0,22.49,0.41,85.86,4.36,3.31,C0G800
埔心,23.947633,120.525456,3.88,23.11,4.45,82.43,5.43,3.98,C0G810
田尾,23.901669,120.509389,3.0,22.07,2.84,86.86,6.57,5.2,C0G820
埤頭,23.866003,120.452806,2.83,21.71,-6.24,82.86,5.64,4.34,C0G830
社頭,23.897647,120.5862,3.25,23.24,5.8,82.29,6.86,5.08,C0G860
二水,23.810742,120.6173,3.86,23.63,-4.01,78.14,4.57,3.17,C0G880
伸港,24.148933,120.484403,2.64,21.04,-1.24,81.86,7.71,6.48,C0G890
線西,24.143358,120.443536,0.91,20.99,-1.3,83.57,7.29,6.97,C0G900
花壇,24.032076,120.549461,2.68,23.04,4.89,84.14,5.79,5.29,C0G910
埔里,23.972169,120.952425,1.22,20.54,3.48,82.86,8.64,5.12,C0H890
草屯,23.973672,120.68085,2.56,22.19,-0.53,76.86,6.5,5.12,C0H960
昆陽,24.121322,121.273642,4.95,8.54,-21.58,60.57,12.0,8.27,C0H990
神木村,23.532742,120.843667,3.5,16.34,-12.13,71.57,8.79,4.85,C0H9A0
合歡山,24.143442,121.272547,4.72,6.79,-16.54,66.71,22.64,15.16,C0H9C0
廬山,24.033311,121.181808,3.57,16.86,-15.27,63.43,13.71,8.19,C0I010
信義,23.689694,120.851036,1.02,19.59,-0.47,79.86,9.14,5.76,C0I080
竹山,23.761225,120.688156,2.89,21.46,-0.94,83.0,8.07,5.66,C0I110
水里,23.812553,120.849792,1.8,21.26,-3.5,76.57,7.86,4.87,C0I360
魚池,23.895703,120.94135,1.68,19.73,-3.78,80.0,11.07,7.07,C0I370
集集,23.828206,120.801467,1.79,21.6,-2.3,77.43,8.21,4.94,C0I380
仁愛,24.022122,121.132206,1.86,17.17,-8.4,73.57,12.79,6.89,C0I390
名間,23.837053,120.701447,1.67,21.16,0.35,79.57,7.71,5.06,C0I410
國姓,24.037803,120.855072,1.06,20.57,1.43,82.43,10.36,7.84,C0I420
南投,23.911469,120.687331,1.63,21.81,8.01,84.29,6.0,3.04,C0I460
梅峰,24.085272,121.173572,3.91,13.23,-19.16,65.71,15.29,8.05,C0I480
萬大林道,23.928228,121.091411,3.35,16.66,-19.75,64.0,12.79,7.72,C0I490
小奇萊,24.131764,121.295717,3.52,7.84,-21.89,63.86,19.43,-0.35,C0I530
崙背,23.75555,120.318925,1.88,21.21,-0.92,81.86,5.43,2.7,C0K250
四湖,23.630414,120.227125,3.09,21.79,1.74,81.14,5.5,4.15,C0K280
宜梧,23.536281,120.169329,2.74,21.71,1.22,82.57,5.57,4.31,C0K291
虎尾,23.719183,120.442036,3.4,22.17,3.75,82.57,4.64,2.9,C0K330
土庫,23.679029,120.395574,2.31,21.9,-3.49,76.71,4.64,2.07,C0K390
斗六,23.720583,120.541127,2.24,21.89,-5.37,76.43,5.64,2.84,C0K400
北港,23.573957,120.292802,2.3,22.04,-4.27,77.86,5.0,2.96,C0K410
西螺,23.800407,120.467394,2.43,21.93,-1.71,78.29,6.0,3.42,C0K420
褒忠,23.690938,120.303634,2.37,21.7,-1.64,80.29,6.21,3.65,C0K430
二崙,23.772797,120.408944,2.27,21.54,7.41,90.29,4.43,2.25,C0K440
大埤,23.646074,120.431537,2.37,22.14,-2.41,77.71,4.0,1.72,C0K450
斗南,23.678734,120.478359,2.39,22.07,-0.26,78.29,4.43,1.98,C0K460
林內,23.748675,120.609642,2.1,21.7,-2.81,78.71,7.71,4.68,C0K470
莿桐,23.761192,120.502372,2.39,21.79,-4.38,77.57,3.86,1.02,C0K480
元長,23.64981,120.315024,2.34,21.91,1.23,80.43,4.21,1.89,C0K500
水林,23.572924,120.24597,2.42,22.16,1.25,80.43,5.43,3.15,C0K510
臺西,23.701547,120.197559,1.9,21.31,1.75,83.43,2.71,0.45,C0K530
蔦松,23.514319,120.229736,2.09,21.9,1.44,82.14,5.14,3.11,C0K550
棋山,23.68645,120.603417,2.19,21.99,1.07,81.57,6.36,3.48,C0K560
高鐵雲林,23.737456,120.417944,1.21,21.37,-7.65,83.29,4.36,0.48,C0K580
東後寮,23.369908,120.248065,2.15,21.94,1.85,82.43,6.29,4.42,C0M520
奮起湖,23.493903,120.699253,7.96,21.97,-22.93,63.17,0.0,-3.01,C0M530
中埔,23.42538,120.5229,2.27,22.3,-2.83,75.57,5.36,3.51,C0M640
朴子,23.43463,120.23902,1.57,21.49,4.06,82.71,5.86,3.96,C0M650
溪口,23.604131,120.403569,2.31,21.97,-2.85,78.43,4.5,2.46,C0M660
大林,23.600616,120.45841,2.29,22.26,-0.34,76.86,5.64,3.13,C0M670
太保,23.455062,120.331455,1.97,22.19,-1.69,77.86,5.21,3.13,C0M680
水上,23.419734,120.388909,2.25,22.33,4.35,82.57,4.36,2.69,C0M690
竹崎,23.526178,120.555508,2.06,21.93,0.04,80.57,5.86,3.42,C0M700
東石,23.458927,120.15385,1.87,21.6,-1.02,80.43,6.43,4.48,C0M710
番路,23.464657,120.554156,2.26,21.73,1.2,80.57,6.57,4.13,C0M720
嘉義市東區,23.457673,120.460531,2.0,23.07,3.47,77.0,5.93,3.84,C0M730
六腳,23.492871,120.290625,2.1,22.04,-0.09,78.86,7.93,5.79,C0M740
布袋,23.380878,120.167789,2.25,22.09,-1.28,80.14,5.93,3.92,C0M750
民雄,23.551754,120.428457,2.22,22.36,-1.4,77.57,6.86,4.61,C0M760
嘉義梅山,23.585398,120.555587,2.24,21.99,3.33,83.0,5.86,3.31,C0M770
鹿草,23.41134,120.30835,2.38,22.6,2.44,79.29,6.43,4.8,C0M780
新港,23.553269,120.345728,2.1,22.14,-0.14,77.86,5.93,3.73,C0M790
茶山,23.299075,120.664767,1.78,21.67,-0.35,78.0,11.36,9.27,C0M800
里佳,23.389125,120.716647,3.21,18.1,-11.59,70.86,9.36,6.34,C0M810
達邦,23.453994,120.749517,2.55,19.37,-5.47,71.43,6.71,3.38,C0M820
表湖,23.24186,120.64166,0.66,20.31,-3.01,78.57,5.71,3.42,C0M850
北寮,23.079561,120.495008,2.16,22.89,7.46,87.29,2.71,2.15,C0O830
王爺宮,23.222064,120.40085,4.75,24.51,-7.0,76.0,6.93,5.92,C0O840
大內,23.11885,120.36083,3.11,23.99,4.02,84.43,3.43,2.95,C0O860
善化,23.112883,120.297219,3.11,22.89,6.68,88.86,1.36,0.76,C0O900
崎頂,22.959547,120.369317,2.63,23.06,5.21,84.86,2.79,2.34,C0O960
虎頭埤,23.021375,120.347878,2.21,22.63,0.59,81.14,2.07,1.63,C0O970
新市,23.061614,120.298197,2.64,23.49,0.71,81.0,3.07,2.6,C0O980
媽廟,22.99175,120.293525,1.74,22.69,15.25,93.29,2.14,1.63,C0O990
尾寮山,22.833111,120.683889,2.6,18.8,-11.7,76.86,1.79,0.59,C0R100
阿禮,22.742908,120.743678,2.74,19.87,-8.45,73.29,2.5,2.0,C0R130
瑪家,22.682903,120.686639,1.96,20.34,6.39,90.43,1.79,1.12,C0R140
三地門,22.709889,120.639944,2.74,24.7,-16.61,56.29,1.0,0.34,C0R150
鹽埔,22.739558,120.530778,2.08,24.0,0.55,83.0,0.57,0.38,C0R160
赤山,22.592333,120.614306,2.01,24.11,7.2,86.71,0.21,-0.25,C0R190
潮州,22.534361,120.54,2.81,24.6,-1.06,77.57,0.14,-0.4,C0R220
來義,22.527306,120.625111,1.43,23.3,5.71,84.29,0.14,-0.19,C0R240
春日,22.370361,120.628306,0.1,22.66,6.8,82.29,0.21,0.05,C0R260
琉球嶼,22.332244,120.362236,2.03,24.3,0.93,79.43,0.86,0.45,C0R270
車城,22.0744,120.716247,1.98,25.3,3.43,78.43,0.14,0.14,C0R320
牡丹,22.130036,120.792639,1.97,22.76,6.82,93.57,0.29,-0.53,C0R341
貓鼻頭,21.921774,120.7358,2.77,24.94,1.39,82.14,1.29,0.93,C0R350
大漢山,22.405264,120.753181,2.89,15.09,-7.75,89.0,1.71,0.59,C0R440
高樹,22.826389,120.600806,1.94,24.2,-4.43,73.14,0.36,0.12,C0R470
長治,22.693128,120.542622,2.53,24.94,-0.06,77.0,0.36,0.12,C0R480
九如,22.7405,120.490503,2.21,24.5,-3.96,76.71,0.14,-0.01,C0R490
崁頂,22.514781,120.506914,1.56,23.79,-0.34,81.43,0.0,-0.28,C0R520
佳冬,22.419456,120.552375,1.74,24.04,2.52,81.71,0.07,-0.18,C0R540
新埤,22.467947,120.582894,1.48,23.86,-2.96,77.29,0.21,0.0,C0R550
新園,22.5434,120.461558,2.63,24.93,-3.21,74.86,0.0,-0.29,C0R560
麟洛,22.65078,120.52719,2.62,25.19,4.93,80.57,0.0,-0.27,C0R570
南州,22.48591,120.50274,1.43,23.61,5.05,84.14,0.14,-0.13,C0R580
里港,22.77919,120.49459,1.44,23.54,5.11,82.0,0.43,0.26,C0R590
舊泰武,22.588194,120.664944,2.67,20.97,-5.64,83.0,0.36,-0.57,C0R600
墾雷,21.900836,120.855269,1.76,24.53,12.36,92.0,0.21,-0.58,C0R620
東港,22.46247,120.44074,1.24,24.37,2.38,82.0,0.0,0.0,C0R640
竹田,22.58486,120.54344,1.06,24.21,-5.17,78.14,0.07,-0.02,C0R650
枋寮,22.367722,120.590647,1.22,24.16,5.73,85.86,0.36,0.36,C0R660
楓港,22.190131,120.692156,1.43,24.91,1.3,71.43,0.07,0.07,C0R670
佳樂水,21.993578,120.861633,1.65,24.69,4.82,85.57,0.79,-1.59,C0R680
墾丁,21.966756,120.810269,2.24,23.0,1.2,89.57,0.43,-1.07,C0R690
枋山,22.246844,120.661086,2.21,25.66,2.96,72.71,0.0,0.0,C0R700
旭海,22.205403,120.887614,1.51,22.64,13.84,99.71,0.57,-1.18,C0R720
太麻里,22.60902,120.98533,3.26,20.46,2.27,92.14,1.64,-0.28,C0S690
知本,22.684866,121.005642,3.14,20.13,2.27,94.14,0.29,-1.92,C0S700
鹿野,22.917711,121.122994,3.49,20.66,0.64,90.14,3.43,2.04,C0S710
綠島,22.6672,121.47533,3.07,23.36,9.54,98.29,10.93,8.23,C0S730
池上,23.119628,121.209469,3.49,21.34,-0.59,86.29,2.86,1.93,C0S740
大溪山,22.478475,120.943325,2.8,20.8,3.05,93.43,4.21,1.96,C0S770
金崙,22.538122,120.966875,2.58,22.53,4.12,87.57,3.14,1.5,C0S790
東河,22.972672,121.303986,1.82,22.91,5.38,89.0,6.93,5.86,C0S810
長濱,23.286817,121.411975,2.69,21.5,2.0,89.0,2.36,1.21,C0S830
南田,22.279725,120.889208,2.33,24.0,16.43,99.43,1.07,-0.5,C0S840
關山,23.0395,121.175017,2.63,21.86,2.64,88.14,2.21,0.93,C0S890
蘭嶼高中,22.04909,121.51214,1.42,24.51,8.21,87.14,3.79,-6.65,C0S900
蘭嶼燈塔,22.081197,121.503117,2.03,23.5,-1.62,90.0,0.43,-3.29,C0S910
金峰嘉蘭,22.594789,120.960825,1.42,22.76,3.11,85.86,0.21,-0.72,C0S920
延平,22.902581,121.084058,1.55,21.49,1.11,83.86,3.0,2.44,C0S930
石寧山,23.223772,121.406639,1.92,22.04,3.82,91.57,3.5,2.31,C0S940
香蘭,22.587569,120.993375,1.61,23.71,9.18,86.43,1.5,0.88,C0S960
加津林,22.416211,120.926942,1.63,23.8,4.93,83.43,2.29,-2.15,C0S970
勝林山,22.430439,120.8938,1.2,17.63,-0.11,97.14,6.64,3.77,C0S980
山豬窟,22.318619,120.857372,1.74,21.3,1.3,90.43,0.79,-0.09,C0S990
歷坵,22.520969,120.89185,2.25,20.7,-1.89,91.86,0.43,-0.88,C0SA00
檳榔四格山,22.810031,121.109308,1.59,20.73,5.2,92.57,0.79,-0.28,C0SA10
金崙山,22.567419,120.959667,2.31,18.17,-1.77,95.86,4.21,0.96,C0SA20
都歷,23.020333,121.323642,2.2,22.91,18.09,99.71,6.64,5.46,C0SA30
瑞和,22.974361,121.156697,1.63,21.54,12.25,97.0,1.5,-2.81,C0SA40
土坂,22.453108,120.887572,1.64,22.44,3.95,89.57,1.21,-0.98,C0SA80
大禹嶺,24.186117,121.316086,4.57,10.83,-13.18,58.43,18.29,11.87,C0T790
天祥,24.179597,121.495639,3.3,18.96,1.24,86.29,6.36,3.56,C0T820
鯉魚潭,23.935639,121.508944,2.44,19.8,1.72,93.29,6.93,3.26,C0T870
西林,23.8119,121.441458,2.73,21.0,6.96,90.71,5.07,2.85,C0T900
光復,23.660694,121.424964,3.26,21.41,-0.69,89.57,3.5,0.32,C0T960
月眉山,23.809928,121.539828,3.48,19.31,0.71,96.14,6.07,3.04,C0T9A0
水源,23.991861,121.537169,3.44,18.76,-0.43,94.0,11.21,5.2,C0T9B0
和中,24.26676,121.74103,2.84,21.97,12.11,99.71,9.64,6.42,C0T9D0
大坑,23.880628,121.581981,3.39,19.77,1.67,94.71,6.93,2.84,C0T9E0
水璉,23.797131,121.542514,2.63,21.0,4.45,91.71,5.57,2.89,C0T9F0
鳳林山,23.735269,121.420131,2.33,18.83,-1.86,93.57,5.21,0.86,C0T9G0
加路蘭山,23.682947,121.5274,3.45,18.44,2.32,98.71,5.43,0.12,C0T9H0
靜浦,23.455167,121.495028,3.14,21.9,3.34,93.71,6.64,3.47,C0T9M0
雙連埤,24.753033,121.641303,3.32,17.39,-5.13,92.0,9.64,5.11,C0U520
礁溪,24.817539,121.765608,3.62,21.14,-0.21,84.86,7.0,3.01,C0U600
玉蘭,24.675286,121.587061,3.89,18.97,-5.45,84.86,12.36,6.17,C0U650
太平山,24.505486,121.525656,5.18,13.43,-15.39,76.14,9.29,5.27,C0U710
南山,24.43742,121.38167,3.23,15.59,-14.37,83.43,8.5,-0.27,C0U720
東澳,24.52196,121.83318,2.95,21.17,8.36,99.43,8.86,4.19,C0U760
南澳,24.44935,121.81022,2.02,21.41,7.27,87.57,2.86,0.26,C0U770
五結,24.68637,121.79794,2.82,20.99,0.02,85.71,5.43,2.16,C0U780
頭城,24.85323,121.8308,1.23,20.57,5.64,90.86,5.79,0.61,C0U860
大礁溪,24.791042,121.675047,2.37,18.84,-0.02,90.71,10.86,4.31,C0U870
三星,24.66812,121.65302,2.05,20.7,5.41,95.71,8.43,3.75,C0U890
內城,24.71813,121.68766,2.21,21.09,-2.99,86.57,8.71,4.37,C0U900
冬山,24.63373,121.7937,2.47,21.46,12.75,97.57,6.29,1.29,C0U910
羅東,24.68184,121.74934,2.63,21.47,-3.41,85.29,5.71,1.28,C0U940
鶯子嶺,24.89754,121.79244,2.74,15.33,-7.77,91.14,14.14,2.47,C0U950
翠峰湖,24.510856,121.608044,2.13,11.53,-4.27,90.43,8.86,4.92,C0U960
大福,24.80064,121.81389,1.32,20.49,3.48,86.57,5.43,0.57,C0U970
坪林石牌,24.86478,121.77396,2.26,17.56,-2.06,96.0,11.57,4.01,C0U980
員山,24.74435,121.72247,1.82,21.11,1.44,86.71,7.57,3.57,C0U990
土場,24.576533,121.495333,1.65,19.0,-3.17,85.57,8.93,3.32,C0UA00
鴛鴦湖,24.590269,121.412228,2.45,12.97,-5.13,88.0,14.21,5.95,C0UA10
白嶺,24.527819,121.519031,2.78,14.73,-6.87,89.0,9.93,2.34,C0UA30
西德山,24.560647,121.752608,2.27,15.27,-0.96,96.43,8.5,1.11,C0UA40
西帽山,24.555361,121.802628,2.28,16.57,-3.75,93.86,10.58,-5.83,C0UA50
樟樹山,24.41393,121.78325,1.78,18.16,6.96,99.0,4.93,-4.09,C0UA60
桃源谷,24.962606,121.888875,2.44,17.57,0.45,97.57,18.07,6.96,C0UA70
復興,23.222403,120.806089,1.93,20.83,-1.95,72.14,3.36,1.59,C0V210
溪埔,22.738578,120.446797,1.97,23.83,3.64,80.43,0.0,-0.12,C0V350
內門,22.975481,120.466769,2.01,22.79,4.29,81.14,1.93,1.41,C0V360
古亭坑,22.893178,120.401947,2.24,22.53,4.39,83.57,1.57,1.0,C0V370
阿公店,22.804194,120.355528,2.06,22.7,2.37,82.14,0.07,0.01,C0V400
鳳山,22.646653,120.356122,1.61,23.64,11.8,85.14,0.36,0.16,C0V440
鳳森,22.545064,120.392592,1.86,23.93,2.62,78.29,0.0,-0.17,C0V450
新興,22.627422,120.298803,2.46,24.64,1.7,74.71,0.0,-0.18,C0V490
梓官,22.760558,120.267211,2.18,23.63,1.61,78.29,0.07,-0.1,C0V610
永安,22.82315,120.236856,2.05,23.14,0.29,79.43,0.36,0.12,C0V620
茄萣,22.906642,120.182608,2.63,23.43,6.77,81.0,2.21,1.91,C0V630
湖內,22.887139,120.2445,1.69,22.71,0.68,78.86,1.07,0.79,C0V640
彌陀,22.783806,120.246361,2.49,23.87,2.04,79.71,0.0,-0.15,C0V650
岡山,22.797078,120.294958,2.47,24.27,3.07,77.29,0.14,-0.07,C0V660
仁武,22.701083,120.347722,2.5,24.57,0.7,75.57,0.14,-0.07,C0V680
鼓山,22.623325,120.275575,2.02,24.04,3.54,79.71,0.0,-0.31,C0V690
三民,22.645017,120.311233,2.08,24.57,4.84,75.0,0.21,-0.06,C0V700
苓雅,22.622742,120.330669,3.65,25.91,4.55,74.0,1.0,0.84,C0V710
林園,22.507747,120.394511,2.03,25.23,8.21,78.57,0.0,-0.14,C0V720
大寮,22.605614,120.395717,1.72,24.16,9.07,81.14,0.0,-0.2,C0V730
旗山,22.888614,120.483597,2.32,24.07,3.2,77.29,1.07,0.8,C0V740
路竹,22.854997,120.259439,2.64,24.27,1.87,77.71,0.43,0.19,C0V750
橋頭,22.757806,120.30575,2.33,24.33,-1.72,74.71,0.14,-0.01,C0V760
大社,22.730306,120.346639,1.84,23.76,9.29,83.0,1.21,1.06,C0V770
萬山,22.905944,120.688056,1.98,22.7,0.14,74.71,1.07,0.51,C0V790
六龜,22.997889,120.633583,2.1,23.59,3.91,78.57,2.57,1.48,C0V800
左營,22.67491,120.28491,1.78,23.61,-2.2,77.86,0.29,-0.04,C0V810
小林,23.148408,120.63325,1.76,22.5,-0.01,77.43,3.86,1.83,C0V820
東莒,25.9652,119.98069,1.53,13.89,4.61,87.86,7.29,3.04,C0W110
西嶼,23.5626,119.468436,1.4,20.41,4.36,89.0,3.86,1.64,C0W120
花嶼,23.40007,119.32276,0.97,20.87,8.87,89.43,2.0,-0.14,C0W130
金寧,24.457703,118.328989,2.88,18.56,6.44,84.86,4.43,1.64,C0W150
東河,23.296598,120.385608,1.4,21.88,-1.85,78.25,7.86,6.12,C0X050
下營,23.22695,120.256261,1.73,21.96,1.04,80.29,6.71,5.34,C0X060
佳里,23.173039,120.145086,2.56,22.1,5.1,84.43,6.0,5.1,C0X080
臺南市北區,23.010394,120.194228,2.62,23.59,12.12,87.86,1.29,0.8,C0X100
臺南市南區,22.961189,120.188378,2.1,23.46,5.11,80.29,1.5,1.04,C0X110
麻豆,23.183289,120.248611,2.99,23.59,2.0,83.57,4.14,3.37,C0X120
官田,23.193217,120.315422,2.49,23.21,7.95,87.14,6.21,5.41,C0X130
西港,23.125608,120.203108,1.93,22.49,3.0,83.71,2.21,1.4,C0X140
安定,23.102614,120.227839,2.61,22.96,2.34,85.0,1.21,0.64,C0X150
仁德,22.968258,120.257689,2.46,23.66,6.8,82.43,2.07,1.64,C0X160
關廟,22.963017,120.327797,1.1,22.24,9.09,84.71,2.5,2.1,C0X170
山上,23.0757,120.363253,2.33,22.9,2.64,82.86,2.5,1.96,C0X180
安平,22.993161,120.152181,2.37,23.17,0.62,79.57,1.36,0.86,C0X190
左鎮,23.056758,120.408522,2.78,23.01,1.48,82.86,2.07,1.56,C0X200
白河,23.347466,120.414427,2.15,22.54,-0.95,78.43,5.21,3.74,C0X210
學甲,23.230367,120.182187,2.34,22.33,2.19,81.14,6.07,4.68,C0X220
鹽水,23.272621,120.247641,2.39,21.91,1.91,82.43,6.29,4.94,C0X230
關子嶺,23.331169,120.508025,1.82,20.71,4.83,86.86,12.64,10.69,C0X240
新營,23.310689,120.316681,1.8,22.73,2.59,80.14,6.57,4.01,C0X250
後壁,23.366358,120.362326,2.26,22.54,-2.03,78.0,5.43,3.83,C0X260
將軍,23.214999,120.13577,2.16,22.17,-3.05,78.57,4.93,3.92,C0X280
北門,23.267772,120.125481,2.09,22.13,0.2,80.57,6.21,4.5,C0X290
鹿寮,23.386047,120.477331,3.45,23.41,3.36,84.71,6.79,4.81,C0X300
柳營,23.253328,120.375253,1.36,22.77,1.64,78.14,5.93,5.62,C0X320
明里,23.208717,121.262342,3.14,21.51,-2.32,88.29,3.93,3.28,C0Z020
佳心,23.34567,121.21316,3.38,17.74,6.83,95.57,2.0,0.34,C0Z050
玉里,23.3215,121.339656,3.16,22.07,3.8,90.71,2.0,0.4,C0Z061
舞鶴,23.46811,121.37407,3.8,21.1,7.51,98.86,3.21,1.65,C0Z070
富源,23.587642,121.378225,2.85,20.89,-1.67,90.29,3.07,0.52,C0Z080
東華,23.89525,121.549833,2.93,21.93,1.52,90.0,3.0,0.23,C0Z100
吉安光華,23.930925,121.595153,1.69,21.99,-8.33,78.0,4.86,3.92,C0Z150
鳳林,23.746114,121.453411,1.5,21.26,-1.65,84.57,3.71,0.32,C0Z160
卓溪,23.3443,121.3029,0.8,21.3,2.62,85.14,1.5,-0.37,C0Z170
新城,24.03946,121.60454,1.46,21.9,11.94,93.86,9.0,4.96,C0Z180
富世,24.14743,121.6297,1.11,21.56,3.53,89.14,13.07,9.07,C0Z190
萬榮,23.709219,121.420106,1.62,21.01,-5.74,85.71,3.07,0.14,C0Z200
瑞穗,23.5239,121.39021,1.91,21.57,1.82,89.86,3.21,0.51,C0Z210
和平林道,24.343922,121.656317,1.74,18.47,-2.13,89.0,4.36,1.05,C0Z220
和平,24.30717,121.77007,1.11,21.39,5.93,82.0,4.14,-2.1,C0Z230
瑞穗林道,23.49284,121.30688,3.38,18.11,-2.05,94.57,5.21,-0.73,C0Z250
蕃薯寮,23.73835,121.540108,1.7,19.9,0.01,92.57,4.14,-1.27,C0Z270
德武,23.47426,121.41071,1.28,21.04,-0.71,90.29,3.14,-0.01,C0Z280
赤柯山,23.36893,121.38293,1.54,17.04,1.7,97.57,4.21,1.24,C0Z290
東里,23.26853,121.30547,1.86,22.03,-5.03,84.14,2.07,-0.19,C0Z300
清水斷崖,24.218294,121.689142,1.1,21.5,1.06,87.14,13.36,8.62,C0Z310
清水林道,23.27125,121.188272,2.26,18.73,-7.35,82.71,2.79,-2.78,C0Z320
安通山,23.290728,121.348528,2.06,19.64,1.13,92.0,2.29,-1.85,C0Z330
口湖工作站,23.589978,120.180394,1.67,21.37,0.0,77.0,5.75,4.43,12J990
東港工作站,22.479997,120.466058,1.05,24.17,0.69,68.5,0.0,0.0,12Q970
恆春工作站,22.079678,120.714425,1.85,25.12,5.08,72.83,0.08,0.08,12Q980
萬大發電廠,23.978875,121.139639,0.82,17.47,-5.27,77.67,17.75,16.88,42HA10
桃改樹林分場,24.944503,121.386972,0.82,19.57,3.04,82.17,19.42,17.29,72AI40
桃園農改場,24.950944,121.030583,2.42,18.55,8.62,90.67,10.67,6.78,72C440
桃改五峰分場,24.612194,121.157167,3.26,15.97,-1.22,86.83,24.5,18.52,72D080
臺中農改場,24.003028,120.534389,2.69,21.0,7.79,86.67,7.58,5.86,72G600
中改埔里分場,23.903208,120.963364,0.71,18.88,1.65,87.33,14.42,8.98,72HA00
南改斗南分場,23.634556,120.477333,3.06,21.83,3.41,82.5,7.08,5.49,72K220
南改義竹分場,23.360694,120.279361,2.68,21.65,1.01,81.0,5.08,4.05,72M360
南改鹿草分場,23.416869,120.283061,4.21,24.0,-9.4,73.0,0.0,-3.67,72M700
臺南農改場,23.0605,120.342194,1.48,22.02,7.7,85.67,2.17,1.53,72N100
七股研究中心,23.081672,120.062894,1.96,22.65,0.71,82.83,1.67,-0.83,72N240
高雄農改場,22.709333,120.525889,2.06,23.97,6.58,82.33,0.33,-0.06,72Q010
東改班鳩分場,22.829528,121.077694,2.91,21.22,5.82,86.67,2.33,1.11,72S200
東改賓朗果園,22.813889,121.071278,2.32,20.87,0.46,90.0,1.58,0.12,72S590
花蓮農改場,23.975222,121.563889,2.85,21.5,2.92,84.67,8.33,5.61,72T250
花改蘭陽分場,24.686306,121.716583,3.4,20.98,1.16,83.5,9.0,5.58,72U480
高改旗南分場,22.857861,120.516667,1.28,22.97,10.4,81.83,0.33,-0.17,72V140
茶改北部分場,24.955778,121.631222,3.9,18.08,4.69,89.67,15.5,8.27,82A750
茶改場,24.908472,121.185333,2.79,18.33,3.02,86.83,15.42,9.63,82C160
茶改中部分場,23.875611,120.913583,1.26,18.13,2.21,85.67,12.58,9.91,82H320
茶改南部分場,23.762528,120.7405,2.0,19.62,-3.16,84.83,11.75,9.5,82H840
茶改東部分場,22.907694,121.130139,2.64,21.58,3.36,85.0,3.25,2.13,82S580
農工中心,24.985917,121.239833,2.81,18.85,8.51,87.0,15.08,8.86,A2C560
水試臺西試驗場,23.717231,120.190522,3.1,21.35,8.38,87.17,3.83,3.69,A2K360
臺大雲林校區,23.730628,120.423903,1.19,21.05,2.04,82.17,3.42,3.1,A2K630
臺南蘭花園區,23.340258,120.379661,1.02,22.0,5.29,82.67,6.17,6.17,A2N290
畜試北區分所,24.527806,120.770972,1.33,19.08,-1.67,86.83,13.75,7.88,B2E890
畜產試驗所,23.058972,120.336406,2.29,21.98,7.62,85.5,2.58,1.99,B2N890
畜試南區分所,21.945583,120.802167,2.08,24.33,4.2,78.67,0.17,-0.35,B2Q810
畜試東區分所,24.669039,121.832561,2.53,20.67,6.29,93.67,6.83,0.9,B2U990
蓮華池,23.918333,120.885278,1.19,18.48,3.71,88.0,9.17,6.02,E2H360
林試畢祿溪站,24.226944,121.308522,0.96,10.73,-5.21,74.17,22.42,17.92,E2HA20
四湖植物園,23.676986,120.163433,1.17,20.92,9.4,94.33,2.75,-2.03,E2K600
林試六龜中心,22.991703,120.645722,0.73,22.5,5.33,81.33,2.25,1.94,E2P980
林試太麻里2,22.598,120.99775,1.18,23.03,3.25,82.0,1.75,1.0,E2S960
林試太麻里1,22.598922,120.980044,1.51,22.6,4.21,84.83,2.08,1.4,E2S980
農試所(霧峰),24.031261,120.688133,2.49,21.5,8.76,87.0,1.0,-1.04,G2F820
農試嘉義分所,23.485028,120.473806,2.02,21.42,3.02,82.17,6.33,4.7,G2L020
農試溪口農場,23.58565,120.408111,2.72,21.1,5.62,83.75,8.62,7.42,G2M350
農試鳳山分所,22.646611,120.356083,1.77,23.63,-39.36,77.33,0.42,0.0,G2P820
苗栗農改場,24.495722,120.829111,2.58,19.07,3.56,85.67,18.58,15.19,K2E360
苗改生物防治研究中心,24.422861,120.871833,0.42,18.12,-2.15,85.17,17.75,10.16,K2E710
種苗改良場,24.225972,120.800917,2.46,18.9,9.73,88.0,18.58,15.58,K2F750
溪頭,23.670306,120.798194,2.44,16.13,-0.12,88.5,15.0,11.2,U2H480
臺大和社,23.590856,120.888864,0.81,18.6,2.73,82.33,8.0,3.5,U2HA30
臺大內茅埔,23.689722,120.851117,0.42,19.42,0.69,81.5,9.58,4.61,U2HA40
臺大竹山,23.756972,120.681556,1.02,21.35,-5.75,79.33,9.83,5.96,U2HA50
臺大竹山,23.756972,120.681556,1.02,21.35,-5.75,79.33,9.83,5.96,U2HA50
臺大內茅埔,23.689722,120.851117,0.42,19.42,0.69,81.5,9.58,4.61,U2HA40
臺大和社,23.590856,120.888864,0.81,18.6,2.73,82.33,8.0,3.5,U2HA30
臺大溪頭,23.670306,120.798194,2.44,16.13,-0.12,88.5,15.0,11.2,U2H480
種苗繁殖,24.225972,120.800917,2.46,18.9,9.73,88.0,18.58,15.58,K2F750
苗改生物防治研究中心,24.422861,120.871833,0.42,18.12,-2.15,85.17,17.75,10.16,K2E710
苗栗農改,24.495722,120.829111,2.58,19.07,3.56,85.67,18.58,15.19,K2E360
農試鳳山分所,22.646611,120.356083,1.77,23.63,-39.36,77.33,0.42,0.0,G2P820
農試溪口農場,23.58565,120.408111,2.72,21.1,5.62,83.75,8.62,7.42,G2M350
農試嘉義分所,23.485028,120.473806,2.02,21.42,3.02,82.17,6.33,4.7,G2L020
農業試驗所,24.031261,120.688133,2.49,21.5,8.76,87.0,1.0,-1.04,G2F820
林試太麻里1,22.598922,120.980044,1.51,22.6,4.21,84.83,2.08,1.4,E2S980
林試太麻里2,22.598014,120.989761,1.18,23.03,3.25,82.0,1.75,1.0,E2S960
林試六龜中心,22.991703,120.645722,0.73,22.5,5.33,81.33,2.25,1.94,E2P980
四湖植物園,23.676986,120.163433,1.17,20.92,9.4,94.33,2.75,-2.03,E2K600
林試畢祿溪站,24.226944,121.308522,0.96,10.73,-5.21,74.17,22.42,17.92,E2HA20
蓮華池,23.918333,120.885278,1.19,18.48,3.71,88.0,9.17,6.02,E2H360
畜試東區分所,24.669039,121.832561,2.53,20.67,6.29,93.67,6.83,0.9,B2U990
畜試南區分所,21.945583,120.802167,2.08,24.33,4.2,78.67,0.17,-0.35,B2Q810
畜試所,23.058972,120.336406,2.29,21.98,7.62,85.5,2.58,1.99,B2N890
畜試北區分所,24.527806,120.770972,1.33,19.08,-1.67,86.83,13.75,7.88,B2E890
臺南蘭花園區,23.340258,120.379661,1.02,22.0,5.29,82.67,6.17,6.17,A2N290
臺大雲林校區,23.730628,120.423903,1.19,21.05,2.04,82.17,3.42,3.1,A2K630
水試臺西試驗場,23.717231,120.190522,3.1,21.35,8.38,87.17,3.83,3.69,A2K360
農工中心,24.985917,121.239833,2.81,18.85,8.51,87.0,15.08,8.86,A2C560
茶改東部分場,22.907694,121.130139,2.64,21.58,3.36,85.0,3.25,2.13,82S580
茶改南部分場,23.762528,120.7405,2.0,19.62,-3.16,84.83,11.75,9.5,82H840
茶改中部分場,23.875611,120.913583,1.26,18.13,2.21,85.67,12.58,9.91,82H320
茶改場,24.908472,121.185333,2.79,18.33,3.02,86.83,15.42,9.63,82C160
茶改北部分場,24.955778,121.631222,3.9,18.08,4.69,89.67,15.5,8.27,82A750
高改旗南分場,22.857861,120.516667,1.28,22.97,10.4,81.83,0.33,-0.17,72V140
花改蘭陽分場,24.686306,121.716583,3.4,20.98,1.16,83.5,9.0,5.58,72U480
花蓮農改,23.975222,121.563889,2.85,21.5,2.92,84.67,8.33,5.61,72T250
東改賓朗果園,22.813889,121.071278,2.32,20.87,0.46,90.0,1.58,0.12,72S590
東改班鳩分場,22.829528,121.077694,2.91,21.22,5.82,86.67,2.33,1.11,72S200
高雄農改,22.709333,120.525889,2.06,23.97,6.58,82.33,0.33,-0.06,72Q010
七股研究中心,23.081672,120.062894,1.96,22.65,0.71,82.83,1.67,-0.83,72N240
臺南農改,23.0605,120.342194,1.48,22.02,7.7,85.67,2.17,1.53,72N100
南改鹿草分場,23.416869,120.283061,4.21,24.0,-9.4,73.0,0.0,-3.67,72M700
南改義竹分場,23.360694,120.279361,2.68,21.65,1.01,81.0,5.08,4.05,72M360
南改斗南分場,23.634556,120.477333,3.06,21.83,3.41,82.5,7.08,5.49,72K220
中改埔里分場,23.903208,120.963364,0.71,18.88,1.65,87.33,14.42,8.98,72HA00
臺中農改,24.003028,120.534389,2.69,21.0,7.79,86.67,7.58,5.86,72G600
桃改五峰分場,24.612194,121.157167,3.26,15.97,-1.22,86.83,24.5,18.52,72D080
桃園農改,24.950944,121.030583,2.42,18.55,8.62,90.67,10.67,6.78,72C440
桃改樹林分場,24.944503,121.386972,0.82,19.57,3.04,82.17,19.42,17.29,72AI40
萬大發電廠,23.978875,121.139639,0.82,17.47,-5.27,77.67,17.75,16.88,42HA10
恆春工作站,22.079678,120.714425,1.85,25.12,5.08,72.83,0.08,0.08,12Q980
東港工作站,22.479997,120.466058,1.05,24.17,0.69,68.5,0.0,0.0,12Q970
口湖工作站,23.589978,120.180394,1.67,21.37,0.0,77.0,5.75,4.43,12J990
