站名,緯度,經度,平均溫距平,本年度平均溫,平均溼度距平,本年度日均相對溼度,本年度日均降水量,日均降水量距平,站號
淡水,25.164889,121.448906,-0.42,14.7,-3.16,79.67,7.6,3.34,466900
鞍部,25.182586,121.529731,-1.81,8.66,2.81,95.29,17.5,5.37,466910
臺北,25.037658,121.514853,-1.14,15.16,-0.11,78.71,5.73,1.19,466920
竹子湖,25.162078,121.544547,-1.79,10.31,1.97,90.86,14.36,4.35,466930
基隆,25.133314,121.740475,-1.08,14.7,-0.11,79.86,23.5,10.45,466940
花蓮,23.975128,121.613275,-1.58,16.73,1.68,78.0,1.18,-1.21,466990
新屋,25.006744,121.047486,-0.49,14.36,-2.27,77.71,2.23,-1.12,467050
宜蘭,24.763975,121.756528,-1.49,15.06,3.85,84.29,3.73,-2.03,467080
金門,24.407306,118.289281,0.34,13.23,-3.96,70.29,0.25,-1.16,467110
澎湖,23.565503,119.563094,-0.92,15.71,-2.08,78.29,0.58,-0.23,467350
臺南,22.993239,120.204772,-1.25,16.8,-0.71,73.86,0.07,-0.32,467410
永康,23.038386,120.2367,-0.86,16.83,1.13,75.29,0.08,-0.15,467420
嘉義,23.495925,120.432906,-0.86,16.24,4.53,83.14,0.44,-0.19,467480
臺中,24.145736,120.684075,-0.53,16.51,-3.45,72.14,1.17,-0.08,467490
阿里山,23.508208,120.813242,-1.04,5.8,9.45,93.57,6.38,4.16,467530
大武,22.355675,120.903789,-1.77,18.83,2.67,74.0,1.11,0.04,467540
玉山,23.487614,120.959522,-1.12,-1.81,-2.49,68.14,7.29,5.44,467550
新竹,24.827853,121.014219,-0.62,14.77,-2.03,78.29,1.66,-1.37,467571
恆春,22.003897,120.746339,-1.36,19.87,0.87,71.86,0.45,-0.16,467590
成功,23.097486,121.373428,-1.6,17.44,3.62,79.29,2.58,-0.28,467610
日月潭,23.881325,120.90805,-1.22,13.27,11.77,90.0,2.38,0.93,467650
臺東,22.752211,121.154586,-1.54,18.27,2.03,74.29,0.82,-0.39,467660
馬祖,26.169269,119.923419,0.05,9.77,-1.41,80.86,2.93,0.77,467990
山佳,24.974944,121.402008,-0.26,15.41,-1.42,80.86,6.71,2.21,C0A520
坪林,24.938183,121.70975,-1.0,12.61,-4.99,88.57,9.07,3.78,C0A530
泰平,24.971197,121.823711,-1.07,11.61,0.81,96.29,29.07,14.5,C0A550
桶後,24.848222,121.597992,-0.71,12.34,-3.85,91.71,14.64,7.75,C0A570
石碇,24.993969,121.662917,-0.75,13.26,-2.55,89.14,10.93,5.1,C0A640
大坪,25.165914,121.632969,-0.85,12.37,2.79,94.86,55.79,30.04,C0A860
五指山,25.132153,121.608692,-0.25,11.07,2.18,95.86,22.64,11.28,C0A870
雙溪,25.036003,121.864242,-0.29,14.69,-4.03,88.57,20.21,8.25,C0A890
三和,25.233153,121.595236,-0.6,12.41,1.13,87.43,42.0,20.13,C0A931
金山,25.223628,121.643967,0.64,15.76,-1.91,84.0,18.21,7.59,C0A940
鼻頭角,25.129036,121.923372,-0.81,15.31,0.54,83.29,10.14,6.03,C0A950
三貂角,25.007606,122.002058,-1.07,14.74,-1.49,85.29,12.14,3.74,C0A970
社子,25.109508,121.469681,-0.28,15.64,2.75,84.14,3.14,-0.13,C0A980
天母,25.117494,121.537169,-1.27,15.0,-2.89,73.14,2.36,-0.2,C0A9C0
內湖,25.079422,121.57545,-1.33,14.93,9.74,91.14,2.79,-0.33,C0A9F0
大屯山,25.175675,121.522408,-0.61,8.7,4.02,98.43,8.79,1.82,C0AC40
三峽,24.939025,121.369728,0.3,16.16,-2.19,81.71,7.5,2.26,C0AC60
信義,25.037822,121.564597,-0.31,15.99,1.35,83.86,6.0,1.72,C0AC70
文山,25.00235,121.575728,-1.07,14.61,-4.68,81.43,7.5,2.63,C0AC80
新莊,25.051478,121.446756,-1.4,15.03,2.37,79.29,4.29,0.74,C0ACA0
八里,25.150211,121.403947,-1.26,14.51,3.68,85.71,5.79,2.28,C0AD10
蘆洲,25.086594,121.472331,-0.85,15.76,-0.81,76.86,3.57,0.74,C0AD30
土城,24.973208,121.445169,-0.68,15.04,-0.6,82.57,7.64,2.82,C0AD40
鶯歌,24.951533,121.346294,0.11,15.73,-7.2,77.67,5.43,0.77,C0AD50
汐止,25.066881,121.658778,-0.86,14.47,1.52,90.0,12.29,3.95,C0AH00
永和,25.01125,121.508111,0.45,15.93,1.89,80.86,6.36,1.42,C0AH10
五分山,25.07125,121.780794,1.88,12.06,1.07,96.4,34.1,11.48,C0AH30
平等,25.129142,121.577086,-1.08,11.99,-3.18,84.57,5.79,0.7,C0AH40
林口,25.072181,121.38084,-0.65,12.84,-0.61,86.71,5.5,2.5,C0AH50
松山,25.04871,121.55042,-0.39,15.16,-3.71,69.29,4.86,0.41,C0AH70
深坑,25.002703,121.628328,1.67,15.7,-5.35,85.29,8.5,2.22,C0AH80
福山植物園,24.760717,121.58135,0.02,10.69,3.6,96.71,9.21,3.27,C0AH90
五股,25.07445,121.42728,-3.07,12.81,-5.48,84.29,4.36,3.44,C0AI00
屈尺,24.92184,121.54475,-1.28,14.9,-12.24,74.43,11.14,8.5,C0AI10
白沙灣,25.283128,121.519058,-1.86,14.37,-2.68,83.43,4.79,3.04,C0AI20
三重,25.057328,121.500629,-1.12,15.37,-0.95,79.71,3.64,2.64,C0AI30
石牌,25.115597,121.513139,-1.66,16.17,6.27,77.71,2.64,1.92,C0AI40
七堵,25.094819,121.71713,-0.78,15.54,-5.21,83.57,21.79,14.65,C0B010
基隆嶼,25.19141,121.78391,-2.07,14.04,5.49,91.71,15.36,11.83,C0B020
復興,24.820208,121.352281,-0.95,12.47,-3.48,81.43,6.21,2.13,C0C460
桃園,24.992425,121.323172,-1.07,14.46,-0.04,79.71,5.5,0.8,C0C480
八德,24.928708,121.283289,-0.79,13.91,-4.13,80.14,6.21,0.71,C0C490
觀音,25.027072,121.153317,-1.1,13.63,-2.61,80.71,3.93,-0.73,C0C590
蘆竹,25.084275,121.265767,-1.19,13.69,1.76,84.43,5.0,0.15,C0C620
大溪,24.882853,121.265547,-1.19,13.3,0.49,83.14,5.07,0.68,C0C630
平鎮,24.897503,121.214636,-0.93,13.29,-1.5,83.43,4.43,-0.17,C0C650
楊梅,24.912375,121.143047,-0.49,13.54,-1.92,79.71,5.0,0.31,C0C660
龍潭,24.870056,121.221389,0.14,12.93,1.61,85.43,5.64,1.54,C0C670
龜山,25.02846,121.38656,0.56,13.67,-2.81,81.86,5.21,0.86,C0C680
中壢,24.977661,121.256375,-0.19,13.54,-1.23,81.14,4.64,1.05,C0C700
大溪永福,24.892936,121.324975,-1.24,14.19,-0.98,84.86,7.14,5.67,C0C710
梅花,24.678347,121.208558,-0.86,12.23,-0.67,87.29,5.43,1.61,C0D360
峨眉,24.6905,121.017189,-0.25,14.34,-3.44,83.57,3.64,0.45,C0D430
打鐵坑,24.849664,121.150789,-1.21,12.89,-5.02,84.0,3.79,-0.45,C0D480
橫山,24.71116,121.11693,-1.33,13.09,0.31,88.14,3.79,0.11,C0D540
雪霸,24.526972,121.11605,-1.79,6.87,6.69,87.86,5.36,0.91,C0D550
竹東,24.767147,121.057881,-0.23,14.44,-1.59,77.86,2.21,-0.97,C0D560
寶山,24.735006,121.025192,-0.64,13.93,-1.28,83.57,2.64,-1.01,C0D580
新豐,24.87068,120.97721,-0.81,13.5,0.2,85.14,1.71,-1.44,C0D590
湖口,24.904794,121.043628,-0.35,13.99,-4.78,78.0,1.64,-0.88,C0D650
新竹市東區,24.798681,120.986942,-0.11,14.0,-0.58,76.57,1.5,0.29,C0D660
竹南,24.708978,120.888897,0.11,15.16,-1.12,80.86,1.43,-0.82,C0E420
南庄,24.601775,121.000214,-0.92,13.23,4.53,90.43,4.5,0.79,C0E430
明德,24.583486,120.885411,-0.13,14.64,-4.35,80.57,2.57,0.55,C0E550
通霄,24.471892,120.704622,-0.83,14.4,-1.47,82.29,0.79,-0.22,C0E590
馬都安,24.451272,120.930192,-1.47,11.34,1.38,87.57,1.07,-1.63,C0E610
頭份,24.688247,120.912206,0.01,15.5,-2.77,76.71,1.5,-0.9,C0E730
造橋,24.637056,120.864778,-0.63,14.43,-3.6,81.29,1.36,-0.82,C0E740
苗栗,24.564569,120.824575,-0.78,14.37,-0.82,79.43,1.43,-0.37,C0E750
銅鑼,24.489681,120.790853,-0.97,13.7,8.38,92.33,2.07,0.49,C0E780
西湖,24.562947,120.7485,-0.55,14.14,-1.11,83.29,0.79,-0.37,C0E810
獅潭,24.539133,120.920042,-0.64,13.34,-4.58,84.29,3.0,0.44,C0E820
苑裡,24.439714,120.653053,-1.19,14.39,1.1,79.43,0.43,-0.42,C0E830
大河,24.618069,120.948578,-1.64,12.2,-3.17,82.0,3.86,1.9,C0E850
高鐵苗栗,24.60725,120.826094,-0.06,14.54,5.31,86.71,1.07,0.4,C0E870
石岡,24.276061,120.777644,0.81,15.53,-0.06,84.86,0.86,0.29,C0F0B0
中坑,24.248517,120.903319,-1.06,11.66,5.33,91.0,1.64,0.4,C0F0C0
審馬陣,24.381675,121.4203,-0.92,0.31,22.05,99.57,4.71,1.16,C0F0D0
東勢,24.246428,120.833047,0.36,15.41,-0.78,81.0,2.21,0.95,C0F850
大坑,24.173142,120.722289,0.61,17.17,-1.07,75.0,1.07,0.22,C0F970
神岡,24.272481,120.658314,-0.91,14.2,-8.05,79.0,0.43,-0.74,C0F9I0
大安,24.345061,120.588025,-1.27,14.34,-2.4,81.71,0.43,-0.15,C0F9K0
后里,24.310436,120.729725,-0.14,14.96,-5.08,79.14,0.29,-0.94,C0F9L0
豐原,24.254322,120.720692,0.46,15.9,-2.19,78.0,0.43,-0.79,C0F9M0
大里,24.092464,120.701378,-0.54,17.11,1.31,74.0,1.21,0.12,C0F9N0
潭子,24.213106,120.703933,-0.24,16.09,0.71,78.86,1.43,0.57,C0F9O0
清水,24.312297,120.562242,-1.31,14.51,0.96,82.14,0.43,-0.2,C0F9P0
外埔,24.347817,120.705686,-0.07,15.29,-4.61,79.43,0.57,-0.52,C0F9Q0
龍井,24.184536,120.528972,-1.05,15.26,-4.96,78.14,0.29,-0.44,C0F9R0
烏日,24.107058,120.624103,-0.47,16.2,-2.61,72.14,1.21,0.44,C0F9S0
西屯,24.179494,120.641275,-0.66,15.39,-1.89,75.71,1.21,0.65,C0F9T0
南屯,24.137006,120.637969,-0.81,16.31,-1.64,71.86,0.14,-0.55,C0F9U0
新社,24.200172,120.815806,-0.42,13.91,1.85,87.0,1.36,-0.15,C0F9V0
大雅(中科園區),24.21528,120.62445,-0.29,14.56,1.16,79.57,0.57,0.15,C0F9X0
桃山,24.432739,121.303808,-1.3,0.14,22.38,94.86,1.21,0.14,C0F9Y0
雪山東峰,24.388792,121.268675,-1.31,0.83,18.86,90.0,1.29,-0.12,C0F9Z0
芬園,24.015678,120.6213,-1.01,15.11,2.68,83.71,1.14,0.47,C0G620
員林,23.946503,120.585597,1.23,18.34,-4.87,73.29,0.79,-0.19,C0G650
溪湖,23.94835,120.479122,0.82,17.37,10.56,90.57,0.43,-0.16,C0G660
溪州,23.851589,120.499093,0.18,15.87,-2.93,73.71,0.93,0.42,C0G720
二林,23.903325,120.376081,-0.1,15.21,0.48,83.57,0.36,0.22,C0G730
福興,24.041289,120.437669,-0.62,15.99,-3.7,74.71,1.43,0.93,C0G770
秀水,24.03405,120.503869,-0.01,16.67,0.58,80.43,0.71,0.26,C0G780
埔鹽,24.000394,120.431683,0.17,16.39,-0.37,81.43,0.64,0.22,C0G800
田尾,23.901669,120.509389,-0.22,16.31,1.08,83.57,0.93,0.26,C0G820
埤頭,23.866003,120.452806,-0.72,15.73,-18.28,68.0,0.71,0.33,C0G830
社頭,23.897647,120.5862,-0.2,17.16,5.95,81.71,0.64,-0.34,C0G860
二水,23.810742,120.6173,1.4,18.6,0.12,81.43,1.07,0.55,C0G880
伸港,24.148933,120.484403,-1.18,14.99,-2.66,77.86,0.21,-0.44,C0G890
線西,24.143358,120.443536,-1.55,14.96,-3.03,79.86,0.29,0.01,C0G900
花壇,24.032076,120.549461,-0.13,16.48,8.92,85.14,0.5,0.28,C0G910
埔里,23.972169,120.952425,0.63,16.29,4.26,84.57,2.43,0.97,C0H890
草屯,23.973672,120.68085,-0.68,16.16,-2.3,75.71,1.07,0.04,C0H960
昆陽,24.121322,121.273642,-1.51,0.83,19.87,99.0,2.57,1.09,C0H990
神木村,23.532742,120.843667,-0.71,10.56,8.65,91.71,4.64,2.64,C0H9A0
合歡山,24.143442,121.272547,-0.42,0.1,14.38,100.0,9.71,6.2,C0H9C0
廬山,24.033311,121.181808,-1.21,10.63,14.54,90.71,5.14,2.13,C0I010
信義,23.689694,120.851036,-0.13,14.7,7.56,89.0,2.14,0.95,C0I080
竹山,23.761225,120.688156,-0.77,15.79,2.59,87.43,1.64,0.6,C0I110
水里,23.812553,120.849792,-0.02,15.54,2.75,84.86,2.64,1.8,C0I360
魚池,23.895703,120.94135,0.54,15.11,0.8,85.29,3.43,1.96,C0I370
集集,23.828206,120.801467,-0.13,15.69,3.84,86.0,2.21,1.15,C0I380
仁愛,24.022122,121.132206,0.22,12.5,10.1,89.86,4.43,1.93,C0I390
名間,23.837053,120.701447,-0.14,15.33,-0.05,80.57,0.93,-0.05,C0I410
國姓,24.037803,120.855072,0.26,15.87,1.51,83.71,1.64,0.6,C0I420
南投,23.911469,120.687331,0.29,16.47,3.18,80.0,1.5,0.72,C0I460
梅峰,24.085272,121.173572,0.11,6.8,13.6,96.0,5.36,2.22,C0I480
萬大林道,23.928228,121.091411,-0.57,10.04,10.04,90.57,4.43,2.2,C0I490
小奇萊,24.131764,121.295717,-0.29,0.54,16.15,100.0,6.43,1.32,C0I530
奇萊稜線,24.109231,121.326456,0.21,-0.35,16.81,100.0,0.0,-0.75,C0I540
崙背,23.75555,120.318925,0.18,15.79,-4.59,74.14,0.5,0.22,C0K250
四湖,23.630414,120.227125,-0.67,16.03,-2.49,74.29,0.5,-0.06,C0K280
宜梧,23.536281,120.169329,-0.94,15.74,-1.83,76.57,0.64,0.18,C0K291
虎尾,23.719183,120.442036,-0.9,16.01,2.89,80.0,1.21,0.56,C0K330
土庫,23.679029,120.395574,0.21,15.96,0.19,78.14,1.0,0.56,C0K390
斗六,23.720583,120.541127,0.12,15.99,-5.58,75.29,0.71,-0.04,C0K400
北港,23.573957,120.292802,-0.16,15.7,-4.46,75.14,0.86,0.45,C0K410
西螺,23.800407,120.467394,0.16,15.83,-1.9,77.14,0.93,0.35,C0K420
褒忠,23.690938,120.303634,-0.07,15.53,-4.95,74.14,0.64,0.14,C0K430
二崙,23.772797,120.408944,-0.11,15.39,4.3,84.57,0.57,0.23,C0K440
大埤,23.646074,120.431537,0.03,15.93,-2.11,76.29,0.79,0.32,C0K450
斗南,23.678734,120.478359,0.07,15.84,0.0,78.0,0.57,-0.03,C0K460
林內,23.748675,120.609642,0.09,15.89,-0.51,80.29,1.21,0.2,C0K470
莿桐,23.761192,120.502372,0.08,15.67,-2.84,77.0,1.21,0.76,C0K480
元長,23.64981,120.315024,-0.01,15.71,0.25,77.14,1.43,1.0,C0K500
水林,23.572924,120.24597,0.01,15.89,-0.92,76.14,0.79,0.5,C0K510
臺西,23.701547,120.197559,-0.44,15.27,0.92,79.14,0.5,0.23,C0K530
蔦松,23.514319,120.229736,-0.13,15.77,-0.57,77.86,0.79,0.52,C0K550
棋山,23.68645,120.603417,0.2,16.03,2.23,83.71,1.5,0.56,C0K560
高鐵雲林,23.737456,120.417944,-0.41,15.64,-6.3,80.0,1.0,0.61,C0K580
東後寮,23.369908,120.248065,-0.06,15.84,-0.37,78.43,0.36,0.11,C0M520
奮起湖,23.493903,120.699253,4.45,17.02,-7.86,77.17,0.0,-1.29,C0M530
中埔,23.42538,120.5229,-0.14,15.67,0.31,80.0,0.36,-0.29,C0M640
朴子,23.43463,120.23902,-0.73,15.26,2.46,79.29,0.64,0.29,C0M650
溪口,23.604131,120.403569,0.08,15.87,-3.71,76.0,0.64,0.08,C0M660
大林,23.600616,120.45841,0.14,16.14,-1.1,75.43,1.21,0.6,C0M670
太保,23.455062,120.331455,-0.29,15.91,-3.2,75.29,0.36,0.02,C0M680
水上,23.419734,120.388909,0.09,16.17,3.74,81.14,0.36,0.08,C0M690
竹崎,23.526178,120.555508,0.08,15.86,1.51,82.43,0.71,0.19,C0M700
東石,23.458927,120.15385,-0.32,15.66,-4.2,75.0,0.71,0.39,C0M710
番路,23.464657,120.554156,-0.08,15.2,4.04,85.29,0.5,-0.2,C0M720
嘉義市東區,23.457673,120.460531,0.06,17.0,2.02,75.57,0.29,-0.03,C0M730
六腳,23.492871,120.290625,-0.18,15.83,-1.11,76.0,0.79,0.39,C0M740
布袋,23.380878,120.167789,-0.13,15.86,-3.24,75.71,0.5,0.19,C0M750
民雄,23.551754,120.428457,-0.01,16.16,-2.27,75.57,0.64,0.2,C0M760
嘉義梅山,23.585398,120.555587,0.04,15.66,2.75,83.29,0.57,0.07,C0M770
鹿草,23.41134,120.30835,0.03,16.19,0.55,76.29,0.43,0.14,C0M780
新港,23.553269,120.345728,-0.18,15.86,-0.2,76.29,0.71,0.28,C0M790
茶山,23.299075,120.664767,0.56,16.89,5.61,86.14,1.5,0.61,C0M800
里佳,23.389125,120.716647,0.79,12.57,4.82,87.57,3.93,2.5,C0M810
達邦,23.453994,120.749517,0.83,14.59,9.21,86.86,3.93,2.72,C0M820
表湖,23.24186,120.64166,-0.5,14.84,8.14,88.71,1.29,0.82,C0M850
北寮,23.079561,120.495008,-0.31,16.83,6.65,88.71,1.07,0.77,C0O830
王爺宮,23.222064,120.40085,1.56,17.94,-7.93,76.57,0.07,-0.4,C0O840
大內,23.11885,120.36083,0.5,17.96,2.52,83.43,0.07,-0.17,C0O860
善化,23.112883,120.297219,-0.66,16.93,2.09,85.14,0.0,-0.4,C0O900
崎頂,22.959547,120.369317,-0.13,16.67,5.78,87.14,1.0,0.87,C0O960
虎頭埤,23.021375,120.347878,-0.61,16.47,1.05,82.86,0.29,0.11,C0O970
新市,23.061614,120.298197,0.17,17.57,-1.52,77.86,0.07,-0.16,C0O980
媽廟,22.99175,120.293525,-0.68,16.83,9.89,89.14,0.21,0.07,C0O990
尾寮山,22.833111,120.683889,-0.91,13.84,2.41,89.0,2.14,1.57,C0R100
阿禮,22.742908,120.743678,-0.06,14.56,7.67,84.71,0.71,0.31,C0R130
瑪家,22.682903,120.686639,-0.76,14.86,13.32,96.43,0.57,0.21,C0R140
三地門,22.709889,120.639944,-0.92,18.81,-6.03,67.43,1.36,0.89,C0R150
鹽埔,22.739558,120.530778,-0.39,18.2,3.35,85.0,2.21,1.75,C0R160
赤山,22.592333,120.614306,-0.1,18.84,10.79,89.71,0.5,0.34,C0R190
潮州,22.534361,120.54,-0.05,19.57,0.22,77.86,0.64,0.38,C0R220
來義,22.527306,120.625111,-0.82,17.89,9.99,90.71,0.43,0.23,C0R240
琉球嶼,22.332244,120.362236,-1.8,18.61,-1.4,75.71,0.14,-0.28,C0R270
車城,22.0744,120.716247,-1.13,19.56,5.1,75.43,0.07,0.07,C0R320
牡丹,22.130036,120.792639,-1.09,16.99,9.44,92.0,0.86,0.8,C0R341
貓鼻頭,21.921774,120.7358,-1.32,19.67,3.56,77.0,0.07,-0.19,C0R350
大漢山,22.405264,120.753181,0.81,9.46,0.81,97.14,1.64,1.25,C0R440
高樹,22.826389,120.600806,-0.4,18.5,1.87,79.29,1.86,1.46,C0R470
長治,22.693128,120.542622,0.19,19.26,2.71,81.14,1.43,1.28,C0R480
九如,22.7405,120.490503,0.05,18.94,-4.98,77.29,1.71,1.4,C0R490
崁頂,22.514781,120.506914,-0.55,18.61,-1.9,78.43,0.43,0.28,C0R520
佳冬,22.419456,120.552375,-0.37,18.83,2.31,80.57,0.07,-0.1,C0R540
新埤,22.467947,120.582894,-0.48,18.71,-2.33,76.71,0.07,-0.09,C0R550
新園,22.5434,120.461558,0.25,19.27,-4.97,71.86,0.71,0.55,C0R560
麟洛,22.65078,120.52719,0.66,19.97,6.06,81.57,1.21,1.01,C0R570
南州,22.48591,120.50274,-0.83,18.3,3.1,80.57,0.86,0.74,C0R580
里港,22.77919,120.49459,-0.5,18.21,2.17,79.29,1.43,1.17,C0R590
舊泰武,22.588194,120.664944,-0.68,15.11,6.54,92.14,0.86,0.46,C0R600
墾雷,21.900836,120.855269,-1.13,19.5,12.56,88.43,0.57,-0.86,C0R620
東港,22.46247,120.44074,-2.12,19.01,1.01,77.29,0.5,0.08,C0R640
竹田,22.58486,120.54344,-1.87,19.01,-1.49,77.29,0.64,0.62,C0R650
枋寮,22.367722,120.590647,-0.23,19.09,9.22,84.0,0.0,0.0,C0R660
楓港,22.190131,120.692156,-1.71,19.36,5.37,69.14,0.07,0.07,C0R670
佳樂水,21.993578,120.861633,-1.73,19.41,5.98,80.43,3.14,0.2,C0R680
墾丁,21.966756,120.810269,-1.05,17.51,3.06,85.29,0.43,-0.35,C0R690
枋山,22.246844,120.661086,-1.09,19.41,7.62,74.29,0.0,0.0,C0R700
旭海,22.205403,120.887614,-1.9,17.03,20.08,97.86,3.29,-0.44,C0R720
下馬,23.150427,121.070312,2.81,15.9,9.67,96.0,6.0,6.0,C0S660
太麻里,22.60902,120.98533,-1.4,14.71,5.52,87.86,0.86,-0.83,C0S690
知本,22.684866,121.005642,-1.42,14.5,6.92,93.14,1.14,-0.62,C0S700
鹿野,22.917711,121.122994,-1.47,14.46,7.08,90.86,1.71,0.54,C0S710
綠島,22.6672,121.47533,-1.48,17.77,13.27,93.71,4.07,-3.0,C0S730
池上,23.119628,121.209469,-1.61,14.9,4.67,90.0,1.43,0.58,C0S740
向陽,23.248397,120.986133,4.82,11.4,5.0,95.0,13.5,10.81,C0S750
大溪山,22.478475,120.943325,-1.53,15.37,3.67,88.0,2.29,0.19,C0S770
金崙,22.538122,120.966875,-1.97,16.84,5.65,84.43,0.71,-0.95,C0S790
東河,22.972672,121.303986,-3.4,16.67,0.56,77.33,0.0,-2.68,C0S810
長濱,23.286817,121.411975,-2.19,15.69,5.41,84.86,2.0,-0.3,C0S830
南田,22.279725,120.889208,-2.1,18.69,20.27,97.71,2.07,0.79,C0S840
關山,23.0395,121.175017,-0.59,15.71,2.83,87.71,2.57,2.06,C0S890
蘭嶼高中,22.04909,121.51214,-2.5,19.73,7.22,80.0,6.57,1.24,C0S900
蘭嶼燈塔,22.081197,121.503117,-2.63,18.09,3.29,88.57,4.93,1.23,C0S910
金峰嘉蘭,22.594789,120.960825,-1.39,17.2,7.94,85.71,1.07,0.24,C0S920
延平,22.902581,121.084058,-1.23,15.74,7.41,86.86,2.86,2.69,C0S930
石寧山,23.223772,121.406639,-1.69,16.19,9.73,89.29,2.71,2.16,C0S940
七塊厝,22.954453,121.229922,0.01,15.9,14.11,100.0,14.0,13.94,C0S950
香蘭,22.587569,120.993375,-2.02,17.6,6.89,77.0,0.0,-2.5,C0S960
加津林,22.416211,120.926942,-1.18,18.66,6.03,77.14,1.07,-1.37,C0S970
勝林山,22.430439,120.8938,-2.06,11.44,4.73,99.29,4.0,3.67,C0S980
山豬窟,22.318619,120.857372,-1.88,15.39,8.22,88.0,2.29,1.95,C0S990
歷坵,22.520969,120.89185,-0.99,14.81,5.87,93.43,1.29,0.73,C0SA00
檳榔四格山,22.810031,121.109308,-1.39,14.96,8.75,91.86,1.07,0.85,C0SA10
金崙山,22.567419,120.959667,-1.03,12.14,2.75,95.86,2.57,0.96,C0SA20
都歷,23.020333,121.323642,-1.2,17.44,24.08,96.86,1.36,1.3,C0SA30
瑞和,22.974361,121.156697,-0.86,15.8,12.73,96.29,2.57,2.07,C0SA40
土坂,22.453108,120.887572,-0.96,17.0,7.65,88.43,1.93,1.87,C0SA80
大禹嶺,24.186117,121.316086,-1.4,3.23,13.6,87.86,3.93,0.11,C0T790
天祥,24.179597,121.495639,-1.32,13.01,5.32,88.71,1.07,-1.2,C0T820
鯉魚潭,23.935639,121.508944,-1.64,14.46,4.11,94.14,4.93,1.87,C0T870
西林,23.8119,121.441458,-1.34,15.09,7.39,92.57,3.0,0.39,C0T900
光復,23.660694,121.424964,-1.16,15.59,0.13,89.43,1.71,-0.8,C0T960
月眉山,23.809928,121.539828,-1.43,13.17,2.62,96.29,4.86,1.06,C0T9A0
水源,23.991861,121.537169,-1.83,12.44,5.22,96.14,6.86,1.88,C0T9B0
和中,24.26676,121.74103,-2.06,16.11,15.19,97.0,1.36,-2.38,C0T9D0
大坑,23.880628,121.581981,-1.91,13.47,3.52,94.0,4.14,0.29,C0T9E0
水璉,23.797131,121.542514,-2.56,14.74,8.05,91.57,3.64,0.25,C0T9F0
鳳林山,23.735269,121.420131,-3.1,12.33,0.83,96.71,3.36,-0.27,C0T9G0
加路蘭山,23.682947,121.5274,-2.15,11.66,3.45,99.86,9.71,2.59,C0T9H0
靜浦,23.455167,121.495028,-1.62,15.93,5.95,90.29,6.71,1.24,C0T9M0
富里,23.171639,121.249378,1.97,18.1,14.11,100.0,11.0,10.89,C0T9N0
雙連埤,24.753033,121.641303,-2.03,11.03,-0.95,95.71,9.43,3.28,C0U520
礁溪,24.817539,121.765608,-1.49,14.93,2.97,85.86,6.07,0.86,C0U600
玉蘭,24.675286,121.587061,-1.6,12.06,0.54,89.43,12.0,5.1,C0U650
太平山,24.505486,121.525656,-1.84,4.8,4.75,95.86,7.86,3.15,C0U710
南山,24.43742,121.38167,-2.99,7.97,2.55,97.71,3.14,2.06,C0U720
東澳,24.52196,121.83318,-2.71,14.86,12.13,97.57,17.57,8.93,C0U760
南澳,24.44935,121.81022,-2.34,15.6,7.3,80.86,3.43,-0.16,C0U770
五結,24.68637,121.79794,-1.71,14.53,3.49,85.86,6.36,-1.16,C0U780
頭城,24.85323,121.8308,-0.72,15.04,6.13,87.86,7.0,4.28,C0U860
大礁溪,24.791042,121.675047,-0.52,11.99,4.84,94.29,7.71,3.05,C0U870
三星,24.66812,121.65302,-0.73,14.19,6.1,94.29,4.29,1.08,C0U890
內城,24.71813,121.68766,-0.51,14.66,1.75,88.71,4.64,1.38,C0U900
冬山,24.63373,121.7937,-0.47,15.09,14.65,95.43,10.93,7.54,C0U910
羅東,24.68184,121.74934,-0.19,14.91,0.91,86.43,3.36,0.41,C0U940
鶯子嶺,24.89754,121.79244,-0.28,8.24,-3.26,95.14,16.79,7.25,C0U950
翠峰湖,24.510856,121.608044,-0.73,3.94,-0.18,96.75,4.79,1.34,C0U960
大福,24.80064,121.81389,-0.85,14.74,1.74,83.57,4.14,1.16,C0U970
坪林石牌,24.86478,121.77396,-0.17,11.01,-1.62,95.71,9.64,4.74,C0U980
員山,24.74435,121.72247,-0.72,14.84,4.53,88.14,4.36,1.1,C0U990
土場,24.576533,121.495333,-0.44,12.79,-1.07,88.86,1.86,-0.4,C0UA00
鴛鴦湖,24.590269,121.412228,-0.4,5.43,3.03,99.29,10.14,3.88,C0UA10
白嶺,24.527819,121.519031,-0.75,6.7,2.1,99.43,11.93,6.19,C0UA30
西德山,24.560647,121.752608,-3.0,7.99,1.96,99.57,11.86,6.25,C0UA40
西帽山,24.555361,121.802628,-2.6,9.66,-1.11,96.14,36.79,27.12,C0UA50
樟樹山,24.41393,121.78325,-2.54,11.76,8.73,98.43,6.43,2.19,C0UA60
桃源谷,24.962606,121.888875,-0.74,10.86,-0.14,96.14,42.0,25.67,C0UA70
復興,23.222403,120.806089,0.25,16.63,7.95,82.71,3.57,2.85,C0V210
溪埔,22.738578,120.446797,-1.55,16.95,0.48,77.5,0.4,0.21,C0V350
內門,22.975481,120.466769,0.55,17.84,3.89,82.71,0.79,0.58,C0V360
古亭坑,22.893178,120.401947,-0.99,16.89,4.92,85.29,0.86,0.52,C0V370
阿公店,22.804194,120.355528,-0.82,16.77,-0.16,81.0,0.86,0.67,C0V400
鳳山,22.646653,120.356122,-1.01,17.67,11.54,84.71,1.5,1.33,C0V440
鳳森,22.545064,120.392592,-0.52,18.39,2.87,76.14,0.71,0.65,C0V450
新興,22.627422,120.298803,-1.03,18.31,1.86,73.86,1.29,1.14,C0V490
梓官,22.760558,120.267211,-0.67,17.44,0.3,76.0,0.29,0.2,C0V610
永安,22.82315,120.236856,-0.84,16.97,-1.03,76.29,0.36,0.29,C0V620
茄萣,22.906642,120.182608,-0.6,16.94,4.9,77.57,0.21,0.02,C0V630
湖內,22.887139,120.2445,-0.95,16.76,-1.27,75.57,0.36,0.31,C0V640
彌陀,22.783806,120.246361,-0.4,17.74,0.4,77.14,0.5,0.41,C0V650
岡山,22.797078,120.294958,-0.33,18.04,0.13,74.57,0.71,0.59,C0V660
仁武,22.701083,120.347722,-0.61,18.1,1.52,76.29,1.79,1.58,C0V680
鼓山,22.623325,120.275575,-0.78,17.91,2.94,78.0,1.5,1.27,C0V690
三民,22.645017,120.311233,-0.78,18.39,6.33,76.0,1.43,1.22,C0V700
苓雅,22.622742,120.330669,-0.04,18.87,10.4,79.0,1.07,0.91,C0V710
林園,22.507747,120.394511,-0.19,19.86,5.14,73.86,0.64,0.41,C0V720
大寮,22.605614,120.395717,-0.74,18.34,6.78,78.29,1.64,1.55,C0V730
旗山,22.888614,120.483597,-0.01,18.17,3.98,79.86,1.57,1.34,C0V740
路竹,22.854997,120.259439,-0.33,17.84,1.44,76.57,0.29,0.17,C0V750
橋頭,22.757806,120.30575,-0.54,18.04,-1.35,74.57,0.71,0.61,C0V760
大社,22.730306,120.346639,-0.89,17.53,4.24,78.43,1.43,1.33,C0V770
萬山,22.905944,120.688056,0.5,18.14,5.4,81.57,1.5,0.99,C0V790
六龜,22.997889,120.633583,0.62,19.07,9.71,85.86,2.07,1.59,C0V800
左營,22.67491,120.28491,-0.44,17.27,-3.13,77.43,1.14,0.97,C0V810
小林,23.148408,120.63325,-1.69,17.2,19.64,88.14,1.07,1.07,C0V820
東莒,25.9652,119.98069,1.1,10.64,-1.87,74.71,0.79,0.56,C0W110
西嶼,23.5626,119.468436,-0.88,15.11,-3.83,80.71,0.79,0.3,C0W120
花嶼,23.40007,119.32276,-0.78,15.79,0.5,79.86,0.14,0.1,C0W130
金寧,24.457703,118.328989,0.13,13.56,-3.29,67.71,0.0,-0.22,C0W150
東河,23.296598,120.385608,-0.02,16.3,-4.39,76.14,0.07,-0.37,C0X050
下營,23.22695,120.256261,0.12,16.21,-3.91,75.29,0.21,-0.32,C0X060
佳里,23.173039,120.145086,-1.11,16.2,0.91,78.71,0.29,-0.04,C0X080
臺南市北區,23.010394,120.194228,-0.73,16.83,8.37,83.71,0.0,-0.21,C0X100
臺南市南區,22.961189,120.188378,-0.93,17.13,2.76,77.43,0.07,-0.14,C0X110
麻豆,23.183289,120.248611,-0.19,17.01,2.81,83.43,0.0,-0.35,C0X120
官田,23.193217,120.315422,-0.39,17.0,0.65,79.71,0.07,-0.29,C0X130
西港,23.125608,120.203108,-1.08,16.14,3.65,82.57,0.14,-0.33,C0X140
安定,23.102614,120.227839,-0.6,16.36,2.52,84.29,0.07,-0.53,C0X150
仁德,22.968258,120.257689,-0.23,17.57,3.9,79.57,0.14,0.02,C0X160
關廟,22.963017,120.327797,-1.32,16.36,6.24,82.57,0.21,0.1,C0X170
山上,23.0757,120.363253,-0.38,16.74,-0.75,81.43,0.36,0.13,C0X180
安平,22.993161,120.152181,-0.95,16.57,-3.06,75.86,0.0,-0.18,C0X190
左鎮,23.056758,120.408522,0.61,17.36,-0.89,81.57,0.21,0.02,C0X200
白河,23.347466,120.414427,-0.09,16.21,-1.02,77.71,0.14,-0.3,C0X210
學甲,23.230367,120.182187,-0.09,15.9,0.58,78.0,0.43,0.2,C0X220
鹽水,23.272621,120.247641,-0.11,15.74,-0.33,79.71,0.29,0.02,C0X230
關子嶺,23.331169,120.508025,0.17,14.63,5.97,91.57,0.43,-0.29,C0X240
新營,23.310689,120.316681,0.31,16.24,1.64,78.29,0.21,-0.07,C0X250
後壁,23.366358,120.362326,0.07,16.17,-2.1,76.57,0.29,0.02,C0X260
將軍,23.214999,120.13577,-0.38,15.67,-1.69,76.29,0.14,-0.08,C0X280
北門,23.267772,120.125481,-0.49,15.69,-0.19,78.14,0.36,0.12,C0X290
鹿寮,23.386047,120.477331,0.09,16.1,3.3,85.86,0.21,-0.39,C0X300
柳營,23.253328,120.375253,-0.22,16.77,-1.92,74.86,0.0,0.0,C0X320
明里,23.208717,121.262342,-1.39,15.09,3.24,92.57,0.0,-0.74,C0Z020
佳心,23.34567,121.21316,-1.77,11.26,8.37,99.0,1.43,0.15,C0Z050
玉里,23.3215,121.339656,-1.94,15.21,7.25,95.14,2.36,1.1,C0Z061
舞鶴,23.46811,121.37407,-1.46,14.43,9.0,100.0,1.5,-0.09,C0Z070
富源,23.587642,121.378225,-1.23,14.43,2.19,94.0,2.0,0.0,C0Z080
東華,23.89525,121.549833,-0.62,16.23,0.55,89.14,1.0,-0.43,C0Z100
吉安光華,23.930925,121.595153,-0.38,16.47,-7.78,75.0,1.36,-0.81,C0Z150
鳳林,23.746114,121.453411,-0.73,15.43,0.48,85.14,1.21,-0.45,C0Z160
卓溪,23.3443,121.3029,-1.33,15.1,5.82,88.86,1.0,0.57,C0Z170
新城,24.03946,121.60454,-1.02,16.22,0.98,78.83,0.42,-1.32,C0Z180
富世,24.14743,121.6297,-0.94,16.11,2.87,84.57,1.86,-1.64,C0Z190
萬榮,23.709219,121.420106,-0.57,15.24,-4.02,86.57,1.29,0.16,C0Z200
瑞穗,23.5239,121.39021,-0.39,15.34,4.92,92.14,1.71,0.62,C0Z210
和平林道,24.343922,121.656317,-0.84,12.1,0.18,89.14,1.0,-0.26,C0Z220
和平,24.30717,121.77007,-1.32,15.7,3.29,75.29,4.64,0.29,C0Z230
瑞穗林道,23.49284,121.30688,0.48,11.03,2.79,99.57,6.64,2.98,C0Z250
蕃薯寮,23.73835,121.540108,-0.87,13.86,5.36,90.86,5.21,1.07,C0Z270
德武,23.47426,121.41071,-1.2,14.69,2.98,93.43,2.14,1.42,C0Z280
赤柯山,23.36893,121.38293,-1.03,10.4,3.61,99.57,6.43,4.58,C0Z290
東里,23.26853,121.30547,-0.79,15.29,-0.07,89.86,1.79,0.95,C0Z300
清水斷崖,24.218294,121.689142,-1.3,15.73,2.58,84.43,0.29,-0.81,C0Z310
清水林道,23.27125,121.188272,-2.22,12.4,3.62,93.29,4.5,2.67,C0Z320
安通山,23.290728,121.348528,-3.47,12.67,7.78,97.0,3.43,2.6,C0Z330
口湖工作站,23.589978,120.180394,-2.08,15.82,-3.39,71.33,0.17,0.09,12J990
東港工作站,22.479997,120.466058,-2.01,19.05,-0.17,65.17,0.75,0.67,12Q970
恆春工作站,22.079678,120.714425,-2.08,19.93,0.94,66.83,0.0,0.0,12Q980
萬大發電廠,23.978875,121.139639,-1.52,13.28,8.12,85.0,5.08,5.08,42HA10
桃改樹林分場,24.944503,121.386972,-0.69,14.88,-0.83,76.83,6.17,3.5,72AI40
桃園農改場,24.950944,121.030583,-0.14,14.63,-5.09,79.5,2.42,-0.8,72C440
桃改五峰分場,24.612194,121.157167,-0.98,9.95,-0.66,88.5,6.0,1.79,72D080
臺中農改場,24.003028,120.534389,-0.58,15.93,-1.63,77.83,0.75,-0.13,72G600
中改埔里分場,23.903208,120.963364,-1.33,14.68,11.78,91.83,4.25,4.25,72HA00
南改斗南分場,23.634556,120.477333,-0.21,16.58,-2.94,78.0,1.67,0.88,72K220
南改義竹分場,23.360694,120.279361,-0.9,15.98,-3.29,77.0,0.42,0.02,72M360
南改鹿草分場,23.416869,120.283061,-2.13,16.15,-1.78,76.33,0.58,0.56,72M700
臺南農改場,23.0605,120.342194,-1.1,16.48,1.85,81.83,0.17,-0.07,72N100
七股研究中心,23.081672,120.062894,-2.53,16.18,-1.69,78.67,0.17,0.08,72N240
高雄農改場,22.709333,120.525889,-0.97,18.67,4.88,82.83,1.58,1.23,72Q010
東改班鳩分場,22.829528,121.077694,-1.31,16.03,1.38,80.83,1.5,0.42,72S200
東改賓朗果園,22.813889,121.071278,-2.04,15.72,-3.03,84.33,1.5,0.45,72S590
花蓮農改場,23.975222,121.563889,-1.21,16.15,1.4,83.17,3.83,1.75,72T250
花改蘭陽分場,24.686306,121.716583,-0.9,15.17,-1.93,82.0,2.58,-2.75,72U480
高改旗南分場,22.857861,120.516667,-1.54,17.7,7.1,80.17,1.92,1.7,72V140
茶改北部分場,24.955778,121.631222,-0.52,12.35,-0.47,87.33,12.42,4.25,82A750
茶改場,24.908472,121.185333,-0.75,13.37,-2.74,83.0,5.92,1.1,82C160
茶改中部分場,23.875611,120.913583,-2.14,13.12,7.49,91.17,3.17,1.85,82H320
茶改南部分場,23.762528,120.7405,-1.32,14.23,2.43,90.83,2.67,1.79,82H840
茶改東部分場,22.907694,121.130139,-2.76,15.05,-4.06,76.75,0.12,-0.81,82S580
農工中心,24.985917,121.239833,-0.56,14.17,-0.35,80.5,5.75,1.68,A2C560
水試臺西試驗場,23.717231,120.190522,-0.8,15.8,-1.08,81.17,0.92,0.85,A2K360
臺大雲林校區,23.730628,120.423903,-0.15,15.85,-0.39,77.17,1.17,1.17,A2K630
臺南蘭花園區,23.340258,120.379661,0.02,16.63,1.39,78.17,0.08,0.08,A2N290
畜試北區分所,24.527806,120.770972,0.16,14.13,-2.54,82.17,1.33,0.59,B2E890
畜產試驗所,23.058972,120.336406,-1.1,16.32,1.44,82.0,0.33,0.04,B2N890
畜試南區分所,21.945583,120.802167,-1.91,19.3,-0.04,73.5,0.5,-0.19,B2Q810
畜試東區分所,24.669039,121.832561,-0.71,15.15,7.44,88.33,3.5,1.33,B2U990
蓮華池,23.918333,120.885278,-1.4,14.13,5.22,91.33,2.5,1.11,E2H360
林試畢祿溪站,24.226944,121.308522,0.66,6.77,15.89,89.0,5.25,4.42,E2HA20
四湖植物園,23.676986,120.163433,-1.82,15.93,5.07,85.5,0.58,0.58,E2K600
林試六龜中心,22.991703,120.645722,0.56,17.72,14.11,87.0,1.83,1.83,E2P980
林試太麻里2,22.598,120.99775,-0.88,18.22,2.17,75.83,0.67,-1.17,E2S960
林試太麻里1,22.598922,120.980044,-0.91,17.43,4.83,80.17,0.83,-0.22,E2S980
農試所(霧峰),24.031261,120.688133,-0.61,16.5,0.47,80.33,1.33,0.41,G2F820
農試嘉義分所,23.485028,120.473806,-1.14,15.85,-1.88,79.33,0.25,-0.23,G2L020
農試鳳山分所,22.646611,120.356083,-1.78,17.88,2.91,75.83,1.58,1.25,G2P820
苗栗農改場,24.495722,120.829111,-0.91,13.82,-1.14,83.0,2.42,0.24,K2E360
苗改生物防治研究中心,24.422861,120.871833,-1.39,13.18,-3.38,81.17,1.0,0.32,K2E710
種苗改良場,24.225972,120.800917,-0.47,13.97,3.61,84.5,1.67,-0.03,K2F750
溪頭,23.670306,120.798194,-1.31,11.18,10.3,97.33,5.42,3.81,U2H480
臺大和社,23.590856,120.888864,-1.52,14.0,17.33,91.83,1.58,1.58,U2HA30
臺大內茅埔,23.689722,120.851117,-2.58,14.53,16.06,90.0,2.33,2.33,U2HA40
臺大竹山,23.756972,120.681556,-0.08,15.83,-3.06,81.17,1.83,0.78,U2HA50
臺大竹山,23.756972,120.681556,-0.08,15.83,-3.06,81.17,1.83,0.78,U2HA50
臺大內茅埔,23.689722,120.851117,-2.58,14.53,16.06,90.0,2.33,2.33,U2HA40
臺大和社,23.590856,120.888864,-1.52,14.0,17.33,91.83,1.58,1.58,U2HA30
臺大溪頭,23.670306,120.798194,-1.31,11.18,10.3,97.33,5.42,3.81,U2H480
種苗繁殖,24.225972,120.800917,-0.47,13.97,3.61,84.5,1.67,-0.03,K2F750
苗改生物防治研究中心,24.422861,120.871833,-1.39,13.18,-3.38,81.17,1.0,0.32,K2E710
苗栗農改,24.495722,120.829111,-0.91,13.82,-1.14,83.0,2.42,0.24,K2E360
農試鳳山分所,22.646611,120.356083,-1.78,17.88,2.91,75.83,1.58,1.25,G2P820
農試嘉義分所,23.485028,120.473806,-1.14,15.85,-1.88,79.33,0.25,-0.23,G2L020
農業試驗所,24.031261,120.688133,-0.61,16.5,0.47,80.33,1.33,0.41,G2F820
林試太麻里1,22.598922,120.980044,-0.91,17.43,4.83,80.17,0.83,-0.22,E2S980
林試太麻里2,22.598014,120.989761,-0.88,18.22,2.17,75.83,0.67,-1.17,E2S960
林試六龜中心,22.991703,120.645722,0.56,17.72,14.11,87.0,1.83,1.83,E2P980
四湖植物園,23.676986,120.163433,-1.82,15.93,5.07,85.5,0.58,0.58,E2K600
林試畢祿溪站,24.226944,121.308522,0.66,6.77,15.89,89.0,5.25,4.42,E2HA20
蓮華池,23.918333,120.885278,-1.4,14.13,5.22,91.33,2.5,1.11,E2H360
畜試東區分所,24.669039,121.832561,-0.71,15.15,7.44,88.33,3.5,1.33,B2U990
畜試南區分所,21.945583,120.802167,-1.91,19.3,-0.04,73.5,0.5,-0.19,B2Q810
畜試所,23.058972,120.336406,-1.1,16.32,1.44,82.0,0.33,0.04,B2N890
畜試北區分所,24.527806,120.770972,0.16,14.13,-2.54,82.17,1.33,0.59,B2E890
臺南蘭花園區,23.340258,120.379661,0.02,16.63,1.39,78.17,0.08,0.08,A2N290
臺大雲林校區,23.730628,120.423903,-0.15,15.85,-0.39,77.17,1.17,1.17,A2K630
水試臺西試驗場,23.717231,120.190522,-0.8,15.8,-1.08,81.17,0.92,0.85,A2K360
農工中心,24.985917,121.239833,-0.56,14.17,-0.35,80.5,5.75,1.68,A2C560
茶改東部分場,22.907694,121.130139,-2.76,15.05,-4.06,76.75,0.12,-0.81,82S580
茶改南部分場,23.762528,120.7405,-1.32,14.23,2.43,90.83,2.67,1.79,82H840
茶改中部分場,23.875611,120.913583,-2.14,13.12,7.49,91.17,3.17,1.85,82H320
茶改場,24.908472,121.185333,-0.75,13.37,-2.74,83.0,5.92,1.1,82C160
茶改北部分場,24.955778,121.631222,-0.52,12.35,-0.47,87.33,12.42,4.25,82A750
高改旗南分場,22.857861,120.516667,-1.54,17.7,7.1,80.17,1.92,1.7,72V140
花改蘭陽分場,24.686306,121.716583,-0.9,15.17,-1.93,82.0,2.58,-2.75,72U480
花蓮農改,23.975222,121.563889,-1.21,16.15,1.4,83.17,3.83,1.75,72T250
東改賓朗果園,22.813889,121.071278,-2.04,15.72,-3.03,84.33,1.5,0.45,72S590
東改班鳩分場,22.829528,121.077694,-1.31,16.03,1.38,80.83,1.5,0.42,72S200
高雄農改,22.709333,120.525889,-0.97,18.67,4.88,82.83,1.58,1.23,72Q010
七股研究中心,23.081672,120.062894,-2.53,16.18,-1.69,78.67,0.17,0.08,72N240
臺南農改,23.0605,120.342194,-1.1,16.48,1.85,81.83,0.17,-0.07,72N100
南改鹿草分場,23.416869,120.283061,-2.13,16.15,-1.78,76.33,0.58,0.56,72M700
南改義竹分場,23.360694,120.279361,-0.9,15.98,-3.29,77.0,0.42,0.02,72M360
南改斗南分場,23.634556,120.477333,-0.21,16.58,-2.94,78.0,1.67,0.88,72K220
中改埔里分場,23.903208,120.963364,-1.33,14.68,11.78,91.83,4.25,4.25,72HA00
臺中農改,24.003028,120.534389,-0.58,15.93,-1.63,77.83,0.75,-0.13,72G600
桃改五峰分場,24.612194,121.157167,-0.98,9.95,-0.66,88.5,6.0,1.79,72D080
桃園農改,24.950944,121.030583,-0.14,14.63,-5.09,79.5,2.42,-0.8,72C440
桃改樹林分場,24.944503,121.386972,-0.69,14.88,-0.83,76.83,6.17,3.5,72AI40
萬大發電廠,23.978875,121.139639,-1.52,13.28,8.12,85.0,5.08,5.08,42HA10
恆春工作站,22.079678,120.714425,-2.08,19.93,0.94,66.83,0.0,0.0,12Q980
東港工作站,22.479997,120.466058,-2.01,19.05,-0.17,65.17,0.75,0.67,12Q970
口湖工作站,23.589978,120.180394,-2.08,15.82,-3.39,71.33,0.17,0.09,12J990
