站名,緯度,經度,平均溫距平,本年度平均溫,平均溼度距平,本年度日均相對溼度,本年度日均降水量,日均降水量距平,站號
淡水,25.164889,121.448906,0.19,16.4,-8.34,71.5,1.11,-1.87,466900
鞍部,25.182586,121.529731,-1.16,9.75,2.95,94.5,3.46,-7.03,466910
臺北,25.037658,121.514853,-0.18,16.96,-5.53,70.62,1.78,-1.43,466920
竹子湖,25.162078,121.544547,-0.79,11.82,-0.56,86.5,2.56,-5.56,466930
基隆,25.133314,121.740475,0.16,16.89,-6.38,71.0,3.46,-8.17,466940
花蓮,23.975128,121.613275,-0.13,18.48,-2.25,72.12,0.73,-1.46,466990
新屋,25.006744,121.047486,-0.99,16.5,-9.19,70.38,0.96,-3.36,467050
宜蘭,24.763975,121.756528,-0.84,16.21,1.4,80.75,2.08,-5.78,467080
金門,24.407306,118.289281,0.8,14.75,-9.78,60.62,0.0,-1.54,467110
澎湖,23.565503,119.563094,-0.39,17.16,-1.63,76.0,1.06,0.43,467350
臺南,22.993239,120.204772,-0.42,17.76,-0.46,73.62,0.58,-0.31,467410
永康,23.038386,120.2367,-0.21,17.69,2.41,76.0,0.65,-0.22,467420
嘉義,23.495925,120.432906,-0.32,17.0,5.16,82.0,2.26,1.35,467480
臺中,24.145736,120.684075,0.03,17.58,-1.85,71.88,1.76,0.74,467490
阿里山,23.508208,120.813242,-0.62,6.31,6.06,85.12,4.64,1.77,467530
大武,22.355675,120.903789,-0.81,19.92,0.01,69.62,0.72,-0.38,467540
玉山,23.487614,120.959522,0.51,1.41,3.59,57.0,14.39,11.9,467550
新竹,24.827853,121.014219,0.45,16.86,-6.74,70.5,1.26,-1.27,467571
恆春,22.003897,120.746339,-0.75,20.65,-0.24,68.62,0.38,-0.17,467590
成功,23.097486,121.373428,-0.23,19.01,-0.97,72.38,0.36,-1.95,467610
日月潭,23.881325,120.90805,-0.2,14.45,7.29,83.5,3.32,1.59,467650
臺東,22.752211,121.154586,-0.66,19.23,0.89,71.12,0.48,-0.62,467660
馬祖,26.169269,119.923419,0.59,11.75,-4.19,74.38,0.0,-1.11,467990
山佳,24.974944,121.402008,0.3,17.06,-9.64,74.38,2.25,-0.91,C0A520
坪林,24.938183,121.70975,-0.97,13.2,-11.01,82.0,2.5,-1.84,C0A530
泰平,24.971197,121.823711,-0.32,12.82,-1.97,93.62,5.56,-9.86,C0A550
桶後,24.848222,121.597992,-0.47,13.2,-1.57,93.0,2.81,-2.68,C0A570
石碇,24.993969,121.662917,-0.38,14.7,-8.73,81.75,2.31,-4.34,C0A640
大坪,25.165914,121.632969,0.15,14.05,-4.74,89.0,8.5,-18.81,C0A860
五指山,25.132153,121.608692,0.49,12.28,-0.07,94.5,3.56,-6.02,C0A870
雙溪,25.036003,121.864242,1.08,16.46,-7.25,85.62,2.75,-9.37,C0A890
三和,25.233153,121.595236,-1.51,14.86,-5.8,81.25,5.75,-10.35,C0A931
金山,25.223628,121.643967,1.21,17.31,-14.66,70.75,3.5,-5.17,C0A940
鼻頭角,25.129036,121.923372,0.09,17.23,-4.91,76.12,2.0,-1.83,C0A950
三貂角,25.007606,122.002058,-0.26,16.51,-10.87,78.5,3.81,-3.38,C0A970
社子,25.109508,121.469681,0.62,17.62,-3.48,75.25,1.31,-1.06,C0A980
天母,25.117494,121.537169,-0.13,16.99,-9.97,66.38,1.19,-1.0,C0A9C0
內湖,25.079422,121.57545,-0.19,16.85,2.89,84.0,1.31,-1.29,C0A9F0
大屯山,25.175675,121.522408,-0.09,9.38,2.68,99.25,3.31,-4.41,C0AC40
三峽,24.939025,121.369728,0.8,17.74,-9.6,73.0,2.25,-2.81,C0AC60
信義,25.037822,121.564597,0.72,17.67,-7.17,74.25,1.81,-2.76,C0AC70
文山,25.00235,121.575728,-0.57,16.1,-10.45,75.12,1.94,-2.85,C0AC80
新莊,25.051478,121.446756,-0.58,16.89,-8.31,67.75,1.56,-2.72,C0ACA0
八里,25.150211,121.403947,-0.18,16.9,-3.47,75.75,0.88,-3.53,C0AD10
蘆洲,25.086594,121.472331,-0.16,17.54,-8.0,68.12,1.31,-2.43,C0AD30
土城,24.973208,121.445169,-0.19,16.62,-4.97,76.38,2.25,-1.07,C0AD40
鶯歌,24.951533,121.346294,0.55,17.34,-6.11,77.38,2.0,-2.4,C0AD50
汐止,25.066881,121.658778,-0.71,16.58,-12.45,73.38,2.5,-5.12,C0AH00
永和,25.01125,121.508111,-0.79,17.59,0.86,72.62,1.88,-1.83,C0AH10
五分山,25.07125,121.780794,-2.38,11.71,-3.03,94.62,6.12,-7.35,C0AH30
平等,25.129142,121.577086,-3.06,13.51,-9.97,78.5,1.88,-5.88,C0AH40
林口,25.072181,121.38084,-1.92,14.92,-10.02,80.25,1.31,-5.46,C0AH50
松山,25.04871,121.55042,-1.87,17.0,-12.47,60.5,0.25,-6.98,C0AH70
深坑,25.002703,121.628328,-1.19,16.5,-5.94,78.62,2.19,-3.5,C0AH80
福山植物園,24.760717,121.58135,-3.16,11.46,1.33,96.88,3.75,-8.15,C0AH90
五股,25.07445,121.42728,-3.65,14.91,-13.05,77.0,1.38,0.15,C0AI00
屈尺,24.92184,121.54475,-2.59,16.33,-13.25,68.5,2.69,1.04,C0AI10
白沙灣,25.283128,121.519058,-0.61,16.62,-15.2,75.0,0.56,-7.34,C0AI20
三重,25.057328,121.500629,-3.03,17.1,-3.53,72.88,1.31,1.31,C0AI30
石牌,25.115597,121.513139,-2.36,17.9,-1.35,69.5,1.12,0.3,C0AI40
七堵,25.094819,121.71713,-1.16,17.61,-12.75,75.5,3.31,-4.56,C0B010
基隆嶼,25.19141,121.78391,-2.08,16.31,-3.42,84.62,3.56,-0.44,C0B020
復興,24.820208,121.352281,-0.3,14.04,-5.03,75.75,2.06,-1.57,C0C460
桃園,24.992425,121.323172,-0.12,16.31,-5.38,71.38,2.5,-1.66,C0C480
八德,24.928708,121.283289,-0.97,15.8,-9.58,71.25,2.19,-2.73,C0C490
觀音,25.027072,121.153317,-0.14,15.69,-6.47,74.0,1.25,-3.15,C0C590
蘆竹,25.084275,121.265767,-0.99,16.08,-4.49,75.62,1.31,-3.66,C0C620
大溪,24.882853,121.265547,-0.05,15.21,-4.57,74.75,2.19,-1.6,C0C630
平鎮,24.897503,121.214636,0.09,15.19,-6.48,75.62,1.75,-2.38,C0C650
楊梅,24.912375,121.143047,-1.5,15.59,-5.22,71.88,1.75,-3.06,C0C660
龍潭,24.870056,121.221389,-1.64,14.7,-1.02,79.5,2.06,-3.3,C0C670
龜山,25.02846,121.38656,-1.4,15.28,-8.75,74.75,2.12,-6.34,C0C680
中壢,24.977661,121.256375,-1.71,15.68,-8.79,71.88,1.62,-6.44,C0C700
大溪永福,24.892936,121.324975,-1.39,16.02,-9.78,76.62,2.44,1.44,C0C710
梅花,24.678347,121.208558,-0.59,12.98,-1.78,84.62,2.69,0.85,C0D360
峨眉,24.6905,121.017189,-0.42,15.69,-8.49,78.5,2.31,-2.11,C0D430
打鐵坑,24.849664,121.150789,-0.34,14.61,-9.72,77.0,1.69,-2.39,C0D480
橫山,24.71116,121.11693,-0.91,14.29,-1.03,84.0,2.94,-0.9,C0D540
雪霸,24.526972,121.11605,-0.32,8.56,-5.52,72.38,2.0,-2.92,C0D550
竹東,24.767147,121.057881,0.73,16.31,-5.35,71.25,1.81,-1.65,C0D560
寶山,24.735006,121.025192,0.41,15.74,-6.15,76.62,2.06,-1.9,C0D580
新豐,24.87068,120.97721,0.08,15.58,-5.22,77.62,1.31,-2.28,C0D590
湖口,24.904794,121.043628,-2.03,15.23,-8.35,70.75,1.5,-2.2,C0D650
新竹市東區,24.798681,120.986942,-1.38,16.11,-7.45,69.88,1.25,-3.74,C0D660
竹南,24.708978,120.888897,0.62,16.77,-6.79,73.12,1.38,-0.55,C0E420
南庄,24.601775,121.000214,-0.72,13.96,4.04,89.38,2.56,-0.22,C0E430
明德,24.583486,120.885411,-0.28,16.19,-10.31,75.62,1.81,-1.56,C0E550
通霄,24.471892,120.704622,-0.38,16.36,-10.57,75.88,1.44,-0.99,C0E590
馬都安,24.451272,120.930192,-0.17,13.14,-4.14,80.12,2.5,0.65,C0E610
頭份,24.688247,120.912206,1.08,17.49,-6.58,70.38,1.62,-1.44,C0E730
造橋,24.637056,120.864778,-0.32,16.44,-11.09,74.62,1.81,-1.58,C0E740
苗栗,24.564569,120.824575,-0.6,16.39,-9.66,71.38,1.44,-1.98,C0E750
銅鑼,24.489681,120.790853,-0.93,15.44,2.69,88.29,0.0,-3.24,C0E780
西湖,24.562947,120.7485,-0.14,16.23,-9.8,76.62,1.25,-1.37,C0E810
獅潭,24.539133,120.920042,-1.21,14.16,-4.39,82.88,2.5,-0.69,C0E820
苑裡,24.439714,120.653053,-1.16,16.46,-9.96,73.12,1.12,-1.41,C0E830
大河,24.618069,120.948578,-3.81,13.54,-10.9,77.12,2.25,-3.34,C0E850
高鐵苗栗,24.60725,120.826094,-0.94,16.5,-5.75,79.25,1.38,-4.51,C0E870
石岡,24.276061,120.777644,-0.87,16.65,-5.08,83.88,1.5,-1.4,C0F0B0
中坑,24.248517,120.903319,-2.18,13.51,-5.39,81.38,2.56,-2.7,C0F0C0
審馬陣,24.381675,121.4203,-3.56,2.15,4.72,71.62,1.88,-6.48,C0F0D0
南湖圈谷,24.363714,121.444667,-4.42,-2.0,-13.08,70.62,0.0,-14.15,C0F0E0
東勢,24.246428,120.833047,-0.28,16.25,-1.77,81.38,2.19,-0.28,C0F850
大坑,24.173142,120.722289,0.24,18.19,-4.11,74.75,1.88,-0.02,C0F970
神岡,24.272481,120.658314,-1.01,15.69,-11.91,75.5,1.38,-0.54,C0F9I0
大安,24.345061,120.588025,-0.82,16.36,-9.99,75.75,1.25,-0.65,C0F9K0
后里,24.310436,120.729725,-0.49,16.16,-8.47,76.75,1.75,-0.27,C0F9L0
豐原,24.254322,120.720692,0.24,17.23,-6.28,75.0,1.44,-0.64,C0F9M0
大里,24.092464,120.701378,-0.54,18.41,-10.06,65.88,2.06,0.13,C0F9N0
潭子,24.213106,120.703933,-0.38,17.39,-4.15,76.38,1.56,-0.31,C0F9O0
清水,24.312297,120.562242,-0.89,16.49,-9.34,75.88,1.12,-0.66,C0F9P0
外埔,24.347817,120.705686,0.23,17.05,-9.53,75.88,1.62,-0.42,C0F9Q0
龍井,24.184536,120.528972,-0.81,17.01,-11.08,73.38,1.31,-0.35,C0F9R0
烏日,24.107058,120.624103,-0.74,17.34,-5.48,71.38,1.94,0.28,C0F9S0
西屯,24.179494,120.641275,-0.98,16.61,-5.47,74.12,1.38,-0.16,C0F9T0
南屯,24.137006,120.637969,-1.06,17.52,-6.26,71.0,1.19,-0.43,C0F9U0
新社,24.200172,120.815806,-0.72,15.21,-4.79,81.0,2.0,-0.72,C0F9V0
大雅(中科園區),24.21528,120.62445,-2.3,15.94,-9.4,77.0,1.38,-1.37,C0F9X0
桃山,24.432739,121.303808,-3.24,2.55,-3.08,58.12,3.75,-1.34,C0F9Y0
雪山東峰,24.388792,121.268675,-3.29,3.21,-3.42,57.88,3.19,-4.34,C0F9Z0
芬園,24.015678,120.6213,-1.52,15.81,2.22,86.0,1.94,0.4,C0G620
員林,23.946503,120.585597,1.44,18.9,-8.24,73.38,2.19,1.26,C0G650
溪湖,23.94835,120.479122,0.67,18.41,6.77,90.5,1.62,0.26,C0G660
溪州,23.851589,120.499093,-1.77,16.8,-11.17,73.75,2.06,-1.02,C0G720
二林,23.903325,120.376081,-1.66,16.51,-6.35,85.25,1.5,-0.38,C0G730
大城,23.852487,120.320935,-1.39,16.92,-37.32,48.0,1.81,-0.32,C0G740
福興,24.041289,120.437669,-0.51,17.62,-11.75,71.25,1.75,0.51,C0G770
秀水,24.03405,120.503869,-0.75,17.31,-6.88,77.12,1.75,0.25,C0G780
埔鹽,24.000394,120.431683,0.07,17.62,-8.16,78.75,1.62,0.3,C0G800
埔心,23.947633,120.525456,-0.2,17.74,19.27,99.88,1.94,0.57,C0G810
田尾,23.901669,120.509389,-0.56,17.15,-2.19,84.38,1.94,0.42,C0G820
埤頭,23.866003,120.452806,-0.8,16.89,7.7,97.12,1.62,0.48,C0G830
社頭,23.897647,120.5862,-0.44,18.14,2.31,81.88,2.19,0.34,C0G860
二水,23.810742,120.6173,1.03,19.25,0.49,84.12,2.25,0.44,C0G880
伸港,24.148933,120.484403,-0.9,16.81,-10.09,73.38,1.25,-0.14,C0G890
線西,24.143358,120.443536,-1.99,17.01,-13.1,74.5,1.25,1.25,C0G900
花壇,24.032076,120.549461,1.0,19.92,-3.15,81.25,1.69,1.69,C0G910
埔里,23.972169,120.952425,-1.46,17.01,-0.37,83.0,3.5,-0.43,C0H890
草屯,23.973672,120.68085,-1.05,17.05,-4.28,76.12,2.56,0.8,C0H960
昆陽,24.121322,121.273642,-0.64,2.34,8.13,78.25,3.0,1.65,C0H990
神木村,23.532742,120.843667,0.1,11.05,3.72,87.62,4.38,2.07,C0H9A0
合歡山,24.143442,121.272547,-0.68,1.26,8.05,76.12,7.81,2.05,C0H9C0
廬山,24.033311,121.181808,0.08,11.8,-2.58,74.5,4.31,2.19,C0I010
信義,23.689694,120.851036,-2.0,15.64,3.06,86.75,3.44,0.18,C0I080
竹山,23.761225,120.688156,-0.01,16.89,-0.17,85.62,2.75,1.36,C0I110
水里,23.812553,120.849792,-1.83,16.96,-3.67,80.25,2.81,-0.07,C0I360
魚池,23.895703,120.94135,-1.24,16.02,-5.34,82.0,3.69,-0.48,C0I370
集集,23.828206,120.801467,-1.95,16.91,-2.92,82.88,3.0,-0.42,C0I380
仁愛,24.022122,121.132206,-1.23,13.38,-3.45,79.25,4.25,-0.89,C0I390
名間,23.837053,120.701447,-2.32,16.26,-4.86,80.88,2.56,-0.18,C0I410
國姓,24.037803,120.855072,-1.96,16.69,-2.08,83.88,2.88,0.38,C0I420
南投,23.911469,120.687331,-1.83,17.48,-2.22,80.38,2.5,-0.85,C0I460
梅峰,24.085272,121.173572,-2.11,7.42,-1.5,81.38,4.25,-3.64,C0I480
萬大林道,23.928228,121.091411,-2.19,11.26,-3.56,77.62,4.62,0.04,C0I490
小奇萊,24.131764,121.295717,-2.93,2.01,-8.15,78.75,5.75,-11.58,C0I530
奇萊稜線,24.109231,121.326456,-3.54,0.71,10.28,78.88,0.0,-6.25,C0I540
崙背,23.75555,120.318925,-1.82,16.51,-11.73,76.0,2.25,-0.17,C0K250
四湖,23.630414,120.227125,-0.0,17.17,-11.67,74.0,2.57,1.84,C0K280
宜梧,23.536281,120.169329,-0.5,17.0,-10.28,76.12,2.5,1.32,C0K291
虎尾,23.719183,120.442036,-0.26,16.95,-5.43,79.75,2.31,1.5,C0K330
土庫,23.679029,120.395574,-1.7,16.94,-3.42,82.12,2.0,-0.56,C0K390
斗六,23.720583,120.541127,-2.01,16.82,-11.59,76.25,2.5,-0.32,C0K400
北港,23.573957,120.292802,-1.89,16.83,-12.9,74.0,2.31,-0.38,C0K410
西螺,23.800407,120.467394,-1.79,16.79,-9.95,77.75,2.25,-0.43,C0K420
褒忠,23.690938,120.303634,-1.76,16.65,-15.9,71.5,2.25,-0.02,C0K430
二崙,23.772797,120.408944,-1.95,16.44,-7.31,80.38,1.69,-0.26,C0K440
大埤,23.646074,120.431537,-1.92,16.84,-8.31,76.12,2.12,-0.46,C0K450
斗南,23.678734,120.478359,-1.88,16.81,-7.72,77.5,2.38,-0.23,C0K460
林內,23.748675,120.609642,-2.03,16.68,-5.58,81.88,2.75,-0.31,C0K470
莿桐,23.761192,120.502372,-1.99,16.5,-9.47,77.25,2.38,-0.29,C0K480
元長,23.64981,120.315024,-1.79,16.77,-8.67,76.75,2.31,-0.02,C0K500
水林,23.572924,120.24597,-1.63,16.98,-8.84,76.5,2.38,-0.25,C0K510
臺西,23.701547,120.197559,-1.67,16.9,-9.83,76.5,1.75,-0.01,C0K530
蔦松,23.514319,120.229736,-1.8,16.84,-9.58,78.0,2.38,-0.19,C0K550
棋山,23.68645,120.603417,-2.01,16.81,-2.53,84.62,2.75,-0.95,C0K560
高鐵雲林,23.737456,120.417944,-1.76,16.51,-11.75,80.25,1.94,1.66,C0K580
東後寮,23.369908,120.248065,-1.88,16.74,-7.86,78.38,1.56,-0.81,C0M520
奮起湖,23.493903,120.699253,0.59,12.96,-0.39,88.12,2.56,0.94,C0M530
中埔,23.42538,120.5229,-2.06,16.78,-5.72,80.5,1.62,-1.36,C0M640
朴子,23.43463,120.23902,-2.47,16.27,-6.11,79.38,2.38,-0.04,C0M650
溪口,23.604131,120.403569,-1.84,16.83,-10.88,75.5,2.25,-0.42,C0M660
大林,23.600616,120.45841,-1.91,17.03,-8.61,75.38,2.62,-0.37,C0M670
太保,23.455062,120.331455,-2.09,16.88,-10.58,74.88,2.25,-0.28,C0M680
水上,23.419734,120.388909,-1.86,17.05,-3.56,81.12,1.5,-1.29,C0M690
竹崎,23.526178,120.555508,-2.03,16.78,-2.53,84.25,2.25,-1.13,C0M700
東石,23.458927,120.15385,-1.72,17.0,-10.92,75.88,2.62,0.08,C0M710
番路,23.464657,120.554156,-2.0,16.38,-1.09,85.62,2.06,-1.04,C0M720
嘉義市東區,23.457673,120.460531,-1.94,17.94,-5.62,75.5,2.12,-1.1,C0M730
六腳,23.492871,120.290625,-1.94,16.82,-10.19,75.12,2.38,-0.5,C0M740
布袋,23.380878,120.167789,-1.67,17.09,-12.86,74.88,1.94,-0.57,C0M750
民雄,23.551754,120.428457,-1.94,17.12,-10.03,75.25,2.38,-0.86,C0M760
嘉義梅山,23.585398,120.555587,-2.11,16.58,-0.81,86.38,2.25,-1.26,C0M770
鹿草,23.41134,120.30835,-1.87,17.1,-9.46,75.0,1.88,-0.6,C0M780
新港,23.553269,120.345728,-1.95,16.94,-8.66,75.5,2.56,-0.28,C0M790
茶山,23.299075,120.664767,-1.35,17.5,1.22,85.5,1.25,-2.22,C0M800
里佳,23.389125,120.716647,-1.55,12.81,-0.69,84.62,1.75,-2.83,C0M810
達邦,23.453994,120.749517,-1.12,14.9,2.85,83.75,2.25,-2.23,C0M820
表湖,23.24186,120.64166,-2.62,15.52,-0.03,86.62,1.19,1.06,C0M850
北寮,23.079561,120.495008,-1.48,17.48,8.08,91.88,0.69,-1.15,C0O830
王爺宮,23.222064,120.40085,0.48,18.75,-8.11,77.5,0.56,-1.54,C0O840
大內,23.11885,120.36083,-0.56,18.68,0.54,84.25,0.44,-1.44,C0O860
善化,23.112883,120.297219,-0.3,17.5,1.54,86.0,0.38,-0.44,C0O900
崎頂,22.959547,120.369317,-1.11,17.38,5.04,88.75,1.0,-0.52,C0O960
虎頭埤,23.021375,120.347878,-1.68,17.1,-0.0,84.12,0.69,-1.28,C0O970
新市,23.061614,120.298197,-0.79,18.36,-3.67,78.62,0.5,-1.49,C0O980
媽廟,22.99175,120.293525,-1.74,17.52,6.76,89.25,0.81,-1.14,C0O990
尾寮山,22.833111,120.683889,-0.52,14.08,2.76,91.25,1.5,0.68,C0R100
阿禮,22.742908,120.743678,-0.95,15.18,2.76,80.0,0.5,-1.09,C0R130
瑪家,22.682903,120.686639,-1.57,15.31,7.6,95.38,0.56,-1.09,C0R140
三地門,22.709889,120.639944,-0.05,19.68,-4.83,70.0,0.5,-0.04,C0R150
鹽埔,22.739558,120.530778,-1.11,19.12,-3.25,84.88,0.5,-0.96,C0R160
屏東,22.660269,120.494072,-0.01,20.5,-8.86,73.0,0.0,-0.93,C0R170
赤山,22.592333,120.614306,-0.96,19.41,7.41,90.5,0.38,-0.6,C0R190
潮州,22.534361,120.54,0.56,20.09,-0.99,79.75,0.19,-0.2,C0R220
來義,22.527306,120.625111,-1.65,18.51,7.66,91.5,0.5,-0.38,C0R240
春日,22.370361,120.628306,-1.29,19.45,-19.1,60.17,0.08,-0.67,C0R260
琉球嶼,22.332244,120.362236,-0.74,19.7,-6.06,75.12,0.43,-0.22,C0R270
車城,22.0744,120.716247,-1.93,20.29,1.67,72.88,0.12,0.12,C0R320
牡丹,22.130036,120.792639,-1.98,17.67,6.72,90.12,0.88,0.57,C0R341
貓鼻頭,21.921774,120.7358,-0.54,20.59,1.2,73.5,0.69,0.33,C0R350
大漢山,22.405264,120.753181,-0.44,9.66,0.85,96.25,2.06,1.46,C0R440
高樹,22.826389,120.600806,-1.34,19.32,0.14,78.62,0.62,-1.17,C0R470
長治,22.693128,120.542622,-0.84,19.86,1.67,83.38,0.44,-0.77,C0R480
九如,22.7405,120.490503,-1.0,19.59,-5.61,79.0,0.38,-1.02,C0R490
崁頂,22.514781,120.506914,-1.65,19.15,-3.71,80.25,0.19,-0.82,C0R520
佳冬,22.419456,120.552375,-1.25,19.51,-1.21,82.0,0.25,-0.45,C0R540
新埤,22.467947,120.582894,-1.38,19.19,-4.64,79.0,0.44,-0.31,C0R550
新園,22.5434,120.461558,-0.72,19.98,-6.3,73.88,0.38,-0.65,C0R560
麟洛,22.65078,120.52719,-0.57,20.42,3.9,82.62,0.38,-0.59,C0R570
南州,22.48591,120.50274,-1.8,18.86,-0.53,81.88,0.12,-0.82,C0R580
里港,22.77919,120.49459,-1.9,18.58,3.13,82.88,0.31,-0.89,C0R590
舊泰武,22.588194,120.664944,-1.71,15.72,3.74,90.12,1.12,-0.14,C0R600
墾雷,21.900836,120.855269,-1.86,20.78,3.42,82.5,1.12,-1.25,C0R620
東港,22.46247,120.44074,-2.07,19.86,-1.15,81.0,0.3,0.25,C0R640
竹田,22.58486,120.54344,-2.35,19.44,-7.38,78.62,0.38,0.35,C0R650
枋寮,22.367722,120.590647,-0.81,19.91,3.22,84.12,0.25,0.25,C0R660
楓港,22.190131,120.692156,-2.63,19.95,1.47,66.38,0.25,0.25,C0R670
佳樂水,21.993578,120.861633,-2.03,20.81,0.9,73.5,1.12,0.28,C0R680
墾丁,21.966756,120.810269,-1.86,18.35,0.92,81.62,1.38,0.72,C0R690
枋山,22.246844,120.661086,-1.5,20.38,2.28,70.88,0.25,0.25,C0R700
旭海,22.205403,120.887614,-2.14,18.22,14.85,94.75,1.38,0.07,C0R720
太麻里,22.60902,120.98533,-0.43,15.8,-1.9,83.5,0.94,-0.39,C0S690
知本,22.684866,121.005642,-0.72,15.29,3.28,90.88,0.44,-1.02,C0S700
鹿野,22.917711,121.122994,-0.37,15.65,2.65,85.75,0.12,-1.08,C0S710
綠島,22.6672,121.47533,-0.36,19.08,10.28,89.88,1.94,-1.71,C0S730
池上,23.119628,121.209469,-0.61,15.86,2.05,86.25,0.44,-0.56,C0S740
大溪山,22.478475,120.943325,-0.65,16.41,0.3,83.5,1.56,-0.02,C0S770
金崙,22.538122,120.966875,-0.53,17.75,-0.58,81.12,1.0,-0.23,C0S790
東河,22.972672,121.303986,-1.16,18.7,-0.42,78.88,0.38,-0.9,C0S810
長濱,23.286817,121.411975,-0.58,17.16,-0.97,78.62,0.75,-0.64,C0S830
南田,22.279725,120.889208,-0.9,19.92,19.88,95.38,1.62,0.51,C0S840
關山,23.0395,121.175017,-2.33,16.6,1.8,84.5,0.25,-3.07,C0S890
蘭嶼高中,22.04909,121.51214,-1.66,20.85,-1.03,76.12,9.62,-1.57,C0S900
蘭嶼燈塔,22.081197,121.503117,-1.73,19.2,-9.2,84.0,3.81,0.39,C0S910
金峰嘉蘭,22.594789,120.960825,-1.88,17.98,2.78,84.38,0.81,0.26,C0S920
延平,22.902581,121.084058,-2.41,16.6,5.42,84.12,0.25,0.2,C0S930
石寧山,23.223772,121.406639,-2.68,17.39,5.85,84.25,1.25,0.35,C0S940
香蘭,22.587569,120.993375,-1.92,19.41,8.05,79.25,0.62,0.52,C0S960
加津林,22.416211,120.926942,-1.92,19.91,1.5,71.5,0.69,0.69,C0S970
勝林山,22.430439,120.8938,-2.54,12.19,-0.17,97.12,2.19,1.49,C0S980
山豬窟,22.318619,120.857372,-2.22,16.39,-0.28,82.62,1.19,1.14,C0S990
歷坵,22.520969,120.89185,-1.65,15.65,1.65,91.25,1.19,0.79,C0SA00
檳榔四格山,22.810031,121.109308,-2.37,15.79,4.1,88.5,0.25,0.15,C0SA10
金崙山,22.567419,120.959667,-1.53,12.94,-2.6,93.0,1.69,0.49,C0SA20
都歷,23.020333,121.323642,-1.36,18.92,19.1,94.0,0.94,-0.16,C0SA30
瑞和,22.974361,121.156697,-2.11,16.82,11.28,92.88,0.12,0.12,C0SA40
土坂,22.453108,120.887572,-1.33,18.09,0.9,84.5,1.75,1.4,C0SA80
大禹嶺,24.186117,121.316086,-0.52,4.53,4.11,74.62,4.81,1.83,C0T790
天祥,24.179597,121.495639,-0.07,14.02,-0.63,87.5,0.5,-0.84,C0T820
鯉魚潭,23.935639,121.508944,-0.48,15.81,-0.26,90.88,1.0,-1.21,C0T870
西林,23.8119,121.441458,-0.67,16.5,0.33,88.12,0.75,-1.71,C0T900
光復,23.660694,121.424964,-0.13,16.71,-3.27,87.5,0.94,-1.13,C0T960
月眉山,23.809928,121.539828,-0.27,14.49,-2.44,93.12,0.81,-2.1,C0T9A0
水源,23.991861,121.537169,-0.27,14.16,-2.97,90.0,1.19,-2.19,C0T9B0
和中,24.26676,121.74103,-0.46,17.73,6.43,94.5,0.38,-1.72,C0T9D0
大坑,23.880628,121.581981,-0.35,14.96,-3.47,90.0,1.5,-1.43,C0T9E0
水璉,23.797131,121.542514,-0.84,16.27,-0.66,86.38,0.75,-1.41,C0T9F0
鳳林山,23.735269,121.420131,-1.54,13.72,-4.01,92.62,1.56,-1.3,C0T9G0
加路蘭山,23.682947,121.5274,-0.54,13.01,1.54,98.38,1.81,-3.92,C0T9H0
靜浦,23.455167,121.495028,-0.39,17.51,-0.2,84.0,4.0,0.73,C0T9M0
雙連埤,24.753033,121.641303,-1.66,11.9,-4.89,93.5,3.38,-5.77,C0U520
礁溪,24.817539,121.765608,-0.64,16.08,-6.21,82.0,1.56,-4.51,C0U600
玉蘭,24.675286,121.587061,-0.8,13.28,-4.52,86.25,2.69,-4.01,C0U650
太平山,24.505486,121.525656,-0.39,5.86,7.83,97.75,2.31,-1.72,C0U710
南山,24.43742,121.38167,-3.76,8.82,-2.08,95.62,1.88,-0.5,C0U720
東澳,24.52196,121.83318,-0.53,16.82,2.79,94.12,2.38,-5.7,C0U760
南澳,24.44935,121.81022,-0.78,17.4,-6.4,76.0,0.81,-1.92,C0U770
五結,24.68637,121.79794,-1.45,15.71,-3.68,82.75,1.44,-12.51,C0U780
頭城,24.85323,121.8308,-2.03,16.44,-7.33,81.88,1.69,-6.2,C0U860
大礁溪,24.791042,121.675047,-2.35,13.1,-0.07,91.0,3.06,-11.09,C0U870
三星,24.66812,121.65302,-2.12,15.35,3.41,94.88,1.81,-10.95,C0U890
內城,24.71813,121.68766,-2.07,15.72,-3.78,86.25,2.12,-10.12,C0U900
冬山,24.63373,121.7937,-1.56,16.49,6.71,94.38,1.94,-20.11,C0U910
羅東,24.68184,121.74934,-1.66,15.95,-6.42,84.25,1.38,-17.84,C0U940
鶯子嶺,24.89754,121.79244,-2.66,9.1,-4.61,94.12,4.75,-12.35,C0U950
翠峰湖,24.510856,121.608044,-2.54,5.43,-3.62,92.75,1.81,-4.69,C0U960
大福,24.80064,121.81389,-2.5,15.91,-2.28,79.88,1.5,-10.18,C0U970
坪林石牌,24.86478,121.77396,-2.19,12.18,-4.32,92.75,2.56,-12.55,C0U980
員山,24.74435,121.72247,-2.15,16.07,-3.5,84.0,0.86,-14.14,C0U990
土場,24.576533,121.495333,-2.43,13.52,-3.16,87.88,1.56,-4.22,C0UA00
鴛鴦湖,24.590269,121.412228,-3.57,6.29,-0.12,98.12,4.5,-0.5,C0UA10
白嶺,24.527819,121.519031,-2.99,7.52,1.22,98.75,4.5,-2.75,C0UA30
西德山,24.560647,121.752608,-3.94,8.95,2.72,99.38,5.69,-9.01,C0UA40
西帽山,24.555361,121.802628,-3.32,10.79,-3.83,94.88,10.12,-19.0,C0UA50
樟樹山,24.41393,121.78325,-2.77,13.3,4.65,98.25,2.19,-5.09,C0UA60
桃源谷,24.962606,121.888875,-3.18,12.29,-4.05,94.0,5.38,-9.5,C0UA70
復興,23.222403,120.806089,-0.91,16.59,5.82,82.25,1.94,-1.09,C0V210
美濃,22.898742,120.519153,1.44,20.2,1.63,83.0,0.0,-0.7,C0V310
溪埔,22.738578,120.446797,-1.34,18.58,4.6,85.88,0.31,-1.24,C0V350
內門,22.975481,120.466769,-0.73,17.97,2.14,85.43,1.0,-0.72,C0V360
古亭坑,22.893178,120.401947,-0.45,17.35,2.56,87.5,0.94,0.35,C0V370
阿公店,22.804194,120.355528,-1.89,17.49,-1.66,81.75,0.62,-0.72,C0V400
鳳山,22.646653,120.356122,-2.16,18.3,7.47,84.0,0.36,-1.1,C0V440
鳳森,22.545064,120.392592,-1.5,18.99,-0.69,77.75,0.19,-0.55,C0V450
新興,22.627422,120.298803,-0.46,19.19,-2.65,73.38,0.25,-0.7,C0V490
阿蓮,22.883208,120.327508,-0.76,18.8,-11.47,72.88,0.62,-0.89,C0V530
梓官,22.760558,120.267211,-1.6,18.31,-3.87,76.0,0.44,-0.63,C0V610
永安,22.82315,120.236856,-1.73,17.85,-5.36,76.62,0.44,-0.88,C0V620
茄萣,22.906642,120.182608,-1.35,17.95,-1.54,76.88,0.44,-1.39,C0V630
湖內,22.887139,120.2445,-1.81,17.68,-5.47,75.5,0.5,-0.91,C0V640
彌陀,22.783806,120.246361,-1.15,18.73,-4.7,76.62,0.5,-0.6,C0V650
岡山,22.797078,120.294958,-1.3,18.92,-2.8,75.0,0.62,-0.7,C0V660
仁武,22.701083,120.347722,-1.54,18.95,1.06,79.38,0.25,-1.24,C0V680
鼓山,22.623325,120.275575,-2.04,18.55,0.36,77.88,0.38,-1.1,C0V690
三民,22.645017,120.311233,-1.7,19.36,1.77,74.5,0.31,-1.22,C0V700
苓雅,22.622742,120.330669,-0.78,19.84,6.53,78.38,0.31,-1.32,C0V710
林園,22.507747,120.394511,-0.69,20.99,1.48,74.25,0.25,-0.63,C0V720
大寮,22.605614,120.395717,-1.76,19.21,3.17,78.38,0.38,-0.62,C0V730
旗山,22.888614,120.483597,-0.8,19.09,1.82,80.75,0.88,-0.68,C0V740
路竹,22.854997,120.259439,-1.16,18.81,-4.29,76.25,0.5,-0.91,C0V750
橋頭,22.757806,120.30575,-1.45,18.94,-4.51,75.38,0.5,-0.57,C0V760
大社,22.730306,120.346639,-1.37,18.77,0.11,78.12,0.44,-0.81,C0V770
萬山,22.905944,120.688056,-1.01,18.05,6.58,83.88,1.0,-0.86,C0V790
六龜,22.997889,120.633583,-0.57,19.27,9.0,86.88,1.06,-0.99,C0V800
左營,22.67491,120.28491,-2.16,18.2,-12.49,76.75,0.25,-1.05,C0V810
小林,23.148408,120.63325,-1.91,17.65,7.7,88.5,0.88,0.8,C0V820
東莒,25.9652,119.98069,-0.16,12.61,-12.51,71.38,0.0,-4.58,C0W110
金寧,24.457703,118.328989,-1.42,15.19,-21.2,57.5,0.0,-3.08,C0W150
東河,23.296598,120.385608,-2.14,17.05,-8.72,77.5,0.69,-2.01,C0X050
下營,23.22695,120.256261,-1.86,16.94,-10.95,76.25,0.56,-2.2,C0X060
佳里,23.173039,120.145086,-0.52,17.06,-6.33,79.62,0.81,0.05,C0X080
臺南市北區,23.010394,120.194228,-1.59,17.85,-0.04,80.38,0.5,-1.46,C0X100
臺南市南區,22.961189,120.188378,-1.9,18.09,-2.89,76.12,0.38,-1.49,C0X110
麻豆,23.183289,120.248611,-1.07,17.97,-0.87,83.5,0.38,-1.35,C0X120
官田,23.193217,120.315422,-1.41,17.89,-2.19,79.5,0.44,-1.43,C0X130
西港,23.125608,120.203108,-1.66,17.25,-1.65,82.62,0.56,-1.37,C0X140
安定,23.102614,120.227839,-1.52,17.25,-1.92,84.25,0.44,-1.58,C0X150
仁德,22.968258,120.257689,-1.07,18.64,-0.66,78.25,0.62,-1.31,C0X160
關廟,22.963017,120.327797,-2.37,17.15,3.14,82.62,0.88,-0.63,C0X170
山上,23.0757,120.363253,-1.32,17.62,-2.53,81.88,0.5,-1.71,C0X180
安平,22.993161,120.152181,-1.84,17.49,-6.9,75.88,0.44,-1.29,C0X190
左鎮,23.056758,120.408522,-0.31,17.92,-2.75,83.75,0.62,-1.52,C0X200
白河,23.347466,120.414427,-2.05,17.15,-7.81,77.62,0.81,-1.93,C0X210
學甲,23.230367,120.182187,-1.7,17.05,-8.31,77.62,0.69,-1.68,C0X220
鹽水,23.272621,120.247641,-2.03,16.6,-8.19,79.88,0.75,-1.65,C0X230
關子嶺,23.331169,120.508025,-1.75,16.0,0.37,89.5,1.06,-2.42,C0X240
新營,23.310689,120.316681,-1.91,17.21,-8.41,77.38,0.81,-1.61,C0X250
後壁,23.366358,120.362326,-1.82,16.99,-9.94,76.5,1.12,-1.48,C0X260
將軍,23.214999,120.13577,-1.96,16.79,-8.09,77.62,0.56,-1.37,C0X280
北門,23.267772,120.125481,-1.8,17.11,-6.62,79.38,1.06,-1.23,C0X290
鹿寮,23.386047,120.477331,-2.14,16.85,0.14,88.12,1.25,-1.59,C0X300
明里,23.208717,121.262342,-0.92,16.08,-1.37,88.5,0.31,-1.27,C0Z020
佳心,23.34567,121.21316,-0.99,12.09,6.65,98.75,1.0,-0.21,C0Z050
玉里,23.3215,121.339656,-0.75,16.24,1.43,90.5,0.69,-0.98,C0Z061
舞鶴,23.46811,121.37407,-0.11,15.92,6.68,99.25,0.75,-0.75,C0Z070
富源,23.587642,121.378225,-1.0,15.76,-4.64,88.62,1.12,-1.28,C0Z080
東華,23.89525,121.549833,-1.11,17.42,-2.52,88.25,0.44,-2.01,C0Z100
吉安光華,23.930925,121.595153,-0.81,18.11,-19.17,69.62,1.06,-2.44,C0Z150
鳳林,23.746114,121.453411,-1.47,16.85,-6.16,80.62,0.94,-1.63,C0Z160
卓溪,23.3443,121.3029,-2.35,16.31,-1.16,84.38,0.69,-1.68,C0Z170
新城,24.03946,121.60454,-0.72,18.55,-13.51,68.17,0.0,-3.17,C0Z180
富世,24.14743,121.6297,-1.3,17.77,-8.07,79.5,0.31,-3.67,C0Z190
萬榮,23.709219,121.420106,-1.38,16.69,-10.57,82.0,1.06,-1.34,C0Z200
瑞穗,23.5239,121.39021,-1.32,16.7,-1.36,87.38,1.0,-2.2,C0Z210
和平林道,24.343922,121.656317,-2.13,13.34,-7.58,86.38,0.81,-4.9,C0Z220
和平,24.30717,121.77007,-1.76,17.42,-9.47,70.0,0.81,-4.09,C0Z230
瑞穗林道,23.49284,121.30688,-0.95,12.01,0.4,98.0,4.12,-0.99,C0Z250
蕃薯寮,23.73835,121.540108,-1.42,15.49,-8.47,84.0,0.69,-6.13,C0Z270
德武,23.47426,121.41071,-1.99,16.1,-4.52,87.25,0.75,-2.82,C0Z280
赤柯山,23.36893,121.38293,-2.37,11.44,2.7,99.0,1.81,-2.74,C0Z290
東里,23.26853,121.30547,-1.83,16.4,-5.19,86.38,0.69,-2.3,C0Z300
清水斷崖,24.218294,121.689142,-2.46,17.46,-7.95,78.75,0.0,-1.58,C0Z310
清水林道,23.27125,121.188272,-2.96,13.04,2.58,92.62,2.94,0.76,C0Z320
安通山,23.290728,121.348528,-3.41,13.91,2.83,92.12,0.94,-0.46,C0Z330
口湖工作站,23.589978,120.180394,-1.83,16.88,-9.26,71.62,2.12,2.12,12J990
東港工作站,22.479997,120.466058,-2.09,19.72,-4.86,66.25,0.12,0.09,12Q970
恆春工作站,22.079678,120.714425,-2.35,20.67,-1.29,64.5,0.12,0.12,12Q980
萬大發電廠,23.978875,121.139639,-1.77,14.09,-3.89,79.0,4.81,4.81,42HA10
桃改樹林分場,24.944503,121.386972,-2.38,16.04,-2.55,72.25,1.75,1.75,72AI40
桃園農改場,24.950944,121.030583,0.7,16.38,-8.87,72.5,1.25,-1.59,72C440
桃改五峰分場,24.612194,121.157167,0.08,11.5,-1.73,83.12,2.44,-0.65,72D080
臺中農改場,24.003028,120.534389,-0.16,16.75,-1.18,78.38,1.56,0.75,72G600
中改埔里分場,23.903208,120.963364,-1.76,15.54,2.71,87.88,3.62,3.43,72HA00
南改斗南分場,23.634556,120.477333,0.14,16.99,0.57,80.0,2.44,1.46,72K220
南改義竹分場,23.360694,120.279361,-0.44,16.58,-2.71,78.5,1.06,0.6,72M360
南改鹿草分場,23.416869,120.283061,-2.12,16.86,-7.47,77.12,1.81,1.81,72M700
臺南農改場,23.0605,120.342194,-0.49,16.96,6.31,84.0,0.5,0.08,72N100
七股研究中心,23.081672,120.062894,-2.21,17.26,-7.61,78.5,0.5,0.47,72N240
高雄農改場,22.709333,120.525889,-0.7,18.99,9.4,86.62,0.56,0.2,72Q010
東改班鳩分場,22.829528,121.077694,-0.36,17.06,-2.41,76.0,0.12,-0.77,72S200
東改賓朗果園,22.813889,121.071278,-0.82,16.7,-5.46,79.88,0.19,-0.77,72S590
花蓮農改場,23.975222,121.563889,0.06,17.75,-3.37,77.75,0.62,-0.9,72T250
花改蘭陽分場,24.686306,121.716583,-0.62,15.95,-1.11,81.62,2.0,-4.62,72U480
高改旗南分場,22.857861,120.516667,-0.91,18.16,8.77,83.0,0.94,0.39,72V140
茶改北部分場,24.955778,121.631222,-0.22,13.36,-1.87,84.25,3.25,-2.39,82A750
茶改場,24.908472,121.185333,-0.04,14.99,-5.78,76.38,1.81,-1.23,82C160
茶改中部分場,23.875611,120.913583,-0.78,14.56,2.01,84.12,3.31,2.14,82H320
茶改南部分場,23.762528,120.7405,-0.81,15.34,1.31,88.12,2.94,1.85,82H840
茶改東部分場,22.907694,121.130139,-0.75,17.2,-3.37,77.0,0.12,-0.86,82S580
農工中心,24.985917,121.239833,0.88,16.0,-6.86,70.88,1.62,-1.92,A2C560
水試臺西試驗場,23.717231,120.190522,-0.13,17.3,-2.42,79.0,1.88,1.76,A2K360
臺大雲林校區,23.730628,120.423903,-1.33,16.52,-7.57,77.88,1.5,1.5,A2K630
臺南蘭花園區,23.340258,120.379661,-1.3,17.14,-4.5,79.5,0.31,0.31,A2N290
畜試北區分所,24.527806,120.770972,-1.14,15.79,-12.19,76.62,1.31,-4.32,B2E890
畜產試驗所,23.058972,120.336406,-0.61,16.9,3.27,83.75,0.5,-0.36,B2N890
畜試南區分所,21.945583,120.802167,-1.12,20.24,-2.79,69.5,1.0,0.29,B2Q810
畜試東區分所,24.669039,121.832561,-2.16,16.29,3.22,85.12,1.19,0.14,B2U990
蓮華池,23.918333,120.885278,0.3,14.89,1.3,88.88,3.0,1.64,E2H360
林試畢祿溪站,24.226944,121.308522,-0.97,6.46,8.38,81.38,2.44,2.44,E2HA20
四湖植物園,23.676986,120.163433,-1.67,17.15,-2.74,84.62,2.19,1.95,E2K600
林試六龜中心,22.991703,120.645722,-0.85,18.09,6.92,88.12,1.12,1.08,E2P980
林試太麻里2,22.598,120.99775,-1.82,18.92,0.35,75.25,0.81,0.81,E2S960
林試太麻里1,22.598922,120.980044,-1.56,18.15,2.2,80.0,0.94,-0.11,E2S980
農試所(霧峰),24.031261,120.688133,-0.24,16.97,3.85,83.62,2.19,1.32,G2F820
農試嘉義分所,23.485028,120.473806,-0.38,16.47,-0.41,81.5,1.69,0.57,G2L020
農試溪口農場,23.58565,120.408111,-0.98,17.05,-5.83,77.0,2.12,2.06,G2M350
農試鳳山分所,22.646611,120.356083,-1.09,18.53,2.91,76.57,0.21,-0.36,G2P820
苗栗農改場,24.495722,120.829111,-0.34,15.05,-2.7,79.25,2.12,0.49,K2E360
苗改生物防治研究中心,24.422861,120.871833,-3.04,13.71,-5.62,82.0,1.81,-0.4,K2E710
種苗改良場,24.225972,120.800917,0.08,14.61,6.49,85.5,2.0,0.45,K2F750
溪頭,23.670306,120.798194,-0.02,12.36,4.75,91.62,3.44,1.72,U2H480
臺大和社,23.590856,120.888864,-1.94,14.85,9.56,89.0,3.69,3.69,U2HA30
臺大內茅埔,23.689722,120.851117,-2.81,15.59,7.5,86.5,3.38,3.38,U2HA40
臺大竹山,23.756972,120.681556,-2.38,16.88,-7.91,79.25,2.44,2.44,U2HA50
臺大竹山,23.756972,120.681556,-2.38,16.88,-7.91,79.25,2.44,2.44,U2HA50
臺大內茅埔,23.689722,120.851117,-2.81,15.59,7.5,86.5,3.38,3.38,U2HA40
臺大和社,23.590856,120.888864,-1.94,14.85,9.56,89.0,3.69,3.69,U2HA30
臺大溪頭,23.670306,120.798194,-0.02,12.36,4.75,91.62,3.44,1.72,U2H480
種苗繁殖,24.225972,120.800917,0.08,14.61,6.49,85.5,2.0,0.45,K2F750
苗改生物防治研究中心,24.422861,120.871833,-3.04,13.71,-5.62,82.0,1.81,-0.4,K2E710
苗栗農改,24.495722,120.829111,-0.34,15.05,-2.7,79.25,2.12,0.49,K2E360
農試鳳山分所,22.646611,120.356083,-1.09,18.53,2.91,76.57,0.21,-0.36,G2P820
農試溪口農場,23.58565,120.408111,-0.98,17.05,-5.83,77.0,2.12,2.06,G2M350
農試嘉義分所,23.485028,120.473806,-0.38,16.47,-0.41,81.5,1.69,0.57,G2L020
農業試驗所,24.031261,120.688133,-0.24,16.97,3.85,83.62,2.19,1.32,G2F820
林試太麻里1,22.598922,120.980044,-1.56,18.15,2.2,80.0,0.94,-0.11,E2S980
林試太麻里2,22.598014,120.989761,-1.82,18.92,0.35,75.25,0.81,0.81,E2S960
林試六龜中心,22.991703,120.645722,-0.85,18.09,6.92,88.12,1.12,1.08,E2P980
四湖植物園,23.676986,120.163433,-1.67,17.15,-2.74,84.62,2.19,1.95,E2K600
林試畢祿溪站,24.226944,121.308522,-0.97,6.46,8.38,81.38,2.44,2.44,E2HA20
蓮華池,23.918333,120.885278,0.3,14.89,1.3,88.88,3.0,1.64,E2H360
畜試東區分所,24.669039,121.832561,-2.16,16.29,3.22,85.12,1.19,0.14,B2U990
畜試南區分所,21.945583,120.802167,-1.12,20.24,-2.79,69.5,1.0,0.29,B2Q810
畜試所,23.058972,120.336406,-0.61,16.9,3.27,83.75,0.5,-0.36,B2N890
畜試北區分所,24.527806,120.770972,-1.14,15.79,-12.19,76.62,1.31,-4.32,B2E890
臺南蘭花園區,23.340258,120.379661,-1.3,17.14,-4.5,79.5,0.31,0.31,A2N290
臺大雲林校區,23.730628,120.423903,-1.33,16.52,-7.57,77.88,1.5,1.5,A2K630
水試臺西試驗場,23.717231,120.190522,-0.13,17.3,-2.42,79.0,1.88,1.76,A2K360
農工中心,24.985917,121.239833,0.88,16.0,-6.86,70.88,1.62,-1.92,A2C560
茶改東部分場,22.907694,121.130139,-0.75,17.2,-3.37,77.0,0.12,-0.86,82S580
茶改南部分場,23.762528,120.7405,-0.81,15.34,1.31,88.12,2.94,1.85,82H840
茶改中部分場,23.875611,120.913583,-0.78,14.56,2.01,84.12,3.31,2.14,82H320
茶改場,24.908472,121.185333,-0.04,14.99,-5.78,76.38,1.81,-1.23,82C160
茶改北部分場,24.955778,121.631222,-0.22,13.36,-1.87,84.25,3.25,-2.39,82A750
高改旗南分場,22.857861,120.516667,-0.91,18.16,8.77,83.0,0.94,0.39,72V140
花改蘭陽分場,24.686306,121.716583,-0.62,15.95,-1.11,81.62,2.0,-4.62,72U480
花蓮農改,23.975222,121.563889,0.06,17.75,-3.37,77.75,0.62,-0.9,72T250
東改賓朗果園,22.813889,121.071278,-0.82,16.7,-5.46,79.88,0.19,-0.77,72S590
東改班鳩分場,22.829528,121.077694,-0.36,17.06,-2.41,76.0,0.12,-0.77,72S200
高雄農改,22.709333,120.525889,-0.7,18.99,9.4,86.62,0.56,0.2,72Q010
七股研究中心,23.081672,120.062894,-2.21,17.26,-7.61,78.5,0.5,0.47,72N240
臺南農改,23.0605,120.342194,-0.49,16.96,6.31,84.0,0.5,0.08,72N100
南改鹿草分場,23.416869,120.283061,-2.12,16.86,-7.47,77.12,1.81,1.81,72M700
南改義竹分場,23.360694,120.279361,-0.44,16.58,-2.71,78.5,1.06,0.6,72M360
南改斗南分場,23.634556,120.477333,0.14,16.99,0.57,80.0,2.44,1.46,72K220
中改埔里分場,23.903208,120.963364,-1.76,15.54,2.71,87.88,3.62,3.43,72HA00
臺中農改,24.003028,120.534389,-0.16,16.75,-1.18,78.38,1.56,0.75,72G600
桃改五峰分場,24.612194,121.157167,0.08,11.5,-1.73,83.12,2.44,-0.65,72D080
桃園農改,24.950944,121.030583,0.7,16.38,-8.87,72.5,1.25,-1.59,72C440
桃改樹林分場,24.944503,121.386972,-2.38,16.04,-2.55,72.25,1.75,1.75,72AI40
萬大發電廠,23.978875,121.139639,-1.77,14.09,-3.89,79.0,4.81,4.81,42HA10
恆春工作站,22.079678,120.714425,-2.35,20.67,-1.29,64.5,0.12,0.12,12Q980
東港工作站,22.479997,120.466058,-2.09,19.72,-4.86,66.25,0.12,0.09,12Q970
口湖工作站,23.589978,120.180394,-1.83,16.88,-9.26,71.62,2.12,2.12,12J990
