站名,緯度,經度,平均溫距平,本年度平均溫,平均溼度距平,本年度日均相對溼度,本年度日均降水量,日均降水量距平,站號
淡水,25.164889,121.448906,-0.59,15.42,-2.96,79.35,4.55,-0.01,466900
鞍部,25.182586,121.529731,-1.94,9.58,4.39,95.85,11.49,1.05,466910
臺北,25.037658,121.514853,-1.26,16.02,0.16,77.73,4.26,-0.72,466920
竹子湖,25.162078,121.544547,-1.87,11.23,3.85,91.73,10.08,1.96,466930
基隆,25.133314,121.740475,-0.94,15.64,-0.38,79.5,14.41,2.04,466940
花蓮,23.975128,121.613275,-1.39,17.57,0.4,76.96,2.18,-0.28,466990
新屋,25.006744,121.047486,-0.57,15.04,-0.46,80.42,3.06,-0.34,467050
宜蘭,24.763975,121.756528,-1.85,15.63,5.76,85.77,6.0,0.51,467080
金門,24.407306,118.289281,-0.19,13.38,-4.93,70.77,1.42,-0.55,467110
澎湖,23.565503,119.563094,-2.02,15.39,0.57,81.77,2.16,1.29,467350
臺南,22.993239,120.204772,-2.08,17.04,3.21,77.96,3.12,2.59,467410
永康,23.038386,120.2367,-1.58,17.09,5.07,79.15,3.45,3.02,467420
嘉義,23.495925,120.432906,-1.66,16.37,10.12,89.0,3.13,2.07,467480
臺中,24.145736,120.684075,-1.16,16.84,-0.3,74.85,3.04,1.34,467490
阿里山,23.508208,120.813242,-0.38,7.25,-1.3,82.23,7.24,4.37,467530
大武,22.355675,120.903789,-1.6,19.58,-0.31,72.27,1.42,-0.07,467540
玉山,23.487614,120.959522,0.48,0.69,-1.12,67.19,8.63,6.92,467550
新竹,24.827853,121.014219,-0.59,15.62,-2.09,78.54,2.26,-1.58,467571
恆春,22.003897,120.746339,-1.5,20.38,-0.51,71.38,0.46,-0.29,467590
成功,23.097486,121.373428,-1.59,18.12,2.62,78.85,3.62,1.06,467610
日月潭,23.881325,120.90805,-1.35,14.06,11.73,89.69,3.24,1.39,467650
臺東,22.752211,121.154586,-1.61,18.86,1.58,74.35,2.43,1.13,467660
馬祖,26.169269,119.923419,-0.93,9.48,-3.03,80.96,1.53,-1.2,467990
山佳,24.974944,121.402008,-0.56,16.15,-1.66,80.31,4.65,0.09,C0A520
坪林,24.938183,121.70975,-1.27,13.41,-3.96,88.5,6.19,1.41,C0A530
泰平,24.971197,121.823711,-1.31,12.37,1.78,97.0,19.21,6.97,C0A550
桶後,24.848222,121.597992,-1.11,13.01,-0.57,93.88,8.69,2.11,C0A570
石碇,24.993969,121.662917,-0.75,14.05,-2.2,88.27,7.25,1.24,C0A640
大坪,25.165914,121.632969,-1.02,13.18,2.92,95.08,35.17,11.79,C0A860
五指山,25.132153,121.608692,-0.29,12.08,2.0,95.67,12.85,3.16,C0A870
雙溪,25.036003,121.864242,-0.63,15.21,-3.69,88.35,13.04,2.72,C0A890
三和,25.233153,121.595236,-1.03,13.54,2.38,88.69,26.02,10.08,C0A931
金山,25.223628,121.643967,-0.2,15.72,-4.15,82.08,11.38,1.57,C0A940
鼻頭角,25.129036,121.923372,-0.73,16.1,0.46,83.88,5.6,2.0,C0A950
三貂角,25.007606,122.002058,-1.14,15.58,-2.7,85.54,7.94,0.93,C0A970
社子,25.109508,121.469681,-0.18,16.64,0.14,81.73,3.12,-0.31,C0A980
天母,25.117494,121.537169,-1.15,16.05,-5.46,71.92,2.58,-0.6,C0A9C0
內湖,25.079422,121.57545,-1.47,15.75,11.95,92.92,3.17,-0.54,C0A9F0
大屯山,25.175675,121.522408,-0.56,9.7,3.79,98.38,7.25,1.01,C0AC40
三峽,24.939025,121.369728,0.36,16.92,-3.05,80.31,5.04,-0.13,C0AC60
信義,25.037822,121.564597,-0.17,16.71,0.96,82.85,4.69,-0.09,C0AC70
文山,25.00235,121.575728,-0.97,15.41,-4.76,80.27,5.0,0.11,C0AC80
新莊,25.051478,121.446756,-1.11,15.9,2.0,79.08,3.71,-0.3,C0ACA0
八里,25.150211,121.403947,-0.38,15.85,2.1,85.23,4.04,-0.42,C0AD10
蘆洲,25.086594,121.472331,-0.58,16.53,-2.24,76.04,3.27,-0.28,C0AD30
土城,24.973208,121.445169,-0.63,15.79,-0.33,82.12,5.35,0.29,C0AD40
鶯歌,24.951533,121.346294,0.48,16.73,-2.28,82.59,4.21,-0.31,C0AD50
汐止,25.066881,121.658778,-0.81,15.47,-1.96,85.46,8.63,1.65,C0AH00
永和,25.01125,121.508111,-0.07,16.66,2.92,79.88,4.44,0.65,C0AH10
五分山,25.07125,121.780794,0.23,12.04,1.68,96.14,24.57,8.83,C0AH30
平等,25.129142,121.577086,-1.82,12.73,-0.06,86.12,4.77,1.1,C0AH40
林口,25.072181,121.38084,-1.29,13.87,2.96,86.81,4.31,0.94,C0AH50
松山,25.04871,121.55042,-1.49,16.01,7.88,80.12,4.04,1.11,C0AH70
深坑,25.002703,121.628328,0.62,16.71,-3.68,85.31,5.56,2.06,C0AH80
福山植物園,24.760717,121.58135,-1.21,11.3,4.61,97.31,10.54,5.85,C0AH90
五股,25.07445,121.42728,-3.04,13.96,-2.87,83.5,3.79,1.68,C0AI00
屈尺,24.92184,121.54475,-1.58,15.79,-11.37,73.58,7.06,5.0,C0AI10
白沙灣,25.283128,121.519058,-1.51,15.19,-1.05,84.27,4.44,1.16,C0AI20
三重,25.057328,121.500629,-2.13,16.18,1.5,79.96,3.12,2.38,C0AI30
石牌,25.115597,121.513139,-1.77,16.95,4.15,76.85,2.67,0.97,C0AI40
七堵,25.094819,121.71713,-0.85,16.34,-5.7,83.92,14.25,8.48,C0B010
基隆嶼,25.19141,121.78391,-1.7,15.0,4.72,92.12,10.27,6.67,C0B020
復興,24.820208,121.352281,-0.53,13.73,-4.36,79.54,4.27,-0.26,C0C460
桃園,24.992425,121.323172,-0.74,15.42,-0.72,78.27,4.35,-0.04,C0C480
八德,24.928708,121.283289,-0.8,14.82,-4.09,78.96,4.63,-0.06,C0C490
觀音,25.027072,121.153317,-0.74,14.47,-0.64,82.92,4.02,-0.62,C0C590
蘆竹,25.084275,121.265767,-0.98,14.69,1.03,84.08,4.19,-0.41,C0C620
大溪,24.882853,121.265547,-0.82,14.27,-0.15,81.62,4.04,-0.02,C0C630
平鎮,24.897503,121.214636,-0.58,14.3,-2.14,82.19,3.92,-0.28,C0C650
楊梅,24.912375,121.143047,-0.76,14.43,-0.72,79.58,4.15,0.26,C0C660
龍潭,24.870056,121.221389,-0.62,13.88,2.12,84.15,4.52,0.68,C0C670
龜山,25.02846,121.38656,-0.96,14.21,-2.07,81.54,4.31,1.92,C0C680
中壢,24.977661,121.256375,-1.15,14.57,-2.14,79.85,3.75,0.59,C0C700
大溪永福,24.892936,121.324975,-1.32,15.13,-3.29,82.92,5.12,3.17,C0C710
梅花,24.678347,121.208558,-0.98,13.11,-0.13,87.5,5.02,0.65,C0D360
峨眉,24.6905,121.017189,-0.31,15.08,-4.11,83.19,3.54,-0.17,C0D430
打鐵坑,24.849664,121.150789,-0.91,13.79,-5.65,82.73,2.81,-1.34,C0D480
橫山,24.71116,121.11693,-1.18,13.95,0.63,87.69,3.71,-0.29,C0D540
雪霸,24.526972,121.11605,-0.95,8.69,3.44,83.65,5.46,0.95,C0D550
竹東,24.767147,121.057881,0.0,15.29,-1.59,77.65,2.69,-0.9,C0D560
寶山,24.735006,121.025192,-0.37,14.78,-2.32,82.46,3.02,-1.07,C0D580
新豐,24.87068,120.97721,-0.67,14.29,1.57,86.96,1.68,-1.85,C0D590
湖口,24.904794,121.043628,-0.63,14.73,-3.58,78.88,2.17,-0.47,C0D650
新竹市東區,24.798681,120.986942,-0.78,14.86,0.23,77.62,2.58,0.34,C0D660
竹南,24.708978,120.888897,-0.17,15.68,-0.45,81.81,2.5,-0.56,C0E420
南庄,24.601775,121.000214,-1.06,14.05,4.47,90.08,4.5,-0.02,C0E430
明德,24.583486,120.885411,-0.26,15.28,-5.06,81.04,2.96,0.2,C0E550
通霄,24.471892,120.704622,-0.94,14.97,-1.8,83.69,2.38,0.87,C0E590
馬都安,24.451272,120.930192,-1.44,12.58,3.56,87.31,3.46,0.09,C0E610
頭份,24.688247,120.912206,0.17,16.25,-1.96,77.54,2.52,-0.41,C0E730
造橋,24.637056,120.864778,-0.54,15.22,-5.03,81.0,2.73,-0.03,C0E740
苗栗,24.564569,120.824575,-0.78,15.14,-2.99,78.58,2.69,0.16,C0E750
銅鑼,24.489681,120.790853,-1.18,14.35,2.59,87.31,3.19,1.05,C0E780
西湖,24.562947,120.7485,-0.57,14.8,-1.42,84.46,2.21,0.5,C0E810
獅潭,24.539133,120.920042,-0.98,13.93,-3.68,84.92,3.87,1.03,C0E820
苑裡,24.439714,120.653053,-1.6,14.81,0.91,82.04,2.06,1.07,C0E830
大河,24.618069,120.948578,-2.37,12.94,-2.77,82.15,3.69,1.22,C0E850
高鐵苗栗,24.60725,120.826094,-1.19,15.25,4.36,87.04,2.37,0.97,C0E870
石岡,24.276061,120.777644,-0.22,16.07,3.34,87.04,2.42,1.55,C0F0B0
中坑,24.248517,120.903319,-2.37,12.79,4.52,88.77,3.67,2.49,C0F0C0
審馬陣,24.381675,121.4203,-1.0,2.55,12.47,82.73,4.15,1.77,C0F0D0
東勢,24.246428,120.833047,-0.12,16.12,1.57,82.19,3.37,2.02,C0F850
大坑,24.173142,120.722289,-0.04,17.52,1.44,77.54,3.4,2.48,C0F970
神岡,24.272481,120.658314,-1.4,14.58,-5.13,81.58,2.08,0.72,C0F9I0
大安,24.345061,120.588025,-1.57,14.67,-1.62,84.69,1.96,1.01,C0F9K0
后里,24.310436,120.729725,-0.64,15.4,-3.17,81.58,2.27,0.97,C0F9L0
豐原,24.254322,120.720692,-0.01,16.46,0.71,80.88,2.25,1.04,C0F9M0
大里,24.092464,120.701378,-1.16,17.42,4.64,77.38,3.08,2.05,C0F9N0
潭子,24.213106,120.703933,-0.79,16.54,3.1,81.35,2.42,1.52,C0F9O0
清水,24.312297,120.562242,-1.66,14.84,1.81,85.0,1.81,0.96,C0F9P0
外埔,24.347817,120.705686,-0.78,15.42,-3.55,81.38,2.06,0.71,C0F9Q0
龍井,24.184536,120.528972,-1.53,15.48,-2.98,81.5,1.98,1.12,C0F9R0
烏日,24.107058,120.624103,-1.04,16.53,-0.3,74.81,2.73,1.95,C0F9S0
西屯,24.179494,120.641275,-1.25,15.7,0.23,78.62,2.27,1.54,C0F9T0
南屯,24.137006,120.637969,-1.4,16.67,0.56,74.58,2.17,1.42,C0F9U0
新社,24.200172,120.815806,-1.03,14.65,0.49,84.15,3.37,2.02,C0F9V0
大雅(中科園區),24.21528,120.62445,-1.58,14.92,3.26,82.42,2.08,1.45,C0F9X0
桃山,24.432739,121.303808,-0.72,2.53,10.41,75.5,3.65,1.88,C0F9Y0
雪山東峰,24.388792,121.268675,-0.58,3.34,7.5,72.69,4.56,2.66,C0F9Z0
芬園,24.015678,120.6213,-1.55,15.57,5.08,86.0,2.54,1.7,C0G620
員林,23.946503,120.585597,0.38,18.53,-2.76,75.85,2.27,0.99,C0G650
溪湖,23.94835,120.479122,0.15,17.5,12.05,93.23,2.0,1.27,C0G660
溪州,23.851589,120.499093,-1.27,15.97,-0.46,77.35,2.56,2.02,C0G720
二林,23.903325,120.376081,-1.49,15.25,1.46,86.33,1.81,1.38,C0G730
福興,24.041289,120.437669,-1.22,16.16,-1.21,78.31,2.48,1.8,C0G770
秀水,24.03405,120.503869,-0.65,16.79,2.99,84.38,2.29,1.62,C0G780
埔鹽,24.000394,120.431683,-0.3,16.63,0.67,84.81,1.98,1.36,C0G800
埔心,23.947633,120.525456,-0.68,16.88,9.53,88.5,2.19,1.45,C0G810
田尾,23.901669,120.509389,-0.91,16.46,2.57,86.19,2.25,1.51,C0G820
埤頭,23.866003,120.452806,-1.34,15.88,-4.69,83.3,1.71,1.17,C0G830
社頭,23.897647,120.5862,-0.87,17.38,7.46,84.04,2.37,1.5,C0G860
二水,23.810742,120.6173,0.62,18.68,1.02,83.0,2.31,1.65,C0G880
伸港,24.148933,120.484403,-1.66,15.17,-0.88,81.65,1.96,1.15,C0G890
線西,24.143358,120.443536,-3.0,15.16,-0.04,83.38,2.04,1.81,C0G900
花壇,24.032076,120.549461,-1.19,17.18,9.32,86.04,2.06,1.9,C0G910
埔里,23.972169,120.952425,-0.39,16.96,3.96,83.19,2.96,1.62,C0H890
草屯,23.973672,120.68085,-1.38,16.48,0.55,78.15,2.56,1.65,C0H960
昆陽,24.121322,121.273642,-0.51,2.66,8.64,87.58,3.44,1.13,C0H990
神木村,23.532742,120.843667,-0.79,11.38,5.78,89.58,5.71,3.25,C0H9A0
合歡山,24.143442,121.272547,0.09,1.3,10.34,92.77,7.54,1.72,C0H9C0
廬山,24.033311,121.181808,-0.86,11.86,9.03,86.08,3.21,-0.61,C0I010
信義,23.689694,120.851036,-0.99,15.57,5.66,86.35,3.77,2.81,C0I080
竹山,23.761225,120.688156,-1.18,16.32,2.12,87.15,3.12,1.99,C0I110
水里,23.812553,120.849792,-0.96,16.4,2.0,82.81,3.21,1.87,C0I360
魚池,23.895703,120.94135,-0.46,15.77,0.08,84.12,3.46,1.68,C0I370
集集,23.828206,120.801467,-1.16,16.46,3.81,84.23,3.27,2.15,C0I380
仁愛,24.022122,121.132206,-0.4,13.37,6.85,87.15,3.31,0.67,C0I390
名間,23.837053,120.701447,-1.42,15.85,2.51,82.08,2.65,1.87,C0I410
國姓,24.037803,120.855072,-0.84,16.5,1.84,82.88,2.73,1.75,C0I420
南投,23.911469,120.687331,-1.01,16.9,5.88,82.12,2.27,1.61,C0I460
梅峰,24.085272,121.173572,0.26,8.23,4.02,87.92,4.15,0.93,C0I480
萬大林道,23.928228,121.091411,-0.66,11.33,3.65,85.77,3.4,1.11,C0I490
小奇萊,24.131764,121.295717,-0.69,2.28,10.02,89.85,5.87,0.81,C0I530
崙背,23.75555,120.318925,-1.3,15.81,-2.46,78.04,2.37,1.84,C0K250
四湖,23.630414,120.227125,-1.51,16.05,0.58,78.58,2.38,1.56,C0K280
宜梧,23.536281,120.169329,-1.53,15.76,0.69,80.69,2.67,2.04,C0K291
虎尾,23.719183,120.442036,-1.64,16.15,6.05,83.85,2.69,1.74,C0K330
土庫,23.679029,120.395574,-1.41,15.89,-0.42,78.88,2.38,1.82,C0K390
斗六,23.720583,120.541127,-1.33,16.19,-2.73,78.42,2.75,2.14,C0K400
北港,23.573957,120.292802,-1.67,15.77,-1.81,78.92,2.67,2.16,C0K410
西螺,23.800407,120.467394,-1.27,15.97,0.59,80.31,2.5,1.85,C0K420
褒忠,23.690938,120.303634,-1.54,15.55,0.15,80.65,2.33,1.69,C0K430
二崙,23.772797,120.408944,-1.56,15.46,8.45,89.77,1.83,1.33,C0K440
大埤,23.646074,120.431537,-1.41,16.08,0.29,79.42,2.27,1.78,C0K450
斗南,23.678734,120.478359,-1.37,15.99,2.67,81.35,2.56,2.03,C0K460
林內,23.748675,120.609642,-1.14,16.27,0.97,81.85,2.79,2.05,C0K470
莿桐,23.761192,120.502372,-1.39,15.78,0.25,80.65,2.71,2.17,C0K480
元長,23.64981,120.315024,-1.53,15.73,2.82,81.04,2.67,2.13,C0K500
水林,23.572924,120.24597,-1.45,15.96,2.0,80.23,2.6,2.15,C0K510
臺西,23.701547,120.197559,-1.82,15.3,2.59,82.81,2.23,1.76,C0K530
蔦松,23.514319,120.229736,-1.61,15.87,1.77,81.42,2.77,2.23,C0K550
棋山,23.68645,120.603417,-1.12,16.41,3.63,84.85,3.29,2.52,C0K560
高鐵雲林,23.737456,120.417944,-2.3,15.73,-4.93,83.46,2.21,1.53,C0K580
東後寮,23.369908,120.248065,-1.54,15.97,2.57,82.42,3.02,2.66,C0M520
奮起湖,23.493903,120.699253,3.82,17.21,-8.66,77.0,0.0,-1.81,C0M530
中埔,23.42538,120.5229,-1.66,15.97,2.91,82.31,3.54,3.02,C0M640
朴子,23.43463,120.23902,-2.25,15.34,5.27,83.19,2.81,2.34,C0M650
溪口,23.604131,120.403569,-1.36,16.01,-1.09,79.46,2.52,2.02,C0M660
大林,23.600616,120.45841,-1.36,16.27,1.99,79.08,3.25,2.71,C0M670
太保,23.455062,120.331455,-1.79,16.05,0.02,79.27,3.25,2.78,C0M680
水上,23.419734,120.388909,-1.46,16.27,6.88,85.12,3.29,2.95,C0M690
竹崎,23.526178,120.555508,-1.33,16.18,3.14,84.04,3.77,3.28,C0M700
東石,23.458927,120.15385,-1.79,15.68,-2.04,78.04,3.04,2.59,C0M710
番路,23.464657,120.554156,-1.57,15.57,6.77,87.15,3.65,3.13,C0M720
嘉義市東區,23.457673,120.460531,-1.35,17.27,4.39,78.35,3.37,3.05,C0M730
六腳,23.492871,120.290625,-1.66,15.94,1.36,79.5,3.08,2.47,C0M740
布袋,23.380878,120.167789,-1.62,15.92,-1.33,79.27,2.9,2.53,C0M750
民雄,23.551754,120.428457,-1.49,16.32,0.7,79.35,3.4,2.88,C0M760
嘉義梅山,23.585398,120.555587,-1.48,15.89,5.95,86.5,3.35,2.83,C0M770
鹿草,23.41134,120.30835,-1.49,16.36,3.11,79.69,3.06,2.63,C0M780
新港,23.553269,120.345728,-1.68,15.98,2.48,79.92,3.08,2.57,C0M790
茶山,23.299075,120.664767,-0.82,17.17,6.06,85.77,4.02,3.26,C0M800
里佳,23.389125,120.716647,-0.43,12.84,5.19,88.04,5.38,4.02,C0M810
達邦,23.453994,120.749517,-0.3,14.94,8.4,86.15,4.75,3.55,C0M820
表湖,23.24186,120.64166,-2.24,15.28,8.07,88.42,4.06,3.39,C0M850
北寮,23.079561,120.495008,-1.23,17.24,8.28,89.62,3.69,3.16,C0O830
王爺宮,23.222064,120.40085,0.45,18.16,-3.9,79.12,3.5,2.98,C0O840
大內,23.11885,120.36083,-0.56,18.15,4.37,85.42,3.06,2.72,C0O860
善化,23.112883,120.297219,-1.54,17.04,6.6,89.19,3.56,3.05,C0O900
崎頂,22.959547,120.369317,-1.11,17.05,7.51,88.38,3.54,2.96,C0O960
虎頭埤,23.021375,120.347878,-1.36,16.95,1.55,83.69,3.62,3.22,C0O970
新市,23.061614,120.298197,-0.87,17.81,0.24,80.27,3.21,2.82,C0O980
媽廟,22.99175,120.293525,-1.77,17.0,13.48,92.58,3.38,2.94,C0O990
尾寮山,22.833111,120.683889,-1.39,14.18,1.69,88.77,3.02,2.14,C0R100
阿禮,22.742908,120.743678,-0.37,15.23,3.58,82.15,1.21,0.57,C0R130
瑪家,22.682903,120.686639,-1.47,15.19,13.23,96.19,1.25,0.62,C0R140
三地門,22.709889,120.639944,-1.56,19.17,-5.02,67.88,1.27,0.7,C0R150
鹽埔,22.739558,120.530778,-1.06,18.76,2.59,84.5,1.79,1.38,C0R160
赤山,22.592333,120.614306,-0.92,19.14,9.57,88.58,0.65,0.28,C0R190
潮州,22.534361,120.54,-0.94,19.68,1.2,79.46,0.46,0.1,C0R220
來義,22.527306,120.625111,-1.78,18.1,10.25,89.5,0.56,0.2,C0R240
春日,22.370361,120.628306,-2.8,17.81,9.32,85.26,0.31,-0.14,C0R260
琉球嶼,22.332244,120.362236,-2.17,19.07,-0.38,77.31,0.48,0.06,C0R270
車城,22.0744,120.716247,-1.47,20.1,1.36,75.08,0.08,0.01,C0R320
牡丹,22.130036,120.792639,-1.31,17.59,4.99,91.35,0.94,-0.13,C0R341
貓鼻頭,21.921774,120.7358,-1.38,20.29,-0.69,76.35,0.19,-0.42,C0R350
大漢山,22.405264,120.753181,-0.37,9.45,-0.63,96.62,2.6,0.2,C0R440
高樹,22.826389,120.600806,-1.21,18.95,2.05,78.73,2.33,1.9,C0R470
長治,22.693128,120.542622,-0.59,19.71,2.4,80.88,1.31,1.0,C0R480
九如,22.7405,120.490503,-0.82,19.36,-3.79,78.08,1.65,1.3,C0R490
崁頂,22.514781,120.506914,-1.52,18.81,-0.58,80.38,0.4,-0.01,C0R520
佳冬,22.419456,120.552375,-1.44,18.93,4.22,82.77,0.23,-0.04,C0R540
新埤,22.467947,120.582894,-1.51,18.87,-1.18,77.88,0.29,0.0,C0R550
新園,22.5434,120.461558,-0.56,19.71,-3.72,73.42,0.5,0.05,C0R560
麟洛,22.65078,120.52719,-0.29,20.23,6.59,82.19,0.85,0.56,C0R570
南州,22.48591,120.50274,-1.68,18.62,4.08,82.31,0.5,0.2,C0R580
里港,22.77919,120.49459,-1.49,18.5,4.02,81.08,1.9,1.54,C0R590
舊泰武,22.588194,120.664944,-1.4,15.42,5.81,91.5,1.15,0.41,C0R600
墾雷,21.900836,120.855269,-1.42,20.09,9.42,87.31,1.44,-0.4,C0R620
東港,22.46247,120.44074,-2.9,19.25,2.47,80.31,0.48,0.29,C0R640
竹田,22.58486,120.54344,-2.78,19.22,-1.73,78.73,0.52,0.25,C0R650
枋寮,22.367722,120.590647,-1.56,19.2,9.43,85.96,0.19,-0.0,C0R660
楓港,22.190131,120.692156,-2.11,19.84,0.88,67.88,0.08,-0.05,C0R670
佳樂水,21.993578,120.861633,-1.87,20.02,1.95,79.73,3.06,-2.34,C0R680
墾丁,21.966756,120.810269,-1.32,18.11,-0.68,85.04,1.44,-1.68,C0R690
枋山,22.246844,120.661086,-1.77,19.91,5.85,73.35,0.04,0.0,C0R700
旭海,22.205403,120.887614,-1.88,17.75,14.57,97.5,2.63,-3.69,C0R720
下馬,23.150427,121.070312,1.42,15.9,9.79,96.0,6.0,5.57,C0S660
太麻里,22.60902,120.98533,-1.38,15.4,2.12,86.73,2.25,0.44,C0S690
知本,22.684866,121.005642,-1.54,15.1,4.25,91.77,2.56,0.57,C0S700
鹿野,22.917711,121.122994,-1.44,15.26,4.75,88.96,2.63,1.33,C0S710
綠島,22.6672,121.47533,-1.5,18.32,12.02,94.27,7.5,1.37,C0S730
池上,23.119628,121.209469,-1.84,15.44,3.76,88.55,3.14,2.26,C0S740
向陽,23.248397,120.986133,3.92,11.4,5.36,95.0,13.5,10.15,C0S750
大溪山,22.478475,120.943325,-1.51,16.04,0.22,86.58,3.17,0.78,C0S770
金崙,22.538122,120.966875,-1.88,17.53,1.6,82.85,2.29,0.48,C0S790
東河,22.972672,121.303986,-2.43,18.21,1.59,81.27,2.3,0.3,C0S810
長濱,23.286817,121.411975,-1.86,16.57,2.13,83.27,3.15,1.22,C0S830
南田,22.279725,120.889208,-1.65,19.6,15.97,97.04,1.85,-0.62,C0S840
關山,23.0395,121.175017,-1.13,16.48,3.27,86.73,2.71,2.07,C0S890
蘭嶼高中,22.04909,121.51214,-2.41,20.25,3.81,79.35,10.52,-1.85,C0S900
蘭嶼燈塔,22.081197,121.503117,-2.54,18.67,-2.17,86.88,5.13,-0.1,C0S910
金峰嘉蘭,22.594789,120.960825,-1.81,17.75,3.84,83.77,2.52,1.45,C0S920
延平,22.902581,121.084058,-1.67,16.48,4.57,84.5,3.15,2.74,C0S930
石寧山,23.223772,121.406639,-1.96,17.1,5.74,87.31,3.29,2.36,C0S940
七塊厝,22.954453,121.229922,-1.26,15.9,13.5,100.0,14.0,13.79,C0S950
香蘭,22.587569,120.993375,-1.55,19.05,7.31,79.95,2.23,-0.4,C0S960
加津林,22.416211,120.926942,-1.24,19.43,0.88,75.35,1.69,-1.25,C0S970
勝林山,22.430439,120.8938,-2.51,12.07,2.48,98.23,4.52,0.36,C0S980
山豬窟,22.318619,120.857372,-1.95,16.11,1.71,85.96,2.1,-0.48,C0S990
歷坵,22.520969,120.89185,-1.32,15.48,2.15,91.58,3.13,1.83,C0SA00
檳榔四格山,22.810031,121.109308,-1.91,15.71,5.96,89.88,2.23,1.98,C0SA10
金崙山,22.567419,120.959667,-1.57,12.74,0.7,94.85,3.96,1.98,C0SA20
都歷,23.020333,121.323642,-1.53,18.18,21.73,97.23,2.44,1.42,C0SA30
瑞和,22.974361,121.156697,-1.56,16.55,12.52,94.85,2.92,2.73,C0SA40
土坂,22.453108,120.887572,-1.25,17.6,2.91,86.81,2.92,1.09,C0SA80
大禹嶺,24.186117,121.316086,-0.15,5.44,2.89,76.69,4.02,-0.18,C0T790
天祥,24.179597,121.495639,-1.0,14.04,3.22,85.54,1.56,-0.95,C0T820
鯉魚潭,23.935639,121.508944,-1.73,15.1,2.83,92.65,3.69,0.55,C0T870
西林,23.8119,121.441458,-1.25,15.91,6.31,89.96,2.77,0.4,C0T900
光復,23.660694,121.424964,-1.2,16.32,-1.17,88.08,2.62,0.0,C0T960
月眉山,23.809928,121.539828,-1.46,13.96,2.57,95.62,4.27,0.96,C0T9A0
水源,23.991861,121.537169,-1.74,13.32,4.0,94.65,6.12,1.4,C0T9B0
和中,24.26676,121.74103,-1.78,16.95,13.62,97.54,2.69,-0.91,C0T9D0
大坑,23.880628,121.581981,-1.63,14.32,3.41,93.96,4.81,1.11,C0T9E0
水璉,23.797131,121.542514,-2.25,15.62,6.65,91.0,3.79,0.85,C0T9F0
鳳林山,23.735269,121.420131,-2.87,13.15,0.82,95.62,3.29,-0.22,C0T9G0
加路蘭山,23.682947,121.5274,-1.85,12.58,4.32,99.46,10.35,3.83,C0T9H0
靜浦,23.455167,121.495028,-1.52,16.81,4.38,89.31,8.63,3.94,C0T9M0
富里,23.171639,121.249378,0.48,18.1,14.86,100.0,11.0,10.84,C0T9N0
雙連埤,24.753033,121.641303,-1.86,11.7,-0.51,96.65,10.06,4.2,C0U520
礁溪,24.817539,121.765608,-1.61,15.6,2.37,86.42,5.42,0.29,C0U600
玉蘭,24.675286,121.587061,-1.77,12.87,2.74,90.31,10.29,3.96,C0U650
太平山,24.505486,121.525656,-1.4,6.19,4.29,94.62,6.75,2.44,C0U710
南山,24.43742,121.38167,-3.07,8.97,0.06,96.04,4.31,3.02,C0U720
東澳,24.52196,121.83318,-2.41,15.68,10.93,97.69,11.17,4.05,C0U760
南澳,24.44935,121.81022,-2.26,16.42,5.53,82.19,3.23,0.49,C0U770
五結,24.68637,121.79794,-2.07,15.06,5.74,88.08,9.44,4.05,C0U780
頭城,24.85323,121.8308,-1.89,15.77,6.05,88.12,5.77,3.31,C0U860
大礁溪,24.791042,121.675047,-1.99,12.74,6.8,94.81,7.44,3.71,C0U870
三星,24.66812,121.65302,-2.06,14.77,8.5,96.5,6.21,3.71,C0U890
內城,24.71813,121.68766,-1.79,15.28,3.14,89.88,6.0,3.66,C0U900
冬山,24.63373,121.7937,-1.73,15.61,15.11,96.85,10.65,7.06,C0U910
羅東,24.68184,121.74934,-1.63,15.46,3.05,88.15,6.63,4.09,C0U940
鶯子嶺,24.89754,121.79244,-1.91,8.94,-0.37,96.92,12.92,6.0,C0U950
翠峰湖,24.510856,121.608044,-1.7,5.23,1.14,97.04,4.56,2.18,C0U960
大福,24.80064,121.81389,-2.15,15.3,4.29,85.31,5.79,3.75,C0U970
坪林石牌,24.86478,121.77396,-1.7,11.73,0.66,96.81,7.5,3.89,C0U980
員山,24.74435,121.72247,-2.06,15.43,8.36,89.5,5.79,3.42,C0U990
土場,24.576533,121.495333,-1.83,13.44,1.21,89.5,2.69,1.24,C0UA00
鴛鴦湖,24.590269,121.412228,-1.7,6.38,3.2,98.69,7.96,4.21,C0UA10
白嶺,24.527819,121.519031,-2.12,7.74,2.21,98.08,9.54,5.44,C0UA30
西德山,24.560647,121.752608,-3.1,9.02,2.43,98.96,10.62,5.78,C0UA40
西帽山,24.555361,121.802628,-2.93,10.48,0.48,96.5,28.5,18.33,C0UA50
樟樹山,24.41393,121.78325,-2.56,12.71,9.93,98.62,4.94,1.34,C0UA60
桃源谷,24.962606,121.888875,-2.01,11.64,1.01,97.58,23.15,13.24,C0UA70
復興,23.222403,120.806089,-0.56,16.75,8.92,82.96,5.19,4.19,C0V210
溪埔,22.738578,120.446797,-1.19,18.53,4.61,81.78,1.27,0.92,C0V350
內門,22.975481,120.466769,-0.19,18.36,4.46,82.92,3.31,2.83,C0V360
古亭坑,22.893178,120.401947,-1.71,17.3,5.83,86.04,3.08,2.59,C0V370
阿公店,22.804194,120.355528,-1.77,17.07,1.7,82.69,2.23,1.91,C0V400
鳳山,22.646653,120.356122,-2.0,17.95,13.16,86.62,1.1,0.74,C0V440
鳳森,22.545064,120.392592,-1.39,18.7,3.41,77.69,0.63,0.17,C0V450
新興,22.627422,120.298803,-1.63,18.5,4.82,77.0,1.08,0.71,C0V490
梓官,22.760558,120.267211,-1.74,17.63,3.21,79.38,1.9,1.61,C0V610
永安,22.82315,120.236856,-1.84,17.21,1.56,79.73,2.21,1.98,C0V620
茄萣,22.906642,120.182608,-1.6,17.15,7.68,81.38,3.0,2.42,C0V630
湖內,22.887139,120.2445,-1.94,17.01,1.18,78.88,2.88,2.36,C0V640
彌陀,22.783806,120.246361,-1.37,17.98,2.71,80.04,2.33,2.06,C0V650
岡山,22.797078,120.294958,-1.34,18.33,3.53,77.88,2.5,2.19,C0V660
仁武,22.701083,120.347722,-1.48,18.52,3.44,77.96,1.77,1.47,C0V680
鼓山,22.623325,120.275575,-1.89,18.1,5.9,81.15,1.31,0.89,C0V690
三民,22.645017,120.311233,-1.86,18.61,8.31,78.08,1.17,0.79,C0V700
苓雅,22.622742,120.330669,-1.06,19.17,12.51,81.23,1.08,0.73,C0V710
林園,22.507747,120.394511,-1.07,20.16,7.18,76.65,0.54,0.05,C0V720
大寮,22.605614,120.395717,-1.69,18.67,9.5,81.23,1.25,0.76,C0V730
旗山,22.888614,120.483597,-0.8,18.7,4.23,79.5,2.77,2.45,C0V740
路竹,22.854997,120.259439,-1.12,18.17,3.41,79.15,2.62,2.32,C0V750
橋頭,22.757806,120.30575,-1.55,18.33,-0.09,75.65,2.02,1.67,C0V760
大社,22.730306,120.346639,-1.91,17.86,8.36,82.08,1.85,1.53,C0V770
萬山,22.905944,120.688056,-0.62,18.15,6.12,82.27,0.44,-0.25,C0V790
六龜,22.997889,120.633583,-0.31,19.21,9.51,85.12,3.81,2.97,C0V800
左營,22.67491,120.28491,-2.12,17.42,-0.12,80.96,1.56,1.31,C0V810
小林,23.148408,120.63325,-2.36,17.45,15.64,87.96,3.04,2.55,C0V820
東莒,25.9652,119.98069,-0.53,10.21,-3.46,76.69,0.75,-0.72,C0W110
西嶼,23.5626,119.468436,-2.14,14.76,-0.26,84.38,2.48,2.12,C0W120
花嶼,23.40007,119.32276,-2.47,15.4,2.7,83.19,2.17,2.03,C0W130
金寧,24.457703,118.328989,-0.85,13.65,-5.52,68.27,0.38,-1.2,C0W150
東河,23.296598,120.385608,-1.57,16.53,-0.75,79.58,3.27,2.93,C0X050
下營,23.22695,120.256261,-1.48,16.35,-0.18,79.23,3.5,3.08,C0X060
佳里,23.173039,120.145086,-1.93,16.35,4.11,82.69,3.21,2.71,C0X080
臺南市北區,23.010394,120.194228,-1.94,16.92,13.66,89.08,2.83,2.37,C0X100
臺南市南區,22.961189,120.188378,-2.06,17.25,5.6,80.81,3.23,2.59,C0X110
麻豆,23.183289,120.248611,-1.37,17.12,5.58,86.92,0.02,-0.41,C0X120
官田,23.193217,120.315422,-1.5,17.13,6.24,85.96,3.25,2.82,C0X130
西港,23.125608,120.203108,-2.1,16.37,6.17,85.69,3.63,3.16,C0X140
安定,23.102614,120.227839,-1.77,16.45,5.35,87.69,2.69,2.25,C0X150
仁德,22.968258,120.257689,-1.34,17.75,6.03,81.85,3.31,2.79,C0X160
關廟,22.963017,120.327797,-2.3,16.66,8.11,84.5,3.23,2.7,C0X170
山上,23.0757,120.363253,-1.42,17.04,1.99,83.58,3.5,3.11,C0X180
安平,22.993161,120.152181,-2.03,16.7,1.64,80.88,3.23,2.87,C0X190
左鎮,23.056758,120.408522,-0.33,17.65,0.59,82.92,3.29,2.89,C0X200
白河,23.347466,120.414427,-1.59,16.41,1.54,81.08,3.17,2.83,C0X210
學甲,23.230367,120.182187,-1.63,16.03,3.76,82.0,3.08,2.75,C0X220
鹽水,23.272621,120.247641,-1.71,15.87,2.78,83.38,3.08,2.77,C0X230
關子嶺,23.331169,120.508025,-1.3,15.1,7.72,92.31,4.27,3.69,C0X240
新營,23.310689,120.316681,-1.79,16.35,4.98,82.15,3.19,2.85,C0X250
後壁,23.366358,120.362326,-1.48,16.32,0.95,80.27,3.56,3.26,C0X260
將軍,23.214999,120.13577,-1.93,15.75,-0.71,79.27,2.52,2.22,C0X280
北門,23.267772,120.125481,-2.02,15.71,1.38,81.08,3.15,2.8,C0X290
鹿寮,23.386047,120.477331,-0.96,16.71,3.92,86.73,3.58,3.12,C0X300
柳營,23.253328,120.375253,-1.97,16.97,1.3,78.19,3.37,3.28,C0X320
明里,23.208717,121.262342,-1.32,15.9,1.13,90.54,2.61,1.62,C0Z020
佳心,23.34567,121.21316,-1.79,12.05,9.65,98.62,3.04,1.55,C0Z050
玉里,23.3215,121.339656,-1.65,16.12,6.44,93.58,3.23,1.79,C0Z061
舞鶴,23.46811,121.37407,-1.26,15.43,8.97,99.73,2.77,1.24,C0Z070
富源,23.587642,121.378225,-1.16,15.31,0.75,91.65,2.62,0.56,C0Z080
東華,23.89525,121.549833,-0.73,16.94,-0.22,88.23,1.15,-0.14,C0Z100
吉安光華,23.930925,121.595153,-1.2,17.25,-9.5,74.23,2.0,0.64,C0Z150
鳳林,23.746114,121.453411,-1.6,16.24,-2.22,82.96,2.0,0.8,C0Z160
卓溪,23.3443,121.3029,-2.33,15.94,3.46,86.04,2.6,2.05,C0Z170
新城,24.03946,121.60454,-1.61,17.15,5.0,84.12,3.04,0.67,C0Z180
富世,24.14743,121.6297,-1.75,17.02,1.47,83.08,2.48,0.15,C0Z190
萬榮,23.709219,121.420106,-1.44,16.05,-6.05,84.54,1.77,0.68,C0Z200
瑞穗,23.5239,121.39021,-1.37,16.22,2.7,89.85,3.02,2.06,C0Z210
和平林道,24.343922,121.656317,-1.83,12.99,-0.04,88.88,2.15,0.79,C0Z220
和平,24.30717,121.77007,-2.07,16.56,0.84,75.65,2.65,0.19,C0Z230
瑞穗林道,23.49284,121.30688,-0.68,11.85,2.58,98.77,6.04,3.24,C0Z250
蕃薯寮,23.73835,121.540108,-1.74,14.67,3.05,90.27,6.77,3.55,C0Z270
德武,23.47426,121.41071,-2.08,15.59,0.94,91.15,3.25,2.23,C0Z280
赤柯山,23.36893,121.38293,-2.25,11.17,4.28,99.19,6.06,4.16,C0Z290
東里,23.26853,121.30547,-1.8,16.14,-1.73,87.65,3.12,2.26,C0Z300
清水斷崖,24.218294,121.689142,-2.05,16.71,0.01,82.0,0.08,-1.28,C0Z310
清水林道,23.27125,121.188272,-2.54,13.13,3.06,91.77,5.15,3.65,C0Z320
安通山,23.290728,121.348528,-3.51,13.65,6.41,94.58,3.75,2.4,C0Z330
口湖工作站,23.589978,120.180394,-3.21,15.67,-0.26,75.35,1.83,1.58,12J990
東港工作站,22.479997,120.466058,-2.85,19.28,0.64,66.92,0.42,0.34,12Q970
恆春工作站,22.079678,120.714425,-2.2,20.43,-0.99,66.62,0.02,-0.21,12Q980
萬大發電廠,23.978875,121.139639,-1.37,14.52,3.46,81.12,3.1,1.32,42HA10
桃改樹林分場,24.944503,121.386972,-1.7,15.6,-0.85,75.15,4.52,2.79,72AI40
桃園農改場,24.950944,121.030583,-0.44,15.06,-4.1,81.19,3.13,-0.21,72C440
桃改五峰分場,24.612194,121.157167,-1.05,11.04,3.43,91.65,6.06,1.42,72D080
臺中農改場,24.003028,120.534389,-1.44,15.93,1.75,82.23,1.96,0.73,72G600
中改埔里分場,23.903208,120.963364,-1.63,15.42,8.54,89.62,3.42,1.24,72HA00
南改斗南分場,23.634556,120.477333,-1.02,16.7,-0.87,80.73,2.9,1.92,72K220
南改義竹分場,23.360694,120.279361,-1.72,16.08,-1.27,80.31,3.12,2.54,72M360
南改鹿草分場,23.416869,120.283061,-3.22,16.04,0.19,80.78,3.28,3.07,72M700
臺南農改場,23.0605,120.342194,-2.12,16.67,4.21,84.58,0.27,-0.15,72N100
七股研究中心,23.081672,120.062894,-3.73,16.11,1.54,82.62,3.71,3.63,72N240
高雄農改場,22.709333,120.525889,-1.66,18.98,4.72,82.85,0.81,0.47,72Q010
東改班鳩分場,22.829528,121.077694,-1.41,16.6,-0.83,79.46,2.44,1.08,72S200
東改賓朗果園,22.813889,121.071278,-2.08,16.28,-5.17,82.85,2.67,1.32,72S590
花蓮農改場,23.975222,121.563889,-1.19,16.92,-1.41,81.08,3.33,1.0,72T250
花改蘭陽分場,24.686306,121.716583,-1.58,15.45,1.94,85.35,6.42,2.07,72U480
高改旗南分場,22.857861,120.516667,-2.24,18.03,7.89,81.31,2.63,2.27,72V140
茶改北部分場,24.955778,121.631222,-1.16,12.83,1.86,89.0,8.13,0.77,82A750
茶改場,24.908472,121.185333,-0.9,14.12,-3.15,82.69,4.17,-0.82,82C160
茶改中部分場,23.875611,120.913583,-1.99,14.12,5.61,88.85,3.42,1.84,82H320
茶改南部分場,23.762528,120.7405,-1.62,14.84,0.21,88.88,3.77,2.64,82H840
茶改東部分場,22.907694,121.130139,-1.84,16.71,-3.01,78.92,2.27,1.34,82S580
農工中心,24.985917,121.239833,-0.9,14.86,-1.02,80.04,4.33,-0.03,A2C560
水試臺西試驗場,23.717231,120.190522,-2.09,15.72,1.75,84.81,2.54,2.3,A2K360
臺大雲林校區,23.730628,120.423903,-1.81,15.86,1.57,80.5,2.27,2.02,A2K630
臺南蘭花園區,23.340258,120.379661,-1.72,16.74,3.52,81.35,1.58,1.36,A2N290
畜試北區分所,24.527806,120.770972,-1.17,14.63,-2.41,82.81,2.63,1.35,B2E890
畜產試驗所,23.058972,120.336406,-1.93,16.5,4.35,84.81,2.4,1.9,B2N890
畜試南區分所,21.945583,120.802167,-1.93,19.86,-1.79,73.0,1.0,-0.31,B2Q810
畜試東區分所,24.669039,121.832561,-1.82,15.45,10.7,91.77,8.12,4.28,B2U990
蓮華池,23.918333,120.885278,-1.31,14.93,3.51,88.85,2.85,0.95,E2H360
林試畢祿溪站,24.226944,121.308522,0.32,7.78,6.91,82.32,4.16,2.38,E2HA20
四湖植物園,23.676986,120.163433,-3.17,15.82,6.87,89.38,2.46,1.94,E2K600
林試六龜中心,22.991703,120.645722,-0.76,17.98,9.55,85.65,3.4,2.31,E2P980
林試太麻里2,22.598,120.99775,-1.35,18.76,-0.74,75.12,1.79,-0.12,E2S960
林試太麻里1,22.598922,120.980044,-1.35,18.02,1.72,78.62,2.19,0.87,E2S980
農試所(霧峰),24.031261,120.688133,-1.23,16.81,3.73,83.76,2.56,1.04,G2F820
農試嘉義分所,23.485028,120.473806,-1.63,16.04,0.19,81.85,2.65,1.77,G2L020
農試鳳山分所,22.646611,120.356083,-2.46,18.12,5.38,78.15,1.0,0.5,G2P820
苗栗農改場,24.495722,120.829111,-1.38,14.34,-1.0,83.27,3.46,0.7,K2E360
苗改生物防治研究中心,24.422861,120.871833,-2.47,13.7,-2.41,82.69,3.13,2.23,K2E710
種苗改良場,24.225972,120.800917,-1.24,14.38,7.1,87.0,3.38,1.02,K2F750
溪頭,23.670306,120.798194,-1.32,11.95,7.86,95.15,6.0,4.01,U2H480
臺大和社,23.590856,120.888864,-1.67,15.06,12.85,87.88,3.67,3.48,U2HA30
臺大內茅埔,23.689722,120.851117,-2.67,15.49,10.85,86.27,3.87,3.37,U2HA40
臺大竹山,23.756972,120.681556,-1.57,16.3,-2.0,81.0,3.04,1.98,U2HA50
臺大竹山,23.756972,120.681556,-1.57,16.3,-2.0,81.0,3.04,1.98,U2HA50
臺大內茅埔,23.689722,120.851117,-2.67,15.49,10.85,86.27,3.87,3.37,U2HA40
臺大和社,23.590856,120.888864,-1.67,15.06,12.85,87.88,3.67,3.48,U2HA30
臺大溪頭,23.670306,120.798194,-1.32,11.95,7.86,95.15,6.0,4.01,U2H480
種苗繁殖,24.225972,120.800917,-1.24,14.38,7.1,87.0,3.38,1.02,K2F750
苗改生物防治研究中心,24.422861,120.871833,-2.47,13.7,-2.41,82.69,3.13,2.23,K2E710
苗栗農改,24.495722,120.829111,-1.38,14.34,-1.0,83.27,3.46,0.7,K2E360
農試鳳山分所,22.646611,120.356083,-2.46,18.12,5.38,78.15,1.0,0.5,G2P820
農試嘉義分所,23.485028,120.473806,-1.63,16.04,0.19,81.85,2.65,1.77,G2L020
農業試驗所,24.031261,120.688133,-1.23,16.81,3.73,83.76,2.56,1.04,G2F820
林試太麻里1,22.598922,120.980044,-1.35,18.02,1.72,78.62,2.19,0.87,E2S980
林試太麻里2,22.598014,120.989761,-1.35,18.76,-0.74,75.12,1.79,-0.12,E2S960
林試六龜中心,22.991703,120.645722,-0.76,17.98,9.55,85.65,3.4,2.31,E2P980
四湖植物園,23.676986,120.163433,-3.17,15.82,6.87,89.38,2.46,1.94,E2K600
林試畢祿溪站,24.226944,121.308522,0.32,7.78,6.91,82.32,4.16,2.38,E2HA20
蓮華池,23.918333,120.885278,-1.31,14.93,3.51,88.85,2.85,0.95,E2H360
畜試東區分所,24.669039,121.832561,-1.82,15.45,10.7,91.77,8.12,4.28,B2U990
畜試南區分所,21.945583,120.802167,-1.93,19.86,-1.79,73.0,1.0,-0.31,B2Q810
畜試所,23.058972,120.336406,-1.93,16.5,4.35,84.81,2.4,1.9,B2N890
畜試北區分所,24.527806,120.770972,-1.17,14.63,-2.41,82.81,2.63,1.35,B2E890
臺南蘭花園區,23.340258,120.379661,-1.72,16.74,3.52,81.35,1.58,1.36,A2N290
臺大雲林校區,23.730628,120.423903,-1.81,15.86,1.57,80.5,2.27,2.02,A2K630
水試臺西試驗場,23.717231,120.190522,-2.09,15.72,1.75,84.81,2.54,2.3,A2K360
農工中心,24.985917,121.239833,-0.9,14.86,-1.02,80.04,4.33,-0.03,A2C560
茶改東部分場,22.907694,121.130139,-1.84,16.71,-3.01,78.92,2.27,1.34,82S580
茶改南部分場,23.762528,120.7405,-1.62,14.84,0.21,88.88,3.77,2.64,82H840
茶改中部分場,23.875611,120.913583,-1.99,14.12,5.61,88.85,3.42,1.84,82H320
茶改場,24.908472,121.185333,-0.9,14.12,-3.15,82.69,4.17,-0.82,82C160
茶改北部分場,24.955778,121.631222,-1.16,12.83,1.86,89.0,8.13,0.77,82A750
高改旗南分場,22.857861,120.516667,-2.24,18.03,7.89,81.31,2.63,2.27,72V140
花改蘭陽分場,24.686306,121.716583,-1.58,15.45,1.94,85.35,6.42,2.07,72U480
花蓮農改,23.975222,121.563889,-1.19,16.92,-1.41,81.08,3.33,1.0,72T250
東改賓朗果園,22.813889,121.071278,-2.08,16.28,-5.17,82.85,2.67,1.32,72S590
東改班鳩分場,22.829528,121.077694,-1.41,16.6,-0.83,79.46,2.44,1.08,72S200
高雄農改,22.709333,120.525889,-1.66,18.98,4.72,82.85,0.81,0.47,72Q010
七股研究中心,23.081672,120.062894,-3.73,16.11,1.54,82.62,3.71,3.63,72N240
臺南農改,23.0605,120.342194,-2.12,16.67,4.21,84.58,0.27,-0.15,72N100
南改鹿草分場,23.416869,120.283061,-3.22,16.04,0.19,80.78,3.28,3.07,72M700
南改義竹分場,23.360694,120.279361,-1.72,16.08,-1.27,80.31,3.12,2.54,72M360
南改斗南分場,23.634556,120.477333,-1.02,16.7,-0.87,80.73,2.9,1.92,72K220
中改埔里分場,23.903208,120.963364,-1.63,15.42,8.54,89.62,3.42,1.24,72HA00
臺中農改,24.003028,120.534389,-1.44,15.93,1.75,82.23,1.96,0.73,72G600
桃改五峰分場,24.612194,121.157167,-1.05,11.04,3.43,91.65,6.06,1.42,72D080
桃園農改,24.950944,121.030583,-0.44,15.06,-4.1,81.19,3.13,-0.21,72C440
桃改樹林分場,24.944503,121.386972,-1.7,15.6,-0.85,75.15,4.52,2.79,72AI40
萬大發電廠,23.978875,121.139639,-1.37,14.52,3.46,81.12,3.1,1.32,42HA10
恆春工作站,22.079678,120.714425,-2.2,20.43,-0.99,66.62,0.02,-0.21,12Q980
東港工作站,22.479997,120.466058,-2.85,19.28,0.64,66.92,0.42,0.34,12Q970
口湖工作站,23.589978,120.180394,-3.21,15.67,-0.26,75.35,1.83,1.58,12J990
