站名,緯度,經度,平均溫距平,本年度平均溫,平均溼度距平,本年度日均相對溼度,本年度日均降水量,日均降水量距平,站號
淡水,25.164889,121.448906,-0.99,14.96,-10.24,69.45,0.79,-2.23,466900
鞍部,25.182586,121.529731,-2.28,8.42,-0.3,91.1,3.88,-5.93,466910
臺北,25.037658,121.514853,-1.23,15.74,-8.44,67.6,0.91,-2.09,466920
竹子湖,25.162078,121.544547,-1.97,10.42,-3.09,84.05,3.58,-3.61,466930
基隆,25.133314,121.740475,-1.0,15.54,-8.97,68.3,2.29,-8.56,466940
花蓮,23.975128,121.613275,-1.26,17.23,-4.71,69.6,0.74,-1.19,466990
新屋,25.006744,121.047486,-1.42,15.24,-10.73,66.85,0.7,-2.8,467050
宜蘭,24.763975,121.756528,-1.79,15.12,-2.97,76.05,1.13,-4.69,467080
金門,24.407306,118.289281,-0.26,13.43,-12.66,58.5,0.0,-1.18,467110
澎湖,23.565503,119.563094,-1.17,16.03,-4.73,73.55,0.56,-0.04,467350
臺南,22.993239,120.204772,-1.43,16.61,-4.68,70.0,0.32,-0.35,467410
永康,23.038386,120.2367,-1.14,16.58,-1.6,72.1,0.29,-0.32,467420
嘉義,23.495925,120.432906,-1.38,15.8,1.4,78.45,1.27,0.5,467480
臺中,24.145736,120.684075,-1.13,16.23,-4.92,69.15,1.17,0.06,467490
阿里山,23.508208,120.813242,-1.54,5.24,2.28,81.6,4.65,1.92,467530
大武,22.355675,120.903789,-1.8,18.83,-2.19,68.0,1.01,-0.19,467540
玉山,23.487614,120.959522,0.04,0.2,0.29,57.75,7.6,5.44,467550
新竹,24.827853,121.014219,-0.67,15.51,-10.74,66.75,0.74,-1.71,467571
恆春,22.003897,120.746339,-1.75,19.5,-1.53,68.0,0.82,0.16,467590
成功,23.097486,121.373428,-1.38,17.74,-2.67,71.25,0.93,-1.49,467610
日月潭,23.881325,120.90805,-1.55,13.0,8.47,84.35,2.16,0.46,467650
臺東,22.752211,121.154586,-1.77,18.0,-0.85,70.0,0.96,-0.32,467660
馬祖,26.169269,119.923419,0.03,10.74,-9.67,69.95,0.0,-1.56,467990
山佳,24.974944,121.402008,-0.67,15.82,-10.96,71.45,1.23,-1.7,C0A520
坪林,24.938183,121.70975,-2.07,11.97,-11.81,80.44,1.47,-2.4,C0A530
泰平,24.971197,121.823711,-1.81,11.2,-2.86,92.4,5.0,-8.89,C0A550
桶後,24.848222,121.597992,-1.86,11.6,-2.49,91.75,2.65,-2.66,C0A570
石碇,24.993969,121.662917,-1.11,13.38,-9.64,80.3,1.58,-3.83,C0A640
大坪,25.165914,121.632969,-1.04,12.61,-4.82,88.2,7.25,-17.67,C0A860
五指山,25.132153,121.608692,-0.52,11.1,-2.55,91.65,3.78,-5.25,C0A870
雙溪,25.036003,121.864242,-0.7,14.6,-6.44,85.3,2.35,-8.54,C0A890
三和,25.233153,121.595236,-2.07,13.22,-7.99,78.75,4.6,-12.68,C0A931
金山,25.223628,121.643967,0.12,16.0,-13.88,69.6,2.5,-5.6,C0A940
鼻頭角,25.129036,121.923372,-0.61,16.28,-8.99,70.95,1.0,-2.47,C0A950
三貂角,25.007606,122.002058,-0.99,15.57,-13.9,73.45,2.68,-3.89,C0A970
社子,25.109508,121.469681,-0.47,16.29,-4.82,73.1,0.75,-1.42,C0A980
天母,25.117494,121.537169,-1.19,15.73,-11.22,63.75,0.68,-1.2,C0A9C0
內湖,25.079422,121.57545,-1.26,15.61,-0.07,78.95,0.7,-1.61,C0A9F0
大屯山,25.175675,121.522408,-1.11,8.22,1.06,96.9,2.82,-4.08,C0AC40
三峽,24.939025,121.369728,-0.04,16.4,-9.83,71.45,1.25,-3.04,C0AC60
信義,25.037822,121.564597,0.07,16.57,-7.72,72.0,0.95,-2.72,C0AC70
文山,25.00235,121.575728,-1.35,14.78,-11.52,73.1,1.18,-2.64,C0AC80
新莊,25.051478,121.446756,-1.32,15.64,-10.83,63.95,0.8,-2.7,C0ACA0
八里,25.150211,121.403947,-0.97,15.62,-5.73,72.2,0.57,-3.25,C0AD10
蘆洲,25.086594,121.472331,-0.77,16.42,-9.61,65.15,0.7,-2.37,C0AD30
土城,24.973208,121.445169,-0.84,15.48,-6.39,73.6,1.2,-2.31,C0AD40
鶯歌,24.951533,121.346294,-0.21,16.04,-9.38,72.95,1.18,-2.57,C0AD50
汐止,25.066881,121.658778,-1.41,15.24,-13.5,71.8,1.8,-4.37,C0AH00
永和,25.01125,121.508111,-0.8,16.42,-4.19,69.95,0.95,-2.14,C0AH10
五分山,25.07125,121.780794,-2.14,10.54,-3.95,93.2,6.88,-9.88,C0AH30
平等,25.129142,121.577086,-2.98,12.32,-13.17,74.6,1.25,-3.24,C0AH40
林口,25.072181,121.38084,-1.98,13.62,-11.38,76.7,0.82,-3.22,C0AH50
松山,25.04871,121.55042,-2.49,15.56,-12.92,58.83,0.31,-3.73,C0AH70
深坑,25.002703,121.628328,-1.6,15.1,-7.4,77.55,1.3,-2.34,C0AH80
福山植物園,24.760717,121.58135,-3.82,9.8,0.69,95.05,2.6,-5.13,C0AH90
五股,25.07445,121.42728,-3.42,13.68,-18.06,73.8,0.75,-0.74,C0AI00
屈尺,24.92184,121.54475,-2.64,14.86,-16.64,67.7,1.92,-0.71,C0AI10
白沙灣,25.283128,121.519058,-1.22,15.42,-13.29,70.8,0.85,-3.55,C0AI20
三重,25.057328,121.500629,-2.56,15.86,-10.96,69.4,0.68,0.49,C0AI30
石牌,25.115597,121.513139,-2.16,16.72,-5.35,66.45,0.62,-0.26,C0AI40
七堵,25.094819,121.71713,-1.52,16.01,-14.68,74.0,3.02,-5.25,C0B010
基隆嶼,25.19141,121.78391,-1.95,15.28,-7.87,79.7,2.7,-1.23,C0B020
復興,24.820208,121.352281,-1.3,12.58,-6.63,73.35,1.3,-2.16,C0C460
桃園,24.992425,121.323172,-1.0,15.07,-8.06,67.3,1.38,-2.15,C0C480
八德,24.928708,121.283289,-1.52,14.57,-11.27,68.55,1.32,-3.22,C0C490
觀音,25.027072,121.153317,-0.96,14.46,-12.09,67.3,0.82,-3.08,C0C590
蘆竹,25.084275,121.265767,-1.67,14.78,-6.34,72.4,0.85,-3.78,C0C620
大溪,24.882853,121.265547,-0.97,13.91,-5.53,71.85,1.23,-2.1,C0C630
平鎮,24.897503,121.214636,-0.69,14.01,-9.34,71.65,0.92,-2.67,C0C650
楊梅,24.912375,121.143047,-1.67,14.38,-8.79,67.7,1.0,-3.16,C0C660
龍潭,24.870056,121.221389,-1.97,13.34,-2.1,78.6,1.18,-3.72,C0C670
龜山,25.02846,121.38656,-1.81,14.0,-11.19,71.55,1.3,-3.28,C0C680
中壢,24.977661,121.256375,-2.03,14.5,-12.33,67.85,0.92,-3.45,C0C700
大溪永福,24.892936,121.324975,-1.93,14.45,-11.78,75.45,1.27,-0.24,C0C710
梅花,24.678347,121.208558,-1.8,11.62,-2.34,82.15,1.65,-0.77,C0D360
峨眉,24.6905,121.017189,-1.39,14.28,-9.52,75.35,1.27,-2.87,C0D430
打鐵坑,24.849664,121.150789,-1.3,13.28,-11.73,73.95,0.95,-2.48,C0D480
橫山,24.71116,121.11693,-1.89,12.96,-2.54,80.65,1.68,-1.68,C0D540
雪霸,24.526972,121.11605,-1.49,6.97,-3.86,72.5,1.9,-2.32,C0D550
竹東,24.767147,121.057881,-0.29,14.94,-7.47,67.8,0.92,-2.08,C0D560
寶山,24.735006,121.025192,-0.76,14.28,-7.78,73.55,1.02,-2.46,C0D580
新豐,24.87068,120.97721,-0.77,14.35,-8.71,72.9,0.85,-2.26,C0D590
湖口,24.904794,121.043628,-1.27,14.97,-10.41,67.65,1.0,-1.92,C0D650
新竹市東區,24.798681,120.986942,-1.82,14.81,-9.78,66.3,0.72,-3.29,C0D660
竹南,24.708978,120.888897,-0.48,15.4,-8.41,70.15,0.72,-1.17,C0E420
南庄,24.601775,121.000214,-1.76,12.76,1.87,85.7,1.38,-1.49,C0E430
明德,24.583486,120.885411,-1.11,14.84,-11.91,72.35,0.9,-2.28,C0E550
通霄,24.471892,120.704622,-1.34,14.91,-11.63,72.7,0.88,-1.33,C0E590
馬都安,24.451272,120.930192,-1.68,11.42,-1.43,80.8,1.8,-0.15,C0E610
頭份,24.688247,120.912206,-0.06,16.04,-7.79,67.55,0.8,-1.83,C0E730
造橋,24.637056,120.864778,-1.43,14.88,-12.02,72.0,0.95,-2.21,C0E740
苗栗,24.564569,120.824575,-1.5,14.92,-10.34,69.25,0.75,-2.3,C0E750
銅鑼,24.489681,120.790853,-1.92,13.89,0.29,84.37,0.37,-2.5,C0E780
西湖,24.562947,120.7485,-1.1,14.74,-11.05,73.6,0.6,-1.71,C0E810
獅潭,24.539133,120.920042,-1.98,12.9,-7.06,79.5,1.35,-1.61,C0E820
苑裡,24.439714,120.653053,-1.83,15.05,-10.57,69.85,0.6,-1.36,C0E830
大河,24.618069,120.948578,-4.33,12.06,-12.18,73.5,1.2,-3.45,C0E850
高鐵苗栗,24.60725,120.826094,-1.81,15.05,-7.52,74.95,0.75,-2.17,C0E870
石岡,24.276061,120.777644,-1.76,14.94,-3.91,82.2,1.05,-0.52,C0F0B0
中坑,24.248517,120.903319,-3.47,11.66,-0.36,82.25,1.92,-0.87,C0F0C0
審馬陣,24.381675,121.4203,-2.84,1.16,-0.51,67.4,2.33,-2.64,C0F0D0
南湖圈谷,24.363714,121.444667,-4.22,-3.09,-10.68,70.3,0.0,-9.35,C0F0E0
東勢,24.246428,120.833047,-1.21,14.7,-2.33,79.4,1.42,-0.67,C0F850
大坑,24.173142,120.722289,-0.61,16.8,-4.61,72.6,1.15,-0.52,C0F970
神岡,24.272481,120.658314,-1.73,14.38,-14.47,71.95,0.82,-0.89,C0F9I0
大安,24.345061,120.588025,-1.62,15.0,-12.61,72.15,0.65,-0.88,C0F9K0
后里,24.310436,120.729725,-1.31,14.74,-10.78,73.15,1.02,-0.73,C0F9L0
豐原,24.254322,120.720692,-0.73,15.67,-6.68,73.25,1.02,-0.72,C0F9M0
大里,24.092464,120.701378,-1.42,16.99,-12.06,62.23,1.38,-0.16,C0F9N0
潭子,24.213106,120.703933,-1.35,15.87,-4.65,74.3,0.98,-0.58,C0F9O0
清水,24.312297,120.562242,-1.66,15.14,-11.41,72.55,0.57,-0.81,C0F9P0
外埔,24.347817,120.705686,-0.71,15.57,-10.92,73.35,0.98,-0.71,C0F9Q0
龍井,24.184536,120.528972,-1.61,15.66,-13.16,69.85,0.78,-0.56,C0F9R0
烏日,24.107058,120.624103,-1.51,16.01,-7.15,68.3,1.23,-0.17,C0F9S0
西屯,24.179494,120.641275,-1.68,15.3,-7.58,70.6,0.85,-0.45,C0F9T0
南屯,24.137006,120.637969,-1.84,16.2,-7.65,67.8,0.55,-0.78,C0F9U0
新社,24.200172,120.815806,-1.61,13.69,-6.05,78.15,1.35,-0.73,C0F9V0
大雅(中科園區),24.21528,120.62445,-2.57,14.63,-11.17,73.45,0.82,-1.17,C0F9X0
桃山,24.432739,121.303808,-2.43,1.61,-6.21,57.05,2.58,-0.79,C0F9Y0
雪山東峰,24.388792,121.268675,-2.24,2.52,-7.96,54.85,2.58,-1.93,C0F9Z0
芬園,24.015678,120.6213,-2.26,14.53,-0.76,81.8,1.12,-0.32,C0G620
員林,23.946503,120.585597,0.52,17.8,-10.08,70.0,1.41,0.51,C0G650
溪湖,23.94835,120.479122,-0.01,17.21,4.64,86.75,0.88,-0.31,C0G660
溪州,23.851589,120.499093,-2.05,15.63,-12.87,69.6,1.0,-1.03,C0G720
二林,23.903325,120.376081,-2.0,15.29,-7.9,81.75,0.82,-0.45,C0G730
大城,23.852487,120.320935,-1.78,15.67,-38.0,44.82,0.85,-0.65,C0G740
福興,24.041289,120.437669,-1.21,16.34,-12.87,67.65,0.9,-0.2,C0G770
秀水,24.03405,120.503869,-1.19,16.31,-7.33,74.6,0.92,-0.29,C0G780
埔鹽,24.000394,120.431683,-0.58,16.41,-8.49,75.85,0.85,-0.21,C0G800
埔心,23.947633,120.525456,-0.88,16.52,19.25,99.0,0.95,-0.21,C0G810
田尾,23.901669,120.509389,-1.27,15.9,-3.87,81.05,0.95,-0.27,C0G820
埤頭,23.866003,120.452806,-1.47,15.67,6.09,93.95,0.72,-0.19,C0G830
社頭,23.897647,120.5862,-1.1,16.93,1.05,79.15,1.15,-0.22,C0G860
二水,23.810742,120.6173,0.42,18.1,-2.59,80.15,1.12,-0.15,C0G880
伸港,24.148933,120.484403,-1.63,15.48,-12.04,69.85,0.78,-0.37,C0G890
線西,24.143358,120.443536,-2.49,15.7,-14.59,71.05,0.7,0.61,C0G900
花壇,24.032076,120.549461,0.76,18.84,-3.29,78.3,1.0,1.0,C0G910
埔里,23.972169,120.952425,-2.13,15.58,-0.64,81.4,2.02,-0.59,C0H890
草屯,23.973672,120.68085,-1.78,15.78,-6.85,72.3,1.35,-0.09,C0H960
昆陽,24.121322,121.273642,-1.26,1.33,-2.14,74.05,2.38,1.0,C0H990
神木村,23.532742,120.843667,-1.23,9.68,4.76,87.9,4.05,1.75,C0H9A0
合歡山,24.143442,121.272547,-1.13,0.07,5.46,75.3,4.4,-1.26,C0H9C0
廬山,24.033311,121.181808,-1.21,10.48,-0.83,75.75,3.18,0.81,C0I010
信義,23.689694,120.851036,-2.49,14.32,2.14,85.0,2.5,0.44,C0I080
竹山,23.761225,120.688156,-1.12,15.61,-1.55,83.1,1.52,0.3,C0I110
水里,23.812553,120.849792,-2.3,15.62,-3.99,78.35,2.02,0.14,C0I360
魚池,23.895703,120.94135,-2.01,14.55,-4.78,81.25,2.38,-0.53,C0I370
集集,23.828206,120.801467,-2.44,15.64,-3.85,79.85,1.75,-0.42,C0I380
仁愛,24.022122,121.132206,-2.09,11.87,-1.44,80.25,3.0,-1.1,C0I390
名間,23.837053,120.701447,-2.65,15.04,-7.08,76.95,1.4,-0.35,C0I410
國姓,24.037803,120.855072,-2.52,15.28,-3.34,81.2,1.7,-0.19,C0I420
南投,23.911469,120.687331,-2.23,16.17,-4.26,76.25,1.32,-0.82,C0I460
梅峰,24.085272,121.173572,-2.28,6.28,-3.5,79.05,3.3,-2.74,C0I480
萬大林道,23.928228,121.091411,-2.61,9.98,-3.46,76.95,3.62,0.21,C0I490
小奇萊,24.131764,121.295717,-2.5,0.84,-5.49,76.75,4.38,-5.89,C0I530
奇萊稜線,24.109231,121.326456,-3.56,-0.86,5.1,77.45,0.0,-4.18,C0I540
崙背,23.75555,120.318925,-2.18,15.37,-13.55,71.35,1.0,-0.6,C0K250
四湖,23.630414,120.227125,-1.05,15.91,-13.1,69.68,1.03,0.35,C0K280
宜梧,23.536281,120.169329,-1.14,15.84,-11.4,72.45,1.1,0.28,C0K291
虎尾,23.719183,120.442036,-1.23,15.79,-8.11,74.85,1.02,0.2,C0K330
土庫,23.679029,120.395574,-2.01,15.73,-7.2,76.25,0.88,-0.71,C0K390
斗六,23.720583,120.541127,-2.24,15.66,-14.0,71.85,1.27,-0.48,C0K400
北港,23.573957,120.292802,-2.2,15.65,-14.59,70.05,1.05,-0.45,C0K410
西螺,23.800407,120.467394,-2.07,15.6,-11.88,73.45,1.05,-0.75,C0K420
褒忠,23.690938,120.303634,-2.08,15.46,-17.36,67.7,0.92,-0.48,C0K430
二崙,23.772797,120.408944,-2.24,15.26,-10.78,74.85,0.75,-0.52,C0K440
大埤,23.646074,120.431537,-2.18,15.7,-10.4,71.85,1.0,-0.5,C0K450
斗南,23.678734,120.478359,-2.11,15.66,-9.51,73.55,1.18,-0.4,C0K460
林內,23.748675,120.609642,-2.35,15.48,-7.16,78.1,1.48,-0.4,C0K470
莿桐,23.761192,120.502372,-2.27,15.3,-11.96,72.8,1.1,-0.66,C0K480
元長,23.64981,120.315024,-2.09,15.6,-10.25,72.7,0.98,-0.45,C0K500
水林,23.572924,120.24597,-1.95,15.81,-11.31,71.55,1.08,-0.38,C0K510
臺西,23.701547,120.197559,-1.97,15.7,-10.99,72.85,0.75,-0.38,C0K530
蔦松,23.514319,120.229736,-2.2,15.62,-11.01,73.9,1.12,-0.28,C0K550
棋山,23.68645,120.603417,-2.34,15.6,-4.26,81.15,1.52,-0.65,C0K560
高鐵雲林,23.737456,120.417944,-2.36,15.35,-14.05,76.0,0.82,0.58,C0K580
東後寮,23.369908,120.248065,-2.27,15.54,-9.12,74.8,0.88,-0.46,C0M520
奮起湖,23.493903,120.699253,-0.74,11.58,2.53,89.6,2.12,0.56,C0M530
中埔,23.42538,120.5229,-2.32,15.6,-7.46,77.2,1.08,-0.52,C0M640
朴子,23.43463,120.23902,-2.86,15.06,-7.07,75.6,1.27,-0.03,C0M650
溪口,23.604131,120.403569,-2.12,15.68,-12.93,71.5,1.1,-0.42,C0M660
大林,23.600616,120.45841,-2.2,15.85,-10.42,71.45,1.4,-0.31,C0M670
太保,23.455062,120.331455,-2.44,15.69,-12.52,70.8,1.27,-0.17,C0M680
水上,23.419734,120.388909,-2.23,15.84,-5.46,76.9,0.95,-0.54,C0M690
竹崎,23.526178,120.555508,-2.39,15.53,-3.79,81.3,1.48,-0.37,C0M700
東石,23.458927,120.15385,-2.06,15.82,-12.16,72.15,1.23,-0.13,C0M710
番路,23.464657,120.554156,-2.24,15.18,-3.1,82.45,1.27,-0.38,C0M720
嘉義市東區,23.457673,120.460531,-2.23,16.77,-6.45,72.5,1.25,-0.44,C0M730
六腳,23.492871,120.290625,-2.31,15.62,-11.3,71.4,1.2,-0.3,C0M740
布袋,23.380878,120.167789,-2.01,15.9,-13.92,71.15,1.12,-0.25,C0M750
民雄,23.551754,120.428457,-2.24,15.94,-11.64,71.5,1.3,-0.5,C0M760
嘉義梅山,23.585398,120.555587,-2.34,15.4,-3.34,82.2,1.32,-0.61,C0M770
鹿草,23.41134,120.30835,-2.2,15.93,-10.54,71.25,1.08,-0.33,C0M780
新港,23.553269,120.345728,-2.28,15.74,-10.11,71.65,1.25,-0.37,C0M790
茶山,23.299075,120.664767,-1.91,16.29,1.43,84.55,1.12,-0.94,C0M800
里佳,23.389125,120.716647,-2.1,11.6,1.35,85.3,1.85,-1.38,C0M810
達邦,23.453994,120.749517,-1.82,13.65,4.28,83.85,1.75,-1.04,C0M820
表湖,23.24186,120.64166,-3.2,14.4,3.01,85.9,1.12,0.8,C0M850
北寮,23.079561,120.495008,-1.73,16.39,5.77,89.3,0.57,-0.53,C0O830
王爺宮,23.222064,120.40085,0.21,17.65,-10.31,74.35,0.57,-0.66,C0O840
大內,23.11885,120.36083,-0.97,17.49,-0.96,81.7,0.4,-0.63,C0O860
善化,23.112883,120.297219,-1.25,16.37,-0.85,82.6,0.35,-0.23,C0O900
崎頂,22.959547,120.369317,-1.34,16.35,2.12,85.45,0.62,-0.24,C0O960
虎頭埤,23.021375,120.347878,-1.9,16.11,-1.45,81.8,0.48,-0.63,C0O970
新市,23.061614,120.298197,-1.12,17.34,-5.12,75.65,0.28,-0.83,C0O980
媽廟,22.99175,120.293525,-2.0,16.52,3.58,84.9,0.42,-0.66,C0O990
尾寮山,22.833111,120.683889,-1.86,12.66,2.61,89.5,1.28,0.5,C0R100
阿禮,22.742908,120.743678,-1.44,14.04,3.23,79.9,1.18,-0.11,C0R130
瑪家,22.682903,120.686639,-2.1,14.26,10.98,95.55,1.25,-0.11,C0R140
三地門,22.709889,120.639944,-0.79,18.84,-8.97,65.85,0.68,0.2,C0R150
鹽埔,22.739558,120.530778,-1.46,18.04,-2.17,83.15,0.52,-0.35,C0R160
屏東,22.660269,120.494072,0.64,20.5,-7.45,73.0,0.0,-0.81,C0R170
赤山,22.592333,120.614306,-1.41,18.27,6.05,87.9,0.5,-0.65,C0R190
潮州,22.534361,120.54,-0.5,18.94,-1.9,77.9,0.38,-0.11,C0R220
來義,22.527306,120.625111,-1.73,17.75,4.66,88.1,0.62,-0.75,C0R240
春日,22.370361,120.628306,-1.66,18.48,-20.41,57.72,0.56,-0.12,C0R260
琉球嶼,22.332244,120.362236,-1.36,18.95,-7.28,72.4,0.79,0.29,C0R270
車城,22.0744,120.716247,-2.53,19.19,-1.43,71.75,0.65,0.65,C0R320
牡丹,22.130036,120.792639,-2.63,16.64,3.1,88.1,1.2,0.84,C0R341
貓鼻頭,21.921774,120.7358,-1.55,19.45,-1.62,73.2,1.08,0.48,C0R350
大漢山,22.405264,120.753181,-1.93,8.22,3.75,97.7,3.1,2.24,C0R440
高樹,22.826389,120.600806,-1.5,18.4,-1.41,77.1,0.48,-0.51,C0R470
長治,22.693128,120.542622,-1.02,18.95,-1.35,79.35,0.6,-0.22,C0R480
九如,22.7405,120.490503,-1.17,18.69,-7.75,75.8,0.4,-0.41,C0R490
崁頂,22.514781,120.506914,-1.89,18.21,-5.77,77.45,0.38,-0.72,C0R520
佳冬,22.419456,120.552375,-1.69,18.38,-2.31,80.15,0.52,-0.55,C0R540
新埤,22.467947,120.582894,-1.73,18.2,-6.34,76.35,0.48,-0.99,C0R550
新園,22.5434,120.461558,-0.91,19.06,-7.71,71.3,0.38,-0.87,C0R560
麟洛,22.65078,120.52719,-0.79,19.46,2.46,80.4,0.48,-0.4,C0R570
南州,22.48591,120.50274,-1.99,17.99,-2.13,79.1,0.3,-0.95,C0R580
里港,22.77919,120.49459,-1.98,17.74,0.68,79.5,0.3,-0.42,C0R590
舊泰武,22.588194,120.664944,-2.2,14.6,4.15,89.6,1.3,-0.29,C0R600
墾雷,21.900836,120.855269,-2.47,19.6,3.65,82.55,1.32,-1.28,C0R620
東港,22.46247,120.44074,-2.86,18.54,-4.19,75.56,0.44,0.35,C0R640
竹田,22.58486,120.54344,-2.7,18.51,-7.89,76.5,0.42,0.35,C0R650
枋寮,22.367722,120.590647,-1.62,18.82,3.69,82.6,0.45,0.45,C0R660
楓港,22.190131,120.692156,-3.1,18.86,-2.69,64.95,0.7,0.7,C0R670
佳樂水,21.993578,120.861633,-2.72,19.58,-1.76,73.6,1.45,0.38,C0R680
墾丁,21.966756,120.810269,-2.58,17.21,-2.23,81.0,1.78,1.14,C0R690
枋山,22.246844,120.661086,-1.99,19.31,-1.77,68.55,0.5,0.5,C0R700
旭海,22.205403,120.887614,-2.95,17.1,11.85,93.3,1.52,0.23,C0R720
太麻里,22.60902,120.98533,-1.54,14.6,-4.02,82.3,1.38,-0.22,C0S690
知本,22.684866,121.005642,-1.82,14.12,1.03,89.85,1.23,-0.41,C0S700
鹿野,22.917711,121.122994,-1.67,14.26,1.2,85.7,0.92,-0.36,C0S710
綠島,22.6672,121.47533,-1.35,17.95,5.43,88.7,2.78,-2.39,C0S730
池上,23.119628,121.209469,-1.66,14.7,-0.21,85.15,0.78,-0.14,C0S740
大溪山,22.478475,120.943325,-1.73,15.23,-4.03,82.2,2.08,0.03,C0S770
金崙,22.538122,120.966875,-1.74,16.56,-2.07,80.2,1.52,0.05,C0S790
東河,22.972672,121.303986,-2.44,17.4,-2.04,77.55,0.65,-0.66,C0S810
長濱,23.286817,121.411975,-1.89,15.76,-4.35,77.65,1.15,-0.45,C0S830
南田,22.279725,120.889208,-1.86,18.86,15.96,93.6,1.62,0.13,C0S840
關山,23.0395,121.175017,-2.65,15.38,0.03,83.8,0.65,-1.24,C0S890
蘭嶼高中,22.04909,121.51214,-2.52,19.71,-0.06,76.6,10.32,-1.98,C0S900
蘭嶼燈塔,22.081197,121.503117,-2.65,18.02,-7.03,84.45,3.95,-0.46,C0S910
金峰嘉蘭,22.594789,120.960825,-2.83,16.79,1.32,83.05,1.25,0.95,C0S920
延平,22.902581,121.084058,-3.14,15.34,4.89,83.8,1.2,1.13,C0S930
石寧山,23.223772,121.406639,-3.21,16.17,1.9,82.85,1.32,0.57,C0S940
香蘭,22.587569,120.993375,-2.65,18.21,5.37,78.1,1.05,0.05,C0S960
加津林,22.416211,120.926942,-2.49,18.74,-2.19,70.4,1.18,0.79,C0S970
勝林山,22.430439,120.8938,-3.76,10.98,0.26,96.9,3.45,2.4,C0S980
山豬窟,22.318619,120.857372,-3.13,15.24,-2.65,81.3,1.62,1.26,C0S990
歷坵,22.520969,120.89185,-2.49,14.49,0.52,90.75,1.92,1.56,C0SA00
檳榔四格山,22.810031,121.109308,-3.21,14.53,3.87,88.05,0.8,0.6,C0SA10
金崙山,22.567419,120.959667,-2.56,11.75,-3.5,92.05,2.75,1.18,C0SA20
都歷,23.020333,121.323642,-2.2,17.66,17.02,92.75,0.98,0.32,C0SA30
瑞和,22.974361,121.156697,-2.74,15.55,8.83,92.15,0.75,0.59,C0SA40
土坂,22.453108,120.887572,-2.33,16.74,1.25,85.3,2.08,1.76,C0SA80
大禹嶺,24.186117,121.316086,-1.03,3.7,0.18,69.4,3.92,0.84,C0T790
天祥,24.179597,121.495639,-1.17,12.86,-1.22,84.75,0.55,-0.65,C0T820
鯉魚潭,23.935639,121.508944,-1.81,14.36,1.01,90.9,1.38,-0.89,C0T870
西林,23.8119,121.441458,-1.4,15.3,2.28,87.62,1.5,-0.74,C0T900
光復,23.660694,121.424964,-1.27,15.48,-3.35,86.45,0.8,-1.47,C0T960
月眉山,23.809928,121.539828,-1.55,13.12,-1.46,91.75,1.02,-1.94,C0T9A0
水源,23.991861,121.537169,-1.53,12.82,-2.83,88.05,1.62,-1.71,C0T9B0
和中,24.26676,121.74103,-1.6,16.48,8.07,93.1,0.35,-2.05,C0T9D0
大坑,23.880628,121.581981,-1.58,13.67,-3.1,87.85,1.55,-1.69,C0T9E0
水璉,23.797131,121.542514,-2.13,14.97,0.08,85.0,0.88,-1.42,C0T9F0
鳳林山,23.735269,121.420131,-2.79,12.43,-2.9,90.55,1.35,-1.75,C0T9G0
加路蘭山,23.682947,121.5274,-1.87,11.65,2.02,97.0,3.85,-2.37,C0T9H0
靜浦,23.455167,121.495028,-1.5,16.23,-2.16,83.93,4.8,0.47,C0T9M0
雙連埤,24.753033,121.641303,-2.3,10.65,-7.3,90.3,2.05,-4.73,C0U520
礁溪,24.817539,121.765608,-1.52,15.08,-8.47,76.65,0.78,-3.81,C0U600
玉蘭,24.675286,121.587061,-1.81,12.11,-5.81,82.6,2.4,-3.38,C0U650
太平山,24.505486,121.525656,-1.75,4.36,2.37,92.95,2.95,-1.11,C0U710
南山,24.43742,121.38167,-4.2,7.42,-2.61,94.25,1.9,-1.05,C0U720
東澳,24.52196,121.83318,-1.81,15.48,2.0,91.5,1.88,-6.21,C0U760
南澳,24.44935,121.81022,-2.01,16.11,-6.0,72.3,0.45,-2.67,C0U770
五結,24.68637,121.79794,-2.0,14.66,-4.73,78.8,1.18,-7.99,C0U780
頭城,24.85323,121.8308,-2.55,15.38,-10.21,77.0,0.8,-4.14,C0U860
大礁溪,24.791042,121.675047,-2.84,12.07,-2.33,85.75,1.75,-7.29,C0U870
三星,24.66812,121.65302,-2.8,14.17,2.59,91.5,1.4,-6.38,C0U890
內城,24.71813,121.68766,-2.6,14.69,-5.59,81.35,1.23,-6.18,C0U900
冬山,24.63373,121.7937,-2.19,15.32,5.34,92.1,1.27,-13.57,C0U910
羅東,24.68184,121.74934,-2.25,14.9,-5.9,80.8,1.02,-10.79,C0U940
鶯子嶺,24.89754,121.79244,-3.33,7.69,-7.35,90.1,3.52,-8.32,C0U950
翠峰湖,24.510856,121.608044,-3.33,3.74,-6.86,88.7,1.92,-2.52,C0U960
大福,24.80064,121.81389,-2.97,14.86,-5.24,75.4,0.82,-6.05,C0U970
坪林石牌,24.86478,121.77396,-2.81,10.9,-6.31,89.55,1.45,-7.3,C0U980
員山,24.74435,121.72247,-2.81,14.92,-4.23,80.0,0.58,-8.08,C0U990
土場,24.576533,121.495333,-3.13,12.2,-3.32,86.1,1.32,-1.97,C0UA00
鴛鴦湖,24.590269,121.412228,-4.26,4.68,0.61,98.0,4.68,-0.05,C0UA10
白嶺,24.527819,121.519031,-3.86,6.08,0.78,96.05,5.38,-0.31,C0UA30
西德山,24.560647,121.752608,-4.4,7.45,1.9,97.9,5.35,-7.9,C0UA40
西帽山,24.555361,121.802628,-3.64,9.44,-6.41,91.25,7.58,-15.69,C0UA50
樟樹山,24.41393,121.78325,-3.35,11.93,3.5,95.55,1.15,-2.91,C0UA60
桃源谷,24.962606,121.888875,-3.2,11.07,-6.01,91.15,4.92,-8.81,C0UA70
復興,23.222403,120.806089,-1.37,15.54,6.77,82.0,2.25,0.16,C0V210
美濃,22.898742,120.519153,1.42,20.2,3.08,83.0,0.0,-0.51,C0V310
溪埔,22.738578,120.446797,-1.55,17.74,1.7,81.5,0.35,-0.53,C0V350
內門,22.975481,120.466769,-0.37,17.68,-1.48,80.47,0.61,-0.34,C0V360
古亭坑,22.893178,120.401947,-1.31,16.39,1.16,84.6,0.57,0.12,C0V370
阿公店,22.804194,120.355528,-2.14,16.44,-5.01,77.65,0.4,-0.36,C0V400
鳳山,22.646653,120.356122,-1.99,17.73,4.37,79.74,0.39,-0.53,C0V440
鳳森,22.545064,120.392592,-1.81,18.02,-2.1,74.35,0.28,-0.99,C0V450
新興,22.627422,120.298803,-1.02,18.15,-4.67,69.95,0.32,-0.33,C0V490
阿蓮,22.883208,120.327508,-1.06,17.69,-10.48,73.0,0.4,-0.45,C0V530
梓官,22.760558,120.267211,-1.84,17.27,-6.56,71.9,0.28,-0.4,C0V610
永安,22.82315,120.236856,-2.01,16.79,-7.74,72.55,0.32,-0.44,C0V620
茄萣,22.906642,120.182608,-1.69,16.84,-3.84,73.3,0.32,-0.65,C0V630
湖內,22.887139,120.2445,-2.15,16.58,-7.47,71.85,0.35,-0.43,C0V640
彌陀,22.783806,120.246361,-1.47,17.64,-7.37,72.25,0.38,-0.27,C0V650
岡山,22.797078,120.294958,-1.55,17.86,-5.7,70.75,0.45,-0.3,C0V660
仁武,22.701083,120.347722,-1.71,18.02,-1.37,75.65,0.32,-0.57,C0V680
鼓山,22.623325,120.275575,-2.14,17.63,-2.3,74.25,0.45,-0.56,C0V690
三民,22.645017,120.311233,-1.92,18.31,0.01,71.7,0.4,-0.59,C0V700
苓雅,22.622742,120.330669,-1.07,18.79,4.55,75.3,0.35,-0.74,C0V710
林園,22.507747,120.394511,-1.02,19.96,0.02,71.2,0.32,-0.95,C0V720
大寮,22.605614,120.395717,-1.97,18.2,0.29,74.25,0.45,-0.71,C0V730
旗山,22.888614,120.483597,-1.16,17.96,0.77,78.6,0.52,-0.35,C0V740
路竹,22.854997,120.259439,-1.42,17.74,-5.77,72.65,0.32,-0.48,C0V750
橋頭,22.757806,120.30575,-1.69,17.9,-6.78,71.7,0.35,-0.33,C0V760
大社,22.730306,120.346639,-1.49,17.89,-3.47,73.35,0.32,-0.46,C0V770
萬山,22.905944,120.688056,-1.27,17.24,6.17,82.05,0.8,-0.33,C0V790
六龜,22.997889,120.633583,-0.86,18.41,8.66,85.85,0.8,-0.4,C0V800
左營,22.67491,120.28491,-2.46,17.15,-13.0,73.25,0.28,-0.67,C0V810
小林,23.148408,120.63325,-2.59,16.52,9.9,87.15,0.75,0.6,C0V820
東莒,25.9652,119.98069,-0.13,11.67,-13.48,66.75,0.0,-2.0,C0W110
西嶼,23.5626,119.468436,-2.29,14.91,-15.68,70.45,0.57,-0.26,C0W120
花嶼,23.40007,119.32276,-1.89,16.02,-6.63,74.85,0.72,0.61,C0W130
金沙,24.488292,118.408778,-6.12,8.97,-33.99,41.0,0.0,-1.56,C0W140
金寧,24.457703,118.328989,-1.7,13.96,-21.43,54.55,0.0,-1.45,C0W150
東河,23.296598,120.385608,-2.52,15.85,-10.11,74.1,0.55,-0.89,C0X050
下營,23.22695,120.256261,-2.24,15.8,-12.15,72.7,0.45,-1.08,C0X060
佳里,23.173039,120.145086,-1.46,15.92,-8.01,75.5,0.6,-0.05,C0X080
臺南市北區,23.010394,120.194228,-1.92,16.68,-2.32,76.3,0.25,-0.82,C0X100
臺南市南區,22.961189,120.188378,-2.1,17.04,-4.69,72.95,0.22,-0.79,C0X110
麻豆,23.183289,120.248611,-1.46,16.78,-2.61,80.4,0.4,-0.58,C0X120
官田,23.193217,120.315422,-1.79,16.7,-5.29,75.15,0.42,-0.63,C0X130
西港,23.125608,120.203108,-2.14,16.02,-3.21,79.6,0.42,-0.67,C0X140
安定,23.102614,120.227839,-1.88,16.09,-3.86,81.25,0.35,-0.78,C0X150
仁德,22.968258,120.257689,-1.43,17.46,-2.31,75.5,0.38,-0.68,C0X160
關廟,22.963017,120.327797,-2.63,16.07,1.11,79.55,0.52,-0.34,C0X170
山上,23.0757,120.363253,-1.63,16.51,-4.36,79.2,0.3,-0.95,C0X180
安平,22.993161,120.152181,-2.18,16.34,-9.74,71.7,0.25,-0.7,C0X190
左鎮,23.056758,120.408522,-0.69,16.88,-5.0,80.9,0.35,-0.9,C0X200
白河,23.347466,120.414427,-2.42,15.93,-8.71,74.7,0.62,-0.8,C0X210
學甲,23.230367,120.182187,-2.06,15.85,-9.26,74.1,0.42,-0.9,C0X220
鹽水,23.272621,120.247641,-2.42,15.39,-9.24,76.45,0.5,-0.8,C0X230
關子嶺,23.331169,120.508025,-1.54,15.26,-3.22,84.85,0.85,-1.13,C0X240
新營,23.310689,120.316681,-2.3,16.02,-8.54,73.85,0.6,-0.67,C0X250
後壁,23.366358,120.362326,-2.18,15.83,-10.93,72.85,0.75,-0.65,C0X260
將軍,23.214999,120.13577,-2.34,15.58,-9.67,73.95,0.38,-0.69,C0X280
北門,23.267772,120.125481,-2.17,15.88,-8.87,74.9,0.62,-0.63,C0X290
鹿寮,23.386047,120.477331,-2.46,15.69,-1.69,84.6,0.9,-0.65,C0X300
明里,23.208717,121.262342,-1.63,14.86,-1.07,87.85,0.75,-0.71,C0Z020
佳心,23.34567,121.21316,-2.15,10.82,7.84,98.2,1.23,-0.01,C0Z050
玉里,23.3215,121.339656,-1.58,15.0,1.45,89.6,1.4,-0.29,C0Z061
舞鶴,23.46811,121.37407,-1.25,14.64,7.3,98.6,1.23,-0.35,C0Z070
富源,23.587642,121.378225,-1.65,14.5,-4.79,87.35,1.15,-1.01,C0Z080
東華,23.89525,121.549833,-1.71,16.1,-2.05,87.25,0.45,-1.52,C0Z100
吉安光華,23.930925,121.595153,-1.69,16.83,-17.85,68.4,0.8,-1.59,C0Z150
鳳林,23.746114,121.453411,-2.31,15.54,-5.23,79.8,0.7,-1.16,C0Z160
卓溪,23.3443,121.3029,-3.09,15.05,-1.63,82.2,1.2,-0.13,C0Z170
新城,24.03946,121.60454,-1.75,17.11,-11.21,68.07,0.29,-2.59,C0Z180
富世,24.14743,121.6297,-2.04,16.69,-7.58,76.1,0.48,-1.74,C0Z190
萬榮,23.709219,121.420106,-2.21,15.36,-9.75,81.4,0.88,-0.86,C0Z200
瑞穗,23.5239,121.39021,-2.03,15.45,-0.96,86.6,1.32,-0.88,C0Z210
和平林道,24.343922,121.656317,-2.82,12.06,-6.09,83.75,0.72,-2.19,C0Z220
和平,24.30717,121.77007,-2.56,16.18,-11.41,66.15,0.38,-2.23,C0Z230
瑞穗林道,23.49284,121.30688,-1.83,10.6,1.39,97.5,4.1,0.45,C0Z250
蕃薯寮,23.73835,121.540108,-2.29,14.18,-8.47,82.2,1.45,-5.19,C0Z270
德武,23.47426,121.41071,-2.81,14.78,-3.79,86.6,1.3,-1.12,C0Z280
赤柯山,23.36893,121.38293,-3.24,10.07,3.82,98.7,3.52,0.07,C0Z290
東里,23.26853,121.30547,-2.62,15.11,-4.79,85.6,1.23,-0.64,C0Z300
清水斷崖,24.218294,121.689142,-2.95,16.44,-10.72,74.05,0.05,-0.82,C0Z310
清水林道,23.27125,121.188272,-3.35,11.93,0.44,91.3,3.25,0.16,C0Z320
安通山,23.290728,121.348528,-4.05,12.62,1.75,91.45,1.85,0.35,C0Z330
口湖工作站,23.589978,120.180394,-2.31,15.72,-11.31,67.9,0.88,0.86,12J990
東港工作站,22.479997,120.466058,-2.7,18.67,-5.05,64.05,0.28,0.26,12Q970
恆春工作站,22.079678,120.714425,-2.86,19.54,-3.25,63.15,0.6,0.6,12Q980
萬大發電廠,23.978875,121.139639,-2.28,12.74,-3.33,78.55,3.58,3.55,42HA10
桃改樹林分場,24.944503,121.386972,-2.4,14.79,-7.77,69.5,1.0,0.45,72AI40
桃園農改場,24.950944,121.030583,-0.39,15.18,-13.04,68.35,0.78,-1.72,72C440
桃改五峰分場,24.612194,121.157167,-1.55,9.65,-0.73,84.55,1.8,-1.16,72D080
臺中農改場,24.003028,120.534389,-1.19,15.52,-3.89,75.65,0.9,0.07,72G600
中改埔里分場,23.903208,120.963364,-2.43,14.02,3.26,87.5,2.33,2.03,72HA00
南改斗南分場,23.634556,120.477333,-0.84,15.88,-3.63,76.1,1.25,0.38,72K220
南改義竹分場,23.360694,120.279361,-1.43,15.42,-6.61,74.7,0.7,0.24,72M360
南改鹿草分場,23.416869,120.283061,-2.56,15.67,-9.71,72.8,1.0,0.93,72M700
臺南農改場,23.0605,120.342194,-1.59,15.92,1.76,80.25,0.28,-0.1,72N100
七股研究中心,23.081672,120.062894,-2.62,16.05,-9.28,75.35,0.35,0.29,72N240
高雄農改場,22.709333,120.525889,-1.51,18.08,4.78,82.3,0.5,0.17,72Q010
東改班鳩分場,22.829528,121.077694,-1.62,15.72,-2.87,75.95,0.92,-0.08,72S200
東改賓朗果園,22.813889,121.071278,-2.01,15.42,-6.13,79.3,0.98,-0.02,72S590
花蓮農改場,23.975222,121.563889,-1.19,16.35,-4.58,76.42,1.21,-0.37,72T250
花改蘭陽分場,24.686306,121.716583,-1.52,14.88,-5.06,77.45,1.35,-3.73,72U480
高改旗南分場,22.857861,120.516667,-1.89,17.14,4.93,79.3,0.52,0.13,72V140
茶改北部分場,24.955778,121.631222,-1.33,12.05,-5.09,81.3,2.17,-3.71,82A750
茶改場,24.908472,121.185333,-0.97,13.78,-10.15,72.25,1.1,-2.01,82C160
茶改中部分場,23.875611,120.913583,-2.14,13.1,2.17,84.4,2.2,0.89,82H320
茶改南部分場,23.762528,120.7405,-1.73,13.98,-1.38,85.65,1.68,0.54,82H840
茶改東部分場,22.907694,121.130139,-2.13,15.71,-4.18,76.78,0.86,-0.11,82S580
農工中心,24.985917,121.239833,-0.49,14.8,-10.58,66.95,0.9,-2.13,A2C560
水試臺西試驗場,23.717231,120.190522,-1.29,16.1,-6.88,75.65,0.8,0.66,A2K360
臺大雲林校區,23.730628,120.423903,-1.83,15.36,-9.44,73.75,0.68,0.68,A2K630
臺南蘭花園區,23.340258,120.379661,-1.9,16.0,-4.71,76.15,0.28,0.28,A2N290
畜試北區分所,24.527806,120.770972,-2.01,14.3,-12.27,73.65,0.65,-2.11,B2E890
畜產試驗所,23.058972,120.336406,-1.52,15.83,-0.48,80.0,0.28,-0.33,B2N890
畜試南區分所,21.945583,120.802167,-2.12,19.07,-3.85,69.25,1.25,0.05,B2Q810
畜試東區分所,24.669039,121.832561,-2.43,15.1,0.13,81.9,1.23,0.32,B2U990
蓮華池,23.918333,120.885278,-1.12,13.48,0.61,87.9,1.72,0.46,E2H360
林試畢祿溪站,24.226944,121.308522,-1.62,5.24,6.74,79.5,2.62,1.68,E2HA20
四湖植物園,23.676986,120.163433,-2.22,16.04,-4.58,80.4,0.95,0.84,E2K600
林試六龜中心,22.991703,120.645722,-1.38,17.0,9.12,86.3,0.78,0.75,E2P980
林試太麻里2,22.598,120.99775,-2.53,17.77,-2.55,73.95,1.15,-0.05,E2S960
林試太麻里1,22.598922,120.980044,-2.34,17.0,-0.31,78.55,1.35,0.01,E2S980
農試所(霧峰),24.031261,120.688133,-1.37,15.71,-0.3,79.3,1.32,0.47,G2F820
農試嘉義分所,23.485028,120.473806,-1.19,15.28,-3.39,78.3,1.02,0.21,G2L020
農試溪口農場,23.58565,120.408111,-1.56,15.83,-9.19,73.0,1.19,1.02,G2M350
農試鳳山分所,22.646611,120.356083,-2.01,17.49,-0.81,72.53,0.32,-0.13,G2P820
苗栗農改場,24.495722,120.829111,-1.65,13.57,-5.61,76.5,1.23,-0.52,K2E360
苗改生物防治研究中心,24.422861,120.871833,-3.82,12.26,-6.6,79.6,1.2,-0.16,K2E710
種苗改良場,24.225972,120.800917,-1.48,12.95,3.77,82.9,1.3,-0.12,K2F750
溪頭,23.670306,120.798194,-1.57,10.6,5.82,92.35,3.1,1.27,U2H480
臺大和社,23.590856,120.888864,-2.26,13.57,7.56,87.45,2.6,2.06,U2HA30
臺大內茅埔,23.689722,120.851117,-3.17,14.24,6.18,85.15,2.42,2.21,U2HA40
臺大竹山,23.756972,120.681556,-2.97,15.6,-9.72,76.35,1.4,1.22,U2HA50
臺大竹山,23.756972,120.681556,-2.97,15.6,-9.72,76.35,1.4,1.22,U2HA50
臺大內茅埔,23.689722,120.851117,-3.17,14.24,6.18,85.15,2.42,2.21,U2HA40
臺大和社,23.590856,120.888864,-2.26,13.57,7.56,87.45,2.6,2.06,U2HA30
臺大溪頭,23.670306,120.798194,-1.57,10.6,5.82,92.35,3.1,1.27,U2H480
種苗繁殖,24.225972,120.800917,-1.48,12.95,3.77,82.9,1.3,-0.12,K2F750
苗改生物防治研究中心,24.422861,120.871833,-3.82,12.26,-6.6,79.6,1.2,-0.16,K2E710
苗栗農改,24.495722,120.829111,-1.65,13.57,-5.61,76.5,1.23,-0.52,K2E360
農試鳳山分所,22.646611,120.356083,-2.01,17.49,-0.81,72.53,0.32,-0.13,G2P820
農試溪口農場,23.58565,120.408111,-1.56,15.83,-9.19,73.0,1.19,1.02,G2M350
農試嘉義分所,23.485028,120.473806,-1.19,15.28,-3.39,78.3,1.02,0.21,G2L020
農業試驗所,24.031261,120.688133,-1.37,15.71,-0.3,79.3,1.32,0.47,G2F820
林試太麻里1,22.598922,120.980044,-2.34,17.0,-0.31,78.55,1.35,0.01,E2S980
林試太麻里2,22.598014,120.989761,-2.53,17.77,-2.55,73.95,1.15,-0.05,E2S960
林試六龜中心,22.991703,120.645722,-1.38,17.0,9.12,86.3,0.78,0.75,E2P980
四湖植物園,23.676986,120.163433,-2.22,16.04,-4.58,80.4,0.95,0.84,E2K600
林試畢祿溪站,24.226944,121.308522,-1.62,5.24,6.74,79.5,2.62,1.68,E2HA20
蓮華池,23.918333,120.885278,-1.12,13.48,0.61,87.9,1.72,0.46,E2H360
畜試東區分所,24.669039,121.832561,-2.43,15.1,0.13,81.9,1.23,0.32,B2U990
畜試南區分所,21.945583,120.802167,-2.12,19.07,-3.85,69.25,1.25,0.05,B2Q810
畜試所,23.058972,120.336406,-1.52,15.83,-0.48,80.0,0.28,-0.33,B2N890
畜試北區分所,24.527806,120.770972,-2.01,14.3,-12.27,73.65,0.65,-2.11,B2E890
臺南蘭花園區,23.340258,120.379661,-1.9,16.0,-4.71,76.15,0.28,0.28,A2N290
臺大雲林校區,23.730628,120.423903,-1.83,15.36,-9.44,73.75,0.68,0.68,A2K630
水試臺西試驗場,23.717231,120.190522,-1.29,16.1,-6.88,75.65,0.8,0.66,A2K360
農工中心,24.985917,121.239833,-0.49,14.8,-10.58,66.95,0.9,-2.13,A2C560
茶改東部分場,22.907694,121.130139,-2.13,15.71,-4.18,76.78,0.86,-0.11,82S580
茶改南部分場,23.762528,120.7405,-1.73,13.98,-1.38,85.65,1.68,0.54,82H840
茶改中部分場,23.875611,120.913583,-2.14,13.1,2.17,84.4,2.2,0.89,82H320
茶改場,24.908472,121.185333,-0.97,13.78,-10.15,72.25,1.1,-2.01,82C160
茶改北部分場,24.955778,121.631222,-1.33,12.05,-5.09,81.3,2.17,-3.71,82A750
高改旗南分場,22.857861,120.516667,-1.89,17.14,4.93,79.3,0.52,0.13,72V140
花改蘭陽分場,24.686306,121.716583,-1.52,14.88,-5.06,77.45,1.35,-3.73,72U480
花蓮農改,23.975222,121.563889,-1.19,16.35,-4.58,76.42,1.21,-0.37,72T250
東改賓朗果園,22.813889,121.071278,-2.01,15.42,-6.13,79.3,0.98,-0.02,72S590
東改班鳩分場,22.829528,121.077694,-1.62,15.72,-2.87,75.95,0.92,-0.08,72S200
高雄農改,22.709333,120.525889,-1.51,18.08,4.78,82.3,0.5,0.17,72Q010
七股研究中心,23.081672,120.062894,-2.62,16.05,-9.28,75.35,0.35,0.29,72N240
臺南農改,23.0605,120.342194,-1.59,15.92,1.76,80.25,0.28,-0.1,72N100
南改鹿草分場,23.416869,120.283061,-2.56,15.67,-9.71,72.8,1.0,0.93,72M700
南改義竹分場,23.360694,120.279361,-1.43,15.42,-6.61,74.7,0.7,0.24,72M360
南改斗南分場,23.634556,120.477333,-0.84,15.88,-3.63,76.1,1.25,0.38,72K220
中改埔里分場,23.903208,120.963364,-2.43,14.02,3.26,87.5,2.33,2.03,72HA00
臺中農改,24.003028,120.534389,-1.19,15.52,-3.89,75.65,0.9,0.07,72G600
桃改五峰分場,24.612194,121.157167,-1.55,9.65,-0.73,84.55,1.8,-1.16,72D080
桃園農改,24.950944,121.030583,-0.39,15.18,-13.04,68.35,0.78,-1.72,72C440
桃改樹林分場,24.944503,121.386972,-2.4,14.79,-7.77,69.5,1.0,0.45,72AI40
萬大發電廠,23.978875,121.139639,-2.28,12.74,-3.33,78.55,3.58,3.55,42HA10
恆春工作站,22.079678,120.714425,-2.86,19.54,-3.25,63.15,0.6,0.6,12Q980
東港工作站,22.479997,120.466058,-2.7,18.67,-5.05,64.05,0.28,0.26,12Q970
口湖工作站,23.589978,120.180394,-2.31,15.72,-11.31,67.9,0.88,0.86,12J990
