站名,緯度,經度,平均溫距平,本年度平均溫,平均溼度距平,本年度日均相對溼度,本年度日均降水量,日均降水量距平,站號
淡水,25.164889,121.448906,-0.84,15.26,-7.76,72.27,0.87,-2.35,466900
鞍部,25.182586,121.529731,-2.26,8.57,4.15,95.73,4.93,-5.82,466910
臺北,25.037658,121.514853,-1.16,15.91,-5.11,71.18,1.32,-2.01,466920
竹子湖,25.162078,121.544547,-1.94,10.57,1.12,88.45,4.91,-2.99,466930
基隆,25.133314,121.740475,-0.01,16.63,-6.56,70.89,3.19,-8.25,466940
花蓮,23.975128,121.613275,-0.7,17.86,-3.88,70.73,0.56,-1.66,466990
新屋,25.006744,121.047486,-1.59,15.6,-9.78,69.0,0.71,-3.41,467050
宜蘭,24.763975,121.756528,-1.72,15.27,2.15,81.73,1.74,-5.68,467080
金門,24.407306,118.289281,-0.03,13.84,-12.63,58.18,0.0,-1.44,467110
澎湖,23.565503,119.563094,-1.01,16.42,-3.05,74.73,0.79,0.12,467350
臺南,22.993239,120.204772,-0.97,17.14,-2.41,71.82,0.43,-0.32,467410
永康,23.038386,120.2367,-0.73,17.12,0.18,73.82,0.49,-0.24,467420
嘉義,23.495925,120.432906,-0.85,16.45,2.23,79.0,1.66,0.8,467480
臺中,24.145736,120.684075,-0.66,16.84,-3.59,70.18,1.3,0.2,467490
阿里山,23.508208,120.813242,-1.16,5.78,6.69,85.36,3.51,0.77,467530
大武,22.355675,120.903789,-1.38,19.35,-0.92,68.91,0.55,-0.6,467540
玉山,23.487614,120.959522,-0.25,0.35,2.84,58.09,10.46,8.21,467550
新竹,24.827853,121.014219,0.33,16.68,-7.58,69.78,1.12,-1.56,467571
恆春,22.003897,120.746339,-1.24,20.1,-1.35,67.91,0.3,-0.32,467590
成功,23.097486,121.373428,-0.96,18.25,-1.12,72.64,0.32,-2.2,467610
日月潭,23.881325,120.90805,-0.8,13.82,7.79,84.0,2.43,0.73,467650
臺東,22.752211,121.154586,-1.25,18.61,0.27,70.82,0.46,-0.7,467660
馬祖,26.169269,119.923419,-0.03,10.94,-9.53,69.55,0.0,-1.31,467990
山佳,24.974944,121.402008,-0.72,15.94,-8.6,75.45,1.77,-1.51,C0A520
坪林,24.938183,121.70975,-2.06,12.04,-8.2,85.0,2.17,-2.25,C0A530
泰平,24.971197,121.823711,-1.34,11.75,-0.43,95.36,7.14,-9.02,C0A550
桶後,24.848222,121.597992,-1.38,12.21,-0.17,94.64,3.36,-2.34,C0A570
石碇,24.993969,121.662917,-1.2,13.57,-6.94,84.0,2.23,-4.27,C0A640
大坪,25.165914,121.632969,-0.95,12.84,-2.53,91.55,10.27,-16.88,C0A860
五指山,25.132153,121.608692,-0.59,11.12,0.7,95.82,5.23,-4.35,C0A870
雙溪,25.036003,121.864242,-0.35,14.99,-5.61,87.27,3.45,-8.85,C0A890
三和,25.233153,121.595236,-2.43,13.49,-4.22,81.91,6.23,-10.73,C0A931
金山,25.223628,121.643967,0.28,16.29,-13.64,71.36,3.45,-5.11,C0A940
鼻頭角,25.129036,121.923372,-0.69,16.31,-5.16,75.91,1.5,-2.43,C0A950
三貂角,25.007606,122.002058,-1.16,15.53,-8.76,78.73,3.5,-3.69,C0A970
社子,25.109508,121.469681,-0.27,16.64,-3.55,75.36,0.95,-1.51,C0A980
天母,25.117494,121.537169,-1.07,15.95,-10.27,66.36,0.86,-1.33,C0A9C0
內湖,25.079422,121.57545,-1.19,15.76,4.59,85.55,0.95,-1.63,C0A9F0
大屯山,25.175675,121.522408,-0.98,8.33,2.81,99.45,3.82,-3.89,C0AC40
三峽,24.939025,121.369728,-0.06,16.6,-8.59,74.09,1.68,-3.43,C0AC60
信義,25.037822,121.564597,-0.04,16.62,-6.08,75.27,1.36,-3.06,C0AC70
文山,25.00235,121.575728,-1.29,15.06,-9.54,76.27,1.68,-2.94,C0AC80
新莊,25.051478,121.446756,-1.25,15.9,-8.68,67.55,1.14,-3.16,C0ACA0
八里,25.150211,121.403947,-1.02,15.76,-3.03,76.09,0.64,-3.87,C0AD10
蘆洲,25.086594,121.472331,-0.81,16.57,-8.1,68.18,0.95,-2.84,C0AD30
土城,24.973208,121.445169,-0.93,15.59,-4.0,77.36,1.68,-2.13,C0AD40
鶯歌,24.951533,121.346294,-0.28,16.21,-5.58,77.91,1.55,-2.89,C0AD50
汐止,25.066881,121.658778,-1.68,15.4,-10.5,75.45,2.5,-4.71,C0AH00
永和,25.01125,121.508111,-1.36,16.56,0.16,73.36,1.36,-1.95,C0AH10
五分山,25.07125,121.780794,-2.81,10.61,-1.2,95.82,9.95,-4.86,C0AH30
平等,25.129142,121.577086,-3.54,12.37,-8.23,79.73,1.68,-4.55,C0AH40
林口,25.072181,121.38084,-2.38,13.78,-8.32,80.36,1.0,-4.62,C0AH50
松山,25.04871,121.55042,-2.64,15.64,-9.5,62.22,0.17,-5.54,C0AH70
深坑,25.002703,121.628328,-1.5,15.44,-5.04,79.55,1.82,-2.67,C0AH80
福山植物園,24.760717,121.58135,-3.97,10.53,2.33,97.64,4.09,-6.14,C0AH90
五股,25.07445,121.42728,-4.33,13.79,-14.57,76.82,1.0,-0.33,C0AI00
屈尺,24.92184,121.54475,-3.38,15.14,-12.0,71.73,2.73,1.21,C0AI10
白沙灣,25.283128,121.519058,-1.68,15.7,-15.9,74.18,0.45,-6.43,C0AI20
三重,25.057328,121.500629,-3.37,16.05,-5.03,73.27,0.95,0.65,C0AI30
石牌,25.115597,121.513139,-2.97,16.91,-2.48,69.64,0.82,-0.1,C0AI40
七堵,25.094819,121.71713,-2.08,16.35,-12.52,77.09,4.23,-3.31,C0B010
基隆嶼,25.19141,121.78391,-2.69,15.33,-4.59,84.64,3.18,-0.28,C0B020
復興,24.820208,121.352281,-1.13,12.92,-3.83,77.0,1.5,-2.12,C0C460
桃園,24.992425,121.323172,-0.87,15.31,-4.77,71.64,1.82,-2.42,C0C480
八德,24.928708,121.283289,-1.82,14.72,-8.25,72.55,1.68,-3.4,C0C490
觀音,25.027072,121.153317,-0.89,14.73,-8.29,71.73,0.91,-3.61,C0C590
蘆竹,25.084275,121.265767,-1.81,15.08,-4.38,75.36,1.05,-4.21,C0C620
大溪,24.882853,121.265547,-0.9,14.11,-2.97,75.82,1.68,-2.24,C0C630
平鎮,24.897503,121.214636,-0.7,14.15,-5.5,76.27,1.27,-2.95,C0C650
楊梅,24.912375,121.143047,-2.12,14.55,-5.22,71.82,1.27,-3.4,C0C660
龍潭,24.870056,121.221389,-2.39,13.52,4.38,84.55,1.59,-3.67,C0C670
龜山,25.02846,121.38656,-1.81,14.18,-7.59,75.18,1.73,-4.99,C0C680
中壢,24.977661,121.256375,-2.08,14.63,-7.88,72.09,1.18,-5.06,C0C700
大溪永福,24.892936,121.324975,-2.26,14.94,-9.75,77.64,1.82,0.72,C0C710
梅花,24.678347,121.208558,-1.32,12.2,-1.62,84.27,1.95,-0.18,C0D360
峨眉,24.6905,121.017189,-1.03,14.97,-9.79,76.55,1.68,-2.89,C0D430
打鐵坑,24.849664,121.150789,-1.09,13.65,-9.15,77.18,1.23,-2.94,C0D480
橫山,24.71116,121.11693,-1.5,13.48,-1.15,83.09,2.14,-1.7,C0D540
雪霸,24.526972,121.11605,-0.81,7.8,-4.09,73.36,1.45,-3.38,C0D550
竹東,24.767147,121.057881,-0.02,15.35,-5.12,70.91,1.32,-2.2,C0D560
寶山,24.735006,121.025192,-0.26,14.92,-6.56,75.45,1.5,-2.55,C0D580
新豐,24.87068,120.97721,-0.62,14.66,-6.35,76.0,0.95,-2.72,C0D590
湖口,24.904794,121.043628,-1.81,15.06,-8.58,70.67,1.33,-2.12,C0D650
新竹市東區,24.798681,120.986942,-2.02,15.13,-6.83,69.45,0.91,-3.86,C0D660
竹南,24.708978,120.888897,-0.18,15.92,-7.45,71.73,1.0,-1.03,C0E420
南庄,24.601775,121.000214,-1.36,13.3,2.09,86.91,1.91,-0.95,C0E430
明德,24.583486,120.885411,-0.88,15.45,-11.61,73.73,1.32,-2.24,C0E550
通霄,24.471892,120.704622,-0.98,15.62,-11.55,74.09,1.05,-1.5,C0E590
馬都安,24.451272,120.930192,-1.39,11.81,-0.58,83.27,1.82,-0.21,C0E610
頭份,24.688247,120.912206,0.37,16.61,-6.92,69.18,1.18,-1.9,C0E730
造橋,24.637056,120.864778,-0.97,15.67,-12.14,72.82,1.32,-2.08,C0E740
苗栗,24.564569,120.824575,-1.29,15.53,-9.91,70.73,1.05,-2.32,C0E750
銅鑼,24.489681,120.790853,-1.64,14.57,1.74,86.8,0.0,-3.18,C0E780
西湖,24.562947,120.7485,-0.76,15.46,-10.95,74.82,0.91,-1.66,C0E810
獅潭,24.539133,120.920042,-1.74,13.54,-6.18,80.73,1.82,-0.99,C0E820
苑裡,24.439714,120.653053,-1.67,15.67,-10.5,71.64,0.82,-1.63,C0E830
大河,24.618069,120.948578,-4.12,12.76,-11.33,75.09,1.64,-3.76,C0E850
高鐵苗栗,24.60725,120.826094,-1.29,15.75,-6.45,76.09,1.0,-3.53,C0E870
石岡,24.276061,120.777644,-1.42,15.67,-3.85,83.09,1.09,-1.14,C0F0B0
中坑,24.248517,120.903319,-2.53,12.6,-2.59,82.18,1.86,-2.19,C0F0C0
審馬陣,24.381675,121.4203,-3.53,1.04,12.82,77.64,1.45,-5.11,C0F0D0
南湖圈谷,24.363714,121.444667,-3.51,-2.0,0.22,78.45,0.0,-11.0,C0F0E0
東勢,24.246428,120.833047,-1.0,15.34,-2.06,80.64,1.59,-0.95,C0F850
大坑,24.173142,120.722289,-0.4,17.37,-4.41,73.91,1.36,-0.59,C0F970
神岡,24.272481,120.658314,-1.64,14.87,-12.81,74.18,1.0,-1.05,C0F9I0
大安,24.345061,120.588025,-1.41,15.6,-11.24,74.18,0.91,-0.89,C0F9K0
后里,24.310436,120.729725,-1.2,15.25,-9.09,75.73,1.27,-0.77,C0F9L0
豐原,24.254322,120.720692,-0.58,16.21,-5.91,74.82,1.05,-1.01,C0F9M0
大里,24.092464,120.701378,-1.05,17.75,-17.28,58.0,1.5,-0.27,C0F9N0
潭子,24.213106,120.703933,-1.2,16.39,-3.85,76.18,1.14,-0.69,C0F9O0
清水,24.312297,120.562242,-1.47,15.73,-10.35,74.36,0.82,-0.87,C0F9P0
外埔,24.347817,120.705686,-0.45,16.2,-10.21,74.73,1.18,-0.78,C0F9Q0
龍井,24.184536,120.528972,-1.4,16.25,-12.11,71.73,0.95,-0.63,C0F9R0
烏日,24.107058,120.624103,-1.33,16.58,-6.74,69.64,1.41,-0.18,C0F9S0
西屯,24.179494,120.641275,-1.59,15.81,-6.48,72.73,1.0,-0.48,C0F9T0
南屯,24.137006,120.637969,-1.7,16.71,-7.12,69.64,0.86,-0.67,C0F9U0
新社,24.200172,120.815806,-1.54,14.15,-4.3,81.09,1.45,-0.98,C0F9V0
大雅(中科園區),24.21528,120.62445,-2.66,15.07,-9.14,76.0,1.0,-1.54,C0F9X0
桃山,24.432739,121.303808,-3.29,1.59,5.26,64.91,2.77,-1.53,C0F9Y0
雪山東峰,24.388792,121.268675,-3.25,2.35,3.26,63.09,2.32,-3.91,C0F9Z0
芬園,24.015678,120.6213,-1.91,15.26,-1.17,82.09,1.41,-0.2,C0G620
員林,23.946503,120.585597,0.91,18.34,-9.3,71.64,1.59,0.66,C0G650
溪湖,23.94835,120.479122,0.19,17.76,6.19,89.27,1.18,-0.22,C0G660
溪州,23.851589,120.499093,-1.98,16.15,-11.75,71.64,1.5,-1.09,C0G720
二林,23.903325,120.376081,-1.91,15.84,-5.06,85.0,1.09,-0.52,C0G730
大城,23.852487,120.320935,-1.68,16.23,-38.87,44.82,1.32,-0.5,C0G740
福興,24.041289,120.437669,-1.1,16.89,-12.9,69.55,1.27,0.08,C0G770
秀水,24.03405,120.503869,-1.3,16.58,-7.87,75.55,1.27,-0.14,C0G780
埔鹽,24.000394,120.431683,-0.51,16.85,-8.65,77.55,1.18,-0.07,C0G800
埔心,23.947633,120.525456,-0.68,17.1,18.53,99.36,1.41,0.09,C0G810
田尾,23.901669,120.509389,-0.99,16.56,-3.62,82.27,1.41,-0.03,C0G820
埤頭,23.866003,120.452806,-1.24,16.27,6.99,95.82,1.18,0.11,C0G830
社頭,23.897647,120.5862,-0.92,17.49,1.34,80.27,1.59,-0.05,C0G860
二水,23.810742,120.6173,0.62,18.65,-1.36,81.91,1.64,0.03,C0G880
伸港,24.148933,120.484403,-1.51,16.02,-10.9,72.0,0.91,-0.42,C0G890
線西,24.143358,120.443536,-2.43,16.24,-13.51,73.18,0.91,0.91,C0G900
花壇,24.032076,120.549461,0.75,19.3,-3.45,80.09,1.23,1.23,C0G910
埔里,23.972169,120.952425,-1.49,16.55,-1.93,80.91,2.55,-0.73,C0H890
草屯,23.973672,120.68085,-1.54,16.4,-6.33,73.55,1.86,0.18,C0H960
昆陽,24.121322,121.273642,-1.59,1.25,12.49,83.45,2.18,0.87,C0H990
神木村,23.532742,120.843667,-0.43,10.52,3.87,87.55,3.36,1.11,C0H9A0
合歡山,24.143442,121.272547,-1.17,0.26,11.51,82.0,5.68,-0.15,C0H9C0
廬山,24.033311,121.181808,-0.43,11.3,-0.12,76.18,3.18,0.98,C0I010
信義,23.689694,120.851036,-2.15,15.05,1.81,85.0,2.5,-0.16,C0I080
竹山,23.761225,120.688156,-0.59,16.26,-1.75,83.64,2.0,0.7,C0I110
水里,23.812553,120.849792,-2.09,16.24,-4.6,78.73,2.05,-0.29,C0I360
魚池,23.895703,120.94135,-1.34,15.51,-6.1,80.82,2.68,-0.88,C0I370
集集,23.828206,120.801467,-2.16,16.26,-4.24,80.82,2.18,-0.56,C0I380
仁愛,24.022122,121.132206,-1.26,12.95,-2.12,79.91,3.14,-1.29,C0I390
名間,23.837053,120.701447,-2.53,15.62,-6.07,78.55,1.86,-0.35,C0I410
國姓,24.037803,120.855072,-2.12,16.08,-3.57,81.73,2.09,-0.02,C0I420
南投,23.911469,120.687331,-2.09,16.77,-4.11,77.36,1.82,-0.96,C0I460
梅峰,24.085272,121.173572,-2.07,6.91,-0.7,81.18,3.14,-3.9,C0I480
萬大林道,23.928228,121.091411,-2.21,10.73,-3.91,77.0,3.41,-0.44,C0I490
小奇萊,24.131764,121.295717,-2.73,0.95,2.69,84.45,4.18,-9.16,C0I530
奇萊稜線,24.109231,121.326456,-3.89,-0.42,15.0,84.64,0.0,-4.81,C0I540
崙背,23.75555,120.318925,-1.99,15.95,-12.71,73.27,1.64,-0.39,C0K250
四湖,23.630414,120.227125,-0.65,16.48,-12.4,71.6,1.8,1.06,C0K280
宜梧,23.536281,120.169329,-0.94,16.36,-10.29,74.55,1.82,0.75,C0K291
虎尾,23.719183,120.442036,-0.82,16.35,-6.81,76.82,1.68,0.83,C0K330
土庫,23.679029,120.395574,-1.93,16.27,-5.47,78.82,1.45,-0.69,C0K390
斗六,23.720583,120.541127,-2.13,16.22,-13.44,73.36,1.82,-0.57,C0K400
北港,23.573957,120.292802,-2.12,16.17,-13.25,72.09,1.68,-0.5,C0K410
西螺,23.800407,120.467394,-1.98,16.15,-10.79,75.45,1.64,-0.64,C0K420
褒忠,23.690938,120.303634,-1.97,16.01,-17.11,68.91,1.64,-0.26,C0K430
二崙,23.772797,120.408944,-2.16,15.79,-8.95,77.45,1.23,-0.44,C0K440
大埤,23.646074,120.431537,-2.1,16.23,-9.27,73.64,1.55,-0.64,C0K450
斗南,23.678734,120.478359,-2.08,16.16,-8.61,75.36,1.73,-0.46,C0K460
林內,23.748675,120.609642,-2.14,16.11,-7.23,79.18,2.0,-0.49,C0K470
莿桐,23.761192,120.502372,-2.17,15.86,-10.67,74.73,1.73,-0.52,C0K480
元長,23.64981,120.315024,-2.0,16.14,-9.29,74.64,1.68,-0.26,C0K500
水林,23.572924,120.24597,-1.84,16.36,-9.79,74.09,1.73,-0.4,C0K510
臺西,23.701547,120.197559,-1.95,16.2,-9.54,75.18,1.27,-0.2,C0K530
蔦松,23.514319,120.229736,-2.02,16.22,-9.85,76.09,1.73,-0.33,C0K550
棋山,23.68645,120.603417,-2.08,16.27,-4.64,81.73,2.0,-0.98,C0K560
高鐵雲林,23.737456,120.417944,-1.93,15.91,-11.6,77.91,1.41,1.2,C0K580
東後寮,23.369908,120.248065,-2.08,16.14,-8.7,76.18,1.14,-0.8,C0M520
奮起湖,23.493903,120.699253,0.02,12.4,0.26,88.82,2.0,0.48,C0M530
中埔,23.42538,120.5229,-2.25,16.12,-6.79,78.55,1.18,-1.26,C0M640
朴子,23.43463,120.23902,-2.7,15.65,-6.45,77.36,1.73,-0.25,C0M650
溪口,23.604131,120.403569,-2.0,16.23,-12.02,73.18,1.64,-0.58,C0M660
大林,23.600616,120.45841,-2.06,16.43,-9.91,72.91,1.91,-0.58,C0M670
太保,23.455062,120.331455,-2.26,16.28,-11.9,72.36,1.64,-0.46,C0M680
水上,23.419734,120.388909,-2.03,16.45,-5.49,77.91,1.09,-1.14,C0M690
竹崎,23.526178,120.555508,-2.18,16.19,-4.1,81.73,1.64,-1.1,C0M700
東石,23.458927,120.15385,-1.97,16.36,-12.16,74.18,1.91,-0.13,C0M710
番路,23.464657,120.554156,-2.23,15.66,-2.26,83.82,1.5,-1.03,C0M720
嘉義市東區,23.457673,120.460531,-2.06,17.38,-6.95,73.0,1.55,-1.02,C0M730
六腳,23.492871,120.290625,-2.14,16.22,-10.86,73.0,1.73,-0.6,C0M740
布袋,23.380878,120.167789,-1.9,16.45,-12.85,73.09,1.41,-0.6,C0M750
民雄,23.551754,120.428457,-2.1,16.52,-10.97,72.91,1.73,-0.92,C0M760
嘉義梅山,23.585398,120.555587,-2.28,15.93,-2.63,83.73,1.64,-1.19,C0M770
鹿草,23.41134,120.30835,-2.03,16.52,-10.59,72.45,1.36,-0.68,C0M780
新港,23.553269,120.345728,-2.16,16.3,-9.13,73.45,1.86,-0.49,C0M790
茶山,23.299075,120.664767,-1.49,17.03,1.02,84.82,0.91,-2.0,C0M800
里佳,23.389125,120.716647,-1.72,12.22,0.48,85.91,1.5,-2.37,C0M810
達邦,23.453994,120.749517,-1.23,14.46,3.77,84.18,1.73,-2.03,C0M820
表湖,23.24186,120.64166,-3.15,15.04,1.8,86.73,0.86,0.77,C0M850
北寮,23.079561,120.495008,-1.74,16.92,5.99,89.55,0.5,-1.03,C0O830
王爺宮,23.222064,120.40085,0.19,18.17,-9.56,75.45,0.41,-1.32,C0O840
大內,23.11885,120.36083,-0.83,18.14,-0.9,82.27,0.32,-1.21,C0O860
善化,23.112883,120.297219,-0.77,16.97,-0.42,83.64,0.27,-0.42,C0O900
崎頂,22.959547,120.369317,-1.37,16.83,3.3,86.64,0.73,-0.51,C0O960
虎頭埤,23.021375,120.347878,-1.88,16.62,-1.24,82.45,0.5,-1.11,C0O970
新市,23.061614,120.298197,-1.07,17.84,-4.68,77.0,0.36,-1.24,C0O980
媽廟,22.99175,120.293525,-2.02,16.98,4.11,86.0,0.59,-1.0,C0O990
尾寮山,22.833111,120.683889,-1.4,13.17,3.26,91.29,1.0,0.22,C0R100
阿禮,22.742908,120.743678,-1.34,14.51,2.45,79.64,0.41,-0.92,C0R130
瑪家,22.682903,120.686639,-1.87,14.84,9.18,95.64,0.45,-0.95,C0R140
三地門,22.709889,120.639944,-0.55,19.15,-7.42,67.36,0.4,-0.1,C0R150
鹽埔,22.739558,120.530778,-1.33,18.62,-3.99,83.45,0.36,-0.84,C0R160
屏東,22.660269,120.494072,0.21,20.5,-8.11,73.0,0.0,-0.79,C0R170
赤山,22.592333,120.614306,-1.2,18.93,5.31,88.18,0.27,-0.53,C0R190
潮州,22.534361,120.54,0.02,19.54,-2.08,78.18,0.14,-0.22,C0R220
來義,22.527306,120.625111,-1.83,18.08,6.81,90.36,0.36,-0.39,C0R240
春日,22.370361,120.628306,-1.59,18.97,-22.02,56.56,0.06,-0.66,C0R260
琉球嶼,22.332244,120.362236,-1.08,19.3,-7.01,73.45,0.35,-0.26,C0R270
車城,22.0744,120.716247,-2.19,19.83,-0.93,71.45,0.09,0.09,C0R320
牡丹,22.130036,120.792639,-2.3,17.16,4.81,89.27,0.64,0.17,C0R341
貓鼻頭,21.921774,120.7358,-1.03,20.06,-0.45,73.09,0.5,0.13,C0R350
大漢山,22.405264,120.753181,-1.45,8.73,1.71,97.09,2.05,1.51,C0R440
高樹,22.826389,120.600806,-1.61,18.75,-0.51,77.91,0.45,-1.01,C0R470
長治,22.693128,120.542622,-1.04,19.39,-0.34,80.82,0.32,-0.69,C0R480
九如,22.7405,120.490503,-1.17,19.15,-7.16,77.0,0.27,-0.88,C0R490
崁頂,22.514781,120.506914,-1.85,18.69,-5.58,78.0,0.14,-0.69,C0R520
佳冬,22.419456,120.552375,-1.57,18.95,-2.47,80.36,0.23,-0.4,C0R540
新埤,22.467947,120.582894,-1.58,18.75,-6.31,77.0,0.32,-0.32,C0R550
新園,22.5434,120.461558,-0.94,19.5,-7.27,72.36,0.27,-0.57,C0R560
麟洛,22.65078,120.52719,-0.75,19.98,2.82,81.09,0.27,-0.55,C0R570
南州,22.48591,120.50274,-2.04,18.38,-2.22,79.64,0.09,-0.69,C0R580
里港,22.77919,120.49459,-2.13,18.05,1.89,81.27,0.23,-0.78,C0R590
舊泰武,22.588194,120.664944,-2.09,15.11,4.23,90.45,0.95,-0.09,C0R600
墾雷,21.900836,120.855269,-2.21,20.17,4.4,83.0,0.86,-1.07,C0R620
東港,22.46247,120.44074,-2.94,19.09,-4.05,77.14,0.21,0.18,C0R640
竹田,22.58486,120.54344,-2.9,18.99,-7.99,77.09,0.27,0.25,C0R650
枋寮,22.367722,120.590647,-1.29,19.38,2.88,82.73,0.18,0.18,C0R660
楓港,22.190131,120.692156,-2.85,19.45,-1.46,65.0,0.18,0.18,C0R670
佳樂水,21.993578,120.861633,-2.45,20.15,-0.09,73.91,0.95,0.07,C0R680
墾丁,21.966756,120.810269,-2.27,17.75,-0.45,81.55,1.05,0.47,C0R690
枋山,22.246844,120.661086,-1.66,19.94,-0.66,69.18,0.18,0.18,C0R700
旭海,22.205403,120.887614,-2.61,17.64,14.13,94.82,1.0,-0.35,C0R720
太麻里,22.60902,120.98533,-1.04,15.18,-2.97,82.73,0.77,-0.73,C0S690
知本,22.684866,121.005642,-1.36,14.65,2.59,90.82,0.45,-1.14,C0S700
鹿野,22.917711,121.122994,-1.11,14.91,2.14,85.91,0.14,-1.23,C0S710
綠島,22.6672,121.47533,-1.04,18.35,10.41,91.18,2.82,-2.12,C0S730
池上,23.119628,121.209469,-1.27,15.18,1.3,86.45,0.36,-0.66,C0S740
大溪山,22.478475,120.943325,-1.26,15.79,-1.4,82.91,1.23,-0.54,C0S770
金崙,22.538122,120.966875,-1.11,17.15,-1.24,80.45,0.73,-0.66,C0S790
東河,22.972672,121.303986,-1.84,17.98,-1.0,79.0,0.32,-1.03,C0S810
長濱,23.286817,121.411975,-1.29,16.35,-2.32,78.91,0.64,-1.04,C0S830
南田,22.279725,120.889208,-1.36,19.42,18.44,95.36,1.18,-0.27,C0S840
關山,23.0395,121.175017,-2.58,15.92,0.85,84.55,0.18,-2.49,C0S890
蘭嶼高中,22.04909,121.51214,-2.36,20.22,-0.29,77.36,10.64,-4.71,C0S900
蘭嶼燈塔,22.081197,121.503117,-2.48,18.58,-7.68,85.09,3.68,-1.13,C0S910
金峰嘉蘭,22.594789,120.960825,-2.37,17.43,1.94,83.64,0.68,0.26,C0S920
延平,22.902581,121.084058,-2.85,15.95,5.29,83.91,0.27,0.23,C0S930
石寧山,23.223772,121.406639,-3.16,16.59,5.09,85.09,1.09,0.09,C0S940
香蘭,22.587569,120.993375,-2.38,18.81,6.7,78.55,0.45,0.38,C0S960
加津林,22.416211,120.926942,-2.27,19.33,-0.34,70.82,0.5,0.46,C0S970
勝林山,22.430439,120.8938,-3.22,11.48,0.25,97.64,2.18,1.3,C0S980
山豬窟,22.318619,120.857372,-2.75,15.76,-1.54,82.0,0.95,0.88,C0S990
歷坵,22.520969,120.89185,-2.14,15.03,1.41,91.64,1.05,0.74,C0SA00
檳榔四格山,22.810031,121.109308,-2.89,15.1,4.08,88.55,0.23,0.15,C0SA10
金崙山,22.567419,120.959667,-2.11,12.26,-3.09,92.91,1.5,0.38,C0SA20
都歷,23.020333,121.323642,-1.87,18.17,19.08,95.0,0.68,-0.16,C0SA30
瑞和,22.974361,121.156697,-2.43,16.15,10.76,93.45,0.09,0.09,C0SA40
土坂,22.453108,120.887572,-1.87,17.42,1.15,85.0,1.45,1.15,C0SA80
大禹嶺,24.186117,121.316086,-1.12,3.79,3.43,75.09,3.59,0.56,C0T790
天祥,24.179597,121.495639,-0.71,13.38,0.12,86.64,0.41,-0.87,C0T820
鯉魚潭,23.935639,121.508944,-1.21,15.05,1.4,91.45,1.5,-0.83,C0T870
西林,23.8119,121.441458,-1.2,15.75,2.24,88.36,1.09,-1.44,C0T900
光復,23.660694,121.424964,-0.8,16.03,-2.57,87.45,0.73,-1.51,C0T960
月眉山,23.809928,121.539828,-1.08,13.61,0.25,94.45,1.18,-2.04,C0T9A0
水源,23.991861,121.537169,-1.11,13.26,-0.12,91.36,1.55,-1.94,C0T9B0
和中,24.26676,121.74103,-1.06,17.04,7.94,94.27,0.32,-2.6,C0T9D0
大坑,23.880628,121.581981,-1.05,14.18,-1.48,90.55,1.5,-2.09,C0T9E0
水璉,23.797131,121.542514,-1.66,15.4,2.01,87.73,1.0,-1.62,C0T9F0
鳳林山,23.735269,121.420131,-2.34,12.85,-1.03,93.82,1.41,-1.99,C0T9G0
加路蘭山,23.682947,121.5274,-1.45,12.04,2.87,98.82,5.36,-1.52,C0T9H0
靜浦,23.455167,121.495028,-1.27,16.57,1.22,86.45,4.82,0.36,C0T9M0
雙連埤,24.753033,121.641303,-2.53,10.95,-3.09,95.18,3.36,-4.83,C0U520
礁溪,24.817539,121.765608,-1.59,15.13,-3.98,83.45,1.27,-4.59,C0U600
玉蘭,24.675286,121.587061,-1.87,12.15,-0.36,88.82,3.5,-2.86,C0U650
太平山,24.505486,121.525656,-1.63,4.67,7.56,98.36,3.23,-1.12,C0U710
南山,24.43742,121.38167,-4.68,7.83,-0.41,96.82,1.91,-0.44,C0U720
東澳,24.52196,121.83318,-1.55,15.8,4.25,95.55,2.41,-6.54,C0U760
南澳,24.44935,121.81022,-1.53,16.55,-5.03,75.0,0.59,-2.91,C0U770
五結,24.68637,121.79794,-2.22,14.7,-0.32,84.27,1.95,-9.76,C0U780
頭城,24.85323,121.8308,-2.47,15.55,-5.58,81.55,1.27,-4.97,C0U860
大礁溪,24.791042,121.675047,-2.92,12.03,3.95,93.0,2.91,-8.48,C0U870
三星,24.66812,121.65302,-2.71,14.33,6.21,96.0,1.77,-8.3,C0U890
內城,24.71813,121.68766,-2.64,14.73,0.04,87.91,1.73,-7.84,C0U900
冬山,24.63373,121.7937,-2.12,15.49,9.62,95.55,2.09,-16.33,C0U910
羅東,24.68184,121.74934,-2.26,14.95,-2.31,86.0,1.41,-13.72,C0U940
鶯子嶺,24.89754,121.79244,-3.12,8.0,-2.25,95.73,5.27,-8.82,C0U950
翠峰湖,24.510856,121.608044,-2.92,4.22,-1.89,94.73,2.27,-3.24,C0U960
大福,24.80064,121.81389,-2.99,14.97,0.92,80.45,1.32,-7.71,C0U970
坪林石牌,24.86478,121.77396,-2.65,11.13,-1.71,93.91,2.09,-9.7,C0U980
員山,24.74435,121.72247,-2.82,14.97,0.79,86.1,0.75,-10.85,C0U990
土場,24.576533,121.495333,-2.89,12.58,-0.43,89.36,1.36,-3.12,C0UA00
鴛鴦湖,24.590269,121.412228,-4.46,5.25,0.44,98.64,5.64,1.12,C0UA10
白嶺,24.527819,121.519031,-3.29,6.55,1.6,99.09,6.73,0.34,C0UA30
西德山,24.560647,121.752608,-4.88,7.9,2.74,99.55,8.41,-5.53,C0UA40
西帽山,24.555361,121.802628,-4.37,9.66,-2.38,96.27,12.23,-14.58,C0UA50
樟樹山,24.41393,121.78325,-3.75,12.28,4.76,98.45,1.73,-4.52,C0UA60
桃源谷,24.962606,121.888875,-4.17,11.09,-2.56,95.64,7.14,-6.46,C0UA70
復興,23.222403,120.806089,-1.1,16.19,6.81,82.55,1.55,-1.11,C0V210
美濃,22.898742,120.519153,1.38,20.2,2.27,83.0,0.0,-0.61,C0V310
溪埔,22.738578,120.446797,-1.49,18.2,1.94,82.55,0.23,-1.04,C0V350
內門,22.975481,120.466769,-0.78,17.71,-0.31,82.4,0.7,-0.72,C0V360
古亭坑,22.893178,120.401947,-0.86,16.9,1.15,85.45,0.68,0.15,C0V370
阿公店,22.804194,120.355528,-2.13,16.96,-3.95,79.09,0.45,-0.66,C0V400
鳳山,22.646653,120.356122,-2.25,17.94,5.31,81.3,0.25,-0.93,C0V440
鳳森,22.545064,120.392592,-1.71,18.55,-2.41,75.0,0.14,-0.45,C0V450
新興,22.627422,120.298803,-0.77,18.61,-3.73,71.55,0.18,-0.62,C0V490
阿蓮,22.883208,120.327508,-1.04,18.24,-11.07,72.64,0.45,-0.79,C0V530
梓官,22.760558,120.267211,-1.85,17.78,-5.69,73.55,0.32,-0.57,C0V610
永安,22.82315,120.236856,-1.97,17.34,-7.08,74.18,0.32,-0.74,C0V620
茄萣,22.906642,120.182608,-1.67,17.35,-2.98,74.91,0.32,-1.11,C0V630
湖內,22.887139,120.2445,-2.09,17.12,-6.66,73.45,0.36,-0.77,C0V640
彌陀,22.783806,120.246361,-1.42,18.19,-6.47,74.09,0.36,-0.52,C0V650
岡山,22.797078,120.294958,-1.57,18.36,-4.61,72.55,0.45,-0.61,C0V660
仁武,22.701083,120.347722,-1.76,18.46,-0.41,77.27,0.18,-1.06,C0V680
鼓山,22.623325,120.275575,-2.31,18.0,-1.15,75.91,0.27,-0.92,C0V690
三民,22.645017,120.311233,-1.99,18.78,0.8,73.0,0.23,-1.01,C0V700
苓雅,22.622742,120.330669,-1.1,19.24,5.44,76.73,0.23,-1.08,C0V710
林園,22.507747,120.394511,-0.93,20.51,-0.24,71.82,0.18,-0.54,C0V720
大寮,22.605614,120.395717,-2.01,18.69,1.02,75.55,0.27,-0.55,C0V730
旗山,22.888614,120.483597,-1.12,18.48,0.84,79.27,0.64,-0.65,C0V740
路竹,22.854997,120.259439,-1.47,18.22,-5.27,74.36,0.36,-0.8,C0V750
橋頭,22.757806,120.30575,-1.75,18.35,-5.64,73.45,0.36,-0.53,C0V760
大社,22.730306,120.346639,-1.48,18.39,-3.3,74.09,0.32,-0.76,C0V770
萬山,22.905944,120.688056,-1.15,17.72,5.97,82.64,0.82,-0.7,C0V790
六龜,22.997889,120.633583,-0.69,18.94,8.82,86.45,0.82,-0.9,C0V800
左營,22.67491,120.28491,-2.35,17.65,-12.58,74.73,0.18,-0.95,C0V810
小林,23.148408,120.63325,-2.45,17.2,8.55,87.82,0.64,0.58,C0V820
東莒,25.9652,119.98069,-0.36,11.82,-15.35,66.82,0.0,-3.44,C0W110
金沙,24.488292,118.408778,-7.15,8.4,-32.92,43.5,0.0,-2.56,C0W140
金寧,24.457703,118.328989,-1.83,14.28,-22.67,55.0,0.0,-2.39,C0W150
東河,23.296598,120.385608,-2.23,16.53,-10.29,74.82,0.5,-1.67,C0X050
下營,23.22695,120.256261,-1.97,16.44,-12.12,73.73,0.41,-1.82,C0X060
佳里,23.173039,120.145086,-1.01,16.53,-7.29,77.09,0.59,-0.08,C0X080
臺南市北區,23.010394,120.194228,-1.94,17.21,-1.25,78.27,0.36,-1.2,C0X100
臺南市南區,22.961189,120.188378,-2.17,17.52,-3.62,74.73,0.27,-1.21,C0X110
麻豆,23.183289,120.248611,-1.39,17.37,-1.99,81.73,0.27,-1.11,C0X120
官田,23.193217,120.315422,-1.7,17.31,-4.5,76.55,0.32,-1.2,C0X130
西港,23.125608,120.203108,-1.99,16.65,-2.54,81.0,0.41,-1.16,C0X140
安定,23.102614,120.227839,-1.84,16.65,-2.99,82.64,0.32,-1.29,C0X150
仁德,22.968258,120.257689,-1.39,18.03,-1.4,77.0,0.45,-1.1,C0X160
關廟,22.963017,120.327797,-2.61,16.61,1.86,80.82,0.64,-0.58,C0X170
山上,23.0757,120.363253,-1.58,17.08,-3.85,80.09,0.36,-1.46,C0X180
安平,22.993161,120.152181,-2.15,16.89,-8.78,73.36,0.32,-1.06,C0X190
左鎮,23.056758,120.408522,-0.55,17.41,-4.46,81.82,0.45,-1.31,C0X200
白河,23.347466,120.414427,-2.2,16.56,-9.07,75.36,0.59,-1.59,C0X210
學甲,23.230367,120.182187,-1.91,16.44,-8.92,75.64,0.5,-1.42,C0X220
鹽水,23.272621,120.247641,-2.18,16.03,-9.1,77.64,0.55,-1.37,C0X230
關子嶺,23.331169,120.508025,-1.46,15.75,-3.39,85.36,0.77,-2.14,C0X240
新營,23.310689,120.316681,-2.05,16.6,-8.9,75.27,0.59,-1.34,C0X250
後壁,23.366358,120.362326,-1.97,16.42,-11.0,74.09,0.82,-1.27,C0X260
將軍,23.214999,120.13577,-2.17,16.19,-8.62,75.55,0.41,-1.14,C0X280
北門,23.267772,120.125481,-2.03,16.48,-7.33,77.27,0.77,-1.07,C0X290
鹿寮,23.386047,120.477331,-2.2,16.35,-2.52,84.64,0.91,-1.39,C0X300
明里,23.208717,121.262342,-1.39,15.39,-0.6,88.45,0.27,-1.49,C0Z020
佳心,23.34567,121.21316,-1.77,11.3,7.64,98.82,0.82,-0.49,C0Z050
玉里,23.3215,121.339656,-1.16,15.55,2.16,90.55,0.5,-1.46,C0Z061
舞鶴,23.46811,121.37407,-0.81,15.18,8.28,99.45,0.59,-1.07,C0Z070
富源,23.587642,121.378225,-1.54,15.01,-2.97,89.36,0.86,-1.74,C0Z080
東華,23.89525,121.549833,-1.51,16.77,-2.1,87.36,0.32,-2.18,C0Z100
吉安光華,23.930925,121.595153,-1.07,17.53,-17.22,68.55,0.77,-2.52,C0Z150
鳳林,23.746114,121.453411,-1.77,16.18,-5.07,80.27,0.68,-1.82,C0Z160
卓溪,23.3443,121.3029,-2.64,15.63,-0.71,83.55,0.5,-1.33,C0Z170
新城,24.03946,121.60454,-1.24,17.68,-12.92,66.78,0.06,-3.07,C0Z180
富世,24.14743,121.6297,-1.55,17.13,-6.93,78.82,0.23,-3.17,C0Z190
萬榮,23.709219,121.420106,-1.71,15.98,-9.14,81.91,0.91,-1.3,C0Z200
瑞穗,23.5239,121.39021,-1.61,16.05,-0.2,87.18,0.77,-2.1,C0Z210
和平林道,24.343922,121.656317,-2.37,12.53,-4.96,86.45,0.86,-3.68,C0Z220
和平,24.30717,121.77007,-2.05,16.72,-8.41,69.18,0.59,-3.29,C0Z230
瑞穗林道,23.49284,121.30688,-1.34,11.09,1.57,98.55,3.91,-0.77,C0Z250
蕃薯寮,23.73835,121.540108,-1.86,14.65,-5.69,85.0,1.86,-6.8,C0Z270
德武,23.47426,121.41071,-2.37,15.35,-2.9,87.64,0.55,-2.63,C0Z280
赤柯山,23.36893,121.38293,-2.73,10.56,3.55,99.27,2.82,-1.12,C0Z290
東里,23.26853,121.30547,-2.14,15.71,-4.44,86.0,0.55,-1.97,C0Z300
清水斷崖,24.218294,121.689142,-3.07,16.83,-10.05,76.91,0.0,-1.42,C0Z310
清水林道,23.27125,121.188272,-3.64,12.31,2.66,92.82,2.77,0.2,C0Z320
安通山,23.290728,121.348528,-4.27,13.1,3.85,93.27,0.77,-0.77,C0Z330
口湖工作站,23.589978,120.180394,-2.33,16.24,-10.54,70.0,1.55,1.55,12J990
東港工作站,22.479997,120.466058,-2.7,19.23,-5.8,64.36,0.09,0.07,12Q970
恆春工作站,22.079678,120.714425,-2.84,20.15,-3.46,63.18,0.09,0.09,12Q980
萬大發電廠,23.978875,121.139639,-1.91,13.82,-4.5,78.0,3.5,3.46,42HA10
桃改樹林分場,24.944503,121.386972,-2.81,15.04,-3.67,72.64,1.36,0.86,72AI40
桃園農改場,24.950944,121.030583,-0.14,15.47,-10.35,70.91,0.91,-1.89,72C440
桃改五峰分場,24.612194,121.157167,-1.18,10.15,1.81,87.09,1.95,-1.17,72D080
臺中農改場,24.003028,120.534389,-0.68,16.15,-2.98,76.36,1.14,0.26,72G600
中改埔里分場,23.903208,120.963364,-2.09,15.06,2.0,87.0,2.64,2.47,72HA00
南改斗南分場,23.634556,120.477333,-0.3,16.52,-2.51,77.0,1.77,0.8,72K220
南改義竹分場,23.360694,120.279361,-0.92,16.08,-5.3,75.82,0.77,0.31,72M360
南改鹿草分場,23.416869,120.283061,-2.57,16.29,-9.8,74.36,1.32,1.32,72M700
臺南農改場,23.0605,120.342194,-0.85,16.5,3.42,81.18,0.36,-0.0,72N100
七股研究中心,23.081672,120.062894,-2.73,16.64,-9.0,77.0,0.36,0.34,72N240
高雄農改場,22.709333,120.525889,-1.08,18.58,5.58,83.0,0.41,0.06,72Q010
東改班鳩分場,22.829528,121.077694,-1.07,16.36,-2.98,75.64,0.18,-0.82,72S200
東改賓朗果園,22.813889,121.071278,-1.48,16.01,-6.03,79.36,0.23,-0.78,72S590
花蓮農改場,23.975222,121.563889,-0.67,16.95,-2.88,78.45,1.05,-0.61,72T250
花改蘭陽分場,24.686306,121.716583,-1.55,14.96,0.12,83.0,1.77,-4.26,72U480
高改旗南分場,22.857861,120.516667,-1.48,17.62,5.66,80.09,0.68,0.21,72V140
茶改北部分場,24.955778,121.631222,-1.25,12.19,0.03,86.36,3.14,-2.76,82A750
茶改場,24.908472,121.185333,-0.97,13.98,-5.9,76.55,1.32,-1.84,82C160
茶改中部分場,23.875611,120.913583,-1.42,13.93,2.07,84.27,2.41,1.18,82H320
茶改南部分場,23.762528,120.7405,-1.45,14.62,-0.39,86.45,2.14,1.12,82H840
茶改東部分場,22.907694,121.130139,-1.47,16.49,-3.88,76.82,0.14,-0.99,82S580
農工中心,24.985917,121.239833,-0.11,14.95,-6.77,70.73,1.18,-2.14,A2C560
水試臺西試驗場,23.717231,120.190522,-0.96,16.59,-4.05,77.82,1.36,1.28,A2K360
臺大雲林校區,23.730628,120.423903,-1.61,15.95,-9.14,75.27,1.09,1.09,A2K630
臺南蘭花園區,23.340258,120.379661,-1.56,16.68,-6.2,76.73,0.23,0.23,A2N290
畜試北區分所,24.527806,120.770972,-1.38,15.06,-11.45,74.64,0.95,-3.27,B2E890
畜產試驗所,23.058972,120.336406,-1.07,16.39,0.63,81.09,0.36,-0.38,B2N890
畜試南區分所,21.945583,120.802167,-1.63,19.67,-3.65,69.18,0.73,-0.27,B2Q810
畜試東區分所,24.669039,121.832561,-2.87,15.22,5.22,87.45,2.0,1.15,B2U990
蓮華池,23.918333,120.885278,-0.35,14.38,0.06,87.64,2.18,0.77,E2H360
林試畢祿溪站,24.226944,121.308522,-0.71,6.28,4.66,78.91,1.86,0.53,E2HA20
四湖植物園,23.676986,120.163433,-2.2,16.54,-4.24,82.64,1.59,1.41,E2K600
林試六龜中心,22.991703,120.645722,-1.17,17.6,6.72,87.18,0.86,0.83,E2P980
林試太麻里2,22.598,120.99775,-2.24,18.37,-1.29,74.09,0.59,0.55,E2S960
林試太麻里1,22.598922,120.980044,-2.02,17.57,1.29,79.36,0.77,-0.07,E2S980
農試所(霧峰),24.031261,120.688133,-0.77,16.42,0.4,80.09,1.59,0.73,G2F820
農試嘉義分所,23.485028,120.473806,-0.75,15.97,-3.32,78.73,1.23,0.11,G2L020
農試溪口農場,23.58565,120.408111,-1.53,16.51,-9.0,74.45,1.55,1.3,G2M350
農試鳳山分所,22.646611,120.356083,-1.59,17.97,0.13,73.9,0.15,-0.35,G2P820
苗栗農改場,24.495722,120.829111,-1.02,14.35,-4.7,77.18,1.55,-0.18,K2E360
苗改生物防治研究中心,24.422861,120.871833,-3.5,13.0,-6.35,80.18,1.32,-0.34,K2E710
種苗改良場,24.225972,120.800917,-0.79,13.73,4.95,84.27,1.45,-0.16,K2F750
溪頭,23.670306,120.798194,-0.48,11.85,3.72,90.55,2.5,0.85,U2H480
臺大和社,23.590856,120.888864,-2.24,14.39,8.59,87.64,2.73,2.73,U2HA30
臺大內茅埔,23.689722,120.851117,-3.28,15.0,6.76,85.09,2.45,2.45,U2HA40
臺大竹山,23.756972,120.681556,-2.93,16.25,-10.01,76.91,1.77,1.77,U2HA50
臺大竹山,23.756972,120.681556,-2.93,16.25,-10.01,76.91,1.77,1.77,U2HA50
臺大內茅埔,23.689722,120.851117,-3.28,15.0,6.76,85.09,2.45,2.45,U2HA40
臺大和社,23.590856,120.888864,-2.24,14.39,8.59,87.64,2.73,2.73,U2HA30
臺大溪頭,23.670306,120.798194,-0.48,11.85,3.72,90.55,2.5,0.85,U2H480
種苗繁殖,24.225972,120.800917,-0.79,13.73,4.95,84.27,1.45,-0.16,K2F750
苗改生物防治研究中心,24.422861,120.871833,-3.5,13.0,-6.35,80.18,1.32,-0.34,K2E710
苗栗農改,24.495722,120.829111,-1.02,14.35,-4.7,77.18,1.55,-0.18,K2E360
農試鳳山分所,22.646611,120.356083,-1.59,17.97,0.13,73.9,0.15,-0.35,G2P820
農試溪口農場,23.58565,120.408111,-1.53,16.51,-9.0,74.45,1.55,1.3,G2M350
農試嘉義分所,23.485028,120.473806,-0.75,15.97,-3.32,78.73,1.23,0.11,G2L020
農業試驗所,24.031261,120.688133,-0.77,16.42,0.4,80.09,1.59,0.73,G2F820
林試太麻里1,22.598922,120.980044,-2.02,17.57,1.29,79.36,0.77,-0.07,E2S980
林試太麻里2,22.598014,120.989761,-2.24,18.37,-1.29,74.09,0.59,0.55,E2S960
林試六龜中心,22.991703,120.645722,-1.17,17.6,6.72,87.18,0.86,0.83,E2P980
四湖植物園,23.676986,120.163433,-2.2,16.54,-4.24,82.64,1.59,1.41,E2K600
林試畢祿溪站,24.226944,121.308522,-0.71,6.28,4.66,78.91,1.86,0.53,E2HA20
蓮華池,23.918333,120.885278,-0.35,14.38,0.06,87.64,2.18,0.77,E2H360
畜試東區分所,24.669039,121.832561,-2.87,15.22,5.22,87.45,2.0,1.15,B2U990
畜試南區分所,21.945583,120.802167,-1.63,19.67,-3.65,69.18,0.73,-0.27,B2Q810
畜試所,23.058972,120.336406,-1.07,16.39,0.63,81.09,0.36,-0.38,B2N890
畜試北區分所,24.527806,120.770972,-1.38,15.06,-11.45,74.64,0.95,-3.27,B2E890
臺南蘭花園區,23.340258,120.379661,-1.56,16.68,-6.2,76.73,0.23,0.23,A2N290
臺大雲林校區,23.730628,120.423903,-1.61,15.95,-9.14,75.27,1.09,1.09,A2K630
水試臺西試驗場,23.717231,120.190522,-0.96,16.59,-4.05,77.82,1.36,1.28,A2K360
農工中心,24.985917,121.239833,-0.11,14.95,-6.77,70.73,1.18,-2.14,A2C560
茶改東部分場,22.907694,121.130139,-1.47,16.49,-3.88,76.82,0.14,-0.99,82S580
茶改南部分場,23.762528,120.7405,-1.45,14.62,-0.39,86.45,2.14,1.12,82H840
茶改中部分場,23.875611,120.913583,-1.42,13.93,2.07,84.27,2.41,1.18,82H320
茶改場,24.908472,121.185333,-0.97,13.98,-5.9,76.55,1.32,-1.84,82C160
茶改北部分場,24.955778,121.631222,-1.25,12.19,0.03,86.36,3.14,-2.76,82A750
高改旗南分場,22.857861,120.516667,-1.48,17.62,5.66,80.09,0.68,0.21,72V140
花改蘭陽分場,24.686306,121.716583,-1.55,14.96,0.12,83.0,1.77,-4.26,72U480
花蓮農改,23.975222,121.563889,-0.67,16.95,-2.88,78.45,1.05,-0.61,72T250
東改賓朗果園,22.813889,121.071278,-1.48,16.01,-6.03,79.36,0.23,-0.78,72S590
東改班鳩分場,22.829528,121.077694,-1.07,16.36,-2.98,75.64,0.18,-0.82,72S200
高雄農改,22.709333,120.525889,-1.08,18.58,5.58,83.0,0.41,0.06,72Q010
七股研究中心,23.081672,120.062894,-2.73,16.64,-9.0,77.0,0.36,0.34,72N240
臺南農改,23.0605,120.342194,-0.85,16.5,3.42,81.18,0.36,-0.0,72N100
南改鹿草分場,23.416869,120.283061,-2.57,16.29,-9.8,74.36,1.32,1.32,72M700
南改義竹分場,23.360694,120.279361,-0.92,16.08,-5.3,75.82,0.77,0.31,72M360
南改斗南分場,23.634556,120.477333,-0.3,16.52,-2.51,77.0,1.77,0.8,72K220
中改埔里分場,23.903208,120.963364,-2.09,15.06,2.0,87.0,2.64,2.47,72HA00
臺中農改,24.003028,120.534389,-0.68,16.15,-2.98,76.36,1.14,0.26,72G600
桃改五峰分場,24.612194,121.157167,-1.18,10.15,1.81,87.09,1.95,-1.17,72D080
桃園農改,24.950944,121.030583,-0.14,15.47,-10.35,70.91,0.91,-1.89,72C440
桃改樹林分場,24.944503,121.386972,-2.81,15.04,-3.67,72.64,1.36,0.86,72AI40
萬大發電廠,23.978875,121.139639,-1.91,13.82,-4.5,78.0,3.5,3.46,42HA10
恆春工作站,22.079678,120.714425,-2.84,20.15,-3.46,63.18,0.09,0.09,12Q980
東港工作站,22.479997,120.466058,-2.7,19.23,-5.8,64.36,0.09,0.07,12Q970
口湖工作站,23.589978,120.180394,-2.33,16.24,-10.54,70.0,1.55,1.55,12J990
