站名,緯度,經度,平均溫距平,本年度平均溫,平均溼度距平,本年度日均相對溼度,本年度日均降水量,日均降水量距平,站號
淡水,25.164889,121.448906,-1.07,14.15,4.63,87.5,11.38,7.62,466900
鞍部,25.182586,121.529731,-1.28,9.3,3.22,95.5,23.62,11.67,466910
臺北,25.037658,121.514853,-0.85,15.5,3.2,82.25,8.38,4.43,466920
竹子湖,25.162078,121.544547,-1.27,10.9,2.91,91.75,18.5,8.25,466930
基隆,25.133314,121.740475,-0.72,15.12,1.03,81.25,28.0,15.2,466940
花蓮,23.975128,121.613275,-0.77,17.55,3.09,79.25,1.9,-0.44,466990
新屋,25.006744,121.047486,-0.99,14.12,2.61,82.5,3.15,0.66,467050
宜蘭,24.763975,121.756528,-0.65,15.9,4.12,84.75,3.38,-1.94,467080
金門,24.407306,118.289281,0.42,13.3,0.66,75.25,0.4,-1.02,467110
澎湖,23.565503,119.563094,-0.63,15.92,0.38,80.75,1.02,0.46,467350
臺南,22.993239,120.204772,-0.84,17.1,3.43,77.5,0.12,-0.1,467410
永康,23.038386,120.2367,-0.55,17.08,4.58,78.75,0.15,-0.01,467420
嘉義,23.495925,120.432906,-0.71,16.35,8.73,87.25,0.77,0.42,467480
臺中,24.145736,120.684075,-0.38,16.62,0.24,76.0,2.02,1.08,467490
阿里山,23.508208,120.813242,-0.41,6.38,9.81,94.0,11.12,9.51,467530
大武,22.355675,120.903789,-0.88,19.73,5.12,76.5,1.54,0.21,467540
玉山,23.487614,120.959522,-0.68,-1.18,0.47,68.0,12.75,10.94,467550
新竹,24.827853,121.014219,-0.85,14.6,4.13,84.5,2.88,0.29,467571
恆春,22.003897,120.746339,-0.68,20.55,3.57,74.5,0.75,-0.07,467590
成功,23.097486,121.373428,-1.05,18.02,7.58,83.0,4.38,1.23,467610
日月潭,23.881325,120.90805,-1.2,13.3,19.22,96.75,4.15,2.98,467650
臺東,22.752211,121.154586,-0.82,19.02,5.61,77.75,1.42,-0.16,467660
馬祖,26.169269,119.923419,0.38,10.12,-0.88,81.5,2.0,0.01,467990
山佳,24.974944,121.402008,-0.08,15.6,0.85,83.5,10.38,6.48,C0A520
坪林,24.938183,121.70975,-0.49,13.15,-2.3,91.5,12.75,8.1,C0A530
泰平,24.971197,121.823711,-0.42,12.3,0.61,96.75,33.12,19.31,C0A550
桶後,24.848222,121.597992,-0.4,12.7,-0.09,95.0,22.12,15.98,C0A570
石碇,24.993969,121.662917,-0.66,13.72,0.23,92.25,15.75,10.44,C0A640
大坪,25.165914,121.632969,-0.34,12.98,3.11,96.0,73.5,47.2,C0A860
五指山,25.132153,121.608692,0.43,11.85,1.22,96.0,29.62,18.3,C0A870
雙溪,25.036003,121.864242,0.73,15.65,-5.07,88.5,20.25,8.46,C0A890
三和,25.233153,121.595236,-0.26,12.82,0.03,88.5,50.62,25.69,C0A931
金山,25.223628,121.643967,0.84,16.08,0.42,87.5,20.75,10.29,C0A940
鼻頭角,25.129036,121.923372,-0.53,15.72,0.7,84.75,6.0,2.0,C0A950
三貂角,25.007606,122.002058,-0.6,15.35,0.44,86.0,10.12,2.9,C0A970
社子,25.109508,121.469681,-0.34,15.68,7.62,89.5,4.88,2.23,C0A980
天母,25.117494,121.537169,-1.22,15.12,0.27,77.25,3.88,1.79,C0A9C0
內湖,25.079422,121.57545,-1.07,15.25,12.13,94.25,3.88,1.34,C0A9F0
大屯山,25.175675,121.522408,-0.21,9.38,2.83,98.25,11.62,5.05,C0AC40
三峽,24.939025,121.369728,0.18,16.4,0.72,85.25,12.12,8.32,C0AC60
信義,25.037822,121.564597,-0.17,16.5,2.27,85.5,8.12,4.83,C0AC70
文山,25.00235,121.575728,-1.06,15.0,-1.73,84.75,11.0,7.03,C0AC80
新莊,25.051478,121.446756,-1.58,15.2,7.52,85.0,6.12,3.61,C0ACA0
八里,25.150211,121.403947,-1.78,14.32,8.89,91.75,9.0,6.22,C0AD10
蘆洲,25.086594,121.472331,-1.11,15.82,3.34,81.75,5.0,3.2,C0AD30
土城,24.973208,121.445169,-0.77,15.35,2.25,85.75,11.62,7.99,C0AD40
汐止,25.066881,121.658778,3.39,19.3,0.97,90.25,16.5,8.62,C0AH00
永和,25.01125,121.508111,0.52,16.32,2.92,83.0,9.38,5.52,C0AH10
五分山,25.07125,121.780794,3.08,13.37,-0.47,97.0,52.83,24.4,C0AH30
平等,25.129142,121.577086,-0.56,12.6,-2.04,85.25,8.5,2.58,C0AH40
林口,25.072181,121.38084,-0.5,13.02,1.47,89.25,8.38,5.27,C0AH50
松山,25.04871,121.55042,0.17,15.6,-0.56,71.5,6.88,2.15,C0AH70
深坑,25.002703,121.628328,2.3,16.12,-3.44,87.5,12.38,4.71,C0AH80
福山植物園,24.760717,121.58135,1.44,11.68,2.89,96.0,11.12,6.04,C0AH90
五股,25.07445,121.42728,-3.27,12.98,-2.6,87.0,6.25,5.12,C0AI00
屈尺,24.92184,121.54475,-1.54,14.97,-3.17,81.75,16.12,12.62,C0AI10
白沙灣,25.283128,121.519058,-1.68,14.65,0.67,86.0,5.25,3.17,C0AI20
三重,25.057328,121.500629,-1.14,15.68,3.17,83.0,5.25,4.08,C0AI30
石牌,25.115597,121.513139,-1.88,16.2,12.25,83.0,4.0,3.12,C0AI40
七堵,25.094819,121.71713,-0.51,16.02,-4.17,84.25,29.38,20.42,C0B010
基隆嶼,25.19141,121.78391,-2.01,14.4,7.75,93.75,16.25,11.96,C0B020
復興,24.820208,121.352281,-1.14,12.65,2.65,87.0,10.38,7.1,C0C460
桃園,24.992425,121.323172,-1.25,14.6,4.71,84.25,8.12,4.32,C0C480
八德,24.928708,121.283289,-1.43,13.92,2.27,85.25,9.75,5.88,C0C490
觀音,25.027072,121.153317,-1.51,13.5,3.38,86.75,6.0,1.73,C0C590
蘆竹,25.084275,121.265767,-1.86,13.58,6.56,89.25,7.5,2.99,C0C620
大溪,24.882853,121.265547,-1.31,13.4,4.88,87.5,8.38,4.8,C0C630
平鎮,24.897503,121.214636,-1.25,13.3,3.49,88.0,7.0,3.37,C0C650
楊梅,24.912375,121.143047,-0.91,13.45,3.64,84.75,8.12,4.48,C0C660
龍潭,24.870056,121.221389,0.04,12.97,6.23,90.0,9.25,4.26,C0C670
龜山,25.02846,121.38656,1.07,14.0,1.44,85.0,7.5,3.03,C0C680
中壢,24.977661,121.256375,0.01,13.52,4.25,85.75,7.0,3.19,C0C700
大溪永福,24.892936,121.324975,-1.0,14.48,2.5,88.25,11.88,10.5,C0C710
梅花,24.678347,121.208558,-0.55,12.55,3.76,91.25,8.75,5.64,C0D360
峨眉,24.6905,121.017189,-0.55,14.58,-0.48,86.0,6.25,4.45,C0D430
打鐵坑,24.849664,121.150789,-1.48,12.98,-1.21,87.5,6.62,3.0,C0D480
橫山,24.71116,121.11693,-1.41,13.3,4.44,92.0,6.5,3.49,C0D540
雪霸,24.526972,121.11605,-1.53,7.25,9.49,90.0,8.5,5.21,C0D550
竹東,24.767147,121.057881,-0.54,14.4,3.9,83.25,3.88,1.41,C0D560
寶山,24.735006,121.025192,-0.81,14.03,3.35,88.25,4.62,1.66,C0D580
新豐,24.87068,120.97721,-1.26,13.25,5.91,91.25,2.88,0.12,C0D590
湖口,24.904794,121.043628,-0.8,13.8,0.47,83.0,2.75,0.86,C0D650
新竹市東區,24.798681,120.986942,-0.46,13.78,5.0,82.5,2.62,1.31,C0D660
竹南,24.708978,120.888897,-0.05,15.0,3.65,86.0,2.5,0.66,C0E420
南庄,24.601775,121.000214,-0.56,13.58,5.78,91.75,7.62,4.67,C0E430
明德,24.583486,120.885411,-0.41,14.85,-2.67,83.0,4.5,3.55,C0E550
通霄,24.471892,120.704622,-1.21,14.45,1.19,85.75,1.38,0.95,C0E590
馬都安,24.451272,120.930192,-1.35,11.42,7.01,92.5,1.75,-0.33,C0E610
頭份,24.688247,120.912206,-0.32,15.4,1.53,81.25,2.62,0.84,C0E730
造橋,24.637056,120.864778,-1.03,14.55,-1.54,84.0,2.38,1.43,C0E740
苗栗,24.564569,120.824575,-1.35,14.28,3.29,84.25,2.5,1.75,C0E750
西湖,24.562947,120.7485,-1.02,14.12,1.78,87.0,1.38,0.95,C0E810
獅潭,24.539133,120.920042,-0.94,13.6,-1.69,86.75,4.88,3.19,C0E820
苑裡,24.439714,120.653053,-1.45,14.32,3.35,83.25,0.75,0.4,C0E830
大河,24.618069,120.948578,-1.47,12.42,0.08,84.75,6.75,4.55,C0E850
高鐵苗栗,24.60725,120.826094,0.38,14.58,8.5,90.0,1.88,1.4,C0E870
石岡,24.276061,120.777644,1.03,15.62,2.54,87.25,1.5,1.02,C0F0B0
中坑,24.248517,120.903319,-0.28,11.82,8.47,93.75,2.75,1.72,C0F0C0
審馬陣,24.381675,121.4203,0.11,1.18,23.44,99.5,6.75,5.28,C0F0D0
東勢,24.246428,120.833047,-0.1,15.48,2.1,83.75,3.88,3.28,C0F850
大坑,24.173142,120.722289,0.26,17.27,1.82,78.25,1.75,1.3,C0F970
神岡,24.272481,120.658314,-1.42,14.18,-4.06,83.5,0.75,0.0,C0F9I0
大安,24.345061,120.588025,-1.71,14.28,-0.38,85.25,0.75,0.54,C0F9K0
后里,24.310436,120.729725,-0.62,14.98,-0.09,84.5,0.5,-0.23,C0F9L0
豐原,24.254322,120.720692,-0.14,15.8,2.34,82.75,0.75,0.23,C0F9M0
大里,24.092464,120.701378,-0.82,17.27,6.55,79.25,2.12,1.71,C0F9N0
潭子,24.213106,120.703933,-0.79,16.0,4.73,83.25,2.5,2.11,C0F9O0
清水,24.312297,120.562242,-1.72,14.48,2.92,85.25,0.75,0.49,C0F9P0
外埔,24.347817,120.705686,-0.13,15.68,-2.77,82.75,1.0,0.44,C0F9Q0
龍井,24.184536,120.528972,-1.5,15.2,-2.58,82.0,0.5,-0.03,C0F9R0
烏日,24.107058,120.624103,-0.92,16.22,1.31,76.5,2.12,1.75,C0F9S0
西屯,24.179494,120.641275,-1.2,15.32,2.25,80.25,2.0,1.74,C0F9T0
南屯,24.137006,120.637969,-1.27,16.32,1.6,76.25,0.25,-0.06,C0F9U0
大雅(中科園區),24.21528,120.62445,-0.34,14.45,4.02,84.5,1.0,0.57,C0F9X0
桃山,24.432739,121.303808,-0.32,1.12,20.79,92.0,1.62,0.29,C0F9Y0
雪山東峰,24.388792,121.268675,-0.32,1.7,17.29,88.5,2.12,0.98,C0F9Z0
芬園,24.015678,120.6213,-1.36,15.22,7.52,89.0,2.0,1.6,C0G620
員林,23.946503,120.585597,1.33,18.4,-1.97,76.75,1.38,0.78,C0G650
溪湖,23.94835,120.479122,0.44,17.4,12.37,93.0,0.75,0.45,C0G660
溪州,23.851589,120.499093,0.31,15.95,-0.78,77.75,1.62,1.19,C0G720
二林,23.903325,120.376081,0.0,15.3,0.07,85.0,0.62,0.54,C0G730
福興,24.041289,120.437669,-1.01,15.98,-1.29,78.25,2.5,2.16,C0G770
秀水,24.03405,120.503869,-0.49,16.6,3.56,84.25,1.25,0.97,C0G780
埔鹽,24.000394,120.431683,-0.29,16.32,1.97,84.75,1.12,0.8,C0G800
埔心,23.947633,120.525456,-0.43,16.73,20.61,99.5,1.5,1.14,C0G810
田尾,23.901669,120.509389,-0.56,16.4,3.98,87.0,1.62,1.25,C0G820
社頭,23.897647,120.5862,-0.48,17.28,8.09,84.5,1.12,0.56,C0G860
二水,23.810742,120.6173,1.15,18.77,3.67,85.5,1.88,1.51,C0G880
伸港,24.148933,120.484403,-1.64,14.9,0.16,81.75,0.38,-0.1,C0G890
線西,24.143358,120.443536,-1.73,14.92,-0.17,83.0,0.5,0.08,C0G900
埔里,23.972169,120.952425,0.87,16.58,6.93,88.5,4.25,2.68,C0H890
草屯,23.973672,120.68085,-1.0,16.27,2.06,80.25,1.88,1.35,C0H960
昆陽,24.121322,121.273642,-0.72,1.72,16.6,99.0,3.5,2.16,C0H990
神木村,23.532742,120.843667,-0.05,11.18,5.88,92.25,7.88,6.38,C0H9A0
合歡山,24.143442,121.272547,-0.11,0.72,14.29,100.0,17.0,14.01,C0H9C0
廬山,24.033311,121.181808,-0.66,11.15,15.1,94.0,8.88,6.53,C0I010
信義,23.689694,120.851036,-0.17,14.65,11.43,94.5,3.75,2.72,C0I080
竹山,23.761225,120.688156,-0.78,15.78,6.94,92.0,2.88,2.21,C0I110
水里,23.812553,120.849792,-0.08,15.38,6.63,90.5,4.62,3.82,C0I360
魚池,23.895703,120.94135,0.68,15.35,3.53,89.0,6.0,4.48,C0I370
集集,23.828206,120.801467,-0.1,15.62,7.7,91.5,3.88,2.71,C0I380
仁愛,24.022122,121.132206,0.44,12.85,11.57,93.0,7.62,5.41,C0I390
名間,23.837053,120.701447,-0.09,15.35,2.42,84.75,1.62,0.56,C0I410
國姓,24.037803,120.855072,0.35,15.95,3.58,87.25,2.88,1.88,C0I420
南投,23.911469,120.687331,0.31,16.48,6.95,85.25,2.62,1.81,C0I460
梅峰,24.085272,121.173572,0.76,7.57,11.35,96.25,9.12,6.68,C0I480
萬大林道,23.928228,121.091411,-0.05,10.52,11.75,95.25,7.75,5.93,C0I490
小奇萊,24.131764,121.295717,0.71,1.42,18.78,100.0,10.0,8.83,C0I530
崙背,23.75555,120.318925,0.26,15.92,-2.48,77.25,0.88,0.64,C0K250
四湖,23.630414,120.227125,-0.53,16.15,-0.65,77.25,0.88,0.42,C0K280
宜梧,23.536281,120.169329,-0.98,15.92,-0.5,79.0,1.12,0.59,C0K291
虎尾,23.719183,120.442036,-0.8,16.08,5.97,84.5,2.12,1.66,C0K330
土庫,23.679029,120.395574,0.46,16.18,5.4,85.0,1.75,1.32,C0K390
斗六,23.720583,120.541127,0.27,16.08,-3.08,79.75,1.25,0.5,C0K400
北港,23.573957,120.292802,-0.04,15.8,-2.38,78.75,1.5,1.08,C0K410
西螺,23.800407,120.467394,0.27,15.87,0.1,81.0,1.62,1.04,C0K420
褒忠,23.690938,120.303634,0.09,15.68,-2.23,78.5,1.12,0.66,C0K430
二崙,23.772797,120.408944,0.04,15.5,6.92,88.75,1.0,0.73,C0K440
大埤,23.646074,120.431537,0.11,15.98,0.32,80.25,1.38,0.92,C0K450
斗南,23.678734,120.478359,0.2,15.92,2.27,82.0,1.0,0.4,C0K460
林內,23.748675,120.609642,0.36,16.1,1.6,84.0,2.0,0.88,C0K470
莿桐,23.761192,120.502372,0.2,15.78,-0.02,81.25,2.12,1.72,C0K480
元長,23.64981,120.315024,0.1,15.8,2.55,80.75,2.5,2.1,C0K500
水林,23.572924,120.24597,0.15,16.03,1.17,79.5,1.38,1.16,C0K510
臺西,23.701547,120.197559,-0.3,15.38,2.37,82.0,0.88,0.62,C0K530
蔦松,23.514319,120.229736,-0.0,15.92,1.33,81.0,1.38,1.16,C0K550
棋山,23.68645,120.603417,0.39,16.15,5.23,88.5,2.62,1.62,C0K560
高鐵雲林,23.737456,120.417944,0.0,15.7,-1.92,83.75,1.75,1.5,C0K580
東後寮,23.369908,120.248065,0.13,16.05,2.1,82.0,0.62,0.44,C0M520
奮起湖,23.493903,120.699253,5.5,18.03,-6.67,80.33,0.0,-1.02,C0M530
中埔,23.42538,120.5229,0.1,15.8,3.22,84.75,0.62,0.07,C0M640
朴子,23.43463,120.23902,-0.6,15.4,4.43,82.5,1.12,0.86,C0M650
溪口,23.604131,120.403569,0.24,16.0,-1.52,79.75,1.12,0.51,C0M660
大林,23.600616,120.45841,0.26,16.23,1.23,79.5,2.12,1.52,C0M670
太保,23.455062,120.331455,-0.15,16.05,-0.68,79.25,0.62,0.38,C0M680
水上,23.419734,120.388909,0.2,16.27,6.98,85.75,0.62,0.44,C0M690
竹崎,23.526178,120.555508,0.35,16.02,3.67,86.5,1.25,0.78,C0M700
東石,23.458927,120.15385,-0.11,15.85,-2.11,79.25,1.25,0.97,C0M710
番路,23.464657,120.554156,0.15,15.33,7.27,90.5,0.88,0.26,C0M720
嘉義市東區,23.457673,120.460531,0.14,17.02,4.73,80.0,0.5,0.28,C0M730
六腳,23.492871,120.290625,-0.04,15.98,1.13,79.5,1.38,1.02,C0M740
布袋,23.380878,120.167789,-0.0,15.98,-1.78,78.25,0.88,0.62,C0M750
民雄,23.551754,120.428457,0.14,16.25,0.3,79.5,1.12,0.76,C0M760
嘉義梅山,23.585398,120.555587,0.3,15.8,4.92,87.75,1.0,0.58,C0M770
鹿草,23.41134,120.30835,0.11,16.27,3.68,80.75,0.75,0.53,C0M780
新港,23.553269,120.345728,-0.09,15.92,2.23,80.0,1.25,0.85,C0M790
茶山,23.299075,120.664767,1.05,17.45,7.5,90.0,2.62,1.72,C0M800
里佳,23.389125,120.716647,1.27,13.15,6.33,91.5,6.88,5.39,C0M810
達邦,23.453994,120.749517,1.27,15.2,10.4,90.0,6.88,5.72,C0M820
表湖,23.24186,120.64166,0.39,15.28,12.54,93.25,2.25,2.11,C0M850
北寮,23.079561,120.495008,-0.02,17.18,8.38,91.5,1.88,1.52,C0O830
王爺宮,23.222064,120.40085,1.69,18.15,-5.12,79.75,0.12,-0.27,C0O840
大內,23.11885,120.36083,0.78,18.35,4.36,86.0,0.12,-0.04,C0O860
善化,23.112883,120.297219,-0.39,17.18,6.08,89.0,0.0,-0.3,C0O900
崎頂,22.959547,120.369317,0.04,16.95,7.64,90.0,1.75,1.6,C0O960
虎頭埤,23.021375,120.347878,-0.5,16.7,2.12,85.0,0.5,0.33,C0O970
新市,23.061614,120.298197,0.23,17.77,0.01,80.25,0.12,-0.03,C0O980
媽廟,22.99175,120.293525,-0.48,17.15,14.01,94.25,0.38,0.26,C0O990
尾寮山,22.833111,120.683889,-0.04,14.62,3.7,91.25,3.75,3.26,C0R100
阿禮,22.742908,120.743678,0.39,15.18,11.05,89.0,1.12,0.58,C0R130
瑪家,22.682903,120.686639,-0.29,15.4,14.1,99.0,0.88,0.4,C0R140
三地門,22.709889,120.639944,-0.53,19.15,-1.04,73.75,2.38,1.93,C0R150
鹽埔,22.739558,120.530778,-0.12,18.53,5.71,88.5,3.75,3.1,C0R160
赤山,22.592333,120.614306,0.43,19.48,14.73,94.75,0.88,0.67,C0R190
潮州,22.534361,120.54,0.2,19.78,3.24,82.0,1.12,0.83,C0R220
來義,22.527306,120.625111,-0.28,18.55,12.14,95.0,0.75,0.55,C0R240
琉球嶼,22.332244,120.362236,-1.46,18.9,1.68,79.75,0.25,-0.23,C0R270
車城,22.0744,120.716247,-0.02,20.3,8.75,78.25,0.12,0.12,C0R320
牡丹,22.130036,120.792639,0.18,17.77,12.42,94.25,1.0,1.0,C0R341
貓鼻頭,21.921774,120.7358,-0.76,20.25,8.25,79.25,0.12,-0.19,C0R350
大漢山,22.405264,120.753181,2.37,10.52,2.17,97.5,2.25,1.83,C0R440
高樹,22.826389,120.600806,0.01,18.98,2.69,81.5,3.25,2.69,C0R470
長治,22.693128,120.542622,0.66,19.8,5.36,85.0,2.5,2.29,C0R480
九如,22.7405,120.490503,0.44,19.4,-3.45,80.0,3.0,2.58,C0R490
崁頂,22.514781,120.506914,-0.32,18.95,1.72,83.25,0.75,0.55,C0R520
佳冬,22.419456,120.552375,-0.03,19.3,5.1,84.25,0.12,-0.04,C0R540
新埤,22.467947,120.582894,-0.11,19.2,0.94,81.25,0.12,-0.02,C0R550
新園,22.5434,120.461558,0.47,19.58,-2.44,75.75,1.25,1.04,C0R560
麟洛,22.65078,120.52719,1.16,20.55,7.39,84.25,2.12,1.83,C0R570
南州,22.48591,120.50274,-0.6,18.62,6.27,84.75,1.5,1.36,C0R580
里港,22.77919,120.49459,-0.37,18.4,5.25,83.75,2.5,2.14,C0R590
舊泰武,22.588194,120.664944,-0.24,15.62,10.12,97.5,1.5,1.01,C0R600
墾雷,21.900836,120.855269,-0.62,20.05,14.48,91.25,0.88,-0.64,C0R620
東港,22.46247,120.44074,-1.76,19.22,6.25,82.5,0.88,0.25,C0R640
竹田,22.58486,120.54344,-1.22,19.42,0.92,80.75,1.12,1.08,C0R650
枋寮,22.367722,120.590647,0.6,19.6,15.58,88.25,0.0,0.0,C0R660
楓港,22.190131,120.692156,-0.7,20.15,10.08,72.25,0.12,0.12,C0R670
佳樂水,21.993578,120.861633,-1.21,19.98,13.58,83.75,4.38,3.54,C0R680
墾丁,21.966756,120.810269,-0.16,18.22,8.58,87.75,0.62,-0.04,C0R690
枋山,22.246844,120.661086,-0.49,19.83,15.75,80.25,0.0,0.0,C0R700
旭海,22.205403,120.887614,-1.02,17.65,23.67,99.0,4.62,4.38,C0R720
下馬,23.150427,121.070312,3.17,15.9,12.33,96.0,6.0,6.0,C0S660
太麻里,22.60902,120.98533,-0.78,15.33,12.25,92.25,1.38,-0.66,C0S690
知本,22.684866,121.005642,-0.69,15.25,13.0,96.0,1.88,-0.21,C0S700
鹿野,22.917711,121.122994,-0.69,15.25,12.58,93.75,3.0,1.69,C0S710
綠島,22.6672,121.47533,-0.84,18.38,18.17,95.5,5.62,-2.04,C0S730
池上,23.119628,121.209469,-0.78,15.73,8.92,92.25,2.5,1.5,C0S740
向陽,23.248397,120.986133,4.95,11.4,6.5,95.0,13.5,10.83,C0S750
大溪山,22.478475,120.943325,-0.78,16.12,7.42,90.75,3.62,1.04,C0S770
金崙,22.538122,120.966875,-1.18,17.58,11.75,88.25,1.12,-0.94,C0S790
長濱,23.286817,121.411975,-1.61,16.25,13.92,89.75,3.5,1.89,C0S830
南田,22.279725,120.889208,-1.19,19.6,21.5,98.5,3.25,2.15,C0S840
關山,23.0395,121.175017,0.31,16.6,5.67,89.5,4.5,4.05,C0S890
蘭嶼高中,22.04909,121.51214,-1.62,20.4,9.83,81.25,7.38,1.42,C0S900
蘭嶼燈塔,22.081197,121.503117,-1.86,18.67,7.25,90.0,5.88,3.42,C0S910
金峰嘉蘭,22.594789,120.960825,-0.25,18.0,12.42,88.75,1.88,0.71,C0S920
延平,22.902581,121.084058,-0.33,16.5,13.08,90.25,5.0,4.75,C0S930
石寧山,23.223772,121.406639,-1.33,16.82,18.42,93.75,4.75,4.58,C0S940
七塊厝,22.954453,121.229922,0.13,15.9,16.17,100.0,14.0,14.0,C0S950
加津林,22.416211,120.926942,-0.18,19.35,11.08,80.75,1.62,1.62,C0S970
勝林山,22.430439,120.8938,-0.8,12.4,6.42,99.75,4.75,4.42,C0S980
山豬窟,22.318619,120.857372,-0.83,16.15,13.83,91.5,3.38,3.38,C0S990
歷坵,22.520969,120.89185,0.3,15.75,9.25,95.25,2.12,1.29,C0SA00
檳榔四格山,22.810031,121.109308,-0.53,15.75,14.0,95.0,1.88,1.54,C0SA10
金崙山,22.567419,120.959667,0.04,13.02,6.58,97.75,3.88,2.79,C0SA20
都歷,23.020333,121.323642,-0.72,18.0,28.17,98.0,2.38,2.38,C0SA30
瑞和,22.974361,121.156697,0.11,16.62,14.83,97.5,4.5,4.5,C0SA40
土坂,22.453108,120.887572,0.62,17.92,8.08,89.75,3.12,3.04,C0SA80
大禹嶺,24.186117,121.316086,-0.6,4.03,12.72,88.0,6.62,3.76,C0T790
天祥,24.179597,121.495639,-0.08,14.25,3.3,87.5,1.62,-0.03,C0T820
鯉魚潭,23.935639,121.508944,-0.72,15.32,5.36,94.75,8.5,5.31,C0T870
西林,23.8119,121.441458,-0.78,15.92,9.39,93.5,3.62,0.82,C0T900
光復,23.660694,121.424964,-0.36,16.38,2.56,91.0,3.0,0.37,C0T960
月眉山,23.809928,121.539828,-0.74,13.88,5.11,98.5,6.62,3.08,C0T9A0
水源,23.991861,121.537169,-1.06,13.18,7.92,98.25,10.88,5.85,C0T9B0
和中,24.26676,121.74103,-0.91,17.27,13.44,95.5,1.0,-3.19,C0T9D0
大坑,23.880628,121.581981,-1.23,14.2,6.5,96.0,6.88,3.53,C0T9E0
水璉,23.797131,121.542514,-1.99,15.38,11.75,94.25,4.88,1.86,C0T9F0
鳳林山,23.735269,121.420131,-2.44,13.02,2.69,98.75,5.12,1.15,C0T9G0
加路蘭山,23.682947,121.5274,-1.43,12.42,3.33,100.0,12.75,5.67,C0T9H0
靜浦,23.455167,121.495028,-0.99,16.58,12.58,94.25,8.88,3.48,C0T9M0
富里,23.171639,121.249378,1.95,18.1,16.0,100.0,11.0,10.83,C0T9N0
雙連埤,24.753033,121.641303,-1.67,11.88,-0.58,96.0,10.5,4.01,C0U520
礁溪,24.817539,121.765608,-0.79,15.68,2.17,86.25,6.12,1.18,C0U600
玉蘭,24.675286,121.587061,-0.82,12.88,3.36,91.75,15.88,9.24,C0U650
太平山,24.505486,121.525656,-1.25,5.5,8.42,99.0,11.25,6.7,C0U710
南山,24.43742,121.38167,-1.96,9.02,3.83,98.5,5.0,4.04,C0U720
東澳,24.52196,121.83318,-1.7,15.95,8.33,95.75,11.12,1.4,C0U760
南澳,24.44935,121.81022,-1.07,17.03,3.67,77.0,0.38,-4.02,C0U770
五結,24.68637,121.79794,-1.0,15.55,3.14,85.75,3.38,-4.37,C0U780
頭城,24.85323,121.8308,0.23,15.72,6.0,87.75,4.5,1.71,C0U860
大礁溪,24.791042,121.675047,0.53,12.75,6.31,95.25,8.88,5.1,C0U870
三星,24.66812,121.65302,0.35,15.02,6.39,94.0,5.88,2.71,C0U890
內城,24.71813,121.68766,0.6,15.5,2.97,89.75,5.5,2.64,C0U900
冬山,24.63373,121.7937,0.77,16.08,14.31,94.75,4.5,1.03,C0U910
羅東,24.68184,121.74934,1.02,15.82,0.83,87.0,3.12,0.24,C0U940
鶯子嶺,24.89754,121.79244,0.82,9.1,-3.94,94.5,17.38,7.26,C0U950
翠峰湖,24.510856,121.608044,0.71,5.05,-3.5,93.0,7.0,4.33,C0U960
大福,24.80064,121.81389,0.2,15.55,2.0,83.5,3.25,0.72,C0U970
坪林石牌,24.86478,121.77396,0.8,11.78,-0.94,96.0,8.25,3.53,C0U980
員山,24.74435,121.72247,0.34,15.65,5.42,89.0,4.88,2.15,C0U990
土場,24.576533,121.495333,0.74,13.65,0.61,90.5,3.0,0.56,C0UA00
鴛鴦湖,24.590269,121.412228,0.88,6.48,3.5,99.5,15.12,11.46,C0UA10
白嶺,24.527819,121.519031,0.69,7.75,2.69,99.75,14.5,10.36,C0UA30
西德山,24.560647,121.752608,-2.46,8.68,2.08,99.75,14.25,8.25,C0UA40
西帽山,24.555361,121.802628,-1.94,10.4,-0.5,96.5,35.38,24.33,C0UA50
樟樹山,24.41393,121.78325,-1.68,12.82,7.33,98.0,0.88,-5.92,C0UA60
桃源谷,24.962606,121.888875,-0.12,11.45,1.31,97.0,35.12,15.48,C0UA70
復興,23.222403,120.806089,0.65,17.2,8.9,85.0,6.0,5.07,C0V210
溪埔,22.738578,120.446797,-2.09,16.5,-7.05,71.0,1.0,0.75,C0V350
內門,22.975481,120.466769,1.13,18.48,5.49,85.25,1.38,1.11,C0V360
古亭坑,22.893178,120.401947,-0.42,17.38,6.22,87.75,1.5,1.14,C0V370
阿公店,22.804194,120.355528,-0.49,17.18,2.46,84.75,1.5,1.25,C0V400
鳳山,22.646653,120.356122,-0.82,17.92,13.6,88.0,2.62,2.38,C0V440
鳳森,22.545064,120.392592,-0.19,18.77,4.99,79.25,1.25,1.15,C0V450
新興,22.627422,120.298803,-0.95,18.5,5.05,78.0,2.25,2.1,C0V490
梓官,22.760558,120.267211,-0.46,17.73,2.55,79.5,0.5,0.38,C0V610
永安,22.82315,120.236856,-0.54,17.35,0.85,79.25,0.62,0.54,C0V620
茄萣,22.906642,120.182608,-0.39,17.25,7.2,81.0,0.38,0.14,C0V630
湖內,22.887139,120.2445,-0.67,17.12,0.96,78.75,0.62,0.58,C0V640
彌陀,22.783806,120.246361,-0.12,18.1,2.71,80.5,0.88,0.76,C0V650
岡山,22.797078,120.294958,-0.08,18.38,3.0,78.5,1.25,1.09,C0V660
仁武,22.701083,120.347722,-0.5,18.3,5.38,81.0,3.12,2.84,C0V680
鼓山,22.623325,120.275575,-0.71,18.08,5.96,82.25,2.62,2.29,C0V690
三民,22.645017,120.311233,-0.61,18.62,8.29,79.0,2.5,2.2,C0V700
苓雅,22.622742,120.330669,0.09,19.08,13.06,82.75,1.88,1.64,C0V710
林園,22.507747,120.394511,0.01,20.12,9.01,78.75,1.12,0.82,C0V720
大寮,22.605614,120.395717,-0.48,18.68,10.32,82.75,2.88,2.74,C0V730
旗山,22.888614,120.483597,0.38,18.62,5.32,82.25,2.75,2.42,C0V740
路竹,22.854997,120.259439,-0.08,18.12,3.55,80.0,0.5,0.33,C0V750
橋頭,22.757806,120.30575,-0.33,18.32,1.21,78.0,1.25,1.12,C0V760
大社,22.730306,120.346639,-0.69,17.8,8.38,83.5,2.5,2.36,C0V770
萬山,22.905944,120.688056,0.12,17.8,13.4,91.25,2.62,1.95,C0V790
六龜,22.997889,120.633583,1.2,19.75,11.18,88.75,3.62,2.97,C0V800
左營,22.67491,120.28491,-0.26,17.47,0.25,81.25,2.0,1.75,C0V810
小林,23.148408,120.63325,-0.48,17.95,21.17,91.0,1.88,1.88,C0V820
東莒,25.9652,119.98069,1.47,10.88,-0.47,75.0,0.62,0.47,C0W110
西嶼,23.5626,119.468436,-0.93,15.27,-1.7,82.75,1.38,0.74,C0W120
花嶼,23.40007,119.32276,-0.53,15.95,2.29,81.5,0.25,0.19,C0W130
金寧,24.457703,118.328989,0.46,13.78,0.83,71.75,0.0,-0.31,C0W150
東河,23.296598,120.385608,0.15,16.47,-1.72,79.75,0.12,-0.19,C0X050
下營,23.22695,120.256261,0.34,16.5,-1.8,78.0,0.38,-0.12,C0X060
佳里,23.173039,120.145086,-0.77,16.5,2.23,81.0,0.5,0.33,C0X080
臺南市北區,23.010394,120.194228,-0.61,17.05,11.86,88.5,0.0,-0.14,C0X100
臺南市南區,22.961189,120.188378,-0.74,17.4,4.46,80.75,0.12,-0.08,C0X110
麻豆,23.183289,120.248611,-0.1,17.23,4.94,86.75,0.0,-0.29,C0X120
官田,23.193217,120.315422,-0.41,17.12,4.15,84.25,0.12,-0.11,C0X130
西港,23.125608,120.203108,-0.94,16.38,5.58,85.75,0.25,-0.14,C0X140
安定,23.102614,120.227839,-0.54,16.55,4.04,87.25,0.12,-0.51,C0X150
仁德,22.968258,120.257689,-0.1,17.8,5.39,82.25,0.25,0.14,C0X160
關廟,22.963017,120.327797,-1.06,16.7,8.01,85.25,0.38,0.26,C0X170
山上,23.0757,120.363253,-0.23,17.0,1.04,84.25,0.62,0.47,C0X180
安平,22.993161,120.152181,-0.77,16.85,-0.71,79.5,0.0,-0.11,C0X190
左鎮,23.056758,120.408522,0.92,17.77,-0.19,83.5,0.38,0.2,C0X200
白河,23.347466,120.414427,0.08,16.35,1.3,81.5,0.25,-0.08,C0X210
學甲,23.230367,120.182187,0.16,16.15,2.48,81.25,0.75,0.62,C0X220
鹽水,23.272621,120.247641,0.15,16.0,1.22,82.75,0.5,0.32,C0X230
關子嶺,23.331169,120.508025,0.5,14.92,7.82,95.25,0.75,0.25,C0X240
新營,23.310689,120.316681,0.54,16.35,4.63,82.5,0.38,0.19,C0X250
後壁,23.366358,120.362326,0.19,16.3,0.67,80.5,0.5,0.32,C0X260
將軍,23.214999,120.13577,-0.19,15.87,1.32,80.25,0.25,0.08,C0X280
北門,23.267772,120.125481,-0.24,15.92,2.07,81.5,0.62,0.46,C0X290
鹿寮,23.386047,120.477331,0.35,16.38,5.85,89.25,0.38,-0.11,C0X300
柳營,23.253328,120.375253,0.24,17.03,0.5,77.5,0.0,0.0,C0X320
明里,23.208717,121.262342,-0.74,15.98,5.94,94.5,0.0,-0.92,C0Z020
佳心,23.34567,121.21316,-0.8,12.23,8.89,99.0,2.5,1.16,C0Z050
玉里,23.3215,121.339656,-1.17,16.1,8.61,95.5,4.0,2.67,C0Z061
舞鶴,23.46811,121.37407,-0.68,15.2,9.94,100.0,2.5,0.9,C0Z070
富源,23.587642,121.378225,-0.77,15.25,4.64,95.75,3.12,1.28,C0Z080
東華,23.89525,121.549833,-0.17,17.0,3.14,90.25,1.62,0.39,C0Z100
吉安光華,23.930925,121.595153,0.63,17.32,-5.75,75.25,2.38,0.29,C0Z150
鳳林,23.746114,121.453411,0.25,16.23,2.75,86.25,2.0,0.56,C0Z160
卓溪,23.3443,121.3029,-0.14,16.02,7.97,90.25,1.75,1.39,C0Z170
新城,24.03946,121.60454,-0.17,16.87,0.17,77.67,0.83,-1.44,C0Z180
富世,24.14743,121.6297,0.23,16.9,4.67,87.5,2.88,-2.21,C0Z190
萬榮,23.709219,121.420106,0.5,16.08,-2.36,87.25,2.12,1.26,C0Z200
瑞穗,23.5239,121.39021,0.68,16.2,6.64,92.75,2.75,1.81,C0Z210
和平林道,24.343922,121.656317,0.74,13.3,0.31,89.25,1.0,-0.44,C0Z220
和平,24.30717,121.77007,0.11,16.88,1.58,74.5,0.5,-5.94,C0Z230
瑞穗林道,23.49284,121.30688,2.01,12.1,2.75,99.75,10.38,7.46,C0Z250
蕃薯寮,23.73835,121.540108,0.01,14.55,10.08,93.25,7.75,5.42,C0Z270
德武,23.47426,121.41071,-0.08,15.58,4.58,94.25,3.5,3.11,C0Z280
赤柯山,23.36893,121.38293,0.32,11.35,2.92,99.25,9.25,7.56,C0Z290
東里,23.26853,121.30547,0.33,16.15,2.39,91.5,3.12,2.68,C0Z300
清水斷崖,24.218294,121.689142,-0.06,16.6,2.64,85.75,0.5,-1.0,C0Z310
清水林道,23.27125,121.188272,-0.81,13.48,4.58,94.25,6.88,6.12,C0Z320
安通山,23.290728,121.348528,-2.47,13.5,10.33,98.5,6.0,5.42,C0Z330
口湖工作站,23.589978,120.180394,-1.93,15.82,-1.08,74.25,0.25,0.14,12J990
東港工作站,22.479997,120.466058,-1.61,19.27,3.25,69.0,1.12,1.0,12Q970
恆春工作站,22.079678,120.714425,-1.17,20.7,4.08,69.5,0.0,0.0,12Q980
萬大發電廠,23.978875,121.139639,-0.21,14.0,8.43,86.25,7.5,7.5,42HA10
桃改樹林分場,24.944503,121.386972,-1.19,14.78,5.5,82.0,9.25,6.42,72AI40
桃園農改場,24.950944,121.030583,-0.61,14.17,0.47,85.25,3.62,0.59,72C440
桃改五峰分場,24.612194,121.157167,-1.04,9.9,6.54,96.25,9.0,5.54,72D080
臺中農改場,24.003028,120.534389,-0.57,15.9,1.46,81.25,1.12,0.5,72G600
中改埔里分場,23.903208,120.963364,-0.47,15.18,13.5,94.0,6.38,6.38,72HA00
南改斗南分場,23.634556,120.477333,-0.14,16.65,0.4,81.5,2.5,2.0,72K220
南改義竹分場,23.360694,120.279361,-0.74,16.12,-0.03,80.0,0.62,0.36,72M360
南改鹿草分場,23.416869,120.283061,-1.98,16.17,2.08,80.5,0.88,0.83,72M700
臺南農改場,23.0605,120.342194,-0.64,16.8,4.58,84.25,0.25,0.17,72N100
七股研究中心,23.081672,120.062894,-2.32,16.35,0.5,81.25,0.25,0.12,72N240
高雄農改場,22.709333,120.525889,-0.46,19.12,8.18,86.25,2.38,2.0,72Q010
東改班鳩分場,22.829528,121.077694,-0.68,16.72,4.59,84.0,2.25,1.02,72S200
東改賓朗果園,22.813889,121.071278,-1.34,16.45,-0.19,86.75,2.25,1.17,72S590
花蓮農改場,23.975222,121.563889,-0.52,16.9,3.17,84.75,5.75,3.51,72T250
花改蘭陽分場,24.686306,121.716583,-0.3,15.77,-0.12,84.25,3.75,-1.38,72U480
高改旗南分場,22.857861,120.516667,-1.13,18.08,9.59,83.0,2.88,2.67,72V140
茶改北部分場,24.955778,121.631222,-0.27,12.5,2.73,90.75,18.62,10.92,82A750
茶改場,24.908472,121.185333,-1.1,13.08,2.65,89.0,8.88,5.05,82C160
茶改中部分場,23.875611,120.913583,-1.94,13.4,11.85,95.25,4.62,3.61,82H320
茶改南部分場,23.762528,120.7405,-1.1,14.3,5.74,94.75,4.0,3.29,82H840
茶改東部分場,22.907694,121.130139,-2.49,15.35,-2.05,78.5,0.25,-0.74,82S580
農工中心,24.985917,121.239833,-0.85,13.78,7.25,87.5,8.62,5.21,A2C560
水試臺西試驗場,23.717231,120.190522,-0.6,15.75,2.31,84.25,1.38,1.31,A2K360
臺大雲林校區,23.730628,120.423903,-0.06,15.88,1.92,80.25,1.75,1.75,A2K630
臺南蘭花園區,23.340258,120.379661,0.42,16.75,4.42,81.75,0.12,0.12,A2N290
畜試北區分所,24.527806,120.770972,0.58,14.15,-0.06,84.5,2.0,1.53,B2E890
畜產試驗所,23.058972,120.336406,-0.83,16.58,4.45,85.0,0.5,0.36,B2N890
畜試南區分所,21.945583,120.802167,-1.27,19.95,2.4,76.0,0.75,-0.04,B2Q810
畜試東區分所,24.669039,121.832561,0.12,15.98,6.92,89.25,4.12,1.04,B2U990
蓮華池,23.918333,120.885278,-1.02,14.42,8.23,94.25,3.75,2.88,E2H360
林試畢祿溪站,24.226944,121.308522,2.27,7.35,18.42,91.75,7.62,6.38,E2HA20
四湖植物園,23.676986,120.163433,-1.53,15.92,7.39,88.5,0.88,0.88,E2K600
林試六龜中心,22.991703,120.645722,1.98,18.5,18.67,89.5,2.75,2.75,E2P980
林試太麻里2,22.598,120.99775,0.18,18.95,6.33,79.0,1.0,-0.33,E2S960
林試太麻里1,22.598922,120.980044,0.02,18.18,10.42,83.25,1.25,0.67,E2S980
農試所(霧峰),24.031261,120.688133,-0.3,16.68,2.82,83.25,2.0,1.26,G2F820
農試嘉義分所,23.485028,120.473806,-1.14,15.95,0.81,82.5,0.38,0.13,G2L020
農試鳳山分所,22.646611,120.356083,-1.52,18.1,6.61,79.5,2.38,2.15,G2P820
苗栗農改場,24.495722,120.829111,-0.92,13.78,1.29,86.0,3.62,1.9,K2E360
苗改生物防治研究中心,24.422861,120.871833,-1.35,13.2,0.04,84.5,1.5,0.88,K2E710
種苗改良場,24.225972,120.800917,-0.4,13.9,7.36,88.75,2.5,0.99,K2F750
溪頭,23.670306,120.798194,-0.78,11.77,11.05,98.0,8.12,6.97,U2H480
臺大和社,23.590856,120.888864,-0.98,14.25,19.75,95.0,2.38,2.38,U2HA30
臺大內茅埔,23.689722,120.851117,-2.38,14.55,19.92,94.0,3.5,3.5,U2HA40
臺大竹山,23.756972,120.681556,0.3,15.82,1.5,85.5,2.75,1.87,U2HA50
臺大竹山,23.756972,120.681556,0.3,15.82,1.5,85.5,2.75,1.87,U2HA50
臺大內茅埔,23.689722,120.851117,-2.38,14.55,19.92,94.0,3.5,3.5,U2HA40
臺大和社,23.590856,120.888864,-0.98,14.25,19.75,95.0,2.38,2.38,U2HA30
臺大溪頭,23.670306,120.798194,-0.78,11.77,11.05,98.0,8.12,6.97,U2H480
種苗繁殖,24.225972,120.800917,-0.4,13.9,7.36,88.75,2.5,0.99,K2F750
苗改生物防治研究中心,24.422861,120.871833,-1.35,13.2,0.04,84.5,1.5,0.88,K2E710
苗栗農改,24.495722,120.829111,-0.92,13.78,1.29,86.0,3.62,1.9,K2E360
農試鳳山分所,22.646611,120.356083,-1.52,18.1,6.61,79.5,2.38,2.15,G2P820
農試嘉義分所,23.485028,120.473806,-1.14,15.95,0.81,82.5,0.38,0.13,G2L020
農業試驗所,24.031261,120.688133,-0.3,16.68,2.82,83.25,2.0,1.26,G2F820
林試太麻里1,22.598922,120.980044,0.02,18.18,10.42,83.25,1.25,0.67,E2S980
林試太麻里2,22.598014,120.989761,0.18,18.95,6.33,79.0,1.0,-0.33,E2S960
林試六龜中心,22.991703,120.645722,1.98,18.5,18.67,89.5,2.75,2.75,E2P980
四湖植物園,23.676986,120.163433,-1.53,15.92,7.39,88.5,0.88,0.88,E2K600
林試畢祿溪站,24.226944,121.308522,2.27,7.35,18.42,91.75,7.62,6.38,E2HA20
蓮華池,23.918333,120.885278,-1.02,14.42,8.23,94.25,3.75,2.88,E2H360
畜試東區分所,24.669039,121.832561,0.12,15.98,6.92,89.25,4.12,1.04,B2U990
畜試南區分所,21.945583,120.802167,-1.27,19.95,2.4,76.0,0.75,-0.04,B2Q810
畜試所,23.058972,120.336406,-0.83,16.58,4.45,85.0,0.5,0.36,B2N890
畜試北區分所,24.527806,120.770972,0.58,14.15,-0.06,84.5,2.0,1.53,B2E890
臺南蘭花園區,23.340258,120.379661,0.42,16.75,4.42,81.75,0.12,0.12,A2N290
臺大雲林校區,23.730628,120.423903,-0.06,15.88,1.92,80.25,1.75,1.75,A2K630
水試臺西試驗場,23.717231,120.190522,-0.6,15.75,2.31,84.25,1.38,1.31,A2K360
農工中心,24.985917,121.239833,-0.85,13.78,7.25,87.5,8.62,5.21,A2C560
茶改東部分場,22.907694,121.130139,-2.49,15.35,-2.05,78.5,0.25,-0.74,82S580
茶改南部分場,23.762528,120.7405,-1.1,14.3,5.74,94.75,4.0,3.29,82H840
茶改中部分場,23.875611,120.913583,-1.94,13.4,11.85,95.25,4.62,3.61,82H320
茶改場,24.908472,121.185333,-1.1,13.08,2.65,89.0,8.88,5.05,82C160
茶改北部分場,24.955778,121.631222,-0.27,12.5,2.73,90.75,18.62,10.92,82A750
高改旗南分場,22.857861,120.516667,-1.13,18.08,9.59,83.0,2.88,2.67,72V140
花改蘭陽分場,24.686306,121.716583,-0.3,15.77,-0.12,84.25,3.75,-1.38,72U480
花蓮農改,23.975222,121.563889,-0.52,16.9,3.17,84.75,5.75,3.51,72T250
東改賓朗果園,22.813889,121.071278,-1.34,16.45,-0.19,86.75,2.25,1.17,72S590
東改班鳩分場,22.829528,121.077694,-0.68,16.72,4.59,84.0,2.25,1.02,72S200
高雄農改,22.709333,120.525889,-0.46,19.12,8.18,86.25,2.38,2.0,72Q010
七股研究中心,23.081672,120.062894,-2.32,16.35,0.5,81.25,0.25,0.12,72N240
臺南農改,23.0605,120.342194,-0.64,16.8,4.58,84.25,0.25,0.17,72N100
南改鹿草分場,23.416869,120.283061,-1.98,16.17,2.08,80.5,0.88,0.83,72M700
南改義竹分場,23.360694,120.279361,-0.74,16.12,-0.03,80.0,0.62,0.36,72M360
南改斗南分場,23.634556,120.477333,-0.14,16.65,0.4,81.5,2.5,2.0,72K220
中改埔里分場,23.903208,120.963364,-0.47,15.18,13.5,94.0,6.38,6.38,72HA00
臺中農改,24.003028,120.534389,-0.57,15.9,1.46,81.25,1.12,0.5,72G600
桃改五峰分場,24.612194,121.157167,-1.04,9.9,6.54,96.25,9.0,5.54,72D080
桃園農改,24.950944,121.030583,-0.61,14.17,0.47,85.25,3.62,0.59,72C440
桃改樹林分場,24.944503,121.386972,-1.19,14.78,5.5,82.0,9.25,6.42,72AI40
萬大發電廠,23.978875,121.139639,-0.21,14.0,8.43,86.25,7.5,7.5,42HA10
恆春工作站,22.079678,120.714425,-1.17,20.7,4.08,69.5,0.0,0.0,12Q980
東港工作站,22.479997,120.466058,-1.61,19.27,3.25,69.0,1.12,1.0,12Q970
口湖工作站,23.589978,120.180394,-1.93,15.82,-1.08,74.25,0.25,0.14,12J990
