站名,緯度,經度,平均溫距平,本年度平均溫,平均溼度距平,本年度日均相對溼度,本年度日均降水量,日均降水量距平,站號
淡水,25.164889,121.448906,-0.48,15.16,-8.44,71.54,1.96,-1.43,466900
鞍部,25.182586,121.529731,-1.65,8.76,0.18,91.86,7.33,-2.79,466910
臺北,25.037658,121.514853,-0.63,16.03,-7.77,68.64,1.68,-1.63,466920
竹子湖,25.162078,121.544547,-1.39,10.71,-2.58,84.85,3.76,-3.75,466930
基隆,25.133314,121.740475,-0.34,15.9,-8.84,68.75,3.36,-8.0,466940
花蓮,23.975128,121.613275,-0.8,17.5,-4.72,69.75,0.72,-1.41,466990
新屋,25.006744,121.047486,-0.93,15.38,-8.38,69.29,0.76,-2.47,467050
宜蘭,24.763975,121.756528,-1.12,15.56,-3.62,75.5,0.91,-4.86,467080
金門,24.407306,118.289281,0.37,13.81,-11.29,60.11,0.01,-1.32,467110
澎湖,23.565503,119.563094,-0.78,16.18,-4.0,74.43,0.42,-0.29,467350
臺南,22.993239,120.204772,-1.05,16.82,-4.14,70.36,0.23,-0.5,467410
永康,23.038386,120.2367,-0.74,16.79,-1.34,72.39,0.21,-0.55,467420
嘉義,23.495925,120.432906,-1.01,15.98,2.0,79.29,0.96,-0.01,467480
臺中,24.145736,120.684075,-0.7,16.4,-4.85,69.43,0.93,-0.38,467490
阿里山,23.508208,120.813242,-1.66,5.01,2.75,83.07,3.72,0.65,467530
大武,22.355675,120.903789,-1.37,19.13,-2.28,67.96,1.67,0.27,467540
玉山,23.487614,120.959522,-0.39,-0.5,-1.39,58.75,5.43,3.02,467550
新竹,24.827853,121.014219,-0.03,15.83,-10.25,67.57,0.69,-2.01,467571
恆春,22.003897,120.746339,-1.31,19.81,-1.67,68.0,0.61,-0.17,467590
成功,23.097486,121.373428,-0.9,18.06,-2.65,71.36,1.25,-1.19,467610
日月潭,23.881325,120.90805,-1.31,13.08,7.27,83.79,1.87,-0.12,467650
臺東,22.752211,121.154586,-1.19,18.42,-1.53,69.46,0.75,-0.51,467660
馬祖,26.169269,119.923419,0.67,11.07,-8.34,71.96,0.02,-1.64,467990
山佳,24.974944,121.402008,-0.12,16.04,-9.33,72.57,1.66,-1.55,C0A520
坪林,24.938183,121.70975,-1.35,12.43,-10.83,81.19,2.44,-1.67,C0A530
泰平,24.971197,121.823711,-1.24,11.52,-2.11,92.93,5.86,-8.02,C0A550
桶後,24.848222,121.597992,-1.23,11.96,-2.68,91.57,3.71,-2.07,C0A570
石碇,24.993969,121.662917,-0.65,13.66,-8.24,81.39,2.95,-2.38,C0A640
大坪,25.165914,121.632969,-0.35,13.0,-3.56,88.68,8.84,-16.64,C0A860
五指山,25.132153,121.608692,0.13,11.51,-1.11,92.5,5.23,-4.14,C0A870
雙溪,25.036003,121.864242,0.03,15.09,-6.32,85.18,3.41,-7.62,C0A890
三和,25.233153,121.595236,-1.31,13.57,-6.41,79.86,6.07,-11.65,C0A931
金山,25.223628,121.643967,0.84,16.42,-12.89,70.29,2.91,-5.64,C0A940
鼻頭角,25.129036,121.923372,-0.12,16.45,-7.07,72.75,1.0,-2.79,C0A950
三貂角,25.007606,122.002058,-0.38,15.9,-11.85,74.32,2.41,-4.57,C0A970
社子,25.109508,121.469681,0.04,16.48,-3.03,74.64,1.11,-1.36,C0A980
天母,25.117494,121.537169,-0.68,15.94,-9.22,65.36,1.02,-1.13,C0A9C0
內湖,25.079422,121.57545,-0.69,15.88,2.23,80.82,1.05,-1.51,C0A9F0
大屯山,25.175675,121.522408,-0.57,8.54,1.87,97.29,5.21,-1.74,C0AC40
三峽,24.939025,121.369728,0.46,16.69,-8.39,72.68,1.79,-2.34,C0AC60
信義,25.037822,121.564597,0.52,16.84,-6.51,73.0,1.89,-1.56,C0AC70
文山,25.00235,121.575728,-0.85,15.1,-10.22,74.18,2.57,-1.11,C0AC80
新莊,25.051478,121.446756,-0.85,15.93,-8.75,65.75,1.05,-2.18,C0ACA0
八里,25.150211,121.403947,-0.58,15.8,-3.44,74.43,1.25,-2.35,C0AD10
蘆洲,25.086594,121.472331,-0.43,16.56,-7.84,66.75,1.0,-1.87,C0AD30
土城,24.973208,121.445169,-0.32,15.8,-5.4,74.5,1.93,-1.55,C0AD40
鶯歌,24.951533,121.346294,0.4,16.43,-9.06,73.09,1.84,-1.68,C0AD50
汐止,25.066881,121.658778,-0.67,15.69,-12.39,72.57,2.57,-3.36,C0AH00
永和,25.01125,121.508111,-0.31,16.66,-3.37,70.93,1.62,-1.32,C0AH10
五分山,25.07125,121.780794,-1.37,10.88,-3.44,93.57,8.11,-8.43,C0AH30
平等,25.129142,121.577086,-2.31,12.6,-11.0,76.04,2.04,-1.99,C0AH40
林口,25.072181,121.38084,-1.57,13.89,-8.34,78.18,1.52,-2.11,C0AH50
松山,25.04871,121.55042,-1.77,15.92,-11.04,60.04,1.21,-2.39,C0AH70
深坑,25.002703,121.628328,-0.83,15.44,-6.87,78.75,2.21,-1.38,C0AH80
福山植物園,24.760717,121.58135,-2.66,10.19,1.12,94.5,2.34,-5.96,C0AH90
五股,25.07445,121.42728,-2.72,13.92,-16.36,75.14,1.09,-0.74,C0AI00
屈尺,24.92184,121.54475,-1.84,15.12,-15.39,68.61,3.3,0.6,C0AI10
白沙灣,25.283128,121.519058,-1.1,15.65,-6.96,72.64,0.75,-3.46,C0AI20
三重,25.057328,121.500629,-1.73,16.18,-10.92,70.18,0.96,-0.04,C0AI30
石牌,25.115597,121.513139,-1.61,16.85,-2.46,68.07,0.73,-0.34,C0AI40
七堵,25.094819,121.71713,-0.82,16.33,-12.11,74.57,4.23,-3.03,C0B010
基隆嶼,25.19141,121.78391,-1.37,15.54,-3.43,81.04,3.07,-0.68,C0B020
復興,24.820208,121.352281,-0.92,12.78,-5.98,74.46,2.84,-0.62,C0C460
桃園,24.992425,121.323172,-0.53,15.32,-7.06,68.75,1.75,-1.64,C0C480
八德,24.928708,121.283289,-0.96,14.82,-9.67,69.79,2.14,-2.09,C0C490
觀音,25.027072,121.153317,-0.54,14.64,-9.46,70.32,1.11,-2.64,C0C590
蘆竹,25.084275,121.265767,-1.19,14.94,-4.03,74.5,1.16,-3.09,C0C620
大溪,24.882853,121.265547,-0.45,14.18,-5.1,72.96,2.21,-1.04,C0C630
平鎮,24.897503,121.214636,-0.23,14.25,-8.23,73.21,1.61,-1.79,C0C650
楊梅,24.912375,121.143047,-1.16,14.57,-6.51,69.57,1.64,-2.39,C0C660
龍潭,24.870056,121.221389,-1.22,13.67,-1.92,78.54,2.18,-2.64,C0C670
龜山,25.02846,121.38656,-1.11,14.29,-9.23,72.79,1.54,-2.56,C0C680
中壢,24.977661,121.256375,-1.42,14.72,-9.72,69.71,1.66,-2.38,C0C700
大溪永福,24.892936,121.324975,-1.15,14.74,-9.85,76.46,2.82,0.98,C0C710
梅花,24.678347,121.208558,-1.42,11.75,-1.86,83.0,2.32,-0.64,C0D360
峨眉,24.6905,121.017189,-0.87,14.46,-7.57,76.93,1.77,-2.12,C0D430
打鐵坑,24.849664,121.150789,-0.84,13.51,-10.58,75.39,1.66,-1.67,C0D480
橫山,24.71116,121.11693,-1.49,13.17,-1.68,81.96,2.43,-0.82,C0D540
雪霸,24.526972,121.11605,-1.47,6.83,-6.51,70.89,2.54,-1.81,C0D550
竹東,24.767147,121.057881,0.13,15.14,-6.09,69.46,1.25,-1.61,C0D560
寶山,24.735006,121.025192,-0.34,14.5,-6.35,75.18,1.55,-1.75,C0D580
新豐,24.87068,120.97721,-0.38,14.49,-6.2,75.64,1.07,-1.87,C0D590
湖口,24.904794,121.043628,-0.78,15.14,-8.19,69.68,1.18,-1.56,C0D650
新竹市東區,24.798681,120.986942,-1.22,14.99,-7.38,68.21,0.91,-2.79,C0D660
竹南,24.708978,120.888897,0.1,15.64,-6.28,72.54,0.82,-1.18,C0E420
南庄,24.601775,121.000214,-1.33,12.94,2.86,86.71,1.8,-1.33,C0E430
明德,24.583486,120.885411,-0.63,14.97,-10.08,73.89,0.96,-2.0,C0E550
通霄,24.471892,120.704622,-0.94,14.99,-8.81,75.0,0.71,-1.37,C0E590
馬都安,24.451272,120.930192,-1.15,11.69,-3.14,79.25,1.46,-0.73,C0E610
頭份,24.688247,120.912206,0.36,16.23,-6.24,69.36,1.04,-1.41,C0E730
造橋,24.637056,120.864778,-0.92,15.02,-9.93,73.93,0.96,-2.03,C0E740
苗栗,24.564569,120.824575,-1.07,15.03,-8.1,71.07,0.73,-2.12,C0E750
銅鑼,24.489681,120.790853,-1.44,14.04,16.52,100.0,0.39,-2.38,C0E780
西湖,24.562947,120.7485,-0.65,14.83,-8.51,75.89,0.59,-1.54,C0E810
獅潭,24.539133,120.920042,-1.56,13.02,-5.96,80.5,1.36,-1.63,C0E820
苑裡,24.439714,120.653053,-1.39,15.14,-7.71,72.11,0.45,-1.44,C0E830
大河,24.618069,120.948578,-3.55,12.3,-10.0,74.93,1.64,-3.14,C0E850
高鐵苗栗,24.60725,120.826094,-1.36,15.15,-3.91,77.82,0.73,-1.93,C0E870
石岡,24.276061,120.777644,-1.24,15.15,-2.35,82.43,0.79,-0.68,C0F0B0
中坑,24.248517,120.903319,-2.97,11.85,-0.48,81.36,1.8,-0.8,C0F0C0
審馬陣,24.381675,121.4203,-2.81,0.65,3.88,72.07,1.98,-2.37,C0F0D0
南湖圈谷,24.363714,121.444667,-3.7,-3.0,-3.91,73.79,0.0,-7.72,C0F0E0
東勢,24.246428,120.833047,-0.71,14.92,-1.32,79.46,1.16,-0.87,C0F850
大坑,24.173142,120.722289,-0.19,16.94,-3.39,72.89,0.95,-0.69,C0F970
神岡,24.272481,120.658314,-1.29,14.53,-12.46,73.21,0.59,-1.1,C0F9I0
大安,24.345061,120.588025,-1.23,15.08,-9.75,74.43,0.46,-0.96,C0F9K0
后里,24.310436,120.729725,-0.82,14.95,-9.19,73.82,0.73,-1.02,C0F9L0
豐原,24.254322,120.720692,-0.3,15.83,-5.55,73.5,0.79,-0.98,C0F9M0
大里,24.092464,120.701378,-1.1,17.05,-6.64,66.57,1.07,-0.55,C0F9N0
潭子,24.213106,120.703933,-0.92,16.02,-3.48,74.46,0.73,-0.85,C0F9O0
清水,24.312297,120.562242,-1.26,15.22,-8.44,74.79,0.41,-0.89,C0F9P0
外埔,24.347817,120.705686,-0.26,15.73,-9.32,74.57,0.7,-0.96,C0F9Q0
龍井,24.184536,120.528972,-1.2,15.77,-11.0,71.79,0.57,-0.82,C0F9R0
烏日,24.107058,120.624103,-1.07,16.18,-5.65,69.11,0.96,-0.46,C0F9S0
西屯,24.179494,120.641275,-1.22,15.47,-5.71,71.61,0.64,-0.7,C0F9T0
南屯,24.137006,120.637969,-1.39,16.38,-6.15,68.39,0.39,-0.97,C0F9U0
新社,24.200172,120.815806,-1.17,13.89,-5.34,77.56,1.14,-0.96,C0F9V0
大雅(中科園區),24.21528,120.62445,-1.9,14.8,-8.38,74.68,0.61,-1.49,C0F9X0
桃山,24.432739,121.303808,-2.58,0.93,-0.14,62.36,2.14,-0.7,C0F9Y0
雪山東峰,24.388792,121.268675,-2.34,1.92,-1.47,60.14,2.02,-1.78,C0F9Z0
芬園,24.015678,120.6213,-1.82,14.7,0.57,82.39,0.89,-0.62,C0G620
員林,23.946503,120.585597,0.82,17.88,-8.45,70.87,1.02,-0.05,C0G650
溪湖,23.94835,120.479122,0.41,17.35,6.19,87.61,0.66,-0.63,C0G660
溪州,23.851589,120.499093,-1.45,15.75,-10.55,70.61,0.71,-1.55,C0G720
二林,23.903325,120.376081,-1.41,15.42,-6.39,81.89,0.61,-0.88,C0G730
大城,23.852487,120.320935,-1.23,15.78,-36.68,44.82,0.62,-1.3,C0G740
福興,24.041289,120.437669,-0.8,16.44,-10.09,69.5,0.71,-0.52,C0G770
秀水,24.03405,120.503869,-0.66,16.54,-4.94,76.18,0.68,-0.61,C0G780
埔鹽,24.000394,120.431683,-0.11,16.57,-6.24,77.32,0.64,-0.51,C0G800
埔心,23.947633,120.525456,-0.49,16.63,20.24,99.29,0.71,-0.6,C0G810
田尾,23.901669,120.509389,-0.81,16.06,-2.59,81.64,0.7,-0.72,C0G820
埤頭,23.866003,120.452806,-1.03,15.82,12.73,100.0,0.52,-0.58,C0G830
社頭,23.897647,120.5862,-0.72,17.05,2.63,79.79,0.82,-0.71,C0G860
二水,23.810742,120.6173,0.75,18.18,-1.05,80.82,0.91,-0.42,C0G880
伸港,24.148933,120.484403,-1.25,15.55,-9.19,72.0,0.55,-0.68,C0G890
線西,24.143358,120.443536,-2.15,15.73,-11.37,73.39,0.5,-0.15,C0G900
花壇,24.032076,120.549461,1.2,19.05,-0.7,79.43,0.75,0.17,C0G910
埔里,23.972169,120.952425,-1.55,15.69,-0.2,81.14,1.79,-1.31,C0H890
草屯,23.973672,120.68085,-1.36,15.93,-5.45,72.79,1.0,-0.56,C0H960
昆陽,24.121322,121.273642,-1.4,0.94,0.16,76.68,1.82,0.08,C0H990
神木村,23.532742,120.843667,-1.17,9.67,4.1,87.0,3.41,0.73,C0H9A0
合歡山,24.143442,121.272547,-1.31,-0.38,8.01,79.39,3.7,-2.25,C0H9C0
廬山,24.033311,121.181808,-1.07,10.48,-0.92,75.29,3.25,0.24,C0I010
信義,23.689694,120.851036,-1.94,14.46,2.37,84.43,2.07,-0.28,C0I080
竹山,23.761225,120.688156,-0.77,15.76,-0.5,83.43,1.2,-0.21,C0I110
水里,23.812553,120.849792,-1.62,15.83,-3.23,78.21,1.64,-0.42,C0I360
魚池,23.895703,120.94135,-1.51,14.64,-4.64,80.64,2.09,-1.03,C0I370
集集,23.828206,120.801467,-1.82,15.83,-2.68,79.93,1.45,-0.98,C0I380
仁愛,24.022122,121.132206,-1.7,11.88,-1.24,79.86,2.88,-1.55,C0I390
名間,23.837053,120.701447,-2.01,15.19,-5.34,77.57,1.11,-0.89,C0I410
國姓,24.037803,120.855072,-1.83,15.49,-2.65,81.0,1.46,-1.01,C0I420
南投,23.911469,120.687331,-1.6,16.31,-2.14,77.18,1.0,-1.3,C0I460
梅峰,24.085272,121.173572,-1.94,6.17,-2.99,79.29,3.14,-3.0,C0I480
萬大林道,23.928228,121.091411,-2.29,10.01,-3.43,76.46,3.25,-0.42,C0I490
小奇萊,24.131764,121.295717,-2.33,0.41,-1.14,80.04,3.39,-5.25,C0I530
奇萊稜線,24.109231,121.326456,-3.56,-1.47,7.87,81.92,0.0,-4.05,C0I540
崙背,23.75555,120.318925,-1.46,15.62,-11.68,71.96,0.71,-1.17,C0K250
四湖,23.630414,120.227125,-0.62,16.09,-10.29,71.3,0.72,0.01,C0K280
宜梧,23.536281,120.169329,-0.76,15.98,-9.1,73.64,0.79,-0.07,C0K291
虎尾,23.719183,120.442036,-0.85,15.94,-6.03,75.82,0.73,-0.2,C0K330
土庫,23.679029,120.395574,-1.31,15.96,-5.02,77.14,0.62,-1.03,C0K390
斗六,23.720583,120.541127,-1.64,15.8,-11.83,72.61,1.0,-0.88,C0K400
北港,23.573957,120.292802,-1.58,15.79,-12.54,71.14,0.75,-0.82,C0K410
西螺,23.800407,120.467394,-1.43,15.75,-9.71,74.18,0.75,-1.14,C0K420
褒忠,23.690938,120.303634,-1.47,15.6,-14.47,69.39,0.66,-0.83,C0K430
二崙,23.772797,120.408944,-1.59,15.41,-7.71,76.75,0.54,-0.82,C0K440
大埤,23.646074,120.431537,-1.54,15.86,-8.97,72.5,0.71,-0.8,C0K450
斗南,23.678734,120.478359,-1.5,15.79,-7.53,74.32,0.88,-0.78,C0K460
林內,23.748675,120.609642,-1.77,15.56,-5.3,78.96,1.12,-0.89,C0K470
莿桐,23.761192,120.502372,-1.65,15.43,-9.94,73.75,0.79,-1.0,C0K480
元長,23.64981,120.315024,-1.46,15.76,-8.01,73.68,0.7,-0.8,C0K500
水林,23.572924,120.24597,-1.33,15.98,-9.08,72.57,0.77,-0.78,C0K510
臺西,23.701547,120.197559,-1.46,15.77,-8.37,74.54,0.54,-0.96,C0K530
蔦松,23.514319,120.229736,-1.56,15.81,-8.73,74.79,0.8,-0.68,C0K550
棋山,23.68645,120.603417,-1.77,15.66,-2.44,81.96,1.18,-1.11,C0K560
高鐵雲林,23.737456,120.417944,-1.89,15.53,-12.16,76.71,0.59,0.22,C0K580
東後寮,23.369908,120.248065,-1.63,15.72,-7.23,75.54,0.71,-0.62,C0M520
奮起湖,23.493903,120.699253,-0.32,11.96,1.84,87.93,1.67,-0.15,C0M530
中埔,23.42538,120.5229,-1.76,15.67,-5.69,77.82,0.84,-1.06,C0M640
朴子,23.43463,120.23902,-2.23,15.24,-4.97,76.36,0.93,-0.42,C0M650
溪口,23.604131,120.403569,-1.49,15.82,-11.09,72.25,0.79,-0.75,C0M660
大林,23.600616,120.45841,-1.57,15.99,-8.48,72.25,1.05,-0.74,C0M670
太保,23.455062,120.331455,-1.79,15.87,-10.8,71.39,0.93,-0.62,C0M680
水上,23.419734,120.388909,-1.6,15.99,-3.51,77.71,0.73,-0.79,C0M690
竹崎,23.526178,120.555508,-1.78,15.64,-2.63,81.71,1.18,-0.8,C0M700
東石,23.458927,120.15385,-1.47,15.97,-9.46,73.43,0.88,-0.56,C0M710
番路,23.464657,120.554156,-1.67,15.28,-1.47,82.89,0.96,-0.94,C0M720
嘉義市東區,23.457673,120.460531,-1.61,16.93,-4.76,73.0,1.11,-0.67,C0M730
六腳,23.492871,120.290625,-1.67,15.8,-9.24,72.25,0.86,-0.69,C0M740
布袋,23.380878,120.167789,-1.38,16.06,-11.71,72.11,0.86,-0.49,C0M750
民雄,23.551754,120.428457,-1.61,16.09,-9.87,72.18,0.95,-0.92,C0M760
嘉義梅山,23.585398,120.555587,-1.75,15.49,-1.37,82.89,1.09,-1.0,C0M770
鹿草,23.41134,120.30835,-1.53,16.14,-8.54,71.86,0.84,-0.62,C0M780
新港,23.553269,120.345728,-1.64,15.9,-8.12,72.43,0.91,-0.73,C0M790
茶山,23.299075,120.664767,-1.43,16.38,0.9,83.21,0.82,-1.54,C0M800
里佳,23.389125,120.716647,-1.71,11.66,1.19,84.29,1.41,-2.06,C0M810
達邦,23.453994,120.749517,-1.48,13.66,3.71,82.82,1.36,-1.81,C0M820
表湖,23.24186,120.64166,-2.63,14.58,3.16,84.71,0.8,0.25,C0M850
北寮,23.079561,120.495008,-1.23,16.63,6.24,88.75,0.46,-0.78,C0O830
王爺宮,23.222064,120.40085,0.63,17.81,-9.39,74.68,0.41,-0.97,C0O840
大內,23.11885,120.36083,-0.47,17.7,-0.05,81.75,0.29,-0.93,C0O860
善化,23.112883,120.297219,-0.78,16.65,-0.2,82.5,0.25,-0.48,C0O900
崎頂,22.959547,120.369317,-0.86,16.59,3.16,85.32,0.45,-0.51,C0O960
虎頭埤,23.021375,120.347878,-1.37,16.36,-0.82,81.57,0.34,-0.86,C0O970
新市,23.061614,120.298197,-0.59,17.57,-4.31,75.71,0.21,-1.05,C0O980
媽廟,22.99175,120.293525,-1.43,16.81,3.99,84.43,0.3,-0.87,C0O990
尾寮山,22.833111,120.683889,-1.48,12.99,3.03,89.17,1.02,0.1,C0R100
阿禮,22.742908,120.743678,-1.16,14.14,4.45,80.14,1.54,0.1,C0R130
瑪家,22.682903,120.686639,-1.71,14.45,12.33,95.43,1.46,0.03,C0R140
三地門,22.709889,120.639944,-0.42,19.02,-9.67,64.54,0.5,-0.12,C0R150
鹽埔,22.739558,120.530778,-0.9,18.32,-1.07,82.71,0.41,-0.59,C0R160
屏東,22.660269,120.494072,0.9,20.5,-6.46,73.0,0.0,-0.91,C0R170
赤山,22.592333,120.614306,-0.9,18.48,6.69,87.86,0.38,-0.77,C0R190
潮州,22.534361,120.54,-0.1,19.2,-1.77,77.29,0.27,-0.34,C0R220
來義,22.527306,120.625111,-1.41,17.8,5.3,88.14,0.45,-0.89,C0R240
春日,22.370361,120.628306,-1.35,18.58,-20.74,56.75,0.38,-0.42,C0R260
琉球嶼,22.332244,120.362236,-1.11,19.08,-5.98,72.71,0.56,-0.02,C0R270
車城,22.0744,120.716247,-2.17,19.49,-2.27,71.96,0.73,-1.18,C0R320
牡丹,22.130036,120.792639,-2.29,17.0,2.32,87.86,0.89,-0.97,C0R341
貓鼻頭,21.921774,120.7358,-1.14,19.73,-3.06,73.11,0.79,0.09,C0R350
大漢山,22.405264,120.753181,-1.84,8.33,3.75,97.79,2.5,0.0,C0R440
高樹,22.826389,120.600806,-0.98,18.66,-0.7,76.89,0.36,-0.75,C0R470
長治,22.693128,120.542622,-0.51,19.18,-0.91,78.79,0.43,-0.53,C0R480
九如,22.7405,120.490503,-0.71,18.89,-6.92,75.39,0.29,-0.68,C0R490
崁頂,22.514781,120.506914,-1.43,18.4,-5.15,77.25,0.27,-0.77,C0R520
佳冬,22.419456,120.552375,-1.2,18.62,-1.87,79.71,0.38,-0.69,C0R540
新埤,22.467947,120.582894,-1.28,18.4,-5.31,76.18,0.34,-0.98,C0R550
新園,22.5434,120.461558,-0.42,19.28,-7.71,70.57,0.27,-0.96,C0R560
麟洛,22.65078,120.52719,-0.24,19.72,2.86,79.93,0.34,-0.62,C0R570
南州,22.48591,120.50274,-1.5,18.21,-1.53,78.86,0.21,-0.92,C0R580
里港,22.77919,120.49459,-3.03,16.41,-4.13,73.68,0.21,-0.66,C0R590
舊泰武,22.588194,120.664944,-1.75,14.82,4.98,89.43,1.27,-0.31,C0R600
墾雷,21.900836,120.855269,-1.87,19.87,3.48,82.36,1.34,-1.7,C0R620
東港,22.46247,120.44074,-2.17,18.84,-3.01,75.46,0.29,-0.07,C0R640
竹田,22.58486,120.54344,-2.06,18.75,-6.93,76.11,0.3,-0.09,C0R650
枋寮,22.367722,120.590647,-1.26,19.01,3.34,82.54,0.32,-0.65,C0R660
楓港,22.190131,120.692156,-2.66,19.15,-4.1,65.04,0.54,-1.63,C0R670
佳樂水,21.993578,120.861633,-2.36,19.88,-2.67,73.46,1.57,-0.81,C0R680
墾丁,21.966756,120.810269,-2.09,17.58,-3.99,80.61,1.43,-0.97,C0R690
枋山,22.246844,120.661086,-1.65,19.52,-2.82,68.68,0.36,-1.31,C0R700
旭海,22.205403,120.887614,-2.61,17.38,11.13,93.46,2.39,-0.66,C0R720
下馬,23.150427,121.070312,-4.93,9.5,-7.07,80.0,36.5,36.0,C0S660
太麻里,22.60902,120.98533,-1.09,14.91,-5.28,82.29,1.04,-0.56,C0S690
知本,22.684866,121.005642,-1.4,14.41,0.23,89.89,1.05,-0.59,C0S700
鹿野,22.917711,121.122994,-1.1,14.69,-0.03,85.54,0.79,-0.59,C0S710
綠島,22.6672,121.47533,-0.95,18.21,5.08,88.36,2.84,-2.86,C0S730
池上,23.119628,121.209469,-1.03,15.18,-1.72,84.75,0.57,-0.42,C0S740
向陽,23.248397,120.986133,-2.87,3.3,6.13,90.0,138.5,135.14,C0S750
大溪山,22.478475,120.943325,-1.3,15.54,-5.05,82.25,2.23,0.06,C0S770
金崙,22.538122,120.966875,-1.35,16.94,-4.4,79.5,1.12,-0.33,C0S790
東河,22.972672,121.303986,-1.95,17.85,-3.47,77.76,0.52,-0.8,C0S810
長濱,23.286817,121.411975,-1.47,16.13,-5.73,77.5,1.29,-0.33,C0S830
南田,22.279725,120.889208,-1.54,19.13,14.0,93.57,1.7,0.19,C0S840
關山,23.0395,121.175017,-1.79,15.88,-1.45,83.25,0.46,-1.26,C0S890
蘭嶼高中,22.04909,121.51214,-1.98,20.05,-0.12,75.39,9.64,-1.78,C0S900
蘭嶼燈塔,22.081197,121.503117,-2.16,18.34,-6.45,83.43,3.75,-1.7,C0S910
金峰嘉蘭,22.594789,120.960825,-2.56,17.11,0.04,82.64,1.3,-0.16,C0S920
延平,22.902581,121.084058,-2.69,15.74,3.22,83.36,0.96,0.21,C0S930
石寧山,23.223772,121.406639,-2.64,16.56,0.38,82.75,1.93,-0.4,C0S940
七塊厝,22.954453,121.229922,-4.91,12.3,-18.17,71.0,26.5,25.68,C0S950
香蘭,22.587569,120.993375,-2.23,18.6,3.39,77.39,0.77,-1.22,C0S960
加津林,22.416211,120.926942,-2.11,19.03,-3.5,70.46,2.0,0.1,C0S970
勝林山,22.430439,120.8938,-3.5,11.28,-0.05,96.71,4.34,1.76,C0S980
山豬窟,22.318619,120.857372,-2.75,15.59,-3.96,81.14,1.7,-1.14,C0S990
歷坵,22.520969,120.89185,-2.19,14.8,-0.74,90.43,1.61,-0.08,C0SA00
檳榔四格山,22.810031,121.109308,-2.7,14.93,2.19,87.82,0.7,-0.34,C0SA10
金崙山,22.567419,120.959667,-2.4,12.0,-3.52,92.25,2.32,-0.31,C0SA20
都歷,23.020333,121.323642,-1.73,17.99,15.61,92.64,0.71,-0.6,C0SA30
瑞和,22.974361,121.156697,-2.25,16.01,7.66,91.86,0.61,-0.09,C0SA40
土坂,22.453108,120.887572,-2.09,16.99,0.47,85.61,2.45,0.83,C0SA80
大禹嶺,24.186117,121.316086,-1.25,3.29,1.87,71.5,3.0,-0.87,C0T790
天祥,24.179597,121.495639,-0.78,13.12,-0.48,84.75,1.09,-0.55,C0T820
鯉魚潭,23.935639,121.508944,-1.42,14.6,1.28,90.89,2.39,-0.28,C0T870
西林,23.8119,121.441458,-0.91,15.62,2.46,87.57,2.27,-0.3,C0T900
光復,23.660694,121.424964,-0.79,15.79,-2.83,86.43,1.34,-1.21,C0T960
月眉山,23.809928,121.539828,-1.05,13.47,-2.09,91.46,1.48,-1.67,C0T9A0
水源,23.991861,121.537169,-1.08,13.13,-2.72,88.32,3.0,-0.9,C0T9B0
和中,24.26676,121.74103,-1.25,16.75,9.28,93.25,0.36,-2.17,C0T9D0
大坑,23.880628,121.581981,-1.15,14.01,-2.68,87.96,1.59,-1.73,C0T9E0
水璉,23.797131,121.542514,-1.71,15.32,0.23,84.93,1.46,-1.07,C0T9F0
鳳林山,23.735269,121.420131,-2.38,12.78,-3.28,90.64,2.38,-1.05,C0T9G0
加路蘭山,23.682947,121.5274,-1.36,12.09,1.61,97.0,5.32,-1.26,C0T9H0
靜浦,23.455167,121.495028,-0.99,16.56,-2.26,84.48,5.98,1.5,C0T9M0
富里,23.171639,121.249378,-3.7,13.9,-4.3,83.0,24.0,23.32,C0T9N0
雙連埤,24.753033,121.641303,-1.66,11.06,-7.17,89.57,1.55,-4.9,C0U520
礁溪,24.817539,121.765608,-0.88,15.48,-7.09,76.18,0.62,-3.92,C0U600
玉蘭,24.675286,121.587061,-1.12,12.57,-6.48,81.75,2.45,-3.71,C0U650
太平山,24.505486,121.525656,-1.33,4.63,0.48,91.82,3.39,-0.97,C0U710
南山,24.43742,121.38167,-3.18,7.88,-3.03,94.0,2.34,-0.34,C0U720
東澳,24.52196,121.83318,-1.35,15.84,4.69,91.18,1.93,-5.6,C0U760
南澳,24.44935,121.81022,-1.52,16.45,-4.61,72.36,0.32,-2.62,C0U770
五結,24.68637,121.79794,-1.33,15.15,-4.89,77.79,1.05,-8.0,C0U780
頭城,24.85323,121.8308,-1.83,15.78,-9.05,77.11,0.64,-3.77,C0U860
大礁溪,24.791042,121.675047,-2.02,12.48,-2.1,85.61,1.59,-6.86,C0U870
三星,24.66812,121.65302,-2.03,14.61,3.23,91.36,1.09,-6.63,C0U890
內城,24.71813,121.68766,-1.79,15.18,-5.87,80.14,0.93,-6.1,C0U900
冬山,24.63373,121.7937,-1.42,15.78,6.78,91.75,1.12,-12.94,C0U910
羅東,24.68184,121.74934,-1.44,15.37,-6.02,79.75,0.86,-10.23,C0U940
鶯子嶺,24.89754,121.79244,-2.54,8.01,-6.37,91.29,4.16,-7.04,C0U950
翠峰湖,24.510856,121.608044,-2.73,3.94,4.1,100.0,2.17,-2.13,C0U960
大福,24.80064,121.81389,-2.17,15.32,-5.95,74.96,0.7,-6.04,C0U970
坪林石牌,24.86478,121.77396,-2.12,11.17,-5.88,90.54,1.91,-5.89,C0U980
員山,24.74435,121.72247,-2.02,15.39,-4.18,79.22,0.48,-7.56,C0U990
土場,24.576533,121.495333,-2.28,12.68,-4.04,85.71,1.5,-1.53,C0UA00
鴛鴦湖,24.590269,121.412228,-3.17,5.02,0.52,97.79,4.73,0.02,C0UA10
白嶺,24.527819,121.519031,-2.95,6.52,-0.17,95.75,5.61,0.02,C0UA30
西德山,24.560647,121.752608,-3.43,7.82,1.71,97.89,5.75,-4.62,C0UA40
西帽山,24.555361,121.802628,-2.78,9.82,-5.89,91.36,6.95,-10.74,C0UA50
樟樹山,24.41393,121.78325,-2.61,12.28,5.23,96.0,0.89,-2.84,C0UA60
桃源谷,24.962606,121.888875,-2.43,11.41,-4.27,91.68,5.82,-5.42,C0UA70
復興,23.222403,120.806089,-1.04,15.63,7.04,81.54,1.68,-0.41,C0V210
美濃,22.898742,120.519153,1.51,20.2,3.49,83.0,0.0,-0.57,C0V310
溪埔,22.738578,120.446797,-0.99,18.01,1.79,80.79,0.25,-0.73,C0V350
內門,22.975481,120.466769,0.16,17.91,-0.7,80.44,0.46,-0.63,C0V360
古亭坑,22.893178,120.401947,-0.87,16.66,1.58,84.21,0.41,-0.16,C0V370
阿公店,22.804194,120.355528,-1.64,16.65,-3.99,77.75,0.29,-0.56,C0V400
鳳山,22.646653,120.356122,-1.51,17.91,5.63,80.11,0.28,-0.69,C0V440
鳳森,22.545064,120.392592,-1.28,18.26,-1.6,73.93,0.2,-0.98,C0V450
新興,22.627422,120.298803,-0.69,18.36,-3.19,70.29,0.23,-0.42,C0V490
阿蓮,22.883208,120.327508,-0.51,17.92,-9.53,73.0,0.29,-0.67,C0V530
梓官,22.760558,120.267211,-1.36,17.49,-5.26,72.14,0.2,-0.59,C0V610
永安,22.82315,120.236856,-1.52,17.01,-6.33,72.75,0.23,-0.59,C0V620
茄萣,22.906642,120.182608,-1.2,17.07,-2.31,73.61,0.23,-0.92,C0V630
湖內,22.887139,120.2445,-1.63,16.81,-6.37,71.93,0.25,-0.59,C0V640
彌陀,22.783806,120.246361,-0.98,17.85,-5.7,72.64,0.27,-0.5,C0V650
岡山,22.797078,120.294958,-1.05,18.08,-4.53,70.96,0.32,-0.57,C0V660
仁武,22.701083,120.347722,-1.3,18.19,-0.68,75.14,0.23,-0.77,C0V680
鼓山,22.623325,120.275575,-1.61,17.9,-0.95,74.39,0.32,-0.71,C0V690
三民,22.645017,120.311233,-1.46,18.52,1.29,71.96,0.29,-0.74,C0V700
苓雅,22.622742,120.330669,-0.64,18.99,5.94,75.5,0.25,-0.85,C0V710
林園,22.507747,120.394511,-0.62,20.08,0.86,71.18,0.23,-0.99,C0V720
大寮,22.605614,120.395717,-1.43,18.44,1.04,74.0,0.32,-0.84,C0V730
旗山,22.888614,120.483597,-0.6,18.25,1.3,78.11,0.38,-0.57,C0V740
路竹,22.854997,120.259439,-0.91,17.97,-4.24,72.75,0.23,-0.63,C0V750
橋頭,22.757806,120.30575,-1.18,18.14,-5.87,71.61,0.25,-0.49,C0V760
大社,22.730306,120.346639,-1.16,17.95,-1.6,74.07,0.23,-0.66,C0V770
萬山,22.905944,120.688056,-0.96,17.44,6.33,81.11,0.66,-0.58,C0V790
六龜,22.997889,120.633583,-0.54,18.53,8.74,85.0,0.57,-0.65,C0V800
左營,22.67491,120.28491,-1.83,17.35,-11.16,73.61,0.2,-0.86,C0V810
小林,23.148408,120.63325,-1.99,16.66,9.5,86.07,0.54,0.13,C0V820
東莒,25.9652,119.98069,0.5,11.88,-10.94,68.71,0.05,-1.51,C0W110
西嶼,23.5626,119.468436,-1.77,15.2,-12.62,72.79,0.48,-0.21,C0W120
花嶼,23.40007,119.32276,-1.53,16.19,-5.18,75.61,0.52,0.35,C0W130
金沙,24.488292,118.408778,-5.73,8.97,-32.8,41.0,0.0,-1.55,C0W140
金寧,24.457703,118.328989,-1.0,14.29,-18.29,56.46,0.0,-1.4,C0W150
東河,23.296598,120.385608,-1.83,16.04,-8.99,74.29,0.39,-1.22,C0X050
下營,23.22695,120.256261,-1.56,16.02,-10.66,72.96,0.32,-1.26,C0X060
佳里,23.173039,120.145086,-0.99,16.18,-6.39,75.82,0.43,-0.25,C0X080
臺南市北區,23.010394,120.194228,-1.47,16.86,-0.15,77.29,0.18,-0.95,C0X100
臺南市南區,22.961189,120.188378,-1.67,17.2,-3.05,73.43,0.16,-1.02,C0X110
麻豆,23.183289,120.248611,-1.0,16.95,-1.13,80.96,0.29,-0.74,C0X120
官田,23.193217,120.315422,-1.29,16.91,-4.11,75.54,0.3,-0.92,C0X130
西港,23.125608,120.203108,-1.67,16.2,-2.25,79.89,0.3,-0.85,C0X140
安定,23.102614,120.227839,-1.4,16.28,-2.85,81.57,0.25,-0.94,C0X150
仁德,22.968258,120.257689,-0.97,17.64,-1.0,75.82,0.27,-0.9,C0X160
關廟,22.963017,120.327797,-2.1,16.3,2.09,79.61,0.38,-0.56,C0X170
山上,23.0757,120.363253,-1.15,16.71,-3.3,79.36,0.21,-1.12,C0X180
安平,22.993161,120.152181,-1.67,16.57,-8.41,72.11,0.18,-0.87,C0X190
左鎮,23.056758,120.408522,-0.16,17.11,-3.74,80.75,0.29,-1.06,C0X200
白河,23.347466,120.414427,-1.79,16.08,-6.96,75.29,0.45,-1.12,C0X210
學甲,23.230367,120.182187,-1.44,16.01,-7.19,74.82,0.3,-1.01,C0X220
鹽水,23.272621,120.247641,-1.79,15.55,-7.2,77.14,0.36,-0.96,C0X230
關子嶺,23.331169,120.508025,-1.07,15.23,-1.22,85.93,0.66,-1.65,C0X240
新營,23.310689,120.316681,-1.6,16.19,-6.42,74.5,0.43,-0.94,C0X250
後壁,23.366358,120.362326,-1.54,15.99,-9.22,73.32,0.54,-0.96,C0X260
將軍,23.214999,120.13577,-1.71,15.76,-7.82,74.71,0.27,-0.75,C0X280
北門,23.267772,120.125481,-1.58,16.02,-6.88,75.75,0.45,-0.86,C0X290
鹿寮,23.386047,120.477331,-1.84,15.8,-0.58,84.89,0.64,-1.28,C0X300
明里,23.208717,121.262342,-1.02,15.31,-0.99,87.71,0.68,-0.64,C0Z020
佳心,23.34567,121.21316,-1.59,11.21,7.26,98.07,1.21,-0.22,C0Z050
玉里,23.3215,121.339656,-1.05,15.46,1.43,89.43,2.3,0.66,C0Z061
舞鶴,23.46811,121.37407,-0.74,14.98,7.58,98.46,1.62,-0.04,C0Z070
富源,23.587642,121.378225,-1.11,14.83,-4.48,87.54,1.88,-0.26,C0Z080
東華,23.89525,121.549833,-1.19,16.39,-1.45,87.32,0.71,-1.3,C0Z100
吉安光華,23.930925,121.595153,-1.25,17.12,-17.18,68.46,0.73,-1.65,C0Z150
鳳林,23.746114,121.453411,-1.86,15.85,-4.6,79.82,1.32,-0.32,C0Z160
卓溪,23.3443,121.3029,-2.49,15.45,-1.6,81.79,1.16,-0.09,C0Z170
新城,24.03946,121.60454,-1.38,17.3,-9.1,69.56,0.33,-2.44,C0Z180
富世,24.14743,121.6297,-1.48,17.03,-7.36,75.54,0.62,-1.4,C0Z190
萬榮,23.709219,121.420106,-1.73,15.66,-9.32,81.36,1.57,-0.04,C0Z200
瑞穗,23.5239,121.39021,-1.52,15.77,-0.26,86.82,1.98,-0.03,C0Z210
和平林道,24.343922,121.656317,-2.12,12.44,-6.47,83.29,0.59,-2.08,C0Z220
和平,24.30717,121.77007,-2.02,16.51,-11.21,66.46,0.27,-1.97,C0Z230
瑞穗林道,23.49284,121.30688,-1.22,10.9,0.98,97.39,5.36,1.68,C0Z250
蕃薯寮,23.73835,121.540108,-1.72,14.54,-8.85,82.14,1.88,-4.2,C0Z270
德武,23.47426,121.41071,-2.28,15.12,-3.1,86.89,1.71,-0.39,C0Z280
赤柯山,23.36893,121.38293,-2.54,10.44,3.28,98.54,4.18,0.97,C0Z290
東里,23.26853,121.30547,-1.97,15.56,-4.49,85.43,1.68,-0.07,C0Z300
清水斷崖,24.218294,121.689142,-2.33,16.72,-9.36,74.32,0.11,-1.11,C0Z310
清水林道,23.27125,121.188272,-2.51,12.35,-0.66,90.54,3.34,0.3,C0Z320
安通山,23.290728,121.348528,-3.24,13.04,1.64,91.14,2.14,0.58,C0Z330
口湖工作站,23.589978,120.180394,-1.73,15.87,-8.29,69.04,0.62,0.52,12J990
東港工作站,22.479997,120.466058,-2.1,18.9,-4.16,63.86,0.2,-0.11,12Q970
恆春工作站,22.079678,120.714425,-2.23,19.85,-2.73,63.32,0.7,-0.18,12Q980
萬大發電廠,23.978875,121.139639,-1.86,12.74,-2.5,78.43,3.36,3.08,42HA10
桃改樹林分場,24.944503,121.386972,-1.57,15.1,-9.0,70.07,1.55,-0.05,72AI40
桃園農改場,24.950944,121.030583,0.14,15.35,-10.93,70.64,0.93,-1.75,72C440
桃改五峰分場,24.612194,121.157167,-1.14,9.81,-3.02,83.36,2.25,-1.24,72D080
臺中農改場,24.003028,120.534389,-0.82,15.65,-2.8,76.68,0.68,-0.31,72G600
中改埔里分場,23.903208,120.963364,-1.87,14.09,3.29,86.89,2.11,1.65,72HA00
南改斗南分場,23.634556,120.477333,-0.48,16.05,-3.37,76.57,0.98,-0.05,72K220
南改義竹分場,23.360694,120.279361,-1.02,15.63,-6.18,74.93,0.52,-0.08,72M360
南改鹿草分場,23.416869,120.283061,-2.01,15.86,-7.26,73.54,0.77,0.56,72M700
臺南農改場,23.0605,120.342194,-1.17,16.16,1.27,80.14,0.2,-0.42,72N100
七股研究中心,23.081672,120.062894,-2.07,16.24,-6.98,76.04,0.25,0.07,72N240
高雄農改場,22.709333,120.525889,-1.05,18.36,3.53,81.36,0.36,-0.13,72Q010
東改班鳩分場,22.829528,121.077694,-1.14,16.07,-2.49,76.29,0.86,-0.24,72S200
東改賓朗果園,22.813889,121.071278,-1.61,15.74,-5.99,79.64,0.91,-0.16,72S590
花蓮農改場,23.975222,121.563889,-0.82,16.54,-3.85,77.07,3.18,1.44,72T250
花改蘭陽分場,24.686306,121.716583,-0.81,15.35,-6.32,76.25,1.07,-4.01,72U480
高改旗南分場,22.857861,120.516667,-1.48,17.43,4.26,78.68,0.38,-0.09,72V140
茶改北部分場,24.955778,121.631222,-0.71,12.35,-4.58,82.25,3.25,-3.25,82A750
茶改場,24.908472,121.185333,-0.41,14.0,-8.91,73.96,1.8,-1.71,82C160
茶改中部分場,23.875611,120.913583,-1.84,13.21,1.45,83.96,1.98,0.62,82H320
茶改南部分場,23.762528,120.7405,-1.5,14.14,-1.67,85.75,1.36,-0.09,82H840
茶改東部分場,22.907694,121.130139,-1.96,15.71,-4.22,76.78,0.86,-0.18,82S580
農工中心,24.985917,121.239833,-0.02,14.99,-8.57,69.11,1.66,-1.4,A2C560
水試臺西試驗場,23.717231,120.190522,-0.82,16.2,-4.96,77.07,0.57,0.23,A2K360
臺大雲林校區,23.730628,120.423903,-1.36,15.54,-7.0,74.39,0.48,0.0,A2K630
臺南蘭花園區,23.340258,120.379661,-1.63,16.19,-3.3,76.43,0.2,0.16,A2N290
畜試北區分所,24.527806,120.770972,-1.44,14.44,-9.65,75.5,0.59,-1.92,B2E890
畜產試驗所,23.058972,120.336406,-1.12,16.04,-0.43,79.96,0.2,-0.57,B2N890
畜試南區分所,21.945583,120.802167,-1.66,19.4,-4.2,69.0,0.98,-0.27,B2Q810
畜試東區分所,24.669039,121.832561,-1.82,15.59,0.42,80.86,1.09,-0.09,B2U990
蓮華池,23.918333,120.885278,-1.03,13.56,0.4,87.54,1.46,-0.2,E2H360
林試畢祿溪站,24.226944,121.308522,-1.54,5.15,8.17,80.57,2.79,0.83,E2HA20
四湖植物園,23.676986,120.163433,-1.7,16.18,-1.52,81.79,0.68,0.35,E2K600
林試六龜中心,22.991703,120.645722,-1.05,17.24,6.74,85.14,0.57,0.05,E2P980
林試太麻里2,22.598,120.99775,-2.12,18.15,-4.66,73.14,0.84,-1.28,E2S960
林試太麻里1,22.598922,120.980044,-1.97,17.35,-2.63,77.57,1.04,-1.38,E2S980
農試所(霧峰),24.031261,120.688133,-1.04,15.84,0.24,79.86,1.04,-0.04,G2F820
農試嘉義分所,23.485028,120.473806,-0.91,15.41,-2.91,78.79,0.84,-0.03,G2L020
農試溪口農場,23.58565,120.408111,-1.22,15.83,-9.03,73.0,1.19,0.98,G2M350
農試鳳山分所,22.646611,120.356083,-1.55,17.76,-0.56,72.41,0.22,-0.39,G2P820
苗栗農改場,24.495722,120.829111,-1.21,13.73,-4.38,77.86,1.11,-0.64,K2E360
苗改生物防治研究中心,24.422861,120.871833,-3.07,12.49,-5.15,80.0,0.91,-0.69,K2E710
種苗改良場,24.225972,120.800917,-1.17,13.05,3.31,82.89,1.07,-0.52,K2F750
溪頭,23.670306,120.798194,-1.55,10.54,5.53,92.43,2.8,0.69,U2H480
臺大和社,23.590856,120.888864,-1.66,13.65,7.23,86.79,2.16,1.42,U2HA30
臺大內茅埔,23.689722,120.851117,-2.55,14.38,6.61,84.54,2.0,1.67,U2HA40
臺大竹山,23.756972,120.681556,-2.18,15.74,-7.48,76.79,1.11,0.63,U2HA50
臺大竹山,23.756972,120.681556,-2.18,15.74,-7.48,76.79,1.11,0.63,U2HA50
臺大內茅埔,23.689722,120.851117,-2.55,14.38,6.61,84.54,2.0,1.67,U2HA40
臺大和社,23.590856,120.888864,-1.66,13.65,7.23,86.79,2.16,1.42,U2HA30
臺大溪頭,23.670306,120.798194,-1.55,10.54,5.53,92.43,2.8,0.69,U2H480
種苗繁殖,24.225972,120.800917,-1.17,13.05,3.31,82.89,1.07,-0.52,K2F750
苗改生物防治研究中心,24.422861,120.871833,-3.07,12.49,-5.15,80.0,0.91,-0.69,K2E710
苗栗農改,24.495722,120.829111,-1.21,13.73,-4.38,77.86,1.11,-0.64,K2E360
農試鳳山分所,22.646611,120.356083,-1.55,17.76,-0.56,72.41,0.22,-0.39,G2P820
農試溪口農場,23.58565,120.408111,-1.22,15.83,-9.03,73.0,1.19,0.98,G2M350
農試嘉義分所,23.485028,120.473806,-0.91,15.41,-2.91,78.79,0.84,-0.03,G2L020
農業試驗所,24.031261,120.688133,-1.04,15.84,0.24,79.86,1.04,-0.04,G2F820
林試太麻里1,22.598922,120.980044,-1.97,17.35,-2.63,77.57,1.04,-1.38,E2S980
林試太麻里2,22.598014,120.989761,-2.12,18.15,-4.66,73.14,0.84,-1.28,E2S960
林試六龜中心,22.991703,120.645722,-1.05,17.24,6.74,85.14,0.57,0.05,E2P980
四湖植物園,23.676986,120.163433,-1.7,16.18,-1.52,81.79,0.68,0.35,E2K600
林試畢祿溪站,24.226944,121.308522,-1.54,5.15,8.17,80.57,2.79,0.83,E2HA20
蓮華池,23.918333,120.885278,-1.03,13.56,0.4,87.54,1.46,-0.2,E2H360
畜試東區分所,24.669039,121.832561,-1.82,15.59,0.42,80.86,1.09,-0.09,B2U990
畜試南區分所,21.945583,120.802167,-1.66,19.4,-4.2,69.0,0.98,-0.27,B2Q810
畜試所,23.058972,120.336406,-1.12,16.04,-0.43,79.96,0.2,-0.57,B2N890
畜試北區分所,24.527806,120.770972,-1.44,14.44,-9.65,75.5,0.59,-1.92,B2E890
臺南蘭花園區,23.340258,120.379661,-1.63,16.19,-3.3,76.43,0.2,0.16,A2N290
臺大雲林校區,23.730628,120.423903,-1.36,15.54,-7.0,74.39,0.48,0.0,A2K630
水試臺西試驗場,23.717231,120.190522,-0.82,16.2,-4.96,77.07,0.57,0.23,A2K360
農工中心,24.985917,121.239833,-0.02,14.99,-8.57,69.11,1.66,-1.4,A2C560
茶改東部分場,22.907694,121.130139,-1.96,15.71,-4.22,76.78,0.86,-0.18,82S580
茶改南部分場,23.762528,120.7405,-1.5,14.14,-1.67,85.75,1.36,-0.09,82H840
茶改中部分場,23.875611,120.913583,-1.84,13.21,1.45,83.96,1.98,0.62,82H320
茶改場,24.908472,121.185333,-0.41,14.0,-8.91,73.96,1.8,-1.71,82C160
茶改北部分場,24.955778,121.631222,-0.71,12.35,-4.58,82.25,3.25,-3.25,82A750
高改旗南分場,22.857861,120.516667,-1.48,17.43,4.26,78.68,0.38,-0.09,72V140
花改蘭陽分場,24.686306,121.716583,-0.81,15.35,-6.32,76.25,1.07,-4.01,72U480
花蓮農改,23.975222,121.563889,-0.82,16.54,-3.85,77.07,3.18,1.44,72T250
東改賓朗果園,22.813889,121.071278,-1.61,15.74,-5.99,79.64,0.91,-0.16,72S590
東改班鳩分場,22.829528,121.077694,-1.14,16.07,-2.49,76.29,0.86,-0.24,72S200
高雄農改,22.709333,120.525889,-1.05,18.36,3.53,81.36,0.36,-0.13,72Q010
七股研究中心,23.081672,120.062894,-2.07,16.24,-6.98,76.04,0.25,0.07,72N240
臺南農改,23.0605,120.342194,-1.17,16.16,1.27,80.14,0.2,-0.42,72N100
南改鹿草分場,23.416869,120.283061,-2.01,15.86,-7.26,73.54,0.77,0.56,72M700
南改義竹分場,23.360694,120.279361,-1.02,15.63,-6.18,74.93,0.52,-0.08,72M360
南改斗南分場,23.634556,120.477333,-0.48,16.05,-3.37,76.57,0.98,-0.05,72K220
中改埔里分場,23.903208,120.963364,-1.87,14.09,3.29,86.89,2.11,1.65,72HA00
臺中農改,24.003028,120.534389,-0.82,15.65,-2.8,76.68,0.68,-0.31,72G600
桃改五峰分場,24.612194,121.157167,-1.14,9.81,-3.02,83.36,2.25,-1.24,72D080
桃園農改,24.950944,121.030583,0.14,15.35,-10.93,70.64,0.93,-1.75,72C440
桃改樹林分場,24.944503,121.386972,-1.57,15.1,-9.0,70.07,1.55,-0.05,72AI40
萬大發電廠,23.978875,121.139639,-1.86,12.74,-2.5,78.43,3.36,3.08,42HA10
恆春工作站,22.079678,120.714425,-2.23,19.85,-2.73,63.32,0.7,-0.18,12Q980
東港工作站,22.479997,120.466058,-2.1,18.9,-4.16,63.86,0.2,-0.11,12Q970
口湖工作站,23.589978,120.180394,-1.73,15.87,-8.29,69.04,0.62,0.52,12J990
