站名,緯度,經度,平均溫距平,本年度平均溫,平均溼度距平,本年度日均相對溼度,本年度日均降水量,日均降水量距平,站號
淡水,25.164889,121.448906,-0.36,15.31,-8.17,71.7,2.03,-1.38,466900
鞍部,25.182586,121.529731,-1.52,8.9,0.53,92.26,7.6,-2.58,466910
臺北,25.037658,121.514853,-0.51,16.16,-7.45,68.96,1.74,-1.62,466920
竹子湖,25.162078,121.544547,-1.25,10.87,-2.32,85.15,3.9,-3.61,466930
基隆,25.133314,121.740475,-0.36,15.9,-9.01,68.52,2.02,-9.32,466940
花蓮,23.975128,121.613275,-0.72,17.59,-4.03,70.41,0.75,-1.38,466990
新屋,25.006744,121.047486,-0.86,15.5,-7.84,69.67,0.79,-2.49,467050
宜蘭,24.763975,121.756528,-1.0,15.69,-3.2,75.93,0.94,-4.86,467080
金門,24.407306,118.289281,0.45,13.9,-10.89,60.37,0.01,-1.35,467110
澎湖,23.565503,119.563094,-0.72,16.24,-3.36,75.07,0.44,-0.27,467350
臺南,22.993239,120.204772,-0.95,16.93,-3.43,71.07,0.24,-0.52,467410
永康,23.038386,120.2367,-0.64,16.89,-0.69,73.04,0.21,-0.57,467420
嘉義,23.495925,120.432906,-0.91,16.08,2.78,80.04,1.0,0.01,467480
臺中,24.145736,120.684075,-0.59,16.52,-4.12,70.15,0.96,-0.35,467490
阿里山,23.508208,120.813242,-1.56,5.14,3.3,83.63,3.82,0.72,467530
大武,22.355675,120.903789,-1.29,19.21,-1.68,68.56,1.73,0.3,467540
玉山,23.487614,120.959522,-0.11,-0.21,-1.16,59.19,5.63,3.22,467550
新竹,24.827853,121.014219,-0.06,15.83,-10.18,67.57,0.69,-2.06,467571
恆春,22.003897,120.746339,-1.22,19.91,-1.27,68.41,0.63,-0.16,467590
成功,23.097486,121.373428,-0.82,18.15,-2.09,71.96,1.3,-1.18,467610
日月潭,23.881325,120.90805,-1.19,13.2,7.54,84.11,1.94,-0.08,467650
臺東,22.752211,121.154586,-1.1,18.51,-1.02,70.0,0.77,-0.52,467660
馬祖,26.169269,119.923419,0.72,11.13,-7.82,72.37,0.03,-1.62,467990
山佳,24.974944,121.402008,-0.02,16.17,-9.05,72.93,1.72,-1.54,C0A520
坪林,24.938183,121.70975,-1.22,12.57,-10.57,81.48,2.54,-1.62,C0A530
泰平,24.971197,121.823711,-1.09,11.69,-2.1,93.0,6.07,-7.86,C0A550
桶後,24.848222,121.597992,-1.1,12.11,-2.51,91.78,3.85,-1.94,C0A570
石碇,24.993969,121.662917,-0.54,13.79,-7.9,81.74,3.06,-2.33,C0A640
大坪,25.165914,121.632969,-0.23,13.13,-3.44,89.0,9.17,-16.07,C0A860
五指山,25.132153,121.608692,0.23,11.62,-1.03,92.81,5.43,-3.96,C0A870
雙溪,25.036003,121.864242,0.15,15.23,-6.14,85.37,3.54,-7.53,C0A890
三和,25.233153,121.595236,-1.24,13.7,-5.86,80.41,6.3,-10.92,C0A931
金山,25.223628,121.643967,0.91,16.5,-12.25,70.89,3.02,-5.53,C0A940
鼻頭角,25.129036,121.923372,-0.03,16.57,-6.38,73.37,1.04,-2.77,C0A950
三貂角,25.007606,122.002058,-0.29,16.0,-11.61,74.93,2.5,-4.49,C0A970
社子,25.109508,121.469681,0.16,16.63,-2.76,74.81,1.15,-1.37,C0A980
天母,25.117494,121.537169,-0.55,16.09,-9.02,65.56,1.06,-1.13,C0A9C0
內湖,25.079422,121.57545,-0.55,16.03,2.41,81.07,1.09,-1.52,C0A9F0
大屯山,25.175675,121.522408,-0.44,8.67,1.76,97.41,5.41,-1.6,C0AC40
三峽,24.939025,121.369728,0.55,16.81,-8.0,73.04,1.85,-2.33,C0AC60
信義,25.037822,121.564597,0.63,16.97,-6.28,73.3,1.96,-1.54,C0AC70
文山,25.00235,121.575728,-0.71,15.26,-10.04,74.37,2.67,-1.07,C0AC80
新莊,25.051478,121.446756,-0.74,16.06,-8.36,66.19,1.09,-2.2,C0ACA0
八里,25.150211,121.403947,-0.5,15.93,-2.9,74.85,1.3,-2.39,C0AD10
蘆洲,25.086594,121.472331,-0.32,16.7,-7.51,67.07,1.04,-1.89,C0AD30
土城,24.973208,121.445169,-0.23,15.91,-4.92,74.93,2.0,-1.52,C0AD40
鶯歌,24.951533,121.346294,0.37,16.43,-9.0,73.09,1.91,-1.68,C0AD50
汐止,25.066881,121.658778,-0.59,15.8,-12.09,72.81,2.67,-3.3,C0AH00
永和,25.01125,121.508111,-0.2,16.79,-3.0,71.26,1.69,-1.27,C0AH10
五分山,25.07125,121.780794,-1.31,10.99,-3.09,94.0,8.41,-7.83,C0AH30
平等,25.129142,121.577086,-2.25,12.73,-10.66,76.56,2.11,-1.94,C0AH40
林口,25.072181,121.38084,-1.45,14.02,-8.05,78.52,1.57,-2.14,C0AH50
松山,25.04871,121.55042,-1.72,16.05,-10.95,60.36,1.26,-2.34,C0AH70
深坑,25.002703,121.628328,-0.79,15.59,-6.75,78.85,2.3,-1.31,C0AH80
福山植物園,24.760717,121.58135,-2.67,10.36,0.93,94.74,2.43,-5.78,C0AH90
五股,25.07445,121.42728,-2.68,14.04,-16.52,75.41,1.13,-0.77,C0AI00
屈尺,24.92184,121.54475,-1.82,15.23,-15.23,69.19,3.43,0.62,C0AI10
白沙灣,25.283128,121.519058,-0.99,15.76,-6.19,73.19,0.78,-3.63,C0AI20
三重,25.057328,121.500629,-1.82,16.31,-11.45,70.52,1.0,-0.03,C0AI30
石牌,25.115597,121.513139,-1.56,16.98,-2.52,68.44,0.76,-0.35,C0AI40
七堵,25.094819,121.71713,-0.74,16.48,-12.41,74.78,4.39,-3.12,C0B010
基隆嶼,25.19141,121.78391,-1.32,15.65,-3.42,81.59,3.19,-0.69,C0B020
復興,24.820208,121.352281,-0.8,12.92,-5.67,74.78,2.94,-0.55,C0C460
桃園,24.992425,121.323172,-0.42,15.45,-6.66,69.11,1.81,-1.61,C0C480
八德,24.928708,121.283289,-0.86,14.95,-9.25,70.26,2.22,-2.08,C0C490
觀音,25.027072,121.153317,-0.45,14.77,-8.88,70.81,1.15,-2.63,C0C590
蘆竹,25.084275,121.265767,-1.09,15.09,-3.75,74.7,1.2,-3.12,C0C620
大溪,24.882853,121.265547,-0.36,14.3,-4.57,73.48,2.3,-1.0,C0C630
平鎮,24.897503,121.214636,-0.13,14.37,-7.71,73.7,1.67,-1.78,C0C650
楊梅,24.912375,121.143047,-1.09,14.68,-5.92,70.11,1.7,-2.39,C0C660
龍潭,24.870056,121.221389,-1.17,13.78,-1.27,79.22,2.26,-2.58,C0C670
龜山,25.02846,121.38656,-1.11,14.38,-9.26,73.07,1.59,-2.51,C0C680
中壢,24.977661,121.256375,-1.39,14.84,-9.54,70.22,1.72,-2.4,C0C700
大溪永福,24.892936,121.324975,-1.14,14.86,-9.72,76.85,2.93,1.02,C0C710
梅花,24.678347,121.208558,-1.28,11.9,-1.61,83.3,2.39,-0.61,C0D360
峨眉,24.6905,121.017189,-0.79,14.56,-7.03,77.56,1.83,-2.11,C0D430
打鐵坑,24.849664,121.150789,-0.76,13.63,-10.07,75.85,1.72,-1.65,C0D480
橫山,24.71116,121.11693,-1.38,13.3,-1.28,82.33,2.52,-0.77,C0D540
雪霸,24.526972,121.11605,-1.32,6.99,-4.93,72.48,2.61,-1.73,C0D550
竹東,24.767147,121.057881,0.2,15.24,-5.46,70.07,1.3,-1.6,C0D560
寶山,24.735006,121.025192,-0.28,14.59,-5.71,75.78,1.61,-1.75,C0D580
新豐,24.87068,120.97721,-0.3,14.6,-5.6,76.19,1.11,-1.88,C0D590
湖口,24.904794,121.043628,-0.72,15.25,-7.46,70.29,1.23,-1.56,C0D650
新竹市東區,24.798681,120.986942,-1.18,15.09,-6.77,68.81,0.94,-2.83,C0D660
竹南,24.708978,120.888897,0.14,15.72,-5.62,73.15,0.85,-1.2,C0E420
南庄,24.601775,121.000214,-1.2,13.1,3.07,86.96,1.85,-1.34,C0E430
明德,24.583486,120.885411,-0.57,15.06,-9.36,74.67,1.0,-2.02,C0E550
通霄,24.471892,120.704622,-0.87,15.07,-8.2,75.67,0.74,-1.38,C0E590
馬都安,24.451272,120.930192,-1.06,11.79,-2.21,80.26,1.52,-0.68,C0E610
頭份,24.688247,120.912206,0.42,16.32,-5.53,70.04,1.07,-1.42,C0E730
造橋,24.637056,120.864778,-0.87,15.09,-9.2,74.67,1.0,-2.05,C0E740
苗栗,24.564569,120.824575,-0.98,15.13,-7.69,71.52,0.76,-2.15,C0E750
銅鑼,24.489681,120.790853,-1.36,14.15,16.42,100.0,0.4,-2.42,C0E780
西湖,24.562947,120.7485,-0.6,14.91,-7.84,76.56,0.61,-1.56,C0E810
獅潭,24.539133,120.920042,-1.43,13.16,-5.67,80.89,1.41,-1.61,C0E820
苑裡,24.439714,120.653053,-1.33,15.24,-7.09,72.7,0.46,-1.45,C0E830
大河,24.618069,120.948578,-3.5,12.39,-9.48,75.67,1.7,-3.1,C0E850
高鐵苗栗,24.60725,120.826094,-1.37,15.23,-3.24,78.74,0.76,-1.95,C0E870
石岡,24.276061,120.777644,-1.18,15.26,-2.02,83.07,0.81,-0.68,C0F0B0
中坑,24.248517,120.903319,-2.99,11.96,-0.06,81.74,1.87,-0.79,C0F0C0
審馬陣,24.381675,121.4203,-2.66,0.87,3.6,72.37,2.06,-2.39,C0F0D0
南湖圈谷,24.363714,121.444667,-3.66,-3.0,-3.66,74.85,0.0,-8.0,C0F0E0
東勢,24.246428,120.833047,-0.59,15.06,-1.24,79.7,1.2,-0.8,C0F850
大坑,24.173142,120.722289,-0.08,17.06,-3.01,73.48,0.98,-0.63,C0F970
神岡,24.272481,120.658314,-1.18,14.64,-11.93,73.89,0.61,-1.07,C0F9I0
大安,24.345061,120.588025,-1.16,15.18,-9.11,75.04,0.48,-0.96,C0F9K0
后里,24.310436,120.729725,-0.72,15.06,-8.4,74.78,0.76,-0.98,C0F9L0
豐原,24.254322,120.720692,-0.19,15.96,-5.05,74.19,0.81,-0.92,C0F9M0
大里,24.092464,120.701378,-0.97,17.19,-6.44,66.95,1.11,-0.46,C0F9N0
潭子,24.213106,120.703933,-0.81,16.13,-2.93,75.22,0.76,-0.8,C0F9O0
清水,24.312297,120.562242,-1.19,15.32,-7.86,75.41,0.43,-0.89,C0F9P0
外埔,24.347817,120.705686,-0.16,15.84,-8.85,75.11,0.72,-0.93,C0F9Q0
龍井,24.184536,120.528972,-1.12,15.87,-10.39,72.41,0.59,-0.77,C0F9R0
烏日,24.107058,120.624103,-0.96,16.29,-5.07,69.78,1.0,-0.39,C0F9S0
西屯,24.179494,120.641275,-1.11,15.59,-5.17,72.3,0.67,-0.65,C0F9T0
南屯,24.137006,120.637969,-1.28,16.49,-5.48,69.15,0.41,-0.92,C0F9U0
新社,24.200172,120.815806,-1.04,14.03,-5.55,77.56,1.19,-0.87,C0F9V0
大雅(中科園區),24.21528,120.62445,-1.82,14.91,-8.0,75.37,0.63,-1.42,C0F9X0
桃山,24.432739,121.303808,-2.49,1.1,0.53,63.19,2.22,-0.61,C0F9Y0
雪山東峰,24.388792,121.268675,-2.26,2.08,-0.63,61.11,2.07,-1.8,C0F9Z0
芬園,24.015678,120.6213,-1.69,14.84,1.12,83.07,0.91,-0.53,C0G620
員林,23.946503,120.585597,0.95,18.02,-7.86,71.59,1.07,0.02,C0G650
溪湖,23.94835,120.479122,0.5,17.46,6.84,88.3,0.69,-0.54,C0G660
溪州,23.851589,120.499093,-1.38,15.86,-9.99,71.3,0.74,-1.32,C0G720
二林,23.903325,120.376081,-1.36,15.51,-5.77,82.67,0.63,-0.73,C0G730
大城,23.852487,120.320935,-1.18,15.87,-36.81,44.82,0.65,-1.13,C0G740
福興,24.041289,120.437669,-0.72,16.54,-9.48,70.15,0.74,-0.44,C0G770
秀水,24.03405,120.503869,-0.58,16.64,-4.3,76.85,0.7,-0.54,C0G780
埔鹽,24.000394,120.431683,-0.02,16.69,-5.62,77.96,0.67,-0.43,C0G800
埔心,23.947633,120.525456,-0.39,16.74,20.16,99.26,0.74,-0.5,C0G810
田尾,23.901669,120.509389,-0.71,16.18,-2.05,82.26,0.72,-0.58,C0G820
埤頭,23.866003,120.452806,-0.95,15.92,12.5,100.0,0.54,-0.45,C0G830
社頭,23.897647,120.5862,-0.61,17.16,2.92,80.19,0.85,-0.56,C0G860
二水,23.810742,120.6173,0.87,18.31,-0.63,81.37,0.94,-0.39,C0G880
伸港,24.148933,120.484403,-1.17,15.65,-8.59,72.63,0.57,-0.64,C0G890
線西,24.143358,120.443536,-2.23,15.83,-11.72,74.04,0.52,-0.15,C0G900
花壇,24.032076,120.549461,1.07,19.09,-1.34,80.11,0.78,0.17,C0G910
埔里,23.972169,120.952425,-1.48,15.8,0.15,81.52,1.85,-1.14,C0H890
草屯,23.973672,120.68085,-1.24,16.06,-5.09,73.3,1.04,-0.43,C0H960
昆陽,24.121322,121.273642,-1.25,1.11,0.9,77.56,1.89,0.13,C0H990
神木村,23.532742,120.843667,-1.05,9.8,4.29,87.11,3.48,0.79,C0H9A0
合歡山,24.143442,121.272547,-1.11,-0.17,8.97,80.22,3.81,-2.12,C0H9C0
廬山,24.033311,121.181808,-0.97,10.59,-0.25,75.93,3.37,0.32,C0I010
信義,23.689694,120.851036,-1.87,14.58,2.55,84.59,2.15,-0.15,C0I080
竹山,23.761225,120.688156,-0.66,15.88,-0.25,83.78,1.24,-0.19,C0I110
水里,23.812553,120.849792,-1.56,15.94,-3.07,78.44,1.7,-0.32,C0I360
魚池,23.895703,120.94135,-1.44,14.74,-4.36,80.93,2.17,-0.92,C0I370
集集,23.828206,120.801467,-1.75,15.94,-2.56,80.15,1.48,-0.91,C0I380
仁愛,24.022122,121.132206,-1.61,12.0,-0.93,80.19,2.98,-1.41,C0I390
名間,23.837053,120.701447,-1.93,15.32,-5.11,77.96,1.15,-0.82,C0I410
國姓,24.037803,120.855072,-1.77,15.6,-2.45,81.3,1.52,-0.65,C0I420
南投,23.911469,120.687331,-1.51,16.45,-1.74,77.74,1.04,-1.18,C0I460
梅峰,24.085272,121.173572,-1.89,6.28,-1.98,80.26,3.26,-2.79,C0I480
萬大林道,23.928228,121.091411,-2.23,10.12,-2.97,76.81,3.37,-0.28,C0I490
小奇萊,24.131764,121.295717,-2.22,0.61,-1.14,80.7,3.52,-5.23,C0I530
奇萊稜線,24.109231,121.326456,-3.28,-1.21,7.46,81.72,0.0,-4.12,C0I540
崙背,23.75555,120.318925,-1.42,15.7,-10.99,72.78,0.74,-0.93,C0K250
四湖,23.630414,120.227125,-0.54,16.18,-9.72,72.0,0.75,0.03,C0K280
宜梧,23.536281,120.169329,-0.69,16.07,-8.58,74.3,0.81,-0.02,C0K291
虎尾,23.719183,120.442036,-0.76,16.05,-5.37,76.59,0.76,-0.18,C0K330
土庫,23.679029,120.395574,-1.24,16.07,-4.31,77.96,0.65,-0.99,C0K390
斗六,23.720583,120.541127,-1.56,15.91,-11.41,73.22,1.04,-0.82,C0K400
北港,23.573957,120.292802,-1.52,15.89,-11.88,71.89,0.78,-0.76,C0K410
西螺,23.800407,120.467394,-1.36,15.86,-9.16,74.89,0.78,-1.05,C0K420
褒忠,23.690938,120.303634,-1.42,15.69,-13.63,70.37,0.69,-0.77,C0K430
二崙,23.772797,120.408944,-1.53,15.51,-7.07,77.56,0.56,-0.72,C0K440
大埤,23.646074,120.431537,-1.48,15.97,-8.39,73.19,0.74,-0.75,C0K450
斗南,23.678734,120.478359,-1.43,15.9,-7.01,75.0,0.91,-0.71,C0K460
林內,23.748675,120.609642,-1.69,15.69,-5.02,79.37,1.17,-0.85,C0K470
莿桐,23.761192,120.502372,-1.57,15.55,-9.38,74.44,0.81,-0.97,C0K480
元長,23.64981,120.315024,-1.41,15.86,-7.43,74.41,0.72,-0.76,C0K500
水林,23.572924,120.24597,-1.28,16.07,-8.45,73.33,0.8,-0.72,C0K510
臺西,23.701547,120.197559,-1.42,15.86,-7.93,75.07,0.56,-0.73,C0K530
蔦松,23.514319,120.229736,-1.51,15.9,-8.16,75.52,0.83,-0.61,C0K550
棋山,23.68645,120.603417,-1.69,15.79,-2.2,82.33,1.22,-1.07,C0K560
高鐵雲林,23.737456,120.417944,-1.87,15.63,-11.81,77.44,0.61,0.25,C0K580
東後寮,23.369908,120.248065,-1.57,15.81,-6.58,76.33,0.74,-0.59,C0M520
奮起湖,23.493903,120.699253,-0.35,11.94,2.32,88.42,1.73,-0.1,C0M530
中埔,23.42538,120.5229,-1.68,15.8,-5.46,78.22,0.87,-0.95,C0M640
朴子,23.43463,120.23902,-2.17,15.33,-4.37,77.11,0.96,-0.36,C0M650
溪口,23.604131,120.403569,-1.42,15.93,-10.53,72.93,0.81,-0.7,C0M660
大林,23.600616,120.45841,-1.49,16.1,-7.94,72.93,1.09,-0.67,C0M670
太保,23.455062,120.331455,-1.73,15.97,-10.15,72.19,0.96,-0.56,C0M680
水上,23.419734,120.388909,-1.53,16.09,-2.82,78.52,0.76,-0.75,C0M690
竹崎,23.526178,120.555508,-1.71,15.75,-2.31,82.15,1.22,-0.74,C0M700
東石,23.458927,120.15385,-1.42,16.06,-8.95,74.11,0.91,-0.48,C0M710
番路,23.464657,120.554156,-1.59,15.4,-1.33,83.22,1.0,-0.86,C0M720
嘉義市東區,23.457673,120.460531,-1.55,17.03,-4.27,73.59,1.15,-0.63,C0M730
六腳,23.492871,120.290625,-1.61,15.9,-8.63,73.0,0.89,-0.61,C0M740
布袋,23.380878,120.167789,-1.33,16.16,-11.08,72.85,0.89,-0.46,C0M750
民雄,23.551754,120.428457,-1.54,16.2,-9.28,72.89,0.98,-0.85,C0M760
嘉義梅山,23.585398,120.555587,-1.68,15.61,-1.05,83.41,1.13,-0.94,C0M770
鹿草,23.41134,120.30835,-1.46,16.24,-7.97,72.59,0.87,-0.59,C0M780
新港,23.553269,120.345728,-1.58,16.0,-7.49,73.15,0.94,-0.64,C0M790
茶山,23.299075,120.664767,-1.39,16.47,1.13,83.44,0.83,-1.51,C0M800
里佳,23.389125,120.716647,-1.64,11.78,1.23,84.3,1.44,-2.01,C0M810
達邦,23.453994,120.749517,-1.4,13.78,3.8,82.89,1.39,-1.67,C0M820
表湖,23.24186,120.64166,-2.64,14.66,3.1,84.93,0.83,0.26,C0M850
北寮,23.079561,120.495008,-1.14,16.73,6.52,89.07,0.48,-0.76,C0O830
王爺宮,23.222064,120.40085,0.74,17.93,-9.0,75.11,0.43,-0.96,C0O840
大內,23.11885,120.36083,-0.37,17.81,0.39,82.26,0.3,-0.91,C0O860
善化,23.112883,120.297219,-0.7,16.74,0.56,83.3,0.26,-0.48,C0O900
崎頂,22.959547,120.369317,-0.75,16.71,3.45,85.7,0.46,-0.49,C0O960
虎頭埤,23.021375,120.347878,-1.28,16.47,-0.51,81.93,0.35,-0.85,C0O970
新市,23.061614,120.298197,-0.5,17.68,-3.87,76.19,0.2,-1.06,C0O980
媽廟,22.99175,120.293525,-1.36,16.9,4.91,85.41,0.31,-0.86,C0O990
尾寮山,22.833111,120.683889,-1.35,13.13,2.9,89.04,1.07,0.12,C0R100
阿禮,22.742908,120.743678,-1.02,14.28,4.28,79.96,1.59,0.12,C0R130
瑪家,22.682903,120.686639,-1.61,14.56,12.2,95.33,1.52,0.09,C0R140
三地門,22.709889,120.639944,-0.3,19.15,-9.57,64.63,0.5,-0.13,C0R150
鹽埔,22.739558,120.530778,-0.78,18.46,-1.05,82.89,0.43,-0.57,C0R160
屏東,22.660269,120.494072,0.89,20.5,-6.57,73.0,0.0,-0.92,C0R170
赤山,22.592333,120.614306,-0.8,18.59,6.83,88.07,0.39,-0.78,C0R190
潮州,22.534361,120.54,0.01,19.32,-1.66,77.44,0.28,-0.35,C0R220
來義,22.527306,120.625111,-1.3,17.92,5.36,88.26,0.46,-0.91,C0R240
春日,22.370361,120.628306,-1.25,18.69,-20.74,56.75,0.4,-0.43,C0R260
琉球嶼,22.332244,120.362236,-1.02,19.17,-5.81,73.0,0.58,-0.02,C0R270
車城,22.0744,120.716247,-2.22,19.59,-1.94,72.33,0.76,-1.21,C0R320
牡丹,22.130036,120.792639,-2.37,17.09,2.75,88.33,0.93,-0.99,C0R341
貓鼻頭,21.921774,120.7358,-1.05,19.82,-2.79,73.48,0.81,0.09,C0R350
大漢山,22.405264,120.753181,-1.82,8.5,3.78,97.78,2.57,-0.01,C0R440
高樹,22.826389,120.600806,-0.88,18.78,-0.62,77.0,0.37,-0.75,C0R470
長治,22.693128,120.542622,-0.4,19.3,-0.73,79.04,0.44,-0.49,C0R480
九如,22.7405,120.490503,-0.6,19.01,-6.79,75.59,0.3,-0.66,C0R490
崁頂,22.514781,120.506914,-1.3,18.53,-5.06,77.44,0.28,-0.79,C0R520
佳冬,22.419456,120.552375,-1.09,18.73,-1.8,79.93,0.39,-0.71,C0R540
新埤,22.467947,120.582894,-1.18,18.51,-5.18,76.41,0.35,-1.02,C0R550
新園,22.5434,120.461558,-0.3,19.41,-7.47,70.85,0.28,-0.99,C0R560
麟洛,22.65078,120.52719,-0.13,19.85,2.97,80.07,0.35,-0.62,C0R570
南州,22.48591,120.50274,-1.39,18.33,-1.53,79.11,0.22,-0.96,C0R580
里港,22.77919,120.49459,-2.97,16.49,-4.14,73.74,0.22,-0.65,C0R590
舊泰武,22.588194,120.664944,-1.63,14.95,4.78,89.26,1.3,-0.28,C0R600
墾雷,21.900836,120.855269,-1.8,19.96,3.72,82.7,1.39,-1.75,C0R620
東港,22.46247,120.44074,-2.12,18.98,-3.23,75.78,0.3,-0.07,C0R640
竹田,22.58486,120.54344,-2.03,18.86,-7.24,76.3,0.31,-0.09,C0R650
枋寮,22.367722,120.590647,-1.32,19.12,3.26,82.81,0.33,-0.67,C0R660
楓港,22.190131,120.692156,-2.71,19.26,-3.66,65.48,0.56,-1.69,C0R670
佳樂水,21.993578,120.861633,-2.41,19.97,-2.5,73.78,1.63,-0.84,C0R680
墾丁,21.966756,120.810269,-2.15,17.67,-3.62,81.04,1.48,-1.0,C0R690
枋山,22.246844,120.661086,-1.76,19.61,-2.09,69.26,0.37,-1.35,C0R700
旭海,22.205403,120.887614,-2.68,17.47,11.37,93.85,2.46,-0.66,C0R720
太麻里,22.60902,120.98533,-0.98,15.02,-4.91,82.78,1.07,-0.55,C0S690
知本,22.684866,121.005642,-1.29,14.51,0.39,90.15,1.09,-0.59,C0S700
鹿野,22.917711,121.122994,-1.0,14.78,0.52,86.04,0.81,-0.59,C0S710
綠島,22.6672,121.47533,-0.85,18.3,5.53,88.81,2.93,-2.84,C0S730
池上,23.119628,121.209469,-0.95,15.26,-1.05,85.33,0.59,-0.42,C0S740
大溪山,22.478475,120.943325,-1.21,15.63,-4.77,82.78,2.31,0.11,C0S770
金崙,22.538122,120.966875,-1.25,17.03,-3.96,80.04,1.17,-0.28,C0S790
東河,22.972672,121.303986,-1.93,17.85,-3.69,77.76,0.52,-0.83,C0S810
長濱,23.286817,121.411975,-1.37,16.21,-5.27,78.07,1.31,-0.29,C0S830
南田,22.279725,120.889208,-1.46,19.2,14.17,94.0,1.76,0.21,C0S840
關山,23.0395,121.175017,-1.74,15.96,-0.87,83.85,0.48,-1.29,C0S890
蘭嶼高中,22.04909,121.51214,-1.92,20.16,-0.08,75.81,9.85,-1.97,C0S900
蘭嶼燈塔,22.081197,121.503117,-2.11,18.44,-6.25,83.89,3.83,-1.8,C0S910
金峰嘉蘭,22.594789,120.960825,-2.61,17.2,0.17,83.0,1.35,-0.17,C0S920
延平,22.902581,121.084058,-2.78,15.83,3.75,83.81,1.0,0.22,C0S930
石寧山,23.223772,121.406639,-2.78,16.62,0.81,83.3,2.0,-0.41,C0S940
香蘭,22.587569,120.993375,-2.28,18.69,3.61,77.85,0.8,-1.26,C0S960
加津林,22.416211,120.926942,-2.16,19.12,-3.28,70.96,2.07,0.11,C0S970
勝林山,22.430439,120.8938,-3.54,11.41,0.13,96.89,4.48,1.81,C0S980
山豬窟,22.318619,120.857372,-2.81,15.7,-3.61,81.63,1.76,-1.17,C0S990
歷坵,22.520969,120.89185,-2.23,14.91,-0.5,90.7,1.67,-0.07,C0SA00
檳榔四格山,22.810031,121.109308,-2.78,15.04,2.64,88.22,0.72,-0.35,C0SA10
金崙山,22.567419,120.959667,-2.45,12.13,-3.2,92.59,2.41,-0.32,C0SA20
都歷,23.020333,121.323642,-1.81,18.09,15.91,93.26,0.74,-0.62,C0SA30
瑞和,22.974361,121.156697,-2.35,16.09,8.24,92.52,0.63,-0.09,C0SA40
土坂,22.453108,120.887572,-2.11,17.09,0.51,85.93,2.54,0.86,C0SA80
大禹嶺,24.186117,121.316086,-1.14,3.43,2.76,72.48,3.11,-0.76,C0T790
天祥,24.179597,121.495639,-0.67,13.23,-0.25,85.11,1.13,-0.48,C0T820
鯉魚潭,23.935639,121.508944,-1.33,14.7,1.5,91.22,2.43,-0.2,C0T870
西林,23.8119,121.441458,-0.79,15.75,2.76,88.05,2.31,-0.18,C0T900
光復,23.660694,121.424964,-0.71,15.87,-2.61,86.85,1.35,-1.19,C0T960
月眉山,23.809928,121.539828,-0.94,13.59,-1.97,91.74,1.33,-1.81,C0T9A0
水源,23.991861,121.537169,-0.96,13.25,-2.55,88.7,3.09,-0.73,C0T9B0
和中,24.26676,121.74103,-1.13,16.87,9.62,93.78,0.37,-2.07,C0T9D0
大坑,23.880628,121.581981,-1.02,14.13,-2.55,88.37,1.43,-1.89,C0T9E0
水璉,23.797131,121.542514,-1.58,15.43,0.28,85.22,1.31,-1.19,C0T9F0
鳳林山,23.735269,121.420131,-2.26,12.89,-3.03,90.96,2.41,-0.89,C0T9G0
加路蘭山,23.682947,121.5274,-1.24,12.19,1.68,97.15,5.35,-1.22,C0T9H0
靜浦,23.455167,121.495028,-0.88,16.67,-1.58,85.35,6.25,1.77,C0T9M0
雙連埤,24.753033,121.641303,-1.53,11.2,-7.21,90.0,1.61,-4.87,C0U520
礁溪,24.817539,121.765608,-0.75,15.6,-7.22,76.56,0.65,-3.95,C0U600
玉蘭,24.675286,121.587061,-1.0,12.68,-6.3,82.3,2.54,-3.56,C0U650
太平山,24.505486,121.525656,-1.18,4.78,1.46,92.78,3.52,-0.84,C0U710
南山,24.43742,121.38167,-3.16,8.01,-3.06,94.11,2.43,-0.34,C0U720
東澳,24.52196,121.83318,-1.25,15.93,4.92,92.0,2.0,-5.53,C0U760
南澳,24.44935,121.81022,-1.41,16.56,-4.47,72.85,0.33,-2.53,C0U770
五結,24.68637,121.79794,-1.23,15.27,-4.72,78.26,1.09,-7.75,C0U780
頭城,24.85323,121.8308,-1.82,15.9,-8.94,77.48,0.67,-3.67,C0U860
大礁溪,24.791042,121.675047,-1.99,12.6,-1.95,86.07,1.65,-6.79,C0U870
三星,24.66812,121.65302,-2.0,14.74,3.52,92.0,1.13,-6.62,C0U890
內城,24.71813,121.68766,-1.76,15.3,-5.7,80.67,0.96,-5.96,C0U900
冬山,24.63373,121.7937,-1.42,15.88,7.19,92.48,1.17,-12.9,C0U910
羅東,24.68184,121.74934,-1.42,15.49,-5.87,80.19,0.89,-10.1,C0U940
鶯子嶺,24.89754,121.79244,-2.5,8.15,-5.89,91.89,4.31,-6.85,C0U950
翠峰湖,24.510856,121.608044,-2.67,4.11,3.86,100.0,2.17,-2.12,C0U960
大福,24.80064,121.81389,-2.15,15.43,-5.77,75.41,0.72,-5.93,C0U970
坪林石牌,24.86478,121.77396,-2.07,11.31,-5.84,90.7,1.98,-5.82,C0U980
員山,24.74435,121.72247,-1.99,15.52,-3.87,79.77,0.5,-7.29,C0U990
土場,24.576533,121.495333,-2.25,12.8,-3.89,86.04,1.54,-1.54,C0UA00
鴛鴦湖,24.590269,121.412228,-3.24,5.15,0.66,98.0,4.89,0.09,C0UA10
白嶺,24.527819,121.519031,-2.92,6.66,-0.08,95.96,5.8,0.12,C0UA30
西德山,24.560647,121.752608,-3.39,7.97,1.67,97.93,5.96,-4.75,C0UA40
西帽山,24.555361,121.802628,-2.75,9.95,-5.95,91.7,7.2,-11.09,C0UA50
樟樹山,24.41393,121.78325,-2.57,12.43,5.09,96.33,0.93,-2.92,C0UA60
桃源谷,24.962606,121.888875,-2.38,11.53,-4.27,92.15,6.04,-5.59,C0UA70
復興,23.222403,120.806089,-0.94,15.73,7.15,81.67,1.74,-0.36,C0V210
美濃,22.898742,120.519153,1.51,20.2,3.39,83.0,0.0,-0.58,C0V310
溪埔,22.738578,120.446797,-0.89,18.12,2.02,81.07,0.26,-0.72,C0V350
內門,22.975481,120.466769,0.26,18.03,-0.41,80.81,0.48,-0.6,C0V360
古亭坑,22.893178,120.401947,-0.77,16.76,1.87,84.59,0.43,-0.15,C0V370
阿公店,22.804194,120.355528,-1.55,16.77,-3.53,78.26,0.3,-0.54,C0V400
鳳山,22.646653,120.356122,-1.43,18.01,6.04,80.58,0.29,-0.7,C0V440
鳳森,22.545064,120.392592,-1.17,18.38,-1.4,74.26,0.2,-1.01,C0V450
新興,22.627422,120.298803,-0.58,18.47,-2.84,70.78,0.24,-0.41,C0V490
阿蓮,22.883208,120.327508,-0.41,18.04,-9.65,73.0,0.3,-0.65,C0V530
梓官,22.760558,120.267211,-1.27,17.59,-4.73,72.7,0.2,-0.57,C0V610
永安,22.82315,120.236856,-1.43,17.11,-5.7,73.41,0.24,-0.57,C0V620
茄萣,22.906642,120.182608,-1.12,17.16,-1.73,74.33,0.24,-0.89,C0V630
湖內,22.887139,120.2445,-1.55,16.92,-5.74,72.59,0.26,-0.57,C0V640
彌陀,22.783806,120.246361,-0.89,17.96,-5.05,73.33,0.28,-0.49,C0V650
岡山,22.797078,120.294958,-0.94,18.2,-4.0,71.52,0.33,-0.55,C0V660
仁武,22.701083,120.347722,-1.19,18.31,-0.29,75.59,0.24,-0.76,C0V680
鼓山,22.623325,120.275575,-1.52,18.01,-0.56,74.85,0.33,-0.71,C0V690
三民,22.645017,120.311233,-1.37,18.62,1.59,72.33,0.3,-0.73,C0V700
苓雅,22.622742,120.330669,-0.53,19.1,6.24,75.89,0.26,-0.87,C0V710
林園,22.507747,120.394511,-0.5,20.21,1.03,71.44,0.24,-1.02,C0V720
大寮,22.605614,120.395717,-1.33,18.56,1.38,74.44,0.33,-0.86,C0V730
旗山,22.888614,120.483597,-0.5,18.36,1.52,78.41,0.39,-0.56,C0V740
路竹,22.854997,120.259439,-0.82,18.09,-3.76,73.3,0.24,-0.62,C0V750
橋頭,22.757806,120.30575,-1.07,18.26,-5.48,72.07,0.26,-0.48,C0V760
大社,22.730306,120.346639,-1.04,18.09,-1.09,74.67,0.24,-0.63,C0V770
萬山,22.905944,120.688056,-0.9,17.51,6.35,81.11,0.69,-0.56,C0V790
六龜,22.997889,120.633583,-0.5,18.58,9.0,85.26,0.59,-0.6,C0V800
左營,22.67491,120.28491,-1.76,17.45,-10.93,74.15,0.2,-0.85,C0V810
小林,23.148408,120.63325,-2.01,16.74,9.57,86.3,0.56,0.13,C0V820
東莒,25.9652,119.98069,0.54,11.94,-10.43,69.26,0.06,-1.55,C0W110
西嶼,23.5626,119.468436,-1.76,15.25,-12.38,73.22,0.5,-0.22,C0W120
花嶼,23.40007,119.32276,-1.52,16.25,-4.74,76.22,0.54,0.36,C0W130
金沙,24.488292,118.408778,-5.8,8.97,-32.84,41.0,0.0,-1.58,C0W140
金寧,24.457703,118.328989,-0.98,14.38,-18.1,56.74,0.0,-1.44,C0W150
東河,23.296598,120.385608,-1.76,16.15,-8.54,74.85,0.41,-1.19,C0X050
下營,23.22695,120.256261,-1.5,16.12,-10.09,73.67,0.33,-1.26,C0X060
佳里,23.173039,120.145086,-0.91,16.27,-5.77,76.59,0.44,-0.25,C0X080
臺南市北區,23.010394,120.194228,-1.38,16.96,0.69,78.22,0.19,-0.96,C0X100
臺南市南區,22.961189,120.188378,-1.6,17.29,-2.42,74.11,0.17,-1.01,C0X110
麻豆,23.183289,120.248611,-0.9,17.06,-0.52,81.59,0.3,-0.72,C0X120
官田,23.193217,120.315422,-1.2,17.01,-3.37,76.3,0.31,-0.89,C0X130
西港,23.125608,120.203108,-1.57,16.31,-1.67,80.56,0.31,-0.83,C0X140
安定,23.102614,120.227839,-1.31,16.39,-2.19,82.22,0.26,-0.94,C0X150
仁德,22.968258,120.257689,-0.87,17.76,-0.59,76.3,0.28,-0.88,C0X160
關廟,22.963017,120.327797,-2.0,16.41,2.51,80.11,0.39,-0.53,C0X170
山上,23.0757,120.363253,-1.05,16.82,-2.91,79.81,0.22,-1.12,C0X180
安平,22.993161,120.152181,-1.59,16.67,-7.59,72.96,0.19,-0.87,C0X190
左鎮,23.056758,120.408522,-0.07,17.21,-3.51,81.15,0.3,-1.05,C0X200
白河,23.347466,120.414427,-1.72,16.19,-6.54,75.85,0.46,-1.08,C0X210
學甲,23.230367,120.182187,-1.38,16.11,-6.56,75.59,0.31,-1.0,C0X220
鹽水,23.272621,120.247641,-1.72,15.66,-6.7,77.81,0.37,-0.94,C0X230
關子嶺,23.331169,120.508025,-0.99,15.36,-1.22,86.07,0.69,-1.61,C0X240
新營,23.310689,120.316681,-1.56,16.3,-5.88,75.22,0.44,-0.9,C0X250
後壁,23.366358,120.362326,-1.48,16.1,-8.67,74.0,0.56,-0.88,C0X260
將軍,23.214999,120.13577,-1.66,15.85,-7.14,75.52,0.28,-0.74,C0X280
北門,23.267772,120.125481,-1.53,16.11,-6.19,76.56,0.46,-0.8,C0X290
鹿寮,23.386047,120.477331,-1.78,15.91,-0.35,85.22,0.67,-1.18,C0X300
明里,23.208717,121.262342,-0.95,15.4,-0.55,88.22,0.7,-0.65,C0Z020
佳心,23.34567,121.21316,-1.47,11.33,7.49,98.26,1.24,-0.16,C0Z050
玉里,23.3215,121.339656,-0.97,15.53,1.99,90.07,2.39,0.77,C0Z061
舞鶴,23.46811,121.37407,-0.66,15.07,7.78,98.78,1.67,0.0,C0Z070
富源,23.587642,121.378225,-1.01,14.94,-4.21,87.89,1.94,-0.19,C0Z080
東華,23.89525,121.549833,-1.09,16.48,-1.23,87.7,0.63,-1.36,C0Z100
吉安光華,23.930925,121.595153,-1.23,17.2,-16.81,69.07,0.7,-1.73,C0Z150
鳳林,23.746114,121.453411,-1.83,15.94,-4.29,80.33,1.28,-0.37,C0Z160
卓溪,23.3443,121.3029,-2.49,15.53,-0.82,82.67,1.2,-0.08,C0Z170
新城,24.03946,121.60454,-1.45,17.3,-9.32,69.56,0.33,-2.53,C0Z180
富世,24.14743,121.6297,-1.44,17.14,-7.23,75.96,0.65,-1.43,C0Z190
萬榮,23.709219,121.420106,-1.71,15.76,-8.94,81.93,1.57,-0.02,C0Z200
瑞穗,23.5239,121.39021,-1.52,15.85,0.2,87.41,2.06,0.01,C0Z210
和平林道,24.343922,121.656317,-2.07,12.59,-6.36,83.56,0.61,-2.11,C0Z220
和平,24.30717,121.77007,-1.94,16.66,-11.13,66.78,0.28,-2.02,C0Z230
瑞穗林道,23.49284,121.30688,-1.17,11.05,1.01,97.52,5.52,1.87,C0Z250
蕃薯寮,23.73835,121.540108,-1.68,14.65,-8.61,82.59,1.81,-4.44,C0Z270
德武,23.47426,121.41071,-2.26,15.2,-2.68,87.48,1.76,-0.41,C0Z280
赤柯山,23.36893,121.38293,-2.52,10.57,3.35,98.7,4.31,1.06,C0Z290
東里,23.26853,121.30547,-1.98,15.63,-4.0,86.04,1.74,-0.02,C0Z300
清水斷崖,24.218294,121.689142,-2.29,16.84,-9.36,74.78,0.11,-1.16,C0Z310
清水林道,23.27125,121.188272,-2.5,12.45,-0.28,90.96,3.46,0.39,C0Z320
安通山,23.290728,121.348528,-3.24,13.13,1.94,91.63,2.22,0.64,C0Z330
口湖工作站,23.589978,120.180394,-1.73,15.97,-8.18,69.63,0.65,0.54,12J990
東港工作站,22.479997,120.466058,-2.08,19.02,-4.38,64.07,0.2,-0.12,12Q970
恆春工作站,22.079678,120.714425,-2.2,19.96,-2.49,63.67,0.72,-0.18,12Q980
萬大發電廠,23.978875,121.139639,-1.84,12.86,-2.57,78.67,3.48,3.19,42HA10
桃改樹林分場,24.944503,121.386972,-1.69,15.23,-8.93,70.44,1.61,-0.04,72AI40
桃園農改場,24.950944,121.030583,0.21,15.47,-10.39,71.04,0.96,-1.76,72C440
桃改五峰分場,24.612194,121.157167,-1.04,9.93,-1.9,84.48,2.33,-1.18,72D080
臺中農改場,24.003028,120.534389,-0.74,15.75,-1.96,77.52,0.7,-0.26,72G600
中改埔里分場,23.903208,120.963364,-1.88,14.19,3.38,87.19,2.19,1.71,72HA00
南改斗南分場,23.634556,120.477333,-0.39,16.15,-2.65,77.22,1.02,-0.03,72K220
南改義竹分場,23.360694,120.279361,-0.94,15.73,-5.43,75.67,0.54,-0.07,72M360
南改鹿草分場,23.416869,120.283061,-1.99,15.96,-6.98,74.33,0.8,0.59,72M700
臺南農改場,23.0605,120.342194,-1.09,16.27,1.79,80.7,0.2,-0.43,72N100
七股研究中心,23.081672,120.062894,-2.06,16.33,-6.77,76.67,0.26,0.08,72N240
高雄農改場,22.709333,120.525889,-0.95,18.48,3.84,81.7,0.37,-0.12,72Q010
東改班鳩分場,22.829528,121.077694,-1.04,16.17,-2.03,76.78,0.89,-0.24,72S200
東改賓朗果園,22.813889,121.071278,-1.5,15.84,-5.6,80.07,0.94,-0.16,72S590
花蓮農改場,23.975222,121.563889,-0.73,16.64,-3.34,77.58,3.26,1.53,72T250
花改蘭陽分場,24.686306,121.716583,-0.7,15.47,-5.74,76.81,1.11,-3.99,72U480
高改旗南分場,22.857861,120.516667,-1.38,17.54,4.68,79.11,0.39,-0.08,72V140
茶改北部分場,24.955778,121.631222,-0.6,12.48,-4.2,82.63,3.37,-3.1,82A750
茶改場,24.908472,121.185333,-0.33,14.11,-8.31,74.48,1.87,-1.69,82C160
茶改中部分場,23.875611,120.913583,-1.72,13.34,1.59,84.19,2.04,0.63,82H320
茶改南部分場,23.762528,120.7405,-1.38,14.25,-1.46,86.0,1.41,-0.06,82H840
茶改東部分場,22.907694,121.130139,-1.96,15.71,-4.24,76.78,0.86,-0.2,82S580
農工中心,24.985917,121.239833,0.07,15.11,-7.99,69.63,1.72,-1.38,A2C560
水試臺西試驗場,23.717231,120.190522,-0.77,16.29,-4.55,77.63,0.59,0.23,A2K360
臺大雲林校區,23.730628,120.423903,-1.5,15.63,-7.49,75.15,0.5,0.0,A2K630
臺南蘭花園區,23.340258,120.379661,-1.73,16.28,-3.44,77.11,0.2,0.17,A2N290
畜試北區分所,24.527806,120.770972,-1.46,14.51,-9.24,76.19,0.61,-1.96,B2E890
畜產試驗所,23.058972,120.336406,-1.02,16.15,0.15,80.56,0.2,-0.57,B2N890
畜試南區分所,21.945583,120.802167,-1.57,19.5,-3.88,69.37,1.02,-0.26,B2Q810
畜試東區分所,24.669039,121.832561,-1.93,15.69,0.17,81.48,1.13,-0.09,B2U990
蓮華池,23.918333,120.885278,-0.92,13.66,0.62,87.74,1.52,-0.18,E2H360
林試畢祿溪站,24.226944,121.308522,-1.58,5.31,7.43,80.89,2.89,0.85,E2HA20
四湖植物園,23.676986,120.163433,-1.7,16.26,-1.23,82.56,0.7,0.37,E2K600
林試六龜中心,22.991703,120.645722,-1.16,17.3,7.09,85.37,0.59,0.06,E2P980
林試太麻里2,22.598,120.99775,-2.17,18.23,-4.37,73.7,0.87,-1.32,E2S960
林試太麻里1,22.598922,120.980044,-2.03,17.44,-2.34,78.07,1.07,-1.43,E2S980
農試所(霧峰),24.031261,120.688133,-0.91,15.97,0.65,80.26,1.07,0.02,G2F820
農試嘉義分所,23.485028,120.473806,-0.82,15.52,-2.35,79.33,0.87,0.01,G2L020
農試溪口農場,23.58565,120.408111,-1.27,15.83,-9.2,73.0,1.19,0.98,G2M350
農試鳳山分所,22.646611,120.356083,-1.45,17.87,-0.2,72.85,0.23,-0.39,G2P820
苗栗農改場,24.495722,120.829111,-1.13,13.83,-3.72,78.48,1.15,-0.64,K2E360
苗改生物防治研究中心,24.422861,120.871833,-3.02,12.61,-5.24,80.37,0.94,-0.7,K2E710
種苗改良場,24.225972,120.800917,-1.04,13.17,3.86,83.48,1.11,-0.54,K2F750
溪頭,23.670306,120.798194,-1.44,10.66,5.6,92.56,2.91,0.75,U2H480
臺大和社,23.590856,120.888864,-1.65,13.77,7.2,86.93,2.24,1.47,U2HA30
臺大內茅埔,23.689722,120.851117,-2.54,14.49,6.53,84.7,2.07,1.73,U2HA40
臺大竹山,23.756972,120.681556,-2.19,15.85,-7.52,77.19,1.15,0.65,U2HA50
臺大竹山,23.756972,120.681556,-2.19,15.85,-7.52,77.19,1.15,0.65,U2HA50
臺大內茅埔,23.689722,120.851117,-2.54,14.49,6.53,84.7,2.07,1.73,U2HA40
臺大和社,23.590856,120.888864,-1.65,13.77,7.2,86.93,2.24,1.47,U2HA30
臺大溪頭,23.670306,120.798194,-1.44,10.66,5.6,92.56,2.91,0.75,U2H480
種苗繁殖,24.225972,120.800917,-1.04,13.17,3.86,83.48,1.11,-0.54,K2F750
苗改生物防治研究中心,24.422861,120.871833,-3.02,12.61,-5.24,80.37,0.94,-0.7,K2E710
苗栗農改,24.495722,120.829111,-1.13,13.83,-3.72,78.48,1.15,-0.64,K2E360
農試鳳山分所,22.646611,120.356083,-1.45,17.87,-0.2,72.85,0.23,-0.39,G2P820
農試溪口農場,23.58565,120.408111,-1.27,15.83,-9.2,73.0,1.19,0.98,G2M350
農試嘉義分所,23.485028,120.473806,-0.82,15.52,-2.35,79.33,0.87,0.01,G2L020
農業試驗所,24.031261,120.688133,-0.91,15.97,0.65,80.26,1.07,0.02,G2F820
林試太麻里1,22.598922,120.980044,-2.03,17.44,-2.34,78.07,1.07,-1.43,E2S980
林試太麻里2,22.598014,120.989761,-2.17,18.23,-4.37,73.7,0.87,-1.32,E2S960
林試六龜中心,22.991703,120.645722,-1.16,17.3,7.09,85.37,0.59,0.06,E2P980
四湖植物園,23.676986,120.163433,-1.7,16.26,-1.23,82.56,0.7,0.37,E2K600
林試畢祿溪站,24.226944,121.308522,-1.58,5.31,7.43,80.89,2.89,0.85,E2HA20
蓮華池,23.918333,120.885278,-0.92,13.66,0.62,87.74,1.52,-0.18,E2H360
畜試東區分所,24.669039,121.832561,-1.93,15.69,0.17,81.48,1.13,-0.09,B2U990
畜試南區分所,21.945583,120.802167,-1.57,19.5,-3.88,69.37,1.02,-0.26,B2Q810
畜試所,23.058972,120.336406,-1.02,16.15,0.15,80.56,0.2,-0.57,B2N890
畜試北區分所,24.527806,120.770972,-1.46,14.51,-9.24,76.19,0.61,-1.96,B2E890
臺南蘭花園區,23.340258,120.379661,-1.73,16.28,-3.44,77.11,0.2,0.17,A2N290
臺大雲林校區,23.730628,120.423903,-1.5,15.63,-7.49,75.15,0.5,0.0,A2K630
水試臺西試驗場,23.717231,120.190522,-0.77,16.29,-4.55,77.63,0.59,0.23,A2K360
農工中心,24.985917,121.239833,0.07,15.11,-7.99,69.63,1.72,-1.38,A2C560
茶改東部分場,22.907694,121.130139,-1.96,15.71,-4.24,76.78,0.86,-0.2,82S580
茶改南部分場,23.762528,120.7405,-1.38,14.25,-1.46,86.0,1.41,-0.06,82H840
茶改中部分場,23.875611,120.913583,-1.72,13.34,1.59,84.19,2.04,0.63,82H320
茶改場,24.908472,121.185333,-0.33,14.11,-8.31,74.48,1.87,-1.69,82C160
茶改北部分場,24.955778,121.631222,-0.6,12.48,-4.2,82.63,3.37,-3.1,82A750
高改旗南分場,22.857861,120.516667,-1.38,17.54,4.68,79.11,0.39,-0.08,72V140
花改蘭陽分場,24.686306,121.716583,-0.7,15.47,-5.74,76.81,1.11,-3.99,72U480
花蓮農改,23.975222,121.563889,-0.73,16.64,-3.34,77.58,3.26,1.53,72T250
東改賓朗果園,22.813889,121.071278,-1.5,15.84,-5.6,80.07,0.94,-0.16,72S590
東改班鳩分場,22.829528,121.077694,-1.04,16.17,-2.03,76.78,0.89,-0.24,72S200
高雄農改,22.709333,120.525889,-0.95,18.48,3.84,81.7,0.37,-0.12,72Q010
七股研究中心,23.081672,120.062894,-2.06,16.33,-6.77,76.67,0.26,0.08,72N240
臺南農改,23.0605,120.342194,-1.09,16.27,1.79,80.7,0.2,-0.43,72N100
南改鹿草分場,23.416869,120.283061,-1.99,15.96,-6.98,74.33,0.8,0.59,72M700
南改義竹分場,23.360694,120.279361,-0.94,15.73,-5.43,75.67,0.54,-0.07,72M360
南改斗南分場,23.634556,120.477333,-0.39,16.15,-2.65,77.22,1.02,-0.03,72K220
中改埔里分場,23.903208,120.963364,-1.88,14.19,3.38,87.19,2.19,1.71,72HA00
臺中農改,24.003028,120.534389,-0.74,15.75,-1.96,77.52,0.7,-0.26,72G600
桃改五峰分場,24.612194,121.157167,-1.04,9.93,-1.9,84.48,2.33,-1.18,72D080
桃園農改,24.950944,121.030583,0.21,15.47,-10.39,71.04,0.96,-1.76,72C440
桃改樹林分場,24.944503,121.386972,-1.69,15.23,-8.93,70.44,1.61,-0.04,72AI40
萬大發電廠,23.978875,121.139639,-1.84,12.86,-2.57,78.67,3.48,3.19,42HA10
恆春工作站,22.079678,120.714425,-2.2,19.96,-2.49,63.67,0.72,-0.18,12Q980
東港工作站,22.479997,120.466058,-2.08,19.02,-4.38,64.07,0.2,-0.12,12Q970
口湖工作站,23.589978,120.180394,-1.73,15.97,-8.18,69.63,0.65,0.54,12J990
