站名,緯度,經度,平均溫距平,本年度平均溫,平均溼度距平,本年度日均相對溼度,本年度日均降水量,日均降水量距平,站號
淡水,25.164889,121.448906,0.22,16.44,-9.07,70.86,1.25,-1.92,466900
鞍部,25.182586,121.529731,-1.08,9.86,2.23,93.71,3.6,-7.37,466910
臺北,25.037658,121.514853,-0.06,17.09,-6.19,70.0,2.03,-1.43,466920
竹子湖,25.162078,121.544547,-0.68,11.94,-1.44,85.57,2.86,-5.53,466930
基隆,25.133314,121.740475,0.32,17.04,-7.51,70.0,3.6,-8.64,466940
花蓮,23.975128,121.613275,-0.08,18.53,-2.67,71.71,0.82,-1.51,466990
新屋,25.006744,121.047486,-1.04,16.53,-10.24,70.0,1.08,-3.73,467050
宜蘭,24.763975,121.756528,-0.74,16.36,0.62,79.86,2.37,-5.69,467080
金門,24.407306,118.289281,0.81,14.8,-11.01,60.0,0.0,-1.7,467110
澎湖,23.565503,119.563094,-0.43,17.16,-1.94,75.86,1.21,0.52,467350
臺南,22.993239,120.204772,-0.48,17.73,0.17,74.43,0.67,-0.31,467410
永康,23.038386,120.2367,-0.26,17.66,2.94,76.71,0.74,-0.22,467420
嘉義,23.495925,120.432906,-0.37,16.96,5.91,83.0,2.58,1.59,467480
臺中,24.145736,120.684075,0.01,17.56,-1.55,72.43,2.01,0.88,467490
阿里山,23.508208,120.813242,-0.44,6.51,6.16,85.57,5.3,2.24,467530
大武,22.355675,120.903789,-0.83,19.91,0.66,70.43,0.82,-0.35,467540
玉山,23.487614,120.959522,0.43,1.4,5.13,58.43,16.44,13.73,467550
新竹,24.827853,121.014219,0.45,16.86,-6.76,70.57,1.43,-1.34,467571
恆春,22.003897,120.746339,-0.8,20.61,0.48,69.43,0.43,-0.16,467590
成功,23.097486,121.373428,-0.17,19.09,-1.05,72.43,0.41,-2.07,467610
日月潭,23.881325,120.90805,-0.16,14.5,8.97,85.14,3.8,1.9,467650
臺東,22.752211,121.154586,-0.64,19.26,1.44,71.71,0.55,-0.64,467660
馬祖,26.169269,119.923419,0.64,11.84,-4.61,74.43,0.0,-1.19,467990
山佳,24.974944,121.402008,0.36,17.13,-10.44,73.86,2.57,-0.83,C0A520
坪林,24.938183,121.70975,-0.93,13.24,-11.62,81.6,3.0,-1.6,C0A530
泰平,24.971197,121.823711,-0.19,12.96,-2.81,92.86,5.64,-10.6,C0A550
桶後,24.848222,121.597992,-0.55,13.16,-1.17,93.43,3.21,-2.57,C0A570
石碇,24.993969,121.662917,-0.31,14.81,-9.44,81.29,2.64,-4.48,C0A640
大坪,25.165914,121.632969,0.3,14.21,-6.03,87.71,8.71,-19.97,C0A860
五指山,25.132153,121.608692,0.69,12.5,-0.59,93.86,3.86,-6.06,C0A870
雙溪,25.036003,121.864242,1.39,16.79,-8.38,84.57,2.57,-10.01,C0A890
三和,25.233153,121.595236,-1.34,15.06,-8.45,79.86,5.71,-12.16,C0A931
金山,25.223628,121.643967,1.34,17.44,-16.13,69.71,3.57,-5.65,C0A940
鼻頭角,25.129036,121.923372,0.19,17.34,-6.33,75.29,2.07,-2.05,C0A950
三貂角,25.007606,122.002058,-0.07,16.71,-13.56,77.0,3.07,-4.29,C0A970
社子,25.109508,121.469681,0.67,17.67,-4.23,75.14,1.5,-1.06,C0A980
天母,25.117494,121.537169,-0.06,17.07,-10.7,66.0,1.36,-1.0,C0A9C0
內湖,25.079422,121.57545,-0.05,16.99,1.26,82.71,1.5,-1.28,C0A9F0
大屯山,25.175675,121.522408,-0.1,9.41,2.57,99.14,3.36,-4.81,C0AC40
三峽,24.939025,121.369728,0.83,17.81,-10.25,72.71,2.57,-2.95,C0AC60
信義,25.037822,121.564597,0.84,17.81,-8.49,73.29,2.07,-2.86,C0AC70
文山,25.00235,121.575728,-0.52,16.17,-11.08,74.86,2.21,-2.88,C0AC80
新莊,25.051478,121.446756,-0.51,16.99,-9.62,66.86,1.79,-2.91,C0ACA0
八里,25.150211,121.403947,-0.16,16.94,-4.24,75.43,1.0,-3.83,C0AD10
蘆洲,25.086594,121.472331,-0.09,17.63,-9.12,67.43,1.5,-2.63,C0AD30
土城,24.973208,121.445169,-0.15,16.69,-5.45,76.29,2.57,-0.98,C0AD40
鶯歌,24.951533,121.346294,0.5,17.33,-6.31,77.57,2.29,-2.52,C0AD50
汐止,25.066881,121.658778,-0.63,16.71,-14.48,71.86,2.79,-5.42,C0AH00
永和,25.01125,121.508111,-0.75,17.7,-0.31,72.0,2.14,-1.97,C0AH10
五分山,25.07125,121.780794,-2.36,11.84,-4.08,94.0,6.43,-8.58,C0AH30
平等,25.129142,121.577086,-3.0,13.69,-12.1,77.29,2.14,-6.47,C0AH40
林口,25.072181,121.38084,-1.92,15.01,-12.39,79.57,1.5,-6.09,C0AH50
松山,25.04871,121.55042,-1.65,17.22,-14.93,59.0,0.3,-7.74,C0AH70
深坑,25.002703,121.628328,-1.21,16.57,-6.68,78.29,2.5,-3.81,C0AH80
福山植物園,24.760717,121.58135,-2.92,11.54,0.71,96.43,3.64,-9.58,C0AH90
五股,25.07445,121.42728,-3.37,14.97,-13.29,76.71,1.57,0.21,C0AI00
屈尺,24.92184,121.54475,-2.43,16.31,-12.83,69.0,3.07,1.24,C0AI10
白沙灣,25.283128,121.519058,-0.09,16.83,-16.37,73.86,0.64,-8.13,C0AI20
三重,25.057328,121.500629,-2.73,17.24,-4.41,72.14,1.5,1.5,C0AI30
石牌,25.115597,121.513139,-2.09,17.96,-1.94,69.0,1.29,0.37,C0AI40
七堵,25.094819,121.71713,-0.75,17.79,-14.47,74.14,3.57,-5.18,C0B010
基隆嶼,25.19141,121.78391,-1.67,16.47,-4.51,83.71,3.64,-0.8,C0B020
復興,24.820208,121.352281,-0.36,14.06,-5.59,75.43,2.36,-1.6,C0C460
桃園,24.992425,121.323172,-0.08,16.39,-6.01,71.14,2.86,-1.67,C0C480
八德,24.928708,121.283289,-0.98,15.86,-10.33,71.0,2.5,-2.86,C0C490
觀音,25.027072,121.153317,-0.16,15.71,-7.17,73.71,1.43,-3.34,C0C590
蘆竹,25.084275,121.265767,-1.0,16.11,-5.38,75.29,1.5,-3.81,C0C620
大溪,24.882853,121.265547,-0.04,15.27,-5.5,74.43,2.5,-1.66,C0C630
平鎮,24.897503,121.214636,0.07,15.21,-6.93,75.57,2.0,-2.5,C0C650
楊梅,24.912375,121.143047,-1.58,15.61,-6.21,71.71,2.0,-3.33,C0C660
龍潭,24.870056,121.221389,-1.64,14.79,-3.17,78.14,2.36,-3.59,C0C670
龜山,25.02846,121.38656,-1.3,15.41,-10.2,74.29,2.43,-6.98,C0C680
中壢,24.977661,121.256375,-1.73,15.74,-10.02,71.57,1.86,-7.11,C0C700
大溪永福,24.892936,121.324975,-1.26,16.04,-9.65,76.57,2.79,1.67,C0C710
梅花,24.678347,121.208558,-0.64,12.94,-1.98,84.71,3.07,1.17,C0D360
峨眉,24.6905,121.017189,-0.49,15.69,-9.34,78.29,2.64,-2.23,C0D430
打鐵坑,24.849664,121.150789,-0.38,14.63,-10.08,77.0,1.93,-2.53,C0D480
橫山,24.71116,121.11693,-0.98,14.27,-1.57,83.86,3.36,-0.86,C0D540
雪霸,24.526972,121.11605,-0.24,8.76,-6.39,72.0,2.29,-3.05,C0D550
竹東,24.767147,121.057881,0.68,16.31,-5.78,71.29,2.07,-1.75,C0D560
寶山,24.735006,121.025192,0.37,15.73,-6.57,76.71,2.36,-2.0,C0D580
新豐,24.87068,120.97721,0.03,15.59,-5.55,77.71,1.5,-2.47,C0D590
湖口,24.904794,121.043628,-2.01,15.34,-9.49,70.29,1.71,-2.4,C0D650
新竹市東區,24.798681,120.986942,-1.47,16.11,-8.17,69.86,1.43,-4.11,C0D660
竹南,24.708978,120.888897,0.68,16.83,-7.45,73.0,1.57,-0.55,C0E420
南庄,24.601775,121.000214,-0.76,13.93,3.72,89.43,2.93,-0.11,C0E430
明德,24.583486,120.885411,-0.33,16.2,-11.14,75.43,2.07,-1.65,C0E550
通霄,24.471892,120.704622,-0.44,16.37,-11.23,75.86,1.64,-1.05,C0E590
馬都安,24.451272,120.930192,-0.28,13.06,-3.28,81.43,2.86,0.82,C0E610
頭份,24.688247,120.912206,1.04,17.49,-6.98,70.57,1.86,-1.53,C0E730
造橋,24.637056,120.864778,-0.42,16.4,-11.53,74.86,2.07,-1.72,C0E740
苗栗,24.564569,120.824575,-0.66,16.4,-10.11,71.57,1.64,-2.16,C0E750
銅鑼,24.489681,120.790853,-0.99,15.45,1.43,87.67,0.0,-3.6,C0E780
西湖,24.562947,120.7485,-0.21,16.23,-10.45,76.57,1.43,-1.48,C0E810
獅潭,24.539133,120.920042,-1.31,14.13,-4.71,83.0,2.86,-0.67,C0E820
苑裡,24.439714,120.653053,-1.23,16.5,-10.76,73.0,1.29,-1.53,C0E830
大河,24.618069,120.948578,-3.93,13.57,-11.72,77.0,2.57,-3.62,C0E850
高鐵苗栗,24.60725,120.826094,-1.07,16.51,-6.31,79.29,1.57,-4.97,C0E870
石岡,24.276061,120.777644,-1.07,16.6,-5.66,84.29,1.71,-1.48,C0F0B0
中坑,24.248517,120.903319,-2.35,13.47,-4.8,82.71,2.93,-2.85,C0F0C0
審馬陣,24.381675,121.4203,-3.34,2.66,0.3,67.86,2.14,-7.12,C0F0D0
南湖圈谷,24.363714,121.444667,-4.81,-2.0,-18.02,66.43,0.0,-15.72,C0F0E0
東勢,24.246428,120.833047,-0.49,16.11,-1.49,82.14,2.5,-0.22,C0F850
大坑,24.173142,120.722289,0.13,18.16,-4.04,75.29,2.14,0.04,C0F970
神岡,24.272481,120.658314,-1.08,15.71,-12.15,75.71,1.57,-0.56,C0F9I0
大安,24.345061,120.588025,-0.87,16.39,-10.52,75.71,1.43,-0.68,C0F9K0
后里,24.310436,120.729725,-0.58,16.16,-8.74,77.0,2.0,-0.24,C0F9L0
豐原,24.254322,120.720692,0.1,17.17,-6.21,75.57,1.64,-0.65,C0F9M0
大里,24.092464,120.701378,-0.65,18.37,-9.31,67.14,2.36,0.23,C0F9N0
潭子,24.213106,120.703933,-0.46,17.39,-4.48,76.57,1.79,-0.28,C0F9O0
清水,24.312297,120.562242,-0.94,16.51,-9.74,75.86,1.29,-0.7,C0F9P0
外埔,24.347817,120.705686,0.16,17.04,-10.05,76.0,1.86,-0.42,C0F9Q0
龍井,24.184536,120.528972,-0.88,17.03,-11.41,73.57,1.5,-0.35,C0F9R0
烏日,24.107058,120.624103,-0.85,17.3,-5.44,72.0,2.21,0.37,C0F9S0
西屯,24.179494,120.641275,-1.04,16.64,-5.69,74.43,1.57,-0.14,C0F9T0
南屯,24.137006,120.637969,-1.16,17.5,-6.28,71.57,1.36,-0.45,C0F9U0
新社,24.200172,120.815806,-0.89,15.13,-4.56,81.71,2.29,-0.71,C0F9V0
大雅(中科園區),24.21528,120.62445,-2.44,15.96,-9.8,77.29,1.57,-1.46,C0F9X0
桃山,24.432739,121.303808,-3.17,2.83,-6.67,56.0,4.29,-1.31,C0F9Y0
雪山東峰,24.388792,121.268675,-2.93,3.74,-8.1,54.43,3.64,-4.62,C0F9Z0
芬園,24.015678,120.6213,-1.64,15.79,2.54,86.71,2.21,0.52,C0G620
員林,23.946503,120.585597,1.38,18.86,-8.06,74.0,2.5,1.48,C0G650
溪湖,23.94835,120.479122,0.55,18.37,6.62,90.86,1.86,0.35,C0G660
溪州,23.851589,120.499093,-1.96,16.77,-11.01,74.57,2.36,-1.05,C0G720
二林,23.903325,120.376081,-1.83,16.5,-7.14,85.29,1.71,-0.37,C0G730
大城,23.852487,120.320935,-1.57,16.9,-37.14,48.86,2.07,-0.3,C0G740
福興,24.041289,120.437669,-0.55,17.6,-11.85,71.57,2.0,0.62,C0G770
秀水,24.03405,120.503869,-0.85,17.3,-6.89,77.71,2.0,0.33,C0G780
埔鹽,24.000394,120.431683,0.03,17.66,-8.6,78.86,1.86,0.39,C0G800
埔心,23.947633,120.525456,-0.33,17.7,19.07,99.86,2.21,0.7,C0G810
田尾,23.901669,120.509389,-0.73,17.07,-1.93,85.14,2.21,0.53,C0G820
埤頭,23.866003,120.452806,-0.92,16.86,7.43,97.29,1.86,0.58,C0G830
社頭,23.897647,120.5862,-0.57,18.1,2.39,82.43,2.5,0.46,C0G860
二水,23.810742,120.6173,0.89,19.21,0.96,84.86,2.57,0.59,C0G880
伸港,24.148933,120.484403,-0.97,16.83,-10.65,73.43,1.43,-0.11,C0G890
線西,24.143358,120.443536,-1.95,17.03,-12.98,74.57,1.43,1.43,C0G900
花壇,24.032076,120.549461,0.97,19.9,-2.68,81.43,1.93,1.93,C0G910
埔里,23.972169,120.952425,-1.57,17.03,0.61,84.43,4.0,-0.27,C0H890
草屯,23.973672,120.68085,-1.2,16.99,-3.55,77.29,2.93,0.98,C0H960
昆陽,24.121322,121.273642,-0.18,2.83,4.47,75.29,3.43,1.99,C0H990
神木村,23.532742,120.843667,0.24,11.23,4.1,88.43,5.0,2.52,C0H9A0
合歡山,24.143442,121.272547,-0.4,1.69,4.04,73.0,8.93,2.69,C0H9C0
廬山,24.033311,121.181808,0.19,11.93,-2.85,74.71,4.93,2.68,C0I010
信義,23.689694,120.851036,-2.1,15.64,3.8,88.14,3.93,0.37,C0I080
竹山,23.761225,120.688156,-0.06,16.84,0.14,86.29,3.14,1.61,C0I110
水里,23.812553,120.849792,-1.99,16.91,-3.25,81.29,3.21,0.04,C0I360
魚池,23.895703,120.94135,-1.31,16.07,-4.16,83.57,4.21,-0.32,C0I370
集集,23.828206,120.801467,-2.07,16.89,-2.66,83.71,3.43,-0.35,C0I380
仁愛,24.022122,121.132206,-1.31,13.41,-3.07,80.29,4.86,-0.7,C0I390
名間,23.837053,120.701447,-2.53,16.2,-4.6,81.71,2.93,-0.1,C0I410
國姓,24.037803,120.855072,-2.14,16.64,-1.62,84.71,3.29,0.52,C0I420
南投,23.911469,120.687331,-2.03,17.43,-1.45,81.86,2.86,-0.82,C0I460
梅峰,24.085272,121.173572,-2.22,7.57,-1.63,81.29,4.86,-3.67,C0I480
萬大林道,23.928228,121.091411,-2.22,11.39,-3.12,78.57,5.29,0.33,C0I490
小奇萊,24.131764,121.295717,-2.9,2.49,-11.01,75.71,6.57,-12.65,C0I530
奇萊稜線,24.109231,121.326456,-3.44,1.19,6.89,75.86,0.0,-6.94,C0I540
崙背,23.75555,120.318925,-2.04,16.44,-12.09,76.43,2.57,-0.12,C0K250
四湖,23.630414,120.227125,-0.07,17.12,-12.08,74.33,3.0,2.19,C0K280
宜梧,23.536281,120.169329,-0.63,16.96,-10.66,76.43,2.86,1.55,C0K291
虎尾,23.719183,120.442036,-0.33,16.9,-5.05,80.86,2.64,1.75,C0K330
土庫,23.679029,120.395574,-1.9,16.9,-2.89,83.29,2.29,-0.56,C0K390
斗六,23.720583,120.541127,-2.2,16.79,-11.11,77.29,2.86,-0.25,C0K400
北港,23.573957,120.292802,-2.07,16.8,-13.26,74.43,2.64,-0.33,C0K410
西螺,23.800407,120.467394,-1.99,16.76,-9.99,78.43,2.57,-0.4,C0K420
褒忠,23.690938,120.303634,-1.95,16.61,-16.11,72.0,2.57,0.06,C0K430
二崙,23.772797,120.408944,-2.13,16.41,-7.05,81.29,1.93,-0.24,C0K440
大埤,23.646074,120.431537,-2.13,16.79,-8.07,77.0,2.43,-0.45,C0K450
斗南,23.678734,120.478359,-2.09,16.77,-7.44,78.43,2.71,-0.16,C0K460
林內,23.748675,120.609642,-2.23,16.64,-5.42,82.43,3.14,-0.23,C0K470
莿桐,23.761192,120.502372,-2.19,16.46,-9.23,78.14,2.71,-0.22,C0K480
元長,23.64981,120.315024,-1.98,16.74,-8.8,77.29,2.64,0.05,C0K500
水林,23.572924,120.24597,-1.82,16.93,-9.02,77.0,2.71,-0.21,C0K510
臺西,23.701547,120.197559,-1.83,16.89,-10.43,76.57,2.0,0.06,C0K530
蔦松,23.514319,120.229736,-1.96,16.81,-10.0,78.29,2.71,-0.14,C0K550
棋山,23.68645,120.603417,-2.23,16.79,-2.05,85.29,3.14,-0.92,C0K560
高鐵雲林,23.737456,120.417944,-1.98,16.46,-12.0,81.0,2.21,1.9,C0K580
東後寮,23.369908,120.248065,-2.07,16.7,-7.93,79.0,1.79,-0.84,C0M520
奮起湖,23.493903,120.699253,0.75,13.13,-0.57,88.43,2.93,1.16,C0M530
中埔,23.42538,120.5229,-2.22,16.77,-5.25,81.29,1.86,-1.41,C0M640
朴子,23.43463,120.23902,-2.64,16.24,-6.45,79.86,2.71,0.03,C0M650
溪口,23.604131,120.403569,-2.04,16.79,-10.58,76.29,2.57,-0.38,C0M660
大林,23.600616,120.45841,-2.11,16.99,-8.29,76.29,3.0,-0.31,C0M670
太保,23.455062,120.331455,-2.27,16.84,-10.33,75.71,2.57,-0.23,C0M680
水上,23.419734,120.388909,-2.06,17.01,-2.86,82.43,1.71,-1.36,C0M690
竹崎,23.526178,120.555508,-2.22,16.74,-1.88,85.14,2.57,-1.12,C0M700
東石,23.458927,120.15385,-1.88,16.97,-10.83,76.14,3.0,0.18,C0M710
番路,23.464657,120.554156,-2.14,16.4,-0.65,86.29,2.36,-1.01,C0M720
嘉義市東區,23.457673,120.460531,-2.16,17.87,-5.18,76.57,2.43,-1.1,C0M730
六腳,23.492871,120.290625,-2.11,16.8,-10.45,75.57,2.71,-0.47,C0M740
布袋,23.380878,120.167789,-1.82,17.07,-13.31,75.29,2.21,-0.57,C0M750
民雄,23.551754,120.428457,-2.14,17.09,-9.88,76.14,2.71,-0.85,C0M760
嘉義梅山,23.585398,120.555587,-2.3,16.56,-0.25,87.29,2.57,-1.27,C0M770
鹿草,23.41134,120.30835,-2.06,17.06,-9.34,75.86,2.14,-0.6,C0M780
新港,23.553269,120.345728,-2.15,16.89,-8.67,76.29,2.93,-0.22,C0M790
茶山,23.299075,120.664767,-1.37,17.61,1.59,86.14,1.43,-2.29,C0M800
里佳,23.389125,120.716647,-1.51,12.96,-0.58,85.29,2.0,-2.99,C0M810
達邦,23.453994,120.749517,-1.1,15.01,2.92,84.43,2.57,-2.28,C0M820
表湖,23.24186,120.64166,-2.5,15.59,0.37,87.14,1.36,1.22,C0M850
北寮,23.079561,120.495008,-1.61,17.5,8.62,92.43,0.79,-1.2,C0O830
王爺宮,23.222064,120.40085,0.26,18.74,-7.52,78.14,0.64,-1.65,C0O840
大內,23.11885,120.36083,-0.73,18.66,0.89,84.86,0.5,-1.56,C0O860
善化,23.112883,120.297219,-0.33,17.49,1.97,86.71,0.43,-0.47,C0O900
崎頂,22.959547,120.369317,-1.28,17.37,5.48,89.14,1.14,-0.52,C0O960
虎頭埤,23.021375,120.347878,-1.87,17.07,0.32,84.57,0.79,-1.37,C0O970
新市,23.061614,120.298197,-0.97,18.31,-3.38,79.29,0.57,-1.61,C0O980
媽廟,22.99175,120.293525,-1.93,17.47,6.83,89.71,0.93,-1.22,C0O990
尾寮山,22.833111,120.683889,-0.14,14.5,2.75,91.33,2.0,1.14,C0R100
阿禮,22.742908,120.743678,-0.99,15.3,2.21,79.57,0.57,-1.07,C0R130
瑪家,22.682903,120.686639,-1.64,15.37,7.27,95.43,0.64,-1.09,C0R140
三地門,22.709889,120.639944,0.03,19.77,-3.55,71.43,0.58,0.03,C0R150
鹽埔,22.739558,120.530778,-1.3,19.06,-2.37,85.71,0.57,-0.97,C0R160
屏東,22.660269,120.494072,-0.13,20.5,-8.97,73.0,0.0,-0.96,C0R170
赤山,22.592333,120.614306,-1.11,19.37,8.45,91.57,0.43,-0.59,C0R190
潮州,22.534361,120.54,0.49,20.03,-0.3,80.71,0.21,-0.19,C0R220
來義,22.527306,120.625111,-1.67,18.63,7.6,91.43,0.57,-0.33,C0R240
春日,22.370361,120.628306,-1.25,19.62,-17.15,62.2,0.1,-0.71,C0R260
琉球嶼,22.332244,120.362236,-0.73,19.74,-5.49,75.86,0.5,-0.2,C0R270
車城,22.0744,120.716247,-2.0,20.21,3.0,74.0,0.14,0.14,C0R320
牡丹,22.130036,120.792639,-1.95,17.67,7.52,90.86,1.0,0.67,C0R341
貓鼻頭,21.921774,120.7358,-0.59,20.56,2.03,74.14,0.79,0.4,C0R350
大漢山,22.405264,120.753181,-0.27,9.77,1.17,96.29,2.36,1.69,C0R440
高樹,22.826389,120.600806,-1.55,19.26,0.63,79.14,0.71,-1.18,C0R470
長治,22.693128,120.542622,-0.97,19.86,2.23,84.29,0.5,-0.74,C0R480
九如,22.7405,120.490503,-1.16,19.56,-4.9,79.86,0.43,-1.04,C0R490
崁頂,22.514781,120.506914,-1.82,19.09,-3.08,81.14,0.21,-0.85,C0R520
佳冬,22.419456,120.552375,-1.41,19.47,-0.38,83.0,0.29,-0.45,C0R540
新埤,22.467947,120.582894,-1.56,19.13,-3.79,80.0,0.5,-0.29,C0R550
新園,22.5434,120.461558,-0.9,19.91,-5.54,74.86,0.43,-0.66,C0R560
麟洛,22.65078,120.52719,-0.7,20.41,4.38,83.29,0.43,-0.58,C0R570
南州,22.48591,120.50274,-1.96,18.81,0.03,82.71,0.14,-0.87,C0R580
里港,22.77919,120.49459,-2.12,18.49,4.13,84.0,0.36,-0.92,C0R590
舊泰武,22.588194,120.664944,-1.82,15.76,4.73,91.14,1.29,-0.03,C0R600
墾雷,21.900836,120.855269,-1.97,20.77,3.7,82.86,1.29,-1.3,C0R620
東港,22.46247,120.44074,-1.99,19.86,-1.17,81.0,0.3,0.24,C0R640
竹田,22.58486,120.54344,-2.28,19.39,-6.65,79.57,0.43,0.4,C0R650
枋寮,22.367722,120.590647,-0.76,19.87,4.29,85.29,0.29,0.29,C0R660
楓港,22.190131,120.692156,-2.66,19.89,2.54,67.43,0.29,0.29,C0R670
佳樂水,21.993578,120.861633,-2.07,20.8,1.78,74.0,1.29,0.34,C0R680
墾丁,21.966756,120.810269,-1.9,18.3,1.84,82.29,1.57,0.85,C0R690
枋山,22.246844,120.661086,-1.5,20.33,3.33,72.0,0.29,0.29,C0R700
旭海,22.205403,120.887614,-2.18,18.19,15.79,95.57,1.57,0.18,C0R720
太麻里,22.60902,120.98533,-0.5,15.77,-0.54,84.57,1.07,-0.37,C0S690
知本,22.684866,121.005642,-0.75,15.29,4.41,91.86,0.5,-1.1,C0S700
鹿野,22.917711,121.122994,-0.31,15.71,3.62,86.29,0.14,-1.17,C0S710
綠島,22.6672,121.47533,-0.4,19.07,10.6,89.71,2.07,-1.6,C0S730
池上,23.119628,121.209469,-0.49,15.99,2.21,86.43,0.5,-0.59,C0S740
大溪山,22.478475,120.943325,-0.67,16.41,1.4,84.29,1.79,0.05,C0S770
金崙,22.538122,120.966875,-0.63,17.69,0.73,82.29,1.14,-0.19,C0S790
東河,22.972672,121.303986,-1.11,18.79,0.11,79.0,0.43,-0.98,C0S810
長濱,23.286817,121.411975,-0.67,17.13,-0.22,79.0,0.86,-0.62,C0S830
南田,22.279725,120.889208,-0.96,19.9,20.95,96.29,1.86,0.65,C0S840
關山,23.0395,121.175017,-2.37,16.73,2.05,84.71,0.29,-3.38,C0S890
蘭嶼高中,22.04909,121.51214,-1.71,20.79,-0.63,76.43,10.86,-0.48,C0S900
蘭嶼燈塔,22.081197,121.503117,-1.73,19.16,-9.13,84.14,4.29,0.92,C0S910
金峰嘉蘭,22.594789,120.960825,-1.82,17.96,3.87,85.43,0.93,0.32,C0S920
延平,22.902581,121.084058,-2.31,16.7,6.46,84.57,0.29,0.23,C0S930
石寧山,23.223772,121.406639,-2.71,17.41,6.68,84.57,1.43,0.65,C0S940
香蘭,22.587569,120.993375,-1.91,19.4,9.25,80.14,0.71,0.6,C0S960
加津林,22.416211,120.926942,-1.92,19.91,2.4,72.29,0.79,0.79,C0S970
勝林山,22.430439,120.8938,-2.54,12.16,0.63,97.86,2.5,1.78,C0S980
山豬窟,22.318619,120.857372,-2.23,16.34,0.97,83.86,1.36,1.3,C0S990
歷坵,22.520969,120.89185,-1.62,15.64,2.78,92.0,1.36,0.97,C0SA00
檳榔四格山,22.810031,121.109308,-2.38,15.77,4.92,89.14,0.29,0.17,C0SA10
金崙山,22.567419,120.959667,-1.52,12.93,-1.59,93.86,1.93,0.87,C0SA20
都歷,23.020333,121.323642,-1.34,18.99,19.67,94.0,1.07,0.52,C0SA30
瑞和,22.974361,121.156697,-1.97,16.93,11.81,93.14,0.14,0.14,C0SA40
土坂,22.453108,120.887572,-1.24,18.11,1.19,84.86,2.0,1.61,C0SA80
大禹嶺,24.186117,121.316086,-0.22,4.86,2.98,74.14,5.5,2.36,C0T790
天祥,24.179597,121.495639,-0.03,14.09,-0.66,87.71,0.57,-0.85,C0T820
鯉魚潭,23.935639,121.508944,-0.47,15.83,-0.37,91.0,1.0,-1.33,C0T870
西林,23.8119,121.441458,-0.78,16.49,0.17,88.29,0.86,-1.76,C0T900
光復,23.660694,121.424964,-0.21,16.63,-2.83,88.29,1.07,-1.2,C0T960
月眉山,23.809928,121.539828,-0.3,14.49,-2.52,93.0,0.93,-2.14,C0T9A0
水源,23.991861,121.537169,-0.28,14.19,-3.25,89.86,1.36,-2.18,C0T9B0
和中,24.26676,121.74103,-0.43,17.8,5.63,94.0,0.43,-1.65,C0T9D0
大坑,23.880628,121.581981,-0.37,15.0,-3.98,89.57,1.64,-1.35,C0T9E0
水璉,23.797131,121.542514,-0.92,16.24,-0.94,86.43,0.86,-1.36,C0T9F0
鳳林山,23.735269,121.420131,-1.62,13.7,-3.85,92.86,1.79,-1.33,C0T9G0
加路蘭山,23.682947,121.5274,-0.72,12.9,1.94,98.71,1.71,-4.05,C0T9H0
靜浦,23.455167,121.495028,-0.41,17.51,0.44,84.0,4.36,1.13,C0T9M0
雙連埤,24.753033,121.641303,-1.6,12.03,-5.9,92.57,3.14,-6.32,C0U520
礁溪,24.817539,121.765608,-0.53,16.21,-7.14,81.0,1.79,-4.68,C0U600
玉蘭,24.675286,121.587061,-0.68,13.43,-6.31,85.43,2.71,-4.09,C0U650
太平山,24.505486,121.525656,-0.33,5.94,8.5,98.0,2.64,-1.58,C0U710
南山,24.43742,121.38167,-3.58,8.83,-2.09,95.86,2.14,-0.5,C0U720
東澳,24.52196,121.83318,-0.47,16.89,2.15,93.29,2.64,-5.81,C0U760
南澳,24.44935,121.81022,-0.81,17.43,-7.69,75.71,0.93,-1.98,C0U770
五結,24.68637,121.79794,-1.38,15.91,-5.84,81.57,1.57,-12.18,C0U780
頭城,24.85323,121.8308,-1.97,16.61,-9.1,80.71,1.86,-6.89,C0U860
大礁溪,24.791042,121.675047,-2.28,13.26,-2.21,89.71,3.36,-12.31,C0U870
三星,24.66812,121.65302,-2.03,15.51,1.8,94.29,1.79,-12.33,C0U890
內城,24.71813,121.68766,-1.98,15.9,-5.97,85.14,2.36,-11.22,C0U900
冬山,24.63373,121.7937,-1.42,16.7,5.16,93.71,1.93,-22.48,C0U910
羅東,24.68184,121.74934,-1.53,16.13,-7.67,83.14,1.5,-19.8,C0U940
鶯子嶺,24.89754,121.79244,-2.74,9.17,-5.64,93.29,4.86,-13.9,C0U950
翠峰湖,24.510856,121.608044,-2.63,5.51,-5.43,91.71,2.07,-5.02,C0U960
大福,24.80064,121.81389,-2.43,16.09,-4.45,78.71,1.71,-11.21,C0U970
坪林石牌,24.86478,121.77396,-2.17,12.3,-5.73,91.71,2.64,-14.04,C0U980
員山,24.74435,121.72247,-2.02,16.28,-5.98,82.5,1.0,-15.65,C0U990
土場,24.576533,121.495333,-2.5,13.57,-3.81,87.86,1.71,-4.42,C0UA00
鴛鴦湖,24.590269,121.412228,-3.41,6.34,-0.42,97.86,5.14,-0.38,C0UA10
白嶺,24.527819,121.519031,-3.06,7.6,1.08,98.71,5.14,-2.73,C0UA30
西德山,24.560647,121.752608,-3.76,8.99,2.9,99.29,6.0,-10.22,C0UA40
西帽山,24.555361,121.802628,-3.13,10.84,-4.44,94.29,10.43,-21.54,C0UA50
樟樹山,24.41393,121.78325,-2.67,13.29,4.7,98.14,2.5,-5.28,C0UA60
桃源谷,24.962606,121.888875,-2.83,12.47,-4.8,93.14,5.14,-11.16,C0UA70
復興,23.222403,120.806089,-0.94,16.66,5.57,82.43,2.21,-1.03,C0V210
美濃,22.898742,120.519153,1.45,20.2,1.59,83.0,0.0,-0.75,C0V310
溪埔,22.738578,120.446797,-1.44,18.59,5.03,86.43,0.36,-1.29,C0V350
內門,22.975481,120.466769,-0.65,18.17,1.92,85.33,1.17,-0.71,C0V360
古亭坑,22.893178,120.401947,-0.47,17.34,3.05,88.14,1.07,0.44,C0V370
阿公店,22.804194,120.355528,-2.04,17.49,-1.11,82.43,0.71,-0.74,C0V400
鳳山,22.646653,120.356122,-2.17,18.42,7.09,83.83,0.42,-1.15,C0V440
鳳森,22.545064,120.392592,-1.69,18.93,0.1,78.71,0.21,-0.56,C0V450
新興,22.627422,120.298803,-0.59,19.16,-2.06,74.14,0.29,-0.75,C0V490
阿蓮,22.883208,120.327508,-0.93,18.77,-11.71,72.86,0.71,-0.95,C0V530
梓官,22.760558,120.267211,-1.79,18.27,-3.29,76.86,0.5,-0.66,C0V610
永安,22.82315,120.236856,-1.93,17.8,-4.93,77.43,0.5,-0.95,C0V620
茄萣,22.906642,120.182608,-1.53,17.91,-1.25,77.57,0.5,-1.52,C0V630
湖內,22.887139,120.2445,-1.98,17.64,-5.16,76.29,0.57,-1.0,C0V640
彌陀,22.783806,120.246361,-1.34,18.69,-4.23,77.43,0.57,-0.63,C0V650
岡山,22.797078,120.294958,-1.5,18.87,-2.21,75.86,0.71,-0.73,C0V660
仁武,22.701083,120.347722,-1.73,18.9,1.74,80.29,0.29,-1.33,C0V680
鼓山,22.623325,120.275575,-2.23,18.51,1.05,78.71,0.43,-1.19,C0V690
三民,22.645017,120.311233,-1.89,19.31,2.22,75.14,0.36,-1.31,C0V700
苓雅,22.622742,120.330669,-0.96,19.8,7.14,79.14,0.36,-1.42,C0V710
林園,22.507747,120.394511,-0.85,20.93,2.37,75.43,0.29,-0.65,C0V720
大寮,22.605614,120.395717,-1.97,19.13,4.29,79.71,0.43,-0.62,C0V730
旗山,22.888614,120.483597,-0.99,19.03,2.35,81.43,1.0,-0.68,C0V740
路竹,22.854997,120.259439,-1.37,18.74,-3.78,77.29,0.57,-1.0,C0V750
橋頭,22.757806,120.30575,-1.64,18.9,-3.98,76.14,0.57,-0.6,C0V760
大社,22.730306,120.346639,-1.42,18.87,-0.35,77.86,0.5,-0.85,C0V770
萬山,22.905944,120.688056,-1.14,18.06,7.6,85.0,1.14,-0.84,C0V790
六龜,22.997889,120.633583,-0.71,19.27,9.73,87.57,1.21,-1.01,C0V800
左營,22.67491,120.28491,-2.32,18.19,-12.35,77.43,0.29,-1.11,C0V810
小林,23.148408,120.63325,-1.77,17.79,8.17,89.0,1.0,0.92,C0V820
東莒,25.9652,119.98069,-0.26,12.7,-14.05,71.43,0.0,-5.16,C0W110
金寧,24.457703,118.328989,-1.52,15.24,-22.64,57.0,0.0,-3.42,C0W150
東河,23.296598,120.385608,-2.34,17.01,-8.1,78.57,0.79,-2.19,C0X050
下營,23.22695,120.256261,-2.05,16.9,-10.82,77.0,0.64,-2.41,C0X060
佳里,23.173039,120.145086,-0.57,17.01,-6.38,80.29,0.93,0.09,C0X080
臺南市北區,23.010394,120.194228,-1.78,17.83,0.24,81.14,0.57,-1.6,C0X100
臺南市南區,22.961189,120.188378,-2.08,18.07,-2.7,76.71,0.43,-1.64,C0X110
麻豆,23.183289,120.248611,-1.24,17.96,-0.7,84.14,0.43,-1.48,C0X120
官田,23.193217,120.315422,-1.59,17.86,-1.52,80.57,0.5,-1.56,C0X130
西港,23.125608,120.203108,-1.82,17.23,-1.65,83.14,0.64,-1.49,C0X140
安定,23.102614,120.227839,-1.68,17.24,-1.68,84.86,0.5,-1.73,C0X150
仁德,22.968258,120.257689,-1.25,18.6,-0.43,78.86,0.71,-1.42,C0X160
關廟,22.963017,120.327797,-2.53,17.14,3.57,83.29,1.0,-0.65,C0X170
山上,23.0757,120.363253,-1.51,17.6,-2.17,82.43,0.57,-1.84,C0X180
安平,22.993161,120.152181,-2.03,17.46,-6.48,76.71,0.5,-1.42,C0X190
左鎮,23.056758,120.408522,-0.45,17.93,-2.34,84.14,0.71,-1.63,C0X200
白河,23.347466,120.414427,-2.23,17.13,-7.46,78.43,0.93,-2.09,C0X210
學甲,23.230367,120.182187,-1.87,17.03,-8.41,78.14,0.79,-1.85,C0X220
鹽水,23.272621,120.247641,-2.19,16.59,-8.26,80.43,0.86,-1.81,C0X230
關子嶺,23.331169,120.508025,-2.07,15.86,1.39,90.86,1.21,-2.6,C0X240
新營,23.310689,120.316681,-2.09,17.19,-7.88,78.14,0.93,-1.76,C0X250
後壁,23.366358,120.362326,-2.0,16.97,-9.76,77.29,1.29,-1.6,C0X260
將軍,23.214999,120.13577,-2.12,16.77,-8.47,78.0,0.64,-1.5,C0X280
北門,23.267772,120.125481,-1.94,17.1,-7.04,79.71,1.21,-1.33,C0X290
鹿寮,23.386047,120.477331,-2.32,16.83,0.45,88.71,1.43,-1.68,C0X300
明里,23.208717,121.262342,-0.91,16.19,-1.18,88.86,0.36,-1.39,C0Z020
佳心,23.34567,121.21316,-0.95,12.16,6.64,98.71,1.14,-0.17,C0Z050
玉里,23.3215,121.339656,-0.81,16.29,1.96,91.14,0.79,-1.05,C0Z061
舞鶴,23.46811,121.37407,-0.09,15.91,6.51,99.29,0.86,-0.78,C0Z070
富源,23.587642,121.378225,-1.13,15.73,-4.59,88.86,1.29,-1.37,C0Z080
東華,23.89525,121.549833,-1.28,17.4,-2.58,88.57,0.5,-2.2,C0Z100
吉安光華,23.930925,121.595153,-0.88,18.16,-20.22,69.14,1.21,-2.6,C0Z150
鳳林,23.746114,121.453411,-1.6,16.81,-6.05,81.0,1.07,-1.6,C0Z160
卓溪,23.3443,121.3029,-2.45,16.34,-0.7,85.0,0.79,-1.81,C0Z170
新城,24.03946,121.60454,-0.85,18.55,-13.71,68.17,0.0,-3.41,C0Z180
富世,24.14743,121.6297,-1.36,17.86,-8.42,79.43,0.36,-3.88,C0Z190
萬榮,23.709219,121.420106,-1.53,16.64,-10.68,82.29,1.21,-1.36,C0Z200
瑞穗,23.5239,121.39021,-1.44,16.69,-1.39,87.57,1.14,-2.36,C0Z210
和平林道,24.343922,121.656317,-2.2,13.46,-8.22,86.14,0.93,-5.4,C0Z220
和平,24.30717,121.77007,-1.82,17.5,-10.61,69.57,0.93,-4.37,C0Z230
瑞穗林道,23.49284,121.30688,-1.09,12.03,0.69,98.29,4.71,-0.58,C0Z250
蕃薯寮,23.73835,121.540108,-1.5,15.53,-9.1,83.57,0.79,-6.64,C0Z270
德武,23.47426,121.41071,-2.11,16.1,-4.64,87.29,0.79,-3.1,C0Z280
赤柯山,23.36893,121.38293,-2.53,11.41,2.85,99.14,2.07,-2.85,C0Z290
東里,23.26853,121.30547,-1.89,16.46,-4.96,86.86,0.79,-2.47,C0Z300
清水斷崖,24.218294,121.689142,-2.33,17.53,-7.64,78.86,0.0,-1.61,C0Z310
清水林道,23.27125,121.188272,-2.74,13.19,3.32,93.43,3.36,0.97,C0Z320
安通山,23.290728,121.348528,-3.3,13.9,2.54,92.43,1.07,-0.48,C0Z330
口湖工作站,23.589978,120.180394,-1.86,16.84,-8.77,71.86,2.43,2.43,12J990
東港工作站,22.479997,120.466058,-2.01,19.69,-4.24,67.0,0.14,0.11,12Q970
恆春工作站,22.079678,120.714425,-2.33,20.63,-0.34,65.43,0.14,0.14,12Q980
萬大發電廠,23.978875,121.139639,-1.64,14.16,-3.46,79.86,5.5,5.5,42HA10
桃改樹林分場,24.944503,121.386972,-2.35,16.04,-2.02,72.43,2.0,2.0,72AI40
桃園農改場,24.950944,121.030583,0.69,16.36,-9.0,72.57,1.43,-1.68,72C440
桃改五峰分場,24.612194,121.157167,0.0,11.44,-0.47,84.43,2.79,-0.54,72D080
臺中農改場,24.003028,120.534389,-0.2,16.71,-0.91,78.86,1.79,0.88,72G600
中改埔里分場,23.903208,120.963364,-1.65,15.63,3.83,89.14,4.14,3.92,72HA00
南改斗南分場,23.634556,120.477333,0.05,16.9,1.45,81.14,2.79,1.71,72K220
南改義竹分場,23.360694,120.279361,-0.48,16.51,-2.03,79.29,1.21,0.7,72M360
南改鹿草分場,23.416869,120.283061,-2.12,16.81,-6.33,78.0,2.07,2.07,72M700
臺南農改場,23.0605,120.342194,-0.47,16.96,6.83,84.71,0.57,0.11,72N100
七股研究中心,23.081672,120.062894,-2.21,17.26,-7.17,78.71,0.57,0.54,72N240
高雄農改場,22.709333,120.525889,-0.75,18.94,10.38,87.71,0.64,0.27,72Q010
東改班鳩分場,22.829528,121.077694,-0.27,17.17,-2.35,76.14,0.14,-0.83,72S200
東改賓朗果園,22.813889,121.071278,-0.79,16.76,-5.27,80.14,0.21,-0.81,72S590
花蓮農改場,23.975222,121.563889,0.1,17.8,-3.71,77.43,0.5,-1.1,72T250
花改蘭陽分場,24.686306,121.716583,-0.46,16.14,-2.08,80.43,2.0,-4.66,72U480
高改旗南分場,22.857861,120.516667,-0.92,18.11,9.47,83.86,1.07,0.47,72V140
茶改北部分場,24.955778,121.631222,-0.07,13.51,-2.74,83.29,3.71,-2.32,82A750
茶改場,24.908472,121.185333,-0.02,15.01,-5.94,76.29,2.07,-1.26,82C160
茶改中部分場,23.875611,120.913583,-0.76,14.6,3.72,85.86,3.79,2.51,82H320
茶改南部分場,23.762528,120.7405,-0.8,15.33,1.98,88.86,3.36,2.16,82H840
茶改東部分場,22.907694,121.130139,-0.68,17.27,-3.27,77.29,0.14,-0.94,82S580
農工中心,24.985917,121.239833,0.97,16.04,-7.26,70.71,1.86,-1.96,A2C560
水試臺西試驗場,23.717231,120.190522,-0.12,17.26,-2.08,79.14,2.14,2.02,A2K360
臺大雲林校區,23.730628,120.423903,-1.43,16.46,-6.41,78.71,1.71,1.71,A2K630
臺南蘭花園區,23.340258,120.379661,-1.34,17.1,-3.46,80.43,0.36,0.36,A2N290
畜試北區分所,24.527806,120.770972,-1.06,15.8,-11.95,76.57,1.5,-4.58,B2E890
畜產試驗所,23.058972,120.336406,-0.63,16.89,3.84,84.57,0.57,-0.37,B2N890
畜試南區分所,21.945583,120.802167,-1.15,20.2,-2.4,70.0,1.14,0.38,B2Q810
畜試東區分所,24.669039,121.832561,-1.92,16.5,2.13,83.57,1.29,0.12,B2U990
蓮華池,23.918333,120.885278,0.34,14.97,2.57,89.86,3.43,1.93,E2H360
林試畢祿溪站,24.226944,121.308522,-1.1,6.47,9.09,82.71,2.79,2.79,E2HA20
四湖植物園,23.676986,120.163433,-1.73,17.09,-2.4,84.71,2.5,2.24,E2K600
林試六龜中心,22.991703,120.645722,-0.85,18.11,7.89,89.0,1.29,1.23,E2P980
林試太麻里2,22.598,120.99775,-1.78,18.96,1.41,75.86,0.93,0.93,E2S960
林試太麻里1,22.598922,120.980044,-1.54,18.13,3.48,81.14,1.07,-0.1,E2S980
農試所(霧峰),24.031261,120.688133,-0.31,16.93,4.42,84.43,2.5,1.54,G2F820
農試嘉義分所,23.485028,120.473806,-0.43,16.44,0.17,82.29,1.93,0.68,G2L020
農試溪口農場,23.58565,120.408111,-1.05,16.99,-4.98,77.86,2.43,2.36,G2M350
農試鳳山分所,22.646611,120.356083,-1.16,18.45,3.89,77.67,0.25,-0.36,G2P820
苗栗農改場,24.495722,120.829111,-0.36,15.01,-2.67,79.57,2.43,0.61,K2E360
苗改生物防治研究中心,24.422861,120.871833,-2.96,13.66,-5.31,82.43,2.07,-0.38,K2E710
種苗改良場,24.225972,120.800917,-0.06,14.5,7.16,86.29,2.29,0.59,K2F750
溪頭,23.670306,120.798194,0.12,12.47,5.78,92.71,3.93,2.03,U2H480
臺大和社,23.590856,120.888864,-1.86,14.91,10.57,90.29,4.21,4.21,U2HA30
臺大內茅埔,23.689722,120.851117,-2.71,15.59,8.24,87.86,3.86,3.86,U2HA40
臺大竹山,23.756972,120.681556,-2.41,16.83,-7.12,80.0,2.79,2.79,U2HA50
臺大竹山,23.756972,120.681556,-2.41,16.83,-7.12,80.0,2.79,2.79,U2HA50
臺大內茅埔,23.689722,120.851117,-2.71,15.59,8.24,87.86,3.86,3.86,U2HA40
臺大和社,23.590856,120.888864,-1.86,14.91,10.57,90.29,4.21,4.21,U2HA30
臺大溪頭,23.670306,120.798194,0.12,12.47,5.78,92.71,3.93,2.03,U2H480
種苗繁殖,24.225972,120.800917,-0.06,14.5,7.16,86.29,2.29,0.59,K2F750
苗改生物防治研究中心,24.422861,120.871833,-2.96,13.66,-5.31,82.43,2.07,-0.38,K2E710
苗栗農改,24.495722,120.829111,-0.36,15.01,-2.67,79.57,2.43,0.61,K2E360
農試鳳山分所,22.646611,120.356083,-1.16,18.45,3.89,77.67,0.25,-0.36,G2P820
農試溪口農場,23.58565,120.408111,-1.05,16.99,-4.98,77.86,2.43,2.36,G2M350
農試嘉義分所,23.485028,120.473806,-0.43,16.44,0.17,82.29,1.93,0.68,G2L020
農業試驗所,24.031261,120.688133,-0.31,16.93,4.42,84.43,2.5,1.54,G2F820
林試太麻里1,22.598922,120.980044,-1.54,18.13,3.48,81.14,1.07,-0.1,E2S980
林試太麻里2,22.598014,120.989761,-1.78,18.96,1.41,75.86,0.93,0.93,E2S960
林試六龜中心,22.991703,120.645722,-0.85,18.11,7.89,89.0,1.29,1.23,E2P980
四湖植物園,23.676986,120.163433,-1.73,17.09,-2.4,84.71,2.5,2.24,E2K600
林試畢祿溪站,24.226944,121.308522,-1.1,6.47,9.09,82.71,2.79,2.79,E2HA20
蓮華池,23.918333,120.885278,0.34,14.97,2.57,89.86,3.43,1.93,E2H360
畜試東區分所,24.669039,121.832561,-1.92,16.5,2.13,83.57,1.29,0.12,B2U990
畜試南區分所,21.945583,120.802167,-1.15,20.2,-2.4,70.0,1.14,0.38,B2Q810
畜試所,23.058972,120.336406,-0.63,16.89,3.84,84.57,0.57,-0.37,B2N890
畜試北區分所,24.527806,120.770972,-1.06,15.8,-11.95,76.57,1.5,-4.58,B2E890
臺南蘭花園區,23.340258,120.379661,-1.34,17.1,-3.46,80.43,0.36,0.36,A2N290
臺大雲林校區,23.730628,120.423903,-1.43,16.46,-6.41,78.71,1.71,1.71,A2K630
水試臺西試驗場,23.717231,120.190522,-0.12,17.26,-2.08,79.14,2.14,2.02,A2K360
農工中心,24.985917,121.239833,0.97,16.04,-7.26,70.71,1.86,-1.96,A2C560
茶改東部分場,22.907694,121.130139,-0.68,17.27,-3.27,77.29,0.14,-0.94,82S580
茶改南部分場,23.762528,120.7405,-0.8,15.33,1.98,88.86,3.36,2.16,82H840
茶改中部分場,23.875611,120.913583,-0.76,14.6,3.72,85.86,3.79,2.51,82H320
茶改場,24.908472,121.185333,-0.02,15.01,-5.94,76.29,2.07,-1.26,82C160
茶改北部分場,24.955778,121.631222,-0.07,13.51,-2.74,83.29,3.71,-2.32,82A750
高改旗南分場,22.857861,120.516667,-0.92,18.11,9.47,83.86,1.07,0.47,72V140
花改蘭陽分場,24.686306,121.716583,-0.46,16.14,-2.08,80.43,2.0,-4.66,72U480
花蓮農改,23.975222,121.563889,0.1,17.8,-3.71,77.43,0.5,-1.1,72T250
東改賓朗果園,22.813889,121.071278,-0.79,16.76,-5.27,80.14,0.21,-0.81,72S590
東改班鳩分場,22.829528,121.077694,-0.27,17.17,-2.35,76.14,0.14,-0.83,72S200
高雄農改,22.709333,120.525889,-0.75,18.94,10.38,87.71,0.64,0.27,72Q010
七股研究中心,23.081672,120.062894,-2.21,17.26,-7.17,78.71,0.57,0.54,72N240
臺南農改,23.0605,120.342194,-0.47,16.96,6.83,84.71,0.57,0.11,72N100
南改鹿草分場,23.416869,120.283061,-2.12,16.81,-6.33,78.0,2.07,2.07,72M700
南改義竹分場,23.360694,120.279361,-0.48,16.51,-2.03,79.29,1.21,0.7,72M360
南改斗南分場,23.634556,120.477333,0.05,16.9,1.45,81.14,2.79,1.71,72K220
中改埔里分場,23.903208,120.963364,-1.65,15.63,3.83,89.14,4.14,3.92,72HA00
臺中農改,24.003028,120.534389,-0.2,16.71,-0.91,78.86,1.79,0.88,72G600
桃改五峰分場,24.612194,121.157167,0.0,11.44,-0.47,84.43,2.79,-0.54,72D080
桃園農改,24.950944,121.030583,0.69,16.36,-9.0,72.57,1.43,-1.68,72C440
桃改樹林分場,24.944503,121.386972,-2.35,16.04,-2.02,72.43,2.0,2.0,72AI40
萬大發電廠,23.978875,121.139639,-1.64,14.16,-3.46,79.86,5.5,5.5,42HA10
恆春工作站,22.079678,120.714425,-2.33,20.63,-0.34,65.43,0.14,0.14,12Q980
東港工作站,22.479997,120.466058,-2.01,19.69,-4.24,67.0,0.14,0.11,12Q970
口湖工作站,23.589978,120.180394,-1.86,16.84,-8.77,71.86,2.43,2.43,12J990
