站名,緯度,經度,平均溫距平,本年度平均溫,平均溼度距平,本年度日均相對溼度,本年度日均降水量,日均降水量距平,站號
淡水,25.164889,121.448906,-0.36,15.24,-3.56,78.33,5.2,1.04,466900
鞍部,25.182586,121.529731,-1.48,9.51,2.78,94.33,11.24,1.16,466910
臺北,25.037658,121.514853,-0.94,15.9,-0.71,76.67,5.21,1.15,466920
竹子湖,25.162078,121.544547,-1.42,11.17,2.32,90.22,10.25,2.4,466930
基隆,25.133314,121.740475,-0.56,15.62,-2.16,77.5,14.15,2.38,466940
花蓮,23.975128,121.613275,-1.3,17.31,0.84,76.89,2.82,0.45,466990
新屋,25.006744,121.047486,-0.38,14.88,-0.64,78.72,3.36,0.62,467050
宜蘭,24.763975,121.756528,-1.51,15.54,4.66,84.28,6.05,0.96,467080
金門,24.407306,118.289281,0.17,13.36,-4.27,70.56,1.99,0.18,467110
澎湖,23.565503,119.563094,-1.52,15.52,0.35,81.06,3.12,2.24,467350
臺南,22.993239,120.204772,-1.79,16.81,3.64,78.11,4.43,3.96,467410
永康,23.038386,120.2367,-1.32,16.86,5.5,79.32,4.91,4.59,467420
嘉義,23.495925,120.432906,-1.42,16.18,9.25,87.61,4.52,3.56,467480
臺中,24.145736,120.684075,-0.85,16.72,-0.24,74.5,4.38,3.04,467490
阿里山,23.508208,120.813242,0.0,7.24,0.55,83.72,10.46,7.71,467530
大武,22.355675,120.903789,-1.52,19.33,1.23,73.33,1.97,0.5,467540
玉山,23.487614,120.959522,0.59,0.43,-1.93,65.78,12.47,11.1,467550
新竹,24.827853,121.014219,-0.36,15.46,-2.4,77.61,2.94,-0.21,467571
恆春,22.003897,120.746339,-1.32,20.22,-0.06,71.61,0.5,-0.25,467590
成功,23.097486,121.373428,-1.41,17.94,3.23,79.11,5.0,2.36,467610
日月潭,23.881325,120.90805,-0.97,14.04,11.84,89.44,4.68,2.95,467650
臺東,22.752211,121.154586,-1.47,18.61,2.5,75.0,3.46,2.25,467660
馬祖,26.169269,119.923419,-0.18,9.9,-3.72,79.5,1.5,-1.32,467990
山佳,24.974944,121.402008,-0.29,15.98,-2.07,79.17,5.56,1.75,C0A520
坪林,24.938183,121.70975,-0.91,13.28,-5.12,87.22,7.03,2.39,C0A530
泰平,24.971197,121.823711,-0.96,12.22,1.67,96.5,18.69,5.79,C0A550
桶後,24.848222,121.597992,-0.76,12.85,-1.7,92.78,9.81,3.79,C0A570
石碇,24.993969,121.662917,-0.27,13.99,-3.29,87.06,8.28,2.42,C0A640
大坪,25.165914,121.632969,-0.55,13.18,2.2,93.72,30.75,7.02,C0A860
五指山,25.132153,121.608692,0.1,11.97,1.7,94.94,14.89,5.75,C0A870
雙溪,25.036003,121.864242,-0.3,15.09,-4.33,87.44,12.92,2.72,C0A890
三和,25.233153,121.595236,-0.83,13.46,2.76,86.67,22.75,7.84,C0A931
金山,25.223628,121.643967,1.11,16.64,-5.37,80.0,10.83,1.4,C0A940
鼻頭角,25.129036,121.923372,-0.45,16.0,0.18,82.28,6.5,3.03,C0A950
三貂角,25.007606,122.002058,-0.81,15.52,-3.29,83.89,8.03,0.64,C0A970
社子,25.109508,121.469681,0.04,16.46,0.66,81.22,3.86,1.17,C0A980
天母,25.117494,121.537169,-0.88,15.89,-5.39,71.17,3.17,0.62,C0A9C0
內湖,25.079422,121.57545,-1.1,15.69,10.31,90.44,3.72,0.81,C0A9F0
大屯山,25.175675,121.522408,-0.04,9.66,3.49,97.78,6.97,1.04,C0AC40
三峽,24.939025,121.369728,0.69,16.79,-3.11,79.44,6.19,1.36,C0AC60
信義,25.037822,121.564597,0.35,16.68,0.16,81.39,5.64,1.61,C0AC70
文山,25.00235,121.575728,-0.52,15.32,-5.77,79.17,6.17,1.92,C0AC80
新莊,25.051478,121.446756,-0.75,15.81,1.13,77.28,4.44,1.14,C0ACA0
八里,25.150211,121.403947,-0.35,15.49,1.62,83.5,4.72,0.69,C0AD10
蘆洲,25.086594,121.472331,-0.3,16.39,-2.11,75.06,4.03,1.06,C0AD30
土城,24.973208,121.445169,-0.26,15.68,-0.8,81.06,6.33,1.76,C0AD40
鶯歌,24.951533,121.346294,0.83,16.62,-3.81,80.0,5.0,0.85,C0AD50
汐止,25.066881,121.658778,-0.4,15.49,-2.61,83.78,9.0,3.36,C0AH00
永和,25.01125,121.508111,0.23,16.56,4.03,78.78,5.56,2.32,C0AH10
五分山,25.07125,121.780794,1.17,12.71,1.99,95.38,22.85,8.79,C0AH30
平等,25.129142,121.577086,-1.61,12.68,-0.23,84.17,5.31,2.46,C0AH40
林口,25.072181,121.38084,-1.14,13.8,4.95,85.33,5.17,3.09,C0AH50
松山,25.04871,121.55042,-1.11,15.93,-4.78,66.5,4.83,2.52,C0AH70
深坑,25.002703,121.628328,0.89,16.5,-4.47,83.78,6.64,3.35,C0AH80
福山植物園,24.760717,121.58135,-0.84,11.1,4.59,96.94,10.42,6.39,C0AH90
五股,25.07445,121.42728,-2.8,13.78,-3.58,82.33,4.56,3.29,C0AI00
屈尺,24.92184,121.54475,-1.29,15.7,-12.16,72.11,8.42,6.98,C0AI10
白沙灣,25.283128,121.519058,-1.14,15.12,-3.46,82.44,3.94,0.78,C0AI20
三重,25.057328,121.500629,-1.24,16.06,0.94,78.39,3.67,2.64,C0AI30
石牌,25.115597,121.513139,-1.59,16.74,4.19,76.11,3.25,2.33,C0AI40
七堵,25.094819,121.71713,-0.5,16.32,-6.96,81.94,13.28,7.85,C0B010
基隆嶼,25.19141,121.78391,-1.33,14.98,2.87,90.22,10.56,6.87,C0B020
復興,24.820208,121.352281,-0.15,13.56,-4.57,78.89,5.67,1.44,C0C460
桃園,24.992425,121.323172,-0.37,15.32,-2.09,76.5,5.19,1.21,C0C480
八德,24.928708,121.283289,-0.58,14.72,-4.22,77.61,5.5,1.58,C0C490
觀音,25.027072,121.153317,-0.5,14.33,-2.85,79.72,4.39,0.04,C0C590
蘆竹,25.084275,121.265767,-0.89,14.44,0.77,82.53,4.53,0.61,C0C620
大溪,24.882853,121.265547,-0.46,14.17,-1.14,80.33,4.89,1.02,C0C630
平鎮,24.897503,121.214636,-0.17,14.22,-3.39,80.61,4.81,0.77,C0C650
楊梅,24.912375,121.143047,-0.5,14.34,-0.22,77.94,4.92,1.32,C0C660
龍潭,24.870056,121.221389,-0.4,13.81,3.1,82.67,5.42,2.58,C0C670
龜山,25.02846,121.38656,-0.47,14.24,-2.24,80.28,5.17,2.63,C0C680
中壢,24.977661,121.256375,-0.77,14.48,-2.58,78.33,4.53,2.13,C0C700
大溪永福,24.892936,121.324975,-1.11,15.0,-3.43,81.94,6.19,4.99,C0C710
梅花,24.678347,121.208558,-0.68,12.92,-0.23,87.0,6.5,3.04,C0D360
峨眉,24.6905,121.017189,-0.17,14.9,-4.07,82.33,4.61,1.97,C0D430
打鐵坑,24.849664,121.150789,-0.53,13.73,-6.72,81.33,3.94,-0.06,C0D480
橫山,24.71116,121.11693,-0.89,13.78,0.5,86.89,4.83,1.09,C0D540
雪霸,24.526972,121.11605,-0.37,8.63,2.35,83.39,7.61,3.18,C0D550
竹東,24.767147,121.057881,0.31,15.16,-1.89,76.61,3.58,0.28,C0D560
寶山,24.735006,121.025192,-0.15,14.58,-2.3,81.72,3.97,0.18,C0D580
新豐,24.87068,120.97721,-0.48,14.14,0.24,84.39,1.76,-1.46,C0D590
湖口,24.904794,121.043628,-0.44,14.61,-3.29,77.33,2.69,0.49,C0D650
新竹市東區,24.798681,120.986942,-0.7,14.68,1.62,76.33,3.33,1.84,C0D660
竹南,24.708978,120.888897,0.06,15.52,-0.43,80.78,3.31,0.96,C0E420
南庄,24.601775,121.000214,-0.86,13.81,4.94,90.0,6.03,2.44,C0E430
明德,24.583486,120.885411,-0.15,15.09,-4.19,80.33,3.97,2.1,C0E550
通霄,24.471892,120.704622,-0.85,14.79,-1.08,82.61,3.31,2.29,C0E590
馬都安,24.451272,120.930192,-0.92,12.59,1.39,85.39,4.89,2.13,C0E610
頭份,24.688247,120.912206,0.32,15.99,-1.83,76.67,3.33,0.68,C0E730
造橋,24.637056,120.864778,-0.53,14.93,-4.02,80.56,3.67,1.83,C0E740
苗栗,24.564569,120.824575,-0.72,14.92,-1.44,78.5,3.67,2.03,C0E750
銅鑼,24.489681,120.790853,-1.03,14.22,8.72,91.78,4.42,3.05,C0E780
西湖,24.562947,120.7485,-0.48,14.61,-0.84,83.39,2.97,1.89,C0E810
獅潭,24.539133,120.920042,-0.78,13.77,-3.17,84.28,5.22,3.24,C0E820
苑裡,24.439714,120.653053,-1.44,14.66,2.03,80.83,2.89,2.04,C0E830
大河,24.618069,120.948578,-2.33,12.73,-1.7,81.5,4.81,3.29,C0E850
高鐵苗栗,24.60725,120.826094,-0.95,15.04,3.95,85.33,3.25,2.4,C0E870
石岡,24.276061,120.777644,-0.01,15.92,4.42,86.06,3.47,3.1,C0F0B0
中坑,24.248517,120.903319,-1.82,12.8,5.19,88.44,5.25,4.36,C0F0C0
審馬陣,24.381675,121.4203,-0.37,2.59,9.64,81.06,5.81,3.37,C0F0D0
東勢,24.246428,120.833047,0.16,15.97,2.24,81.67,4.83,3.68,C0F850
大坑,24.173142,120.722289,0.23,17.42,2.4,77.06,4.92,4.15,C0F970
神岡,24.272481,120.658314,-1.19,14.49,-4.87,80.33,3.0,1.94,C0F9I0
大安,24.345061,120.588025,-1.43,14.56,-1.07,83.33,2.81,2.26,C0F9K0
后里,24.310436,120.729725,-0.41,15.29,-2.36,80.67,3.25,2.41,C0F9L0
豐原,24.254322,120.720692,0.23,16.36,1.11,79.61,3.25,2.39,C0F9M0
大里,24.092464,120.701378,-1.0,17.26,6.17,77.5,4.44,3.71,C0F9N0
潭子,24.213106,120.703933,-0.6,16.39,3.68,80.33,3.5,2.83,C0F9O0
清水,24.312297,120.562242,-1.55,14.68,2.43,83.83,2.58,2.09,C0F9P0
外埔,24.347817,120.705686,-0.61,15.29,-2.97,80.44,2.94,2.13,C0F9Q0
龍井,24.184536,120.528972,-1.36,15.39,-2.77,80.28,2.86,2.27,C0F9R0
烏日,24.107058,120.624103,-0.83,16.43,0.53,74.17,3.94,3.38,C0F9S0
西屯,24.179494,120.641275,-1.06,15.62,1.07,77.61,3.28,2.76,C0F9T0
南屯,24.137006,120.637969,-1.16,16.6,1.42,73.78,3.14,2.59,C0F9U0
新社,24.200172,120.815806,-0.59,14.62,0.46,82.92,4.86,3.74,C0F9V0
大雅(中科園區),24.21528,120.62445,-1.43,14.86,4.1,81.06,3.0,2.57,C0F9X0
桃山,24.432739,121.303808,-0.18,2.67,9.57,73.11,4.64,4.04,C0F9Y0
雪山東峰,24.388792,121.268675,0.01,3.5,7.58,71.0,5.97,4.98,C0F9Z0
芬園,24.015678,120.6213,-1.39,15.38,5.92,85.44,3.67,3.05,C0G620
員林,23.946503,120.585597,0.65,18.38,-1.17,75.94,3.28,2.25,C0G650
溪湖,23.94835,120.479122,0.33,17.37,12.71,92.33,2.89,2.32,C0G660
溪州,23.851589,120.499093,-1.13,15.84,0.86,76.94,3.69,3.27,C0G720
二林,23.903325,120.376081,-1.32,15.15,2.06,84.94,2.61,2.16,C0G730
福興,24.041289,120.437669,-1.02,16.04,-0.76,77.33,3.58,3.07,C0G770
秀水,24.03405,120.503869,-0.38,16.78,3.56,83.11,3.31,2.89,C0G780
埔鹽,24.000394,120.431683,-0.16,16.48,1.22,83.44,2.86,2.4,C0G800
埔心,23.947633,120.525456,-0.57,16.7,9.58,86.55,3.17,2.64,C0G810
田尾,23.901669,120.509389,-0.71,16.33,3.53,85.72,3.25,2.72,C0G820
埤頭,23.866003,120.452806,-1.15,15.76,-4.64,81.67,2.47,2.11,C0G830
社頭,23.897647,120.5862,-0.71,17.23,9.42,84.17,3.42,2.73,C0G860
二水,23.810742,120.6173,0.77,18.51,3.34,83.56,3.33,2.84,C0G880
伸港,24.148933,120.484403,-1.48,15.08,-0.37,80.39,2.83,2.23,C0G890
線西,24.143358,120.443536,-2.27,15.04,0.13,82.33,2.94,2.62,C0G900
花壇,24.032076,120.549461,-0.66,16.94,10.69,85.44,2.97,2.75,C0G910
埔里,23.972169,120.952425,-0.08,16.73,6.53,84.78,4.28,3.05,C0H890
草屯,23.973672,120.68085,-1.18,16.33,2.34,78.56,3.69,2.99,C0H960
昆陽,24.121322,121.273642,0.03,2.76,9.45,86.28,4.81,3.2,C0H990
神木村,23.532742,120.843667,-0.33,11.41,6.78,89.44,8.19,5.9,C0H9A0
合歡山,24.143442,121.272547,0.71,1.45,8.62,90.72,10.03,4.87,C0H9C0
廬山,24.033311,121.181808,-0.52,11.78,10.93,86.33,4.58,1.3,C0I010
信義,23.689694,120.851036,-0.73,15.33,7.73,87.28,5.44,4.47,C0I080
竹山,23.761225,120.688156,-0.94,16.12,4.07,88.0,4.5,3.52,C0I110
水里,23.812553,120.849792,-0.73,16.24,4.21,83.39,4.64,3.21,C0I360
魚池,23.895703,120.94135,-0.06,15.64,2.03,84.94,4.97,3.03,C0I370
集集,23.828206,120.801467,-0.98,16.28,6.41,85.22,4.72,3.7,C0I380
仁愛,24.022122,121.132206,0.01,13.2,8.95,87.94,4.69,2.24,C0I390
名間,23.837053,120.701447,-1.27,15.67,4.56,82.5,3.83,3.14,C0I410
國姓,24.037803,120.855072,-0.65,16.23,4.33,84.11,3.94,3.14,C0I420
南投,23.911469,120.687331,-0.81,16.77,7.58,82.22,3.28,2.77,C0I460
梅峰,24.085272,121.173572,0.77,8.22,6.68,88.78,5.61,2.87,C0I480
萬大林道,23.928228,121.091411,-0.09,11.35,5.45,86.22,4.92,2.46,C0I490
小奇萊,24.131764,121.295717,-0.14,2.26,9.32,89.67,8.0,5.39,C0I530
崙背,23.75555,120.318925,-1.13,15.66,-1.58,77.56,3.42,2.96,C0K250
四湖,23.630414,120.227125,-1.23,15.91,1.2,78.06,3.44,2.61,C0K280
宜梧,23.536281,120.169329,-1.31,15.66,0.88,79.83,3.86,3.22,C0K291
虎尾,23.719183,120.442036,-1.39,15.98,7.34,83.39,3.89,2.98,C0K330
土庫,23.679029,120.395574,-1.25,15.77,1.37,79.0,3.44,2.95,C0K390
斗六,23.720583,120.541127,-1.2,16.02,-0.84,78.94,3.97,3.49,C0K400
北港,23.573957,120.292802,-1.54,15.61,-0.48,78.56,3.86,3.34,C0K410
西螺,23.800407,120.467394,-1.14,15.82,1.92,80.22,3.61,3.05,C0K420
褒忠,23.690938,120.303634,-1.39,15.42,-0.24,78.78,3.36,2.7,C0K430
二崙,23.772797,120.408944,-1.42,15.33,8.08,87.83,2.64,2.17,C0K440
大埤,23.646074,120.431537,-1.28,15.93,1.58,79.33,3.28,2.83,C0K450
斗南,23.678734,120.478359,-1.24,15.85,4.25,81.39,3.69,3.24,C0K460
林內,23.748675,120.609642,-1.03,16.03,3.26,82.67,4.03,3.36,C0K470
莿桐,23.761192,120.502372,-1.26,15.63,1.72,80.5,3.92,3.55,C0K480
元長,23.64981,120.315024,-1.37,15.61,3.6,80.44,3.86,3.38,C0K500
水林,23.572924,120.24597,-1.31,15.81,2.61,79.5,3.75,3.32,C0K510
臺西,23.701547,120.197559,-1.61,15.23,2.5,81.78,3.22,2.74,C0K530
蔦松,23.514319,120.229736,-1.43,15.74,2.6,81.0,4.0,3.44,C0K550
棋山,23.68645,120.603417,-0.98,16.18,5.66,85.67,4.75,4.03,C0K560
高鐵雲林,23.737456,120.417944,-2.02,15.58,-3.43,83.06,3.19,2.67,C0K580
東後寮,23.369908,120.248065,-1.37,15.81,3.52,82.06,4.36,3.96,C0M520
奮起湖,23.493903,120.699253,4.84,17.85,-9.52,75.09,0.0,-1.74,C0M530
中埔,23.42538,120.5229,-1.5,15.8,5.09,82.89,5.08,4.52,C0M640
朴子,23.43463,120.23902,-2.09,15.19,6.15,82.78,4.06,3.56,C0M650
溪口,23.604131,120.403569,-1.23,15.85,0.32,79.44,3.64,3.16,C0M660
大林,23.600616,120.45841,-1.24,16.09,3.94,79.67,4.69,4.22,C0M670
太保,23.455062,120.331455,-1.66,15.87,1.48,79.39,4.69,4.22,C0M680
水上,23.419734,120.388909,-1.31,16.09,8.1,85.06,4.75,4.42,C0M690
竹崎,23.526178,120.555508,-1.17,15.95,4.73,84.89,5.44,4.99,C0M700
東石,23.458927,120.15385,-1.59,15.55,-1.65,77.44,4.39,3.93,C0M710
番路,23.464657,120.554156,-1.39,15.43,8.69,87.39,5.25,4.68,C0M720
嘉義市東區,23.457673,120.460531,-1.28,17.03,6.53,79.28,4.86,4.57,C0M730
六腳,23.492871,120.290625,-1.52,15.77,2.47,79.33,4.44,3.83,C0M740
布袋,23.380878,120.167789,-1.45,15.77,-0.35,79.06,4.19,3.77,C0M750
民雄,23.551754,120.428457,-1.36,16.14,2.25,79.5,4.92,4.43,C0M760
嘉義梅山,23.585398,120.555587,-1.34,15.71,7.78,86.67,4.83,4.33,C0M770
鹿草,23.41134,120.30835,-1.35,16.16,4.6,80.0,4.42,3.92,C0M780
新港,23.553269,120.345728,-1.54,15.82,3.74,79.78,4.44,3.95,C0M790
茶山,23.299075,120.664767,-0.37,17.04,7.42,86.5,5.78,4.95,C0M800
里佳,23.389125,120.716647,0.25,12.98,5.73,87.56,7.72,6.17,C0M810
達邦,23.453994,120.749517,0.13,14.83,10.23,86.94,6.86,5.61,C0M820
表湖,23.24186,120.64166,-1.69,15.24,8.68,88.28,5.86,5.15,C0M850
北寮,23.079561,120.495008,-0.89,17.03,9.1,90.17,5.33,4.85,C0O830
王爺宮,23.222064,120.40085,0.77,18.01,-3.21,78.89,5.06,4.51,C0O840
大內,23.11885,120.36083,-0.25,17.96,5.09,85.28,4.42,4.14,C0O860
善化,23.112883,120.297219,-1.24,16.87,6.64,88.44,5.14,4.76,C0O900
崎頂,22.959547,120.369317,-0.76,16.87,8.19,88.5,5.11,4.53,C0O960
虎頭埤,23.021375,120.347878,-1.06,16.74,2.51,84.0,5.22,4.9,C0O970
新市,23.061614,120.298197,-0.56,17.59,1.53,80.56,4.64,4.32,C0O980
媽廟,22.99175,120.293525,-1.51,16.74,13.17,91.72,4.89,4.52,C0O990
尾寮山,22.833111,120.683889,-0.97,14.19,1.98,88.72,4.36,3.48,C0R100
阿禮,22.742908,120.743678,0.11,15.17,5.44,83.44,1.75,0.98,C0R130
瑪家,22.682903,120.686639,-1.0,15.18,13.61,96.0,1.81,1.13,C0R140
三地門,22.709889,120.639944,-1.22,19.03,-2.92,69.56,1.83,1.28,C0R150
鹽埔,22.739558,120.530778,-0.73,18.54,3.79,85.17,2.58,2.12,C0R160
赤山,22.592333,120.614306,-0.56,18.94,10.57,89.39,0.94,0.58,C0R190
潮州,22.534361,120.54,-0.56,19.58,2.46,80.17,0.67,0.33,C0R220
來義,22.527306,120.625111,-1.3,18.02,10.96,90.22,0.81,0.37,C0R240
春日,22.370361,120.628306,-2.15,17.93,9.48,85.09,0.44,-0.07,C0R260
琉球嶼,22.332244,120.362236,-1.98,18.87,1.47,78.44,0.69,0.3,C0R270
車城,22.0744,120.716247,-1.08,19.85,2.62,75.67,0.11,0.11,C0R320
牡丹,22.130036,120.792639,-0.81,17.46,5.51,91.06,1.08,1.04,C0R341
貓鼻頭,21.921774,120.7358,-1.29,20.06,0.9,77.0,0.22,-0.33,C0R350
大漢山,22.405264,120.753181,0.61,9.74,-1.2,96.0,3.28,1.13,C0R440
高樹,22.826389,120.600806,-0.81,18.81,2.52,78.83,3.36,2.86,C0R470
長治,22.693128,120.542622,-0.23,19.52,4.15,82.33,1.89,1.55,C0R480
九如,22.7405,120.490503,-0.42,19.21,-2.8,78.67,2.39,2.02,C0R490
崁頂,22.514781,120.506914,-1.09,18.72,0.45,80.94,0.58,0.14,C0R520
佳冬,22.419456,120.552375,-1.02,18.84,5.18,83.22,0.33,-0.01,C0R540
新埤,22.467947,120.582894,-1.06,18.78,-0.4,78.17,0.42,0.09,C0R550
新園,22.5434,120.461558,-0.2,19.53,-1.85,74.67,0.72,0.24,C0R560
麟洛,22.65078,120.52719,0.06,20.04,7.95,82.94,1.22,0.88,C0R570
南州,22.48591,120.50274,-1.29,18.48,5.44,83.11,0.72,0.4,C0R580
里港,22.77919,120.49459,-1.11,18.33,5.03,81.61,2.75,2.39,C0R590
舊泰武,22.588194,120.664944,-0.93,15.46,6.77,91.56,1.64,0.89,C0R600
墾雷,21.900836,120.855269,-1.3,19.88,10.93,88.28,0.94,-1.22,C0R620
東港,22.46247,120.44074,-2.78,19.11,4.18,81.06,0.69,0.48,C0R640
竹田,22.58486,120.54344,-2.59,19.11,-0.4,79.28,0.75,0.4,C0R650
枋寮,22.367722,120.590647,-1.13,19.13,11.21,86.11,0.28,0.0,C0R660
楓港,22.190131,120.692156,-1.71,19.61,2.64,68.89,0.11,-0.06,C0R670
佳樂水,21.993578,120.861633,-1.56,19.82,3.38,80.28,2.31,-3.42,C0R680
墾丁,21.966756,120.810269,-0.92,17.94,0.43,85.33,1.0,-2.33,C0R690
枋山,22.246844,120.661086,-1.29,19.82,6.78,73.33,0.06,0.01,C0R700
旭海,22.205403,120.887614,-1.49,17.57,15.52,97.22,3.22,-3.78,C0R720
下馬,23.150427,121.070312,2.28,15.9,8.85,96.0,6.0,5.55,C0S660
太麻里,22.60902,120.98533,-1.21,15.22,3.57,87.17,3.25,1.6,C0S690
知本,22.684866,121.005642,-1.32,14.96,5.2,92.0,3.67,1.78,C0S700
鹿野,22.917711,121.122994,-1.26,15.04,5.04,89.39,3.78,2.56,C0S710
綠島,22.6672,121.47533,-1.29,18.19,13.81,94.11,7.44,0.65,C0S730
池上,23.119628,121.209469,-1.35,15.49,4.19,88.89,3.83,3.03,C0S740
向陽,23.248397,120.986133,4.38,11.4,6.3,95.0,13.5,10.45,C0S750
大溪山,22.478475,120.943325,-1.33,15.87,1.84,86.89,4.44,2.05,C0S770
金崙,22.538122,120.966875,-1.77,17.29,3.63,83.78,3.25,1.47,C0S790
東河,22.972672,121.303986,-2.41,17.87,3.32,81.57,3.5,1.52,C0S810
長濱,23.286817,121.411975,-1.75,16.33,3.53,83.78,4.42,2.51,C0S830
南田,22.279725,120.889208,-1.56,19.36,16.99,96.89,2.64,0.07,C0S840
關山,23.0395,121.175017,-0.89,16.25,3.41,87.11,3.89,3.36,C0S890
蘭嶼高中,22.04909,121.51214,-2.25,20.14,5.27,80.22,11.06,-2.11,C0S900
蘭嶼燈塔,22.081197,121.503117,-2.46,18.49,0.36,88.33,5.56,-0.71,C0S910
金峰嘉蘭,22.594789,120.960825,-1.43,17.52,6.21,85.06,3.64,2.96,C0S920
延平,22.902581,121.084058,-1.04,16.27,4.36,85.06,4.5,3.92,C0S930
石寧山,23.223772,121.406639,-1.45,16.85,7.56,88.06,4.58,3.96,C0S940
七塊厝,22.954453,121.229922,-0.48,15.9,13.85,100.0,14.0,13.75,C0S950
香蘭,22.587569,120.993375,-1.24,18.72,9.4,81.0,3.5,1.55,C0S960
加津林,22.416211,120.926942,-0.95,19.16,3.43,76.33,2.42,-0.11,C0S970
勝林山,22.430439,120.8938,-1.9,11.96,2.83,98.28,5.92,2.72,C0S980
山豬窟,22.318619,120.857372,-1.6,15.9,4.18,86.83,2.89,0.54,C0S990
歷坵,22.520969,120.89185,-0.92,15.24,3.68,92.33,4.53,3.55,C0SA00
檳榔四格山,22.810031,121.109308,-1.35,15.45,6.52,90.72,3.22,2.92,C0SA10
金崙山,22.567419,120.959667,-0.98,12.66,1.43,94.83,5.42,3.82,C0SA20
都歷,23.020333,121.323642,-1.16,17.93,22.92,96.72,3.53,2.5,C0SA30
瑞和,22.974361,121.156697,-0.98,16.31,12.38,94.83,4.22,3.95,C0SA40
土坂,22.453108,120.887572,-0.82,17.42,4.33,87.28,3.97,2.1,C0SA80
大禹嶺,24.186117,121.316086,0.05,5.22,5.63,77.39,5.78,1.89,C0T790
天祥,24.179597,121.495639,-0.97,13.68,4.69,86.44,2.22,0.13,C0T820
鯉魚潭,23.935639,121.508944,-1.54,14.91,2.96,92.44,4.78,1.86,C0T870
西林,23.8119,121.441458,-0.98,15.77,5.79,89.56,3.56,1.09,C0T900
光復,23.660694,121.424964,-1.0,16.13,-0.97,87.94,3.33,0.87,C0T960
月眉山,23.809928,121.539828,-1.23,13.76,2.94,95.39,5.44,1.95,C0T9A0
水源,23.991861,121.537169,-1.46,13.17,4.16,94.06,7.17,2.56,C0T9B0
和中,24.26676,121.74103,-1.66,16.76,14.43,96.83,3.22,-0.28,C0T9D0
大坑,23.880628,121.581981,-1.48,14.1,3.9,93.5,5.36,1.65,C0T9E0
水璉,23.797131,121.542514,-2.14,15.38,8.0,91.0,4.89,1.92,C0T9F0
鳳林山,23.735269,121.420131,-2.61,13.04,0.26,94.89,3.89,0.43,C0T9G0
加路蘭山,23.682947,121.5274,-1.6,12.43,4.59,99.39,11.81,5.16,C0T9H0
靜浦,23.455167,121.495028,-1.39,16.55,5.39,89.39,9.17,4.45,C0T9M0
富里,23.171639,121.249378,1.35,18.1,14.75,100.0,11.0,10.9,C0T9N0
雙連埤,24.753033,121.641303,-1.58,11.55,-1.03,95.94,9.56,4.16,C0U520
礁溪,24.817539,121.765608,-1.28,15.53,2.52,84.94,5.92,1.23,C0U600
玉蘭,24.675286,121.587061,-1.43,12.75,2.59,89.06,11.06,5.24,C0U650
太平山,24.505486,121.525656,-0.91,6.11,3.68,94.06,6.69,2.77,C0U710
南山,24.43742,121.38167,-2.89,8.76,-0.22,95.5,5.36,4.35,C0U720
東澳,24.52196,121.83318,-2.14,15.58,11.62,97.0,11.58,4.27,C0U760
南澳,24.44935,121.81022,-1.99,16.28,5.63,80.83,2.81,0.08,C0U770
五結,24.68637,121.79794,-1.73,14.99,5.52,86.39,7.31,2.75,C0U780
頭城,24.85323,121.8308,-1.57,15.65,7.08,87.06,6.14,4.61,C0U860
大礁溪,24.791042,121.675047,-1.6,12.67,6.97,93.83,7.86,4.94,C0U870
三星,24.66812,121.65302,-1.72,14.68,8.86,95.72,6.14,4.36,C0U890
內城,24.71813,121.68766,-1.45,15.21,3.04,88.44,6.25,4.45,C0U900
冬山,24.63373,121.7937,-1.44,15.53,15.91,96.28,9.94,7.9,C0U910
羅東,24.68184,121.74934,-1.3,15.37,3.05,86.67,5.39,3.71,C0U940
鶯子嶺,24.89754,121.79244,-1.53,8.82,-0.95,95.83,13.22,7.27,C0U950
翠峰湖,24.510856,121.608044,-1.21,5.02,0.87,96.53,4.75,2.52,C0U960
大福,24.80064,121.81389,-1.8,15.21,4.29,83.78,5.25,3.58,C0U970
坪林石牌,24.86478,121.77396,-1.32,11.61,0.73,96.17,7.81,4.9,C0U980
員山,24.74435,121.72247,-1.71,15.36,8.43,88.06,6.22,4.33,C0U990
土場,24.576533,121.495333,-1.55,13.22,0.93,88.78,3.39,2.12,C0UA00
鴛鴦湖,24.590269,121.412228,-1.24,6.19,2.97,98.33,8.75,5.04,C0UA10
白嶺,24.527819,121.519031,-1.69,7.57,1.97,97.67,9.28,5.23,C0UA30
西德山,24.560647,121.752608,-2.84,8.83,1.7,98.72,9.64,5.84,C0UA40
西帽山,24.555361,121.802628,-2.71,10.35,-0.03,95.89,26.28,19.12,C0UA50
樟樹山,24.41393,121.78325,-2.46,12.55,10.8,98.44,4.72,1.52,C0UA60
桃源谷,24.962606,121.888875,-1.75,11.52,1.0,96.94,22.81,12.64,C0UA70
復興,23.222403,120.806089,-0.2,16.58,9.08,83.17,7.5,6.41,C0V210
溪埔,22.738578,120.446797,-0.97,18.17,5.84,82.8,1.91,1.58,C0V350
內門,22.975481,120.466769,0.04,17.98,5.07,83.56,4.78,4.32,C0V360
古亭坑,22.893178,120.401947,-1.39,17.09,6.83,86.67,4.44,4.01,C0V370
阿公店,22.804194,120.355528,-1.47,16.91,2.82,83.11,3.22,2.94,C0V400
鳳山,22.646653,120.356122,-1.69,17.72,14.46,87.22,1.58,1.16,C0V440
鳳森,22.545064,120.392592,-1.06,18.48,5.35,79.11,0.92,0.5,C0V450
新興,22.627422,120.298803,-1.32,18.32,6.64,77.83,1.56,1.18,C0V490
梓官,22.760558,120.267211,-1.46,17.41,4.87,80.17,2.75,2.54,C0V610
永安,22.82315,120.236856,-1.61,16.96,3.47,80.39,3.19,3.01,C0V620
茄萣,22.906642,120.182608,-1.35,16.94,8.99,81.56,4.33,3.74,C0V630
湖內,22.887139,120.2445,-1.66,16.8,2.72,79.39,4.17,3.61,C0V640
彌陀,22.783806,120.246361,-1.12,17.74,4.97,81.17,3.36,3.15,C0V650
岡山,22.797078,120.294958,-1.05,18.11,5.12,78.72,3.61,3.33,C0V660
仁武,22.701083,120.347722,-1.25,18.23,5.2,79.06,2.56,2.24,C0V680
鼓山,22.623325,120.275575,-1.61,17.89,7.63,82.0,1.89,1.43,C0V690
三民,22.645017,120.311233,-1.53,18.42,9.73,78.83,1.69,1.26,C0V700
苓雅,22.622742,120.330669,-0.77,18.93,14.18,82.28,1.56,1.18,C0V710
林園,22.507747,120.394511,-0.71,19.98,8.81,77.83,0.78,0.26,C0V720
大寮,22.605614,120.395717,-1.32,18.49,10.71,81.94,1.81,1.27,C0V730
旗山,22.888614,120.483597,-0.41,18.52,4.61,79.56,4.0,3.61,C0V740
路竹,22.854997,120.259439,-1.01,17.93,4.79,79.5,3.78,3.54,C0V750
橋頭,22.757806,120.30575,-1.26,18.11,2.01,77.06,2.92,2.64,C0V760
大社,22.730306,120.346639,-1.58,17.65,9.33,82.61,2.67,2.44,C0V770
萬山,22.905944,120.688056,-0.09,18.13,6.58,82.5,0.66,-0.22,C0V790
六龜,22.997889,120.633583,0.22,19.16,10.26,85.89,5.5,4.59,C0V800
左營,22.67491,120.28491,-1.93,17.19,1.78,81.89,2.25,1.97,C0V810
小林,23.148408,120.63325,-2.11,17.39,16.47,88.22,4.39,3.75,C0V820
東莒,25.9652,119.98069,0.09,10.6,-3.99,75.17,0.78,-0.65,C0W110
西嶼,23.5626,119.468436,-1.61,14.92,-0.13,83.28,3.58,3.32,C0W120
花嶼,23.40007,119.32276,-1.98,15.58,2.5,82.17,3.14,3.03,C0W130
金寧,24.457703,118.328989,-0.6,13.66,-4.69,67.89,0.56,-0.46,C0W150
東河,23.296598,120.385608,-1.41,16.29,1.01,80.44,4.72,4.36,C0X050
下營,23.22695,120.256261,-1.24,16.17,0.44,79.17,5.06,4.58,C0X060
佳里,23.173039,120.145086,-1.63,16.19,4.76,82.44,4.64,4.23,C0X080
臺南市北區,23.010394,120.194228,-1.64,16.76,13.63,87.83,4.08,3.65,C0X100
臺南市南區,22.961189,120.188378,-1.75,17.09,6.48,80.61,4.67,4.01,C0X110
麻豆,23.183289,120.248611,-1.08,16.94,6.82,86.78,0.03,-0.37,C0X120
官田,23.193217,120.315422,-1.23,16.94,6.24,84.61,4.69,4.29,C0X130
西港,23.125608,120.203108,-1.81,16.18,7.32,85.61,5.25,4.82,C0X140
安定,23.102614,120.227839,-1.48,16.27,6.51,87.56,3.89,3.47,C0X150
仁德,22.968258,120.257689,-1.0,17.59,7.09,81.94,4.78,4.32,C0X160
關廟,22.963017,120.327797,-1.97,16.48,8.81,84.33,4.67,4.17,C0X170
山上,23.0757,120.363253,-1.11,16.87,2.6,83.67,5.06,4.73,C0X180
安平,22.993161,120.152181,-1.78,16.5,2.14,80.61,4.67,4.35,C0X190
左鎮,23.056758,120.408522,0.01,17.46,1.34,83.22,4.75,4.43,C0X200
白河,23.347466,120.414427,-1.43,16.22,3.36,81.5,4.58,4.2,C0X210
學甲,23.230367,120.182187,-1.48,15.84,4.76,81.78,4.44,4.09,C0X220
鹽水,23.272621,120.247641,-1.52,15.69,3.77,83.28,4.44,4.12,C0X230
關子嶺,23.331169,120.508025,-0.94,15.01,8.79,92.28,6.14,5.53,C0X240
新營,23.310689,120.316681,-1.55,16.18,6.25,82.06,4.61,4.23,C0X250
後壁,23.366358,120.362326,-1.33,16.13,2.52,80.56,5.14,4.83,C0X260
將軍,23.214999,120.13577,-1.77,15.57,0.63,79.06,3.64,3.3,C0X280
北門,23.267772,120.125481,-1.88,15.52,2.07,80.72,4.56,4.21,C0X290
鹿寮,23.386047,120.477331,-0.76,16.48,5.35,87.67,5.17,4.69,C0X300
柳營,23.253328,120.375253,-1.42,16.73,2.94,78.89,4.86,4.74,C0X320
明里,23.208717,121.262342,-1.12,15.64,2.27,91.17,3.71,2.78,C0Z020
佳心,23.34567,121.21316,-1.52,11.89,9.94,98.44,4.33,3.02,C0Z050
玉里,23.3215,121.339656,-1.47,15.83,7.04,93.94,4.61,3.2,C0Z061
舞鶴,23.46811,121.37407,-1.09,15.17,9.33,99.67,3.92,2.44,C0Z070
富源,23.587642,121.378225,-0.93,15.09,1.47,91.83,3.67,1.61,C0Z080
東華,23.89525,121.549833,-0.5,16.69,0.31,88.28,1.61,0.32,C0Z100
吉安光華,23.930925,121.595153,-1.0,16.99,-8.14,74.06,2.69,1.56,C0Z150
鳳林,23.746114,121.453411,-1.37,16.03,-1.36,83.11,2.72,1.61,C0Z160
卓溪,23.3443,121.3029,-2.08,15.69,4.95,87.17,3.75,3.3,C0Z170
新城,24.03946,121.60454,-1.42,16.96,3.86,81.76,3.5,1.94,C0Z180
富世,24.14743,121.6297,-1.53,16.83,2.08,82.5,3.39,1.31,C0Z190
萬榮,23.709219,121.420106,-1.19,15.84,-5.56,84.56,2.36,1.41,C0Z200
瑞穗,23.5239,121.39021,-1.09,15.98,3.66,90.22,4.14,3.22,C0Z210
和平林道,24.343922,121.656317,-1.59,12.75,0.51,88.56,2.78,1.8,C0Z220
和平,24.30717,121.77007,-1.83,16.37,1.22,74.44,3.11,0.62,C0Z230
瑞穗林道,23.49284,121.30688,-0.22,11.76,2.6,98.67,7.67,4.71,C0Z250
蕃薯寮,23.73835,121.540108,-1.52,14.47,4.44,89.89,7.75,4.78,C0Z270
德武,23.47426,121.41071,-1.83,15.36,1.92,91.67,4.67,3.7,C0Z280
赤柯山,23.36893,121.38293,-1.81,11.06,4.28,99.17,7.58,5.85,C0Z290
東里,23.26853,121.30547,-1.57,15.87,-0.69,88.28,4.44,3.78,C0Z300
清水斷崖,24.218294,121.689142,-1.91,16.48,1.84,82.28,0.0,-0.95,C0Z310
清水林道,23.27125,121.188272,-2.33,12.96,2.86,91.61,6.81,5.42,C0Z320
安通山,23.290728,121.348528,-3.37,13.45,6.59,94.61,5.31,3.78,C0Z330
口湖工作站,23.589978,120.180394,-3.01,15.57,-0.47,74.5,2.64,2.29,12J990
東港工作站,22.479997,120.466058,-2.69,19.12,2.05,67.78,0.61,0.5,12Q970
恆春工作站,22.079678,120.714425,-2.1,20.22,-0.34,67.06,0.03,-0.3,12Q980
萬大發電廠,23.978875,121.139639,-1.29,14.28,4.99,82.5,4.47,2.04,42HA10
桃改樹林分場,24.944503,121.386972,-0.81,15.5,-1.12,74.33,5.47,3.3,72AI40
桃園農改場,24.950944,121.030583,-0.2,14.9,-4.8,79.78,3.64,0.56,72C440
桃改五峰分場,24.612194,121.157167,-0.63,10.91,2.15,90.17,7.78,3.97,72D080
臺中農改場,24.003028,120.534389,-1.19,15.79,1.5,81.11,2.83,1.87,72G600
中改埔里分場,23.903208,120.963364,-1.44,15.29,9.63,90.28,4.94,2.13,72HA00
南改斗南分場,23.634556,120.477333,-0.81,16.48,0.1,81.11,4.19,3.27,72K220
南改義竹分場,23.360694,120.279361,-1.52,15.87,-0.48,80.39,4.5,4.01,72M360
南改鹿草分場,23.416869,120.283061,-3.12,15.91,2.09,81.11,4.19,3.93,72M700
臺南農改場,23.0605,120.342194,-1.8,16.44,5.0,85.0,0.39,0.05,72N100
七股研究中心,23.081672,120.062894,-3.59,15.95,2.01,82.22,5.36,5.27,72N240
高雄農改場,22.709333,120.525889,-1.37,18.78,6.19,84.11,1.17,0.87,72Q010
東改班鳩分場,22.829528,121.077694,-1.18,16.42,-0.13,79.78,3.47,2.33,72S200
東改賓朗果園,22.813889,121.071278,-1.89,16.14,-4.68,83.0,3.64,2.5,72S590
花蓮農改場,23.975222,121.563889,-1.03,16.72,-1.12,80.83,4.25,2.18,72T250
花改蘭陽分場,24.686306,121.716583,-1.24,15.37,0.62,83.67,5.69,1.71,72U480
高改旗南分場,22.857861,120.516667,-1.89,17.86,8.96,82.28,3.81,3.51,72V140
茶改北部分場,24.955778,121.631222,-0.86,12.76,0.6,87.67,9.22,3.07,82A750
茶改場,24.908472,121.185333,-0.55,14.04,-4.2,81.06,5.11,0.88,82C160
茶改中部分場,23.875611,120.913583,-1.67,14.07,6.05,89.0,4.92,3.41,82H320
茶改南部分場,23.762528,120.7405,-1.34,14.71,1.39,89.39,5.44,4.33,82H840
茶改東部分場,22.907694,121.130139,-2.04,16.11,-2.38,79.2,3.63,2.73,82S580
農工中心,24.985917,121.239833,-0.53,14.77,-2.2,78.5,5.36,1.39,A2C560
水試臺西試驗場,23.717231,120.190522,-1.7,15.64,1.17,83.94,3.67,3.5,A2K360
臺大雲林校區,23.730628,120.423903,-1.22,15.69,2.88,80.33,3.28,2.93,A2K630
臺南蘭花園區,23.340258,120.379661,-1.17,16.5,5.19,81.94,2.28,1.98,A2N290
畜試北區分所,24.527806,120.770972,-0.9,14.46,-2.4,81.83,3.47,2.68,B2E890
畜產試驗所,23.058972,120.336406,-1.66,16.29,4.86,85.17,3.47,3.12,B2N890
畜試南區分所,21.945583,120.802167,-1.79,19.69,-1.13,73.39,0.75,-0.48,B2Q810
畜試東區分所,24.669039,121.832561,-1.12,15.36,11.32,90.17,6.83,5.36,B2U990
蓮華池,23.918333,120.885278,-1.09,14.78,4.26,89.61,4.11,2.45,E2H360
林試畢祿溪站,24.226944,121.308522,0.58,7.64,8.04,83.94,5.97,3.57,E2HA20
四湖植物園,23.676986,120.163433,-2.92,15.72,6.39,88.11,3.56,3.03,E2K600
林試六龜中心,22.991703,120.645722,-0.16,17.86,9.79,86.39,4.92,3.39,E2P980
林試太麻里2,22.598,120.99775,-0.97,18.49,1.5,76.5,2.58,1.16,E2S960
林試太麻里1,22.598922,120.980044,-0.96,17.76,3.96,80.06,3.17,2.44,E2S980
農試所(霧峰),24.031261,120.688133,-0.98,16.6,3.61,83.06,3.56,2.45,G2F820
農試嘉義分所,23.485028,120.473806,-1.36,15.82,1.31,82.44,3.83,2.89,G2L020
農試鳳山分所,22.646611,120.356083,-2.24,17.9,6.5,79.11,1.44,1.0,G2P820
苗栗農改場,24.495722,120.829111,-1.16,14.13,-1.14,82.83,4.61,2.49,K2E360
苗改生物防治研究中心,24.422861,120.871833,-2.22,13.49,-2.19,82.33,4.44,3.85,K2E710
種苗改良場,24.225972,120.800917,-0.89,14.22,6.48,86.22,4.89,2.92,K2F750
溪頭,23.670306,120.798194,-0.99,11.91,8.68,95.5,8.53,6.73,U2H480
臺大和社,23.590856,120.888864,-1.58,14.81,14.1,89.0,5.31,5.1,U2HA30
臺大內茅埔,23.689722,120.851117,-2.53,15.27,12.01,87.06,5.58,4.97,U2HA40
臺大竹山,23.756972,120.681556,-1.2,16.09,-0.77,81.83,4.39,3.46,U2HA50
臺大竹山,23.756972,120.681556,-1.2,16.09,-0.77,81.83,4.39,3.46,U2HA50
臺大內茅埔,23.689722,120.851117,-2.53,15.27,12.01,87.06,5.58,4.97,U2HA40
臺大和社,23.590856,120.888864,-1.58,14.81,14.1,89.0,5.31,5.1,U2HA30
臺大溪頭,23.670306,120.798194,-0.99,11.91,8.68,95.5,8.53,6.73,U2H480
種苗繁殖,24.225972,120.800917,-0.89,14.22,6.48,86.22,4.89,2.92,K2F750
苗改生物防治研究中心,24.422861,120.871833,-2.22,13.49,-2.19,82.33,4.44,3.85,K2E710
苗栗農改,24.495722,120.829111,-1.16,14.13,-1.14,82.83,4.61,2.49,K2E360
農試鳳山分所,22.646611,120.356083,-2.24,17.9,6.5,79.11,1.44,1.0,G2P820
農試嘉義分所,23.485028,120.473806,-1.36,15.82,1.31,82.44,3.83,2.89,G2L020
農業試驗所,24.031261,120.688133,-0.98,16.6,3.61,83.06,3.56,2.45,G2F820
林試太麻里1,22.598922,120.980044,-0.96,17.76,3.96,80.06,3.17,2.44,E2S980
林試太麻里2,22.598014,120.989761,-0.97,18.49,1.5,76.5,2.58,1.16,E2S960
林試六龜中心,22.991703,120.645722,-0.16,17.86,9.79,86.39,4.92,3.39,E2P980
四湖植物園,23.676986,120.163433,-2.92,15.72,6.39,88.11,3.56,3.03,E2K600
林試畢祿溪站,24.226944,121.308522,0.58,7.64,8.04,83.94,5.97,3.57,E2HA20
蓮華池,23.918333,120.885278,-1.09,14.78,4.26,89.61,4.11,2.45,E2H360
畜試東區分所,24.669039,121.832561,-1.12,15.36,11.32,90.17,6.83,5.36,B2U990
畜試南區分所,21.945583,120.802167,-1.79,19.69,-1.13,73.39,0.75,-0.48,B2Q810
畜試所,23.058972,120.336406,-1.66,16.29,4.86,85.17,3.47,3.12,B2N890
畜試北區分所,24.527806,120.770972,-0.9,14.46,-2.4,81.83,3.47,2.68,B2E890
臺南蘭花園區,23.340258,120.379661,-1.17,16.5,5.19,81.94,2.28,1.98,A2N290
臺大雲林校區,23.730628,120.423903,-1.22,15.69,2.88,80.33,3.28,2.93,A2K630
水試臺西試驗場,23.717231,120.190522,-1.7,15.64,1.17,83.94,3.67,3.5,A2K360
農工中心,24.985917,121.239833,-0.53,14.77,-2.2,78.5,5.36,1.39,A2C560
茶改東部分場,22.907694,121.130139,-2.04,16.11,-2.38,79.2,3.63,2.73,82S580
茶改南部分場,23.762528,120.7405,-1.34,14.71,1.39,89.39,5.44,4.33,82H840
茶改中部分場,23.875611,120.913583,-1.67,14.07,6.05,89.0,4.92,3.41,82H320
茶改場,24.908472,121.185333,-0.55,14.04,-4.2,81.06,5.11,0.88,82C160
茶改北部分場,24.955778,121.631222,-0.86,12.76,0.6,87.67,9.22,3.07,82A750
高改旗南分場,22.857861,120.516667,-1.89,17.86,8.96,82.28,3.81,3.51,72V140
花改蘭陽分場,24.686306,121.716583,-1.24,15.37,0.62,83.67,5.69,1.71,72U480
花蓮農改,23.975222,121.563889,-1.03,16.72,-1.12,80.83,4.25,2.18,72T250
東改賓朗果園,22.813889,121.071278,-1.89,16.14,-4.68,83.0,3.64,2.5,72S590
東改班鳩分場,22.829528,121.077694,-1.18,16.42,-0.13,79.78,3.47,2.33,72S200
高雄農改,22.709333,120.525889,-1.37,18.78,6.19,84.11,1.17,0.87,72Q010
七股研究中心,23.081672,120.062894,-3.59,15.95,2.01,82.22,5.36,5.27,72N240
臺南農改,23.0605,120.342194,-1.8,16.44,5.0,85.0,0.39,0.05,72N100
南改鹿草分場,23.416869,120.283061,-3.12,15.91,2.09,81.11,4.19,3.93,72M700
南改義竹分場,23.360694,120.279361,-1.52,15.87,-0.48,80.39,4.5,4.01,72M360
南改斗南分場,23.634556,120.477333,-0.81,16.48,0.1,81.11,4.19,3.27,72K220
中改埔里分場,23.903208,120.963364,-1.44,15.29,9.63,90.28,4.94,2.13,72HA00
臺中農改,24.003028,120.534389,-1.19,15.79,1.5,81.11,2.83,1.87,72G600
桃改五峰分場,24.612194,121.157167,-0.63,10.91,2.15,90.17,7.78,3.97,72D080
桃園農改,24.950944,121.030583,-0.2,14.9,-4.8,79.78,3.64,0.56,72C440
桃改樹林分場,24.944503,121.386972,-0.81,15.5,-1.12,74.33,5.47,3.3,72AI40
萬大發電廠,23.978875,121.139639,-1.29,14.28,4.99,82.5,4.47,2.04,42HA10
恆春工作站,22.079678,120.714425,-2.1,20.22,-0.34,67.06,0.03,-0.3,12Q980
東港工作站,22.479997,120.466058,-2.69,19.12,2.05,67.78,0.61,0.5,12Q970
口湖工作站,23.589978,120.180394,-3.01,15.57,-0.47,74.5,2.64,2.29,12J990
