站名,緯度,經度,平均溫距平,本年度平均溫,平均溼度距平,本年度日均相對溼度,本年度日均降水量,日均降水量距平,站號
淡水,25.164889,121.448906,-0.58,15.25,-10.49,69.14,0.72,-2.37,466900
鞍部,25.182586,121.529731,-1.86,8.7,-0.6,90.86,3.54,-6.5,466910
臺北,25.037658,121.514853,-0.79,16.05,-8.87,67.14,0.85,-2.18,466920
竹子湖,25.162078,121.544547,-1.55,10.72,-3.32,83.77,3.25,-3.99,466930
基隆,25.133314,121.740475,-0.57,15.85,-9.49,67.77,2.09,-8.99,466940
花蓮,23.975128,121.613275,-1.1,17.31,-4.67,69.64,0.7,-1.22,466990
新屋,25.006744,121.047486,-1.01,15.5,-10.08,67.09,0.64,-2.67,467050
宜蘭,24.763975,121.756528,-1.42,15.39,-3.23,75.77,1.03,-4.9,467080
金門,24.407306,118.289281,0.03,13.6,-11.97,59.05,0.01,-1.14,467110
澎湖,23.565503,119.563094,-0.97,16.15,-3.99,74.23,0.52,-0.06,467350
臺南,22.993239,120.204772,-1.16,16.79,-4.34,70.14,0.29,-0.33,467410
永康,23.038386,120.2367,-0.9,16.75,-1.35,72.23,0.26,-0.31,467420
嘉義,23.495925,120.432906,-1.15,15.96,1.92,78.91,1.18,0.43,467480
臺中,24.145736,120.684075,-0.87,16.39,-4.36,69.64,1.15,0.06,467490
阿里山,23.508208,120.813242,-1.57,5.2,3.02,82.32,4.24,1.52,467530
大武,22.355675,120.903789,-1.57,19.0,-2.75,67.32,0.92,-0.28,467540
玉山,23.487614,120.959522,0.14,0.2,-0.54,57.68,6.91,4.79,467550
新竹,24.827853,121.014219,-0.27,15.78,-10.79,66.68,0.72,-1.7,467571
恆春,22.003897,120.746339,-1.53,19.66,-2.06,67.41,0.75,0.11,467590
成功,23.097486,121.373428,-1.16,17.9,-3.04,70.82,0.86,-1.61,467610
日月潭,23.881325,120.90805,-1.35,13.13,7.38,83.41,1.97,0.25,467650
臺東,22.752211,121.154586,-1.55,18.15,-1.39,69.41,0.87,-0.35,467660
馬祖,26.169269,119.923419,0.33,10.9,-9.11,70.64,0.0,-1.48,467990
山佳,24.974944,121.402008,-0.27,16.09,-11.06,71.18,1.16,-1.84,C0A520
坪林,24.938183,121.70975,-1.59,12.34,-12.71,79.35,1.32,-2.62,C0A530
泰平,24.971197,121.823711,-1.43,11.47,-3.3,91.82,4.55,-9.41,C0A550
桶後,24.848222,121.597992,-1.44,11.91,-3.35,90.77,2.41,-3.12,C0A570
石碇,24.993969,121.662917,-0.68,13.71,-10.33,79.36,1.43,-4.07,C0A640
大坪,25.165914,121.632969,-0.59,12.93,-5.1,87.59,6.61,-18.46,C0A860
五指山,25.132153,121.608692,-0.09,11.43,-2.42,91.5,3.43,-5.67,C0A870
雙溪,25.036003,121.864242,-0.28,14.92,-6.88,84.73,2.14,-8.87,C0A890
三和,25.233153,121.595236,-1.55,13.53,-7.74,78.55,4.18,-12.58,C0A931
金山,25.223628,121.643967,0.55,16.3,-13.94,69.18,2.27,-5.95,C0A940
鼻頭角,25.129036,121.923372,-0.28,16.49,-8.36,71.27,0.91,-2.54,C0A950
三貂角,25.007606,122.002058,-0.58,15.86,-13.52,73.32,2.43,-4.19,C0A970
社子,25.109508,121.469681,-0.08,16.56,-4.81,72.77,0.68,-1.52,C0A980
天母,25.117494,121.537169,-0.76,16.05,-11.27,63.36,0.64,-1.29,C0A9C0
內湖,25.079422,121.57545,-0.82,15.94,-0.79,77.86,0.66,-1.71,C0A9F0
大屯山,25.175675,121.522408,-0.68,8.49,1.17,96.91,2.57,-4.57,C0AC40
三峽,24.939025,121.369728,0.38,16.7,-9.75,71.18,1.2,-3.17,C0AC60
信義,25.037822,121.564597,0.47,16.86,-7.75,71.73,0.86,-2.84,C0AC70
文山,25.00235,121.575728,-0.88,15.15,-12.12,72.32,1.07,-2.82,C0AC80
新莊,25.051478,121.446756,-0.91,15.94,-10.87,63.64,0.75,-2.78,C0ACA0
八里,25.150211,121.403947,-0.59,15.9,-5.62,72.0,0.52,-3.27,C0AD10
蘆洲,25.086594,121.472331,-0.42,16.65,-9.56,64.91,0.64,-2.44,C0AD30
土城,24.973208,121.445169,-0.4,15.8,-6.63,73.14,1.16,-2.5,C0AD40
鶯歌,24.951533,121.346294,0.24,16.37,-9.49,72.55,1.11,-2.67,C0AD50
汐止,25.066881,121.658778,-0.96,15.55,-13.92,71.0,1.64,-4.59,C0AH00
永和,25.01125,121.508111,-0.39,16.7,-3.82,69.82,0.89,-2.21,C0AH10
五分山,25.07125,121.780794,-1.76,10.83,-4.16,92.95,6.25,-9.75,C0AH30
平等,25.129142,121.577086,-2.63,12.61,-13.05,74.32,1.14,-3.01,C0AH40
林口,25.072181,121.38084,-1.65,13.92,-10.56,76.55,0.75,-2.94,C0AH50
松山,25.04871,121.55042,-2.19,15.9,-12.88,58.5,0.3,-3.4,C0AH70
深坑,25.002703,121.628328,-1.3,15.42,-7.97,77.0,1.18,-2.15,C0AH80
福山植物園,24.760717,121.58135,-3.5,10.06,0.61,94.86,2.36,-5.44,C0AH90
五股,25.07445,121.42728,-3.16,13.97,-18.08,73.55,0.68,-0.68,C0AI00
屈尺,24.92184,121.54475,-2.32,15.18,-17.4,66.68,1.75,-0.69,C0AI10
白沙灣,25.283128,121.519058,-1.06,15.67,-11.27,70.77,0.77,-3.12,C0AI20
三重,25.057328,121.500629,-2.49,16.16,-11.88,68.95,0.64,0.45,C0AI30
石牌,25.115597,121.513139,-1.97,16.95,-5.24,66.14,0.59,-0.22,C0AI40
七堵,25.094819,121.71713,-1.24,16.31,-14.64,73.55,2.75,-5.09,C0B010
基隆嶼,25.19141,121.78391,-1.71,15.55,-7.19,79.5,2.45,-1.15,C0B020
復興,24.820208,121.352281,-0.8,12.95,-7.4,72.5,1.23,-2.37,C0C460
桃園,24.992425,121.323172,-0.57,15.36,-8.35,66.91,1.27,-2.25,C0C480
八德,24.928708,121.283289,-1.08,14.87,-11.15,68.18,1.25,-3.3,C0C490
觀音,25.027072,121.153317,-0.54,14.75,-12.21,67.0,0.77,-3.04,C0C590
蘆竹,25.084275,121.265767,-1.26,15.07,-6.16,72.18,0.77,-3.77,C0C620
大溪,24.882853,121.265547,-0.5,14.23,-5.92,71.32,1.27,-2.11,C0C630
平鎮,24.897503,121.214636,-0.23,14.33,-9.69,71.23,0.86,-2.74,C0C650
楊梅,24.912375,121.143047,-1.23,14.67,-8.11,67.5,0.93,-3.19,C0C660
龍潭,24.870056,121.221389,-1.45,13.69,-2.38,77.68,1.18,-3.78,C0C670
龜山,25.02846,121.38656,-1.58,14.28,-11.11,71.23,1.2,-3.01,C0C680
中壢,24.977661,121.256375,-1.78,14.8,-12.1,67.64,0.89,-3.13,C0C700
大溪永福,24.892936,121.324975,-1.66,14.77,-11.56,75.0,1.3,-0.1,C0C710
梅花,24.678347,121.208558,-1.38,11.93,-2.86,81.55,1.66,-0.86,C0D360
峨眉,24.6905,121.017189,-1.02,14.46,-8.71,76.0,1.23,-2.93,C0D430
打鐵坑,24.849664,121.150789,-0.86,13.57,-11.89,73.68,0.93,-2.54,C0D480
橫山,24.71116,121.11693,-1.46,13.26,-2.7,80.41,1.64,-1.71,C0D540
雪霸,24.526972,121.11605,-1.28,7.06,-4.1,72.27,2.02,-2.19,C0D550
竹東,24.767147,121.057881,0.13,15.23,-7.36,67.73,0.89,-2.1,C0D560
寶山,24.735006,121.025192,-0.4,14.5,-7.41,73.82,1.0,-2.47,C0D580
新豐,24.87068,120.97721,-0.37,14.6,-8.42,72.95,0.77,-2.26,C0D590
湖口,24.904794,121.043628,-0.83,15.27,-9.72,67.53,0.89,-1.95,C0D650
新竹市東區,24.798681,120.986942,-1.39,15.09,-8.98,66.32,0.7,-3.13,C0D660
竹南,24.708978,120.888897,-0.15,15.61,-7.55,70.86,0.68,-1.16,C0E420
南庄,24.601775,121.000214,-1.41,13.01,2.12,85.86,1.27,-1.58,C0E430
明德,24.583486,120.885411,-0.79,14.99,-10.96,73.14,0.82,-2.32,C0E550
通霄,24.471892,120.704622,-1.08,15.0,-10.22,73.77,0.8,-1.36,C0E590
馬都安,24.451272,120.930192,-1.24,11.76,-2.44,79.64,1.68,-0.21,C0E610
頭份,24.688247,120.912206,0.31,16.26,-7.17,68.05,0.8,-1.79,C0E730
造橋,24.637056,120.864778,-1.13,14.99,-10.86,73.0,0.89,-2.28,C0E740
苗栗,24.564569,120.824575,-1.16,15.1,-9.52,69.73,0.68,-2.33,C0E750
銅鑼,24.489681,120.790853,-1.56,14.1,1.41,85.1,0.33,-2.5,C0E780
西湖,24.562947,120.7485,-0.82,14.85,-9.8,74.59,0.57,-1.69,C0E810
獅潭,24.539133,120.920042,-1.61,13.11,-6.7,79.73,1.23,-1.81,C0E820
苑裡,24.439714,120.653053,-1.53,15.18,-8.95,70.82,0.55,-1.32,C0E830
大河,24.618069,120.948578,-3.93,12.27,-11.35,74.05,1.16,-3.46,C0E850
高鐵苗栗,24.60725,120.826094,-1.76,15.16,-5.93,76.23,0.73,-1.95,C0E870
石岡,24.276061,120.777644,-1.58,15.14,-3.28,82.36,0.98,-0.46,C0F0B0
中坑,24.248517,120.903319,-3.3,11.89,-0.72,81.41,1.91,-0.65,C0F0C0
審馬陣,24.381675,121.4203,-2.79,1.14,1.61,68.55,2.14,-2.42,C0F0D0
南湖圈谷,24.363714,121.444667,-3.97,-3.12,-9.3,70.32,0.0,-8.85,C0F0E0
東勢,24.246428,120.833047,-0.82,14.96,-2.36,78.95,1.36,-0.72,C0F850
大坑,24.173142,120.722289,-0.31,16.97,-3.81,72.91,1.14,-0.52,C0F970
神岡,24.272481,120.658314,-1.39,14.59,-13.55,72.36,0.75,-0.93,C0F9I0
大安,24.345061,120.588025,-1.35,15.13,-11.1,73.14,0.59,-0.89,C0F9K0
后里,24.310436,120.729725,-0.94,14.98,-9.98,73.36,0.93,-0.78,C0F9L0
豐原,24.254322,120.720692,-0.36,15.91,-6.27,73.18,0.98,-0.76,C0F9M0
大里,24.092464,120.701378,-1.18,17.12,-9.83,63.93,1.3,-0.27,C0F9N0
潭子,24.213106,120.703933,-1.01,16.08,-3.99,74.41,0.91,-0.65,C0F9O0
清水,24.312297,120.562242,-1.4,15.26,-9.86,73.55,0.52,-0.82,C0F9P0
外埔,24.347817,120.705686,-0.39,15.75,-10.04,73.82,0.89,-0.75,C0F9Q0
龍井,24.184536,120.528972,-1.32,15.81,-11.76,70.68,0.73,-0.58,C0F9R0
烏日,24.107058,120.624103,-1.21,16.19,-6.12,68.86,1.2,-0.21,C0F9S0
西屯,24.179494,120.641275,-1.33,15.51,-6.67,70.95,0.8,-0.49,C0F9T0
南屯,24.137006,120.637969,-1.53,16.38,-6.62,68.27,0.5,-0.83,C0F9U0
新社,24.200172,120.815806,-1.19,14.0,-6.61,77.0,1.34,-0.75,C0F9V0
大雅(中科園區),24.21528,120.62445,-2.17,14.86,-10.19,73.77,0.75,-1.17,C0F9X0
桃山,24.432739,121.303808,-2.34,1.56,-4.4,58.59,2.41,-0.67,C0F9Y0
雪山東峰,24.388792,121.268675,-2.2,2.45,-5.79,56.45,2.39,-1.74,C0F9Z0
芬園,24.015678,120.6213,-1.95,14.7,0.11,82.32,1.07,-0.4,C0G620
員林,23.946503,120.585597,0.72,17.91,-9.13,70.53,1.32,0.42,C0G650
溪湖,23.94835,120.479122,0.27,17.36,5.66,87.32,0.82,-0.38,C0G660
溪州,23.851589,120.499093,-1.75,15.76,-11.58,70.18,0.91,-1.08,C0G720
二林,23.903325,120.376081,-1.73,15.41,-6.73,82.18,0.75,-0.45,C0G730
大城,23.852487,120.320935,-1.53,15.78,-37.22,44.82,0.77,-0.69,C0G740
福興,24.041289,120.437669,-0.95,16.46,-11.22,68.59,0.86,-0.22,C0G770
秀水,24.03405,120.503869,-0.88,16.49,-5.92,75.36,0.84,-0.38,C0G780
埔鹽,24.000394,120.431683,-0.27,16.58,-7.2,76.55,0.77,-0.27,C0G800
埔心,23.947633,120.525456,-0.61,16.66,19.85,99.09,0.89,-0.31,C0G810
田尾,23.901669,120.509389,-0.97,16.05,-3.04,81.45,0.86,-0.39,C0G820
埤頭,23.866003,120.452806,-1.2,15.81,7.04,94.5,0.66,-0.26,C0G830
社頭,23.897647,120.5862,-0.83,17.07,1.99,79.5,1.05,-0.34,C0G860
二水,23.810742,120.6173,0.69,18.25,-1.86,80.36,1.02,-0.28,C0G880
伸港,24.148933,120.484403,-1.37,15.61,-10.46,70.82,0.7,-0.42,C0G890
線西,24.143358,120.443536,-2.62,15.8,-13.86,72.14,0.64,0.55,C0G900
花壇,24.032076,120.549461,0.6,18.98,-2.64,78.86,0.93,0.93,C0G910
埔里,23.972169,120.952425,-1.88,15.69,-0.78,81.05,1.84,-0.97,C0H890
草屯,23.973672,120.68085,-1.49,15.94,-6.14,72.55,1.23,-0.26,C0H960
昆陽,24.121322,121.273642,-1.18,1.36,-1.7,74.64,2.18,0.83,C0H990
神木村,23.532742,120.843667,-1.12,9.75,3.53,86.91,3.68,1.4,C0H9A0
合歡山,24.143442,121.272547,-0.98,0.11,6.42,75.95,4.36,-1.4,C0H9C0
廬山,24.033311,121.181808,-1.1,10.53,-1.25,75.32,3.0,0.53,C0I010
信義,23.689694,120.851036,-2.22,14.45,1.57,84.23,2.32,0.13,C0I080
竹山,23.761225,120.688156,-0.89,15.77,-1.22,83.09,1.39,0.17,C0I110
水里,23.812553,120.849792,-1.96,15.81,-4.31,77.77,1.84,-0.12,C0I360
魚池,23.895703,120.94135,-1.77,14.65,-5.18,80.59,2.16,-0.91,C0I370
集集,23.828206,120.801467,-2.09,15.85,-4.12,79.27,1.59,-0.7,C0I380
仁愛,24.022122,121.132206,-1.86,11.95,-1.88,79.68,2.77,-1.62,C0I390
名間,23.837053,120.701447,-2.31,15.23,-6.59,77.0,1.27,-0.51,C0I410
國姓,24.037803,120.855072,-2.23,15.43,-3.22,81.0,1.59,-0.4,C0I420
南投,23.911469,120.687331,-1.91,16.33,-3.21,76.82,1.2,-0.92,C0I460
梅峰,24.085272,121.173572,-2.12,6.29,-3.23,79.09,3.11,-3.01,C0I480
萬大林道,23.928228,121.091411,-2.48,10.05,-4.24,76.18,3.34,-0.18,C0I490
小奇萊,24.131764,121.295717,-2.43,0.83,-2.98,77.64,4.02,-5.38,C0I530
奇萊稜線,24.109231,121.326456,-3.4,-0.86,5.48,77.45,0.0,-3.99,C0I540
崙背,23.75555,120.318925,-1.89,15.5,-12.19,72.05,0.91,-0.61,C0K250
四湖,23.630414,120.227125,-0.81,16.05,-11.68,70.43,0.93,0.29,C0K280
宜梧,23.536281,120.169329,-0.92,15.96,-10.11,73.14,1.0,0.22,C0K291
虎尾,23.719183,120.442036,-0.99,15.95,-6.88,75.41,0.93,0.11,C0K330
土庫,23.679029,120.395574,-1.7,15.89,-5.85,76.86,0.8,-0.74,C0K390
斗六,23.720583,120.541127,-1.93,15.83,-13.11,72.14,1.2,-0.5,C0K400
北港,23.573957,120.292802,-1.91,15.78,-13.38,70.64,0.95,-0.48,C0K410
西螺,23.800407,120.467394,-1.75,15.76,-10.66,73.95,0.95,-0.79,C0K420
褒忠,23.690938,120.303634,-1.81,15.57,-15.62,68.77,0.84,-0.5,C0K430
二崙,23.772797,120.408944,-1.93,15.4,-9.46,75.55,0.68,-0.51,C0K440
大埤,23.646074,120.431537,-1.87,15.85,-9.48,72.27,0.91,-0.52,C0K450
斗南,23.678734,120.478359,-1.8,15.81,-8.47,73.95,1.07,-0.44,C0K460
林內,23.748675,120.609642,-2.04,15.63,-6.53,78.32,1.34,-0.52,C0K470
莿桐,23.761192,120.502372,-1.95,15.46,-10.89,73.27,1.0,-0.69,C0K480
元長,23.64981,120.315024,-1.81,15.73,-8.94,73.32,0.89,-0.48,C0K500
水林,23.572924,120.24597,-1.67,15.94,-10.09,72.09,0.98,-0.41,C0K510
臺西,23.701547,120.197559,-1.72,15.81,-9.69,73.55,0.68,-0.4,C0K530
蔦松,23.514319,120.229736,-1.91,15.76,-9.76,74.45,1.02,-0.3,C0K550
棋山,23.68645,120.603417,-2.04,15.73,-3.78,81.27,1.41,-0.77,C0K560
高鐵雲林,23.737456,120.417944,-2.27,15.5,-13.16,76.55,0.75,0.53,C0K580
東後寮,23.369908,120.248065,-1.98,15.68,-8.07,75.23,0.86,-0.39,C0M520
奮起湖,23.493903,120.699253,-0.67,11.63,1.92,88.91,1.95,0.4,C0M530
中埔,23.42538,120.5229,-2.0,15.77,-7.03,77.14,0.98,-0.63,C0M640
朴子,23.43463,120.23902,-2.56,15.21,-5.97,76.0,1.18,-0.07,C0M650
溪口,23.604131,120.403569,-1.83,15.81,-11.8,72.05,1.0,-0.45,C0M660
大林,23.600616,120.45841,-1.9,15.99,-9.44,71.86,1.3,-0.37,C0M670
太保,23.455062,120.331455,-2.13,15.84,-11.58,71.14,1.16,-0.25,C0M680
水上,23.419734,120.388909,-1.92,15.99,-4.42,77.36,0.86,-0.56,C0M690
竹崎,23.526178,120.555508,-2.07,15.69,-3.63,81.23,1.39,-0.44,C0M700
東石,23.458927,120.15385,-1.82,15.93,-10.61,72.91,1.11,-0.17,C0M710
番路,23.464657,120.554156,-1.88,15.39,-3.03,82.09,1.16,-0.54,C0M720
嘉義市東區,23.457673,120.460531,-1.92,16.95,-5.75,72.59,1.23,-0.43,C0M730
六腳,23.492871,120.290625,-2.02,15.76,-10.12,71.95,1.09,-0.35,C0M740
布袋,23.380878,120.167789,-1.75,16.02,-12.49,71.86,1.09,-0.2,C0M750
民雄,23.551754,120.428457,-1.94,16.09,-10.63,71.91,1.18,-0.57,C0M760
嘉義梅山,23.585398,120.555587,-2.01,15.58,-2.86,82.23,1.32,-0.61,C0M770
鹿草,23.41134,120.30835,-1.87,16.11,-9.59,71.5,1.05,-0.3,C0M780
新港,23.553269,120.345728,-1.97,15.9,-8.96,72.09,1.14,-0.41,C0M790
茶山,23.299075,120.664767,-1.73,16.35,1.05,83.95,1.02,-1.16,C0M800
里佳,23.389125,120.716647,-1.9,11.68,0.24,84.18,1.68,-1.63,C0M810
達邦,23.453994,120.749517,-1.64,13.71,3.36,82.86,1.59,-1.32,C0M820
表湖,23.24186,120.64166,-3.1,14.5,2.86,85.27,1.02,0.72,C0M850
北寮,23.079561,120.495008,-1.4,16.57,6.0,89.09,0.52,-0.64,C0O830
王爺宮,23.222064,120.40085,0.5,17.82,-9.7,74.41,0.52,-0.69,C0O840
大內,23.11885,120.36083,-0.65,17.66,-0.32,81.82,0.36,-0.62,C0O860
善化,23.112883,120.297219,-0.95,16.59,-0.4,82.55,0.32,-0.23,C0O900
崎頂,22.959547,120.369317,-0.99,16.57,2.55,85.32,0.57,-0.28,C0O960
虎頭埤,23.021375,120.347878,-1.57,16.29,-1.06,81.73,0.43,-0.64,C0O970
新市,23.061614,120.298197,-0.75,17.55,-4.73,75.59,0.25,-0.8,C0O980
媽廟,22.99175,120.293525,-1.64,16.73,3.89,84.77,0.39,-0.65,C0O990
尾寮山,22.833111,120.683889,-1.65,12.83,2.6,89.17,1.14,0.31,C0R100
阿禮,22.742908,120.743678,-1.21,14.15,3.2,79.32,1.07,-0.35,C0R130
瑪家,22.682903,120.686639,-1.84,14.39,11.55,95.55,1.14,-0.29,C0R140
三地門,22.709889,120.639944,-0.56,18.99,-9.2,65.27,0.62,0.1,C0R150
鹽埔,22.739558,120.530778,-1.07,18.27,-1.83,82.82,0.52,-0.43,C0R160
屏東,22.660269,120.494072,0.79,20.5,-7.08,73.0,0.0,-0.86,C0R170
赤山,22.592333,120.614306,-1.08,18.44,6.32,87.86,0.45,-0.74,C0R190
潮州,22.534361,120.54,-0.23,19.15,-1.92,77.55,0.34,-0.15,C0R220
來義,22.527306,120.625111,-1.46,17.86,4.97,88.09,0.57,-0.83,C0R240
春日,22.370361,120.628306,-1.37,18.64,-20.93,56.75,0.5,-0.22,C0R260
琉球嶼,22.332244,120.362236,-1.13,19.12,-7.11,72.14,0.71,0.22,C0R270
車城,22.0744,120.716247,-2.65,19.33,-1.73,71.27,0.59,0.59,C0R320
牡丹,22.130036,120.792639,-2.71,16.8,2.54,87.45,1.09,0.74,C0R341
貓鼻頭,21.921774,120.7358,-1.33,19.61,-2.2,72.59,0.98,0.39,C0R350
大漢山,22.405264,120.753181,-2.1,8.2,3.52,97.77,2.84,1.9,C0R440
高樹,22.826389,120.600806,-1.17,18.58,-1.18,76.86,0.45,-0.64,C0R470
長治,22.693128,120.542622,-0.66,19.15,-1.28,78.95,0.55,-0.34,C0R480
九如,22.7405,120.490503,-0.85,18.86,-7.5,75.5,0.36,-0.53,C0R490
崁頂,22.514781,120.506914,-1.55,18.39,-5.71,77.14,0.34,-0.75,C0R520
佳冬,22.419456,120.552375,-1.32,18.6,-2.48,79.5,0.48,-0.59,C0R540
新埤,22.467947,120.582894,-1.41,18.37,-6.14,76.0,0.43,-0.98,C0R550
新園,22.5434,120.461558,-0.56,19.26,-7.67,70.91,0.34,-0.92,C0R560
麟洛,22.65078,120.52719,-0.42,19.67,2.47,80.05,0.43,-0.5,C0R570
南州,22.48591,120.50274,-1.65,18.18,-2.18,78.73,0.27,-0.95,C0R580
里港,22.77919,120.49459,-2.02,17.55,-0.42,77.95,0.27,-0.52,C0R590
舊泰武,22.588194,120.664944,-1.91,14.75,4.35,89.36,1.18,-0.49,C0R600
墾雷,21.900836,120.855269,-2.22,19.72,3.21,82.05,1.3,-1.51,C0R620
東港,22.46247,120.44074,-2.62,18.81,-4.09,75.22,0.39,0.31,C0R640
竹田,22.58486,120.54344,-2.51,18.71,-7.67,76.18,0.39,0.31,C0R650
枋寮,22.367722,120.590647,-1.66,19.01,3.51,82.14,0.41,0.41,C0R660
楓港,22.190131,120.692156,-3.21,19.01,-3.01,64.41,0.64,0.64,C0R670
佳樂水,21.993578,120.861633,-2.79,19.73,-2.42,72.95,1.32,0.32,C0R680
墾丁,21.966756,120.810269,-2.63,17.37,-2.89,80.27,1.64,1.05,C0R690
枋山,22.246844,120.661086,-2.11,19.5,-2.16,67.64,0.45,0.45,C0R700
旭海,22.205403,120.887614,-3.01,17.25,11.24,92.86,1.39,0.18,C0R720
太麻里,22.60902,120.98533,-1.34,14.74,-4.61,81.73,1.25,-0.29,C0S690
知本,22.684866,121.005642,-1.61,14.25,0.52,89.23,1.11,-0.48,C0S700
鹿野,22.917711,121.122994,-1.42,14.43,0.81,85.18,0.84,-0.43,C0S710
綠島,22.6672,121.47533,-1.15,18.07,4.88,88.09,2.59,-2.89,C0S730
池上,23.119628,121.209469,-1.42,14.88,-0.74,84.64,0.7,-0.19,C0S740
大溪山,22.478475,120.943325,-1.54,15.37,-4.86,81.64,1.89,-0.09,C0S770
金崙,22.538122,120.966875,-1.56,16.7,-2.71,79.5,1.39,-0.04,C0S790
東河,22.972672,121.303986,-2.25,17.54,-2.9,77.18,0.59,-0.66,C0S810
長濱,23.286817,121.411975,-1.63,15.95,-4.75,77.0,1.05,-0.48,C0S830
南田,22.279725,120.889208,-1.66,19.02,14.38,93.05,1.48,-0.02,C0S840
關山,23.0395,121.175017,-2.34,15.55,-0.43,83.36,0.59,-1.23,C0S890
蘭嶼高中,22.04909,121.51214,-2.41,19.85,-0.24,75.82,9.43,-1.9,C0S900
蘭嶼燈塔,22.081197,121.503117,-2.57,18.16,-7.13,83.68,3.59,-0.45,C0S910
金峰嘉蘭,22.594789,120.960825,-2.92,16.92,0.74,82.41,1.14,0.76,C0S920
延平,22.902581,121.084058,-3.22,15.48,4.53,83.36,1.09,1.03,C0S930
石寧山,23.223772,121.406639,-3.26,16.38,1.26,82.09,1.2,0.52,C0S940
香蘭,22.587569,120.993375,-2.74,18.35,4.84,77.55,0.95,0.04,C0S960
加津林,22.416211,120.926942,-2.47,18.91,-3.44,69.73,1.07,0.57,C0S970
勝林山,22.430439,120.8938,-3.86,11.09,0.01,96.59,3.14,2.01,C0S980
山豬窟,22.318619,120.857372,-3.15,15.4,-3.78,80.59,1.48,0.87,C0S990
歷坵,22.520969,120.89185,-2.56,14.62,-0.29,90.0,1.75,1.42,C0SA00
檳榔四格山,22.810031,121.109308,-3.31,14.69,3.45,87.41,0.73,0.54,C0SA10
金崙山,22.567419,120.959667,-2.71,11.85,-3.78,91.64,2.5,1.06,C0SA20
都歷,23.020333,121.323642,-2.26,17.82,16.4,92.32,0.89,0.24,C0SA30
瑞和,22.974361,121.156697,-2.8,15.72,8.49,91.86,0.68,0.54,C0SA40
土坂,22.453108,120.887572,-2.37,16.85,0.41,84.86,1.89,1.55,C0SA80
大禹嶺,24.186117,121.316086,-1.08,3.61,1.77,70.45,3.64,0.44,C0T790
天祥,24.179597,121.495639,-0.99,12.98,-1.11,84.55,0.52,-0.82,C0T820
鯉魚潭,23.935639,121.508944,-1.68,14.43,0.96,90.64,1.27,-1.01,C0T870
西林,23.8119,121.441458,-1.12,15.48,1.94,86.87,1.41,-0.99,C0T900
光復,23.660694,121.424964,-1.1,15.58,-3.25,86.18,0.73,-1.6,C0T960
月眉山,23.809928,121.539828,-1.27,13.3,-2.39,90.95,0.93,-2.06,C0T9A0
水源,23.991861,121.537169,-1.25,13.0,-3.4,87.32,1.57,-1.88,C0T9B0
和中,24.26676,121.74103,-1.39,16.61,8.7,93.27,0.34,-1.96,C0T9D0
大坑,23.880628,121.581981,-1.32,13.83,-3.47,87.32,1.48,-1.73,C0T9E0
水璉,23.797131,121.542514,-1.86,15.15,-0.29,84.32,0.82,-1.56,C0T9F0
鳳林山,23.735269,121.420131,-2.51,12.63,-3.68,89.86,1.23,-2.03,C0T9G0
加路蘭山,23.682947,121.5274,-1.53,11.88,1.7,96.77,3.5,-2.97,C0T9H0
靜浦,23.455167,121.495028,-1.42,16.23,-1.77,83.93,4.8,0.45,C0T9M0
雙連埤,24.753033,121.641303,-1.89,10.9,-7.5,89.95,1.86,-4.96,C0U520
礁溪,24.817539,121.765608,-1.15,15.33,-8.66,76.32,0.7,-3.92,C0U600
玉蘭,24.675286,121.587061,-1.41,12.4,-6.24,81.95,2.18,-3.77,C0U650
太平山,24.505486,121.525656,-1.49,4.55,1.54,92.41,2.68,-1.4,C0U710
南山,24.43742,121.38167,-3.97,7.64,-2.98,94.0,1.75,-1.03,C0U720
東澳,24.52196,121.83318,-1.54,15.64,2.78,91.68,1.73,-6.26,C0U760
南澳,24.44935,121.81022,-1.77,16.24,-5.22,72.91,0.41,-2.62,C0U770
五結,24.68637,121.79794,-1.62,14.94,-5.04,78.36,1.07,-8.07,C0U780
頭城,24.85323,121.8308,-2.33,15.64,-10.18,77.05,0.75,-4.01,C0U860
大礁溪,24.791042,121.675047,-2.59,12.34,-2.55,85.41,1.59,-7.39,C0U870
三星,24.66812,121.65302,-2.56,14.42,2.59,91.45,1.27,-6.6,C0U890
內城,24.71813,121.68766,-2.34,14.97,-6.08,80.82,1.11,-6.25,C0U900
冬山,24.63373,121.7937,-1.97,15.57,5.81,92.09,1.16,-13.72,C0U910
羅東,24.68184,121.74934,-1.99,15.18,-6.24,80.27,0.93,-10.85,C0U940
鶯子嶺,24.89754,121.79244,-3.11,7.91,-7.13,90.32,3.32,-7.99,C0U950
翠峰湖,24.510856,121.608044,-3.16,3.89,-7.54,88.23,1.82,-2.56,C0U960
大福,24.80064,121.81389,-2.72,15.13,-5.78,75.36,0.77,-6.51,C0U970
坪林石牌,24.86478,121.77396,-2.58,11.16,-6.59,89.41,1.39,-6.88,C0U980
員山,24.74435,121.72247,-2.55,15.2,-4.46,79.67,0.52,-8.02,C0U990
土場,24.576533,121.495333,-2.88,12.44,-3.88,85.64,1.2,-1.98,C0UA00
鴛鴦湖,24.590269,121.412228,-4.0,4.85,0.55,98.05,4.3,-0.16,C0UA10
白嶺,24.527819,121.519031,-3.63,6.28,0.55,96.05,4.89,-0.65,C0UA30
西德山,24.560647,121.752608,-4.1,7.73,1.79,97.68,4.89,-7.29,C0UA40
西帽山,24.555361,121.802628,-3.4,9.71,-6.65,90.95,6.89,-14.47,C0UA50
樟樹山,24.41393,121.78325,-3.2,12.13,4.17,95.77,1.07,-2.74,C0UA60
桃源谷,24.962606,121.888875,-2.98,11.36,-5.84,90.86,4.48,-8.23,C0UA70
復興,23.222403,120.806089,-1.15,15.6,6.69,81.55,2.05,-0.14,C0V210
美濃,22.898742,120.519153,1.48,20.2,3.21,83.0,0.0,-0.52,C0V310
溪埔,22.738578,120.446797,-1.19,17.93,1.64,81.18,0.32,-0.59,C0V350
內門,22.975481,120.466769,-0.03,17.85,-1.18,80.48,0.55,-0.45,C0V360
古亭坑,22.893178,120.401947,-1.06,16.57,1.32,84.5,0.52,0.07,C0V370
阿公店,22.804194,120.355528,-1.8,16.63,-4.58,77.64,0.36,-0.43,C0V400
鳳山,22.646653,120.356122,-1.65,17.91,4.88,79.81,0.36,-0.56,C0V440
鳳森,22.545064,120.392592,-1.45,18.21,-1.86,74.23,0.25,-0.97,C0V450
新興,22.627422,120.298803,-0.74,18.35,-4.13,69.91,0.3,-0.33,C0V490
阿蓮,22.883208,120.327508,-0.72,17.87,-10.04,73.0,0.36,-0.47,C0V530
梓官,22.760558,120.267211,-1.52,17.46,-5.92,71.95,0.25,-0.4,C0V610
永安,22.82315,120.236856,-1.69,16.96,-6.89,72.73,0.3,-0.44,C0V620
茄萣,22.906642,120.182608,-1.38,17.01,-3.04,73.55,0.3,-0.61,C0V630
湖內,22.887139,120.2445,-1.81,16.76,-6.85,71.86,0.32,-0.42,C0V640
彌陀,22.783806,120.246361,-1.16,17.8,-6.41,72.5,0.34,-0.28,C0V650
岡山,22.797078,120.294958,-1.21,18.05,-5.13,70.77,0.41,-0.34,C0V660
仁武,22.701083,120.347722,-1.42,18.19,-1.17,75.36,0.3,-0.62,C0V680
鼓山,22.623325,120.275575,-1.79,17.85,-1.79,74.18,0.41,-0.57,C0V690
三民,22.645017,120.311233,-1.59,18.51,0.5,71.68,0.36,-0.59,C0V700
苓雅,22.622742,120.330669,-0.73,19.0,4.98,75.18,0.32,-0.76,C0V710
林園,22.507747,120.394511,-0.7,20.13,0.24,71.05,0.3,-0.95,C0V720
大寮,22.605614,120.395717,-1.6,18.42,0.39,73.91,0.41,-0.73,C0V730
旗山,22.888614,120.483597,-0.78,18.18,0.96,78.36,0.48,-0.45,C0V740
路竹,22.854997,120.259439,-1.07,17.94,-5.12,72.55,0.3,-0.49,C0V750
橋頭,22.757806,120.30575,-1.34,18.1,-6.34,71.59,0.32,-0.35,C0V760
大社,22.730306,120.346639,-1.19,18.04,-2.68,73.64,0.3,-0.51,C0V770
萬山,22.905944,120.688056,-1.09,17.34,6.28,81.5,0.73,-0.53,C0V790
六龜,22.997889,120.633583,-0.64,18.47,8.66,85.41,0.73,-0.49,C0V800
左營,22.67491,120.28491,-2.13,17.33,-12.42,73.32,0.25,-0.7,C0V810
小林,23.148408,120.63325,-2.52,16.58,9.93,86.68,0.68,0.55,C0V820
東莒,25.9652,119.98069,0.12,11.8,-12.26,67.5,0.0,-1.83,C0W110
西嶼,23.5626,119.468436,-2.16,15.05,-14.34,71.41,0.61,-0.15,C0W120
花嶼,23.40007,119.32276,-1.85,16.12,-5.73,75.45,0.66,0.56,C0W130
金沙,24.488292,118.408778,-6.07,8.97,-33.33,41.0,0.0,-1.43,C0W140
金寧,24.457703,118.328989,-1.47,14.15,-20.32,55.09,0.0,-1.33,C0W150
東河,23.296598,120.385608,-2.18,16.03,-9.65,74.05,0.5,-0.89,C0X050
下營,23.22695,120.256261,-1.92,15.97,-11.3,72.95,0.41,-1.04,C0X060
佳里,23.173039,120.145086,-1.22,16.08,-7.01,75.86,0.55,-0.06,C0X080
臺南市北區,23.010394,120.194228,-1.64,16.84,-1.2,76.64,0.23,-0.77,C0X100
臺南市南區,22.961189,120.188378,-1.81,17.19,-3.88,73.05,0.2,-0.75,C0X110
麻豆,23.183289,120.248611,-1.16,16.95,-1.71,80.64,0.36,-0.55,C0X120
官田,23.193217,120.315422,-1.46,16.88,-4.57,75.32,0.39,-0.62,C0X130
西港,23.125608,120.203108,-1.82,16.19,-2.51,79.73,0.39,-0.64,C0X140
安定,23.102614,120.227839,-1.57,16.26,-3.11,81.41,0.32,-0.73,C0X150
仁德,22.968258,120.257689,-1.09,17.65,-1.65,75.55,0.34,-0.67,C0X160
關廟,22.963017,120.327797,-2.28,16.26,1.59,79.55,0.48,-0.36,C0X170
山上,23.0757,120.363253,-1.29,16.7,-3.8,79.23,0.27,-0.94,C0X180
安平,22.993161,120.152181,-1.88,16.51,-8.91,71.91,0.23,-0.66,C0X190
左鎮,23.056758,120.408522,-0.34,17.05,-4.48,80.95,0.32,-0.91,C0X200
白河,23.347466,120.414427,-2.11,16.09,-7.94,74.91,0.57,-0.81,C0X210
學甲,23.230367,120.182187,-1.8,15.97,-8.03,74.59,0.39,-0.86,C0X220
鹽水,23.272621,120.247641,-2.13,15.52,-8.16,76.91,0.45,-0.77,C0X230
關子嶺,23.331169,120.508025,-1.25,15.38,-2.98,84.86,0.77,-1.24,C0X240
新營,23.310689,120.316681,-1.98,16.2,-7.61,74.05,0.55,-0.67,C0X250
後壁,23.366358,120.362326,-1.86,16.0,-10.18,73.0,0.68,-0.66,C0X260
將軍,23.214999,120.13577,-2.07,15.71,-8.53,74.5,0.34,-0.65,C0X280
北門,23.267772,120.125481,-1.93,15.99,-7.63,75.5,0.57,-0.62,C0X290
鹿寮,23.386047,120.477331,-2.15,15.84,-1.37,84.59,0.82,-0.73,C0X300
明里,23.208717,121.262342,-1.36,15.04,-1.41,87.36,0.68,-0.71,C0Z020
佳心,23.34567,121.21316,-1.91,10.97,7.85,98.18,1.14,-0.11,C0Z050
玉里,23.3215,121.339656,-1.35,15.15,1.28,89.32,1.27,-0.37,C0Z061
舞鶴,23.46811,121.37407,-1.04,14.77,7.56,98.55,1.11,-0.43,C0Z070
富源,23.587642,121.378225,-1.38,14.66,-5.14,86.77,1.07,-1.07,C0Z080
東華,23.89525,121.549833,-1.5,16.17,-1.79,87.23,0.41,-1.51,C0Z100
吉安光華,23.930925,121.595153,-1.68,16.9,-17.5,68.5,0.75,-1.44,C0Z150
鳳林,23.746114,121.453411,-2.27,15.66,-5.02,79.55,0.64,-1.07,C0Z160
卓溪,23.3443,121.3029,-2.99,15.19,-1.77,81.82,1.09,-0.13,C0Z170
新城,24.03946,121.60454,-1.67,17.25,-10.77,68.13,0.27,-2.39,C0Z180
富世,24.14743,121.6297,-1.92,16.85,-7.66,75.59,0.45,-1.59,C0Z190
萬榮,23.709219,121.420106,-2.16,15.47,-9.61,81.18,0.8,-0.79,C0Z200
瑞穗,23.5239,121.39021,-2.0,15.55,-0.56,86.59,1.2,-0.82,C0Z210
和平林道,24.343922,121.656317,-2.67,12.22,-6.12,83.64,0.66,-2.17,C0Z220
和平,24.30717,121.77007,-2.42,16.35,-11.26,66.41,0.34,-2.14,C0Z230
瑞穗林道,23.49284,121.30688,-1.7,10.72,1.01,97.27,3.75,0.37,C0Z250
蕃薯寮,23.73835,121.540108,-2.16,14.36,-8.93,81.64,1.32,-4.81,C0Z270
德武,23.47426,121.41071,-2.73,14.9,-3.77,86.32,1.18,-1.03,C0Z280
赤柯山,23.36893,121.38293,-3.08,10.22,3.65,98.64,3.2,0.02,C0Z290
東里,23.26853,121.30547,-2.49,15.28,-4.94,85.23,1.11,-0.62,C0Z300
清水斷崖,24.218294,121.689142,-2.86,16.57,-10.14,74.05,0.09,-0.72,C0Z310
清水林道,23.27125,121.188272,-3.18,12.09,0.06,90.73,2.98,0.12,C0Z320
安通山,23.290728,121.348528,-3.87,12.8,1.44,90.82,1.7,0.33,C0Z330
口湖工作站,23.589978,120.180394,-2.2,15.86,-10.27,68.41,0.8,0.78,12J990
東港工作站,22.479997,120.466058,-2.59,18.87,-4.98,63.82,0.25,0.24,12Q970
恆春工作站,22.079678,120.714425,-2.75,19.69,-3.38,62.64,0.55,0.55,12Q980
萬大發電廠,23.978875,121.139639,-2.22,12.79,-3.36,78.23,3.27,3.25,42HA10
桃改樹林分場,24.944503,121.386972,-2.28,15.13,-9.02,68.77,0.98,0.48,72AI40
桃園農改場,24.950944,121.030583,0.01,15.45,-12.83,68.41,0.7,-1.7,72C440
桃改五峰分場,24.612194,121.157167,-1.12,9.99,-2.13,83.5,1.77,-1.19,72D080
臺中農改場,24.003028,120.534389,-0.96,15.65,-3.0,76.45,0.84,0.02,72G600
中改埔里分場,23.903208,120.963364,-2.33,14.09,2.87,86.91,2.11,1.84,72HA00
南改斗南分場,23.634556,120.477333,-0.63,16.0,-3.02,76.55,1.2,0.36,72K220
南改義竹分場,23.360694,120.279361,-1.2,15.57,-6.2,74.95,0.66,0.21,72M360
南改鹿草分場,23.416869,120.283061,-2.46,15.82,-8.82,73.23,0.95,0.89,72M700
臺南農改場,23.0605,120.342194,-1.4,16.1,1.84,80.32,0.25,-0.1,72N100
七股研究中心,23.081672,120.062894,-2.51,16.19,-8.46,75.73,0.32,0.26,72N240
高雄農改場,22.709333,120.525889,-1.23,18.29,4.34,81.91,0.45,0.11,72Q010
東改班鳩分場,22.829528,121.077694,-1.41,15.88,-3.12,75.64,0.84,-0.17,72S200
東改賓朗果園,22.813889,121.071278,-1.84,15.57,-6.66,78.86,0.89,-0.06,72S590
花蓮農改場,23.975222,121.563889,-1.09,16.39,-4.64,76.29,1.05,-0.51,72T250
花改蘭陽分場,24.686306,121.716583,-1.14,15.16,-5.66,76.91,1.23,-4.05,72U480
高改旗南分場,22.857861,120.516667,-1.6,17.35,4.77,79.09,0.48,0.05,72V140
茶改北部分場,24.955778,121.631222,-0.89,12.36,-5.92,80.64,1.98,-4.19,82A750
茶改場,24.908472,121.185333,-0.53,14.09,-10.49,71.86,1.05,-2.13,82C160
茶改中部分場,23.875611,120.913583,-1.93,13.23,1.37,83.73,2.0,0.73,82H320
茶改南部分場,23.762528,120.7405,-1.51,14.16,-2.05,85.05,1.55,0.41,82H840
茶改東部分場,22.907694,121.130139,-2.05,15.71,-4.24,76.78,0.86,-0.1,82S580
農工中心,24.985917,121.239833,-0.09,15.1,-10.71,66.82,0.84,-2.17,A2C560
水試臺西試驗場,23.717231,120.190522,-1.08,16.23,-6.32,76.23,0.73,0.57,A2K360
臺大雲林校區,23.730628,120.423903,-2.1,15.49,-8.8,74.36,0.61,0.61,A2K630
臺南蘭花園區,23.340258,120.379661,-2.09,16.15,-4.26,76.36,0.25,0.25,A2N290
畜試北區分所,24.527806,120.770972,-1.92,14.4,-11.05,74.64,0.59,-1.92,B2E890
畜產試驗所,23.058972,120.336406,-1.27,16.0,-0.28,80.05,0.25,-0.33,B2N890
畜試南區分所,21.945583,120.802167,-1.92,19.22,-4.28,68.77,1.2,-0.05,B2Q810
畜試東區分所,24.669039,121.832561,-2.46,15.34,-0.27,81.73,1.16,0.16,B2U990
蓮華池,23.918333,120.885278,-0.98,13.57,0.49,87.5,1.57,0.24,E2H360
林試畢祿溪站,24.226944,121.308522,-1.8,5.3,8.52,79.73,2.5,1.66,E2HA20
四湖植物園,23.676986,120.163433,-2.14,16.15,-3.31,81.23,0.86,0.76,E2K600
林試六龜中心,22.991703,120.645722,-1.52,17.1,8.9,85.77,0.7,0.68,E2P980
林試太麻里2,22.598,120.99775,-2.6,17.9,-3.14,73.36,1.05,-0.06,E2S960
林試太麻里1,22.598922,120.980044,-2.42,17.13,-1.06,77.77,1.23,-0.02,E2S980
農試所(霧峰),24.031261,120.688133,-1.15,15.85,0.25,79.68,1.25,0.42,G2F820
農試嘉義分所,23.485028,120.473806,-0.95,15.42,-3.07,78.5,0.95,0.15,G2L020
農試溪口農場,23.58565,120.408111,-1.65,15.83,-9.32,73.0,1.19,1.04,G2M350
農試鳳山分所,22.646611,120.356083,-1.72,17.7,-0.79,72.38,0.29,-0.18,G2P820
苗栗農改場,24.495722,120.829111,-1.33,13.76,-5.19,76.95,1.11,-0.6,K2E360
苗改生物防治研究中心,24.422861,120.871833,-3.61,12.46,-6.05,79.82,1.09,-0.12,K2E710
種苗改良場,24.225972,120.800917,-1.14,13.18,3.35,82.59,1.25,-0.13,K2F750
溪頭,23.670306,120.798194,-1.49,10.65,5.26,92.0,2.91,1.06,U2H480
臺大和社,23.590856,120.888864,-2.13,13.66,6.99,86.68,2.36,1.88,U2HA30
臺大內茅埔,23.689722,120.851117,-3.05,14.37,5.8,84.36,2.23,2.03,U2HA40
臺大竹山,23.756972,120.681556,-2.82,15.75,-8.95,76.45,1.27,1.11,U2HA50
臺大竹山,23.756972,120.681556,-2.82,15.75,-8.95,76.45,1.27,1.11,U2HA50
臺大內茅埔,23.689722,120.851117,-3.05,14.37,5.8,84.36,2.23,2.03,U2HA40
臺大和社,23.590856,120.888864,-2.13,13.66,6.99,86.68,2.36,1.88,U2HA30
臺大溪頭,23.670306,120.798194,-1.49,10.65,5.26,92.0,2.91,1.06,U2H480
種苗繁殖,24.225972,120.800917,-1.14,13.18,3.35,82.59,1.25,-0.13,K2F750
苗改生物防治研究中心,24.422861,120.871833,-3.61,12.46,-6.05,79.82,1.09,-0.12,K2E710
苗栗農改,24.495722,120.829111,-1.33,13.76,-5.19,76.95,1.11,-0.6,K2E360
農試鳳山分所,22.646611,120.356083,-1.72,17.7,-0.79,72.38,0.29,-0.18,G2P820
農試溪口農場,23.58565,120.408111,-1.65,15.83,-9.32,73.0,1.19,1.04,G2M350
農試嘉義分所,23.485028,120.473806,-0.95,15.42,-3.07,78.5,0.95,0.15,G2L020
農業試驗所,24.031261,120.688133,-1.15,15.85,0.25,79.68,1.25,0.42,G2F820
林試太麻里1,22.598922,120.980044,-2.42,17.13,-1.06,77.77,1.23,-0.02,E2S980
林試太麻里2,22.598014,120.989761,-2.6,17.9,-3.14,73.36,1.05,-0.06,E2S960
林試六龜中心,22.991703,120.645722,-1.52,17.1,8.9,85.77,0.7,0.68,E2P980
四湖植物園,23.676986,120.163433,-2.14,16.15,-3.31,81.23,0.86,0.76,E2K600
林試畢祿溪站,24.226944,121.308522,-1.8,5.3,8.52,79.73,2.5,1.66,E2HA20
蓮華池,23.918333,120.885278,-0.98,13.57,0.49,87.5,1.57,0.24,E2H360
畜試東區分所,24.669039,121.832561,-2.46,15.34,-0.27,81.73,1.16,0.16,B2U990
畜試南區分所,21.945583,120.802167,-1.92,19.22,-4.28,68.77,1.2,-0.05,B2Q810
畜試所,23.058972,120.336406,-1.27,16.0,-0.28,80.05,0.25,-0.33,B2N890
畜試北區分所,24.527806,120.770972,-1.92,14.4,-11.05,74.64,0.59,-1.92,B2E890
臺南蘭花園區,23.340258,120.379661,-2.09,16.15,-4.26,76.36,0.25,0.25,A2N290
臺大雲林校區,23.730628,120.423903,-2.1,15.49,-8.8,74.36,0.61,0.61,A2K630
水試臺西試驗場,23.717231,120.190522,-1.08,16.23,-6.32,76.23,0.73,0.57,A2K360
農工中心,24.985917,121.239833,-0.09,15.1,-10.71,66.82,0.84,-2.17,A2C560
茶改東部分場,22.907694,121.130139,-2.05,15.71,-4.24,76.78,0.86,-0.1,82S580
茶改南部分場,23.762528,120.7405,-1.51,14.16,-2.05,85.05,1.55,0.41,82H840
茶改中部分場,23.875611,120.913583,-1.93,13.23,1.37,83.73,2.0,0.73,82H320
茶改場,24.908472,121.185333,-0.53,14.09,-10.49,71.86,1.05,-2.13,82C160
茶改北部分場,24.955778,121.631222,-0.89,12.36,-5.92,80.64,1.98,-4.19,82A750
高改旗南分場,22.857861,120.516667,-1.6,17.35,4.77,79.09,0.48,0.05,72V140
花改蘭陽分場,24.686306,121.716583,-1.14,15.16,-5.66,76.91,1.23,-4.05,72U480
花蓮農改,23.975222,121.563889,-1.09,16.39,-4.64,76.29,1.05,-0.51,72T250
東改賓朗果園,22.813889,121.071278,-1.84,15.57,-6.66,78.86,0.89,-0.06,72S590
東改班鳩分場,22.829528,121.077694,-1.41,15.88,-3.12,75.64,0.84,-0.17,72S200
高雄農改,22.709333,120.525889,-1.23,18.29,4.34,81.91,0.45,0.11,72Q010
七股研究中心,23.081672,120.062894,-2.51,16.19,-8.46,75.73,0.32,0.26,72N240
臺南農改,23.0605,120.342194,-1.4,16.1,1.84,80.32,0.25,-0.1,72N100
南改鹿草分場,23.416869,120.283061,-2.46,15.82,-8.82,73.23,0.95,0.89,72M700
南改義竹分場,23.360694,120.279361,-1.2,15.57,-6.2,74.95,0.66,0.21,72M360
南改斗南分場,23.634556,120.477333,-0.63,16.0,-3.02,76.55,1.2,0.36,72K220
中改埔里分場,23.903208,120.963364,-2.33,14.09,2.87,86.91,2.11,1.84,72HA00
臺中農改,24.003028,120.534389,-0.96,15.65,-3.0,76.45,0.84,0.02,72G600
桃改五峰分場,24.612194,121.157167,-1.12,9.99,-2.13,83.5,1.77,-1.19,72D080
桃園農改,24.950944,121.030583,0.01,15.45,-12.83,68.41,0.7,-1.7,72C440
桃改樹林分場,24.944503,121.386972,-2.28,15.13,-9.02,68.77,0.98,0.48,72AI40
萬大發電廠,23.978875,121.139639,-2.22,12.79,-3.36,78.23,3.27,3.25,42HA10
恆春工作站,22.079678,120.714425,-2.75,19.69,-3.38,62.64,0.55,0.55,12Q980
東港工作站,22.479997,120.466058,-2.59,18.87,-4.98,63.82,0.25,0.24,12Q970
口湖工作站,23.589978,120.180394,-2.2,15.86,-10.27,68.41,0.8,0.78,12J990
