站名,緯度,經度,平均溫距平,本年度平均溫,平均溼度距平,本年度日均相對溼度,本年度日均降水量,日均降水量距平,站號
淡水,25.164889,121.448906,2.08,18.48,7.02,87.38,12.7,7.77,466900
鞍部,25.182586,121.529731,2.74,14.51,3.1,93.5,20.06,10.81,466910
臺北,25.037658,121.514853,2.61,20.27,2.99,79.5,11.62,5.83,466920
竹子湖,25.162078,121.544547,2.77,16.15,2.33,89.0,16.31,9.59,466930
基隆,25.133314,121.740475,2.83,19.69,7.7,86.43,22.01,12.27,466940
花蓮,23.975128,121.613275,2.33,21.69,5.3,81.5,5.09,2.66,466990
新屋,25.006744,121.047486,1.61,18.31,3.28,87.88,8.12,3.25,467050
宜蘭,24.763975,121.756528,2.43,20.35,7.48,85.75,6.44,2.35,467080
金門,24.407306,118.289281,2.31,16.55,11.58,87.38,7.39,4.52,467110
澎湖,23.565503,119.563094,1.8,20.48,7.4,85.38,4.01,2.74,467350
臺南,22.993239,120.204772,2.37,22.69,3.44,75.88,0.88,0.28,467410
永康,23.038386,120.2367,2.69,22.64,5.45,76.88,1.82,1.25,467420
嘉義,23.495925,120.432906,2.41,21.44,12.16,89.62,4.2,2.78,467480
臺中,24.145736,120.684075,2.27,21.2,3.2,76.38,7.9,5.15,467490
阿里山,23.508208,120.813242,3.53,11.94,-14.53,67.88,8.38,4.3,467530
大武,22.355675,120.903789,1.63,23.3,7.34,79.25,0.42,-0.87,467540
玉山,23.487614,120.959522,4.51,5.01,-1.72,74.0,6.06,3.9,467550
新竹,24.827853,121.014219,3.19,20.0,4.64,83.43,11.21,6.41,467571
恆春,22.003897,120.746339,2.07,24.5,6.52,77.38,0.42,0.09,467590
成功,23.097486,121.373428,2.0,22.05,10.01,86.25,4.72,2.12,467610
日月潭,23.881325,120.90805,2.03,17.95,6.29,85.88,8.62,5.71,467650
臺東,22.752211,121.154586,1.97,22.91,7.65,80.0,3.34,2.18,467660
馬祖,26.169269,119.923419,2.42,13.49,7.67,90.88,7.25,2.79,467990
山佳,24.974944,121.402008,2.94,20.14,0.9,82.62,14.62,9.43,C0A520
坪林,24.938183,121.70975,2.95,17.96,-3.99,88.25,10.0,5.28,C0A530
泰平,24.971197,121.823711,3.06,17.1,1.37,96.25,17.62,8.62,C0A550
桶後,24.848222,121.597992,2.73,17.29,0.08,94.25,12.88,6.99,C0A570
石碇,24.993969,121.662917,3.01,18.69,-1.91,88.12,12.12,6.95,C0A640
大坪,25.165914,121.632969,3.53,18.02,0.57,91.88,35.19,18.02,C0A860
五指山,25.132153,121.608692,4.52,17.11,-0.4,92.5,20.88,12.07,C0A870
雙溪,25.036003,121.864242,3.75,19.91,-2.89,88.38,14.88,7.66,C0A890
三和,25.233153,121.595236,1.67,17.41,1.75,91.12,30.75,19.09,C0A931
金山,25.223628,121.643967,2.09,18.31,-0.05,86.25,17.25,8.93,C0A940
鼻頭角,25.129036,121.923372,2.54,19.6,4.24,90.12,8.19,5.96,C0A950
三貂角,25.007606,122.002058,2.68,19.61,1.66,91.12,11.5,5.85,C0A970
社子,25.109508,121.469681,2.59,19.83,5.53,87.75,9.31,5.11,C0A980
天母,25.117494,121.537169,2.48,19.96,-0.76,76.75,7.12,3.2,C0A9C0
內湖,25.079422,121.57545,2.31,19.86,14.89,96.0,9.69,5.43,C0A9F0
大屯山,25.175675,121.522408,4.29,14.91,1.9,96.5,15.0,8.71,C0AC40
三峽,24.939025,121.369728,3.63,21.07,0.1,82.88,15.88,11.33,C0AC60
信義,25.037822,121.564597,3.75,21.25,1.15,83.25,14.0,10.24,C0AC70
文山,25.00235,121.575728,2.02,19.31,-0.15,84.0,11.88,8.06,C0AC80
新莊,25.051478,121.446756,2.11,19.92,5.94,83.25,9.31,5.78,C0ACA0
八里,25.150211,121.403947,2.74,19.56,9.92,94.38,9.62,5.64,C0AD10
蘆洲,25.086594,121.472331,2.63,20.48,1.5,80.38,8.5,5.35,C0AD30
土城,24.973208,121.445169,2.4,19.71,2.51,84.88,15.44,10.92,C0AD40
鶯歌,24.951533,121.346294,3.59,20.75,1.48,86.38,14.56,10.62,C0AD50
汐止,25.066881,121.658778,2.29,19.42,-2.55,85.62,14.62,9.51,C0AH00
永和,25.01125,121.508111,3.46,21.17,-1.06,80.0,12.25,7.52,C0AH10
五分山,25.07125,121.780794,2.79,16.33,-1.41,93.12,26.5,16.33,C0AH30
平等,25.129142,121.577086,2.02,17.62,-2.68,85.38,9.88,5.39,C0AH40
林口,25.072181,121.38084,2.23,18.45,-1.28,86.75,13.62,8.04,C0AH50
松山,25.04871,121.55042,1.34,20.42,4.03,78.25,11.81,6.29,C0AH70
深坑,25.002703,121.628328,3.4,21.32,-3.12,86.88,12.38,6.69,C0AH80
福山植物園,24.760717,121.58135,1.08,15.55,2.59,95.12,9.81,0.85,C0AH90
五股,25.07445,121.42728,0.79,18.27,-5.25,85.25,10.0,1.94,C0AI00
屈尺,24.92184,121.54475,2.32,20.21,-9.19,78.75,13.38,5.29,C0AI10
白沙灣,25.283128,121.519058,0.43,17.85,7.38,91.38,9.81,3.53,C0AI20
三重,25.057328,121.500629,0.52,20.3,-1.83,83.5,8.81,7.42,C0AI30
石牌,25.115597,121.513139,1.72,20.91,5.62,82.12,7.94,1.94,C0AI40
七堵,25.094819,121.71713,2.34,20.23,-5.24,86.88,18.19,8.77,C0B010
基隆嶼,25.19141,121.78391,1.26,18.55,6.24,96.12,16.44,9.58,C0B020
復興,24.820208,121.352281,3.08,17.78,-3.55,82.0,16.62,10.57,C0C460
桃園,24.992425,121.323172,2.57,19.55,3.94,82.12,14.44,9.83,C0C480
八德,24.928708,121.283289,2.25,18.89,-0.75,81.5,15.81,10.74,C0C490
觀音,25.027072,121.153317,2.11,17.98,8.72,92.62,9.5,4.24,C0C590
蘆竹,25.084275,121.265767,1.78,18.31,4.77,89.25,10.19,5.63,C0C620
大溪,24.882853,121.265547,2.79,18.62,0.72,81.75,19.44,14.59,C0C630
平鎮,24.897503,121.214636,2.87,18.55,-0.46,83.38,11.69,6.7,C0C650
楊梅,24.912375,121.143047,2.12,18.42,-1.38,83.25,11.12,4.85,C0C660
龍潭,24.870056,121.221389,2.17,18.23,-1.48,84.38,20.81,14.55,C0C670
龜山,25.02846,121.38656,1.87,18.71,-4.34,81.62,11.06,4.51,C0C680
中壢,24.977661,121.256375,1.22,18.71,-2.26,82.0,12.69,5.69,C0C700
大溪永福,24.892936,121.324975,1.62,18.75,-2.93,87.12,18.56,8.67,C0C710
梅花,24.678347,121.208558,2.81,17.3,-2.86,85.75,17.69,11.5,C0D360
峨眉,24.6905,121.017189,2.17,18.66,0.64,89.5,15.25,9.72,C0D430
打鐵坑,24.849664,121.150789,2.09,17.59,-1.21,86.5,13.44,8.39,C0D480
橫山,24.71116,121.11693,2.39,18.34,1.43,88.75,17.88,11.88,C0D540
雪霸,24.526972,121.11605,2.65,13.66,-9.97,70.0,18.69,10.71,C0D550
竹東,24.767147,121.057881,3.26,19.41,1.27,80.25,14.88,9.4,C0D560
寶山,24.735006,121.025192,2.39,18.32,2.4,87.5,13.5,7.53,C0D580
新豐,24.87068,120.97721,2.09,17.96,7.07,91.75,9.75,5.08,C0D590
湖口,24.904794,121.043628,2.24,18.66,-4.37,82.88,8.88,4.41,C0D650
新竹市東區,24.798681,120.986942,1.66,18.77,0.98,82.25,10.69,5.58,C0D660
竹南,24.708978,120.888897,2.66,19.16,4.54,86.62,11.06,7.26,C0E420
南庄,24.601775,121.000214,2.41,18.06,0.71,86.75,20.0,14.19,C0E430
明德,24.583486,120.885411,2.47,19.25,-2.16,84.38,11.12,7.02,C0E550
通霄,24.471892,120.704622,2.25,19.45,-2.01,85.12,10.44,6.64,C0E590
馬都安,24.451272,120.930192,2.23,16.91,0.5,85.0,18.56,13.27,C0E610
頭份,24.688247,120.912206,3.26,20.21,2.38,81.38,11.25,6.7,C0E730
造橋,24.637056,120.864778,2.04,18.9,-1.69,85.5,13.12,8.79,C0E740
苗栗,24.564569,120.824575,2.43,19.62,-4.39,77.25,10.38,6.12,C0E750
銅鑼,24.489681,120.790853,1.57,18.49,-2.57,82.12,10.44,5.86,C0E780
西湖,24.562947,120.7485,2.37,18.94,0.59,87.62,11.5,8.24,C0E810
獅潭,24.539133,120.920042,1.97,18.23,-4.04,86.25,16.94,12.02,C0E820
苑裡,24.439714,120.653053,1.69,19.45,-0.88,82.5,9.06,4.82,C0E830
大河,24.618069,120.948578,0.19,17.27,-3.97,83.88,13.62,6.45,C0E850
高鐵苗栗,24.60725,120.826094,1.04,19.25,5.25,91.25,11.25,3.16,C0E870
石岡,24.276061,120.777644,2.05,19.96,1.26,87.12,10.88,3.92,C0F0B0
中坑,24.248517,120.903319,-0.21,16.44,-3.58,84.75,16.25,7.86,C0F0C0
審馬陣,24.381675,121.4203,2.81,7.38,-12.25,66.75,10.81,0.42,C0F0D0
東勢,24.246428,120.833047,2.28,20.19,-0.03,80.62,15.06,11.95,C0F850
大坑,24.173142,120.722289,2.53,21.74,3.14,78.62,8.31,5.91,C0F970
神岡,24.272481,120.658314,1.92,19.48,-5.93,80.0,12.0,8.95,C0F9I0
大安,24.345061,120.588025,1.96,19.61,-2.04,84.0,8.5,5.95,C0F9K0
后里,24.310436,120.729725,2.51,20.08,-5.14,79.38,11.75,8.49,C0F9L0
豐原,24.254322,120.720692,2.96,21.09,-1.41,79.0,13.81,10.23,C0F9M0
大里,24.092464,120.701378,1.54,21.83,8.2,80.88,8.31,6.18,C0F9N0
潭子,24.213106,120.703933,2.62,21.61,3.12,81.38,9.94,6.99,C0F9O0
清水,24.312297,120.562242,2.01,19.95,0.38,83.88,8.62,6.37,C0F9P0
外埔,24.347817,120.705686,2.07,19.71,-3.24,81.5,10.19,7.3,C0F9Q0
龍井,24.184536,120.528972,1.97,20.49,-2.6,80.75,9.69,7.24,C0F9R0
烏日,24.107058,120.624103,2.05,21.2,1.14,76.0,7.06,4.8,C0F9S0
西屯,24.179494,120.641275,2.01,20.62,-0.51,77.5,6.94,4.49,C0F9T0
南屯,24.137006,120.637969,1.61,21.29,1.69,75.5,6.31,4.01,C0F9U0
新社,24.200172,120.815806,1.63,19.02,-3.06,80.0,11.69,8.5,C0F9V0
大雅(中科園區),24.21528,120.62445,1.07,19.81,1.7,81.5,11.56,6.76,C0F9X0
桃山,24.432739,121.303808,4.22,7.46,-11.9,63.88,11.5,-0.31,C0F9Y0
雪山東峰,24.388792,121.268675,4.2,8.26,-15.21,59.62,15.0,3.88,C0F9Z0
芬園,24.015678,120.6213,0.95,19.76,9.41,89.88,4.25,2.41,C0G620
員林,23.946503,120.585597,3.91,23.04,-2.22,76.25,4.75,2.91,C0G650
溪湖,23.94835,120.479122,3.46,22.4,12.78,94.5,5.94,4.39,C0G660
溪州,23.851589,120.499093,1.67,21.04,-4.05,75.75,4.81,1.81,C0G720
二林,23.903325,120.376081,1.63,20.49,1.29,88.0,4.06,2.06,C0G730
福興,24.041289,120.437669,2.13,21.22,-1.24,78.5,4.69,2.79,C0G770
秀水,24.03405,120.503869,2.67,21.66,0.61,82.62,5.69,3.81,C0G780
埔鹽,24.000394,120.431683,3.26,21.68,0.13,85.5,3.81,2.32,C0G800
埔心,23.947633,120.525456,3.21,22.38,3.98,82.25,4.75,3.02,C0G810
田尾,23.901669,120.509389,2.32,21.31,2.55,86.62,5.75,4.13,C0G820
埤頭,23.866003,120.452806,2.13,20.95,-6.5,82.5,4.94,3.38,C0G830
社頭,23.897647,120.5862,2.52,22.44,5.58,82.25,6.0,3.98,C0G860
二水,23.810742,120.6173,3.28,22.96,-3.69,78.75,4.0,2.34,C0G880
伸港,24.148933,120.484403,1.92,20.27,-1.44,81.38,6.75,4.73,C0G890
線西,24.143358,120.443536,-0.27,20.27,-2.0,83.0,6.38,6.1,C0G900
花壇,24.032076,120.549461,1.4,22.29,5.12,84.12,5.06,4.62,C0G910
埔里,23.972169,120.952425,0.76,19.95,3.92,84.25,7.56,3.48,C0H890
草屯,23.973672,120.68085,1.82,21.31,-0.25,77.38,5.69,3.99,C0H960
昆陽,24.121322,121.273642,4.4,7.96,-17.85,65.38,10.56,6.56,C0H990
神木村,23.532742,120.843667,2.98,15.78,-8.94,74.75,7.81,3.86,C0H9A0
合歡山,24.143442,121.272547,4.21,6.25,-12.98,70.88,20.06,10.52,C0H9C0
廬山,24.033311,121.181808,3.03,16.25,-12.19,67.5,12.12,6.37,C0I010
信義,23.689694,120.851036,0.52,18.92,0.45,81.88,8.06,4.66,C0I080
竹山,23.761225,120.688156,2.2,20.69,-0.45,83.75,7.06,4.68,C0I110
水里,23.812553,120.849792,1.13,20.45,-2.64,78.25,6.88,3.73,C0I360
魚池,23.895703,120.94135,1.16,19.08,-2.64,82.0,10.0,5.7,C0I370
集集,23.828206,120.801467,1.11,20.78,-1.6,79.0,7.19,3.58,C0I380
仁愛,24.022122,121.132206,1.47,16.66,-6.12,76.75,11.19,4.35,C0I390
名間,23.837053,120.701447,0.99,20.35,0.39,80.12,6.75,3.63,C0I410
國姓,24.037803,120.855072,0.5,19.88,1.46,83.38,9.06,5.78,C0I420
南投,23.911469,120.687331,0.99,21.06,6.92,83.88,5.25,1.87,C0I460
梅峰,24.085272,121.173572,3.52,12.75,-16.24,69.25,13.44,4.85,C0I480
萬大林道,23.928228,121.091411,2.85,16.02,-16.43,68.12,11.25,5.96,C0I490
小奇萊,24.131764,121.295717,3.18,7.31,-17.94,68.25,17.19,-8.28,C0I530
崙背,23.75555,120.318925,1.28,20.54,-2.08,80.88,4.75,1.66,C0K250
四湖,23.630414,120.227125,2.45,21.06,0.47,80.25,4.81,3.51,C0K280
宜梧,23.536281,120.169329,2.07,20.98,0.43,81.88,4.88,3.6,C0K291
虎尾,23.719183,120.442036,2.66,21.38,3.23,82.5,4.06,2.29,C0K330
土庫,23.679029,120.395574,1.6,21.1,-4.01,76.5,4.06,1.33,C0K390
斗六,23.720583,120.541127,1.56,21.11,-5.83,76.38,4.94,1.92,C0K400
北港,23.573957,120.292802,1.58,21.22,-4.53,77.62,4.38,2.25,C0K410
西螺,23.800407,120.467394,1.73,21.14,-2.2,78.0,5.25,2.37,C0K420
褒忠,23.690938,120.303634,1.66,20.91,-2.28,79.88,5.44,2.65,C0K430
二崙,23.772797,120.408944,1.61,20.81,6.46,89.5,3.88,1.53,C0K440
大埤,23.646074,120.431537,1.66,21.35,-2.79,77.5,3.5,0.92,C0K450
斗南,23.678734,120.478359,1.69,21.28,-0.56,78.38,3.88,1.22,C0K460
林內,23.748675,120.609642,1.42,20.94,-2.98,79.0,6.75,3.46,C0K470
莿桐,23.761192,120.502372,1.66,20.98,-4.51,77.62,3.38,0.22,C0K480
元長,23.64981,120.315024,1.62,21.11,0.66,80.12,3.69,1.15,C0K500
水林,23.572924,120.24597,1.72,21.36,0.56,80.0,4.75,2.41,C0K510
臺西,23.701547,120.197559,1.23,20.58,1.14,82.88,2.38,-0.21,C0K530
蔦松,23.514319,120.229736,1.42,21.12,0.74,81.62,4.5,2.46,C0K550
棋山,23.68645,120.603417,1.49,21.2,1.1,82.12,5.56,2.43,C0K560
高鐵雲林,23.737456,120.417944,0.59,20.62,-6.44,83.0,3.81,-0.04,C0K580
東後寮,23.369908,120.248065,1.48,21.19,1.11,82.0,5.5,3.76,C0M520
奮起湖,23.493903,120.699253,8.01,21.97,-23.06,63.17,0.0,-2.87,C0M530
中埔,23.42538,120.5229,1.51,21.45,-2.45,76.38,4.69,2.87,C0M640
朴子,23.43463,120.23902,0.88,20.7,3.57,82.5,5.12,3.19,C0M650
溪口,23.604131,120.403569,1.61,21.19,-3.5,78.12,3.94,1.84,C0M660
大林,23.600616,120.45841,1.58,21.46,-0.78,76.75,4.94,2.35,C0M670
太保,23.455062,120.331455,1.28,21.39,-2.35,77.62,4.56,2.46,C0M680
水上,23.419734,120.388909,1.57,21.55,3.74,82.25,3.81,2.25,C0M690
竹崎,23.526178,120.555508,1.36,21.14,0.24,81.12,5.19,2.82,C0M700
東石,23.458927,120.15385,1.23,20.88,-1.95,79.62,5.62,3.62,C0M710
番路,23.464657,120.554156,1.46,20.86,1.91,81.75,5.81,3.47,C0M720
嘉義市東區,23.457673,120.460531,1.33,22.28,3.04,77.12,5.19,3.2,C0M730
六腳,23.492871,120.290625,1.43,21.28,-0.98,78.38,6.94,4.77,C0M740
布袋,23.380878,120.167789,1.71,21.48,-2.28,79.12,5.19,3.18,C0M750
民雄,23.551754,120.428457,1.53,21.58,-1.7,77.5,6.0,3.6,C0M760
嘉義梅山,23.585398,120.555587,1.47,21.12,3.7,83.88,5.19,2.52,C0M770
鹿草,23.41134,120.30835,1.71,21.82,1.23,78.5,5.62,4.06,C0M780
新港,23.553269,120.345728,1.37,21.31,-0.58,77.75,5.19,2.92,C0M790
茶山,23.299075,120.664767,1.28,21.02,0.61,79.88,10.0,7.94,C0M800
里佳,23.389125,120.716647,2.6,17.42,-8.34,74.38,8.31,5.21,C0M810
達邦,23.453994,120.749517,2.1,18.8,-3.28,74.5,5.94,2.7,C0M820
表湖,23.24186,120.64166,0.17,19.56,-1.86,80.62,5.06,2.58,C0M850
北寮,23.079561,120.495008,1.52,22.14,7.49,87.88,2.38,1.69,C0O830
王爺宮,23.222064,120.40085,4.01,23.7,-6.58,76.62,6.06,5.14,C0O840
大內,23.11885,120.36083,2.5,23.28,3.85,84.5,3.0,2.52,C0O860
善化,23.112883,120.297219,2.54,22.24,6.53,88.75,1.19,0.64,C0O900
崎頂,22.959547,120.369317,2.03,22.36,5.27,85.25,2.44,1.36,C0O960
虎頭埤,23.021375,120.347878,1.64,21.96,0.94,81.38,1.81,1.18,C0O970
新市,23.061614,120.298197,2.07,22.8,0.04,80.62,2.69,2.2,C0O980
媽廟,22.99175,120.293525,1.22,22.05,15.17,93.5,1.88,1.17,C0O990
尾寮山,22.833111,120.683889,2.03,18.2,-9.88,78.75,1.56,0.31,C0R100
阿禮,22.742908,120.743678,2.17,19.24,-7.21,75.0,2.19,1.52,C0R130
瑪家,22.682903,120.686639,1.26,19.59,7.21,91.5,1.62,0.82,C0R140
三地門,22.709889,120.639944,2.11,24.01,-15.5,57.75,0.88,0.21,C0R150
鹽埔,22.739558,120.530778,1.54,23.38,0.55,83.25,0.5,0.23,C0R160
赤山,22.592333,120.614306,1.53,23.55,7.64,87.38,0.19,-0.65,C0R190
潮州,22.534361,120.54,2.29,24.01,-1.11,77.88,0.12,-0.48,C0R220
來義,22.527306,120.625111,0.92,22.71,6.68,85.38,0.12,-0.64,C0R240
春日,22.370361,120.628306,-0.46,22.05,7.57,83.12,0.19,-0.1,C0R260
琉球嶼,22.332244,120.362236,1.49,23.71,0.05,78.88,0.75,0.36,C0R270
車城,22.0744,120.716247,1.15,24.67,1.47,77.25,0.12,0.12,C0R320
牡丹,22.130036,120.792639,1.09,22.09,6.1,92.88,0.25,-0.47,C0R341
貓鼻頭,21.921774,120.7358,2.19,24.32,0.14,81.25,1.12,0.77,C0R350
大漢山,22.405264,120.753181,1.79,14.2,-6.62,90.38,1.62,0.62,C0R440
高樹,22.826389,120.600806,1.4,23.56,-3.54,74.12,0.31,-0.07,C0R470
長治,22.693128,120.542622,1.97,24.29,0.33,77.5,0.31,-0.02,C0R480
九如,22.7405,120.490503,1.67,23.86,-4.06,76.88,0.12,-0.1,C0R490
崁頂,22.514781,120.506914,1.05,23.2,-0.61,81.38,0.0,-0.4,C0R520
佳冬,22.419456,120.552375,1.23,23.48,2.53,81.88,0.06,-0.25,C0R540
新埤,22.467947,120.582894,0.98,23.29,-2.91,77.5,0.19,-0.14,C0R550
新園,22.5434,120.461558,2.08,24.29,-3.74,74.75,0.0,-0.56,C0R560
麟洛,22.65078,120.52719,2.11,24.58,5.03,81.0,0.0,-0.51,C0R570
南州,22.48591,120.50274,0.91,23.01,4.73,84.12,0.12,-0.22,C0R580
里港,22.77919,120.49459,1.0,22.99,4.28,81.62,0.38,-0.08,C0R590
舊泰武,22.588194,120.664944,1.88,20.14,-3.54,85.0,0.44,-0.91,C0R600
墾雷,21.900836,120.855269,1.24,23.96,11.35,91.12,0.19,-0.57,C0R620
東港,22.46247,120.44074,0.51,23.78,1.71,81.88,0.0,-0.25,C0R640
竹田,22.58486,120.54344,0.35,23.61,-5.53,78.25,0.06,-1.3,C0R650
枋寮,22.367722,120.590647,0.44,23.62,5.88,85.88,0.31,0.31,C0R660
楓港,22.190131,120.692156,0.57,24.26,-0.86,70.25,0.06,0.06,C0R670
佳樂水,21.993578,120.861633,0.75,24.01,4.0,85.0,1.19,-0.92,C0R680
墾丁,21.966756,120.810269,1.29,22.3,0.33,89.0,0.56,-0.77,C0R690
枋山,22.246844,120.661086,1.42,25.04,0.83,71.5,0.0,0.0,C0R700
旭海,22.205403,120.887614,0.49,21.99,14.39,99.5,0.5,-1.06,C0R720
太麻里,22.60902,120.98533,2.61,19.75,3.9,91.12,1.44,-0.42,C0S690
知本,22.684866,121.005642,2.51,19.45,4.99,93.88,0.25,-2.04,C0S700
鹿野,22.917711,121.122994,2.86,19.96,2.04,89.38,3.0,1.56,C0S710
綠島,22.6672,121.47533,2.45,22.69,9.19,97.75,9.75,6.74,C0S730
池上,23.119628,121.209469,2.85,20.61,0.44,86.0,2.5,1.61,C0S740
大溪山,22.478475,120.943325,2.2,20.16,4.12,92.12,3.69,1.19,C0S770
金崙,22.538122,120.966875,1.9,21.82,5.04,86.88,2.81,0.57,C0S790
東河,22.972672,121.303986,1.23,22.3,4.4,87.62,6.06,5.03,C0S810
長濱,23.286817,121.411975,1.99,20.76,1.9,88.12,2.06,0.88,C0S830
南田,22.279725,120.889208,1.82,23.48,16.79,99.12,0.94,-0.73,C0S840
關山,23.0395,121.175017,2.08,21.19,2.58,87.25,1.94,0.62,C0S890
蘭嶼高中,22.04909,121.51214,0.72,24.0,5.99,85.38,3.44,-5.87,C0S900
蘭嶼燈塔,22.081197,121.503117,1.28,22.92,-3.14,88.75,0.38,-3.21,C0S910
金峰嘉蘭,22.594789,120.960825,0.28,22.12,4.57,85.12,0.25,-0.58,C0S920
延平,22.902581,121.084058,0.35,20.86,2.92,83.25,2.62,2.12,C0S930
石寧山,23.223772,121.406639,0.72,21.34,3.65,90.88,3.06,2.01,C0S940
香蘭,22.587569,120.993375,0.44,23.1,10.15,85.38,1.31,0.76,C0S960
加津林,22.416211,120.926942,0.55,23.24,5.1,81.88,2.0,-1.94,C0S970
勝林山,22.430439,120.8938,-0.09,16.81,1.71,97.38,6.38,3.82,C0S980
山豬窟,22.318619,120.857372,0.6,20.6,1.47,89.25,0.69,-0.09,C0S990
歷坵,22.520969,120.89185,0.96,20.0,1.22,92.0,0.44,-0.73,C0SA00
檳榔四格山,22.810031,121.109308,0.47,20.08,6.1,91.88,0.69,-0.31,C0SA10
金崙山,22.567419,120.959667,0.91,17.39,0.97,95.75,4.69,1.8,C0SA20
都歷,23.020333,121.323642,1.08,22.26,18.86,99.75,5.81,4.76,C0SA30
瑞和,22.974361,121.156697,0.61,20.92,12.71,96.38,1.31,-2.52,C0SA40
土坂,22.453108,120.887572,0.48,21.8,5.68,89.12,1.19,-0.71,C0SA80
大禹嶺,24.186117,121.316086,4.11,10.32,-10.37,61.88,16.06,8.73,C0T790
天祥,24.179597,121.495639,2.74,18.32,0.35,85.5,5.56,2.61,C0T820
鯉魚潭,23.935639,121.508944,1.92,19.2,1.41,92.88,6.12,2.33,C0T870
西林,23.8119,121.441458,2.19,20.34,6.85,90.38,4.5,1.86,C0T900
光復,23.660694,121.424964,2.7,20.75,-1.0,89.0,3.06,-0.25,C0T960
月眉山,23.809928,121.539828,2.86,18.6,0.57,95.88,5.38,2.24,C0T9A0
水源,23.991861,121.537169,2.76,18.0,-0.12,93.88,10.0,3.84,C0T9B0
和中,24.26676,121.74103,2.23,21.31,13.09,99.62,8.44,5.08,C0T9D0
大坑,23.880628,121.581981,2.69,19.01,1.72,94.38,6.31,2.04,C0T9E0
水璉,23.797131,121.542514,1.97,20.27,4.1,91.25,4.94,2.03,C0T9F0
鳳林山,23.735269,121.420131,1.58,18.02,-1.32,93.88,4.69,0.11,C0T9G0
加路蘭山,23.682947,121.5274,2.62,17.55,2.49,98.88,5.31,-0.26,C0T9H0
靜浦,23.455167,121.495028,2.45,21.12,3.49,93.38,6.12,2.88,C0T9M0
雙連埤,24.753033,121.641303,2.4,16.48,-4.35,93.0,9.25,4.12,C0U520
礁溪,24.817539,121.765608,2.79,20.25,-0.12,85.88,6.19,2.13,C0U600
玉蘭,24.675286,121.587061,2.97,17.98,-3.43,86.38,11.44,5.21,C0U650
太平山,24.505486,121.525656,4.07,12.32,-11.24,79.0,8.38,4.37,C0U710
南山,24.43742,121.38167,1.84,14.58,-11.68,85.38,7.62,-2.29,C0U720
東澳,24.52196,121.83318,2.15,20.39,8.38,99.5,7.88,3.21,C0U760
南澳,24.44935,121.81022,1.44,20.78,6.13,86.25,2.5,0.02,C0U770
五結,24.68637,121.79794,1.98,20.04,1.2,86.62,4.88,1.33,C0U780
頭城,24.85323,121.8308,0.57,19.8,5.93,90.62,5.12,-0.33,C0U860
大礁溪,24.791042,121.675047,1.48,17.85,1.76,91.88,9.94,3.15,C0U870
三星,24.66812,121.65302,1.24,19.76,6.16,96.12,7.5,2.65,C0U890
內城,24.71813,121.68766,1.42,20.15,-1.41,87.62,7.81,3.24,C0U900
冬山,24.63373,121.7937,1.69,20.56,13.6,97.75,5.69,0.86,C0U910
羅東,24.68184,121.74934,1.81,20.51,-2.02,86.25,5.06,0.58,C0U940
鶯子嶺,24.89754,121.79244,1.87,14.34,-6.6,92.25,13.06,1.54,C0U950
翠峰湖,24.510856,121.608044,1.42,10.61,-2.69,91.5,8.0,3.54,C0U960
大福,24.80064,121.81389,0.59,19.64,4.25,87.0,5.12,0.03,C0U970
坪林石牌,24.86478,121.77396,1.43,16.64,-0.83,96.5,10.38,2.45,C0U980
員山,24.74435,121.72247,1.04,20.2,2.99,87.75,6.69,2.3,C0U990
土場,24.576533,121.495333,1.02,18.16,-2.32,86.38,7.81,1.79,C0UA00
鴛鴦湖,24.590269,121.412228,1.67,11.98,-3.85,89.5,13.0,4.0,C0UA10
白嶺,24.527819,121.519031,1.9,13.66,-5.62,90.38,9.38,1.39,C0UA30
西德山,24.560647,121.752608,1.47,14.3,-0.51,96.88,8.44,1.59,C0UA40
西帽山,24.555361,121.802628,1.48,15.64,-2.64,94.62,10.58,-4.21,C0UA50
樟樹山,24.41393,121.78325,1.13,17.38,7.73,99.0,4.38,-3.97,C0UA60
桃源谷,24.962606,121.888875,1.57,16.62,0.6,97.88,17.19,6.13,C0UA70
復興,23.222403,120.806089,1.48,20.27,-0.33,74.5,2.94,0.94,C0V210
溪埔,22.738578,120.446797,1.5,23.26,3.44,80.5,0.0,-0.21,C0V350
內門,22.975481,120.466769,1.58,22.24,4.35,81.75,1.69,0.43,C0V360
古亭坑,22.893178,120.401947,1.81,22.01,3.79,83.38,1.38,0.68,C0V370
阿公店,22.804194,120.355528,1.38,22.08,1.67,81.88,0.06,-0.08,C0V400
鳳山,22.646653,120.356122,1.05,23.0,11.46,85.12,0.31,0.06,C0V440
鳳森,22.545064,120.392592,1.36,23.34,2.02,78.0,0.0,-0.5,C0V450
新興,22.627422,120.298803,1.93,23.96,1.26,74.62,0.0,-0.25,C0V490
梓官,22.760558,120.267211,1.58,22.95,1.0,78.0,0.06,-0.14,C0V610
永安,22.82315,120.236856,1.47,22.49,-0.46,79.0,0.31,-0.86,C0V620
茄萣,22.906642,120.182608,2.01,22.72,6.2,80.62,1.94,1.27,C0V630
湖內,22.887139,120.2445,1.13,22.08,0.13,78.5,0.94,0.12,C0V640
彌陀,22.783806,120.246361,1.93,23.21,1.2,79.25,0.0,-0.42,C0V650
岡山,22.797078,120.294958,1.87,23.59,2.49,77.0,0.12,-0.3,C0V660
仁武,22.701083,120.347722,1.84,23.84,0.55,75.62,0.12,-0.11,C0V680
鼓山,22.623325,120.275575,1.43,23.38,3.15,79.62,0.0,-0.39,C0V690
三民,22.645017,120.311233,1.49,23.9,4.73,75.12,0.19,-0.11,C0V700
苓雅,22.622742,120.330669,2.96,25.14,5.04,74.75,0.88,0.56,C0V710
林園,22.507747,120.394511,1.53,24.65,7.43,78.12,0.0,-0.29,C0V720
大寮,22.605614,120.395717,1.18,23.52,8.56,81.0,0.0,-0.27,C0V730
旗山,22.888614,120.483597,1.8,23.44,3.16,77.75,0.94,0.12,C0V740
路竹,22.854997,120.259439,2.11,23.58,1.53,77.62,0.38,-0.66,C0V750
橋頭,22.757806,120.30575,1.74,23.66,-1.97,74.62,0.12,-0.08,C0V760
大社,22.730306,120.346639,1.24,23.08,8.64,82.62,1.06,0.82,C0V770
萬山,22.905944,120.688056,1.44,22.06,1.56,76.62,0.94,-0.34,C0V790
六龜,22.997889,120.633583,1.57,22.98,4.69,79.75,2.25,0.33,C0V800
左營,22.67491,120.28491,1.14,22.92,-1.97,77.88,0.25,-0.08,C0V810
小林,23.148408,120.63325,0.95,21.79,1.68,79.62,3.38,0.76,C0V820
東莒,25.9652,119.98069,0.93,13.35,3.18,85.88,6.38,1.69,C0W110
西嶼,23.5626,119.468436,0.75,19.73,3.84,88.38,3.38,0.94,C0W120
花嶼,23.40007,119.32276,0.34,20.17,8.12,88.62,1.75,-0.57,C0W130
金寧,24.457703,118.328989,2.15,17.8,3.86,82.25,3.88,-0.41,C0W150
東河,23.296598,120.385608,0.4,20.78,-2.42,78.0,6.88,5.22,C0X050
下營,23.22695,120.256261,1.16,21.3,0.31,79.75,5.88,4.6,C0X060
佳里,23.173039,120.145086,1.97,21.44,4.11,83.62,5.25,4.43,C0X080
臺南市北區,23.010394,120.194228,1.9,22.79,12.28,88.12,1.12,0.51,C0X100
臺南市南區,22.961189,120.188378,1.46,22.72,4.46,80.0,1.31,0.47,C0X110
麻豆,23.183289,120.248611,2.3,22.81,2.25,83.62,3.62,2.92,C0X120
官田,23.193217,120.315422,1.87,22.49,7.73,86.88,5.44,4.71,C0X130
西港,23.125608,120.203108,1.29,21.75,2.61,83.5,1.94,1.19,C0X140
安定,23.102614,120.227839,1.92,22.19,2.19,85.0,1.06,0.51,C0X150
仁德,22.968258,120.257689,1.88,22.98,6.0,82.0,1.81,1.06,C0X160
關廟,22.963017,120.327797,0.54,21.6,8.69,84.62,2.19,1.21,C0X170
山上,23.0757,120.363253,1.68,22.16,2.52,83.0,2.19,1.62,C0X180
安平,22.993161,120.152181,1.7,22.42,0.19,79.12,1.19,0.49,C0X190
左鎮,23.056758,120.408522,2.22,22.36,1.14,82.88,1.81,1.12,C0X200
白河,23.347466,120.414427,1.45,21.75,-1.3,78.5,4.56,3.12,C0X210
學甲,23.230367,120.182187,1.66,21.58,1.55,80.75,5.31,3.97,C0X220
鹽水,23.272621,120.247641,1.77,21.19,1.62,82.12,5.5,4.2,C0X230
關子嶺,23.331169,120.508025,1.1,19.92,5.64,88.12,11.06,9.14,C0X240
新營,23.310689,120.316681,1.11,21.92,2.07,80.0,5.75,3.23,C0X250
後壁,23.366358,120.362326,1.56,21.75,-2.5,77.88,4.75,3.25,C0X260
將軍,23.214999,120.13577,1.46,21.41,-3.3,78.12,4.31,3.31,C0X280
北門,23.267772,120.125481,1.39,21.36,-0.25,80.12,5.44,3.74,C0X290
鹿寮,23.386047,120.477331,2.64,22.52,2.41,84.12,5.94,4.03,C0X300
柳營,23.253328,120.375253,0.25,22.05,1.65,77.88,5.19,4.91,C0X320
明里,23.208717,121.262342,2.53,20.79,-2.54,88.0,3.44,2.74,C0Z020
佳心,23.34567,121.21316,2.68,16.96,7.42,96.0,1.75,0.18,C0Z050
玉里,23.3215,121.339656,2.57,21.32,3.95,90.88,1.75,-0.02,C0Z061
舞鶴,23.46811,121.37407,3.14,20.35,7.77,99.0,2.88,1.27,C0Z070
富源,23.587642,121.378225,2.25,20.15,-1.35,90.5,2.69,-0.11,C0Z080
東華,23.89525,121.549833,2.45,21.3,0.98,89.25,2.62,-0.51,C0Z100
吉安光華,23.930925,121.595153,1.24,21.4,-9.09,76.88,4.25,2.75,C0Z150
鳳林,23.746114,121.453411,1.0,20.6,-1.84,84.12,3.31,-0.11,C0Z160
卓溪,23.3443,121.3029,0.3,20.61,1.7,84.12,1.31,-0.57,C0Z170
新城,24.03946,121.60454,1.02,21.3,9.98,91.75,7.88,3.41,C0Z180
富世,24.14743,121.6297,0.71,20.99,2.37,87.75,11.44,7.07,C0Z190
萬榮,23.709219,121.420106,1.15,20.4,-6.25,85.0,2.69,-0.31,C0Z200
瑞穗,23.5239,121.39021,1.4,20.89,1.4,89.25,2.81,0.16,C0Z210
和平林道,24.343922,121.656317,1.17,17.75,-2.18,88.12,3.81,0.22,C0Z220
和平,24.30717,121.77007,0.66,20.79,3.49,80.25,3.62,-2.76,C0Z230
瑞穗林道,23.49284,121.30688,2.64,17.19,-1.53,95.25,4.75,-1.11,C0Z250
蕃薯寮,23.73835,121.540108,1.14,19.19,-0.09,91.88,3.69,-1.6,C0Z270
德武,23.47426,121.41071,0.73,20.31,-1.06,89.75,2.75,-0.25,C0Z280
赤柯山,23.36893,121.38293,0.83,16.15,2.14,97.88,3.81,0.72,C0Z290
東里,23.26853,121.30547,1.3,21.29,-5.28,83.88,1.81,-0.44,C0Z300
清水斷崖,24.218294,121.689142,0.66,20.88,-0.57,85.62,11.69,6.65,C0Z310
清水林道,23.27125,121.188272,1.23,17.98,-5.31,83.75,2.56,-2.47,C0Z320
安通山,23.290728,121.348528,0.94,18.81,1.84,92.25,2.0,-1.76,C0Z330
口湖工作站,23.589978,120.180394,0.68,20.54,-1.33,76.29,4.93,3.67,12J990
東港工作站,22.479997,120.466058,0.29,23.51,-0.16,68.29,0.0,-0.06,12Q970
恆春工作站,22.079678,120.714425,0.97,24.43,3.06,71.29,0.07,0.03,12Q980
萬大發電廠,23.978875,121.139639,0.45,17.11,-4.5,79.0,15.21,13.78,42HA10
桃改樹林分場,24.944503,121.386972,-0.36,18.79,1.76,81.43,16.86,14.86,72AI40
桃園農改場,24.950944,121.030583,1.83,17.91,7.79,89.29,9.57,5.18,72C440
桃改五峰分場,24.612194,121.157167,2.44,15.04,0.43,88.57,21.14,15.15,72D080
臺中農改場,24.003028,120.534389,1.96,20.21,6.39,85.29,6.5,4.66,72G600
中改埔里分場,23.903208,120.963364,-0.01,18.26,3.06,89.0,12.79,7.45,72HA00
南改斗南分場,23.634556,120.477333,2.35,21.04,2.9,82.0,6.07,4.51,72K220
南改義竹分場,23.360694,120.279361,1.95,20.84,0.3,80.43,4.36,3.4,72M360
南改鹿草分場,23.416869,120.283061,3.96,24.0,-9.71,73.0,0.0,-3.38,72M700
臺南農改場,23.0605,120.342194,0.96,21.31,7.13,85.14,1.86,1.24,72N100
七股研究中心,23.081672,120.062894,0.91,21.81,-0.03,82.14,1.43,-0.92,72N240
高雄農改場,22.709333,120.525889,1.43,23.27,6.67,82.43,0.36,-0.04,72Q010
東改班鳩分場,22.829528,121.077694,2.3,20.57,3.98,84.71,2.0,0.77,72S200
東改賓朗果園,22.813889,121.071278,1.69,20.2,-1.09,88.14,1.36,-0.16,72S590
花蓮農改場,23.975222,121.563889,2.24,20.8,1.85,83.71,7.21,4.58,72T250
花改蘭陽分場,24.686306,121.716583,2.46,19.96,2.18,84.57,7.93,4.46,72U480
高改旗南分場,22.857861,120.516667,0.69,22.29,10.16,81.71,0.29,-0.19,72V140
茶改北部分場,24.955778,121.631222,2.99,17.09,5.1,90.14,14.0,6.43,82A750
茶改場,24.908472,121.185333,2.07,17.53,2.8,86.57,13.71,7.55,82C160
茶改中部分場,23.875611,120.913583,0.65,17.41,3.67,87.57,11.07,8.36,82H320
茶改南部分場,23.762528,120.7405,1.17,18.71,-1.42,86.57,10.07,7.79,82H840
茶改東部分場,22.907694,121.130139,2.05,20.93,1.52,83.14,2.79,1.67,82S580
農工中心,24.985917,121.239833,2.12,18.1,7.8,86.29,13.5,6.84,A2C560
水試臺西試驗場,23.717231,120.190522,2.22,20.54,7.91,86.43,3.29,3.16,A2K360
臺大雲林校區,23.730628,120.423903,-0.11,20.26,1.57,81.57,2.93,2.65,A2K630
臺南蘭花園區,23.340258,120.379661,-0.13,21.24,4.81,82.14,5.29,5.29,A2N290
畜試北區分所,24.527806,120.770972,0.64,18.37,-1.85,85.86,11.86,2.86,B2E890
畜產試驗所,23.058972,120.336406,1.63,21.26,7.09,85.0,2.21,1.63,B2N890
畜試南區分所,21.945583,120.802167,1.4,23.63,3.25,77.57,0.21,-0.41,B2Q810
畜試東區分所,24.669039,121.832561,1.14,19.69,7.1,94.43,6.21,0.88,B2U990
蓮華池,23.918333,120.885278,0.62,17.86,4.75,89.29,7.86,4.75,E2H360
林試畢祿溪站,24.226944,121.308522,0.76,10.59,-3.4,75.71,19.21,14.88,E2HA20
四湖植物園,23.676986,120.163433,0.33,20.21,8.02,93.57,2.36,-2.56,E2K600
林試六龜中心,22.991703,120.645722,-0.2,21.81,7.02,82.57,1.93,1.65,E2P980
林試太麻里2,22.598,120.99775,0.09,22.41,3.54,80.43,1.57,0.9,E2S960
林試太麻里1,22.598922,120.980044,0.23,21.89,5.78,84.0,1.93,1.32,E2S980
農試所(霧峰),24.031261,120.688133,2.56,21.5,8.68,87.0,1.0,-1.08,G2F820
農試嘉義分所,23.485028,120.473806,1.38,20.6,2.4,81.86,5.43,3.88,G2L020
農試溪口農場,23.58565,120.408111,1.64,20.12,4.02,82.4,6.9,5.7,G2M350
農試鳳山分所,22.646611,120.356083,1.18,22.91,-34.16,77.29,0.36,-0.04,G2P820
苗栗農改場,24.495722,120.829111,1.84,18.26,3.27,85.29,16.0,11.86,K2E360
苗改生物防治研究中心,24.422861,120.871833,-0.36,17.23,-0.85,85.71,15.36,5.34,K2E710
種苗改良場,24.225972,120.800917,1.63,17.99,10.86,89.43,16.0,12.71,K2F750
溪頭,23.670306,120.798194,1.99,15.63,1.11,90.0,13.0,9.28,U2H480
臺大和社,23.590856,120.888864,0.18,18.01,4.31,84.43,6.93,2.37,U2HA30
臺大內茅埔,23.689722,120.851117,-0.4,18.69,2.35,83.57,8.21,3.21,U2HA40
臺大竹山,23.756972,120.681556,0.36,20.5,-5.13,79.71,8.43,4.29,U2HA50
臺大竹山,23.756972,120.681556,0.36,20.5,-5.13,79.71,8.43,4.29,U2HA50
臺大內茅埔,23.689722,120.851117,-0.4,18.69,2.35,83.57,8.21,3.21,U2HA40
臺大和社,23.590856,120.888864,0.18,18.01,4.31,84.43,6.93,2.37,U2HA30
臺大溪頭,23.670306,120.798194,1.99,15.63,1.11,90.0,13.0,9.28,U2H480
種苗繁殖,24.225972,120.800917,1.63,17.99,10.86,89.43,16.0,12.71,K2F750
苗改生物防治研究中心,24.422861,120.871833,-0.36,17.23,-0.85,85.71,15.36,5.34,K2E710
苗栗農改,24.495722,120.829111,1.84,18.26,3.27,85.29,16.0,11.86,K2E360
農試鳳山分所,22.646611,120.356083,1.18,22.91,-34.16,77.29,0.36,-0.04,G2P820
農試溪口農場,23.58565,120.408111,1.64,20.12,4.02,82.4,6.9,5.7,G2M350
農試嘉義分所,23.485028,120.473806,1.38,20.6,2.4,81.86,5.43,3.88,G2L020
農業試驗所,24.031261,120.688133,2.56,21.5,8.68,87.0,1.0,-1.08,G2F820
林試太麻里1,22.598922,120.980044,0.23,21.89,5.78,84.0,1.93,1.32,E2S980
林試太麻里2,22.598014,120.989761,0.09,22.41,3.54,80.43,1.57,0.9,E2S960
林試六龜中心,22.991703,120.645722,-0.2,21.81,7.02,82.57,1.93,1.65,E2P980
四湖植物園,23.676986,120.163433,0.33,20.21,8.02,93.57,2.36,-2.56,E2K600
林試畢祿溪站,24.226944,121.308522,0.76,10.59,-3.4,75.71,19.21,14.88,E2HA20
蓮華池,23.918333,120.885278,0.62,17.86,4.75,89.29,7.86,4.75,E2H360
畜試東區分所,24.669039,121.832561,1.14,19.69,7.1,94.43,6.21,0.88,B2U990
畜試南區分所,21.945583,120.802167,1.4,23.63,3.25,77.57,0.21,-0.41,B2Q810
畜試所,23.058972,120.336406,1.63,21.26,7.09,85.0,2.21,1.63,B2N890
畜試北區分所,24.527806,120.770972,0.64,18.37,-1.85,85.86,11.86,2.86,B2E890
臺南蘭花園區,23.340258,120.379661,-0.13,21.24,4.81,82.14,5.29,5.29,A2N290
臺大雲林校區,23.730628,120.423903,-0.11,20.26,1.57,81.57,2.93,2.65,A2K630
水試臺西試驗場,23.717231,120.190522,2.22,20.54,7.91,86.43,3.29,3.16,A2K360
農工中心,24.985917,121.239833,2.12,18.1,7.8,86.29,13.5,6.84,A2C560
茶改東部分場,22.907694,121.130139,2.05,20.93,1.52,83.14,2.79,1.67,82S580
茶改南部分場,23.762528,120.7405,1.17,18.71,-1.42,86.57,10.07,7.79,82H840
茶改中部分場,23.875611,120.913583,0.65,17.41,3.67,87.57,11.07,8.36,82H320
茶改場,24.908472,121.185333,2.07,17.53,2.8,86.57,13.71,7.55,82C160
茶改北部分場,24.955778,121.631222,2.99,17.09,5.1,90.14,14.0,6.43,82A750
高改旗南分場,22.857861,120.516667,0.69,22.29,10.16,81.71,0.29,-0.19,72V140
花改蘭陽分場,24.686306,121.716583,2.46,19.96,2.18,84.57,7.93,4.46,72U480
花蓮農改,23.975222,121.563889,2.24,20.8,1.85,83.71,7.21,4.58,72T250
東改賓朗果園,22.813889,121.071278,1.69,20.2,-1.09,88.14,1.36,-0.16,72S590
東改班鳩分場,22.829528,121.077694,2.3,20.57,3.98,84.71,2.0,0.77,72S200
高雄農改,22.709333,120.525889,1.43,23.27,6.67,82.43,0.36,-0.04,72Q010
七股研究中心,23.081672,120.062894,0.91,21.81,-0.03,82.14,1.43,-0.92,72N240
臺南農改,23.0605,120.342194,0.96,21.31,7.13,85.14,1.86,1.24,72N100
南改鹿草分場,23.416869,120.283061,3.96,24.0,-9.71,73.0,0.0,-3.38,72M700
南改義竹分場,23.360694,120.279361,1.95,20.84,0.3,80.43,4.36,3.4,72M360
南改斗南分場,23.634556,120.477333,2.35,21.04,2.9,82.0,6.07,4.51,72K220
中改埔里分場,23.903208,120.963364,-0.01,18.26,3.06,89.0,12.79,7.45,72HA00
臺中農改,24.003028,120.534389,1.96,20.21,6.39,85.29,6.5,4.66,72G600
桃改五峰分場,24.612194,121.157167,2.44,15.04,0.43,88.57,21.14,15.15,72D080
桃園農改,24.950944,121.030583,1.83,17.91,7.79,89.29,9.57,5.18,72C440
桃改樹林分場,24.944503,121.386972,-0.36,18.79,1.76,81.43,16.86,14.86,72AI40
萬大發電廠,23.978875,121.139639,0.45,17.11,-4.5,79.0,15.21,13.78,42HA10
恆春工作站,22.079678,120.714425,0.97,24.43,3.06,71.29,0.07,0.03,12Q980
東港工作站,22.479997,120.466058,0.29,23.51,-0.16,68.29,0.0,-0.06,12Q970
口湖工作站,23.589978,120.180394,0.68,20.54,-1.33,76.29,4.93,3.67,12J990
