站名,緯度,經度,平均溫距平,本年度平均溫,平均溼度距平,本年度日均相對溼度,本年度日均降水量,日均降水量距平,站號
淡水,25.164889,121.448906,-0.87,14.56,-4.01,78.0,7.17,3.54,466900
鞍部,25.182586,121.529731,-2.1,8.72,2.94,94.54,14.2,4.49,466910
臺北,25.037658,121.514853,-1.48,15.18,-0.67,76.85,7.2,3.79,466920
竹子湖,25.162078,121.544547,-2.05,10.4,2.05,90.15,13.58,5.97,466930
基隆,25.133314,121.740475,-0.99,15.05,-3.04,76.46,18.69,7.41,466940
花蓮,23.975128,121.613275,-2.01,16.49,1.92,77.77,3.87,1.92,466990
新屋,25.006744,121.047486,-0.82,14.25,-1.32,77.46,4.64,1.95,467050
宜蘭,24.763975,121.756528,-2.01,14.89,4.03,83.46,7.37,2.93,467080
金門,24.407306,118.289281,-0.35,12.78,-3.7,70.15,2.75,1.18,467110
澎湖,23.565503,119.563094,-1.74,15.12,-0.25,80.23,4.31,3.44,467350
臺南,22.993239,120.204772,-2.1,16.25,1.86,76.15,6.47,6.01,467410
永康,23.038386,120.2367,-1.63,16.29,3.8,77.38,7.17,6.86,467420
嘉義,23.495925,120.432906,-1.73,15.66,6.74,84.77,6.17,5.61,467480
臺中,24.145736,120.684075,-1.41,15.95,-0.23,74.31,6.07,5.13,467490
阿里山,23.508208,120.813242,-0.43,6.62,6.5,89.92,14.1,11.93,467530
大武,22.355675,120.903789,-2.04,18.69,1.28,73.08,2.68,1.33,467540
玉山,23.487614,120.959522,0.18,-0.21,0.82,68.85,16.85,15.42,467550
新竹,24.827853,121.014219,-1.01,14.65,-2.24,77.54,4.05,1.65,467571
恆春,22.003897,120.746339,-1.76,19.64,0.35,71.77,0.66,0.03,467590
成功,23.097486,121.373428,-2.03,17.19,3.62,79.46,6.6,3.99,467610
日月潭,23.881325,120.90805,-1.67,13.12,12.91,90.38,6.44,5.09,467650
臺東,22.752211,121.154586,-2.1,17.85,2.89,75.23,4.68,3.45,467660
馬祖,26.169269,119.923419,-0.62,9.45,-4.13,78.31,2.08,-0.71,467990
山佳,24.974944,121.402008,-0.8,15.26,-1.98,79.38,7.69,4.38,C0A520
坪林,24.938183,121.70975,-1.42,12.58,-5.25,87.15,9.69,5.41,C0A530
泰平,24.971197,121.823711,-1.41,11.56,1.61,96.38,23.62,10.93,C0A550
桶後,24.848222,121.597992,-1.29,12.11,-1.87,93.0,13.38,7.53,C0A570
石碇,24.993969,121.662917,-0.95,13.29,-2.88,87.38,11.42,6.14,C0A640
大坪,25.165914,121.632969,-1.04,12.54,2.02,93.23,38.88,15.0,C0A860
五指山,25.132153,121.608692,-0.52,11.18,2.2,95.08,19.04,9.94,C0A870
雙溪,25.036003,121.864242,-0.8,14.42,-4.2,87.77,16.38,6.66,C0A890
三和,25.233153,121.595236,-1.24,12.72,2.58,85.85,29.0,12.85,C0A931
鼻頭角,25.129036,121.923372,-0.92,15.39,-0.04,82.08,8.85,5.58,C0A950
三貂角,25.007606,122.002058,-1.31,14.87,-3.78,83.62,10.88,4.05,C0A970
社子,25.109508,121.469681,-0.44,15.81,1.09,81.46,5.35,2.98,C0A980
天母,25.117494,121.537169,-1.4,15.2,-5.15,71.08,4.38,2.5,C0A9C0
內湖,25.079422,121.57545,-1.59,15.04,9.45,89.46,5.15,2.88,C0A9F0
大屯山,25.175675,121.522408,-0.78,8.82,3.94,97.92,8.69,3.16,C0AC40
三峽,24.939025,121.369728,-0.05,15.99,-2.47,80.31,8.58,4.33,C0AC60
信義,25.037822,121.564597,-0.22,16.05,0.14,81.38,7.81,4.33,C0AC70
文山,25.00235,121.575728,-1.07,14.71,-6.21,79.0,8.54,4.37,C0AC80
新莊,25.051478,121.446756,-1.44,15.1,0.92,76.92,6.15,3.35,C0ACA0
八里,25.150211,121.403947,-1.1,14.75,1.27,83.0,6.54,3.12,C0AD10
蘆洲,25.086594,121.472331,-0.93,15.76,-2.23,74.69,5.58,3.26,C0AD30
土城,24.973208,121.445169,-0.8,15.07,-0.87,81.23,8.77,4.76,C0AD40
鶯歌,24.951533,121.346294,-0.12,15.61,-4.26,79.56,6.92,3.32,C0AD50
汐止,25.066881,121.658778,-1.0,14.7,-2.9,83.85,12.04,5.44,C0AH00
永和,25.01125,121.508111,-0.07,15.91,3.28,78.77,7.69,3.89,C0AH10
五分山,25.07125,121.780794,1.61,12.69,1.8,95.5,33.0,16.8,C0AH30
平等,25.129142,121.577086,-1.69,12.01,-1.79,83.08,6.92,3.66,C0AH40
林口,25.072181,121.38084,-1.4,13.04,3.64,84.92,7.15,5.09,C0AH50
松山,25.04871,121.55042,-1.41,15.33,-5.32,66.5,6.69,3.8,C0AH70
深坑,25.002703,121.628328,0.5,15.79,-4.98,83.46,9.19,4.99,C0AH80
福山植物園,24.760717,121.58135,-1.28,10.39,4.55,97.15,12.85,8.4,C0AH90
五股,25.07445,121.42728,-3.94,12.96,-4.83,82.54,6.31,5.66,C0AI00
屈尺,24.92184,121.54475,-2.32,14.95,-12.41,72.69,11.62,9.97,C0AI10
白沙灣,25.283128,121.519058,-2.08,14.58,-7.15,81.23,5.27,3.17,C0AI20
三重,25.057328,121.500629,-2.68,15.39,-2.01,77.92,5.08,4.38,C0AI30
石牌,25.115597,121.513139,-2.55,16.1,3.23,75.69,4.5,3.95,C0AI40
七堵,25.094819,121.71713,-1.34,15.72,-8.84,80.92,17.69,12.29,C0B010
基隆嶼,25.19141,121.78391,-2.19,14.41,1.79,89.92,14.38,10.9,C0B020
復興,24.820208,121.352281,-0.89,12.65,-4.79,79.15,7.85,4.32,C0C460
桃園,24.992425,121.323172,-1.06,14.55,-1.6,77.0,7.19,3.57,C0C480
八德,24.928708,121.283289,-1.14,13.93,-4.38,78.15,7.62,3.49,C0C490
觀音,25.027072,121.153317,-1.12,13.65,-3.97,78.46,6.08,2.16,C0C590
蘆竹,25.084275,121.265767,-1.37,13.78,0.39,82.23,6.23,2.21,C0C620
大溪,24.882853,121.265547,-1.23,13.33,-0.49,80.92,6.73,3.19,C0C630
平鎮,24.897503,121.214636,-0.91,13.39,-2.8,81.15,6.65,2.97,C0C650
楊梅,24.912375,121.143047,-0.93,13.58,-0.34,77.92,6.81,3.02,C0C660
龍潭,24.870056,121.221389,-0.83,12.98,3.45,83.31,7.5,4.41,C0C670
龜山,25.02846,121.38656,-0.87,13.54,-2.61,80.23,7.15,4.26,C0C680
中壢,24.977661,121.256375,-1.25,13.71,-2.84,78.38,6.27,3.82,C0C700
大溪永福,24.892936,121.324975,-2.21,14.13,-3.1,83.23,8.58,7.49,C0C710
梅花,24.678347,121.208558,-1.25,12.11,-0.45,86.92,9.0,6.13,C0D360
峨眉,24.6905,121.017189,-0.84,14.02,-4.15,82.77,6.35,3.78,C0D430
打鐵坑,24.849664,121.150789,-1.3,12.86,-5.9,82.15,5.46,1.89,C0D480
橫山,24.71116,121.11693,-1.62,12.94,0.61,87.15,6.69,3.61,C0D540
雪霸,24.526972,121.11605,-1.2,7.61,4.33,85.77,10.54,6.81,C0D550
竹東,24.767147,121.057881,-0.45,14.3,-1.52,76.92,4.88,2.11,C0D560
寶山,24.735006,121.025192,-0.95,13.68,-1.52,82.46,5.46,2.29,C0D580
新豐,24.87068,120.97721,-1.16,13.4,-0.01,83.85,2.5,-0.22,C0D590
湖口,24.904794,121.043628,-0.85,13.92,-3.72,76.69,3.73,1.62,C0D650
新竹市東區,24.798681,120.986942,-1.16,13.86,1.73,76.08,4.58,3.39,C0D660
竹南,24.708978,120.888897,-0.53,14.78,-0.08,80.92,4.54,2.83,C0E420
南庄,24.601775,121.000214,-1.47,12.99,4.85,89.85,8.35,5.53,C0E430
明德,24.583486,120.885411,-0.76,14.28,-4.22,80.31,5.46,3.8,C0E550
通霄,24.471892,120.704622,-1.45,14.01,-0.94,82.54,4.58,3.79,C0E590
馬都安,24.451272,120.930192,-1.92,11.32,3.58,87.69,6.77,4.62,C0E610
頭份,24.688247,120.912206,-0.43,15.17,-1.74,76.69,4.5,2.38,C0E730
造橋,24.637056,120.864778,-1.22,14.05,-3.67,80.92,5.08,3.4,C0E740
苗栗,24.564569,120.824575,-1.37,14.05,-0.96,79.0,5.04,3.64,C0E750
銅鑼,24.489681,120.790853,-1.62,13.4,8.67,91.78,6.08,4.87,C0E780
西湖,24.562947,120.7485,-1.07,13.84,-0.96,83.15,4.12,3.27,C0E810
獅潭,24.539133,120.920042,-1.33,12.98,-3.63,84.31,7.19,5.31,C0E820
苑裡,24.439714,120.653053,-1.84,14.0,2.09,80.08,4.0,3.44,C0E830
大河,24.618069,120.948578,-2.89,11.89,-1.75,81.62,6.62,5.09,C0E850
高鐵苗栗,24.60725,120.826094,-1.52,14.22,4.27,85.69,4.5,4.01,C0E870
石岡,24.276061,120.777644,-0.47,14.99,4.13,86.38,4.81,4.37,C0F0B0
中坑,24.248517,120.903319,-2.42,11.68,6.53,90.31,7.27,6.1,C0F0C0
審馬陣,24.381675,121.4203,-0.8,1.78,16.08,89.23,8.04,5.17,C0F0D0
東勢,24.246428,120.833047,-0.59,14.95,3.0,82.69,6.69,5.56,C0F850
大坑,24.173142,120.722289,-0.35,16.59,2.2,76.92,6.81,6.07,C0F970
神岡,24.272481,120.658314,-1.69,13.77,-5.52,79.77,4.15,3.19,C0F9I0
大安,24.345061,120.588025,-1.83,13.97,-1.83,82.23,3.88,3.47,C0F9K0
后里,24.310436,120.729725,-0.98,14.48,-1.91,80.92,4.5,3.66,C0F9L0
豐原,24.254322,120.720692,-0.46,15.41,1.41,80.0,4.5,3.64,C0F9M0
大里,24.092464,120.701378,-1.49,16.51,5.03,76.38,6.15,5.35,C0F9N0
潭子,24.213106,120.703933,-1.18,15.56,3.57,80.31,4.85,4.22,C0F9O0
清水,24.312297,120.562242,-1.9,14.12,1.39,82.69,3.58,3.13,C0F9P0
外埔,24.347817,120.705686,-1.11,14.58,-3.29,80.15,4.08,3.31,C0F9Q0
龍井,24.184536,120.528972,-1.72,14.81,-4.02,79.15,3.96,3.39,C0F9R0
烏日,24.107058,120.624103,-1.3,15.71,0.19,73.85,5.46,4.89,C0F9S0
西屯,24.179494,120.641275,-1.52,14.92,0.5,77.08,4.54,4.12,C0F9T0
南屯,24.137006,120.637969,-1.68,15.82,1.2,73.62,4.35,3.82,C0F9U0
新社,24.200172,120.815806,-1.33,13.56,3.11,85.43,6.73,5.5,C0F9V0
大雅(中科園區),24.21528,120.62445,-1.75,14.16,3.65,80.54,4.15,3.75,C0F9X0
桃山,24.432739,121.303808,-0.61,1.68,15.33,81.62,6.42,5.67,C0F9Y0
雪山東峰,24.388792,121.268675,-0.44,2.48,13.19,79.46,8.27,7.18,C0F9Z0
芬園,24.015678,120.6213,-1.89,14.63,5.23,84.69,5.08,4.46,C0G620
員林,23.946503,120.585597,0.27,17.75,-2.01,75.08,4.54,3.85,C0G650
溪湖,23.94835,120.479122,-0.03,16.77,11.99,91.54,4.0,3.46,C0G660
溪州,23.851589,120.499093,-1.33,15.28,-0.05,75.69,5.12,4.65,C0G720
二林,23.903325,120.376081,-1.48,14.68,2.0,84.38,3.62,3.3,C0G730
福興,24.041289,120.437669,-1.33,15.48,-2.01,76.15,4.96,4.51,C0G770
秀水,24.03405,120.503869,-0.63,16.31,2.62,82.0,4.58,4.18,C0G780
埔鹽,24.000394,120.431683,-0.53,15.88,0.28,82.08,3.96,3.54,C0G800
埔心,23.947633,120.525456,-0.9,16.13,6.37,83.67,4.38,3.81,C0G810
田尾,23.901669,120.509389,-1.1,15.72,2.82,84.85,4.5,3.97,C0G820
埤頭,23.866003,120.452806,-1.45,15.24,-7.47,78.57,3.42,3.08,C0G830
社頭,23.897647,120.5862,-1.08,16.62,8.74,83.31,4.73,3.95,C0G860
二水,23.810742,120.6173,0.43,17.93,3.01,83.0,4.62,4.05,C0G880
伸港,24.148933,120.484403,-1.82,14.53,-1.53,79.08,3.92,3.42,C0G890
線西,24.143358,120.443536,-3.41,14.55,-3.48,80.92,4.08,3.74,C0G900
花壇,24.032076,120.549461,-2.28,16.11,8.26,84.92,4.12,3.98,C0G910
埔里,23.972169,120.952425,-0.51,15.92,6.7,85.46,5.85,4.29,C0H890
草屯,23.973672,120.68085,-1.63,15.6,1.43,77.77,5.12,4.34,C0H960
昆陽,24.121322,121.273642,-0.45,2.03,14.6,93.0,6.23,4.99,C0H990
神木村,23.532742,120.843667,-0.78,10.7,8.26,91.38,11.04,9.33,C0H9A0
合歡山,24.143442,121.272547,0.39,1.03,13.04,96.23,13.85,10.14,C0H9C0
廬山,24.033311,121.181808,-1.2,10.9,14.37,90.15,6.35,3.88,C0I010
信義,23.689694,120.851036,-1.22,14.46,8.95,88.85,7.54,6.33,C0I080
竹山,23.761225,120.688156,-1.39,15.45,3.68,87.46,6.19,5.35,C0I110
水里,23.812553,120.849792,-1.22,15.33,4.55,84.23,6.42,4.6,C0I360
魚池,23.895703,120.94135,-0.53,14.81,2.79,85.92,6.88,4.44,C0I370
集集,23.828206,120.801467,-1.41,15.4,6.41,85.85,6.5,5.21,C0I380
仁愛,24.022122,121.132206,-0.46,12.44,11.12,90.38,6.5,3.57,C0I390
名間,23.837053,120.701447,-1.58,14.94,3.68,81.77,5.27,4.38,C0I410
國姓,24.037803,120.855072,-1.13,15.37,4.63,84.69,5.46,4.47,C0I420
南投,23.911469,120.687331,-1.13,16.05,6.58,81.38,4.54,3.89,C0I460
梅峰,24.085272,121.173572,0.38,7.58,9.67,91.92,7.65,4.5,C0I480
萬大林道,23.928228,121.091411,-0.68,10.44,7.9,88.62,6.73,3.64,C0I490
小奇萊,24.131764,121.295717,-0.45,1.65,14.31,95.0,10.23,6.85,C0I530
崙背,23.75555,120.318925,-1.27,15.17,-2.6,76.08,4.73,4.3,C0K250
四湖,23.630414,120.227125,-1.49,15.45,-0.13,76.54,4.77,4.3,C0K280
宜梧,23.536281,120.169329,-1.54,15.2,-0.32,78.38,5.35,4.81,C0K291
虎尾,23.719183,120.442036,-1.73,15.44,5.75,81.69,5.35,4.81,C0K330
土庫,23.679029,120.395574,-1.37,15.29,0.74,77.92,4.77,4.35,C0K390
斗六,23.720583,120.541127,-1.37,15.45,-2.36,77.38,5.46,4.86,C0K400
北港,23.573957,120.292802,-1.64,15.13,-1.82,76.92,5.35,4.93,C0K410
西螺,23.800407,120.467394,-1.34,15.27,1.08,79.0,5.0,4.45,C0K420
褒忠,23.690938,120.303634,-1.49,14.96,-2.88,75.92,4.65,4.12,C0K430
二崙,23.772797,120.408944,-1.59,14.82,5.79,85.31,3.65,3.29,C0K440
大埤,23.646074,120.431537,-1.46,15.38,0.48,78.0,4.54,4.1,C0K450
斗南,23.678734,120.478359,-1.43,15.3,3.05,80.0,5.08,4.57,C0K460
林內,23.748675,120.609642,-1.27,15.46,2.12,81.38,5.58,4.73,C0K470
莿桐,23.761192,120.502372,-1.46,15.08,0.5,79.15,5.35,4.92,C0K480
元長,23.64981,120.315024,-1.47,15.15,2.14,78.77,5.35,4.89,C0K500
水林,23.572924,120.24597,-1.41,15.34,1.1,77.77,5.19,4.83,C0K510
臺西,23.701547,120.197559,-1.7,14.8,1.78,80.46,4.46,4.02,C0K530
蔦松,23.514319,120.229736,-1.54,15.25,1.38,79.54,5.54,5.2,C0K550
棋山,23.68645,120.603417,-1.23,15.58,4.79,84.69,6.54,5.63,C0K560
高鐵雲林,23.737456,120.417944,-2.2,15.05,-4.66,81.69,4.38,4.13,C0K580
東後寮,23.369908,120.248065,-1.47,15.32,1.91,80.23,5.96,5.61,C0M520
奮起湖,23.493903,120.699253,4.53,17.33,-8.8,76.0,0.0,-1.29,C0M530
中埔,23.42538,120.5229,-1.69,15.21,3.7,81.38,6.77,6.07,C0M640
朴子,23.43463,120.23902,-2.17,14.72,4.58,81.08,5.58,5.09,C0M650
溪口,23.604131,120.403569,-1.4,15.32,-0.98,77.85,5.04,4.59,C0M660
大林,23.600616,120.45841,-1.39,15.56,2.39,77.92,6.46,5.95,C0M670
太保,23.455062,120.331455,-1.78,15.35,-0.47,77.31,6.42,6.04,C0M680
水上,23.419734,120.388909,-1.43,15.58,6.19,83.0,6.46,6.11,C0M690
竹崎,23.526178,120.555508,-1.35,15.38,3.71,83.54,7.23,6.68,C0M700
東石,23.458927,120.15385,-1.67,15.08,-2.74,76.23,6.08,5.68,C0M710
番路,23.464657,120.554156,-1.59,14.82,7.45,86.15,7.0,6.29,C0M720
嘉義市東區,23.457673,120.460531,-1.45,16.43,5.14,77.77,6.58,6.24,C0M730
六腳,23.492871,120.290625,-1.64,15.28,0.99,77.62,6.15,5.72,C0M740
布袋,23.380878,120.167789,-1.55,15.28,-1.32,77.69,5.81,5.39,C0M750
民雄,23.551754,120.428457,-1.52,15.6,0.75,77.69,6.73,6.3,C0M760
嘉義梅山,23.585398,120.555587,-1.51,15.15,6.37,85.0,6.5,5.91,C0M770
鹿草,23.41134,120.30835,-1.46,15.63,2.96,78.23,6.04,5.64,C0M780
新港,23.553269,120.345728,-1.67,15.3,2.51,78.23,6.15,5.72,C0M790
茶山,23.299075,120.664767,-0.63,16.41,7.56,87.31,7.73,6.78,C0M800
里佳,23.389125,120.716647,-0.1,12.32,7.05,89.46,10.5,8.81,C0M810
達邦,23.453994,120.749517,-0.14,14.23,11.27,88.69,9.35,7.93,C0M820
表湖,23.24186,120.64166,-2.03,14.44,8.91,89.23,7.88,7.13,C0M850
北寮,23.079561,120.495008,-1.14,16.34,8.25,89.38,7.23,6.75,C0O830
王爺宮,23.222064,120.40085,0.64,17.45,-4.94,77.46,6.85,6.23,C0O840
大內,23.11885,120.36083,-0.38,17.38,3.96,84.08,6.12,5.81,C0O860
善化,23.112883,120.297219,-1.5,16.36,4.32,86.31,7.12,6.77,C0O900
崎頂,22.959547,120.369317,-0.89,16.27,7.22,87.54,6.92,6.32,C0O960
虎頭埤,23.021375,120.347878,-1.23,16.14,2.09,83.31,7.15,6.82,C0O970
新市,23.061614,120.298197,-0.68,17.02,0.25,79.23,6.38,6.0,C0O980
媽廟,22.99175,120.293525,-1.53,16.26,9.91,88.92,6.69,6.34,C0O990
尾寮山,22.833111,120.683889,-1.44,13.51,2.07,88.62,5.85,5.2,C0R100
阿禮,22.742908,120.743678,-0.34,14.42,6.27,84.0,2.31,1.56,C0R130
瑪家,22.682903,120.686639,-1.38,14.47,13.57,96.0,2.27,1.6,C0R140
三地門,22.709889,120.639944,-1.74,18.3,-3.9,68.92,2.23,1.79,C0R150
鹽埔,22.739558,120.530778,-1.11,17.75,3.97,85.23,3.38,2.84,C0R160
赤山,22.592333,120.614306,-0.82,18.32,10.18,88.85,1.15,0.79,C0R190
潮州,22.534361,120.54,-0.96,18.97,1.9,79.15,0.85,0.58,C0R220
來義,22.527306,120.625111,-1.55,17.39,10.9,90.38,0.96,0.52,C0R240
春日,22.370361,120.628306,-2.14,17.59,7.86,83.17,0.5,0.07,C0R260
琉球嶼,22.332244,120.362236,-2.28,18.37,0.25,76.77,0.81,0.42,C0R270
車城,22.0744,120.716247,-2.19,19.32,1.34,75.08,0.15,0.15,C0R320
牡丹,22.130036,120.792639,-2.12,16.78,5.87,91.54,1.46,1.41,C0R341
貓鼻頭,21.921774,120.7358,-1.68,19.5,1.45,77.38,0.31,-0.08,C0R350
大漢山,22.405264,120.753181,-0.87,8.87,1.7,98.23,4.23,2.33,C0R440
高樹,22.826389,120.600806,-1.13,18.07,2.55,79.0,4.46,3.94,C0R470
長治,22.693128,120.542622,-0.51,18.83,3.76,81.77,2.42,2.03,C0R480
九如,22.7405,120.490503,-0.64,18.56,-3.37,78.0,3.12,2.68,C0R490
崁頂,22.514781,120.506914,-1.31,18.13,-0.22,79.69,0.73,0.24,C0R520
佳冬,22.419456,120.552375,-1.23,18.28,4.69,82.15,0.31,-0.01,C0R540
新埤,22.467947,120.582894,-1.27,18.22,-0.84,77.23,0.42,0.07,C0R550
新園,22.5434,120.461558,-0.47,18.86,-2.75,73.38,0.92,0.37,C0R560
麟洛,22.65078,120.52719,-0.21,19.38,7.67,82.38,1.46,1.06,C0R570
南州,22.48591,120.50274,-1.56,17.85,4.93,82.0,0.88,0.56,C0R580
里港,22.77919,120.49459,-1.25,17.76,3.8,80.15,3.73,3.35,C0R590
舊泰武,22.588194,120.664944,-1.32,14.75,7.11,92.0,1.96,1.18,C0R600
墾雷,21.900836,120.855269,-1.73,19.24,12.23,89.15,1.27,-0.47,C0R620
東港,22.46247,120.44074,-3.45,18.54,2.31,79.08,0.85,0.6,C0R640
竹田,22.58486,120.54344,-3.31,18.48,-0.99,78.54,0.92,0.61,C0R650
枋寮,22.367722,120.590647,-2.13,18.6,10.51,84.85,0.27,0.2,C0R660
楓港,22.190131,120.692156,-2.76,19.18,1.1,67.77,0.15,-0.08,C0R670
佳樂水,21.993578,120.861633,-2.88,19.17,4.49,81.15,3.04,-3.76,C0R680
墾丁,21.966756,120.810269,-2.28,17.22,1.5,86.23,1.31,-3.03,C0R690
枋山,22.246844,120.661086,-2.31,19.37,5.03,72.23,0.04,0.01,C0R700
旭海,22.205403,120.887614,-2.9,16.88,15.7,97.23,4.42,-3.68,C0R720
下馬,23.150427,121.070312,1.55,15.9,9.27,96.0,6.0,5.63,C0S660
太麻里,22.60902,120.98533,-1.72,14.58,2.56,86.23,4.35,2.76,C0S690
知本,22.684866,121.005642,-1.84,14.29,5.48,91.62,4.88,3.11,C0S700
鹿野,22.917711,121.122994,-1.97,14.18,5.52,90.38,5.23,4.13,C0S710
綠島,22.6672,121.47533,-1.94,17.42,13.13,94.46,10.0,3.18,C0S730
池上,23.119628,121.209469,-2.06,14.65,4.24,89.77,5.31,4.56,C0S740
向陽,23.248397,120.986133,4.58,11.4,6.8,95.0,13.5,11.06,C0S750
大溪山,22.478475,120.943325,-1.81,15.25,0.04,86.31,6.04,3.73,C0S770
金崙,22.538122,120.966875,-2.43,16.62,3.11,83.31,4.42,2.73,C0S790
東河,22.972672,121.303986,-3.4,16.8,1.53,80.67,5.44,3.41,C0S810
長濱,23.286817,121.411975,-2.46,15.55,3.83,84.23,6.08,4.13,C0S830
南田,22.279725,120.889208,-2.16,18.68,15.74,96.54,3.62,1.12,C0S840
關山,23.0395,121.175017,-1.45,15.41,2.65,87.85,5.38,4.85,C0S890
蘭嶼高中,22.04909,121.51214,-3.02,19.53,5.22,80.62,13.62,1.5,C0S900
蘭嶼燈塔,22.081197,121.503117,-3.16,17.92,-0.09,88.54,7.5,0.48,C0S910
金峰嘉蘭,22.594789,120.960825,-2.75,16.9,5.75,84.62,4.81,3.94,C0S920
延平,22.902581,121.084058,-2.62,15.42,5.77,86.31,6.19,5.69,C0S930
石寧山,23.223772,121.406639,-3.12,16.05,8.16,88.69,6.31,5.84,C0S940
七塊厝,22.954453,121.229922,-1.23,15.9,13.67,100.0,14.0,13.67,C0S950
香蘭,22.587569,120.993375,-2.94,17.68,7.82,79.89,5.28,2.71,C0S960
加津林,22.416211,120.926942,-2.25,18.49,2.28,76.08,3.35,0.38,C0S970
勝林山,22.430439,120.8938,-3.41,11.26,3.17,98.31,7.77,5.37,C0S980
山豬窟,22.318619,120.857372,-3.04,15.2,4.03,86.69,4.0,1.4,C0S990
歷坵,22.520969,120.89185,-2.27,14.59,3.73,92.0,6.08,5.04,C0SA00
檳榔四格山,22.810031,121.109308,-2.96,14.66,7.21,91.08,4.38,4.18,C0SA10
金崙山,22.567419,120.959667,-2.42,12.0,0.63,94.23,7.04,5.21,C0SA20
都歷,23.020333,121.323642,-2.62,17.23,22.34,96.54,4.88,3.52,C0SA30
瑞和,22.974361,121.156697,-2.37,15.51,11.18,95.38,5.81,5.44,C0SA40
土坂,22.453108,120.887572,-2.09,16.8,4.32,86.92,5.23,3.56,C0SA80
大禹嶺,24.186117,121.316086,-0.61,4.36,11.65,83.85,8.0,5.06,C0T790
天祥,24.179597,121.495639,-1.5,12.98,4.73,86.92,3.08,1.45,C0T820
鯉魚潭,23.935639,121.508944,-1.96,14.32,3.3,92.77,6.46,3.8,C0T870
西林,23.8119,121.441458,-1.59,15.03,6.54,90.38,4.92,2.78,C0T900
光復,23.660694,121.424964,-1.55,15.42,-0.68,88.23,4.12,1.69,C0T960
月眉山,23.809928,121.539828,-1.81,13.02,2.44,95.46,6.35,3.27,C0T9A0
水源,23.991861,121.537169,-2.09,12.42,4.35,94.46,8.85,4.61,C0T9B0
和中,24.26676,121.74103,-2.29,16.09,14.22,96.31,4.46,1.08,C0T9D0
大坑,23.880628,121.581981,-2.18,13.35,3.51,93.46,6.73,3.48,C0T9E0
水璉,23.797131,121.542514,-2.84,14.61,7.78,91.15,5.69,3.1,C0T9F0
鳳林山,23.735269,121.420131,-3.31,12.28,-0.31,95.15,5.0,1.89,C0T9G0
加路蘭山,23.682947,121.5274,-2.35,11.61,3.98,99.54,13.15,6.7,C0T9H0
靜浦,23.455167,121.495028,-2.05,15.73,5.42,90.15,11.77,7.19,C0T9M0
富里,23.171639,121.249378,0.63,18.1,14.13,100.0,11.0,10.87,C0T9N0
雙連埤,24.753033,121.641303,-2.31,10.81,-0.56,96.31,11.88,6.99,C0U520
礁溪,24.817539,121.765608,-1.9,14.82,1.98,85.38,7.85,3.82,C0U600
玉蘭,24.675286,121.587061,-2.11,11.92,2.63,89.54,14.27,8.73,C0U650
太平山,24.505486,121.525656,-1.99,4.89,4.97,95.31,9.23,5.48,C0U710
南山,24.43742,121.38167,-4.16,7.85,1.21,96.85,7.23,6.31,C0U720
東澳,24.52196,121.83318,-2.86,14.92,11.42,97.15,15.46,8.17,C0U760
南澳,24.44935,121.81022,-2.64,15.53,5.76,80.85,3.88,1.38,C0U770
五結,24.68637,121.79794,-2.26,14.28,4.07,85.69,8.15,3.03,C0U780
頭城,24.85323,121.8308,-1.95,14.96,7.02,87.15,8.0,6.18,C0U860
大礁溪,24.791042,121.675047,-2.0,11.86,6.96,94.54,9.81,6.57,C0U870
三星,24.66812,121.65302,-2.12,13.97,8.13,95.46,7.65,5.53,C0U890
內城,24.71813,121.68766,-1.85,14.48,2.31,88.31,7.96,5.84,C0U900
冬山,24.63373,121.7937,-1.76,14.88,15.63,96.23,11.69,9.43,C0U910
羅東,24.68184,121.74934,-1.65,14.68,1.95,86.15,6.35,4.46,C0U940
鶯子嶺,24.89754,121.79244,-1.9,8.0,-0.85,96.46,16.42,9.39,C0U950
翠峰湖,24.510856,121.608044,-1.77,4.01,0.31,97.0,6.46,3.98,C0U960
大福,24.80064,121.81389,-2.16,14.54,3.19,83.46,6.88,4.94,C0U970
坪林石牌,24.86478,121.77396,-1.69,10.83,0.79,96.62,10.0,6.59,C0U980
員山,24.74435,121.72247,-2.07,14.68,6.41,87.54,7.73,5.66,C0U990
土場,24.576533,121.495333,-1.97,12.45,0.73,89.0,4.65,3.08,C0UA00
鴛鴦湖,24.590269,121.412228,-1.79,5.23,2.73,99.0,11.73,7.04,C0UA10
白嶺,24.527819,121.519031,-2.18,6.62,1.85,98.38,12.19,7.71,C0UA30
西德山,24.560647,121.752608,-4.09,7.95,1.99,98.92,11.65,7.45,C0UA40
西帽山,24.555361,121.802628,-3.88,9.5,0.16,96.31,31.96,24.51,C0UA50
樟樹山,24.41393,121.78325,-3.2,11.72,10.38,98.54,6.5,2.88,C0UA60
桃源谷,24.962606,121.888875,-2.09,10.78,0.63,97.23,30.27,18.49,C0UA70
復興,23.222403,120.806089,-0.48,16.02,9.68,84.23,10.38,9.22,C0V210
溪埔,22.738578,120.446797,-1.56,17.18,4.34,81.1,2.68,2.3,C0V350
內門,22.975481,120.466769,-0.2,17.32,4.36,82.77,6.46,6.02,C0V360
古亭坑,22.893178,120.401947,-1.7,16.48,5.9,85.62,5.96,5.61,C0V370
阿公店,22.804194,120.355528,-1.61,16.33,1.31,81.46,4.35,4.07,C0V400
鳳山,22.646653,120.356122,-1.82,17.15,13.44,85.92,2.12,1.62,C0V440
鳳森,22.545064,120.392592,-1.29,17.87,4.27,77.54,1.08,0.58,C0V450
新興,22.627422,120.298803,-1.77,17.78,4.98,75.92,2.12,1.78,C0V490
梓官,22.760558,120.267211,-1.55,16.91,3.1,78.08,3.81,3.58,C0V610
永安,22.82315,120.236856,-1.69,16.45,1.76,78.38,4.38,4.24,C0V620
茄萣,22.906642,120.182608,-1.42,16.44,7.21,79.62,5.96,5.32,C0V630
湖內,22.887139,120.2445,-1.77,16.25,1.3,77.69,5.62,4.96,C0V640
彌陀,22.783806,120.246361,-1.2,17.25,3.28,79.23,4.62,4.43,C0V650
岡山,22.797078,120.294958,-1.18,17.54,3.29,76.77,4.85,4.62,C0V660
仁武,22.701083,120.347722,-1.38,17.68,4.04,77.69,3.46,3.1,C0V680
鼓山,22.623325,120.275575,-1.69,17.38,6.05,80.0,2.54,1.99,C0V690
三民,22.645017,120.311233,-1.62,17.91,8.42,77.31,2.31,1.78,C0V700
苓雅,22.622742,120.330669,-0.9,18.37,12.9,80.77,2.08,1.64,C0V710
林園,22.507747,120.394511,-0.93,19.39,7.35,75.92,0.96,0.3,C0V720
大寮,22.605614,120.395717,-1.53,17.85,8.74,79.85,2.35,1.74,C0V730
旗山,22.888614,120.483597,-0.65,17.84,3.45,78.45,5.38,5.06,C0V740
路竹,22.854997,120.259439,-1.17,17.35,3.38,77.92,5.12,4.95,C0V750
橋頭,22.757806,120.30575,-1.41,17.52,1.1,76.0,3.96,3.64,C0V760
大社,22.730306,120.346639,-1.69,17.08,6.78,80.0,3.62,3.35,C0V770
萬山,22.905944,120.688056,-0.2,17.64,5.88,82.08,0.95,0.11,C0V790
六龜,22.997889,120.633583,0.09,18.66,10.34,86.23,7.46,6.59,C0V800
左營,22.67491,120.28491,-1.95,16.74,-0.5,79.46,3.0,2.63,C0V810
小林,23.148408,120.63325,-2.89,16.77,18.62,88.92,5.92,5.24,C0V820
東莒,25.9652,119.98069,0.06,10.27,-4.51,73.31,1.08,-0.2,C0W110
西嶼,23.5626,119.468436,-1.61,14.57,-1.17,82.38,4.96,4.65,C0W120
花嶼,23.40007,119.32276,-1.84,15.25,1.91,81.31,4.35,4.31,C0W130
金寧,24.457703,118.328989,-0.84,13.08,-3.61,67.31,0.77,0.29,C0W150
東河,23.296598,120.385608,-1.56,15.72,-0.79,78.69,6.46,6.0,C0X050
下營,23.22695,120.256261,-1.29,15.68,-1.73,77.0,6.92,6.44,C0X060
佳里,23.173039,120.145086,-1.93,15.64,2.89,80.69,6.42,6.09,C0X080
臺南市北區,23.010394,120.194228,-1.68,16.26,10.67,85.08,5.65,5.11,C0X100
臺南市南區,22.961189,120.188378,-1.78,16.61,4.88,79.0,6.46,5.79,C0X110
麻豆,23.183289,120.248611,-1.11,16.45,5.48,85.15,0.0,-0.39,C0X120
官田,23.193217,120.315422,-1.3,16.44,3.53,81.69,6.42,5.96,C0X130
西港,23.125608,120.203108,-1.95,15.61,6.04,84.08,7.27,6.79,C0X140
安定,23.102614,120.227839,-1.54,15.77,5.13,85.92,5.38,4.87,C0X150
仁德,22.968258,120.257689,-1.1,17.05,5.61,80.62,6.5,6.09,C0X160
關廟,22.963017,120.327797,-2.09,15.89,7.55,83.15,6.38,5.88,C0X170
山上,23.0757,120.363253,-1.27,16.23,1.18,82.54,6.96,6.6,C0X180
安平,22.993161,120.152181,-1.84,15.99,-0.52,78.23,6.46,6.06,C0X190
左鎮,23.056758,120.408522,-0.17,16.84,0.08,82.0,6.46,6.13,C0X200
白河,23.347466,120.414427,-1.6,15.65,1.78,79.77,6.23,5.77,C0X210
學甲,23.230367,120.182187,-1.56,15.35,3.12,80.08,6.12,5.79,C0X220
鹽水,23.272621,120.247641,-1.59,15.19,1.98,81.46,6.12,5.8,C0X230
關子嶺,23.331169,120.508025,-1.18,14.32,8.1,91.77,8.27,7.5,C0X240
新營,23.310689,120.316681,-1.74,15.68,4.34,80.15,6.31,5.93,C0X250
後壁,23.366358,120.362326,-1.46,15.59,0.77,78.69,7.04,6.71,C0X260
將軍,23.214999,120.13577,-1.84,15.09,-0.47,77.54,5.04,4.73,C0X280
北門,23.267772,120.125481,-1.95,15.06,0.87,79.31,6.27,5.92,C0X290
鹿寮,23.386047,120.477331,-1.0,15.85,4.51,86.62,7.0,6.42,C0X300
柳營,23.253328,120.375253,-2.6,16.16,-0.04,77.23,6.69,6.53,C0X320
明里,23.208717,121.262342,-1.8,14.83,2.72,91.92,5.78,4.9,C0Z020
佳心,23.34567,121.21316,-2.1,11.12,9.05,98.85,5.85,4.66,C0Z050
玉里,23.3215,121.339656,-2.32,14.96,6.81,94.08,6.35,5.09,C0Z061
舞鶴,23.46811,121.37407,-1.81,14.29,9.07,99.85,5.15,3.76,C0Z070
富源,23.587642,121.378225,-1.61,14.27,1.91,92.85,4.62,2.7,C0Z080
東華,23.89525,121.549833,-0.92,16.05,0.24,88.31,2.23,0.93,C0Z100
吉安光華,23.930925,121.595153,-1.5,16.25,-7.98,74.38,3.73,2.32,C0Z150
鳳林,23.746114,121.453411,-1.83,15.29,-0.84,83.69,3.54,2.25,C0Z160
卓溪,23.3443,121.3029,-2.57,14.85,5.6,88.31,5.12,4.67,C0Z170
新城,24.03946,121.60454,-2.0,16.14,2.93,80.67,4.96,3.18,C0Z180
富世,24.14743,121.6297,-1.96,16.09,2.01,82.92,4.65,2.16,C0Z190
萬榮,23.709219,121.420106,-1.64,15.12,-5.05,85.15,3.15,2.09,C0Z200
瑞穗,23.5239,121.39021,-1.59,15.16,4.08,90.92,5.31,4.31,C0Z210
和平林道,24.343922,121.656317,-2.02,11.98,-0.46,88.08,3.81,2.81,C0Z220
和平,24.30717,121.77007,-2.33,15.63,0.62,74.38,4.27,1.05,C0Z230
瑞穗林道,23.49284,121.30688,-0.66,10.92,2.35,98.77,9.35,6.12,C0Z250
蕃薯寮,23.73835,121.540108,-2.0,13.67,4.55,90.38,8.27,4.77,C0Z270
德武,23.47426,121.41071,-2.36,14.51,2.36,92.54,6.04,5.01,C0Z280
赤柯山,23.36893,121.38293,-2.22,10.25,3.34,99.08,10.31,8.37,C0Z290
東里,23.26853,121.30547,-2.06,15.05,-0.35,89.08,6.08,5.22,C0Z300
清水斷崖,24.218294,121.689142,-2.33,15.75,1.18,82.0,0.31,-0.73,C0Z310
清水林道,23.27125,121.188272,-3.24,12.21,3.36,92.46,8.38,6.92,C0Z320
安通山,23.290728,121.348528,-4.5,12.55,6.55,95.38,7.27,5.47,C0Z330
口湖工作站,23.589978,120.180394,-3.61,15.15,-2.45,73.15,3.65,3.59,12J990
東港工作站,22.479997,120.466058,-3.37,18.55,0.64,66.31,0.77,0.72,12Q970
恆春工作站,22.079678,120.714425,-2.75,19.75,-1.26,66.31,0.04,-0.39,12Q980
萬大發電廠,23.978875,121.139639,-2.03,13.58,6.84,83.77,6.08,3.01,42HA10
桃改樹林分場,24.944503,121.386972,-2.49,14.58,-1.9,75.77,7.58,5.81,72AI40
桃園農改場,24.950944,121.030583,-0.73,14.23,-5.4,79.08,5.04,2.69,72C440
桃改五峰分場,24.612194,121.157167,-1.62,9.67,3.64,91.69,10.77,7.58,72D080
臺中農改場,24.003028,120.534389,-1.55,15.25,1.08,80.23,3.92,3.25,72G600
中改埔里分場,23.903208,120.963364,-2.27,14.56,11.04,91.08,6.81,3.21,72HA00
南改斗南分場,23.634556,120.477333,-1.15,15.93,-0.89,79.77,5.81,5.21,72K220
南改義竹分場,23.360694,120.279361,-1.78,15.37,-1.87,78.46,6.23,5.85,72M360
南改鹿草分場,23.416869,120.283061,-3.78,15.45,-0.49,78.85,5.77,5.72,72M700
臺南農改場,23.0605,120.342194,-2.14,15.85,3.55,83.31,0.54,0.25,72N100
七股研究中心,23.081672,120.062894,-4.09,15.49,-0.53,80.62,7.42,7.37,72N240
高雄農改場,22.709333,120.525889,-1.79,18.12,5.66,83.23,1.58,1.28,72Q010
東改班鳩分場,22.829528,121.077694,-1.81,15.65,0.8,80.31,4.77,3.72,72S200
東改賓朗果園,22.813889,121.071278,-2.56,15.4,-4.16,83.31,4.96,3.96,72S590
花蓮農改場,23.975222,121.563889,-1.58,16.02,-0.46,81.08,5.77,4.15,72T250
花改蘭陽分場,24.686306,121.716583,-1.75,14.71,0.13,82.77,7.04,3.24,72U480
高改旗南分場,22.857861,120.516667,-2.29,17.23,7.97,80.85,5.15,4.95,72V140
茶改北部分場,24.955778,121.631222,-1.36,11.98,0.87,87.92,12.69,6.39,82A750
茶改場,24.908472,121.185333,-1.19,13.23,-3.48,81.54,7.08,3.48,82C160
茶改中部分場,23.875611,120.913583,-2.37,13.13,7.34,90.0,6.81,5.78,82H320
茶改南部分場,23.762528,120.7405,-1.85,13.96,1.76,89.38,7.5,6.57,82H840
茶改東部分場,22.907694,121.130139,-2.7,15.3,-1.47,79.73,4.95,4.15,82S580
農工中心,24.985917,121.239833,-1.28,13.98,-1.29,78.77,7.42,4.39,A2C560
水試臺西試驗場,23.717231,120.190522,-1.84,15.19,0.22,82.77,5.08,5.03,A2K360
臺大雲林校區,23.730628,120.423903,-2.55,15.14,-0.09,78.85,4.54,4.54,A2K630
臺南蘭花園區,23.340258,120.379661,-2.37,15.96,1.96,80.23,3.15,2.75,A2N290
畜試北區分所,24.527806,120.770972,-1.53,13.66,-2.72,81.77,4.81,4.29,B2E890
畜產試驗所,23.058972,120.336406,-1.97,15.73,3.45,83.62,4.81,4.49,B2N890
畜試南區分所,21.945583,120.802167,-2.29,19.05,-0.19,73.92,1.0,-0.05,B2Q810
畜試東區分所,24.669039,121.832561,-2.6,14.71,8.48,89.62,8.46,6.49,B2U990
蓮華池,23.918333,120.885278,-1.78,13.91,5.54,90.69,5.69,4.44,E2H360
林試畢祿溪站,24.226944,121.308522,0.19,7.46,10.91,85.31,7.81,5.81,E2HA20
四湖植物園,23.676986,120.163433,-3.55,15.26,4.62,86.85,4.92,4.92,E2K600
林試六龜中心,22.991703,120.645722,-1.23,17.25,12.05,86.85,6.69,5.76,E2P980
林試太麻里2,22.598,120.99775,-2.24,17.87,0.44,75.77,3.46,1.59,E2S960
林試太麻里1,22.598922,120.980044,-2.24,17.15,2.77,79.31,4.19,3.29,E2S980
農試所(霧峰),24.031261,120.688133,-1.51,15.88,2.95,81.92,4.92,4.29,G2F820
農試嘉義分所,23.485028,120.473806,-1.99,15.24,0.5,81.08,5.27,4.65,G2L020
農試鳳山分所,22.646611,120.356083,-2.59,17.32,4.63,77.38,1.92,1.48,G2P820
苗栗農改場,24.495722,120.829111,-1.74,13.32,-0.83,82.77,6.38,4.71,K2E360
苗改生物防治研究中心,24.422861,120.871833,-3.34,12.53,-2.07,82.62,6.15,5.61,K2E710
種苗改良場,24.225972,120.800917,-1.67,13.26,7.25,86.77,6.77,5.35,K2F750
溪頭,23.670306,120.798194,-1.39,11.3,9.23,96.08,11.62,10.17,U2H480
臺大和社,23.590856,120.888864,-2.37,14.02,16.12,90.62,7.35,7.1,U2HA30
臺大內茅埔,23.689722,120.851117,-3.65,14.38,14.71,88.54,7.73,7.0,U2HA40
臺大竹山,23.756972,120.681556,-1.7,15.44,-1.75,81.0,6.04,4.89,U2HA50
臺大竹山,23.756972,120.681556,-1.7,15.44,-1.75,81.0,6.04,4.89,U2HA50
臺大內茅埔,23.689722,120.851117,-3.65,14.38,14.71,88.54,7.73,7.0,U2HA40
臺大和社,23.590856,120.888864,-2.37,14.02,16.12,90.62,7.35,7.1,U2HA30
臺大溪頭,23.670306,120.798194,-1.39,11.3,9.23,96.08,11.62,10.17,U2H480
種苗繁殖,24.225972,120.800917,-1.67,13.26,7.25,86.77,6.77,5.35,K2F750
苗改生物防治研究中心,24.422861,120.871833,-3.34,12.53,-2.07,82.62,6.15,5.61,K2E710
苗栗農改,24.495722,120.829111,-1.74,13.32,-0.83,82.77,6.38,4.71,K2E360
農試鳳山分所,22.646611,120.356083,-2.59,17.32,4.63,77.38,1.92,1.48,G2P820
農試嘉義分所,23.485028,120.473806,-1.99,15.24,0.5,81.08,5.27,4.65,G2L020
農業試驗所,24.031261,120.688133,-1.51,15.88,2.95,81.92,4.92,4.29,G2F820
林試太麻里1,22.598922,120.980044,-2.24,17.15,2.77,79.31,4.19,3.29,E2S980
林試太麻里2,22.598014,120.989761,-2.24,17.87,0.44,75.77,3.46,1.59,E2S960
林試六龜中心,22.991703,120.645722,-1.23,17.25,12.05,86.85,6.69,5.76,E2P980
四湖植物園,23.676986,120.163433,-3.55,15.26,4.62,86.85,4.92,4.92,E2K600
林試畢祿溪站,24.226944,121.308522,0.19,7.46,10.91,85.31,7.81,5.81,E2HA20
蓮華池,23.918333,120.885278,-1.78,13.91,5.54,90.69,5.69,4.44,E2H360
畜試東區分所,24.669039,121.832561,-2.6,14.71,8.48,89.62,8.46,6.49,B2U990
畜試南區分所,21.945583,120.802167,-2.29,19.05,-0.19,73.92,1.0,-0.05,B2Q810
畜試所,23.058972,120.336406,-1.97,15.73,3.45,83.62,4.81,4.49,B2N890
畜試北區分所,24.527806,120.770972,-1.53,13.66,-2.72,81.77,4.81,4.29,B2E890
臺南蘭花園區,23.340258,120.379661,-2.37,15.96,1.96,80.23,3.15,2.75,A2N290
臺大雲林校區,23.730628,120.423903,-2.55,15.14,-0.09,78.85,4.54,4.54,A2K630
水試臺西試驗場,23.717231,120.190522,-1.84,15.19,0.22,82.77,5.08,5.03,A2K360
農工中心,24.985917,121.239833,-1.28,13.98,-1.29,78.77,7.42,4.39,A2C560
茶改東部分場,22.907694,121.130139,-2.7,15.3,-1.47,79.73,4.95,4.15,82S580
茶改南部分場,23.762528,120.7405,-1.85,13.96,1.76,89.38,7.5,6.57,82H840
茶改中部分場,23.875611,120.913583,-2.37,13.13,7.34,90.0,6.81,5.78,82H320
茶改場,24.908472,121.185333,-1.19,13.23,-3.48,81.54,7.08,3.48,82C160
茶改北部分場,24.955778,121.631222,-1.36,11.98,0.87,87.92,12.69,6.39,82A750
高改旗南分場,22.857861,120.516667,-2.29,17.23,7.97,80.85,5.15,4.95,72V140
花改蘭陽分場,24.686306,121.716583,-1.75,14.71,0.13,82.77,7.04,3.24,72U480
花蓮農改,23.975222,121.563889,-1.58,16.02,-0.46,81.08,5.77,4.15,72T250
東改賓朗果園,22.813889,121.071278,-2.56,15.4,-4.16,83.31,4.96,3.96,72S590
東改班鳩分場,22.829528,121.077694,-1.81,15.65,0.8,80.31,4.77,3.72,72S200
高雄農改,22.709333,120.525889,-1.79,18.12,5.66,83.23,1.58,1.28,72Q010
七股研究中心,23.081672,120.062894,-4.09,15.49,-0.53,80.62,7.42,7.37,72N240
臺南農改,23.0605,120.342194,-2.14,15.85,3.55,83.31,0.54,0.25,72N100
南改鹿草分場,23.416869,120.283061,-3.78,15.45,-0.49,78.85,5.77,5.72,72M700
南改義竹分場,23.360694,120.279361,-1.78,15.37,-1.87,78.46,6.23,5.85,72M360
南改斗南分場,23.634556,120.477333,-1.15,15.93,-0.89,79.77,5.81,5.21,72K220
中改埔里分場,23.903208,120.963364,-2.27,14.56,11.04,91.08,6.81,3.21,72HA00
臺中農改,24.003028,120.534389,-1.55,15.25,1.08,80.23,3.92,3.25,72G600
桃改五峰分場,24.612194,121.157167,-1.62,9.67,3.64,91.69,10.77,7.58,72D080
桃園農改,24.950944,121.030583,-0.73,14.23,-5.4,79.08,5.04,2.69,72C440
桃改樹林分場,24.944503,121.386972,-2.49,14.58,-1.9,75.77,7.58,5.81,72AI40
萬大發電廠,23.978875,121.139639,-2.03,13.58,6.84,83.77,6.08,3.01,42HA10
恆春工作站,22.079678,120.714425,-2.75,19.75,-1.26,66.31,0.04,-0.39,12Q980
東港工作站,22.479997,120.466058,-3.37,18.55,0.64,66.31,0.77,0.72,12Q970
口湖工作站,23.589978,120.180394,-3.61,15.15,-2.45,73.15,3.65,3.59,12J990
