站名,緯度,經度,平均溫距平,本年度平均溫,平均溼度距平,本年度日均相對溼度,本年度日均降水量,日均降水量距平,站號
淡水,25.164889,121.448906,0.1,15.23,9.95,93.0,13.67,9.47,466900
鞍部,25.182586,121.529731,0.43,10.87,5.59,98.33,28.67,15.38,466910
臺北,25.037658,121.514853,0.25,16.5,8.92,88.33,9.67,5.22,466920
竹子湖,25.162078,121.544547,0.31,12.33,6.38,95.67,21.67,10.03,466930
基隆,25.133314,121.740475,0.27,16.03,8.11,88.67,35.17,20.62,466940
花蓮,23.975128,121.613275,0.31,18.53,7.59,83.67,2.2,-0.2,466990
新屋,25.006744,121.047486,-0.35,14.73,9.6,90.33,4.17,1.44,467050
宜蘭,24.763975,121.756528,0.6,17.07,8.31,89.0,3.5,-2.22,467080
金門,24.407306,118.289281,1.2,13.97,6.26,81.0,0.53,-0.75,467110
澎湖,23.565503,119.563094,0.24,16.67,5.48,86.0,1.36,0.7,467350
臺南,22.993239,120.204772,0.4,18.23,6.79,81.0,0.17,-0.1,467410
永康,23.038386,120.2367,0.72,18.2,8.08,82.33,0.2,0.01,467420
嘉義,23.495925,120.432906,0.54,17.47,12.95,91.67,1.03,0.61,467480
臺中,24.145736,120.684075,0.67,17.53,4.96,81.0,2.67,1.68,467490
阿里山,23.508208,120.813242,0.67,7.4,8.35,92.67,11.67,9.83,467530
大武,22.355675,120.903789,0.09,20.6,9.39,80.67,2.03,0.61,467540
玉山,23.487614,120.959522,-0.01,-0.53,0.14,68.33,17.0,14.93,467550
新竹,24.827853,121.014219,-0.03,15.3,11.73,92.33,3.5,0.64,467571
恆春,22.003897,120.746339,0.33,21.5,6.96,77.67,1.0,0.07,467590
成功,23.097486,121.373428,-0.06,18.97,12.78,88.0,5.5,2.07,467610
日月潭,23.881325,120.90805,0.33,14.77,18.07,95.67,4.7,3.38,467650
臺東,22.752211,121.154586,0.23,20.0,9.68,81.67,1.86,0.18,467660
馬祖,26.169269,119.923419,0.93,10.53,6.11,88.33,2.67,0.73,467990
山佳,24.974944,121.402008,1.15,16.7,5.16,88.67,12.5,8.1,C0A520
坪林,24.938183,121.70975,0.93,14.47,1.13,95.33,14.17,8.99,C0A530
泰平,24.971197,121.823711,1.13,13.77,1.96,98.67,38.17,23.05,C0A550
桶後,24.848222,121.597992,0.96,13.97,2.06,97.33,25.17,18.67,C0A570
石碇,24.993969,121.662917,0.66,15.0,2.9,95.67,17.67,11.53,C0A640
大坪,25.165914,121.632969,0.97,14.13,4.68,98.33,94.0,65.22,C0A860
五指山,25.132153,121.608692,1.96,13.23,2.21,97.33,35.0,22.16,C0A870
三和,25.233153,121.595236,0.99,14.1,2.63,93.0,64.5,35.58,C0A931
金山,25.223628,121.643967,1.81,16.93,7.35,95.33,26.33,14.37,C0A940
鼻頭角,25.129036,121.923372,0.41,16.63,6.87,91.67,7.5,2.99,C0A950
三貂角,25.007606,122.002058,0.42,16.3,6.2,92.67,12.17,4.1,C0A970
社子,25.109508,121.469681,0.74,16.67,11.89,94.67,5.67,2.66,C0A980
天母,25.117494,121.537169,-0.09,16.17,4.46,82.33,4.67,2.31,C0A9C0
內湖,25.079422,121.57545,-0.01,16.2,16.95,100.0,4.67,1.79,C0A9F0
大屯山,25.175675,121.522408,1.52,11.0,2.88,98.67,13.67,6.38,C0AC40
三峽,24.939025,121.369728,1.16,17.3,5.36,91.0,13.83,9.52,C0AC60
信義,25.037822,121.564597,1.06,17.6,6.75,91.0,9.5,5.69,C0AC70
文山,25.00235,121.575728,0.15,16.17,2.0,89.0,12.67,8.07,C0AC80
新莊,25.051478,121.446756,-0.54,16.17,14.58,93.0,6.83,3.97,C0ACA0
八里,25.150211,121.403947,-0.9,15.13,14.74,98.67,10.83,7.72,C0AD10
蘆洲,25.086594,121.472331,-0.07,16.8,9.1,88.33,5.67,3.63,C0AD30
土城,24.973208,121.445169,0.25,16.3,6.19,90.67,14.0,9.83,C0AD40
汐止,25.066881,121.658778,2.48,18.3,1.67,92.67,19.0,9.6,C0AH00
永和,25.01125,121.508111,1.5,17.33,7.4,88.67,11.17,6.6,C0AH10
五分山,25.07125,121.780794,2.97,13.37,-1.4,97.0,52.83,19.45,C0AH30
平等,25.129142,121.577086,0.92,13.93,1.68,90.33,9.33,2.28,C0AH40
林口,25.072181,121.38084,0.63,14.0,4.4,94.67,10.33,6.63,C0AH50
松山,25.04871,121.55042,1.49,16.63,4.07,77.33,8.0,2.33,C0AH70
深坑,25.002703,121.628328,3.88,17.43,-1.07,90.67,14.0,4.8,C0AH80
福山植物園,24.760717,121.58135,2.89,13.1,4.87,97.67,12.83,7.8,C0AH90
五股,25.07445,121.42728,-1.77,13.97,0.78,90.67,7.5,6.15,C0AI00
屈尺,24.92184,121.54475,-0.03,16.07,3.0,88.0,19.5,15.35,C0AI10
白沙灣,25.283128,121.519058,-0.56,15.5,8.0,93.0,6.83,4.48,C0AI20
三重,25.057328,121.500629,0.32,16.7,10.47,89.67,6.33,4.93,C0AI30
石牌,25.115597,121.513139,-0.38,17.23,19.97,90.67,4.83,3.78,C0AI40
七堵,25.094819,121.71713,0.92,17.07,2.47,90.67,36.17,25.72,C0B010
基隆嶼,25.19141,121.78391,-0.87,15.27,14.13,99.33,19.33,14.28,C0B020
復興,24.820208,121.352281,0.03,13.8,6.1,91.0,12.17,8.74,C0C460
桃園,24.992425,121.323172,-0.37,15.47,11.12,91.0,10.33,6.11,C0C480
八德,24.928708,121.283289,-0.48,14.83,7.93,91.33,12.17,7.63,C0C490
觀音,25.027072,121.153317,-0.74,14.23,11.17,95.0,7.83,3.14,C0C590
蘆竹,25.084275,121.265767,-1.05,14.33,12.67,96.0,9.5,4.17,C0C620
大溪,24.882853,121.265547,-0.28,14.33,10.5,93.67,9.83,5.99,C0C630
平鎮,24.897503,121.214636,-0.36,14.17,9.28,94.33,8.83,4.89,C0C650
楊梅,24.912375,121.143047,-0.09,14.27,9.43,91.67,10.33,6.16,C0C660
龍潭,24.870056,121.221389,0.93,13.87,11.21,96.33,11.17,5.32,C0C670
龜山,25.02846,121.38656,2.49,15.1,5.6,90.33,9.0,3.63,C0C680
中壢,24.977661,121.256375,1.11,14.3,10.2,93.0,9.0,4.43,C0C700
大溪永福,24.892936,121.324975,0.54,15.4,7.3,94.0,13.67,12.02,C0C710
梅花,24.678347,121.208558,0.55,13.53,7.18,95.0,10.83,7.47,C0D360
峨眉,24.6905,121.017189,0.28,15.33,5.61,92.67,8.17,6.09,C0D430
打鐵坑,24.849664,121.150789,-0.52,13.9,3.55,92.67,7.83,4.0,C0D480
橫山,24.71116,121.11693,-0.39,14.27,8.93,97.0,8.17,4.94,C0D540
雪霸,24.526972,121.11605,-0.34,8.47,13.22,94.0,11.17,7.83,C0D550
竹東,24.767147,121.057881,0.24,15.13,9.9,89.67,4.83,2.21,C0D560
寶山,24.735006,121.025192,-0.02,14.77,8.83,94.33,5.83,2.71,C0D580
新豐,24.87068,120.97721,-0.54,13.93,12.93,99.0,3.83,1.01,C0D590
湖口,24.904794,121.043628,-0.01,14.57,6.77,90.0,3.67,1.6,C0D650
新竹市東區,24.798681,120.986942,0.36,14.53,10.63,89.67,3.33,1.75,C0D660
竹南,24.708978,120.888897,0.69,15.63,11.03,93.67,3.33,1.34,C0E420
南庄,24.601775,121.000214,0.45,14.47,11.3,97.33,10.0,6.84,C0E430
明德,24.583486,120.885411,0.34,15.53,3.36,90.0,6.0,4.89,C0E550
通霄,24.471892,120.704622,-0.54,15.07,7.56,93.0,1.83,1.33,C0E590
馬都安,24.451272,120.930192,0.06,12.67,8.75,94.33,2.17,0.04,C0E610
頭份,24.688247,120.912206,0.42,16.1,8.37,88.33,3.33,1.49,C0E730
造橋,24.637056,120.864778,-0.37,15.13,4.49,91.33,3.17,2.06,C0E740
苗栗,24.564569,120.824575,-0.56,15.0,9.09,91.0,3.33,2.48,C0E750
西湖,24.562947,120.7485,-0.36,14.7,8.31,94.67,1.83,1.36,C0E810
獅潭,24.539133,120.920042,-0.04,14.43,3.77,92.67,6.5,4.57,C0E820
苑裡,24.439714,120.653053,-0.8,14.97,8.57,90.0,1.0,0.6,C0E830
大河,24.618069,120.948578,-0.69,13.13,5.57,91.67,9.0,6.38,C0E850
高鐵苗栗,24.60725,120.826094,1.23,15.17,16.4,99.0,2.5,1.93,C0E870
石岡,24.276061,120.777644,2.33,16.77,4.97,90.67,2.0,1.42,C0F0B0
中坑,24.248517,120.903319,1.25,13.17,8.2,93.67,3.67,2.47,C0F0C0
審馬陣,24.381675,121.4203,0.93,2.07,22.0,99.33,7.17,5.53,C0F0D0
東勢,24.246428,120.833047,1.05,16.57,4.64,87.0,5.17,4.45,C0F850
大坑,24.173142,120.722289,1.36,18.27,5.36,82.67,2.33,1.79,C0F970
神岡,24.272481,120.658314,-0.44,15.03,1.07,89.33,1.0,0.12,C0F9I0
大安,24.345061,120.588025,-1.01,14.93,5.62,92.0,1.0,0.74,C0F9K0
后里,24.310436,120.729725,0.48,15.97,5.84,91.33,0.67,-0.21,C0F9L0
豐原,24.254322,120.720692,1.01,16.83,6.04,87.33,1.0,0.38,C0F9M0
大里,24.092464,120.701378,0.2,18.2,12.29,85.67,2.83,2.33,C0F9N0
潭子,24.213106,120.703933,0.29,16.97,8.56,88.0,3.33,2.87,C0F9O0
清水,24.312297,120.562242,-1.02,15.13,9.12,92.0,1.0,0.69,C0F9P0
外埔,24.347817,120.705686,0.86,16.57,1.97,88.0,1.33,0.7,C0F9Q0
龍井,24.184536,120.528972,-0.69,15.93,2.96,88.0,0.67,0.04,C0F9R0
烏日,24.107058,120.624103,0.06,17.1,5.6,81.67,2.83,2.39,C0F9S0
西屯,24.179494,120.641275,-0.21,16.2,6.78,85.67,2.67,2.36,C0F9T0
南屯,24.137006,120.637969,-0.25,17.23,5.46,81.33,0.33,-0.04,C0F9U0
大雅(中科園區),24.21528,120.62445,0.6,15.33,7.71,90.0,1.33,0.81,C0F9X0
桃山,24.432739,121.303808,0.73,2.13,15.18,89.33,1.17,-0.33,C0F9Y0
雪山東峰,24.388792,121.268675,0.71,2.73,12.43,86.33,2.17,1.02,C0F9Z0
芬園,24.015678,120.6213,-0.26,16.23,11.98,94.33,2.67,2.19,C0G620
員林,23.946503,120.585597,2.32,19.27,1.89,81.33,1.83,1.18,C0G650
溪湖,23.94835,120.479122,1.38,18.23,15.2,96.67,1.0,0.64,C0G660
溪州,23.851589,120.499093,1.3,16.9,2.55,82.67,2.17,1.65,C0G720
二林,23.903325,120.376081,0.84,16.1,0.63,87.67,0.83,0.73,C0G730
福興,24.041289,120.437669,-0.17,16.73,3.68,84.33,3.33,2.97,C0G770
秀水,24.03405,120.503869,0.39,17.4,8.04,89.67,1.67,1.36,C0G780
埔鹽,24.000394,120.431683,0.72,17.23,6.11,89.67,1.5,1.18,C0G800
埔心,23.947633,120.525456,0.5,17.57,20.59,100.0,2.0,1.58,C0G810
田尾,23.901669,120.509389,0.47,17.33,7.51,91.33,2.17,1.74,C0G820
社頭,23.897647,120.5862,0.55,18.23,10.58,87.67,1.5,0.93,C0G860
二水,23.810742,120.6173,2.31,19.83,5.4,88.0,2.5,2.08,C0G880
伸港,24.148933,120.484403,-0.84,15.63,5.73,88.0,0.5,-0.07,C0G890
線西,24.143358,120.443536,-0.87,15.57,6.93,89.33,0.67,0.17,C0G900
埔里,23.972169,120.952425,2.15,17.97,6.99,88.67,5.5,3.64,C0H890
草屯,23.973672,120.68085,0.11,17.3,6.11,85.0,2.5,1.92,C0H960
昆陽,24.121322,121.273642,0.21,2.6,15.2,99.0,4.5,3.15,C0H990
神木村,23.532742,120.843667,1.26,12.43,3.36,90.0,8.83,7.1,C0H9A0
合歡山,24.143442,121.272547,0.52,1.43,14.85,100.0,22.67,19.51,C0H9C0
廬山,24.033311,121.181808,0.6,12.33,13.09,92.33,9.17,6.67,C0I010
信義,23.689694,120.851036,1.2,16.07,10.72,94.0,3.83,2.63,C0I080
竹山,23.761225,120.688156,0.62,17.07,6.33,92.0,3.0,2.25,C0I110
水里,23.812553,120.849792,1.26,16.73,6.23,90.67,4.67,3.73,C0I360
魚池,23.895703,120.94135,2.03,16.83,2.52,88.0,6.67,4.89,C0I370
集集,23.828206,120.801467,1.27,17.03,6.43,90.67,4.17,2.81,C0I380
仁愛,24.022122,121.132206,1.68,14.17,9.64,91.0,8.67,6.03,C0I390
名間,23.837053,120.701447,1.12,16.53,3.85,87.33,2.17,0.91,C0I410
國姓,24.037803,120.855072,1.47,17.07,4.97,89.33,3.67,2.47,C0I420
南投,23.911469,120.687331,1.37,17.5,11.11,90.67,3.5,2.52,C0I460
梅峰,24.085272,121.173572,1.69,8.57,9.85,95.33,10.5,7.6,C0I480
萬大林道,23.928228,121.091411,1.12,11.7,10.87,94.67,7.67,5.53,C0I490
小奇萊,24.131764,121.295717,1.56,2.27,17.4,100.0,12.33,10.93,C0I530
崙背,23.75555,120.318925,1.2,16.83,1.76,83.0,1.17,0.89,C0K250
四湖,23.630414,120.227125,0.48,17.03,3.64,83.0,1.17,0.67,C0K280
宜梧,23.536281,120.169329,-0.03,16.8,3.24,84.0,1.5,1.12,C0K291
虎尾,23.719183,120.442036,0.38,17.1,9.51,89.67,2.83,2.33,C0K330
土庫,23.679029,120.395574,1.59,17.27,9.67,90.67,2.33,1.81,C0K390
斗六,23.720583,120.541127,1.37,17.17,-0.08,84.0,1.67,0.77,C0K400
北港,23.573957,120.292802,0.92,16.73,0.71,83.67,2.0,1.5,C0K410
西螺,23.800407,120.467394,1.27,16.83,3.6,86.0,2.17,1.47,C0K420
褒忠,23.690938,120.303634,1.01,16.57,3.47,85.67,1.5,0.94,C0K430
二崙,23.772797,120.408944,1.02,16.43,11.52,95.0,1.33,1.01,C0K440
大埤,23.646074,120.431537,1.2,17.03,3.27,84.67,1.83,1.29,C0K450
斗南,23.678734,120.478359,1.26,16.97,4.92,86.0,1.33,0.61,C0K460
林內,23.748675,120.609642,1.56,17.33,2.55,85.67,2.67,1.33,C0K470
莿桐,23.761192,120.502372,1.29,16.83,2.95,85.67,2.83,2.35,C0K480
元長,23.64981,120.315024,1.07,16.73,5.95,85.67,3.33,2.85,C0K500
水林,23.572924,120.24597,1.08,16.93,5.2,85.0,1.83,1.57,C0K510
臺西,23.701547,120.197559,0.49,16.13,6.17,87.33,1.0,0.7,C0K530
蔦松,23.514319,120.229736,0.88,16.8,5.25,86.33,1.83,1.57,C0K550
棋山,23.68645,120.603417,1.6,17.4,5.33,89.33,3.33,2.13,C0K560
高鐵雲林,23.737456,120.417944,1.15,16.67,1.87,88.33,2.33,2.03,C0K580
東後寮,23.369908,120.248065,1.17,17.1,5.47,86.67,0.83,0.61,C0M520
奮起湖,23.493903,120.699253,5.52,18.03,-6.43,80.33,0.0,-1.18,C0M530
中埔,23.42538,120.5229,1.36,17.1,4.17,86.33,0.67,0.01,C0M640
朴子,23.43463,120.23902,0.37,16.37,7.97,87.33,1.5,1.18,C0M650
溪口,23.604131,120.403569,1.29,17.03,1.24,84.0,1.5,0.76,C0M660
大林,23.600616,120.45841,1.35,17.3,4.07,83.67,2.83,2.11,C0M670
太保,23.455062,120.331455,0.9,17.1,2.68,84.0,0.83,0.53,C0M680
水上,23.419734,120.388909,1.28,17.37,11.0,91.0,0.83,0.61,C0M690
竹崎,23.526178,120.555508,1.63,17.33,4.3,88.0,1.67,1.11,C0M700
東石,23.458927,120.15385,0.75,16.7,2.57,85.67,1.67,1.33,C0M710
番路,23.464657,120.554156,1.47,16.67,7.37,91.33,0.83,0.11,C0M720
嘉義市東區,23.457673,120.460531,1.32,18.2,7.01,83.33,0.67,0.41,C0M730
六腳,23.492871,120.290625,0.96,16.97,4.57,84.33,1.83,1.41,C0M740
布袋,23.380878,120.167789,0.89,16.87,2.05,83.33,1.17,0.87,C0M750
民雄,23.551754,120.428457,1.2,17.3,3.07,83.67,1.5,1.06,C0M760
嘉義梅山,23.585398,120.555587,1.56,17.07,6.49,90.33,1.33,0.83,C0M770
鹿草,23.41134,120.30835,1.19,17.37,7.76,86.0,1.0,0.74,C0M780
新港,23.553269,120.345728,0.96,16.93,5.01,84.33,1.67,1.19,C0M790
茶山,23.299075,120.664767,2.5,19.03,5.2,88.0,2.67,1.59,C0M800
里佳,23.389125,120.716647,2.62,14.6,3.76,89.0,6.17,4.41,C0M810
達邦,23.453994,120.749517,2.53,16.6,7.57,87.33,7.67,6.29,C0M820
表湖,23.24186,120.64166,1.92,16.87,12.6,92.67,2.5,2.33,C0M850
北寮,23.079561,120.495008,1.17,18.47,9.24,92.67,2.5,2.07,C0O830
王爺宮,23.222064,120.40085,2.92,19.47,-3.81,81.33,0.17,-0.23,C0O840
大內,23.11885,120.36083,1.91,19.53,6.02,88.33,0.17,-0.02,C0O860
善化,23.112883,120.297219,0.97,18.4,8.61,92.0,0.0,-0.34,C0O900
崎頂,22.959547,120.369317,1.21,18.17,8.64,91.67,2.33,2.15,C0O960
虎頭埤,23.021375,120.347878,0.6,17.87,2.34,86.0,0.67,0.47,C0O970
新市,23.061614,120.298197,1.36,18.93,1.94,83.0,0.17,-0.02,C0O980
媽廟,22.99175,120.293525,0.68,18.33,15.55,96.67,0.5,0.36,C0O990
尾寮山,22.833111,120.683889,1.65,16.33,3.77,91.0,4.33,3.76,C0R100
阿禮,22.742908,120.743678,1.9,16.73,11.58,89.67,1.33,0.68,C0R130
瑪家,22.682903,120.686639,0.95,16.77,14.41,99.0,1.17,0.6,C0R140
三地門,22.709889,120.639944,0.92,20.5,1.73,76.33,3.17,2.66,C0R150
鹽埔,22.739558,120.530778,0.99,19.73,6.97,90.0,5.0,4.21,C0R160
赤山,22.592333,120.614306,1.62,20.77,16.08,96.33,1.17,0.92,C0R190
潮州,22.534361,120.54,1.51,20.97,4.67,83.67,1.5,1.16,C0R220
來義,22.527306,120.625111,0.96,19.9,12.61,96.33,1.0,0.77,C0R240
琉球嶼,22.332244,120.362236,-0.54,19.73,4.5,82.67,0.33,-0.2,C0R270
車城,22.0744,120.716247,1.25,21.23,11.53,81.33,0.17,0.17,C0R320
牡丹,22.130036,120.792639,1.46,18.7,14.47,96.67,1.33,1.33,C0R341
貓鼻頭,21.921774,120.7358,0.18,21.1,11.67,81.67,0.17,-0.16,C0R350
大漢山,22.405264,120.753181,4.57,12.43,2.07,96.67,2.5,2.3,C0R440
高樹,22.826389,120.600806,1.19,20.23,2.87,81.67,4.33,3.66,C0R470
長治,22.693128,120.542622,1.78,21.03,7.5,87.33,3.33,3.08,C0R480
九如,22.7405,120.490503,1.47,20.53,-1.43,82.0,4.0,3.5,C0R490
崁頂,22.514781,120.506914,0.59,19.97,4.33,86.0,1.0,0.76,C0R520
佳冬,22.419456,120.552375,1.11,20.53,6.76,86.0,0.17,-0.03,C0R540
新埤,22.467947,120.582894,0.87,20.3,2.74,83.0,0.17,0.01,C0R550
新園,22.5434,120.461558,1.39,20.6,0.51,79.0,1.67,1.42,C0R560
麟洛,22.65078,120.52719,2.23,21.73,8.94,86.0,2.83,2.48,C0R570
南州,22.48591,120.50274,0.33,19.67,8.98,87.67,2.0,1.84,C0R580
里港,22.77919,120.49459,0.51,19.37,7.5,86.33,3.33,2.9,C0R590
舊泰武,22.588194,120.664944,1.18,17.17,9.57,97.0,1.83,1.25,C0R600
墾雷,21.900836,120.855269,0.15,20.9,16.95,93.67,1.17,-0.53,C0R620
東港,22.46247,120.44074,-0.61,20.33,10.13,85.33,1.17,0.42,C0R640
竹田,22.58486,120.54344,-0.08,20.5,4.3,83.0,1.5,1.45,C0R650
枋寮,22.367722,120.590647,1.9,20.8,19.73,90.33,0.0,0.0,C0R660
楓港,22.190131,120.692156,0.57,21.17,13.47,75.67,0.17,0.17,C0R670
佳樂水,21.993578,120.861633,-0.07,20.93,17.0,86.0,5.0,4.0,C0R680
墾丁,21.966756,120.810269,1.08,19.2,12.13,90.33,0.83,0.03,C0R690
枋山,22.246844,120.661086,0.81,20.97,19.4,82.0,0.0,0.0,C0R700
旭海,22.205403,120.887614,0.05,18.53,25.8,100.0,6.17,5.87,C0R720
下馬,23.150427,121.070312,3.52,15.9,12.4,96.0,6.0,6.0,C0S660
太麻里,22.60902,120.98533,0.36,16.37,16.93,96.33,1.83,-0.33,C0S690
知本,22.684866,121.005642,0.56,16.4,15.07,97.67,2.5,0.28,C0S700
鹿野,22.917711,121.122994,0.53,16.4,15.13,96.33,4.0,2.63,C0S710
綠島,22.6672,121.47533,0.19,19.33,24.13,98.33,6.5,-0.86,C0S730
池上,23.119628,121.209469,0.43,16.87,10.47,94.67,3.17,2.12,C0S740
向陽,23.248397,120.986133,5.03,11.4,6.8,95.0,13.5,10.49,C0S750
大溪山,22.478475,120.943325,0.27,17.1,11.67,94.67,4.83,2.05,C0S770
金崙,22.538122,120.966875,-0.03,18.6,16.4,92.0,1.5,-0.77,C0S790
長濱,23.286817,121.411975,-0.37,17.4,17.73,93.33,4.5,2.74,C0S830
南田,22.279725,120.889208,-0.34,20.37,22.67,99.67,4.33,3.18,C0S840
關山,23.0395,121.175017,1.37,17.7,7.2,92.0,6.0,5.46,C0S890
蘭嶼高中,22.04909,121.51214,-0.47,21.3,13.73,84.33,9.5,2.45,C0S900
蘭嶼燈塔,22.081197,121.503117,-0.78,19.53,12.33,93.33,7.83,5.28,C0S910
金峰嘉蘭,22.594789,120.960825,0.88,18.9,17.47,92.67,2.5,2.5,C0S920
延平,22.902581,121.084058,1.01,17.53,16.73,93.33,6.67,6.37,C0S930
石寧山,23.223772,121.406639,0.31,18.17,20.0,95.0,5.83,5.63,C0S940
七塊厝,22.954453,121.229922,0.46,15.9,15.6,100.0,14.0,14.0,C0S950
加津林,22.416211,120.926942,0.88,20.2,15.8,85.0,2.17,2.17,C0S970
勝林山,22.430439,120.8938,0.81,13.73,6.6,100.0,6.33,5.93,C0S980
山豬窟,22.318619,120.857372,0.41,17.17,18.13,95.33,4.5,4.5,C0S990
歷坵,22.520969,120.89185,1.62,16.8,11.93,97.33,2.83,2.83,C0SA00
檳榔四格山,22.810031,121.109308,0.88,16.9,16.2,97.0,2.5,2.1,C0SA10
金崙山,22.567419,120.959667,1.57,14.27,8.13,99.33,5.17,4.27,C0SA20
都歷,23.020333,121.323642,0.36,18.9,31.0,100.0,3.17,3.17,C0SA30
瑞和,22.974361,121.156697,1.65,17.73,15.73,99.33,6.0,6.0,C0SA40
土坂,22.453108,120.887572,1.65,18.73,13.13,94.33,4.17,4.07,C0SA80
大禹嶺,24.186117,121.316086,0.26,4.83,11.09,86.33,7.5,4.36,C0T790
天祥,24.179597,121.495639,1.26,15.5,4.87,89.33,1.17,-0.62,C0T820
鯉魚潭,23.935639,121.508944,0.45,16.4,7.13,96.67,8.33,5.18,C0T870
西林,23.8119,121.441458,0.33,17.0,10.6,95.33,2.5,-0.51,C0T900
光復,23.660694,121.424964,0.8,17.43,5.27,94.0,2.83,0.1,C0T960
月眉山,23.809928,121.539828,0.58,15.13,5.73,99.0,7.0,3.24,C0T9A0
水源,23.991861,121.537169,0.3,14.43,9.07,99.67,12.0,6.64,C0T9B0
和中,24.26676,121.74103,0.16,18.23,16.8,99.67,1.17,-3.26,C0T9D0
大坑,23.880628,121.581981,0.09,15.4,8.67,98.33,8.83,5.53,C0T9E0
水璉,23.797131,121.542514,-0.62,16.63,13.2,95.67,5.67,2.55,C0T9F0
鳳林山,23.735269,121.420131,-0.95,14.37,2.33,99.0,3.67,-0.49,C0T9G0
加路蘭山,23.682947,121.5274,0.22,13.97,3.67,100.0,15.83,8.25,C0T9H0
靜浦,23.455167,121.495028,0.18,17.67,15.73,97.33,11.17,5.44,C0T9M0
富里,23.171639,121.249378,2.36,18.1,15.2,100.0,11.0,10.8,C0T9N0
雙連埤,24.753033,121.641303,-0.29,13.27,1.7,98.0,12.67,5.89,C0U520
礁溪,24.817539,121.765608,0.41,16.8,7.87,90.67,7.33,1.88,C0U600
玉蘭,24.675286,121.587061,0.49,14.1,7.0,95.33,18.5,11.67,C0U650
太平山,24.505486,121.525656,0.54,7.13,8.97,99.67,11.33,6.79,C0U710
南山,24.43742,121.38167,0.06,10.7,3.07,98.67,4.83,3.68,C0U720
東澳,24.52196,121.83318,-0.46,17.1,13.7,100.0,13.67,3.99,C0U760
南澳,24.44935,121.81022,0.18,18.27,9.07,81.33,0.5,-3.7,C0U770
五結,24.68637,121.79794,0.21,16.73,7.8,90.0,3.33,-5.22,C0U780
頭城,24.85323,121.8308,1.5,16.87,10.37,92.67,5.67,3.79,C0U860
大礁溪,24.791042,121.675047,1.95,14.07,9.47,98.67,10.67,7.03,C0U870
三星,24.66812,121.65302,1.51,16.17,11.6,99.0,6.17,2.77,C0U890
內城,24.71813,121.68766,1.76,16.63,8.07,94.67,5.83,2.73,C0U900
冬山,24.63373,121.7937,2.02,17.23,18.6,99.0,4.83,1.27,C0U910
羅東,24.68184,121.74934,2.22,17.0,5.27,91.0,2.83,-0.23,C0U940
鶯子嶺,24.89754,121.79244,2.57,10.73,-1.07,97.33,20.67,10.23,C0U950
大福,24.80064,121.81389,1.39,16.67,6.8,88.0,3.5,0.87,C0U970
坪林石牌,24.86478,121.77396,2.31,13.17,1.53,99.0,9.17,4.43,C0U980
員山,24.74435,121.72247,1.52,16.8,10.13,93.33,5.33,2.43,C0U990
土場,24.576533,121.495333,1.99,14.93,3.93,93.33,2.33,-0.53,C0UA00
鴛鴦湖,24.590269,121.412228,2.73,8.2,2.6,99.33,16.33,12.07,C0UA10
白嶺,24.527819,121.519031,2.59,9.57,2.13,99.67,17.17,12.37,C0UA30
西德山,24.560647,121.752608,-0.18,10.53,2.07,99.67,16.33,10.18,C0UA40
西帽山,24.555361,121.802628,0.02,12.03,1.22,98.0,45.0,34.05,C0UA50
樟樹山,24.41393,121.78325,-0.01,14.27,9.4,99.0,1.17,-5.88,C0UA60
桃源谷,24.962606,121.888875,1.34,12.8,3.59,99.67,42.17,20.24,C0UA70
復興,23.222403,120.806089,2.07,18.73,6.89,83.0,7.83,6.75,C0V210
內門,22.975481,120.466769,2.29,19.7,5.74,86.0,1.83,1.52,C0V360
古亭坑,22.893178,120.401947,0.83,18.53,6.97,89.0,2.0,1.69,C0V370
阿公店,22.804194,120.355528,0.54,18.27,4.42,87.33,2.0,1.7,C0V400
鳳山,22.646653,120.356122,0.13,18.97,15.92,90.67,3.5,3.2,C0V440
鳳森,22.545064,120.392592,0.85,19.9,7.63,82.0,1.67,1.55,C0V450
新興,22.627422,120.298803,0.16,19.53,7.99,81.33,3.0,2.82,C0V490
梓官,22.760558,120.267211,0.52,18.8,5.57,83.0,0.67,0.52,C0V610
永安,22.82315,120.236856,0.41,18.4,3.7,82.67,0.83,0.73,C0V620
茄萣,22.906642,120.182608,0.6,18.3,10.33,84.67,0.5,0.22,C0V630
湖內,22.887139,120.2445,0.41,18.27,3.57,82.0,0.83,0.78,C0V640
彌陀,22.783806,120.246361,0.82,19.13,6.05,84.33,1.17,1.02,C0V650
岡山,22.797078,120.294958,0.98,19.5,5.64,81.67,1.67,1.48,C0V660
仁武,22.701083,120.347722,0.35,19.23,8.3,84.33,4.17,3.82,C0V680
鼓山,22.623325,120.275575,0.25,19.13,9.18,85.67,3.5,3.1,C0V690
三民,22.645017,120.311233,0.38,19.7,10.61,81.67,3.33,2.98,C0V700
苓雅,22.622742,120.330669,1.07,20.13,15.33,85.33,2.5,2.21,C0V710
林園,22.507747,120.394511,1.02,21.23,12.14,82.0,1.5,1.13,C0V720
大寮,22.605614,120.395717,0.56,19.8,13.73,86.33,3.83,3.68,C0V730
旗山,22.888614,120.483597,1.7,20.0,5.66,83.0,3.67,3.27,C0V740
路竹,22.854997,120.259439,0.93,19.2,5.97,83.0,0.67,0.47,C0V750
橋頭,22.757806,120.30575,0.67,19.4,3.71,81.0,1.67,1.51,C0V760
大社,22.730306,120.346639,0.32,18.9,12.82,88.33,3.33,3.16,C0V770
萬山,22.905944,120.688056,1.38,19.2,12.76,90.33,3.5,2.69,C0V790
六龜,22.997889,120.633583,2.31,21.0,10.85,88.33,4.67,3.88,C0V800
左營,22.67491,120.28491,0.68,18.53,3.63,84.67,2.67,2.37,C0V810
小林,23.148408,120.63325,1.25,19.57,20.37,89.67,2.33,2.33,C0V820
東莒,25.9652,119.98069,1.82,11.27,6.0,81.0,0.83,0.68,C0W110
西嶼,23.5626,119.468436,-0.01,15.97,2.7,87.33,1.83,1.1,C0W120
花嶼,23.40007,119.32276,0.33,16.73,6.1,86.0,0.33,0.26,C0W130
金寧,24.457703,118.328989,1.25,14.5,4.9,77.0,0.0,-0.38,C0W150
東河,23.296598,120.385608,1.35,17.7,0.23,82.67,0.17,-0.21,C0X050
下營,23.22695,120.256261,1.45,17.63,0.75,81.67,0.5,-0.1,C0X060
佳里,23.173039,120.145086,0.41,17.57,5.37,85.33,0.67,0.47,C0X080
臺南市北區,23.010394,120.194228,0.46,18.17,15.88,93.33,0.0,-0.17,C0X100
臺南市南區,22.961189,120.188378,0.19,18.4,7.3,84.33,0.17,-0.08,C0X110
麻豆,23.183289,120.248611,0.96,18.33,7.14,90.0,0.0,-0.34,C0X120
官田,23.193217,120.315422,0.72,18.3,7.28,88.33,0.17,-0.08,C0X130
西港,23.125608,120.203108,0.13,17.5,7.94,89.0,0.33,-0.14,C0X140
安定,23.102614,120.227839,0.58,17.7,5.9,90.33,0.17,-0.59,C0X150
仁德,22.968258,120.257689,0.95,18.9,7.46,85.0,0.33,0.2,C0X160
關廟,22.963017,120.327797,0.01,17.8,9.81,87.67,0.5,0.36,C0X170
山上,23.0757,120.363253,0.92,18.2,2.42,86.33,0.83,0.65,C0X180
安平,22.993161,120.152181,0.25,17.93,2.94,84.0,0.0,-0.13,C0X190
左鎮,23.056758,120.408522,2.07,18.97,0.99,85.33,0.5,0.29,C0X200
白河,23.347466,120.414427,1.25,17.53,3.17,84.33,0.33,-0.07,C0X210
學甲,23.230367,120.182187,1.17,17.17,5.67,85.67,1.0,0.84,C0X220
鹽水,23.272621,120.247641,1.19,17.1,3.91,86.67,0.67,0.45,C0X230
關子嶺,23.331169,120.508025,1.97,16.47,7.16,95.0,0.83,0.27,C0X240
新營,23.310689,120.316681,1.65,17.47,7.59,86.67,0.5,0.28,C0X250
後壁,23.366358,120.362326,1.32,17.43,3.33,84.33,0.67,0.45,C0X260
將軍,23.214999,120.13577,0.79,16.87,4.88,85.0,0.33,0.13,C0X280
北門,23.267772,120.125481,0.69,16.87,5.77,86.33,0.83,0.63,C0X290
鹿寮,23.386047,120.477331,1.63,17.7,5.92,90.0,0.33,-0.25,C0X300
柳營,23.253328,120.375253,1.73,18.27,3.53,80.33,0.0,0.0,C0X320
明里,23.208717,121.262342,0.42,17.1,7.67,96.67,0.0,-1.01,C0Z020
佳心,23.34567,121.21316,0.63,13.6,8.53,99.0,2.83,1.4,C0Z050
玉里,23.3215,121.339656,-0.03,17.2,10.53,98.0,5.17,3.77,C0Z061
舞鶴,23.46811,121.37407,0.46,16.27,9.8,100.0,3.17,1.46,C0Z070
富源,23.587642,121.378225,0.36,16.37,6.0,97.67,3.0,0.86,C0Z080
東華,23.89525,121.549833,0.91,18.1,4.93,92.33,1.83,0.36,C0Z100
吉安光華,23.930925,121.595153,1.73,18.3,-2.33,78.67,3.0,0.5,C0Z150
鳳林,23.746114,121.453411,1.5,17.3,5.0,89.0,1.33,-0.4,C0Z160
卓溪,23.3443,121.3029,1.11,17.13,11.33,93.67,2.17,1.77,C0Z170
新城,24.03946,121.60454,1.09,18.0,5.0,83.0,1.25,-1.48,C0Z180
富世,24.14743,121.6297,1.41,17.93,7.53,91.0,3.5,-2.57,C0Z190
萬榮,23.709219,121.420106,1.71,17.13,0.07,90.0,1.67,0.63,C0Z200
瑞穗,23.5239,121.39021,1.88,17.23,9.13,95.67,3.17,2.07,C0Z210
和平林道,24.343922,121.656317,1.97,14.47,4.67,94.0,1.17,-0.53,C0Z220
和平,24.30717,121.77007,1.29,17.97,7.37,79.67,0.67,-6.8,C0Z230
瑞穗林道,23.49284,121.30688,3.73,13.73,2.53,99.67,11.5,8.13,C0Z250
蕃薯寮,23.73835,121.540108,1.31,15.73,13.0,96.0,9.33,6.63,C0Z270
德武,23.47426,121.41071,1.17,16.7,6.6,96.67,3.83,3.4,C0Z280
赤柯山,23.36893,121.38293,1.95,12.87,2.33,99.0,10.83,9.2,C0Z290
東里,23.26853,121.30547,1.53,17.23,4.53,94.0,3.33,2.8,C0Z300
清水斷崖,24.218294,121.689142,1.13,17.67,6.6,90.33,0.67,-1.13,C0Z310
清水林道,23.27125,121.188272,0.91,14.8,4.73,95.33,7.17,6.27,C0Z320
安通山,23.290728,121.348528,-0.82,14.77,11.27,99.67,7.17,6.47,C0Z330
口湖工作站,23.589978,120.180394,-0.79,16.7,3.9,79.0,0.33,0.2,12J990
東港工作站,22.479997,120.466058,-0.38,20.43,6.13,71.33,1.5,1.35,12Q970
恆春工作站,22.079678,120.714425,0.03,21.7,7.03,72.33,0.0,0.0,12Q980
萬大發電廠,23.978875,121.139639,0.86,15.03,8.33,85.33,8.33,8.33,42HA10
桃改樹林分場,24.944503,121.386972,0.42,15.7,10.6,88.0,10.5,7.1,72AI40
桃園農改場,24.950944,121.030583,0.2,14.83,7.12,92.33,4.83,1.45,72C440
桃改五峰分場,24.612194,121.157167,0.46,11.27,7.06,97.0,11.33,7.69,72D080
臺中農改場,24.003028,120.534389,0.39,16.73,7.5,87.67,1.5,0.79,72G600
中改埔里分場,23.903208,120.963364,1.18,16.63,12.17,92.67,6.83,6.83,72HA00
南改斗南分場,23.634556,120.477333,1.11,17.77,3.83,85.33,3.33,2.75,72K220
南改義竹分場,23.360694,120.279361,0.46,17.2,3.55,84.0,0.83,0.51,72M360
南改鹿草分場,23.416869,120.283061,-0.75,17.23,7.63,85.33,1.17,1.12,72M700
臺南農改場,23.0605,120.342194,0.7,18.0,7.2,87.0,0.33,0.25,72N100
七股研究中心,23.081672,120.062894,-1.15,17.3,4.83,85.33,0.33,0.18,72N240
高雄農改場,22.709333,120.525889,0.85,20.33,11.57,89.67,3.17,2.74,72Q010
東改班鳩分場,22.829528,121.077694,0.42,17.77,8.25,87.67,2.83,1.53,72S200
東改賓朗果園,22.813889,121.071278,-0.1,17.57,3.92,90.33,3.0,1.86,72S590
花蓮農改場,23.975222,121.563889,0.62,17.97,6.11,87.67,6.5,4.28,72T250
花改蘭陽分場,24.686306,121.716583,0.9,16.9,4.41,89.0,3.67,-1.77,72U480
高改旗南分場,22.857861,120.516667,0.17,19.3,11.79,85.33,3.83,3.59,72V140
茶改北部分場,24.955778,121.631222,1.23,13.8,6.24,94.67,21.67,13.16,82A750
茶改場,24.908472,121.185333,-0.2,13.87,8.83,95.67,11.33,7.09,82C160
茶改中部分場,23.875611,120.913583,-0.34,14.97,10.62,94.0,5.5,4.47,82H320
茶改南部分場,23.762528,120.7405,0.44,15.77,4.29,93.67,3.67,2.88,82H840
茶改東部分場,22.907694,121.130139,-0.87,16.9,2.46,83.0,0.5,-0.62,82S580
農工中心,24.985917,121.239833,0.01,14.53,14.9,95.33,10.83,7.07,A2C560
水試臺西試驗場,23.717231,120.190522,0.44,16.53,7.82,89.67,1.83,1.81,A2K360
臺大雲林校區,23.730628,120.423903,1.15,16.87,7.4,85.0,2.33,2.33,A2K630
臺南蘭花園區,23.340258,120.379661,1.78,17.9,8.0,85.0,0.17,0.17,A2N290
畜試北區分所,24.527806,120.770972,1.52,14.83,5.6,91.33,2.67,2.1,B2E890
畜產試驗所,23.058972,120.336406,0.48,17.77,7.62,88.33,0.67,0.51,B2N890
畜試南區分所,21.945583,120.802167,-0.27,20.87,5.14,78.67,1.0,0.1,B2Q810
畜試東區分所,24.669039,121.832561,1.45,17.17,14.2,94.0,4.5,2.5,B2U990
蓮華池,23.918333,120.885278,0.53,15.87,7.77,93.67,4.83,4.05,E2H360
林試畢祿溪站,24.226944,121.308522,3.25,8.13,19.47,91.67,9.0,7.5,E2HA20
四湖植物園,23.676986,120.163433,-0.76,16.67,13.79,94.67,1.17,1.17,E2K600
林試六龜中心,22.991703,120.645722,3.67,20.03,20.0,89.0,3.5,3.5,E2P980
林試太麻里2,22.598,120.99775,1.24,19.8,12.07,83.67,1.33,0.33,E2S960
林試太麻里1,22.598922,120.980044,1.07,19.07,16.47,87.67,1.67,1.67,E2S980
農試所(霧峰),24.031261,120.688133,0.73,17.63,8.33,89.0,2.67,1.85,G2F820
農試嘉義分所,23.485028,120.473806,0.08,17.13,3.16,85.33,0.5,0.22,G2L020
農試鳳山分所,22.646611,120.356083,-0.42,19.17,10.17,82.67,3.17,3.03,G2P820
苗栗農改場,24.495722,120.829111,-0.16,14.47,7.85,92.67,4.83,2.97,K2E360
苗改生物防治研究中心,24.422861,120.871833,0.1,14.1,4.85,89.67,2.0,1.27,K2E710
種苗改良場,24.225972,120.800917,0.86,15.0,11.28,93.0,3.33,1.95,K2F750
溪頭,23.670306,120.798194,0.43,12.93,10.87,97.67,7.83,6.51,U2H480
臺大和社,23.590856,120.888864,0.7,15.7,18.37,93.67,2.83,2.83,U2HA30
臺大內茅埔,23.689722,120.851117,-0.68,15.97,19.23,93.33,3.67,3.67,U2HA40
臺大竹山,23.756972,120.681556,2.03,17.1,2.4,86.33,2.83,1.83,U2HA50
臺大竹山,23.756972,120.681556,2.03,17.1,2.4,86.33,2.83,1.83,U2HA50
臺大內茅埔,23.689722,120.851117,-0.68,15.97,19.23,93.33,3.67,3.67,U2HA40
臺大和社,23.590856,120.888864,0.7,15.7,18.37,93.67,2.83,2.83,U2HA30
臺大溪頭,23.670306,120.798194,0.43,12.93,10.87,97.67,7.83,6.51,U2H480
種苗繁殖,24.225972,120.800917,0.86,15.0,11.28,93.0,3.33,1.95,K2F750
苗改生物防治研究中心,24.422861,120.871833,0.1,14.1,4.85,89.67,2.0,1.27,K2E710
苗栗農改,24.495722,120.829111,-0.16,14.47,7.85,92.67,4.83,2.97,K2E360
農試鳳山分所,22.646611,120.356083,-0.42,19.17,10.17,82.67,3.17,3.03,G2P820
農試嘉義分所,23.485028,120.473806,0.08,17.13,3.16,85.33,0.5,0.22,G2L020
農業試驗所,24.031261,120.688133,0.73,17.63,8.33,89.0,2.67,1.85,G2F820
林試太麻里1,22.598922,120.980044,1.07,19.07,16.47,87.67,1.67,1.67,E2S980
林試太麻里2,22.598014,120.989761,1.24,19.8,12.07,83.67,1.33,0.33,E2S960
林試六龜中心,22.991703,120.645722,3.67,20.03,20.0,89.0,3.5,3.5,E2P980
四湖植物園,23.676986,120.163433,-0.76,16.67,13.79,94.67,1.17,1.17,E2K600
林試畢祿溪站,24.226944,121.308522,3.25,8.13,19.47,91.67,9.0,7.5,E2HA20
蓮華池,23.918333,120.885278,0.53,15.87,7.77,93.67,4.83,4.05,E2H360
畜試東區分所,24.669039,121.832561,1.45,17.17,14.2,94.0,4.5,2.5,B2U990
畜試南區分所,21.945583,120.802167,-0.27,20.87,5.14,78.67,1.0,0.1,B2Q810
畜試所,23.058972,120.336406,0.48,17.77,7.62,88.33,0.67,0.51,B2N890
畜試北區分所,24.527806,120.770972,1.52,14.83,5.6,91.33,2.67,2.1,B2E890
臺南蘭花園區,23.340258,120.379661,1.78,17.9,8.0,85.0,0.17,0.17,A2N290
臺大雲林校區,23.730628,120.423903,1.15,16.87,7.4,85.0,2.33,2.33,A2K630
水試臺西試驗場,23.717231,120.190522,0.44,16.53,7.82,89.67,1.83,1.81,A2K360
農工中心,24.985917,121.239833,0.01,14.53,14.9,95.33,10.83,7.07,A2C560
茶改東部分場,22.907694,121.130139,-0.87,16.9,2.46,83.0,0.5,-0.62,82S580
茶改南部分場,23.762528,120.7405,0.44,15.77,4.29,93.67,3.67,2.88,82H840
茶改中部分場,23.875611,120.913583,-0.34,14.97,10.62,94.0,5.5,4.47,82H320
茶改場,24.908472,121.185333,-0.2,13.87,8.83,95.67,11.33,7.09,82C160
茶改北部分場,24.955778,121.631222,1.23,13.8,6.24,94.67,21.67,13.16,82A750
高改旗南分場,22.857861,120.516667,0.17,19.3,11.79,85.33,3.83,3.59,72V140
花改蘭陽分場,24.686306,121.716583,0.9,16.9,4.41,89.0,3.67,-1.77,72U480
花蓮農改,23.975222,121.563889,0.62,17.97,6.11,87.67,6.5,4.28,72T250
東改賓朗果園,22.813889,121.071278,-0.1,17.57,3.92,90.33,3.0,1.86,72S590
東改班鳩分場,22.829528,121.077694,0.42,17.77,8.25,87.67,2.83,1.53,72S200
高雄農改,22.709333,120.525889,0.85,20.33,11.57,89.67,3.17,2.74,72Q010
七股研究中心,23.081672,120.062894,-1.15,17.3,4.83,85.33,0.33,0.18,72N240
臺南農改,23.0605,120.342194,0.7,18.0,7.2,87.0,0.33,0.25,72N100
南改鹿草分場,23.416869,120.283061,-0.75,17.23,7.63,85.33,1.17,1.12,72M700
南改義竹分場,23.360694,120.279361,0.46,17.2,3.55,84.0,0.83,0.51,72M360
南改斗南分場,23.634556,120.477333,1.11,17.77,3.83,85.33,3.33,2.75,72K220
中改埔里分場,23.903208,120.963364,1.18,16.63,12.17,92.67,6.83,6.83,72HA00
臺中農改,24.003028,120.534389,0.39,16.73,7.5,87.67,1.5,0.79,72G600
桃改五峰分場,24.612194,121.157167,0.46,11.27,7.06,97.0,11.33,7.69,72D080
桃園農改,24.950944,121.030583,0.2,14.83,7.12,92.33,4.83,1.45,72C440
桃改樹林分場,24.944503,121.386972,0.42,15.7,10.6,88.0,10.5,7.1,72AI40
萬大發電廠,23.978875,121.139639,0.86,15.03,8.33,85.33,8.33,8.33,42HA10
恆春工作站,22.079678,120.714425,0.03,21.7,7.03,72.33,0.0,0.0,12Q980
東港工作站,22.479997,120.466058,-0.38,20.43,6.13,71.33,1.5,1.35,12Q970
口湖工作站,23.589978,120.180394,-0.79,16.7,3.9,79.0,0.33,0.2,12J990
