站名,緯度,經度,平均溫距平,本年度平均溫,平均溼度距平,本年度日均相對溼度,本年度日均降水量,日均降水量距平,站號
淡水,25.164889,121.448906,-0.44,15.13,-2.64,79.25,5.84,2.07,466900
鞍部,25.182586,121.529731,-1.43,9.53,3.14,94.62,11.6,1.79,466910
臺北,25.037658,121.514853,-1.0,15.81,0.24,77.56,5.86,2.23,466920
竹子湖,25.162078,121.544547,-1.42,11.18,2.79,90.69,11.03,3.4,466930
基隆,25.133314,121.740475,-0.61,15.53,-1.22,78.44,15.22,3.57,466940
花蓮,23.975128,121.613275,-1.44,17.14,2.29,78.31,3.16,0.95,466990
新屋,25.006744,121.047486,-0.51,14.71,0.57,79.69,3.77,0.94,467050
宜蘭,24.763975,121.756528,-1.51,15.51,5.23,84.81,6.15,1.03,467080
金門,24.407306,118.289281,-0.03,13.16,-2.04,72.5,2.24,0.43,467110
澎湖,23.565503,119.563094,-1.61,15.38,1.02,81.69,3.51,2.6,467350
臺南,22.993239,120.204772,-2.02,16.56,3.69,78.12,5.26,4.81,467410
永康,23.038386,120.2367,-1.52,16.61,5.64,79.31,5.83,5.53,467420
嘉義,23.495925,120.432906,-1.58,15.99,8.88,87.06,5.08,4.24,467480
臺中,24.145736,120.684075,-1.06,16.48,0.84,75.44,4.93,3.79,467490
阿里山,23.508208,120.813242,-0.05,7.12,4.53,87.69,11.77,9.39,467530
大武,22.355675,120.903789,-1.59,19.24,2.1,74.06,2.22,0.86,467540
玉山,23.487614,120.959522,0.53,0.33,-0.35,67.0,14.03,12.71,467550
新竹,24.827853,121.014219,-0.59,15.22,-0.59,79.31,3.3,0.5,467571
恆春,22.003897,120.746339,-1.42,20.09,1.12,72.69,0.56,-0.18,467590
成功,23.097486,121.373428,-1.5,17.82,4.31,80.12,5.52,2.94,467610
日月潭,23.881325,120.90805,-1.1,13.86,12.08,89.62,5.26,3.74,467650
臺東,22.752211,121.154586,-1.58,18.46,3.64,76.0,3.9,2.71,467660
馬祖,26.169269,119.923419,-0.21,9.86,-3.39,79.69,1.69,-1.19,467990
山佳,24.974944,121.402008,-0.34,15.88,-1.18,80.06,6.25,2.78,C0A520
坪林,24.938183,121.70975,-0.83,13.32,-4.84,87.5,7.88,3.44,C0A530
泰平,24.971197,121.823711,-0.87,12.26,1.92,96.81,19.75,6.79,C0A550
桶後,24.848222,121.597992,-0.74,12.82,-1.53,93.12,10.88,5.05,C0A570
石碇,24.993969,121.662917,-0.26,13.99,-2.61,87.69,9.31,3.71,C0A640
大坪,25.165914,121.632969,-0.51,13.19,2.71,94.06,32.03,8.23,C0A860
五指山,25.132153,121.608692,0.19,12.03,2.22,95.31,15.59,6.6,C0A870
雙溪,25.036003,121.864242,-0.26,15.09,-4.17,87.81,13.62,3.48,C0A890
三和,25.233153,121.595236,-0.7,13.36,3.75,87.38,24.16,8.1,C0A931
金山,25.223628,121.643967,1.86,17.37,-4.22,81.0,11.84,2.56,C0A940
鼻頭角,25.129036,121.923372,-0.5,15.91,1.53,83.62,7.25,3.76,C0A950
三貂角,25.007606,122.002058,-0.86,15.44,-2.02,85.12,8.94,1.69,C0A970
社子,25.109508,121.469681,-0.06,16.34,1.98,82.44,4.34,2.02,C0A980
天母,25.117494,121.537169,-0.96,15.79,-4.13,72.19,3.56,1.4,C0A9C0
內湖,25.079422,121.57545,-1.12,15.65,11.19,91.25,4.19,1.63,C0A9F0
大屯山,25.175675,121.522408,0.06,9.71,3.54,97.75,7.28,1.49,C0AC40
三峽,24.939025,121.369728,0.59,16.66,-1.99,80.62,6.97,2.28,C0AC60
信義,25.037822,121.564597,0.34,16.66,0.73,81.94,6.34,2.59,C0AC70
文山,25.00235,121.575728,-0.53,15.28,-5.17,79.81,6.94,2.64,C0AC80
新莊,25.051478,121.446756,-0.86,15.69,2.47,78.5,5.0,1.78,C0ACA0
八里,25.150211,121.403947,-0.53,15.3,2.6,84.38,5.31,1.58,C0AD10
蘆洲,25.086594,121.472331,-0.41,16.29,-0.95,76.06,4.53,1.79,C0AD30
土城,24.973208,121.445169,-0.34,15.57,0.21,82.12,7.12,2.75,C0AD40
鶯歌,24.951533,121.346294,0.71,16.47,-2.54,81.25,5.62,1.64,C0AD50
汐止,25.066881,121.658778,-0.32,15.48,-1.92,84.62,9.78,3.77,C0AH00
永和,25.01125,121.508111,0.33,16.5,4.46,79.44,6.25,2.85,C0AH10
五分山,25.07125,121.780794,1.95,13.13,2.3,95.91,24.91,9.54,C0AH30
平等,25.129142,121.577086,-1.21,12.66,0.13,84.75,5.62,2.58,C0AH40
林口,25.072181,121.38084,-0.9,13.69,5.54,86.06,5.81,3.64,C0AH50
松山,25.04871,121.55042,-0.81,15.93,-4.93,66.5,5.44,2.9,C0AH70
深坑,25.002703,121.628328,1.13,16.45,-4.19,84.12,7.47,3.81,C0AH80
福山植物園,24.760717,121.58135,-0.55,11.12,4.63,97.19,10.81,6.38,C0AH90
五股,25.07445,121.42728,-2.74,13.65,-3.45,83.19,5.12,3.74,C0AI00
屈尺,24.92184,121.54475,-1.15,15.66,-11.69,73.0,9.44,7.85,C0AI10
白沙灣,25.283128,121.519058,-1.06,15.02,-2.98,83.31,4.31,0.87,C0AI20
三重,25.057328,121.500629,-1.26,15.99,1.17,79.06,4.12,2.99,C0AI30
石牌,25.115597,121.513139,-1.54,16.64,5.37,77.31,3.66,2.63,C0AI40
七堵,25.094819,121.71713,-0.38,16.29,-6.6,82.31,14.41,8.41,C0B010
基隆嶼,25.19141,121.78391,-1.26,14.89,3.75,91.25,11.69,7.84,C0B020
復興,24.820208,121.352281,-0.29,13.36,-3.55,80.0,6.38,2.51,C0C460
桃園,24.992425,121.323172,-0.49,15.18,-0.87,77.69,5.84,2.04,C0C480
八德,24.928708,121.283289,-0.66,14.56,-3.08,79.0,6.19,2.28,C0C490
觀音,25.027072,121.153317,-0.65,14.18,-1.67,80.81,4.94,0.83,C0C590
蘆竹,25.084275,121.265767,-0.97,14.29,1.94,83.75,5.06,1.22,C0C620
大溪,24.882853,121.265547,-0.6,14.01,0.44,81.75,5.47,1.78,C0C630
平鎮,24.897503,121.214636,-0.29,14.08,-1.94,82.0,5.41,1.56,C0C650
楊梅,24.912375,121.143047,-0.55,14.16,1.23,79.38,5.53,1.8,C0C660
龍潭,24.870056,121.221389,-0.31,13.66,4.43,84.06,6.09,2.99,C0C670
龜山,25.02846,121.38656,-0.19,14.2,-1.52,81.12,5.81,3.0,C0C680
中壢,24.977661,121.256375,-0.63,14.32,-1.36,79.56,5.09,2.44,C0C700
大溪永福,24.892936,121.324975,-1.15,14.81,-1.82,83.62,6.97,5.7,C0C710
梅花,24.678347,121.208558,-0.74,12.82,-0.02,87.19,7.31,4.31,C0D360
峨眉,24.6905,121.017189,-0.31,14.7,-2.77,83.75,5.19,2.62,C0D430
打鐵坑,24.849664,121.150789,-0.67,13.56,-5.24,82.75,4.44,0.64,C0D480
橫山,24.71116,121.11693,-0.98,13.66,1.35,87.69,5.44,1.99,C0D540
雪霸,24.526972,121.11605,-0.53,8.41,3.13,84.5,8.56,4.43,C0D550
竹東,24.767147,121.057881,0.1,14.92,-0.14,78.25,4.03,0.92,C0D560
寶山,24.735006,121.025192,-0.37,14.34,-0.48,83.44,4.47,0.88,C0D580
新豐,24.87068,120.97721,-0.66,13.92,1.97,85.88,2.5,-0.59,C0D590
湖口,24.904794,121.043628,-0.53,14.42,-2.0,78.56,3.03,0.75,C0D650
新竹市東區,24.798681,120.986942,-0.75,14.43,3.49,77.88,3.75,2.14,C0D660
竹南,24.708978,120.888897,-0.2,15.26,1.67,82.69,3.72,1.62,C0E420
南庄,24.601775,121.000214,-0.97,13.67,5.36,90.31,6.78,3.58,C0E430
明德,24.583486,120.885411,-0.36,14.83,-2.53,81.88,4.47,2.64,C0E550
通霄,24.471892,120.704622,-1.07,14.54,0.57,84.06,3.72,2.74,C0E590
馬都安,24.451272,120.930192,-1.09,12.37,2.25,86.25,5.5,3.03,C0E610
頭份,24.688247,120.912206,0.03,15.69,0.22,78.56,3.75,1.25,C0E730
造橋,24.637056,120.864778,-0.81,14.61,-1.94,82.56,4.12,2.23,C0E740
苗栗,24.564569,120.824575,-0.97,14.61,0.48,80.31,4.12,2.46,C0E750
銅鑼,24.489681,120.790853,-1.24,13.94,8.81,91.78,4.97,3.56,C0E780
西湖,24.562947,120.7485,-0.68,14.37,0.66,84.75,3.34,2.21,C0E810
獅潭,24.539133,120.920042,-0.87,13.62,-2.47,85.06,5.88,3.82,C0E820
苑裡,24.439714,120.653053,-1.59,14.41,3.68,82.06,3.25,2.4,C0E830
大河,24.618069,120.948578,-2.36,12.51,-0.02,82.94,5.41,3.78,C0E850
高鐵苗栗,24.60725,120.826094,-1.08,14.72,6.97,87.75,3.66,2.74,C0E870
石岡,24.276061,120.777644,0.04,15.69,4.96,86.62,3.91,3.52,C0F0B0
中坑,24.248517,120.903319,-1.77,12.56,4.87,89.12,5.91,4.92,C0F0C0
審馬陣,24.381675,121.4203,-0.35,2.46,11.08,83.19,6.53,3.85,C0F0D0
東勢,24.246428,120.833047,0.01,15.72,2.86,82.44,5.44,4.33,C0F850
大坑,24.173142,120.722289,0.05,17.18,3.14,77.75,5.53,4.81,C0F970
神岡,24.272481,120.658314,-1.35,14.27,-3.76,81.44,3.38,2.38,C0F9I0
大安,24.345061,120.588025,-1.59,14.34,0.16,84.31,3.16,2.6,C0F9K0
后里,24.310436,120.729725,-0.56,15.07,-0.82,82.06,3.66,2.8,C0F9L0
豐原,24.254322,120.720692,0.03,16.08,2.09,80.56,3.66,2.79,C0F9M0
大里,24.092464,120.701378,-1.19,16.99,7.25,78.56,5.0,4.25,C0F9N0
潭子,24.213106,120.703933,-0.77,16.16,4.62,81.19,3.94,3.29,C0F9O0
清水,24.312297,120.562242,-1.7,14.47,3.49,84.75,2.91,2.4,C0F9P0
外埔,24.347817,120.705686,-0.77,15.07,-1.82,81.5,3.31,2.48,C0F9Q0
龍井,24.184536,120.528972,-1.51,15.18,-1.85,81.19,3.22,2.65,C0F9R0
烏日,24.107058,120.624103,-0.99,16.19,1.61,75.19,4.44,3.87,C0F9S0
西屯,24.179494,120.641275,-1.21,15.4,2.17,78.62,3.69,3.21,C0F9T0
南屯,24.137006,120.637969,-1.32,16.36,2.57,74.88,3.53,2.98,C0F9U0
新社,24.200172,120.815806,-0.73,14.37,1.88,84.6,5.47,4.31,C0F9V0
大雅(中科園區),24.21528,120.62445,-1.39,14.66,5.38,82.06,3.38,2.99,C0F9X0
桃山,24.432739,121.303808,-0.11,2.54,11.15,75.31,5.22,4.55,C0F9Y0
雪山東峰,24.388792,121.268675,0.04,3.31,9.44,73.56,6.72,5.72,C0F9Z0
芬園,24.015678,120.6213,-1.54,15.16,6.76,86.19,4.12,3.55,C0G620
員林,23.946503,120.585597,0.48,18.18,-0.63,76.38,3.69,2.79,C0G650
溪湖,23.94835,120.479122,0.18,17.15,13.25,92.75,3.25,2.72,C0G660
溪州,23.851589,120.499093,-1.1,15.64,2.07,77.69,4.16,3.72,C0G720
二林,23.903325,120.376081,-1.31,14.96,2.66,85.0,2.94,2.5,C0G730
福興,24.041289,120.437669,-1.16,15.82,0.08,78.19,4.03,3.56,C0G770
秀水,24.03405,120.503869,-0.48,16.62,4.51,83.94,3.72,3.32,C0G780
埔鹽,24.000394,120.431683,-0.28,16.29,1.86,83.81,3.22,2.79,C0G800
埔心,23.947633,120.525456,-0.71,16.49,8.89,85.78,3.56,3.02,C0G810
田尾,23.901669,120.509389,-0.87,16.12,4.24,86.25,3.66,3.11,C0G820
埤頭,23.866003,120.452806,-1.29,15.56,-3.5,82.6,2.78,2.41,C0G830
社頭,23.897647,120.5862,-0.87,17.01,10.01,84.56,3.84,3.12,C0G860
二水,23.810742,120.6173,0.63,18.31,4.09,84.12,3.75,3.24,C0G880
伸港,24.148933,120.484403,-1.63,14.87,0.6,81.25,3.19,2.59,C0G890
線西,24.143358,120.443536,-2.51,14.84,1.06,83.06,3.31,2.95,C0G900
花壇,24.032076,120.549461,-1.06,16.68,11.97,86.19,3.34,3.09,C0G910
埔里,23.972169,120.952425,-0.05,16.55,6.7,85.31,4.81,3.49,C0H890
草屯,23.973672,120.68085,-1.33,16.09,3.08,79.25,4.16,3.45,C0H960
昆陽,24.121322,121.273642,-0.01,2.64,12.11,89.06,5.41,3.93,C0H990
神木村,23.532742,120.843667,-0.4,11.27,7.28,90.5,9.22,7.3,C0H9A0
合歡山,24.143442,121.272547,0.74,1.47,10.54,92.75,11.28,6.21,C0H9C0
廬山,24.033311,121.181808,-0.64,11.62,11.44,87.44,5.16,2.41,C0I010
信義,23.689694,120.851036,-0.73,15.1,8.36,88.31,6.12,5.06,C0I080
竹山,23.761225,120.688156,-1.11,15.91,4.39,88.31,5.06,4.16,C0I110
水里,23.812553,120.849792,-0.7,16.01,4.47,84.0,5.22,3.66,C0I360
魚池,23.895703,120.94135,-0.06,15.43,2.19,85.5,5.59,3.48,C0I370
集集,23.828206,120.801467,-0.94,16.04,6.69,85.81,5.31,4.21,C0I380
仁愛,24.022122,121.132206,0.04,13.05,9.38,88.88,5.28,2.7,C0I390
名間,23.837053,120.701447,-1.22,15.46,4.95,82.81,4.31,3.56,C0I410
國姓,24.037803,120.855072,-0.65,16.0,4.87,84.81,4.44,3.57,C0I420
南投,23.911469,120.687331,-0.76,16.56,8.23,82.75,3.69,3.14,C0I460
梅峰,24.085272,121.173572,0.8,8.11,7.98,90.19,6.31,3.46,C0I480
萬大林道,23.928228,121.091411,-0.05,11.18,5.73,87.19,5.53,2.88,C0I490
小奇萊,24.131764,121.295717,-0.12,2.19,11.76,92.0,9.0,6.17,C0I530
崙背,23.75555,120.318925,-1.1,15.48,-0.55,78.06,3.84,3.43,C0K250
四湖,23.630414,120.227125,-1.35,15.76,1.99,78.44,3.88,3.14,C0K280
宜梧,23.536281,120.169329,-1.42,15.49,1.62,80.19,4.34,3.78,C0K291
虎尾,23.719183,120.442036,-1.57,15.78,8.23,83.81,4.38,3.59,C0K330
土庫,23.679029,120.395574,-1.21,15.59,2.55,79.62,3.88,3.45,C0K390
斗六,23.720583,120.541127,-1.17,15.81,-0.03,79.44,4.47,3.96,C0K400
北港,23.573957,120.292802,-1.48,15.43,0.26,78.88,4.34,3.93,C0K410
西螺,23.800407,120.467394,-1.12,15.62,3.06,80.88,4.06,3.52,C0K420
褒忠,23.690938,120.303634,-1.34,15.25,0.13,78.69,3.78,3.24,C0K430
二崙,23.772797,120.408944,-1.39,15.14,8.58,87.88,2.97,2.5,C0K440
大埤,23.646074,120.431537,-1.25,15.73,2.43,79.81,3.69,3.24,C0K450
斗南,23.678734,120.478359,-1.21,15.65,5.01,81.75,4.16,3.69,C0K460
林內,23.748675,120.609642,-0.99,15.85,3.63,82.81,4.53,3.81,C0K470
莿桐,23.761192,120.502372,-1.23,15.44,2.62,81.0,4.41,4.02,C0K480
元長,23.64981,120.315024,-1.33,15.43,4.4,80.81,4.34,3.93,C0K500
水林,23.572924,120.24597,-1.24,15.64,3.26,79.75,4.22,3.85,C0K510
臺西,23.701547,120.197559,-1.58,15.06,3.51,82.25,3.62,3.18,C0K530
蔦松,23.514319,120.229736,-1.37,15.56,3.35,81.38,4.5,4.11,C0K550
棋山,23.68645,120.603417,-0.92,16.01,5.96,85.81,5.34,4.55,C0K560
高鐵雲林,23.737456,120.417944,-2.0,15.39,-2.46,83.5,3.59,3.21,C0K580
東後寮,23.369908,120.248065,-1.3,15.64,4.07,82.19,4.91,4.5,C0M520
奮起湖,23.493903,120.699253,5.06,18.01,-10.57,74.56,0.0,-1.51,C0M530
中埔,23.42538,120.5229,-1.42,15.62,5.02,82.75,5.72,5.11,C0M640
朴子,23.43463,120.23902,-2.01,15.04,6.7,82.94,4.56,4.11,C0M650
溪口,23.604131,120.403569,-1.2,15.65,1.04,79.75,4.09,3.66,C0M660
大林,23.600616,120.45841,-1.2,15.89,4.7,80.06,5.28,4.81,C0M670
太保,23.455062,120.331455,-1.6,15.68,2.05,79.62,5.28,4.92,C0M680
水上,23.419734,120.388909,-1.25,15.9,8.52,85.19,5.34,5.02,C0M690
竹崎,23.526178,120.555508,-1.08,15.79,4.61,84.75,6.12,5.63,C0M700
東石,23.458927,120.15385,-1.54,15.38,-0.82,77.88,4.94,4.5,C0M710
番路,23.464657,120.554156,-1.3,15.24,8.55,87.31,5.91,5.28,C0M720
嘉義市東區,23.457673,120.460531,-1.24,16.81,7.0,79.5,5.47,5.16,C0M730
六腳,23.492871,120.290625,-1.46,15.6,3.04,79.5,5.0,4.54,C0M740
布袋,23.380878,120.167789,-1.4,15.58,0.57,79.5,4.72,4.32,C0M750
民雄,23.551754,120.428457,-1.33,15.93,2.88,79.75,5.53,5.05,C0M760
嘉義梅山,23.585398,120.555587,-1.23,15.56,7.77,86.5,5.44,4.9,C0M770
鹿草,23.41134,120.30835,-1.29,15.97,5.37,80.44,4.97,4.57,C0M780
新港,23.553269,120.345728,-1.5,15.62,4.55,80.19,5.0,4.6,C0M790
茶山,23.299075,120.664767,-0.28,16.92,7.36,86.94,6.5,5.6,C0M800
里佳,23.389125,120.716647,0.41,12.94,5.67,88.19,8.66,7.03,C0M810
達邦,23.453994,120.749517,0.29,14.79,10.3,87.62,7.72,6.4,C0M820
表湖,23.24186,120.64166,-1.6,15.11,7.85,88.44,6.59,5.81,C0M850
北寮,23.079561,120.495008,-0.99,16.77,8.97,90.19,6.0,5.49,C0O830
王爺宮,23.222064,120.40085,0.74,17.83,-3.35,78.69,5.69,5.11,C0O840
大內,23.11885,120.36083,-0.3,17.74,5.04,85.19,4.97,4.69,C0O860
善化,23.112883,120.297219,-1.37,16.69,6.13,88.0,5.78,5.43,C0O900
崎頂,22.959547,120.369317,-0.83,16.62,8.06,88.44,5.75,5.12,C0O960
虎頭埤,23.021375,120.347878,-1.14,16.51,2.64,84.06,5.88,5.53,C0O970
新市,23.061614,120.298197,-0.65,17.34,1.67,80.69,5.19,4.85,C0O980
媽廟,22.99175,120.293525,-1.54,16.54,12.21,90.88,5.5,5.1,C0O990
尾寮山,22.833111,120.683889,-0.99,14.12,1.73,88.44,4.91,4.08,C0R100
阿禮,22.742908,120.743678,0.17,15.1,5.51,83.56,1.97,1.18,C0R130
瑪家,22.682903,120.686639,-0.97,15.08,13.32,95.81,2.03,1.33,C0R140
三地門,22.709889,120.639944,-1.43,18.77,-2.12,70.56,2.06,1.5,C0R150
鹽埔,22.739558,120.530778,-0.86,18.26,3.96,85.38,2.91,2.42,C0R160
赤山,22.592333,120.614306,-0.63,18.73,10.56,89.44,1.03,0.67,C0R190
潮州,22.534361,120.54,-0.73,19.36,2.66,80.31,0.75,0.42,C0R220
來義,22.527306,120.625111,-1.36,17.83,11.07,90.5,0.91,0.47,C0R240
春日,22.370361,120.628306,-2.1,17.85,9.81,85.44,0.5,-0.01,C0R260
琉球嶼,22.332244,120.362236,-2.17,18.64,1.62,78.56,0.78,0.38,C0R270
車城,22.0744,120.716247,-1.32,19.71,2.78,76.5,0.12,0.12,C0R320
牡丹,22.130036,120.792639,-1.07,17.34,5.88,91.88,1.22,1.17,C0R341
貓鼻頭,21.921774,120.7358,-1.39,19.91,1.4,78.06,0.25,-0.3,C0R350
大漢山,22.405264,120.753181,0.44,9.8,-0.86,96.25,3.59,1.23,C0R440
高樹,22.826389,120.600806,-0.93,18.54,2.57,79.0,3.78,3.26,C0R470
長治,22.693128,120.542622,-0.33,19.27,4.5,82.69,2.12,1.77,C0R480
九如,22.7405,120.490503,-0.48,18.99,-2.66,78.81,2.69,2.3,C0R490
崁頂,22.514781,120.506914,-1.14,18.53,0.77,81.12,0.66,0.19,C0R520
佳冬,22.419456,120.552375,-1.1,18.64,5.72,83.56,0.38,0.03,C0R540
新埤,22.467947,120.582894,-1.11,18.59,0.1,78.56,0.47,0.14,C0R550
新園,22.5434,120.461558,-0.3,19.27,-1.39,75.0,0.81,0.29,C0R560
麟洛,22.65078,120.52719,-0.04,19.79,8.24,83.12,1.38,1.01,C0R570
南州,22.48591,120.50274,-1.39,18.24,5.99,83.5,0.81,0.48,C0R580
里港,22.77919,120.49459,-1.15,18.13,4.78,81.44,3.09,2.73,C0R590
舊泰武,22.588194,120.664944,-0.85,15.41,6.49,91.31,1.78,1.02,C0R600
墾雷,21.900836,120.855269,-1.26,19.74,12.08,89.38,1.03,-1.22,C0R620
東港,22.46247,120.44074,-2.97,18.86,4.22,81.0,0.78,0.55,C0R640
竹田,22.58486,120.54344,-2.75,18.88,-0.36,79.5,0.84,0.45,C0R650
枋寮,22.367722,120.590647,-1.51,18.94,11.38,86.44,0.31,0.01,C0R660
楓港,22.190131,120.692156,-1.95,19.49,2.8,69.69,0.12,-0.07,C0R670
佳樂水,21.993578,120.861633,-1.81,19.67,3.84,81.56,2.5,-3.86,C0R680
墾丁,21.966756,120.810269,-1.2,17.8,1.0,86.5,1.12,-2.57,C0R690
枋山,22.246844,120.661086,-1.59,19.66,7.1,74.44,0.06,0.01,C0R700
旭海,22.205403,120.887614,-1.72,17.46,15.24,97.69,3.62,-4.12,C0R720
下馬,23.150427,121.070312,2.21,15.9,8.28,96.0,6.0,5.5,C0S660
太麻里,22.60902,120.98533,-1.23,15.18,3.69,87.69,3.66,2.14,C0S690
知本,22.684866,121.005642,-1.31,14.93,5.19,92.25,4.09,2.34,C0S700
鹿野,22.917711,121.122994,-1.32,14.93,5.54,90.38,4.25,3.19,C0S710
綠島,22.6672,121.47533,-1.38,18.06,13.85,95.19,8.28,1.31,C0S730
池上,23.119628,121.209469,-1.41,15.39,4.53,89.75,4.31,3.59,C0S740
向陽,23.248397,120.986133,4.45,11.4,6.61,95.0,13.5,10.88,C0S750
大溪山,22.478475,120.943325,-1.35,15.81,1.61,87.5,5.0,2.79,C0S770
金崙,22.538122,120.966875,-1.85,17.24,3.76,84.38,3.66,2.08,C0S790
東河,22.972672,121.303986,-2.58,17.7,4.0,82.67,4.08,2.16,C0S810
長濱,23.286817,121.411975,-1.87,16.23,3.92,84.75,4.94,3.01,C0S830
南田,22.279725,120.889208,-1.7,19.23,16.46,97.12,2.94,0.55,C0S840
關山,23.0395,121.175017,-0.75,16.15,3.38,87.88,4.38,3.89,C0S890
蘭嶼高中,22.04909,121.51214,-2.34,20.01,6.06,81.75,12.41,-2.22,C0S900
蘭嶼燈塔,22.081197,121.503117,-2.48,18.38,0.65,89.81,6.25,-0.71,C0S910
金峰嘉蘭,22.594789,120.960825,-1.68,17.46,6.81,85.75,4.09,3.34,C0S920
延平,22.902581,121.084058,-1.32,16.14,5.17,86.06,5.06,4.42,C0S930
石寧山,23.223772,121.406639,-1.66,16.73,8.07,89.12,5.16,4.6,C0S940
七塊厝,22.954453,121.229922,-0.62,15.9,13.33,100.0,14.0,13.72,C0S950
香蘭,22.587569,120.993375,-1.49,18.59,9.44,81.67,4.08,1.92,C0S960
加津林,22.416211,120.926942,-1.14,19.05,3.35,77.12,2.72,-0.09,C0S970
勝林山,22.430439,120.8938,-2.06,11.98,2.87,98.31,6.47,2.91,C0S980
山豬窟,22.318619,120.857372,-1.82,15.82,4.28,87.56,3.25,0.64,C0S990
歷坵,22.520969,120.89185,-1.12,15.2,3.74,92.69,5.06,3.98,C0SA00
檳榔四格山,22.810031,121.109308,-1.62,15.31,6.78,91.5,3.62,3.29,C0SA10
金崙山,22.567419,120.959667,-1.13,12.69,1.37,94.81,5.91,4.13,C0SA20
都歷,23.020333,121.323642,-1.38,17.81,22.97,97.19,3.97,2.83,C0SA30
瑞和,22.974361,121.156697,-1.18,16.19,12.51,95.62,4.75,4.44,C0SA40
土坂,22.453108,120.887572,-1.03,17.37,4.48,87.81,4.34,2.26,C0SA80
大禹嶺,24.186117,121.316086,-0.07,5.04,8.32,79.94,6.5,2.92,C0T790
天祥,24.179597,121.495639,-0.99,13.61,4.86,87.0,2.5,0.59,C0T820
鯉魚潭,23.935639,121.508944,-1.57,14.84,3.2,92.81,5.31,2.62,C0T870
西林,23.8119,121.441458,-0.99,15.69,6.0,90.31,4.0,1.72,C0T900
光復,23.660694,121.424964,-1.04,16.04,-0.74,88.5,3.69,1.29,C0T960
月眉山,23.809928,121.539828,-1.21,13.74,2.8,95.69,5.38,1.97,C0T9A0
水源,23.991861,121.537169,-1.47,13.16,4.28,94.5,7.38,3.01,C0T9B0
和中,24.26676,121.74103,-1.76,16.67,14.94,96.94,3.62,0.07,C0T9D0
大坑,23.880628,121.581981,-1.53,14.06,4.12,94.06,5.59,1.98,C0T9E0
水璉,23.797131,121.542514,-2.17,15.34,7.93,91.5,4.69,1.78,C0T9F0
鳳林山,23.735269,121.420131,-2.61,13.06,0.09,95.19,4.31,1.0,C0T9G0
加路蘭山,23.682947,121.5274,-1.59,12.45,4.27,99.44,11.19,4.63,C0T9H0
靜浦,23.455167,121.495028,-1.44,16.46,5.31,90.31,9.72,5.02,C0T9M0
富里,23.171639,121.249378,1.27,18.1,14.17,100.0,11.0,10.89,C0T9N0
雙連埤,24.753033,121.641303,-1.55,11.57,-0.84,96.19,9.97,4.64,C0U520
礁溪,24.817539,121.765608,-1.34,15.48,3.55,85.94,6.56,1.89,C0U600
玉蘭,24.675286,121.587061,-1.4,12.75,2.43,89.5,11.81,5.95,C0U650
太平山,24.505486,121.525656,-0.85,6.14,3.02,93.69,7.5,3.62,C0U710
南山,24.43742,121.38167,-2.62,8.86,-1.02,95.06,5.91,4.82,C0U720
東澳,24.52196,121.83318,-2.25,15.52,12.85,97.69,12.75,5.21,C0U760
南澳,24.44935,121.81022,-2.07,16.16,7.21,81.88,3.16,0.38,C0U770
五結,24.68637,121.79794,-1.71,14.94,5.74,86.81,6.75,2.03,C0U780
頭城,24.85323,121.8308,-1.38,15.56,8.65,88.19,6.84,5.15,C0U860
大礁溪,24.791042,121.675047,-1.2,12.68,7.34,94.56,8.38,5.18,C0U870
三星,24.66812,121.65302,-1.43,14.65,8.98,96.12,6.25,4.28,C0U890
內城,24.71813,121.68766,-1.17,15.17,3.53,89.12,6.53,4.53,C0U900
冬山,24.63373,121.7937,-1.17,15.49,16.34,96.75,9.59,7.33,C0U910
羅東,24.68184,121.74934,-1.0,15.34,3.1,86.94,5.22,3.35,C0U940
鶯子嶺,24.89754,121.79244,-1.07,8.85,-0.5,96.69,14.34,7.79,C0U950
翠峰湖,24.510856,121.608044,-1.0,4.96,0.22,96.38,5.25,2.86,C0U960
大福,24.80064,121.81389,-1.56,15.16,5.11,84.56,5.75,3.9,C0U970
坪林石牌,24.86478,121.77396,-0.97,11.59,1.44,96.94,8.66,5.44,C0U980
員山,24.74435,121.72247,-1.44,15.32,8.76,88.56,6.44,4.43,C0U990
土場,24.576533,121.495333,-1.21,13.24,0.47,88.75,3.78,2.38,C0UA00
鴛鴦湖,24.590269,121.412228,-0.86,6.25,2.01,98.12,9.53,5.48,C0UA10
白嶺,24.527819,121.519031,-1.18,7.68,0.82,97.38,9.97,5.6,C0UA30
西德山,24.560647,121.752608,-2.59,8.91,1.44,98.69,9.66,5.46,C0UA40
西帽山,24.555361,121.802628,-2.51,10.37,0.19,96.31,26.91,19.03,C0UA50
樟樹山,24.41393,121.78325,-2.24,12.51,10.77,98.62,5.31,2.03,C0UA60
桃源谷,24.962606,121.888875,-1.35,11.5,1.51,97.69,25.03,13.72,C0UA70
復興,23.222403,120.806089,-0.17,16.5,9.2,83.62,8.44,7.35,C0V210
溪埔,22.738578,120.446797,-1.16,17.85,5.75,82.69,2.18,1.84,C0V350
內門,22.975481,120.466769,-0.03,17.74,4.97,83.56,5.38,4.89,C0V360
古亭坑,22.893178,120.401947,-1.53,16.87,6.81,86.69,5.0,4.61,C0V370
阿公店,22.804194,120.355528,-1.51,16.69,2.72,83.0,3.62,3.32,C0V400
鳳山,22.646653,120.356122,-1.78,17.47,14.5,87.25,1.78,1.32,C0V440
鳳森,22.545064,120.392592,-1.15,18.24,5.38,79.0,1.03,0.57,C0V450
新興,22.627422,120.298803,-1.54,18.08,6.67,77.81,1.75,1.36,C0V490
梓官,22.760558,120.267211,-1.52,17.19,4.92,80.06,3.09,2.87,C0V610
永安,22.82315,120.236856,-1.65,16.76,3.64,80.38,3.59,3.4,C0V620
茄萣,22.906642,120.182608,-1.42,16.71,9.23,81.69,4.88,4.22,C0V630
湖內,22.887139,120.2445,-1.72,16.58,2.91,79.44,4.69,4.07,C0V640
彌陀,22.783806,120.246361,-1.17,17.53,5.26,81.25,3.78,3.55,C0V650
岡山,22.797078,120.294958,-1.12,17.87,5.23,78.75,4.06,3.76,C0V660
仁武,22.701083,120.347722,-1.31,18.01,5.43,79.25,2.88,2.54,C0V680
鼓山,22.623325,120.275575,-1.66,17.68,7.62,81.81,2.12,1.62,C0V690
三民,22.645017,120.311233,-1.61,18.18,9.8,78.88,1.91,1.43,C0V700
苓雅,22.622742,120.330669,-0.87,18.67,14.27,82.31,1.75,1.35,C0V710
林園,22.507747,120.394511,-0.81,19.74,8.89,77.75,0.88,0.31,C0V720
大寮,22.605614,120.395717,-1.44,18.21,10.62,81.81,2.03,1.46,C0V730
旗山,22.888614,120.483597,-0.49,18.27,4.42,79.5,4.5,4.09,C0V740
路竹,22.854997,120.259439,-1.11,17.68,4.95,79.56,4.25,4.0,C0V750
橋頭,22.757806,120.30575,-1.34,17.86,2.27,77.25,3.28,2.99,C0V760
大社,22.730306,120.346639,-1.64,17.41,9.08,82.38,3.0,2.77,C0V770
萬山,22.905944,120.688056,-0.02,18.05,6.27,82.56,0.75,-0.16,C0V790
六龜,22.997889,120.633583,0.24,19.05,10.42,86.25,6.19,5.25,C0V800
左營,22.67491,120.28491,-1.89,16.98,1.57,81.69,2.53,2.22,C0V810
小林,23.148408,120.63325,-2.24,17.25,16.67,88.5,4.94,4.23,C0V820
東莒,25.9652,119.98069,0.2,10.56,-3.14,75.12,0.88,-0.59,C0W110
西嶼,23.5626,119.468436,-1.54,14.78,0.51,83.88,4.03,3.74,C0W120
花嶼,23.40007,119.32276,-1.82,15.45,3.26,82.75,3.53,3.41,C0W130
金寧,24.457703,118.328989,-0.55,13.49,-2.12,69.62,0.62,-0.26,C0W150
東河,23.296598,120.385608,-1.35,16.08,1.27,80.56,5.31,4.91,C0X050
下營,23.22695,120.256261,-1.12,16.01,0.44,78.94,5.69,5.27,C0X060
佳里,23.173039,120.145086,-1.78,15.99,5.09,82.5,5.22,4.89,C0X080
臺南市北區,23.010394,120.194228,-1.67,16.56,13.19,87.38,4.59,4.11,C0X100
臺南市南區,22.961189,120.188378,-1.77,16.91,6.6,80.62,5.25,4.52,C0X110
麻豆,23.183289,120.248611,-1.09,16.76,6.85,86.69,0.03,-0.36,C0X120
官田,23.193217,120.315422,-1.27,16.74,5.8,84.06,5.28,4.85,C0X130
西港,23.125608,120.203108,-1.86,15.96,7.51,85.62,5.91,5.49,C0X140
安定,23.102614,120.227839,-1.52,16.06,6.6,87.5,4.38,3.93,C0X150
仁德,22.968258,120.257689,-1.06,17.37,7.14,82.0,5.38,4.88,C0X160
關廟,22.963017,120.327797,-2.01,16.26,8.83,84.38,5.25,4.71,C0X170
山上,23.0757,120.363253,-1.2,16.61,2.54,83.75,5.69,5.34,C0X180
安平,22.993161,120.152181,-1.83,16.29,2.05,80.56,5.25,4.89,C0X190
左鎮,23.056758,120.408522,-0.06,17.23,1.17,83.12,5.34,5.01,C0X200
白河,23.347466,120.414427,-1.38,16.01,3.67,81.5,5.16,4.75,C0X210
學甲,23.230367,120.182187,-1.43,15.64,5.35,82.06,5.0,4.71,C0X220
鹽水,23.272621,120.247641,-1.42,15.53,4.02,83.25,5.0,4.71,C0X230
關子嶺,23.331169,120.508025,-0.85,14.82,8.42,92.06,6.88,6.2,C0X240
新營,23.310689,120.316681,-1.52,15.99,6.55,82.12,5.19,4.85,C0X250
後壁,23.366358,120.362326,-1.28,15.93,2.94,80.69,5.78,5.49,C0X260
將軍,23.214999,120.13577,-1.72,15.37,1.38,79.38,4.09,3.82,C0X280
北門,23.267772,120.125481,-1.84,15.32,2.78,81.12,5.12,4.82,C0X290
鹿寮,23.386047,120.477331,-0.73,16.27,5.44,87.62,5.81,5.31,C0X300
柳營,23.253328,120.375253,-1.74,16.54,3.04,78.88,5.47,5.33,C0X320
明里,23.208717,121.262342,-1.16,15.54,2.74,92.0,4.33,3.5,C0Z020
佳心,23.34567,121.21316,-1.5,11.87,8.84,98.38,4.78,3.55,C0Z050
玉里,23.3215,121.339656,-1.56,15.72,6.9,94.44,5.19,3.95,C0Z061
舞鶴,23.46811,121.37407,-1.14,15.09,9.06,99.88,4.31,2.88,C0Z070
富源,23.587642,121.378225,-0.89,15.04,1.37,92.5,4.03,2.11,C0Z080
東華,23.89525,121.549833,-0.46,16.59,0.83,89.0,1.81,0.49,C0Z100
吉安光華,23.930925,121.595153,-0.93,16.84,-6.95,75.19,3.03,1.78,C0Z150
鳳林,23.746114,121.453411,-1.23,15.91,-0.63,84.12,3.03,1.83,C0Z160
卓溪,23.3443,121.3029,-1.91,15.58,5.73,88.44,4.22,3.72,C0Z170
新城,24.03946,121.60454,-1.33,16.82,5.21,83.13,3.97,2.36,C0Z180
富世,24.14743,121.6297,-1.34,16.75,2.2,83.12,3.78,1.55,C0Z190
萬榮,23.709219,121.420106,-1.05,15.74,-4.88,85.56,2.66,1.6,C0Z200
瑞穗,23.5239,121.39021,-0.92,15.88,3.98,91.0,4.56,3.54,C0Z210
和平林道,24.343922,121.656317,-1.31,12.73,-0.14,88.38,3.12,2.04,C0Z220
和平,24.30717,121.77007,-1.7,16.27,2.21,75.38,3.5,0.77,C0Z230
瑞穗林道,23.49284,121.30688,0.1,11.78,2.26,98.69,8.34,5.08,C0Z250
蕃薯寮,23.73835,121.540108,-1.3,14.41,4.85,90.62,7.0,3.7,C0Z270
德武,23.47426,121.41071,-1.66,15.26,2.35,92.5,5.03,3.96,C0Z280
赤柯山,23.36893,121.38293,-1.49,11.06,3.3,99.06,8.44,6.51,C0Z290
東里,23.26853,121.30547,-1.41,15.76,-0.34,89.12,4.97,4.23,C0Z300
清水斷崖,24.218294,121.689142,-1.71,16.41,2.18,82.81,0.0,-0.89,C0Z310
清水林道,23.27125,121.188272,-2.24,12.92,2.44,91.94,7.28,5.74,C0Z320
安通山,23.290728,121.348528,-3.3,13.39,6.1,95.19,5.94,4.24,C0Z330
口湖工作站,23.589978,120.180394,-3.1,15.44,0.17,74.75,2.97,2.81,12J990
東港工作站,22.479997,120.466058,-2.87,18.89,2.17,67.81,0.69,0.56,12Q970
恆春工作站,22.079678,120.714425,-2.18,20.1,0.32,67.88,0.03,-0.33,12Q980
萬大發電廠,23.978875,121.139639,-1.48,14.12,5.5,83.19,5.03,2.32,42HA10
桃改樹林分場,24.944503,121.386972,-0.91,15.38,-0.15,75.62,6.16,3.74,72AI40
桃園農改場,24.950944,121.030583,-0.4,14.7,-3.64,80.94,4.09,1.42,72C440
桃改五峰分場,24.612194,121.157167,-0.8,10.69,2.59,90.56,8.75,5.31,72D080
臺中農改場,24.003028,120.534389,-1.36,15.61,2.61,82.0,3.19,2.33,72G600
中改埔里分場,23.903208,120.963364,-1.59,15.14,9.65,90.56,5.56,2.44,72HA00
南改斗南分場,23.634556,120.477333,-0.95,16.3,0.49,81.31,4.72,3.93,72K220
南改義竹分場,23.360694,120.279361,-1.63,15.71,-0.23,80.38,5.06,4.62,72M360
南改鹿草分場,23.416869,120.283061,-3.21,15.76,2.6,81.12,4.72,4.57,72M700
臺南農改場,23.0605,120.342194,-1.92,16.23,5.03,84.94,0.44,0.14,72N100
七股研究中心,23.081672,120.062894,-3.67,15.75,2.41,82.44,6.03,5.97,72N240
高雄農改場,22.709333,120.525889,-1.56,18.53,6.51,84.25,1.31,1.01,72Q010
東改班鳩分場,22.829528,121.077694,-1.26,16.29,1.2,80.88,3.91,2.92,72S200
東改賓朗果園,22.813889,121.071278,-2.0,16.03,-3.37,84.12,4.09,3.12,72S590
花蓮農改場,23.975222,121.563889,-1.26,16.45,-0.3,81.53,5.0,3.18,72T250
花改蘭陽分場,24.686306,121.716583,-1.23,15.34,0.93,83.94,5.75,1.72,72U480
高改旗南分場,22.857861,120.516667,-2.09,17.62,9.16,82.25,4.28,4.01,72V140
茶改北部分場,24.955778,121.631222,-0.82,12.74,1.38,88.38,10.34,4.45,82A750
茶改場,24.908472,121.185333,-0.7,13.89,-2.67,82.44,5.75,2.0,82C160
茶改中部分場,23.875611,120.913583,-1.81,13.88,6.47,89.31,5.53,4.24,82H320
茶改南部分場,23.762528,120.7405,-1.49,14.54,1.8,89.56,6.12,5.12,82H840
茶改東部分場,22.907694,121.130139,-2.22,15.88,-1.06,80.31,4.19,3.35,82S580
農工中心,24.985917,121.239833,-0.74,14.61,-0.49,79.94,6.03,2.49,A2C560
水試臺西試驗場,23.717231,120.190522,-1.81,15.47,1.7,84.44,4.12,4.0,A2K360
臺大雲林校區,23.730628,120.423903,-1.56,15.5,3.69,80.75,3.69,3.3,A2K630
臺南蘭花園區,23.340258,120.379661,-1.49,16.32,5.44,82.0,2.56,2.23,A2N290
畜試北區分所,24.527806,120.770972,-1.04,14.2,-0.71,83.25,3.91,3.04,B2E890
畜產試驗所,23.058972,120.336406,-1.81,16.08,5.02,85.19,3.91,3.58,B2N890
畜試南區分所,21.945583,120.802167,-1.89,19.56,0.08,74.44,0.84,-0.31,B2Q810
畜試東區分所,24.669039,121.832561,-1.23,15.3,11.74,90.69,6.88,5.24,B2U990
蓮華池,23.918333,120.885278,-1.26,14.57,4.9,90.12,4.62,3.24,E2H360
林試畢祿溪站,24.226944,121.308522,0.48,7.69,9.47,85.47,6.77,4.1,E2HA20
四湖植物園,23.676986,120.163433,-3.06,15.53,7.34,88.56,4.0,3.69,E2K600
林試六龜中心,22.991703,120.645722,-0.49,17.68,10.1,86.88,5.53,3.84,E2P980
林試太麻里2,22.598,120.99775,-1.18,18.41,1.69,77.19,2.91,1.32,E2S960
林試太麻里1,22.598922,120.980044,-1.17,17.68,4.15,80.81,3.56,2.76,E2S980
農試所(霧峰),24.031261,120.688133,-1.19,16.38,4.42,83.62,4.0,3.09,G2F820
農試嘉義分所,23.485028,120.473806,-1.57,15.63,1.59,82.5,4.31,3.56,G2L020
農試鳳山分所,22.646611,120.356083,-2.41,17.65,6.51,79.12,1.62,1.18,G2P820
苗栗農改場,24.495722,120.829111,-1.36,13.9,0.14,83.94,5.19,3.26,K2E360
苗改生物防治研究中心,24.422861,120.871833,-2.3,13.27,-1.33,83.06,5.0,4.38,K2E710
種苗改良場,24.225972,120.800917,-1.11,14.02,7.22,86.81,5.5,3.79,K2F750
溪頭,23.670306,120.798194,-0.98,11.84,8.85,95.69,9.59,8.02,U2H480
臺大和社,23.590856,120.888864,-1.77,14.63,14.73,89.88,5.97,5.74,U2HA30
臺大內茅埔,23.689722,120.851117,-2.74,15.03,12.77,87.94,6.28,5.6,U2HA40
臺大竹山,23.756972,120.681556,-1.35,15.89,-0.26,82.12,4.94,3.96,U2HA50
臺大竹山,23.756972,120.681556,-1.35,15.89,-0.26,82.12,4.94,3.96,U2HA50
臺大內茅埔,23.689722,120.851117,-2.74,15.03,12.77,87.94,6.28,5.6,U2HA40
臺大和社,23.590856,120.888864,-1.77,14.63,14.73,89.88,5.97,5.74,U2HA30
臺大溪頭,23.670306,120.798194,-0.98,11.84,8.85,95.69,9.59,8.02,U2H480
種苗繁殖,24.225972,120.800917,-1.11,14.02,7.22,86.81,5.5,3.79,K2F750
苗改生物防治研究中心,24.422861,120.871833,-2.3,13.27,-1.33,83.06,5.0,4.38,K2E710
苗栗農改,24.495722,120.829111,-1.36,13.9,0.14,83.94,5.19,3.26,K2E360
農試鳳山分所,22.646611,120.356083,-2.41,17.65,6.51,79.12,1.62,1.18,G2P820
農試嘉義分所,23.485028,120.473806,-1.57,15.63,1.59,82.5,4.31,3.56,G2L020
農業試驗所,24.031261,120.688133,-1.19,16.38,4.42,83.62,4.0,3.09,G2F820
林試太麻里1,22.598922,120.980044,-1.17,17.68,4.15,80.81,3.56,2.76,E2S980
林試太麻里2,22.598014,120.989761,-1.18,18.41,1.69,77.19,2.91,1.32,E2S960
林試六龜中心,22.991703,120.645722,-0.49,17.68,10.1,86.88,5.53,3.84,E2P980
四湖植物園,23.676986,120.163433,-3.06,15.53,7.34,88.56,4.0,3.69,E2K600
林試畢祿溪站,24.226944,121.308522,0.48,7.69,9.47,85.47,6.77,4.1,E2HA20
蓮華池,23.918333,120.885278,-1.26,14.57,4.9,90.12,4.62,3.24,E2H360
畜試東區分所,24.669039,121.832561,-1.23,15.3,11.74,90.69,6.88,5.24,B2U990
畜試南區分所,21.945583,120.802167,-1.89,19.56,0.08,74.44,0.84,-0.31,B2Q810
畜試所,23.058972,120.336406,-1.81,16.08,5.02,85.19,3.91,3.58,B2N890
畜試北區分所,24.527806,120.770972,-1.04,14.2,-0.71,83.25,3.91,3.04,B2E890
臺南蘭花園區,23.340258,120.379661,-1.49,16.32,5.44,82.0,2.56,2.23,A2N290
臺大雲林校區,23.730628,120.423903,-1.56,15.5,3.69,80.75,3.69,3.3,A2K630
水試臺西試驗場,23.717231,120.190522,-1.81,15.47,1.7,84.44,4.12,4.0,A2K360
農工中心,24.985917,121.239833,-0.74,14.61,-0.49,79.94,6.03,2.49,A2C560
茶改東部分場,22.907694,121.130139,-2.22,15.88,-1.06,80.31,4.19,3.35,82S580
茶改南部分場,23.762528,120.7405,-1.49,14.54,1.8,89.56,6.12,5.12,82H840
茶改中部分場,23.875611,120.913583,-1.81,13.88,6.47,89.31,5.53,4.24,82H320
茶改場,24.908472,121.185333,-0.7,13.89,-2.67,82.44,5.75,2.0,82C160
茶改北部分場,24.955778,121.631222,-0.82,12.74,1.38,88.38,10.34,4.45,82A750
高改旗南分場,22.857861,120.516667,-2.09,17.62,9.16,82.25,4.28,4.01,72V140
花改蘭陽分場,24.686306,121.716583,-1.23,15.34,0.93,83.94,5.75,1.72,72U480
花蓮農改,23.975222,121.563889,-1.26,16.45,-0.3,81.53,5.0,3.18,72T250
東改賓朗果園,22.813889,121.071278,-2.0,16.03,-3.37,84.12,4.09,3.12,72S590
東改班鳩分場,22.829528,121.077694,-1.26,16.29,1.2,80.88,3.91,2.92,72S200
高雄農改,22.709333,120.525889,-1.56,18.53,6.51,84.25,1.31,1.01,72Q010
七股研究中心,23.081672,120.062894,-3.67,15.75,2.41,82.44,6.03,5.97,72N240
臺南農改,23.0605,120.342194,-1.92,16.23,5.03,84.94,0.44,0.14,72N100
南改鹿草分場,23.416869,120.283061,-3.21,15.76,2.6,81.12,4.72,4.57,72M700
南改義竹分場,23.360694,120.279361,-1.63,15.71,-0.23,80.38,5.06,4.62,72M360
南改斗南分場,23.634556,120.477333,-0.95,16.3,0.49,81.31,4.72,3.93,72K220
中改埔里分場,23.903208,120.963364,-1.59,15.14,9.65,90.56,5.56,2.44,72HA00
臺中農改,24.003028,120.534389,-1.36,15.61,2.61,82.0,3.19,2.33,72G600
桃改五峰分場,24.612194,121.157167,-0.8,10.69,2.59,90.56,8.75,5.31,72D080
桃園農改,24.950944,121.030583,-0.4,14.7,-3.64,80.94,4.09,1.42,72C440
桃改樹林分場,24.944503,121.386972,-0.91,15.38,-0.15,75.62,6.16,3.74,72AI40
萬大發電廠,23.978875,121.139639,-1.48,14.12,5.5,83.19,5.03,2.32,42HA10
恆春工作站,22.079678,120.714425,-2.18,20.1,0.32,67.88,0.03,-0.33,12Q980
東港工作站,22.479997,120.466058,-2.87,18.89,2.17,67.81,0.69,0.56,12Q970
口湖工作站,23.589978,120.180394,-3.1,15.44,0.17,74.75,2.97,2.81,12J990
