站名,緯度,經度,平均溫距平,本年度平均溫,平均溼度距平,本年度日均相對溼度,本年度日均降水量,日均降水量距平,站號
淡水,25.164889,121.448906,-0.45,15.17,-9.52,70.47,1.83,-1.55,466900
鞍部,25.182586,121.529731,-1.68,8.73,-0.5,91.1,6.84,-3.25,466910
臺北,25.037658,121.514853,-0.62,16.02,-8.8,67.6,1.56,-1.74,466920
竹子湖,25.162078,121.544547,-1.39,10.7,-3.49,83.9,3.5,-4.03,466930
基隆,25.133314,121.740475,-0.33,15.9,-8.84,68.75,3.36,-7.94,466940
花蓮,23.975128,121.613275,-0.93,17.38,-5.28,69.13,0.68,-1.41,466990
新屋,25.006744,121.047486,-0.91,15.36,-9.29,68.43,0.71,-2.52,467050
宜蘭,24.763975,121.756528,-1.18,15.49,-4.25,74.83,0.85,-4.83,467080
金門,24.407306,118.289281,0.35,13.78,-11.44,59.97,0.01,-1.29,467110
澎湖,23.565503,119.563094,-0.82,16.13,-4.31,74.1,0.4,-0.3,467350
臺南,22.993239,120.204772,-1.08,16.79,-4.57,69.83,0.22,-0.5,467410
永康,23.038386,120.2367,-0.77,16.75,-1.78,71.9,0.19,-0.54,467420
嘉義,23.495925,120.432906,-1.03,15.94,1.69,78.93,0.9,-0.04,467480
臺中,24.145736,120.684075,-0.75,16.34,-5.26,68.97,0.86,-0.4,467490
阿里山,23.508208,120.813242,-1.76,4.9,2.92,83.1,3.48,0.49,467530
大武,22.355675,120.903789,-1.45,19.05,-3.02,67.17,1.56,0.17,467540
玉山,23.487614,120.959522,-0.66,-0.75,-0.97,58.83,5.07,2.73,467550
新竹,24.827853,121.014219,-0.01,15.83,-10.23,67.57,0.69,-2.01,467571
恆春,22.003897,120.746339,-1.4,19.72,-2.08,67.53,0.59,-0.18,467590
成功,23.097486,121.373428,-1.0,17.97,-3.34,70.57,1.17,-1.21,467610
日月潭,23.881325,120.90805,-1.38,13.02,6.68,83.03,1.75,-0.19,467650
臺東,22.752211,121.154586,-1.3,18.32,-2.17,68.73,0.7,-0.52,467660
馬祖,26.169269,119.923419,0.65,11.04,-8.28,72.03,0.02,-1.65,467990
山佳,24.974944,121.402008,-0.11,16.03,-10.11,71.63,1.55,-1.66,C0A520
坪林,24.938183,121.70975,-1.29,12.47,-12.48,79.54,2.27,-1.81,C0A530
泰平,24.971197,121.823711,-1.27,11.47,-3.08,91.93,5.47,-8.3,C0A550
桶後,24.848222,121.597992,-1.24,11.94,-3.81,90.4,3.47,-2.27,C0A570
石碇,24.993969,121.662917,-0.62,13.68,-9.53,80.03,2.75,-2.5,C0A640
大坪,25.165914,121.632969,-0.39,12.95,-4.12,87.93,8.25,-17.07,C0A860
五指山,25.132153,121.608692,0.14,11.51,-1.66,91.8,4.88,-4.46,C0A870
雙溪,25.036003,121.864242,0.04,15.08,-6.33,85.18,3.18,-7.76,C0A890
三和,25.233153,121.595236,-1.3,13.53,-7.2,79.03,5.67,-12.28,C0A931
金山,25.223628,121.643967,0.86,16.42,-13.65,69.43,2.72,-5.78,C0A940
鼻頭角,25.129036,121.923372,-0.15,16.42,-7.69,72.07,0.97,-2.83,C0A950
三貂角,25.007606,122.002058,-0.4,15.88,-12.34,73.5,2.25,-4.65,C0A970
社子,25.109508,121.469681,0.06,16.49,-3.99,73.67,1.03,-1.44,C0A980
天母,25.117494,121.537169,-0.68,15.93,-10.07,64.43,0.95,-1.19,C0A9C0
內湖,25.079422,121.57545,-0.69,15.87,0.57,79.1,0.98,-1.57,C0A9F0
大屯山,25.175675,121.522408,-0.61,8.5,1.76,97.03,4.87,-2.07,C0AC40
三峽,24.939025,121.369728,0.46,16.68,-9.02,71.93,1.67,-2.45,C0AC60
信義,25.037822,121.564597,0.49,16.8,-7.19,72.27,1.77,-1.63,C0AC70
文山,25.00235,121.575728,-0.82,15.12,-11.36,72.97,2.4,-1.23,C0AC80
新莊,25.051478,121.446756,-0.85,15.92,-9.83,64.6,0.98,-2.22,C0ACA0
八里,25.150211,121.403947,-0.56,15.82,-4.41,73.4,1.17,-2.41,C0AD10
蘆洲,25.086594,121.472331,-0.44,16.55,-8.69,65.83,0.93,-1.9,C0AD30
土城,24.973208,121.445169,-0.3,15.8,-6.3,73.57,1.8,-1.68,C0AD40
鶯歌,24.951533,121.346294,0.41,16.43,-9.0,73.09,1.72,-1.78,C0AD50
汐止,25.066881,121.658778,-0.59,15.75,-13.48,71.53,2.4,-3.47,C0AH00
永和,25.01125,121.508111,-0.29,16.65,-4.24,70.1,1.52,-1.43,C0AH10
五分山,25.07125,121.780794,-1.33,10.87,-4.02,92.9,7.57,-9.12,C0AH30
平等,25.129142,121.577086,-2.25,12.59,-11.87,75.07,1.9,-2.15,C0AH40
林口,25.072181,121.38084,-1.57,13.88,-9.14,77.37,1.42,-2.33,C0AH50
松山,25.04871,121.55042,-1.72,15.9,-11.77,59.18,1.12,-2.53,C0AH70
深坑,25.002703,121.628328,-0.74,15.45,-7.97,77.8,2.07,-1.61,C0AH80
福山植物園,24.760717,121.58135,-2.66,10.09,1.02,94.07,2.18,-6.02,C0AH90
五股,25.07445,121.42728,-2.63,13.95,-16.8,74.33,1.02,-0.76,C0AI00
屈尺,24.92184,121.54475,-1.7,15.17,-16.83,66.77,3.08,0.46,C0AI10
白沙灣,25.283128,121.519058,-1.15,15.62,-7.65,71.8,0.7,-3.33,C0AI20
三重,25.057328,121.500629,-1.57,16.15,-11.18,69.3,0.9,-0.07,C0AI30
石牌,25.115597,121.513139,-1.53,16.83,-3.14,67.03,0.68,-0.36,C0AI40
七堵,25.094819,121.71713,-0.77,16.28,-12.52,73.83,3.95,-3.11,C0B010
基隆嶼,25.19141,121.78391,-1.34,15.51,-3.6,80.3,2.87,-0.76,C0B020
復興,24.820208,121.352281,-0.88,12.82,-7.11,73.2,2.65,-0.81,C0C460
桃園,24.992425,121.323172,-0.51,15.33,-8.07,67.7,1.63,-1.87,C0C480
八德,24.928708,121.283289,-0.95,14.83,-10.66,68.7,2.0,-2.22,C0C490
觀音,25.027072,121.153317,-0.49,14.67,-10.87,68.87,1.03,-2.8,C0C590
蘆竹,25.084275,121.265767,-1.14,14.96,-5.16,73.37,1.08,-3.13,C0C620
大溪,24.882853,121.265547,-0.45,14.17,-5.99,71.97,2.07,-1.24,C0C630
平鎮,24.897503,121.214636,-0.22,14.25,-9.24,72.1,1.5,-2.0,C0C650
楊梅,24.912375,121.143047,-1.12,14.58,-7.64,68.4,1.53,-2.5,C0C660
龍潭,24.870056,121.221389,-1.18,13.67,-3.1,77.27,2.03,-2.82,C0C670
龜山,25.02846,121.38656,-1.04,14.3,-9.92,71.9,1.43,-2.82,C0C680
中壢,24.977661,121.256375,-1.35,14.73,-10.55,68.63,1.55,-2.71,C0C700
大溪永福,24.892936,121.324975,-1.09,14.7,-10.22,75.73,2.63,0.85,C0C710
梅花,24.678347,121.208558,-1.47,11.69,-2.78,82.03,2.17,-0.78,C0D360
峨眉,24.6905,121.017189,-0.97,14.34,-7.74,76.67,1.65,-2.17,C0D430
打鐵坑,24.849664,121.150789,-0.86,13.49,-11.38,74.5,1.55,-1.86,C0D480
橫山,24.71116,121.11693,-1.51,13.15,-2.46,81.1,2.27,-1.03,C0D540
雪霸,24.526972,121.11605,-1.56,6.75,-7.72,69.63,2.37,-1.97,C0D550
竹東,24.767147,121.057881,0.12,15.13,-6.94,68.53,1.17,-1.72,C0D560
寶山,24.735006,121.025192,-0.42,14.41,-6.73,74.73,1.45,-1.9,C0D580
新豐,24.87068,120.97721,-0.38,14.48,-7.09,74.67,1.0,-1.99,C0D590
湖口,24.904794,121.043628,-0.75,15.15,-9.5,68.37,1.09,-1.65,C0D650
新竹市東區,24.798681,120.986942,-1.22,14.96,-8.14,67.33,0.85,-2.83,C0D660
竹南,24.708978,120.888897,0.04,15.56,-6.71,72.07,0.77,-1.22,C0E420
南庄,24.601775,121.000214,-1.38,12.89,2.16,85.93,1.68,-1.44,C0E430
明德,24.583486,120.885411,-0.72,14.88,-10.19,73.63,0.9,-2.01,C0E550
通霄,24.471892,120.704622,-1.06,14.85,-8.81,74.87,0.67,-1.37,C0E590
馬都安,24.451272,120.930192,-1.12,11.72,-4.62,77.6,1.37,-0.79,C0E610
頭份,24.688247,120.912206,0.3,16.15,-6.65,68.87,0.97,-1.49,C0E730
造橋,24.637056,120.864778,-1.04,14.88,-10.01,73.7,0.9,-2.05,C0E740
苗栗,24.564569,120.824575,-1.13,14.96,-8.43,70.6,0.68,-2.12,C0E750
銅鑼,24.489681,120.790853,-1.5,13.98,16.71,100.0,0.36,-2.35,C0E780
西湖,24.562947,120.7485,-0.76,14.7,-8.58,75.73,0.55,-1.54,C0E810
獅潭,24.539133,120.920042,-1.67,12.91,-6.16,80.17,1.27,-1.66,C0E820
苑裡,24.439714,120.653053,-1.49,15.03,-7.7,72.0,0.42,-1.42,C0E830
大河,24.618069,120.948578,-3.64,12.2,-10.02,74.6,1.53,-3.19,C0E850
高鐵苗栗,24.60725,120.826094,-1.44,15.02,-3.83,77.53,0.68,-2.02,C0E870
石岡,24.276061,120.777644,-1.29,15.06,-2.39,82.03,0.73,-0.73,C0F0B0
中坑,24.248517,120.903319,-2.94,11.8,-1.12,80.43,1.68,-0.91,C0F0C0
審馬陣,24.381675,121.4203,-2.87,0.51,4.69,72.4,1.85,-2.57,C0F0D0
南湖圈谷,24.363714,121.444667,-3.87,-3.18,-2.67,74.83,0.0,-7.47,C0F0E0
東勢,24.246428,120.833047,-0.76,14.86,-1.62,78.97,1.08,-0.9,C0F850
大坑,24.173142,120.722289,-0.26,16.86,-3.54,72.5,0.88,-0.7,C0F970
神岡,24.272481,120.658314,-1.34,14.47,-12.61,72.87,0.55,-1.1,C0F9I0
大安,24.345061,120.588025,-1.31,14.99,-9.79,74.33,0.43,-0.96,C0F9K0
后里,24.310436,120.729725,-0.88,14.89,-9.73,73.07,0.68,-1.03,C0F9L0
豐原,24.254322,120.720692,-0.31,15.81,-6.09,72.73,0.73,-0.99,C0F9M0
大里,24.092464,120.701378,-1.17,16.98,-6.79,66.22,1.0,-0.57,C0F9N0
潭子,24.213106,120.703933,-0.95,15.98,-3.81,73.87,0.68,-0.86,C0F9O0
清水,24.312297,120.562242,-1.33,15.14,-8.42,74.67,0.38,-0.89,C0F9P0
外埔,24.347817,120.705686,-0.33,15.66,-9.49,74.27,0.65,-0.96,C0F9Q0
龍井,24.184536,120.528972,-1.28,15.69,-11.0,71.6,0.53,-0.81,C0F9R0
烏日,24.107058,120.624103,-1.11,16.13,-5.87,68.77,0.9,-0.48,C0F9S0
西屯,24.179494,120.641275,-1.27,15.42,-5.93,71.17,0.6,-0.71,C0F9T0
南屯,24.137006,120.637969,-1.43,16.34,-6.33,68.0,0.37,-0.96,C0F9U0
新社,24.200172,120.815806,-1.16,13.89,-5.1,77.56,1.07,-0.98,C0F9V0
大雅(中科園區),24.21528,120.62445,-1.93,14.75,-8.44,74.27,0.57,-1.47,C0F9X0
桃山,24.432739,121.303808,-2.7,0.76,1.06,63.23,2.0,-0.78,C0F9Y0
雪山東峰,24.388792,121.268675,-2.48,1.74,-0.44,61.0,1.93,-1.82,C0F9Z0
芬園,24.015678,120.6213,-1.9,14.62,0.32,81.97,0.83,-0.63,C0G620
員林,23.946503,120.585597,0.74,17.79,-8.56,70.56,0.94,-0.1,C0G650
溪湖,23.94835,120.479122,0.35,17.28,6.15,87.4,0.62,-0.64,C0G660
溪州,23.851589,120.499093,-1.49,15.69,-10.5,70.37,0.67,-1.53,C0G720
二林,23.903325,120.376081,-1.47,15.35,-6.31,81.7,0.57,-0.88,C0G730
大城,23.852487,120.320935,-1.28,15.7,-36.45,44.82,0.58,-1.29,C0G740
福興,24.041289,120.437669,-0.87,16.36,-10.17,69.33,0.67,-0.53,C0G770
秀水,24.03405,120.503869,-0.69,16.51,-4.99,75.97,0.63,-0.61,C0G780
埔鹽,24.000394,120.431683,-0.18,16.49,-6.29,77.13,0.6,-0.51,C0G800
埔心,23.947633,120.525456,-0.55,16.56,20.42,99.27,0.67,-0.61,C0G810
田尾,23.901669,120.509389,-0.87,15.99,-2.65,81.43,0.65,-0.72,C0G820
埤頭,23.866003,120.452806,-1.09,15.76,13.0,100.0,0.48,-0.58,C0G830
社頭,23.897647,120.5862,-0.77,16.99,2.6,79.5,0.77,-0.72,C0G860
二水,23.810742,120.6173,0.69,18.12,-1.22,80.43,0.85,-0.44,C0G880
伸港,24.148933,120.484403,-1.31,15.48,-9.17,71.87,0.52,-0.68,C0G890
線西,24.143358,120.443536,-2.11,15.64,-10.57,73.3,0.47,-0.16,C0G900
花壇,24.032076,120.549461,1.35,19.05,0.3,79.3,0.7,0.14,C0G910
埔里,23.972169,120.952425,-1.67,15.53,-0.33,80.87,1.67,-1.34,C0H890
草屯,23.973672,120.68085,-1.42,15.87,-5.64,72.37,0.93,-0.58,C0H960
昆陽,24.121322,121.273642,-1.58,0.77,0.6,76.77,1.72,0.01,C0H990
神木村,23.532742,120.843667,-1.26,9.59,3.78,86.5,3.18,0.59,C0H9A0
合歡山,24.143442,121.272547,-1.54,-0.59,9.73,80.53,3.45,-2.36,C0H9C0
廬山,24.033311,121.181808,-1.12,10.42,-1.29,74.6,3.03,0.11,C0I010
信義,23.689694,120.851036,-1.99,14.4,2.04,83.93,1.93,-0.35,C0I080
竹山,23.761225,120.688156,-0.82,15.7,-0.67,83.1,1.12,-0.25,C0I110
水里,23.812553,120.849792,-1.66,15.77,-3.64,77.63,1.53,-0.46,C0I360
魚池,23.895703,120.94135,-1.58,14.54,-5.03,80.13,1.95,-1.08,C0I370
集集,23.828206,120.801467,-1.86,15.77,-2.91,79.47,1.35,-1.0,C0I380
仁愛,24.022122,121.132206,-1.74,11.81,-1.46,79.4,2.68,-1.62,C0I390
名間,23.837053,120.701447,-2.04,15.15,-5.43,77.2,1.03,-0.91,C0I410
國姓,24.037803,120.855072,-1.9,15.39,-2.9,80.6,1.37,-1.03,C0I420
南投,23.911469,120.687331,-1.65,16.24,-2.19,76.9,0.93,-1.29,C0I460
梅峰,24.085272,121.173572,-2.0,6.07,-3.46,78.53,2.93,-3.05,C0I480
萬大林道,23.928228,121.091411,-2.34,9.93,-3.83,75.8,3.03,-0.53,C0I490
小奇萊,24.131764,121.295717,-2.42,0.23,0.08,80.4,3.18,-5.49,C0I530
奇萊稜線,24.109231,121.326456,-3.66,-1.68,9.38,82.96,0.0,-4.04,C0I540
崙背,23.75555,120.318925,-1.53,15.53,-11.59,71.83,0.67,-1.16,C0K250
四湖,23.630414,120.227125,-0.67,16.02,-10.18,71.17,0.67,-0.02,C0K280
宜梧,23.536281,120.169329,-0.83,15.91,-8.99,73.53,0.73,-0.09,C0K291
虎尾,23.719183,120.442036,-0.9,15.89,-6.12,75.53,0.68,-0.22,C0K330
土庫,23.679029,120.395574,-1.34,15.9,-5.08,76.83,0.58,-1.02,C0K390
斗六,23.720583,120.541127,-1.67,15.75,-11.99,72.17,0.93,-0.89,C0K400
北港,23.573957,120.292802,-1.61,15.74,-12.57,70.9,0.7,-0.82,C0K410
西螺,23.800407,120.467394,-1.46,15.7,-9.64,73.97,0.7,-1.13,C0K420
褒忠,23.690938,120.303634,-1.51,15.54,-14.43,69.17,0.62,-0.82,C0K430
二崙,23.772797,120.408944,-1.63,15.36,-7.51,76.67,0.5,-0.82,C0K440
大埤,23.646074,120.431537,-1.56,15.81,-9.04,72.23,0.67,-0.8,C0K450
斗南,23.678734,120.478359,-1.52,15.75,-7.62,74.0,0.82,-0.79,C0K460
林內,23.748675,120.609642,-1.82,15.5,-5.38,78.63,1.05,-0.91,C0K470
莿桐,23.761192,120.502372,-1.67,15.39,-10.07,73.4,0.73,-1.0,C0K480
元長,23.64981,120.315024,-1.5,15.7,-7.96,73.47,0.65,-0.8,C0K500
水林,23.572924,120.24597,-1.37,15.92,-9.15,72.27,0.72,-0.78,C0K510
臺西,23.701547,120.197559,-1.5,15.71,-8.3,74.4,0.5,-0.95,C0K530
蔦松,23.514319,120.229736,-1.61,15.75,-8.74,74.53,0.75,-0.69,C0K550
棋山,23.68645,120.603417,-1.81,15.6,-2.57,81.6,1.1,-1.13,C0K560
高鐵雲林,23.737456,120.417944,-1.92,15.46,-11.96,76.57,0.55,0.19,C0K580
東後寮,23.369908,120.248065,-1.66,15.67,-7.38,75.23,0.67,-0.63,C0M520
奮起湖,23.493903,120.699253,-0.12,12.16,0.83,86.72,1.55,-0.21,C0M530
中埔,23.42538,120.5229,-1.75,15.66,-6.13,77.13,0.78,-1.07,C0M640
朴子,23.43463,120.23902,-2.26,15.19,-5.02,76.07,0.87,-0.44,C0M650
溪口,23.604131,120.403569,-1.52,15.78,-11.12,72.03,0.73,-0.76,C0M660
大林,23.600616,120.45841,-1.58,15.95,-8.58,71.93,0.98,-0.76,C0M670
太保,23.455062,120.331455,-1.82,15.83,-10.9,71.07,0.87,-0.64,C0M680
水上,23.419734,120.388909,-1.62,15.94,-3.77,77.27,0.68,-0.8,C0M690
竹崎,23.526178,120.555508,-1.78,15.61,-2.94,81.2,1.1,-0.83,C0M700
東石,23.458927,120.15385,-1.51,15.91,-9.3,73.3,0.82,-0.58,C0M710
番路,23.464657,120.554156,-1.67,15.26,-1.98,82.17,0.9,-0.96,C0M720
嘉義市東區,23.457673,120.460531,-1.61,16.9,-5.05,72.5,1.03,-0.7,C0M730
六腳,23.492871,120.290625,-1.71,15.74,-9.25,72.0,0.8,-0.7,C0M740
布袋,23.380878,120.167789,-1.42,16.01,-11.67,71.93,0.8,-0.5,C0M750
民雄,23.551754,120.428457,-1.62,16.05,-10.08,71.77,0.88,-0.93,C0M760
嘉義梅山,23.585398,120.555587,-1.75,15.47,-1.86,82.17,1.02,-1.03,C0M770
鹿草,23.41134,120.30835,-1.55,16.09,-8.58,71.57,0.78,-0.64,C0M780
新港,23.553269,120.345728,-1.66,15.86,-8.15,72.17,0.85,-0.75,C0M790
茶山,23.299075,120.664767,-1.48,16.31,0.72,82.87,0.77,-1.53,C0M800
里佳,23.389125,120.716647,-1.8,11.55,1.42,84.33,1.32,-2.07,C0M810
達邦,23.453994,120.749517,-1.55,13.56,3.92,82.8,1.27,-1.81,C0M820
表湖,23.24186,120.64166,-2.64,14.51,3.33,84.17,0.75,0.22,C0M850
北寮,23.079561,120.495008,-1.24,16.61,5.76,88.13,0.43,-0.78,C0O830
王爺宮,23.222064,120.40085,0.59,17.77,-9.6,74.27,0.38,-0.96,C0O840
大內,23.11885,120.36083,-0.5,17.66,-0.36,81.27,0.27,-0.92,C0O860
善化,23.112883,120.297219,-0.82,16.6,-0.63,81.93,0.23,-0.47,C0O900
崎頂,22.959547,120.369317,-0.87,16.58,2.65,84.63,0.42,-0.51,C0O960
虎頭埤,23.021375,120.347878,-1.39,16.35,-1.11,81.17,0.32,-0.85,C0O970
新市,23.061614,120.298197,-0.62,17.53,-4.59,75.33,0.2,-1.04,C0O980
媽廟,22.99175,120.293525,-1.46,16.77,3.29,83.6,0.28,-0.85,C0O990
尾寮山,22.833111,120.683889,-1.61,12.86,2.73,88.81,0.94,0.05,C0R100
阿禮,22.742908,120.743678,-1.27,14.03,4.05,79.53,1.43,0.04,C0R130
瑪家,22.682903,120.686639,-1.8,14.37,12.26,95.27,1.37,-0.03,C0R140
三地門,22.709889,120.639944,-0.47,18.98,-10.49,63.57,0.47,-0.14,C0R150
鹽埔,22.739558,120.530778,-0.95,18.27,-1.4,82.2,0.38,-0.59,C0R160
屏東,22.660269,120.494072,0.91,20.5,-6.26,73.0,0.0,-0.88,C0R170
赤山,22.592333,120.614306,-0.92,18.45,6.12,87.13,0.35,-0.76,C0R190
潮州,22.534361,120.54,-0.14,19.15,-2.21,76.7,0.25,-0.34,C0R220
來義,22.527306,120.625111,-1.49,17.73,4.94,87.67,0.42,-0.87,C0R240
春日,22.370361,120.628306,-1.36,18.55,-20.71,56.75,0.36,-0.44,C0R260
琉球嶼,22.332244,120.362236,-1.12,19.06,-6.49,72.1,0.52,-0.04,C0R270
車城,22.0744,120.716247,-2.13,19.38,-2.24,71.53,0.68,-1.17,C0R320
牡丹,22.130036,120.792639,-2.22,16.91,2.24,87.37,0.85,-0.96,C0R341
貓鼻頭,21.921774,120.7358,-1.22,19.65,-3.01,72.73,0.73,0.04,C0R350
大漢山,22.405264,120.753181,-1.86,8.1,3.86,97.8,2.35,-0.07,C0R440
高樹,22.826389,120.600806,-1.0,18.63,-0.97,76.5,0.33,-0.73,C0R470
長治,22.693128,120.542622,-0.53,19.15,-1.56,77.97,0.4,-0.52,C0R480
九如,22.7405,120.490503,-0.73,18.85,-7.25,74.9,0.27,-0.66,C0R490
崁頂,22.514781,120.506914,-1.46,18.36,-5.72,76.53,0.25,-0.75,C0R520
佳冬,22.419456,120.552375,-1.23,18.58,-2.61,78.77,0.35,-0.69,C0R540
新埤,22.467947,120.582894,-1.33,18.35,-5.97,75.37,0.32,-0.96,C0R550
新園,22.5434,120.461558,-0.44,19.25,-8.23,69.93,0.25,-0.94,C0R560
麟洛,22.65078,120.52719,-0.27,19.69,2.4,79.37,0.32,-0.61,C0R570
南州,22.48591,120.50274,-1.54,18.17,-2.01,78.2,0.2,-0.9,C0R580
里港,22.77919,120.49459,-2.9,16.54,-4.53,73.13,0.2,-0.65,C0R590
舊泰武,22.588194,120.664944,-1.83,14.73,4.5,88.93,1.18,-0.34,C0R600
墾雷,21.900836,120.855269,-1.94,19.78,3.18,81.93,1.25,-1.75,C0R620
東港,22.46247,120.44074,-2.15,18.81,-3.23,74.69,0.27,-0.08,C0R640
竹田,22.58486,120.54344,-2.03,18.72,-6.97,75.53,0.28,-0.1,C0R650
枋寮,22.367722,120.590647,-1.1,18.99,2.56,81.4,0.3,-0.64,C0R660
楓港,22.190131,120.692156,-2.62,19.04,-4.18,64.47,0.5,-1.6,C0R670
佳樂水,21.993578,120.861633,-2.34,19.77,-2.48,73.1,1.47,-0.84,C0R680
墾丁,21.966756,120.810269,-2.03,17.49,-4.03,80.1,1.35,-0.97,C0R690
枋山,22.246844,120.661086,-1.58,19.45,-3.3,67.73,0.33,-1.28,C0R700
旭海,22.205403,120.887614,-2.57,17.27,11.33,93.1,2.37,-0.58,C0R720
下馬,23.150427,121.070312,-4.75,9.5,-2.14,84.67,12.17,11.68,C0S660
太麻里,22.60902,120.98533,-1.2,14.8,-5.5,81.5,0.97,-0.58,C0S690
知本,22.684866,121.005642,-1.49,14.31,-0.02,89.23,0.98,-0.62,C0S700
鹿野,22.917711,121.122994,-1.22,14.57,-0.16,84.93,0.73,-0.6,C0S710
綠島,22.6672,121.47533,-1.05,18.11,4.35,87.63,2.67,-3.03,C0S730
池上,23.119628,121.209469,-1.15,15.07,-1.8,84.2,0.53,-0.42,C0S740
向陽,23.248397,120.986133,-2.3,3.87,4.39,88.0,46.17,42.88,C0S750
大溪山,22.478475,120.943325,-1.39,15.44,-5.28,81.43,2.08,-0.04,C0S770
金崙,22.538122,120.966875,-1.44,16.86,-4.79,78.63,1.05,-0.37,C0S790
東河,22.972672,121.303986,-1.95,17.85,-2.76,77.76,0.52,-0.76,C0S810
長濱,23.286817,121.411975,-1.58,16.02,-5.72,76.8,1.2,-0.37,C0S830
南田,22.279725,120.889208,-1.61,19.06,13.97,93.0,1.58,0.06,C0S840
關山,23.0395,121.175017,-1.89,15.77,-1.59,82.67,0.43,-1.28,C0S890
蘭嶼高中,22.04909,121.51214,-2.06,19.94,-0.36,74.77,9.15,-1.91,C0S900
蘭嶼燈塔,22.081197,121.503117,-2.24,18.24,-6.41,82.83,3.85,-1.42,C0S910
金峰嘉蘭,22.594789,120.960825,-2.52,17.01,-0.13,82.0,1.22,-0.2,C0S920
延平,22.902581,121.084058,-2.64,15.62,2.99,82.83,0.9,0.17,C0S930
石寧山,23.223772,121.406639,-2.59,16.46,0.32,81.97,1.82,-0.44,C0S940
七塊厝,22.954453,121.229922,-4.41,12.63,-11.95,76.67,8.83,8.04,C0S950
香蘭,22.587569,120.993375,-2.17,18.5,3.15,76.63,0.72,-1.2,C0S960
加津林,22.416211,120.926942,-2.05,18.94,-3.72,69.67,1.87,0.03,C0S970
勝林山,22.430439,120.8938,-3.46,11.14,-0.02,96.43,4.05,1.55,C0S980
山豬窟,22.318619,120.857372,-2.7,15.49,-4.18,80.4,1.58,-1.16,C0S990
歷坵,22.520969,120.89185,-2.13,14.7,-1.14,89.63,1.5,-0.13,C0SA00
檳榔四格山,22.810031,121.109308,-2.64,14.83,1.88,87.17,0.65,-0.35,C0SA10
金崙山,22.567419,120.959667,-2.36,11.88,-3.66,91.6,2.17,-0.38,C0SA20
都歷,23.020333,121.323642,-1.69,17.89,15.68,91.93,0.67,-0.61,C0SA30
瑞和,22.974361,121.156697,-2.21,15.9,7.49,91.2,0.57,-0.11,C0SA40
土坂,22.453108,120.887572,-2.01,16.92,-0.21,84.57,2.28,0.72,C0SA80
大禹嶺,24.186117,121.316086,-1.36,3.18,2.29,71.53,2.8,-0.97,C0T790
天祥,24.179597,121.495639,-0.91,12.98,-0.9,84.13,1.02,-0.58,C0T820
鯉魚潭,23.935639,121.508944,-1.53,14.49,1.28,90.6,2.23,-0.42,C0T870
西林,23.8119,121.441458,-1.06,15.46,2.14,86.91,2.1,-0.44,C0T900
光復,23.660694,121.424964,-0.91,15.67,-2.85,86.13,1.27,-1.24,C0T960
月眉山,23.809928,121.539828,-1.17,13.35,-2.26,90.9,1.43,-1.7,C0T9A0
水源,23.991861,121.537169,-1.2,13.0,-2.99,87.63,2.82,-1.06,C0T9B0
和中,24.26676,121.74103,-1.39,16.62,9.38,93.03,0.33,-2.12,C0T9D0
大坑,23.880628,121.581981,-1.27,13.88,-2.96,87.33,1.5,-1.77,C0T9E0
水璉,23.797131,121.542514,-1.84,15.19,0.12,84.4,1.38,-1.12,C0T9F0
鳳林山,23.735269,121.420131,-2.49,12.66,-3.74,90.03,2.23,-1.16,C0T9G0
加路蘭山,23.682947,121.5274,-1.48,11.95,1.57,96.7,4.98,-1.58,C0T9H0
靜浦,23.455167,121.495028,-1.12,16.43,-2.69,83.22,5.46,1.02,C0T9M0
富里,23.171639,121.249378,-3.81,13.63,2.8,89.67,8.0,7.34,C0T9N0
雙連埤,24.753033,121.641303,-1.72,10.98,-7.34,89.0,1.45,-4.94,C0U520
礁溪,24.817539,121.765608,-0.91,15.43,-7.19,75.57,0.58,-3.86,C0U600
玉蘭,24.675286,121.587061,-1.15,12.52,-6.95,80.9,2.28,-3.82,C0U650
太平山,24.505486,121.525656,-1.42,4.53,0.09,91.03,3.17,-1.12,C0U710
南山,24.43742,121.38167,-3.22,7.77,-2.93,93.77,2.18,-0.44,C0U720
東澳,24.52196,121.83318,-1.45,15.74,5.04,90.97,1.8,-5.57,C0U760
南澳,24.44935,121.81022,-1.66,16.32,-4.28,72.27,0.3,-2.55,C0U770
五結,24.68637,121.79794,-1.36,15.1,-5.23,77.1,0.98,-8.0,C0U780
頭城,24.85323,121.8308,-1.76,15.79,-9.59,76.33,0.6,-3.78,C0U860
大礁溪,24.791042,121.675047,-2.04,12.42,-2.48,84.9,1.48,-6.84,C0U870
三星,24.66812,121.65302,-2.06,14.54,3.01,90.73,1.02,-6.59,C0U890
內城,24.71813,121.68766,-1.81,15.11,-6.22,79.4,0.87,-6.1,C0U900
冬山,24.63373,121.7937,-1.45,15.71,6.66,91.27,1.05,-12.77,C0U910
羅東,24.68184,121.74934,-1.45,15.3,-6.29,79.1,0.8,-10.11,C0U940
鶯子嶺,24.89754,121.79244,-2.56,7.93,-7.0,90.4,3.88,-7.25,C0U950
翠峰湖,24.510856,121.608044,-2.81,3.79,4.28,100.0,2.02,-2.22,C0U960
大福,24.80064,121.81389,-2.11,15.32,-6.59,74.13,0.65,-6.07,C0U970
坪林石牌,24.86478,121.77396,-2.08,11.15,-6.53,89.7,1.78,-5.96,C0U980
員山,24.74435,121.72247,-2.04,15.32,-4.63,78.55,0.45,-7.48,C0U990
土場,24.576533,121.495333,-2.32,12.58,-4.32,85.2,1.4,-1.6,C0UA00
鴛鴦湖,24.590269,121.412228,-3.21,4.88,0.74,97.7,4.42,-0.33,C0UA10
白嶺,24.527819,121.519031,-3.03,6.38,0.07,95.7,5.23,-0.27,C0UA30
西德山,24.560647,121.752608,-3.42,7.76,1.38,97.43,5.37,-4.67,C0UA40
西帽山,24.555361,121.802628,-2.8,9.75,-6.17,90.6,6.48,-10.72,C0UA50
樟樹山,24.41393,121.78325,-2.66,12.18,5.61,95.83,0.83,-2.78,C0UA60
桃源谷,24.962606,121.888875,-2.39,11.39,-4.49,90.93,5.43,-5.46,C0UA70
復興,23.222403,120.806089,-1.1,15.56,6.93,81.27,1.57,-0.46,C0V210
美濃,22.898742,120.519153,1.51,20.2,3.6,83.0,0.0,-0.55,C0V310
溪埔,22.738578,120.446797,-1.0,17.99,1.24,80.13,0.23,-0.72,C0V350
內門,22.975481,120.466769,0.12,17.88,-1.0,80.0,0.43,-0.62,C0V360
古亭坑,22.893178,120.401947,-0.91,16.62,1.23,83.7,0.38,-0.17,C0V370
阿公店,22.804194,120.355528,-1.66,16.63,-4.56,77.03,0.27,-0.55,C0V400
鳳山,22.646653,120.356122,-1.52,17.89,5.12,79.45,0.26,-0.68,C0V440
鳳森,22.545064,120.392592,-1.3,18.23,-1.95,73.4,0.18,-0.95,C0V450
新興,22.627422,120.298803,-0.71,18.35,-3.59,69.67,0.22,-0.41,C0V490
阿蓮,22.883208,120.327508,-0.52,17.89,-9.34,73.0,0.27,-0.65,C0V530
梓官,22.760558,120.267211,-1.38,17.45,-5.63,71.63,0.18,-0.57,C0V610
永安,22.82315,120.236856,-1.56,16.96,-6.67,72.27,0.22,-0.59,C0V620
茄萣,22.906642,120.182608,-1.23,17.04,-2.58,73.1,0.22,-0.9,C0V630
湖內,22.887139,120.2445,-1.67,16.77,-6.73,71.43,0.23,-0.58,C0V640
彌陀,22.783806,120.246361,-1.01,17.81,-6.06,72.13,0.25,-0.49,C0V650
岡山,22.797078,120.294958,-1.07,18.05,-5.06,70.3,0.3,-0.56,C0V660
仁武,22.701083,120.347722,-1.31,18.17,-1.13,74.53,0.22,-0.75,C0V680
鼓山,22.623325,120.275575,-1.62,17.89,-1.44,73.77,0.3,-0.7,C0V690
三民,22.645017,120.311233,-1.47,18.5,0.94,71.47,0.27,-0.72,C0V700
苓雅,22.622742,120.330669,-0.66,18.97,5.58,74.97,0.23,-0.83,C0V710
林園,22.507747,120.394511,-0.67,20.02,0.42,70.6,0.22,-0.97,C0V720
大寮,22.605614,120.395717,-1.44,18.42,0.49,73.27,0.3,-0.82,C0V730
旗山,22.888614,120.483597,-0.6,18.24,0.89,77.57,0.35,-0.56,C0V740
路竹,22.854997,120.259439,-0.93,17.96,-4.66,72.13,0.22,-0.62,C0V750
橋頭,22.757806,120.30575,-1.19,18.11,-6.21,71.1,0.23,-0.48,C0V760
大社,22.730306,120.346639,-1.19,17.91,-2.37,73.1,0.22,-0.64,C0V770
萬山,22.905944,120.688056,-0.97,17.42,5.68,80.33,0.62,-0.58,C0V790
六龜,22.997889,120.633583,-0.56,18.5,8.34,84.47,0.53,-0.65,C0V800
左營,22.67491,120.28491,-1.82,17.33,-11.36,73.0,0.18,-0.84,C0V810
小林,23.148408,120.63325,-2.02,16.58,9.73,85.63,0.5,0.1,C0V820
東莒,25.9652,119.98069,0.51,11.85,-10.99,68.7,0.05,-1.75,C0W110
西嶼,23.5626,119.468436,-1.76,15.19,-12.35,72.8,0.45,-0.24,C0W120
花嶼,23.40007,119.32276,-1.55,16.15,-5.37,75.23,0.48,0.32,C0W130
金沙,24.488292,118.408778,-5.68,8.97,-32.69,41.0,0.0,-1.55,C0W140
金寧,24.457703,118.328989,-1.0,14.25,-18.25,56.37,0.0,-1.41,C0W150
東河,23.296598,120.385608,-1.83,16.01,-9.4,73.73,0.37,-1.2,C0X050
下營,23.22695,120.256261,-1.62,15.94,-10.69,72.73,0.3,-1.24,C0X060
佳里,23.173039,120.145086,-1.05,16.1,-6.43,75.57,0.4,-0.26,C0X080
臺南市北區,23.010394,120.194228,-1.5,16.83,-0.59,76.6,0.17,-0.93,C0X100
臺南市南區,22.961189,120.188378,-1.68,17.18,-3.38,72.9,0.15,-0.99,C0X110
麻豆,23.183289,120.248611,-1.03,16.91,-1.39,80.57,0.27,-0.72,C0X120
官田,23.193217,120.315422,-1.31,16.87,-4.44,75.1,0.28,-0.9,C0X130
西港,23.125608,120.203108,-1.71,16.15,-2.48,79.47,0.28,-0.83,C0X140
安定,23.102614,120.227839,-1.45,16.22,-3.1,81.2,0.23,-0.92,C0X150
仁德,22.968258,120.257689,-0.98,17.62,-1.25,75.4,0.25,-0.88,C0X160
關廟,22.963017,120.327797,-2.12,16.27,1.73,79.1,0.35,-0.55,C0X170
山上,23.0757,120.363253,-1.17,16.68,-3.63,78.87,0.2,-1.11,C0X180
安平,22.993161,120.152181,-1.68,16.55,-8.82,71.53,0.17,-0.85,C0X190
左鎮,23.056758,120.408522,-0.21,17.06,-3.89,80.37,0.27,-1.04,C0X200
白河,23.347466,120.414427,-1.8,16.04,-7.23,74.8,0.42,-1.11,C0X210
學甲,23.230367,120.182187,-1.47,15.96,-7.33,74.47,0.28,-1.0,C0X220
鹽水,23.272621,120.247641,-1.82,15.5,-7.27,76.87,0.33,-0.95,C0X230
關子嶺,23.331169,120.508025,-1.11,15.16,-1.39,85.63,0.62,-1.64,C0X240
新營,23.310689,120.316681,-1.61,16.16,-6.62,74.03,0.4,-0.94,C0X250
後壁,23.366358,120.362326,-1.56,15.95,-9.44,72.9,0.5,-0.95,C0X260
將軍,23.214999,120.13577,-1.75,15.7,-7.96,74.37,0.25,-0.74,C0X280
北門,23.267772,120.125481,-1.62,15.96,-6.95,75.47,0.42,-0.86,C0X290
鹿寮,23.386047,120.477331,-1.86,15.75,-0.75,84.6,0.6,-1.27,C0X300
明里,23.208717,121.262342,-1.13,15.2,-1.27,87.2,0.63,-0.66,C0Z020
佳心,23.34567,121.21316,-1.74,11.05,7.52,98.07,1.13,-0.27,C0Z050
玉里,23.3215,121.339656,-1.17,15.35,1.29,89.0,2.15,0.52,C0Z061
舞鶴,23.46811,121.37407,-0.86,14.85,7.85,98.47,1.53,-0.12,C0Z070
富源,23.587642,121.378225,-1.24,14.71,-4.59,87.13,1.75,-0.36,C0Z080
東華,23.89525,121.549833,-1.32,16.25,-1.25,87.23,0.68,-1.3,C0Z100
吉安光華,23.930925,121.595153,-1.37,16.98,-16.93,68.27,0.7,-1.61,C0Z150
鳳林,23.746114,121.453411,-1.96,15.72,-4.61,79.53,1.25,-0.38,C0Z160
卓溪,23.3443,121.3029,-2.59,15.33,-1.93,81.2,1.08,-0.16,C0Z170
新城,24.03946,121.60454,-1.44,17.21,-10.27,68.05,0.3,-2.39,C0Z180
富世,24.14743,121.6297,-1.58,16.92,-7.65,74.73,0.58,-1.38,C0Z190
萬榮,23.709219,121.420106,-1.83,15.54,-9.25,81.13,1.48,-0.13,C0Z200
瑞穗,23.5239,121.39021,-1.62,15.65,-0.41,86.4,1.87,-0.14,C0Z210
和平林道,24.343922,121.656317,-2.22,12.3,-6.56,82.8,0.55,-2.06,C0Z220
和平,24.30717,121.77007,-2.11,16.37,-11.47,65.97,0.25,-1.92,C0Z230
瑞穗林道,23.49284,121.30688,-1.35,10.73,0.88,97.2,5.02,1.32,C0Z250
蕃薯寮,23.73835,121.540108,-1.82,14.42,-9.1,81.5,1.77,-4.13,C0Z270
德武,23.47426,121.41071,-2.37,15.0,-3.28,86.4,1.62,-0.44,C0Z280
赤柯山,23.36893,121.38293,-2.65,10.29,3.37,98.4,3.92,0.77,C0Z290
東里,23.26853,121.30547,-2.07,15.45,-4.77,84.9,1.57,-0.14,C0Z300
清水斷崖,24.218294,121.689142,-2.41,16.59,-9.25,73.77,0.1,-1.08,C0Z310
清水林道,23.27125,121.188272,-2.59,12.21,-0.75,90.2,3.13,0.19,C0Z320
安通山,23.290728,121.348528,-3.32,12.92,1.62,90.6,2.0,0.48,C0Z330
口湖工作站,23.589978,120.180394,-1.77,15.81,-7.83,68.83,0.58,0.49,12J990
東港工作站,22.479997,120.466058,-2.09,18.86,-4.24,63.33,0.18,-0.11,12Q970
恆春工作站,22.079678,120.714425,-2.29,19.74,-2.9,62.9,0.65,-0.19,12Q980
萬大發電廠,23.978875,121.139639,-1.83,12.65,-2.55,78.1,3.13,2.86,42HA10
桃改樹林分場,24.944503,121.386972,-1.36,15.09,-9.51,69.17,1.45,-0.1,72AI40
桃園農改場,24.950944,121.030583,0.16,15.35,-11.8,69.73,0.87,-1.82,72C440
桃改五峰分場,24.612194,121.157167,-1.08,9.86,-4.99,81.3,2.1,-1.35,72D080
臺中農改場,24.003028,120.534389,-0.9,15.56,-2.84,76.57,0.63,-0.32,72G600
中改埔里分場,23.903208,120.963364,-1.86,13.98,3.2,86.5,1.97,1.52,72HA00
南改斗南分場,23.634556,120.477333,-0.54,15.98,-3.57,76.33,0.92,-0.08,72K220
南改義竹分場,23.360694,120.279361,-1.08,15.57,-6.39,74.63,0.48,-0.1,72M360
南改鹿草分場,23.416869,120.283061,-2.04,15.8,-7.0,73.23,0.72,0.52,72M700
臺南農改場,23.0605,120.342194,-1.22,16.1,0.99,79.77,0.18,-0.42,72N100
七股研究中心,23.081672,120.062894,-2.11,16.19,-6.69,75.73,0.23,0.06,72N240
高雄農改場,22.709333,120.525889,-1.07,18.34,2.75,80.5,0.33,-0.14,72Q010
東改班鳩分場,22.829528,121.077694,-1.25,15.96,-3.06,75.63,0.8,-0.27,72S200
東改賓朗果園,22.813889,121.071278,-1.71,15.63,-6.61,78.97,0.85,-0.2,72S590
花蓮農改場,23.975222,121.563889,-0.94,16.43,-4.28,76.55,2.97,1.27,72T250
花改蘭陽分場,24.686306,121.716583,-0.87,15.28,-6.96,75.6,1.0,-4.03,72U480
高改旗南分場,22.857861,120.516667,-1.51,17.4,3.75,78.1,0.35,-0.1,72V140
茶改北部分場,24.955778,121.631222,-0.71,12.35,-5.6,81.17,3.03,-3.41,82A750
茶改場,24.908472,121.185333,-0.41,14.0,-9.98,72.83,1.68,-1.87,82C160
茶改中部分場,23.875611,120.913583,-1.91,13.14,0.86,83.27,1.85,0.52,82H320
茶改南部分場,23.762528,120.7405,-1.54,14.08,-2.22,85.07,1.27,-0.13,82H840
茶改東部分場,22.907694,121.130139,-1.96,15.71,-4.11,76.78,0.86,-0.15,82S580
農工中心,24.985917,121.239833,0.0,15.01,-9.62,68.0,1.55,-1.61,A2C560
水試臺西試驗場,23.717231,120.190522,-0.87,16.13,-4.89,76.97,0.53,0.2,A2K360
臺大雲林校區,23.730628,120.423903,-1.22,15.46,-6.24,74.3,0.45,-0.01,A2K630
臺南蘭花園區,23.340258,120.379661,-1.51,16.13,-3.26,76.07,0.18,0.15,A2N290
畜試北區分所,24.527806,120.770972,-1.56,14.27,-9.34,75.47,0.55,-1.98,B2E890
畜產試驗所,23.058972,120.336406,-1.16,16.0,-0.81,79.5,0.18,-0.56,B2N890
畜試南區分所,21.945583,120.802167,-1.75,19.32,-4.53,68.6,0.93,-0.31,B2Q810
畜試東區分所,24.669039,121.832561,-1.7,15.54,0.42,80.07,1.02,-0.13,B2U990
蓮華池,23.918333,120.885278,-1.15,13.45,0.19,87.2,1.37,-0.24,E2H360
林試畢祿溪站,24.226944,121.308522,-1.43,5.04,9.09,80.17,2.6,0.72,E2HA20
四湖植物園,23.676986,120.163433,-1.73,16.09,-1.09,81.73,0.63,0.31,E2K600
林試六龜中心,22.991703,120.645722,-0.91,17.21,6.53,84.53,0.53,0.03,E2P980
林試太麻里2,22.598,120.99775,-2.04,18.08,-5.09,72.2,0.78,-1.27,E2S960
林試太麻里1,22.598922,120.980044,-1.92,17.26,-2.91,76.73,0.97,-1.37,E2S980
農試所(霧峰),24.031261,120.688133,-1.1,15.76,-0.15,79.4,0.97,-0.08,G2F820
農試嘉義分所,23.485028,120.473806,-0.97,15.37,-3.27,78.37,0.78,-0.06,G2L020
農試溪口農場,23.58565,120.408111,-1.19,15.83,-8.77,73.0,1.19,0.99,G2M350
農試鳳山分所,22.646611,120.356083,-1.57,17.74,-1.06,71.79,0.21,-0.38,G2P820
苗栗農改場,24.495722,120.829111,-1.31,13.62,-4.55,77.63,1.03,-0.69,K2E360
苗改生物防治研究中心,24.422861,120.871833,-3.13,12.37,-5.04,79.7,0.85,-0.7,K2E710
種苗改良場,24.225972,120.800917,-1.23,12.97,2.95,82.33,1.0,-0.55,K2F750
溪頭,23.670306,120.798194,-1.65,10.44,5.14,91.9,2.62,0.57,U2H480
臺大和社,23.590856,120.888864,-1.65,13.57,7.28,86.4,2.02,1.3,U2HA30
臺大內茅埔,23.689722,120.851117,-2.53,14.31,6.63,84.07,1.87,1.55,U2HA40
臺大竹山,23.756972,120.681556,-2.17,15.66,-7.4,76.43,1.03,0.57,U2HA50
臺大竹山,23.756972,120.681556,-2.17,15.66,-7.4,76.43,1.03,0.57,U2HA50
臺大內茅埔,23.689722,120.851117,-2.53,14.31,6.63,84.07,1.87,1.55,U2HA40
臺大和社,23.590856,120.888864,-1.65,13.57,7.28,86.4,2.02,1.3,U2HA30
臺大溪頭,23.670306,120.798194,-1.65,10.44,5.14,91.9,2.62,0.57,U2H480
種苗繁殖,24.225972,120.800917,-1.23,12.97,2.95,82.33,1.0,-0.55,K2F750
苗改生物防治研究中心,24.422861,120.871833,-3.13,12.37,-5.04,79.7,0.85,-0.7,K2E710
苗栗農改,24.495722,120.829111,-1.31,13.62,-4.55,77.63,1.03,-0.69,K2E360
農試鳳山分所,22.646611,120.356083,-1.57,17.74,-1.06,71.79,0.21,-0.38,G2P820
農試溪口農場,23.58565,120.408111,-1.19,15.83,-8.77,73.0,1.19,0.99,G2M350
農試嘉義分所,23.485028,120.473806,-0.97,15.37,-3.27,78.37,0.78,-0.06,G2L020
農業試驗所,24.031261,120.688133,-1.1,15.76,-0.15,79.4,0.97,-0.08,G2F820
林試太麻里1,22.598922,120.980044,-1.92,17.26,-2.91,76.73,0.97,-1.37,E2S980
林試太麻里2,22.598014,120.989761,-2.04,18.08,-5.09,72.2,0.78,-1.27,E2S960
林試六龜中心,22.991703,120.645722,-0.91,17.21,6.53,84.53,0.53,0.03,E2P980
四湖植物園,23.676986,120.163433,-1.73,16.09,-1.09,81.73,0.63,0.31,E2K600
林試畢祿溪站,24.226944,121.308522,-1.43,5.04,9.09,80.17,2.6,0.72,E2HA20
蓮華池,23.918333,120.885278,-1.15,13.45,0.19,87.2,1.37,-0.24,E2H360
畜試東區分所,24.669039,121.832561,-1.7,15.54,0.42,80.07,1.02,-0.13,B2U990
畜試南區分所,21.945583,120.802167,-1.75,19.32,-4.53,68.6,0.93,-0.31,B2Q810
畜試所,23.058972,120.336406,-1.16,16.0,-0.81,79.5,0.18,-0.56,B2N890
畜試北區分所,24.527806,120.770972,-1.56,14.27,-9.34,75.47,0.55,-1.98,B2E890
臺南蘭花園區,23.340258,120.379661,-1.51,16.13,-3.26,76.07,0.18,0.15,A2N290
臺大雲林校區,23.730628,120.423903,-1.22,15.46,-6.24,74.3,0.45,-0.01,A2K630
水試臺西試驗場,23.717231,120.190522,-0.87,16.13,-4.89,76.97,0.53,0.2,A2K360
農工中心,24.985917,121.239833,0.0,15.01,-9.62,68.0,1.55,-1.61,A2C560
茶改東部分場,22.907694,121.130139,-1.96,15.71,-4.11,76.78,0.86,-0.15,82S580
茶改南部分場,23.762528,120.7405,-1.54,14.08,-2.22,85.07,1.27,-0.13,82H840
茶改中部分場,23.875611,120.913583,-1.91,13.14,0.86,83.27,1.85,0.52,82H320
茶改場,24.908472,121.185333,-0.41,14.0,-9.98,72.83,1.68,-1.87,82C160
茶改北部分場,24.955778,121.631222,-0.71,12.35,-5.6,81.17,3.03,-3.41,82A750
高改旗南分場,22.857861,120.516667,-1.51,17.4,3.75,78.1,0.35,-0.1,72V140
花改蘭陽分場,24.686306,121.716583,-0.87,15.28,-6.96,75.6,1.0,-4.03,72U480
花蓮農改,23.975222,121.563889,-0.94,16.43,-4.28,76.55,2.97,1.27,72T250
東改賓朗果園,22.813889,121.071278,-1.71,15.63,-6.61,78.97,0.85,-0.2,72S590
東改班鳩分場,22.829528,121.077694,-1.25,15.96,-3.06,75.63,0.8,-0.27,72S200
高雄農改,22.709333,120.525889,-1.07,18.34,2.75,80.5,0.33,-0.14,72Q010
七股研究中心,23.081672,120.062894,-2.11,16.19,-6.69,75.73,0.23,0.06,72N240
臺南農改,23.0605,120.342194,-1.22,16.1,0.99,79.77,0.18,-0.42,72N100
南改鹿草分場,23.416869,120.283061,-2.04,15.8,-7.0,73.23,0.72,0.52,72M700
南改義竹分場,23.360694,120.279361,-1.08,15.57,-6.39,74.63,0.48,-0.1,72M360
南改斗南分場,23.634556,120.477333,-0.54,15.98,-3.57,76.33,0.92,-0.08,72K220
中改埔里分場,23.903208,120.963364,-1.86,13.98,3.2,86.5,1.97,1.52,72HA00
臺中農改,24.003028,120.534389,-0.9,15.56,-2.84,76.57,0.63,-0.32,72G600
桃改五峰分場,24.612194,121.157167,-1.08,9.86,-4.99,81.3,2.1,-1.35,72D080
桃園農改,24.950944,121.030583,0.16,15.35,-11.8,69.73,0.87,-1.82,72C440
桃改樹林分場,24.944503,121.386972,-1.36,15.09,-9.51,69.17,1.45,-0.1,72AI40
萬大發電廠,23.978875,121.139639,-1.83,12.65,-2.55,78.1,3.13,2.86,42HA10
恆春工作站,22.079678,120.714425,-2.29,19.74,-2.9,62.9,0.65,-0.19,12Q980
東港工作站,22.479997,120.466058,-2.09,18.86,-4.24,63.33,0.18,-0.11,12Q970
口湖工作站,23.589978,120.180394,-1.77,15.81,-7.83,68.83,0.58,0.49,12J990
