站名,緯度,經度,平均溫距平,本年度平均溫,平均溼度距平,本年度日均相對溼度,本年度日均降水量,日均降水量距平,站號
淡水,25.164889,121.448906,-0.91,15.13,-10.58,69.15,0.73,-2.39,466900
鞍部,25.182586,121.529731,-2.41,8.34,1.21,92.69,4.17,-6.55,466910
臺北,25.037658,121.514853,-1.28,15.73,-7.3,68.77,1.12,-1.93,466920
竹子湖,25.162078,121.544547,-2.05,10.39,-2.01,85.15,4.15,-3.47,466930
基隆,25.133314,121.740475,-1.05,15.55,-7.66,69.54,2.86,-8.18,466940
花蓮,23.975128,121.613275,-1.02,17.48,-4.1,70.08,0.51,-1.53,466990
新屋,25.006744,121.047486,-1.59,15.43,-12.34,66.15,0.6,-3.19,467050
宜蘭,24.763975,121.756528,-1.84,15.08,-0.69,78.62,1.48,-5.29,467080
金門,24.407306,118.289281,-0.22,13.55,-13.24,57.38,0.0,-1.35,467110
澎湖,23.565503,119.563094,-1.04,16.28,-5.59,72.15,0.67,0.04,467350
臺南,22.993239,120.204772,-1.14,16.9,-5.26,69.0,0.41,-0.3,467410
永康,23.038386,120.2367,-0.9,16.86,-2.34,71.21,0.39,-0.29,467420
嘉義,23.495925,120.432906,-1.08,16.12,0.16,76.92,1.41,0.63,467480
臺中,24.145736,120.684075,-0.85,16.55,-5.69,68.08,1.1,0.03,467490
阿里山,23.508208,120.813242,-1.44,5.45,2.56,80.62,2.97,0.38,467530
大武,22.355675,120.903789,-1.54,19.12,-2.52,67.23,0.46,-0.77,467540
玉山,23.487614,120.959522,-0.23,0.18,0.85,56.15,8.85,6.66,467550
新竹,24.827853,121.014219,-0.57,15.69,-10.72,66.46,0.78,-1.77,467571
恆春,22.003897,120.746339,-1.43,19.85,-2.51,66.69,0.25,-0.42,467590
成功,23.097486,121.373428,-1.15,18.01,-2.78,70.69,0.3,-2.17,467610
日月潭,23.881325,120.90805,-1.11,13.44,6.23,82.31,2.05,0.47,467650
臺東,22.752211,121.154586,-1.47,18.32,-0.95,69.46,0.39,-0.81,467660
馬祖,26.169269,119.923419,-0.09,10.78,-9.95,69.15,0.0,-1.45,467990
山佳,24.974944,121.402008,-0.81,15.78,-10.71,72.69,1.5,-1.56,C0A520
坪林,24.938183,121.70975,-2.26,11.77,-10.95,82.0,1.77,-2.41,C0A530
泰平,24.971197,121.823711,-1.78,11.25,-2.54,93.15,6.04,-9.16,C0A550
桶後,24.848222,121.597992,-1.67,11.83,-2.21,92.38,2.88,-2.69,C0A570
石碇,24.993969,121.662917,-1.25,13.4,-9.34,81.31,1.88,-4.21,C0A640
大坪,25.165914,121.632969,-1.16,12.55,-4.29,89.69,8.69,-17.08,C0A860
五指山,25.132153,121.608692,-0.66,10.97,-2.27,92.77,4.42,-4.93,C0A870
雙溪,25.036003,121.864242,-0.67,14.62,-6.75,85.85,2.92,-8.93,C0A890
三和,25.233153,121.595236,-2.55,13.18,-6.56,80.0,5.27,-11.13,C0A931
金山,25.223628,121.643967,-0.03,15.93,-13.97,70.46,2.92,-5.63,C0A940
鼻頭角,25.129036,121.923372,-0.77,16.17,-7.67,73.0,1.27,-2.51,C0A950
三貂角,25.007606,122.002058,-1.24,15.4,-11.04,75.85,2.96,-3.99,C0A970
社子,25.109508,121.469681,-0.37,16.46,-5.63,72.85,0.81,-1.47,C0A980
天母,25.117494,121.537169,-1.16,15.81,-12.11,64.08,0.73,-1.27,C0A9C0
內湖,25.079422,121.57545,-1.31,15.58,1.37,81.77,0.81,-1.63,C0A9F0
大屯山,25.175675,121.522408,-1.15,8.07,1.32,97.85,3.23,-4.27,C0AC40
三峽,24.939025,121.369728,-0.13,16.4,-10.36,71.92,1.42,-3.41,C0AC60
信義,25.037822,121.564597,-0.13,16.45,-7.75,73.08,1.15,-2.92,C0AC70
文山,25.00235,121.575728,-1.41,14.84,-11.5,74.0,1.42,-2.84,C0AC80
新莊,25.051478,121.446756,-1.41,15.64,-10.81,65.0,0.96,-3.0,C0ACA0
八里,25.150211,121.403947,-1.04,15.65,-5.74,72.92,0.54,-3.82,C0AD10
蘆洲,25.086594,121.472331,-0.87,16.42,-10.01,65.85,0.81,-2.7,C0AD30
土城,24.973208,121.445169,-1.01,15.42,-5.83,75.0,1.42,-2.25,C0AD40
鶯歌,24.951533,121.346294,-0.28,16.08,-8.3,74.85,1.31,-2.86,C0AD50
汐止,25.066881,121.658778,-1.94,15.01,-11.84,74.15,2.15,-4.63,C0AH00
永和,25.01125,121.508111,-1.27,16.41,-2.91,71.0,1.15,-2.04,C0AH10
五分山,25.07125,121.780794,-2.87,10.29,-2.95,94.23,8.42,-6.46,C0AH30
平等,25.129142,121.577086,-3.48,12.24,-11.79,76.23,1.42,-4.26,C0AH40
林口,25.072181,121.38084,-2.41,13.6,-10.51,77.62,0.85,-4.27,C0AH50
松山,25.04871,121.55042,-2.83,15.43,-11.67,59.91,0.14,-4.85,C0AH70
深坑,25.002703,121.628328,-1.84,15.08,-6.3,78.08,1.54,-2.37,C0AH80
福山植物園,24.760717,121.58135,-4.33,10.12,0.92,96.15,3.46,-6.07,C0AH90
五股,25.07445,121.42728,-4.4,13.64,-17.42,74.38,0.88,-0.3,C0AI00
屈尺,24.92184,121.54475,-3.48,14.95,-15.07,68.69,2.31,0.71,C0AI10
白沙灣,25.283128,121.519058,-2.09,15.48,-17.12,71.62,0.38,-6.05,C0AI20
三重,25.057328,121.500629,-3.35,15.85,-8.33,71.0,0.81,0.54,C0AI30
石牌,25.115597,121.513139,-3.03,16.78,-4.84,67.23,0.69,-0.12,C0AI40
七堵,25.094819,121.71713,-2.37,15.98,-14.26,75.54,3.58,-3.71,C0B010
基隆嶼,25.19141,121.78391,-2.75,15.19,-8.07,81.23,2.69,-1.36,C0B020
復興,24.820208,121.352281,-1.14,12.73,-6.7,73.85,1.27,-2.26,C0C460
桃園,24.992425,121.323172,-0.88,15.15,-7.68,68.46,1.54,-2.47,C0C480
八德,24.928708,121.283289,-1.77,14.6,-11.26,69.46,1.42,-3.48,C0C490
觀音,25.027072,121.153317,-0.87,14.59,-11.73,68.0,0.77,-3.6,C0C590
蘆竹,25.084275,121.265767,-1.82,14.93,-6.97,72.62,0.88,-4.26,C0C620
大溪,24.882853,121.265547,-0.92,13.93,-5.2,73.0,1.42,-2.3,C0C630
平鎮,24.897503,121.214636,-0.65,14.04,-8.75,72.77,1.08,-2.95,C0C650
楊梅,24.912375,121.143047,-2.0,14.44,-8.78,68.38,1.08,-3.45,C0C660
龍潭,24.870056,121.221389,-2.35,13.33,1.15,81.54,1.35,-3.64,C0C670
龜山,25.02846,121.38656,-1.9,14.13,-9.79,72.54,1.46,-4.39,C0C680
中壢,24.977661,121.256375,-2.25,14.5,-10.73,68.85,1.0,-4.53,C0C700
大溪永福,24.892936,121.324975,-2.57,14.64,-11.3,75.77,1.58,0.59,C0C710
梅花,24.678347,121.208558,-1.61,11.83,-3.5,81.85,1.65,-0.38,C0D360
峨眉,24.6905,121.017189,-1.27,14.58,-11.68,74.46,1.42,-3.06,C0D430
打鐵坑,24.849664,121.150789,-1.11,13.45,-11.98,74.15,1.04,-2.96,C0D480
橫山,24.71116,121.11693,-1.63,13.18,-3.41,80.46,1.81,-1.86,C0D540
雪霸,24.526972,121.11605,-1.07,7.41,-7.94,68.46,1.23,-3.3,C0D550
竹東,24.767147,121.057881,-0.04,15.15,-8.0,67.77,1.12,-2.24,C0D560
寶山,24.735006,121.025192,-0.46,14.55,-8.62,73.15,1.27,-2.64,C0D580
新豐,24.87068,120.97721,-0.6,14.54,-9.31,72.69,0.81,-2.71,C0D590
湖口,24.904794,121.043628,-1.44,15.21,-10.59,68.7,1.2,-2.07,C0D650
新竹市東區,24.798681,120.986942,-1.99,14.95,-10.08,66.15,0.77,-3.77,C0D660
竹南,24.708978,120.888897,-0.24,15.75,-9.91,69.0,0.85,-1.08,C0E420
南庄,24.601775,121.000214,-1.41,13.14,-0.31,84.23,1.62,-1.1,C0E430
明德,24.583486,120.885411,-1.08,15.08,-13.59,71.54,1.12,-2.29,C0E550
通霄,24.471892,120.704622,-1.21,15.25,-13.85,71.54,0.88,-1.57,C0E590
馬都安,24.451272,120.930192,-1.5,11.61,-3.13,80.23,1.54,-0.37,C0E610
頭份,24.688247,120.912206,0.34,16.42,-9.17,66.62,1.0,-1.96,C0E730
造橋,24.637056,120.864778,-1.26,15.24,-14.13,70.62,1.12,-2.25,C0E740
苗栗,24.564569,120.824575,-1.4,15.25,-12.17,68.31,0.88,-2.38,C0E750
銅鑼,24.489681,120.790853,-1.82,14.23,-1.98,82.92,0.0,-3.09,C0E780
西湖,24.562947,120.7485,-0.99,15.08,-13.15,72.46,0.77,-1.73,C0E810
獅潭,24.539133,120.920042,-1.92,13.21,-8.36,78.54,1.54,-1.28,C0E820
苑裡,24.439714,120.653053,-1.75,15.39,-13.23,68.69,0.69,-1.6,C0E830
大河,24.618069,120.948578,-4.27,12.38,-13.44,72.69,1.38,-3.63,C0E850
高鐵苗栗,24.60725,120.826094,-1.57,15.38,-9.23,73.31,0.85,-3.09,C0E870
石岡,24.276061,120.777644,-1.53,15.33,-5.68,81.0,0.92,-1.12,C0F0B0
中坑,24.248517,120.903319,-2.91,12.18,-1.98,80.46,1.58,-1.93,C0F0C0
審馬陣,24.381675,121.4203,-3.21,1.02,5.9,70.23,1.23,-4.54,C0F0D0
南湖圈谷,24.363714,121.444667,-4.49,-3.4,-6.41,72.69,0.0,-9.97,C0F0E0
東勢,24.246428,120.833047,-1.16,15.0,-3.75,78.85,1.35,-1.02,C0F850
大坑,24.173142,120.722289,-0.55,17.06,-6.22,72.0,1.15,-0.67,C0F970
神岡,24.272481,120.658314,-1.66,14.68,-15.95,70.92,0.85,-1.05,C0F9I0
大安,24.345061,120.588025,-1.52,15.33,-14.2,71.15,0.77,-0.94,C0F9K0
后里,24.310436,120.729725,-1.26,15.02,-12.58,72.08,1.08,-0.83,C0F9L0
豐原,24.254322,120.720692,-0.65,15.96,-8.44,72.23,0.88,-1.05,C0F9M0
大里,24.092464,120.701378,-1.17,17.45,-17.16,58.0,1.27,-0.42,C0F9N0
潭子,24.213106,120.703933,-1.27,16.15,-6.43,73.54,0.96,-0.76,C0F9O0
清水,24.312297,120.562242,-1.59,15.45,-13.12,71.46,0.69,-0.92,C0F9P0
外埔,24.347817,120.705686,-0.6,15.88,-12.38,72.46,1.0,-0.83,C0F9Q0
龍井,24.184536,120.528972,-1.47,16.02,-15.19,68.69,0.81,-0.67,C0F9R0
烏日,24.107058,120.624103,-1.42,16.32,-9.12,67.15,1.19,-0.32,C0F9S0
西屯,24.179494,120.641275,-1.63,15.58,-9.37,69.77,0.85,-0.56,C0F9T0
南屯,24.137006,120.637969,-1.75,16.49,-9.65,67.0,0.73,-0.71,C0F9U0
新社,24.200172,120.815806,-1.58,13.95,-7.98,77.23,1.23,-1.06,C0F9V0
大雅(中科園區),24.21528,120.62445,-2.6,14.89,-12.37,72.62,0.85,-1.41,C0F9X0
桃山,24.432739,121.303808,-2.84,1.62,-2.72,58.08,2.35,-1.55,C0F9Y0
雪山東峰,24.388792,121.268675,-2.8,2.4,-3.74,56.69,1.96,-3.54,C0F9Z0
芬園,24.015678,120.6213,-2.1,14.9,-3.82,79.38,1.19,-0.34,C0G620
員林,23.946503,120.585597,0.68,18.0,-11.29,69.54,1.35,0.46,C0G650
溪湖,23.94835,120.479122,0.08,17.5,2.37,85.31,1.0,-0.32,C0G660
溪州,23.851589,120.499093,-1.99,15.91,-14.48,68.69,1.27,-1.09,C0G720
二林,23.903325,120.376081,-1.92,15.62,-9.31,80.69,0.92,-0.53,C0G730
大城,23.852487,120.320935,-1.68,16.02,-38.62,44.82,1.12,-0.58,C0G740
福興,24.041289,120.437669,-1.11,16.7,-15.47,66.38,1.08,-0.09,C0G770
秀水,24.03405,120.503869,-1.34,16.39,-10.21,72.92,1.08,-0.26,C0G780
埔鹽,24.000394,120.431683,-0.59,16.62,-11.0,74.69,1.0,-0.17,C0G800
埔心,23.947633,120.525456,-0.77,16.85,17.86,98.54,1.19,-0.07,C0G810
田尾,23.901669,120.509389,-1.16,16.24,-5.65,80.08,1.19,-0.18,C0G820
埤頭,23.866003,120.452806,-1.37,15.99,3.75,92.46,1.0,-0.03,C0G830
社頭,23.897647,120.5862,-1.01,17.23,-0.44,78.38,1.35,-0.23,C0G860
二水,23.810742,120.6173,0.46,18.33,-4.08,79.15,1.38,-0.11,C0G880
伸港,24.148933,120.484403,-1.56,15.82,-14.0,68.69,0.77,-0.49,C0G890
線西,24.143358,120.443536,-2.57,16.04,-16.46,70.08,0.77,0.64,C0G900
花壇,24.032076,120.549461,0.6,19.05,-6.04,77.23,1.04,1.04,C0G910
埔里,23.972169,120.952425,-1.69,16.08,-3.01,79.38,2.15,-0.85,C0H890
草屯,23.973672,120.68085,-1.65,16.12,-8.8,71.0,1.58,0.0,C0H960
昆陽,24.121322,121.273642,-1.5,1.25,5.1,76.31,1.85,0.6,C0H990
神木村,23.532742,120.843667,-0.83,10.07,3.03,85.69,2.85,0.67,C0H9A0
合歡山,24.143442,121.272547,-1.23,0.05,7.36,76.92,4.88,-0.96,C0H9C0
廬山,24.033311,121.181808,-0.75,10.94,-2.65,72.69,2.69,0.61,C0I010
信義,23.689694,120.851036,-2.26,14.67,0.83,83.38,2.12,-0.34,C0I080
竹山,23.761225,120.688156,-0.83,15.92,-3.19,82.15,1.69,0.5,C0I110
水里,23.812553,120.849792,-2.15,15.93,-5.64,76.92,1.73,-0.4,C0I360
魚池,23.895703,120.94135,-1.55,15.04,-7.03,79.38,2.27,-1.02,C0I370
集集,23.828206,120.801467,-2.23,15.97,-5.68,78.62,1.85,-0.62,C0I380
仁愛,24.022122,121.132206,-1.54,12.42,-3.71,77.54,2.65,-1.54,C0I390
名間,23.837053,120.701447,-2.54,15.35,-8.48,75.92,1.58,-0.44,C0I410
國姓,24.037803,120.855072,-2.24,15.68,-4.72,80.23,1.77,-0.21,C0I420
南投,23.911469,120.687331,-2.14,16.45,-6.28,74.92,1.54,-1.03,C0I460
梅峰,24.085272,121.173572,-2.2,6.51,-4.08,76.92,2.65,-3.88,C0I480
萬大林道,23.928228,121.091411,-2.33,10.38,-5.71,74.15,2.88,-0.74,C0I490
小奇萊,24.131764,121.295717,-2.55,0.82,-3.12,78.08,3.54,-8.04,C0I530
奇萊稜線,24.109231,121.326456,-3.74,-0.73,11.04,80.15,0.0,-4.18,C0I540
崙背,23.75555,120.318925,-2.07,15.66,-15.18,70.54,1.38,-0.45,C0K250
四湖,23.630414,120.227125,-0.82,16.22,-15.26,68.42,1.5,0.82,C0K280
宜梧,23.536281,120.169329,-1.07,16.12,-13.02,71.54,1.54,0.57,C0K291
虎尾,23.719183,120.442036,-0.97,16.11,-9.87,73.77,1.42,0.63,C0K330
土庫,23.679029,120.395574,-1.95,16.02,-8.8,75.31,1.23,-0.72,C0K390
斗六,23.720583,120.541127,-2.13,15.98,-15.92,70.69,1.54,-0.63,C0K400
北港,23.573957,120.292802,-2.15,15.92,-15.98,69.15,1.42,-0.52,C0K410
西螺,23.800407,120.467394,-1.99,15.91,-13.4,72.69,1.38,-0.7,C0K420
褒忠,23.690938,120.303634,-2.02,15.75,-19.77,66.0,1.38,-0.32,C0K430
二崙,23.772797,120.408944,-2.19,15.53,-11.98,74.23,1.04,-0.47,C0K440
大埤,23.646074,120.431537,-2.1,15.99,-11.95,70.85,1.31,-0.64,C0K450
斗南,23.678734,120.478359,-2.05,15.95,-11.23,72.54,1.46,-0.52,C0K460
林內,23.748675,120.609642,-2.21,15.79,-8.9,77.15,1.69,-0.59,C0K470
莿桐,23.761192,120.502372,-2.18,15.62,-13.28,71.92,1.46,-0.59,C0K480
元長,23.64981,120.315024,-2.02,15.89,-11.92,71.77,1.42,-0.33,C0K500
水林,23.572924,120.24597,-1.87,16.11,-12.75,70.85,1.46,-0.44,C0K510
臺西,23.701547,120.197559,-1.94,15.99,-12.41,72.0,1.08,-0.25,C0K530
蔦松,23.514319,120.229736,-2.1,15.93,-12.62,73.08,1.46,-0.37,C0K550
棋山,23.68645,120.603417,-2.16,15.93,-6.13,80.0,1.69,-1.01,C0K560
高鐵雲林,23.737456,120.417944,-2.07,15.64,-14.41,75.23,1.19,1.01,C0K580
東後寮,23.369908,120.248065,-2.14,15.85,-11.26,73.38,0.96,-0.77,C0M520
奮起湖,23.493903,120.699253,-0.44,11.88,0.89,88.46,1.73,0.29,C0M530
中埔,23.42538,120.5229,-2.24,15.88,-8.82,76.23,1.0,-1.19,C0M640
朴子,23.43463,120.23902,-2.74,15.38,-9.09,74.46,1.46,-0.31,C0M650
溪口,23.604131,120.403569,-2.02,15.97,-14.66,70.46,1.38,-0.6,C0M660
大林,23.600616,120.45841,-2.07,16.17,-12.36,70.31,1.62,-0.62,C0M670
太保,23.455062,120.331455,-2.29,16.02,-14.71,69.38,1.38,-0.49,C0M680
水上,23.419734,120.388909,-2.07,16.17,-8.11,75.08,0.92,-1.06,C0M690
竹崎,23.526178,120.555508,-2.24,15.87,-5.01,80.31,1.38,-1.08,C0M700
東石,23.458927,120.15385,-2.0,16.12,-14.65,71.15,1.62,-0.19,C0M710
番路,23.464657,120.554156,-2.2,15.44,-4.16,81.62,1.27,-1.01,C0M720
嘉義市東區,23.457673,120.460531,-2.08,17.12,-8.66,71.08,1.31,-0.99,C0M730
六腳,23.492871,120.290625,-2.19,15.95,-13.47,70.15,1.46,-0.6,C0M740
布袋,23.380878,120.167789,-1.92,16.22,-15.4,70.31,1.19,-0.59,C0M750
民雄,23.551754,120.428457,-2.13,16.25,-13.41,70.31,1.46,-0.92,C0M760
嘉義梅山,23.585398,120.555587,-2.25,15.7,-4.7,81.38,1.38,-1.18,C0M770
鹿草,23.41134,120.30835,-2.05,16.26,-13.16,69.62,1.15,-0.67,C0M780
新港,23.553269,120.345728,-2.17,16.05,-11.77,70.62,1.58,-0.53,C0M790
茶山,23.299075,120.664767,-1.63,16.64,0.13,83.46,0.77,-1.88,C0M800
里佳,23.389125,120.716647,-1.93,11.79,0.63,84.85,1.27,-2.38,C0M810
達邦,23.453994,120.749517,-1.48,13.98,3.16,82.77,1.46,-1.99,C0M820
表湖,23.24186,120.64166,-3.39,14.72,1.25,84.85,0.73,0.65,C0M850
北寮,23.079561,120.495008,-1.79,16.59,4.76,88.54,0.42,-1.02,C0O830
王爺宮,23.222064,120.40085,0.19,17.92,-11.92,73.08,0.35,-1.33,C0O840
大內,23.11885,120.36083,-0.97,17.75,-2.6,80.62,0.27,-1.15,C0O860
善化,23.112883,120.297219,-1.04,16.61,-3.07,81.0,0.23,-0.4,C0O900
崎頂,22.959547,120.369317,-1.44,16.52,0.93,84.38,0.62,-0.54,C0O960
虎頭埤,23.021375,120.347878,-1.98,16.29,-2.65,81.08,0.42,-1.1,C0O970
新市,23.061614,120.298197,-1.16,17.53,-6.63,75.0,0.31,-1.22,C0O980
媽廟,22.99175,120.293525,-2.09,16.68,1.49,83.38,0.5,-1.0,C0O990
尾寮山,22.833111,120.683889,-1.77,12.72,1.64,89.22,0.78,0.02,C0R100
阿禮,22.742908,120.743678,-1.5,14.19,1.25,77.92,0.35,-1.1,C0R130
瑪家,22.682903,120.686639,-2.0,14.5,9.21,95.08,0.38,-1.15,C0R140
三地門,22.709889,120.639944,-0.31,19.31,-11.34,63.46,0.33,-0.17,C0R150
鹽埔,22.739558,120.530778,-1.32,18.4,-5.47,81.31,0.31,-0.84,C0R160
屏東,22.660269,120.494072,0.43,20.5,-7.99,73.0,0.0,-0.84,C0R170
赤山,22.592333,120.614306,-1.39,18.5,4.52,87.08,0.23,-0.76,C0R190
潮州,22.534361,120.54,-0.23,19.21,-3.36,76.77,0.12,-0.28,C0R220
來義,22.527306,120.625111,-1.5,18.2,3.45,87.08,0.31,-0.68,C0R240
春日,22.370361,120.628306,-1.3,19.04,-27.67,50.91,0.05,-0.62,C0R260
琉球嶼,22.332244,120.362236,-1.02,19.28,-9.19,71.08,0.33,-0.24,C0R270
車城,22.0744,120.716247,-2.43,19.55,-2.03,70.31,0.08,0.08,C0R320
牡丹,22.130036,120.792639,-2.58,16.92,3.71,87.85,0.54,0.14,C0R341
貓鼻頭,21.921774,120.7358,-1.21,19.83,-1.39,72.08,0.42,-0.08,C0R350
大漢山,22.405264,120.753181,-1.83,8.26,1.68,97.08,1.81,1.31,C0R440
高樹,22.826389,120.600806,-1.61,18.52,-1.84,76.69,0.38,-0.95,C0R470
長治,22.693128,120.542622,-1.09,19.11,-2.51,78.69,0.27,-0.74,C0R480
九如,22.7405,120.490503,-1.21,18.88,-8.66,75.46,0.23,-0.85,C0R490
崁頂,22.514781,120.506914,-1.92,18.4,-7.54,76.0,0.12,-0.81,C0R520
佳冬,22.419456,120.552375,-1.7,18.6,-3.75,79.0,0.19,-0.43,C0R540
新埤,22.467947,120.582894,-1.71,18.41,-7.66,75.54,0.27,-0.45,C0R550
新園,22.5434,120.461558,-0.97,19.24,-9.17,70.46,0.23,-0.73,C0R560
麟洛,22.65078,120.52719,-0.75,19.75,0.98,79.31,0.23,-0.64,C0R570
南州,22.48591,120.50274,-2.1,18.11,-3.73,78.0,0.08,-0.79,C0R580
里港,22.77919,120.49459,-2.15,17.8,-0.01,79.31,0.19,-0.75,C0R590
舊泰武,22.588194,120.664944,-2.17,14.83,3.08,88.92,0.81,-0.62,C0R600
墾雷,21.900836,120.855269,-2.29,19.94,3.62,81.85,0.73,-1.26,C0R620
東港,22.46247,120.44074,-3.26,18.7,-6.66,74.11,0.17,0.1,C0R640
竹田,22.58486,120.54344,-3.13,18.68,-9.13,75.54,0.23,0.18,C0R650
枋寮,22.367722,120.590647,-1.5,19.11,1.94,81.08,0.15,0.15,C0R660
楓港,22.190131,120.692156,-3.06,19.18,-2.76,63.77,0.15,0.15,C0R670
佳樂水,21.993578,120.861633,-2.66,19.92,-1.45,72.62,0.81,0.01,C0R680
墾丁,21.966756,120.810269,-2.5,17.5,-1.84,80.23,0.88,0.35,C0R690
枋山,22.246844,120.661086,-1.94,19.62,-1.47,68.0,0.15,0.15,C0R700
旭海,22.205403,120.887614,-2.85,17.39,12.99,93.46,0.85,-0.35,C0R720
太麻里,22.60902,120.98533,-1.25,14.9,-3.9,81.23,0.65,-0.86,C0S690
知本,22.684866,121.005642,-1.6,14.34,1.75,89.62,0.38,-1.27,C0S700
鹿野,22.917711,121.122994,-1.32,14.62,1.77,84.77,0.12,-1.28,C0S710
綠島,22.6672,121.47533,-1.17,18.17,7.82,89.15,2.38,-2.75,C0S730
池上,23.119628,121.209469,-1.46,14.91,0.92,85.38,0.31,-0.75,C0S740
大溪山,22.478475,120.943325,-1.45,15.54,-2.98,81.15,1.04,-0.78,C0S770
金崙,22.538122,120.966875,-1.31,16.89,-2.49,78.85,0.62,-0.83,C0S790
東河,22.972672,121.303986,-2.08,17.68,-2.01,77.46,0.27,-1.09,C0S810
長濱,23.286817,121.411975,-1.53,16.05,-3.36,77.31,0.54,-1.07,C0S830
南田,22.279725,120.889208,-1.54,19.18,17.26,93.92,1.0,-0.46,C0S840
關山,23.0395,121.175017,-2.62,15.62,0.56,83.69,0.15,-2.23,C0S890
蘭嶼高中,22.04909,121.51214,-2.56,20.01,-1.19,75.85,9.04,-4.43,C0S900
蘭嶼燈塔,22.081197,121.503117,-2.69,18.38,-8.41,83.69,3.12,-1.1,C0S910
金峰嘉蘭,22.594789,120.960825,-2.67,17.1,0.89,82.15,0.58,0.21,C0S920
延平,22.902581,121.084058,-3.13,15.65,4.93,83.0,0.23,0.2,C0S930
石寧山,23.223772,121.406639,-3.41,16.31,3.7,83.23,0.92,0.02,C0S940
香蘭,22.587569,120.993375,-2.59,18.55,5.55,77.15,0.38,0.18,C0S960
加津林,22.416211,120.926942,-2.45,19.09,-1.9,69.23,0.42,0.26,C0S970
勝林山,22.430439,120.8938,-3.56,11.15,-0.3,96.77,1.85,1.08,C0S980
山豬窟,22.318619,120.857372,-2.98,15.52,-2.89,80.31,0.81,0.74,C0S990
歷坵,22.520969,120.89185,-2.41,14.74,0.56,90.23,0.88,0.62,C0SA00
檳榔四格山,22.810031,121.109308,-3.18,14.82,3.71,87.31,0.19,0.13,C0SA10
金崙山,22.567419,120.959667,-2.43,11.93,-3.91,91.69,1.27,0.3,C0SA20
都歷,23.020333,121.323642,-2.12,17.92,17.75,93.15,0.58,-0.16,C0SA30
瑞和,22.974361,121.156697,-2.7,15.85,10.21,92.54,0.08,0.08,C0SA40
土坂,22.453108,120.887572,-2.19,17.06,0.52,83.92,1.23,0.96,C0SA80
大禹嶺,24.186117,121.316086,-1.13,3.71,-1.08,69.31,3.04,0.18,C0T790
天祥,24.179597,121.495639,-0.95,13.06,-0.61,85.46,0.35,-0.85,C0T820
鯉魚潭,23.935639,121.508944,-1.56,14.62,1.92,91.38,1.31,-0.91,C0T870
西林,23.8119,121.441458,-1.56,15.3,2.95,87.62,0.92,-1.42,C0T900
光復,23.660694,121.424964,-1.09,15.65,-1.9,87.38,0.62,-1.52,C0T960
月眉山,23.809928,121.539828,-1.35,13.25,0.42,93.31,1.04,-2.12,C0T9A0
水源,23.991861,121.537169,-1.36,12.94,-0.53,89.69,1.31,-2.02,C0T9B0
和中,24.26676,121.74103,-1.27,16.74,7.63,93.54,0.27,-2.35,C0T9D0
大坑,23.880628,121.581981,-1.32,13.83,-1.43,89.31,1.31,-2.09,C0T9E0
水璉,23.797131,121.542514,-1.9,15.08,1.9,86.38,0.85,-1.66,C0T9F0
鳳林山,23.735269,121.420131,-2.59,12.52,-1.0,92.31,1.23,-2.0,C0T9G0
加路蘭山,23.682947,121.5274,-1.7,11.71,3.19,97.77,4.62,-1.87,C0T9H0
靜浦,23.455167,121.495028,-1.44,16.32,-0.95,84.38,4.12,-0.31,C0T9M0
雙連埤,24.753033,121.641303,-2.68,10.68,-5.29,92.92,2.85,-4.71,C0U520
礁溪,24.817539,121.765608,-1.71,14.94,-7.39,79.85,1.08,-4.31,C0U600
玉蘭,24.675286,121.587061,-1.93,12.02,-2.93,85.54,2.96,-3.07,C0U650
太平山,24.505486,121.525656,-1.77,4.42,4.27,95.54,2.73,-1.55,C0U710
南山,24.43742,121.38167,-4.88,7.53,-1.09,95.85,1.65,-0.71,C0U720
東澳,24.52196,121.83318,-1.67,15.6,1.86,93.38,2.04,-6.6,C0U760
南澳,24.44935,121.81022,-1.69,16.32,-6.64,73.0,0.5,-2.78,C0U770
五結,24.68637,121.79794,-2.26,14.58,-2.61,81.46,1.65,-9.11,C0U780
頭城,24.85323,121.8308,-2.64,15.35,-8.49,78.85,1.08,-4.71,C0U860
大礁溪,24.791042,121.675047,-3.08,11.9,0.51,89.15,2.46,-7.67,C0U870
三星,24.66812,121.65302,-2.86,14.17,3.62,92.62,1.54,-7.62,C0U890
內城,24.71813,121.68766,-2.74,14.62,-3.04,84.23,1.46,-6.98,C0U900
冬山,24.63373,121.7937,-2.24,15.32,7.0,93.15,1.77,-15.0,C0U910
羅東,24.68184,121.74934,-2.34,14.86,-4.51,83.0,1.19,-12.54,C0U940
鶯子嶺,24.89754,121.79244,-3.41,7.72,-6.19,91.77,4.46,-8.36,C0U950
翠峰湖,24.510856,121.608044,-3.15,3.89,-2.52,93.46,1.96,-3.02,C0U960
大福,24.80064,121.81389,-3.16,14.78,-1.9,77.77,1.12,-6.77,C0U970
坪林石牌,24.86478,121.77396,-2.94,10.88,-4.47,91.0,1.77,-8.66,C0U980
員山,24.74435,121.72247,-2.97,14.81,-2.07,82.75,0.62,-9.54,C0U990
土場,24.576533,121.495333,-3.01,12.4,-1.9,87.23,1.15,-2.84,C0UA00
鴛鴦湖,24.590269,121.412228,-4.86,4.78,0.45,98.62,4.81,0.49,C0UA10
白嶺,24.527819,121.519031,-3.71,6.11,2.46,98.92,5.81,-0.03,C0UA30
西德山,24.560647,121.752608,-5.11,7.58,1.64,98.54,7.15,-6.81,C0UA40
西帽山,24.555361,121.802628,-4.49,9.46,-5.07,93.46,10.38,-15.33,C0UA50
樟樹山,24.41393,121.78325,-3.94,12.03,2.85,96.38,1.46,-4.14,C0UA60
桃源谷,24.962606,121.888875,-4.2,10.94,-5.46,92.77,6.08,-7.64,C0UA70
復興,23.222403,120.806089,-1.26,15.82,5.45,81.08,1.31,-1.27,C0V210
美濃,22.898742,120.519153,1.4,20.2,2.46,83.0,0.0,-0.55,C0V310
溪埔,22.738578,120.446797,-1.6,17.88,0.28,80.77,0.19,-1.0,C0V350
內門,22.975481,120.466769,-0.11,18.14,-4.36,78.33,0.58,-0.69,C0V360
古亭坑,22.893178,120.401947,-1.12,16.56,-0.22,83.92,0.58,0.1,C0V370
阿公店,22.804194,120.355528,-2.24,16.62,-6.25,76.77,0.38,-0.63,C0V400
鳳山,22.646653,120.356122,-1.82,18.14,1.4,77.33,0.21,-0.96,C0V440
鳳森,22.545064,120.392592,-1.81,18.24,-3.8,73.46,0.12,-0.49,C0V450
新興,22.627422,120.298803,-0.87,18.38,-6.33,68.92,0.15,-0.64,C0V490
阿蓮,22.883208,120.327508,-1.11,17.92,-12.36,71.46,0.38,-0.73,C0V530
梓官,22.760558,120.267211,-1.88,17.51,-8.36,70.85,0.27,-0.57,C0V610
永安,22.82315,120.236856,-2.05,17.03,-9.77,71.46,0.27,-0.7,C0V620
茄萣,22.906642,120.182608,-1.72,17.08,-5.73,72.08,0.27,-1.02,C0V630
湖內,22.887139,120.2445,-2.17,16.82,-9.22,70.85,0.31,-0.71,C0V640
彌陀,22.783806,120.246361,-1.48,17.91,-9.76,70.85,0.31,-0.53,C0V650
岡山,22.797078,120.294958,-1.58,18.11,-7.69,69.46,0.38,-0.61,C0V660
仁武,22.701083,120.347722,-1.78,18.2,-2.91,74.77,0.15,-1.04,C0V680
鼓山,22.623325,120.275575,-2.31,17.75,-3.64,73.46,0.23,-0.97,C0V690
三民,22.645017,120.311233,-1.98,18.55,-1.43,70.77,0.19,-1.03,C0V700
苓雅,22.622742,120.330669,-1.07,19.03,2.93,74.23,0.19,-1.13,C0V710
林園,22.507747,120.394511,-0.97,20.25,-2.16,69.77,0.15,-0.63,C0V720
大寮,22.605614,120.395717,-2.01,18.45,-1.7,72.85,0.23,-0.67,C0V730
旗山,22.888614,120.483597,-1.15,18.2,-0.53,77.85,0.54,-0.6,C0V740
路竹,22.854997,120.259439,-1.48,17.96,-8.15,71.46,0.31,-0.74,C0V750
橋頭,22.757806,120.30575,-1.76,18.1,-8.31,70.77,0.31,-0.53,C0V760
大社,22.730306,120.346639,-1.2,18.44,-7.48,69.92,0.27,-0.76,C0V770
萬山,22.905944,120.688056,-1.22,17.45,4.37,80.92,0.69,-0.7,C0V790
六龜,22.997889,120.633583,-0.77,18.65,7.43,85.15,0.69,-0.86,C0V800
左營,22.67491,120.28491,-2.39,17.38,-14.78,72.08,0.15,-0.99,C0V810
小林,23.148408,120.63325,-2.74,16.84,8.31,86.31,0.54,0.49,C0V820
東莒,25.9652,119.98069,-0.32,11.71,-15.09,66.23,0.0,-2.96,C0W110
金沙,24.488292,118.408778,-6.37,8.97,-34.85,41.0,0.0,-2.27,C0W140
金寧,24.457703,118.328989,-1.85,14.05,-23.12,53.85,0.0,-2.09,C0W150
東河,23.296598,120.385608,-2.35,16.17,-12.1,72.85,0.42,-1.52,C0X050
下營,23.22695,120.256261,-2.09,16.09,-14.07,71.54,0.35,-1.67,C0X060
佳里,23.173039,120.145086,-1.26,16.19,-9.63,74.54,0.5,-0.17,C0X080
臺南市北區,23.010394,120.194228,-1.96,16.95,-4.93,74.54,0.31,-1.16,C0X100
臺南市南區,22.961189,120.188378,-2.14,17.31,-6.64,71.69,0.23,-1.18,C0X110
麻豆,23.183289,120.248611,-1.44,17.09,-4.47,79.23,0.23,-1.1,C0X120
官田,23.193217,120.315422,-1.75,17.02,-7.33,73.69,0.27,-1.17,C0X130
西港,23.125608,120.203108,-2.09,16.35,-5.15,78.31,0.35,-1.13,C0X140
安定,23.102614,120.227839,-1.89,16.37,-5.47,80.15,0.27,-1.26,C0X150
仁德,22.968258,120.257689,-1.44,17.73,-4.01,74.46,0.38,-1.07,C0X160
關廟,22.963017,120.327797,-2.72,16.25,-0.34,78.69,0.54,-0.61,C0X170
山上,23.0757,120.363253,-1.67,16.75,-5.71,78.31,0.31,-1.4,C0X180
安平,22.993161,120.152181,-2.2,16.62,-11.94,70.15,0.27,-1.02,C0X190
左鎮,23.056758,120.408522,-0.7,17.05,-5.71,80.46,0.38,-1.32,C0X200
白河,23.347466,120.414427,-2.27,16.25,-10.75,73.46,0.5,-1.45,C0X210
學甲,23.230367,120.182187,-1.95,16.17,-11.43,72.85,0.42,-1.31,C0X220
鹽水,23.272621,120.247641,-2.27,15.72,-11.45,75.0,0.46,-1.26,C0X230
關子嶺,23.331169,120.508025,-1.14,15.81,-6.06,82.31,0.65,-1.99,C0X240
新營,23.310689,120.316681,-2.13,16.35,-11.37,72.31,0.5,-1.22,C0X250
後壁,23.366358,120.362326,-2.01,16.15,-13.33,71.46,0.69,-1.17,C0X260
將軍,23.214999,120.13577,-2.23,15.92,-11.19,72.77,0.35,-1.06,C0X280
北門,23.267772,120.125481,-2.08,16.22,-10.16,74.23,0.65,-0.99,C0X290
鹿寮,23.386047,120.477331,-2.33,15.98,-3.2,83.69,0.77,-1.32,C0X300
明里,23.208717,121.262342,-1.59,15.08,-0.54,87.77,0.23,-1.47,C0Z020
佳心,23.34567,121.21316,-2.03,10.95,8.64,98.46,0.69,-0.64,C0Z050
玉里,23.3215,121.339656,-1.38,15.19,2.66,90.31,0.42,-1.44,C0Z061
舞鶴,23.46811,121.37407,-1.05,14.85,8.58,99.0,0.5,-1.14,C0Z070
富源,23.587642,121.378225,-1.7,14.7,-3.26,88.08,0.73,-1.76,C0Z080
東華,23.89525,121.549833,-1.72,16.35,-1.17,87.69,0.27,-2.08,C0Z100
吉安光華,23.930925,121.595153,-1.4,17.11,-16.33,68.62,0.65,-2.24,C0Z150
鳳林,23.746114,121.453411,-2.06,15.8,-4.06,80.31,0.62,-1.61,C0Z160
卓溪,23.3443,121.3029,-2.91,15.25,-0.41,82.92,0.42,-1.17,C0Z170
新城,24.03946,121.60454,-1.44,17.42,-11.63,67.3,0.05,-2.77,C0Z180
富世,24.14743,121.6297,-1.87,16.84,-6.74,77.31,0.19,-2.76,C0Z190
萬榮,23.709219,121.420106,-1.98,15.6,-8.29,82.0,0.81,-1.26,C0Z200
瑞穗,23.5239,121.39021,-1.84,15.68,0.11,86.85,0.65,-1.88,C0Z210
和平林道,24.343922,121.656317,-2.57,12.26,-5.33,85.0,0.73,-3.21,C0Z220
和平,24.30717,121.77007,-2.27,16.46,-9.98,67.31,0.5,-2.9,C0Z230
瑞穗林道,23.49284,121.30688,-1.7,10.66,2.11,98.0,3.62,-0.48,C0Z250
蕃薯寮,23.73835,121.540108,-2.16,14.33,-6.03,83.46,1.62,-6.24,C0Z270
德武,23.47426,121.41071,-2.62,15.01,-2.99,86.77,0.46,-2.32,C0Z280
赤柯山,23.36893,121.38293,-3.1,10.17,4.64,99.0,2.54,-0.99,C0Z290
東里,23.26853,121.30547,-2.38,15.35,-4.16,85.62,0.46,-1.72,C0Z300
清水斷崖,24.218294,121.689142,-3.33,16.54,-11.48,75.15,0.0,-1.23,C0Z310
清水林道,23.27125,121.188272,-3.88,12.0,2.3,92.23,2.62,0.23,C0Z320
安通山,23.290728,121.348528,-4.53,12.78,3.01,92.08,0.65,-0.68,C0Z330
口湖工作站,23.589978,120.180394,-2.5,15.99,-13.21,67.0,1.31,1.31,12J990
東港工作站,22.479997,120.466058,-2.97,18.89,-6.83,63.0,0.08,0.06,12Q970
恆春工作站,22.079678,120.714425,-3.02,19.88,-4.72,62.0,0.08,0.08,12Q980
萬大發電廠,23.978875,121.139639,-2.29,13.28,-4.75,76.46,2.96,2.93,42HA10
桃改樹林分場,24.944503,121.386972,-2.87,14.89,-6.45,70.15,1.15,0.72,72AI40
桃園農改場,24.950944,121.030583,-0.23,15.35,-13.08,67.92,0.77,-1.83,72C440
桃改五峰分場,24.612194,121.157167,-1.38,9.85,-1.41,83.62,1.69,-1.21,72D080
臺中農改場,24.003028,120.534389,-0.89,15.85,-5.35,73.85,0.96,0.16,72G600
中改埔里分場,23.903208,120.963364,-2.52,14.52,1.92,85.85,2.23,2.09,72HA00
南改斗南分場,23.634556,120.477333,-0.56,16.17,-4.4,75.15,1.5,0.62,72K220
南改義竹分場,23.360694,120.279361,-1.17,15.75,-7.64,73.46,0.65,0.21,72M360
南改鹿草分場,23.416869,120.283061,-2.79,16.02,-12.15,71.54,1.12,1.12,72M700
臺南農改場,23.0605,120.342194,-1.22,16.09,1.83,79.69,0.31,-0.06,72N100
七股研究中心,23.081672,120.062894,-2.94,16.34,-11.03,74.69,0.31,0.29,72N240
高雄農改場,22.709333,120.525889,-1.35,18.25,3.82,81.31,0.35,0.02,72Q010
東改班鳩分場,22.829528,121.077694,-1.32,16.05,-3.71,74.77,0.15,-0.92,72S200
東改賓朗果園,22.813889,121.071278,-1.74,15.7,-6.78,78.23,0.19,-0.82,72S590
花蓮農改場,23.975222,121.563889,-0.96,16.59,-3.41,77.62,0.88,-0.7,72T250
花改蘭陽分場,24.686306,121.716583,-1.56,14.86,-2.92,79.85,1.5,-4.21,72U480
高改旗南分場,22.857861,120.516667,-1.76,17.3,4.09,78.62,0.58,0.15,72V140
茶改北部分場,24.955778,121.631222,-1.39,12.02,-3.21,82.92,2.69,-3.07,82A750
茶改場,24.908472,121.185333,-1.02,13.85,-9.07,73.15,1.12,-1.97,82C160
茶改中部分場,23.875611,120.913583,-1.72,13.55,0.13,82.38,2.04,0.84,82H320
茶改南部分場,23.762528,120.7405,-1.63,14.28,-2.64,84.46,1.81,0.84,82H840
茶改東部分場,22.907694,121.130139,-1.74,16.15,-4.54,76.0,0.12,-0.98,82S580
農工中心,24.985917,121.239833,-0.23,14.84,-9.44,67.62,1.0,-2.09,A2C560
水試臺西試驗場,23.717231,120.190522,-1.17,16.4,-7.17,74.77,1.15,1.05,A2K360
臺大雲林校區,23.730628,120.423903,-1.84,15.63,-11.54,72.92,0.92,0.92,A2K630
臺南蘭花園區,23.340258,120.379661,-1.8,16.32,-7.47,75.0,0.19,0.19,A2N290
畜試北區分所,24.527806,120.770972,-1.78,14.63,-13.44,72.54,0.81,-2.9,B2E890
畜產試驗所,23.058972,120.336406,-1.34,16.03,-1.2,79.15,0.31,-0.38,B2N890
畜試南區分所,21.945583,120.802167,-1.78,19.45,-4.84,67.92,0.62,-0.47,B2Q810
畜試東區分所,24.669039,121.832561,-2.87,15.05,1.62,84.62,1.69,0.36,B2U990
蓮華池,23.918333,120.885278,-0.79,13.87,-0.92,86.69,1.85,0.39,E2H360
林試畢祿溪站,24.226944,121.308522,-1.29,5.7,1.44,75.69,1.58,0.24,E2HA20
四湖植物園,23.676986,120.163433,-2.39,16.32,-7.1,79.38,1.35,1.19,E2K600
林試六龜中心,22.991703,120.645722,-1.36,17.23,7.0,86.0,0.73,0.7,E2P980
林試太麻里2,22.598,120.99775,-2.45,18.09,-2.64,72.69,0.5,0.4,E2S960
林試太麻里1,22.598922,120.980044,-2.23,17.32,-0.35,77.38,0.65,-0.08,E2S980
農試所(霧峰),24.031261,120.688133,-1.02,16.05,-1.77,77.85,1.35,0.52,G2F820
農試嘉義分所,23.485028,120.473806,-0.92,15.61,-4.84,77.08,1.04,0.0,G2L020
農試溪口農場,23.58565,120.408111,-1.63,16.22,-10.6,72.23,1.31,1.1,G2M350
農試鳳山分所,22.646611,120.356083,-1.8,17.68,-2.15,71.58,0.12,-0.37,G2P820
苗栗農改場,24.495722,120.829111,-1.34,13.92,-6.61,75.23,1.31,-0.34,K2E360
苗改生物防治研究中心,24.422861,120.871833,-3.95,12.58,-7.57,78.62,1.12,-0.34,K2E710
種苗改良場,24.225972,120.800917,-1.07,13.35,2.66,81.92,1.23,-0.28,K2F750
溪頭,23.670306,120.798194,-0.97,11.21,3.87,90.54,2.15,0.65,U2H480
臺大和社,23.590856,120.888864,-2.61,13.95,7.8,86.08,2.31,2.29,U2HA30
臺大內茅埔,23.689722,120.851117,-3.63,14.6,6.16,83.62,2.08,2.08,U2HA40
臺大竹山,23.756972,120.681556,-3.25,15.94,-11.1,75.15,1.5,1.5,U2HA50
臺大竹山,23.756972,120.681556,-3.25,15.94,-11.1,75.15,1.5,1.5,U2HA50
臺大內茅埔,23.689722,120.851117,-3.63,14.6,6.16,83.62,2.08,2.08,U2HA40
臺大和社,23.590856,120.888864,-2.61,13.95,7.8,86.08,2.31,2.29,U2HA30
臺大溪頭,23.670306,120.798194,-0.97,11.21,3.87,90.54,2.15,0.65,U2H480
種苗繁殖,24.225972,120.800917,-1.07,13.35,2.66,81.92,1.23,-0.28,K2F750
苗改生物防治研究中心,24.422861,120.871833,-3.95,12.58,-7.57,78.62,1.12,-0.34,K2E710
苗栗農改,24.495722,120.829111,-1.34,13.92,-6.61,75.23,1.31,-0.34,K2E360
農試鳳山分所,22.646611,120.356083,-1.8,17.68,-2.15,71.58,0.12,-0.37,G2P820
農試溪口農場,23.58565,120.408111,-1.63,16.22,-10.6,72.23,1.31,1.1,G2M350
農試嘉義分所,23.485028,120.473806,-0.92,15.61,-4.84,77.08,1.04,0.0,G2L020
農業試驗所,24.031261,120.688133,-1.02,16.05,-1.77,77.85,1.35,0.52,G2F820
林試太麻里1,22.598922,120.980044,-2.23,17.32,-0.35,77.38,0.65,-0.08,E2S980
林試太麻里2,22.598014,120.989761,-2.45,18.09,-2.64,72.69,0.5,0.4,E2S960
林試六龜中心,22.991703,120.645722,-1.36,17.23,7.0,86.0,0.73,0.7,E2P980
四湖植物園,23.676986,120.163433,-2.39,16.32,-7.1,79.38,1.35,1.19,E2K600
林試畢祿溪站,24.226944,121.308522,-1.29,5.7,1.44,75.69,1.58,0.24,E2HA20
蓮華池,23.918333,120.885278,-0.79,13.87,-0.92,86.69,1.85,0.39,E2H360
畜試東區分所,24.669039,121.832561,-2.87,15.05,1.62,84.62,1.69,0.36,B2U990
畜試南區分所,21.945583,120.802167,-1.78,19.45,-4.84,67.92,0.62,-0.47,B2Q810
畜試所,23.058972,120.336406,-1.34,16.03,-1.2,79.15,0.31,-0.38,B2N890
畜試北區分所,24.527806,120.770972,-1.78,14.63,-13.44,72.54,0.81,-2.9,B2E890
臺南蘭花園區,23.340258,120.379661,-1.8,16.32,-7.47,75.0,0.19,0.19,A2N290
臺大雲林校區,23.730628,120.423903,-1.84,15.63,-11.54,72.92,0.92,0.92,A2K630
水試臺西試驗場,23.717231,120.190522,-1.17,16.4,-7.17,74.77,1.15,1.05,A2K360
農工中心,24.985917,121.239833,-0.23,14.84,-9.44,67.62,1.0,-2.09,A2C560
茶改東部分場,22.907694,121.130139,-1.74,16.15,-4.54,76.0,0.12,-0.98,82S580
茶改南部分場,23.762528,120.7405,-1.63,14.28,-2.64,84.46,1.81,0.84,82H840
茶改中部分場,23.875611,120.913583,-1.72,13.55,0.13,82.38,2.04,0.84,82H320
茶改場,24.908472,121.185333,-1.02,13.85,-9.07,73.15,1.12,-1.97,82C160
茶改北部分場,24.955778,121.631222,-1.39,12.02,-3.21,82.92,2.69,-3.07,82A750
高改旗南分場,22.857861,120.516667,-1.76,17.3,4.09,78.62,0.58,0.15,72V140
花改蘭陽分場,24.686306,121.716583,-1.56,14.86,-2.92,79.85,1.5,-4.21,72U480
花蓮農改,23.975222,121.563889,-0.96,16.59,-3.41,77.62,0.88,-0.7,72T250
東改賓朗果園,22.813889,121.071278,-1.74,15.7,-6.78,78.23,0.19,-0.82,72S590
東改班鳩分場,22.829528,121.077694,-1.32,16.05,-3.71,74.77,0.15,-0.92,72S200
高雄農改,22.709333,120.525889,-1.35,18.25,3.82,81.31,0.35,0.02,72Q010
七股研究中心,23.081672,120.062894,-2.94,16.34,-11.03,74.69,0.31,0.29,72N240
臺南農改,23.0605,120.342194,-1.22,16.09,1.83,79.69,0.31,-0.06,72N100
南改鹿草分場,23.416869,120.283061,-2.79,16.02,-12.15,71.54,1.12,1.12,72M700
南改義竹分場,23.360694,120.279361,-1.17,15.75,-7.64,73.46,0.65,0.21,72M360
南改斗南分場,23.634556,120.477333,-0.56,16.17,-4.4,75.15,1.5,0.62,72K220
中改埔里分場,23.903208,120.963364,-2.52,14.52,1.92,85.85,2.23,2.09,72HA00
臺中農改,24.003028,120.534389,-0.89,15.85,-5.35,73.85,0.96,0.16,72G600
桃改五峰分場,24.612194,121.157167,-1.38,9.85,-1.41,83.62,1.69,-1.21,72D080
桃園農改,24.950944,121.030583,-0.23,15.35,-13.08,67.92,0.77,-1.83,72C440
桃改樹林分場,24.944503,121.386972,-2.87,14.89,-6.45,70.15,1.15,0.72,72AI40
萬大發電廠,23.978875,121.139639,-2.29,13.28,-4.75,76.46,2.96,2.93,42HA10
恆春工作站,22.079678,120.714425,-3.02,19.88,-4.72,62.0,0.08,0.08,12Q980
東港工作站,22.479997,120.466058,-2.97,18.89,-6.83,63.0,0.08,0.06,12Q970
口湖工作站,23.589978,120.180394,-2.5,15.99,-13.21,67.0,1.31,1.31,12J990
