站名,緯度,經度,平均溫距平,本年度平均溫,平均溼度距平,本年度日均相對溼度,本年度日均降水量,日均降水量距平,站號
淡水,25.164889,121.448906,4.4,21.13,0.7,82.33,0.0,-4.29,466900
鞍部,25.182586,121.529731,5.41,17.67,-4.3,86.33,0.0,-7.97,466910
臺北,25.037658,121.514853,5.36,23.4,-5.31,71.67,0.0,-4.41,466920
竹子湖,25.162078,121.544547,5.47,19.3,-5.04,82.0,0.0,-5.45,466930
基隆,25.133314,121.740475,4.66,21.77,0.85,80.67,0.0,-8.13,466940
花蓮,23.975128,121.613275,3.63,23.3,5.51,82.67,0.17,-2.05,466990
新屋,25.006744,121.047486,4.37,21.33,-0.79,83.33,0.0,-1.32,467050
宜蘭,24.763975,121.756528,4.51,22.8,3.33,82.0,0.0,-3.11,467080
金門,24.407306,118.289281,5.36,19.77,12.34,88.0,0.0,-1.76,467110
澎湖,23.565503,119.563094,3.95,22.67,3.24,82.0,0.0,-0.58,467350
臺南,22.993239,120.204772,4.4,24.95,0.37,73.0,0.0,-0.09,467410
永康,23.038386,120.2367,4.76,24.95,2.34,73.75,0.0,-0.07,467420
嘉義,23.495925,120.432906,4.09,23.43,5.41,82.67,0.0,-0.45,467480
臺中,24.145736,120.684075,4.46,23.8,-5.47,67.33,0.0,-1.65,467490
阿里山,23.508208,120.813242,5.97,14.43,-46.57,35.33,0.0,-2.7,467530
大武,22.355675,120.903789,2.52,24.4,7.01,80.0,0.7,-0.8,467540
玉山,23.487614,120.959522,7.49,8.23,-3.02,67.33,0.0,-1.46,467550
新竹,24.827853,121.014219,5.51,22.67,-4.97,75.0,0.0,-2.91,467571
恆春,22.003897,120.746339,2.81,25.47,6.72,79.0,0.09,-0.2,467590
成功,23.097486,121.373428,3.18,23.47,10.37,87.67,1.56,-1.4,467610
日月潭,23.881325,120.90805,3.1,19.33,-1.77,76.67,0.0,-1.98,467650
臺東,22.752211,121.154586,2.94,24.17,4.82,78.33,1.7,0.79,467660
馬祖,26.169269,119.923419,6.72,17.7,7.89,92.0,0.33,-2.65,467990
山佳,24.974944,121.402008,5.41,23.17,-5.31,75.67,0.0,-3.83,C0A520
坪林,24.938183,121.70975,5.43,20.9,-12.48,79.33,0.0,-3.09,C0A530
泰平,24.971197,121.823711,5.55,19.93,-2.2,92.0,0.0,-7.18,C0A550
桶後,24.848222,121.597992,4.53,19.5,-5.36,88.67,0.0,-4.22,C0A570
石碇,24.993969,121.662917,6.03,22.0,-10.08,79.33,0.0,-1.65,C0A640
大坪,25.165914,121.632969,6.71,21.57,-9.07,83.0,0.0,-17.95,C0A860
五指山,25.132153,121.608692,8.12,21.2,-10.0,83.0,0.0,-7.8,C0A870
雙溪,25.036003,121.864242,6.27,22.77,-7.34,84.0,0.67,-4.82,C0A890
三和,25.233153,121.595236,4.6,20.37,-0.62,86.67,0.0,-6.77,C0A931
金山,25.223628,121.643967,4.4,20.97,-6.71,79.33,0.0,-6.27,C0A940
鼻頭角,25.129036,121.923372,5.19,22.53,3.69,89.67,0.0,-1.07,C0A950
三貂角,25.007606,122.002058,5.4,22.5,-3.36,88.0,0.0,-4.01,C0A970
社子,25.109508,121.469681,4.8,22.4,2.05,83.0,0.0,-3.2,C0A980
天母,25.117494,121.537169,4.85,22.73,-3.68,73.0,0.0,-3.07,C0A9C0
內湖,25.079422,121.57545,5.41,23.33,8.62,89.67,0.0,-3.19,C0A9F0
大屯山,25.175675,121.522408,7.69,18.6,-3.06,91.67,0.0,-2.97,C0AC40
三峽,24.939025,121.369728,6.39,24.1,-6.64,75.33,0.0,-1.19,C0AC60
信義,25.037822,121.564597,7.23,24.93,-6.99,74.67,0.0,-1.11,C0AC70
文山,25.00235,121.575728,4.59,22.1,-5.57,78.0,0.0,-1.24,C0AC80
新莊,25.051478,121.446756,5.09,23.13,-2.83,73.67,0.0,-1.22,C0ACA0
八里,25.150211,121.403947,5.69,22.63,5.67,89.67,0.0,-1.35,C0AD10
蘆洲,25.086594,121.472331,5.75,23.8,-5.36,73.0,0.0,-1.05,C0AD30
土城,24.973208,121.445169,4.92,22.5,-2.55,79.0,0.0,-1.2,C0AD40
鶯歌,24.951533,121.346294,6.82,24.23,-7.2,77.0,0.0,-1.08,C0AD50
汐止,25.066881,121.658778,5.56,22.63,-10.64,76.33,0.0,-2.35,C0AH00
永和,25.01125,121.508111,6.52,24.63,-6.31,71.33,0.0,-1.48,C0AH10
五分山,25.07125,121.780794,4.74,18.67,-3.02,89.33,0.0,-4.28,C0AH30
平等,25.129142,121.577086,4.34,20.97,-9.38,77.0,0.0,-1.09,C0AH40
林口,25.072181,121.38084,5.44,22.63,-8.21,77.67,0.0,-1.59,C0AH50
松山,25.04871,121.55042,3.61,23.83,-3.75,70.0,0.0,-1.33,C0AH70
深坑,25.002703,121.628328,5.03,24.17,-10.08,80.33,0.0,-1.25,C0AH80
福山植物園,24.760717,121.58135,1.68,17.3,-1.97,90.67,0.0,-3.36,C0AH90
五股,25.07445,121.42728,4.21,22.03,-10.71,77.67,0.0,-2.69,C0AI00
屈尺,24.92184,121.54475,4.82,22.93,-16.79,71.33,0.0,-2.12,C0AI10
白沙灣,25.283128,121.519058,3.06,20.33,3.17,87.67,0.0,-1.81,C0AI20
三重,25.057328,121.500629,4.44,23.47,-8.83,75.67,0.0,-0.5,C0AI30
石牌,25.115597,121.513139,4.25,23.83,1.83,76.33,0.0,-1.69,C0AI40
七堵,25.094819,121.71713,5.35,23.13,-11.96,81.67,0.0,-5.94,C0B010
基隆嶼,25.19141,121.78391,4.48,21.73,2.83,93.33,0.0,-2.38,C0B020
復興,24.820208,121.352281,5.94,20.9,-13.21,72.0,0.0,-1.31,C0C460
桃園,24.992425,121.323172,5.8,23.07,-4.6,73.0,0.0,-1.21,C0C480
八德,24.928708,121.283289,5.23,22.0,-6.31,74.33,0.0,-1.48,C0C490
觀音,25.027072,121.153317,5.48,21.5,2.27,86.33,0.0,-1.37,C0C590
蘆竹,25.084275,121.265767,4.77,21.27,0.19,85.0,0.0,-1.98,C0C620
大溪,24.882853,121.265547,6.25,22.33,-10.42,70.67,0.0,-1.05,C0C630
平鎮,24.897503,121.214636,6.49,22.43,-12.46,71.67,0.0,-1.16,C0C650
楊梅,24.912375,121.143047,5.38,22.07,-9.54,73.33,0.0,-1.95,C0C660
龍潭,24.870056,121.221389,5.78,22.1,-11.13,72.67,0.0,-1.46,C0C670
龜山,25.02846,121.38656,4.47,22.53,-12.5,72.67,0.0,-1.62,C0C680
中壢,24.977661,121.256375,3.95,22.6,-12.33,71.33,0.0,-1.79,C0C700
大溪永福,24.892936,121.324975,3.9,21.37,-8.67,80.33,0.0,-2.75,C0C710
梅花,24.678347,121.208558,4.78,19.67,-9.23,79.33,0.0,-3.88,C0D360
峨眉,24.6905,121.017189,4.54,21.13,-3.93,84.0,0.0,-1.5,C0D430
打鐵坑,24.849664,121.150789,4.93,20.73,-8.94,78.33,0.0,-1.22,C0D480
橫山,24.71116,121.11693,5.41,21.7,-7.48,79.0,0.0,-1.27,C0D540
雪霸,24.526972,121.11605,4.62,15.83,-29.5,48.67,0.0,-0.88,C0D550
竹東,24.767147,121.057881,6.69,23.17,-8.65,69.67,0.0,-1.08,C0D560
寶山,24.735006,121.025192,4.88,21.13,-3.4,80.33,0.0,-1.3,C0D580
新豐,24.87068,120.97721,5.67,21.6,-2.17,82.33,0.0,-0.99,C0D590
湖口,24.904794,121.043628,5.58,22.43,-13.0,73.33,0.0,-1.27,C0D650
新竹市東區,24.798681,120.986942,4.88,22.27,-5.25,74.0,0.0,-0.98,C0D660
竹南,24.708978,120.888897,5.27,22.07,-1.0,80.33,0.0,-2.11,C0E420
南庄,24.601775,121.000214,4.62,20.67,-4.69,80.33,0.0,-3.48,C0E430
明德,24.583486,120.885411,4.98,21.73,-5.03,80.67,0.0,-1.24,C0E550
通霄,24.471892,120.704622,4.93,22.13,-6.19,79.0,0.0,-0.98,C0E590
馬都安,24.451272,120.930192,4.85,19.97,-7.85,73.33,0.0,-2.77,C0E610
頭份,24.688247,120.912206,6.32,23.5,-4.77,73.33,0.0,-0.83,C0E730
造橋,24.637056,120.864778,4.61,21.43,-5.53,80.0,0.0,-1.19,C0E740
苗栗,24.564569,120.824575,5.52,22.7,-12.81,67.67,0.0,-1.14,C0E750
銅鑼,24.489681,120.790853,4.32,21.33,-10.61,72.33,0.0,-1.18,C0E780
西湖,24.562947,120.7485,5.13,21.67,-3.97,81.67,0.0,-0.99,C0E810
獅潭,24.539133,120.920042,4.18,20.57,-8.96,80.67,0.17,-1.1,C0E820
苑裡,24.439714,120.653053,4.06,22.0,-5.95,77.33,0.0,-1.16,C0E830
大河,24.618069,120.948578,2.94,20.23,-10.58,75.67,0.0,-1.9,C0E850
高鐵苗栗,24.60725,120.826094,2.68,21.73,-1.42,85.33,0.0,-2.33,C0E870
石岡,24.276061,120.777644,3.35,22.37,-1.56,80.0,0.0,-1.91,C0F0B0
中坑,24.248517,120.903319,0.22,18.2,-3.5,78.0,0.0,-1.54,C0F0C0
審馬陣,24.381675,121.4203,4.96,10.3,-37.92,30.33,0.0,-1.12,C0F0D0
東勢,24.246428,120.833047,4.22,22.47,-7.19,71.0,0.0,-0.66,C0F850
大坑,24.173142,120.722289,4.64,24.13,-3.28,70.0,0.0,-0.69,C0F970
神岡,24.272481,120.658314,5.08,22.77,-15.72,68.67,0.0,-0.79,C0F9I0
大安,24.345061,120.588025,4.78,22.37,-8.44,77.67,0.0,-0.81,C0F9K0
后里,24.310436,120.729725,5.26,23.03,-16.72,65.67,0.0,-0.78,C0F9L0
豐原,24.254322,120.720692,5.7,24.1,-11.5,66.33,0.0,-1.17,C0F9M0
大里,24.092464,120.701378,3.46,24.1,-1.71,69.0,0.0,-0.29,C0F9N0
潭子,24.213106,120.703933,5.12,24.4,-4.31,71.33,0.0,-0.83,C0F9O0
清水,24.312297,120.562242,4.85,22.7,-4.81,78.0,0.0,-0.61,C0F9P0
外埔,24.347817,120.705686,4.69,22.47,-8.14,74.33,0.0,-0.61,C0F9Q0
龍井,24.184536,120.528972,4.83,23.33,-7.45,74.33,0.0,-0.62,C0F9R0
烏日,24.107058,120.624103,4.78,24.13,-4.72,68.0,0.0,-0.69,C0F9S0
西屯,24.179494,120.641275,5.06,23.9,-8.39,67.33,0.0,-0.76,C0F9T0
南屯,24.137006,120.637969,4.39,24.33,-4.69,66.67,0.0,-0.78,C0F9U0
新社,24.200172,120.815806,4.18,21.97,-17.53,63.0,0.0,-0.61,C0F9V0
大雅(中科園區),24.21528,120.62445,3.94,23.23,-5.18,70.67,0.0,-1.1,C0F9X0
桃山,24.432739,121.303808,7.78,11.63,-37.04,28.33,0.0,-0.78,C0F9Y0
雪山東峰,24.388792,121.268675,7.59,12.1,-38.75,27.0,0.0,-1.09,C0F9Z0
芬園,24.015678,120.6213,2.96,22.07,3.19,81.0,0.0,-0.11,C0G620
員林,23.946503,120.585597,5.9,25.4,-7.03,69.33,0.0,-0.89,C0G650
溪湖,23.94835,120.479122,5.97,25.03,12.06,91.33,0.0,-0.2,C0G660
溪州,23.851589,120.499093,3.91,23.73,-8.15,68.0,0.0,-0.72,C0G720
二林,23.903325,120.376081,3.66,22.83,-1.3,83.0,0.0,-0.4,C0G730
福興,24.041289,120.437669,4.76,23.97,-5.26,73.0,0.0,-0.64,C0G770
秀水,24.03405,120.503869,5.54,24.63,-6.18,74.33,0.0,-0.56,C0G780
埔鹽,24.000394,120.431683,5.78,24.37,-3.69,80.33,0.0,-0.4,C0G800
埔心,23.947633,120.525456,5.79,25.1,-1.82,74.0,0.0,-0.21,C0G810
田尾,23.901669,120.509389,4.62,23.77,-1.0,81.33,0.0,-0.31,C0G820
埤頭,23.866003,120.452806,4.59,23.5,-11.66,76.0,0.0,-0.25,C0G830
社頭,23.897647,120.5862,5.01,25.1,1.75,76.33,0.0,-0.47,C0G860
二水,23.810742,120.6173,5.18,25.07,-10.83,69.67,0.0,-0.22,C0G880
伸港,24.148933,120.484403,4.8,23.17,-6.39,75.67,0.0,-0.56,C0G890
線西,24.143358,120.443536,2.27,22.67,-4.5,79.0,0.0,0.0,C0G900
花壇,24.032076,120.549461,4.43,25.2,-0.58,75.67,0.0,0.0,C0G910
埔里,23.972169,120.952425,1.82,21.2,-0.75,74.0,0.0,-0.22,C0H890
草屯,23.973672,120.68085,3.93,23.73,-7.17,68.0,0.0,-0.19,C0H960
昆陽,24.121322,121.273642,7.45,11.07,-47.53,25.67,0.0,-2.45,C0H990
神木村,23.532742,120.843667,4.19,17.17,-23.05,56.0,0.0,-2.5,C0H9A0
合歡山,24.143442,121.272547,7.12,8.93,-47.5,33.67,0.0,-1.56,C0H9C0
廬山,24.033311,121.181808,4.75,18.23,-28.47,43.33,0.0,-3.59,C0I010
信義,23.689694,120.851036,1.35,20.17,-3.65,71.0,0.0,-0.28,C0I080
竹山,23.761225,120.688156,3.6,22.5,-6.36,76.67,0.0,-1.44,C0I110
水里,23.812553,120.849792,2.74,22.63,-8.23,66.67,0.0,-0.25,C0I360
魚池,23.895703,120.94135,2.25,20.3,-6.97,72.33,0.0,-0.52,C0I370
集集,23.828206,120.801467,2.81,23.1,-7.13,67.67,0.0,-0.25,C0I380
仁愛,24.022122,121.132206,2.45,17.7,-16.82,59.33,0.0,-1.52,C0I390
名間,23.837053,120.701447,2.73,22.67,-3.68,71.67,0.0,-0.32,C0I410
國姓,24.037803,120.855072,1.84,21.63,-2.5,74.0,0.0,-0.18,C0I420
南投,23.911469,120.687331,2.6,23.2,3.6,76.0,0.0,-0.65,C0I460
梅峰,24.085272,121.173572,5.79,14.8,-37.58,41.67,0.0,-1.62,C0I480
萬大林道,23.928228,121.091411,4.68,18.07,-30.72,47.33,0.0,-1.3,C0I490
小奇萊,24.131764,121.295717,5.36,10.07,-47.0,31.0,0.0,-2.5,C0I530
崙背,23.75555,120.318925,2.93,22.5,-2.32,78.33,0.0,-0.72,C0K250
四湖,23.630414,120.227125,4.06,23.07,-0.95,76.0,0.0,-0.58,C0K280
宜梧,23.536281,120.169329,3.94,22.9,-0.58,78.67,0.0,-0.25,C0K291
虎尾,23.719183,120.442036,4.92,23.93,-2.37,73.33,0.0,-0.81,C0K330
土庫,23.679029,120.395574,3.77,23.7,-7.97,69.33,0.0,-0.65,C0K390
斗六,23.720583,120.541127,3.52,23.5,-9.63,68.67,0.0,-0.52,C0K400
北港,23.573957,120.292802,3.61,23.7,-8.1,71.0,0.0,-0.08,C0K410
西螺,23.800407,120.467394,4.02,23.9,-6.82,70.33,0.0,-0.6,C0K420
褒忠,23.690938,120.303634,3.91,23.53,-7.5,72.0,0.0,-0.48,C0K430
二崙,23.772797,120.408944,3.94,23.53,1.22,81.67,0.0,-0.28,C0K440
大埤,23.646074,120.431537,3.71,23.83,-6.77,70.33,0.0,-0.22,C0K450
斗南,23.678734,120.478359,3.78,23.83,-4.95,70.0,0.0,-0.38,C0K460
林內,23.748675,120.609642,3.01,22.87,-5.43,72.67,0.0,-0.35,C0K470
莿桐,23.761192,120.502372,3.95,23.7,-10.33,68.67,0.0,-0.28,C0K480
元長,23.64981,120.315024,3.72,23.6,-2.9,74.0,0.0,-0.4,C0K500
水林,23.572924,120.24597,3.68,23.67,-2.67,74.33,0.0,-0.48,C0K510
臺西,23.701547,120.197559,2.96,22.6,-1.13,78.67,0.0,-0.35,C0K530
蔦松,23.514319,120.229736,3.03,23.1,-1.27,77.33,0.0,-0.22,C0K550
棋山,23.68645,120.603417,3.24,23.33,-3.48,73.67,0.0,-0.18,C0K560
高鐵雲林,23.737456,120.417944,1.63,23.03,-12.75,77.0,0.0,-0.88,C0K580
東後寮,23.369908,120.248065,3.01,23.07,-1.05,77.0,0.0,-0.15,C0M520
奮起湖,23.493903,120.699253,7.28,21.43,-21.68,60.67,0.0,-1.45,C0M530
中埔,23.42538,120.5229,3.62,24.03,-8.15,66.0,0.0,-0.08,C0M640
朴子,23.43463,120.23902,2.63,22.83,0.27,76.67,0.0,-0.08,C0M650
溪口,23.604131,120.403569,3.59,23.57,-6.35,72.0,0.0,0.0,C0M660
大林,23.600616,120.45841,3.58,23.87,-5.05,69.0,0.0,-0.08,C0M670
太保,23.455062,120.331455,3.04,23.57,-5.37,71.33,0.0,-0.02,C0M680
水上,23.419734,120.388909,3.35,23.73,-1.12,74.33,0.0,-0.28,C0M690
竹崎,23.526178,120.555508,3.04,23.27,-3.52,73.67,0.0,-0.2,C0M700
東石,23.458927,120.15385,2.69,22.7,-2.4,77.0,0.0,-0.05,C0M710
番路,23.464657,120.554156,3.48,23.33,-3.7,71.0,0.0,-0.57,C0M720
嘉義市東區,23.457673,120.460531,3.17,24.67,-0.17,69.33,0.0,-0.32,C0M730
六腳,23.492871,120.290625,3.12,23.33,-2.97,73.33,0.0,-0.02,C0M740
布袋,23.380878,120.167789,3.07,23.2,-3.27,76.33,0.0,-0.18,C0M750
民雄,23.551754,120.428457,3.48,23.93,-6.15,70.0,0.0,0.0,C0M760
嘉義梅山,23.585398,120.555587,3.5,23.67,-2.63,72.67,0.0,-0.3,C0M770
鹿草,23.41134,120.30835,3.46,24.03,-1.9,72.0,0.0,0.0,C0M780
新港,23.553269,120.345728,3.43,23.83,-4.1,71.0,0.0,-0.02,C0M790
茶山,23.299075,120.664767,1.73,21.67,-1.77,71.33,0.0,-0.28,C0M800
里佳,23.389125,120.716647,3.67,18.37,-17.62,60.33,0.0,-0.3,C0M810
達邦,23.453994,120.749517,2.56,19.17,-11.35,60.0,0.0,-1.5,C0M820
表湖,23.24186,120.64166,0.12,20.6,-4.0,72.0,0.0,-0.79,C0M850
北寮,23.079561,120.495008,2.63,23.67,5.49,82.67,0.0,0.0,C0O830
王爺宮,23.222064,120.40085,5.79,25.97,-10.31,69.33,0.0,-0.11,C0O840
大內,23.11885,120.36083,3.78,24.97,1.89,80.0,0.0,0.0,C0O860
善化,23.112883,120.297219,3.57,23.63,4.19,84.33,0.0,-0.16,C0O900
崎頂,22.959547,120.369317,3.24,24.03,2.04,79.0,0.0,0.0,C0O960
虎頭埤,23.021375,120.347878,2.75,23.5,-1.95,77.33,0.0,0.0,C0O970
新市,23.061614,120.298197,3.17,24.37,-0.71,77.0,0.17,0.15,C0O980
媽廟,22.99175,120.293525,2.36,23.6,11.14,87.0,0.0,0.0,C0O990
尾寮山,22.833111,120.683889,2.45,18.87,-18.65,67.67,0.0,-0.6,C0R100
阿禮,22.742908,120.743678,3.49,20.6,-13.58,64.67,0.0,-0.18,C0R130
瑪家,22.682903,120.686639,2.04,20.37,5.92,86.67,0.0,-0.18,C0R140
三地門,22.709889,120.639944,3.1,25.1,-20.94,48.67,0.0,-0.24,C0R150
鹽埔,22.739558,120.530778,2.28,24.33,-2.5,78.0,0.0,-0.05,C0R160
赤山,22.592333,120.614306,1.92,23.93,3.63,81.67,0.0,-0.07,C0R190
潮州,22.534361,120.54,2.98,24.83,-3.31,74.0,0.0,-0.14,C0R220
來義,22.527306,120.625111,1.59,23.3,2.31,79.67,0.0,-0.02,C0R240
春日,22.370361,120.628306,0.28,22.8,4.96,78.0,0.0,0.0,C0R260
琉球嶼,22.332244,120.362236,2.55,24.87,0.12,76.33,0.0,-0.11,C0R270
車城,22.0744,120.716247,2.44,25.67,2.08,78.33,0.0,0.0,C0R320
牡丹,22.130036,120.792639,2.52,23.27,6.17,93.67,0.33,-1.29,C0R341
貓鼻頭,21.921774,120.7358,3.26,25.57,0.0,81.0,0.0,-0.48,C0R350
大漢山,22.405264,120.753181,2.18,14.33,1.5,97.0,1.33,-0.42,C0R440
高樹,22.826389,120.600806,2.15,24.6,-8.42,67.0,0.0,-0.04,C0R470
長治,22.693128,120.542622,2.69,25.2,-3.0,72.0,0.0,-0.02,C0R480
九如,22.7405,120.490503,2.42,24.87,-6.42,72.33,0.0,0.0,C0R490
崁頂,22.514781,120.506914,1.88,24.1,-3.75,77.0,0.0,0.0,C0R520
佳冬,22.419456,120.552375,2.04,24.27,-0.07,78.0,0.0,0.0,C0R540
新埤,22.467947,120.582894,1.84,24.1,-6.12,72.67,0.0,-0.02,C0R550
新園,22.5434,120.461558,3.05,25.43,-4.44,71.67,0.0,-0.02,C0R560
麟洛,22.65078,120.52719,2.99,25.63,2.21,76.0,0.0,0.0,C0R570
南州,22.48591,120.50274,1.82,24.0,2.18,80.0,0.0,0.0,C0R580
里港,22.77919,120.49459,1.71,24.0,3.35,77.67,0.0,0.0,C0R590
舊泰武,22.588194,120.664944,3.02,21.3,-10.24,76.33,0.0,-0.43,C0R600
墾雷,21.900836,120.855269,2.21,25.07,13.61,90.67,0.0,-0.55,C0R620
東港,22.46247,120.44074,1.09,24.67,0.83,79.33,0.0,0.0,C0R640
竹田,22.58486,120.54344,0.87,24.37,-8.0,74.0,0.0,0.0,C0R650
枋寮,22.367722,120.590647,1.09,24.27,2.58,82.33,0.0,0.0,C0R660
楓港,22.190131,120.692156,2.17,25.67,-2.75,68.0,0.0,0.0,C0R670
佳樂水,21.993578,120.861633,2.18,25.3,3.5,84.0,0.17,-4.58,C0R680
墾丁,21.966756,120.810269,2.66,23.43,0.92,89.67,0.33,-2.67,C0R690
枋山,22.246844,120.661086,2.74,26.37,-0.5,69.0,0.0,0.0,C0R700
旭海,22.205403,120.887614,1.98,23.13,13.33,99.33,0.0,-3.5,C0R720
太麻里,22.60902,120.98533,4.23,21.6,-3.17,87.33,1.0,-0.89,C0S690
知本,22.684866,121.005642,3.7,20.87,-2.17,90.33,0.0,-1.79,C0S700
鹿野,22.917711,121.122994,4.22,21.63,-3.58,85.67,0.0,-1.05,C0S710
綠島,22.6672,121.47533,3.93,24.4,8.92,96.67,2.0,-0.74,C0S730
池上,23.119628,121.209469,4.22,22.33,-5.0,82.0,0.0,-0.49,C0S740
大溪山,22.478475,120.943325,3.39,21.57,0.25,91.0,5.0,2.51,C0S770
金崙,22.538122,120.966875,3.65,23.63,-0.24,82.33,2.0,0.28,C0S790
東河,22.972672,121.303986,2.51,23.73,4.0,87.0,1.0,0.33,C0S810
長濱,23.286817,121.411975,3.77,22.7,-1.83,85.67,0.33,-0.56,C0S830
南田,22.279725,120.889208,2.85,24.63,15.67,98.67,2.0,0.04,C0S840
關山,23.0395,121.175017,3.33,22.67,0.58,85.33,0.0,-0.32,C0S890
蘭嶼高中,22.04909,121.51214,1.4,25.07,7.75,85.0,0.0,-9.75,C0S900
蘭嶼燈塔,22.081197,121.503117,2.4,24.43,-4.12,86.0,0.0,-5.0,C0S910
金峰嘉蘭,22.594789,120.960825,2.23,23.53,-1.92,81.33,0.0,-1.88,C0S920
延平,22.902581,121.084058,1.72,22.17,-1.42,79.33,0.0,-1.0,C0S930
石寧山,23.223772,121.406639,3.06,23.33,0.5,88.0,0.33,-1.67,C0S940
香蘭,22.587569,120.993375,2.39,24.57,5.0,82.0,0.33,-0.67,C0S960
加津林,22.416211,120.926942,2.2,24.5,2.25,81.0,2.0,-0.5,C0S970
勝林山,22.430439,120.8938,1.83,18.3,-0.83,95.67,8.67,2.92,C0S980
山豬窟,22.318619,120.857372,2.5,22.1,-2.67,87.33,1.33,-0.42,C0S990
歷坵,22.520969,120.89185,3.09,21.57,-6.67,87.33,0.33,-2.04,C0SA00
檳榔四格山,22.810031,121.109308,2.28,21.8,0.67,86.67,0.0,-1.0,C0SA10
金崙山,22.567419,120.959667,3.16,19.03,-5.42,92.33,4.0,-2.0,C0SA20
都歷,23.020333,121.323642,3.25,24.1,17.58,99.33,2.0,0.12,C0SA30
瑞和,22.974361,121.156697,1.85,22.1,9.67,93.67,0.0,-8.0,C0SA40
土坂,22.453108,120.887572,2.36,23.13,-0.42,86.33,1.67,0.08,C0SA80
大禹嶺,24.186117,121.316086,7.43,13.8,-39.22,29.33,0.0,-4.37,C0T790
天祥,24.179597,121.495639,4.08,19.97,-0.76,80.33,0.0,-1.98,C0T820
鯉魚潭,23.935639,121.508944,3.12,20.73,-1.7,89.67,0.0,-2.85,C0T870
西林,23.8119,121.441458,4.01,22.23,3.62,86.0,0.0,-0.99,C0T900
光復,23.660694,121.424964,4.4,22.8,-4.0,85.0,0.0,-2.59,C0T960
月眉山,23.809928,121.539828,4.58,20.7,-1.18,93.0,0.0,-2.41,C0T9A0
水源,23.991861,121.537169,4.61,20.17,-4.27,89.0,0.5,-5.32,C0T9B0
和中,24.26676,121.74103,4.2,23.4,11.15,99.33,0.67,-2.56,C0T9D0
大坑,23.880628,121.581981,4.91,21.33,-0.94,91.33,0.33,-3.51,C0T9E0
水璉,23.797131,121.542514,3.97,22.4,3.0,88.0,0.0,-2.09,C0T9F0
鳳林山,23.735269,121.420131,3.74,20.3,-5.73,88.0,0.0,-3.62,C0T9G0
加路蘭山,23.682947,121.5274,5.03,20.07,2.67,97.67,0.0,-5.49,C0T9H0
靜浦,23.455167,121.495028,4.15,23.13,-0.58,90.67,0.33,-2.94,C0T9M0
雙連埤,24.753033,121.641303,5.11,18.9,-10.81,86.33,0.0,-3.05,C0U520
礁溪,24.817539,121.765608,5.04,22.8,-0.1,81.33,0.0,-2.82,C0U600
玉蘭,24.675286,121.587061,5.64,21.03,-11.45,77.0,0.0,-5.04,C0U650
太平山,24.505486,121.525656,7.3,15.73,-30.48,59.67,0.0,-3.01,C0U710
南山,24.43742,121.38167,3.86,17.23,-23.43,73.0,0.0,-2.0,C0U720
東澳,24.52196,121.83318,5.01,23.07,8.24,98.67,1.0,-3.81,C0U760
南澳,24.44935,121.81022,3.17,22.57,8.06,89.33,1.0,-1.83,C0U770
五結,24.68637,121.79794,4.73,22.87,-4.33,80.67,0.0,-1.91,C0U780
頭城,24.85323,121.8308,1.48,22.03,5.64,90.0,0.0,-2.0,C0U860
大礁溪,24.791042,121.675047,3.04,20.87,-4.52,84.67,0.0,-3.05,C0U870
三星,24.66812,121.65302,2.6,22.47,2.3,91.67,0.0,-0.36,C0U890
內城,24.71813,121.68766,2.71,22.8,-7.7,80.67,0.0,-0.32,C0U900
冬山,24.63373,121.7937,3.06,23.17,11.55,96.0,0.0,-0.77,C0U910
羅東,24.68184,121.74934,3.16,23.33,-6.27,80.0,0.0,-0.41,C0U940
鶯子嶺,24.89754,121.79244,3.52,17.5,-14.91,84.0,1.33,-5.71,C0U950
翠峰湖,24.510856,121.608044,2.07,12.4,-5.7,86.67,0.0,-0.82,C0U960
大福,24.80064,121.81389,1.88,22.0,2.11,85.0,0.0,-1.21,C0U970
坪林石牌,24.86478,121.77396,3.02,19.6,-5.29,92.33,0.0,-3.83,C0U980
員山,24.74435,121.72247,2.32,22.7,-1.17,82.33,0.0,-0.67,C0U990
土場,24.576533,121.495333,2.05,20.73,-8.33,77.67,0.0,-0.41,C0UA00
鴛鴦湖,24.590269,121.412228,2.89,14.4,-8.36,82.0,0.0,-1.18,C0UA10
白嶺,24.527819,121.519031,3.11,16.43,-8.73,85.0,0.0,-2.59,C0UA30
西德山,24.560647,121.752608,2.63,16.97,-2.58,94.33,0.0,-3.23,C0UA40
西帽山,24.555361,121.802628,2.89,18.47,-8.67,89.33,0.33,-13.62,C0UA50
樟樹山,24.41393,121.78325,1.91,19.53,6.55,99.0,0.17,-9.7,C0UA60
桃源谷,24.962606,121.888875,3.31,19.77,-0.58,95.67,0.0,-6.73,C0UA70
復興,23.222403,120.806089,1.86,20.73,-8.17,61.33,0.0,-1.23,C0V210
溪埔,22.738578,120.446797,2.15,23.97,2.2,77.67,0.0,-0.02,C0V350
內門,22.975481,120.466769,2.32,23.33,1.55,76.33,0.0,0.0,C0V360
古亭坑,22.893178,120.401947,2.29,22.83,2.58,79.33,0.0,-0.09,C0V370
阿公店,22.804194,120.355528,2.62,23.27,-0.38,77.33,0.0,0.0,C0V400
鳳山,22.646653,120.356122,1.85,24.07,9.87,81.33,0.0,-0.02,C0V440
鳳森,22.545064,120.392592,2.1,24.2,2.55,76.33,0.0,0.0,C0V450
新興,22.627422,120.298803,3.23,25.4,-0.85,70.33,0.0,-0.01,C0V490
梓官,22.760558,120.267211,2.52,24.23,0.42,74.67,0.0,-0.02,C0V610
永安,22.82315,120.236856,2.39,23.73,-0.68,76.0,0.0,-0.04,C0V620
茄萣,22.906642,120.182608,3.09,24.17,5.68,78.0,0.0,0.0,C0V630
湖內,22.887139,120.2445,2.02,23.3,-0.88,75.33,0.0,0.0,C0V640
彌陀,22.783806,120.246361,2.82,24.43,0.1,75.67,0.0,-0.02,C0V650
岡山,22.797078,120.294958,2.94,25.03,0.62,72.33,0.0,0.0,C0V660
仁武,22.701083,120.347722,3.1,25.4,-1.64,71.0,0.0,0.0,C0V680
鼓山,22.623325,120.275575,2.46,24.67,1.3,75.33,0.0,-0.04,C0V690
三民,22.645017,120.311233,2.56,25.27,2.57,71.0,0.0,-0.07,C0V700
苓雅,22.622742,120.330669,4.73,27.2,-0.31,67.33,0.0,0.0,C0V710
林園,22.507747,120.394511,2.09,25.33,7.67,76.67,0.0,0.0,C0V720
大寮,22.605614,120.395717,2.01,24.6,6.94,77.33,0.0,0.0,C0V730
旗山,22.888614,120.483597,2.43,24.47,1.65,73.33,0.0,0.0,C0V740
路竹,22.854997,120.259439,3.14,25.13,-1.45,72.33,0.0,0.0,C0V750
橋頭,22.757806,120.30575,2.58,24.83,-2.25,71.67,0.0,-0.02,C0V760
大社,22.730306,120.346639,2.25,24.4,4.35,75.67,0.0,0.0,C0V770
萬山,22.905944,120.688056,2.19,23.03,-4.2,66.33,0.0,-0.02,C0V790
六龜,22.997889,120.633583,1.97,23.47,1.9,73.33,0.0,-0.64,C0V800
左營,22.67491,120.28491,2.4,24.37,-7.98,73.33,0.0,-0.05,C0V810
小林,23.148408,120.63325,1.11,22.43,-1.92,70.33,0.0,0.0,C0V820
東莒,25.9652,119.98069,3.68,16.2,5.85,90.67,0.33,-3.12,C0W110
西嶼,23.5626,119.468436,2.64,22.07,1.56,85.33,0.0,0.0,C0W120
花嶼,23.40007,119.32276,2.09,22.43,7.77,87.33,0.0,0.0,C0W130
金寧,24.457703,118.328989,5.28,21.23,5.54,84.0,0.0,-0.69,C0W150
下營,23.22695,120.256261,2.13,22.57,0.57,77.67,0.0,-0.08,C0X060
佳里,23.173039,120.145086,2.98,22.77,4.43,81.33,0.0,-0.15,C0X080
臺南市北區,23.010394,120.194228,3.56,24.87,5.49,78.67,0.0,-0.12,C0X100
臺南市南區,22.961189,120.188378,2.85,24.53,2.51,75.33,0.0,0.0,C0X110
麻豆,23.183289,120.248611,3.87,24.8,-0.43,79.0,0.0,-0.04,C0X120
官田,23.193217,120.315422,3.23,24.3,5.65,82.33,0.0,-0.05,C0X130
西港,23.125608,120.203108,2.6,23.5,1.38,79.67,0.0,-0.14,C0X140
安定,23.102614,120.227839,3.37,24.03,0.42,80.67,0.0,-0.11,C0X150
仁德,22.968258,120.257689,3.05,24.57,5.38,78.67,0.0,0.0,C0X160
關廟,22.963017,120.327797,1.74,23.1,5.95,79.67,0.0,0.0,C0X170
山上,23.0757,120.363253,2.88,23.8,0.85,78.67,0.0,-0.02,C0X180
安平,22.993161,120.152181,3.31,24.4,-4.55,72.67,0.0,-0.2,C0X190
左鎮,23.056758,120.408522,3.05,23.6,0.4,79.33,0.0,0.0,C0X200
白河,23.347466,120.414427,3.07,23.77,-3.97,72.33,0.0,0.0,C0X210
學甲,23.230367,120.182187,3.19,23.47,0.37,76.67,0.0,-0.28,C0X220
鹽水,23.272621,120.247641,2.92,22.83,-1.11,78.0,0.0,0.0,C0X230
關子嶺,23.331169,120.508025,2.62,21.63,2.88,81.33,0.0,-0.12,C0X240
新營,23.310689,120.316681,2.73,24.07,-0.98,73.67,0.0,-0.08,C0X250
後壁,23.366358,120.362326,3.41,23.87,-5.35,72.0,0.0,-0.05,C0X260
將軍,23.214999,120.13577,2.91,23.17,-5.6,74.0,0.0,-0.15,C0X280
北門,23.267772,120.125481,2.71,22.97,-1.8,77.0,0.0,-0.22,C0X290
鹿寮,23.386047,120.477331,5.58,25.77,2.2,81.0,0.0,-0.02,C0X300
柳營,23.253328,120.375253,1.53,23.63,0.42,74.67,0.0,0.0,C0X320
明里,23.208717,121.262342,4.36,22.7,-6.12,83.33,0.0,-0.16,C0Z020
佳心,23.34567,121.21316,4.15,18.73,6.91,93.0,0.17,-0.93,C0Z050
玉里,23.3215,121.339656,4.5,23.5,-1.82,84.0,0.0,-0.7,C0Z061
舞鶴,23.46811,121.37407,5.1,22.67,7.21,97.67,0.0,-1.29,C0Z070
富源,23.587642,121.378225,4.44,22.4,-5.12,85.33,0.0,-2.3,C0Z080
東華,23.89525,121.549833,4.17,23.2,-0.55,87.0,0.0,-1.19,C0Z100
吉安光華,23.930925,121.595153,1.74,22.93,-9.25,77.67,0.0,-1.19,C0Z150
鳳林,23.746114,121.453411,1.63,22.47,-5.03,80.33,0.0,-1.14,C0Z160
卓溪,23.3443,121.3029,0.95,22.43,-2.67,79.33,0.0,-0.32,C0Z170
新城,24.03946,121.60454,1.49,22.93,10.79,92.33,0.17,-1.92,C0Z180
富世,24.14743,121.6297,1.08,22.63,2.21,85.67,3.0,0.18,C0Z190
萬榮,23.709219,121.420106,1.86,22.3,-9.88,80.67,0.0,-1.32,C0Z200
瑞穗,23.5239,121.39021,2.4,23.03,-2.33,85.0,0.0,-3.94,C0Z210
和平林道,24.343922,121.656317,1.7,19.53,-3.85,85.33,0.0,-0.68,C0Z220
和平,24.30717,121.77007,1.48,22.67,4.43,80.0,0.0,-9.23,C0Z230
瑞穗林道,23.49284,121.30688,3.63,19.37,-5.42,90.33,0.0,-5.94,C0Z250
蕃薯寮,23.73835,121.540108,1.94,21.2,-1.73,90.0,0.33,-2.76,C0Z270
德武,23.47426,121.41071,1.61,22.37,-4.7,85.67,0.0,-1.05,C0Z280
赤柯山,23.36893,121.38293,1.44,18.07,1.3,95.67,0.5,-0.86,C0Z290
東里,23.26853,121.30547,2.18,23.4,-9.85,78.33,0.0,-1.09,C0Z300
清水斷崖,24.218294,121.689142,1.52,23.0,-3.61,81.67,0.33,-3.03,C0Z310
清水林道,23.27125,121.188272,2.42,19.67,-13.0,76.0,0.0,-3.0,C0Z320
安通山,23.290728,121.348528,2.73,21.03,-3.71,86.0,0.0,-2.71,C0Z330
口湖工作站,23.589978,120.180394,2.07,22.7,-5.25,70.5,0.0,-1.23,12J990
東港工作站,22.479997,120.466058,0.75,24.3,-1.88,65.0,0.0,0.0,12Q970
恆春工作站,22.079678,120.714425,1.88,25.45,3.62,72.5,0.0,0.0,12Q980
萬大發電廠,23.978875,121.139639,0.45,17.65,-8.88,69.5,0.0,-0.4,42HA10
桃改樹林分場,24.944503,121.386972,3.45,21.9,-4.25,74.0,0.0,-0.5,72AI40
桃園農改場,24.950944,121.030583,5.02,21.45,-1.47,82.5,0.0,-2.84,72C440
桃改五峰分場,24.612194,121.157167,4.5,17.5,-6.79,80.5,0.0,-4.16,72D080
臺中農改場,24.003028,120.534389,4.25,22.85,1.8,80.0,0.0,-0.97,72G600
中改埔里分場,23.903208,120.963364,0.41,19.1,-2.5,79.0,0.0,-1.12,72HA00
南改斗南分場,23.634556,120.477333,3.94,23.0,-2.75,76.5,0.0,-0.79,72K220
南改義竹分場,23.360694,120.279361,3.22,22.45,-3.67,76.5,0.0,-0.19,72M360
南改鹿草分場,23.416869,120.283061,3.19,24.0,-7.43,73.0,0.0,0.0,72M700
臺南農改場,23.0605,120.342194,1.55,22.65,3.1,81.0,0.0,0.0,72N100
七股研究中心,23.081672,120.062894,1.99,23.65,-3.25,77.5,0.0,-1.0,72N240
高雄農改場,22.709333,120.525889,1.98,23.95,0.18,77.0,0.0,-0.14,72Q010
東改班鳩分場,22.829528,121.077694,2.82,21.4,5.19,86.0,2.0,1.21,72S200
東改賓朗果園,22.813889,121.071278,2.0,21.0,0.28,90.5,1.5,0.51,72S590
花蓮農改場,23.975222,121.563889,3.6,22.55,-0.74,81.0,0.0,-2.14,72T250
花改蘭陽分場,24.686306,121.716583,5.12,23.0,-5.36,76.5,0.0,-2.65,72U480
高改旗南分場,22.857861,120.516667,1.16,23.1,6.84,77.5,0.0,-0.06,72V140
茶改北部分場,24.955778,121.631222,6.31,20.7,-4.72,81.0,0.0,-5.59,82A750
茶改場,24.908472,121.185333,5.67,21.6,-9.86,74.0,0.0,-4.55,82C160
茶改中部分場,23.875611,120.913583,1.88,19.0,-6.63,76.0,0.0,-1.86,82H320
茶改南部分場,23.762528,120.7405,3.17,21.0,-13.89,73.5,0.0,-1.74,82H840
茶改東部分場,22.907694,121.130139,2.66,22.05,0.89,83.0,0.0,-0.8,82S580
農工中心,24.985917,121.239833,5.56,22.0,-5.7,74.0,0.0,-5.52,A2C560
水試臺西試驗場,23.717231,120.190522,3.98,22.85,-0.08,80.5,0.0,-0.17,A2K360
臺大雲林校區,23.730628,120.423903,2.12,22.55,-1.5,76.0,0.0,0.0,A2K630
臺南蘭花園區,23.340258,120.379661,0.97,22.7,4.0,78.5,0.0,0.0,A2N290
畜試北區分所,24.527806,120.770972,2.46,21.1,-7.83,80.5,0.0,-2.62,B2E890
畜產試驗所,23.058972,120.336406,2.77,22.65,2.6,80.5,0.0,-0.12,B2N890
畜試南區分所,21.945583,120.802167,2.47,24.85,1.88,77.5,0.0,-0.78,B2Q810
畜試東區分所,24.669039,121.832561,4.22,22.4,4.75,89.5,0.0,-0.12,B2U990
蓮華池,23.918333,120.885278,1.36,18.95,-4.52,80.0,0.0,-2.39,E2H360
林試畢祿溪站,24.226944,121.308522,1.35,10.95,-25.25,49.5,0.0,-0.12,E2HA20
四湖植物園,23.676986,120.163433,0.76,21.5,8.62,91.5,0.0,-0.69,E2K600
林試六龜中心,22.991703,120.645722,0.07,22.25,0.5,74.0,0.0,-0.12,E2P980
林試太麻里2,22.598,120.99775,1.98,24.0,-2.0,76.0,0.0,-0.88,E2S960
林試太麻里1,22.598922,120.980044,2.57,23.8,-2.5,77.0,0.25,-1.0,E2S980
農試所(霧峰),24.031261,120.688133,4.21,23.5,3.11,81.0,0.0,-1.2,G2F820
農試嘉義分所,23.485028,120.473806,3.1,22.65,-3.21,75.0,0.0,-0.07,G2L020
農試鳳山分所,22.646611,120.356083,1.9,23.95,-89.33,73.0,0.0,-0.08,G2P820
苗栗農改場,24.495722,120.829111,4.38,21.2,-3.64,78.5,0.0,-1.64,K2E360
苗改生物防治研究中心,24.422861,120.871833,0.25,19.45,-5.7,79.0,0.0,-2.73,K2E710
種苗改良場,24.225972,120.800917,3.43,20.2,-1.14,77.0,0.0,-2.07,K2F750
溪頭,23.670306,120.798194,1.71,15.55,-5.28,82.5,0.0,-2.02,U2H480
臺大和社,23.590856,120.888864,0.6,18.85,-1.38,72.0,0.0,-0.25,U2HA30
臺大內茅埔,23.689722,120.851117,0.15,20.0,-2.75,71.5,0.0,-0.44,U2HA40
臺大竹山,23.756972,120.681556,1.33,22.7,-12.92,70.0,0.0,-1.12,U2HA50
臺大竹山,23.756972,120.681556,1.33,22.7,-12.92,70.0,0.0,-1.12,U2HA50
臺大內茅埔,23.689722,120.851117,0.15,20.0,-2.75,71.5,0.0,-0.44,U2HA40
臺大和社,23.590856,120.888864,0.6,18.85,-1.38,72.0,0.0,-0.25,U2HA30
臺大溪頭,23.670306,120.798194,1.71,15.55,-5.28,82.5,0.0,-2.02,U2H480
種苗繁殖,24.225972,120.800917,3.43,20.2,-1.14,77.0,0.0,-2.07,K2F750
苗改生物防治研究中心,24.422861,120.871833,0.25,19.45,-5.7,79.0,0.0,-2.73,K2E710
苗栗農改,24.495722,120.829111,4.38,21.2,-3.64,78.5,0.0,-1.64,K2E360
農試鳳山分所,22.646611,120.356083,1.9,23.95,-89.33,73.0,0.0,-0.08,G2P820
農試嘉義分所,23.485028,120.473806,3.1,22.65,-3.21,75.0,0.0,-0.07,G2L020
農業試驗所,24.031261,120.688133,4.21,23.5,3.11,81.0,0.0,-1.2,G2F820
林試太麻里1,22.598922,120.980044,2.57,23.8,-2.5,77.0,0.25,-1.0,E2S980
林試太麻里2,22.598014,120.989761,1.98,24.0,-2.0,76.0,0.0,-0.88,E2S960
林試六龜中心,22.991703,120.645722,0.07,22.25,0.5,74.0,0.0,-0.12,E2P980
四湖植物園,23.676986,120.163433,0.76,21.5,8.62,91.5,0.0,-0.69,E2K600
林試畢祿溪站,24.226944,121.308522,1.35,10.95,-25.25,49.5,0.0,-0.12,E2HA20
蓮華池,23.918333,120.885278,1.36,18.95,-4.52,80.0,0.0,-2.39,E2H360
畜試東區分所,24.669039,121.832561,4.22,22.4,4.75,89.5,0.0,-0.12,B2U990
畜試南區分所,21.945583,120.802167,2.47,24.85,1.88,77.5,0.0,-0.78,B2Q810
畜試所,23.058972,120.336406,2.77,22.65,2.6,80.5,0.0,-0.12,B2N890
畜試北區分所,24.527806,120.770972,2.46,21.1,-7.83,80.5,0.0,-2.62,B2E890
臺南蘭花園區,23.340258,120.379661,0.97,22.7,4.0,78.5,0.0,0.0,A2N290
臺大雲林校區,23.730628,120.423903,2.12,22.55,-1.5,76.0,0.0,0.0,A2K630
水試臺西試驗場,23.717231,120.190522,3.98,22.85,-0.08,80.5,0.0,-0.17,A2K360
農工中心,24.985917,121.239833,5.56,22.0,-5.7,74.0,0.0,-5.52,A2C560
茶改東部分場,22.907694,121.130139,2.66,22.05,0.89,83.0,0.0,-0.8,82S580
茶改南部分場,23.762528,120.7405,3.17,21.0,-13.89,73.5,0.0,-1.74,82H840
茶改中部分場,23.875611,120.913583,1.88,19.0,-6.63,76.0,0.0,-1.86,82H320
茶改場,24.908472,121.185333,5.67,21.6,-9.86,74.0,0.0,-4.55,82C160
茶改北部分場,24.955778,121.631222,6.31,20.7,-4.72,81.0,0.0,-5.59,82A750
高改旗南分場,22.857861,120.516667,1.16,23.1,6.84,77.5,0.0,-0.06,72V140
花改蘭陽分場,24.686306,121.716583,5.12,23.0,-5.36,76.5,0.0,-2.65,72U480
花蓮農改,23.975222,121.563889,3.6,22.55,-0.74,81.0,0.0,-2.14,72T250
東改賓朗果園,22.813889,121.071278,2.0,21.0,0.28,90.5,1.5,0.51,72S590
東改班鳩分場,22.829528,121.077694,2.82,21.4,5.19,86.0,2.0,1.21,72S200
高雄農改,22.709333,120.525889,1.98,23.95,0.18,77.0,0.0,-0.14,72Q010
七股研究中心,23.081672,120.062894,1.99,23.65,-3.25,77.5,0.0,-1.0,72N240
臺南農改,23.0605,120.342194,1.55,22.65,3.1,81.0,0.0,0.0,72N100
南改鹿草分場,23.416869,120.283061,3.19,24.0,-7.43,73.0,0.0,0.0,72M700
南改義竹分場,23.360694,120.279361,3.22,22.45,-3.67,76.5,0.0,-0.19,72M360
南改斗南分場,23.634556,120.477333,3.94,23.0,-2.75,76.5,0.0,-0.79,72K220
中改埔里分場,23.903208,120.963364,0.41,19.1,-2.5,79.0,0.0,-1.12,72HA00
臺中農改,24.003028,120.534389,4.25,22.85,1.8,80.0,0.0,-0.97,72G600
桃改五峰分場,24.612194,121.157167,4.5,17.5,-6.79,80.5,0.0,-4.16,72D080
桃園農改,24.950944,121.030583,5.02,21.45,-1.47,82.5,0.0,-2.84,72C440
桃改樹林分場,24.944503,121.386972,3.45,21.9,-4.25,74.0,0.0,-0.5,72AI40
萬大發電廠,23.978875,121.139639,0.45,17.65,-8.88,69.5,0.0,-0.4,42HA10
恆春工作站,22.079678,120.714425,1.88,25.45,3.62,72.5,0.0,0.0,12Q980
東港工作站,22.479997,120.466058,0.75,24.3,-1.88,65.0,0.0,0.0,12Q970
口湖工作站,23.589978,120.180394,2.07,22.7,-5.25,70.5,0.0,-1.23,12J990
