站名,緯度,經度,平均溫距平,本年度平均溫,平均溼度距平,本年度日均相對溼度,本年度日均降水量,日均降水量距平,站號
淡水,25.164889,121.448906,3.08,19.8,1.98,85.0,0.0,-5.0,466900
鞍部,25.182586,121.529731,4.17,16.4,-2.47,89.0,0.0,-9.12,466910
臺北,25.037658,121.514853,4.63,22.6,-5.31,73.0,0.0,-4.6,466920
竹子湖,25.162078,121.544547,4.67,18.5,-3.85,84.0,0.0,-6.14,466930
花蓮,23.975128,121.613275,2.6,22.3,4.07,82.0,0.5,-2.15,466990
新屋,25.006744,121.047486,3.3,20.2,-1.56,82.0,0.0,-1.24,467050
臺南,22.993239,120.204772,3.27,23.8,-7.52,66.0,0.0,-0.11,467410
永康,23.038386,120.2367,3.38,23.5,-3.33,69.0,0.0,-0.09,467420
阿里山,23.508208,120.813242,4.12,12.7,-46.28,36.0,0.0,-2.7,467530
玉山,23.487614,120.959522,7.34,8.3,-13.58,56.0,0.0,-1.75,467550
恆春,22.003897,120.746339,2.28,25.0,0.34,73.0,0.09,-0.21,467590
日月潭,23.881325,120.90805,1.95,18.2,-2.98,76.0,0.0,-2.38,467650
馬祖,26.169269,119.923419,4.44,15.3,5.81,90.0,0.0,-3.07,467990
山佳,24.974944,121.402008,4.56,22.3,-5.88,75.0,0.0,-3.97,C0A520
坪林,24.938183,121.70975,4.82,20.3,-13.82,78.0,0.0,-3.79,C0A530
泰平,24.971197,121.823711,4.22,18.6,-2.18,92.0,0.0,-8.06,C0A550
桶後,24.848222,121.597992,3.69,18.7,-3.97,90.0,0.0,-5.35,C0A570
石碇,24.993969,121.662917,5.26,21.2,-9.39,80.0,0.0,-1.62,C0A640
大坪,25.165914,121.632969,6.14,20.9,-9.48,83.0,0.0,-20.38,C0A860
五指山,25.132153,121.608692,7.17,20.2,-8.73,85.0,0.0,-8.68,C0A870
雙溪,25.036003,121.864242,4.84,21.3,-7.45,84.0,0.0,-6.07,C0A890
三和,25.233153,121.595236,3.9,19.5,1.78,88.0,0.0,-3.94,C0A931
金山,25.223628,121.643967,3.54,20.1,-4.24,82.0,0.0,-7.1,C0A940
鼻頭角,25.129036,121.923372,4.82,22.2,2.97,89.0,0.0,-1.07,C0A950
三貂角,25.007606,122.002058,4.42,21.5,-4.88,88.0,0.0,-4.56,C0A970
社子,25.109508,121.469681,4.02,21.6,2.64,83.0,0.0,-3.39,C0A980
天母,25.117494,121.537169,4.11,22.0,-3.03,73.0,0.0,-3.06,C0A9C0
內湖,25.079422,121.57545,4.91,22.8,8.15,89.0,0.0,-3.39,C0A9F0
大屯山,25.175675,121.522408,7.22,17.8,-2.48,93.0,0.0,-2.58,C0AC40
三峽,24.939025,121.369728,5.19,22.9,-6.06,76.0,0.0,-1.17,C0AC60
信義,25.037822,121.564597,6.34,24.0,-5.76,76.0,0.0,-0.94,C0AC70
文山,25.00235,121.575728,3.2,20.7,-3.33,80.0,0.0,-1.18,C0AC80
新莊,25.051478,121.446756,4.38,22.4,-3.33,73.0,0.0,-1.12,C0ACA0
八里,25.150211,121.403947,4.19,21.1,9.06,93.0,0.0,-1.21,C0AD10
蘆洲,25.086594,121.472331,4.73,22.8,-5.21,73.0,0.0,-0.92,C0AD30
土城,24.973208,121.445169,3.92,21.5,-2.55,79.0,0.0,-1.05,C0AD40
鶯歌,24.951533,121.346294,6.69,24.1,-11.27,73.0,0.0,-1.08,C0AD50
汐止,25.066881,121.658778,4.47,21.5,-7.26,79.0,0.0,-2.11,C0AH00
永和,25.01125,121.508111,5.67,23.7,-4.67,72.0,0.0,-1.4,C0AH10
五分山,25.07125,121.780794,4.51,18.0,-2.33,90.0,0.0,-3.43,C0AH30
平等,25.129142,121.577086,4.17,20.7,-9.17,77.0,0.0,-1.0,C0AH40
林口,25.072181,121.38084,4.65,21.7,-8.5,77.0,0.0,-1.88,C0AH50
松山,25.04871,121.55042,2.83,23.1,-4.22,70.0,0.0,-1.56,C0AH70
深坑,25.002703,121.628328,4.03,23.3,-9.56,81.0,0.0,-1.28,C0AH80
福山植物園,24.760717,121.58135,0.93,16.7,-0.25,92.0,0.0,-3.0,C0AH90
五股,25.07445,121.42728,2.97,21.3,-11.17,77.0,0.0,-2.92,C0AI00
屈尺,24.92184,121.54475,3.23,21.8,-14.0,74.0,0.0,-1.92,C0AI10
白沙灣,25.283128,121.519058,0.9,18.4,7.0,93.0,0.0,-1.83,C0AI20
三重,25.057328,121.500629,3.37,22.6,-7.0,77.0,0.0,0.0,C0AI30
石牌,25.115597,121.513139,3.4,23.3,-0.33,75.0,0.0,-1.83,C0AI40
七堵,25.094819,121.71713,4.1,22.2,-11.67,83.0,0.0,-4.0,C0B010
基隆嶼,25.19141,121.78391,3.17,20.8,4.67,96.0,0.0,-1.0,C0B020
復興,24.820208,121.352281,4.78,19.7,-14.5,72.0,0.0,-1.32,C0C460
桃園,24.992425,121.323172,4.57,21.8,-5.25,73.0,0.0,-1.15,C0C480
八德,24.928708,121.283289,4.09,20.8,-6.48,75.0,0.0,-1.47,C0C490
觀音,25.027072,121.153317,4.52,20.5,0.47,85.0,0.0,-1.36,C0C590
蘆竹,25.084275,121.265767,2.89,19.4,2.46,87.0,0.0,-1.85,C0C620
大溪,24.882853,121.265547,4.99,21.0,-9.94,72.0,0.0,-1.12,C0C630
平鎮,24.897503,121.214636,5.23,21.1,-11.92,73.0,0.0,-1.15,C0C650
楊梅,24.912375,121.143047,4.18,20.8,-7.83,74.0,0.0,-1.86,C0C660
龍潭,24.870056,121.221389,4.54,20.7,-9.53,74.0,0.0,-1.75,C0C670
龜山,25.02846,121.38656,3.46,21.6,-13.56,72.0,0.0,-1.78,C0C680
中壢,24.977661,121.256375,2.73,21.4,-12.11,72.0,0.0,-2.17,C0C700
大溪永福,24.892936,121.324975,2.1,19.9,-8.0,81.0,0.0,-3.33,C0C710
梅花,24.678347,121.208558,3.54,18.4,-9.36,80.0,0.0,-4.93,C0D360
峨眉,24.6905,121.017189,3.55,20.0,-4.71,84.0,0.0,-1.63,C0D430
打鐵坑,24.849664,121.150789,3.89,19.6,-9.06,79.0,0.0,-1.27,C0D480
橫山,24.71116,121.11693,4.48,20.7,-8.39,79.0,0.0,-1.36,C0D540
雪霸,24.526972,121.11605,1.71,12.9,-21.22,58.0,0.0,-1.08,C0D550
竹東,24.767147,121.057881,5.89,22.3,-10.0,69.0,0.0,-1.18,C0D560
寶山,24.735006,121.025192,4.23,20.4,-5.5,79.0,0.0,-1.4,C0D580
新豐,24.87068,120.97721,5.16,21.0,-4.27,81.0,0.0,-0.99,C0D590
湖口,24.904794,121.043628,4.95,21.7,-13.56,72.0,0.0,-1.36,C0D650
新竹市東區,24.798681,120.986942,4.39,21.6,-6.8,72.0,0.0,-1.17,C0D660
竹南,24.708978,120.888897,4.22,21.0,-3.06,79.0,0.0,-2.59,C0E420
南庄,24.601775,121.000214,3.57,19.6,-4.5,81.0,0.0,-4.34,C0E430
明德,24.583486,120.885411,3.98,20.6,-6.07,80.0,0.0,-1.48,C0E550
通霄,24.471892,120.704622,4.32,21.4,-8.89,77.0,0.0,-1.17,C0E590
馬都安,24.451272,120.930192,3.4,18.5,-7.78,74.0,0.0,-3.53,C0E610
頭份,24.688247,120.912206,5.57,22.7,-7.0,72.0,0.0,-0.87,C0E730
造橋,24.637056,120.864778,3.19,19.9,-5.78,80.0,0.0,-1.26,C0E740
苗栗,24.564569,120.824575,4.41,21.5,-11.89,69.0,0.0,-1.37,C0E750
銅鑼,24.489681,120.790853,3.48,20.4,-10.37,73.0,0.0,-1.43,C0E780
西湖,24.562947,120.7485,3.55,20.0,-2.59,83.0,0.0,-1.24,C0E810
獅潭,24.539133,120.920042,3.2,19.5,-9.58,80.0,0.5,-0.98,C0E820
苑裡,24.439714,120.653053,2.64,20.4,-4.67,78.0,0.0,-1.45,C0E830
大河,24.618069,120.948578,2.57,19.5,-11.17,75.0,0.0,-2.43,C0E850
高鐵苗栗,24.60725,120.826094,1.47,20.4,-3.22,84.0,0.0,-3.11,C0E870
石岡,24.276061,120.777644,2.88,21.7,-3.67,78.0,0.0,-2.54,C0F0B0
中坑,24.248517,120.903319,-0.53,17.4,-4.11,78.0,0.0,-2.06,C0F0C0
審馬陣,24.381675,121.4203,4.63,9.9,-51.67,15.0,0.0,-1.44,C0F0D0
東勢,24.246428,120.833047,3.67,21.8,-9.78,69.0,0.0,-0.82,C0F850
大坑,24.173142,120.722289,4.02,23.4,-5.85,68.0,0.0,-0.92,C0F970
神岡,24.272481,120.658314,4.55,22.1,-19.04,66.0,0.0,-0.88,C0F9I0
大安,24.345061,120.588025,3.42,20.9,-7.19,79.0,0.0,-1.06,C0F9K0
后里,24.310436,120.729725,4.64,22.3,-20.26,63.0,0.0,-0.96,C0F9L0
豐原,24.254322,120.720692,5.01,23.3,-13.3,65.0,0.0,-1.39,C0F9M0
大里,24.092464,120.701378,2.73,23.3,-4.31,67.0,0.0,-0.35,C0F9N0
潭子,24.213106,120.703933,4.64,23.8,-8.11,68.0,0.0,-1.07,C0F9O0
清水,24.312297,120.562242,3.35,21.1,-3.15,80.0,0.0,-0.8,C0F9P0
外埔,24.347817,120.705686,3.74,21.4,-10.04,73.0,0.0,-0.76,C0F9Q0
龍井,24.184536,120.528972,4.01,22.4,-8.67,73.0,0.0,-0.83,C0F9R0
烏日,24.107058,120.624103,4.16,23.4,-7.19,66.0,0.0,-0.83,C0F9S0
西屯,24.179494,120.641275,4.39,23.1,-12.26,64.0,0.0,-1.0,C0F9T0
南屯,24.137006,120.637969,3.78,23.6,-7.96,64.0,0.0,-0.94,C0F9U0
新社,24.200172,120.815806,3.24,20.9,-18.07,63.0,0.0,-0.81,C0F9V0
大雅(中科園區),24.21528,120.62445,3.55,22.5,-9.73,66.0,0.0,-1.47,C0F9X0
桃山,24.432739,121.303808,7.35,11.3,-48.25,15.0,0.0,-1.04,C0F9Y0
雪山東峰,24.388792,121.268675,6.54,11.1,-50.83,13.0,0.0,-1.33,C0F9Z0
芬園,24.015678,120.6213,2.02,21.0,0.74,79.0,0.0,-0.13,C0G620
員林,23.946503,120.585597,4.96,24.4,-8.96,68.0,0.0,-1.18,C0G650
溪湖,23.94835,120.479122,5.37,24.3,8.37,88.0,0.0,-0.25,C0G660
溪州,23.851589,120.499093,3.55,23.0,-10.2,66.0,0.0,-0.97,C0G720
二林,23.903325,120.376081,2.91,21.7,-2.87,81.0,0.0,-0.53,C0G730
福興,24.041289,120.437669,3.98,23.1,-7.65,71.0,0.0,-0.87,C0G770
秀水,24.03405,120.503869,4.73,23.7,-8.12,73.0,0.0,-0.74,C0G780
埔鹽,24.000394,120.431683,4.56,23.1,-5.7,79.0,0.0,-0.54,C0G800
埔心,23.947633,120.525456,4.69,23.9,-4.05,72.0,0.0,-0.28,C0G810
田尾,23.901669,120.509389,3.68,22.7,-3.07,80.0,0.0,-0.39,C0G820
埤頭,23.866003,120.452806,3.3,22.1,-9.96,78.0,0.0,-0.3,C0G830
社頭,23.897647,120.5862,4.13,24.1,-0.19,75.0,0.0,-0.59,C0G860
二水,23.810742,120.6173,4.82,24.6,-13.78,67.0,0.0,-0.3,C0G880
伸港,24.148933,120.484403,3.86,22.1,-7.44,75.0,0.0,-0.69,C0G890
線西,24.143358,120.443536,0.33,21.0,-2.0,81.0,0.0,0.0,C0G900
花壇,24.032076,120.549461,3.2,24.2,-2.67,73.0,0.0,0.0,C0G910
埔里,23.972169,120.952425,1.25,20.4,-0.73,74.0,0.0,-0.13,C0H890
草屯,23.973672,120.68085,2.91,22.6,-7.63,68.0,0.0,-0.23,C0H960
昆陽,24.121322,121.273642,6.78,10.6,-62.27,9.0,0.0,-2.97,C0H990
神木村,23.532742,120.843667,2.45,15.5,-16.93,62.0,0.0,-2.81,C0H9A0
合歡山,24.143442,121.272547,6.58,8.4,-68.37,13.0,0.0,-1.55,C0H9C0
廬山,24.033311,121.181808,3.16,16.7,-21.0,50.0,0.0,-4.37,C0I010
信義,23.689694,120.851036,1.25,19.9,-5.73,69.0,0.0,-0.2,C0I080
竹山,23.761225,120.688156,3.23,22.1,-9.3,74.0,0.0,-1.91,C0I110
水里,23.812553,120.849792,2.23,21.9,-9.07,66.0,0.0,-0.23,C0I360
魚池,23.895703,120.94135,1.66,19.5,-8.33,71.0,0.0,-0.57,C0I370
集集,23.828206,120.801467,2.07,22.1,-6.13,69.0,0.0,-0.33,C0I380
仁愛,24.022122,121.132206,2.09,17.1,-13.47,62.0,0.0,-0.8,C0I390
名間,23.837053,120.701447,2.14,21.8,-4.47,71.0,0.0,-0.43,C0I410
國姓,24.037803,120.855072,1.35,20.9,-4.53,72.0,0.0,-0.2,C0I420
南投,23.911469,120.687331,2.31,22.6,-0.33,72.0,0.0,-0.87,C0I460
梅峰,24.085272,121.173572,3.45,12.2,-22.87,55.0,0.0,-0.77,C0I480
萬大林道,23.928228,121.091411,3.68,16.8,-26.33,52.0,0.0,-0.5,C0I490
小奇萊,24.131764,121.295717,4.99,9.6,-63.89,13.0,0.0,-2.25,C0I530
崙背,23.75555,120.318925,2.27,21.5,-3.13,77.0,0.0,-0.97,C0K250
四湖,23.630414,120.227125,3.45,22.4,-4.6,72.0,0.0,-0.76,C0K280
宜梧,23.536281,120.169329,3.4,22.3,-3.0,76.0,0.0,-0.33,C0K291
虎尾,23.719183,120.442036,4.22,23.2,-3.2,72.0,0.0,-1.07,C0K330
土庫,23.679029,120.395574,3.32,22.9,-9.27,68.0,0.0,-0.87,C0K390
斗六,23.720583,120.541127,3.3,22.9,-12.47,66.0,0.0,-0.7,C0K400
北港,23.573957,120.292802,3.15,22.9,-9.53,69.0,0.0,-0.1,C0K410
西螺,23.800407,120.467394,3.57,23.1,-8.13,69.0,0.0,-0.8,C0K420
褒忠,23.690938,120.303634,3.33,22.6,-7.13,72.0,0.0,-0.63,C0K430
二崙,23.772797,120.408944,3.18,22.4,0.73,81.0,0.0,-0.37,C0K440
大埤,23.646074,120.431537,3.31,23.1,-7.93,69.0,0.0,-0.3,C0K450
斗南,23.678734,120.478359,3.39,23.1,-6.93,68.0,0.0,-0.47,C0K460
林內,23.748675,120.609642,2.91,22.4,-8.4,70.0,0.0,-0.43,C0K470
莿桐,23.761192,120.502372,3.5,22.9,-12.8,66.0,0.0,-0.37,C0K480
元長,23.64981,120.315024,3.29,22.8,-4.8,72.0,0.0,-0.53,C0K500
水林,23.572924,120.24597,3.37,23.0,-5.73,71.0,0.0,-0.63,C0K510
臺西,23.701547,120.197559,2.49,21.8,-5.67,74.0,0.0,-0.47,C0K530
蔦松,23.514319,120.229736,2.78,22.5,-4.4,74.0,0.0,-0.3,C0K550
棋山,23.68645,120.603417,2.8,22.6,-6.13,71.0,0.0,-0.23,C0K560
高鐵雲林,23.737456,120.417944,0.93,22.3,-13.5,75.0,0.0,-1.17,C0K580
東後寮,23.369908,120.248065,2.71,22.4,-5.07,73.0,0.0,-0.2,C0M520
奮起湖,23.493903,120.699253,6.49,20.7,-16.2,66.0,0.0,-1.41,C0M530
中埔,23.42538,120.5229,3.16,23.3,-10.07,64.0,0.0,-0.1,C0M640
朴子,23.43463,120.23902,2.26,22.1,-2.33,74.0,0.0,-0.1,C0M650
溪口,23.604131,120.403569,3.25,22.9,-8.0,70.0,0.0,0.0,C0M660
大林,23.600616,120.45841,3.01,23.0,-6.87,67.0,0.0,-0.1,C0M670
太保,23.455062,120.331455,2.71,22.9,-8.6,68.0,0.0,-0.03,C0M680
水上,23.419734,120.388909,2.93,23.0,-2.4,73.0,0.0,-0.37,C0M690
竹崎,23.526178,120.555508,2.35,22.4,-3.67,73.0,0.0,-0.27,C0M700
東石,23.458927,120.15385,2.42,22.1,-6.07,73.0,0.0,-0.07,C0M710
番路,23.464657,120.554156,2.99,22.6,-5.53,69.0,0.0,-0.37,C0M720
嘉義市東區,23.457673,120.460531,2.95,24.2,-3.13,66.0,0.0,-0.43,C0M730
六腳,23.492871,120.290625,2.75,22.6,-6.13,70.0,0.0,0.0,C0M740
布袋,23.380878,120.167789,2.42,22.2,-4.33,75.0,0.0,-0.23,C0M750
民雄,23.551754,120.428457,3.05,23.2,-8.0,68.0,0.0,0.0,C0M760
嘉義梅山,23.585398,120.555587,2.9,22.8,-5.13,70.0,0.0,-0.37,C0M770
鹿草,23.41134,120.30835,3.27,23.5,-3.73,70.0,0.0,0.0,C0M780
新港,23.553269,120.345728,3.23,23.3,-5.67,69.0,0.0,-0.03,C0M790
茶山,23.299075,120.664767,0.79,20.6,-0.6,72.0,0.0,-0.1,C0M800
里佳,23.389125,120.716647,3.54,17.9,-23.4,55.0,0.0,-0.13,C0M810
達邦,23.453994,120.749517,1.93,18.3,-10.93,60.0,0.0,-0.13,C0M820
表湖,23.24186,120.64166,-1.0,19.6,-1.56,74.0,0.0,-0.17,C0M850
北寮,23.079561,120.495008,1.59,22.4,5.0,82.0,0.0,0.0,C0O830
王爺宮,23.222064,120.40085,4.7,24.7,-11.24,68.0,0.0,-0.14,C0O840
大內,23.11885,120.36083,2.91,23.9,0.0,78.0,0.0,0.0,C0O860
善化,23.112883,120.297219,2.28,22.3,3.1,83.0,0.0,-0.19,C0O900
崎頂,22.959547,120.369317,2.54,23.1,0.1,77.0,0.0,0.0,C0O960
虎頭埤,23.021375,120.347878,1.96,22.5,-3.4,76.0,0.0,0.0,C0O970
新市,23.061614,120.298197,2.27,23.3,-2.38,75.0,0.5,0.48,C0O980
媽廟,22.99175,120.293525,0.98,22.0,9.33,85.0,0.0,0.0,C0O990
尾寮山,22.833111,120.683889,1.08,17.6,-17.38,69.0,0.0,-0.55,C0R100
阿禮,22.742908,120.743678,3.1,20.0,-15.86,62.0,0.0,-0.21,C0R130
瑪家,22.682903,120.686639,1.17,19.3,5.19,86.0,0.0,-0.17,C0R140
三地門,22.709889,120.639944,2.05,24.1,-21.48,48.0,0.0,-0.22,C0R150
鹽埔,22.739558,120.530778,1.56,23.4,-3.86,76.0,0.0,-0.07,C0R160
赤山,22.592333,120.614306,0.97,22.8,3.38,81.0,0.0,0.0,C0R190
潮州,22.534361,120.54,1.8,23.7,-2.84,74.0,0.0,-0.14,C0R220
來義,22.527306,120.625111,0.58,22.1,4.0,81.0,0.0,0.0,C0R240
春日,22.370361,120.628306,-0.76,21.6,7.43,80.0,0.0,0.0,C0R260
琉球嶼,22.332244,120.362236,1.71,24.0,-2.81,73.0,0.0,-0.13,C0R270
車城,22.0744,120.716247,1.9,25.0,-2.0,75.0,0.0,0.0,C0R320
牡丹,22.130036,120.792639,1.43,22.2,6.33,93.0,0.0,-0.83,C0R341
貓鼻頭,21.921774,120.7358,2.95,25.3,-5.67,75.0,0.0,-0.59,C0R350
大漢山,22.405264,120.753181,1.03,13.2,3.0,97.0,1.0,0.17,C0R440
高樹,22.826389,120.600806,1.15,23.4,-7.89,67.0,0.0,-0.05,C0R470
長治,22.693128,120.542622,1.68,24.0,-4.22,70.0,0.0,0.0,C0R480
九如,22.7405,120.490503,1.57,23.8,-7.24,71.0,0.0,0.0,C0R490
崁頂,22.514781,120.506914,1.08,23.1,-5.14,75.0,0.0,0.0,C0R520
佳冬,22.419456,120.552375,0.78,22.8,0.48,78.0,0.0,0.0,C0R540
新埤,22.467947,120.582894,0.83,22.9,-4.33,74.0,0.0,-0.02,C0R550
新園,22.5434,120.461558,2.32,24.5,-6.38,69.0,0.0,-0.02,C0R560
麟洛,22.65078,120.52719,2.23,24.7,1.0,74.0,0.0,0.0,C0R570
南州,22.48591,120.50274,1.0,23.0,2.9,80.0,0.0,0.0,C0R580
里港,22.77919,120.49459,0.93,23.0,1.43,75.0,0.0,0.0,C0R590
舊泰武,22.588194,120.664944,1.81,19.9,-7.81,79.0,0.0,-0.14,C0R600
墾雷,21.900836,120.855269,2.14,24.8,8.21,84.0,0.0,-0.36,C0R620
東港,22.46247,120.44074,0.15,23.8,-2.83,76.0,0.0,0.0,C0R640
竹田,22.58486,120.54344,-0.17,23.5,-9.83,72.0,0.0,0.0,C0R650
枋寮,22.367722,120.590647,-0.03,23.0,2.33,83.0,0.0,0.0,C0R660
楓港,22.190131,120.692156,1.43,24.8,-5.67,66.0,0.0,0.0,C0R670
佳樂水,21.993578,120.861633,1.87,25.1,-1.33,78.0,0.5,0.0,C0R680
墾丁,21.966756,120.810269,2.43,23.3,-4.67,83.0,0.0,-0.67,C0R690
枋山,22.246844,120.661086,1.57,25.1,-1.0,69.0,0.0,0.0,C0R700
旭海,22.205403,120.887614,1.0,22.2,14.67,100.0,0.0,-2.67,C0R720
太麻里,22.60902,120.98533,3.09,20.6,-2.0,88.0,0.0,-1.64,C0S690
知本,22.684866,121.005642,2.7,20.0,-3.33,89.0,0.0,-1.58,C0S700
鹿野,22.917711,121.122994,3.11,20.7,-5.67,83.0,0.0,-0.97,C0S710
綠島,22.6672,121.47533,3.24,23.8,6.0,94.0,1.0,-1.95,C0S730
池上,23.119628,121.209469,2.95,21.2,-6.67,80.0,0.0,-0.44,C0S740
大溪山,22.478475,120.943325,2.61,20.9,-2.0,89.0,0.0,-1.78,C0S770
金崙,22.538122,120.966875,3.03,23.1,-1.4,79.0,0.0,-1.07,C0S790
東河,22.972672,121.303986,1.59,22.8,1.67,85.0,2.0,1.44,C0S810
長濱,23.286817,121.411975,2.59,21.5,-2.0,87.0,1.0,0.12,C0S830
南田,22.279725,120.889208,2.11,23.9,15.0,98.0,0.0,-2.21,C0S840
關山,23.0395,121.175017,2.32,21.4,1.67,86.0,0.0,0.0,C0S890
蘭嶼高中,22.04909,121.51214,0.52,24.4,4.33,81.0,0.0,-7.92,C0S900
蘭嶼燈塔,22.081197,121.503117,1.23,23.5,-8.0,82.0,0.0,-2.42,C0S910
金峰嘉蘭,22.594789,120.960825,1.47,22.8,-2.33,80.0,0.0,-0.33,C0S920
延平,22.902581,121.084058,0.7,21.3,-2.67,76.0,0.0,0.0,C0S930
石寧山,23.223772,121.406639,1.8,22.0,1.67,90.0,1.0,-1.33,C0S940
香蘭,22.587569,120.993375,1.87,24.1,1.67,78.0,0.0,0.0,C0S960
加津林,22.416211,120.926942,1.63,23.9,0.0,79.0,0.0,-1.0,C0S970
勝林山,22.430439,120.8938,0.37,16.9,1.0,97.0,0.0,-3.33,C0S980
山豬窟,22.318619,120.857372,1.43,21.1,-3.67,86.0,0.0,-0.83,C0S990
歷坵,22.520969,120.89185,2.5,20.9,-10.0,84.0,0.0,-0.33,C0SA00
檳榔四格山,22.810031,121.109308,1.47,21.0,-1.67,84.0,0.0,0.0,C0SA10
金崙山,22.567419,120.959667,1.6,17.5,-2.67,95.0,0.0,-1.17,C0SA20
都歷,23.020333,121.323642,2.13,22.9,17.67,100.0,5.0,2.67,C0SA30
瑞和,22.974361,121.156697,0.57,20.9,9.33,93.0,0.0,-8.83,C0SA40
土坂,22.453108,120.887572,1.6,22.4,-2.67,83.0,0.0,-0.4,C0SA80
大禹嶺,24.186117,121.316086,6.65,13.2,-53.52,14.0,0.0,-5.51,C0T790
天祥,24.179597,121.495639,3.11,19.1,-1.88,79.0,0.0,-2.53,C0T820
鯉魚潭,23.935639,121.508944,1.92,19.6,-1.12,91.0,0.0,-3.22,C0T870
西林,23.8119,121.441458,2.89,21.1,6.0,88.0,0.0,-1.12,C0T900
光復,23.660694,121.424964,3.34,21.8,-3.0,85.0,0.0,-3.02,C0T960
月眉山,23.809928,121.539828,3.49,19.7,-1.12,93.0,0.0,-2.66,C0T9A0
水源,23.991861,121.537169,3.25,18.9,-2.38,91.0,0.5,-5.02,C0T9B0
和中,24.26676,121.74103,3.3,22.4,11.75,100.0,0.0,-3.17,C0T9D0
大坑,23.880628,121.581981,3.84,20.2,0.25,92.0,1.0,-3.61,C0T9E0
水璉,23.797131,121.542514,3.03,21.4,3.38,88.0,0.0,-2.27,C0T9F0
鳳林山,23.735269,121.420131,2.78,19.3,-5.38,88.0,0.0,-4.23,C0T9G0
加路蘭山,23.682947,121.5274,3.77,18.8,4.25,99.0,0.0,-5.96,C0T9H0
靜浦,23.455167,121.495028,2.96,22.0,-2.0,90.0,1.0,-2.56,C0T9M0
雙連埤,24.753033,121.641303,4.53,18.3,-9.4,87.0,0.0,-3.29,C0U520
礁溪,24.817539,121.765608,4.24,22.0,-3.4,80.0,0.0,-3.48,C0U600
玉蘭,24.675286,121.587061,4.92,20.3,-8.75,79.0,0.0,-6.14,C0U650
太平山,24.505486,121.525656,3.6,12.2,-6.6,85.0,0.0,-3.79,C0U710
南山,24.43742,121.38167,2.06,16.1,-18.0,77.0,0.0,-1.5,C0U720
東澳,24.52196,121.83318,3.76,21.8,8.4,100.0,2.0,-1.43,C0U760
南澳,24.44935,121.81022,2.27,21.5,5.25,88.0,1.0,0.09,C0U770
五結,24.68637,121.79794,4.21,22.2,-6.25,80.0,0.0,-1.76,C0U780
頭城,24.85323,121.8308,0.84,21.5,2.5,88.0,0.0,-2.36,C0U860
大礁溪,24.791042,121.675047,2.02,20.0,-3.38,86.0,0.0,-1.88,C0U870
三星,24.66812,121.65302,1.62,21.6,5.12,95.0,0.0,-0.44,C0U890
內城,24.71813,121.68766,1.81,22.0,-6.75,82.0,0.0,-0.38,C0U900
冬山,24.63373,121.7937,2.15,22.3,10.25,96.0,0.0,-1.06,C0U910
羅東,24.68184,121.74934,2.33,22.6,-7.0,80.0,0.0,-0.56,C0U940
鶯子嶺,24.89754,121.79244,1.86,16.1,-10.62,88.0,2.0,-5.88,C0U950
翠峰湖,24.510856,121.608044,0.56,11.0,1.25,94.0,0.0,-0.88,C0U960
大福,24.80064,121.81389,1.07,21.2,0.0,85.0,0.0,-1.5,C0U970
坪林石牌,24.86478,121.77396,1.76,18.4,-4.5,93.0,0.0,-4.33,C0U980
員山,24.74435,121.72247,1.51,21.9,-0.67,83.0,0.0,-0.83,C0U990
土場,24.576533,121.495333,1.44,20.4,-5.75,79.0,0.0,-0.5,C0UA00
鴛鴦湖,24.590269,121.412228,1.06,12.6,-0.88,90.0,0.0,-1.0,C0UA10
白嶺,24.527819,121.519031,1.19,14.7,-0.5,93.0,0.0,-2.19,C0UA30
西德山,24.560647,121.752608,1.53,16.1,-2.12,95.0,0.0,-3.62,C0UA40
西帽山,24.555361,121.802628,1.21,17.0,-6.25,92.0,0.0,-15.94,C0UA50
樟樹山,24.41393,121.78325,0.69,18.4,5.75,99.0,0.5,-12.81,C0UA60
桃源谷,24.962606,121.888875,2.02,18.7,1.5,97.0,0.0,-7.19,C0UA70
復興,23.222403,120.806089,1.44,20.2,-10.95,58.0,0.0,-0.02,C0V210
溪埔,22.738578,120.446797,0.9,22.5,1.95,77.0,0.0,-0.02,C0V350
內門,22.975481,120.466769,1.43,22.2,0.43,75.0,0.0,0.0,C0V360
古亭坑,22.893178,120.401947,1.18,21.7,1.43,78.0,0.0,-0.1,C0V370
阿公店,22.804194,120.355528,1.76,22.2,-3.67,74.0,0.0,0.0,C0V400
鳳山,22.646653,120.356122,1.01,23.0,8.81,80.0,0.0,-0.02,C0V440
鳳森,22.545064,120.392592,0.9,22.8,1.81,75.0,0.0,0.0,C0V450
新興,22.627422,120.298803,2.33,24.4,-4.0,67.0,0.0,-0.02,C0V490
梓官,22.760558,120.267211,1.82,23.3,-2.19,72.0,0.0,-0.02,C0V610
永安,22.82315,120.236856,1.5,22.6,-2.52,74.0,0.0,-0.05,C0V620
茄萣,22.906642,120.182608,2.26,23.1,3.67,76.0,0.0,0.0,C0V630
湖內,22.887139,120.2445,1.24,22.3,-4.05,72.0,0.0,0.0,C0V640
彌陀,22.783806,120.246361,2.11,23.5,-2.33,73.0,0.0,-0.02,C0V650
岡山,22.797078,120.294958,2.22,24.1,-2.43,69.0,0.0,0.0,C0V660
仁武,22.701083,120.347722,2.14,24.2,-3.33,69.0,0.0,0.0,C0V680
鼓山,22.623325,120.275575,1.85,23.8,-1.76,72.0,0.0,-0.05,C0V690
三民,22.645017,120.311233,1.91,24.4,0.95,69.0,0.0,-0.1,C0V700
苓雅,22.622742,120.330669,4.36,26.6,-3.29,64.0,0.0,0.0,C0V710
林園,22.507747,120.394511,1.55,24.6,3.57,72.0,0.0,0.0,C0V720
大寮,22.605614,120.395717,1.43,23.8,2.0,72.0,0.0,0.0,C0V730
旗山,22.888614,120.483597,1.61,23.4,0.52,72.0,0.0,0.0,C0V740
路竹,22.854997,120.259439,2.43,24.2,-4.52,69.0,0.0,0.0,C0V750
橋頭,22.757806,120.30575,1.89,23.9,-4.56,69.0,0.0,-0.02,C0V760
大社,22.730306,120.346639,1.28,23.2,1.95,73.0,0.0,0.0,C0V770
萬山,22.905944,120.688056,1.2,21.9,-5.24,65.0,0.0,-0.02,C0V790
六龜,22.997889,120.633583,1.04,22.4,2.86,74.0,0.0,-0.02,C0V800
左營,22.67491,120.28491,1.67,23.3,-9.6,72.0,0.0,-0.07,C0V810
小林,23.148408,120.63325,-0.65,20.9,1.67,73.0,0.0,0.0,C0V820
東莒,25.9652,119.98069,1.46,14.0,6.0,90.0,0.0,-2.72,C0W110
西嶼,23.5626,119.468436,1.73,21.0,1.7,84.0,0.0,0.0,C0W120
花嶼,23.40007,119.32276,1.2,21.5,7.17,86.0,0.0,0.0,C0W130
金寧,24.457703,118.328989,3.36,19.5,2.3,80.0,0.0,-0.85,C0W150
下營,23.22695,120.256261,0.99,21.1,0.07,77.0,0.0,-0.1,C0X060
佳里,23.173039,120.145086,1.76,21.5,3.27,80.0,0.0,-0.19,C0X080
臺南市北區,23.010394,120.194228,2.9,24.0,0.95,74.0,0.0,-0.17,C0X100
臺南市南區,22.961189,120.188378,2.32,23.8,-2.86,70.0,0.0,0.0,C0X110
麻豆,23.183289,120.248611,3.09,23.8,-2.43,77.0,0.0,-0.05,C0X120
官田,23.193217,120.315422,2.21,23.1,4.52,81.0,0.0,-0.07,C0X130
西港,23.125608,120.203108,1.8,22.5,-1.0,77.0,0.0,-0.17,C0X140
安定,23.102614,120.227839,2.45,22.9,-2.1,78.0,0.0,-0.14,C0X150
仁德,22.968258,120.257689,2.38,23.7,2.86,76.0,0.0,0.0,C0X160
關廟,22.963017,120.327797,1.03,22.1,3.14,77.0,0.0,0.0,C0X170
山上,23.0757,120.363253,2.29,23.0,-1.62,76.0,0.0,0.0,C0X180
安平,22.993161,120.152181,2.52,23.4,-7.24,70.0,0.0,-0.26,C0X190
左鎮,23.056758,120.408522,2.07,22.4,-0.71,78.0,0.0,0.0,C0X200
白河,23.347466,120.414427,2.29,22.7,-5.13,71.0,0.0,0.0,C0X210
學甲,23.230367,120.182187,2.48,22.4,-2.4,74.0,0.0,-0.37,C0X220
鹽水,23.272621,120.247641,2.41,21.9,-3.4,76.0,0.0,0.0,C0X230
關子嶺,23.331169,120.508025,1.68,20.5,2.0,80.0,0.0,-0.07,C0X240
新營,23.310689,120.316681,2.08,23.2,-3.8,71.0,0.0,-0.1,C0X250
後壁,23.366358,120.362326,2.85,23.0,-7.33,70.0,0.0,-0.07,C0X260
將軍,23.214999,120.13577,2.19,22.1,-7.53,72.0,0.0,-0.2,C0X280
北門,23.267772,120.125481,2.18,22.1,-3.6,75.0,0.0,-0.3,C0X290
鹿寮,23.386047,120.477331,5.37,25.3,0.4,79.0,0.0,-0.03,C0X300
柳營,23.253328,120.375253,-0.07,22.3,0.67,74.0,0.0,0.0,C0X320
明里,23.208717,121.262342,2.76,21.1,-2.5,86.0,0.0,-0.14,C0Z020
佳心,23.34567,121.21316,2.65,17.4,7.88,93.0,0.5,-0.56,C0Z050
玉里,23.3215,121.339656,2.71,21.7,1.25,86.0,0.0,-0.74,C0Z061
舞鶴,23.46811,121.37407,3.75,21.4,9.25,99.0,0.0,-1.32,C0Z070
富源,23.587642,121.378225,3.36,21.2,-3.38,86.0,0.0,-2.37,C0Z080
東華,23.89525,121.549833,3.19,22.0,1.88,89.0,0.0,-1.4,C0Z100
吉安光華,23.930925,121.595153,0.59,21.8,-8.33,79.0,0.0,-1.58,C0Z150
鳳林,23.746114,121.453411,0.24,21.2,-1.75,83.0,0.0,-0.62,C0Z160
卓溪,23.3443,121.3029,-0.46,21.1,2.75,84.0,0.0,-0.31,C0Z170
新城,24.03946,121.60454,0.3,21.8,11.12,93.0,0.5,-1.25,C0Z180
富世,24.14743,121.6297,0.11,21.7,1.0,85.0,2.0,-1.81,C0Z190
萬榮,23.709219,121.420106,0.73,21.3,-7.75,82.0,0.0,-0.81,C0Z200
瑞穗,23.5239,121.39021,1.11,21.9,0.67,87.0,0.0,-4.75,C0Z210
和平林道,24.343922,121.656317,0.45,18.4,-3.0,86.0,0.0,-0.75,C0Z220
和平,24.30717,121.77007,0.52,21.8,2.2,78.0,0.0,-12.25,C0Z230
瑞穗林道,23.49284,121.30688,2.27,18.1,-2.22,93.0,0.0,-5.21,C0Z250
蕃薯寮,23.73835,121.540108,0.8,20.2,-1.25,90.0,0.0,-3.62,C0Z270
德武,23.47426,121.41071,0.19,21.1,-2.38,87.0,0.0,-0.69,C0Z280
赤柯山,23.36893,121.38293,0.11,16.8,1.25,95.0,0.5,-0.19,C0Z290
東里,23.26853,121.30547,0.25,21.6,-6.5,81.0,0.0,-0.62,C0Z300
清水斷崖,24.218294,121.689142,0.41,22.0,-4.88,81.0,0.0,-4.38,C0Z310
清水林道,23.27125,121.188272,0.86,18.6,-8.4,78.0,0.0,-1.5,C0Z320
安通山,23.290728,121.348528,0.98,19.7,-1.8,86.0,0.0,-1.9,C0Z330
口湖工作站,23.589978,120.180394,1.37,22.2,-9.0,67.0,0.0,-1.63,12J990
東港工作站,22.479997,120.466058,-0.12,23.5,-3.33,64.0,0.0,0.0,12Q970
恆春工作站,22.079678,120.714425,1.3,24.9,0.5,70.0,0.0,0.0,12Q980
萬大發電廠,23.978875,121.139639,0.12,17.3,-6.67,72.0,0.0,-0.53,42HA10
桃改樹林分場,24.944503,121.386972,2.13,21.0,-2.67,74.0,0.0,0.0,72AI40
桃園農改場,24.950944,121.030583,4.51,20.9,-4.28,81.0,0.0,-3.05,72C440
桃改五峰分場,24.612194,121.157167,3.48,16.5,-7.8,80.0,0.0,-5.34,72D080
臺中農改場,24.003028,120.534389,3.56,22.1,-0.32,79.0,0.0,-1.28,72G600
中改埔里分場,23.903208,120.963364,-0.33,18.4,-3.17,79.0,0.0,-1.5,72HA00
南改斗南分場,23.634556,120.477333,3.45,22.5,-5.38,75.0,0.0,-1.04,72K220
南改義竹分場,23.360694,120.279361,2.62,21.8,-6.5,75.0,0.0,-0.25,72M360
南改鹿草分場,23.416869,120.283061,3.32,24.4,-12.6,68.0,0.0,0.0,72M700
臺南農改場,23.0605,120.342194,0.56,21.7,1.31,80.0,0.0,0.0,72N100
七股研究中心,23.081672,120.062894,0.87,22.8,-4.83,76.0,0.0,-1.33,72N240
高雄農改場,22.709333,120.525889,1.09,23.1,-1.19,76.0,0.0,-0.1,72Q010
東改班鳩分場,22.829528,121.077694,1.86,20.6,5.3,86.0,3.0,2.33,72S200
東改賓朗果園,22.813889,121.071278,0.98,20.2,1.02,91.0,1.0,0.18,72S590
花蓮農改場,23.975222,121.563889,2.71,21.7,-0.38,82.0,0.0,-2.64,72T250
花改蘭陽分場,24.686306,121.716583,4.56,22.4,-5.78,77.0,0.0,-3.29,72U480
高改旗南分場,22.857861,120.516667,0.43,22.3,4.91,76.0,0.0,-0.08,72V140
茶改北部分場,24.955778,121.631222,5.6,20.0,-6.11,81.0,0.0,-6.94,82A750
茶改場,24.908472,121.185333,4.85,20.7,-11.43,74.0,0.0,-4.8,82C160
茶改中部分場,23.875611,120.913583,0.91,18.1,-7.06,76.0,0.0,-1.96,82H320
茶改南部分場,23.762528,120.7405,2.71,20.5,-16.32,72.0,0.0,-1.95,82H840
茶改東部分場,22.907694,121.130139,1.58,21.2,0.28,82.0,0.0,-0.73,82S580
農工中心,24.985917,121.239833,4.55,21.0,-6.98,75.0,0.0,-5.76,A2C560
水試臺西試驗場,23.717231,120.190522,3.39,22.4,-5.04,77.0,0.0,-0.2,A2K360
臺大雲林校區,23.730628,120.423903,1.33,21.9,-2.0,75.0,0.0,0.0,A2K630
臺南蘭花園區,23.340258,120.379661,-0.0,21.9,3.0,77.0,0.0,0.0,A2N290
畜試北區分所,24.527806,120.770972,1.74,20.3,-8.78,80.0,0.0,-3.44,B2E890
畜產試驗所,23.058972,120.336406,1.86,21.7,0.15,79.0,0.0,-0.14,B2N890
畜試南區分所,21.945583,120.802167,2.27,24.7,-2.92,73.0,0.0,-0.87,B2Q810
畜試東區分所,24.669039,121.832561,3.33,21.7,4.67,89.0,0.0,-0.17,B2U990
蓮華池,23.918333,120.885278,0.54,18.3,-5.26,79.0,0.0,-2.33,E2H360
林試畢祿溪站,24.226944,121.308522,0.27,9.5,-28.0,46.0,0.0,0.0,E2HA20
四湖植物園,23.676986,120.163433,-0.17,20.7,6.5,90.0,0.0,-0.83,E2K600
林試六龜中心,22.991703,120.645722,-1.07,21.3,2.67,74.0,0.0,0.0,E2P980
林試太麻里2,22.598,120.99775,1.33,23.4,-3.0,74.0,0.0,0.0,E2S960
林試太麻里1,22.598922,120.980044,2.03,23.3,-2.33,76.0,0.0,0.0,E2S980
農試嘉義分所,23.485028,120.473806,2.43,22.0,-4.89,74.0,0.0,-0.1,G2L020
農試鳳山分所,22.646611,120.356083,0.97,23.0,0.56,72.0,0.0,-0.03,G2P820
苗栗農改場,24.495722,120.829111,3.42,20.2,-4.37,79.0,0.0,-2.1,K2E360
苗改生物防治研究中心,24.422861,120.871833,-0.81,18.5,-5.43,79.0,0.0,-3.75,K2E710
種苗改良場,24.225972,120.800917,2.28,19.1,-3.03,77.0,0.0,-2.36,K2F750
溪頭,23.670306,120.798194,0.88,14.8,-5.11,83.0,0.0,-2.29,U2H480
臺大和社,23.590856,120.888864,0.02,18.4,-0.5,73.0,0.0,-0.17,U2HA30
臺大內茅埔,23.689722,120.851117,-0.25,19.8,-4.33,70.0,0.0,-0.42,U2HA40
臺大竹山,23.756972,120.681556,0.86,22.2,-13.33,69.0,0.0,-1.5,U2HA50
臺大竹山,23.756972,120.681556,0.86,22.2,-13.33,69.0,0.0,-1.5,U2HA50
臺大內茅埔,23.689722,120.851117,-0.25,19.8,-4.33,70.0,0.0,-0.42,U2HA40
臺大和社,23.590856,120.888864,0.02,18.4,-0.5,73.0,0.0,-0.17,U2HA30
臺大溪頭,23.670306,120.798194,0.88,14.8,-5.11,83.0,0.0,-2.29,U2H480
種苗繁殖,24.225972,120.800917,2.28,19.1,-3.03,77.0,0.0,-2.36,K2F750
苗改生物防治研究中心,24.422861,120.871833,-0.81,18.5,-5.43,79.0,0.0,-3.75,K2E710
苗栗農改,24.495722,120.829111,3.42,20.2,-4.37,79.0,0.0,-2.1,K2E360
農試鳳山分所,22.646611,120.356083,0.97,23.0,0.56,72.0,0.0,-0.03,G2P820
農試嘉義分所,23.485028,120.473806,2.43,22.0,-4.89,74.0,0.0,-0.1,G2L020
林試太麻里1,22.598922,120.980044,2.03,23.3,-2.33,76.0,0.0,0.0,E2S980
林試太麻里2,22.598014,120.989761,1.33,23.4,-3.0,74.0,0.0,0.0,E2S960
林試六龜中心,22.991703,120.645722,-1.07,21.3,2.67,74.0,0.0,0.0,E2P980
四湖植物園,23.676986,120.163433,-0.17,20.7,6.5,90.0,0.0,-0.83,E2K600
林試畢祿溪站,24.226944,121.308522,0.27,9.5,-28.0,46.0,0.0,0.0,E2HA20
蓮華池,23.918333,120.885278,0.54,18.3,-5.26,79.0,0.0,-2.33,E2H360
畜試東區分所,24.669039,121.832561,3.33,21.7,4.67,89.0,0.0,-0.17,B2U990
畜試南區分所,21.945583,120.802167,2.27,24.7,-2.92,73.0,0.0,-0.87,B2Q810
畜試所,23.058972,120.336406,1.86,21.7,0.15,79.0,0.0,-0.14,B2N890
畜試北區分所,24.527806,120.770972,1.74,20.3,-8.78,80.0,0.0,-3.44,B2E890
臺南蘭花園區,23.340258,120.379661,-0.0,21.9,3.0,77.0,0.0,0.0,A2N290
臺大雲林校區,23.730628,120.423903,1.33,21.9,-2.0,75.0,0.0,0.0,A2K630
水試臺西試驗場,23.717231,120.190522,3.39,22.4,-5.04,77.0,0.0,-0.2,A2K360
農工中心,24.985917,121.239833,4.55,21.0,-6.98,75.0,0.0,-5.76,A2C560
茶改東部分場,22.907694,121.130139,1.58,21.2,0.28,82.0,0.0,-0.73,82S580
茶改南部分場,23.762528,120.7405,2.71,20.5,-16.32,72.0,0.0,-1.95,82H840
茶改中部分場,23.875611,120.913583,0.91,18.1,-7.06,76.0,0.0,-1.96,82H320
茶改場,24.908472,121.185333,4.85,20.7,-11.43,74.0,0.0,-4.8,82C160
茶改北部分場,24.955778,121.631222,5.6,20.0,-6.11,81.0,0.0,-6.94,82A750
高改旗南分場,22.857861,120.516667,0.43,22.3,4.91,76.0,0.0,-0.08,72V140
花改蘭陽分場,24.686306,121.716583,4.56,22.4,-5.78,77.0,0.0,-3.29,72U480
花蓮農改,23.975222,121.563889,2.71,21.7,-0.38,82.0,0.0,-2.64,72T250
東改賓朗果園,22.813889,121.071278,0.98,20.2,1.02,91.0,1.0,0.18,72S590
東改班鳩分場,22.829528,121.077694,1.86,20.6,5.3,86.0,3.0,2.33,72S200
高雄農改,22.709333,120.525889,1.09,23.1,-1.19,76.0,0.0,-0.1,72Q010
七股研究中心,23.081672,120.062894,0.87,22.8,-4.83,76.0,0.0,-1.33,72N240
臺南農改,23.0605,120.342194,0.56,21.7,1.31,80.0,0.0,0.0,72N100
南改鹿草分場,23.416869,120.283061,3.32,24.4,-12.6,68.0,0.0,0.0,72M700
南改義竹分場,23.360694,120.279361,2.62,21.8,-6.5,75.0,0.0,-0.25,72M360
南改斗南分場,23.634556,120.477333,3.45,22.5,-5.38,75.0,0.0,-1.04,72K220
中改埔里分場,23.903208,120.963364,-0.33,18.4,-3.17,79.0,0.0,-1.5,72HA00
臺中農改,24.003028,120.534389,3.56,22.1,-0.32,79.0,0.0,-1.28,72G600
桃改五峰分場,24.612194,121.157167,3.48,16.5,-7.8,80.0,0.0,-5.34,72D080
桃園農改,24.950944,121.030583,4.51,20.9,-4.28,81.0,0.0,-3.05,72C440
桃改樹林分場,24.944503,121.386972,2.13,21.0,-2.67,74.0,0.0,0.0,72AI40
萬大發電廠,23.978875,121.139639,0.12,17.3,-6.67,72.0,0.0,-0.53,42HA10
恆春工作站,22.079678,120.714425,1.3,24.9,0.5,70.0,0.0,0.0,12Q980
東港工作站,22.479997,120.466058,-0.12,23.5,-3.33,64.0,0.0,0.0,12Q970
口湖工作站,23.589978,120.180394,1.37,22.2,-9.0,67.0,0.0,-1.63,12J990
