站名,緯度,經度,平均溫距平,本年度平均溫,平均溼度距平,本年度日均相對溼度,本年度日均降水量,日均降水量距平,站號
淡水,25.164889,121.448906,-0.52,15.0,-3.08,78.8,6.22,2.5,466900
鞍部,25.182586,121.529731,-1.52,9.39,2.88,94.4,12.37,2.59,466910
臺北,25.037658,121.514853,-1.11,15.64,0.15,77.53,6.25,2.74,466920
竹子湖,25.162078,121.544547,-1.5,11.04,2.42,90.4,11.77,4.15,466930
基隆,25.133314,121.740475,-1.05,15.05,-3.16,76.46,18.69,7.23,466940
花蓮,23.975128,121.613275,-1.6,16.95,2.16,78.2,3.36,1.36,466990
新屋,25.006744,121.047486,-0.61,14.54,0.27,79.27,4.02,1.15,467050
宜蘭,24.763975,121.756528,-1.68,15.29,5.2,84.73,6.55,1.79,467080
金門,24.407306,118.289281,-0.16,13.01,-2.89,71.53,2.38,0.76,467110
澎湖,23.565503,119.563094,-1.71,15.25,0.65,81.27,3.74,2.91,467350
臺南,22.993239,120.204772,-2.07,16.45,3.14,77.53,5.61,5.16,467410
永康,23.038386,120.2367,-1.57,16.5,5.16,78.73,6.22,5.93,467420
嘉義,23.495925,120.432906,-1.65,15.87,8.16,86.27,5.42,4.8,467480
臺中,24.145736,120.684075,-1.22,16.27,0.63,75.2,5.26,4.28,467490
阿里山,23.508208,120.813242,-0.16,6.99,6.9,90.07,12.55,10.34,467530
大武,22.355675,120.903789,-1.79,19.01,1.85,73.73,2.36,1.06,467540
玉山,23.487614,120.959522,0.41,0.16,1.07,68.47,14.97,13.6,467550
新竹,24.827853,121.014219,-1.11,14.65,-2.31,77.54,4.05,1.35,467571
恆春,22.003897,120.746339,-1.58,19.9,0.85,72.33,0.6,-0.12,467590
成功,23.097486,121.373428,-1.69,17.61,3.96,79.8,5.76,3.34,467610
日月潭,23.881325,120.90805,-1.34,13.58,12.9,90.47,5.61,4.29,467650
臺東,22.752211,121.154586,-1.8,18.21,3.55,75.87,4.16,3.02,467660
馬祖,26.169269,119.923419,-0.37,9.72,-4.05,78.87,1.8,-1.03,467990
山佳,24.974944,121.402008,-0.45,15.72,-1.36,79.93,6.67,3.24,C0A520
坪林,24.938183,121.70975,-0.92,13.17,-5.14,87.2,8.4,4.1,C0A530
泰平,24.971197,121.823711,-0.95,12.11,1.77,96.6,21.03,8.29,C0A550
桶後,24.848222,121.597992,-0.83,12.66,-1.99,92.73,11.6,5.82,C0A570
石碇,24.993969,121.662917,-0.39,13.85,-2.84,87.47,9.93,4.35,C0A640
大坪,25.165914,121.632969,-0.58,13.07,2.49,93.73,34.1,10.28,C0A860
五指山,25.132153,121.608692,0.1,11.89,2.12,95.07,16.6,7.61,C0A870
雙溪,25.036003,121.864242,-0.39,14.91,-4.03,87.93,14.53,4.61,C0A890
三和,25.233153,121.595236,-0.8,13.19,3.53,87.0,25.73,9.65,C0A931
金山,25.223628,121.643967,2.14,17.6,-4.23,80.93,12.63,3.58,C0A940
鼻頭角,25.129036,121.923372,-0.59,15.77,1.29,83.47,7.73,4.39,C0A950
三貂角,25.007606,122.002058,-0.97,15.28,-2.54,85.07,9.53,2.56,C0A970
社子,25.109508,121.469681,-0.17,16.18,1.79,82.2,4.63,2.3,C0A980
天母,25.117494,121.537169,-1.03,15.67,-4.46,71.8,3.8,1.76,C0A9C0
內湖,25.079422,121.57545,-1.21,15.51,10.62,90.67,4.47,2.06,C0A9F0
大屯山,25.175675,121.522408,-0.11,9.51,3.69,97.8,7.77,1.98,C0AC40
三峽,24.939025,121.369728,0.39,16.45,-2.05,80.67,7.43,2.75,C0AC60
信義,25.037822,121.564597,0.2,16.5,0.78,82.0,6.77,3.07,C0AC70
文山,25.00235,121.575728,-0.67,15.11,-5.32,79.73,7.4,3.01,C0AC80
新莊,25.051478,121.446756,-1.01,15.53,2.03,78.07,5.33,2.14,C0ACA0
八里,25.150211,121.403947,-0.64,15.18,2.03,83.8,5.67,1.93,C0AD10
蘆洲,25.086594,121.472331,-0.54,16.15,-1.27,75.73,4.83,2.14,C0AD30
土城,24.973208,121.445169,-0.49,15.39,0.09,82.07,7.6,3.25,C0AD40
鶯歌,24.951533,121.346294,0.48,16.23,-2.81,81.0,6.0,2.04,C0AD50
汐止,25.066881,121.658778,-0.44,15.3,-2.06,84.6,10.43,4.21,C0AH00
永和,25.01125,121.508111,0.27,16.35,4.28,79.4,6.67,3.15,C0AH10
五分山,25.07125,121.780794,2.09,13.16,2.05,95.6,27.25,11.67,C0AH30
平等,25.129142,121.577086,-1.22,12.55,-0.5,84.2,6.0,2.84,C0AH40
林口,25.072181,121.38084,-0.96,13.53,4.85,85.67,6.2,3.9,C0AH50
松山,25.04871,121.55042,-0.89,15.77,-5.28,66.5,5.8,3.14,C0AH70
深坑,25.002703,121.628328,1.03,16.27,-4.6,83.93,7.97,4.13,C0AH80
福山植物園,24.760717,121.58135,-0.76,10.9,4.53,97.13,11.37,6.87,C0AH90
五股,25.07445,121.42728,-2.98,13.49,-4.33,83.0,5.47,4.01,C0AI00
屈尺,24.92184,121.54475,-1.39,15.5,-12.61,72.53,10.07,8.42,C0AI10
白沙灣,25.283128,121.519058,-1.24,14.89,-4.27,82.93,4.6,1.48,C0AI20
三重,25.057328,121.500629,-1.64,15.83,-0.26,78.8,4.4,3.19,C0AI30
石牌,25.115597,121.513139,-1.76,16.51,4.66,76.87,3.9,2.87,C0AI40
七堵,25.094819,121.71713,-0.57,16.13,-7.43,82.13,15.37,9.38,C0B010
基隆嶼,25.19141,121.78391,-1.45,14.75,2.94,91.0,12.47,8.76,C0B020
復興,24.820208,121.352281,-0.42,13.19,-4.01,79.6,6.8,3.0,C0C460
桃園,24.992425,121.323172,-0.65,14.99,-0.89,77.67,6.23,2.41,C0C480
八德,24.928708,121.283289,-0.79,14.36,-3.36,78.87,6.6,2.58,C0C490
觀音,25.027072,121.153317,-0.77,14.03,-2.26,80.2,5.27,1.13,C0C590
蘆竹,25.084275,121.265767,-1.05,14.15,1.41,83.33,5.4,1.41,C0C620
大溪,24.882853,121.265547,-0.77,13.81,0.37,81.67,5.83,2.1,C0C630
平鎮,24.897503,121.214636,-0.45,13.89,-2.09,81.8,5.77,1.9,C0C650
楊梅,24.912375,121.143047,-0.64,13.99,0.84,79.0,5.9,2.09,C0C660
龍潭,24.870056,121.221389,-0.41,13.47,4.1,83.87,6.5,3.29,C0C670
龜山,25.02846,121.38656,-0.29,14.03,-2.05,80.93,6.2,3.22,C0C680
中壢,24.977661,121.256375,-0.73,14.16,-2.04,79.2,5.43,2.62,C0C700
大溪永福,24.892936,121.324975,-1.41,14.61,-2.52,83.6,7.43,6.1,C0C710
梅花,24.678347,121.208558,-0.91,12.6,-0.05,87.2,7.8,4.95,C0D360
峨眉,24.6905,121.017189,-0.51,14.45,-2.81,83.8,5.53,2.9,C0D430
打鐵坑,24.849664,121.150789,-0.85,13.36,-5.29,82.67,4.73,0.9,C0D480
橫山,24.71116,121.11693,-1.17,13.43,1.31,87.67,5.8,2.41,C0D540
雪霸,24.526972,121.11605,-0.69,8.21,3.68,85.27,9.13,5.0,C0D550
竹東,24.767147,121.057881,-0.11,14.69,-0.24,78.13,4.3,1.19,C0D560
寶山,24.735006,121.025192,-0.59,14.09,-0.45,83.47,4.77,1.2,C0D580
新豐,24.87068,120.97721,-0.81,13.74,1.59,85.53,2.5,-0.6,C0D590
湖口,24.904794,121.043628,-0.63,14.25,-2.33,78.2,3.23,0.94,C0D650
新竹市東區,24.798681,120.986942,-0.88,14.23,3.14,77.6,4.0,2.35,C0D660
竹南,24.708978,120.888897,-0.36,15.05,1.51,82.53,3.97,1.98,C0E420
南庄,24.601775,121.000214,-1.16,13.43,5.46,90.4,7.23,4.18,C0E430
明德,24.583486,120.885411,-0.56,14.59,-2.63,81.8,4.77,2.9,C0E550
通霄,24.471892,120.704622,-1.23,14.32,0.38,83.87,3.97,2.97,C0E590
馬都安,24.451272,120.930192,-1.35,12.05,2.76,86.8,5.87,3.58,C0E610
頭份,24.688247,120.912206,-0.18,15.45,0.07,78.47,4.0,1.51,C0E730
造橋,24.637056,120.864778,-1.01,14.35,-2.02,82.53,4.4,2.46,C0E740
苗栗,24.564569,120.824575,-1.14,14.38,0.4,80.27,4.4,2.7,C0E750
銅鑼,24.489681,120.790853,-1.39,13.73,8.76,91.78,5.3,3.87,C0E780
西湖,24.562947,120.7485,-0.83,14.15,0.4,84.53,3.57,2.41,C0E810
獅潭,24.539133,120.920042,-1.02,13.41,-2.68,85.0,6.23,4.13,C0E820
苑裡,24.439714,120.653053,-1.72,14.23,3.57,81.73,3.47,2.61,C0E830
大河,24.618069,120.948578,-2.56,12.25,-0.01,83.0,5.77,4.14,C0E850
高鐵苗栗,24.60725,120.826094,-1.27,14.51,6.41,87.47,3.9,2.93,C0E870
石岡,24.276061,120.777644,-0.17,15.43,4.9,86.87,4.17,3.76,C0F0B0
中坑,24.248517,120.903319,-2.01,12.26,5.65,90.0,6.3,5.25,C0F0C0
審馬陣,24.381675,121.4203,-0.55,2.24,14.08,86.53,6.97,4.13,C0F0D0
東勢,24.246428,120.833047,-0.2,15.45,3.06,82.73,5.8,4.64,C0F850
大坑,24.173142,120.722289,-0.1,16.95,3.03,77.73,5.9,5.15,C0F970
神岡,24.272481,120.658314,-1.48,14.07,-4.13,81.13,3.6,2.56,C0F9I0
大安,24.345061,120.588025,-1.7,14.18,-0.24,83.87,3.37,2.8,C0F9K0
后里,24.310436,120.729725,-0.73,14.84,-0.75,82.13,3.9,3.0,C0F9L0
豐原,24.254322,120.720692,-0.15,15.83,2.05,80.67,3.9,3.0,C0F9M0
大里,24.092464,120.701378,-1.33,16.79,7.03,78.4,5.33,4.56,C0F9N0
潭子,24.213106,120.703933,-0.91,15.94,4.42,81.13,4.2,3.52,C0F9O0
清水,24.312297,120.562242,-1.8,14.31,3.05,84.33,3.1,2.58,C0F9P0
外埔,24.347817,120.705686,-0.92,14.86,-1.95,81.47,3.53,2.69,C0F9Q0
龍井,24.184536,120.528972,-1.61,15.01,-2.39,80.73,3.43,2.85,C0F9R0
烏日,24.107058,120.624103,-1.12,15.99,1.34,75.0,4.73,4.15,C0F9S0
西屯,24.179494,120.641275,-1.32,15.21,1.74,78.27,3.93,3.44,C0F9T0
南屯,24.137006,120.637969,-1.46,16.15,2.26,74.67,3.77,3.2,C0F9U0
新社,24.200172,120.815806,-0.96,14.05,3.32,86.0,5.83,4.62,C0F9V0
大雅(中科園區),24.21528,120.62445,-1.51,14.47,5.07,81.73,3.6,3.22,C0F9X0
桃山,24.432739,121.303808,-0.39,2.22,14.09,78.53,5.57,4.86,C0F9Y0
雪山東峰,24.388792,121.268675,-0.25,2.98,12.5,77.0,7.17,6.11,C0F9Z0
芬園,24.015678,120.6213,-1.66,14.97,6.43,85.93,4.4,3.81,C0G620
員林,23.946503,120.585597,0.37,18.02,-1.05,76.0,3.93,3.23,C0G650
溪湖,23.94835,120.479122,0.09,16.99,12.91,92.47,3.47,2.91,C0G660
溪州,23.851589,120.499093,-1.2,15.49,1.68,77.2,4.43,3.98,C0G720
二林,23.903325,120.376081,-1.39,14.83,2.59,84.8,3.13,2.7,C0G730
福興,24.041289,120.437669,-1.24,15.67,-0.48,77.67,4.3,3.82,C0G770
秀水,24.03405,120.503869,-0.55,16.49,4.04,83.47,3.97,3.55,C0G780
埔鹽,24.000394,120.431683,-0.4,16.1,1.41,83.33,3.43,2.99,C0G800
埔心,23.947633,120.525456,-0.8,16.35,8.16,85.25,3.8,3.24,C0G810
田尾,23.901669,120.509389,-0.96,15.95,3.94,85.93,3.9,3.33,C0G820
埤頭,23.866003,120.452806,-1.35,15.43,-4.54,81.56,2.97,2.58,C0G830
社頭,23.897647,120.5862,-0.96,16.84,9.7,84.27,4.1,3.34,C0G860
二水,23.810742,120.6173,0.55,18.17,3.92,83.93,4.0,3.46,C0G880
伸港,24.148933,120.484403,-1.71,14.72,0.05,80.73,3.4,2.78,C0G890
線西,24.143358,120.443536,-2.82,14.71,-0.76,82.53,3.53,3.15,C0G900
花壇,24.032076,120.549461,-1.48,16.47,10.11,85.93,3.57,3.3,C0G910
埔里,23.972169,120.952425,-0.19,16.33,6.95,85.73,5.13,3.74,C0H890
草屯,23.973672,120.68085,-1.44,15.91,2.59,78.87,4.43,3.7,C0H960
昆陽,24.121322,121.273642,-0.2,2.41,15.52,93.0,5.77,4.46,C0H990
神木村,23.532742,120.843667,-0.55,11.08,8.62,91.73,9.83,8.09,C0H9A0
合歡山,24.143442,121.272547,0.6,1.31,13.58,96.2,12.03,7.05,C0H9C0
廬山,24.033311,121.181808,-0.85,11.38,13.32,89.33,5.5,3.0,C0I010
信義,23.689694,120.851036,-0.89,14.87,9.1,89.13,6.53,5.42,C0I080
竹山,23.761225,120.688156,-1.24,15.73,4.16,88.13,5.4,4.63,C0I110
水里,23.812553,120.849792,-0.9,15.72,4.85,84.53,5.57,3.93,C0I360
魚池,23.895703,120.94135,-0.21,15.21,2.64,86.07,5.97,3.73,C0I370
集集,23.828206,120.801467,-1.14,15.77,6.99,86.2,5.67,4.5,C0I380
仁愛,24.022122,121.132206,-0.09,12.87,10.64,90.2,5.63,2.93,C0I390
名間,23.837053,120.701447,-1.36,15.26,4.75,82.67,4.6,3.82,C0I410
國姓,24.037803,120.855072,-0.81,15.77,4.99,85.0,4.73,3.85,C0I420
南投,23.911469,120.687331,-0.9,16.37,8.04,82.6,3.93,3.36,C0I460
梅峰,24.085272,121.173572,0.68,7.98,9.35,91.6,6.7,3.71,C0I480
萬大林道,23.928228,121.091411,-0.28,10.91,7.11,88.47,5.9,3.1,C0I490
小奇萊,24.131764,121.295717,-0.31,1.99,14.88,95.13,9.6,6.61,C0I530
崙背,23.75555,120.318925,-1.18,15.34,-1.0,77.53,4.1,3.67,C0K250
四湖,23.630414,120.227125,-1.42,15.65,1.45,77.87,4.13,3.62,C0K280
宜梧,23.536281,120.169329,-1.48,15.36,1.19,79.73,4.63,4.04,C0K291
虎尾,23.719183,120.442036,-1.66,15.65,7.73,83.27,4.67,4.08,C0K330
土庫,23.679029,120.395574,-1.28,15.47,2.17,79.13,4.13,3.7,C0K390
斗六,23.720583,120.541127,-1.24,15.67,-0.62,78.87,4.77,4.24,C0K400
北港,23.573957,120.292802,-1.55,15.31,-0.23,78.27,4.63,4.2,C0K410
西螺,23.800407,120.467394,-1.21,15.48,2.71,80.4,4.33,3.76,C0K420
褒忠,23.690938,120.303634,-1.42,15.13,-0.6,77.87,4.03,3.47,C0K430
二崙,23.772797,120.408944,-1.48,15.0,7.89,87.13,3.17,2.68,C0K440
大埤,23.646074,120.431537,-1.34,15.59,1.95,79.33,3.93,3.48,C0K450
斗南,23.678734,120.478359,-1.29,15.51,4.57,81.27,4.4,3.92,C0K460
林內,23.748675,120.609642,-1.08,15.72,3.25,82.33,4.83,4.08,C0K470
莿桐,23.761192,120.502372,-1.34,15.29,2.18,80.53,4.67,4.27,C0K480
元長,23.64981,120.315024,-1.4,15.31,3.9,80.27,4.63,4.22,C0K500
水林,23.572924,120.24597,-1.3,15.53,2.71,79.13,4.5,4.12,C0K510
臺西,23.701547,120.197559,-1.63,14.96,3.13,81.73,3.87,3.41,C0K530
蔦松,23.514319,120.229736,-1.42,15.45,2.79,80.8,4.8,4.39,C0K550
棋山,23.68645,120.603417,-1.01,15.87,5.69,85.53,5.7,4.87,C0K560
高鐵雲林,23.737456,120.417944,-2.11,15.25,-3.27,83.07,3.83,3.43,C0K580
東後寮,23.369908,120.248065,-1.35,15.53,3.48,81.6,5.23,4.83,C0M520
奮起湖,23.493903,120.699253,4.78,17.7,-8.76,76.25,0.0,-1.35,C0M530
中埔,23.42538,120.5229,-1.51,15.47,4.67,82.4,6.1,5.46,C0M640
朴子,23.43463,120.23902,-2.06,14.93,6.16,82.4,4.87,4.43,C0M650
溪口,23.604131,120.403569,-1.29,15.51,0.56,79.2,4.37,3.92,C0M660
大林,23.600616,120.45841,-1.28,15.76,4.19,79.53,5.63,5.15,C0M670
太保,23.455062,120.331455,-1.67,15.56,1.38,78.93,5.63,5.27,C0M680
水上,23.419734,120.388909,-1.3,15.79,7.93,84.6,5.7,5.36,C0M690
竹崎,23.526178,120.555508,-1.17,15.64,4.26,84.47,6.53,6.02,C0M700
東石,23.458927,120.15385,-1.61,15.25,-1.17,77.47,5.27,4.83,C0M710
番路,23.464657,120.554156,-1.39,15.09,8.25,87.0,6.3,5.64,C0M720
嘉義市東區,23.457673,120.460531,-1.31,16.67,6.46,79.0,5.83,5.52,C0M730
六腳,23.492871,120.290625,-1.52,15.49,2.51,78.93,5.33,4.86,C0M740
布袋,23.380878,120.167789,-1.47,15.45,0.21,79.07,5.03,4.64,C0M750
民雄,23.551754,120.428457,-1.4,15.8,2.36,79.2,5.9,5.4,C0M760
嘉義梅山,23.585398,120.555587,-1.33,15.41,7.43,86.13,5.8,5.24,C0M770
鹿草,23.41134,120.30835,-1.35,15.85,4.74,79.8,5.3,4.9,C0M780
新港,23.553269,120.345728,-1.57,15.49,4.05,79.6,5.33,4.92,C0M790
茶山,23.299075,120.664767,-0.43,16.69,8.0,87.73,6.93,5.99,C0M800
里佳,23.389125,120.716647,0.2,12.7,7.09,89.53,9.23,7.54,C0M810
達邦,23.453994,120.749517,0.12,14.58,11.64,89.0,8.23,6.85,C0M820
表湖,23.24186,120.64166,-1.87,14.8,9.03,89.47,7.03,6.2,C0M850
北寮,23.079561,120.495008,-1.06,16.57,8.8,90.13,6.4,5.86,C0O830
王爺宮,23.222064,120.40085,0.7,17.69,-3.86,78.33,6.07,5.46,C0O840
大內,23.11885,120.36083,-0.32,17.61,4.63,84.87,5.3,5.01,C0O860
善化,23.112883,120.297219,-1.42,16.57,5.49,87.53,6.17,5.82,C0O900
崎頂,22.959547,120.369317,-0.85,16.49,7.77,88.2,6.13,5.47,C0O960
虎頭埤,23.021375,120.347878,-1.17,16.37,2.38,83.87,6.27,5.9,C0O970
新市,23.061614,120.298197,-0.64,17.22,1.26,80.33,5.53,5.17,C0O980
媽廟,22.99175,120.293525,-1.53,16.44,11.45,90.33,5.87,5.45,C0O990
尾寮山,22.833111,120.683889,-1.17,13.91,2.13,88.87,5.23,4.47,C0R100
阿禮,22.742908,120.743678,-0.02,14.85,6.32,84.47,2.1,1.3,C0R130
瑪家,22.682903,120.686639,-1.16,14.81,13.69,96.27,2.17,1.43,C0R140
三地門,22.709889,120.639944,-1.67,18.49,-1.57,71.2,2.2,1.78,C0R150
鹽埔,22.739558,120.530778,-1.02,18.0,4.22,85.67,3.1,2.58,C0R160
赤山,22.592333,120.614306,-0.74,18.53,10.69,89.67,1.1,0.71,C0R190
潮州,22.534361,120.54,-0.88,19.17,2.62,80.27,0.8,0.54,C0R220
來義,22.527306,120.625111,-1.47,17.63,11.25,90.87,0.97,0.5,C0R240
春日,22.370361,120.628306,-2.16,17.71,9.54,85.25,0.53,-0.0,C0R260
琉球嶼,22.332244,120.362236,-2.25,18.51,1.29,78.2,0.83,0.42,C0R270
車城,22.0744,120.716247,-1.74,19.55,1.52,75.93,0.13,0.13,C0R320
牡丹,22.130036,120.792639,-1.56,17.12,5.27,91.8,1.3,1.24,C0R341
貓鼻頭,21.921774,120.7358,-1.55,19.73,0.8,77.8,0.27,-0.24,C0R350
大漢山,22.405264,120.753181,-0.25,9.44,1.19,98.13,3.83,1.36,C0R440
高樹,22.826389,120.600806,-1.07,18.3,2.76,79.27,4.03,3.48,C0R470
長治,22.693128,120.542622,-0.47,19.03,4.64,82.87,2.27,1.89,C0R480
九如,22.7405,120.490503,-0.6,18.77,-2.59,78.93,2.87,2.45,C0R490
崁頂,22.514781,120.506914,-1.25,18.34,0.76,81.07,0.7,0.2,C0R520
佳冬,22.419456,120.552375,-1.18,18.47,5.57,83.4,0.4,0.04,C0R540
新埤,22.467947,120.582894,-1.2,18.43,0.0,78.47,0.5,0.15,C0R550
新園,22.5434,120.461558,-0.43,19.06,-1.41,74.93,0.87,0.31,C0R560
麟洛,22.65078,120.52719,-0.16,19.58,8.33,83.2,1.47,1.08,C0R570
南州,22.48591,120.50274,-1.51,18.05,5.95,83.4,0.87,0.51,C0R580
里港,22.77919,120.49459,-1.25,17.92,4.74,81.4,3.3,2.92,C0R590
舊泰武,22.588194,120.664944,-1.08,15.11,7.03,92.07,1.9,1.09,C0R600
墾雷,21.900836,120.855269,-1.45,19.54,11.94,89.27,1.1,-0.91,C0R620
東港,22.46247,120.44074,-3.2,18.69,3.64,80.67,0.83,0.58,C0R640
竹田,22.58486,120.54344,-3.01,18.67,-0.53,79.53,0.9,0.49,C0R650
枋寮,22.367722,120.590647,-1.8,18.79,10.43,86.13,0.33,0.01,C0R660
楓港,22.190131,120.692156,-2.35,19.37,1.33,68.8,0.13,-0.07,C0R670
佳樂水,21.993578,120.861633,-2.29,19.47,3.4,81.4,2.67,-4.01,C0R680
墾丁,21.966756,120.810269,-1.71,17.56,0.58,86.47,1.2,-2.71,C0R690
枋山,22.246844,120.661086,-1.97,19.52,5.76,73.93,0.07,0.01,C0R700
旭海,22.205403,120.887614,-2.22,17.23,14.54,97.6,3.87,-4.34,C0R720
下馬,23.150427,121.070312,1.86,15.9,8.53,96.0,6.0,5.53,C0S660
太麻里,22.60902,120.98533,-1.43,14.95,2.67,87.2,3.9,2.43,C0S690
知本,22.684866,121.005642,-1.5,14.71,4.83,92.07,4.37,2.67,C0S700
鹿野,22.917711,121.122994,-1.58,14.64,5.06,90.53,4.53,3.5,C0S710
綠島,22.6672,121.47533,-1.62,17.8,13.3,95.07,8.8,2.27,C0S730
池上,23.119628,121.209469,-1.62,15.15,3.78,89.67,4.6,3.91,C0S740
向陽,23.248397,120.986133,4.48,11.4,7.29,95.0,13.5,10.98,C0S750
大溪山,22.478475,120.943325,-1.54,15.59,0.24,87.07,5.3,3.1,C0S770
金崙,22.538122,120.966875,-2.1,16.99,3.14,84.2,3.9,2.32,C0S790
東河,22.972672,121.303986,-2.88,17.38,2.77,82.18,4.45,2.63,C0S810
長濱,23.286817,121.411975,-2.08,16.0,3.0,84.47,5.27,3.51,C0S830
南田,22.279725,120.889208,-1.91,19.0,15.35,97.0,3.13,0.82,C0S840
關山,23.0395,121.175017,-0.96,15.9,2.56,87.8,4.67,4.17,C0S890
蘭嶼高中,22.04909,121.51214,-2.66,19.78,5.63,81.6,13.23,-1.69,C0S900
蘭嶼燈塔,22.081197,121.503117,-2.79,18.17,0.47,89.47,6.67,-0.55,C0S910
金峰嘉蘭,22.594789,120.960825,-2.17,17.24,6.31,85.67,4.37,3.57,C0S920
延平,22.902581,121.084058,-1.92,15.85,5.62,86.73,5.4,4.72,C0S930
石寧山,23.223772,121.406639,-2.22,16.49,7.24,89.0,5.5,4.91,C0S940
七塊厝,22.954453,121.229922,-0.98,15.9,13.06,100.0,14.0,13.71,C0S950
香蘭,22.587569,120.993375,-2.12,18.24,8.81,81.45,4.45,2.16,C0S960
加津林,22.416211,120.926942,-1.62,18.81,2.15,76.8,2.9,-0.07,C0S970
勝林山,22.430439,120.8938,-2.69,11.71,2.92,98.33,6.9,3.14,C0S980
山豬窟,22.318619,120.857372,-2.36,15.57,3.38,87.27,3.47,0.7,C0S990
歷坵,22.520969,120.89185,-1.67,14.95,3.73,92.73,5.4,4.25,C0SA00
檳榔四格山,22.810031,121.109308,-2.24,15.06,6.54,91.6,3.87,3.51,C0SA10
金崙山,22.567419,120.959667,-1.71,12.44,0.78,94.6,6.27,4.38,C0SA20
都歷,23.020333,121.323642,-1.89,17.59,22.06,97.0,4.23,3.03,C0SA30
瑞和,22.974361,121.156697,-1.69,15.97,11.73,95.67,5.07,4.74,C0SA40
土坂,22.453108,120.887572,-1.55,17.13,4.45,87.87,4.63,2.43,C0SA80
大禹嶺,24.186117,121.316086,-0.32,4.75,11.29,83.0,6.93,3.65,C0T790
天祥,24.179597,121.495639,-1.12,13.43,4.57,87.0,2.67,0.87,C0T820
鯉魚潭,23.935639,121.508944,-1.64,14.71,2.86,92.67,5.6,2.97,C0T870
西林,23.8119,121.441458,-1.12,15.51,5.64,90.27,4.27,1.95,C0T900
光復,23.660694,121.424964,-1.12,15.92,-1.42,88.07,3.57,1.16,C0T960
月眉山,23.809928,121.539828,-1.39,13.54,2.07,95.4,5.5,2.34,C0T9A0
水源,23.991861,121.537169,-1.65,12.94,3.63,94.33,7.67,3.4,C0T9B0
和中,24.26676,121.74103,-1.92,16.5,14.44,96.73,3.87,0.62,C0T9D0
大坑,23.880628,121.581981,-1.71,13.85,3.27,93.67,5.83,2.6,C0T9E0
水璉,23.797131,121.542514,-2.36,15.13,7.07,91.13,4.93,2.41,C0T9F0
鳳林山,23.735269,121.420131,-2.82,12.83,-0.5,95.07,4.33,1.19,C0T9G0
加路蘭山,23.682947,121.5274,-1.79,12.22,3.71,99.4,11.47,5.34,C0T9H0
靜浦,23.455167,121.495028,-1.6,16.25,3.81,89.87,10.2,5.75,C0T9M0
富里,23.171639,121.249378,0.96,18.1,13.53,100.0,11.0,10.88,C0T9N0
雙連埤,24.753033,121.641303,-1.78,11.33,-0.67,96.33,10.53,5.33,C0U520
礁溪,24.817539,121.765608,-1.54,15.23,3.72,86.33,7.0,2.86,C0U600
玉蘭,24.675286,121.587061,-1.59,12.51,2.14,89.53,12.4,6.69,C0U650
太平山,24.505486,121.525656,-1.18,5.78,3.83,94.27,8.0,4.24,C0U710
南山,24.43742,121.38167,-3.13,8.51,0.04,96.07,6.27,5.13,C0U720
東澳,24.52196,121.83318,-2.43,15.35,12.24,97.53,13.5,6.24,C0U760
南澳,24.44935,121.81022,-2.26,15.94,7.1,81.87,3.37,0.84,C0U770
五結,24.68637,121.79794,-1.9,14.71,5.47,86.87,7.2,2.39,C0U780
頭城,24.85323,121.8308,-1.56,15.34,8.73,88.47,7.3,5.63,C0U860
大礁溪,24.791042,121.675047,-1.42,12.41,7.29,94.8,8.93,5.72,C0U870
三星,24.66812,121.65302,-1.6,14.45,8.46,95.93,6.67,4.59,C0U890
內城,24.71813,121.68766,-1.34,14.97,3.05,88.93,6.93,4.88,C0U900
冬山,24.63373,121.7937,-1.33,15.28,15.95,96.6,10.23,7.92,C0U910
羅東,24.68184,121.74934,-1.16,15.14,2.75,86.87,5.57,3.66,C0U940
鶯子嶺,24.89754,121.79244,-1.18,8.68,-0.74,96.53,15.1,8.4,C0U950
翠峰湖,24.510856,121.608044,-1.31,4.66,0.45,96.67,5.6,3.3,C0U960
大福,24.80064,121.81389,-1.74,14.95,4.76,84.73,6.13,4.34,C0U970
坪林石牌,24.86478,121.77396,-1.06,11.41,1.02,96.87,9.2,6.01,C0U980
員山,24.74435,121.72247,-1.6,15.13,7.98,88.33,6.87,4.85,C0U990
土場,24.576533,121.495333,-1.41,13.01,0.31,88.8,4.03,2.57,C0UA00
鴛鴦湖,24.590269,121.412228,-1.22,5.91,2.55,98.67,10.17,5.94,C0UA10
白嶺,24.527819,121.519031,-1.56,7.3,1.54,98.07,10.6,6.18,C0UA30
西德山,24.560647,121.752608,-2.98,8.63,1.59,98.8,10.17,5.98,C0UA40
西帽山,24.555361,121.802628,-2.84,10.12,0.09,96.47,28.17,20.12,C0UA50
樟樹山,24.41393,121.78325,-2.47,12.29,10.28,98.6,5.67,2.42,C0UA60
桃源谷,24.962606,121.888875,-1.4,11.36,1.13,97.53,26.63,15.23,C0UA70
復興,23.222403,120.806089,-0.27,16.33,10.05,84.6,9.0,7.85,C0V210
溪埔,22.738578,120.446797,-1.34,17.56,5.82,82.75,2.35,1.99,C0V350
內門,22.975481,120.466769,-0.1,17.55,4.77,83.47,5.73,5.22,C0V360
古亭坑,22.893178,120.401947,-1.63,16.7,6.63,86.53,5.33,4.95,C0V370
阿公店,22.804194,120.355528,-1.57,16.54,2.39,82.67,3.87,3.54,C0V400
鳳山,22.646653,120.356122,-1.84,17.3,14.35,87.07,1.9,1.42,C0V440
鳳森,22.545064,120.392592,-1.27,18.04,5.31,78.93,1.1,0.62,C0V450
新興,22.627422,120.298803,-1.68,17.92,6.35,77.47,1.87,1.47,C0V490
梓官,22.760558,120.267211,-1.57,17.05,4.55,79.6,3.3,3.06,C0V610
永安,22.82315,120.236856,-1.69,16.62,3.19,79.87,3.83,3.63,C0V620
茄萣,22.906642,120.182608,-1.44,16.59,8.65,81.13,5.2,4.51,C0V630
湖內,22.887139,120.2445,-1.74,16.45,2.45,79.0,5.0,4.35,C0V640
彌陀,22.783806,120.246361,-1.22,17.39,4.85,80.8,4.03,3.79,C0V650
岡山,22.797078,120.294958,-1.16,17.73,4.75,78.27,4.33,4.02,C0V660
仁武,22.701083,120.347722,-1.36,17.87,5.25,79.0,3.07,2.71,C0V680
鼓山,22.623325,120.275575,-1.72,17.54,7.37,81.4,2.27,1.74,C0V690
三民,22.645017,120.311233,-1.67,18.04,9.6,78.6,2.03,1.53,C0V700
苓雅,22.622742,120.330669,-0.93,18.51,14.08,82.07,1.87,1.44,C0V710
林園,22.507747,120.394511,-0.94,19.53,8.86,77.67,0.93,0.33,C0V720
大寮,22.605614,120.395717,-1.54,18.02,10.37,81.6,2.17,1.57,C0V730
旗山,22.888614,120.483597,-0.58,18.06,4.23,79.38,4.8,4.37,C0V740
路竹,22.854997,120.259439,-1.15,17.55,4.58,79.2,4.53,4.26,C0V750
橋頭,22.757806,120.30575,-1.39,17.71,2.11,77.07,3.5,3.19,C0V760
大社,22.730306,120.346639,-1.7,17.25,8.58,81.87,3.2,2.95,C0V770
萬山,22.905944,120.688056,-0.11,17.86,6.52,82.93,0.81,-0.15,C0V790
六龜,22.997889,120.633583,0.15,18.85,10.83,86.8,6.6,5.6,C0V800
左營,22.67491,120.28491,-1.96,16.85,0.93,81.13,2.7,2.37,C0V810
小林,23.148408,120.63325,-2.55,17.01,17.87,89.4,5.27,4.52,C0V820
東莒,25.9652,119.98069,0.13,10.45,-4.05,74.27,0.93,-0.46,C0W110
西嶼,23.5626,119.468436,-1.64,14.66,0.07,83.47,4.3,3.99,C0W120
花嶼,23.40007,119.32276,-1.9,15.33,2.88,82.33,3.77,3.73,C0W130
金寧,24.457703,118.328989,-0.64,13.35,-3.31,68.47,0.67,-0.1,C0W150
東河,23.296598,120.385608,-1.41,15.95,0.64,80.0,5.67,5.26,C0X050
下營,23.22695,120.256261,-1.16,15.9,-0.23,78.33,6.07,5.64,C0X060
佳里,23.173039,120.145086,-1.84,15.87,4.49,82.0,5.57,5.24,C0X080
臺南市北區,23.010394,120.194228,-1.67,16.45,12.48,86.73,4.9,4.39,C0X100
臺南市南區,22.961189,120.188378,-1.77,16.8,6.15,80.2,5.6,4.83,C0X110
麻豆,23.183289,120.248611,-1.09,16.65,6.47,86.27,0.04,-0.37,C0X120
官田,23.193217,120.315422,-1.27,16.64,5.03,83.33,5.63,5.18,C0X130
西港,23.125608,120.203108,-1.88,15.84,7.1,85.2,6.3,5.87,C0X140
安定,23.102614,120.227839,-1.51,15.97,6.2,87.07,4.67,4.2,C0X150
仁德,22.968258,120.257689,-1.07,17.25,6.63,81.6,5.73,5.21,C0X160
關廟,22.963017,120.327797,-2.02,16.13,8.36,84.0,5.6,5.03,C0X170
山上,23.0757,120.363253,-1.21,16.48,1.97,83.4,6.07,5.7,C0X180
安平,22.993161,120.152181,-1.84,16.17,1.28,79.93,5.6,5.22,C0X190
左鎮,23.056758,120.408522,-0.09,17.07,0.8,82.87,5.7,5.35,C0X200
白河,23.347466,120.414427,-1.45,15.88,3.11,81.0,5.5,5.09,C0X210
學甲,23.230367,120.182187,-1.49,15.52,4.87,81.53,5.33,5.05,C0X220
鹽水,23.272621,120.247641,-1.47,15.42,3.44,82.73,5.33,5.05,C0X230
關子嶺,23.331169,120.508025,-0.97,14.63,8.33,92.07,7.33,6.65,C0X240
新營,23.310689,120.316681,-1.57,15.89,5.89,81.53,5.53,5.2,C0X250
後壁,23.366358,120.362326,-1.33,15.81,2.28,80.07,6.17,5.87,C0X260
將軍,23.214999,120.13577,-1.78,15.26,0.96,78.87,4.37,4.09,C0X280
北門,23.267772,120.125481,-1.9,15.21,2.32,80.6,5.47,5.16,C0X290
鹿寮,23.386047,120.477331,-0.82,16.11,5.12,87.33,6.2,5.68,C0X300
柳營,23.253328,120.375253,-2.06,16.41,1.69,78.33,5.83,5.69,C0X320
明里,23.208717,121.262342,-1.34,15.32,2.15,91.8,4.73,3.89,C0Z020
佳心,23.34567,121.21316,-1.71,11.6,9.0,98.87,5.07,3.88,C0Z050
玉里,23.3215,121.339656,-1.76,15.5,6.4,94.2,5.53,4.29,C0Z061
舞鶴,23.46811,121.37407,-1.31,14.87,8.59,99.87,4.47,3.09,C0Z070
富源,23.587642,121.378225,-1.04,14.82,0.84,92.33,4.03,2.07,C0Z080
東華,23.89525,121.549833,-0.51,16.47,0.15,88.6,1.93,0.58,C0Z100
吉安光華,23.930925,121.595153,-1.09,16.67,-7.62,75.0,3.23,1.92,C0Z150
鳳林,23.746114,121.453411,-1.34,15.77,-1.41,83.67,3.07,1.8,C0Z160
卓溪,23.3443,121.3029,-2.11,15.35,5.19,88.27,4.47,3.95,C0Z170
新城,24.03946,121.60454,-1.49,16.64,4.01,82.29,4.25,2.56,C0Z180
富世,24.14743,121.6297,-1.55,16.52,1.95,83.4,4.03,1.8,C0Z190
萬榮,23.709219,121.420106,-1.16,15.59,-5.56,85.2,2.73,1.62,C0Z200
瑞穗,23.5239,121.39021,-1.07,15.7,3.15,90.6,4.6,3.52,C0Z210
和平林道,24.343922,121.656317,-1.53,12.49,-0.61,88.33,3.33,2.33,C0Z220
和平,24.30717,121.77007,-1.89,16.06,1.64,75.2,3.73,0.89,C0Z230
瑞穗林道,23.49284,121.30688,-0.17,11.51,2.1,98.67,8.13,4.69,C0Z250
蕃薯寮,23.73835,121.540108,-1.47,14.21,3.65,90.27,7.17,3.69,C0Z270
德武,23.47426,121.41071,-1.86,15.05,1.62,92.27,5.23,4.1,C0Z280
赤柯山,23.36893,121.38293,-1.79,10.77,3.13,99.07,8.97,7.0,C0Z290
東里,23.26853,121.30547,-1.59,15.56,-0.87,88.93,5.3,4.53,C0Z300
清水斷崖,24.218294,121.689142,-1.87,16.21,1.35,82.47,0.0,-0.93,C0Z310
清水林道,23.27125,121.188272,-2.61,12.67,2.71,92.27,7.3,5.7,C0Z320
安通山,23.290728,121.348528,-3.72,13.11,5.76,95.2,6.33,4.6,C0Z330
口湖工作站,23.589978,120.180394,-3.29,15.33,-0.85,74.27,3.17,3.0,12J990
東港工作站,22.479997,120.466058,-3.12,18.71,1.84,67.67,0.73,0.6,12Q970
恆春工作站,22.079678,120.714425,-2.44,19.96,-0.53,67.27,0.03,-0.35,12Q980
萬大發電廠,23.978875,121.139639,-1.69,13.96,6.26,83.87,5.37,2.49,42HA10
桃改樹林分場,24.944503,121.386972,-1.29,15.18,-1.39,75.67,6.57,4.01,72AI40
桃園農改場,24.950944,121.030583,-0.52,14.53,-3.96,80.6,4.37,1.82,72C440
桃改五峰分場,24.612194,121.157167,-1.02,10.4,2.92,91.0,9.33,5.99,72D080
臺中農改場,24.003028,120.534389,-1.47,15.45,2.34,81.6,3.4,2.7,72G600
中改埔里分場,23.903208,120.963364,-1.85,14.95,10.31,91.13,5.93,2.62,72HA00
南改斗南分場,23.634556,120.477333,-1.03,16.17,0.09,80.8,5.03,4.39,72K220
南改義竹分場,23.360694,120.279361,-1.69,15.59,-0.7,79.8,5.4,4.97,72M360
南改鹿草分場,23.416869,120.283061,-3.39,15.65,1.31,80.4,5.03,4.87,72M700
臺南農改場,23.0605,120.342194,-1.99,16.1,4.56,84.47,0.47,0.16,72N100
七股研究中心,23.081672,120.062894,-3.84,15.65,1.24,81.87,6.43,6.39,72N240
高雄農改場,22.709333,120.525889,-1.73,18.31,6.73,84.4,1.4,1.11,72Q010
東改班鳩分場,22.829528,121.077694,-1.47,16.06,1.22,80.8,4.17,3.2,72S200
東改賓朗果園,22.813889,121.071278,-2.24,15.8,-3.47,84.0,4.37,3.44,72S590
花蓮農改場,23.975222,121.563889,-1.21,16.45,-0.26,81.53,5.0,3.35,72T250
花改蘭陽分場,24.686306,121.716583,-1.38,15.15,0.88,83.73,6.13,2.27,72U480
高改旗南分場,22.857861,120.516667,-2.22,17.43,9.04,82.07,4.57,4.32,72V140
茶改北部分場,24.955778,121.631222,-0.85,12.61,1.0,88.0,11.03,5.12,82A750
茶改場,24.908472,121.185333,-0.82,13.71,-2.81,82.2,6.13,2.4,82C160
茶改中部分場,23.875611,120.913583,-2.05,13.59,7.26,90.07,5.9,4.73,82H320
茶改南部分場,23.762528,120.7405,-1.67,14.31,2.13,89.8,6.53,5.69,82H840
茶改東部分場,22.907694,121.130139,-2.2,15.88,-0.99,80.31,4.19,3.43,82S580
農工中心,24.985917,121.239833,-0.89,14.45,-0.83,79.53,6.43,3.01,A2C560
水試臺西試驗場,23.717231,120.190522,-1.88,15.35,1.31,84.0,4.4,4.27,A2K360
臺大雲林校區,23.730628,120.423903,-1.9,15.36,1.96,80.2,3.93,3.52,A2K630
臺南蘭花園區,23.340258,120.379661,-1.81,16.19,3.94,81.47,2.73,2.38,A2N290
畜試北區分所,24.527806,120.770972,-1.23,13.99,-1.13,83.07,4.17,3.25,B2E890
畜產試驗所,23.058972,120.336406,-1.88,15.96,4.6,84.73,4.17,3.85,B2N890
畜試南區分所,21.945583,120.802167,-2.08,19.35,-0.02,74.27,0.9,-0.18,B2Q810
畜試東區分所,24.669039,121.832561,-1.71,15.09,10.92,90.8,7.33,5.6,B2U990
蓮華池,23.918333,120.885278,-1.46,14.35,5.45,90.67,4.93,3.73,E2H360
林試畢祿溪站,24.226944,121.308522,0.29,7.69,9.41,85.47,6.77,3.94,E2HA20
四湖植物園,23.676986,120.163433,-3.28,15.4,6.33,88.13,4.27,3.93,E2K600
林試六龜中心,22.991703,120.645722,-0.86,17.47,11.06,87.53,5.9,4.11,E2P980
林試太麻里2,22.598,120.99775,-1.68,18.17,1.13,77.07,3.1,1.42,E2S960
林試太麻里1,22.598922,120.980044,-1.67,17.46,3.61,80.67,3.8,2.95,E2S980
農試所(霧峰),24.031261,120.688133,-1.33,16.19,4.28,83.33,4.27,3.57,G2F820
農試嘉義分所,23.485028,120.473806,-1.68,15.5,1.2,82.07,4.6,3.83,G2L020
農試鳳山分所,22.646611,120.356083,-2.54,17.49,6.18,78.8,1.73,1.33,G2P820
苗栗農改場,24.495722,120.829111,-1.52,13.69,0.1,83.8,5.53,3.69,K2E360
苗改生物防治研究中心,24.422861,120.871833,-2.61,13.05,-1.83,82.87,5.33,4.68,K2E710
種苗改良場,24.225972,120.800917,-1.32,13.75,7.61,87.2,5.87,4.39,K2F750
溪頭,23.670306,120.798194,-1.11,11.69,9.36,96.2,10.23,8.83,U2H480
臺大和社,23.590856,120.888864,-2.03,14.44,15.82,90.73,6.37,6.14,U2HA30
臺大內茅埔,23.689722,120.851117,-3.06,14.79,13.79,88.73,6.7,5.98,U2HA40
臺大竹山,23.756972,120.681556,-1.54,15.72,-0.71,81.87,5.27,4.25,U2HA50
臺大竹山,23.756972,120.681556,-1.54,15.72,-0.71,81.87,5.27,4.25,U2HA50
臺大內茅埔,23.689722,120.851117,-3.06,14.79,13.79,88.73,6.7,5.98,U2HA40
臺大和社,23.590856,120.888864,-2.03,14.44,15.82,90.73,6.37,6.14,U2HA30
臺大溪頭,23.670306,120.798194,-1.11,11.69,9.36,96.2,10.23,8.83,U2H480
種苗繁殖,24.225972,120.800917,-1.32,13.75,7.61,87.2,5.87,4.39,K2F750
苗改生物防治研究中心,24.422861,120.871833,-2.61,13.05,-1.83,82.87,5.33,4.68,K2E710
苗栗農改,24.495722,120.829111,-1.52,13.69,0.1,83.8,5.53,3.69,K2E360
農試鳳山分所,22.646611,120.356083,-2.54,17.49,6.18,78.8,1.73,1.33,G2P820
農試嘉義分所,23.485028,120.473806,-1.68,15.5,1.2,82.07,4.6,3.83,G2L020
農業試驗所,24.031261,120.688133,-1.33,16.19,4.28,83.33,4.27,3.57,G2F820
林試太麻里1,22.598922,120.980044,-1.67,17.46,3.61,80.67,3.8,2.95,E2S980
林試太麻里2,22.598014,120.989761,-1.68,18.17,1.13,77.07,3.1,1.42,E2S960
林試六龜中心,22.991703,120.645722,-0.86,17.47,11.06,87.53,5.9,4.11,E2P980
四湖植物園,23.676986,120.163433,-3.28,15.4,6.33,88.13,4.27,3.93,E2K600
林試畢祿溪站,24.226944,121.308522,0.29,7.69,9.41,85.47,6.77,3.94,E2HA20
蓮華池,23.918333,120.885278,-1.46,14.35,5.45,90.67,4.93,3.73,E2H360
畜試東區分所,24.669039,121.832561,-1.71,15.09,10.92,90.8,7.33,5.6,B2U990
畜試南區分所,21.945583,120.802167,-2.08,19.35,-0.02,74.27,0.9,-0.18,B2Q810
畜試所,23.058972,120.336406,-1.88,15.96,4.6,84.73,4.17,3.85,B2N890
畜試北區分所,24.527806,120.770972,-1.23,13.99,-1.13,83.07,4.17,3.25,B2E890
臺南蘭花園區,23.340258,120.379661,-1.81,16.19,3.94,81.47,2.73,2.38,A2N290
臺大雲林校區,23.730628,120.423903,-1.9,15.36,1.96,80.2,3.93,3.52,A2K630
水試臺西試驗場,23.717231,120.190522,-1.88,15.35,1.31,84.0,4.4,4.27,A2K360
農工中心,24.985917,121.239833,-0.89,14.45,-0.83,79.53,6.43,3.01,A2C560
茶改東部分場,22.907694,121.130139,-2.2,15.88,-0.99,80.31,4.19,3.43,82S580
茶改南部分場,23.762528,120.7405,-1.67,14.31,2.13,89.8,6.53,5.69,82H840
茶改中部分場,23.875611,120.913583,-2.05,13.59,7.26,90.07,5.9,4.73,82H320
茶改場,24.908472,121.185333,-0.82,13.71,-2.81,82.2,6.13,2.4,82C160
茶改北部分場,24.955778,121.631222,-0.85,12.61,1.0,88.0,11.03,5.12,82A750
高改旗南分場,22.857861,120.516667,-2.22,17.43,9.04,82.07,4.57,4.32,72V140
花改蘭陽分場,24.686306,121.716583,-1.38,15.15,0.88,83.73,6.13,2.27,72U480
花蓮農改,23.975222,121.563889,-1.21,16.45,-0.26,81.53,5.0,3.35,72T250
東改賓朗果園,22.813889,121.071278,-2.24,15.8,-3.47,84.0,4.37,3.44,72S590
東改班鳩分場,22.829528,121.077694,-1.47,16.06,1.22,80.8,4.17,3.2,72S200
高雄農改,22.709333,120.525889,-1.73,18.31,6.73,84.4,1.4,1.11,72Q010
七股研究中心,23.081672,120.062894,-3.84,15.65,1.24,81.87,6.43,6.39,72N240
臺南農改,23.0605,120.342194,-1.99,16.1,4.56,84.47,0.47,0.16,72N100
南改鹿草分場,23.416869,120.283061,-3.39,15.65,1.31,80.4,5.03,4.87,72M700
南改義竹分場,23.360694,120.279361,-1.69,15.59,-0.7,79.8,5.4,4.97,72M360
南改斗南分場,23.634556,120.477333,-1.03,16.17,0.09,80.8,5.03,4.39,72K220
中改埔里分場,23.903208,120.963364,-1.85,14.95,10.31,91.13,5.93,2.62,72HA00
臺中農改,24.003028,120.534389,-1.47,15.45,2.34,81.6,3.4,2.7,72G600
桃改五峰分場,24.612194,121.157167,-1.02,10.4,2.92,91.0,9.33,5.99,72D080
桃園農改,24.950944,121.030583,-0.52,14.53,-3.96,80.6,4.37,1.82,72C440
桃改樹林分場,24.944503,121.386972,-1.29,15.18,-1.39,75.67,6.57,4.01,72AI40
萬大發電廠,23.978875,121.139639,-1.69,13.96,6.26,83.87,5.37,2.49,42HA10
恆春工作站,22.079678,120.714425,-2.44,19.96,-0.53,67.27,0.03,-0.35,12Q980
東港工作站,22.479997,120.466058,-3.12,18.71,1.84,67.67,0.73,0.6,12Q970
口湖工作站,23.589978,120.180394,-3.29,15.33,-0.85,74.27,3.17,3.0,12J990
