站名,緯度,經度,平均溫距平,本年度平均溫,平均溼度距平,本年度日均相對溼度,本年度日均降水量,日均降水量距平,站號
淡水,25.164889,121.448906,-0.7,15.31,-11.01,68.79,0.68,-2.41,466900
鞍部,25.182586,121.529731,-2.11,8.64,-0.11,91.36,3.87,-6.85,466910
臺北,25.037658,121.514853,-1.04,15.96,-8.2,67.86,1.04,-1.96,466920
竹子湖,25.162078,121.544547,-1.79,10.66,-2.9,84.21,3.86,-3.89,466930
基隆,25.133314,121.740475,-0.87,15.73,-8.09,69.07,2.66,-8.18,466940
花蓮,23.975128,121.613275,-0.97,17.52,-4.54,69.57,0.48,-1.58,466990
新屋,25.006744,121.047486,-1.52,15.49,-12.01,66.5,0.56,-3.21,467050
宜蘭,24.763975,121.756528,-1.7,15.23,-1.36,77.86,1.38,-5.12,467080
金門,24.407306,118.289281,-0.11,13.63,-12.57,58.14,0.0,-1.28,467110
澎湖,23.565503,119.563094,-1.01,16.29,-4.93,72.93,0.69,0.08,467350
臺南,22.993239,120.204772,-1.13,16.9,-5.35,69.0,0.41,-0.35,467410
永康,23.038386,120.2367,-0.88,16.86,-2.36,71.21,0.39,-0.28,467420
嘉義,23.495925,120.432906,-1.06,16.13,0.56,77.36,1.66,0.89,467480
臺中,24.145736,120.684075,-0.8,16.58,-5.55,68.29,1.03,-0.07,467490
阿里山,23.508208,120.813242,-1.23,5.61,1.6,79.79,3.4,0.73,467530
大武,22.355675,120.903789,-1.48,19.16,-2.82,66.93,0.44,-0.79,467540
玉山,23.487614,120.959522,0.03,0.37,0.93,56.43,9.22,6.99,467550
新竹,24.827853,121.014219,-0.51,15.73,-10.48,66.79,0.73,-1.78,467571
恆春,22.003897,120.746339,-1.4,19.86,-2.63,66.57,0.24,-0.51,467590
成功,23.097486,121.373428,-1.13,18.01,-2.57,70.93,0.39,-2.22,467610
日月潭,23.881325,120.90805,-1.05,13.46,5.34,81.43,2.05,0.43,467650
臺東,22.752211,121.154586,-1.43,18.34,-1.48,68.93,0.37,-0.85,467660
馬祖,26.169269,119.923419,0.05,10.91,-9.45,69.71,0.0,-1.44,467990
山佳,24.974944,121.402008,-0.61,15.96,-11.29,72.0,1.39,-1.6,C0A520
坪林,24.938183,121.70975,-1.9,12.14,-12.67,80.25,1.62,-2.5,C0A530
泰平,24.971197,121.823711,-1.53,11.49,-3.62,92.07,5.61,-9.23,C0A550
桶後,24.848222,121.597992,-1.55,11.94,-2.84,91.71,2.68,-2.85,C0A570
石碇,24.993969,121.662917,-0.92,13.67,-10.44,80.21,1.75,-4.32,C0A640
大坪,25.165914,121.632969,-0.92,12.8,-5.28,88.64,8.07,-17.52,C0A860
五指山,25.132153,121.608692,-0.32,11.32,-3.63,91.5,4.11,-5.35,C0A870
雙溪,25.036003,121.864242,-0.59,14.71,-7.16,85.43,2.71,-8.91,C0A890
三和,25.233153,121.595236,-2.31,13.39,-7.49,79.21,4.89,-11.66,C0A931
金山,25.223628,121.643967,0.13,16.09,-14.0,70.29,2.71,-5.65,C0A940
鼻頭角,25.129036,121.923372,-0.58,16.36,-7.95,72.64,1.18,-2.56,C0A950
三貂角,25.007606,122.002058,-0.99,15.64,-11.85,75.21,2.75,-4.0,C0A970
社子,25.109508,121.469681,-0.2,16.61,-6.23,72.36,0.75,-1.47,C0A980
天母,25.117494,121.537169,-0.9,16.06,-12.76,63.29,0.68,-1.28,C0A9C0
內湖,25.079422,121.57545,-1.02,15.87,-0.45,79.86,0.75,-1.65,C0A9F0
大屯山,25.175675,121.522408,-0.78,8.46,0.1,96.5,3.0,-4.45,C0AC40
三峽,24.939025,121.369728,0.06,16.54,-10.68,71.5,1.32,-3.39,C0AC60
信義,25.037822,121.564597,0.21,16.74,-8.69,72.07,1.07,-3.03,C0AC70
文山,25.00235,121.575728,-1.09,15.11,-12.62,72.93,1.32,-2.97,C0AC80
新莊,25.051478,121.446756,-1.19,15.81,-11.65,64.14,0.89,-3.0,C0ACA0
八里,25.150211,121.403947,-0.82,15.84,-6.35,72.29,0.5,-3.75,C0AD10
蘆洲,25.086594,121.472331,-0.6,16.64,-10.57,65.21,0.75,-2.7,C0AD30
土城,24.973208,121.445169,-0.8,15.59,-6.43,74.36,1.32,-2.35,C0AD40
鶯歌,24.951533,121.346294,-0.11,16.21,-8.87,74.21,1.21,-2.87,C0AD50
汐止,25.066881,121.658778,-1.66,15.25,-12.88,73.21,2.0,-4.83,C0AH00
永和,25.01125,121.508111,-0.96,16.66,-4.0,70.0,1.07,-2.05,C0AH10
五分山,25.07125,121.780794,-2.56,10.58,-3.61,93.43,7.82,-7.67,C0AH30
平等,25.129142,121.577086,-3.14,12.53,-12.84,75.14,1.32,-4.42,C0AH40
林口,25.072181,121.38084,-2.1,13.84,-11.35,76.86,0.79,-4.35,C0AH50
松山,25.04871,121.55042,-2.53,15.73,-12.71,59.0,0.12,-4.89,C0AH70
深坑,25.002703,121.628328,-1.54,15.39,-7.45,77.07,1.43,-2.7,C0AH80
福山植物園,24.760717,121.58135,-4.32,10.09,0.56,95.71,3.21,-6.57,C0AH90
五股,25.07445,121.42728,-4.03,13.89,-18.59,73.5,0.82,-0.87,C0AI00
屈尺,24.92184,121.54475,-3.15,15.19,-16.93,67.29,2.14,-0.14,C0AI10
白沙灣,25.283128,121.519058,-1.82,15.61,-17.47,71.21,0.36,-6.79,C0AI20
三重,25.057328,121.500629,-3.08,16.08,-9.88,70.0,0.75,0.5,C0AI30
石牌,25.115597,121.513139,-2.72,16.96,-6.13,66.43,0.64,-0.42,C0AI40
七堵,25.094819,121.71713,-2.08,16.17,-15.28,74.79,3.32,-5.24,C0B010
基隆嶼,25.19141,121.78391,-2.41,15.42,-9.25,80.5,2.5,-2.28,C0B020
復興,24.820208,121.352281,-0.9,12.92,-7.58,72.79,1.18,-2.36,C0C460
桃園,24.992425,121.323172,-0.66,15.34,-8.56,67.57,1.43,-2.51,C0C480
八德,24.928708,121.283289,-1.56,14.78,-11.85,68.86,1.32,-3.53,C0C490
觀音,25.027072,121.153317,-0.72,14.71,-12.17,67.57,0.71,-3.66,C0C590
蘆竹,25.084275,121.265767,-1.62,15.09,-7.47,72.21,0.82,-4.28,C0C620
大溪,24.882853,121.265547,-0.69,14.12,-5.83,72.21,1.32,-2.34,C0C630
平鎮,24.897503,121.214636,-0.43,14.21,-9.48,72.07,1.0,-3.0,C0C650
楊梅,24.912375,121.143047,-1.83,14.58,-9.19,68.0,1.0,-3.42,C0C660
龍潭,24.870056,121.221389,-2.2,13.46,0.61,81.14,1.25,-3.6,C0C670
龜山,25.02846,121.38656,-1.69,14.36,-10.87,71.71,1.36,-4.6,C0C680
中壢,24.977661,121.256375,-2.05,14.69,-11.72,68.21,0.93,-4.58,C0C700
大溪永福,24.892936,121.324975,-2.46,14.68,-11.6,75.71,1.46,0.21,C0C710
梅花,24.678347,121.208558,-1.47,11.96,-3.86,81.14,1.54,-0.59,C0D360
峨眉,24.6905,121.017189,-1.24,14.58,-11.17,74.93,1.32,-3.17,C0D430
打鐵坑,24.849664,121.150789,-0.97,13.54,-12.31,73.86,0.96,-2.98,C0D480
橫山,24.71116,121.11693,-1.45,13.32,-3.67,80.0,1.68,-1.99,C0D540
雪霸,24.526972,121.11605,-0.99,7.41,-7.29,69.14,1.18,-3.58,C0D550
竹東,24.767147,121.057881,0.11,15.26,-8.1,67.57,1.04,-2.29,C0D560
寶山,24.735006,121.025192,-0.41,14.54,-8.29,73.5,1.18,-2.69,C0D580
新豐,24.87068,120.97721,-0.48,14.61,-9.32,72.64,0.75,-2.76,C0D590
湖口,24.904794,121.043628,-1.3,15.3,-10.62,68.64,1.09,-2.07,C0D650
新竹市東區,24.798681,120.986942,-1.89,15.02,-10.1,66.36,0.71,-3.63,C0D660
竹南,24.708978,120.888897,-0.38,15.58,-8.94,69.93,0.79,-1.11,C0E420
南庄,24.601775,121.000214,-1.44,13.1,-0.05,84.36,1.5,-1.25,C0E430
明德,24.583486,120.885411,-1.02,15.13,-13.04,72.07,1.04,-2.36,C0E550
通霄,24.471892,120.704622,-1.17,15.27,-13.39,72.07,0.82,-1.62,C0E590
馬都安,24.451272,120.930192,-1.3,11.78,-4.08,79.14,1.43,-0.46,C0E610
頭份,24.688247,120.912206,0.28,16.31,-8.69,67.07,0.93,-2.0,C0E730
造橋,24.637056,120.864778,-1.23,15.24,-13.64,71.21,1.04,-2.34,C0E740
苗栗,24.564569,120.824575,-1.32,15.31,-12.05,68.43,0.82,-2.46,C0E750
銅鑼,24.489681,120.790853,-1.71,14.32,-1.6,83.31,0.0,-3.12,C0E780
西湖,24.562947,120.7485,-0.93,15.11,-12.57,73.07,0.71,-1.8,C0E810
獅潭,24.539133,120.920042,-1.81,13.28,-8.47,78.5,1.43,-1.53,C0E820
苑裡,24.439714,120.653053,-1.72,15.4,-12.46,69.36,0.64,-1.57,C0E830
大河,24.618069,120.948578,-4.2,12.44,-13.1,72.93,1.29,-3.61,C0E850
高鐵苗栗,24.60725,120.826094,-1.59,15.39,-8.42,74.29,0.79,-3.08,C0E870
石岡,24.276061,120.777644,-1.45,15.36,-5.58,81.0,0.86,-1.24,C0F0B0
中坑,24.248517,120.903319,-2.89,12.2,-2.0,79.86,1.5,-2.06,C0F0C0
審馬陣,24.381675,121.4203,-2.93,1.28,3.81,68.29,1.14,-4.45,C0F0D0
南湖圈谷,24.363714,121.444667,-4.51,-3.4,-8.89,70.64,0.0,-9.88,C0F0E0
東勢,24.246428,120.833047,-1.02,15.09,-4.12,78.36,1.25,-1.18,C0F850
大坑,24.173142,120.722289,-0.47,17.11,-6.19,72.0,1.07,-0.81,C0F970
神岡,24.272481,120.658314,-1.55,14.76,-15.82,71.07,0.79,-1.19,C0F9I0
大安,24.345061,120.588025,-1.45,15.38,-13.79,71.64,0.71,-0.98,C0F9K0
后里,24.310436,120.729725,-1.12,15.13,-12.64,72.0,1.0,-0.99,C0F9L0
豐原,24.254322,120.720692,-0.51,16.06,-8.49,72.14,0.82,-1.2,C0F9M0
大里,24.092464,120.701378,-1.12,17.46,-17.17,58.0,1.18,-0.55,C0F9N0
潭子,24.213106,120.703933,-1.15,16.24,-6.34,73.57,0.89,-0.9,C0F9O0
清水,24.312297,120.562242,-1.51,15.51,-12.65,72.0,0.64,-0.94,C0F9P0
外埔,24.347817,120.705686,-0.51,15.95,-12.19,72.71,0.93,-0.95,C0F9Q0
龍井,24.184536,120.528972,-1.4,16.06,-14.65,69.21,0.75,-0.77,C0F9R0
烏日,24.107058,120.624103,-1.33,16.37,-8.91,67.43,1.11,-0.44,C0F9S0
西屯,24.179494,120.641275,-1.52,15.66,-9.13,69.93,0.79,-0.68,C0F9T0
南屯,24.137006,120.637969,-1.65,16.56,-9.36,67.21,0.68,-0.82,C0F9U0
新社,24.200172,120.815806,-1.39,14.11,-8.9,76.0,1.14,-1.24,C0F9V0
大雅(中科園區),24.21528,120.62445,-2.48,14.99,-12.14,72.79,0.79,-1.44,C0F9X0
桃山,24.432739,121.303808,-2.43,1.91,-5.11,56.36,2.32,-1.59,C0F9Y0
雪山東峰,24.388792,121.268675,-2.41,2.67,-5.23,55.79,1.93,-3.55,C0F9Z0
芬園,24.015678,120.6213,-2.04,14.91,-3.58,79.71,1.11,-0.49,C0G620
員林,23.946503,120.585597,0.73,18.04,-11.25,69.64,1.29,0.4,C0G650
溪湖,23.94835,120.479122,0.14,17.52,2.79,85.86,0.96,-0.38,C0G660
溪州,23.851589,120.499093,-1.9,15.97,-14.33,68.86,1.21,-1.1,C0G720
二林,23.903325,120.376081,-1.88,15.62,-9.05,81.07,0.89,-0.49,C0G730
大城,23.852487,120.320935,-1.66,16.01,-38.68,44.82,1.11,-0.54,C0G740
福興,24.041289,120.437669,-1.05,16.73,-14.75,67.0,1.0,-0.23,C0G770
秀水,24.03405,120.503869,-1.2,16.49,-9.71,73.43,1.0,-0.37,C0G780
埔鹽,24.000394,120.431683,-0.53,16.66,-10.41,75.29,0.93,-0.28,C0G800
埔心,23.947633,120.525456,-0.7,16.89,17.9,98.64,1.14,-0.16,C0G810
田尾,23.901669,120.509389,-1.08,16.27,-5.46,80.36,1.14,-0.26,C0G820
埤頭,23.866003,120.452806,-1.28,16.04,3.85,92.64,0.93,-0.11,C0G830
社頭,23.897647,120.5862,-0.92,17.29,-0.55,78.29,1.29,-0.33,C0G860
二水,23.810742,120.6173,0.55,18.39,-4.43,78.79,1.36,-0.16,C0G880
伸港,24.148933,120.484403,-1.49,15.85,-13.4,69.36,0.71,-0.57,C0G890
線西,24.143358,120.443536,-2.59,16.04,-15.78,70.79,0.71,0.59,C0G900
花壇,24.032076,120.549461,0.67,19.13,-5.82,77.43,0.96,0.96,C0G910
埔里,23.972169,120.952425,-1.68,16.04,-3.4,78.86,2.11,-0.78,C0H890
草屯,23.973672,120.68085,-1.55,16.17,-8.91,70.93,1.5,-0.12,C0H960
昆陽,24.121322,121.273642,-1.23,1.47,2.69,74.5,1.75,0.5,C0H990
神木村,23.532742,120.843667,-0.73,10.13,2.16,85.0,3.07,0.79,C0H9A0
合歡山,24.143442,121.272547,-1.03,0.21,6.28,75.21,4.64,-1.26,C0H9C0
廬山,24.033311,121.181808,-0.67,10.99,-3.16,72.36,2.68,0.54,C0I010
信義,23.689694,120.851036,-2.21,14.68,0.17,82.71,2.36,-0.02,C0I080
竹山,23.761225,120.688156,-0.77,15.96,-3.31,81.93,1.68,0.45,C0I110
水里,23.812553,120.849792,-2.07,15.97,-5.98,76.29,1.79,-0.26,C0I360
魚池,23.895703,120.94135,-1.54,15.01,-7.45,78.79,2.25,-0.91,C0I370
集集,23.828206,120.801467,-2.14,16.02,-6.01,78.0,1.86,-0.54,C0I380
仁愛,24.022122,121.132206,-1.5,12.42,-4.23,77.07,2.61,-1.43,C0I390
名間,23.837053,120.701447,-2.42,15.43,-8.62,75.64,1.57,-0.4,C0I410
國姓,24.037803,120.855072,-2.19,15.67,-5.08,79.79,1.68,-0.23,C0I420
南投,23.911469,120.687331,-2.04,16.52,-6.35,74.79,1.46,-1.03,C0I460
梅峰,24.085272,121.173572,-2.08,6.61,-4.86,76.29,2.57,-3.73,C0I480
萬大林道,23.928228,121.091411,-2.21,10.46,-6.11,73.79,2.93,-0.57,C0I490
小奇萊,24.131764,121.295717,-2.38,0.97,-4.65,76.71,3.43,-7.6,C0I530
奇萊稜線,24.109231,121.326456,-3.54,-0.57,9.18,78.29,0.0,-4.02,C0I540
崙背,23.75555,120.318925,-2.11,15.61,-14.19,71.57,1.36,-0.45,C0K250
四湖,23.630414,120.227125,-0.79,16.22,-14.29,69.38,1.42,0.74,C0K280
宜梧,23.536281,120.169329,-1.03,16.11,-12.21,72.36,1.5,0.52,C0K291
虎尾,23.719183,120.442036,-0.9,16.16,-9.51,74.14,1.36,0.56,C0K330
土庫,23.679029,120.395574,-1.86,16.09,-8.18,75.93,1.18,-0.73,C0K390
斗六,23.720583,120.541127,-2.04,16.04,-15.7,70.79,1.57,-0.52,C0K400
北港,23.573957,120.292802,-2.07,15.98,-15.59,69.57,1.43,-0.44,C0K410
西螺,23.800407,120.467394,-1.9,15.96,-13.17,72.93,1.32,-0.72,C0K420
褒忠,23.690938,120.303634,-1.96,15.77,-18.83,67.0,1.29,-0.38,C0K430
二崙,23.772797,120.408944,-2.11,15.58,-11.65,74.57,1.0,-0.46,C0K440
大埤,23.646074,120.431537,-2.01,16.05,-11.66,71.14,1.32,-0.54,C0K450
斗南,23.678734,120.478359,-1.95,16.02,-11.07,72.64,1.5,-0.41,C0K460
林內,23.748675,120.609642,-2.12,15.86,-8.93,76.93,1.71,-0.5,C0K470
莿桐,23.761192,120.502372,-2.09,15.67,-13.15,72.0,1.43,-0.57,C0K480
元長,23.64981,120.315024,-1.96,15.93,-11.28,72.43,1.36,-0.36,C0K500
水林,23.572924,120.24597,-1.82,16.14,-12.16,71.43,1.43,-0.42,C0K510
臺西,23.701547,120.197559,-1.91,16.0,-11.7,72.71,1.04,-0.25,C0K530
蔦松,23.514319,120.229736,-2.07,15.94,-11.96,73.71,1.5,-0.24,C0K550
棋山,23.68645,120.603417,-2.07,15.99,-6.25,79.71,1.79,-0.83,C0K560
高鐵雲林,23.737456,120.417944,-2.05,15.66,-14.06,75.71,1.11,0.83,C0K580
東後寮,23.369908,120.248065,-2.13,15.85,-10.59,74.0,1.14,-0.5,C0M520
奮起湖,23.493903,120.699253,-0.38,11.91,0.59,88.14,2.18,0.7,C0M530
中埔,23.42538,120.5229,-2.11,15.98,-9.32,75.64,1.25,-0.82,C0M640
朴子,23.43463,120.23902,-2.71,15.39,-8.4,75.07,1.68,-0.0,C0M650
溪口,23.604131,120.403569,-1.96,16.01,-14.34,70.79,1.43,-0.45,C0M660
大林,23.600616,120.45841,-2.01,16.21,-12.1,70.5,1.75,-0.39,C0M670
太保,23.455062,120.331455,-2.25,16.04,-14.22,69.86,1.61,-0.19,C0M680
水上,23.419734,120.388909,-2.02,16.2,-7.66,75.43,1.14,-0.75,C0M690
竹崎,23.526178,120.555508,-2.16,15.9,-5.19,80.07,1.75,-0.59,C0M700
東石,23.458927,120.15385,-1.99,16.1,-13.77,71.93,1.68,-0.04,C0M710
番路,23.464657,120.554156,-2.08,15.53,-4.72,81.0,1.5,-0.66,C0M720
嘉義市東區,23.457673,120.460531,-2.01,17.16,-8.34,71.29,1.54,-0.64,C0M730
六腳,23.492871,120.290625,-2.15,15.96,-12.94,70.64,1.54,-0.43,C0M740
布袋,23.380878,120.167789,-1.92,16.19,-14.7,71.07,1.5,-0.19,C0M750
民雄,23.551754,120.428457,-2.07,16.29,-13.1,70.57,1.61,-0.66,C0M760
嘉義梅山,23.585398,120.555587,-2.15,15.78,-5.11,80.86,1.54,-0.91,C0M770
鹿草,23.41134,120.30835,-2.01,16.29,-12.57,70.07,1.39,-0.34,C0M780
新港,23.553269,120.345728,-2.11,16.09,-11.39,71.0,1.68,-0.35,C0M790
茶山,23.299075,120.664767,-1.67,16.56,0.05,83.21,1.11,-1.41,C0M800
里佳,23.389125,120.716647,-1.86,11.84,0.1,84.29,1.82,-1.73,C0M810
達邦,23.453994,120.749517,-1.48,13.96,2.8,82.43,1.82,-1.47,C0M820
表湖,23.24186,120.64166,-3.35,14.68,0.78,84.21,1.21,1.1,C0M850
北寮,23.079561,120.495008,-1.71,16.62,4.63,88.36,0.46,-0.89,C0O830
王爺宮,23.222064,120.40085,0.28,17.97,-11.91,73.0,0.71,-0.87,C0O840
大內,23.11885,120.36083,-0.92,17.76,-2.43,80.71,0.46,-0.88,C0O860
善化,23.112883,120.297219,-1.02,16.61,-2.69,81.36,0.46,-0.14,C0O900
崎頂,22.959547,120.369317,-1.34,16.58,0.82,84.21,0.64,-0.44,C0O960
虎頭埤,23.021375,120.347878,-1.94,16.29,-2.45,81.21,0.46,-0.97,C0O970
新市,23.061614,120.298197,-1.14,17.53,-6.24,75.29,0.32,-1.11,C0O980
媽廟,22.99175,120.293525,-2.05,16.7,1.85,83.64,0.5,-0.92,C0O990
尾寮山,22.833111,120.683889,-1.75,12.7,1.69,89.0,0.75,-0.03,C0R100
阿禮,22.742908,120.743678,-1.4,14.25,1.41,77.93,0.43,-0.93,C0R130
瑪家,22.682903,120.686639,-2.0,14.47,9.37,94.57,0.43,-1.02,C0R140
三地門,22.709889,120.639944,-0.35,19.26,-11.42,62.93,0.35,-0.14,C0R150
鹽埔,22.739558,120.530778,-1.26,18.42,-5.25,81.07,0.29,-0.79,C0R160
屏東,22.660269,120.494072,0.46,20.5,-7.72,73.0,0.0,-0.79,C0R170
赤山,22.592333,120.614306,-1.35,18.49,4.34,86.64,0.21,-0.75,C0R190
潮州,22.534361,120.54,-0.2,19.23,-3.56,76.36,0.14,-0.27,C0R220
來義,22.527306,120.625111,-1.49,18.16,3.29,86.79,0.32,-0.64,C0R240
春日,22.370361,120.628306,-1.27,19.03,-28.34,50.0,0.04,-0.61,C0R260
琉球嶼,22.332244,120.362236,-1.02,19.27,-9.23,70.86,0.31,-0.26,C0R270
車城,22.0744,120.716247,-2.41,19.56,-2.42,70.14,0.07,0.07,C0R320
牡丹,22.130036,120.792639,-2.53,16.94,3.06,87.5,0.5,0.12,C0R341
貓鼻頭,21.921774,120.7358,-1.18,19.83,-1.76,71.93,0.39,-0.24,C0R350
大漢山,22.405264,120.753181,-1.82,8.32,2.22,97.29,1.71,1.25,C0R440
高樹,22.826389,120.600806,-1.58,18.51,-1.85,76.43,0.39,-0.86,C0R470
長治,22.693128,120.542622,-1.06,19.09,-2.45,78.43,0.29,-0.66,C0R480
九如,22.7405,120.490503,-1.19,18.86,-8.76,75.14,0.29,-0.73,C0R490
崁頂,22.514781,120.506914,-1.86,18.42,-7.7,75.64,0.14,-0.75,C0R520
佳冬,22.419456,120.552375,-1.61,18.64,-4.19,78.43,0.18,-0.43,C0R540
新埤,22.467947,120.582894,-1.64,18.44,-8.05,74.93,0.25,-0.45,C0R550
新園,22.5434,120.461558,-0.91,19.26,-9.27,70.14,0.21,-0.7,C0R560
麟洛,22.65078,120.52719,-0.73,19.73,1.09,79.14,0.25,-0.57,C0R570
南州,22.48591,120.50274,-2.02,18.15,-3.96,77.57,0.07,-0.77,C0R580
里港,22.77919,120.49459,-2.12,17.79,-0.12,79.0,0.21,-0.68,C0R590
舊泰武,22.588194,120.664944,-2.13,14.84,2.75,88.14,0.82,-0.55,C0R600
墾雷,21.900836,120.855269,-2.27,19.93,3.4,81.71,0.68,-1.71,C0R620
東港,22.46247,120.44074,-3.12,18.76,-7.08,73.7,0.2,0.08,C0R640
竹田,22.58486,120.54344,-3.06,18.68,-9.5,75.21,0.21,0.14,C0R650
枋寮,22.367722,120.590647,-1.46,19.14,1.58,80.64,0.14,0.14,C0R660
楓港,22.190131,120.692156,-3.01,19.21,-3.17,63.64,0.14,0.14,C0R670
佳樂水,21.993578,120.861633,-2.66,19.92,-1.96,72.36,0.75,-0.03,C0R680
墾丁,21.966756,120.810269,-2.52,17.51,-2.12,80.0,0.86,0.36,C0R690
枋山,22.246844,120.661086,-1.84,19.66,-2.1,67.71,0.14,0.14,C0R700
旭海,22.205403,120.887614,-2.87,17.41,12.71,93.14,0.79,-0.34,C0R720
太麻里,22.60902,120.98533,-1.22,14.94,-3.75,81.0,0.61,-0.92,C0S690
知本,22.684866,121.005642,-1.55,14.37,1.65,89.21,0.39,-1.3,C0S700
鹿野,22.917711,121.122994,-1.32,14.61,1.94,84.5,0.21,-1.16,C0S710
綠島,22.6672,121.47533,-1.13,18.19,7.36,88.86,2.21,-2.91,C0S730
池上,23.119628,121.209469,-1.42,14.94,0.75,85.0,0.39,-0.67,C0S740
大溪山,22.478475,120.943325,-1.42,15.56,-3.45,80.93,0.96,-0.86,C0S770
金崙,22.538122,120.966875,-1.26,16.91,-2.3,78.57,0.57,-0.97,C0S790
東河,22.972672,121.303986,-2.04,17.69,-2.23,77.14,0.29,-1.15,C0S810
長濱,23.286817,121.411975,-1.44,16.11,-3.49,77.07,0.79,-0.86,C0S830
南田,22.279725,120.889208,-1.49,19.19,16.7,93.57,0.93,-0.55,C0S840
關山,23.0395,121.175017,-2.58,15.64,0.55,83.43,0.21,-2.05,C0S890
蘭嶼高中,22.04909,121.51214,-2.57,19.97,-0.8,76.36,8.68,-6.57,C0S900
蘭嶼燈塔,22.081197,121.503117,-2.7,18.34,-8.0,84.29,3.0,-2.25,C0S910
金峰嘉蘭,22.594789,120.960825,-2.71,17.1,1.06,82.0,0.54,0.19,C0S920
延平,22.902581,121.084058,-3.21,15.64,5.89,83.14,0.32,0.29,C0S930
石寧山,23.223772,121.406639,-3.41,16.39,3.28,82.71,1.0,0.16,C0S940
香蘭,22.587569,120.993375,-2.63,18.56,5.47,76.79,0.36,0.17,C0S960
加津林,22.416211,120.926942,-2.43,19.12,-2.32,68.93,0.39,0.24,C0S970
勝林山,22.430439,120.8938,-3.65,11.19,0.08,96.64,1.71,1.0,C0S980
山豬窟,22.318619,120.857372,-3.06,15.54,-2.94,80.0,0.75,0.69,C0S990
歷坵,22.520969,120.89185,-2.45,14.74,0.49,89.93,0.82,0.57,C0SA00
檳榔四格山,22.810031,121.109308,-3.25,14.84,3.98,86.86,0.21,0.15,C0SA10
金崙山,22.567419,120.959667,-2.5,11.98,-3.63,91.43,1.18,0.27,C0SA20
都歷,23.020333,121.323642,-2.17,17.96,17.93,92.93,0.57,-0.12,C0SA30
瑞和,22.974361,121.156697,-2.71,15.86,10.04,92.29,0.14,0.14,C0SA40
土坂,22.453108,120.887572,-2.22,17.06,0.68,83.93,1.14,0.89,C0SA80
大禹嶺,24.186117,121.316086,-0.8,4.0,-2.23,67.57,2.89,-0.01,C0T790
天祥,24.179597,121.495639,-0.94,13.04,-1.15,84.93,0.32,-0.86,C0T820
鯉魚潭,23.935639,121.508944,-1.54,14.63,1.6,91.0,1.21,-1.03,C0T870
西林,23.8119,121.441458,-1.53,15.3,3.22,87.62,0.92,-1.43,C0T900
光復,23.660694,121.424964,-1.02,15.71,-2.33,86.86,0.61,-1.58,C0T960
月眉山,23.809928,121.539828,-1.22,13.38,-0.4,92.0,0.96,-2.18,C0T9A0
水源,23.991861,121.537169,-1.22,13.09,-1.33,88.5,1.21,-2.13,C0T9B0
和中,24.26676,121.74103,-1.22,16.76,7.69,93.5,0.25,-2.38,C0T9D0
大坑,23.880628,121.581981,-1.17,13.96,-2.37,88.07,1.21,-2.34,C0T9E0
水璉,23.797131,121.542514,-1.76,15.21,1.17,85.36,0.82,-1.74,C0T9F0
鳳林山,23.735269,121.420131,-2.4,12.69,-1.79,91.0,1.14,-2.03,C0T9G0
加路蘭山,23.682947,121.5274,-1.49,11.91,2.55,96.71,4.32,-2.18,C0T9H0
靜浦,23.455167,121.495028,-1.5,16.26,-2.25,83.0,3.89,-0.41,C0T9M0
雙連埤,24.753033,121.641303,-2.45,10.83,-6.24,91.93,2.64,-4.87,C0U520
礁溪,24.817539,121.765608,-1.54,15.1,-8.11,79.14,1.0,-4.19,C0U600
玉蘭,24.675286,121.587061,-1.71,12.25,-4.07,84.07,2.75,-3.11,C0U650
太平山,24.505486,121.525656,-1.51,4.64,2.45,93.64,2.57,-1.72,C0U710
南山,24.43742,121.38167,-4.64,7.72,-2.18,94.29,1.54,-1.23,C0U720
東澳,24.52196,121.83318,-1.56,15.67,1.33,93.0,1.89,-7.03,C0U760
南澳,24.44935,121.81022,-1.62,16.38,-6.63,72.93,0.46,-2.97,C0U770
五結,24.68637,121.79794,-2.05,14.75,-3.62,80.57,1.54,-9.22,C0U780
頭城,24.85323,121.8308,-2.48,15.53,-8.94,78.5,1.0,-4.6,C0U860
大礁溪,24.791042,121.675047,-2.88,12.16,-0.46,87.86,2.29,-7.69,C0U870
三星,24.66812,121.65302,-2.73,14.31,2.76,91.71,1.43,-7.63,C0U890
內城,24.71813,121.68766,-2.59,14.8,-4.18,83.07,1.36,-6.83,C0U900
冬山,24.63373,121.7937,-2.13,15.44,6.28,92.57,1.64,-15.67,C0U910
羅東,24.68184,121.74934,-2.2,15.02,-5.45,82.07,1.11,-12.71,C0U940
鶯子嶺,24.89754,121.79244,-3.27,7.95,-6.7,90.71,4.14,-8.51,C0U950
翠峰湖,24.510856,121.608044,-3.04,4.0,-4.18,91.43,1.86,-3.07,C0U960
大福,24.80064,121.81389,-2.99,14.96,-2.6,77.21,1.04,-6.54,C0U970
坪林石牌,24.86478,121.77396,-2.75,11.12,-5.21,90.14,1.64,-8.43,C0U980
員山,24.74435,121.72247,-2.81,14.99,-3.02,81.77,0.58,-9.21,C0U990
土場,24.576533,121.495333,-2.93,12.49,-2.5,86.36,1.07,-2.9,C0UA00
鴛鴦湖,24.590269,121.412228,-4.61,4.97,0.13,98.07,4.46,-0.29,C0UA10
白嶺,24.527819,121.519031,-3.6,6.34,2.05,97.57,5.43,-0.62,C0UA30
西德山,24.560647,121.752608,-4.83,7.81,1.05,97.64,6.64,-8.12,C0UA40
西帽山,24.555361,121.802628,-4.21,9.68,-6.35,92.21,9.64,-17.72,C0UA50
樟樹山,24.41393,121.78325,-3.73,12.19,2.16,95.79,1.36,-4.0,C0UA60
桃源谷,24.962606,121.888875,-3.83,11.23,-6.39,91.86,5.64,-8.94,C0UA70
復興,23.222403,120.806089,-1.29,15.76,5.29,80.71,1.75,-0.71,C0V210
美濃,22.898742,120.519153,1.43,20.2,2.64,83.0,0.0,-0.53,C0V310
溪埔,22.738578,120.446797,-1.58,17.86,0.29,80.57,0.25,-0.87,C0V350
內門,22.975481,120.466769,-0.17,18.05,-3.95,78.54,0.62,-0.58,C0V360
古亭坑,22.893178,120.401947,-1.11,16.56,-0.06,83.93,0.57,0.1,C0V370
阿公店,22.804194,120.355528,-2.16,16.66,-6.3,76.57,0.39,-0.56,C0V400
鳳山,22.646653,120.356122,-1.81,18.12,1.59,77.38,0.23,-0.88,C0V440
鳳森,22.545064,120.392592,-1.76,18.26,-3.85,73.14,0.11,-0.46,C0V450
新興,22.627422,120.298803,-0.78,18.42,-6.49,68.71,0.18,-0.57,C0V490
阿蓮,22.883208,120.327508,-1.05,17.95,-12.24,71.5,0.39,-0.66,C0V530
梓官,22.760558,120.267211,-1.83,17.52,-8.19,70.93,0.29,-0.5,C0V610
永安,22.82315,120.236856,-2.01,17.03,-9.38,71.71,0.29,-0.63,C0V620
茄萣,22.906642,120.182608,-1.69,17.08,-5.37,72.43,0.32,-0.89,C0V630
湖內,22.887139,120.2445,-2.13,16.82,-8.93,71.0,0.36,-0.6,C0V640
彌陀,22.783806,120.246361,-1.44,17.91,-9.41,71.07,0.36,-0.43,C0V650
岡山,22.797078,120.294958,-1.52,18.12,-7.45,69.57,0.43,-0.5,C0V660
仁武,22.701083,120.347722,-1.71,18.24,-2.82,74.57,0.25,-0.88,C0V680
鼓山,22.623325,120.275575,-2.21,17.81,-3.87,73.14,0.32,-0.82,C0V690
三民,22.645017,120.311233,-1.89,18.59,-1.57,70.57,0.25,-0.9,C0V700
苓雅,22.622742,120.330669,-0.99,19.07,2.78,74.0,0.21,-1.03,C0V710
林園,22.507747,120.394511,-0.92,20.26,-2.18,69.5,0.14,-0.59,C0V720
大寮,22.605614,120.395717,-1.95,18.46,-1.73,72.64,0.21,-0.64,C0V730
旗山,22.888614,120.483597,-1.14,18.18,-0.42,77.79,0.54,-0.54,C0V740
路竹,22.854997,120.259439,-1.42,17.99,-7.91,71.5,0.32,-0.67,C0V750
橋頭,22.757806,120.30575,-1.7,18.12,-8.12,70.79,0.32,-0.47,C0V760
大社,22.730306,120.346639,-1.21,18.39,-7.14,70.14,0.32,-0.65,C0V770
萬山,22.905944,120.688056,-1.23,17.4,4.33,80.64,0.64,-0.68,C0V790
六龜,22.997889,120.633583,-0.8,18.57,7.32,84.93,0.68,-0.79,C0V800
左營,22.67491,120.28491,-2.32,17.42,-14.76,72.0,0.21,-0.86,C0V810
小林,23.148408,120.63325,-2.76,16.77,8.19,86.0,0.64,0.58,C0V820
東莒,25.9652,119.98069,-0.16,11.81,-14.35,66.86,0.0,-2.8,C0W110
金沙,24.488292,118.408778,-6.32,8.97,-34.78,41.0,0.0,-2.12,C0W140
金寧,24.457703,118.328989,-1.72,14.15,-22.5,54.29,0.0,-1.96,C0W150
東河,23.296598,120.385608,-2.33,16.17,-11.61,73.21,0.68,-1.15,C0X050
下營,23.22695,120.256261,-2.1,16.07,-13.47,72.07,0.61,-1.3,C0X060
佳里,23.173039,120.145086,-1.27,16.16,-8.96,75.21,0.86,0.21,C0X080
臺南市北區,23.010394,120.194228,-1.9,16.97,-4.57,74.86,0.29,-1.09,C0X100
臺南市南區,22.961189,120.188378,-2.09,17.32,-6.46,71.86,0.29,-1.04,C0X110
麻豆,23.183289,120.248611,-1.4,17.1,-4.15,79.5,0.54,-0.72,C0X120
官田,23.193217,120.315422,-1.71,17.03,-6.79,74.14,0.57,-0.79,C0X130
西港,23.125608,120.203108,-2.06,16.34,-4.72,78.71,0.61,-0.78,C0X140
安定,23.102614,120.227839,-1.86,16.36,-5.12,80.5,0.46,-0.98,C0X150
仁德,22.968258,120.257689,-1.38,17.76,-3.89,74.5,0.43,-0.94,C0X160
關廟,22.963017,120.327797,-2.65,16.29,-0.25,78.71,0.54,-0.54,C0X170
山上,23.0757,120.363253,-1.61,16.77,-5.5,78.43,0.36,-1.25,C0X180
安平,22.993161,120.152181,-2.18,16.59,-11.27,70.86,0.32,-0.89,C0X190
左鎮,23.056758,120.408522,-0.68,17.05,-5.56,80.57,0.39,-1.2,C0X200
白河,23.347466,120.414427,-2.21,16.29,-10.61,73.5,0.71,-1.12,C0X210
學甲,23.230367,120.182187,-1.93,16.16,-10.87,73.36,0.57,-1.07,C0X220
鹽水,23.272621,120.247641,-2.27,15.7,-10.85,75.5,0.64,-0.98,C0X230
關子嶺,23.331169,120.508025,-1.05,15.86,-6.03,82.14,1.0,-1.51,C0X240
新營,23.310689,120.316681,-2.1,16.37,-10.84,72.64,0.75,-0.88,C0X250
後壁,23.366358,120.362326,-1.96,16.18,-12.97,71.71,0.89,-0.88,C0X260
將軍,23.214999,120.13577,-2.22,15.89,-10.57,73.43,0.5,-0.82,C0X280
北門,23.267772,120.125481,-2.07,16.19,-9.53,74.86,0.86,-0.69,C0X290
鹿寮,23.386047,120.477331,-2.27,16.01,-3.25,83.57,1.0,-0.98,C0X300
明里,23.208717,121.262342,-1.5,15.12,-0.77,87.36,0.32,-1.33,C0Z020
佳心,23.34567,121.21316,-1.96,11.0,8.86,98.21,0.79,-0.54,C0Z050
玉里,23.3215,121.339656,-1.29,15.24,2.32,89.86,0.75,-1.11,C0Z061
舞鶴,23.46811,121.37407,-0.99,14.9,8.5,98.86,0.54,-1.09,C0Z070
富源,23.587642,121.378225,-1.61,14.76,-3.94,87.14,0.71,-1.82,C0Z080
東華,23.89525,121.549833,-1.63,16.4,-1.49,87.29,0.29,-2.04,C0Z100
吉安光華,23.930925,121.595153,-1.4,17.13,-16.48,68.36,0.61,-2.28,C0Z150
鳳林,23.746114,121.453411,-2.04,15.84,-4.48,79.79,0.57,-1.58,C0Z160
卓溪,23.3443,121.3029,-2.9,15.28,-0.76,82.43,0.64,-0.94,C0Z170
新城,24.03946,121.60454,-1.47,17.42,-11.55,67.3,0.05,-2.74,C0Z180
富世,24.14743,121.6297,-1.84,16.93,-7.37,76.21,0.18,-2.65,C0Z190
萬榮,23.709219,121.420106,-1.95,15.64,-8.6,81.57,0.75,-1.25,C0Z200
瑞穗,23.5239,121.39021,-1.83,15.71,-0.14,86.57,0.68,-1.85,C0Z210
和平林道,24.343922,121.656317,-2.57,12.31,-5.74,84.14,0.68,-3.01,C0Z220
和平,24.30717,121.77007,-2.24,16.51,-10.63,66.79,0.46,-2.72,C0Z230
瑞穗林道,23.49284,121.30688,-1.65,10.78,1.85,97.43,3.43,-0.42,C0Z250
蕃薯寮,23.73835,121.540108,-2.12,14.42,-6.59,82.64,1.54,-6.84,C0Z270
德武,23.47426,121.41071,-2.6,15.04,-3.35,86.36,0.54,-2.24,C0Z280
赤柯山,23.36893,121.38293,-3.08,10.28,4.82,98.71,2.71,-0.84,C0Z290
東里,23.26853,121.30547,-2.38,15.39,-4.3,85.29,0.61,-1.51,C0Z300
清水斷崖,24.218294,121.689142,-3.16,16.69,-12.32,74.21,0.0,-1.17,C0Z310
清水林道,23.27125,121.188272,-3.77,12.09,1.54,91.29,2.61,0.06,C0Z320
安通山,23.290728,121.348528,-4.39,12.89,2.14,91.14,0.93,-0.45,C0Z330
口湖工作站,23.589978,120.180394,-2.42,16.01,-12.59,67.71,1.21,1.19,12J990
東港工作站,22.479997,120.466058,-2.86,18.93,-7.09,62.71,0.07,0.05,12Q970
恆春工作站,22.079678,120.714425,-2.94,19.9,-5.11,61.86,0.07,0.07,12Q980
萬大發電廠,23.978875,121.139639,-2.23,13.26,-5.36,76.07,2.93,2.9,42HA10
桃改樹林分場,24.944503,121.386972,-2.84,14.97,-6.76,69.93,1.07,0.67,72AI40
桃園農改場,24.950944,121.030583,-0.19,15.39,-12.86,68.29,0.71,-1.86,72C440
桃改五峰分場,24.612194,121.157167,-1.16,10.03,-2.43,82.57,1.57,-1.46,72D080
臺中農改場,24.003028,120.534389,-0.84,15.88,-4.85,74.43,0.89,0.08,72G600
中改埔里分場,23.903208,120.963364,-2.48,14.46,1.3,85.43,2.18,1.98,72HA00
南改斗南分場,23.634556,120.477333,-0.52,16.19,-4.19,75.43,1.54,0.66,72K220
南改義竹分場,23.360694,120.279361,-1.17,15.72,-7.19,74.0,0.86,0.42,72M360
南改鹿草分場,23.416869,120.283061,-2.72,16.01,-11.79,72.14,1.32,1.27,72M700
臺南農改場,23.0605,120.342194,-1.19,16.11,1.93,79.93,0.32,-0.04,72N100
七股研究中心,23.081672,120.062894,-2.9,16.32,-10.59,75.21,0.5,0.48,72N240
高雄農改場,22.709333,120.525889,-1.32,18.24,3.66,81.14,0.36,0.03,72Q010
東改班鳩分場,22.829528,121.077694,-1.3,16.04,-3.53,74.93,0.25,-0.82,72S200
東改賓朗果園,22.813889,121.071278,-1.71,15.7,-6.44,78.57,0.29,-0.75,72S590
花蓮農改場,23.975222,121.563889,-0.92,16.62,-3.73,77.21,0.82,-0.8,72T250
花改蘭陽分場,24.686306,121.716583,-1.41,15.01,-3.76,78.86,1.39,-4.17,72U480
高改旗南分場,22.857861,120.516667,-1.74,17.3,4.0,78.5,0.54,0.11,72V140
茶改北部分場,24.955778,121.631222,-1.13,12.29,-4.34,81.79,2.5,-3.19,82A750
茶改場,24.908472,121.185333,-0.84,14.0,-9.78,72.5,1.04,-2.02,82C160
茶改中部分場,23.875611,120.913583,-1.65,13.59,-0.72,81.5,2.07,0.88,82H320
茶改南部分場,23.762528,120.7405,-1.49,14.32,-3.26,83.86,1.79,0.76,82H840
茶改東部分場,22.907694,121.130139,-1.73,16.13,-4.49,76.07,0.18,-0.89,82S580
農工中心,24.985917,121.239833,-0.08,15.01,-9.98,67.14,0.93,-2.18,A2C560
水試臺西試驗場,23.717231,120.190522,-1.19,16.39,-6.41,75.57,1.07,0.93,A2K360
臺大雲林校區,23.730628,120.423903,-1.83,15.64,-10.96,73.5,0.86,0.86,A2K630
臺南蘭花園區,23.340258,120.379661,-1.82,16.32,-6.96,75.36,0.32,0.32,A2N290
畜試北區分所,24.527806,120.770972,-1.78,14.66,-12.97,73.07,0.75,-2.92,B2E890
畜產試驗所,23.058972,120.336406,-1.31,16.04,-0.96,79.43,0.32,-0.35,B2N890
畜試南區分所,21.945583,120.802167,-1.76,19.45,-4.97,67.79,0.57,-0.63,B2Q810
畜試東區分所,24.669039,121.832561,-2.75,15.19,0.54,83.79,1.57,0.32,B2U990
蓮華池,23.918333,120.885278,-0.77,13.84,-1.6,86.14,1.86,0.43,E2H360
林試畢祿溪站,24.226944,121.308522,-1.29,5.7,1.11,75.36,1.5,0.17,E2HA20
四湖植物園,23.676986,120.163433,-2.42,16.29,-6.0,80.43,1.29,1.14,E2K600
林試六龜中心,22.991703,120.645722,-1.4,17.16,7.39,85.64,0.71,0.68,E2P980
林試太麻里2,22.598,120.99775,-2.48,18.11,-2.63,72.43,0.46,0.37,E2S960
林試太麻里1,22.598922,120.980044,-2.28,17.34,-0.25,77.0,0.61,-0.08,E2S980
農試所(霧峰),24.031261,120.688133,-0.97,16.09,-1.7,77.93,1.25,0.44,G2F820
農試嘉義分所,23.485028,120.473806,-0.81,15.64,-4.69,77.21,1.29,0.31,G2L020
農試溪口農場,23.58565,120.408111,-1.51,16.24,-10.18,72.64,1.39,1.18,G2M350
農試鳳山分所,22.646611,120.356083,-1.74,17.72,-2.22,71.38,0.19,-0.3,G2P820
苗栗農改場,24.495722,120.829111,-1.25,14.0,-6.45,75.43,1.21,-0.46,K2E360
苗改生物防治研究中心,24.422861,120.871833,-3.86,12.62,-7.55,78.71,1.04,-0.68,K2E710
種苗改良場,24.225972,120.800917,-0.97,13.42,2.38,81.57,1.14,-0.36,K2F750
溪頭,23.670306,120.798194,-0.93,11.19,3.68,90.36,2.5,0.85,U2H480
臺大和社,23.590856,120.888864,-2.49,13.95,6.83,85.5,2.57,2.42,U2HA30
臺大內茅埔,23.689722,120.851117,-3.49,14.61,5.15,83.0,2.29,2.15,U2HA40
臺大竹山,23.756972,120.681556,-3.09,15.97,-11.57,75.0,1.5,1.35,U2HA50
臺大竹山,23.756972,120.681556,-3.09,15.97,-11.57,75.0,1.5,1.35,U2HA50
臺大內茅埔,23.689722,120.851117,-3.49,14.61,5.15,83.0,2.29,2.15,U2HA40
臺大和社,23.590856,120.888864,-2.49,13.95,6.83,85.5,2.57,2.42,U2HA30
臺大溪頭,23.670306,120.798194,-0.93,11.19,3.68,90.36,2.5,0.85,U2H480
種苗繁殖,24.225972,120.800917,-0.97,13.42,2.38,81.57,1.14,-0.36,K2F750
苗改生物防治研究中心,24.422861,120.871833,-3.86,12.62,-7.55,78.71,1.04,-0.68,K2E710
苗栗農改,24.495722,120.829111,-1.25,14.0,-6.45,75.43,1.21,-0.46,K2E360
農試鳳山分所,22.646611,120.356083,-1.74,17.72,-2.22,71.38,0.19,-0.3,G2P820
農試溪口農場,23.58565,120.408111,-1.51,16.24,-10.18,72.64,1.39,1.18,G2M350
農試嘉義分所,23.485028,120.473806,-0.81,15.64,-4.69,77.21,1.29,0.31,G2L020
農業試驗所,24.031261,120.688133,-0.97,16.09,-1.7,77.93,1.25,0.44,G2F820
林試太麻里1,22.598922,120.980044,-2.28,17.34,-0.25,77.0,0.61,-0.08,E2S980
林試太麻里2,22.598014,120.989761,-2.48,18.11,-2.63,72.43,0.46,0.37,E2S960
林試六龜中心,22.991703,120.645722,-1.4,17.16,7.39,85.64,0.71,0.68,E2P980
四湖植物園,23.676986,120.163433,-2.42,16.29,-6.0,80.43,1.29,1.14,E2K600
林試畢祿溪站,24.226944,121.308522,-1.29,5.7,1.11,75.36,1.5,0.17,E2HA20
蓮華池,23.918333,120.885278,-0.77,13.84,-1.6,86.14,1.86,0.43,E2H360
畜試東區分所,24.669039,121.832561,-2.75,15.19,0.54,83.79,1.57,0.32,B2U990
畜試南區分所,21.945583,120.802167,-1.76,19.45,-4.97,67.79,0.57,-0.63,B2Q810
畜試所,23.058972,120.336406,-1.31,16.04,-0.96,79.43,0.32,-0.35,B2N890
畜試北區分所,24.527806,120.770972,-1.78,14.66,-12.97,73.07,0.75,-2.92,B2E890
臺南蘭花園區,23.340258,120.379661,-1.82,16.32,-6.96,75.36,0.32,0.32,A2N290
臺大雲林校區,23.730628,120.423903,-1.83,15.64,-10.96,73.5,0.86,0.86,A2K630
水試臺西試驗場,23.717231,120.190522,-1.19,16.39,-6.41,75.57,1.07,0.93,A2K360
農工中心,24.985917,121.239833,-0.08,15.01,-9.98,67.14,0.93,-2.18,A2C560
茶改東部分場,22.907694,121.130139,-1.73,16.13,-4.49,76.07,0.18,-0.89,82S580
茶改南部分場,23.762528,120.7405,-1.49,14.32,-3.26,83.86,1.79,0.76,82H840
茶改中部分場,23.875611,120.913583,-1.65,13.59,-0.72,81.5,2.07,0.88,82H320
茶改場,24.908472,121.185333,-0.84,14.0,-9.78,72.5,1.04,-2.02,82C160
茶改北部分場,24.955778,121.631222,-1.13,12.29,-4.34,81.79,2.5,-3.19,82A750
高改旗南分場,22.857861,120.516667,-1.74,17.3,4.0,78.5,0.54,0.11,72V140
花改蘭陽分場,24.686306,121.716583,-1.41,15.01,-3.76,78.86,1.39,-4.17,72U480
花蓮農改,23.975222,121.563889,-0.92,16.62,-3.73,77.21,0.82,-0.8,72T250
東改賓朗果園,22.813889,121.071278,-1.71,15.7,-6.44,78.57,0.29,-0.75,72S590
東改班鳩分場,22.829528,121.077694,-1.3,16.04,-3.53,74.93,0.25,-0.82,72S200
高雄農改,22.709333,120.525889,-1.32,18.24,3.66,81.14,0.36,0.03,72Q010
七股研究中心,23.081672,120.062894,-2.9,16.32,-10.59,75.21,0.5,0.48,72N240
臺南農改,23.0605,120.342194,-1.19,16.11,1.93,79.93,0.32,-0.04,72N100
南改鹿草分場,23.416869,120.283061,-2.72,16.01,-11.79,72.14,1.32,1.27,72M700
南改義竹分場,23.360694,120.279361,-1.17,15.72,-7.19,74.0,0.86,0.42,72M360
南改斗南分場,23.634556,120.477333,-0.52,16.19,-4.19,75.43,1.54,0.66,72K220
中改埔里分場,23.903208,120.963364,-2.48,14.46,1.3,85.43,2.18,1.98,72HA00
臺中農改,24.003028,120.534389,-0.84,15.88,-4.85,74.43,0.89,0.08,72G600
桃改五峰分場,24.612194,121.157167,-1.16,10.03,-2.43,82.57,1.57,-1.46,72D080
桃園農改,24.950944,121.030583,-0.19,15.39,-12.86,68.29,0.71,-1.86,72C440
桃改樹林分場,24.944503,121.386972,-2.84,14.97,-6.76,69.93,1.07,0.67,72AI40
萬大發電廠,23.978875,121.139639,-2.23,13.26,-5.36,76.07,2.93,2.9,42HA10
恆春工作站,22.079678,120.714425,-2.94,19.9,-5.11,61.86,0.07,0.07,12Q980
東港工作站,22.479997,120.466058,-2.86,18.93,-7.09,62.71,0.07,0.05,12Q970
口湖工作站,23.589978,120.180394,-2.42,16.01,-12.59,67.71,1.21,1.19,12J990
