站名,緯度,經度,平均溫距平,本年度平均溫,平均溼度距平,本年度日均相對溼度,本年度日均降水量,日均降水量距平,站號
淡水,25.164889,121.448906,-0.66,14.82,-4.04,77.93,6.66,3.0,466900
鞍部,25.182586,121.529731,-1.95,8.91,3.35,94.93,13.26,3.65,466910
臺北,25.037658,121.514853,-1.36,15.35,-0.19,77.29,6.69,3.26,466920
竹子湖,25.162078,121.544547,-1.89,10.61,2.4,90.5,12.61,5.11,466930
基隆,25.133314,121.740475,-1.02,15.05,-3.15,76.46,18.69,7.49,466940
花蓮,23.975128,121.613275,-1.88,16.66,2.03,78.0,3.6,1.63,466990
新屋,25.006744,121.047486,-0.67,14.43,-1.11,78.07,4.3,1.25,467050
宜蘭,24.763975,121.756528,-1.96,15.0,4.89,84.36,7.02,2.55,467080
金門,24.407306,118.289281,-0.26,12.9,-3.93,70.36,2.55,0.94,467110
澎湖,23.565503,119.563094,-1.79,15.14,0.04,80.64,4.01,3.15,467350
臺南,22.993239,120.204772,-2.02,16.45,3.16,77.53,5.61,5.15,467410
永康,23.038386,120.2367,-1.5,16.5,5.19,78.73,6.22,5.92,467420
嘉義,23.495925,120.432906,-1.79,15.69,7.65,85.71,5.8,5.19,467480
臺中,24.145736,120.684075,-1.4,16.05,0.26,74.86,5.63,4.67,467490
阿里山,23.508208,120.813242,-0.31,6.81,7.21,90.5,13.45,11.22,467530
大武,22.355675,120.903789,-1.98,18.8,1.28,73.14,2.53,1.17,467540
玉山,23.487614,120.959522,0.32,0.01,1.76,69.57,16.04,14.63,467550
新竹,24.827853,121.014219,-1.05,14.65,-2.32,77.54,4.05,1.43,467571
恆春,22.003897,120.746339,-1.73,19.72,0.43,71.93,0.65,-0.08,467590
成功,23.097486,121.373428,-1.93,17.34,3.61,79.5,6.16,3.65,467610
日月潭,23.881325,120.90805,-1.57,13.3,13.33,90.93,6.01,4.68,467650
臺東,22.752211,121.154586,-2.03,17.95,3.12,75.5,4.45,3.28,467660
馬祖,26.169269,119.923419,-0.57,9.51,-4.53,78.29,1.93,-0.87,467990
山佳,24.974944,121.402008,-0.7,15.42,-1.64,79.79,7.14,3.77,C0A520
坪林,24.938183,121.70975,-1.28,12.77,-4.89,87.5,9.0,4.7,C0A530
泰平,24.971197,121.823711,-1.29,11.74,1.81,96.64,22.54,9.9,C0A550
桶後,24.848222,121.597992,-1.12,12.34,-1.94,92.86,12.43,6.62,C0A570
石碇,24.993969,121.662917,-0.77,13.47,-2.69,87.64,10.64,5.15,C0A640
大坪,25.165914,121.632969,-0.92,12.69,2.4,93.71,36.54,12.76,C0A860
五指山,25.132153,121.608692,-0.38,11.36,2.47,95.43,17.75,8.83,C0A870
雙溪,25.036003,121.864242,-0.7,14.57,-4.03,88.0,15.57,6.0,C0A890
三和,25.233153,121.595236,-1.1,12.89,3.09,86.57,27.57,11.19,C0A931
金山,25.223628,121.643967,1.47,16.9,-4.76,80.5,13.5,4.59,C0A940
鼻頭角,25.129036,121.923372,-0.78,15.54,0.37,82.71,8.29,5.06,C0A950
三貂角,25.007606,122.002058,-1.21,15.01,-3.46,84.36,10.21,3.33,C0A970
社子,25.109508,121.469681,-0.28,16.01,0.97,81.5,4.96,2.59,C0A980
天母,25.117494,121.537169,-1.25,15.4,-4.98,71.36,4.07,2.12,C0A9C0
內湖,25.079422,121.57545,-1.47,15.21,10.09,90.21,4.79,2.48,C0A9F0
大屯山,25.175675,121.522408,-0.61,9.01,4.03,98.07,8.29,2.66,C0AC40
三峽,24.939025,121.369728,0.14,16.17,-2.4,80.5,7.96,3.38,C0AC60
信義,25.037822,121.564597,-0.12,16.16,0.73,82.07,7.25,3.63,C0AC70
文山,25.00235,121.575728,-0.9,14.88,-5.85,79.36,7.93,3.59,C0AC80
新莊,25.051478,121.446756,-1.26,15.27,1.29,77.43,5.71,2.62,C0ACA0
八里,25.150211,121.403947,-0.78,15.04,0.89,82.79,6.07,2.39,C0AD10
蘆洲,25.086594,121.472331,-0.76,15.93,-2.1,75.0,5.18,2.58,C0AD30
土城,24.973208,121.445169,-0.65,15.22,-0.56,81.57,8.14,3.88,C0AD40
鶯歌,24.951533,121.346294,0.16,15.89,-3.53,80.4,6.43,2.57,C0AD50
汐止,25.066881,121.658778,-0.84,14.88,-2.28,84.57,11.18,4.76,C0AH00
永和,25.01125,121.508111,0.02,16.06,3.7,79.21,7.14,3.45,C0AH10
五分山,25.07125,121.780794,1.62,12.74,2.23,95.78,30.22,14.27,C0AH30
平等,25.129142,121.577086,-1.63,12.16,-0.81,84.0,6.43,3.12,C0AH40
林口,25.072181,121.38084,-1.24,13.25,3.99,85.36,6.64,4.2,C0AH50
松山,25.04871,121.55042,-1.28,15.48,-5.52,66.5,6.21,3.39,C0AH70
深坑,25.002703,121.628328,0.62,15.94,-4.87,83.86,8.54,4.46,C0AH80
福山植物園,24.760717,121.58135,-1.21,10.56,4.79,97.36,12.18,7.86,C0AH90
五股,25.07445,121.42728,-3.54,13.16,-4.99,82.86,5.86,4.31,C0AI00
屈尺,24.92184,121.54475,-1.9,15.21,-13.28,72.29,10.79,9.04,C0AI10
白沙灣,25.283128,121.519058,-1.7,14.74,-6.38,81.93,4.93,1.98,C0AI20
三重,25.057328,121.500629,-2.28,15.56,-1.89,78.36,4.71,3.43,C0AI30
石牌,25.115597,121.513139,-2.2,16.29,3.12,76.0,4.18,3.08,C0AI40
七堵,25.094819,121.71713,-1.05,15.86,-8.44,81.71,16.46,10.54,C0B010
基隆嶼,25.19141,121.78391,-1.88,14.54,1.79,90.36,13.36,9.75,C0B020
復興,24.820208,121.352281,-0.67,12.89,-4.55,79.36,7.29,3.55,C0C460
桃園,24.992425,121.323172,-0.88,14.74,-1.39,77.29,6.68,2.87,C0C480
八德,24.928708,121.283289,-1.0,14.1,-4.09,78.5,7.07,2.88,C0C490
觀音,25.027072,121.153317,-0.93,13.84,-3.4,79.14,5.64,1.46,C0C590
蘆竹,25.084275,121.265767,-1.18,13.99,0.4,82.5,5.79,1.62,C0C620
大溪,24.882853,121.265547,-1.02,13.54,-0.22,81.29,6.25,2.5,C0C630
平鎮,24.897503,121.214636,-0.7,13.6,-2.63,81.43,6.18,2.33,C0C650
楊梅,24.912375,121.143047,-0.76,13.8,-0.38,78.21,6.32,2.33,C0C660
龍潭,24.870056,121.221389,-0.67,13.19,3.47,83.57,6.96,3.64,C0C670
龜山,25.02846,121.38656,-0.69,13.72,-2.63,80.64,6.64,3.48,C0C680
中壢,24.977661,121.256375,-1.03,13.92,-3.13,78.64,5.82,2.83,C0C700
大溪永福,24.892936,121.324975,-1.89,14.34,-3.32,83.43,7.96,6.54,C0C710
梅花,24.678347,121.208558,-1.13,12.32,-0.04,87.36,8.36,5.47,C0D360
峨眉,24.6905,121.017189,-0.72,14.2,-3.5,83.43,5.89,3.13,C0D430
打鐵坑,24.849664,121.150789,-1.09,13.08,-5.71,82.43,5.07,1.25,C0D480
橫山,24.71116,121.11693,-1.42,13.15,0.93,87.5,6.21,2.84,C0D540
雪霸,24.526972,121.11605,-0.97,7.9,4.23,85.93,9.79,5.69,C0D550
竹東,24.767147,121.057881,-0.28,14.48,-1.0,77.57,4.61,1.49,C0D560
寶山,24.735006,121.025192,-0.79,13.86,-1.03,83.07,5.11,1.55,C0D580
新豐,24.87068,120.97721,-0.94,13.6,0.54,84.57,2.5,-0.63,C0D590
湖口,24.904794,121.043628,-0.69,14.12,-3.68,77.14,3.46,1.04,C0D650
新竹市東區,24.798681,120.986942,-1.0,14.06,1.91,76.71,4.29,2.56,C0D660
竹南,24.708978,120.888897,-0.42,14.94,0.43,81.57,4.21,2.3,C0E420
南庄,24.601775,121.000214,-1.39,13.14,5.26,90.36,7.75,4.73,C0E430
明德,24.583486,120.885411,-0.69,14.41,-3.58,81.07,5.11,3.14,C0E550
通霄,24.471892,120.704622,-1.35,14.15,-0.52,83.14,4.25,3.19,C0E590
馬都安,24.451272,120.930192,-1.7,11.64,3.34,87.57,6.29,4.05,C0E610
頭份,24.688247,120.912206,-0.29,15.31,-1.0,77.57,4.25,1.75,C0E730
造橋,24.637056,120.864778,-1.12,14.2,-3.03,81.71,4.71,2.66,C0E740
苗栗,24.564569,120.824575,-1.26,14.21,-0.53,79.57,4.68,2.88,C0E750
銅鑼,24.489681,120.790853,-1.54,13.52,8.52,91.78,5.64,4.12,C0E780
西湖,24.562947,120.7485,-0.94,14.0,-0.58,83.71,3.82,2.6,C0E810
獅潭,24.539133,120.920042,-1.22,13.15,-3.21,84.79,6.68,4.45,C0E820
苑裡,24.439714,120.653053,-1.76,14.13,2.4,80.71,3.71,2.8,C0E830
大河,24.618069,120.948578,-2.76,12.04,-1.22,82.36,6.18,4.5,C0E850
高鐵苗栗,24.60725,120.826094,-1.41,14.37,4.77,86.64,4.18,3.15,C0E870
石岡,24.276061,120.777644,-0.44,15.14,4.54,86.86,4.46,4.03,C0F0B0
中坑,24.248517,120.903319,-2.33,11.91,6.4,90.57,6.75,5.65,C0F0C0
審馬陣,24.381675,121.4203,-0.67,2.05,15.14,87.93,7.46,4.53,C0F0D0
東勢,24.246428,120.833047,-0.49,15.11,3.34,83.14,6.21,5.0,C0F850
大坑,24.173142,120.722289,-0.31,16.7,2.68,77.5,6.32,5.53,C0F970
神岡,24.272481,120.658314,-1.64,13.87,-4.95,80.5,3.86,2.76,C0F9I0
大安,24.345061,120.588025,-1.75,14.09,-1.43,82.86,3.61,3.01,C0F9K0
后里,24.310436,120.729725,-0.91,14.61,-1.39,81.64,4.18,3.23,C0F9L0
豐原,24.254322,120.720692,-0.38,15.55,1.78,80.57,4.18,3.23,C0F9M0
大里,24.092464,120.701378,-1.5,16.58,6.19,77.64,5.71,4.89,C0F9N0
潭子,24.213106,120.703933,-1.13,15.68,4.04,80.93,4.5,3.78,C0F9O0
清水,24.312297,120.562242,-1.83,14.23,1.88,83.36,3.32,2.77,C0F9P0
外埔,24.347817,120.705686,-1.04,14.69,-2.85,80.79,3.79,2.89,C0F9Q0
龍井,24.184536,120.528972,-1.68,14.9,-3.56,79.79,3.68,3.06,C0F9R0
烏日,24.107058,120.624103,-1.27,15.8,0.67,74.43,5.07,4.46,C0F9S0
西屯,24.179494,120.641275,-1.49,15.01,1.07,77.79,4.21,3.69,C0F9T0
南屯,24.137006,120.637969,-1.66,15.9,1.74,74.29,4.04,3.44,C0F9U0
新社,24.200172,120.815806,-1.26,13.71,4.19,86.75,6.25,4.97,C0F9V0
大雅(中科園區),24.21528,120.62445,-1.72,14.26,4.25,81.21,3.86,3.46,C0F9X0
桃山,24.432739,121.303808,-0.51,1.98,15.44,80.64,5.96,5.25,C0F9Y0
雪山東峰,24.388792,121.268675,-0.37,2.74,13.42,78.71,7.68,6.61,C0F9Z0
芬園,24.015678,120.6213,-1.86,14.72,6.06,85.64,4.71,4.09,C0G620
員林,23.946503,120.585597,0.25,17.83,-1.64,75.57,4.21,3.51,C0G650
溪湖,23.94835,120.479122,-0.0,16.86,12.33,92.0,3.71,3.13,C0G660
溪州,23.851589,120.499093,-1.34,15.35,0.56,76.36,4.75,4.27,C0G720
二林,23.903325,120.376081,-1.45,14.76,2.05,84.57,3.36,2.9,C0G730
福興,24.041289,120.437669,-1.3,15.56,-1.5,76.79,4.61,4.09,C0G770
秀水,24.03405,120.503869,-0.6,16.39,3.16,82.71,4.25,3.81,C0G780
埔鹽,24.000394,120.431683,-0.48,15.98,0.71,82.71,3.68,3.21,C0G800
埔心,23.947633,120.525456,-0.9,16.2,7.19,84.57,4.07,3.48,C0G810
田尾,23.901669,120.509389,-1.09,15.79,3.32,85.43,4.18,3.57,C0G820
埤頭,23.866003,120.452806,-1.43,15.31,-6.32,79.88,3.18,2.77,C0G830
社頭,23.897647,120.5862,-1.11,16.65,9.17,83.86,4.39,3.58,C0G860
二水,23.810742,120.6173,0.41,17.99,3.7,83.79,4.29,3.71,C0G880
伸港,24.148933,120.484403,-1.77,14.63,-1.13,79.71,3.64,2.98,C0G890
線西,24.143358,120.443536,-3.17,14.65,-3.12,81.5,3.79,3.38,C0G900
花壇,24.032076,120.549461,-2.01,16.26,7.99,85.43,3.82,3.54,C0G910
埔里,23.972169,120.952425,-0.41,16.09,7.15,86.0,5.5,4.04,C0H890
草屯,23.973672,120.68085,-1.64,15.67,2.08,78.5,4.75,3.97,C0H960
昆陽,24.121322,121.273642,-0.31,2.24,15.39,93.43,6.18,4.89,C0H990
神木村,23.532742,120.843667,-0.71,10.86,9.02,91.93,10.54,8.79,C0H9A0
合歡山,24.143442,121.272547,0.52,1.21,13.42,96.36,12.86,8.45,C0H9C0
廬山,24.033311,121.181808,-1.11,11.06,14.54,90.36,5.89,3.4,C0I010
信義,23.689694,120.851036,-1.14,14.61,9.44,89.36,7.0,5.85,C0I080
竹山,23.761225,120.688156,-1.43,15.49,4.06,88.07,5.79,4.97,C0I110
水里,23.812553,120.849792,-1.2,15.42,5.14,84.86,5.96,4.25,C0I360
魚池,23.895703,120.94135,-0.43,14.97,3.12,86.43,6.39,4.09,C0I370
集集,23.828206,120.801467,-1.42,15.47,7.15,86.5,6.07,4.86,C0I380
仁愛,24.022122,121.132206,-0.34,12.61,11.35,90.71,6.04,3.22,C0I390
名間,23.837053,120.701447,-1.61,14.99,4.47,82.57,4.93,4.1,C0I410
國姓,24.037803,120.855072,-1.08,15.48,5.17,85.29,5.07,4.15,C0I420
南投,23.911469,120.687331,-1.14,16.11,7.59,82.43,4.21,3.61,C0I460
梅峰,24.085272,121.173572,0.51,7.79,9.92,92.14,7.18,4.09,C0I480
萬大林道,23.928228,121.091411,-0.59,10.6,7.96,89.0,6.32,3.41,C0I490
小奇萊,24.131764,121.295717,-0.4,1.84,14.94,95.36,10.29,7.11,C0I530
崙背,23.75555,120.318925,-1.25,15.24,-2.09,76.71,4.39,3.94,C0K250
四湖,23.630414,120.227125,-1.5,15.52,0.43,77.14,4.43,3.91,C0K280
宜梧,23.536281,120.169329,-1.53,15.27,0.13,78.93,4.96,4.33,C0K291
虎尾,23.719183,120.442036,-1.76,15.49,6.67,82.57,5.0,4.41,C0K330
土庫,23.679029,120.395574,-1.4,15.34,1.22,78.5,4.43,3.97,C0K390
斗六,23.720583,120.541127,-1.41,15.49,-1.6,78.21,5.11,4.54,C0K400
北港,23.573957,120.292802,-1.66,15.19,-1.23,77.57,4.96,4.51,C0K410
西螺,23.800407,120.467394,-1.34,15.34,1.66,79.64,4.64,4.04,C0K420
褒忠,23.690938,120.303634,-1.5,15.03,-2.14,76.71,4.32,3.72,C0K430
二崙,23.772797,120.408944,-1.59,14.89,6.72,86.29,3.39,2.87,C0K440
大埤,23.646074,120.431537,-1.49,15.43,0.98,78.64,4.21,3.73,C0K450
斗南,23.678734,120.478359,-1.45,15.35,3.64,80.64,4.71,4.2,C0K460
林內,23.748675,120.609642,-1.29,15.51,2.67,82.0,5.18,4.38,C0K470
莿桐,23.761192,120.502372,-1.48,15.13,1.16,79.86,5.0,4.58,C0K480
元長,23.64981,120.315024,-1.49,15.2,2.74,79.43,4.96,4.52,C0K500
水林,23.572924,120.24597,-1.41,15.4,1.74,78.43,4.82,4.42,C0K510
臺西,23.701547,120.197559,-1.69,14.88,2.13,80.93,4.14,3.66,C0K530
蔦松,23.514319,120.229736,-1.55,15.31,1.91,80.14,5.14,4.71,C0K550
棋山,23.68645,120.603417,-1.26,15.61,5.42,85.43,6.11,5.23,C0K560
高鐵雲林,23.737456,120.417944,-2.28,15.11,-4.37,82.36,4.11,3.68,C0K580
東後寮,23.369908,120.248065,-1.49,15.37,2.61,81.0,5.61,5.18,C0M520
奮起湖,23.493903,120.699253,4.45,17.33,-8.81,76.0,0.0,-1.36,C0M530
中埔,23.42538,120.5229,-1.75,15.23,4.4,82.21,6.54,5.87,C0M640
朴子,23.43463,120.23902,-2.19,14.78,5.24,81.79,5.21,4.75,C0M650
溪口,23.604131,120.403569,-1.43,15.36,-0.4,78.5,4.68,4.2,C0M660
大林,23.600616,120.45841,-1.43,15.6,3.09,78.71,6.04,5.53,C0M670
太保,23.455062,120.331455,-1.82,15.39,0.36,78.21,6.04,5.65,C0M680
水上,23.419734,120.388909,-1.48,15.6,7.1,84.07,6.11,5.76,C0M690
竹崎,23.526178,120.555508,-1.4,15.4,4.22,84.36,6.96,6.42,C0M700
東石,23.458927,120.15385,-1.68,15.16,-2.27,76.71,5.64,5.17,C0M710
番路,23.464657,120.554156,-1.64,14.84,8.15,86.93,6.75,6.05,C0M720
嘉義市東區,23.457673,120.460531,-1.51,16.44,5.86,78.64,6.25,5.92,C0M730
六腳,23.492871,120.290625,-1.65,15.34,1.57,78.29,5.71,5.21,C0M740
布袋,23.380878,120.167789,-1.55,15.35,-0.92,78.21,5.39,4.97,C0M750
民雄,23.551754,120.428457,-1.56,15.64,1.41,78.5,6.32,5.79,C0M760
嘉義梅山,23.585398,120.555587,-1.56,15.18,7.08,85.93,6.18,5.59,C0M770
鹿草,23.41134,120.30835,-1.51,15.66,3.88,79.21,5.68,5.25,C0M780
新港,23.553269,120.345728,-1.7,15.35,3.1,78.93,5.71,5.28,C0M790
茶山,23.299075,120.664767,-0.65,16.47,8.38,88.0,7.43,6.52,C0M800
里佳,23.389125,120.716647,-0.03,12.46,7.64,89.93,9.89,8.17,C0M810
達邦,23.453994,120.749517,-0.07,14.37,12.02,89.29,8.82,7.4,C0M820
表湖,23.24186,120.64166,-2.14,14.53,9.52,89.64,7.54,6.83,C0M850
北寮,23.079561,120.495008,-1.21,16.36,8.78,90.07,6.86,6.37,C0O830
王爺宮,23.222064,120.40085,0.55,17.46,-4.31,78.14,6.5,5.86,C0O840
大內,23.11885,120.36083,-0.47,17.4,4.34,84.64,5.68,5.37,C0O860
善化,23.112883,120.297219,-1.55,16.39,4.96,87.14,6.61,6.25,C0O900
崎頂,22.959547,120.369317,-1.0,16.27,7.73,88.14,6.57,5.9,C0O960
虎頭埤,23.021375,120.347878,-1.32,16.14,2.39,83.86,6.71,6.36,C0O970
新市,23.061614,120.298197,-0.78,17.02,0.88,80.0,5.93,5.56,C0O980
媽廟,22.99175,120.293525,-1.66,16.25,10.63,89.71,6.29,5.88,C0O990
尾寮山,22.833111,120.683889,-1.36,13.66,2.22,88.93,5.61,4.86,C0R100
阿禮,22.742908,120.743678,-0.26,14.57,6.67,84.64,2.25,1.53,C0R130
瑪家,22.682903,120.686639,-1.38,14.56,13.81,96.21,2.32,1.66,C0R140
三地門,22.709889,120.639944,-1.81,18.31,-1.88,70.79,2.36,1.92,C0R150
鹽埔,22.739558,120.530778,-1.18,17.79,4.48,85.79,3.32,2.78,C0R160
赤山,22.592333,120.614306,-0.87,18.36,10.88,89.64,1.18,0.79,C0R190
潮州,22.534361,120.54,-1.01,19.0,2.61,80.0,0.86,0.58,C0R220
來義,22.527306,120.625111,-1.61,17.45,11.56,91.0,1.04,0.58,C0R240
春日,22.370361,120.628306,-2.24,17.61,9.28,84.71,0.57,0.03,C0R260
琉球嶼,22.332244,120.362236,-2.33,18.39,0.98,77.71,0.89,0.46,C0R270
車城,22.0744,120.716247,-2.16,19.41,0.9,75.21,0.14,0.14,C0R320
牡丹,22.130036,120.792639,-2.12,16.86,5.79,91.79,1.39,1.34,C0R341
貓鼻頭,21.921774,120.7358,-1.66,19.58,1.07,77.57,0.29,-0.23,C0R350
大漢山,22.405264,120.753181,-0.85,9.07,1.61,98.36,4.07,1.88,C0R440
高樹,22.826389,120.600806,-1.21,18.1,3.04,79.36,4.32,3.78,C0R470
長治,22.693128,120.542622,-0.6,18.85,4.71,82.79,2.43,2.04,C0R480
九如,22.7405,120.490503,-0.73,18.58,-2.58,78.86,3.07,2.64,C0R490
崁頂,22.514781,120.506914,-1.38,18.16,0.64,80.71,0.75,0.24,C0R520
佳冬,22.419456,120.552375,-1.28,18.34,5.45,83.0,0.43,0.06,C0R540
新埤,22.467947,120.582894,-1.32,18.27,-0.1,78.07,0.54,0.17,C0R550
新園,22.5434,120.461558,-0.57,18.87,-1.67,74.57,0.93,0.35,C0R560
麟洛,22.65078,120.52719,-0.29,19.4,8.44,83.14,1.57,1.18,C0R570
南州,22.48591,120.50274,-1.64,17.88,5.78,83.0,0.93,0.56,C0R580
里港,22.77919,120.49459,-1.38,17.74,4.64,81.14,3.54,3.14,C0R590
舊泰武,22.588194,120.664944,-1.34,14.82,7.7,92.5,2.04,1.23,C0R600
墾雷,21.900836,120.855269,-1.67,19.34,12.01,89.21,1.18,-0.83,C0R620
東港,22.46247,120.44074,-3.53,18.56,3.23,80.07,0.89,0.64,C0R640
竹田,22.58486,120.54344,-3.37,18.51,-0.25,79.29,0.96,0.57,C0R650
枋寮,22.367722,120.590647,-2.22,18.69,10.76,85.57,0.36,0.14,C0R660
楓港,22.190131,120.692156,-2.72,19.29,0.4,67.71,0.14,-0.08,C0R670
佳樂水,21.993578,120.861633,-2.84,19.26,4.04,81.29,2.86,-3.64,C0R680
墾丁,21.966756,120.810269,-2.29,17.29,1.25,86.5,1.29,-2.84,C0R690
枋山,22.246844,120.661086,-2.31,19.46,4.91,72.79,0.07,0.01,C0R700
旭海,22.205403,120.887614,-2.81,16.99,15.12,97.43,4.14,-4.08,C0R720
下馬,23.150427,121.070312,1.54,15.9,9.12,96.0,6.0,5.56,C0S660
太麻里,22.60902,120.98533,-1.67,14.68,2.79,86.79,4.18,2.66,C0S690
知本,22.684866,121.005642,-1.77,14.41,5.37,91.93,4.68,2.93,C0S700
鹿野,22.917711,121.122994,-1.88,14.32,5.43,90.43,4.86,3.78,C0S710
綠島,22.6672,121.47533,-1.88,17.52,12.98,94.86,9.43,2.78,C0S730
池上,23.119628,121.209469,-1.94,14.81,4.28,89.71,4.93,4.21,C0S740
向陽,23.248397,120.986133,4.51,11.4,7.94,95.0,13.5,10.98,C0S750
大溪山,22.478475,120.943325,-1.76,15.34,0.02,86.64,5.68,3.38,C0S770
金崙,22.538122,120.966875,-2.38,16.69,3.3,83.93,4.18,2.53,C0S790
東河,22.972672,121.303986,-3.25,16.99,2.06,81.5,4.9,2.98,C0S810
長濱,23.286817,121.411975,-2.35,15.71,3.35,84.29,5.64,3.8,C0S830
南田,22.279725,120.889208,-2.08,18.8,15.47,96.79,3.36,0.96,C0S840
關山,23.0395,121.175017,-1.34,15.56,2.66,87.79,5.0,4.49,C0S890
蘭嶼高中,22.04909,121.51214,-3.02,19.59,5.41,81.0,13.46,1.23,C0S900
蘭嶼燈塔,22.081197,121.503117,-3.15,17.99,0.33,88.93,7.14,0.55,C0S910
金峰嘉蘭,22.594789,120.960825,-2.68,16.99,5.97,85.29,4.68,3.83,C0S920
延平,22.902581,121.084058,-2.54,15.55,6.08,86.64,5.79,5.29,C0S930
石寧山,23.223772,121.406639,-2.92,16.19,7.87,88.93,5.89,5.46,C0S940
七塊厝,22.954453,121.229922,-1.29,15.9,13.31,100.0,14.0,13.69,C0S950
香蘭,22.587569,120.993375,-2.8,17.84,8.36,80.8,4.9,2.49,C0S960
加津林,22.416211,120.926942,-2.16,18.59,1.91,76.29,3.11,0.11,C0S970
勝林山,22.430439,120.8938,-3.37,11.36,3.3,98.43,7.39,4.27,C0S980
山豬窟,22.318619,120.857372,-3.0,15.29,3.88,87.07,3.71,0.96,C0S990
歷坵,22.520969,120.89185,-2.22,14.69,3.87,92.43,5.79,4.75,C0SA00
檳榔四格山,22.810031,121.109308,-2.91,14.76,7.18,91.43,4.14,3.89,C0SA10
金崙山,22.567419,120.959667,-2.37,12.11,1.06,94.5,6.68,4.74,C0SA20
都歷,23.020333,121.323642,-2.47,17.35,22.04,96.79,4.54,3.25,C0SA30
瑞和,22.974361,121.156697,-2.28,15.66,11.57,95.57,5.43,5.08,C0SA40
土坂,22.453108,120.887572,-2.05,16.88,4.44,87.5,4.96,3.0,C0SA80
大禹嶺,24.186117,121.316086,-0.47,4.56,12.04,84.07,7.43,4.31,C0T790
天祥,24.179597,121.495639,-1.38,13.14,4.68,87.0,2.86,1.15,C0T820
鯉魚潭,23.935639,121.508944,-1.84,14.49,3.0,92.64,6.0,3.36,C0T870
西林,23.8119,121.441458,-1.42,15.2,6.25,90.36,4.57,2.38,C0T900
光復,23.660694,121.424964,-1.39,15.61,-0.91,88.21,3.82,1.37,C0T960
月眉山,23.809928,121.539828,-1.71,13.18,2.59,95.57,5.89,2.75,C0T9A0
水源,23.991861,121.537169,-1.97,12.59,4.2,94.43,8.21,3.98,C0T9B0
和中,24.26676,121.74103,-2.17,16.25,14.1,96.5,4.14,0.89,C0T9D0
大坑,23.880628,121.581981,-2.04,13.52,3.56,93.64,6.25,3.03,C0T9E0
水璉,23.797131,121.542514,-2.7,14.79,7.65,91.21,5.29,2.75,C0T9F0
鳳林山,23.735269,121.420131,-3.18,12.46,-0.14,95.21,4.64,1.52,C0T9G0
加路蘭山,23.682947,121.5274,-2.22,11.79,4.09,99.57,12.29,6.06,C0T9H0
靜浦,23.455167,121.495028,-1.9,15.93,4.55,89.93,10.93,6.36,C0T9M0
富里,23.171639,121.249378,0.62,18.1,14.0,100.0,11.0,10.88,C0T9N0
雙連埤,24.753033,121.641303,-2.16,10.96,-0.43,96.57,11.29,6.29,C0U520
礁溪,24.817539,121.765608,-1.83,14.93,2.96,86.14,7.5,3.5,C0U600
玉蘭,24.675286,121.587061,-2.01,12.08,2.91,89.93,13.29,7.67,C0U650
太平山,24.505486,121.525656,-1.58,5.36,4.38,94.79,8.57,4.83,C0U710
南山,24.43742,121.38167,-3.88,8.07,1.0,96.79,6.71,5.67,C0U720
東澳,24.52196,121.83318,-2.72,15.07,11.33,97.36,14.46,7.45,C0U760
南澳,24.44935,121.81022,-2.54,15.66,6.33,81.5,3.61,1.18,C0U770
五結,24.68637,121.79794,-2.2,14.39,4.92,86.5,7.71,2.83,C0U780
頭城,24.85323,121.8308,-1.94,15.06,7.91,88.0,7.82,6.12,C0U860
大礁溪,24.791042,121.675047,-1.99,12.0,7.53,94.93,9.57,6.43,C0U870
三星,24.66812,121.65302,-2.09,14.09,8.3,95.71,7.14,5.12,C0U890
內城,24.71813,121.68766,-1.82,14.61,2.99,88.93,7.43,5.42,C0U900
冬山,24.63373,121.7937,-1.74,14.99,15.72,96.43,10.96,8.83,C0U910
羅東,24.68184,121.74934,-1.63,14.8,2.58,86.79,5.93,4.16,C0U940
鶯子嶺,24.89754,121.79244,-1.78,8.23,-0.43,96.71,16.14,9.31,C0U950
翠峰湖,24.510856,121.608044,-1.64,4.34,0.35,96.91,6.0,3.67,C0U960
大福,24.80064,121.81389,-2.17,14.64,4.03,84.36,6.57,4.75,C0U970
坪林石牌,24.86478,121.77396,-1.6,11.01,1.04,96.86,9.86,6.63,C0U980
員山,24.74435,121.72247,-2.06,14.79,7.5,88.21,7.36,5.39,C0U990
土場,24.576533,121.495333,-1.88,12.64,0.8,89.07,4.32,2.82,C0UA00
鴛鴦湖,24.590269,121.412228,-1.7,5.52,2.95,98.93,10.89,6.44,C0UA10
白嶺,24.527819,121.519031,-2.17,6.82,2.1,98.43,11.36,6.94,C0UA30
西德山,24.560647,121.752608,-3.77,8.18,1.94,99.0,10.86,6.72,C0UA40
西帽山,24.555361,121.802628,-3.56,9.71,0.2,96.57,30.14,22.41,C0UA50
樟樹山,24.41393,121.78325,-3.06,11.91,10.38,98.57,6.07,2.71,C0UA60
桃源谷,24.962606,121.888875,-1.96,10.96,1.04,97.43,28.54,16.98,C0UA70
復興,23.222403,120.806089,-0.45,16.12,10.26,84.79,9.64,8.46,C0V210
溪埔,22.738578,120.446797,-1.55,17.28,5.67,82.55,2.54,2.17,C0V350
內門,22.975481,120.466769,-0.27,17.32,4.9,83.5,6.14,5.65,C0V360
古亭坑,22.893178,120.401947,-1.78,16.49,6.59,86.43,5.71,5.32,C0V370
阿公店,22.804194,120.355528,-1.71,16.34,2.17,82.43,4.14,3.84,C0V400
鳳山,22.646653,120.356122,-1.95,17.14,14.13,86.79,2.04,1.53,C0V440
鳳森,22.545064,120.392592,-1.4,17.86,5.18,78.64,1.18,0.67,C0V450
新興,22.627422,120.298803,-1.82,17.77,5.86,76.93,2.0,1.59,C0V490
梓官,22.760558,120.267211,-1.66,16.91,3.92,79.0,3.54,3.29,C0V610
永安,22.82315,120.236856,-1.78,16.47,2.5,79.21,4.11,3.95,C0V620
茄萣,22.906642,120.182608,-1.51,16.46,7.88,80.43,5.57,4.85,C0V630
湖內,22.887139,120.2445,-1.87,16.26,2.04,78.57,5.36,4.68,C0V640
彌陀,22.783806,120.246361,-1.3,17.26,4.14,80.14,4.32,4.09,C0V650
岡山,22.797078,120.294958,-1.29,17.54,4.28,77.86,4.64,4.36,C0V660
仁武,22.701083,120.347722,-1.5,17.68,5.0,78.71,3.29,2.92,C0V680
鼓山,22.623325,120.275575,-1.82,17.39,6.93,80.93,2.43,1.87,C0V690
三民,22.645017,120.311233,-1.75,17.9,9.19,78.14,2.18,1.65,C0V700
苓雅,22.622742,120.330669,-1.02,18.36,13.7,81.64,2.0,1.55,C0V710
林園,22.507747,120.394511,-1.03,19.4,8.44,77.14,1.0,0.36,C0V720
大寮,22.605614,120.395717,-1.65,17.85,9.96,81.14,2.32,1.69,C0V730
旗山,22.888614,120.483597,-0.74,17.84,4.26,79.33,5.14,4.73,C0V740
路竹,22.854997,120.259439,-1.28,17.36,4.2,78.86,4.86,4.61,C0V750
橋頭,22.757806,120.30575,-1.52,17.51,1.79,76.79,3.75,3.43,C0V760
大社,22.730306,120.346639,-1.82,17.07,8.13,81.43,3.43,3.17,C0V770
萬山,22.905944,120.688056,-0.26,17.66,6.58,82.86,0.88,-0.06,C0V790
六龜,22.997889,120.633583,0.0,18.65,11.05,87.0,7.07,6.11,C0V800
左營,22.67491,120.28491,-2.07,16.74,0.26,80.36,2.89,2.55,C0V810
小林,23.148408,120.63325,-2.94,16.79,19.09,89.71,5.64,4.99,C0V820
東莒,25.9652,119.98069,0.01,10.3,-4.82,73.57,1.0,-0.49,C0W110
西嶼,23.5626,119.468436,-1.7,14.57,-0.91,82.86,4.61,4.28,C0W120
花嶼,23.40007,119.32276,-1.98,15.24,2.19,81.79,4.04,4.0,C0W130
金寧,24.457703,118.328989,-0.8,13.19,-4.37,67.43,0.71,-0.1,C0W150
東河,23.296598,120.385608,-1.62,15.73,-0.02,79.57,6.07,5.64,C0X050
下營,23.22695,120.256261,-1.32,15.72,-1.1,77.71,6.5,6.04,C0X060
佳里,23.173039,120.145086,-1.97,15.7,3.59,81.43,5.96,5.62,C0X080
臺南市北區,23.010394,120.194228,-1.77,16.29,11.62,86.07,5.25,4.72,C0X100
臺南市南區,22.961189,120.188378,-1.88,16.64,5.58,79.79,6.0,5.19,C0X110
麻豆,23.183289,120.248611,-1.19,16.49,5.97,85.79,0.04,-0.39,C0X120
官田,23.193217,120.315422,-1.39,16.45,4.42,82.79,6.04,5.56,C0X130
西港,23.125608,120.203108,-2.01,15.65,6.62,84.79,6.75,6.29,C0X140
安定,23.102614,120.227839,-1.61,15.81,5.67,86.57,5.0,4.5,C0X150
仁德,22.968258,120.257689,-1.2,17.06,6.27,81.36,6.14,5.59,C0X160
關廟,22.963017,120.327797,-2.18,15.91,8.14,83.86,6.0,5.42,C0X170
山上,23.0757,120.363253,-1.37,16.24,1.67,83.21,6.5,6.14,C0X180
安平,22.993161,120.152181,-1.93,16.02,0.42,79.21,6.0,5.6,C0X190
左鎮,23.056758,120.408522,-0.24,16.86,0.63,82.71,6.11,5.77,C0X200
白河,23.347466,120.414427,-1.64,15.67,2.43,80.57,5.89,5.46,C0X210
學甲,23.230367,120.182187,-1.6,15.39,3.81,80.79,5.71,5.41,C0X220
鹽水,23.272621,120.247641,-1.62,15.25,2.59,82.14,5.71,5.41,C0X230
關子嶺,23.331169,120.508025,-1.21,14.39,8.62,92.29,7.86,7.13,C0X240
新營,23.310689,120.316681,-1.8,15.7,5.1,81.0,5.93,5.58,C0X250
後壁,23.366358,120.362326,-1.51,15.62,1.44,79.5,6.61,6.29,C0X260
將軍,23.214999,120.13577,-1.86,15.15,0.01,78.14,4.68,4.38,C0X280
北門,23.267772,120.125481,-1.98,15.11,1.32,79.86,5.86,5.53,C0X290
鹿寮,23.386047,120.477331,-1.04,15.87,4.97,87.29,6.64,6.09,C0X300
柳營,23.253328,120.375253,-2.61,16.19,0.56,78.0,6.25,6.09,C0X320
明里,23.208717,121.262342,-1.66,14.99,2.57,91.86,5.2,4.36,C0Z020
佳心,23.34567,121.21316,-2.01,11.27,9.38,98.86,5.43,4.23,C0Z050
玉里,23.3215,121.339656,-2.13,15.14,6.76,94.21,5.93,4.69,C0Z061
舞鶴,23.46811,121.37407,-1.65,14.5,8.96,99.86,4.79,3.39,C0Z070
富源,23.587642,121.378225,-1.43,14.46,1.6,92.64,4.32,2.37,C0Z080
東華,23.89525,121.549833,-0.78,16.21,0.18,88.43,2.07,0.78,C0Z100
吉安光華,23.930925,121.595153,-1.43,16.41,-8.01,74.64,3.46,2.14,C0Z150
鳳林,23.746114,121.453411,-1.73,15.46,-1.08,83.71,3.29,2.0,C0Z160
卓溪,23.3443,121.3029,-2.51,15.01,5.44,88.36,4.79,4.33,C0Z170
新城,24.03946,121.60454,-1.88,16.33,3.34,81.38,4.58,2.86,C0Z180
富世,24.14743,121.6297,-1.92,16.24,2.0,83.14,4.32,1.97,C0Z190
萬榮,23.709219,121.420106,-1.54,15.29,-5.29,85.14,2.93,1.88,C0Z200
瑞穗,23.5239,121.39021,-1.5,15.36,3.7,90.79,4.93,3.95,C0Z210
和平林道,24.343922,121.656317,-1.96,12.16,-0.14,88.36,3.57,2.61,C0Z220
和平,24.30717,121.77007,-2.26,15.78,0.92,74.86,3.96,0.94,C0Z230
瑞穗林道,23.49284,121.30688,-0.63,11.12,2.37,98.79,8.71,5.58,C0Z250
蕃薯寮,23.73835,121.540108,-1.92,13.86,4.29,90.36,7.68,4.22,C0Z270
德武,23.47426,121.41071,-2.29,14.7,2.14,92.43,5.61,4.58,C0Z280
赤柯山,23.36893,121.38293,-2.25,10.4,3.38,99.07,9.61,7.73,C0Z290
東里,23.26853,121.30547,-2.0,15.22,-0.45,89.07,5.68,4.88,C0Z300
清水斷崖,24.218294,121.689142,-2.27,15.92,1.21,82.21,0.0,-0.99,C0Z310
清水林道,23.27125,121.188272,-3.1,12.38,3.4,92.43,7.82,6.34,C0Z320
安通山,23.290728,121.348528,-4.34,12.72,6.56,95.5,6.79,5.05,C0Z330
口湖工作站,23.589978,120.180394,-3.56,15.22,-2.11,73.64,3.39,3.23,12J990
東港工作站,22.479997,120.466058,-3.45,18.56,1.56,67.21,0.79,0.68,12Q970
恆春工作站,22.079678,120.714425,-2.69,19.84,-1.48,66.43,0.04,-0.37,12Q980
萬大發電廠,23.978875,121.139639,-1.98,13.72,6.85,84.14,5.75,2.81,42HA10
桃改樹林分場,24.944503,121.386972,-2.07,14.76,-2.12,76.0,7.04,4.35,72AI40
桃園農改場,24.950944,121.030583,-0.59,14.41,-5.06,79.5,4.68,2.15,72C440
桃改五峰分場,24.612194,121.157167,-1.36,10.01,3.48,91.64,10.0,6.66,72D080
臺中農改場,24.003028,120.534389,-1.56,15.31,1.62,80.86,3.64,2.95,72G600
中改埔里分場,23.903208,120.963364,-2.16,14.74,11.02,91.43,6.36,2.98,72HA00
南改斗南分場,23.634556,120.477333,-1.18,15.98,-0.35,80.36,5.39,4.76,72K220
南改義竹分場,23.360694,120.279361,-1.82,15.41,-1.24,79.21,5.79,5.34,72M360
南改鹿草分場,23.416869,120.283061,-3.74,15.49,-0.04,79.64,5.39,5.22,72M700
臺南農改場,23.0605,120.342194,-2.18,15.88,4.3,84.14,0.5,0.19,72N100
七股研究中心,23.081672,120.062894,-4.13,15.54,-0.05,81.21,6.89,6.84,72N240
高雄農改場,22.709333,120.525889,-1.85,18.14,6.65,84.29,1.46,1.15,72Q010
東改班鳩分場,22.829528,121.077694,-1.7,15.79,0.9,80.43,4.46,3.45,72S200
東改賓朗果園,22.813889,121.071278,-2.48,15.53,-3.94,83.57,4.68,3.71,72S590
花蓮農改場,23.975222,121.563889,-1.45,16.19,-0.39,81.29,5.36,3.74,72T250
花改蘭陽分場,24.686306,121.716583,-1.69,14.82,0.81,83.5,6.57,2.81,72U480
高改旗南分場,22.857861,120.516667,-2.36,17.24,8.92,81.86,4.89,4.64,72V140
茶改北部分場,24.955778,121.631222,-1.19,12.22,1.02,88.07,11.82,5.76,82A750
茶改場,24.908472,121.185333,-1.02,13.45,-3.31,81.79,6.57,2.85,82C160
茶改中部分場,23.875611,120.913583,-2.28,13.31,7.72,90.5,6.32,5.32,82H320
茶改南部分場,23.762528,120.7405,-1.88,14.03,2.32,90.0,6.96,6.08,82H840
茶改東部分場,22.907694,121.130139,-2.53,15.52,-1.4,79.83,4.54,3.76,82S580
農工中心,24.985917,121.239833,-1.11,14.21,-1.47,78.86,6.89,3.59,A2C560
水試臺西試驗場,23.717231,120.190522,-1.91,15.27,0.55,83.21,4.71,4.58,A2K360
臺大雲林校區,23.730628,120.423903,-2.37,15.21,0.0,79.5,4.21,3.78,A2K630
臺南蘭花園區,23.340258,120.379661,-2.32,15.99,2.44,81.0,2.93,2.55,A2N290
畜試北區分所,24.527806,120.770972,-1.43,13.81,-2.48,82.36,4.46,3.49,B2E890
畜產試驗所,23.058972,120.336406,-2.04,15.75,4.26,84.43,4.46,4.14,B2N890
畜試南區分所,21.945583,120.802167,-2.26,19.13,-0.13,74.14,0.96,-0.16,B2Q810
畜試東區分所,24.669039,121.832561,-2.34,14.81,9.22,90.29,7.86,6.01,B2U990
蓮華池,23.918333,120.885278,-1.66,14.11,5.74,90.93,5.29,4.08,E2H360
林試畢祿溪站,24.226944,121.308522,0.19,7.61,10.4,85.71,7.25,4.5,E2HA20
四湖植物園,23.676986,120.163433,-3.5,15.33,4.89,87.43,4.57,4.21,E2K600
林試六龜中心,22.991703,120.645722,-1.37,17.27,12.46,87.64,6.32,5.29,E2P980
林試太麻里2,22.598,120.99775,-2.18,17.94,0.75,76.5,3.32,1.57,E2S960
林試太麻里1,22.598922,120.980044,-2.19,17.21,3.27,80.14,4.07,3.2,E2S980
農試所(霧峰),24.031261,120.688133,-1.5,15.96,3.91,82.93,4.57,3.91,G2F820
農試嘉義分所,23.485028,120.473806,-1.92,15.28,0.97,81.79,4.93,4.17,G2L020
農試鳳山分所,22.646611,120.356083,-2.67,17.31,5.65,78.36,1.86,1.43,G2P820
苗栗農改場,24.495722,120.829111,-1.67,13.47,-0.39,83.29,5.93,4.1,K2E360
苗改生物防治研究中心,24.422861,120.871833,-3.14,12.71,-2.06,83.0,5.71,5.02,K2E710
種苗改良場,24.225972,120.800917,-1.59,13.44,7.86,87.5,6.29,4.9,K2F750
溪頭,23.670306,120.798194,-1.25,11.51,9.39,96.29,10.93,9.51,U2H480
臺大和社,23.590856,120.888864,-2.22,14.21,16.09,91.0,6.82,6.59,U2HA30
臺大內茅埔,23.689722,120.851117,-3.51,14.54,14.72,89.0,7.18,6.49,U2HA40
臺大竹山,23.756972,120.681556,-1.81,15.48,-1.07,81.71,5.64,4.57,U2HA50
臺大竹山,23.756972,120.681556,-1.81,15.48,-1.07,81.71,5.64,4.57,U2HA50
臺大內茅埔,23.689722,120.851117,-3.51,14.54,14.72,89.0,7.18,6.49,U2HA40
臺大和社,23.590856,120.888864,-2.22,14.21,16.09,91.0,6.82,6.59,U2HA30
臺大溪頭,23.670306,120.798194,-1.25,11.51,9.39,96.29,10.93,9.51,U2H480
種苗繁殖,24.225972,120.800917,-1.59,13.44,7.86,87.5,6.29,4.9,K2F750
苗改生物防治研究中心,24.422861,120.871833,-3.14,12.71,-2.06,83.0,5.71,5.02,K2E710
苗栗農改,24.495722,120.829111,-1.67,13.47,-0.39,83.29,5.93,4.1,K2E360
農試鳳山分所,22.646611,120.356083,-2.67,17.31,5.65,78.36,1.86,1.43,G2P820
農試嘉義分所,23.485028,120.473806,-1.92,15.28,0.97,81.79,4.93,4.17,G2L020
農業試驗所,24.031261,120.688133,-1.5,15.96,3.91,82.93,4.57,3.91,G2F820
林試太麻里1,22.598922,120.980044,-2.19,17.21,3.27,80.14,4.07,3.2,E2S980
林試太麻里2,22.598014,120.989761,-2.18,17.94,0.75,76.5,3.32,1.57,E2S960
林試六龜中心,22.991703,120.645722,-1.37,17.27,12.46,87.64,6.32,5.29,E2P980
四湖植物園,23.676986,120.163433,-3.5,15.33,4.89,87.43,4.57,4.21,E2K600
林試畢祿溪站,24.226944,121.308522,0.19,7.61,10.4,85.71,7.25,4.5,E2HA20
蓮華池,23.918333,120.885278,-1.66,14.11,5.74,90.93,5.29,4.08,E2H360
畜試東區分所,24.669039,121.832561,-2.34,14.81,9.22,90.29,7.86,6.01,B2U990
畜試南區分所,21.945583,120.802167,-2.26,19.13,-0.13,74.14,0.96,-0.16,B2Q810
畜試所,23.058972,120.336406,-2.04,15.75,4.26,84.43,4.46,4.14,B2N890
畜試北區分所,24.527806,120.770972,-1.43,13.81,-2.48,82.36,4.46,3.49,B2E890
臺南蘭花園區,23.340258,120.379661,-2.32,15.99,2.44,81.0,2.93,2.55,A2N290
臺大雲林校區,23.730628,120.423903,-2.37,15.21,0.0,79.5,4.21,3.78,A2K630
水試臺西試驗場,23.717231,120.190522,-1.91,15.27,0.55,83.21,4.71,4.58,A2K360
農工中心,24.985917,121.239833,-1.11,14.21,-1.47,78.86,6.89,3.59,A2C560
茶改東部分場,22.907694,121.130139,-2.53,15.52,-1.4,79.83,4.54,3.76,82S580
茶改南部分場,23.762528,120.7405,-1.88,14.03,2.32,90.0,6.96,6.08,82H840
茶改中部分場,23.875611,120.913583,-2.28,13.31,7.72,90.5,6.32,5.32,82H320
茶改場,24.908472,121.185333,-1.02,13.45,-3.31,81.79,6.57,2.85,82C160
茶改北部分場,24.955778,121.631222,-1.19,12.22,1.02,88.07,11.82,5.76,82A750
高改旗南分場,22.857861,120.516667,-2.36,17.24,8.92,81.86,4.89,4.64,72V140
花改蘭陽分場,24.686306,121.716583,-1.69,14.82,0.81,83.5,6.57,2.81,72U480
花蓮農改,23.975222,121.563889,-1.45,16.19,-0.39,81.29,5.36,3.74,72T250
東改賓朗果園,22.813889,121.071278,-2.48,15.53,-3.94,83.57,4.68,3.71,72S590
東改班鳩分場,22.829528,121.077694,-1.7,15.79,0.9,80.43,4.46,3.45,72S200
高雄農改,22.709333,120.525889,-1.85,18.14,6.65,84.29,1.46,1.15,72Q010
七股研究中心,23.081672,120.062894,-4.13,15.54,-0.05,81.21,6.89,6.84,72N240
臺南農改,23.0605,120.342194,-2.18,15.88,4.3,84.14,0.5,0.19,72N100
南改鹿草分場,23.416869,120.283061,-3.74,15.49,-0.04,79.64,5.39,5.22,72M700
南改義竹分場,23.360694,120.279361,-1.82,15.41,-1.24,79.21,5.79,5.34,72M360
南改斗南分場,23.634556,120.477333,-1.18,15.98,-0.35,80.36,5.39,4.76,72K220
中改埔里分場,23.903208,120.963364,-2.16,14.74,11.02,91.43,6.36,2.98,72HA00
臺中農改,24.003028,120.534389,-1.56,15.31,1.62,80.86,3.64,2.95,72G600
桃改五峰分場,24.612194,121.157167,-1.36,10.01,3.48,91.64,10.0,6.66,72D080
桃園農改,24.950944,121.030583,-0.59,14.41,-5.06,79.5,4.68,2.15,72C440
桃改樹林分場,24.944503,121.386972,-2.07,14.76,-2.12,76.0,7.04,4.35,72AI40
萬大發電廠,23.978875,121.139639,-1.98,13.72,6.85,84.14,5.75,2.81,42HA10
恆春工作站,22.079678,120.714425,-2.69,19.84,-1.48,66.43,0.04,-0.37,12Q980
東港工作站,22.479997,120.466058,-3.45,18.56,1.56,67.21,0.79,0.68,12Q970
口湖工作站,23.589978,120.180394,-3.56,15.22,-2.11,73.64,3.39,3.23,12J990
