站名,緯度,經度,平均溫距平,本年度平均溫,平均溼度距平,本年度日均相對溼度,本年度日均降水量,日均降水量距平,站號
淡水,25.164889,121.448906,-0.82,15.19,-10.11,69.53,0.9,-2.27,466900
鞍部,25.182586,121.529731,-2.16,8.55,0.16,91.73,4.58,-6.1,466910
臺北,25.037658,121.514853,-1.1,15.89,-7.75,68.27,1.1,-1.97,466920
竹子湖,25.162078,121.544547,-1.86,10.55,-2.3,84.8,4.5,-3.26,466930
基隆,25.133314,121.740475,-0.92,15.66,-7.75,69.33,3.01,-7.77,466940
花蓮,23.975128,121.613275,-1.03,17.45,-3.91,70.2,0.91,-1.14,466990
新屋,25.006744,121.047486,-1.57,15.39,-11.32,67.07,0.59,-3.32,467050
宜蘭,24.763975,121.756528,-1.68,15.21,-1.21,78.07,1.48,-4.95,467080
金門,24.407306,118.289281,-0.05,13.67,-11.94,58.73,0.01,-1.31,467110
澎湖,23.565503,119.563094,-1.04,16.25,-4.67,73.27,0.68,0.06,467350
臺南,22.993239,120.204772,-1.22,16.81,-4.75,69.67,0.42,-0.31,467410
永康,23.038386,120.2367,-0.96,16.77,-1.74,71.87,0.37,-0.28,467420
嘉義,23.495925,120.432906,-1.14,16.03,1.27,78.13,1.68,0.91,467480
臺中,24.145736,120.684075,-0.91,16.45,-4.94,68.93,1.36,0.16,467490
阿里山,23.508208,120.813242,-1.24,5.56,2.39,80.6,4.64,1.98,467530
大武,22.355675,120.903789,-1.56,19.06,-1.68,68.2,1.28,-0.05,467540
玉山,23.487614,120.959522,0.08,0.38,2.39,57.87,10.14,7.89,467550
新竹,24.827853,121.014219,-0.6,15.63,-9.81,67.4,0.71,-1.94,467571
恆春,22.003897,120.746339,-1.48,19.75,-1.48,67.8,0.96,0.18,467590
成功,23.097486,121.373428,-1.19,17.93,-1.6,72.0,1.16,-1.46,467610
日月潭,23.881325,120.90805,-1.14,13.37,6.45,82.47,2.61,0.94,467650
臺東,22.752211,121.154586,-1.49,18.26,-0.58,69.93,1.24,0.01,467660
馬祖,26.169269,119.923419,0.12,10.94,-9.21,70.0,0.0,-1.42,467990
山佳,24.974944,121.402008,-0.64,15.91,-10.72,72.4,1.4,-1.68,C0A520
坪林,24.938183,121.70975,-1.94,12.08,-11.86,81.0,1.96,-2.07,C0A530
泰平,24.971197,121.823711,-1.57,11.43,-3.13,92.53,6.5,-8.11,C0A550
桶後,24.848222,121.597992,-1.59,11.87,-2.32,92.2,3.4,-2.16,C0A570
石碇,24.993969,121.662917,-0.96,13.57,-9.68,80.93,2.03,-3.88,C0A640
大坪,25.165914,121.632969,-0.97,12.71,-4.9,89.07,9.27,-16.29,C0A860
五指山,25.132153,121.608692,-0.39,11.21,-3.28,91.93,4.83,-4.59,C0A870
雙溪,25.036003,121.864242,-0.57,14.71,-7.0,85.53,3.07,-8.37,C0A890
三和,25.233153,121.595236,-2.32,13.32,-7.09,79.67,5.37,-12.03,C0A931
金山,25.223628,121.643967,0.1,16.03,-13.34,70.73,2.87,-5.48,C0A940
鼻頭角,25.129036,121.923372,-0.65,16.27,-7.38,72.93,1.2,-2.37,C0A950
三貂角,25.007606,122.002058,-1.05,15.56,-11.53,75.53,3.13,-3.56,C0A970
社子,25.109508,121.469681,-0.29,16.51,-5.47,72.93,0.83,-1.46,C0A980
天母,25.117494,121.537169,-0.99,15.96,-11.93,63.8,0.8,-1.22,C0A9C0
內湖,25.079422,121.57545,-1.09,15.79,0.4,80.47,0.9,-1.53,C0A9F0
大屯山,25.175675,121.522408,-0.81,8.39,0.16,96.67,3.4,-4.12,C0AC40
三峽,24.939025,121.369728,0.01,16.46,-9.84,72.2,1.37,-3.38,C0AC60
信義,25.037822,121.564597,0.18,16.67,-8.08,72.47,1.2,-2.81,C0AC70
文山,25.00235,121.575728,-1.13,15.03,-11.97,73.4,1.47,-2.73,C0AC80
新莊,25.051478,121.446756,-1.23,15.74,-10.94,64.67,0.97,-2.93,C0ACA0
八里,25.150211,121.403947,-0.89,15.75,-5.6,72.8,0.63,-3.61,C0AD10
蘆洲,25.086594,121.472331,-0.64,16.56,-9.9,65.67,0.83,-2.61,C0AD30
土城,24.973208,121.445169,-0.85,15.51,-5.86,74.73,1.37,-2.36,C0AD40
鶯歌,24.951533,121.346294,-0.16,16.13,-8.25,74.67,1.23,-2.93,C0AD50
汐止,25.066881,121.658778,-1.63,15.23,-12.53,73.47,2.33,-4.28,C0AH00
永和,25.01125,121.508111,-0.97,16.6,-3.76,70.33,1.13,-2.15,C0AH10
五分山,25.07125,121.780794,-2.57,10.51,-3.36,93.73,8.57,-7.46,C0AH30
平等,25.129142,121.577086,-3.18,12.43,-12.31,75.73,1.57,-3.92,C0AH40
林口,25.072181,121.38084,-2.13,13.75,-10.79,77.33,0.87,-4.16,C0AH50
松山,25.04871,121.55042,-2.54,15.65,-12.3,59.46,0.31,-4.5,C0AH70
深坑,25.002703,121.628328,-1.52,15.33,-7.26,77.47,1.63,-2.39,C0AH80
福山植物園,24.760717,121.58135,-4.19,10.07,0.92,95.8,3.33,-6.03,C0AH90
五股,25.07445,121.42728,-3.88,13.77,-18.24,74.2,0.9,-0.89,C0AI00
屈尺,24.92184,121.54475,-3.02,15.08,-16.31,68.4,2.37,-0.12,C0AI10
白沙灣,25.283128,121.519058,-1.61,15.52,-16.33,71.67,0.83,-5.77,C0AI20
三重,25.057328,121.500629,-2.95,16.01,-10.03,70.27,0.83,0.6,C0AI30
石牌,25.115597,121.513139,-2.58,16.87,-5.8,66.93,0.73,-0.38,C0AI40
七堵,25.094819,121.71713,-1.91,16.13,-15.31,74.87,4.0,-5.19,C0B010
基隆嶼,25.19141,121.78391,-2.31,15.33,-8.85,81.0,2.8,-1.88,C0B020
復興,24.820208,121.352281,-1.05,12.76,-6.16,73.93,1.57,-2.1,C0C460
桃園,24.992425,121.323172,-0.75,15.22,-7.66,68.2,1.57,-2.39,C0C480
八德,24.928708,121.283289,-1.62,14.67,-11.0,69.53,1.4,-3.57,C0C490
觀音,25.027072,121.153317,-0.81,14.59,-11.4,68.07,0.77,-3.62,C0C590
蘆竹,25.084275,121.265767,-1.7,14.98,-6.56,72.8,0.93,-4.21,C0C620
大溪,24.882853,121.265547,-0.79,14.0,-4.86,73.07,1.43,-2.32,C0C630
平鎮,24.897503,121.214636,-0.52,14.1,-8.62,72.73,1.03,-3.03,C0C650
楊梅,24.912375,121.143047,-1.89,14.47,-8.42,68.6,1.0,-3.68,C0C660
龍潭,24.870056,121.221389,-2.24,13.37,0.89,81.47,1.37,-4.07,C0C670
龜山,25.02846,121.38656,-1.71,14.24,-10.64,72.2,1.47,-4.19,C0C680
中壢,24.977661,121.256375,-2.07,14.59,-11.52,68.73,0.97,-4.41,C0C700
大溪永福,24.892936,121.324975,-2.36,14.58,-11.28,76.4,1.53,-0.07,C0C710
梅花,24.678347,121.208558,-1.54,11.88,-2.92,81.8,2.1,-0.18,C0D360
峨眉,24.6905,121.017189,-1.28,14.51,-10.18,75.6,1.4,-3.24,C0D430
打鐵坑,24.849664,121.150789,-1.09,13.4,-11.27,74.73,1.0,-3.07,C0D480
橫山,24.71116,121.11693,-1.53,13.23,-2.77,80.67,1.93,-1.84,C0D540
雪霸,24.526972,121.11605,-1.04,7.31,-5.9,70.33,2.0,-2.87,C0D550
竹東,24.767147,121.057881,-0.02,15.12,-7.26,68.2,1.03,-2.41,C0D560
寶山,24.735006,121.025192,-0.51,14.43,-7.35,74.2,1.17,-2.81,C0D580
新豐,24.87068,120.97721,-0.58,14.5,-8.44,73.27,0.77,-2.77,C0D590
湖口,24.904794,121.043628,-1.4,15.15,-9.88,69.17,1.04,-2.31,C0D650
新竹市東區,24.798681,120.986942,-1.94,14.92,-9.44,66.93,0.7,-3.91,C0D660
竹南,24.708978,120.888897,-0.43,15.51,-8.21,70.4,0.77,-1.3,C0E420
南庄,24.601775,121.000214,-1.49,13.03,0.63,84.87,1.73,-1.2,C0E430
明德,24.583486,120.885411,-1.06,15.05,-12.49,72.47,1.1,-2.4,C0E550
通霄,24.471892,120.704622,-1.24,15.17,-12.75,72.6,0.87,-1.65,C0E590
馬都安,24.451272,120.930192,-1.49,11.58,-2.59,80.4,1.97,-0.07,C0E610
頭份,24.688247,120.912206,0.2,16.23,-7.86,67.6,0.9,-2.14,C0E730
造橋,24.637056,120.864778,-1.29,15.16,-12.99,71.73,1.0,-2.51,C0E740
苗栗,24.564569,120.824575,-1.38,15.21,-11.33,69.0,0.9,-2.49,C0E750
銅鑼,24.489681,120.790853,-1.79,14.19,-0.64,84.14,0.18,-3.05,C0E780
西湖,24.562947,120.7485,-0.99,15.01,-11.91,73.6,0.7,-1.94,C0E810
獅潭,24.539133,120.920042,-1.83,13.22,-7.82,79.07,1.67,-1.49,C0E820
苑裡,24.439714,120.653053,-1.78,15.31,-11.86,69.8,0.67,-1.71,C0E830
大河,24.618069,120.948578,-4.28,12.33,-12.61,73.4,1.43,-3.88,C0E850
高鐵苗栗,24.60725,120.826094,-1.63,15.31,-7.82,74.87,0.77,-2.95,C0E870
石岡,24.276061,120.777644,-1.54,15.23,-4.99,81.6,1.1,-0.9,C0F0B0
中坑,24.248517,120.903319,-3.09,11.98,-1.15,80.93,2.17,-1.27,C0F0C0
審馬陣,24.381675,121.4203,-2.87,1.26,4.42,69.53,2.5,-2.9,C0F0D0
南湖圈谷,24.363714,121.444667,-4.31,-3.21,-7.04,72.2,0.0,-9.89,C0F0E0
東勢,24.246428,120.833047,-1.12,14.93,-3.28,79.13,1.6,-0.92,C0F850
大坑,24.173142,120.722289,-0.53,16.99,-5.61,72.47,1.33,-0.64,C0F970
神岡,24.272481,120.658314,-1.63,14.64,-15.24,71.6,1.0,-1.05,C0F9I0
大安,24.345061,120.588025,-1.51,15.29,-13.29,72.0,0.77,-1.02,C0F9K0
后里,24.310436,120.729725,-1.21,15.0,-11.95,72.6,1.27,-0.82,C0F9L0
豐原,24.254322,120.720692,-0.61,15.92,-7.79,72.8,1.07,-1.03,C0F9M0
大里,24.092464,120.701378,-1.22,17.32,-18.83,56.25,1.63,-0.23,C0F9N0
潭子,24.213106,120.703933,-1.22,16.11,-5.76,74.07,1.07,-0.83,C0F9O0
清水,24.312297,120.562242,-1.56,15.42,-12.12,72.4,0.7,-0.97,C0F9P0
外埔,24.347817,120.705686,-0.58,15.83,-11.69,73.13,1.1,-0.89,C0F9Q0
龍井,24.184536,120.528972,-1.47,15.97,-14.29,69.53,0.83,-0.78,C0F9R0
烏日,24.107058,120.624103,-1.4,16.26,-8.33,67.93,1.37,-0.32,C0F9S0
西屯,24.179494,120.641275,-1.58,15.55,-8.57,70.4,0.93,-0.64,C0F9T0
南屯,24.137006,120.637969,-1.73,16.43,-8.79,67.67,0.73,-0.88,C0F9U0
新社,24.200172,120.815806,-1.52,13.91,-7.38,77.47,1.63,-0.87,C0F9V0
大雅(中科園區),24.21528,120.62445,-2.57,14.86,-11.7,73.33,0.93,-1.55,C0F9X0
桃山,24.432739,121.303808,-2.4,1.8,-4.01,58.2,3.33,-0.38,C0F9Y0
雪山東峰,24.388792,121.268675,-2.33,2.62,-4.6,57.0,3.33,-1.89,C0F9Z0
芬園,24.015678,120.6213,-2.16,14.75,-2.55,80.67,1.4,-0.32,C0G620
員林,23.946503,120.585597,0.67,17.95,-10.65,70.2,1.5,0.54,C0G650
溪湖,23.94835,120.479122,0.08,17.42,3.33,86.33,1.1,-0.32,C0G660
溪州,23.851589,120.499093,-1.96,15.89,-13.91,69.33,1.23,-1.22,C0G720
二林,23.903325,120.376081,-1.95,15.53,-8.84,81.4,1.0,-0.58,C0G730
大城,23.852487,120.320935,-1.72,15.93,-38.72,44.82,1.07,-0.69,C0G740
福興,24.041289,120.437669,-1.12,16.61,-14.08,67.47,1.07,-0.26,C0G770
秀水,24.03405,120.503869,-1.22,16.44,-8.83,74.07,1.13,-0.34,C0G780
埔鹽,24.000394,120.431683,-0.51,16.63,-9.9,75.6,1.0,-0.3,C0G800
埔心,23.947633,120.525456,-0.75,16.79,17.96,98.67,1.2,-0.21,C0G810
田尾,23.901669,120.509389,-1.15,16.15,-4.85,80.93,1.2,-0.29,C0G820
埤頭,23.866003,120.452806,-1.33,15.96,4.45,93.13,0.97,-0.16,C0G830
社頭,23.897647,120.5862,-0.99,17.18,-0.05,78.73,1.4,-0.28,C0G860
二水,23.810742,120.6173,0.51,18.32,-3.61,79.53,1.43,-0.15,C0G880
伸港,24.148933,120.484403,-1.54,15.76,-12.87,69.73,0.77,-0.62,C0G890
線西,24.143358,120.443536,-2.57,15.95,-15.28,71.13,0.73,0.62,C0G900
花壇,24.032076,120.549461,0.69,19.05,-5.25,77.87,1.2,1.2,C0G910
埔里,23.972169,120.952425,-1.74,15.93,-2.33,80.07,2.47,-0.65,C0H890
草屯,23.973672,120.68085,-1.64,16.04,-8.05,71.73,1.73,0.02,C0H960
昆陽,24.121322,121.273642,-1.21,1.47,2.67,75.4,2.93,1.65,C0H990
神木村,23.532742,120.843667,-0.81,10.04,2.89,85.93,4.27,1.97,C0H9A0
合歡山,24.143442,121.272547,-1.0,0.21,7.72,76.4,5.73,-0.28,C0H9C0
廬山,24.033311,121.181808,-0.77,10.88,-1.81,74.0,3.7,1.5,C0I010
信義,23.689694,120.851036,-2.24,14.61,0.94,83.73,3.07,0.46,C0I080
竹山,23.761225,120.688156,-0.87,15.85,-2.54,82.6,1.93,0.66,C0I110
水里,23.812553,120.849792,-2.15,15.85,-5.04,77.27,2.2,-0.13,C0I360
魚池,23.895703,120.94135,-1.58,14.94,-6.69,79.67,2.8,-0.66,C0I370
集集,23.828206,120.801467,-2.23,15.91,-5.06,79.0,2.2,-0.47,C0I380
仁愛,24.022122,121.132206,-1.57,12.33,-3.1,78.47,3.53,-0.9,C0I390
名間,23.837053,120.701447,-2.52,15.31,-7.82,76.47,1.73,-0.43,C0I410
國姓,24.037803,120.855072,-2.26,15.57,-4.36,80.67,2.03,-0.3,C0I420
南投,23.911469,120.687331,-2.13,16.41,-5.53,75.67,1.63,-1.03,C0I460
梅峰,24.085272,121.173572,-2.07,6.59,-3.95,77.6,3.73,-3.01,C0I480
萬大林道,23.928228,121.091411,-2.31,10.35,-4.94,75.13,3.9,0.13,C0I490
小奇萊,24.131764,121.295717,-2.3,0.99,-3.93,77.6,5.1,-5.61,C0I530
奇萊稜線,24.109231,121.326456,-3.4,-0.56,9.2,79.2,0.0,-3.87,C0I540
崙背,23.75555,120.318925,-2.17,15.52,-13.91,71.87,1.3,-0.64,C0K250
四湖,23.630414,120.227125,-0.86,16.12,-13.99,69.71,1.36,0.67,C0K280
宜梧,23.536281,120.169329,-1.06,16.04,-11.93,72.6,1.47,0.49,C0K291
虎尾,23.719183,120.442036,-0.99,16.05,-9.03,74.67,1.33,0.49,C0K330
土庫,23.679029,120.395574,-1.92,15.99,-7.74,76.4,1.17,-0.82,C0K390
斗六,23.720583,120.541127,-2.13,15.93,-15.07,71.4,1.63,-0.57,C0K400
北港,23.573957,120.292802,-2.12,15.9,-15.35,69.87,1.4,-0.47,C0K410
西螺,23.800407,120.467394,-1.97,15.87,-12.82,73.33,1.37,-0.83,C0K420
褒忠,23.690938,120.303634,-2.02,15.69,-18.38,67.47,1.23,-0.51,C0K430
二崙,23.772797,120.408944,-2.17,15.5,-11.42,74.87,1.0,-0.56,C0K440
大埤,23.646074,120.431537,-2.09,15.95,-11.11,71.67,1.33,-0.56,C0K450
斗南,23.678734,120.478359,-2.03,15.92,-10.54,73.2,1.57,-0.43,C0K460
林內,23.748675,120.609642,-2.21,15.75,-8.19,77.6,1.87,-0.47,C0K470
莿桐,23.761192,120.502372,-2.16,15.58,-12.72,72.47,1.43,-0.75,C0K480
元長,23.64981,120.315024,-2.02,15.85,-10.96,72.73,1.3,-0.44,C0K500
水林,23.572924,120.24597,-1.87,16.05,-11.87,71.73,1.43,-0.37,C0K510
臺西,23.701547,120.197559,-1.96,15.92,-11.48,72.93,1.0,-0.37,C0K530
蔦松,23.514319,120.229736,-2.12,15.87,-11.68,74.0,1.47,-0.31,C0K550
棋山,23.68645,120.603417,-2.17,15.88,-5.25,80.67,2.0,-0.73,C0K560
高鐵雲林,23.737456,120.417944,-2.15,15.57,-13.65,76.13,1.1,0.8,C0K580
東後寮,23.369908,120.248065,-2.2,15.77,-10.07,74.53,1.17,-0.43,C0M520
奮起湖,23.493903,120.699253,-0.4,11.86,0.88,88.53,2.67,1.19,C0M530
中埔,23.42538,120.5229,-2.22,15.85,-8.43,76.53,1.43,-0.56,C0M640
朴子,23.43463,120.23902,-2.78,15.31,-7.98,75.47,1.7,0.06,C0M650
溪口,23.604131,120.403569,-2.03,15.92,-13.93,71.2,1.47,-0.46,C0M660
大林,23.600616,120.45841,-2.09,16.11,-11.47,71.13,1.87,-0.29,C0M670
太保,23.455062,120.331455,-2.33,15.94,-13.57,70.53,1.7,-0.08,C0M680
水上,23.419734,120.388909,-2.12,16.09,-6.67,76.4,1.27,-0.57,C0M690
竹崎,23.526178,120.555508,-2.27,15.78,-4.36,80.93,1.97,-0.38,C0M700
東石,23.458927,120.15385,-2.04,16.03,-13.42,72.27,1.63,-0.05,C0M710
番路,23.464657,120.554156,-2.18,15.4,-3.82,81.93,1.7,-0.39,C0M720
嘉義市東區,23.457673,120.460531,-2.13,17.02,-7.4,72.27,1.67,-0.46,C0M730
六腳,23.492871,120.290625,-2.21,15.88,-12.44,71.13,1.6,-0.32,C0M740
布袋,23.380878,120.167789,-1.98,16.11,-14.44,71.27,1.5,-0.15,C0M750
民雄,23.551754,120.428457,-2.16,16.18,-12.43,71.27,1.73,-0.54,C0M760
嘉義梅山,23.585398,120.555587,-2.25,15.65,-4.24,81.73,1.73,-0.71,C0M770
鹿草,23.41134,120.30835,-2.1,16.19,-11.72,70.87,1.43,-0.27,C0M780
新港,23.553269,120.345728,-2.18,16.0,-10.95,71.47,1.67,-0.39,C0M790
茶山,23.299075,120.664767,-1.75,16.47,0.84,84.07,1.3,-1.22,C0M800
里佳,23.389125,120.716647,-1.87,11.83,0.16,84.47,2.13,-1.51,C0M810
達邦,23.453994,120.749517,-1.51,13.93,3.45,83.27,2.2,-1.1,C0M820
表湖,23.24186,120.64166,-3.32,14.61,1.43,84.93,1.4,1.27,C0M850
北寮,23.079561,120.495008,-1.76,16.53,5.29,89.07,0.63,-0.76,C0O830
王爺宮,23.222064,120.40085,0.2,17.86,-11.15,73.8,0.77,-0.78,C0O840
大內,23.11885,120.36083,-0.97,17.68,-1.85,81.33,0.5,-0.8,C0O860
善化,23.112883,120.297219,-1.09,16.52,-2.0,82.13,0.47,-0.12,C0O900
崎頂,22.959547,120.369317,-1.4,16.49,1.6,85.07,0.83,-0.26,C0O960
虎頭埤,23.021375,120.347878,-2.0,16.19,-1.99,81.73,0.6,-0.8,C0O970
新市,23.061614,120.298197,-1.19,17.44,-5.84,75.73,0.33,-1.06,C0O980
媽廟,22.99175,120.293525,-2.1,16.61,2.83,84.67,0.53,-0.84,C0O990
尾寮山,22.833111,120.683889,-1.67,12.76,1.93,89.18,1.64,0.84,C0R100
阿禮,22.742908,120.743678,-1.42,14.21,2.32,78.87,1.33,-0.15,C0R130
瑪家,22.682903,120.686639,-2.01,14.45,9.87,94.87,1.53,-0.11,C0R140
三地門,22.709889,120.639944,-0.49,19.11,-9.65,64.67,0.86,0.34,C0R150
鹽埔,22.739558,120.530778,-1.33,18.31,-4.41,81.8,0.67,-0.44,C0R160
屏東,22.660269,120.494072,0.5,20.5,-7.82,73.0,0.0,-1.02,C0R170
赤山,22.592333,120.614306,-1.39,18.41,5.22,87.53,0.6,-0.86,C0R190
潮州,22.534361,120.54,-0.29,19.12,-2.74,77.27,0.47,-0.07,C0R220
來義,22.527306,120.625111,-1.57,18.05,4.1,87.6,0.73,-1.02,C0R240
春日,22.370361,120.628306,-1.4,18.88,-24.96,53.38,0.65,-0.21,C0R260
琉球嶼,22.332244,120.362236,-1.16,19.13,-8.13,71.93,1.0,0.4,C0R270
車城,22.0744,120.716247,-2.44,19.45,-1.48,71.4,0.87,0.87,C0R320
牡丹,22.130036,120.792639,-2.55,16.87,3.56,88.27,1.4,1.05,C0R341
貓鼻頭,21.921774,120.7358,-1.28,19.71,-1.11,73.07,1.07,0.41,C0R350
大漢山,22.405264,120.753181,-1.8,8.38,2.88,97.47,3.2,2.76,C0R440
高樹,22.826389,120.600806,-1.63,18.43,-1.55,76.87,0.63,-0.62,C0R470
長治,22.693128,120.542622,-1.12,18.99,-1.56,79.4,0.67,-0.36,C0R480
九如,22.7405,120.490503,-1.25,18.77,-8.07,75.87,0.5,-0.54,C0R490
崁頂,22.514781,120.506914,-1.93,18.32,-6.74,76.67,0.43,-0.97,C0R520
佳冬,22.419456,120.552375,-1.69,18.53,-3.15,79.47,0.67,-0.72,C0R540
新埤,22.467947,120.582894,-1.69,18.36,-7.11,75.87,0.6,-1.28,C0R550
新園,22.5434,120.461558,-0.97,19.17,-8.4,71.07,0.43,-1.17,C0R560
麟洛,22.65078,120.52719,-0.81,19.61,1.73,79.87,0.63,-0.48,C0R570
南州,22.48591,120.50274,-2.08,18.06,-3.01,78.6,0.37,-1.24,C0R580
里港,22.77919,120.49459,-2.17,17.71,0.57,79.73,0.37,-0.55,C0R590
舊泰武,22.588194,120.664944,-2.16,14.79,3.49,88.73,1.63,-0.35,C0R600
墾雷,21.900836,120.855269,-2.35,19.81,4.04,82.73,1.73,-0.95,C0R620
東港,22.46247,120.44074,-3.14,18.63,-5.68,74.91,0.64,0.52,C0R640
竹田,22.58486,120.54344,-3.02,18.59,-8.63,76.13,0.53,0.45,C0R650
枋寮,22.367722,120.590647,-1.51,19.04,2.73,81.67,0.53,0.53,C0R660
楓港,22.190131,120.692156,-3.04,19.09,-2.24,64.93,0.93,0.93,C0R670
佳樂水,21.993578,120.861633,-2.69,19.83,-1.36,73.47,1.57,0.57,C0R680
墾丁,21.966756,120.810269,-2.56,17.42,-1.52,81.07,1.83,1.36,C0R690
枋山,22.246844,120.661086,-1.87,19.54,-1.18,68.93,0.67,0.67,C0R700
旭海,22.205403,120.887614,-2.91,17.34,12.78,93.6,1.87,0.54,C0R720
太麻里,22.60902,120.98533,-1.25,14.89,-3.29,82.0,1.63,-0.08,C0S690
知本,22.684866,121.005642,-1.57,14.34,2.04,89.87,1.5,-0.25,C0S700
鹿野,22.917711,121.122994,-1.36,14.56,2.51,85.33,1.0,-0.39,C0S710
綠島,22.6672,121.47533,-1.15,18.14,7.53,89.53,3.23,-1.97,C0S730
池上,23.119628,121.209469,-1.45,14.9,1.14,85.67,1.0,-0.01,C0S740
大溪山,22.478475,120.943325,-1.47,15.5,-2.93,82.07,2.37,0.25,C0S770
金崙,22.538122,120.966875,-1.34,16.81,-1.49,79.87,1.7,0.1,C0S790
東河,22.972672,121.303986,-2.09,17.63,-1.83,77.93,0.87,-0.55,C0S810
長濱,23.286817,121.411975,-1.5,16.03,-3.35,78.0,1.47,-0.2,C0S830
南田,22.279725,120.889208,-1.55,19.11,16.76,94.0,1.9,0.26,C0S840
關山,23.0395,121.175017,-2.61,15.61,0.96,84.13,0.8,-1.43,C0S890
蘭嶼高中,22.04909,121.51214,-2.57,19.91,0.05,77.2,10.97,-3.49,C0S900
蘭嶼燈塔,22.081197,121.503117,-2.71,18.27,-7.04,85.13,4.53,-0.51,C0S910
金峰嘉蘭,22.594789,120.960825,-2.72,17.05,1.62,82.8,1.53,1.21,C0S920
延平,22.902581,121.084058,-3.18,15.62,6.42,83.53,1.23,1.17,C0S930
石寧山,23.223772,121.406639,-3.36,16.31,3.25,83.6,1.73,0.85,C0S940
香蘭,22.587569,120.993375,-2.64,18.49,6.09,77.73,1.27,0.12,C0S960
加津林,22.416211,120.926942,-2.47,19.02,-1.56,70.2,1.43,0.99,C0S970
勝林山,22.430439,120.8938,-3.62,11.21,0.22,96.87,3.73,3.06,C0S980
山豬窟,22.318619,120.857372,-3.1,15.48,-2.22,81.13,2.03,1.97,C0S990
歷坵,22.520969,120.89185,-2.45,14.71,1.01,90.6,2.0,1.76,C0SA00
檳榔四格山,22.810031,121.109308,-3.25,14.77,4.62,87.73,1.0,0.94,C0SA10
金崙山,22.567419,120.959667,-2.46,11.99,-3.29,92.0,2.87,1.72,C0SA20
都歷,23.020333,121.323642,-2.15,17.89,17.75,93.33,1.3,0.65,C0SA30
瑞和,22.974361,121.156697,-2.7,15.81,10.15,92.8,0.87,0.66,C0SA40
土坂,22.453108,120.887572,-2.22,17.02,1.31,84.67,2.37,2.13,C0SA80
大禹嶺,24.186117,121.316086,-0.82,3.95,-0.4,68.73,4.6,1.61,C0T790
天祥,24.179597,121.495639,-0.94,13.04,-0.61,85.47,0.6,-0.56,C0T820
鯉魚潭,23.935639,121.508944,-1.56,14.59,1.75,91.4,1.77,-0.43,C0T870
西林,23.8119,121.441458,-1.49,15.3,2.99,87.62,0.92,-1.37,C0T900
光復,23.660694,121.424964,-1.05,15.67,-2.1,87.33,1.07,-1.21,C0T960
月眉山,23.809928,121.539828,-1.27,13.33,-0.27,92.4,1.27,-1.84,C0T9A0
水源,23.991861,121.537169,-1.26,13.03,-0.96,89.2,1.97,-1.29,C0T9B0
和中,24.26676,121.74103,-1.27,16.7,8.39,93.8,0.43,-2.15,C0T9D0
大坑,23.880628,121.581981,-1.21,13.91,-2.15,88.53,1.7,-1.79,C0T9E0
水璉,23.797131,121.542514,-1.8,15.17,1.18,85.73,1.13,-1.35,C0T9F0
鳳林山,23.735269,121.420131,-2.45,12.63,-1.49,91.53,1.7,-1.46,C0T9G0
加路蘭山,23.682947,121.5274,-1.52,11.86,2.48,96.93,4.57,-2.09,C0T9H0
靜浦,23.455167,121.495028,-1.51,16.23,-2.07,83.93,4.8,0.32,C0T9M0
雙連埤,24.753033,121.641303,-2.39,10.79,-6.28,91.93,2.7,-4.78,C0U520
礁溪,24.817539,121.765608,-1.49,15.11,-8.03,78.73,1.0,-4.11,C0U600
玉蘭,24.675286,121.587061,-1.72,12.2,-3.53,84.67,3.17,-2.74,C0U650
太平山,24.505486,121.525656,-1.52,4.59,2.65,94.07,3.73,-0.61,C0U710
南山,24.43742,121.38167,-4.44,7.72,-2.08,94.6,2.37,-0.56,C0U720
東澳,24.52196,121.83318,-1.6,15.6,1.94,93.33,2.47,-6.37,C0U760
南澳,24.44935,121.81022,-1.68,16.31,-5.71,73.33,0.57,-2.85,C0U770
五結,24.68637,121.79794,-2.02,14.73,-3.25,80.67,1.57,-8.65,C0U780
頭城,24.85323,121.8308,-2.48,15.51,-8.81,78.47,1.03,-4.44,C0U860
大礁溪,24.791042,121.675047,-2.89,12.12,-0.22,87.93,2.27,-7.2,C0U870
三星,24.66812,121.65302,-2.74,14.28,3.36,92.2,1.83,-6.74,C0U890
內城,24.71813,121.68766,-2.6,14.75,-3.38,83.73,1.63,-6.11,C0U900
冬山,24.63373,121.7937,-2.14,15.41,6.64,92.93,1.7,-14.81,C0U910
羅東,24.68184,121.74934,-2.22,14.97,-4.59,82.67,1.37,-11.65,C0U940
鶯子嶺,24.89754,121.79244,-3.27,7.88,-6.13,91.27,4.5,-7.99,C0U950
翠峰湖,24.510856,121.608044,-3.01,3.97,-3.71,92.0,2.37,-2.37,C0U960
大福,24.80064,121.81389,-2.96,14.95,-2.67,77.07,1.07,-6.19,C0U970
坪林石牌,24.86478,121.77396,-2.77,11.03,-4.83,90.6,1.87,-7.86,C0U980
員山,24.74435,121.72247,-2.81,14.97,-2.38,82.07,0.79,-8.45,C0U990
土場,24.576533,121.495333,-2.93,12.45,-1.98,86.87,1.63,-2.12,C0UA00
鴛鴦湖,24.590269,121.412228,-4.43,4.99,0.25,98.13,5.73,0.85,C0UA10
白嶺,24.527819,121.519031,-3.58,6.33,2.18,97.67,6.57,0.45,C0UA30
西德山,24.560647,121.752608,-4.65,7.77,1.09,97.8,6.93,-7.79,C0UA40
西帽山,24.555361,121.802628,-4.04,9.62,-6.05,92.53,9.9,-17.1,C0UA50
樟樹山,24.41393,121.78325,-3.65,12.11,2.53,96.0,1.5,-3.54,C0UA60
桃源谷,24.962606,121.888875,-3.68,11.13,-5.96,92.33,6.27,-9.2,C0UA70
復興,23.222403,120.806089,-1.29,15.73,6.04,81.4,2.53,0.01,C0V210
美濃,22.898742,120.519153,1.46,20.2,2.64,83.0,0.0,-0.54,C0V310
溪埔,22.738578,120.446797,-1.61,17.79,1.0,81.33,0.43,-0.7,C0V350
內門,22.975481,120.466769,-0.26,17.92,-3.0,79.57,0.79,-0.41,C0V360
古亭坑,22.893178,120.401947,-1.17,16.49,0.52,84.6,0.73,0.26,C0V370
阿公店,22.804194,120.355528,-2.19,16.59,-5.6,77.4,0.5,-0.47,C0V400
鳳山,22.646653,120.356122,-1.94,17.96,2.84,78.64,0.54,-0.65,C0V440
鳳森,22.545064,120.392592,-1.85,18.14,-3.03,74.0,0.37,-1.26,C0V450
新興,22.627422,120.298803,-0.86,18.31,-5.71,69.53,0.43,-0.4,C0V490
阿蓮,22.883208,120.327508,-1.1,17.86,-9.84,74.0,0.53,-0.53,C0V530
梓官,22.760558,120.267211,-1.89,17.43,-7.5,71.67,0.37,-0.49,C0V610
永安,22.82315,120.236856,-2.07,16.94,-8.72,72.4,0.43,-0.51,C0V620
茄萣,22.906642,120.182608,-1.75,16.99,-4.69,73.07,0.43,-0.8,C0V630
湖內,22.887139,120.2445,-2.19,16.73,-8.3,71.67,0.47,-0.51,C0V640
彌陀,22.783806,120.246361,-1.5,17.81,-8.65,71.87,0.5,-0.32,C0V650
岡山,22.797078,120.294958,-1.59,18.02,-6.72,70.4,0.57,-0.39,C0V660
仁武,22.701083,120.347722,-1.75,18.16,-1.99,75.47,0.43,-0.72,C0V680
鼓山,22.623325,120.275575,-2.27,17.71,-3.11,73.93,0.6,-0.71,C0V690
三民,22.645017,120.311233,-1.97,18.48,-0.93,71.27,0.53,-0.74,C0V700
苓雅,22.622742,120.330669,-1.08,18.95,3.51,74.8,0.47,-0.98,C0V710
林園,22.507747,120.394511,-1.01,20.13,-1.25,70.47,0.33,-1.32,C0V720
大寮,22.605614,120.395717,-2.02,18.35,-0.65,73.8,0.6,-0.89,C0V730
旗山,22.888614,120.483597,-1.2,18.07,0.1,78.4,0.67,-0.42,C0V740
路竹,22.854997,120.259439,-1.48,17.89,-7.12,72.27,0.43,-0.58,C0V750
橋頭,22.757806,120.30575,-1.76,18.03,-7.46,71.53,0.47,-0.4,C0V760
大社,22.730306,120.346639,-1.33,18.23,-5.5,71.87,0.43,-0.58,C0V770
萬山,22.905944,120.688056,-1.25,17.36,5.33,81.53,0.93,-0.4,C0V790
六龜,22.997889,120.633583,-0.82,18.53,8.01,85.6,0.97,-0.54,C0V800
左營,22.67491,120.28491,-2.4,17.33,-14.0,72.73,0.37,-0.85,C0V810
小林,23.148408,120.63325,-2.73,16.71,9.06,86.73,0.83,0.77,C0V820
東莒,25.9652,119.98069,-0.06,11.85,-14.3,66.87,0.0,-2.62,C0W110
金沙,24.488292,118.408778,-6.27,8.97,-34.76,41.0,0.0,-2.0,C0W140
金寧,24.457703,118.328989,-1.63,14.19,-21.79,55.0,0.0,-1.85,C0W150
東河,23.296598,120.385608,-2.42,16.06,-10.78,74.07,0.73,-1.03,C0X050
下營,23.22695,120.256261,-2.17,15.99,-12.91,72.6,0.6,-1.28,C0X060
佳里,23.173039,120.145086,-1.34,16.07,-8.47,75.67,0.8,0.15,C0X080
臺南市北區,23.010394,120.194228,-1.95,16.89,-3.69,75.73,0.3,-1.04,C0X100
臺南市南區,22.961189,120.188378,-2.13,17.25,-5.78,72.53,0.3,-0.98,C0X110
麻豆,23.183289,120.248611,-1.45,17.01,-3.56,80.07,0.53,-0.71,C0X120
官田,23.193217,120.315422,-1.78,16.93,-6.02,74.93,0.57,-0.77,C0X130
西港,23.125608,120.203108,-2.12,16.25,-4.15,79.33,0.57,-0.79,C0X140
安定,23.102614,120.227839,-1.91,16.28,-4.59,81.07,0.47,-0.96,C0X150
仁德,22.968258,120.257689,-1.44,17.67,-3.38,75.07,0.5,-0.83,C0X160
關廟,22.963017,120.327797,-2.68,16.21,0.31,79.33,0.7,-0.41,C0X170
山上,23.0757,120.363253,-1.67,16.67,-4.98,79.0,0.4,-1.18,C0X180
安平,22.993161,120.152181,-2.24,16.51,-10.52,71.6,0.3,-0.9,C0X190
左鎮,23.056758,120.408522,-0.72,16.99,-5.21,81.07,0.47,-1.12,C0X200
白河,23.347466,120.414427,-2.31,16.18,-9.81,74.33,0.83,-0.92,C0X210
學甲,23.230367,120.182187,-2.0,16.08,-10.3,73.87,0.57,-1.05,C0X220
鹽水,23.272621,120.247641,-2.34,15.62,-10.23,76.07,0.67,-0.91,C0X230
關子嶺,23.331169,120.508025,-1.21,15.69,-5.05,83.13,1.13,-1.3,C0X240
新營,23.310689,120.316681,-2.19,16.27,-9.94,73.47,0.8,-0.76,C0X250
後壁,23.366358,120.362326,-2.05,16.07,-12.14,72.53,0.97,-0.73,C0X260
將軍,23.214999,120.13577,-2.28,15.82,-10.2,73.8,0.5,-0.81,C0X280
北門,23.267772,120.125481,-2.11,16.13,-9.31,75.07,0.83,-0.67,C0X290
鹿寮,23.386047,120.477331,-2.36,15.91,-2.48,84.33,1.2,-0.69,C0X300
明里,23.208717,121.262342,-1.5,15.09,-0.37,88.0,0.93,-0.67,C0Z020
佳心,23.34567,121.21316,-1.93,11.01,8.8,98.27,1.63,0.34,C0Z050
玉里,23.3215,121.339656,-1.32,15.19,2.7,90.47,1.77,-0.08,C0Z061
舞鶴,23.46811,121.37407,-1.04,14.83,8.33,98.93,1.43,-0.2,C0Z070
富源,23.587642,121.378225,-1.65,14.69,-3.5,87.93,1.43,-1.05,C0Z080
東華,23.89525,121.549833,-1.64,16.37,-1.47,87.33,0.5,-1.82,C0Z100
吉安光華,23.930925,121.595153,-1.44,17.09,-16.52,68.67,1.07,-1.88,C0Z150
鳳林,23.746114,121.453411,-2.07,15.79,-4.28,80.27,0.93,-1.15,C0Z160
卓溪,23.3443,121.3029,-2.92,15.24,-0.11,83.2,1.6,0.03,C0Z170
新城,24.03946,121.60454,-1.53,17.35,-11.12,67.82,0.27,-3.11,C0Z180
富世,24.14743,121.6297,-1.87,16.89,-6.65,76.8,0.53,-2.14,C0Z190
萬榮,23.709219,121.420106,-1.98,15.59,-8.48,82.07,1.13,-0.78,C0Z200
瑞穗,23.5239,121.39021,-1.87,15.65,0.27,87.27,1.63,-0.86,C0Z210
和平林道,24.343922,121.656317,-2.6,12.3,-5.23,84.27,0.9,-2.58,C0Z220
和平,24.30717,121.77007,-2.27,16.48,-10.32,67.13,0.5,-2.5,C0Z230
瑞穗林道,23.49284,121.30688,-1.63,10.79,1.84,97.6,4.7,0.56,C0Z250
蕃薯寮,23.73835,121.540108,-2.13,14.38,-6.45,83.13,1.8,-6.2,C0Z270
德武,23.47426,121.41071,-2.64,14.98,-2.79,87.13,1.6,-1.14,C0Z280
赤柯山,23.36893,121.38293,-3.04,10.29,4.56,98.8,3.9,0.23,C0Z290
東里,23.26853,121.30547,-2.4,15.35,-3.84,86.0,1.5,-0.64,C0Z300
清水斷崖,24.218294,121.689142,-3.13,16.64,-11.47,74.73,0.03,-1.08,C0Z310
清水林道,23.27125,121.188272,-3.64,12.09,1.67,91.73,3.8,0.98,C0Z320
安通山,23.290728,121.348528,-4.31,12.84,2.29,91.73,2.07,0.67,C0Z330
口湖工作站,23.589978,120.180394,-2.39,15.94,-12.36,67.93,1.17,1.15,12J990
東港工作站,22.479997,120.466058,-2.87,18.81,-6.13,63.53,0.33,0.32,12Q970
恆春工作站,22.079678,120.714425,-2.94,19.8,-3.91,63.0,0.8,0.8,12Q980
萬大發電廠,23.978875,121.139639,-2.23,13.17,-4.59,77.07,3.97,3.94,42HA10
桃改樹林分場,24.944503,121.386972,-2.74,14.88,-6.77,70.47,1.1,0.48,72AI40
桃園農改場,24.950944,121.030583,-0.31,15.29,-12.25,68.87,0.73,-2.01,72C440
桃改五峰分場,24.612194,121.157167,-1.28,9.89,-1.36,83.67,2.3,-0.71,72D080
臺中農改場,24.003028,120.534389,-0.92,15.79,-4.32,75.0,1.13,0.22,72G600
中改埔里分場,23.903208,120.963364,-2.42,14.41,1.86,86.27,2.73,2.51,72HA00
南改斗南分場,23.634556,120.477333,-0.61,16.1,-3.65,76.0,1.67,0.76,72K220
南改義竹分場,23.360694,120.279361,-1.24,15.63,-6.66,74.6,0.93,0.5,72M360
南改鹿草分場,23.416869,120.283061,-2.68,15.92,-11.12,72.67,1.33,1.29,72M700
臺南農改場,23.0605,120.342194,-1.29,16.03,2.34,80.47,0.37,0.02,72N100
七股研究中心,23.081672,120.062894,-2.82,16.26,-10.27,75.4,0.47,0.39,72N240
高雄農改場,22.709333,120.525889,-1.39,18.15,4.56,82.13,0.67,0.34,72Q010
東改班鳩分場,22.829528,121.077694,-1.34,16.0,-2.79,75.67,1.2,0.11,72S200
東改賓朗果園,22.813889,121.071278,-1.73,15.67,-5.76,79.27,1.27,0.21,72S590
花蓮農改場,23.975222,121.563889,-0.95,16.59,-3.28,77.6,1.3,-0.27,72T250
花改蘭陽分場,24.686306,121.716583,-1.43,14.97,-3.1,79.53,1.77,-3.75,72U480
高改旗南分場,22.857861,120.516667,-1.81,17.22,4.74,79.27,0.67,0.23,72V140
茶改北部分場,24.955778,121.631222,-1.22,12.19,-3.9,82.33,2.77,-2.96,82A750
茶改場,24.908472,121.185333,-0.93,13.89,-9.1,73.13,1.07,-2.17,82C160
茶改中部分場,23.875611,120.913583,-1.74,13.47,0.43,82.6,2.63,1.39,82H320
茶改南部分場,23.762528,120.7405,-1.53,14.21,-2.35,84.73,2.1,0.97,82H840
茶改東部分場,22.907694,121.130139,-1.77,16.08,-3.64,76.93,0.97,-0.11,82S580
農工中心,24.985917,121.239833,-0.22,14.9,-9.33,67.73,0.97,-2.23,A2C560
水試臺西試驗場,23.717231,120.190522,-1.26,16.3,-6.2,75.87,1.07,0.93,A2K360
臺大雲林校區,23.730628,120.423903,-1.84,15.56,-10.28,73.87,0.9,0.9,A2K630
臺南蘭花園區,23.340258,120.379661,-1.87,16.21,-6.04,76.13,0.37,0.37,A2N290
畜試北區分所,24.527806,120.770972,-1.82,14.58,-12.55,73.47,0.8,-2.72,B2E890
畜產試驗所,23.058972,120.336406,-1.37,15.97,-0.43,80.07,0.37,-0.28,B2N890
畜試南區分所,21.945583,120.802167,-1.84,19.33,-3.97,68.93,1.33,0.02,B2Q810
畜試東區分所,24.669039,121.832561,-2.65,15.19,0.87,83.87,1.6,0.42,B2U990
蓮華池,23.918333,120.885278,-0.81,13.79,-0.78,86.87,2.07,0.61,E2H360
林試畢祿溪站,24.226944,121.308522,-1.25,5.71,2.93,76.93,2.8,1.57,E2HA20
四湖植物園,23.676986,120.163433,-2.48,16.2,-5.46,80.8,1.23,1.09,E2K600
林試六龜中心,22.991703,120.645722,-1.4,17.1,8.34,86.4,0.97,0.94,E2P980
林試太麻里2,22.598,120.99775,-2.49,18.03,-1.87,73.6,1.4,0.02,E2S960
林試太麻里1,22.598922,120.980044,-2.29,17.27,0.49,78.13,1.67,0.28,E2S980
農試所(霧峰),24.031261,120.688133,-1.09,15.97,-0.98,78.67,1.57,0.66,G2F820
農試嘉義分所,23.485028,120.473806,-0.85,15.52,-3.93,78.0,1.37,0.37,G2L020
農試溪口農場,23.58565,120.408111,-1.48,16.15,-9.63,73.13,1.43,1.22,G2M350
農試鳳山分所,22.646611,120.356083,-1.84,17.61,-1.46,72.29,0.43,-0.08,G2P820
苗栗農改場,24.495722,120.829111,-1.33,13.9,-5.98,75.93,1.33,-0.46,K2E360
苗改生物防治研究中心,24.422861,120.871833,-3.8,12.52,-7.21,79.27,1.4,-0.32,K2E710
種苗改良場,24.225972,120.800917,-1.12,13.26,3.42,82.47,1.47,-0.05,K2F750
溪頭,23.670306,120.798194,-0.96,11.12,4.21,90.87,3.27,1.51,U2H480
臺大和社,23.590856,120.888864,-2.38,13.9,7.12,86.4,3.4,3.16,U2HA30
臺大內茅埔,23.689722,120.851117,-3.35,14.53,5.43,83.93,3.0,2.84,U2HA40
臺大竹山,23.756972,120.681556,-3.02,15.86,-11.01,75.8,1.73,1.58,U2HA50
臺大竹山,23.756972,120.681556,-3.02,15.86,-11.01,75.8,1.73,1.58,U2HA50
臺大內茅埔,23.689722,120.851117,-3.35,14.53,5.43,83.93,3.0,2.84,U2HA40
臺大和社,23.590856,120.888864,-2.38,13.9,7.12,86.4,3.4,3.16,U2HA30
臺大溪頭,23.670306,120.798194,-0.96,11.12,4.21,90.87,3.27,1.51,U2H480
種苗繁殖,24.225972,120.800917,-1.12,13.26,3.42,82.47,1.47,-0.05,K2F750
苗改生物防治研究中心,24.422861,120.871833,-3.8,12.52,-7.21,79.27,1.4,-0.32,K2E710
苗栗農改,24.495722,120.829111,-1.33,13.9,-5.98,75.93,1.33,-0.46,K2E360
農試鳳山分所,22.646611,120.356083,-1.84,17.61,-1.46,72.29,0.43,-0.08,G2P820
農試溪口農場,23.58565,120.408111,-1.48,16.15,-9.63,73.13,1.43,1.22,G2M350
農試嘉義分所,23.485028,120.473806,-0.85,15.52,-3.93,78.0,1.37,0.37,G2L020
農業試驗所,24.031261,120.688133,-1.09,15.97,-0.98,78.67,1.57,0.66,G2F820
林試太麻里1,22.598922,120.980044,-2.29,17.27,0.49,78.13,1.67,0.28,E2S980
林試太麻里2,22.598014,120.989761,-2.49,18.03,-1.87,73.6,1.4,0.02,E2S960
林試六龜中心,22.991703,120.645722,-1.4,17.1,8.34,86.4,0.97,0.94,E2P980
四湖植物園,23.676986,120.163433,-2.48,16.2,-5.46,80.8,1.23,1.09,E2K600
林試畢祿溪站,24.226944,121.308522,-1.25,5.71,2.93,76.93,2.8,1.57,E2HA20
蓮華池,23.918333,120.885278,-0.81,13.79,-0.78,86.87,2.07,0.61,E2H360
畜試東區分所,24.669039,121.832561,-2.65,15.19,0.87,83.87,1.6,0.42,B2U990
畜試南區分所,21.945583,120.802167,-1.84,19.33,-3.97,68.93,1.33,0.02,B2Q810
畜試所,23.058972,120.336406,-1.37,15.97,-0.43,80.07,0.37,-0.28,B2N890
畜試北區分所,24.527806,120.770972,-1.82,14.58,-12.55,73.47,0.8,-2.72,B2E890
臺南蘭花園區,23.340258,120.379661,-1.87,16.21,-6.04,76.13,0.37,0.37,A2N290
臺大雲林校區,23.730628,120.423903,-1.84,15.56,-10.28,73.87,0.9,0.9,A2K630
水試臺西試驗場,23.717231,120.190522,-1.26,16.3,-6.2,75.87,1.07,0.93,A2K360
農工中心,24.985917,121.239833,-0.22,14.9,-9.33,67.73,0.97,-2.23,A2C560
茶改東部分場,22.907694,121.130139,-1.77,16.08,-3.64,76.93,0.97,-0.11,82S580
茶改南部分場,23.762528,120.7405,-1.53,14.21,-2.35,84.73,2.1,0.97,82H840
茶改中部分場,23.875611,120.913583,-1.74,13.47,0.43,82.6,2.63,1.39,82H320
茶改場,24.908472,121.185333,-0.93,13.89,-9.1,73.13,1.07,-2.17,82C160
茶改北部分場,24.955778,121.631222,-1.22,12.19,-3.9,82.33,2.77,-2.96,82A750
高改旗南分場,22.857861,120.516667,-1.81,17.22,4.74,79.27,0.67,0.23,72V140
花改蘭陽分場,24.686306,121.716583,-1.43,14.97,-3.1,79.53,1.77,-3.75,72U480
花蓮農改,23.975222,121.563889,-0.95,16.59,-3.28,77.6,1.3,-0.27,72T250
東改賓朗果園,22.813889,121.071278,-1.73,15.67,-5.76,79.27,1.27,0.21,72S590
東改班鳩分場,22.829528,121.077694,-1.34,16.0,-2.79,75.67,1.2,0.11,72S200
高雄農改,22.709333,120.525889,-1.39,18.15,4.56,82.13,0.67,0.34,72Q010
七股研究中心,23.081672,120.062894,-2.82,16.26,-10.27,75.4,0.47,0.39,72N240
臺南農改,23.0605,120.342194,-1.29,16.03,2.34,80.47,0.37,0.02,72N100
南改鹿草分場,23.416869,120.283061,-2.68,15.92,-11.12,72.67,1.33,1.29,72M700
南改義竹分場,23.360694,120.279361,-1.24,15.63,-6.66,74.6,0.93,0.5,72M360
南改斗南分場,23.634556,120.477333,-0.61,16.1,-3.65,76.0,1.67,0.76,72K220
中改埔里分場,23.903208,120.963364,-2.42,14.41,1.86,86.27,2.73,2.51,72HA00
臺中農改,24.003028,120.534389,-0.92,15.79,-4.32,75.0,1.13,0.22,72G600
桃改五峰分場,24.612194,121.157167,-1.28,9.89,-1.36,83.67,2.3,-0.71,72D080
桃園農改,24.950944,121.030583,-0.31,15.29,-12.25,68.87,0.73,-2.01,72C440
桃改樹林分場,24.944503,121.386972,-2.74,14.88,-6.77,70.47,1.1,0.48,72AI40
萬大發電廠,23.978875,121.139639,-2.23,13.17,-4.59,77.07,3.97,3.94,42HA10
恆春工作站,22.079678,120.714425,-2.94,19.8,-3.91,63.0,0.8,0.8,12Q980
東港工作站,22.479997,120.466058,-2.87,18.81,-6.13,63.53,0.33,0.32,12Q970
口湖工作站,23.589978,120.180394,-2.39,15.94,-12.36,67.93,1.17,1.15,12J990
