站名,緯度,經度,平均溫距平,本年度平均溫,平均溼度距平,本年度日均相對溼度,本年度日均降水量,日均降水量距平,站號
淡水,25.164889,121.448906,-1.43,13.75,-5.1,77.2,4.92,1.03,466900
鞍部,25.182586,121.529731,-2.89,7.6,3.47,95.7,12.41,1.8,466910
臺北,25.037658,121.514853,-2.0,14.37,-1.9,76.2,4.16,0.35,466920
竹子湖,25.162078,121.544547,-2.78,9.36,1.79,90.3,11.35,2.84,466930
基隆,25.133314,121.740475,-1.66,14.16,-3.93,75.8,16.85,4.74,466940
花蓮,23.975128,121.613275,-2.43,15.89,0.16,76.1,1.09,-1.05,466990
新屋,25.006744,121.047486,-0.93,13.81,-4.49,74.4,1.58,-1.3,467050
宜蘭,24.763975,121.756528,-2.53,14.13,2.92,82.5,2.63,-2.21,467080
金門,24.407306,118.289281,-0.52,12.39,-7.45,66.0,0.18,-1.08,467110
澎湖,23.565503,119.563094,-1.7,14.94,-3.21,77.1,0.41,-0.27,467350
臺南,22.993239,120.204772,-1.89,16.14,-1.67,72.82,0.05,-0.47,467410
永康,23.038386,120.2367,-1.49,16.18,0.14,74.09,0.06,-0.26,467420
嘉義,23.495925,120.432906,-1.77,15.35,3.35,81.6,0.33,-0.24,467480
臺中,24.145736,120.684075,-1.47,15.63,-4.04,70.9,0.84,-0.19,467490
阿里山,23.508208,120.813242,-1.1,5.74,5.57,89.4,4.47,2.17,467530
大武,22.355675,120.903789,-2.27,18.32,-1.29,70.1,0.79,-0.25,467540
玉山,23.487614,120.959522,-0.7,-1.33,-4.42,65.2,5.1,3.53,467550
新竹,24.827853,121.014219,-1.25,14.15,-5.21,74.9,1.17,-1.28,467571
恆春,22.003897,120.746339,-2.06,19.16,-1.33,69.8,0.34,-0.2,467590
成功,23.097486,121.373428,-2.42,16.65,2.03,77.5,2.47,0.03,467610
日月潭,23.881325,120.90805,-2.12,12.45,13.2,91.0,1.82,0.58,467650
臺東,22.752211,121.154586,-2.34,17.46,-0.1,72.0,0.58,-0.49,467660
馬祖,26.169269,119.923419,-0.9,8.9,-5.73,76.3,2.05,-0.28,467990
山佳,24.974944,121.402008,-1.28,14.45,-2.54,79.1,4.75,1.07,C0A520
坪林,24.938183,121.70975,-2.08,11.6,-5.45,87.6,6.8,2.15,C0A530
泰平,24.971197,121.823711,-2.14,10.57,1.62,96.7,22.1,8.44,C0A550
桶後,24.848222,121.597992,-1.84,11.29,-2.86,92.6,10.6,4.47,C0A570
石碇,24.993969,121.662917,-1.65,12.32,-2.99,88.0,8.1,2.7,C0A640
大坪,25.165914,121.632969,-1.67,11.59,2.09,93.8,40.1,15.06,C0A860
五指山,25.132153,121.608692,-1.21,10.13,2.67,95.8,16.9,6.92,C0A870
雙溪,25.036003,121.864242,-1.47,13.54,-3.87,88.2,15.3,4.7,C0A890
三和,25.233153,121.595236,-1.57,11.76,1.08,85.4,29.85,11.23,C0A931
金山,25.223628,121.643967,0.07,15.24,-6.2,79.0,12.85,3.35,C0A940
鼻頭角,25.129036,121.923372,-1.49,14.68,-1.99,80.1,7.5,3.94,C0A950
三貂角,25.007606,122.002058,-1.79,14.12,-5.35,81.9,8.7,1.17,C0A970
社子,25.109508,121.469681,-0.97,15.03,0.72,81.2,2.3,-0.31,C0A980
天母,25.117494,121.537169,-2.02,14.3,-5.31,70.7,1.7,-0.39,C0A9C0
內湖,25.079422,121.57545,-2.15,14.18,8.86,89.3,2.1,-0.47,C0A9F0
大屯山,25.175675,121.522408,-1.61,7.63,4.6,98.9,6.75,0.71,C0AC40
三峽,24.939025,121.369728,-0.5,15.28,-3.72,79.5,5.3,0.91,C0AC60
信義,25.037822,121.564597,-0.92,15.13,-0.26,81.4,4.45,0.88,C0AC70
文山,25.00235,121.575728,-1.73,13.79,-6.65,79.1,5.45,1.3,C0AC80
新莊,25.051478,121.446756,-2.1,14.26,-0.25,75.9,3.05,0.13,C0ACA0
八里,25.150211,121.403947,-1.74,13.94,0.4,82.1,4.05,0.72,C0AD10
蘆洲,25.086594,121.472331,-1.64,14.89,-3.03,74.0,2.55,0.2,C0AD30
土城,24.973208,121.445169,-1.38,14.28,-1.65,80.8,5.45,1.4,C0AD40
鶯歌,24.951533,121.346294,-1.07,14.47,-7.67,76.5,3.8,0.03,C0AD50
汐止,25.066881,121.658778,-2.07,13.23,-2.67,84.7,9.35,1.94,C0AH00
永和,25.01125,121.508111,-0.47,14.99,1.57,78.4,4.55,0.38,C0AH10
五分山,25.07125,121.780794,1.67,12.06,1.82,96.4,34.1,15.2,C0AH30
平等,25.129142,121.577086,-1.8,11.11,-3.39,82.7,4.4,0.37,C0AH40
林口,25.072181,121.38084,-1.5,12.11,1.19,84.6,3.95,1.46,C0AH50
松山,25.04871,121.55042,-1.46,14.49,-5.35,66.9,3.65,0.08,C0AH70
深坑,25.002703,121.628328,0.29,14.78,-4.95,83.8,6.15,1.0,C0AH80
福山植物園,24.760717,121.58135,-1.45,9.54,4.3,97.3,7.5,2.25,C0AH90
五股,25.07445,121.42728,-4.22,12.07,-4.83,82.3,3.15,2.46,C0AI00
屈尺,24.92184,121.54475,-2.65,13.99,-11.28,73.1,8.0,6.02,C0AI10
白沙灣,25.283128,121.519058,-2.25,13.92,-6.7,79.7,3.35,0.81,C0AI20
三重,25.057328,121.500629,-2.56,14.57,-0.87,77.3,2.55,1.8,C0AI30
石牌,25.115597,121.513139,-2.88,15.27,4.43,75.1,1.9,1.36,C0AI40
七堵,25.094819,121.71713,-1.79,14.76,-7.58,80.8,16.15,9.63,C0B010
基隆嶼,25.19141,121.78391,-2.71,13.54,2.97,89.1,10.85,6.68,C0B020
復興,24.820208,121.352281,-1.63,11.67,-5.62,79.0,4.4,0.86,C0C460
桃園,24.992425,121.323172,-1.69,13.75,-2.48,76.6,3.95,0.13,C0C480
八德,24.928708,121.283289,-1.46,13.18,-6.17,77.4,4.4,-0.08,C0C490
觀音,25.027072,121.153317,-1.55,13.07,-6.96,75.8,2.8,-1.21,C0C590
蘆竹,25.084275,121.265767,-1.73,13.07,-1.1,81.0,3.5,-0.73,C0C620
大溪,24.882853,121.265547,-1.84,12.56,-1.53,80.3,3.55,-0.13,C0C630
平鎮,24.897503,121.214636,-1.5,12.61,-3.86,80.6,3.1,-0.68,C0C650
楊梅,24.912375,121.143047,-1.1,12.9,-3.29,76.7,3.55,-0.36,C0C660
龍潭,24.870056,121.221389,-0.92,12.2,0.88,82.6,3.95,0.64,C0C670
龜山,25.02846,121.38656,-0.8,12.76,-3.6,79.9,3.85,0.34,C0C680
中壢,24.977661,121.256375,-1.23,12.91,-3.61,78.0,3.3,0.36,C0C700
大溪永福,24.892936,121.324975,-2.22,13.45,-3.34,82.2,5.05,3.95,C0C710
梅花,24.678347,121.208558,-1.78,11.31,-1.91,85.9,3.8,0.67,C0D360
峨眉,24.6905,121.017189,-1.01,13.5,-6.06,80.8,2.55,-0.13,C0D430
打鐵坑,24.849664,121.150789,-1.79,12.18,-7.45,81.2,2.65,-0.91,C0D480
橫山,24.71116,121.11693,-2.05,12.28,-1.67,85.7,2.65,-0.41,C0D540
雪霸,24.526972,121.11605,-2.05,6.61,6.84,87.5,3.75,-0.05,C0D550
竹東,24.767147,121.057881,-0.81,13.74,-4.04,75.0,1.55,-1.07,C0D560
寶山,24.735006,121.025192,-1.3,13.16,-3.75,80.6,1.85,-1.22,C0D580
新豐,24.87068,120.97721,-1.38,12.96,-3.56,80.7,1.2,-1.43,C0D590
湖口,24.904794,121.043628,-0.89,13.4,-6.94,74.5,1.15,-0.98,C0D650
新竹市東區,24.798681,120.986942,-1.02,13.36,-1.87,73.7,1.05,0.05,C0D660
竹南,24.708978,120.888897,-0.7,14.38,-3.32,77.9,1.0,-0.77,C0E420
南庄,24.601775,121.000214,-1.82,12.35,2.9,88.3,3.15,0.17,C0E430
明德,24.583486,120.885411,-0.86,13.82,-6.71,78.0,1.8,0.13,C0E550
通霄,24.471892,120.704622,-1.5,13.62,-3.89,79.5,0.55,-0.26,C0E590
馬都安,24.451272,120.930192,-2.58,10.31,3.15,88.3,0.9,-1.36,C0E610
頭份,24.688247,120.912206,-0.67,14.74,-4.59,74.2,1.05,-0.91,C0E730
造橋,24.637056,120.864778,-1.34,13.62,-5.95,78.7,0.95,-0.81,C0E740
苗栗,24.564569,120.824575,-1.49,13.55,-3.01,77.1,1.0,-0.48,C0E750
銅鑼,24.489681,120.790853,-1.67,12.9,5.95,89.67,1.45,0.14,C0E780
西湖,24.562947,120.7485,-1.17,13.43,-3.57,80.4,0.55,-0.38,C0E810
獅潭,24.539133,120.920042,-1.47,12.41,-5.94,82.6,2.1,0.0,C0E820
苑裡,24.439714,120.653053,-1.79,13.7,-1.01,76.7,0.3,-0.38,C0E830
大河,24.618069,120.948578,-2.79,11.39,-4.29,79.4,2.7,1.05,C0E850
高鐵苗栗,24.60725,120.826094,-1.22,13.79,1.68,82.9,0.75,0.22,C0E870
石岡,24.276061,120.777644,-0.38,14.39,1.28,84.8,0.6,0.13,C0F0B0
中坑,24.248517,120.903319,-2.42,10.91,6.01,90.7,1.3,0.13,C0F0C0
審馬陣,24.381675,121.4203,-1.11,0.74,13.74,90.6,3.35,0.18,C0F0D0
東勢,24.246428,120.833047,-0.7,14.29,0.29,81.4,1.6,0.52,C0F850
大坑,24.173142,120.722289,-0.26,16.21,-1.24,74.4,0.75,0.02,C0F970
神岡,24.272481,120.658314,-1.63,13.38,-9.37,76.8,0.3,-0.65,C0F9I0
大安,24.345061,120.588025,-1.84,13.64,-4.73,79.1,0.3,-0.19,C0F9K0
后里,24.310436,120.729725,-0.96,14.03,-6.26,77.5,0.2,-0.79,C0F9L0
豐原,24.254322,120.720692,-0.47,14.88,-1.97,77.7,0.3,-0.69,C0F9M0
大里,24.092464,120.701378,-1.34,16.21,-0.23,71.9,0.85,-0.07,C0F9N0
潭子,24.213106,120.703933,-1.17,15.08,0.03,77.6,1.0,0.27,C0F9O0
清水,24.312297,120.562242,-1.89,13.8,-1.71,79.4,0.3,-0.22,C0F9P0
外埔,24.347817,120.705686,-1.06,14.21,-6.04,77.5,0.4,-0.48,C0F9Q0
龍井,24.184536,120.528972,-1.66,14.51,-7.25,75.7,0.2,-0.41,C0F9R0
烏日,24.107058,120.624103,-1.19,15.37,-3.83,70.4,0.85,0.16,C0F9S0
西屯,24.179494,120.641275,-1.4,14.55,-3.39,73.9,0.85,0.36,C0F9T0
南屯,24.137006,120.637969,-1.56,15.46,-2.76,70.3,0.1,-0.5,C0F9U0
新社,24.200172,120.815806,-1.49,12.79,-0.2,84.0,0.95,-0.4,C0F9V0
大雅(中科園區),24.21528,120.62445,-1.46,13.75,0.01,77.6,0.4,-0.02,C0F9X0
桃山,24.432739,121.303808,-1.0,0.68,11.58,83.2,0.85,0.04,C0F9Y0
雪山東峰,24.388792,121.268675,-0.81,1.5,8.51,79.7,0.9,-0.18,C0F9Z0
芬園,24.015678,120.6213,-1.77,14.27,1.27,81.6,0.8,0.16,C0G620
員林,23.946503,120.585597,0.31,17.48,-5.45,72.1,0.55,-0.24,C0G650
溪湖,23.94835,120.479122,0.11,16.53,9.76,89.4,0.3,-0.26,C0G660
溪州,23.851589,120.499093,-0.95,15.03,-4.12,71.8,0.65,0.08,C0G720
二林,23.903325,120.376081,-1.12,14.45,0.92,83.2,0.25,-0.15,C0G730
福興,24.041289,120.437669,-1.17,15.27,-5.96,72.3,1.0,0.48,C0G770
秀水,24.03405,120.503869,-0.53,16.01,-1.1,78.5,0.5,0.05,C0G780
埔鹽,24.000394,120.431683,-0.49,15.57,-2.44,79.2,0.45,-0.03,C0G800
埔心,23.947633,120.525456,-0.73,15.89,0.09,77.67,0.6,-0.09,C0G810
田尾,23.901669,120.509389,-0.92,15.51,-0.46,81.8,0.65,0.04,C0G820
埤頭,23.866003,120.452806,-1.37,14.94,-17.47,68.5,0.5,0.11,C0G830
社頭,23.897647,120.5862,-0.9,16.33,5.27,80.6,0.45,-0.42,C0G860
二水,23.810742,120.6173,0.52,17.58,-0.65,80.4,0.75,0.16,C0G880
伸港,24.148933,120.484403,-1.75,14.26,-5.04,75.4,0.15,-0.42,C0G890
線西,24.143358,120.443536,-2.66,14.31,-6.2,77.3,0.2,-0.01,C0G900
花壇,24.032076,120.549461,-1.76,15.46,6.37,82.7,0.35,0.18,C0G910
埔里,23.972169,120.952425,-0.57,15.39,4.95,84.6,1.8,0.48,C0H890
草屯,23.973672,120.68085,-1.44,15.28,-3.12,74.3,0.75,-0.13,C0H960
昆陽,24.121322,121.273642,-1.32,0.96,12.38,93.6,1.8,0.52,C0H990
神木村,23.532742,120.843667,-1.33,9.95,8.92,92.3,3.35,1.49,C0H9A0
合歡山,24.143442,121.272547,-0.35,0.11,10.52,96.7,8.2,4.66,C0H9C0
廬山,24.033311,121.181808,-1.84,10.05,14.53,91.0,3.65,1.08,C0I010
信義,23.689694,120.851036,-1.3,13.84,7.48,88.5,1.6,0.53,C0I080
竹山,23.761225,120.688156,-1.53,15.02,1.32,85.8,1.15,0.26,C0I110
水里,23.812553,120.849792,-1.19,14.71,2.45,83.6,1.95,1.09,C0I360
魚池,23.895703,120.94135,-0.64,14.23,2.05,85.9,2.6,1.18,C0I370
集集,23.828206,120.801467,-1.25,14.86,3.33,84.5,1.7,0.65,C0I380
仁愛,24.022122,121.132206,-0.77,11.78,10.72,90.5,3.25,0.99,C0I390
名間,23.837053,120.701447,-1.29,14.51,-0.17,79.3,0.65,-0.33,C0I410
國姓,24.037803,120.855072,-0.99,14.92,1.88,83.1,1.25,0.16,C0I420
南投,23.911469,120.687331,-0.82,15.66,2.38,78.1,1.05,0.25,C0I460
梅峰,24.085272,121.173572,-0.24,6.67,10.22,92.6,3.75,1.12,C0I480
萬大林道,23.928228,121.091411,-1.22,9.57,9.97,90.6,3.25,1.24,C0I490
小奇萊,24.131764,121.295717,-0.8,0.6,11.81,95.7,4.55,0.34,C0I530
奇萊稜線,24.109231,121.326456,-0.98,-0.91,16.46,98.9,0.0,-0.75,C0I540
崙背,23.75555,120.318925,-0.88,14.99,-6.52,71.8,0.35,-0.19,C0K250
四湖,23.630414,120.227125,-1.46,15.23,-4.17,72.2,0.35,-0.18,C0K280
宜梧,23.536281,120.169329,-1.54,14.96,-3.27,74.9,0.45,-0.08,C0K291
虎尾,23.719183,120.442036,-1.73,15.18,1.67,77.9,0.85,0.27,C0K330
土庫,23.679029,120.395574,-0.97,15.05,-2.32,74.9,0.7,0.18,C0K390
斗六,23.720583,120.541127,-1.01,15.13,-6.63,73.7,0.5,-0.25,C0K400
北港,23.573957,120.292802,-1.26,14.86,-5.55,73.3,0.6,0.08,C0K410
西螺,23.800407,120.467394,-0.97,14.99,-2.88,75.3,0.65,-0.01,C0K420
褒忠,23.690938,120.303634,-1.11,14.73,-7.65,70.9,0.45,-0.22,C0K430
二崙,23.772797,120.408944,-1.22,14.56,2.17,81.7,0.4,-0.04,C0K440
大埤,23.646074,120.431537,-1.1,15.07,-3.28,74.5,0.55,0.02,C0K450
斗南,23.678734,120.478359,-1.07,14.98,-0.73,76.6,0.4,-0.22,C0K460
林內,23.748675,120.609642,-1.0,15.07,-1.15,78.9,0.85,-0.13,C0K470
莿桐,23.761192,120.502372,-1.1,14.78,-3.53,75.5,0.85,0.32,C0K480
元長,23.64981,120.315024,-1.08,14.9,-1.48,75.0,1.0,0.43,C0K500
水林,23.572924,120.24597,-1.01,15.11,-2.63,73.9,0.55,0.11,C0K510
臺西,23.701547,120.197559,-1.36,14.56,-1.03,77.1,0.35,-0.2,C0K530
蔦松,23.514319,120.229736,-1.15,15.0,-2.1,75.9,0.55,0.14,C0K550
棋山,23.68645,120.603417,-0.95,15.18,1.67,82.4,1.1,0.13,C0K560
高鐵雲林,23.737456,120.417944,-1.62,14.81,-8.15,78.1,0.7,0.38,C0K580
東後寮,23.369908,120.248065,-1.11,15.04,-1.83,76.4,0.25,-0.16,C0M520
奮起湖,23.493903,120.699253,4.39,17.02,-7.65,77.17,0.0,-1.32,C0M530
中埔,23.42538,120.5229,-1.36,14.78,0.3,79.1,0.3,-0.32,C0M640
朴子,23.43463,120.23902,-1.78,14.46,1.12,77.5,0.45,-0.16,C0M650
溪口,23.604131,120.403569,-1.04,15.03,-4.52,74.4,0.45,-0.11,C0M660
大林,23.600616,120.45841,-1.01,15.27,-1.78,74.1,0.9,0.28,C0M670
太保,23.455062,120.331455,-1.37,15.09,-4.7,73.2,0.25,-0.18,C0M680
水上,23.419734,120.388909,-1.07,15.28,2.23,79.2,0.25,-0.08,C0M690
竹崎,23.526178,120.555508,-1.08,14.98,0.63,81.3,0.55,0.04,C0M700
東石,23.458927,120.15385,-1.31,14.86,-5.98,72.6,0.5,0.01,C0M710
番路,23.464657,120.554156,-1.34,14.3,4.27,84.4,0.35,-0.31,C0M720
嘉義市東區,23.457673,120.460531,-1.04,16.15,1.2,74.3,0.2,-0.18,C0M730
六腳,23.492871,120.290625,-1.27,15.0,-2.75,73.9,0.55,0.01,C0M740
布袋,23.380878,120.167789,-1.14,15.06,-4.87,73.8,0.35,-0.18,C0M750
民雄,23.551754,120.428457,-1.14,15.31,-3.28,74.0,0.45,-0.06,C0M760
嘉義梅山,23.585398,120.555587,-1.2,14.73,2.97,82.6,0.5,0.01,C0M770
鹿草,23.41134,120.30835,-1.06,15.36,-1.38,73.9,0.3,-0.06,C0M780
新港,23.553269,120.345728,-1.27,15.03,-1.42,74.5,0.5,-0.04,C0M790
茶山,23.299075,120.664767,-0.54,16.02,5.43,86.2,1.15,0.18,C0M800
里佳,23.389125,120.716647,-0.5,11.56,6.87,89.6,3.05,1.37,C0M810
達邦,23.453994,120.749517,-0.33,13.7,10.27,88.2,2.85,1.48,C0M820
表湖,23.24186,120.64166,-1.85,13.93,7.8,89.0,1.15,0.62,C0M850
北寮,23.079561,120.495008,-1.05,15.98,5.66,87.7,0.75,0.27,C0O830
王爺宮,23.222064,120.40085,0.81,17.09,-8.22,75.6,0.05,-0.6,C0O840
大內,23.11885,120.36083,-0.2,17.11,1.45,82.2,0.05,-0.27,C0O860
善化,23.112883,120.297219,-1.41,16.17,1.03,83.5,0.0,-0.39,C0O900
崎頂,22.959547,120.369317,-0.72,15.94,4.48,85.8,0.7,0.05,C0O960
虎頭埤,23.021375,120.347878,-1.07,15.85,-0.13,81.8,0.2,-0.19,C0O970
新市,23.061614,120.298197,-0.47,16.79,-2.53,76.8,0.05,-0.38,C0O980
媽廟,22.99175,120.293525,-1.26,16.1,7.51,86.7,0.15,-0.27,C0O990
尾寮山,22.833111,120.683889,-2.02,12.74,2.04,89.0,1.6,0.95,C0R100
阿禮,22.742908,120.743678,-0.86,13.62,5.99,84.1,0.55,-0.16,C0R130
瑪家,22.682903,120.686639,-1.65,13.89,13.15,96.5,0.55,-0.09,C0R140
三地門,22.709889,120.639944,-1.75,18.03,-8.91,65.1,0.95,0.45,C0R150
鹽埔,22.739558,120.530778,-1.03,17.44,2.24,84.1,1.55,0.98,C0R160
赤山,22.592333,120.614306,-0.74,18.08,8.38,87.4,0.35,-0.03,C0R190
潮州,22.534361,120.54,-0.96,18.71,-0.52,77.1,0.45,0.16,C0R220
來義,22.527306,120.625111,-1.5,17.1,9.12,89.5,0.3,-0.13,C0R240
春日,22.370361,120.628306,-1.78,17.51,0.81,77.33,0.1,-0.33,C0R260
琉球嶼,22.332244,120.362236,-2.27,18.13,-2.43,74.4,0.1,-0.33,C0R270
車城,22.0744,120.716247,-1.92,18.86,2.28,73.2,0.05,0.05,C0R320
牡丹,22.130036,120.792639,-1.84,16.3,6.43,90.1,0.6,0.54,C0R341
貓鼻頭,21.921774,120.7358,-1.93,19.07,2.08,75.5,0.05,-0.26,C0R350
大漢山,22.405264,120.753181,-0.59,8.07,0.55,97.8,1.35,0.52,C0R440
高樹,22.826389,120.600806,-1.1,17.67,1.07,78.8,1.3,0.76,C0R470
長治,22.693128,120.542622,-0.44,18.51,0.56,79.3,1.0,0.6,C0R480
九如,22.7405,120.490503,-0.54,18.26,-5.89,76.0,1.2,0.75,C0R490
崁頂,22.514781,120.506914,-1.18,17.89,-2.89,77.4,0.3,-0.16,C0R520
佳冬,22.419456,120.552375,-1.12,18.0,1.64,79.8,0.05,-0.31,C0R540
新埤,22.467947,120.582894,-1.15,17.97,-3.35,75.4,0.05,-0.34,C0R550
新園,22.5434,120.461558,-0.33,18.59,-6.27,70.3,0.5,-0.05,C0R560
麟洛,22.65078,120.52719,-0.0,19.2,5.11,80.6,0.85,0.4,C0R570
南州,22.48591,120.50274,-1.47,17.56,2.06,79.5,0.6,0.26,C0R580
里港,22.77919,120.49459,-1.18,17.43,1.48,78.4,1.0,0.64,C0R590
舊泰武,22.588194,120.664944,-1.6,14.1,6.44,92.4,0.7,-0.04,C0R600
墾雷,21.900836,120.855269,-1.76,18.9,10.55,87.1,0.5,-1.29,C0R620
東港,22.46247,120.44074,-3.06,18.27,0.51,76.3,0.4,0.09,C0R640
竹田,22.58486,120.54344,-2.88,18.25,-2.47,76.4,0.45,0.43,C0R650
枋寮,22.367722,120.590647,-1.48,18.28,9.07,82.9,0.0,0.0,C0R660
楓港,22.190131,120.692156,-2.52,18.65,1.85,66.1,0.05,0.05,C0R670
佳樂水,21.993578,120.861633,-2.56,18.75,4.65,78.9,2.4,-0.31,C0R680
墾丁,21.966756,120.810269,-1.89,16.8,1.68,84.1,0.5,-0.83,C0R690
枋山,22.246844,120.661086,-2.04,18.81,5.75,71.0,0.0,0.0,C0R700
旭海,22.205403,120.887614,-2.5,16.43,17.52,96.6,2.4,-2.89,C0R720
下馬,23.150427,121.070312,2.58,15.9,9.17,96.0,6.0,6.0,C0S660
太麻里,22.60902,120.98533,-2.09,14.03,1.88,84.3,0.6,-0.97,C0S690
知本,22.684866,121.005642,-2.23,13.7,4.42,90.5,0.8,-0.94,C0S700
鹿野,22.917711,121.122994,-2.37,13.58,5.45,89.2,1.2,0.06,C0S710
綠島,22.6672,121.47533,-2.2,17.04,13.75,93.0,4.2,-2.65,C0S730
池上,23.119628,121.209469,-2.46,14.04,3.27,88.6,1.0,0.22,C0S740
向陽,23.248397,120.986133,4.79,11.4,5.33,95.0,13.5,10.91,C0S750
大溪山,22.478475,120.943325,-2.15,14.73,-0.13,84.2,1.6,-0.34,C0S770
金崙,22.538122,120.966875,-2.61,16.23,1.77,80.6,0.5,-1.07,C0S790
東河,22.972672,121.303986,-4.17,15.87,-1.0,75.67,0.0,-2.1,C0S810
長濱,23.286817,121.411975,-2.9,14.9,4.33,83.0,1.65,-0.48,C0S830
南田,22.279725,120.889208,-2.42,18.3,18.07,95.9,1.45,0.13,C0S840
關山,23.0395,121.175017,-1.57,14.83,1.73,86.4,1.8,1.24,C0S890
蘭嶼高中,22.04909,121.51214,-3.03,19.08,4.24,78.2,5.35,-7.9,C0S900
蘭嶼燈塔,22.081197,121.503117,-3.12,17.47,-1.17,86.5,3.6,-1.46,C0S910
金峰嘉蘭,22.594789,120.960825,-2.25,16.48,4.45,82.2,0.75,0.08,C0S920
延平,22.902581,121.084058,-2.22,14.91,4.57,84.4,2.0,1.88,C0S930
石寧山,23.223772,121.406639,-2.84,15.37,9.53,88.2,2.4,1.98,C0S940
七塊厝,22.954453,121.229922,-0.17,15.9,14.42,100.0,14.0,13.96,C0S950
香蘭,22.587569,120.993375,-2.9,16.85,4.33,74.5,0.0,-1.96,C0S960
加津林,22.416211,120.926942,-1.88,18.1,2.3,73.3,0.75,-1.12,C0S970
勝林山,22.430439,120.8938,-3.06,10.55,3.47,98.3,2.8,1.84,C0S980
山豬窟,22.318619,120.857372,-2.57,14.72,3.82,84.4,1.6,1.02,C0S990
歷坵,22.520969,120.89185,-1.81,14.1,2.95,90.7,0.9,0.36,C0SA00
檳榔四格山,22.810031,121.109308,-2.46,14.14,7.38,89.8,0.75,0.58,C0SA10
金崙山,22.567419,120.959667,-2.04,11.29,0.43,93.6,1.8,0.22,C0SA20
都歷,23.020333,121.323642,-2.21,16.71,23.93,96.1,0.95,0.74,C0SA30
瑞和,22.974361,121.156697,-1.91,14.95,11.5,95.0,1.8,1.42,C0SA40
土坂,22.453108,120.887572,-1.69,16.38,3.8,84.8,1.35,0.93,C0SA80
大禹嶺,24.186117,121.316086,-1.21,3.47,8.7,83.8,2.75,-0.49,C0T790
天祥,24.179597,121.495639,-2.01,12.29,3.44,86.0,0.75,-1.13,C0T820
鯉魚潭,23.935639,121.508944,-2.36,13.72,2.42,92.2,3.55,0.73,C0T870
西林,23.8119,121.441458,-1.98,14.35,5.27,90.1,2.25,-0.01,C0T900
光復,23.660694,121.424964,-1.93,14.8,-1.61,87.7,1.25,-1.2,C0T960
月眉山,23.809928,121.539828,-2.37,12.24,2.05,95.8,3.7,0.31,C0T9A0
水源,23.991861,121.537169,-2.67,11.6,4.06,94.7,5.25,0.74,C0T9B0
和中,24.26676,121.74103,-2.69,15.47,14.36,95.5,1.1,-1.99,C0T9D0
大坑,23.880628,121.581981,-2.72,12.58,2.88,93.1,3.5,0.01,C0T9E0
水璉,23.797131,121.542514,-3.35,13.87,6.87,90.7,2.85,-0.06,C0T9F0
鳳林山,23.735269,121.420131,-3.88,11.46,-0.73,95.6,2.45,-0.92,C0T9G0
加路蘭山,23.682947,121.5274,-3.03,10.67,3.47,99.8,11.2,4.2,C0T9H0
靜浦,23.455167,121.495028,-2.51,15.07,6.0,89.5,8.7,3.77,C0T9M0
富里,23.171639,121.249378,1.75,18.1,14.33,100.0,11.0,10.92,C0T9N0
雙連埤,24.753033,121.641303,-2.98,9.92,-0.29,96.5,7.05,1.82,C0U520
礁溪,24.817539,121.765608,-2.51,13.98,2.19,84.9,4.4,0.03,C0U600
玉蘭,24.675286,121.587061,-2.75,10.98,1.59,89.9,9.45,3.34,C0U650
太平山,24.505486,121.525656,-3.15,3.5,6.48,96.9,6.25,2.21,C0U710
南山,24.43742,121.38167,-4.38,6.79,1.93,97.6,2.4,1.5,C0U720
東澳,24.52196,121.83318,-3.5,14.08,12.41,97.2,14.0,6.71,C0U760
南澳,24.44935,121.81022,-3.19,14.78,6.2,79.7,2.4,-0.52,C0U770
五結,24.68637,121.79794,-2.73,13.52,3.19,85.0,5.05,-1.0,C0U780
頭城,24.85323,121.8308,-2.14,14.09,6.65,86.4,4.95,2.71,C0U860
大礁溪,24.791042,121.675047,-2.0,10.93,5.71,94.6,5.7,1.69,C0U870
三星,24.66812,121.65302,-2.13,13.18,7.59,95.4,3.15,0.5,C0U890
內城,24.71813,121.68766,-1.87,13.68,1.43,87.9,3.3,0.65,C0U900
冬山,24.63373,121.7937,-1.77,14.15,15.6,96.1,8.95,6.12,C0U910
羅東,24.68184,121.74934,-1.61,13.91,0.82,85.6,2.45,0.09,C0U940
鶯子嶺,24.89754,121.79244,-1.91,7.03,-1.65,96.6,13.45,4.77,C0U950
翠峰湖,24.510856,121.608044,-2.25,2.75,0.38,97.57,3.65,0.83,C0U960
大福,24.80064,121.81389,-2.23,13.76,2.17,82.5,3.0,0.57,C0U970
坪林石牌,24.86478,121.77396,-1.73,9.93,-0.21,96.1,7.0,2.76,C0U980
員山,24.74435,121.72247,-2.09,13.89,5.08,87.0,3.1,0.52,C0U990
土場,24.576533,121.495333,-1.94,11.68,-0.63,88.7,1.35,-0.55,C0UA00
鴛鴦湖,24.590269,121.412228,-2.08,4.16,3.0,99.5,8.2,2.64,C0UA10
白嶺,24.527819,121.519031,-2.44,5.44,2.09,99.4,9.85,4.34,C0UA30
西德山,24.560647,121.752608,-4.38,6.86,2.89,99.6,10.15,5.09,C0UA40
西帽山,24.555361,121.802628,-4.01,8.53,0.71,96.8,29.35,20.31,C0UA50
樟樹山,24.41393,121.78325,-3.46,10.84,10.33,98.5,4.6,0.32,C0UA60
桃源谷,24.962606,121.888875,-2.12,9.86,0.11,96.7,31.5,16.77,C0UA70
復興,23.222403,120.806089,-0.69,15.59,8.21,83.7,2.55,1.42,C0V210
溪埔,22.738578,120.446797,-1.95,16.44,-0.49,76.57,0.25,-0.17,C0V350
內門,22.975481,120.466769,-0.05,17.09,2.34,81.3,0.55,0.06,C0V360
古亭坑,22.893178,120.401947,-1.72,16.16,3.32,83.7,0.6,0.26,C0V370
阿公店,22.804194,120.355528,-1.47,16.01,-1.82,79.0,0.6,0.3,C0V400
鳳山,22.646653,120.356122,-1.65,16.9,10.66,83.4,1.05,0.52,C0V440
鳳森,22.545064,120.392592,-1.18,17.61,1.45,74.7,0.5,-0.1,C0V450
新興,22.627422,120.298803,-1.71,17.55,1.6,72.6,0.9,0.54,C0V490
梓官,22.760558,120.267211,-1.34,16.67,-0.87,74.4,0.2,-0.04,C0V610
永安,22.82315,120.236856,-1.5,16.2,-2.1,74.7,0.25,0.11,C0V620
茄萣,22.906642,120.182608,-1.24,16.18,3.41,75.8,0.15,-0.63,C0V630
湖內,22.887139,120.2445,-1.6,15.99,-2.61,74.0,0.25,-0.52,C0V640
彌陀,22.783806,120.246361,-1.04,16.99,-0.95,75.2,0.35,0.18,C0V650
岡山,22.797078,120.294958,-0.97,17.28,-1.2,72.8,0.5,0.26,C0V660
仁武,22.701083,120.347722,-1.21,17.38,0.3,74.7,1.25,0.83,C0V680
鼓山,22.623325,120.275575,-1.48,17.13,2.43,76.8,1.05,0.43,C0V690
三民,22.645017,120.311233,-1.43,17.64,5.51,74.8,1.0,0.4,C0V700
苓雅,22.622742,120.330669,-0.71,18.1,9.77,78.0,0.75,0.28,C0V710
林園,22.507747,120.394511,-0.8,19.14,3.97,72.6,0.45,-0.33,C0V720
大寮,22.605614,120.395717,-1.39,17.56,5.13,76.5,1.15,0.51,C0V730
旗山,22.888614,120.483597,-0.65,17.41,3.03,78.8,1.1,0.75,C0V740
路竹,22.854997,120.259439,-0.96,17.1,0.02,74.9,0.2,0.05,C0V750
橋頭,22.757806,120.30575,-1.22,17.25,-2.4,73.1,0.5,0.14,C0V760
大社,22.730306,120.346639,-1.51,16.8,2.3,76.2,1.0,0.71,C0V770
萬山,22.905944,120.688056,-0.15,17.37,3.94,81.2,1.05,0.3,C0V790
六龜,22.997889,120.633583,0.13,18.44,8.47,85.1,1.45,0.62,C0V800
左營,22.67491,120.28491,-1.53,16.48,-3.9,76.1,0.8,0.38,C0V810
小林,23.148408,120.63325,-2.72,16.34,18.15,87.9,0.75,0.75,C0V820
東莒,25.9652,119.98069,0.06,9.79,-4.62,71.1,0.55,0.07,C0W110
西嶼,23.5626,119.468436,-1.38,14.39,-3.7,79.7,0.55,0.16,C0W120
花嶼,23.40007,119.32276,-1.5,15.03,-0.15,78.7,0.1,0.07,C0W130
金寧,24.457703,118.328989,-0.78,12.62,-6.34,63.7,0.0,-0.35,C0W150
東河,23.296598,120.385608,-1.17,15.42,-4.93,75.1,0.05,-0.49,C0X050
下營,23.22695,120.256261,-0.94,15.43,-5.37,73.4,0.15,-0.45,C0X060
佳里,23.173039,120.145086,-1.9,15.4,-0.93,76.7,0.2,-0.17,C0X080
臺南市北區,23.010394,120.194228,-1.43,16.01,6.71,81.6,0.0,-0.65,C0X100
臺南市南區,22.961189,120.188378,-1.56,16.37,1.55,75.9,0.05,-0.77,C0X110
麻豆,23.183289,120.248611,-0.91,16.18,1.84,82.1,0.0,-0.46,C0X120
官田,23.193217,120.315422,-1.12,16.16,-0.91,77.8,0.05,-0.49,C0X130
西港,23.125608,120.203108,-1.77,15.33,2.52,81.0,0.1,-0.43,C0X140
安定,23.102614,120.227839,-1.35,15.49,1.69,83.0,0.05,-0.55,C0X150
仁德,22.968258,120.257689,-0.92,16.76,2.76,78.2,0.1,-0.39,C0X160
關廟,22.963017,120.327797,-1.95,15.57,4.84,81.1,0.15,-0.43,C0X170
山上,23.0757,120.363253,-1.08,15.92,-1.75,80.3,0.25,-0.14,C0X180
安平,22.993161,120.152181,-1.62,15.76,-5.09,73.7,0.0,-0.49,C0X190
左鎮,23.056758,120.408522,-0.05,16.55,-2.5,80.0,0.15,-0.2,C0X200
白河,23.347466,120.414427,-1.23,15.34,-1.65,76.6,0.1,-0.41,C0X210
學甲,23.230367,120.182187,-1.14,15.1,-0.73,76.3,0.3,-0.11,C0X220
鹽水,23.272621,120.247641,-1.22,14.91,-1.58,78.0,0.2,-0.2,C0X230
關子嶺,23.331169,120.508025,-1.12,13.72,6.35,91.0,0.5,-0.23,C0X240
新營,23.310689,120.316681,-1.15,15.39,0.3,76.5,0.15,-0.21,C0X250
後壁,23.366358,120.362326,-1.08,15.29,-3.17,75.1,0.2,-0.14,C0X260
將軍,23.214999,120.13577,-1.43,14.85,-3.85,74.0,0.1,-0.29,C0X280
北門,23.267772,120.125481,-1.53,14.85,-2.17,76.0,0.25,-0.18,C0X290
鹿寮,23.386047,120.477331,-0.73,15.53,2.25,84.6,0.2,-0.38,C0X300
柳營,23.253328,120.375253,-1.68,15.91,-2.98,73.6,0.0,0.0,C0X320
明里,23.208717,121.262342,-2.15,14.22,1.58,91.3,0.0,-0.68,C0Z020
佳心,23.34567,121.21316,-2.67,10.36,7.83,99.0,1.0,-0.29,C0Z050
玉里,23.3215,121.339656,-2.68,14.38,5.76,93.7,1.65,0.44,C0Z061
舞鶴,23.46811,121.37407,-2.2,13.68,8.47,99.8,1.05,-0.46,C0Z070
富源,23.587642,121.378225,-1.9,13.64,0.84,92.7,1.4,-0.5,C0Z080
東華,23.89525,121.549833,-1.24,15.44,-1.09,87.1,0.7,-0.66,C0Z100
吉安光華,23.930925,121.595153,-1.5,15.67,-9.09,73.2,1.15,-0.53,C0Z150
鳳林,23.746114,121.453411,-1.79,14.66,-1.84,83.1,0.85,-0.66,C0Z160
卓溪,23.3443,121.3029,-2.45,14.26,3.99,87.1,0.7,0.23,C0Z170
新城,24.03946,121.60454,-2.14,15.43,-0.17,77.11,0.5,-0.96,C0Z180
富世,24.14743,121.6297,-1.94,15.46,0.29,81.6,1.4,-1.63,C0Z190
萬榮,23.709219,121.420106,-1.62,14.48,-6.02,84.7,0.9,-0.16,C0Z200
瑞穗,23.5239,121.39021,-1.44,14.58,2.89,90.2,1.2,0.06,C0Z210
和平林道,24.343922,121.656317,-2.09,11.21,-1.35,87.4,0.7,-0.45,C0Z220
和平,24.30717,121.77007,-2.44,14.93,0.79,73.0,3.25,-0.31,C0Z230
瑞穗林道,23.49284,121.30688,-0.83,10.03,2.43,99.4,5.1,1.21,C0Z250
蕃薯寮,23.73835,121.540108,-2.05,12.95,3.78,89.9,5.5,1.33,C0Z270
德武,23.47426,121.41071,-2.32,13.85,1.41,92.1,1.6,0.71,C0Z280
赤柯山,23.36893,121.38293,-2.32,9.4,3.34,99.7,5.85,3.74,C0Z290
東里,23.26853,121.30547,-1.93,14.46,-1.81,88.3,1.25,0.51,C0Z300
清水斷崖,24.218294,121.689142,-2.36,15.07,-0.17,80.5,0.2,-1.06,C0Z310
清水林道,23.27125,121.188272,-3.19,11.52,2.11,92.4,3.6,1.93,C0Z320
安通山,23.290728,121.348528,-4.46,11.81,6.86,95.9,2.5,1.79,C0Z330
口湖工作站,23.589978,120.180394,-3.2,14.88,-5.02,69.9,0.1,0.05,12J990
東港工作站,22.479997,120.466058,-2.99,18.27,-1.1,63.9,0.45,0.39,12Q970
恆春工作站,22.079678,120.714425,-2.86,19.23,-1.15,64.6,0.0,0.0,12Q980
萬大發電廠,23.978875,121.139639,-2.16,13.02,7.11,83.5,3.1,3.1,42HA10
桃改樹林分場,24.944503,121.386972,-2.21,13.86,-1.7,74.8,4.3,2.3,72AI40
桃園農改場,24.950944,121.030583,-0.93,13.83,-8.08,76.3,1.5,-1.13,72C440
桃改五峰分場,24.612194,121.157167,-2.42,8.55,3.13,91.8,4.45,0.95,72D080
臺中農改場,24.003028,120.534389,-1.52,15.03,-2.75,76.4,0.45,-0.28,72G600
中改埔里分場,23.903208,120.963364,-2.35,13.99,11.58,91.0,2.7,2.7,72HA00
南改斗南分場,23.634556,120.477333,-1.15,15.67,-4.14,76.6,1.0,0.32,72K220
南改義竹分場,23.360694,120.279361,-1.78,15.12,-5.39,74.9,0.25,-0.14,72M360
南改鹿草分場,23.416869,120.283061,-3.33,15.17,-3.43,74.9,0.35,0.33,72M700
臺南農改場,23.0605,120.342194,-2.12,15.59,0.23,80.2,0.1,-0.17,72N100
七股研究中心,23.081672,120.062894,-3.68,15.23,-3.17,77.4,0.1,0.03,72N240
高雄農改場,22.709333,120.525889,-1.84,17.81,2.89,80.7,0.95,0.6,72Q010
東改班鳩分場,22.829528,121.077694,-2.17,15.16,-1.63,78.0,0.9,-0.14,72S200
東改賓朗果園,22.813889,121.071278,-2.92,14.88,-6.25,81.0,0.9,-0.05,72S590
花蓮農改場,23.975222,121.563889,-1.96,15.42,-1.84,79.8,2.3,0.48,72T250
花改蘭陽分場,24.686306,121.716583,-2.24,13.94,-1.15,81.8,2.7,-1.63,72U480
高改旗南分場,22.857861,120.516667,-2.36,16.86,4.92,78.0,1.15,0.91,72V140
茶改北部分場,24.955778,121.631222,-1.9,11.03,0.54,88.0,9.35,2.18,82A750
茶改場,24.908472,121.185333,-1.68,12.46,-4.54,80.8,3.8,-0.13,82C160
茶改中部分場,23.875611,120.913583,-2.81,12.48,7.47,90.5,2.15,1.05,82H320
茶改南部分場,23.762528,120.7405,-2.15,13.35,0.48,88.7,1.7,0.87,82H840
茶改東部分場,22.907694,121.130139,-3.33,14.48,-4.71,76.38,0.06,-0.81,82S580
農工中心,24.985917,121.239833,-1.68,13.23,-2.95,77.6,3.95,0.75,A2C560
水試臺西試驗場,23.717231,120.190522,-1.74,14.94,-2.5,79.6,0.55,0.49,A2K360
臺大雲林校區,23.730628,120.423903,-1.67,14.91,-2.62,75.3,0.7,0.7,A2K630
臺南蘭花園區,23.340258,120.379661,-1.49,15.73,-0.32,76.6,0.05,0.05,A2N290
畜試北區分所,24.527806,120.770972,-1.19,13.21,-5.04,79.4,0.8,0.2,B2E890
畜產試驗所,23.058972,120.336406,-1.95,15.46,0.03,80.5,0.2,-0.14,B2N890
畜試南區分所,21.945583,120.802167,-2.57,18.65,-1.83,71.8,0.3,-0.49,B2Q810
畜試東區分所,24.669039,121.832561,-2.38,13.94,9.13,88.8,6.35,3.93,B2U990
蓮華池,23.918333,120.885278,-2.18,13.29,4.75,90.5,1.65,0.51,E2H360
林試畢祿溪站,24.226944,121.308522,0.29,6.95,11.9,83.9,3.25,2.62,E2HA20
四湖植物園,23.676986,120.163433,-2.99,15.07,2.35,83.5,0.35,0.35,E2K600
林試六龜中心,22.991703,120.645722,-0.73,16.89,12.0,85.5,1.1,1.1,E2P980
林試太麻里2,22.598,120.99775,-1.75,17.52,-1.0,72.5,0.4,-1.06,E2S960
林試太麻里1,22.598922,120.980044,-1.74,16.76,1.22,76.3,0.55,-0.28,E2S980
農試所(霧峰),24.031261,120.688133,-1.59,15.57,-0.97,78.3,0.8,0.08,G2F820
農試嘉義分所,23.485028,120.473806,-2.09,14.91,-2.81,78.2,0.15,-0.44,G2L020
農試鳳山分所,22.646611,120.356083,-2.62,17.04,1.23,74.3,0.95,0.52,G2P820
苗栗農改場,24.495722,120.829111,-1.95,12.83,-3.26,80.6,1.45,-0.28,K2E360
苗改生物防治研究中心,24.422861,120.871833,-3.1,11.95,-3.92,80.7,0.6,0.08,K2E710
種苗改良場,24.225972,120.800917,-1.96,12.59,4.84,85.1,1.0,-0.46,K2F750
溪頭,23.670306,120.798194,-1.95,10.59,10.01,96.6,3.4,1.88,U2H480
臺大和社,23.590856,120.888864,-2.5,13.39,16.68,90.6,1.0,1.0,U2HA30
臺大內茅埔,23.689722,120.851117,-3.74,13.74,15.01,88.3,1.45,1.45,U2HA40
臺大竹山,23.756972,120.681556,-1.33,15.0,-4.94,78.8,1.1,0.17,U2HA50
臺大竹山,23.756972,120.681556,-1.33,15.0,-4.94,78.8,1.1,0.17,U2HA50
臺大內茅埔,23.689722,120.851117,-3.74,13.74,15.01,88.3,1.45,1.45,U2HA40
臺大和社,23.590856,120.888864,-2.5,13.39,16.68,90.6,1.0,1.0,U2HA30
臺大溪頭,23.670306,120.798194,-1.95,10.59,10.01,96.6,3.4,1.88,U2H480
種苗繁殖,24.225972,120.800917,-1.96,12.59,4.84,85.1,1.0,-0.46,K2F750
苗改生物防治研究中心,24.422861,120.871833,-3.1,11.95,-3.92,80.7,0.6,0.08,K2E710
苗栗農改,24.495722,120.829111,-1.95,12.83,-3.26,80.6,1.45,-0.28,K2E360
農試鳳山分所,22.646611,120.356083,-2.62,17.04,1.23,74.3,0.95,0.52,G2P820
農試嘉義分所,23.485028,120.473806,-2.09,14.91,-2.81,78.2,0.15,-0.44,G2L020
農業試驗所,24.031261,120.688133,-1.59,15.57,-0.97,78.3,0.8,0.08,G2F820
林試太麻里1,22.598922,120.980044,-1.74,16.76,1.22,76.3,0.55,-0.28,E2S980
林試太麻里2,22.598014,120.989761,-1.75,17.52,-1.0,72.5,0.4,-1.06,E2S960
林試六龜中心,22.991703,120.645722,-0.73,16.89,12.0,85.5,1.1,1.1,E2P980
四湖植物園,23.676986,120.163433,-2.99,15.07,2.35,83.5,0.35,0.35,E2K600
林試畢祿溪站,24.226944,121.308522,0.29,6.95,11.9,83.9,3.25,2.62,E2HA20
蓮華池,23.918333,120.885278,-2.18,13.29,4.75,90.5,1.65,0.51,E2H360
畜試東區分所,24.669039,121.832561,-2.38,13.94,9.13,88.8,6.35,3.93,B2U990
畜試南區分所,21.945583,120.802167,-2.57,18.65,-1.83,71.8,0.3,-0.49,B2Q810
畜試所,23.058972,120.336406,-1.95,15.46,0.03,80.5,0.2,-0.14,B2N890
畜試北區分所,24.527806,120.770972,-1.19,13.21,-5.04,79.4,0.8,0.2,B2E890
臺南蘭花園區,23.340258,120.379661,-1.49,15.73,-0.32,76.6,0.05,0.05,A2N290
臺大雲林校區,23.730628,120.423903,-1.67,14.91,-2.62,75.3,0.7,0.7,A2K630
水試臺西試驗場,23.717231,120.190522,-1.74,14.94,-2.5,79.6,0.55,0.49,A2K360
農工中心,24.985917,121.239833,-1.68,13.23,-2.95,77.6,3.95,0.75,A2C560
茶改東部分場,22.907694,121.130139,-3.33,14.48,-4.71,76.38,0.06,-0.81,82S580
茶改南部分場,23.762528,120.7405,-2.15,13.35,0.48,88.7,1.7,0.87,82H840
茶改中部分場,23.875611,120.913583,-2.81,12.48,7.47,90.5,2.15,1.05,82H320
茶改場,24.908472,121.185333,-1.68,12.46,-4.54,80.8,3.8,-0.13,82C160
茶改北部分場,24.955778,121.631222,-1.9,11.03,0.54,88.0,9.35,2.18,82A750
高改旗南分場,22.857861,120.516667,-2.36,16.86,4.92,78.0,1.15,0.91,72V140
花改蘭陽分場,24.686306,121.716583,-2.24,13.94,-1.15,81.8,2.7,-1.63,72U480
花蓮農改,23.975222,121.563889,-1.96,15.42,-1.84,79.8,2.3,0.48,72T250
東改賓朗果園,22.813889,121.071278,-2.92,14.88,-6.25,81.0,0.9,-0.05,72S590
東改班鳩分場,22.829528,121.077694,-2.17,15.16,-1.63,78.0,0.9,-0.14,72S200
高雄農改,22.709333,120.525889,-1.84,17.81,2.89,80.7,0.95,0.6,72Q010
七股研究中心,23.081672,120.062894,-3.68,15.23,-3.17,77.4,0.1,0.03,72N240
臺南農改,23.0605,120.342194,-2.12,15.59,0.23,80.2,0.1,-0.17,72N100
南改鹿草分場,23.416869,120.283061,-3.33,15.17,-3.43,74.9,0.35,0.33,72M700
南改義竹分場,23.360694,120.279361,-1.78,15.12,-5.39,74.9,0.25,-0.14,72M360
南改斗南分場,23.634556,120.477333,-1.15,15.67,-4.14,76.6,1.0,0.32,72K220
中改埔里分場,23.903208,120.963364,-2.35,13.99,11.58,91.0,2.7,2.7,72HA00
臺中農改,24.003028,120.534389,-1.52,15.03,-2.75,76.4,0.45,-0.28,72G600
桃改五峰分場,24.612194,121.157167,-2.42,8.55,3.13,91.8,4.45,0.95,72D080
桃園農改,24.950944,121.030583,-0.93,13.83,-8.08,76.3,1.5,-1.13,72C440
桃改樹林分場,24.944503,121.386972,-2.21,13.86,-1.7,74.8,4.3,2.3,72AI40
萬大發電廠,23.978875,121.139639,-2.16,13.02,7.11,83.5,3.1,3.1,42HA10
恆春工作站,22.079678,120.714425,-2.86,19.23,-1.15,64.6,0.0,0.0,12Q980
東港工作站,22.479997,120.466058,-2.99,18.27,-1.1,63.9,0.45,0.39,12Q970
口湖工作站,23.589978,120.180394,-3.2,14.88,-5.02,69.9,0.1,0.05,12J990
