站名,緯度,經度,平均溫距平,本年度平均溫,平均溼度距平,本年度日均相對溼度,本年度日均降水量,日均降水量距平,站號
淡水,25.164889,121.448906,-0.47,14.7,-3.13,79.67,7.6,3.62,466900
鞍部,25.182586,121.529731,-1.55,8.97,2.19,94.5,16.08,4.2,466910
臺北,25.037658,121.514853,-0.89,15.45,-0.76,78.0,5.6,1.28,466920
竹子湖,25.162078,121.544547,-1.5,10.65,1.08,89.83,12.33,2.36,466930
基隆,25.133314,121.740475,-0.86,14.95,-0.74,79.17,19.42,6.43,466940
花蓮,23.975128,121.613275,-1.62,16.72,2.42,78.67,1.36,-1.09,466990
新屋,25.006744,121.047486,-0.41,14.63,-3.08,76.83,2.1,-0.44,467050
宜蘭,24.763975,121.756528,-1.33,15.25,3.46,83.83,2.68,-3.17,467080
金門,24.407306,118.289281,0.49,13.42,-5.29,69.17,0.28,-1.15,467110
澎湖,23.565503,119.563094,-0.69,15.97,-2.26,78.17,0.68,-0.17,467350
臺南,22.993239,120.204772,-1.26,16.8,-0.64,73.86,0.07,-0.27,467410
永康,23.038386,120.2367,-0.89,16.83,1.09,75.29,0.08,-0.18,467420
嘉義,23.495925,120.432906,-0.81,16.33,4.41,83.0,0.52,-0.14,467480
臺中,24.145736,120.684075,-0.43,16.65,-3.67,72.0,1.35,0.12,467490
阿里山,23.508208,120.813242,-1.21,5.63,10.11,94.0,7.43,5.31,467530
大武,22.355675,120.903789,-1.7,18.92,2.1,73.5,1.04,-0.14,467540
玉山,23.487614,120.959522,-1.38,-2.0,-2.36,67.17,8.5,6.69,467550
新竹,24.827853,121.014219,-0.43,15.0,-2.66,77.67,1.92,-0.84,467571
恆春,22.003897,120.746339,-1.39,19.87,1.07,72.0,0.52,-0.15,467590
成功,23.097486,121.373428,-1.65,17.43,3.89,79.5,2.93,-0.15,467610
日月潭,23.881325,120.90805,-1.49,13.03,13.45,91.33,2.78,1.31,467650
臺東,22.752211,121.154586,-1.58,18.27,2.07,74.33,0.95,-0.41,467660
馬祖,26.169269,119.923419,0.23,10.02,-1.94,80.5,2.42,0.45,467990
山佳,24.974944,121.402008,0.01,15.7,-2.19,80.0,6.92,2.66,C0A520
坪林,24.938183,121.70975,-0.75,12.9,-6.27,87.17,8.5,3.47,C0A530
泰平,24.971197,121.823711,-0.81,11.9,0.17,95.67,26.0,11.59,C0A550
桶後,24.848222,121.597992,-0.51,12.58,-4.73,90.5,14.75,8.09,C0A570
石碇,24.993969,121.662917,-0.6,13.57,-3.55,88.0,10.5,5.26,C0A640
大坪,25.165914,121.632969,-0.57,12.72,2.02,94.0,51.17,25.3,C0A860
五指山,25.132153,121.608692,0.03,11.4,1.38,95.17,20.0,8.82,C0A870
雙溪,25.036003,121.864242,0.04,15.03,-4.55,88.0,17.92,6.14,C0A890
三和,25.233153,121.595236,-0.36,12.77,-0.12,86.5,37.58,14.59,C0A931
金山,25.223628,121.643967,1.0,16.15,-2.92,83.17,16.25,5.68,C0A940
鼻頭角,25.129036,121.923372,-0.59,15.58,-0.42,82.5,8.08,4.24,C0A950
三貂角,25.007606,122.002058,-0.83,15.03,-1.96,84.33,10.17,1.97,C0A970
社子,25.109508,121.469681,-0.1,15.88,2.3,83.67,3.25,0.19,C0A980
天母,25.117494,121.537169,-1.09,15.23,-3.17,72.83,2.58,0.25,C0A9C0
內湖,25.079422,121.57545,-1.07,15.23,8.35,89.67,2.58,-0.3,C0A9F0
大屯山,25.175675,121.522408,-0.45,8.98,3.61,98.17,8.17,1.51,C0AC40
三峽,24.939025,121.369728,0.42,16.43,-3.12,80.83,8.08,3.63,C0AC60
信義,25.037822,121.564597,-0.2,16.3,0.59,83.0,5.42,1.79,C0AC70
文山,25.00235,121.575728,-0.93,14.92,-5.48,80.5,7.33,3.08,C0AC80
新莊,25.051478,121.446756,-1.32,15.27,1.83,78.67,4.08,1.22,C0ACA0
八里,25.150211,121.403947,-1.08,14.83,2.6,84.67,6.0,3.05,C0AD10
蘆洲,25.086594,121.472331,-0.79,15.97,-1.17,76.5,3.33,1.13,C0AD30
土城,24.973208,121.445169,-0.56,15.33,-1.41,81.67,7.75,3.6,C0AD40
鶯歌,24.951533,121.346294,0.86,16.65,-13.26,71.5,5.75,1.83,C0AD50
汐止,25.066881,121.658778,-0.31,15.25,1.68,90.17,11.0,3.32,C0AH00
永和,25.01125,121.508111,0.56,16.23,0.94,80.0,6.25,2.37,C0AH10
五分山,25.07125,121.780794,1.83,12.06,0.93,96.4,34.1,9.93,C0AH30
平等,25.129142,121.577086,-0.93,12.3,-3.71,83.67,5.67,0.28,C0AH40
林口,25.072181,121.38084,-0.51,13.15,-0.92,86.17,5.58,2.43,C0AH50
松山,25.04871,121.55042,-0.07,15.47,-4.04,68.33,4.58,-0.17,C0AH70
深坑,25.002703,121.628328,2.0,15.98,-6.11,84.5,8.25,1.27,C0AH80
福山植物園,24.760717,121.58135,0.32,10.87,3.29,96.17,7.75,1.29,C0AH90
五股,25.07445,121.42728,-3.02,13.13,-6.5,83.5,4.17,3.2,C0AI00
屈尺,24.92184,121.54475,-1.22,15.22,-13.67,72.33,10.75,7.81,C0AI10
白沙灣,25.283128,121.519058,-1.86,14.62,-2.54,82.83,3.67,2.04,C0AI20
三重,25.057328,121.500629,-1.05,15.63,-1.83,79.17,3.5,2.38,C0AI30
石牌,25.115597,121.513139,-1.7,16.38,6.48,77.67,2.67,1.92,C0AI40
七堵,25.094819,121.71713,-0.75,15.8,-5.44,83.0,19.92,12.64,C0B010
基隆嶼,25.19141,121.78391,-1.98,14.37,4.79,91.17,11.08,7.74,C0B020
復興,24.820208,121.352281,-0.79,12.78,-4.59,80.17,6.92,3.21,C0C460
桃園,24.992425,121.323172,-0.93,14.73,-1.12,78.5,5.42,1.21,C0C480
八德,24.928708,121.283289,-0.84,14.13,-4.6,79.33,6.5,1.89,C0C490
觀音,25.027072,121.153317,-0.93,13.93,-3.59,79.67,4.0,-0.31,C0C590
蘆竹,25.084275,121.265767,-1.14,13.98,0.65,83.33,5.0,0.77,C0C620
大溪,24.882853,121.265547,-1.05,13.53,-0.08,82.5,5.58,1.67,C0C630
平鎮,24.897503,121.214636,-0.83,13.53,-2.26,82.5,4.67,0.54,C0C650
楊梅,24.912375,121.143047,-0.41,13.82,-2.58,78.83,5.42,1.8,C0C660
龍潭,24.870056,121.221389,0.23,13.15,0.94,84.67,6.17,1.79,C0C670
龜山,25.02846,121.38656,0.93,14.0,-3.04,81.0,5.0,0.38,C0C680
中壢,24.977661,121.256375,0.12,13.82,-1.58,80.17,4.67,0.77,C0C700
大溪永福,24.892936,121.324975,-1.11,14.47,-2.0,84.0,7.92,6.26,C0C710
梅花,24.678347,121.208558,-0.65,12.47,-1.33,86.5,5.83,2.15,C0D360
峨眉,24.6905,121.017189,-0.37,14.47,-2.89,84.0,4.17,1.84,C0D430
打鐵坑,24.849664,121.150789,-1.16,13.1,-5.4,83.5,4.42,0.64,C0D480
橫山,24.71116,121.11693,-1.28,13.28,0.11,88.0,4.33,1.09,C0D540
雪霸,24.526972,121.11605,-2.04,6.68,6.62,87.33,5.67,1.71,C0D550
竹東,24.767147,121.057881,-0.15,14.65,-1.95,77.5,2.58,-0.13,C0D560
寶山,24.735006,121.025192,-0.65,14.07,-1.29,83.67,3.08,-0.13,C0D580
新豐,24.87068,120.97721,-0.66,13.75,-0.68,84.33,1.92,-0.92,C0D590
湖口,24.904794,121.043628,-0.27,14.25,-5.69,77.17,1.83,-0.01,C0D650
新竹市東區,24.798681,120.986942,-0.02,14.23,-1.22,76.0,1.75,0.47,C0D660
竹南,24.708978,120.888897,0.24,15.32,-1.29,80.83,1.67,-0.4,C0E420
南庄,24.601775,121.000214,-0.8,13.38,4.65,90.67,5.08,1.65,C0E430
明德,24.583486,120.885411,-0.24,14.77,-4.18,80.83,3.0,1.62,C0E550
通霄,24.471892,120.704622,-0.92,14.55,-1.61,82.17,0.92,0.24,C0E590
馬都安,24.451272,120.930192,-1.16,11.68,-0.1,86.0,1.17,-1.4,C0E610
頭份,24.688247,120.912206,0.05,15.67,-3.1,76.5,1.75,-0.28,C0E730
造橋,24.637056,120.864778,-0.77,14.53,-3.46,81.5,1.58,0.15,C0E740
苗栗,24.564569,120.824575,-0.87,14.52,-0.76,79.5,1.67,0.46,C0E750
銅鑼,24.489681,120.790853,-1.03,13.88,5.46,89.5,2.42,1.3,C0E780
西湖,24.562947,120.7485,-0.63,14.28,-1.12,83.33,0.92,0.15,C0E810
獅潭,24.539133,120.920042,-0.75,13.48,-4.53,84.33,3.25,1.35,C0E820
苑裡,24.439714,120.653053,-1.26,14.52,0.98,79.33,0.5,0.04,C0E830
大河,24.618069,120.948578,-1.6,12.32,-2.73,82.33,4.5,2.41,C0E850
高鐵苗栗,24.60725,120.826094,0.12,14.65,5.38,86.67,1.25,0.56,C0E870
石岡,24.276061,120.777644,0.97,15.75,-0.57,84.33,1.0,0.38,C0F0B0
中坑,24.248517,120.903319,-0.82,11.68,5.83,90.83,1.83,0.52,C0F0C0
審馬陣,24.381675,121.4203,-0.92,0.23,23.33,99.5,5.33,4.19,C0F0D0
東勢,24.246428,120.833047,0.38,15.68,-1.38,80.33,2.58,1.52,C0F850
大坑,24.173142,120.722289,0.53,17.33,-1.42,74.67,1.17,0.42,C0F970
神岡,24.272481,120.658314,-0.98,14.38,-8.46,78.67,0.5,-0.48,C0F9I0
大安,24.345061,120.588025,-1.34,14.48,-2.85,81.5,0.5,0.1,C0F9K0
后里,24.310436,120.729725,-0.18,15.17,-5.54,78.67,0.33,-0.6,C0F9L0
豐原,24.254322,120.720692,0.47,16.17,-3.03,77.17,0.5,-0.47,C0F9M0
大里,24.092464,120.701378,-0.68,17.2,1.65,74.33,1.42,0.35,C0F9N0
潭子,24.213106,120.703933,-0.27,16.3,0.31,78.5,1.67,0.93,C0F9O0
清水,24.312297,120.562242,-1.38,14.65,0.62,82.0,0.5,0.01,C0F9P0
外埔,24.347817,120.705686,-0.04,15.57,-4.96,79.33,0.67,-0.13,C0F9Q0
龍井,24.184536,120.528972,-1.12,15.42,-5.6,77.83,0.33,-0.34,C0F9R0
烏日,24.107058,120.624103,-0.54,16.37,-3.03,71.83,1.42,0.69,C0F9S0
西屯,24.179494,120.641275,-0.73,15.57,-2.25,75.33,1.33,0.88,C0F9T0
南屯,24.137006,120.637969,-0.89,16.48,-2.22,71.5,0.17,-0.47,C0F9U0
大雅(中科園區),24.21528,120.62445,-0.14,14.77,0.46,79.0,0.67,0.19,C0F9X0
桃山,24.432739,121.303808,-1.4,0.1,23.27,94.33,1.17,0.01,C0F9Y0
雪山東峰,24.388792,121.268675,-1.43,0.7,19.82,90.17,1.42,-0.02,C0F9Z0
芬園,24.015678,120.6213,-1.18,15.18,3.0,84.17,1.33,0.69,C0G620
員林,23.946503,120.585597,1.27,18.43,-5.14,73.17,0.92,-0.05,C0G650
溪湖,23.94835,120.479122,0.75,17.52,10.21,90.33,0.5,-0.07,C0G660
溪州,23.851589,120.499093,0.25,15.98,-3.26,73.67,1.08,0.63,C0G720
二林,23.903325,120.376081,-0.02,15.35,-0.25,83.0,0.42,0.28,C0G730
福興,24.041289,120.437669,-0.7,16.12,-4.06,74.5,1.67,1.21,C0G770
秀水,24.03405,120.503869,-0.12,16.78,0.01,80.0,0.83,0.42,C0G780
埔鹽,24.000394,120.431683,0.05,16.48,-0.82,81.17,0.75,0.36,C0G800
埔心,23.947633,120.525456,-0.18,16.78,13.84,92.0,1.0,0.26,C0G810
田尾,23.901669,120.509389,-0.32,16.43,0.89,83.5,1.08,0.46,C0G820
社頭,23.897647,120.5862,-0.35,17.22,5.93,81.83,0.75,-0.24,C0G860
二水,23.810742,120.6173,1.28,18.68,0.12,81.67,1.25,0.73,C0G880
伸港,24.148933,120.484403,-1.23,15.15,-3.17,77.5,0.25,-0.38,C0G890
線西,24.143358,120.443536,-1.51,15.1,-4.0,79.5,0.33,0.02,C0G900
花壇,24.032076,120.549461,-0.2,16.5,8.21,85.33,0.58,0.33,C0G910
埔里,23.972169,120.952425,0.52,16.18,5.04,85.67,2.83,1.3,C0H890
草屯,23.973672,120.68085,-0.83,16.23,-2.06,76.0,1.25,0.23,C0H960
昆陽,24.121322,121.273642,-1.61,0.75,20.53,99.0,2.67,1.22,C0H990
神木村,23.532742,120.843667,-0.93,10.35,9.12,92.67,5.33,3.4,C0H9A0
合歡山,24.143442,121.272547,-0.66,-0.07,14.89,100.0,11.33,7.97,C0H9C0
廬山,24.033311,121.181808,-1.53,10.33,15.87,92.17,5.92,2.88,C0I010
信義,23.689694,120.851036,-0.2,14.62,8.66,90.33,2.5,1.2,C0I080
竹山,23.761225,120.688156,-0.8,15.8,3.14,88.17,1.92,0.88,C0I110
水里,23.812553,120.849792,-0.01,15.55,3.36,85.83,3.08,2.2,C0I360
魚池,23.895703,120.94135,0.34,14.93,1.76,86.33,4.0,2.44,C0I370
集集,23.828206,120.801467,-0.09,15.7,4.49,87.17,2.58,1.45,C0I380
仁愛,24.022122,121.132206,-0.02,12.25,11.25,91.0,5.17,2.63,C0I390
名間,23.837053,120.701447,-0.12,15.38,-0.24,80.83,1.08,0.07,C0I410
國姓,24.037803,120.855072,0.21,15.83,1.9,84.5,1.92,0.85,C0I420
南投,23.911469,120.687331,0.33,16.55,2.85,80.0,1.75,0.94,C0I460
梅峰,24.085272,121.173572,-0.01,6.6,14.08,96.83,6.17,3.14,C0I480
萬大林道,23.928228,121.091411,-0.79,9.77,11.42,92.17,5.17,2.83,C0I490
小奇萊,24.131764,121.295717,-0.29,0.48,18.12,100.0,6.92,6.01,C0I530
奇萊稜線,24.109231,121.326456,0.26,-0.36,18.92,100.0,0.0,-0.75,C0I540
崙背,23.75555,120.318925,0.23,15.9,-4.58,74.17,0.58,0.31,C0K250
四湖,23.630414,120.227125,-0.56,16.18,-2.9,74.0,0.58,0.01,C0K280
宜梧,23.536281,120.169329,-0.95,15.9,-2.18,76.17,0.75,0.25,C0K291
虎尾,23.719183,120.442036,-0.85,16.1,2.72,80.0,1.42,0.75,C0K330
土庫,23.679029,120.395574,0.32,16.1,0.61,78.83,1.17,0.7,C0K390
斗六,23.720583,120.541127,0.19,16.08,-5.92,75.33,0.83,0.08,C0K400
北港,23.573957,120.292802,-0.07,15.82,-4.9,75.0,1.0,0.56,C0K410
西螺,23.800407,120.467394,0.24,15.93,-2.21,77.17,1.08,0.51,C0K420
褒忠,23.690938,120.303634,0.01,15.65,-5.33,74.0,0.75,0.28,C0K430
二崙,23.772797,120.408944,0.02,15.55,3.83,84.33,0.67,0.37,C0K440
大埤,23.646074,120.431537,0.1,16.03,-2.48,76.17,0.92,0.44,C0K450
斗南,23.678734,120.478359,0.15,15.95,-0.49,77.83,0.67,0.05,C0K460
林內,23.748675,120.609642,0.15,15.95,-0.47,80.83,1.42,0.34,C0K470
莿桐,23.761192,120.502372,0.15,15.78,-3.14,76.83,1.42,0.95,C0K480
元長,23.64981,120.315024,0.08,15.83,-0.03,77.0,1.67,1.24,C0K500
水林,23.572924,120.24597,0.09,16.0,-1.28,76.0,0.92,0.63,C0K510
臺西,23.701547,120.197559,-0.32,15.43,0.66,78.83,0.58,0.32,C0K530
蔦松,23.514319,120.229736,-0.04,15.9,-0.91,77.67,0.92,0.63,C0K550
棋山,23.68645,120.603417,0.28,16.1,2.19,84.17,1.75,0.74,C0K560
高鐵雲林,23.737456,120.417944,-0.22,15.73,-6.04,80.0,1.17,0.79,C0K580
東後寮,23.369908,120.248065,0.02,15.95,-0.77,78.33,0.42,0.15,C0M520
奮起湖,23.493903,120.699253,4.08,16.66,-5.9,79.4,0.0,-1.32,C0M530
中埔,23.42538,120.5229,0.01,15.8,-0.16,80.17,0.42,-0.3,C0M640
朴子,23.43463,120.23902,-0.65,15.37,1.95,79.0,0.75,0.4,C0M650
溪口,23.604131,120.403569,0.14,15.97,-3.97,76.0,0.75,0.15,C0M660
大林,23.600616,120.45841,0.21,16.23,-1.35,75.5,1.42,0.77,C0M670
太保,23.455062,120.331455,-0.22,16.02,-3.66,75.17,0.42,0.05,C0M680
水上,23.419734,120.388909,0.16,16.27,3.33,81.0,0.42,0.13,C0M690
竹崎,23.526178,120.555508,0.24,16.0,1.52,82.83,0.83,0.28,C0M700
東石,23.458927,120.15385,-0.21,15.8,-4.43,75.0,0.83,0.48,C0M710
番路,23.464657,120.554156,0.08,15.33,3.62,85.5,0.58,-0.18,C0M720
嘉義市東區,23.457673,120.460531,0.15,17.08,1.62,75.67,0.33,0.01,C0M730
六腳,23.492871,120.290625,-0.12,15.92,-1.4,76.0,0.92,0.49,C0M740
布袋,23.380878,120.167789,-0.06,15.97,-3.45,75.5,0.58,0.25,C0M750
民雄,23.551754,120.428457,0.05,16.25,-2.6,75.5,0.75,0.29,C0M760
嘉義梅山,23.585398,120.555587,0.16,15.77,2.07,83.17,0.67,0.15,C0M770
鹿草,23.41134,120.30835,0.1,16.28,-0.05,76.0,0.5,0.19,C0M780
新港,23.553269,120.345728,-0.12,15.95,-0.53,76.17,0.83,0.37,C0M790
茶山,23.299075,120.664767,0.5,16.8,6.4,87.5,1.75,0.75,C0M800
里佳,23.389125,120.716647,0.63,12.37,6.06,89.33,4.58,2.98,C0M810
達邦,23.453994,120.749517,0.69,14.43,10.5,88.5,4.58,3.22,C0M820
表湖,23.24186,120.64166,-0.54,14.67,10.67,90.5,1.5,0.98,C0M850
北寮,23.079561,120.495008,-0.25,16.95,6.36,89.0,1.25,0.91,C0O830
王爺宮,23.222064,120.40085,1.56,18.03,-8.55,76.33,0.08,-0.44,C0O840
大內,23.11885,120.36083,0.53,18.08,2.01,83.33,0.08,-0.18,C0O860
善化,23.112883,120.297219,-0.61,17.02,1.48,84.83,0.0,-0.42,C0O900
崎頂,22.959547,120.369317,-0.1,16.78,5.29,87.17,1.17,1.02,C0O960
虎頭埤,23.021375,120.347878,-0.66,16.5,0.66,83.0,0.33,0.14,C0O970
新市,23.061614,120.298197,0.15,17.67,-2.12,77.67,0.08,-0.18,C0O980
媽廟,22.99175,120.293525,-0.69,16.92,9.47,89.17,0.25,0.09,C0O990
尾寮山,22.833111,120.683889,-1.15,13.62,3.65,90.33,2.5,1.97,C0R100
阿禮,22.742908,120.743678,-0.35,14.35,9.49,86.33,0.75,0.29,C0R130
瑪家,22.682903,120.686639,-0.97,14.7,14.01,97.5,0.58,0.17,C0R140
三地門,22.709889,120.639944,-0.87,18.88,-5.65,68.17,1.58,1.09,C0R150
鹽埔,22.739558,120.530778,-0.34,18.28,3.18,85.33,2.58,2.07,C0R160
赤山,22.592333,120.614306,-0.02,18.95,11.09,90.5,0.58,0.4,C0R190
潮州,22.534361,120.54,-0.12,19.5,0.3,78.33,0.75,0.46,C0R220
來義,22.527306,120.625111,-0.76,17.98,9.77,91.33,0.5,0.29,C0R240
琉球嶼,22.332244,120.362236,-1.74,18.68,-1.94,75.67,0.17,-0.3,C0R270
車城,22.0744,120.716247,-1.18,19.55,4.62,75.5,0.08,0.08,C0R320
牡丹,22.130036,120.792639,-1.1,17.02,8.96,91.83,0.67,0.6,C0R341
貓鼻頭,21.921774,120.7358,-1.37,19.65,4.17,77.17,0.08,-0.18,C0R350
大漢山,22.405264,120.753181,0.46,9.28,2.12,98.0,1.58,1.21,C0R440
高樹,22.826389,120.600806,-0.33,18.62,1.46,79.33,2.17,1.72,C0R470
長治,22.693128,120.542622,0.31,19.42,2.15,81.17,1.67,1.5,C0R480
九如,22.7405,120.490503,0.08,19.02,-5.48,77.5,2.0,1.65,C0R490
崁頂,22.514781,120.506914,-0.54,18.68,-2.43,78.5,0.5,0.33,C0R520
佳冬,22.419456,120.552375,-0.31,18.95,1.85,80.5,0.08,-0.1,C0R540
新埤,22.467947,120.582894,-0.42,18.82,-2.7,76.83,0.08,-0.1,C0R550
新園,22.5434,120.461558,0.29,19.37,-5.43,72.0,0.83,0.65,C0R560
麟洛,22.65078,120.52719,0.67,20.02,5.74,81.83,1.42,1.18,C0R570
南州,22.48591,120.50274,-0.8,18.37,2.76,80.67,1.0,0.87,C0R580
里港,22.77919,120.49459,-0.51,18.25,1.88,79.67,1.67,1.37,C0R590
舊泰武,22.588194,120.664944,-0.96,14.9,8.16,94.0,1.0,0.55,C0R600
墾雷,21.900836,120.855269,-1.19,19.47,12.82,88.67,0.58,-0.82,C0R620
東港,22.46247,120.44074,-2.11,19.05,1.23,77.67,0.58,0.11,C0R640
竹田,22.58486,120.54344,-1.76,19.1,-1.48,77.33,0.75,0.72,C0R650
枋寮,22.367722,120.590647,-0.13,19.17,9.62,84.0,0.0,0.0,C0R660
楓港,22.190131,120.692156,-1.81,19.32,5.08,69.33,0.08,0.08,C0R670
佳樂水,21.993578,120.861633,-2.06,19.37,7.54,80.67,2.92,0.6,C0R680
墾丁,21.966756,120.810269,-1.25,17.53,4.08,85.33,0.42,-0.27,C0R690
枋山,22.246844,120.661086,-1.07,19.45,7.33,74.33,0.0,0.0,C0R700
旭海,22.205403,120.887614,-2.05,17.0,20.21,97.83,3.17,-0.9,C0R720
下馬,23.150427,121.070312,2.69,15.9,10.88,96.0,6.0,6.0,C0S660
太麻里,22.60902,120.98533,-1.51,14.65,5.96,88.33,0.92,-0.88,C0S690
知本,22.684866,121.005642,-1.47,14.48,7.96,93.83,1.25,-0.67,C0S700
鹿野,22.917711,121.122994,-1.46,14.5,7.62,91.0,2.0,0.75,C0S710
綠島,22.6672,121.47533,-1.56,17.73,13.58,93.33,4.5,-2.81,C0S730
池上,23.119628,121.209469,-1.59,14.93,5.25,90.0,1.67,0.76,C0S740
向陽,23.248397,120.986133,4.81,11.4,6.25,95.0,13.5,10.82,C0S750
大溪山,22.478475,120.943325,-1.5,15.42,2.5,87.5,2.42,0.22,C0S770
金崙,22.538122,120.966875,-1.99,16.83,5.62,84.5,0.75,-1.06,C0S790
東河,22.972672,121.303986,-3.86,16.25,-0.88,75.5,0.0,-2.95,C0S810
長濱,23.286817,121.411975,-2.31,15.62,7.71,85.83,2.33,-0.2,C0S830
南田,22.279725,120.889208,-2.04,18.75,19.25,97.5,2.25,1.02,C0S840
關山,23.0395,121.175017,-0.53,15.78,2.75,87.5,3.0,2.44,C0S890
蘭嶼高中,22.04909,121.51214,-2.6,19.72,6.71,79.33,5.67,-0.18,C0S900
蘭嶼燈塔,22.081197,121.503117,-2.74,18.07,3.44,88.0,5.17,1.14,C0S910
金峰嘉蘭,22.594789,120.960825,-1.42,17.23,8.29,86.17,1.25,0.31,C0S920
延平,22.902581,121.084058,-1.39,15.75,8.67,87.67,3.33,3.15,C0S930
石寧山,23.223772,121.406639,-2.07,16.13,12.0,90.0,3.17,2.85,C0S940
七塊厝,22.954453,121.229922,-0.17,15.9,14.62,100.0,14.0,13.94,C0S950
香蘭,22.587569,120.993375,-2.54,17.2,5.5,75.5,0.0,-2.81,C0S960
加津林,22.416211,120.926942,-1.22,18.67,5.21,76.83,1.08,-1.54,C0S970
勝林山,22.430439,120.8938,-2.21,11.42,4.83,99.33,3.25,2.88,C0S980
山豬窟,22.318619,120.857372,-2.05,15.35,8.29,88.17,2.42,2.04,C0S990
歷坵,22.520969,120.89185,-1.0,14.87,5.88,93.5,1.42,0.79,C0SA00
檳榔四格山,22.810031,121.109308,-1.63,14.93,9.58,92.33,1.25,1.0,C0SA10
金崙山,22.567419,120.959667,-1.19,12.15,2.83,95.83,2.58,0.77,C0SA20
都歷,23.020333,121.323642,-1.44,17.43,24.5,96.5,1.58,1.52,C0SA30
瑞和,22.974361,121.156697,-0.94,15.85,12.42,96.17,3.0,2.44,C0SA40
土坂,22.453108,120.887572,-0.89,17.05,7.17,88.67,2.08,2.02,C0SA80
大禹嶺,24.186117,121.316086,-1.56,3.08,14.69,88.17,4.5,1.12,C0T790
天祥,24.179597,121.495639,-1.37,13.02,5.25,89.0,1.25,-0.74,C0T820
鯉魚潭,23.935639,121.508944,-1.56,14.55,4.08,94.17,5.67,2.49,C0T870
西林,23.8119,121.441458,-1.34,15.23,7.33,92.33,2.42,-0.34,C0T900
光復,23.660694,121.424964,-1.07,15.7,0.29,89.33,2.0,-0.69,C0T960
月眉山,23.809928,121.539828,-1.36,13.27,2.04,95.83,4.5,0.63,C0T9A0
水源,23.991861,121.537169,-1.76,12.53,5.04,95.83,7.33,2.19,C0T9B0
和中,24.26676,121.74103,-2.0,16.18,14.67,96.83,1.5,-2.41,C0T9D0
大坑,23.880628,121.581981,-1.92,13.52,3.46,93.67,4.83,1.05,C0T9E0
水璉,23.797131,121.542514,-2.58,14.78,8.42,91.67,3.42,-0.02,C0T9F0
鳳林山,23.735269,121.420131,-2.99,12.48,-0.08,96.17,3.42,-0.41,C0T9G0
加路蘭山,23.682947,121.5274,-2.11,11.75,3.25,99.83,8.75,1.29,C0T9H0
靜浦,23.455167,121.495028,-1.59,16.0,6.71,89.83,6.08,0.49,C0T9M0
富里,23.171639,121.249378,1.76,18.1,14.38,100.0,11.0,10.88,C0T9N0
雙連埤,24.753033,121.641303,-2.14,11.2,-1.44,95.0,7.58,1.88,C0U520
礁溪,24.817539,121.765608,-1.38,15.12,2.69,85.5,4.67,-0.5,C0U600
玉蘭,24.675286,121.587061,-1.39,12.32,-0.71,88.17,10.58,3.5,C0U650
太平山,24.505486,121.525656,-1.79,4.93,4.67,95.17,7.5,2.72,C0U710
南山,24.43742,121.38167,-3.05,8.13,2.58,97.33,3.33,2.27,C0U720
東澳,24.52196,121.83318,-2.58,15.07,10.98,97.17,14.08,4.9,C0U760
南澳,24.44935,121.81022,-2.24,15.77,6.58,80.33,3.92,0.08,C0U770
五結,24.68637,121.79794,-1.61,14.8,2.29,84.83,3.0,-4.4,C0U780
頭城,24.85323,121.8308,-0.45,15.23,5.44,87.5,6.0,2.95,C0U860
大礁溪,24.791042,121.675047,-0.2,12.22,4.12,93.33,6.58,1.52,C0U870
三星,24.66812,121.65302,-0.43,14.42,5.42,93.5,3.92,0.33,C0U890
內城,24.71813,121.68766,-0.2,14.88,0.83,87.83,3.75,0.12,C0U900
冬山,24.63373,121.7937,-0.15,15.33,14.17,95.0,3.75,-0.02,C0U910
羅東,24.68184,121.74934,0.14,15.15,-0.33,85.5,2.25,-1.06,C0U940
鶯子嶺,24.89754,121.79244,0.08,8.52,-4.0,94.33,15.92,5.6,C0U950
翠峰湖,24.510856,121.608044,-0.47,4.08,-0.62,96.0,4.75,1.33,C0U960
大福,24.80064,121.81389,-0.57,14.95,1.27,83.33,3.0,-0.35,C0U970
坪林石牌,24.86478,121.77396,0.14,11.25,-2.17,95.17,9.0,3.54,C0U980
員山,24.74435,121.72247,-0.45,15.05,3.62,87.5,3.5,-0.17,C0U990
土場,24.576533,121.495333,-0.16,12.97,-1.46,88.5,2.0,-0.54,C0UA00
鴛鴦湖,24.590269,121.412228,-0.2,5.58,3.04,99.17,10.17,5.08,C0UA10
白嶺,24.527819,121.519031,-0.53,6.8,2.25,99.33,9.67,3.77,C0UA30
西德山,24.560647,121.752608,-3.06,8.17,2.12,99.5,9.75,4.09,C0UA40
西帽山,24.555361,121.802628,-2.61,9.87,-1.43,95.5,27.92,18.48,C0UA50
樟樹山,24.41393,121.78325,-2.51,11.92,8.22,98.33,7.33,2.39,C0UA60
桃源谷,24.962606,121.888875,-0.43,11.15,-0.41,95.5,38.75,21.23,C0UA70
復興,23.222403,120.806089,0.07,16.48,9.2,84.0,4.0,3.19,C0V210
溪埔,22.738578,120.446797,-1.74,16.8,-1.15,76.33,0.5,0.29,C0V350
內門,22.975481,120.466769,0.54,17.88,3.72,83.17,0.92,0.68,C0V360
古亭坑,22.893178,120.401947,-0.94,16.95,4.59,85.67,1.0,0.66,C0V370
阿公店,22.804194,120.355528,-0.79,16.87,-0.75,81.0,1.0,0.79,C0V400
鳳山,22.646653,120.356122,-0.98,17.77,10.9,84.67,1.75,1.55,C0V440
鳳森,22.545064,120.392592,-0.5,18.45,2.75,76.5,0.83,0.76,C0V450
新興,22.627422,120.298803,-0.99,18.43,1.13,73.67,1.5,1.34,C0V490
梓官,22.760558,120.267211,-0.66,17.52,-0.3,76.0,0.33,0.24,C0V610
永安,22.82315,120.236856,-0.83,17.05,-1.73,76.17,0.42,0.34,C0V620
茄萣,22.906642,120.182608,-0.58,17.05,4.15,77.33,0.25,0.03,C0V630
湖內,22.887139,120.2445,-0.94,16.85,-1.92,75.33,0.42,0.36,C0V640
彌陀,22.783806,120.246361,-0.42,17.8,-0.15,77.17,0.58,0.49,C0V650
岡山,22.797078,120.294958,-0.29,18.15,-0.63,74.33,0.83,0.7,C0V660
仁武,22.701083,120.347722,-0.58,18.18,1.01,76.33,2.08,1.85,C0V680
鼓山,22.623325,120.275575,-0.75,18.0,2.23,78.0,1.75,1.49,C0V690
三民,22.645017,120.311233,-0.67,18.55,4.79,75.0,1.67,1.43,C0V700
苓雅,22.622742,120.330669,0.04,19.0,9.64,78.83,1.25,1.07,C0V710
林園,22.507747,120.394511,-0.19,19.9,5.12,74.33,0.75,0.49,C0V720
大寮,22.605614,120.395717,-0.67,18.47,6.17,78.17,1.92,1.81,C0V730
旗山,22.888614,120.483597,0.02,18.27,3.59,80.0,1.83,1.57,C0V740
路竹,22.854997,120.259439,-0.22,17.98,0.21,76.0,0.33,0.2,C0V750
橋頭,22.757806,120.30575,-0.51,18.13,-2.05,74.5,0.83,0.72,C0V760
大社,22.730306,120.346639,-0.86,17.62,3.57,78.33,1.67,1.55,C0V770
萬山,22.905944,120.688056,0.34,18.02,6.62,83.17,1.75,1.18,C0V790
六龜,22.997889,120.633583,0.55,19.03,9.93,86.5,2.42,1.87,C0V800
左營,22.67491,120.28491,-0.34,17.37,-3.57,77.33,1.33,1.13,C0V810
小林,23.148408,120.63325,-1.71,17.12,21.15,89.33,1.25,1.25,C0V820
東莒,25.9652,119.98069,1.29,10.82,-1.41,75.33,0.58,0.37,C0W110
西嶼,23.5626,119.468436,-0.87,15.33,-4.07,80.5,0.92,0.42,C0W120
花嶼,23.40007,119.32276,-0.63,16.02,0.35,79.67,0.17,0.12,C0W130
金寧,24.457703,118.328989,0.32,13.8,-4.7,66.33,0.0,-0.25,C0W150
東河,23.296598,120.385608,0.07,16.4,-4.92,76.0,0.08,-0.4,C0X050
下營,23.22695,120.256261,0.16,16.28,-4.09,75.33,0.25,-0.35,C0X060
佳里,23.173039,120.145086,-1.08,16.27,0.78,78.83,0.33,0.02,C0X080
臺南市北區,23.010394,120.194228,-0.71,16.95,7.3,83.33,0.0,-0.24,C0X100
臺南市南區,22.961189,120.188378,-0.89,17.25,1.59,77.0,0.08,-0.16,C0X110
麻豆,23.183289,120.248611,-0.18,17.13,2.15,83.17,0.0,-0.39,C0X120
官田,23.193217,120.315422,-0.42,17.08,0.33,79.83,0.08,-0.32,C0X130
西港,23.125608,120.203108,-1.1,16.23,2.81,82.33,0.17,-0.35,C0X140
安定,23.102614,120.227839,-0.6,16.47,1.68,84.0,0.08,-0.6,C0X150
仁德,22.968258,120.257689,-0.2,17.7,3.14,79.33,0.17,0.02,C0X160
關廟,22.963017,120.327797,-1.31,16.43,5.46,82.33,0.25,0.12,C0X170
山上,23.0757,120.363253,-0.37,16.85,-1.29,81.33,0.42,0.16,C0X180
安平,22.993161,120.152181,-0.93,16.68,-3.95,75.5,0.0,-0.21,C0X190
左鎮,23.056758,120.408522,0.6,17.43,-1.41,81.5,0.25,0.04,C0X200
白河,23.347466,120.414427,-0.01,16.32,-1.48,77.67,0.17,-0.32,C0X210
學甲,23.230367,120.182187,-0.01,16.0,0.11,77.83,0.5,0.25,C0X220
鹽水,23.272621,120.247641,-0.05,15.82,-0.71,79.67,0.33,0.05,C0X230
關子嶺,23.331169,120.508025,0.35,14.78,5.68,91.83,0.5,-0.31,C0X240
新營,23.310689,120.316681,0.52,16.35,1.19,78.17,0.25,-0.06,C0X250
後壁,23.366358,120.362326,0.14,16.27,-2.5,76.5,0.33,0.05,C0X260
將軍,23.214999,120.13577,-0.31,15.77,-1.62,76.5,0.17,-0.08,C0X280
北門,23.267772,120.125481,-0.4,15.8,-0.23,78.17,0.42,0.17,C0X290
鹿寮,23.386047,120.477331,0.18,16.2,3.19,86.17,0.25,-0.41,C0X300
柳營,23.253328,120.375253,-0.17,16.87,-2.46,74.67,0.0,0.0,C0X320
明里,23.208717,121.262342,-1.47,15.15,3.46,92.5,0.0,-0.77,C0Z020
佳心,23.34567,121.21316,-1.77,11.3,8.92,99.0,1.67,0.31,C0Z050
玉里,23.3215,121.339656,-1.9,15.33,6.92,94.5,2.67,1.36,C0Z061
舞鶴,23.46811,121.37407,-1.38,14.53,9.33,100.0,1.67,0.07,C0Z070
富源,23.587642,121.378225,-1.3,14.53,2.17,93.83,2.08,0.06,C0Z080
東華,23.89525,121.549833,-0.77,16.23,1.67,90.0,1.17,-0.24,C0Z100
吉安光華,23.930925,121.595153,-0.36,16.45,-6.69,75.5,1.58,-0.63,C0Z150
鳳林,23.746114,121.453411,-0.6,15.48,0.92,85.33,1.42,-0.42,C0Z160
卓溪,23.3443,121.3029,-1.15,15.22,6.29,89.0,1.17,0.69,C0Z170
新城,24.03946,121.60454,-0.83,16.34,2.57,80.4,0.5,-1.44,C0Z180
富世,24.14743,121.6297,-0.83,16.1,3.17,85.33,2.17,-1.77,C0Z190
萬榮,23.709219,121.420106,-0.39,15.33,-3.67,86.67,1.42,0.17,C0Z200
瑞穗,23.5239,121.39021,-0.18,15.48,4.58,91.5,1.83,0.65,C0Z210
和平林道,24.343922,121.656317,-0.67,12.13,0.08,89.17,1.0,-0.42,C0Z220
和平,24.30717,121.77007,-1.14,15.77,2.62,75.0,5.33,0.44,C0Z230
瑞穗林道,23.49284,121.30688,0.72,11.13,2.71,99.5,7.08,3.1,C0Z250
蕃薯寮,23.73835,121.540108,-0.76,13.9,5.48,90.67,5.17,2.08,C0Z270
德武,23.47426,121.41071,-1.03,14.8,2.62,92.83,2.33,1.79,C0Z280
赤柯山,23.36893,121.38293,-0.87,10.43,3.46,99.5,6.5,4.62,C0Z290
東里,23.26853,121.30547,-0.61,15.38,-0.12,89.5,2.08,1.27,C0Z300
清水斷崖,24.218294,121.689142,-1.19,15.73,3.21,85.5,0.33,-0.9,C0Z310
清水林道,23.27125,121.188272,-2.12,12.53,4.15,93.33,4.75,3.06,C0Z320
安通山,23.290728,121.348528,-3.5,12.77,8.17,96.67,4.0,3.16,C0Z330
口湖工作站,23.589978,120.180394,-2.16,15.82,-3.67,71.33,0.17,0.09,12J990
東港工作站,22.479997,120.466058,-2.02,19.05,-0.33,65.17,0.75,0.66,12Q970
恆春工作站,22.079678,120.714425,-2.1,19.93,0.58,66.83,0.0,0.0,12Q980
萬大發電廠,23.978875,121.139639,-1.41,13.28,8.2,85.0,5.08,5.08,42HA10
桃改樹林分場,24.944503,121.386972,-0.87,14.88,-1.29,76.83,6.17,3.17,72AI40
桃園農改場,24.950944,121.030583,-0.17,14.63,-5.16,79.5,2.42,-0.62,72C440
桃改五峰分場,24.612194,121.157167,-1.03,9.95,-0.69,88.5,6.0,2.0,72D080
臺中農改場,24.003028,120.534389,-0.62,15.93,-1.69,77.83,0.75,-0.14,72G600
中改埔里分場,23.903208,120.963364,-1.31,14.68,11.96,91.83,4.25,4.25,72HA00
南改斗南分場,23.634556,120.477333,-0.27,16.58,-2.98,78.0,1.67,0.86,72K220
南改義竹分場,23.360694,120.279361,-0.94,15.98,-3.12,77.0,0.42,0.06,72M360
南改鹿草分場,23.416869,120.283061,-2.22,16.15,-2.04,76.33,0.58,0.55,72M700
臺南農改場,23.0605,120.342194,-1.1,16.48,1.96,81.83,0.17,-0.01,72N100
七股研究中心,23.081672,120.062894,-2.69,16.18,-2.02,78.67,0.17,0.07,72N240
高雄農改場,22.709333,120.525889,-0.99,18.67,4.83,82.83,1.58,1.22,72Q010
東改班鳩分場,22.829528,121.077694,-1.35,16.03,1.37,80.83,1.5,0.31,72S200
東改賓朗果園,22.813889,121.071278,-2.1,15.72,-2.97,84.33,1.5,0.38,72S590
花蓮農改場,23.975222,121.563889,-1.25,16.15,1.46,83.17,3.83,1.6,72T250
花改蘭陽分場,24.686306,121.716583,-0.93,15.17,-1.97,82.0,2.58,-2.84,72U480
高改旗南分場,22.857861,120.516667,-1.57,17.7,7.08,80.17,1.92,1.68,72V140
茶改北部分場,24.955778,121.631222,-0.5,12.35,-0.41,87.33,12.42,4.51,82A750
茶改場,24.908472,121.185333,-0.79,13.37,-2.85,83.0,5.92,1.44,82C160
茶改中部分場,23.875611,120.913583,-2.21,13.12,7.65,91.17,3.17,1.76,82H320
茶改南部分場,23.762528,120.7405,-1.36,14.23,2.49,90.83,2.67,1.76,82H840
茶改東部分場,22.907694,121.130139,-2.8,15.05,-4.02,76.75,0.12,-0.84,82S580
農工中心,24.985917,121.239833,-0.54,14.17,-0.18,80.5,5.75,1.52,A2C560
水試臺西試驗場,23.717231,120.190522,-0.75,15.8,-0.93,81.17,0.92,0.84,A2K360
臺大雲林校區,23.730628,120.423903,-0.23,15.85,-1.08,77.17,1.17,1.17,A2K630
臺南蘭花園區,23.340258,120.379661,-0.02,16.63,0.92,78.17,0.08,0.08,A2N290
畜試北區分所,24.527806,120.770972,0.24,14.13,-2.33,82.17,1.33,0.56,B2E890
畜產試驗所,23.058972,120.336406,-1.15,16.32,1.47,82.0,0.33,0.08,B2N890
畜試南區分所,21.945583,120.802167,-1.94,19.3,0.06,73.5,0.5,-0.2,B2Q810
畜試東區分所,24.669039,121.832561,-0.9,15.15,7.08,88.33,3.5,1.12,B2U990
蓮華池,23.918333,120.885278,-1.36,14.13,5.22,91.33,2.5,1.42,E2H360
林試畢祿溪站,24.226944,121.308522,0.85,6.77,15.62,89.0,5.25,4.31,E2HA20
四湖植物園,23.676986,120.163433,-1.96,15.93,4.73,85.5,0.58,0.58,E2K600
林試六龜中心,22.991703,120.645722,0.67,17.72,14.5,87.0,1.83,1.83,E2P980
林試太麻里2,22.598,120.99775,-0.93,18.22,1.71,75.83,0.67,-1.4,E2S960
林試太麻里1,22.598922,120.980044,-1.02,17.43,4.92,80.17,0.83,-0.35,E2S980
農試所(霧峰),24.031261,120.688133,-0.64,16.5,0.29,80.33,1.33,0.45,G2F820
農試嘉義分所,23.485028,120.473806,-1.2,15.85,-2.01,79.33,0.25,-0.28,G2L020
農試鳳山分所,22.646611,120.356083,-1.79,17.88,2.97,75.83,1.58,1.34,G2P820
苗栗農改場,24.495722,120.829111,-0.94,13.82,-1.22,83.0,2.42,0.35,K2E360
苗改生物防治研究中心,24.422861,120.871833,-1.46,13.18,-3.28,81.17,1.0,0.25,K2E710
種苗改良場,24.225972,120.800917,-0.44,13.97,3.62,84.5,1.67,-0.16,K2F750
溪頭,23.670306,120.798194,-1.35,11.18,10.5,97.33,5.42,3.84,U2H480
臺大和社,23.590856,120.888864,-1.51,14.0,17.65,91.83,1.58,1.58,U2HA30
臺大內茅埔,23.689722,120.851117,-2.61,14.53,16.38,90.0,2.33,2.33,U2HA40
臺大竹山,23.756972,120.681556,0.06,15.83,-2.88,81.17,1.83,0.75,U2HA50
臺大竹山,23.756972,120.681556,0.06,15.83,-2.88,81.17,1.83,0.75,U2HA50
臺大內茅埔,23.689722,120.851117,-2.61,14.53,16.38,90.0,2.33,2.33,U2HA40
臺大和社,23.590856,120.888864,-1.51,14.0,17.65,91.83,1.58,1.58,U2HA30
臺大溪頭,23.670306,120.798194,-1.35,11.18,10.5,97.33,5.42,3.84,U2H480
種苗繁殖,24.225972,120.800917,-0.44,13.97,3.62,84.5,1.67,-0.16,K2F750
苗改生物防治研究中心,24.422861,120.871833,-1.46,13.18,-3.28,81.17,1.0,0.25,K2E710
苗栗農改,24.495722,120.829111,-0.94,13.82,-1.22,83.0,2.42,0.35,K2E360
農試鳳山分所,22.646611,120.356083,-1.79,17.88,2.97,75.83,1.58,1.34,G2P820
農試嘉義分所,23.485028,120.473806,-1.2,15.85,-2.01,79.33,0.25,-0.28,G2L020
農業試驗所,24.031261,120.688133,-0.64,16.5,0.29,80.33,1.33,0.45,G2F820
林試太麻里1,22.598922,120.980044,-1.02,17.43,4.92,80.17,0.83,-0.35,E2S980
林試太麻里2,22.598014,120.989761,-0.93,18.22,1.71,75.83,0.67,-1.4,E2S960
林試六龜中心,22.991703,120.645722,0.67,17.72,14.5,87.0,1.83,1.83,E2P980
四湖植物園,23.676986,120.163433,-1.96,15.93,4.73,85.5,0.58,0.58,E2K600
林試畢祿溪站,24.226944,121.308522,0.85,6.77,15.62,89.0,5.25,4.31,E2HA20
蓮華池,23.918333,120.885278,-1.36,14.13,5.22,91.33,2.5,1.42,E2H360
畜試東區分所,24.669039,121.832561,-0.9,15.15,7.08,88.33,3.5,1.12,B2U990
畜試南區分所,21.945583,120.802167,-1.94,19.3,0.06,73.5,0.5,-0.2,B2Q810
畜試所,23.058972,120.336406,-1.15,16.32,1.47,82.0,0.33,0.08,B2N890
畜試北區分所,24.527806,120.770972,0.24,14.13,-2.33,82.17,1.33,0.56,B2E890
臺南蘭花園區,23.340258,120.379661,-0.02,16.63,0.92,78.17,0.08,0.08,A2N290
臺大雲林校區,23.730628,120.423903,-0.23,15.85,-1.08,77.17,1.17,1.17,A2K630
水試臺西試驗場,23.717231,120.190522,-0.75,15.8,-0.93,81.17,0.92,0.84,A2K360
農工中心,24.985917,121.239833,-0.54,14.17,-0.18,80.5,5.75,1.52,A2C560
茶改東部分場,22.907694,121.130139,-2.8,15.05,-4.02,76.75,0.12,-0.84,82S580
茶改南部分場,23.762528,120.7405,-1.36,14.23,2.49,90.83,2.67,1.76,82H840
茶改中部分場,23.875611,120.913583,-2.21,13.12,7.65,91.17,3.17,1.76,82H320
茶改場,24.908472,121.185333,-0.79,13.37,-2.85,83.0,5.92,1.44,82C160
茶改北部分場,24.955778,121.631222,-0.5,12.35,-0.41,87.33,12.42,4.51,82A750
高改旗南分場,22.857861,120.516667,-1.57,17.7,7.08,80.17,1.92,1.68,72V140
花改蘭陽分場,24.686306,121.716583,-0.93,15.17,-1.97,82.0,2.58,-2.84,72U480
花蓮農改,23.975222,121.563889,-1.25,16.15,1.46,83.17,3.83,1.6,72T250
東改賓朗果園,22.813889,121.071278,-2.1,15.72,-2.97,84.33,1.5,0.38,72S590
東改班鳩分場,22.829528,121.077694,-1.35,16.03,1.37,80.83,1.5,0.31,72S200
高雄農改,22.709333,120.525889,-0.99,18.67,4.83,82.83,1.58,1.22,72Q010
七股研究中心,23.081672,120.062894,-2.69,16.18,-2.02,78.67,0.17,0.07,72N240
臺南農改,23.0605,120.342194,-1.1,16.48,1.96,81.83,0.17,-0.01,72N100
南改鹿草分場,23.416869,120.283061,-2.22,16.15,-2.04,76.33,0.58,0.55,72M700
南改義竹分場,23.360694,120.279361,-0.94,15.98,-3.12,77.0,0.42,0.06,72M360
南改斗南分場,23.634556,120.477333,-0.27,16.58,-2.98,78.0,1.67,0.86,72K220
中改埔里分場,23.903208,120.963364,-1.31,14.68,11.96,91.83,4.25,4.25,72HA00
臺中農改,24.003028,120.534389,-0.62,15.93,-1.69,77.83,0.75,-0.14,72G600
桃改五峰分場,24.612194,121.157167,-1.03,9.95,-0.69,88.5,6.0,2.0,72D080
桃園農改,24.950944,121.030583,-0.17,14.63,-5.16,79.5,2.42,-0.62,72C440
桃改樹林分場,24.944503,121.386972,-0.87,14.88,-1.29,76.83,6.17,3.17,72AI40
萬大發電廠,23.978875,121.139639,-1.41,13.28,8.2,85.0,5.08,5.08,42HA10
恆春工作站,22.079678,120.714425,-2.1,19.93,0.58,66.83,0.0,0.0,12Q980
東港工作站,22.479997,120.466058,-2.02,19.05,-0.33,65.17,0.75,0.66,12Q970
口湖工作站,23.589978,120.180394,-2.16,15.82,-3.67,71.33,0.17,0.09,12J990
