站名,緯度,經度,平均溫距平,本年度平均溫,平均溼度距平,本年度日均相對溼度,本年度日均降水量,日均降水量距平,站號
淡水,25.164889,121.448906,-0.21,15.52,-8.71,71.04,0.86,-2.46,466900
鞍部,25.182586,121.529731,-1.37,9.07,0.18,91.88,3.69,-6.51,466910
臺北,25.037658,121.514853,-0.38,16.34,-7.88,68.4,0.78,-2.5,466920
竹子湖,25.162078,121.544547,-1.09,11.05,-2.26,85.12,3.2,-4.26,466930
基隆,25.133314,121.740475,-0.4,15.9,-8.97,68.52,2.02,-9.38,466940
花蓮,23.975128,121.613275,-0.69,17.66,-4.05,70.28,0.63,-1.35,466990
新屋,25.006744,121.047486,-0.73,15.68,-7.94,69.28,0.58,-2.61,467050
宜蘭,24.763975,121.756528,-0.93,15.78,-3.12,76.0,0.92,-4.94,467080
金門,24.407306,118.289281,0.49,13.94,-10.4,60.6,0.01,-1.17,467110
澎湖,23.565503,119.563094,-0.66,16.35,-3.02,75.36,0.47,-0.17,467350
臺南,22.993239,120.204772,-0.83,17.07,-3.15,71.35,0.25,-0.47,467410
永康,23.038386,120.2367,-0.55,17.03,-0.39,73.31,0.22,-0.5,467420
嘉義,23.495925,120.432906,-0.83,16.2,2.98,80.12,1.07,0.18,467480
臺中,24.145736,120.684075,-0.49,16.68,-3.97,70.2,1.03,-0.2,467490
阿里山,23.508208,120.813242,-1.42,5.31,2.95,82.96,3.81,0.85,467530
大武,22.355675,120.903789,-1.25,19.27,-1.83,68.28,1.21,-0.21,467540
玉山,23.487614,120.959522,0.16,0.1,-1.24,58.8,6.08,3.86,467550
新竹,24.827853,121.014219,-0.12,15.83,-10.05,67.57,0.69,-1.92,467571
恆春,22.003897,120.746339,-1.17,19.99,-1.64,67.92,0.66,-0.05,467590
成功,23.097486,121.373428,-0.74,18.25,-2.5,71.48,1.12,-1.36,467610
日月潭,23.881325,120.90805,-1.0,13.43,6.75,83.12,1.79,-0.11,467650
臺東,22.752211,121.154586,-1.09,18.54,-1.15,69.72,0.78,-0.48,467660
馬祖,26.169269,119.923419,0.78,11.19,-7.62,72.36,0.0,-1.61,467990
山佳,24.974944,121.402008,0.12,16.35,-9.45,72.52,1.04,-2.12,C0A520
坪林,24.938183,121.70975,-1.11,12.71,-11.12,80.91,1.24,-2.82,C0A530
泰平,24.971197,121.823711,-0.97,11.84,-2.47,92.6,4.78,-9.34,C0A550
桶後,24.848222,121.597992,-0.99,12.26,-2.97,91.28,2.24,-3.43,C0A570
石碇,24.993969,121.662917,-0.34,13.98,-8.6,80.96,1.56,-3.8,C0A640
大坪,25.165914,121.632969,-0.09,13.3,-3.92,88.6,5.92,-19.64,C0A860
五指山,25.132153,121.608692,0.41,11.82,-1.53,92.32,4.26,-5.07,C0A870
雙溪,25.036003,121.864242,0.24,15.36,-6.39,85.08,2.18,-9.07,C0A890
三和,25.233153,121.595236,-1.09,13.88,-5.99,80.08,3.8,-13.34,C0A931
金山,25.223628,121.643967,0.98,16.62,-12.45,70.48,2.02,-6.53,C0A940
鼻頭角,25.129036,121.923372,0.09,16.73,-6.47,73.08,0.8,-2.86,C0A950
三貂角,25.007606,122.002058,-0.17,16.17,-11.96,74.6,2.14,-4.8,C0A970
社子,25.109508,121.469681,0.27,16.8,-3.04,74.28,0.6,-1.82,C0A980
天母,25.117494,121.537169,-0.41,16.29,-9.43,64.92,0.58,-1.53,C0A9C0
內湖,25.079422,121.57545,-0.42,16.21,1.87,80.4,0.6,-1.93,C0A9F0
大屯山,25.175675,121.522408,-0.22,8.84,1.53,97.24,2.64,-4.47,C0AC40
三峽,24.939025,121.369728,0.71,16.98,-8.26,72.52,1.1,-3.09,C0AC60
信義,25.037822,121.564597,0.8,17.12,-6.61,72.84,0.8,-2.77,C0AC70
文山,25.00235,121.575728,-0.53,15.44,-10.64,73.68,0.98,-2.8,C0AC80
新莊,25.051478,121.446756,-0.55,16.23,-8.73,65.64,0.66,-2.73,C0ACA0
八里,25.150211,121.403947,-0.32,16.11,-3.08,74.36,0.6,-3.06,C0AD10
蘆洲,25.086594,121.472331,-0.12,16.9,-7.74,66.6,0.56,-2.42,C0AD30
土城,24.973208,121.445169,-0.06,16.08,-5.26,74.4,1.04,-2.49,C0AD40
鶯歌,24.951533,121.346294,0.37,16.43,-8.76,73.09,1.0,-2.63,C0AD50
汐止,25.066881,121.658778,-0.51,15.89,-12.2,72.52,1.74,-4.29,C0AH00
永和,25.01125,121.508111,-0.03,16.96,-2.75,70.92,0.82,-2.12,C0AH10
五分山,25.07125,121.780794,-1.13,11.21,-3.46,93.64,5.84,-10.1,C0AH30
平等,25.129142,121.577086,-2.15,12.91,-11.31,76.08,1.4,-2.66,C0AH40
林口,25.072181,121.38084,-1.26,14.19,-8.37,78.16,0.7,-3.09,C0AH50
松山,25.04871,121.55042,-1.72,16.23,-11.54,59.91,0.28,-3.34,C0AH70
深坑,25.002703,121.628328,-0.84,15.74,-7.02,78.28,1.08,-2.28,C0AH80
福山植物園,24.760717,121.58135,-2.84,10.5,0.69,94.6,2.2,-5.91,C0AH90
五股,25.07445,121.42728,-2.66,14.26,-17.19,74.88,0.62,-1.4,C0AI00
屈尺,24.92184,121.54475,-1.85,15.43,-16.03,68.32,1.6,-1.37,C0AI10
白沙灣,25.283128,121.519058,-0.81,15.89,-7.15,72.96,0.68,-4.18,C0AI20
三重,25.057328,121.500629,-2.04,16.46,-11.99,70.16,0.58,-0.49,C0AI30
石牌,25.115597,121.513139,-1.55,17.17,-3.39,68.0,0.52,-0.67,C0AI40
七堵,25.094819,121.71713,-0.78,16.64,-13.09,74.56,2.58,-5.41,C0B010
基隆嶼,25.19141,121.78391,-1.29,15.8,-4.7,81.24,2.2,-1.95,C0B020
復興,24.820208,121.352281,-0.54,13.16,-6.37,73.8,1.16,-2.35,C0C460
桃園,24.992425,121.323172,-0.21,15.65,-7.12,68.4,1.14,-2.33,C0C480
八德,24.928708,121.283289,-0.7,15.15,-9.65,69.68,1.14,-3.19,C0C490
觀音,25.027072,121.153317,-0.25,14.97,-9.31,70.04,0.72,-3.02,C0C590
蘆竹,25.084275,121.265767,-0.92,15.28,-4.01,74.28,0.76,-3.52,C0C620
大溪,24.882853,121.265547,-0.16,14.49,-4.75,72.88,1.16,-2.14,C0C630
平鎮,24.897503,121.214636,0.09,14.57,-8.1,73.04,0.78,-2.7,C0C650
楊梅,24.912375,121.143047,-0.92,14.89,-6.16,69.48,0.84,-3.12,C0C660
龍潭,24.870056,121.221389,-1.04,13.97,-1.35,78.88,1.08,-3.63,C0C670
龜山,25.02846,121.38656,-1.16,14.53,-9.77,72.64,1.06,-3.05,C0C680
中壢,24.977661,121.256375,-1.39,15.04,-10.19,69.6,0.8,-3.3,C0C700
大溪永福,24.892936,121.324975,-1.2,15.03,-10.2,76.32,1.22,-0.77,C0C710
梅花,24.678347,121.208558,-1.11,12.11,-2.09,82.64,1.56,-1.27,C0D360
峨眉,24.6905,121.017189,-0.65,14.73,-7.39,77.08,1.14,-2.78,C0D430
打鐵坑,24.849664,121.150789,-0.54,13.84,-10.46,75.2,0.86,-2.51,C0D480
橫山,24.71116,121.11693,-1.16,13.5,-1.67,81.68,1.56,-1.71,C0D540
雪霸,24.526972,121.11605,-1.0,7.29,-5.14,71.88,1.94,-2.33,C0D550
竹東,24.767147,121.057881,0.41,15.44,-5.79,69.44,0.82,-2.08,C0D560
寶山,24.735006,121.025192,-0.08,14.77,-6.03,75.2,0.92,-2.45,C0D580
新豐,24.87068,120.97721,-0.1,14.81,-5.93,75.48,0.7,-2.26,C0D590
湖口,24.904794,121.043628,-0.52,15.49,-7.58,69.73,0.8,-1.92,C0D650
新竹市東區,24.798681,120.986942,-1.04,15.3,-7.18,68.2,0.62,-3.03,C0D660
竹南,24.708978,120.888897,0.23,15.89,-5.8,72.6,0.62,-1.34,C0E420
南庄,24.601775,121.000214,-1.06,13.28,2.72,86.48,1.16,-1.87,C0E430
明德,24.583486,120.885411,-0.45,15.23,-9.44,74.36,0.74,-2.21,C0E550
通霄,24.471892,120.704622,-0.76,15.23,-8.26,75.4,0.72,-1.33,C0E590
馬都安,24.451272,120.930192,-0.83,12.06,-3.04,79.4,1.54,-0.57,C0E610
頭份,24.688247,120.912206,0.6,16.5,-5.62,69.6,0.74,-1.75,C0E730
造橋,24.637056,120.864778,-0.77,15.25,-9.2,74.36,0.82,-2.16,C0E740
苗栗,24.564569,120.824575,-0.84,15.32,-7.91,71.04,0.62,-2.21,C0E750
銅鑼,24.489681,120.790853,-1.2,14.34,16.56,100.0,0.31,-2.36,C0E780
西湖,24.562947,120.7485,-0.49,15.08,-7.85,76.28,0.52,-1.6,C0E810
獅潭,24.539133,120.920042,-1.31,13.31,-5.82,80.6,1.14,-1.78,C0E820
苑裡,24.439714,120.653053,-1.24,15.39,-6.86,72.56,0.48,-1.3,C0E830
大河,24.618069,120.948578,-3.45,12.54,-9.87,75.24,1.1,-3.35,C0E850
高鐵苗栗,24.60725,120.826094,-1.44,15.38,-3.55,78.4,0.66,-2.14,C0E870
石岡,24.276061,120.777644,-1.14,15.44,-2.46,82.8,0.88,-0.67,C0F0B0
中坑,24.248517,120.903319,-2.92,12.23,-0.53,80.8,1.7,-1.05,C0F0C0
審馬陣,24.381675,121.4203,-2.59,1.1,2.4,70.72,2.22,-2.14,C0F0D0
南湖圈谷,24.363714,121.444667,-3.57,-3.0,-6.66,73.08,0.0,-8.0,C0F0E0
東勢,24.246428,120.833047,-0.4,15.25,-1.74,79.28,1.22,-0.76,C0F850
大坑,24.173142,120.722289,0.09,17.26,-3.07,73.36,1.04,-0.54,C0F970
神岡,24.272481,120.658314,-1.03,14.83,-11.98,73.72,0.66,-0.95,C0F9I0
大安,24.345061,120.588025,-1.06,15.32,-8.91,74.96,0.52,-0.86,C0F9K0
后里,24.310436,120.729725,-0.56,15.25,-8.51,74.56,0.82,-0.85,C0F9L0
豐原,24.254322,120.720692,0.02,16.18,-5.43,73.76,0.88,-0.81,C0F9M0
大里,24.092464,120.701378,-0.82,17.37,-7.09,66.28,1.16,-0.34,C0F9N0
潭子,24.213106,120.703933,-0.63,16.35,-3.04,75.0,0.82,-0.69,C0F9O0
清水,24.312297,120.562242,-1.11,15.45,-7.72,75.4,0.46,-0.8,C0F9P0
外埔,24.347817,120.705686,0.0,16.04,-8.84,74.88,0.78,-0.77,C0F9Q0
龍井,24.184536,120.528972,-1.01,16.02,-9.98,72.36,0.64,-0.65,C0F9R0
烏日,24.107058,120.624103,-0.83,16.45,-4.92,69.8,1.08,-0.26,C0F9S0
西屯,24.179494,120.641275,-0.97,15.76,-5.14,72.16,0.72,-0.54,C0F9T0
南屯,24.137006,120.637969,-1.13,16.67,-5.47,69.08,0.44,-0.84,C0F9U0
新社,24.200172,120.815806,-0.79,14.28,-5.84,77.56,1.2,-0.8,C0F9V0
大雅(中科園區),24.21528,120.62445,-1.72,15.1,-8.24,75.16,0.68,-1.22,C0F9X0
桃山,24.432739,121.303808,-2.26,1.37,-1.57,61.56,2.18,-0.71,C0F9Y0
雪山東峰,24.388792,121.268675,-2.05,2.32,-3.21,59.12,2.22,-1.76,C0F9Z0
芬園,24.015678,120.6213,-1.56,14.99,1.15,83.08,0.98,-0.41,C0G620
員林,23.946503,120.585597,1.11,18.23,-7.8,71.5,1.15,0.15,C0G650
溪湖,23.94835,120.479122,0.62,17.6,6.96,88.28,0.74,-0.4,C0G660
溪州,23.851589,120.499093,-1.33,16.0,-9.76,71.4,0.8,-1.07,C0G720
二林,23.903325,120.376081,-1.34,15.63,-5.56,82.8,0.68,-0.48,C0G730
大城,23.852487,120.320935,-1.16,15.98,-36.68,44.82,0.7,-0.72,C0G740
福興,24.041289,120.437669,-0.63,16.67,-9.23,70.2,0.8,-0.27,C0G770
秀水,24.03405,120.503869,-0.5,16.76,-4.17,76.76,0.76,-0.42,C0G780
埔鹽,24.000394,120.431683,0.08,16.82,-5.42,78.0,0.72,-0.28,C0G800
埔心,23.947633,120.525456,-0.27,16.89,20.29,99.2,0.8,-0.34,C0G810
田尾,23.901669,120.509389,-0.6,16.33,-1.91,82.28,0.78,-0.42,C0G820
埤頭,23.866003,120.452806,-0.86,16.05,12.65,100.0,0.58,-0.29,C0G830
社頭,23.897647,120.5862,-0.48,17.32,3.02,80.16,0.92,-0.42,C0G860
二水,23.810742,120.6173,1.03,18.48,-0.85,81.04,0.98,-0.26,C0G880
伸港,24.148933,120.484403,-1.08,15.79,-8.31,72.64,0.62,-0.51,C0G890
線西,24.143358,120.443536,-2.4,15.96,-12.52,74.0,0.56,-0.16,C0G900
花壇,24.032076,120.549461,0.86,19.2,-2.19,80.0,0.84,0.19,C0G910
埔里,23.972169,120.952425,-1.43,15.96,-0.33,80.92,1.68,-0.9,C0H890
草屯,23.973672,120.68085,-1.09,16.22,-5.12,73.24,1.08,-0.34,C0H960
昆陽,24.121322,121.273642,-1.09,1.34,-0.54,76.16,2.04,0.46,C0H990
神木村,23.532742,120.843667,-0.9,9.97,3.98,86.68,3.34,0.78,C0H9A0
合歡山,24.143442,121.272547,-0.93,0.02,7.61,78.68,4.1,-1.75,C0H9C0
廬山,24.033311,121.181808,-0.83,10.77,-0.97,75.0,3.0,0.12,C0I010
信義,23.689694,120.851036,-1.77,14.74,2.11,84.16,2.18,0.16,C0I080
竹山,23.761225,120.688156,-0.53,16.04,-0.44,83.52,1.28,-0.08,C0I110
水里,23.812553,120.849792,-1.44,16.14,-3.74,77.76,1.7,-0.11,C0I360
魚池,23.895703,120.94135,-1.37,14.9,-4.77,80.44,1.98,-0.83,C0I370
集集,23.828206,120.801467,-1.63,16.14,-3.19,79.56,1.46,-0.7,C0I380
仁愛,24.022122,121.132206,-1.5,12.18,-1.62,79.32,2.74,-1.28,C0I390
名間,23.837053,120.701447,-1.83,15.5,-5.38,77.64,1.18,-0.56,C0I410
國姓,24.037803,120.855072,-1.75,15.73,-2.68,81.04,1.44,-0.46,C0I420
南投,23.911469,120.687331,-1.43,16.62,-1.91,77.56,1.06,-0.97,C0I460
梅峰,24.085272,121.173572,-1.77,6.44,-2.61,79.32,2.88,-2.83,C0I480
萬大林道,23.928228,121.091411,-2.12,10.3,-3.6,75.96,3.26,-0.01,C0I490
小奇萊,24.131764,121.295717,-2.2,0.8,-2.2,79.36,3.78,-4.69,C0I530
奇萊稜線,24.109231,121.326456,-3.23,-0.97,6.78,80.26,0.0,-3.79,C0I540
崙背,23.75555,120.318925,-1.42,15.8,-10.57,73.08,0.8,-0.63,C0K250
四湖,23.630414,120.227125,-0.48,16.3,-9.55,72.04,0.81,0.15,C0K280
宜梧,23.536281,120.169329,-0.62,16.18,-8.39,74.36,0.88,0.16,C0K291
虎尾,23.719183,120.442036,-0.67,16.18,-5.12,76.72,0.82,-0.06,C0K330
土庫,23.679029,120.395574,-1.2,16.2,-3.85,78.28,0.7,-0.76,C0K390
斗六,23.720583,120.541127,-1.5,16.06,-11.33,73.24,1.08,-0.56,C0K400
北港,23.573957,120.292802,-1.49,16.01,-11.59,72.0,0.84,-0.5,C0K410
西螺,23.800407,120.467394,-1.32,16.0,-8.92,75.04,0.84,-0.82,C0K420
褒忠,23.690938,120.303634,-1.4,15.81,-13.34,70.56,0.74,-0.54,C0K430
二崙,23.772797,120.408944,-1.51,15.64,-7.08,77.4,0.6,-0.51,C0K440
大埤,23.646074,120.431537,-1.44,16.1,-8.03,73.36,0.8,-0.57,C0K450
斗南,23.678734,120.478359,-1.38,16.04,-6.85,75.04,0.98,-0.46,C0K460
林內,23.748675,120.609642,-1.62,15.85,-5.22,79.12,1.22,-0.58,C0K470
莿桐,23.761192,120.502372,-1.53,15.69,-9.16,74.48,0.88,-0.74,C0K480
元長,23.64981,120.315024,-1.38,15.98,-7.17,74.56,0.78,-0.51,C0K500
水林,23.572924,120.24597,-1.25,16.18,-8.2,73.48,0.86,-0.44,C0K510
臺西,23.701547,120.197559,-1.39,15.98,-7.66,75.16,0.6,-0.45,C0K530
蔦松,23.514319,120.229736,-1.5,16.0,-7.9,75.72,0.9,-0.33,C0K550
棋山,23.68645,120.603417,-1.61,15.96,-2.43,82.04,1.28,-0.81,C0K560
高鐵雲林,23.737456,120.417944,-1.94,15.75,-11.76,77.6,0.66,0.3,C0K580
東後寮,23.369908,120.248065,-1.55,15.92,-6.3,76.52,0.8,-0.38,C0M520
奮起湖,23.493903,120.699253,-0.4,11.9,2.28,88.4,1.8,0.08,C0M530
中埔,23.42538,120.5229,-1.59,15.97,-5.6,78.04,0.94,-0.6,C0M640
朴子,23.43463,120.23902,-2.14,15.45,-4.17,77.24,1.04,-0.14,C0M650
溪口,23.604131,120.403569,-1.4,16.06,-10.24,73.12,0.88,-0.5,C0M660
大林,23.600616,120.45841,-1.46,16.23,-7.71,73.04,1.18,-0.42,C0M670
太保,23.455062,120.331455,-1.71,16.08,-9.86,72.4,1.04,-0.3,C0M680
水上,23.419734,120.388909,-1.5,16.22,-2.5,78.72,0.82,-0.55,C0M690
竹崎,23.526178,120.555508,-1.64,15.92,-2.38,81.96,1.3,-0.46,C0M700
東石,23.458927,120.15385,-1.41,16.17,-8.72,74.2,0.98,-0.21,C0M710
番路,23.464657,120.554156,-1.47,15.59,-1.68,82.92,1.08,-0.53,C0M720
嘉義市東區,23.457673,120.460531,-1.5,17.18,-4.07,73.64,1.24,-0.37,C0M730
六腳,23.492871,120.290625,-1.6,16.0,-8.33,73.2,0.96,-0.4,C0M740
布袋,23.380878,120.167789,-1.33,16.25,-10.79,73.0,0.96,-0.25,C0M750
民雄,23.551754,120.428457,-1.51,16.32,-8.93,73.04,1.06,-0.6,C0M760
嘉義梅山,23.585398,120.555587,-1.59,15.79,-1.35,83.12,1.22,-0.67,C0M770
鹿草,23.41134,120.30835,-1.43,16.36,-7.74,72.76,0.94,-0.33,C0M780
新港,23.553269,120.345728,-1.55,16.13,-7.23,73.28,1.02,-0.43,C0M790
茶山,23.299075,120.664767,-1.31,16.61,1.05,83.32,0.9,-1.18,C0M800
里佳,23.389125,120.716647,-1.51,11.93,0.48,83.6,1.48,-1.63,C0M810
達邦,23.453994,120.749517,-1.28,13.94,3.35,82.32,1.44,-1.3,C0M820
表湖,23.24186,120.64166,-2.67,14.84,2.51,84.44,0.9,0.31,C0M850
北寮,23.079561,120.495008,-1.04,16.85,6.68,89.2,0.52,-0.62,C0O830
王爺宮,23.222064,120.40085,0.85,18.08,-8.76,75.04,0.46,-0.74,C0O840
大內,23.11885,120.36083,-0.29,17.93,0.63,82.32,0.32,-0.68,C0O860
善化,23.112883,120.297219,-0.64,16.84,1.01,83.48,0.28,-0.38,C0O900
崎頂,22.959547,120.369317,-0.64,16.84,3.52,85.68,0.5,-0.38,C0O960
虎頭埤,23.021375,120.347878,-1.2,16.58,-0.36,81.92,0.38,-0.68,C0O970
新市,23.061614,120.298197,-0.42,17.81,-3.61,76.24,0.22,-0.87,C0O980
媽廟,22.99175,120.293525,-1.28,17.01,5.23,85.52,0.34,-0.72,C0O990
尾寮山,22.833111,120.683889,-1.25,13.23,2.77,88.86,1.0,0.11,C0R100
阿禮,22.742908,120.743678,-0.86,14.44,3.71,79.2,1.0,-0.33,C0R130
瑪家,22.682903,120.686639,-1.48,14.7,11.95,95.08,1.0,-0.35,C0R140
三地門,22.709889,120.639944,-0.14,19.34,-9.71,64.32,0.54,-0.04,C0R150
鹽埔,22.739558,120.530778,-0.66,18.6,-1.32,82.72,0.46,-0.48,C0R160
屏東,22.660269,120.494072,0.86,20.5,-6.46,73.0,0.0,-0.86,C0R170
赤山,22.592333,120.614306,-0.7,18.72,6.48,87.6,0.4,-0.78,C0R190
潮州,22.534361,120.54,0.14,19.46,-1.62,77.28,0.3,-0.33,C0R220
來義,22.527306,120.625111,-1.14,18.09,5.16,87.88,0.5,-0.83,C0R240
春日,22.370361,120.628306,-1.1,18.85,-20.51,56.75,0.43,-0.33,C0R260
琉球嶼,22.332244,120.362236,-0.89,19.32,-5.89,72.84,0.62,0.04,C0R270
車城,22.0744,120.716247,-2.39,19.66,-1.68,71.84,0.52,-1.26,C0R320
牡丹,22.130036,120.792639,-2.51,17.13,3.0,88.04,1.0,-0.72,C0R341
貓鼻頭,21.921774,120.7358,-0.99,19.91,-2.56,73.0,0.86,0.16,C0R350
大漢山,22.405264,120.753181,-1.89,8.58,3.64,97.6,2.54,0.08,C0R440
高樹,22.826389,120.600806,-0.77,18.9,-0.8,76.72,0.4,-0.66,C0R470
長治,22.693128,120.542622,-0.28,19.45,-0.72,78.92,0.48,-0.42,C0R480
九如,22.7405,120.490503,-0.46,19.17,-6.83,75.48,0.32,-0.57,C0R490
崁頂,22.514781,120.506914,-1.19,18.67,-5.11,77.24,0.3,-0.76,C0R520
佳冬,22.419456,120.552375,-0.96,18.89,-1.87,79.68,0.42,-0.66,C0R540
新埤,22.467947,120.582894,-1.05,18.66,-5.31,76.12,0.38,-0.98,C0R550
新園,22.5434,120.461558,-0.18,19.56,-7.3,70.84,0.3,-0.94,C0R560
麟洛,22.65078,120.52719,-0.01,20.0,2.91,79.88,0.38,-0.55,C0R570
南州,22.48591,120.50274,-1.28,18.47,-1.55,78.92,0.24,-0.95,C0R580
里港,22.77919,120.49459,-2.97,16.52,-4.71,73.04,0.24,-0.58,C0R590
舊泰武,22.588194,120.664944,-1.5,15.09,4.27,88.68,1.04,-0.56,C0R600
墾雷,21.900836,120.855269,-1.79,20.0,3.78,82.52,1.36,-1.68,C0R620
東港,22.46247,120.44074,-2.13,19.16,-3.65,75.57,0.33,0.03,C0R640
竹田,22.58486,120.54344,-2.09,19.0,-7.45,76.16,0.34,0.02,C0R650
枋寮,22.367722,120.590647,-1.43,19.26,3.26,82.56,0.36,-0.6,C0R660
楓港,22.190131,120.692156,-2.89,19.35,-3.34,64.96,0.56,-1.61,C0R670
佳樂水,21.993578,120.861633,-2.56,20.03,-2.33,73.48,1.3,-1.05,C0R680
墾丁,21.966756,120.810269,-2.32,17.73,-3.29,80.64,1.48,-0.72,C0R690
枋山,22.246844,120.661086,-1.9,19.74,-1.96,68.6,0.4,-1.34,C0R700
旭海,22.205403,120.887614,-2.84,17.53,11.52,93.56,1.92,-1.01,C0R720
太麻里,22.60902,120.98533,-0.93,15.1,-4.79,82.32,1.1,-0.48,C0S690
知本,22.684866,121.005642,-1.23,14.59,0.42,89.68,1.06,-0.63,C0S700
鹿野,22.917711,121.122994,-0.95,14.84,0.67,85.48,0.74,-0.63,C0S710
綠島,22.6672,121.47533,-0.81,18.36,5.28,88.56,2.86,-2.82,C0S730
池上,23.119628,121.209469,-0.92,15.31,-0.82,84.88,0.62,-0.35,C0S740
大溪山,22.478475,120.943325,-1.17,15.69,-4.75,82.44,2.08,-0.09,C0S770
金崙,22.538122,120.966875,-1.16,17.08,-3.54,79.72,1.22,-0.18,C0S790
東河,22.972672,121.303986,-1.9,17.85,-3.13,77.76,0.52,-0.76,C0S810
長濱,23.286817,121.411975,-1.25,16.3,-4.84,77.72,1.26,-0.26,C0S830
南田,22.279725,120.889208,-1.4,19.26,14.31,93.72,1.82,0.34,C0S840
關山,23.0395,121.175017,-1.75,15.99,-0.7,83.56,0.52,-1.19,C0S890
蘭嶼高中,22.04909,121.51214,-2.04,20.18,-0.01,75.92,9.2,-2.97,C0S900
蘭嶼燈塔,22.081197,121.503117,-2.22,18.46,-6.39,84.0,3.44,-2.09,C0S910
金峰嘉蘭,22.594789,120.960825,-2.74,17.25,0.35,82.68,1.36,0.08,C0S920
延平,22.902581,121.084058,-3.0,15.87,4.29,83.48,0.96,0.59,C0S930
石寧山,23.223772,121.406639,-3.0,16.71,1.1,82.8,1.9,-0.36,C0S940
香蘭,22.587569,120.993375,-2.46,18.73,4.05,77.64,0.84,-1.01,C0S960
加津林,22.416211,120.926942,-2.3,19.18,-3.21,70.68,1.3,-0.59,C0S970
勝林山,22.430439,120.8938,-3.68,11.48,0.2,96.72,3.02,0.46,C0S980
山豬窟,22.318619,120.857372,-2.96,15.75,-3.49,81.32,1.74,-1.02,C0S990
歷坵,22.520969,120.89185,-2.35,14.96,-0.5,90.28,1.54,-0.02,C0SA00
檳榔四格山,22.810031,121.109308,-3.03,15.08,2.9,87.68,0.66,-0.08,C0SA10
金崙山,22.567419,120.959667,-2.58,12.2,-3.36,92.16,2.3,-0.2,C0SA20
都歷,23.020333,121.323642,-1.98,18.18,16.07,92.92,0.78,-0.33,C0SA30
瑞和,22.974361,121.156697,-2.56,16.14,8.27,92.12,0.6,0.21,C0SA40
土坂,22.453108,120.887572,-2.21,17.14,0.48,85.48,1.68,0.09,C0SA80
大禹嶺,24.186117,121.316086,-0.96,3.65,1.82,71.36,3.34,-0.37,C0T790
天祥,24.179597,121.495639,-0.66,13.26,-0.7,84.72,0.52,-0.97,C0T820
鯉魚潭,23.935639,121.508944,-1.3,14.75,1.16,90.84,1.88,-0.56,C0T870
西林,23.8119,121.441458,-0.63,15.9,2.31,87.33,1.68,-0.78,C0T900
光復,23.660694,121.424964,-0.68,15.93,-2.84,86.56,0.88,-1.64,C0T960
月眉山,23.809928,121.539828,-0.85,13.68,-2.44,91.2,1.08,-1.94,C0T9A0
水源,23.991861,121.537169,-0.86,13.36,-3.05,87.96,2.3,-1.34,C0T9B0
和中,24.26676,121.74103,-1.05,16.93,9.37,93.72,0.3,-2.0,C0T9D0
大坑,23.880628,121.581981,-0.9,14.22,-2.97,87.84,1.32,-1.85,C0T9E0
水璉,23.797131,121.542514,-1.45,15.53,-0.06,84.68,1.16,-1.24,C0T9F0
鳳林山,23.735269,121.420131,-2.11,13.0,-3.6,90.28,1.58,-1.65,C0T9G0
加路蘭山,23.682947,121.5274,-1.06,12.31,1.56,96.92,4.96,-1.51,C0T9H0
靜浦,23.455167,121.495028,-0.86,16.72,-0.94,85.39,6.69,2.22,C0T9M0
雙連埤,24.753033,121.641303,-1.37,11.34,-7.47,89.76,1.66,-5.07,C0U520
礁溪,24.817539,121.765608,-0.67,15.71,-7.62,76.52,0.62,-4.0,C0U600
玉蘭,24.675286,121.587061,-0.87,12.83,-6.54,81.88,2.58,-3.52,C0U650
太平山,24.505486,121.525656,-1.01,4.96,1.45,92.4,2.92,-1.44,C0U710
南山,24.43742,121.38167,-3.3,8.13,-3.53,93.64,1.82,-1.04,C0U720
東澳,24.52196,121.83318,-1.1,16.04,4.42,91.92,1.86,-5.95,C0U760
南澳,24.44935,121.81022,-1.35,16.61,-4.38,73.36,0.36,-2.55,C0U770
五結,24.68637,121.79794,-1.11,15.37,-4.93,78.24,0.94,-8.21,C0U780
頭城,24.85323,121.8308,-1.88,16.01,-9.36,77.48,0.66,-3.89,C0U860
大礁溪,24.791042,121.675047,-2.01,12.77,-2.34,85.68,1.4,-7.24,C0U870
三星,24.66812,121.65302,-2.06,14.83,3.09,91.76,1.12,-6.9,C0U890
內城,24.71813,121.68766,-1.83,15.4,-5.8,80.76,0.98,-6.13,C0U900
冬山,24.63373,121.7937,-1.49,15.98,6.94,92.52,1.02,-13.66,C0U910
羅東,24.68184,121.74934,-1.48,15.6,-6.07,80.12,0.82,-10.65,C0U940
鶯子嶺,24.89754,121.79244,-2.55,8.32,-6.31,91.36,3.44,-7.66,C0U950
翠峰湖,24.510856,121.608044,-2.65,4.29,4.06,100.0,2.12,-2.13,C0U960
大福,24.80064,121.81389,-2.24,15.53,-5.83,75.56,0.68,-6.26,C0U970
坪林石牌,24.86478,121.77396,-2.11,11.49,-6.07,90.28,1.26,-6.73,C0U980
員山,24.74435,121.72247,-2.05,15.62,-3.93,79.83,0.46,-7.62,C0U990
土場,24.576533,121.495333,-2.33,12.89,-4.24,85.56,1.06,-2.07,C0UA00
鴛鴦湖,24.590269,121.412228,-3.39,5.3,0.61,97.88,4.54,0.0,C0UA10
白嶺,24.527819,121.519031,-2.97,6.79,-0.27,95.64,5.12,-0.39,C0UA30
西德山,24.560647,121.752608,-3.48,8.15,1.74,97.76,5.56,-5.59,C0UA40
西帽山,24.555361,121.802628,-2.81,10.13,-6.49,91.2,7.04,-12.19,C0UA50
樟樹山,24.41393,121.78325,-2.69,12.54,4.88,96.12,0.94,-2.75,C0UA60
桃源谷,24.962606,121.888875,-2.43,11.71,-4.72,91.72,4.38,-7.77,C0UA70
復興,23.222403,120.806089,-0.84,15.84,6.81,81.24,1.82,-0.24,C0V210
美濃,22.898742,120.519153,1.5,20.2,3.44,83.0,0.0,-0.58,C0V310
溪埔,22.738578,120.446797,-0.79,18.25,2.08,81.08,0.28,-0.64,C0V350
內門,22.975481,120.466769,0.35,18.15,-0.52,80.67,0.52,-0.47,C0V360
古亭坑,22.893178,120.401947,-0.69,16.87,1.91,84.56,0.46,-0.07,C0V370
阿公店,22.804194,120.355528,-1.45,16.89,-3.54,78.16,0.32,-0.45,C0V400
鳳山,22.646653,120.356122,-1.28,18.19,5.84,80.29,0.31,-0.62,C0V440
鳳森,22.545064,120.392592,-1.06,18.53,-1.29,74.2,0.22,-0.95,C0V450
新興,22.627422,120.298803,-0.41,18.63,-2.96,70.6,0.26,-0.37,C0V490
阿蓮,22.883208,120.327508,-0.33,18.16,-9.49,73.0,0.32,-0.55,C0V530
梓官,22.760558,120.267211,-1.18,17.72,-4.49,72.76,0.22,-0.45,C0V610
永安,22.82315,120.236856,-1.36,17.23,-5.36,73.52,0.26,-0.49,C0V620
茄萣,22.906642,120.182608,-1.05,17.27,-1.48,74.48,0.26,-0.74,C0V630
湖內,22.887139,120.2445,-1.47,17.03,-5.42,72.68,0.28,-0.5,C0V640
彌陀,22.783806,120.246361,-0.81,18.08,-4.78,73.4,0.3,-0.38,C0V650
岡山,22.797078,120.294958,-0.85,18.32,-3.76,71.56,0.36,-0.42,C0V660
仁武,22.701083,120.347722,-1.07,18.46,-0.21,75.56,0.26,-0.66,C0V680
鼓山,22.623325,120.275575,-1.4,18.15,-0.63,74.72,0.36,-0.62,C0V690
三民,22.645017,120.311233,-1.24,18.78,1.5,72.16,0.32,-0.64,C0V700
苓雅,22.622742,120.330669,-0.39,19.26,6.1,75.68,0.28,-0.8,C0V710
林園,22.507747,120.394511,-0.37,20.38,1.07,71.32,0.26,-0.96,C0V720
大寮,22.605614,120.395717,-1.21,18.72,1.27,74.24,0.36,-0.79,C0V730
旗山,22.888614,120.483597,-0.38,18.5,1.46,78.32,0.42,-0.48,C0V740
路竹,22.854997,120.259439,-0.73,18.22,-3.6,73.28,0.26,-0.54,C0V750
橋頭,22.757806,120.30575,-0.99,18.37,-5.26,72.12,0.28,-0.4,C0V760
大社,22.730306,120.346639,-0.9,18.24,-1.05,74.64,0.26,-0.55,C0V770
萬山,22.905944,120.688056,-0.79,17.64,6.09,80.68,0.66,-0.54,C0V790
六龜,22.997889,120.633583,-0.4,18.7,8.87,85.04,0.64,-0.56,C0V800
左營,22.67491,120.28491,-1.68,17.59,-10.97,74.08,0.22,-0.74,C0V810
小林,23.148408,120.63325,-2.09,16.88,9.37,85.96,0.6,0.17,C0V820
東莒,25.9652,119.98069,0.57,12.0,-10.19,69.36,0.0,-1.62,C0W110
西嶼,23.5626,119.468436,-1.78,15.3,-12.54,73.12,0.54,-0.21,C0W120
花嶼,23.40007,119.32276,-1.53,16.34,-4.63,76.44,0.58,0.39,C0W130
金沙,24.488292,118.408778,-5.9,8.97,-32.84,41.0,0.0,-1.58,C0W140
金寧,24.457703,118.328989,-1.02,14.44,-17.93,56.96,0.0,-1.47,C0W150
東河,23.296598,120.385608,-1.73,16.28,-8.32,74.92,0.44,-0.93,C0X050
下營,23.22695,120.256261,-1.49,16.22,-9.81,73.88,0.36,-1.04,C0X060
佳里,23.173039,120.145086,-0.87,16.35,-5.4,76.92,0.48,-0.17,C0X080
臺南市北區,23.010394,120.194228,-1.32,17.07,0.89,78.2,0.2,-0.77,C0X100
臺南市南區,22.961189,120.188378,-1.52,17.4,-2.23,74.12,0.18,-0.85,C0X110
麻豆,23.183289,120.248611,-0.83,17.18,-0.21,81.64,0.32,-0.56,C0X120
官田,23.193217,120.315422,-1.13,17.12,-2.98,76.48,0.34,-0.66,C0X130
西港,23.125608,120.203108,-1.5,16.43,-1.27,80.64,0.34,-0.65,C0X140
安定,23.102614,120.227839,-1.24,16.5,-1.84,82.28,0.28,-0.74,C0X150
仁德,22.968258,120.257689,-0.78,17.89,-0.32,76.36,0.3,-0.73,C0X160
關廟,22.963017,120.327797,-1.92,16.53,2.64,80.12,0.42,-0.43,C0X170
山上,23.0757,120.363253,-0.95,16.96,-2.72,79.84,0.24,-0.95,C0X180
安平,22.993161,120.152181,-1.53,16.76,-7.16,73.16,0.2,-0.68,C0X190
左鎮,23.056758,120.408522,0.01,17.33,-3.37,81.28,0.32,-0.89,C0X200
白河,23.347466,120.414427,-1.68,16.32,-6.42,75.88,0.5,-0.84,C0X210
學甲,23.230367,120.182187,-1.37,16.21,-6.24,75.8,0.34,-0.83,C0X220
鹽水,23.272621,120.247641,-1.71,15.76,-6.47,78.0,0.4,-0.77,C0X230
關子嶺,23.331169,120.508025,-0.82,15.6,-1.98,85.36,0.68,-1.28,C0X240
新營,23.310689,120.316681,-1.56,16.42,-5.68,75.36,0.48,-0.7,C0X250
後壁,23.366358,120.362326,-1.44,16.23,-8.43,74.16,0.6,-0.7,C0X260
將軍,23.214999,120.13577,-1.66,15.94,-6.82,75.72,0.3,-0.63,C0X280
北門,23.267772,120.125481,-1.54,16.2,-5.84,76.8,0.5,-0.61,C0X290
鹿寮,23.386047,120.477331,-1.73,16.06,-0.3,85.2,0.72,-0.79,C0X300
明里,23.208717,121.262342,-0.87,15.46,-0.94,87.64,0.64,-0.71,C0Z020
佳心,23.34567,121.21316,-1.42,11.39,7.66,98.2,1.02,-0.32,C0Z050
玉里,23.3215,121.339656,-0.86,15.58,1.66,89.52,1.38,-0.23,C0Z061
舞鶴,23.46811,121.37407,-0.6,15.14,7.83,98.68,1.3,-0.32,C0Z070
富源,23.587642,121.378225,-0.92,15.02,-4.64,87.32,1.04,-1.11,C0Z080
東華,23.89525,121.549833,-1.02,16.55,-1.61,87.32,0.54,-1.3,C0Z100
吉安光華,23.930925,121.595153,-1.31,17.25,-17.01,69.08,0.66,-1.48,C0Z150
鳳林,23.746114,121.453411,-1.89,16.0,-4.55,80.0,1.0,-0.67,C0Z160
卓溪,23.3443,121.3029,-2.57,15.58,-1.22,82.2,1.08,-0.22,C0Z170
新城,24.03946,121.60454,-1.42,17.46,-10.57,68.25,0.28,-2.55,C0Z180
富世,24.14743,121.6297,-1.52,17.2,-7.56,75.6,0.4,-1.69,C0Z190
萬榮,23.709219,121.420106,-1.76,15.82,-9.25,81.52,1.06,-0.54,C0Z200
瑞穗,23.5239,121.39021,-1.59,15.91,-0.11,86.96,1.46,-0.58,C0Z210
和平林道,24.343922,121.656317,-2.17,12.66,-6.26,83.44,0.58,-2.17,C0Z220
和平,24.30717,121.77007,-2.04,16.7,-10.78,67.0,0.3,-2.05,C0Z230
瑞穗林道,23.49284,121.30688,-1.21,11.14,0.89,97.32,3.84,0.45,C0Z250
蕃薯寮,23.73835,121.540108,-1.75,14.72,-8.74,82.28,1.5,-4.85,C0Z270
德武,23.47426,121.41071,-2.32,15.27,-3.1,86.92,1.36,-0.79,C0Z280
赤柯山,23.36893,121.38293,-2.58,10.64,3.47,98.64,3.56,0.34,C0Z290
東里,23.26853,121.30547,-2.05,15.69,-4.41,85.52,1.18,-0.5,C0Z300
清水斷崖,24.218294,121.689142,-2.4,16.92,-9.69,74.44,0.08,-1.17,C0Z310
清水林道,23.27125,121.188272,-2.66,12.49,-0.33,90.6,2.92,-0.12,C0Z320
安通山,23.290728,121.348528,-3.36,13.21,1.64,91.08,1.84,0.38,C0Z330
口湖工作站,23.589978,120.180394,-1.83,16.08,-8.56,69.68,0.7,0.59,12J990
東港工作站,22.479997,120.466058,-2.14,19.16,-4.65,63.96,0.22,-0.02,12Q970
恆春工作站,22.079678,120.714425,-2.31,20.02,-2.71,63.2,0.48,-0.33,12Q980
萬大發電廠,23.978875,121.139639,-1.93,12.98,-3.05,78.16,3.28,3.01,42HA10
桃改樹林分場,24.944503,121.386972,-1.92,15.4,-9.03,70.04,0.9,-0.75,72AI40
桃園農改場,24.950944,121.030583,0.33,15.66,-10.64,70.52,0.64,-1.95,72C440
桃改五峰分場,24.612194,121.157167,-0.81,10.21,-2.5,83.68,1.62,-1.7,72D080
臺中農改場,24.003028,120.534389,-0.65,15.88,-1.71,77.72,0.76,-0.15,72G600
中改埔里分場,23.903208,120.963364,-1.97,14.33,2.91,86.72,1.98,1.5,72HA00
南改斗南分場,23.634556,120.477333,-0.31,16.26,-2.26,77.4,1.1,0.11,72K220
南改義竹分場,23.360694,120.279361,-0.87,15.84,-5.22,75.92,0.58,0.02,72M360
南改鹿草分場,23.416869,120.283061,-2.08,16.06,-7.12,74.6,0.86,0.63,72M700
臺南農改場,23.0605,120.342194,-1.06,16.37,2.09,80.92,0.22,-0.42,72N100
七股研究中心,23.081672,120.062894,-2.15,16.42,-7.07,76.8,0.28,0.09,72N240
高雄農改場,22.709333,120.525889,-0.84,18.61,4.09,81.84,0.4,-0.05,72Q010
東改班鳩分場,22.829528,121.077694,-1.0,16.23,-2.43,76.28,0.74,-0.38,72S200
東改賓朗果園,22.813889,121.071278,-1.46,15.9,-6.01,79.6,0.78,-0.31,72S590
花蓮農改場,23.975222,121.563889,-0.7,16.71,-3.8,77.08,3.08,1.41,72T250
花改蘭陽分場,24.686306,121.716583,-0.61,15.58,-5.75,76.84,1.08,-4.14,72U480
高改旗南分場,22.857861,120.516667,-1.26,17.66,4.83,79.16,0.42,-0.04,72V140
茶改北部分場,24.955778,121.631222,-0.45,12.66,-4.69,82.12,1.92,-4.43,82A750
茶改場,24.908472,121.185333,-0.17,14.33,-8.76,73.76,0.94,-2.48,82C160
茶改中部分場,23.875611,120.913583,-1.54,13.55,0.97,83.4,1.86,0.44,82H320
茶改南部分場,23.762528,120.7405,-1.18,14.45,-1.93,85.36,1.4,0.02,82H840
茶改東部分場,22.907694,121.130139,-1.98,15.71,-4.23,76.78,0.86,-0.2,82S580
農工中心,24.985917,121.239833,0.2,15.32,-8.66,68.92,0.74,-2.33,A2C560
水試臺西試驗場,23.717231,120.190522,-0.8,16.4,-4.9,77.68,0.64,0.32,A2K360
臺大雲林校區,23.730628,120.423903,-1.77,15.74,-8.1,75.4,0.54,-0.01,A2K630
臺南蘭花園區,23.340258,120.379661,-1.9,16.4,-3.65,77.28,0.22,0.2,A2N290
畜試北區分所,24.527806,120.770972,-1.55,14.66,-9.4,76.04,0.54,-2.09,B2E890
畜產試驗所,23.058972,120.336406,-0.95,16.26,0.42,80.76,0.22,-0.49,B2N890
畜試南區分所,21.945583,120.802167,-1.54,19.55,-4.01,69.16,1.06,-0.2,B2Q810
畜試東區分所,24.669039,121.832561,-2.19,15.78,-0.1,81.64,1.02,-0.28,B2U990
蓮華池,23.918333,120.885278,-0.75,13.8,0.36,87.36,1.44,-0.11,E2H360
林試畢祿溪站,24.226944,121.308522,-1.8,5.39,7.85,80.12,2.32,0.25,E2HA20
四湖植物園,23.676986,120.163433,-1.79,16.36,-1.52,82.64,0.76,0.4,E2K600
林試六龜中心,22.991703,120.645722,-1.25,17.44,7.61,85.24,0.64,0.14,E2P980
林試太麻里2,22.598,120.99775,-2.34,18.26,-3.88,73.56,0.92,-1.06,E2S960
林試太麻里1,22.598922,120.980044,-2.17,17.49,-1.9,77.8,1.1,-1.18,E2S980
農試所(霧峰),24.031261,120.688133,-0.82,16.13,0.84,80.32,1.12,0.13,G2F820
農試嘉義分所,23.485028,120.473806,-0.68,15.66,-2.05,79.44,0.94,0.15,G2L020
農試溪口農場,23.58565,120.408111,-1.45,15.83,-9.37,73.0,1.19,0.96,G2M350
農試鳳山分所,22.646611,120.356083,-1.33,18.02,-0.33,72.75,0.25,-0.36,G2P820
苗栗農改場,24.495722,120.829111,-1.0,14.01,-3.99,78.12,1.0,-0.7,K2E360
苗改生物防治研究中心,24.422861,120.871833,-3.11,12.75,-5.25,80.36,0.98,-0.75,K2E710
種苗改良場,24.225972,120.800917,-0.78,13.45,3.6,83.12,1.12,-0.45,K2F750
溪頭,23.670306,120.798194,-1.25,10.87,5.24,92.08,2.8,0.78,U2H480
臺大和社,23.590856,120.888864,-1.7,13.96,6.92,86.44,2.22,1.49,U2HA30
臺大內茅埔,23.689722,120.851117,-2.61,14.66,6.02,84.28,2.12,1.76,U2HA40
臺大竹山,23.756972,120.681556,-2.32,16.02,-7.68,77.0,1.18,0.71,U2HA50
臺大竹山,23.756972,120.681556,-2.32,16.02,-7.68,77.0,1.18,0.71,U2HA50
臺大內茅埔,23.689722,120.851117,-2.61,14.66,6.02,84.28,2.12,1.76,U2HA40
臺大和社,23.590856,120.888864,-1.7,13.96,6.92,86.44,2.22,1.49,U2HA30
臺大溪頭,23.670306,120.798194,-1.25,10.87,5.24,92.08,2.8,0.78,U2H480
種苗繁殖,24.225972,120.800917,-0.78,13.45,3.6,83.12,1.12,-0.45,K2F750
苗改生物防治研究中心,24.422861,120.871833,-3.11,12.75,-5.25,80.36,0.98,-0.75,K2E710
苗栗農改,24.495722,120.829111,-1.0,14.01,-3.99,78.12,1.0,-0.7,K2E360
農試鳳山分所,22.646611,120.356083,-1.33,18.02,-0.33,72.75,0.25,-0.36,G2P820
農試溪口農場,23.58565,120.408111,-1.45,15.83,-9.37,73.0,1.19,0.96,G2M350
農試嘉義分所,23.485028,120.473806,-0.68,15.66,-2.05,79.44,0.94,0.15,G2L020
農業試驗所,24.031261,120.688133,-0.82,16.13,0.84,80.32,1.12,0.13,G2F820
林試太麻里1,22.598922,120.980044,-2.17,17.49,-1.9,77.8,1.1,-1.18,E2S980
林試太麻里2,22.598014,120.989761,-2.34,18.26,-3.88,73.56,0.92,-1.06,E2S960
林試六龜中心,22.991703,120.645722,-1.25,17.44,7.61,85.24,0.64,0.14,E2P980
四湖植物園,23.676986,120.163433,-1.79,16.36,-1.52,82.64,0.76,0.4,E2K600
林試畢祿溪站,24.226944,121.308522,-1.8,5.39,7.85,80.12,2.32,0.25,E2HA20
蓮華池,23.918333,120.885278,-0.75,13.8,0.36,87.36,1.44,-0.11,E2H360
畜試東區分所,24.669039,121.832561,-2.19,15.78,-0.1,81.64,1.02,-0.28,B2U990
畜試南區分所,21.945583,120.802167,-1.54,19.55,-4.01,69.16,1.06,-0.2,B2Q810
畜試所,23.058972,120.336406,-0.95,16.26,0.42,80.76,0.22,-0.49,B2N890
畜試北區分所,24.527806,120.770972,-1.55,14.66,-9.4,76.04,0.54,-2.09,B2E890
臺南蘭花園區,23.340258,120.379661,-1.9,16.4,-3.65,77.28,0.22,0.2,A2N290
臺大雲林校區,23.730628,120.423903,-1.77,15.74,-8.1,75.4,0.54,-0.01,A2K630
水試臺西試驗場,23.717231,120.190522,-0.8,16.4,-4.9,77.68,0.64,0.32,A2K360
農工中心,24.985917,121.239833,0.2,15.32,-8.66,68.92,0.74,-2.33,A2C560
茶改東部分場,22.907694,121.130139,-1.98,15.71,-4.23,76.78,0.86,-0.2,82S580
茶改南部分場,23.762528,120.7405,-1.18,14.45,-1.93,85.36,1.4,0.02,82H840
茶改中部分場,23.875611,120.913583,-1.54,13.55,0.97,83.4,1.86,0.44,82H320
茶改場,24.908472,121.185333,-0.17,14.33,-8.76,73.76,0.94,-2.48,82C160
茶改北部分場,24.955778,121.631222,-0.45,12.66,-4.69,82.12,1.92,-4.43,82A750
高改旗南分場,22.857861,120.516667,-1.26,17.66,4.83,79.16,0.42,-0.04,72V140
花改蘭陽分場,24.686306,121.716583,-0.61,15.58,-5.75,76.84,1.08,-4.14,72U480
花蓮農改,23.975222,121.563889,-0.7,16.71,-3.8,77.08,3.08,1.41,72T250
東改賓朗果園,22.813889,121.071278,-1.46,15.9,-6.01,79.6,0.78,-0.31,72S590
東改班鳩分場,22.829528,121.077694,-1.0,16.23,-2.43,76.28,0.74,-0.38,72S200
高雄農改,22.709333,120.525889,-0.84,18.61,4.09,81.84,0.4,-0.05,72Q010
七股研究中心,23.081672,120.062894,-2.15,16.42,-7.07,76.8,0.28,0.09,72N240
臺南農改,23.0605,120.342194,-1.06,16.37,2.09,80.92,0.22,-0.42,72N100
南改鹿草分場,23.416869,120.283061,-2.08,16.06,-7.12,74.6,0.86,0.63,72M700
南改義竹分場,23.360694,120.279361,-0.87,15.84,-5.22,75.92,0.58,0.02,72M360
南改斗南分場,23.634556,120.477333,-0.31,16.26,-2.26,77.4,1.1,0.11,72K220
中改埔里分場,23.903208,120.963364,-1.97,14.33,2.91,86.72,1.98,1.5,72HA00
臺中農改,24.003028,120.534389,-0.65,15.88,-1.71,77.72,0.76,-0.15,72G600
桃改五峰分場,24.612194,121.157167,-0.81,10.21,-2.5,83.68,1.62,-1.7,72D080
桃園農改,24.950944,121.030583,0.33,15.66,-10.64,70.52,0.64,-1.95,72C440
桃改樹林分場,24.944503,121.386972,-1.92,15.4,-9.03,70.04,0.9,-0.75,72AI40
萬大發電廠,23.978875,121.139639,-1.93,12.98,-3.05,78.16,3.28,3.01,42HA10
恆春工作站,22.079678,120.714425,-2.31,20.02,-2.71,63.2,0.48,-0.33,12Q980
東港工作站,22.479997,120.466058,-2.14,19.16,-4.65,63.96,0.22,-0.02,12Q970
口湖工作站,23.589978,120.180394,-1.83,16.08,-8.56,69.68,0.7,0.59,12J990
