站名,緯度,經度,平均溫距平,本年度平均溫,平均溼度距平,本年度日均相對溼度,本年度日均降水量,日均降水量距平,站號
淡水,25.164889,121.448906,-0.63,15.29,-2.92,79.25,4.91,0.41,466900
鞍部,25.182586,121.529731,-1.94,9.45,4.35,95.75,12.41,2.05,466910
臺北,25.037658,121.514853,-1.3,15.88,0.53,78.0,4.61,-0.3,466920
竹子湖,25.162078,121.544547,-1.89,11.09,3.92,91.75,10.92,2.83,466930
基隆,25.133314,121.740475,-1.0,15.5,-0.04,79.71,15.59,3.4,466940
花蓮,23.975128,121.613275,-1.34,17.53,0.67,77.12,2.34,-0.17,466990
新屋,25.006744,121.047486,-0.52,14.96,-0.61,80.04,3.28,-0.3,467050
宜蘭,24.763975,121.756528,-1.9,15.49,6.38,86.25,6.46,0.85,467080
金門,24.407306,118.289281,-0.13,13.37,-5.25,70.33,1.49,-0.42,467110
澎湖,23.565503,119.563094,-1.92,15.41,0.43,81.58,2.34,1.45,467350
臺南,22.993239,120.204772,-2.1,16.91,3.33,78.12,3.51,2.95,467410
永康,23.038386,120.2367,-1.59,16.97,5.21,79.29,3.89,3.42,467420
嘉義,23.495925,120.432906,-1.61,16.33,10.07,88.88,3.39,2.29,467480
臺中,24.145736,120.684075,-1.08,16.81,-0.28,74.83,3.29,1.59,467490
阿里山,23.508208,120.813242,-0.43,7.13,0.32,83.75,7.84,4.88,467530
大武,22.355675,120.903789,-1.52,19.58,0.16,72.67,1.53,0.05,467540
玉山,23.487614,120.959522,0.38,0.49,-1.83,66.88,9.35,7.55,467550
新竹,24.827853,121.014219,-0.56,15.56,-2.35,78.17,2.4,-1.36,467571
恆春,22.003897,120.746339,-1.41,20.38,-0.12,71.75,0.49,-0.3,467590
成功,23.097486,121.373428,-1.51,18.1,3.0,79.17,3.91,1.29,467610
日月潭,23.881325,120.90805,-1.2,14.14,11.8,89.58,3.51,1.62,467650
臺東,22.752211,121.154586,-1.53,18.83,2.04,74.79,2.62,1.29,467660
馬祖,26.169269,119.923419,-0.9,9.45,-2.91,81.0,1.65,-1.0,467990
山佳,24.974944,121.402008,-0.59,16.02,-1.3,80.46,5.04,0.54,C0A520
坪林,24.938183,121.70975,-1.34,13.24,-3.08,89.29,6.71,1.86,C0A530
泰平,24.971197,121.823711,-1.37,12.2,2.29,97.38,20.77,8.23,C0A550
桶後,24.848222,121.597992,-1.11,12.9,-0.43,94.0,9.4,2.75,C0A570
石碇,24.993969,121.662917,-0.74,13.91,-1.67,88.71,7.83,1.62,C0A640
大坪,25.165914,121.632969,-1.05,13.06,3.27,95.29,38.08,14.58,C0A860
五指山,25.132153,121.608692,-0.4,11.87,2.36,95.82,14.0,4.35,C0A870
雙溪,25.036003,121.864242,-0.69,15.07,-3.36,88.54,14.08,3.67,C0A890
三和,25.233153,121.595236,-1.1,13.37,2.72,88.67,28.1,11.81,C0A931
金山,25.223628,121.643967,-0.35,15.49,-3.52,82.42,12.29,2.64,C0A940
鼻頭角,25.129036,121.923372,-0.78,15.95,1.1,84.08,6.06,2.43,C0A950
三貂角,25.007606,122.002058,-1.26,15.38,-1.88,86.25,8.6,1.48,C0A970
社子,25.109508,121.469681,-0.23,16.5,0.5,81.83,3.38,0.07,C0A980
天母,25.117494,121.537169,-1.18,15.92,-5.17,71.96,2.79,-0.31,C0A9C0
內湖,25.079422,121.57545,-1.52,15.6,12.15,92.83,3.42,-0.22,C0A9F0
大屯山,25.175675,121.522408,-0.57,9.57,3.77,98.33,7.79,1.62,C0AC40
三峽,24.939025,121.369728,0.39,16.81,-2.77,80.38,5.44,0.13,C0AC60
信義,25.037822,121.564597,-0.17,16.57,1.7,83.33,5.06,0.21,C0AC70
文山,25.00235,121.575728,-0.96,15.27,-4.34,80.58,5.42,0.43,C0AC80
新莊,25.051478,121.446756,-1.09,15.79,2.33,79.12,4.0,-0.02,C0ACA0
八里,25.150211,121.403947,-0.44,15.69,2.26,85.0,4.35,-0.1,C0AD10
蘆洲,25.086594,121.472331,-0.58,16.42,-1.7,76.21,3.54,-0.01,C0AD30
土城,24.973208,121.445169,-0.59,15.68,-0.06,82.21,5.79,0.64,C0AD40
鶯歌,24.951533,121.346294,0.48,16.58,-2.17,82.45,4.54,-0.05,C0AD50
汐止,25.066881,121.658778,-0.88,15.32,-1.07,86.04,9.33,2.25,C0AH00
永和,25.01125,121.508111,-0.08,16.53,3.71,80.17,4.79,0.86,C0AH10
五分山,25.07125,121.780794,0.36,12.04,1.92,96.21,27.11,10.86,C0AH30
平等,25.129142,121.577086,-1.85,12.6,0.14,86.12,5.15,1.36,C0AH40
林口,25.072181,121.38084,-1.3,13.75,3.37,86.75,4.65,1.12,C0AH50
松山,25.04871,121.55042,-1.47,15.87,10.53,82.5,4.35,1.43,C0AH70
深坑,25.002703,121.628328,0.63,16.57,-3.27,85.46,6.0,2.39,C0AH80
福山植物園,24.760717,121.58135,-1.13,11.2,4.89,97.54,11.23,6.51,C0AH90
五股,25.07445,121.42728,-3.05,13.81,-2.65,83.5,4.08,1.81,C0AI00
屈尺,24.92184,121.54475,-1.6,15.65,-10.68,73.96,7.65,5.45,C0AI10
白沙灣,25.283128,121.519058,-1.52,15.07,-0.91,84.21,4.58,1.06,C0AI20
三重,25.057328,121.500629,-2.1,16.05,2.23,80.0,3.35,2.57,C0AI30
石牌,25.115597,121.513139,-1.77,16.84,4.37,76.83,2.9,1.06,C0AI40
七堵,25.094819,121.71713,-0.87,16.21,-5.11,84.12,15.42,9.4,C0B010
基隆嶼,25.19141,121.78391,-1.74,14.86,5.07,92.12,11.12,7.27,C0B020
復興,24.820208,121.352281,-0.49,13.67,-4.36,79.29,4.6,-0.06,C0C460
桃園,24.992425,121.323172,-0.74,15.32,-0.74,78.17,4.69,0.26,C0C480
八德,24.928708,121.283289,-0.8,14.73,-3.89,78.88,5.0,0.27,C0C490
觀音,25.027072,121.153317,-0.76,14.37,-0.99,82.38,4.23,-0.46,C0C590
蘆竹,25.084275,121.265767,-1.04,14.53,1.17,83.96,4.48,-0.09,C0C620
大溪,24.882853,121.265547,-0.81,14.18,-0.21,81.5,4.35,0.19,C0C630
平鎮,24.897503,121.214636,-0.56,14.22,-2.22,82.0,4.25,-0.03,C0C650
楊梅,24.912375,121.143047,-0.71,14.36,-0.73,79.21,4.42,0.38,C0C660
龍潭,24.870056,121.221389,-0.6,13.8,2.36,84.0,4.88,0.94,C0C670
龜山,25.02846,121.38656,-0.87,14.12,-1.88,81.5,4.65,2.27,C0C680
中壢,24.977661,121.256375,-1.05,14.48,-2.18,79.62,4.04,0.79,C0C700
大溪永福,24.892936,121.324975,-1.29,15.04,-3.05,82.88,5.52,3.43,C0C710
梅花,24.678347,121.208558,-0.96,13.03,0.07,87.54,5.42,1.1,C0D360
峨眉,24.6905,121.017189,-0.3,15.0,-4.2,82.88,3.81,0.05,C0D430
打鐵坑,24.849664,121.150789,-0.88,13.73,-5.81,82.5,3.04,-1.21,C0D480
橫山,24.71116,121.11693,-1.17,13.87,0.64,87.54,4.0,-0.13,C0D540
雪霸,24.526972,121.11605,-0.89,8.62,4.43,84.71,5.92,1.24,C0D550
竹東,24.767147,121.057881,0.04,15.24,-1.76,77.33,2.9,-0.79,C0D560
寶山,24.735006,121.025192,-0.33,14.72,-2.51,82.17,3.23,-0.98,C0D580
新豐,24.87068,120.97721,-0.69,14.22,1.34,86.5,1.78,-1.81,C0D590
湖口,24.904794,121.043628,-0.58,14.67,-3.64,78.46,2.31,-0.45,C0D650
新竹市東區,24.798681,120.986942,-0.74,14.8,0.28,77.21,2.73,0.4,C0D660
竹南,24.708978,120.888897,-0.11,15.64,-0.72,81.38,2.67,-0.35,C0E420
南庄,24.601775,121.000214,-1.05,13.96,4.94,90.42,4.88,0.4,C0E430
明德,24.583486,120.885411,-0.21,15.25,-5.01,80.71,3.21,0.41,C0E550
通霄,24.471892,120.704622,-0.89,14.94,-1.79,83.33,2.58,1.08,C0E590
馬都安,24.451272,120.930192,-1.38,12.53,3.41,87.12,3.75,0.29,C0E610
頭份,24.688247,120.912206,0.2,16.19,-2.17,77.17,2.71,-0.32,C0E730
造橋,24.637056,120.864778,-0.5,15.17,-5.02,80.71,2.96,0.18,C0E740
苗栗,24.564569,120.824575,-0.73,15.1,-2.94,78.29,2.9,0.35,C0E750
銅鑼,24.489681,120.790853,-1.12,14.33,3.25,87.64,3.46,1.3,C0E780
西湖,24.562947,120.7485,-0.53,14.76,-1.39,84.12,2.38,0.67,C0E810
獅潭,24.539133,120.920042,-0.97,13.84,-3.47,84.83,4.17,1.26,C0E820
苑裡,24.439714,120.653053,-1.51,14.79,0.99,81.71,2.23,1.17,C0E830
大河,24.618069,120.948578,-2.33,12.89,-2.79,81.83,4.0,1.46,C0E850
高鐵苗栗,24.60725,120.826094,-1.05,15.22,4.09,86.46,2.56,1.11,C0E870
石岡,24.276061,120.777644,-0.16,16.01,3.5,86.92,2.62,1.7,C0F0B0
中坑,24.248517,120.903319,-2.23,12.81,4.76,88.75,3.98,2.77,C0F0C0
審馬陣,24.381675,121.4203,-1.06,2.39,12.92,83.67,4.5,2.13,C0F0D0
東勢,24.246428,120.833047,-0.06,16.06,1.76,82.21,3.65,2.3,C0F850
大坑,24.173142,120.722289,0.03,17.48,1.75,77.58,3.69,2.79,C0F970
神岡,24.272481,120.658314,-1.33,14.56,-5.08,81.29,2.25,0.89,C0F9I0
大安,24.345061,120.588025,-1.5,14.66,-1.59,84.33,2.12,1.2,C0F9K0
后里,24.310436,120.729725,-0.58,15.35,-2.97,81.46,2.46,1.17,C0F9L0
豐原,24.254322,120.720692,0.04,16.4,0.97,80.83,2.44,1.23,C0F9M0
大里,24.092464,120.701378,-1.09,17.4,4.92,77.42,3.33,2.34,C0F9N0
潭子,24.213106,120.703933,-0.74,16.49,3.25,81.21,2.62,1.76,C0F9O0
清水,24.312297,120.562242,-1.6,14.81,1.9,84.71,1.96,1.12,C0F9P0
外埔,24.347817,120.705686,-0.72,15.38,-3.52,81.12,2.23,0.89,C0F9Q0
龍井,24.184536,120.528972,-1.46,15.48,-2.97,81.21,2.15,1.32,C0F9R0
烏日,24.107058,120.624103,-0.96,16.51,-0.19,74.67,2.96,2.23,C0F9S0
西屯,24.179494,120.641275,-1.2,15.66,0.44,78.46,2.46,1.77,C0F9T0
南屯,24.137006,120.637969,-1.32,16.65,0.71,74.46,2.35,1.67,C0F9U0
新社,24.200172,120.815806,-0.96,14.6,1.04,84.44,3.65,2.32,C0F9V0
大雅(中科園區),24.21528,120.62445,-1.5,14.88,3.32,82.21,2.25,1.58,C0F9X0
桃山,24.432739,121.303808,-0.79,2.43,10.49,75.46,3.94,2.23,C0F9Y0
雪山東峰,24.388792,121.268675,-0.66,3.23,7.97,72.83,4.9,2.97,C0F9Z0
芬園,24.015678,120.6213,-1.47,15.54,5.13,85.88,2.75,1.94,C0G620
員林,23.946503,120.585597,0.46,18.51,-2.47,75.88,2.46,1.15,C0G650
溪湖,23.94835,120.479122,0.23,17.48,12.11,93.0,2.17,1.47,C0G660
溪州,23.851589,120.499093,-1.17,15.96,-0.36,77.21,2.77,2.19,C0G720
福興,24.041289,120.437669,-1.14,16.15,-1.25,78.04,2.69,2.05,C0G770
秀水,24.03405,120.503869,-0.56,16.79,3.11,84.12,2.48,1.86,C0G780
埔鹽,24.000394,120.431683,-0.24,16.6,0.87,84.58,2.15,1.56,C0G800
埔心,23.947633,120.525456,-0.65,16.82,7.84,86.55,2.38,1.67,C0G810
田尾,23.901669,120.509389,-0.81,16.46,2.73,86.04,2.44,1.74,C0G820
埤頭,23.866003,120.452806,-1.26,15.87,-4.7,82.89,1.85,1.35,C0G830
社頭,23.897647,120.5862,-0.77,17.38,7.74,84.0,2.56,1.73,C0G860
二水,23.810742,120.6173,0.7,18.67,1.4,83.04,2.5,1.88,C0G880
伸港,24.148933,120.484403,-1.59,15.16,-0.76,81.38,2.12,1.37,C0G890
線西,24.143358,120.443536,-2.83,15.14,-0.07,83.12,2.21,1.96,C0G900
花壇,24.032076,120.549461,-1.05,17.14,9.69,85.92,2.23,2.06,C0G910
埔里,23.972169,120.952425,-0.3,16.94,4.57,83.75,3.21,1.8,C0H890
草屯,23.973672,120.68085,-1.29,16.47,0.83,78.21,2.77,1.89,C0H960
昆陽,24.121322,121.273642,-0.55,2.52,10.39,88.75,3.73,1.4,C0H990
神木村,23.532742,120.843667,-0.66,11.44,6.0,89.62,6.17,3.64,C0H9A0
合歡山,24.143442,121.272547,0.09,1.2,10.63,92.88,8.17,2.08,C0H9C0
廬山,24.033311,121.181808,-0.73,11.91,9.26,86.21,3.48,-0.44,C0I010
信義,23.689694,120.851036,-0.9,15.54,6.01,86.71,4.08,3.09,C0I080
竹山,23.761225,120.688156,-1.11,16.28,2.58,87.42,3.38,2.25,C0I110
水里,23.812553,120.849792,-0.89,16.36,2.5,83.17,3.48,2.04,C0I360
魚池,23.895703,120.94135,-0.36,15.78,0.47,84.42,3.75,1.84,C0I370
集集,23.828206,120.801467,-1.08,16.43,4.29,84.54,3.54,2.35,C0I380
仁愛,24.022122,121.132206,-0.28,13.4,7.07,87.29,3.58,0.85,C0I390
名間,23.837053,120.701447,-1.32,15.83,2.78,82.17,2.88,2.03,C0I410
國姓,24.037803,120.855072,-0.74,16.47,2.2,83.17,2.96,1.9,C0I420
南投,23.911469,120.687331,-0.91,16.88,6.08,82.17,2.46,1.78,C0I460
梅峰,24.085272,121.173572,0.23,8.16,5.38,89.0,4.48,1.16,C0I480
萬大林道,23.928228,121.091411,-0.51,11.4,3.91,85.92,3.69,1.24,C0I490
小奇萊,24.131764,121.295717,-0.75,2.11,11.18,91.17,6.35,1.19,C0I530
崙背,23.75555,120.318925,-1.21,15.79,-2.44,77.79,2.56,2.0,C0K250
四湖,23.630414,120.227125,-1.45,16.02,0.66,78.46,2.58,1.75,C0K280
宜梧,23.536281,120.169329,-1.44,15.75,0.59,80.42,2.9,2.27,C0K291
虎尾,23.719183,120.442036,-1.57,16.13,6.28,83.79,2.92,1.94,C0K330
土庫,23.679029,120.395574,-1.33,15.87,-0.22,78.88,2.58,1.97,C0K390
斗六,23.720583,120.541127,-1.25,16.17,-2.35,78.54,2.98,2.32,C0K400
北港,23.573957,120.292802,-1.6,15.73,-1.62,78.83,2.9,2.34,C0K410
西螺,23.800407,120.467394,-1.18,15.95,0.73,80.29,2.71,2.0,C0K420
褒忠,23.690938,120.303634,-1.46,15.53,-0.04,80.21,2.52,1.84,C0K430
二崙,23.772797,120.408944,-1.48,15.44,8.42,89.46,1.98,1.44,C0K440
大埤,23.646074,120.431537,-1.33,16.05,0.53,79.46,2.46,1.93,C0K450
斗南,23.678734,120.478359,-1.29,15.97,2.88,81.38,2.77,2.2,C0K460
林內,23.748675,120.609642,-1.06,16.24,1.32,82.0,3.02,2.22,C0K470
莿桐,23.761192,120.502372,-1.3,15.76,0.53,80.62,2.94,2.35,C0K480
元長,23.64981,120.315024,-1.45,15.71,2.9,80.88,2.9,2.31,C0K500
水林,23.572924,120.24597,-1.38,15.93,2.03,80.04,2.81,2.33,C0K510
臺西,23.701547,120.197559,-1.73,15.3,2.52,82.54,2.42,1.91,C0K530
蔦松,23.514319,120.229736,-1.53,15.84,1.89,81.33,3.0,2.42,C0K550
棋山,23.68645,120.603417,-1.03,16.39,3.98,85.04,3.56,2.74,C0K560
高鐵雲林,23.737456,120.417944,-2.16,15.71,-4.55,83.38,2.4,1.66,C0K580
東後寮,23.369908,120.248065,-1.46,15.94,2.67,82.33,3.27,2.88,C0M520
奮起湖,23.493903,120.699253,4.19,17.53,-9.5,76.06,0.0,-1.86,C0M530
中埔,23.42538,120.5229,-1.59,15.93,3.39,82.62,3.83,3.28,C0M640
朴子,23.43463,120.23902,-2.18,15.31,5.4,83.12,3.04,2.53,C0M650
溪口,23.604131,120.403569,-1.28,15.99,-0.86,79.46,2.73,2.19,C0M660
大林,23.600616,120.45841,-1.29,16.24,2.36,79.25,3.52,2.94,C0M670
太保,23.455062,120.331455,-1.72,16.02,0.29,79.33,3.52,3.02,C0M680
水上,23.419734,120.388909,-1.39,16.23,7.17,85.21,3.56,3.21,C0M690
竹崎,23.526178,120.555508,-1.26,16.14,3.57,84.33,4.08,3.56,C0M700
東石,23.458927,120.15385,-1.7,15.67,-2.11,77.83,3.29,2.81,C0M710
番路,23.464657,120.554156,-1.5,15.52,7.19,87.42,3.96,3.39,C0M720
嘉義市東區,23.457673,120.460531,-1.26,17.22,4.74,78.67,3.65,3.31,C0M730
六腳,23.492871,120.290625,-1.59,15.91,1.51,79.46,3.33,2.68,C0M740
布袋,23.380878,120.167789,-1.53,15.9,-1.32,79.08,3.15,2.74,C0M750
民雄,23.551754,120.428457,-1.42,16.28,1.02,79.46,3.69,3.12,C0M760
嘉義梅山,23.585398,120.555587,-1.4,15.85,6.32,86.67,3.62,3.07,C0M770
鹿草,23.41134,120.30835,-1.42,16.32,3.37,79.79,3.31,2.85,C0M780
新港,23.553269,120.345728,-1.6,15.95,2.69,79.92,3.33,2.79,C0M790
茶山,23.299075,120.664767,-0.63,17.25,5.97,85.79,4.33,3.52,C0M800
里佳,23.389125,120.716647,-0.18,13.01,4.71,87.5,5.81,4.35,C0M810
達邦,23.453994,120.749517,-0.12,15.04,8.28,86.08,5.15,3.85,C0M820
表湖,23.24186,120.64166,-2.0,15.36,7.98,88.25,4.4,3.67,C0M850
北寮,23.079561,120.495008,-1.11,17.2,8.55,89.92,4.0,3.43,C0O830
王爺宮,23.222064,120.40085,0.57,18.13,-3.67,79.21,3.79,3.23,C0O840
大內,23.11885,120.36083,-0.45,18.1,4.57,85.54,3.31,2.95,C0O860
善化,23.112883,120.297219,-1.47,17.0,6.75,89.25,3.85,3.32,C0O900
崎頂,22.959547,120.369317,-0.99,17.0,7.73,88.58,3.83,3.22,C0O960
虎頭埤,23.021375,120.347878,-1.25,16.91,1.75,83.88,3.92,3.49,C0O970
新市,23.061614,120.298197,-0.77,17.74,0.59,80.5,3.48,3.06,C0O980
媽廟,22.99175,120.293525,-1.67,16.92,13.7,92.79,3.67,3.19,C0O990
尾寮山,22.833111,120.683889,-1.24,14.25,1.69,88.62,3.27,2.34,C0R100
阿禮,22.742908,120.743678,-0.15,15.32,3.82,82.17,1.31,0.63,C0R130
瑪家,22.682903,120.686639,-1.29,15.25,13.38,96.17,1.35,0.68,C0R140
三地門,22.709889,120.639944,-1.52,19.11,-3.99,68.79,1.38,0.78,C0R150
鹽埔,22.739558,120.530778,-0.98,18.69,3.11,84.96,1.94,1.5,C0R160
赤山,22.592333,120.614306,-0.8,19.11,10.07,89.0,0.71,0.32,C0R190
潮州,22.534361,120.54,-0.86,19.65,1.82,79.92,0.5,0.11,C0R220
來義,22.527306,120.625111,-1.65,18.1,10.6,89.83,0.6,0.22,C0R240
春日,22.370361,120.628306,-2.65,17.82,9.9,85.71,0.33,-0.14,C0R260
琉球嶼,22.332244,120.362236,-2.15,19.01,0.42,78.0,0.52,0.07,C0R270
車城,22.0744,120.716247,-1.32,20.1,1.76,75.33,0.08,0.01,C0R320
牡丹,22.130036,120.792639,-1.15,17.61,5.29,91.33,0.92,-0.19,C0R341
貓鼻頭,21.921774,120.7358,-1.32,20.27,0.14,76.88,0.21,-0.44,C0R350
大漢山,22.405264,120.753181,-0.09,9.57,-0.37,96.71,2.77,0.33,C0R440
高樹,22.826389,120.600806,-1.1,18.91,2.25,78.88,2.52,2.06,C0R470
長治,22.693128,120.542622,-0.51,19.64,3.19,81.67,1.42,1.08,C0R480
九如,22.7405,120.490503,-0.7,19.32,-3.4,78.5,1.79,1.42,C0R490
崁頂,22.514781,120.506914,-1.41,18.78,0.03,80.88,0.44,-0.01,C0R520
佳冬,22.419456,120.552375,-1.33,18.91,4.79,83.21,0.25,-0.05,C0R540
新埤,22.467947,120.582894,-1.38,18.86,-0.73,78.17,0.31,0.0,C0R550
新園,22.5434,120.461558,-0.46,19.66,-3.08,74.0,0.54,0.06,C0R560
麟洛,22.65078,120.52719,-0.22,20.15,7.24,82.79,0.92,0.61,C0R570
南州,22.48591,120.50274,-1.58,18.58,4.77,82.88,0.54,0.21,C0R580
里港,22.77919,120.49459,-1.37,18.47,4.35,81.42,2.06,1.67,C0R590
舊泰武,22.588194,120.664944,-1.22,15.49,6.15,91.54,1.25,0.54,C0R600
墾雷,21.900836,120.855269,-1.4,20.04,10.53,88.33,1.52,-0.32,C0R620
東港,22.46247,120.44074,-2.82,19.21,3.14,80.83,0.52,0.32,C0R640
竹田,22.58486,120.54344,-2.68,19.18,-1.04,79.17,0.56,0.27,C0R650
枋寮,22.367722,120.590647,-1.39,19.19,10.26,86.33,0.21,-0.0,C0R660
楓港,22.190131,120.692156,-1.96,19.84,1.4,68.21,0.08,-0.05,C0R670
佳樂水,21.993578,120.861633,-1.81,19.98,3.11,80.46,3.23,-2.08,C0R680
墾丁,21.966756,120.810269,-1.22,18.1,0.23,85.54,1.48,-1.64,C0R690
枋山,22.246844,120.661086,-1.62,19.88,6.65,74.0,0.04,0.0,C0R700
旭海,22.205403,120.887614,-1.76,17.75,15.16,97.62,2.65,-3.89,C0R720
下馬,23.150427,121.070312,1.62,15.9,9.77,96.0,6.0,5.55,C0S660
太麻里,22.60902,120.98533,-1.28,15.41,2.49,86.88,2.44,0.75,C0S690
知本,22.684866,121.005642,-1.44,15.11,4.55,91.92,2.77,0.75,C0S700
鹿野,22.917711,121.122994,-1.37,15.22,5.26,89.33,2.85,1.52,C0S710
綠島,22.6672,121.47533,-1.46,18.28,13.54,95.08,8.0,1.89,C0S730
池上,23.119628,121.209469,-1.83,15.34,4.4,89.05,3.45,2.55,C0S740
向陽,23.248397,120.986133,3.99,11.4,5.5,95.0,13.5,10.02,C0S750
大溪山,22.478475,120.943325,-1.42,16.05,0.59,86.67,3.42,1.02,C0S770
金崙,22.538122,120.966875,-1.8,17.53,2.13,83.17,2.48,0.64,C0S790
東河,22.972672,121.303986,-2.4,18.16,2.52,81.75,2.52,0.48,C0S810
長濱,23.286817,121.411975,-1.83,16.52,3.05,83.71,3.42,1.43,C0S830
南田,22.279725,120.889208,-1.57,19.59,16.51,97.17,2.0,-0.5,C0S840
關山,23.0395,121.175017,-1.03,16.44,3.66,87.04,2.94,2.26,C0S890
蘭嶼高中,22.04909,121.51214,-2.31,20.28,5.04,80.21,11.4,-0.75,C0S900
蘭嶼燈塔,22.081197,121.503117,-2.46,18.66,-0.91,87.96,5.56,0.23,C0S910
金峰嘉蘭,22.594789,120.960825,-1.62,17.76,4.24,84.08,2.73,1.73,C0S920
延平,22.902581,121.084058,-1.5,16.47,4.9,84.75,3.42,2.97,C0S930
石寧山,23.223772,121.406639,-1.89,17.04,6.96,87.92,3.56,2.75,C0S940
七塊厝,22.954453,121.229922,-1.1,15.9,13.69,100.0,14.0,13.77,C0S950
香蘭,22.587569,120.993375,-1.41,19.04,8.0,80.35,2.45,0.58,C0S960
加津林,22.416211,120.926942,-1.13,19.41,1.79,75.75,1.83,-0.8,C0S970
勝林山,22.430439,120.8938,-2.32,12.1,2.67,98.25,4.79,0.81,C0S980
山豬窟,22.318619,120.857372,-1.83,16.11,2.72,86.38,2.27,0.0,C0S990
歷坵,22.520969,120.89185,-1.16,15.5,2.68,91.83,3.4,1.99,C0SA00
檳榔四格山,22.810031,121.109308,-1.75,15.7,6.4,90.25,2.42,2.15,C0SA10
金崙山,22.567419,120.959667,-1.39,12.78,0.91,94.79,4.27,2.21,C0SA20
都歷,23.020333,121.323642,-1.45,18.14,22.29,97.25,2.65,1.7,C0SA30
瑞和,22.974361,121.156697,-1.41,16.53,12.78,95.08,3.17,2.96,C0SA40
土坂,22.453108,120.887572,-1.06,17.61,3.23,87.0,3.17,1.39,C0SA80
大禹嶺,24.186117,121.316086,-0.18,5.31,3.88,77.5,4.35,0.1,C0T790
天祥,24.179597,121.495639,-1.0,13.96,3.76,86.04,1.69,-0.89,C0T820
鯉魚潭,23.935639,121.508944,-1.67,15.07,2.91,92.83,4.0,0.77,C0T870
西林,23.8119,121.441458,-1.17,15.86,6.42,90.29,3.0,0.57,C0T900
光復,23.660694,121.424964,-1.14,16.27,-1.16,88.29,2.83,0.16,C0T960
月眉山,23.809928,121.539828,-1.42,13.9,2.81,96.04,4.54,1.16,C0T9A0
水源,23.991861,121.537169,-1.7,13.26,4.26,95.08,6.6,1.82,C0T9B0
和中,24.26676,121.74103,-1.79,16.88,13.56,97.5,2.92,-0.72,C0T9D0
大坑,23.880628,121.581981,-1.62,14.25,3.59,94.29,4.65,1.01,C0T9E0
水璉,23.797131,121.542514,-2.24,15.56,6.9,91.38,3.98,1.02,C0T9F0
鳳林山,23.735269,121.420131,-2.85,13.1,0.79,95.88,3.54,-0.04,C0T9G0
加路蘭山,23.682947,121.5274,-1.83,12.53,4.24,99.46,11.06,4.56,C0T9H0
靜浦,23.455167,121.495028,-1.5,16.73,5.3,89.88,9.33,4.72,C0T9M0
富里,23.171639,121.249378,0.67,18.1,14.88,100.0,11.0,10.85,C0T9N0
雙連埤,24.753033,121.641303,-1.86,11.6,-0.2,96.92,10.77,4.75,C0U520
礁溪,24.817539,121.765608,-1.67,15.47,3.28,86.92,5.88,0.69,C0U600
玉蘭,24.675286,121.587061,-1.84,12.7,3.42,91.0,11.1,4.66,C0U650
太平山,24.505486,121.525656,-1.47,6.02,4.89,95.33,7.31,2.95,C0U710
南山,24.43742,121.38167,-3.07,8.86,0.41,96.29,4.67,3.31,C0U720
東澳,24.52196,121.83318,-2.47,15.56,11.4,97.75,12.06,4.8,C0U760
南澳,24.44935,121.81022,-2.25,16.35,5.83,82.17,3.5,0.76,C0U770
五結,24.68637,121.79794,-2.1,14.91,6.44,88.58,10.21,4.57,C0U780
頭城,24.85323,121.8308,-1.91,15.59,6.92,88.54,6.21,3.74,C0U860
大礁溪,24.791042,121.675047,-1.95,12.61,7.35,95.25,8.0,4.43,C0U870
三星,24.66812,121.65302,-2.04,14.64,8.55,96.54,6.71,4.13,C0U890
內城,24.71813,121.68766,-1.79,15.14,3.79,90.42,6.48,4.16,C0U900
冬山,24.63373,121.7937,-1.74,15.47,15.39,96.96,11.5,7.93,C0U910
羅東,24.68184,121.74934,-1.63,15.31,3.71,88.62,7.17,4.63,C0U940
鶯子嶺,24.89754,121.79244,-1.83,8.85,-0.28,96.88,13.85,6.96,C0U950
翠峰湖,24.510856,121.608044,-1.67,5.1,1.33,97.33,4.94,2.5,C0U960
大福,24.80064,121.81389,-2.15,15.13,5.08,85.75,6.25,4.22,C0U970
坪林石牌,24.86478,121.77396,-1.66,11.6,1.07,97.04,8.08,4.5,C0U980
員山,24.74435,121.72247,-2.05,15.3,9.13,89.96,6.25,3.88,C0U990
土場,24.576533,121.495333,-1.82,13.3,1.7,90.04,2.92,1.38,C0UA00
鴛鴦湖,24.590269,121.412228,-1.61,6.3,3.08,98.71,8.6,4.81,C0UA10
白嶺,24.527819,121.519031,-2.01,7.67,2.19,98.17,10.33,6.12,C0UA30
西德山,24.560647,121.752608,-3.03,8.91,2.33,99.04,11.46,6.7,C0UA40
西帽山,24.555361,121.802628,-2.93,10.38,1.08,96.88,30.65,21.02,C0UA50
樟樹山,24.41393,121.78325,-2.52,12.62,9.89,98.58,5.31,1.65,C0UA60
桃源谷,24.962606,121.888875,-2.02,11.46,1.21,97.71,25.08,14.9,C0UA70
復興,23.222403,120.806089,-0.4,16.79,8.7,82.96,5.62,4.55,C0V210
溪埔,22.738578,120.446797,-1.11,18.44,5.14,82.38,1.39,1.01,C0V350
內門,22.975481,120.466769,-0.08,18.28,4.63,83.25,3.58,3.06,C0V360
古亭坑,22.893178,120.401947,-1.64,17.26,6.1,86.33,3.33,2.82,C0V370
阿公店,22.804194,120.355528,-1.68,17.03,1.96,82.96,2.42,2.08,C0V400
鳳山,22.646653,120.356122,-1.9,17.89,13.59,87.0,1.19,0.8,C0V440
鳳森,22.545064,120.392592,-1.28,18.65,4.08,78.29,0.69,0.19,C0V450
新興,22.627422,120.298803,-1.56,18.43,5.58,77.58,1.17,0.77,C0V490
梓官,22.760558,120.267211,-1.64,17.58,3.67,79.75,2.06,1.75,C0V610
永安,22.82315,120.236856,-1.75,17.16,2.03,80.0,2.4,2.14,C0V620
茄萣,22.906642,120.182608,-1.51,17.1,7.99,81.5,3.25,2.63,C0V630
湖內,22.887139,120.2445,-1.83,16.97,1.53,79.12,3.12,2.56,C0V640
彌陀,22.783806,120.246361,-1.27,17.93,3.24,80.42,2.52,2.23,C0V650
岡山,22.797078,120.294958,-1.23,18.28,3.92,78.25,2.71,2.38,C0V660
仁武,22.701083,120.347722,-1.42,18.42,4.03,78.5,1.92,1.59,C0V680
鼓山,22.623325,120.275575,-1.81,18.03,6.58,81.71,1.42,0.97,C0V690
三民,22.645017,120.311233,-1.78,18.55,8.88,78.54,1.27,0.86,C0V700
苓雅,22.622742,120.330669,-1.03,19.05,13.36,82.0,1.17,0.8,C0V710
林園,22.507747,120.394511,-0.99,20.11,7.87,77.29,0.58,0.06,C0V720
大寮,22.605614,120.395717,-1.59,18.61,10.19,81.92,1.35,0.82,C0V730
旗山,22.888614,120.483597,-0.68,18.63,4.49,79.82,3.0,2.66,C0V740
路竹,22.854997,120.259439,-1.05,18.11,3.82,79.46,2.83,2.52,C0V750
橋頭,22.757806,120.30575,-1.44,18.28,0.5,76.17,2.19,1.81,C0V760
大社,22.730306,120.346639,-1.8,17.81,8.83,82.58,2.0,1.66,C0V770
萬山,22.905944,120.688056,-0.46,18.15,6.45,82.71,0.48,-0.27,C0V790
六龜,22.997889,120.633583,-0.14,19.22,9.66,85.42,4.12,3.22,C0V800
左營,22.67491,120.28491,-2.07,17.36,0.6,81.42,1.69,1.42,C0V810
小林,23.148408,120.63325,-2.17,17.5,15.75,87.96,3.29,2.76,C0V820
東莒,25.9652,119.98069,-0.43,10.19,-3.5,76.5,0.81,-0.61,C0W110
西嶼,23.5626,119.468436,-1.95,14.81,-0.56,84.12,2.69,2.29,C0W120
花嶼,23.40007,119.32276,-2.33,15.42,2.46,83.0,2.35,2.21,C0W130
金寧,24.457703,118.328989,-0.77,13.62,-5.84,68.08,0.42,-1.28,C0W150
東河,23.296598,120.385608,-1.49,16.49,-0.41,79.83,3.54,3.18,C0X050
下營,23.22695,120.256261,-1.36,16.34,-0.17,79.17,3.79,3.33,C0X060
佳里,23.173039,120.145086,-1.79,16.39,3.9,82.38,3.48,2.96,C0X080
臺南市北區,23.010394,120.194228,-1.82,16.9,13.78,89.0,3.06,2.57,C0X100
臺南市南區,22.961189,120.188378,-1.97,17.2,5.93,80.96,3.5,2.81,C0X110
麻豆,23.183289,120.248611,-1.25,17.09,5.8,86.92,0.02,-0.44,C0X120
官田,23.193217,120.315422,-1.39,17.09,6.3,85.88,3.52,3.06,C0X130
西港,23.125608,120.203108,-1.99,16.33,6.42,85.71,3.94,3.43,C0X140
安定,23.102614,120.227839,-1.65,16.42,5.64,87.75,2.92,2.44,C0X150
仁德,22.968258,120.257689,-1.23,17.71,6.29,82.0,3.58,3.03,C0X160
關廟,22.963017,120.327797,-2.19,16.61,8.3,84.62,3.5,2.92,C0X170
山上,23.0757,120.363253,-1.31,17.0,2.16,83.71,3.79,3.37,C0X180
安平,22.993161,120.152181,-1.93,16.67,1.8,80.92,3.5,3.11,C0X190
左鎮,23.056758,120.408522,-0.19,17.62,0.76,83.08,3.56,3.13,C0X200
白河,23.347466,120.414427,-1.52,16.37,1.93,81.29,3.44,3.07,C0X210
學甲,23.230367,120.182187,-1.54,16.0,3.86,81.92,3.33,2.98,C0X220
鹽水,23.272621,120.247641,-1.61,15.85,2.84,83.33,3.33,3.0,C0X230
關子嶺,23.331169,120.508025,-1.21,15.07,8.0,92.54,4.62,4.0,C0X240
新營,23.310689,120.316681,-1.67,16.31,5.32,82.25,3.46,3.09,C0X250
後壁,23.366358,120.362326,-1.41,16.27,1.33,80.46,3.85,3.54,C0X260
將軍,23.214999,120.13577,-1.85,15.73,-0.58,79.12,2.73,2.41,C0X280
北門,23.267772,120.125481,-1.94,15.69,1.41,80.92,3.42,3.04,C0X290
鹿寮,23.386047,120.477331,-0.92,16.63,4.12,86.96,3.88,3.39,C0X300
柳營,23.253328,120.375253,-1.78,16.92,1.61,78.42,3.65,3.55,C0X320
明里,23.208717,121.262342,-1.24,15.84,1.47,91.0,2.88,1.86,C0Z020
佳心,23.34567,121.21316,-1.71,12.02,9.51,98.58,3.29,1.78,C0Z050
玉里,23.3215,121.339656,-1.62,16.04,6.86,94.12,3.5,2.05,C0Z061
舞鶴,23.46811,121.37407,-1.23,15.36,8.92,99.75,2.98,1.43,C0Z070
富源,23.587642,121.378225,-1.1,15.26,1.12,92.12,2.83,0.81,C0Z080
東華,23.89525,121.549833,-0.63,16.91,-0.33,88.33,1.25,-0.08,C0Z100
吉安光華,23.930925,121.595153,-1.05,17.22,-9.24,74.25,2.08,0.71,C0Z150
鳳林,23.746114,121.453411,-1.49,16.21,-2.12,83.17,2.17,0.93,C0Z160
卓溪,23.3443,121.3029,-2.23,15.89,3.8,86.46,2.81,2.25,C0Z170
新城,24.03946,121.60454,-1.5,17.12,4.88,84.0,2.7,0.96,C0Z180
富世,24.14743,121.6297,-1.66,16.95,1.6,83.42,2.67,0.66,C0Z190
萬榮,23.709219,121.420106,-1.34,16.01,-6.01,84.71,1.92,0.79,C0Z200
瑞穗,23.5239,121.39021,-1.24,16.17,3.04,90.21,3.27,2.28,C0Z210
和平林道,24.343922,121.656317,-1.75,12.92,0.18,89.12,2.33,0.91,C0Z220
和平,24.30717,121.77007,-2.0,16.47,1.29,75.96,2.88,0.35,C0Z230
瑞穗林道,23.49284,121.30688,-0.51,11.86,2.48,98.79,6.54,3.64,C0Z250
蕃薯寮,23.73835,121.540108,-1.64,14.61,3.47,90.58,7.1,3.85,C0Z270
德武,23.47426,121.41071,-1.98,15.54,1.28,91.58,3.52,2.48,C0Z280
赤柯山,23.36893,121.38293,-2.11,11.16,4.14,99.17,6.56,4.64,C0Z290
東里,23.26853,121.30547,-1.71,16.08,-1.31,88.17,3.38,2.48,C0Z300
清水斷崖,24.218294,121.689142,-1.95,16.65,0.32,82.46,0.09,-1.05,C0Z310
清水林道,23.27125,121.188272,-2.49,13.1,3.33,92.04,5.58,4.02,C0Z320
安通山,23.290728,121.348528,-3.49,13.57,6.89,95.12,4.06,2.65,C0Z330
口湖工作站,23.589978,120.180394,-3.1,15.66,-0.39,75.12,1.98,1.71,12J990
東港工作站,22.479997,120.466058,-2.76,19.23,1.2,67.38,0.46,0.37,12Q970
恆春工作站,22.079678,120.714425,-2.09,20.42,-0.63,66.83,0.02,-0.23,12Q980
萬大發電廠,23.978875,121.139639,-1.26,14.52,3.73,81.46,3.35,1.44,42HA10
桃改樹林分場,24.944503,121.386972,-1.62,15.49,-0.4,75.33,4.9,3.03,72AI40
桃園農改場,24.950944,121.030583,-0.43,14.98,-4.16,80.83,3.35,0.11,72C440
桃改五峰分場,24.612194,121.157167,-0.99,10.99,3.24,91.33,6.56,1.95,72D080
臺中農改場,24.003028,120.534389,-1.37,15.91,1.53,81.88,2.12,0.88,72G600
中改埔里分場,23.903208,120.963364,-1.5,15.43,8.92,89.92,3.71,1.35,72HA00
南改斗南分場,23.634556,120.477333,-0.94,16.67,-0.74,80.79,3.15,2.15,72K220
南改義竹分場,23.360694,120.279361,-1.66,16.04,-1.08,80.33,3.38,2.79,72M360
南改鹿草分場,23.416869,120.283061,-3.1,16.04,0.56,80.91,3.43,3.2,72M700
臺南農改場,23.0605,120.342194,-2.03,16.62,4.38,84.75,0.29,-0.15,72N100
七股研究中心,23.081672,120.062894,-3.63,16.09,1.58,82.5,4.02,3.93,72N240
高雄農改場,22.709333,120.525889,-1.61,18.93,5.43,83.54,0.88,0.51,72Q010
東改班鳩分場,22.829528,121.077694,-1.3,16.61,-0.71,79.5,2.65,1.34,72S200
東改賓朗果園,22.813889,121.071278,-1.98,16.31,-5.22,82.79,2.9,1.66,72S590
花蓮農改場,23.975222,121.563889,-1.14,16.88,-1.12,81.25,3.54,1.12,72T250
花改蘭陽分場,24.686306,121.716583,-1.64,15.3,2.61,85.88,6.94,2.46,72U480
高改旗南分場,22.857861,120.516667,-2.18,17.98,8.32,81.79,2.85,2.46,72V140
茶改北部分場,24.955778,121.631222,-1.22,12.68,2.34,89.46,8.79,1.44,82A750
茶改場,24.908472,121.185333,-0.89,14.04,-3.25,82.46,4.52,-0.38,82C160
茶改中部分場,23.875611,120.913583,-1.85,14.18,5.78,88.96,3.69,2.06,82H320
茶改南部分場,23.762528,120.7405,-1.6,14.8,0.66,89.25,4.08,2.97,82H840
茶改東部分場,22.907694,121.130139,-1.76,16.69,-2.88,79.05,2.48,1.53,82S580
農工中心,24.985917,121.239833,-0.92,14.76,-1.16,79.75,4.67,0.46,A2C560
水試臺西試驗場,23.717231,120.190522,-2.0,15.7,1.61,84.58,2.75,2.5,A2K360
臺大雲林校區,23.730628,120.423903,-1.64,15.84,1.76,80.42,2.46,2.19,A2K630
臺南蘭花園區,23.340258,120.379661,-1.55,16.7,3.89,81.54,1.71,1.48,A2N290
畜試北區分所,24.527806,120.770972,-1.04,14.6,-2.46,82.46,2.85,1.53,B2E890
畜產試驗所,23.058972,120.336406,-1.86,16.45,4.49,84.96,2.6,2.07,B2N890
畜試南區分所,21.945583,120.802167,-1.88,19.84,-1.16,73.58,1.06,-0.3,B2Q810
畜試東區分所,24.669039,121.832561,-1.82,15.31,11.86,92.17,8.79,5.75,B2U990
蓮華池,23.918333,120.885278,-1.19,14.93,3.69,89.12,3.08,1.11,E2H360
林試畢祿溪站,24.226944,121.308522,0.44,7.74,7.52,82.96,4.52,2.6,E2HA20
四湖植物園,23.676986,120.163433,-3.04,15.81,6.58,89.04,2.67,2.1,E2K600
林試六龜中心,22.991703,120.645722,-0.54,17.97,10.04,86.0,3.69,2.51,E2P980
林試太麻里2,22.598,120.99775,-1.19,18.75,-0.07,75.54,1.94,0.59,E2S960
林試太麻里1,22.598922,120.980044,-1.2,18.01,2.39,79.08,2.38,1.57,E2S980
農試所(霧峰),24.031261,120.688133,-1.14,16.79,3.71,83.65,2.78,1.24,G2F820
農試嘉義分所,23.485028,120.473806,-1.56,16.0,0.53,82.08,2.88,1.97,G2L020
農試鳳山分所,22.646611,120.356083,-2.43,18.06,5.86,78.67,1.08,0.55,G2P820
苗栗農改場,24.495722,120.829111,-1.34,14.29,-1.2,83.08,3.75,1.0,K2E360
苗改生物防治研究中心,24.422861,120.871833,-2.39,13.63,-2.38,82.58,3.4,2.42,K2E710
種苗改良場,24.225972,120.800917,-1.21,14.31,7.12,86.96,3.67,1.27,K2F750
溪頭,23.670306,120.798194,-1.22,12.0,8.0,95.08,6.5,4.51,U2H480
臺大和社,23.590856,120.888864,-1.57,15.05,13.09,88.21,3.98,3.77,U2HA30
臺大內茅埔,23.689722,120.851117,-2.56,15.46,11.09,86.58,4.19,3.65,U2HA40
臺大竹山,23.756972,120.681556,-1.4,16.27,-1.62,81.25,3.29,2.16,U2HA50
臺大竹山,23.756972,120.681556,-1.4,16.27,-1.62,81.25,3.29,2.16,U2HA50
臺大內茅埔,23.689722,120.851117,-2.56,15.46,11.09,86.58,4.19,3.65,U2HA40
臺大和社,23.590856,120.888864,-1.57,15.05,13.09,88.21,3.98,3.77,U2HA30
臺大溪頭,23.670306,120.798194,-1.22,12.0,8.0,95.08,6.5,4.51,U2H480
種苗繁殖,24.225972,120.800917,-1.21,14.31,7.12,86.96,3.67,1.27,K2F750
苗改生物防治研究中心,24.422861,120.871833,-2.39,13.63,-2.38,82.58,3.4,2.42,K2E710
苗栗農改,24.495722,120.829111,-1.34,14.29,-1.2,83.08,3.75,1.0,K2E360
農試鳳山分所,22.646611,120.356083,-2.43,18.06,5.86,78.67,1.08,0.55,G2P820
農試嘉義分所,23.485028,120.473806,-1.56,16.0,0.53,82.08,2.88,1.97,G2L020
農業試驗所,24.031261,120.688133,-1.14,16.79,3.71,83.65,2.78,1.24,G2F820
林試太麻里1,22.598922,120.980044,-1.2,18.01,2.39,79.08,2.38,1.57,E2S980
林試太麻里2,22.598014,120.989761,-1.19,18.75,-0.07,75.54,1.94,0.59,E2S960
林試六龜中心,22.991703,120.645722,-0.54,17.97,10.04,86.0,3.69,2.51,E2P980
四湖植物園,23.676986,120.163433,-3.04,15.81,6.58,89.04,2.67,2.1,E2K600
林試畢祿溪站,24.226944,121.308522,0.44,7.74,7.52,82.96,4.52,2.6,E2HA20
蓮華池,23.918333,120.885278,-1.19,14.93,3.69,89.12,3.08,1.11,E2H360
畜試東區分所,24.669039,121.832561,-1.82,15.31,11.86,92.17,8.79,5.75,B2U990
畜試南區分所,21.945583,120.802167,-1.88,19.84,-1.16,73.58,1.06,-0.3,B2Q810
畜試所,23.058972,120.336406,-1.86,16.45,4.49,84.96,2.6,2.07,B2N890
畜試北區分所,24.527806,120.770972,-1.04,14.6,-2.46,82.46,2.85,1.53,B2E890
臺南蘭花園區,23.340258,120.379661,-1.55,16.7,3.89,81.54,1.71,1.48,A2N290
臺大雲林校區,23.730628,120.423903,-1.64,15.84,1.76,80.42,2.46,2.19,A2K630
水試臺西試驗場,23.717231,120.190522,-2.0,15.7,1.61,84.58,2.75,2.5,A2K360
農工中心,24.985917,121.239833,-0.92,14.76,-1.16,79.75,4.67,0.46,A2C560
茶改東部分場,22.907694,121.130139,-1.76,16.69,-2.88,79.05,2.48,1.53,82S580
茶改南部分場,23.762528,120.7405,-1.6,14.8,0.66,89.25,4.08,2.97,82H840
茶改中部分場,23.875611,120.913583,-1.85,14.18,5.78,88.96,3.69,2.06,82H320
茶改場,24.908472,121.185333,-0.89,14.04,-3.25,82.46,4.52,-0.38,82C160
茶改北部分場,24.955778,121.631222,-1.22,12.68,2.34,89.46,8.79,1.44,82A750
高改旗南分場,22.857861,120.516667,-2.18,17.98,8.32,81.79,2.85,2.46,72V140
花改蘭陽分場,24.686306,121.716583,-1.64,15.3,2.61,85.88,6.94,2.46,72U480
花蓮農改,23.975222,121.563889,-1.14,16.88,-1.12,81.25,3.54,1.12,72T250
東改賓朗果園,22.813889,121.071278,-1.98,16.31,-5.22,82.79,2.9,1.66,72S590
東改班鳩分場,22.829528,121.077694,-1.3,16.61,-0.71,79.5,2.65,1.34,72S200
高雄農改,22.709333,120.525889,-1.61,18.93,5.43,83.54,0.88,0.51,72Q010
七股研究中心,23.081672,120.062894,-3.63,16.09,1.58,82.5,4.02,3.93,72N240
臺南農改,23.0605,120.342194,-2.03,16.62,4.38,84.75,0.29,-0.15,72N100
南改鹿草分場,23.416869,120.283061,-3.1,16.04,0.56,80.91,3.43,3.2,72M700
南改義竹分場,23.360694,120.279361,-1.66,16.04,-1.08,80.33,3.38,2.79,72M360
南改斗南分場,23.634556,120.477333,-0.94,16.67,-0.74,80.79,3.15,2.15,72K220
中改埔里分場,23.903208,120.963364,-1.5,15.43,8.92,89.92,3.71,1.35,72HA00
臺中農改,24.003028,120.534389,-1.37,15.91,1.53,81.88,2.12,0.88,72G600
桃改五峰分場,24.612194,121.157167,-0.99,10.99,3.24,91.33,6.56,1.95,72D080
桃園農改,24.950944,121.030583,-0.43,14.98,-4.16,80.83,3.35,0.11,72C440
桃改樹林分場,24.944503,121.386972,-1.62,15.49,-0.4,75.33,4.9,3.03,72AI40
萬大發電廠,23.978875,121.139639,-1.26,14.52,3.73,81.46,3.35,1.44,42HA10
恆春工作站,22.079678,120.714425,-2.09,20.42,-0.63,66.83,0.02,-0.23,12Q980
東港工作站,22.479997,120.466058,-2.76,19.23,1.2,67.38,0.46,0.37,12Q970
口湖工作站,23.589978,120.180394,-3.1,15.66,-0.39,75.12,1.98,1.71,12J990
