,StnPres,Tx,RH,WS,WD,WSGust,WDGust,Precp,SunShine,GloblRad,TxSoil0cm,TxSoil10cm,TxSoil20cm,TxSoil50cm,TxSoil100cm,AirTemperature.Instantaneousf,GlobalSolarRadiation.Accumulationf,PeakGust.Directionf,PeakGust.MaximumTime,PeakGust.MaximumTimef,PeakGust.Maximumf,Precipitation.Accumulationf,Precipitation.MeltFlag,Precipitation.MeltFlagf,RelativeHumidity.Instantaneousf,SoilTemperatureAt0cm.Instantaneousf,SoilTemperatureAt100cm.Instantaneousf,SoilTemperatureAt10cm.Instantaneousf,SoilTemperatureAt20cm.Instantaneousf,SoilTemperatureAt50cm.Instantaneousf,SoilTemperatureAt5cm.Instantaneousf,StationPressure.Instantaneousf,SunshineDuration.Totalf,TxSoil5cm,WindDirection.Meanf,WindSpeed.Meanf
2024-01-01 01:00:00,973.8,16.0,92.0,1.0,33.0,6.5,339.0,0.0,,,,,,,,,,,2024-01-01T00:23:00,,,,0,,,,,,,,,,,,,
2024-01-01 02:00:00,973.5,15.8,91.0,1.1,29.0,10.3,33.0,0.0,,,,,,,,,,,2024-01-01T01:56:00,,,,0,,,,,,,,,,,,,
2024-01-01 03:00:00,973.3,15.4,93.0,0.9,60.0,6.9,47.0,0.0,,,,,,,,,,,2024-01-01T02:42:00,,,,0,,,,,,,,,,,,,
2024-01-01 04:00:00,973.3,15.1,93.0,0.8,93.0,7.7,31.0,0.0,,,,,,,,,,,2024-01-01T03:43:00,,,,0,,,,,,,,,,,,,
2024-01-01 05:00:00,973.6,15.2,92.0,0.6,96.0,7.1,36.0,0.0,,,,,,,,,,,2024-01-01T04:41:00,,,,0,,,,,,,,,,,,,
2024-01-01 06:00:00,974.1,14.9,92.0,0.9,71.0,5.1,12.0,0.0,,,,,,,,,,,2024-01-01T05:30:00,,,,0,,,,,,,,,,,,,
2024-01-01 07:00:00,974.5,14.8,91.0,1.0,46.0,5.8,13.0,0.0,,,,,,,,,,,2024-01-01T06:43:00,,,,0,,,,,,,,,,,,,
2024-01-01 08:00:00,975.3,14.8,90.0,0.8,82.0,5.9,47.0,0.0,,,,,,,,,,,2024-01-01T07:52:00,,,,0,,,,,,,,,,,,,
2024-01-01 09:00:00,975.9,15.3,87.0,0.9,76.0,4.9,8.0,0.0,,,,,,,,,,,2024-01-01T08:17:00,,,,0,,,,,,,,,,,,,
2024-01-01 10:00:00,976.1,16.2,84.0,0.8,46.0,5.6,63.0,0.0,,,,,,,,,,,2024-01-01T09:57:00,,,,0,,,,,,,,,,,,,
2024-01-01 11:00:00,975.7,16.6,81.0,0.7,32.0,4.8,344.0,0.0,,,,,,,,,,,2024-01-01T10:14:00,,,,0,,,,,,,,,,,,,
2024-01-01 12:00:00,974.8,17.6,80.0,0.5,96.0,3.7,103.0,0.0,,,,,,,,,,,2024-01-01T11:26:00,,,,0,,,,,,,,,,,,,
2024-01-01 13:00:00,974.0,18.1,79.0,0.2,0.0,5.3,32.0,0.0,,,,,,,,,,,2024-01-01T12:27:00,,,,0,,,,,,,,,,,,,
2024-01-01 14:00:00,973.4,17.7,80.0,0.5,79.0,3.0,82.0,0.0,,,,,,,,,,,2024-01-01T13:55:00,,,,0,,,,,,,,,,,,,
2024-01-01 15:00:00,973.0,17.2,80.0,0.6,63.0,5.0,70.0,0.0,,,,,,,,,,,2024-01-01T14:13:00,,,,0,,,,,,,,,,,,,
2024-01-01 16:00:00,973.7,16.2,83.0,0.5,77.0,3.9,13.0,0.0,,,,,,,,,,,2024-01-01T15:45:00,,,,0,,,,,,,,,,,,,
2024-01-01 17:00:00,973.9,15.5,84.0,0.6,42.0,3.9,29.0,0.0,,,,,,,,,,,2024-01-01T16:30:00,,,,0,,,,,,,,,,,,,
2024-01-01 18:00:00,974.5,15.1,86.0,0.7,64.0,4.6,48.0,0.0,,,,,,,,,,,2024-01-01T17:01:00,,,,0,,,,,,,,,,,,,
2024-01-01 19:00:00,974.8,15.0,86.0,0.9,34.0,4.8,355.0,0.0,,,,,,,,,,,2024-01-01T18:52:00,,,,0,,,,,,,,,,,,,
2024-01-01 20:00:00,975.1,14.9,87.0,0.9,25.0,6.0,70.0,0.0,,,,,,,,,,,2024-01-01T19:49:00,,,,0,,,,,,,,,,,,,
2024-01-01 21:00:00,975.2,14.9,87.0,0.6,17.0,4.1,48.0,0.0,,,,,,,,,,,2024-01-01T20:04:00,,,,0,,,,,,,,,,,,,
2024-01-01 22:00:00,975.1,14.7,87.0,0.6,29.0,7.4,15.0,0.0,,,,,,,,,,,2024-01-01T21:20:00,,,,0,,,,,,,,,,,,,
2024-01-01 23:00:00,975.0,14.8,85.0,0.8,57.0,5.8,13.0,0.0,,,,,,,,,,,2024-01-01T22:45:00,,,,0,,,,,,,,,,,,,
2024-01-02 00:00:00,974.6,14.8,86.0,0.7,88.0,5.0,336.0,0.0,,,,,,,,,,,2024-01-01T23:19:00,,,,0,,,,,,,,,,,,,
2024-01-02 01:00:00,974.1,14.6,85.0,0.8,10.0,4.6,346.0,0.0,,,,,,,,,,,2024-01-02T00:39:00,,,,0,,,,,,,,,,,,,
2024-01-02 02:00:00,973.7,14.5,86.0,0.5,6.0,8.8,330.0,0.0,,,,,,,,,,,2024-01-02T01:19:00,,,,0,,,,,,,,,,,,,
2024-01-02 03:00:00,973.3,14.6,88.0,1.5,307.0,5.0,354.0,0.0,,,,,,,,,,,2024-01-02T02:27:00,,,,0,,,,,,,,,,,,,
2024-01-02 04:00:00,973.0,14.7,86.0,0.7,8.0,4.5,60.0,0.0,,,,,,,,,,,2024-01-02T03:47:00,,,,0,,,,,,,,,,,,,
2024-01-02 05:00:00,972.9,14.9,85.0,0.2,0.0,3.0,125.0,0.0,,,,,,,,,,,2024-01-02T04:21:00,,,,0,,,,,,,,,,,,,
2024-01-02 06:00:00,973.2,15.0,86.0,2.0,331.0,5.3,317.0,0.0,,,,,,,,,,,2024-01-02T05:33:00,,,,0,,,,,,,,,,,,,
2024-01-02 07:00:00,973.5,15.0,86.0,0.7,343.0,4.6,339.0,0.0,,,,,,,,,,,2024-01-02T06:10:00,,,,0,,,,,,,,,,,,,
2024-01-02 08:00:00,973.8,16.5,82.0,0.6,357.0,3.5,351.0,0.0,,,,,,,,,,,2024-01-02T07:12:00,,,,0,,,,,,,,,,,,,
2024-01-02 09:00:00,974.3,19.3,72.0,0.6,52.0,3.5,341.0,0.0,,,,,,,,,,,2024-01-02T08:15:00,,,,0,,,,,,,,,,,,,
2024-01-02 10:00:00,974.1,21.7,69.0,0.8,53.0,3.5,42.0,0.0,,,,,,,,,,,2024-01-02T09:27:00,,,,0,,,,,,,,,,,,,
2024-01-02 11:00:00,973.4,21.0,66.0,0.4,43.0,2.8,66.0,0.0,,,,,,,,,,,2024-01-02T10:14:00,,,,0,,,,,,,,,,,,,
2024-01-02 12:00:00,972.2,23.4,60.0,0.6,95.0,2.3,61.0,0.0,,,,,,,,,,,2024-01-02T11:39:00,,,,0,,,,,,,,,,,,,
2024-01-02 13:00:00,970.9,21.6,59.0,1.0,76.0,4.2,84.0,0.0,,,,,,,,,,,2024-01-02T12:43:00,,,,0,,,,,,,,,,,,,
2024-01-02 14:00:00,970.3,22.6,60.0,1.2,77.0,4.8,56.0,0.0,,,,,,,,,,,2024-01-02T13:48:00,,,,0,,,,,,,,,,,,,
2024-01-02 15:00:00,970.2,20.9,68.0,0.9,72.0,5.3,92.0,0.0,,,,,,,,,,,2024-01-02T14:16:00,,,,0,,,,,,,,,,,,,
2024-01-02 16:00:00,970.4,19.7,74.0,1.0,84.0,3.9,83.0,0.0,,,,,,,,,,,2024-01-02T15:14:00,,,,0,,,,,,,,,,,,,
2024-01-02 17:00:00,970.8,18.5,76.0,1.5,68.0,4.0,49.0,0.0,,,,,,,,,,,2024-01-02T16:14:00,,,,0,,,,,,,,,,,,,
2024-01-02 18:00:00,971.0,17.9,78.0,2.2,67.0,4.0,64.0,0.0,,,,,,,,,,,2024-01-02T17:48:00,,,,0,,,,,,,,,,,,,
2024-01-02 19:00:00,971.6,17.8,81.0,1.4,58.0,4.8,53.0,0.0,,,,,,,,,,,2024-01-02T18:45:00,,,,0,,,,,,,,,,,,,
2024-01-02 20:00:00,972.1,17.7,78.0,1.3,70.0,4.0,52.0,0.0,,,,,,,,,,,2024-01-02T19:07:00,,,,0,,,,,,,,,,,,,
2024-01-02 21:00:00,972.2,17.7,78.0,1.3,268.0,2.1,56.0,0.0,,,,,,,,,,,2024-01-02T20:07:00,,,,0,,,,,,,,,,,,,
2024-01-02 22:00:00,971.9,16.9,83.0,1.1,331.0,2.0,339.0,0.0,,,,,,,,,,,2024-01-02T21:58:00,,,,0,,,,,,,,,,,,,
2024-01-02 23:00:00,971.5,16.6,84.0,1.7,313.0,3.1,337.0,0.0,,,,,,,,,,,2024-01-02T22:40:00,,,,0,,,,,,,,,,,,,
2024-01-03 00:00:00,971.2,16.5,86.0,1.5,317.0,3.2,334.0,0.0,,,,,,,,,,,2024-01-02T23:34:00,,,,0,,,,,,,,,,,,,
2024-01-03 01:00:00,970.9,16.4,86.0,0.7,326.0,3.8,2.0,0.0,,,,,,,,,,,2024-01-03T00:18:00,,,,0,,,,,,,,,,,,,
2024-01-03 02:00:00,970.3,16.3,87.0,1.2,324.0,2.8,314.0,0.0,,,,,,,,,,,2024-01-03T01:04:00,,,,0,,,,,,,,,,,,,
2024-01-03 03:00:00,969.8,16.8,84.0,1.8,327.0,2.7,340.0,0.0,,,,,,,,,,,2024-01-03T02:52:00,,,,0,,,,,,,,,,,,,
2024-01-03 04:00:00,969.2,16.2,86.0,0.4,353.0,4.0,335.0,0.0,,,,,,,,,,,2024-01-03T03:24:00,,,,0,,,,,,,,,,,,,
2024-01-03 05:00:00,969.7,16.4,85.0,0.7,9.0,3.1,356.0,0.0,,,,,,,,,,,2024-01-03T04:04:00,,,,0,,,,,,,,,,,,,
2024-01-03 06:00:00,970.3,16.3,86.0,1.8,314.0,4.0,327.0,0.0,,,,,,,,,,,2024-01-03T05:39:00,,,,0,,,,,,,,,,,,,
2024-01-03 07:00:00,970.9,16.7,85.0,0.4,13.0,3.6,44.0,0.0,,,,,,,,,,,2024-01-03T06:52:00,,,,0,,,,,,,,,,,,,
2024-01-03 08:00:00,971.7,17.6,83.0,0.8,343.0,2.7,20.0,0.0,,,,,,,,,,,2024-01-03T07:38:00,,,,0,,,,,,,,,,,,,
2024-01-03 09:00:00,971.9,21.0,70.0,1.1,11.0,3.9,319.0,0.0,,,,,,,,,,,2024-01-03T08:59:00,,,,0,,,,,,,,,,,,,
2024-01-03 10:00:00,971.6,21.2,73.0,0.3,51.0,2.7,37.0,0.0,,,,,,,,,,,2024-01-03T09:44:00,,,,0,,,,,,,,,,,,,
2024-01-03 11:00:00,971.3,26.0,59.0,1.1,72.0,4.9,61.0,0.0,,,,,,,,,,,2024-01-03T10:59:00,,,,0,,,,,,,,,,,,,
2024-01-03 12:00:00,970.5,23.2,71.0,1.4,63.0,4.5,31.0,0.0,,,,,,,,,,,2024-01-03T11:51:00,,,,0,,,,,,,,,,,,,
2024-01-03 13:00:00,969.9,22.0,75.0,0.7,73.0,7.1,54.0,0.0,,,,,,,,,,,2024-01-03T12:38:00,,,,0,,,,,,,,,,,,,
2024-01-03 14:00:00,969.6,20.7,86.0,2.2,60.0,7.7,51.0,0.0,,,,,,,,,,,2024-01-03T13:45:00,,,,0,,,,,,,,,,,,,
2024-01-03 15:00:00,969.6,19.7,86.0,2.2,65.0,9.2,67.0,0.0,,,,,,,,,,,2024-01-03T14:24:00,,,,0,,,,,,,,,,,,,
2024-01-03 16:00:00,970.3,17.9,90.0,3.5,45.0,10.8,54.0,0.0,,,,,,,,,,,2024-01-03T15:54:00,,,,0,,,,,,,,,,,,,
2024-01-03 17:00:00,971.5,16.6,96.0,2.0,29.0,9.3,54.0,0.5,,,,,,,,,,,2024-01-03T16:14:00,,,,0,,,,,,,,,,,,,
2024-01-03 18:00:00,972.3,16.0,98.0,0.6,23.0,4.7,63.0,0.0,,,,,,,,,,,2024-01-03T17:02:00,,,,0,,,,,,,,,,,,,
2024-01-03 19:00:00,973.1,15.4,98.0,0.4,40.0,3.9,27.0,0.0,,,,,,,,,,,2024-01-03T18:29:00,,,,0,,,,,,,,,,,,,
2024-01-03 20:00:00,973.8,14.8,98.0,0.6,112.0,2.8,74.0,0.0,,,,,,,,,,,2024-01-03T19:12:00,,,,0,,,,,,,,,,,,,
2024-01-03 21:00:00,974.5,14.2,100.0,0.4,39.0,3.3,50.0,0.0,,,,,,,,,,,2024-01-03T20:36:00,,,,0,,,,,,,,,,,,,
2024-01-03 22:00:00,974.7,13.7,100.0,0.6,79.0,4.7,33.0,0.0,,,,,,,,,,,2024-01-03T21:02:00,,,,0,,,,,,,,,,,,,
2024-01-03 23:00:00,974.7,13.5,99.0,0.5,49.0,3.0,33.0,0.0,,,,,,,,,,,2024-01-03T22:01:00,,,,0,,,,,,,,,,,,,
2024-01-04 00:00:00,974.5,13.4,98.0,0.4,82.0,6.3,3.0,0.0,,,,,,,,,,,2024-01-03T23:01:00,,,,0,,,,,,,,,,,,,
2024-01-04 01:00:00,974.3,13.1,98.0,0.7,82.0,3.9,38.0,0.0,,,,,,,,,,,2024-01-04T00:31:00,,,,0,,,,,,,,,,,,,
2024-01-04 02:00:00,973.8,12.7,95.0,1.2,354.0,6.4,318.0,0.0,,,,,,,,,,,2024-01-04T02:00:00,,,,0,,,,,,,,,,,,,
2024-01-04 03:00:00,973.4,12.4,93.0,0.6,48.0,4.3,358.0,0.0,,,,,,,,,,,2024-01-04T02:49:00,,,,0,,,,,,,,,,,,,
2024-01-04 04:00:00,973.5,12.1,91.0,0.7,66.0,4.1,96.0,0.0,,,,,,,,,,,2024-01-04T03:17:00,,,,0,,,,,,,,,,,,,
2024-01-04 05:00:00,973.7,12.1,88.0,0.9,44.0,5.1,347.0,0.0,,,,,,,,,,,2024-01-04T04:06:00,,,,0,,,,,,,,,,,,,
2024-01-04 06:00:00,974.2,11.9,86.0,0.7,26.0,5.0,41.0,0.0,,,,,,,,,,,2024-01-04T05:59:00,,,,0,,,,,,,,,,,,,
2024-01-04 07:00:00,974.7,12.3,86.0,0.7,33.0,5.3,351.0,0.0,,,,,,,,,,,2024-01-04T06:13:00,,,,0,,,,,,,,,,,,,
2024-01-04 08:00:00,975.4,13.0,84.0,0.6,31.0,5.3,85.0,0.0,,,,,,,,,,,2024-01-04T07:12:00,,,,0,,,,,,,,,,,,,
2024-01-04 09:00:00,975.8,13.7,80.0,1.5,329.0,6.8,311.0,0.0,,,,,,,,,,,2024-01-04T08:44:00,,,,0,,,,,,,,,,,,,
2024-01-04 10:00:00,975.5,16.1,74.0,0.5,6.0,4.0,354.0,0.0,,,,,,,,,,,2024-01-04T09:02:00,,,,0,,,,,,,,,,,,,
2024-01-04 11:00:00,974.9,18.2,69.0,0.4,357.0,2.8,20.0,0.0,,,,,,,,,,,2024-01-04T10:04:00,,,,0,,,,,,,,,,,,,
2024-01-04 12:00:00,973.5,19.9,62.0,0.2,0.0,3.9,53.0,0.0,,,,,,,,,,,2024-01-04T11:19:00,,,,0,,,,,,,,,,,,,
2024-01-04 13:00:00,973.0,19.6,62.0,0.0,0.0,2.2,24.0,0.0,,,,,,,,,,,2024-01-04T12:20:00,,,,0,,,,,,,,,,,,,
2024-01-04 14:00:00,972.8,17.8,68.0,0.2,0.0,2.3,28.0,0.0,,,,,,,,,,,2024-01-04T13:18:00,,,,0,,,,,,,,,,,,,
2024-01-04 15:00:00,972.7,17.4,73.0,0.0,0.0,1.2,323.0,0.0,,,,,,,,,,,2024-01-04T14:12:00,,,,0,,,,,,,,,,,,,
2024-01-04 16:00:00,973.0,16.8,76.0,0.1,0.0,2.3,311.0,0.0,,,,,,,,,,,2024-01-04T15:41:00,,,,0,,,,,,,,,,,,,
2024-01-04 17:00:00,973.8,15.7,77.0,0.2,0.0,2.8,32.0,0.0,,,,,,,,,,,2024-01-04T17:00:00,,,,0,,,,,,,,,,,,,
2024-01-04 18:00:00,974.2,14.9,79.0,0.3,86.0,2.4,65.0,0.0,,,,,,,,,,,2024-01-04T17:30:00,,,,0,,,,,,,,,,,,,
2024-01-04 19:00:00,974.8,14.8,80.0,0.2,0.0,2.9,34.0,0.0,,,,,,,,,,,2024-01-04T18:41:00,,,,0,,,,,,,,,,,,,
2024-01-04 20:00:00,975.3,14.5,81.0,0.6,317.0,4.4,340.0,0.0,,,,,,,,,,,2024-01-04T19:23:00,,,,0,,,,,,,,,,,,,
2024-01-04 21:00:00,975.3,13.7,85.0,0.7,27.0,3.5,1.0,0.0,,,,,,,,,,,2024-01-04T20:03:00,,,,0,,,,,,,,,,,,,
2024-01-04 22:00:00,975.1,13.6,84.0,0.6,17.0,4.1,54.0,0.0,,,,,,,,,,,2024-01-04T21:19:00,,,,0,,,,,,,,,,,,,
2024-01-04 23:00:00,975.0,13.2,85.0,0.4,39.0,3.3,11.0,0.0,,,,,,,,,,,2024-01-04T22:36:00,,,,0,,,,,,,,,,,,,
2024-01-05 00:00:00,974.8,13.4,85.0,1.2,8.0,3.7,4.0,0.0,,,,,,,,,,,2024-01-04T23:57:00,,,,0,,,,,,,,,,,,,
2024-01-05 01:00:00,974.3,13.0,83.0,1.0,1.0,3.0,16.0,0.0,,,,,,,,,,,2024-01-05T00:01:00,,,,0,,,,,,,,,,,,,
2024-01-05 02:00:00,974.0,13.7,78.0,0.8,12.0,3.7,353.0,0.0,,,,,,,,,,,2024-01-05T01:03:00,,,,0,,,,,,,,,,,,,
2024-01-05 03:00:00,973.5,13.1,80.0,1.2,320.0,4.8,329.0,0.0,,,,,,,,,,,2024-01-05T03:00:00,,,,0,,,,,,,,,,,,,
2024-01-05 04:00:00,973.4,13.2,76.0,0.9,321.0,5.2,337.0,0.0,,,,,,,,,,,2024-01-05T03:01:00,,,,0,,,,,,,,,,,,,
2024-01-05 05:00:00,973.9,13.7,73.0,2.8,316.0,5.6,338.0,0.0,,,,,,,,,,,2024-01-05T04:46:00,,,,0,,,,,,,,,,,,,
2024-01-05 06:00:00,974.2,13.7,74.0,2.1,318.0,4.6,307.0,0.0,,,,,,,,,,,2024-01-05T05:10:00,,,,0,,,,,,,,,,,,,
2024-01-05 07:00:00,974.6,13.5,75.0,1.4,341.0,4.6,335.0,0.0,,,,,,,,,,,2024-01-05T06:28:00,,,,0,,,,,,,,,,,,,
2024-01-05 08:00:00,974.9,15.4,68.0,1.4,22.0,4.7,325.0,0.0,,,,,,,,,,,2024-01-05T07:21:00,,,,0,,,,,,,,,,,,,
2024-01-05 09:00:00,975.5,17.4,67.0,1.2,13.0,3.8,7.0,0.0,,,,,,,,,,,2024-01-05T08:09:00,,,,0,,,,,,,,,,,,,
2024-01-05 10:00:00,975.4,20.1,59.0,0.4,42.0,3.2,38.0,0.0,,,,,,,,,,,2024-01-05T09:27:00,,,,0,,,,,,,,,,,,,
2024-01-05 11:00:00,974.2,25.0,48.0,0.6,100.0,3.0,76.0,0.0,,,,,,,,,,,2024-01-05T10:42:00,,,,0,,,,,,,,,,,,,
2024-01-05 12:00:00,973.1,21.4,62.0,0.7,89.0,3.3,58.0,0.0,,,,,,,,,,,2024-01-05T11:26:00,,,,0,,,,,,,,,,,,,
2024-01-05 13:00:00,972.0,21.9,63.0,0.6,75.0,3.6,88.0,0.0,,,,,,,,,,,2024-01-05T12:19:00,,,,0,,,,,,,,,,,,,
2024-01-05 14:00:00,971.9,18.6,73.0,1.1,86.0,6.0,86.0,0.0,,,,,,,,,,,2024-01-05T13:22:00,,,,0,,,,,,,,,,,,,
2024-01-05 15:00:00,971.9,18.5,76.0,1.1,90.0,4.3,92.0,0.0,,,,,,,,,,,2024-01-05T14:11:00,,,,0,,,,,,,,,,,,,
2024-01-05 16:00:00,972.2,18.5,77.0,0.7,100.0,3.4,61.0,0.0,,,,,,,,,,,2024-01-05T15:11:00,,,,0,,,,,,,,,,,,,
2024-01-05 17:00:00,972.7,18.1,79.0,1.0,61.0,2.6,61.0,0.0,,,,,,,,,,,2024-01-05T16:53:00,,,,0,,,,,,,,,,,,,
2024-01-05 18:00:00,973.5,17.8,80.0,0.7,332.0,2.1,35.0,0.0,,,,,,,,,,,2024-01-05T17:10:00,,,,0,,,,,,,,,,,,,
2024-01-05 19:00:00,974.0,17.4,83.0,0.2,0.0,2.5,36.0,0.0,,,,,,,,,,,2024-01-05T18:30:00,,,,0,,,,,,,,,,,,,
2024-01-05 20:00:00,974.3,17.1,83.0,0.8,312.0,1.7,360.0,0.0,,,,,,,,,,,2024-01-05T19:32:00,,,,0,,,,,,,,,,,,,
2024-01-05 21:00:00,974.6,16.8,85.0,0.2,0.0,4.1,316.0,0.0,,,,,,,,,,,2024-01-05T20:39:00,,,,0,,,,,,,,,,,,,
2024-01-05 22:00:00,974.5,16.1,87.0,0.6,316.0,3.3,331.0,0.0,,,,,,,,,,,2024-01-05T21:31:00,,,,0,,,,,,,,,,,,,
2024-01-05 23:00:00,974.4,15.9,86.0,1.3,325.0,3.9,340.0,0.0,,,,,,,,,,,2024-01-05T22:52:00,,,,0,,,,,,,,,,,,,
2024-01-06 00:00:00,974.2,15.6,88.0,0.9,324.0,3.7,5.0,0.0,,,,,,,,,,,2024-01-05T23:06:00,,,,0,,,,,,,,,,,,,
2024-01-06 01:00:00,973.7,15.5,88.0,0.2,0.0,2.0,319.0,0.0,,,,,,,,,,,2024-01-06T00:23:00,,,,0,,,,,,,,,,,,,
2024-01-06 02:00:00,973.5,15.4,87.0,0.7,345.0,4.1,333.0,0.0,,,,,,,,,,,2024-01-06T01:14:00,,,,0,,,,,,,,,,,,,
2024-01-06 03:00:00,973.1,14.9,87.0,0.8,12.0,4.9,321.0,0.0,,,,,,,,,,,2024-01-06T02:19:00,,,,0,,,,,,,,,,,,,
2024-01-06 04:00:00,973.1,14.7,87.0,0.7,334.0,4.2,39.0,0.0,,,,,,,,,,,2024-01-06T03:43:00,,,,0,,,,,,,,,,,,,
2024-01-06 05:00:00,973.0,15.2,81.0,2.6,317.0,4.8,322.0,0.0,,,,,,,,,,,2024-01-06T04:38:00,,,,0,,,,,,,,,,,,,
2024-01-06 06:00:00,973.4,15.1,81.0,1.7,2.0,4.8,322.0,0.0,,,,,,,,,,,2024-01-06T05:08:00,,,,0,,,,,,,,,,,,,
2024-01-06 07:00:00,974.2,15.1,81.0,1.2,330.0,4.8,16.0,0.0,,,,,,,,,,,2024-01-06T06:12:00,,,,0,,,,,,,,,,,,,
2024-01-06 08:00:00,974.7,17.3,75.0,0.6,21.0,3.9,314.0,0.0,,,,,,,,,,,2024-01-06T07:11:00,,,,0,,,,,,,,,,,,,
2024-01-06 09:00:00,975.1,20.0,69.0,1.1,42.0,3.5,4.0,0.0,,,,,,,,,,,2024-01-06T08:20:00,,,,0,,,,,,,,,,,,,
2024-01-06 10:00:00,974.7,21.3,62.0,0.5,45.0,2.6,16.0,0.0,,,,,,,,,,,2024-01-06T09:47:00,,,,0,,,,,,,,,,,,,
2024-01-06 11:00:00,974.1,22.5,59.0,0.3,56.0,2.5,76.0,0.0,,,,,,,,,,,2024-01-06T10:16:00,,,,0,,,,,,,,,,,,,
2024-01-06 12:00:00,973.2,22.6,62.0,0.2,0.0,2.1,53.0,0.0,,,,,,,,,,,2024-01-06T11:45:00,,,,0,,,,,,,,,,,,,
2024-01-06 13:00:00,972.2,22.0,65.0,0.2,0.0,1.9,45.0,0.0,,,,,,,,,,,2024-01-06T12:11:00,,,,0,,,,,,,,,,,,,
2024-01-06 14:00:00,971.7,21.7,68.0,0.6,80.0,3.5,93.0,0.0,,,,,,,,,,,2024-01-06T14:00:00,,,,0,,,,,,,,,,,,,
2024-01-06 15:00:00,971.5,19.9,75.0,1.5,72.0,4.5,98.0,0.0,,,,,,,,,,,2024-01-06T14:50:00,,,,0,,,,,,,,,,,,,
2024-01-06 16:00:00,971.8,19.6,80.0,1.4,62.0,4.3,59.0,0.0,,,,,,,,,,,2024-01-06T15:54:00,,,,0,,,,,,,,,,,,,
2024-01-06 17:00:00,972.4,19.1,80.0,0.7,80.0,3.6,61.0,0.0,,,,,,,,,,,2024-01-06T16:24:00,,,,0,,,,,,,,,,,,,
2024-01-06 18:00:00,972.9,18.3,84.0,1.1,10.0,3.7,40.0,0.0,,,,,,,,,,,2024-01-06T17:42:00,,,,0,,,,,,,,,,,,,
2024-01-06 19:00:00,973.6,18.2,83.0,0.9,291.0,3.0,50.0,0.0,,,,,,,,,,,2024-01-06T18:08:00,,,,0,,,,,,,,,,,,,
2024-01-06 20:00:00,974.1,18.5,82.0,1.2,36.0,1.8,63.0,0.0,,,,,,,,,,,2024-01-06T19:49:00,,,,0,,,,,,,,,,,,,
2024-01-06 21:00:00,974.3,17.1,87.0,0.2,0.0,2.9,326.0,0.0,,,,,,,,,,,2024-01-06T20:29:00,,,,0,,,,,,,,,,,,,
2024-01-06 22:00:00,974.4,17.0,90.0,0.5,18.0,2.8,299.0,0.0,,,,,,,,,,,2024-01-06T21:39:00,,,,0,,,,,,,,,,,,,
2024-01-06 23:00:00,974.4,16.7,92.0,0.7,345.0,4.1,353.0,0.0,,,,,,,,,,,2024-01-06T22:59:00,,,,0,,,,,,,,,,,,,
2024-01-07 00:00:00,974.1,16.6,91.0,0.6,351.0,5.6,20.0,0.0,,,,,,,,,,,2024-01-06T23:22:00,,,,0,,,,,,,,,,,,,
2024-01-07 01:00:00,973.9,16.4,90.0,0.4,353.0,5.6,27.0,0.0,,,,,,,,,,,2024-01-07T00:40:00,,,,0,,,,,,,,,,,,,
2024-01-07 02:00:00,973.8,16.6,88.0,0.5,12.0,4.1,339.0,0.0,,,,,,,,,,,2024-01-07T01:25:00,,,,0,,,,,,,,,,,,,
2024-01-07 03:00:00,973.7,16.4,90.0,0.8,359.0,4.5,15.0,0.0,,,,,,,,,,,2024-01-07T02:51:00,,,,0,,,,,,,,,,,,,
2024-01-07 04:00:00,973.7,16.4,90.0,0.4,24.0,4.2,65.0,0.0,,,,,,,,,,,2024-01-07T03:51:00,,,,0,,,,,,,,,,,,,
2024-01-07 05:00:00,974.0,16.2,89.0,0.7,32.0,5.1,58.0,0.0,,,,,,,,,,,2024-01-07T04:59:00,,,,0,,,,,,,,,,,,,
2024-01-07 06:00:00,974.3,16.1,89.0,0.6,125.0,5.4,316.0,0.0,,,,,,,,,,,2024-01-07T05:07:00,,,,0,,,,,,,,,,,,,
2024-01-07 07:00:00,975.4,15.9,88.0,0.8,2.0,4.7,32.0,0.0,,,,,,,,,,,2024-01-07T06:59:00,,,,0,,,,,,,,,,,,,
2024-01-07 08:00:00,976.0,16.2,87.0,0.8,67.0,5.8,39.0,0.0,,,,,,,,,,,2024-01-07T07:24:00,,,,0,,,,,,,,,,,,,
2024-01-07 09:00:00,976.6,16.5,86.0,0.6,4.0,6.2,335.0,0.0,,,,,,,,,,,2024-01-07T08:41:00,,,,0,,,,,,,,,,,,,
2024-01-07 10:00:00,977.1,16.9,85.0,0.5,1.0,6.2,14.0,0.0,,,,,,,,,,,2024-01-07T09:32:00,,,,0,,,,,,,,,,,,,
2024-01-07 11:00:00,976.3,16.5,85.0,0.7,72.0,5.1,318.0,0.0,,,,,,,,,,,2024-01-07T10:20:00,,,,0,,,,,,,,,,,,,
2024-01-07 12:00:00,976.0,17.6,80.0,0.5,81.0,4.3,49.0,0.0,,,,,,,,,,,2024-01-07T11:23:00,,,,0,,,,,,,,,,,,,
2024-01-07 13:00:00,975.2,17.3,80.0,0.6,71.0,4.9,39.0,0.0,,,,,,,,,,,2024-01-07T12:46:00,,,,0,,,,,,,,,,,,,
2024-01-07 14:00:00,974.8,17.0,82.0,0.7,58.0,4.5,11.0,0.0,,,,,,,,,,,2024-01-07T13:02:00,,,,0,,,,,,,,,,,,,
2024-01-07 15:00:00,974.6,16.2,83.0,0.5,59.0,3.6,82.0,0.0,,,,,,,,,,,2024-01-07T14:01:00,,,,0,,,,,,,,,,,,,
2024-01-07 16:00:00,974.7,15.7,84.0,0.6,77.0,4.6,43.0,0.0,,,,,,,,,,,2024-01-07T15:33:00,,,,0,,,,,,,,,,,,,
2024-01-07 17:00:00,975.4,15.2,85.0,0.7,28.0,8.1,357.0,0.0,,,,,,,,,,,2024-01-07T16:37:00,,,,0,,,,,,,,,,,,,
2024-01-07 18:00:00,975.6,14.8,86.0,0.5,59.0,4.3,358.0,0.0,,,,,,,,,,,2024-01-07T17:03:00,,,,0,,,,,,,,,,,,,
2024-01-07 19:00:00,976.1,14.6,87.0,0.6,40.0,5.1,55.0,0.0,,,,,,,,,,,2024-01-07T18:37:00,,,,0,,,,,,,,,,,,,
2024-01-07 20:00:00,976.9,14.4,89.0,0.6,2.0,8.5,13.0,0.0,,,,,,,,,,,2024-01-07T19:03:00,,,,0,,,,,,,,,,,,,
2024-01-07 21:00:00,976.6,14.2,91.0,0.5,29.0,6.1,341.0,0.0,,,,,,,,,,,2024-01-07T20:01:00,,,,0,,,,,,,,,,,,,
2024-01-07 22:00:00,976.4,14.2,90.0,0.4,329.0,4.4,266.0,0.0,,,,,,,,,,,2024-01-07T21:41:00,,,,0,,,,,,,,,,,,,
2024-01-07 23:00:00,976.3,14.1,89.0,0.4,33.0,4.5,357.0,0.0,,,,,,,,,,,2024-01-07T22:09:00,,,,0,,,,,,,,,,,,,
2024-01-08 00:00:00,975.9,14.0,90.0,0.7,12.0,6.1,21.0,0.0,,,,,,,,,,,2024-01-07T23:54:00,,,,0,,,,,,,,,,,,,
2024-01-08 01:00:00,975.5,13.7,92.0,0.8,356.0,4.0,335.0,0.0,,,,,,,,,,,2024-01-08T00:04:00,,,,0,,,,,,,,,,,,,
2024-01-08 02:00:00,974.7,13.8,90.0,0.6,22.0,6.1,319.0,0.0,,,,,,,,,,,2024-01-08T01:30:00,,,,0,,,,,,,,,,,,,
2024-01-08 03:00:00,974.1,13.6,90.0,0.6,12.0,5.9,300.0,0.0,,,,,,,,,,,2024-01-08T02:16:00,,,,0,,,,,,,,,,,,,
2024-01-08 04:00:00,974.3,14.0,88.0,0.6,6.0,5.7,343.0,0.0,,,,,,,,,,,2024-01-08T03:02:00,,,,0,,,,,,,,,,,,,
2024-01-08 05:00:00,973.8,13.8,90.0,1.0,356.0,6.2,30.0,0.0,,,,,,,,,,,2024-01-08T04:58:00,,,,0,,,,,,,,,,,,,
2024-01-08 06:00:00,974.5,14.2,88.0,0.6,19.0,5.0,74.0,0.0,,,,,,,,,,,2024-01-08T05:20:00,,,,0,,,,,,,,,,,,,
2024-01-08 07:00:00,974.9,14.5,87.0,0.6,4.0,4.5,44.0,0.0,,,,,,,,,,,2024-01-08T06:53:00,,,,0,,,,,,,,,,,,,
2024-01-08 08:00:00,975.3,15.6,85.0,0.6,17.0,4.3,353.0,0.0,,,,,,,,,,,2024-01-08T07:10:00,,,,0,,,,,,,,,,,,,
2024-01-08 09:00:00,976.0,16.4,82.0,0.5,6.0,4.4,343.0,0.0,,,,,,,,,,,2024-01-08T08:14:00,,,,0,,,,,,,,,,,,,
2024-01-08 10:00:00,976.0,19.5,72.0,0.3,62.0,3.7,28.0,0.0,,,,,,,,,,,2024-01-08T09:22:00,,,,0,,,,,,,,,,,,,
2024-01-08 11:00:00,975.1,21.1,69.0,0.1,0.0,3.1,62.0,0.0,,,,,,,,,,,2024-01-08T10:40:00,,,,0,,,,,,,,,,,,,
2024-01-08 12:00:00,973.9,21.4,65.0,0.6,99.0,2.6,88.0,0.0,,,,,,,,,,,2024-01-08T11:15:00,,,,0,,,,,,,,,,,,,
2024-01-08 13:00:00,972.7,23.2,59.0,0.5,85.0,2.9,76.0,0.0,,,,,,,,,,,2024-01-08T12:23:00,,,,0,,,,,,,,,,,,,
2024-01-08 14:00:00,972.1,22.1,63.0,1.6,67.0,6.9,42.0,0.0,,,,,,,,,,,2024-01-08T14:00:00,,,,0,,,,,,,,,,,,,
2024-01-08 15:00:00,971.7,20.6,69.0,1.4,70.0,6.0,55.0,0.0,,,,,,,,,,,2024-01-08T14:09:00,,,,0,,,,,,,,,,,,,
2024-01-08 16:00:00,971.9,19.3,76.0,2.2,60.0,5.8,49.0,0.0,,,,,,,,,,,2024-01-08T15:47:00,,,,0,,,,,,,,,,,,,
2024-01-08 17:00:00,972.2,18.7,76.0,0.7,280.0,4.5,61.0,0.0,,,,,,,,,,,2024-01-08T16:13:00,,,,0,,,,,,,,,,,,,
2024-01-08 18:00:00,972.7,17.9,83.0,1.1,290.0,1.6,304.0,0.0,,,,,,,,,,,2024-01-08T17:51:00,,,,0,,,,,,,,,,,,,
2024-01-08 19:00:00,973.1,17.6,83.0,0.5,45.0,2.5,313.0,0.0,,,,,,,,,,,2024-01-08T18:36:00,,,,0,,,,,,,,,,,,,
2024-01-08 20:00:00,973.2,16.9,85.0,1.7,336.0,3.6,9.0,0.0,,,,,,,,,,,2024-01-08T19:56:00,,,,0,,,,,,,,,,,,,
2024-01-08 21:00:00,972.7,17.2,85.0,1.5,37.0,3.9,316.0,0.0,,,,,,,,,,,2024-01-08T20:18:00,,,,0,,,,,,,,,,,,,
2024-01-08 22:00:00,972.5,17.0,86.0,1.3,3.0,5.1,10.0,0.0,,,,,,,,,,,2024-01-08T21:58:00,,,,0,,,,,,,,,,,,,
2024-01-08 23:00:00,972.2,16.8,88.0,0.7,9.0,3.4,15.0,0.0,,,,,,,,,,,2024-01-08T22:01:00,,,,0,,,,,,,,,,,,,
2024-01-09 00:00:00,972.0,16.8,88.0,1.5,338.0,3.2,354.0,0.0,,,,,,,,,,,2024-01-08T23:54:00,,,,0,,,,,,,,,,,,,
2024-01-09 01:00:00,971.4,16.5,87.0,1.7,329.0,4.0,339.0,0.0,,,,,,,,,,,2024-01-09T00:07:00,,,,0,,,,,,,,,,,,,
2024-01-09 02:00:00,971.0,16.1,88.0,1.5,343.0,4.1,328.0,0.0,,,,,,,,,,,2024-01-09T01:42:00,,,,0,,,,,,,,,,,,,
2024-01-09 03:00:00,970.5,15.9,89.0,1.5,6.0,3.6,22.0,0.0,,,,,,,,,,,2024-01-09T02:56:00,,,,0,,,,,,,,,,,,,
2024-01-09 04:00:00,970.3,15.7,89.0,1.8,331.0,3.9,287.0,0.0,,,,,,,,,,,2024-01-09T03:44:00,,,,0,,,,,,,,,,,,,
2024-01-09 05:00:00,970.2,15.7,86.0,1.9,349.0,3.7,360.0,0.0,,,,,,,,,,,2024-01-09T05:00:00,,,,0,,,,,,,,,,,,,
2024-01-09 06:00:00,970.4,16.4,83.0,2.1,335.0,4.4,17.0,0.0,,,,,,,,,,,2024-01-09T05:42:00,,,,0,,,,,,,,,,,,,
2024-01-09 07:00:00,970.8,16.8,82.0,0.9,10.0,3.3,323.0,0.0,,,,,,,,,,,2024-01-09T06:01:00,,,,0,,,,,,,,,,,,,
2024-01-09 08:00:00,971.1,19.2,75.0,1.3,20.0,4.4,1.0,0.0,,,,,,,,,,,2024-01-09T07:56:00,,,,0,,,,,,,,,,,,,
2024-01-09 09:00:00,971.0,21.8,64.0,0.5,61.0,3.4,4.0,0.0,,,,,,,,,,,2024-01-09T08:31:00,,,,0,,,,,,,,,,,,,
2024-01-09 10:00:00,970.9,20.4,70.0,0.5,14.0,3.4,76.0,0.0,,,,,,,,,,,2024-01-09T09:12:00,,,,0,,,,,,,,,,,,,
2024-01-09 11:00:00,970.3,21.0,71.0,0.3,12.0,3.3,43.0,0.0,,,,,,,,,,,2024-01-09T10:12:00,,,,0,,,,,,,,,,,,,
2024-01-09 12:00:00,969.5,21.9,68.0,0.4,46.0,2.5,38.0,0.0,,,,,,,,,,,2024-01-09T11:32:00,,,,0,,,,,,,,,,,,,
2024-01-09 13:00:00,968.3,23.3,66.0,0.1,0.0,2.1,45.0,0.0,,,,,,,,,,,2024-01-09T12:11:00,,,,0,,,,,,,,,,,,,
2024-01-09 14:00:00,967.6,22.5,75.0,0.9,55.0,3.5,57.0,0.0,,,,,,,,,,,2024-01-09T13:59:00,,,,0,,,,,,,,,,,,,
2024-01-09 15:00:00,967.4,21.2,80.0,1.3,66.0,5.1,52.0,0.0,,,,,,,,,,,2024-01-09T14:25:00,,,,0,,,,,,,,,,,,,
2024-01-09 16:00:00,967.6,20.8,83.0,1.3,54.0,5.3,74.0,0.0,,,,,,,,,,,2024-01-09T15:08:00,,,,0,,,,,,,,,,,,,
2024-01-09 17:00:00,968.2,19.3,86.0,1.0,97.0,3.7,78.0,0.0,,,,,,,,,,,2024-01-09T16:50:00,,,,0,,,,,,,,,,,,,
2024-01-09 18:00:00,968.8,18.9,85.0,1.3,65.0,4.1,56.0,0.0,,,,,,,,,,,2024-01-09T17:23:00,,,,0,,,,,,,,,,,,,
2024-01-09 19:00:00,969.4,18.9,87.0,1.1,299.0,2.7,320.0,0.0,,,,,,,,,,,2024-01-09T18:53:00,,,,0,,,,,,,,,,,,,
2024-01-09 20:00:00,969.8,18.5,90.0,0.8,313.0,2.1,344.0,0.0,,,,,,,,,,,2024-01-09T19:57:00,,,,0,,,,,,,,,,,,,
2024-01-09 21:00:00,969.7,18.2,91.0,0.8,7.0,3.2,340.0,0.0,,,,,,,,,,,2024-01-09T20:29:00,,,,0,,,,,,,,,,,,,
2024-01-09 22:00:00,969.8,18.0,92.0,1.0,324.0,3.3,293.0,0.0,,,,,,,,,,,2024-01-09T21:13:00,,,,0,,,,,,,,,,,,,
2024-01-09 23:00:00,969.7,17.9,92.0,1.1,316.0,3.6,327.0,0.0,,,,,,,,,,,2024-01-09T22:23:00,,,,0,,,,,,,,,,,,,
2024-01-10 00:00:00,969.7,17.8,92.0,0.8,37.0,2.7,46.0,0.0,,,,,,,,,,,2024-01-09T23:20:00,,,,0,,,,,,,,,,,,,
2024-01-10 01:00:00,969.5,17.4,94.0,0.7,333.0,3.5,353.0,0.0,,,,,,,,,,,2024-01-10T00:44:00,,,,0,,,,,,,,,,,,,
2024-01-10 02:00:00,969.0,17.0,95.0,1.1,351.0,3.3,336.0,0.0,,,,,,,,,,,2024-01-10T01:38:00,,,,0,,,,,,,,,,,,,
2024-01-10 03:00:00,968.7,16.8,94.0,0.8,336.0,5.0,337.0,0.0,,,,,,,,,,,2024-01-10T02:47:00,,,,0,,,,,,,,,,,,,
2024-01-10 04:00:00,968.8,16.9,90.0,1.9,333.0,4.0,6.0,0.0,,,,,,,,,,,2024-01-10T03:59:00,,,,0,,,,,,,,,,,,,
2024-01-10 05:00:00,969.1,16.8,89.0,1.1,353.0,4.2,5.0,0.0,,,,,,,,,,,2024-01-10T04:04:00,,,,0,,,,,,,,,,,,,
2024-01-10 06:00:00,969.6,16.3,91.0,0.9,351.0,4.5,5.0,0.0,,,,,,,,,,,2024-01-10T05:08:00,,,,0,,,,,,,,,,,,,
2024-01-10 07:00:00,970.2,16.9,91.0,0.3,5.0,4.1,303.0,0.0,,,,,,,,,,,2024-01-10T06:17:00,,,,0,,,,,,,,,,,,,
2024-01-10 08:00:00,971.0,17.9,89.0,0.7,46.0,3.5,45.0,0.0,,,,,,,,,,,2024-01-10T07:57:00,,,,0,,,,,,,,,,,,,
2024-01-10 09:00:00,971.5,19.4,86.0,0.7,49.0,3.5,329.0,0.0,,,,,,,,,,,2024-01-10T08:09:00,,,,0,,,,,,,,,,,,,
2024-01-10 10:00:00,971.7,20.0,82.0,0.3,55.0,3.4,62.0,0.0,,,,,,,,,,,2024-01-10T09:40:00,,,,0,,,,,,,,,,,,,
2024-01-10 11:00:00,971.1,24.9,64.0,0.8,75.0,3.6,44.0,0.0,,,,,,,,,,,2024-01-10T10:44:00,,,,0,,,,,,,,,,,,,
2024-01-10 12:00:00,970.0,23.6,65.0,1.3,77.0,6.3,73.0,0.0,,,,,,,,,,,2024-01-10T11:44:00,,,,0,,,,,,,,,,,,,
2024-01-10 13:00:00,969.3,20.0,74.0,2.6,64.0,8.6,58.0,0.0,,,,,,,,,,,2024-01-10T12:54:00,,,,0,,,,,,,,,,,,,
2024-01-10 14:00:00,969.7,17.4,95.0,0.3,28.0,9.2,78.0,0.0,,,,,,,,,,,2024-01-10T13:02:00,,,,0,,,,,,,,,,,,,
2024-01-10 15:00:00,969.8,16.3,97.0,0.6,5.0,6.5,358.0,0.5,,,,,,,,,,,2024-01-10T14:42:00,,,,0,,,,,,,,,,,,,
2024-01-10 16:00:00,970.6,15.3,96.0,0.4,78.0,3.6,41.0,0.0,,,,,,,,,,,2024-01-10T15:33:00,,,,0,,,,,,,,,,,,,
2024-01-10 17:00:00,971.5,15.2,96.0,0.3,354.0,2.8,353.0,0.0,,,,,,,,,,,2024-01-10T16:27:00,,,,0,,,,,,,,,,,,,
2024-01-10 18:00:00,972.0,15.0,98.0,0.2,0.0,4.8,9.0,0.0,,,,,,,,,,,2024-01-10T17:20:00,,,,0,,,,,,,,,,,,,
2024-01-10 19:00:00,972.9,14.6,98.0,0.2,0.0,3.1,68.0,0.0,,,,,,,,,,,2024-01-10T18:33:00,,,,0,,,,,,,,,,,,,
2024-01-10 20:00:00,973.5,14.1,100.0,0.2,0.0,2.6,5.0,0.0,,,,,,,,,,,2024-01-10T19:03:00,,,,0,,,,,,,,,,,,,
2024-01-10 21:00:00,973.9,13.7,100.0,0.4,45.0,2.2,11.0,0.0,,,,,,,,,,,2024-01-10T20:34:00,,,,0,,,,,,,,,,,,,
2024-01-10 22:00:00,974.1,12.8,100.0,0.4,19.0,4.1,44.0,0.0,,,,,,,,,,,2024-01-10T21:39:00,,,,0,,,,,,,,,,,,,
2024-01-10 23:00:00,974.3,12.6,99.0,0.6,352.0,3.8,301.0,0.0,,,,,,,,,,,2024-01-10T22:39:00,,,,0,,,,,,,,,,,,,
2024-01-11 00:00:00,974.1,12.5,98.0,0.4,330.0,3.6,328.0,0.0,,,,,,,,,,,2024-01-10T23:40:00,,,,0,,,,,,,,,,,,,
2024-01-11 01:00:00,974.1,12.3,97.0,0.8,327.0,4.7,325.0,0.0,,,,,,,,,,,2024-01-11T00:47:00,,,,0,,,,,,,,,,,,,
2024-01-11 02:00:00,973.8,12.0,96.0,0.8,350.0,7.6,5.0,0.0,,,,,,,,,,,2024-01-11T01:01:00,,,,0,,,,,,,,,,,,,
2024-01-11 03:00:00,973.5,11.6,91.0,0.6,4.0,5.0,7.0,0.0,,,,,,,,,,,2024-01-11T02:16:00,,,,0,,,,,,,,,,,,,
2024-01-11 04:00:00,973.6,11.7,89.0,0.5,161.0,4.9,326.0,0.0,,,,,,,,,,,2024-01-11T03:07:00,,,,0,,,,,,,,,,,,,
2024-01-11 05:00:00,973.7,11.9,88.0,0.5,34.0,4.5,322.0,0.0,,,,,,,,,,,2024-01-11T04:40:00,,,,0,,,,,,,,,,,,,
2024-01-11 06:00:00,974.1,11.9,86.0,0.8,357.0,5.0,312.0,0.0,,,,,,,,,,,2024-01-11T05:59:00,,,,0,,,,,,,,,,,,,
2024-01-11 07:00:00,974.3,11.9,85.0,0.8,344.0,8.1,359.0,0.0,,,,,,,,,,,2024-01-11T06:15:00,,,,0,,,,,,,,,,,,,
2024-01-11 08:00:00,975.0,12.5,84.0,0.4,23.0,4.1,16.0,0.0,,,,,,,,,,,2024-01-11T07:29:00,,,,0,,,,,,,,,,,,,
2024-01-11 09:00:00,975.3,13.7,79.0,0.7,8.0,3.7,341.0,0.0,,,,,,,,,,,2024-01-11T08:47:00,,,,0,,,,,,,,,,,,,
2024-01-11 10:00:00,975.2,16.9,69.0,0.6,34.0,4.5,40.0,0.0,,,,,,,,,,,2024-01-11T09:46:00,,,,0,,,,,,,,,,,,,
2024-01-11 11:00:00,974.6,18.0,64.0,0.5,20.0,4.7,329.0,0.0,,,,,,,,,,,2024-01-11T10:18:00,,,,0,,,,,,,,,,,,,
2024-01-11 12:00:00,973.5,18.8,60.0,0.3,339.0,3.5,325.0,0.0,,,,,,,,,,,2024-01-11T11:38:00,,,,0,,,,,,,,,,,,,
2024-01-11 13:00:00,972.5,18.9,62.0,0.5,50.0,4.4,40.0,0.0,,,,,,,,,,,2024-01-11T12:45:00,,,,0,,,,,,,,,,,,,
2024-01-11 14:00:00,972.0,17.3,67.0,0.7,53.0,4.1,63.0,0.0,,,,,,,,,,,2024-01-11T13:57:00,,,,0,,,,,,,,,,,,,
2024-01-11 15:00:00,972.0,16.2,74.0,0.7,55.0,3.1,43.0,0.0,,,,,,,,,,,2024-01-11T14:59:00,,,,0,,,,,,,,,,,,,
2024-01-11 16:00:00,972.3,15.2,76.0,0.0,0.0,2.7,61.0,0.0,,,,,,,,,,,2024-01-11T15:01:00,,,,0,,,,,,,,,,,,,
2024-01-11 17:00:00,972.8,14.7,74.0,1.5,301.0,3.3,301.0,0.0,,,,,,,,,,,2024-01-11T16:53:00,,,,0,,,,,,,,,,,,,
2024-01-11 18:00:00,973.2,14.5,80.0,0.2,0.0,2.9,7.0,0.0,,,,,,,,,,,2024-01-11T17:45:00,,,,0,,,,,,,,,,,,,
2024-01-11 19:00:00,973.8,14.2,81.0,0.2,0.0,2.4,323.0,0.0,,,,,,,,,,,2024-01-11T18:57:00,,,,0,,,,,,,,,,,,,
2024-01-11 20:00:00,974.0,13.9,82.0,1.8,314.0,3.5,348.0,0.0,,,,,,,,,,,2024-01-11T19:55:00,,,,0,,,,,,,,,,,,,
2024-01-11 21:00:00,974.1,13.7,82.0,0.7,342.0,4.9,331.0,0.0,,,,,,,,,,,2024-01-11T20:21:00,,,,0,,,,,,,,,,,,,
2024-01-11 22:00:00,974.3,13.4,83.0,1.0,2.0,3.3,352.0,0.0,,,,,,,,,,,2024-01-11T21:36:00,,,,0,,,,,,,,,,,,,
2024-01-11 23:00:00,974.0,12.5,86.0,1.7,324.0,3.2,2.0,0.0,,,,,,,,,,,2024-01-11T22:52:00,,,,0,,,,,,,,,,,,,
2024-01-12 00:00:00,973.7,12.4,86.0,1.0,356.0,3.4,324.0,0.0,,,,,,,,,,,2024-01-11T23:02:00,,,,0,,,,,,,,,,,,,
2024-01-12 01:00:00,973.5,12.3,87.0,1.7,317.0,3.3,318.0,0.0,,,,,,,,,,,2024-01-12T00:47:00,,,,0,,,,,,,,,,,,,
2024-01-12 02:00:00,972.9,12.5,88.0,1.2,324.0,3.2,326.0,0.0,,,,,,,,,,,2024-01-12T01:36:00,,,,0,,,,,,,,,,,,,
2024-01-12 03:00:00,972.4,13.2,85.0,2.1,316.0,4.2,323.0,0.0,,,,,,,,,,,2024-01-12T02:28:00,,,,0,,,,,,,,,,,,,
2024-01-12 04:00:00,972.1,13.3,83.0,1.6,316.0,4.3,320.0,0.0,,,,,,,,,,,2024-01-12T03:21:00,,,,0,,,,,,,,,,,,,
2024-01-12 05:00:00,972.5,13.3,79.0,1.7,319.0,3.5,334.0,0.0,,,,,,,,,,,2024-01-12T04:30:00,,,,0,,,,,,,,,,,,,
2024-01-12 06:00:00,972.8,13.0,81.0,1.7,325.0,2.9,322.0,0.0,,,,,,,,,,,2024-01-12T05:20:00,,,,0,,,,,,,,,,,,,
2024-01-12 07:00:00,973.3,13.1,80.0,2.0,319.0,3.2,328.0,0.0,,,,,,,,,,,2024-01-12T06:53:00,,,,0,,,,,,,,,,,,,
2024-01-12 08:00:00,973.7,13.8,77.0,1.3,316.0,4.7,332.0,0.0,,,,,,,,,,,2024-01-12T07:09:00,,,,0,,,,,,,,,,,,,
2024-01-12 09:00:00,973.9,18.7,66.0,0.7,53.0,3.9,337.0,0.0,,,,,,,,,,,2024-01-12T08:02:00,,,,0,,,,,,,,,,,,,
2024-01-12 10:00:00,973.7,21.3,56.0,0.6,79.0,2.4,64.0,0.0,,,,,,,,,,,2024-01-12T09:25:00,,,,0,,,,,,,,,,,,,
2024-01-12 11:00:00,972.9,24.1,49.0,0.7,90.0,2.9,61.0,0.0,,,,,,,,,,,2024-01-12T10:56:00,,,,0,,,,,,,,,,,,,
2024-01-12 12:00:00,972.1,21.7,60.0,0.8,98.0,3.8,112.0,0.0,,,,,,,,,,,2024-01-12T11:56:00,,,,0,,,,,,,,,,,,,
2024-01-12 13:00:00,971.5,20.5,65.0,0.9,65.0,4.7,32.0,0.0,,,,,,,,,,,2024-01-12T12:55:00,,,,0,,,,,,,,,,,,,
2024-01-12 14:00:00,971.2,18.0,76.0,1.3,67.0,6.4,109.0,0.0,,,,,,,,,,,2024-01-12T13:37:00,,,,0,,,,,,,,,,,,,
2024-01-12 15:00:00,971.3,17.4,80.0,1.4,64.0,6.5,79.0,0.0,,,,,,,,,,,2024-01-12T14:14:00,,,,0,,,,,,,,,,,,,
2024-01-12 16:00:00,971.7,17.2,81.0,0.8,63.0,4.9,56.0,0.0,,,,,,,,,,,2024-01-12T15:02:00,,,,0,,,,,,,,,,,,,
2024-01-12 17:00:00,972.1,16.8,81.0,0.4,102.0,3.9,31.0,0.0,,,,,,,,,,,2024-01-12T16:07:00,,,,0,,,,,,,,,,,,,
2024-01-12 18:00:00,972.5,16.4,87.0,0.8,69.0,3.7,91.0,0.0,,,,,,,,,,,2024-01-12T17:45:00,,,,0,,,,,,,,,,,,,
2024-01-12 19:00:00,973.1,15.6,92.0,0.4,356.0,2.9,58.0,0.0,,,,,,,,,,,2024-01-12T18:02:00,,,,0,,,,,,,,,,,,,
2024-01-12 20:00:00,973.4,15.8,90.0,0.2,0.0,2.1,295.0,0.0,,,,,,,,,,,2024-01-12T19:18:00,,,,0,,,,,,,,,,,,,
2024-01-12 21:00:00,973.5,15.3,88.0,0.3,330.0,3.4,58.0,0.0,,,,,,,,,,,2024-01-12T20:30:00,,,,0,,,,,,,,,,,,,
2024-01-12 22:00:00,973.5,15.6,87.0,0.8,330.0,4.3,17.0,0.0,,,,,,,,,,,2024-01-12T21:56:00,,,,0,,,,,,,,,,,,,
2024-01-12 23:00:00,973.5,15.5,89.0,0.5,2.0,2.5,40.0,0.0,,,,,,,,,,,2024-01-12T22:07:00,,,,0,,,,,,,,,,,,,
2024-01-13 00:00:00,973.3,15.2,90.0,0.3,340.0,2.2,330.0,0.0,,,,,,,,,,,2024-01-12T23:19:00,,,,0,,,,,,,,,,,,,
2024-01-13 01:00:00,973.5,15.0,89.0,0.5,11.0,2.8,3.0,0.0,,,,,,,,,,,2024-01-13T00:52:00,,,,0,,,,,,,,,,,,,
2024-01-13 02:00:00,973.1,14.7,90.0,1.4,352.0,3.9,32.0,0.0,,,,,,,,,,,2024-01-13T01:45:00,,,,0,,,,,,,,,,,,,
2024-01-13 03:00:00,972.6,13.8,94.0,1.1,351.0,3.8,31.0,0.0,,,,,,,,,,,2024-01-13T02:25:00,,,,0,,,,,,,,,,,,,
2024-01-13 04:00:00,972.7,13.9,94.0,0.6,3.0,3.8,5.0,0.0,,,,,,,,,,,2024-01-13T03:26:00,,,,0,,,,,,,,,,,,,
2024-01-13 05:00:00,973.2,14.0,94.0,0.8,27.0,3.8,39.0,0.0,,,,,,,,,,,2024-01-13T04:41:00,,,,0,,,,,,,,,,,,,
2024-01-13 06:00:00,973.8,14.0,93.0,0.4,349.0,2.4,14.0,0.0,,,,,,,,,,,2024-01-13T05:03:00,,,,0,,,,,,,,,,,,,
2024-01-13 07:00:00,974.2,13.8,95.0,0.9,319.0,4.4,315.0,0.0,,,,,,,,,,,2024-01-13T06:20:00,,,,0,,,,,,,,,,,,,
2024-01-13 08:00:00,975.0,16.8,85.0,0.3,49.0,3.7,329.0,0.0,,,,,,,,,,,2024-01-13T07:57:00,,,,0,,,,,,,,,,,,,
2024-01-13 09:00:00,975.5,20.2,68.0,0.6,63.0,3.4,49.0,0.0,,,,,,,,,,,2024-01-13T08:52:00,,,,0,,,,,,,,,,,,,
2024-01-13 10:00:00,975.8,21.1,67.0,0.3,60.0,3.9,42.0,0.0,,,,,,,,,,,2024-01-13T09:04:00,,,,0,,,,,,,,,,,,,
2024-01-13 11:00:00,975.2,18.1,86.0,1.0,50.0,4.6,58.0,0.0,,,,,,,,,,,2024-01-13T10:49:00,,,,0,,,,,,,,,,,,,
2024-01-13 12:00:00,974.4,20.3,79.0,1.7,68.0,7.5,52.0,0.0,,,,,,,,,,,2024-01-13T11:27:00,,,,0,,,,,,,,,,,,,
2024-01-13 13:00:00,973.6,21.7,72.0,1.9,69.0,6.5,31.0,0.0,,,,,,,,,,,2024-01-13T12:53:00,,,,0,,,,,,,,,,,,,
2024-01-13 14:00:00,973.2,18.9,80.0,2.2,62.0,7.6,64.0,0.0,,,,,,,,,,,2024-01-13T13:31:00,,,,0,,,,,,,,,,,,,
2024-01-13 15:00:00,973.0,17.7,83.0,2.1,56.0,10.6,62.0,0.0,,,,,,,,,,,2024-01-13T14:20:00,,,,0,,,,,,,,,,,,,
2024-01-13 16:00:00,973.5,17.3,79.0,2.3,58.0,6.9,48.0,0.0,,,,,,,,,,,2024-01-13T15:03:00,,,,0,,,,,,,,,,,,,
2024-01-13 17:00:00,974.4,16.5,86.0,0.4,326.0,6.5,78.0,0.0,,,,,,,,,,,2024-01-13T16:12:00,,,,0,,,,,,,,,,,,,
2024-01-13 18:00:00,975.1,15.9,88.0,0.5,330.0,3.8,333.0,0.0,,,,,,,,,,,2024-01-13T17:20:00,,,,0,,,,,,,,,,,,,
2024-01-13 19:00:00,975.9,15.5,92.0,0.3,15.0,5.2,340.0,0.0,,,,,,,,,,,2024-01-13T18:17:00,,,,0,,,,,,,,,,,,,
2024-01-13 20:00:00,976.3,15.3,91.0,0.5,323.0,5.7,2.0,0.0,,,,,,,,,,,2024-01-13T19:11:00,,,,0,,,,,,,,,,,,,
2024-01-13 21:00:00,976.6,14.8,94.0,1.1,324.0,7.1,326.0,0.0,,,,,,,,,,,2024-01-13T20:20:00,,,,0,,,,,,,,,,,,,
2024-01-13 22:00:00,976.5,14.8,92.0,0.6,340.0,5.9,21.0,0.0,,,,,,,,,,,2024-01-13T21:02:00,,,,0,,,,,,,,,,,,,
2024-01-13 23:00:00,976.3,14.8,91.0,1.1,323.0,5.9,355.0,0.0,,,,,,,,,,,2024-01-13T22:06:00,,,,0,,,,,,,,,,,,,
2024-01-14 00:00:00,976.3,14.8,93.0,0.6,343.0,4.5,324.0,0.0,,,,,,,,,,,2024-01-13T23:04:00,,,,0,,,,,,,,,,,,,
2024-01-14 01:00:00,976.2,14.9,90.0,0.3,330.0,2.0,357.0,0.0,,,,,,,,,,,2024-01-14T00:23:00,,,,0,,,,,,,,,,,,,
2024-01-14 02:00:00,975.8,15.1,88.0,0.7,351.0,4.1,12.0,0.0,,,,,,,,,,,2024-01-14T01:59:00,,,,0,,,,,,,,,,,,,
2024-01-14 03:00:00,975.3,15.0,89.0,0.2,0.0,1.7,12.0,0.0,,,,,,,,,,,2024-01-14T02:21:00,,,,0,,,,,,,,,,,,,
2024-01-14 04:00:00,975.1,15.1,88.0,1.0,317.0,2.6,283.0,0.0,,,,,,,,,,,2024-01-14T03:51:00,,,,0,,,,,,,,,,,,,
2024-01-14 05:00:00,975.4,15.1,88.0,0.5,10.0,3.6,344.0,0.0,,,,,,,,,,,2024-01-14T04:31:00,,,,0,,,,,,,,,,,,,
2024-01-14 06:00:00,975.8,15.0,87.0,0.9,330.0,3.2,334.0,0.0,,,,,,,,,,,2024-01-14T05:58:00,,,,0,,,,,,,,,,,,,
2024-01-14 07:00:00,976.2,15.2,85.0,0.5,31.0,3.5,3.0,0.0,,,,,,,,,,,2024-01-14T06:16:00,,,,0,,,,,,,,,,,,,
2024-01-14 08:00:00,976.7,15.5,87.0,0.5,351.0,2.4,359.0,0.0,,,,,,,,,,,2024-01-14T07:25:00,,,,0,,,,,,,,,,,,,
2024-01-14 09:00:00,977.2,19.1,72.0,0.4,60.0,2.3,27.0,0.0,,,,,,,,,,,2024-01-14T08:14:00,,,,0,,,,,,,,,,,,,
2024-01-14 10:00:00,977.3,19.9,72.0,0.0,0.0,2.4,71.0,0.0,,,,,,,,,,,2024-01-14T09:07:00,,,,0,,,,,,,,,,,,,
2024-01-14 11:00:00,976.7,21.8,68.0,0.2,0.0,2.5,31.0,0.0,,,,,,,,,,,2024-01-14T10:13:00,,,,0,,,,,,,,,,,,,
2024-01-14 12:00:00,975.5,24.3,57.0,0.6,97.0,3.0,56.0,0.0,,,,,,,,,,,2024-01-14T11:41:00,,,,0,,,,,,,,,,,,,
2024-01-14 13:00:00,974.5,22.1,62.0,0.4,95.0,3.8,62.0,0.0,,,,,,,,,,,2024-01-14T12:41:00,,,,0,,,,,,,,,,,,,
2024-01-14 14:00:00,974.2,20.6,68.0,0.9,67.0,4.1,113.0,0.0,,,,,,,,,,,2024-01-14T13:56:00,,,,0,,,,,,,,,,,,,
2024-01-14 15:00:00,973.9,19.8,69.0,1.1,69.0,4.0,80.0,0.0,,,,,,,,,,,2024-01-14T14:43:00,,,,0,,,,,,,,,,,,,
2024-01-14 16:00:00,974.1,19.3,72.0,0.5,79.0,3.2,58.0,0.0,,,,,,,,,,,2024-01-14T15:28:00,,,,0,,,,,,,,,,,,,
2024-01-14 17:00:00,974.4,18.5,76.0,1.6,54.0,3.4,55.0,0.0,,,,,,,,,,,2024-01-14T16:26:00,,,,0,,,,,,,,,,,,,
2024-01-14 18:00:00,974.8,17.9,77.0,1.1,43.0,3.6,49.0,0.0,,,,,,,,,,,2024-01-14T17:05:00,,,,0,,,,,,,,,,,,,
2024-01-14 19:00:00,975.2,17.3,79.0,0.7,313.0,2.3,37.0,0.0,,,,,,,,,,,2024-01-14T18:02:00,,,,0,,,,,,,,,,,,,
2024-01-14 20:00:00,975.3,17.2,79.0,0.4,12.0,2.2,311.0,0.0,,,,,,,,,,,2024-01-14T19:19:00,,,,0,,,,,,,,,,,,,
2024-01-14 21:00:00,975.3,17.0,82.0,0.2,0.0,1.6,12.0,0.0,,,,,,,,,,,2024-01-14T20:48:00,,,,0,,,,,,,,,,,,,
2024-01-14 22:00:00,975.4,16.7,83.0,0.3,10.0,2.1,327.0,0.0,,,,,,,,,,,2024-01-14T21:36:00,,,,0,,,,,,,,,,,,,
2024-01-14 23:00:00,975.0,16.8,83.0,1.2,311.0,3.3,300.0,0.0,,,,,,,,,,,2024-01-14T22:54:00,,,,0,,,,,,,,,,,,,
2024-01-15 00:00:00,974.9,16.6,83.0,1.3,317.0,2.7,340.0,0.0,,,,,,,,,,,2024-01-14T23:54:00,,,,0,,,,,,,,,,,,,
2024-01-15 01:00:00,974.6,16.1,84.0,1.0,353.0,3.2,331.0,0.0,,,,,,,,,,,2024-01-15T00:20:00,,,,0,,,,,,,,,,,,,
2024-01-15 02:00:00,974.5,15.6,87.0,1.2,331.0,3.5,16.0,0.0,,,,,,,,,,,2024-01-15T01:08:00,,,,0,,,,,,,,,,,,,
2024-01-15 03:00:00,974.1,15.7,85.0,0.5,3.0,4.7,352.0,0.0,,,,,,,,,,,2024-01-15T02:30:00,,,,0,,,,,,,,,,,,,
2024-01-15 04:00:00,973.9,15.3,85.0,0.6,20.0,3.2,18.0,0.0,,,,,,,,,,,2024-01-15T03:48:00,,,,0,,,,,,,,,,,,,
2024-01-15 05:00:00,974.3,14.7,84.0,1.0,328.0,3.3,302.0,0.0,,,,,,,,,,,2024-01-15T04:56:00,,,,0,,,,,,,,,,,,,
2024-01-15 06:00:00,974.8,14.7,83.0,0.8,348.0,4.0,2.0,0.0,,,,,,,,,,,2024-01-15T05:24:00,,,,0,,,,,,,,,,,,,
2024-01-15 07:00:00,975.7,14.9,81.0,1.8,315.0,6.5,9.0,0.0,,,,,,,,,,,2024-01-15T06:02:00,,,,0,,,,,,,,,,,,,
2024-01-15 08:00:00,976.1,17.6,72.0,0.5,36.0,4.8,315.0,0.0,,,,,,,,,,,2024-01-15T07:23:00,,,,0,,,,,,,,,,,,,
2024-01-15 09:00:00,976.6,20.3,63.0,0.3,72.0,3.8,3.0,0.0,,,,,,,,,,,2024-01-15T08:36:00,,,,0,,,,,,,,,,,,,
2024-01-15 10:00:00,976.6,23.8,55.0,0.5,73.0,5.1,37.0,0.0,,,,,,,,,,,2024-01-15T09:59:00,,,,0,,,,,,,,,,,,,
2024-01-15 11:00:00,976.3,25.1,51.0,0.6,91.0,4.7,50.0,0.0,,,,,,,,,,,2024-01-15T10:36:00,,,,0,,,,,,,,,,,,,
2024-01-15 12:00:00,975.4,25.6,51.0,0.5,84.0,3.6,56.0,0.0,,,,,,,,,,,2024-01-15T11:03:00,,,,0,,,,,,,,,,,,,
2024-01-15 13:00:00,974.2,23.9,58.0,2.3,66.0,9.1,48.0,0.0,,,,,,,,,,,2024-01-15T12:58:00,,,,0,,,,,,,,,,,,,
2024-01-15 14:00:00,973.7,21.2,68.0,2.2,73.0,8.7,47.0,0.0,,,,,,,,,,,2024-01-15T13:40:00,,,,0,,,,,,,,,,,,,
2024-01-15 15:00:00,973.6,21.7,69.0,2.3,69.0,9.8,46.0,0.0,,,,,,,,,,,2024-01-15T14:55:00,,,,0,,,,,,,,,,,,,
2024-01-15 16:00:00,973.9,19.9,74.0,3.5,58.0,11.1,54.0,0.0,,,,,,,,,,,2024-01-15T15:51:00,,,,0,,,,,,,,,,,,,
2024-01-15 17:00:00,974.7,18.6,85.0,2.2,75.0,10.1,70.0,0.0,,,,,,,,,,,2024-01-15T16:04:00,,,,0,,,,,,,,,,,,,
2024-01-15 18:00:00,975.7,17.7,84.0,0.3,94.0,9.8,57.0,0.0,,,,,,,,,,,2024-01-15T17:07:00,,,,0,,,,,,,,,,,,,
2024-01-15 19:00:00,976.1,16.0,94.0,0.5,340.0,3.7,6.0,0.0,,,,,,,,,,,2024-01-15T18:13:00,,,,0,,,,,,,,,,,,,
2024-01-15 20:00:00,976.5,16.2,88.0,0.6,85.0,4.8,7.0,0.0,,,,,,,,,,,2024-01-15T19:19:00,,,,0,,,,,,,,,,,,,
2024-01-15 21:00:00,976.7,16.2,89.0,0.3,103.0,2.9,26.0,0.0,,,,,,,,,,,2024-01-15T20:46:00,,,,0,,,,,,,,,,,,,
2024-01-15 22:00:00,976.7,15.9,93.0,0.9,328.0,4.6,313.0,0.0,,,,,,,,,,,2024-01-15T21:46:00,,,,0,,,,,,,,,,,,,
2024-01-15 23:00:00,976.2,15.8,95.0,0.5,87.0,4.7,353.0,0.0,,,,,,,,,,,2024-01-15T22:11:00,,,,0,,,,,,,,,,,,,
2024-01-16 00:00:00,975.8,15.9,93.0,0.4,71.0,3.9,342.0,0.0,,,,,,,,,,,2024-01-15T23:28:00,,,,0,,,,,,,,,,,,,
2024-01-16 01:00:00,975.6,15.2,98.0,0.7,60.0,5.1,12.0,0.0,,,,,,,,,,,2024-01-16T00:56:00,,,,0,,,,,,,,,,,,,
2024-01-16 02:00:00,975.6,15.1,99.0,0.7,51.0,6.8,47.0,0.0,,,,,,,,,,,2024-01-16T01:47:00,,,,0,,,,,,,,,,,,,
2024-01-16 03:00:00,975.0,14.9,97.0,0.7,86.0,4.1,42.0,0.0,,,,,,,,,,,2024-01-16T02:05:00,,,,0,,,,,,,,,,,,,
2024-01-16 04:00:00,975.1,14.9,95.0,0.8,62.0,4.7,360.0,0.0,,,,,,,,,,,2024-01-16T03:18:00,,,,0,,,,,,,,,,,,,
2024-01-16 05:00:00,975.2,14.9,92.0,1.1,53.0,5.9,346.0,0.0,,,,,,,,,,,2024-01-16T04:18:00,,,,0,,,,,,,,,,,,,
2024-01-16 06:00:00,975.8,15.1,91.0,1.0,14.0,6.4,21.0,0.0,,,,,,,,,,,2024-01-16T05:49:00,,,,0,,,,,,,,,,,,,
2024-01-16 07:00:00,976.3,14.9,91.0,0.8,59.0,6.4,31.0,0.0,,,,,,,,,,,2024-01-16T06:26:00,,,,0,,,,,,,,,,,,,
2024-01-16 08:00:00,976.9,15.3,89.0,0.7,69.0,4.1,71.0,0.0,,,,,,,,,,,2024-01-16T07:08:00,,,,0,,,,,,,,,,,,,
2024-01-16 09:00:00,977.5,15.6,88.0,0.8,58.0,6.6,57.0,0.0,,,,,,,,,,,2024-01-16T08:56:00,,,,0,,,,,,,,,,,,,
2024-01-16 10:00:00,977.7,16.7,84.0,0.8,75.0,5.9,3.0,0.0,,,,,,,,,,,2024-01-16T09:15:00,,,,0,,,,,,,,,,,,,
2024-01-16 11:00:00,977.6,17.8,81.0,0.5,94.0,4.3,321.0,0.0,,,,,,,,,,,2024-01-16T10:24:00,,,,0,,,,,,,,,,,,,
2024-01-16 12:00:00,977.0,19.0,77.0,0.2,0.0,5.6,36.0,0.0,,,,,,,,,,,2024-01-16T11:21:00,,,,0,,,,,,,,,,,,,
2024-01-16 13:00:00,976.2,19.2,75.0,0.2,0.0,3.0,62.0,0.0,,,,,,,,,,,2024-01-16T12:06:00,,,,0,,,,,,,,,,,,,
2024-01-16 14:00:00,975.9,17.2,90.0,1.5,52.0,5.4,42.0,0.0,,,,,,,,,,,2024-01-16T13:57:00,,,,0,,,,,,,,,,,,,
2024-01-16 15:00:00,976.0,18.2,85.0,0.2,0.0,1.8,38.0,0.0,,,,,,,,,,,2024-01-16T14:02:00,,,,0,,,,,,,,,,,,,
2024-01-16 16:00:00,976.0,17.1,92.0,1.6,63.0,4.3,54.0,0.0,,,,,,,,,,,2024-01-16T15:55:00,,,,0,,,,,,,,,,,,,
2024-01-16 17:00:00,976.5,16.1,96.0,1.1,56.0,5.1,40.0,0.0,,,,,,,,,,,2024-01-16T16:33:00,,,,0,,,,,,,,,,,,,
2024-01-16 18:00:00,976.8,15.2,96.0,0.3,7.0,3.9,7.0,0.0,,,,,,,,,,,2024-01-16T17:14:00,,,,0,,,,,,,,,,,,,
2024-01-16 19:00:00,977.4,15.0,95.0,0.4,27.0,5.4,29.0,0.0,,,,,,,,,,,2024-01-16T18:52:00,,,,0,,,,,,,,,,,,,
2024-01-16 20:00:00,977.9,15.1,91.0,0.3,81.0,4.2,5.0,0.0,,,,,,,,,,,2024-01-16T19:19:00,,,,0,,,,,,,,,,,,,
2024-01-16 21:00:00,977.9,15.2,92.0,0.4,51.0,3.9,51.0,0.0,,,,,,,,,,,2024-01-16T20:31:00,,,,0,,,,,,,,,,,,,
2024-01-16 22:00:00,977.8,15.3,90.0,0.8,22.0,3.9,70.0,0.0,,,,,,,,,,,2024-01-16T21:29:00,,,,0,,,,,,,,,,,,,
2024-01-16 23:00:00,977.5,15.0,91.0,0.3,35.0,4.3,48.0,0.0,,,,,,,,,,,2024-01-16T22:42:00,,,,0,,,,,,,,,,,,,
2024-01-17 00:00:00,977.0,15.2,89.0,0.6,28.0,3.8,72.0,0.0,,,,,,,,,,,2024-01-16T23:44:00,,,,0,,,,,,,,,,,,,
2024-01-17 01:00:00,976.6,14.8,94.0,0.2,0.0,2.8,44.0,0.0,,,,,,,,,,,2024-01-17T00:02:00,,,,0,,,,,,,,,,,,,
2024-01-17 02:00:00,976.2,15.1,91.0,0.4,70.0,2.9,21.0,0.0,,,,,,,,,,,2024-01-17T01:09:00,,,,0,,,,,,,,,,,,,
2024-01-17 03:00:00,976.0,14.6,98.0,0.1,0.0,2.9,7.0,0.5,,,,,,,,,,,2024-01-17T02:24:00,,,,0,,,,,,,,,,,,,
2024-01-17 04:00:00,976.1,14.1,100.0,0.6,42.0,4.2,356.0,0.0,,,,,,,,,,,2024-01-17T03:15:00,,,,0,,,,,,,,,,,,,
2024-01-17 05:00:00,976.1,14.1,100.0,1.3,321.0,6.0,315.0,0.5,,,,,,,,,,,2024-01-17T04:31:00,,,,0,,,,,,,,,,,,,
2024-01-17 06:00:00,976.2,14.1,100.0,0.6,13.0,7.8,334.0,0.0,,,,,,,,,,,2024-01-17T05:27:00,,,,0,,,,,,,,,,,,,
2024-01-17 07:00:00,976.6,14.0,100.0,1.1,339.0,3.9,48.0,0.0,,,,,,,,,,,2024-01-17T06:34:00,,,,0,,,,,,,,,,,,,
2024-01-17 08:00:00,976.9,14.3,100.0,1.5,328.0,4.6,311.0,0.0,,,,,,,,,,,2024-01-17T07:52:00,,,,0,,,,,,,,,,,,,
2024-01-17 09:00:00,977.1,15.1,100.0,1.5,332.0,7.0,324.0,0.0,,,,,,,,,,,2024-01-17T08:59:00,,,,0,,,,,,,,,,,,,
2024-01-17 10:00:00,977.2,15.9,97.0,3.0,316.0,8.9,312.0,0.0,,,,,,,,,,,2024-01-17T09:13:00,,,,0,,,,,,,,,,,,,
2024-01-17 11:00:00,976.6,19.1,90.0,0.2,0.0,6.9,312.0,0.0,,,,,,,,,,,2024-01-17T10:11:00,,,,0,,,,,,,,,,,,,
2024-01-17 12:00:00,975.5,22.1,77.0,0.4,63.0,4.7,10.0,0.0,,,,,,,,,,,2024-01-17T11:19:00,,,,0,,,,,,,,,,,,,
2024-01-17 13:00:00,974.3,24.3,62.0,0.4,52.0,3.6,56.0,0.0,,,,,,,,,,,2024-01-17T12:35:00,,,,0,,,,,,,,,,,,,
2024-01-17 14:00:00,973.6,20.3,75.0,1.3,61.0,5.2,49.0,0.0,,,,,,,,,,,2024-01-17T14:00:00,,,,0,,,,,,,,,,,,,
2024-01-17 15:00:00,973.4,17.5,91.0,1.2,75.0,6.1,96.0,0.0,,,,,,,,,,,2024-01-17T14:52:00,,,,0,,,,,,,,,,,,,
2024-01-17 16:00:00,973.7,17.6,89.0,0.8,36.0,7.8,64.0,0.5,,,,,,,,,,,2024-01-17T15:26:00,,,,0,,,,,,,,,,,,,
2024-01-17 17:00:00,974.2,17.4,87.0,1.7,52.0,4.5,66.0,0.0,,,,,,,,,,,2024-01-17T16:04:00,,,,0,,,,,,,,,,,,,
2024-01-17 18:00:00,974.5,17.0,86.0,2.5,50.0,4.6,39.0,0.0,,,,,,,,,,,2024-01-17T17:32:00,,,,0,,,,,,,,,,,,,
2024-01-17 19:00:00,974.8,16.9,86.0,2.6,303.0,4.7,33.0,0.0,,,,,,,,,,,2024-01-17T18:05:00,,,,0,,,,,,,,,,,,,
2024-01-17 20:00:00,975.1,15.9,88.0,0.3,356.0,4.8,317.0,0.0,,,,,,,,,,,2024-01-17T19:02:00,,,,0,,,,,,,,,,,,,
2024-01-17 21:00:00,975.4,15.8,94.0,1.1,319.0,3.0,318.0,0.0,,,,,,,,,,,2024-01-17T20:42:00,,,,0,,,,,,,,,,,,,
2024-01-17 22:00:00,975.3,16.3,89.0,2.5,309.0,6.0,293.0,0.0,,,,,,,,,,,2024-01-17T21:42:00,,,,0,,,,,,,,,,,,,
2024-01-17 23:00:00,975.0,15.9,85.0,2.0,317.0,4.6,324.0,0.0,,,,,,,,,,,2024-01-17T22:37:00,,,,0,,,,,,,,,,,,,
2024-01-18 00:00:00,974.6,15.4,83.0,1.4,318.0,4.0,349.0,0.0,,,,,,,,,,,2024-01-17T23:32:00,,,,0,,,,,,,,,,,,,
2024-01-18 01:00:00,974.3,15.4,78.0,0.6,8.0,2.9,313.0,0.0,,,,,,,,,,,2024-01-18T00:31:00,,,,0,,,,,,,,,,,,,
2024-01-18 02:00:00,973.8,15.2,76.0,2.2,328.0,3.9,268.0,0.0,,,,,,,,,,,2024-01-18T01:20:00,,,,0,,,,,,,,,,,,,
2024-01-18 03:00:00,973.0,15.3,72.0,2.2,317.0,3.8,313.0,0.0,,,,,,,,,,,2024-01-18T02:20:00,,,,0,,,,,,,,,,,,,
2024-01-18 04:00:00,972.3,15.8,66.0,3.3,323.0,5.9,320.0,0.0,,,,,,,,,,,2024-01-18T03:46:00,,,,0,,,,,,,,,,,,,
2024-01-18 05:00:00,972.1,15.6,69.0,3.0,319.0,5.8,315.0,0.0,,,,,,,,,,,2024-01-18T04:38:00,,,,0,,,,,,,,,,,,,
2024-01-18 06:00:00,972.8,15.0,75.0,2.1,355.0,6.3,6.0,0.0,,,,,,,,,,,2024-01-18T05:09:00,,,,0,,,,,,,,,,,,,
2024-01-18 07:00:00,973.1,15.3,75.0,1.4,342.0,5.5,8.0,0.0,,,,,,,,,,,2024-01-18T06:21:00,,,,0,,,,,,,,,,,,,
2024-01-18 08:00:00,973.7,16.2,69.0,2.0,332.0,4.8,330.0,0.0,,,,,,,,,,,2024-01-18T07:04:00,,,,0,,,,,,,,,,,,,
2024-01-18 09:00:00,974.1,17.5,70.0,1.2,333.0,3.5,44.0,0.0,,,,,,,,,,,2024-01-18T08:39:00,,,,0,,,,,,,,,,,,,
2024-01-18 10:00:00,974.2,19.8,58.0,0.7,336.0,3.1,336.0,0.0,,,,,,,,,,,2024-01-18T09:06:00,,,,0,,,,,,,,,,,,,
2024-01-18 11:00:00,973.5,22.6,56.0,0.1,0.0,1.9,18.0,0.0,,,,,,,,,,,2024-01-18T10:05:00,,,,0,,,,,,,,,,,,,
2024-01-18 12:00:00,972.3,23.5,54.0,0.7,76.0,2.9,51.0,0.0,,,,,,,,,,,2024-01-18T11:34:00,,,,0,,,,,,,,,,,,,
2024-01-18 13:00:00,971.1,23.3,62.0,1.1,96.0,4.3,100.0,0.0,,,,,,,,,,,2024-01-18T12:37:00,,,,0,,,,,,,,,,,,,
2024-01-18 14:00:00,970.6,23.1,74.0,0.6,107.0,5.0,108.0,0.0,,,,,,,,,,,2024-01-18T13:48:00,,,,0,,,,,,,,,,,,,
2024-01-18 15:00:00,970.2,20.2,87.0,1.5,95.0,5.8,97.0,0.0,,,,,,,,,,,2024-01-18T14:44:00,,,,0,,,,,,,,,,,,,
2024-01-18 16:00:00,970.6,19.8,88.0,1.0,86.0,4.3,96.0,0.0,,,,,,,,,,,2024-01-18T15:01:00,,,,0,,,,,,,,,,,,,
2024-01-18 17:00:00,971.0,19.9,86.0,0.0,0.0,2.5,87.0,0.0,,,,,,,,,,,2024-01-18T16:09:00,,,,0,,,,,,,,,,,,,
2024-01-18 18:00:00,971.2,18.9,90.0,0.4,62.0,2.1,88.0,0.0,,,,,,,,,,,2024-01-18T17:53:00,,,,0,,,,,,,,,,,,,
2024-01-18 19:00:00,971.8,18.8,89.0,0.8,48.0,2.9,65.0,0.0,,,,,,,,,,,2024-01-18T18:51:00,,,,0,,,,,,,,,,,,,
2024-01-18 20:00:00,972.1,18.5,90.0,0.7,33.0,2.9,32.0,0.0,,,,,,,,,,,2024-01-18T19:51:00,,,,0,,,,,,,,,,,,,
2024-01-18 21:00:00,972.7,18.6,88.0,1.5,46.0,3.2,48.0,0.0,,,,,,,,,,,2024-01-18T20:40:00,,,,0,,,,,,,,,,,,,
2024-01-18 22:00:00,972.7,18.3,93.0,0.3,330.0,1.8,61.0,0.0,,,,,,,,,,,2024-01-18T21:06:00,,,,0,,,,,,,,,,,,,
2024-01-18 23:00:00,972.2,18.3,93.0,0.5,312.0,3.0,309.0,0.0,,,,,,,,,,,2024-01-18T22:48:00,,,,0,,,,,,,,,,,,,
2024-01-19 00:00:00,971.9,17.4,95.0,0.9,24.0,3.6,39.0,0.0,,,,,,,,,,,2024-01-18T23:17:00,,,,0,,,,,,,,,,,,,
2024-01-19 01:00:00,971.9,17.6,89.0,0.7,31.0,3.9,30.0,0.0,,,,,,,,,,,2024-01-19T00:13:00,,,,0,,,,,,,,,,,,,
2024-01-19 02:00:00,971.5,17.8,86.0,0.6,3.0,2.8,35.0,0.0,,,,,,,,,,,2024-01-19T01:09:00,,,,0,,,,,,,,,,,,,
2024-01-19 03:00:00,971.4,17.5,89.0,0.7,11.0,1.8,337.0,0.0,,,,,,,,,,,2024-01-19T03:00:00,,,,0,,,,,,,,,,,,,
2024-01-19 04:00:00,971.3,17.0,89.0,0.9,358.0,2.3,3.0,0.0,,,,,,,,,,,2024-01-19T03:01:00,,,,0,,,,,,,,,,,,,
2024-01-19 05:00:00,971.5,16.4,93.0,1.1,316.0,2.7,304.0,0.0,,,,,,,,,,,2024-01-19T04:23:00,,,,0,,,,,,,,,,,,,
2024-01-19 06:00:00,971.6,16.7,92.0,1.9,299.0,3.1,335.0,0.0,,,,,,,,,,,2024-01-19T05:10:00,,,,0,,,,,,,,,,,,,
2024-01-19 07:00:00,972.0,16.9,91.0,1.2,356.0,3.2,342.0,0.0,,,,,,,,,,,2024-01-19T06:58:00,,,,0,,,,,,,,,,,,,
2024-01-19 08:00:00,972.4,17.9,89.0,1.0,7.0,3.5,337.0,0.0,,,,,,,,,,,2024-01-19T07:34:00,,,,0,,,,,,,,,,,,,
2024-01-19 09:00:00,972.7,18.7,83.0,1.7,4.0,4.6,5.0,0.0,,,,,,,,,,,2024-01-19T08:54:00,,,,0,,,,,,,,,,,,,
2024-01-19 10:00:00,972.4,20.7,78.0,0.8,60.0,4.3,55.0,0.0,,,,,,,,,,,2024-01-19T09:43:00,,,,0,,,,,,,,,,,,,
2024-01-19 11:00:00,971.7,24.1,61.0,0.5,72.0,3.6,59.0,0.0,,,,,,,,,,,2024-01-19T10:23:00,,,,0,,,,,,,,,,,,,
2024-01-19 12:00:00,970.7,24.4,71.0,1.3,62.0,3.8,77.0,0.0,,,,,,,,,,,2024-01-19T11:48:00,,,,0,,,,,,,,,,,,,
2024-01-19 13:00:00,969.8,24.0,71.0,1.1,70.0,4.3,62.0,0.0,,,,,,,,,,,2024-01-19T12:53:00,,,,0,,,,,,,,,,,,,
2024-01-19 14:00:00,969.4,21.6,79.0,1.7,81.0,5.4,71.0,0.0,,,,,,,,,,,2024-01-19T13:13:00,,,,0,,,,,,,,,,,,,
2024-01-19 15:00:00,969.4,21.1,86.0,2.4,59.0,5.5,54.0,0.0,,,,,,,,,,,2024-01-19T14:48:00,,,,0,,,,,,,,,,,,,
2024-01-19 16:00:00,969.6,20.5,86.0,1.5,58.0,5.1,60.0,0.0,,,,,,,,,,,2024-01-19T15:01:00,,,,0,,,,,,,,,,,,,
2024-01-19 17:00:00,970.1,20.0,87.0,1.4,64.0,4.9,56.0,0.0,,,,,,,,,,,2024-01-19T16:11:00,,,,0,,,,,,,,,,,,,
2024-01-19 18:00:00,970.4,19.5,86.0,0.4,3.0,4.4,53.0,0.0,,,,,,,,,,,2024-01-19T17:20:00,,,,0,,,,,,,,,,,,,
2024-01-19 19:00:00,970.9,19.0,89.0,1.0,304.0,2.0,297.0,0.0,,,,,,,,,,,2024-01-19T18:57:00,,,,0,,,,,,,,,,,,,
2024-01-19 20:00:00,971.2,19.2,84.0,0.8,307.0,3.0,319.0,0.0,,,,,,,,,,,2024-01-19T19:38:00,,,,0,,,,,,,,,,,,,
2024-01-19 21:00:00,971.5,19.3,84.0,1.1,325.0,3.4,340.0,0.0,,,,,,,,,,,2024-01-19T20:21:00,,,,0,,,,,,,,,,,,,
2024-01-19 22:00:00,971.5,19.2,85.0,0.3,345.0,3.1,343.0,0.0,,,,,,,,,,,2024-01-19T21:46:00,,,,0,,,,,,,,,,,,,
2024-01-19 23:00:00,971.1,19.0,84.0,1.5,312.0,3.3,310.0,0.0,,,,,,,,,,,2024-01-19T22:50:00,,,,0,,,,,,,,,,,,,
2024-01-20 00:00:00,971.0,18.8,85.0,0.5,349.0,2.6,314.0,0.0,,,,,,,,,,,2024-01-19T23:02:00,,,,0,,,,,,,,,,,,,
2024-01-20 01:00:00,970.9,18.6,98.0,0.0,0.0,4.1,83.0,0.0,,,,,,,,,,,2024-01-20T00:18:00,,,,0,,,,,,,,,,,,,
2024-01-20 02:00:00,970.3,17.6,97.0,1.4,291.0,2.2,307.0,0.0,,,,,,,,,,,2024-01-20T01:59:00,,,,0,,,,,,,,,,,,,
2024-01-20 03:00:00,969.9,17.6,99.0,0.8,42.0,2.5,40.0,0.0,,,,,,,,,,,2024-01-20T02:49:00,,,,0,,,,,,,,,,,,,
2024-01-20 04:00:00,969.6,17.2,98.0,1.2,327.0,2.0,337.0,0.0,,,,,,,,,,,2024-01-20T03:32:00,,,,0,,,,,,,,,,,,,
2024-01-20 05:00:00,969.1,17.5,96.0,2.3,312.0,4.2,320.0,0.0,,,,,,,,,,,2024-01-20T04:39:00,,,,0,,,,,,,,,,,,,
2024-01-20 06:00:00,969.2,18.0,91.0,2.1,319.0,4.1,341.0,0.0,,,,,,,,,,,2024-01-20T05:36:00,,,,0,,,,,,,,,,,,,
2024-01-20 07:00:00,969.8,18.5,88.0,1.6,333.0,3.5,321.0,0.0,,,,,,,,,,,2024-01-20T06:06:00,,,,0,,,,,,,,,,,,,
2024-01-20 08:00:00,970.4,21.5,80.0,0.3,41.0,3.3,336.0,0.0,,,,,,,,,,,2024-01-20T07:13:00,,,,0,,,,,,,,,,,,,
2024-01-20 09:00:00,970.9,24.4,70.0,0.4,108.0,2.1,139.0,0.0,,,,,,,,,,,2024-01-20T08:46:00,,,,0,,,,,,,,,,,,,
2024-01-20 10:00:00,970.9,27.0,60.0,0.6,137.0,2.8,118.0,0.0,,,,,,,,,,,2024-01-20T09:54:00,,,,0,,,,,,,,,,,,,
2024-01-20 11:00:00,970.2,26.9,66.0,0.6,131.0,4.3,107.0,0.0,,,,,,,,,,,2024-01-20T10:58:00,,,,0,,,,,,,,,,,,,
2024-01-20 12:00:00,969.2,27.4,64.0,0.6,137.0,5.1,111.0,0.0,,,,,,,,,,,2024-01-20T11:41:00,,,,0,,,,,,,,,,,,,
2024-01-20 13:00:00,968.1,26.2,67.0,0.7,161.0,3.6,120.0,0.0,,,,,,,,,,,2024-01-20T12:09:00,,,,0,,,,,,,,,,,,,
2024-01-20 14:00:00,967.8,23.5,76.0,0.5,168.0,3.4,133.0,0.0,,,,,,,,,,,2024-01-20T13:25:00,,,,0,,,,,,,,,,,,,
2024-01-20 15:00:00,967.9,23.2,80.0,0.5,128.0,3.3,132.0,0.0,,,,,,,,,,,2024-01-20T14:02:00,,,,0,,,,,,,,,,,,,
2024-01-20 16:00:00,968.1,23.5,79.0,0.3,151.0,2.9,90.0,0.0,,,,,,,,,,,2024-01-20T15:08:00,,,,0,,,,,,,,,,,,,
2024-01-20 17:00:00,968.6,21.1,91.0,1.3,115.0,3.5,111.0,0.0,,,,,,,,,,,2024-01-20T17:00:00,,,,0,,,,,,,,,,,,,
2024-01-20 18:00:00,968.8,20.5,95.0,1.5,122.0,3.4,83.0,0.0,,,,,,,,,,,2024-01-20T17:02:00,,,,0,,,,,,,,,,,,,
2024-01-20 19:00:00,969.5,20.6,95.0,0.2,0.0,2.0,113.0,0.0,,,,,,,,,,,2024-01-20T18:05:00,,,,0,,,,,,,,,,,,,
2024-01-20 20:00:00,969.7,19.9,97.0,1.0,292.0,1.9,302.0,0.0,,,,,,,,,,,2024-01-20T19:36:00,,,,0,,,,,,,,,,,,,
2024-01-20 21:00:00,970.0,20.3,94.0,0.9,19.0,2.2,319.0,0.0,,,,,,,,,,,2024-01-20T20:23:00,,,,0,,,,,,,,,,,,,
2024-01-20 22:00:00,970.5,20.0,96.0,0.8,18.0,3.0,48.0,0.0,,,,,,,,,,,2024-01-20T21:23:00,,,,0,,,,,,,,,,,,,
2024-01-20 23:00:00,970.5,19.6,96.0,0.5,333.0,4.8,56.0,0.0,,,,,,,,,,,2024-01-20T22:43:00,,,,0,,,,,,,,,,,,,
2024-01-21 00:00:00,970.7,19.0,99.0,0.9,58.0,4.3,50.0,0.0,,,,,,,,,,,2024-01-20T23:49:00,,,,0,,,,,,,,,,,,,
2024-01-21 01:00:00,971.0,18.7,98.0,0.4,329.0,3.2,34.0,0.0,,,,,,,,,,,2024-01-21T00:28:00,,,,0,,,,,,,,,,,,,
2024-01-21 02:00:00,970.9,18.0,98.0,0.4,333.0,3.4,339.0,0.0,,,,,,,,,,,2024-01-21T01:11:00,,,,0,,,,,,,,,,,,,
2024-01-21 03:00:00,970.6,18.1,97.0,0.4,335.0,4.8,19.0,0.0,,,,,,,,,,,2024-01-21T02:49:00,,,,0,,,,,,,,,,,,,
2024-01-21 04:00:00,970.8,18.0,95.0,0.5,8.0,4.6,337.0,0.0,,,,,,,,,,,2024-01-21T03:54:00,,,,0,,,,,,,,,,,,,
2024-01-21 05:00:00,971.5,17.6,92.0,0.4,58.0,5.1,46.0,0.0,,,,,,,,,,,2024-01-21T04:22:00,,,,0,,,,,,,,,,,,,
2024-01-21 06:00:00,972.3,17.2,91.0,0.5,107.0,4.4,53.0,0.0,,,,,,,,,,,2024-01-21T05:23:00,,,,0,,,,,,,,,,,,,
2024-01-21 07:00:00,972.9,16.9,91.0,0.3,41.0,3.5,86.0,0.0,,,,,,,,,,,2024-01-21T06:17:00,,,,0,,,,,,,,,,,,,
2024-01-21 08:00:00,973.8,16.7,92.0,0.4,74.0,3.6,42.0,0.0,,,,,,,,,,,2024-01-21T07:25:00,,,,0,,,,,,,,,,,,,
2024-01-21 09:00:00,974.4,17.7,87.0,0.4,62.0,3.9,323.0,0.0,,,,,,,,,,,2024-01-21T08:55:00,,,,0,,,,,,,,,,,,,
2024-01-21 10:00:00,974.9,17.7,85.0,0.5,24.0,5.1,351.0,0.0,,,,,,,,,,,2024-01-21T10:00:00,,,,0,,,,,,,,,,,,,
2024-01-21 11:00:00,974.7,18.2,84.0,0.2,0.0,4.1,25.0,0.0,,,,,,,,,,,2024-01-21T10:02:00,,,,0,,,,,,,,,,,,,
2024-01-21 12:00:00,973.8,18.5,82.0,0.3,53.0,3.8,318.0,0.0,,,,,,,,,,,2024-01-21T11:32:00,,,,0,,,,,,,,,,,,,
2024-01-21 13:00:00,972.9,18.9,82.0,0.2,0.0,3.4,308.0,0.0,,,,,,,,,,,2024-01-21T12:22:00,,,,0,,,,,,,,,,,,,
2024-01-21 14:00:00,972.6,18.6,82.0,0.3,314.0,4.5,33.0,0.0,,,,,,,,,,,2024-01-21T13:06:00,,,,0,,,,,,,,,,,,,
2024-01-21 15:00:00,972.7,17.7,85.0,0.7,336.0,3.9,42.0,0.0,,,,,,,,,,,2024-01-21T14:56:00,,,,0,,,,,,,,,,,,,
2024-01-21 16:00:00,973.3,16.7,86.0,0.4,26.0,3.2,340.0,0.0,,,,,,,,,,,2024-01-21T15:01:00,,,,0,,,,,,,,,,,,,
2024-01-21 17:00:00,973.7,16.3,87.0,0.5,51.0,3.6,309.0,0.0,,,,,,,,,,,2024-01-21T16:45:00,,,,0,,,,,,,,,,,,,
2024-01-21 18:00:00,974.5,15.7,89.0,0.6,40.0,5.6,53.0,0.0,,,,,,,,,,,2024-01-21T17:35:00,,,,0,,,,,,,,,,,,,
2024-01-21 19:00:00,974.8,15.5,90.0,0.6,57.0,4.8,31.0,0.0,,,,,,,,,,,2024-01-21T18:25:00,,,,0,,,,,,,,,,,,,
2024-01-21 20:00:00,975.2,15.1,92.0,0.7,33.0,5.6,341.0,0.0,,,,,,,,,,,2024-01-21T19:11:00,,,,0,,,,,,,,,,,,,
2024-01-21 21:00:00,975.4,15.0,92.0,0.7,34.0,5.0,327.0,0.0,,,,,,,,,,,2024-01-21T20:39:00,,,,0,,,,,,,,,,,,,
2024-01-21 22:00:00,975.4,14.9,91.0,0.8,14.0,6.5,46.0,0.0,,,,,,,,,,,2024-01-21T21:39:00,,,,0,,,,,,,,,,,,,
2024-01-21 23:00:00,975.7,14.8,89.0,0.8,58.0,5.0,11.0,0.0,,,,,,,,,,,2024-01-21T22:37:00,,,,0,,,,,,,,,,,,,
2024-01-22 00:00:00,975.5,14.7,90.0,0.5,59.0,6.5,11.0,0.0,,,,,,,,,,,2024-01-21T23:21:00,,,,0,,,,,,,,,,,,,
2024-01-22 01:00:00,975.3,14.7,90.0,0.6,84.0,4.9,352.0,0.0,,,,,,,,,,,2024-01-22T00:32:00,,,,0,,,,,,,,,,,,,
2024-01-22 02:00:00,974.9,14.6,90.0,0.6,29.0,4.9,9.0,0.0,,,,,,,,,,,2024-01-22T01:06:00,,,,0,,,,,,,,,,,,,
2024-01-22 03:00:00,974.4,14.5,90.0,0.8,32.0,5.8,59.0,0.0,,,,,,,,,,,2024-01-22T02:12:00,,,,0,,,,,,,,,,,,,
2024-01-22 04:00:00,974.3,14.5,90.0,0.7,30.0,6.0,19.0,0.0,,,,,,,,,,,2024-01-22T03:48:00,,,,0,,,,,,,,,,,,,
2024-01-22 05:00:00,974.4,14.2,90.0,0.8,61.0,4.7,11.0,0.0,,,,,,,,,,,2024-01-22T04:01:00,,,,0,,,,,,,,,,,,,
2024-01-22 06:00:00,974.9,13.7,92.0,0.7,9.0,6.4,38.0,0.0,,,,,,,,,,,2024-01-22T05:09:00,,,,0,,,,,,,,,,,,,
2024-01-22 07:00:00,975.2,14.3,89.0,0.5,28.0,4.1,16.0,0.0,,,,,,,,,,,2024-01-22T06:06:00,,,,0,,,,,,,,,,,,,
2024-01-22 08:00:00,976.0,17.3,77.0,0.7,50.0,4.9,31.0,0.0,,,,,,,,,,,2024-01-22T07:17:00,,,,0,,,,,,,,,,,,,
2024-01-22 09:00:00,976.6,20.3,66.0,0.3,79.0,4.1,37.0,0.0,,,,,,,,,,,2024-01-22T08:34:00,,,,0,,,,,,,,,,,,,
2024-01-22 10:00:00,976.5,21.2,63.0,0.4,36.0,4.7,312.0,0.0,,,,,,,,,,,2024-01-22T09:40:00,,,,0,,,,,,,,,,,,,
2024-01-22 11:00:00,975.2,24.3,53.0,0.3,93.0,4.0,71.0,0.0,,,,,,,,,,,2024-01-22T10:33:00,,,,0,,,,,,,,,,,,,
2024-01-22 12:00:00,973.8,23.6,57.0,0.7,74.0,4.9,52.0,0.0,,,,,,,,,,,2024-01-22T11:54:00,,,,0,,,,,,,,,,,,,
2024-01-22 13:00:00,973.0,24.6,52.0,1.1,66.0,5.0,30.0,0.0,,,,,,,,,,,2024-01-22T12:33:00,,,,0,,,,,,,,,,,,,
2024-01-22 14:00:00,972.5,23.0,62.0,1.4,70.0,7.8,74.0,0.0,,,,,,,,,,,2024-01-22T13:44:00,,,,0,,,,,,,,,,,,,
2024-01-22 15:00:00,972.5,21.3,66.0,2.1,44.0,8.7,54.0,0.0,,,,,,,,,,,2024-01-22T14:06:00,,,,0,,,,,,,,,,,,,
2024-01-22 16:00:00,973.0,18.3,73.0,0.5,102.0,6.4,62.0,0.0,,,,,,,,,,,2024-01-22T15:06:00,,,,0,,,,,,,,,,,,,
2024-01-22 17:00:00,973.5,16.2,81.0,0.5,95.0,3.3,37.0,0.0,,,,,,,,,,,2024-01-22T16:52:00,,,,0,,,,,,,,,,,,,
2024-01-22 18:00:00,974.2,15.2,83.0,0.8,54.0,7.8,57.0,0.0,,,,,,,,,,,2024-01-22T17:49:00,,,,0,,,,,,,,,,,,,
2024-01-22 19:00:00,974.9,14.8,84.0,0.8,54.0,6.5,34.0,0.0,,,,,,,,,,,2024-01-22T18:51:00,,,,0,,,,,,,,,,,,,
2024-01-22 20:00:00,975.7,14.2,86.0,0.7,77.0,8.6,12.0,0.0,,,,,,,,,,,2024-01-22T19:20:00,,,,0,,,,,,,,,,,,,
2024-01-22 21:00:00,975.6,13.7,83.0,1.3,82.0,6.5,39.0,0.0,,,,,,,,,,,2024-01-22T20:38:00,,,,0,,,,,,,,,,,,,
2024-01-22 22:00:00,976.1,13.6,83.0,1.0,13.0,7.4,54.0,0.0,,,,,,,,,,,2024-01-22T21:51:00,,,,0,,,,,,,,,,,,,
2024-01-22 23:00:00,975.7,13.1,83.0,0.9,7.0,9.4,26.0,0.0,,,,,,,,,,,2024-01-22T22:05:00,,,,0,,,,,,,,,,,,,
2024-01-23 00:00:00,976.1,12.9,85.0,1.2,13.0,6.4,44.0,0.0,,,,,,,,,,,2024-01-22T23:52:00,,,,0,,,,,,,,,,,,,
2024-01-23 01:00:00,976.1,12.9,85.0,0.9,30.0,5.9,7.0,0.0,,,,,,,,,,,2024-01-23T00:57:00,,,,0,,,,,,,,,,,,,
2024-01-23 02:00:00,976.2,12.5,85.0,0.5,50.0,4.7,73.0,0.0,,,,,,,,,,,2024-01-23T01:47:00,,,,0,,,,,,,,,,,,,
2024-01-23 03:00:00,975.9,11.9,87.0,0.7,83.0,5.8,25.0,0.0,,,,,,,,,,,2024-01-23T02:27:00,,,,0,,,,,,,,,,,,,
2024-01-23 04:00:00,976.2,11.9,86.0,0.5,53.0,5.0,7.0,0.0,,,,,,,,,,,2024-01-23T03:13:00,,,,0,,,,,,,,,,,,,
2024-01-23 05:00:00,976.1,11.6,84.0,0.8,54.0,5.3,358.0,0.0,,,,,,,,,,,2024-01-23T04:18:00,,,,0,,,,,,,,,,,,,
2024-01-23 06:00:00,976.8,11.1,84.0,0.8,69.0,6.3,18.0,0.0,,,,,,,,,,,2024-01-23T05:57:00,,,,0,,,,,,,,,,,,,
2024-01-23 07:00:00,977.4,11.1,85.0,0.7,45.0,5.3,39.0,0.0,,,,,,,,,,,2024-01-23T06:20:00,,,,0,,,,,,,,,,,,,
2024-01-23 08:00:00,978.3,11.3,84.0,0.8,49.0,5.1,57.0,0.0,,,,,,,,,,,2024-01-23T07:57:00,,,,0,,,,,,,,,,,,,
2024-01-23 09:00:00,978.8,11.4,82.0,0.7,24.0,5.9,10.0,0.0,,,,,,,,,,,2024-01-23T08:40:00,,,,0,,,,,,,,,,,,,
2024-01-23 10:00:00,979.2,12.0,80.0,0.6,34.0,4.5,11.0,0.0,,,,,,,,,,,2024-01-23T09:20:00,,,,0,,,,,,,,,,,,,
2024-01-23 11:00:00,978.6,13.0,78.0,0.6,48.0,6.0,35.0,0.0,,,,,,,,,,,2024-01-23T10:49:00,,,,0,,,,,,,,,,,,,
2024-01-23 12:00:00,978.1,13.7,73.0,0.6,59.0,3.8,33.0,0.0,,,,,,,,,,,2024-01-23T11:02:00,,,,0,,,,,,,,,,,,,
2024-01-23 13:00:00,977.0,15.4,69.0,0.6,50.0,3.8,26.0,0.0,,,,,,,,,,,2024-01-23T12:47:00,,,,0,,,,,,,,,,,,,
2024-01-23 14:00:00,976.5,15.3,71.0,0.2,0.0,3.8,3.0,0.0,,,,,,,,,,,2024-01-23T13:01:00,,,,0,,,,,,,,,,,,,
2024-01-23 15:00:00,976.5,14.4,74.0,0.2,0.0,3.3,34.0,0.0,,,,,,,,,,,2024-01-23T14:43:00,,,,0,,,,,,,,,,,,,
2024-01-23 16:00:00,976.7,13.0,76.0,0.4,59.0,3.8,86.0,0.0,,,,,,,,,,,2024-01-23T15:29:00,,,,0,,,,,,,,,,,,,
2024-01-23 17:00:00,977.4,12.2,80.0,0.4,59.0,3.9,321.0,0.0,,,,,,,,,,,2024-01-23T16:20:00,,,,0,,,,,,,,,,,,,
2024-01-23 18:00:00,978.0,11.6,83.0,0.3,20.0,4.6,50.0,0.0,,,,,,,,,,,2024-01-23T17:25:00,,,,0,,,,,,,,,,,,,
2024-01-23 19:00:00,978.5,11.2,84.0,0.7,53.0,5.0,9.0,0.0,,,,,,,,,,,2024-01-23T18:09:00,,,,0,,,,,,,,,,,,,
2024-01-23 20:00:00,978.9,11.1,85.0,0.6,1.0,5.1,287.0,0.0,,,,,,,,,,,2024-01-23T19:21:00,,,,0,,,,,,,,,,,,,
2024-01-23 21:00:00,979.6,10.8,87.0,0.7,73.0,3.3,292.0,0.0,,,,,,,,,,,2024-01-23T20:17:00,,,,0,,,,,,,,,,,,,
2024-01-23 22:00:00,979.8,10.7,86.0,0.8,87.0,5.7,127.0,0.0,,,,,,,,,,,2024-01-23T21:03:00,,,,0,,,,,,,,,,,,,
2024-01-23 23:00:00,979.6,10.7,87.0,0.4,7.0,4.4,319.0,0.0,,,,,,,,,,,2024-01-23T22:41:00,,,,0,,,,,,,,,,,,,
2024-01-24 00:00:00,979.6,10.5,88.0,0.8,341.0,4.6,37.0,0.0,,,,,,,,,,,2024-01-23T23:49:00,,,,0,,,,,,,,,,,,,
2024-01-24 01:00:00,979.3,10.4,88.0,0.5,46.0,4.4,34.0,0.0,,,,,,,,,,,2024-01-24T00:30:00,,,,0,,,,,,,,,,,,,
2024-01-24 02:00:00,979.1,10.2,88.0,0.5,13.0,5.8,24.0,0.0,,,,,,,,,,,2024-01-24T01:24:00,,,,0,,,,,,,,,,,,,
2024-01-24 03:00:00,979.3,10.1,88.0,0.6,44.0,4.4,17.0,0.0,,,,,,,,,,,2024-01-24T02:44:00,,,,0,,,,,,,,,,,,,
2024-01-24 04:00:00,979.1,9.8,88.0,0.7,55.0,5.9,21.0,0.0,,,,,,,,,,,2024-01-24T03:05:00,,,,0,,,,,,,,,,,,,
2024-01-24 05:00:00,979.1,9.5,87.0,0.9,57.0,4.9,50.0,0.0,,,,,,,,,,,2024-01-24T04:33:00,,,,0,,,,,,,,,,,,,
2024-01-24 06:00:00,979.8,9.5,87.0,0.6,48.0,5.6,42.0,0.0,,,,,,,,,,,2024-01-24T05:05:00,,,,0,,,,,,,,,,,,,
2024-01-24 07:00:00,980.1,9.5,86.0,0.7,47.0,4.9,118.0,0.0,,,,,,,,,,,2024-01-24T06:36:00,,,,0,,,,,,,,,,,,,
2024-01-24 08:00:00,980.7,9.9,85.0,0.6,50.0,4.0,46.0,0.0,,,,,,,,,,,2024-01-24T07:02:00,,,,0,,,,,,,,,,,,,
2024-01-24 09:00:00,981.2,10.5,84.0,0.5,29.0,3.3,18.0,0.0,,,,,,,,,,,2024-01-24T08:05:00,,,,0,,,,,,,,,,,,,
2024-01-24 10:00:00,981.4,11.5,80.0,0.6,56.0,4.5,332.0,0.0,,,,,,,,,,,2024-01-24T09:44:00,,,,0,,,,,,,,,,,,,
2024-01-24 11:00:00,981.2,11.8,77.0,0.8,357.0,4.9,337.0,0.0,,,,,,,,,,,2024-01-24T10:23:00,,,,0,,,,,,,,,,,,,
2024-01-24 12:00:00,980.3,13.1,73.0,0.3,26.0,4.9,325.0,0.0,,,,,,,,,,,2024-01-24T11:14:00,,,,0,,,,,,,,,,,,,
2024-01-24 13:00:00,979.0,13.7,72.0,0.4,38.0,5.2,17.0,0.0,,,,,,,,,,,2024-01-24T12:28:00,,,,0,,,,,,,,,,,,,
2024-01-24 14:00:00,978.2,14.4,71.0,0.3,360.0,5.2,321.0,0.0,,,,,,,,,,,2024-01-24T13:47:00,,,,0,,,,,,,,,,,,,
2024-01-24 15:00:00,978.0,13.2,74.0,0.3,339.0,3.1,112.0,0.0,,,,,,,,,,,2024-01-24T14:29:00,,,,0,,,,,,,,,,,,,
2024-01-24 16:00:00,978.1,12.3,78.0,0.3,56.0,2.4,329.0,0.0,,,,,,,,,,,2024-01-24T15:06:00,,,,0,,,,,,,,,,,,,
2024-01-24 17:00:00,978.5,11.5,81.0,0.6,48.0,3.1,309.0,0.0,,,,,,,,,,,2024-01-24T16:08:00,,,,0,,,,,,,,,,,,,
2024-01-24 18:00:00,978.9,11.2,82.0,0.6,21.0,3.9,285.0,0.0,,,,,,,,,,,2024-01-24T17:08:00,,,,0,,,,,,,,,,,,,
2024-01-24 19:00:00,979.2,11.0,85.0,0.5,20.0,4.8,30.0,0.0,,,,,,,,,,,2024-01-24T18:18:00,,,,0,,,,,,,,,,,,,
2024-01-24 20:00:00,979.3,10.9,84.0,1.0,323.0,4.5,346.0,0.0,,,,,,,,,,,2024-01-24T19:14:00,,,,0,,,,,,,,,,,,,
2024-01-24 21:00:00,979.6,11.0,85.0,0.6,342.0,6.4,352.0,0.0,,,,,,,,,,,2024-01-24T20:04:00,,,,0,,,,,,,,,,,,,
2024-01-24 22:00:00,979.7,11.0,85.0,1.5,334.0,5.5,317.0,0.0,,,,,,,,,,,2024-01-24T21:11:00,,,,0,,,,,,,,,,,,,
2024-01-24 23:00:00,979.6,11.1,86.0,0.5,339.0,4.8,51.0,0.0,,,,,,,,,,,2024-01-24T22:13:00,,,,0,,,,,,,,,,,,,
2024-01-25 00:00:00,979.7,11.2,86.0,0.7,343.0,4.4,39.0,0.0,,,,,,,,,,,2024-01-24T23:20:00,,,,0,,,,,,,,,,,,,
2024-01-25 01:00:00,979.6,11.3,86.0,1.4,320.0,4.9,354.0,0.0,,,,,,,,,,,2024-01-25T00:30:00,,,,0,,,,,,,,,,,,,
2024-01-25 02:00:00,978.9,11.1,88.0,0.9,354.0,5.1,321.0,0.0,,,,,,,,,,,2024-01-25T01:08:00,,,,0,,,,,,,,,,,,,
2024-01-25 03:00:00,978.7,11.0,88.0,0.9,345.0,4.3,12.0,0.0,,,,,,,,,,,2024-01-25T02:38:00,,,,0,,,,,,,,,,,,,
2024-01-25 04:00:00,978.6,11.1,89.0,1.7,332.0,5.3,311.0,0.0,,,,,,,,,,,2024-01-25T03:44:00,,,,0,,,,,,,,,,,,,
2024-01-25 05:00:00,978.7,11.2,89.0,0.9,11.0,4.5,360.0,0.0,,,,,,,,,,,2024-01-25T04:54:00,,,,0,,,,,,,,,,,,,
2024-01-25 06:00:00,979.3,11.5,88.0,2.2,3.0,4.7,15.0,0.0,,,,,,,,,,,2024-01-25T05:54:00,,,,0,,,,,,,,,,,,,
2024-01-25 07:00:00,980.2,11.4,89.0,1.1,25.0,3.4,9.0,0.0,,,,,,,,,,,2024-01-25T06:06:00,,,,0,,,,,,,,,,,,,
2024-01-25 08:00:00,980.7,11.6,90.0,2.0,353.0,4.8,326.0,0.0,,,,,,,,,,,2024-01-25T07:42:00,,,,0,,,,,,,,,,,,,
2024-01-25 09:00:00,980.9,12.2,86.0,2.6,318.0,5.7,338.0,0.0,,,,,,,,,,,2024-01-25T08:58:00,,,,0,,,,,,,,,,,,,
2024-01-25 10:00:00,981.2,12.9,86.0,1.2,26.0,4.1,292.0,0.0,,,,,,,,,,,2024-01-25T09:07:00,,,,0,,,,,,,,,,,,,
2024-01-25 11:00:00,980.9,13.0,88.0,1.4,322.0,3.7,4.0,0.0,,,,,,,,,,,2024-01-25T10:24:00,,,,0,,,,,,,,,,,,,
2024-01-25 12:00:00,980.0,13.4,86.0,1.1,29.0,3.5,13.0,0.0,,,,,,,,,,,2024-01-25T11:11:00,,,,0,,,,,,,,,,,,,
2024-01-25 13:00:00,978.8,13.5,86.0,1.3,333.0,3.6,170.0,0.0,,,,,,,,,,,2024-01-25T12:32:00,,,,0,,,,,,,,,,,,,
2024-01-25 14:00:00,978.2,13.2,89.0,1.2,337.0,2.7,1.0,0.0,,,,,,,,,,,2024-01-25T13:54:00,,,,0,,,,,,,,,,,,,
2024-01-25 15:00:00,977.7,14.4,86.0,0.4,323.0,2.8,338.0,0.0,,,,,,,,,,,2024-01-25T14:32:00,,,,0,,,,,,,,,,,,,
2024-01-25 16:00:00,978.0,14.8,84.0,0.5,7.0,2.2,10.0,0.0,,,,,,,,,,,2024-01-25T15:47:00,,,,0,,,,,,,,,,,,,
2024-01-25 17:00:00,978.3,13.5,88.0,1.2,342.0,3.8,4.0,0.0,,,,,,,,,,,2024-01-25T16:58:00,,,,0,,,,,,,,,,,,,
2024-01-25 18:00:00,978.7,13.2,90.0,0.2,0.0,3.4,308.0,0.0,,,,,,,,,,,2024-01-25T17:49:00,,,,0,,,,,,,,,,,,,
2024-01-25 19:00:00,979.0,13.0,93.0,1.2,318.0,4.5,1.0,0.0,,,,,,,,,,,2024-01-25T18:59:00,,,,0,,,,,,,,,,,,,
2024-01-25 20:00:00,979.5,12.8,94.0,0.6,348.0,5.0,360.0,0.0,,,,,,,,,,,2024-01-25T19:08:00,,,,0,,,,,,,,,,,,,
2024-01-25 21:00:00,979.8,12.7,94.0,0.7,327.0,4.1,342.0,0.0,,,,,,,,,,,2024-01-25T20:19:00,,,,0,,,,,,,,,,,,,
2024-01-25 22:00:00,979.9,12.6,94.0,1.0,323.0,4.0,333.0,0.0,,,,,,,,,,,2024-01-25T21:04:00,,,,0,,,,,,,,,,,,,
2024-01-25 23:00:00,979.9,12.6,94.0,0.3,16.0,4.0,325.0,0.0,,,,,,,,,,,2024-01-25T22:09:00,,,,0,,,,,,,,,,,,,
2024-01-26 00:00:00,979.8,12.8,93.0,0.9,349.0,3.9,28.0,0.0,,,,,,,,,,,2024-01-25T23:52:00,,,,0,,,,,,,,,,,,,
2024-01-26 01:00:00,979.5,13.1,91.0,1.7,315.0,4.7,328.0,0.0,,,,,,,,,,,2024-01-26T00:26:00,,,,0,,,,,,,,,,,,,
2024-01-26 02:00:00,979.0,13.0,92.0,0.9,8.0,4.7,343.0,0.0,,,,,,,,,,,2024-01-26T01:11:00,,,,0,,,,,,,,,,,,,
2024-01-26 03:00:00,978.7,13.0,92.0,1.0,27.0,5.1,55.0,0.0,,,,,,,,,,,2024-01-26T02:55:00,,,,0,,,,,,,,,,,,,
2024-01-26 04:00:00,978.6,12.6,93.0,1.1,316.0,6.0,46.0,0.0,,,,,,,,,,,2024-01-26T03:08:00,,,,0,,,,,,,,,,,,,
2024-01-26 05:00:00,978.9,12.2,94.0,1.6,353.0,5.3,307.0,0.0,,,,,,,,,,,2024-01-26T04:30:00,,,,0,,,,,,,,,,,,,
2024-01-26 06:00:00,979.3,12.3,93.0,1.2,326.0,4.8,3.0,0.0,,,,,,,,,,,2024-01-26T05:16:00,,,,0,,,,,,,,,,,,,
2024-01-26 07:00:00,979.7,12.1,95.0,0.6,352.0,3.9,18.0,0.0,,,,,,,,,,,2024-01-26T06:14:00,,,,0,,,,,,,,,,,,,
2024-01-26 08:00:00,980.3,14.6,87.0,0.8,14.0,3.8,24.0,0.0,,,,,,,,,,,2024-01-26T07:51:00,,,,0,,,,,,,,,,,,,
2024-01-26 09:00:00,980.6,17.6,75.0,0.4,65.0,4.0,6.0,0.0,,,,,,,,,,,2024-01-26T08:33:00,,,,0,,,,,,,,,,,,,
2024-01-26 10:00:00,980.7,19.3,68.0,0.5,59.0,5.0,43.0,0.0,,,,,,,,,,,2024-01-26T09:33:00,,,,0,,,,,,,,,,,,,
2024-01-26 11:00:00,980.1,20.5,63.0,0.2,0.0,3.8,316.0,0.0,,,,,,,,,,,2024-01-26T10:20:00,,,,0,,,,,,,,,,,,,
2024-01-26 12:00:00,979.1,21.2,61.0,0.2,0.0,2.5,300.0,0.0,,,,,,,,,,,2024-01-26T11:27:00,,,,0,,,,,,,,,,,,,
2024-01-26 13:00:00,978.2,20.4,64.0,0.0,0.0,3.2,74.0,0.0,,,,,,,,,,,2024-01-26T12:03:00,,,,0,,,,,,,,,,,,,
2024-01-26 14:00:00,977.4,19.6,67.0,0.3,50.0,2.6,56.0,0.0,,,,,,,,,,,2024-01-26T13:44:00,,,,0,,,,,,,,,,,,,
2024-01-26 15:00:00,977.2,18.7,70.0,0.0,0.0,3.1,39.0,0.0,,,,,,,,,,,2024-01-26T14:07:00,,,,0,,,,,,,,,,,,,
2024-01-26 16:00:00,977.3,17.2,75.0,0.1,0.0,1.4,19.0,0.0,,,,,,,,,,,2024-01-26T15:25:00,,,,0,,,,,,,,,,,,,
2024-01-26 17:00:00,977.5,15.8,80.0,0.5,356.0,2.7,42.0,0.0,,,,,,,,,,,2024-01-26T16:45:00,,,,0,,,,,,,,,,,,,
2024-01-26 18:00:00,977.8,14.9,84.0,0.8,347.0,3.6,10.0,0.0,,,,,,,,,,,2024-01-26T17:38:00,,,,0,,,,,,,,,,,,,
2024-01-26 19:00:00,978.4,14.6,86.0,1.6,322.0,4.6,337.0,0.0,,,,,,,,,,,2024-01-26T18:47:00,,,,0,,,,,,,,,,,,,
2024-01-26 20:00:00,978.8,14.5,87.0,2.0,329.0,6.0,339.0,0.0,,,,,,,,,,,2024-01-26T19:59:00,,,,0,,,,,,,,,,,,,
2024-01-26 21:00:00,978.8,14.3,89.0,1.4,354.0,5.6,333.0,0.0,,,,,,,,,,,2024-01-26T20:12:00,,,,0,,,,,,,,,,,,,
2024-01-26 22:00:00,979.0,14.1,90.0,1.1,337.0,4.5,12.0,0.0,,,,,,,,,,,2024-01-26T21:26:00,,,,0,,,,,,,,,,,,,
2024-01-26 23:00:00,979.0,13.5,92.0,1.5,33.0,4.6,47.0,0.0,,,,,,,,,,,2024-01-26T22:56:00,,,,0,,,,,,,,,,,,,
2024-01-27 00:00:00,978.8,13.3,95.0,1.1,333.0,3.5,360.0,0.0,,,,,,,,,,,2024-01-26T23:22:00,,,,0,,,,,,,,,,,,,
2024-01-27 01:00:00,978.4,13.5,93.0,0.5,340.0,4.3,334.0,0.0,,,,,,,,,,,2024-01-27T00:42:00,,,,0,,,,,,,,,,,,,
2024-01-27 02:00:00,977.8,13.1,95.0,1.1,10.0,5.4,44.0,0.0,,,,,,,,,,,2024-01-27T01:42:00,,,,0,,,,,,,,,,,,,
2024-01-27 03:00:00,977.6,13.1,96.0,1.3,350.0,4.6,44.0,0.0,,,,,,,,,,,2024-01-27T02:10:00,,,,0,,,,,,,,,,,,,
2024-01-27 04:00:00,977.5,12.8,98.0,1.6,323.0,3.4,9.0,0.0,,,,,,,,,,,2024-01-27T03:32:00,,,,0,,,,,,,,,,,,,
2024-01-27 05:00:00,977.6,12.5,99.0,1.6,10.0,5.3,20.0,0.0,,,,,,,,,,,2024-01-27T04:41:00,,,,0,,,,,,,,,,,,,
2024-01-27 06:00:00,978.0,12.3,100.0,1.0,341.0,5.0,329.0,0.0,,,,,,,,,,,2024-01-27T05:31:00,,,,0,,,,,,,,,,,,,
2024-01-27 07:00:00,978.7,12.5,99.0,1.9,323.0,5.9,32.0,0.0,,,,,,,,,,,2024-01-27T06:48:00,,,,0,,,,,,,,,,,,,
2024-01-27 08:00:00,978.9,15.4,89.0,1.2,20.0,5.7,336.0,0.0,,,,,,,,,,,2024-01-27T07:22:00,,,,0,,,,,,,,,,,,,
2024-01-27 09:00:00,979.1,19.5,71.0,0.5,65.0,4.1,11.0,0.0,,,,,,,,,,,2024-01-27T08:10:00,,,,0,,,,,,,,,,,,,
2024-01-27 10:00:00,979.1,20.7,65.0,0.3,74.0,3.5,22.0,0.0,,,,,,,,,,,2024-01-27T09:28:00,,,,0,,,,,,,,,,,,,
2024-01-27 11:00:00,978.8,21.5,63.0,0.3,72.0,3.2,53.0,0.0,,,,,,,,,,,2024-01-27T10:20:00,,,,0,,,,,,,,,,,,,
2024-01-27 12:00:00,977.7,23.3,59.0,0.9,56.0,3.8,50.0,0.0,,,,,,,,,,,2024-01-27T12:00:00,,,,0,,,,,,,,,,,,,
2024-01-27 13:00:00,976.7,23.2,61.0,0.2,0.0,4.0,34.0,0.0,,,,,,,,,,,2024-01-27T12:27:00,,,,0,,,,,,,,,,,,,
2024-01-27 14:00:00,975.9,20.9,71.0,0.9,69.0,4.7,87.0,0.0,,,,,,,,,,,2024-01-27T13:34:00,,,,0,,,,,,,,,,,,,
2024-01-27 15:00:00,975.6,21.1,68.0,1.1,53.0,3.8,56.0,0.0,,,,,,,,,,,2024-01-27T14:28:00,,,,0,,,,,,,,,,,,,
2024-01-27 16:00:00,975.7,19.3,72.0,0.7,52.0,3.1,49.0,0.0,,,,,,,,,,,2024-01-27T15:25:00,,,,0,,,,,,,,,,,,,
2024-01-27 17:00:00,976.1,17.6,77.0,0.3,60.0,3.6,41.0,0.0,,,,,,,,,,,2024-01-27T17:00:00,,,,0,,,,,,,,,,,,,
2024-01-27 18:00:00,976.6,16.4,84.0,0.4,345.0,3.7,49.0,0.0,,,,,,,,,,,2024-01-27T17:48:00,,,,0,,,,,,,,,,,,,
2024-01-27 19:00:00,977.0,15.7,87.0,0.5,353.0,4.4,296.0,0.0,,,,,,,,,,,2024-01-27T18:22:00,,,,0,,,,,,,,,,,,,
2024-01-27 20:00:00,977.7,15.5,88.0,1.0,338.0,3.0,313.0,0.0,,,,,,,,,,,2024-01-27T19:51:00,,,,0,,,,,,,,,,,,,
2024-01-27 21:00:00,978.1,15.1,90.0,1.3,357.0,6.4,12.0,0.0,,,,,,,,,,,2024-01-27T21:00:00,,,,0,,,,,,,,,,,,,
2024-01-27 22:00:00,978.2,14.9,91.0,0.3,5.0,6.1,318.0,0.0,,,,,,,,,,,2024-01-27T21:24:00,,,,0,,,,,,,,,,,,,
2024-01-27 23:00:00,978.3,14.7,92.0,0.6,334.0,3.9,300.0,0.0,,,,,,,,,,,2024-01-27T22:24:00,,,,0,,,,,,,,,,,,,
2024-01-28 00:00:00,978.1,14.6,92.0,0.5,336.0,4.4,18.0,0.0,,,,,,,,,,,2024-01-27T23:16:00,,,,0,,,,,,,,,,,,,
2024-01-28 01:00:00,977.9,14.0,95.0,1.9,340.0,5.3,6.0,0.0,,,,,,,,,,,2024-01-28T00:42:00,,,,0,,,,,,,,,,,,,
2024-01-28 02:00:00,977.6,14.2,94.0,0.9,330.0,4.5,13.0,0.0,,,,,,,,,,,2024-01-28T01:33:00,,,,0,,,,,,,,,,,,,
2024-01-28 03:00:00,977.3,14.5,93.0,0.7,45.0,5.9,4.0,0.0,,,,,,,,,,,2024-01-28T02:19:00,,,,0,,,,,,,,,,,,,
2024-01-28 04:00:00,977.0,13.9,94.0,0.5,21.0,5.7,329.0,0.0,,,,,,,,,,,2024-01-28T03:30:00,,,,0,,,,,,,,,,,,,
2024-01-28 05:00:00,977.2,13.9,95.0,0.6,15.0,4.5,54.0,0.0,,,,,,,,,,,2024-01-28T04:15:00,,,,0,,,,,,,,,,,,,
2024-01-28 06:00:00,977.7,13.6,97.0,0.4,64.0,5.8,27.0,0.0,,,,,,,,,,,2024-01-28T05:29:00,,,,0,,,,,,,,,,,,,
2024-01-28 07:00:00,978.6,13.5,98.0,0.7,38.0,3.3,25.0,0.0,,,,,,,,,,,2024-01-28T06:57:00,,,,0,,,,,,,,,,,,,
2024-01-28 08:00:00,979.0,14.3,95.0,0.6,124.0,4.6,28.0,0.0,,,,,,,,,,,2024-01-28T07:21:00,,,,0,,,,,,,,,,,,,
2024-01-28 09:00:00,979.6,17.4,81.0,0.5,60.0,6.5,43.0,0.0,,,,,,,,,,,2024-01-28T08:14:00,,,,0,,,,,,,,,,,,,
2024-01-28 10:00:00,979.9,17.5,78.0,0.7,50.0,3.6,310.0,0.0,,,,,,,,,,,2024-01-28T09:58:00,,,,0,,,,,,,,,,,,,
2024-01-28 11:00:00,979.9,19.0,75.0,0.1,0.0,3.9,25.0,0.0,,,,,,,,,,,2024-01-28T10:01:00,,,,0,,,,,,,,,,,,,
2024-01-28 12:00:00,979.1,19.7,70.0,0.3,9.0,3.9,44.0,0.0,,,,,,,,,,,2024-01-28T11:35:00,,,,0,,,,,,,,,,,,,
2024-01-28 13:00:00,978.0,19.4,70.0,0.2,0.0,3.2,25.0,0.0,,,,,,,,,,,2024-01-28T12:33:00,,,,0,,,,,,,,,,,,,
2024-01-28 14:00:00,977.6,18.5,73.0,0.0,0.0,2.7,310.0,0.0,,,,,,,,,,,2024-01-28T13:22:00,,,,0,,,,,,,,,,,,,
2024-01-28 15:00:00,977.4,16.5,78.0,0.2,0.0,2.5,117.0,0.0,,,,,,,,,,,2024-01-28T14:55:00,,,,0,,,,,,,,,,,,,
2024-01-28 16:00:00,977.9,15.3,83.0,0.5,52.0,3.3,120.0,0.0,,,,,,,,,,,2024-01-28T15:55:00,,,,0,,,,,,,,,,,,,
2024-01-28 17:00:00,978.6,14.4,86.0,0.5,93.0,3.2,21.0,0.0,,,,,,,,,,,2024-01-28T16:12:00,,,,0,,,,,,,,,,,,,
2024-01-28 18:00:00,978.9,13.9,88.0,0.8,21.0,5.0,61.0,0.0,,,,,,,,,,,2024-01-28T17:58:00,,,,0,,,,,,,,,,,,,
2024-01-28 19:00:00,979.5,12.9,99.0,0.5,29.0,4.6,322.0,0.0,,,,,,,,,,,2024-01-28T18:03:00,,,,0,,,,,,,,,,,,,
2024-01-28 20:00:00,980.0,12.8,100.0,0.5,327.0,3.6,360.0,0.0,,,,,,,,,,,2024-01-28T19:25:00,,,,0,,,,,,,,,,,,,
2024-01-28 21:00:00,980.3,12.8,100.0,0.5,351.0,5.1,316.0,0.0,,,,,,,,,,,2024-01-28T20:44:00,,,,0,,,,,,,,,,,,,
2024-01-28 22:00:00,980.3,12.8,99.0,0.9,340.0,5.7,355.0,0.0,,,,,,,,,,,2024-01-28T21:51:00,,,,0,,,,,,,,,,,,,
2024-01-28 23:00:00,980.1,12.9,98.0,1.0,347.0,6.2,11.0,0.5,,,,,,,,,,,2024-01-28T22:34:00,,,,0,,,,,,,,,,,,,
2024-01-29 00:00:00,979.7,13.0,97.0,1.0,332.0,5.2,351.0,0.0,,,,,,,,,,,2024-01-28T23:54:00,,,,0,,,,,,,,,,,,,
2024-01-29 01:00:00,979.4,13.3,96.0,0.7,353.0,4.9,21.0,0.0,,,,,,,,,,,2024-01-29T00:39:00,,,,0,,,,,,,,,,,,,
2024-01-29 02:00:00,978.7,13.5,94.0,0.8,7.0,4.8,351.0,0.0,,,,,,,,,,,2024-01-29T01:36:00,,,,0,,,,,,,,,,,,,
2024-01-29 03:00:00,978.2,13.3,93.0,1.2,327.0,4.6,354.0,0.0,,,,,,,,,,,2024-01-29T02:16:00,,,,0,,,,,,,,,,,,,
2024-01-29 04:00:00,978.0,13.6,93.0,1.7,319.0,4.8,105.0,0.0,,,,,,,,,,,2024-01-29T03:33:00,,,,0,,,,,,,,,,,,,
2024-01-29 05:00:00,978.0,13.5,92.0,0.9,335.0,5.0,32.0,0.0,,,,,,,,,,,2024-01-29T04:25:00,,,,0,,,,,,,,,,,,,
2024-01-29 06:00:00,978.3,13.7,91.0,0.6,342.0,7.0,320.0,0.0,,,,,,,,,,,2024-01-29T05:15:00,,,,0,,,,,,,,,,,,,
2024-01-29 07:00:00,978.9,14.0,91.0,2.0,328.0,5.7,333.0,0.0,,,,,,,,,,,2024-01-29T06:41:00,,,,0,,,,,,,,,,,,,
2024-01-29 08:00:00,979.3,15.6,88.0,0.5,349.0,4.8,354.0,0.0,,,,,,,,,,,2024-01-29T07:14:00,,,,0,,,,,,,,,,,,,
2024-01-29 09:00:00,979.6,17.3,81.0,0.6,20.0,3.7,3.0,0.0,,,,,,,,,,,2024-01-29T08:42:00,,,,0,,,,,,,,,,,,,
2024-01-29 10:00:00,979.8,19.2,76.0,0.5,37.0,3.5,345.0,0.0,,,,,,,,,,,2024-01-29T09:10:00,,,,0,,,,,,,,,,,,,
2024-01-29 11:00:00,979.1,23.0,62.0,0.5,73.0,4.7,33.0,0.0,,,,,,,,,,,2024-01-29T10:04:00,,,,0,,,,,,,,,,,,,
2024-01-29 12:00:00,978.0,22.6,65.0,1.1,84.0,3.9,60.0,0.0,,,,,,,,,,,2024-01-29T12:00:00,,,,0,,,,,,,,,,,,,
2024-01-29 13:00:00,977.0,23.8,64.0,0.9,87.0,4.4,94.0,0.0,,,,,,,,,,,2024-01-29T12:38:00,,,,0,,,,,,,,,,,,,
2024-01-29 14:00:00,976.1,22.1,68.0,1.2,75.0,5.9,88.0,0.0,,,,,,,,,,,2024-01-29T13:31:00,,,,0,,,,,,,,,,,,,
2024-01-29 15:00:00,975.6,20.2,77.0,1.6,81.0,5.2,67.0,0.0,,,,,,,,,,,2024-01-29T14:34:00,,,,0,,,,,,,,,,,,,
2024-01-29 16:00:00,975.6,19.3,81.0,1.8,63.0,5.0,53.0,0.0,,,,,,,,,,,2024-01-29T15:55:00,,,,0,,,,,,,,,,,,,
2024-01-29 17:00:00,976.0,18.9,83.0,1.1,60.0,4.4,63.0,0.0,,,,,,,,,,,2024-01-29T16:01:00,,,,0,,,,,,,,,,,,,
2024-01-29 18:00:00,976.2,18.0,86.0,0.8,54.0,3.8,43.0,0.0,,,,,,,,,,,2024-01-29T17:03:00,,,,0,,,,,,,,,,,,,
2024-01-29 19:00:00,976.7,17.8,88.0,0.9,56.0,3.0,37.0,0.0,,,,,,,,,,,2024-01-29T18:22:00,,,,0,,,,,,,,,,,,,
2024-01-29 20:00:00,977.4,17.2,93.0,0.2,0.0,3.9,53.0,0.0,,,,,,,,,,,2024-01-29T19:23:00,,,,0,,,,,,,,,,,,,
2024-01-29 21:00:00,977.4,17.3,91.0,1.2,12.0,2.1,338.0,0.0,,,,,,,,,,,2024-01-29T21:00:00,,,,0,,,,,,,,,,,,,
2024-01-29 22:00:00,977.4,16.9,95.0,1.4,306.0,2.4,318.0,0.0,,,,,,,,,,,2024-01-29T22:00:00,,,,0,,,,,,,,,,,,,
2024-01-29 23:00:00,977.3,16.4,99.0,1.1,329.0,2.3,309.0,0.0,,,,,,,,,,,2024-01-29T22:02:00,,,,0,,,,,,,,,,,,,
2024-01-30 00:00:00,976.8,16.2,100.0,2.1,299.0,3.6,307.0,0.0,,,,,,,,,,,2024-01-29T23:58:00,,,,0,,,,,,,,,,,,,
2024-01-30 01:00:00,976.1,16.6,100.0,2.4,300.0,3.9,302.0,2.5,,,,,,,,,,,2024-01-30T00:58:00,,,,0,,,,,,,,,,,,,
2024-01-30 02:00:00,975.7,16.5,100.0,2.2,299.0,4.3,308.0,4.0,,,,,,,,,,,2024-01-30T01:21:00,,,,0,,,,,,,,,,,,,
2024-01-30 03:00:00,975.3,17.0,100.0,0.9,222.0,3.6,276.0,0.0,,,,,,,,,,,2024-01-30T02:23:00,,,,0,,,,,,,,,,,,,
2024-01-30 04:00:00,975.3,17.6,100.0,0.7,225.0,2.5,273.0,0.0,,,,,,,,,,,2024-01-30T03:21:00,,,,0,,,,,,,,,,,,,
2024-01-30 05:00:00,975.4,18.1,96.0,1.3,182.0,3.8,207.0,0.0,,,,,,,,,,,2024-01-30T04:57:00,,,,0,,,,,,,,,,,,,
2024-01-30 06:00:00,975.8,18.3,95.0,0.7,175.0,2.9,189.0,0.0,,,,,,,,,,,2024-01-30T05:49:00,,,,0,,,,,,,,,,,,,
2024-01-30 07:00:00,976.3,18.9,88.0,1.1,177.0,3.0,190.0,0.0,,,,,,,,,,,2024-01-30T06:49:00,,,,0,,,,,,,,,,,,,
2024-01-30 08:00:00,976.5,18.2,91.0,1.2,182.0,3.3,203.0,0.0,,,,,,,,,,,2024-01-30T07:57:00,,,,0,,,,,,,,,,,,,
2024-01-30 09:00:00,976.8,20.5,85.0,0.3,167.0,3.1,197.0,0.0,,,,,,,,,,,2024-01-30T08:41:00,,,,0,,,,,,,,,,,,,
2024-01-30 10:00:00,976.9,18.3,99.0,1.2,195.0,3.6,197.0,0.0,,,,,,,,,,,2024-01-30T09:52:00,,,,0,,,,,,,,,,,,,
2024-01-30 11:00:00,976.8,18.0,100.0,1.1,201.0,4.2,199.0,1.5,,,,,,,,,,,2024-01-30T10:35:00,,,,0,,,,,,,,,,,,,
2024-01-30 12:00:00,976.2,19.4,100.0,0.7,209.0,4.2,205.0,0.5,,,,,,,,,,,2024-01-30T11:20:00,,,,0,,,,,,,,,,,,,
2024-01-30 13:00:00,975.2,19.9,94.0,0.8,160.0,3.2,162.0,0.0,,,,,,,,,,,2024-01-30T12:36:00,,,,0,,,,,,,,,,,,,
2024-01-30 14:00:00,974.2,20.5,84.0,0.8,171.0,4.2,200.0,0.0,,,,,,,,,,,2024-01-30T13:12:00,,,,0,,,,,,,,,,,,,
2024-01-30 15:00:00,973.8,21.5,80.0,0.7,162.0,4.7,144.0,0.0,,,,,,,,,,,2024-01-30T14:12:00,,,,0,,,,,,,,,,,,,
2024-01-30 16:00:00,974.0,20.8,84.0,0.8,163.0,3.3,158.0,0.0,,,,,,,,,,,2024-01-30T15:36:00,,,,0,,,,,,,,,,,,,
2024-01-30 17:00:00,974.5,20.2,88.0,1.1,142.0,3.2,189.0,0.0,,,,,,,,,,,2024-01-30T16:33:00,,,,0,,,,,,,,,,,,,
2024-01-30 18:00:00,974.9,19.8,90.0,1.9,120.0,3.6,153.0,0.0,,,,,,,,,,,2024-01-30T17:25:00,,,,0,,,,,,,,,,,,,
2024-01-30 19:00:00,975.6,19.3,94.0,1.0,90.0,3.8,110.0,0.0,,,,,,,,,,,2024-01-30T18:05:00,,,,0,,,,,,,,,,,,,
2024-01-30 20:00:00,976.2,18.3,100.0,0.7,291.0,2.3,273.0,0.5,,,,,,,,,,,2024-01-30T19:49:00,,,,0,,,,,,,,,,,,,
2024-01-30 21:00:00,976.4,18.1,100.0,1.4,289.0,3.1,275.0,1.5,,,,,,,,,,,2024-01-30T20:44:00,,,,0,,,,,,,,,,,,,
2024-01-30 22:00:00,976.6,17.7,100.0,1.6,275.0,3.3,274.0,0.5,,,,,,,,,,,2024-01-30T21:08:00,,,,0,,,,,,,,,,,,,
2024-01-30 23:00:00,976.4,18.0,100.0,1.6,211.0,2.3,278.0,0.5,,,,,,,,,,,2024-01-30T22:01:00,,,,0,,,,,,,,,,,,,
2024-01-31 00:00:00,976.4,17.8,100.0,1.4,272.0,2.0,283.0,0.5,,,,,,,,,,,2024-01-30T23:43:00,,,,0,,,,,,,,,,,,,
2024-01-31 01:00:00,976.0,17.8,100.0,2.3,273.0,3.0,273.0,0.5,,,,,,,,,,,2024-01-31T00:49:00,,,,0,,,,,,,,,,,,,
2024-01-31 02:00:00,975.4,17.8,100.0,1.8,283.0,3.6,271.0,0.0,,,,,,,,,,,2024-01-31T01:49:00,,,,0,,,,,,,,,,,,,
2024-01-31 03:00:00,974.8,17.8,100.0,0.0,0.0,2.4,278.0,0.0,,,,,,,,,,,2024-01-31T02:01:00,,,,0,,,,,,,,,,,,,
2024-01-31 04:00:00,974.7,18.4,96.0,0.0,0.0,1.3,315.0,0.0,,,,,,,,,,,2024-01-31T03:06:00,,,,0,,,,,,,,,,,,,
2024-01-31 05:00:00,974.9,17.1,100.0,1.6,357.0,3.0,36.0,0.0,,,,,,,,,,,2024-01-31T04:32:00,,,,0,,,,,,,,,,,,,
2024-01-31 06:00:00,975.5,17.0,100.0,2.0,320.0,2.8,305.0,0.0,,,,,,,,,,,2024-01-31T05:25:00,,,,0,,,,,,,,,,,,,
2024-01-31 07:00:00,976.1,17.9,99.0,1.6,319.0,3.1,303.0,0.0,,,,,,,,,,,2024-01-31T06:44:00,,,,0,,,,,,,,,,,,,
2024-01-31 08:00:00,976.6,20.6,92.0,0.8,52.0,3.0,251.0,0.0,,,,,,,,,,,2024-01-31T07:01:00,,,,0,,,,,,,,,,,,,
2024-01-31 09:00:00,976.9,21.7,89.0,0.4,49.0,2.1,29.0,0.0,,,,,,,,,,,2024-01-31T08:11:00,,,,0,,,,,,,,,,,,,
2024-01-31 10:00:00,977.0,25.9,79.0,0.5,129.0,1.6,130.0,0.0,,,,,,,,,,,2024-01-31T09:52:00,,,,0,,,,,,,,,,,,,
2024-01-31 11:00:00,976.2,26.2,72.0,0.5,138.0,3.3,101.0,0.0,,,,,,,,,,,2024-01-31T10:15:00,,,,0,,,,,,,,,,,,,
2024-01-31 12:00:00,975.1,25.9,71.0,0.4,118.0,4.1,100.0,0.0,,,,,,,,,,,2024-01-31T11:25:00,,,,0,,,,,,,,,,,,,
2024-01-31 13:00:00,974.2,21.6,85.0,1.8,106.0,6.6,105.0,0.0,,,,,,,,,,,2024-01-31T12:34:00,,,,0,,,,,,,,,,,,,
2024-01-31 14:00:00,973.5,21.0,86.0,1.7,103.0,5.3,103.0,0.0,,,,,,,,,,,2024-01-31T14:00:00,,,,0,,,,,,,,,,,,,
2024-01-31 15:00:00,973.0,20.7,87.0,1.6,106.0,5.4,111.0,0.0,,,,,,,,,,,2024-01-31T14:38:00,,,,0,,,,,,,,,,,,,
2024-01-31 16:00:00,973.5,20.6,88.0,1.5,115.0,4.9,109.0,0.0,,,,,,,,,,,2024-01-31T15:11:00,,,,0,,,,,,,,,,,,,
2024-01-31 17:00:00,973.9,20.3,88.0,1.8,109.0,4.5,109.0,0.0,,,,,,,,,,,2024-01-31T16:09:00,,,,0,,,,,,,,,,,,,
2024-01-31 18:00:00,974.2,20.1,90.0,0.5,160.0,3.7,104.0,0.0,,,,,,,,,,,2024-01-31T17:02:00,,,,0,,,,,,,,,,,,,
2024-01-31 19:00:00,974.6,20.1,90.0,0.5,209.0,1.8,134.0,0.0,,,,,,,,,,,2024-01-31T18:16:00,,,,0,,,,,,,,,,,,,
2024-01-31 20:00:00,975.1,19.5,91.0,1.2,261.0,1.9,269.0,0.0,,,,,,,,,,,2024-01-31T19:31:00,,,,0,,,,,,,,,,,,,
2024-01-31 21:00:00,975.1,19.4,90.0,0.0,0.0,1.8,271.0,0.0,,,,,,,,,,,2024-01-31T20:01:00,,,,0,,,,,,,,,,,,,
2024-01-31 22:00:00,975.2,19.8,91.0,1.0,212.0,1.5,207.0,0.0,,,,,,,,,,,2024-01-31T21:58:00,,,,0,,,,,,,,,,,,,
2024-01-31 23:00:00,975.0,19.4,90.0,0.9,254.0,1.6,264.0,0.0,,,,,,,,,,,2024-01-31T22:51:00,,,,0,,,,,,,,,,,,,
2024-02-01 00:00:00,975.0,19.5,90.0,0.9,189.0,1.6,211.0,0.0,,,,,,,,,,,2024-01-31T23:34:00,,,,0,,,,,,,,,,,,,
2024-02-01 01:00:00,974.7,19.2,90.0,0.8,230.0,2.4,209.0,0.0,,,,,,,,,,,2024-02-01T00:13:00,,,,0,,,,,,,,,,,,,
2024-02-01 02:00:00,974.1,19.2,92.0,1.1,193.0,2.0,204.0,0.0,,,,,,,,,,,2024-02-01T01:44:00,,,,0,,,,,,,,,,,,,
2024-02-01 03:00:00,973.6,19.1,93.0,0.7,198.0,1.4,204.0,0.0,,,,,,,,,,,2024-02-01T02:54:00,,,,0,,,,,,,,,,,,,
2024-02-01 04:00:00,973.2,19.1,89.0,0.1,0.0,1.5,205.0,0.0,,,,,,,,,,,2024-02-01T03:12:00,,,,0,,,,,,,,,,,,,
2024-02-01 05:00:00,973.6,19.1,89.0,0.8,263.0,1.3,257.0,0.0,,,,,,,,,,,2024-02-01T04:58:00,,,,0,,,,,,,,,,,,,
2024-02-01 06:00:00,974.0,18.9,92.0,1.2,308.0,1.8,275.0,0.0,,,,,,,,,,,2024-02-01T05:11:00,,,,0,,,,,,,,,,,,,
2024-02-01 07:00:00,974.6,19.3,92.0,1.2,287.0,1.5,285.0,0.0,,,,,,,,,,,2024-02-01T06:56:00,,,,0,,,,,,,,,,,,,
2024-02-01 08:00:00,974.8,20.2,84.0,0.9,326.0,1.6,330.0,0.0,,,,,,,,,,,2024-02-01T07:57:00,,,,0,,,,,,,,,,,,,
2024-02-01 09:00:00,975.1,22.1,80.0,0.2,0.0,1.8,37.0,0.0,,,,,,,,,,,2024-02-01T08:21:00,,,,0,,,,,,,,,,,,,
2024-02-01 10:00:00,975.2,26.7,65.0,0.1,0.0,1.7,109.0,0.0,,,,,,,,,,,2024-02-01T09:01:00,,,,0,,,,,,,,,,,,,
2024-02-01 11:00:00,974.4,27.6,63.0,0.5,136.0,2.8,142.0,0.0,,,,,,,,,,,2024-02-01T10:52:00,,,,0,,,,,,,,,,,,,
2024-02-01 12:00:00,973.6,26.0,71.0,0.3,144.0,3.8,124.0,0.0,,,,,,,,,,,2024-02-01T11:25:00,,,,0,,,,,,,,,,,,,
2024-02-01 13:00:00,972.6,25.0,73.0,0.3,154.0,3.3,110.0,0.0,,,,,,,,,,,2024-02-01T12:40:00,,,,0,,,,,,,,,,,,,
2024-02-01 14:00:00,972.0,22.4,83.0,0.4,148.0,4.3,139.0,0.0,,,,,,,,,,,2024-02-01T13:03:00,,,,0,,,,,,,,,,,,,
2024-02-01 15:00:00,971.5,21.2,87.0,1.4,142.0,3.8,148.0,0.0,,,,,,,,,,,2024-02-01T14:59:00,,,,0,,,,,,,,,,,,,
2024-02-01 16:00:00,971.8,20.5,89.0,0.8,155.0,3.9,131.0,0.0,,,,,,,,,,,2024-02-01T15:03:00,,,,0,,,,,,,,,,,,,
2024-02-01 17:00:00,972.3,19.5,99.0,0.7,208.0,2.9,150.0,0.5,,,,,,,,,,,2024-02-01T16:33:00,,,,0,,,,,,,,,,,,,
2024-02-01 18:00:00,972.9,18.7,100.0,1.2,201.0,2.0,208.0,0.0,,,,,,,,,,,2024-02-01T17:42:00,,,,0,,,,,,,,,,,,,
2024-02-01 19:00:00,973.1,18.7,100.0,1.9,264.0,2.9,268.0,0.0,,,,,,,,,,,2024-02-01T18:59:00,,,,0,,,,,,,,,,,,,
2024-02-01 20:00:00,973.3,18.7,100.0,1.4,251.0,2.9,267.0,0.5,,,,,,,,,,,2024-02-01T19:37:00,,,,0,,,,,,,,,,,,,
2024-02-01 21:00:00,973.4,18.7,100.0,2.1,268.0,2.9,271.0,0.0,,,,,,,,,,,2024-02-01T20:51:00,,,,0,,,,,,,,,,,,,
2024-02-01 22:00:00,973.4,18.7,100.0,1.8,264.0,3.4,274.0,0.0,,,,,,,,,,,2024-02-01T21:13:00,,,,0,,,,,,,,,,,,,
2024-02-01 23:00:00,973.3,19.2,98.0,1.4,266.0,2.5,269.0,0.0,,,,,,,,,,,2024-02-01T22:13:00,,,,0,,,,,,,,,,,,,
2024-02-02 00:00:00,973.0,19.7,94.0,1.0,204.0,2.1,271.0,0.0,,,,,,,,,,,2024-02-01T23:02:00,,,,0,,,,,,,,,,,,,
2024-02-02 01:00:00,972.3,19.5,95.0,0.7,224.0,1.7,271.0,0.0,,,,,,,,,,,2024-02-02T00:18:00,,,,0,,,,,,,,,,,,,
2024-02-02 02:00:00,972.2,19.2,95.0,0.5,237.0,1.4,207.0,0.0,,,,,,,,,,,2024-02-02T01:30:00,,,,0,,,,,,,,,,,,,
2024-02-02 03:00:00,971.9,19.0,96.0,0.7,285.0,1.8,271.0,0.0,,,,,,,,,,,2024-02-02T02:31:00,,,,0,,,,,,,,,,,,,
2024-02-02 04:00:00,971.9,19.2,93.0,0.9,332.0,1.5,339.0,0.0,,,,,,,,,,,2024-02-02T03:59:00,,,,0,,,,,,,,,,,,,
2024-02-02 05:00:00,972.3,18.6,95.0,1.7,322.0,2.5,332.0,0.0,,,,,,,,,,,2024-02-02T05:00:00,,,,0,,,,,,,,,,,,,
2024-02-02 06:00:00,972.8,18.2,95.0,1.3,19.0,3.0,21.0,0.0,,,,,,,,,,,2024-02-02T05:55:00,,,,0,,,,,,,,,,,,,
2024-02-02 07:00:00,973.6,18.1,97.0,1.0,348.0,3.3,318.0,0.0,,,,,,,,,,,2024-02-02T06:12:00,,,,0,,,,,,,,,,,,,
2024-02-02 08:00:00,974.3,19.6,92.0,0.8,36.0,2.8,9.0,0.0,,,,,,,,,,,2024-02-02T07:08:00,,,,0,,,,,,,,,,,,,
2024-02-02 09:00:00,974.6,21.4,89.0,0.1,0.0,3.2,8.0,0.0,,,,,,,,,,,2024-02-02T08:46:00,,,,0,,,,,,,,,,,,,
2024-02-02 10:00:00,974.6,24.8,74.0,0.8,106.0,2.7,96.0,0.0,,,,,,,,,,,2024-02-02T09:23:00,,,,0,,,,,,,,,,,,,
2024-02-02 11:00:00,974.0,23.7,81.0,0.9,95.0,5.0,94.0,0.0,,,,,,,,,,,2024-02-02T10:54:00,,,,0,,,,,,,,,,,,,
2024-02-02 12:00:00,973.3,24.8,74.0,1.2,117.0,5.1,131.0,0.0,,,,,,,,,,,2024-02-02T11:33:00,,,,0,,,,,,,,,,,,,
2024-02-02 13:00:00,972.9,22.3,79.0,1.6,133.0,5.2,147.0,0.0,,,,,,,,,,,2024-02-02T12:05:00,,,,0,,,,,,,,,,,,,
2024-02-02 14:00:00,972.3,23.0,81.0,0.5,123.0,3.7,122.0,0.0,,,,,,,,,,,2024-02-02T13:24:00,,,,0,,,,,,,,,,,,,
2024-02-02 15:00:00,972.1,22.0,81.0,1.1,125.0,4.2,116.0,0.0,,,,,,,,,,,2024-02-02T14:06:00,,,,0,,,,,,,,,,,,,
2024-02-02 16:00:00,972.1,21.4,85.0,1.2,113.0,4.6,101.0,0.0,,,,,,,,,,,2024-02-02T15:24:00,,,,0,,,,,,,,,,,,,
2024-02-02 17:00:00,972.8,21.0,88.0,0.8,102.0,3.4,96.0,0.0,,,,,,,,,,,2024-02-02T16:07:00,,,,0,,,,,,,,,,,,,
2024-02-02 18:00:00,973.2,20.2,91.0,1.2,85.0,3.2,71.0,0.0,,,,,,,,,,,2024-02-02T17:22:00,,,,0,,,,,,,,,,,,,
2024-02-02 19:00:00,973.7,19.9,93.0,2.2,60.0,3.0,68.0,0.0,,,,,,,,,,,2024-02-02T18:45:00,,,,0,,,,,,,,,,,,,
2024-02-02 20:00:00,974.2,19.7,95.0,1.4,39.0,3.2,46.0,0.0,,,,,,,,,,,2024-02-02T19:45:00,,,,0,,,,,,,,,,,,,
2024-02-02 21:00:00,974.4,19.5,93.0,1.3,45.0,3.4,60.0,0.0,,,,,,,,,,,2024-02-02T20:39:00,,,,0,,,,,,,,,,,,,
2024-02-02 22:00:00,974.5,19.4,95.0,1.7,47.0,3.3,57.0,0.0,,,,,,,,,,,2024-02-02T21:04:00,,,,0,,,,,,,,,,,,,
2024-02-02 23:00:00,974.4,19.7,92.0,1.5,51.0,3.2,55.0,0.0,,,,,,,,,,,2024-02-02T22:08:00,,,,0,,,,,,,,,,,,,
2024-02-03 00:00:00,974.1,18.7,95.0,0.9,318.0,2.1,49.0,0.0,,,,,,,,,,,2024-02-02T23:01:00,,,,0,,,,,,,,,,,,,
2024-02-03 01:00:00,973.6,18.4,97.0,1.3,318.0,3.8,298.0,0.0,,,,,,,,,,,2024-02-03T00:47:00,,,,0,,,,,,,,,,,,,
2024-02-03 02:00:00,973.4,18.0,99.0,1.0,3.0,2.7,12.0,0.0,,,,,,,,,,,2024-02-03T01:39:00,,,,0,,,,,,,,,,,,,
2024-02-03 03:00:00,973.3,17.7,99.0,1.6,320.0,2.3,15.0,0.0,,,,,,,,,,,2024-02-03T02:25:00,,,,0,,,,,,,,,,,,,
2024-02-03 04:00:00,973.3,17.6,92.0,1.5,305.0,2.3,307.0,0.0,,,,,,,,,,,2024-02-03T03:20:00,,,,0,,,,,,,,,,,,,
2024-02-03 05:00:00,973.6,17.5,89.0,1.6,315.0,2.9,344.0,0.0,,,,,,,,,,,2024-02-03T04:42:00,,,,0,,,,,,,,,,,,,
2024-02-03 06:00:00,974.1,17.5,89.0,1.6,318.0,3.9,9.0,0.0,,,,,,,,,,,2024-02-03T05:39:00,,,,0,,,,,,,,,,,,,
2024-02-03 07:00:00,974.7,17.6,84.0,1.7,325.0,3.6,317.0,0.0,,,,,,,,,,,2024-02-03T06:02:00,,,,0,,,,,,,,,,,,,
2024-02-03 08:00:00,975.3,18.6,84.0,1.3,322.0,3.1,319.0,0.0,,,,,,,,,,,2024-02-03T07:04:00,,,,0,,,,,,,,,,,,,
2024-02-03 09:00:00,975.4,20.5,80.0,0.8,24.0,3.1,326.0,0.0,,,,,,,,,,,2024-02-03T08:46:00,,,,0,,,,,,,,,,,,,
2024-02-03 10:00:00,975.3,24.3,69.0,0.0,0.0,1.6,41.0,0.0,,,,,,,,,,,2024-02-03T09:06:00,,,,0,,,,,,,,,,,,,
2024-02-03 11:00:00,974.6,26.9,66.0,0.3,127.0,2.9,56.0,0.0,,,,,,,,,,,2024-02-03T10:35:00,,,,0,,,,,,,,,,,,,
2024-02-03 12:00:00,973.4,27.0,66.0,1.1,101.0,4.7,93.0,0.0,,,,,,,,,,,2024-02-03T11:56:00,,,,0,,,,,,,,,,,,,
2024-02-03 13:00:00,972.5,23.3,81.0,1.3,94.0,7.1,109.0,0.0,,,,,,,,,,,2024-02-03T12:12:00,,,,0,,,,,,,,,,,,,
2024-02-03 14:00:00,972.0,22.1,87.0,0.9,102.0,5.9,100.0,0.0,,,,,,,,,,,2024-02-03T13:23:00,,,,0,,,,,,,,,,,,,
2024-02-03 15:00:00,971.9,20.6,96.0,1.1,89.0,5.6,90.0,0.0,,,,,,,,,,,2024-02-03T14:25:00,,,,0,,,,,,,,,,,,,
2024-02-03 16:00:00,972.0,20.3,99.0,0.8,63.0,3.9,92.0,1.5,,,,,,,,,,,2024-02-03T15:30:00,,,,0,,,,,,,,,,,,,
2024-02-03 17:00:00,972.5,19.3,100.0,1.0,126.0,4.3,94.0,9.5,,,,,,,,,,,2024-02-03T16:18:00,,,,0,,,,,,,,,,,,,
2024-02-03 18:00:00,972.9,18.8,100.0,1.2,130.0,3.1,121.0,3.5,,,,,,,,,,,2024-02-03T17:24:00,,,,0,,,,,,,,,,,,,
2024-02-03 19:00:00,973.3,18.9,100.0,1.9,274.0,2.5,275.0,2.5,,,,,,,,,,,2024-02-03T18:57:00,,,,0,,,,,,,,,,,,,
2024-02-03 20:00:00,973.6,18.9,100.0,0.8,249.0,2.2,274.0,1.5,,,,,,,,,,,2024-02-03T19:01:00,,,,0,,,,,,,,,,,,,
2024-02-03 21:00:00,973.8,19.0,100.0,1.2,286.0,2.4,272.0,0.0,,,,,,,,,,,2024-02-03T20:20:00,,,,0,,,,,,,,,,,,,
2024-02-03 22:00:00,973.7,19.0,100.0,1.0,334.0,1.8,335.0,0.0,,,,,,,,,,,2024-02-03T21:57:00,,,,0,,,,,,,,,,,,,
2024-02-03 23:00:00,973.5,18.8,100.0,1.7,302.0,2.9,301.0,0.5,,,,,,,,,,,2024-02-03T22:57:00,,,,0,,,,,,,,,,,,,
2024-02-04 00:00:00,973.1,18.9,100.0,1.3,319.0,2.7,307.0,0.0,,,,,,,,,,,2024-02-03T23:01:00,,,,0,,,,,,,,,,,,,
2024-02-04 01:00:00,972.7,18.9,100.0,1.1,322.0,2.1,330.0,1.0,,,,,,,,,,,2024-02-04T00:01:00,,,,0,,,,,,,,,,,,,
2024-02-04 02:00:00,972.4,18.9,100.0,0.5,295.0,1.5,305.0,4.0,,,,,,,,,,,2024-02-04T01:52:00,,,,0,,,,,,,,,,,,,
2024-02-04 03:00:00,972.3,18.8,100.0,0.4,287.0,2.0,319.0,1.0,,,,,,,,,,,2024-02-04T02:17:00,,,,0,,,,,,,,,,,,,
2024-02-04 04:00:00,972.0,18.7,100.0,1.6,281.0,3.7,277.0,2.0,,,,,,,,,,,2024-02-04T03:52:00,,,,0,,,,,,,,,,,,,
2024-02-04 05:00:00,972.2,18.3,100.0,2.4,302.0,3.9,266.0,0.5,,,,,,,,,,,2024-02-04T04:03:00,,,,0,,,,,,,,,,,,,
2024-02-04 06:00:00,972.5,18.3,100.0,2.1,332.0,4.0,313.0,0.0,,,,,,,,,,,2024-02-04T05:08:00,,,,0,,,,,,,,,,,,,
2024-02-04 07:00:00,973.4,18.7,100.0,2.6,310.0,4.3,322.0,0.0,,,,,,,,,,,2024-02-04T06:53:00,,,,0,,,,,,,,,,,,,
2024-02-04 08:00:00,973.5,19.0,96.0,2.4,310.0,4.8,306.0,0.0,,,,,,,,,,,2024-02-04T07:29:00,,,,0,,,,,,,,,,,,,
2024-02-04 09:00:00,974.1,20.1,99.0,1.7,57.0,3.9,66.0,0.0,,,,,,,,,,,2024-02-04T08:45:00,,,,0,,,,,,,,,,,,,
2024-02-04 10:00:00,974.1,21.0,96.0,0.0,0.0,2.8,66.0,0.0,,,,,,,,,,,2024-02-04T09:03:00,,,,0,,,,,,,,,,,,,
2024-02-04 11:00:00,973.4,22.5,88.0,0.4,280.0,2.7,274.0,0.0,,,,,,,,,,,2024-02-04T10:07:00,,,,0,,,,,,,,,,,,,
2024-02-04 12:00:00,972.4,24.0,86.0,0.2,0.0,1.3,41.0,0.0,,,,,,,,,,,2024-02-04T11:24:00,,,,0,,,,,,,,,,,,,
2024-02-04 13:00:00,971.5,23.4,85.0,0.1,0.0,2.3,116.0,0.0,,,,,,,,,,,2024-02-04T12:03:00,,,,0,,,,,,,,,,,,,
2024-02-04 14:00:00,970.9,20.5,98.0,1.1,170.0,3.8,142.0,0.0,,,,,,,,,,,2024-02-04T13:36:00,,,,0,,,,,,,,,,,,,
2024-02-04 15:00:00,970.4,20.3,100.0,1.5,277.0,2.5,210.0,0.0,,,,,,,,,,,2024-02-04T14:29:00,,,,0,,,,,,,,,,,,,
2024-02-04 16:00:00,970.5,20.9,96.0,0.6,166.0,3.6,275.0,0.0,,,,,,,,,,,2024-02-04T15:09:00,,,,0,,,,,,,,,,,,,
2024-02-04 17:00:00,970.8,20.5,99.0,1.8,180.0,5.1,192.0,0.0,,,,,,,,,,,2024-02-04T16:51:00,,,,0,,,,,,,,,,,,,
2024-02-04 18:00:00,971.1,21.0,95.0,1.0,164.0,3.7,204.0,0.0,,,,,,,,,,,2024-02-04T17:23:00,,,,0,,,,,,,,,,,,,
2024-02-04 19:00:00,971.6,20.9,96.0,1.2,152.0,4.0,182.0,0.0,,,,,,,,,,,2024-02-04T18:38:00,,,,0,,,,,,,,,,,,,
2024-02-04 20:00:00,972.1,20.7,97.0,0.9,161.0,4.8,198.0,0.0,,,,,,,,,,,2024-02-04T19:30:00,,,,0,,,,,,,,,,,,,
2024-02-04 21:00:00,971.9,20.3,97.0,1.2,175.0,4.7,198.0,0.0,,,,,,,,,,,2024-02-04T20:43:00,,,,0,,,,,,,,,,,,,
2024-02-04 22:00:00,971.9,20.3,96.0,1.5,183.0,5.0,191.0,0.0,,,,,,,,,,,2024-02-04T21:24:00,,,,0,,,,,,,,,,,,,
2024-02-04 23:00:00,971.5,20.2,95.0,1.4,173.0,4.8,195.0,0.0,,,,,,,,,,,2024-02-04T22:22:00,,,,0,,,,,,,,,,,,,
2024-02-05 00:00:00,970.9,20.4,97.0,1.7,170.0,6.1,200.0,0.0,,,,,,,,,,,2024-02-04T23:07:00,,,,0,,,,,,,,,,,,,
2024-02-05 01:00:00,970.4,20.9,95.0,1.6,164.0,5.6,178.0,0.0,,,,,,,,,,,2024-02-05T00:59:00,,,,0,,,,,,,,,,,,,
2024-02-05 02:00:00,969.7,20.8,96.0,1.7,158.0,6.4,204.0,0.0,,,,,,,,,,,2024-02-05T01:11:00,,,,0,,,,,,,,,,,,,
2024-02-05 03:00:00,969.8,20.6,97.0,0.9,166.0,5.1,168.0,0.0,,,,,,,,,,,2024-02-05T02:10:00,,,,0,,,,,,,,,,,,,
2024-02-05 04:00:00,970.2,20.5,98.0,1.1,321.0,2.9,318.0,0.0,,,,,,,,,,,2024-02-05T03:55:00,,,,0,,,,,,,,,,,,,
2024-02-05 05:00:00,970.3,20.2,98.0,0.5,345.0,2.7,38.0,0.0,,,,,,,,,,,2024-02-05T04:17:00,,,,0,,,,,,,,,,,,,
2024-02-05 06:00:00,971.1,19.7,99.0,0.5,357.0,3.2,66.0,0.0,,,,,,,,,,,2024-02-05T05:27:00,,,,0,,,,,,,,,,,,,
2024-02-05 07:00:00,972.3,19.8,98.0,0.6,5.0,4.0,26.0,0.0,,,,,,,,,,,2024-02-05T06:49:00,,,,0,,,,,,,,,,,,,
2024-02-05 08:00:00,973.2,20.0,97.0,0.4,333.0,3.2,319.0,0.0,,,,,,,,,,,2024-02-05T07:17:00,,,,0,,,,,,,,,,,,,
2024-02-05 09:00:00,973.8,22.0,91.0,1.2,50.0,5.2,56.0,0.0,,,,,,,,,,,2024-02-05T08:47:00,,,,0,,,,,,,,,,,,,
2024-02-05 10:00:00,974.2,22.5,92.0,0.5,55.0,5.8,66.0,0.0,,,,,,,,,,,2024-02-05T09:11:00,,,,0,,,,,,,,,,,,,
2024-02-05 11:00:00,973.7,20.6,96.0,2.1,56.0,6.1,59.0,0.0,,,,,,,,,,,2024-02-05T10:37:00,,,,0,,,,,,,,,,,,,
2024-02-05 12:00:00,973.2,21.7,93.0,2.0,57.0,5.9,51.0,0.0,,,,,,,,,,,2024-02-05T11:08:00,,,,0,,,,,,,,,,,,,
2024-02-05 13:00:00,972.6,21.2,94.0,0.8,49.0,5.1,51.0,0.0,,,,,,,,,,,2024-02-05T12:01:00,,,,0,,,,,,,,,,,,,
2024-02-05 14:00:00,972.0,21.1,92.0,0.6,41.0,3.1,56.0,0.0,,,,,,,,,,,2024-02-05T13:27:00,,,,0,,,,,,,,,,,,,
2024-02-05 15:00:00,972.0,20.1,94.0,1.1,61.0,3.3,85.0,0.0,,,,,,,,,,,2024-02-05T14:18:00,,,,0,,,,,,,,,,,,,
2024-02-05 16:00:00,972.5,19.3,98.0,0.2,0.0,3.2,39.0,0.0,,,,,,,,,,,2024-02-05T15:24:00,,,,0,,,,,,,,,,,,,
2024-02-05 17:00:00,973.3,18.4,99.0,0.5,48.0,2.4,14.0,0.0,,,,,,,,,,,2024-02-05T16:45:00,,,,0,,,,,,,,,,,,,
2024-02-05 18:00:00,973.9,17.3,100.0,1.0,328.0,3.6,314.0,0.0,,,,,,,,,,,2024-02-05T17:59:00,,,,0,,,,,,,,,,,,,
2024-02-05 19:00:00,974.9,16.8,100.0,0.5,56.0,3.8,17.0,0.0,,,,,,,,,,,2024-02-05T18:03:00,,,,0,,,,,,,,,,,,,
2024-02-05 20:00:00,975.7,16.6,100.0,0.5,25.0,3.5,10.0,0.0,,,,,,,,,,,2024-02-05T19:44:00,,,,0,,,,,,,,,,,,,
2024-02-05 21:00:00,975.8,16.6,100.0,0.3,46.0,4.3,62.0,0.0,,,,,,,,,,,2024-02-05T20:23:00,,,,0,,,,,,,,,,,,,
2024-02-05 22:00:00,975.9,16.3,100.0,0.5,36.0,4.9,75.0,0.0,,,,,,,,,,,2024-02-05T21:06:00,,,,0,,,,,,,,,,,,,
2024-02-05 23:00:00,975.9,16.3,100.0,0.5,4.0,2.9,8.0,0.0,,,,,,,,,,,2024-02-05T22:45:00,,,,0,,,,,,,,,,,,,
2024-02-06 00:00:00,975.9,16.0,100.0,1.1,338.0,7.0,5.0,0.0,,,,,,,,,,,2024-02-05T23:46:00,,,,0,,,,,,,,,,,,,
2024-02-06 01:00:00,975.4,15.9,100.0,0.8,45.0,4.6,293.0,0.0,,,,,,,,,,,2024-02-06T00:04:00,,,,0,,,,,,,,,,,,,
2024-02-06 02:00:00,975.2,16.2,100.0,0.7,2.0,4.2,53.0,0.0,,,,,,,,,,,2024-02-06T01:07:00,,,,0,,,,,,,,,,,,,
2024-02-06 03:00:00,974.9,16.1,100.0,0.4,42.0,3.4,90.0,0.0,,,,,,,,,,,2024-02-06T02:55:00,,,,0,,,,,,,,,,,,,
2024-02-06 04:00:00,974.8,16.1,99.0,0.1,0.0,5.2,23.0,0.0,,,,,,,,,,,2024-02-06T03:47:00,,,,0,,,,,,,,,,,,,
2024-02-06 05:00:00,975.2,16.0,99.0,1.0,22.0,5.4,357.0,0.0,,,,,,,,,,,2024-02-06T04:58:00,,,,0,,,,,,,,,,,,,
2024-02-06 06:00:00,975.5,15.9,98.0,0.7,17.0,5.0,5.0,0.0,,,,,,,,,,,2024-02-06T05:35:00,,,,0,,,,,,,,,,,,,
2024-02-06 07:00:00,975.8,15.7,99.0,0.6,348.0,2.9,335.0,0.0,,,,,,,,,,,2024-02-06T06:09:00,,,,0,,,,,,,,,,,,,
2024-02-06 08:00:00,976.2,16.7,96.0,1.4,9.0,3.5,38.0,0.0,,,,,,,,,,,2024-02-06T07:47:00,,,,0,,,,,,,,,,,,,
2024-02-06 09:00:00,976.5,17.5,95.0,0.3,25.0,4.3,360.0,0.0,,,,,,,,,,,2024-02-06T08:26:00,,,,0,,,,,,,,,,,,,
2024-02-06 10:00:00,976.5,18.9,91.0,0.5,322.0,2.4,314.0,0.0,,,,,,,,,,,2024-02-06T09:55:00,,,,0,,,,,,,,,,,,,
2024-02-06 11:00:00,975.8,21.5,83.0,0.3,342.0,3.2,336.0,0.0,,,,,,,,,,,2024-02-06T10:16:00,,,,0,,,,,,,,,,,,,
2024-02-06 12:00:00,974.9,22.3,78.0,0.6,51.0,3.2,96.0,0.0,,,,,,,,,,,2024-02-06T11:42:00,,,,0,,,,,,,,,,,,,
2024-02-06 13:00:00,973.9,23.4,76.0,0.5,62.0,2.9,60.0,0.0,,,,,,,,,,,2024-02-06T12:53:00,,,,0,,,,,,,,,,,,,
2024-02-06 14:00:00,973.2,22.7,78.0,1.0,52.0,3.1,38.0,0.0,,,,,,,,,,,2024-02-06T13:06:00,,,,0,,,,,,,,,,,,,
2024-02-06 15:00:00,972.7,21.0,83.0,1.2,59.0,4.1,63.0,0.0,,,,,,,,,,,2024-02-06T14:05:00,,,,0,,,,,,,,,,,,,
2024-02-06 16:00:00,972.6,19.6,90.0,1.4,62.0,4.4,60.0,0.0,,,,,,,,,,,2024-02-06T15:22:00,,,,0,,,,,,,,,,,,,
2024-02-06 17:00:00,973.2,18.9,93.0,1.0,68.0,3.4,82.0,0.0,,,,,,,,,,,2024-02-06T16:34:00,,,,0,,,,,,,,,,,,,
2024-02-06 18:00:00,973.3,18.5,93.0,1.3,61.0,2.7,46.0,0.0,,,,,,,,,,,2024-02-06T17:16:00,,,,0,,,,,,,,,,,,,
2024-02-06 19:00:00,973.5,18.5,93.0,0.1,0.0,1.4,49.0,0.0,,,,,,,,,,,2024-02-06T18:01:00,,,,0,,,,,,,,,,,,,
2024-02-06 20:00:00,973.9,18.1,94.0,0.4,357.0,3.4,360.0,0.0,,,,,,,,,,,2024-02-06T19:41:00,,,,0,,,,,,,,,,,,,
2024-02-06 21:00:00,974.0,17.9,95.0,0.6,328.0,2.7,22.0,0.0,,,,,,,,,,,2024-02-06T20:57:00,,,,0,,,,,,,,,,,,,
2024-02-06 22:00:00,974.0,17.7,96.0,0.9,346.0,3.0,5.0,0.0,,,,,,,,,,,2024-02-06T21:31:00,,,,0,,,,,,,,,,,,,
2024-02-06 23:00:00,973.6,17.7,96.0,0.7,346.0,3.3,18.0,0.0,,,,,,,,,,,2024-02-06T22:42:00,,,,0,,,,,,,,,,,,,
2024-02-07 00:00:00,973.3,17.6,97.0,1.5,326.0,3.5,44.0,0.0,,,,,,,,,,,2024-02-06T23:13:00,,,,0,,,,,,,,,,,,,
2024-02-07 01:00:00,972.6,17.0,99.0,1.5,320.0,3.5,330.0,0.0,,,,,,,,,,,2024-02-07T00:38:00,,,,0,,,,,,,,,,,,,
2024-02-07 02:00:00,971.9,17.6,97.0,2.0,318.0,3.0,339.0,0.0,,,,,,,,,,,2024-02-07T01:49:00,,,,0,,,,,,,,,,,,,
2024-02-07 03:00:00,971.3,17.5,96.0,1.6,343.0,3.0,335.0,0.0,,,,,,,,,,,2024-02-07T02:02:00,,,,0,,,,,,,,,,,,,
2024-02-07 04:00:00,971.0,17.8,95.0,1.5,307.0,3.3,332.0,0.0,,,,,,,,,,,2024-02-07T03:21:00,,,,0,,,,,,,,,,,,,
2024-02-07 05:00:00,971.0,18.3,91.0,0.5,292.0,2.7,321.0,0.0,,,,,,,,,,,2024-02-07T04:03:00,,,,0,,,,,,,,,,,,,
2024-02-07 06:00:00,971.4,18.0,92.0,1.3,331.0,1.9,331.0,0.0,,,,,,,,,,,2024-02-07T06:00:00,,,,0,,,,,,,,,,,,,
2024-02-07 07:00:00,971.5,18.0,92.0,1.2,322.0,2.4,360.0,0.0,,,,,,,,,,,2024-02-07T06:53:00,,,,0,,,,,,,,,,,,,
2024-02-07 08:00:00,971.8,20.6,82.0,0.0,0.0,2.6,184.0,0.0,,,,,,,,,,,2024-02-07T07:15:00,,,,0,,,,,,,,,,,,,
2024-02-07 09:00:00,972.0,20.4,89.0,0.0,0.0,1.2,39.0,0.0,,,,,,,,,,,2024-02-07T08:11:00,,,,0,,,,,,,,,,,,,
2024-02-07 10:00:00,971.7,21.8,85.0,0.0,0.0,0.5,76.0,0.0,,,,,,,,,,,2024-02-07T09:24:00,,,,0,,,,,,,,,,,,,
2024-02-07 11:00:00,970.6,26.3,69.0,0.3,127.0,1.5,5.0,0.0,,,,,,,,,,,2024-02-07T10:33:00,,,,0,,,,,,,,,,,,,
2024-02-07 12:00:00,969.8,22.9,78.0,1.0,111.0,3.8,89.0,0.0,,,,,,,,,,,2024-02-07T11:58:00,,,,0,,,,,,,,,,,,,
2024-02-07 13:00:00,968.6,21.2,86.0,1.0,107.0,5.4,106.0,0.0,,,,,,,,,,,2024-02-07T12:10:00,,,,0,,,,,,,,,,,,,
2024-02-07 14:00:00,967.7,20.9,90.0,1.4,77.0,4.9,115.0,0.0,,,,,,,,,,,2024-02-07T13:17:00,,,,0,,,,,,,,,,,,,
2024-02-07 15:00:00,967.3,19.7,94.0,1.7,90.0,5.0,75.0,0.0,,,,,,,,,,,2024-02-07T14:18:00,,,,0,,,,,,,,,,,,,
2024-02-07 16:00:00,967.2,19.3,97.0,1.9,101.0,5.2,56.0,0.0,,,,,,,,,,,2024-02-07T15:11:00,,,,0,,,,,,,,,,,,,
2024-02-07 17:00:00,967.9,18.9,100.0,1.3,59.0,3.6,72.0,0.0,,,,,,,,,,,2024-02-07T16:05:00,,,,0,,,,,,,,,,,,,
2024-02-07 18:00:00,968.5,18.5,100.0,1.0,65.0,3.1,58.0,0.0,,,,,,,,,,,2024-02-07T17:26:00,,,,0,,,,,,,,,,,,,
2024-02-07 19:00:00,968.8,18.2,100.0,0.7,41.0,3.1,58.0,1.5,,,,,,,,,,,2024-02-07T18:05:00,,,,0,,,,,,,,,,,,,
2024-02-07 20:00:00,969.5,17.5,100.0,0.2,0.0,4.4,40.0,1.0,,,,,,,,,,,2024-02-07T19:24:00,,,,0,,,,,,,,,,,,,
2024-02-07 21:00:00,969.6,16.6,100.0,0.5,66.0,3.3,327.0,1.0,,,,,,,,,,,2024-02-07T20:57:00,,,,0,,,,,,,,,,,,,
2024-02-07 22:00:00,970.0,15.9,100.0,0.4,55.0,3.0,22.0,0.0,,,,,,,,,,,2024-02-07T21:43:00,,,,0,,,,,,,,,,,,,
2024-02-07 23:00:00,970.1,14.8,100.0,0.6,107.0,4.7,13.0,0.5,,,,,,,,,,,2024-02-07T22:21:00,,,,0,,,,,,,,,,,,,
2024-02-08 00:00:00,969.7,14.7,100.0,0.6,80.0,3.4,315.0,0.0,,,,,,,,,,,2024-02-07T23:31:00,,,,0,,,,,,,,,,,,,
2024-02-08 01:00:00,969.6,14.4,100.0,0.8,360.0,4.1,2.0,0.0,,,,,,,,,,,2024-02-08T00:31:00,,,,0,,,,,,,,,,,,,
2024-02-08 02:00:00,969.6,14.3,100.0,0.9,14.0,5.6,347.0,0.0,,,,,,,,,,,2024-02-08T01:48:00,,,,0,,,,,,,,,,,,,
2024-02-08 03:00:00,969.2,14.2,99.0,2.1,320.0,6.9,35.0,0.0,,,,,,,,,,,2024-02-08T02:22:00,,,,0,,,,,,,,,,,,,
2024-02-08 04:00:00,969.2,14.2,99.0,1.5,331.0,4.9,320.0,0.0,,,,,,,,,,,2024-02-08T03:05:00,,,,0,,,,,,,,,,,,,
2024-02-08 05:00:00,969.5,14.0,100.0,1.4,318.0,5.0,282.0,0.0,,,,,,,,,,,2024-02-08T04:58:00,,,,0,,,,,,,,,,,,,
2024-02-08 06:00:00,970.2,14.1,100.0,1.2,325.0,6.1,333.0,0.5,,,,,,,,,,,2024-02-08T05:31:00,,,,0,,,,,,,,,,,,,
2024-02-08 07:00:00,970.9,14.0,100.0,1.7,321.0,4.9,330.0,1.0,,,,,,,,,,,2024-02-08T06:50:00,,,,0,,,,,,,,,,,,,
2024-02-08 08:00:00,971.2,14.3,100.0,0.3,71.0,4.4,328.0,0.5,,,,,,,,,,,2024-02-08T07:07:00,,,,0,,,,,,,,,,,,,
2024-02-08 09:00:00,971.8,14.9,100.0,0.5,35.0,3.9,3.0,0.0,,,,,,,,,,,2024-02-08T08:18:00,,,,0,,,,,,,,,,,,,
2024-02-08 10:00:00,972.2,15.2,100.0,0.5,30.0,4.4,346.0,0.0,,,,,,,,,,,2024-02-08T09:21:00,,,,0,,,,,,,,,,,,,
2024-02-08 11:00:00,971.4,17.8,99.0,0.3,25.0,3.5,322.0,0.0,,,,,,,,,,,2024-02-08T10:32:00,,,,0,,,,,,,,,,,,,
2024-02-08 12:00:00,970.5,19.9,90.0,0.1,0.0,5.3,45.0,0.0,,,,,,,,,,,2024-02-08T11:30:00,,,,0,,,,,,,,,,,,,
2024-02-08 13:00:00,969.7,20.8,81.0,0.4,67.0,3.1,52.0,0.0,,,,,,,,,,,2024-02-08T12:28:00,,,,0,,,,,,,,,,,,,
2024-02-08 14:00:00,969.4,19.0,87.0,0.8,64.0,3.8,88.0,0.0,,,,,,,,,,,2024-02-08T13:45:00,,,,0,,,,,,,,,,,,,
2024-02-08 15:00:00,969.3,17.4,95.0,1.5,51.0,4.2,59.0,0.0,,,,,,,,,,,2024-02-08T14:27:00,,,,0,,,,,,,,,,,,,
2024-02-08 16:00:00,969.6,17.5,90.0,0.3,113.0,2.7,91.0,0.0,,,,,,,,,,,2024-02-08T15:44:00,,,,0,,,,,,,,,,,,,
2024-02-08 17:00:00,970.2,17.1,94.0,0.1,0.0,2.1,94.0,0.0,,,,,,,,,,,2024-02-08T16:19:00,,,,0,,,,,,,,,,,,,
2024-02-08 18:00:00,970.7,16.2,97.0,0.1,0.0,2.5,306.0,0.0,,,,,,,,,,,2024-02-08T17:34:00,,,,0,,,,,,,,,,,,,
2024-02-08 19:00:00,971.1,15.6,98.0,0.3,26.0,2.1,335.0,0.0,,,,,,,,,,,2024-02-08T18:41:00,,,,0,,,,,,,,,,,,,
2024-02-08 20:00:00,971.9,15.3,98.0,0.5,345.0,4.8,330.0,0.0,,,,,,,,,,,2024-02-08T19:19:00,,,,0,,,,,,,,,,,,,
2024-02-08 21:00:00,972.2,15.1,98.0,0.8,315.0,5.6,338.0,0.0,,,,,,,,,,,2024-02-08T20:21:00,,,,0,,,,,,,,,,,,,
2024-02-08 22:00:00,972.4,15.0,97.0,0.4,322.0,5.0,54.0,0.0,,,,,,,,,,,2024-02-08T21:06:00,,,,0,,,,,,,,,,,,,
2024-02-08 23:00:00,972.3,14.9,96.0,1.5,329.0,5.1,31.0,0.0,,,,,,,,,,,2024-02-08T22:30:00,,,,0,,,,,,,,,,,,,
2024-02-09 00:00:00,972.2,14.9,97.0,1.0,343.0,4.2,345.0,0.0,,,,,,,,,,,2024-02-08T23:27:00,,,,0,,,,,,,,,,,,,
2024-02-09 01:00:00,972.1,14.6,98.0,1.5,338.0,4.5,336.0,0.0,,,,,,,,,,,2024-02-09T01:00:00,,,,0,,,,,,,,,,,,,
2024-02-09 02:00:00,971.9,14.6,99.0,2.0,323.0,3.8,331.0,0.0,,,,,,,,,,,2024-02-09T01:07:00,,,,0,,,,,,,,,,,,,
2024-02-09 03:00:00,971.6,14.4,100.0,1.7,315.0,3.9,1.0,0.0,,,,,,,,,,,2024-02-09T02:26:00,,,,0,,,,,,,,,,,,,
2024-02-09 04:00:00,971.7,14.3,100.0,1.9,318.0,2.9,40.0,0.5,,,,,,,,,,,2024-02-09T03:23:00,,,,0,,,,,,,,,,,,,
2024-02-09 05:00:00,971.9,14.3,100.0,1.4,354.0,3.1,335.0,1.0,,,,,,,,,,,2024-02-09T04:27:00,,,,0,,,,,,,,,,,,,
2024-02-09 06:00:00,972.9,14.2,100.0,1.9,324.0,4.3,334.0,1.5,,,,,,,,,,,2024-02-09T05:20:00,,,,0,,,,,,,,,,,,,
2024-02-09 07:00:00,973.7,14.1,100.0,1.4,10.0,4.8,39.0,2.0,,,,,,,,,,,2024-02-09T06:25:00,,,,0,,,,,,,,,,,,,
2024-02-09 08:00:00,974.4,14.5,100.0,0.7,346.0,5.9,4.0,0.0,,,,,,,,,,,2024-02-09T07:23:00,,,,0,,,,,,,,,,,,,
2024-02-09 09:00:00,975.2,14.7,100.0,0.7,358.0,4.1,10.0,0.0,,,,,,,,,,,2024-02-09T08:49:00,,,,0,,,,,,,,,,,,,
2024-02-09 10:00:00,975.4,15.9,100.0,0.7,334.0,3.6,41.0,0.0,,,,,,,,,,,2024-02-09T09:05:00,,,,0,,,,,,,,,,,,,
2024-02-09 11:00:00,975.0,16.0,99.0,0.4,346.0,3.2,350.0,0.0,,,,,,,,,,,2024-02-09T10:53:00,,,,0,,,,,,,,,,,,,
2024-02-09 12:00:00,974.6,16.0,100.0,0.1,0.0,3.0,344.0,0.0,,,,,,,,,,,2024-02-09T11:42:00,,,,0,,,,,,,,,,,,,
2024-02-09 13:00:00,973.9,16.9,98.0,0.0,0.0,2.7,13.0,0.0,,,,,,,,,,,2024-02-09T12:16:00,,,,0,,,,,,,,,,,,,
2024-02-09 14:00:00,973.3,17.1,97.0,0.2,0.0,2.2,61.0,0.0,,,,,,,,,,,2024-02-09T13:08:00,,,,0,,,,,,,,,,,,,
2024-02-09 15:00:00,973.3,16.0,99.0,0.1,0.0,2.6,74.0,0.0,,,,,,,,,,,2024-02-09T14:28:00,,,,0,,,,,,,,,,,,,
2024-02-09 16:00:00,973.7,15.3,100.0,0.2,0.0,1.9,53.0,0.0,,,,,,,,,,,2024-02-09T16:00:00,,,,0,,,,,,,,,,,,,
2024-02-09 17:00:00,974.2,14.6,100.0,0.4,353.0,2.7,19.0,0.0,,,,,,,,,,,2024-02-09T16:58:00,,,,0,,,,,,,,,,,,,
2024-02-09 18:00:00,974.6,13.6,100.0,1.8,319.0,6.2,338.0,0.5,,,,,,,,,,,2024-02-09T17:40:00,,,,0,,,,,,,,,,,,,
2024-02-09 19:00:00,975.3,13.5,100.0,0.4,30.0,5.8,333.0,0.0,,,,,,,,,,,2024-02-09T18:05:00,,,,0,,,,,,,,,,,,,
2024-02-09 20:00:00,976.2,13.4,100.0,0.4,34.0,3.1,317.0,0.0,,,,,,,,,,,2024-02-09T19:37:00,,,,0,,,,,,,,,,,,,
2024-02-09 21:00:00,976.5,13.2,100.0,0.3,4.0,4.5,328.0,0.0,,,,,,,,,,,2024-02-09T20:42:00,,,,0,,,,,,,,,,,,,
2024-02-09 22:00:00,976.5,13.3,100.0,0.6,338.0,2.7,342.0,0.0,,,,,,,,,,,2024-02-09T21:08:00,,,,0,,,,,,,,,,,,,
2024-02-09 23:00:00,976.8,13.2,100.0,1.4,314.0,5.1,26.0,0.0,,,,,,,,,,,2024-02-09T22:04:00,,,,0,,,,,,,,,,,,,
2024-02-10 00:00:00,976.8,13.2,100.0,0.8,316.0,4.6,326.0,0.0,,,,,,,,,,,2024-02-09T23:07:00,,,,0,,,,,,,,,,,,,
2024-02-10 01:00:00,976.5,13.0,100.0,1.5,333.0,5.1,331.0,0.0,,,,,,,,,,,2024-02-10T00:34:00,,,,0,,,,,,,,,,,,,
2024-02-10 02:00:00,976.2,13.1,100.0,1.8,322.0,4.6,2.0,0.0,,,,,,,,,,,2024-02-10T01:38:00,,,,0,,,,,,,,,,,,,
2024-02-10 03:00:00,975.8,13.0,100.0,0.8,333.0,4.9,335.0,0.0,,,,,,,,,,,2024-02-10T02:18:00,,,,0,,,,,,,,,,,,,
2024-02-10 04:00:00,975.9,13.0,100.0,0.9,331.0,3.8,10.0,0.0,,,,,,,,,,,2024-02-10T03:39:00,,,,0,,,,,,,,,,,,,
2024-02-10 05:00:00,976.1,13.0,100.0,1.3,321.0,3.4,336.0,0.0,,,,,,,,,,,2024-02-10T05:00:00,,,,0,,,,,,,,,,,,,
2024-02-10 06:00:00,976.8,12.6,100.0,1.8,325.0,5.0,4.0,0.0,,,,,,,,,,,2024-02-10T05:59:00,,,,0,,,,,,,,,,,,,
2024-02-10 07:00:00,977.3,12.8,100.0,1.0,320.0,5.6,293.0,0.0,,,,,,,,,,,2024-02-10T06:52:00,,,,0,,,,,,,,,,,,,
2024-02-10 08:00:00,978.0,13.0,100.0,0.4,21.0,4.0,6.0,0.0,,,,,,,,,,,2024-02-10T07:20:00,,,,0,,,,,,,,,,,,,
2024-02-10 09:00:00,978.7,13.1,100.0,0.8,360.0,4.4,22.0,0.0,,,,,,,,,,,2024-02-10T08:10:00,,,,0,,,,,,,,,,,,,
2024-02-10 10:00:00,978.8,13.4,99.0,0.2,0.0,4.6,30.0,0.0,,,,,,,,,,,2024-02-10T09:16:00,,,,0,,,,,,,,,,,,,
2024-02-10 11:00:00,978.7,13.7,97.0,0.4,12.0,3.9,38.0,0.0,,,,,,,,,,,2024-02-10T10:56:00,,,,0,,,,,,,,,,,,,
2024-02-10 12:00:00,978.3,13.4,97.0,0.5,40.0,3.2,38.0,0.0,,,,,,,,,,,2024-02-10T11:04:00,,,,0,,,,,,,,,,,,,
2024-02-10 13:00:00,977.8,13.5,98.0,0.3,333.0,2.8,52.0,0.0,,,,,,,,,,,2024-02-10T12:21:00,,,,0,,,,,,,,,,,,,
2024-02-10 14:00:00,977.3,13.4,98.0,0.4,324.0,3.3,301.0,0.0,,,,,,,,,,,2024-02-10T13:05:00,,,,0,,,,,,,,,,,,,
2024-02-10 15:00:00,977.2,13.2,98.0,0.5,343.0,4.6,322.0,0.0,,,,,,,,,,,2024-02-10T14:24:00,,,,0,,,,,,,,,,,,,
2024-02-10 16:00:00,977.3,12.7,98.0,0.4,44.0,3.8,17.0,0.0,,,,,,,,,,,2024-02-10T15:16:00,,,,0,,,,,,,,,,,,,
2024-02-10 17:00:00,977.9,12.2,98.0,0.4,354.0,4.2,353.0,0.0,,,,,,,,,,,2024-02-10T16:28:00,,,,0,,,,,,,,,,,,,
2024-02-10 18:00:00,978.3,11.9,98.0,0.6,42.0,3.8,85.0,0.0,,,,,,,,,,,2024-02-10T17:57:00,,,,0,,,,,,,,,,,,,
2024-02-10 19:00:00,978.9,11.9,96.0,0.4,47.0,6.0,359.0,0.0,,,,,,,,,,,2024-02-10T18:30:00,,,,0,,,,,,,,,,,,,
2024-02-10 20:00:00,979.5,12.1,96.0,0.8,352.0,5.1,312.0,0.0,,,,,,,,,,,2024-02-10T19:46:00,,,,0,,,,,,,,,,,,,
2024-02-10 21:00:00,979.9,12.0,95.0,0.9,336.0,4.5,318.0,0.0,,,,,,,,,,,2024-02-10T20:52:00,,,,0,,,,,,,,,,,,,
2024-02-10 22:00:00,979.9,12.1,95.0,0.7,2.0,4.7,310.0,0.0,,,,,,,,,,,2024-02-10T21:17:00,,,,0,,,,,,,,,,,,,
2024-02-10 23:00:00,980.1,12.2,94.0,0.5,341.0,5.0,320.0,0.0,,,,,,,,,,,2024-02-10T22:40:00,,,,0,,,,,,,,,,,,,
2024-02-11 00:00:00,979.8,12.1,94.0,0.6,341.0,3.7,360.0,0.0,,,,,,,,,,,2024-02-10T23:36:00,,,,0,,,,,,,,,,,,,
2024-02-11 01:00:00,979.6,12.2,92.0,1.0,323.0,5.0,1.0,0.0,,,,,,,,,,,2024-02-11T00:17:00,,,,0,,,,,,,,,,,,,
2024-02-11 02:00:00,979.0,12.2,92.0,1.0,319.0,4.7,6.0,0.0,,,,,,,,,,,2024-02-11T01:04:00,,,,0,,,,,,,,,,,,,
2024-02-11 03:00:00,978.4,12.2,91.0,0.6,335.0,5.4,350.0,0.0,,,,,,,,,,,2024-02-11T02:48:00,,,,0,,,,,,,,,,,,,
2024-02-11 04:00:00,978.2,12.2,91.0,0.4,349.0,2.7,299.0,0.0,,,,,,,,,,,2024-02-11T03:10:00,,,,0,,,,,,,,,,,,,
2024-02-11 05:00:00,978.6,12.2,91.0,0.7,324.0,3.5,63.0,0.0,,,,,,,,,,,2024-02-11T04:07:00,,,,0,,,,,,,,,,,,,
2024-02-11 06:00:00,979.5,12.1,91.0,0.4,340.0,5.5,5.0,0.0,,,,,,,,,,,2024-02-11T05:03:00,,,,0,,,,,,,,,,,,,
2024-02-11 07:00:00,980.4,12.0,90.0,0.8,346.0,3.6,56.0,0.0,,,,,,,,,,,2024-02-11T06:03:00,,,,0,,,,,,,,,,,,,
2024-02-11 08:00:00,981.2,13.6,87.0,0.5,4.0,5.7,70.0,0.0,,,,,,,,,,,2024-02-11T07:10:00,,,,0,,,,,,,,,,,,,
2024-02-11 09:00:00,981.7,14.4,83.0,0.4,61.0,3.5,60.0,0.0,,,,,,,,,,,2024-02-11T08:05:00,,,,0,,,,,,,,,,,,,
2024-02-11 10:00:00,982.1,16.2,76.0,0.3,30.0,3.2,26.0,0.0,,,,,,,,,,,2024-02-11T09:01:00,,,,0,,,,,,,,,,,,,
2024-02-11 11:00:00,981.7,19.7,63.0,0.1,0.0,4.0,322.0,0.0,,,,,,,,,,,2024-02-11T10:35:00,,,,0,,,,,,,,,,,,,
2024-02-11 12:00:00,981.0,20.9,63.0,0.5,50.0,3.4,64.0,0.0,,,,,,,,,,,2024-02-11T11:50:00,,,,0,,,,,,,,,,,,,
2024-02-11 13:00:00,979.9,19.2,65.0,1.5,69.0,6.2,69.0,0.0,,,,,,,,,,,2024-02-11T12:54:00,,,,0,,,,,,,,,,,,,
2024-02-11 14:00:00,979.1,16.8,69.0,2.6,58.0,8.4,101.0,0.0,,,,,,,,,,,2024-02-11T13:13:00,,,,0,,,,,,,,,,,,,
2024-02-11 15:00:00,979.2,15.6,72.0,2.4,51.0,8.9,57.0,0.0,,,,,,,,,,,2024-02-11T14:03:00,,,,0,,,,,,,,,,,,,
2024-02-11 16:00:00,979.5,15.5,72.0,0.2,0.0,6.2,42.0,0.0,,,,,,,,,,,2024-02-11T15:05:00,,,,0,,,,,,,,,,,,,
2024-02-11 17:00:00,980.1,15.1,71.0,0.4,38.0,2.6,49.0,0.0,,,,,,,,,,,2024-02-11T16:22:00,,,,0,,,,,,,,,,,,,
2024-02-11 18:00:00,980.5,14.5,74.0,0.2,0.0,2.7,310.0,0.0,,,,,,,,,,,2024-02-11T17:45:00,,,,0,,,,,,,,,,,,,
2024-02-11 19:00:00,981.0,14.1,73.0,0.5,329.0,3.6,325.0,0.0,,,,,,,,,,,2024-02-11T18:19:00,,,,0,,,,,,,,,,,,,
2024-02-11 20:00:00,981.5,13.9,75.0,0.5,331.0,4.5,309.0,0.0,,,,,,,,,,,2024-02-11T19:03:00,,,,0,,,,,,,,,,,,,
2024-02-11 21:00:00,981.7,13.7,74.0,0.1,0.0,2.7,347.0,0.0,,,,,,,,,,,2024-02-11T20:14:00,,,,0,,,,,,,,,,,,,
2024-02-11 22:00:00,981.7,13.6,73.0,0.1,0.0,2.5,8.0,0.0,,,,,,,,,,,2024-02-11T21:49:00,,,,0,,,,,,,,,,,,,
2024-02-11 23:00:00,981.6,13.5,74.0,0.3,347.0,1.9,51.0,0.0,,,,,,,,,,,2024-02-11T22:30:00,,,,0,,,,,,,,,,,,,
2024-02-12 00:00:00,981.3,13.5,75.0,0.2,0.0,2.9,332.0,0.0,,,,,,,,,,,2024-02-11T23:34:00,,,,0,,,,,,,,,,,,,
2024-02-12 01:00:00,981.0,13.3,75.0,0.2,0.0,2.0,41.0,0.0,,,,,,,,,,,2024-02-12T00:34:00,,,,0,,,,,,,,,,,,,
2024-02-12 02:00:00,980.5,13.2,75.0,0.3,8.0,1.9,66.0,0.0,,,,,,,,,,,2024-02-12T01:57:00,,,,0,,,,,,,,,,,,,
2024-02-12 03:00:00,980.1,13.2,77.0,0.3,320.0,2.9,50.0,0.0,,,,,,,,,,,2024-02-12T02:08:00,,,,0,,,,,,,,,,,,,
2024-02-12 04:00:00,979.8,12.9,78.0,0.1,0.0,2.5,348.0,0.0,,,,,,,,,,,2024-02-12T03:06:00,,,,0,,,,,,,,,,,,,
2024-02-12 05:00:00,979.8,12.9,78.0,0.7,320.0,4.4,14.0,0.0,,,,,,,,,,,2024-02-12T04:40:00,,,,0,,,,,,,,,,,,,
2024-02-12 06:00:00,980.6,13.1,76.0,0.4,341.0,3.3,318.0,0.0,,,,,,,,,,,2024-02-12T05:16:00,,,,0,,,,,,,,,,,,,
2024-02-12 07:00:00,981.3,13.5,75.0,0.6,329.0,4.0,29.0,0.0,,,,,,,,,,,2024-02-12T06:38:00,,,,0,,,,,,,,,,,,,
2024-02-12 08:00:00,981.9,14.0,74.0,0.4,323.0,5.3,308.0,0.0,,,,,,,,,,,2024-02-12T07:29:00,,,,0,,,,,,,,,,,,,
2024-02-12 09:00:00,982.3,14.4,72.0,0.5,338.0,4.2,335.0,0.0,,,,,,,,,,,2024-02-12T08:56:00,,,,0,,,,,,,,,,,,,
2024-02-12 10:00:00,982.4,15.8,73.0,0.3,352.0,3.8,351.0,0.0,,,,,,,,,,,2024-02-12T09:08:00,,,,0,,,,,,,,,,,,,
2024-02-12 11:00:00,981.9,18.4,64.0,0.3,351.0,2.7,326.0,0.0,,,,,,,,,,,2024-02-12T10:27:00,,,,0,,,,,,,,,,,,,
2024-02-12 12:00:00,981.2,21.0,59.0,0.4,94.0,4.7,51.0,0.0,,,,,,,,,,,2024-02-12T11:45:00,,,,0,,,,,,,,,,,,,
2024-02-12 13:00:00,980.0,19.4,68.0,1.5,61.0,7.5,50.0,0.0,,,,,,,,,,,2024-02-12T12:49:00,,,,0,,,,,,,,,,,,,
2024-02-12 14:00:00,979.5,18.0,69.0,1.5,60.0,7.4,52.0,0.0,,,,,,,,,,,2024-02-12T13:10:00,,,,0,,,,,,,,,,,,,
2024-02-12 15:00:00,979.1,16.6,73.0,1.1,67.0,6.6,64.0,0.0,,,,,,,,,,,2024-02-12T14:04:00,,,,0,,,,,,,,,,,,,
2024-02-12 16:00:00,979.4,15.6,77.0,1.3,48.0,6.5,58.0,0.0,,,,,,,,,,,2024-02-12T15:33:00,,,,0,,,,,,,,,,,,,
2024-02-12 17:00:00,980.0,15.3,76.0,1.0,51.0,4.1,34.0,0.0,,,,,,,,,,,2024-02-12T16:23:00,,,,0,,,,,,,,,,,,,
2024-02-12 18:00:00,980.2,15.3,79.0,1.3,304.0,3.2,326.0,0.0,,,,,,,,,,,2024-02-12T17:54:00,,,,0,,,,,,,,,,,,,
2024-02-12 19:00:00,980.5,14.9,79.0,2.4,307.0,4.9,327.0,0.0,,,,,,,,,,,2024-02-12T18:58:00,,,,0,,,,,,,,,,,,,
2024-02-12 20:00:00,980.7,14.9,81.0,0.7,312.0,5.3,327.0,0.0,,,,,,,,,,,2024-02-12T19:21:00,,,,0,,,,,,,,,,,,,
2024-02-12 21:00:00,980.9,14.5,84.0,0.2,0.0,5.1,323.0,0.0,,,,,,,,,,,2024-02-12T20:12:00,,,,0,,,,,,,,,,,,,
2024-02-12 22:00:00,980.9,14.3,85.0,0.3,320.0,2.6,320.0,0.0,,,,,,,,,,,2024-02-12T21:55:00,,,,0,,,,,,,,,,,,,
2024-02-12 23:00:00,980.7,14.1,85.0,0.4,315.0,2.2,352.0,0.0,,,,,,,,,,,2024-02-12T22:01:00,,,,0,,,,,,,,,,,,,
2024-02-13 00:00:00,980.3,14.4,81.0,0.5,4.0,2.2,5.0,0.0,,,,,,,,,,,2024-02-12T23:02:00,,,,0,,,,,,,,,,,,,
2024-02-13 01:00:00,980.0,14.2,85.0,0.4,306.0,1.6,9.0,0.0,,,,,,,,,,,2024-02-13T00:08:00,,,,0,,,,,,,,,,,,,
2024-02-13 02:00:00,979.5,14.2,82.0,0.7,357.0,2.4,22.0,0.0,,,,,,,,,,,2024-02-13T01:56:00,,,,0,,,,,,,,,,,,,
2024-02-13 03:00:00,979.1,14.2,83.0,1.2,310.0,4.0,313.0,0.0,,,,,,,,,,,2024-02-13T02:40:00,,,,0,,,,,,,,,,,,,
2024-02-13 04:00:00,978.8,14.2,83.0,1.3,334.0,4.1,8.0,0.0,,,,,,,,,,,2024-02-13T03:02:00,,,,0,,,,,,,,,,,,,
2024-02-13 05:00:00,978.9,14.6,78.0,0.7,319.0,4.8,311.0,0.0,,,,,,,,,,,2024-02-13T04:25:00,,,,0,,,,,,,,,,,,,
2024-02-13 06:00:00,979.3,14.2,79.0,0.4,338.0,4.1,306.0,0.0,,,,,,,,,,,2024-02-13T05:28:00,,,,0,,,,,,,,,,,,,
2024-02-13 07:00:00,979.5,14.7,75.0,2.3,312.0,5.7,339.0,0.0,,,,,,,,,,,2024-02-13T06:30:00,,,,0,,,,,,,,,,,,,
2024-02-13 08:00:00,980.0,15.2,72.0,0.8,353.0,4.9,321.0,0.0,,,,,,,,,,,2024-02-13T07:11:00,,,,0,,,,,,,,,,,,,
2024-02-13 09:00:00,980.1,16.6,71.0,0.2,0.0,3.1,292.0,0.0,,,,,,,,,,,2024-02-13T08:04:00,,,,0,,,,,,,,,,,,,
2024-02-13 10:00:00,980.1,17.1,69.0,0.4,330.0,3.3,19.0,0.0,,,,,,,,,,,2024-02-13T09:21:00,,,,0,,,,,,,,,,,,,
2024-02-13 11:00:00,979.3,18.2,67.0,0.4,348.0,5.2,329.0,0.0,,,,,,,,,,,2024-02-13T10:24:00,,,,0,,,,,,,,,,,,,
2024-02-13 12:00:00,978.2,19.3,68.0,0.7,44.0,4.0,60.0,0.0,,,,,,,,,,,2024-02-13T11:57:00,,,,0,,,,,,,,,,,,,
2024-02-13 13:00:00,977.1,22.9,58.0,0.7,99.0,4.1,103.0,0.0,,,,,,,,,,,2024-02-13T12:50:00,,,,0,,,,,,,,,,,,,
2024-02-13 14:00:00,976.4,20.5,62.0,0.8,53.0,5.2,106.0,0.0,,,,,,,,,,,2024-02-13T13:40:00,,,,0,,,,,,,,,,,,,
2024-02-13 15:00:00,976.1,19.5,68.0,0.9,50.0,4.7,73.0,0.0,,,,,,,,,,,2024-02-13T14:21:00,,,,0,,,,,,,,,,,,,
2024-02-13 16:00:00,976.0,19.1,74.0,0.6,66.0,4.5,93.0,0.0,,,,,,,,,,,2024-02-13T15:37:00,,,,0,,,,,,,,,,,,,
2024-02-13 17:00:00,976.3,18.1,76.0,1.5,59.0,2.8,61.0,0.0,,,,,,,,,,,2024-02-13T16:48:00,,,,0,,,,,,,,,,,,,
2024-02-13 18:00:00,976.7,18.2,71.0,0.9,72.0,2.6,64.0,0.0,,,,,,,,,,,2024-02-13T17:01:00,,,,0,,,,,,,,,,,,,
2024-02-13 19:00:00,977.0,17.9,72.0,0.5,11.0,2.1,47.0,0.0,,,,,,,,,,,2024-02-13T18:08:00,,,,0,,,,,,,,,,,,,
2024-02-13 20:00:00,977.4,17.5,73.0,1.1,42.0,2.4,49.0,0.0,,,,,,,,,,,2024-02-13T19:56:00,,,,0,,,,,,,,,,,,,
2024-02-13 21:00:00,977.7,17.1,76.0,1.4,38.0,2.7,50.0,0.0,,,,,,,,,,,2024-02-13T20:11:00,,,,0,,,,,,,,,,,,,
2024-02-13 22:00:00,977.4,17.4,75.0,0.8,288.0,1.5,47.0,0.0,,,,,,,,,,,2024-02-13T21:21:00,,,,0,,,,,,,,,,,,,
2024-02-13 23:00:00,977.1,16.3,82.0,1.7,276.0,2.0,275.0,0.0,,,,,,,,,,,2024-02-13T22:56:00,,,,0,,,,,,,,,,,,,
2024-02-14 00:00:00,977.1,16.5,79.0,1.2,291.0,2.2,270.0,0.0,,,,,,,,,,,2024-02-13T23:32:00,,,,0,,,,,,,,,,,,,
2024-02-14 01:00:00,976.4,16.5,73.0,1.6,339.0,2.3,179.0,0.0,,,,,,,,,,,2024-02-14T00:56:00,,,,0,,,,,,,,,,,,,
2024-02-14 02:00:00,975.6,14.8,78.0,1.9,326.0,2.9,306.0,0.0,,,,,,,,,,,2024-02-14T02:00:00,,,,0,,,,,,,,,,,,,
2024-02-14 03:00:00,975.0,14.9,75.0,2.4,316.0,4.3,312.0,0.0,,,,,,,,,,,2024-02-14T02:55:00,,,,0,,,,,,,,,,,,,
2024-02-14 04:00:00,974.9,14.1,80.0,1.3,340.0,3.9,319.0,0.0,,,,,,,,,,,2024-02-14T03:02:00,,,,0,,,,,,,,,,,,,
2024-02-14 05:00:00,975.2,14.0,78.0,1.3,328.0,3.6,7.0,0.0,,,,,,,,,,,2024-02-14T04:26:00,,,,0,,,,,,,,,,,,,
2024-02-14 06:00:00,975.5,14.6,73.0,2.0,341.0,4.5,8.0,0.0,,,,,,,,,,,2024-02-14T05:54:00,,,,0,,,,,,,,,,,,,
2024-02-14 07:00:00,976.3,14.8,73.0,1.3,3.0,4.1,326.0,0.0,,,,,,,,,,,2024-02-14T06:30:00,,,,0,,,,,,,,,,,,,
2024-02-14 08:00:00,976.7,15.8,75.0,1.0,348.0,2.9,347.0,0.0,,,,,,,,,,,2024-02-14T07:11:00,,,,0,,,,,,,,,,,,,
2024-02-14 09:00:00,977.1,17.5,70.0,1.0,8.0,3.2,350.0,0.0,,,,,,,,,,,2024-02-14T08:11:00,,,,0,,,,,,,,,,,,,
2024-02-14 10:00:00,977.2,20.9,59.0,0.5,14.0,2.8,40.0,0.0,,,,,,,,,,,2024-02-14T09:36:00,,,,0,,,,,,,,,,,,,
2024-02-14 11:00:00,976.3,25.2,55.0,0.7,88.0,2.7,10.0,0.0,,,,,,,,,,,2024-02-14T10:06:00,,,,0,,,,,,,,,,,,,
2024-02-14 12:00:00,975.4,25.2,56.0,0.8,112.0,3.4,99.0,0.0,,,,,,,,,,,2024-02-14T11:57:00,,,,0,,,,,,,,,,,,,
2024-02-14 13:00:00,974.2,24.9,55.0,0.3,154.0,2.9,71.0,0.0,,,,,,,,,,,2024-02-14T12:02:00,,,,0,,,,,,,,,,,,,
2024-02-14 14:00:00,973.4,22.6,67.0,2.1,103.0,6.5,95.0,0.0,,,,,,,,,,,2024-02-14T13:44:00,,,,0,,,,,,,,,,,,,
2024-02-14 15:00:00,973.2,21.2,73.0,1.2,110.0,6.6,95.0,0.0,,,,,,,,,,,2024-02-14T14:05:00,,,,0,,,,,,,,,,,,,
2024-02-14 16:00:00,973.1,20.4,80.0,0.9,91.0,5.9,114.0,0.0,,,,,,,,,,,2024-02-14T15:08:00,,,,0,,,,,,,,,,,,,
2024-02-14 17:00:00,973.5,19.5,84.0,1.2,96.0,4.0,98.0,0.0,,,,,,,,,,,2024-02-14T16:46:00,,,,0,,,,,,,,,,,,,
2024-02-14 18:00:00,973.6,19.0,87.0,1.3,87.0,3.5,73.0,0.0,,,,,,,,,,,2024-02-14T17:42:00,,,,0,,,,,,,,,,,,,
2024-02-14 19:00:00,973.9,18.9,87.0,0.9,60.0,2.7,60.0,0.0,,,,,,,,,,,2024-02-14T18:38:00,,,,0,,,,,,,,,,,,,
2024-02-14 20:00:00,974.3,18.9,87.0,0.4,336.0,1.6,48.0,0.0,,,,,,,,,,,2024-02-14T19:01:00,,,,0,,,,,,,,,,,,,
2024-02-14 21:00:00,974.4,18.7,88.0,0.9,277.0,1.4,268.0,0.0,,,,,,,,,,,2024-02-14T20:33:00,,,,0,,,,,,,,,,,,,
2024-02-14 22:00:00,974.3,18.7,86.0,1.3,302.0,2.1,298.0,0.0,,,,,,,,,,,2024-02-14T21:35:00,,,,0,,,,,,,,,,,,,
2024-02-14 23:00:00,974.2,18.3,85.0,0.5,15.0,2.3,37.0,0.0,,,,,,,,,,,2024-02-14T22:52:00,,,,0,,,,,,,,,,,,,
2024-02-15 00:00:00,973.7,17.6,90.0,1.2,324.0,2.9,5.0,0.0,,,,,,,,,,,2024-02-15T00:00:00,,,,0,,,,,,,,,,,,,
2024-02-15 01:00:00,973.3,17.5,89.0,0.0,0.0,2.6,332.0,0.0,,,,,,,,,,,2024-02-15T00:07:00,,,,0,,,,,,,,,,,,,
2024-02-15 02:00:00,972.7,17.6,85.0,1.2,323.0,1.9,322.0,0.0,,,,,,,,,,,2024-02-15T01:53:00,,,,0,,,,,,,,,,,,,
2024-02-15 03:00:00,972.6,18.0,80.0,1.5,9.0,2.3,5.0,0.0,,,,,,,,,,,2024-02-15T02:44:00,,,,0,,,,,,,,,,,,,
2024-02-15 04:00:00,972.6,17.8,79.0,1.3,313.0,2.4,194.0,0.0,,,,,,,,,,,2024-02-15T03:24:00,,,,0,,,,,,,,,,,,,
2024-02-15 05:00:00,972.8,17.5,79.0,1.8,323.0,3.0,333.0,0.0,,,,,,,,,,,2024-02-15T04:28:00,,,,0,,,,,,,,,,,,,
2024-02-15 06:00:00,973.3,17.5,75.0,2.2,10.0,3.5,1.0,0.0,,,,,,,,,,,2024-02-15T05:31:00,,,,0,,,,,,,,,,,,,
2024-02-15 07:00:00,973.7,17.2,75.0,1.6,325.0,2.9,338.0,0.0,,,,,,,,,,,2024-02-15T06:19:00,,,,0,,,,,,,,,,,,,
2024-02-15 08:00:00,974.2,18.4,76.0,1.3,321.0,2.6,321.0,0.0,,,,,,,,,,,2024-02-15T07:25:00,,,,0,,,,,,,,,,,,,
2024-02-15 09:00:00,974.4,22.3,68.0,0.4,56.0,2.2,300.0,0.0,,,,,,,,,,,2024-02-15T08:01:00,,,,0,,,,,,,,,,,,,
2024-02-15 10:00:00,974.2,26.1,64.0,0.2,0.0,2.1,91.0,0.0,,,,,,,,,,,2024-02-15T09:14:00,,,,0,,,,,,,,,,,,,
2024-02-15 11:00:00,973.5,25.3,62.0,0.1,0.0,1.8,137.0,0.0,,,,,,,,,,,2024-02-15T10:49:00,,,,0,,,,,,,,,,,,,
2024-02-15 12:00:00,972.7,21.2,80.0,0.7,118.0,5.8,98.0,0.0,,,,,,,,,,,2024-02-15T11:41:00,,,,0,,,,,,,,,,,,,
2024-02-15 13:00:00,972.1,21.0,82.0,0.8,112.0,5.5,109.0,0.0,,,,,,,,,,,2024-02-15T12:48:00,,,,0,,,,,,,,,,,,,
2024-02-15 14:00:00,971.3,20.4,85.0,0.4,253.0,3.8,125.0,0.0,,,,,,,,,,,2024-02-15T13:25:00,,,,0,,,,,,,,,,,,,
2024-02-15 15:00:00,971.2,18.6,98.0,1.3,293.0,3.1,262.0,0.5,,,,,,,,,,,2024-02-15T14:29:00,,,,0,,,,,,,,,,,,,
2024-02-15 16:00:00,971.3,18.2,98.0,1.2,285.0,2.0,281.0,0.0,,,,,,,,,,,2024-02-15T15:03:00,,,,0,,,,,,,,,,,,,
2024-02-15 17:00:00,971.9,18.8,98.0,1.0,288.0,1.8,285.0,0.0,,,,,,,,,,,2024-02-15T16:02:00,,,,0,,,,,,,,,,,,,
2024-02-15 18:00:00,972.3,18.8,98.0,1.3,321.0,2.0,308.0,0.0,,,,,,,,,,,2024-02-15T17:08:00,,,,0,,,,,,,,,,,,,
2024-02-15 19:00:00,973.0,19.0,98.0,0.7,333.0,2.2,324.0,0.0,,,,,,,,,,,2024-02-15T18:09:00,,,,0,,,,,,,,,,,,,
2024-02-15 20:00:00,973.6,19.0,98.0,1.0,327.0,1.6,53.0,0.0,,,,,,,,,,,2024-02-15T19:12:00,,,,0,,,,,,,,,,,,,
2024-02-15 21:00:00,973.9,19.5,95.0,1.1,27.0,1.9,34.0,0.0,,,,,,,,,,,2024-02-15T20:55:00,,,,0,,,,,,,,,,,,,
2024-02-15 22:00:00,973.9,19.3,96.0,0.7,20.0,2.4,40.0,0.0,,,,,,,,,,,2024-02-15T21:35:00,,,,0,,,,,,,,,,,,,
2024-02-15 23:00:00,974.0,18.9,98.0,0.6,19.0,2.5,39.0,0.0,,,,,,,,,,,2024-02-15T22:09:00,,,,0,,,,,,,,,,,,,
2024-02-16 00:00:00,973.7,18.4,99.0,0.7,323.0,2.0,358.0,0.0,,,,,,,,,,,2024-02-15T23:32:00,,,,0,,,,,,,,,,,,,
2024-02-16 01:00:00,973.4,18.5,99.0,0.2,0.0,2.4,55.0,0.0,,,,,,,,,,,2024-02-16T01:00:00,,,,0,,,,,,,,,,,,,
2024-02-16 02:00:00,972.9,18.2,100.0,0.5,337.0,3.6,37.0,0.0,,,,,,,,,,,2024-02-16T01:48:00,,,,0,,,,,,,,,,,,,
2024-02-16 03:00:00,972.4,18.0,100.0,1.9,313.0,4.7,323.0,0.0,,,,,,,,,,,2024-02-16T02:58:00,,,,0,,,,,,,,,,,,,
2024-02-16 04:00:00,972.2,17.2,100.0,0.6,39.0,4.7,312.0,0.0,,,,,,,,,,,2024-02-16T03:02:00,,,,0,,,,,,,,,,,,,
2024-02-16 05:00:00,972.3,17.1,100.0,0.3,55.0,3.9,44.0,0.0,,,,,,,,,,,2024-02-16T04:36:00,,,,0,,,,,,,,,,,,,
2024-02-16 06:00:00,973.3,16.7,100.0,0.5,48.0,3.0,64.0,0.0,,,,,,,,,,,2024-02-16T05:05:00,,,,0,,,,,,,,,,,,,
2024-02-16 07:00:00,974.1,16.8,100.0,1.3,330.0,5.5,1.0,0.0,,,,,,,,,,,2024-02-16T06:51:00,,,,0,,,,,,,,,,,,,
2024-02-16 08:00:00,974.8,17.7,98.0,0.3,49.0,5.8,31.0,0.0,,,,,,,,,,,2024-02-16T07:11:00,,,,0,,,,,,,,,,,,,
2024-02-16 09:00:00,975.3,19.3,89.0,0.3,13.0,2.7,353.0,0.0,,,,,,,,,,,2024-02-16T08:59:00,,,,0,,,,,,,,,,,,,
2024-02-16 10:00:00,975.3,23.0,77.0,0.4,85.0,3.0,65.0,0.0,,,,,,,,,,,2024-02-16T09:27:00,,,,0,,,,,,,,,,,,,
2024-02-16 11:00:00,974.8,25.5,70.0,0.6,81.0,3.8,48.0,0.0,,,,,,,,,,,2024-02-16T10:47:00,,,,0,,,,,,,,,,,,,
2024-02-16 12:00:00,974.0,23.1,75.0,1.2,70.0,4.8,69.0,0.0,,,,,,,,,,,2024-02-16T11:43:00,,,,0,,,,,,,,,,,,,
2024-02-16 13:00:00,973.2,21.1,80.0,1.5,68.0,6.3,82.0,0.0,,,,,,,,,,,2024-02-16T12:52:00,,,,0,,,,,,,,,,,,,
2024-02-16 14:00:00,972.7,21.8,80.0,0.8,53.0,4.5,53.0,0.0,,,,,,,,,,,2024-02-16T13:12:00,,,,0,,,,,,,,,,,,,
2024-02-16 15:00:00,972.4,20.5,84.0,1.1,64.0,4.0,42.0,0.0,,,,,,,,,,,2024-02-16T14:57:00,,,,0,,,,,,,,,,,,,
2024-02-16 16:00:00,972.5,19.9,83.0,0.9,49.0,4.9,45.0,0.0,,,,,,,,,,,2024-02-16T15:12:00,,,,0,,,,,,,,,,,,,
2024-02-16 17:00:00,973.0,18.9,87.0,0.2,0.0,3.5,41.0,0.0,,,,,,,,,,,2024-02-16T16:03:00,,,,0,,,,,,,,,,,,,
2024-02-16 18:00:00,973.6,17.8,91.0,0.0,0.0,2.9,52.0,0.0,,,,,,,,,,,2024-02-16T17:12:00,,,,0,,,,,,,,,,,,,
2024-02-16 19:00:00,973.9,16.7,95.0,1.8,306.0,4.2,322.0,0.0,,,,,,,,,,,2024-02-16T18:57:00,,,,0,,,,,,,,,,,,,
2024-02-16 20:00:00,974.0,16.4,97.0,0.8,333.0,5.9,329.0,0.0,,,,,,,,,,,2024-02-16T19:31:00,,,,0,,,,,,,,,,,,,
2024-02-16 21:00:00,974.1,16.4,96.0,0.5,330.0,4.2,4.0,0.0,,,,,,,,,,,2024-02-16T20:48:00,,,,0,,,,,,,,,,,,,
2024-02-16 22:00:00,974.0,16.0,96.0,1.5,355.0,4.4,3.0,0.0,,,,,,,,,,,2024-02-16T21:47:00,,,,0,,,,,,,,,,,,,
2024-02-16 23:00:00,973.9,16.3,96.0,1.0,351.0,3.4,353.0,0.0,,,,,,,,,,,2024-02-16T22:08:00,,,,0,,,,,,,,,,,,,
2024-02-17 00:00:00,973.3,15.9,98.0,1.2,329.0,3.4,2.0,0.0,,,,,,,,,,,2024-02-16T23:12:00,,,,0,,,,,,,,,,,,,
2024-02-17 01:00:00,972.7,15.7,98.0,1.1,316.0,3.9,26.0,0.0,,,,,,,,,,,2024-02-17T00:33:00,,,,0,,,,,,,,,,,,,
2024-02-17 02:00:00,972.2,15.3,99.0,1.6,15.0,4.1,14.0,0.0,,,,,,,,,,,2024-02-17T01:22:00,,,,0,,,,,,,,,,,,,
2024-02-17 03:00:00,971.7,15.5,100.0,2.2,315.0,4.8,7.0,0.0,,,,,,,,,,,2024-02-17T02:05:00,,,,0,,,,,,,,,,,,,
2024-02-17 04:00:00,971.7,16.2,97.0,1.1,325.0,6.4,317.0,0.0,,,,,,,,,,,2024-02-17T03:11:00,,,,0,,,,,,,,,,,,,
2024-02-17 05:00:00,971.6,16.2,96.0,1.1,15.0,3.3,59.0,0.0,,,,,,,,,,,2024-02-17T04:41:00,,,,0,,,,,,,,,,,,,
2024-02-17 06:00:00,972.0,16.3,90.0,1.5,335.0,4.5,338.0,0.0,,,,,,,,,,,2024-02-17T05:26:00,,,,0,,,,,,,,,,,,,
2024-02-17 07:00:00,972.6,16.7,91.0,0.6,15.0,3.5,343.0,0.0,,,,,,,,,,,2024-02-17T06:07:00,,,,0,,,,,,,,,,,,,
2024-02-17 08:00:00,973.3,18.1,87.0,1.0,343.0,4.0,202.0,0.0,,,,,,,,,,,2024-02-17T07:25:00,,,,0,,,,,,,,,,,,,
2024-02-17 09:00:00,973.6,23.4,71.0,0.6,60.0,2.6,46.0,0.0,,,,,,,,,,,2024-02-17T08:57:00,,,,0,,,,,,,,,,,,,
2024-02-17 10:00:00,973.6,24.2,69.0,0.5,86.0,2.9,43.0,0.0,,,,,,,,,,,2024-02-17T09:45:00,,,,0,,,,,,,,,,,,,
2024-02-17 11:00:00,973.0,23.0,72.0,1.0,85.0,3.2,95.0,0.0,,,,,,,,,,,2024-02-17T10:48:00,,,,0,,,,,,,,,,,,,
2024-02-17 12:00:00,972.2,24.0,70.0,1.5,80.0,4.9,65.0,0.0,,,,,,,,,,,2024-02-17T11:56:00,,,,0,,,,,,,,,,,,,
2024-02-17 13:00:00,971.4,22.9,77.0,1.5,78.0,4.9,90.0,0.0,,,,,,,,,,,2024-02-17T12:52:00,,,,0,,,,,,,,,,,,,
2024-02-17 14:00:00,970.7,21.1,84.0,1.7,71.0,5.9,70.0,0.0,,,,,,,,,,,2024-02-17T14:00:00,,,,0,,,,,,,,,,,,,
2024-02-17 15:00:00,970.5,21.0,87.0,1.1,68.0,5.5,62.0,0.0,,,,,,,,,,,2024-02-17T14:26:00,,,,0,,,,,,,,,,,,,
2024-02-17 16:00:00,970.8,20.0,89.0,1.1,74.0,4.0,79.0,0.0,,,,,,,,,,,2024-02-17T15:23:00,,,,0,,,,,,,,,,,,,
2024-02-17 17:00:00,971.2,20.1,90.0,0.3,59.0,3.1,73.0,0.0,,,,,,,,,,,2024-02-17T16:06:00,,,,0,,,,,,,,,,,,,
2024-02-17 18:00:00,971.6,19.2,93.0,0.6,266.0,1.6,65.0,0.0,,,,,,,,,,,2024-02-17T17:16:00,,,,0,,,,,,,,,,,,,
2024-02-17 19:00:00,971.9,18.8,95.0,0.0,0.0,1.2,202.0,0.0,,,,,,,,,,,2024-02-17T18:28:00,,,,0,,,,,,,,,,,,,
2024-02-17 20:00:00,972.4,18.7,98.0,1.6,59.0,2.4,51.0,0.0,,,,,,,,,,,2024-02-17T19:52:00,,,,0,,,,,,,,,,,,,
2024-02-17 21:00:00,972.8,18.7,100.0,0.8,117.0,2.2,61.0,0.0,,,,,,,,,,,2024-02-17T20:07:00,,,,0,,,,,,,,,,,,,
2024-02-17 22:00:00,972.8,18.5,100.0,1.5,70.0,2.1,77.0,0.0,,,,,,,,,,,2024-02-17T21:57:00,,,,0,,,,,,,,,,,,,
2024-02-17 23:00:00,972.5,18.4,100.0,1.0,350.0,2.6,48.0,0.0,,,,,,,,,,,2024-02-17T22:09:00,,,,0,,,,,,,,,,,,,
2024-02-18 00:00:00,972.1,18.7,98.0,0.0,0.0,0.8,26.0,0.0,,,,,,,,,,,2024-02-17T23:34:00,,,,0,,,,,,,,,,,,,
2024-02-18 01:00:00,971.8,18.9,97.0,0.1,0.0,1.1,205.0,0.0,,,,,,,,,,,2024-02-18T00:46:00,,,,0,,,,,,,,,,,,,
2024-02-18 02:00:00,971.4,18.9,95.0,0.9,333.0,1.1,324.0,0.0,,,,,,,,,,,2024-02-18T01:40:00,,,,0,,,,,,,,,,,,,
2024-02-18 03:00:00,971.2,18.6,94.0,1.1,316.0,2.1,311.0,0.0,,,,,,,,,,,2024-02-18T02:24:00,,,,0,,,,,,,,,,,,,
2024-02-18 04:00:00,971.1,18.8,91.0,0.1,0.0,1.3,307.0,0.0,,,,,,,,,,,2024-02-18T03:07:00,,,,0,,,,,,,,,,,,,
2024-02-18 05:00:00,971.3,19.0,89.0,0.5,238.0,1.0,218.0,0.0,,,,,,,,,,,2024-02-18T04:56:00,,,,0,,,,,,,,,,,,,
2024-02-18 06:00:00,971.9,18.3,90.0,1.1,281.0,1.7,268.0,0.0,,,,,,,,,,,2024-02-18T05:17:00,,,,0,,,,,,,,,,,,,
2024-02-18 07:00:00,972.7,19.3,89.0,0.0,0.0,1.8,2.0,0.0,,,,,,,,,,,2024-02-18T06:36:00,,,,0,,,,,,,,,,,,,
2024-02-18 08:00:00,973.2,20.7,84.0,0.1,0.0,1.6,320.0,0.0,,,,,,,,,,,2024-02-18T07:16:00,,,,0,,,,,,,,,,,,,
2024-02-18 09:00:00,973.6,24.8,69.0,0.5,141.0,1.2,134.0,0.0,,,,,,,,,,,2024-02-18T08:44:00,,,,0,,,,,,,,,,,,,
2024-02-18 10:00:00,973.6,26.3,63.0,0.5,155.0,1.9,138.0,0.0,,,,,,,,,,,2024-02-18T09:24:00,,,,0,,,,,,,,,,,,,
2024-02-18 11:00:00,973.1,27.1,59.0,0.5,153.0,2.7,108.0,0.0,,,,,,,,,,,2024-02-18T10:27:00,,,,0,,,,,,,,,,,,,
2024-02-18 12:00:00,972.3,25.3,67.0,1.6,130.0,6.9,112.0,0.0,,,,,,,,,,,2024-02-18T11:56:00,,,,0,,,,,,,,,,,,,
2024-02-18 13:00:00,971.5,25.1,67.0,0.8,185.0,6.1,113.0,0.0,,,,,,,,,,,2024-02-18T12:04:00,,,,0,,,,,,,,,,,,,
2024-02-18 14:00:00,970.8,24.9,67.0,0.6,166.0,3.8,184.0,0.0,,,,,,,,,,,2024-02-18T13:11:00,,,,0,,,,,,,,,,,,,
2024-02-18 15:00:00,970.5,23.3,79.0,0.5,164.0,4.3,110.0,0.0,,,,,,,,,,,2024-02-18T14:34:00,,,,0,,,,,,,,,,,,,
2024-02-18 16:00:00,970.7,22.2,86.0,0.5,158.0,3.3,204.0,0.0,,,,,,,,,,,2024-02-18T15:11:00,,,,0,,,,,,,,,,,,,
2024-02-18 17:00:00,971.3,21.6,86.0,0.7,156.0,4.5,187.0,0.0,,,,,,,,,,,2024-02-18T16:17:00,,,,0,,,,,,,,,,,,,
2024-02-18 18:00:00,971.7,21.0,93.0,0.5,164.0,2.2,180.0,0.0,,,,,,,,,,,2024-02-18T17:21:00,,,,0,,,,,,,,,,,,,
2024-02-18 19:00:00,971.9,20.7,100.0,0.8,175.0,2.2,176.0,0.0,,,,,,,,,,,2024-02-18T18:14:00,,,,0,,,,,,,,,,,,,
2024-02-18 20:00:00,972.6,20.7,100.0,0.7,176.0,3.2,200.0,0.0,,,,,,,,,,,2024-02-18T19:59:00,,,,0,,,,,,,,,,,,,
2024-02-18 21:00:00,972.6,19.9,100.0,1.1,181.0,3.3,202.0,0.0,,,,,,,,,,,2024-02-18T20:05:00,,,,0,,,,,,,,,,,,,
2024-02-18 22:00:00,972.6,20.5,93.0,1.6,184.0,4.5,192.0,0.0,,,,,,,,,,,2024-02-18T21:52:00,,,,0,,,,,,,,,,,,,
2024-02-18 23:00:00,972.4,19.8,100.0,1.2,159.0,3.1,201.0,0.0,,,,,,,,,,,2024-02-18T22:47:00,,,,0,,,,,,,,,,,,,
2024-02-19 00:00:00,972.0,19.5,100.0,1.5,192.0,5.0,213.0,0.0,,,,,,,,,,,2024-02-18T23:08:00,,,,0,,,,,,,,,,,,,
2024-02-19 01:00:00,971.4,19.9,93.0,1.2,171.0,4.8,201.0,0.0,,,,,,,,,,,2024-02-19T00:04:00,,,,0,,,,,,,,,,,,,
2024-02-19 02:00:00,971.1,19.9,92.0,1.0,166.0,3.9,197.0,0.0,,,,,,,,,,,2024-02-19T01:50:00,,,,0,,,,,,,,,,,,,
2024-02-19 03:00:00,970.6,19.5,91.0,0.9,164.0,3.4,188.0,0.0,,,,,,,,,,,2024-02-19T02:15:00,,,,0,,,,,,,,,,,,,
2024-02-19 04:00:00,970.3,19.9,88.0,1.2,175.0,3.7,183.0,0.0,,,,,,,,,,,2024-02-19T03:36:00,,,,0,,,,,,,,,,,,,
2024-02-19 05:00:00,970.6,19.9,86.0,1.2,183.0,4.1,201.0,0.0,,,,,,,,,,,2024-02-19T04:27:00,,,,0,,,,,,,,,,,,,
2024-02-19 06:00:00,971.2,20.1,86.0,1.1,186.0,4.3,206.0,0.0,,,,,,,,,,,2024-02-19T05:46:00,,,,0,,,,,,,,,,,,,
2024-02-19 07:00:00,971.6,20.3,87.0,1.1,180.0,4.1,202.0,0.0,,,,,,,,,,,2024-02-19T06:14:00,,,,0,,,,,,,,,,,,,
2024-02-19 08:00:00,972.2,20.7,86.0,0.6,168.0,4.0,203.0,0.0,,,,,,,,,,,2024-02-19T07:03:00,,,,0,,,,,,,,,,,,,
2024-02-19 09:00:00,972.9,22.1,84.0,0.4,162.0,2.6,195.0,0.0,,,,,,,,,,,2024-02-19T08:02:00,,,,0,,,,,,,,,,,,,
2024-02-19 10:00:00,972.9,22.2,87.0,0.6,165.0,2.9,223.0,0.0,,,,,,,,,,,2024-02-19T09:52:00,,,,0,,,,,,,,,,,,,
2024-02-19 11:00:00,972.5,24.3,77.0,0.7,164.0,3.7,166.0,0.0,,,,,,,,,,,2024-02-19T10:50:00,,,,0,,,,,,,,,,,,,
2024-02-19 12:00:00,971.7,23.8,84.0,0.8,164.0,4.7,154.0,0.0,,,,,,,,,,,2024-02-19T11:29:00,,,,0,,,,,,,,,,,,,
2024-02-19 13:00:00,971.1,22.8,89.0,0.8,179.0,4.1,188.0,0.0,,,,,,,,,,,2024-02-19T12:09:00,,,,0,,,,,,,,,,,,,
2024-02-19 14:00:00,970.6,22.2,95.0,0.8,163.0,4.0,220.0,0.0,,,,,,,,,,,2024-02-19T13:15:00,,,,0,,,,,,,,,,,,,
2024-02-19 15:00:00,970.3,21.8,99.0,0.7,157.0,4.4,198.0,0.0,,,,,,,,,,,2024-02-19T14:15:00,,,,0,,,,,,,,,,,,,
2024-02-19 16:00:00,970.4,21.9,100.0,0.8,167.0,3.1,200.0,0.0,,,,,,,,,,,2024-02-19T15:31:00,,,,0,,,,,,,,,,,,,
2024-02-19 17:00:00,970.7,21.8,100.0,1.0,155.0,2.5,200.0,0.5,,,,,,,,,,,2024-02-19T16:09:00,,,,0,,,,,,,,,,,,,
2024-02-19 18:00:00,970.9,21.6,100.0,1.2,168.0,3.6,193.0,0.0,,,,,,,,,,,2024-02-19T17:59:00,,,,0,,,,,,,,,,,,,
2024-02-19 19:00:00,971.2,21.8,100.0,0.8,172.0,3.6,202.0,0.5,,,,,,,,,,,2024-02-19T18:09:00,,,,0,,,,,,,,,,,,,
2024-02-19 20:00:00,971.7,21.7,100.0,0.9,187.0,3.1,145.0,0.0,,,,,,,,,,,2024-02-19T19:20:00,,,,0,,,,,,,,,,,,,
2024-02-19 21:00:00,971.8,22.0,100.0,1.6,163.0,5.0,153.0,5.5,,,,,,,,,,,2024-02-19T20:52:00,,,,0,,,,,,,,,,,,,
2024-02-19 22:00:00,971.3,21.9,100.0,1.5,176.0,6.9,144.0,3.5,,,,,,,,,,,2024-02-19T21:31:00,,,,0,,,,,,,,,,,,,
2024-02-19 23:00:00,971.1,21.9,100.0,1.7,159.0,5.6,191.0,0.5,,,,,,,,,,,2024-02-19T22:27:00,,,,0,,,,,,,,,,,,,
2024-02-20 00:00:00,970.7,20.9,100.0,1.1,176.0,6.5,211.0,1.0,,,,,,,,,,,2024-02-19T23:26:00,,,,0,,,,,,,,,,,,,
2024-02-20 01:00:00,970.4,20.7,100.0,1.2,173.0,5.5,193.0,0.0,,,,,,,,,,,2024-02-20T00:31:00,,,,0,,,,,,,,,,,,,
2024-02-20 02:00:00,969.9,20.7,100.0,1.1,177.0,5.1,176.0,0.0,,,,,,,,,,,2024-02-20T01:15:00,,,,0,,,,,,,,,,,,,
2024-02-20 03:00:00,970.1,20.4,100.0,1.3,178.0,5.4,189.0,0.0,,,,,,,,,,,2024-02-20T02:31:00,,,,0,,,,,,,,,,,,,
2024-02-20 04:00:00,970.4,20.3,100.0,0.9,185.0,4.8,188.0,0.0,,,,,,,,,,,2024-02-20T03:43:00,,,,0,,,,,,,,,,,,,
2024-02-20 05:00:00,971.0,20.2,100.0,1.3,178.0,5.0,153.0,0.5,,,,,,,,,,,2024-02-20T04:10:00,,,,0,,,,,,,,,,,,,
2024-02-20 06:00:00,971.7,20.5,100.0,1.2,181.0,5.3,206.0,0.0,,,,,,,,,,,2024-02-20T05:28:00,,,,0,,,,,,,,,,,,,
2024-02-20 07:00:00,972.4,20.4,100.0,0.6,183.0,3.5,207.0,0.0,,,,,,,,,,,2024-02-20T06:08:00,,,,0,,,,,,,,,,,,,
2024-02-20 08:00:00,973.0,22.0,100.0,0.4,169.0,2.1,180.0,0.0,,,,,,,,,,,2024-02-20T07:06:00,,,,0,,,,,,,,,,,,,
2024-02-20 09:00:00,973.4,21.6,98.0,0.6,161.0,3.0,206.0,0.0,,,,,,,,,,,2024-02-20T08:14:00,,,,0,,,,,,,,,,,,,
2024-02-20 10:00:00,973.4,21.7,98.0,0.5,162.0,3.4,200.0,0.0,,,,,,,,,,,2024-02-20T09:07:00,,,,0,,,,,,,,,,,,,
2024-02-20 11:00:00,972.8,22.0,97.0,1.2,170.0,3.6,161.0,0.0,,,,,,,,,,,2024-02-20T10:14:00,,,,0,,,,,,,,,,,,,
2024-02-20 12:00:00,972.1,23.1,95.0,0.9,177.0,5.7,145.0,0.0,,,,,,,,,,,2024-02-20T11:50:00,,,,0,,,,,,,,,,,,,
2024-02-20 13:00:00,971.2,22.4,94.0,1.3,166.0,5.5,197.0,0.0,,,,,,,,,,,2024-02-20T12:02:00,,,,0,,,,,,,,,,,,,
2024-02-20 14:00:00,970.7,22.2,96.0,0.8,165.0,4.7,162.0,0.0,,,,,,,,,,,2024-02-20T13:50:00,,,,0,,,,,,,,,,,,,
2024-02-20 15:00:00,970.3,21.6,99.0,0.7,168.0,5.0,166.0,0.0,,,,,,,,,,,2024-02-20T14:49:00,,,,0,,,,,,,,,,,,,
2024-02-20 16:00:00,970.3,21.3,99.0,1.1,161.0,4.6,188.0,0.0,,,,,,,,,,,2024-02-20T15:13:00,,,,0,,,,,,,,,,,,,
2024-02-20 17:00:00,970.5,21.2,100.0,1.3,156.0,5.0,147.0,0.0,,,,,,,,,,,2024-02-20T16:17:00,,,,0,,,,,,,,,,,,,
2024-02-20 18:00:00,971.0,21.2,100.0,1.1,162.0,4.8,204.0,0.0,,,,,,,,,,,2024-02-20T17:01:00,,,,0,,,,,,,,,,,,,
2024-02-20 19:00:00,971.4,21.2,100.0,1.0,172.0,4.6,210.0,0.0,,,,,,,,,,,2024-02-20T18:25:00,,,,0,,,,,,,,,,,,,
2024-02-20 20:00:00,972.2,21.2,100.0,0.9,154.0,4.0,180.0,0.0,,,,,,,,,,,2024-02-20T19:20:00,,,,0,,,,,,,,,,,,,
2024-02-20 21:00:00,972.8,21.1,100.0,0.8,156.0,2.3,151.0,0.0,,,,,,,,,,,2024-02-20T20:37:00,,,,0,,,,,,,,,,,,,
2024-02-20 22:00:00,972.9,20.2,100.0,1.8,185.0,3.7,197.0,0.0,,,,,,,,,,,2024-02-20T21:57:00,,,,0,,,,,,,,,,,,,
2024-02-20 23:00:00,973.0,20.4,96.0,1.4,197.0,4.4,204.0,0.0,,,,,,,,,,,2024-02-20T22:42:00,,,,0,,,,,,,,,,,,,
2024-02-21 00:00:00,972.9,20.8,88.0,1.0,178.0,3.0,210.0,0.0,,,,,,,,,,,2024-02-20T23:06:00,,,,0,,,,,,,,,,,,,
2024-02-21 01:00:00,972.6,20.3,89.0,1.3,186.0,4.2,205.0,0.0,,,,,,,,,,,2024-02-21T00:54:00,,,,0,,,,,,,,,,,,,
2024-02-21 02:00:00,972.0,19.9,87.0,1.2,200.0,3.1,202.0,0.0,,,,,,,,,,,2024-02-21T01:30:00,,,,0,,,,,,,,,,,,,
2024-02-21 03:00:00,971.4,20.5,82.0,0.9,171.0,2.8,183.0,0.0,,,,,,,,,,,2024-02-21T02:03:00,,,,0,,,,,,,,,,,,,
2024-02-21 04:00:00,971.4,20.5,78.0,0.8,160.0,3.1,209.0,0.0,,,,,,,,,,,2024-02-21T03:08:00,,,,0,,,,,,,,,,,,,
2024-02-21 05:00:00,971.5,20.8,77.0,1.3,181.0,3.8,205.0,0.0,,,,,,,,,,,2024-02-21T04:40:00,,,,0,,,,,,,,,,,,,
2024-02-21 06:00:00,972.1,21.1,69.0,0.6,170.0,2.2,204.0,0.0,,,,,,,,,,,2024-02-21T05:02:00,,,,0,,,,,,,,,,,,,
2024-02-21 07:00:00,972.9,22.0,66.0,0.7,170.0,2.1,192.0,0.0,,,,,,,,,,,2024-02-21T06:26:00,,,,0,,,,,,,,,,,,,
2024-02-21 08:00:00,973.5,24.4,66.0,0.3,161.0,1.5,194.0,0.0,,,,,,,,,,,2024-02-21T07:55:00,,,,0,,,,,,,,,,,,,
2024-02-21 09:00:00,973.8,27.1,62.0,0.3,137.0,1.6,150.0,0.0,,,,,,,,,,,2024-02-21T08:27:00,,,,0,,,,,,,,,,,,,
2024-02-21 10:00:00,973.9,27.1,65.0,0.6,140.0,2.4,146.0,0.0,,,,,,,,,,,2024-02-21T09:52:00,,,,0,,,,,,,,,,,,,
2024-02-21 11:00:00,973.4,26.4,74.0,0.5,135.0,3.4,116.0,0.0,,,,,,,,,,,2024-02-21T10:58:00,,,,0,,,,,,,,,,,,,
2024-02-21 12:00:00,972.3,24.8,76.0,0.9,162.0,3.9,149.0,0.0,,,,,,,,,,,2024-02-21T11:48:00,,,,0,,,,,,,,,,,,,
2024-02-21 13:00:00,971.2,23.4,84.0,1.3,168.0,5.2,184.0,0.0,,,,,,,,,,,2024-02-21T12:46:00,,,,0,,,,,,,,,,,,,
2024-02-21 14:00:00,970.2,22.6,89.0,1.4,169.0,6.0,159.0,0.0,,,,,,,,,,,2024-02-21T13:37:00,,,,0,,,,,,,,,,,,,
2024-02-21 15:00:00,969.8,23.0,85.0,1.5,158.0,5.1,165.0,0.0,,,,,,,,,,,2024-02-21T14:31:00,,,,0,,,,,,,,,,,,,
2024-02-21 16:00:00,969.7,22.6,87.0,1.3,165.0,3.2,162.0,0.0,,,,,,,,,,,2024-02-21T15:07:00,,,,0,,,,,,,,,,,,,
2024-02-21 17:00:00,970.2,21.6,92.0,1.0,156.0,3.9,177.0,0.0,,,,,,,,,,,2024-02-21T16:26:00,,,,0,,,,,,,,,,,,,
2024-02-21 18:00:00,970.5,21.0,97.0,0.0,0.0,4.7,191.0,0.0,,,,,,,,,,,2024-02-21T17:28:00,,,,0,,,,,,,,,,,,,
2024-02-21 19:00:00,970.9,20.9,100.0,0.7,160.0,2.3,135.0,0.0,,,,,,,,,,,2024-02-21T18:44:00,,,,0,,,,,,,,,,,,,
2024-02-21 20:00:00,971.6,20.5,99.0,1.1,180.0,3.4,205.0,0.0,,,,,,,,,,,2024-02-21T19:28:00,,,,0,,,,,,,,,,,,,
2024-02-21 21:00:00,971.8,20.7,93.0,0.8,173.0,3.3,185.0,0.0,,,,,,,,,,,2024-02-21T20:04:00,,,,0,,,,,,,,,,,,,
2024-02-21 22:00:00,972.1,20.6,98.0,0.5,165.0,3.1,203.0,0.0,,,,,,,,,,,2024-02-21T21:09:00,,,,0,,,,,,,,,,,,,
2024-02-21 23:00:00,972.2,20.4,96.0,1.1,182.0,3.3,200.0,0.0,,,,,,,,,,,2024-02-21T22:46:00,,,,0,,,,,,,,,,,,,
2024-02-22 00:00:00,972.1,20.6,86.0,1.0,197.0,3.7,203.0,0.0,,,,,,,,,,,2024-02-21T23:55:00,,,,0,,,,,,,,,,,,,
2024-02-22 01:00:00,972.1,21.2,81.0,0.5,169.0,2.1,200.0,0.0,,,,,,,,,,,2024-02-22T00:02:00,,,,0,,,,,,,,,,,,,
2024-02-22 02:00:00,971.5,20.7,83.0,0.9,246.0,1.8,183.0,0.0,,,,,,,,,,,2024-02-22T01:11:00,,,,0,,,,,,,,,,,,,
2024-02-22 03:00:00,971.1,21.0,80.0,0.9,183.0,2.4,190.0,0.0,,,,,,,,,,,2024-02-22T02:31:00,,,,0,,,,,,,,,,,,,
2024-02-22 04:00:00,970.8,20.8,80.0,0.0,0.0,2.1,208.0,0.0,,,,,,,,,,,2024-02-22T03:19:00,,,,0,,,,,,,,,,,,,
2024-02-22 05:00:00,971.3,20.8,80.0,0.0,0.0,0.0,0.0,0.0,,,,,,,,,,,2024-02-22T04:05:00,,,,0,,,,,,,,,,,,,
2024-02-22 06:00:00,972.2,19.2,80.0,1.4,341.0,2.5,316.0,0.0,,,,,,,,,,,2024-02-22T05:48:00,,,,0,,,,,,,,,,,,,
2024-02-22 07:00:00,972.9,19.9,84.0,2.1,314.0,3.6,308.0,0.0,,,,,,,,,,,2024-02-22T06:30:00,,,,0,,,,,,,,,,,,,
2024-02-22 08:00:00,973.5,20.0,81.0,1.8,328.0,3.9,315.0,0.0,,,,,,,,,,,2024-02-22T07:24:00,,,,0,,,,,,,,,,,,,
2024-02-22 09:00:00,973.9,23.5,69.0,0.3,285.0,3.3,288.0,0.0,,,,,,,,,,,2024-02-22T08:23:00,,,,0,,,,,,,,,,,,,
2024-02-22 10:00:00,974.1,25.8,63.0,0.0,0.0,1.5,266.0,0.0,,,,,,,,,,,2024-02-22T09:01:00,,,,0,,,,,,,,,,,,,
2024-02-22 11:00:00,974.0,28.1,63.0,0.1,0.0,1.1,277.0,0.0,,,,,,,,,,,2024-02-22T10:46:00,,,,0,,,,,,,,,,,,,
2024-02-22 12:00:00,973.4,26.1,68.0,1.2,130.0,4.1,107.0,0.0,,,,,,,,,,,2024-02-22T12:00:00,,,,0,,,,,,,,,,,,,
2024-02-22 13:00:00,972.6,24.3,82.0,1.1,113.0,5.8,110.0,0.0,,,,,,,,,,,2024-02-22T12:14:00,,,,0,,,,,,,,,,,,,
2024-02-22 14:00:00,972.0,23.0,88.0,0.5,132.0,5.3,83.0,0.0,,,,,,,,,,,2024-02-22T13:01:00,,,,0,,,,,,,,,,,,,
2024-02-22 15:00:00,971.8,21.2,98.0,1.4,137.0,5.5,105.0,0.5,,,,,,,,,,,2024-02-22T14:42:00,,,,0,,,,,,,,,,,,,
2024-02-22 16:00:00,972.0,21.1,99.0,0.5,175.0,4.4,110.0,0.5,,,,,,,,,,,2024-02-22T15:06:00,,,,0,,,,,,,,,,,,,
2024-02-22 17:00:00,972.3,20.3,98.0,0.7,167.0,3.6,132.0,2.0,,,,,,,,,,,2024-02-22T16:12:00,,,,0,,,,,,,,,,,,,
2024-02-22 18:00:00,972.6,20.1,100.0,1.0,272.0,3.2,124.0,0.5,,,,,,,,,,,2024-02-22T17:08:00,,,,0,,,,,,,,,,,,,
2024-02-22 19:00:00,972.8,19.7,100.0,2.1,268.0,2.8,272.0,0.5,,,,,,,,,,,2024-02-22T18:52:00,,,,0,,,,,,,,,,,,,
2024-02-22 20:00:00,973.2,20.0,100.0,1.1,252.0,2.6,268.0,0.0,,,,,,,,,,,2024-02-22T19:04:00,,,,0,,,,,,,,,,,,,
2024-02-22 21:00:00,973.5,20.3,100.0,1.1,246.0,1.9,267.0,0.0,,,,,,,,,,,2024-02-22T20:46:00,,,,0,,,,,,,,,,,,,
2024-02-22 22:00:00,973.7,20.4,99.0,1.2,246.0,2.3,270.0,0.0,,,,,,,,,,,2024-02-22T21:18:00,,,,0,,,,,,,,,,,,,
2024-02-22 23:00:00,973.6,20.5,100.0,1.1,64.0,2.0,69.0,1.0,,,,,,,,,,,2024-02-22T22:23:00,,,,0,,,,,,,,,,,,,
2024-02-23 00:00:00,973.3,20.1,100.0,1.0,64.0,2.5,114.0,0.0,,,,,,,,,,,2024-02-22T23:15:00,,,,0,,,,,,,,,,,,,
2024-02-23 01:00:00,973.1,19.7,100.0,0.9,84.0,2.3,98.0,0.0,,,,,,,,,,,2024-02-23T00:16:00,,,,0,,,,,,,,,,,,,
2024-02-23 02:00:00,972.9,20.0,100.0,0.3,78.0,2.4,57.0,0.0,,,,,,,,,,,2024-02-23T01:08:00,,,,0,,,,,,,,,,,,,
2024-02-23 03:00:00,972.8,19.5,100.0,0.4,68.0,2.7,50.0,0.0,,,,,,,,,,,2024-02-23T02:38:00,,,,0,,,,,,,,,,,,,
2024-02-23 04:00:00,972.9,19.0,100.0,1.1,49.0,5.0,63.0,0.0,,,,,,,,,,,2024-02-23T03:11:00,,,,0,,,,,,,,,,,,,
2024-02-23 05:00:00,973.4,18.7,100.0,0.9,51.0,3.7,41.0,0.0,,,,,,,,,,,2024-02-23T04:56:00,,,,0,,,,,,,,,,,,,
2024-02-23 06:00:00,974.3,17.6,100.0,0.8,13.0,4.5,338.0,0.0,,,,,,,,,,,2024-02-23T05:55:00,,,,0,,,,,,,,,,,,,
2024-02-23 07:00:00,975.1,18.1,100.0,1.1,47.0,5.0,8.0,0.0,,,,,,,,,,,2024-02-23T06:15:00,,,,0,,,,,,,,,,,,,
2024-02-23 08:00:00,975.4,19.8,94.0,1.5,69.0,6.6,71.0,0.0,,,,,,,,,,,2024-02-23T07:14:00,,,,0,,,,,,,,,,,,,
2024-02-23 09:00:00,975.9,19.9,92.0,1.9,66.0,5.5,60.0,0.0,,,,,,,,,,,2024-02-23T08:08:00,,,,0,,,,,,,,,,,,,
2024-02-23 10:00:00,976.2,17.9,96.0,1.5,72.0,5.2,79.0,0.0,,,,,,,,,,,2024-02-23T09:29:00,,,,0,,,,,,,,,,,,,
2024-02-23 11:00:00,976.0,20.2,90.0,1.3,62.0,5.2,41.0,0.0,,,,,,,,,,,2024-02-23T10:33:00,,,,0,,,,,,,,,,,,,
2024-02-23 12:00:00,975.5,20.3,88.0,1.8,53.0,6.1,57.0,0.0,,,,,,,,,,,2024-02-23T11:15:00,,,,0,,,,,,,,,,,,,
2024-02-23 13:00:00,974.8,21.5,86.0,0.8,66.0,5.8,49.0,0.0,,,,,,,,,,,2024-02-23T12:07:00,,,,0,,,,,,,,,,,,,
2024-02-23 14:00:00,974.3,20.6,85.0,1.3,58.0,3.5,26.0,0.0,,,,,,,,,,,2024-02-23T13:16:00,,,,0,,,,,,,,,,,,,
2024-02-23 15:00:00,974.4,19.2,94.0,0.0,0.0,3.4,88.0,0.0,,,,,,,,,,,2024-02-23T14:21:00,,,,0,,,,,,,,,,,,,
2024-02-23 16:00:00,974.3,18.5,98.0,0.1,0.0,1.9,332.0,0.0,,,,,,,,,,,2024-02-23T15:17:00,,,,0,,,,,,,,,,,,,
2024-02-23 17:00:00,974.5,17.5,98.0,0.4,50.0,3.1,81.0,0.0,,,,,,,,,,,2024-02-23T16:54:00,,,,0,,,,,,,,,,,,,
2024-02-23 18:00:00,974.8,17.1,98.0,0.5,4.0,4.5,46.0,0.0,,,,,,,,,,,2024-02-23T17:49:00,,,,0,,,,,,,,,,,,,
2024-02-23 19:00:00,975.4,17.0,98.0,0.3,41.0,4.1,38.0,0.0,,,,,,,,,,,2024-02-23T18:40:00,,,,0,,,,,,,,,,,,,
2024-02-23 20:00:00,976.0,16.9,97.0,0.4,113.0,4.7,46.0,0.0,,,,,,,,,,,2024-02-23T19:15:00,,,,0,,,,,,,,,,,,,
2024-02-23 21:00:00,976.1,16.7,97.0,0.5,332.0,3.1,318.0,0.0,,,,,,,,,,,2024-02-23T20:37:00,,,,0,,,,,,,,,,,,,
2024-02-23 22:00:00,976.1,16.5,97.0,1.1,317.0,4.4,342.0,0.0,,,,,,,,,,,2024-02-23T21:45:00,,,,0,,,,,,,,,,,,,
2024-02-23 23:00:00,975.9,16.4,96.0,0.3,336.0,4.7,328.0,0.0,,,,,,,,,,,2024-02-23T22:25:00,,,,0,,,,,,,,,,,,,
2024-02-24 00:00:00,975.7,16.3,97.0,1.0,5.0,3.1,274.0,0.0,,,,,,,,,,,2024-02-23T23:57:00,,,,0,,,,,,,,,,,,,
2024-02-24 01:00:00,975.4,16.0,98.0,0.9,350.0,2.9,21.0,0.0,,,,,,,,,,,2024-02-24T00:33:00,,,,0,,,,,,,,,,,,,
2024-02-24 02:00:00,974.9,16.0,98.0,0.9,330.0,2.8,265.0,0.0,,,,,,,,,,,2024-02-24T01:14:00,,,,0,,,,,,,,,,,,,
2024-02-24 03:00:00,974.6,16.0,99.0,0.8,360.0,3.7,274.0,0.0,,,,,,,,,,,2024-02-24T02:05:00,,,,0,,,,,,,,,,,,,
2024-02-24 04:00:00,974.3,15.8,99.0,0.4,15.0,3.1,24.0,0.0,,,,,,,,,,,2024-02-24T03:40:00,,,,0,,,,,,,,,,,,,
2024-02-24 05:00:00,974.5,16.1,99.0,0.4,341.0,3.4,13.0,0.0,,,,,,,,,,,2024-02-24T04:26:00,,,,0,,,,,,,,,,,,,
2024-02-24 06:00:00,975.0,15.9,99.0,1.1,16.0,3.8,345.0,0.0,,,,,,,,,,,2024-02-24T05:35:00,,,,0,,,,,,,,,,,,,
2024-02-24 07:00:00,975.5,16.0,98.0,1.1,11.0,4.6,32.0,0.0,,,,,,,,,,,2024-02-24T06:56:00,,,,0,,,,,,,,,,,,,
2024-02-24 08:00:00,976.0,17.2,96.0,0.5,5.0,4.2,34.0,0.0,,,,,,,,,,,2024-02-24T07:24:00,,,,0,,,,,,,,,,,,,
2024-02-24 09:00:00,976.3,19.2,88.0,1.2,58.0,4.0,43.0,0.0,,,,,,,,,,,2024-02-24T08:55:00,,,,0,,,,,,,,,,,,,
2024-02-24 10:00:00,976.2,21.3,82.0,0.4,66.0,4.0,74.0,0.0,,,,,,,,,,,2024-02-24T09:22:00,,,,0,,,,,,,,,,,,,
2024-02-24 11:00:00,975.6,22.2,78.0,0.6,105.0,3.1,51.0,0.0,,,,,,,,,,,2024-02-24T10:06:00,,,,0,,,,,,,,,,,,,
2024-02-24 12:00:00,974.7,22.1,84.0,1.2,70.0,4.2,71.0,0.0,,,,,,,,,,,2024-02-24T11:56:00,,,,0,,,,,,,,,,,,,
2024-02-24 13:00:00,973.9,22.0,83.0,1.3,82.0,6.4,100.0,0.0,,,,,,,,,,,2024-02-24T12:38:00,,,,0,,,,,,,,,,,,,
2024-02-24 14:00:00,973.5,20.6,83.0,1.6,84.0,5.9,70.0,0.0,,,,,,,,,,,2024-02-24T13:23:00,,,,0,,,,,,,,,,,,,
2024-02-24 15:00:00,973.4,19.3,91.0,1.4,70.0,4.6,54.0,0.0,,,,,,,,,,,2024-02-24T14:06:00,,,,0,,,,,,,,,,,,,
2024-02-24 16:00:00,973.7,19.1,91.0,1.7,61.0,5.1,65.0,0.0,,,,,,,,,,,2024-02-24T15:59:00,,,,0,,,,,,,,,,,,,
2024-02-24 17:00:00,974.0,18.7,92.0,1.5,57.0,4.8,50.0,0.0,,,,,,,,,,,2024-02-24T16:10:00,,,,0,,,,,,,,,,,,,
2024-02-24 18:00:00,974.1,18.3,92.0,1.2,55.0,4.1,75.0,0.0,,,,,,,,,,,2024-02-24T17:16:00,,,,0,,,,,,,,,,,,,
2024-02-24 19:00:00,974.6,18.0,92.0,0.5,147.0,2.2,66.0,0.0,,,,,,,,,,,2024-02-24T18:08:00,,,,0,,,,,,,,,,,,,
2024-02-24 20:00:00,975.0,18.2,94.0,0.3,285.0,2.4,209.0,0.0,,,,,,,,,,,2024-02-24T19:26:00,,,,0,,,,,,,,,,,,,
2024-02-24 21:00:00,975.1,18.0,96.0,0.4,35.0,1.8,314.0,0.0,,,,,,,,,,,2024-02-24T20:14:00,,,,0,,,,,,,,,,,,,
2024-02-24 22:00:00,975.0,17.6,97.0,1.3,328.0,2.3,3.0,0.0,,,,,,,,,,,2024-02-24T21:53:00,,,,0,,,,,,,,,,,,,
2024-02-24 23:00:00,974.8,17.2,98.0,1.3,357.0,2.4,5.0,0.0,,,,,,,,,,,2024-02-24T22:24:00,,,,0,,,,,,,,,,,,,
2024-02-25 00:00:00,974.8,17.2,97.0,0.8,349.0,4.7,351.0,0.0,,,,,,,,,,,2024-02-24T23:34:00,,,,0,,,,,,,,,,,,,
2024-02-25 01:00:00,974.3,17.0,97.0,1.7,330.0,3.7,328.0,0.0,,,,,,,,,,,2024-02-25T00:21:00,,,,0,,,,,,,,,,,,,
2024-02-25 02:00:00,973.5,16.9,99.0,2.1,47.0,3.7,332.0,0.0,,,,,,,,,,,2024-02-25T01:16:00,,,,0,,,,,,,,,,,,,
2024-02-25 03:00:00,973.3,16.6,99.0,0.9,21.0,3.0,40.0,0.0,,,,,,,,,,,2024-02-25T02:02:00,,,,0,,,,,,,,,,,,,
2024-02-25 04:00:00,973.3,16.8,99.0,1.7,318.0,4.1,322.0,0.0,,,,,,,,,,,2024-02-25T03:54:00,,,,0,,,,,,,,,,,,,
2024-02-25 05:00:00,973.3,16.9,99.0,1.3,316.0,3.7,346.0,0.0,,,,,,,,,,,2024-02-25T04:24:00,,,,0,,,,,,,,,,,,,
2024-02-25 06:00:00,973.8,16.8,99.0,1.0,27.0,4.3,28.0,0.0,,,,,,,,,,,2024-02-25T05:21:00,,,,0,,,,,,,,,,,,,
2024-02-25 07:00:00,974.6,16.9,99.0,0.6,11.0,4.8,323.0,0.0,,,,,,,,,,,2024-02-25T06:35:00,,,,0,,,,,,,,,,,,,
2024-02-25 08:00:00,975.4,17.3,98.0,0.3,339.0,4.0,70.0,0.0,,,,,,,,,,,2024-02-25T07:01:00,,,,0,,,,,,,,,,,,,
2024-02-25 09:00:00,975.8,19.5,92.0,0.0,0.0,5.3,316.0,0.0,,,,,,,,,,,2024-02-25T08:21:00,,,,0,,,,,,,,,,,,,
2024-02-25 10:00:00,975.8,22.8,79.0,0.6,62.0,3.2,39.0,0.0,,,,,,,,,,,2024-02-25T09:48:00,,,,0,,,,,,,,,,,,,
2024-02-25 11:00:00,975.2,20.6,82.0,1.1,64.0,3.6,101.0,0.0,,,,,,,,,,,2024-02-25T10:49:00,,,,0,,,,,,,,,,,,,
2024-02-25 12:00:00,974.1,20.4,84.0,2.0,63.0,6.1,46.0,0.0,,,,,,,,,,,2024-02-25T11:53:00,,,,0,,,,,,,,,,,,,
2024-02-25 13:00:00,973.4,19.8,86.0,1.3,71.0,6.6,67.0,0.0,,,,,,,,,,,2024-02-25T12:22:00,,,,0,,,,,,,,,,,,,
2024-02-25 14:00:00,972.9,20.9,83.0,1.3,68.0,5.3,44.0,0.0,,,,,,,,,,,2024-02-25T13:27:00,,,,0,,,,,,,,,,,,,
2024-02-25 15:00:00,972.6,19.1,86.0,2.2,52.0,6.5,54.0,0.0,,,,,,,,,,,2024-02-25T14:27:00,,,,0,,,,,,,,,,,,,
2024-02-25 16:00:00,972.9,18.4,92.0,0.3,38.0,4.3,62.0,0.0,,,,,,,,,,,2024-02-25T15:09:00,,,,0,,,,,,,,,,,,,
2024-02-25 17:00:00,973.5,17.4,97.0,0.2,0.0,2.0,48.0,0.0,,,,,,,,,,,2024-02-25T16:16:00,,,,0,,,,,,,,,,,,,
2024-02-25 18:00:00,974.0,16.4,99.0,0.2,0.0,1.8,20.0,0.0,,,,,,,,,,,2024-02-25T17:42:00,,,,0,,,,,,,,,,,,,
2024-02-25 19:00:00,974.7,15.8,100.0,0.2,0.0,2.1,333.0,0.0,,,,,,,,,,,2024-02-25T18:23:00,,,,0,,,,,,,,,,,,,
2024-02-25 20:00:00,975.3,15.3,100.0,0.7,6.0,3.7,40.0,0.0,,,,,,,,,,,2024-02-25T19:39:00,,,,0,,,,,,,,,,,,,
2024-02-25 21:00:00,975.5,14.9,100.0,0.4,323.0,3.5,330.0,0.5,,,,,,,,,,,2024-02-25T20:46:00,,,,0,,,,,,,,,,,,,
2024-02-25 22:00:00,975.7,14.6,100.0,0.4,2.0,3.0,3.0,0.0,,,,,,,,,,,2024-02-25T21:07:00,,,,0,,,,,,,,,,,,,
2024-02-25 23:00:00,975.7,14.4,100.0,0.5,40.0,3.3,28.0,0.0,,,,,,,,,,,2024-02-25T22:29:00,,,,0,,,,,,,,,,,,,
2024-02-26 00:00:00,975.6,13.9,100.0,0.3,349.0,2.9,16.0,0.0,,,,,,,,,,,2024-02-25T23:16:00,,,,0,,,,,,,,,,,,,
2024-02-26 01:00:00,975.2,13.7,100.0,0.5,340.0,3.6,310.0,0.0,,,,,,,,,,,2024-02-26T00:47:00,,,,0,,,,,,,,,,,,,
2024-02-26 02:00:00,974.8,13.6,100.0,0.8,332.0,5.0,4.0,0.0,,,,,,,,,,,2024-02-26T01:49:00,,,,0,,,,,,,,,,,,,
2024-02-26 03:00:00,974.8,13.9,100.0,1.5,323.0,4.5,320.0,0.0,,,,,,,,,,,2024-02-26T02:40:00,,,,0,,,,,,,,,,,,,
2024-02-26 04:00:00,974.8,13.7,100.0,0.6,332.0,5.4,15.0,0.0,,,,,,,,,,,2024-02-26T03:09:00,,,,0,,,,,,,,,,,,,
2024-02-26 05:00:00,975.3,13.4,100.0,0.4,5.0,4.0,31.0,0.0,,,,,,,,,,,2024-02-26T04:02:00,,,,0,,,,,,,,,,,,,
2024-02-26 06:00:00,976.0,13.4,100.0,1.1,315.0,3.7,8.0,0.0,,,,,,,,,,,2024-02-26T05:42:00,,,,0,,,,,,,,,,,,,
2024-02-26 07:00:00,976.3,13.4,100.0,0.7,337.0,4.8,308.0,0.0,,,,,,,,,,,2024-02-26T06:42:00,,,,0,,,,,,,,,,,,,
2024-02-26 08:00:00,976.7,13.9,100.0,0.1,0.0,2.9,312.0,0.0,,,,,,,,,,,2024-02-26T07:05:00,,,,0,,,,,,,,,,,,,
2024-02-26 09:00:00,977.3,14.9,97.0,0.7,334.0,4.8,327.0,0.0,,,,,,,,,,,2024-02-26T08:21:00,,,,0,,,,,,,,,,,,,
2024-02-26 10:00:00,977.6,15.6,95.0,0.2,0.0,4.0,334.0,0.0,,,,,,,,,,,2024-02-26T09:24:00,,,,0,,,,,,,,,,,,,
2024-02-26 11:00:00,976.9,16.5,91.0,0.8,323.0,4.4,329.0,0.0,,,,,,,,,,,2024-02-26T10:11:00,,,,0,,,,,,,,,,,,,
2024-02-26 12:00:00,975.7,19.3,84.0,0.4,65.0,2.9,324.0,0.0,,,,,,,,,,,2024-02-26T11:15:00,,,,0,,,,,,,,,,,,,
2024-02-26 13:00:00,974.8,18.4,86.0,0.0,0.0,2.5,69.0,0.0,,,,,,,,,,,2024-02-26T12:22:00,,,,0,,,,,,,,,,,,,
2024-02-26 14:00:00,974.1,17.2,88.0,0.0,0.0,0.9,237.0,0.0,,,,,,,,,,,2024-02-26T13:59:00,,,,0,,,,,,,,,,,,,
2024-02-26 15:00:00,973.7,16.4,92.0,0.1,0.0,2.2,275.0,0.0,,,,,,,,,,,2024-02-26T14:09:00,,,,0,,,,,,,,,,,,,
2024-02-26 16:00:00,973.6,16.4,94.0,0.1,0.0,1.3,263.0,0.0,,,,,,,,,,,2024-02-26T15:45:00,,,,0,,,,,,,,,,,,,
2024-02-26 17:00:00,974.1,15.7,99.0,0.0,0.0,1.2,271.0,0.0,,,,,,,,,,,2024-02-26T16:01:00,,,,0,,,,,,,,,,,,,
2024-02-26 18:00:00,974.3,15.2,100.0,0.9,319.0,2.0,329.0,0.0,,,,,,,,,,,2024-02-26T17:58:00,,,,0,,,,,,,,,,,,,
2024-02-26 19:00:00,974.7,15.1,100.0,0.8,20.0,2.8,31.0,0.0,,,,,,,,,,,2024-02-26T19:00:00,,,,0,,,,,,,,,,,,,
2024-02-26 20:00:00,974.9,14.7,100.0,0.8,355.0,3.3,15.0,0.0,,,,,,,,,,,2024-02-26T19:36:00,,,,0,,,,,,,,,,,,,
2024-02-26 21:00:00,975.0,14.0,100.0,0.3,316.0,4.3,1.0,0.0,,,,,,,,,,,2024-02-26T20:02:00,,,,0,,,,,,,,,,,,,
2024-02-26 22:00:00,975.2,13.7,100.0,2.1,319.0,4.7,360.0,0.0,,,,,,,,,,,2024-02-26T21:51:00,,,,0,,,,,,,,,,,,,
2024-02-26 23:00:00,974.8,13.8,100.0,1.7,320.0,4.4,329.0,0.0,,,,,,,,,,,2024-02-26T23:00:00,,,,0,,,,,,,,,,,,,
2024-02-27 00:00:00,974.6,14.0,100.0,1.6,329.0,4.8,3.0,0.0,,,,,,,,,,,2024-02-26T23:33:00,,,,0,,,,,,,,,,,,,
2024-02-27 01:00:00,974.2,14.0,100.0,1.4,327.0,4.1,3.0,0.0,,,,,,,,,,,2024-02-27T00:46:00,,,,0,,,,,,,,,,,,,
2024-02-27 02:00:00,974.0,13.9,100.0,2.0,337.0,4.3,347.0,0.0,,,,,,,,,,,2024-02-27T01:01:00,,,,0,,,,,,,,,,,,,
2024-02-27 03:00:00,973.9,13.9,100.0,1.7,320.0,3.7,318.0,0.0,,,,,,,,,,,2024-02-27T02:54:00,,,,0,,,,,,,,,,,,,
2024-02-27 04:00:00,974.1,13.9,100.0,1.3,325.0,4.8,321.0,0.0,,,,,,,,,,,2024-02-27T03:05:00,,,,0,,,,,,,,,,,,,
2024-02-27 05:00:00,974.4,13.9,100.0,1.3,354.0,3.9,2.0,0.0,,,,,,,,,,,2024-02-27T04:47:00,,,,0,,,,,,,,,,,,,
2024-02-27 06:00:00,975.1,13.8,100.0,1.0,332.0,5.5,321.0,0.0,,,,,,,,,,,2024-02-27T05:54:00,,,,0,,,,,,,,,,,,,
2024-02-27 07:00:00,975.5,14.0,100.0,1.2,326.0,5.2,314.0,0.0,,,,,,,,,,,2024-02-27T06:43:00,,,,0,,,,,,,,,,,,,
2024-02-27 08:00:00,976.2,14.7,98.0,0.9,322.0,5.0,330.0,0.0,,,,,,,,,,,2024-02-27T07:01:00,,,,0,,,,,,,,,,,,,
2024-02-27 09:00:00,976.5,15.3,97.0,1.7,327.0,5.8,3.0,0.0,,,,,,,,,,,2024-02-27T08:10:00,,,,0,,,,,,,,,,,,,
2024-02-27 10:00:00,976.6,16.2,95.0,0.8,330.0,3.2,337.0,0.0,,,,,,,,,,,2024-02-27T09:48:00,,,,0,,,,,,,,,,,,,
2024-02-27 11:00:00,976.3,17.4,90.0,0.6,352.0,3.1,8.0,0.0,,,,,,,,,,,2024-02-27T10:07:00,,,,0,,,,,,,,,,,,,
2024-02-27 12:00:00,975.6,18.6,82.0,0.5,60.0,2.0,31.0,0.0,,,,,,,,,,,2024-02-27T11:31:00,,,,0,,,,,,,,,,,,,
2024-02-27 13:00:00,974.7,21.0,76.0,0.1,0.0,2.0,66.0,0.0,,,,,,,,,,,2024-02-27T12:16:00,,,,0,,,,,,,,,,,,,
2024-02-27 14:00:00,973.8,20.8,77.0,0.3,44.0,2.1,63.0,0.0,,,,,,,,,,,2024-02-27T13:11:00,,,,0,,,,,,,,,,,,,
2024-02-27 15:00:00,973.4,20.2,80.0,0.7,54.0,2.9,55.0,0.0,,,,,,,,,,,2024-02-27T14:29:00,,,,0,,,,,,,,,,,,,
2024-02-27 16:00:00,973.4,17.6,92.0,1.6,55.0,4.6,39.0,0.0,,,,,,,,,,,2024-02-27T15:24:00,,,,0,,,,,,,,,,,,,
2024-02-27 17:00:00,973.6,17.4,92.0,0.0,0.0,3.3,31.0,0.0,,,,,,,,,,,2024-02-27T16:11:00,,,,0,,,,,,,,,,,,,
2024-02-27 18:00:00,974.0,16.3,96.0,0.3,346.0,2.3,284.0,0.0,,,,,,,,,,,2024-02-27T17:47:00,,,,0,,,,,,,,,,,,,
2024-02-27 19:00:00,974.5,16.0,99.0,0.8,319.0,2.6,327.0,0.0,,,,,,,,,,,2024-02-27T18:39:00,,,,0,,,,,,,,,,,,,
2024-02-27 20:00:00,975.1,15.5,100.0,0.6,319.0,3.9,326.0,0.0,,,,,,,,,,,2024-02-27T19:51:00,,,,0,,,,,,,,,,,,,
2024-02-27 21:00:00,975.3,14.9,100.0,1.6,323.0,4.6,334.0,0.0,,,,,,,,,,,2024-02-27T20:44:00,,,,0,,,,,,,,,,,,,
2024-02-27 22:00:00,975.4,14.7,100.0,1.1,325.0,4.4,353.0,0.0,,,,,,,,,,,2024-02-27T21:01:00,,,,0,,,,,,,,,,,,,
2024-02-27 23:00:00,975.4,14.6,100.0,0.4,341.0,4.9,321.0,0.0,,,,,,,,,,,2024-02-27T22:06:00,,,,0,,,,,,,,,,,,,
2024-02-28 00:00:00,975.0,14.4,100.0,0.3,350.0,4.1,333.0,0.0,,,,,,,,,,,2024-02-27T23:28:00,,,,0,,,,,,,,,,,,,
2024-02-28 01:00:00,974.7,14.7,100.0,1.0,315.0,4.5,9.0,0.0,,,,,,,,,,,2024-02-28T00:26:00,,,,0,,,,,,,,,,,,,
2024-02-28 02:00:00,974.4,14.8,99.0,0.9,336.0,4.9,318.0,0.0,,,,,,,,,,,2024-02-28T01:31:00,,,,0,,,,,,,,,,,,,
2024-02-28 03:00:00,974.0,15.0,98.0,0.4,313.0,4.5,6.0,0.0,,,,,,,,,,,2024-02-28T02:15:00,,,,0,,,,,,,,,,,,,
2024-02-28 04:00:00,973.8,15.0,97.0,1.0,350.0,4.4,308.0,0.0,,,,,,,,,,,2024-02-28T03:32:00,,,,0,,,,,,,,,,,,,
2024-02-28 05:00:00,974.1,15.2,97.0,0.7,333.0,4.8,272.0,0.0,,,,,,,,,,,2024-02-28T04:13:00,,,,0,,,,,,,,,,,,,
2024-02-28 06:00:00,974.4,15.2,96.0,1.3,309.0,3.5,316.0,0.0,,,,,,,,,,,2024-02-28T05:39:00,,,,0,,,,,,,,,,,,,
2024-02-28 07:00:00,974.9,15.6,96.0,1.3,323.0,2.7,296.0,0.0,,,,,,,,,,,2024-02-28T06:04:00,,,,0,,,,,,,,,,,,,
2024-02-28 08:00:00,975.1,17.0,92.0,0.7,28.0,3.4,53.0,0.0,,,,,,,,,,,2024-02-28T07:43:00,,,,0,,,,,,,,,,,,,
2024-02-28 09:00:00,975.2,21.5,76.0,0.4,39.0,2.6,41.0,0.0,,,,,,,,,,,2024-02-28T08:43:00,,,,0,,,,,,,,,,,,,
2024-02-28 10:00:00,974.7,23.0,71.0,0.2,0.0,2.9,42.0,0.0,,,,,,,,,,,2024-02-28T09:12:00,,,,0,,,,,,,,,,,,,
2024-02-28 11:00:00,973.8,24.1,69.0,0.5,117.0,3.4,47.0,0.0,,,,,,,,,,,2024-02-28T10:36:00,,,,0,,,,,,,,,,,,,
2024-02-28 12:00:00,972.7,22.1,74.0,0.4,76.0,4.5,76.0,0.0,,,,,,,,,,,2024-02-28T11:28:00,,,,0,,,,,,,,,,,,,
2024-02-28 13:00:00,971.6,21.1,82.0,0.8,65.0,4.3,66.0,0.0,,,,,,,,,,,2024-02-28T12:47:00,,,,0,,,,,,,,,,,,,
2024-02-28 14:00:00,971.1,19.1,85.0,1.2,103.0,5.6,76.0,0.0,,,,,,,,,,,2024-02-28T13:43:00,,,,0,,,,,,,,,,,,,
2024-02-28 15:00:00,970.9,18.4,93.0,1.0,103.0,5.2,90.0,0.0,,,,,,,,,,,2024-02-28T14:13:00,,,,0,,,,,,,,,,,,,
2024-02-28 16:00:00,970.8,17.8,99.0,0.0,0.0,4.2,110.0,0.0,,,,,,,,,,,2024-02-28T15:08:00,,,,0,,,,,,,,,,,,,
2024-02-28 17:00:00,971.3,17.6,100.0,0.0,0.0,0.5,202.0,1.0,,,,,,,,,,,2024-02-28T16:52:00,,,,0,,,,,,,,,,,,,
2024-02-28 18:00:00,971.7,17.3,100.0,0.0,0.0,0.9,188.0,0.0,,,,,,,,,,,2024-02-28T17:21:00,,,,0,,,,,,,,,,,,,
2024-02-28 19:00:00,972.4,16.6,100.0,0.0,0.0,0.0,0.0,0.5,,,,,,,,,,,2024-02-28T18:05:00,,,,0,,,,,,,,,,,,,
2024-02-28 20:00:00,972.9,17.0,100.0,0.0,0.0,0.6,271.0,0.5,,,,,,,,,,,2024-02-28T19:11:00,,,,0,,,,,,,,,,,,,
2024-02-28 21:00:00,973.3,17.3,100.0,0.0,0.0,1.3,304.0,0.0,,,,,,,,,,,2024-02-28T21:00:00,,,,0,,,,,,,,,,,,,
2024-02-28 22:00:00,973.3,17.1,100.0,0.0,0.0,1.6,267.0,1.0,,,,,,,,,,,2024-02-28T21:51:00,,,,0,,,,,,,,,,,,,
2024-02-28 23:00:00,973.2,17.6,100.0,1.4,291.0,3.6,279.0,0.5,,,,,,,,,,,2024-02-28T22:14:00,,,,0,,,,,,,,,,,,,
2024-02-29 00:00:00,973.2,17.3,100.0,1.4,340.0,2.4,6.0,0.0,,,,,,,,,,,2024-02-28T23:59:00,,,,0,,,,,,,,,,,,,
2024-02-29 01:00:00,972.9,17.3,99.0,2.0,1.0,3.2,5.0,0.0,,,,,,,,,,,2024-02-29T00:04:00,,,,0,,,,,,,,,,,,,
2024-02-29 02:00:00,972.8,16.9,100.0,1.6,322.0,3.4,332.0,0.0,,,,,,,,,,,2024-02-29T01:53:00,,,,0,,,,,,,,,,,,,
2024-02-29 03:00:00,972.4,17.8,98.0,1.3,349.0,2.6,307.0,0.0,,,,,,,,,,,2024-02-29T02:07:00,,,,0,,,,,,,,,,,,,
2024-02-29 04:00:00,971.9,17.8,96.0,1.4,4.0,2.1,7.0,0.0,,,,,,,,,,,2024-02-29T03:35:00,,,,0,,,,,,,,,,,,,
2024-02-29 05:00:00,971.8,17.8,94.0,1.4,357.0,2.4,14.0,0.0,,,,,,,,,,,2024-02-29T04:08:00,,,,0,,,,,,,,,,,,,
2024-02-29 06:00:00,972.0,17.0,98.0,1.1,323.0,3.0,46.0,0.0,,,,,,,,,,,2024-02-29T05:08:00,,,,0,,,,,,,,,,,,,
2024-02-29 07:00:00,972.5,18.1,92.0,1.2,312.0,2.0,338.0,0.0,,,,,,,,,,,2024-02-29T06:03:00,,,,0,,,,,,,,,,,,,
2024-02-29 08:00:00,973.1,18.8,88.0,0.9,38.0,1.8,53.0,0.0,,,,,,,,,,,2024-02-29T07:40:00,,,,0,,,,,,,,,,,,,
2024-02-29 09:00:00,973.0,18.3,97.0,0.6,238.0,2.3,306.0,0.0,,,,,,,,,,,2024-02-29T08:32:00,,,,0,,,,,,,,,,,,,
2024-02-29 10:00:00,972.5,19.1,95.0,1.5,307.0,3.3,322.0,0.0,,,,,,,,,,,2024-02-29T09:41:00,,,,0,,,,,,,,,,,,,
2024-02-29 11:00:00,972.0,22.2,86.0,0.1,0.0,2.4,318.0,0.0,,,,,,,,,,,2024-02-29T10:01:00,,,,0,,,,,,,,,,,,,
2024-02-29 12:00:00,970.9,24.5,78.0,0.6,163.0,3.1,205.0,0.0,,,,,,,,,,,2024-02-29T11:57:00,,,,0,,,,,,,,,,,,,
2024-02-29 13:00:00,969.5,23.7,77.0,1.3,165.0,5.2,162.0,0.0,,,,,,,,,,,2024-02-29T12:32:00,,,,0,,,,,,,,,,,,,
2024-02-29 14:00:00,968.4,23.7,78.0,1.2,163.0,6.0,212.0,0.0,,,,,,,,,,,2024-02-29T13:40:00,,,,0,,,,,,,,,,,,,
2024-02-29 15:00:00,968.4,23.5,79.0,1.2,177.0,5.2,194.0,0.0,,,,,,,,,,,2024-02-29T14:15:00,,,,0,,,,,,,,,,,,,
2024-02-29 16:00:00,968.5,22.1,87.0,1.3,175.0,5.3,202.0,0.0,,,,,,,,,,,2024-02-29T15:23:00,,,,0,,,,,,,,,,,,,
2024-02-29 17:00:00,968.9,21.5,93.0,0.5,168.0,4.1,153.0,0.0,,,,,,,,,,,2024-02-29T16:19:00,,,,0,,,,,,,,,,,,,
2024-02-29 18:00:00,969.5,21.0,97.0,1.3,131.0,4.0,114.0,0.0,,,,,,,,,,,2024-02-29T18:00:00,,,,0,,,,,,,,,,,,,
2024-02-29 19:00:00,969.9,20.8,100.0,2.7,116.0,5.5,114.0,0.0,,,,,,,,,,,2024-02-29T18:57:00,,,,0,,,,,,,,,,,,,
2024-02-29 20:00:00,970.6,20.7,100.0,1.1,109.0,5.0,112.0,3.5,,,,,,,,,,,2024-02-29T19:04:00,,,,0,,,,,,,,,,,,,
2024-02-29 21:00:00,971.2,20.4,100.0,0.6,38.0,2.8,311.0,2.5,,,,,,,,,,,2024-02-29T20:44:00,,,,0,,,,,,,,,,,,,
2024-02-29 22:00:00,971.3,19.9,100.0,0.3,358.0,2.2,4.0,0.0,,,,,,,,,,,2024-02-29T21:03:00,,,,0,,,,,,,,,,,,,
2024-02-29 23:00:00,971.5,19.5,100.0,1.4,61.0,3.4,32.0,0.0,,,,,,,,,,,2024-02-29T22:47:00,,,,0,,,,,,,,,,,,,
2024-03-01 00:00:00,971.1,19.7,100.0,0.6,49.0,4.2,33.0,0.0,,,,,,,,,,,2024-02-29T23:35:00,,,,0,,,,,,,,,,,,,
2024-03-01 01:00:00,971.0,19.0,100.0,1.1,47.0,4.3,32.0,0.0,,,,,,,,,,,2024-03-01T00:26:00,,,,0,,,,,,,,,,,,,
2024-03-01 02:00:00,970.9,18.3,100.0,0.9,45.0,5.3,56.0,0.0,,,,,,,,,,,2024-03-01T01:02:00,,,,0,,,,,,,,,,,,,
2024-03-01 03:00:00,970.9,17.9,100.0,1.0,54.0,2.7,42.0,0.0,,,,,,,,,,,2024-03-01T02:52:00,,,,0,,,,,,,,,,,,,
2024-03-01 04:00:00,971.0,17.8,100.0,0.9,53.0,3.3,60.0,0.0,,,,,,,,,,,2024-03-01T03:52:00,,,,0,,,,,,,,,,,,,
2024-03-01 05:00:00,971.5,17.2,100.0,1.4,60.0,5.4,61.0,0.0,,,,,,,,,,,2024-03-01T05:00:00,,,,0,,,,,,,,,,,,,
2024-03-01 06:00:00,972.2,16.4,100.0,1.8,50.0,5.9,50.0,0.5,,,,,,,,,,,2024-03-01T05:53:00,,,,0,,,,,,,,,,,,,
2024-03-01 07:00:00,973.1,15.8,100.0,0.5,39.0,6.0,54.0,1.0,,,,,,,,,,,2024-03-01T06:29:00,,,,0,,,,,,,,,,,,,
2024-03-01 08:00:00,974.0,15.9,100.0,0.2,0.0,3.1,66.0,0.5,,,,,,,,,,,2024-03-01T07:54:00,,,,0,,,,,,,,,,,,,
2024-03-01 09:00:00,974.3,15.7,100.0,0.4,48.0,2.4,50.0,0.0,,,,,,,,,,,2024-03-01T08:37:00,,,,0,,,,,,,,,,,,,
2024-03-01 10:00:00,974.5,15.9,100.0,0.5,55.0,2.9,76.0,0.0,,,,,,,,,,,2024-03-01T09:34:00,,,,0,,,,,,,,,,,,,
2024-03-01 11:00:00,974.0,16.0,100.0,0.9,65.0,2.9,55.0,0.0,,,,,,,,,,,2024-03-01T10:44:00,,,,0,,,,,,,,,,,,,
2024-03-01 12:00:00,973.1,16.9,95.0,1.0,60.0,4.4,26.0,0.0,,,,,,,,,,,2024-03-01T11:47:00,,,,0,,,,,,,,,,,,,
2024-03-01 13:00:00,972.4,16.1,95.0,1.8,54.0,5.0,66.0,0.0,,,,,,,,,,,2024-03-01T12:23:00,,,,0,,,,,,,,,,,,,
2024-03-01 14:00:00,971.8,15.9,97.0,1.0,58.0,4.0,73.0,0.0,,,,,,,,,,,2024-03-01T13:08:00,,,,0,,,,,,,,,,,,,
2024-03-01 15:00:00,971.4,15.9,100.0,0.6,50.0,4.5,42.0,0.0,,,,,,,,,,,2024-03-01T14:21:00,,,,0,,,,,,,,,,,,,
2024-03-01 16:00:00,971.8,15.5,100.0,0.2,0.0,2.1,47.0,0.0,,,,,,,,,,,2024-03-01T15:04:00,,,,0,,,,,,,,,,,,,
2024-03-01 17:00:00,972.0,14.9,100.0,0.2,0.0,3.4,39.0,0.0,,,,,,,,,,,2024-03-01T16:35:00,,,,0,,,,,,,,,,,,,
2024-03-01 18:00:00,972.2,14.0,100.0,0.4,13.0,3.1,65.0,0.0,,,,,,,,,,,2024-03-01T17:04:00,,,,0,,,,,,,,,,,,,
2024-03-01 19:00:00,972.8,13.7,100.0,0.4,55.0,4.6,49.0,0.0,,,,,,,,,,,2024-03-01T18:38:00,,,,0,,,,,,,,,,,,,
2024-03-01 20:00:00,973.4,13.2,99.0,0.5,48.0,3.8,38.0,0.0,,,,,,,,,,,2024-03-01T19:15:00,,,,0,,,,,,,,,,,,,
2024-03-01 21:00:00,974.2,13.4,97.0,0.5,100.0,5.0,71.0,0.0,,,,,,,,,,,2024-03-01T20:09:00,,,,0,,,,,,,,,,,,,
2024-03-01 22:00:00,974.4,13.3,97.0,0.9,6.0,5.8,37.0,0.0,,,,,,,,,,,2024-03-01T21:55:00,,,,0,,,,,,,,,,,,,
2024-03-01 23:00:00,974.2,12.9,97.0,0.5,94.0,4.9,22.0,0.0,,,,,,,,,,,2024-03-01T22:40:00,,,,0,,,,,,,,,,,,,
2024-03-02 00:00:00,974.2,13.1,97.0,0.4,350.0,5.6,50.0,0.0,,,,,,,,,,,2024-03-01T23:22:00,,,,0,,,,,,,,,,,,,
2024-03-02 01:00:00,974.2,12.9,98.0,0.7,28.0,6.0,13.0,0.0,,,,,,,,,,,2024-03-02T00:58:00,,,,0,,,,,,,,,,,,,
2024-03-02 02:00:00,973.8,12.7,97.0,0.7,58.0,5.1,353.0,0.0,,,,,,,,,,,2024-03-02T01:25:00,,,,0,,,,,,,,,,,,,
2024-03-02 03:00:00,,,,,,3.5,96.0,0.0,,,,,,,,,,,2024-03-02T02:10:00,,,,0,,,,,,,,,,,,,
2024-03-02 04:00:00,973.2,12.2,97.0,0.5,45.0,4.4,326.0,0.0,,,,,,,,,,,2024-03-02T03:56:00,,,,0,,,,,,,,,,,,,
2024-03-02 05:00:00,973.9,12.0,98.0,0.5,11.0,3.0,49.0,0.0,,,,,,,,,,,2024-03-02T04:39:00,,,,0,,,,,,,,,,,,,
2024-03-02 06:00:00,974.3,12.0,97.0,1.0,9.0,5.0,24.0,0.0,,,,,,,,,,,2024-03-02T05:45:00,,,,0,,,,,,,,,,,,,
2024-03-02 07:00:00,974.8,12.0,96.0,0.7,45.0,6.1,24.0,0.0,,,,,,,,,,,2024-03-02T06:17:00,,,,0,,,,,,,,,,,,,
2024-03-02 08:00:00,974.8,11.8,100.0,0.4,308.0,5.0,18.0,0.5,,,,,,,,,,,2024-03-02T07:02:00,,,,0,,,,,,,,,,,,,
2024-03-02 09:00:00,975.2,12.9,99.0,0.5,25.0,4.1,9.0,0.0,,,,,,,,,,,2024-03-02T08:50:00,,,,0,,,,,,,,,,,,,
2024-03-02 10:00:00,975.5,13.1,95.0,1.0,319.0,5.0,322.0,0.0,,,,,,,,,,,2024-03-02T09:53:00,,,,0,,,,,,,,,,,,,
2024-03-02 11:00:00,975.0,12.3,100.0,2.3,325.0,5.3,321.0,0.5,,,,,,,,,,,2024-03-02T10:02:00,,,,0,,,,,,,,,,,,,
2024-03-02 12:00:00,974.1,13.5,99.0,0.5,1.0,4.6,320.0,0.0,,,,,,,,,,,2024-03-02T11:01:00,,,,0,,,,,,,,,,,,,
2024-03-02 13:00:00,973.3,13.1,100.0,1.0,2.0,3.4,335.0,0.0,,,,,,,,,,,2024-03-02T12:39:00,,,,0,,,,,,,,,,,,,
2024-03-02 14:00:00,972.5,12.6,99.0,1.2,317.0,4.9,322.0,0.0,,,,,,,,,,,2024-03-02T13:50:00,,,,0,,,,,,,,,,,,,
2024-03-02 15:00:00,972.1,12.4,100.0,0.7,320.0,3.0,352.0,0.0,,,,,,,,,,,2024-03-02T14:24:00,,,,0,,,,,,,,,,,,,
2024-03-02 16:00:00,971.8,12.7,100.0,1.2,319.0,2.9,24.0,0.0,,,,,,,,,,,2024-03-02T15:30:00,,,,0,,,,,,,,,,,,,
2024-03-02 17:00:00,972.2,13.1,99.0,1.3,328.0,2.7,326.0,0.0,,,,,,,,,,,2024-03-02T16:08:00,,,,0,,,,,,,,,,,,,
2024-03-02 18:00:00,972.7,13.1,99.0,2.0,311.0,3.9,294.0,0.0,,,,,,,,,,,2024-03-02T17:59:00,,,,0,,,,,,,,,,,,,
2024-03-02 19:00:00,973.1,13.1,99.0,0.8,354.0,3.3,306.0,0.0,,,,,,,,,,,2024-03-02T18:04:00,,,,0,,,,,,,,,,,,,
2024-03-02 20:00:00,973.5,13.3,99.0,0.5,5.0,3.0,355.0,0.0,,,,,,,,,,,2024-03-02T19:01:00,,,,0,,,,,,,,,,,,,
2024-03-02 21:00:00,973.5,12.9,100.0,1.1,341.0,2.8,360.0,0.0,,,,,,,,,,,2024-03-02T20:19:00,,,,0,,,,,,,,,,,,,
2024-03-02 22:00:00,973.1,13.2,99.0,0.9,344.0,4.5,10.0,0.0,,,,,,,,,,,2024-03-02T21:32:00,,,,0,,,,,,,,,,,,,
2024-03-02 23:00:00,973.2,13.5,98.0,0.6,13.0,2.6,18.0,0.0,,,,,,,,,,,2024-03-02T22:42:00,,,,0,,,,,,,,,,,,,
2024-03-03 00:00:00,973.0,13.5,99.0,1.2,351.0,3.2,2.0,0.0,,,,,,,,,,,2024-03-02T23:27:00,,,,0,,,,,,,,,,,,,
2024-03-03 01:00:00,972.9,13.7,98.0,1.3,12.0,3.2,3.0,0.0,,,,,,,,,,,2024-03-03T00:48:00,,,,0,,,,,,,,,,,,,
2024-03-03 02:00:00,972.7,13.3,99.0,1.7,315.0,4.2,328.0,0.0,,,,,,,,,,,2024-03-03T01:54:00,,,,0,,,,,,,,,,,,,
2024-03-03 03:00:00,972.3,13.1,100.0,1.7,318.0,3.7,319.0,0.0,,,,,,,,,,,2024-03-03T02:54:00,,,,0,,,,,,,,,,,,,
2024-03-03 04:00:00,972.3,13.0,100.0,1.4,325.0,4.9,317.0,0.0,,,,,,,,,,,2024-03-03T03:05:00,,,,0,,,,,,,,,,,,,
2024-03-03 05:00:00,972.9,13.0,100.0,0.7,324.0,3.6,333.0,0.0,,,,,,,,,,,2024-03-03T04:36:00,,,,0,,,,,,,,,,,,,
2024-03-03 06:00:00,973.5,13.0,100.0,0.3,358.0,4.3,309.0,0.0,,,,,,,,,,,2024-03-03T05:28:00,,,,0,,,,,,,,,,,,,
2024-03-03 07:00:00,973.6,13.2,100.0,1.0,327.0,6.3,7.0,0.0,,,,,,,,,,,2024-03-03T06:39:00,,,,0,,,,,,,,,,,,,
2024-03-03 08:00:00,974.0,14.0,98.0,1.0,320.0,5.5,348.0,0.0,,,,,,,,,,,2024-03-03T07:41:00,,,,0,,,,,,,,,,,,,
2024-03-03 09:00:00,974.3,15.3,94.0,0.4,331.0,4.0,2.0,0.0,,,,,,,,,,,2024-03-03T08:37:00,,,,0,,,,,,,,,,,,,
2024-03-03 10:00:00,974.1,16.7,90.0,0.6,337.0,2.7,8.0,0.0,,,,,,,,,,,2024-03-03T09:32:00,,,,0,,,,,,,,,,,,,
2024-03-03 11:00:00,973.5,18.8,84.0,0.1,0.0,3.0,27.0,0.0,,,,,,,,,,,2024-03-03T10:08:00,,,,0,,,,,,,,,,,,,
2024-03-03 12:00:00,972.6,18.8,83.0,0.2,0.0,1.9,67.0,0.0,,,,,,,,,,,2024-03-03T11:19:00,,,,0,,,,,,,,,,,,,
2024-03-03 13:00:00,971.2,19.6,79.0,0.3,5.0,1.3,307.0,0.0,,,,,,,,,,,2024-03-03T12:53:00,,,,0,,,,,,,,,,,,,
2024-03-03 14:00:00,970.4,18.6,83.0,0.8,77.0,3.5,116.0,0.0,,,,,,,,,,,2024-03-03T13:59:00,,,,0,,,,,,,,,,,,,
2024-03-03 15:00:00,969.9,18.3,89.0,0.6,61.0,4.2,65.0,0.0,,,,,,,,,,,2024-03-03T14:31:00,,,,0,,,,,,,,,,,,,
2024-03-03 16:00:00,970.0,17.3,91.0,1.1,63.0,4.0,77.0,0.0,,,,,,,,,,,2024-03-03T15:58:00,,,,0,,,,,,,,,,,,,
2024-03-03 17:00:00,970.5,16.7,93.0,1.7,55.0,4.7,68.0,0.0,,,,,,,,,,,2024-03-03T16:17:00,,,,0,,,,,,,,,,,,,
2024-03-03 18:00:00,971.0,16.2,95.0,2.1,53.0,5.0,45.0,0.0,,,,,,,,,,,2024-03-03T17:09:00,,,,0,,,,,,,,,,,,,
2024-03-03 19:00:00,971.2,16.0,95.0,0.8,48.0,4.4,36.0,0.0,,,,,,,,,,,2024-03-03T18:15:00,,,,0,,,,,,,,,,,,,
2024-03-03 20:00:00,971.6,16.3,95.0,1.0,293.0,1.9,272.0,0.0,,,,,,,,,,,2024-03-03T19:38:00,,,,0,,,,,,,,,,,,,
2024-03-03 21:00:00,971.9,15.9,96.0,0.6,33.0,3.0,37.0,0.0,,,,,,,,,,,2024-03-03T20:45:00,,,,0,,,,,,,,,,,,,
2024-03-03 22:00:00,972.2,15.8,95.0,0.7,349.0,3.3,52.0,0.0,,,,,,,,,,,2024-03-03T21:55:00,,,,0,,,,,,,,,,,,,
2024-03-03 23:00:00,971.8,15.8,93.0,1.2,311.0,5.7,320.0,0.0,,,,,,,,,,,2024-03-03T22:44:00,,,,0,,,,,,,,,,,,,
2024-03-04 00:00:00,971.7,15.1,95.0,1.0,5.0,3.2,35.0,0.0,,,,,,,,,,,2024-03-03T23:54:00,,,,0,,,,,,,,,,,,,
2024-03-04 01:00:00,971.5,14.9,97.0,1.2,327.0,3.7,44.0,0.0,,,,,,,,,,,2024-03-04T00:34:00,,,,0,,,,,,,,,,,,,
2024-03-04 02:00:00,970.8,14.9,97.0,1.4,322.0,3.3,16.0,0.0,,,,,,,,,,,2024-03-04T01:12:00,,,,0,,,,,,,,,,,,,
2024-03-04 03:00:00,970.4,15.4,93.0,1.6,302.0,2.9,319.0,0.0,,,,,,,,,,,2024-03-04T02:08:00,,,,0,,,,,,,,,,,,,
2024-03-04 04:00:00,970.2,15.4,91.0,1.4,312.0,3.4,319.0,0.0,,,,,,,,,,,2024-03-04T03:21:00,,,,0,,,,,,,,,,,,,
2024-03-04 05:00:00,970.1,15.2,90.0,1.6,321.0,5.0,326.0,0.0,,,,,,,,,,,2024-03-04T04:20:00,,,,0,,,,,,,,,,,,,
2024-03-04 06:00:00,970.9,15.1,90.0,1.0,338.0,3.6,2.0,0.0,,,,,,,,,,,2024-03-04T05:23:00,,,,0,,,,,,,,,,,,,
2024-03-04 07:00:00,971.4,15.9,86.0,1.7,308.0,3.6,24.0,0.0,,,,,,,,,,,2024-03-04T06:02:00,,,,0,,,,,,,,,,,,,
2024-03-04 08:00:00,971.7,17.2,81.0,1.1,308.0,2.2,302.0,0.0,,,,,,,,,,,2024-03-04T07:07:00,,,,0,,,,,,,,,,,,,
2024-03-04 09:00:00,971.5,19.3,74.0,0.8,335.0,2.0,24.0,0.0,,,,,,,,,,,2024-03-04T08:58:00,,,,0,,,,,,,,,,,,,
2024-03-04 10:00:00,971.5,25.1,65.0,0.0,0.0,1.7,46.0,0.0,,,,,,,,,,,2024-03-04T09:04:00,,,,0,,,,,,,,,,,,,
2024-03-04 11:00:00,970.7,24.3,59.0,0.2,0.0,2.5,128.0,0.0,,,,,,,,,,,2024-03-04T10:50:00,,,,0,,,,,,,,,,,,,
2024-03-04 12:00:00,969.6,24.4,65.0,0.6,122.0,5.9,93.0,0.0,,,,,,,,,,,2024-03-04T11:43:00,,,,0,,,,,,,,,,,,,
2024-03-04 13:00:00,968.5,22.9,68.0,0.3,160.0,4.0,112.0,0.0,,,,,,,,,,,2024-03-04T12:05:00,,,,0,,,,,,,,,,,,,
2024-03-04 14:00:00,967.5,24.8,65.0,0.4,134.0,3.2,197.0,0.0,,,,,,,,,,,2024-03-04T13:02:00,,,,0,,,,,,,,,,,,,
2024-03-04 15:00:00,967.1,21.8,76.0,0.3,162.0,3.5,214.0,0.0,,,,,,,,,,,2024-03-04T14:43:00,,,,0,,,,,,,,,,,,,
2024-03-04 16:00:00,967.3,20.6,85.0,0.4,165.0,2.4,217.0,0.0,,,,,,,,,,,2024-03-04T15:23:00,,,,0,,,,,,,,,,,,,
2024-03-04 17:00:00,967.5,21.2,83.0,0.1,0.0,2.1,203.0,0.0,,,,,,,,,,,2024-03-04T16:39:00,,,,0,,,,,,,,,,,,,
2024-03-04 18:00:00,967.3,20.3,84.0,1.1,186.0,2.3,188.0,0.0,,,,,,,,,,,2024-03-04T17:58:00,,,,0,,,,,,,,,,,,,
2024-03-04 19:00:00,967.7,20.4,85.0,0.9,178.0,2.9,181.0,0.0,,,,,,,,,,,2024-03-04T18:43:00,,,,0,,,,,,,,,,,,,
2024-03-04 20:00:00,967.8,20.1,87.0,0.8,165.0,2.2,188.0,0.0,,,,,,,,,,,2024-03-04T19:01:00,,,,0,,,,,,,,,,,,,
2024-03-04 21:00:00,968.2,19.8,92.0,1.3,206.0,4.4,201.0,0.0,,,,,,,,,,,2024-03-04T21:00:00,,,,0,,,,,,,,,,,,,
2024-03-04 22:00:00,968.2,21.1,83.0,1.2,181.0,4.6,187.0,0.0,,,,,,,,,,,2024-03-04T21:01:00,,,,0,,,,,,,,,,,,,
2024-03-04 23:00:00,967.9,21.0,84.0,0.9,161.0,3.5,196.0,0.0,,,,,,,,,,,2024-03-04T22:17:00,,,,0,,,,,,,,,,,,,
2024-03-05 00:00:00,967.7,20.4,87.0,1.0,200.0,3.5,201.0,0.0,,,,,,,,,,,2024-03-04T23:26:00,,,,0,,,,,,,,,,,,,
2024-03-05 01:00:00,967.3,20.3,86.0,1.1,190.0,4.2,199.0,0.0,,,,,,,,,,,2024-03-05T00:30:00,,,,0,,,,,,,,,,,,,
2024-03-05 02:00:00,966.6,19.9,89.0,1.0,211.0,5.9,211.0,0.0,,,,,,,,,,,2024-03-05T01:40:00,,,,0,,,,,,,,,,,,,
2024-03-05 03:00:00,966.0,20.9,89.0,1.1,164.0,5.4,203.0,0.0,,,,,,,,,,,2024-03-05T02:32:00,,,,0,,,,,,,,,,,,,
2024-03-05 04:00:00,965.8,20.4,90.0,1.1,184.0,4.9,198.0,0.0,,,,,,,,,,,2024-03-05T03:10:00,,,,0,,,,,,,,,,,,,
2024-03-05 05:00:00,966.0,20.8,90.0,1.3,178.0,4.8,197.0,0.0,,,,,,,,,,,2024-03-05T04:44:00,,,,0,,,,,,,,,,,,,
2024-03-05 06:00:00,966.1,20.6,92.0,0.9,169.0,4.4,186.0,0.0,,,,,,,,,,,2024-03-05T05:19:00,,,,0,,,,,,,,,,,,,
2024-03-05 07:00:00,966.5,21.2,95.0,1.6,173.0,6.0,198.0,0.0,,,,,,,,,,,2024-03-05T06:42:00,,,,0,,,,,,,,,,,,,
2024-03-05 08:00:00,966.6,22.6,87.0,1.1,151.0,3.2,194.0,0.0,,,,,,,,,,,2024-03-05T07:04:00,,,,0,,,,,,,,,,,,,
2024-03-05 09:00:00,966.3,25.2,74.0,1.2,151.0,2.8,155.0,0.0,,,,,,,,,,,2024-03-05T08:48:00,,,,0,,,,,,,,,,,,,
2024-03-05 10:00:00,965.7,25.9,76.0,1.4,158.0,3.9,201.0,0.0,,,,,,,,,,,2024-03-05T09:33:00,,,,0,,,,,,,,,,,,,
2024-03-05 11:00:00,964.8,25.4,78.0,2.5,168.0,6.3,182.0,0.0,,,,,,,,,,,2024-03-05T10:44:00,,,,0,,,,,,,,,,,,,
2024-03-05 12:00:00,963.5,27.6,59.0,2.4,163.0,8.1,182.0,0.0,,,,,,,,,,,2024-03-05T11:55:00,,,,0,,,,,,,,,,,,,
2024-03-05 13:00:00,962.6,30.3,40.0,0.9,180.0,6.8,187.0,0.0,,,,,,,,,,,2024-03-05T12:19:00,,,,0,,,,,,,,,,,,,
2024-03-05 14:00:00,961.6,31.4,40.0,1.1,182.0,6.8,201.0,0.0,,,,,,,,,,,2024-03-05T13:12:00,,,,0,,,,,,,,,,,,,
2024-03-05 15:00:00,961.2,31.3,40.0,0.6,181.0,4.8,209.0,0.0,,,,,,,,,,,2024-03-05T14:42:00,,,,0,,,,,,,,,,,,,
2024-03-05 16:00:00,960.9,30.5,40.0,0.6,202.0,5.4,205.0,0.0,,,,,,,,,,,2024-03-05T15:04:00,,,,0,,,,,,,,,,,,,
2024-03-05 17:00:00,960.9,27.5,44.0,0.7,180.0,4.5,195.0,0.0,,,,,,,,,,,2024-03-05T16:25:00,,,,0,,,,,,,,,,,,,
2024-03-05 18:00:00,961.2,27.1,46.0,1.6,187.0,4.9,187.0,0.0,,,,,,,,,,,2024-03-05T17:43:00,,,,0,,,,,,,,,,,,,
2024-03-05 19:00:00,961.5,26.3,49.0,1.6,203.0,4.9,193.0,0.0,,,,,,,,,,,2024-03-05T18:43:00,,,,0,,,,,,,,,,,,,
2024-03-05 20:00:00,961.9,26.1,53.0,1.4,181.0,5.3,199.0,0.0,,,,,,,,,,,2024-03-05T19:12:00,,,,0,,,,,,,,,,,,,
2024-03-05 21:00:00,962.1,25.5,58.0,1.9,179.0,6.2,193.0,0.0,,,,,,,,,,,2024-03-05T20:10:00,,,,0,,,,,,,,,,,,,
2024-03-05 22:00:00,962.2,25.6,58.0,1.5,160.0,6.3,215.0,0.0,,,,,,,,,,,2024-03-05T21:04:00,,,,0,,,,,,,,,,,,,
2024-03-05 23:00:00,962.3,25.5,61.0,1.3,163.0,6.9,201.0,0.0,,,,,,,,,,,2024-03-05T22:20:00,,,,0,,,,,,,,,,,,,
2024-03-06 00:00:00,961.8,25.4,61.0,2.1,168.0,6.4,199.0,0.0,,,,,,,,,,,2024-03-06T00:00:00,,,,0,,,,,,,,,,,,,
2024-03-06 01:00:00,961.5,25.2,61.0,2.1,176.0,7.0,178.0,0.0,,,,,,,,,,,2024-03-06T00:16:00,,,,0,,,,,,,,,,,,,
2024-03-06 02:00:00,961.3,25.8,56.0,1.8,167.0,5.7,187.0,0.0,,,,,,,,,,,2024-03-06T01:10:00,,,,0,,,,,,,,,,,,,
2024-03-06 03:00:00,961.2,25.9,52.0,1.7,222.0,4.9,207.0,0.0,,,,,,,,,,,2024-03-06T02:36:00,,,,0,,,,,,,,,,,,,
2024-03-06 04:00:00,960.8,26.7,47.0,3.4,260.0,15.3,266.0,0.0,,,,,,,,,,,2024-03-06T03:49:00,,,,0,,,,,,,,,,,,,
2024-03-06 05:00:00,961.6,26.1,49.0,2.1,250.0,12.1,266.0,0.0,,,,,,,,,,,2024-03-06T04:11:00,,,,0,,,,,,,,,,,,,
2024-03-06 06:00:00,962.7,22.1,71.0,2.5,49.0,5.2,81.0,0.0,,,,,,,,,,,2024-03-06T05:54:00,,,,0,,,,,,,,,,,,,
2024-03-06 07:00:00,964.1,21.1,74.0,2.1,324.0,4.7,59.0,0.0,,,,,,,,,,,2024-03-06T06:04:00,,,,0,,,,,,,,,,,,,
2024-03-06 08:00:00,965.1,24.9,66.0,0.9,65.0,3.7,338.0,0.0,,,,,,,,,,,2024-03-06T07:04:00,,,,0,,,,,,,,,,,,,
2024-03-06 09:00:00,965.9,27.7,62.0,0.6,101.0,3.8,40.0,0.0,,,,,,,,,,,2024-03-06T08:11:00,,,,0,,,,,,,,,,,,,
2024-03-06 10:00:00,965.7,28.1,63.0,0.7,99.0,4.8,103.0,0.0,,,,,,,,,,,2024-03-06T10:00:00,,,,0,,,,,,,,,,,,,
2024-03-06 11:00:00,965.4,26.2,75.0,1.8,63.0,7.2,77.0,0.0,,,,,,,,,,,2024-03-06T10:53:00,,,,0,,,,,,,,,,,,,
2024-03-06 12:00:00,965.1,25.5,76.0,1.7,62.0,8.0,104.0,0.0,,,,,,,,,,,2024-03-06T11:32:00,,,,0,,,,,,,,,,,,,
2024-03-06 13:00:00,964.7,21.8,86.0,2.6,62.0,7.7,56.0,0.0,,,,,,,,,,,2024-03-06T12:26:00,,,,0,,,,,,,,,,,,,
2024-03-06 14:00:00,964.6,19.6,93.0,1.7,65.0,8.8,67.0,0.0,,,,,,,,,,,2024-03-06T13:05:00,,,,0,,,,,,,,,,,,,
2024-03-06 15:00:00,964.7,18.5,96.0,2.1,62.0,7.9,56.0,0.0,,,,,,,,,,,2024-03-06T14:08:00,,,,0,,,,,,,,,,,,,
2024-03-06 16:00:00,965.2,17.8,98.0,2.5,52.0,8.4,61.0,0.0,,,,,,,,,,,2024-03-06T15:53:00,,,,0,,,,,,,,,,,,,
2024-03-06 17:00:00,965.8,17.2,100.0,3.1,56.0,9.2,49.0,0.0,,,,,,,,,,,2024-03-06T16:46:00,,,,0,,,,,,,,,,,,,
2024-03-06 18:00:00,966.6,17.0,100.0,2.0,48.0,7.7,64.0,0.0,,,,,,,,,,,2024-03-06T17:16:00,,,,0,,,,,,,,,,,,,
2024-03-06 19:00:00,967.6,17.0,100.0,1.3,47.0,5.1,49.0,0.5,,,,,,,,,,,2024-03-06T18:55:00,,,,0,,,,,,,,,,,,,
2024-03-06 20:00:00,968.5,16.9,100.0,1.2,56.0,4.5,38.0,1.5,,,,,,,,,,,2024-03-06T19:40:00,,,,0,,,,,,,,,,,,,
2024-03-06 21:00:00,969.1,16.7,100.0,0.9,37.0,3.8,45.0,1.0,,,,,,,,,,,2024-03-06T20:12:00,,,,0,,,,,,,,,,,,,
2024-03-06 22:00:00,969.4,16.5,100.0,0.7,35.0,3.8,60.0,1.5,,,,,,,,,,,2024-03-06T21:14:00,,,,0,,,,,,,,,,,,,
2024-03-06 23:00:00,969.4,16.1,100.0,0.7,36.0,5.0,54.0,1.0,,,,,,,,,,,2024-03-06T22:43:00,,,,0,,,,,,,,,,,,,
2024-03-07 00:00:00,969.7,16.3,100.0,0.0,0.0,3.0,35.0,0.5,,,,,,,,,,,2024-03-06T23:02:00,,,,0,,,,,,,,,,,,,
2024-03-07 01:00:00,969.6,16.0,100.0,0.1,0.0,2.2,54.0,0.5,,,,,,,,,,,2024-03-07T00:10:00,,,,0,,,,,,,,,,,,,
2024-03-07 02:00:00,969.5,15.5,100.0,0.4,316.0,3.2,282.0,0.0,,,,,,,,,,,2024-03-07T01:22:00,,,,0,,,,,,,,,,,,,
2024-03-07 03:00:00,969.0,15.1,100.0,0.2,0.0,4.2,342.0,0.0,,,,,,,,,,,2024-03-07T02:29:00,,,,0,,,,,,,,,,,,,
2024-03-07 04:00:00,969.0,14.9,100.0,0.5,321.0,3.4,213.0,0.0,,,,,,,,,,,2024-03-07T03:03:00,,,,0,,,,,,,,,,,,,
2024-03-07 05:00:00,969.7,14.4,100.0,1.4,333.0,5.2,12.0,0.0,,,,,,,,,,,2024-03-07T04:39:00,,,,0,,,,,,,,,,,,,
2024-03-07 06:00:00,970.2,14.4,100.0,0.6,329.0,4.6,263.0,0.0,,,,,,,,,,,2024-03-07T05:30:00,,,,0,,,,,,,,,,,,,
2024-03-07 07:00:00,971.0,14.5,100.0,0.8,5.0,5.1,331.0,0.0,,,,,,,,,,,2024-03-07T06:37:00,,,,0,,,,,,,,,,,,,
2024-03-07 08:00:00,971.4,15.1,100.0,0.8,331.0,4.9,8.0,0.0,,,,,,,,,,,2024-03-07T07:53:00,,,,0,,,,,,,,,,,,,
2024-03-07 09:00:00,971.8,15.4,100.0,1.2,320.0,4.5,328.0,0.5,,,,,,,,,,,2024-03-07T08:58:00,,,,0,,,,,,,,,,,,,
2024-03-07 10:00:00,971.6,17.0,96.0,0.4,352.0,3.3,328.0,0.0,,,,,,,,,,,2024-03-07T09:11:00,,,,0,,,,,,,,,,,,,
2024-03-07 11:00:00,971.4,18.3,92.0,0.1,0.0,2.6,294.0,0.0,,,,,,,,,,,2024-03-07T10:01:00,,,,0,,,,,,,,,,,,,
2024-03-07 12:00:00,970.9,16.8,97.0,0.3,40.0,2.3,55.0,0.0,,,,,,,,,,,2024-03-07T11:55:00,,,,0,,,,,,,,,,,,,
2024-03-07 13:00:00,970.1,18.2,93.0,0.7,52.0,3.0,59.0,0.0,,,,,,,,,,,2024-03-07T12:59:00,,,,0,,,,,,,,,,,,,
2024-03-07 14:00:00,969.3,18.7,89.0,0.0,0.0,2.0,55.0,0.0,,,,,,,,,,,2024-03-07T13:44:00,,,,0,,,,,,,,,,,,,
2024-03-07 15:00:00,969.3,16.8,96.0,0.1,0.0,2.0,300.0,0.0,,,,,,,,,,,2024-03-07T14:47:00,,,,0,,,,,,,,,,,,,
2024-03-07 16:00:00,969.2,16.8,98.0,0.1,0.0,1.3,14.0,0.0,,,,,,,,,,,2024-03-07T15:45:00,,,,0,,,,,,,,,,,,,
2024-03-07 17:00:00,969.7,15.9,99.0,1.3,313.0,1.9,47.0,0.0,,,,,,,,,,,2024-03-07T16:39:00,,,,0,,,,,,,,,,,,,
2024-03-07 18:00:00,969.9,15.7,100.0,0.3,33.0,2.8,319.0,0.0,,,,,,,,,,,2024-03-07T17:25:00,,,,0,,,,,,,,,,,,,
2024-03-07 19:00:00,970.2,15.0,100.0,1.3,321.0,4.6,11.0,0.0,,,,,,,,,,,2024-03-07T18:44:00,,,,0,,,,,,,,,,,,,
2024-03-07 20:00:00,970.7,14.8,100.0,1.9,324.0,4.0,10.0,0.0,,,,,,,,,,,2024-03-07T19:05:00,,,,0,,,,,,,,,,,,,
2024-03-07 21:00:00,971.0,14.6,100.0,1.2,331.0,5.7,336.0,0.0,,,,,,,,,,,2024-03-07T20:40:00,,,,0,,,,,,,,,,,,,
2024-03-07 22:00:00,971.4,14.6,100.0,2.2,315.0,5.7,331.0,0.0,,,,,,,,,,,2024-03-07T21:56:00,,,,0,,,,,,,,,,,,,
2024-03-07 23:00:00,971.5,14.7,100.0,0.7,349.0,5.1,337.0,0.5,,,,,,,,,,,2024-03-07T22:02:00,,,,0,,,,,,,,,,,,,
2024-03-08 00:00:00,971.3,14.6,100.0,1.5,320.0,6.7,28.0,0.5,,,,,,,,,,,2024-03-07T23:54:00,,,,0,,,,,,,,,,,,,
2024-03-08 01:00:00,971.1,14.5,100.0,0.6,338.0,5.0,326.0,0.0,,,,,,,,,,,2024-03-08T00:27:00,,,,0,,,,,,,,,,,,,
2024-03-08 02:00:00,970.6,14.4,100.0,0.4,5.0,5.3,2.0,0.0,,,,,,,,,,,2024-03-08T01:32:00,,,,0,,,,,,,,,,,,,
2024-03-08 03:00:00,970.3,14.4,100.0,0.4,20.0,2.8,343.0,0.0,,,,,,,,,,,2024-03-08T02:18:00,,,,0,,,,,,,,,,,,,
2024-03-08 04:00:00,970.5,14.2,100.0,0.5,17.0,3.4,37.0,0.0,,,,,,,,,,,2024-03-08T03:25:00,,,,0,,,,,,,,,,,,,
2024-03-08 05:00:00,971.3,14.0,100.0,0.5,11.0,4.8,29.0,0.0,,,,,,,,,,,2024-03-08T04:28:00,,,,0,,,,,,,,,,,,,
2024-03-08 06:00:00,972.0,13.9,100.0,0.3,31.0,5.0,42.0,0.0,,,,,,,,,,,2024-03-08T05:09:00,,,,0,,,,,,,,,,,,,
2024-03-08 07:00:00,972.8,13.8,100.0,0.4,43.0,3.8,51.0,0.0,,,,,,,,,,,2024-03-08T06:11:00,,,,0,,,,,,,,,,,,,
2024-03-08 08:00:00,973.7,14.1,100.0,0.3,32.0,2.4,329.0,0.0,,,,,,,,,,,2024-03-08T07:17:00,,,,0,,,,,,,,,,,,,
2024-03-08 09:00:00,974.2,14.5,100.0,0.2,0.0,1.9,9.0,0.0,,,,,,,,,,,2024-03-08T08:39:00,,,,0,,,,,,,,,,,,,
2024-03-08 10:00:00,974.7,14.5,98.0,0.5,3.0,3.5,85.0,0.0,,,,,,,,,,,2024-03-08T09:44:00,,,,0,,,,,,,,,,,,,
2024-03-08 11:00:00,974.5,15.1,94.0,0.3,68.0,3.8,3.0,0.0,,,,,,,,,,,2024-03-08T10:01:00,,,,0,,,,,,,,,,,,,
2024-03-08 12:00:00,973.7,14.6,94.0,0.2,0.0,3.0,315.0,0.0,,,,,,,,,,,2024-03-08T11:50:00,,,,0,,,,,,,,,,,,,
2024-03-08 13:00:00,973.2,14.8,91.0,0.4,38.0,4.0,343.0,0.0,,,,,,,,,,,2024-03-08T12:07:00,,,,0,,,,,,,,,,,,,
2024-03-08 14:00:00,972.8,14.4,91.0,0.4,356.0,4.1,7.0,0.0,,,,,,,,,,,2024-03-08T13:21:00,,,,0,,,,,,,,,,,,,
2024-03-08 15:00:00,972.4,13.7,92.0,0.4,56.0,3.2,349.0,0.0,,,,,,,,,,,2024-03-08T14:06:00,,,,0,,,,,,,,,,,,,
2024-03-08 16:00:00,972.6,13.6,91.0,0.2,0.0,3.1,21.0,0.0,,,,,,,,,,,2024-03-08T15:09:00,,,,0,,,,,,,,,,,,,
2024-03-08 17:00:00,972.8,13.0,95.0,0.3,54.0,2.8,353.0,0.0,,,,,,,,,,,2024-03-08T17:00:00,,,,0,,,,,,,,,,,,,
2024-03-08 18:00:00,973.3,12.5,95.0,0.2,0.0,3.3,36.0,0.0,,,,,,,,,,,2024-03-08T17:16:00,,,,0,,,,,,,,,,,,,
2024-03-08 19:00:00,974.0,12.3,97.0,0.3,356.0,2.2,32.0,0.0,,,,,,,,,,,2024-03-08T18:52:00,,,,0,,,,,,,,,,,,,
2024-03-08 20:00:00,974.7,11.9,96.0,0.5,37.0,3.9,7.0,0.0,,,,,,,,,,,2024-03-08T19:49:00,,,,0,,,,,,,,,,,,,
2024-03-08 21:00:00,975.2,11.7,96.0,0.2,0.0,3.4,68.0,0.0,,,,,,,,,,,2024-03-08T20:06:00,,,,0,,,,,,,,,,,,,
2024-03-08 22:00:00,975.4,11.5,95.0,0.4,4.0,3.3,50.0,0.0,,,,,,,,,,,2024-03-08T21:27:00,,,,0,,,,,,,,,,,,,
2024-03-08 23:00:00,975.4,11.4,91.0,0.5,40.0,5.0,26.0,0.0,,,,,,,,,,,2024-03-08T22:07:00,,,,0,,,,,,,,,,,,,
2024-03-09 00:00:00,975.4,11.3,90.0,0.4,360.0,6.1,35.0,0.0,,,,,,,,,,,2024-03-08T23:36:00,,,,0,,,,,,,,,,,,,
2024-03-09 01:00:00,975.2,11.2,90.0,0.6,318.0,3.8,337.0,0.0,,,,,,,,,,,2024-03-09T00:13:00,,,,0,,,,,,,,,,,,,
2024-03-09 02:00:00,974.7,11.1,89.0,0.6,349.0,3.6,346.0,0.0,,,,,,,,,,,2024-03-09T01:02:00,,,,0,,,,,,,,,,,,,
2024-03-09 03:00:00,974.7,11.0,87.0,0.4,52.0,4.0,41.0,0.0,,,,,,,,,,,2024-03-09T02:22:00,,,,0,,,,,,,,,,,,,
2024-03-09 04:00:00,974.5,10.9,87.0,0.7,4.0,4.6,65.0,0.0,,,,,,,,,,,2024-03-09T03:47:00,,,,0,,,,,,,,,,,,,
2024-03-09 05:00:00,974.7,10.8,83.0,0.6,29.0,6.2,11.0,0.0,,,,,,,,,,,2024-03-09T04:59:00,,,,0,,,,,,,,,,,,,
2024-03-09 06:00:00,974.2,10.9,83.0,0.6,27.0,4.8,354.0,0.0,,,,,,,,,,,2024-03-09T05:19:00,,,,0,,,,,,,,,,,,,
2024-03-09 07:00:00,975.6,10.9,85.0,0.5,346.0,4.0,315.0,0.0,,,,,,,,,,,2024-03-09T06:40:00,,,,0,,,,,,,,,,,,,
2024-03-09 08:00:00,976.5,11.6,83.0,0.6,325.0,4.4,47.0,0.0,,,,,,,,,,,2024-03-09T08:00:00,,,,0,,,,,,,,,,,,,
2024-03-09 09:00:00,977.0,12.2,80.0,0.4,24.0,5.1,19.0,0.0,,,,,,,,,,,2024-03-09T08:47:00,,,,0,,,,,,,,,,,,,
2024-03-09 10:00:00,977.3,12.6,80.0,0.3,77.0,3.4,31.0,0.0,,,,,,,,,,,2024-03-09T09:55:00,,,,0,,,,,,,,,,,,,
2024-03-09 11:00:00,976.5,13.7,76.0,0.7,340.0,3.4,297.0,0.0,,,,,,,,,,,2024-03-09T10:56:00,,,,0,,,,,,,,,,,,,
2024-03-09 12:00:00,976.0,16.3,72.0,0.4,20.0,4.4,318.0,0.0,,,,,,,,,,,2024-03-09T11:25:00,,,,0,,,,,,,,,,,,,
2024-03-09 13:00:00,974.9,19.0,63.0,0.2,0.0,3.5,33.0,0.0,,,,,,,,,,,2024-03-09T12:13:00,,,,0,,,,,,,,,,,,,
2024-03-09 14:00:00,973.9,19.1,60.0,0.6,40.0,4.3,70.0,0.0,,,,,,,,,,,2024-03-09T13:52:00,,,,0,,,,,,,,,,,,,
2024-03-09 15:00:00,973.9,17.3,69.0,0.3,54.0,3.4,83.0,0.0,,,,,,,,,,,2024-03-09T14:04:00,,,,0,,,,,,,,,,,,,
2024-03-09 16:00:00,974.1,16.1,74.0,0.3,39.0,3.9,60.0,0.0,,,,,,,,,,,2024-03-09T15:38:00,,,,0,,,,,,,,,,,,,
2024-03-09 17:00:00,974.0,14.7,75.0,0.4,84.0,2.7,50.0,0.0,,,,,,,,,,,2024-03-09T16:59:00,,,,0,,,,,,,,,,,,,
2024-03-09 18:00:00,974.4,13.5,78.0,0.4,84.0,3.5,318.0,0.0,,,,,,,,,,,2024-03-09T17:25:00,,,,0,,,,,,,,,,,,,
2024-03-09 19:00:00,974.7,13.0,80.0,0.6,13.0,3.9,58.0,0.0,,,,,,,,,,,2024-03-09T18:23:00,,,,0,,,,,,,,,,,,,
2024-03-09 20:00:00,974.9,12.8,81.0,0.4,31.0,3.9,339.0,0.0,,,,,,,,,,,2024-03-09T19:39:00,,,,0,,,,,,,,,,,,,
2024-03-09 21:00:00,975.8,12.8,83.0,0.5,44.0,3.7,32.0,0.0,,,,,,,,,,,2024-03-09T20:14:00,,,,0,,,,,,,,,,,,,
2024-03-09 22:00:00,976.1,12.6,85.0,0.3,38.0,3.5,60.0,0.0,,,,,,,,,,,2024-03-09T21:39:00,,,,0,,,,,,,,,,,,,
2024-03-09 23:00:00,976.3,12.5,89.0,0.5,354.0,4.0,5.0,0.0,,,,,,,,,,,2024-03-09T22:32:00,,,,0,,,,,,,,,,,,,
2024-03-10 00:00:00,976.6,12.5,90.0,0.3,41.0,4.8,25.0,0.0,,,,,,,,,,,2024-03-09T23:37:00,,,,0,,,,,,,,,,,,,
2024-03-10 01:00:00,976.1,12.3,91.0,0.3,37.0,2.8,312.0,0.0,,,,,,,,,,,2024-03-10T00:32:00,,,,0,,,,,,,,,,,,,
2024-03-10 02:00:00,975.9,12.3,92.0,0.3,347.0,3.2,60.0,0.0,,,,,,,,,,,2024-03-10T01:24:00,,,,0,,,,,,,,,,,,,
2024-03-10 03:00:00,975.6,12.3,92.0,0.5,347.0,3.9,338.0,0.0,,,,,,,,,,,2024-03-10T02:12:00,,,,0,,,,,,,,,,,,,
2024-03-10 04:00:00,975.6,12.2,92.0,0.4,11.0,4.8,4.0,0.0,,,,,,,,,,,2024-03-10T03:45:00,,,,0,,,,,,,,,,,,,
2024-03-10 05:00:00,975.7,12.3,93.0,0.3,359.0,3.2,44.0,0.0,,,,,,,,,,,2024-03-10T04:24:00,,,,0,,,,,,,,,,,,,
2024-03-10 06:00:00,977.0,12.4,91.0,0.5,8.0,3.3,360.0,0.0,,,,,,,,,,,2024-03-10T05:12:00,,,,0,,,,,,,,,,,,,
2024-03-10 07:00:00,977.4,12.7,91.0,0.7,333.0,6.5,360.0,0.0,,,,,,,,,,,2024-03-10T06:33:00,,,,0,,,,,,,,,,,,,
2024-03-10 08:00:00,978.1,13.0,91.0,0.5,348.0,5.6,326.0,0.0,,,,,,,,,,,2024-03-10T07:17:00,,,,0,,,,,,,,,,,,,
2024-03-10 09:00:00,978.7,13.5,88.0,1.1,4.0,4.5,300.0,0.0,,,,,,,,,,,2024-03-10T08:22:00,,,,0,,,,,,,,,,,,,
2024-03-10 10:00:00,979.3,13.5,86.0,1.8,320.0,5.2,331.0,0.0,,,,,,,,,,,2024-03-10T09:19:00,,,,0,,,,,,,,,,,,,
2024-03-10 11:00:00,979.1,15.1,87.0,0.4,336.0,3.0,10.0,0.0,,,,,,,,,,,2024-03-10T10:20:00,,,,0,,,,,,,,,,,,,
2024-03-10 12:00:00,978.2,15.9,81.0,1.0,329.0,2.8,360.0,0.0,,,,,,,,,,,2024-03-10T11:52:00,,,,0,,,,,,,,,,,,,
2024-03-10 13:00:00,977.2,15.7,82.0,0.7,337.0,3.5,331.0,0.0,,,,,,,,,,,2024-03-10T12:45:00,,,,0,,,,,,,,,,,,,
2024-03-10 14:00:00,976.3,17.6,77.0,0.2,0.0,2.5,346.0,0.0,,,,,,,,,,,2024-03-10T13:23:00,,,,0,,,,,,,,,,,,,
2024-03-10 15:00:00,975.6,20.4,70.0,0.3,57.0,2.8,60.0,0.0,,,,,,,,,,,2024-03-10T14:44:00,,,,0,,,,,,,,,,,,,
2024-03-10 16:00:00,975.3,18.1,76.0,0.8,77.0,2.7,69.0,0.0,,,,,,,,,,,2024-03-10T15:55:00,,,,0,,,,,,,,,,,,,
2024-03-10 17:00:00,975.5,16.9,80.0,1.6,51.0,5.2,61.0,0.0,,,,,,,,,,,2024-03-10T16:41:00,,,,0,,,,,,,,,,,,,
2024-03-10 18:00:00,976.0,16.1,81.0,0.8,28.0,4.0,56.0,0.0,,,,,,,,,,,2024-03-10T17:06:00,,,,0,,,,,,,,,,,,,
2024-03-10 19:00:00,976.2,15.7,83.0,0.1,0.0,3.0,49.0,0.0,,,,,,,,,,,2024-03-10T18:17:00,,,,0,,,,,,,,,,,,,
2024-03-10 20:00:00,976.8,15.5,82.0,0.3,30.0,1.9,353.0,0.0,,,,,,,,,,,2024-03-10T19:58:00,,,,0,,,,,,,,,,,,,
2024-03-10 21:00:00,977.5,15.4,84.0,0.4,54.0,2.5,60.0,0.0,,,,,,,,,,,2024-03-10T20:17:00,,,,0,,,,,,,,,,,,,
2024-03-10 22:00:00,977.5,15.4,84.0,0.3,15.0,4.2,3.0,0.0,,,,,,,,,,,2024-03-10T21:42:00,,,,0,,,,,,,,,,,,,
2024-03-10 23:00:00,977.4,15.4,84.0,1.4,331.0,8.2,353.0,0.0,,,,,,,,,,,2024-03-10T22:33:00,,,,0,,,,,,,,,,,,,
2024-03-11 00:00:00,977.0,15.2,84.0,0.7,56.0,4.0,43.0,0.0,,,,,,,,,,,2024-03-10T23:50:00,,,,0,,,,,,,,,,,,,
2024-03-11 01:00:00,976.8,15.3,84.0,0.9,306.0,4.1,28.0,0.0,,,,,,,,,,,2024-03-11T00:01:00,,,,0,,,,,,,,,,,,,
2024-03-11 02:00:00,975.8,15.1,85.0,0.8,319.0,3.5,319.0,0.0,,,,,,,,,,,2024-03-11T01:01:00,,,,0,,,,,,,,,,,,,
2024-03-11 03:00:00,975.2,15.3,84.0,0.4,37.0,3.5,303.0,0.0,,,,,,,,,,,2024-03-11T02:23:00,,,,0,,,,,,,,,,,,,
2024-03-11 04:00:00,975.0,15.3,85.0,1.0,357.0,2.9,24.0,0.0,,,,,,,,,,,2024-03-11T03:08:00,,,,0,,,,,,,,,,,,,
2024-03-11 05:00:00,974.6,14.8,90.0,1.8,310.0,2.8,14.0,0.0,,,,,,,,,,,2024-03-11T04:32:00,,,,0,,,,,,,,,,,,,
2024-03-11 06:00:00,974.5,14.4,94.0,1.3,308.0,3.5,325.0,0.0,,,,,,,,,,,2024-03-11T05:31:00,,,,0,,,,,,,,,,,,,
2024-03-11 07:00:00,974.3,15.3,88.0,0.9,24.0,4.9,317.0,0.0,,,,,,,,,,,2024-03-11T06:27:00,,,,0,,,,,,,,,,,,,
2024-03-11 08:00:00,974.8,16.0,86.0,1.1,354.0,4.7,39.0,0.0,,,,,,,,,,,2024-03-11T07:13:00,,,,0,,,,,,,,,,,,,
2024-03-11 09:00:00,974.9,17.6,75.0,1.6,66.0,2.8,10.0,0.0,,,,,,,,,,,2024-03-11T08:12:00,,,,0,,,,,,,,,,,,,
2024-03-11 10:00:00,974.2,21.7,72.0,0.0,0.0,1.8,78.0,0.0,,,,,,,,,,,2024-03-11T09:03:00,,,,0,,,,,,,,,,,,,
2024-03-11 11:00:00,973.0,21.6,71.0,0.2,0.0,2.3,204.0,0.0,,,,,,,,,,,2024-03-11T10:41:00,,,,0,,,,,,,,,,,,,
2024-03-11 12:00:00,972.0,20.7,70.0,0.3,170.0,2.6,189.0,0.0,,,,,,,,,,,2024-03-11T11:53:00,,,,0,,,,,,,,,,,,,
2024-03-11 13:00:00,970.7,22.5,64.0,0.7,171.0,3.3,211.0,0.0,,,,,,,,,,,2024-03-11T12:14:00,,,,0,,,,,,,,,,,,,
2024-03-11 14:00:00,969.6,23.6,65.0,0.5,153.0,3.4,116.0,0.0,,,,,,,,,,,2024-03-11T13:29:00,,,,0,,,,,,,,,,,,,
2024-03-11 15:00:00,969.2,21.3,74.0,1.6,168.0,5.5,135.0,0.0,,,,,,,,,,,2024-03-11T14:13:00,,,,0,,,,,,,,,,,,,
2024-03-11 16:00:00,969.0,21.0,80.0,1.1,156.0,4.8,187.0,0.0,,,,,,,,,,,2024-03-11T15:16:00,,,,0,,,,,,,,,,,,,
2024-03-11 17:00:00,968.8,20.4,84.0,0.9,155.0,4.4,143.0,0.0,,,,,,,,,,,2024-03-11T16:12:00,,,,0,,,,,,,,,,,,,
2024-03-11 18:00:00,968.6,19.9,88.0,0.2,0.0,3.8,156.0,0.0,,,,,,,,,,,2024-03-11T17:19:00,,,,0,,,,,,,,,,,,,
2024-03-11 19:00:00,968.8,19.8,92.0,0.6,178.0,4.0,186.0,0.0,,,,,,,,,,,2024-03-11T18:14:00,,,,0,,,,,,,,,,,,,
2024-03-11 20:00:00,968.6,19.5,93.0,0.2,0.0,2.9,177.0,0.0,,,,,,,,,,,2024-03-11T19:56:00,,,,0,,,,,,,,,,,,,
2024-03-11 21:00:00,968.6,19.7,93.0,0.6,168.0,4.5,192.0,0.0,,,,,,,,,,,2024-03-11T20:16:00,,,,0,,,,,,,,,,,,,
2024-03-11 22:00:00,968.7,18.6,97.0,1.0,358.0,3.2,34.0,0.0,,,,,,,,,,,2024-03-11T21:36:00,,,,0,,,,,,,,,,,,,
2024-03-11 23:00:00,968.3,17.7,95.0,1.0,346.0,5.3,355.0,0.0,,,,,,,,,,,2024-03-11T22:38:00,,,,0,,,,,,,,,,,,,
2024-03-12 00:00:00,968.3,17.5,94.0,0.6,3.0,3.9,8.0,0.0,,,,,,,,,,,2024-03-11T23:01:00,,,,0,,,,,,,,,,,,,
2024-03-12 01:00:00,968.1,17.1,96.0,1.0,337.0,4.4,326.0,0.0,,,,,,,,,,,2024-03-12T00:11:00,,,,0,,,,,,,,,,,,,
2024-03-12 02:00:00,967.8,17.4,95.0,1.1,1.0,4.0,7.0,0.0,,,,,,,,,,,2024-03-12T01:26:00,,,,0,,,,,,,,,,,,,
2024-03-12 03:00:00,967.7,17.1,95.0,0.8,23.0,3.5,66.0,0.0,,,,,,,,,,,2024-03-12T02:26:00,,,,0,,,,,,,,,,,,,
2024-03-12 04:00:00,968.2,17.1,96.0,1.4,358.0,3.6,45.0,0.0,,,,,,,,,,,2024-03-12T03:48:00,,,,0,,,,,,,,,,,,,
2024-03-12 05:00:00,968.8,16.9,99.0,2.3,44.0,5.6,33.0,0.0,,,,,,,,,,,2024-03-12T04:58:00,,,,0,,,,,,,,,,,,,
2024-03-12 06:00:00,969.9,16.7,100.0,1.5,312.0,7.0,54.0,0.0,,,,,,,,,,,2024-03-12T05:35:00,,,,0,,,,,,,,,,,,,
2024-03-12 07:00:00,970.9,16.0,100.0,3.1,46.0,6.7,48.0,0.5,,,,,,,,,,,2024-03-12T06:59:00,,,,0,,,,,,,,,,,,,
2024-03-12 08:00:00,971.7,15.7,100.0,1.7,37.0,7.1,28.0,0.5,,,,,,,,,,,2024-03-12T07:18:00,,,,0,,,,,,,,,,,,,
2024-03-12 09:00:00,972.8,15.5,99.0,1.4,40.0,6.2,36.0,0.0,,,,,,,,,,,2024-03-12T08:30:00,,,,0,,,,,,,,,,,,,
2024-03-12 10:00:00,973.5,15.7,100.0,0.9,336.0,5.0,57.0,0.5,,,,,,,,,,,2024-03-12T09:06:00,,,,0,,,,,,,,,,,,,
2024-03-12 11:00:00,973.8,15.6,100.0,0.4,314.0,2.7,309.0,0.0,,,,,,,,,,,2024-03-12T10:20:00,,,,0,,,,,,,,,,,,,
2024-03-12 12:00:00,973.3,16.0,99.0,0.4,315.0,3.8,317.0,0.0,,,,,,,,,,,2024-03-12T11:30:00,,,,0,,,,,,,,,,,,,
2024-03-12 13:00:00,972.5,16.1,95.0,0.8,313.0,2.9,328.0,0.0,,,,,,,,,,,2024-03-12T12:12:00,,,,0,,,,,,,,,,,,,
2024-03-12 14:00:00,972.4,17.3,89.0,0.2,0.0,3.3,314.0,0.0,,,,,,,,,,,2024-03-12T13:15:00,,,,0,,,,,,,,,,,,,
2024-03-12 15:00:00,972.3,16.9,89.0,0.3,347.0,3.7,337.0,0.0,,,,,,,,,,,2024-03-12T14:57:00,,,,0,,,,,,,,,,,,,
2024-03-12 16:00:00,972.5,16.5,88.0,0.1,0.0,2.0,11.0,0.0,,,,,,,,,,,2024-03-12T15:13:00,,,,0,,,,,,,,,,,,,
2024-03-12 17:00:00,973.0,16.2,89.0,0.1,0.0,1.9,51.0,0.0,,,,,,,,,,,2024-03-12T16:37:00,,,,0,,,,,,,,,,,,,
2024-03-12 18:00:00,973.5,15.7,91.0,0.2,0.0,1.6,300.0,0.0,,,,,,,,,,,2024-03-12T18:00:00,,,,0,,,,,,,,,,,,,
2024-03-12 19:00:00,974.1,15.4,86.0,0.1,0.0,3.2,320.0,0.0,,,,,,,,,,,2024-03-12T18:32:00,,,,0,,,,,,,,,,,,,
2024-03-12 20:00:00,974.3,15.3,84.0,0.0,0.0,1.7,318.0,0.0,,,,,,,,,,,2024-03-12T19:17:00,,,,0,,,,,,,,,,,,,
2024-03-12 21:00:00,974.9,15.2,87.0,0.2,0.0,1.6,262.0,0.0,,,,,,,,,,,2024-03-12T20:07:00,,,,0,,,,,,,,,,,,,
2024-03-12 22:00:00,975.4,15.1,86.0,0.2,0.0,2.1,23.0,0.0,,,,,,,,,,,2024-03-12T21:53:00,,,,0,,,,,,,,,,,,,
2024-03-12 23:00:00,975.4,15.0,86.0,0.3,1.0,4.1,42.0,0.0,,,,,,,,,,,2024-03-12T22:42:00,,,,0,,,,,,,,,,,,,
2024-03-13 00:00:00,975.4,14.8,85.0,0.6,24.0,2.7,33.0,0.0,,,,,,,,,,,2024-03-12T23:51:00,,,,0,,,,,,,,,,,,,
2024-03-13 01:00:00,975.1,14.0,91.0,0.3,321.0,3.1,26.0,0.0,,,,,,,,,,,2024-03-13T00:51:00,,,,0,,,,,,,,,,,,,
2024-03-13 02:00:00,975.0,13.7,89.0,0.5,303.0,3.3,342.0,0.0,,,,,,,,,,,2024-03-13T01:11:00,,,,0,,,,,,,,,,,,,
2024-03-13 03:00:00,975.0,13.9,88.0,0.4,314.0,3.3,330.0,0.0,,,,,,,,,,,2024-03-13T02:10:00,,,,0,,,,,,,,,,,,,
2024-03-13 04:00:00,975.0,13.7,85.0,0.1,0.0,2.9,314.0,0.0,,,,,,,,,,,2024-03-13T03:22:00,,,,0,,,,,,,,,,,,,
2024-03-13 05:00:00,975.4,13.5,85.0,0.4,358.0,2.2,18.0,0.0,,,,,,,,,,,2024-03-13T04:56:00,,,,0,,,,,,,,,,,,,
2024-03-13 06:00:00,976.0,13.7,86.0,0.2,0.0,3.1,18.0,0.0,,,,,,,,,,,2024-03-13T05:22:00,,,,0,,,,,,,,,,,,,
2024-03-13 07:00:00,976.6,14.4,84.0,0.2,0.0,2.2,343.0,0.0,,,,,,,,,,,2024-03-13T06:11:00,,,,0,,,,,,,,,,,,,
2024-03-13 08:00:00,977.0,15.2,82.0,0.3,58.0,2.7,85.0,0.0,,,,,,,,,,,2024-03-13T07:33:00,,,,0,,,,,,,,,,,,,
2024-03-13 09:00:00,977.4,16.4,80.0,0.2,0.0,1.9,18.0,0.0,,,,,,,,,,,2024-03-13T08:12:00,,,,0,,,,,,,,,,,,,
2024-03-13 10:00:00,977.4,19.0,71.0,0.4,65.0,3.1,56.0,0.0,,,,,,,,,,,2024-03-13T09:57:00,,,,0,,,,,,,,,,,,,
2024-03-13 11:00:00,977.1,21.5,63.0,0.7,81.0,3.5,83.0,0.0,,,,,,,,,,,2024-03-13T10:43:00,,,,0,,,,,,,,,,,,,
2024-03-13 12:00:00,976.1,20.7,62.0,1.3,66.0,5.2,49.0,0.0,,,,,,,,,,,2024-03-13T11:56:00,,,,0,,,,,,,,,,,,,
2024-03-13 13:00:00,975.2,21.0,65.0,1.4,71.0,7.1,63.0,0.0,,,,,,,,,,,2024-03-13T12:57:00,,,,0,,,,,,,,,,,,,
2024-03-13 14:00:00,974.5,18.1,75.0,1.3,70.0,6.5,69.0,0.0,,,,,,,,,,,2024-03-13T13:44:00,,,,0,,,,,,,,,,,,,
2024-03-13 15:00:00,974.0,17.3,77.0,1.1,70.0,7.2,54.0,0.0,,,,,,,,,,,2024-03-13T14:01:00,,,,0,,,,,,,,,,,,,
2024-03-13 16:00:00,973.8,16.9,78.0,1.8,55.0,5.7,61.0,0.0,,,,,,,,,,,2024-03-13T15:36:00,,,,0,,,,,,,,,,,,,
2024-03-13 17:00:00,974.1,16.5,81.0,1.4,49.0,5.3,67.0,0.0,,,,,,,,,,,2024-03-13T16:10:00,,,,0,,,,,,,,,,,,,
2024-03-13 18:00:00,974.4,15.8,84.0,1.4,307.0,3.8,74.0,0.0,,,,,,,,,,,2024-03-13T17:01:00,,,,0,,,,,,,,,,,,,
2024-03-13 19:00:00,974.6,15.3,86.0,1.4,307.0,4.6,356.0,0.0,,,,,,,,,,,2024-03-13T18:19:00,,,,0,,,,,,,,,,,,,
2024-03-13 20:00:00,974.9,15.3,88.0,0.2,0.0,3.9,332.0,0.0,,,,,,,,,,,2024-03-13T19:20:00,,,,0,,,,,,,,,,,,,
2024-03-13 21:00:00,975.2,15.1,89.0,1.1,319.0,2.9,249.0,0.0,,,,,,,,,,,2024-03-13T20:52:00,,,,0,,,,,,,,,,,,,
2024-03-13 22:00:00,975.2,14.6,93.0,1.8,299.0,3.0,298.0,0.0,,,,,,,,,,,2024-03-13T21:53:00,,,,0,,,,,,,,,,,,,
2024-03-13 23:00:00,974.7,14.7,92.0,2.2,304.0,4.2,317.0,0.0,,,,,,,,,,,2024-03-13T22:43:00,,,,0,,,,,,,,,,,,,
2024-03-14 00:00:00,974.6,15.0,90.0,2.1,315.0,3.7,324.0,0.0,,,,,,,,,,,2024-03-13T23:50:00,,,,0,,,,,,,,,,,,,
2024-03-14 01:00:00,974.2,14.7,91.0,1.7,309.0,3.9,316.0,0.0,,,,,,,,,,,2024-03-14T00:28:00,,,,0,,,,,,,,,,,,,
2024-03-14 02:00:00,973.7,14.9,90.0,1.8,321.0,4.2,318.0,0.0,,,,,,,,,,,2024-03-14T01:14:00,,,,0,,,,,,,,,,,,,
2024-03-14 03:00:00,973.3,15.0,90.0,1.7,324.0,3.4,2.0,0.0,,,,,,,,,,,2024-03-14T02:41:00,,,,0,,,,,,,,,,,,,
2024-03-14 04:00:00,973.1,14.6,92.0,1.5,331.0,2.7,334.0,0.0,,,,,,,,,,,2024-03-14T03:23:00,,,,0,,,,,,,,,,,,,
2024-03-14 05:00:00,973.5,14.7,91.0,1.1,328.0,3.1,2.0,0.0,,,,,,,,,,,2024-03-14T04:22:00,,,,0,,,,,,,,,,,,,
2024-03-14 06:00:00,973.5,15.0,90.0,1.5,302.0,3.0,325.0,0.0,,,,,,,,,,,2024-03-14T05:28:00,,,,0,,,,,,,,,,,,,
2024-03-14 07:00:00,974.2,15.3,89.0,0.9,320.0,3.4,326.0,0.0,,,,,,,,,,,2024-03-14T06:17:00,,,,0,,,,,,,,,,,,,
2024-03-14 08:00:00,974.9,15.3,91.0,1.0,336.0,2.8,319.0,0.0,,,,,,,,,,,2024-03-14T07:18:00,,,,0,,,,,,,,,,,,,
2024-03-14 09:00:00,975.2,15.8,90.0,0.7,51.0,2.4,41.0,0.0,,,,,,,,,,,2024-03-14T08:54:00,,,,0,,,,,,,,,,,,,
2024-03-14 10:00:00,975.3,16.0,91.0,1.4,47.0,2.9,45.0,0.0,,,,,,,,,,,2024-03-14T09:58:00,,,,0,,,,,,,,,,,,,
2024-03-14 11:00:00,974.8,18.4,80.0,0.0,0.0,2.9,50.0,0.0,,,,,,,,,,,2024-03-14T10:05:00,,,,0,,,,,,,,,,,,,
2024-03-14 12:00:00,974.1,17.9,87.0,0.0,0.0,0.9,25.0,0.0,,,,,,,,,,,2024-03-14T11:05:00,,,,0,,,,,,,,,,,,,
2024-03-14 13:00:00,972.7,20.4,80.0,0.2,0.0,1.5,337.0,0.0,,,,,,,,,,,2024-03-14T12:26:00,,,,0,,,,,,,,,,,,,
2024-03-14 14:00:00,971.6,19.8,76.0,0.2,0.0,2.3,100.0,0.0,,,,,,,,,,,2024-03-14T13:24:00,,,,0,,,,,,,,,,,,,
2024-03-14 15:00:00,971.1,18.4,78.0,0.4,85.0,3.0,105.0,0.0,,,,,,,,,,,2024-03-14T14:06:00,,,,0,,,,,,,,,,,,,
2024-03-14 16:00:00,971.5,17.5,83.0,1.1,121.0,4.3,119.0,0.0,,,,,,,,,,,2024-03-14T15:16:00,,,,0,,,,,,,,,,,,,
2024-03-14 17:00:00,971.7,17.3,86.0,0.5,90.0,3.6,112.0,0.0,,,,,,,,,,,2024-03-14T16:01:00,,,,0,,,,,,,,,,,,,
2024-03-14 18:00:00,972.2,16.9,87.0,1.1,290.0,1.7,298.0,0.0,,,,,,,,,,,2024-03-14T18:00:00,,,,0,,,,,,,,,,,,,
2024-03-14 19:00:00,972.6,16.9,87.0,1.6,307.0,3.1,314.0,0.0,,,,,,,,,,,2024-03-14T18:59:00,,,,0,,,,,,,,,,,,,
2024-03-14 20:00:00,973.2,16.5,89.0,0.1,0.0,2.5,327.0,0.0,,,,,,,,,,,2024-03-14T19:01:00,,,,0,,,,,,,,,,,,,
2024-03-14 21:00:00,973.6,16.6,87.0,0.1,0.0,1.8,313.0,0.0,,,,,,,,,,,2024-03-14T20:06:00,,,,0,,,,,,,,,,,,,
2024-03-14 22:00:00,973.9,16.7,87.0,0.6,322.0,2.1,304.0,0.0,,,,,,,,,,,2024-03-14T21:46:00,,,,0,,,,,,,,,,,,,
2024-03-14 23:00:00,974.0,16.7,87.0,0.9,355.0,1.7,45.0,0.0,,,,,,,,,,,2024-03-14T22:40:00,,,,0,,,,,,,,,,,,,
2024-03-15 00:00:00,973.7,16.4,91.0,1.0,308.0,2.4,318.0,0.0,,,,,,,,,,,2024-03-14T23:46:00,,,,0,,,,,,,,,,,,,
2024-03-15 01:00:00,973.3,16.2,92.0,0.7,319.0,1.9,327.0,0.0,,,,,,,,,,,2024-03-15T01:00:00,,,,0,,,,,,,,,,,,,
2024-03-15 02:00:00,973.0,16.3,91.0,0.5,26.0,2.7,309.0,0.0,,,,,,,,,,,2024-03-15T01:37:00,,,,0,,,,,,,,,,,,,
2024-03-15 03:00:00,972.9,16.2,91.0,1.3,312.0,3.6,13.0,0.0,,,,,,,,,,,2024-03-15T02:17:00,,,,0,,,,,,,,,,,,,
2024-03-15 04:00:00,972.9,16.1,92.0,1.1,315.0,2.4,319.0,0.0,,,,,,,,,,,2024-03-15T03:49:00,,,,0,,,,,,,,,,,,,
2024-03-15 05:00:00,973.2,16.4,89.0,1.5,313.0,3.2,330.0,0.0,,,,,,,,,,,2024-03-15T04:59:00,,,,0,,,,,,,,,,,,,
2024-03-15 06:00:00,973.8,16.2,91.0,0.7,35.0,3.1,3.0,0.0,,,,,,,,,,,2024-03-15T05:05:00,,,,0,,,,,,,,,,,,,
2024-03-15 07:00:00,974.5,16.5,92.0,0.6,353.0,3.5,38.0,0.0,,,,,,,,,,,2024-03-15T06:04:00,,,,0,,,,,,,,,,,,,
2024-03-15 08:00:00,975.0,17.8,89.0,0.3,326.0,2.3,35.0,0.0,,,,,,,,,,,2024-03-15T07:34:00,,,,0,,,,,,,,,,,,,
2024-03-15 09:00:00,975.1,19.2,85.0,0.0,0.0,1.6,33.0,0.0,,,,,,,,,,,2024-03-15T08:46:00,,,,0,,,,,,,,,,,,,
2024-03-15 10:00:00,975.2,19.9,83.0,0.0,0.0,1.4,37.0,0.0,,,,,,,,,,,2024-03-15T09:26:00,,,,0,,,,,,,,,,,,,
2024-03-15 11:00:00,974.6,19.9,81.0,0.2,0.0,1.8,58.0,0.0,,,,,,,,,,,2024-03-15T10:24:00,,,,0,,,,,,,,,,,,,
2024-03-15 12:00:00,974.2,20.5,79.0,0.2,0.0,1.4,50.0,0.0,,,,,,,,,,,2024-03-15T11:59:00,,,,0,,,,,,,,,,,,,
2024-03-15 13:00:00,973.6,18.1,89.0,1.5,59.0,4.4,46.0,0.0,,,,,,,,,,,2024-03-15T12:59:00,,,,0,,,,,,,,,,,,,
2024-03-15 14:00:00,973.0,18.5,88.0,0.4,300.0,2.6,77.0,0.0,,,,,,,,,,,2024-03-15T13:02:00,,,,0,,,,,,,,,,,,,
2024-03-15 15:00:00,972.7,18.1,88.0,1.0,306.0,3.1,308.0,0.0,,,,,,,,,,,2024-03-15T14:04:00,,,,0,,,,,,,,,,,,,
2024-03-15 16:00:00,972.8,19.5,85.0,0.2,0.0,2.3,310.0,0.0,,,,,,,,,,,2024-03-15T15:03:00,,,,0,,,,,,,,,,,,,
2024-03-15 17:00:00,973.0,18.7,85.0,1.0,303.0,2.4,321.0,0.0,,,,,,,,,,,2024-03-15T16:53:00,,,,0,,,,,,,,,,,,,
2024-03-15 18:00:00,973.3,18.0,86.0,0.6,334.0,2.6,312.0,0.0,,,,,,,,,,,2024-03-15T17:09:00,,,,0,,,,,,,,,,,,,
2024-03-15 19:00:00,973.8,17.7,88.0,0.4,306.0,1.6,360.0,0.0,,,,,,,,,,,2024-03-15T18:33:00,,,,0,,,,,,,,,,,,,
2024-03-15 20:00:00,974.4,17.7,89.0,1.0,326.0,2.2,333.0,0.0,,,,,,,,,,,2024-03-15T19:22:00,,,,0,,,,,,,,,,,,,
2024-03-15 21:00:00,974.8,17.8,88.0,0.3,356.0,2.0,267.0,0.0,,,,,,,,,,,2024-03-15T20:56:00,,,,0,,,,,,,,,,,,,
2024-03-15 22:00:00,974.8,17.5,90.0,0.3,45.0,1.9,1.0,0.0,,,,,,,,,,,2024-03-15T21:31:00,,,,0,,,,,,,,,,,,,
2024-03-15 23:00:00,974.7,16.9,93.0,1.0,329.0,3.1,9.0,0.0,,,,,,,,,,,2024-03-15T22:44:00,,,,0,,,,,,,,,,,,,
2024-03-16 00:00:00,974.3,16.5,93.0,1.4,320.0,2.8,330.0,0.0,,,,,,,,,,,2024-03-15T23:43:00,,,,0,,,,,,,,,,,,,
2024-03-16 01:00:00,974.1,16.8,93.0,2.0,304.0,3.3,305.0,0.0,,,,,,,,,,,2024-03-16T00:56:00,,,,0,,,,,,,,,,,,,
2024-03-16 02:00:00,973.9,16.4,94.0,1.5,10.0,3.9,319.0,0.0,,,,,,,,,,,2024-03-16T01:30:00,,,,0,,,,,,,,,,,,,
2024-03-16 03:00:00,973.5,16.1,95.0,0.9,332.0,3.5,326.0,0.0,,,,,,,,,,,2024-03-16T02:21:00,,,,0,,,,,,,,,,,,,
2024-03-16 04:00:00,973.1,16.1,94.0,1.6,322.0,3.9,27.0,0.0,,,,,,,,,,,2024-03-16T03:25:00,,,,0,,,,,,,,,,,,,
2024-03-16 05:00:00,973.4,15.6,93.0,1.5,330.0,4.2,352.0,0.0,,,,,,,,,,,2024-03-16T04:50:00,,,,0,,,,,,,,,,,,,
2024-03-16 06:00:00,973.9,16.4,87.0,2.2,308.0,4.2,302.0,0.0,,,,,,,,,,,2024-03-16T05:43:00,,,,0,,,,,,,,,,,,,
2024-03-16 07:00:00,974.4,17.8,84.0,0.8,358.0,4.1,328.0,0.0,,,,,,,,,,,2024-03-16T06:02:00,,,,0,,,,,,,,,,,,,
2024-03-16 08:00:00,974.7,20.0,75.0,0.9,343.0,3.4,360.0,0.0,,,,,,,,,,,2024-03-16T07:39:00,,,,0,,,,,,,,,,,,,
2024-03-16 09:00:00,975.0,24.2,63.0,0.5,71.0,2.6,326.0,0.0,,,,,,,,,,,2024-03-16T08:10:00,,,,0,,,,,,,,,,,,,
2024-03-16 10:00:00,974.8,26.7,51.0,0.6,93.0,4.2,61.0,0.0,,,,,,,,,,,2024-03-16T09:55:00,,,,0,,,,,,,,,,,,,
2024-03-16 11:00:00,974.2,25.5,42.0,1.0,101.0,4.2,101.0,0.0,,,,,,,,,,,2024-03-16T10:59:00,,,,0,,,,,,,,,,,,,
2024-03-16 12:00:00,973.3,27.7,45.0,0.8,91.0,4.4,107.0,0.0,,,,,,,,,,,2024-03-16T11:51:00,,,,0,,,,,,,,,,,,,
2024-03-16 13:00:00,972.4,27.5,53.0,0.6,98.0,6.0,99.0,0.0,,,,,,,,,,,2024-03-16T12:50:00,,,,0,,,,,,,,,,,,,
2024-03-16 14:00:00,971.7,23.9,69.0,1.3,82.0,4.6,108.0,0.0,,,,,,,,,,,2024-03-16T13:52:00,,,,0,,,,,,,,,,,,,
2024-03-16 15:00:00,971.1,23.5,69.0,1.3,91.0,4.8,78.0,0.0,,,,,,,,,,,2024-03-16T14:57:00,,,,0,,,,,,,,,,,,,
2024-03-16 16:00:00,971.0,22.1,73.0,1.7,69.0,5.3,101.0,0.0,,,,,,,,,,,2024-03-16T15:57:00,,,,0,,,,,,,,,,,,,
2024-03-16 17:00:00,971.2,21.1,83.0,1.1,72.0,4.5,84.0,0.0,,,,,,,,,,,2024-03-16T16:08:00,,,,0,,,,,,,,,,,,,
2024-03-16 18:00:00,971.6,20.5,89.0,1.2,60.0,3.4,64.0,0.0,,,,,,,,,,,2024-03-16T17:29:00,,,,0,,,,,,,,,,,,,
2024-03-16 19:00:00,972.2,20.0,92.0,1.4,62.0,3.5,50.0,0.0,,,,,,,,,,,2024-03-16T18:30:00,,,,0,,,,,,,,,,,,,
2024-03-16 20:00:00,972.8,19.8,94.0,0.7,41.0,2.9,57.0,0.0,,,,,,,,,,,2024-03-16T19:23:00,,,,0,,,,,,,,,,,,,
2024-03-16 21:00:00,973.2,19.7,92.0,1.8,272.0,2.1,269.0,0.0,,,,,,,,,,,2024-03-16T20:53:00,,,,0,,,,,,,,,,,,,
2024-03-16 22:00:00,973.1,19.6,90.0,1.2,360.0,1.8,274.0,0.0,,,,,,,,,,,2024-03-16T21:01:00,,,,0,,,,,,,,,,,,,
2024-03-16 23:00:00,972.7,18.7,89.0,0.6,338.0,2.5,330.0,0.0,,,,,,,,,,,2024-03-16T22:37:00,,,,0,,,,,,,,,,,,,
2024-03-17 00:00:00,972.5,18.3,92.0,0.3,341.0,2.7,317.0,0.0,,,,,,,,,,,2024-03-16T23:10:00,,,,0,,,,,,,,,,,,,
2024-03-17 01:00:00,972.1,18.4,92.0,0.5,10.0,2.9,26.0,0.0,,,,,,,,,,,2024-03-17T00:30:00,,,,0,,,,,,,,,,,,,
2024-03-17 02:00:00,971.6,18.3,94.0,1.2,341.0,3.8,79.0,0.0,,,,,,,,,,,2024-03-17T01:37:00,,,,0,,,,,,,,,,,,,
2024-03-17 03:00:00,971.3,18.2,91.0,0.8,313.0,2.4,5.0,0.0,,,,,,,,,,,2024-03-17T02:04:00,,,,0,,,,,,,,,,,,,
2024-03-17 04:00:00,971.2,18.7,88.0,1.2,12.0,2.6,310.0,0.0,,,,,,,,,,,2024-03-17T03:22:00,,,,0,,,,,,,,,,,,,
2024-03-17 05:00:00,971.6,18.1,89.0,1.8,317.0,3.0,36.0,0.0,,,,,,,,,,,2024-03-17T04:16:00,,,,0,,,,,,,,,,,,,
2024-03-17 06:00:00,972.1,17.8,88.0,1.4,354.0,2.7,326.0,0.0,,,,,,,,,,,2024-03-17T05:09:00,,,,0,,,,,,,,,,,,,
2024-03-17 07:00:00,972.8,18.7,88.0,1.0,325.0,2.4,5.0,0.0,,,,,,,,,,,2024-03-17T06:08:00,,,,0,,,,,,,,,,,,,
2024-03-17 08:00:00,973.3,21.8,76.0,0.4,32.0,2.1,25.0,0.0,,,,,,,,,,,2024-03-17T08:00:00,,,,0,,,,,,,,,,,,,
2024-03-17 09:00:00,973.2,25.2,68.0,0.0,0.0,2.3,28.0,0.0,,,,,,,,,,,2024-03-17T08:12:00,,,,0,,,,,,,,,,,,,
2024-03-17 10:00:00,972.8,28.2,62.0,0.2,0.0,2.2,49.0,0.0,,,,,,,,,,,2024-03-17T09:37:00,,,,0,,,,,,,,,,,,,
2024-03-17 11:00:00,972.0,26.5,66.0,1.5,102.0,5.4,102.0,0.0,,,,,,,,,,,2024-03-17T10:56:00,,,,0,,,,,,,,,,,,,
2024-03-17 12:00:00,971.1,24.7,74.0,0.7,129.0,5.6,115.0,0.0,,,,,,,,,,,2024-03-17T11:09:00,,,,0,,,,,,,,,,,,,
2024-03-17 13:00:00,970.4,22.4,85.0,1.4,109.0,4.6,117.0,0.0,,,,,,,,,,,2024-03-17T12:17:00,,,,0,,,,,,,,,,,,,
2024-03-17 14:00:00,969.7,22.0,90.0,0.4,108.0,4.8,100.0,0.0,,,,,,,,,,,2024-03-17T13:01:00,,,,0,,,,,,,,,,,,,
2024-03-17 15:00:00,969.3,21.8,93.0,0.0,0.0,1.6,113.0,0.0,,,,,,,,,,,2024-03-17T14:01:00,,,,0,,,,,,,,,,,,,
2024-03-17 16:00:00,969.1,20.7,96.0,1.0,204.0,2.2,203.0,0.0,,,,,,,,,,,2024-03-17T15:57:00,,,,0,,,,,,,,,,,,,
2024-03-17 17:00:00,969.2,20.7,97.0,0.4,237.0,2.7,189.0,0.0,,,,,,,,,,,2024-03-17T16:05:00,,,,0,,,,,,,,,,,,,
2024-03-17 18:00:00,969.4,20.3,98.0,0.9,200.0,2.4,208.0,0.0,,,,,,,,,,,2024-03-17T17:46:00,,,,0,,,,,,,,,,,,,
2024-03-17 19:00:00,969.9,20.7,95.0,1.1,207.0,1.9,207.0,0.0,,,,,,,,,,,2024-03-17T18:10:00,,,,0,,,,,,,,,,,,,
2024-03-17 20:00:00,970.4,20.9,92.0,0.0,0.0,1.4,187.0,0.0,,,,,,,,,,,2024-03-17T19:05:00,,,,0,,,,,,,,,,,,,
2024-03-17 21:00:00,971.0,20.7,94.0,0.8,43.0,1.6,45.0,0.0,,,,,,,,,,,2024-03-17T20:55:00,,,,0,,,,,,,,,,,,,
2024-03-17 22:00:00,971.2,20.0,98.0,0.0,0.0,2.1,51.0,0.0,,,,,,,,,,,2024-03-17T21:38:00,,,,0,,,,,,,,,,,,,
2024-03-17 23:00:00,970.9,19.8,98.0,0.0,0.0,0.7,57.0,0.0,,,,,,,,,,,2024-03-17T22:15:00,,,,0,,,,,,,,,,,,,
2024-03-18 00:00:00,970.5,19.8,99.0,0.0,0.0,1.0,14.0,0.0,,,,,,,,,,,2024-03-17T23:03:00,,,,0,,,,,,,,,,,,,
2024-03-18 01:00:00,970.1,19.9,99.0,0.3,348.0,3.3,349.0,0.0,,,,,,,,,,,2024-03-18T00:24:00,,,,0,,,,,,,,,,,,,
2024-03-18 02:00:00,969.8,19.7,100.0,0.2,0.0,3.1,42.0,0.0,,,,,,,,,,,2024-03-18T01:42:00,,,,0,,,,,,,,,,,,,
2024-03-18 03:00:00,969.7,19.7,100.0,0.3,1.0,4.4,34.0,0.0,,,,,,,,,,,2024-03-18T02:18:00,,,,0,,,,,,,,,,,,,
2024-03-18 04:00:00,969.6,19.0,100.0,0.1,0.0,3.7,64.0,0.0,,,,,,,,,,,2024-03-18T03:08:00,,,,0,,,,,,,,,,,,,
2024-03-18 05:00:00,970.1,19.1,100.0,0.3,22.0,2.7,19.0,0.0,,,,,,,,,,,2024-03-18T04:17:00,,,,0,,,,,,,,,,,,,
2024-03-18 06:00:00,971.0,18.9,100.0,0.3,14.0,2.6,39.0,0.0,,,,,,,,,,,2024-03-18T05:09:00,,,,0,,,,,,,,,,,,,
2024-03-18 07:00:00,971.7,18.5,97.0,0.7,98.0,3.9,42.0,0.0,,,,,,,,,,,2024-03-18T06:42:00,,,,0,,,,,,,,,,,,,
2024-03-18 08:00:00,972.6,18.5,95.0,0.5,90.0,3.5,56.0,0.0,,,,,,,,,,,2024-03-18T07:30:00,,,,0,,,,,,,,,,,,,
2024-03-18 09:00:00,973.1,18.4,96.0,0.5,74.0,3.5,59.0,0.0,,,,,,,,,,,2024-03-18T08:52:00,,,,0,,,,,,,,,,,,,
2024-03-18 10:00:00,973.3,19.3,94.0,0.1,0.0,4.0,22.0,0.0,,,,,,,,,,,2024-03-18T09:11:00,,,,0,,,,,,,,,,,,,
2024-03-18 11:00:00,973.1,20.3,95.0,0.1,0.0,2.4,148.0,0.0,,,,,,,,,,,2024-03-18T10:14:00,,,,0,,,,,,,,,,,,,
2024-03-18 12:00:00,972.4,20.7,93.0,0.4,338.0,1.6,19.0,0.5,,,,,,,,,,,2024-03-18T11:15:00,,,,0,,,,,,,,,,,,,
2024-03-18 13:00:00,971.2,20.8,96.0,0.7,321.0,2.4,321.0,0.0,,,,,,,,,,,2024-03-18T12:55:00,,,,0,,,,,,,,,,,,,
2024-03-18 14:00:00,970.4,24.1,79.0,1.0,55.0,3.8,54.0,0.0,,,,,,,,,,,2024-03-18T13:47:00,,,,0,,,,,,,,,,,,,
2024-03-18 15:00:00,969.9,22.6,83.0,0.4,77.0,4.5,64.0,0.0,,,,,,,,,,,2024-03-18T14:01:00,,,,0,,,,,,,,,,,,,
2024-03-18 16:00:00,969.7,20.4,90.0,0.5,79.0,4.0,78.0,0.0,,,,,,,,,,,2024-03-18T15:20:00,,,,0,,,,,,,,,,,,,
2024-03-18 17:00:00,969.8,19.5,91.0,1.3,54.0,3.3,60.0,0.0,,,,,,,,,,,2024-03-18T16:49:00,,,,0,,,,,,,,,,,,,
2024-03-18 18:00:00,970.1,18.8,93.0,0.5,205.0,3.8,49.0,0.0,,,,,,,,,,,2024-03-18T17:06:00,,,,0,,,,,,,,,,,,,
2024-03-18 19:00:00,970.5,18.5,97.0,0.0,0.0,1.6,196.0,0.0,,,,,,,,,,,2024-03-18T18:01:00,,,,0,,,,,,,,,,,,,
2024-03-18 20:00:00,970.8,18.5,98.0,0.0,0.0,1.2,200.0,0.0,,,,,,,,,,,2024-03-18T19:07:00,,,,0,,,,,,,,,,,,,
2024-03-18 21:00:00,971.2,18.2,99.0,1.0,311.0,2.0,299.0,0.0,,,,,,,,,,,2024-03-18T20:55:00,,,,0,,,,,,,,,,,,,
2024-03-18 22:00:00,971.6,17.9,100.0,1.0,319.0,2.4,326.0,0.0,,,,,,,,,,,2024-03-18T21:37:00,,,,0,,,,,,,,,,,,,
2024-03-18 23:00:00,971.7,17.5,100.0,1.3,315.0,2.1,318.0,0.0,,,,,,,,,,,2024-03-18T22:57:00,,,,0,,,,,,,,,,,,,
2024-03-19 00:00:00,971.4,17.2,100.0,1.3,323.0,3.1,310.0,0.0,,,,,,,,,,,2024-03-18T23:21:00,,,,0,,,,,,,,,,,,,
2024-03-19 01:00:00,970.8,17.1,100.0,2.1,340.0,4.7,334.0,0.0,,,,,,,,,,,2024-03-19T00:35:00,,,,0,,,,,,,,,,,,,
2024-03-19 02:00:00,970.5,17.1,100.0,1.8,312.0,3.3,326.0,0.0,,,,,,,,,,,2024-03-19T01:44:00,,,,0,,,,,,,,,,,,,
2024-03-19 03:00:00,970.2,17.8,97.0,1.1,359.0,2.7,333.0,0.0,,,,,,,,,,,2024-03-19T02:01:00,,,,0,,,,,,,,,,,,,
2024-03-19 04:00:00,970.2,17.6,100.0,1.4,303.0,2.5,317.0,0.0,,,,,,,,,,,2024-03-19T03:33:00,,,,0,,,,,,,,,,,,,
2024-03-19 05:00:00,970.5,17.8,98.0,0.9,355.0,2.4,320.0,0.0,,,,,,,,,,,2024-03-19T04:05:00,,,,0,,,,,,,,,,,,,
2024-03-19 06:00:00,971.2,17.8,98.0,1.0,40.0,2.9,43.0,0.0,,,,,,,,,,,2024-03-19T05:55:00,,,,0,,,,,,,,,,,,,
2024-03-19 07:00:00,971.8,17.9,99.0,0.8,21.0,3.4,41.0,0.0,,,,,,,,,,,2024-03-19T06:45:00,,,,0,,,,,,,,,,,,,
2024-03-19 08:00:00,972.8,18.1,98.0,1.5,315.0,3.8,32.0,0.0,,,,,,,,,,,2024-03-19T07:29:00,,,,0,,,,,,,,,,,,,
2024-03-19 09:00:00,973.1,18.0,97.0,1.8,314.0,3.6,321.0,0.0,,,,,,,,,,,2024-03-19T08:04:00,,,,0,,,,,,,,,,,,,
2024-03-19 10:00:00,973.0,18.4,94.0,2.0,315.0,3.3,323.0,0.0,,,,,,,,,,,2024-03-19T09:51:00,,,,0,,,,,,,,,,,,,
2024-03-19 11:00:00,972.8,19.3,92.0,0.7,59.0,3.9,50.0,0.0,,,,,,,,,,,2024-03-19T10:16:00,,,,0,,,,,,,,,,,,,
2024-03-19 12:00:00,972.2,18.3,100.0,1.2,70.0,4.3,64.0,0.0,,,,,,,,,,,2024-03-19T11:57:00,,,,0,,,,,,,,,,,,,
2024-03-19 13:00:00,971.4,18.1,100.0,2.3,51.0,6.4,39.0,0.0,,,,,,,,,,,2024-03-19T12:53:00,,,,0,,,,,,,,,,,,,
2024-03-19 14:00:00,970.7,17.5,100.0,2.5,46.0,8.2,56.0,0.0,,,,,,,,,,,2024-03-19T13:33:00,,,,0,,,,,,,,,,,,,
2024-03-19 15:00:00,970.4,16.9,100.0,3.0,40.0,8.4,32.0,0.0,,,,,,,,,,,2024-03-19T14:58:00,,,,0,,,,,,,,,,,,,
2024-03-19 16:00:00,970.9,16.5,100.0,2.0,52.0,8.7,48.0,0.0,,,,,,,,,,,2024-03-19T15:30:00,,,,0,,,,,,,,,,,,,
2024-03-19 17:00:00,971.3,15.4,100.0,2.3,34.0,10.1,40.0,0.0,,,,,,,,,,,2024-03-19T16:21:00,,,,0,,,,,,,,,,,,,
2024-03-19 18:00:00,972.2,15.3,100.0,2.4,50.0,7.9,64.0,0.0,,,,,,,,,,,2024-03-19T17:13:00,,,,0,,,,,,,,,,,,,
2024-03-19 19:00:00,973.2,15.4,100.0,1.0,55.0,4.7,55.0,0.0,,,,,,,,,,,2024-03-19T18:06:00,,,,0,,,,,,,,,,,,,
2024-03-19 20:00:00,974.3,15.0,100.0,0.5,49.0,3.2,57.0,0.5,,,,,,,,,,,2024-03-19T19:18:00,,,,0,,,,,,,,,,,,,
2024-03-19 21:00:00,975.0,14.9,100.0,0.2,0.0,3.7,44.0,0.0,,,,,,,,,,,2024-03-19T20:02:00,,,,0,,,,,,,,,,,,,
2024-03-19 22:00:00,975.5,14.9,100.0,0.1,0.0,1.4,327.0,0.5,,,,,,,,,,,2024-03-19T22:00:00,,,,0,,,,,,,,,,,,,
2024-03-19 23:00:00,975.8,14.6,100.0,0.2,0.0,3.3,9.0,0.0,,,,,,,,,,,2024-03-19T22:03:00,,,,0,,,,,,,,,,,,,
2024-03-20 00:00:00,975.6,14.6,100.0,0.2,0.0,2.8,30.0,0.5,,,,,,,,,,,2024-03-19T23:38:00,,,,0,,,,,,,,,,,,,
2024-03-20 01:00:00,975.4,14.6,100.0,0.1,0.0,2.6,70.0,0.0,,,,,,,,,,,2024-03-20T00:10:00,,,,0,,,,,,,,,,,,,
2024-03-20 02:00:00,975.2,14.1,100.0,0.2,0.0,2.4,13.0,0.0,,,,,,,,,,,2024-03-20T01:05:00,,,,0,,,,,,,,,,,,,
2024-03-20 03:00:00,975.3,13.6,100.0,0.4,75.0,4.7,334.0,0.0,,,,,,,,,,,2024-03-20T02:32:00,,,,0,,,,,,,,,,,,,
2024-03-20 04:00:00,975.7,13.0,100.0,0.6,58.0,3.4,144.0,0.0,,,,,,,,,,,2024-03-20T03:56:00,,,,0,,,,,,,,,,,,,
2024-03-20 05:00:00,976.3,12.2,100.0,0.8,75.0,3.5,61.0,0.0,,,,,,,,,,,2024-03-20T04:56:00,,,,0,,,,,,,,,,,,,
2024-03-20 06:00:00,977.4,12.2,91.0,0.7,29.0,7.5,10.0,0.0,,,,,,,,,,,2024-03-20T05:28:00,,,,0,,,,,,,,,,,,,
2024-03-20 07:00:00,978.2,12.7,87.0,0.7,22.0,4.7,327.0,0.0,,,,,,,,,,,2024-03-20T06:19:00,,,,0,,,,,,,,,,,,,
2024-03-20 08:00:00,978.7,13.3,83.0,0.5,29.0,3.7,320.0,0.0,,,,,,,,,,,2024-03-20T07:36:00,,,,0,,,,,,,,,,,,,
2024-03-20 09:00:00,979.0,14.1,80.0,0.7,44.0,3.8,28.0,0.0,,,,,,,,,,,2024-03-20T08:01:00,,,,0,,,,,,,,,,,,,
2024-03-20 10:00:00,978.9,15.6,74.0,0.7,61.0,3.8,360.0,0.0,,,,,,,,,,,2024-03-20T09:18:00,,,,0,,,,,,,,,,,,,
2024-03-20 11:00:00,978.3,17.8,62.0,0.6,237.0,6.9,11.0,0.0,,,,,,,,,,,2024-03-20T10:18:00,,,,0,,,,,,,,,,,,,
2024-03-20 12:00:00,977.5,20.7,58.0,0.3,10.0,3.4,34.0,0.0,,,,,,,,,,,2024-03-20T11:15:00,,,,0,,,,,,,,,,,,,
2024-03-20 13:00:00,976.7,21.2,57.0,0.3,5.0,5.2,342.0,0.0,,,,,,,,,,,2024-03-20T12:22:00,,,,0,,,,,,,,,,,,,
2024-03-20 14:00:00,975.7,19.8,59.0,0.6,350.0,3.7,318.0,0.0,,,,,,,,,,,2024-03-20T13:29:00,,,,0,,,,,,,,,,,,,
2024-03-20 15:00:00,975.5,17.9,62.0,0.6,62.0,6.4,319.0,0.0,,,,,,,,,,,2024-03-20T14:21:00,,,,0,,,,,,,,,,,,,
2024-03-20 16:00:00,975.7,16.3,69.0,0.5,356.0,5.0,305.0,0.0,,,,,,,,,,,2024-03-20T15:23:00,,,,0,,,,,,,,,,,,,
2024-03-20 17:00:00,976.2,15.4,70.0,0.5,19.0,3.1,122.0,0.0,,,,,,,,,,,2024-03-20T16:46:00,,,,0,,,,,,,,,,,,,
2024-03-20 18:00:00,976.5,14.6,73.0,0.4,9.0,2.4,36.0,0.0,,,,,,,,,,,2024-03-20T17:30:00,,,,0,,,,,,,,,,,,,
2024-03-20 19:00:00,977.1,14.3,76.0,0.4,16.0,3.9,56.0,0.0,,,,,,,,,,,2024-03-20T18:42:00,,,,0,,,,,,,,,,,,,
2024-03-20 20:00:00,977.4,14.2,79.0,0.5,19.0,5.0,339.0,0.0,,,,,,,,,,,2024-03-20T19:30:00,,,,0,,,,,,,,,,,,,
2024-03-20 21:00:00,977.8,13.9,80.0,0.7,350.0,3.9,15.0,0.0,,,,,,,,,,,2024-03-20T20:57:00,,,,0,,,,,,,,,,,,,
2024-03-20 22:00:00,978.0,13.6,80.0,0.7,48.0,3.8,37.0,0.0,,,,,,,,,,,2024-03-20T21:12:00,,,,0,,,,,,,,,,,,,
2024-03-20 23:00:00,977.4,13.1,82.0,0.2,0.0,3.2,72.0,0.0,,,,,,,,,,,2024-03-20T22:21:00,,,,0,,,,,,,,,,,,,
2024-03-21 00:00:00,976.8,12.3,85.0,0.4,4.0,3.2,308.0,0.0,,,,,,,,,,,2024-03-20T23:21:00,,,,0,,,,,,,,,,,,,
2024-03-21 01:00:00,976.1,12.4,87.0,0.3,342.0,2.8,333.0,0.0,,,,,,,,,,,2024-03-21T00:45:00,,,,0,,,,,,,,,,,,,
2024-03-21 02:00:00,975.1,11.8,86.0,0.3,354.0,3.4,71.0,0.0,,,,,,,,,,,2024-03-21T01:03:00,,,,0,,,,,,,,,,,,,
2024-03-21 03:00:00,974.5,11.6,86.0,0.4,15.0,2.1,41.0,0.0,,,,,,,,,,,2024-03-21T02:13:00,,,,0,,,,,,,,,,,,,
2024-03-21 04:00:00,974.1,11.7,85.0,0.4,346.0,2.5,291.0,0.0,,,,,,,,,,,2024-03-21T03:54:00,,,,0,,,,,,,,,,,,,
2024-03-21 05:00:00,974.6,11.7,88.0,1.0,305.0,2.8,331.0,0.0,,,,,,,,,,,2024-03-21T04:18:00,,,,0,,,,,,,,,,,,,
2024-03-21 06:00:00,975.1,12.2,84.0,1.7,316.0,5.1,290.0,0.0,,,,,,,,,,,2024-03-21T05:59:00,,,,0,,,,,,,,,,,,,
2024-03-21 07:00:00,975.4,13.2,78.0,1.5,318.0,6.3,310.0,0.0,,,,,,,,,,,2024-03-21T06:35:00,,,,0,,,,,,,,,,,,,
2024-03-21 08:00:00,975.6,16.3,69.0,0.7,25.0,4.7,328.0,0.0,,,,,,,,,,,2024-03-21T07:28:00,,,,0,,,,,,,,,,,,,
2024-03-21 09:00:00,975.9,20.1,58.0,0.3,62.0,1.9,41.0,0.0,,,,,,,,,,,2024-03-21T08:49:00,,,,0,,,,,,,,,,,,,
2024-03-21 10:00:00,975.3,22.4,50.0,0.5,89.0,2.3,53.0,0.0,,,,,,,,,,,2024-03-21T09:23:00,,,,0,,,,,,,,,,,,,
2024-03-21 11:00:00,974.4,23.5,48.0,1.1,57.0,4.6,54.0,0.0,,,,,,,,,,,2024-03-21T10:50:00,,,,0,,,,,,,,,,,,,
2024-03-21 12:00:00,973.3,23.5,49.0,1.1,75.0,5.6,52.0,0.0,,,,,,,,,,,2024-03-21T11:20:00,,,,0,,,,,,,,,,,,,
2024-03-21 13:00:00,972.2,22.2,51.0,0.9,68.0,6.2,99.0,0.0,,,,,,,,,,,2024-03-21T12:28:00,,,,0,,,,,,,,,,,,,
2024-03-21 14:00:00,971.6,17.3,68.0,1.6,74.0,6.7,90.0,0.0,,,,,,,,,,,2024-03-21T13:42:00,,,,0,,,,,,,,,,,,,
2024-03-21 15:00:00,971.3,17.3,69.0,1.3,67.0,6.3,74.0,0.0,,,,,,,,,,,2024-03-21T14:47:00,,,,0,,,,,,,,,,,,,
2024-03-21 16:00:00,971.0,17.0,70.0,0.8,72.0,3.8,111.0,0.0,,,,,,,,,,,2024-03-21T15:02:00,,,,0,,,,,,,,,,,,,
2024-03-21 17:00:00,971.0,16.6,74.0,0.6,55.0,3.9,78.0,0.0,,,,,,,,,,,2024-03-21T16:25:00,,,,0,,,,,,,,,,,,,
2024-03-21 18:00:00,971.3,16.0,75.0,0.5,310.0,2.0,35.0,0.0,,,,,,,,,,,2024-03-21T17:27:00,,,,0,,,,,,,,,,,,,
2024-03-21 19:00:00,971.8,15.7,74.0,0.9,302.0,2.5,306.0,0.0,,,,,,,,,,,2024-03-21T18:29:00,,,,0,,,,,,,,,,,,,
2024-03-21 20:00:00,972.2,15.7,76.0,1.3,294.0,2.6,298.0,0.0,,,,,,,,,,,2024-03-21T19:50:00,,,,0,,,,,,,,,,,,,
2024-03-21 21:00:00,972.6,15.7,75.0,1.5,299.0,3.4,313.0,0.0,,,,,,,,,,,2024-03-21T20:40:00,,,,0,,,,,,,,,,,,,
2024-03-21 22:00:00,973.1,15.9,74.0,1.2,354.0,3.5,314.0,0.0,,,,,,,,,,,2024-03-21T21:25:00,,,,0,,,,,,,,,,,,,
2024-03-21 23:00:00,972.9,15.6,79.0,1.5,296.0,3.7,301.0,0.0,,,,,,,,,,,2024-03-21T22:45:00,,,,0,,,,,,,,,,,,,
2024-03-22 00:00:00,972.2,15.4,80.0,1.8,308.0,2.5,305.0,0.0,,,,,,,,,,,2024-03-21T23:22:00,,,,0,,,,,,,,,,,,,
2024-03-22 01:00:00,971.5,15.4,80.0,1.6,314.0,3.2,300.0,0.0,,,,,,,,,,,2024-03-22T00:31:00,,,,0,,,,,,,,,,,,,
2024-03-22 02:00:00,970.8,15.6,80.0,1.9,323.0,3.9,327.0,0.0,,,,,,,,,,,2024-03-22T01:46:00,,,,0,,,,,,,,,,,,,
2024-03-22 03:00:00,970.0,15.8,78.0,1.5,354.0,2.9,322.0,0.0,,,,,,,,,,,2024-03-22T02:03:00,,,,0,,,,,,,,,,,,,
2024-03-22 04:00:00,969.8,16.0,79.0,1.3,326.0,2.1,311.0,0.0,,,,,,,,,,,2024-03-22T03:53:00,,,,0,,,,,,,,,,,,,
2024-03-22 05:00:00,970.0,15.9,80.0,1.7,314.0,2.6,329.0,0.0,,,,,,,,,,,2024-03-22T04:57:00,,,,0,,,,,,,,,,,,,
2024-03-22 06:00:00,970.8,15.8,83.0,1.1,326.0,2.7,336.0,0.0,,,,,,,,,,,2024-03-22T05:05:00,,,,0,,,,,,,,,,,,,
2024-03-22 07:00:00,971.2,15.8,83.0,2.3,311.0,4.2,319.0,0.0,,,,,,,,,,,2024-03-22T06:55:00,,,,0,,,,,,,,,,,,,
2024-03-22 08:00:00,971.8,15.9,82.0,1.6,351.0,4.5,308.0,0.0,,,,,,,,,,,2024-03-22T07:02:00,,,,0,,,,,,,,,,,,,
2024-03-22 09:00:00,972.2,16.7,82.0,1.1,336.0,3.7,300.0,0.0,,,,,,,,,,,2024-03-22T08:26:00,,,,0,,,,,,,,,,,,,
2024-03-22 10:00:00,972.2,18.7,78.0,0.6,20.0,3.7,10.0,0.0,,,,,,,,,,,2024-03-22T09:15:00,,,,0,,,,,,,,,,,,,
2024-03-22 11:00:00,971.7,23.5,65.0,0.4,62.0,2.3,60.0,0.0,,,,,,,,,,,2024-03-22T10:56:00,,,,0,,,,,,,,,,,,,
2024-03-22 12:00:00,970.8,21.9,65.0,0.2,0.0,3.4,89.0,0.0,,,,,,,,,,,2024-03-22T11:26:00,,,,0,,,,,,,,,,,,,
2024-03-22 13:00:00,969.9,20.2,76.0,0.4,140.0,2.8,123.0,0.0,,,,,,,,,,,2024-03-22T12:44:00,,,,0,,,,,,,,,,,,,
2024-03-22 14:00:00,968.9,20.7,78.0,0.2,0.0,2.7,91.0,0.0,,,,,,,,,,,2024-03-22T13:33:00,,,,0,,,,,,,,,,,,,
2024-03-22 15:00:00,968.4,20.1,78.0,0.7,140.0,4.2,100.0,0.0,,,,,,,,,,,2024-03-22T14:05:00,,,,0,,,,,,,,,,,,,
2024-03-22 16:00:00,968.3,19.4,84.0,0.1,0.0,2.7,157.0,0.0,,,,,,,,,,,2024-03-22T15:03:00,,,,0,,,,,,,,,,,,,
2024-03-22 17:00:00,968.7,19.0,87.0,0.5,154.0,1.8,197.0,0.0,,,,,,,,,,,2024-03-22T16:38:00,,,,0,,,,,,,,,,,,,
2024-03-22 18:00:00,969.0,18.9,88.0,0.5,209.0,1.5,209.0,0.0,,,,,,,,,,,2024-03-22T17:59:00,,,,0,,,,,,,,,,,,,
2024-03-22 19:00:00,969.3,18.8,88.0,0.6,244.0,1.8,262.0,0.0,,,,,,,,,,,2024-03-22T18:45:00,,,,0,,,,,,,,,,,,,
2024-03-22 20:00:00,969.8,19.4,84.0,0.9,204.0,1.9,207.0,0.0,,,,,,,,,,,2024-03-22T19:55:00,,,,0,,,,,,,,,,,,,
2024-03-22 21:00:00,970.3,19.1,84.0,0.8,304.0,2.7,311.0,0.0,,,,,,,,,,,2024-03-22T20:51:00,,,,0,,,,,,,,,,,,,
2024-03-22 22:00:00,970.3,18.9,85.0,1.7,312.0,2.7,323.0,0.0,,,,,,,,,,,2024-03-22T21:54:00,,,,0,,,,,,,,,,,,,
2024-03-22 23:00:00,970.4,18.9,86.0,1.4,327.0,2.6,333.0,0.0,,,,,,,,,,,2024-03-22T23:00:00,,,,0,,,,,,,,,,,,,
2024-03-23 00:00:00,969.9,18.8,87.0,1.5,332.0,2.4,336.0,0.0,,,,,,,,,,,2024-03-22T23:02:00,,,,0,,,,,,,,,,,,,
2024-03-23 01:00:00,969.5,19.1,85.0,1.4,328.0,2.4,329.0,0.0,,,,,,,,,,,2024-03-23T00:36:00,,,,0,,,,,,,,,,,,,
2024-03-23 02:00:00,969.1,19.1,82.0,1.4,308.0,2.9,320.0,0.0,,,,,,,,,,,2024-03-23T01:40:00,,,,0,,,,,,,,,,,,,
2024-03-23 03:00:00,968.4,19.7,79.0,1.7,315.0,3.2,321.0,0.0,,,,,,,,,,,2024-03-23T02:15:00,,,,0,,,,,,,,,,,,,
2024-03-23 04:00:00,968.2,19.5,81.0,1.1,353.0,2.7,325.0,0.0,,,,,,,,,,,2024-03-23T03:52:00,,,,0,,,,,,,,,,,,,
2024-03-23 05:00:00,968.6,19.5,81.0,1.7,304.0,2.9,328.0,0.0,,,,,,,,,,,2024-03-23T04:56:00,,,,0,,,,,,,,,,,,,
2024-03-23 06:00:00,969.4,20.2,80.0,1.3,344.0,3.0,320.0,0.0,,,,,,,,,,,2024-03-23T05:08:00,,,,0,,,,,,,,,,,,,
2024-03-23 07:00:00,970.0,20.2,77.0,1.7,349.0,2.5,334.0,0.0,,,,,,,,,,,2024-03-23T06:29:00,,,,0,,,,,,,,,,,,,
2024-03-23 08:00:00,971.0,23.2,69.0,0.3,44.0,2.2,325.0,0.0,,,,,,,,,,,2024-03-23T07:02:00,,,,0,,,,,,,,,,,,,
2024-03-23 09:00:00,971.1,26.2,67.0,0.0,0.0,2.2,4.0,0.0,,,,,,,,,,,2024-03-23T08:08:00,,,,0,,,,,,,,,,,,,
2024-03-23 10:00:00,971.2,25.8,68.0,0.5,163.0,2.3,132.0,0.0,,,,,,,,,,,2024-03-23T09:53:00,,,,0,,,,,,,,,,,,,
2024-03-23 11:00:00,970.9,23.3,80.0,0.4,155.0,3.8,125.0,0.0,,,,,,,,,,,2024-03-23T10:47:00,,,,0,,,,,,,,,,,,,
2024-03-23 12:00:00,970.3,22.5,89.0,1.1,157.0,5.9,152.0,0.0,,,,,,,,,,,2024-03-23T11:08:00,,,,0,,,,,,,,,,,,,
2024-03-23 13:00:00,969.8,22.4,94.0,1.4,161.0,6.4,108.0,0.0,,,,,,,,,,,2024-03-23T12:26:00,,,,0,,,,,,,,,,,,,
2024-03-23 14:00:00,969.0,22.1,96.0,1.3,155.0,6.8,134.0,0.0,,,,,,,,,,,2024-03-23T13:18:00,,,,0,,,,,,,,,,,,,
2024-03-23 15:00:00,968.6,22.4,98.0,1.6,169.0,6.9,150.0,0.0,,,,,,,,,,,2024-03-23T14:45:00,,,,0,,,,,,,,,,,,,
2024-03-23 16:00:00,968.5,22.2,100.0,1.3,164.0,6.6,149.0,0.0,,,,,,,,,,,2024-03-23T15:11:00,,,,0,,,,,,,,,,,,,
2024-03-23 17:00:00,968.7,21.9,100.0,1.4,151.0,6.3,190.0,0.0,,,,,,,,,,,2024-03-23T16:01:00,,,,0,,,,,,,,,,,,,
2024-03-23 18:00:00,969.1,21.9,100.0,1.1,173.0,4.6,165.0,0.0,,,,,,,,,,,2024-03-23T17:18:00,,,,0,,,,,,,,,,,,,
2024-03-23 19:00:00,969.6,22.0,100.0,1.5,153.0,6.4,148.0,0.0,,,,,,,,,,,2024-03-23T18:25:00,,,,0,,,,,,,,,,,,,
2024-03-23 20:00:00,970.0,22.1,100.0,1.5,154.0,6.9,111.0,0.0,,,,,,,,,,,2024-03-23T19:56:00,,,,0,,,,,,,,,,,,,
2024-03-23 21:00:00,970.6,22.4,100.0,1.6,160.0,6.0,147.0,0.0,,,,,,,,,,,2024-03-23T20:09:00,,,,0,,,,,,,,,,,,,
2024-03-23 22:00:00,971.2,22.1,100.0,0.9,160.0,4.2,199.0,0.0,,,,,,,,,,,2024-03-23T21:13:00,,,,0,,,,,,,,,,,,,
2024-03-23 23:00:00,971.1,21.6,100.0,1.4,182.0,4.2,193.0,0.0,,,,,,,,,,,2024-03-23T22:27:00,,,,0,,,,,,,,,,,,,
2024-03-24 00:00:00,971.0,21.8,100.0,0.7,151.0,4.2,160.0,0.0,,,,,,,,,,,2024-03-23T23:32:00,,,,0,,,,,,,,,,,,,
2024-03-24 01:00:00,970.9,21.6,100.0,1.1,184.0,3.4,199.0,0.0,,,,,,,,,,,2024-03-24T00:42:00,,,,0,,,,,,,,,,,,,
2024-03-24 02:00:00,970.6,21.5,100.0,0.9,168.0,3.7,180.0,0.0,,,,,,,,,,,2024-03-24T01:40:00,,,,0,,,,,,,,,,,,,
2024-03-24 03:00:00,970.4,21.1,100.0,1.2,180.0,4.2,187.0,0.0,,,,,,,,,,,2024-03-24T02:42:00,,,,0,,,,,,,,,,,,,
2024-03-24 04:00:00,970.4,20.8,100.0,1.3,183.0,3.8,204.0,0.0,,,,,,,,,,,2024-03-24T03:22:00,,,,0,,,,,,,,,,,,,
2024-03-24 05:00:00,971.1,21.1,100.0,0.9,188.0,2.8,191.0,0.0,,,,,,,,,,,2024-03-24T04:58:00,,,,0,,,,,,,,,,,,,
2024-03-24 06:00:00,971.6,21.1,98.0,0.6,167.0,3.0,203.0,0.0,,,,,,,,,,,2024-03-24T05:02:00,,,,0,,,,,,,,,,,,,
2024-03-24 07:00:00,972.4,21.3,97.0,0.0,0.0,2.5,178.0,0.0,,,,,,,,,,,2024-03-24T06:09:00,,,,0,,,,,,,,,,,,,
2024-03-24 08:00:00,973.3,22.3,96.0,0.3,146.0,2.0,183.0,0.5,,,,,,,,,,,2024-03-24T07:34:00,,,,0,,,,,,,,,,,,,
2024-03-24 09:00:00,973.4,25.2,84.0,0.4,148.0,2.0,190.0,0.0,,,,,,,,,,,2024-03-24T08:43:00,,,,0,,,,,,,,,,,,,
2024-03-24 10:00:00,973.1,24.5,83.0,1.2,166.0,4.2,201.0,0.0,,,,,,,,,,,2024-03-24T09:56:00,,,,0,,,,,,,,,,,,,
2024-03-24 11:00:00,972.7,24.1,88.0,1.0,158.0,6.3,130.0,0.0,,,,,,,,,,,2024-03-24T10:57:00,,,,0,,,,,,,,,,,,,
2024-03-24 12:00:00,971.8,23.9,90.0,0.5,146.0,5.4,122.0,0.0,,,,,,,,,,,2024-03-24T11:07:00,,,,0,,,,,,,,,,,,,
2024-03-24 13:00:00,971.1,23.3,93.0,0.7,168.0,5.9,133.0,0.0,,,,,,,,,,,2024-03-24T12:19:00,,,,0,,,,,,,,,,,,,
2024-03-24 14:00:00,970.5,23.1,95.0,0.5,177.0,4.4,156.0,0.0,,,,,,,,,,,2024-03-24T13:39:00,,,,0,,,,,,,,,,,,,
2024-03-24 15:00:00,970.0,23.0,94.0,0.9,174.0,4.4,216.0,0.0,,,,,,,,,,,2024-03-24T14:53:00,,,,0,,,,,,,,,,,,,
2024-03-24 16:00:00,969.7,22.9,97.0,0.6,171.0,3.9,193.0,0.0,,,,,,,,,,,2024-03-24T15:39:00,,,,0,,,,,,,,,,,,,
2024-03-24 17:00:00,969.8,22.5,100.0,0.5,159.0,4.1,147.0,0.0,,,,,,,,,,,2024-03-24T16:36:00,,,,0,,,,,,,,,,,,,
2024-03-24 18:00:00,970.2,22.4,100.0,1.3,148.0,4.5,127.0,0.0,,,,,,,,,,,2024-03-24T17:57:00,,,,0,,,,,,,,,,,,,
2024-03-24 19:00:00,970.9,22.3,100.0,0.9,157.0,3.8,195.0,0.0,,,,,,,,,,,2024-03-24T18:12:00,,,,0,,,,,,,,,,,,,
2024-03-24 20:00:00,971.7,22.0,100.0,0.7,157.0,3.7,147.0,0.0,,,,,,,,,,,2024-03-24T19:13:00,,,,0,,,,,,,,,,,,,
2024-03-24 21:00:00,972.3,22.2,100.0,0.7,153.0,3.3,143.0,0.5,,,,,,,,,,,2024-03-24T20:24:00,,,,0,,,,,,,,,,,,,
2024-03-24 22:00:00,972.5,22.3,100.0,0.8,170.0,2.5,133.0,4.0,,,,,,,,,,,2024-03-24T21:08:00,,,,0,,,,,,,,,,,,,
2024-03-24 23:00:00,972.4,22.4,100.0,0.6,165.0,4.0,212.0,1.0,,,,,,,,,,,2024-03-24T22:49:00,,,,0,,,,,,,,,,,,,
2024-03-25 00:00:00,972.0,22.3,100.0,0.9,179.0,4.2,197.0,2.0,,,,,,,,,,,2024-03-24T23:58:00,,,,0,,,,,,,,,,,,,
2024-03-25 01:00:00,971.1,22.3,100.0,0.8,173.0,4.9,201.0,0.0,,,,,,,,,,,2024-03-25T00:34:00,,,,0,,,,,,,,,,,,,
2024-03-25 02:00:00,970.5,22.2,100.0,1.4,159.0,4.6,147.0,0.5,,,,,,,,,,,2024-03-25T01:56:00,,,,0,,,,,,,,,,,,,
2024-03-25 03:00:00,969.9,22.1,100.0,1.1,168.0,4.7,203.0,0.0,,,,,,,,,,,2024-03-25T02:54:00,,,,0,,,,,,,,,,,,,
2024-03-25 04:00:00,969.7,21.7,100.0,1.2,185.0,5.8,197.0,0.5,,,,,,,,,,,2024-03-25T03:21:00,,,,0,,,,,,,,,,,,,
2024-03-25 05:00:00,969.9,21.7,100.0,0.4,173.0,6.5,196.0,0.0,,,,,,,,,,,2024-03-25T04:18:00,,,,0,,,,,,,,,,,,,
2024-03-25 06:00:00,970.3,21.7,100.0,0.7,170.0,4.2,194.0,0.0,,,,,,,,,,,2024-03-25T05:22:00,,,,0,,,,,,,,,,,,,
2024-03-25 07:00:00,970.9,21.3,100.0,1.2,178.0,5.2,197.0,0.0,,,,,,,,,,,2024-03-25T06:49:00,,,,0,,,,,,,,,,,,,
2024-03-25 08:00:00,971.4,21.7,100.0,1.5,181.0,5.5,207.0,0.5,,,,,,,,,,,2024-03-25T07:04:00,,,,0,,,,,,,,,,,,,
2024-03-25 09:00:00,971.5,21.9,100.0,1.6,153.0,5.1,188.0,0.0,,,,,,,,,,,2024-03-25T08:43:00,,,,0,,,,,,,,,,,,,
2024-03-25 10:00:00,971.4,22.4,99.0,1.8,154.0,5.0,161.0,0.0,,,,,,,,,,,2024-03-25T09:56:00,,,,0,,,,,,,,,,,,,
2024-03-25 11:00:00,970.9,23.4,89.0,1.5,162.0,5.0,146.0,0.0,,,,,,,,,,,2024-03-25T10:31:00,,,,0,,,,,,,,,,,,,
2024-03-25 12:00:00,970.2,23.9,86.0,1.9,167.0,5.8,197.0,0.0,,,,,,,,,,,2024-03-25T11:05:00,,,,0,,,,,,,,,,,,,
2024-03-25 13:00:00,969.2,24.7,84.0,1.2,159.0,5.8,152.0,0.0,,,,,,,,,,,2024-03-25T12:14:00,,,,0,,,,,,,,,,,,,
2024-03-25 14:00:00,968.4,24.8,82.0,1.2,165.0,4.8,210.0,0.0,,,,,,,,,,,2024-03-25T13:07:00,,,,0,,,,,,,,,,,,,
2024-03-25 15:00:00,967.6,23.7,89.0,1.5,164.0,5.4,200.0,0.0,,,,,,,,,,,2024-03-25T14:29:00,,,,0,,,,,,,,,,,,,
2024-03-25 16:00:00,967.3,23.0,95.0,1.5,164.0,5.5,185.0,0.0,,,,,,,,,,,2024-03-25T15:36:00,,,,0,,,,,,,,,,,,,
2024-03-25 17:00:00,967.5,22.7,98.0,1.0,167.0,4.4,180.0,0.0,,,,,,,,,,,2024-03-25T16:37:00,,,,0,,,,,,,,,,,,,
2024-03-25 18:00:00,967.7,22.6,99.0,0.7,167.0,2.9,192.0,0.0,,,,,,,,,,,2024-03-25T17:47:00,,,,0,,,,,,,,,,,,,
2024-03-25 19:00:00,968.5,22.7,100.0,0.7,158.0,3.2,141.0,0.0,,,,,,,,,,,2024-03-25T18:36:00,,,,0,,,,,,,,,,,,,
2024-03-25 20:00:00,969.3,22.7,100.0,1.5,104.0,3.3,104.0,0.0,,,,,,,,,,,2024-03-25T19:53:00,,,,0,,,,,,,,,,,,,
2024-03-25 21:00:00,969.7,22.3,100.0,1.4,76.0,3.7,112.0,0.0,,,,,,,,,,,2024-03-25T20:15:00,,,,0,,,,,,,,,,,,,
2024-03-25 22:00:00,969.7,22.3,100.0,0.1,0.0,2.6,76.0,0.0,,,,,,,,,,,2024-03-25T21:09:00,,,,0,,,,,,,,,,,,,
2024-03-25 23:00:00,969.7,21.3,100.0,0.2,0.0,2.9,52.0,0.0,,,,,,,,,,,2024-03-25T22:21:00,,,,0,,,,,,,,,,,,,
2024-03-26 00:00:00,969.5,20.8,100.0,0.3,354.0,1.9,49.0,0.0,,,,,,,,,,,2024-03-25T23:24:00,,,,0,,,,,,,,,,,,,
2024-03-26 01:00:00,969.0,20.2,100.0,0.3,360.0,2.9,353.0,0.0,,,,,,,,,,,2024-03-26T00:56:00,,,,0,,,,,,,,,,,,,
2024-03-26 02:00:00,969.0,20.1,100.0,1.3,332.0,3.9,327.0,0.0,,,,,,,,,,,2024-03-26T01:49:00,,,,0,,,,,,,,,,,,,
2024-03-26 03:00:00,968.8,19.7,97.0,1.2,315.0,4.9,2.0,0.0,,,,,,,,,,,2024-03-26T02:23:00,,,,0,,,,,,,,,,,,,
2024-03-26 04:00:00,969.1,19.6,94.0,1.3,313.0,3.9,1.0,0.0,,,,,,,,,,,2024-03-26T03:48:00,,,,0,,,,,,,,,,,,,
2024-03-26 05:00:00,969.8,19.3,96.0,0.6,335.0,3.2,356.0,0.0,,,,,,,,,,,2024-03-26T04:12:00,,,,0,,,,,,,,,,,,,
2024-03-26 06:00:00,970.4,19.1,94.0,0.3,355.0,3.3,21.0,0.0,,,,,,,,,,,2024-03-26T05:22:00,,,,0,,,,,,,,,,,,,
2024-03-26 07:00:00,971.5,22.3,82.0,0.4,69.0,2.8,56.0,0.0,,,,,,,,,,,2024-03-26T07:00:00,,,,0,,,,,,,,,,,,,
2024-03-26 08:00:00,972.2,25.1,75.0,0.5,53.0,3.5,57.0,0.0,,,,,,,,,,,2024-03-26T07:28:00,,,,0,,,,,,,,,,,,,
2024-03-26 09:00:00,972.8,28.0,68.0,0.3,70.0,2.3,34.0,0.0,,,,,,,,,,,2024-03-26T08:48:00,,,,0,,,,,,,,,,,,,
2024-03-26 10:00:00,973.5,25.9,78.0,1.6,58.0,4.3,53.0,0.0,,,,,,,,,,,2024-03-26T09:52:00,,,,0,,,,,,,,,,,,,
2024-03-26 11:00:00,973.4,26.0,79.0,0.8,81.0,5.0,65.0,0.0,,,,,,,,,,,2024-03-26T10:02:00,,,,0,,,,,,,,,,,,,
2024-03-26 12:00:00,973.3,29.5,66.0,0.8,85.0,5.5,50.0,0.0,,,,,,,,,,,2024-03-26T11:16:00,,,,0,,,,,,,,,,,,,
2024-03-26 13:00:00,972.8,28.1,72.0,0.7,87.0,5.9,84.0,0.0,,,,,,,,,,,2024-03-26T12:37:00,,,,0,,,,,,,,,,,,,
2024-03-26 14:00:00,972.4,28.1,72.0,0.9,72.0,4.8,83.0,0.0,,,,,,,,,,,2024-03-26T13:40:00,,,,0,,,,,,,,,,,,,
2024-03-26 15:00:00,972.1,25.3,79.0,1.6,57.0,7.0,80.0,0.0,,,,,,,,,,,2024-03-26T15:00:00,,,,0,,,,,,,,,,,,,
2024-03-26 16:00:00,972.1,22.6,94.0,1.3,58.0,7.6,56.0,0.0,,,,,,,,,,,2024-03-26T15:18:00,,,,0,,,,,,,,,,,,,
2024-03-26 17:00:00,972.5,20.0,99.0,0.7,76.0,3.5,49.0,0.0,,,,,,,,,,,2024-03-26T16:42:00,,,,0,,,,,,,,,,,,,
2024-03-26 18:00:00,973.3,19.0,100.0,0.3,58.0,3.8,24.0,0.0,,,,,,,,,,,2024-03-26T17:29:00,,,,0,,,,,,,,,,,,,
2024-03-26 19:00:00,973.8,18.6,100.0,0.6,20.0,4.0,39.0,0.5,,,,,,,,,,,2024-03-26T18:52:00,,,,0,,,,,,,,,,,,,
2024-03-26 20:00:00,974.7,18.5,100.0,0.3,87.0,3.7,33.0,0.0,,,,,,,,,,,2024-03-26T19:35:00,,,,0,,,,,,,,,,,,,
2024-03-26 21:00:00,975.5,18.4,100.0,0.2,0.0,3.0,35.0,0.0,,,,,,,,,,,2024-03-26T20:53:00,,,,0,,,,,,,,,,,,,
2024-03-26 22:00:00,976.0,18.1,100.0,0.2,0.0,3.4,53.0,0.0,,,,,,,,,,,2024-03-26T21:29:00,,,,0,,,,,,,,,,,,,
2024-03-26 23:00:00,975.9,17.5,100.0,0.4,15.0,3.9,18.0,0.0,,,,,,,,,,,2024-03-26T22:32:00,,,,0,,,,,,,,,,,,,
2024-03-27 00:00:00,975.4,17.3,100.0,0.5,24.0,3.0,24.0,0.0,,,,,,,,,,,2024-03-26T23:44:00,,,,0,,,,,,,,,,,,,
2024-03-27 01:00:00,975.0,17.1,100.0,0.3,3.0,3.2,42.0,0.0,,,,,,,,,,,2024-03-27T00:16:00,,,,0,,,,,,,,,,,,,
2024-03-27 02:00:00,974.6,16.8,99.0,0.5,4.0,4.2,357.0,0.0,,,,,,,,,,,2024-03-27T01:14:00,,,,0,,,,,,,,,,,,,
2024-03-27 03:00:00,974.2,16.8,99.0,0.6,353.0,3.7,1.0,0.0,,,,,,,,,,,2024-03-27T02:06:00,,,,0,,,,,,,,,,,,,
2024-03-27 04:00:00,973.8,16.7,100.0,1.0,326.0,4.8,358.0,0.0,,,,,,,,,,,2024-03-27T03:30:00,,,,0,,,,,,,,,,,,,
2024-03-27 05:00:00,974.3,16.7,100.0,0.8,328.0,4.7,3.0,0.0,,,,,,,,,,,2024-03-27T04:16:00,,,,0,,,,,,,,,,,,,
2024-03-27 06:00:00,974.9,16.6,100.0,1.4,325.0,5.6,331.0,0.0,,,,,,,,,,,2024-03-27T05:58:00,,,,0,,,,,,,,,,,,,
2024-03-27 07:00:00,975.7,16.9,100.0,0.6,9.0,4.0,308.0,0.0,,,,,,,,,,,2024-03-27T06:11:00,,,,0,,,,,,,,,,,,,
2024-03-27 08:00:00,976.1,17.8,98.0,0.2,0.0,4.4,8.0,0.0,,,,,,,,,,,2024-03-27T07:05:00,,,,0,,,,,,,,,,,,,
2024-03-27 09:00:00,976.3,20.2,91.0,0.2,0.0,2.3,75.0,0.0,,,,,,,,,,,2024-03-27T08:45:00,,,,0,,,,,,,,,,,,,
2024-03-27 10:00:00,975.9,23.2,79.0,0.2,0.0,2.1,12.0,0.0,,,,,,,,,,,2024-03-27T09:38:00,,,,0,,,,,,,,,,,,,
2024-03-27 11:00:00,975.2,26.5,67.0,0.6,49.0,3.6,50.0,0.0,,,,,,,,,,,2024-03-27T10:50:00,,,,0,,,,,,,,,,,,,
2024-03-27 12:00:00,974.2,25.6,68.0,0.5,64.0,3.4,40.0,0.0,,,,,,,,,,,2024-03-27T11:38:00,,,,0,,,,,,,,,,,,,
2024-03-27 13:00:00,973.3,22.1,80.0,2.3,62.0,6.2,65.0,0.0,,,,,,,,,,,2024-03-27T12:40:00,,,,0,,,,,,,,,,,,,
2024-03-27 14:00:00,972.9,21.0,86.0,1.3,72.0,6.0,69.0,0.0,,,,,,,,,,,2024-03-27T13:35:00,,,,0,,,,,,,,,,,,,
2024-03-27 15:00:00,972.4,20.2,91.0,1.2,71.0,6.6,52.0,0.0,,,,,,,,,,,2024-03-27T14:45:00,,,,0,,,,,,,,,,,,,
2024-03-27 16:00:00,972.6,19.7,93.0,1.2,65.0,6.2,79.0,0.0,,,,,,,,,,,2024-03-27T15:04:00,,,,0,,,,,,,,,,,,,
2024-03-27 17:00:00,972.6,19.8,91.0,0.4,65.0,4.6,64.0,0.0,,,,,,,,,,,2024-03-27T16:14:00,,,,0,,,,,,,,,,,,,
2024-03-27 18:00:00,972.8,19.7,94.0,0.0,0.0,2.0,63.0,0.0,,,,,,,,,,,2024-03-27T17:02:00,,,,0,,,,,,,,,,,,,
2024-03-27 19:00:00,973.3,19.2,92.0,0.5,218.0,1.3,208.0,0.0,,,,,,,,,,,2024-03-27T18:24:00,,,,0,,,,,,,,,,,,,
2024-03-27 20:00:00,973.5,19.4,91.0,1.0,295.0,1.7,273.0,0.0,,,,,,,,,,,2024-03-27T19:31:00,,,,0,,,,,,,,,,,,,
2024-03-27 21:00:00,973.8,19.5,88.0,0.8,36.0,1.7,338.0,0.0,,,,,,,,,,,2024-03-27T20:28:00,,,,0,,,,,,,,,,,,,
2024-03-27 22:00:00,973.6,19.3,92.0,1.3,323.0,2.1,314.0,0.0,,,,,,,,,,,2024-03-27T21:51:00,,,,0,,,,,,,,,,,,,
2024-03-27 23:00:00,973.5,19.8,85.0,0.3,327.0,2.5,311.0,0.0,,,,,,,,,,,2024-03-27T22:02:00,,,,0,,,,,,,,,,,,,
2024-03-28 00:00:00,972.6,19.7,86.0,1.0,330.0,1.4,287.0,0.0,,,,,,,,,,,2024-03-27T23:13:00,,,,0,,,,,,,,,,,,,
2024-03-28 01:00:00,971.5,20.3,82.0,0.6,88.0,1.4,103.0,0.0,,,,,,,,,,,2024-03-28T00:35:00,,,,0,,,,,,,,,,,,,
2024-03-28 02:00:00,970.4,19.7,84.0,0.0,0.0,1.7,305.0,0.0,,,,,,,,,,,2024-03-28T01:33:00,,,,0,,,,,,,,,,,,,
2024-03-28 03:00:00,969.1,19.7,86.0,1.2,194.0,2.0,209.0,0.0,,,,,,,,,,,2024-03-28T03:00:00,,,,0,,,,,,,,,,,,,
2024-03-28 04:00:00,968.5,19.7,86.0,1.2,183.0,2.6,202.0,0.0,,,,,,,,,,,2024-03-28T03:59:00,,,,0,,,,,,,,,,,,,
2024-03-28 05:00:00,967.8,19.6,88.0,0.0,0.0,2.9,191.0,0.0,,,,,,,,,,,2024-03-28T04:03:00,,,,0,,,,,,,,,,,,,
2024-03-28 06:00:00,967.9,20.4,84.0,0.8,163.0,2.7,197.0,0.0,,,,,,,,,,,2024-03-28T05:49:00,,,,0,,,,,,,,,,,,,
2024-03-28 07:00:00,968.3,20.3,85.0,0.0,0.0,3.2,192.0,0.0,,,,,,,,,,,2024-03-28T06:41:00,,,,0,,,,,,,,,,,,,
2024-03-28 08:00:00,968.3,20.8,87.0,1.1,192.0,3.9,202.0,0.0,,,,,,,,,,,2024-03-28T07:44:00,,,,0,,,,,,,,,,,,,
2024-03-28 09:00:00,968.3,21.6,92.0,1.2,161.0,5.4,198.0,0.0,,,,,,,,,,,2024-03-28T08:42:00,,,,0,,,,,,,,,,,,,
2024-03-28 10:00:00,967.5,22.8,91.0,1.6,162.0,6.5,157.0,0.0,,,,,,,,,,,2024-03-28T09:50:00,,,,0,,,,,,,,,,,,,
2024-03-28 11:00:00,967.2,22.9,92.0,2.0,168.0,7.0,198.0,0.0,,,,,,,,,,,2024-03-28T10:55:00,,,,0,,,,,,,,,,,,,
2024-03-28 12:00:00,966.6,23.5,94.0,1.6,169.0,6.3,150.0,0.0,,,,,,,,,,,2024-03-28T11:17:00,,,,0,,,,,,,,,,,,,
2024-03-28 13:00:00,965.7,24.5,90.0,1.6,172.0,8.2,193.0,0.0,,,,,,,,,,,2024-03-28T12:25:00,,,,0,,,,,,,,,,,,,
2024-03-28 14:00:00,964.3,25.1,91.0,0.5,44.0,6.8,213.0,0.0,,,,,,,,,,,2024-03-28T13:09:00,,,,0,,,,,,,,,,,,,
2024-03-28 15:00:00,964.4,26.1,85.0,1.0,63.0,5.0,54.0,0.0,,,,,,,,,,,2024-03-28T14:38:00,,,,0,,,,,,,,,,,,,
2024-03-28 16:00:00,964.6,23.6,94.0,0.8,350.0,5.1,49.0,0.0,,,,,,,,,,,2024-03-28T15:07:00,,,,0,,,,,,,,,,,,,
2024-03-28 17:00:00,964.5,23.2,97.0,0.2,0.0,5.7,43.0,0.0,,,,,,,,,,,2024-03-28T16:30:00,,,,0,,,,,,,,,,,,,
2024-03-28 18:00:00,964.8,22.8,94.0,1.1,305.0,3.7,325.0,0.0,,,,,,,,,,,2024-03-28T17:47:00,,,,0,,,,,,,,,,,,,
2024-03-28 19:00:00,965.2,22.0,97.0,0.4,319.0,3.1,312.0,0.0,,,,,,,,,,,2024-03-28T18:03:00,,,,0,,,,,,,,,,,,,
2024-03-28 20:00:00,966.2,21.8,98.0,1.1,325.0,3.4,334.0,0.0,,,,,,,,,,,2024-03-28T19:43:00,,,,0,,,,,,,,,,,,,
2024-03-28 21:00:00,966.9,21.7,97.0,1.2,313.0,4.8,5.0,0.0,,,,,,,,,,,2024-03-28T20:25:00,,,,0,,,,,,,,,,,,,
2024-03-28 22:00:00,967.4,21.5,97.0,2.4,318.0,6.1,323.0,0.0,,,,,,,,,,,2024-03-28T21:54:00,,,,0,,,,,,,,,,,,,
2024-03-28 23:00:00,967.7,21.1,98.0,2.0,322.0,5.8,306.0,0.0,,,,,,,,,,,2024-03-28T22:50:00,,,,0,,,,,,,,,,,,,
2024-03-29 00:00:00,967.3,20.9,97.0,2.1,311.0,5.2,333.0,0.0,,,,,,,,,,,2024-03-28T23:59:00,,,,0,,,,,,,,,,,,,
2024-03-29 01:00:00,967.2,20.7,94.0,2.6,305.0,5.1,316.0,0.0,,,,,,,,,,,2024-03-29T00:54:00,,,,0,,,,,,,,,,,,,
2024-03-29 02:00:00,966.6,21.2,86.0,2.4,301.0,5.2,330.0,0.0,,,,,,,,,,,2024-03-29T01:04:00,,,,0,,,,,,,,,,,,,
2024-03-29 03:00:00,966.3,22.1,89.0,1.0,193.0,3.8,322.0,0.0,,,,,,,,,,,2024-03-29T02:09:00,,,,0,,,,,,,,,,,,,
2024-03-29 04:00:00,966.4,22.2,90.0,0.6,179.0,2.2,266.0,0.0,,,,,,,,,,,2024-03-29T03:10:00,,,,0,,,,,,,,,,,,,
2024-03-29 05:00:00,966.7,22.2,90.0,0.0,0.0,1.4,207.0,0.0,,,,,,,,,,,2024-03-29T04:16:00,,,,0,,,,,,,,,,,,,
2024-03-29 06:00:00,967.1,21.2,86.0,1.2,18.0,2.6,20.0,0.0,,,,,,,,,,,2024-03-29T05:51:00,,,,0,,,,,,,,,,,,,
2024-03-29 07:00:00,968.3,21.1,87.0,1.3,16.0,3.9,50.0,0.0,,,,,,,,,,,2024-03-29T06:41:00,,,,0,,,,,,,,,,,,,
2024-03-29 08:00:00,969.0,21.4,86.0,1.2,321.0,2.9,51.0,0.0,,,,,,,,,,,2024-03-29T07:03:00,,,,0,,,,,,,,,,,,,
2024-03-29 09:00:00,969.7,23.3,82.0,1.1,325.0,3.5,311.0,0.0,,,,,,,,,,,2024-03-29T08:55:00,,,,0,,,,,,,,,,,,,
2024-03-29 10:00:00,969.5,25.0,80.0,1.3,53.0,4.7,46.0,0.0,,,,,,,,,,,2024-03-29T09:59:00,,,,0,,,,,,,,,,,,,
2024-03-29 11:00:00,969.6,23.7,88.0,2.3,67.0,6.6,76.0,0.0,,,,,,,,,,,2024-03-29T10:56:00,,,,0,,,,,,,,,,,,,
2024-03-29 12:00:00,968.9,22.6,92.0,2.3,65.0,7.6,40.0,0.0,,,,,,,,,,,2024-03-29T11:59:00,,,,0,,,,,,,,,,,,,
2024-03-29 13:00:00,968.4,21.9,93.0,2.5,54.0,7.2,49.0,0.0,,,,,,,,,,,2024-03-29T12:45:00,,,,0,,,,,,,,,,,,,
2024-03-29 14:00:00,968.1,21.5,93.0,0.5,46.0,6.0,37.0,0.0,,,,,,,,,,,2024-03-29T13:06:00,,,,0,,,,,,,,,,,,,
2024-03-29 15:00:00,968.1,21.0,93.0,2.2,71.0,5.7,81.0,0.0,,,,,,,,,,,2024-03-29T14:38:00,,,,0,,,,,,,,,,,,,
2024-03-29 16:00:00,968.1,21.0,97.0,0.7,47.0,6.4,54.0,0.0,,,,,,,,,,,2024-03-29T15:27:00,,,,0,,,,,,,,,,,,,
2024-03-29 17:00:00,968.5,20.8,98.0,0.1,0.0,2.8,40.0,0.0,,,,,,,,,,,2024-03-29T16:05:00,,,,0,,,,,,,,,,,,,
2024-03-29 18:00:00,968.9,20.5,100.0,0.0,0.0,1.0,72.0,0.0,,,,,,,,,,,2024-03-29T17:49:00,,,,0,,,,,,,,,,,,,
2024-03-29 19:00:00,969.8,20.1,100.0,0.0,0.0,0.6,51.0,0.0,,,,,,,,,,,2024-03-29T18:37:00,,,,0,,,,,,,,,,,,,
2024-03-29 20:00:00,970.5,19.4,100.0,0.5,329.0,2.9,313.0,0.5,,,,,,,,,,,2024-03-29T19:47:00,,,,0,,,,,,,,,,,,,
2024-03-29 21:00:00,971.1,19.2,100.0,1.2,323.0,3.0,6.0,0.0,,,,,,,,,,,2024-03-29T20:27:00,,,,0,,,,,,,,,,,,,
2024-03-29 22:00:00,971.2,19.2,100.0,0.4,340.0,3.2,310.0,0.0,,,,,,,,,,,2024-03-29T21:07:00,,,,0,,,,,,,,,,,,,
2024-03-29 23:00:00,971.2,19.1,100.0,0.5,335.0,3.5,342.0,0.0,,,,,,,,,,,2024-03-29T22:37:00,,,,0,,,,,,,,,,,,,
2024-03-30 00:00:00,970.4,19.1,100.0,2.0,316.0,3.8,235.0,0.0,,,,,,,,,,,2024-03-29T23:36:00,,,,0,,,,,,,,,,,,,
2024-03-30 01:00:00,969.8,19.2,100.0,1.8,310.0,4.2,322.0,0.0,,,,,,,,,,,2024-03-30T00:13:00,,,,0,,,,,,,,,,,,,
2024-03-30 02:00:00,969.6,19.4,100.0,1.5,312.0,3.4,330.0,0.0,,,,,,,,,,,2024-03-30T01:01:00,,,,0,,,,,,,,,,,,,
2024-03-30 03:00:00,969.3,19.8,98.0,1.1,320.0,2.2,304.0,0.0,,,,,,,,,,,2024-03-30T02:28:00,,,,0,,,,,,,,,,,,,
2024-03-30 04:00:00,969.4,20.6,92.0,0.4,183.0,1.8,317.0,0.0,,,,,,,,,,,2024-03-30T03:04:00,,,,0,,,,,,,,,,,,,
2024-03-30 05:00:00,969.6,20.4,91.0,0.1,0.0,0.9,203.0,0.0,,,,,,,,,,,2024-03-30T04:01:00,,,,0,,,,,,,,,,,,,
2024-03-30 06:00:00,970.3,20.6,81.0,0.8,130.0,2.5,45.0,0.0,,,,,,,,,,,2024-03-30T05:25:00,,,,0,,,,,,,,,,,,,
2024-03-30 07:00:00,970.3,20.0,88.0,1.0,319.0,1.9,35.0,0.0,,,,,,,,,,,2024-03-30T06:31:00,,,,0,,,,,,,,,,,,,
2024-03-30 08:00:00,971.1,20.5,84.0,1.0,27.0,3.9,303.0,0.0,,,,,,,,,,,2024-03-30T07:41:00,,,,0,,,,,,,,,,,,,
2024-03-30 09:00:00,971.2,20.9,92.0,0.2,0.0,4.2,63.0,0.0,,,,,,,,,,,2024-03-30T08:26:00,,,,0,,,,,,,,,,,,,
2024-03-30 10:00:00,971.8,22.5,88.0,0.0,0.0,1.5,339.0,0.0,,,,,,,,,,,2024-03-30T09:03:00,,,,0,,,,,,,,,,,,,
2024-03-30 11:00:00,971.5,22.5,84.0,0.4,58.0,1.8,47.0,0.0,,,,,,,,,,,2024-03-30T10:24:00,,,,0,,,,,,,,,,,,,
2024-03-30 12:00:00,970.5,24.6,78.0,0.2,0.0,2.4,37.0,0.0,,,,,,,,,,,2024-03-30T11:31:00,,,,0,,,,,,,,,,,,,
2024-03-30 13:00:00,969.5,25.4,76.0,0.2,0.0,2.0,73.0,0.0,,,,,,,,,,,2024-03-30T12:45:00,,,,0,,,,,,,,,,,,,
2024-03-30 14:00:00,968.5,23.9,78.0,0.7,146.0,2.7,132.0,0.0,,,,,,,,,,,2024-03-30T13:56:00,,,,0,,,,,,,,,,,,,
2024-03-30 15:00:00,968.1,22.5,87.0,1.5,130.0,4.7,102.0,0.0,,,,,,,,,,,2024-03-30T14:37:00,,,,0,,,,,,,,,,,,,
2024-03-30 16:00:00,968.0,22.4,88.0,0.1,0.0,3.4,129.0,0.0,,,,,,,,,,,2024-03-30T15:10:00,,,,0,,,,,,,,,,,,,
2024-03-30 17:00:00,968.2,22.4,84.0,0.3,129.0,1.9,109.0,0.0,,,,,,,,,,,2024-03-30T16:57:00,,,,0,,,,,,,,,,,,,
2024-03-30 18:00:00,968.4,21.8,87.0,0.0,0.0,1.8,108.0,0.0,,,,,,,,,,,2024-03-30T17:23:00,,,,0,,,,,,,,,,,,,
2024-03-30 19:00:00,969.0,21.3,93.0,0.0,0.0,1.6,110.0,0.0,,,,,,,,,,,2024-03-30T18:35:00,,,,0,,,,,,,,,,,,,
2024-03-30 20:00:00,969.4,21.1,94.0,0.0,0.0,0.0,0.0,0.0,,,,,,,,,,,2024-03-30T19:05:00,,,,0,,,,,,,,,,,,,
2024-03-30 21:00:00,969.4,21.1,89.0,0.0,0.0,0.0,0.0,0.0,,,,,,,,,,,2024-03-30T20:05:00,,,,0,,,,,,,,,,,,,
2024-03-30 22:00:00,969.3,21.4,81.0,0.0,0.0,0.0,0.0,0.0,,,,,,,,,,,2024-03-30T21:05:00,,,,0,,,,,,,,,,,,,
2024-03-30 23:00:00,969.1,21.4,80.0,0.0,0.0,0.0,0.0,0.0,,,,,,,,,,,2024-03-30T22:05:00,,,,0,,,,,,,,,,,,,
2024-03-31 00:00:00,968.8,21.1,84.0,0.0,0.0,0.0,0.0,0.0,,,,,,,,,,,2024-03-30T23:05:00,,,,0,,,,,,,,,,,,,
2024-03-31 01:00:00,968.0,20.5,89.0,0.0,0.0,0.0,0.0,0.0,,,,,,,,,,,2024-03-31T00:05:00,,,,0,,,,,,,,,,,,,
2024-03-31 02:00:00,967.6,20.9,84.0,0.0,0.0,0.0,0.0,0.0,,,,,,,,,,,2024-03-31T01:05:00,,,,0,,,,,,,,,,,,,
2024-03-31 03:00:00,966.9,20.8,87.0,1.8,187.0,3.1,190.0,0.0,,,,,,,,,,,2024-03-31T02:52:00,,,,0,,,,,,,,,,,,,
2024-03-31 04:00:00,966.9,20.2,92.0,1.2,172.0,3.2,196.0,0.0,,,,,,,,,,,2024-03-31T03:56:00,,,,0,,,,,,,,,,,,,
2024-03-31 05:00:00,967.2,20.3,96.0,1.1,175.0,4.0,188.0,0.0,,,,,,,,,,,2024-03-31T04:17:00,,,,0,,,,,,,,,,,,,
2024-03-31 06:00:00,967.2,20.5,95.0,0.8,204.0,3.0,205.0,0.0,,,,,,,,,,,2024-03-31T05:35:00,,,,0,,,,,,,,,,,,,
2024-03-31 07:00:00,967.5,21.3,91.0,0.0,0.0,2.0,119.0,0.0,,,,,,,,,,,2024-03-31T06:40:00,,,,0,,,,,,,,,,,,,
2024-03-31 08:00:00,967.5,22.9,86.0,0.3,274.0,1.6,274.0,0.0,,,,,,,,,,,2024-03-31T07:57:00,,,,0,,,,,,,,,,,,,
2024-03-31 09:00:00,967.1,26.8,72.0,0.1,0.0,2.0,123.0,0.0,,,,,,,,,,,2024-03-31T08:37:00,,,,0,,,,,,,,,,,,,
2024-03-31 10:00:00,966.7,29.1,66.0,0.0,0.0,2.3,145.0,0.0,,,,,,,,,,,2024-03-31T09:05:00,,,,0,,,,,,,,,,,,,
2024-03-31 11:00:00,966.2,28.1,70.0,0.9,163.0,3.3,205.0,0.0,,,,,,,,,,,2024-03-31T10:54:00,,,,0,,,,,,,,,,,,,
2024-03-31 12:00:00,965.1,29.0,66.0,1.0,162.0,5.0,194.0,0.0,,,,,,,,,,,2024-03-31T11:28:00,,,,0,,,,,,,,,,,,,
2024-03-31 13:00:00,963.4,33.1,38.0,1.6,181.0,10.4,210.0,0.0,,,,,,,,,,,2024-03-31T12:47:00,,,,0,,,,,,,,,,,,,
2024-03-31 14:00:00,962.5,32.3,41.0,1.7,183.0,8.4,224.0,0.0,,,,,,,,,,,2024-03-31T13:18:00,,,,0,,,,,,,,,,,,,
2024-03-31 15:00:00,962.0,31.1,42.0,1.4,188.0,7.8,190.0,0.0,,,,,,,,,,,2024-03-31T14:57:00,,,,0,,,,,,,,,,,,,
2024-03-31 16:00:00,962.0,30.8,44.0,0.5,213.0,10.5,198.0,0.0,,,,,,,,,,,2024-03-31T15:07:00,,,,0,,,,,,,,,,,,,
2024-03-31 17:00:00,962.0,29.4,48.0,0.7,226.0,7.0,205.0,0.0,,,,,,,,,,,2024-03-31T16:17:00,,,,0,,,,,,,,,,,,,
2024-03-31 18:00:00,962.5,28.7,47.0,1.3,191.0,6.4,211.0,0.0,,,,,,,,,,,2024-03-31T17:22:00,,,,0,,,,,,,,,,,,,
2024-03-31 19:00:00,963.4,28.1,48.0,1.1,196.0,5.4,139.0,0.0,,,,,,,,,,,2024-03-31T18:39:00,,,,0,,,,,,,,,,,,,
2024-03-31 20:00:00,964.7,25.6,71.0,2.1,65.0,4.7,175.0,0.0,,,,,,,,,,,2024-03-31T19:29:00,,,,0,,,,,,,,,,,,,
2024-03-31 21:00:00,965.3,23.2,80.0,1.5,32.0,4.5,59.0,0.0,,,,,,,,,,,2024-03-31T20:36:00,,,,0,,,,,,,,,,,,,
2024-03-31 22:00:00,965.8,22.3,84.0,1.0,324.0,3.6,54.0,0.0,,,,,,,,,,,2024-03-31T21:07:00,,,,0,,,,,,,,,,,,,
2024-03-31 23:00:00,966.3,22.1,86.0,1.8,320.0,6.7,323.0,0.0,,,,,,,,,,,2024-03-31T22:23:00,,,,0,,,,,,,,,,,,,
2024-04-01 00:00:00,966.3,22.0,88.0,0.4,350.0,7.2,11.0,0.0,,,,,,,,,,,2024-03-31T23:10:00,,,,0,,,,,,,,,,,,,
2024-04-01 01:00:00,966.9,21.8,90.0,0.8,53.0,5.9,52.0,0.0,,,,,,,,,,,2024-04-01T00:13:00,,,,0,,,,,,,,,,,,,
2024-04-01 02:00:00,967.1,21.4,93.0,1.0,331.0,2.5,39.0,0.0,,,,,,,,,,,2024-04-01T01:47:00,,,,0,,,,,,,,,,,,,
2024-04-01 03:00:00,966.4,21.8,91.0,1.0,311.0,2.9,317.0,0.0,,,,,,,,,,,2024-04-01T02:30:00,,,,0,,,,,,,,,,,,,
2024-04-01 04:00:00,966.7,22.1,90.0,0.8,24.0,4.0,46.0,0.0,,,,,,,,,,,2024-04-01T03:34:00,,,,0,,,,,,,,,,,,,
2024-04-01 05:00:00,967.1,22.3,92.0,0.6,58.0,3.6,43.0,0.0,,,,,,,,,,,2024-04-01T04:21:00,,,,0,,,,,,,,,,,,,
2024-04-01 06:00:00,967.8,21.7,98.0,0.6,315.0,3.9,46.0,6.0,,,,,,,,,,,2024-04-01T05:38:00,,,,0,,,,,,,,,,,,,
2024-04-01 07:00:00,968.9,21.4,100.0,0.3,21.0,6.0,286.0,18.0,,,,,,,,,,,2024-04-01T06:06:00,,,,0,,,,,,,,,,,,,
2024-04-01 08:00:00,969.7,20.8,99.0,0.4,94.0,4.4,74.0,0.5,,,,,,,,,,,2024-04-01T07:58:00,,,,0,,,,,,,,,,,,,
2024-04-01 09:00:00,970.2,19.6,100.0,0.6,18.0,5.4,29.0,0.0,,,,,,,,,,,2024-04-01T08:44:00,,,,0,,,,,,,,,,,,,
2024-04-01 10:00:00,970.8,19.0,100.0,1.6,359.0,4.9,329.0,0.0,,,,,,,,,,,2024-04-01T09:51:00,,,,0,,,,,,,,,,,,,
2024-04-01 11:00:00,969.8,21.1,95.0,0.0,0.0,5.4,31.0,0.0,,,,,,,,,,,2024-04-01T10:12:00,,,,0,,,,,,,,,,,,,
2024-04-01 12:00:00,969.6,20.6,94.0,0.3,111.0,2.4,112.0,0.0,,,,,,,,,,,2024-04-01T11:56:00,,,,0,,,,,,,,,,,,,
2024-04-01 13:00:00,968.8,20.8,94.0,0.3,14.0,2.4,41.0,0.0,,,,,,,,,,,2024-04-01T12:38:00,,,,0,,,,,,,,,,,,,
2024-04-01 14:00:00,968.1,21.5,90.0,0.4,318.0,2.4,64.0,0.0,,,,,,,,,,,2024-04-01T13:08:00,,,,0,,,,,,,,,,,,,
2024-04-01 15:00:00,967.8,22.5,84.0,0.0,0.0,1.7,286.0,0.0,,,,,,,,,,,2024-04-01T14:29:00,,,,0,,,,,,,,,,,,,
2024-04-01 16:00:00,967.3,21.9,85.0,1.0,304.0,2.3,294.0,0.0,,,,,,,,,,,2024-04-01T15:57:00,,,,0,,,,,,,,,,,,,
2024-04-01 17:00:00,967.5,21.1,89.0,0.4,319.0,3.1,336.0,0.0,,,,,,,,,,,2024-04-01T16:20:00,,,,0,,,,,,,,,,,,,
2024-04-01 18:00:00,967.8,20.7,92.0,0.8,10.0,2.3,44.0,0.0,,,,,,,,,,,2024-04-01T17:18:00,,,,0,,,,,,,,,,,,,
2024-04-01 19:00:00,968.0,20.7,86.0,2.2,302.0,3.6,316.0,0.0,,,,,,,,,,,2024-04-01T18:48:00,,,,0,,,,,,,,,,,,,
2024-04-01 20:00:00,968.4,20.7,84.0,1.9,313.0,4.2,337.0,0.0,,,,,,,,,,,2024-04-01T19:30:00,,,,0,,,,,,,,,,,,,
2024-04-01 21:00:00,968.7,20.6,85.0,1.4,315.0,3.9,5.0,0.0,,,,,,,,,,,2024-04-01T20:07:00,,,,0,,,,,,,,,,,,,
2024-04-01 22:00:00,968.8,20.2,86.0,0.6,31.0,3.4,34.0,0.0,,,,,,,,,,,2024-04-01T21:31:00,,,,0,,,,,,,,,,,,,
2024-04-01 23:00:00,968.3,20.2,95.0,1.2,83.0,3.9,59.0,0.0,,,,,,,,,,,2024-04-01T22:19:00,,,,0,,,,,,,,,,,,,
2024-04-02 00:00:00,967.6,20.0,95.0,0.2,0.0,1.8,108.0,0.0,,,,,,,,,,,2024-04-01T23:09:00,,,,0,,,,,,,,,,,,,
2024-04-02 01:00:00,966.7,20.0,97.0,0.9,136.0,1.9,119.0,0.0,,,,,,,,,,,2024-04-02T00:49:00,,,,0,,,,,,,,,,,,,
2024-04-02 02:00:00,966.4,19.7,99.0,0.6,151.0,1.3,150.0,0.0,,,,,,,,,,,2024-04-02T01:01:00,,,,0,,,,,,,,,,,,,
2024-04-02 03:00:00,965.8,19.5,99.0,0.7,149.0,1.5,161.0,0.0,,,,,,,,,,,2024-04-02T02:24:00,,,,0,,,,,,,,,,,,,
2024-04-02 04:00:00,965.9,19.6,96.0,1.2,181.0,2.9,192.0,0.0,,,,,,,,,,,2024-04-02T03:49:00,,,,0,,,,,,,,,,,,,
2024-04-02 05:00:00,966.5,19.3,96.0,1.4,212.0,2.9,206.0,0.0,,,,,,,,,,,2024-04-02T04:27:00,,,,0,,,,,,,,,,,,,
2024-04-02 06:00:00,967.3,19.7,92.0,0.9,237.0,3.8,206.0,0.0,,,,,,,,,,,2024-04-02T05:03:00,,,,0,,,,,,,,,,,,,
2024-04-02 07:00:00,968.1,21.2,89.0,0.4,278.0,2.0,249.0,0.0,,,,,,,,,,,2024-04-02T06:03:00,,,,0,,,,,,,,,,,,,
2024-04-02 08:00:00,968.7,22.0,86.0,0.3,177.0,1.8,184.0,0.0,,,,,,,,,,,2024-04-02T07:54:00,,,,0,,,,,,,,,,,,,
2024-04-02 09:00:00,968.9,22.7,84.0,0.0,0.0,2.0,208.0,0.0,,,,,,,,,,,2024-04-02T08:05:00,,,,0,,,,,,,,,,,,,
2024-04-02 10:00:00,969.0,23.4,82.0,0.4,168.0,2.1,166.0,0.0,,,,,,,,,,,2024-04-02T09:34:00,,,,0,,,,,,,,,,,,,
2024-04-02 11:00:00,968.8,25.1,82.0,0.1,0.0,2.3,72.0,0.0,,,,,,,,,,,2024-04-02T10:44:00,,,,0,,,,,,,,,,,,,
2024-04-02 12:00:00,968.2,25.5,81.0,0.9,168.0,4.9,191.0,0.0,,,,,,,,,,,2024-04-02T11:59:00,,,,0,,,,,,,,,,,,,
2024-04-02 13:00:00,967.3,24.0,90.0,1.4,170.0,6.1,156.0,0.0,,,,,,,,,,,2024-04-02T12:49:00,,,,0,,,,,,,,,,,,,
2024-04-02 14:00:00,966.6,23.8,92.0,1.2,166.0,4.9,167.0,0.0,,,,,,,,,,,2024-04-02T13:11:00,,,,0,,,,,,,,,,,,,
2024-04-02 15:00:00,966.0,23.6,95.0,1.3,170.0,6.0,153.0,0.0,,,,,,,,,,,2024-04-02T14:05:00,,,,0,,,,,,,,,,,,,
2024-04-02 16:00:00,965.7,23.2,97.0,1.2,156.0,4.4,198.0,0.0,,,,,,,,,,,2024-04-02T15:16:00,,,,0,,,,,,,,,,,,,
2024-04-02 17:00:00,965.7,22.9,99.0,1.2,159.0,4.2,208.0,0.0,,,,,,,,,,,2024-04-02T16:58:00,,,,0,,,,,,,,,,,,,
2024-04-02 18:00:00,965.9,23.1,100.0,1.3,167.0,4.9,201.0,0.0,,,,,,,,,,,2024-04-02T17:31:00,,,,0,,,,,,,,,,,,,
2024-04-02 19:00:00,966.1,23.2,100.0,0.9,159.0,4.7,180.0,0.0,,,,,,,,,,,2024-04-02T18:31:00,,,,0,,,,,,,,,,,,,
2024-04-02 20:00:00,966.4,23.4,100.0,1.4,166.0,6.1,186.0,0.0,,,,,,,,,,,2024-04-02T19:45:00,,,,0,,,,,,,,,,,,,
2024-04-02 21:00:00,966.9,23.0,100.0,1.1,159.0,4.7,195.0,0.0,,,,,,,,,,,2024-04-02T20:09:00,,,,0,,,,,,,,,,,,,
2024-04-02 22:00:00,966.9,23.3,97.0,1.1,159.0,4.0,194.0,0.0,,,,,,,,,,,2024-04-02T21:33:00,,,,0,,,,,,,,,,,,,
2024-04-02 23:00:00,966.1,23.1,95.0,1.7,185.0,6.5,200.0,0.0,,,,,,,,,,,2024-04-02T22:46:00,,,,0,,,,,,,,,,,,,
2024-04-03 00:00:00,966.0,23.1,95.0,1.3,179.0,4.6,192.0,0.0,,,,,,,,,,,2024-04-02T23:01:00,,,,0,,,,,,,,,,,,,
2024-04-03 01:00:00,965.3,22.8,93.0,1.0,176.0,4.2,186.0,0.0,,,,,,,,,,,2024-04-03T00:28:00,,,,0,,,,,,,,,,,,,
2024-04-03 02:00:00,965.0,22.9,89.0,0.7,164.0,4.7,205.0,0.0,,,,,,,,,,,2024-04-03T01:12:00,,,,0,,,,,,,,,,,,,
2024-04-03 03:00:00,964.5,22.8,87.0,0.7,159.0,4.1,190.0,0.0,,,,,,,,,,,2024-04-03T02:10:00,,,,0,,,,,,,,,,,,,
2024-04-03 04:00:00,964.5,22.5,92.0,0.8,129.0,2.9,189.0,0.0,,,,,,,,,,,2024-04-03T03:14:00,,,,0,,,,,,,,,,,,,
2024-04-03 05:00:00,964.9,21.7,96.0,1.4,31.0,2.9,57.0,0.0,,,,,,,,,,,2024-04-03T04:31:00,,,,0,,,,,,,,,,,,,
2024-04-03 06:00:00,965.4,20.4,99.0,1.1,357.0,4.0,62.0,0.0,,,,,,,,,,,2024-04-03T05:42:00,,,,0,,,,,,,,,,,,,
2024-04-03 07:00:00,966.1,23.1,85.0,0.9,14.0,3.5,27.0,0.0,,,,,,,,,,,2024-04-03T06:30:00,,,,0,,,,,,,,,,,,,
2024-04-03 08:00:00,966.9,24.1,82.0,1.2,350.0,2.7,335.0,0.0,,,,,,,,,,,2024-04-03T07:08:00,,,,0,,,,,,,,,,,,,
2024-04-03 09:00:00,967.3,28.8,67.0,1.1,61.0,3.7,25.0,0.0,,,,,,,,,,,2024-04-03T08:46:00,,,,0,,,,,,,,,,,,,
2024-04-03 10:00:00,967.0,30.2,65.0,0.6,73.0,4.8,51.0,0.0,,,,,,,,,,,2024-04-03T09:06:00,,,,0,,,,,,,,,,,,,
2024-04-03 11:00:00,966.3,30.8,55.0,0.6,97.0,3.2,67.0,0.0,,,,,,,,,,,2024-04-03T10:09:00,,,,0,,,,,,,,,,,,,
2024-04-03 12:00:00,964.8,31.8,56.0,0.7,60.0,2.5,38.0,0.0,,,,,,,,,,,2024-04-03T11:15:00,,,,0,,,,,,,,,,,,,
2024-04-03 13:00:00,963.2,31.7,56.0,0.5,129.0,3.7,90.0,0.0,,,,,,,,,,,2024-04-03T12:37:00,,,,0,,,,,,,,,,,,,
2024-04-03 14:00:00,962.2,32.0,54.0,1.2,53.0,4.8,88.0,0.0,,,,,,,,,,,2024-04-03T13:29:00,,,,0,,,,,,,,,,,,,
2024-04-03 15:00:00,961.6,30.2,58.0,2.2,61.0,5.1,59.0,0.0,,,,,,,,,,,2024-04-03T14:51:00,,,,0,,,,,,,,,,,,,
2024-04-03 16:00:00,961.4,28.9,64.0,2.5,55.0,5.1,49.0,0.0,,,,,,,,,,,2024-04-03T15:40:00,,,,0,,,,,,,,,,,,,
2024-04-03 17:00:00,961.6,27.5,68.0,3.1,53.0,6.4,57.0,0.0,,,,,,,,,,,2024-04-03T16:59:00,,,,0,,,,,,,,,,,,,
2024-04-03 18:00:00,962.5,25.7,74.0,2.0,74.0,5.4,89.0,0.0,,,,,,,,,,,2024-04-03T17:07:00,,,,0,,,,,,,,,,,,,
2024-04-03 19:00:00,963.3,26.3,71.0,1.2,237.0,2.7,269.0,0.0,,,,,,,,,,,2024-04-03T18:34:00,,,,0,,,,,,,,,,,,,
2024-04-03 20:00:00,964.0,25.0,77.0,0.6,157.0,2.1,202.0,0.0,,,,,,,,,,,2024-04-03T19:24:00,,,,0,,,,,,,,,,,,,
2024-04-03 21:00:00,965.0,23.8,84.0,1.1,179.0,3.6,200.0,0.0,,,,,,,,,,,2024-04-03T20:25:00,,,,0,,,,,,,,,,,,,
2024-04-03 22:00:00,965.4,23.5,92.0,1.2,315.0,4.3,326.0,0.0,,,,,,,,,,,2024-04-03T21:54:00,,,,0,,,,,,,,,,,,,
2024-04-03 23:00:00,965.7,23.1,93.0,0.9,302.0,3.7,325.0,0.0,,,,,,,,,,,2024-04-03T22:43:00,,,,0,,,,,,,,,,,,,
2024-04-04 00:00:00,965.9,22.6,94.0,1.1,329.0,4.3,62.0,0.0,,,,,,,,,,,2024-04-03T23:32:00,,,,0,,,,,,,,,,,,,
2024-04-04 01:00:00,966.0,22.2,94.0,1.1,296.0,3.1,306.0,0.0,,,,,,,,,,,2024-04-04T00:57:00,,,,0,,,,,,,,,,,,,
2024-04-04 02:00:00,966.1,22.6,92.0,1.8,305.0,4.4,305.0,0.0,,,,,,,,,,,2024-04-04T01:58:00,,,,0,,,,,,,,,,,,,
2024-04-04 03:00:00,965.9,22.3,91.0,0.8,320.0,4.2,329.0,0.0,,,,,,,,,,,2024-04-04T02:04:00,,,,0,,,,,,,,,,,,,
2024-04-04 04:00:00,966.1,22.5,88.0,1.7,319.0,4.1,297.0,0.0,,,,,,,,,,,2024-04-04T03:36:00,,,,0,,,,,,,,,,,,,
2024-04-04 05:00:00,966.6,22.2,88.0,1.6,318.0,4.2,313.0,0.0,,,,,,,,,,,2024-04-04T04:17:00,,,,0,,,,,,,,,,,,,
2024-04-04 06:00:00,967.1,22.0,88.0,0.3,325.0,3.2,357.0,0.0,,,,,,,,,,,2024-04-04T05:25:00,,,,0,,,,,,,,,,,,,
2024-04-04 07:00:00,967.9,22.4,80.0,1.5,319.0,3.5,298.0,0.0,,,,,,,,,,,2024-04-04T06:13:00,,,,0,,,,,,,,,,,,,
2024-04-04 08:00:00,968.5,26.9,73.0,0.3,56.0,2.6,7.0,0.0,,,,,,,,,,,2024-04-04T07:17:00,,,,0,,,,,,,,,,,,,
2024-04-04 09:00:00,968.7,28.6,66.0,0.1,0.0,1.6,44.0,0.0,,,,,,,,,,,2024-04-04T08:05:00,,,,0,,,,,,,,,,,,,
2024-04-04 10:00:00,968.8,30.9,60.0,0.4,94.0,2.5,85.0,0.0,,,,,,,,,,,2024-04-04T09:56:00,,,,0,,,,,,,,,,,,,
2024-04-04 11:00:00,968.3,30.0,66.0,0.4,114.0,3.2,106.0,0.0,,,,,,,,,,,2024-04-04T10:47:00,,,,0,,,,,,,,,,,,,
2024-04-04 12:00:00,967.5,27.8,69.0,0.9,161.0,4.3,98.0,0.0,,,,,,,,,,,2024-04-04T11:12:00,,,,0,,,,,,,,,,,,,
2024-04-04 13:00:00,966.9,28.0,68.0,0.6,165.0,4.0,209.0,0.0,,,,,,,,,,,2024-04-04T12:31:00,,,,0,,,,,,,,,,,,,
2024-04-04 14:00:00,966.1,28.7,63.0,0.4,180.0,4.3,201.0,0.0,,,,,,,,,,,2024-04-04T13:43:00,,,,0,,,,,,,,,,,,,
2024-04-04 15:00:00,965.5,27.8,64.0,0.4,147.0,4.7,121.0,0.0,,,,,,,,,,,2024-04-04T14:34:00,,,,0,,,,,,,,,,,,,
2024-04-04 16:00:00,965.5,26.9,70.0,0.5,132.0,4.1,60.0,0.0,,,,,,,,,,,2024-04-04T15:18:00,,,,0,,,,,,,,,,,,,
2024-04-04 17:00:00,965.9,25.0,85.0,0.3,147.0,2.6,126.0,0.0,,,,,,,,,,,2024-04-04T16:41:00,,,,0,,,,,,,,,,,,,
2024-04-04 18:00:00,966.8,24.8,68.0,1.0,91.0,2.3,112.0,0.0,,,,,,,,,,,2024-04-04T17:02:00,,,,0,,,,,,,,,,,,,
2024-04-04 19:00:00,967.4,24.4,75.0,1.8,111.0,2.5,119.0,0.0,,,,,,,,,,,2024-04-04T18:28:00,,,,0,,,,,,,,,,,,,
2024-04-04 20:00:00,967.8,23.7,83.0,1.1,205.0,2.6,112.0,0.0,,,,,,,,,,,2024-04-04T19:20:00,,,,0,,,,,,,,,,,,,
2024-04-04 21:00:00,968.6,24.3,69.0,0.9,105.0,1.5,99.0,0.0,,,,,,,,,,,2024-04-04T20:28:00,,,,0,,,,,,,,,,,,,
2024-04-04 22:00:00,969.2,24.1,76.0,0.7,152.0,1.9,131.0,0.0,,,,,,,,,,,2024-04-04T21:23:00,,,,0,,,,,,,,,,,,,
2024-04-04 23:00:00,969.3,23.7,76.0,1.2,190.0,2.1,181.0,0.0,,,,,,,,,,,2024-04-04T23:00:00,,,,0,,,,,,,,,,,,,
2024-04-05 00:00:00,969.3,23.5,81.0,0.3,162.0,2.2,186.0,0.0,,,,,,,,,,,2024-04-04T23:01:00,,,,0,,,,,,,,,,,,,
2024-04-05 01:00:00,968.9,22.8,85.0,1.1,351.0,1.6,150.0,0.0,,,,,,,,,,,2024-04-05T00:43:00,,,,0,,,,,,,,,,,,,
2024-04-05 02:00:00,968.6,21.9,89.0,1.4,328.0,2.2,333.0,0.0,,,,,,,,,,,2024-04-05T02:00:00,,,,0,,,,,,,,,,,,,
2024-04-05 03:00:00,968.1,21.2,91.0,0.6,313.0,3.2,39.0,0.0,,,,,,,,,,,2024-04-05T02:26:00,,,,0,,,,,,,,,,,,,
2024-04-05 04:00:00,967.9,21.2,84.0,1.2,327.0,3.5,3.0,0.0,,,,,,,,,,,2024-04-05T03:50:00,,,,0,,,,,,,,,,,,,
2024-04-05 05:00:00,968.0,20.6,82.0,0.9,311.0,3.2,330.0,0.0,,,,,,,,,,,2024-04-05T04:03:00,,,,0,,,,,,,,,,,,,
2024-04-05 06:00:00,968.2,20.9,85.0,1.4,280.0,2.1,331.0,0.0,,,,,,,,,,,2024-04-05T05:13:00,,,,0,,,,,,,,,,,,,
2024-04-05 07:00:00,968.6,22.1,68.0,1.0,297.0,3.6,334.0,0.0,,,,,,,,,,,2024-04-05T06:48:00,,,,0,,,,,,,,,,,,,
2024-04-05 08:00:00,969.2,26.0,65.0,0.0,0.0,0.9,7.0,0.0,,,,,,,,,,,2024-04-05T07:55:00,,,,0,,,,,,,,,,,,,
2024-04-05 09:00:00,969.5,28.8,58.0,0.4,98.0,2.1,89.0,0.0,,,,,,,,,,,2024-04-05T08:57:00,,,,0,,,,,,,,,,,,,
2024-04-05 10:00:00,969.5,26.8,78.0,0.7,100.0,4.4,98.0,0.0,,,,,,,,,,,2024-04-05T09:56:00,,,,0,,,,,,,,,,,,,
2024-04-05 11:00:00,969.2,29.6,69.0,0.8,77.0,4.7,85.0,0.0,,,,,,,,,,,2024-04-05T10:26:00,,,,0,,,,,,,,,,,,,
2024-04-05 12:00:00,968.7,28.3,69.0,1.3,76.0,5.1,52.0,0.0,,,,,,,,,,,2024-04-05T11:06:00,,,,0,,,,,,,,,,,,,
2024-04-05 13:00:00,967.9,26.7,75.0,1.1,60.0,5.9,123.0,0.0,,,,,,,,,,,2024-04-05T12:23:00,,,,0,,,,,,,,,,,,,
2024-04-05 14:00:00,967.5,26.5,76.0,1.4,73.0,5.6,67.0,0.0,,,,,,,,,,,2024-04-05T13:28:00,,,,0,,,,,,,,,,,,,
2024-04-05 15:00:00,967.2,24.7,84.0,1.1,56.0,5.7,98.0,0.0,,,,,,,,,,,2024-04-05T14:13:00,,,,0,,,,,,,,,,,,,
2024-04-05 16:00:00,967.4,23.6,90.0,1.9,57.0,4.8,66.0,0.0,,,,,,,,,,,2024-04-05T15:53:00,,,,0,,,,,,,,,,,,,
2024-04-05 17:00:00,967.9,22.3,93.0,1.7,66.0,4.4,54.0,0.0,,,,,,,,,,,2024-04-05T16:03:00,,,,0,,,,,,,,,,,,,
2024-04-05 18:00:00,968.3,21.6,95.0,2.5,72.0,6.1,66.0,0.0,,,,,,,,,,,2024-04-05T17:51:00,,,,0,,,,,,,,,,,,,
2024-04-05 19:00:00,969.0,21.7,94.0,1.1,37.0,6.1,55.0,0.0,,,,,,,,,,,2024-04-05T18:25:00,,,,0,,,,,,,,,,,,,
2024-04-05 20:00:00,969.8,21.7,95.0,1.2,317.0,3.1,324.0,0.0,,,,,,,,,,,2024-04-05T19:51:00,,,,0,,,,,,,,,,,,,
2024-04-05 21:00:00,970.5,21.4,96.0,1.7,316.0,3.6,40.0,0.0,,,,,,,,,,,2024-04-05T20:28:00,,,,0,,,,,,,,,,,,,
2024-04-05 22:00:00,970.6,21.2,96.0,1.3,314.0,3.8,336.0,0.0,,,,,,,,,,,2024-04-05T21:58:00,,,,0,,,,,,,,,,,,,
2024-04-05 23:00:00,970.4,20.8,97.0,0.7,334.0,3.5,336.0,0.0,,,,,,,,,,,2024-04-05T22:08:00,,,,0,,,,,,,,,,,,,
2024-04-06 00:00:00,970.3,20.6,96.0,1.6,25.0,3.4,334.0,0.0,,,,,,,,,,,2024-04-05T23:19:00,,,,0,,,,,,,,,,,,,
2024-04-06 01:00:00,970.0,20.4,97.0,0.6,351.0,4.0,6.0,0.0,,,,,,,,,,,2024-04-06T00:24:00,,,,0,,,,,,,,,,,,,
2024-04-06 02:00:00,970.1,20.5,97.0,0.0,0.0,2.9,318.0,0.0,,,,,,,,,,,2024-04-06T01:06:00,,,,0,,,,,,,,,,,,,
2024-04-06 03:00:00,969.4,20.3,98.0,1.2,336.0,3.2,333.0,0.0,,,,,,,,,,,2024-04-06T02:42:00,,,,0,,,,,,,,,,,,,
2024-04-06 04:00:00,969.2,20.5,97.0,1.4,313.0,2.8,322.0,0.0,,,,,,,,,,,2024-04-06T03:30:00,,,,0,,,,,,,,,,,,,
2024-04-06 05:00:00,969.6,20.8,97.0,0.8,31.0,2.1,318.0,0.0,,,,,,,,,,,2024-04-06T04:19:00,,,,0,,,,,,,,,,,,,
2024-04-06 06:00:00,969.7,20.5,97.0,1.4,62.0,2.8,31.0,0.0,,,,,,,,,,,2024-04-06T05:15:00,,,,0,,,,,,,,,,,,,
2024-04-06 07:00:00,970.1,20.9,97.0,0.7,317.0,3.2,328.0,0.0,,,,,,,,,,,2024-04-06T06:06:00,,,,0,,,,,,,,,,,,,
2024-04-06 08:00:00,970.6,23.6,88.0,0.2,0.0,1.9,66.0,0.0,,,,,,,,,,,2024-04-06T07:50:00,,,,0,,,,,,,,,,,,,
2024-04-06 09:00:00,970.8,24.0,86.0,0.1,0.0,1.5,43.0,0.0,,,,,,,,,,,2024-04-06T08:17:00,,,,0,,,,,,,,,,,,,
2024-04-06 10:00:00,970.6,27.9,75.0,0.1,0.0,1.8,6.0,0.0,,,,,,,,,,,2024-04-06T09:34:00,,,,0,,,,,,,,,,,,,
2024-04-06 11:00:00,969.9,27.2,75.0,1.1,49.0,5.1,108.0,0.0,,,,,,,,,,,2024-04-06T10:28:00,,,,0,,,,,,,,,,,,,
2024-04-06 12:00:00,969.2,26.5,77.0,0.4,51.0,4.2,43.0,0.0,,,,,,,,,,,2024-04-06T11:08:00,,,,0,,,,,,,,,,,,,
2024-04-06 13:00:00,968.4,26.3,78.0,0.5,45.0,2.5,47.0,0.0,,,,,,,,,,,2024-04-06T13:00:00,,,,0,,,,,,,,,,,,,
2024-04-06 14:00:00,967.6,25.4,81.0,0.6,55.0,3.1,54.0,0.0,,,,,,,,,,,2024-04-06T13:31:00,,,,0,,,,,,,,,,,,,
2024-04-06 15:00:00,967.5,23.8,88.0,0.9,59.0,3.8,53.0,0.0,,,,,,,,,,,2024-04-06T14:18:00,,,,0,,,,,,,,,,,,,
2024-04-06 16:00:00,967.5,23.5,89.0,0.3,69.0,2.4,37.0,0.0,,,,,,,,,,,2024-04-06T15:02:00,,,,0,,,,,,,,,,,,,
2024-04-06 17:00:00,967.5,22.3,93.0,0.4,51.0,3.5,50.0,0.0,,,,,,,,,,,2024-04-06T16:07:00,,,,0,,,,,,,,,,,,,
2024-04-06 18:00:00,968.0,22.2,95.0,0.0,0.0,0.8,64.0,0.0,,,,,,,,,,,2024-04-06T17:04:00,,,,0,,,,,,,,,,,,,
2024-04-06 19:00:00,968.4,22.0,97.0,0.0,0.0,0.8,211.0,0.0,,,,,,,,,,,2024-04-06T18:16:00,,,,0,,,,,,,,,,,,,
2024-04-06 20:00:00,968.8,21.6,100.0,1.1,203.0,2.0,203.0,0.0,,,,,,,,,,,2024-04-06T19:52:00,,,,0,,,,,,,,,,,,,
2024-04-06 21:00:00,969.4,21.5,98.0,0.7,233.0,1.7,212.0,0.0,,,,,,,,,,,2024-04-06T20:02:00,,,,0,,,,,,,,,,,,,
2024-04-06 22:00:00,969.4,21.5,98.0,0.9,353.0,2.1,266.0,0.0,,,,,,,,,,,2024-04-06T21:09:00,,,,0,,,,,,,,,,,,,
2024-04-06 23:00:00,968.9,21.0,100.0,1.1,320.0,2.1,50.0,0.0,,,,,,,,,,,2024-04-06T22:30:00,,,,0,,,,,,,,,,,,,
2024-04-07 00:00:00,968.3,21.2,100.0,1.4,325.0,2.6,320.0,0.0,,,,,,,,,,,2024-04-06T23:27:00,,,,0,,,,,,,,,,,,,
2024-04-07 01:00:00,967.6,21.0,100.0,1.1,322.0,3.4,311.0,0.0,,,,,,,,,,,2024-04-07T00:10:00,,,,0,,,,,,,,,,,,,
2024-04-07 02:00:00,967.5,20.8,100.0,0.9,4.0,2.8,205.0,0.0,,,,,,,,,,,2024-04-07T01:36:00,,,,0,,,,,,,,,,,,,
2024-04-07 03:00:00,967.1,20.6,100.0,0.0,0.0,2.1,5.0,0.0,,,,,,,,,,,2024-04-07T02:02:00,,,,0,,,,,,,,,,,,,
2024-04-07 04:00:00,966.9,20.5,100.0,0.0,0.0,0.5,18.0,0.0,,,,,,,,,,,2024-04-07T03:01:00,,,,0,,,,,,,,,,,,,
2024-04-07 05:00:00,966.8,20.6,100.0,1.4,331.0,2.6,325.0,0.0,,,,,,,,,,,2024-04-07T04:55:00,,,,0,,,,,,,,,,,,,
2024-04-07 06:00:00,967.1,20.5,100.0,1.1,26.0,2.8,37.0,0.0,,,,,,,,,,,2024-04-07T06:00:00,,,,0,,,,,,,,,,,,,
2024-04-07 07:00:00,967.9,21.0,99.0,1.1,335.0,3.0,29.0,0.0,,,,,,,,,,,2024-04-07T06:01:00,,,,0,,,,,,,,,,,,,
2024-04-07 08:00:00,968.4,21.3,95.0,0.0,0.0,2.0,35.0,0.0,,,,,,,,,,,2024-04-07T07:29:00,,,,0,,,,,,,,,,,,,
2024-04-07 09:00:00,968.7,22.3,88.0,0.1,0.0,2.6,307.0,0.0,,,,,,,,,,,2024-04-07T08:06:00,,,,0,,,,,,,,,,,,,
2024-04-07 10:00:00,968.4,26.5,85.0,0.1,0.0,2.4,80.0,0.0,,,,,,,,,,,2024-04-07T09:40:00,,,,0,,,,,,,,,,,,,
2024-04-07 11:00:00,967.4,27.8,76.0,0.3,181.0,2.5,200.0,0.0,,,,,,,,,,,2024-04-07T10:39:00,,,,0,,,,,,,,,,,,,
2024-04-07 12:00:00,966.7,27.9,72.0,0.4,138.0,4.7,136.0,0.0,,,,,,,,,,,2024-04-07T11:48:00,,,,0,,,,,,,,,,,,,
2024-04-07 13:00:00,966.2,26.0,81.0,1.0,121.0,5.6,104.0,0.0,,,,,,,,,,,2024-04-07T12:54:00,,,,0,,,,,,,,,,,,,
2024-04-07 14:00:00,965.3,24.7,86.0,0.9,108.0,4.5,93.0,0.0,,,,,,,,,,,2024-04-07T14:00:00,,,,0,,,,,,,,,,,,,
2024-04-07 15:00:00,965.0,23.5,91.0,1.8,98.0,6.1,109.0,0.0,,,,,,,,,,,2024-04-07T14:37:00,,,,0,,,,,,,,,,,,,
2024-04-07 16:00:00,965.1,22.6,98.0,1.7,103.0,5.6,99.0,0.0,,,,,,,,,,,2024-04-07T15:14:00,,,,0,,,,,,,,,,,,,
2024-04-07 17:00:00,965.4,22.4,98.0,1.9,59.0,4.8,85.0,0.0,,,,,,,,,,,2024-04-07T16:44:00,,,,0,,,,,,,,,,,,,
2024-04-07 18:00:00,966.0,22.2,99.0,1.3,51.0,4.8,89.0,0.0,,,,,,,,,,,2024-04-07T17:33:00,,,,0,,,,,,,,,,,,,
2024-04-07 19:00:00,966.7,22.0,98.0,0.3,237.0,3.4,105.0,0.0,,,,,,,,,,,2024-04-07T18:07:00,,,,0,,,,,,,,,,,,,
2024-04-07 20:00:00,967.0,21.8,97.0,0.3,47.0,2.0,57.0,0.0,,,,,,,,,,,2024-04-07T19:37:00,,,,0,,,,,,,,,,,,,
2024-04-07 21:00:00,967.5,21.9,97.0,0.9,273.0,2.2,93.0,0.0,,,,,,,,,,,2024-04-07T20:32:00,,,,0,,,,,,,,,,,,,
2024-04-07 22:00:00,967.9,22.1,98.0,0.4,294.0,1.7,309.0,0.0,,,,,,,,,,,2024-04-07T21:02:00,,,,0,,,,,,,,,,,,,
2024-04-07 23:00:00,967.9,22.0,99.0,0.0,0.0,1.8,275.0,0.0,,,,,,,,,,,2024-04-07T22:08:00,,,,0,,,,,,,,,,,,,
2024-04-08 00:00:00,967.3,21.5,99.0,1.6,317.0,2.6,315.0,0.0,,,,,,,,,,,2024-04-07T23:27:00,,,,0,,,,,,,,,,,,,
2024-04-08 01:00:00,966.8,21.4,98.0,1.1,315.0,3.0,319.0,0.0,,,,,,,,,,,2024-04-08T00:16:00,,,,0,,,,,,,,,,,,,
2024-04-08 02:00:00,966.1,21.6,96.0,0.9,37.0,2.2,9.0,0.0,,,,,,,,,,,2024-04-08T01:42:00,,,,0,,,,,,,,,,,,,
2024-04-08 03:00:00,965.7,21.7,95.0,0.5,175.0,1.6,82.0,0.0,,,,,,,,,,,2024-04-08T02:03:00,,,,0,,,,,,,,,,,,,
2024-04-08 04:00:00,965.6,21.8,96.0,0.6,161.0,2.2,200.0,0.0,,,,,,,,,,,2024-04-08T03:47:00,,,,0,,,,,,,,,,,,,
2024-04-08 05:00:00,965.6,21.8,95.0,1.0,195.0,2.3,204.0,0.0,,,,,,,,,,,2024-04-08T04:53:00,,,,0,,,,,,,,,,,,,
2024-04-08 06:00:00,965.9,21.8,96.0,0.8,167.0,3.4,191.0,0.0,,,,,,,,,,,2024-04-08T05:48:00,,,,0,,,,,,,,,,,,,
2024-04-08 07:00:00,966.4,22.6,93.0,0.4,235.0,2.7,197.0,0.0,,,,,,,,,,,2024-04-08T06:42:00,,,,0,,,,,,,,,,,,,
2024-04-08 08:00:00,966.5,23.6,90.0,0.3,162.0,1.7,202.0,0.0,,,,,,,,,,,2024-04-08T07:01:00,,,,0,,,,,,,,,,,,,
2024-04-08 09:00:00,966.7,25.7,86.0,0.0,0.0,1.6,186.0,0.0,,,,,,,,,,,2024-04-08T08:08:00,,,,0,,,,,,,,,,,,,
2024-04-08 10:00:00,966.8,26.1,86.0,0.8,86.0,2.4,77.0,0.0,,,,,,,,,,,2024-04-08T09:51:00,,,,0,,,,,,,,,,,,,
2024-04-08 11:00:00,966.3,27.3,80.0,0.7,54.0,4.1,77.0,0.0,,,,,,,,,,,2024-04-08T10:30:00,,,,0,,,,,,,,,,,,,
2024-04-08 12:00:00,965.6,30.1,71.0,1.0,61.0,4.5,75.0,0.0,,,,,,,,,,,2024-04-08T11:43:00,,,,0,,,,,,,,,,,,,
2024-04-08 13:00:00,964.7,27.9,76.0,1.9,78.0,6.4,78.0,0.0,,,,,,,,,,,2024-04-08T12:41:00,,,,0,,,,,,,,,,,,,
2024-04-08 14:00:00,964.1,28.5,74.0,1.4,67.0,6.9,95.0,0.0,,,,,,,,,,,2024-04-08T13:10:00,,,,0,,,,,,,,,,,,,
2024-04-08 15:00:00,963.9,26.5,80.0,1.4,64.0,5.1,83.0,0.0,,,,,,,,,,,2024-04-08T14:12:00,,,,0,,,,,,,,,,,,,
2024-04-08 16:00:00,963.9,23.9,92.0,1.9,77.0,5.6,74.0,0.0,,,,,,,,,,,2024-04-08T15:58:00,,,,0,,,,,,,,,,,,,
2024-04-08 17:00:00,964.6,23.6,94.0,1.4,62.0,5.2,65.0,0.0,,,,,,,,,,,2024-04-08T16:11:00,,,,0,,,,,,,,,,,,,
2024-04-08 18:00:00,965.2,23.1,95.0,1.5,69.0,4.2,61.0,0.0,,,,,,,,,,,2024-04-08T17:02:00,,,,0,,,,,,,,,,,,,
2024-04-08 19:00:00,966.0,22.6,95.0,1.6,51.0,4.6,61.0,0.0,,,,,,,,,,,2024-04-08T18:22:00,,,,0,,,,,,,,,,,,,
2024-04-08 20:00:00,967.0,22.8,94.0,1.0,45.0,4.1,49.0,0.0,,,,,,,,,,,2024-04-08T19:25:00,,,,0,,,,,,,,,,,,,
2024-04-08 21:00:00,968.2,22.3,98.0,0.3,207.0,1.9,268.0,0.0,,,,,,,,,,,2024-04-08T20:40:00,,,,0,,,,,,,,,,,,,
2024-04-08 22:00:00,968.6,22.1,98.0,1.3,262.0,2.2,259.0,0.0,,,,,,,,,,,2024-04-08T21:58:00,,,,0,,,,,,,,,,,,,
2024-04-08 23:00:00,968.7,21.9,99.0,0.8,301.0,3.1,276.0,0.0,,,,,,,,,,,2024-04-08T22:09:00,,,,0,,,,,,,,,,,,,
2024-04-09 00:00:00,968.3,21.8,100.0,0.2,0.0,2.4,57.0,0.0,,,,,,,,,,,2024-04-08T23:30:00,,,,0,,,,,,,,,,,,,
2024-04-09 01:00:00,968.0,21.6,100.0,0.0,0.0,1.4,74.0,0.0,,,,,,,,,,,2024-04-09T00:16:00,,,,0,,,,,,,,,,,,,
2024-04-09 02:00:00,967.5,21.9,100.0,0.2,0.0,1.3,195.0,0.0,,,,,,,,,,,2024-04-09T01:53:00,,,,0,,,,,,,,,,,,,
2024-04-09 03:00:00,967.3,20.6,100.0,3.4,56.0,7.4,53.0,0.5,,,,,,,,,,,2024-04-09T02:49:00,,,,0,,,,,,,,,,,,,
2024-04-09 04:00:00,967.5,20.0,100.0,2.7,52.0,7.9,59.0,0.5,,,,,,,,,,,2024-04-09T03:01:00,,,,0,,,,,,,,,,,,,
2024-04-09 05:00:00,968.3,20.6,100.0,0.1,0.0,5.3,55.0,0.0,,,,,,,,,,,2024-04-09T04:02:00,,,,0,,,,,,,,,,,,,
2024-04-09 06:00:00,969.0,20.3,100.0,0.2,0.0,2.7,11.0,0.5,,,,,,,,,,,2024-04-09T05:09:00,,,,0,,,,,,,,,,,,,
2024-04-09 07:00:00,969.8,19.9,100.0,0.2,0.0,2.5,51.0,0.0,,,,,,,,,,,2024-04-09T06:40:00,,,,0,,,,,,,,,,,,,
2024-04-09 08:00:00,970.5,19.7,100.0,0.3,25.0,2.2,36.0,0.5,,,,,,,,,,,2024-04-09T07:57:00,,,,0,,,,,,,,,,,,,
2024-04-09 09:00:00,971.1,20.0,100.0,0.4,52.0,3.6,22.0,0.0,,,,,,,,,,,2024-04-09T08:54:00,,,,0,,,,,,,,,,,,,
2024-04-09 10:00:00,971.5,20.4,100.0,0.6,12.0,3.4,35.0,0.0,,,,,,,,,,,2024-04-09T09:06:00,,,,0,,,,,,,,,,,,,
2024-04-09 11:00:00,971.5,21.2,100.0,0.2,0.0,2.6,43.0,0.0,,,,,,,,,,,2024-04-09T10:24:00,,,,0,,,,,,,,,,,,,
2024-04-09 12:00:00,971.2,20.7,99.0,0.3,44.0,2.5,50.0,0.5,,,,,,,,,,,2024-04-09T11:59:00,,,,0,,,,,,,,,,,,,
2024-04-09 13:00:00,970.8,20.5,100.0,0.7,48.0,3.7,69.0,0.5,,,,,,,,,,,2024-04-09T12:33:00,,,,0,,,,,,,,,,,,,
2024-04-09 14:00:00,970.5,20.1,100.0,0.7,37.0,3.5,57.0,0.5,,,,,,,,,,,2024-04-09T13:51:00,,,,0,,,,,,,,,,,,,
2024-04-09 15:00:00,970.7,19.6,100.0,0.4,54.0,4.1,39.0,0.0,,,,,,,,,,,2024-04-09T14:22:00,,,,0,,,,,,,,,,,,,
2024-04-09 16:00:00,970.6,18.7,100.0,0.4,66.0,3.1,321.0,0.5,,,,,,,,,,,2024-04-09T15:14:00,,,,0,,,,,,,,,,,,,
2024-04-09 17:00:00,971.0,18.4,100.0,0.3,107.0,3.3,45.0,0.0,,,,,,,,,,,2024-04-09T16:19:00,,,,0,,,,,,,,,,,,,
2024-04-09 18:00:00,971.2,17.7,100.0,0.7,93.0,3.4,313.0,0.0,,,,,,,,,,,2024-04-09T17:47:00,,,,0,,,,,,,,,,,,,
2024-04-09 19:00:00,971.5,17.4,100.0,0.8,65.0,4.1,71.0,0.0,,,,,,,,,,,2024-04-09T18:22:00,,,,0,,,,,,,,,,,,,
2024-04-09 20:00:00,972.1,17.4,100.0,0.9,90.0,5.4,318.0,0.0,,,,,,,,,,,2024-04-09T19:44:00,,,,0,,,,,,,,,,,,,
2024-04-09 21:00:00,972.7,17.0,100.0,0.7,41.0,4.5,46.0,0.0,,,,,,,,,,,2024-04-09T20:50:00,,,,0,,,,,,,,,,,,,
2024-04-09 22:00:00,972.8,17.4,99.0,0.8,21.0,5.9,5.0,0.0,,,,,,,,,,,2024-04-09T21:01:00,,,,0,,,,,,,,,,,,,
2024-04-09 23:00:00,972.5,17.0,98.0,0.8,349.0,5.4,334.0,0.0,,,,,,,,,,,2024-04-09T22:47:00,,,,0,,,,,,,,,,,,,
2024-04-10 00:00:00,972.0,17.0,97.0,0.6,14.0,4.6,348.0,0.0,,,,,,,,,,,2024-04-09T23:35:00,,,,0,,,,,,,,,,,,,
2024-04-10 01:00:00,971.5,17.1,95.0,1.1,359.0,4.3,56.0,0.0,,,,,,,,,,,2024-04-10T00:50:00,,,,0,,,,,,,,,,,,,
2024-04-10 02:00:00,970.8,17.7,94.0,1.7,343.0,5.2,335.0,0.0,,,,,,,,,,,2024-04-10T01:20:00,,,,0,,,,,,,,,,,,,
2024-04-10 03:00:00,970.7,17.9,95.0,1.8,339.0,4.8,353.0,0.0,,,,,,,,,,,2024-04-10T02:24:00,,,,0,,,,,,,,,,,,,
2024-04-10 04:00:00,970.8,17.5,95.0,1.2,25.0,3.7,43.0,0.0,,,,,,,,,,,2024-04-10T03:44:00,,,,0,,,,,,,,,,,,,
2024-04-10 05:00:00,971.3,17.9,94.0,0.8,334.0,3.5,6.0,0.0,,,,,,,,,,,2024-04-10T04:14:00,,,,0,,,,,,,,,,,,,
2024-04-10 06:00:00,971.7,18.1,93.0,0.7,333.0,4.4,42.0,0.0,,,,,,,,,,,2024-04-10T05:31:00,,,,0,,,,,,,,,,,,,
2024-04-10 07:00:00,972.3,18.6,90.0,0.5,16.0,3.3,349.0,0.0,,,,,,,,,,,2024-04-10T06:08:00,,,,0,,,,,,,,,,,,,
2024-04-10 08:00:00,972.9,18.6,92.0,0.6,345.0,3.7,338.0,0.0,,,,,,,,,,,2024-04-10T07:03:00,,,,0,,,,,,,,,,,,,
2024-04-10 09:00:00,973.2,20.2,87.0,0.4,318.0,4.0,350.0,0.0,,,,,,,,,,,2024-04-10T08:25:00,,,,0,,,,,,,,,,,,,
2024-04-10 10:00:00,973.7,21.5,86.0,0.3,306.0,3.3,326.0,0.0,,,,,,,,,,,2024-04-10T09:10:00,,,,0,,,,,,,,,,,,,
2024-04-10 11:00:00,973.1,22.8,82.0,0.2,0.0,2.4,46.0,0.0,,,,,,,,,,,2024-04-10T10:59:00,,,,0,,,,,,,,,,,,,
2024-04-10 12:00:00,972.5,24.0,79.0,0.0,0.0,3.0,13.0,0.0,,,,,,,,,,,2024-04-10T11:03:00,,,,0,,,,,,,,,,,,,
2024-04-10 13:00:00,971.6,23.7,78.0,0.1,0.0,2.1,42.0,0.0,,,,,,,,,,,2024-04-10T13:00:00,,,,0,,,,,,,,,,,,,
2024-04-10 14:00:00,971.0,22.5,83.0,0.5,49.0,3.0,41.0,0.0,,,,,,,,,,,2024-04-10T14:00:00,,,,0,,,,,,,,,,,,,
2024-04-10 15:00:00,970.6,22.8,85.0,0.8,53.0,3.7,43.0,0.0,,,,,,,,,,,2024-04-10T14:43:00,,,,0,,,,,,,,,,,,,
2024-04-10 16:00:00,970.5,22.1,87.0,0.0,0.0,2.0,57.0,0.0,,,,,,,,,,,2024-04-10T15:07:00,,,,0,,,,,,,,,,,,,
2024-04-10 17:00:00,970.7,21.2,87.0,0.0,0.0,1.3,50.0,0.0,,,,,,,,,,,2024-04-10T16:33:00,,,,0,,,,,,,,,,,,,
2024-04-10 18:00:00,971.0,20.3,91.0,0.1,0.0,2.2,45.0,0.0,,,,,,,,,,,2024-04-10T17:19:00,,,,0,,,,,,,,,,,,,
2024-04-10 19:00:00,971.6,19.8,94.0,0.7,311.0,3.3,20.0,0.0,,,,,,,,,,,2024-04-10T18:46:00,,,,0,,,,,,,,,,,,,
2024-04-10 20:00:00,972.1,19.4,96.0,0.3,331.0,3.8,16.0,0.0,,,,,,,,,,,2024-04-10T19:40:00,,,,0,,,,,,,,,,,,,
2024-04-10 21:00:00,972.7,19.3,95.0,0.2,0.0,3.1,29.0,0.0,,,,,,,,,,,2024-04-10T20:26:00,,,,0,,,,,,,,,,,,,
2024-04-10 22:00:00,973.0,19.4,95.0,0.4,355.0,2.9,321.0,0.0,,,,,,,,,,,2024-04-10T21:09:00,,,,0,,,,,,,,,,,,,
2024-04-10 23:00:00,972.9,19.5,95.0,1.2,322.0,4.5,289.0,0.0,,,,,,,,,,,2024-04-10T22:36:00,,,,0,,,,,,,,,,,,,
2024-04-11 00:00:00,972.2,19.4,95.0,0.9,324.0,3.6,334.0,0.0,,,,,,,,,,,2024-04-10T23:06:00,,,,0,,,,,,,,,,,,,
2024-04-11 01:00:00,971.5,19.3,95.0,0.9,312.0,3.2,3.0,0.0,,,,,,,,,,,2024-04-11T00:42:00,,,,0,,,,,,,,,,,,,
2024-04-11 02:00:00,970.4,19.1,95.0,2.0,317.0,3.3,330.0,0.0,,,,,,,,,,,2024-04-11T01:50:00,,,,0,,,,,,,,,,,,,
2024-04-11 03:00:00,970.1,19.4,95.0,1.0,354.0,4.4,325.0,0.0,,,,,,,,,,,2024-04-11T02:01:00,,,,0,,,,,,,,,,,,,
2024-04-11 04:00:00,970.3,19.3,94.0,1.0,1.0,4.5,37.0,0.0,,,,,,,,,,,2024-04-11T03:13:00,,,,0,,,,,,,,,,,,,
2024-04-11 05:00:00,970.6,19.0,96.0,1.4,331.0,3.5,8.0,0.0,,,,,,,,,,,2024-04-11T04:04:00,,,,0,,,,,,,,,,,,,
2024-04-11 06:00:00,970.8,19.4,94.0,2.0,313.0,4.0,276.0,0.0,,,,,,,,,,,2024-04-11T05:40:00,,,,0,,,,,,,,,,,,,
2024-04-11 07:00:00,971.6,21.2,89.0,0.7,24.0,4.1,331.0,0.0,,,,,,,,,,,2024-04-11T06:15:00,,,,0,,,,,,,,,,,,,
2024-04-11 08:00:00,971.7,24.3,77.0,0.4,51.0,2.9,51.0,0.0,,,,,,,,,,,2024-04-11T07:14:00,,,,0,,,,,,,,,,,,,
2024-04-11 09:00:00,972.0,26.7,68.0,0.8,59.0,2.8,51.0,0.0,,,,,,,,,,,2024-04-11T08:55:00,,,,0,,,,,,,,,,,,,
2024-04-11 10:00:00,972.0,27.8,66.0,0.5,75.0,2.7,25.0,0.0,,,,,,,,,,,2024-04-11T09:39:00,,,,0,,,,,,,,,,,,,
2024-04-11 11:00:00,971.6,28.0,64.0,1.0,103.0,4.9,93.0,0.0,,,,,,,,,,,2024-04-11T10:51:00,,,,0,,,,,,,,,,,,,
2024-04-11 12:00:00,971.1,27.8,68.0,0.2,0.0,4.0,75.0,0.0,,,,,,,,,,,2024-04-11T11:23:00,,,,0,,,,,,,,,,,,,
2024-04-11 13:00:00,970.3,25.5,76.0,1.1,114.0,5.3,103.0,0.0,,,,,,,,,,,2024-04-11T12:45:00,,,,0,,,,,,,,,,,,,
2024-04-11 14:00:00,969.6,23.8,81.0,1.2,110.0,5.1,108.0,0.0,,,,,,,,,,,2024-04-11T13:08:00,,,,0,,,,,,,,,,,,,
2024-04-11 15:00:00,969.2,23.1,86.0,1.0,119.0,3.7,123.0,0.0,,,,,,,,,,,2024-04-11T14:17:00,,,,0,,,,,,,,,,,,,
2024-04-11 16:00:00,969.4,22.4,94.0,0.3,105.0,4.8,101.0,0.0,,,,,,,,,,,2024-04-11T15:39:00,,,,0,,,,,,,,,,,,,
2024-04-11 17:00:00,969.6,21.9,98.0,0.8,297.0,3.1,44.0,0.0,,,,,,,,,,,2024-04-11T16:23:00,,,,0,,,,,,,,,,,,,
2024-04-11 18:00:00,970.0,21.1,100.0,1.6,283.0,3.0,276.0,0.0,,,,,,,,,,,2024-04-11T17:39:00,,,,0,,,,,,,,,,,,,
2024-04-11 19:00:00,970.3,21.0,98.0,1.3,294.0,2.7,273.0,0.0,,,,,,,,,,,2024-04-11T18:02:00,,,,0,,,,,,,,,,,,,
2024-04-11 20:00:00,970.8,22.2,91.0,0.4,305.0,2.1,304.0,0.0,,,,,,,,,,,2024-04-11T19:02:00,,,,0,,,,,,,,,,,,,
2024-04-11 21:00:00,971.1,21.8,90.0,1.1,27.0,1.8,34.0,0.0,,,,,,,,,,,2024-04-11T20:57:00,,,,0,,,,,,,,,,,,,
2024-04-11 22:00:00,971.1,21.9,88.0,0.0,0.0,2.3,41.0,0.5,,,,,,,,,,,2024-04-11T21:08:00,,,,0,,,,,,,,,,,,,
2024-04-11 23:00:00,970.9,21.5,92.0,0.0,0.0,0.6,245.0,0.0,,,,,,,,,,,2024-04-11T22:23:00,,,,0,,,,,,,,,,,,,
2024-04-12 00:00:00,970.4,21.6,92.0,1.3,351.0,2.1,5.0,0.0,,,,,,,,,,,2024-04-11T23:57:00,,,,0,,,,,,,,,,,,,
2024-04-12 01:00:00,969.9,21.4,95.0,0.7,353.0,2.1,4.0,0.0,,,,,,,,,,,2024-04-12T00:04:00,,,,0,,,,,,,,,,,,,
2024-04-12 02:00:00,969.6,21.1,96.0,0.7,318.0,3.3,34.0,0.0,,,,,,,,,,,2024-04-12T01:20:00,,,,0,,,,,,,,,,,,,
2024-04-12 03:00:00,968.7,22.1,89.0,0.2,0.0,1.6,344.0,0.0,,,,,,,,,,,2024-04-12T02:01:00,,,,0,,,,,,,,,,,,,
2024-04-12 04:00:00,968.4,21.9,86.0,0.9,249.0,1.6,206.0,0.0,,,,,,,,,,,2024-04-12T03:29:00,,,,0,,,,,,,,,,,,,
2024-04-12 05:00:00,968.6,22.2,85.0,0.0,0.0,1.8,269.0,0.0,,,,,,,,,,,2024-04-12T04:03:00,,,,0,,,,,,,,,,,,,
2024-04-12 06:00:00,968.9,21.9,85.0,0.4,199.0,1.9,204.0,0.0,,,,,,,,,,,2024-04-12T05:32:00,,,,0,,,,,,,,,,,,,
2024-04-12 07:00:00,969.2,22.7,82.0,1.0,198.0,2.4,203.0,0.0,,,,,,,,,,,2024-04-12T06:22:00,,,,0,,,,,,,,,,,,,
2024-04-12 08:00:00,969.5,23.8,83.0,0.2,0.0,1.8,208.0,0.0,,,,,,,,,,,2024-04-12T07:17:00,,,,0,,,,,,,,,,,,,
2024-04-12 09:00:00,969.8,25.1,80.0,0.0,0.0,0.9,188.0,0.0,,,,,,,,,,,2024-04-12T08:06:00,,,,0,,,,,,,,,,,,,
2024-04-12 10:00:00,969.8,26.4,78.0,0.0,0.0,1.6,198.0,0.0,,,,,,,,,,,2024-04-12T09:25:00,,,,0,,,,,,,,,,,,,
2024-04-12 11:00:00,969.3,25.6,81.0,0.3,144.0,1.7,176.0,0.0,,,,,,,,,,,2024-04-12T10:49:00,,,,0,,,,,,,,,,,,,
2024-04-12 12:00:00,969.0,25.1,80.0,0.6,159.0,3.8,199.0,0.0,,,,,,,,,,,2024-04-12T11:46:00,,,,0,,,,,,,,,,,,,
2024-04-12 13:00:00,967.9,24.2,91.0,0.8,186.0,3.0,188.0,0.0,,,,,,,,,,,2024-04-12T12:15:00,,,,0,,,,,,,,,,,,,
2024-04-12 14:00:00,967.3,25.0,87.0,0.1,0.0,2.8,200.0,0.0,,,,,,,,,,,2024-04-12T13:41:00,,,,0,,,,,,,,,,,,,
2024-04-12 15:00:00,966.7,23.9,88.0,0.7,156.0,3.9,215.0,0.0,,,,,,,,,,,2024-04-12T14:30:00,,,,0,,,,,,,,,,,,,
2024-04-12 16:00:00,966.5,23.8,93.0,0.0,0.0,2.4,190.0,0.0,,,,,,,,,,,2024-04-12T15:29:00,,,,0,,,,,,,,,,,,,
2024-04-12 17:00:00,966.6,23.3,95.0,0.5,195.0,2.1,200.0,0.0,,,,,,,,,,,2024-04-12T17:00:00,,,,0,,,,,,,,,,,,,
2024-04-12 18:00:00,966.8,23.0,97.0,0.2,0.0,2.7,191.0,0.0,,,,,,,,,,,2024-04-12T17:51:00,,,,0,,,,,,,,,,,,,
2024-04-12 19:00:00,967.1,22.8,96.0,0.6,193.0,1.9,205.0,0.0,,,,,,,,,,,2024-04-12T18:56:00,,,,0,,,,,,,,,,,,,
2024-04-12 20:00:00,968.0,22.8,95.0,0.8,202.0,3.0,192.0,0.0,,,,,,,,,,,2024-04-12T19:44:00,,,,0,,,,,,,,,,,,,
2024-04-12 21:00:00,968.7,22.8,94.0,0.0,0.0,2.7,202.0,0.0,,,,,,,,,,,2024-04-12T20:12:00,,,,0,,,,,,,,,,,,,
2024-04-12 22:00:00,968.8,23.2,95.0,0.0,0.0,1.1,163.0,0.0,,,,,,,,,,,2024-04-12T21:55:00,,,,0,,,,,,,,,,,,,
2024-04-12 23:00:00,968.5,23.2,97.0,0.0,0.0,0.9,127.0,0.0,,,,,,,,,,,2024-04-12T22:19:00,,,,0,,,,,,,,,,,,,
2024-04-13 00:00:00,967.9,22.9,96.0,0.0,0.0,0.0,0.0,0.0,,,,,,,,,,,2024-04-12T23:05:00,,,,0,,,,,,,,,,,,,
2024-04-13 01:00:00,967.1,22.7,96.0,0.0,0.0,0.0,0.0,0.0,,,,,,,,,,,2024-04-13T00:05:00,,,,0,,,,,,,,,,,,,
2024-04-13 02:00:00,966.7,22.4,97.0,0.0,0.0,1.6,37.0,0.0,,,,,,,,,,,2024-04-13T01:46:00,,,,0,,,,,,,,,,,,,
2024-04-13 03:00:00,966.3,22.0,96.0,1.3,28.0,2.2,37.0,0.0,,,,,,,,,,,2024-04-13T02:56:00,,,,0,,,,,,,,,,,,,
2024-04-13 04:00:00,966.4,21.8,96.0,0.8,357.0,3.0,3.0,0.0,,,,,,,,,,,2024-04-13T03:30:00,,,,0,,,,,,,,,,,,,
2024-04-13 05:00:00,966.8,21.9,96.0,1.4,311.0,3.2,328.0,0.0,,,,,,,,,,,2024-04-13T04:44:00,,,,0,,,,,,,,,,,,,
2024-04-13 06:00:00,967.2,22.2,91.0,2.2,314.0,4.9,1.0,0.0,,,,,,,,,,,2024-04-13T05:57:00,,,,0,,,,,,,,,,,,,
2024-04-13 07:00:00,967.7,22.8,89.0,1.3,344.0,4.7,329.0,0.0,,,,,,,,,,,2024-04-13T06:10:00,,,,0,,,,,,,,,,,,,
2024-04-13 08:00:00,968.2,25.9,80.0,0.7,51.0,3.6,49.0,0.0,,,,,,,,,,,2024-04-13T07:10:00,,,,0,,,,,,,,,,,,,
2024-04-13 09:00:00,968.6,26.6,78.0,0.0,0.0,2.4,47.0,0.0,,,,,,,,,,,2024-04-13T08:13:00,,,,0,,,,,,,,,,,,,
2024-04-13 10:00:00,968.5,28.9,73.0,0.0,0.0,1.3,121.0,0.0,,,,,,,,,,,2024-04-13T09:34:00,,,,0,,,,,,,,,,,,,
2024-04-13 11:00:00,968.1,27.2,79.0,0.1,0.0,3.7,109.0,0.0,,,,,,,,,,,2024-04-13T10:29:00,,,,0,,,,,,,,,,,,,
2024-04-13 12:00:00,967.9,26.3,81.0,0.1,0.0,4.7,108.0,0.0,,,,,,,,,,,2024-04-13T11:24:00,,,,0,,,,,,,,,,,,,
2024-04-13 13:00:00,967.4,25.1,86.0,0.3,125.0,3.8,157.0,0.0,,,,,,,,,,,2024-04-13T12:09:00,,,,0,,,,,,,,,,,,,
2024-04-13 14:00:00,966.8,24.1,93.0,0.9,156.0,4.4,143.0,0.0,,,,,,,,,,,2024-04-13T13:54:00,,,,0,,,,,,,,,,,,,
2024-04-13 15:00:00,966.6,23.8,94.0,0.6,156.0,3.4,163.0,0.0,,,,,,,,,,,2024-04-13T14:08:00,,,,0,,,,,,,,,,,,,
2024-04-13 16:00:00,966.8,23.6,96.0,0.8,172.0,3.3,203.0,0.0,,,,,,,,,,,2024-04-13T15:50:00,,,,0,,,,,,,,,,,,,
2024-04-13 17:00:00,967.0,23.8,95.0,0.1,0.0,3.6,205.0,0.0,,,,,,,,,,,2024-04-13T16:25:00,,,,0,,,,,,,,,,,,,
2024-04-13 18:00:00,967.4,23.6,95.0,0.5,177.0,1.9,198.0,0.0,,,,,,,,,,,2024-04-13T17:36:00,,,,0,,,,,,,,,,,,,
2024-04-13 19:00:00,967.7,23.4,94.0,0.5,180.0,1.8,206.0,0.0,,,,,,,,,,,2024-04-13T18:41:00,,,,0,,,,,,,,,,,,,
2024-04-13 20:00:00,968.0,23.5,93.0,0.6,152.0,1.8,150.0,0.0,,,,,,,,,,,2024-04-13T19:58:00,,,,0,,,,,,,,,,,,,
2024-04-13 21:00:00,968.4,23.5,93.0,1.0,184.0,2.2,194.0,0.0,,,,,,,,,,,2024-04-13T20:13:00,,,,0,,,,,,,,,,,,,
2024-04-13 22:00:00,968.6,23.3,94.0,0.9,180.0,2.1,187.0,0.0,,,,,,,,,,,2024-04-13T21:56:00,,,,0,,,,,,,,,,,,,
2024-04-13 23:00:00,968.5,23.1,94.0,0.6,217.0,2.3,207.0,0.0,,,,,,,,,,,2024-04-13T22:16:00,,,,0,,,,,,,,,,,,,
2024-04-14 00:00:00,968.1,23.2,95.0,0.9,182.0,2.2,177.0,0.0,,,,,,,,,,,2024-04-13T23:54:00,,,,0,,,,,,,,,,,,,
2024-04-14 01:00:00,967.8,23.0,95.0,0.4,188.0,2.1,192.0,0.0,,,,,,,,,,,2024-04-14T00:40:00,,,,0,,,,,,,,,,,,,
2024-04-14 02:00:00,967.3,22.6,98.0,0.5,185.0,2.5,208.0,0.0,,,,,,,,,,,2024-04-14T01:43:00,,,,0,,,,,,,,,,,,,
2024-04-14 03:00:00,967.1,22.6,97.0,0.6,204.0,3.2,205.0,0.0,,,,,,,,,,,2024-04-14T02:23:00,,,,0,,,,,,,,,,,,,
2024-04-14 04:00:00,967.1,22.7,94.0,0.1,0.0,2.1,195.0,0.0,,,,,,,,,,,2024-04-14T03:43:00,,,,0,,,,,,,,,,,,,
2024-04-14 05:00:00,967.4,22.6,90.0,0.4,163.0,1.6,197.0,0.0,,,,,,,,,,,2024-04-14T04:41:00,,,,0,,,,,,,,,,,,,
2024-04-14 06:00:00,967.9,23.1,86.0,0.7,185.0,2.9,191.0,0.0,,,,,,,,,,,2024-04-14T05:08:00,,,,0,,,,,,,,,,,,,
2024-04-14 07:00:00,968.6,24.6,81.0,0.2,0.0,2.6,185.0,0.0,,,,,,,,,,,2024-04-14T06:43:00,,,,0,,,,,,,,,,,,,
2024-04-14 08:00:00,968.9,26.4,75.0,0.4,162.0,2.3,181.0,0.0,,,,,,,,,,,2024-04-14T07:03:00,,,,0,,,,,,,,,,,,,
2024-04-14 09:00:00,968.9,26.8,79.0,1.0,151.0,4.0,143.0,0.0,,,,,,,,,,,2024-04-14T08:53:00,,,,0,,,,,,,,,,,,,
2024-04-14 10:00:00,968.9,25.9,86.0,1.9,158.0,6.1,161.0,0.0,,,,,,,,,,,2024-04-14T09:59:00,,,,0,,,,,,,,,,,,,
2024-04-14 11:00:00,968.4,25.4,92.0,1.7,160.0,6.1,140.0,0.0,,,,,,,,,,,2024-04-14T10:51:00,,,,0,,,,,,,,,,,,,
2024-04-14 12:00:00,967.6,25.1,93.0,1.6,158.0,4.9,201.0,0.0,,,,,,,,,,,2024-04-14T11:17:00,,,,0,,,,,,,,,,,,,
2024-04-14 13:00:00,966.9,24.5,97.0,1.4,175.0,7.9,150.0,0.0,,,,,,,,,,,2024-04-14T12:21:00,,,,0,,,,,,,,,,,,,
2024-04-14 14:00:00,966.2,24.2,100.0,1.4,171.0,6.2,145.0,0.0,,,,,,,,,,,2024-04-14T13:15:00,,,,0,,,,,,,,,,,,,
2024-04-14 15:00:00,965.5,24.2,100.0,1.5,168.0,6.2,149.0,0.0,,,,,,,,,,,2024-04-14T14:55:00,,,,0,,,,,,,,,,,,,
2024-04-14 16:00:00,965.4,24.1,100.0,0.6,160.0,5.7,190.0,0.0,,,,,,,,,,,2024-04-14T15:06:00,,,,0,,,,,,,,,,,,,
2024-04-14 17:00:00,965.2,24.9,100.0,0.8,40.0,3.8,122.0,0.0,,,,,,,,,,,2024-04-14T16:09:00,,,,0,,,,,,,,,,,,,
2024-04-14 18:00:00,965.0,24.7,100.0,0.3,8.0,3.0,22.0,0.0,,,,,,,,,,,2024-04-14T17:51:00,,,,0,,,,,,,,,,,,,
2024-04-14 19:00:00,965.1,23.7,100.0,2.1,26.0,6.3,6.0,0.0,,,,,,,,,,,2024-04-14T18:52:00,,,,0,,,,,,,,,,,,,
2024-04-14 20:00:00,965.5,23.6,100.0,1.3,315.0,5.9,37.0,0.0,,,,,,,,,,,2024-04-14T19:16:00,,,,0,,,,,,,,,,,,,
2024-04-14 21:00:00,966.0,23.5,99.0,1.3,324.0,6.2,1.0,0.0,,,,,,,,,,,2024-04-14T20:35:00,,,,0,,,,,,,,,,,,,
2024-04-14 22:00:00,966.5,23.4,98.0,1.6,330.0,4.7,28.0,0.0,,,,,,,,,,,2024-04-14T21:04:00,,,,0,,,,,,,,,,,,,
2024-04-14 23:00:00,966.6,23.2,99.0,0.7,340.0,4.8,32.0,0.0,,,,,,,,,,,2024-04-14T22:40:00,,,,0,,,,,,,,,,,,,
2024-04-15 00:00:00,966.2,23.0,98.0,1.8,314.0,7.2,318.0,0.0,,,,,,,,,,,2024-04-14T23:21:00,,,,0,,,,,,,,,,,,,
2024-04-15 01:00:00,965.9,23.0,99.0,1.3,318.0,4.5,335.0,0.0,,,,,,,,,,,2024-04-15T00:46:00,,,,0,,,,,,,,,,,,,
2024-04-15 02:00:00,965.3,22.8,98.0,2.1,303.0,4.6,304.0,0.0,,,,,,,,,,,2024-04-15T01:30:00,,,,0,,,,,,,,,,,,,
2024-04-15 03:00:00,965.2,22.6,99.0,0.9,311.0,4.7,17.0,0.0,,,,,,,,,,,2024-04-15T02:43:00,,,,0,,,,,,,,,,,,,
2024-04-15 04:00:00,965.2,22.4,97.0,1.8,298.0,4.1,312.0,0.0,,,,,,,,,,,2024-04-15T03:27:00,,,,0,,,,,,,,,,,,,
2024-04-15 05:00:00,965.6,22.5,93.0,2.0,304.0,4.4,301.0,0.0,,,,,,,,,,,2024-04-15T04:36:00,,,,0,,,,,,,,,,,,,
2024-04-15 06:00:00,966.4,22.5,95.0,1.9,303.0,5.1,310.0,0.0,,,,,,,,,,,2024-04-15T05:28:00,,,,0,,,,,,,,,,,,,
2024-04-15 07:00:00,967.0,23.3,92.0,1.5,337.0,4.7,150.0,0.0,,,,,,,,,,,2024-04-15T07:00:00,,,,0,,,,,,,,,,,,,
2024-04-15 08:00:00,967.4,27.0,80.0,0.7,34.0,4.6,338.0,0.0,,,,,,,,,,,2024-04-15T07:08:00,,,,0,,,,,,,,,,,,,
2024-04-15 09:00:00,967.8,30.2,71.0,0.8,62.0,4.0,38.0,0.0,,,,,,,,,,,2024-04-15T08:46:00,,,,0,,,,,,,,,,,,,
2024-04-15 10:00:00,968.0,31.6,67.0,0.4,42.0,4.1,44.0,0.0,,,,,,,,,,,2024-04-15T09:08:00,,,,0,,,,,,,,,,,,,
2024-04-15 11:00:00,967.8,29.0,73.0,1.4,107.0,5.8,81.0,0.0,,,,,,,,,,,2024-04-15T10:46:00,,,,0,,,,,,,,,,,,,
2024-04-15 12:00:00,967.6,27.2,82.0,1.6,99.0,5.4,112.0,0.0,,,,,,,,,,,2024-04-15T11:53:00,,,,0,,,,,,,,,,,,,
2024-04-15 13:00:00,967.3,26.9,82.0,2.1,92.0,7.8,95.0,0.0,,,,,,,,,,,2024-04-15T12:16:00,,,,0,,,,,,,,,,,,,
2024-04-15 14:00:00,966.9,27.9,78.0,0.6,102.0,5.9,105.0,0.0,,,,,,,,,,,2024-04-15T13:10:00,,,,0,,,,,,,,,,,,,
2024-04-15 15:00:00,966.5,27.7,78.0,0.4,108.0,3.3,76.0,0.0,,,,,,,,,,,2024-04-15T14:05:00,,,,0,,,,,,,,,,,,,
2024-04-15 16:00:00,966.5,27.0,82.0,0.7,85.0,2.8,109.0,0.0,,,,,,,,,,,2024-04-15T15:33:00,,,,0,,,,,,,,,,,,,
2024-04-15 17:00:00,967.1,26.4,86.0,0.3,134.0,2.6,148.0,0.0,,,,,,,,,,,2024-04-15T16:31:00,,,,0,,,,,,,,,,,,,
2024-04-15 18:00:00,967.6,25.2,92.0,0.5,180.0,2.7,131.0,0.0,,,,,,,,,,,2024-04-15T17:01:00,,,,0,,,,,,,,,,,,,
2024-04-15 19:00:00,968.0,24.6,96.0,0.6,184.0,3.0,189.0,0.0,,,,,,,,,,,2024-04-15T18:15:00,,,,0,,,,,,,,,,,,,
2024-04-15 20:00:00,968.4,24.2,98.0,1.1,242.0,3.2,204.0,0.0,,,,,,,,,,,2024-04-15T19:21:00,,,,0,,,,,,,,,,,,,
2024-04-15 21:00:00,968.8,25.0,92.0,0.6,288.0,4.2,315.0,0.0,,,,,,,,,,,2024-04-15T20:18:00,,,,0,,,,,,,,,,,,,
2024-04-15 22:00:00,969.1,24.2,97.0,0.7,325.0,2.6,48.0,0.0,,,,,,,,,,,2024-04-15T21:32:00,,,,0,,,,,,,,,,,,,
2024-04-15 23:00:00,969.1,24.0,99.0,0.4,218.0,2.1,197.0,0.0,,,,,,,,,,,2024-04-15T22:59:00,,,,0,,,,,,,,,,,,,
2024-04-16 00:00:00,968.8,23.9,99.0,1.5,306.0,3.0,326.0,0.0,,,,,,,,,,,2024-04-15T23:56:00,,,,0,,,,,,,,,,,,,
2024-04-16 01:00:00,968.4,23.5,99.0,1.1,51.0,3.0,35.0,0.0,,,,,,,,,,,2024-04-16T00:49:00,,,,0,,,,,,,,,,,,,
2024-04-16 02:00:00,967.9,23.2,100.0,1.0,55.0,2.5,41.0,0.0,,,,,,,,,,,2024-04-16T01:41:00,,,,0,,,,,,,,,,,,,
2024-04-16 03:00:00,967.5,22.8,100.0,0.2,0.0,3.1,53.0,0.0,,,,,,,,,,,2024-04-16T02:05:00,,,,0,,,,,,,,,,,,,
2024-04-16 04:00:00,967.5,22.6,100.0,0.8,353.0,2.6,350.0,0.0,,,,,,,,,,,2024-04-16T03:57:00,,,,0,,,,,,,,,,,,,
2024-04-16 05:00:00,967.6,22.6,100.0,0.9,350.0,3.5,2.0,0.0,,,,,,,,,,,2024-04-16T04:21:00,,,,0,,,,,,,,,,,,,
2024-04-16 06:00:00,968.4,22.8,95.0,1.2,305.0,2.3,297.0,0.0,,,,,,,,,,,2024-04-16T05:22:00,,,,0,,,,,,,,,,,,,
2024-04-16 07:00:00,968.6,24.3,89.0,0.0,0.0,1.6,300.0,0.0,,,,,,,,,,,2024-04-16T06:05:00,,,,0,,,,,,,,,,,,,
2024-04-16 08:00:00,968.6,26.0,82.0,0.0,0.0,1.1,218.0,0.0,,,,,,,,,,,2024-04-16T07:34:00,,,,0,,,,,,,,,,,,,
2024-04-16 09:00:00,968.6,28.9,76.0,0.2,0.0,1.7,40.0,0.0,,,,,,,,,,,2024-04-16T08:49:00,,,,0,,,,,,,,,,,,,
2024-04-16 10:00:00,968.4,29.6,69.0,0.0,0.0,2.3,103.0,0.0,,,,,,,,,,,2024-04-16T09:13:00,,,,0,,,,,,,,,,,,,
2024-04-16 11:00:00,967.9,28.0,76.0,0.4,95.0,3.6,96.0,0.0,,,,,,,,,,,2024-04-16T10:30:00,,,,0,,,,,,,,,,,,,
2024-04-16 12:00:00,967.0,29.6,70.0,0.7,100.0,3.5,113.0,0.0,,,,,,,,,,,2024-04-16T11:28:00,,,,0,,,,,,,,,,,,,
2024-04-16 13:00:00,966.2,28.4,74.0,0.5,129.0,4.2,69.0,0.0,,,,,,,,,,,2024-04-16T12:35:00,,,,0,,,,,,,,,,,,,
2024-04-16 14:00:00,965.7,28.1,78.0,0.7,114.0,4.2,119.0,0.0,,,,,,,,,,,2024-04-16T13:05:00,,,,0,,,,,,,,,,,,,
2024-04-16 15:00:00,965.2,28.2,76.0,0.2,0.0,4.0,72.0,0.0,,,,,,,,,,,2024-04-16T14:09:00,,,,0,,,,,,,,,,,,,
2024-04-16 16:00:00,,,,,,1.8,120.0,0.0,,,,,,,,,,,2024-04-16T15:25:00,,,,0,,,,,,,,,,,,,
2024-04-16 17:00:00,,,,,,,,-999.6,,,,,,,,,,,,,,,0,,,,,,,,,,,,,
2024-04-16 18:00:00,,,,,,,,-999.6,,,,,,,,,,,,,,,0,,,,,,,,,,,,,
2024-04-16 19:00:00,,,,,,,,-999.6,,,,,,,,,,,,,,,0,,,,,,,,,,,,,
2024-04-16 20:00:00,,,,,,,,-999.6,,,,,,,,,,,,,,,0,,,,,,,,,,,,,
2024-04-16 21:00:00,,,,,,,,-999.6,,,,,,,,,,,,,,,0,,,,,,,,,,,,,
2024-04-16 22:00:00,,,,,,,,-999.6,,,,,,,,,,,,,,,0,,,,,,,,,,,,,
2024-04-16 23:00:00,,,,,,,,-999.6,,,,,,,,,,,,,,,0,,,,,,,,,,,,,
2024-04-17 00:00:00,,,,,,,,-999.6,,,,,,,,,,,,,,,0,,,,,,,,,,,,,
2024-04-17 01:00:00,,,,,,,,-999.6,,,,,,,,,,,,,,,0,,,,,,,,,,,,,
2024-04-17 02:00:00,,,,,,,,-999.6,,,,,,,,,,,,,,,0,,,,,,,,,,,,,
2024-04-17 03:00:00,,,,,,,,-999.6,,,,,,,,,,,,,,,0,,,,,,,,,,,,,
2024-04-17 04:00:00,,,,,,,,-999.6,,,,,,,,,,,,,,,0,,,,,,,,,,,,,
2024-04-17 05:00:00,,,,,,,,-999.6,,,,,,,,,,,,,,,0,,,,,,,,,,,,,
2024-04-17 06:00:00,,,,,,,,-999.6,,,,,,,,,,,,,,,0,,,,,,,,,,,,,
2024-04-17 07:00:00,,,,,,,,-999.6,,,,,,,,,,,,,,,0,,,,,,,,,,,,,
2024-04-17 08:00:00,,,,,,,,-999.6,,,,,,,,,,,,,,,0,,,,,,,,,,,,,
2024-04-17 09:00:00,,,,,,,,-999.6,,,,,,,,,,,,,,,0,,,,,,,,,,,,,
2024-04-17 10:00:00,966.8,28.5,73.0,1.0,166.0,3.8,204.0,0.0,,,,,,,,,,,2024-04-17T09:32:00,,,,0,,,,,,,,,,,,,
2024-04-17 11:00:00,965.9,27.1,80.0,1.1,172.0,4.4,203.0,0.0,,,,,,,,,,,2024-04-17T10:47:00,,,,0,,,,,,,,,,,,,
2024-04-17 12:00:00,964.6,26.3,83.0,1.7,160.0,6.6,200.0,0.0,,,,,,,,,,,2024-04-17T11:52:00,,,,0,,,,,,,,,,,,,
2024-04-17 13:00:00,963.4,26.8,83.0,1.4,160.0,6.5,187.0,0.0,,,,,,,,,,,2024-04-17T12:21:00,,,,0,,,,,,,,,,,,,
2024-04-17 14:00:00,962.0,26.8,81.0,1.4,163.0,4.6,183.0,0.0,,,,,,,,,,,2024-04-17T13:07:00,,,,0,,,,,,,,,,,,,
2024-04-17 15:00:00,960.9,27.9,78.0,0.5,188.0,4.6,204.0,0.0,,,,,,,,,,,2024-04-17T14:31:00,,,,0,,,,,,,,,,,,,
2024-04-17 16:00:00,960.2,28.1,75.0,0.8,185.0,3.0,198.0,0.0,,,,,,,,,,,2024-04-17T15:21:00,,,,0,,,,,,,,,,,,,
2024-04-17 17:00:00,960.7,31.5,49.0,1.3,229.0,4.2,203.0,0.0,,,,,,,,,,,2024-04-17T16:22:00,,,,0,,,,,,,,,,,,,
2024-04-17 18:00:00,961.5,30.5,39.0,1.3,255.0,9.7,264.0,0.0,,,,,,,,,,,2024-04-17T17:41:00,,,,0,,,,,,,,,,,,,
2024-04-17 19:00:00,962.2,30.2,36.0,1.6,266.0,8.3,277.0,0.0,,,,,,,,,,,2024-04-17T18:46:00,,,,0,,,,,,,,,,,,,
2024-04-17 20:00:00,962.9,28.4,54.0,2.5,289.0,7.5,272.0,0.0,,,,,,,,,,,2024-04-17T19:02:00,,,,0,,,,,,,,,,,,,
2024-04-17 21:00:00,963.4,26.2,66.0,2.9,304.0,8.4,264.0,0.0,,,,,,,,,,,2024-04-17T21:00:00,,,,0,,,,,,,,,,,,,
2024-04-17 22:00:00,963.7,25.1,80.0,1.9,317.0,6.1,311.0,0.0,,,,,,,,,,,2024-04-17T21:23:00,,,,0,,,,,,,,,,,,,
2024-04-17 23:00:00,963.6,24.3,87.0,2.3,340.0,5.3,4.0,0.0,,,,,,,,,,,2024-04-17T22:46:00,,,,0,,,,,,,,,,,,,
2024-04-18 00:00:00,963.1,24.0,88.0,2.1,333.0,5.4,324.0,0.0,,,,,,,,,,,2024-04-17T23:48:00,,,,0,,,,,,,,,,,,,
2024-04-18 01:00:00,962.7,23.3,93.0,0.3,32.0,3.5,39.0,0.0,,,,,,,,,,,2024-04-18T00:35:00,,,,0,,,,,,,,,,,,,
2024-04-18 02:00:00,962.4,22.8,95.0,0.5,315.0,4.2,309.0,0.0,,,,,,,,,,,2024-04-18T01:11:00,,,,0,,,,,,,,,,,,,
2024-04-18 03:00:00,962.0,22.7,96.0,1.1,318.0,3.7,326.0,0.0,,,,,,,,,,,2024-04-18T02:29:00,,,,0,,,,,,,,,,,,,
2024-04-18 04:00:00,962.0,22.6,96.0,1.1,304.0,3.8,317.0,0.0,,,,,,,,,,,2024-04-18T03:02:00,,,,0,,,,,,,,,,,,,
2024-04-18 05:00:00,962.4,22.4,90.0,1.9,309.0,3.0,314.0,0.0,,,,,,,,,,,2024-04-18T04:58:00,,,,0,,,,,,,,,,,,,
2024-04-18 06:00:00,962.8,22.4,92.0,0.8,8.0,2.9,12.0,0.0,,,,,,,,,,,2024-04-18T05:19:00,,,,0,,,,,,,,,,,,,
2024-04-18 07:00:00,962.6,24.7,86.0,0.4,23.0,5.5,5.0,0.0,,,,,,,,,,,2024-04-18T06:13:00,,,,0,,,,,,,,,,,,,
2024-04-18 08:00:00,963.6,26.5,77.0,0.5,351.0,2.9,70.0,0.0,,,,,,,,,,,2024-04-18T07:34:00,,,,0,,,,,,,,,,,,,
2024-04-18 09:00:00,963.9,28.5,73.0,0.0,0.0,2.3,39.0,0.0,,,,,,,,,,,2024-04-18T08:29:00,,,,0,,,,,,,,,,,,,
2024-04-18 10:00:00,964.6,29.1,69.0,0.3,46.0,3.7,39.0,0.0,,,,,,,,,,,2024-04-18T09:48:00,,,,0,,,,,,,,,,,,,
2024-04-18 11:00:00,964.8,28.1,75.0,1.0,81.0,3.4,35.0,0.0,,,,,,,,,,,2024-04-18T10:29:00,,,,0,,,,,,,,,,,,,
2024-04-18 12:00:00,964.2,27.5,81.0,1.6,65.0,6.3,65.0,0.0,,,,,,,,,,,2024-04-18T12:00:00,,,,0,,,,,,,,,,,,,
2024-04-18 13:00:00,963.9,26.4,81.0,2.1,47.0,8.8,56.0,0.0,,,,,,,,,,,2024-04-18T12:51:00,,,,0,,,,,,,,,,,,,
2024-04-18 14:00:00,963.9,24.2,84.0,2.1,54.0,9.4,60.0,0.0,,,,,,,,,,,2024-04-18T13:23:00,,,,0,,,,,,,,,,,,,
2024-04-18 15:00:00,963.9,22.5,94.0,1.6,52.0,8.7,58.0,0.0,,,,,,,,,,,2024-04-18T14:08:00,,,,0,,,,,,,,,,,,,
2024-04-18 16:00:00,964.5,22.1,98.0,0.3,350.0,3.7,55.0,0.5,,,,,,,,,,,2024-04-18T15:03:00,,,,0,,,,,,,,,,,,,
2024-04-18 17:00:00,965.2,21.7,100.0,0.4,329.0,3.5,320.0,1.5,,,,,,,,,,,2024-04-18T16:06:00,,,,0,,,,,,,,,,,,,
2024-04-18 18:00:00,965.9,21.1,100.0,0.0,0.0,2.3,39.0,0.0,,,,,,,,,,,2024-04-18T17:15:00,,,,0,,,,,,,,,,,,,
2024-04-18 19:00:00,966.9,20.5,100.0,0.4,12.0,3.4,8.0,0.5,,,,,,,,,,,2024-04-18T18:29:00,,,,0,,,,,,,,,,,,,
2024-04-18 20:00:00,967.6,20.1,100.0,0.3,336.0,5.4,299.0,1.0,,,,,,,,,,,2024-04-18T19:11:00,,,,0,,,,,,,,,,,,,
2024-04-18 21:00:00,967.8,19.6,100.0,0.3,7.0,3.9,38.0,0.0,,,,,,,,,,,2024-04-18T20:15:00,,,,0,,,,,,,,,,,,,
2024-04-18 22:00:00,968.1,19.3,100.0,0.6,23.0,3.2,58.0,0.0,,,,,,,,,,,2024-04-18T21:10:00,,,,0,,,,,,,,,,,,,
2024-04-18 23:00:00,967.8,19.4,100.0,0.5,359.0,4.7,26.0,0.0,,,,,,,,,,,2024-04-18T22:14:00,,,,0,,,,,,,,,,,,,
2024-04-19 00:00:00,967.4,19.3,100.0,0.5,350.0,4.8,17.0,0.0,,,,,,,,,,,2024-04-18T23:10:00,,,,0,,,,,,,,,,,,,
2024-04-19 01:00:00,966.6,19.1,100.0,1.5,320.0,4.6,334.0,0.0,,,,,,,,,,,2024-04-19T00:46:00,,,,0,,,,,,,,,,,,,
2024-04-19 02:00:00,966.2,19.0,99.0,0.7,339.0,3.6,351.0,0.0,,,,,,,,,,,2024-04-19T01:08:00,,,,0,,,,,,,,,,,,,
2024-04-19 03:00:00,965.7,19.1,98.0,1.3,329.0,4.4,20.0,0.0,,,,,,,,,,,2024-04-19T02:21:00,,,,0,,,,,,,,,,,,,
2024-04-19 04:00:00,965.6,19.3,97.0,1.7,316.0,3.8,321.0,0.0,,,,,,,,,,,2024-04-19T03:09:00,,,,0,,,,,,,,,,,,,
2024-04-19 05:00:00,965.8,19.5,95.0,0.9,356.0,4.1,13.0,0.0,,,,,,,,,,,2024-04-19T04:29:00,,,,0,,,,,,,,,,,,,
2024-04-19 06:00:00,966.8,19.8,92.0,0.4,3.0,3.8,39.0,0.0,,,,,,,,,,,2024-04-19T05:06:00,,,,0,,,,,,,,,,,,,
2024-04-19 07:00:00,967.5,20.5,92.0,1.2,351.0,2.7,6.0,0.0,,,,,,,,,,,2024-04-19T06:50:00,,,,0,,,,,,,,,,,,,
2024-04-19 08:00:00,967.9,21.6,90.0,0.8,359.0,2.8,33.0,0.0,,,,,,,,,,,2024-04-19T07:33:00,,,,0,,,,,,,,,,,,,
2024-04-19 09:00:00,967.9,21.7,90.0,0.6,317.0,2.9,308.0,0.0,,,,,,,,,,,2024-04-19T08:49:00,,,,0,,,,,,,,,,,,,
2024-04-19 10:00:00,967.8,26.6,75.0,0.5,50.0,2.5,32.0,0.0,,,,,,,,,,,2024-04-19T09:54:00,,,,0,,,,,,,,,,,,,
2024-04-19 11:00:00,967.1,27.4,73.0,0.3,47.0,3.3,50.0,0.0,,,,,,,,,,,2024-04-19T10:35:00,,,,0,,,,,,,,,,,,,
2024-04-19 12:00:00,966.5,25.4,79.0,0.9,73.0,4.6,64.0,0.0,,,,,,,,,,,2024-04-19T11:23:00,,,,0,,,,,,,,,,,,,
2024-04-19 13:00:00,965.6,24.9,83.0,0.2,0.0,5.1,105.0,0.0,,,,,,,,,,,2024-04-19T12:23:00,,,,0,,,,,,,,,,,,,
2024-04-19 14:00:00,964.9,23.9,85.0,0.5,62.0,2.4,56.0,0.0,,,,,,,,,,,2024-04-19T14:00:00,,,,0,,,,,,,,,,,,,
2024-04-19 15:00:00,964.6,23.3,89.0,0.0,0.0,4.1,117.0,0.0,,,,,,,,,,,2024-04-19T14:03:00,,,,0,,,,,,,,,,,,,
2024-04-19 16:00:00,964.5,22.6,94.0,0.0,0.0,2.7,110.0,0.0,,,,,,,,,,,2024-04-19T15:38:00,,,,0,,,,,,,,,,,,,
2024-04-19 17:00:00,965.2,22.2,96.0,0.0,0.0,2.0,98.0,0.0,,,,,,,,,,,2024-04-19T16:29:00,,,,0,,,,,,,,,,,,,
2024-04-19 18:00:00,965.7,21.5,97.0,0.6,271.0,2.0,109.0,0.0,,,,,,,,,,,2024-04-19T17:19:00,,,,0,,,,,,,,,,,,,
2024-04-19 19:00:00,966.4,21.3,99.0,0.6,301.0,1.4,296.0,0.0,,,,,,,,,,,2024-04-19T18:11:00,,,,0,,,,,,,,,,,,,
2024-04-19 20:00:00,966.8,21.4,99.0,1.2,313.0,2.1,323.0,0.0,,,,,,,,,,,2024-04-19T19:51:00,,,,0,,,,,,,,,,,,,
2024-04-19 21:00:00,967.2,21.5,99.0,1.0,318.0,1.7,305.0,0.0,,,,,,,,,,,2024-04-19T20:33:00,,,,0,,,,,,,,,,,,,
2024-04-19 22:00:00,967.3,22.3,93.0,0.0,0.0,1.5,317.0,0.0,,,,,,,,,,,2024-04-19T21:04:00,,,,0,,,,,,,,,,,,,
2024-04-19 23:00:00,966.9,22.0,94.0,0.8,241.0,1.3,115.0,0.0,,,,,,,,,,,2024-04-19T22:15:00,,,,0,,,,,,,,,,,,,
2024-04-20 00:00:00,966.2,21.6,95.0,1.2,210.0,2.3,189.0,0.0,,,,,,,,,,,2024-04-19T23:43:00,,,,0,,,,,,,,,,,,,
2024-04-20 01:00:00,965.4,21.5,96.0,0.7,205.0,2.3,196.0,0.0,,,,,,,,,,,2024-04-20T00:14:00,,,,0,,,,,,,,,,,,,
2024-04-20 02:00:00,964.7,22.0,89.0,0.8,164.0,2.4,205.0,0.0,,,,,,,,,,,2024-04-20T01:04:00,,,,0,,,,,,,,,,,,,
2024-04-20 03:00:00,964.3,21.7,92.0,0.3,169.0,3.1,187.0,0.0,,,,,,,,,,,2024-04-20T02:21:00,,,,0,,,,,,,,,,,,,
2024-04-20 04:00:00,964.0,21.4,90.0,0.9,265.0,2.3,274.0,0.0,,,,,,,,,,,2024-04-20T03:43:00,,,,0,,,,,,,,,,,,,
2024-04-20 05:00:00,964.2,21.6,87.0,0.8,237.0,3.3,188.0,0.0,,,,,,,,,,,2024-04-20T04:36:00,,,,0,,,,,,,,,,,,,
2024-04-20 06:00:00,964.5,22.1,89.0,0.7,198.0,2.8,209.0,0.0,,,,,,,,,,,2024-04-20T05:58:00,,,,0,,,,,,,,,,,,,
2024-04-20 07:00:00,965.0,23.2,88.0,0.2,0.0,2.6,190.0,0.0,,,,,,,,,,,2024-04-20T06:12:00,,,,0,,,,,,,,,,,,,
2024-04-20 08:00:00,965.4,24.6,84.0,0.4,152.0,4.4,207.0,0.0,,,,,,,,,,,2024-04-20T07:05:00,,,,0,,,,,,,,,,,,,
2024-04-20 09:00:00,965.8,24.7,85.0,1.2,169.0,4.6,189.0,0.0,,,,,,,,,,,2024-04-20T08:28:00,,,,0,,,,,,,,,,,,,
2024-04-20 10:00:00,965.5,26.7,78.0,0.9,176.0,5.8,156.0,0.0,,,,,,,,,,,2024-04-20T09:49:00,,,,0,,,,,,,,,,,,,
2024-04-20 11:00:00,965.1,25.8,85.0,0.4,192.0,4.4,228.0,0.0,,,,,,,,,,,2024-04-20T10:41:00,,,,0,,,,,,,,,,,,,
2024-04-20 12:00:00,964.3,26.5,79.0,1.1,171.0,3.8,180.0,0.0,,,,,,,,,,,2024-04-20T11:51:00,,,,0,,,,,,,,,,,,,
2024-04-20 13:00:00,963.4,26.4,85.0,0.9,183.0,4.9,187.0,0.0,,,,,,,,,,,2024-04-20T12:26:00,,,,0,,,,,,,,,,,,,
2024-04-20 14:00:00,962.6,27.8,79.0,0.9,114.0,4.2,140.0,0.0,,,,,,,,,,,2024-04-20T13:01:00,,,,0,,,,,,,,,,,,,
2024-04-20 15:00:00,961.8,30.6,69.0,1.1,42.0,4.4,99.0,0.0,,,,,,,,,,,2024-04-20T14:03:00,,,,0,,,,,,,,,,,,,
2024-04-20 16:00:00,961.0,29.6,71.0,1.5,43.0,4.2,41.0,0.0,,,,,,,,,,,2024-04-20T15:41:00,,,,0,,,,,,,,,,,,,
2024-04-20 17:00:00,961.1,27.5,82.0,0.8,359.0,3.7,43.0,0.0,,,,,,,,,,,2024-04-20T16:23:00,,,,0,,,,,,,,,,,,,
2024-04-20 18:00:00,962.0,26.3,82.0,0.8,352.0,2.8,24.0,0.0,,,,,,,,,,,2024-04-20T17:13:00,,,,0,,,,,,,,,,,,,
2024-04-20 19:00:00,962.9,25.6,80.0,0.0,0.0,2.2,331.0,0.0,,,,,,,,,,,2024-04-20T18:21:00,,,,0,,,,,,,,,,,,,
2024-04-20 20:00:00,963.8,24.9,80.0,0.7,21.0,3.8,325.0,0.0,,,,,,,,,,,2024-04-20T19:03:00,,,,0,,,,,,,,,,,,,
2024-04-20 21:00:00,964.8,24.2,84.0,0.8,256.0,5.0,319.0,0.0,,,,,,,,,,,2024-04-20T20:39:00,,,,0,,,,,,,,,,,,,
2024-04-20 22:00:00,965.6,23.9,89.0,1.2,192.0,3.3,13.0,0.0,,,,,,,,,,,2024-04-20T21:02:00,,,,0,,,,,,,,,,,,,
2024-04-20 23:00:00,965.8,23.0,92.0,0.3,332.0,2.7,39.0,0.0,,,,,,,,,,,2024-04-20T22:31:00,,,,0,,,,,,,,,,,,,
2024-04-21 00:00:00,965.8,22.7,92.0,1.4,305.0,2.8,330.0,0.0,,,,,,,,,,,2024-04-20T23:41:00,,,,0,,,,,,,,,,,,,
2024-04-21 01:00:00,965.2,22.7,88.0,1.1,314.0,4.0,333.0,0.0,,,,,,,,,,,2024-04-21T00:15:00,,,,0,,,,,,,,,,,,,
2024-04-21 02:00:00,964.9,22.2,89.0,1.1,325.0,3.5,318.0,0.0,,,,,,,,,,,2024-04-21T01:09:00,,,,0,,,,,,,,,,,,,
2024-04-21 03:00:00,965.0,22.3,83.0,1.5,306.0,3.3,321.0,0.0,,,,,,,,,,,2024-04-21T02:54:00,,,,0,,,,,,,,,,,,,
2024-04-21 04:00:00,965.1,22.6,79.0,1.5,309.0,2.6,308.0,0.0,,,,,,,,,,,2024-04-21T03:44:00,,,,0,,,,,,,,,,,,,
2024-04-21 05:00:00,965.0,22.3,79.0,1.3,313.0,2.6,329.0,0.0,,,,,,,,,,,2024-04-21T04:42:00,,,,0,,,,,,,,,,,,,
2024-04-21 06:00:00,965.5,22.1,81.0,1.1,334.0,2.5,331.0,0.0,,,,,,,,,,,2024-04-21T05:08:00,,,,0,,,,,,,,,,,,,
2024-04-21 07:00:00,965.8,25.0,78.0,0.4,35.0,2.3,353.0,0.0,,,,,,,,,,,2024-04-21T06:02:00,,,,0,,,,,,,,,,,,,
2024-04-21 08:00:00,966.3,25.8,74.0,0.1,0.0,1.6,39.0,0.0,,,,,,,,,,,2024-04-21T07:01:00,,,,0,,,,,,,,,,,,,
2024-04-21 09:00:00,966.6,28.7,65.0,0.3,145.0,1.1,156.0,0.0,,,,,,,,,,,2024-04-21T08:51:00,,,,0,,,,,,,,,,,,,
2024-04-21 10:00:00,966.5,28.1,72.0,0.7,158.0,3.5,199.0,0.0,,,,,,,,,,,2024-04-21T09:42:00,,,,0,,,,,,,,,,,,,
2024-04-21 11:00:00,965.9,29.2,69.0,0.6,164.0,3.5,198.0,0.0,,,,,,,,,,,2024-04-21T10:34:00,,,,0,,,,,,,,,,,,,
2024-04-21 12:00:00,965.4,28.6,67.0,1.2,181.0,4.6,224.0,0.0,,,,,,,,,,,2024-04-21T11:18:00,,,,0,,,,,,,,,,,,,
2024-04-21 13:00:00,964.8,27.1,70.0,2.0,165.0,7.2,198.0,0.0,,,,,,,,,,,2024-04-21T13:00:00,,,,0,,,,,,,,,,,,,
2024-04-21 14:00:00,964.4,27.1,78.0,1.5,163.0,6.0,207.0,0.0,,,,,,,,,,,2024-04-21T13:15:00,,,,0,,,,,,,,,,,,,
2024-04-21 15:00:00,964.2,27.1,81.0,1.4,160.0,7.2,154.0,0.0,,,,,,,,,,,2024-04-21T14:33:00,,,,0,,,,,,,,,,,,,
2024-04-21 16:00:00,963.9,26.2,83.0,1.9,169.0,7.4,153.0,0.0,,,,,,,,,,,2024-04-21T15:16:00,,,,0,,,,,,,,,,,,,
2024-04-21 17:00:00,964.4,25.3,88.0,1.5,164.0,7.3,148.0,0.0,,,,,,,,,,,2024-04-21T16:27:00,,,,0,,,,,,,,,,,,,
2024-04-21 18:00:00,965.1,24.7,91.0,1.6,164.0,4.9,203.0,0.0,,,,,,,,,,,2024-04-21T17:35:00,,,,0,,,,,,,,,,,,,
2024-04-21 19:00:00,965.6,24.2,95.0,1.3,44.0,4.9,162.0,0.0,,,,,,,,,,,2024-04-21T18:03:00,,,,0,,,,,,,,,,,,,
2024-04-21 20:00:00,966.3,24.0,97.0,0.6,37.0,3.6,56.0,0.0,,,,,,,,,,,2024-04-21T19:37:00,,,,0,,,,,,,,,,,,,
2024-04-21 21:00:00,966.8,23.9,98.0,0.6,40.0,3.1,45.0,0.0,,,,,,,,,,,2024-04-21T20:20:00,,,,0,,,,,,,,,,,,,
2024-04-21 22:00:00,967.0,23.6,96.0,0.2,0.0,1.9,354.0,0.0,,,,,,,,,,,2024-04-21T21:19:00,,,,0,,,,,,,,,,,,,
2024-04-21 23:00:00,966.7,23.2,95.0,0.3,16.0,4.7,14.0,0.0,,,,,,,,,,,2024-04-21T22:15:00,,,,0,,,,,,,,,,,,,
2024-04-22 00:00:00,966.3,23.0,95.0,0.3,40.0,2.9,34.0,0.0,,,,,,,,,,,2024-04-21T23:12:00,,,,0,,,,,,,,,,,,,
2024-04-22 01:00:00,965.8,22.9,93.0,0.6,351.0,3.4,326.0,0.0,,,,,,,,,,,2024-04-22T00:59:00,,,,0,,,,,,,,,,,,,
2024-04-22 02:00:00,965.3,22.7,92.0,0.6,323.0,4.8,339.0,0.0,,,,,,,,,,,2024-04-22T01:05:00,,,,0,,,,,,,,,,,,,
2024-04-22 03:00:00,965.1,22.8,85.0,0.6,298.0,3.3,312.0,0.0,,,,,,,,,,,2024-04-22T02:03:00,,,,0,,,,,,,,,,,,,
2024-04-22 04:00:00,965.1,23.4,80.0,0.6,155.0,2.7,205.0,0.0,,,,,,,,,,,2024-04-22T03:17:00,,,,0,,,,,,,,,,,,,
2024-04-22 05:00:00,965.4,22.9,79.0,1.1,215.0,3.0,209.0,0.0,,,,,,,,,,,2024-04-22T04:52:00,,,,0,,,,,,,,,,,,,
2024-04-22 06:00:00,965.6,23.3,82.0,1.3,183.0,3.5,199.0,0.0,,,,,,,,,,,2024-04-22T05:57:00,,,,0,,,,,,,,,,,,,
2024-04-22 07:00:00,965.9,24.6,81.0,0.7,178.0,3.1,200.0,0.0,,,,,,,,,,,2024-04-22T06:03:00,,,,0,,,,,,,,,,,,,
2024-04-22 08:00:00,966.1,26.5,79.0,0.7,149.0,2.2,196.0,0.0,,,,,,,,,,,2024-04-22T07:15:00,,,,0,,,,,,,,,,,,,
2024-04-22 09:00:00,966.3,25.9,81.0,1.3,157.0,3.9,212.0,0.0,,,,,,,,,,,2024-04-22T08:49:00,,,,0,,,,,,,,,,,,,
2024-04-22 10:00:00,966.1,26.1,82.0,1.4,162.0,4.8,192.0,0.0,,,,,,,,,,,2024-04-22T09:09:00,,,,0,,,,,,,,,,,,,
2024-04-22 11:00:00,965.9,26.4,80.0,1.7,165.0,7.2,200.0,0.0,,,,,,,,,,,2024-04-22T10:18:00,,,,0,,,,,,,,,,,,,
2024-04-22 12:00:00,965.3,26.0,84.0,1.4,165.0,4.8,195.0,0.0,,,,,,,,,,,2024-04-22T11:38:00,,,,0,,,,,,,,,,,,,
2024-04-22 13:00:00,964.2,27.7,78.0,1.5,170.0,6.6,215.0,0.0,,,,,,,,,,,2024-04-22T12:56:00,,,,0,,,,,,,,,,,,,
2024-04-22 14:00:00,963.7,26.2,85.0,1.7,175.0,7.8,181.0,0.0,,,,,,,,,,,2024-04-22T13:38:00,,,,0,,,,,,,,,,,,,
2024-04-22 15:00:00,963.1,25.6,92.0,1.3,172.0,6.2,203.0,0.0,,,,,,,,,,,2024-04-22T14:40:00,,,,0,,,,,,,,,,,,,
2024-04-22 16:00:00,962.9,26.0,88.0,0.5,174.0,6.0,149.0,0.0,,,,,,,,,,,2024-04-22T15:37:00,,,,0,,,,,,,,,,,,,
2024-04-22 17:00:00,963.0,25.7,91.0,0.4,167.0,6.8,134.0,0.0,,,,,,,,,,,2024-04-22T16:43:00,,,,0,,,,,,,,,,,,,
2024-04-22 18:00:00,963.2,24.7,96.0,0.6,147.0,4.4,219.0,0.0,,,,,,,,,,,2024-04-22T17:18:00,,,,0,,,,,,,,,,,,,
2024-04-22 19:00:00,962.6,24.1,98.0,1.8,345.0,2.6,302.0,0.0,,,,,,,,,,,2024-04-22T18:40:00,,,,0,,,,,,,,,,,,,
2024-04-22 20:00:00,963.3,26.4,60.0,1.4,207.0,3.5,325.0,0.0,,,,,,,,,,,2024-04-22T19:08:00,,,,0,,,,,,,,,,,,,
2024-04-22 21:00:00,964.2,25.0,82.0,0.6,144.0,3.8,196.0,0.0,,,,,,,,,,,2024-04-22T20:03:00,,,,0,,,,,,,,,,,,,
2024-04-22 22:00:00,964.7,23.7,92.0,2.5,61.0,4.1,56.0,0.0,,,,,,,,,,,2024-04-22T21:57:00,,,,0,,,,,,,,,,,,,
2024-04-22 23:00:00,964.8,23.4,92.0,0.9,16.0,4.9,34.0,0.0,,,,,,,,,,,2024-04-22T22:08:00,,,,0,,,,,,,,,,,,,
2024-04-23 00:00:00,964.6,23.2,89.0,1.2,43.0,6.5,41.0,0.0,,,,,,,,,,,2024-04-22T23:46:00,,,,0,,,,,,,,,,,,,
2024-04-23 01:00:00,964.1,22.6,90.0,0.6,24.0,4.6,38.0,0.0,,,,,,,,,,,2024-04-23T00:53:00,,,,0,,,,,,,,,,,,,
2024-04-23 02:00:00,963.5,22.8,89.0,2.0,316.0,5.8,330.0,0.0,,,,,,,,,,,2024-04-23T01:56:00,,,,0,,,,,,,,,,,,,
2024-04-23 03:00:00,963.2,22.5,90.0,1.2,358.0,4.9,32.0,0.0,,,,,,,,,,,2024-04-23T02:23:00,,,,0,,,,,,,,,,,,,
2024-04-23 04:00:00,963.3,22.3,90.0,1.4,336.0,4.3,347.0,0.0,,,,,,,,,,,2024-04-23T03:54:00,,,,0,,,,,,,,,,,,,
2024-04-23 05:00:00,963.3,22.0,91.0,2.0,323.0,3.2,335.0,0.0,,,,,,,,,,,2024-04-23T04:55:00,,,,0,,,,,,,,,,,,,
2024-04-23 06:00:00,963.6,22.1,85.0,1.5,318.0,3.6,332.0,0.0,,,,,,,,,,,2024-04-23T05:08:00,,,,0,,,,,,,,,,,,,
2024-04-23 07:00:00,964.2,24.2,81.0,0.1,0.0,2.7,303.0,0.0,,,,,,,,,,,2024-04-23T06:02:00,,,,0,,,,,,,,,,,,,
2024-04-23 08:00:00,964.6,27.3,72.0,0.0,0.0,1.2,139.0,0.0,,,,,,,,,,,2024-04-23T07:37:00,,,,0,,,,,,,,,,,,,
2024-04-23 09:00:00,965.1,24.9,80.0,0.0,0.0,0.8,169.0,0.0,,,,,,,,,,,2024-04-23T08:34:00,,,,0,,,,,,,,,,,,,
2024-04-23 10:00:00,964.9,27.3,71.0,0.0,0.0,1.0,95.0,0.0,,,,,,,,,,,2024-04-23T09:43:00,,,,0,,,,,,,,,,,,,
2024-04-23 11:00:00,964.5,26.3,77.0,0.1,0.0,2.1,220.0,0.0,,,,,,,,,,,2024-04-23T10:25:00,,,,0,,,,,,,,,,,,,
2024-04-23 12:00:00,963.9,27.9,70.0,0.9,99.0,3.8,85.0,0.0,,,,,,,,,,,2024-04-23T11:59:00,,,,0,,,,,,,,,,,,,
2024-04-23 13:00:00,963.2,27.9,74.0,0.3,127.0,4.1,123.0,0.0,,,,,,,,,,,2024-04-23T12:30:00,,,,0,,,,,,,,,,,,,
2024-04-23 14:00:00,962.6,27.0,78.0,0.1,0.0,1.9,85.0,0.0,,,,,,,,,,,2024-04-23T13:52:00,,,,0,,,,,,,,,,,,,
2024-04-23 15:00:00,961.8,26.4,83.0,0.6,56.0,3.1,98.0,0.0,,,,,,,,,,,2024-04-23T14:40:00,,,,0,,,,,,,,,,,,,
2024-04-23 16:00:00,961.5,25.5,86.0,0.5,157.0,2.5,184.0,0.0,,,,,,,,,,,2024-04-23T15:39:00,,,,0,,,,,,,,,,,,,
2024-04-23 17:00:00,961.4,25.2,88.0,0.3,183.0,4.4,105.0,0.0,,,,,,,,,,,2024-04-23T16:13:00,,,,0,,,,,,,,,,,,,
2024-04-23 18:00:00,962.0,25.2,81.0,0.8,128.0,3.7,146.0,0.0,,,,,,,,,,,2024-04-23T17:17:00,,,,0,,,,,,,,,,,,,
2024-04-23 19:00:00,961.9,24.5,83.0,0.8,216.0,3.0,115.0,0.0,,,,,,,,,,,2024-04-23T18:11:00,,,,0,,,,,,,,,,,,,
2024-04-23 20:00:00,963.0,24.3,87.0,1.8,24.0,3.1,55.0,0.0,,,,,,,,,,,2024-04-23T19:54:00,,,,0,,,,,,,,,,,,,
2024-04-23 21:00:00,963.5,23.4,93.0,0.5,57.0,4.1,37.0,0.0,,,,,,,,,,,2024-04-23T20:44:00,,,,0,,,,,,,,,,,,,
2024-04-23 22:00:00,964.5,23.6,93.0,0.6,343.0,3.7,59.0,0.0,,,,,,,,,,,2024-04-23T21:15:00,,,,0,,,,,,,,,,,,,
2024-04-23 23:00:00,964.6,23.2,93.0,0.5,332.0,3.0,334.0,0.0,,,,,,,,,,,2024-04-23T22:59:00,,,,0,,,,,,,,,,,,,
2024-04-24 00:00:00,963.9,23.0,92.0,0.5,7.0,4.8,349.0,0.0,,,,,,,,,,,2024-04-23T23:51:00,,,,0,,,,,,,,,,,,,
2024-04-24 01:00:00,963.9,22.8,91.0,0.7,34.0,5.1,350.0,0.0,,,,,,,,,,,2024-04-24T00:21:00,,,,0,,,,,,,,,,,,,
2024-04-24 02:00:00,963.9,22.9,89.0,0.6,346.0,3.2,26.0,0.0,,,,,,,,,,,2024-04-24T01:05:00,,,,0,,,,,,,,,,,,,
2024-04-24 03:00:00,963.5,22.9,89.0,1.0,300.0,3.7,319.0,0.0,,,,,,,,,,,2024-04-24T02:49:00,,,,0,,,,,,,,,,,,,
2024-04-24 04:00:00,963.8,23.0,88.0,0.2,0.0,3.0,322.0,0.0,,,,,,,,,,,2024-04-24T03:32:00,,,,0,,,,,,,,,,,,,
2024-04-24 05:00:00,964.2,23.1,88.0,1.4,291.0,3.0,301.0,0.0,,,,,,,,,,,2024-04-24T04:51:00,,,,0,,,,,,,,,,,,,
2024-04-24 06:00:00,964.4,22.8,89.0,2.2,309.0,4.6,289.0,0.0,,,,,,,,,,,2024-04-24T05:49:00,,,,0,,,,,,,,,,,,,
2024-04-24 07:00:00,964.9,23.4,89.0,0.2,0.0,5.3,323.0,0.0,,,,,,,,,,,2024-04-24T06:04:00,,,,0,,,,,,,,,,,,,
2024-04-24 08:00:00,965.8,24.8,85.0,0.5,23.0,4.1,42.0,0.0,,,,,,,,,,,2024-04-24T07:15:00,,,,0,,,,,,,,,,,,,
2024-04-24 09:00:00,965.9,26.4,79.0,0.5,62.0,2.9,55.0,0.0,,,,,,,,,,,2024-04-24T08:18:00,,,,0,,,,,,,,,,,,,
2024-04-24 10:00:00,965.9,26.1,84.0,0.9,119.0,2.9,81.0,0.0,,,,,,,,,,,2024-04-24T09:44:00,,,,0,,,,,,,,,,,,,
2024-04-24 11:00:00,965.5,26.4,79.0,0.1,0.0,4.0,113.0,0.0,,,,,,,,,,,2024-04-24T10:44:00,,,,0,,,,,,,,,,,,,
2024-04-24 12:00:00,965.4,24.2,89.0,0.8,96.0,6.2,95.0,0.0,,,,,,,,,,,2024-04-24T11:30:00,,,,0,,,,,,,,,,,,,
2024-04-24 13:00:00,964.9,22.9,97.0,1.3,97.0,6.2,115.0,0.5,,,,,,,,,,,2024-04-24T12:28:00,,,,0,,,,,,,,,,,,,
2024-04-24 14:00:00,964.7,23.1,98.0,0.6,84.0,5.5,92.0,0.0,,,,,,,,,,,2024-04-24T13:28:00,,,,0,,,,,,,,,,,,,
2024-04-24 15:00:00,964.1,23.1,99.0,1.4,57.0,6.2,44.0,0.0,,,,,,,,,,,2024-04-24T14:30:00,,,,0,,,,,,,,,,,,,
2024-04-24 16:00:00,963.8,22.2,98.0,0.9,39.0,6.5,62.0,0.0,,,,,,,,,,,2024-04-24T15:21:00,,,,0,,,,,,,,,,,,,
2024-04-24 17:00:00,964.7,21.4,98.0,0.8,1.0,4.8,43.0,0.0,,,,,,,,,,,2024-04-24T16:39:00,,,,0,,,,,,,,,,,,,
2024-04-24 18:00:00,965.1,20.5,99.0,0.5,26.0,4.4,342.0,0.0,,,,,,,,,,,2024-04-24T17:29:00,,,,0,,,,,,,,,,,,,
2024-04-24 19:00:00,965.8,20.3,99.0,1.1,45.0,3.8,6.0,0.0,,,,,,,,,,,2024-04-24T18:17:00,,,,0,,,,,,,,,,,,,
2024-04-24 20:00:00,966.0,20.1,100.0,0.2,0.0,3.4,306.0,0.0,,,,,,,,,,,2024-04-24T19:11:00,,,,0,,,,,,,,,,,,,
2024-04-24 21:00:00,967.0,19.9,99.0,0.7,2.0,7.0,307.0,0.0,,,,,,,,,,,2024-04-24T20:21:00,,,,0,,,,,,,,,,,,,
2024-04-24 22:00:00,967.3,19.9,100.0,1.0,331.0,3.7,329.0,0.0,,,,,,,,,,,2024-04-24T22:00:00,,,,0,,,,,,,,,,,,,
2024-04-24 23:00:00,967.7,19.7,100.0,1.0,321.0,4.0,35.0,0.0,,,,,,,,,,,2024-04-24T22:25:00,,,,0,,,,,,,,,,,,,
2024-04-25 00:00:00,966.9,19.4,100.0,0.9,329.0,4.6,343.0,0.0,,,,,,,,,,,2024-04-24T23:20:00,,,,0,,,,,,,,,,,,,
2024-04-25 01:00:00,966.2,19.2,100.0,1.6,311.0,4.4,290.0,0.5,,,,,,,,,,,2024-04-25T00:25:00,,,,0,,,,,,,,,,,,,
2024-04-25 02:00:00,965.4,19.1,100.0,1.4,336.0,4.4,331.0,0.0,,,,,,,,,,,2024-04-25T01:01:00,,,,0,,,,,,,,,,,,,
2024-04-25 03:00:00,965.0,19.0,100.0,1.3,349.0,3.6,316.0,0.0,,,,,,,,,,,2024-04-25T02:02:00,,,,0,,,,,,,,,,,,,
2024-04-25 04:00:00,965.1,19.3,100.0,1.0,329.0,3.2,340.0,0.0,,,,,,,,,,,2024-04-25T03:31:00,,,,0,,,,,,,,,,,,,
2024-04-25 05:00:00,964.9,19.4,100.0,1.1,340.0,3.1,335.0,0.0,,,,,,,,,,,2024-04-25T04:03:00,,,,0,,,,,,,,,,,,,
2024-04-25 06:00:00,965.1,19.8,96.0,1.6,355.0,3.4,4.0,0.0,,,,,,,,,,,2024-04-25T05:07:00,,,,0,,,,,,,,,,,,,
2024-04-25 07:00:00,965.2,20.0,97.0,0.6,334.0,2.6,3.0,0.0,,,,,,,,,,,2024-04-25T06:55:00,,,,0,,,,,,,,,,,,,
2024-04-25 08:00:00,965.8,20.1,97.0,0.6,13.0,2.7,311.0,0.0,,,,,,,,,,,2024-04-25T07:30:00,,,,0,,,,,,,,,,,,,
2024-04-25 09:00:00,966.8,19.8,100.0,1.2,331.0,3.8,310.0,2.5,,,,,,,,,,,2024-04-25T08:19:00,,,,0,,,,,,,,,,,,,
2024-04-25 10:00:00,966.8,20.0,100.0,0.6,61.0,3.9,2.0,1.0,,,,,,,,,,,2024-04-25T09:17:00,,,,0,,,,,,,,,,,,,
2024-04-25 11:00:00,966.7,20.4,100.0,0.8,15.0,3.1,308.0,0.0,,,,,,,,,,,2024-04-25T10:28:00,,,,0,,,,,,,,,,,,,
2024-04-25 12:00:00,965.3,23.7,96.0,0.0,0.0,2.0,339.0,0.5,,,,,,,,,,,2024-04-25T11:06:00,,,,0,,,,,,,,,,,,,
2024-04-25 13:00:00,963.7,24.3,86.0,0.2,0.0,1.7,192.0,0.0,,,,,,,,,,,2024-04-25T12:43:00,,,,0,,,,,,,,,,,,,
2024-04-25 14:00:00,963.1,22.6,93.0,0.8,171.0,2.7,190.0,0.0,,,,,,,,,,,2024-04-25T14:00:00,,,,0,,,,,,,,,,,,,
2024-04-25 15:00:00,963.5,21.0,100.0,1.0,156.0,3.9,186.0,1.0,,,,,,,,,,,2024-04-25T14:29:00,,,,0,,,,,,,,,,,,,
2024-04-25 16:00:00,963.4,21.7,100.0,0.5,219.0,4.7,180.0,4.0,,,,,,,,,,,2024-04-25T15:38:00,,,,0,,,,,,,,,,,,,
2024-04-25 17:00:00,963.9,21.4,100.0,0.6,274.0,3.0,136.0,4.0,,,,,,,,,,,2024-04-25T16:10:00,,,,0,,,,,,,,,,,,,
2024-04-25 18:00:00,964.0,20.4,100.0,1.9,282.0,3.4,283.0,7.5,,,,,,,,,,,2024-04-25T17:27:00,,,,0,,,,,,,,,,,,,
2024-04-25 19:00:00,964.3,21.2,100.0,1.9,315.0,4.1,223.0,1.0,,,,,,,,,,,2024-04-25T18:30:00,,,,0,,,,,,,,,,,,,
2024-04-25 20:00:00,965.2,20.8,100.0,2.2,308.0,4.7,335.0,0.5,,,,,,,,,,,2024-04-25T19:06:00,,,,0,,,,,,,,,,,,,
2024-04-25 21:00:00,965.9,20.7,100.0,2.0,308.0,5.6,327.0,4.5,,,,,,,,,,,2024-04-25T20:04:00,,,,0,,,,,,,,,,,,,
2024-04-25 22:00:00,965.6,20.6,100.0,2.0,347.0,5.5,334.0,5.0,,,,,,,,,,,2024-04-25T21:35:00,,,,0,,,,,,,,,,,,,
2024-04-25 23:00:00,965.0,20.5,100.0,1.8,254.0,3.3,336.0,3.5,,,,,,,,,,,2024-04-25T22:07:00,,,,0,,,,,,,,,,,,,
2024-04-26 00:00:00,964.2,20.7,98.0,1.7,184.0,3.3,186.0,0.5,,,,,,,,,,,2024-04-25T23:38:00,,,,0,,,,,,,,,,,,,
2024-04-26 01:00:00,963.3,20.8,100.0,1.4,197.0,4.0,203.0,0.0,,,,,,,,,,,2024-04-26T00:53:00,,,,0,,,,,,,,,,,,,
2024-04-26 02:00:00,962.9,20.9,100.0,1.0,214.0,5.4,215.0,0.0,,,,,,,,,,,2024-04-26T01:06:00,,,,0,,,,,,,,,,,,,
2024-04-26 03:00:00,962.9,21.2,100.0,1.0,234.0,5.4,209.0,1.0,,,,,,,,,,,2024-04-26T02:02:00,,,,0,,,,,,,,,,,,,
2024-04-26 04:00:00,962.3,20.6,100.0,1.9,318.0,5.8,197.0,0.0,,,,,,,,,,,2024-04-26T03:12:00,,,,0,,,,,,,,,,,,,
2024-04-26 05:00:00,962.1,19.9,100.0,2.1,305.0,3.9,317.0,0.0,,,,,,,,,,,2024-04-26T04:15:00,,,,0,,,,,,,,,,,,,
2024-04-26 06:00:00,961.2,20.8,100.0,2.4,305.0,4.2,305.0,0.0,,,,,,,,,,,2024-04-26T05:31:00,,,,0,,,,,,,,,,,,,
2024-04-26 07:00:00,961.1,22.8,89.0,1.9,233.0,5.2,208.0,0.0,,,,,,,,,,,2024-04-26T06:54:00,,,,0,,,,,,,,,,,,,
2024-04-26 08:00:00,961.8,23.8,84.0,1.9,23.0,4.1,7.0,0.0,,,,,,,,,,,2024-04-26T07:37:00,,,,0,,,,,,,,,,,,,
2024-04-26 09:00:00,961.4,27.7,75.0,0.7,106.0,4.0,299.0,0.0,,,,,,,,,,,2024-04-26T08:20:00,,,,0,,,,,,,,,,,,,
2024-04-26 10:00:00,961.5,24.7,90.0,1.9,47.0,4.8,107.0,0.0,,,,,,,,,,,2024-04-26T09:18:00,,,,0,,,,,,,,,,,,,
2024-04-26 11:00:00,961.7,27.7,83.0,0.6,47.0,3.1,76.0,0.0,,,,,,,,,,,2024-04-26T10:10:00,,,,0,,,,,,,,,,,,,
2024-04-26 12:00:00,961.2,28.1,78.0,0.3,2.0,4.2,38.0,0.0,,,,,,,,,,,2024-04-26T11:24:00,,,,0,,,,,,,,,,,,,
2024-04-26 13:00:00,961.3,25.5,86.0,0.5,50.0,3.0,51.0,0.0,,,,,,,,,,,2024-04-26T12:39:00,,,,0,,,,,,,,,,,,,
2024-04-26 14:00:00,960.7,23.4,95.0,0.9,52.0,3.9,57.0,0.0,,,,,,,,,,,2024-04-26T13:10:00,,,,0,,,,,,,,,,,,,
2024-04-26 15:00:00,962.7,21.9,99.0,2.3,297.0,5.4,360.0,2.0,,,,,,,,,,,2024-04-26T14:29:00,,,,0,,,,,,,,,,,,,
2024-04-26 16:00:00,962.0,21.3,99.0,1.8,4.0,4.3,273.0,4.5,,,,,,,,,,,2024-04-26T15:11:00,,,,0,,,,,,,,,,,,,
2024-04-26 17:00:00,962.0,21.2,99.0,2.0,224.0,5.5,200.0,1.5,,,,,,,,,,,2024-04-26T16:50:00,,,,0,,,,,,,,,,,,,
2024-04-26 18:00:00,961.3,21.5,100.0,1.0,183.0,4.4,180.0,1.0,,,,,,,,,,,2024-04-26T17:43:00,,,,0,,,,,,,,,,,,,
2024-04-26 19:00:00,961.2,20.9,100.0,2.8,199.0,7.6,204.0,0.0,,,,,,,,,,,2024-04-26T18:53:00,,,,0,,,,,,,,,,,,,
2024-04-26 20:00:00,961.6,24.5,71.0,3.1,190.0,7.3,199.0,0.0,,,,,,,,,,,2024-04-26T19:48:00,,,,0,,,,,,,,,,,,,
2024-04-26 21:00:00,962.1,24.6,68.0,1.5,161.0,4.2,172.0,0.0,,,,,,,,,,,2024-04-26T20:13:00,,,,0,,,,,,,,,,,,,
2024-04-26 22:00:00,962.8,24.7,65.0,1.3,223.0,6.1,193.0,0.0,,,,,,,,,,,2024-04-26T21:39:00,,,,0,,,,,,,,,,,,,
2024-04-26 23:00:00,962.5,26.5,53.0,1.1,169.0,4.7,271.0,0.5,,,,,,,,,,,2024-04-26T22:19:00,,,,0,,,,,,,,,,,,,
2024-04-27 00:00:00,962.1,25.2,61.0,0.9,209.0,6.6,205.0,0.0,,,,,,,,,,,2024-04-26T23:40:00,,,,0,,,,,,,,,,,,,
2024-04-27 01:00:00,962.0,27.6,47.0,1.9,170.0,6.7,201.0,0.0,,,,,,,,,,,2024-04-27T00:24:00,,,,0,,,,,,,,,,,,,
2024-04-27 02:00:00,961.9,27.9,47.0,1.1,167.0,4.7,198.0,0.0,,,,,,,,,,,2024-04-27T01:01:00,,,,0,,,,,,,,,,,,,
2024-04-27 03:00:00,962.4,24.9,60.0,1.8,291.0,3.9,127.0,0.0,,,,,,,,,,,2024-04-27T02:27:00,,,,0,,,,,,,,,,,,,
2024-04-27 04:00:00,962.4,26.9,53.0,1.2,100.0,3.4,90.0,0.0,,,,,,,,,,,2024-04-27T03:58:00,,,,0,,,,,,,,,,,,,
2024-04-27 05:00:00,962.2,25.8,57.0,1.6,179.0,5.7,121.0,0.0,,,,,,,,,,,2024-04-27T04:33:00,,,,0,,,,,,,,,,,,,
2024-04-27 06:00:00,962.6,24.4,65.0,2.1,164.0,6.5,187.0,0.0,,,,,,,,,,,2024-04-27T05:52:00,,,,0,,,,,,,,,,,,,
2024-04-27 07:00:00,963.7,23.3,72.0,2.6,180.0,8.0,170.0,0.0,,,,,,,,,,,2024-04-27T06:52:00,,,,0,,,,,,,,,,,,,
2024-04-27 08:00:00,963.4,22.9,77.0,2.5,353.0,6.1,183.0,0.0,,,,,,,,,,,2024-04-27T07:01:00,,,,0,,,,,,,,,,,,,
2024-04-27 09:00:00,964.7,23.8,68.0,1.3,194.0,4.8,316.0,0.0,,,,,,,,,,,2024-04-27T08:10:00,,,,0,,,,,,,,,,,,,
2024-04-27 10:00:00,964.8,24.2,73.0,0.6,303.0,4.3,279.0,0.0,,,,,,,,,,,2024-04-27T09:38:00,,,,0,,,,,,,,,,,,,
2024-04-27 11:00:00,964.6,23.6,85.0,1.7,330.0,3.5,313.0,0.0,,,,,,,,,,,2024-04-27T10:07:00,,,,0,,,,,,,,,,,,,
2024-04-27 12:00:00,964.7,24.7,73.0,1.9,76.0,4.8,59.0,0.0,,,,,,,,,,,2024-04-27T11:19:00,,,,0,,,,,,,,,,,,,
2024-04-27 13:00:00,964.6,24.7,80.0,0.8,169.0,7.4,303.0,0.0,,,,,,,,,,,2024-04-27T12:16:00,,,,0,,,,,,,,,,,,,
2024-04-27 14:00:00,963.6,23.9,77.0,1.4,189.0,4.3,213.0,0.0,,,,,,,,,,,2024-04-27T13:14:00,,,,0,,,,,,,,,,,,,
2024-04-27 15:00:00,962.2,24.8,82.0,1.7,73.0,4.6,113.0,0.0,,,,,,,,,,,2024-04-27T14:49:00,,,,0,,,,,,,,,,,,,
2024-04-27 16:00:00,961.6,27.7,67.0,0.4,298.0,4.5,155.0,0.0,,,,,,,,,,,2024-04-27T15:05:00,,,,0,,,,,,,,,,,,,
2024-04-27 17:00:00,962.3,24.8,84.0,2.4,100.0,7.1,94.0,0.0,,,,,,,,,,,2024-04-27T16:57:00,,,,0,,,,,,,,,,,,,
2024-04-27 18:00:00,963.5,23.6,90.0,0.9,341.0,6.9,101.0,0.0,,,,,,,,,,,2024-04-27T17:03:00,,,,0,,,,,,,,,,,,,
2024-04-27 19:00:00,964.1,22.8,88.0,1.0,345.0,3.8,328.0,0.0,,,,,,,,,,,2024-04-27T18:44:00,,,,0,,,,,,,,,,,,,
2024-04-27 20:00:00,965.3,22.6,92.0,0.9,10.0,4.0,8.0,0.0,,,,,,,,,,,2024-04-27T19:09:00,,,,0,,,,,,,,,,,,,
2024-04-27 21:00:00,966.3,22.5,94.0,1.2,307.0,5.3,333.0,0.0,,,,,,,,,,,2024-04-27T20:17:00,,,,0,,,,,,,,,,,,,
2024-04-27 22:00:00,966.6,22.4,94.0,1.0,320.0,2.8,36.0,0.0,,,,,,,,,,,2024-04-27T21:13:00,,,,0,,,,,,,,,,,,,
2024-04-27 23:00:00,966.6,22.3,95.0,1.9,318.0,4.3,4.0,0.0,,,,,,,,,,,2024-04-27T22:59:00,,,,0,,,,,,,,,,,,,
2024-04-28 00:00:00,966.4,22.3,94.0,1.4,314.0,4.3,318.0,0.0,,,,,,,,,,,2024-04-27T23:55:00,,,,0,,,,,,,,,,,,,
2024-04-28 01:00:00,966.2,22.0,96.0,1.3,331.0,4.9,6.0,0.0,,,,,,,,,,,2024-04-28T00:19:00,,,,0,,,,,,,,,,,,,
2024-04-28 02:00:00,965.4,22.0,94.0,0.9,349.0,3.6,353.0,0.0,,,,,,,,,,,2024-04-28T01:38:00,,,,0,,,,,,,,,,,,,
2024-04-28 03:00:00,965.6,21.0,99.0,2.1,310.0,3.7,312.0,1.5,,,,,,,,,,,2024-04-28T02:27:00,,,,0,,,,,,,,,,,,,
2024-04-28 04:00:00,965.5,20.5,100.0,2.0,323.0,4.8,320.0,3.0,,,,,,,,,,,2024-04-28T03:22:00,,,,0,,,,,,,,,,,,,
2024-04-28 05:00:00,965.4,20.7,97.0,1.5,315.0,4.0,298.0,0.0,,,,,,,,,,,2024-04-28T04:17:00,,,,0,,,,,,,,,,,,,
2024-04-28 06:00:00,966.4,22.1,84.0,0.9,145.0,3.9,105.0,0.0,,,,,,,,,,,2024-04-28T05:43:00,,,,0,,,,,,,,,,,,,
2024-04-28 07:00:00,966.6,23.2,83.0,1.4,127.0,3.0,117.0,0.0,,,,,,,,,,,2024-04-28T06:04:00,,,,0,,,,,,,,,,,,,
2024-04-28 08:00:00,967.0,24.6,85.0,0.0,0.0,1.3,136.0,0.0,,,,,,,,,,,2024-04-28T07:01:00,,,,0,,,,,,,,,,,,,
2024-04-28 09:00:00,966.7,26.8,72.0,0.1,0.0,1.8,227.0,0.0,,,,,,,,,,,2024-04-28T08:23:00,,,,0,,,,,,,,,,,,,
2024-04-28 10:00:00,966.8,27.5,77.0,0.6,169.0,2.3,196.0,0.0,,,,,,,,,,,2024-04-28T09:43:00,,,,0,,,,,,,,,,,,,
2024-04-28 11:00:00,966.6,27.5,73.0,0.7,156.0,2.9,184.0,0.0,,,,,,,,,,,2024-04-28T10:59:00,,,,0,,,,,,,,,,,,,
2024-04-28 12:00:00,966.1,27.4,76.0,1.0,161.0,4.8,185.0,0.0,,,,,,,,,,,2024-04-28T11:51:00,,,,0,,,,,,,,,,,,,
2024-04-28 13:00:00,965.7,25.5,86.0,1.0,161.0,3.9,207.0,0.0,,,,,,,,,,,2024-04-28T12:30:00,,,,0,,,,,,,,,,,,,
2024-04-28 14:00:00,965.2,25.7,89.0,0.8,154.0,3.9,191.0,0.0,,,,,,,,,,,2024-04-28T13:20:00,,,,0,,,,,,,,,,,,,
2024-04-28 15:00:00,965.1,26.0,91.0,0.6,169.0,3.0,189.0,0.0,,,,,,,,,,,2024-04-28T14:08:00,,,,0,,,,,,,,,,,,,
2024-04-28 16:00:00,964.1,25.8,92.0,0.6,153.0,3.3,191.0,0.0,,,,,,,,,,,2024-04-28T15:44:00,,,,0,,,,,,,,,,,,,
2024-04-28 17:00:00,963.4,26.4,95.0,0.6,22.0,2.5,126.0,0.0,,,,,,,,,,,2024-04-28T16:20:00,,,,0,,,,,,,,,,,,,
2024-04-28 18:00:00,963.3,25.7,84.0,0.3,107.0,2.1,116.0,0.0,,,,,,,,,,,2024-04-28T17:10:00,,,,0,,,,,,,,,,,,,
2024-04-28 19:00:00,964.2,25.4,89.0,0.6,168.0,3.1,227.0,0.0,,,,,,,,,,,2024-04-28T18:06:00,,,,0,,,,,,,,,,,,,
2024-04-28 20:00:00,965.2,25.1,89.0,0.6,90.0,2.0,121.0,0.0,,,,,,,,,,,2024-04-28T19:45:00,,,,0,,,,,,,,,,,,,
2024-04-28 21:00:00,965.3,26.0,81.0,1.6,67.0,4.4,93.0,0.0,,,,,,,,,,,2024-04-28T21:00:00,,,,0,,,,,,,,,,,,,
2024-04-28 22:00:00,965.3,25.9,68.0,1.8,271.0,7.2,272.0,0.0,,,,,,,,,,,2024-04-28T21:19:00,,,,0,,,,,,,,,,,,,
2024-04-28 23:00:00,965.0,26.5,66.0,2.0,87.0,3.6,100.0,0.0,,,,,,,,,,,2024-04-28T22:47:00,,,,0,,,,,,,,,,,,,
2024-04-29 00:00:00,964.8,24.8,79.0,1.4,320.0,3.2,295.0,0.0,,,,,,,,,,,2024-04-28T23:38:00,,,,0,,,,,,,,,,,,,
2024-04-29 01:00:00,964.2,25.0,77.0,2.0,113.0,6.5,84.0,0.0,,,,,,,,,,,2024-04-29T00:29:00,,,,0,,,,,,,,,,,,,
2024-04-29 02:00:00,963.9,24.0,85.0,0.9,15.0,5.4,47.0,0.0,,,,,,,,,,,2024-04-29T01:24:00,,,,0,,,,,,,,,,,,,
2024-04-29 03:00:00,963.9,23.1,85.0,1.9,354.0,5.2,36.0,0.0,,,,,,,,,,,2024-04-29T02:23:00,,,,0,,,,,,,,,,,,,
2024-04-29 04:00:00,963.9,23.0,87.0,1.6,5.0,4.2,43.0,0.0,,,,,,,,,,,2024-04-29T03:35:00,,,,0,,,,,,,,,,,,,
2024-04-29 05:00:00,964.4,22.8,87.0,1.4,8.0,6.5,34.0,0.0,,,,,,,,,,,2024-04-29T04:15:00,,,,0,,,,,,,,,,,,,
2024-04-29 06:00:00,964.7,22.7,93.0,1.1,13.0,4.8,323.0,0.0,,,,,,,,,,,2024-04-29T05:35:00,,,,0,,,,,,,,,,,,,
2024-04-29 07:00:00,965.3,24.3,89.0,0.9,7.0,3.1,335.0,0.0,,,,,,,,,,,2024-04-29T06:13:00,,,,0,,,,,,,,,,,,,
2024-04-29 08:00:00,965.4,26.1,80.0,0.7,342.0,3.6,285.0,0.0,,,,,,,,,,,2024-04-29T07:13:00,,,,0,,,,,,,,,,,,,
2024-04-29 09:00:00,965.7,29.0,76.0,0.1,0.0,2.8,73.0,0.0,,,,,,,,,,,2024-04-29T08:41:00,,,,0,,,,,,,,,,,,,
2024-04-29 10:00:00,965.5,28.9,73.0,0.0,0.0,3.0,104.0,0.0,,,,,,,,,,,2024-04-29T09:25:00,,,,0,,,,,,,,,,,,,
2024-04-29 11:00:00,964.8,29.0,79.0,0.3,154.0,2.4,100.0,0.0,,,,,,,,,,,2024-04-29T10:55:00,,,,0,,,,,,,,,,,,,
2024-04-29 12:00:00,963.9,30.1,77.0,0.4,133.0,2.4,154.0,0.0,,,,,,,,,,,2024-04-29T11:26:00,,,,0,,,,,,,,,,,,,
2024-04-29 13:00:00,963.0,28.8,79.0,0.7,121.0,3.9,94.0,0.0,,,,,,,,,,,2024-04-29T12:59:00,,,,0,,,,,,,,,,,,,
2024-04-29 14:00:00,962.2,28.5,82.0,1.5,103.0,5.7,110.0,0.0,,,,,,,,,,,2024-04-29T13:55:00,,,,0,,,,,,,,,,,,,
2024-04-29 15:00:00,961.6,28.0,81.0,1.3,80.0,6.6,127.0,0.0,,,,,,,,,,,2024-04-29T14:16:00,,,,0,,,,,,,,,,,,,
2024-04-29 16:00:00,961.6,26.5,87.0,1.4,88.0,4.7,102.0,0.0,,,,,,,,,,,2024-04-29T15:41:00,,,,0,,,,,,,,,,,,,
2024-04-29 17:00:00,961.9,26.0,90.0,1.0,91.0,3.7,85.0,0.0,,,,,,,,,,,2024-04-29T16:24:00,,,,0,,,,,,,,,,,,,
2024-04-29 18:00:00,962.2,24.9,90.0,0.7,107.0,3.0,119.0,0.0,,,,,,,,,,,2024-04-29T17:12:00,,,,0,,,,,,,,,,,,,
2024-04-29 19:00:00,962.6,25.2,88.0,1.2,45.0,2.8,56.0,0.0,,,,,,,,,,,2024-04-29T18:57:00,,,,0,,,,,,,,,,,,,
2024-04-29 20:00:00,963.1,24.0,95.0,1.9,195.0,3.4,202.0,0.0,,,,,,,,,,,2024-04-29T19:46:00,,,,0,,,,,,,,,,,,,
2024-04-29 21:00:00,963.9,23.9,97.0,2.3,188.0,4.1,182.0,0.0,,,,,,,,,,,2024-04-29T20:27:00,,,,0,,,,,,,,,,,,,
2024-04-29 22:00:00,964.4,24.0,95.0,2.4,206.0,4.1,208.0,0.0,,,,,,,,,,,2024-04-29T21:42:00,,,,0,,,,,,,,,,,,,
2024-04-29 23:00:00,964.4,24.5,87.0,0.8,283.0,3.2,211.0,0.0,,,,,,,,,,,2024-04-29T22:05:00,,,,0,,,,,,,,,,,,,
2024-04-30 00:00:00,963.7,24.1,89.0,0.5,202.0,2.2,187.0,0.0,,,,,,,,,,,2024-04-29T23:52:00,,,,0,,,,,,,,,,,,,
2024-04-30 01:00:00,963.3,23.6,93.0,1.3,227.0,3.1,207.0,0.0,,,,,,,,,,,2024-04-30T00:59:00,,,,0,,,,,,,,,,,,,
2024-04-30 02:00:00,962.8,23.7,88.0,1.3,186.0,3.0,199.0,0.0,,,,,,,,,,,2024-04-30T01:08:00,,,,0,,,,,,,,,,,,,
2024-04-30 03:00:00,962.5,23.9,94.0,0.0,0.0,1.8,188.0,0.0,,,,,,,,,,,2024-04-30T02:01:00,,,,0,,,,,,,,,,,,,
2024-04-30 04:00:00,962.4,23.5,85.0,1.1,173.0,2.8,196.0,0.0,,,,,,,,,,,2024-04-30T03:44:00,,,,0,,,,,,,,,,,,,
2024-04-30 05:00:00,962.5,23.5,97.0,0.8,167.0,3.2,190.0,0.0,,,,,,,,,,,2024-04-30T04:22:00,,,,0,,,,,,,,,,,,,
2024-04-30 06:00:00,963.0,23.4,96.0,0.4,173.0,2.1,193.0,0.0,,,,,,,,,,,2024-04-30T05:25:00,,,,0,,,,,,,,,,,,,
2024-04-30 07:00:00,963.2,25.1,91.0,0.0,0.0,1.1,206.0,0.0,,,,,,,,,,,2024-04-30T06:06:00,,,,0,,,,,,,,,,,,,
2024-04-30 08:00:00,963.7,26.6,85.0,0.4,147.0,1.6,145.0,0.0,,,,,,,,,,,2024-04-30T07:41:00,,,,0,,,,,,,,,,,,,
2024-04-30 09:00:00,963.3,27.2,83.0,0.5,163.0,2.7,130.0,0.0,,,,,,,,,,,2024-04-30T08:50:00,,,,0,,,,,,,,,,,,,
2024-04-30 10:00:00,963.1,27.1,80.0,0.6,158.0,3.1,200.0,0.0,,,,,,,,,,,2024-04-30T09:26:00,,,,0,,,,,,,,,,,,,
2024-04-30 11:00:00,962.5,27.0,82.0,0.8,176.0,4.2,217.0,0.0,,,,,,,,,,,2024-04-30T10:45:00,,,,0,,,,,,,,,,,,,
2024-04-30 12:00:00,961.5,28.5,76.0,1.0,188.0,4.3,218.0,0.0,,,,,,,,,,,2024-04-30T11:35:00,,,,0,,,,,,,,,,,,,
2024-04-30 13:00:00,960.5,28.2,75.0,0.8,166.0,4.8,200.0,0.0,,,,,,,,,,,2024-04-30T12:41:00,,,,0,,,,,,,,,,,,,
2024-04-30 14:00:00,959.4,28.4,74.0,2.1,164.0,6.3,199.0,0.0,,,,,,,,,,,2024-04-30T13:58:00,,,,0,,,,,,,,,,,,,
2024-04-30 15:00:00,958.7,28.2,73.0,2.4,156.0,9.1,217.0,0.0,,,,,,,,,,,2024-04-30T14:35:00,,,,0,,,,,,,,,,,,,
2024-04-30 16:00:00,958.8,31.4,44.0,1.2,187.0,8.1,194.0,0.0,,,,,,,,,,,2024-04-30T15:41:00,,,,0,,,,,,,,,,,,,
2024-04-30 17:00:00,959.4,30.1,51.0,0.4,230.0,6.0,215.0,0.0,,,,,,,,,,,2024-04-30T16:24:00,,,,0,,,,,,,,,,,,,
2024-04-30 18:00:00,959.9,29.3,50.0,1.3,186.0,6.2,262.0,0.0,,,,,,,,,,,2024-04-30T17:08:00,,,,0,,,,,,,,,,,,,
2024-04-30 19:00:00,960.6,29.2,49.0,1.0,168.0,4.6,294.0,0.0,,,,,,,,,,,2024-04-30T18:04:00,,,,0,,,,,,,,,,,,,
2024-04-30 20:00:00,961.8,28.7,60.0,0.9,310.0,5.0,271.0,0.0,,,,,,,,,,,2024-04-30T19:39:00,,,,0,,,,,,,,,,,,,
2024-04-30 21:00:00,962.6,25.6,83.0,1.6,61.0,6.0,70.0,0.0,,,,,,,,,,,2024-04-30T21:00:00,,,,0,,,,,,,,,,,,,
2024-04-30 22:00:00,963.2,25.0,85.0,1.0,360.0,6.3,55.0,0.0,,,,,,,,,,,2024-04-30T21:04:00,,,,0,,,,,,,,,,,,,
2024-04-30 23:00:00,963.5,24.3,89.0,1.2,31.0,4.0,58.0,0.0,,,,,,,,,,,2024-04-30T22:16:00,,,,0,,,,,,,,,,,,,
2024-05-01 00:00:00,963.1,24.5,86.0,1.1,307.0,3.1,336.0,0.0,,,,,,,,,,,2024-04-30T23:03:00,,,,0,,,,,,,,,,,,,
2024-05-01 01:00:00,962.8,23.8,89.0,0.8,317.0,3.2,30.0,0.0,,,,,,,,,,,2024-05-01T00:32:00,,,,0,,,,,,,,,,,,,
2024-05-01 02:00:00,962.4,24.0,87.0,1.4,307.0,4.3,322.0,0.0,,,,,,,,,,,2024-05-01T01:03:00,,,,0,,,,,,,,,,,,,
2024-05-01 03:00:00,962.1,24.5,81.0,0.8,267.0,2.1,304.0,0.0,,,,,,,,,,,2024-05-01T02:22:00,,,,0,,,,,,,,,,,,,
2024-05-01 04:00:00,962.3,24.0,83.0,1.0,313.0,2.3,272.0,0.0,,,,,,,,,,,2024-05-01T03:11:00,,,,0,,,,,,,,,,,,,
2024-05-01 05:00:00,962.8,23.3,86.0,1.0,332.0,2.9,321.0,0.0,,,,,,,,,,,2024-05-01T04:38:00,,,,0,,,,,,,,,,,,,
2024-05-01 06:00:00,964.8,23.9,86.0,1.6,279.0,4.0,301.0,0.0,,,,,,,,,,,2024-05-01T05:49:00,,,,0,,,,,,,,,,,,,
2024-05-01 07:00:00,964.1,26.1,52.0,2.8,301.0,11.9,280.0,0.0,,,,,,,,,,,2024-05-01T06:21:00,,,,0,,,,,,,,,,,,,
2024-05-01 08:00:00,963.0,25.0,79.0,1.2,14.0,7.0,321.0,0.5,,,,,,,,,,,2024-05-01T07:10:00,,,,0,,,,,,,,,,,,,
2024-05-01 09:00:00,963.7,25.5,79.0,0.7,227.0,5.7,55.0,0.0,,,,,,,,,,,2024-05-01T08:09:00,,,,0,,,,,,,,,,,,,
2024-05-01 10:00:00,964.0,27.3,69.0,0.9,161.0,3.2,211.0,0.0,,,,,,,,,,,2024-05-01T09:12:00,,,,0,,,,,,,,,,,,,
2024-05-01 11:00:00,964.2,27.8,71.0,0.5,171.0,2.9,214.0,0.0,,,,,,,,,,,2024-05-01T10:48:00,,,,0,,,,,,,,,,,,,
2024-05-01 12:00:00,964.0,29.3,72.0,0.5,190.0,3.3,143.0,0.0,,,,,,,,,,,2024-05-01T11:21:00,,,,0,,,,,,,,,,,,,
2024-05-01 13:00:00,963.9,26.7,83.0,1.7,100.0,5.5,111.0,0.0,,,,,,,,,,,2024-05-01T12:52:00,,,,0,,,,,,,,,,,,,
2024-05-01 14:00:00,963.5,26.2,80.0,1.8,62.0,5.7,40.0,0.0,,,,,,,,,,,2024-05-01T13:50:00,,,,0,,,,,,,,,,,,,
2024-05-01 15:00:00,963.4,25.3,82.0,2.6,51.0,6.3,64.0,0.0,,,,,,,,,,,2024-05-01T14:48:00,,,,0,,,,,,,,,,,,,
2024-05-01 16:00:00,964.5,22.1,96.0,1.0,230.0,6.9,101.0,7.5,,,,,,,,,,,2024-05-01T15:19:00,,,,0,,,,,,,,,,,,,
2024-05-01 17:00:00,964.5,22.3,97.0,1.5,39.0,4.1,50.0,0.0,,,,,,,,,,,2024-05-01T16:53:00,,,,0,,,,,,,,,,,,,
2024-05-01 18:00:00,964.9,22.1,95.0,1.5,52.0,3.7,21.0,0.0,,,,,,,,,,,2024-05-01T17:17:00,,,,0,,,,,,,,,,,,,
2024-05-01 19:00:00,965.8,22.2,95.0,1.2,244.0,4.1,71.0,0.0,,,,,,,,,,,2024-05-01T18:01:00,,,,0,,,,,,,,,,,,,
2024-05-01 20:00:00,966.6,22.0,98.0,0.7,162.0,3.5,187.0,0.0,,,,,,,,,,,2024-05-01T19:12:00,,,,0,,,,,,,,,,,,,
2024-05-01 21:00:00,967.0,22.2,99.0,0.6,298.0,2.4,310.0,0.0,,,,,,,,,,,2024-05-01T20:40:00,,,,0,,,,,,,,,,,,,
2024-05-01 22:00:00,967.9,22.1,100.0,0.4,32.0,3.1,33.0,0.0,,,,,,,,,,,2024-05-01T21:31:00,,,,0,,,,,,,,,,,,,
2024-05-01 23:00:00,967.6,21.7,100.0,1.7,309.0,3.0,309.0,0.0,,,,,,,,,,,2024-05-01T22:57:00,,,,0,,,,,,,,,,,,,
2024-05-02 00:00:00,967.1,21.3,100.0,1.0,358.0,4.2,9.0,0.0,,,,,,,,,,,2024-05-01T23:32:00,,,,0,,,,,,,,,,,,,
2024-05-02 01:00:00,966.6,21.1,99.0,1.8,322.0,3.2,328.0,0.0,,,,,,,,,,,2024-05-02T00:34:00,,,,0,,,,,,,,,,,,,
2024-05-02 02:00:00,966.4,21.0,99.0,1.5,334.0,3.1,37.0,0.0,,,,,,,,,,,2024-05-02T01:38:00,,,,0,,,,,,,,,,,,,
2024-05-02 03:00:00,966.0,21.1,99.0,0.8,7.0,3.6,331.0,0.0,,,,,,,,,,,2024-05-02T02:27:00,,,,0,,,,,,,,,,,,,
2024-05-02 04:00:00,966.5,21.0,99.0,2.1,314.0,4.8,321.0,0.0,,,,,,,,,,,2024-05-02T03:50:00,,,,0,,,,,,,,,,,,,
2024-05-02 05:00:00,966.5,20.6,99.0,1.0,354.0,3.9,315.0,0.0,,,,,,,,,,,2024-05-02T04:25:00,,,,0,,,,,,,,,,,,,
2024-05-02 06:00:00,967.0,20.8,98.0,1.3,10.0,3.1,36.0,0.0,,,,,,,,,,,2024-05-02T05:48:00,,,,0,,,,,,,,,,,,,
2024-05-02 07:00:00,967.6,22.6,95.0,0.3,20.0,2.8,21.0,0.0,,,,,,,,,,,2024-05-02T06:06:00,,,,0,,,,,,,,,,,,,
2024-05-02 08:00:00,968.3,23.4,95.0,0.3,16.0,1.6,38.0,0.0,,,,,,,,,,,2024-05-02T07:47:00,,,,0,,,,,,,,,,,,,
2024-05-02 09:00:00,968.6,26.7,84.0,0.2,0.0,2.0,39.0,0.0,,,,,,,,,,,2024-05-02T08:26:00,,,,0,,,,,,,,,,,,,
2024-05-02 10:00:00,968.7,24.7,87.0,0.3,72.0,2.2,71.0,0.0,,,,,,,,,,,2024-05-02T09:49:00,,,,0,,,,,,,,,,,,,
2024-05-02 11:00:00,968.1,24.6,88.0,0.0,0.0,2.2,47.0,0.0,,,,,,,,,,,2024-05-02T10:03:00,,,,0,,,,,,,,,,,,,
2024-05-02 12:00:00,967.5,23.7,94.0,0.3,9.0,2.3,64.0,0.0,,,,,,,,,,,2024-05-02T11:29:00,,,,0,,,,,,,,,,,,,
2024-05-02 13:00:00,967.2,24.4,90.0,0.2,0.0,2.3,43.0,0.0,,,,,,,,,,,2024-05-02T12:20:00,,,,0,,,,,,,,,,,,,
2024-05-02 14:00:00,966.8,23.4,94.0,0.3,56.0,2.9,110.0,0.0,,,,,,,,,,,2024-05-02T13:33:00,,,,0,,,,,,,,,,,,,
2024-05-02 15:00:00,967.1,22.8,96.0,0.4,71.0,1.9,77.0,0.0,,,,,,,,,,,2024-05-02T14:51:00,,,,0,,,,,,,,,,,,,
2024-05-02 16:00:00,967.3,22.6,98.0,0.2,0.0,2.4,46.0,0.5,,,,,,,,,,,2024-05-02T15:20:00,,,,0,,,,,,,,,,,,,
2024-05-02 17:00:00,967.5,22.0,99.0,0.6,350.0,4.4,317.0,1.0,,,,,,,,,,,2024-05-02T17:00:00,,,,0,,,,,,,,,,,,,
2024-05-02 18:00:00,968.2,21.0,100.0,0.5,35.0,4.3,3.0,0.0,,,,,,,,,,,2024-05-02T17:58:00,,,,0,,,,,,,,,,,,,
2024-05-02 19:00:00,968.5,20.9,100.0,0.4,10.0,3.8,323.0,0.0,,,,,,,,,,,2024-05-02T18:56:00,,,,0,,,,,,,,,,,,,
2024-05-02 20:00:00,969.0,20.6,100.0,0.4,62.0,3.4,43.0,0.5,,,,,,,,,,,2024-05-02T19:43:00,,,,0,,,,,,,,,,,,,
2024-05-02 21:00:00,969.5,20.6,100.0,0.4,10.0,3.8,57.0,0.0,,,,,,,,,,,2024-05-02T20:15:00,,,,0,,,,,,,,,,,,,
2024-05-02 22:00:00,969.7,20.6,100.0,0.3,15.0,3.3,21.0,0.0,,,,,,,,,,,2024-05-02T21:02:00,,,,0,,,,,,,,,,,,,
2024-05-02 23:00:00,969.5,20.7,100.0,0.2,0.0,3.9,303.0,0.0,,,,,,,,,,,2024-05-02T22:06:00,,,,0,,,,,,,,,,,,,
2024-05-03 00:00:00,968.8,20.6,100.0,1.2,325.0,4.5,360.0,0.0,,,,,,,,,,,2024-05-02T23:57:00,,,,0,,,,,,,,,,,,,
2024-05-03 01:00:00,968.5,20.5,100.0,0.5,331.0,7.1,300.0,0.0,,,,,,,,,,,2024-05-03T00:19:00,,,,0,,,,,,,,,,,,,
2024-05-03 02:00:00,967.9,20.6,100.0,0.7,4.0,4.1,359.0,0.0,,,,,,,,,,,2024-05-03T01:59:00,,,,0,,,,,,,,,,,,,
2024-05-03 03:00:00,967.6,20.3,100.0,0.5,348.0,4.1,9.0,0.0,,,,,,,,,,,2024-05-03T02:32:00,,,,0,,,,,,,,,,,,,
2024-05-03 04:00:00,967.9,20.2,100.0,0.6,41.0,6.1,44.0,0.0,,,,,,,,,,,2024-05-03T03:26:00,,,,0,,,,,,,,,,,,,
2024-05-03 05:00:00,968.8,20.2,100.0,1.1,321.0,3.6,349.0,0.0,,,,,,,,,,,2024-05-03T04:17:00,,,,0,,,,,,,,,,,,,
2024-05-03 06:00:00,969.1,20.4,100.0,0.8,320.0,5.3,7.0,0.0,,,,,,,,,,,2024-05-03T05:32:00,,,,0,,,,,,,,,,,,,
2024-05-03 07:00:00,969.0,21.6,98.0,0.7,7.0,3.8,327.0,0.0,,,,,,,,,,,2024-05-03T06:26:00,,,,0,,,,,,,,,,,,,
2024-05-03 08:00:00,969.3,23.0,96.0,0.1,0.0,4.4,7.0,0.0,,,,,,,,,,,2024-05-03T07:16:00,,,,0,,,,,,,,,,,,,
2024-05-03 09:00:00,969.7,25.6,87.0,0.0,0.0,3.7,39.0,0.0,,,,,,,,,,,2024-05-03T08:09:00,,,,0,,,,,,,,,,,,,
2024-05-03 10:00:00,969.6,25.4,88.0,0.7,60.0,2.9,60.0,0.0,,,,,,,,,,,2024-05-03T09:58:00,,,,0,,,,,,,,,,,,,
2024-05-03 11:00:00,969.6,25.8,83.0,0.4,62.0,3.1,72.0,0.0,,,,,,,,,,,2024-05-03T10:04:00,,,,0,,,,,,,,,,,,,
2024-05-03 12:00:00,969.0,25.9,84.0,0.3,67.0,2.8,50.0,0.0,,,,,,,,,,,2024-05-03T11:07:00,,,,0,,,,,,,,,,,,,
2024-05-03 13:00:00,968.1,24.3,88.0,1.6,60.0,5.0,56.0,0.0,,,,,,,,,,,2024-05-03T12:57:00,,,,0,,,,,,,,,,,,,
2024-05-03 14:00:00,967.4,25.6,85.0,0.5,44.0,3.6,56.0,0.0,,,,,,,,,,,2024-05-03T13:29:00,,,,0,,,,,,,,,,,,,
2024-05-03 15:00:00,966.7,25.4,86.0,0.0,0.0,2.0,55.0,0.0,,,,,,,,,,,2024-05-03T14:03:00,,,,0,,,,,,,,,,,,,
2024-05-03 16:00:00,966.5,24.2,89.0,0.4,88.0,2.3,46.0,0.0,,,,,,,,,,,2024-05-03T15:20:00,,,,0,,,,,,,,,,,,,
2024-05-03 17:00:00,967.0,23.1,94.0,1.2,98.0,2.6,92.0,0.0,,,,,,,,,,,2024-05-03T16:21:00,,,,0,,,,,,,,,,,,,
2024-05-03 18:00:00,967.7,22.4,96.0,1.8,65.0,4.5,88.0,0.0,,,,,,,,,,,2024-05-03T17:17:00,,,,0,,,,,,,,,,,,,
2024-05-03 19:00:00,968.3,22.4,96.0,1.2,336.0,4.0,60.0,0.0,,,,,,,,,,,2024-05-03T18:05:00,,,,0,,,,,,,,,,,,,
2024-05-03 20:00:00,968.8,22.2,98.0,1.5,313.0,3.9,313.0,0.0,,,,,,,,,,,2024-05-03T19:08:00,,,,0,,,,,,,,,,,,,
2024-05-03 21:00:00,969.1,21.9,98.0,1.5,312.0,4.3,313.0,0.0,,,,,,,,,,,2024-05-03T20:12:00,,,,0,,,,,,,,,,,,,
2024-05-03 22:00:00,969.3,21.8,97.0,0.9,321.0,5.6,329.0,0.0,,,,,,,,,,,2024-05-03T21:19:00,,,,0,,,,,,,,,,,,,
2024-05-03 23:00:00,969.0,21.5,98.0,0.9,330.0,3.5,310.0,0.0,,,,,,,,,,,2024-05-03T22:03:00,,,,0,,,,,,,,,,,,,
2024-05-04 00:00:00,968.3,21.2,97.0,0.6,359.0,4.5,346.0,0.0,,,,,,,,,,,2024-05-03T23:18:00,,,,0,,,,,,,,,,,,,
2024-05-04 01:00:00,967.6,21.3,98.0,0.8,333.0,3.5,50.0,0.0,,,,,,,,,,,2024-05-04T00:34:00,,,,0,,,,,,,,,,,,,
2024-05-04 02:00:00,967.1,21.3,96.0,0.7,9.0,3.1,360.0,0.0,,,,,,,,,,,2024-05-04T01:34:00,,,,0,,,,,,,,,,,,,
2024-05-04 03:00:00,967.0,21.5,98.0,0.4,326.0,4.6,13.0,0.0,,,,,,,,,,,2024-05-04T02:27:00,,,,0,,,,,,,,,,,,,
2024-05-04 04:00:00,967.0,21.3,97.0,1.4,352.0,3.2,334.0,0.0,,,,,,,,,,,2024-05-04T03:15:00,,,,0,,,,,,,,,,,,,
2024-05-04 05:00:00,967.2,21.5,97.0,1.4,321.0,2.5,15.0,0.0,,,,,,,,,,,2024-05-04T04:01:00,,,,0,,,,,,,,,,,,,
2024-05-04 06:00:00,967.5,21.6,96.0,1.7,340.0,2.7,337.0,0.0,,,,,,,,,,,2024-05-04T05:45:00,,,,0,,,,,,,,,,,,,
2024-05-04 07:00:00,967.9,22.5,96.0,0.1,0.0,3.3,31.0,0.0,,,,,,,,,,,2024-05-04T06:13:00,,,,0,,,,,,,,,,,,,
2024-05-04 08:00:00,968.1,24.3,89.0,0.7,337.0,2.7,4.0,0.0,,,,,,,,,,,2024-05-04T07:26:00,,,,0,,,,,,,,,,,,,
2024-05-04 09:00:00,968.1,27.9,80.0,0.3,78.0,2.5,83.0,0.0,,,,,,,,,,,2024-05-04T08:59:00,,,,0,,,,,,,,,,,,,
2024-05-04 10:00:00,967.9,29.6,73.0,0.2,0.0,2.4,66.0,0.0,,,,,,,,,,,2024-05-04T09:27:00,,,,0,,,,,,,,,,,,,
2024-05-04 11:00:00,967.3,28.1,75.0,0.9,110.0,4.9,107.0,0.0,,,,,,,,,,,2024-05-04T10:57:00,,,,0,,,,,,,,,,,,,
2024-05-04 12:00:00,966.6,28.8,72.0,0.8,119.0,6.1,81.0,0.0,,,,,,,,,,,2024-05-04T11:08:00,,,,0,,,,,,,,,,,,,
2024-05-04 13:00:00,965.8,28.7,73.0,0.7,129.0,4.2,97.0,0.0,,,,,,,,,,,2024-05-04T12:37:00,,,,0,,,,,,,,,,,,,
2024-05-04 14:00:00,965.2,27.6,74.0,0.9,119.0,4.7,101.0,0.0,,,,,,,,,,,2024-05-04T13:42:00,,,,0,,,,,,,,,,,,,
2024-05-04 15:00:00,965.1,26.1,80.0,1.4,113.0,5.1,98.0,0.0,,,,,,,,,,,2024-05-04T14:45:00,,,,0,,,,,,,,,,,,,
2024-05-04 16:00:00,964.8,25.3,85.0,1.0,116.0,3.7,109.0,0.0,,,,,,,,,,,2024-05-04T15:10:00,,,,0,,,,,,,,,,,,,
2024-05-04 17:00:00,964.7,24.5,90.0,1.3,124.0,3.4,110.0,0.0,,,,,,,,,,,2024-05-04T16:19:00,,,,0,,,,,,,,,,,,,
2024-05-04 18:00:00,965.4,24.1,92.0,0.9,146.0,2.3,135.0,0.0,,,,,,,,,,,2024-05-04T17:06:00,,,,0,,,,,,,,,,,,,
2024-05-04 19:00:00,965.9,23.7,97.0,2.8,113.0,4.3,114.0,0.0,,,,,,,,,,,2024-05-04T18:57:00,,,,0,,,,,,,,,,,,,
2024-05-04 20:00:00,966.6,23.7,98.0,1.5,126.0,4.9,109.0,0.0,,,,,,,,,,,2024-05-04T19:05:00,,,,0,,,,,,,,,,,,,
2024-05-04 21:00:00,967.1,23.6,99.0,1.8,119.0,2.9,115.0,0.0,,,,,,,,,,,2024-05-04T20:54:00,,,,0,,,,,,,,,,,,,
2024-05-04 22:00:00,967.3,23.6,99.0,1.0,106.0,2.6,114.0,0.0,,,,,,,,,,,2024-05-04T21:21:00,,,,0,,,,,,,,,,,,,
2024-05-04 23:00:00,967.2,23.5,99.0,0.6,192.0,1.8,90.0,0.0,,,,,,,,,,,2024-05-04T22:06:00,,,,0,,,,,,,,,,,,,
2024-05-05 00:00:00,966.8,23.2,98.0,0.0,0.0,1.1,184.0,0.0,,,,,,,,,,,2024-05-04T23:34:00,,,,0,,,,,,,,,,,,,
2024-05-05 01:00:00,966.0,23.1,95.0,0.0,0.0,1.7,202.0,0.0,,,,,,,,,,,2024-05-05T00:49:00,,,,0,,,,,,,,,,,,,
2024-05-05 02:00:00,965.3,23.4,94.0,0.0,0.0,0.0,0.0,0.0,,,,,,,,,,,2024-05-05T01:05:00,,,,0,,,,,,,,,,,,,
2024-05-05 03:00:00,965.2,23.5,89.0,0.4,185.0,1.6,184.0,0.0,,,,,,,,,,,2024-05-05T02:39:00,,,,0,,,,,,,,,,,,,
2024-05-05 04:00:00,964.9,23.2,89.0,1.5,273.0,2.4,281.0,0.0,,,,,,,,,,,2024-05-05T03:48:00,,,,0,,,,,,,,,,,,,
2024-05-05 05:00:00,965.2,23.3,89.0,1.2,272.0,2.3,276.0,0.0,,,,,,,,,,,2024-05-05T04:01:00,,,,0,,,,,,,,,,,,,
2024-05-05 06:00:00,965.9,23.4,87.0,0.6,135.0,3.0,150.0,0.0,,,,,,,,,,,2024-05-05T05:41:00,,,,0,,,,,,,,,,,,,
2024-05-05 07:00:00,966.3,23.5,91.0,0.0,0.0,1.8,158.0,0.0,,,,,,,,,,,2024-05-05T06:07:00,,,,0,,,,,,,,,,,,,
2024-05-05 08:00:00,966.6,26.8,81.0,0.1,0.0,1.0,209.0,0.0,,,,,,,,,,,2024-05-05T07:43:00,,,,0,,,,,,,,,,,,,
2024-05-05 09:00:00,966.7,27.0,80.0,1.5,156.0,5.4,207.0,0.0,,,,,,,,,,,2024-05-05T08:35:00,,,,0,,,,,,,,,,,,,
2024-05-05 10:00:00,966.6,27.2,81.0,1.6,160.0,5.8,150.0,0.0,,,,,,,,,,,2024-05-05T09:46:00,,,,0,,,,,,,,,,,,,
2024-05-05 11:00:00,966.5,27.9,82.0,1.4,169.0,6.7,205.0,0.0,,,,,,,,,,,2024-05-05T10:43:00,,,,0,,,,,,,,,,,,,
2024-05-05 12:00:00,966.0,27.2,86.0,1.5,168.0,6.6,179.0,0.0,,,,,,,,,,,2024-05-05T11:24:00,,,,0,,,,,,,,,,,,,
2024-05-05 13:00:00,965.5,26.8,86.0,1.4,176.0,6.5,154.0,0.0,,,,,,,,,,,2024-05-05T12:16:00,,,,0,,,,,,,,,,,,,
2024-05-05 14:00:00,964.7,26.0,93.0,1.0,167.0,5.3,212.0,0.0,,,,,,,,,,,2024-05-05T13:02:00,,,,0,,,,,,,,,,,,,
2024-05-05 15:00:00,964.2,25.7,97.0,1.5,162.0,4.2,179.0,0.0,,,,,,,,,,,2024-05-05T14:55:00,,,,0,,,,,,,,,,,,,
2024-05-05 16:00:00,963.8,25.8,94.0,1.5,162.0,6.7,186.0,0.0,,,,,,,,,,,2024-05-05T15:13:00,,,,0,,,,,,,,,,,,,
2024-05-05 17:00:00,963.7,25.6,97.0,1.6,167.0,4.8,196.0,0.0,,,,,,,,,,,2024-05-05T16:43:00,,,,0,,,,,,,,,,,,,
2024-05-05 18:00:00,964.2,25.6,99.0,0.7,177.0,4.5,209.0,0.0,,,,,,,,,,,2024-05-05T17:45:00,,,,0,,,,,,,,,,,,,
2024-05-05 19:00:00,964.6,25.4,100.0,0.6,151.0,4.8,203.0,0.0,,,,,,,,,,,2024-05-05T18:09:00,,,,0,,,,,,,,,,,,,
2024-05-05 20:00:00,965.0,25.3,100.0,0.9,15.0,2.5,244.0,0.0,,,,,,,,,,,2024-05-05T19:11:00,,,,0,,,,,,,,,,,,,
2024-05-05 21:00:00,965.2,24.7,100.0,0.6,335.0,3.5,40.0,0.0,,,,,,,,,,,2024-05-05T20:40:00,,,,0,,,,,,,,,,,,,
2024-05-05 22:00:00,965.7,24.3,100.0,0.9,326.0,5.1,292.0,0.0,,,,,,,,,,,2024-05-05T21:42:00,,,,0,,,,,,,,,,,,,
2024-05-05 23:00:00,965.6,23.8,100.0,0.5,27.0,4.0,56.0,0.0,,,,,,,,,,,2024-05-05T22:20:00,,,,0,,,,,,,,,,,,,
2024-05-06 00:00:00,965.6,23.6,99.0,0.2,0.0,5.3,37.0,0.0,,,,,,,,,,,2024-05-05T23:02:00,,,,0,,,,,,,,,,,,,
2024-05-06 01:00:00,965.3,23.1,99.0,0.3,3.0,2.8,65.0,0.0,,,,,,,,,,,2024-05-06T00:12:00,,,,0,,,,,,,,,,,,,
2024-05-06 02:00:00,964.9,23.0,96.0,0.6,13.0,2.4,338.0,0.0,,,,,,,,,,,2024-05-06T01:11:00,,,,0,,,,,,,,,,,,,
2024-05-06 03:00:00,964.5,22.4,96.0,0.6,315.0,3.2,345.0,0.0,,,,,,,,,,,2024-05-06T02:08:00,,,,0,,,,,,,,,,,,,
2024-05-06 04:00:00,964.7,22.0,94.0,0.3,307.0,4.3,4.0,0.0,,,,,,,,,,,2024-05-06T03:17:00,,,,0,,,,,,,,,,,,,
2024-05-06 05:00:00,965.2,22.6,86.0,1.7,299.0,3.7,318.0,0.0,,,,,,,,,,,2024-05-06T04:10:00,,,,0,,,,,,,,,,,,,
2024-05-06 06:00:00,965.8,22.7,89.0,0.5,4.0,3.8,314.0,0.0,,,,,,,,,,,2024-05-06T05:03:00,,,,0,,,,,,,,,,,,,
2024-05-06 07:00:00,966.4,23.3,87.0,0.5,355.0,3.3,16.0,0.0,,,,,,,,,,,2024-05-06T07:00:00,,,,0,,,,,,,,,,,,,
2024-05-06 08:00:00,966.7,27.2,74.0,0.5,58.0,4.2,334.0,0.0,,,,,,,,,,,2024-05-06T07:09:00,,,,0,,,,,,,,,,,,,
2024-05-06 09:00:00,966.6,29.8,71.0,0.8,61.0,3.5,52.0,0.0,,,,,,,,,,,2024-05-06T08:55:00,,,,0,,,,,,,,,,,,,
2024-05-06 10:00:00,966.7,29.9,73.0,0.7,134.0,3.5,40.0,0.0,,,,,,,,,,,2024-05-06T09:10:00,,,,0,,,,,,,,,,,,,
2024-05-06 11:00:00,966.5,30.5,74.0,0.8,108.0,3.7,103.0,0.0,,,,,,,,,,,2024-05-06T10:52:00,,,,0,,,,,,,,,,,,,
2024-05-06 12:00:00,966.1,29.8,78.0,0.7,116.0,4.8,120.0,0.0,,,,,,,,,,,2024-05-06T11:42:00,,,,0,,,,,,,,,,,,,
2024-05-06 13:00:00,965.5,28.6,81.0,0.9,78.0,5.0,95.0,0.0,,,,,,,,,,,2024-05-06T12:32:00,,,,0,,,,,,,,,,,,,
2024-05-06 14:00:00,965.0,28.8,80.0,1.6,66.0,6.1,104.0,0.0,,,,,,,,,,,2024-05-06T13:50:00,,,,0,,,,,,,,,,,,,
2024-05-06 15:00:00,964.7,29.3,80.0,1.7,52.0,6.1,83.0,0.0,,,,,,,,,,,2024-05-06T14:01:00,,,,0,,,,,,,,,,,,,
2024-05-06 16:00:00,964.8,28.6,81.0,1.3,48.0,5.8,45.0,0.0,,,,,,,,,,,2024-05-06T15:29:00,,,,0,,,,,,,,,,,,,
2024-05-06 17:00:00,965.1,27.6,85.0,0.0,0.0,5.9,63.0,0.0,,,,,,,,,,,2024-05-06T16:17:00,,,,0,,,,,,,,,,,,,
2024-05-06 18:00:00,965.7,26.3,89.0,0.1,0.0,1.6,204.0,0.0,,,,,,,,,,,2024-05-06T17:58:00,,,,0,,,,,,,,,,,,,
2024-05-06 19:00:00,966.6,25.5,93.0,0.0,0.0,2.2,215.0,0.0,,,,,,,,,,,2024-05-06T18:22:00,,,,0,,,,,,,,,,,,,
2024-05-06 20:00:00,967.3,25.1,93.0,0.1,0.0,3.0,328.0,0.0,,,,,,,,,,,2024-05-06T19:47:00,,,,0,,,,,,,,,,,,,
2024-05-06 21:00:00,968.4,24.6,95.0,1.0,59.0,3.2,62.0,0.0,,,,,,,,,,,2024-05-06T20:49:00,,,,0,,,,,,,,,,,,,
2024-05-06 22:00:00,969.1,24.6,94.0,0.0,0.0,2.8,48.0,0.0,,,,,,,,,,,2024-05-06T21:15:00,,,,0,,,,,,,,,,,,,
2024-05-06 23:00:00,969.1,24.3,93.0,0.1,0.0,1.6,319.0,0.0,,,,,,,,,,,2024-05-06T22:47:00,,,,0,,,,,,,,,,,,,
2024-05-07 00:00:00,968.9,24.0,95.0,0.6,331.0,2.4,334.0,0.0,,,,,,,,,,,2024-05-06T23:55:00,,,,0,,,,,,,,,,,,,
2024-05-07 01:00:00,968.6,23.7,96.0,0.2,0.0,2.4,58.0,0.0,,,,,,,,,,,2024-05-07T00:33:00,,,,0,,,,,,,,,,,,,
2024-05-07 02:00:00,968.2,23.6,96.0,0.4,310.0,1.6,315.0,0.0,,,,,,,,,,,2024-05-07T01:58:00,,,,0,,,,,,,,,,,,,
2024-05-07 03:00:00,968.0,23.3,98.0,0.1,0.0,2.6,57.0,0.0,,,,,,,,,,,2024-05-07T02:31:00,,,,0,,,,,,,,,,,,,
2024-05-07 04:00:00,968.2,23.2,98.0,0.2,0.0,3.2,38.0,0.0,,,,,,,,,,,2024-05-07T03:09:00,,,,0,,,,,,,,,,,,,
2024-05-07 05:00:00,968.5,23.2,97.0,0.0,0.0,3.6,29.0,0.0,,,,,,,,,,,2024-05-07T04:40:00,,,,0,,,,,,,,,,,,,
2024-05-07 06:00:00,969.0,23.2,96.0,0.8,321.0,2.2,19.0,0.0,,,,,,,,,,,2024-05-07T05:04:00,,,,0,,,,,,,,,,,,,
2024-05-07 07:00:00,969.5,24.8,88.0,0.3,42.0,2.0,331.0,0.0,,,,,,,,,,,2024-05-07T06:19:00,,,,0,,,,,,,,,,,,,
2024-05-07 08:00:00,969.6,27.0,84.0,0.2,0.0,2.0,338.0,0.0,,,,,,,,,,,2024-05-07T07:34:00,,,,0,,,,,,,,,,,,,
2024-05-07 09:00:00,969.7,29.0,75.0,0.6,62.0,3.6,49.0,0.0,,,,,,,,,,,2024-05-07T08:12:00,,,,0,,,,,,,,,,,,,
2024-05-07 10:00:00,969.3,30.7,67.0,1.1,54.0,4.8,62.0,0.0,,,,,,,,,,,2024-05-07T10:00:00,,,,0,,,,,,,,,,,,,
2024-05-07 11:00:00,969.1,30.2,68.0,1.8,65.0,7.6,60.0,0.0,,,,,,,,,,,2024-05-07T10:58:00,,,,0,,,,,,,,,,,,,
2024-05-07 12:00:00,969.0,30.6,69.0,1.2,58.0,6.9,45.0,0.0,,,,,,,,,,,2024-05-07T11:09:00,,,,0,,,,,,,,,,,,,
2024-05-07 13:00:00,968.6,29.8,70.0,1.5,61.0,8.0,56.0,0.0,,,,,,,,,,,2024-05-07T12:09:00,,,,0,,,,,,,,,,,,,
2024-05-07 14:00:00,968.0,28.8,75.0,1.1,63.0,6.9,61.0,0.0,,,,,,,,,,,2024-05-07T13:47:00,,,,0,,,,,,,,,,,,,
2024-05-07 15:00:00,967.7,29.1,74.0,1.2,43.0,8.4,54.0,0.0,,,,,,,,,,,2024-05-07T14:27:00,,,,0,,,,,,,,,,,,,
2024-05-07 16:00:00,967.5,26.2,81.0,1.6,45.0,7.5,51.0,0.0,,,,,,,,,,,2024-05-07T15:42:00,,,,0,,,,,,,,,,,,,
2024-05-07 17:00:00,967.8,25.1,85.0,2.7,45.0,7.8,59.0,0.0,,,,,,,,,,,2024-05-07T16:37:00,,,,0,,,,,,,,,,,,,
2024-05-07 18:00:00,968.5,24.3,89.0,0.2,0.0,4.8,41.0,0.0,,,,,,,,,,,2024-05-07T17:08:00,,,,0,,,,,,,,,,,,,
2024-05-07 19:00:00,969.0,23.5,93.0,0.1,0.0,2.0,49.0,0.0,,,,,,,,,,,2024-05-07T18:05:00,,,,0,,,,,,,,,,,,,
2024-05-07 20:00:00,969.8,22.5,96.0,0.3,324.0,1.8,266.0,0.0,,,,,,,,,,,2024-05-07T19:59:00,,,,0,,,,,,,,,,,,,
2024-05-07 21:00:00,969.9,21.4,92.0,0.5,14.0,5.9,7.0,0.0,,,,,,,,,,,2024-05-07T20:45:00,,,,0,,,,,,,,,,,,,
2024-05-07 22:00:00,970.1,21.6,89.0,0.6,338.0,4.8,3.0,0.0,,,,,,,,,,,2024-05-07T21:49:00,,,,0,,,,,,,,,,,,,
2024-05-07 23:00:00,969.8,21.7,87.0,0.4,28.0,3.1,324.0,0.0,,,,,,,,,,,2024-05-07T22:31:00,,,,0,,,,,,,,,,,,,
2024-05-08 00:00:00,969.8,22.0,86.0,0.6,321.0,3.2,11.0,0.0,,,,,,,,,,,2024-05-07T23:29:00,,,,0,,,,,,,,,,,,,
2024-05-08 01:00:00,969.2,21.8,87.0,0.7,331.0,4.1,26.0,0.0,,,,,,,,,,,2024-05-08T00:18:00,,,,0,,,,,,,,,,,,,
2024-05-08 02:00:00,968.5,22.0,86.0,1.3,331.0,5.0,342.0,0.0,,,,,,,,,,,2024-05-08T01:43:00,,,,0,,,,,,,,,,,,,
2024-05-08 03:00:00,968.2,21.8,86.0,0.8,20.0,3.7,34.0,0.0,,,,,,,,,,,2024-05-08T02:31:00,,,,0,,,,,,,,,,,,,
2024-05-08 04:00:00,968.4,20.8,90.0,0.1,0.0,4.1,32.0,0.0,,,,,,,,,,,2024-05-08T03:36:00,,,,0,,,,,,,,,,,,,
2024-05-08 05:00:00,968.6,20.7,93.0,0.9,25.0,5.0,2.0,0.0,,,,,,,,,,,2024-05-08T04:37:00,,,,0,,,,,,,,,,,,,
2024-05-08 06:00:00,969.2,21.7,91.0,1.3,314.0,3.8,346.0,0.0,,,,,,,,,,,2024-05-08T05:48:00,,,,0,,,,,,,,,,,,,
2024-05-08 07:00:00,969.5,23.0,87.0,0.3,318.0,2.7,323.0,0.0,,,,,,,,,,,2024-05-08T06:43:00,,,,0,,,,,,,,,,,,,
2024-05-08 08:00:00,969.5,26.2,79.0,0.2,0.0,2.6,51.0,0.0,,,,,,,,,,,2024-05-08T07:08:00,,,,0,,,,,,,,,,,,,
2024-05-08 09:00:00,969.9,28.0,69.0,0.7,61.0,4.4,36.0,0.0,,,,,,,,,,,2024-05-08T08:53:00,,,,0,,,,,,,,,,,,,
2024-05-08 10:00:00,969.9,26.9,75.0,1.2,60.0,5.3,37.0,0.0,,,,,,,,,,,2024-05-08T09:50:00,,,,0,,,,,,,,,,,,,
2024-05-08 11:00:00,969.5,28.0,73.0,1.0,70.0,7.3,65.0,0.0,,,,,,,,,,,2024-05-08T10:43:00,,,,0,,,,,,,,,,,,,
2024-05-08 12:00:00,969.1,26.6,75.0,1.1,32.0,5.9,51.0,0.0,,,,,,,,,,,2024-05-08T11:15:00,,,,0,,,,,,,,,,,,,
2024-05-08 13:00:00,968.7,25.1,79.0,1.4,42.0,6.2,49.0,0.0,,,,,,,,,,,2024-05-08T12:29:00,,,,0,,,,,,,,,,,,,
2024-05-08 14:00:00,968.6,23.5,83.0,0.8,53.0,8.1,67.0,0.0,,,,,,,,,,,2024-05-08T13:31:00,,,,0,,,,,,,,,,,,,
2024-05-08 15:00:00,969.1,22.0,95.0,0.3,324.0,6.0,47.0,0.0,,,,,,,,,,,2024-05-08T14:18:00,,,,0,,,,,,,,,,,,,
2024-05-08 16:00:00,969.1,20.9,98.0,0.6,26.0,4.2,48.0,3.5,,,,,,,,,,,2024-05-08T15:53:00,,,,0,,,,,,,,,,,,,
2024-05-08 17:00:00,969.4,20.4,99.0,1.4,324.0,5.1,18.0,2.5,,,,,,,,,,,2024-05-08T16:56:00,,,,0,,,,,,,,,,,,,
2024-05-08 18:00:00,969.9,19.8,100.0,0.5,67.0,4.1,12.0,3.0,,,,,,,,,,,2024-05-08T17:23:00,,,,0,,,,,,,,,,,,,
2024-05-08 19:00:00,970.3,19.8,100.0,0.6,50.0,3.1,112.0,1.0,,,,,,,,,,,2024-05-08T18:04:00,,,,0,,,,,,,,,,,,,
2024-05-08 20:00:00,970.8,19.6,100.0,0.4,90.0,3.4,341.0,0.0,,,,,,,,,,,2024-05-08T19:42:00,,,,0,,,,,,,,,,,,,
2024-05-08 21:00:00,971.5,19.1,100.0,0.3,62.0,3.3,358.0,0.5,,,,,,,,,,,2024-05-08T20:28:00,,,,0,,,,,,,,,,,,,
2024-05-08 22:00:00,971.9,19.0,100.0,0.6,5.0,3.7,49.0,0.0,,,,,,,,,,,2024-05-08T21:52:00,,,,0,,,,,,,,,,,,,
2024-05-08 23:00:00,971.9,19.0,100.0,0.8,62.0,4.9,97.0,0.0,,,,,,,,,,,2024-05-08T22:42:00,,,,0,,,,,,,,,,,,,
2024-05-09 00:00:00,971.5,18.5,99.0,0.9,69.0,5.0,29.0,0.0,,,,,,,,,,,2024-05-08T23:31:00,,,,0,,,,,,,,,,,,,
2024-05-09 01:00:00,971.4,18.3,97.0,0.8,101.0,5.4,26.0,0.0,,,,,,,,,,,2024-05-09T00:13:00,,,,0,,,,,,,,,,,,,
2024-05-09 02:00:00,971.1,18.2,95.0,0.4,55.0,3.5,25.0,0.0,,,,,,,,,,,2024-05-09T01:38:00,,,,0,,,,,,,,,,,,,
2024-05-09 03:00:00,971.1,18.2,92.0,0.4,53.0,2.9,17.0,0.0,,,,,,,,,,,2024-05-09T02:13:00,,,,0,,,,,,,,,,,,,
2024-05-09 04:00:00,971.1,18.5,93.0,0.1,0.0,2.2,36.0,0.0,,,,,,,,,,,2024-05-09T03:18:00,,,,0,,,,,,,,,,,,,
2024-05-09 05:00:00,971.0,18.7,91.0,0.2,0.0,2.8,287.0,0.0,,,,,,,,,,,2024-05-09T04:13:00,,,,0,,,,,,,,,,,,,
2024-05-09 06:00:00,971.4,19.0,89.0,0.4,21.0,3.5,41.0,0.0,,,,,,,,,,,2024-05-09T05:57:00,,,,0,,,,,,,,,,,,,
2024-05-09 07:00:00,972.2,19.1,90.0,0.6,47.0,4.5,16.0,0.0,,,,,,,,,,,2024-05-09T06:56:00,,,,0,,,,,,,,,,,,,
2024-05-09 08:00:00,972.9,19.3,90.0,0.5,67.0,4.3,278.0,0.0,,,,,,,,,,,2024-05-09T07:22:00,,,,0,,,,,,,,,,,,,
2024-05-09 09:00:00,973.4,19.4,91.0,0.3,67.0,5.0,32.0,0.0,,,,,,,,,,,2024-05-09T08:22:00,,,,0,,,,,,,,,,,,,
2024-05-09 10:00:00,973.5,20.5,87.0,0.4,76.0,3.3,275.0,0.0,,,,,,,,,,,2024-05-09T09:32:00,,,,0,,,,,,,,,,,,,
2024-05-09 11:00:00,973.5,20.4,88.0,0.1,0.0,2.5,114.0,0.0,,,,,,,,,,,2024-05-09T10:14:00,,,,0,,,,,,,,,,,,,
2024-05-09 12:00:00,973.1,20.3,88.0,0.3,324.0,4.5,319.0,0.0,,,,,,,,,,,2024-05-09T11:46:00,,,,0,,,,,,,,,,,,,
2024-05-09 13:00:00,972.5,20.2,87.0,0.4,325.0,3.5,322.0,0.0,,,,,,,,,,,2024-05-09T12:25:00,,,,0,,,,,,,,,,,,,
2024-05-09 14:00:00,971.7,20.2,83.0,0.1,0.0,4.7,328.0,0.0,,,,,,,,,,,2024-05-09T13:04:00,,,,0,,,,,,,,,,,,,
2024-05-09 15:00:00,971.4,20.0,86.0,0.2,0.0,2.5,18.0,0.0,,,,,,,,,,,2024-05-09T14:30:00,,,,0,,,,,,,,,,,,,
2024-05-09 16:00:00,971.2,20.4,84.0,0.5,3.0,2.2,15.0,0.0,,,,,,,,,,,2024-05-09T15:48:00,,,,0,,,,,,,,,,,,,
2024-05-09 17:00:00,971.3,20.2,81.0,0.4,313.0,2.6,40.0,0.0,,,,,,,,,,,2024-05-09T16:05:00,,,,0,,,,,,,,,,,,,
2024-05-09 18:00:00,971.7,19.7,86.0,0.9,313.0,2.0,301.0,0.0,,,,,,,,,,,2024-05-09T17:57:00,,,,0,,,,,,,,,,,,,
2024-05-09 19:00:00,972.2,19.4,87.0,0.1,0.0,3.6,278.0,0.0,,,,,,,,,,,2024-05-09T18:21:00,,,,0,,,,,,,,,,,,,
2024-05-09 20:00:00,972.5,19.5,90.0,0.1,0.0,2.0,293.0,0.0,,,,,,,,,,,2024-05-09T19:56:00,,,,0,,,,,,,,,,,,,
2024-05-09 21:00:00,972.9,19.2,88.0,0.5,35.0,3.7,358.0,0.0,,,,,,,,,,,2024-05-09T20:56:00,,,,0,,,,,,,,,,,,,
2024-05-09 22:00:00,973.0,19.2,86.0,0.4,38.0,3.2,45.0,0.0,,,,,,,,,,,2024-05-09T21:52:00,,,,0,,,,,,,,,,,,,
2024-05-09 23:00:00,973.1,19.0,87.0,0.4,10.0,2.8,340.0,0.0,,,,,,,,,,,2024-05-09T22:43:00,,,,0,,,,,,,,,,,,,
2024-05-10 00:00:00,972.2,19.0,89.0,0.3,309.0,3.5,347.0,0.0,,,,,,,,,,,2024-05-09T23:59:00,,,,0,,,,,,,,,,,,,
2024-05-10 01:00:00,971.8,18.9,88.0,0.7,313.0,2.8,313.0,0.0,,,,,,,,,,,2024-05-10T00:47:00,,,,0,,,,,,,,,,,,,
2024-05-10 02:00:00,971.4,19.0,89.0,1.0,320.0,2.9,6.0,0.0,,,,,,,,,,,2024-05-10T01:52:00,,,,0,,,,,,,,,,,,,
2024-05-10 03:00:00,971.1,19.1,90.0,0.3,317.0,1.9,59.0,0.0,,,,,,,,,,,2024-05-10T02:31:00,,,,0,,,,,,,,,,,,,
2024-05-10 04:00:00,971.2,18.9,90.0,0.5,328.0,2.2,15.0,0.0,,,,,,,,,,,2024-05-10T03:48:00,,,,0,,,,,,,,,,,,,
2024-05-10 05:00:00,971.7,18.9,89.0,1.0,338.0,3.8,326.0,0.0,,,,,,,,,,,2024-05-10T04:32:00,,,,0,,,,,,,,,,,,,
2024-05-10 06:00:00,972.2,18.9,92.0,0.6,318.0,3.4,7.0,0.0,,,,,,,,,,,2024-05-10T05:01:00,,,,0,,,,,,,,,,,,,
2024-05-10 07:00:00,972.5,19.4,90.0,0.2,0.0,3.1,63.0,0.0,,,,,,,,,,,2024-05-10T06:49:00,,,,0,,,,,,,,,,,,,
2024-05-10 08:00:00,972.8,19.8,89.0,1.9,319.0,4.6,11.0,0.0,,,,,,,,,,,2024-05-10T07:59:00,,,,0,,,,,,,,,,,,,
2024-05-10 09:00:00,973.3,21.3,87.0,0.0,0.0,4.0,329.0,0.0,,,,,,,,,,,2024-05-10T08:12:00,,,,0,,,,,,,,,,,,,
2024-05-10 10:00:00,973.4,24.7,76.0,0.2,0.0,2.6,49.0,0.0,,,,,,,,,,,2024-05-10T09:59:00,,,,0,,,,,,,,,,,,,
2024-05-10 11:00:00,973.0,26.7,69.0,0.3,46.0,3.6,67.0,0.0,,,,,,,,,,,2024-05-10T10:17:00,,,,0,,,,,,,,,,,,,
2024-05-10 12:00:00,972.7,25.1,72.0,0.0,0.0,2.4,9.0,0.0,,,,,,,,,,,2024-05-10T11:06:00,,,,0,,,,,,,,,,,,,
2024-05-10 13:00:00,972.1,23.9,76.0,0.8,60.0,4.2,43.0,0.0,,,,,,,,,,,2024-05-10T12:58:00,,,,0,,,,,,,,,,,,,
2024-05-10 14:00:00,971.5,24.4,69.0,0.8,66.0,4.1,103.0,0.0,,,,,,,,,,,2024-05-10T13:16:00,,,,0,,,,,,,,,,,,,
2024-05-10 15:00:00,971.1,24.9,73.0,0.5,59.0,3.3,99.0,0.0,,,,,,,,,,,2024-05-10T14:27:00,,,,0,,,,,,,,,,,,,
2024-05-10 16:00:00,970.7,23.7,78.0,0.5,59.0,3.4,96.0,0.0,,,,,,,,,,,2024-05-10T15:35:00,,,,0,,,,,,,,,,,,,
2024-05-10 17:00:00,970.7,23.2,80.0,0.3,65.0,3.1,63.0,0.0,,,,,,,,,,,2024-05-10T16:07:00,,,,0,,,,,,,,,,,,,
2024-05-10 18:00:00,971.0,22.2,83.0,1.3,62.0,3.4,52.0,0.0,,,,,,,,,,,2024-05-10T17:44:00,,,,0,,,,,,,,,,,,,
2024-05-10 19:00:00,971.6,22.0,83.0,0.4,42.0,2.5,52.0,0.0,,,,,,,,,,,2024-05-10T18:08:00,,,,0,,,,,,,,,,,,,
2024-05-10 20:00:00,972.0,21.2,86.0,0.8,30.0,2.5,48.0,0.0,,,,,,,,,,,2024-05-10T19:59:00,,,,0,,,,,,,,,,,,,
2024-05-10 21:00:00,972.3,20.7,88.0,0.1,0.0,2.8,56.0,0.0,,,,,,,,,,,2024-05-10T20:26:00,,,,0,,,,,,,,,,,,,
2024-05-10 22:00:00,972.7,21.0,88.0,1.0,318.0,1.8,237.0,0.0,,,,,,,,,,,2024-05-10T21:37:00,,,,0,,,,,,,,,,,,,
2024-05-10 23:00:00,972.3,21.4,86.0,1.1,298.0,2.1,304.0,0.0,,,,,,,,,,,2024-05-10T22:53:00,,,,0,,,,,,,,,,,,,
2024-05-11 00:00:00,971.6,21.0,86.0,1.0,314.0,2.0,304.0,0.0,,,,,,,,,,,2024-05-10T23:17:00,,,,0,,,,,,,,,,,,,
2024-05-11 01:00:00,971.1,20.7,87.0,1.2,315.0,2.0,331.0,0.0,,,,,,,,,,,2024-05-11T00:46:00,,,,0,,,,,,,,,,,,,
2024-05-11 02:00:00,970.7,21.2,85.0,0.7,290.0,1.5,313.0,0.0,,,,,,,,,,,2024-05-11T01:18:00,,,,0,,,,,,,,,,,,,
2024-05-11 03:00:00,970.5,21.3,84.0,1.2,317.0,1.7,317.0,0.0,,,,,,,,,,,2024-05-11T02:54:00,,,,0,,,,,,,,,,,,,
2024-05-11 04:00:00,970.4,21.0,85.0,1.0,1.0,1.9,12.0,0.0,,,,,,,,,,,2024-05-11T03:48:00,,,,0,,,,,,,,,,,,,
2024-05-11 05:00:00,970.5,20.2,89.0,1.0,320.0,2.3,360.0,0.0,,,,,,,,,,,2024-05-11T04:35:00,,,,0,,,,,,,,,,,,,
2024-05-11 06:00:00,970.9,20.6,88.0,0.1,0.0,2.6,319.0,0.0,,,,,,,,,,,2024-05-11T05:26:00,,,,0,,,,,,,,,,,,,
2024-05-11 07:00:00,971.4,22.4,83.0,0.1,0.0,2.4,323.0,0.0,,,,,,,,,,,2024-05-11T06:27:00,,,,0,,,,,,,,,,,,,
2024-05-11 08:00:00,971.8,25.1,79.0,0.1,0.0,2.0,45.0,0.0,,,,,,,,,,,2024-05-11T07:16:00,,,,0,,,,,,,,,,,,,
2024-05-11 09:00:00,971.6,27.1,71.0,0.0,0.0,2.3,95.0,0.0,,,,,,,,,,,2024-05-11T08:30:00,,,,0,,,,,,,,,,,,,
2024-05-11 10:00:00,971.5,26.0,72.0,0.0,0.0,1.9,143.0,0.0,,,,,,,,,,,2024-05-11T09:09:00,,,,0,,,,,,,,,,,,,
2024-05-11 11:00:00,971.0,25.0,74.0,0.8,117.0,3.9,77.0,0.0,,,,,,,,,,,2024-05-11T10:43:00,,,,0,,,,,,,,,,,,,
2024-05-11 12:00:00,970.6,26.0,72.0,0.8,91.0,4.5,101.0,0.0,,,,,,,,,,,2024-05-11T11:18:00,,,,0,,,,,,,,,,,,,
2024-05-11 13:00:00,970.2,24.5,79.0,0.9,125.0,4.5,109.0,0.0,,,,,,,,,,,2024-05-11T12:46:00,,,,0,,,,,,,,,,,,,
2024-05-11 14:00:00,969.5,25.0,77.0,0.7,123.0,3.9,89.0,0.0,,,,,,,,,,,2024-05-11T13:03:00,,,,0,,,,,,,,,,,,,
2024-05-11 15:00:00,969.2,23.9,81.0,1.1,110.0,3.6,92.0,0.0,,,,,,,,,,,2024-05-11T14:55:00,,,,0,,,,,,,,,,,,,
2024-05-11 16:00:00,968.8,23.6,82.0,0.6,125.0,3.1,112.0,0.0,,,,,,,,,,,2024-05-11T15:17:00,,,,0,,,,,,,,,,,,,
2024-05-11 17:00:00,968.8,23.8,84.0,0.0,0.0,1.9,116.0,0.0,,,,,,,,,,,2024-05-11T16:01:00,,,,0,,,,,,,,,,,,,
2024-05-11 18:00:00,969.0,23.1,85.0,0.1,0.0,1.5,101.0,0.0,,,,,,,,,,,2024-05-11T17:38:00,,,,0,,,,,,,,,,,,,
2024-05-11 19:00:00,969.3,22.9,87.0,0.3,53.0,2.1,68.0,0.0,,,,,,,,,,,2024-05-11T18:58:00,,,,0,,,,,,,,,,,,,
2024-05-11 20:00:00,969.9,22.5,89.0,0.2,0.0,2.1,101.0,0.0,,,,,,,,,,,2024-05-11T19:10:00,,,,0,,,,,,,,,,,,,
2024-05-11 21:00:00,970.3,22.6,89.0,0.0,0.0,1.5,84.0,0.0,,,,,,,,,,,2024-05-11T20:08:00,,,,0,,,,,,,,,,,,,
2024-05-11 22:00:00,970.7,22.6,89.0,0.3,224.0,1.3,270.0,0.0,,,,,,,,,,,2024-05-11T21:05:00,,,,0,,,,,,,,,,,,,
2024-05-11 23:00:00,970.4,22.7,88.0,0.7,276.0,1.7,268.0,0.0,,,,,,,,,,,2024-05-11T22:56:00,,,,0,,,,,,,,,,,,,
2024-05-12 00:00:00,969.7,22.6,89.0,0.0,0.0,1.6,268.0,0.0,,,,,,,,,,,2024-05-11T23:01:00,,,,0,,,,,,,,,,,,,
2024-05-12 01:00:00,968.6,22.6,88.0,0.0,0.0,1.7,209.0,0.0,,,,,,,,,,,2024-05-12T00:18:00,,,,0,,,,,,,,,,,,,
2024-05-12 02:00:00,968.2,22.5,89.0,1.0,180.0,2.1,180.0,0.0,,,,,,,,,,,2024-05-12T01:55:00,,,,0,,,,,,,,,,,,,
2024-05-12 03:00:00,967.8,22.1,92.0,1.2,300.0,1.9,183.0,0.0,,,,,,,,,,,2024-05-12T02:01:00,,,,0,,,,,,,,,,,,,
2024-05-12 04:00:00,968.0,22.6,89.0,0.0,0.0,1.7,286.0,0.0,,,,,,,,,,,2024-05-12T03:02:00,,,,0,,,,,,,,,,,,,
2024-05-12 05:00:00,968.0,22.8,88.0,0.0,0.0,1.0,119.0,0.0,,,,,,,,,,,2024-05-12T04:18:00,,,,0,,,,,,,,,,,,,
2024-05-12 06:00:00,968.4,23.3,84.0,0.2,0.0,1.7,336.0,0.0,,,,,,,,,,,2024-05-12T05:11:00,,,,0,,,,,,,,,,,,,
2024-05-12 07:00:00,968.3,24.4,83.0,0.0,0.0,2.0,204.0,0.0,,,,,,,,,,,2024-05-12T06:43:00,,,,0,,,,,,,,,,,,,
2024-05-12 08:00:00,968.3,24.6,82.0,0.4,185.0,1.8,201.0,0.0,,,,,,,,,,,2024-05-12T07:10:00,,,,0,,,,,,,,,,,,,
2024-05-12 09:00:00,968.1,26.0,81.0,0.5,161.0,2.6,184.0,0.0,,,,,,,,,,,2024-05-12T08:55:00,,,,0,,,,,,,,,,,,,
2024-05-12 10:00:00,967.9,26.2,83.0,0.6,176.0,3.8,184.0,0.0,,,,,,,,,,,2024-05-12T09:15:00,,,,0,,,,,,,,,,,,,
2024-05-12 11:00:00,967.7,26.0,87.0,0.5,164.0,3.4,187.0,0.0,,,,,,,,,,,2024-05-12T10:35:00,,,,0,,,,,,,,,,,,,
2024-05-12 12:00:00,967.1,25.6,89.0,0.5,165.0,4.4,162.0,0.0,,,,,,,,,,,2024-05-12T11:45:00,,,,0,,,,,,,,,,,,,
2024-05-12 13:00:00,966.4,25.5,92.0,0.8,161.0,7.9,196.0,0.0,,,,,,,,,,,2024-05-12T12:45:00,,,,0,,,,,,,,,,,,,
2024-05-12 14:00:00,965.7,25.2,95.0,0.9,162.0,4.1,189.0,0.0,,,,,,,,,,,2024-05-12T13:15:00,,,,0,,,,,,,,,,,,,
2024-05-12 15:00:00,964.9,25.4,95.0,1.3,169.0,5.6,197.0,0.0,,,,,,,,,,,2024-05-12T14:57:00,,,,0,,,,,,,,,,,,,
2024-05-12 16:00:00,964.3,25.3,97.0,0.9,160.0,4.3,152.0,0.0,,,,,,,,,,,2024-05-12T15:21:00,,,,0,,,,,,,,,,,,,
2024-05-12 17:00:00,964.1,25.1,99.0,0.9,161.0,4.1,145.0,0.0,,,,,,,,,,,2024-05-12T16:29:00,,,,0,,,,,,,,,,,,,
2024-05-12 18:00:00,964.5,25.0,99.0,0.4,112.0,3.1,171.0,0.0,,,,,,,,,,,2024-05-12T17:21:00,,,,0,,,,,,,,,,,,,
2024-05-12 19:00:00,964.9,24.8,99.0,0.0,0.0,2.9,109.0,0.0,,,,,,,,,,,2024-05-12T18:08:00,,,,0,,,,,,,,,,,,,
2024-05-12 20:00:00,965.2,24.7,100.0,0.6,37.0,3.4,43.0,0.0,,,,,,,,,,,2024-05-12T19:53:00,,,,0,,,,,,,,,,,,,
2024-05-12 21:00:00,965.1,24.2,100.0,0.0,0.0,1.9,37.0,0.0,,,,,,,,,,,2024-05-12T20:07:00,,,,0,,,,,,,,,,,,,
2024-05-12 22:00:00,965.3,24.1,100.0,0.5,326.0,3.3,318.0,0.0,,,,,,,,,,,2024-05-12T21:58:00,,,,0,,,,,,,,,,,,,
2024-05-12 23:00:00,965.0,23.6,100.0,0.3,347.0,3.0,15.0,0.0,,,,,,,,,,,2024-05-12T22:03:00,,,,0,,,,,,,,,,,,,
2024-05-13 00:00:00,964.9,23.4,100.0,0.3,25.0,2.7,25.0,0.0,,,,,,,,,,,2024-05-12T23:17:00,,,,0,,,,,,,,,,,,,
2024-05-13 01:00:00,964.6,23.1,100.0,0.2,0.0,4.7,34.0,0.0,,,,,,,,,,,2024-05-13T00:19:00,,,,0,,,,,,,,,,,,,
2024-05-13 02:00:00,964.2,22.9,98.0,0.4,37.0,3.0,22.0,0.0,,,,,,,,,,,2024-05-13T01:37:00,,,,0,,,,,,,,,,,,,
2024-05-13 03:00:00,963.9,22.7,97.0,0.3,52.0,2.6,36.0,0.0,,,,,,,,,,,2024-05-13T02:26:00,,,,0,,,,,,,,,,,,,
2024-05-13 04:00:00,964.0,22.5,95.0,0.4,14.0,4.4,35.0,0.0,,,,,,,,,,,2024-05-13T03:56:00,,,,0,,,,,,,,,,,,,
2024-05-13 05:00:00,964.6,22.4,92.0,0.3,36.0,2.6,31.0,0.0,,,,,,,,,,,2024-05-13T04:23:00,,,,0,,,,,,,,,,,,,
2024-05-13 06:00:00,965.4,22.8,95.0,0.4,27.0,2.4,341.0,0.0,,,,,,,,,,,2024-05-13T05:57:00,,,,0,,,,,,,,,,,,,
2024-05-13 07:00:00,965.8,23.6,95.0,0.3,353.0,3.1,71.0,0.0,,,,,,,,,,,2024-05-13T06:03:00,,,,0,,,,,,,,,,,,,
2024-05-13 08:00:00,966.4,24.1,95.0,0.8,55.0,3.4,69.0,0.0,,,,,,,,,,,2024-05-13T07:27:00,,,,0,,,,,,,,,,,,,
2024-05-13 09:00:00,967.0,24.7,91.0,0.4,43.0,3.5,65.0,0.0,,,,,,,,,,,2024-05-13T08:15:00,,,,0,,,,,,,,,,,,,
2024-05-13 10:00:00,966.9,25.0,86.0,1.2,53.0,4.4,54.0,0.0,,,,,,,,,,,2024-05-13T09:37:00,,,,0,,,,,,,,,,,,,
2024-05-13 11:00:00,967.0,22.8,93.0,1.4,54.0,4.1,61.0,0.0,,,,,,,,,,,2024-05-13T10:35:00,,,,0,,,,,,,,,,,,,
2024-05-13 12:00:00,967.1,22.4,94.0,0.2,0.0,3.3,70.0,0.0,,,,,,,,,,,2024-05-13T11:10:00,,,,0,,,,,,,,,,,,,
2024-05-13 13:00:00,966.5,21.2,98.0,0.1,0.0,2.5,309.0,0.0,,,,,,,,,,,2024-05-13T12:27:00,,,,0,,,,,,,,,,,,,
2024-05-13 14:00:00,966.2,20.1,100.0,0.6,96.0,3.0,129.0,0.0,,,,,,,,,,,2024-05-13T13:59:00,,,,0,,,,,,,,,,,,,
2024-05-13 15:00:00,966.4,19.6,100.0,0.4,65.0,4.0,320.0,1.0,,,,,,,,,,,2024-05-13T14:40:00,,,,0,,,,,,,,,,,,,
2024-05-13 16:00:00,966.5,19.3,100.0,0.6,77.0,5.8,103.0,2.5,,,,,,,,,,,2024-05-13T15:43:00,,,,0,,,,,,,,,,,,,
2024-05-13 17:00:00,966.9,19.0,100.0,0.2,0.0,4.2,32.0,0.0,,,,,,,,,,,2024-05-13T16:32:00,,,,0,,,,,,,,,,,,,
2024-05-13 18:00:00,967.9,18.2,100.0,0.6,43.0,2.8,13.0,0.0,,,,,,,,,,,2024-05-13T17:43:00,,,,0,,,,,,,,,,,,,
2024-05-13 19:00:00,968.3,18.1,100.0,0.5,343.0,3.4,356.0,0.0,,,,,,,,,,,2024-05-13T18:17:00,,,,0,,,,,,,,,,,,,
2024-05-13 20:00:00,968.8,17.6,100.0,1.8,316.0,4.8,325.0,0.0,,,,,,,,,,,2024-05-13T19:44:00,,,,0,,,,,,,,,,,,,
2024-05-13 21:00:00,969.0,17.5,100.0,1.9,315.0,5.1,31.0,0.5,,,,,,,,,,,2024-05-13T20:36:00,,,,0,,,,,,,,,,,,,
2024-05-13 22:00:00,968.6,17.5,100.0,1.2,357.0,5.3,322.0,0.0,,,,,,,,,,,2024-05-13T21:02:00,,,,0,,,,,,,,,,,,,
2024-05-13 23:00:00,968.5,17.5,100.0,0.8,337.0,4.6,4.0,0.0,,,,,,,,,,,2024-05-13T22:35:00,,,,0,,,,,,,,,,,,,
2024-05-14 00:00:00,968.0,17.4,100.0,1.3,355.0,5.6,309.0,0.0,,,,,,,,,,,2024-05-13T23:26:00,,,,0,,,,,,,,,,,,,
2024-05-14 01:00:00,967.9,17.6,100.0,1.5,7.0,4.6,26.0,0.0,,,,,,,,,,,2024-05-14T00:02:00,,,,0,,,,,,,,,,,,,
2024-05-14 02:00:00,967.8,17.5,100.0,1.3,357.0,3.7,38.0,0.0,,,,,,,,,,,2024-05-14T01:08:00,,,,0,,,,,,,,,,,,,
2024-05-14 03:00:00,967.4,17.6,100.0,0.8,316.0,2.4,6.0,0.0,,,,,,,,,,,2024-05-14T02:04:00,,,,0,,,,,,,,,,,,,
2024-05-14 04:00:00,967.6,17.8,100.0,1.4,305.0,2.6,313.0,0.0,,,,,,,,,,,2024-05-14T03:34:00,,,,0,,,,,,,,,,,,,
2024-05-14 05:00:00,967.7,18.0,100.0,0.6,329.0,3.0,335.0,0.0,,,,,,,,,,,2024-05-14T04:20:00,,,,0,,,,,,,,,,,,,
2024-05-14 06:00:00,968.1,17.6,100.0,1.8,314.0,3.6,308.0,0.0,,,,,,,,,,,2024-05-14T05:46:00,,,,0,,,,,,,,,,,,,
2024-05-14 07:00:00,968.9,17.8,100.0,1.1,319.0,4.3,335.0,0.0,,,,,,,,,,,2024-05-14T06:31:00,,,,0,,,,,,,,,,,,,
2024-05-14 08:00:00,969.6,18.1,100.0,1.6,325.0,4.5,335.0,0.0,,,,,,,,,,,2024-05-14T07:57:00,,,,0,,,,,,,,,,,,,
2024-05-14 09:00:00,969.8,18.6,97.0,1.8,311.0,4.3,301.0,0.0,,,,,,,,,,,2024-05-14T08:57:00,,,,0,,,,,,,,,,,,,
2024-05-14 10:00:00,969.6,20.8,98.0,0.2,0.0,5.4,315.0,0.0,,,,,,,,,,,2024-05-14T09:09:00,,,,0,,,,,,,,,,,,,
2024-05-14 11:00:00,968.9,23.0,85.0,0.1,0.0,1.8,351.0,0.5,,,,,,,,,,,2024-05-14T10:01:00,,,,0,,,,,,,,,,,,,
2024-05-14 12:00:00,968.5,24.6,83.0,0.0,0.0,1.1,318.0,0.0,,,,,,,,,,,2024-05-14T11:08:00,,,,0,,,,,,,,,,,,,
2024-05-14 13:00:00,967.9,21.6,86.0,0.8,95.0,2.9,89.0,0.0,,,,,,,,,,,2024-05-14T12:49:00,,,,0,,,,,,,,,,,,,
2024-05-14 14:00:00,967.6,22.1,88.0,0.3,147.0,3.5,95.0,0.0,,,,,,,,,,,2024-05-14T13:25:00,,,,0,,,,,,,,,,,,,
2024-05-14 15:00:00,967.6,22.1,88.0,0.1,0.0,3.0,124.0,0.0,,,,,,,,,,,2024-05-14T14:21:00,,,,0,,,,,,,,,,,,,
2024-05-14 16:00:00,967.6,21.7,89.0,0.2,0.0,2.6,31.0,0.0,,,,,,,,,,,2024-05-14T15:57:00,,,,0,,,,,,,,,,,,,
2024-05-14 17:00:00,967.8,21.6,89.0,0.4,43.0,3.1,66.0,0.0,,,,,,,,,,,2024-05-14T16:26:00,,,,0,,,,,,,,,,,,,
2024-05-14 18:00:00,968.4,20.9,92.0,1.1,303.0,3.4,336.0,0.0,,,,,,,,,,,2024-05-14T17:38:00,,,,0,,,,,,,,,,,,,
2024-05-14 19:00:00,969.2,20.4,93.0,1.1,304.0,2.5,292.0,0.0,,,,,,,,,,,2024-05-14T18:59:00,,,,0,,,,,,,,,,,,,
2024-05-14 20:00:00,969.6,20.4,94.0,1.2,322.0,4.8,341.0,0.0,,,,,,,,,,,2024-05-14T19:54:00,,,,0,,,,,,,,,,,,,
2024-05-14 21:00:00,969.9,20.1,94.0,1.7,316.0,4.5,322.0,0.0,,,,,,,,,,,2024-05-14T20:56:00,,,,0,,,,,,,,,,,,,
2024-05-14 22:00:00,969.8,19.9,95.0,1.4,321.0,4.3,333.0,0.0,,,,,,,,,,,2024-05-14T21:25:00,,,,0,,,,,,,,,,,,,
2024-05-14 23:00:00,969.3,19.8,95.0,0.9,349.0,4.0,4.0,0.0,,,,,,,,,,,2024-05-14T22:50:00,,,,0,,,,,,,,,,,,,
2024-05-15 00:00:00,968.4,19.4,97.0,1.3,342.0,2.7,22.0,0.0,,,,,,,,,,,2024-05-14T23:32:00,,,,0,,,,,,,,,,,,,
2024-05-15 01:00:00,968.2,19.4,97.0,1.0,357.0,3.4,10.0,0.0,,,,,,,,,,,2024-05-15T00:07:00,,,,0,,,,,,,,,,,,,
2024-05-15 02:00:00,967.9,19.5,97.0,1.2,344.0,3.7,328.0,0.0,,,,,,,,,,,2024-05-15T01:12:00,,,,0,,,,,,,,,,,,,
2024-05-15 03:00:00,967.8,19.9,96.0,1.7,307.0,3.4,293.0,0.0,,,,,,,,,,,2024-05-15T02:59:00,,,,0,,,,,,,,,,,,,
2024-05-15 04:00:00,968.2,19.6,98.0,1.4,329.0,3.2,10.0,0.0,,,,,,,,,,,2024-05-15T03:01:00,,,,0,,,,,,,,,,,,,
2024-05-15 05:00:00,968.4,19.7,97.0,1.2,358.0,3.4,254.0,0.0,,,,,,,,,,,2024-05-15T04:01:00,,,,0,,,,,,,,,,,,,
2024-05-15 06:00:00,969.0,19.8,97.0,1.3,326.0,2.9,5.0,0.0,,,,,,,,,,,2024-05-15T05:43:00,,,,0,,,,,,,,,,,,,
2024-05-15 07:00:00,969.7,20.7,95.0,1.1,340.0,3.2,12.0,0.0,,,,,,,,,,,2024-05-15T06:12:00,,,,0,,,,,,,,,,,,,
2024-05-15 08:00:00,970.1,23.0,86.0,0.2,0.0,3.3,317.0,0.0,,,,,,,,,,,2024-05-15T07:14:00,,,,0,,,,,,,,,,,,,
2024-05-15 09:00:00,970.3,24.8,79.0,0.3,46.0,1.7,32.0,0.0,,,,,,,,,,,2024-05-15T08:25:00,,,,0,,,,,,,,,,,,,
2024-05-15 10:00:00,970.4,23.9,80.0,0.5,83.0,2.6,77.0,0.0,,,,,,,,,,,2024-05-15T09:29:00,,,,0,,,,,,,,,,,,,
2024-05-15 11:00:00,970.0,26.4,76.0,0.3,55.0,3.1,88.0,0.0,,,,,,,,,,,2024-05-15T10:23:00,,,,0,,,,,,,,,,,,,
2024-05-15 12:00:00,969.6,27.2,68.0,1.2,78.0,4.8,86.0,0.0,,,,,,,,,,,2024-05-15T11:49:00,,,,0,,,,,,,,,,,,,
2024-05-15 13:00:00,969.2,26.5,74.0,1.1,71.0,5.4,77.0,0.0,,,,,,,,,,,2024-05-15T12:04:00,,,,0,,,,,,,,,,,,,
2024-05-15 14:00:00,968.9,25.3,72.0,1.3,91.0,5.1,72.0,0.0,,,,,,,,,,,2024-05-15T13:28:00,,,,0,,,,,,,,,,,,,
2024-05-15 15:00:00,968.8,24.1,82.0,1.4,72.0,4.8,75.0,0.0,,,,,,,,,,,2024-05-15T14:53:00,,,,0,,,,,,,,,,,,,
2024-05-15 16:00:00,969.0,23.8,86.0,0.8,47.0,5.5,59.0,0.0,,,,,,,,,,,2024-05-15T15:46:00,,,,0,,,,,,,,,,,,,
2024-05-15 17:00:00,969.1,23.5,86.0,0.9,41.0,5.2,43.0,0.0,,,,,,,,,,,2024-05-15T16:21:00,,,,0,,,,,,,,,,,,,
2024-05-15 18:00:00,969.6,22.5,88.0,1.8,77.0,4.8,57.0,0.0,,,,,,,,,,,2024-05-15T17:34:00,,,,0,,,,,,,,,,,,,
2024-05-15 19:00:00,969.9,22.5,90.0,0.0,0.0,4.7,62.0,0.0,,,,,,,,,,,2024-05-15T18:10:00,,,,0,,,,,,,,,,,,,
2024-05-15 20:00:00,970.8,21.8,92.0,0.2,0.0,3.6,301.0,0.0,,,,,,,,,,,2024-05-15T19:39:00,,,,0,,,,,,,,,,,,,
2024-05-15 21:00:00,970.8,21.3,93.0,0.3,2.0,2.3,34.0,0.0,,,,,,,,,,,2024-05-15T20:32:00,,,,0,,,,,,,,,,,,,
2024-05-15 22:00:00,971.4,21.0,95.0,0.2,0.0,2.5,10.0,0.0,,,,,,,,,,,2024-05-15T21:50:00,,,,0,,,,,,,,,,,,,
2024-05-15 23:00:00,971.0,20.6,95.0,0.5,30.0,3.5,325.0,0.0,,,,,,,,,,,2024-05-15T22:23:00,,,,0,,,,,,,,,,,,,
2024-05-16 00:00:00,970.6,19.8,96.0,0.3,82.0,3.4,22.0,0.0,,,,,,,,,,,2024-05-15T23:26:00,,,,0,,,,,,,,,,,,,
2024-05-16 01:00:00,970.3,19.6,95.0,0.5,351.0,2.9,136.0,0.0,,,,,,,,,,,2024-05-16T00:15:00,,,,0,,,,,,,,,,,,,
2024-05-16 02:00:00,970.1,19.1,89.0,0.3,16.0,3.8,18.0,0.0,,,,,,,,,,,2024-05-16T01:09:00,,,,0,,,,,,,,,,,,,
2024-05-16 03:00:00,969.8,19.2,84.0,0.5,82.0,3.8,43.0,0.0,,,,,,,,,,,2024-05-16T02:04:00,,,,0,,,,,,,,,,,,,
2024-05-16 04:00:00,970.2,18.7,84.0,0.3,36.0,3.4,34.0,0.0,,,,,,,,,,,2024-05-16T03:09:00,,,,0,,,,,,,,,,,,,
2024-05-16 05:00:00,971.1,18.8,77.0,0.4,109.0,3.3,355.0,0.0,,,,,,,,,,,2024-05-16T04:27:00,,,,0,,,,,,,,,,,,,
2024-05-16 06:00:00,971.4,19.0,75.0,0.8,89.0,3.3,28.0,0.0,,,,,,,,,,,2024-05-16T05:39:00,,,,0,,,,,,,,,,,,,
2024-05-16 07:00:00,972.3,20.6,73.0,0.6,89.0,4.9,330.0,0.0,,,,,,,,,,,2024-05-16T06:36:00,,,,0,,,,,,,,,,,,,
2024-05-16 08:00:00,972.5,22.9,68.0,0.6,40.0,3.5,13.0,0.0,,,,,,,,,,,2024-05-16T07:16:00,,,,0,,,,,,,,,,,,,
2024-05-16 09:00:00,972.8,25.4,61.0,0.3,57.0,4.3,40.0,0.0,,,,,,,,,,,2024-05-16T08:26:00,,,,0,,,,,,,,,,,,,
2024-05-16 10:00:00,972.2,25.7,56.0,0.6,345.0,4.3,12.0,0.0,,,,,,,,,,,2024-05-16T09:22:00,,,,0,,,,,,,,,,,,,
2024-05-16 11:00:00,971.5,27.4,56.0,0.3,51.0,5.2,330.0,0.0,,,,,,,,,,,2024-05-16T10:02:00,,,,0,,,,,,,,,,,,,
2024-05-16 12:00:00,971.2,24.5,68.0,1.4,74.0,6.5,73.0,0.0,,,,,,,,,,,2024-05-16T11:21:00,,,,0,,,,,,,,,,,,,
2024-05-16 13:00:00,970.8,25.6,64.0,1.3,62.0,8.7,79.0,0.0,,,,,,,,,,,2024-05-16T12:36:00,,,,0,,,,,,,,,,,,,
2024-05-16 14:00:00,970.2,24.8,70.0,1.2,56.0,6.1,54.0,0.0,,,,,,,,,,,2024-05-16T13:13:00,,,,0,,,,,,,,,,,,,
2024-05-16 15:00:00,970.2,21.8,84.0,1.2,62.0,6.2,52.0,0.0,,,,,,,,,,,2024-05-16T14:05:00,,,,0,,,,,,,,,,,,,
2024-05-16 16:00:00,969.7,23.1,79.0,0.6,21.0,4.5,41.0,0.0,,,,,,,,,,,2024-05-16T15:32:00,,,,0,,,,,,,,,,,,,
2024-05-16 17:00:00,969.8,22.3,80.0,0.6,40.0,4.9,57.0,0.0,,,,,,,,,,,2024-05-16T16:16:00,,,,0,,,,,,,,,,,,,
2024-05-16 18:00:00,970.0,21.3,78.0,1.4,90.0,4.4,56.0,0.0,,,,,,,,,,,2024-05-16T17:28:00,,,,0,,,,,,,,,,,,,
2024-05-16 19:00:00,970.5,21.1,82.0,0.6,224.0,2.2,115.0,0.0,,,,,,,,,,,2024-05-16T18:02:00,,,,0,,,,,,,,,,,,,
2024-05-16 20:00:00,971.2,20.9,84.0,0.1,0.0,2.2,208.0,0.0,,,,,,,,,,,2024-05-16T19:23:00,,,,0,,,,,,,,,,,,,
2024-05-16 21:00:00,971.2,20.6,87.0,0.5,314.0,1.5,5.0,0.0,,,,,,,,,,,2024-05-16T20:46:00,,,,0,,,,,,,,,,,,,
2024-05-16 22:00:00,971.6,20.2,88.0,0.4,357.0,2.9,35.0,0.0,,,,,,,,,,,2024-05-16T21:49:00,,,,0,,,,,,,,,,,,,
2024-05-16 23:00:00,970.9,19.5,89.0,0.1,0.0,2.9,10.0,0.0,,,,,,,,,,,2024-05-16T22:07:00,,,,0,,,,,,,,,,,,,
2024-05-17 00:00:00,970.1,19.8,87.0,1.9,304.0,4.2,306.0,0.0,,,,,,,,,,,2024-05-16T23:34:00,,,,0,,,,,,,,,,,,,
2024-05-17 01:00:00,969.4,19.6,90.0,1.2,312.0,2.9,339.0,0.0,,,,,,,,,,,2024-05-17T00:46:00,,,,0,,,,,,,,,,,,,
2024-05-17 02:00:00,969.1,19.6,87.0,1.5,304.0,3.3,352.0,0.0,,,,,,,,,,,2024-05-17T01:47:00,,,,0,,,,,,,,,,,,,
2024-05-17 03:00:00,968.4,19.4,89.0,1.0,328.0,3.6,297.0,0.0,,,,,,,,,,,2024-05-17T02:01:00,,,,0,,,,,,,,,,,,,
2024-05-17 04:00:00,968.4,19.3,87.0,1.6,308.0,3.1,316.0,0.0,,,,,,,,,,,2024-05-17T03:19:00,,,,0,,,,,,,,,,,,,
2024-05-17 05:00:00,968.5,19.2,91.0,0.7,316.0,3.3,7.0,0.0,,,,,,,,,,,2024-05-17T04:22:00,,,,0,,,,,,,,,,,,,
2024-05-17 06:00:00,968.9,19.4,89.0,0.6,344.0,3.2,324.0,0.0,,,,,,,,,,,2024-05-17T05:26:00,,,,0,,,,,,,,,,,,,
2024-05-17 07:00:00,969.4,20.5,87.0,0.1,0.0,3.2,7.0,0.0,,,,,,,,,,,2024-05-17T06:29:00,,,,0,,,,,,,,,,,,,
2024-05-17 08:00:00,969.5,22.4,80.0,0.6,14.0,2.8,1.0,0.0,,,,,,,,,,,2024-05-17T07:55:00,,,,0,,,,,,,,,,,,,
2024-05-17 09:00:00,969.8,25.1,73.0,0.1,0.0,2.1,3.0,0.0,,,,,,,,,,,2024-05-17T08:10:00,,,,0,,,,,,,,,,,,,
2024-05-17 10:00:00,969.2,26.3,67.0,0.9,66.0,3.3,82.0,0.0,,,,,,,,,,,2024-05-17T10:00:00,,,,0,,,,,,,,,,,,,
2024-05-17 11:00:00,968.9,25.6,67.0,1.3,81.0,3.6,105.0,0.0,,,,,,,,,,,2024-05-17T10:41:00,,,,0,,,,,,,,,,,,,
2024-05-17 12:00:00,968.3,25.6,71.0,0.4,77.0,4.0,48.0,0.0,,,,,,,,,,,2024-05-17T11:19:00,,,,0,,,,,,,,,,,,,
2024-05-17 13:00:00,967.4,25.1,74.0,0.2,0.0,2.2,62.0,0.0,,,,,,,,,,,2024-05-17T12:49:00,,,,0,,,,,,,,,,,,,
2024-05-17 14:00:00,967.0,25.0,73.0,0.9,83.0,4.2,101.0,0.0,,,,,,,,,,,2024-05-17T13:34:00,,,,0,,,,,,,,,,,,,
2024-05-17 15:00:00,966.9,22.9,82.0,1.9,72.0,5.8,78.0,0.0,,,,,,,,,,,2024-05-17T14:55:00,,,,0,,,,,,,,,,,,,
2024-05-17 16:00:00,967.0,22.6,87.0,1.1,55.0,5.7,80.0,0.0,,,,,,,,,,,2024-05-17T15:01:00,,,,0,,,,,,,,,,,,,
2024-05-17 17:00:00,967.2,22.2,86.0,0.5,83.0,4.6,62.0,0.0,,,,,,,,,,,2024-05-17T16:01:00,,,,0,,,,,,,,,,,,,
2024-05-17 18:00:00,967.3,21.8,87.0,0.4,292.0,3.1,62.0,0.0,,,,,,,,,,,2024-05-17T17:05:00,,,,0,,,,,,,,,,,,,
2024-05-17 19:00:00,967.5,21.4,90.0,1.8,307.0,3.2,327.0,0.0,,,,,,,,,,,2024-05-17T18:52:00,,,,0,,,,,,,,,,,,,
2024-05-17 20:00:00,967.6,21.3,89.0,1.7,322.0,4.7,323.0,0.0,,,,,,,,,,,2024-05-17T19:57:00,,,,0,,,,,,,,,,,,,
2024-05-17 21:00:00,967.7,21.2,90.0,1.0,311.0,4.9,314.0,0.0,,,,,,,,,,,2024-05-17T20:29:00,,,,0,,,,,,,,,,,,,
2024-05-17 22:00:00,967.8,21.1,89.0,0.6,325.0,5.7,305.0,0.0,,,,,,,,,,,2024-05-17T21:18:00,,,,0,,,,,,,,,,,,,
2024-05-17 23:00:00,968.0,20.8,92.0,0.1,0.0,3.2,17.0,0.0,,,,,,,,,,,2024-05-17T22:36:00,,,,0,,,,,,,,,,,,,
2024-05-18 00:00:00,967.3,21.1,91.0,2.1,308.0,3.6,310.0,0.0,,,,,,,,,,,2024-05-17T23:55:00,,,,0,,,,,,,,,,,,,
2024-05-18 01:00:00,966.4,20.4,93.0,1.6,325.0,4.0,1.0,0.0,,,,,,,,,,,2024-05-18T00:52:00,,,,0,,,,,,,,,,,,,
2024-05-18 02:00:00,966.2,20.1,95.0,1.1,316.0,3.6,14.0,0.0,,,,,,,,,,,2024-05-18T01:11:00,,,,0,,,,,,,,,,,,,
2024-05-18 03:00:00,965.6,20.4,92.0,1.4,3.0,3.2,325.0,0.0,,,,,,,,,,,2024-05-18T02:07:00,,,,0,,,,,,,,,,,,,
2024-05-18 04:00:00,965.6,20.1,93.0,1.2,26.0,3.8,37.0,0.0,,,,,,,,,,,2024-05-18T03:52:00,,,,0,,,,,,,,,,,,,
2024-05-18 05:00:00,965.8,20.0,93.0,1.1,358.0,3.6,3.0,0.0,,,,,,,,,,,2024-05-18T04:35:00,,,,0,,,,,,,,,,,,,
2024-05-18 06:00:00,965.8,20.8,88.0,1.7,316.0,5.7,331.0,0.0,,,,,,,,,,,2024-05-18T05:36:00,,,,0,,,,,,,,,,,,,
2024-05-18 07:00:00,966.7,21.0,90.0,0.8,347.0,4.7,8.0,0.0,,,,,,,,,,,2024-05-18T06:41:00,,,,0,,,,,,,,,,,,,
2024-05-18 08:00:00,967.2,22.1,91.0,0.3,15.0,3.1,324.0,0.0,,,,,,,,,,,2024-05-18T07:29:00,,,,0,,,,,,,,,,,,,
2024-05-18 09:00:00,967.3,25.4,76.0,0.4,346.0,2.5,317.0,0.0,,,,,,,,,,,2024-05-18T08:11:00,,,,0,,,,,,,,,,,,,
2024-05-18 10:00:00,966.9,29.1,61.0,1.1,60.0,4.8,47.0,0.0,,,,,,,,,,,2024-05-18T09:55:00,,,,0,,,,,,,,,,,,,
2024-05-18 11:00:00,966.2,28.8,63.0,0.4,103.0,3.4,57.0,0.0,,,,,,,,,,,2024-05-18T10:01:00,,,,0,,,,,,,,,,,,,
2024-05-18 12:00:00,965.8,27.0,68.0,1.4,67.0,5.5,74.0,0.0,,,,,,,,,,,2024-05-18T11:25:00,,,,0,,,,,,,,,,,,,
2024-05-18 13:00:00,965.0,28.8,58.0,0.8,67.0,6.7,94.0,0.0,,,,,,,,,,,2024-05-18T12:25:00,,,,0,,,,,,,,,,,,,
2024-05-18 14:00:00,964.1,27.5,64.0,1.4,60.0,5.0,56.0,0.0,,,,,,,,,,,2024-05-18T13:58:00,,,,0,,,,,,,,,,,,,
2024-05-18 15:00:00,963.9,25.1,72.0,1.6,76.0,5.1,65.0,0.0,,,,,,,,,,,2024-05-18T14:03:00,,,,0,,,,,,,,,,,,,
2024-05-18 16:00:00,963.7,24.7,81.0,1.4,54.0,4.9,31.0,0.0,,,,,,,,,,,2024-05-18T15:20:00,,,,0,,,,,,,,,,,,,
2024-05-18 17:00:00,963.9,24.3,82.0,0.8,70.0,4.0,86.0,0.0,,,,,,,,,,,2024-05-18T16:34:00,,,,0,,,,,,,,,,,,,
2024-05-18 18:00:00,964.1,23.4,89.0,1.0,66.0,3.2,75.0,0.0,,,,,,,,,,,2024-05-18T17:54:00,,,,0,,,,,,,,,,,,,
2024-05-18 19:00:00,964.2,22.9,91.0,0.9,339.0,2.6,68.0,0.0,,,,,,,,,,,2024-05-18T18:17:00,,,,0,,,,,,,,,,,,,
2024-05-18 20:00:00,964.8,22.1,90.0,0.2,0.0,2.7,358.0,0.0,,,,,,,,,,,2024-05-18T19:37:00,,,,0,,,,,,,,,,,,,
2024-05-18 21:00:00,965.3,22.0,89.0,0.5,42.0,3.3,34.0,0.0,,,,,,,,,,,2024-05-18T20:54:00,,,,0,,,,,,,,,,,,,
2024-05-18 22:00:00,965.8,22.1,91.0,1.7,313.0,3.7,11.0,0.0,,,,,,,,,,,2024-05-18T21:10:00,,,,0,,,,,,,,,,,,,
2024-05-18 23:00:00,965.7,22.0,93.0,1.9,319.0,5.4,335.0,0.0,,,,,,,,,,,2024-05-18T22:57:00,,,,0,,,,,,,,,,,,,
2024-05-19 00:00:00,965.1,21.4,97.0,0.2,0.0,4.3,331.0,0.0,,,,,,,,,,,2024-05-18T23:01:00,,,,0,,,,,,,,,,,,,
2024-05-19 01:00:00,964.8,21.5,95.0,0.6,7.0,2.7,334.0,0.0,,,,,,,,,,,2024-05-19T00:50:00,,,,0,,,,,,,,,,,,,
2024-05-19 02:00:00,964.0,21.8,92.0,1.5,314.0,4.4,25.0,0.0,,,,,,,,,,,2024-05-19T01:40:00,,,,0,,,,,,,,,,,,,
2024-05-19 03:00:00,963.8,21.6,90.0,1.1,340.0,5.3,9.0,0.0,,,,,,,,,,,2024-05-19T02:58:00,,,,0,,,,,,,,,,,,,
2024-05-19 04:00:00,963.8,21.4,93.0,0.4,51.0,4.6,62.0,0.0,,,,,,,,,,,2024-05-19T03:30:00,,,,0,,,,,,,,,,,,,
2024-05-19 05:00:00,963.9,21.0,95.0,0.7,7.0,2.5,47.0,0.0,,,,,,,,,,,2024-05-19T04:02:00,,,,0,,,,,,,,,,,,,
2024-05-19 06:00:00,964.1,21.8,89.0,0.2,0.0,4.4,322.0,0.0,,,,,,,,,,,2024-05-19T05:14:00,,,,0,,,,,,,,,,,,,
2024-05-19 07:00:00,965.1,22.4,90.0,0.5,24.0,3.2,49.0,0.0,,,,,,,,,,,2024-05-19T06:50:00,,,,0,,,,,,,,,,,,,
2024-05-19 08:00:00,965.4,23.0,89.0,0.1,0.0,2.1,34.0,0.0,,,,,,,,,,,2024-05-19T07:11:00,,,,0,,,,,,,,,,,,,
2024-05-19 09:00:00,965.7,24.6,82.0,0.3,39.0,3.3,40.0,0.0,,,,,,,,,,,2024-05-19T08:43:00,,,,0,,,,,,,,,,,,,
2024-05-19 10:00:00,965.8,27.1,75.0,0.1,0.0,3.5,327.0,0.0,,,,,,,,,,,2024-05-19T09:04:00,,,,0,,,,,,,,,,,,,
2024-05-19 11:00:00,965.3,30.5,58.0,0.7,66.0,3.6,48.0,0.0,,,,,,,,,,,2024-05-19T10:41:00,,,,0,,,,,,,,,,,,,
2024-05-19 12:00:00,964.9,30.7,63.0,0.7,42.0,4.3,37.0,0.0,,,,,,,,,,,2024-05-19T11:49:00,,,,0,,,,,,,,,,,,,
2024-05-19 13:00:00,964.5,27.4,69.0,1.5,58.0,5.0,58.0,0.0,,,,,,,,,,,2024-05-19T12:56:00,,,,0,,,,,,,,,,,,,
2024-05-19 14:00:00,964.0,26.0,73.0,1.5,56.0,5.9,63.0,0.0,,,,,,,,,,,2024-05-19T13:06:00,,,,0,,,,,,,,,,,,,
2024-05-19 15:00:00,963.9,26.2,74.0,1.3,57.0,5.6,57.0,0.0,,,,,,,,,,,2024-05-19T14:48:00,,,,0,,,,,,,,,,,,,
2024-05-19 16:00:00,963.7,25.7,75.0,1.2,57.0,4.4,54.0,0.0,,,,,,,,,,,2024-05-19T15:01:00,,,,0,,,,,,,,,,,,,
2024-05-19 17:00:00,963.9,24.5,81.0,0.6,93.0,4.6,34.0,0.0,,,,,,,,,,,2024-05-19T16:05:00,,,,0,,,,,,,,,,,,,
2024-05-19 18:00:00,964.4,24.1,86.0,0.0,0.0,2.0,81.0,0.0,,,,,,,,,,,2024-05-19T17:19:00,,,,0,,,,,,,,,,,,,
2024-05-19 19:00:00,964.6,23.2,89.0,0.0,0.0,0.8,67.0,0.0,,,,,,,,,,,2024-05-19T18:53:00,,,,0,,,,,,,,,,,,,
2024-05-19 20:00:00,965.2,23.2,88.0,0.0,0.0,0.0,0.0,0.0,,,,,,,,,,,2024-05-19T19:05:00,,,,0,,,,,,,,,,,,,
2024-05-19 21:00:00,965.2,23.0,89.0,0.0,0.0,0.2,0.0,0.0,,,,,,,,,,,2024-05-19T20:42:00,,,,0,,,,,,,,,,,,,
2024-05-19 22:00:00,966.1,22.4,91.0,1.1,45.0,3.6,58.0,0.0,,,,,,,,,,,2024-05-19T21:44:00,,,,0,,,,,,,,,,,,,
2024-05-19 23:00:00,966.3,22.8,88.0,0.9,360.0,1.6,88.0,0.0,,,,,,,,,,,2024-05-19T22:56:00,,,,0,,,,,,,,,,,,,
2024-05-20 00:00:00,965.3,22.6,90.0,1.9,303.0,4.0,315.0,0.0,,,,,,,,,,,2024-05-19T23:58:00,,,,0,,,,,,,,,,,,,
2024-05-20 01:00:00,964.3,22.5,90.0,0.5,314.0,4.5,280.0,0.0,,,,,,,,,,,2024-05-20T00:05:00,,,,0,,,,,,,,,,,,,
2024-05-20 02:00:00,964.1,22.2,92.0,0.2,0.0,3.2,315.0,0.0,,,,,,,,,,,2024-05-20T01:25:00,,,,0,,,,,,,,,,,,,
2024-05-20 03:00:00,964.2,21.8,93.0,0.7,324.0,2.8,61.0,0.0,,,,,,,,,,,2024-05-20T02:21:00,,,,0,,,,,,,,,,,,,
2024-05-20 04:00:00,963.9,21.8,93.0,0.4,313.0,1.8,330.0,0.0,,,,,,,,,,,2024-05-20T03:03:00,,,,0,,,,,,,,,,,,,
2024-05-20 05:00:00,964.1,21.7,94.0,0.5,331.0,2.3,38.0,0.0,,,,,,,,,,,2024-05-20T04:39:00,,,,0,,,,,,,,,,,,,
2024-05-20 06:00:00,964.0,22.0,93.0,0.8,36.0,3.8,36.0,0.0,,,,,,,,,,,2024-05-20T05:56:00,,,,0,,,,,,,,,,,,,
2024-05-20 07:00:00,964.9,23.2,91.0,0.4,7.0,2.9,39.0,0.0,,,,,,,,,,,2024-05-20T06:02:00,,,,0,,,,,,,,,,,,,
2024-05-20 08:00:00,965.2,25.1,84.0,0.2,0.0,1.8,23.0,0.0,,,,,,,,,,,2024-05-20T07:37:00,,,,0,,,,,,,,,,,,,
2024-05-20 09:00:00,965.7,28.1,73.0,0.1,0.0,1.8,38.0,0.0,,,,,,,,,,,2024-05-20T08:50:00,,,,0,,,,,,,,,,,,,
2024-05-20 10:00:00,965.8,28.7,72.0,0.1,0.0,2.0,33.0,0.0,,,,,,,,,,,2024-05-20T09:32:00,,,,0,,,,,,,,,,,,,
2024-05-20 11:00:00,965.6,25.1,84.0,1.5,71.0,4.7,80.0,0.0,,,,,,,,,,,2024-05-20T10:43:00,,,,0,,,,,,,,,,,,,
2024-05-20 12:00:00,965.5,25.5,85.0,0.8,65.0,4.2,112.0,0.0,,,,,,,,,,,2024-05-20T11:46:00,,,,0,,,,,,,,,,,,,
2024-05-20 13:00:00,965.0,24.7,94.0,0.8,71.0,4.4,76.0,0.0,,,,,,,,,,,2024-05-20T12:06:00,,,,0,,,,,,,,,,,,,
2024-05-20 14:00:00,964.5,26.1,87.0,0.0,0.0,1.0,60.0,0.0,,,,,,,,,,,2024-05-20T13:02:00,,,,0,,,,,,,,,,,,,
2024-05-20 15:00:00,963.9,25.8,88.0,0.2,0.0,1.4,183.0,0.0,,,,,,,,,,,2024-05-20T14:58:00,,,,0,,,,,,,,,,,,,
2024-05-20 16:00:00,963.5,25.9,86.0,0.0,0.0,1.5,200.0,0.0,,,,,,,,,,,2024-05-20T15:17:00,,,,0,,,,,,,,,,,,,
2024-05-20 17:00:00,964.0,24.8,89.0,0.1,0.0,1.9,121.0,0.0,,,,,,,,,,,2024-05-20T16:09:00,,,,0,,,,,,,,,,,,,
2024-05-20 18:00:00,964.7,23.6,95.0,1.2,108.0,2.9,107.0,0.0,,,,,,,,,,,2024-05-20T17:55:00,,,,0,,,,,,,,,,,,,
2024-05-20 19:00:00,965.3,23.4,96.0,1.4,58.0,2.4,110.0,0.0,,,,,,,,,,,2024-05-20T18:08:00,,,,0,,,,,,,,,,,,,
2024-05-20 20:00:00,966.2,23.5,93.0,0.0,0.0,1.7,76.0,0.0,,,,,,,,,,,2024-05-20T19:01:00,,,,0,,,,,,,,,,,,,
2024-05-20 21:00:00,966.7,23.5,89.0,0.0,0.0,2.2,85.0,0.0,,,,,,,,,,,2024-05-20T20:35:00,,,,0,,,,,,,,,,,,,
2024-05-20 22:00:00,966.9,23.5,93.0,0.0,0.0,0.9,269.0,0.0,,,,,,,,,,,2024-05-20T21:11:00,,,,0,,,,,,,,,,,,,
2024-05-20 23:00:00,966.6,23.6,91.0,1.6,57.0,2.0,55.0,0.0,,,,,,,,,,,2024-05-20T22:54:00,,,,0,,,,,,,,,,,,,
2024-05-21 00:00:00,965.9,23.2,94.0,1.3,60.0,2.2,59.0,0.0,,,,,,,,,,,2024-05-20T23:32:00,,,,0,,,,,,,,,,,,,
2024-05-21 01:00:00,965.8,23.3,92.0,0.6,34.0,1.5,63.0,0.0,,,,,,,,,,,2024-05-21T00:02:00,,,,0,,,,,,,,,,,,,
2024-05-21 02:00:00,965.2,23.0,94.0,0.0,0.0,0.0,0.0,0.0,,,,,,,,,,,2024-05-21T01:05:00,,,,0,,,,,,,,,,,,,
2024-05-21 03:00:00,965.2,22.8,96.0,0.0,0.0,1.4,38.0,0.0,,,,,,,,,,,2024-05-21T02:37:00,,,,0,,,,,,,,,,,,,
2024-05-21 04:00:00,965.2,22.8,96.0,0.0,0.0,1.7,12.0,0.0,,,,,,,,,,,2024-05-21T03:31:00,,,,0,,,,,,,,,,,,,
2024-05-21 05:00:00,965.3,22.7,95.0,0.0,0.0,0.0,0.0,0.0,,,,,,,,,,,2024-05-21T04:05:00,,,,0,,,,,,,,,,,,,
2024-05-21 06:00:00,965.6,22.9,96.0,0.0,0.0,0.0,0.0,0.0,,,,,,,,,,,2024-05-21T05:05:00,,,,0,,,,,,,,,,,,,
2024-05-21 07:00:00,966.0,25.2,89.0,0.0,0.0,1.6,12.0,0.0,,,,,,,,,,,2024-05-21T06:49:00,,,,0,,,,,,,,,,,,,
2024-05-21 08:00:00,966.2,25.9,87.0,0.0,0.0,1.0,50.0,0.0,,,,,,,,,,,2024-05-21T07:08:00,,,,0,,,,,,,,,,,,,
2024-05-21 09:00:00,966.5,26.1,89.0,0.0,0.0,0.0,0.0,0.0,,,,,,,,,,,2024-05-21T08:05:00,,,,0,,,,,,,,,,,,,
2024-05-21 10:00:00,966.5,27.1,80.0,0.0,0.0,1.4,161.0,0.0,,,,,,,,,,,2024-05-21T10:00:00,,,,0,,,,,,,,,,,,,
2024-05-21 11:00:00,966.3,27.2,85.0,0.5,137.0,2.3,154.0,0.0,,,,,,,,,,,2024-05-21T10:54:00,,,,0,,,,,,,,,,,,,
2024-05-21 12:00:00,965.7,29.3,76.0,0.2,0.0,4.3,105.0,0.0,,,,,,,,,,,2024-05-21T11:06:00,,,,0,,,,,,,,,,,,,
2024-05-21 13:00:00,965.2,28.1,79.0,0.4,157.0,4.3,149.0,0.0,,,,,,,,,,,2024-05-21T12:54:00,,,,0,,,,,,,,,,,,,
2024-05-21 14:00:00,965.2,25.5,93.0,0.5,148.0,3.9,106.0,0.0,,,,,,,,,,,2024-05-21T13:16:00,,,,0,,,,,,,,,,,,,
2024-05-21 15:00:00,964.7,23.1,100.0,1.6,261.0,3.3,262.0,17.5,,,,,,,,,,,2024-05-21T14:43:00,,,,0,,,,,,,,,,,,,
2024-05-21 16:00:00,964.4,23.7,98.0,1.2,178.0,3.9,212.0,0.0,,,,,,,,,,,2024-05-21T15:59:00,,,,0,,,,,,,,,,,,,
2024-05-21 17:00:00,964.1,23.5,100.0,0.9,169.0,4.3,187.0,0.5,,,,,,,,,,,2024-05-21T16:30:00,,,,0,,,,,,,,,,,,,
2024-05-21 18:00:00,964.5,23.2,97.0,0.7,170.0,2.7,198.0,0.0,,,,,,,,,,,2024-05-21T17:02:00,,,,0,,,,,,,,,,,,,
2024-05-21 19:00:00,965.3,23.5,98.0,0.1,0.0,2.2,192.0,0.0,,,,,,,,,,,2024-05-21T18:13:00,,,,0,,,,,,,,,,,,,
2024-05-21 20:00:00,965.8,23.8,95.0,0.8,159.0,4.7,194.0,0.0,,,,,,,,,,,2024-05-21T19:22:00,,,,0,,,,,,,,,,,,,
2024-05-21 21:00:00,966.1,23.8,99.0,0.8,166.0,4.5,206.0,0.0,,,,,,,,,,,2024-05-21T20:32:00,,,,0,,,,,,,,,,,,,
2024-05-21 22:00:00,965.9,23.9,100.0,0.7,172.0,3.7,189.0,0.0,,,,,,,,,,,2024-05-21T21:28:00,,,,0,,,,,,,,,,,,,
2024-05-21 23:00:00,965.7,24.0,100.0,0.0,0.0,2.1,186.0,0.0,,,,,,,,,,,2024-05-21T22:20:00,,,,0,,,,,,,,,,,,,
2024-05-22 00:00:00,964.9,23.8,100.0,1.3,348.0,1.9,1.0,0.0,,,,,,,,,,,2024-05-21T23:34:00,,,,0,,,,,,,,,,,,,
2024-05-22 01:00:00,964.3,23.3,100.0,1.1,357.0,2.9,1.0,0.0,,,,,,,,,,,2024-05-22T00:52:00,,,,0,,,,,,,,,,,,,
2024-05-22 02:00:00,963.7,22.6,100.0,0.7,5.0,4.3,14.0,0.0,,,,,,,,,,,2024-05-22T01:43:00,,,,0,,,,,,,,,,,,,
2024-05-22 03:00:00,963.6,22.7,100.0,1.4,7.0,4.1,29.0,0.0,,,,,,,,,,,2024-05-22T02:48:00,,,,0,,,,,,,,,,,,,
2024-05-22 04:00:00,963.7,22.5,100.0,1.1,16.0,4.2,31.0,0.0,,,,,,,,,,,2024-05-22T03:25:00,,,,0,,,,,,,,,,,,,
2024-05-22 05:00:00,964.0,22.4,100.0,1.7,352.0,5.2,7.0,0.0,,,,,,,,,,,2024-05-22T05:00:00,,,,0,,,,,,,,,,,,,
2024-05-22 06:00:00,964.5,22.4,100.0,1.0,351.0,5.3,6.0,0.0,,,,,,,,,,,2024-05-22T05:01:00,,,,0,,,,,,,,,,,,,
2024-05-22 07:00:00,965.1,23.8,99.0,0.2,0.0,4.5,13.0,0.0,,,,,,,,,,,2024-05-22T06:06:00,,,,0,,,,,,,,,,,,,
2024-05-22 08:00:00,965.7,27.1,88.0,0.2,0.0,2.7,27.0,0.0,,,,,,,,,,,2024-05-22T07:25:00,,,,0,,,,,,,,,,,,,
2024-05-22 09:00:00,965.8,28.8,80.0,0.5,90.0,3.1,118.0,0.0,,,,,,,,,,,2024-05-22T09:00:00,,,,0,,,,,,,,,,,,,
2024-05-22 10:00:00,965.9,28.2,81.0,0.6,91.0,3.9,96.0,0.0,,,,,,,,,,,2024-05-22T09:57:00,,,,0,,,,,,,,,,,,,
2024-05-22 11:00:00,965.5,28.0,85.0,1.0,96.0,4.8,93.0,0.0,,,,,,,,,,,2024-05-22T10:39:00,,,,0,,,,,,,,,,,,,
2024-05-22 12:00:00,965.3,27.0,86.0,0.8,116.0,4.9,92.0,0.0,,,,,,,,,,,2024-05-22T11:05:00,,,,0,,,,,,,,,,,,,
2024-05-22 13:00:00,964.7,26.3,91.0,0.6,132.0,3.6,104.0,0.0,,,,,,,,,,,2024-05-22T13:00:00,,,,0,,,,,,,,,,,,,
2024-05-22 14:00:00,964.3,25.5,94.0,0.7,135.0,3.9,86.0,0.0,,,,,,,,,,,2024-05-22T13:26:00,,,,0,,,,,,,,,,,,,
2024-05-22 15:00:00,963.3,25.4,95.0,0.0,0.0,2.5,115.0,0.0,,,,,,,,,,,2024-05-22T14:07:00,,,,0,,,,,,,,,,,,,
2024-05-22 16:00:00,963.3,25.8,95.0,0.0,0.0,2.3,46.0,0.0,,,,,,,,,,,2024-05-22T15:39:00,,,,0,,,,,,,,,,,,,
2024-05-22 17:00:00,963.3,26.3,96.0,0.1,0.0,4.5,53.0,0.0,,,,,,,,,,,2024-05-22T16:16:00,,,,0,,,,,,,,,,,,,
2024-05-22 18:00:00,963.5,25.6,95.0,0.0,0.0,2.5,1.0,0.0,,,,,,,,,,,2024-05-22T17:18:00,,,,0,,,,,,,,,,,,,
2024-05-22 19:00:00,964.3,24.1,93.0,0.3,24.0,2.9,35.0,0.0,,,,,,,,,,,2024-05-22T18:45:00,,,,0,,,,,,,,,,,,,
2024-05-22 20:00:00,965.0,23.9,97.0,1.0,320.0,3.8,330.0,0.0,,,,,,,,,,,2024-05-22T19:34:00,,,,0,,,,,,,,,,,,,
2024-05-22 21:00:00,965.6,23.8,98.0,0.6,357.0,3.3,1.0,0.0,,,,,,,,,,,2024-05-22T20:41:00,,,,0,,,,,,,,,,,,,
2024-05-22 22:00:00,965.7,23.8,97.0,0.4,338.0,3.4,335.0,0.0,,,,,,,,,,,2024-05-22T21:38:00,,,,0,,,,,,,,,,,,,
2024-05-22 23:00:00,965.9,23.8,98.0,1.0,334.0,5.3,357.0,0.0,,,,,,,,,,,2024-05-22T22:45:00,,,,0,,,,,,,,,,,,,
2024-05-23 00:00:00,965.5,23.7,98.0,0.4,15.0,4.9,349.0,0.0,,,,,,,,,,,2024-05-22T23:06:00,,,,0,,,,,,,,,,,,,
2024-05-23 01:00:00,965.0,23.5,98.0,0.7,344.0,3.5,10.0,0.0,,,,,,,,,,,2024-05-23T00:53:00,,,,0,,,,,,,,,,,,,
2024-05-23 02:00:00,964.7,23.4,99.0,0.3,318.0,3.4,24.0,0.0,,,,,,,,,,,2024-05-23T01:03:00,,,,0,,,,,,,,,,,,,
2024-05-23 03:00:00,964.5,23.1,99.0,1.2,332.0,2.7,7.0,0.0,,,,,,,,,,,2024-05-23T02:52:00,,,,0,,,,,,,,,,,,,
2024-05-23 04:00:00,964.6,23.1,100.0,1.2,296.0,2.5,293.0,0.0,,,,,,,,,,,2024-05-23T03:45:00,,,,0,,,,,,,,,,,,,
2024-05-23 05:00:00,965.1,23.5,97.0,1.0,81.0,2.0,295.0,0.0,,,,,,,,,,,2024-05-23T04:08:00,,,,0,,,,,,,,,,,,,
2024-05-23 06:00:00,965.4,23.6,97.0,0.3,14.0,2.3,33.0,0.0,,,,,,,,,,,2024-05-23T05:49:00,,,,0,,,,,,,,,,,,,
2024-05-23 07:00:00,965.9,24.9,96.0,0.0,0.0,2.3,34.0,0.0,,,,,,,,,,,2024-05-23T06:03:00,,,,0,,,,,,,,,,,,,
2024-05-23 08:00:00,965.8,25.8,90.0,0.1,0.0,1.0,183.0,0.0,,,,,,,,,,,2024-05-23T07:40:00,,,,0,,,,,,,,,,,,,
2024-05-23 09:00:00,965.8,27.3,87.0,0.3,203.0,2.0,226.0,0.0,,,,,,,,,,,2024-05-23T08:54:00,,,,0,,,,,,,,,,,,,
2024-05-23 10:00:00,965.8,27.4,89.0,0.3,169.0,3.0,204.0,0.0,,,,,,,,,,,2024-05-23T09:26:00,,,,0,,,,,,,,,,,,,
2024-05-23 11:00:00,965.4,26.9,86.0,0.2,0.0,3.0,120.0,0.0,,,,,,,,,,,2024-05-23T10:20:00,,,,0,,,,,,,,,,,,,
2024-05-23 12:00:00,965.2,25.1,93.0,1.8,125.0,4.6,121.0,0.0,,,,,,,,,,,2024-05-23T11:22:00,,,,0,,,,,,,,,,,,,
2024-05-23 13:00:00,965.0,25.6,93.0,0.7,97.0,4.3,126.0,0.0,,,,,,,,,,,2024-05-23T12:01:00,,,,0,,,,,,,,,,,,,
2024-05-23 14:00:00,964.7,25.0,97.0,0.3,47.0,2.5,62.0,0.5,,,,,,,,,,,2024-05-23T13:28:00,,,,0,,,,,,,,,,,,,
2024-05-23 15:00:00,964.7,24.7,99.0,0.7,68.0,3.1,103.0,0.0,,,,,,,,,,,2024-05-23T14:03:00,,,,0,,,,,,,,,,,,,
2024-05-23 16:00:00,964.5,24.5,100.0,0.3,89.0,2.4,88.0,0.5,,,,,,,,,,,2024-05-23T15:14:00,,,,0,,,,,,,,,,,,,
2024-05-23 17:00:00,964.4,24.5,99.0,0.9,73.0,2.5,54.0,0.0,,,,,,,,,,,2024-05-23T16:41:00,,,,0,,,,,,,,,,,,,
2024-05-23 18:00:00,965.1,24.7,98.0,1.1,287.0,1.7,278.0,0.0,,,,,,,,,,,2024-05-23T17:58:00,,,,0,,,,,,,,,,,,,
2024-05-23 19:00:00,965.2,24.8,96.0,0.4,21.0,1.8,277.0,0.0,,,,,,,,,,,2024-05-23T18:04:00,,,,0,,,,,,,,,,,,,
2024-05-23 20:00:00,965.8,24.9,96.0,0.9,28.0,1.5,68.0,0.0,,,,,,,,,,,2024-05-23T19:28:00,,,,0,,,,,,,,,,,,,
2024-05-23 21:00:00,966.3,24.1,99.0,1.0,343.0,2.7,260.0,0.0,,,,,,,,,,,2024-05-23T20:46:00,,,,0,,,,,,,,,,,,,
2024-05-23 22:00:00,966.5,23.1,100.0,1.1,329.0,3.5,360.0,0.0,,,,,,,,,,,2024-05-23T21:09:00,,,,0,,,,,,,,,,,,,
2024-05-23 23:00:00,966.7,23.2,100.0,1.0,326.0,4.8,337.0,0.0,,,,,,,,,,,2024-05-23T23:00:00,,,,0,,,,,,,,,,,,,
2024-05-24 00:00:00,966.0,23.1,100.0,1.6,319.0,5.2,336.0,0.0,,,,,,,,,,,2024-05-23T23:49:00,,,,0,,,,,,,,,,,,,
2024-05-24 01:00:00,965.8,23.0,100.0,1.6,316.0,4.1,322.0,0.0,,,,,,,,,,,2024-05-24T00:55:00,,,,0,,,,,,,,,,,,,
2024-05-24 02:00:00,965.4,23.0,100.0,1.6,329.0,5.6,328.0,0.0,,,,,,,,,,,2024-05-24T01:12:00,,,,0,,,,,,,,,,,,,
2024-05-24 03:00:00,965.8,23.2,98.0,1.0,8.0,4.7,2.0,0.0,,,,,,,,,,,2024-05-24T02:20:00,,,,0,,,,,,,,,,,,,
2024-05-24 04:00:00,965.6,23.4,98.0,1.0,43.0,3.3,8.0,0.0,,,,,,,,,,,2024-05-24T03:05:00,,,,0,,,,,,,,,,,,,
2024-05-24 05:00:00,965.8,23.7,95.0,0.5,13.0,2.3,40.0,0.0,,,,,,,,,,,2024-05-24T04:08:00,,,,0,,,,,,,,,,,,,
2024-05-24 06:00:00,966.4,23.9,94.0,0.0,0.0,0.0,0.0,0.0,,,,,,,,,,,2024-05-24T05:05:00,,,,0,,,,,,,,,,,,,
2024-05-24 07:00:00,967.1,24.9,95.0,0.0,0.0,0.0,0.0,0.0,,,,,,,,,,,2024-05-24T06:05:00,,,,0,,,,,,,,,,,,,
2024-05-24 08:00:00,967.3,27.3,91.0,0.0,0.0,1.2,154.0,0.0,,,,,,,,,,,2024-05-24T07:30:00,,,,0,,,,,,,,,,,,,
2024-05-24 09:00:00,967.6,27.7,85.0,0.0,0.0,1.3,111.0,0.0,,,,,,,,,,,2024-05-24T08:54:00,,,,0,,,,,,,,,,,,,
2024-05-24 10:00:00,967.4,25.8,93.0,1.3,65.0,3.8,103.0,0.0,,,,,,,,,,,2024-05-24T09:25:00,,,,0,,,,,,,,,,,,,
2024-05-24 11:00:00,967.0,27.6,80.0,0.7,78.0,4.1,54.0,0.0,,,,,,,,,,,2024-05-24T10:01:00,,,,0,,,,,,,,,,,,,
2024-05-24 12:00:00,966.7,26.9,89.0,0.4,126.0,3.8,75.0,0.0,,,,,,,,,,,2024-05-24T11:02:00,,,,0,,,,,,,,,,,,,
2024-05-24 13:00:00,966.3,28.6,81.0,0.9,92.0,3.5,110.0,0.0,,,,,,,,,,,2024-05-24T12:47:00,,,,0,,,,,,,,,,,,,
2024-05-24 14:00:00,966.1,25.5,92.0,2.1,109.0,6.4,105.0,0.0,,,,,,,,,,,2024-05-24T13:44:00,,,,0,,,,,,,,,,,,,
2024-05-24 15:00:00,966.0,25.2,95.0,0.2,0.0,6.3,107.0,0.0,,,,,,,,,,,2024-05-24T14:10:00,,,,0,,,,,,,,,,,,,
2024-05-24 16:00:00,965.8,24.3,99.0,1.1,355.0,3.1,322.0,1.0,,,,,,,,,,,2024-05-24T15:28:00,,,,0,,,,,,,,,,,,,
2024-05-24 17:00:00,966.1,24.8,100.0,1.4,52.0,2.7,52.0,0.5,,,,,,,,,,,2024-05-24T16:26:00,,,,0,,,,,,,,,,,,,
2024-05-24 18:00:00,966.5,24.3,99.0,1.2,21.0,2.8,48.0,0.0,,,,,,,,,,,2024-05-24T17:25:00,,,,0,,,,,,,,,,,,,
2024-05-24 19:00:00,966.9,24.0,98.0,0.7,26.0,2.4,35.0,0.0,,,,,,,,,,,2024-05-24T18:04:00,,,,0,,,,,,,,,,,,,
2024-05-24 20:00:00,967.5,24.5,95.0,1.9,55.0,2.4,60.0,0.0,,,,,,,,,,,2024-05-24T19:30:00,,,,0,,,,,,,,,,,,,
2024-05-24 21:00:00,968.1,24.1,95.0,0.9,359.0,2.1,45.0,0.0,,,,,,,,,,,2024-05-24T20:02:00,,,,0,,,,,,,,,,,,,
2024-05-24 22:00:00,968.1,23.9,98.0,0.5,10.0,1.8,2.0,0.0,,,,,,,,,,,2024-05-24T21:49:00,,,,0,,,,,,,,,,,,,
2024-05-24 23:00:00,968.2,23.7,100.0,1.0,345.0,2.7,35.0,0.0,,,,,,,,,,,2024-05-24T22:50:00,,,,0,,,,,,,,,,,,,
2024-05-25 00:00:00,967.7,23.2,100.0,1.0,11.0,4.1,341.0,0.0,,,,,,,,,,,2024-05-24T23:53:00,,,,0,,,,,,,,,,,,,
2024-05-25 01:00:00,967.2,23.0,100.0,0.4,355.0,3.9,233.0,0.0,,,,,,,,,,,2024-05-25T00:21:00,,,,0,,,,,,,,,,,,,
2024-05-25 02:00:00,966.6,22.9,100.0,1.1,336.0,3.5,351.0,0.0,,,,,,,,,,,2024-05-25T01:03:00,,,,0,,,,,,,,,,,,,
2024-05-25 03:00:00,966.3,22.3,100.0,0.8,28.0,3.9,24.0,0.0,,,,,,,,,,,2024-05-25T02:29:00,,,,0,,,,,,,,,,,,,
2024-05-25 04:00:00,966.5,22.5,100.0,2.1,308.0,5.3,315.0,0.0,,,,,,,,,,,2024-05-25T03:53:00,,,,0,,,,,,,,,,,,,
2024-05-25 05:00:00,966.7,22.3,100.0,2.0,320.0,4.5,352.0,0.0,,,,,,,,,,,2024-05-25T04:09:00,,,,0,,,,,,,,,,,,,
2024-05-25 06:00:00,967.1,22.7,99.0,1.3,312.0,3.2,323.0,0.0,,,,,,,,,,,2024-05-25T05:09:00,,,,0,,,,,,,,,,,,,
2024-05-25 07:00:00,967.8,23.9,97.0,0.5,360.0,5.0,331.0,0.0,,,,,,,,,,,2024-05-25T06:11:00,,,,0,,,,,,,,,,,,,
2024-05-25 08:00:00,967.8,25.1,94.0,0.9,48.0,3.7,23.0,0.0,,,,,,,,,,,2024-05-25T07:32:00,,,,0,,,,,,,,,,,,,
2024-05-25 09:00:00,968.3,29.4,81.0,0.2,0.0,4.4,34.0,0.0,,,,,,,,,,,2024-05-25T08:17:00,,,,0,,,,,,,,,,,,,
2024-05-25 10:00:00,967.8,30.0,73.0,0.7,81.0,3.2,69.0,0.0,,,,,,,,,,,2024-05-25T09:51:00,,,,0,,,,,,,,,,,,,
2024-05-25 11:00:00,967.6,29.6,77.0,1.4,67.0,5.2,89.0,0.0,,,,,,,,,,,2024-05-25T10:53:00,,,,0,,,,,,,,,,,,,
2024-05-25 12:00:00,967.7,26.3,87.0,1.9,81.0,7.2,96.0,0.0,,,,,,,,,,,2024-05-25T11:29:00,,,,0,,,,,,,,,,,,,
2024-05-25 13:00:00,967.4,24.7,98.0,1.7,89.0,7.1,49.0,1.0,,,,,,,,,,,2024-05-25T12:24:00,,,,0,,,,,,,,,,,,,
2024-05-25 14:00:00,967.2,24.1,100.0,0.4,149.0,6.8,115.0,0.5,,,,,,,,,,,2024-05-25T13:13:00,,,,0,,,,,,,,,,,,,
2024-05-25 15:00:00,967.2,23.1,100.0,1.5,163.0,5.7,188.0,2.5,,,,,,,,,,,2024-05-25T14:55:00,,,,0,,,,,,,,,,,,,
2024-05-25 16:00:00,966.9,23.4,100.0,0.8,222.0,3.2,187.0,1.0,,,,,,,,,,,2024-05-25T15:22:00,,,,0,,,,,,,,,,,,,
2024-05-25 17:00:00,966.5,22.6,100.0,1.1,257.0,3.1,199.0,0.5,,,,,,,,,,,2024-05-25T16:06:00,,,,0,,,,,,,,,,,,,
2024-05-25 18:00:00,966.9,22.7,100.0,1.6,21.0,3.0,270.0,4.5,,,,,,,,,,,2024-05-25T17:09:00,,,,0,,,,,,,,,,,,,
2024-05-25 19:00:00,966.4,22.6,100.0,2.0,326.0,4.8,320.0,2.5,,,,,,,,,,,2024-05-25T18:30:00,,,,0,,,,,,,,,,,,,
2024-05-25 20:00:00,966.7,22.7,100.0,1.9,298.0,4.3,308.0,0.0,,,,,,,,,,,2024-05-25T20:00:00,,,,0,,,,,,,,,,,,,
2024-05-25 21:00:00,966.9,23.3,93.0,1.2,273.0,4.5,301.0,0.0,,,,,,,,,,,2024-05-25T20:01:00,,,,0,,,,,,,,,,,,,
2024-05-25 22:00:00,967.8,24.8,83.0,1.0,52.0,3.6,39.0,0.0,,,,,,,,,,,2024-05-25T21:39:00,,,,0,,,,,,,,,,,,,
2024-05-25 23:00:00,967.9,23.6,91.0,1.1,291.0,2.0,9.0,0.0,,,,,,,,,,,2024-05-25T22:27:00,,,,0,,,,,,,,,,,,,
2024-05-26 00:00:00,967.3,24.7,80.0,0.9,185.0,2.5,279.0,0.0,,,,,,,,,,,2024-05-25T23:21:00,,,,0,,,,,,,,,,,,,
2024-05-26 01:00:00,967.1,25.2,79.0,0.5,171.0,2.3,196.0,0.0,,,,,,,,,,,2024-05-26T00:36:00,,,,0,,,,,,,,,,,,,
2024-05-26 02:00:00,966.5,24.4,84.0,1.2,9.0,2.0,152.0,0.0,,,,,,,,,,,2024-05-26T01:13:00,,,,0,,,,,,,,,,,,,
2024-05-26 03:00:00,966.0,23.9,94.0,0.7,328.0,4.3,30.0,0.0,,,,,,,,,,,2024-05-26T02:13:00,,,,0,,,,,,,,,,,,,
2024-05-26 04:00:00,966.0,23.6,90.0,1.4,296.0,2.9,302.0,0.0,,,,,,,,,,,2024-05-26T03:30:00,,,,0,,,,,,,,,,,,,
2024-05-26 05:00:00,966.1,25.3,80.0,0.3,157.0,2.1,186.0,0.0,,,,,,,,,,,2024-05-26T04:30:00,,,,0,,,,,,,,,,,,,
2024-05-26 06:00:00,966.4,25.1,81.0,1.0,246.0,1.6,264.0,0.0,,,,,,,,,,,2024-05-26T05:21:00,,,,0,,,,,,,,,,,,,
2024-05-26 07:00:00,966.9,25.8,81.0,0.0,0.0,1.9,209.0,0.0,,,,,,,,,,,2024-05-26T06:27:00,,,,0,,,,,,,,,,,,,
2024-05-26 08:00:00,966.9,27.4,81.0,0.0,0.0,0.0,0.0,0.0,,,,,,,,,,,2024-05-26T07:05:00,,,,0,,,,,,,,,,,,,
2024-05-26 09:00:00,966.6,26.5,85.0,0.4,192.0,1.6,194.0,0.0,,,,,,,,,,,2024-05-26T08:54:00,,,,0,,,,,,,,,,,,,
2024-05-26 10:00:00,966.5,27.8,82.0,0.0,0.0,1.8,198.0,0.0,,,,,,,,,,,2024-05-26T09:22:00,,,,0,,,,,,,,,,,,,
2024-05-26 11:00:00,965.9,27.9,82.0,0.3,171.0,2.2,191.0,0.0,,,,,,,,,,,2024-05-26T10:16:00,,,,0,,,,,,,,,,,,,
2024-05-26 12:00:00,965.8,26.7,82.0,0.5,172.0,2.8,193.0,0.0,,,,,,,,,,,2024-05-26T11:44:00,,,,0,,,,,,,,,,,,,
2024-05-26 13:00:00,965.2,27.3,81.0,0.1,0.0,1.9,183.0,0.0,,,,,,,,,,,2024-05-26T12:59:00,,,,0,,,,,,,,,,,,,
2024-05-26 14:00:00,964.7,27.1,80.0,0.4,160.0,2.4,200.0,0.0,,,,,,,,,,,2024-05-26T13:43:00,,,,0,,,,,,,,,,,,,
2024-05-26 15:00:00,964.5,26.7,81.0,0.6,161.0,2.5,197.0,0.0,,,,,,,,,,,2024-05-26T14:02:00,,,,0,,,,,,,,,,,,,
2024-05-26 16:00:00,964.1,26.2,85.0,0.0,0.0,2.3,192.0,0.0,,,,,,,,,,,2024-05-26T15:12:00,,,,0,,,,,,,,,,,,,
2024-05-26 17:00:00,964.2,25.7,88.0,0.4,173.0,2.9,188.0,0.0,,,,,,,,,,,2024-05-26T16:55:00,,,,0,,,,,,,,,,,,,
2024-05-26 18:00:00,964.3,25.5,90.0,1.1,158.0,3.6,160.0,0.0,,,,,,,,,,,2024-05-26T17:59:00,,,,0,,,,,,,,,,,,,
2024-05-26 19:00:00,964.1,24.5,100.0,1.2,174.0,4.6,193.0,0.0,,,,,,,,,,,2024-05-26T18:48:00,,,,0,,,,,,,,,,,,,
2024-05-26 20:00:00,964.6,23.7,100.0,1.8,187.0,5.8,197.0,0.0,,,,,,,,,,,2024-05-26T19:15:00,,,,0,,,,,,,,,,,,,
2024-05-26 21:00:00,964.6,23.4,100.0,1.3,185.0,3.6,212.0,0.5,,,,,,,,,,,2024-05-26T20:06:00,,,,0,,,,,,,,,,,,,
2024-05-26 22:00:00,965.0,24.0,99.0,1.2,185.0,3.3,186.0,0.0,,,,,,,,,,,2024-05-26T21:26:00,,,,0,,,,,,,,,,,,,
2024-05-26 23:00:00,963.8,23.2,99.0,1.4,222.0,3.8,210.0,0.0,,,,,,,,,,,2024-05-26T22:58:00,,,,0,,,,,,,,,,,,,
2024-05-27 00:00:00,963.3,24.2,93.0,0.9,179.0,3.1,186.0,0.0,,,,,,,,,,,2024-05-26T23:46:00,,,,0,,,,,,,,,,,,,
2024-05-27 01:00:00,962.6,24.6,89.0,1.2,172.0,4.7,198.0,0.0,,,,,,,,,,,2024-05-27T00:50:00,,,,0,,,,,,,,,,,,,
2024-05-27 02:00:00,962.1,24.8,89.0,0.7,170.0,5.6,194.0,0.0,,,,,,,,,,,2024-05-27T01:45:00,,,,0,,,,,,,,,,,,,
2024-05-27 03:00:00,961.6,24.9,87.0,0.6,163.0,2.7,193.0,0.0,,,,,,,,,,,2024-05-27T02:41:00,,,,0,,,,,,,,,,,,,
2024-05-27 04:00:00,961.4,24.4,89.0,0.7,188.0,4.2,190.0,0.0,,,,,,,,,,,2024-05-27T03:56:00,,,,0,,,,,,,,,,,,,
2024-05-27 05:00:00,961.8,24.6,93.0,1.1,183.0,2.9,239.0,0.0,,,,,,,,,,,2024-05-27T04:16:00,,,,0,,,,,,,,,,,,,
2024-05-27 06:00:00,961.4,24.5,93.0,0.8,187.0,3.5,211.0,0.0,,,,,,,,,,,2024-05-27T05:43:00,,,,0,,,,,,,,,,,,,
2024-05-27 07:00:00,961.8,25.1,95.0,0.2,0.0,3.3,193.0,0.0,,,,,,,,,,,2024-05-27T06:06:00,,,,0,,,,,,,,,,,,,
2024-05-27 08:00:00,962.2,25.5,94.0,0.3,207.0,2.8,186.0,0.0,,,,,,,,,,,2024-05-27T07:28:00,,,,0,,,,,,,,,,,,,
2024-05-27 09:00:00,961.9,24.8,97.0,0.9,162.0,4.1,193.0,0.0,,,,,,,,,,,2024-05-27T08:25:00,,,,0,,,,,,,,,,,,,
2024-05-27 10:00:00,961.2,25.9,97.0,1.3,169.0,4.7,205.0,0.0,,,,,,,,,,,2024-05-27T09:59:00,,,,0,,,,,,,,,,,,,
2024-05-27 11:00:00,960.6,26.0,99.0,1.8,158.0,6.2,185.0,0.0,,,,,,,,,,,2024-05-27T10:45:00,,,,0,,,,,,,,,,,,,
2024-05-27 12:00:00,960.2,26.0,99.0,1.5,176.0,8.6,209.0,0.0,,,,,,,,,,,2024-05-27T11:42:00,,,,0,,,,,,,,,,,,,
2024-05-27 13:00:00,958.9,27.0,94.0,2.1,166.0,8.2,211.0,0.0,,,,,,,,,,,2024-05-27T12:52:00,,,,0,,,,,,,,,,,,,
2024-05-27 14:00:00,958.3,26.1,95.0,2.7,165.0,8.6,200.0,0.0,,,,,,,,,,,2024-05-27T13:57:00,,,,0,,,,,,,,,,,,,
2024-05-27 15:00:00,958.1,25.8,100.0,2.0,162.0,7.3,195.0,0.0,,,,,,,,,,,2024-05-27T14:26:00,,,,0,,,,,,,,,,,,,
2024-05-27 16:00:00,957.6,25.2,100.0,1.2,173.0,7.2,195.0,0.0,,,,,,,,,,,2024-05-27T15:16:00,,,,0,,,,,,,,,,,,,
2024-05-27 17:00:00,957.8,25.3,100.0,1.4,162.0,7.4,153.0,0.0,,,,,,,,,,,2024-05-27T16:24:00,,,,0,,,,,,,,,,,,,
2024-05-27 18:00:00,957.6,26.1,90.0,1.2,166.0,5.2,194.0,0.0,,,,,,,,,,,2024-05-27T17:30:00,,,,0,,,,,,,,,,,,,
2024-05-27 19:00:00,957.7,26.7,82.0,1.1,163.0,4.8,191.0,0.0,,,,,,,,,,,2024-05-27T18:10:00,,,,0,,,,,,,,,,,,,
2024-05-27 20:00:00,958.1,26.9,75.0,1.3,151.0,5.1,209.0,0.0,,,,,,,,,,,2024-05-27T19:27:00,,,,0,,,,,,,,,,,,,
2024-05-27 21:00:00,958.1,28.1,65.0,1.1,198.0,3.7,201.0,0.0,,,,,,,,,,,2024-05-27T20:52:00,,,,0,,,,,,,,,,,,,
2024-05-27 22:00:00,957.9,26.9,72.0,1.1,152.0,4.4,198.0,0.0,,,,,,,,,,,2024-05-27T21:15:00,,,,0,,,,,,,,,,,,,
2024-05-27 23:00:00,957.4,28.6,60.0,1.9,194.0,3.7,193.0,0.0,,,,,,,,,,,2024-05-27T22:07:00,,,,0,,,,,,,,,,,,,
2024-05-28 00:00:00,956.6,27.6,65.0,1.5,172.0,4.2,212.0,0.0,,,,,,,,,,,2024-05-27T23:26:00,,,,0,,,,,,,,,,,,,
2024-05-28 01:00:00,955.9,27.7,63.0,1.7,187.0,4.5,202.0,0.0,,,,,,,,,,,2024-05-28T00:29:00,,,,0,,,,,,,,,,,,,
2024-05-28 02:00:00,956.0,29.7,50.0,0.8,224.0,4.2,199.0,0.0,,,,,,,,,,,2024-05-28T01:08:00,,,,0,,,,,,,,,,,,,
2024-05-28 03:00:00,955.4,29.9,46.0,0.8,168.0,5.1,273.0,0.0,,,,,,,,,,,2024-05-28T02:25:00,,,,0,,,,,,,,,,,,,
2024-05-28 04:00:00,955.1,29.5,50.0,1.2,192.0,3.6,211.0,0.0,,,,,,,,,,,2024-05-28T03:47:00,,,,0,,,,,,,,,,,,,
2024-05-28 05:00:00,954.9,29.4,54.0,2.2,274.0,8.3,258.0,0.0,,,,,,,,,,,2024-05-28T04:31:00,,,,0,,,,,,,,,,,,,
2024-05-28 06:00:00,955.8,27.7,62.0,1.6,133.0,4.0,274.0,0.0,,,,,,,,,,,2024-05-28T05:01:00,,,,0,,,,,,,,,,,,,
2024-05-28 07:00:00,956.5,27.3,77.0,1.9,69.0,4.7,110.0,0.0,,,,,,,,,,,2024-05-28T06:07:00,,,,0,,,,,,,,,,,,,
2024-05-28 08:00:00,957.5,25.5,87.0,0.6,69.0,4.6,72.0,0.0,,,,,,,,,,,2024-05-28T07:01:00,,,,0,,,,,,,,,,,,,
2024-05-28 09:00:00,958.7,24.7,93.0,0.3,10.0,3.6,35.0,0.0,,,,,,,,,,,2024-05-28T08:05:00,,,,0,,,,,,,,,,,,,
2024-05-28 10:00:00,959.4,24.3,94.0,0.8,54.0,6.8,30.0,0.0,,,,,,,,,,,2024-05-28T09:40:00,,,,0,,,,,,,,,,,,,
2024-05-28 11:00:00,959.6,23.3,100.0,0.9,52.0,5.9,82.0,1.5,,,,,,,,,,,2024-05-28T10:13:00,,,,0,,,,,,,,,,,,,
2024-05-28 12:00:00,959.9,23.1,100.0,0.4,347.0,3.3,104.0,5.0,,,,,,,,,,,2024-05-28T11:05:00,,,,0,,,,,,,,,,,,,
2024-05-28 13:00:00,958.8,22.5,100.0,1.2,315.0,5.5,295.0,4.5,,,,,,,,,,,2024-05-28T12:34:00,,,,0,,,,,,,,,,,,,
2024-05-28 14:00:00,959.7,23.0,100.0,1.4,203.0,3.6,205.0,1.0,,,,,,,,,,,2024-05-28T13:58:00,,,,0,,,,,,,,,,,,,
2024-05-28 15:00:00,959.8,23.0,100.0,0.7,145.0,3.5,153.0,0.5,,,,,,,,,,,2024-05-28T14:59:00,,,,0,,,,,,,,,,,,,
2024-05-28 16:00:00,959.2,22.8,100.0,0.0,0.0,2.7,117.0,0.5,,,,,,,,,,,2024-05-28T15:02:00,,,,0,,,,,,,,,,,,,
2024-05-28 17:00:00,959.3,22.4,100.0,0.4,65.0,2.5,102.0,0.5,,,,,,,,,,,2024-05-28T16:39:00,,,,0,,,,,,,,,,,,,
2024-05-28 18:00:00,960.0,21.8,100.0,0.3,90.0,3.4,69.0,3.0,,,,,,,,,,,2024-05-28T17:01:00,,,,0,,,,,,,,,,,,,
2024-05-28 19:00:00,961.2,21.1,100.0,0.2,0.0,3.2,40.0,0.0,,,,,,,,,,,2024-05-28T18:43:00,,,,0,,,,,,,,,,,,,
2024-05-28 20:00:00,962.0,20.9,100.0,0.6,44.0,3.4,58.0,0.0,,,,,,,,,,,2024-05-28T19:49:00,,,,0,,,,,,,,,,,,,
2024-05-28 21:00:00,962.3,20.7,100.0,0.6,354.0,4.2,36.0,0.0,,,,,,,,,,,2024-05-28T20:23:00,,,,0,,,,,,,,,,,,,
2024-05-28 22:00:00,962.6,20.6,100.0,0.5,42.0,3.9,306.0,0.0,,,,,,,,,,,2024-05-28T21:07:00,,,,0,,,,,,,,,,,,,
2024-05-28 23:00:00,962.2,20.4,100.0,0.5,345.0,4.9,64.0,0.0,,,,,,,,,,,2024-05-28T22:04:00,,,,0,,,,,,,,,,,,,
2024-05-29 00:00:00,962.1,20.2,100.0,0.7,19.0,4.8,46.0,0.0,,,,,,,,,,,2024-05-28T23:35:00,,,,0,,,,,,,,,,,,,
2024-05-29 01:00:00,962.5,19.9,100.0,0.6,49.0,3.2,14.0,0.0,,,,,,,,,,,2024-05-29T00:01:00,,,,0,,,,,,,,,,,,,
2024-05-29 02:00:00,962.5,20.4,100.0,0.3,19.0,3.6,43.0,0.0,,,,,,,,,,,2024-05-29T01:23:00,,,,0,,,,,,,,,,,,,
2024-05-29 03:00:00,962.5,20.2,100.0,0.4,356.0,2.5,89.0,0.0,,,,,,,,,,,2024-05-29T02:02:00,,,,0,,,,,,,,,,,,,
2024-05-29 04:00:00,962.7,19.5,100.0,0.5,32.0,5.0,25.0,0.0,,,,,,,,,,,2024-05-29T03:37:00,,,,0,,,,,,,,,,,,,
2024-05-29 05:00:00,963.2,19.0,100.0,0.5,61.0,4.7,54.0,0.0,,,,,,,,,,,2024-05-29T04:39:00,,,,0,,,,,,,,,,,,,
2024-05-29 06:00:00,963.9,19.1,100.0,0.5,355.0,3.4,8.0,0.0,,,,,,,,,,,2024-05-29T05:07:00,,,,0,,,,,,,,,,,,,
2024-05-29 07:00:00,964.1,19.5,97.0,0.7,8.0,4.4,12.0,0.5,,,,,,,,,,,2024-05-29T06:40:00,,,,0,,,,,,,,,,,,,
2024-05-29 08:00:00,964.5,20.4,95.0,0.4,348.0,4.2,340.0,0.0,,,,,,,,,,,2024-05-29T07:01:00,,,,0,,,,,,,,,,,,,
2024-05-29 09:00:00,964.4,22.8,88.0,0.4,19.0,4.2,5.0,0.0,,,,,,,,,,,2024-05-29T08:19:00,,,,0,,,,,,,,,,,,,
2024-05-29 10:00:00,964.4,26.3,75.0,0.2,0.0,4.9,9.0,0.0,,,,,,,,,,,2024-05-29T09:38:00,,,,0,,,,,,,,,,,,,
2024-05-29 11:00:00,964.4,26.2,74.0,0.8,92.0,3.4,15.0,0.0,,,,,,,,,,,2024-05-29T10:16:00,,,,0,,,,,,,,,,,,,
2024-05-29 12:00:00,964.1,26.7,74.0,1.0,65.0,5.3,98.0,0.0,,,,,,,,,,,2024-05-29T11:57:00,,,,0,,,,,,,,,,,,,
2024-05-29 13:00:00,963.9,26.4,77.0,0.4,75.0,4.6,70.0,0.0,,,,,,,,,,,2024-05-29T12:34:00,,,,0,,,,,,,,,,,,,
2024-05-29 14:00:00,963.3,26.0,75.0,0.0,0.0,2.6,67.0,0.0,,,,,,,,,,,2024-05-29T13:05:00,,,,0,,,,,,,,,,,,,
2024-05-29 15:00:00,963.1,24.6,81.0,0.2,0.0,1.6,112.0,0.0,,,,,,,,,,,2024-05-29T14:12:00,,,,0,,,,,,,,,,,,,
2024-05-29 16:00:00,962.9,23.9,84.0,0.8,39.0,1.8,59.0,0.0,,,,,,,,,,,2024-05-29T15:18:00,,,,0,,,,,,,,,,,,,
2024-05-29 17:00:00,963.3,23.2,92.0,0.1,0.0,2.7,61.0,0.0,,,,,,,,,,,2024-05-29T16:22:00,,,,0,,,,,,,,,,,,,
2024-05-29 18:00:00,963.7,22.4,96.0,0.4,28.0,2.3,31.0,0.0,,,,,,,,,,,2024-05-29T17:44:00,,,,0,,,,,,,,,,,,,
2024-05-29 19:00:00,964.2,21.7,97.0,0.5,356.0,3.4,312.0,0.0,,,,,,,,,,,2024-05-29T18:47:00,,,,0,,,,,,,,,,,,,
2024-05-29 20:00:00,964.8,21.6,98.0,1.5,324.0,3.7,330.0,0.0,,,,,,,,,,,2024-05-29T19:50:00,,,,0,,,,,,,,,,,,,
2024-05-29 21:00:00,965.0,21.4,97.0,1.5,340.0,5.1,323.0,0.0,,,,,,,,,,,2024-05-29T20:36:00,,,,0,,,,,,,,,,,,,
2024-05-29 22:00:00,965.3,21.6,96.0,2.5,349.0,5.4,5.0,0.0,,,,,,,,,,,2024-05-29T21:46:00,,,,0,,,,,,,,,,,,,
2024-05-29 23:00:00,965.2,22.3,94.0,2.1,314.0,4.2,302.0,0.0,,,,,,,,,,,2024-05-29T22:10:00,,,,0,,,,,,,,,,,,,
2024-05-30 00:00:00,964.8,22.3,94.0,1.6,307.0,4.8,321.0,0.0,,,,,,,,,,,2024-05-29T23:19:00,,,,0,,,,,,,,,,,,,
2024-05-30 01:00:00,964.3,22.0,96.0,2.1,265.0,3.2,273.0,0.0,,,,,,,,,,,2024-05-30T00:46:00,,,,0,,,,,,,,,,,,,
2024-05-30 02:00:00,964.1,23.0,93.0,1.2,281.0,2.8,270.0,0.0,,,,,,,,,,,2024-05-30T01:11:00,,,,0,,,,,,,,,,,,,
2024-05-30 03:00:00,963.5,23.0,93.0,1.3,300.0,2.5,308.0,0.0,,,,,,,,,,,2024-05-30T02:56:00,,,,0,,,,,,,,,,,,,
2024-05-30 04:00:00,963.6,23.1,95.0,0.3,163.0,1.8,277.0,0.0,,,,,,,,,,,2024-05-30T03:10:00,,,,0,,,,,,,,,,,,,
2024-05-30 05:00:00,964.0,22.9,95.0,1.0,195.0,2.4,134.0,0.0,,,,,,,,,,,2024-05-30T04:31:00,,,,0,,,,,,,,,,,,,
2024-05-30 06:00:00,964.7,23.0,98.0,0.7,209.0,3.2,207.0,0.0,,,,,,,,,,,2024-05-30T05:03:00,,,,0,,,,,,,,,,,,,
2024-05-30 07:00:00,964.5,24.3,95.0,0.8,309.0,2.3,309.0,0.0,,,,,,,,,,,2024-05-30T06:51:00,,,,0,,,,,,,,,,,,,
2024-05-30 08:00:00,964.6,26.4,86.0,0.6,61.0,3.5,57.0,0.0,,,,,,,,,,,2024-05-30T07:37:00,,,,0,,,,,,,,,,,,,
2024-05-30 09:00:00,965.1,27.1,84.0,0.3,152.0,3.5,137.0,0.0,,,,,,,,,,,2024-05-30T08:24:00,,,,0,,,,,,,,,,,,,
2024-05-30 10:00:00,964.6,28.4,82.0,0.0,0.0,2.2,287.0,0.0,,,,,,,,,,,2024-05-30T09:37:00,,,,0,,,,,,,,,,,,,
2024-05-30 11:00:00,964.6,29.8,76.0,0.2,0.0,2.8,115.0,0.0,,,,,,,,,,,2024-05-30T10:58:00,,,,0,,,,,,,,,,,,,
2024-05-30 12:00:00,964.6,28.4,80.0,0.6,137.0,5.5,118.0,0.0,,,,,,,,,,,2024-05-30T11:48:00,,,,0,,,,,,,,,,,,,
2024-05-30 13:00:00,964.0,27.0,87.0,0.2,0.0,2.7,186.0,0.0,,,,,,,,,,,2024-05-30T12:33:00,,,,0,,,,,,,,,,,,,
2024-05-30 14:00:00,963.9,25.7,92.0,0.6,174.0,3.7,212.0,0.0,,,,,,,,,,,2024-05-30T13:35:00,,,,0,,,,,,,,,,,,,
2024-05-30 15:00:00,963.9,24.6,96.0,1.1,171.0,3.6,155.0,0.0,,,,,,,,,,,2024-05-30T14:54:00,,,,0,,,,,,,,,,,,,
2024-05-30 16:00:00,963.8,23.9,100.0,1.0,159.0,4.2,188.0,1.0,,,,,,,,,,,2024-05-30T15:50:00,,,,0,,,,,,,,,,,,,
2024-05-30 17:00:00,963.8,24.4,100.0,0.8,160.0,4.6,202.0,0.0,,,,,,,,,,,2024-05-30T16:07:00,,,,0,,,,,,,,,,,,,
2024-05-30 18:00:00,963.9,24.0,100.0,0.0,0.0,2.8,215.0,0.0,,,,,,,,,,,2024-05-30T17:23:00,,,,0,,,,,,,,,,,,,
2024-05-30 19:00:00,964.6,24.3,100.0,1.0,178.0,4.1,196.0,0.0,,,,,,,,,,,2024-05-30T19:00:00,,,,0,,,,,,,,,,,,,
2024-05-30 20:00:00,965.4,24.4,100.0,0.8,154.0,3.8,191.0,0.0,,,,,,,,,,,2024-05-30T19:07:00,,,,0,,,,,,,,,,,,,
2024-05-30 21:00:00,966.0,24.6,100.0,0.9,183.0,4.1,201.0,0.5,,,,,,,,,,,2024-05-30T20:46:00,,,,0,,,,,,,,,,,,,
2024-05-30 22:00:00,966.5,24.5,100.0,0.9,169.0,4.9,190.0,0.0,,,,,,,,,,,2024-05-30T21:08:00,,,,0,,,,,,,,,,,,,
2024-05-30 23:00:00,966.9,24.0,100.0,1.0,155.0,3.7,152.0,0.0,,,,,,,,,,,2024-05-30T22:33:00,,,,0,,,,,,,,,,,,,
2024-05-31 00:00:00,966.3,24.2,100.0,1.4,176.0,4.8,192.0,0.0,,,,,,,,,,,2024-05-30T23:54:00,,,,0,,,,,,,,,,,,,
2024-05-31 01:00:00,965.7,24.3,100.0,1.1,170.0,5.2,204.0,0.0,,,,,,,,,,,2024-05-31T00:20:00,,,,0,,,,,,,,,,,,,
2024-05-31 02:00:00,964.9,24.3,98.0,0.9,183.0,3.8,192.0,0.0,,,,,,,,,,,2024-05-31T01:12:00,,,,0,,,,,,,,,,,,,
2024-05-31 03:00:00,964.1,24.0,100.0,1.1,356.0,2.5,187.0,0.0,,,,,,,,,,,2024-05-31T02:01:00,,,,0,,,,,,,,,,,,,
2024-05-31 04:00:00,964.5,23.2,100.0,1.7,319.0,3.3,319.0,0.0,,,,,,,,,,,2024-05-31T03:57:00,,,,0,,,,,,,,,,,,,
2024-05-31 05:00:00,964.7,23.3,100.0,1.4,325.0,2.6,337.0,0.0,,,,,,,,,,,2024-05-31T04:01:00,,,,0,,,,,,,,,,,,,
2024-05-31 06:00:00,965.0,24.1,99.0,1.4,12.0,2.5,5.0,0.0,,,,,,,,,,,2024-05-31T05:17:00,,,,0,,,,,,,,,,,,,
2024-05-31 07:00:00,965.3,24.8,94.0,0.0,0.0,2.5,311.0,0.0,,,,,,,,,,,2024-05-31T06:35:00,,,,0,,,,,,,,,,,,,
2024-05-31 08:00:00,966.0,27.3,86.0,0.0,0.0,1.0,157.0,0.0,,,,,,,,,,,2024-05-31T07:43:00,,,,0,,,,,,,,,,,,,
2024-05-31 09:00:00,966.4,27.7,85.0,0.7,170.0,3.6,201.0,0.0,,,,,,,,,,,2024-05-31T09:00:00,,,,0,,,,,,,,,,,,,
2024-05-31 10:00:00,966.1,26.7,93.0,1.4,168.0,6.0,152.0,0.0,,,,,,,,,,,2024-05-31T09:10:00,,,,0,,,,,,,,,,,,,
2024-05-31 11:00:00,965.8,28.9,87.0,0.2,0.0,4.3,198.0,0.0,,,,,,,,,,,2024-05-31T10:03:00,,,,0,,,,,,,,,,,,,
2024-05-31 12:00:00,965.3,30.8,76.0,0.3,183.0,2.8,153.0,0.0,,,,,,,,,,,2024-05-31T11:02:00,,,,0,,,,,,,,,,,,,
2024-05-31 13:00:00,964.7,29.8,72.0,1.2,153.0,4.3,149.0,0.0,,,,,,,,,,,2024-05-31T12:26:00,,,,0,,,,,,,,,,,,,
2024-05-31 14:00:00,964.1,30.6,65.0,0.9,155.0,3.7,212.0,0.0,,,,,,,,,,,2024-05-31T13:07:00,,,,0,,,,,,,,,,,,,
2024-05-31 15:00:00,963.7,30.6,62.0,1.0,156.0,3.4,149.0,0.0,,,,,,,,,,,2024-05-31T14:35:00,,,,0,,,,,,,,,,,,,
2024-05-31 16:00:00,963.8,31.3,63.0,1.5,95.0,3.9,147.0,0.0,,,,,,,,,,,2024-05-31T15:12:00,,,,0,,,,,,,,,,,,,
2024-05-31 17:00:00,964.6,27.7,84.0,3.0,57.0,6.0,54.0,0.0,,,,,,,,,,,2024-05-31T16:29:00,,,,0,,,,,,,,,,,,,
2024-05-31 18:00:00,965.4,27.2,83.0,1.7,48.0,5.6,56.0,0.0,,,,,,,,,,,2024-05-31T17:06:00,,,,0,,,,,,,,,,,,,
2024-05-31 19:00:00,966.4,27.6,84.0,1.0,36.0,3.9,59.0,0.0,,,,,,,,,,,2024-05-31T18:17:00,,,,0,,,,,,,,,,,,,
2024-05-31 20:00:00,967.1,27.3,86.0,0.6,274.0,2.6,314.0,0.0,,,,,,,,,,,2024-05-31T19:35:00,,,,0,,,,,,,,,,,,,
2024-05-31 21:00:00,967.6,26.4,87.0,1.7,200.0,2.4,203.0,0.0,,,,,,,,,,,2024-05-31T20:54:00,,,,0,,,,,,,,,,,,,
2024-05-31 22:00:00,968.2,25.8,90.0,1.6,186.0,3.2,198.0,0.0,,,,,,,,,,,2024-05-31T21:58:00,,,,0,,,,,,,,,,,,,
2024-05-31 23:00:00,967.8,25.4,92.0,1.5,189.0,4.1,206.0,0.0,,,,,,,,,,,2024-05-31T22:25:00,,,,0,,,,,,,,,,,,,
2024-06-01 00:00:00,967.5,25.0,94.0,1.4,183.0,4.2,203.0,0.0,,,,,,,,,,,2024-05-31T23:06:00,,,,0,,,,,,,,,,,,,
2024-06-01 01:00:00,967.1,25.0,93.0,1.7,184.0,3.9,205.0,0.0,,,,,,,,,,,2024-06-01T00:13:00,,,,0,,,,,,,,,,,,,
2024-06-01 02:00:00,967.2,25.0,97.0,0.9,176.0,3.4,202.0,0.0,,,,,,,,,,,2024-06-01T01:21:00,,,,0,,,,,,,,,,,,,
2024-06-01 03:00:00,967.2,24.9,94.0,1.2,214.0,2.0,209.0,0.0,,,,,,,,,,,2024-06-01T02:36:00,,,,0,,,,,,,,,,,,,
2024-06-01 04:00:00,967.3,25.2,89.0,1.3,211.0,2.2,208.0,0.0,,,,,,,,,,,2024-06-01T03:29:00,,,,0,,,,,,,,,,,,,
2024-06-01 05:00:00,967.3,25.7,89.0,0.9,84.0,2.1,99.0,0.0,,,,,,,,,,,2024-06-01T04:28:00,,,,0,,,,,,,,,,,,,
2024-06-01 06:00:00,967.8,25.7,89.0,0.0,0.0,1.6,43.0,0.0,,,,,,,,,,,2024-06-01T05:17:00,,,,0,,,,,,,,,,,,,
2024-06-01 07:00:00,968.3,26.3,88.0,0.0,0.0,1.6,188.0,0.0,,,,,,,,,,,2024-06-01T06:06:00,,,,0,,,,,,,,,,,,,
2024-06-01 08:00:00,968.0,28.0,85.0,0.0,0.0,0.8,205.0,0.0,,,,,,,,,,,2024-06-01T07:09:00,,,,0,,,,,,,,,,,,,
2024-06-01 09:00:00,967.9,30.5,81.0,0.2,0.0,2.0,104.0,0.0,,,,,,,,,,,2024-06-01T08:43:00,,,,0,,,,,,,,,,,,,
2024-06-01 10:00:00,967.9,27.4,89.0,1.3,108.0,4.7,108.0,0.0,,,,,,,,,,,2024-06-01T09:46:00,,,,0,,,,,,,,,,,,,
2024-06-01 11:00:00,967.7,28.2,88.0,2.0,98.0,6.5,109.0,0.0,,,,,,,,,,,2024-06-01T10:48:00,,,,0,,,,,,,,,,,,,
2024-06-01 12:00:00,967.2,27.7,88.0,1.5,118.0,5.2,95.0,0.0,,,,,,,,,,,2024-06-01T11:06:00,,,,0,,,,,,,,,,,,,
2024-06-01 13:00:00,966.2,29.0,82.0,1.0,97.0,5.8,123.0,0.0,,,,,,,,,,,2024-06-01T12:20:00,,,,0,,,,,,,,,,,,,
2024-06-01 14:00:00,965.3,29.6,79.0,0.8,99.0,3.6,116.0,0.0,,,,,,,,,,,2024-06-01T13:07:00,,,,0,,,,,,,,,,,,,
2024-06-01 15:00:00,964.6,29.4,81.0,1.3,49.0,3.8,96.0,0.0,,,,,,,,,,,2024-06-01T14:15:00,,,,0,,,,,,,,,,,,,
2024-06-01 16:00:00,964.0,29.3,82.0,1.5,52.0,3.7,56.0,0.0,,,,,,,,,,,2024-06-01T15:57:00,,,,0,,,,,,,,,,,,,
2024-06-01 17:00:00,964.4,27.0,87.0,1.6,63.0,4.6,69.0,0.0,,,,,,,,,,,2024-06-01T17:00:00,,,,0,,,,,,,,,,,,,
2024-06-01 18:00:00,965.0,26.7,92.0,0.9,49.0,4.2,73.0,0.0,,,,,,,,,,,2024-06-01T17:10:00,,,,0,,,,,,,,,,,,,
2024-06-01 19:00:00,965.7,26.5,92.0,0.7,264.0,2.1,267.0,0.0,,,,,,,,,,,2024-06-01T19:00:00,,,,0,,,,,,,,,,,,,
2024-06-01 20:00:00,966.1,25.8,94.0,0.7,311.0,3.0,281.0,0.0,,,,,,,,,,,2024-06-01T19:04:00,,,,0,,,,,,,,,,,,,
2024-06-01 21:00:00,966.5,25.5,95.0,0.1,0.0,1.7,317.0,0.0,,,,,,,,,,,2024-06-01T20:14:00,,,,0,,,,,,,,,,,,,
2024-06-01 22:00:00,966.5,25.2,96.0,0.4,325.0,2.7,317.0,0.0,,,,,,,,,,,2024-06-01T21:18:00,,,,0,,,,,,,,,,,,,
2024-06-01 23:00:00,966.5,24.9,97.0,0.7,21.0,3.8,331.0,0.0,,,,,,,,,,,2024-06-01T22:22:00,,,,0,,,,,,,,,,,,,
2024-06-02 00:00:00,966.2,24.8,99.0,0.5,31.0,2.3,42.0,0.0,,,,,,,,,,,2024-06-01T23:17:00,,,,0,,,,,,,,,,,,,
2024-06-02 01:00:00,965.4,24.9,98.0,0.4,237.0,1.7,33.0,0.0,,,,,,,,,,,2024-06-02T00:05:00,,,,0,,,,,,,,,,,,,
2024-06-02 02:00:00,964.9,24.8,98.0,0.8,168.0,2.5,136.0,0.0,,,,,,,,,,,2024-06-02T01:32:00,,,,0,,,,,,,,,,,,,
2024-06-02 03:00:00,964.4,24.7,97.0,0.7,156.0,2.3,160.0,0.0,,,,,,,,,,,2024-06-02T02:12:00,,,,0,,,,,,,,,,,,,
2024-06-02 04:00:00,964.3,24.9,99.0,0.9,182.0,2.5,177.0,0.0,,,,,,,,,,,2024-06-02T03:35:00,,,,0,,,,,,,,,,,,,
2024-06-02 05:00:00,964.4,24.8,100.0,0.2,0.0,2.6,205.0,0.0,,,,,,,,,,,2024-06-02T04:24:00,,,,0,,,,,,,,,,,,,
2024-06-02 06:00:00,965.0,25.0,100.0,0.0,0.0,1.3,200.0,0.0,,,,,,,,,,,2024-06-02T05:26:00,,,,0,,,,,,,,,,,,,
2024-06-02 07:00:00,965.3,25.6,98.0,0.0,0.0,2.1,97.0,0.0,,,,,,,,,,,2024-06-02T06:41:00,,,,0,,,,,,,,,,,,,
2024-06-02 08:00:00,965.3,26.6,93.0,0.1,0.0,1.4,223.0,0.0,,,,,,,,,,,2024-06-02T07:12:00,,,,0,,,,,,,,,,,,,
2024-06-02 09:00:00,965.2,27.0,92.0,0.2,0.0,2.3,147.0,0.0,,,,,,,,,,,2024-06-02T08:46:00,,,,0,,,,,,,,,,,,,
2024-06-02 10:00:00,964.7,25.2,99.0,1.4,119.0,4.2,138.0,0.0,,,,,,,,,,,2024-06-02T09:12:00,,,,0,,,,,,,,,,,,,
2024-06-02 11:00:00,964.1,25.5,98.0,0.6,125.0,3.6,141.0,0.0,,,,,,,,,,,2024-06-02T10:14:00,,,,0,,,,,,,,,,,,,
2024-06-02 12:00:00,963.5,25.0,100.0,1.0,106.0,2.4,120.0,0.5,,,,,,,,,,,2024-06-02T11:02:00,,,,0,,,,,,,,,,,,,
2024-06-02 13:00:00,962.1,24.2,100.0,1.5,118.0,3.4,131.0,1.5,,,,,,,,,,,2024-06-02T12:48:00,,,,0,,,,,,,,,,,,,
2024-06-02 14:00:00,960.7,25.0,100.0,0.6,69.0,4.0,157.0,0.5,,,,,,,,,,,2024-06-02T13:19:00,,,,0,,,,,,,,,,,,,
2024-06-02 15:00:00,959.7,26.3,99.0,0.3,5.0,2.5,50.0,0.0,,,,,,,,,,,2024-06-02T14:46:00,,,,0,,,,,,,,,,,,,
2024-06-02 16:00:00,959.4,25.0,99.0,1.3,47.0,5.1,335.0,0.0,,,,,,,,,,,2024-06-02T15:39:00,,,,0,,,,,,,,,,,,,
2024-06-02 17:00:00,959.7,25.3,100.0,0.8,341.0,3.4,37.0,0.0,,,,,,,,,,,2024-06-02T16:13:00,,,,0,,,,,,,,,,,,,
2024-06-02 18:00:00,959.9,24.8,100.0,1.3,67.0,3.2,9.0,0.0,,,,,,,,,,,2024-06-02T17:07:00,,,,0,,,,,,,,,,,,,
2024-06-02 19:00:00,960.9,24.7,100.0,0.2,0.0,2.9,52.0,0.0,,,,,,,,,,,2024-06-02T18:28:00,,,,0,,,,,,,,,,,,,
2024-06-02 20:00:00,961.6,24.1,100.0,0.6,151.0,1.5,283.0,1.5,,,,,,,,,,,2024-06-02T19:06:00,,,,0,,,,,,,,,,,,,
2024-06-02 21:00:00,962.0,24.2,100.0,0.4,65.0,2.7,49.0,1.5,,,,,,,,,,,2024-06-02T21:00:00,,,,0,,,,,,,,,,,,,
2024-06-02 22:00:00,962.1,22.8,100.0,0.5,32.0,4.5,312.0,12.5,,,,,,,,,,,2024-06-02T21:22:00,,,,0,,,,,,,,,,,,,
2024-06-02 23:00:00,962.0,22.5,100.0,0.8,354.0,4.8,11.0,6.0,,,,,,,,,,,2024-06-02T22:07:00,,,,0,,,,,,,,,,,,,
2024-06-03 00:00:00,961.6,22.5,100.0,0.2,0.0,3.9,4.0,1.5,,,,,,,,,,,2024-06-02T23:07:00,,,,0,,,,,,,,,,,,,
2024-06-03 01:00:00,961.3,22.4,100.0,0.4,313.0,2.9,304.0,0.5,,,,,,,,,,,2024-06-03T00:28:00,,,,0,,,,,,,,,,,,,
2024-06-03 02:00:00,960.8,22.3,100.0,1.0,269.0,3.1,322.0,0.0,,,,,,,,,,,2024-06-03T01:02:00,,,,0,,,,,,,,,,,,,
2024-06-03 03:00:00,960.8,22.4,100.0,0.5,276.0,3.1,308.0,0.0,,,,,,,,,,,2024-06-03T02:07:00,,,,0,,,,,,,,,,,,,
2024-06-03 04:00:00,961.4,22.6,100.0,0.5,192.0,2.4,206.0,0.0,,,,,,,,,,,2024-06-03T03:38:00,,,,0,,,,,,,,,,,,,
2024-06-03 05:00:00,961.8,22.6,100.0,0.2,0.0,1.5,151.0,0.0,,,,,,,,,,,2024-06-03T04:12:00,,,,0,,,,,,,,,,,,,
2024-06-03 06:00:00,961.9,22.3,100.0,0.3,305.0,5.1,102.0,2.0,,,,,,,,,,,2024-06-03T05:22:00,,,,0,,,,,,,,,,,,,
2024-06-03 07:00:00,962.7,21.6,100.0,0.4,160.0,2.6,188.0,0.0,,,,,,,,,,,2024-06-03T06:43:00,,,,0,,,,,,,,,,,,,
2024-06-03 08:00:00,963.3,22.3,100.0,0.0,0.0,2.5,193.0,0.5,,,,,,,,,,,2024-06-03T07:04:00,,,,0,,,,,,,,,,,,,
2024-06-03 09:00:00,963.9,22.8,100.0,0.7,39.0,4.0,54.0,0.0,,,,,,,,,,,2024-06-03T08:19:00,,,,0,,,,,,,,,,,,,
2024-06-03 10:00:00,963.9,22.3,100.0,0.8,37.0,4.3,58.0,0.0,,,,,,,,,,,2024-06-03T09:55:00,,,,0,,,,,,,,,,,,,
2024-06-03 11:00:00,963.9,22.6,100.0,0.9,54.0,6.1,62.0,1.0,,,,,,,,,,,2024-06-03T10:51:00,,,,0,,,,,,,,,,,,,
2024-06-03 12:00:00,963.7,22.3,100.0,1.2,58.0,5.7,45.0,0.0,,,,,,,,,,,2024-06-03T11:49:00,,,,0,,,,,,,,,,,,,
2024-06-03 13:00:00,963.3,22.3,100.0,1.7,54.0,6.2,63.0,0.0,,,,,,,,,,,2024-06-03T12:48:00,,,,0,,,,,,,,,,,,,
2024-06-03 14:00:00,963.3,22.4,98.0,2.4,50.0,5.9,29.0,0.0,,,,,,,,,,,2024-06-03T13:55:00,,,,0,,,,,,,,,,,,,
2024-06-03 15:00:00,963.7,21.4,99.0,2.2,60.0,6.9,56.0,0.0,,,,,,,,,,,2024-06-03T14:37:00,,,,0,,,,,,,,,,,,,
2024-06-03 16:00:00,963.7,20.4,100.0,2.0,41.0,7.1,46.0,0.0,,,,,,,,,,,2024-06-03T15:36:00,,,,0,,,,,,,,,,,,,
2024-06-03 17:00:00,964.4,20.4,100.0,1.9,50.0,4.9,66.0,0.0,,,,,,,,,,,2024-06-03T16:15:00,,,,0,,,,,,,,,,,,,
2024-06-03 18:00:00,965.1,20.4,100.0,0.2,0.0,5.0,60.0,0.5,,,,,,,,,,,2024-06-03T17:03:00,,,,0,,,,,,,,,,,,,
2024-06-03 19:00:00,965.6,20.1,100.0,0.1,0.0,3.8,312.0,0.5,,,,,,,,,,,2024-06-03T18:43:00,,,,0,,,,,,,,,,,,,
2024-06-03 20:00:00,966.3,19.6,100.0,0.5,13.0,2.9,31.0,0.0,,,,,,,,,,,2024-06-03T19:51:00,,,,0,,,,,,,,,,,,,
2024-06-03 21:00:00,967.0,19.6,100.0,1.7,306.0,5.8,320.0,0.0,,,,,,,,,,,2024-06-03T20:48:00,,,,0,,,,,,,,,,,,,
2024-06-03 22:00:00,967.5,19.5,100.0,2.1,312.0,6.1,319.0,0.0,,,,,,,,,,,2024-06-03T21:44:00,,,,0,,,,,,,,,,,,,
2024-06-03 23:00:00,967.6,19.1,100.0,2.1,309.0,6.5,317.0,0.0,,,,,,,,,,,2024-06-03T22:16:00,,,,0,,,,,,,,,,,,,
2024-06-04 00:00:00,967.1,18.8,100.0,0.5,320.0,4.8,321.0,0.0,,,,,,,,,,,2024-06-03T23:10:00,,,,0,,,,,,,,,,,,,
2024-06-04 01:00:00,966.6,19.0,99.0,1.6,314.0,4.6,330.0,0.0,,,,,,,,,,,2024-06-04T00:20:00,,,,0,,,,,,,,,,,,,
2024-06-04 02:00:00,965.8,19.1,97.0,0.9,308.0,5.0,324.0,0.0,,,,,,,,,,,2024-06-04T01:11:00,,,,0,,,,,,,,,,,,,
2024-06-04 03:00:00,965.8,19.1,98.0,0.2,0.0,2.7,19.0,0.0,,,,,,,,,,,2024-06-04T02:41:00,,,,0,,,,,,,,,,,,,
2024-06-04 04:00:00,965.4,18.9,98.0,0.9,345.0,4.0,6.0,0.0,,,,,,,,,,,2024-06-04T03:52:00,,,,0,,,,,,,,,,,,,
2024-06-04 05:00:00,965.9,18.8,99.0,1.1,325.0,4.4,348.0,0.0,,,,,,,,,,,2024-06-04T04:33:00,,,,0,,,,,,,,,,,,,
2024-06-04 06:00:00,966.5,19.6,97.0,1.0,339.0,3.6,328.0,0.0,,,,,,,,,,,2024-06-04T05:42:00,,,,0,,,,,,,,,,,,,
2024-06-04 07:00:00,966.9,20.3,93.0,1.4,320.0,4.8,324.0,0.0,,,,,,,,,,,2024-06-04T06:33:00,,,,0,,,,,,,,,,,,,
2024-06-04 08:00:00,967.6,22.7,89.0,0.2,0.0,3.4,21.0,0.0,,,,,,,,,,,2024-06-04T07:22:00,,,,0,,,,,,,,,,,,,
2024-06-04 09:00:00,968.2,25.4,83.0,0.1,0.0,3.2,21.0,0.0,,,,,,,,,,,2024-06-04T08:07:00,,,,0,,,,,,,,,,,,,
2024-06-04 10:00:00,968.4,27.9,69.0,0.4,68.0,2.3,65.0,0.0,,,,,,,,,,,2024-06-04T10:00:00,,,,0,,,,,,,,,,,,,
2024-06-04 11:00:00,968.0,28.8,66.0,0.7,57.0,3.4,47.0,0.0,,,,,,,,,,,2024-06-04T10:58:00,,,,0,,,,,,,,,,,,,
2024-06-04 12:00:00,967.8,26.9,65.0,0.8,52.0,6.4,52.0,0.0,,,,,,,,,,,2024-06-04T11:55:00,,,,0,,,,,,,,,,,,,
2024-06-04 13:00:00,967.6,26.4,70.0,1.4,55.0,6.4,62.0,0.0,,,,,,,,,,,2024-06-04T12:20:00,,,,0,,,,,,,,,,,,,
2024-06-04 14:00:00,967.3,24.3,77.0,1.0,33.0,6.5,114.0,0.0,,,,,,,,,,,2024-06-04T13:28:00,,,,0,,,,,,,,,,,,,
2024-06-04 15:00:00,967.5,24.5,79.0,1.1,42.0,5.0,38.0,0.0,,,,,,,,,,,2024-06-04T14:13:00,,,,0,,,,,,,,,,,,,
2024-06-04 16:00:00,967.3,24.0,80.0,0.5,75.0,3.8,61.0,0.0,,,,,,,,,,,2024-06-04T15:22:00,,,,0,,,,,,,,,,,,,
2024-06-04 17:00:00,967.2,24.2,81.0,0.9,41.0,3.8,72.0,0.0,,,,,,,,,,,2024-06-04T16:21:00,,,,0,,,,,,,,,,,,,
2024-06-04 18:00:00,967.8,23.7,78.0,0.2,0.0,2.6,44.0,0.0,,,,,,,,,,,2024-06-04T17:03:00,,,,0,,,,,,,,,,,,,
2024-06-04 19:00:00,968.4,23.4,76.0,1.0,117.0,1.9,114.0,0.0,,,,,,,,,,,2024-06-04T18:55:00,,,,0,,,,,,,,,,,,,
2024-06-04 20:00:00,969.0,22.7,82.0,1.2,299.0,2.6,6.0,0.0,,,,,,,,,,,2024-06-04T19:59:00,,,,0,,,,,,,,,,,,,
2024-06-04 21:00:00,969.6,22.3,84.0,0.8,328.0,4.7,298.0,0.0,,,,,,,,,,,2024-06-04T20:53:00,,,,0,,,,,,,,,,,,,
2024-06-04 22:00:00,970.1,22.2,82.0,0.8,322.0,5.6,19.0,0.0,,,,,,,,,,,2024-06-04T21:49:00,,,,0,,,,,,,,,,,,,
2024-06-04 23:00:00,969.9,21.9,75.0,0.5,44.0,3.8,328.0,0.0,,,,,,,,,,,2024-06-04T22:07:00,,,,0,,,,,,,,,,,,,
2024-06-05 00:00:00,969.6,22.0,65.0,0.3,353.0,4.3,22.0,0.0,,,,,,,,,,,2024-06-04T23:25:00,,,,0,,,,,,,,,,,,,
2024-06-05 01:00:00,968.6,21.8,67.0,0.4,6.0,2.3,17.0,0.0,,,,,,,,,,,2024-06-05T00:21:00,,,,0,,,,,,,,,,,,,
2024-06-05 02:00:00,967.8,21.6,68.0,0.6,359.0,2.9,19.0,0.0,,,,,,,,,,,2024-06-05T01:58:00,,,,0,,,,,,,,,,,,,
2024-06-05 03:00:00,967.7,21.6,73.0,0.6,13.0,3.3,345.0,0.0,,,,,,,,,,,2024-06-05T02:19:00,,,,0,,,,,,,,,,,,,
2024-06-05 04:00:00,967.6,21.1,75.0,0.2,0.0,3.0,28.0,0.0,,,,,,,,,,,2024-06-05T03:07:00,,,,0,,,,,,,,,,,,,
2024-06-05 05:00:00,967.7,20.5,77.0,0.9,325.0,2.7,323.0,0.0,,,,,,,,,,,2024-06-05T04:10:00,,,,0,,,,,,,,,,,,,
2024-06-05 06:00:00,968.2,21.0,82.0,0.7,330.0,2.5,4.0,0.0,,,,,,,,,,,2024-06-05T05:32:00,,,,0,,,,,,,,,,,,,
2024-06-05 07:00:00,968.6,22.1,80.0,1.2,328.0,4.2,322.0,0.0,,,,,,,,,,,2024-06-05T06:48:00,,,,0,,,,,,,,,,,,,
2024-06-05 08:00:00,968.8,24.9,70.0,0.5,25.0,2.2,306.0,0.0,,,,,,,,,,,2024-06-05T07:42:00,,,,0,,,,,,,,,,,,,
2024-06-05 09:00:00,969.1,23.2,73.0,1.1,34.0,2.9,49.0,0.0,,,,,,,,,,,2024-06-05T09:00:00,,,,0,,,,,,,,,,,,,
2024-06-05 10:00:00,969.2,24.6,79.0,0.5,44.0,3.0,45.0,0.0,,,,,,,,,,,2024-06-05T09:16:00,,,,0,,,,,,,,,,,,,
2024-06-05 11:00:00,969.2,26.0,76.0,0.3,72.0,2.1,47.0,0.0,,,,,,,,,,,2024-06-05T10:33:00,,,,0,,,,,,,,,,,,,
2024-06-05 12:00:00,969.0,24.1,83.0,0.7,113.0,3.4,82.0,0.0,,,,,,,,,,,2024-06-05T11:37:00,,,,0,,,,,,,,,,,,,
2024-06-05 13:00:00,968.4,23.7,80.0,1.2,117.0,3.3,109.0,0.0,,,,,,,,,,,2024-06-05T12:29:00,,,,0,,,,,,,,,,,,,
2024-06-05 14:00:00,967.8,23.7,80.0,1.3,124.0,3.0,100.0,0.0,,,,,,,,,,,2024-06-05T13:19:00,,,,0,,,,,,,,,,,,,
2024-06-05 15:00:00,967.6,23.6,82.0,0.3,107.0,2.1,130.0,0.0,,,,,,,,,,,2024-06-05T14:36:00,,,,0,,,,,,,,,,,,,
2024-06-05 16:00:00,967.5,23.3,85.0,0.5,285.0,1.3,108.0,0.0,,,,,,,,,,,2024-06-05T15:14:00,,,,0,,,,,,,,,,,,,
2024-06-05 17:00:00,967.4,22.4,94.0,1.1,50.0,2.2,65.0,0.0,,,,,,,,,,,2024-06-05T16:59:00,,,,0,,,,,,,,,,,,,
2024-06-05 18:00:00,967.5,22.4,88.0,1.2,292.0,2.3,39.0,0.0,,,,,,,,,,,2024-06-05T17:01:00,,,,0,,,,,,,,,,,,,
2024-06-05 19:00:00,968.0,22.7,86.0,1.1,275.0,2.2,295.0,0.0,,,,,,,,,,,2024-06-05T18:01:00,,,,0,,,,,,,,,,,,,
2024-06-05 20:00:00,968.4,22.5,86.0,1.3,305.0,2.2,273.0,0.0,,,,,,,,,,,2024-06-05T19:02:00,,,,0,,,,,,,,,,,,,
2024-06-05 21:00:00,968.8,22.4,85.0,1.2,312.0,2.4,309.0,0.0,,,,,,,,,,,2024-06-05T20:20:00,,,,0,,,,,,,,,,,,,
2024-06-05 22:00:00,969.1,23.3,80.0,0.9,299.0,1.7,319.0,0.0,,,,,,,,,,,2024-06-05T21:03:00,,,,0,,,,,,,,,,,,,
2024-06-05 23:00:00,969.0,23.5,79.0,0.3,108.0,1.5,314.0,0.0,,,,,,,,,,,2024-06-05T22:16:00,,,,0,,,,,,,,,,,,,
2024-06-06 00:00:00,968.4,22.7,89.0,1.7,125.0,3.5,95.0,0.0,,,,,,,,,,,2024-06-05T23:34:00,,,,0,,,,,,,,,,,,,
2024-06-06 01:00:00,967.8,22.5,89.0,1.4,121.0,3.0,116.0,0.0,,,,,,,,,,,2024-06-06T00:48:00,,,,0,,,,,,,,,,,,,
2024-06-06 02:00:00,967.2,22.4,90.0,0.8,200.0,2.2,117.0,0.0,,,,,,,,,,,2024-06-06T01:05:00,,,,0,,,,,,,,,,,,,
2024-06-06 03:00:00,966.9,22.1,89.0,0.7,187.0,2.2,195.0,0.0,,,,,,,,,,,2024-06-06T03:00:00,,,,0,,,,,,,,,,,,,
2024-06-06 04:00:00,966.5,21.9,91.0,0.7,289.0,2.5,193.0,0.0,,,,,,,,,,,2024-06-06T03:05:00,,,,0,,,,,,,,,,,,,
2024-06-06 05:00:00,966.5,22.1,91.0,1.1,313.0,3.1,302.0,0.0,,,,,,,,,,,2024-06-06T04:10:00,,,,0,,,,,,,,,,,,,
2024-06-06 06:00:00,966.6,22.1,92.0,1.0,26.0,3.0,328.0,0.0,,,,,,,,,,,2024-06-06T05:14:00,,,,0,,,,,,,,,,,,,
2024-06-06 07:00:00,966.7,22.1,95.0,0.9,319.0,3.0,41.0,0.0,,,,,,,,,,,2024-06-06T06:19:00,,,,0,,,,,,,,,,,,,
2024-06-06 08:00:00,966.6,22.2,92.0,0.4,311.0,3.1,336.0,0.0,,,,,,,,,,,2024-06-06T07:17:00,,,,0,,,,,,,,,,,,,
2024-06-06 09:00:00,966.5,22.7,92.0,0.8,3.0,2.9,185.0,0.0,,,,,,,,,,,2024-06-06T08:10:00,,,,0,,,,,,,,,,,,,
2024-06-06 10:00:00,966.5,22.9,95.0,0.5,7.0,2.8,268.0,0.0,,,,,,,,,,,2024-06-06T09:39:00,,,,0,,,,,,,,,,,,,
2024-06-06 11:00:00,966.7,22.9,95.0,0.3,337.0,2.0,299.0,0.0,,,,,,,,,,,2024-06-06T10:16:00,,,,0,,,,,,,,,,,,,
2024-06-06 12:00:00,966.4,22.5,98.0,0.3,310.0,1.6,303.0,0.0,,,,,,,,,,,2024-06-06T11:37:00,,,,0,,,,,,,,,,,,,
2024-06-06 13:00:00,965.7,22.4,100.0,0.8,284.0,1.9,303.0,0.5,,,,,,,,,,,2024-06-06T12:35:00,,,,0,,,,,,,,,,,,,
2024-06-06 14:00:00,965.2,22.7,100.0,0.2,0.0,1.3,269.0,1.5,,,,,,,,,,,2024-06-06T13:17:00,,,,0,,,,,,,,,,,,,
2024-06-06 15:00:00,964.6,22.7,100.0,0.2,0.0,1.1,247.0,0.5,,,,,,,,,,,2024-06-06T14:28:00,,,,0,,,,,,,,,,,,,
2024-06-06 16:00:00,964.0,22.9,100.0,0.5,321.0,2.0,330.0,1.0,,,,,,,,,,,2024-06-06T15:35:00,,,,0,,,,,,,,,,,,,
2024-06-06 17:00:00,964.0,22.8,100.0,1.4,315.0,2.2,324.0,0.5,,,,,,,,,,,2024-06-06T16:59:00,,,,0,,,,,,,,,,,,,
2024-06-06 18:00:00,964.1,22.6,100.0,0.2,0.0,2.5,311.0,1.0,,,,,,,,,,,2024-06-06T17:06:00,,,,0,,,,,,,,,,,,,
2024-06-06 19:00:00,964.6,22.8,100.0,0.7,325.0,3.7,5.0,0.0,,,,,,,,,,,2024-06-06T18:20:00,,,,0,,,,,,,,,,,,,
2024-06-06 20:00:00,964.5,22.8,100.0,1.3,321.0,3.9,329.0,0.0,,,,,,,,,,,2024-06-06T19:58:00,,,,0,,,,,,,,,,,,,
2024-06-06 21:00:00,965.1,22.7,100.0,0.4,35.0,5.4,322.0,0.0,,,,,,,,,,,2024-06-06T20:42:00,,,,0,,,,,,,,,,,,,
2024-06-06 22:00:00,965.5,22.6,100.0,1.1,360.0,4.2,8.0,0.0,,,,,,,,,,,2024-06-06T21:18:00,,,,0,,,,,,,,,,,,,
2024-06-06 23:00:00,965.2,22.6,100.0,0.7,357.0,4.8,333.0,0.0,,,,,,,,,,,2024-06-06T22:33:00,,,,0,,,,,,,,,,,,,
2024-06-07 00:00:00,965.1,22.6,100.0,0.3,332.0,5.4,15.0,0.0,,,,,,,,,,,2024-06-06T23:26:00,,,,0,,,,,,,,,,,,,
2024-06-07 01:00:00,964.5,22.5,100.0,0.5,18.0,4.3,319.0,0.0,,,,,,,,,,,2024-06-07T00:33:00,,,,0,,,,,,,,,,,,,
2024-06-07 02:00:00,964.0,22.5,100.0,0.5,40.0,3.4,37.0,0.0,,,,,,,,,,,2024-06-07T01:59:00,,,,0,,,,,,,,,,,,,
2024-06-07 03:00:00,963.5,22.5,100.0,0.2,0.0,3.4,38.0,0.0,,,,,,,,,,,2024-06-07T02:05:00,,,,0,,,,,,,,,,,,,
2024-06-07 04:00:00,963.4,22.5,100.0,1.0,321.0,3.2,25.0,0.0,,,,,,,,,,,2024-06-07T03:16:00,,,,0,,,,,,,,,,,,,
2024-06-07 05:00:00,963.6,22.5,100.0,1.0,1.0,4.5,14.0,0.0,,,,,,,,,,,2024-06-07T04:13:00,,,,0,,,,,,,,,,,,,
2024-06-07 06:00:00,964.3,22.8,100.0,0.8,1.0,3.3,42.0,0.5,,,,,,,,,,,2024-06-07T05:38:00,,,,0,,,,,,,,,,,,,
2024-06-07 07:00:00,964.5,22.9,100.0,1.0,318.0,2.2,9.0,0.0,,,,,,,,,,,2024-06-07T06:05:00,,,,0,,,,,,,,,,,,,
2024-06-07 08:00:00,964.3,25.0,100.0,0.0,0.0,2.0,322.0,0.0,,,,,,,,,,,2024-06-07T07:20:00,,,,0,,,,,,,,,,,,,
2024-06-07 09:00:00,964.5,26.7,93.0,0.0,0.0,0.8,77.0,0.0,,,,,,,,,,,2024-06-07T08:10:00,,,,0,,,,,,,,,,,,,
2024-06-07 10:00:00,964.4,27.1,86.0,0.2,0.0,2.1,153.0,0.0,,,,,,,,,,,2024-06-07T09:59:00,,,,0,,,,,,,,,,,,,
2024-06-07 11:00:00,963.9,25.9,93.0,0.6,120.0,3.4,117.0,0.0,,,,,,,,,,,2024-06-07T10:50:00,,,,0,,,,,,,,,,,,,
2024-06-07 12:00:00,963.8,27.0,85.0,0.5,119.0,4.8,120.0,0.0,,,,,,,,,,,2024-06-07T11:59:00,,,,0,,,,,,,,,,,,,
2024-06-07 13:00:00,963.4,25.0,96.0,2.5,109.0,6.8,120.0,0.0,,,,,,,,,,,2024-06-07T12:46:00,,,,0,,,,,,,,,,,,,
2024-06-07 14:00:00,962.7,25.0,94.0,1.3,121.0,5.9,105.0,0.0,,,,,,,,,,,2024-06-07T13:29:00,,,,0,,,,,,,,,,,,,
2024-06-07 15:00:00,962.5,24.4,100.0,1.4,134.0,3.7,131.0,0.5,,,,,,,,,,,2024-06-07T14:59:00,,,,0,,,,,,,,,,,,,
2024-06-07 16:00:00,961.7,24.5,100.0,0.0,0.0,4.3,104.0,0.5,,,,,,,,,,,2024-06-07T15:09:00,,,,0,,,,,,,,,,,,,
2024-06-07 17:00:00,961.5,24.2,100.0,0.0,0.0,1.7,280.0,0.0,,,,,,,,,,,2024-06-07T16:11:00,,,,0,,,,,,,,,,,,,
2024-06-07 18:00:00,962.0,24.1,99.0,1.0,21.0,1.9,38.0,0.0,,,,,,,,,,,2024-06-07T17:51:00,,,,0,,,,,,,,,,,,,
2024-06-07 19:00:00,962.0,24.1,100.0,1.6,313.0,2.9,306.0,1.0,,,,,,,,,,,2024-06-07T18:55:00,,,,0,,,,,,,,,,,,,
2024-06-07 20:00:00,962.9,24.0,100.0,0.7,14.0,4.1,46.0,1.0,,,,,,,,,,,2024-06-07T19:14:00,,,,0,,,,,,,,,,,,,
2024-06-07 21:00:00,963.4,23.6,100.0,0.4,318.0,4.0,19.0,0.5,,,,,,,,,,,2024-06-07T20:15:00,,,,0,,,,,,,,,,,,,
2024-06-07 22:00:00,963.0,23.4,100.0,0.9,337.0,4.5,324.0,1.0,,,,,,,,,,,2024-06-07T21:02:00,,,,0,,,,,,,,,,,,,
2024-06-07 23:00:00,963.2,23.3,100.0,0.8,23.0,4.9,37.0,0.0,,,,,,,,,,,2024-06-07T22:32:00,,,,0,,,,,,,,,,,,,
2024-06-08 00:00:00,963.5,23.1,100.0,0.5,14.0,1.9,29.0,0.0,,,,,,,,,,,2024-06-07T23:57:00,,,,0,,,,,,,,,,,,,
2024-06-08 01:00:00,963.2,23.0,100.0,0.9,341.0,4.0,350.0,0.0,,,,,,,,,,,2024-06-08T00:27:00,,,,0,,,,,,,,,,,,,
2024-06-08 02:00:00,962.6,22.7,100.0,0.5,334.0,4.1,45.0,0.0,,,,,,,,,,,2024-06-08T01:24:00,,,,0,,,,,,,,,,,,,
2024-06-08 03:00:00,962.1,22.5,100.0,0.5,27.0,3.7,308.0,0.0,,,,,,,,,,,2024-06-08T02:10:00,,,,0,,,,,,,,,,,,,
2024-06-08 04:00:00,962.1,22.3,100.0,1.7,318.0,3.6,357.0,0.5,,,,,,,,,,,2024-06-08T03:06:00,,,,0,,,,,,,,,,,,,
2024-06-08 05:00:00,962.7,22.1,100.0,1.9,309.0,3.9,319.0,0.0,,,,,,,,,,,2024-06-08T04:51:00,,,,0,,,,,,,,,,,,,
2024-06-08 06:00:00,963.5,22.2,100.0,1.5,275.0,3.5,305.0,0.0,,,,,,,,,,,2024-06-08T05:04:00,,,,0,,,,,,,,,,,,,
2024-06-08 07:00:00,964.2,24.2,95.0,0.3,272.0,3.2,207.0,0.0,,,,,,,,,,,2024-06-08T06:09:00,,,,0,,,,,,,,,,,,,
2024-06-08 08:00:00,964.5,26.6,93.0,0.0,0.0,2.0,152.0,0.0,,,,,,,,,,,2024-06-08T07:39:00,,,,0,,,,,,,,,,,,,
2024-06-08 09:00:00,964.6,26.8,91.0,0.0,0.0,1.3,206.0,0.0,,,,,,,,,,,2024-06-08T08:17:00,,,,0,,,,,,,,,,,,,
2024-06-08 10:00:00,964.4,26.6,91.0,0.3,160.0,2.3,204.0,0.0,,,,,,,,,,,2024-06-08T09:46:00,,,,0,,,,,,,,,,,,,
2024-06-08 11:00:00,964.7,26.2,90.0,0.6,171.0,3.0,178.0,0.0,,,,,,,,,,,2024-06-08T10:42:00,,,,0,,,,,,,,,,,,,
2024-06-08 12:00:00,964.3,26.0,93.0,0.2,0.0,2.5,151.0,0.0,,,,,,,,,,,2024-06-08T11:30:00,,,,0,,,,,,,,,,,,,
2024-06-08 13:00:00,963.2,25.1,96.0,0.9,150.0,2.7,136.0,0.0,,,,,,,,,,,2024-06-08T12:41:00,,,,0,,,,,,,,,,,,,
2024-06-08 14:00:00,962.6,26.0,96.0,0.4,154.0,4.3,148.0,0.0,,,,,,,,,,,2024-06-08T13:03:00,,,,0,,,,,,,,,,,,,
2024-06-08 15:00:00,962.0,26.5,91.0,0.6,174.0,3.4,197.0,0.0,,,,,,,,,,,2024-06-08T14:25:00,,,,0,,,,,,,,,,,,,
2024-06-08 16:00:00,962.0,25.7,96.0,1.1,107.0,3.9,112.0,0.0,,,,,,,,,,,2024-06-08T15:48:00,,,,0,,,,,,,,,,,,,
2024-06-08 17:00:00,962.0,25.6,96.0,2.0,51.0,3.9,69.0,0.0,,,,,,,,,,,2024-06-08T16:54:00,,,,0,,,,,,,,,,,,,
2024-06-08 18:00:00,962.4,25.0,98.0,1.4,310.0,4.0,61.0,0.0,,,,,,,,,,,2024-06-08T17:15:00,,,,0,,,,,,,,,,,,,
2024-06-08 19:00:00,962.9,24.5,98.0,0.5,54.0,3.8,35.0,0.0,,,,,,,,,,,2024-06-08T18:43:00,,,,0,,,,,,,,,,,,,
2024-06-08 20:00:00,963.8,24.6,99.0,1.3,305.0,3.6,313.0,0.0,,,,,,,,,,,2024-06-08T19:59:00,,,,0,,,,,,,,,,,,,
2024-06-08 21:00:00,963.9,24.2,100.0,0.1,0.0,4.6,311.0,0.0,,,,,,,,,,,2024-06-08T20:38:00,,,,0,,,,,,,,,,,,,
2024-06-08 22:00:00,964.6,24.1,100.0,1.4,318.0,4.4,310.0,0.0,,,,,,,,,,,2024-06-08T21:32:00,,,,0,,,,,,,,,,,,,
2024-06-08 23:00:00,964.8,23.9,100.0,1.7,311.0,5.0,317.0,0.0,,,,,,,,,,,2024-06-08T22:26:00,,,,0,,,,,,,,,,,,,
2024-06-09 00:00:00,964.5,23.8,100.0,1.9,302.0,3.8,218.0,0.0,,,,,,,,,,,2024-06-08T23:48:00,,,,0,,,,,,,,,,,,,
2024-06-09 01:00:00,964.6,24.4,98.0,1.4,272.0,3.6,300.0,0.0,,,,,,,,,,,2024-06-09T00:05:00,,,,0,,,,,,,,,,,,,
2024-06-09 02:00:00,964.6,24.3,99.0,0.5,169.0,3.8,208.0,0.0,,,,,,,,,,,2024-06-09T01:38:00,,,,0,,,,,,,,,,,,,
2024-06-09 03:00:00,964.0,24.4,99.0,1.0,180.0,2.7,191.0,0.0,,,,,,,,,,,2024-06-09T02:02:00,,,,0,,,,,,,,,,,,,
2024-06-09 04:00:00,963.9,24.3,98.0,1.0,183.0,3.1,203.0,0.0,,,,,,,,,,,2024-06-09T03:40:00,,,,0,,,,,,,,,,,,,
2024-06-09 05:00:00,964.0,24.2,100.0,0.7,179.0,2.3,186.0,0.0,,,,,,,,,,,2024-06-09T04:25:00,,,,0,,,,,,,,,,,,,
2024-06-09 06:00:00,964.6,24.3,100.0,0.6,202.0,2.6,201.0,0.0,,,,,,,,,,,2024-06-09T05:02:00,,,,0,,,,,,,,,,,,,
2024-06-09 07:00:00,964.7,25.6,95.0,0.1,0.0,1.8,189.0,0.0,,,,,,,,,,,2024-06-09T06:15:00,,,,0,,,,,,,,,,,,,
2024-06-09 08:00:00,965.2,26.7,91.0,0.3,84.0,1.7,81.0,0.0,,,,,,,,,,,2024-06-09T07:58:00,,,,0,,,,,,,,,,,,,
2024-06-09 09:00:00,965.4,26.0,95.0,1.1,98.0,3.2,100.0,0.0,,,,,,,,,,,2024-06-09T08:42:00,,,,0,,,,,,,,,,,,,
2024-06-09 10:00:00,965.4,26.3,92.0,0.5,106.0,2.8,92.0,0.0,,,,,,,,,,,2024-06-09T09:06:00,,,,0,,,,,,,,,,,,,
2024-06-09 11:00:00,965.6,26.3,93.0,2.0,103.0,4.5,101.0,0.0,,,,,,,,,,,2024-06-09T10:53:00,,,,0,,,,,,,,,,,,,
2024-06-09 12:00:00,965.3,26.4,95.0,1.0,67.0,4.0,76.0,0.0,,,,,,,,,,,2024-06-09T11:37:00,,,,0,,,,,,,,,,,,,
2024-06-09 13:00:00,964.7,27.7,89.0,1.2,55.0,4.6,55.0,0.0,,,,,,,,,,,2024-06-09T12:31:00,,,,0,,,,,,,,,,,,,
2024-06-09 14:00:00,965.2,26.5,93.0,0.7,70.0,5.1,81.0,0.0,,,,,,,,,,,2024-06-09T13:07:00,,,,0,,,,,,,,,,,,,
2024-06-09 15:00:00,964.0,25.7,99.0,0.4,5.0,2.1,61.0,1.0,,,,,,,,,,,2024-06-09T14:01:00,,,,0,,,,,,,,,,,,,
2024-06-09 16:00:00,964.4,26.2,100.0,0.8,46.0,3.3,47.0,0.0,,,,,,,,,,,2024-06-09T15:05:00,,,,0,,,,,,,,,,,,,
2024-06-09 17:00:00,964.3,26.9,98.0,0.1,0.0,1.9,36.0,0.0,,,,,,,,,,,2024-06-09T16:14:00,,,,0,,,,,,,,,,,,,
2024-06-09 18:00:00,965.2,25.8,99.0,0.1,0.0,2.9,17.0,0.0,,,,,,,,,,,2024-06-09T17:50:00,,,,0,,,,,,,,,,,,,
2024-06-09 19:00:00,965.2,24.5,99.0,0.8,319.0,3.9,333.0,0.0,,,,,,,,,,,2024-06-09T18:43:00,,,,0,,,,,,,,,,,,,
2024-06-09 20:00:00,965.8,24.2,100.0,1.8,320.0,4.1,331.0,0.0,,,,,,,,,,,2024-06-09T19:43:00,,,,0,,,,,,,,,,,,,
2024-06-09 21:00:00,966.5,23.9,100.0,2.1,308.0,5.8,320.0,0.0,,,,,,,,,,,2024-06-09T21:00:00,,,,0,,,,,,,,,,,,,
2024-06-09 22:00:00,967.2,24.0,100.0,1.1,348.0,5.4,309.0,0.0,,,,,,,,,,,2024-06-09T21:25:00,,,,0,,,,,,,,,,,,,
2024-06-09 23:00:00,967.4,24.0,100.0,0.8,349.0,4.2,360.0,0.0,,,,,,,,,,,2024-06-09T22:36:00,,,,0,,,,,,,,,,,,,
2024-06-10 00:00:00,967.3,23.8,100.0,2.1,301.0,4.8,318.0,0.0,,,,,,,,,,,2024-06-09T23:54:00,,,,0,,,,,,,,,,,,,
2024-06-10 01:00:00,967.2,24.3,99.0,1.2,199.0,3.4,205.0,0.0,,,,,,,,,,,2024-06-10T00:59:00,,,,0,,,,,,,,,,,,,
2024-06-10 02:00:00,966.5,24.4,99.0,0.5,181.0,3.5,197.0,0.0,,,,,,,,,,,2024-06-10T01:03:00,,,,0,,,,,,,,,,,,,
2024-06-10 03:00:00,966.5,24.2,100.0,0.6,171.0,2.7,198.0,0.0,,,,,,,,,,,2024-06-10T02:58:00,,,,0,,,,,,,,,,,,,
2024-06-10 04:00:00,966.5,24.3,100.0,0.5,182.0,3.9,191.0,0.0,,,,,,,,,,,2024-06-10T03:33:00,,,,0,,,,,,,,,,,,,
2024-06-10 05:00:00,966.4,24.3,100.0,0.8,167.0,2.6,209.0,0.0,,,,,,,,,,,2024-06-10T04:34:00,,,,0,,,,,,,,,,,,,
2024-06-10 06:00:00,966.5,24.6,100.0,0.4,146.0,2.6,196.0,0.0,,,,,,,,,,,2024-06-10T05:01:00,,,,0,,,,,,,,,,,,,
2024-06-10 07:00:00,966.9,24.4,100.0,1.1,167.0,3.8,147.0,0.0,,,,,,,,,,,2024-06-10T06:56:00,,,,0,,,,,,,,,,,,,
2024-06-10 08:00:00,965.8,26.4,94.0,0.4,344.0,2.2,222.0,0.0,,,,,,,,,,,2024-06-10T07:02:00,,,,0,,,,,,,,,,,,,
2024-06-10 09:00:00,965.7,26.2,96.0,0.1,0.0,2.0,130.0,0.0,,,,,,,,,,,2024-06-10T08:02:00,,,,0,,,,,,,,,,,,,
2024-06-10 10:00:00,964.5,26.1,97.0,0.1,0.0,1.9,30.0,0.0,,,,,,,,,,,2024-06-10T09:23:00,,,,0,,,,,,,,,,,,,
2024-06-10 11:00:00,963.8,25.4,93.0,2.1,187.0,4.7,198.0,0.5,,,,,,,,,,,2024-06-10T10:55:00,,,,0,,,,,,,,,,,,,
2024-06-10 12:00:00,962.8,28.9,74.0,0.6,160.0,4.2,186.0,0.0,,,,,,,,,,,2024-06-10T11:07:00,,,,0,,,,,,,,,,,,,
2024-06-10 13:00:00,962.0,31.0,67.0,0.5,177.0,2.5,144.0,0.0,,,,,,,,,,,2024-06-10T12:07:00,,,,0,,,,,,,,,,,,,
2024-06-10 14:00:00,961.7,29.3,75.0,2.1,104.0,5.8,109.0,0.0,,,,,,,,,,,2024-06-10T13:53:00,,,,0,,,,,,,,,,,,,
2024-06-10 15:00:00,961.9,28.8,83.0,2.1,88.0,6.1,87.0,0.0,,,,,,,,,,,2024-06-10T14:53:00,,,,0,,,,,,,,,,,,,
2024-06-10 16:00:00,961.8,29.8,74.0,1.3,63.0,6.0,75.0,0.0,,,,,,,,,,,2024-06-10T15:20:00,,,,0,,,,,,,,,,,,,
2024-06-10 17:00:00,962.1,27.3,82.0,1.1,72.0,4.4,109.0,0.0,,,,,,,,,,,2024-06-10T16:08:00,,,,0,,,,,,,,,,,,,
2024-06-10 18:00:00,963.1,27.2,90.0,0.3,277.0,3.4,103.0,0.0,,,,,,,,,,,2024-06-10T17:40:00,,,,0,,,,,,,,,,,,,
2024-06-10 19:00:00,964.3,25.6,97.0,1.8,210.0,3.9,206.0,0.0,,,,,,,,,,,2024-06-10T18:48:00,,,,0,,,,,,,,,,,,,
2024-06-10 20:00:00,965.2,25.1,100.0,1.8,186.0,4.7,201.0,0.0,,,,,,,,,,,2024-06-10T19:30:00,,,,0,,,,,,,,,,,,,
2024-06-10 21:00:00,966.1,25.2,100.0,0.5,198.0,3.9,190.0,0.0,,,,,,,,,,,2024-06-10T20:05:00,,,,0,,,,,,,,,,,,,
2024-06-10 22:00:00,967.0,25.0,100.0,0.8,194.0,2.4,206.0,0.0,,,,,,,,,,,2024-06-10T21:39:00,,,,0,,,,,,,,,,,,,
2024-06-10 23:00:00,967.1,24.8,100.0,0.8,185.0,2.3,209.0,0.0,,,,,,,,,,,2024-06-10T22:14:00,,,,0,,,,,,,,,,,,,
2024-06-11 00:00:00,966.4,25.1,99.0,0.8,186.0,2.0,190.0,0.0,,,,,,,,,,,2024-06-10T23:08:00,,,,0,,,,,,,,,,,,,
2024-06-11 01:00:00,965.3,25.1,98.0,0.4,141.0,2.1,189.0,0.0,,,,,,,,,,,2024-06-11T00:11:00,,,,0,,,,,,,,,,,,,
2024-06-11 02:00:00,964.7,25.0,96.0,0.3,150.0,1.7,135.0,0.0,,,,,,,,,,,2024-06-11T01:36:00,,,,0,,,,,,,,,,,,,
2024-06-11 03:00:00,964.1,25.2,94.0,0.5,182.0,4.1,205.0,0.0,,,,,,,,,,,2024-06-11T02:44:00,,,,0,,,,,,,,,,,,,
2024-06-11 04:00:00,964.0,25.9,82.0,2.0,194.0,3.5,187.0,0.0,,,,,,,,,,,2024-06-11T04:00:00,,,,0,,,,,,,,,,,,,
2024-06-11 05:00:00,963.9,26.9,75.0,1.0,208.0,3.7,271.0,0.0,,,,,,,,,,,2024-06-11T04:19:00,,,,0,,,,,,,,,,,,,
2024-06-11 06:00:00,964.5,26.3,76.0,1.5,185.0,4.5,192.0,0.0,,,,,,,,,,,2024-06-11T05:53:00,,,,0,,,,,,,,,,,,,
2024-06-11 07:00:00,964.5,28.0,66.0,1.8,172.0,5.2,192.0,0.0,,,,,,,,,,,2024-06-11T06:55:00,,,,0,,,,,,,,,,,,,
2024-06-11 08:00:00,964.6,29.0,60.0,1.8,180.0,4.5,192.0,0.0,,,,,,,,,,,2024-06-11T07:39:00,,,,0,,,,,,,,,,,,,
2024-06-11 09:00:00,964.5,26.6,76.0,1.6,247.0,4.6,267.0,0.0,,,,,,,,,,,2024-06-11T08:06:00,,,,0,,,,,,,,,,,,,
2024-06-11 10:00:00,963.9,26.2,75.0,1.7,138.0,4.1,268.0,0.5,,,,,,,,,,,2024-06-11T09:20:00,,,,0,,,,,,,,,,,,,
2024-06-11 11:00:00,963.3,27.6,68.0,1.5,160.0,4.4,203.0,0.0,,,,,,,,,,,2024-06-11T10:55:00,,,,0,,,,,,,,,,,,,
2024-06-11 12:00:00,962.7,28.2,67.0,1.3,153.0,3.8,191.0,0.0,,,,,,,,,,,2024-06-11T11:35:00,,,,0,,,,,,,,,,,,,
2024-06-11 13:00:00,962.2,29.0,71.0,1.5,142.0,4.3,147.0,0.0,,,,,,,,,,,2024-06-11T12:56:00,,,,0,,,,,,,,,,,,,
2024-06-11 14:00:00,961.5,31.7,65.0,1.0,146.0,4.4,159.0,0.0,,,,,,,,,,,2024-06-11T13:28:00,,,,0,,,,,,,,,,,,,
2024-06-11 15:00:00,960.9,30.5,62.0,1.4,163.0,4.2,189.0,0.0,,,,,,,,,,,2024-06-11T14:32:00,,,,0,,,,,,,,,,,,,
2024-06-11 16:00:00,960.8,30.4,66.0,1.4,166.0,5.8,121.0,0.0,,,,,,,,,,,2024-06-11T15:16:00,,,,0,,,,,,,,,,,,,
2024-06-11 17:00:00,960.7,29.1,68.0,1.6,155.0,4.2,118.0,0.0,,,,,,,,,,,2024-06-11T16:46:00,,,,0,,,,,,,,,,,,,
2024-06-11 18:00:00,960.8,26.7,86.0,2.8,85.0,6.9,116.0,0.0,,,,,,,,,,,2024-06-11T17:32:00,,,,0,,,,,,,,,,,,,
2024-06-11 19:00:00,961.5,25.7,93.0,2.3,52.0,6.0,92.0,0.0,,,,,,,,,,,2024-06-11T18:06:00,,,,0,,,,,,,,,,,,,
2024-06-11 20:00:00,962.0,26.0,89.0,1.2,39.0,4.5,50.0,0.0,,,,,,,,,,,2024-06-11T19:16:00,,,,0,,,,,,,,,,,,,
2024-06-11 21:00:00,962.7,25.9,92.0,1.0,339.0,2.8,309.0,0.0,,,,,,,,,,,2024-06-11T20:41:00,,,,0,,,,,,,,,,,,,
2024-06-11 22:00:00,963.3,25.6,92.0,1.1,213.0,2.8,61.0,0.0,,,,,,,,,,,2024-06-11T21:03:00,,,,0,,,,,,,,,,,,,
2024-06-11 23:00:00,963.3,25.4,92.0,1.6,189.0,2.5,184.0,0.0,,,,,,,,,,,2024-06-11T22:51:00,,,,0,,,,,,,,,,,,,
2024-06-12 00:00:00,962.8,25.1,95.0,0.9,171.0,3.0,209.0,0.0,,,,,,,,,,,2024-06-11T23:07:00,,,,0,,,,,,,,,,,,,
2024-06-12 01:00:00,962.2,24.5,98.0,0.8,266.0,2.8,140.0,0.0,,,,,,,,,,,2024-06-12T00:47:00,,,,0,,,,,,,,,,,,,
2024-06-12 02:00:00,961.9,24.8,96.0,0.6,143.0,3.4,300.0,0.0,,,,,,,,,,,2024-06-12T01:26:00,,,,0,,,,,,,,,,,,,
2024-06-12 03:00:00,961.4,25.1,91.0,1.2,261.0,3.6,114.0,0.0,,,,,,,,,,,2024-06-12T02:37:00,,,,0,,,,,,,,,,,,,
2024-06-12 04:00:00,961.3,25.1,92.0,1.9,46.0,3.9,41.0,0.0,,,,,,,,,,,2024-06-12T04:00:00,,,,0,,,,,,,,,,,,,
2024-06-12 05:00:00,961.9,24.7,95.0,1.8,360.0,3.9,64.0,0.0,,,,,,,,,,,2024-06-12T04:01:00,,,,0,,,,,,,,,,,,,
2024-06-12 06:00:00,962.0,25.9,91.0,1.1,36.0,3.6,50.0,0.0,,,,,,,,,,,2024-06-12T05:59:00,,,,0,,,,,,,,,,,,,
2024-06-12 07:00:00,962.5,25.8,91.0,1.8,48.0,3.8,40.0,0.0,,,,,,,,,,,2024-06-12T06:48:00,,,,0,,,,,,,,,,,,,
2024-06-12 08:00:00,962.8,28.3,85.0,0.4,78.0,4.5,36.0,0.0,,,,,,,,,,,2024-06-12T07:07:00,,,,0,,,,,,,,,,,,,
2024-06-12 09:00:00,963.1,30.4,80.0,0.1,0.0,2.7,80.0,0.0,,,,,,,,,,,2024-06-12T08:24:00,,,,0,,,,,,,,,,,,,
2024-06-12 10:00:00,962.8,30.0,73.0,0.8,136.0,3.0,80.0,0.0,,,,,,,,,,,2024-06-12T09:08:00,,,,0,,,,,,,,,,,,,
2024-06-12 11:00:00,962.4,29.9,76.0,0.6,156.0,3.4,82.0,0.0,,,,,,,,,,,2024-06-12T10:32:00,,,,0,,,,,,,,,,,,,
2024-06-12 12:00:00,961.9,29.8,67.0,1.6,185.0,5.3,178.0,0.0,,,,,,,,,,,2024-06-12T11:55:00,,,,0,,,,,,,,,,,,,
2024-06-12 13:00:00,961.2,31.2,62.0,1.3,184.0,4.7,209.0,0.0,,,,,,,,,,,2024-06-12T12:14:00,,,,0,,,,,,,,,,,,,
2024-06-12 14:00:00,960.6,30.0,66.0,1.4,168.0,4.5,197.0,0.0,,,,,,,,,,,2024-06-12T13:58:00,,,,0,,,,,,,,,,,,,
2024-06-12 15:00:00,960.6,28.1,71.0,2.0,203.0,4.8,211.0,0.0,,,,,,,,,,,2024-06-12T14:50:00,,,,0,,,,,,,,,,,,,
2024-06-12 16:00:00,960.2,29.3,63.0,1.3,152.0,4.5,189.0,0.0,,,,,,,,,,,2024-06-12T15:39:00,,,,0,,,,,,,,,,,,,
2024-06-12 17:00:00,960.0,28.0,75.0,1.7,97.0,6.4,307.0,0.0,,,,,,,,,,,2024-06-12T16:15:00,,,,0,,,,,,,,,,,,,
2024-06-12 18:00:00,960.2,27.6,75.0,1.0,155.0,7.4,111.0,0.0,,,,,,,,,,,2024-06-12T17:11:00,,,,0,,,,,,,,,,,,,
2024-06-12 19:00:00,961.2,28.0,66.0,1.5,264.0,5.6,206.0,0.0,,,,,,,,,,,2024-06-12T18:47:00,,,,0,,,,,,,,,,,,,
2024-06-12 20:00:00,961.4,27.3,76.0,1.4,216.0,7.1,263.0,0.0,,,,,,,,,,,2024-06-12T19:54:00,,,,0,,,,,,,,,,,,,
2024-06-12 21:00:00,961.8,26.6,80.0,1.6,160.0,5.9,194.0,0.0,,,,,,,,,,,2024-06-12T20:01:00,,,,0,,,,,,,,,,,,,
2024-06-12 22:00:00,962.2,26.6,79.0,0.8,179.0,7.1,270.0,0.0,,,,,,,,,,,2024-06-12T21:44:00,,,,0,,,,,,,,,,,,,
2024-06-12 23:00:00,962.0,26.0,88.0,1.2,20.0,3.8,257.0,0.0,,,,,,,,,,,2024-06-12T22:25:00,,,,0,,,,,,,,,,,,,
2024-06-13 00:00:00,961.1,25.4,91.0,1.2,150.0,2.7,132.0,0.0,,,,,,,,,,,2024-06-12T23:45:00,,,,0,,,,,,,,,,,,,
2024-06-13 01:00:00,960.6,25.2,91.0,1.6,76.0,3.7,130.0,0.0,,,,,,,,,,,2024-06-13T00:06:00,,,,0,,,,,,,,,,,,,
2024-06-13 02:00:00,960.1,25.9,84.0,0.7,8.0,3.7,202.0,0.0,,,,,,,,,,,2024-06-13T01:43:00,,,,0,,,,,,,,,,,,,
2024-06-13 03:00:00,960.1,27.0,73.0,1.2,202.0,5.6,200.0,0.0,,,,,,,,,,,2024-06-13T02:48:00,,,,0,,,,,,,,,,,,,
2024-06-13 04:00:00,960.0,28.8,57.0,1.5,267.0,6.5,261.0,0.0,,,,,,,,,,,2024-06-13T03:52:00,,,,0,,,,,,,,,,,,,
2024-06-13 05:00:00,960.1,27.7,68.0,1.5,181.0,7.1,272.0,0.0,,,,,,,,,,,2024-06-13T04:22:00,,,,0,,,,,,,,,,,,,
2024-06-13 06:00:00,960.5,26.3,83.0,1.1,38.0,4.0,118.0,0.0,,,,,,,,,,,2024-06-13T05:34:00,,,,0,,,,,,,,,,,,,
2024-06-13 07:00:00,960.8,27.9,80.0,0.8,69.0,2.3,34.0,0.0,,,,,,,,,,,2024-06-13T06:35:00,,,,0,,,,,,,,,,,,,
2024-06-13 08:00:00,961.3,29.5,72.0,0.3,268.0,2.7,112.0,0.0,,,,,,,,,,,2024-06-13T07:22:00,,,,0,,,,,,,,,,,,,
2024-06-13 09:00:00,961.4,26.7,80.0,0.8,299.0,3.6,311.0,0.5,,,,,,,,,,,2024-06-13T08:46:00,,,,0,,,,,,,,,,,,,
2024-06-13 10:00:00,960.3,28.2,80.0,0.9,309.0,7.1,270.0,0.0,,,,,,,,,,,2024-06-13T09:31:00,,,,0,,,,,,,,,,,,,
2024-06-13 11:00:00,960.5,27.9,87.0,1.3,46.0,4.8,316.0,0.0,,,,,,,,,,,2024-06-13T10:10:00,,,,0,,,,,,,,,,,,,
2024-06-13 12:00:00,959.6,28.5,83.0,1.1,73.0,3.3,50.0,0.0,,,,,,,,,,,2024-06-13T11:07:00,,,,0,,,,,,,,,,,,,
2024-06-13 13:00:00,959.2,30.5,74.0,0.3,177.0,3.0,122.0,0.0,,,,,,,,,,,2024-06-13T12:20:00,,,,0,,,,,,,,,,,,,
2024-06-13 14:00:00,958.8,28.4,76.0,2.7,120.0,5.5,117.0,0.0,,,,,,,,,,,2024-06-13T13:53:00,,,,0,,,,,,,,,,,,,
2024-06-13 15:00:00,959.4,29.4,75.0,0.7,115.0,5.6,115.0,0.0,,,,,,,,,,,2024-06-13T14:01:00,,,,0,,,,,,,,,,,,,
2024-06-13 16:00:00,959.6,29.5,77.0,1.5,62.0,4.1,53.0,0.0,,,,,,,,,,,2024-06-13T15:59:00,,,,0,,,,,,,,,,,,,
2024-06-13 17:00:00,959.7,27.9,80.0,1.3,119.0,4.4,115.0,0.0,,,,,,,,,,,2024-06-13T16:51:00,,,,0,,,,,,,,,,,,,
2024-06-13 18:00:00,960.5,26.3,85.0,0.8,148.0,4.2,110.0,0.0,,,,,,,,,,,2024-06-13T17:11:00,,,,0,,,,,,,,,,,,,
2024-06-13 19:00:00,961.0,25.3,94.0,0.5,155.0,3.7,109.0,0.0,,,,,,,,,,,2024-06-13T18:12:00,,,,0,,,,,,,,,,,,,
2024-06-13 20:00:00,961.5,25.2,97.0,0.3,169.0,1.7,200.0,0.0,,,,,,,,,,,2024-06-13T19:04:00,,,,0,,,,,,,,,,,,,
2024-06-13 21:00:00,962.0,24.9,96.0,0.0,0.0,1.3,184.0,0.0,,,,,,,,,,,2024-06-13T20:19:00,,,,0,,,,,,,,,,,,,
2024-06-13 22:00:00,962.5,25.3,83.0,0.0,0.0,1.3,198.0,0.0,,,,,,,,,,,2024-06-13T21:27:00,,,,0,,,,,,,,,,,,,
2024-06-13 23:00:00,961.9,25.3,86.0,1.1,68.0,2.4,77.0,0.0,,,,,,,,,,,2024-06-13T22:25:00,,,,0,,,,,,,,,,,,,
2024-06-14 00:00:00,961.4,25.0,88.0,1.1,31.0,2.7,43.0,0.0,,,,,,,,,,,2024-06-13T23:27:00,,,,0,,,,,,,,,,,,,
2024-06-14 01:00:00,961.2,25.3,88.0,1.5,90.0,2.9,39.0,0.0,,,,,,,,,,,2024-06-14T00:17:00,,,,0,,,,,,,,,,,,,
2024-06-14 02:00:00,960.7,25.1,92.0,1.1,103.0,2.7,47.0,0.0,,,,,,,,,,,2024-06-14T01:41:00,,,,0,,,,,,,,,,,,,
2024-06-14 03:00:00,960.2,25.8,86.0,0.4,138.0,2.0,118.0,0.0,,,,,,,,,,,2024-06-14T02:38:00,,,,0,,,,,,,,,,,,,
2024-06-14 04:00:00,960.1,25.6,90.0,1.2,104.0,2.4,106.0,0.0,,,,,,,,,,,2024-06-14T03:31:00,,,,0,,,,,,,,,,,,,
2024-06-14 05:00:00,960.0,25.3,86.0,0.6,217.0,2.5,46.0,0.0,,,,,,,,,,,2024-06-14T04:07:00,,,,0,,,,,,,,,,,,,
2024-06-14 06:00:00,960.1,26.2,83.0,1.1,134.0,2.3,124.0,0.0,,,,,,,,,,,2024-06-14T05:52:00,,,,0,,,,,,,,,,,,,
2024-06-14 07:00:00,960.2,26.1,85.0,1.4,107.0,2.8,104.0,0.0,,,,,,,,,,,2024-06-14T06:57:00,,,,0,,,,,,,,,,,,,
2024-06-14 08:00:00,960.6,27.1,86.0,0.7,51.0,2.6,83.0,0.0,,,,,,,,,,,2024-06-14T07:10:00,,,,0,,,,,,,,,,,,,
2024-06-14 09:00:00,960.2,28.6,82.0,0.2,0.0,2.1,83.0,0.0,,,,,,,,,,,2024-06-14T08:30:00,,,,0,,,,,,,,,,,,,
2024-06-14 10:00:00,959.9,31.5,70.0,0.3,141.0,2.4,147.0,0.0,,,,,,,,,,,2024-06-14T09:32:00,,,,0,,,,,,,,,,,,,
2024-06-14 11:00:00,959.6,33.0,64.0,0.2,0.0,2.3,106.0,0.0,,,,,,,,,,,2024-06-14T10:53:00,,,,0,,,,,,,,,,,,,
2024-06-14 12:00:00,959.3,31.1,62.0,1.3,163.0,6.0,210.0,0.0,,,,,,,,,,,2024-06-14T11:50:00,,,,0,,,,,,,,,,,,,
2024-06-14 13:00:00,959.0,32.9,55.0,0.7,179.0,4.3,200.0,0.0,,,,,,,,,,,2024-06-14T12:52:00,,,,0,,,,,,,,,,,,,
2024-06-14 14:00:00,958.8,32.6,63.0,2.1,100.0,5.6,71.0,0.0,,,,,,,,,,,2024-06-14T13:28:00,,,,0,,,,,,,,,,,,,
2024-06-14 15:00:00,959.1,31.3,68.0,1.8,60.0,6.4,112.0,0.0,,,,,,,,,,,2024-06-14T14:07:00,,,,0,,,,,,,,,,,,,
2024-06-14 16:00:00,959.5,28.4,77.0,2.3,103.0,6.6,92.0,0.0,,,,,,,,,,,2024-06-14T15:06:00,,,,0,,,,,,,,,,,,,
2024-06-14 17:00:00,959.5,27.7,78.0,1.8,107.0,6.2,110.0,0.0,,,,,,,,,,,2024-06-14T16:32:00,,,,0,,,,,,,,,,,,,
2024-06-14 18:00:00,960.0,27.2,78.0,1.2,106.0,4.3,109.0,0.0,,,,,,,,,,,2024-06-14T17:37:00,,,,0,,,,,,,,,,,,,
2024-06-14 19:00:00,960.6,26.8,78.0,1.0,151.0,3.2,121.0,0.0,,,,,,,,,,,2024-06-14T18:09:00,,,,0,,,,,,,,,,,,,
2024-06-14 20:00:00,961.0,26.0,83.0,1.1,159.0,2.8,191.0,0.0,,,,,,,,,,,2024-06-14T19:48:00,,,,0,,,,,,,,,,,,,
2024-06-14 21:00:00,961.5,25.3,93.0,1.3,156.0,2.9,185.0,0.0,,,,,,,,,,,2024-06-14T20:22:00,,,,0,,,,,,,,,,,,,
2024-06-14 22:00:00,962.0,25.2,92.0,1.0,150.0,2.7,192.0,0.0,,,,,,,,,,,2024-06-14T21:37:00,,,,0,,,,,,,,,,,,,
2024-06-14 23:00:00,962.1,25.9,82.0,1.0,145.0,2.3,120.0,0.0,,,,,,,,,,,2024-06-14T22:39:00,,,,0,,,,,,,,,,,,,
2024-06-15 00:00:00,961.5,25.6,83.0,0.7,156.0,2.8,118.0,0.0,,,,,,,,,,,2024-06-14T23:06:00,,,,0,,,,,,,,,,,,,
2024-06-15 01:00:00,960.8,25.8,83.0,0.7,164.0,2.5,136.0,0.0,,,,,,,,,,,2024-06-15T00:23:00,,,,0,,,,,,,,,,,,,
2024-06-15 02:00:00,960.3,26.2,75.0,1.2,154.0,3.4,208.0,0.0,,,,,,,,,,,2024-06-15T01:42:00,,,,0,,,,,,,,,,,,,
2024-06-15 03:00:00,960.3,27.2,67.0,1.1,193.0,3.2,187.0,0.0,,,,,,,,,,,2024-06-15T02:18:00,,,,0,,,,,,,,,,,,,
2024-06-15 04:00:00,960.3,27.7,60.0,1.2,156.0,3.4,204.0,0.0,,,,,,,,,,,2024-06-15T03:03:00,,,,0,,,,,,,,,,,,,
2024-06-15 05:00:00,960.1,28.2,60.0,1.6,182.0,3.5,202.0,0.0,,,,,,,,,,,2024-06-15T04:19:00,,,,0,,,,,,,,,,,,,
2024-06-15 06:00:00,960.7,26.8,67.0,1.3,148.0,3.0,189.0,0.0,,,,,,,,,,,2024-06-15T05:08:00,,,,0,,,,,,,,,,,,,
2024-06-15 07:00:00,960.7,27.8,64.0,1.0,161.0,2.8,181.0,0.0,,,,,,,,,,,2024-06-15T06:16:00,,,,0,,,,,,,,,,,,,
2024-06-15 08:00:00,960.7,29.0,61.0,1.1,152.0,4.1,188.0,0.0,,,,,,,,,,,2024-06-15T07:22:00,,,,0,,,,,,,,,,,,,
2024-06-15 09:00:00,960.8,30.0,64.0,1.5,155.0,5.2,195.0,0.0,,,,,,,,,,,2024-06-15T08:21:00,,,,0,,,,,,,,,,,,,
2024-06-15 10:00:00,960.7,31.6,59.0,1.5,163.0,4.8,191.0,0.0,,,,,,,,,,,2024-06-15T09:01:00,,,,0,,,,,,,,,,,,,
2024-06-15 11:00:00,960.6,31.8,55.0,1.4,155.0,7.0,205.0,0.0,,,,,,,,,,,2024-06-15T10:13:00,,,,0,,,,,,,,,,,,,
2024-06-15 12:00:00,960.0,32.1,56.0,1.5,161.0,5.8,193.0,0.0,,,,,,,,,,,2024-06-15T11:34:00,,,,0,,,,,,,,,,,,,
2024-06-15 13:00:00,959.5,34.4,47.0,0.9,189.0,4.4,166.0,0.0,,,,,,,,,,,2024-06-15T12:15:00,,,,0,,,,,,,,,,,,,
2024-06-15 14:00:00,959.4,34.3,46.0,0.8,167.0,5.1,154.0,0.0,,,,,,,,,,,2024-06-15T13:13:00,,,,0,,,,,,,,,,,,,
2024-06-15 15:00:00,959.4,37.7,38.0,0.4,297.0,6.5,261.0,0.0,,,,,,,,,,,2024-06-15T14:22:00,,,,0,,,,,,,,,,,,,
2024-06-15 16:00:00,959.4,29.5,67.0,2.1,87.0,6.3,107.0,0.0,,,,,,,,,,,2024-06-15T15:22:00,,,,0,,,,,,,,,,,,,
2024-06-15 17:00:00,960.1,29.6,67.0,1.7,84.0,6.0,88.0,0.0,,,,,,,,,,,2024-06-15T16:15:00,,,,0,,,,,,,,,,,,,
2024-06-15 18:00:00,961.2,28.1,76.0,2.1,65.0,7.7,47.0,0.0,,,,,,,,,,,2024-06-15T17:34:00,,,,0,,,,,,,,,,,,,
2024-06-15 19:00:00,962.0,27.2,80.0,1.2,210.0,7.5,36.0,0.0,,,,,,,,,,,2024-06-15T18:13:00,,,,0,,,,,,,,,,,,,
2024-06-15 20:00:00,962.6,26.5,83.0,1.1,241.0,3.2,201.0,0.0,,,,,,,,,,,2024-06-15T19:04:00,,,,0,,,,,,,,,,,,,
2024-06-15 21:00:00,963.3,25.6,91.0,2.0,187.0,4.7,204.0,0.0,,,,,,,,,,,2024-06-15T20:55:00,,,,0,,,,,,,,,,,,,
2024-06-15 22:00:00,963.9,27.3,76.0,0.1,0.0,2.6,206.0,0.0,,,,,,,,,,,2024-06-15T21:09:00,,,,0,,,,,,,,,,,,,
2024-06-15 23:00:00,964.0,26.6,84.0,0.6,314.0,1.5,34.0,0.0,,,,,,,,,,,2024-06-15T22:36:00,,,,0,,,,,,,,,,,,,
2024-06-16 00:00:00,963.9,25.6,86.0,0.1,0.0,1.9,308.0,0.0,,,,,,,,,,,2024-06-15T23:36:00,,,,0,,,,,,,,,,,,,
2024-06-16 01:00:00,963.9,25.4,85.0,1.2,173.0,3.2,191.0,0.0,,,,,,,,,,,2024-06-16T01:00:00,,,,0,,,,,,,,,,,,,
2024-06-16 02:00:00,964.1,25.5,87.0,1.6,184.0,3.7,190.0,0.0,,,,,,,,,,,2024-06-16T01:14:00,,,,0,,,,,,,,,,,,,
2024-06-16 03:00:00,964.1,25.9,86.0,0.4,170.0,2.6,198.0,0.0,,,,,,,,,,,2024-06-16T02:05:00,,,,0,,,,,,,,,,,,,
2024-06-16 04:00:00,964.4,25.8,86.0,0.6,166.0,1.6,181.0,0.0,,,,,,,,,,,2024-06-16T03:46:00,,,,0,,,,,,,,,,,,,
2024-06-16 05:00:00,964.6,25.7,87.0,0.3,166.0,1.7,204.0,0.0,,,,,,,,,,,2024-06-16T04:19:00,,,,0,,,,,,,,,,,,,
2024-06-16 06:00:00,964.6,25.9,86.0,0.1,0.0,1.8,186.0,0.0,,,,,,,,,,,2024-06-16T05:17:00,,,,0,,,,,,,,,,,,,
2024-06-16 07:00:00,965.2,25.7,85.0,0.4,196.0,1.7,205.0,0.0,,,,,,,,,,,2024-06-16T06:36:00,,,,0,,,,,,,,,,,,,
2024-06-16 08:00:00,965.4,28.8,77.0,0.4,141.0,1.5,203.0,0.0,,,,,,,,,,,2024-06-16T07:02:00,,,,0,,,,,,,,,,,,,
2024-06-16 09:00:00,965.6,28.5,76.0,0.6,163.0,3.2,188.0,0.0,,,,,,,,,,,2024-06-16T08:47:00,,,,0,,,,,,,,,,,,,
2024-06-16 10:00:00,965.4,29.9,71.0,0.6,168.0,4.0,193.0,0.0,,,,,,,,,,,2024-06-16T09:04:00,,,,0,,,,,,,,,,,,,
2024-06-16 11:00:00,965.3,28.2,84.0,1.2,166.0,4.4,226.0,0.0,,,,,,,,,,,2024-06-16T10:10:00,,,,0,,,,,,,,,,,,,
2024-06-16 12:00:00,964.7,28.1,85.0,1.2,157.0,5.0,185.0,0.0,,,,,,,,,,,2024-06-16T11:45:00,,,,0,,,,,,,,,,,,,
2024-06-16 13:00:00,963.9,29.4,80.0,1.4,167.0,6.2,206.0,0.0,,,,,,,,,,,2024-06-16T12:51:00,,,,0,,,,,,,,,,,,,
2024-06-16 14:00:00,962.9,29.0,78.0,1.9,166.0,10.7,194.0,0.0,,,,,,,,,,,2024-06-16T13:59:00,,,,0,,,,,,,,,,,,,
2024-06-16 15:00:00,962.5,28.4,78.0,1.7,160.0,6.7,161.0,0.0,,,,,,,,,,,2024-06-16T14:51:00,,,,0,,,,,,,,,,,,,
2024-06-16 16:00:00,961.8,28.6,72.0,1.8,160.0,5.7,200.0,0.0,,,,,,,,,,,2024-06-16T15:07:00,,,,0,,,,,,,,,,,,,
2024-06-16 17:00:00,962.0,27.8,77.0,1.5,158.0,5.4,191.0,0.0,,,,,,,,,,,2024-06-16T16:13:00,,,,0,,,,,,,,,,,,,
2024-06-16 18:00:00,962.6,27.1,84.0,1.6,156.0,6.0,175.0,0.0,,,,,,,,,,,2024-06-16T17:24:00,,,,0,,,,,,,,,,,,,
2024-06-16 19:00:00,963.4,26.5,88.0,1.1,162.0,4.0,192.0,0.0,,,,,,,,,,,2024-06-16T18:18:00,,,,0,,,,,,,,,,,,,
2024-06-16 20:00:00,964.4,26.2,89.0,1.5,70.0,3.2,90.0,0.0,,,,,,,,,,,2024-06-16T19:51:00,,,,0,,,,,,,,,,,,,
2024-06-16 21:00:00,964.4,25.9,91.0,1.3,36.0,4.1,58.0,0.0,,,,,,,,,,,2024-06-16T20:24:00,,,,0,,,,,,,,,,,,,
2024-06-16 22:00:00,964.5,25.4,94.0,0.5,323.0,4.5,45.0,0.0,,,,,,,,,,,2024-06-16T21:03:00,,,,0,,,,,,,,,,,,,
2024-06-16 23:00:00,964.6,25.5,92.0,1.1,335.0,4.8,29.0,0.0,,,,,,,,,,,2024-06-16T22:31:00,,,,0,,,,,,,,,,,,,
2024-06-17 00:00:00,964.2,25.9,88.0,1.6,303.0,3.3,327.0,0.0,,,,,,,,,,,2024-06-16T23:04:00,,,,0,,,,,,,,,,,,,
2024-06-17 01:00:00,963.7,25.6,89.0,1.6,294.0,2.4,310.0,0.0,,,,,,,,,,,2024-06-17T00:48:00,,,,0,,,,,,,,,,,,,
2024-06-17 02:00:00,963.4,26.1,85.0,1.3,241.0,2.1,295.0,0.0,,,,,,,,,,,2024-06-17T01:22:00,,,,0,,,,,,,,,,,,,
2024-06-17 03:00:00,963.2,26.0,83.0,1.2,271.0,2.1,267.0,0.0,,,,,,,,,,,2024-06-17T02:50:00,,,,0,,,,,,,,,,,,,
2024-06-17 04:00:00,962.6,25.9,83.0,0.8,29.0,2.3,300.0,0.0,,,,,,,,,,,2024-06-17T03:28:00,,,,0,,,,,,,,,,,,,
2024-06-17 05:00:00,963.2,25.9,84.0,0.9,350.0,2.2,93.0,0.0,,,,,,,,,,,2024-06-17T04:24:00,,,,0,,,,,,,,,,,,,
2024-06-17 06:00:00,963.4,25.5,88.0,1.2,15.0,3.4,337.0,0.0,,,,,,,,,,,2024-06-17T05:52:00,,,,0,,,,,,,,,,,,,
2024-06-17 07:00:00,963.9,26.6,88.0,0.2,0.0,3.3,15.0,0.0,,,,,,,,,,,2024-06-17T06:09:00,,,,0,,,,,,,,,,,,,
2024-06-17 08:00:00,964.1,27.2,86.0,0.6,75.0,2.8,32.0,0.0,,,,,,,,,,,2024-06-17T07:07:00,,,,0,,,,,,,,,,,,,
2024-06-17 09:00:00,964.5,29.2,79.0,0.6,78.0,1.9,78.0,0.0,,,,,,,,,,,2024-06-17T08:11:00,,,,0,,,,,,,,,,,,,
2024-06-17 10:00:00,964.5,30.2,70.0,1.0,60.0,3.3,39.0,0.0,,,,,,,,,,,2024-06-17T09:58:00,,,,0,,,,,,,,,,,,,
2024-06-17 11:00:00,964.5,32.1,64.0,0.5,161.0,3.0,214.0,0.0,,,,,,,,,,,2024-06-17T10:37:00,,,,0,,,,,,,,,,,,,
2024-06-17 12:00:00,964.0,28.0,87.0,1.8,172.0,7.3,191.0,0.0,,,,,,,,,,,2024-06-17T11:57:00,,,,0,,,,,,,,,,,,,
2024-06-17 13:00:00,963.3,27.7,88.0,1.7,170.0,6.1,152.0,0.0,,,,,,,,,,,2024-06-17T12:27:00,,,,0,,,,,,,,,,,,,
2024-06-17 14:00:00,962.5,28.6,81.0,2.1,166.0,8.9,196.0,0.0,,,,,,,,,,,2024-06-17T13:52:00,,,,0,,,,,,,,,,,,,
2024-06-17 15:00:00,961.9,28.7,78.0,1.9,160.0,11.1,200.0,0.0,,,,,,,,,,,2024-06-17T14:24:00,,,,0,,,,,,,,,,,,,
2024-06-17 16:00:00,961.4,28.1,81.0,1.8,165.0,8.2,183.0,0.0,,,,,,,,,,,2024-06-17T15:18:00,,,,0,,,,,,,,,,,,,
2024-06-17 17:00:00,961.3,27.7,81.0,1.7,164.0,6.6,184.0,0.0,,,,,,,,,,,2024-06-17T16:44:00,,,,0,,,,,,,,,,,,,
2024-06-17 18:00:00,961.9,28.4,74.0,1.5,168.0,5.2,199.0,0.0,,,,,,,,,,,2024-06-17T17:52:00,,,,0,,,,,,,,,,,,,
2024-06-17 19:00:00,962.6,27.9,74.0,1.2,153.0,4.3,167.0,0.0,,,,,,,,,,,2024-06-17T18:08:00,,,,0,,,,,,,,,,,,,
2024-06-17 20:00:00,962.8,28.7,66.0,1.2,158.0,4.4,139.0,0.0,,,,,,,,,,,2024-06-17T19:17:00,,,,0,,,,,,,,,,,,,
2024-06-17 21:00:00,963.2,27.4,76.0,1.6,152.0,4.1,165.0,0.0,,,,,,,,,,,2024-06-17T20:59:00,,,,0,,,,,,,,,,,,,
2024-06-17 22:00:00,963.8,29.2,59.0,0.8,144.0,3.5,186.0,0.0,,,,,,,,,,,2024-06-17T21:18:00,,,,0,,,,,,,,,,,,,
2024-06-17 23:00:00,963.9,28.5,67.0,0.8,349.0,3.3,35.0,0.0,,,,,,,,,,,2024-06-17T22:20:00,,,,0,,,,,,,,,,,,,
2024-06-18 00:00:00,963.7,26.7,82.0,1.3,27.0,2.8,11.0,0.0,,,,,,,,,,,2024-06-17T23:54:00,,,,0,,,,,,,,,,,,,
2024-06-18 01:00:00,963.1,25.6,92.0,0.7,7.0,4.4,27.0,0.0,,,,,,,,,,,2024-06-18T00:46:00,,,,0,,,,,,,,,,,,,
2024-06-18 02:00:00,962.6,25.2,94.0,1.9,358.0,4.2,1.0,0.0,,,,,,,,,,,2024-06-18T01:54:00,,,,0,,,,,,,,,,,,,
2024-06-18 03:00:00,962.0,25.1,93.0,1.6,324.0,3.7,331.0,0.0,,,,,,,,,,,2024-06-18T02:43:00,,,,0,,,,,,,,,,,,,
2024-06-18 04:00:00,962.2,24.7,93.0,0.5,360.0,3.4,20.0,0.0,,,,,,,,,,,2024-06-18T03:35:00,,,,0,,,,,,,,,,,,,
2024-06-18 05:00:00,962.6,24.3,95.0,0.7,49.0,3.3,40.0,0.0,,,,,,,,,,,2024-06-18T04:04:00,,,,0,,,,,,,,,,,,,
2024-06-18 06:00:00,963.2,24.7,95.0,0.9,322.0,3.0,53.0,0.0,,,,,,,,,,,2024-06-18T05:09:00,,,,0,,,,,,,,,,,,,
2024-06-18 07:00:00,963.9,27.2,85.0,0.6,43.0,3.0,51.0,0.0,,,,,,,,,,,2024-06-18T06:52:00,,,,0,,,,,,,,,,,,,
2024-06-18 08:00:00,964.3,29.3,77.0,0.5,50.0,2.8,28.0,0.0,,,,,,,,,,,2024-06-18T07:03:00,,,,0,,,,,,,,,,,,,
2024-06-18 09:00:00,964.6,31.1,74.0,0.7,51.0,4.4,48.0,0.0,,,,,,,,,,,2024-06-18T08:18:00,,,,0,,,,,,,,,,,,,
2024-06-18 10:00:00,964.6,28.7,80.0,1.1,103.0,4.5,67.0,0.0,,,,,,,,,,,2024-06-18T09:28:00,,,,0,,,,,,,,,,,,,
2024-06-18 11:00:00,964.5,31.8,74.0,0.9,70.0,4.7,108.0,0.0,,,,,,,,,,,2024-06-18T10:10:00,,,,0,,,,,,,,,,,,,
2024-06-18 12:00:00,964.4,31.0,73.0,1.3,92.0,4.9,84.0,0.0,,,,,,,,,,,2024-06-18T11:05:00,,,,0,,,,,,,,,,,,,
2024-06-18 13:00:00,963.7,32.1,70.0,1.1,62.0,5.5,69.0,0.0,,,,,,,,,,,2024-06-18T12:58:00,,,,0,,,,,,,,,,,,,
2024-06-18 14:00:00,963.0,30.8,74.0,1.3,62.0,5.1,55.0,0.0,,,,,,,,,,,2024-06-18T13:57:00,,,,0,,,,,,,,,,,,,
2024-06-18 15:00:00,962.6,29.1,77.0,1.2,93.0,4.5,57.0,0.0,,,,,,,,,,,2024-06-18T14:54:00,,,,0,,,,,,,,,,,,,
2024-06-18 16:00:00,962.6,28.4,81.0,1.2,63.0,6.9,76.0,0.0,,,,,,,,,,,2024-06-18T15:12:00,,,,0,,,,,,,,,,,,,
2024-06-18 17:00:00,962.9,27.5,84.0,0.7,60.0,6.6,54.0,0.0,,,,,,,,,,,2024-06-18T16:28:00,,,,0,,,,,,,,,,,,,
2024-06-18 18:00:00,963.4,26.8,85.0,1.5,58.0,5.4,61.0,0.0,,,,,,,,,,,2024-06-18T17:43:00,,,,0,,,,,,,,,,,,,
2024-06-18 19:00:00,963.9,26.0,89.0,0.2,0.0,5.1,46.0,0.0,,,,,,,,,,,2024-06-18T18:18:00,,,,0,,,,,,,,,,,,,
2024-06-18 20:00:00,964.5,26.0,89.0,1.5,190.0,2.7,353.0,0.0,,,,,,,,,,,2024-06-18T19:16:00,,,,0,,,,,,,,,,,,,
2024-06-18 21:00:00,964.7,25.4,94.0,1.7,187.0,3.6,201.0,0.0,,,,,,,,,,,2024-06-18T20:57:00,,,,0,,,,,,,,,,,,,
2024-06-18 22:00:00,965.3,25.1,97.0,1.9,191.0,3.5,193.0,0.0,,,,,,,,,,,2024-06-18T21:33:00,,,,0,,,,,,,,,,,,,
2024-06-18 23:00:00,965.7,24.9,97.0,1.7,190.0,3.7,195.0,0.0,,,,,,,,,,,2024-06-18T22:33:00,,,,0,,,,,,,,,,,,,
2024-06-19 00:00:00,965.2,24.9,96.0,2.0,188.0,3.4,199.0,0.0,,,,,,,,,,,2024-06-19T00:00:00,,,,0,,,,,,,,,,,,,
2024-06-19 01:00:00,964.5,25.0,94.0,1.6,180.0,3.6,191.0,0.0,,,,,,,,,,,2024-06-19T00:58:00,,,,0,,,,,,,,,,,,,
2024-06-19 02:00:00,963.9,24.8,96.0,1.6,182.0,3.0,188.0,0.0,,,,,,,,,,,2024-06-19T01:33:00,,,,0,,,,,,,,,,,,,
2024-06-19 03:00:00,963.5,24.3,98.0,1.7,193.0,3.9,209.0,0.0,,,,,,,,,,,2024-06-19T02:47:00,,,,0,,,,,,,,,,,,,
2024-06-19 04:00:00,963.9,24.6,97.0,1.0,177.0,3.1,188.0,0.0,,,,,,,,,,,2024-06-19T03:04:00,,,,0,,,,,,,,,,,,,
2024-06-19 05:00:00,964.4,24.5,98.0,0.8,162.0,2.3,186.0,0.0,,,,,,,,,,,2024-06-19T04:10:00,,,,0,,,,,,,,,,,,,
2024-06-19 06:00:00,964.7,25.0,90.0,1.2,192.0,2.7,189.0,0.0,,,,,,,,,,,2024-06-19T05:22:00,,,,0,,,,,,,,,,,,,
2024-06-19 07:00:00,965.1,26.6,89.0,0.0,0.0,1.6,195.0,0.0,,,,,,,,,,,2024-06-19T06:06:00,,,,0,,,,,,,,,,,,,
2024-06-19 08:00:00,965.2,28.3,83.0,0.3,151.0,1.6,184.0,0.0,,,,,,,,,,,2024-06-19T07:49:00,,,,0,,,,,,,,,,,,,
2024-06-19 09:00:00,965.1,28.8,79.0,0.5,149.0,2.9,203.0,0.0,,,,,,,,,,,2024-06-19T08:39:00,,,,0,,,,,,,,,,,,,
2024-06-19 10:00:00,964.8,28.9,78.0,0.9,158.0,3.7,220.0,0.0,,,,,,,,,,,2024-06-19T09:29:00,,,,0,,,,,,,,,,,,,
2024-06-19 11:00:00,964.6,28.9,75.0,1.0,165.0,5.8,154.0,0.0,,,,,,,,,,,2024-06-19T11:00:00,,,,0,,,,,,,,,,,,,
2024-06-19 12:00:00,964.0,29.2,76.0,1.0,177.0,4.7,210.0,0.0,,,,,,,,,,,2024-06-19T11:58:00,,,,0,,,,,,,,,,,,,
2024-06-19 13:00:00,963.7,28.4,79.0,1.2,171.0,4.9,186.0,0.0,,,,,,,,,,,2024-06-19T12:23:00,,,,0,,,,,,,,,,,,,
2024-06-19 14:00:00,963.2,28.2,81.0,1.1,166.0,4.8,193.0,0.0,,,,,,,,,,,2024-06-19T13:02:00,,,,0,,,,,,,,,,,,,
2024-06-19 15:00:00,962.5,28.3,82.0,0.6,169.0,5.2,146.0,0.0,,,,,,,,,,,2024-06-19T14:22:00,,,,0,,,,,,,,,,,,,
2024-06-19 16:00:00,962.6,27.0,88.0,0.8,178.0,6.1,196.0,0.0,,,,,,,,,,,2024-06-19T15:30:00,,,,0,,,,,,,,,,,,,
2024-06-19 17:00:00,962.6,26.7,92.0,0.6,164.0,3.3,191.0,0.0,,,,,,,,,,,2024-06-19T16:32:00,,,,0,,,,,,,,,,,,,
2024-06-19 18:00:00,962.9,26.6,93.0,0.4,156.0,3.2,154.0,0.0,,,,,,,,,,,2024-06-19T17:04:00,,,,0,,,,,,,,,,,,,
2024-06-19 19:00:00,963.5,26.3,95.0,0.9,160.0,4.3,129.0,0.0,,,,,,,,,,,2024-06-19T18:39:00,,,,0,,,,,,,,,,,,,
2024-06-19 20:00:00,963.9,26.1,95.0,1.1,154.0,4.5,143.0,0.0,,,,,,,,,,,2024-06-19T19:18:00,,,,0,,,,,,,,,,,,,
2024-06-19 21:00:00,964.6,25.9,97.0,0.8,158.0,3.7,156.0,0.0,,,,,,,,,,,2024-06-19T20:23:00,,,,0,,,,,,,,,,,,,
2024-06-19 22:00:00,965.2,26.0,97.0,1.1,142.0,3.2,138.0,0.0,,,,,,,,,,,2024-06-19T21:50:00,,,,0,,,,,,,,,,,,,
2024-06-19 23:00:00,965.1,25.9,98.0,1.0,164.0,3.2,202.0,0.0,,,,,,,,,,,2024-06-19T22:45:00,,,,0,,,,,,,,,,,,,
2024-06-20 00:00:00,964.5,25.8,100.0,1.0,189.0,2.7,200.0,0.0,,,,,,,,,,,2024-06-19T23:53:00,,,,0,,,,,,,,,,,,,
2024-06-20 01:00:00,963.6,25.1,100.0,1.0,176.0,2.9,201.0,0.0,,,,,,,,,,,2024-06-20T00:39:00,,,,0,,,,,,,,,,,,,
2024-06-20 02:00:00,962.8,25.3,95.0,1.4,179.0,3.2,186.0,0.0,,,,,,,,,,,2024-06-20T01:59:00,,,,0,,,,,,,,,,,,,
2024-06-20 03:00:00,962.8,25.5,91.0,1.1,181.0,3.2,198.0,0.0,,,,,,,,,,,2024-06-20T02:33:00,,,,0,,,,,,,,,,,,,
2024-06-20 04:00:00,962.9,25.4,89.0,1.4,182.0,3.5,205.0,0.0,,,,,,,,,,,2024-06-20T03:57:00,,,,0,,,,,,,,,,,,,
2024-06-20 05:00:00,963.2,25.0,89.0,0.8,181.0,3.1,198.0,0.0,,,,,,,,,,,2024-06-20T04:51:00,,,,0,,,,,,,,,,,,,
2024-06-20 06:00:00,963.4,25.6,88.0,0.6,168.0,2.5,190.0,0.0,,,,,,,,,,,2024-06-20T05:30:00,,,,0,,,,,,,,,,,,,
2024-06-20 07:00:00,963.3,26.0,89.0,0.2,0.0,2.4,206.0,0.0,,,,,,,,,,,2024-06-20T06:46:00,,,,0,,,,,,,,,,,,,
2024-06-20 08:00:00,963.7,27.7,82.0,0.5,146.0,2.5,198.0,0.0,,,,,,,,,,,2024-06-20T07:24:00,,,,0,,,,,,,,,,,,,
2024-06-20 09:00:00,964.0,29.1,80.0,0.8,168.0,4.0,185.0,0.0,,,,,,,,,,,2024-06-20T08:04:00,,,,0,,,,,,,,,,,,,
2024-06-20 10:00:00,964.0,28.8,82.0,0.5,175.0,3.8,189.0,0.0,,,,,,,,,,,2024-06-20T09:14:00,,,,0,,,,,,,,,,,,,
2024-06-20 11:00:00,963.8,30.8,73.0,0.4,171.0,4.4,184.0,0.0,,,,,,,,,,,2024-06-20T10:19:00,,,,0,,,,,,,,,,,,,
2024-06-20 12:00:00,963.7,29.3,78.0,0.3,163.0,5.0,210.0,0.0,,,,,,,,,,,2024-06-20T11:46:00,,,,0,,,,,,,,,,,,,
2024-06-20 13:00:00,963.1,27.7,87.0,0.8,165.0,4.9,147.0,0.0,,,,,,,,,,,2024-06-20T12:23:00,,,,0,,,,,,,,,,,,,
2024-06-20 14:00:00,962.6,26.6,95.0,1.4,163.0,5.7,161.0,0.0,,,,,,,,,,,2024-06-20T13:13:00,,,,0,,,,,,,,,,,,,
2024-06-20 15:00:00,962.6,26.2,95.0,1.2,154.0,3.8,170.0,0.0,,,,,,,,,,,2024-06-20T14:01:00,,,,0,,,,,,,,,,,,,
2024-06-20 16:00:00,962.4,26.6,96.0,1.0,166.0,4.8,192.0,0.0,,,,,,,,,,,2024-06-20T15:47:00,,,,0,,,,,,,,,,,,,
2024-06-20 17:00:00,962.6,26.0,99.0,1.1,164.0,3.9,194.0,0.5,,,,,,,,,,,2024-06-20T16:20:00,,,,0,,,,,,,,,,,,,
2024-06-20 18:00:00,963.2,26.1,100.0,1.1,176.0,3.7,174.0,0.0,,,,,,,,,,,2024-06-20T17:44:00,,,,0,,,,,,,,,,,,,
2024-06-20 19:00:00,963.9,25.2,100.0,1.6,175.0,4.7,189.0,0.0,,,,,,,,,,,2024-06-20T18:58:00,,,,0,,,,,,,,,,,,,
2024-06-20 20:00:00,964.5,25.3,100.0,1.3,167.0,7.0,198.0,0.0,,,,,,,,,,,2024-06-20T19:01:00,,,,0,,,,,,,,,,,,,
2024-06-20 21:00:00,965.0,25.5,99.0,0.8,159.0,4.5,208.0,0.0,,,,,,,,,,,2024-06-20T20:43:00,,,,0,,,,,,,,,,,,,
2024-06-20 22:00:00,965.1,25.5,97.0,1.0,152.0,2.8,202.0,0.0,,,,,,,,,,,2024-06-20T21:33:00,,,,0,,,,,,,,,,,,,
2024-06-20 23:00:00,964.6,25.6,94.0,1.2,178.0,5.2,186.0,0.0,,,,,,,,,,,2024-06-20T22:57:00,,,,0,,,,,,,,,,,,,
2024-06-21 00:00:00,963.9,25.5,92.0,1.0,167.0,4.6,207.0,0.0,,,,,,,,,,,2024-06-20T23:05:00,,,,0,,,,,,,,,,,,,
2024-06-21 01:00:00,963.2,25.6,89.0,1.5,178.0,4.8,192.0,0.0,,,,,,,,,,,2024-06-21T00:40:00,,,,0,,,,,,,,,,,,,
2024-06-21 02:00:00,962.8,25.7,85.0,1.1,169.0,4.2,200.0,0.0,,,,,,,,,,,2024-06-21T01:28:00,,,,0,,,,,,,,,,,,,
2024-06-21 03:00:00,963.1,25.6,85.0,0.9,161.0,4.1,191.0,0.0,,,,,,,,,,,2024-06-21T02:20:00,,,,0,,,,,,,,,,,,,
2024-06-21 04:00:00,962.7,25.4,84.0,1.2,175.0,4.3,193.0,0.0,,,,,,,,,,,2024-06-21T03:34:00,,,,0,,,,,,,,,,,,,
2024-06-21 05:00:00,963.3,25.6,82.0,0.8,169.0,4.2,182.0,0.0,,,,,,,,,,,2024-06-21T04:41:00,,,,0,,,,,,,,,,,,,
2024-06-21 06:00:00,963.7,25.5,82.0,0.7,167.0,5.2,203.0,0.0,,,,,,,,,,,2024-06-21T05:20:00,,,,0,,,,,,,,,,,,,
2024-06-21 07:00:00,964.0,26.0,83.0,0.8,163.0,4.4,198.0,0.0,,,,,,,,,,,2024-06-21T06:55:00,,,,0,,,,,,,,,,,,,
2024-06-21 08:00:00,964.4,27.5,83.0,0.4,150.0,4.0,192.0,0.0,,,,,,,,,,,2024-06-21T07:10:00,,,,0,,,,,,,,,,,,,
2024-06-21 09:00:00,964.1,28.4,83.0,1.4,155.0,5.8,198.0,0.0,,,,,,,,,,,2024-06-21T08:45:00,,,,0,,,,,,,,,,,,,
2024-06-21 10:00:00,963.9,27.9,86.0,1.3,166.0,5.4,142.0,0.0,,,,,,,,,,,2024-06-21T09:28:00,,,,0,,,,,,,,,,,,,
2024-06-21 11:00:00,963.8,27.5,88.0,1.3,160.0,5.9,186.0,0.0,,,,,,,,,,,2024-06-21T10:22:00,,,,0,,,,,,,,,,,,,
2024-06-21 12:00:00,963.4,28.0,85.0,1.6,163.0,6.5,200.0,0.0,,,,,,,,,,,2024-06-21T11:01:00,,,,0,,,,,,,,,,,,,
2024-06-21 13:00:00,962.7,28.3,87.0,1.0,164.0,4.8,205.0,0.0,,,,,,,,,,,2024-06-21T12:08:00,,,,0,,,,,,,,,,,,,
2024-06-21 14:00:00,962.5,28.2,87.0,1.1,173.0,4.9,197.0,0.0,,,,,,,,,,,2024-06-21T13:22:00,,,,0,,,,,,,,,,,,,
2024-06-21 15:00:00,962.0,27.6,91.0,1.0,167.0,6.1,216.0,0.0,,,,,,,,,,,2024-06-21T14:02:00,,,,0,,,,,,,,,,,,,
2024-06-21 16:00:00,962.0,27.3,91.0,1.3,161.0,7.6,203.0,0.0,,,,,,,,,,,2024-06-21T15:12:00,,,,0,,,,,,,,,,,,,
2024-06-21 17:00:00,962.5,26.6,96.0,0.8,162.0,4.8,209.0,0.0,,,,,,,,,,,2024-06-21T16:13:00,,,,0,,,,,,,,,,,,,
2024-06-21 18:00:00,963.2,26.6,98.0,0.9,160.0,4.0,150.0,0.0,,,,,,,,,,,2024-06-21T17:09:00,,,,0,,,,,,,,,,,,,
2024-06-21 19:00:00,963.9,26.5,100.0,0.7,155.0,3.4,143.0,0.0,,,,,,,,,,,2024-06-21T18:19:00,,,,0,,,,,,,,,,,,,
2024-06-21 20:00:00,964.4,26.4,100.0,0.9,155.0,4.0,185.0,1.0,,,,,,,,,,,2024-06-21T19:36:00,,,,0,,,,,,,,,,,,,
2024-06-21 21:00:00,964.5,26.4,100.0,0.8,166.0,3.7,187.0,0.0,,,,,,,,,,,2024-06-21T20:01:00,,,,0,,,,,,,,,,,,,
2024-06-21 22:00:00,965.2,26.2,100.0,0.9,162.0,3.3,201.0,0.0,,,,,,,,,,,2024-06-21T21:02:00,,,,0,,,,,,,,,,,,,
2024-06-21 23:00:00,965.3,25.8,100.0,1.3,165.0,5.0,208.0,0.0,,,,,,,,,,,2024-06-21T22:43:00,,,,0,,,,,,,,,,,,,
2024-06-22 00:00:00,965.2,25.6,100.0,1.4,179.0,5.5,201.0,0.0,,,,,,,,,,,2024-06-21T23:42:00,,,,0,,,,,,,,,,,,,
2024-06-22 01:00:00,965.0,24.9,100.0,1.1,169.0,5.0,198.0,0.5,,,,,,,,,,,2024-06-22T00:37:00,,,,0,,,,,,,,,,,,,
2024-06-22 02:00:00,964.6,25.1,99.0,1.1,168.0,3.6,179.0,0.0,,,,,,,,,,,2024-06-22T01:07:00,,,,0,,,,,,,,,,,,,
2024-06-22 03:00:00,964.4,25.2,96.0,1.4,175.0,4.6,186.0,0.0,,,,,,,,,,,2024-06-22T02:10:00,,,,0,,,,,,,,,,,,,
2024-06-22 04:00:00,963.8,25.2,94.0,1.5,179.0,5.2,194.0,0.0,,,,,,,,,,,2024-06-22T03:20:00,,,,0,,,,,,,,,,,,,
2024-06-22 05:00:00,963.9,25.4,88.0,1.8,181.0,4.9,182.0,0.0,,,,,,,,,,,2024-06-22T04:59:00,,,,0,,,,,,,,,,,,,
2024-06-22 06:00:00,964.0,25.4,86.0,1.6,182.0,4.2,193.0,0.0,,,,,,,,,,,2024-06-22T05:53:00,,,,0,,,,,,,,,,,,,
2024-06-22 07:00:00,964.5,26.7,80.0,0.8,159.0,3.6,192.0,0.0,,,,,,,,,,,2024-06-22T06:03:00,,,,0,,,,,,,,,,,,,
2024-06-22 08:00:00,964.6,28.6,79.0,0.9,153.0,3.2,184.0,0.0,,,,,,,,,,,2024-06-22T07:51:00,,,,0,,,,,,,,,,,,,
2024-06-22 09:00:00,964.7,29.6,80.0,0.6,167.0,4.4,195.0,0.0,,,,,,,,,,,2024-06-22T08:40:00,,,,0,,,,,,,,,,,,,
2024-06-22 10:00:00,964.8,28.6,85.0,1.6,168.0,5.5,144.0,0.0,,,,,,,,,,,2024-06-22T09:59:00,,,,0,,,,,,,,,,,,,
2024-06-22 11:00:00,964.9,29.5,78.0,1.1,170.0,6.0,153.0,0.0,,,,,,,,,,,2024-06-22T10:09:00,,,,0,,,,,,,,,,,,,
2024-06-22 12:00:00,964.6,29.1,83.0,1.1,179.0,7.0,181.0,0.0,,,,,,,,,,,2024-06-22T11:36:00,,,,0,,,,,,,,,,,,,
2024-06-22 13:00:00,964.4,29.3,82.0,1.2,169.0,7.3,184.0,0.0,,,,,,,,,,,2024-06-22T12:16:00,,,,0,,,,,,,,,,,,,
2024-06-22 14:00:00,963.5,28.0,89.0,1.5,177.0,7.4,205.0,0.0,,,,,,,,,,,2024-06-22T13:10:00,,,,0,,,,,,,,,,,,,
2024-06-22 15:00:00,963.1,27.6,89.0,2.3,167.0,6.6,178.0,0.0,,,,,,,,,,,2024-06-22T14:19:00,,,,0,,,,,,,,,,,,,
2024-06-22 16:00:00,962.9,27.8,89.0,1.5,160.0,7.0,157.0,0.0,,,,,,,,,,,2024-06-22T15:02:00,,,,0,,,,,,,,,,,,,
2024-06-22 17:00:00,963.2,27.4,91.0,1.1,154.0,5.1,204.0,0.0,,,,,,,,,,,2024-06-22T16:38:00,,,,0,,,,,,,,,,,,,
2024-06-22 18:00:00,963.4,26.8,96.0,1.3,158.0,6.3,188.0,0.0,,,,,,,,,,,2024-06-22T17:34:00,,,,0,,,,,,,,,,,,,
2024-06-22 19:00:00,964.0,26.4,100.0,1.2,165.0,4.8,133.0,0.0,,,,,,,,,,,2024-06-22T18:09:00,,,,0,,,,,,,,,,,,,
2024-06-22 20:00:00,964.5,26.7,100.0,1.2,158.0,5.3,211.0,0.0,,,,,,,,,,,2024-06-22T19:06:00,,,,0,,,,,,,,,,,,,
2024-06-22 21:00:00,965.2,26.6,100.0,0.8,155.0,5.1,205.0,0.0,,,,,,,,,,,2024-06-22T20:10:00,,,,0,,,,,,,,,,,,,
2024-06-22 22:00:00,965.3,26.2,100.0,0.1,0.0,2.1,159.0,0.0,,,,,,,,,,,2024-06-22T21:13:00,,,,0,,,,,,,,,,,,,
2024-06-22 23:00:00,965.5,26.1,100.0,0.0,0.0,1.5,203.0,0.0,,,,,,,,,,,2024-06-22T22:39:00,,,,0,,,,,,,,,,,,,
2024-06-23 00:00:00,965.2,25.9,100.0,0.6,173.0,1.6,157.0,0.0,,,,,,,,,,,2024-06-22T23:32:00,,,,0,,,,,,,,,,,,,
2024-06-23 01:00:00,964.7,25.4,100.0,0.0,0.0,1.8,161.0,0.0,,,,,,,,,,,2024-06-23T00:47:00,,,,0,,,,,,,,,,,,,
2024-06-23 02:00:00,964.5,25.3,98.0,0.8,143.0,2.6,150.0,0.0,,,,,,,,,,,2024-06-23T01:22:00,,,,0,,,,,,,,,,,,,
2024-06-23 03:00:00,964.6,25.3,99.0,1.3,31.0,2.1,38.0,0.0,,,,,,,,,,,2024-06-23T02:51:00,,,,0,,,,,,,,,,,,,
2024-06-23 04:00:00,964.5,25.5,97.0,0.9,124.0,2.0,131.0,0.0,,,,,,,,,,,2024-06-23T03:53:00,,,,0,,,,,,,,,,,,,
2024-06-23 05:00:00,964.6,24.7,99.0,1.2,46.0,2.6,47.0,0.0,,,,,,,,,,,2024-06-23T04:56:00,,,,0,,,,,,,,,,,,,
2024-06-23 06:00:00,964.7,25.4,99.0,0.9,22.0,2.2,10.0,0.0,,,,,,,,,,,2024-06-23T05:31:00,,,,0,,,,,,,,,,,,,
2024-06-23 07:00:00,965.0,26.8,93.0,0.0,0.0,1.8,39.0,0.0,,,,,,,,,,,2024-06-23T06:02:00,,,,0,,,,,,,,,,,,,
2024-06-23 08:00:00,964.8,29.2,79.0,0.1,0.0,1.7,141.0,0.0,,,,,,,,,,,2024-06-23T07:26:00,,,,0,,,,,,,,,,,,,
2024-06-23 09:00:00,965.0,30.2,69.0,0.9,168.0,3.4,178.0,0.0,,,,,,,,,,,2024-06-23T08:57:00,,,,0,,,,,,,,,,,,,
2024-06-23 10:00:00,965.0,29.2,79.0,1.4,158.0,4.2,170.0,0.0,,,,,,,,,,,2024-06-23T09:58:00,,,,0,,,,,,,,,,,,,
2024-06-23 11:00:00,964.8,29.4,80.0,1.8,160.0,7.0,188.0,0.0,,,,,,,,,,,2024-06-23T10:13:00,,,,0,,,,,,,,,,,,,
2024-06-23 12:00:00,964.6,29.6,79.0,1.9,166.0,7.0,178.0,0.0,,,,,,,,,,,2024-06-23T11:05:00,,,,0,,,,,,,,,,,,,
2024-06-23 13:00:00,964.0,29.8,78.0,1.8,167.0,7.4,195.0,0.0,,,,,,,,,,,2024-06-23T12:24:00,,,,0,,,,,,,,,,,,,
2024-06-23 14:00:00,963.2,29.3,78.0,2.0,161.0,5.4,167.0,0.0,,,,,,,,,,,2024-06-23T13:33:00,,,,0,,,,,,,,,,,,,
2024-06-23 15:00:00,962.6,29.5,76.0,2.1,163.0,7.2,212.0,0.0,,,,,,,,,,,2024-06-23T14:26:00,,,,0,,,,,,,,,,,,,
2024-06-23 16:00:00,961.8,30.3,73.0,1.1,170.0,6.7,156.0,0.0,,,,,,,,,,,2024-06-23T15:06:00,,,,0,,,,,,,,,,,,,
2024-06-23 17:00:00,961.9,31.0,70.0,0.2,0.0,4.6,198.0,0.0,,,,,,,,,,,2024-06-23T16:10:00,,,,0,,,,,,,,,,,,,
2024-06-23 18:00:00,962.5,30.8,71.0,0.3,354.0,2.3,159.0,0.0,,,,,,,,,,,2024-06-23T17:03:00,,,,0,,,,,,,,,,,,,
2024-06-23 19:00:00,962.9,27.8,82.0,0.7,28.0,1.6,360.0,0.0,,,,,,,,,,,2024-06-23T18:07:00,,,,0,,,,,,,,,,,,,
2024-06-23 20:00:00,963.7,27.5,85.0,1.4,321.0,4.0,328.0,0.0,,,,,,,,,,,2024-06-23T19:54:00,,,,0,,,,,,,,,,,,,
2024-06-23 21:00:00,964.3,26.9,87.0,0.9,319.0,3.3,60.0,0.0,,,,,,,,,,,2024-06-23T20:07:00,,,,0,,,,,,,,,,,,,
2024-06-23 22:00:00,965.0,26.9,88.0,0.4,311.0,1.8,316.0,0.0,,,,,,,,,,,2024-06-23T21:31:00,,,,0,,,,,,,,,,,,,
2024-06-23 23:00:00,965.7,26.4,92.0,0.6,347.0,3.3,15.0,0.0,,,,,,,,,,,2024-06-23T22:44:00,,,,0,,,,,,,,,,,,,
2024-06-24 00:00:00,965.3,26.3,94.0,0.6,17.0,3.8,63.0,0.0,,,,,,,,,,,2024-06-23T23:29:00,,,,0,,,,,,,,,,,,,
2024-06-24 01:00:00,965.6,26.2,89.0,0.4,210.0,2.1,211.0,0.0,,,,,,,,,,,2024-06-24T00:58:00,,,,0,,,,,,,,,,,,,
2024-06-24 02:00:00,965.6,25.9,92.0,1.1,145.0,2.5,143.0,0.0,,,,,,,,,,,2024-06-24T01:55:00,,,,0,,,,,,,,,,,,,
2024-06-24 03:00:00,965.7,25.7,88.0,0.9,192.0,2.5,143.0,0.0,,,,,,,,,,,2024-06-24T02:08:00,,,,0,,,,,,,,,,,,,
2024-06-24 04:00:00,965.9,26.1,89.0,0.8,216.0,1.7,207.0,0.0,,,,,,,,,,,2024-06-24T03:02:00,,,,0,,,,,,,,,,,,,
2024-06-24 05:00:00,966.1,25.4,88.0,2.1,206.0,2.9,201.0,0.0,,,,,,,,,,,2024-06-24T05:00:00,,,,0,,,,,,,,,,,,,
2024-06-24 06:00:00,966.5,25.9,85.0,0.7,175.0,2.7,194.0,0.0,,,,,,,,,,,2024-06-24T05:01:00,,,,0,,,,,,,,,,,,,
2024-06-24 07:00:00,966.6,27.2,80.0,0.7,150.0,4.0,206.0,0.0,,,,,,,,,,,2024-06-24T06:28:00,,,,0,,,,,,,,,,,,,
2024-06-24 08:00:00,966.5,28.8,76.0,0.9,148.0,3.6,187.0,0.0,,,,,,,,,,,2024-06-24T07:43:00,,,,0,,,,,,,,,,,,,
2024-06-24 09:00:00,966.4,28.8,80.0,1.0,152.0,5.2,190.0,0.0,,,,,,,,,,,2024-06-24T08:05:00,,,,0,,,,,,,,,,,,,
2024-06-24 10:00:00,966.4,28.6,80.0,1.7,167.0,4.9,196.0,0.0,,,,,,,,,,,2024-06-24T09:26:00,,,,0,,,,,,,,,,,,,
2024-06-24 11:00:00,966.0,28.4,78.0,1.6,162.0,6.4,196.0,0.0,,,,,,,,,,,2024-06-24T10:52:00,,,,0,,,,,,,,,,,,,
2024-06-24 12:00:00,965.8,29.3,80.0,1.6,166.0,6.8,202.0,0.0,,,,,,,,,,,2024-06-24T11:59:00,,,,0,,,,,,,,,,,,,
2024-06-24 13:00:00,965.2,28.3,85.0,1.8,169.0,8.5,202.0,0.0,,,,,,,,,,,2024-06-24T12:47:00,,,,0,,,,,,,,,,,,,
2024-06-24 14:00:00,964.9,28.0,89.0,2.1,161.0,9.3,203.0,0.0,,,,,,,,,,,2024-06-24T13:17:00,,,,0,,,,,,,,,,,,,
2024-06-24 15:00:00,964.6,27.4,92.0,2.2,167.0,8.3,192.0,0.0,,,,,,,,,,,2024-06-24T14:52:00,,,,0,,,,,,,,,,,,,
2024-06-24 16:00:00,964.1,27.0,93.0,1.4,157.0,4.4,195.0,0.0,,,,,,,,,,,2024-06-24T15:14:00,,,,0,,,,,,,,,,,,,
2024-06-24 17:00:00,964.6,27.0,94.0,1.2,155.0,6.0,165.0,0.0,,,,,,,,,,,2024-06-24T16:02:00,,,,0,,,,,,,,,,,,,
2024-06-24 18:00:00,965.2,26.8,96.0,0.9,161.0,5.7,193.0,0.0,,,,,,,,,,,2024-06-24T17:13:00,,,,0,,,,,,,,,,,,,
2024-06-24 19:00:00,965.3,26.6,99.0,1.1,156.0,3.3,162.0,0.0,,,,,,,,,,,2024-06-24T18:07:00,,,,0,,,,,,,,,,,,,
2024-06-24 20:00:00,966.5,26.3,98.0,0.7,158.0,4.8,202.0,0.0,,,,,,,,,,,2024-06-24T19:22:00,,,,0,,,,,,,,,,,,,
2024-06-24 21:00:00,967.0,26.4,100.0,1.0,163.0,3.7,190.0,0.0,,,,,,,,,,,2024-06-24T20:20:00,,,,0,,,,,,,,,,,,,
2024-06-24 22:00:00,968.3,26.3,100.0,1.1,167.0,4.8,160.0,0.0,,,,,,,,,,,2024-06-24T22:00:00,,,,0,,,,,,,,,,,,,
2024-06-24 23:00:00,968.8,25.2,98.0,0.9,23.0,3.5,157.0,0.0,,,,,,,,,,,2024-06-24T22:01:00,,,,0,,,,,,,,,,,,,
2024-06-25 00:00:00,968.9,22.8,100.0,1.8,340.0,7.2,319.0,19.0,,,,,,,,,,,2024-06-24T23:22:00,,,,0,,,,,,,,,,,,,
2024-06-25 01:00:00,967.8,22.5,100.0,2.3,308.0,5.8,294.0,2.5,,,,,,,,,,,2024-06-25T00:06:00,,,,0,,,,,,,,,,,,,
2024-06-25 02:00:00,967.5,23.9,92.0,0.8,279.0,3.1,310.0,0.0,,,,,,,,,,,2024-06-25T01:08:00,,,,0,,,,,,,,,,,,,
2024-06-25 03:00:00,967.1,24.7,94.0,0.8,238.0,3.3,207.0,0.0,,,,,,,,,,,2024-06-25T02:32:00,,,,0,,,,,,,,,,,,,
2024-06-25 04:00:00,967.1,24.9,92.0,0.3,202.0,2.8,201.0,0.0,,,,,,,,,,,2024-06-25T03:35:00,,,,0,,,,,,,,,,,,,
2024-06-25 05:00:00,967.6,24.8,89.0,1.0,267.0,2.5,209.0,0.0,,,,,,,,,,,2024-06-25T04:25:00,,,,0,,,,,,,,,,,,,
2024-06-25 06:00:00,967.8,25.2,87.0,0.6,1.0,1.8,331.0,0.0,,,,,,,,,,,2024-06-25T05:10:00,,,,0,,,,,,,,,,,,,
2024-06-25 07:00:00,968.0,26.8,85.0,0.1,0.0,1.3,186.0,0.0,,,,,,,,,,,2024-06-25T06:17:00,,,,0,,,,,,,,,,,,,
2024-06-25 08:00:00,968.4,28.4,85.0,0.1,0.0,2.2,188.0,0.0,,,,,,,,,,,2024-06-25T07:15:00,,,,0,,,,,,,,,,,,,
2024-06-25 09:00:00,968.6,28.8,83.0,0.4,163.0,2.0,193.0,0.0,,,,,,,,,,,2024-06-25T08:51:00,,,,0,,,,,,,,,,,,,
2024-06-25 10:00:00,968.4,29.0,78.0,0.7,171.0,3.4,188.0,0.0,,,,,,,,,,,2024-06-25T09:59:00,,,,0,,,,,,,,,,,,,
2024-06-25 11:00:00,968.2,28.6,81.0,1.0,169.0,4.0,152.0,0.0,,,,,,,,,,,2024-06-25T11:00:00,,,,0,,,,,,,,,,,,,
2024-06-25 12:00:00,967.5,31.0,73.0,0.3,184.0,3.8,152.0,0.0,,,,,,,,,,,2024-06-25T11:08:00,,,,0,,,,,,,,,,,,,
2024-06-25 13:00:00,967.1,30.2,71.0,0.3,146.0,4.6,206.0,0.0,,,,,,,,,,,2024-06-25T12:20:00,,,,0,,,,,,,,,,,,,
2024-06-25 14:00:00,967.1,29.9,73.0,0.3,197.0,3.5,100.0,0.0,,,,,,,,,,,2024-06-25T13:38:00,,,,0,,,,,,,,,,,,,
2024-06-25 15:00:00,967.0,29.5,73.0,0.5,175.0,3.1,166.0,0.0,,,,,,,,,,,2024-06-25T14:27:00,,,,0,,,,,,,,,,,,,
2024-06-25 16:00:00,966.7,29.4,77.0,0.1,0.0,3.8,162.0,0.0,,,,,,,,,,,2024-06-25T15:16:00,,,,0,,,,,,,,,,,,,
2024-06-25 17:00:00,967.1,28.3,78.0,0.4,177.0,3.6,160.0,0.0,,,,,,,,,,,2024-06-25T16:19:00,,,,0,,,,,,,,,,,,,
2024-06-25 18:00:00,967.2,26.7,84.0,0.4,159.0,3.3,195.0,0.0,,,,,,,,,,,2024-06-25T17:01:00,,,,0,,,,,,,,,,,,,
2024-06-25 19:00:00,968.0,26.3,91.0,0.7,154.0,2.6,154.0,0.0,,,,,,,,,,,2024-06-25T18:23:00,,,,0,,,,,,,,,,,,,
2024-06-25 20:00:00,968.6,26.0,93.0,1.0,182.0,2.1,188.0,0.0,,,,,,,,,,,2024-06-25T19:56:00,,,,0,,,,,,,,,,,,,
2024-06-25 21:00:00,969.5,25.8,92.0,1.0,230.0,2.2,207.0,0.0,,,,,,,,,,,2024-06-25T20:22:00,,,,0,,,,,,,,,,,,,
2024-06-25 22:00:00,969.9,26.0,88.0,0.9,181.0,2.8,187.0,0.0,,,,,,,,,,,2024-06-25T21:46:00,,,,0,,,,,,,,,,,,,
2024-06-25 23:00:00,970.2,26.1,89.0,0.8,227.0,2.1,190.0,0.0,,,,,,,,,,,2024-06-25T22:01:00,,,,0,,,,,,,,,,,,,
2024-06-26 00:00:00,969.8,25.7,94.0,0.0,0.0,1.0,208.0,0.0,,,,,,,,,,,2024-06-25T23:01:00,,,,0,,,,,,,,,,,,,
2024-06-26 01:00:00,969.7,25.4,93.0,1.0,306.0,1.4,309.0,0.0,,,,,,,,,,,2024-06-26T00:56:00,,,,0,,,,,,,,,,,,,
2024-06-26 02:00:00,969.2,25.0,93.0,1.0,320.0,1.7,9.0,0.0,,,,,,,,,,,2024-06-26T01:35:00,,,,0,,,,,,,,,,,,,
2024-06-26 03:00:00,969.2,25.2,94.0,1.5,314.0,1.9,305.0,0.0,,,,,,,,,,,2024-06-26T02:03:00,,,,0,,,,,,,,,,,,,
2024-06-26 04:00:00,969.1,25.0,89.0,1.3,25.0,2.1,32.0,0.0,,,,,,,,,,,2024-06-26T03:55:00,,,,0,,,,,,,,,,,,,
2024-06-26 05:00:00,969.3,24.3,88.0,1.0,336.0,3.0,36.0,0.0,,,,,,,,,,,2024-06-26T04:40:00,,,,0,,,,,,,,,,,,,
2024-06-26 06:00:00,969.8,25.4,86.0,0.8,34.0,3.3,33.0,0.0,,,,,,,,,,,2024-06-26T05:09:00,,,,0,,,,,,,,,,,,,
2024-06-26 07:00:00,970.3,26.9,75.0,0.5,20.0,2.4,43.0,0.0,,,,,,,,,,,2024-06-26T06:24:00,,,,0,,,,,,,,,,,,,
2024-06-26 08:00:00,970.3,28.5,82.0,0.6,30.0,1.7,6.0,0.0,,,,,,,,,,,2024-06-26T07:34:00,,,,0,,,,,,,,,,,,,
2024-06-26 09:00:00,970.8,30.8,75.0,0.4,91.0,2.0,62.0,0.0,,,,,,,,,,,2024-06-26T08:09:00,,,,0,,,,,,,,,,,,,
2024-06-26 10:00:00,970.1,31.7,74.0,0.9,93.0,4.4,97.0,0.0,,,,,,,,,,,2024-06-26T09:49:00,,,,0,,,,,,,,,,,,,
2024-06-26 11:00:00,969.9,32.1,68.0,0.8,98.0,5.9,104.0,0.0,,,,,,,,,,,2024-06-26T10:48:00,,,,0,,,,,,,,,,,,,
2024-06-26 12:00:00,970.2,30.9,71.0,1.1,117.0,6.6,90.0,0.0,,,,,,,,,,,2024-06-26T11:10:00,,,,0,,,,,,,,,,,,,
2024-06-26 13:00:00,969.8,31.6,71.0,0.7,116.0,6.0,108.0,0.0,,,,,,,,,,,2024-06-26T12:06:00,,,,0,,,,,,,,,,,,,
2024-06-26 14:00:00,969.5,28.9,80.0,1.6,110.0,6.3,95.0,0.0,,,,,,,,,,,2024-06-26T13:48:00,,,,0,,,,,,,,,,,,,
2024-06-26 15:00:00,969.1,28.9,77.0,1.7,104.0,5.7,108.0,0.0,,,,,,,,,,,2024-06-26T14:44:00,,,,0,,,,,,,,,,,,,
2024-06-26 16:00:00,968.8,29.0,79.0,0.6,104.0,6.6,111.0,0.0,,,,,,,,,,,2024-06-26T15:08:00,,,,0,,,,,,,,,,,,,
2024-06-26 17:00:00,968.9,27.4,86.0,1.9,118.0,4.1,101.0,0.0,,,,,,,,,,,2024-06-26T16:15:00,,,,0,,,,,,,,,,,,,
2024-06-26 18:00:00,969.1,26.7,91.0,1.4,108.0,4.2,115.0,0.0,,,,,,,,,,,2024-06-26T17:36:00,,,,0,,,,,,,,,,,,,
2024-06-26 19:00:00,969.2,26.2,93.0,1.6,80.0,2.8,56.0,0.0,,,,,,,,,,,2024-06-26T18:05:00,,,,0,,,,,,,,,,,,,
2024-06-26 20:00:00,970.3,25.8,95.0,1.0,106.0,2.6,115.0,0.0,,,,,,,,,,,2024-06-26T19:42:00,,,,0,,,,,,,,,,,,,
2024-06-26 21:00:00,970.4,25.9,95.0,0.9,306.0,2.4,93.0,0.0,,,,,,,,,,,2024-06-26T20:01:00,,,,0,,,,,,,,,,,,,
2024-06-26 22:00:00,970.9,25.6,96.0,0.8,20.0,2.0,48.0,0.0,,,,,,,,,,,2024-06-26T21:19:00,,,,0,,,,,,,,,,,,,
2024-06-26 23:00:00,970.9,25.4,96.0,0.5,317.0,2.1,31.0,0.0,,,,,,,,,,,2024-06-26T22:26:00,,,,0,,,,,,,,,,,,,
2024-06-27 00:00:00,971.0,24.5,99.0,1.1,259.0,3.3,140.0,0.0,,,,,,,,,,,2024-06-26T23:34:00,,,,0,,,,,,,,,,,,,
2024-06-27 01:00:00,970.3,24.6,96.0,1.1,75.0,2.4,275.0,0.0,,,,,,,,,,,2024-06-27T00:28:00,,,,0,,,,,,,,,,,,,
2024-06-27 02:00:00,970.4,24.4,100.0,1.4,258.0,2.9,275.0,1.5,,,,,,,,,,,2024-06-27T01:43:00,,,,0,,,,,,,,,,,,,
2024-06-27 03:00:00,970.3,22.7,100.0,3.2,303.0,6.8,308.0,6.0,,,,,,,,,,,2024-06-27T02:29:00,,,,0,,,,,,,,,,,,,
2024-06-27 04:00:00,970.3,23.1,100.0,1.5,307.0,4.5,315.0,0.0,,,,,,,,,,,2024-06-27T03:02:00,,,,0,,,,,,,,,,,,,
2024-06-27 05:00:00,970.6,24.3,89.0,1.1,359.0,3.0,35.0,0.0,,,,,,,,,,,2024-06-27T04:36:00,,,,0,,,,,,,,,,,,,
2024-06-27 06:00:00,970.3,23.7,94.0,1.7,312.0,3.1,321.0,0.0,,,,,,,,,,,2024-06-27T05:15:00,,,,0,,,,,,,,,,,,,
2024-06-27 07:00:00,970.2,26.2,86.0,1.7,59.0,2.8,42.0,0.0,,,,,,,,,,,2024-06-27T06:40:00,,,,0,,,,,,,,,,,,,
2024-06-27 08:00:00,970.3,27.3,87.0,0.1,0.0,1.6,80.0,0.0,,,,,,,,,,,2024-06-27T07:25:00,,,,0,,,,,,,,,,,,,
2024-06-27 09:00:00,970.3,29.1,80.0,0.1,0.0,1.8,130.0,0.0,,,,,,,,,,,2024-06-27T08:47:00,,,,0,,,,,,,,,,,,,
2024-06-27 10:00:00,970.1,31.1,81.0,0.0,0.0,1.1,15.0,0.0,,,,,,,,,,,2024-06-27T09:20:00,,,,0,,,,,,,,,,,,,
2024-06-27 11:00:00,969.6,31.6,70.0,0.6,91.0,4.2,85.0,0.0,,,,,,,,,,,2024-06-27T10:48:00,,,,0,,,,,,,,,,,,,
2024-06-27 12:00:00,969.2,30.9,74.0,1.0,106.0,4.8,95.0,0.0,,,,,,,,,,,2024-06-27T11:49:00,,,,0,,,,,,,,,,,,,
2024-06-27 13:00:00,969.1,29.6,78.0,0.9,127.0,4.6,96.0,0.0,,,,,,,,,,,2024-06-27T12:11:00,,,,0,,,,,,,,,,,,,
2024-06-27 14:00:00,968.4,30.1,70.0,0.3,146.0,3.8,143.0,0.0,,,,,,,,,,,2024-06-27T13:36:00,,,,0,,,,,,,,,,,,,
2024-06-27 15:00:00,968.3,30.7,67.0,0.1,0.0,4.1,100.0,0.0,,,,,,,,,,,2024-06-27T14:20:00,,,,0,,,,,,,,,,,,,
2024-06-27 16:00:00,967.9,29.8,72.0,0.3,164.0,4.7,111.0,0.0,,,,,,,,,,,2024-06-27T15:25:00,,,,0,,,,,,,,,,,,,
2024-06-27 17:00:00,967.8,28.1,79.0,0.8,129.0,3.0,178.0,0.0,,,,,,,,,,,2024-06-27T16:40:00,,,,0,,,,,,,,,,,,,
2024-06-27 18:00:00,968.4,26.8,89.0,0.6,141.0,3.3,138.0,0.0,,,,,,,,,,,2024-06-27T17:33:00,,,,0,,,,,,,,,,,,,
2024-06-27 19:00:00,969.0,26.3,92.0,0.8,157.0,2.1,159.0,0.0,,,,,,,,,,,2024-06-27T18:03:00,,,,0,,,,,,,,,,,,,
2024-06-27 20:00:00,969.3,25.9,95.0,0.1,0.0,2.5,199.0,0.0,,,,,,,,,,,2024-06-27T19:37:00,,,,0,,,,,,,,,,,,,
2024-06-27 21:00:00,969.7,25.5,97.0,0.9,186.0,2.0,210.0,0.0,,,,,,,,,,,2024-06-27T20:23:00,,,,0,,,,,,,,,,,,,
2024-06-27 22:00:00,969.8,25.4,93.0,1.2,195.0,2.1,190.0,0.0,,,,,,,,,,,2024-06-27T21:51:00,,,,0,,,,,,,,,,,,,
2024-06-27 23:00:00,969.5,25.3,93.0,0.9,197.0,2.6,200.0,0.0,,,,,,,,,,,2024-06-27T22:40:00,,,,0,,,,,,,,,,,,,
2024-06-28 00:00:00,968.9,25.7,88.0,0.8,169.0,3.2,191.0,0.0,,,,,,,,,,,2024-06-27T23:35:00,,,,0,,,,,,,,,,,,,
2024-06-28 01:00:00,968.4,25.5,88.0,1.2,181.0,2.8,188.0,0.0,,,,,,,,,,,2024-06-28T00:17:00,,,,0,,,,,,,,,,,,,
2024-06-28 02:00:00,968.3,25.2,89.0,0.8,186.0,3.3,196.0,0.0,,,,,,,,,,,2024-06-28T01:40:00,,,,0,,,,,,,,,,,,,
2024-06-28 03:00:00,968.3,25.3,90.0,0.8,162.0,4.1,200.0,0.0,,,,,,,,,,,2024-06-28T02:18:00,,,,0,,,,,,,,,,,,,
2024-06-28 04:00:00,968.2,25.2,89.0,1.0,182.0,3.6,196.0,0.0,,,,,,,,,,,2024-06-28T03:33:00,,,,0,,,,,,,,,,,,,
2024-06-28 05:00:00,967.9,24.6,90.0,0.9,240.0,2.3,201.0,0.0,,,,,,,,,,,2024-06-28T04:26:00,,,,0,,,,,,,,,,,,,
2024-06-28 06:00:00,968.4,25.4,86.0,0.8,184.0,2.7,195.0,0.0,,,,,,,,,,,2024-06-28T05:44:00,,,,0,,,,,,,,,,,,,
2024-06-28 07:00:00,968.5,26.6,85.0,0.2,0.0,2.4,201.0,0.0,,,,,,,,,,,2024-06-28T06:04:00,,,,0,,,,,,,,,,,,,
2024-06-28 08:00:00,968.6,28.0,81.0,0.0,0.0,2.8,201.0,0.0,,,,,,,,,,,2024-06-28T07:01:00,,,,0,,,,,,,,,,,,,
2024-06-28 09:00:00,968.4,28.7,79.0,0.8,164.0,3.2,202.0,0.0,,,,,,,,,,,2024-06-28T08:35:00,,,,0,,,,,,,,,,,,,
2024-06-28 10:00:00,968.4,29.8,75.0,0.6,164.0,4.5,191.0,0.0,,,,,,,,,,,2024-06-28T09:19:00,,,,0,,,,,,,,,,,,,
2024-06-28 11:00:00,967.8,29.8,76.0,1.1,183.0,5.3,179.0,0.0,,,,,,,,,,,2024-06-28T10:37:00,,,,0,,,,,,,,,,,,,
2024-06-28 12:00:00,967.6,29.5,76.0,1.8,180.0,6.0,161.0,0.0,,,,,,,,,,,2024-06-28T11:36:00,,,,0,,,,,,,,,,,,,
2024-06-28 13:00:00,967.1,28.6,81.0,1.0,167.0,6.9,192.0,0.0,,,,,,,,,,,2024-06-28T12:15:00,,,,0,,,,,,,,,,,,,
2024-06-28 14:00:00,966.5,28.1,87.0,1.7,171.0,6.6,203.0,0.0,,,,,,,,,,,2024-06-28T13:01:00,,,,0,,,,,,,,,,,,,
2024-06-28 15:00:00,965.7,27.3,90.0,1.9,165.0,9.3,156.0,0.0,,,,,,,,,,,2024-06-28T14:40:00,,,,0,,,,,,,,,,,,,
2024-06-28 16:00:00,965.2,27.5,89.0,1.6,166.0,6.9,190.0,0.0,,,,,,,,,,,2024-06-28T15:16:00,,,,0,,,,,,,,,,,,,
2024-06-28 17:00:00,965.3,26.7,94.0,1.5,160.0,8.3,200.0,0.0,,,,,,,,,,,2024-06-28T16:29:00,,,,0,,,,,,,,,,,,,
2024-06-28 18:00:00,965.9,26.5,98.0,1.8,168.0,5.4,232.0,0.0,,,,,,,,,,,2024-06-28T17:08:00,,,,0,,,,,,,,,,,,,
2024-06-28 19:00:00,966.4,26.5,100.0,1.3,156.0,6.7,155.0,0.0,,,,,,,,,,,2024-06-28T18:01:00,,,,0,,,,,,,,,,,,,
2024-06-28 20:00:00,966.5,26.5,100.0,1.5,165.0,6.6,209.0,0.0,,,,,,,,,,,2024-06-28T19:08:00,,,,0,,,,,,,,,,,,,
2024-06-28 21:00:00,967.7,26.4,100.0,1.0,164.0,7.9,192.0,0.0,,,,,,,,,,,2024-06-28T20:07:00,,,,0,,,,,,,,,,,,,
2024-06-28 22:00:00,968.4,26.0,100.0,0.3,352.0,3.2,139.0,0.0,,,,,,,,,,,2024-06-28T21:15:00,,,,0,,,,,,,,,,,,,
2024-06-28 23:00:00,967.9,24.8,100.0,0.4,334.0,3.7,11.0,0.0,,,,,,,,,,,2024-06-28T22:46:00,,,,0,,,,,,,,,,,,,
2024-06-29 00:00:00,967.1,24.0,100.0,1.1,39.0,3.6,34.0,0.0,,,,,,,,,,,2024-06-28T23:48:00,,,,0,,,,,,,,,,,,,
2024-06-29 01:00:00,966.1,24.6,97.0,0.8,1.0,2.8,44.0,0.0,,,,,,,,,,,2024-06-29T00:05:00,,,,0,,,,,,,,,,,,,
2024-06-29 02:00:00,965.9,25.1,97.0,1.5,179.0,4.4,201.0,0.0,,,,,,,,,,,2024-06-29T02:00:00,,,,0,,,,,,,,,,,,,
2024-06-29 03:00:00,965.8,25.3,97.0,0.8,158.0,4.1,190.0,0.0,,,,,,,,,,,2024-06-29T02:18:00,,,,0,,,,,,,,,,,,,
2024-06-29 04:00:00,965.9,25.0,96.0,1.0,212.0,3.6,181.0,0.0,,,,,,,,,,,2024-06-29T03:04:00,,,,0,,,,,,,,,,,,,
2024-06-29 05:00:00,966.4,24.8,93.0,0.6,217.0,2.2,211.0,0.0,,,,,,,,,,,2024-06-29T04:16:00,,,,0,,,,,,,,,,,,,
2024-06-29 06:00:00,966.6,25.5,88.0,1.0,184.0,3.6,188.0,0.0,,,,,,,,,,,2024-06-29T05:48:00,,,,0,,,,,,,,,,,,,
2024-06-29 07:00:00,967.0,26.6,87.0,0.6,151.0,4.0,198.0,0.0,,,,,,,,,,,2024-06-29T06:28:00,,,,0,,,,,,,,,,,,,
2024-06-29 08:00:00,966.9,28.0,81.0,0.6,165.0,3.4,156.0,0.0,,,,,,,,,,,2024-06-29T07:12:00,,,,0,,,,,,,,,,,,,
2024-06-29 09:00:00,966.9,28.8,82.0,0.8,162.0,4.1,210.0,0.0,,,,,,,,,,,2024-06-29T08:29:00,,,,0,,,,,,,,,,,,,
2024-06-29 10:00:00,966.5,28.2,85.0,1.4,166.0,6.5,194.0,0.0,,,,,,,,,,,2024-06-29T09:45:00,,,,0,,,,,,,,,,,,,
2024-06-29 11:00:00,966.3,27.2,90.0,1.7,166.0,6.4,188.0,0.0,,,,,,,,,,,2024-06-29T10:36:00,,,,0,,,,,,,,,,,,,
2024-06-29 12:00:00,965.6,28.2,83.0,1.8,171.0,9.0,135.0,0.0,,,,,,,,,,,2024-06-29T11:40:00,,,,0,,,,,,,,,,,,,
2024-06-29 13:00:00,965.0,28.0,83.0,2.1,166.0,8.8,151.0,0.0,,,,,,,,,,,2024-06-29T12:38:00,,,,0,,,,,,,,,,,,,
2024-06-29 14:00:00,964.1,28.1,86.0,2.3,163.0,7.2,200.0,0.0,,,,,,,,,,,2024-06-29T13:29:00,,,,0,,,,,,,,,,,,,
2024-06-29 15:00:00,963.4,28.7,79.0,1.3,160.0,7.1,189.0,0.0,,,,,,,,,,,2024-06-29T14:07:00,,,,0,,,,,,,,,,,,,
2024-06-29 16:00:00,963.2,29.2,72.0,1.8,161.0,6.5,212.0,0.0,,,,,,,,,,,2024-06-29T15:09:00,,,,0,,,,,,,,,,,,,
2024-06-29 17:00:00,963.1,28.8,73.0,2.0,160.0,5.9,189.0,0.0,,,,,,,,,,,2024-06-29T16:18:00,,,,0,,,,,,,,,,,,,
2024-06-29 18:00:00,963.9,27.9,74.0,1.4,167.0,6.4,191.0,0.0,,,,,,,,,,,2024-06-29T17:20:00,,,,0,,,,,,,,,,,,,
2024-06-29 19:00:00,964.6,27.9,72.0,1.8,166.0,6.3,199.0,0.0,,,,,,,,,,,2024-06-29T18:16:00,,,,0,,,,,,,,,,,,,
2024-06-29 20:00:00,965.2,26.9,82.0,1.6,161.0,6.1,188.0,0.0,,,,,,,,,,,2024-06-29T19:14:00,,,,0,,,,,,,,,,,,,
2024-06-29 21:00:00,965.7,27.0,78.0,1.7,163.0,6.1,190.0,0.0,,,,,,,,,,,2024-06-29T20:51:00,,,,0,,,,,,,,,,,,,
2024-06-29 22:00:00,965.8,27.2,74.0,1.8,164.0,4.2,199.0,0.0,,,,,,,,,,,2024-06-29T21:07:00,,,,0,,,,,,,,,,,,,
2024-06-29 23:00:00,965.3,26.6,79.0,1.4,151.0,3.7,178.0,0.0,,,,,,,,,,,2024-06-29T22:08:00,,,,0,,,,,,,,,,,,,
2024-06-30 00:00:00,964.6,26.7,68.0,1.2,178.0,3.2,193.0,0.0,,,,,,,,,,,2024-06-29T23:13:00,,,,0,,,,,,,,,,,,,
2024-06-30 01:00:00,963.9,26.7,72.0,0.7,161.0,3.2,182.0,0.0,,,,,,,,,,,2024-06-30T00:06:00,,,,0,,,,,,,,,,,,,
2024-06-30 02:00:00,963.3,26.4,73.0,1.5,136.0,3.4,137.0,0.0,,,,,,,,,,,2024-06-30T01:54:00,,,,0,,,,,,,,,,,,,
2024-06-30 03:00:00,962.7,27.4,63.0,0.9,169.0,3.0,209.0,0.0,,,,,,,,,,,2024-06-30T02:25:00,,,,0,,,,,,,,,,,,,
2024-06-30 04:00:00,962.8,25.9,73.0,0.6,141.0,2.7,111.0,0.0,,,,,,,,,,,2024-06-30T03:20:00,,,,0,,,,,,,,,,,,,
2024-06-30 05:00:00,962.7,24.7,84.0,1.1,11.0,3.1,34.0,0.0,,,,,,,,,,,2024-06-30T04:55:00,,,,0,,,,,,,,,,,,,
2024-06-30 06:00:00,963.3,25.0,84.0,1.4,27.0,3.5,31.0,0.0,,,,,,,,,,,2024-06-30T05:25:00,,,,0,,,,,,,,,,,,,
2024-06-30 07:00:00,963.9,26.9,79.0,0.5,22.0,3.0,7.0,0.0,,,,,,,,,,,2024-06-30T06:35:00,,,,0,,,,,,,,,,,,,
2024-06-30 08:00:00,964.1,29.2,73.0,0.5,37.0,3.2,270.0,0.0,,,,,,,,,,,2024-06-30T07:01:00,,,,0,,,,,,,,,,,,,
2024-06-30 09:00:00,964.0,30.6,70.0,0.0,0.0,1.8,24.0,0.0,,,,,,,,,,,2024-06-30T08:24:00,,,,0,,,,,,,,,,,,,
2024-06-30 10:00:00,963.9,33.7,60.0,0.4,87.0,2.5,29.0,0.0,,,,,,,,,,,2024-06-30T09:59:00,,,,0,,,,,,,,,,,,,
2024-06-30 11:00:00,963.3,35.3,53.0,0.6,69.0,3.4,47.0,0.0,,,,,,,,,,,2024-06-30T10:51:00,,,,0,,,,,,,,,,,,,
2024-06-30 12:00:00,962.7,35.5,50.0,0.7,85.0,4.3,66.0,0.0,,,,,,,,,,,2024-06-30T11:08:00,,,,0,,,,,,,,,,,,,
2024-06-30 13:00:00,962.3,36.2,49.0,0.2,0.0,3.6,65.0,0.0,,,,,,,,,,,2024-06-30T12:36:00,,,,0,,,,,,,,,,,,,
2024-06-30 14:00:00,961.8,35.3,55.0,1.6,51.0,5.8,54.0,0.0,,,,,,,,,,,2024-06-30T13:54:00,,,,0,,,,,,,,,,,,,
2024-06-30 15:00:00,961.3,33.7,57.0,1.3,63.0,5.2,80.0,0.0,,,,,,,,,,,2024-06-30T14:57:00,,,,0,,,,,,,,,,,,,
2024-06-30 16:00:00,961.3,34.3,58.0,1.4,38.0,4.6,69.0,0.0,,,,,,,,,,,2024-06-30T15:13:00,,,,0,,,,,,,,,,,,,
2024-06-30 17:00:00,961.4,32.2,63.0,2.5,52.0,5.2,63.0,0.0,,,,,,,,,,,2024-06-30T16:36:00,,,,0,,,,,,,,,,,,,
2024-06-30 18:00:00,962.0,29.9,73.0,1.7,44.0,5.5,56.0,0.0,,,,,,,,,,,2024-06-30T17:21:00,,,,0,,,,,,,,,,,,,
2024-06-30 19:00:00,962.6,27.7,83.0,1.6,102.0,4.6,44.0,0.0,,,,,,,,,,,2024-06-30T18:09:00,,,,0,,,,,,,,,,,,,
2024-06-30 20:00:00,963.7,27.7,83.0,0.5,330.0,3.7,2.0,0.0,,,,,,,,,,,2024-06-30T19:41:00,,,,0,,,,,,,,,,,,,
2024-06-30 21:00:00,963.9,27.2,87.0,0.4,27.0,4.0,36.0,0.0,,,,,,,,,,,2024-06-30T20:24:00,,,,0,,,,,,,,,,,,,
2024-06-30 22:00:00,964.6,27.1,89.0,0.3,329.0,2.6,2.0,0.0,,,,,,,,,,,2024-06-30T21:50:00,,,,0,,,,,,,,,,,,,
2024-06-30 23:00:00,964.6,26.7,84.0,1.2,177.0,3.0,190.0,0.0,,,,,,,,,,,2024-06-30T22:57:00,,,,0,,,,,,,,,,,,,
2024-07-01 00:00:00,964.4,26.7,82.0,0.9,175.0,3.2,184.0,0.0,,,,,,,,,,,2024-06-30T23:34:00,,,,0,,,,,,,,,,,,,
2024-07-01 01:00:00,964.0,26.2,87.0,1.1,174.0,3.0,187.0,0.0,,,,,,,,,,,2024-07-01T00:56:00,,,,0,,,,,,,,,,,,,
2024-07-01 02:00:00,963.9,26.2,84.0,0.8,170.0,2.0,190.0,0.0,,,,,,,,,,,2024-07-01T01:53:00,,,,0,,,,,,,,,,,,,
2024-07-01 03:00:00,963.5,26.6,83.0,1.1,129.0,2.2,120.0,0.0,,,,,,,,,,,2024-07-01T02:41:00,,,,0,,,,,,,,,,,,,
2024-07-01 04:00:00,963.9,26.3,84.0,1.0,348.0,2.0,79.0,0.0,,,,,,,,,,,2024-07-01T03:43:00,,,,0,,,,,,,,,,,,,
2024-07-01 05:00:00,963.7,25.9,88.0,1.5,302.0,2.6,323.0,0.0,,,,,,,,,,,2024-07-01T04:39:00,,,,0,,,,,,,,,,,,,
2024-07-01 06:00:00,964.0,25.7,86.0,0.1,0.0,2.5,303.0,0.0,,,,,,,,,,,2024-07-01T05:04:00,,,,0,,,,,,,,,,,,,
2024-07-01 07:00:00,964.0,27.2,82.0,0.1,0.0,1.1,156.0,0.0,,,,,,,,,,,2024-07-01T06:10:00,,,,0,,,,,,,,,,,,,
2024-07-01 08:00:00,964.5,29.0,77.0,0.0,0.0,1.3,17.0,0.0,,,,,,,,,,,2024-07-01T07:19:00,,,,0,,,,,,,,,,,,,
2024-07-01 09:00:00,964.1,30.7,69.0,0.0,0.0,1.6,140.0,0.0,,,,,,,,,,,2024-07-01T08:37:00,,,,0,,,,,,,,,,,,,
2024-07-01 10:00:00,963.9,32.9,65.0,0.3,112.0,3.5,124.0,0.0,,,,,,,,,,,2024-07-01T09:35:00,,,,0,,,,,,,,,,,,,
2024-07-01 11:00:00,963.2,33.6,60.0,0.8,84.0,4.7,71.0,0.0,,,,,,,,,,,2024-07-01T10:53:00,,,,0,,,,,,,,,,,,,
2024-07-01 12:00:00,962.6,35.0,54.0,1.0,58.0,4.1,77.0,0.0,,,,,,,,,,,2024-07-01T11:05:00,,,,0,,,,,,,,,,,,,
2024-07-01 13:00:00,961.7,34.4,54.0,0.4,158.0,4.2,58.0,0.0,,,,,,,,,,,2024-07-01T12:09:00,,,,0,,,,,,,,,,,,,
2024-07-01 14:00:00,961.1,33.1,59.0,0.4,192.0,5.7,135.0,0.0,,,,,,,,,,,2024-07-01T13:39:00,,,,0,,,,,,,,,,,,,
2024-07-01 15:00:00,960.7,33.0,62.0,0.4,143.0,3.8,145.0,0.0,,,,,,,,,,,2024-07-01T14:51:00,,,,0,,,,,,,,,,,,,
2024-07-01 16:00:00,960.5,30.0,74.0,1.4,169.0,4.4,140.0,0.0,,,,,,,,,,,2024-07-01T15:58:00,,,,0,,,,,,,,,,,,,
2024-07-01 17:00:00,960.8,29.6,76.0,1.2,87.0,3.6,202.0,0.0,,,,,,,,,,,2024-07-01T16:12:00,,,,0,,,,,,,,,,,,,
2024-07-01 18:00:00,961.4,29.9,76.0,2.2,47.0,4.8,42.0,0.0,,,,,,,,,,,2024-07-01T17:59:00,,,,0,,,,,,,,,,,,,
2024-07-01 19:00:00,962.2,27.1,87.0,1.9,48.0,5.8,51.0,0.0,,,,,,,,,,,2024-07-01T18:29:00,,,,0,,,,,,,,,,,,,
2024-07-01 20:00:00,963.1,26.3,91.0,0.8,52.0,5.0,49.0,0.0,,,,,,,,,,,2024-07-01T19:11:00,,,,0,,,,,,,,,,,,,
2024-07-01 21:00:00,963.9,26.3,91.0,0.6,52.0,4.1,354.0,0.0,,,,,,,,,,,2024-07-01T20:51:00,,,,0,,,,,,,,,,,,,
2024-07-01 22:00:00,964.6,26.2,90.0,0.3,355.0,3.2,331.0,0.0,,,,,,,,,,,2024-07-01T21:02:00,,,,0,,,,,,,,,,,,,
2024-07-01 23:00:00,965.0,26.8,90.0,0.7,305.0,3.6,330.0,0.0,,,,,,,,,,,2024-07-01T22:57:00,,,,0,,,,,,,,,,,,,
2024-07-02 00:00:00,964.6,26.3,94.0,0.7,166.0,3.0,188.0,0.0,,,,,,,,,,,2024-07-01T23:14:00,,,,0,,,,,,,,,,,,,
2024-07-02 01:00:00,964.5,25.7,99.0,0.9,139.0,,,0.5,,,,,,,,,,,,,,,0,,,,,,,,,,,,,
2024-07-02 02:00:00,964.4,25.6,99.0,0.5,75.0,,,0.0,,,,,,,,,,,,,,,0,,,,,,,,,,,,,
2024-07-02 03:00:00,964.1,24.7,99.0,0.8,145.0,,,0.0,,,,,,,,,,,,,,,0,,,,,,,,,,,,,
2024-07-02 04:00:00,964.4,24.9,97.0,1.1,167.0,,,0.0,,,,,,,,,,,,,,,0,,,,,,,,,,,,,
2024-07-02 05:00:00,964.6,25.1,94.0,1.1,165.0,,,0.0,,,,,,,,,,,,,,,0,,,,,,,,,,,,,
2024-07-02 06:00:00,965.0,24.8,92.0,1.3,181.0,,,0.0,,,,,,,,,,,,,,,0,,,,,,,,,,,,,
2024-07-02 07:00:00,965.2,26.3,85.0,1.1,169.0,,,0.0,,,,,,,,,,,,,,,0,,,,,,,,,,,,,
2024-07-02 08:00:00,965.2,28.8,74.0,0.6,157.0,,,0.0,,,,,,,,,,,,,,,0,,,,,,,,,,,,,
2024-07-02 09:00:00,965.4,29.2,66.0,1.0,160.0,,,0.0,,,,,,,,,,,,,,,0,,,,,,,,,,,,,
2024-07-02 10:00:00,965.8,29.5,75.0,1.0,155.0,,,0.0,,,,,,,,,,,,,,,0,,,,,,,,,,,,,
2024-07-02 11:00:00,966.3,30.7,75.0,1.1,184.0,,,0.0,,,,,,,,,,,,,,,0,,,,,,,,,,,,,
2024-07-02 12:00:00,966.4,30.4,76.0,0.9,173.0,,,0.0,,,,,,,,,,,,,,,0,,,,,,,,,,,,,
2024-07-02 13:00:00,965.9,26.8,93.0,0.6,169.0,,,1.0,,,,,,,,,,,,,,,0,,,,,,,,,,,,,
2024-07-02 14:00:00,965.7,27.4,88.0,1.2,164.0,,,0.0,,,,,,,,,,,,,,,0,,,,,,,,,,,,,
2024-07-02 15:00:00,965.7,28.1,82.0,1.1,162.0,,,0.0,,,,,,,,,,,,,,,0,,,,,,,,,,,,,
2024-07-02 16:00:00,965.2,28.2,79.0,1.2,165.0,,,0.0,,,,,,,,,,,,,,,0,,,,,,,,,,,,,
2024-07-02 17:00:00,965.8,27.8,83.0,1.2,158.0,,,0.0,,,,,,,,,,,,,,,0,,,,,,,,,,,,,
2024-07-02 18:00:00,966.0,26.8,91.0,0.9,170.0,,,0.0,,,,,,,,,,,,,,,0,,,,,,,,,,,,,
2024-07-02 19:00:00,967.1,26.1,89.0,1.3,175.0,,,0.0,,,,,,,,,,,,,,,0,,,,,,,,,,,,,
2024-07-02 20:00:00,968.4,26.1,88.0,0.8,171.0,,,0.0,,,,,,,,,,,,,,,0,,,,,,,,,,,,,
2024-07-02 21:00:00,968.9,25.7,89.0,0.9,254.0,,,0.0,,,,,,,,,,,,,,,0,,,,,,,,,,,,,
2024-07-02 22:00:00,969.5,26.2,84.0,0.8,161.0,,,0.0,,,,,,,,,,,,,,,0,,,,,,,,,,,,,
2024-07-02 23:00:00,969.2,26.0,79.0,0.7,170.0,,,0.0,,,,,,,,,,,,,,,0,,,,,,,,,,,,,
2024-07-03 00:00:00,969.0,25.4,85.0,0.8,220.0,,,0.0,,,,,,,,,,,,,,,0,,,,,,,,,,,,,
2024-07-03 01:00:00,968.2,25.4,85.0,1.0,260.0,,,0.0,,,,,,,,,,,,,,,0,,,,,,,,,,,,,
2024-07-03 02:00:00,967.9,25.7,78.0,0.4,150.0,,,0.0,,,,,,,,,,,,,,,0,,,,,,,,,,,,,
2024-07-03 03:00:00,968.2,25.2,81.0,0.6,221.0,,,0.0,,,,,,,,,,,,,,,0,,,,,,,,,,,,,
2024-07-03 04:00:00,968.3,25.7,81.0,1.2,221.0,,,0.0,,,,,,,,,,,,,,,0,,,,,,,,,,,,,
2024-07-03 05:00:00,969.0,25.8,78.0,0.6,185.0,,,0.0,,,,,,,,,,,,,,,0,,,,,,,,,,,,,
2024-07-03 06:00:00,969.8,25.5,80.0,0.2,0.0,,,0.0,,,,,,,,,,,,,,,0,,,,,,,,,,,,,
2024-07-03 07:00:00,970.6,26.7,81.0,0.1,0.0,,,0.0,,,,,,,,,,,,,,,0,,,,,,,,,,,,,
2024-07-03 08:00:00,971.0,26.6,80.0,0.4,225.0,,,0.0,,,,,,,,,,,,,,,0,,,,,,,,,,,,,
2024-07-03 09:00:00,971.6,31.2,68.0,0.2,0.0,,,0.0,,,,,,,,,,,,,,,0,,,,,,,,,,,,,
2024-07-03 10:00:00,971.6,30.6,66.0,0.8,168.0,,,0.0,,,,,,,,,,,,,,,0,,,,,,,,,,,,,
2024-07-03 11:00:00,970.9,31.2,63.0,0.7,157.0,,,0.0,,,,,,,,,,,,,,,0,,,,,,,,,,,,,
2024-07-03 12:00:00,970.3,32.7,61.0,0.3,140.0,,,0.0,,,,,,,,,,,,,,,0,,,,,,,,,,,,,
2024-07-03 13:00:00,970.2,31.9,59.0,0.6,177.0,,,0.0,,,,,,,,,,,,,,,0,,,,,,,,,,,,,
2024-07-03 14:00:00,969.6,31.6,64.0,0.3,176.0,,,0.0,,,,,,,,,,,,,,,0,,,,,,,,,,,,,
2024-07-03 15:00:00,969.6,30.8,71.0,0.5,137.0,,,0.0,,,,,,,,,,,,,,,0,,,,,,,,,,,,,
2024-07-03 16:00:00,969.1,30.4,75.0,0.3,124.0,,,0.0,,,,,,,,,,,,,,,0,,,,,,,,,,,,,
2024-07-03 17:00:00,969.1,29.6,77.0,0.3,178.0,,,0.0,,,,,,,,,,,,,,,0,,,,,,,,,,,,,
2024-07-03 18:00:00,969.6,27.8,86.0,0.0,0.0,,,0.0,,,,,,,,,,,,,,,0,,,,,,,,,,,,,
2024-07-03 19:00:00,970.2,26.7,93.0,0.7,152.0,,,0.0,,,,,,,,,,,,,,,0,,,,,,,,,,,,,
2024-07-03 20:00:00,970.9,26.3,97.0,0.6,158.0,,,0.0,,,,,,,,,,,,,,,0,,,,,,,,,,,,,
2024-07-03 21:00:00,971.6,26.1,97.0,1.1,191.0,,,0.0,,,,,,,,,,,,,,,0,,,,,,,,,,,,,
2024-07-03 22:00:00,972.0,26.0,93.0,0.0,0.0,,,0.0,,,,,,,,,,,,,,,0,,,,,,,,,,,,,
2024-07-03 23:00:00,971.9,25.9,95.0,0.0,0.0,,,0.0,,,,,,,,,,,,,,,0,,,,,,,,,,,,,
2024-07-04 00:00:00,971.5,25.7,93.0,1.1,326.0,,,0.0,,,,,,,,,,,,,,,0,,,,,,,,,,,,,
2024-07-04 01:00:00,971.0,25.7,89.0,0.8,12.0,,,0.0,,,,,,,,,,,,,,,0,,,,,,,,,,,,,
2024-07-04 02:00:00,970.5,25.0,90.0,1.3,23.0,,,0.0,,,,,,,,,,,,,,,0,,,,,,,,,,,,,
2024-07-04 03:00:00,970.3,24.6,87.0,1.1,325.0,,,0.0,,,,,,,,,,,,,,,0,,,,,,,,,,,,,
2024-07-04 04:00:00,970.3,25.2,86.0,1.3,289.0,,,0.0,,,,,,,,,,,,,,,0,,,,,,,,,,,,,
2024-07-04 05:00:00,970.3,24.8,78.0,1.5,324.0,,,0.0,,,,,,,,,,,,,,,0,,,,,,,,,,,,,
2024-07-04 06:00:00,970.3,25.5,79.0,1.0,286.0,,,0.0,,,,,,,,,,,,,,,0,,,,,,,,,,,,,
2024-07-04 07:00:00,970.8,27.2,74.0,0.2,0.0,,,0.0,,,,,,,,,,,,,,,0,,,,,,,,,,,,,
2024-07-04 08:00:00,970.5,29.6,68.0,0.0,0.0,,,0.0,,,,,,,,,,,,,,,0,,,,,,,,,,,,,
2024-07-04 09:00:00,970.4,31.8,61.0,0.2,0.0,,,0.0,,,,,,,,,,,,,,,0,,,,,,,,,,,,,
2024-07-04 10:00:00,970.3,33.1,63.0,1.0,96.0,,,0.0,,,,,,,,,,,,,,,0,,,,,,,,,,,,,
2024-07-04 11:00:00,969.6,33.8,58.0,0.8,94.0,,,0.0,,,,,,,,,,,,,,,0,,,,,,,,,,,,,
2024-07-04 12:00:00,969.0,32.5,62.0,1.0,122.0,,,0.0,,,,,,,,,,,,,,,0,,,,,,,,,,,,,
2024-07-04 13:00:00,968.8,33.3,62.0,0.6,104.0,,,0.0,,,,,,,,,,,,,,,0,,,,,,,,,,,,,
2024-07-04 14:00:00,968.3,30.6,73.0,1.3,134.0,,,0.0,,,,,,,,,,,,,,,0,,,,,,,,,,,,,
2024-07-04 15:00:00,968.1,30.7,73.0,0.6,137.0,,,0.0,,,,,,,,,,,,,,,0,,,,,,,,,,,,,
2024-07-04 16:00:00,967.7,29.4,77.0,0.6,138.0,,,0.0,,,,,,,,,,,,,,,0,,,,,,,,,,,,,
2024-07-04 17:00:00,967.7,28.0,84.0,1.2,125.0,,,0.0,,,,,,,,,,,,,,,0,,,,,,,,,,,,,
2024-07-04 18:00:00,967.9,27.4,89.0,0.8,126.0,,,0.0,,,,,,,,,,,,,,,0,,,,,,,,,,,,,
2024-07-04 19:00:00,968.3,26.8,93.0,1.3,106.0,,,0.0,,,,,,,,,,,,,,,0,,,,,,,,,,,,,
2024-07-04 20:00:00,968.7,26.9,94.0,0.2,0.0,,,0.0,,,,,,,,,,,,,,,0,,,,,,,,,,,,,
2024-07-04 21:00:00,969.0,26.1,96.0,1.6,56.0,,,0.0,,,,,,,,,,,,,,,0,,,,,,,,,,,,,
2024-07-04 22:00:00,969.1,26.2,96.0,1.7,64.0,,,0.0,,,,,,,,,,,,,,,0,,,,,,,,,,,,,
2024-07-04 23:00:00,969.1,26.3,95.0,0.8,64.0,,,0.0,,,,,,,,,,,,,,,0,,,,,,,,,,,,,
2024-07-05 00:00:00,968.5,26.3,95.0,0.7,297.0,,,0.0,,,,,,,,,,,,,,,0,,,,,,,,,,,,,
2024-07-05 01:00:00,967.9,25.8,94.0,1.5,58.0,,,0.0,,,,,,,,,,,,,,,0,,,,,,,,,,,,,
2024-07-05 02:00:00,967.6,25.8,94.0,0.5,28.0,,,0.0,,,,,,,,,,,,,,,0,,,,,,,,,,,,,
2024-07-05 03:00:00,967.0,25.3,96.0,0.2,0.0,,,0.0,,,,,,,,,,,,,,,0,,,,,,,,,,,,,
2024-07-05 04:00:00,966.5,24.8,97.0,1.2,323.0,,,0.0,,,,,,,,,,,,,,,0,,,,,,,,,,,,,
2024-07-05 05:00:00,966.9,24.5,96.0,0.3,43.0,,,0.0,,,,,,,,,,,,,,,0,,,,,,,,,,,,,
2024-07-05 06:00:00,967.0,24.8,94.0,0.7,323.0,,,0.0,,,,,,,,,,,,,,,0,,,,,,,,,,,,,
2024-07-05 07:00:00,967.1,27.6,83.0,0.4,62.0,,,0.0,,,,,,,,,,,,,,,0,,,,,,,,,,,,,
2024-07-05 08:00:00,967.7,29.8,74.0,0.5,68.0,,,0.0,,,,,,,,,,,,,,,0,,,,,,,,,,,,,
2024-07-05 09:00:00,967.8,32.1,67.0,0.5,76.0,,,0.0,,,,,,,,,,,,,,,0,,,,,,,,,,,,,
2024-07-05 10:00:00,967.7,30.6,75.0,0.4,70.0,,,0.0,,,,,,,,,,,,,,,0,,,,,,,,,,,,,
2024-07-05 11:00:00,967.1,30.9,71.0,1.7,95.0,,,0.0,,,,,,,,,,,,,,,0,,,,,,,,,,,,,
2024-07-05 12:00:00,966.9,31.8,61.0,1.0,127.0,,,0.0,,,,,,,,,,,,,,,0,,,,,,,,,,,,,
2024-07-05 13:00:00,966.5,31.7,63.0,1.2,125.0,,,0.0,,,,,,,,,,,,,,,0,,,,,,,,,,,,,
2024-07-05 14:00:00,965.9,31.5,65.0,1.0,107.0,,,0.0,,,,,,,,,,,,,,,0,,,,,,,,,,,,,
2024-07-05 15:00:00,965.8,30.1,66.0,1.0,114.0,,,0.0,,,,,,,,,,,,,,,0,,,,,,,,,,,,,
2024-07-05 16:00:00,965.3,28.7,76.0,2.0,101.0,,,0.0,,,,,,,,,,,,,,,0,,,,,,,,,,,,,
2024-07-05 17:00:00,965.8,28.6,78.0,1.0,118.0,,,0.0,,,,,,,,,,,,,,,0,,,,,,,,,,,,,
2024-07-05 18:00:00,965.6,27.2,87.0,1.8,110.0,,,0.0,,,,,,,,,,,,,,,0,,,,,,,,,,,,,
2024-07-05 19:00:00,966.0,26.5,92.0,0.9,104.0,,,0.0,,,,,,,,,,,,,,,0,,,,,,,,,,,,,
2024-07-05 20:00:00,966.5,26.3,93.0,1.3,60.0,,,0.0,,,,,,,,,,,,,,,0,,,,,,,,,,,,,
2024-07-05 21:00:00,967.1,26.2,95.0,1.0,108.0,,,0.0,,,,,,,,,,,,,,,0,,,,,,,,,,,,,
2024-07-05 22:00:00,967.2,26.1,94.0,0.0,0.0,,,0.0,,,,,,,,,,,,,,,0,,,,,,,,,,,,,
2024-07-05 23:00:00,967.1,25.7,95.0,0.9,311.0,,,0.0,,,,,,,,,,,,,,,0,,,,,,,,,,,,,
2024-07-06 00:00:00,966.8,25.9,94.0,0.0,0.0,,,0.0,,,,,,,,,,,,,,,0,,,,,,,,,,,,,
2024-07-06 01:00:00,966.2,25.7,95.0,0.0,0.0,,,0.0,,,,,,,,,,,,,,,0,,,,,,,,,,,,,
2024-07-06 02:00:00,966.0,25.5,93.0,1.0,8.0,,,0.0,,,,,,,,,,,,,,,0,,,,,,,,,,,,,
2024-07-06 03:00:00,966.0,25.7,85.0,1.0,5.0,,,0.0,,,,,,,,,,,,,,,0,,,,,,,,,,,,,
2024-07-06 04:00:00,966.2,25.8,82.0,0.0,0.0,,,0.0,,,,,,,,,,,,,,,0,,,,,,,,,,,,,
2024-07-06 05:00:00,966.3,25.8,85.0,0.9,300.0,,,0.0,,,,,,,,,,,,,,,0,,,,,,,,,,,,,
2024-07-06 06:00:00,966.5,25.9,82.0,0.2,0.0,,,0.0,,,,,,,,,,,,,,,0,,,,,,,,,,,,,
2024-07-06 07:00:00,967.1,27.6,74.0,0.3,148.0,,,0.0,,,,,,,,,,,,,,,0,,,,,,,,,,,,,
2024-07-06 08:00:00,967.7,30.0,68.0,0.0,0.0,,,0.0,,,,,,,,,,,,,,,0,,,,,,,,,,,,,
2024-07-06 09:00:00,967.7,32.0,61.0,0.4,145.0,,,0.0,,,,,,,,,,,,,,,0,,,,,,,,,,,,,
2024-07-06 10:00:00,967.7,32.9,60.0,0.5,162.0,,,0.0,,,,,,,,,,,,,,,0,,,,,,,,,,,,,
2024-07-06 11:00:00,967.7,30.6,67.0,0.7,183.0,,,0.0,,,,,,,,,,,,,,,0,,,,,,,,,,,,,
2024-07-06 12:00:00,967.1,31.7,66.0,0.5,156.0,,,0.0,,,,,,,,,,,,,,,0,,,,,,,,,,,,,
2024-07-06 13:00:00,966.6,32.3,63.0,0.4,183.0,,,0.0,,,,,,,,,,,,,,,0,,,,,,,,,,,,,
2024-07-06 14:00:00,966.6,31.1,68.0,0.5,184.0,,,0.0,,,,,,,,,,,,,,,0,,,,,,,,,,,,,
2024-07-06 15:00:00,966.2,30.0,72.0,0.9,151.0,,,0.0,,,,,,,,,,,,,,,0,,,,,,,,,,,,,
2024-07-06 16:00:00,965.8,29.9,71.0,0.5,194.0,,,0.0,,,,,,,,,,,,,,,0,,,,,,,,,,,,,
2024-07-06 17:00:00,965.8,29.3,77.0,0.3,177.0,,,0.0,,,,,,,,,,,,,,,0,,,,,,,,,,,,,
2024-07-06 18:00:00,966.8,27.0,88.0,1.2,139.0,,,0.0,,,,,,,,,,,,,,,0,,,,,,,,,,,,,
2024-07-06 19:00:00,967.2,26.3,92.0,0.3,154.0,,,0.0,,,,,,,,,,,,,,,0,,,,,,,,,,,,,
2024-07-06 20:00:00,967.8,26.1,93.0,0.8,204.0,,,0.0,,,,,,,,,,,,,,,0,,,,,,,,,,,,,
2024-07-06 21:00:00,968.4,26.1,94.0,0.6,171.0,,,0.0,,,,,,,,,,,,,,,0,,,,,,,,,,,,,
2024-07-06 22:00:00,968.4,26.0,95.0,0.7,175.0,,,0.0,,,,,,,,,,,,,,,0,,,,,,,,,,,,,
2024-07-06 23:00:00,968.3,25.8,91.0,0.0,0.0,,,0.0,,,,,,,,,,,,,,,0,,,,,,,,,,,,,
2024-07-07 00:00:00,967.8,25.8,90.0,0.5,149.0,,,0.0,,,,,,,,,,,,,,,0,,,,,,,,,,,,,
2024-07-07 01:00:00,967.2,25.4,90.0,1.0,254.0,,,0.0,,,,,,,,,,,,,,,0,,,,,,,,,,,,,
2024-07-07 02:00:00,966.8,26.0,84.0,1.5,198.0,,,0.0,,,,,,,,,,,,,,,0,,,,,,,,,,,,,
2024-07-07 03:00:00,966.5,26.0,84.0,0.8,10.0,,,0.0,,,,,,,,,,,,,,,0,,,,,,,,,,,,,
2024-07-07 04:00:00,966.6,25.1,85.0,1.1,333.0,,,0.0,,,,,,,,,,,,,,,0,,,,,,,,,,,,,
2024-07-07 05:00:00,967.0,25.6,81.0,0.7,321.0,,,0.0,,,,,,,,,,,,,,,0,,,,,,,,,,,,,
2024-07-07 06:00:00,967.7,26.1,81.0,0.0,0.0,,,0.0,,,,,,,,,,,,,,,0,,,,,,,,,,,,,
2024-07-07 07:00:00,968.0,26.9,81.0,0.0,0.0,,,0.0,,,,,,,,,,,,,,,0,,,,,,,,,,,,,
2024-07-07 08:00:00,968.3,29.5,73.0,0.0,0.0,,,0.0,,,,,,,,,,,,,,,0,,,,,,,,,,,,,
2024-07-07 09:00:00,968.4,31.8,62.0,0.2,0.0,,,0.0,,,,,,,,,,,,,,,0,,,,,,,,,,,,,
2024-07-07 10:00:00,968.4,34.4,54.0,0.6,133.0,,,0.0,,,,,,,,,,,,,,,0,,,,,,,,,,,,,
2024-07-07 11:00:00,968.3,31.2,67.0,0.8,178.0,,,0.0,,,,,,,,,,,,,,,0,,,,,,,,,,,,,
2024-07-07 12:00:00,967.7,31.8,63.0,0.6,159.0,,,0.0,,,,,,,,,,,,,,,0,,,,,,,,,,,,,
2024-07-07 13:00:00,967.1,32.2,62.0,0.5,171.0,,,0.0,,,,,,,,,,,,,,,0,,,,,,,,,,,,,
2024-07-07 14:00:00,966.5,31.9,60.0,0.4,163.0,,,0.0,,,,,,,,,,,,,,,0,,,,,,,,,,,,,
2024-07-07 15:00:00,966.4,31.2,63.0,0.6,193.0,,,0.0,,,,,,,,,,,,,,,0,,,,,,,,,,,,,
2024-07-07 16:00:00,966.4,29.8,71.0,0.4,172.0,,,0.0,,,,,,,,,,,,,,,0,,,,,,,,,,,,,
2024-07-07 17:00:00,966.5,28.7,78.0,0.1,0.0,,,0.0,,,,,,,,,,,,,,,0,,,,,,,,,,,,,
2024-07-07 18:00:00,967.1,27.1,86.0,0.3,158.0,,,0.0,,,,,,,,,,,,,,,0,,,,,,,,,,,,,
2024-07-07 19:00:00,967.8,26.6,91.0,0.7,150.0,,,0.0,,,,,,,,,,,,,,,0,,,,,,,,,,,,,
2024-07-07 20:00:00,967.8,26.2,92.0,1.0,256.0,,,0.0,,,,,,,,,,,,,,,0,,,,,,,,,,,,,
2024-07-07 21:00:00,968.0,26.1,88.0,0.7,172.0,,,0.0,,,,,,,,,,,,,,,0,,,,,,,,,,,,,
2024-07-07 22:00:00,967.8,26.0,90.0,1.4,310.0,,,0.0,,,,,,,,,,,,,,,0,,,,,,,,,,,,,
2024-07-07 23:00:00,967.6,25.0,93.0,0.8,30.0,,,0.0,,,,,,,,,,,,,,,0,,,,,,,,,,,,,
2024-07-08 00:00:00,966.6,25.2,86.0,1.0,314.0,,,0.0,,,,,,,,,,,,,,,0,,,,,,,,,,,,,
2024-07-08 01:00:00,967.6,25.2,89.0,1.2,252.0,,,0.0,,,,,,,,,,,,,,,0,,,,,,,,,,,,,
2024-07-08 02:00:00,967.0,25.4,91.0,0.9,224.0,,,0.0,,,,,,,,,,,,,,,0,,,,,,,,,,,,,
2024-07-08 03:00:00,966.4,25.3,90.0,1.4,280.0,,,0.0,,,,,,,,,,,,,,,0,,,,,,,,,,,,,
2024-07-08 04:00:00,966.0,25.3,78.0,2.0,315.0,,,0.0,,,,,,,,,,,,,,,0,,,,,,,,,,,,,
2024-07-08 05:00:00,966.0,26.0,71.0,1.0,3.0,,,0.0,,,,,,,,,,,,,,,0,,,,,,,,,,,,,
2024-07-08 06:00:00,966.4,26.5,73.0,0.0,0.0,,,0.0,,,,,,,,,,,,,,,0,,,,,,,,,,,,,
2024-07-08 07:00:00,966.5,28.1,69.0,0.2,0.0,,,0.0,,,,,,,,,,,,,,,0,,,,,,,,,,,,,
2024-07-08 08:00:00,966.7,29.6,68.0,0.6,143.0,,,0.0,,,,,,,,,,,,,,,0,,,,,,,,,,,,,
2024-07-08 09:00:00,966.5,30.9,66.0,0.2,0.0,,,0.0,,,,,,,,,,,,,,,0,,,,,,,,,,,,,
2024-07-08 10:00:00,966.5,31.4,67.0,0.3,160.0,,,0.0,,,,,,,,,,,,,,,0,,,,,,,,,,,,,
2024-07-08 11:00:00,966.4,30.0,71.0,0.1,0.0,,,0.0,,,,,,,,,,,,,,,0,,,,,,,,,,,,,
2024-07-08 12:00:00,966.3,32.5,61.0,0.3,180.0,,,0.0,,,,,,,,,,,,,,,0,,,,,,,,,,,,,
2024-07-08 13:00:00,965.8,30.7,65.0,0.9,172.0,,,0.0,,,,,,,,,,,,,,,0,,,,,,,,,,,,,
2024-07-08 14:00:00,965.2,30.7,64.0,0.6,187.0,,,0.0,,,,,,,,,,,,,,,0,,,,,,,,,,,,,
2024-07-08 15:00:00,965.3,29.5,66.0,0.9,147.0,,,0.0,,,,,,,,,,,,,,,0,,,,,,,,,,,,,
2024-07-08 16:00:00,964.6,27.2,74.0,0.8,163.0,,,0.0,,,,,,,,,,,,,,,0,,,,,,,,,,,,,
2024-07-08 17:00:00,965.7,27.1,74.0,0.1,0.0,,,0.0,,,,,,,,,,,,,,,0,,,,,,,,,,,,,
2024-07-08 18:00:00,965.8,26.7,72.0,1.2,115.0,,,0.0,,,,,,,,,,,,,,,0,,,,,,,,,,,,,
2024-07-08 19:00:00,966.5,25.5,86.0,1.8,107.0,,,0.0,,,,,,,,,,,,,,,0,,,,,,,,,,,,,
2024-07-08 20:00:00,966.5,25.2,89.0,1.3,118.0,,,0.0,,,,,,,,,,,,,,,0,,,,,,,,,,,,,
2024-07-08 21:00:00,967.4,24.7,92.0,0.7,232.0,,,0.0,,,,,,,,,,,,,,,0,,,,,,,,,,,,,
2024-07-08 22:00:00,967.7,24.6,94.0,0.6,22.0,,,0.0,,,,,,,,,,,,,,,0,,,,,,,,,,,,,
2024-07-08 23:00:00,967.7,24.2,95.0,0.2,0.0,,,0.0,,,,,,,,,,,,,,,0,,,,,,,,,,,,,
2024-07-09 00:00:00,966.8,24.0,94.0,0.4,44.0,,,0.0,,,,,,,,,,,,,,,0,,,,,,,,,,,,,
2024-07-09 01:00:00,965.8,24.0,92.0,1.2,328.0,,,0.0,,,,,,,,,,,,,,,0,,,,,,,,,,,,,
2024-07-09 02:00:00,965.1,24.7,86.0,1.4,75.0,,,0.0,,,,,,,,,,,,,,,0,,,,,,,,,,,,,
2024-07-09 03:00:00,965.1,24.0,84.0,1.2,218.0,,,0.0,,,,,,,,,,,,,,,0,,,,,,,,,,,,,
2024-07-09 04:00:00,965.1,24.7,86.0,0.3,115.0,,,0.0,,,,,,,,,,,,,,,0,,,,,,,,,,,,,
2024-07-09 05:00:00,965.8,24.2,84.0,1.0,357.0,,,0.0,,,,,,,,,,,,,,,0,,,,,,,,,,,,,
2024-07-09 06:00:00,966.3,24.2,83.0,0.8,313.0,,,0.0,,,,,,,,,,,,,,,0,,,,,,,,,,,,,
2024-07-09 07:00:00,966.4,26.1,80.0,0.1,0.0,,,0.0,,,,,,,,,,,,,,,0,,,,,,,,,,,,,
2024-07-09 08:00:00,965.9,28.9,71.0,0.0,0.0,,,0.0,,,,,,,,,,,,,,,0,,,,,,,,,,,,,
2024-07-09 09:00:00,965.9,31.0,59.0,0.5,144.0,,,0.0,,,,,,,,,,,,,,,0,,,,,,,,,,,,,
2024-07-09 10:00:00,966.5,30.3,66.0,0.9,174.0,,,0.0,,,,,,,,,,,,,,,0,,,,,,,,,,,,,
2024-07-09 11:00:00,966.4,29.2,73.0,0.8,176.0,,,0.0,,,,,,,,,,,,,,,0,,,,,,,,,,,,,
2024-07-09 12:00:00,966.4,30.1,69.0,1.0,175.0,,,0.0,,,,,,,,,,,,,,,0,,,,,,,,,,,,,
2024-07-09 13:00:00,966.4,30.3,67.0,0.7,172.0,,,0.0,,,,,,,,,,,,,,,0,,,,,,,,,,,,,
2024-07-09 14:00:00,966.4,29.9,68.0,0.9,163.0,,,0.0,,,,,,,,,,,,,,,0,,,,,,,,,,,,,
2024-07-09 15:00:00,965.8,29.2,71.0,0.9,175.0,,,0.0,,,,,,,,,,,,,,,0,,,,,,,,,,,,,
2024-07-09 16:00:00,965.6,28.8,74.0,0.8,185.0,,,0.0,,,,,,,,,,,,,,,0,,,,,,,,,,,,,
2024-07-09 17:00:00,965.2,28.5,76.0,0.6,183.0,,,0.0,,,,,,,,,,,,,,,0,,,,,,,,,,,,,
2024-07-09 18:00:00,965.3,26.6,81.0,0.6,160.0,,,0.0,,,,,,,,,,,,,,,0,,,,,,,,,,,,,
2024-07-09 19:00:00,965.8,25.9,89.0,0.8,174.0,,,0.0,,,,,,,,,,,,,,,0,,,,,,,,,,,,,
2024-07-09 20:00:00,966.6,25.6,92.0,1.0,178.0,,,0.0,,,,,,,,,,,,,,,0,,,,,,,,,,,,,
2024-07-09 21:00:00,966.6,25.4,91.0,0.9,173.0,,,0.0,,,,,,,,,,,,,,,0,,,,,,,,,,,,,
2024-07-09 22:00:00,967.3,25.4,91.0,0.8,169.0,,,0.0,,,,,,,,,,,,,,,0,,,,,,,,,,,,,
2024-07-09 23:00:00,967.7,25.1,92.0,0.7,169.0,,,0.0,,,,,,,,,,,,,,,0,,,,,,,,,,,,,
2024-07-10 00:00:00,967.5,24.7,91.0,0.9,246.0,,,0.0,,,,,,,,,,,,,,,0,,,,,,,,,,,,,
2024-07-10 01:00:00,966.9,25.0,87.0,0.8,242.0,,,0.0,,,,,,,,,,,,,,,0,,,,,,,,,,,,,
2024-07-10 02:00:00,966.4,25.4,83.0,0.6,192.0,,,0.0,,,,,,,,,,,,,,,0,,,,,,,,,,,,,
2024-07-10 03:00:00,966.5,25.3,84.0,0.4,146.0,,,0.0,,,,,,,,,,,,,,,0,,,,,,,,,,,,,
2024-07-10 04:00:00,966.4,25.2,86.0,1.6,181.0,,,0.0,,,,,,,,,,,,,,,0,,,,,,,,,,,,,
2024-07-10 05:00:00,966.4,25.0,83.0,1.0,186.0,,,0.0,,,,,,,,,,,,,,,0,,,,,,,,,,,,,
2024-07-10 06:00:00,967.1,25.4,80.0,0.9,164.0,,,0.0,,,,,,,,,,,,,,,0,,,,,,,,,,,,,
2024-07-10 07:00:00,967.6,27.0,75.0,0.6,156.0,,,0.0,,,,,,,,,,,,,,,0,,,,,,,,,,,,,
2024-07-10 08:00:00,967.7,29.1,71.0,0.9,152.0,,,0.0,,,,,,,,,,,,,,,0,,,,,,,,,,,,,
2024-07-10 09:00:00,967.6,29.6,71.0,0.9,164.0,,,0.0,,,,,,,,,,,,,,,0,,,,,,,,,,,,,
2024-07-10 10:00:00,967.4,30.0,67.0,1.5,180.0,,,0.0,,,,,,,,,,,,,,,0,,,,,,,,,,,,,
2024-07-10 11:00:00,967.1,29.3,71.0,1.6,165.0,,,0.0,,,,,,,,,,,,,,,0,,,,,,,,,,,,,
2024-07-10 12:00:00,966.4,29.4,73.0,1.5,167.0,,,0.0,,,,,,,,,,,,,,,0,,,,,,,,,,,,,
2024-07-10 13:00:00,965.7,28.9,79.0,1.4,176.0,,,0.0,,,,,,,,,,,,,,,0,,,,,,,,,,,,,
2024-07-10 14:00:00,965.1,28.6,79.0,1.7,161.0,,,0.0,,,,,,,,,,,,,,,0,,,,,,,,,,,,,
2024-07-10 15:00:00,964.3,28.5,79.0,1.6,172.0,,,0.0,,,,,,,,,,,,,,,0,,,,,,,,,,,,,
2024-07-10 16:00:00,963.9,27.5,85.0,1.9,170.0,,,0.0,,,,,,,,,,,,,,,0,,,,,,,,,,,,,
2024-07-10 17:00:00,963.9,27.2,90.0,1.6,166.0,,,0.0,,,,,,,,,,,,,,,0,,,,,,,,,,,,,
2024-07-10 18:00:00,964.5,27.0,93.0,0.8,170.0,,,0.0,,,,,,,,,,,,,,,0,,,,,,,,,,,,,
2024-07-10 19:00:00,965.4,26.4,95.0,0.6,170.0,,,0.0,,,,,,,,,,,,,,,0,,,,,,,,,,,,,
2024-07-10 20:00:00,966.1,26.4,96.0,0.4,138.0,,,0.0,,,,,,,,,,,,,,,0,,,,,,,,,,,,,
2024-07-10 21:00:00,966.5,26.1,97.0,1.1,165.0,,,0.0,,,,,,,,,,,,,,,0,,,,,,,,,,,,,
2024-07-10 22:00:00,966.4,26.0,99.0,1.0,163.0,,,0.0,,,,,,,,,,,,,,,0,,,,,,,,,,,,,
2024-07-10 23:00:00,966.3,25.9,100.0,1.0,145.0,,,0.0,,,,,,,,,,,,,,,0,,,,,,,,,,,,,
2024-07-11 00:00:00,965.7,25.8,100.0,0.6,134.0,,,0.0,,,,,,,,,,,,,,,0,,,,,,,,,,,,,
2024-07-11 01:00:00,964.9,25.4,100.0,0.0,0.0,,,0.0,,,,,,,,,,,,,,,0,,,,,,,,,,,,,
2024-07-11 02:00:00,964.6,25.2,100.0,0.0,0.0,,,0.0,,,,,,,,,,,,,,,0,,,,,,,,,,,,,
2024-07-11 03:00:00,964.7,25.0,99.0,0.6,188.0,,,0.0,,,,,,,,,,,,,,,0,,,,,,,,,,,,,
2024-07-11 04:00:00,964.8,24.8,98.0,0.8,174.0,,,0.0,,,,,,,,,,,,,,,0,,,,,,,,,,,,,
2024-07-11 05:00:00,965.1,24.8,96.0,0.6,165.0,,,0.0,,,,,,,,,,,,,,,0,,,,,,,,,,,,,
2024-07-11 06:00:00,965.3,25.1,94.0,0.9,170.0,,,0.0,,,,,,,,,,,,,,,0,,,,,,,,,,,,,
2024-07-11 07:00:00,965.2,26.6,87.0,0.9,181.0,,,0.0,,,,,,,,,,,,,,,0,,,,,,,,,,,,,
2024-07-11 08:00:00,965.2,28.3,78.0,1.1,156.0,,,0.0,,,,,,,,,,,,,,,0,,,,,,,,,,,,,
2024-07-11 09:00:00,965.1,28.3,79.0,1.5,168.0,,,0.0,,,,,,,,,,,,,,,0,,,,,,,,,,,,,
2024-07-11 10:00:00,964.6,29.0,73.0,1.7,167.0,,,0.0,,,,,,,,,,,,,,,0,,,,,,,,,,,,,
2024-07-11 11:00:00,964.0,29.0,75.0,1.9,172.0,,,0.0,,,,,,,,,,,,,,,0,,,,,,,,,,,,,
2024-07-11 12:00:00,963.4,28.9,75.0,2.2,165.0,,,0.0,,,,,,,,,,,,,,,0,,,,,,,,,,,,,
2024-07-11 13:00:00,963.2,29.1,77.0,2.4,172.0,,,0.0,,,,,,,,,,,,,,,0,,,,,,,,,,,,,
2024-07-11 14:00:00,962.5,28.9,78.0,1.9,164.0,,,0.0,,,,,,,,,,,,,,,0,,,,,,,,,,,,,
2024-07-11 15:00:00,961.4,28.6,80.0,1.9,170.0,,,0.0,,,,,,,,,,,,,,,0,,,,,,,,,,,,,
2024-07-11 16:00:00,961.3,28.3,84.0,1.6,176.0,,,0.0,,,,,,,,,,,,,,,0,,,,,,,,,,,,,
2024-07-11 17:00:00,961.5,27.9,88.0,0.3,161.0,,,0.0,,,,,,,,,,,,,,,0,,,,,,,,,,,,,
2024-07-11 18:00:00,961.9,28.1,88.0,0.8,50.0,,,0.0,,,,,,,,,,,,,,,0,,,,,,,,,,,,,
2024-07-11 19:00:00,962.5,27.1,91.0,0.3,36.0,,,0.0,,,,,,,,,,,,,,,0,,,,,,,,,,,,,
2024-07-11 20:00:00,962.9,26.1,93.0,0.2,0.0,,,0.0,,,,,,,,,,,,,,,0,,,,,,,,,,,,,
2024-07-11 21:00:00,963.2,26.0,93.0,0.9,47.0,,,0.0,,,,,,,,,,,,,,,0,,,,,,,,,,,,,
2024-07-11 22:00:00,963.2,25.6,94.0,0.6,47.0,,,0.0,,,,,,,,,,,,,,,0,,,,,,,,,,,,,
2024-07-11 23:00:00,962.8,25.7,95.0,1.0,17.0,,,0.0,,,,,,,,,,,,,,,0,,,,,,,,,,,,,
2024-07-12 00:00:00,962.6,25.7,95.0,0.6,322.0,,,0.0,,,,,,,,,,,,,,,0,,,,,,,,,,,,,
2024-07-12 01:00:00,962.6,25.8,92.0,1.3,268.0,,,0.0,,,,,,,,,,,,,,,0,,,,,,,,,,,,,
2024-07-12 02:00:00,962.5,25.6,93.0,1.1,177.0,,,0.0,,,,,,,,,,,,,,,0,,,,,,,,,,,,,
2024-07-12 03:00:00,962.1,25.9,91.0,1.1,185.0,,,0.0,,,,,,,,,,,,,,,0,,,,,,,,,,,,,
2024-07-12 04:00:00,961.9,25.4,91.0,0.8,242.0,,,0.0,,,,,,,,,,,,,,,0,,,,,,,,,,,,,
2024-07-12 05:00:00,961.5,25.3,92.0,0.2,0.0,,,0.0,,,,,,,,,,,,,,,0,,,,,,,,,,,,,
2024-07-12 06:00:00,961.4,25.5,89.0,0.7,357.0,,,0.0,,,,,,,,,,,,,,,0,,,,,,,,,,,,,
2024-07-12 07:00:00,962.0,27.3,77.0,0.7,34.0,,,0.0,,,,,,,,,,,,,,,0,,,,,,,,,,,,,
2024-07-12 08:00:00,962.0,29.6,72.0,0.2,0.0,,,0.0,,,,,,,,,,,,,,,0,,,,,,,,,,,,,
2024-07-12 09:00:00,961.9,32.8,65.0,0.8,52.0,,,0.0,,,,,,,,,,,,,,,0,,,,,,,,,,,,,
2024-07-12 10:00:00,961.5,33.3,64.0,1.1,56.0,,,0.0,,,,,,,,,,,,,,,0,,,,,,,,,,,,,
2024-07-12 11:00:00,961.1,35.4,53.0,1.1,46.0,,,0.0,,,,,,,,,,,,,,,0,,,,,,,,,,,,,
2024-07-12 12:00:00,960.6,35.9,53.0,1.3,50.0,,,0.0,,,,,,,,,,,,,,,0,,,,,,,,,,,,,
2024-07-12 13:00:00,959.9,36.3,51.0,1.1,45.0,,,0.0,,,,,,,,,,,,,,,0,,,,,,,,,,,,,
2024-07-12 14:00:00,959.5,35.7,53.0,2.0,47.0,,,0.0,,,,,,,,,,,,,,,0,,,,,,,,,,,,,
2024-07-12 15:00:00,959.4,34.1,59.0,1.8,54.0,,,0.0,,,,,,,,,,,,,,,0,,,,,,,,,,,,,
2024-07-12 16:00:00,959.5,33.6,62.0,2.1,44.0,,,0.0,,,,,,,,,,,,,,,0,,,,,,,,,,,,,
2024-07-12 17:00:00,959.5,32.2,67.0,1.7,49.0,,,0.0,,,,,,,,,,,,,,,0,,,,,,,,,,,,,
2024-07-12 18:00:00,960.1,29.4,78.0,1.9,49.0,,,0.0,,,,,,,,,,,,,,,0,,,,,,,,,,,,,
2024-07-12 19:00:00,961.3,27.3,89.0,1.7,53.0,,,0.0,,,,,,,,,,,,,,,0,,,,,,,,,,,,,
2024-07-12 20:00:00,962.1,26.6,93.0,1.5,62.0,,,0.0,,,,,,,,,,,,,,,0,,,,,,,,,,,,,
2024-07-12 21:00:00,962.6,26.8,90.0,0.0,0.0,,,0.0,,,,,,,,,,,,,,,0,,,,,,,,,,,,,
2024-07-12 22:00:00,962.7,26.6,92.0,0.2,0.0,,,0.0,,,,,,,,,,,,,,,0,,,,,,,,,,,,,
2024-07-12 23:00:00,962.7,26.4,92.0,0.3,58.0,,,0.0,,,,,,,,,,,,,,,0,,,,,,,,,,,,,
2024-07-13 00:00:00,962.5,26.1,91.0,0.3,357.0,,,0.0,,,,,,,,,,,,,,,0,,,,,,,,,,,,,
2024-07-13 01:00:00,962.1,26.5,88.0,1.8,296.0,,,0.0,,,,,,,,,,,,,,,0,,,,,,,,,,,,,
2024-07-13 02:00:00,961.9,26.5,89.0,0.9,258.0,,,0.0,,,,,,,,,,,,,,,0,,,,,,,,,,,,,
2024-07-13 03:00:00,961.9,26.1,92.0,0.3,146.0,,,0.0,,,,,,,,,,,,,,,0,,,,,,,,,,,,,
2024-07-13 04:00:00,962.0,25.8,91.0,0.8,183.0,,,0.0,,,,,,,,,,,,,,,0,,,,,,,,,,,,,
2024-07-13 05:00:00,962.0,25.9,90.0,0.4,164.0,,,0.0,,,,,,,,,,,,,,,0,,,,,,,,,,,,,
2024-07-13 06:00:00,962.5,25.9,90.0,0.0,0.0,,,0.0,,,,,,,,,,,,,,,0,,,,,,,,,,,,,
2024-07-13 07:00:00,962.9,27.6,85.0,0.0,0.0,,,0.0,,,,,,,,,,,,,,,0,,,,,,,,,,,,,
2024-07-13 08:00:00,962.7,30.4,74.0,0.0,0.0,,,0.0,,,,,,,,,,,,,,,0,,,,,,,,,,,,,
2024-07-13 09:00:00,962.8,31.5,72.0,0.3,160.0,,,0.0,,,,,,,,,,,,,,,0,,,,,,,,,,,,,
2024-07-13 10:00:00,963.2,30.0,76.0,0.8,175.0,,,0.0,,,,,,,,,,,,,,,0,,,,,,,,,,,,,
2024-07-13 11:00:00,963.3,29.2,78.0,0.7,159.0,,,0.0,,,,,,,,,,,,,,,0,,,,,,,,,,,,,
2024-07-13 12:00:00,963.3,32.5,65.0,0.5,159.0,,,0.0,,,,,,,,,,,,,,,0,,,,,,,,,,,,,
2024-07-13 13:00:00,963.2,31.0,70.0,0.8,182.0,,,0.0,,,,,,,,,,,,,,,0,,,,,,,,,,,,,
2024-07-13 14:00:00,963.2,30.3,60.0,1.0,164.0,,,0.0,,,,,,,,,,,,,,,0,,,,,,,,,,,,,
2024-07-13 15:00:00,962.8,29.9,71.0,0.5,174.0,,,0.0,,,,,,,,,,,,,,,0,,,,,,,,,,,,,
2024-07-13 16:00:00,962.8,28.7,80.0,0.4,181.0,,,0.0,,,,,,,,,,,,,,,0,,,,,,,,,,,,,
2024-07-13 17:00:00,963.4,28.6,77.0,0.5,165.0,,,0.0,,,,,,,,,,,,,,,0,,,,,,,,,,,,,
2024-07-13 18:00:00,964.0,27.5,84.0,0.3,178.0,,,0.0,,,,,,,,,,,,,,,0,,,,,,,,,,,,,
2024-07-13 19:00:00,964.7,26.4,91.0,0.0,0.0,,,0.0,,,,,,,,,,,,,,,0,,,,,,,,,,,,,
2024-07-13 20:00:00,965.3,26.3,94.0,0.0,0.0,,,0.0,,,,,,,,,,,,,,,0,,,,,,,,,,,,,
2024-07-13 21:00:00,965.9,25.8,94.0,0.6,234.0,,,0.0,,,,,,,,,,,,,,,0,,,,,,,,,,,,,
2024-07-13 22:00:00,966.4,25.9,94.0,0.5,165.0,,,0.0,,,,,,,,,,,,,,,0,,,,,,,,,,,,,
2024-07-13 23:00:00,966.3,26.0,94.0,0.8,175.0,,,0.0,,,,,,,,,,,,,,,0,,,,,,,,,,,,,
2024-07-14 00:00:00,965.8,25.8,94.0,0.0,0.0,,,0.0,,,,,,,,,,,,,,,0,,,,,,,,,,,,,
2024-07-14 01:00:00,965.3,25.9,93.0,0.8,12.0,,,0.0,,,,,,,,,,,,,,,0,,,,,,,,,,,,,
2024-07-14 02:00:00,965.2,25.3,94.0,0.9,293.0,,,0.0,,,,,,,,,,,,,,,0,,,,,,,,,,,,,
2024-07-14 03:00:00,965.2,24.9,90.0,1.3,313.0,,,0.0,,,,,,,,,,,,,,,0,,,,,,,,,,,,,
2024-07-14 04:00:00,965.2,25.7,82.0,1.1,25.0,,,0.0,,,,,,,,,,,,,,,0,,,,,,,,,,,,,
2024-07-14 05:00:00,965.1,24.9,87.0,1.5,317.0,,,0.0,,,,,,,,,,,,,,,0,,,,,,,,,,,,,
2024-07-14 06:00:00,965.2,25.2,84.0,1.9,319.0,,,0.0,,,,,,,,,,,,,,,0,,,,,,,,,,,,,
2024-07-14 07:00:00,965.9,27.0,81.0,0.6,58.0,,,0.0,,,,,,,,,,,,,,,0,,,,,,,,,,,,,
2024-07-14 08:00:00,966.4,30.2,69.0,0.3,93.0,,,0.0,,,,,,,,,,,,,,,0,,,,,,,,,,,,,
2024-07-14 09:00:00,967.1,31.7,64.0,0.4,114.0,,,0.0,,,,,,,,,,,,,,,0,,,,,,,,,,,,,
2024-07-14 10:00:00,966.9,34.1,58.0,0.8,104.0,,,0.0,,,,,,,,,,,,,,,0,,,,,,,,,,,,,
2024-07-14 11:00:00,966.4,34.9,52.0,0.7,93.0,,,0.0,,,,,,,,,,,,,,,0,,,,,,,,,,,,,
2024-07-14 12:00:00,966.4,32.1,62.0,1.4,114.0,,,0.0,,,,,,,,,,,,,,,0,,,,,,,,,,,,,
2024-07-14 13:00:00,966.4,30.8,68.0,1.7,114.0,,,0.0,,,,,,,,,,,,,,,0,,,,,,,,,,,,,
2024-07-14 14:00:00,966.5,29.9,74.0,2.6,103.0,,,0.0,,,,,,,,,,,,,,,0,,,,,,,,,,,,,
2024-07-14 15:00:00,966.0,30.8,71.0,1.7,83.0,,,0.0,,,,,,,,,,,,,,,0,,,,,,,,,,,,,
2024-07-14 16:00:00,965.9,29.9,74.0,1.1,99.0,,,0.0,,,,,,,,,,,,,,,0,,,,,,,,,,,,,
2024-07-14 17:00:00,965.9,27.7,83.0,1.0,110.0,,,0.0,,,,,,,,,,,,,,,0,,,,,,,,,,,,,
2024-07-14 18:00:00,965.8,29.0,78.0,0.5,297.0,,,0.0,,,,,,,,,,,,,,,0,,,,,,,,,,,,,
2024-07-14 19:00:00,965.8,27.6,80.0,1.0,116.0,,,0.0,,,,,,,,,,,,,,,0,,,,,,,,,,,,,
2024-07-14 20:00:00,967.1,26.4,91.0,1.4,60.0,,,0.0,,,,,,,,,,,,,,,0,,,,,,,,,,,,,
2024-07-14 21:00:00,968.0,26.2,93.0,0.7,73.0,,,0.0,,,,,,,,,,,,,,,0,,,,,,,,,,,,,
2024-07-14 22:00:00,968.4,26.1,94.0,1.5,45.0,,,0.0,,,,,,,,,,,,,,,0,,,,,,,,,,,,,
2024-07-14 23:00:00,968.4,26.1,95.0,1.3,305.0,,,0.0,,,,,,,,,,,,,,,0,,,,,,,,,,,,,
2024-07-15 00:00:00,967.7,25.5,94.0,0.9,314.0,,,0.0,,,,,,,,,,,,,,,0,,,,,,,,,,,,,
2024-07-15 01:00:00,967.8,24.8,98.0,1.4,181.0,,,0.0,,,,,,,,,,,,,,,0,,,,,,,,,,,,,
2024-07-15 02:00:00,967.2,25.1,94.0,1.1,309.0,,,0.0,,,,,,,,,,,,,,,0,,,,,,,,,,,,,
2024-07-15 03:00:00,967.1,25.1,94.0,0.2,0.0,,,0.0,,,,,,,,,,,,,,,0,,,,,,,,,,,,,
2024-07-15 04:00:00,967.6,25.5,92.0,1.4,307.0,,,0.0,,,,,,,,,,,,,,,0,,,,,,,,,,,,,
2024-07-15 05:00:00,968.4,21.9,99.0,5.3,115.0,,,4.0,,,,,,,,,,,,,,,0,,,,,,,,,,,,,
2024-07-15 06:00:00,968.2,23.5,100.0,2.5,299.0,,,1.5,,,,,,,,,,,,,,,0,,,,,,,,,,,,,
2024-07-15 07:00:00,968.3,24.8,100.0,0.4,32.0,,,0.0,,,,,,,,,,,,,,,0,,,,,,,,,,,,,
2024-07-15 08:00:00,968.1,27.1,94.0,0.3,13.0,,,0.0,,,,,,,,,,,,,,,0,,,,,,,,,,,,,
2024-07-15 09:00:00,967.8,29.9,84.0,0.2,0.0,,,0.0,,,,,,,,,,,,,,,0,,,,,,,,,,,,,
2024-07-15 10:00:00,967.8,31.9,74.0,1.0,59.0,,,0.0,,,,,,,,,,,,,,,0,,,,,,,,,,,,,
2024-07-15 11:00:00,967.8,33.7,64.0,0.7,68.0,,,0.0,,,,,,,,,,,,,,,0,,,,,,,,,,,,,
2024-07-15 12:00:00,967.7,31.8,66.0,1.3,71.0,,,0.0,,,,,,,,,,,,,,,0,,,,,,,,,,,,,
2024-07-15 13:00:00,967.2,31.3,64.0,1.6,73.0,,,0.0,,,,,,,,,,,,,,,0,,,,,,,,,,,,,
2024-07-15 14:00:00,966.6,32.2,58.0,1.4,71.0,,,0.0,,,,,,,,,,,,,,,0,,,,,,,,,,,,,
2024-07-15 15:00:00,966.5,31.8,64.0,1.0,50.0,,,0.0,,,,,,,,,,,,,,,0,,,,,,,,,,,,,
2024-07-15 16:00:00,966.6,29.8,72.0,1.2,71.0,,,0.0,,,,,,,,,,,,,,,0,,,,,,,,,,,,,
2024-07-15 17:00:00,966.7,28.8,81.0,1.0,62.0,,,0.0,,,,,,,,,,,,,,,0,,,,,,,,,,,,,
2024-07-15 18:00:00,967.1,26.1,93.0,1.8,58.0,,,0.0,,,,,,,,,,,,,,,0,,,,,,,,,,,,,
2024-07-15 19:00:00,968.4,23.5,99.0,2.0,291.0,,,16.5,,,,,,,,,,,,,,,0,,,,,,,,,,,,,
2024-07-15 20:00:00,968.4,23.4,99.0,0.9,334.0,,,0.5,,,,,,,,,,,,,,,0,,,,,,,,,,,,,
2024-07-15 21:00:00,969.1,23.9,99.0,0.8,32.0,,,0.0,,,,,,,,,,,,,,,0,,,,,,,,,,,,,
2024-07-15 22:00:00,968.7,23.9,99.0,1.4,303.0,,,0.0,,,,,,,,,,,,,,,0,,,,,,,,,,,,,
2024-07-15 23:00:00,967.8,23.6,97.0,0.2,0.0,,,0.0,,,,,,,,,,,,,,,0,,,,,,,,,,,,,
2024-07-16 00:00:00,967.8,23.8,94.0,0.9,358.0,,,0.0,,,,,,,,,,,,,,,0,,,,,,,,,,,,,
2024-07-16 01:00:00,967.7,24.4,90.0,1.9,39.0,,,0.0,,,,,,,,,,,,,,,0,,,,,,,,,,,,,
2024-07-16 02:00:00,967.6,25.2,84.0,0.8,310.0,,,0.0,,,,,,,,,,,,,,,0,,,,,,,,,,,,,
2024-07-16 03:00:00,967.2,24.6,82.0,1.7,358.0,,,0.0,,,,,,,,,,,,,,,0,,,,,,,,,,,,,
2024-07-16 04:00:00,967.4,24.3,82.0,1.5,352.0,,,0.0,,,,,,,,,,,,,,,0,,,,,,,,,,,,,
2024-07-16 05:00:00,967.7,23.5,88.0,1.2,330.0,,,0.0,,,,,,,,,,,,,,,0,,,,,,,,,,,,,
2024-07-16 06:00:00,967.8,23.7,83.0,1.5,356.0,,,0.0,,,,,,,,,,,,,,,0,,,,,,,,,,,,,
2024-07-16 07:00:00,968.4,26.6,79.0,1.1,57.0,,,0.0,,,,,,,,,,,,,,,0,,,,,,,,,,,,,
2024-07-16 08:00:00,968.3,29.0,73.0,0.4,47.0,,,0.0,,,,,,,,,,,,,,,0,,,,,,,,,,,,,
2024-07-16 09:00:00,968.4,29.9,73.0,0.6,85.0,,,0.0,,,,,,,,,,,,,,,0,,,,,,,,,,,,,
2024-07-16 10:00:00,968.4,31.3,72.0,0.8,87.0,,,0.0,,,,,,,,,,,,,,,0,,,,,,,,,,,,,
2024-07-16 11:00:00,968.2,30.8,72.0,1.4,96.0,,,0.0,,,,,,,,,,,,,,,0,,,,,,,,,,,,,
2024-07-16 12:00:00,967.7,30.0,71.0,1.9,105.0,,,0.0,,,,,,,,,,,,,,,0,,,,,,,,,,,,,
2024-07-16 13:00:00,967.6,30.4,68.0,1.6,104.0,,,0.0,,,,,,,,,,,,,,,0,,,,,,,,,,,,,
2024-07-16 14:00:00,967.3,30.1,69.0,0.9,122.0,,,0.0,,,,,,,,,,,,,,,0,,,,,,,,,,,,,
2024-07-16 15:00:00,967.1,28.2,82.0,1.8,115.0,,,0.0,,,,,,,,,,,,,,,0,,,,,,,,,,,,,
2024-07-16 16:00:00,966.5,29.0,77.0,0.7,120.0,,,0.0,,,,,,,,,,,,,,,0,,,,,,,,,,,,,
2024-07-16 17:00:00,967.0,28.0,81.0,0.8,134.0,,,0.0,,,,,,,,,,,,,,,0,,,,,,,,,,,,,
2024-07-16 18:00:00,967.1,26.8,87.0,1.9,112.0,,,0.0,,,,,,,,,,,,,,,0,,,,,,,,,,,,,
2024-07-16 19:00:00,967.7,26.1,94.0,1.0,70.0,,,0.0,,,,,,,,,,,,,,,0,,,,,,,,,,,,,
2024-07-16 20:00:00,968.0,26.1,95.0,0.9,5.0,,,0.0,,,,,,,,,,,,,,,0,,,,,,,,,,,,,
2024-07-16 21:00:00,968.5,26.2,92.0,0.0,0.0,,,0.0,,,,,,,,,,,,,,,0,,,,,,,,,,,,,
2024-07-16 22:00:00,969.0,26.0,93.0,0.5,45.0,,,0.0,,,,,,,,,,,,,,,0,,,,,,,,,,,,,
2024-07-16 23:00:00,968.9,25.7,95.0,0.0,0.0,,,0.0,,,,,,,,,,,,,,,0,,,,,,,,,,,,,
2024-07-17 00:00:00,968.2,25.9,86.0,1.0,332.0,,,0.0,,,,,,,,,,,,,,,0,,,,,,,,,,,,,
2024-07-17 01:00:00,967.6,25.8,88.0,0.3,201.0,,,0.0,,,,,,,,,,,,,,,0,,,,,,,,,,,,,
2024-07-17 02:00:00,967.1,25.6,90.0,0.4,149.0,,,0.0,,,,,,,,,,,,,,,0,,,,,,,,,,,,,
2024-07-17 03:00:00,967.1,25.6,89.0,1.0,29.0,,,0.0,,,,,,,,,,,,,,,0,,,,,,,,,,,,,
2024-07-17 04:00:00,967.1,25.6,81.0,0.0,0.0,,,0.0,,,,,,,,,,,,,,,0,,,,,,,,,,,,,
2024-07-17 05:00:00,967.6,25.7,84.0,0.2,0.0,,,0.0,,,,,,,,,,,,,,,0,,,,,,,,,,,,,
2024-07-17 06:00:00,967.9,25.8,80.0,0.0,0.0,,,0.0,,,,,,,,,,,,,,,0,,,,,,,,,,,,,
2024-07-17 07:00:00,968.2,26.9,78.0,0.0,0.0,,,0.0,,,,,,,,,,,,,,,0,,,,,,,,,,,,,
2024-07-17 08:00:00,967.7,28.9,77.0,0.0,0.0,,,0.0,,,,,,,,,,,,,,,0,,,,,,,,,,,,,
2024-07-17 09:00:00,967.7,31.3,69.0,0.0,0.0,,,0.0,,,,,,,,,,,,,,,0,,,,,,,,,,,,,
2024-07-17 10:00:00,967.7,33.2,61.0,0.2,0.0,,,0.0,,,,,,,,,,,,,,,0,,,,,,,,,,,,,
2024-07-17 11:00:00,967.7,32.9,61.0,0.2,0.0,,,0.0,,,,,,,,,,,,,,,0,,,,,,,,,,,,,
2024-07-17 12:00:00,967.7,32.5,65.0,0.1,0.0,,,0.0,,,,,,,,,,,,,,,0,,,,,,,,,,,,,
2024-07-17 13:00:00,967.8,31.2,69.0,0.6,183.0,,,0.0,,,,,,,,,,,,,,,0,,,,,,,,,,,,,
2024-07-17 14:00:00,967.8,30.2,74.0,1.0,135.0,,,0.0,,,,,,,,,,,,,,,0,,,,,,,,,,,,,
2024-07-17 15:00:00,967.6,30.5,74.0,0.3,175.0,,,0.0,,,,,,,,,,,,,,,0,,,,,,,,,,,,,
2024-07-17 16:00:00,967.0,29.3,78.0,0.3,180.0,,,0.0,,,,,,,,,,,,,,,0,,,,,,,,,,,,,
2024-07-17 17:00:00,966.9,28.6,81.0,0.6,162.0,,,0.0,,,,,,,,,,,,,,,0,,,,,,,,,,,,,
2024-07-17 18:00:00,967.3,27.1,87.0,0.4,160.0,,,0.0,,,,,,,,,,,,,,,0,,,,,,,,,,,,,
2024-07-17 19:00:00,967.9,26.3,90.0,0.7,147.0,,,0.0,,,,,,,,,,,,,,,0,,,,,,,,,,,,,
2024-07-17 20:00:00,968.4,26.3,94.0,0.7,186.0,,,0.0,,,,,,,,,,,,,,,0,,,,,,,,,,,,,
2024-07-17 21:00:00,968.4,26.1,95.0,0.0,0.0,,,0.0,,,,,,,,,,,,,,,0,,,,,,,,,,,,,
2024-07-17 22:00:00,968.5,25.8,92.0,0.5,144.0,,,0.0,,,,,,,,,,,,,,,0,,,,,,,,,,,,,
2024-07-17 23:00:00,968.4,25.6,96.0,0.5,158.0,,,0.0,,,,,,,,,,,,,,,0,,,,,,,,,,,,,
2024-07-18 00:00:00,968.3,25.6,93.0,0.6,220.0,,,0.0,,,,,,,,,,,,,,,0,,,,,,,,,,,,,
2024-07-18 01:00:00,968.1,25.5,93.0,0.6,157.0,,,0.0,,,,,,,,,,,,,,,0,,,,,,,,,,,,,
2024-07-18 02:00:00,967.3,24.9,95.0,0.6,233.0,,,0.0,,,,,,,,,,,,,,,0,,,,,,,,,,,,,
2024-07-18 03:00:00,966.9,25.2,96.0,0.7,218.0,,,0.0,,,,,,,,,,,,,,,0,,,,,,,,,,,,,
2024-07-18 04:00:00,967.1,25.0,95.0,1.1,324.0,,,0.0,,,,,,,,,,,,,,,0,,,,,,,,,,,,,
2024-07-18 05:00:00,967.7,25.4,90.0,0.6,239.0,,,0.0,,,,,,,,,,,,,,,0,,,,,,,,,,,,,
2024-07-18 06:00:00,967.8,26.2,78.0,0.6,191.0,,,0.0,,,,,,,,,,,,,,,0,,,,,,,,,,,,,
2024-07-18 07:00:00,967.9,27.7,78.0,0.2,0.0,,,0.0,,,,,,,,,,,,,,,0,,,,,,,,,,,,,
2024-07-18 08:00:00,968.3,29.3,75.0,0.0,0.0,,,0.0,,,,,,,,,,,,,,,0,,,,,,,,,,,,,
2024-07-18 09:00:00,968.4,31.6,61.0,0.0,0.0,,,0.0,,,,,,,,,,,,,,,0,,,,,,,,,,,,,
2024-07-18 10:00:00,968.4,33.2,60.0,0.4,134.0,,,0.0,,,,,,,,,,,,,,,0,,,,,,,,,,,,,
2024-07-18 11:00:00,968.3,32.2,61.0,0.9,132.0,,,0.0,,,,,,,,,,,,,,,0,,,,,,,,,,,,,
2024-07-18 12:00:00,967.7,31.9,62.0,0.4,150.0,,,0.0,,,,,,,,,,,,,,,0,,,,,,,,,,,,,
2024-07-18 13:00:00,967.1,30.7,71.0,0.9,184.0,,,0.0,,,,,,,,,,,,,,,0,,,,,,,,,,,,,
2024-07-18 14:00:00,966.4,31.5,67.0,0.6,164.0,,,0.0,,,,,,,,,,,,,,,0,,,,,,,,,,,,,
2024-07-18 15:00:00,966.4,29.5,74.0,1.2,179.0,,,0.0,,,,,,,,,,,,,,,0,,,,,,,,,,,,,
2024-07-18 16:00:00,966.2,30.4,69.0,0.7,202.0,,,0.0,,,,,,,,,,,,,,,0,,,,,,,,,,,,,
2024-07-18 17:00:00,966.1,29.3,72.0,0.5,191.0,,,0.0,,,,,,,,,,,,,,,0,,,,,,,,,,,,,
2024-07-18 18:00:00,967.1,27.0,83.0,0.7,151.0,,,0.0,,,,,,,,,,,,,,,0,,,,,,,,,,,,,
2024-07-18 19:00:00,967.6,26.4,88.0,0.9,179.0,,,0.0,,,,,,,,,,,,,,,0,,,,,,,,,,,,,
2024-07-18 20:00:00,967.8,26.3,89.0,0.6,151.0,,,0.0,,,,,,,,,,,,,,,0,,,,,,,,,,,,,
2024-07-18 21:00:00,968.4,26.0,88.0,1.1,202.0,,,0.0,,,,,,,,,,,,,,,0,,,,,,,,,,,,,
2024-07-18 22:00:00,968.9,26.3,84.0,0.5,167.0,,,0.0,,,,,,,,,,,,,,,0,,,,,,,,,,,,,
2024-07-18 23:00:00,969.0,26.4,85.0,0.9,176.0,,,0.0,,,,,,,,,,,,,,,0,,,,,,,,,,,,,
2024-07-19 00:00:00,968.3,26.2,82.0,0.0,0.0,,,0.0,,,,,,,,,,,,,,,0,,,,,,,,,,,,,
2024-07-19 01:00:00,967.7,26.4,82.0,0.1,0.0,,,0.0,,,,,,,,,,,,,,,0,,,,,,,,,,,,,
2024-07-19 02:00:00,967.2,26.2,85.0,0.3,138.0,,,0.0,,,,,,,,,,,,,,,0,,,,,,,,,,,,,
2024-07-19 03:00:00,966.5,26.0,85.0,1.0,358.0,,,0.0,,,,,,,,,,,,,,,0,,,,,,,,,,,,,
2024-07-19 04:00:00,966.4,25.5,87.0,1.1,4.0,,,0.0,,,,,,,,,,,,,,,0,,,,,,,,,,,,,
2024-07-19 05:00:00,966.5,24.5,88.0,0.6,322.0,,,0.0,,,,,,,,,,,,,,,0,,,,,,,,,,,,,
2024-07-19 06:00:00,967.1,25.2,84.0,0.3,15.0,,,0.0,,,,,,,,,,,,,,,0,,,,,,,,,,,,,
2024-07-19 07:00:00,967.1,27.1,77.0,0.1,0.0,,,0.0,,,,,,,,,,,,,,,0,,,,,,,,,,,,,
2024-07-19 08:00:00,967.1,30.2,70.0,0.6,55.0,,,0.0,,,,,,,,,,,,,,,0,,,,,,,,,,,,,
2024-07-19 09:00:00,967.0,31.9,63.0,0.8,79.0,,,0.0,,,,,,,,,,,,,,,0,,,,,,,,,,,,,
2024-07-19 10:00:00,966.9,32.9,60.0,0.7,117.0,,,0.0,,,,,,,,,,,,,,,0,,,,,,,,,,,,,
2024-07-19 11:00:00,966.5,33.3,58.0,1.0,104.0,,,0.0,,,,,,,,,,,,,,,0,,,,,,,,,,,,,
2024-07-19 12:00:00,966.0,33.6,55.0,0.7,121.0,,,0.0,,,,,,,,,,,,,,,0,,,,,,,,,,,,,
2024-07-19 13:00:00,965.8,33.0,61.0,0.7,95.0,,,0.0,,,,,,,,,,,,,,,0,,,,,,,,,,,,,
2024-07-19 14:00:00,965.2,31.8,65.0,0.8,127.0,,,0.0,,,,,,,,,,,,,,,0,,,,,,,,,,,,,
2024-07-19 15:00:00,965.0,29.7,74.0,1.2,129.0,,,0.0,,,,,,,,,,,,,,,0,,,,,,,,,,,,,
2024-07-19 16:00:00,965.2,30.2,75.0,0.7,118.0,,,0.0,,,,,,,,,,,,,,,0,,,,,,,,,,,,,
2024-07-19 17:00:00,965.1,28.4,81.0,1.2,124.0,,,0.0,,,,,,,,,,,,,,,0,,,,,,,,,,,,,
2024-07-19 18:00:00,965.5,27.1,89.0,1.5,118.0,,,0.0,,,,,,,,,,,,,,,0,,,,,,,,,,,,,
2024-07-19 19:00:00,966.0,26.7,92.0,0.8,117.0,,,0.0,,,,,,,,,,,,,,,0,,,,,,,,,,,,,
2024-07-19 20:00:00,966.6,26.5,94.0,0.8,58.0,,,0.0,,,,,,,,,,,,,,,0,,,,,,,,,,,,,
2024-07-19 21:00:00,967.7,26.3,95.0,1.6,56.0,,,0.0,,,,,,,,,,,,,,,0,,,,,,,,,,,,,
2024-07-19 22:00:00,967.9,26.1,96.0,0.7,15.0,,,0.0,,,,,,,,,,,,,,,0,,,,,,,,,,,,,
2024-07-19 23:00:00,967.7,26.0,95.0,0.5,14.0,,,0.0,,,,,,,,,,,,,,,0,,,,,,,,,,,,,
2024-07-20 00:00:00,967.6,25.7,94.0,0.7,14.0,,,0.0,,,,,,,,,,,,,,,0,,,,,,,,,,,,,
2024-07-20 01:00:00,966.9,25.6,91.0,1.5,48.0,,,0.0,,,,,,,,,,,,,,,0,,,,,,,,,,,,,
2024-07-20 02:00:00,966.4,25.5,89.0,1.4,310.0,,,0.0,,,,,,,,,,,,,,,0,,,,,,,,,,,,,
2024-07-20 03:00:00,965.7,25.2,90.0,1.1,321.0,,,0.0,,,,,,,,,,,,,,,0,,,,,,,,,,,,,
2024-07-20 04:00:00,965.6,24.9,89.0,0.8,317.0,,,0.0,,,,,,,,,,,,,,,0,,,,,,,,,,,,,
2024-07-20 05:00:00,965.9,25.0,86.0,0.9,335.0,,,0.0,,,,,,,,,,,,,,,0,,,,,,,,,,,,,
2024-07-20 06:00:00,966.5,26.4,85.0,0.3,119.0,,,0.0,,,,,,,,,,,,,,,0,,,,,,,,,,,,,
2024-07-20 07:00:00,966.9,27.1,81.0,0.1,0.0,,,0.0,,,,,,,,,,,,,,,0,,,,,,,,,,,,,
2024-07-20 08:00:00,967.0,30.2,71.0,0.1,0.0,,,0.0,,,,,,,,,,,,,,,0,,,,,,,,,,,,,
2024-07-20 09:00:00,967.2,31.1,73.0,0.5,92.0,,,0.0,,,,,,,,,,,,,,,0,,,,,,,,,,,,,
2024-07-20 10:00:00,967.1,33.8,63.0,0.4,98.0,,,0.0,,,,,,,,,,,,,,,0,,,,,,,,,,,,,
2024-07-20 11:00:00,966.5,33.3,62.0,1.1,130.0,,,0.0,,,,,,,,,,,,,,,0,,,,,,,,,,,,,
2024-07-20 12:00:00,966.4,32.8,63.0,0.6,116.0,,,0.0,,,,,,,,,,,,,,,0,,,,,,,,,,,,,
2024-07-20 13:00:00,965.8,32.9,63.0,0.4,138.0,,,0.0,,,,,,,,,,,,,,,0,,,,,,,,,,,,,
2024-07-20 14:00:00,965.3,32.0,66.0,0.5,173.0,,,0.0,,,,,,,,,,,,,,,0,,,,,,,,,,,,,
2024-07-20 15:00:00,965.1,31.5,66.0,0.2,0.0,,,0.0,,,,,,,,,,,,,,,0,,,,,,,,,,,,,
2024-07-20 16:00:00,964.6,29.6,75.0,1.4,122.0,,,0.0,,,,,,,,,,,,,,,0,,,,,,,,,,,,,
2024-07-20 17:00:00,965.4,28.1,81.0,1.7,113.0,,,0.0,,,,,,,,,,,,,,,0,,,,,,,,,,,,,
2024-07-20 18:00:00,965.9,27.3,90.0,1.0,125.0,,,0.0,,,,,,,,,,,,,,,0,,,,,,,,,,,,,
2024-07-20 19:00:00,966.6,26.7,94.0,0.9,45.0,,,0.0,,,,,,,,,,,,,,,0,,,,,,,,,,,,,
2024-07-20 20:00:00,967.1,25.9,95.0,1.2,96.0,,,0.0,,,,,,,,,,,,,,,0,,,,,,,,,,,,,
2024-07-20 21:00:00,967.7,26.3,95.0,0.2,0.0,,,0.0,,,,,,,,,,,,,,,0,,,,,,,,,,,,,
2024-07-20 22:00:00,967.8,26.6,95.0,0.3,341.0,,,0.0,,,,,,,,,,,,,,,0,,,,,,,,,,,,,
2024-07-20 23:00:00,967.9,25.9,93.0,0.6,343.0,,,0.0,,,,,,,,,,,,,,,0,,,,,,,,,,,,,
2024-07-21 00:00:00,967.7,26.1,94.0,0.8,341.0,,,0.0,,,,,,,,,,,,,,,0,,,,,,,,,,,,,
2024-07-21 01:00:00,966.5,25.5,91.0,0.8,351.0,,,0.0,,,,,,,,,,,,,,,0,,,,,,,,,,,,,
2024-07-21 02:00:00,966.3,25.3,95.0,1.1,318.0,,,0.0,,,,,,,,,,,,,,,0,,,,,,,,,,,,,
2024-07-21 03:00:00,965.8,25.1,95.0,0.8,77.0,,,0.0,,,,,,,,,,,,,,,0,,,,,,,,,,,,,
2024-07-21 04:00:00,965.8,25.1,93.0,1.2,290.0,,,0.0,,,,,,,,,,,,,,,0,,,,,,,,,,,,,
2024-07-21 05:00:00,965.6,24.9,95.0,0.4,20.0,,,0.0,,,,,,,,,,,,,,,0,,,,,,,,,,,,,
2024-07-21 06:00:00,964.4,25.4,90.0,2.3,308.0,,,0.0,,,,,,,,,,,,,,,0,,,,,,,,,,,,,
2024-07-21 07:00:00,964.5,25.8,89.0,0.1,0.0,,,0.0,,,,,,,,,,,,,,,0,,,,,,,,,,,,,
2024-07-21 08:00:00,964.7,27.5,80.0,0.6,46.0,,,0.0,,,,,,,,,,,,,,,0,,,,,,,,,,,,,
2024-07-21 09:00:00,965.2,29.3,77.0,0.2,0.0,,,0.0,,,,,,,,,,,,,,,0,,,,,,,,,,,,,
2024-07-21 10:00:00,965.9,30.7,67.0,0.3,290.0,,,0.0,,,,,,,,,,,,,,,0,,,,,,,,,,,,,
2024-07-21 11:00:00,966.0,32.3,70.0,0.9,63.0,,,0.0,,,,,,,,,,,,,,,0,,,,,,,,,,,,,
2024-07-21 12:00:00,965.6,35.9,55.0,0.9,59.0,,,0.0,,,,,,,,,,,,,,,0,,,,,,,,,,,,,
2024-07-21 13:00:00,965.4,29.8,71.0,2.0,77.0,,,0.0,,,,,,,,,,,,,,,0,,,,,,,,,,,,,
2024-07-21 14:00:00,965.3,29.9,74.0,1.5,86.0,,,0.0,,,,,,,,,,,,,,,0,,,,,,,,,,,,,
2024-07-21 15:00:00,965.1,29.3,80.0,1.6,77.0,,,0.0,,,,,,,,,,,,,,,0,,,,,,,,,,,,,
2024-07-21 16:00:00,964.6,27.6,86.0,1.2,89.0,,,0.0,,,,,,,,,,,,,,,0,,,,,,,,,,,,,
2024-07-21 17:00:00,965.1,27.8,86.0,0.8,54.0,,,0.0,,,,,,,,,,,,,,,0,,,,,,,,,,,,,
2024-07-21 18:00:00,965.6,27.3,88.0,0.9,48.0,,,0.0,,,,,,,,,,,,,,,0,,,,,,,,,,,,,
2024-07-21 19:00:00,965.3,24.9,95.0,1.6,352.0,,,0.5,,,,,,,,,,,,,,,0,,,,,,,,,,,,,
2024-07-21 20:00:00,965.8,25.6,91.0,0.7,97.0,,,0.0,,,,,,,,,,,,,,,0,,,,,,,,,,,,,
2024-07-21 21:00:00,966.4,25.1,97.0,1.3,320.0,,,0.0,,,,,,,,,,,,,,,0,,,,,,,,,,,,,
2024-07-21 22:00:00,966.5,25.4,93.0,0.4,13.0,,,0.0,,,,,,,,,,,,,,,0,,,,,,,,,,,,,
2024-07-21 23:00:00,966.4,25.3,93.0,0.3,339.0,,,0.0,,,,,,,,,,,,,,,0,,,,,,,,,,,,,
2024-07-22 00:00:00,965.8,24.7,93.0,0.7,16.0,,,0.0,,,,,,,,,,,,,,,0,,,,,,,,,,,,,
2024-07-22 01:00:00,965.1,25.0,94.0,0.5,353.0,,,0.0,,,,,,,,,,,,,,,0,,,,,,,,,,,,,
2024-07-22 02:00:00,964.0,24.8,92.0,0.9,31.0,,,0.0,,,,,,,,,,,,,,,0,,,,,,,,,,,,,
2024-07-22 03:00:00,963.3,24.6,93.0,0.8,26.0,,,0.0,,,,,,,,,,,,,,,0,,,,,,,,,,,,,
2024-07-22 04:00:00,962.7,24.9,90.0,0.4,47.0,,,0.0,,,,,,,,,,,,,,,0,,,,,,,,,,,,,
2024-07-22 05:00:00,963.2,24.5,91.0,0.6,20.0,,,0.0,,,,,,,,,,,,,,,0,,,,,,,,,,,,,
2024-07-22 06:00:00,963.3,24.9,88.0,0.5,33.0,,,0.0,,,,,,,,,,,,,,,0,,,,,,,,,,,,,
2024-07-22 07:00:00,963.9,27.1,82.0,0.2,0.0,,,0.0,,,,,,,,,,,,,,,0,,,,,,,,,,,,,
2024-07-22 08:00:00,963.9,29.7,73.0,0.2,0.0,,,0.0,,,,,,,,,,,,,,,0,,,,,,,,,,,,,
2024-07-22 09:00:00,963.9,32.2,64.0,0.5,65.0,,,0.0,,,,,,,,,,,,,,,0,,,,,,,,,,,,,
2024-07-22 10:00:00,963.2,35.5,55.0,0.5,72.0,,,0.0,,,,,,,,,,,,,,,0,,,,,,,,,,,,,
2024-07-22 11:00:00,962.0,35.7,53.0,1.4,62.0,,,0.0,,,,,,,,,,,,,,,0,,,,,,,,,,,,,
2024-07-22 12:00:00,960.9,34.8,56.0,1.6,63.0,,,0.0,,,,,,,,,,,,,,,0,,,,,,,,,,,,,
2024-07-22 13:00:00,960.6,33.9,61.0,1.2,62.0,,,0.0,,,,,,,,,,,,,,,0,,,,,,,,,,,,,
2024-07-22 14:00:00,960.1,34.1,61.0,1.3,46.0,,,0.0,,,,,,,,,,,,,,,0,,,,,,,,,,,,,
2024-07-22 15:00:00,960.1,32.0,67.0,1.6,62.0,,,0.0,,,,,,,,,,,,,,,0,,,,,,,,,,,,,
2024-07-22 16:00:00,960.0,32.3,64.0,1.7,36.0,,,0.0,,,,,,,,,,,,,,,0,,,,,,,,,,,,,
2024-07-22 17:00:00,960.1,30.5,71.0,0.5,133.0,,,0.0,,,,,,,,,,,,,,,0,,,,,,,,,,,,,
2024-07-22 18:00:00,960.0,29.4,74.0,0.1,0.0,,,0.0,,,,,,,,,,,,,,,0,,,,,,,,,,,,,
2024-07-22 19:00:00,960.0,28.7,75.0,1.1,294.0,,,0.0,,,,,,,,,,,,,,,0,,,,,,,,,,,,,
2024-07-22 20:00:00,960.0,27.9,75.0,0.6,330.0,,,0.0,,,,,,,,,,,,,,,0,,,,,,,,,,,,,
2024-07-22 21:00:00,959.5,27.1,77.0,0.6,114.0,,,0.0,,,,,,,,,,,,,,,0,,,,,,,,,,,,,
2024-07-22 22:00:00,960.7,26.6,80.0,0.5,83.0,,,0.0,,,,,,,,,,,,,,,0,,,,,,,,,,,,,
2024-07-22 23:00:00,960.8,26.2,83.0,1.1,54.0,,,0.0,,,,,,,,,,,,,,,0,,,,,,,,,,,,,
2024-07-23 00:00:00,959.5,26.0,83.0,0.6,42.0,,,0.0,,,,,,,,,,,,,,,0,,,,,,,,,,,,,
2024-07-23 01:00:00,958.8,26.0,84.0,0.4,13.0,,,0.0,,,,,,,,,,,,,,,0,,,,,,,,,,,,,
2024-07-23 02:00:00,957.6,25.7,84.0,0.7,36.0,,,0.0,,,,,,,,,,,,,,,0,,,,,,,,,,,,,
2024-07-23 03:00:00,958.2,25.2,86.0,0.6,325.0,,,0.0,,,,,,,,,,,,,,,0,,,,,,,,,,,,,
2024-07-23 04:00:00,957.6,25.5,85.0,0.4,329.0,,,0.0,,,,,,,,,,,,,,,0,,,,,,,,,,,,,
2024-07-23 05:00:00,957.6,25.0,86.0,0.4,57.0,,,0.0,,,,,,,,,,,,,,,0,,,,,,,,,,,,,
2024-07-23 06:00:00,957.5,25.8,85.0,0.4,348.0,,,0.0,,,,,,,,,,,,,,,0,,,,,,,,,,,,,
2024-07-23 07:00:00,956.8,27.5,79.0,0.5,88.0,,,0.0,,,,,,,,,,,,,,,0,,,,,,,,,,,,,
2024-07-23 08:00:00,957.5,29.9,72.0,0.4,55.0,,,0.0,,,,,,,,,,,,,,,0,,,,,,,,,,,,,
2024-07-23 09:00:00,956.8,31.8,64.0,0.4,39.0,,,0.0,,,,,,,,,,,,,,,0,,,,,,,,,,,,,
2024-07-23 10:00:00,956.7,33.8,59.0,0.4,64.0,,,0.0,,,,,,,,,,,,,,,0,,,,,,,,,,,,,
2024-07-23 11:00:00,955.6,26.5,94.0,2.3,64.0,,,0.0,,,,,,,,,,,,,,,0,,,,,,,,,,,,,
2024-07-23 12:00:00,955.1,27.4,93.0,0.4,22.0,,,0.0,,,,,,,,,,,,,,,0,,,,,,,,,,,,,
2024-07-23 13:00:00,954.7,29.2,83.0,1.1,55.0,,,0.0,,,,,,,,,,,,,,,0,,,,,,,,,,,,,
2024-07-23 14:00:00,953.5,29.5,81.0,1.7,46.0,,,0.0,,,,,,,,,,,,,,,0,,,,,,,,,,,,,
2024-07-23 15:00:00,953.1,27.9,87.0,1.5,44.0,,,0.5,,,,,,,,,,,,,,,0,,,,,,,,,,,,,
2024-07-23 16:00:00,952.5,26.3,92.0,2.3,52.0,,,2.0,,,,,,,,,,,,,,,0,,,,,,,,,,,,,
2024-07-23 17:00:00,952.9,24.7,99.0,0.6,74.0,,,1.0,,,,,,,,,,,,,,,0,,,,,,,,,,,,,
2024-07-23 18:00:00,951.7,23.5,100.0,0.9,64.0,,,2.0,,,,,,,,,,,,,,,0,,,,,,,,,,,,,
2024-07-23 19:00:00,951.7,23.1,100.0,0.7,67.0,,,0.5,,,,,,,,,,,,,,,0,,,,,,,,,,,,,
2024-07-23 20:00:00,951.7,22.7,100.0,0.6,9.0,,,0.0,,,,,,,,,,,,,,,0,,,,,,,,,,,,,
2024-07-23 21:00:00,952.3,23.4,98.0,1.3,2.0,,,0.0,,,,,,,,,,,,,,,0,,,,,,,,,,,,,
2024-07-23 22:00:00,951.8,23.8,96.0,1.4,336.0,,,0.0,,,,,,,,,,,,,,,0,,,,,,,,,,,,,
2024-07-23 23:00:00,951.3,23.4,97.0,0.8,340.0,,,0.0,,,,,,,,,,,,,,,0,,,,,,,,,,,,,
2024-07-24 00:00:00,951.1,22.9,100.0,2.7,312.0,,,0.5,,,,,,,,,,,,,,,0,,,,,,,,,,,,,
2024-07-24 01:00:00,949.4,23.1,100.0,2.1,287.0,,,1.0,,,,,,,,,,,,,,,0,,,,,,,,,,,,,
2024-07-24 02:00:00,948.6,23.2,100.0,1.8,9.0,,,0.0,,,,,,,,,,,,,,,0,,,,,,,,,,,,,
2024-07-24 03:00:00,947.4,23.0,100.0,1.3,349.0,,,0.0,,,,,,,,,,,,,,,0,,,,,,,,,,,,,
2024-07-24 04:00:00,946.7,23.0,100.0,1.6,322.0,,,0.0,,,,,,,,,,,,,,,0,,,,,,,,,,,,,
2024-07-24 05:00:00,945.3,23.1,99.0,2.2,311.0,,,0.0,,,,,,,,,,,,,,,0,,,,,,,,,,,,,
2024-07-24 06:00:00,944.8,23.2,96.0,1.7,324.0,,,0.0,,,,,,,,,,,,,,,0,,,,,,,,,,,,,
2024-07-24 07:00:00,943.6,24.4,93.0,1.2,355.0,,,0.0,,,,,,,,,,,,,,,0,,,,,,,,,,,,,
2024-07-24 08:00:00,944.1,24.6,90.0,0.9,355.0,,,0.0,,,,,,,,,,,,,,,0,,,,,,,,,,,,,
2024-07-24 09:00:00,943.6,23.6,95.0,1.4,359.0,,,0.5,,,,,,,,,,,,,,,0,,,,,,,,,,,,,
2024-07-24 10:00:00,942.8,23.4,99.0,2.0,327.0,,,0.5,,,,,,,,,,,,,,,0,,,,,,,,,,,,,
2024-07-24 11:00:00,941.4,23.9,98.0,1.5,251.0,,,1.5,,,,,,,,,,,,,,,0,,,,,,,,,,,,,
2024-07-24 12:00:00,939.6,25.2,97.0,0.8,201.0,,,0.0,,,,,,,,,,,,,,,0,,,,,,,,,,,,,
2024-07-24 13:00:00,937.7,24.9,95.0,0.8,174.0,,,0.0,,,,,,,,,,,,,,,0,,,,,,,,,,,,,
2024-07-24 14:00:00,935.8,24.5,99.0,0.8,125.0,,,3.5,,,,,,,,,,,,,,,0,,,,,,,,,,,,,
2024-07-24 15:00:00,933.1,24.7,100.0,2.3,194.0,,,0.0,,,,,,,,,,,,,,,0,,,,,,,,,,,,,
2024-07-24 16:00:00,930.8,28.2,69.0,2.9,227.0,,,0.0,,,,,,,,,,,,,,,0,,,,,,,,,,,,,
2024-07-24 17:00:00,930.6,29.7,65.0,2.3,168.0,,,0.5,,,,,,,,,,,,,,,0,,,,,,,,,,,,,
2024-07-24 18:00:00,928.7,30.0,64.0,3.2,177.0,,,0.0,,,,,,,,,,,,,,,0,,,,,,,,,,,,,
2024-07-24 19:00:00,929.5,29.1,69.0,3.5,221.0,,,0.0,,,,,,,,,,,,,,,0,,,,,,,,,,,,,
2024-07-24 20:00:00,929.9,27.8,78.0,5.5,163.0,,,0.0,,,,,,,,,,,,,,,0,,,,,,,,,,,,,
2024-07-24 21:00:00,933.1,28.0,77.0,2.8,169.0,,,0.0,,,,,,,,,,,,,,,0,,,,,,,,,,,,,
2024-07-24 22:00:00,934.8,26.4,88.0,2.3,184.0,,,0.5,,,,,,,,,,,,,,,0,,,,,,,,,,,,,
2024-07-24 23:00:00,935.5,24.5,100.0,3.6,167.0,,,0.5,,,,,,,,,,,,,,,0,,,,,,,,,,,,,
2024-07-25 00:00:00,935.4,24.5,100.0,2.9,177.0,,,1.5,,,,,,,,,,,,,,,0,,,,,,,,,,,,,
2024-07-25 01:00:00,935.1,24.2,100.0,4.2,165.0,,,3.0,,,,,,,,,,,,,,,0,,,,,,,,,,,,,
2024-07-25 02:00:00,935.1,24.2,100.0,5.1,162.0,,,0.5,,,,,,,,,,,,,,,0,,,,,,,,,,,,,
2024-07-25 03:00:00,936.5,24.0,100.0,4.9,170.0,,,0.0,,,,,,,,,,,,,,,0,,,,,,,,,,,,,
2024-07-25 04:00:00,936.5,24.0,100.0,5.1,158.0,,,0.0,,,,,,,,,,,,,,,0,,,,,,,,,,,,,
2024-07-25 05:00:00,938.8,24.3,100.0,4.5,169.0,,,1.0,,,,,,,,,,,,,,,0,,,,,,,,,,,,,
2024-07-25 06:00:00,939.1,24.0,100.0,4.0,168.0,,,3.0,,,,,,,,,,,,,,,0,,,,,,,,,,,,,
2024-07-25 07:00:00,940.2,23.8,100.0,1.9,170.0,,,5.5,,,,,,,,,,,,,,,0,,,,,,,,,,,,,
2024-07-25 08:00:00,940.9,23.5,100.0,3.1,166.0,,,5.5,,,,,,,,,,,,,,,0,,,,,,,,,,,,,
2024-07-25 09:00:00,941.2,23.9,100.0,3.6,164.0,,,8.0,,,,,,,,,,,,,,,0,,,,,,,,,,,,,
2024-07-25 10:00:00,941.5,23.3,100.0,4.4,169.0,,,1.5,,,,,,,,,,,,,,,0,,,,,,,,,,,,,
2024-07-25 11:00:00,941.7,23.5,100.0,4.3,162.0,,,1.5,,,,,,,,,,,,,,,0,,,,,,,,,,,,,
2024-07-25 12:00:00,942.6,23.0,100.0,3.9,173.0,,,2.0,,,,,,,,,,,,,,,0,,,,,,,,,,,,,
2024-07-25 13:00:00,942.7,22.1,100.0,4.1,164.0,,,2.0,,,,,,,,,,,,,,,0,,,,,,,,,,,,,
2024-07-25 14:00:00,942.2,22.7,100.0,3.1,176.0,,,1.5,,,,,,,,,,,,,,,0,,,,,,,,,,,,,
2024-07-25 15:00:00,942.4,22.9,100.0,3.3,161.0,,,0.5,,,,,,,,,,,,,,,0,,,,,,,,,,,,,
2024-07-25 16:00:00,942.9,23.0,100.0,3.0,161.0,,,0.5,,,,,,,,,,,,,,,0,,,,,,,,,,,,,
2024-07-25 17:00:00,942.9,23.1,100.0,3.0,171.0,,,0.0,,,,,,,,,,,,,,,0,,,,,,,,,,,,,
2024-07-25 18:00:00,943.9,24.2,91.0,2.9,167.0,,,0.0,,,,,,,,,,,,,,,0,,,,,,,,,,,,,
2024-07-25 19:00:00,945.2,24.4,85.0,3.5,162.0,,,0.0,,,,,,,,,,,,,,,0,,,,,,,,,,,,,
2024-07-25 20:00:00,946.6,23.8,96.0,3.2,176.0,,,0.0,,,,,,,,,,,,,,,0,,,,,,,,,,,,,
2024-07-25 21:00:00,947.9,24.3,94.0,1.9,168.0,,,0.0,,,,,,,,,,,,,,,0,,,,,,,,,,,,,
2024-07-25 22:00:00,949.2,23.9,96.0,2.7,176.0,,,0.0,,,,,,,,,,,,,,,0,,,,,,,,,,,,,
2024-07-25 23:00:00,950.5,23.9,100.0,2.3,169.0,,,0.0,,,,,,,,,,,,,,,0,,,,,,,,,,,,,
2024-07-26 00:00:00,950.6,23.7,100.0,1.7,183.0,,,0.5,,,,,,,,,,,,,,,0,,,,,,,,,,,,,
2024-07-26 01:00:00,950.4,23.0,100.0,1.5,201.0,,,0.5,,,,,,,,,,,,,,,0,,,,,,,,,,,,,
2024-07-26 02:00:00,950.4,23.0,100.0,1.7,178.0,,,0.5,,,,,,,,,,,,,,,0,,,,,,,,,,,,,
2024-07-26 03:00:00,950.7,23.0,100.0,1.0,166.0,,,0.0,,,,,,,,,,,,,,,0,,,,,,,,,,,,,
2024-07-26 04:00:00,951.0,23.4,100.0,1.6,164.0,,,0.5,,,,,,,,,,,,,,,0,,,,,,,,,,,,,
2024-07-26 05:00:00,951.2,23.0,100.0,1.8,153.0,,,0.5,,,,,,,,,,,,,,,0,,,,,,,,,,,,,
2024-07-26 06:00:00,951.9,23.8,100.0,2.3,167.0,,,0.0,,,,,,,,,,,,,,,0,,,,,,,,,,,,,
2024-07-26 07:00:00,953.0,23.7,100.0,1.8,167.0,,,1.0,,,,,,,,,,,,,,,0,,,,,,,,,,,,,
2024-07-26 08:00:00,953.9,24.0,100.0,1.8,170.0,,,1.0,,,,,,,,,,,,,,,0,,,,,,,,,,,,,
2024-07-26 09:00:00,954.9,23.8,100.0,2.1,175.0,,,0.0,,,,,,,,,,,,,,,0,,,,,,,,,,,,,
2024-07-26 10:00:00,955.4,24.9,100.0,1.4,170.0,,,0.0,,,,,,,,,,,,,,,0,,,,,,,,,,,,,
2024-07-26 11:00:00,955.5,25.4,96.0,2.0,169.0,,,0.0,,,,,,,,,,,,,,,0,,,,,,,,,,,,,
2024-07-26 12:00:00,956.1,26.0,97.0,3.1,165.0,,,0.0,,,,,,,,,,,,,,,0,,,,,,,,,,,,,
2024-07-26 13:00:00,956.1,25.9,98.0,2.9,166.0,,,0.0,,,,,,,,,,,,,,,0,,,,,,,,,,,,,
2024-07-26 14:00:00,956.4,25.4,100.0,3.7,164.0,,,0.0,,,,,,,,,,,,,,,0,,,,,,,,,,,,,
2024-07-26 15:00:00,956.8,25.4,96.0,2.2,183.0,,,0.0,,,,,,,,,,,,,,,0,,,,,,,,,,,,,
2024-07-26 16:00:00,956.8,25.2,96.0,2.0,168.0,,,0.0,,,,,,,,,,,,,,,0,,,,,,,,,,,,,
2024-07-26 17:00:00,957.6,24.4,99.0,2.2,161.0,,,0.0,,,,,,,,,,,,,,,0,,,,,,,,,,,,,
2024-07-26 18:00:00,958.7,25.3,100.0,1.9,168.0,,,0.0,,,,,,,,,,,,,,,0,,,,,,,,,,,,,
2024-07-26 19:00:00,960.1,24.3,100.0,3.0,172.0,,,0.0,,,,,,,,,,,,,,,0,,,,,,,,,,,,,
2024-07-26 20:00:00,960.7,24.8,100.0,2.5,165.0,,,0.5,,,,,,,,,,,,,,,0,,,,,,,,,,,,,
2024-07-26 21:00:00,961.8,24.9,100.0,2.4,159.0,,,0.0,,,,,,,,,,,,,,,0,,,,,,,,,,,,,
2024-07-26 22:00:00,962.6,24.6,100.0,1.8,172.0,,,7.5,,,,,,,,,,,,,,,0,,,,,,,,,,,,,
2024-07-26 23:00:00,962.9,24.2,100.0,2.5,162.0,,,8.0,,,,,,,,,,,,,,,0,,,,,,,,,,,,,
2024-07-27 00:00:00,963.2,23.7,100.0,2.2,176.0,,,7.0,,,,,,,,,,,,,,,0,,,,,,,,,,,,,
2024-07-27 01:00:00,963.1,23.7,100.0,1.7,160.0,,,0.0,,,,,,,,,,,,,,,0,,,,,,,,,,,,,
2024-07-27 02:00:00,962.6,24.5,100.0,1.9,176.0,,,3.0,,,,,,,,,,,,,,,0,,,,,,,,,,,,,
2024-07-27 03:00:00,963.3,24.5,100.0,2.5,158.0,,,2.0,,,,,,,,,,,,,,,0,,,,,,,,,,,,,
2024-07-27 04:00:00,963.9,24.2,100.0,2.1,161.0,,,2.0,,,,,,,,,,,,,,,0,,,,,,,,,,,,,
2024-07-27 05:00:00,964.5,24.0,100.0,2.2,156.0,,,0.0,,,,,,,,,,,,,,,0,,,,,,,,,,,,,
2024-07-27 06:00:00,965.2,24.1,100.0,1.7,177.0,,,0.0,,,,,,,,,,,,,,,0,,,,,,,,,,,,,
2024-07-27 07:00:00,965.6,24.0,100.0,1.0,183.0,,,5.5,,,,,,,,,,,,,,,0,,,,,,,,,,,,,
2024-07-27 08:00:00,966.1,24.3,100.0,0.5,162.0,,,0.5,,,,,,,,,,,,,,,0,,,,,,,,,,,,,
2024-07-27 09:00:00,966.6,24.3,100.0,1.8,153.0,,,22.5,,,,,,,,,,,,,,,0,,,,,,,,,,,,,
2024-07-27 10:00:00,967.3,24.4,100.0,0.7,151.0,,,5.5,,,,,,,,,,,,,,,0,,,,,,,,,,,,,
2024-07-27 11:00:00,967.6,24.0,100.0,1.3,192.0,,,16.0,,,,,,,,,,,,,,,0,,,,,,,,,,,,,
2024-07-27 12:00:00,967.1,23.7,100.0,2.5,132.0,,,23.5,,,,,,,,,,,,,,,0,,,,,,,,,,,,,
2024-07-27 13:00:00,967.0,23.8,100.0,0.4,172.0,,,36.5,,,,,,,,,,,,,,,0,,,,,,,,,,,,,
2024-07-27 14:00:00,967.1,23.4,100.0,1.0,229.0,,,44.0,,,,,,,,,,,,,,,0,,,,,,,,,,,,,
2024-07-27 15:00:00,967.1,23.8,100.0,1.0,213.0,,,11.0,,,,,,,,,,,,,,,0,,,,,,,,,,,,,
2024-07-27 16:00:00,967.1,23.6,100.0,1.1,268.0,,,10.5,,,,,,,,,,,,,,,0,,,,,,,,,,,,,
2024-07-27 17:00:00,967.1,23.4,100.0,1.5,304.0,,,13.0,,,,,,,,,,,,,,,0,,,,,,,,,,,,,
2024-07-27 18:00:00,967.7,23.2,100.0,2.5,306.0,,,9.0,,,,,,,,,,,,,,,0,,,,,,,,,,,,,
2024-07-27 19:00:00,968.3,23.3,100.0,1.4,339.0,,,0.0,,,,,,,,,,,,,,,0,,,,,,,,,,,,,
2024-07-27 20:00:00,969.0,23.6,100.0,1.3,334.0,,,0.0,,,,,,,,,,,,,,,0,,,,,,,,,,,,,
2024-07-27 21:00:00,969.1,24.1,100.0,1.7,24.0,,,0.0,,,,,,,,,,,,,,,0,,,,,,,,,,,,,
2024-07-27 22:00:00,969.6,23.9,100.0,1.7,41.0,,,0.5,,,,,,,,,,,,,,,0,,,,,,,,,,,,,
2024-07-27 23:00:00,969.5,23.6,100.0,1.6,13.0,,,0.5,,,,,,,,,,,,,,,0,,,,,,,,,,,,,
2024-07-28 00:00:00,969.0,23.7,100.0,1.3,343.0,,,0.0,,,,,,,,,,,,,,,0,,,,,,,,,,,,,
2024-07-28 01:00:00,968.3,23.4,100.0,1.5,327.0,,,0.0,,,,,,,,,,,,,,,0,,,,,,,,,,,,,
2024-07-28 02:00:00,967.6,23.4,100.0,0.9,31.0,,,0.5,,,,,,,,,,,,,,,0,,,,,,,,,,,,,
2024-07-28 03:00:00,967.1,23.5,100.0,1.3,319.0,,,0.0,,,,,,,,,,,,,,,0,,,,,,,,,,,,,
2024-07-28 04:00:00,967.1,23.3,100.0,1.7,323.0,,,0.0,,,,,,,,,,,,,,,0,,,,,,,,,,,,,
2024-07-28 05:00:00,967.8,23.3,100.0,0.8,15.0,,,0.0,,,,,,,,,,,,,,,0,,,,,,,,,,,,,
2024-07-28 06:00:00,968.2,23.5,100.0,0.4,323.0,,,0.0,,,,,,,,,,,,,,,0,,,,,,,,,,,,,
2024-07-28 07:00:00,968.4,25.4,100.0,0.2,0.0,,,0.0,,,,,,,,,,,,,,,0,,,,,,,,,,,,,
2024-07-28 08:00:00,968.9,26.6,96.0,0.0,0.0,,,0.0,,,,,,,,,,,,,,,0,,,,,,,,,,,,,
2024-07-28 09:00:00,969.0,28.9,90.0,0.1,0.0,,,0.0,,,,,,,,,,,,,,,0,,,,,,,,,,,,,
2024-07-28 10:00:00,968.3,27.8,89.0,0.8,58.0,,,0.0,,,,,,,,,,,,,,,0,,,,,,,,,,,,,
2024-07-28 11:00:00,968.2,26.4,96.0,1.5,59.0,,,0.0,,,,,,,,,,,,,,,0,,,,,,,,,,,,,
2024-07-28 12:00:00,967.1,28.2,89.0,0.3,74.0,,,0.0,,,,,,,,,,,,,,,0,,,,,,,,,,,,,
2024-07-28 13:00:00,966.8,28.8,86.0,0.2,0.0,,,0.0,,,,,,,,,,,,,,,0,,,,,,,,,,,,,
2024-07-28 14:00:00,966.5,29.3,82.0,1.0,44.0,,,0.0,,,,,,,,,,,,,,,0,,,,,,,,,,,,,
2024-07-28 15:00:00,966.2,30.2,76.0,0.8,57.0,,,0.0,,,,,,,,,,,,,,,0,,,,,,,,,,,,,
2024-07-28 16:00:00,965.3,28.4,80.0,0.8,76.0,,,0.0,,,,,,,,,,,,,,,0,,,,,,,,,,,,,
2024-07-28 17:00:00,965.4,28.3,77.0,1.6,59.0,,,0.0,,,,,,,,,,,,,,,0,,,,,,,,,,,,,
2024-07-28 18:00:00,965.8,26.4,88.0,1.8,115.0,,,0.0,,,,,,,,,,,,,,,0,,,,,,,,,,,,,
2024-07-28 19:00:00,966.6,25.1,94.0,2.3,61.0,,,0.0,,,,,,,,,,,,,,,0,,,,,,,,,,,,,
2024-07-28 20:00:00,967.2,25.0,97.0,0.5,26.0,,,0.0,,,,,,,,,,,,,,,0,,,,,,,,,,,,,
2024-07-28 21:00:00,967.6,24.4,98.0,0.7,42.0,,,0.0,,,,,,,,,,,,,,,0,,,,,,,,,,,,,
2024-07-28 22:00:00,967.7,24.3,98.0,1.6,46.0,,,0.0,,,,,,,,,,,,,,,0,,,,,,,,,,,,,
2024-07-28 23:00:00,967.1,24.7,95.0,1.2,336.0,,,0.0,,,,,,,,,,,,,,,0,,,,,,,,,,,,,
2024-07-29 00:00:00,966.5,24.2,98.0,0.3,357.0,,,0.0,,,,,,,,,,,,,,,0,,,,,,,,,,,,,
2024-07-29 01:00:00,965.7,23.8,99.0,0.2,0.0,,,0.0,,,,,,,,,,,,,,,0,,,,,,,,,,,,,
2024-07-29 02:00:00,964.6,23.2,100.0,0.2,0.0,,,0.0,,,,,,,,,,,,,,,0,,,,,,,,,,,,,
2024-07-29 03:00:00,964.6,23.0,99.0,0.2,0.0,,,0.0,,,,,,,,,,,,,,,0,,,,,,,,,,,,,
2024-07-29 04:00:00,964.6,23.4,97.0,2.0,325.0,,,0.0,,,,,,,,,,,,,,,0,,,,,,,,,,,,,
2024-07-29 05:00:00,964.5,23.1,96.0,0.1,0.0,,,0.0,,,,,,,,,,,,,,,0,,,,,,,,,,,,,
2024-07-29 06:00:00,964.7,23.3,93.0,0.1,0.0,,,0.0,,,,,,,,,,,,,,,0,,,,,,,,,,,,,
2024-07-29 07:00:00,965.0,24.2,91.0,0.7,21.0,,,0.0,,,,,,,,,,,,,,,0,,,,,,,,,,,,,
2024-07-29 08:00:00,965.2,28.1,84.0,0.1,0.0,,,0.0,,,,,,,,,,,,,,,0,,,,,,,,,,,,,
2024-07-29 09:00:00,965.0,29.3,80.0,0.2,0.0,,,0.0,,,,,,,,,,,,,,,0,,,,,,,,,,,,,
2024-07-29 10:00:00,964.7,28.0,83.0,0.4,62.0,,,0.0,,,,,,,,,,,,,,,0,,,,,,,,,,,,,
2024-07-29 11:00:00,964.6,28.3,78.0,0.5,327.0,,,0.0,,,,,,,,,,,,,,,0,,,,,,,,,,,,,
2024-07-29 12:00:00,964.0,28.6,76.0,0.4,118.0,,,0.0,,,,,,,,,,,,,,,0,,,,,,,,,,,,,
2024-07-29 13:00:00,963.3,31.2,71.0,0.0,0.0,,,0.0,,,,,,,,,,,,,,,0,,,,,,,,,,,,,
2024-07-29 14:00:00,962.7,32.0,63.0,1.2,47.0,,,0.0,,,,,,,,,,,,,,,0,,,,,,,,,,,,,
2024-07-29 15:00:00,962.7,28.0,77.0,1.1,126.0,,,0.0,,,,,,,,,,,,,,,0,,,,,,,,,,,,,
2024-07-29 16:00:00,962.5,27.4,80.0,0.7,114.0,,,0.0,,,,,,,,,,,,,,,0,,,,,,,,,,,,,
2024-07-29 17:00:00,962.8,26.2,90.0,0.2,0.0,,,0.0,,,,,,,,,,,,,,,0,,,,,,,,,,,,,
2024-07-29 18:00:00,963.3,24.0,100.0,1.6,196.0,,,1.0,,,,,,,,,,,,,,,0,,,,,,,,,,,,,
2024-07-29 19:00:00,964.0,23.8,100.0,1.7,134.0,,,5.0,,,,,,,,,,,,,,,0,,,,,,,,,,,,,
2024-07-29 20:00:00,964.5,23.8,100.0,0.6,142.0,,,0.5,,,,,,,,,,,,,,,0,,,,,,,,,,,,,
2024-07-29 21:00:00,965.1,23.9,100.0,0.7,217.0,,,0.0,,,,,,,,,,,,,,,0,,,,,,,,,,,,,
2024-07-29 22:00:00,965.1,24.3,100.0,0.9,191.0,,,0.0,,,,,,,,,,,,,,,0,,,,,,,,,,,,,
2024-07-29 23:00:00,965.2,24.1,100.0,0.9,174.0,,,0.0,,,,,,,,,,,,,,,0,,,,,,,,,,,,,
2024-07-30 00:00:00,965.0,23.8,100.0,0.7,148.0,,,0.0,,,,,,,,,,,,,,,0,,,,,,,,,,,,,
2024-07-30 01:00:00,964.4,23.7,100.0,1.1,201.0,,,0.0,,,,,,,,,,,,,,,0,,,,,,,,,,,,,
2024-07-30 02:00:00,963.9,23.3,100.0,0.7,179.0,,,0.0,,,,,,,,,,,,,,,0,,,,,,,,,,,,,
2024-07-30 03:00:00,963.9,23.2,100.0,1.0,161.0,,,0.0,,,,,,,,,,,,,,,0,,,,,,,,,,,,,
2024-07-30 04:00:00,963.8,23.2,100.0,0.6,156.0,,,0.0,,,,,,,,,,,,,,,0,,,,,,,,,,,,,
2024-07-30 05:00:00,963.9,23.6,98.0,1.0,201.0,,,0.0,,,,,,,,,,,,,,,0,,,,,,,,,,,,,
2024-07-30 06:00:00,964.5,24.3,93.0,0.3,186.0,,,0.0,,,,,,,,,,,,,,,0,,,,,,,,,,,,,
2024-07-30 07:00:00,965.0,25.2,92.0,0.1,0.0,,,0.0,,,,,,,,,,,,,,,0,,,,,,,,,,,,,
2024-07-30 08:00:00,965.4,27.7,91.0,0.0,0.0,,,0.0,,,,,,,,,,,,,,,0,,,,,,,,,,,,,
2024-07-30 09:00:00,965.6,28.2,83.0,0.4,136.0,,,0.0,,,,,,,,,,,,,,,0,,,,,,,,,,,,,
2024-07-30 10:00:00,965.2,27.4,83.0,0.8,167.0,,,0.0,,,,,,,,,,,,,,,0,,,,,,,,,,,,,
2024-07-30 11:00:00,965.4,28.6,81.0,0.4,157.0,,,0.0,,,,,,,,,,,,,,,0,,,,,,,,,,,,,
2024-07-30 12:00:00,965.2,28.8,81.0,0.8,177.0,,,0.0,,,,,,,,,,,,,,,0,,,,,,,,,,,,,
2024-07-30 13:00:00,964.6,29.0,81.0,0.6,179.0,,,0.0,,,,,,,,,,,,,,,0,,,,,,,,,,,,,
2024-07-30 14:00:00,964.6,28.4,83.0,0.6,174.0,,,0.0,,,,,,,,,,,,,,,0,,,,,,,,,,,,,
2024-07-30 15:00:00,964.6,27.5,86.0,1.0,173.0,,,0.0,,,,,,,,,,,,,,,0,,,,,,,,,,,,,
2024-07-30 16:00:00,964.3,27.4,84.0,0.5,172.0,,,0.0,,,,,,,,,,,,,,,0,,,,,,,,,,,,,
2024-07-30 17:00:00,964.5,27.0,89.0,0.1,0.0,,,0.0,,,,,,,,,,,,,,,0,,,,,,,,,,,,,
2024-07-30 18:00:00,964.7,26.0,93.0,0.9,137.0,,,0.0,,,,,,,,,,,,,,,0,,,,,,,,,,,,,
2024-07-30 19:00:00,965.4,25.7,97.0,0.6,110.0,,,0.0,,,,,,,,,,,,,,,0,,,,,,,,,,,,,
2024-07-30 20:00:00,965.9,25.5,95.0,1.0,108.0,,,0.0,,,,,,,,,,,,,,,0,,,,,,,,,,,,,
2024-07-30 21:00:00,966.4,25.4,97.0,1.3,8.0,,,0.0,,,,,,,,,,,,,,,0,,,,,,,,,,,,,
2024-07-30 22:00:00,966.6,25.6,92.0,0.7,67.0,,,0.0,,,,,,,,,,,,,,,0,,,,,,,,,,,,,
2024-07-30 23:00:00,966.4,25.0,96.0,0.0,0.0,,,0.0,,,,,,,,,,,,,,,0,,,,,,,,,,,,,
2024-07-31 00:00:00,965.8,25.0,95.0,1.1,284.0,,,0.0,,,,,,,,,,,,,,,0,,,,,,,,,,,,,
2024-07-31 01:00:00,965.2,24.8,98.0,1.3,302.0,,,0.0,,,,,,,,,,,,,,,0,,,,,,,,,,,,,
2024-07-31 02:00:00,965.1,24.8,95.0,0.3,241.0,,,0.0,,,,,,,,,,,,,,,0,,,,,,,,,,,,,
2024-07-31 03:00:00,964.7,24.4,96.0,0.9,16.0,,,0.0,,,,,,,,,,,,,,,0,,,,,,,,,,,,,
2024-07-31 04:00:00,965.0,24.3,94.0,0.6,340.0,,,0.0,,,,,,,,,,,,,,,0,,,,,,,,,,,,,
2024-07-31 05:00:00,965.1,24.1,99.0,1.2,308.0,,,0.0,,,,,,,,,,,,,,,0,,,,,,,,,,,,,
2024-07-31 06:00:00,965.5,23.8,99.0,0.8,319.0,,,0.0,,,,,,,,,,,,,,,0,,,,,,,,,,,,,
2024-07-31 07:00:00,966.3,26.2,93.0,0.2,0.0,,,0.0,,,,,,,,,,,,,,,0,,,,,,,,,,,,,
2024-07-31 08:00:00,966.4,28.6,85.0,0.8,58.0,,,0.0,,,,,,,,,,,,,,,0,,,,,,,,,,,,,
2024-07-31 09:00:00,966.4,30.5,80.0,0.2,0.0,,,0.0,,,,,,,,,,,,,,,0,,,,,,,,,,,,,
2024-07-31 10:00:00,966.4,29.0,81.0,0.2,0.0,,,0.0,,,,,,,,,,,,,,,0,,,,,,,,,,,,,
2024-07-31 11:00:00,966.3,30.2,82.0,0.6,119.0,,,0.0,,,,,,,,,,,,,,,0,,,,,,,,,,,,,
2024-07-31 12:00:00,965.8,28.8,80.0,0.7,104.0,,,0.0,,,,,,,,,,,,,,,0,,,,,,,,,,,,,
2024-07-31 13:00:00,965.8,28.9,82.0,0.6,73.0,,,0.0,,,,,,,,,,,,,,,0,,,,,,,,,,,,,
2024-07-31 14:00:00,965.1,31.0,80.0,0.5,44.0,,,0.0,,,,,,,,,,,,,,,0,,,,,,,,,,,,,
2024-07-31 15:00:00,964.6,30.3,82.0,1.0,43.0,,,0.0,,,,,,,,,,,,,,,0,,,,,,,,,,,,,
2024-07-31 16:00:00,963.9,30.7,78.0,1.1,36.0,,,0.0,,,,,,,,,,,,,,,0,,,,,,,,,,,,,
2024-07-31 17:00:00,964.0,30.2,77.0,0.0,0.0,,,0.0,,,,,,,,,,,,,,,0,,,,,,,,,,,,,
2024-07-31 18:00:00,964.5,27.9,86.0,0.0,0.0,,,0.0,,,,,,,,,,,,,,,0,,,,,,,,,,,,,
2024-07-31 19:00:00,965.1,26.2,91.0,0.6,332.0,,,0.0,,,,,,,,,,,,,,,0,,,,,,,,,,,,,
2024-07-31 20:00:00,965.7,26.0,92.0,1.1,323.0,,,0.0,,,,,,,,,,,,,,,0,,,,,,,,,,,,,
2024-07-31 21:00:00,965.8,26.0,90.0,1.1,330.0,,,0.0,,,,,,,,,,,,,,,0,,,,,,,,,,,,,
2024-07-31 22:00:00,965.9,25.6,92.0,1.5,312.0,,,0.0,,,,,,,,,,,,,,,0,,,,,,,,,,,,,
2024-07-31 23:00:00,965.8,25.0,96.0,1.6,181.0,,,0.0,,,,,,,,,,,,,,,0,,,,,,,,,,,,,
2024-08-01 00:00:00,965.8,25.9,91.0,0.7,176.0,,,0.0,,,,,,,,,,,,,,,0,,,,,,,,,,,,,
2024-08-01 01:00:00,965.2,24.8,96.0,1.3,314.0,2.8,320.0,0.0,,,,,,,,,,,2024-08-01T00:47:00,,,,0,,,,,,,,,,,,,
2024-08-01 02:00:00,964.6,24.5,97.0,1.1,319.0,2.4,4.0,0.0,,,,,,,,,,,2024-08-01T01:34:00,,,,0,,,,,,,,,,,,,
2024-08-01 03:00:00,964.6,24.8,97.0,1.3,324.0,3.1,4.0,0.0,,,,,,,,,,,2024-08-01T02:24:00,,,,0,,,,,,,,,,,,,
2024-08-01 04:00:00,964.6,24.5,97.0,1.7,311.0,2.4,183.0,0.0,,,,,,,,,,,2024-08-01T03:56:00,,,,0,,,,,,,,,,,,,
2024-08-01 05:00:00,964.8,24.3,98.0,1.3,322.0,2.9,8.0,0.0,,,,,,,,,,,2024-08-01T04:44:00,,,,0,,,,,,,,,,,,,
2024-08-01 06:00:00,965.1,24.6,98.0,0.4,31.0,3.3,344.0,0.0,,,,,,,,,,,2024-08-01T05:03:00,,,,0,,,,,,,,,,,,,
2024-08-01 07:00:00,965.7,26.6,92.0,0.4,36.0,4.4,32.0,0.0,,,,,,,,,,,2024-08-01T06:46:00,,,,0,,,,,,,,,,,,,
2024-08-01 08:00:00,966.1,28.9,83.0,0.2,0.0,2.5,12.0,0.0,,,,,,,,,,,2024-08-01T07:08:00,,,,0,,,,,,,,,,,,,
2024-08-01 09:00:00,966.4,30.4,80.0,0.2,0.0,1.7,60.0,0.0,,,,,,,,,,,2024-08-01T08:33:00,,,,0,,,,,,,,,,,,,
2024-08-01 10:00:00,966.0,32.2,71.0,0.0,0.0,1.9,6.0,0.0,,,,,,,,,,,2024-08-01T09:15:00,,,,0,,,,,,,,,,,,,
2024-08-01 11:00:00,965.8,29.1,83.0,0.1,0.0,1.9,123.0,0.0,,,,,,,,,,,2024-08-01T10:44:00,,,,0,,,,,,,,,,,,,
2024-08-01 12:00:00,965.1,30.7,75.0,0.2,0.0,3.5,203.0,0.0,,,,,,,,,,,2024-08-01T11:50:00,,,,0,,,,,,,,,,,,,
2024-08-01 13:00:00,964.6,29.1,79.0,0.7,171.0,3.3,188.0,0.0,,,,,,,,,,,2024-08-01T12:57:00,,,,0,,,,,,,,,,,,,
2024-08-01 14:00:00,964.5,29.3,78.0,0.4,156.0,4.6,191.0,0.0,,,,,,,,,,,2024-08-01T13:17:00,,,,0,,,,,,,,,,,,,
2024-08-01 15:00:00,964.4,29.2,79.0,0.1,0.0,2.7,192.0,0.0,,,,,,,,,,,2024-08-01T14:47:00,,,,0,,,,,,,,,,,,,
2024-08-01 16:00:00,963.9,29.2,80.0,0.0,0.0,2.7,188.0,0.0,,,,,,,,,,,2024-08-01T15:18:00,,,,0,,,,,,,,,,,,,
2024-08-01 17:00:00,963.9,28.4,82.0,0.0,0.0,2.0,91.0,0.0,,,,,,,,,,,2024-08-01T16:14:00,,,,0,,,,,,,,,,,,,
2024-08-01 18:00:00,963.7,27.4,90.0,0.0,0.0,1.3,141.0,0.0,,,,,,,,,,,2024-08-01T17:38:00,,,,0,,,,,,,,,,,,,
2024-08-01 19:00:00,964.1,26.4,93.0,0.0,0.0,1.7,135.0,0.0,,,,,,,,,,,2024-08-01T18:13:00,,,,0,,,,,,,,,,,,,
2024-08-01 20:00:00,964.6,26.2,94.0,1.5,207.0,2.4,203.0,0.0,,,,,,,,,,,2024-08-01T19:57:00,,,,0,,,,,,,,,,,,,
2024-08-01 21:00:00,964.7,25.6,94.0,1.4,191.0,2.7,206.0,0.0,,,,,,,,,,,2024-08-01T20:47:00,,,,0,,,,,,,,,,,,,
2024-08-01 22:00:00,965.1,26.0,94.0,1.7,187.0,2.7,211.0,0.0,,,,,,,,,,,2024-08-01T21:31:00,,,,0,,,,,,,,,,,,,
2024-08-01 23:00:00,965.2,26.0,92.0,2.0,192.0,2.6,197.0,0.0,,,,,,,,,,,2024-08-01T22:53:00,,,,0,,,,,,,,,,,,,
2024-08-02 00:00:00,964.9,25.9,93.0,2.1,186.0,2.7,188.0,0.0,,,,,,,,,,,2024-08-01T23:16:00,,,,0,,,,,,,,,,,,,
2024-08-02 01:00:00,964.6,25.8,93.0,1.5,179.0,2.3,187.0,0.0,,,,,,,,,,,2024-08-02T00:08:00,,,,0,,,,,,,,,,,,,
2024-08-02 02:00:00,964.5,25.6,94.0,1.4,180.0,2.7,190.0,0.0,,,,,,,,,,,2024-08-02T01:05:00,,,,0,,,,,,,,,,,,,
2024-08-02 03:00:00,964.0,25.4,95.0,1.6,193.0,2.7,190.0,0.0,,,,,,,,,,,2024-08-02T02:22:00,,,,0,,,,,,,,,,,,,
2024-08-02 04:00:00,964.2,25.6,96.0,0.5,219.0,2.0,198.0,0.0,,,,,,,,,,,2024-08-02T03:01:00,,,,0,,,,,,,,,,,,,
2024-08-02 05:00:00,963.9,25.1,98.0,1.2,325.0,1.6,337.0,0.0,,,,,,,,,,,2024-08-02T04:38:00,,,,0,,,,,,,,,,,,,
2024-08-02 06:00:00,964.1,25.3,91.0,0.8,342.0,2.6,319.0,0.0,,,,,,,,,,,2024-08-02T05:59:00,,,,0,,,,,,,,,,,,,
2024-08-02 07:00:00,964.5,26.8,88.0,0.8,21.0,3.2,320.0,0.0,,,,,,,,,,,2024-08-02T06:12:00,,,,0,,,,,,,,,,,,,
2024-08-02 08:00:00,964.5,29.8,82.0,0.5,59.0,3.5,1.0,0.0,,,,,,,,,,,2024-08-02T07:05:00,,,,0,,,,,,,,,,,,,
2024-08-02 09:00:00,964.6,31.3,76.0,0.2,0.0,2.1,43.0,0.0,,,,,,,,,,,2024-08-02T08:14:00,,,,0,,,,,,,,,,,,,
2024-08-02 10:00:00,964.5,31.2,79.0,0.1,0.0,2.7,79.0,0.0,,,,,,,,,,,2024-08-02T09:34:00,,,,0,,,,,,,,,,,,,
2024-08-02 11:00:00,963.9,31.8,80.0,0.1,0.0,2.1,119.0,0.0,,,,,,,,,,,2024-08-02T10:42:00,,,,0,,,,,,,,,,,,,
2024-08-02 12:00:00,963.5,31.5,79.0,0.0,0.0,3.0,111.0,0.0,,,,,,,,,,,2024-08-02T11:34:00,,,,0,,,,,,,,,,,,,
2024-08-02 13:00:00,963.2,30.7,80.0,0.0,0.0,3.7,122.0,0.0,,,,,,,,,,,2024-08-02T12:19:00,,,,0,,,,,,,,,,,,,
2024-08-02 14:00:00,963.0,30.4,83.0,0.0,0.0,2.4,193.0,0.0,,,,,,,,,,,2024-08-02T13:18:00,,,,0,,,,,,,,,,,,,
2024-08-02 15:00:00,962.6,29.3,83.0,0.5,119.0,3.7,106.0,0.0,,,,,,,,,,,2024-08-02T14:48:00,,,,0,,,,,,,,,,,,,
2024-08-02 16:00:00,962.7,28.3,86.0,0.4,108.0,3.8,108.0,0.0,,,,,,,,,,,2024-08-02T15:39:00,,,,0,,,,,,,,,,,,,
2024-08-02 17:00:00,962.9,27.9,91.0,1.2,90.0,5.0,116.0,0.0,,,,,,,,,,,2024-08-02T16:30:00,,,,0,,,,,,,,,,,,,
2024-08-02 18:00:00,963.3,27.1,93.0,1.2,76.0,3.8,86.0,0.0,,,,,,,,,,,2024-08-02T18:00:00,,,,0,,,,,,,,,,,,,
2024-08-02 19:00:00,963.9,26.6,93.0,1.8,58.0,3.4,69.0,0.0,,,,,,,,,,,2024-08-02T18:03:00,,,,0,,,,,,,,,,,,,
2024-08-02 20:00:00,964.6,26.3,92.0,2.1,59.0,4.0,58.0,0.0,,,,,,,,,,,2024-08-02T19:56:00,,,,0,,,,,,,,,,,,,
2024-08-02 21:00:00,965.3,26.4,93.0,0.0,0.0,2.7,49.0,0.0,,,,,,,,,,,2024-08-02T20:09:00,,,,0,,,,,,,,,,,,,
2024-08-02 22:00:00,965.8,26.1,94.0,0.3,203.0,1.2,210.0,0.0,,,,,,,,,,,2024-08-02T21:49:00,,,,0,,,,,,,,,,,,,
2024-08-02 23:00:00,965.9,26.4,94.0,0.4,323.0,2.2,46.0,0.0,,,,,,,,,,,2024-08-02T22:48:00,,,,0,,,,,,,,,,,,,
2024-08-03 00:00:00,965.6,26.0,96.0,0.1,0.0,3.4,314.0,0.0,,,,,,,,,,,2024-08-02T23:28:00,,,,0,,,,,,,,,,,,,
2024-08-03 01:00:00,965.2,25.5,97.0,1.2,333.0,4.4,35.0,0.0,,,,,,,,,,,2024-08-03T00:13:00,,,,0,,,,,,,,,,,,,
2024-08-03 02:00:00,964.6,25.3,96.0,1.6,320.0,3.0,284.0,0.0,,,,,,,,,,,2024-08-03T01:39:00,,,,0,,,,,,,,,,,,,
2024-08-03 03:00:00,964.6,25.9,88.0,1.0,357.0,2.9,326.0,0.0,,,,,,,,,,,2024-08-03T02:04:00,,,,0,,,,,,,,,,,,,
2024-08-03 04:00:00,964.5,25.3,86.0,0.9,276.0,2.4,131.0,0.0,,,,,,,,,,,2024-08-03T03:43:00,,,,0,,,,,,,,,,,,,
2024-08-03 05:00:00,964.3,24.9,89.0,1.5,304.0,2.4,275.0,0.0,,,,,,,,,,,2024-08-03T04:03:00,,,,0,,,,,,,,,,,,,
2024-08-03 06:00:00,964.6,25.7,77.0,1.3,326.0,3.1,318.0,0.0,,,,,,,,,,,2024-08-03T05:29:00,,,,0,,,,,,,,,,,,,
2024-08-03 07:00:00,965.2,27.1,78.0,0.1,0.0,1.5,311.0,0.0,,,,,,,,,,,2024-08-03T06:03:00,,,,0,,,,,,,,,,,,,
2024-08-03 08:00:00,965.3,29.0,76.0,0.0,0.0,0.3,278.0,0.0,,,,,,,,,,,2024-08-03T07:34:00,,,,0,,,,,,,,,,,,,
2024-08-03 09:00:00,965.5,31.0,71.0,0.4,93.0,2.1,49.0,0.0,,,,,,,,,,,2024-08-03T08:32:00,,,,0,,,,,,,,,,,,,
2024-08-03 10:00:00,965.3,32.0,75.0,0.4,95.0,3.4,95.0,0.0,,,,,,,,,,,2024-08-03T09:45:00,,,,0,,,,,,,,,,,,,
2024-08-03 11:00:00,965.7,31.4,79.0,0.4,102.0,4.3,73.0,0.0,,,,,,,,,,,2024-08-03T10:58:00,,,,0,,,,,,,,,,,,,
2024-08-03 12:00:00,965.2,31.9,77.0,0.0,0.0,3.8,151.0,0.0,,,,,,,,,,,2024-08-03T11:17:00,,,,0,,,,,,,,,,,,,
2024-08-03 13:00:00,964.7,31.6,78.0,0.4,92.0,4.5,113.0,0.0,,,,,,,,,,,2024-08-03T12:49:00,,,,0,,,,,,,,,,,,,
2024-08-03 14:00:00,964.6,30.0,80.0,0.4,107.0,4.4,91.0,0.0,,,,,,,,,,,2024-08-03T13:15:00,,,,0,,,,,,,,,,,,,
2024-08-03 15:00:00,964.1,30.0,82.0,0.6,103.0,4.1,102.0,0.0,,,,,,,,,,,2024-08-03T14:58:00,,,,0,,,,,,,,,,,,,
2024-08-03 16:00:00,963.9,30.8,77.0,0.8,58.0,4.1,101.0,0.0,,,,,,,,,,,2024-08-03T15:04:00,,,,0,,,,,,,,,,,,,
2024-08-03 17:00:00,964.0,28.8,86.0,0.4,71.0,3.1,69.0,0.0,,,,,,,,,,,2024-08-03T16:34:00,,,,0,,,,,,,,,,,,,
2024-08-03 18:00:00,964.5,26.6,95.0,1.2,107.0,3.1,109.0,0.0,,,,,,,,,,,2024-08-03T17:55:00,,,,0,,,,,,,,,,,,,
2024-08-03 19:00:00,964.8,26.5,98.0,1.2,119.0,2.2,123.0,0.0,,,,,,,,,,,2024-08-03T18:13:00,,,,0,,,,,,,,,,,,,
2024-08-03 20:00:00,965.3,26.4,98.0,0.3,131.0,1.8,103.0,0.0,,,,,,,,,,,2024-08-03T19:02:00,,,,0,,,,,,,,,,,,,
2024-08-03 21:00:00,965.9,26.2,97.0,0.0,0.0,0.9,131.0,0.0,,,,,,,,,,,2024-08-03T20:01:00,,,,0,,,,,,,,,,,,,
2024-08-03 22:00:00,966.2,26.3,97.0,0.0,0.0,1.2,78.0,0.0,,,,,,,,,,,2024-08-03T21:26:00,,,,0,,,,,,,,,,,,,
2024-08-03 23:00:00,966.3,26.1,98.0,0.3,136.0,1.2,199.0,0.0,,,,,,,,,,,2024-08-03T22:05:00,,,,0,,,,,,,,,,,,,
2024-08-04 00:00:00,965.8,25.8,98.0,0.0,0.0,0.0,0.0,0.0,,,,,,,,,,,2024-08-03T23:05:00,,,,0,,,,,,,,,,,,,
2024-08-04 01:00:00,965.3,25.8,99.0,0.0,0.0,0.0,0.0,0.0,,,,,,,,,,,2024-08-04T00:05:00,,,,0,,,,,,,,,,,,,
2024-08-04 02:00:00,965.1,25.9,98.0,0.0,0.0,0.0,0.0,0.0,,,,,,,,,,,2024-08-04T01:05:00,,,,0,,,,,,,,,,,,,
2024-08-04 03:00:00,965.0,25.7,98.0,0.0,0.0,0.0,0.0,0.0,,,,,,,,,,,2024-08-04T02:05:00,,,,0,,,,,,,,,,,,,
2024-08-04 04:00:00,964.6,25.6,100.0,0.0,0.0,0.0,0.0,0.0,,,,,,,,,,,2024-08-04T03:05:00,,,,0,,,,,,,,,,,,,
2024-08-04 05:00:00,964.4,24.7,98.0,1.7,318.0,2.4,318.0,0.0,,,,,,,,,,,2024-08-04T04:52:00,,,,0,,,,,,,,,,,,,
2024-08-04 06:00:00,964.4,25.9,93.0,0.0,0.0,1.9,319.0,0.0,,,,,,,,,,,2024-08-04T05:01:00,,,,0,,,,,,,,,,,,,
2024-08-04 07:00:00,964.5,26.8,91.0,0.1,0.0,1.5,78.0,0.0,,,,,,,,,,,2024-08-04T06:51:00,,,,0,,,,,,,,,,,,,
2024-08-04 08:00:00,964.6,29.3,83.0,0.0,0.0,1.9,74.0,0.0,,,,,,,,,,,2024-08-04T07:40:00,,,,0,,,,,,,,,,,,,
2024-08-04 09:00:00,965.2,31.0,78.0,0.0,0.0,1.7,95.0,0.0,,,,,,,,,,,2024-08-04T08:08:00,,,,0,,,,,,,,,,,,,
2024-08-04 10:00:00,965.2,30.9,81.0,0.4,101.0,3.4,91.0,0.0,,,,,,,,,,,2024-08-04T09:40:00,,,,0,,,,,,,,,,,,,
2024-08-04 11:00:00,965.1,30.2,76.0,0.5,86.0,4.5,102.0,0.0,,,,,,,,,,,2024-08-04T10:37:00,,,,0,,,,,,,,,,,,,
2024-08-04 12:00:00,964.6,29.9,81.0,0.9,124.0,5.0,101.0,0.0,,,,,,,,,,,2024-08-04T11:38:00,,,,0,,,,,,,,,,,,,
2024-08-04 13:00:00,964.5,28.8,83.0,0.7,93.0,5.8,105.0,0.0,,,,,,,,,,,2024-08-04T12:37:00,,,,0,,,,,,,,,,,,,
2024-08-04 14:00:00,963.9,28.3,85.0,0.8,120.0,4.5,85.0,0.0,,,,,,,,,,,2024-08-04T13:36:00,,,,0,,,,,,,,,,,,,
2024-08-04 15:00:00,963.9,28.6,85.0,1.1,99.0,5.2,93.0,0.0,,,,,,,,,,,2024-08-04T14:43:00,,,,0,,,,,,,,,,,,,
2024-08-04 16:00:00,963.2,30.3,77.0,0.5,81.0,3.9,106.0,0.0,,,,,,,,,,,2024-08-04T15:51:00,,,,0,,,,,,,,,,,,,
2024-08-04 17:00:00,963.3,27.5,88.0,0.6,110.0,3.9,115.0,0.0,,,,,,,,,,,2024-08-04T16:12:00,,,,0,,,,,,,,,,,,,
2024-08-04 18:00:00,963.4,26.6,92.0,0.4,89.0,4.1,112.0,0.0,,,,,,,,,,,2024-08-04T17:40:00,,,,0,,,,,,,,,,,,,
2024-08-04 19:00:00,963.9,26.5,94.0,0.0,0.0,2.4,108.0,0.0,,,,,,,,,,,2024-08-04T18:06:00,,,,0,,,,,,,,,,,,,
2024-08-04 20:00:00,963.9,26.1,95.0,0.0,0.0,1.2,108.0,0.0,,,,,,,,,,,2024-08-04T19:26:00,,,,0,,,,,,,,,,,,,
2024-08-04 21:00:00,964.6,26.0,93.0,1.5,82.0,1.7,77.0,0.0,,,,,,,,,,,2024-08-04T20:55:00,,,,0,,,,,,,,,,,,,
2024-08-04 22:00:00,965.1,26.7,92.0,0.1,0.0,1.4,93.0,0.0,,,,,,,,,,,2024-08-04T21:01:00,,,,0,,,,,,,,,,,,,
2024-08-04 23:00:00,965.2,26.5,87.0,0.8,77.0,1.9,111.0,0.0,,,,,,,,,,,2024-08-04T22:12:00,,,,0,,,,,,,,,,,,,
2024-08-05 00:00:00,964.6,25.7,94.0,1.1,50.0,2.5,51.0,0.0,,,,,,,,,,,2024-08-04T23:42:00,,,,0,,,,,,,,,,,,,
2024-08-05 01:00:00,963.9,25.7,90.0,0.2,0.0,1.6,126.0,0.0,,,,,,,,,,,2024-08-05T01:00:00,,,,0,,,,,,,,,,,,,
2024-08-05 02:00:00,963.8,25.3,86.0,1.1,185.0,2.5,200.0,0.0,,,,,,,,,,,2024-08-05T01:52:00,,,,0,,,,,,,,,,,,,
2024-08-05 03:00:00,963.2,25.4,91.0,1.5,203.0,2.1,183.0,0.0,,,,,,,,,,,2024-08-05T02:06:00,,,,0,,,,,,,,,,,,,
2024-08-05 04:00:00,963.0,24.9,92.0,1.1,246.0,1.9,265.0,0.0,,,,,,,,,,,2024-08-05T03:37:00,,,,0,,,,,,,,,,,,,
2024-08-05 05:00:00,962.6,25.4,86.0,0.2,0.0,1.9,271.0,0.0,,,,,,,,,,,2024-08-05T04:13:00,,,,0,,,,,,,,,,,,,
2024-08-05 06:00:00,962.7,25.3,83.0,1.3,6.0,2.2,334.0,0.0,,,,,,,,,,,2024-08-05T05:27:00,,,,0,,,,,,,,,,,,,
2024-08-05 07:00:00,963.3,26.5,80.0,0.0,0.0,2.4,311.0,0.0,,,,,,,,,,,2024-08-05T06:33:00,,,,0,,,,,,,,,,,,,
2024-08-05 08:00:00,963.8,28.0,76.0,0.3,36.0,1.6,38.0,0.0,,,,,,,,,,,2024-08-05T07:34:00,,,,0,,,,,,,,,,,,,
2024-08-05 09:00:00,964.0,30.7,72.0,0.3,56.0,2.1,42.0,0.0,,,,,,,,,,,2024-08-05T08:53:00,,,,0,,,,,,,,,,,,,
2024-08-05 10:00:00,963.9,32.3,72.0,0.1,0.0,2.2,83.0,0.0,,,,,,,,,,,2024-08-05T09:37:00,,,,0,,,,,,,,,,,,,
2024-08-05 11:00:00,963.2,31.2,69.0,0.7,76.0,3.7,83.0,0.0,,,,,,,,,,,2024-08-05T10:46:00,,,,0,,,,,,,,,,,,,
2024-08-05 12:00:00,962.6,31.7,71.0,0.2,0.0,3.3,69.0,0.0,,,,,,,,,,,2024-08-05T11:10:00,,,,0,,,,,,,,,,,,,
2024-08-05 13:00:00,962.4,31.0,74.0,0.1,0.0,4.8,108.0,0.0,,,,,,,,,,,2024-08-05T12:23:00,,,,0,,,,,,,,,,,,,
2024-08-05 14:00:00,962.0,29.5,78.0,0.4,123.0,4.5,107.0,0.0,,,,,,,,,,,2024-08-05T13:49:00,,,,0,,,,,,,,,,,,,
2024-08-05 15:00:00,961.9,28.9,77.0,0.3,114.0,4.1,91.0,0.0,,,,,,,,,,,2024-08-05T14:32:00,,,,0,,,,,,,,,,,,,
2024-08-05 16:00:00,961.6,27.2,85.0,2.7,106.0,5.9,105.0,0.0,,,,,,,,,,,2024-08-05T15:56:00,,,,0,,,,,,,,,,,,,
2024-08-05 17:00:00,962.1,26.8,85.0,0.4,86.0,5.4,116.0,0.0,,,,,,,,,,,2024-08-05T16:02:00,,,,0,,,,,,,,,,,,,
2024-08-05 18:00:00,962.0,26.8,87.0,0.4,103.0,3.0,113.0,0.0,,,,,,,,,,,2024-08-05T17:03:00,,,,0,,,,,,,,,,,,,
2024-08-05 19:00:00,962.1,26.5,89.0,0.0,0.0,1.3,86.0,0.0,,,,,,,,,,,2024-08-05T18:05:00,,,,0,,,,,,,,,,,,,
2024-08-05 20:00:00,962.2,26.2,92.0,0.8,143.0,1.4,128.0,0.0,,,,,,,,,,,2024-08-05T19:50:00,,,,0,,,,,,,,,,,,,
2024-08-05 21:00:00,962.6,26.2,92.0,0.1,0.0,1.6,143.0,0.0,,,,,,,,,,,2024-08-05T20:01:00,,,,0,,,,,,,,,,,,,
2024-08-05 22:00:00,962.9,25.8,89.0,0.0,0.0,1.5,105.0,0.0,,,,,,,,,,,2024-08-05T21:20:00,,,,0,,,,,,,,,,,,,
2024-08-05 23:00:00,963.3,26.1,88.0,0.1,0.0,1.2,118.0,0.0,,,,,,,,,,,2024-08-05T22:02:00,,,,0,,,,,,,,,,,,,
2024-08-06 00:00:00,963.3,26.1,88.0,0.0,0.0,0.0,0.0,0.0,,,,,,,,,,,2024-08-05T23:05:00,,,,0,,,,,,,,,,,,,
2024-08-06 01:00:00,962.7,26.0,93.0,0.7,325.0,1.6,337.0,0.0,,,,,,,,,,,2024-08-06T00:53:00,,,,0,,,,,,,,,,,,,
2024-08-06 02:00:00,961.9,25.8,87.0,0.7,21.0,2.0,30.0,0.0,,,,,,,,,,,2024-08-06T01:56:00,,,,0,,,,,,,,,,,,,
2024-08-06 03:00:00,961.1,25.4,91.0,1.2,274.0,1.7,270.0,0.0,,,,,,,,,,,2024-08-06T02:51:00,,,,0,,,,,,,,,,,,,
2024-08-06 04:00:00,961.0,25.1,88.0,1.3,268.0,1.7,207.0,0.0,,,,,,,,,,,2024-08-06T03:38:00,,,,0,,,,,,,,,,,,,
2024-08-06 05:00:00,961.9,25.7,85.0,0.1,0.0,1.4,268.0,0.0,,,,,,,,,,,2024-08-06T04:01:00,,,,0,,,,,,,,,,,,,
2024-08-06 06:00:00,962.2,25.1,88.0,1.1,338.0,1.9,334.0,0.0,,,,,,,,,,,2024-08-06T05:38:00,,,,0,,,,,,,,,,,,,
2024-08-06 07:00:00,962.7,25.6,85.0,1.3,354.0,1.8,8.0,0.0,,,,,,,,,,,2024-08-06T06:54:00,,,,0,,,,,,,,,,,,,
2024-08-06 08:00:00,963.2,27.4,87.0,0.7,43.0,3.1,42.0,0.0,,,,,,,,,,,2024-08-06T07:55:00,,,,0,,,,,,,,,,,,,
2024-08-06 09:00:00,963.4,30.0,71.0,0.5,83.0,2.2,77.0,0.0,,,,,,,,,,,2024-08-06T08:55:00,,,,0,,,,,,,,,,,,,
2024-08-06 10:00:00,963.3,31.0,74.0,1.1,44.0,3.0,70.0,0.0,,,,,,,,,,,2024-08-06T09:12:00,,,,0,,,,,,,,,,,,,
2024-08-06 11:00:00,962.6,30.0,79.0,0.6,77.0,3.8,87.0,0.0,,,,,,,,,,,2024-08-06T10:15:00,,,,0,,,,,,,,,,,,,
2024-08-06 12:00:00,961.9,29.2,80.0,0.2,0.0,5.9,105.0,0.0,,,,,,,,,,,2024-08-06T11:44:00,,,,0,,,,,,,,,,,,,
2024-08-06 13:00:00,962.0,28.6,82.0,0.6,116.0,5.6,114.0,0.0,,,,,,,,,,,2024-08-06T12:19:00,,,,0,,,,,,,,,,,,,
2024-08-06 14:00:00,961.4,28.5,83.0,0.1,0.0,5.3,115.0,0.0,,,,,,,,,,,2024-08-06T13:05:00,,,,0,,,,,,,,,,,,,
2024-08-06 15:00:00,961.4,28.8,80.0,0.0,0.0,3.6,228.0,0.0,,,,,,,,,,,2024-08-06T14:16:00,,,,0,,,,,,,,,,,,,
2024-08-06 16:00:00,961.3,28.1,84.0,0.1,0.0,2.5,138.0,0.0,,,,,,,,,,,2024-08-06T15:16:00,,,,0,,,,,,,,,,,,,
2024-08-06 17:00:00,961.4,27.1,88.0,0.2,0.0,1.9,153.0,0.0,,,,,,,,,,,2024-08-06T16:24:00,,,,0,,,,,,,,,,,,,
2024-08-06 18:00:00,961.6,27.0,91.0,1.1,54.0,2.2,54.0,0.0,,,,,,,,,,,2024-08-06T17:57:00,,,,0,,,,,,,,,,,,,
2024-08-06 19:00:00,962.3,25.7,93.0,1.8,58.0,4.1,49.0,0.0,,,,,,,,,,,2024-08-06T18:33:00,,,,0,,,,,,,,,,,,,
2024-08-06 20:00:00,962.6,25.5,93.0,0.0,0.0,2.2,46.0,0.0,,,,,,,,,,,2024-08-06T19:09:00,,,,0,,,,,,,,,,,,,
2024-08-06 21:00:00,963.3,25.6,88.0,1.1,325.0,2.1,36.0,0.0,,,,,,,,,,,2024-08-06T20:22:00,,,,0,,,,,,,,,,,,,
2024-08-06 22:00:00,963.7,25.9,88.0,0.9,343.0,1.8,360.0,0.0,,,,,,,,,,,2024-08-06T21:23:00,,,,0,,,,,,,,,,,,,
2024-08-06 23:00:00,963.3,25.8,91.0,0.0,0.0,1.0,314.0,0.0,,,,,,,,,,,2024-08-06T22:29:00,,,,0,,,,,,,,,,,,,
2024-08-07 00:00:00,963.4,25.8,90.0,0.3,80.0,1.4,34.0,0.0,,,,,,,,,,,2024-08-06T23:41:00,,,,0,,,,,,,,,,,,,
2024-08-07 01:00:00,962.9,25.5,91.0,0.9,329.0,1.6,203.0,0.0,,,,,,,,,,,2024-08-07T00:54:00,,,,0,,,,,,,,,,,,,
2024-08-07 02:00:00,962.4,25.1,91.0,1.1,326.0,1.9,272.0,0.0,,,,,,,,,,,2024-08-07T01:54:00,,,,0,,,,,,,,,,,,,
2024-08-07 03:00:00,962.1,25.6,89.0,0.1,0.0,1.6,316.0,0.0,,,,,,,,,,,2024-08-07T02:04:00,,,,0,,,,,,,,,,,,,
2024-08-07 04:00:00,962.2,25.2,89.0,0.8,346.0,1.2,109.0,0.0,,,,,,,,,,,2024-08-07T03:21:00,,,,0,,,,,,,,,,,,,
2024-08-07 05:00:00,962.2,25.1,91.0,0.9,309.0,1.8,277.0,0.0,,,,,,,,,,,2024-08-07T04:26:00,,,,0,,,,,,,,,,,,,
2024-08-07 06:00:00,962.5,25.0,91.0,0.3,290.0,1.6,273.0,0.0,,,,,,,,,,,2024-08-07T05:13:00,,,,0,,,,,,,,,,,,,
2024-08-07 07:00:00,962.8,25.7,84.0,0.6,319.0,1.9,331.0,0.0,,,,,,,,,,,2024-08-07T06:34:00,,,,0,,,,,,,,,,,,,
2024-08-07 08:00:00,963.3,28.7,83.0,0.0,0.0,0.9,332.0,0.0,,,,,,,,,,,2024-08-07T07:01:00,,,,0,,,,,,,,,,,,,
2024-08-07 09:00:00,963.3,29.1,81.0,0.1,0.0,1.9,204.0,0.0,,,,,,,,,,,2024-08-07T08:40:00,,,,0,,,,,,,,,,,,,
2024-08-07 10:00:00,963.1,28.9,81.0,0.4,170.0,2.7,202.0,0.0,,,,,,,,,,,2024-08-07T09:44:00,,,,0,,,,,,,,,,,,,
2024-08-07 11:00:00,962.6,31.4,75.0,0.3,77.0,3.0,205.0,0.0,,,,,,,,,,,2024-08-07T10:14:00,,,,0,,,,,,,,,,,,,
2024-08-07 12:00:00,962.1,30.7,78.0,0.2,0.0,4.1,85.0,0.0,,,,,,,,,,,2024-08-07T11:18:00,,,,0,,,,,,,,,,,,,
2024-08-07 13:00:00,962.0,29.2,78.0,0.5,129.0,4.2,97.0,0.0,,,,,,,,,,,2024-08-07T12:49:00,,,,0,,,,,,,,,,,,,
2024-08-07 14:00:00,961.4,29.0,81.0,0.4,81.0,3.1,91.0,0.0,,,,,,,,,,,2024-08-07T13:52:00,,,,0,,,,,,,,,,,,,
2024-08-07 15:00:00,961.3,29.2,81.0,1.1,65.0,4.9,101.0,0.0,,,,,,,,,,,2024-08-07T14:42:00,,,,0,,,,,,,,,,,,,
2024-08-07 16:00:00,961.4,26.6,90.0,0.2,0.0,5.3,105.0,0.0,,,,,,,,,,,2024-08-07T15:14:00,,,,0,,,,,,,,,,,,,
2024-08-07 17:00:00,961.5,25.4,97.0,1.6,286.0,5.5,311.0,0.0,,,,,,,,,,,2024-08-07T17:00:00,,,,0,,,,,,,,,,,,,
2024-08-07 18:00:00,961.8,24.0,97.0,2.3,309.0,7.5,300.0,0.0,,,,,,,,,,,2024-08-07T17:02:00,,,,0,,,,,,,,,,,,,
2024-08-07 19:00:00,962.1,24.0,97.0,1.0,352.0,4.8,316.0,0.0,,,,,,,,,,,2024-08-07T18:08:00,,,,0,,,,,,,,,,,,,
2024-08-07 20:00:00,962.9,24.8,93.0,0.3,23.0,3.5,5.0,0.0,,,,,,,,,,,2024-08-07T19:01:00,,,,0,,,,,,,,,,,,,
2024-08-07 21:00:00,963.3,25.0,93.0,0.6,6.0,3.2,341.0,0.0,,,,,,,,,,,2024-08-07T20:29:00,,,,0,,,,,,,,,,,,,
2024-08-07 22:00:00,963.4,24.9,93.0,0.0,0.0,2.5,52.0,0.0,,,,,,,,,,,2024-08-07T21:17:00,,,,0,,,,,,,,,,,,,
2024-08-07 23:00:00,963.7,24.8,95.0,0.7,10.0,3.6,34.0,0.0,,,,,,,,,,,2024-08-07T22:43:00,,,,0,,,,,,,,,,,,,
2024-08-08 00:00:00,963.3,24.9,94.0,0.9,339.0,2.3,331.0,0.0,,,,,,,,,,,2024-08-07T23:47:00,,,,0,,,,,,,,,,,,,
2024-08-08 01:00:00,962.7,24.9,93.0,1.5,330.0,2.9,18.0,0.0,,,,,,,,,,,2024-08-08T00:03:00,,,,0,,,,,,,,,,,,,
2024-08-08 02:00:00,962.7,25.7,84.0,0.6,260.0,1.7,318.0,0.0,,,,,,,,,,,2024-08-08T01:02:00,,,,0,,,,,,,,,,,,,
2024-08-08 03:00:00,962.6,26.2,85.0,0.6,98.0,1.3,28.0,0.0,,,,,,,,,,,2024-08-08T02:22:00,,,,0,,,,,,,,,,,,,
2024-08-08 04:00:00,962.0,25.6,87.0,0.7,205.0,1.7,276.0,0.0,,,,,,,,,,,2024-08-08T03:31:00,,,,0,,,,,,,,,,,,,
2024-08-08 05:00:00,962.0,25.5,85.0,1.2,199.0,2.2,200.0,0.0,,,,,,,,,,,2024-08-08T05:00:00,,,,0,,,,,,,,,,,,,
2024-08-08 06:00:00,962.0,25.7,86.0,0.1,0.0,1.8,201.0,0.0,,,,,,,,,,,2024-08-08T05:19:00,,,,0,,,,,,,,,,,,,
2024-08-08 07:00:00,962.6,26.7,83.0,0.0,0.0,2.2,207.0,0.0,,,,,,,,,,,2024-08-08T06:08:00,,,,0,,,,,,,,,,,,,
2024-08-08 08:00:00,962.8,28.6,79.0,0.2,0.0,1.5,185.0,0.0,,,,,,,,,,,2024-08-08T07:12:00,,,,0,,,,,,,,,,,,,
2024-08-08 09:00:00,962.8,30.3,77.0,0.0,0.0,0.9,162.0,0.0,,,,,,,,,,,2024-08-08T08:03:00,,,,0,,,,,,,,,,,,,
2024-08-08 10:00:00,962.9,31.6,69.0,0.3,77.0,2.4,117.0,0.0,,,,,,,,,,,2024-08-08T09:30:00,,,,0,,,,,,,,,,,,,
2024-08-08 11:00:00,963.0,30.8,74.0,1.7,102.0,4.3,104.0,0.0,,,,,,,,,,,2024-08-08T10:57:00,,,,0,,,,,,,,,,,,,
2024-08-08 12:00:00,962.6,30.5,76.0,0.6,83.0,5.4,82.0,0.0,,,,,,,,,,,2024-08-08T11:08:00,,,,0,,,,,,,,,,,,,
2024-08-08 13:00:00,962.0,30.7,74.0,0.6,48.0,4.9,45.0,0.0,,,,,,,,,,,2024-08-08T12:40:00,,,,0,,,,,,,,,,,,,
2024-08-08 14:00:00,961.4,30.3,81.0,0.3,51.0,4.0,42.0,0.0,,,,,,,,,,,2024-08-08T13:21:00,,,,0,,,,,,,,,,,,,
2024-08-08 15:00:00,961.4,29.6,83.0,0.6,58.0,3.7,79.0,0.0,,,,,,,,,,,2024-08-08T14:03:00,,,,0,,,,,,,,,,,,,
2024-08-08 16:00:00,961.3,27.4,89.0,1.0,55.0,5.4,39.0,0.0,,,,,,,,,,,2024-08-08T15:48:00,,,,0,,,,,,,,,,,,,
2024-08-08 17:00:00,961.9,24.7,98.0,1.2,355.0,4.7,53.0,14.0,,,,,,,,,,,2024-08-08T16:07:00,,,,0,,,,,,,,,,,,,
2024-08-08 18:00:00,962.0,24.3,100.0,0.8,323.0,7.1,338.0,1.5,,,,,,,,,,,2024-08-08T17:49:00,,,,0,,,,,,,,,,,,,
2024-08-08 19:00:00,962.7,23.8,100.0,1.7,312.0,4.3,41.0,0.0,,,,,,,,,,,2024-08-08T18:09:00,,,,0,,,,,,,,,,,,,
2024-08-08 20:00:00,963.3,24.0,100.0,1.3,332.0,4.3,9.0,0.0,,,,,,,,,,,2024-08-08T19:59:00,,,,0,,,,,,,,,,,,,
2024-08-08 21:00:00,963.8,23.9,100.0,1.9,325.0,2.9,326.0,0.0,,,,,,,,,,,2024-08-08T20:53:00,,,,0,,,,,,,,,,,,,
2024-08-08 22:00:00,963.8,24.0,96.0,1.7,353.0,3.2,7.0,0.0,,,,,,,,,,,2024-08-08T21:32:00,,,,0,,,,,,,,,,,,,
2024-08-08 23:00:00,963.8,25.3,88.0,1.0,1.0,2.6,360.0,0.0,,,,,,,,,,,2024-08-08T22:02:00,,,,0,,,,,,,,,,,,,
2024-08-09 00:00:00,962.6,25.5,85.0,0.9,245.0,2.3,272.0,0.0,,,,,,,,,,,2024-08-08T23:32:00,,,,0,,,,,,,,,,,,,
2024-08-09 01:00:00,962.6,25.9,83.0,0.5,178.0,2.3,205.0,0.0,,,,,,,,,,,2024-08-09T00:07:00,,,,0,,,,,,,,,,,,,
2024-08-09 02:00:00,962.0,25.5,82.0,0.7,308.0,1.8,322.0,0.0,,,,,,,,,,,2024-08-09T02:00:00,,,,0,,,,,,,,,,,,,
2024-08-09 03:00:00,961.4,25.2,82.0,1.0,271.0,2.5,264.0,0.0,,,,,,,,,,,2024-08-09T02:36:00,,,,0,,,,,,,,,,,,,
2024-08-09 04:00:00,961.3,25.7,80.0,1.1,178.0,1.7,175.0,0.0,,,,,,,,,,,2024-08-09T03:56:00,,,,0,,,,,,,,,,,,,
2024-08-09 05:00:00,961.4,25.5,82.0,1.4,186.0,2.9,188.0,0.0,,,,,,,,,,,2024-08-09T05:00:00,,,,0,,,,,,,,,,,,,
2024-08-09 06:00:00,962.0,25.3,85.0,0.8,230.0,2.7,188.0,0.0,,,,,,,,,,,2024-08-09T05:01:00,,,,0,,,,,,,,,,,,,
2024-08-09 07:00:00,962.6,26.3,81.0,0.2,0.0,2.1,204.0,0.0,,,,,,,,,,,2024-08-09T06:22:00,,,,0,,,,,,,,,,,,,
2024-08-09 08:00:00,962.6,28.9,82.0,0.0,0.0,1.3,269.0,0.0,,,,,,,,,,,2024-08-09T07:28:00,,,,0,,,,,,,,,,,,,
2024-08-09 09:00:00,962.1,29.8,71.0,0.5,86.0,2.4,85.0,0.0,,,,,,,,,,,2024-08-09T08:40:00,,,,0,,,,,,,,,,,,,
2024-08-09 10:00:00,962.5,31.1,76.0,0.3,72.0,2.7,102.0,0.0,,,,,,,,,,,2024-08-09T09:29:00,,,,0,,,,,,,,,,,,,
2024-08-09 11:00:00,961.9,31.6,79.0,0.1,0.0,3.3,73.0,0.0,,,,,,,,,,,2024-08-09T10:38:00,,,,0,,,,,,,,,,,,,
2024-08-09 12:00:00,961.3,32.0,72.0,0.7,67.0,4.2,51.0,0.0,,,,,,,,,,,2024-08-09T11:10:00,,,,0,,,,,,,,,,,,,
2024-08-09 13:00:00,960.8,29.8,77.0,1.2,62.0,5.1,56.0,0.0,,,,,,,,,,,2024-08-09T12:41:00,,,,0,,,,,,,,,,,,,
2024-08-09 14:00:00,960.7,25.0,95.0,1.7,300.0,5.2,73.0,7.0,,,,,,,,,,,2024-08-09T13:03:00,,,,0,,,,,,,,,,,,,
2024-08-09 15:00:00,960.7,24.8,99.0,0.5,319.0,3.7,47.0,4.0,,,,,,,,,,,2024-08-09T14:31:00,,,,0,,,,,,,,,,,,,
2024-08-09 16:00:00,960.2,23.8,100.0,1.4,328.0,7.8,308.0,0.5,,,,,,,,,,,2024-08-09T15:36:00,,,,0,,,,,,,,,,,,,
2024-08-09 17:00:00,960.1,23.7,100.0,0.9,342.0,5.1,332.0,0.5,,,,,,,,,,,2024-08-09T16:06:00,,,,0,,,,,,,,,,,,,
2024-08-09 18:00:00,960.7,23.9,100.0,0.4,326.0,5.2,8.0,0.5,,,,,,,,,,,2024-08-09T17:25:00,,,,0,,,,,,,,,,,,,
2024-08-09 19:00:00,961.4,23.4,100.0,1.2,322.0,6.7,306.0,0.0,,,,,,,,,,,2024-08-09T18:47:00,,,,0,,,,,,,,,,,,,
2024-08-09 20:00:00,962.0,23.3,100.0,0.7,357.0,5.4,319.0,0.0,,,,,,,,,,,2024-08-09T19:06:00,,,,0,,,,,,,,,,,,,
2024-08-09 21:00:00,962.6,23.4,100.0,1.9,330.0,3.7,14.0,0.0,,,,,,,,,,,2024-08-09T20:34:00,,,,0,,,,,,,,,,,,,
2024-08-09 22:00:00,962.1,24.7,92.0,1.2,270.0,2.8,320.0,0.0,,,,,,,,,,,2024-08-09T21:07:00,,,,0,,,,,,,,,,,,,
2024-08-09 23:00:00,961.3,24.2,90.0,1.7,271.0,2.8,207.0,0.0,,,,,,,,,,,2024-08-09T22:15:00,,,,0,,,,,,,,,,,,,
2024-08-10 00:00:00,961.1,25.6,82.0,1.0,196.0,2.6,205.0,0.0,,,,,,,,,,,2024-08-09T23:35:00,,,,0,,,,,,,,,,,,,
2024-08-10 01:00:00,960.7,25.8,81.0,0.7,189.0,2.5,196.0,0.0,,,,,,,,,,,2024-08-10T00:47:00,,,,0,,,,,,,,,,,,,
2024-08-10 02:00:00,960.7,25.7,82.0,0.7,345.0,1.9,8.0,0.0,,,,,,,,,,,2024-08-10T01:05:00,,,,0,,,,,,,,,,,,,
2024-08-10 03:00:00,960.7,25.9,80.0,0.2,0.0,2.2,318.0,0.0,,,,,,,,,,,2024-08-10T02:24:00,,,,0,,,,,,,,,,,,,
2024-08-10 04:00:00,960.6,25.1,82.0,0.6,284.0,2.3,2.0,0.0,,,,,,,,,,,2024-08-10T03:32:00,,,,0,,,,,,,,,,,,,
2024-08-10 05:00:00,960.3,23.7,90.0,1.2,335.0,3.8,318.0,0.0,,,,,,,,,,,2024-08-10T04:41:00,,,,0,,,,,,,,,,,,,
2024-08-10 06:00:00,961.0,24.2,87.0,2.0,344.0,3.7,3.0,0.0,,,,,,,,,,,2024-08-10T06:00:00,,,,0,,,,,,,,,,,,,
2024-08-10 07:00:00,961.2,25.4,86.0,0.8,25.0,4.0,7.0,0.0,,,,,,,,,,,2024-08-10T06:16:00,,,,0,,,,,,,,,,,,,
2024-08-10 08:00:00,961.9,26.5,84.0,0.7,34.0,2.9,10.0,0.0,,,,,,,,,,,2024-08-10T07:25:00,,,,0,,,,,,,,,,,,,
2024-08-10 09:00:00,961.8,29.7,77.0,0.7,56.0,3.1,61.0,0.0,,,,,,,,,,,2024-08-10T08:54:00,,,,0,,,,,,,,,,,,,
2024-08-10 10:00:00,961.9,30.9,78.0,0.0,0.0,2.3,42.0,0.0,,,,,,,,,,,2024-08-10T09:01:00,,,,0,,,,,,,,,,,,,
2024-08-10 11:00:00,961.4,26.9,91.0,1.7,105.0,4.2,107.0,0.0,,,,,,,,,,,2024-08-10T10:51:00,,,,0,,,,,,,,,,,,,
2024-08-10 12:00:00,960.7,27.2,88.0,0.1,0.0,4.5,103.0,1.5,,,,,,,,,,,2024-08-10T11:02:00,,,,0,,,,,,,,,,,,,
2024-08-10 13:00:00,960.6,29.1,76.0,0.6,181.0,3.9,201.0,0.0,,,,,,,,,,,2024-08-10T12:47:00,,,,0,,,,,,,,,,,,,
2024-08-10 14:00:00,960.0,27.7,85.0,0.8,185.0,3.3,204.0,0.0,,,,,,,,,,,2024-08-10T13:07:00,,,,0,,,,,,,,,,,,,
2024-08-10 15:00:00,959.9,27.9,88.0,0.0,0.0,2.0,209.0,0.0,,,,,,,,,,,2024-08-10T14:20:00,,,,0,,,,,,,,,,,,,
2024-08-10 16:00:00,959.9,26.1,93.0,1.1,108.0,3.7,103.0,0.0,,,,,,,,,,,2024-08-10T15:24:00,,,,0,,,,,,,,,,,,,
2024-08-10 17:00:00,959.9,25.8,96.0,0.6,333.0,2.6,117.0,0.0,,,,,,,,,,,2024-08-10T16:01:00,,,,0,,,,,,,,,,,,,
2024-08-10 18:00:00,959.4,24.9,99.0,2.1,311.0,3.7,319.0,0.0,,,,,,,,,,,2024-08-10T17:48:00,,,,0,,,,,,,,,,,,,
2024-08-10 19:00:00,959.4,25.4,89.0,1.2,122.0,3.0,311.0,0.0,,,,,,,,,,,2024-08-10T18:14:00,,,,0,,,,,,,,,,,,,
2024-08-10 20:00:00,960.7,24.6,96.0,1.3,313.0,2.4,82.0,0.0,,,,,,,,,,,2024-08-10T19:14:00,,,,0,,,,,,,,,,,,,
2024-08-10 21:00:00,961.5,24.6,98.0,1.3,318.0,4.9,314.0,0.0,,,,,,,,,,,2024-08-10T20:31:00,,,,0,,,,,,,,,,,,,
2024-08-10 22:00:00,961.4,24.8,94.0,1.3,304.0,2.9,335.0,0.0,,,,,,,,,,,2024-08-10T21:30:00,,,,0,,,,,,,,,,,,,
2024-08-10 23:00:00,961.3,25.4,88.0,0.9,346.0,2.2,199.0,0.0,,,,,,,,,,,2024-08-10T22:09:00,,,,0,,,,,,,,,,,,,
2024-08-11 00:00:00,960.7,25.2,88.0,1.1,321.0,2.5,350.0,0.0,,,,,,,,,,,2024-08-10T23:24:00,,,,0,,,,,,,,,,,,,
2024-08-11 01:00:00,960.6,24.2,92.0,1.6,344.0,2.7,332.0,0.0,,,,,,,,,,,2024-08-11T00:40:00,,,,0,,,,,,,,,,,,,
2024-08-11 02:00:00,959.9,25.5,85.0,0.4,210.0,2.7,332.0,0.0,,,,,,,,,,,2024-08-11T01:16:00,,,,0,,,,,,,,,,,,,
2024-08-11 03:00:00,960.0,25.4,83.0,0.5,237.0,1.6,317.0,0.0,,,,,,,,,,,2024-08-11T02:10:00,,,,0,,,,,,,,,,,,,
2024-08-11 04:00:00,960.0,25.2,84.0,1.3,344.0,1.8,4.0,0.0,,,,,,,,,,,2024-08-11T03:52:00,,,,0,,,,,,,,,,,,,
2024-08-11 05:00:00,960.1,24.5,88.0,1.6,334.0,2.8,323.0,0.0,,,,,,,,,,,2024-08-11T04:56:00,,,,0,,,,,,,,,,,,,
2024-08-11 06:00:00,961.0,24.4,86.0,1.5,312.0,2.7,11.0,0.0,,,,,,,,,,,2024-08-11T05:48:00,,,,0,,,,,,,,,,,,,
2024-08-11 07:00:00,960.7,26.2,80.0,0.5,299.0,2.3,300.0,0.0,,,,,,,,,,,2024-08-11T06:08:00,,,,0,,,,,,,,,,,,,
2024-08-11 08:00:00,960.8,26.8,77.0,0.5,197.0,1.9,187.0,0.0,,,,,,,,,,,2024-08-11T07:56:00,,,,0,,,,,,,,,,,,,
2024-08-11 09:00:00,960.8,28.1,81.0,0.2,0.0,2.4,201.0,0.0,,,,,,,,,,,2024-08-11T08:56:00,,,,0,,,,,,,,,,,,,
2024-08-11 10:00:00,960.6,29.9,78.0,0.0,0.0,1.4,246.0,0.0,,,,,,,,,,,2024-08-11T09:52:00,,,,0,,,,,,,,,,,,,
2024-08-11 11:00:00,960.6,30.3,73.0,0.2,0.0,2.6,120.0,0.0,,,,,,,,,,,2024-08-11T10:47:00,,,,0,,,,,,,,,,,,,
2024-08-11 12:00:00,960.1,29.9,76.0,0.4,92.0,4.0,108.0,0.0,,,,,,,,,,,2024-08-11T11:50:00,,,,0,,,,,,,,,,,,,
2024-08-11 13:00:00,959.9,29.2,76.0,0.5,134.0,3.5,105.0,0.0,,,,,,,,,,,2024-08-11T12:22:00,,,,0,,,,,,,,,,,,,
2024-08-11 14:00:00,959.4,29.3,79.0,0.1,0.0,3.4,93.0,0.0,,,,,,,,,,,2024-08-11T13:03:00,,,,0,,,,,,,,,,,,,
2024-08-11 15:00:00,959.3,27.9,82.0,1.4,118.0,4.9,106.0,0.0,,,,,,,,,,,2024-08-11T14:40:00,,,,0,,,,,,,,,,,,,
2024-08-11 16:00:00,959.2,28.3,83.0,0.7,95.0,3.3,110.0,0.0,,,,,,,,,,,2024-08-11T15:23:00,,,,0,,,,,,,,,,,,,
2024-08-11 17:00:00,959.4,28.8,82.0,0.4,59.0,2.9,101.0,0.0,,,,,,,,,,,2024-08-11T16:03:00,,,,0,,,,,,,,,,,,,
2024-08-11 18:00:00,959.5,26.0,94.0,1.5,72.0,3.2,105.0,0.0,,,,,,,,,,,2024-08-11T17:02:00,,,,0,,,,,,,,,,,,,
2024-08-11 19:00:00,960.7,25.7,97.0,1.6,61.0,3.1,60.0,0.0,,,,,,,,,,,2024-08-11T18:16:00,,,,0,,,,,,,,,,,,,
2024-08-11 20:00:00,961.4,26.1,96.0,0.8,48.0,2.3,66.0,0.0,,,,,,,,,,,2024-08-11T19:01:00,,,,0,,,,,,,,,,,,,
2024-08-11 21:00:00,961.4,25.5,97.0,0.3,8.0,2.2,34.0,0.0,,,,,,,,,,,2024-08-11T20:05:00,,,,0,,,,,,,,,,,,,
2024-08-11 22:00:00,961.3,25.5,99.0,1.2,272.0,1.6,277.0,0.0,,,,,,,,,,,2024-08-11T21:42:00,,,,0,,,,,,,,,,,,,
2024-08-11 23:00:00,961.3,25.5,95.0,0.6,189.0,2.1,205.0,0.0,,,,,,,,,,,2024-08-11T22:38:00,,,,0,,,,,,,,,,,,,
2024-08-12 00:00:00,960.6,25.5,93.0,0.4,261.0,1.9,209.0,0.0,,,,,,,,,,,2024-08-11T23:38:00,,,,0,,,,,,,,,,,,,
2024-08-12 01:00:00,960.1,25.3,94.0,0.9,16.0,1.4,11.0,0.0,,,,,,,,,,,2024-08-12T00:57:00,,,,0,,,,,,,,,,,,,
2024-08-12 02:00:00,960.0,25.1,93.0,0.8,269.0,1.6,315.0,0.0,,,,,,,,,,,2024-08-12T01:20:00,,,,0,,,,,,,,,,,,,
2024-08-12 03:00:00,959.9,24.6,90.0,1.3,319.0,2.2,335.0,0.0,,,,,,,,,,,2024-08-12T02:28:00,,,,0,,,,,,,,,,,,,
2024-08-12 04:00:00,959.6,24.0,94.0,1.3,321.0,2.3,2.0,0.0,,,,,,,,,,,2024-08-12T03:50:00,,,,0,,,,,,,,,,,,,
2024-08-12 05:00:00,960.0,24.1,91.0,1.3,323.0,2.9,330.0,0.0,,,,,,,,,,,2024-08-12T04:33:00,,,,0,,,,,,,,,,,,,
2024-08-12 06:00:00,960.4,24.2,89.0,1.3,320.0,3.1,317.0,0.0,,,,,,,,,,,2024-08-12T05:42:00,,,,0,,,,,,,,,,,,,
2024-08-12 07:00:00,960.7,26.2,87.0,0.4,28.0,4.3,38.0,0.0,,,,,,,,,,,2024-08-12T06:48:00,,,,0,,,,,,,,,,,,,
2024-08-12 08:00:00,961.4,28.5,85.0,1.0,44.0,4.4,38.0,0.0,,,,,,,,,,,2024-08-12T07:36:00,,,,0,,,,,,,,,,,,,
2024-08-12 09:00:00,961.5,30.1,79.0,0.3,73.0,2.9,45.0,0.0,,,,,,,,,,,2024-08-12T08:03:00,,,,0,,,,,,,,,,,,,
2024-08-12 10:00:00,961.5,31.7,80.0,0.1,0.0,3.0,51.0,0.0,,,,,,,,,,,2024-08-12T09:08:00,,,,0,,,,,,,,,,,,,
2024-08-12 11:00:00,961.2,29.3,80.0,0.9,80.0,3.6,82.0,0.0,,,,,,,,,,,2024-08-12T10:56:00,,,,0,,,,,,,,,,,,,
2024-08-12 12:00:00,960.7,29.8,82.0,0.5,79.0,4.7,77.0,0.0,,,,,,,,,,,2024-08-12T11:29:00,,,,0,,,,,,,,,,,,,
2024-08-12 13:00:00,960.5,27.8,89.0,1.1,112.0,4.9,86.0,0.0,,,,,,,,,,,2024-08-12T12:02:00,,,,0,,,,,,,,,,,,,
2024-08-12 14:00:00,960.1,27.5,88.0,0.4,109.0,3.8,78.0,0.0,,,,,,,,,,,2024-08-12T13:27:00,,,,0,,,,,,,,,,,,,
2024-08-12 15:00:00,960.1,27.8,89.0,0.0,0.0,3.8,106.0,0.0,,,,,,,,,,,2024-08-12T14:30:00,,,,0,,,,,,,,,,,,,
2024-08-12 16:00:00,960.1,27.1,90.0,0.0,0.0,1.2,109.0,0.0,,,,,,,,,,,2024-08-12T15:03:00,,,,0,,,,,,,,,,,,,
2024-08-12 17:00:00,960.6,26.5,94.0,0.0,0.0,1.2,83.0,0.0,,,,,,,,,,,2024-08-12T17:00:00,,,,0,,,,,,,,,,,,,
2024-08-12 18:00:00,961.0,26.3,94.0,0.8,329.0,1.5,62.0,0.0,,,,,,,,,,,2024-08-12T17:10:00,,,,0,,,,,,,,,,,,,
2024-08-12 19:00:00,962.0,25.8,92.0,1.2,312.0,3.6,288.0,0.0,,,,,,,,,,,2024-08-12T18:57:00,,,,0,,,,,,,,,,,,,
2024-08-12 20:00:00,962.5,25.6,95.0,0.8,343.0,3.7,342.0,0.0,,,,,,,,,,,2024-08-12T19:53:00,,,,0,,,,,,,,,,,,,
2024-08-12 21:00:00,963.3,25.3,91.0,1.7,306.0,2.9,312.0,0.0,,,,,,,,,,,2024-08-12T20:53:00,,,,0,,,,,,,,,,,,,
2024-08-12 22:00:00,963.2,25.2,90.0,1.3,306.0,2.7,322.0,0.0,,,,,,,,,,,2024-08-12T21:01:00,,,,0,,,,,,,,,,,,,
2024-08-12 23:00:00,963.1,25.6,88.0,1.2,309.0,2.8,317.0,0.0,,,,,,,,,,,2024-08-12T22:06:00,,,,0,,,,,,,,,,,,,
2024-08-13 00:00:00,962.4,26.0,82.0,0.5,9.0,2.5,302.0,0.0,,,,,,,,,,,2024-08-12T23:20:00,,,,0,,,,,,,,,,,,,
2024-08-13 01:00:00,961.8,26.0,83.0,0.8,189.0,1.9,200.0,0.0,,,,,,,,,,,2024-08-13T00:52:00,,,,0,,,,,,,,,,,,,
2024-08-13 02:00:00,961.3,25.2,86.0,0.8,249.0,2.7,190.0,0.0,,,,,,,,,,,2024-08-13T01:22:00,,,,0,,,,,,,,,,,,,
2024-08-13 03:00:00,961.3,25.4,89.0,0.0,0.0,2.5,195.0,0.0,,,,,,,,,,,2024-08-13T02:12:00,,,,0,,,,,,,,,,,,,
2024-08-13 04:00:00,961.5,24.8,92.0,1.4,337.0,1.9,285.0,0.0,,,,,,,,,,,2024-08-13T04:00:00,,,,0,,,,,,,,,,,,,
2024-08-13 05:00:00,962.0,23.9,94.0,0.8,10.0,3.8,345.0,0.0,,,,,,,,,,,2024-08-13T04:42:00,,,,0,,,,,,,,,,,,,
2024-08-13 06:00:00,962.6,24.0,92.0,0.4,38.0,3.2,7.0,0.0,,,,,,,,,,,2024-08-13T05:36:00,,,,0,,,,,,,,,,,,,
2024-08-13 07:00:00,963.2,26.4,85.0,0.3,34.0,4.5,40.0,0.0,,,,,,,,,,,2024-08-13T06:19:00,,,,0,,,,,,,,,,,,,
2024-08-13 08:00:00,963.4,28.5,81.0,0.4,53.0,4.0,5.0,0.0,,,,,,,,,,,2024-08-13T07:44:00,,,,0,,,,,,,,,,,,,
2024-08-13 09:00:00,963.8,30.6,75.0,0.1,0.0,2.5,36.0,0.0,,,,,,,,,,,2024-08-13T08:38:00,,,,0,,,,,,,,,,,,,
2024-08-13 10:00:00,963.9,31.3,75.0,0.7,92.0,3.2,86.0,0.0,,,,,,,,,,,2024-08-13T09:54:00,,,,0,,,,,,,,,,,,,
2024-08-13 11:00:00,963.4,30.6,74.0,1.2,90.0,3.8,60.0,0.0,,,,,,,,,,,2024-08-13T10:29:00,,,,0,,,,,,,,,,,,,
2024-08-13 12:00:00,963.2,29.7,77.0,0.6,133.0,4.7,103.0,0.0,,,,,,,,,,,2024-08-13T11:45:00,,,,0,,,,,,,,,,,,,
2024-08-13 13:00:00,963.1,29.8,79.0,0.2,0.0,4.5,65.0,0.0,,,,,,,,,,,2024-08-13T12:23:00,,,,0,,,,,,,,,,,,,
2024-08-13 14:00:00,962.8,27.6,89.0,0.1,0.0,4.6,110.0,0.0,,,,,,,,,,,2024-08-13T13:23:00,,,,0,,,,,,,,,,,,,
2024-08-13 15:00:00,962.6,25.9,99.0,0.6,240.0,2.6,200.0,2.5,,,,,,,,,,,2024-08-13T14:28:00,,,,0,,,,,,,,,,,,,
2024-08-13 16:00:00,962.0,27.8,92.0,0.1,0.0,2.3,258.0,0.0,,,,,,,,,,,2024-08-13T15:04:00,,,,0,,,,,,,,,,,,,
2024-08-13 17:00:00,962.5,26.9,92.0,0.8,45.0,1.3,2.0,0.0,,,,,,,,,,,2024-08-13T16:31:00,,,,0,,,,,,,,,,,,,
2024-08-13 18:00:00,962.8,26.7,85.0,0.0,0.0,1.3,8.0,0.0,,,,,,,,,,,2024-08-13T17:43:00,,,,0,,,,,,,,,,,,,
2024-08-13 19:00:00,963.8,26.4,91.0,0.1,0.0,1.6,55.0,0.0,,,,,,,,,,,2024-08-13T18:16:00,,,,0,,,,,,,,,,,,,
2024-08-13 20:00:00,963.9,25.2,97.0,0.8,306.0,1.8,319.0,0.0,,,,,,,,,,,2024-08-13T19:59:00,,,,0,,,,,,,,,,,,,
2024-08-13 21:00:00,963.9,25.0,96.0,0.5,18.0,2.7,12.0,0.0,,,,,,,,,,,2024-08-13T20:33:00,,,,0,,,,,,,,,,,,,
2024-08-13 22:00:00,964.1,24.9,93.0,0.8,347.0,3.7,353.0,0.0,,,,,,,,,,,2024-08-13T21:06:00,,,,0,,,,,,,,,,,,,
2024-08-13 23:00:00,963.8,24.5,92.0,1.0,288.0,2.5,315.0,0.0,,,,,,,,,,,2024-08-13T22:21:00,,,,0,,,,,,,,,,,,,
2024-08-14 00:00:00,963.4,25.6,87.0,0.8,184.0,2.0,269.0,0.0,,,,,,,,,,,2024-08-13T23:06:00,,,,0,,,,,,,,,,,,,
2024-08-14 01:00:00,963.2,25.4,86.0,1.2,255.0,2.1,200.0,0.0,,,,,,,,,,,2024-08-14T00:23:00,,,,0,,,,,,,,,,,,,
2024-08-14 02:00:00,962.7,25.1,86.0,1.3,324.0,2.0,200.0,0.0,,,,,,,,,,,2024-08-14T01:06:00,,,,0,,,,,,,,,,,,,
2024-08-14 03:00:00,962.0,25.3,82.0,1.0,323.0,2.1,322.0,0.0,,,,,,,,,,,2024-08-14T02:04:00,,,,0,,,,,,,,,,,,,
2024-08-14 04:00:00,962.6,25.6,80.0,0.2,0.0,1.5,327.0,0.0,,,,,,,,,,,2024-08-14T03:01:00,,,,0,,,,,,,,,,,,,
2024-08-14 05:00:00,962.8,25.5,80.0,1.1,360.0,1.9,16.0,0.0,,,,,,,,,,,2024-08-14T04:49:00,,,,0,,,,,,,,,,,,,
2024-08-14 06:00:00,963.5,25.0,82.0,1.5,353.0,2.1,3.0,0.0,,,,,,,,,,,2024-08-14T05:56:00,,,,0,,,,,,,,,,,,,
2024-08-14 07:00:00,964.0,25.7,83.0,0.9,317.0,2.2,7.0,0.0,,,,,,,,,,,2024-08-14T06:18:00,,,,0,,,,,,,,,,,,,
2024-08-14 08:00:00,963.9,27.2,84.0,0.2,0.0,1.5,58.0,0.0,,,,,,,,,,,2024-08-14T07:33:00,,,,0,,,,,,,,,,,,,
2024-08-14 09:00:00,963.9,29.9,79.0,0.0,0.0,1.4,42.0,0.0,,,,,,,,,,,2024-08-14T08:16:00,,,,0,,,,,,,,,,,,,
2024-08-14 10:00:00,963.9,31.5,75.0,0.5,95.0,2.4,63.0,0.0,,,,,,,,,,,2024-08-14T09:50:00,,,,0,,,,,,,,,,,,,
2024-08-14 11:00:00,963.8,28.5,78.0,1.5,101.0,6.0,113.0,0.0,,,,,,,,,,,2024-08-14T10:54:00,,,,0,,,,,,,,,,,,,
2024-08-14 12:00:00,963.2,28.7,81.0,0.7,121.0,4.3,113.0,0.0,,,,,,,,,,,2024-08-14T11:07:00,,,,0,,,,,,,,,,,,,
2024-08-14 13:00:00,962.5,28.8,77.0,0.9,128.0,3.6,117.0,0.0,,,,,,,,,,,2024-08-14T12:22:00,,,,0,,,,,,,,,,,,,
2024-08-14 14:00:00,962.4,27.6,84.0,0.1,0.0,4.9,106.0,0.0,,,,,,,,,,,2024-08-14T13:41:00,,,,0,,,,,,,,,,,,,
2024-08-14 15:00:00,962.1,27.0,86.0,0.5,115.0,3.2,113.0,0.0,,,,,,,,,,,2024-08-14T14:59:00,,,,0,,,,,,,,,,,,,
2024-08-14 16:00:00,962.2,26.4,92.0,0.5,97.0,3.9,110.0,0.0,,,,,,,,,,,2024-08-14T15:07:00,,,,0,,,,,,,,,,,,,
2024-08-14 17:00:00,962.0,26.3,96.0,0.4,35.0,2.7,49.0,0.0,,,,,,,,,,,2024-08-14T16:52:00,,,,0,,,,,,,,,,,,,
2024-08-14 18:00:00,962.2,24.4,97.0,0.9,323.0,4.7,311.0,0.0,,,,,,,,,,,2024-08-14T17:48:00,,,,0,,,,,,,,,,,,,
2024-08-14 19:00:00,962.7,24.3,97.0,0.6,327.0,3.6,2.0,0.0,,,,,,,,,,,2024-08-14T18:46:00,,,,0,,,,,,,,,,,,,
2024-08-14 20:00:00,963.3,24.2,96.0,0.6,311.0,3.8,352.0,0.0,,,,,,,,,,,2024-08-14T19:36:00,,,,0,,,,,,,,,,,,,
2024-08-14 21:00:00,963.8,24.3,98.0,1.6,314.0,3.4,8.0,0.0,,,,,,,,,,,2024-08-14T20:21:00,,,,0,,,,,,,,,,,,,
2024-08-14 22:00:00,963.9,24.3,97.0,1.6,315.0,2.5,336.0,0.0,,,,,,,,,,,2024-08-14T21:25:00,,,,0,,,,,,,,,,,,,
2024-08-14 23:00:00,963.3,24.8,89.0,0.5,315.0,2.6,319.0,0.0,,,,,,,,,,,2024-08-14T22:10:00,,,,0,,,,,,,,,,,,,
2024-08-15 00:00:00,963.1,25.4,86.0,0.7,224.0,2.6,208.0,0.0,,,,,,,,,,,2024-08-14T23:31:00,,,,0,,,,,,,,,,,,,
2024-08-15 01:00:00,962.6,25.3,84.0,0.4,161.0,2.2,199.0,0.0,,,,,,,,,,,2024-08-15T00:26:00,,,,0,,,,,,,,,,,,,
2024-08-15 02:00:00,962.4,25.2,85.0,0.7,230.0,2.6,210.0,0.0,,,,,,,,,,,2024-08-15T01:43:00,,,,0,,,,,,,,,,,,,
2024-08-15 03:00:00,961.9,25.0,86.0,0.9,310.0,1.7,302.0,0.0,,,,,,,,,,,2024-08-15T02:44:00,,,,0,,,,,,,,,,,,,
2024-08-15 04:00:00,961.6,24.4,89.0,1.4,341.0,2.1,315.0,0.0,,,,,,,,,,,2024-08-15T03:37:00,,,,0,,,,,,,,,,,,,
2024-08-15 05:00:00,962.0,23.9,92.0,1.3,343.0,2.5,6.0,0.0,,,,,,,,,,,2024-08-15T05:00:00,,,,0,,,,,,,,,,,,,
2024-08-15 06:00:00,962.2,24.2,91.0,0.8,356.0,3.6,6.0,0.0,,,,,,,,,,,2024-08-15T05:38:00,,,,0,,,,,,,,,,,,,
2024-08-15 07:00:00,962.7,26.0,84.0,0.1,0.0,2.5,299.0,0.0,,,,,,,,,,,2024-08-15T06:09:00,,,,0,,,,,,,,,,,,,
2024-08-15 08:00:00,962.7,28.1,84.0,0.8,40.0,2.2,5.0,0.0,,,,,,,,,,,2024-08-15T07:07:00,,,,0,,,,,,,,,,,,,
2024-08-15 09:00:00,962.8,29.8,76.0,0.3,55.0,2.5,65.0,0.0,,,,,,,,,,,2024-08-15T08:32:00,,,,0,,,,,,,,,,,,,
2024-08-15 10:00:00,963.1,31.0,71.0,0.6,63.0,3.5,66.0,0.0,,,,,,,,,,,2024-08-15T09:44:00,,,,0,,,,,,,,,,,,,
2024-08-15 11:00:00,962.6,31.7,68.0,0.0,0.0,2.1,74.0,0.0,,,,,,,,,,,2024-08-15T10:31:00,,,,0,,,,,,,,,,,,,
2024-08-15 12:00:00,961.8,27.7,77.0,1.7,111.0,5.2,108.0,0.0,,,,,,,,,,,2024-08-15T11:57:00,,,,0,,,,,,,,,,,,,
2024-08-15 13:00:00,961.3,27.1,85.0,0.9,119.0,4.8,99.0,0.0,,,,,,,,,,,2024-08-15T12:12:00,,,,0,,,,,,,,,,,,,
2024-08-15 14:00:00,960.8,25.2,80.0,2.5,118.0,4.0,114.0,7.0,,,,,,,,,,,2024-08-15T13:56:00,,,,0,,,,,,,,,,,,,
2024-08-15 15:00:00,960.7,27.3,91.0,0.0,0.0,3.0,118.0,0.0,,,,,,,,,,,2024-08-15T14:01:00,,,,0,,,,,,,,,,,,,
2024-08-15 16:00:00,960.7,27.5,90.0,0.4,41.0,3.2,17.0,0.0,,,,,,,,,,,2024-08-15T16:00:00,,,,0,,,,,,,,,,,,,
2024-08-15 17:00:00,960.8,25.3,95.0,0.2,0.0,2.6,306.0,0.0,,,,,,,,,,,2024-08-15T16:35:00,,,,0,,,,,,,,,,,,,
2024-08-15 18:00:00,961.3,24.2,97.0,0.6,15.0,4.4,305.0,0.0,,,,,,,,,,,2024-08-15T17:29:00,,,,0,,,,,,,,,,,,,
2024-08-15 19:00:00,962.0,23.2,98.0,1.2,324.0,4.4,336.0,0.0,,,,,,,,,,,2024-08-15T18:27:00,,,,0,,,,,,,,,,,,,
2024-08-15 20:00:00,962.5,23.2,99.0,0.8,319.0,3.4,331.0,0.0,,,,,,,,,,,2024-08-15T19:22:00,,,,0,,,,,,,,,,,,,
2024-08-15 21:00:00,962.8,23.4,99.0,1.2,324.0,5.2,335.0,0.0,,,,,,,,,,,2024-08-15T20:15:00,,,,0,,,,,,,,,,,,,
2024-08-15 22:00:00,963.0,23.4,98.0,1.7,316.0,5.5,318.0,0.0,,,,,,,,,,,2024-08-15T21:03:00,,,,0,,,,,,,,,,,,,
2024-08-15 23:00:00,962.7,23.4,98.0,1.3,314.0,3.8,11.0,0.0,,,,,,,,,,,2024-08-15T22:59:00,,,,0,,,,,,,,,,,,,
2024-08-16 00:00:00,962.0,23.5,98.0,1.4,302.0,3.7,238.0,0.0,,,,,,,,,,,2024-08-15T23:10:00,,,,0,,,,,,,,,,,,,
2024-08-16 01:00:00,961.4,23.8,95.0,0.7,196.0,3.5,290.0,0.0,,,,,,,,,,,2024-08-16T00:02:00,,,,0,,,,,,,,,,,,,
2024-08-16 02:00:00,961.4,23.7,97.0,0.3,186.0,2.8,193.0,0.0,,,,,,,,,,,2024-08-16T01:21:00,,,,0,,,,,,,,,,,,,
2024-08-16 03:00:00,961.5,23.6,96.0,0.0,0.0,1.9,140.0,0.0,,,,,,,,,,,2024-08-16T02:29:00,,,,0,,,,,,,,,,,,,
2024-08-16 04:00:00,961.5,23.6,97.0,1.2,322.0,1.6,323.0,0.0,,,,,,,,,,,2024-08-16T03:51:00,,,,0,,,,,,,,,,,,,
2024-08-16 05:00:00,961.5,23.5,96.0,1.0,18.0,2.3,321.0,0.0,,,,,,,,,,,2024-08-16T04:04:00,,,,0,,,,,,,,,,,,,
2024-08-16 06:00:00,961.5,23.2,98.0,0.3,338.0,3.3,34.0,0.0,,,,,,,,,,,2024-08-16T05:32:00,,,,0,,,,,,,,,,,,,
2024-08-16 07:00:00,962.0,23.8,99.0,1.1,56.0,3.2,35.0,0.0,,,,,,,,,,,2024-08-16T06:46:00,,,,0,,,,,,,,,,,,,
2024-08-16 08:00:00,962.2,26.9,90.0,0.7,55.0,3.6,13.0,0.0,,,,,,,,,,,2024-08-16T07:26:00,,,,0,,,,,,,,,,,,,
2024-08-16 09:00:00,962.6,28.9,84.0,0.2,0.0,3.6,31.0,0.0,,,,,,,,,,,2024-08-16T08:39:00,,,,0,,,,,,,,,,,,,
2024-08-16 10:00:00,962.6,29.7,83.0,0.1,0.0,2.9,79.0,0.0,,,,,,,,,,,2024-08-16T09:36:00,,,,0,,,,,,,,,,,,,
2024-08-16 11:00:00,962.7,30.5,79.0,0.8,71.0,4.2,99.0,0.0,,,,,,,,,,,2024-08-16T10:51:00,,,,0,,,,,,,,,,,,,
2024-08-16 12:00:00,962.0,29.6,81.0,0.7,59.0,6.2,109.0,0.0,,,,,,,,,,,2024-08-16T11:41:00,,,,0,,,,,,,,,,,,,
2024-08-16 13:00:00,962.0,26.5,84.0,1.0,105.0,6.1,103.0,0.0,,,,,,,,,,,2024-08-16T12:16:00,,,,0,,,,,,,,,,,,,
2024-08-16 14:00:00,962.0,25.4,98.0,0.9,61.0,5.7,115.0,0.0,,,,,,,,,,,2024-08-16T13:22:00,,,,0,,,,,,,,,,,,,
2024-08-16 15:00:00,961.9,24.9,97.0,0.8,265.0,3.3,63.0,0.5,,,,,,,,,,,2024-08-16T14:08:00,,,,0,,,,,,,,,,,,,
2024-08-16 16:00:00,961.9,23.9,99.0,1.7,262.0,3.3,264.0,3.0,,,,,,,,,,,2024-08-16T15:02:00,,,,0,,,,,,,,,,,,,
2024-08-16 17:00:00,962.1,24.0,99.0,1.5,340.0,2.6,268.0,2.5,,,,,,,,,,,2024-08-16T16:03:00,,,,0,,,,,,,,,,,,,
2024-08-16 18:00:00,962.7,23.6,100.0,0.6,300.0,4.3,74.0,5.5,,,,,,,,,,,2024-08-16T17:38:00,,,,0,,,,,,,,,,,,,
2024-08-16 19:00:00,963.2,23.6,100.0,1.3,274.0,2.8,270.0,3.5,,,,,,,,,,,2024-08-16T18:49:00,,,,0,,,,,,,,,,,,,
2024-08-16 20:00:00,963.3,23.4,100.0,1.4,291.0,3.7,316.0,0.5,,,,,,,,,,,2024-08-16T19:07:00,,,,0,,,,,,,,,,,,,
2024-08-16 21:00:00,963.5,23.4,99.0,1.7,182.0,2.8,187.0,0.0,,,,,,,,,,,2024-08-16T20:53:00,,,,0,,,,,,,,,,,,,
2024-08-16 22:00:00,963.9,23.4,95.0,1.1,209.0,3.1,194.0,0.5,,,,,,,,,,,2024-08-16T21:30:00,,,,0,,,,,,,,,,,,,
2024-08-16 23:00:00,964.1,24.1,92.0,1.2,197.0,2.1,191.0,0.0,,,,,,,,,,,2024-08-16T22:50:00,,,,0,,,,,,,,,,,,,
2024-08-17 00:00:00,963.8,24.4,90.0,0.5,12.0,2.2,211.0,0.0,,,,,,,,,,,2024-08-16T23:04:00,,,,0,,,,,,,,,,,,,
2024-08-17 01:00:00,963.0,24.7,87.0,0.0,0.0,1.6,201.0,0.0,,,,,,,,,,,2024-08-17T00:41:00,,,,0,,,,,,,,,,,,,
2024-08-17 02:00:00,962.4,23.8,93.0,1.5,347.0,2.3,4.0,0.0,,,,,,,,,,,2024-08-17T01:50:00,,,,0,,,,,,,,,,,,,
2024-08-17 03:00:00,961.9,23.5,96.0,1.4,352.0,2.5,3.0,0.0,,,,,,,,,,,2024-08-17T02:48:00,,,,0,,,,,,,,,,,,,
2024-08-17 04:00:00,962.0,23.3,98.0,1.1,334.0,3.1,32.0,0.0,,,,,,,,,,,2024-08-17T03:10:00,,,,0,,,,,,,,,,,,,
2024-08-17 05:00:00,962.6,23.1,97.0,0.4,7.0,3.7,20.0,0.0,,,,,,,,,,,2024-08-17T04:43:00,,,,0,,,,,,,,,,,,,
2024-08-17 06:00:00,962.7,23.5,99.0,0.5,339.0,3.3,9.0,0.0,,,,,,,,,,,2024-08-17T05:48:00,,,,0,,,,,,,,,,,,,
2024-08-17 07:00:00,963.5,24.1,96.0,0.8,5.0,2.7,13.0,0.0,,,,,,,,,,,2024-08-17T06:58:00,,,,0,,,,,,,,,,,,,
2024-08-17 08:00:00,964.0,24.4,95.0,1.1,337.0,3.3,25.0,0.0,,,,,,,,,,,2024-08-17T07:56:00,,,,0,,,,,,,,,,,,,
2024-08-17 09:00:00,964.5,25.3,90.0,1.0,358.0,3.2,328.0,0.0,,,,,,,,,,,2024-08-17T08:19:00,,,,0,,,,,,,,,,,,,
2024-08-17 10:00:00,964.6,26.1,89.0,0.8,19.0,3.2,8.0,0.0,,,,,,,,,,,2024-08-17T09:07:00,,,,0,,,,,,,,,,,,,
2024-08-17 11:00:00,964.6,26.4,92.0,0.0,0.0,3.3,31.0,0.0,,,,,,,,,,,2024-08-17T10:08:00,,,,0,,,,,,,,,,,,,
2024-08-17 12:00:00,964.5,26.5,89.0,0.1,0.0,1.4,192.0,0.0,,,,,,,,,,,2024-08-17T11:36:00,,,,0,,,,,,,,,,,,,
2024-08-17 13:00:00,963.8,27.0,85.0,0.0,0.0,1.6,191.0,0.0,,,,,,,,,,,2024-08-17T12:16:00,,,,0,,,,,,,,,,,,,
2024-08-17 14:00:00,963.7,28.0,88.0,0.0,0.0,1.2,189.0,0.0,,,,,,,,,,,2024-08-17T13:02:00,,,,0,,,,,,,,,,,,,
2024-08-17 15:00:00,963.7,27.2,85.0,0.6,127.0,2.7,114.0,0.0,,,,,,,,,,,2024-08-17T15:00:00,,,,0,,,,,,,,,,,,,
2024-08-17 16:00:00,963.8,26.5,90.0,0.3,141.0,3.0,107.0,0.0,,,,,,,,,,,2024-08-17T15:14:00,,,,0,,,,,,,,,,,,,
2024-08-17 17:00:00,963.9,25.1,90.0,0.9,180.0,1.9,118.0,0.0,,,,,,,,,,,2024-08-17T16:01:00,,,,0,,,,,,,,,,,,,
2024-08-17 18:00:00,964.1,26.2,80.0,0.9,113.0,1.8,77.0,0.0,,,,,,,,,,,2024-08-17T17:42:00,,,,0,,,,,,,,,,,,,
2024-08-17 19:00:00,964.6,25.8,85.0,0.0,0.0,1.0,117.0,0.0,,,,,,,,,,,2024-08-17T18:15:00,,,,0,,,,,,,,,,,,,
2024-08-17 20:00:00,965.1,25.8,85.0,0.9,224.0,1.8,192.0,0.0,,,,,,,,,,,2024-08-17T19:43:00,,,,0,,,,,,,,,,,,,
2024-08-17 21:00:00,965.2,25.3,89.0,1.3,199.0,2.8,201.0,0.0,,,,,,,,,,,2024-08-17T20:27:00,,,,0,,,,,,,,,,,,,
2024-08-17 22:00:00,964.4,24.7,93.0,1.3,309.0,2.7,324.0,0.0,,,,,,,,,,,2024-08-17T21:56:00,,,,0,,,,,,,,,,,,,
2024-08-17 23:00:00,964.1,24.6,95.0,1.1,35.0,4.4,15.0,0.0,,,,,,,,,,,2024-08-17T22:33:00,,,,0,,,,,,,,,,,,,
2024-08-18 00:00:00,963.9,24.2,99.0,1.5,307.0,3.7,308.0,0.0,,,,,,,,,,,2024-08-17T23:04:00,,,,0,,,,,,,,,,,,,
2024-08-18 01:00:00,963.9,24.2,98.0,0.4,326.0,2.6,315.0,0.0,,,,,,,,,,,2024-08-18T00:15:00,,,,0,,,,,,,,,,,,,
2024-08-18 02:00:00,963.2,24.0,98.0,0.5,29.0,3.0,36.0,0.0,,,,,,,,,,,2024-08-18T01:38:00,,,,0,,,,,,,,,,,,,
2024-08-18 03:00:00,962.6,23.9,98.0,1.1,356.0,2.5,34.0,0.0,,,,,,,,,,,2024-08-18T02:26:00,,,,0,,,,,,,,,,,,,
2024-08-18 04:00:00,963.0,23.9,98.0,0.6,352.0,2.7,5.0,0.0,,,,,,,,,,,2024-08-18T03:17:00,,,,0,,,,,,,,,,,,,
2024-08-18 05:00:00,963.2,23.9,97.0,1.6,42.0,4.1,52.0,0.0,,,,,,,,,,,2024-08-18T04:54:00,,,,0,,,,,,,,,,,,,
2024-08-18 06:00:00,963.2,23.8,98.0,1.4,323.0,4.0,334.0,0.0,,,,,,,,,,,2024-08-18T05:33:00,,,,0,,,,,,,,,,,,,
2024-08-18 07:00:00,963.9,24.3,94.0,1.7,316.0,3.1,317.0,0.0,,,,,,,,,,,2024-08-18T06:09:00,,,,0,,,,,,,,,,,,,
2024-08-18 08:00:00,963.9,26.8,88.0,0.5,334.0,2.0,314.0,0.0,,,,,,,,,,,2024-08-18T07:07:00,,,,0,,,,,,,,,,,,,
2024-08-18 09:00:00,964.5,28.6,85.0,0.2,0.0,2.0,36.0,0.0,,,,,,,,,,,2024-08-18T08:10:00,,,,0,,,,,,,,,,,,,
2024-08-18 10:00:00,964.3,29.4,80.0,0.0,0.0,2.4,64.0,0.0,,,,,,,,,,,2024-08-18T09:13:00,,,,0,,,,,,,,,,,,,
2024-08-18 11:00:00,963.2,29.1,83.0,0.0,0.0,1.2,17.0,0.0,,,,,,,,,,,2024-08-18T10:15:00,,,,0,,,,,,,,,,,,,
2024-08-18 12:00:00,962.7,29.6,82.0,0.0,0.0,3.4,104.0,0.0,,,,,,,,,,,2024-08-18T11:26:00,,,,0,,,,,,,,,,,,,
2024-08-18 13:00:00,962.5,28.9,85.0,0.7,87.0,3.3,91.0,0.0,,,,,,,,,,,2024-08-18T12:54:00,,,,0,,,,,,,,,,,,,
2024-08-18 14:00:00,962.0,28.2,86.0,0.8,124.0,4.3,108.0,0.0,,,,,,,,,,,2024-08-18T13:15:00,,,,0,,,,,,,,,,,,,
2024-08-18 15:00:00,962.0,26.1,97.0,2.3,102.0,5.9,109.0,0.0,,,,,,,,,,,2024-08-18T14:52:00,,,,0,,,,,,,,,,,,,
2024-08-18 16:00:00,962.6,26.1,98.0,0.5,106.0,6.1,99.0,0.5,,,,,,,,,,,2024-08-18T15:01:00,,,,0,,,,,,,,,,,,,
2024-08-18 17:00:00,962.8,25.6,99.0,1.5,50.0,4.3,55.0,1.5,,,,,,,,,,,2024-08-18T16:59:00,,,,0,,,,,,,,,,,,,
2024-08-18 18:00:00,963.2,24.0,100.0,1.1,316.0,4.9,53.0,0.0,,,,,,,,,,,2024-08-18T17:06:00,,,,0,,,,,,,,,,,,,
2024-08-18 19:00:00,963.7,23.6,100.0,1.0,314.0,3.4,326.0,0.0,,,,,,,,,,,2024-08-18T19:00:00,,,,0,,,,,,,,,,,,,
2024-08-18 20:00:00,964.1,23.9,100.0,1.3,324.0,5.7,325.0,0.0,,,,,,,,,,,2024-08-18T19:44:00,,,,0,,,,,,,,,,,,,
2024-08-18 21:00:00,964.3,23.4,100.0,0.7,334.0,3.4,333.0,0.0,,,,,,,,,,,2024-08-18T20:12:00,,,,0,,,,,,,,,,,,,
2024-08-18 22:00:00,963.4,24.3,98.0,1.7,182.0,3.8,195.0,0.0,,,,,,,,,,,2024-08-18T21:54:00,,,,0,,,,,,,,,,,,,
2024-08-18 23:00:00,963.2,24.3,100.0,1.1,163.0,4.5,192.0,0.0,,,,,,,,,,,2024-08-18T22:10:00,,,,0,,,,,,,,,,,,,
2024-08-19 00:00:00,963.3,24.1,100.0,0.7,177.0,4.0,186.0,0.5,,,,,,,,,,,2024-08-18T23:16:00,,,,0,,,,,,,,,,,,,
2024-08-19 01:00:00,962.4,23.8,100.0,0.8,326.0,2.0,269.0,0.0,,,,,,,,,,,2024-08-19T00:45:00,,,,0,,,,,,,,,,,,,
2024-08-19 02:00:00,961.1,23.3,100.0,1.2,5.0,2.4,9.0,0.0,,,,,,,,,,,2024-08-19T01:51:00,,,,0,,,,,,,,,,,,,
2024-08-19 03:00:00,960.6,24.1,96.0,1.0,137.0,2.8,31.0,0.0,,,,,,,,,,,2024-08-19T02:08:00,,,,0,,,,,,,,,,,,,
2024-08-19 04:00:00,960.5,23.5,100.0,0.9,350.0,3.1,30.0,0.0,,,,,,,,,,,2024-08-19T03:55:00,,,,0,,,,,,,,,,,,,
2024-08-19 05:00:00,960.9,23.5,100.0,1.2,321.0,3.5,38.0,0.0,,,,,,,,,,,2024-08-19T04:08:00,,,,0,,,,,,,,,,,,,
2024-08-19 06:00:00,961.3,23.3,100.0,0.7,340.0,4.8,57.0,0.0,,,,,,,,,,,2024-08-19T05:12:00,,,,0,,,,,,,,,,,,,
2024-08-19 07:00:00,961.9,23.7,100.0,0.9,334.0,4.9,30.0,0.0,,,,,,,,,,,2024-08-19T06:21:00,,,,0,,,,,,,,,,,,,
2024-08-19 08:00:00,962.6,24.3,97.0,1.3,319.0,3.4,320.0,0.0,,,,,,,,,,,2024-08-19T07:21:00,,,,0,,,,,,,,,,,,,
2024-08-19 09:00:00,962.8,26.8,90.0,0.3,325.0,4.2,308.0,0.0,,,,,,,,,,,2024-08-19T08:04:00,,,,0,,,,,,,,,,,,,
2024-08-19 10:00:00,964.0,27.2,90.0,0.1,0.0,1.3,6.0,0.0,,,,,,,,,,,2024-08-19T09:17:00,,,,0,,,,,,,,,,,,,
2024-08-19 11:00:00,964.0,26.2,90.0,0.2,0.0,1.5,74.0,0.0,,,,,,,,,,,2024-08-19T10:08:00,,,,0,,,,,,,,,,,,,
2024-08-19 12:00:00,963.7,26.3,91.0,0.4,195.0,1.9,186.0,0.0,,,,,,,,,,,2024-08-19T11:34:00,,,,0,,,,,,,,,,,,,
2024-08-19 13:00:00,963.4,25.2,97.0,1.4,187.0,3.0,199.0,0.0,,,,,,,,,,,2024-08-19T12:55:00,,,,0,,,,,,,,,,,,,
2024-08-19 14:00:00,963.2,24.7,98.0,0.8,155.0,2.9,208.0,0.0,,,,,,,,,,,2024-08-19T13:16:00,,,,0,,,,,,,,,,,,,
2024-08-19 15:00:00,962.6,24.0,100.0,1.1,183.0,3.8,223.0,0.0,,,,,,,,,,,2024-08-19T14:35:00,,,,0,,,,,,,,,,,,,
2024-08-19 16:00:00,962.6,24.5,100.0,0.5,152.0,2.8,187.0,0.0,,,,,,,,,,,2024-08-19T15:10:00,,,,0,,,,,,,,,,,,,
2024-08-19 17:00:00,962.7,24.4,100.0,0.2,0.0,2.1,143.0,0.0,,,,,,,,,,,2024-08-19T16:26:00,,,,0,,,,,,,,,,,,,
2024-08-19 18:00:00,962.7,24.9,100.0,0.0,0.0,1.6,96.0,0.0,,,,,,,,,,,2024-08-19T17:22:00,,,,0,,,,,,,,,,,,,
2024-08-19 19:00:00,962.7,24.3,100.0,0.5,250.0,2.5,272.0,0.0,,,,,,,,,,,2024-08-19T18:45:00,,,,0,,,,,,,,,,,,,
2024-08-19 20:00:00,963.3,24.1,100.0,1.2,135.0,2.5,120.0,0.0,,,,,,,,,,,2024-08-19T19:52:00,,,,0,,,,,,,,,,,,,
2024-08-19 21:00:00,963.9,24.5,92.0,1.4,198.0,3.4,204.0,0.0,,,,,,,,,,,2024-08-19T20:59:00,,,,0,,,,,,,,,,,,,
2024-08-19 22:00:00,964.0,25.2,88.0,0.9,149.0,3.7,199.0,0.0,,,,,,,,,,,2024-08-19T21:12:00,,,,0,,,,,,,,,,,,,
2024-08-19 23:00:00,964.0,25.4,81.0,1.4,158.0,2.3,148.0,0.0,,,,,,,,,,,2024-08-19T22:02:00,,,,0,,,,,,,,,,,,,
2024-08-20 00:00:00,963.9,26.0,74.0,1.6,162.0,4.8,189.0,0.0,,,,,,,,,,,2024-08-19T23:25:00,,,,0,,,,,,,,,,,,,
2024-08-20 01:00:00,963.8,26.4,68.0,1.8,185.0,5.3,196.0,0.0,,,,,,,,,,,2024-08-20T00:18:00,,,,0,,,,,,,,,,,,,
2024-08-20 02:00:00,962.7,26.6,67.0,0.9,160.0,4.5,203.0,0.0,,,,,,,,,,,2024-08-20T01:15:00,,,,0,,,,,,,,,,,,,
2024-08-20 03:00:00,962.6,27.5,63.0,0.8,163.0,4.4,199.0,0.0,,,,,,,,,,,2024-08-20T02:33:00,,,,0,,,,,,,,,,,,,
2024-08-20 04:00:00,962.6,26.9,60.0,1.2,158.0,4.0,187.0,0.0,,,,,,,,,,,2024-08-20T03:28:00,,,,0,,,,,,,,,,,,,
2024-08-20 05:00:00,962.5,28.9,51.0,1.1,177.0,3.4,196.0,0.0,,,,,,,,,,,2024-08-20T04:32:00,,,,0,,,,,,,,,,,,,
2024-08-20 06:00:00,963.2,28.0,55.0,2.0,184.0,3.8,188.0,0.0,,,,,,,,,,,2024-08-20T05:55:00,,,,0,,,,,,,,,,,,,
2024-08-20 07:00:00,963.9,26.3,69.0,1.8,153.0,4.4,128.0,0.0,,,,,,,,,,,2024-08-20T06:55:00,,,,0,,,,,,,,,,,,,
2024-08-20 08:00:00,964.4,25.8,83.0,1.1,144.0,3.7,163.0,0.0,,,,,,,,,,,2024-08-20T07:02:00,,,,0,,,,,,,,,,,,,
2024-08-20 09:00:00,965.1,28.7,78.0,0.1,0.0,3.5,118.0,0.0,,,,,,,,,,,2024-08-20T08:37:00,,,,0,,,,,,,,,,,,,
2024-08-20 10:00:00,965.2,28.7,77.0,1.3,171.0,4.5,209.0,0.0,,,,,,,,,,,2024-08-20T09:53:00,,,,0,,,,,,,,,,,,,
2024-08-20 11:00:00,965.1,28.2,83.0,2.1,157.0,6.0,208.0,0.0,,,,,,,,,,,2024-08-20T10:18:00,,,,0,,,,,,,,,,,,,
2024-08-20 12:00:00,964.6,28.7,78.0,2.1,161.0,8.4,191.0,0.0,,,,,,,,,,,2024-08-20T11:38:00,,,,0,,,,,,,,,,,,,
2024-08-20 13:00:00,964.3,29.1,78.0,1.4,155.0,9.0,194.0,0.0,,,,,,,,,,,2024-08-20T12:04:00,,,,0,,,,,,,,,,,,,
2024-08-20 14:00:00,963.8,28.2,71.0,1.9,158.0,6.9,194.0,0.0,,,,,,,,,,,2024-08-20T13:47:00,,,,0,,,,,,,,,,,,,
2024-08-20 15:00:00,963.7,27.5,78.0,1.7,159.0,5.2,179.0,0.0,,,,,,,,,,,2024-08-20T14:58:00,,,,0,,,,,,,,,,,,,
2024-08-20 16:00:00,963.3,26.9,83.0,1.4,159.0,7.6,198.0,0.0,,,,,,,,,,,2024-08-20T15:35:00,,,,0,,,,,,,,,,,,,
2024-08-20 17:00:00,963.9,26.5,84.0,2.4,158.0,8.0,199.0,0.0,,,,,,,,,,,2024-08-20T16:58:00,,,,0,,,,,,,,,,,,,
2024-08-20 18:00:00,964.1,26.1,78.0,2.5,177.0,9.6,198.0,0.0,,,,,,,,,,,2024-08-20T17:11:00,,,,0,,,,,,,,,,,,,
2024-08-20 19:00:00,964.6,27.0,68.0,1.4,151.0,5.9,188.0,0.0,,,,,,,,,,,2024-08-20T18:01:00,,,,0,,,,,,,,,,,,,
2024-08-20 20:00:00,965.2,27.3,64.0,1.8,155.0,4.2,134.0,0.0,,,,,,,,,,,2024-08-20T19:52:00,,,,0,,,,,,,,,,,,,
2024-08-20 21:00:00,965.9,27.9,60.0,0.9,162.0,4.7,189.0,0.0,,,,,,,,,,,2024-08-20T20:39:00,,,,0,,,,,,,,,,,,,
2024-08-20 22:00:00,966.4,26.9,59.0,0.7,157.0,3.9,188.0,0.0,,,,,,,,,,,2024-08-20T21:23:00,,,,0,,,,,,,,,,,,,
2024-08-20 23:00:00,966.5,27.8,56.0,1.3,144.0,3.6,157.0,0.0,,,,,,,,,,,2024-08-20T23:00:00,,,,0,,,,,,,,,,,,,
2024-08-21 00:00:00,966.4,25.6,69.0,0.5,197.0,3.0,187.0,0.0,,,,,,,,,,,2024-08-20T23:31:00,,,,0,,,,,,,,,,,,,
2024-08-21 01:00:00,966.4,25.0,80.0,1.8,357.0,2.4,2.0,0.0,,,,,,,,,,,2024-08-21T00:43:00,,,,0,,,,,,,,,,,,,
2024-08-21 02:00:00,966.3,24.2,86.0,1.5,353.0,2.9,32.0,0.0,,,,,,,,,,,2024-08-21T01:24:00,,,,0,,,,,,,,,,,,,
2024-08-21 03:00:00,966.0,24.1,86.0,1.7,28.0,3.6,353.0,0.0,,,,,,,,,,,2024-08-21T02:45:00,,,,0,,,,,,,,,,,,,
2024-08-21 04:00:00,965.8,25.2,76.0,0.6,188.0,3.1,8.0,0.0,,,,,,,,,,,2024-08-21T03:05:00,,,,0,,,,,,,,,,,,,
2024-08-21 05:00:00,965.7,26.5,61.0,1.1,215.0,3.1,202.0,0.0,,,,,,,,,,,2024-08-21T04:25:00,,,,0,,,,,,,,,,,,,
2024-08-21 06:00:00,965.7,26.9,57.0,0.5,168.0,3.4,194.0,0.0,,,,,,,,,,,2024-08-21T05:30:00,,,,0,,,,,,,,,,,,,
2024-08-21 07:00:00,965.8,27.9,67.0,0.3,40.0,3.0,159.0,0.0,,,,,,,,,,,2024-08-21T06:03:00,,,,0,,,,,,,,,,,,,
2024-08-21 08:00:00,965.9,28.4,69.0,0.8,35.0,3.0,3.0,0.0,,,,,,,,,,,2024-08-21T07:28:00,,,,0,,,,,,,,,,,,,
2024-08-21 09:00:00,966.0,30.0,63.0,0.1,0.0,1.8,41.0,0.0,,,,,,,,,,,2024-08-21T08:07:00,,,,0,,,,,,,,,,,,,
2024-08-21 10:00:00,965.9,32.4,62.0,0.2,0.0,1.8,62.0,0.0,,,,,,,,,,,2024-08-21T09:55:00,,,,0,,,,,,,,,,,,,
2024-08-21 11:00:00,965.9,32.0,67.0,0.9,64.0,3.4,63.0,0.0,,,,,,,,,,,2024-08-21T10:46:00,,,,0,,,,,,,,,,,,,
2024-08-21 12:00:00,965.8,31.8,63.0,0.6,90.0,4.4,72.0,0.0,,,,,,,,,,,2024-08-21T11:08:00,,,,0,,,,,,,,,,,,,
2024-08-21 13:00:00,965.2,31.1,74.0,1.6,72.0,4.8,60.0,0.0,,,,,,,,,,,2024-08-21T12:36:00,,,,0,,,,,,,,,,,,,
2024-08-21 14:00:00,964.3,32.5,68.0,1.8,51.0,5.1,59.0,0.0,,,,,,,,,,,2024-08-21T13:26:00,,,,0,,,,,,,,,,,,,
2024-08-21 15:00:00,963.7,32.1,71.0,1.9,54.0,4.7,44.0,0.0,,,,,,,,,,,2024-08-21T14:16:00,,,,0,,,,,,,,,,,,,
2024-08-21 16:00:00,964.0,33.1,68.0,0.6,30.0,3.6,60.0,0.0,,,,,,,,,,,2024-08-21T15:09:00,,,,0,,,,,,,,,,,,,
2024-08-21 17:00:00,964.0,29.8,78.0,0.5,7.0,2.9,100.0,0.0,,,,,,,,,,,2024-08-21T16:16:00,,,,0,,,,,,,,,,,,,
2024-08-21 18:00:00,964.5,28.5,84.0,0.9,346.0,2.2,27.0,0.0,,,,,,,,,,,2024-08-21T17:55:00,,,,0,,,,,,,,,,,,,
2024-08-21 19:00:00,965.2,26.7,91.0,1.1,355.0,3.5,49.0,0.0,,,,,,,,,,,2024-08-21T18:46:00,,,,0,,,,,,,,,,,,,
2024-08-21 20:00:00,965.9,25.8,90.0,0.5,319.0,3.4,37.0,0.0,,,,,,,,,,,2024-08-21T19:10:00,,,,0,,,,,,,,,,,,,
2024-08-21 21:00:00,966.5,26.2,87.0,1.4,10.0,4.1,350.0,0.0,,,,,,,,,,,2024-08-21T20:26:00,,,,0,,,,,,,,,,,,,
2024-08-21 22:00:00,966.7,25.9,88.0,0.9,14.0,4.1,25.0,0.0,,,,,,,,,,,2024-08-21T21:55:00,,,,0,,,,,,,,,,,,,
2024-08-21 23:00:00,967.0,25.4,92.0,0.7,322.0,3.6,324.0,0.0,,,,,,,,,,,2024-08-21T22:12:00,,,,0,,,,,,,,,,,,,
2024-08-22 00:00:00,967.1,25.2,92.0,1.5,340.0,3.7,308.0,0.0,,,,,,,,,,,2024-08-21T23:04:00,,,,0,,,,,,,,,,,,,
2024-08-22 01:00:00,966.5,25.3,89.0,1.5,304.0,2.9,332.0,0.0,,,,,,,,,,,2024-08-22T00:30:00,,,,0,,,,,,,,,,,,,
2024-08-22 02:00:00,966.4,25.3,80.0,1.0,317.0,2.6,316.0,0.0,,,,,,,,,,,2024-08-22T01:19:00,,,,0,,,,,,,,,,,,,
2024-08-22 03:00:00,965.8,25.8,80.0,0.6,72.0,2.2,165.0,0.0,,,,,,,,,,,2024-08-22T02:19:00,,,,0,,,,,,,,,,,,,
2024-08-22 04:00:00,965.7,24.9,77.0,1.4,309.0,2.0,323.0,0.0,,,,,,,,,,,2024-08-22T03:50:00,,,,0,,,,,,,,,,,,,
2024-08-22 05:00:00,965.8,24.6,81.0,1.7,312.0,2.4,311.0,0.0,,,,,,,,,,,2024-08-22T04:59:00,,,,0,,,,,,,,,,,,,
2024-08-22 06:00:00,966.0,24.6,82.0,1.1,348.0,2.7,338.0,0.0,,,,,,,,,,,2024-08-22T05:30:00,,,,0,,,,,,,,,,,,,
2024-08-22 07:00:00,966.4,25.3,77.0,2.0,334.0,4.3,230.0,0.0,,,,,,,,,,,2024-08-22T06:57:00,,,,0,,,,,,,,,,,,,
2024-08-22 08:00:00,966.7,28.1,78.0,1.0,40.0,3.4,1.0,0.0,,,,,,,,,,,2024-08-22T07:15:00,,,,0,,,,,,,,,,,,,
2024-08-22 09:00:00,967.1,30.4,78.0,0.4,91.0,3.2,38.0,0.0,,,,,,,,,,,2024-08-22T08:05:00,,,,0,,,,,,,,,,,,,
2024-08-22 10:00:00,967.1,30.8,70.0,0.3,97.0,2.3,22.0,0.0,,,,,,,,,,,2024-08-22T09:55:00,,,,0,,,,,,,,,,,,,
2024-08-22 11:00:00,967.1,27.9,88.0,1.3,111.0,4.1,76.0,0.0,,,,,,,,,,,2024-08-22T10:56:00,,,,0,,,,,,,,,,,,,
2024-08-22 12:00:00,966.9,29.8,80.0,0.8,124.0,5.4,119.0,0.0,,,,,,,,,,,2024-08-22T11:48:00,,,,0,,,,,,,,,,,,,
2024-08-22 13:00:00,966.4,29.7,77.0,0.3,144.0,3.9,107.0,0.0,,,,,,,,,,,2024-08-22T12:27:00,,,,0,,,,,,,,,,,,,
2024-08-22 14:00:00,966.3,28.3,82.0,0.4,137.0,4.5,113.0,0.0,,,,,,,,,,,2024-08-22T13:16:00,,,,0,,,,,,,,,,,,,
2024-08-22 15:00:00,965.7,28.9,82.0,0.3,173.0,3.0,139.0,0.0,,,,,,,,,,,2024-08-22T14:01:00,,,,0,,,,,,,,,,,,,
2024-08-22 16:00:00,965.3,28.5,86.0,0.0,0.0,3.2,138.0,0.0,,,,,,,,,,,2024-08-22T15:38:00,,,,0,,,,,,,,,,,,,
2024-08-22 17:00:00,965.2,27.6,86.0,0.0,0.0,2.6,191.0,0.0,,,,,,,,,,,2024-08-22T16:17:00,,,,0,,,,,,,,,,,,,
2024-08-22 18:00:00,965.8,26.5,91.0,0.9,139.0,2.4,148.0,0.0,,,,,,,,,,,2024-08-22T17:55:00,,,,0,,,,,,,,,,,,,
2024-08-22 19:00:00,966.5,25.8,95.0,0.9,131.0,2.8,119.0,0.0,,,,,,,,,,,2024-08-22T18:50:00,,,,0,,,,,,,,,,,,,
2024-08-22 20:00:00,967.0,25.9,97.0,0.8,139.0,3.0,132.0,0.0,,,,,,,,,,,2024-08-22T19:10:00,,,,0,,,,,,,,,,,,,
2024-08-22 21:00:00,967.6,25.9,98.0,0.2,0.0,2.6,151.0,0.0,,,,,,,,,,,2024-08-22T20:10:00,,,,0,,,,,,,,,,,,,
2024-08-22 22:00:00,967.8,25.7,97.0,0.4,162.0,1.7,188.0,0.0,,,,,,,,,,,2024-08-22T21:28:00,,,,0,,,,,,,,,,,,,
2024-08-22 23:00:00,967.7,25.2,97.0,0.8,177.0,1.8,185.0,0.0,,,,,,,,,,,2024-08-22T22:02:00,,,,0,,,,,,,,,,,,,
2024-08-23 00:00:00,967.7,25.5,96.0,0.9,189.0,2.0,183.0,0.0,,,,,,,,,,,2024-08-22T23:04:00,,,,0,,,,,,,,,,,,,
2024-08-23 01:00:00,967.2,25.5,97.0,0.7,168.0,2.9,191.0,0.0,,,,,,,,,,,2024-08-23T00:23:00,,,,0,,,,,,,,,,,,,
2024-08-23 02:00:00,966.9,25.2,92.0,1.2,187.0,2.9,188.0,0.0,,,,,,,,,,,2024-08-23T01:52:00,,,,0,,,,,,,,,,,,,
2024-08-23 03:00:00,966.5,25.4,91.0,1.1,181.0,2.6,205.0,0.0,,,,,,,,,,,2024-08-23T02:02:00,,,,0,,,,,,,,,,,,,
2024-08-23 04:00:00,966.4,25.3,90.0,0.4,180.0,2.8,199.0,0.0,,,,,,,,,,,2024-08-23T03:19:00,,,,0,,,,,,,,,,,,,
2024-08-23 05:00:00,966.4,24.7,92.0,0.4,196.0,2.3,210.0,0.0,,,,,,,,,,,2024-08-23T04:29:00,,,,0,,,,,,,,,,,,,
2024-08-23 06:00:00,967.0,25.3,90.0,0.7,266.0,2.1,204.0,0.0,,,,,,,,,,,2024-08-23T05:03:00,,,,0,,,,,,,,,,,,,
2024-08-23 07:00:00,967.3,25.9,89.0,0.8,343.0,1.9,360.0,0.0,,,,,,,,,,,2024-08-23T06:50:00,,,,0,,,,,,,,,,,,,
2024-08-23 08:00:00,967.1,27.1,86.0,0.3,26.0,1.6,68.0,0.0,,,,,,,,,,,2024-08-23T07:42:00,,,,0,,,,,,,,,,,,,
2024-08-23 09:00:00,967.1,31.0,76.0,0.0,0.0,1.5,6.0,0.0,,,,,,,,,,,2024-08-23T08:03:00,,,,0,,,,,,,,,,,,,
2024-08-23 10:00:00,967.1,30.7,76.0,0.5,95.0,2.9,101.0,0.0,,,,,,,,,,,2024-08-23T09:41:00,,,,0,,,,,,,,,,,,,
2024-08-23 11:00:00,967.0,27.8,85.0,1.1,86.0,5.8,119.0,0.0,,,,,,,,,,,2024-08-23T10:53:00,,,,0,,,,,,,,,,,,,
2024-08-23 12:00:00,966.9,30.7,79.0,1.1,69.0,5.3,91.0,0.0,,,,,,,,,,,2024-08-23T11:33:00,,,,0,,,,,,,,,,,,,
2024-08-23 13:00:00,966.4,28.9,79.0,1.5,74.0,5.4,65.0,0.0,,,,,,,,,,,2024-08-23T12:09:00,,,,0,,,,,,,,,,,,,
2024-08-23 14:00:00,965.9,28.3,87.0,1.4,71.0,5.5,44.0,0.0,,,,,,,,,,,2024-08-23T13:19:00,,,,0,,,,,,,,,,,,,
2024-08-23 15:00:00,965.6,27.3,91.0,1.6,73.0,6.5,69.0,0.0,,,,,,,,,,,2024-08-23T14:56:00,,,,0,,,,,,,,,,,,,
2024-08-23 16:00:00,965.8,26.3,92.0,1.6,83.0,6.4,103.0,0.0,,,,,,,,,,,2024-08-23T15:07:00,,,,0,,,,,,,,,,,,,
2024-08-23 17:00:00,965.8,26.4,95.0,0.9,49.0,4.9,51.0,0.0,,,,,,,,,,,2024-08-23T16:08:00,,,,0,,,,,,,,,,,,,
2024-08-23 18:00:00,966.4,26.0,95.0,1.7,49.0,4.2,64.0,0.0,,,,,,,,,,,2024-08-23T17:27:00,,,,0,,,,,,,,,,,,,
2024-08-23 19:00:00,966.6,25.1,96.0,1.3,50.0,4.9,55.0,0.0,,,,,,,,,,,2024-08-23T18:02:00,,,,0,,,,,,,,,,,,,
2024-08-23 20:00:00,967.0,25.3,97.0,0.5,302.0,3.0,65.0,0.0,,,,,,,,,,,2024-08-23T19:01:00,,,,0,,,,,,,,,,,,,
2024-08-23 21:00:00,967.7,24.8,99.0,1.7,59.0,3.1,62.0,0.0,,,,,,,,,,,2024-08-23T20:38:00,,,,0,,,,,,,,,,,,,
2024-08-23 22:00:00,967.7,24.8,98.0,0.0,0.0,1.9,39.0,0.0,,,,,,,,,,,2024-08-23T21:10:00,,,,0,,,,,,,,,,,,,
2024-08-23 23:00:00,967.7,24.4,98.0,0.3,17.0,2.1,56.0,0.0,,,,,,,,,,,2024-08-23T22:01:00,,,,0,,,,,,,,,,,,,
2024-08-24 00:00:00,967.1,24.7,98.0,0.3,329.0,3.3,8.0,0.0,,,,,,,,,,,2024-08-23T23:49:00,,,,0,,,,,,,,,,,,,
2024-08-24 01:00:00,966.5,24.3,98.0,0.7,351.0,3.5,14.0,0.0,,,,,,,,,,,2024-08-24T00:12:00,,,,0,,,,,,,,,,,,,
2024-08-24 02:00:00,965.9,24.5,95.0,1.4,307.0,4.3,17.0,0.0,,,,,,,,,,,2024-08-24T01:01:00,,,,0,,,,,,,,,,,,,
2024-08-24 03:00:00,965.9,24.5,92.0,1.5,308.0,2.8,309.0,0.0,,,,,,,,,,,2024-08-24T02:24:00,,,,0,,,,,,,,,,,,,
2024-08-24 04:00:00,965.9,23.8,93.0,1.8,308.0,3.2,307.0,0.0,,,,,,,,,,,2024-08-24T03:02:00,,,,0,,,,,,,,,,,,,
2024-08-24 05:00:00,966.0,23.8,91.0,0.7,346.0,4.3,336.0,0.0,,,,,,,,,,,2024-08-24T04:22:00,,,,0,,,,,,,,,,,,,
2024-08-24 06:00:00,966.5,23.6,91.0,0.5,32.0,3.0,4.0,0.0,,,,,,,,,,,2024-08-24T05:29:00,,,,0,,,,,,,,,,,,,
2024-08-24 07:00:00,966.6,24.9,86.0,0.7,317.0,3.9,306.0,0.0,,,,,,,,,,,2024-08-24T06:20:00,,,,0,,,,,,,,,,,,,
2024-08-24 08:00:00,967.0,27.7,80.0,0.2,0.0,3.1,11.0,0.0,,,,,,,,,,,2024-08-24T07:36:00,,,,0,,,,,,,,,,,,,
2024-08-24 09:00:00,967.1,30.3,74.0,0.6,69.0,3.4,48.0,0.0,,,,,,,,,,,2024-08-24T08:23:00,,,,0,,,,,,,,,,,,,
2024-08-24 10:00:00,967.1,32.5,73.0,0.3,76.0,2.4,52.0,0.0,,,,,,,,,,,2024-08-24T09:01:00,,,,0,,,,,,,,,,,,,
2024-08-24 11:00:00,967.0,31.6,76.0,0.6,79.0,2.9,59.0,0.0,,,,,,,,,,,2024-08-24T10:33:00,,,,0,,,,,,,,,,,,,
2024-08-24 12:00:00,966.4,31.9,68.0,1.1,59.0,3.8,103.0,0.0,,,,,,,,,,,2024-08-24T11:06:00,,,,0,,,,,,,,,,,,,
2024-08-24 13:00:00,966.0,29.6,83.0,1.3,75.0,5.9,110.0,0.0,,,,,,,,,,,2024-08-24T12:34:00,,,,0,,,,,,,,,,,,,
2024-08-24 14:00:00,965.7,27.9,86.0,1.7,93.0,6.6,97.0,0.0,,,,,,,,,,,2024-08-24T13:59:00,,,,0,,,,,,,,,,,,,
2024-08-24 15:00:00,965.8,25.9,89.0,0.9,243.0,6.6,106.0,0.0,,,,,,,,,,,2024-08-24T14:01:00,,,,0,,,,,,,,,,,,,
2024-08-24 16:00:00,965.2,25.8,93.0,1.1,244.0,4.2,124.0,0.0,,,,,,,,,,,2024-08-24T15:04:00,,,,0,,,,,,,,,,,,,
2024-08-24 17:00:00,965.4,27.8,82.0,0.3,312.0,2.4,255.0,0.0,,,,,,,,,,,2024-08-24T16:06:00,,,,0,,,,,,,,,,,,,
2024-08-24 18:00:00,965.4,25.6,93.0,0.8,33.0,2.6,314.0,0.0,,,,,,,,,,,2024-08-24T17:16:00,,,,0,,,,,,,,,,,,,
2024-08-24 19:00:00,965.7,24.9,92.0,0.5,323.0,2.8,333.0,0.0,,,,,,,,,,,2024-08-24T18:21:00,,,,0,,,,,,,,,,,,,
2024-08-24 20:00:00,965.9,24.4,90.0,1.4,40.0,3.2,35.0,0.0,,,,,,,,,,,2024-08-24T19:46:00,,,,0,,,,,,,,,,,,,
2024-08-24 21:00:00,966.4,24.8,93.0,1.0,330.0,2.4,249.0,0.0,,,,,,,,,,,2024-08-24T20:54:00,,,,0,,,,,,,,,,,,,
2024-08-24 22:00:00,966.4,23.8,89.0,0.3,347.0,3.9,37.0,0.0,,,,,,,,,,,2024-08-24T21:21:00,,,,0,,,,,,,,,,,,,
2024-08-24 23:00:00,966.4,24.4,92.0,0.5,316.0,2.9,56.0,0.0,,,,,,,,,,,2024-08-24T22:43:00,,,,0,,,,,,,,,,,,,
2024-08-25 00:00:00,965.9,24.2,91.0,1.3,311.0,3.2,34.0,0.0,,,,,,,,,,,2024-08-24T23:12:00,,,,0,,,,,,,,,,,,,
2024-08-25 01:00:00,965.8,24.0,93.0,1.2,339.0,2.8,273.0,0.0,,,,,,,,,,,2024-08-25T00:33:00,,,,0,,,,,,,,,,,,,
2024-08-25 02:00:00,965.1,24.5,89.0,1.1,271.0,2.5,336.0,0.0,,,,,,,,,,,2024-08-25T01:07:00,,,,0,,,,,,,,,,,,,
2024-08-25 03:00:00,964.6,25.0,87.0,0.9,228.0,1.6,257.0,0.0,,,,,,,,,,,2024-08-25T02:22:00,,,,0,,,,,,,,,,,,,
2024-08-25 04:00:00,964.5,24.8,86.0,0.9,359.0,1.6,202.0,0.0,,,,,,,,,,,2024-08-25T03:16:00,,,,0,,,,,,,,,,,,,
2024-08-25 05:00:00,964.7,24.4,88.0,1.2,313.0,2.2,313.0,0.0,,,,,,,,,,,2024-08-25T04:49:00,,,,0,,,,,,,,,,,,,
2024-08-25 06:00:00,965.2,23.6,90.0,1.7,323.0,2.9,294.0,0.0,,,,,,,,,,,2024-08-25T05:24:00,,,,0,,,,,,,,,,,,,
2024-08-25 07:00:00,965.8,24.7,82.0,1.8,324.0,3.5,323.0,0.0,,,,,,,,,,,2024-08-25T06:57:00,,,,0,,,,,,,,,,,,,
2024-08-25 08:00:00,965.7,27.7,76.0,0.5,46.0,2.8,34.0,0.0,,,,,,,,,,,2024-08-25T07:50:00,,,,0,,,,,,,,,,,,,
2024-08-25 09:00:00,965.9,29.9,75.0,0.0,0.0,2.1,36.0,0.0,,,,,,,,,,,2024-08-25T08:48:00,,,,0,,,,,,,,,,,,,
2024-08-25 10:00:00,965.8,30.2,71.0,0.0,0.0,1.7,77.0,0.0,,,,,,,,,,,2024-08-25T09:04:00,,,,0,,,,,,,,,,,,,
2024-08-25 11:00:00,965.6,30.4,76.0,0.3,67.0,2.4,118.0,0.0,,,,,,,,,,,2024-08-25T10:43:00,,,,0,,,,,,,,,,,,,
2024-08-25 12:00:00,965.3,28.2,85.0,0.7,102.0,4.7,100.0,0.0,,,,,,,,,,,2024-08-25T11:45:00,,,,0,,,,,,,,,,,,,
2024-08-25 13:00:00,965.0,28.8,79.0,0.4,129.0,5.0,118.0,0.0,,,,,,,,,,,2024-08-25T12:32:00,,,,0,,,,,,,,,,,,,
2024-08-25 14:00:00,964.4,28.6,81.0,0.1,0.0,3.7,130.0,0.0,,,,,,,,,,,2024-08-25T13:20:00,,,,0,,,,,,,,,,,,,
2024-08-25 15:00:00,963.9,29.0,77.0,0.4,203.0,3.8,114.0,0.0,,,,,,,,,,,2024-08-25T14:28:00,,,,0,,,,,,,,,,,,,
2024-08-25 16:00:00,963.8,27.8,79.0,1.3,98.0,2.9,100.0,0.0,,,,,,,,,,,2024-08-25T16:00:00,,,,0,,,,,,,,,,,,,
2024-08-25 17:00:00,963.9,25.8,95.0,1.4,52.0,3.6,32.0,0.0,,,,,,,,,,,2024-08-25T16:52:00,,,,0,,,,,,,,,,,,,
2024-08-25 18:00:00,964.1,24.1,98.0,1.6,306.0,3.0,318.0,0.0,,,,,,,,,,,2024-08-25T17:48:00,,,,0,,,,,,,,,,,,,
2024-08-25 19:00:00,964.1,23.9,98.0,1.2,332.0,2.4,312.0,0.0,,,,,,,,,,,2024-08-25T18:04:00,,,,0,,,,,,,,,,,,,
2024-08-25 20:00:00,964.5,24.8,93.0,0.6,277.0,2.4,3.0,0.0,,,,,,,,,,,2024-08-25T19:02:00,,,,0,,,,,,,,,,,,,
2024-08-25 21:00:00,965.2,24.9,90.0,0.5,231.0,2.2,271.0,0.0,,,,,,,,,,,2024-08-25T20:35:00,,,,0,,,,,,,,,,,,,
2024-08-25 22:00:00,965.3,24.5,92.0,1.2,355.0,2.1,31.0,0.0,,,,,,,,,,,2024-08-25T21:27:00,,,,0,,,,,,,,,,,,,
2024-08-25 23:00:00,965.4,24.0,96.0,1.2,318.0,2.3,324.0,0.0,,,,,,,,,,,2024-08-25T22:44:00,,,,0,,,,,,,,,,,,,
2024-08-26 00:00:00,964.8,23.8,95.0,1.0,342.0,2.6,329.0,0.0,,,,,,,,,,,2024-08-25T23:24:00,,,,0,,,,,,,,,,,,,
2024-08-26 01:00:00,963.9,23.9,96.0,0.5,339.0,3.0,36.0,0.0,,,,,,,,,,,2024-08-26T00:11:00,,,,0,,,,,,,,,,,,,
2024-08-26 02:00:00,963.3,23.9,92.0,1.3,309.0,2.5,5.0,0.0,,,,,,,,,,,2024-08-26T01:13:00,,,,0,,,,,,,,,,,,,
2024-08-26 03:00:00,962.7,24.4,89.0,1.0,298.0,2.2,188.0,0.0,,,,,,,,,,,2024-08-26T02:18:00,,,,0,,,,,,,,,,,,,
2024-08-26 04:00:00,962.8,24.1,90.0,1.6,312.0,2.1,307.0,0.0,,,,,,,,,,,2024-08-26T03:56:00,,,,0,,,,,,,,,,,,,
2024-08-26 05:00:00,962.7,23.9,90.0,1.2,278.0,1.7,315.0,0.0,,,,,,,,,,,2024-08-26T04:13:00,,,,0,,,,,,,,,,,,,
2024-08-26 06:00:00,962.9,24.6,85.0,0.4,162.0,1.7,202.0,0.0,,,,,,,,,,,2024-08-26T05:48:00,,,,0,,,,,,,,,,,,,
2024-08-26 07:00:00,963.3,26.3,85.0,0.1,0.0,2.0,203.0,0.0,,,,,,,,,,,2024-08-26T06:11:00,,,,0,,,,,,,,,,,,,
2024-08-26 08:00:00,963.4,28.6,82.0,0.0,0.0,1.8,205.0,0.0,,,,,,,,,,,2024-08-26T07:17:00,,,,0,,,,,,,,,,,,,
2024-08-26 09:00:00,963.9,30.0,74.0,0.0,0.0,1.3,127.0,0.0,,,,,,,,,,,2024-08-26T08:07:00,,,,0,,,,,,,,,,,,,
2024-08-26 10:00:00,963.9,31.7,71.0,0.2,0.0,1.4,92.0,0.0,,,,,,,,,,,2024-08-26T09:49:00,,,,0,,,,,,,,,,,,,
2024-08-26 11:00:00,963.8,31.5,70.0,0.3,137.0,2.2,95.0,0.0,,,,,,,,,,,2024-08-26T10:50:00,,,,0,,,,,,,,,,,,,
2024-08-26 12:00:00,963.5,29.7,75.0,0.4,142.0,3.5,101.0,0.0,,,,,,,,,,,2024-08-26T11:46:00,,,,0,,,,,,,,,,,,,
2024-08-26 13:00:00,962.7,29.7,73.0,0.2,0.0,3.0,142.0,0.0,,,,,,,,,,,2024-08-26T12:26:00,,,,0,,,,,,,,,,,,,
2024-08-26 14:00:00,962.4,29.0,73.0,0.6,121.0,3.9,107.0,0.0,,,,,,,,,,,2024-08-26T14:00:00,,,,0,,,,,,,,,,,,,
2024-08-26 15:00:00,962.0,29.1,77.0,0.3,131.0,4.1,99.0,0.0,,,,,,,,,,,2024-08-26T14:28:00,,,,0,,,,,,,,,,,,,
2024-08-26 16:00:00,961.9,28.2,77.0,0.9,136.0,4.0,111.0,0.0,,,,,,,,,,,2024-08-26T15:06:00,,,,0,,,,,,,,,,,,,
2024-08-26 17:00:00,962.0,27.4,80.0,1.0,103.0,3.2,121.0,0.0,,,,,,,,,,,2024-08-26T16:33:00,,,,0,,,,,,,,,,,,,
2024-08-26 18:00:00,962.0,26.2,87.0,1.2,85.0,3.2,97.0,0.0,,,,,,,,,,,2024-08-26T17:31:00,,,,0,,,,,,,,,,,,,
2024-08-26 19:00:00,962.8,26.0,88.0,0.7,112.0,2.4,116.0,0.0,,,,,,,,,,,2024-08-26T18:22:00,,,,0,,,,,,,,,,,,,
2024-08-26 20:00:00,963.5,26.3,88.0,0.6,37.0,1.5,53.0,0.0,,,,,,,,,,,2024-08-26T19:59:00,,,,0,,,,,,,,,,,,,
2024-08-26 21:00:00,963.9,25.9,89.0,1.0,46.0,1.9,30.0,0.0,,,,,,,,,,,2024-08-26T20:48:00,,,,0,,,,,,,,,,,,,
2024-08-26 22:00:00,963.8,25.7,92.0,1.5,58.0,2.1,57.0,0.0,,,,,,,,,,,2024-08-26T21:58:00,,,,0,,,,,,,,,,,,,
2024-08-26 23:00:00,963.8,25.3,92.0,0.9,35.0,2.4,56.0,0.0,,,,,,,,,,,2024-08-26T22:03:00,,,,0,,,,,,,,,,,,,
2024-08-27 00:00:00,963.2,24.8,90.0,1.1,309.0,1.9,320.0,0.0,,,,,,,,,,,2024-08-26T23:11:00,,,,0,,,,,,,,,,,,,
2024-08-27 01:00:00,962.5,24.9,91.0,0.0,0.0,1.6,320.0,0.0,,,,,,,,,,,2024-08-27T00:18:00,,,,0,,,,,,,,,,,,,
2024-08-27 02:00:00,961.4,25.1,89.0,0.6,189.0,1.7,275.0,0.0,,,,,,,,,,,2024-08-27T01:30:00,,,,0,,,,,,,,,,,,,
2024-08-27 03:00:00,961.3,25.0,85.0,0.0,0.0,2.7,202.0,0.0,,,,,,,,,,,2024-08-27T02:32:00,,,,0,,,,,,,,,,,,,
2024-08-27 04:00:00,961.3,24.7,88.0,0.6,190.0,2.1,207.0,0.0,,,,,,,,,,,2024-08-27T03:20:00,,,,0,,,,,,,,,,,,,
2024-08-27 05:00:00,961.4,24.8,90.0,1.0,199.0,2.3,198.0,0.0,,,,,,,,,,,2024-08-27T04:46:00,,,,0,,,,,,,,,,,,,
2024-08-27 06:00:00,961.9,25.0,93.0,0.0,0.0,1.8,210.0,0.0,,,,,,,,,,,2024-08-27T05:27:00,,,,0,,,,,,,,,,,,,
2024-08-27 07:00:00,962.6,25.6,89.0,0.4,318.0,1.7,311.0,0.0,,,,,,,,,,,2024-08-27T06:14:00,,,,0,,,,,,,,,,,,,
2024-08-27 08:00:00,963.1,27.3,85.0,0.2,0.0,1.8,350.0,0.0,,,,,,,,,,,2024-08-27T07:36:00,,,,0,,,,,,,,,,,,,
2024-08-27 09:00:00,962.7,30.7,72.0,0.0,0.0,2.0,97.0,0.0,,,,,,,,,,,2024-08-27T08:36:00,,,,0,,,,,,,,,,,,,
2024-08-27 10:00:00,962.5,31.2,67.0,0.4,94.0,2.0,40.0,0.0,,,,,,,,,,,2024-08-27T09:32:00,,,,0,,,,,,,,,,,,,
2024-08-27 11:00:00,961.9,29.7,74.0,1.0,107.0,4.2,100.0,0.0,,,,,,,,,,,2024-08-27T10:55:00,,,,0,,,,,,,,,,,,,
2024-08-27 12:00:00,961.3,28.4,84.0,1.5,95.0,5.3,93.0,0.0,,,,,,,,,,,2024-08-27T11:56:00,,,,0,,,,,,,,,,,,,
2024-08-27 13:00:00,960.7,29.8,80.0,1.0,47.0,4.4,107.0,0.0,,,,,,,,,,,2024-08-27T12:05:00,,,,0,,,,,,,,,,,,,
2024-08-27 14:00:00,960.1,30.3,79.0,0.9,57.0,4.3,76.0,0.0,,,,,,,,,,,2024-08-27T13:47:00,,,,0,,,,,,,,,,,,,
2024-08-27 15:00:00,959.8,30.0,79.0,0.8,55.0,4.5,59.0,0.0,,,,,,,,,,,2024-08-27T14:09:00,,,,0,,,,,,,,,,,,,
2024-08-27 16:00:00,959.4,27.6,86.0,1.3,92.0,3.8,104.0,0.0,,,,,,,,,,,2024-08-27T15:55:00,,,,0,,,,,,,,,,,,,
2024-08-27 17:00:00,959.5,28.3,84.0,1.2,50.0,3.3,39.0,0.0,,,,,,,,,,,2024-08-27T16:31:00,,,,0,,,,,,,,,,,,,
2024-08-27 18:00:00,959.4,26.1,93.0,1.1,97.0,4.0,38.0,0.0,,,,,,,,,,,2024-08-27T17:01:00,,,,0,,,,,,,,,,,,,
2024-08-27 19:00:00,960.1,25.7,94.0,1.3,57.0,2.7,76.0,0.0,,,,,,,,,,,2024-08-27T18:09:00,,,,0,,,,,,,,,,,,,
2024-08-27 20:00:00,960.7,25.7,95.0,1.1,47.0,1.7,48.0,0.0,,,,,,,,,,,2024-08-27T19:30:00,,,,0,,,,,,,,,,,,,
2024-08-27 21:00:00,961.3,25.5,96.0,0.0,0.0,2.4,55.0,0.0,,,,,,,,,,,2024-08-27T20:08:00,,,,0,,,,,,,,,,,,,
2024-08-27 22:00:00,961.2,25.6,96.0,0.0,0.0,1.8,55.0,0.0,,,,,,,,,,,2024-08-27T21:14:00,,,,0,,,,,,,,,,,,,
2024-08-27 23:00:00,960.7,25.5,97.0,1.8,207.0,2.3,209.0,0.0,,,,,,,,,,,2024-08-27T22:41:00,,,,0,,,,,,,,,,,,,
2024-08-28 00:00:00,960.6,25.3,96.0,1.3,205.0,2.6,206.0,0.0,,,,,,,,,,,2024-08-27T23:43:00,,,,0,,,,,,,,,,,,,
2024-08-28 01:00:00,960.1,25.4,96.0,0.7,182.0,2.2,203.0,0.0,,,,,,,,,,,2024-08-28T00:49:00,,,,0,,,,,,,,,,,,,
2024-08-28 02:00:00,959.5,25.1,95.0,1.7,203.0,2.5,207.0,0.0,,,,,,,,,,,2024-08-28T01:51:00,,,,0,,,,,,,,,,,,,
2024-08-28 03:00:00,959.3,25.2,93.0,0.6,192.0,2.5,185.0,0.0,,,,,,,,,,,2024-08-28T02:14:00,,,,0,,,,,,,,,,,,,
2024-08-28 04:00:00,958.9,25.1,90.0,0.1,0.0,1.3,267.0,0.0,,,,,,,,,,,2024-08-28T03:35:00,,,,0,,,,,,,,,,,,,
2024-08-28 05:00:00,959.3,25.1,89.0,1.9,311.0,2.5,303.0,0.0,,,,,,,,,,,2024-08-28T04:58:00,,,,0,,,,,,,,,,,,,
2024-08-28 06:00:00,959.6,25.0,75.0,1.3,323.0,2.5,29.0,0.0,,,,,,,,,,,2024-08-28T05:34:00,,,,0,,,,,,,,,,,,,
2024-08-28 07:00:00,960.1,27.8,68.0,0.5,317.0,2.2,6.0,0.0,,,,,,,,,,,2024-08-28T06:14:00,,,,0,,,,,,,,,,,,,
2024-08-28 08:00:00,960.7,29.8,77.0,1.0,46.0,2.2,328.0,0.0,,,,,,,,,,,2024-08-28T07:32:00,,,,0,,,,,,,,,,,,,
2024-08-28 09:00:00,960.8,32.0,67.0,0.9,55.0,3.0,5.0,0.0,,,,,,,,,,,2024-08-28T08:34:00,,,,0,,,,,,,,,,,,,
2024-08-28 10:00:00,960.8,32.6,66.0,0.1,0.0,2.6,70.0,0.0,,,,,,,,,,,2024-08-28T09:29:00,,,,0,,,,,,,,,,,,,
2024-08-28 11:00:00,960.7,32.7,67.0,1.0,108.0,3.5,88.0,0.0,,,,,,,,,,,2024-08-28T10:55:00,,,,0,,,,,,,,,,,,,
2024-08-28 12:00:00,960.0,32.6,69.0,0.2,0.0,3.8,118.0,0.0,,,,,,,,,,,2024-08-28T11:07:00,,,,0,,,,,,,,,,,,,
2024-08-28 13:00:00,959.4,30.7,75.0,0.7,132.0,4.3,126.0,0.0,,,,,,,,,,,2024-08-28T12:56:00,,,,0,,,,,,,,,,,,,
2024-08-28 14:00:00,959.0,29.6,79.0,0.6,133.0,3.2,150.0,0.0,,,,,,,,,,,2024-08-28T13:24:00,,,,0,,,,,,,,,,,,,
2024-08-28 15:00:00,958.7,29.9,77.0,0.9,89.0,3.6,112.0,0.0,,,,,,,,,,,2024-08-28T14:03:00,,,,0,,,,,,,,,,,,,
2024-08-28 16:00:00,958.8,28.9,81.0,1.3,102.0,4.7,94.0,0.0,,,,,,,,,,,2024-08-28T15:28:00,,,,0,,,,,,,,,,,,,
2024-08-28 17:00:00,959.3,27.4,89.0,1.7,115.0,3.5,103.0,0.0,,,,,,,,,,,2024-08-28T16:38:00,,,,0,,,,,,,,,,,,,
2024-08-28 18:00:00,959.6,26.3,93.0,2.0,58.0,3.6,51.0,0.0,,,,,,,,,,,2024-08-28T17:54:00,,,,0,,,,,,,,,,,,,
2024-08-28 19:00:00,960.6,25.9,89.0,2.3,58.0,3.5,66.0,0.0,,,,,,,,,,,2024-08-28T18:40:00,,,,0,,,,,,,,,,,,,
2024-08-28 20:00:00,961.5,25.6,95.0,1.8,60.0,3.8,52.0,0.0,,,,,,,,,,,2024-08-28T19:06:00,,,,0,,,,,,,,,,,,,
2024-08-28 21:00:00,962.0,25.9,95.0,1.1,57.0,2.4,70.0,0.0,,,,,,,,,,,2024-08-28T20:02:00,,,,0,,,,,,,,,,,,,
2024-08-28 22:00:00,962.1,25.6,95.0,1.6,59.0,2.4,64.0,0.0,,,,,,,,,,,2024-08-28T21:54:00,,,,0,,,,,,,,,,,,,
2024-08-28 23:00:00,962.4,25.7,92.0,1.4,75.0,2.4,60.0,0.0,,,,,,,,,,,2024-08-28T22:04:00,,,,0,,,,,,,,,,,,,
2024-08-29 00:00:00,962.1,25.5,95.0,1.4,56.0,2.1,70.0,0.0,,,,,,,,,,,2024-08-28T23:08:00,,,,0,,,,,,,,,,,,,
2024-08-29 01:00:00,962.0,25.5,92.0,0.0,0.0,1.8,72.0,0.0,,,,,,,,,,,2024-08-29T00:03:00,,,,0,,,,,,,,,,,,,
2024-08-29 02:00:00,961.3,25.0,93.0,1.2,237.0,1.9,269.0,0.0,,,,,,,,,,,2024-08-29T01:33:00,,,,0,,,,,,,,,,,,,
2024-08-29 03:00:00,961.1,25.5,87.0,0.7,244.0,2.2,209.0,0.0,,,,,,,,,,,2024-08-29T02:35:00,,,,0,,,,,,,,,,,,,
2024-08-29 04:00:00,961.2,25.2,88.0,0.9,275.0,1.9,198.0,0.0,,,,,,,,,,,2024-08-29T03:21:00,,,,0,,,,,,,,,,,,,
2024-08-29 05:00:00,961.3,25.6,85.0,0.7,12.0,1.8,320.0,0.0,,,,,,,,,,,2024-08-29T04:31:00,,,,0,,,,,,,,,,,,,
2024-08-29 06:00:00,961.5,25.9,72.0,1.2,6.0,2.3,5.0,0.0,,,,,,,,,,,2024-08-29T05:41:00,,,,0,,,,,,,,,,,,,
2024-08-29 07:00:00,962.1,27.5,74.0,0.2,0.0,2.2,331.0,0.0,,,,,,,,,,,2024-08-29T06:29:00,,,,0,,,,,,,,,,,,,
2024-08-29 08:00:00,962.7,29.8,72.0,0.0,0.0,1.3,109.0,0.0,,,,,,,,,,,2024-08-29T07:27:00,,,,0,,,,,,,,,,,,,
2024-08-29 09:00:00,963.5,31.2,69.0,0.0,0.0,1.0,140.0,0.0,,,,,,,,,,,2024-08-29T08:13:00,,,,0,,,,,,,,,,,,,
2024-08-29 10:00:00,963.7,32.2,66.0,0.1,0.0,1.6,66.0,0.0,,,,,,,,,,,2024-08-29T09:18:00,,,,0,,,,,,,,,,,,,
2024-08-29 11:00:00,963.8,31.4,68.0,0.3,123.0,3.9,121.0,0.0,,,,,,,,,,,2024-08-29T10:36:00,,,,0,,,,,,,,,,,,,
2024-08-29 12:00:00,963.7,31.0,71.0,0.4,142.0,3.7,153.0,0.0,,,,,,,,,,,2024-08-29T11:07:00,,,,0,,,,,,,,,,,,,
2024-08-29 13:00:00,963.1,30.7,71.0,0.1,0.0,3.2,117.0,0.0,,,,,,,,,,,2024-08-29T12:14:00,,,,0,,,,,,,,,,,,,
2024-08-29 14:00:00,962.7,30.3,72.0,0.3,140.0,3.9,84.0,0.0,,,,,,,,,,,2024-08-29T13:17:00,,,,0,,,,,,,,,,,,,
2024-08-29 15:00:00,962.5,29.3,76.0,0.5,181.0,2.4,190.0,0.0,,,,,,,,,,,2024-08-29T15:00:00,,,,0,,,,,,,,,,,,,
2024-08-29 16:00:00,962.0,28.7,79.0,0.1,0.0,2.4,157.0,0.0,,,,,,,,,,,2024-08-29T15:04:00,,,,0,,,,,,,,,,,,,
2024-08-29 17:00:00,962.6,28.2,82.0,0.1,0.0,1.6,217.0,0.0,,,,,,,,,,,2024-08-29T16:10:00,,,,0,,,,,,,,,,,,,
2024-08-29 18:00:00,962.9,26.7,90.0,0.5,153.0,2.1,145.0,0.0,,,,,,,,,,,2024-08-29T17:30:00,,,,0,,,,,,,,,,,,,
2024-08-29 19:00:00,963.4,26.2,95.0,0.5,165.0,1.6,148.0,0.0,,,,,,,,,,,2024-08-29T18:18:00,,,,0,,,,,,,,,,,,,
2024-08-29 20:00:00,964.0,25.9,96.0,1.3,208.0,2.3,206.0,0.0,,,,,,,,,,,2024-08-29T19:25:00,,,,0,,,,,,,,,,,,,
2024-08-29 21:00:00,964.6,26.0,92.0,0.9,182.0,1.9,206.0,0.0,,,,,,,,,,,2024-08-29T20:33:00,,,,0,,,,,,,,,,,,,
2024-08-29 22:00:00,965.0,25.9,89.0,0.5,203.0,2.0,187.0,0.0,,,,,,,,,,,2024-08-29T21:15:00,,,,0,,,,,,,,,,,,,
2024-08-29 23:00:00,965.2,25.6,88.0,0.5,78.0,1.9,48.0,0.0,,,,,,,,,,,2024-08-29T22:39:00,,,,0,,,,,,,,,,,,,
2024-08-30 00:00:00,965.0,25.8,85.0,0.7,265.0,1.8,208.0,0.0,,,,,,,,,,,2024-08-29T23:11:00,,,,0,,,,,,,,,,,,,
2024-08-30 01:00:00,964.5,25.6,86.0,0.8,215.0,1.9,206.0,0.0,,,,,,,,,,,2024-08-30T00:47:00,,,,0,,,,,,,,,,,,,
2024-08-30 02:00:00,964.0,25.6,80.0,1.0,184.0,2.3,186.0,0.0,,,,,,,,,,,2024-08-30T01:58:00,,,,0,,,,,,,,,,,,,
2024-08-30 03:00:00,963.9,25.4,80.0,0.6,223.0,2.0,208.0,0.0,,,,,,,,,,,2024-08-30T02:34:00,,,,0,,,,,,,,,,,,,
2024-08-30 04:00:00,963.7,25.4,82.0,0.7,206.0,2.0,210.0,0.0,,,,,,,,,,,2024-08-30T03:55:00,,,,0,,,,,,,,,,,,,
2024-08-30 05:00:00,963.9,25.4,79.0,0.1,0.0,1.3,321.0,0.0,,,,,,,,,,,2024-08-30T04:10:00,,,,0,,,,,,,,,,,,,
2024-08-30 06:00:00,964.4,25.4,77.0,0.7,322.0,1.8,216.0,0.0,,,,,,,,,,,2024-08-30T05:20:00,,,,0,,,,,,,,,,,,,
2024-08-30 07:00:00,964.6,26.8,78.0,0.5,44.0,2.7,44.0,0.0,,,,,,,,,,,2024-08-30T06:59:00,,,,0,,,,,,,,,,,,,
2024-08-30 08:00:00,965.1,29.4,71.0,0.6,51.0,3.0,9.0,0.0,,,,,,,,,,,2024-08-30T07:23:00,,,,0,,,,,,,,,,,,,
2024-08-30 09:00:00,965.4,31.1,59.0,0.4,44.0,1.6,40.0,0.0,,,,,,,,,,,2024-08-30T08:06:00,,,,0,,,,,,,,,,,,,
2024-08-30 10:00:00,965.7,31.8,65.0,0.6,102.0,2.1,53.0,0.0,,,,,,,,,,,2024-08-30T09:26:00,,,,0,,,,,,,,,,,,,
2024-08-30 11:00:00,965.8,32.5,67.0,0.5,136.0,3.9,73.0,0.0,,,,,,,,,,,2024-08-30T10:32:00,,,,0,,,,,,,,,,,,,
2024-08-30 12:00:00,965.2,31.5,70.0,0.3,122.0,4.1,95.0,0.0,,,,,,,,,,,2024-08-30T11:44:00,,,,0,,,,,,,,,,,,,
2024-08-30 13:00:00,964.6,29.6,75.0,1.1,127.0,5.9,105.0,0.0,,,,,,,,,,,2024-08-30T12:49:00,,,,0,,,,,,,,,,,,,
2024-08-30 14:00:00,964.6,28.9,80.0,1.7,110.0,5.0,108.0,0.0,,,,,,,,,,,2024-08-30T13:53:00,,,,0,,,,,,,,,,,,,
2024-08-30 15:00:00,964.4,27.9,81.0,1.6,107.0,6.1,111.0,0.0,,,,,,,,,,,2024-08-30T14:58:00,,,,0,,,,,,,,,,,,,
2024-08-30 16:00:00,964.6,27.1,88.0,2.2,107.0,5.8,99.0,0.0,,,,,,,,,,,2024-08-30T15:16:00,,,,0,,,,,,,,,,,,,
2024-08-30 17:00:00,964.7,27.6,85.0,1.0,64.0,4.5,112.0,0.0,,,,,,,,,,,2024-08-30T16:21:00,,,,0,,,,,,,,,,,,,
2024-08-30 18:00:00,965.1,26.6,86.0,1.2,113.0,2.8,119.0,0.0,,,,,,,,,,,2024-08-30T17:52:00,,,,0,,,,,,,,,,,,,
2024-08-30 19:00:00,965.2,26.2,90.0,1.3,57.0,2.3,91.0,0.0,,,,,,,,,,,2024-08-30T18:06:00,,,,0,,,,,,,,,,,,,
2024-08-30 20:00:00,966.4,26.0,93.0,1.2,52.0,2.3,62.0,0.0,,,,,,,,,,,2024-08-30T19:56:00,,,,0,,,,,,,,,,,,,
2024-08-30 21:00:00,967.0,26.0,93.0,0.8,38.0,1.9,38.0,0.0,,,,,,,,,,,2024-08-30T20:13:00,,,,0,,,,,,,,,,,,,
2024-08-30 22:00:00,966.8,25.6,93.0,1.3,305.0,1.7,299.0,0.0,,,,,,,,,,,2024-08-30T21:51:00,,,,0,,,,,,,,,,,,,
2024-08-30 23:00:00,966.4,25.2,95.0,0.9,3.0,2.8,38.0,0.0,,,,,,,,,,,2024-08-30T22:37:00,,,,0,,,,,,,,,,,,,
2024-08-31 00:00:00,966.1,24.8,92.0,0.5,19.0,2.3,38.0,0.0,,,,,,,,,,,2024-08-30T23:41:00,,,,0,,,,,,,,,,,,,
2024-08-31 01:00:00,965.7,24.9,91.0,1.5,331.0,2.4,39.0,0.0,,,,,,,,,,,2024-08-31T00:52:00,,,,0,,,,,,,,,,,,,
2024-08-31 02:00:00,965.1,25.3,87.0,1.0,41.0,2.2,307.0,0.0,,,,,,,,,,,2024-08-31T01:25:00,,,,0,,,,,,,,,,,,,
2024-08-31 03:00:00,964.6,25.6,85.0,1.0,204.0,1.8,206.0,0.0,,,,,,,,,,,2024-08-31T02:28:00,,,,0,,,,,,,,,,,,,
2024-08-31 04:00:00,964.6,25.6,83.0,0.5,191.0,2.2,199.0,0.0,,,,,,,,,,,2024-08-31T03:25:00,,,,0,,,,,,,,,,,,,
2024-08-31 05:00:00,964.8,25.7,80.0,1.0,207.0,1.5,215.0,0.0,,,,,,,,,,,2024-08-31T04:56:00,,,,0,,,,,,,,,,,,,
2024-08-31 06:00:00,965.2,25.5,83.0,0.9,3.0,1.7,209.0,0.0,,,,,,,,,,,2024-08-31T05:05:00,,,,0,,,,,,,,,,,,,
2024-08-31 07:00:00,966.0,26.7,82.0,0.7,43.0,2.1,2.0,0.0,,,,,,,,,,,2024-08-31T06:20:00,,,,0,,,,,,,,,,,,,
2024-08-31 08:00:00,966.5,29.4,71.0,0.0,0.0,1.1,34.0,0.0,,,,,,,,,,,2024-08-31T07:25:00,,,,0,,,,,,,,,,,,,
2024-08-31 09:00:00,966.6,32.7,64.0,0.1,0.0,1.6,36.0,0.0,,,,,,,,,,,2024-08-31T08:06:00,,,,0,,,,,,,,,,,,,
2024-08-31 10:00:00,966.5,32.9,60.0,0.2,0.0,1.6,107.0,0.0,,,,,,,,,,,2024-08-31T09:03:00,,,,0,,,,,,,,,,,,,
2024-08-31 11:00:00,965.9,31.7,69.0,0.6,115.0,3.1,121.0,0.0,,,,,,,,,,,2024-08-31T10:18:00,,,,0,,,,,,,,,,,,,
2024-08-31 12:00:00,965.6,30.5,73.0,0.9,122.0,4.0,127.0,0.0,,,,,,,,,,,2024-08-31T11:45:00,,,,0,,,,,,,,,,,,,
2024-08-31 13:00:00,965.1,30.9,68.0,1.1,106.0,4.6,110.0,0.0,,,,,,,,,,,2024-08-31T12:16:00,,,,0,,,,,,,,,,,,,
2024-08-31 14:00:00,964.5,29.9,72.0,1.1,115.0,4.6,129.0,0.0,,,,,,,,,,,2024-08-31T13:58:00,,,,0,,,,,,,,,,,,,
2024-08-31 15:00:00,964.6,28.0,81.0,1.3,123.0,4.8,98.0,0.0,,,,,,,,,,,2024-08-31T14:35:00,,,,0,,,,,,,,,,,,,
2024-08-31 16:00:00,965.1,27.0,89.0,2.0,111.0,5.9,105.0,0.0,,,,,,,,,,,2024-08-31T15:47:00,,,,0,,,,,,,,,,,,,
2024-08-31 17:00:00,965.9,26.9,89.0,0.3,293.0,5.0,90.0,0.0,,,,,,,,,,,2024-08-31T16:03:00,,,,0,,,,,,,,,,,,,
2024-08-31 18:00:00,965.8,25.6,88.0,1.7,308.0,4.8,332.0,0.0,,,,,,,,,,,2024-08-31T17:47:00,,,,0,,,,,,,,,,,,,
2024-08-31 19:00:00,965.4,25.7,79.0,0.1,0.0,4.3,299.0,0.0,,,,,,,,,,,2024-08-31T18:05:00,,,,0,,,,,,,,,,,,,
2024-08-31 20:00:00,965.3,25.4,79.0,1.6,318.0,2.9,317.0,0.0,,,,,,,,,,,2024-08-31T20:00:00,,,,0,,,,,,,,,,,,,
2024-08-31 21:00:00,965.9,25.6,75.0,0.6,255.0,4.0,311.0,0.0,,,,,,,,,,,2024-08-31T20:13:00,,,,0,,,,,,,,,,,,,
2024-08-31 22:00:00,966.0,25.8,74.0,0.7,176.0,2.1,200.0,0.0,,,,,,,,,,,2024-08-31T21:13:00,,,,0,,,,,,,,,,,,,
2024-08-31 23:00:00,966.3,25.5,82.0,0.5,254.0,1.7,203.0,0.0,,,,,,,,,,,2024-08-31T22:42:00,,,,0,,,,,,,,,,,,,
2024-09-01 00:00:00,965.6,25.1,75.0,0.8,311.0,2.0,337.0,0.0,,,,,,,,,,,2024-08-31T23:31:00,,,,0,,,,,,,,,,,,,
2024-09-01 01:00:00,964.9,24.2,80.0,0.6,47.0,3.2,31.0,0.0,,,,,,,,,,,2024-09-01T00:58:00,,,,0,,,,,,,,,,,,,
2024-09-01 02:00:00,964.3,24.1,82.0,1.0,316.0,3.7,334.0,0.0,,,,,,,,,,,2024-09-01T01:21:00,,,,0,,,,,,,,,,,,,
2024-09-01 03:00:00,964.0,23.7,84.0,0.7,359.0,3.1,342.0,0.0,,,,,,,,,,,2024-09-01T02:20:00,,,,0,,,,,,,,,,,,,
2024-09-01 04:00:00,963.9,24.1,75.0,1.1,307.0,3.1,24.0,0.0,,,,,,,,,,,2024-09-01T03:04:00,,,,0,,,,,,,,,,,,,
2024-09-01 05:00:00,963.9,24.5,72.0,2.1,323.0,3.6,318.0,0.0,,,,,,,,,,,2024-09-01T04:54:00,,,,0,,,,,,,,,,,,,
2024-09-01 06:00:00,964.5,23.9,78.0,0.4,24.0,3.3,336.0,0.0,,,,,,,,,,,2024-09-01T05:41:00,,,,0,,,,,,,,,,,,,
2024-09-01 07:00:00,965.2,26.0,74.0,0.4,1.0,4.3,38.0,0.0,,,,,,,,,,,2024-09-01T06:35:00,,,,0,,,,,,,,,,,,,
2024-09-01 08:00:00,965.9,29.5,70.0,0.9,57.0,2.4,5.0,0.0,,,,,,,,,,,2024-09-01T07:14:00,,,,0,,,,,,,,,,,,,
2024-09-01 09:00:00,966.4,32.4,62.0,0.5,66.0,2.0,25.0,0.0,,,,,,,,,,,2024-09-01T08:34:00,,,,0,,,,,,,,,,,,,
2024-09-01 10:00:00,966.2,32.6,62.0,0.4,63.0,2.3,52.0,0.0,,,,,,,,,,,2024-09-01T09:55:00,,,,0,,,,,,,,,,,,,
2024-09-01 11:00:00,965.9,32.9,62.0,0.3,107.0,2.6,50.0,0.0,,,,,,,,,,,2024-09-01T10:20:00,,,,0,,,,,,,,,,,,,
2024-09-01 12:00:00,965.7,32.5,61.0,0.8,67.0,4.4,63.0,0.0,,,,,,,,,,,2024-09-01T11:54:00,,,,0,,,,,,,,,,,,,
2024-09-01 13:00:00,965.6,29.5,74.0,1.9,120.0,5.6,124.0,0.0,,,,,,,,,,,2024-09-01T12:59:00,,,,0,,,,,,,,,,,,,
2024-09-01 14:00:00,965.2,30.7,72.0,0.6,106.0,5.4,98.0,0.0,,,,,,,,,,,2024-09-01T13:10:00,,,,0,,,,,,,,,,,,,
2024-09-01 15:00:00,964.5,29.4,74.0,0.8,102.0,4.9,111.0,0.0,,,,,,,,,,,2024-09-01T14:44:00,,,,0,,,,,,,,,,,,,
2024-09-01 16:00:00,963.8,32.6,60.0,0.8,54.0,4.1,115.0,0.0,,,,,,,,,,,2024-09-01T15:26:00,,,,0,,,,,,,,,,,,,
2024-09-01 17:00:00,963.7,28.7,70.0,1.1,66.0,3.3,113.0,0.0,,,,,,,,,,,2024-09-01T16:33:00,,,,0,,,,,,,,,,,,,
2024-09-01 18:00:00,963.4,26.6,83.0,1.7,64.0,3.1,81.0,0.0,,,,,,,,,,,2024-09-01T17:47:00,,,,0,,,,,,,,,,,,,
2024-09-01 19:00:00,963.8,26.6,83.0,1.0,99.0,2.0,61.0,0.0,,,,,,,,,,,2024-09-01T18:01:00,,,,0,,,,,,,,,,,,,
2024-09-01 20:00:00,965.1,26.2,90.0,0.4,167.0,3.5,104.0,0.0,,,,,,,,,,,2024-09-01T19:16:00,,,,0,,,,,,,,,,,,,
2024-09-01 21:00:00,965.2,26.4,91.0,0.0,0.0,2.0,267.0,0.0,,,,,,,,,,,2024-09-01T20:32:00,,,,0,,,,,,,,,,,,,
2024-09-01 22:00:00,965.4,26.0,95.0,0.1,0.0,2.9,111.0,0.0,,,,,,,,,,,2024-09-01T21:35:00,,,,0,,,,,,,,,,,,,
2024-09-01 23:00:00,965.3,25.8,94.0,0.4,357.0,1.7,56.0,0.0,,,,,,,,,,,2024-09-01T23:00:00,,,,0,,,,,,,,,,,,,
2024-09-02 00:00:00,965.1,25.4,96.0,0.6,335.0,2.0,36.0,0.0,,,,,,,,,,,2024-09-01T23:07:00,,,,0,,,,,,,,,,,,,
2024-09-02 01:00:00,964.5,25.2,96.0,0.8,318.0,1.5,293.0,0.0,,,,,,,,,,,2024-09-02T00:53:00,,,,0,,,,,,,,,,,,,
2024-09-02 02:00:00,964.2,24.8,97.0,1.0,318.0,2.5,330.0,0.0,,,,,,,,,,,2024-09-02T01:56:00,,,,0,,,,,,,,,,,,,
2024-09-02 03:00:00,963.9,24.2,93.0,0.4,8.0,2.5,323.0,0.0,,,,,,,,,,,2024-09-02T02:20:00,,,,0,,,,,,,,,,,,,
2024-09-02 04:00:00,964.0,23.8,92.0,0.7,23.0,2.7,17.0,0.0,,,,,,,,,,,2024-09-02T03:52:00,,,,0,,,,,,,,,,,,,
2024-09-02 05:00:00,964.5,24.4,90.0,0.5,354.0,3.4,22.0,0.0,,,,,,,,,,,2024-09-02T04:35:00,,,,0,,,,,,,,,,,,,
2024-09-02 06:00:00,964.6,24.5,86.0,0.4,25.0,3.0,19.0,0.0,,,,,,,,,,,2024-09-02T05:08:00,,,,0,,,,,,,,,,,,,
2024-09-02 07:00:00,965.1,26.8,83.0,0.5,50.0,3.5,55.0,0.0,,,,,,,,,,,2024-09-02T06:12:00,,,,0,,,,,,,,,,,,,
2024-09-02 08:00:00,965.4,26.4,83.0,0.8,46.0,5.0,41.0,0.0,,,,,,,,,,,2024-09-02T07:47:00,,,,0,,,,,,,,,,,,,
2024-09-02 09:00:00,965.9,28.3,76.0,0.6,63.0,3.6,8.0,0.0,,,,,,,,,,,2024-09-02T08:32:00,,,,0,,,,,,,,,,,,,
2024-09-02 10:00:00,966.3,30.0,78.0,0.6,64.0,3.2,57.0,0.0,,,,,,,,,,,2024-09-02T09:36:00,,,,0,,,,,,,,,,,,,
2024-09-02 11:00:00,965.9,29.3,76.0,0.6,65.0,3.8,54.0,0.0,,,,,,,,,,,2024-09-02T10:49:00,,,,0,,,,,,,,,,,,,
2024-09-02 12:00:00,965.7,30.4,73.0,1.1,96.0,5.3,95.0,0.0,,,,,,,,,,,2024-09-02T11:53:00,,,,0,,,,,,,,,,,,,
2024-09-02 13:00:00,964.9,32.1,68.0,0.7,55.0,5.5,87.0,0.0,,,,,,,,,,,2024-09-02T12:39:00,,,,0,,,,,,,,,,,,,
2024-09-02 14:00:00,964.4,29.9,70.0,1.7,85.0,5.5,101.0,0.0,,,,,,,,,,,2024-09-02T13:51:00,,,,0,,,,,,,,,,,,,
2024-09-02 15:00:00,963.9,30.1,72.0,1.3,67.0,4.6,79.0,0.0,,,,,,,,,,,2024-09-02T14:26:00,,,,0,,,,,,,,,,,,,
2024-09-02 16:00:00,963.9,28.7,74.0,1.3,80.0,5.6,100.0,0.0,,,,,,,,,,,2024-09-02T15:28:00,,,,0,,,,,,,,,,,,,
2024-09-02 17:00:00,963.7,27.6,84.0,1.3,63.0,4.8,99.0,0.0,,,,,,,,,,,2024-09-02T16:15:00,,,,0,,,,,,,,,,,,,
2024-09-02 18:00:00,963.3,26.6,89.0,1.4,57.0,6.5,55.0,0.0,,,,,,,,,,,2024-09-02T17:51:00,,,,0,,,,,,,,,,,,,
2024-09-02 19:00:00,963.9,26.5,89.0,1.9,47.0,6.3,49.0,0.0,,,,,,,,,,,2024-09-02T18:46:00,,,,0,,,,,,,,,,,,,
2024-09-02 20:00:00,964.8,26.3,89.0,1.9,44.0,6.2,61.0,0.0,,,,,,,,,,,2024-09-02T19:44:00,,,,0,,,,,,,,,,,,,
2024-09-02 21:00:00,965.9,25.6,91.0,1.5,65.0,6.3,65.0,0.0,,,,,,,,,,,2024-09-02T20:23:00,,,,0,,,,,,,,,,,,,
2024-09-02 22:00:00,966.4,25.6,92.0,0.2,0.0,4.8,65.0,0.0,,,,,,,,,,,2024-09-02T21:04:00,,,,0,,,,,,,,,,,,,
2024-09-02 23:00:00,966.1,25.2,92.0,0.1,0.0,2.8,51.0,0.0,,,,,,,,,,,2024-09-02T22:25:00,,,,0,,,,,,,,,,,,,
2024-09-03 00:00:00,965.6,24.9,93.0,0.9,299.0,1.9,313.0,0.0,,,,,,,,,,,2024-09-02T23:58:00,,,,0,,,,,,,,,,,,,
2024-09-03 01:00:00,965.1,25.2,91.0,1.1,300.0,2.7,309.0,0.0,,,,,,,,,,,2024-09-03T00:51:00,,,,0,,,,,,,,,,,,,
2024-09-03 02:00:00,964.5,24.4,94.0,0.0,0.0,1.7,329.0,0.0,,,,,,,,,,,2024-09-03T01:02:00,,,,0,,,,,,,,,,,,,
2024-09-03 03:00:00,964.0,24.2,96.0,0.5,55.0,3.4,56.0,0.0,,,,,,,,,,,2024-09-03T02:49:00,,,,0,,,,,,,,,,,,,
2024-09-03 04:00:00,963.9,23.9,97.0,0.5,49.0,2.5,70.0,0.0,,,,,,,,,,,2024-09-03T03:35:00,,,,0,,,,,,,,,,,,,
2024-09-03 05:00:00,963.7,23.7,94.0,0.8,7.0,3.0,63.0,0.0,,,,,,,,,,,2024-09-03T04:23:00,,,,0,,,,,,,,,,,,,
2024-09-03 06:00:00,963.9,23.7,93.0,0.7,334.0,3.1,212.0,0.0,,,,,,,,,,,2024-09-03T05:11:00,,,,0,,,,,,,,,,,,,
2024-09-03 07:00:00,964.1,24.4,88.0,0.3,333.0,3.4,23.0,0.0,,,,,,,,,,,2024-09-03T06:12:00,,,,0,,,,,,,,,,,,,
2024-09-03 08:00:00,964.0,26.3,84.0,0.1,0.0,3.4,59.0,0.0,,,,,,,,,,,2024-09-03T07:02:00,,,,0,,,,,,,,,,,,,
2024-09-03 09:00:00,964.5,29.3,73.0,0.2,0.0,3.2,314.0,0.0,,,,,,,,,,,2024-09-03T08:13:00,,,,0,,,,,,,,,,,,,
2024-09-03 10:00:00,965.1,28.3,75.0,0.4,317.0,2.5,60.0,0.0,,,,,,,,,,,2024-09-03T09:05:00,,,,0,,,,,,,,,,,,,
2024-09-03 11:00:00,963.9,30.6,74.0,0.2,0.0,2.3,315.0,0.0,,,,,,,,,,,2024-09-03T10:16:00,,,,0,,,,,,,,,,,,,
2024-09-03 12:00:00,963.2,29.3,79.0,1.4,40.0,5.6,30.0,0.0,,,,,,,,,,,2024-09-03T11:51:00,,,,0,,,,,,,,,,,,,
2024-09-03 13:00:00,962.7,26.6,83.0,2.2,61.0,6.2,28.0,0.0,,,,,,,,,,,2024-09-03T12:34:00,,,,0,,,,,,,,,,,,,
2024-09-03 14:00:00,962.7,25.5,94.0,1.1,94.0,7.0,39.0,0.0,,,,,,,,,,,2024-09-03T13:17:00,,,,0,,,,,,,,,,,,,
2024-09-03 15:00:00,962.5,24.7,98.0,1.5,53.0,6.8,51.0,0.0,,,,,,,,,,,2024-09-03T14:37:00,,,,0,,,,,,,,,,,,,
2024-09-03 16:00:00,962.1,23.6,98.0,2.0,311.0,5.7,297.0,0.0,,,,,,,,,,,2024-09-03T15:49:00,,,,0,,,,,,,,,,,,,
2024-09-03 17:00:00,961.9,24.0,98.0,0.8,317.0,4.4,328.0,0.5,,,,,,,,,,,2024-09-03T16:41:00,,,,0,,,,,,,,,,,,,
2024-09-03 18:00:00,962.3,24.2,97.0,0.1,0.0,1.8,317.0,0.0,,,,,,,,,,,2024-09-03T17:40:00,,,,0,,,,,,,,,,,,,
2024-09-03 19:00:00,962.6,24.2,97.0,0.1,0.0,1.9,340.0,0.0,,,,,,,,,,,2024-09-03T18:14:00,,,,0,,,,,,,,,,,,,
2024-09-03 20:00:00,962.7,23.8,95.0,0.4,54.0,4.6,25.0,0.0,,,,,,,,,,,2024-09-03T19:49:00,,,,0,,,,,,,,,,,,,
2024-09-03 21:00:00,963.3,23.7,95.0,0.3,81.0,2.5,65.0,0.0,,,,,,,,,,,2024-09-03T20:45:00,,,,0,,,,,,,,,,,,,
2024-09-03 22:00:00,963.9,24.1,95.0,0.3,84.0,2.6,32.0,0.0,,,,,,,,,,,2024-09-03T21:06:00,,,,0,,,,,,,,,,,,,
2024-09-03 23:00:00,963.2,24.2,94.0,0.4,93.0,3.6,300.0,0.0,,,,,,,,,,,2024-09-03T22:19:00,,,,0,,,,,,,,,,,,,
2024-09-04 00:00:00,963.1,24.4,94.0,0.7,360.0,3.9,25.0,0.0,,,,,,,,,,,2024-09-03T23:43:00,,,,0,,,,,,,,,,,,,
2024-09-04 01:00:00,962.0,24.2,95.0,0.3,338.0,5.0,2.0,0.0,,,,,,,,,,,2024-09-04T00:38:00,,,,0,,,,,,,,,,,,,
2024-09-04 02:00:00,961.4,24.0,98.0,1.9,303.0,3.4,297.0,0.0,,,,,,,,,,,2024-09-04T01:50:00,,,,0,,,,,,,,,,,,,
2024-09-04 03:00:00,961.3,23.8,97.0,0.6,348.0,4.5,311.0,0.0,,,,,,,,,,,2024-09-04T02:03:00,,,,0,,,,,,,,,,,,,
2024-09-04 04:00:00,961.6,23.8,96.0,0.1,0.0,3.3,355.0,0.0,,,,,,,,,,,2024-09-04T03:19:00,,,,0,,,,,,,,,,,,,
2024-09-04 05:00:00,961.4,23.9,94.0,0.4,353.0,3.3,324.0,0.0,,,,,,,,,,,2024-09-04T04:42:00,,,,0,,,,,,,,,,,,,
2024-09-04 06:00:00,961.4,23.5,98.0,0.7,308.0,2.6,48.0,0.0,,,,,,,,,,,2024-09-04T05:04:00,,,,0,,,,,,,,,,,,,
2024-09-04 07:00:00,961.8,23.8,97.0,0.1,0.0,4.0,312.0,0.0,,,,,,,,,,,2024-09-04T06:14:00,,,,0,,,,,,,,,,,,,
2024-09-04 08:00:00,961.5,25.6,92.0,0.0,0.0,2.0,51.0,0.0,,,,,,,,,,,2024-09-04T07:06:00,,,,0,,,,,,,,,,,,,
2024-09-04 09:00:00,961.5,26.9,88.0,0.4,43.0,2.5,59.0,0.0,,,,,,,,,,,2024-09-04T08:45:00,,,,0,,,,,,,,,,,,,
2024-09-04 10:00:00,962.0,26.1,90.0,0.2,0.0,2.0,325.0,0.0,,,,,,,,,,,2024-09-04T09:30:00,,,,0,,,,,,,,,,,,,
2024-09-04 11:00:00,962.1,27.1,85.0,0.2,0.0,2.0,309.0,0.0,,,,,,,,,,,2024-09-04T10:06:00,,,,0,,,,,,,,,,,,,
2024-09-04 12:00:00,961.3,27.6,92.0,0.2,0.0,1.6,52.0,0.0,,,,,,,,,,,2024-09-04T11:50:00,,,,0,,,,,,,,,,,,,
2024-09-04 13:00:00,960.8,26.6,95.0,0.3,47.0,4.0,61.0,0.0,,,,,,,,,,,2024-09-04T12:38:00,,,,0,,,,,,,,,,,,,
2024-09-04 14:00:00,960.0,30.0,83.0,0.2,0.0,2.2,70.0,0.0,,,,,,,,,,,2024-09-04T13:58:00,,,,0,,,,,,,,,,,,,
2024-09-04 15:00:00,959.4,27.2,90.0,1.1,54.0,4.0,54.0,0.0,,,,,,,,,,,2024-09-04T14:35:00,,,,0,,,,,,,,,,,,,
2024-09-04 16:00:00,959.4,28.3,85.0,0.7,38.0,3.1,50.0,0.0,,,,,,,,,,,2024-09-04T15:37:00,,,,0,,,,,,,,,,,,,
2024-09-04 17:00:00,959.5,26.5,92.0,1.1,76.0,3.8,34.0,0.0,,,,,,,,,,,2024-09-04T16:32:00,,,,0,,,,,,,,,,,,,
2024-09-04 18:00:00,959.7,25.7,95.0,1.2,64.0,4.3,50.0,0.0,,,,,,,,,,,2024-09-04T17:11:00,,,,0,,,,,,,,,,,,,
2024-09-04 19:00:00,959.7,25.3,93.0,0.8,55.0,4.4,55.0,0.0,,,,,,,,,,,2024-09-04T18:14:00,,,,0,,,,,,,,,,,,,
2024-09-04 20:00:00,960.3,25.2,92.0,0.8,51.0,3.7,61.0,0.0,,,,,,,,,,,2024-09-04T19:33:00,,,,0,,,,,,,,,,,,,
2024-09-04 21:00:00,961.2,25.6,89.0,0.4,40.0,2.6,58.0,0.0,,,,,,,,,,,2024-09-04T20:36:00,,,,0,,,,,,,,,,,,,
2024-09-04 22:00:00,961.2,24.9,94.0,0.4,43.0,3.8,53.0,0.0,,,,,,,,,,,2024-09-04T21:41:00,,,,0,,,,,,,,,,,,,
2024-09-04 23:00:00,960.7,23.9,99.0,0.3,312.0,2.2,48.0,0.5,,,,,,,,,,,2024-09-04T22:18:00,,,,0,,,,,,,,,,,,,
2024-09-05 00:00:00,960.2,24.0,100.0,0.6,79.0,3.8,28.0,0.0,,,,,,,,,,,2024-09-04T23:19:00,,,,0,,,,,,,,,,,,,
2024-09-05 01:00:00,960.1,23.5,100.0,0.2,0.0,3.0,54.0,1.0,,,,,,,,,,,2024-09-05T00:20:00,,,,0,,,,,,,,,,,,,
2024-09-05 02:00:00,959.6,23.7,100.0,0.3,55.0,3.7,23.0,1.0,,,,,,,,,,,2024-09-05T01:22:00,,,,0,,,,,,,,,,,,,
2024-09-05 03:00:00,959.9,23.7,100.0,0.3,15.0,2.9,25.0,3.0,,,,,,,,,,,2024-09-05T02:50:00,,,,0,,,,,,,,,,,,,
2024-09-05 04:00:00,959.6,23.5,100.0,0.4,345.0,4.3,319.0,0.0,,,,,,,,,,,2024-09-05T03:57:00,,,,0,,,,,,,,,,,,,
2024-09-05 05:00:00,959.6,23.4,100.0,0.7,37.0,6.8,52.0,0.0,,,,,,,,,,,2024-09-05T04:38:00,,,,0,,,,,,,,,,,,,
2024-09-05 06:00:00,960.0,23.0,100.0,0.3,104.0,4.6,14.0,0.5,,,,,,,,,,,2024-09-05T05:12:00,,,,0,,,,,,,,,,,,,
2024-09-05 07:00:00,960.1,23.6,100.0,0.3,79.0,3.3,105.0,0.0,,,,,,,,,,,2024-09-05T06:14:00,,,,0,,,,,,,,,,,,,
2024-09-05 08:00:00,960.6,24.3,100.0,0.3,80.0,6.8,42.0,0.0,,,,,,,,,,,2024-09-05T07:03:00,,,,0,,,,,,,,,,,,,
2024-09-05 09:00:00,961.3,25.1,100.0,0.0,0.0,4.6,45.0,0.0,,,,,,,,,,,2024-09-05T08:23:00,,,,0,,,,,,,,,,,,,
2024-09-05 10:00:00,961.2,26.4,96.0,0.2,0.0,1.7,350.0,0.0,,,,,,,,,,,2024-09-05T09:55:00,,,,0,,,,,,,,,,,,,
2024-09-05 11:00:00,961.3,25.2,96.0,2.1,119.0,5.0,102.0,0.0,,,,,,,,,,,2024-09-05T10:53:00,,,,0,,,,,,,,,,,,,
2024-09-05 12:00:00,960.8,25.9,100.0,1.4,61.0,7.6,61.0,0.0,,,,,,,,,,,2024-09-05T11:37:00,,,,0,,,,,,,,,,,,,
2024-09-05 13:00:00,960.8,26.9,93.0,0.6,331.0,6.1,55.0,0.0,,,,,,,,,,,2024-09-05T12:07:00,,,,0,,,,,,,,,,,,,
2024-09-05 14:00:00,960.6,25.6,98.0,1.1,49.0,3.8,58.0,0.5,,,,,,,,,,,2024-09-05T13:52:00,,,,0,,,,,,,,,,,,,
2024-09-05 15:00:00,960.1,26.4,98.0,0.3,37.0,2.1,24.0,0.0,,,,,,,,,,,2024-09-05T14:27:00,,,,0,,,,,,,,,,,,,
2024-09-05 16:00:00,960.9,24.6,99.0,1.2,191.0,3.4,296.0,0.0,,,,,,,,,,,2024-09-05T15:28:00,,,,0,,,,,,,,,,,,,
2024-09-05 17:00:00,960.9,24.4,100.0,0.2,0.0,3.5,309.0,0.0,,,,,,,,,,,2024-09-05T16:39:00,,,,0,,,,,,,,,,,,,
2024-09-05 18:00:00,961.3,24.6,100.0,0.3,44.0,4.2,298.0,0.0,,,,,,,,,,,2024-09-05T17:41:00,,,,0,,,,,,,,,,,,,
2024-09-05 19:00:00,961.9,24.4,100.0,0.2,0.0,2.6,5.0,0.0,,,,,,,,,,,2024-09-05T18:52:00,,,,0,,,,,,,,,,,,,
2024-09-05 20:00:00,962.6,23.9,98.0,0.2,0.0,2.6,299.0,0.0,,,,,,,,,,,2024-09-05T19:12:00,,,,0,,,,,,,,,,,,,
2024-09-05 21:00:00,962.7,24.1,100.0,0.5,45.0,4.8,73.0,0.0,,,,,,,,,,,2024-09-05T20:22:00,,,,0,,,,,,,,,,,,,
2024-09-05 22:00:00,962.7,23.9,100.0,0.5,341.0,3.3,303.0,0.0,,,,,,,,,,,2024-09-05T21:53:00,,,,0,,,,,,,,,,,,,
2024-09-05 23:00:00,963.2,23.8,100.0,0.3,9.0,6.5,16.0,0.0,,,,,,,,,,,2024-09-05T22:27:00,,,,0,,,,,,,,,,,,,
2024-09-06 00:00:00,963.1,23.8,100.0,0.9,323.0,4.3,3.0,0.0,,,,,,,,,,,2024-09-05T23:39:00,,,,0,,,,,,,,,,,,,
2024-09-06 01:00:00,962.7,23.9,99.0,1.4,316.0,6.3,322.0,0.0,,,,,,,,,,,2024-09-06T00:31:00,,,,0,,,,,,,,,,,,,
2024-09-06 02:00:00,962.8,23.6,97.0,1.4,318.0,3.7,330.0,0.0,,,,,,,,,,,2024-09-06T01:16:00,,,,0,,,,,,,,,,,,,
2024-09-06 03:00:00,962.4,23.8,96.0,0.8,15.0,3.3,74.0,0.0,,,,,,,,,,,2024-09-06T02:45:00,,,,0,,,,,,,,,,,,,
2024-09-06 04:00:00,962.0,23.8,95.0,0.5,43.0,4.6,49.0,0.0,,,,,,,,,,,2024-09-06T03:36:00,,,,0,,,,,,,,,,,,,
2024-09-06 05:00:00,962.5,23.9,94.0,1.0,2.0,5.3,9.0,0.0,,,,,,,,,,,2024-09-06T04:12:00,,,,0,,,,,,,,,,,,,
2024-09-06 06:00:00,962.7,24.0,93.0,0.8,29.0,2.9,2.0,0.0,,,,,,,,,,,2024-09-06T05:59:00,,,,0,,,,,,,,,,,,,
2024-09-06 07:00:00,963.5,25.7,88.0,1.4,33.0,3.5,45.0,0.0,,,,,,,,,,,2024-09-06T06:19:00,,,,0,,,,,,,,,,,,,
2024-09-06 08:00:00,964.5,27.4,87.0,0.1,0.0,2.0,45.0,0.0,,,,,,,,,,,2024-09-06T07:01:00,,,,0,,,,,,,,,,,,,
2024-09-06 09:00:00,964.5,31.4,77.0,0.0,0.0,2.4,62.0,0.0,,,,,,,,,,,2024-09-06T08:50:00,,,,0,,,,,,,,,,,,,
2024-09-06 10:00:00,964.5,31.0,77.0,0.5,68.0,2.8,61.0,0.0,,,,,,,,,,,2024-09-06T09:36:00,,,,0,,,,,,,,,,,,,
2024-09-06 11:00:00,964.6,31.2,78.0,0.7,52.0,3.9,81.0,0.0,,,,,,,,,,,2024-09-06T10:47:00,,,,0,,,,,,,,,,,,,
2024-09-06 12:00:00,964.6,30.2,77.0,1.4,79.0,5.1,72.0,0.0,,,,,,,,,,,2024-09-06T11:37:00,,,,0,,,,,,,,,,,,,
2024-09-06 13:00:00,964.5,30.5,74.0,1.3,70.0,6.0,98.0,0.0,,,,,,,,,,,2024-09-06T12:39:00,,,,0,,,,,,,,,,,,,
2024-09-06 14:00:00,964.0,30.4,76.0,0.9,77.0,6.0,77.0,0.0,,,,,,,,,,,2024-09-06T13:02:00,,,,0,,,,,,,,,,,,,
2024-09-06 15:00:00,963.8,29.1,83.0,1.6,78.0,5.9,99.0,0.0,,,,,,,,,,,2024-09-06T14:40:00,,,,0,,,,,,,,,,,,,
2024-09-06 16:00:00,964.1,28.2,88.0,0.8,50.0,5.9,69.0,0.0,,,,,,,,,,,2024-09-06T15:06:00,,,,0,,,,,,,,,,,,,
2024-09-06 17:00:00,964.5,27.0,91.0,0.7,59.0,3.8,106.0,0.0,,,,,,,,,,,2024-09-06T16:12:00,,,,0,,,,,,,,,,,,,
2024-09-06 18:00:00,965.3,25.6,94.0,1.2,54.0,5.0,48.0,0.0,,,,,,,,,,,2024-09-06T17:32:00,,,,0,,,,,,,,,,,,,
2024-09-06 19:00:00,966.4,23.7,100.0,1.2,152.0,6.9,218.0,0.0,,,,,,,,,,,2024-09-06T18:21:00,,,,0,,,,,,,,,,,,,
2024-09-06 20:00:00,966.5,24.0,100.0,1.2,308.0,3.7,200.0,5.5,,,,,,,,,,,2024-09-06T19:11:00,,,,0,,,,,,,,,,,,,
2024-09-06 21:00:00,966.6,23.7,100.0,1.3,280.0,4.8,295.0,0.5,,,,,,,,,,,2024-09-06T20:22:00,,,,0,,,,,,,,,,,,,
2024-09-06 22:00:00,967.1,25.0,82.0,0.7,151.0,2.8,282.0,0.0,,,,,,,,,,,2024-09-06T21:03:00,,,,0,,,,,,,,,,,,,
2024-09-06 23:00:00,966.9,24.6,87.0,1.3,268.0,2.8,268.0,0.0,,,,,,,,,,,2024-09-06T22:48:00,,,,0,,,,,,,,,,,,,
2024-09-07 00:00:00,966.7,25.4,82.0,1.0,175.0,3.2,191.0,0.0,,,,,,,,,,,2024-09-06T23:29:00,,,,0,,,,,,,,,,,,,
2024-09-07 01:00:00,966.4,25.1,83.0,0.9,206.0,3.6,199.0,0.0,,,,,,,,,,,2024-09-07T00:25:00,,,,0,,,,,,,,,,,,,
2024-09-07 02:00:00,966.1,25.1,82.0,0.6,149.0,3.0,200.0,0.0,,,,,,,,,,,2024-09-07T01:17:00,,,,0,,,,,,,,,,,,,
2024-09-07 03:00:00,965.9,24.7,84.0,0.8,178.0,3.8,204.0,0.0,,,,,,,,,,,2024-09-07T02:31:00,,,,0,,,,,,,,,,,,,
2024-09-07 04:00:00,965.9,24.5,88.0,1.1,229.0,3.3,208.0,0.0,,,,,,,,,,,2024-09-07T03:31:00,,,,0,,,,,,,,,,,,,
2024-09-07 05:00:00,965.8,25.0,83.0,1.0,337.0,1.8,204.0,0.0,,,,,,,,,,,2024-09-07T04:12:00,,,,0,,,,,,,,,,,,,
2024-09-07 06:00:00,966.4,24.7,84.0,0.4,164.0,1.8,1.0,0.0,,,,,,,,,,,2024-09-07T05:02:00,,,,0,,,,,,,,,,,,,
2024-09-07 07:00:00,967.1,24.7,84.0,0.0,0.0,1.9,292.0,0.0,,,,,,,,,,,2024-09-07T06:27:00,,,,0,,,,,,,,,,,,,
2024-09-07 08:00:00,967.3,24.7,85.0,0.8,106.0,1.6,66.0,0.0,,,,,,,,,,,2024-09-07T07:59:00,,,,0,,,,,,,,,,,,,
2024-09-07 09:00:00,967.2,27.0,87.0,0.5,70.0,1.5,53.0,0.0,,,,,,,,,,,2024-09-07T08:53:00,,,,0,,,,,,,,,,,,,
2024-09-07 10:00:00,967.8,28.0,86.0,0.0,0.0,1.6,60.0,0.0,,,,,,,,,,,2024-09-07T09:01:00,,,,0,,,,,,,,,,,,,
2024-09-07 11:00:00,967.7,28.5,89.0,0.3,85.0,2.2,95.0,0.0,,,,,,,,,,,2024-09-07T10:56:00,,,,0,,,,,,,,,,,,,
2024-09-07 12:00:00,967.7,27.8,88.0,0.0,0.0,3.2,96.0,0.0,,,,,,,,,,,2024-09-07T11:45:00,,,,0,,,,,,,,,,,,,
2024-09-07 13:00:00,966.5,28.6,83.0,0.3,192.0,2.5,108.0,0.0,,,,,,,,,,,2024-09-07T12:18:00,,,,0,,,,,,,,,,,,,
2024-09-07 14:00:00,966.3,26.8,89.0,0.6,173.0,3.2,117.0,0.0,,,,,,,,,,,2024-09-07T13:46:00,,,,0,,,,,,,,,,,,,
2024-09-07 15:00:00,965.8,26.5,92.0,0.5,172.0,2.5,208.0,0.0,,,,,,,,,,,2024-09-07T14:28:00,,,,0,,,,,,,,,,,,,
2024-09-07 16:00:00,966.5,25.9,94.0,1.1,160.0,3.7,188.0,0.0,,,,,,,,,,,2024-09-07T15:52:00,,,,0,,,,,,,,,,,,,
2024-09-07 17:00:00,967.0,25.7,96.0,1.0,153.0,5.6,135.0,0.0,,,,,,,,,,,2024-09-07T16:55:00,,,,0,,,,,,,,,,,,,
2024-09-07 18:00:00,967.1,25.3,98.0,0.9,164.0,5.0,133.0,0.0,,,,,,,,,,,2024-09-07T17:15:00,,,,0,,,,,,,,,,,,,
2024-09-07 19:00:00,967.1,25.2,99.0,0.8,136.0,3.8,160.0,0.0,,,,,,,,,,,2024-09-07T18:23:00,,,,0,,,,,,,,,,,,,
2024-09-07 20:00:00,967.7,24.6,100.0,1.2,203.0,4.4,138.0,6.0,,,,,,,,,,,2024-09-07T19:06:00,,,,0,,,,,,,,,,,,,
2024-09-07 21:00:00,968.3,23.7,100.0,1.9,311.0,4.3,312.0,0.5,,,,,,,,,,,2024-09-07T20:42:00,,,,0,,,,,,,,,,,,,
2024-09-07 22:00:00,968.5,24.6,93.0,0.7,21.0,3.2,273.0,0.0,,,,,,,,,,,2024-09-07T21:31:00,,,,0,,,,,,,,,,,,,
2024-09-07 23:00:00,968.8,24.0,100.0,1.8,316.0,5.3,324.0,0.5,,,,,,,,,,,2024-09-07T22:38:00,,,,0,,,,,,,,,,,,,
2024-09-08 00:00:00,967.8,23.3,100.0,2.3,312.0,4.4,332.0,0.0,,,,,,,,,,,2024-09-07T23:59:00,,,,0,,,,,,,,,,,,,
2024-09-08 01:00:00,967.6,23.5,100.0,2.0,313.0,4.6,19.0,0.0,,,,,,,,,,,2024-09-08T00:13:00,,,,0,,,,,,,,,,,,,
2024-09-08 02:00:00,967.1,23.3,100.0,1.8,306.0,5.4,265.0,0.0,,,,,,,,,,,2024-09-08T01:02:00,,,,0,,,,,,,,,,,,,
2024-09-08 03:00:00,966.5,23.1,99.0,1.4,296.0,3.8,306.0,0.0,,,,,,,,,,,2024-09-08T02:03:00,,,,0,,,,,,,,,,,,,
2024-09-08 04:00:00,966.3,23.8,94.0,0.9,164.0,3.9,208.0,0.0,,,,,,,,,,,2024-09-08T03:41:00,,,,0,,,,,,,,,,,,,
2024-09-08 05:00:00,966.5,23.5,92.0,0.1,0.0,2.1,187.0,0.0,,,,,,,,,,,2024-09-08T04:12:00,,,,0,,,,,,,,,,,,,
2024-09-08 06:00:00,966.6,23.4,96.0,1.0,333.0,2.3,331.0,0.0,,,,,,,,,,,2024-09-08T05:51:00,,,,0,,,,,,,,,,,,,
2024-09-08 07:00:00,967.1,24.8,96.0,0.5,57.0,3.2,313.0,0.0,,,,,,,,,,,2024-09-08T06:41:00,,,,0,,,,,,,,,,,,,
2024-09-08 08:00:00,967.6,24.9,93.0,0.5,330.0,3.2,42.0,0.0,,,,,,,,,,,2024-09-08T07:02:00,,,,0,,,,,,,,,,,,,
2024-09-08 09:00:00,967.1,28.8,84.0,0.5,38.0,2.9,344.0,0.0,,,,,,,,,,,2024-09-08T08:27:00,,,,0,,,,,,,,,,,,,
2024-09-08 10:00:00,967.2,30.0,79.0,0.4,98.0,3.1,100.0,0.0,,,,,,,,,,,2024-09-08T09:47:00,,,,0,,,,,,,,,,,,,
2024-09-08 11:00:00,967.0,30.0,81.0,0.8,69.0,4.3,110.0,0.0,,,,,,,,,,,2024-09-08T10:28:00,,,,0,,,,,,,,,,,,,
2024-09-08 12:00:00,966.3,30.6,79.0,1.7,51.0,5.1,58.0,0.0,,,,,,,,,,,2024-09-08T11:54:00,,,,0,,,,,,,,,,,,,
2024-09-08 13:00:00,965.2,27.8,85.0,1.8,60.0,6.1,59.0,0.0,,,,,,,,,,,2024-09-08T12:10:00,,,,0,,,,,,,,,,,,,
2024-09-08 14:00:00,965.4,25.7,96.0,1.7,60.0,6.1,46.0,0.0,,,,,,,,,,,2024-09-08T13:05:00,,,,0,,,,,,,,,,,,,
2024-09-08 15:00:00,965.1,25.0,98.0,0.7,6.0,5.9,46.0,0.5,,,,,,,,,,,2024-09-08T14:04:00,,,,0,,,,,,,,,,,,,
2024-09-08 16:00:00,965.3,23.9,99.0,1.1,295.0,2.2,256.0,1.0,,,,,,,,,,,2024-09-08T15:17:00,,,,0,,,,,,,,,,,,,
2024-09-08 17:00:00,964.6,23.4,100.0,2.0,318.0,5.7,327.0,2.5,,,,,,,,,,,2024-09-08T16:53:00,,,,0,,,,,,,,,,,,,
2024-09-08 18:00:00,964.6,22.9,100.0,1.3,45.0,3.7,32.0,0.0,,,,,,,,,,,2024-09-08T17:54:00,,,,0,,,,,,,,,,,,,
2024-09-08 19:00:00,964.8,22.9,100.0,0.2,0.0,3.9,298.0,0.0,,,,,,,,,,,2024-09-08T18:23:00,,,,0,,,,,,,,,,,,,
2024-09-08 20:00:00,965.8,22.8,100.0,0.7,17.0,3.0,7.0,0.0,,,,,,,,,,,2024-09-08T19:29:00,,,,0,,,,,,,,,,,,,
2024-09-08 21:00:00,966.4,22.7,100.0,0.6,324.0,3.8,46.0,0.0,,,,,,,,,,,2024-09-08T20:01:00,,,,0,,,,,,,,,,,,,
2024-09-08 22:00:00,966.4,22.7,100.0,0.7,349.0,3.0,332.0,0.0,,,,,,,,,,,2024-09-08T21:15:00,,,,0,,,,,,,,,,,,,
2024-09-08 23:00:00,966.3,22.8,100.0,0.3,4.0,3.0,26.0,0.0,,,,,,,,,,,2024-09-08T22:38:00,,,,0,,,,,,,,,,,,,
2024-09-09 00:00:00,965.8,22.7,100.0,1.2,325.0,3.2,24.0,0.0,,,,,,,,,,,2024-09-08T23:48:00,,,,0,,,,,,,,,,,,,
2024-09-09 01:00:00,964.5,22.3,99.0,1.5,311.0,4.8,302.0,0.0,,,,,,,,,,,2024-09-09T00:59:00,,,,0,,,,,,,,,,,,,
2024-09-09 02:00:00,963.9,22.1,99.0,0.0,0.0,5.4,38.0,0.0,,,,,,,,,,,2024-09-09T01:35:00,,,,0,,,,,,,,,,,,,
2024-09-09 03:00:00,964.0,22.3,98.0,1.3,316.0,4.8,328.0,0.0,,,,,,,,,,,2024-09-09T02:45:00,,,,0,,,,,,,,,,,,,
2024-09-09 04:00:00,963.9,22.2,98.0,1.4,308.0,4.3,306.0,0.0,,,,,,,,,,,2024-09-09T03:09:00,,,,0,,,,,,,,,,,,,
2024-09-09 05:00:00,963.9,22.3,96.0,0.1,0.0,3.7,49.0,0.0,,,,,,,,,,,2024-09-09T04:40:00,,,,0,,,,,,,,,,,,,
2024-09-09 06:00:00,963.9,22.1,94.0,0.1,0.0,4.5,27.0,0.0,,,,,,,,,,,2024-09-09T05:35:00,,,,0,,,,,,,,,,,,,
2024-09-09 07:00:00,964.5,25.1,86.0,0.4,56.0,3.9,15.0,0.0,,,,,,,,,,,2024-09-09T06:30:00,,,,0,,,,,,,,,,,,,
2024-09-09 08:00:00,964.3,27.8,80.0,0.9,48.0,3.1,47.0,0.0,,,,,,,,,,,2024-09-09T07:55:00,,,,0,,,,,,,,,,,,,
2024-09-09 09:00:00,964.5,29.4,75.0,0.6,63.0,3.5,13.0,0.0,,,,,,,,,,,2024-09-09T08:10:00,,,,0,,,,,,,,,,,,,
2024-09-09 10:00:00,964.5,30.7,74.0,0.8,66.0,2.8,59.0,0.0,,,,,,,,,,,2024-09-09T09:56:00,,,,0,,,,,,,,,,,,,
2024-09-09 11:00:00,963.9,31.3,75.0,0.4,76.0,3.8,63.0,0.0,,,,,,,,,,,2024-09-09T10:41:00,,,,0,,,,,,,,,,,,,
2024-09-09 12:00:00,963.7,28.2,77.0,2.1,83.0,6.8,107.0,0.0,,,,,,,,,,,2024-09-09T12:00:00,,,,0,,,,,,,,,,,,,
2024-09-09 13:00:00,963.2,27.7,89.0,1.9,56.0,7.3,72.0,0.0,,,,,,,,,,,2024-09-09T12:03:00,,,,0,,,,,,,,,,,,,
2024-09-09 14:00:00,962.9,27.1,86.0,2.0,76.0,6.1,59.0,0.0,,,,,,,,,,,2024-09-09T13:23:00,,,,0,,,,,,,,,,,,,
2024-09-09 15:00:00,962.5,27.5,84.0,1.7,61.0,5.8,40.0,0.0,,,,,,,,,,,2024-09-09T14:28:00,,,,0,,,,,,,,,,,,,
2024-09-09 16:00:00,962.5,26.6,90.0,1.1,58.0,5.8,49.0,0.0,,,,,,,,,,,2024-09-09T15:15:00,,,,0,,,,,,,,,,,,,
2024-09-09 17:00:00,962.7,25.9,95.0,1.7,55.0,5.2,57.0,0.0,,,,,,,,,,,2024-09-09T16:21:00,,,,0,,,,,,,,,,,,,
2024-09-09 18:00:00,963.2,25.5,95.0,0.4,274.0,2.9,96.0,0.0,,,,,,,,,,,2024-09-09T17:46:00,,,,0,,,,,,,,,,,,,
2024-09-09 19:00:00,963.3,25.3,91.0,0.1,0.0,2.7,203.0,0.0,,,,,,,,,,,2024-09-09T18:19:00,,,,0,,,,,,,,,,,,,
2024-09-09 20:00:00,963.9,25.1,93.0,0.1,0.0,2.1,207.0,0.0,,,,,,,,,,,2024-09-09T19:36:00,,,,0,,,,,,,,,,,,,
2024-09-09 21:00:00,963.9,25.1,93.0,0.9,302.0,3.4,323.0,0.0,,,,,,,,,,,2024-09-09T20:37:00,,,,0,,,,,,,,,,,,,
2024-09-09 22:00:00,964.3,24.4,94.0,0.3,43.0,2.6,320.0,0.0,,,,,,,,,,,2024-09-09T21:07:00,,,,0,,,,,,,,,,,,,
2024-09-09 23:00:00,963.9,24.3,95.0,0.8,317.0,3.8,331.0,0.0,,,,,,,,,,,2024-09-09T22:36:00,,,,0,,,,,,,,,,,,,
2024-09-10 00:00:00,963.3,23.9,94.0,0.3,43.0,2.9,349.0,0.0,,,,,,,,,,,2024-09-09T23:15:00,,,,0,,,,,,,,,,,,,
2024-09-10 01:00:00,962.4,23.7,91.0,0.2,0.0,2.9,325.0,0.0,,,,,,,,,,,2024-09-10T00:20:00,,,,0,,,,,,,,,,,,,
2024-09-10 02:00:00,962.1,23.9,90.0,0.8,360.0,5.3,322.0,0.0,,,,,,,,,,,2024-09-10T01:38:00,,,,0,,,,,,,,,,,,,
2024-09-10 03:00:00,961.9,23.5,92.0,1.3,312.0,4.5,56.0,0.0,,,,,,,,,,,2024-09-10T02:12:00,,,,0,,,,,,,,,,,,,
2024-09-10 04:00:00,961.4,23.8,87.0,1.7,304.0,3.1,284.0,0.0,,,,,,,,,,,2024-09-10T03:58:00,,,,0,,,,,,,,,,,,,
2024-09-10 05:00:00,961.4,24.9,79.0,0.9,301.0,2.9,317.0,0.0,,,,,,,,,,,2024-09-10T04:06:00,,,,0,,,,,,,,,,,,,
2024-09-10 06:00:00,961.9,25.1,76.0,0.1,0.0,2.6,307.0,0.0,,,,,,,,,,,2024-09-10T05:30:00,,,,0,,,,,,,,,,,,,
2024-09-10 07:00:00,962.6,24.7,75.0,1.5,311.0,2.9,315.0,0.0,,,,,,,,,,,2024-09-10T06:41:00,,,,0,,,,,,,,,,,,,
2024-09-10 08:00:00,963.2,27.6,66.0,0.0,0.0,2.1,337.0,0.0,,,,,,,,,,,2024-09-10T07:21:00,,,,0,,,,,,,,,,,,,
2024-09-10 09:00:00,963.3,32.6,60.0,0.0,0.0,1.6,61.0,0.0,,,,,,,,,,,2024-09-10T08:14:00,,,,0,,,,,,,,,,,,,
2024-09-10 10:00:00,963.5,31.5,61.0,0.5,92.0,2.7,90.0,0.0,,,,,,,,,,,2024-09-10T09:43:00,,,,0,,,,,,,,,,,,,
2024-09-10 11:00:00,963.4,31.1,65.0,0.6,108.0,3.9,127.0,0.0,,,,,,,,,,,2024-09-10T10:39:00,,,,0,,,,,,,,,,,,,
2024-09-10 12:00:00,963.1,30.1,62.0,1.1,125.0,4.4,114.0,0.0,,,,,,,,,,,2024-09-10T11:35:00,,,,0,,,,,,,,,,,,,
2024-09-10 13:00:00,962.7,29.4,65.0,1.7,126.0,6.0,109.0,0.0,,,,,,,,,,,2024-09-10T12:55:00,,,,0,,,,,,,,,,,,,
2024-09-10 14:00:00,962.0,30.2,67.0,0.5,118.0,5.3,90.0,0.0,,,,,,,,,,,2024-09-10T13:03:00,,,,0,,,,,,,,,,,,,
2024-09-10 15:00:00,961.9,29.7,68.0,0.0,0.0,3.2,117.0,0.0,,,,,,,,,,,2024-09-10T14:07:00,,,,0,,,,,,,,,,,,,
2024-09-10 16:00:00,962.0,28.9,71.0,0.4,193.0,3.4,134.0,0.0,,,,,,,,,,,2024-09-10T15:04:00,,,,0,,,,,,,,,,,,,
2024-09-10 17:00:00,962.1,27.3,77.0,0.2,0.0,2.4,199.0,0.0,,,,,,,,,,,2024-09-10T16:08:00,,,,0,,,,,,,,,,,,,
2024-09-10 18:00:00,962.6,26.1,82.0,0.1,0.0,1.5,195.0,0.0,,,,,,,,,,,2024-09-10T17:13:00,,,,0,,,,,,,,,,,,,
2024-09-10 19:00:00,962.8,26.0,83.0,0.6,164.0,2.0,180.0,0.0,,,,,,,,,,,2024-09-10T18:17:00,,,,0,,,,,,,,,,,,,
2024-09-10 20:00:00,963.9,25.7,82.0,1.3,187.0,2.4,187.0,0.0,,,,,,,,,,,2024-09-10T19:48:00,,,,0,,,,,,,,,,,,,
2024-09-10 21:00:00,964.5,25.8,84.0,1.5,184.0,2.9,189.0,0.0,,,,,,,,,,,2024-09-10T20:43:00,,,,0,,,,,,,,,,,,,
2024-09-10 22:00:00,964.7,25.2,85.0,1.2,239.0,3.0,202.0,0.0,,,,,,,,,,,2024-09-10T21:13:00,,,,0,,,,,,,,,,,,,
2024-09-10 23:00:00,964.7,25.9,77.0,1.6,206.0,2.6,198.0,0.0,,,,,,,,,,,2024-09-10T22:24:00,,,,0,,,,,,,,,,,,,
2024-09-11 00:00:00,964.6,26.3,72.0,1.3,183.0,2.5,192.0,0.0,,,,,,,,,,,2024-09-10T23:57:00,,,,0,,,,,,,,,,,,,
2024-09-11 01:00:00,964.4,25.9,71.0,1.2,195.0,2.3,210.0,0.0,,,,,,,,,,,2024-09-11T00:28:00,,,,0,,,,,,,,,,,,,
2024-09-11 02:00:00,964.5,26.1,70.0,0.0,0.0,1.6,201.0,0.0,,,,,,,,,,,2024-09-11T01:01:00,,,,0,,,,,,,,,,,,,
2024-09-11 03:00:00,963.9,25.6,71.0,1.7,317.0,2.2,316.0,0.0,,,,,,,,,,,2024-09-11T03:00:00,,,,0,,,,,,,,,,,,,
2024-09-11 04:00:00,964.0,25.1,74.0,1.5,314.0,2.5,314.0,0.0,,,,,,,,,,,2024-09-11T03:17:00,,,,0,,,,,,,,,,,,,
2024-09-11 05:00:00,964.5,24.9,73.0,1.4,325.0,2.8,340.0,0.0,,,,,,,,,,,2024-09-11T04:05:00,,,,0,,,,,,,,,,,,,
2024-09-11 06:00:00,964.6,25.4,71.0,1.1,279.0,3.2,332.0,0.0,,,,,,,,,,,2024-09-11T05:02:00,,,,0,,,,,,,,,,,,,
2024-09-11 07:00:00,965.2,26.1,72.0,0.4,19.0,3.0,360.0,0.0,,,,,,,,,,,2024-09-11T06:44:00,,,,0,,,,,,,,,,,,,
2024-09-11 08:00:00,966.0,29.8,61.0,0.1,0.0,1.9,339.0,0.0,,,,,,,,,,,2024-09-11T07:05:00,,,,0,,,,,,,,,,,,,
2024-09-11 09:00:00,966.4,32.6,62.0,0.0,0.0,1.6,61.0,0.0,,,,,,,,,,,2024-09-11T08:23:00,,,,0,,,,,,,,,,,,,
2024-09-11 10:00:00,966.2,32.1,62.0,0.0,0.0,1.2,205.0,0.0,,,,,,,,,,,2024-09-11T09:58:00,,,,0,,,,,,,,,,,,,
2024-09-11 11:00:00,965.9,31.7,62.0,0.0,0.0,3.7,101.0,0.0,,,,,,,,,,,2024-09-11T10:40:00,,,,0,,,,,,,,,,,,,
2024-09-11 12:00:00,965.2,30.1,64.0,0.2,0.0,2.8,167.0,0.0,,,,,,,,,,,2024-09-11T11:16:00,,,,0,,,,,,,,,,,,,
2024-09-11 13:00:00,964.4,29.8,66.0,0.1,0.0,3.6,187.0,0.0,,,,,,,,,,,2024-09-11T12:39:00,,,,0,,,,,,,,,,,,,
2024-09-11 14:00:00,964.0,30.0,70.0,0.0,0.0,2.9,135.0,0.0,,,,,,,,,,,2024-09-11T13:27:00,,,,0,,,,,,,,,,,,,
2024-09-11 15:00:00,964.0,28.1,77.0,0.7,136.0,4.3,128.0,0.0,,,,,,,,,,,2024-09-11T14:56:00,,,,0,,,,,,,,,,,,,
2024-09-11 16:00:00,964.0,29.5,72.0,0.0,0.0,2.7,125.0,0.0,,,,,,,,,,,2024-09-11T15:22:00,,,,0,,,,,,,,,,,,,
2024-09-11 17:00:00,964.5,27.7,79.0,0.0,0.0,2.4,257.0,0.0,,,,,,,,,,,2024-09-11T16:04:00,,,,0,,,,,,,,,,,,,
2024-09-11 18:00:00,965.2,26.4,87.0,0.7,144.0,3.1,107.0,0.0,,,,,,,,,,,2024-09-11T17:24:00,,,,0,,,,,,,,,,,,,
2024-09-11 19:00:00,965.8,25.7,92.0,0.1,0.0,2.4,123.0,0.0,,,,,,,,,,,2024-09-11T18:04:00,,,,0,,,,,,,,,,,,,
2024-09-11 20:00:00,966.0,25.6,92.0,0.6,309.0,1.4,144.0,0.0,,,,,,,,,,,2024-09-11T19:11:00,,,,0,,,,,,,,,,,,,
2024-09-11 21:00:00,965.9,25.6,93.0,1.1,33.0,1.6,51.0,0.0,,,,,,,,,,,2024-09-11T21:00:00,,,,0,,,,,,,,,,,,,
2024-09-11 22:00:00,966.5,24.7,96.0,0.6,53.0,2.0,36.0,0.0,,,,,,,,,,,2024-09-11T22:00:00,,,,0,,,,,,,,,,,,,
2024-09-11 23:00:00,966.3,24.5,96.0,0.6,316.0,2.9,36.0,0.0,,,,,,,,,,,2024-09-11T22:31:00,,,,0,,,,,,,,,,,,,
2024-09-12 00:00:00,965.8,24.4,96.0,0.2,0.0,3.2,47.0,0.0,,,,,,,,,,,2024-09-11T23:49:00,,,,0,,,,,,,,,,,,,
2024-09-12 01:00:00,965.2,24.2,87.0,0.2,0.0,2.6,8.0,0.0,,,,,,,,,,,2024-09-12T00:18:00,,,,0,,,,,,,,,,,,,
2024-09-12 02:00:00,964.5,24.5,86.0,1.6,311.0,2.6,306.0,0.0,,,,,,,,,,,2024-09-12T01:17:00,,,,0,,,,,,,,,,,,,
2024-09-12 03:00:00,963.9,24.1,88.0,1.1,332.0,2.8,311.0,0.0,,,,,,,,,,,2024-09-12T02:19:00,,,,0,,,,,,,,,,,,,
2024-09-12 04:00:00,963.9,23.7,87.0,0.6,28.0,4.7,320.0,0.0,,,,,,,,,,,2024-09-12T03:20:00,,,,0,,,,,,,,,,,,,
2024-09-12 05:00:00,964.1,23.7,86.0,0.9,332.0,4.6,40.0,0.0,,,,,,,,,,,2024-09-12T04:06:00,,,,0,,,,,,,,,,,,,
2024-09-12 06:00:00,964.6,23.1,91.0,0.6,352.0,3.3,355.0,0.0,,,,,,,,,,,2024-09-12T05:39:00,,,,0,,,,,,,,,,,,,
2024-09-12 07:00:00,965.1,23.7,87.0,0.3,6.0,5.2,360.0,0.0,,,,,,,,,,,2024-09-12T06:12:00,,,,0,,,,,,,,,,,,,
2024-09-12 08:00:00,965.3,27.1,81.0,0.6,11.0,3.2,35.0,0.0,,,,,,,,,,,2024-09-12T07:53:00,,,,0,,,,,,,,,,,,,
2024-09-12 09:00:00,965.8,27.2,81.0,0.2,0.0,2.5,41.0,0.0,,,,,,,,,,,2024-09-12T08:04:00,,,,0,,,,,,,,,,,,,
2024-09-12 10:00:00,965.8,25.0,87.0,0.4,96.0,2.5,47.0,0.0,,,,,,,,,,,2024-09-12T09:35:00,,,,0,,,,,,,,,,,,,
2024-09-12 11:00:00,965.3,24.8,94.0,0.2,0.0,3.8,31.0,0.0,,,,,,,,,,,2024-09-12T10:44:00,,,,0,,,,,,,,,,,,,
2024-09-12 12:00:00,965.1,26.3,91.0,0.1,0.0,2.9,49.0,0.0,,,,,,,,,,,2024-09-12T11:30:00,,,,0,,,,,,,,,,,,,
2024-09-12 13:00:00,964.1,24.5,96.0,0.6,14.0,5.3,30.0,0.5,,,,,,,,,,,2024-09-12T12:54:00,,,,0,,,,,,,,,,,,,
2024-09-12 14:00:00,963.8,23.6,100.0,0.3,4.0,3.4,313.0,0.5,,,,,,,,,,,2024-09-12T13:07:00,,,,0,,,,,,,,,,,,,
2024-09-12 15:00:00,963.2,25.5,94.0,1.1,317.0,5.1,7.0,0.0,,,,,,,,,,,2024-09-12T14:47:00,,,,0,,,,,,,,,,,,,
2024-09-12 16:00:00,963.3,26.1,94.0,0.1,0.0,3.6,48.0,0.0,,,,,,,,,,,2024-09-12T15:29:00,,,,0,,,,,,,,,,,,,
2024-09-12 17:00:00,963.3,25.7,94.0,0.4,59.0,1.7,49.0,0.0,,,,,,,,,,,2024-09-12T16:53:00,,,,0,,,,,,,,,,,,,
2024-09-12 18:00:00,963.3,25.3,90.0,0.9,324.0,1.7,312.0,0.0,,,,,,,,,,,2024-09-12T18:00:00,,,,0,,,,,,,,,,,,,
2024-09-12 19:00:00,963.8,24.8,95.0,0.3,304.0,2.8,304.0,0.0,,,,,,,,,,,2024-09-12T18:08:00,,,,0,,,,,,,,,,,,,
2024-09-12 20:00:00,964.0,24.6,95.0,0.2,0.0,1.1,356.0,0.0,,,,,,,,,,,2024-09-12T19:19:00,,,,0,,,,,,,,,,,,,
2024-09-12 21:00:00,964.5,24.4,96.0,0.2,0.0,1.9,360.0,0.0,,,,,,,,,,,2024-09-12T20:48:00,,,,0,,,,,,,,,,,,,
2024-09-12 22:00:00,964.6,24.3,96.0,0.2,0.0,2.8,116.0,0.0,,,,,,,,,,,2024-09-12T21:24:00,,,,0,,,,,,,,,,,,,
2024-09-12 23:00:00,964.4,24.0,96.0,0.5,85.0,2.8,86.0,0.0,,,,,,,,,,,2024-09-12T22:27:00,,,,0,,,,,,,,,,,,,
2024-09-13 00:00:00,963.3,23.9,96.0,0.4,114.0,2.6,29.0,0.0,,,,,,,,,,,2024-09-12T23:51:00,,,,0,,,,,,,,,,,,,
2024-09-13 01:00:00,962.5,23.7,97.0,0.5,48.0,4.0,40.0,0.0,,,,,,,,,,,2024-09-13T00:45:00,,,,0,,,,,,,,,,,,,
2024-09-13 02:00:00,961.9,23.4,97.0,0.4,56.0,4.5,16.0,0.0,,,,,,,,,,,2024-09-13T01:22:00,,,,0,,,,,,,,,,,,,
2024-09-13 03:00:00,961.9,23.1,97.0,0.5,76.0,3.2,16.0,0.0,,,,,,,,,,,2024-09-13T02:25:00,,,,0,,,,,,,,,,,,,
2024-09-13 04:00:00,961.9,23.0,97.0,0.3,66.0,2.6,99.0,0.0,,,,,,,,,,,2024-09-13T03:37:00,,,,0,,,,,,,,,,,,,
2024-09-13 05:00:00,962.0,23.0,96.0,0.3,57.0,3.0,348.0,0.0,,,,,,,,,,,2024-09-13T04:09:00,,,,0,,,,,,,,,,,,,
2024-09-13 06:00:00,962.2,22.6,96.0,0.2,0.0,4.6,356.0,0.0,,,,,,,,,,,2024-09-13T05:18:00,,,,0,,,,,,,,,,,,,
2024-09-13 07:00:00,962.4,23.8,93.0,0.3,19.0,4.7,311.0,0.0,,,,,,,,,,,2024-09-13T06:25:00,,,,0,,,,,,,,,,,,,
2024-09-13 08:00:00,962.5,27.3,80.0,0.6,58.0,5.6,14.0,0.0,,,,,,,,,,,2024-09-13T07:53:00,,,,0,,,,,,,,,,,,,
2024-09-13 09:00:00,962.8,30.9,69.0,0.3,85.0,5.1,35.0,0.0,,,,,,,,,,,2024-09-13T08:28:00,,,,0,,,,,,,,,,,,,
2024-09-13 10:00:00,962.7,31.8,69.0,0.5,66.0,4.5,47.0,0.0,,,,,,,,,,,2024-09-13T09:02:00,,,,0,,,,,,,,,,,,,
2024-09-13 11:00:00,962.0,32.4,64.0,1.0,74.0,4.2,56.0,0.0,,,,,,,,,,,2024-09-13T10:47:00,,,,0,,,,,,,,,,,,,
2024-09-13 12:00:00,961.3,30.6,74.0,1.3,76.0,7.6,68.0,0.0,,,,,,,,,,,2024-09-13T11:44:00,,,,0,,,,,,,,,,,,,
2024-09-13 13:00:00,960.3,30.6,72.0,2.1,65.0,7.5,62.0,0.0,,,,,,,,,,,2024-09-13T12:54:00,,,,0,,,,,,,,,,,,,
2024-09-13 14:00:00,959.8,29.5,74.0,1.9,64.0,9.2,61.0,0.0,,,,,,,,,,,2024-09-13T13:59:00,,,,0,,,,,,,,,,,,,
2024-09-13 15:00:00,958.7,29.6,75.0,1.8,59.0,7.9,64.0,0.0,,,,,,,,,,,2024-09-13T14:39:00,,,,0,,,,,,,,,,,,,
2024-09-13 16:00:00,958.6,26.5,87.0,2.4,49.0,7.8,62.0,0.0,,,,,,,,,,,2024-09-13T15:22:00,,,,0,,,,,,,,,,,,,
2024-09-13 17:00:00,959.5,26.1,90.0,1.5,58.0,7.9,54.0,0.0,,,,,,,,,,,2024-09-13T16:03:00,,,,0,,,,,,,,,,,,,
2024-09-13 18:00:00,960.0,25.6,92.0,1.6,52.0,4.7,49.0,0.0,,,,,,,,,,,2024-09-13T17:04:00,,,,0,,,,,,,,,,,,,
2024-09-13 19:00:00,960.0,24.6,96.0,1.3,303.0,5.4,325.0,0.0,,,,,,,,,,,2024-09-13T18:44:00,,,,0,,,,,,,,,,,,,
2024-09-13 20:00:00,960.7,24.4,92.0,0.4,6.0,3.0,45.0,0.0,,,,,,,,,,,2024-09-13T19:30:00,,,,0,,,,,,,,,,,,,
2024-09-13 21:00:00,961.0,24.1,92.0,0.4,80.0,3.2,119.0,0.0,,,,,,,,,,,2024-09-13T20:49:00,,,,0,,,,,,,,,,,,,
2024-09-13 22:00:00,960.1,24.3,90.0,0.3,105.0,3.0,50.0,0.0,,,,,,,,,,,2024-09-13T21:36:00,,,,0,,,,,,,,,,,,,
2024-09-13 23:00:00,960.1,23.9,90.0,0.3,41.0,3.4,303.0,0.0,,,,,,,,,,,2024-09-13T22:27:00,,,,0,,,,,,,,,,,,,
2024-09-14 00:00:00,959.8,23.5,92.0,0.8,331.0,2.7,333.0,0.0,,,,,,,,,,,2024-09-13T23:25:00,,,,0,,,,,,,,,,,,,
2024-09-14 01:00:00,958.9,23.3,94.0,0.5,330.0,3.3,64.0,0.0,,,,,,,,,,,2024-09-14T00:12:00,,,,0,,,,,,,,,,,,,
2024-09-14 02:00:00,958.1,23.5,90.0,0.3,78.0,5.4,330.0,0.0,,,,,,,,,,,2024-09-14T01:30:00,,,,0,,,,,,,,,,,,,
2024-09-14 03:00:00,956.9,23.6,90.0,1.0,315.0,3.3,314.0,0.0,,,,,,,,,,,2024-09-14T02:57:00,,,,0,,,,,,,,,,,,,
2024-09-14 04:00:00,957.1,23.3,91.0,1.1,17.0,5.0,36.0,0.0,,,,,,,,,,,2024-09-14T03:57:00,,,,0,,,,,,,,,,,,,
2024-09-14 05:00:00,957.5,23.0,90.0,1.0,322.0,2.1,360.0,0.0,,,,,,,,,,,2024-09-14T04:15:00,,,,0,,,,,,,,,,,,,
2024-09-14 06:00:00,958.1,23.1,91.0,0.1,0.0,1.9,292.0,0.0,,,,,,,,,,,2024-09-14T05:08:00,,,,0,,,,,,,,,,,,,
2024-09-14 07:00:00,958.8,24.4,88.0,0.4,326.0,3.2,299.0,0.0,,,,,,,,,,,2024-09-14T06:29:00,,,,0,,,,,,,,,,,,,
2024-09-14 08:00:00,958.8,25.1,86.0,0.7,344.0,2.8,354.0,0.0,,,,,,,,,,,2024-09-14T08:00:00,,,,0,,,,,,,,,,,,,
2024-09-14 09:00:00,958.8,25.5,86.0,0.8,319.0,4.8,310.0,0.0,,,,,,,,,,,2024-09-14T08:47:00,,,,0,,,,,,,,,,,,,
2024-09-14 10:00:00,958.8,28.0,80.0,0.8,57.0,5.8,54.0,0.0,,,,,,,,,,,2024-09-14T09:43:00,,,,0,,,,,,,,,,,,,
2024-09-14 11:00:00,958.6,30.0,70.0,0.2,0.0,2.3,52.0,0.0,,,,,,,,,,,2024-09-14T10:21:00,,,,0,,,,,,,,,,,,,
2024-09-14 12:00:00,958.0,32.2,59.0,0.3,56.0,4.5,59.0,0.0,,,,,,,,,,,2024-09-14T11:57:00,,,,0,,,,,,,,,,,,,
2024-09-14 13:00:00,957.3,27.9,66.0,0.6,125.0,4.2,77.0,0.0,,,,,,,,,,,2024-09-14T12:04:00,,,,0,,,,,,,,,,,,,
2024-09-14 14:00:00,956.3,27.1,82.0,0.1,0.0,4.2,141.0,0.0,,,,,,,,,,,2024-09-14T13:09:00,,,,0,,,,,,,,,,,,,
2024-09-14 15:00:00,956.1,27.9,78.0,0.1,0.0,2.5,118.0,0.0,,,,,,,,,,,2024-09-14T14:25:00,,,,0,,,,,,,,,,,,,
2024-09-14 16:00:00,956.2,25.9,82.0,1.5,108.0,4.9,110.0,0.0,,,,,,,,,,,2024-09-14T15:57:00,,,,0,,,,,,,,,,,,,
2024-09-14 17:00:00,956.1,25.5,88.0,1.0,123.0,4.7,105.0,0.0,,,,,,,,,,,2024-09-14T16:02:00,,,,0,,,,,,,,,,,,,
2024-09-14 18:00:00,956.3,24.9,93.0,0.8,88.0,4.0,109.0,0.0,,,,,,,,,,,2024-09-14T17:50:00,,,,0,,,,,,,,,,,,,
2024-09-14 19:00:00,957.0,24.8,95.0,0.3,245.0,4.4,113.0,0.0,,,,,,,,,,,2024-09-14T18:01:00,,,,0,,,,,,,,,,,,,
2024-09-14 20:00:00,958.1,23.3,100.0,1.6,313.0,4.0,331.0,4.5,,,,,,,,,,,2024-09-14T19:37:00,,,,0,,,,,,,,,,,,,
2024-09-14 21:00:00,958.8,22.5,96.0,1.9,283.0,3.2,324.0,0.5,,,,,,,,,,,2024-09-14T20:02:00,,,,0,,,,,,,,,,,,,
2024-09-14 22:00:00,958.8,23.2,98.0,1.1,239.0,2.6,274.0,0.0,,,,,,,,,,,2024-09-14T21:02:00,,,,0,,,,,,,,,,,,,
2024-09-14 23:00:00,958.6,23.3,96.0,1.4,268.0,2.2,208.0,0.0,,,,,,,,,,,2024-09-14T22:21:00,,,,0,,,,,,,,,,,,,
2024-09-15 00:00:00,958.2,23.9,87.0,0.2,0.0,1.9,278.0,0.0,,,,,,,,,,,2024-09-14T23:02:00,,,,0,,,,,,,,,,,,,
2024-09-15 01:00:00,957.9,24.0,84.0,0.7,30.0,1.5,32.0,0.0,,,,,,,,,,,2024-09-15T00:54:00,,,,0,,,,,,,,,,,,,
2024-09-15 02:00:00,957.5,24.2,82.0,1.1,353.0,1.6,354.0,0.0,,,,,,,,,,,2024-09-15T01:44:00,,,,0,,,,,,,,,,,,,
2024-09-15 03:00:00,956.9,23.8,86.0,1.2,258.0,1.8,265.0,0.0,,,,,,,,,,,2024-09-15T02:57:00,,,,0,,,,,,,,,,,,,
2024-09-15 04:00:00,956.9,23.8,84.0,0.8,236.0,2.2,274.0,0.0,,,,,,,,,,,2024-09-15T03:15:00,,,,0,,,,,,,,,,,,,
2024-09-15 05:00:00,956.9,23.8,81.0,0.7,217.0,2.0,205.0,0.0,,,,,,,,,,,2024-09-15T04:48:00,,,,0,,,,,,,,,,,,,
2024-09-15 06:00:00,957.5,24.2,79.0,0.3,202.0,2.1,195.0,0.0,,,,,,,,,,,2024-09-15T05:03:00,,,,0,,,,,,,,,,,,,
2024-09-15 07:00:00,958.2,25.5,76.0,0.1,0.0,2.2,203.0,0.0,,,,,,,,,,,2024-09-15T06:15:00,,,,0,,,,,,,,,,,,,
2024-09-15 08:00:00,958.8,27.8,77.0,0.1,0.0,1.5,194.0,0.0,,,,,,,,,,,2024-09-15T07:55:00,,,,0,,,,,,,,,,,,,
2024-09-15 09:00:00,958.9,29.9,71.0,0.0,0.0,1.3,154.0,0.0,,,,,,,,,,,2024-09-15T08:03:00,,,,0,,,,,,,,,,,,,
2024-09-15 10:00:00,959.4,31.3,68.0,0.0,0.0,1.3,182.0,0.0,,,,,,,,,,,2024-09-15T09:47:00,,,,0,,,,,,,,,,,,,
2024-09-15 11:00:00,959.4,28.1,77.0,0.2,0.0,2.5,150.0,0.0,,,,,,,,,,,2024-09-15T10:25:00,,,,0,,,,,,,,,,,,,
2024-09-15 12:00:00,959.2,28.6,78.0,0.6,142.0,3.5,144.0,0.0,,,,,,,,,,,2024-09-15T11:50:00,,,,0,,,,,,,,,,,,,
2024-09-15 13:00:00,958.7,28.5,75.0,0.9,131.0,5.9,114.0,0.0,,,,,,,,,,,2024-09-15T12:19:00,,,,0,,,,,,,,,,,,,
2024-09-15 14:00:00,958.0,28.0,78.0,0.4,102.0,4.7,111.0,0.0,,,,,,,,,,,2024-09-15T13:02:00,,,,0,,,,,,,,,,,,,
2024-09-15 15:00:00,958.0,26.9,78.0,1.1,130.0,4.2,133.0,0.0,,,,,,,,,,,2024-09-15T14:37:00,,,,0,,,,,,,,,,,,,
2024-09-15 16:00:00,958.1,26.7,81.0,0.4,139.0,3.0,115.0,0.0,,,,,,,,,,,2024-09-15T15:35:00,,,,0,,,,,,,,,,,,,
2024-09-15 17:00:00,958.3,25.9,87.0,1.3,116.0,3.5,107.0,0.0,,,,,,,,,,,2024-09-15T16:02:00,,,,0,,,,,,,,,,,,,
2024-09-15 18:00:00,958.6,25.2,87.0,1.1,129.0,3.5,110.0,0.0,,,,,,,,,,,2024-09-15T17:07:00,,,,0,,,,,,,,,,,,,
2024-09-15 19:00:00,959.4,25.1,88.0,0.7,133.0,2.4,111.0,0.0,,,,,,,,,,,2024-09-15T18:09:00,,,,0,,,,,,,,,,,,,
2024-09-15 20:00:00,960.1,24.9,89.0,0.3,68.0,1.7,124.0,0.0,,,,,,,,,,,2024-09-15T19:08:00,,,,0,,,,,,,,,,,,,
2024-09-15 21:00:00,960.7,24.9,90.0,0.8,9.0,1.8,59.0,0.0,,,,,,,,,,,2024-09-15T20:34:00,,,,0,,,,,,,,,,,,,
2024-09-15 22:00:00,960.8,24.1,94.0,1.0,61.0,1.9,53.0,0.0,,,,,,,,,,,2024-09-15T22:00:00,,,,0,,,,,,,,,,,,,
2024-09-15 23:00:00,961.1,23.9,95.0,0.2,0.0,2.4,46.0,0.0,,,,,,,,,,,2024-09-15T22:33:00,,,,0,,,,,,,,,,,,,
2024-09-16 00:00:00,961.2,23.8,96.0,0.2,0.0,1.7,62.0,0.0,,,,,,,,,,,2024-09-15T23:53:00,,,,0,,,,,,,,,,,,,
2024-09-16 01:00:00,960.6,23.7,97.0,0.3,32.0,1.8,152.0,0.0,,,,,,,,,,,2024-09-16T00:42:00,,,,0,,,,,,,,,,,,,
2024-09-16 02:00:00,960.0,23.5,99.0,0.7,18.0,3.5,37.0,0.0,,,,,,,,,,,2024-09-16T01:53:00,,,,0,,,,,,,,,,,,,
2024-09-16 03:00:00,960.0,23.1,97.0,1.0,343.0,3.0,336.0,0.0,,,,,,,,,,,2024-09-16T02:46:00,,,,0,,,,,,,,,,,,,
2024-09-16 04:00:00,960.2,23.1,95.0,0.3,4.0,3.8,336.0,0.0,,,,,,,,,,,2024-09-16T03:09:00,,,,0,,,,,,,,,,,,,
2024-09-16 05:00:00,960.6,23.1,96.0,1.5,322.0,3.9,5.0,0.0,,,,,,,,,,,2024-09-16T04:31:00,,,,0,,,,,,,,,,,,,
2024-09-16 06:00:00,960.0,23.4,88.0,0.3,336.0,4.8,321.0,0.0,,,,,,,,,,,2024-09-16T05:28:00,,,,0,,,,,,,,,,,,,
2024-09-16 07:00:00,960.7,24.3,85.0,1.0,344.0,4.7,47.0,0.0,,,,,,,,,,,2024-09-16T06:52:00,,,,0,,,,,,,,,,,,,
2024-09-16 08:00:00,961.1,27.7,73.0,0.4,75.0,4.1,317.0,0.0,,,,,,,,,,,2024-09-16T07:05:00,,,,0,,,,,,,,,,,,,
2024-09-16 09:00:00,961.3,27.9,77.0,0.3,53.0,3.2,46.0,0.0,,,,,,,,,,,2024-09-16T08:22:00,,,,0,,,,,,,,,,,,,
2024-09-16 10:00:00,961.9,29.2,75.0,0.7,59.0,3.2,37.0,0.0,,,,,,,,,,,2024-09-16T09:54:00,,,,0,,,,,,,,,,,,,
2024-09-16 11:00:00,961.9,29.6,68.0,0.6,310.0,3.1,40.0,0.0,,,,,,,,,,,2024-09-16T10:38:00,,,,0,,,,,,,,,,,,,
2024-09-16 12:00:00,960.7,30.0,75.0,0.2,0.0,3.7,68.0,0.0,,,,,,,,,,,2024-09-16T11:44:00,,,,0,,,,,,,,,,,,,
2024-09-16 13:00:00,960.1,28.9,77.0,1.1,73.0,4.5,124.0,0.0,,,,,,,,,,,2024-09-16T12:57:00,,,,0,,,,,,,,,,,,,
2024-09-16 14:00:00,960.1,28.3,82.0,1.9,63.0,6.6,42.0,0.0,,,,,,,,,,,2024-09-16T13:59:00,,,,0,,,,,,,,,,,,,
2024-09-16 15:00:00,960.1,28.7,81.0,0.9,61.0,6.0,61.0,0.0,,,,,,,,,,,2024-09-16T14:10:00,,,,0,,,,,,,,,,,,,
2024-09-16 16:00:00,960.7,27.3,88.0,1.9,55.0,5.4,47.0,0.0,,,,,,,,,,,2024-09-16T15:18:00,,,,0,,,,,,,,,,,,,
2024-09-16 17:00:00,961.2,27.2,91.0,0.6,37.0,5.5,57.0,0.0,,,,,,,,,,,2024-09-16T16:07:00,,,,0,,,,,,,,,,,,,
2024-09-16 18:00:00,961.3,25.5,96.0,0.6,58.0,3.3,335.0,0.5,,,,,,,,,,,2024-09-16T17:20:00,,,,0,,,,,,,,,,,,,
2024-09-16 19:00:00,961.9,25.4,96.0,0.7,69.0,5.1,25.0,0.0,,,,,,,,,,,2024-09-16T18:51:00,,,,0,,,,,,,,,,,,,
2024-09-16 20:00:00,962.6,25.5,95.0,0.3,66.0,3.5,59.0,0.0,,,,,,,,,,,2024-09-16T19:09:00,,,,0,,,,,,,,,,,,,
2024-09-16 21:00:00,962.6,25.1,96.0,0.8,85.0,5.0,58.0,0.0,,,,,,,,,,,2024-09-16T20:52:00,,,,0,,,,,,,,,,,,,
2024-09-16 22:00:00,962.6,25.2,96.0,0.8,90.0,4.5,124.0,0.0,,,,,,,,,,,2024-09-16T21:18:00,,,,0,,,,,,,,,,,,,
2024-09-16 23:00:00,962.2,24.7,99.0,0.6,94.0,3.5,110.0,0.0,,,,,,,,,,,2024-09-16T22:01:00,,,,0,,,,,,,,,,,,,
2024-09-17 00:00:00,962.0,24.8,98.0,0.6,28.0,4.7,51.0,0.0,,,,,,,,,,,2024-09-16T23:15:00,,,,0,,,,,,,,,,,,,
2024-09-17 01:00:00,962.1,24.4,100.0,0.4,81.0,3.2,8.0,0.5,,,,,,,,,,,2024-09-17T00:08:00,,,,0,,,,,,,,,,,,,
2024-09-17 02:00:00,962.3,24.1,100.0,0.8,40.0,5.9,117.0,4.5,,,,,,,,,,,2024-09-17T01:09:00,,,,0,,,,,,,,,,,,,
2024-09-17 03:00:00,962.0,23.8,100.0,0.9,337.0,5.4,323.0,19.5,,,,,,,,,,,2024-09-17T02:56:00,,,,0,,,,,,,,,,,,,
2024-09-17 04:00:00,962.7,23.8,100.0,0.6,319.0,2.7,32.0,7.5,,,,,,,,,,,2024-09-17T03:02:00,,,,0,,,,,,,,,,,,,
2024-09-17 05:00:00,962.7,23.6,100.0,0.7,62.0,5.7,77.0,0.0,,,,,,,,,,,2024-09-17T04:45:00,,,,0,,,,,,,,,,,,,
2024-09-17 06:00:00,963.2,23.1,100.0,0.6,85.0,4.4,53.0,0.5,,,,,,,,,,,2024-09-17T05:39:00,,,,0,,,,,,,,,,,,,
2024-09-17 07:00:00,963.3,24.1,100.0,0.6,73.0,4.1,81.0,0.0,,,,,,,,,,,2024-09-17T06:37:00,,,,0,,,,,,,,,,,,,
2024-09-17 08:00:00,963.2,26.4,93.0,0.4,110.0,3.2,118.0,0.0,,,,,,,,,,,2024-09-17T07:46:00,,,,0,,,,,,,,,,,,,
2024-09-17 09:00:00,963.8,26.0,91.0,0.8,50.0,4.9,30.0,0.0,,,,,,,,,,,2024-09-17T08:15:00,,,,0,,,,,,,,,,,,,
2024-09-17 10:00:00,963.9,29.4,84.0,0.7,69.0,6.6,43.0,0.0,,,,,,,,,,,2024-09-17T09:03:00,,,,0,,,,,,,,,,,,,
2024-09-17 11:00:00,963.9,31.1,72.0,0.8,72.0,3.4,56.0,0.0,,,,,,,,,,,2024-09-17T10:56:00,,,,0,,,,,,,,,,,,,
2024-09-17 12:00:00,963.2,29.3,71.0,2.2,68.0,8.9,61.0,0.0,,,,,,,,,,,2024-09-17T11:40:00,,,,0,,,,,,,,,,,,,
2024-09-17 13:00:00,962.0,29.4,71.0,2.7,60.0,9.0,63.0,0.0,,,,,,,,,,,2024-09-17T12:01:00,,,,0,,,,,,,,,,,,,
2024-09-17 14:00:00,961.3,28.8,75.0,3.1,61.0,10.6,46.0,0.0,,,,,,,,,,,2024-09-17T13:57:00,,,,0,,,,,,,,,,,,,
2024-09-17 15:00:00,960.8,28.0,77.0,2.3,68.0,11.7,47.0,0.0,,,,,,,,,,,2024-09-17T14:17:00,,,,0,,,,,,,,,,,,,
2024-09-17 16:00:00,960.8,28.6,80.0,2.5,48.0,9.9,60.0,0.0,,,,,,,,,,,2024-09-17T15:24:00,,,,0,,,,,,,,,,,,,
2024-09-17 17:00:00,960.7,26.9,83.0,1.9,47.0,8.9,68.0,0.0,,,,,,,,,,,2024-09-17T16:01:00,,,,0,,,,,,,,,,,,,
2024-09-17 18:00:00,961.3,25.4,78.0,0.5,91.0,4.7,55.0,0.0,,,,,,,,,,,2024-09-17T17:10:00,,,,0,,,,,,,,,,,,,
2024-09-17 19:00:00,961.9,25.1,83.0,0.4,72.0,3.3,86.0,0.0,,,,,,,,,,,2024-09-17T18:03:00,,,,0,,,,,,,,,,,,,
2024-09-17 20:00:00,962.1,24.7,87.0,0.7,84.0,5.1,62.0,0.0,,,,,,,,,,,2024-09-17T19:57:00,,,,0,,,,,,,,,,,,,
2024-09-17 21:00:00,963.2,24.5,88.0,0.8,47.0,5.3,50.0,0.0,,,,,,,,,,,2024-09-17T20:01:00,,,,0,,,,,,,,,,,,,
2024-09-17 22:00:00,962.6,24.3,92.0,0.9,78.0,5.3,60.0,0.0,,,,,,,,,,,2024-09-17T21:17:00,,,,0,,,,,,,,,,,,,
2024-09-17 23:00:00,962.1,24.3,93.0,0.7,72.0,5.1,47.0,0.0,,,,,,,,,,,2024-09-17T22:20:00,,,,0,,,,,,,,,,,,,
2024-09-18 00:00:00,962.1,24.4,90.0,0.5,76.0,4.5,357.0,0.0,,,,,,,,,,,2024-09-17T23:40:00,,,,0,,,,,,,,,,,,,
2024-09-18 01:00:00,962.0,23.4,97.0,0.4,99.0,4.2,54.0,0.0,,,,,,,,,,,2024-09-18T00:24:00,,,,0,,,,,,,,,,,,,
2024-09-18 02:00:00,961.2,22.7,99.0,0.8,31.0,6.7,353.0,0.0,,,,,,,,,,,2024-09-18T01:52:00,,,,0,,,,,,,,,,,,,
2024-09-18 03:00:00,960.7,22.5,99.0,0.6,75.0,4.0,92.0,0.0,,,,,,,,,,,2024-09-18T02:40:00,,,,0,,,,,,,,,,,,,
2024-09-18 04:00:00,961.4,22.7,95.0,0.7,79.0,8.3,58.0,0.0,,,,,,,,,,,2024-09-18T03:22:00,,,,0,,,,,,,,,,,,,
2024-09-18 05:00:00,960.6,23.3,88.0,0.9,55.0,5.2,53.0,0.0,,,,,,,,,,,2024-09-18T04:59:00,,,,0,,,,,,,,,,,,,
2024-09-18 06:00:00,960.6,23.3,85.0,0.4,97.0,4.3,54.0,0.0,,,,,,,,,,,2024-09-18T05:10:00,,,,0,,,,,,,,,,,,,
2024-09-18 07:00:00,961.3,25.7,81.0,0.5,92.0,3.6,34.0,0.0,,,,,,,,,,,2024-09-18T06:40:00,,,,0,,,,,,,,,,,,,
2024-09-18 08:00:00,961.5,28.0,77.0,0.6,70.0,5.7,2.0,0.0,,,,,,,,,,,2024-09-18T07:51:00,,,,0,,,,,,,,,,,,,
2024-09-18 09:00:00,962.1,30.7,72.0,0.1,0.0,2.9,34.0,0.0,,,,,,,,,,,2024-09-18T08:04:00,,,,0,,,,,,,,,,,,,
2024-09-18 10:00:00,961.3,31.5,70.0,0.5,76.0,2.7,28.0,0.0,,,,,,,,,,,2024-09-18T09:12:00,,,,0,,,,,,,,,,,,,
2024-09-18 11:00:00,960.7,31.3,76.0,1.1,67.0,6.2,64.0,0.0,,,,,,,,,,,2024-09-18T10:51:00,,,,0,,,,,,,,,,,,,
2024-09-18 12:00:00,960.6,29.8,78.0,0.2,0.0,4.6,57.0,0.0,,,,,,,,,,,2024-09-18T11:15:00,,,,0,,,,,,,,,,,,,
2024-09-18 13:00:00,960.0,29.0,77.0,1.2,93.0,4.6,105.0,0.0,,,,,,,,,,,2024-09-18T13:00:00,,,,0,,,,,,,,,,,,,
2024-09-18 14:00:00,959.2,29.9,79.0,1.6,66.0,6.3,61.0,0.0,,,,,,,,,,,2024-09-18T13:45:00,,,,0,,,,,,,,,,,,,
2024-09-18 15:00:00,958.8,28.6,83.0,1.8,56.0,7.2,64.0,0.0,,,,,,,,,,,2024-09-18T14:58:00,,,,0,,,,,,,,,,,,,
2024-09-18 16:00:00,959.0,28.4,84.0,0.5,62.0,5.7,58.0,0.0,,,,,,,,,,,2024-09-18T15:10:00,,,,0,,,,,,,,,,,,,
2024-09-18 17:00:00,958.9,26.4,91.0,1.0,54.0,2.6,58.0,0.0,,,,,,,,,,,2024-09-18T16:08:00,,,,0,,,,,,,,,,,,,
2024-09-18 18:00:00,959.0,25.2,90.0,0.4,84.0,3.7,22.0,0.0,,,,,,,,,,,2024-09-18T17:32:00,,,,0,,,,,,,,,,,,,
2024-09-18 19:00:00,959.5,24.5,91.0,0.1,0.0,3.0,60.0,0.0,,,,,,,,,,,2024-09-18T18:44:00,,,,0,,,,,,,,,,,,,
2024-09-18 20:00:00,960.4,24.6,91.0,0.4,321.0,2.8,308.0,0.0,,,,,,,,,,,2024-09-18T19:39:00,,,,0,,,,,,,,,,,,,
2024-09-18 21:00:00,961.2,24.7,91.0,1.3,304.0,2.5,305.0,0.0,,,,,,,,,,,2024-09-18T20:52:00,,,,0,,,,,,,,,,,,,
2024-09-18 22:00:00,961.3,24.5,92.0,1.8,317.0,4.1,327.0,0.0,,,,,,,,,,,2024-09-18T21:55:00,,,,0,,,,,,,,,,,,,
2024-09-18 23:00:00,961.2,24.3,92.0,1.6,308.0,2.7,304.0,0.0,,,,,,,,,,,2024-09-18T22:58:00,,,,0,,,,,,,,,,,,,
2024-09-19 00:00:00,960.7,24.7,88.0,1.2,19.0,2.5,313.0,0.0,,,,,,,,,,,2024-09-18T23:45:00,,,,0,,,,,,,,,,,,,
2024-09-19 01:00:00,960.1,24.9,84.0,0.2,0.0,2.2,32.0,0.0,,,,,,,,,,,2024-09-19T00:05:00,,,,0,,,,,,,,,,,,,
2024-09-19 02:00:00,960.1,25.1,82.0,1.4,184.0,2.5,188.0,0.0,,,,,,,,,,,2024-09-19T01:55:00,,,,0,,,,,,,,,,,,,
2024-09-19 03:00:00,959.5,24.8,83.0,1.1,187.0,3.3,216.0,0.0,,,,,,,,,,,2024-09-19T02:20:00,,,,0,,,,,,,,,,,,,
2024-09-19 04:00:00,959.2,24.7,85.0,1.5,201.0,3.3,204.0,0.0,,,,,,,,,,,2024-09-19T03:29:00,,,,0,,,,,,,,,,,,,
2024-09-19 05:00:00,959.3,24.8,85.0,0.4,47.0,2.5,204.0,0.0,,,,,,,,,,,2024-09-19T04:18:00,,,,0,,,,,,,,,,,,,
2024-09-19 06:00:00,959.5,24.9,83.0,0.6,242.0,1.8,201.0,0.0,,,,,,,,,,,2024-09-19T05:38:00,,,,0,,,,,,,,,,,,,
2024-09-19 07:00:00,960.1,26.8,81.0,0.2,0.0,2.1,211.0,0.0,,,,,,,,,,,2024-09-19T06:05:00,,,,0,,,,,,,,,,,,,
2024-09-19 08:00:00,961.0,29.2,77.0,0.4,140.0,1.5,185.0,0.0,,,,,,,,,,,2024-09-19T07:15:00,,,,0,,,,,,,,,,,,,
2024-09-19 09:00:00,961.4,29.9,73.0,0.5,149.0,2.0,148.0,0.0,,,,,,,,,,,2024-09-19T08:42:00,,,,0,,,,,,,,,,,,,
2024-09-19 10:00:00,961.5,28.5,80.0,0.8,169.0,3.1,205.0,0.0,,,,,,,,,,,2024-09-19T09:52:00,,,,0,,,,,,,,,,,,,
2024-09-19 11:00:00,961.4,28.8,79.0,0.6,169.0,3.3,212.0,0.0,,,,,,,,,,,2024-09-19T10:24:00,,,,0,,,,,,,,,,,,,
2024-09-19 12:00:00,960.8,29.2,81.0,0.4,174.0,3.4,185.0,0.0,,,,,,,,,,,2024-09-19T11:27:00,,,,0,,,,,,,,,,,,,
2024-09-19 13:00:00,960.7,28.6,83.0,0.6,175.0,4.6,224.0,0.0,,,,,,,,,,,2024-09-19T12:52:00,,,,0,,,,,,,,,,,,,
2024-09-19 14:00:00,960.1,27.2,88.0,0.9,174.0,4.3,150.0,0.0,,,,,,,,,,,2024-09-19T13:56:00,,,,0,,,,,,,,,,,,,
2024-09-19 15:00:00,959.8,28.1,86.0,0.2,0.0,5.0,196.0,0.0,,,,,,,,,,,2024-09-19T14:21:00,,,,0,,,,,,,,,,,,,
2024-09-19 16:00:00,959.9,27.8,87.0,0.1,0.0,3.8,203.0,0.0,,,,,,,,,,,2024-09-19T15:52:00,,,,0,,,,,,,,,,,,,
2024-09-19 17:00:00,960.0,27.0,91.0,0.0,0.0,1.8,191.0,0.0,,,,,,,,,,,2024-09-19T16:29:00,,,,0,,,,,,,,,,,,,
2024-09-19 18:00:00,960.3,26.3,96.0,1.2,136.0,3.5,137.0,0.0,,,,,,,,,,,2024-09-19T17:57:00,,,,0,,,,,,,,,,,,,
2024-09-19 19:00:00,961.0,25.9,99.0,0.9,139.0,5.5,132.0,0.0,,,,,,,,,,,2024-09-19T18:56:00,,,,0,,,,,,,,,,,,,
2024-09-19 20:00:00,962.2,25.5,99.0,1.1,173.0,4.8,116.0,0.0,,,,,,,,,,,2024-09-19T19:02:00,,,,0,,,,,,,,,,,,,
2024-09-19 21:00:00,962.8,25.0,96.0,0.3,153.0,4.1,191.0,0.0,,,,,,,,,,,2024-09-19T20:19:00,,,,0,,,,,,,,,,,,,
2024-09-19 22:00:00,962.7,25.2,97.0,0.7,144.0,2.1,155.0,0.0,,,,,,,,,,,2024-09-19T21:18:00,,,,0,,,,,,,,,,,,,
2024-09-19 23:00:00,962.6,25.0,97.0,1.2,187.0,2.7,200.0,0.0,,,,,,,,,,,2024-09-19T23:00:00,,,,0,,,,,,,,,,,,,
2024-09-20 00:00:00,963.2,24.9,97.0,0.2,0.0,2.7,202.0,0.0,,,,,,,,,,,2024-09-19T23:03:00,,,,0,,,,,,,,,,,,,
2024-09-20 01:00:00,962.6,24.9,96.0,0.0,0.0,1.0,248.0,0.0,,,,,,,,,,,2024-09-20T01:00:00,,,,0,,,,,,,,,,,,,
2024-09-20 02:00:00,961.9,24.7,94.0,1.3,323.0,1.9,270.0,0.0,,,,,,,,,,,2024-09-20T01:07:00,,,,0,,,,,,,,,,,,,
2024-09-20 03:00:00,961.9,24.8,91.0,1.0,351.0,2.2,2.0,0.0,,,,,,,,,,,2024-09-20T02:08:00,,,,0,,,,,,,,,,,,,
2024-09-20 04:00:00,961.9,24.4,95.0,0.9,165.0,2.8,196.0,0.0,,,,,,,,,,,2024-09-20T03:44:00,,,,0,,,,,,,,,,,,,
2024-09-20 05:00:00,961.4,23.8,99.0,1.7,260.0,3.5,279.0,0.0,,,,,,,,,,,2024-09-20T04:57:00,,,,0,,,,,,,,,,,,,
2024-09-20 06:00:00,962.1,25.2,86.0,0.7,167.0,3.2,277.0,0.0,,,,,,,,,,,2024-09-20T05:03:00,,,,0,,,,,,,,,,,,,
2024-09-20 07:00:00,962.6,25.4,91.0,0.1,0.0,3.2,211.0,0.0,,,,,,,,,,,2024-09-20T06:15:00,,,,0,,,,,,,,,,,,,
2024-09-20 08:00:00,963.3,25.7,90.0,0.8,194.0,3.1,189.0,0.0,,,,,,,,,,,2024-09-20T07:37:00,,,,0,,,,,,,,,,,,,
2024-09-20 09:00:00,964.0,24.7,95.0,1.2,184.0,4.2,202.0,0.0,,,,,,,,,,,2024-09-20T08:39:00,,,,0,,,,,,,,,,,,,
2024-09-20 10:00:00,963.9,27.1,91.0,1.1,312.0,3.7,307.0,0.5,,,,,,,,,,,2024-09-20T09:44:00,,,,0,,,,,,,,,,,,,
2024-09-20 11:00:00,963.7,31.1,80.0,0.1,0.0,2.5,304.0,0.0,,,,,,,,,,,2024-09-20T10:02:00,,,,0,,,,,,,,,,,,,
2024-09-20 12:00:00,962.7,29.4,77.0,0.8,173.0,3.7,114.0,0.0,,,,,,,,,,,2024-09-20T11:32:00,,,,0,,,,,,,,,,,,,
2024-09-20 13:00:00,962.6,29.0,78.0,0.5,157.0,3.0,205.0,0.0,,,,,,,,,,,2024-09-20T12:24:00,,,,0,,,,,,,,,,,,,
2024-09-20 14:00:00,961.9,29.7,79.0,0.3,205.0,3.6,201.0,0.0,,,,,,,,,,,2024-09-20T13:53:00,,,,0,,,,,,,,,,,,,
2024-09-20 15:00:00,961.8,28.4,78.0,0.3,170.0,2.9,188.0,0.0,,,,,,,,,,,2024-09-20T14:41:00,,,,0,,,,,,,,,,,,,
2024-09-20 16:00:00,961.8,27.5,86.0,0.3,198.0,2.5,206.0,0.0,,,,,,,,,,,2024-09-20T15:40:00,,,,0,,,,,,,,,,,,,
2024-09-20 17:00:00,962.0,26.6,89.0,0.0,0.0,2.4,212.0,0.0,,,,,,,,,,,2024-09-20T16:01:00,,,,0,,,,,,,,,,,,,
2024-09-20 18:00:00,962.0,25.8,94.0,0.5,177.0,1.8,203.0,0.0,,,,,,,,,,,2024-09-20T17:38:00,,,,0,,,,,,,,,,,,,
2024-09-20 19:00:00,962.0,25.3,97.0,0.9,202.0,1.6,189.0,0.0,,,,,,,,,,,2024-09-20T18:11:00,,,,0,,,,,,,,,,,,,
2024-09-20 20:00:00,962.8,25.5,95.0,0.3,335.0,1.1,61.0,0.0,,,,,,,,,,,2024-09-20T19:20:00,,,,0,,,,,,,,,,,,,
2024-09-20 21:00:00,963.2,25.1,97.0,1.2,318.0,1.8,311.0,0.0,,,,,,,,,,,2024-09-20T20:37:00,,,,0,,,,,,,,,,,,,
2024-09-20 22:00:00,963.0,25.4,96.0,0.1,0.0,1.6,312.0,0.0,,,,,,,,,,,2024-09-20T21:08:00,,,,0,,,,,,,,,,,,,
2024-09-20 23:00:00,962.6,24.8,94.0,1.1,186.0,2.3,200.0,0.0,,,,,,,,,,,2024-09-20T22:59:00,,,,0,,,,,,,,,,,,,
2024-09-21 00:00:00,961.9,24.9,91.0,0.6,161.0,3.2,198.0,0.0,,,,,,,,,,,2024-09-20T23:11:00,,,,0,,,,,,,,,,,,,
2024-09-21 01:00:00,961.2,24.6,90.0,0.6,165.0,2.0,183.0,0.0,,,,,,,,,,,2024-09-21T00:11:00,,,,0,,,,,,,,,,,,,
2024-09-21 02:00:00,960.7,24.7,90.0,0.9,307.0,2.0,194.0,0.0,,,,,,,,,,,2024-09-21T01:02:00,,,,0,,,,,,,,,,,,,
2024-09-21 03:00:00,960.6,24.0,95.0,1.8,344.0,2.8,5.0,0.0,,,,,,,,,,,2024-09-21T02:55:00,,,,0,,,,,,,,,,,,,
2024-09-21 04:00:00,959.9,24.1,95.0,0.8,26.0,4.1,315.0,0.0,,,,,,,,,,,2024-09-21T03:35:00,,,,0,,,,,,,,,,,,,
2024-09-21 05:00:00,959.5,24.1,92.0,1.7,302.0,4.0,333.0,0.0,,,,,,,,,,,2024-09-21T04:44:00,,,,0,,,,,,,,,,,,,
2024-09-21 06:00:00,959.4,23.9,96.0,0.9,354.0,2.8,32.0,0.0,,,,,,,,,,,2024-09-21T05:25:00,,,,0,,,,,,,,,,,,,
2024-09-21 07:00:00,960.2,24.5,95.0,1.2,15.0,4.9,7.0,0.0,,,,,,,,,,,2024-09-21T06:54:00,,,,0,,,,,,,,,,,,,
2024-09-21 08:00:00,961.4,25.6,92.0,0.3,33.0,4.7,59.0,0.0,,,,,,,,,,,2024-09-21T07:02:00,,,,0,,,,,,,,,,,,,
2024-09-21 09:00:00,961.2,26.7,92.0,1.1,328.0,4.2,328.0,0.0,,,,,,,,,,,2024-09-21T08:49:00,,,,0,,,,,,,,,,,,,
2024-09-21 10:00:00,961.4,30.0,81.0,0.6,58.0,3.3,60.0,0.0,,,,,,,,,,,2024-09-21T09:53:00,,,,0,,,,,,,,,,,,,
2024-09-21 11:00:00,961.3,29.0,85.0,0.3,69.0,2.7,50.0,0.0,,,,,,,,,,,2024-09-21T10:01:00,,,,0,,,,,,,,,,,,,
2024-09-21 12:00:00,960.6,30.2,81.0,0.6,61.0,2.9,65.0,0.0,,,,,,,,,,,2024-09-21T11:29:00,,,,0,,,,,,,,,,,,,
2024-09-21 13:00:00,960.2,28.8,83.0,0.9,90.0,3.7,86.0,0.0,,,,,,,,,,,2024-09-21T12:52:00,,,,0,,,,,,,,,,,,,
2024-09-21 14:00:00,960.0,27.3,89.0,0.7,121.0,5.7,100.0,0.0,,,,,,,,,,,2024-09-21T13:09:00,,,,0,,,,,,,,,,,,,
2024-09-21 15:00:00,960.1,27.6,88.0,0.3,138.0,4.8,119.0,0.0,,,,,,,,,,,2024-09-21T14:33:00,,,,0,,,,,,,,,,,,,
2024-09-21 16:00:00,960.3,26.8,89.0,0.3,124.0,2.3,118.0,0.0,,,,,,,,,,,2024-09-21T15:20:00,,,,0,,,,,,,,,,,,,
2024-09-21 17:00:00,960.7,26.1,94.0,0.6,124.0,3.3,102.0,0.0,,,,,,,,,,,2024-09-21T16:57:00,,,,0,,,,,,,,,,,,,
2024-09-21 18:00:00,961.3,25.6,94.0,0.6,149.0,2.3,149.0,0.0,,,,,,,,,,,2024-09-21T17:03:00,,,,0,,,,,,,,,,,,,
2024-09-21 19:00:00,962.0,25.5,100.0,0.5,151.0,3.3,135.0,0.0,,,,,,,,,,,2024-09-21T18:08:00,,,,0,,,,,,,,,,,,,
2024-09-21 20:00:00,962.0,24.9,100.0,0.9,165.0,3.1,152.0,0.0,,,,,,,,,,,2024-09-21T19:14:00,,,,0,,,,,,,,,,,,,
2024-09-21 21:00:00,962.4,24.6,100.0,0.9,161.0,3.7,197.0,0.0,,,,,,,,,,,2024-09-21T20:03:00,,,,0,,,,,,,,,,,,,
2024-09-21 22:00:00,962.8,24.4,100.0,1.3,160.0,4.5,188.0,0.0,,,,,,,,,,,2024-09-21T21:56:00,,,,0,,,,,,,,,,,,,
2024-09-21 23:00:00,963.1,24.4,100.0,1.1,165.0,4.0,210.0,0.0,,,,,,,,,,,2024-09-21T22:50:00,,,,0,,,,,,,,,,,,,
2024-09-22 00:00:00,962.0,24.2,100.0,1.1,163.0,4.7,188.0,0.0,,,,,,,,,,,2024-09-21T23:26:00,,,,0,,,,,,,,,,,,,
2024-09-22 01:00:00,962.0,23.9,100.0,0.8,184.0,4.3,198.0,0.5,,,,,,,,,,,2024-09-22T00:18:00,,,,0,,,,,,,,,,,,,
2024-09-22 02:00:00,962.1,24.0,100.0,0.9,154.0,4.6,203.0,0.0,,,,,,,,,,,2024-09-22T01:41:00,,,,0,,,,,,,,,,,,,
2024-09-22 03:00:00,962.7,23.8,100.0,1.3,168.0,6.2,181.0,1.0,,,,,,,,,,,2024-09-22T02:17:00,,,,0,,,,,,,,,,,,,
2024-09-22 04:00:00,962.8,23.4,100.0,0.9,151.0,5.2,184.0,0.0,,,,,,,,,,,2024-09-22T03:41:00,,,,0,,,,,,,,,,,,,
2024-09-22 05:00:00,963.3,23.3,100.0,1.7,183.0,5.4,196.0,0.0,,,,,,,,,,,2024-09-22T05:00:00,,,,0,,,,,,,,,,,,,
2024-09-22 06:00:00,963.4,23.3,100.0,0.9,148.0,5.0,204.0,0.0,,,,,,,,,,,2024-09-22T05:04:00,,,,0,,,,,,,,,,,,,
2024-09-22 07:00:00,963.9,23.8,100.0,1.3,180.0,5.4,202.0,0.0,,,,,,,,,,,2024-09-22T06:56:00,,,,0,,,,,,,,,,,,,
2024-09-22 08:00:00,964.6,24.2,94.0,0.7,156.0,4.0,194.0,0.0,,,,,,,,,,,2024-09-22T07:13:00,,,,0,,,,,,,,,,,,,
2024-09-22 09:00:00,965.2,25.0,97.0,1.1,170.0,5.7,186.0,0.0,,,,,,,,,,,2024-09-22T08:15:00,,,,0,,,,,,,,,,,,,
2024-09-22 10:00:00,965.3,25.9,97.0,1.2,166.0,5.6,185.0,0.5,,,,,,,,,,,2024-09-22T09:42:00,,,,0,,,,,,,,,,,,,
2024-09-22 11:00:00,965.7,26.2,96.0,2.0,160.0,6.6,196.0,0.0,,,,,,,,,,,2024-09-22T10:17:00,,,,0,,,,,,,,,,,,,
2024-09-22 12:00:00,965.2,26.9,92.0,2.3,157.0,8.4,200.0,0.0,,,,,,,,,,,2024-09-22T11:23:00,,,,0,,,,,,,,,,,,,
2024-09-22 13:00:00,965.0,25.8,93.0,2.3,155.0,7.3,196.0,0.0,,,,,,,,,,,2024-09-22T12:11:00,,,,0,,,,,,,,,,,,,
2024-09-22 14:00:00,964.6,26.4,87.0,1.8,158.0,7.5,221.0,0.0,,,,,,,,,,,2024-09-22T13:27:00,,,,0,,,,,,,,,,,,,
2024-09-22 15:00:00,964.6,25.0,92.0,2.1,158.0,7.8,190.0,0.0,,,,,,,,,,,2024-09-22T14:11:00,,,,0,,,,,,,,,,,,,
2024-09-22 16:00:00,965.1,24.6,98.0,1.5,175.0,8.5,203.0,0.0,,,,,,,,,,,2024-09-22T15:17:00,,,,0,,,,,,,,,,,,,
2024-09-22 17:00:00,965.8,23.5,100.0,1.2,160.0,8.1,200.0,3.5,,,,,,,,,,,2024-09-22T16:31:00,,,,0,,,,,,,,,,,,,
2024-09-22 18:00:00,966.9,23.4,100.0,0.9,187.0,5.1,199.0,3.5,,,,,,,,,,,2024-09-22T17:53:00,,,,0,,,,,,,,,,,,,
2024-09-22 19:00:00,967.0,23.3,100.0,1.1,165.0,5.3,143.0,0.5,,,,,,,,,,,2024-09-22T18:37:00,,,,0,,,,,,,,,,,,,
2024-09-22 20:00:00,967.7,23.0,100.0,1.1,169.0,4.4,211.0,0.0,,,,,,,,,,,2024-09-22T19:46:00,,,,0,,,,,,,,,,,,,
2024-09-22 21:00:00,968.4,22.9,100.0,1.3,193.0,4.6,186.0,0.0,,,,,,,,,,,2024-09-22T21:00:00,,,,0,,,,,,,,,,,,,
2024-09-22 22:00:00,969.0,23.3,93.0,1.2,163.0,5.4,197.0,0.0,,,,,,,,,,,2024-09-22T21:05:00,,,,0,,,,,,,,,,,,,
2024-09-22 23:00:00,968.3,23.8,91.0,1.0,244.0,5.0,210.0,0.0,,,,,,,,,,,2024-09-22T22:02:00,,,,0,,,,,,,,,,,,,
2024-09-23 00:00:00,968.3,24.0,88.0,1.0,190.0,4.1,193.0,0.0,,,,,,,,,,,2024-09-22T23:22:00,,,,0,,,,,,,,,,,,,
2024-09-23 01:00:00,967.8,23.9,89.0,0.8,149.0,2.8,186.0,0.0,,,,,,,,,,,2024-09-23T00:23:00,,,,0,,,,,,,,,,,,,
2024-09-23 02:00:00,967.7,24.0,90.0,0.8,167.0,2.7,198.0,0.5,,,,,,,,,,,2024-09-23T01:32:00,,,,0,,,,,,,,,,,,,
2024-09-23 03:00:00,967.7,24.3,90.0,1.1,172.0,4.6,187.0,0.0,,,,,,,,,,,2024-09-23T02:39:00,,,,0,,,,,,,,,,,,,
2024-09-23 04:00:00,967.7,24.3,87.0,1.0,191.0,4.0,205.0,0.0,,,,,,,,,,,2024-09-23T03:17:00,,,,0,,,,,,,,,,,,,
2024-09-23 05:00:00,968.3,24.5,91.0,0.3,185.0,3.1,220.0,0.0,,,,,,,,,,,2024-09-23T04:24:00,,,,0,,,,,,,,,,,,,
2024-09-23 06:00:00,968.4,24.4,89.0,0.2,0.0,2.8,193.0,0.0,,,,,,,,,,,2024-09-23T05:17:00,,,,0,,,,,,,,,,,,,
2024-09-23 07:00:00,969.1,24.1,92.0,1.4,298.0,2.8,311.0,0.0,,,,,,,,,,,2024-09-23T06:53:00,,,,0,,,,,,,,,,,,,
2024-09-23 08:00:00,969.9,24.2,92.0,0.9,298.0,3.6,306.0,0.0,,,,,,,,,,,2024-09-23T07:16:00,,,,0,,,,,,,,,,,,,
2024-09-23 09:00:00,970.3,26.6,89.0,0.1,0.0,3.0,316.0,0.0,,,,,,,,,,,2024-09-23T08:14:00,,,,0,,,,,,,,,,,,,
2024-09-23 10:00:00,970.2,27.5,87.0,0.1,0.0,2.2,155.0,0.0,,,,,,,,,,,2024-09-23T09:24:00,,,,0,,,,,,,,,,,,,
2024-09-23 11:00:00,969.6,26.4,92.0,1.5,165.0,4.2,172.0,0.0,,,,,,,,,,,2024-09-23T10:57:00,,,,0,,,,,,,,,,,,,
2024-09-23 12:00:00,969.0,27.0,91.0,1.2,177.0,6.1,195.0,0.0,,,,,,,,,,,2024-09-23T11:17:00,,,,0,,,,,,,,,,,,,
2024-09-23 13:00:00,968.3,26.1,94.0,1.2,168.0,5.5,138.0,0.0,,,,,,,,,,,2024-09-23T12:59:00,,,,0,,,,,,,,,,,,,
2024-09-23 14:00:00,967.7,26.2,89.0,1.5,154.0,7.1,180.0,0.0,,,,,,,,,,,2024-09-23T13:43:00,,,,0,,,,,,,,,,,,,
2024-09-23 15:00:00,967.7,26.3,88.0,1.3,156.0,6.0,207.0,0.0,,,,,,,,,,,2024-09-23T14:08:00,,,,0,,,,,,,,,,,,,
2024-09-23 16:00:00,967.7,26.6,87.0,0.9,164.0,5.1,190.0,0.0,,,,,,,,,,,2024-09-23T15:03:00,,,,0,,,,,,,,,,,,,
2024-09-23 17:00:00,967.9,26.0,92.0,0.6,155.0,3.8,158.0,0.0,,,,,,,,,,,2024-09-23T16:06:00,,,,0,,,,,,,,,,,,,
2024-09-23 18:00:00,968.4,25.6,96.0,0.8,158.0,3.0,147.0,0.0,,,,,,,,,,,2024-09-23T17:20:00,,,,0,,,,,,,,,,,,,
2024-09-23 19:00:00,968.6,25.0,96.0,0.7,166.0,2.3,184.0,0.0,,,,,,,,,,,2024-09-23T18:52:00,,,,0,,,,,,,,,,,,,
2024-09-23 20:00:00,969.2,25.1,97.0,1.2,178.0,3.8,198.0,0.0,,,,,,,,,,,2024-09-23T19:53:00,,,,0,,,,,,,,,,,,,
2024-09-23 21:00:00,969.6,25.1,97.0,0.7,151.0,3.2,189.0,0.0,,,,,,,,,,,2024-09-23T20:35:00,,,,0,,,,,,,,,,,,,
2024-09-23 22:00:00,969.5,24.9,94.0,0.6,147.0,2.0,142.0,0.0,,,,,,,,,,,2024-09-23T21:43:00,,,,0,,,,,,,,,,,,,
2024-09-23 23:00:00,969.1,25.1,91.0,0.8,127.0,2.5,158.0,0.0,,,,,,,,,,,2024-09-23T22:13:00,,,,0,,,,,,,,,,,,,
2024-09-24 00:00:00,968.9,24.1,97.0,0.8,19.0,2.7,33.0,0.0,,,,,,,,,,,2024-09-23T23:48:00,,,,0,,,,,,,,,,,,,
2024-09-24 01:00:00,967.9,23.9,98.0,0.6,24.0,3.1,42.0,0.0,,,,,,,,,,,2024-09-24T00:29:00,,,,0,,,,,,,,,,,,,
2024-09-24 02:00:00,967.8,23.7,99.0,0.5,322.0,2.0,32.0,0.0,,,,,,,,,,,2024-09-24T01:17:00,,,,0,,,,,,,,,,,,,
2024-09-24 03:00:00,967.6,23.7,98.0,1.0,340.0,2.2,336.0,0.0,,,,,,,,,,,2024-09-24T02:17:00,,,,0,,,,,,,,,,,,,
2024-09-24 04:00:00,967.2,23.5,99.0,0.5,12.0,3.0,18.0,0.0,,,,,,,,,,,2024-09-24T03:50:00,,,,0,,,,,,,,,,,,,
2024-09-24 05:00:00,967.3,23.6,100.0,1.3,5.0,3.0,12.0,0.0,,,,,,,,,,,2024-09-24T04:50:00,,,,0,,,,,,,,,,,,,
2024-09-24 06:00:00,967.8,23.3,100.0,1.6,333.0,4.1,45.0,0.0,,,,,,,,,,,2024-09-24T05:20:00,,,,0,,,,,,,,,,,,,
2024-09-24 07:00:00,968.4,24.2,97.0,0.6,345.0,3.2,36.0,0.0,,,,,,,,,,,2024-09-24T06:44:00,,,,0,,,,,,,,,,,,,
2024-09-24 08:00:00,968.6,26.8,91.0,0.4,49.0,4.7,26.0,0.0,,,,,,,,,,,2024-09-24T07:24:00,,,,0,,,,,,,,,,,,,
2024-09-24 09:00:00,969.0,30.8,79.0,0.7,65.0,3.2,87.0,0.0,,,,,,,,,,,2024-09-24T08:55:00,,,,0,,,,,,,,,,,,,
2024-09-24 10:00:00,968.9,30.3,79.0,1.1,68.0,3.8,62.0,0.0,,,,,,,,,,,2024-09-24T09:47:00,,,,0,,,,,,,,,,,,,
2024-09-24 11:00:00,968.4,30.3,80.0,1.1,68.0,4.7,64.0,0.0,,,,,,,,,,,2024-09-24T10:52:00,,,,0,,,,,,,,,,,,,
2024-09-24 12:00:00,967.7,30.4,76.0,0.9,74.0,5.0,65.0,0.0,,,,,,,,,,,2024-09-24T11:22:00,,,,0,,,,,,,,,,,,,
2024-09-24 13:00:00,967.0,27.9,84.0,1.2,73.0,5.5,57.0,0.0,,,,,,,,,,,2024-09-24T12:44:00,,,,0,,,,,,,,,,,,,
2024-09-24 14:00:00,966.4,26.7,87.0,1.6,86.0,4.8,83.0,0.0,,,,,,,,,,,2024-09-24T13:58:00,,,,0,,,,,,,,,,,,,
2024-09-24 15:00:00,966.4,27.2,88.0,0.9,87.0,5.4,55.0,0.0,,,,,,,,,,,2024-09-24T14:04:00,,,,0,,,,,,,,,,,,,
2024-09-24 16:00:00,966.2,27.1,89.0,1.3,57.0,3.8,73.0,0.0,,,,,,,,,,,2024-09-24T15:40:00,,,,0,,,,,,,,,,,,,
2024-09-24 17:00:00,966.2,25.6,93.0,1.6,53.0,3.7,49.0,0.0,,,,,,,,,,,2024-09-24T16:01:00,,,,0,,,,,,,,,,,,,
2024-09-24 18:00:00,966.5,25.1,95.0,1.2,50.0,3.1,66.0,0.0,,,,,,,,,,,2024-09-24T17:03:00,,,,0,,,,,,,,,,,,,
2024-09-24 19:00:00,967.1,25.1,96.0,0.5,354.0,2.5,49.0,0.0,,,,,,,,,,,2024-09-24T18:11:00,,,,0,,,,,,,,,,,,,
2024-09-24 20:00:00,967.6,24.9,98.0,0.5,51.0,1.3,52.0,0.0,,,,,,,,,,,2024-09-24T19:59:00,,,,0,,,,,,,,,,,,,
2024-09-24 21:00:00,967.7,24.6,97.0,0.3,8.0,3.6,33.0,0.0,,,,,,,,,,,2024-09-24T20:47:00,,,,0,,,,,,,,,,,,,
2024-09-24 22:00:00,967.9,24.5,99.0,0.6,51.0,4.1,12.0,0.0,,,,,,,,,,,2024-09-24T21:59:00,,,,0,,,,,,,,,,,,,
2024-09-24 23:00:00,967.7,24.6,99.0,0.6,33.0,4.1,34.0,0.0,,,,,,,,,,,2024-09-24T22:54:00,,,,0,,,,,,,,,,,,,
2024-09-25 00:00:00,967.7,24.5,100.0,0.4,28.0,3.1,292.0,0.0,,,,,,,,,,,2024-09-24T23:37:00,,,,0,,,,,,,,,,,,,
2024-09-25 01:00:00,967.6,24.4,100.0,0.4,339.0,3.6,18.0,0.0,,,,,,,,,,,2024-09-25T00:22:00,,,,0,,,,,,,,,,,,,
2024-09-25 02:00:00,967.0,24.1,100.0,0.3,82.0,3.9,6.0,0.0,,,,,,,,,,,2024-09-25T01:23:00,,,,0,,,,,,,,,,,,,
2024-09-25 03:00:00,966.5,24.1,100.0,0.4,331.0,3.0,343.0,0.0,,,,,,,,,,,2024-09-25T02:47:00,,,,0,,,,,,,,,,,,,
2024-09-25 04:00:00,966.5,24.1,100.0,1.1,334.0,3.6,326.0,0.0,,,,,,,,,,,2024-09-25T03:26:00,,,,0,,,,,,,,,,,,,
2024-09-25 05:00:00,967.0,24.0,100.0,0.5,320.0,3.7,4.0,0.0,,,,,,,,,,,2024-09-25T04:18:00,,,,0,,,,,,,,,,,,,
2024-09-25 06:00:00,967.0,23.8,99.0,0.3,358.0,4.5,325.0,0.0,,,,,,,,,,,2024-09-25T05:30:00,,,,0,,,,,,,,,,,,,
2024-09-25 07:00:00,967.7,26.2,96.0,0.2,0.0,2.3,9.0,0.0,,,,,,,,,,,2024-09-25T06:19:00,,,,0,,,,,,,,,,,,,
2024-09-25 08:00:00,968.4,28.2,88.0,0.1,0.0,2.1,44.0,0.0,,,,,,,,,,,2024-09-25T07:41:00,,,,0,,,,,,,,,,,,,
2024-09-25 09:00:00,968.4,30.1,81.0,0.3,74.0,2.6,31.0,0.0,,,,,,,,,,,2024-09-25T08:17:00,,,,0,,,,,,,,,,,,,
2024-09-25 10:00:00,968.2,30.6,79.0,0.2,0.0,3.2,54.0,0.0,,,,,,,,,,,2024-09-25T09:21:00,,,,0,,,,,,,,,,,,,
2024-09-25 11:00:00,967.7,28.5,82.0,0.8,129.0,3.0,131.0,0.0,,,,,,,,,,,2024-09-25T11:00:00,,,,0,,,,,,,,,,,,,
2024-09-25 12:00:00,966.5,28.1,87.0,0.2,0.0,3.2,115.0,0.0,,,,,,,,,,,2024-09-25T11:05:00,,,,0,,,,,,,,,,,,,
2024-09-25 13:00:00,965.9,27.4,88.0,0.4,85.0,2.7,82.0,0.0,,,,,,,,,,,2024-09-25T12:42:00,,,,0,,,,,,,,,,,,,
2024-09-25 14:00:00,965.8,27.3,89.0,0.3,82.0,3.5,109.0,0.0,,,,,,,,,,,2024-09-25T13:27:00,,,,0,,,,,,,,,,,,,
2024-09-25 15:00:00,965.3,27.0,88.0,0.7,66.0,3.1,86.0,0.0,,,,,,,,,,,2024-09-25T14:35:00,,,,0,,,,,,,,,,,,,
2024-09-25 16:00:00,965.8,26.6,92.0,1.2,59.0,3.5,64.0,0.0,,,,,,,,,,,2024-09-25T15:06:00,,,,0,,,,,,,,,,,,,
2024-09-25 17:00:00,965.9,25.6,97.0,1.7,52.0,4.4,54.0,0.0,,,,,,,,,,,2024-09-25T16:27:00,,,,0,,,,,,,,,,,,,
2024-09-25 18:00:00,966.4,25.2,96.0,1.2,85.0,3.7,51.0,0.0,,,,,,,,,,,2024-09-25T17:07:00,,,,0,,,,,,,,,,,,,
2024-09-25 19:00:00,966.7,25.1,95.0,0.5,208.0,2.2,190.0,0.0,,,,,,,,,,,2024-09-25T18:41:00,,,,0,,,,,,,,,,,,,
2024-09-25 20:00:00,967.2,25.1,98.0,1.4,189.0,3.2,197.0,0.0,,,,,,,,,,,2024-09-25T19:53:00,,,,0,,,,,,,,,,,,,
2024-09-25 21:00:00,967.7,24.9,99.0,1.2,300.0,3.1,271.0,0.0,,,,,,,,,,,2024-09-25T20:26:00,,,,0,,,,,,,,,,,,,
2024-09-25 22:00:00,967.7,24.7,99.0,0.6,4.0,3.0,15.0,0.0,,,,,,,,,,,2024-09-25T21:51:00,,,,0,,,,,,,,,,,,,
2024-09-25 23:00:00,967.3,24.6,98.0,0.9,329.0,3.0,320.0,0.0,,,,,,,,,,,2024-09-25T22:49:00,,,,0,,,,,,,,,,,,,
2024-09-26 00:00:00,967.4,24.6,98.0,0.4,347.0,2.3,338.0,0.0,,,,,,,,,,,2024-09-25T23:01:00,,,,0,,,,,,,,,,,,,
2024-09-26 01:00:00,967.0,24.5,98.0,1.2,313.0,2.5,324.0,0.0,,,,,,,,,,,2024-09-26T00:51:00,,,,0,,,,,,,,,,,,,
2024-09-26 02:00:00,966.5,24.3,97.0,0.9,331.0,2.2,304.0,0.0,,,,,,,,,,,2024-09-26T01:42:00,,,,0,,,,,,,,,,,,,
2024-09-26 03:00:00,966.3,24.1,98.0,0.4,356.0,2.8,38.0,0.0,,,,,,,,,,,2024-09-26T02:29:00,,,,0,,,,,,,,,,,,,
2024-09-26 04:00:00,965.9,24.5,94.0,1.6,56.0,2.0,48.0,0.0,,,,,,,,,,,2024-09-26T03:53:00,,,,0,,,,,,,,,,,,,
2024-09-26 05:00:00,965.9,24.6,95.0,0.3,306.0,1.6,50.0,0.0,,,,,,,,,,,2024-09-26T04:02:00,,,,0,,,,,,,,,,,,,
2024-09-26 06:00:00,966.0,24.1,98.0,1.1,296.0,1.9,62.0,0.0,,,,,,,,,,,2024-09-26T05:07:00,,,,0,,,,,,,,,,,,,
2024-09-26 07:00:00,966.7,24.9,93.0,1.1,267.0,1.7,270.0,0.0,,,,,,,,,,,2024-09-26T06:55:00,,,,0,,,,,,,,,,,,,
2024-09-26 08:00:00,967.3,26.3,92.0,0.6,47.0,2.1,61.0,0.0,,,,,,,,,,,2024-09-26T07:43:00,,,,0,,,,,,,,,,,,,
2024-09-26 09:00:00,967.2,30.1,78.0,0.1,0.0,2.0,28.0,0.0,,,,,,,,,,,2024-09-26T08:04:00,,,,0,,,,,,,,,,,,,
2024-09-26 10:00:00,967.2,32.2,71.0,0.4,70.0,2.5,128.0,0.0,,,,,,,,,,,2024-09-26T09:39:00,,,,0,,,,,,,,,,,,,
2024-09-26 11:00:00,966.9,27.4,86.0,1.5,77.0,6.1,63.0,0.0,,,,,,,,,,,2024-09-26T10:58:00,,,,0,,,,,,,,,,,,,
2024-09-26 12:00:00,966.4,27.8,85.0,1.1,75.0,5.6,74.0,0.0,,,,,,,,,,,2024-09-26T11:49:00,,,,0,,,,,,,,,,,,,
2024-09-26 13:00:00,965.8,27.4,98.0,1.5,59.0,5.3,95.0,1.0,,,,,,,,,,,2024-09-26T12:11:00,,,,0,,,,,,,,,,,,,
2024-09-26 14:00:00,965.7,26.1,93.0,1.6,85.0,5.2,76.0,0.0,,,,,,,,,,,2024-09-26T13:52:00,,,,0,,,,,,,,,,,,,
2024-09-26 15:00:00,965.3,26.1,96.0,1.2,65.0,5.7,110.0,0.0,,,,,,,,,,,2024-09-26T14:13:00,,,,0,,,,,,,,,,,,,
2024-09-26 16:00:00,965.8,25.0,100.0,0.7,83.0,3.6,71.0,2.0,,,,,,,,,,,2024-09-26T15:38:00,,,,0,,,,,,,,,,,,,
2024-09-26 17:00:00,965.9,25.0,100.0,0.1,0.0,3.8,54.0,0.5,,,,,,,,,,,2024-09-26T16:31:00,,,,0,,,,,,,,,,,,,
2024-09-26 18:00:00,966.4,24.5,98.0,0.9,67.0,3.3,59.0,0.0,,,,,,,,,,,2024-09-26T17:59:00,,,,0,,,,,,,,,,,,,
2024-09-26 19:00:00,966.5,24.5,100.0,0.5,139.0,2.4,60.0,0.0,,,,,,,,,,,2024-09-26T18:01:00,,,,0,,,,,,,,,,,,,
2024-09-26 20:00:00,967.1,24.7,100.0,0.3,231.0,2.3,144.0,0.0,,,,,,,,,,,2024-09-26T19:04:00,,,,0,,,,,,,,,,,,,
2024-09-26 21:00:00,967.2,23.9,100.0,0.2,0.0,2.3,210.0,0.0,,,,,,,,,,,2024-09-26T20:08:00,,,,0,,,,,,,,,,,,,
2024-09-26 22:00:00,967.2,24.6,100.0,0.2,0.0,1.4,327.0,0.0,,,,,,,,,,,2024-09-26T21:07:00,,,,0,,,,,,,,,,,,,
2024-09-26 23:00:00,967.4,23.9,100.0,0.2,0.0,2.5,324.0,3.0,,,,,,,,,,,2024-09-26T22:33:00,,,,0,,,,,,,,,,,,,
2024-09-27 00:00:00,967.0,23.9,100.0,0.7,35.0,3.0,296.0,2.0,,,,,,,,,,,2024-09-26T23:28:00,,,,0,,,,,,,,,,,,,
2024-09-27 01:00:00,966.3,23.4,100.0,0.2,0.0,2.8,103.0,0.0,,,,,,,,,,,2024-09-27T00:24:00,,,,0,,,,,,,,,,,,,
2024-09-27 02:00:00,965.8,23.7,100.0,1.1,348.0,2.6,307.0,0.0,,,,,,,,,,,2024-09-27T01:13:00,,,,0,,,,,,,,,,,,,
2024-09-27 03:00:00,965.6,23.5,100.0,1.7,304.0,3.6,297.0,0.0,,,,,,,,,,,2024-09-27T02:56:00,,,,0,,,,,,,,,,,,,
2024-09-27 04:00:00,965.3,23.1,100.0,0.8,346.0,4.4,313.0,0.0,,,,,,,,,,,2024-09-27T03:11:00,,,,0,,,,,,,,,,,,,
2024-09-27 05:00:00,965.2,23.3,100.0,0.4,312.0,4.2,12.0,0.0,,,,,,,,,,,2024-09-27T04:01:00,,,,0,,,,,,,,,,,,,
2024-09-27 06:00:00,965.8,22.8,100.0,1.1,311.0,2.7,298.0,0.0,,,,,,,,,,,2024-09-27T05:46:00,,,,0,,,,,,,,,,,,,
2024-09-27 07:00:00,966.0,23.6,100.0,1.4,322.0,3.3,325.0,0.0,,,,,,,,,,,2024-09-27T06:46:00,,,,0,,,,,,,,,,,,,
2024-09-27 08:00:00,966.4,26.0,98.0,0.5,27.0,3.2,291.0,0.0,,,,,,,,,,,2024-09-27T07:08:00,,,,0,,,,,,,,,,,,,
2024-09-27 09:00:00,966.4,29.4,89.0,0.5,66.0,2.2,75.0,0.0,,,,,,,,,,,2024-09-27T08:15:00,,,,0,,,,,,,,,,,,,
2024-09-27 10:00:00,966.5,28.2,92.0,0.1,0.0,2.2,78.0,0.0,,,,,,,,,,,2024-09-27T09:07:00,,,,0,,,,,,,,,,,,,
2024-09-27 11:00:00,965.6,28.0,87.0,0.0,0.0,2.0,47.0,0.0,,,,,,,,,,,2024-09-27T10:04:00,,,,0,,,,,,,,,,,,,
2024-09-27 12:00:00,964.6,26.8,84.0,0.6,91.0,3.8,110.0,0.0,,,,,,,,,,,2024-09-27T11:50:00,,,,0,,,,,,,,,,,,,
2024-09-27 13:00:00,964.3,26.4,86.0,0.6,66.0,3.0,77.0,0.0,,,,,,,,,,,2024-09-27T12:51:00,,,,0,,,,,,,,,,,,,
2024-09-27 14:00:00,963.9,25.7,91.0,0.4,40.0,2.5,275.0,0.0,,,,,,,,,,,2024-09-27T13:44:00,,,,0,,,,,,,,,,,,,
2024-09-27 15:00:00,964.0,25.1,93.0,0.8,317.0,2.0,282.0,0.5,,,,,,,,,,,2024-09-27T14:10:00,,,,0,,,,,,,,,,,,,
2024-09-27 16:00:00,964.4,24.2,93.0,1.4,215.0,2.5,278.0,0.0,,,,,,,,,,,2024-09-27T15:28:00,,,,0,,,,,,,,,,,,,
2024-09-27 17:00:00,964.6,23.9,99.0,2.1,303.0,4.4,313.0,0.0,,,,,,,,,,,2024-09-27T16:48:00,,,,0,,,,,,,,,,,,,
2024-09-27 18:00:00,965.2,23.7,97.0,0.2,0.0,4.5,299.0,0.0,,,,,,,,,,,2024-09-27T17:02:00,,,,0,,,,,,,,,,,,,
2024-09-27 19:00:00,965.3,23.3,98.0,0.6,324.0,4.0,332.0,0.0,,,,,,,,,,,2024-09-27T18:56:00,,,,0,,,,,,,,,,,,,
2024-09-27 20:00:00,965.8,23.0,99.0,0.8,328.0,7.1,342.0,0.0,,,,,,,,,,,2024-09-27T19:45:00,,,,0,,,,,,,,,,,,,
2024-09-27 21:00:00,965.9,22.7,98.0,1.2,333.0,6.6,348.0,0.0,,,,,,,,,,,2024-09-27T20:41:00,,,,0,,,,,,,,,,,,,
2024-09-27 22:00:00,965.9,22.4,100.0,0.6,41.0,5.8,31.0,0.0,,,,,,,,,,,2024-09-27T21:08:00,,,,0,,,,,,,,,,,,,
2024-09-27 23:00:00,965.8,22.8,100.0,0.4,330.0,4.9,54.0,0.0,,,,,,,,,,,2024-09-27T22:30:00,,,,0,,,,,,,,,,,,,
2024-09-28 00:00:00,965.1,23.1,96.0,0.3,53.0,5.4,29.0,0.0,,,,,,,,,,,2024-09-27T23:13:00,,,,0,,,,,,,,,,,,,
2024-09-28 01:00:00,964.4,22.9,95.0,0.4,346.0,2.6,296.0,0.0,,,,,,,,,,,2024-09-28T00:45:00,,,,0,,,,,,,,,,,,,
2024-09-28 02:00:00,963.8,22.8,96.0,0.4,57.0,3.2,33.0,0.0,,,,,,,,,,,2024-09-28T01:49:00,,,,0,,,,,,,,,,,,,
2024-09-28 03:00:00,963.3,22.5,94.0,0.3,67.0,2.6,337.0,0.0,,,,,,,,,,,2024-09-28T02:17:00,,,,0,,,,,,,,,,,,,
2024-09-28 04:00:00,963.4,22.4,97.0,0.6,36.0,3.7,325.0,0.0,,,,,,,,,,,2024-09-28T03:28:00,,,,0,,,,,,,,,,,,,
2024-09-28 05:00:00,963.5,22.3,95.0,0.3,32.0,4.6,55.0,0.0,,,,,,,,,,,2024-09-28T04:36:00,,,,0,,,,,,,,,,,,,
2024-09-28 06:00:00,964.0,22.7,95.0,0.4,42.0,5.3,12.0,0.0,,,,,,,,,,,2024-09-28T05:11:00,,,,0,,,,,,,,,,,,,
2024-09-28 07:00:00,964.5,23.3,93.0,0.4,78.0,3.6,114.0,0.0,,,,,,,,,,,2024-09-28T06:33:00,,,,0,,,,,,,,,,,,,
2024-09-28 08:00:00,965.2,25.9,87.0,0.5,69.0,4.4,47.0,0.5,,,,,,,,,,,2024-09-28T07:43:00,,,,0,,,,,,,,,,,,,
2024-09-28 09:00:00,965.6,26.9,82.0,0.4,98.0,3.2,41.0,0.0,,,,,,,,,,,2024-09-28T08:24:00,,,,0,,,,,,,,,,,,,
2024-09-28 10:00:00,965.8,29.5,72.0,0.6,8.0,3.1,39.0,0.0,,,,,,,,,,,2024-09-28T09:53:00,,,,0,,,,,,,,,,,,,
2024-09-28 11:00:00,965.1,30.7,72.0,0.6,101.0,3.5,83.0,0.0,,,,,,,,,,,2024-09-28T10:22:00,,,,0,,,,,,,,,,,,,
2024-09-28 12:00:00,963.8,30.0,68.0,0.8,94.0,6.1,70.0,0.0,,,,,,,,,,,2024-09-28T11:15:00,,,,0,,,,,,,,,,,,,
2024-09-28 13:00:00,963.0,29.6,77.0,0.8,86.0,4.0,65.0,0.0,,,,,,,,,,,2024-09-28T12:05:00,,,,0,,,,,,,,,,,,,
2024-09-28 14:00:00,962.0,29.9,73.0,1.0,45.0,6.4,317.0,0.0,,,,,,,,,,,2024-09-28T13:52:00,,,,0,,,,,,,,,,,,,
2024-09-28 15:00:00,961.8,29.7,74.0,0.8,70.0,4.7,317.0,0.0,,,,,,,,,,,2024-09-28T14:52:00,,,,0,,,,,,,,,,,,,
2024-09-28 16:00:00,962.0,26.8,78.0,0.9,82.0,7.5,34.0,0.0,,,,,,,,,,,2024-09-28T15:57:00,,,,0,,,,,,,,,,,,,
2024-09-28 17:00:00,962.6,25.7,82.0,1.0,83.0,6.7,353.0,0.0,,,,,,,,,,,2024-09-28T16:48:00,,,,0,,,,,,,,,,,,,
2024-09-28 18:00:00,962.7,25.1,86.0,0.9,83.0,7.5,360.0,0.0,,,,,,,,,,,2024-09-28T17:28:00,,,,0,,,,,,,,,,,,,
2024-09-28 19:00:00,963.9,25.0,85.0,0.6,96.0,6.9,94.0,0.0,,,,,,,,,,,2024-09-28T18:06:00,,,,0,,,,,,,,,,,,,
2024-09-28 20:00:00,965.3,23.8,97.0,1.0,64.0,6.8,43.0,0.0,,,,,,,,,,,2024-09-28T19:57:00,,,,0,,,,,,,,,,,,,
2024-09-28 21:00:00,965.1,22.7,100.0,0.8,91.0,5.9,49.0,1.0,,,,,,,,,,,2024-09-28T20:01:00,,,,0,,,,,,,,,,,,,
2024-09-28 22:00:00,965.2,23.0,100.0,0.9,10.0,6.3,26.0,0.0,,,,,,,,,,,2024-09-28T21:14:00,,,,0,,,,,,,,,,,,,
2024-09-28 23:00:00,965.0,23.0,100.0,1.1,46.0,8.4,62.0,0.0,,,,,,,,,,,2024-09-28T22:25:00,,,,0,,,,,,,,,,,,,
2024-09-29 00:00:00,965.0,22.2,100.0,0.4,90.0,5.8,2.0,0.0,,,,,,,,,,,2024-09-28T23:04:00,,,,0,,,,,,,,,,,,,
2024-09-29 01:00:00,963.9,22.3,100.0,0.5,71.0,5.5,336.0,0.0,,,,,,,,,,,2024-09-29T00:23:00,,,,0,,,,,,,,,,,,,
2024-09-29 02:00:00,963.3,22.8,96.0,0.7,62.0,7.3,30.0,0.0,,,,,,,,,,,2024-09-29T01:53:00,,,,0,,,,,,,,,,,,,
2024-09-29 03:00:00,963.3,22.4,98.0,1.1,51.0,4.8,62.0,0.0,,,,,,,,,,,2024-09-29T02:51:00,,,,0,,,,,,,,,,,,,
2024-09-29 04:00:00,963.1,23.1,93.0,0.7,89.0,4.2,52.0,0.0,,,,,,,,,,,2024-09-29T03:56:00,,,,0,,,,,,,,,,,,,
2024-09-29 05:00:00,961.9,22.6,93.0,1.3,53.0,8.5,42.0,0.0,,,,,,,,,,,2024-09-29T05:00:00,,,,0,,,,,,,,,,,,,
2024-09-29 06:00:00,962.4,22.7,93.0,0.7,94.0,6.4,330.0,0.0,,,,,,,,,,,2024-09-29T05:02:00,,,,0,,,,,,,,,,,,,
2024-09-29 07:00:00,962.7,22.8,93.0,0.8,44.0,6.3,308.0,0.0,,,,,,,,,,,2024-09-29T06:34:00,,,,0,,,,,,,,,,,,,
2024-09-29 08:00:00,963.9,24.2,90.0,0.3,95.0,6.0,2.0,0.0,,,,,,,,,,,2024-09-29T07:48:00,,,,0,,,,,,,,,,,,,
2024-09-29 09:00:00,965.2,23.5,92.0,0.4,104.0,5.8,35.0,0.0,,,,,,,,,,,2024-09-29T08:07:00,,,,0,,,,,,,,,,,,,
2024-09-29 10:00:00,964.5,22.8,100.0,0.8,64.0,6.7,61.0,1.0,,,,,,,,,,,2024-09-29T09:35:00,,,,0,,,,,,,,,,,,,
2024-09-29 11:00:00,964.7,23.7,100.0,0.6,74.0,5.5,90.0,0.5,,,,,,,,,,,2024-09-29T10:34:00,,,,0,,,,,,,,,,,,,
2024-09-29 12:00:00,963.4,23.3,100.0,1.6,335.0,9.6,320.0,0.5,,,,,,,,,,,2024-09-29T11:58:00,,,,0,,,,,,,,,,,,,
2024-09-29 13:00:00,962.2,26.0,94.0,0.6,93.0,4.4,360.0,0.0,,,,,,,,,,,2024-09-29T12:01:00,,,,0,,,,,,,,,,,,,
2024-09-29 14:00:00,962.0,24.5,96.0,0.7,90.0,3.3,86.0,0.0,,,,,,,,,,,2024-09-29T13:36:00,,,,0,,,,,,,,,,,,,
2024-09-29 15:00:00,961.4,23.6,97.0,0.9,80.0,6.6,325.0,0.0,,,,,,,,,,,2024-09-29T14:42:00,,,,0,,,,,,,,,,,,,
2024-09-29 16:00:00,962.6,23.5,100.0,1.2,5.0,8.6,36.0,2.5,,,,,,,,,,,2024-09-29T15:26:00,,,,0,,,,,,,,,,,,,
2024-09-29 17:00:00,962.6,23.1,100.0,1.6,60.0,6.6,70.0,1.0,,,,,,,,,,,2024-09-29T16:51:00,,,,0,,,,,,,,,,,,,
2024-09-29 18:00:00,963.0,22.5,100.0,0.3,357.0,5.4,71.0,6.5,,,,,,,,,,,2024-09-29T17:01:00,,,,0,,,,,,,,,,,,,
2024-09-29 19:00:00,962.8,22.6,100.0,0.5,79.0,3.8,13.0,0.0,,,,,,,,,,,2024-09-29T18:05:00,,,,0,,,,,,,,,,,,,
2024-09-29 20:00:00,962.6,22.4,100.0,1.0,67.0,8.0,14.0,0.0,,,,,,,,,,,2024-09-29T19:28:00,,,,0,,,,,,,,,,,,,
2024-09-29 21:00:00,962.0,22.5,100.0,0.8,92.0,5.4,81.0,0.0,,,,,,,,,,,2024-09-29T20:05:00,,,,0,,,,,,,,,,,,,
2024-09-29 22:00:00,961.6,22.4,100.0,1.0,71.0,6.8,45.0,0.0,,,,,,,,,,,2024-09-29T21:19:00,,,,0,,,,,,,,,,,,,
2024-09-29 23:00:00,961.6,22.9,97.0,0.9,94.0,8.4,53.0,0.0,,,,,,,,,,,2024-09-29T22:18:00,,,,0,,,,,,,,,,,,,
2024-09-30 00:00:00,962.0,23.0,97.0,0.6,51.0,4.7,66.0,0.0,,,,,,,,,,,2024-09-29T23:10:00,,,,0,,,,,,,,,,,,,
2024-09-30 01:00:00,962.0,22.5,100.0,0.7,79.0,7.8,48.0,6.0,,,,,,,,,,,2024-09-30T00:21:00,,,,0,,,,,,,,,,,,,
2024-09-30 02:00:00,960.7,21.8,100.0,0.9,19.0,9.0,5.0,2.0,,,,,,,,,,,2024-09-30T01:53:00,,,,0,,,,,,,,,,,,,
2024-09-30 03:00:00,959.3,21.8,100.0,0.8,75.0,6.0,359.0,0.0,,,,,,,,,,,2024-09-30T02:01:00,,,,0,,,,,,,,,,,,,
2024-09-30 04:00:00,959.0,22.0,100.0,1.0,94.0,6.1,22.0,0.0,,,,,,,,,,,2024-09-30T03:50:00,,,,0,,,,,,,,,,,,,
2024-09-30 05:00:00,958.4,21.9,100.0,1.1,48.0,9.2,83.0,0.5,,,,,,,,,,,2024-09-30T04:03:00,,,,0,,,,,,,,,,,,,
2024-09-30 06:00:00,960.0,21.9,100.0,1.0,47.0,7.5,46.0,0.0,,,,,,,,,,,2024-09-30T05:47:00,,,,0,,,,,,,,,,,,,
2024-09-30 07:00:00,960.0,22.0,100.0,1.0,63.0,8.1,24.0,0.5,,,,,,,,,,,2024-09-30T06:07:00,,,,0,,,,,,,,,,,,,
2024-09-30 08:00:00,959.7,22.2,100.0,1.2,70.0,7.1,11.0,0.0,,,,,,,,,,,2024-09-30T07:47:00,,,,0,,,,,,,,,,,,,
2024-09-30 09:00:00,959.5,21.9,100.0,1.1,80.0,11.5,45.0,0.0,,,,,,,,,,,2024-09-30T08:39:00,,,,0,,,,,,,,,,,,,
2024-09-30 10:00:00,959.9,22.0,100.0,1.0,87.0,7.1,312.0,1.5,,,,,,,,,,,2024-09-30T09:43:00,,,,0,,,,,,,,,,,,,
2024-09-30 11:00:00,960.1,22.1,100.0,1.2,34.0,6.6,121.0,3.0,,,,,,,,,,,2024-09-30T10:02:00,,,,0,,,,,,,,,,,,,
2024-09-30 12:00:00,960.1,22.3,100.0,0.5,347.0,6.8,307.0,23.0,,,,,,,,,,,2024-09-30T11:22:00,,,,0,,,,,,,,,,,,,
2024-09-30 13:00:00,958.7,22.3,100.0,0.6,130.0,6.8,286.0,0.0,,,,,,,,,,,2024-09-30T12:14:00,,,,0,,,,,,,,,,,,,
2024-09-30 14:00:00,957.5,22.3,100.0,0.9,71.0,10.0,323.0,18.0,,,,,,,,,,,2024-09-30T13:34:00,,,,0,,,,,,,,,,,,,
2024-09-30 15:00:00,958.2,22.5,100.0,0.7,356.0,6.2,17.0,15.0,,,,,,,,,,,2024-09-30T14:28:00,,,,0,,,,,,,,,,,,,
2024-09-30 16:00:00,958.7,22.5,100.0,0.5,56.0,9.7,38.0,3.0,,,,,,,,,,,2024-09-30T15:41:00,,,,0,,,,,,,,,,,,,
2024-09-30 17:00:00,959.2,22.3,100.0,0.5,12.0,6.6,341.0,7.5,,,,,,,,,,,2024-09-30T16:46:00,,,,0,,,,,,,,,,,,,
2024-09-30 18:00:00,959.5,22.1,100.0,0.6,45.0,8.3,68.0,1.5,,,,,,,,,,,2024-09-30T17:23:00,,,,0,,,,,,,,,,,,,
2024-09-30 19:00:00,959.9,21.8,100.0,1.1,75.0,6.7,46.0,4.0,,,,,,,,,,,2024-09-30T18:40:00,,,,0,,,,,,,,,,,,,
2024-09-30 20:00:00,960.7,21.7,100.0,0.6,348.0,5.7,331.0,3.0,,,,,,,,,,,2024-09-30T19:14:00,,,,0,,,,,,,,,,,,,
2024-09-30 21:00:00,962.1,21.5,100.0,2.2,318.0,7.9,360.0,17.0,,,,,,,,,,,2024-09-30T20:45:00,,,,0,,,,,,,,,,,,,
2024-09-30 22:00:00,961.3,21.8,100.0,0.7,50.0,8.0,320.0,9.5,,,,,,,,,,,2024-09-30T21:13:00,,,,0,,,,,,,,,,,,,
2024-09-30 23:00:00,961.9,22.0,100.0,1.3,338.0,5.0,39.0,5.5,,,,,,,,,,,2024-09-30T22:11:00,,,,0,,,,,,,,,,,,,
2024-10-01 00:00:00,961.3,22.1,100.0,0.9,320.0,5.2,3.0,1.0,,,,,,,,,,,2024-09-30T23:35:00,,,,0,,,,,,,,,,,,,
2024-10-01 01:00:00,960.7,22.0,100.0,0.6,15.0,6.1,308.0,4.5,,,,,,,,,,,2024-10-01T00:07:00,,,,0,,,,,,,,,,,,,
2024-10-01 02:00:00,960.8,21.8,100.0,0.3,10.0,6.5,31.0,5.0,,,,,,,,,,,2024-10-01T01:48:00,,,,0,,,,,,,,,,,,,
2024-10-01 03:00:00,960.1,21.4,100.0,0.3,61.0,4.5,289.0,2.5,,,,,,,,,,,2024-10-01T02:50:00,,,,0,,,,,,,,,,,,,
2024-10-01 04:00:00,959.4,21.3,100.0,0.4,30.0,6.0,295.0,12.0,,,,,,,,,,,2024-10-01T03:41:00,,,,0,,,,,,,,,,,,,
2024-10-01 05:00:00,961.4,21.3,100.0,0.4,39.0,7.9,43.0,10.5,,,,,,,,,,,2024-10-01T04:33:00,,,,0,,,,,,,,,,,,,
2024-10-01 06:00:00,961.9,21.4,100.0,0.9,316.0,5.7,313.0,9.0,,,,,,,,,,,2024-10-01T05:47:00,,,,0,,,,,,,,,,,,,
2024-10-01 07:00:00,962.1,21.5,100.0,1.2,357.0,6.7,352.0,0.0,,,,,,,,,,,2024-10-01T06:22:00,,,,0,,,,,,,,,,,,,
2024-10-01 08:00:00,961.5,21.6,100.0,0.4,26.0,4.1,316.0,0.0,,,,,,,,,,,2024-10-01T07:13:00,,,,0,,,,,,,,,,,,,
2024-10-01 09:00:00,962.8,21.7,100.0,0.4,76.0,5.9,112.0,0.0,,,,,,,,,,,2024-10-01T08:52:00,,,,0,,,,,,,,,,,,,
2024-10-01 10:00:00,963.1,21.7,100.0,2.0,318.0,10.6,322.0,7.5,,,,,,,,,,,2024-10-01T09:38:00,,,,0,,,,,,,,,,,,,
2024-10-01 11:00:00,964.0,21.5,100.0,2.0,29.0,5.2,50.0,18.0,,,,,,,,,,,2024-10-01T10:48:00,,,,0,,,,,,,,,,,,,
2024-10-01 12:00:00,963.3,21.8,100.0,0.7,16.0,5.9,309.0,5.5,,,,,,,,,,,2024-10-01T11:23:00,,,,0,,,,,,,,,,,,,
2024-10-01 13:00:00,962.8,22.4,100.0,1.0,320.0,5.2,105.0,4.0,,,,,,,,,,,2024-10-01T12:38:00,,,,0,,,,,,,,,,,,,
2024-10-01 14:00:00,962.6,22.3,100.0,2.2,315.0,5.6,324.0,0.5,,,,,,,,,,,2024-10-01T13:48:00,,,,0,,,,,,,,,,,,,
2024-10-01 15:00:00,962.3,22.0,100.0,1.1,319.0,4.5,314.0,0.5,,,,,,,,,,,2024-10-01T14:03:00,,,,0,,,,,,,,,,,,,
2024-10-01 16:00:00,962.6,22.1,100.0,0.3,38.0,2.9,324.0,1.0,,,,,,,,,,,2024-10-01T15:13:00,,,,0,,,,,,,,,,,,,
2024-10-01 17:00:00,962.8,21.5,100.0,1.7,312.0,3.9,59.0,3.0,,,,,,,,,,,2024-10-01T16:16:00,,,,0,,,,,,,,,,,,,
2024-10-01 18:00:00,962.7,21.4,100.0,0.8,340.0,6.5,305.0,1.0,,,,,,,,,,,2024-10-01T17:18:00,,,,0,,,,,,,,,,,,,
2024-10-01 19:00:00,963.2,21.3,100.0,2.5,319.0,7.0,336.0,2.0,,,,,,,,,,,2024-10-01T18:56:00,,,,0,,,,,,,,,,,,,
2024-10-01 20:00:00,963.2,21.4,100.0,1.7,64.0,5.6,323.0,4.5,,,,,,,,,,,2024-10-01T19:34:00,,,,0,,,,,,,,,,,,,
2024-10-01 21:00:00,964.5,21.5,100.0,0.9,278.0,6.6,161.0,7.0,,,,,,,,,,,2024-10-01T20:26:00,,,,0,,,,,,,,,,,,,
2024-10-01 22:00:00,964.7,21.2,100.0,0.8,102.0,4.1,206.0,11.5,,,,,,,,,,,2024-10-01T21:34:00,,,,0,,,,,,,,,,,,,
2024-10-01 23:00:00,963.8,21.2,100.0,3.2,304.0,5.8,315.0,1.5,,,,,,,,,,,2024-10-01T22:59:00,,,,0,,,,,,,,,,,,,
2024-10-02 00:00:00,962.6,21.2,100.0,1.7,322.0,6.5,309.0,3.5,,,,,,,,,,,2024-10-01T23:33:00,,,,0,,,,,,,,,,,,,
2024-10-02 01:00:00,962.7,21.4,100.0,2.1,13.0,10.2,86.0,18.5,,,,,,,,,,,2024-10-02T00:58:00,,,,0,,,,,,,,,,,,,
2024-10-02 02:00:00,962.7,22.1,100.0,1.3,206.0,5.6,105.0,7.0,,,,,,,,,,,2024-10-02T01:09:00,,,,0,,,,,,,,,,,,,
2024-10-02 03:00:00,962.6,22.4,100.0,2.1,96.0,8.4,79.0,1.0,,,,,,,,,,,2024-10-02T02:44:00,,,,0,,,,,,,,,,,,,
2024-10-02 04:00:00,962.0,22.4,100.0,2.1,67.0,10.0,74.0,2.5,,,,,,,,,,,2024-10-02T03:49:00,,,,0,,,,,,,,,,,,,
2024-10-02 05:00:00,962.0,22.6,100.0,1.4,58.0,7.1,133.0,12.5,,,,,,,,,,,2024-10-02T04:38:00,,,,0,,,,,,,,,,,,,
2024-10-02 06:00:00,962.7,22.9,100.0,1.8,64.0,8.9,68.0,10.5,,,,,,,,,,,2024-10-02T05:58:00,,,,0,,,,,,,,,,,,,
2024-10-02 07:00:00,963.8,22.9,100.0,2.5,92.0,11.8,102.0,5.0,,,,,,,,,,,2024-10-02T06:27:00,,,,0,,,,,,,,,,,,,
2024-10-02 08:00:00,964.1,22.8,100.0,2.2,90.0,10.8,66.0,12.5,,,,,,,,,,,2024-10-02T07:36:00,,,,0,,,,,,,,,,,,,
2024-10-02 09:00:00,965.6,21.9,100.0,2.1,114.0,17.6,111.0,11.5,,,,,,,,,,,2024-10-02T08:05:00,,,,0,,,,,,,,,,,,,
2024-10-02 10:00:00,965.2,22.5,100.0,1.0,360.0,11.8,143.0,14.0,,,,,,,,,,,2024-10-02T09:10:00,,,,0,,,,,,,,,,,,,
2024-10-02 11:00:00,965.2,22.8,100.0,2.5,133.0,8.5,92.0,10.0,,,,,,,,,,,2024-10-02T10:27:00,,,,0,,,,,,,,,,,,,
2024-10-02 12:00:00,963.9,22.9,100.0,1.9,54.0,9.9,113.0,0.5,,,,,,,,,,,2024-10-02T11:11:00,,,,0,,,,,,,,,,,,,
2024-10-02 13:00:00,964.0,22.1,100.0,1.8,146.0,8.8,130.0,16.0,,,,,,,,,,,2024-10-02T12:47:00,,,,0,,,,,,,,,,,,,
2024-10-02 14:00:00,962.6,21.8,100.0,2.4,94.0,12.5,116.0,0.5,,,,,,,,,,,2024-10-02T13:21:00,,,,0,,,,,,,,,,,,,
2024-10-02 15:00:00,962.5,22.2,100.0,2.3,153.0,12.7,210.0,6.5,,,,,,,,,,,2024-10-02T14:55:00,,,,0,,,,,,,,,,,,,
2024-10-02 16:00:00,962.6,22.3,100.0,3.2,126.0,11.3,124.0,0.0,,,,,,,,,,,2024-10-02T15:08:00,,,,0,,,,,,,,,,,,,
2024-10-02 17:00:00,963.2,22.1,100.0,3.4,155.0,17.4,158.0,1.0,,,,,,,,,,,2024-10-02T16:55:00,,,,0,,,,,,,,,,,,,
2024-10-02 18:00:00,963.2,22.1,100.0,3.9,123.0,10.3,128.0,0.5,,,,,,,,,,,2024-10-02T17:58:00,,,,0,,,,,,,,,,,,,
2024-10-02 19:00:00,963.8,22.0,100.0,3.2,130.0,11.3,147.0,1.0,,,,,,,,,,,2024-10-02T18:47:00,,,,0,,,,,,,,,,,,,
2024-10-02 20:00:00,963.4,22.2,100.0,4.7,119.0,14.0,107.0,4.0,,,,,,,,,,,2024-10-02T19:12:00,,,,0,,,,,,,,,,,,,
2024-10-02 21:00:00,964.0,22.4,100.0,2.1,148.0,12.7,123.0,12.0,,,,,,,,,,,2024-10-02T20:04:00,,,,0,,,,,,,,,,,,,
2024-10-02 22:00:00,964.5,22.6,100.0,2.3,137.0,10.3,153.0,0.0,,,,,,,,,,,2024-10-02T21:09:00,,,,0,,,,,,,,,,,,,
2024-10-02 23:00:00,964.5,21.9,100.0,1.6,166.0,8.2,115.0,0.5,,,,,,,,,,,2024-10-02T22:06:00,,,,0,,,,,,,,,,,,,
2024-10-03 00:00:00,965.0,22.1,100.0,1.3,130.0,7.5,158.0,0.0,,,,,,,,,,,2024-10-02T23:08:00,,,,0,,,,,,,,,,,,,
2024-10-03 01:00:00,964.6,22.2,100.0,1.9,134.0,9.3,112.0,1.0,,,,,,,,,,,2024-10-03T00:24:00,,,,0,,,,,,,,,,,,,
2024-10-03 02:00:00,963.8,22.2,100.0,1.2,94.0,9.2,108.0,0.5,,,,,,,,,,,2024-10-03T01:04:00,,,,0,,,,,,,,,,,,,
2024-10-03 03:00:00,963.8,22.3,100.0,1.5,133.0,11.9,115.0,3.5,,,,,,,,,,,2024-10-03T02:25:00,,,,0,,,,,,,,,,,,,
2024-10-03 04:00:00,963.9,22.3,100.0,2.0,123.0,9.1,99.0,3.5,,,,,,,,,,,2024-10-03T03:35:00,,,,0,,,,,,,,,,,,,
2024-10-03 05:00:00,964.0,22.4,100.0,3.8,115.0,9.7,114.0,2.0,,,,,,,,,,,2024-10-03T05:00:00,,,,0,,,,,,,,,,,,,
2024-10-03 06:00:00,964.6,22.3,100.0,3.0,114.0,11.7,96.0,0.5,,,,,,,,,,,2024-10-03T05:05:00,,,,0,,,,,,,,,,,,,
2024-10-03 07:00:00,965.7,22.4,100.0,1.2,86.0,10.1,116.0,2.0,,,,,,,,,,,2024-10-03T06:01:00,,,,0,,,,,,,,,,,,,
2024-10-03 08:00:00,965.9,22.4,100.0,1.4,80.0,8.2,81.0,0.5,,,,,,,,,,,2024-10-03T07:30:00,,,,0,,,,,,,,,,,,,
2024-10-03 09:00:00,965.9,22.5,100.0,2.5,84.0,8.3,98.0,0.5,,,,,,,,,,,2024-10-03T08:47:00,,,,0,,,,,,,,,,,,,
2024-10-03 10:00:00,965.9,22.4,100.0,2.9,100.0,11.1,90.0,1.0,,,,,,,,,,,2024-10-03T09:44:00,,,,0,,,,,,,,,,,,,
2024-10-03 11:00:00,965.9,22.5,100.0,2.6,91.0,12.6,104.0,3.0,,,,,,,,,,,2024-10-03T10:09:00,,,,0,,,,,,,,,,,,,
2024-10-03 12:00:00,965.2,22.5,100.0,3.2,88.0,15.5,105.0,0.5,,,,,,,,,,,2024-10-03T11:16:00,,,,0,,,,,,,,,,,,,
2024-10-03 13:00:00,964.6,22.4,100.0,4.5,103.0,14.4,105.0,1.0,,,,,,,,,,,2024-10-03T12:04:00,,,,0,,,,,,,,,,,,,
2024-10-03 14:00:00,964.5,22.3,100.0,3.8,111.0,13.0,113.0,1.5,,,,,,,,,,,2024-10-03T13:52:00,,,,0,,,,,,,,,,,,,
2024-10-03 15:00:00,963.8,22.2,100.0,4.2,117.0,13.6,103.0,1.0,,,,,,,,,,,2024-10-03T14:54:00,,,,0,,,,,,,,,,,,,
2024-10-03 16:00:00,963.8,22.2,100.0,4.1,119.0,13.9,101.0,1.0,,,,,,,,,,,2024-10-03T16:00:00,,,,0,,,,,,,,,,,,,
2024-10-03 17:00:00,964.6,22.0,100.0,1.9,145.0,11.3,113.0,2.5,,,,,,,,,,,2024-10-03T16:27:00,,,,0,,,,,,,,,,,,,
2024-10-03 18:00:00,964.8,22.0,100.0,3.2,122.0,11.5,111.0,3.0,,,,,,,,,,,2024-10-03T17:21:00,,,,0,,,,,,,,,,,,,
2024-10-03 19:00:00,965.4,22.1,100.0,3.0,115.0,9.0,113.0,0.0,,,,,,,,,,,2024-10-03T18:15:00,,,,0,,,,,,,,,,,,,
2024-10-03 20:00:00,966.5,22.5,100.0,1.7,124.0,10.4,110.0,0.5,,,,,,,,,,,2024-10-03T19:25:00,,,,0,,,,,,,,,,,,,
2024-10-03 21:00:00,967.1,22.6,100.0,2.7,102.0,8.5,107.0,2.0,,,,,,,,,,,2024-10-03T20:55:00,,,,0,,,,,,,,,,,,,
2024-10-03 22:00:00,967.1,22.5,100.0,2.4,91.0,9.7,112.0,0.5,,,,,,,,,,,2024-10-03T21:32:00,,,,0,,,,,,,,,,,,,
2024-10-03 23:00:00,967.3,22.4,100.0,3.3,97.0,9.3,101.0,0.0,,,,,,,,,,,2024-10-03T22:29:00,,,,0,,,,,,,,,,,,,
2024-10-04 00:00:00,967.2,21.9,100.0,0.7,70.0,7.3,82.0,0.0,,,,,,,,,,,2024-10-03T23:09:00,,,,0,,,,,,,,,,,,,
2024-10-04 01:00:00,967.1,21.9,100.0,1.8,64.0,6.5,61.0,1.5,,,,,,,,,,,2024-10-04T00:48:00,,,,0,,,,,,,,,,,,,
2024-10-04 02:00:00,966.5,21.8,100.0,1.8,55.0,6.4,83.0,2.5,,,,,,,,,,,2024-10-04T01:14:00,,,,0,,,,,,,,,,,,,
2024-10-04 03:00:00,967.2,21.5,100.0,1.6,28.0,6.6,92.0,18.5,,,,,,,,,,,2024-10-04T02:22:00,,,,0,,,,,,,,,,,,,
2024-10-04 04:00:00,967.4,21.4,100.0,1.0,323.0,4.1,33.0,1.0,,,,,,,,,,,2024-10-04T03:25:00,,,,0,,,,,,,,,,,,,
2024-10-04 05:00:00,967.6,21.4,100.0,1.9,314.0,3.3,326.0,0.5,,,,,,,,,,,2024-10-04T04:28:00,,,,0,,,,,,,,,,,,,
2024-10-04 06:00:00,967.8,21.4,100.0,0.8,343.0,3.5,304.0,0.0,,,,,,,,,,,2024-10-04T05:01:00,,,,0,,,,,,,,,,,,,
2024-10-04 07:00:00,968.3,21.6,100.0,1.4,326.0,3.4,5.0,0.0,,,,,,,,,,,2024-10-04T06:10:00,,,,0,,,,,,,,,,,,,
2024-10-04 08:00:00,969.0,22.3,100.0,1.3,311.0,3.5,2.0,0.0,,,,,,,,,,,2024-10-04T07:02:00,,,,0,,,,,,,,,,,,,
2024-10-04 09:00:00,969.3,22.9,100.0,1.0,40.0,3.1,37.0,0.0,,,,,,,,,,,2024-10-04T08:26:00,,,,0,,,,,,,,,,,,,
2024-10-04 10:00:00,970.2,23.0,100.0,0.8,310.0,1.8,59.0,0.0,,,,,,,,,,,2024-10-04T09:03:00,,,,0,,,,,,,,,,,,,
2024-10-04 11:00:00,969.7,23.9,100.0,0.7,66.0,2.1,307.0,0.0,,,,,,,,,,,2024-10-04T10:02:00,,,,0,,,,,,,,,,,,,
2024-10-04 12:00:00,969.3,24.8,100.0,0.2,0.0,2.3,30.0,0.0,,,,,,,,,,,2024-10-04T11:15:00,,,,0,,,,,,,,,,,,,
2024-10-04 13:00:00,968.3,25.5,100.0,0.6,64.0,2.3,58.0,0.0,,,,,,,,,,,2024-10-04T12:49:00,,,,0,,,,,,,,,,,,,
2024-10-04 14:00:00,967.8,25.2,100.0,0.8,87.0,3.3,92.0,0.0,,,,,,,,,,,2024-10-04T13:48:00,,,,0,,,,,,,,,,,,,
2024-10-04 15:00:00,967.7,23.9,99.0,0.1,0.0,3.6,70.0,0.0,,,,,,,,,,,2024-10-04T14:49:00,,,,0,,,,,,,,,,,,,
2024-10-04 16:00:00,967.8,23.4,92.0,0.0,0.0,2.9,90.0,0.0,,,,,,,,,,,2024-10-04T15:07:00,,,,0,,,,,,,,,,,,,
2024-10-04 17:00:00,967.9,23.6,96.0,0.0,0.0,0.6,91.0,0.0,,,,,,,,,,,2024-10-04T16:03:00,,,,0,,,,,,,,,,,,,
2024-10-04 18:00:00,968.0,23.7,89.0,0.0,0.0,0.4,272.0,0.0,,,,,,,,,,,2024-10-04T17:20:00,,,,0,,,,,,,,,,,,,
2024-10-04 19:00:00,968.5,23.1,96.0,0.0,0.0,1.9,47.0,0.0,,,,,,,,,,,2024-10-04T18:43:00,,,,0,,,,,,,,,,,,,
2024-10-04 20:00:00,969.6,22.9,100.0,0.0,0.0,2.0,53.0,0.0,,,,,,,,,,,2024-10-04T19:02:00,,,,0,,,,,,,,,,,,,
2024-10-04 21:00:00,969.7,22.9,100.0,0.5,344.0,2.7,26.0,0.0,,,,,,,,,,,2024-10-04T20:55:00,,,,0,,,,,,,,,,,,,
2024-10-04 22:00:00,969.9,23.0,100.0,0.2,0.0,4.0,300.0,0.0,,,,,,,,,,,2024-10-04T21:12:00,,,,0,,,,,,,,,,,,,
2024-10-04 23:00:00,969.7,22.7,100.0,0.6,334.0,3.6,11.0,0.0,,,,,,,,,,,2024-10-04T22:40:00,,,,0,,,,,,,,,,,,,
2024-10-05 00:00:00,969.6,22.8,100.0,1.0,304.0,3.0,322.0,0.0,,,,,,,,,,,2024-10-04T23:18:00,,,,0,,,,,,,,,,,,,
2024-10-05 01:00:00,969.0,22.6,100.0,0.3,32.0,3.0,40.0,0.0,,,,,,,,,,,2024-10-05T00:49:00,,,,0,,,,,,,,,,,,,
2024-10-05 02:00:00,968.9,22.5,100.0,0.4,335.0,2.9,24.0,0.0,,,,,,,,,,,2024-10-05T01:03:00,,,,0,,,,,,,,,,,,,
2024-10-05 03:00:00,968.3,22.3,100.0,0.2,0.0,3.9,44.0,0.0,,,,,,,,,,,2024-10-05T02:18:00,,,,0,,,,,,,,,,,,,
2024-10-05 04:00:00,968.0,22.0,100.0,0.8,9.0,3.8,59.0,0.0,,,,,,,,,,,2024-10-05T03:41:00,,,,0,,,,,,,,,,,,,
2024-10-05 05:00:00,968.4,21.9,100.0,1.2,311.0,3.2,39.0,0.0,,,,,,,,,,,2024-10-05T04:03:00,,,,0,,,,,,,,,,,,,
2024-10-05 06:00:00,969.0,22.0,100.0,1.1,7.0,3.5,30.0,0.0,,,,,,,,,,,2024-10-05T05:47:00,,,,0,,,,,,,,,,,,,
2024-10-05 07:00:00,969.6,22.5,100.0,0.0,0.0,5.2,3.0,0.0,,,,,,,,,,,2024-10-05T06:10:00,,,,0,,,,,,,,,,,,,
2024-10-05 08:00:00,970.3,23.8,98.0,0.0,0.0,2.8,39.0,0.0,,,,,,,,,,,2024-10-05T07:25:00,,,,0,,,,,,,,,,,,,
2024-10-05 09:00:00,970.3,24.8,93.0,0.1,0.0,3.0,285.0,0.0,,,,,,,,,,,2024-10-05T08:34:00,,,,0,,,,,,,,,,,,,
2024-10-05 10:00:00,969.7,26.9,91.0,0.1,0.0,3.2,45.0,0.0,,,,,,,,,,,2024-10-05T09:53:00,,,,0,,,,,,,,,,,,,
2024-10-05 11:00:00,969.7,27.8,88.0,0.0,0.0,2.1,46.0,0.0,,,,,,,,,,,2024-10-05T10:01:00,,,,0,,,,,,,,,,,,,
2024-10-05 12:00:00,969.2,28.0,87.0,0.0,0.0,3.4,56.0,0.0,,,,,,,,,,,2024-10-05T11:21:00,,,,0,,,,,,,,,,,,,
2024-10-05 13:00:00,968.8,28.4,86.0,0.4,53.0,4.3,54.0,0.0,,,,,,,,,,,2024-10-05T12:59:00,,,,0,,,,,,,,,,,,,
2024-10-05 14:00:00,968.2,28.5,83.0,1.0,58.0,4.9,62.0,0.0,,,,,,,,,,,2024-10-05T13:12:00,,,,0,,,,,,,,,,,,,
2024-10-05 15:00:00,968.3,27.6,87.0,0.4,67.0,5.6,42.0,0.0,,,,,,,,,,,2024-10-05T14:35:00,,,,0,,,,,,,,,,,,,
2024-10-05 16:00:00,968.4,25.5,95.0,0.7,64.0,4.4,77.0,0.0,,,,,,,,,,,2024-10-05T15:59:00,,,,0,,,,,,,,,,,,,
2024-10-05 17:00:00,968.7,24.2,100.0,2.2,53.0,5.8,47.0,0.0,,,,,,,,,,,2024-10-05T16:28:00,,,,0,,,,,,,,,,,,,
2024-10-05 18:00:00,969.1,23.6,99.0,0.8,40.0,4.5,40.0,0.0,,,,,,,,,,,2024-10-05T17:15:00,,,,0,,,,,,,,,,,,,
2024-10-05 19:00:00,969.3,23.9,100.0,0.7,309.0,2.6,52.0,0.0,,,,,,,,,,,2024-10-05T18:14:00,,,,0,,,,,,,,,,,,,
2024-10-05 20:00:00,970.3,23.3,100.0,0.3,40.0,3.3,321.0,0.0,,,,,,,,,,,2024-10-05T19:26:00,,,,0,,,,,,,,,,,,,
2024-10-05 21:00:00,970.5,23.1,100.0,0.1,0.0,2.2,274.0,0.0,,,,,,,,,,,2024-10-05T20:02:00,,,,0,,,,,,,,,,,,,
2024-10-05 22:00:00,970.9,23.1,100.0,0.3,342.0,2.6,35.0,0.0,,,,,,,,,,,2024-10-05T21:22:00,,,,0,,,,,,,,,,,,,
2024-10-05 23:00:00,970.8,23.0,100.0,0.0,0.0,2.5,41.0,0.0,,,,,,,,,,,2024-10-05T22:27:00,,,,0,,,,,,,,,,,,,
2024-10-06 00:00:00,970.4,22.9,100.0,0.3,306.0,3.3,354.0,0.0,,,,,,,,,,,2024-10-05T23:42:00,,,,0,,,,,,,,,,,,,
2024-10-06 01:00:00,970.1,22.6,100.0,0.6,326.0,4.6,337.0,0.0,,,,,,,,,,,2024-10-06T00:06:00,,,,0,,,,,,,,,,,,,
2024-10-06 02:00:00,969.7,22.5,100.0,0.0,0.0,4.8,8.0,0.0,,,,,,,,,,,2024-10-06T01:04:00,,,,0,,,,,,,,,,,,,
2024-10-06 03:00:00,968.9,22.2,99.0,0.4,327.0,3.3,15.0,0.0,,,,,,,,,,,2024-10-06T02:43:00,,,,0,,,,,,,,,,,,,
2024-10-06 04:00:00,969.0,22.3,98.0,0.1,0.0,4.1,20.0,0.0,,,,,,,,,,,2024-10-06T03:29:00,,,,0,,,,,,,,,,,,,
2024-10-06 05:00:00,969.1,22.2,97.0,0.0,0.0,2.3,41.0,0.0,,,,,,,,,,,2024-10-06T04:06:00,,,,0,,,,,,,,,,,,,
2024-10-06 06:00:00,969.7,21.9,98.0,0.1,0.0,3.5,22.0,0.0,,,,,,,,,,,2024-10-06T05:22:00,,,,0,,,,,,,,,,,,,
2024-10-06 07:00:00,970.3,25.0,87.0,0.2,0.0,3.5,36.0,0.0,,,,,,,,,,,2024-10-06T06:59:00,,,,0,,,,,,,,,,,,,
2024-10-06 08:00:00,970.5,27.2,83.0,0.0,0.0,3.5,12.0,0.0,,,,,,,,,,,2024-10-06T07:47:00,,,,0,,,,,,,,,,,,,
2024-10-06 09:00:00,971.0,28.1,82.0,0.0,0.0,2.6,41.0,0.0,,,,,,,,,,,2024-10-06T08:54:00,,,,0,,,,,,,,,,,,,
2024-10-06 10:00:00,971.1,29.7,79.0,0.0,0.0,3.7,44.0,0.0,,,,,,,,,,,2024-10-06T09:20:00,,,,0,,,,,,,,,,,,,
2024-10-06 11:00:00,970.7,28.8,81.0,0.1,0.0,3.9,60.0,0.0,,,,,,,,,,,2024-10-06T10:51:00,,,,0,,,,,,,,,,,,,
2024-10-06 12:00:00,970.1,28.6,83.0,0.3,94.0,5.2,108.0,0.0,,,,,,,,,,,2024-10-06T11:55:00,,,,0,,,,,,,,,,,,,
2024-10-06 13:00:00,969.0,27.4,86.0,0.5,55.0,6.1,62.0,0.0,,,,,,,,,,,2024-10-06T12:36:00,,,,0,,,,,,,,,,,,,
2024-10-06 14:00:00,968.9,26.0,93.0,0.3,48.0,5.1,66.0,1.0,,,,,,,,,,,2024-10-06T13:28:00,,,,0,,,,,,,,,,,,,
2024-10-06 15:00:00,968.4,24.8,95.0,0.0,0.0,3.9,52.0,0.5,,,,,,,,,,,2024-10-06T14:04:00,,,,0,,,,,,,,,,,,,
2024-10-06 16:00:00,969.0,24.9,94.0,0.0,0.0,2.4,62.0,0.0,,,,,,,,,,,2024-10-06T15:45:00,,,,0,,,,,,,,,,,,,
2024-10-06 17:00:00,969.1,24.3,99.0,0.0,0.0,1.2,86.0,1.5,,,,,,,,,,,2024-10-06T16:30:00,,,,0,,,,,,,,,,,,,
2024-10-06 18:00:00,969.6,23.7,100.0,1.1,271.0,1.4,268.0,1.0,,,,,,,,,,,2024-10-06T17:54:00,,,,0,,,,,,,,,,,,,
2024-10-06 19:00:00,969.7,23.6,100.0,0.9,296.0,2.3,303.0,0.0,,,,,,,,,,,2024-10-06T19:00:00,,,,0,,,,,,,,,,,,,
2024-10-06 20:00:00,970.4,22.8,100.0,0.0,0.0,2.2,321.0,0.0,,,,,,,,,,,2024-10-06T19:12:00,,,,0,,,,,,,,,,,,,
2024-10-06 21:00:00,970.9,22.9,100.0,0.3,14.0,3.5,358.0,0.0,,,,,,,,,,,2024-10-06T20:34:00,,,,0,,,,,,,,,,,,,
2024-10-06 22:00:00,971.1,22.6,100.0,0.0,0.0,2.3,5.0,0.0,,,,,,,,,,,2024-10-06T21:49:00,,,,0,,,,,,,,,,,,,
2024-10-06 23:00:00,971.0,22.7,100.0,0.4,25.0,2.8,29.0,0.0,,,,,,,,,,,2024-10-06T22:49:00,,,,0,,,,,,,,,,,,,
2024-10-07 00:00:00,970.7,22.4,100.0,0.5,341.0,3.6,5.0,0.0,,,,,,,,,,,2024-10-06T23:54:00,,,,0,,,,,,,,,,,,,
2024-10-07 01:00:00,970.3,22.4,100.0,0.4,20.0,2.9,17.0,0.0,,,,,,,,,,,2024-10-07T00:16:00,,,,0,,,,,,,,,,,,,
2024-10-07 02:00:00,969.7,22.0,100.0,0.5,335.0,2.7,45.0,0.0,,,,,,,,,,,2024-10-07T01:31:00,,,,0,,,,,,,,,,,,,
2024-10-07 03:00:00,969.4,21.9,100.0,1.2,21.0,3.8,33.0,0.0,,,,,,,,,,,2024-10-07T02:59:00,,,,0,,,,,,,,,,,,,
2024-10-07 04:00:00,969.1,21.8,100.0,0.8,30.0,4.4,37.0,0.5,,,,,,,,,,,2024-10-07T03:53:00,,,,0,,,,,,,,,,,,,
2024-10-07 05:00:00,969.1,21.5,100.0,0.6,4.0,3.3,7.0,0.0,,,,,,,,,,,2024-10-07T04:01:00,,,,0,,,,,,,,,,,,,
2024-10-07 06:00:00,969.9,21.7,100.0,0.8,327.0,4.3,30.0,0.0,,,,,,,,,,,2024-10-07T05:40:00,,,,0,,,,,,,,,,,,,
2024-10-07 07:00:00,970.5,24.5,93.0,0.3,66.0,3.9,311.0,0.0,,,,,,,,,,,2024-10-07T06:02:00,,,,0,,,,,,,,,,,,,
2024-10-07 08:00:00,971.0,26.5,91.0,0.0,0.0,2.7,45.0,0.0,,,,,,,,,,,2024-10-07T07:02:00,,,,0,,,,,,,,,,,,,
2024-10-07 09:00:00,971.1,27.6,87.0,0.0,0.0,2.9,36.0,0.0,,,,,,,,,,,2024-10-07T08:41:00,,,,0,,,,,,,,,,,,,
2024-10-07 10:00:00,970.9,30.0,81.0,0.0,0.0,2.7,46.0,0.0,,,,,,,,,,,2024-10-07T09:49:00,,,,0,,,,,,,,,,,,,
2024-10-07 11:00:00,970.4,29.0,79.0,0.1,0.0,3.2,49.0,0.0,,,,,,,,,,,2024-10-07T10:32:00,,,,0,,,,,,,,,,,,,
2024-10-07 12:00:00,969.6,28.5,79.0,0.4,66.0,5.3,64.0,0.0,,,,,,,,,,,2024-10-07T11:43:00,,,,0,,,,,,,,,,,,,
2024-10-07 13:00:00,969.0,27.8,76.0,1.0,67.0,6.1,46.0,0.0,,,,,,,,,,,2024-10-07T12:58:00,,,,0,,,,,,,,,,,,,
2024-10-07 14:00:00,968.5,26.7,78.0,1.2,74.0,6.2,60.0,0.0,,,,,,,,,,,2024-10-07T13:15:00,,,,0,,,,,,,,,,,,,
2024-10-07 15:00:00,968.4,25.5,84.0,0.5,66.0,5.8,78.0,0.0,,,,,,,,,,,2024-10-07T14:03:00,,,,0,,,,,,,,,,,,,
2024-10-07 16:00:00,968.4,27.0,78.0,0.0,0.0,5.6,66.0,0.0,,,,,,,,,,,2024-10-07T15:07:00,,,,0,,,,,,,,,,,,,
2024-10-07 17:00:00,969.0,24.1,94.0,0.5,69.0,3.3,107.0,0.0,,,,,,,,,,,2024-10-07T16:16:00,,,,0,,,,,,,,,,,,,
2024-10-07 18:00:00,969.7,24.2,95.0,0.0,0.0,3.2,47.0,0.0,,,,,,,,,,,2024-10-07T17:04:00,,,,0,,,,,,,,,,,,,
2024-10-07 19:00:00,970.3,23.6,99.0,0.2,0.0,1.7,212.0,0.0,,,,,,,,,,,2024-10-07T18:46:00,,,,0,,,,,,,,,,,,,
2024-10-07 20:00:00,970.9,23.0,98.0,1.1,301.0,2.9,208.0,0.0,,,,,,,,,,,2024-10-07T19:19:00,,,,0,,,,,,,,,,,,,
2024-10-07 21:00:00,971.1,23.1,99.0,0.1,0.0,2.7,298.0,0.0,,,,,,,,,,,2024-10-07T20:05:00,,,,0,,,,,,,,,,,,,
2024-10-07 22:00:00,971.0,23.0,100.0,0.3,344.0,2.1,281.0,0.0,,,,,,,,,,,2024-10-07T21:08:00,,,,0,,,,,,,,,,,,,
2024-10-07 23:00:00,970.4,22.4,100.0,0.2,0.0,2.2,112.0,0.0,,,,,,,,,,,2024-10-07T22:07:00,,,,0,,,,,,,,,,,,,
2024-10-08 00:00:00,970.3,22.0,100.0,0.4,323.0,3.1,36.0,0.0,,,,,,,,,,,2024-10-07T23:08:00,,,,0,,,,,,,,,,,,,
2024-10-08 01:00:00,969.6,21.9,100.0,0.3,13.0,3.6,18.0,0.0,,,,,,,,,,,2024-10-08T00:06:00,,,,0,,,,,,,,,,,,,
2024-10-08 02:00:00,969.0,21.9,99.0,0.4,11.0,4.6,28.0,0.0,,,,,,,,,,,2024-10-08T01:28:00,,,,0,,,,,,,,,,,,,
2024-10-08 03:00:00,968.4,21.9,100.0,0.3,349.0,3.0,37.0,0.0,,,,,,,,,,,2024-10-08T02:08:00,,,,0,,,,,,,,,,,,,
2024-10-08 04:00:00,968.5,21.7,99.0,0.3,26.0,3.6,31.0,0.0,,,,,,,,,,,2024-10-08T03:08:00,,,,0,,,,,,,,,,,,,
2024-10-08 05:00:00,969.1,21.5,100.0,0.9,22.0,4.5,27.0,0.0,,,,,,,,,,,2024-10-08T04:31:00,,,,0,,,,,,,,,,,,,
2024-10-08 06:00:00,969.6,21.9,99.0,1.0,330.0,4.8,196.0,0.0,,,,,,,,,,,2024-10-08T05:12:00,,,,0,,,,,,,,,,,,,
2024-10-08 07:00:00,969.7,24.4,92.0,0.7,56.0,5.0,32.0,0.0,,,,,,,,,,,2024-10-08T06:25:00,,,,0,,,,,,,,,,,,,
2024-10-08 08:00:00,970.3,25.7,88.0,0.1,0.0,2.8,354.0,0.0,,,,,,,,,,,2024-10-08T07:24:00,,,,0,,,,,,,,,,,,,
2024-10-08 09:00:00,970.4,27.6,82.0,0.0,0.0,2.6,333.0,0.0,,,,,,,,,,,2024-10-08T08:10:00,,,,0,,,,,,,,,,,,,
2024-10-08 10:00:00,970.3,29.5,75.0,0.0,0.0,4.8,16.0,0.0,,,,,,,,,,,2024-10-08T09:07:00,,,,0,,,,,,,,,,,,,
2024-10-08 11:00:00,969.7,29.5,78.0,0.1,0.0,3.8,78.0,0.0,,,,,,,,,,,2024-10-08T10:53:00,,,,0,,,,,,,,,,,,,
2024-10-08 12:00:00,969.0,28.6,78.0,0.6,59.0,5.4,85.0,0.0,,,,,,,,,,,2024-10-08T11:07:00,,,,0,,,,,,,,,,,,,
2024-10-08 13:00:00,968.0,27.5,84.0,1.5,65.0,8.3,50.0,0.0,,,,,,,,,,,2024-10-08T12:52:00,,,,0,,,,,,,,,,,,,
2024-10-08 14:00:00,967.7,27.0,86.0,1.4,66.0,6.4,81.0,0.0,,,,,,,,,,,2024-10-08T13:39:00,,,,0,,,,,,,,,,,,,
2024-10-08 15:00:00,967.6,25.0,92.0,2.1,57.0,6.6,49.0,0.0,,,,,,,,,,,2024-10-08T14:46:00,,,,0,,,,,,,,,,,,,
2024-10-08 16:00:00,967.8,24.7,96.0,1.2,51.0,6.8,75.0,0.0,,,,,,,,,,,2024-10-08T15:07:00,,,,0,,,,,,,,,,,,,
2024-10-08 17:00:00,968.3,23.8,98.0,0.5,324.0,2.9,295.0,0.0,,,,,,,,,,,2024-10-08T16:42:00,,,,0,,,,,,,,,,,,,
2024-10-08 18:00:00,968.4,22.8,98.0,0.5,97.0,4.1,14.0,0.0,,,,,,,,,,,2024-10-08T17:43:00,,,,0,,,,,,,,,,,,,
2024-10-08 19:00:00,969.0,22.0,97.0,0.6,85.0,3.9,150.0,0.0,,,,,,,,,,,2024-10-08T18:08:00,,,,0,,,,,,,,,,,,,
2024-10-08 20:00:00,969.8,22.0,99.0,0.6,66.0,5.5,48.0,0.0,,,,,,,,,,,2024-10-08T19:03:00,,,,0,,,,,,,,,,,,,
2024-10-08 21:00:00,970.2,21.7,97.0,1.1,30.0,6.6,7.0,0.0,,,,,,,,,,,2024-10-08T20:05:00,,,,0,,,,,,,,,,,,,
2024-10-08 22:00:00,970.3,21.7,98.0,0.7,79.0,6.3,21.0,0.0,,,,,,,,,,,2024-10-08T21:16:00,,,,0,,,,,,,,,,,,,
2024-10-08 23:00:00,969.7,21.6,97.0,0.4,93.0,4.7,285.0,0.0,,,,,,,,,,,2024-10-08T22:25:00,,,,0,,,,,,,,,,,,,
2024-10-09 00:00:00,969.5,21.4,98.0,0.8,85.0,5.6,8.0,0.0,,,,,,,,,,,2024-10-08T23:36:00,,,,0,,,,,,,,,,,,,
2024-10-09 01:00:00,969.0,21.5,98.0,0.4,87.0,6.2,11.0,0.0,,,,,,,,,,,2024-10-09T00:13:00,,,,0,,,,,,,,,,,,,
2024-10-09 02:00:00,968.3,21.1,98.0,0.7,69.0,4.9,33.0,0.0,,,,,,,,,,,2024-10-09T01:33:00,,,,0,,,,,,,,,,,,,
2024-10-09 03:00:00,967.6,21.4,96.0,0.9,49.0,6.1,34.0,0.0,,,,,,,,,,,2024-10-09T02:58:00,,,,0,,,,,,,,,,,,,
2024-10-09 04:00:00,968.2,21.1,95.0,0.5,75.0,4.9,46.0,0.0,,,,,,,,,,,2024-10-09T03:35:00,,,,0,,,,,,,,,,,,,
2024-10-09 05:00:00,968.3,21.1,97.0,0.9,2.0,9.3,12.0,0.0,,,,,,,,,,,2024-10-09T04:18:00,,,,0,,,,,,,,,,,,,
2024-10-09 06:00:00,968.4,21.1,97.0,0.3,61.0,4.5,334.0,0.0,,,,,,,,,,,2024-10-09T05:03:00,,,,0,,,,,,,,,,,,,
2024-10-09 07:00:00,969.0,21.6,95.0,0.2,0.0,3.6,80.0,0.0,,,,,,,,,,,2024-10-09T06:14:00,,,,0,,,,,,,,,,,,,
2024-10-09 08:00:00,969.6,23.6,89.0,0.1,0.0,2.9,135.0,0.0,,,,,,,,,,,2024-10-09T07:11:00,,,,0,,,,,,,,,,,,,
2024-10-09 09:00:00,969.6,26.1,84.0,0.2,0.0,4.6,312.0,0.0,,,,,,,,,,,2024-10-09T08:54:00,,,,0,,,,,,,,,,,,,
2024-10-09 10:00:00,969.7,25.5,82.0,0.0,0.0,5.1,24.0,0.0,,,,,,,,,,,2024-10-09T09:41:00,,,,0,,,,,,,,,,,,,
2024-10-09 11:00:00,969.6,25.2,83.0,0.1,0.0,3.2,49.0,0.0,,,,,,,,,,,2024-10-09T10:52:00,,,,0,,,,,,,,,,,,,
2024-10-09 12:00:00,968.9,26.9,81.0,0.1,0.0,3.1,27.0,0.0,,,,,,,,,,,2024-10-09T11:58:00,,,,0,,,,,,,,,,,,,
2024-10-09 13:00:00,968.1,26.6,82.0,0.7,60.0,5.6,74.0,0.0,,,,,,,,,,,2024-10-09T12:28:00,,,,0,,,,,,,,,,,,,
2024-10-09 14:00:00,967.6,23.4,92.0,2.0,58.0,5.9,62.0,0.0,,,,,,,,,,,2024-10-09T13:33:00,,,,0,,,,,,,,,,,,,
2024-10-09 15:00:00,967.6,22.5,100.0,0.5,7.0,6.0,63.0,0.5,,,,,,,,,,,2024-10-09T14:18:00,,,,0,,,,,,,,,,,,,
2024-10-09 16:00:00,967.2,22.2,100.0,0.4,7.0,3.6,335.0,0.0,,,,,,,,,,,2024-10-09T15:59:00,,,,0,,,,,,,,,,,,,
2024-10-09 17:00:00,967.9,21.7,99.0,0.0,0.0,4.0,69.0,0.0,,,,,,,,,,,2024-10-09T16:40:00,,,,0,,,,,,,,,,,,,
2024-10-09 18:00:00,968.2,21.1,97.0,0.0,0.0,3.4,47.0,0.0,,,,,,,,,,,2024-10-09T17:46:00,,,,0,,,,,,,,,,,,,
2024-10-09 19:00:00,968.3,21.0,98.0,0.0,0.0,3.1,317.0,0.0,,,,,,,,,,,2024-10-09T18:46:00,,,,0,,,,,,,,,,,,,
2024-10-09 20:00:00,969.0,21.4,97.0,0.0,0.0,4.6,325.0,0.0,,,,,,,,,,,2024-10-09T19:14:00,,,,0,,,,,,,,,,,,,
2024-10-09 21:00:00,969.1,20.9,99.0,0.8,316.0,4.5,353.0,0.0,,,,,,,,,,,2024-10-09T20:54:00,,,,0,,,,,,,,,,,,,
2024-10-09 22:00:00,968.9,21.1,99.0,0.1,0.0,4.5,22.0,0.0,,,,,,,,,,,2024-10-09T21:18:00,,,,0,,,,,,,,,,,,,
2024-10-09 23:00:00,969.1,20.8,96.0,0.1,0.0,3.5,279.0,0.0,,,,,,,,,,,2024-10-09T22:09:00,,,,0,,,,,,,,,,,,,
2024-10-10 00:00:00,968.4,21.1,98.0,0.0,0.0,5.3,322.0,0.0,,,,,,,,,,,2024-10-09T23:31:00,,,,0,,,,,,,,,,,,,
2024-10-10 01:00:00,968.3,20.9,97.0,0.1,0.0,3.3,61.0,0.0,,,,,,,,,,,2024-10-10T00:47:00,,,,0,,,,,,,,,,,,,
2024-10-10 02:00:00,967.7,21.2,95.0,0.0,0.0,3.3,43.0,0.0,,,,,,,,,,,2024-10-10T01:03:00,,,,0,,,,,,,,,,,,,
2024-10-10 03:00:00,967.7,21.2,97.0,0.2,0.0,2.9,31.0,0.0,,,,,,,,,,,2024-10-10T02:58:00,,,,0,,,,,,,,,,,,,
2024-10-10 04:00:00,967.7,21.0,98.0,0.0,0.0,5.3,81.0,0.0,,,,,,,,,,,2024-10-10T03:02:00,,,,0,,,,,,,,,,,,,
2024-10-10 05:00:00,967.8,20.7,99.0,0.9,21.0,3.8,40.0,0.0,,,,,,,,,,,2024-10-10T04:59:00,,,,0,,,,,,,,,,,,,
2024-10-10 06:00:00,968.3,20.8,99.0,0.4,62.0,4.0,25.0,0.0,,,,,,,,,,,2024-10-10T05:01:00,,,,0,,,,,,,,,,,,,
2024-10-10 07:00:00,968.9,21.9,97.0,0.1,0.0,2.8,44.0,0.0,,,,,,,,,,,2024-10-10T06:48:00,,,,0,,,,,,,,,,,,,
2024-10-10 08:00:00,969.7,22.0,96.0,0.0,0.0,3.6,49.0,0.0,,,,,,,,,,,2024-10-10T07:29:00,,,,0,,,,,,,,,,,,,
2024-10-10 09:00:00,969.7,24.0,89.0,0.1,0.0,4.1,9.0,0.0,,,,,,,,,,,2024-10-10T08:57:00,,,,0,,,,,,,,,,,,,
2024-10-10 10:00:00,969.6,25.8,86.0,0.0,0.0,5.1,35.0,0.0,,,,,,,,,,,2024-10-10T09:35:00,,,,0,,,,,,,,,,,,,
2024-10-10 11:00:00,969.0,25.8,86.0,0.0,0.0,4.4,70.0,0.0,,,,,,,,,,,2024-10-10T10:16:00,,,,0,,,,,,,,,,,,,
2024-10-10 12:00:00,968.1,27.2,79.0,1.0,62.0,5.3,51.0,0.0,,,,,,,,,,,2024-10-10T11:47:00,,,,0,,,,,,,,,,,,,
2024-10-10 13:00:00,967.6,26.3,84.0,0.7,61.0,5.7,54.0,0.0,,,,,,,,,,,2024-10-10T12:08:00,,,,0,,,,,,,,,,,,,
2024-10-10 14:00:00,967.1,25.2,84.0,0.7,66.0,6.4,57.0,0.0,,,,,,,,,,,2024-10-10T13:13:00,,,,0,,,,,,,,,,,,,
2024-10-10 15:00:00,967.1,24.5,87.0,0.4,49.0,4.7,65.0,0.0,,,,,,,,,,,2024-10-10T14:34:00,,,,0,,,,,,,,,,,,,
2024-10-10 16:00:00,967.8,22.9,91.0,1.1,59.0,5.1,59.0,0.0,,,,,,,,,,,2024-10-10T15:59:00,,,,0,,,,,,,,,,,,,
2024-10-10 17:00:00,968.4,22.4,93.0,0.0,0.0,4.5,58.0,0.0,,,,,,,,,,,2024-10-10T16:02:00,,,,0,,,,,,,,,,,,,
2024-10-10 18:00:00,968.5,21.5,97.0,0.0,0.0,3.4,359.0,0.0,,,,,,,,,,,2024-10-10T17:30:00,,,,0,,,,,,,,,,,,,
2024-10-10 19:00:00,969.0,20.9,100.0,0.2,0.0,2.8,28.0,0.0,,,,,,,,,,,2024-10-10T18:09:00,,,,0,,,,,,,,,,,,,
2024-10-10 20:00:00,969.2,20.6,97.0,0.2,0.0,4.6,8.0,0.0,,,,,,,,,,,2024-10-10T19:58:00,,,,0,,,,,,,,,,,,,
2024-10-10 21:00:00,969.3,20.7,95.0,0.4,77.0,5.0,30.0,0.0,,,,,,,,,,,2024-10-10T20:16:00,,,,0,,,,,,,,,,,,,
2024-10-10 22:00:00,969.7,20.4,98.0,0.4,15.0,3.8,35.0,0.0,,,,,,,,,,,2024-10-10T21:42:00,,,,0,,,,,,,,,,,,,
2024-10-10 23:00:00,969.7,20.2,96.0,0.2,0.0,4.8,355.0,0.0,,,,,,,,,,,2024-10-10T22:46:00,,,,0,,,,,,,,,,,,,
2024-10-11 00:00:00,969.0,20.4,95.0,0.2,0.0,3.3,72.0,0.0,,,,,,,,,,,2024-10-10T23:16:00,,,,0,,,,,,,,,,,,,
2024-10-11 01:00:00,968.5,20.3,97.0,0.3,37.0,7.1,43.0,0.0,,,,,,,,,,,2024-10-11T01:00:00,,,,0,,,,,,,,,,,,,
2024-10-11 02:00:00,968.5,20.1,97.0,0.3,63.0,5.5,38.0,0.0,,,,,,,,,,,2024-10-11T01:30:00,,,,0,,,,,,,,,,,,,
2024-10-11 03:00:00,968.4,19.8,97.0,0.3,31.0,4.0,44.0,0.0,,,,,,,,,,,2024-10-11T02:22:00,,,,0,,,,,,,,,,,,,
2024-10-11 04:00:00,968.4,19.8,98.0,0.3,34.0,4.0,83.0,0.0,,,,,,,,,,,2024-10-11T03:42:00,,,,0,,,,,,,,,,,,,
2024-10-11 05:00:00,968.8,19.6,96.0,0.2,0.0,5.4,4.0,0.0,,,,,,,,,,,2024-10-11T04:28:00,,,,0,,,,,,,,,,,,,
2024-10-11 06:00:00,969.1,19.9,96.0,0.0,0.0,4.4,129.0,0.0,,,,,,,,,,,2024-10-11T05:22:00,,,,0,,,,,,,,,,,,,
2024-10-11 07:00:00,969.6,20.3,94.0,0.2,0.0,3.9,314.0,0.0,,,,,,,,,,,2024-10-11T06:59:00,,,,0,,,,,,,,,,,,,
2024-10-11 08:00:00,970.2,21.3,93.0,0.1,0.0,3.2,61.0,0.0,,,,,,,,,,,2024-10-11T07:34:00,,,,0,,,,,,,,,,,,,
2024-10-11 09:00:00,970.4,22.3,91.0,0.0,0.0,5.6,29.0,0.0,,,,,,,,,,,2024-10-11T08:13:00,,,,0,,,,,,,,,,,,,
2024-10-11 10:00:00,970.3,24.0,87.0,0.0,0.0,1.7,86.0,0.0,,,,,,,,,,,2024-10-11T09:33:00,,,,0,,,,,,,,,,,,,
2024-10-11 11:00:00,969.7,25.9,77.0,0.1,0.0,3.5,43.0,0.0,,,,,,,,,,,2024-10-11T10:47:00,,,,0,,,,,,,,,,,,,
2024-10-11 12:00:00,969.5,24.8,84.0,0.4,58.0,3.8,38.0,0.0,,,,,,,,,,,2024-10-11T11:47:00,,,,0,,,,,,,,,,,,,
2024-10-11 13:00:00,968.8,24.6,86.0,0.7,55.0,6.1,79.0,0.0,,,,,,,,,,,2024-10-11T12:28:00,,,,0,,,,,,,,,,,,,
2024-10-11 14:00:00,968.6,24.3,87.0,1.0,48.0,6.6,65.0,0.0,,,,,,,,,,,2024-10-11T13:46:00,,,,0,,,,,,,,,,,,,
2024-10-11 15:00:00,968.4,24.1,86.0,0.0,0.0,3.5,48.0,0.0,,,,,,,,,,,2024-10-11T14:20:00,,,,0,,,,,,,,,,,,,
2024-10-11 16:00:00,968.9,22.7,89.0,0.0,0.0,2.7,130.0,0.0,,,,,,,,,,,2024-10-11T15:11:00,,,,0,,,,,,,,,,,,,
2024-10-11 17:00:00,969.1,21.7,90.0,0.2,0.0,5.0,30.0,0.0,,,,,,,,,,,2024-10-11T16:43:00,,,,0,,,,,,,,,,,,,
2024-10-11 18:00:00,969.6,20.9,92.0,0.4,52.0,5.0,47.0,0.0,,,,,,,,,,,2024-10-11T17:15:00,,,,0,,,,,,,,,,,,,
2024-10-11 19:00:00,970.3,20.6,93.0,0.1,0.0,4.1,56.0,0.0,,,,,,,,,,,2024-10-11T18:21:00,,,,0,,,,,,,,,,,,,
2024-10-11 20:00:00,971.1,20.7,94.0,0.2,0.0,5.2,56.0,0.0,,,,,,,,,,,2024-10-11T19:27:00,,,,0,,,,,,,,,,,,,
2024-10-11 21:00:00,971.6,20.5,95.0,0.2,0.0,3.7,104.0,0.0,,,,,,,,,,,2024-10-11T20:49:00,,,,0,,,,,,,,,,,,,
2024-10-11 22:00:00,972.2,20.4,96.0,0.2,0.0,3.4,122.0,0.0,,,,,,,,,,,2024-10-11T21:04:00,,,,0,,,,,,,,,,,,,
2024-10-11 23:00:00,971.7,20.2,96.0,0.1,0.0,4.6,57.0,0.0,,,,,,,,,,,2024-10-11T22:32:00,,,,0,,,,,,,,,,,,,
2024-10-12 00:00:00,971.1,20.1,97.0,0.1,0.0,4.6,71.0,0.0,,,,,,,,,,,2024-10-11T23:01:00,,,,0,,,,,,,,,,,,,
2024-10-12 01:00:00,970.8,19.9,96.0,0.1,0.0,5.3,34.0,0.0,,,,,,,,,,,2024-10-12T00:57:00,,,,0,,,,,,,,,,,,,
2024-10-12 02:00:00,970.3,20.0,95.0,0.1,0.0,3.1,355.0,0.0,,,,,,,,,,,2024-10-12T01:08:00,,,,0,,,,,,,,,,,,,
2024-10-12 03:00:00,970.4,20.1,94.0,0.1,0.0,3.1,344.0,0.0,,,,,,,,,,,2024-10-12T02:29:00,,,,0,,,,,,,,,,,,,
2024-10-12 04:00:00,970.4,20.2,94.0,0.4,328.0,4.5,355.0,0.0,,,,,,,,,,,2024-10-12T03:56:00,,,,0,,,,,,,,,,,,,
2024-10-12 05:00:00,970.5,19.8,92.0,0.1,0.0,5.0,343.0,0.0,,,,,,,,,,,2024-10-12T04:02:00,,,,0,,,,,,,,,,,,,
2024-10-12 06:00:00,971.1,20.2,93.0,0.0,0.0,3.2,19.0,0.0,,,,,,,,,,,2024-10-12T05:07:00,,,,0,,,,,,,,,,,,,
2024-10-12 07:00:00,971.7,20.9,92.0,0.4,41.0,7.8,49.0,0.0,,,,,,,,,,,2024-10-12T06:42:00,,,,0,,,,,,,,,,,,,
2024-10-12 08:00:00,972.3,22.9,89.0,0.0,0.0,3.1,15.0,0.0,,,,,,,,,,,2024-10-12T07:28:00,,,,0,,,,,,,,,,,,,
2024-10-12 09:00:00,972.7,22.8,88.0,0.0,0.0,3.5,360.0,0.0,,,,,,,,,,,2024-10-12T08:40:00,,,,0,,,,,,,,,,,,,
2024-10-12 10:00:00,972.8,25.3,82.0,0.0,0.0,3.4,41.0,0.0,,,,,,,,,,,2024-10-12T09:22:00,,,,0,,,,,,,,,,,,,
2024-10-12 11:00:00,972.3,25.2,81.0,0.0,0.0,2.8,80.0,0.0,,,,,,,,,,,2024-10-12T10:18:00,,,,0,,,,,,,,,,,,,
2024-10-12 12:00:00,972.0,25.6,80.0,0.0,0.0,2.7,75.0,0.0,,,,,,,,,,,2024-10-12T11:11:00,,,,0,,,,,,,,,,,,,
2024-10-12 13:00:00,971.0,25.4,83.0,0.3,56.0,3.4,76.0,0.0,,,,,,,,,,,2024-10-12T12:14:00,,,,0,,,,,,,,,,,,,
2024-10-12 14:00:00,970.7,26.0,82.0,0.0,0.0,4.3,75.0,0.0,,,,,,,,,,,2024-10-12T13:01:00,,,,0,,,,,,,,,,,,,
2024-10-12 15:00:00,970.3,26.2,78.0,0.3,95.0,4.2,79.0,0.0,,,,,,,,,,,2024-10-12T14:58:00,,,,0,,,,,,,,,,,,,
2024-10-12 16:00:00,970.6,24.4,84.0,0.3,58.0,4.6,61.0,0.0,,,,,,,,,,,2024-10-12T15:37:00,,,,0,,,,,,,,,,,,,
2024-10-12 17:00:00,971.0,23.3,90.0,0.9,55.0,4.6,55.0,0.0,,,,,,,,,,,2024-10-12T16:34:00,,,,0,,,,,,,,,,,,,
2024-10-12 18:00:00,971.0,22.7,91.0,0.0,0.0,2.4,30.0,0.0,,,,,,,,,,,2024-10-12T17:01:00,,,,0,,,,,,,,,,,,,
2024-10-12 19:00:00,971.5,22.3,94.0,0.0,0.0,1.9,306.0,0.0,,,,,,,,,,,2024-10-12T18:58:00,,,,0,,,,,,,,,,,,,
2024-10-12 20:00:00,972.1,22.0,93.0,0.1,0.0,4.2,303.0,0.0,,,,,,,,,,,2024-10-12T19:06:00,,,,0,,,,,,,,,,,,,
2024-10-12 21:00:00,972.2,22.2,94.0,0.2,0.0,4.6,57.0,0.0,,,,,,,,,,,2024-10-12T20:55:00,,,,0,,,,,,,,,,,,,
2024-10-12 22:00:00,972.1,21.9,92.0,0.1,0.0,3.8,17.0,0.0,,,,,,,,,,,2024-10-12T21:19:00,,,,0,,,,,,,,,,,,,
2024-10-12 23:00:00,971.8,21.8,94.0,0.2,0.0,3.5,34.0,0.0,,,,,,,,,,,2024-10-12T22:59:00,,,,0,,,,,,,,,,,,,
2024-10-13 00:00:00,971.5,21.9,91.0,0.1,0.0,5.1,41.0,0.0,,,,,,,,,,,2024-10-12T23:08:00,,,,0,,,,,,,,,,,,,
2024-10-13 01:00:00,970.9,21.9,93.0,0.1,0.0,3.0,298.0,0.0,,,,,,,,,,,2024-10-13T00:13:00,,,,0,,,,,,,,,,,,,
2024-10-13 02:00:00,970.3,21.8,93.0,0.0,0.0,2.2,29.0,0.0,,,,,,,,,,,2024-10-13T01:39:00,,,,0,,,,,,,,,,,,,
2024-10-13 03:00:00,970.2,21.5,94.0,0.1,0.0,4.2,71.0,0.0,,,,,,,,,,,2024-10-13T02:34:00,,,,0,,,,,,,,,,,,,
2024-10-13 04:00:00,970.4,21.8,90.0,0.0,0.0,4.4,341.0,0.0,,,,,,,,,,,2024-10-13T03:04:00,,,,0,,,,,,,,,,,,,
2024-10-13 05:00:00,970.9,21.6,92.0,0.0,0.0,2.4,24.0,0.0,,,,,,,,,,,2024-10-13T04:05:00,,,,0,,,,,,,,,,,,,
2024-10-13 06:00:00,971.5,21.6,91.0,0.6,326.0,4.2,326.0,0.0,,,,,,,,,,,2024-10-13T05:51:00,,,,0,,,,,,,,,,,,,
2024-10-13 07:00:00,971.8,21.8,91.0,0.0,0.0,3.8,299.0,0.0,,,,,,,,,,,2024-10-13T06:08:00,,,,0,,,,,,,,,,,,,
2024-10-13 08:00:00,972.3,23.0,91.0,0.0,0.0,3.2,328.0,0.0,,,,,,,,,,,2024-10-13T07:36:00,,,,0,,,,,,,,,,,,,
2024-10-13 09:00:00,972.8,24.8,86.0,0.0,0.0,3.0,28.0,0.0,,,,,,,,,,,2024-10-13T08:39:00,,,,0,,,,,,,,,,,,,
2024-10-13 10:00:00,973.4,26.1,81.0,0.0,0.0,3.5,54.0,0.0,,,,,,,,,,,2024-10-13T09:13:00,,,,0,,,,,,,,,,,,,
2024-10-13 11:00:00,972.8,26.8,81.0,0.0,0.0,2.9,29.0,0.0,,,,,,,,,,,2024-10-13T10:57:00,,,,0,,,,,,,,,,,,,
2024-10-13 12:00:00,972.2,25.1,96.0,0.3,55.0,4.1,41.0,0.5,,,,,,,,,,,2024-10-13T11:41:00,,,,0,,,,,,,,,,,,,
2024-10-13 13:00:00,971.0,26.4,89.0,0.0,0.0,3.5,50.0,0.0,,,,,,,,,,,2024-10-13T12:33:00,,,,0,,,,,,,,,,,,,
2024-10-13 14:00:00,969.8,26.6,86.0,0.0,0.0,2.5,52.0,0.0,,,,,,,,,,,2024-10-13T13:35:00,,,,0,,,,,,,,,,,,,
2024-10-13 15:00:00,969.6,25.9,86.0,0.5,54.0,3.9,56.0,0.0,,,,,,,,,,,2024-10-13T14:23:00,,,,0,,,,,,,,,,,,,
2024-10-13 16:00:00,969.8,25.1,80.0,0.5,91.0,4.4,88.0,0.0,,,,,,,,,,,2024-10-13T15:29:00,,,,0,,,,,,,,,,,,,
2024-10-13 17:00:00,970.3,24.4,83.0,0.0,0.0,5.2,50.0,0.0,,,,,,,,,,,2024-10-13T16:35:00,,,,0,,,,,,,,,,,,,
2024-10-13 18:00:00,970.6,24.2,82.0,1.6,59.0,2.9,36.0,0.0,,,,,,,,,,,2024-10-13T17:43:00,,,,0,,,,,,,,,,,,,
2024-10-13 19:00:00,971.1,23.8,87.0,0.7,312.0,3.4,319.0,0.0,,,,,,,,,,,2024-10-13T18:56:00,,,,0,,,,,,,,,,,,,
2024-10-13 20:00:00,971.7,23.0,89.0,0.5,301.0,3.6,318.0,0.0,,,,,,,,,,,2024-10-13T19:58:00,,,,0,,,,,,,,,,,,,
2024-10-13 21:00:00,971.7,22.8,91.0,0.0,0.0,3.0,44.0,0.0,,,,,,,,,,,2024-10-13T20:43:00,,,,0,,,,,,,,,,,,,
2024-10-13 22:00:00,971.8,22.2,93.0,0.4,326.0,3.2,313.0,0.0,,,,,,,,,,,2024-10-13T21:50:00,,,,0,,,,,,,,,,,,,
2024-10-13 23:00:00,971.5,22.1,94.0,0.1,0.0,2.3,314.0,0.0,,,,,,,,,,,2024-10-13T22:53:00,,,,0,,,,,,,,,,,,,
2024-10-14 00:00:00,971.0,21.7,95.0,0.2,0.0,3.7,64.0,0.0,,,,,,,,,,,2024-10-13T23:03:00,,,,0,,,,,,,,,,,,,
2024-10-14 01:00:00,970.3,21.6,97.0,0.2,0.0,3.1,15.0,0.0,,,,,,,,,,,2024-10-14T00:33:00,,,,0,,,,,,,,,,,,,
2024-10-14 02:00:00,970.3,21.3,96.0,0.1,0.0,3.1,359.0,0.0,,,,,,,,,,,2024-10-14T01:11:00,,,,0,,,,,,,,,,,,,
2024-10-14 03:00:00,969.6,21.3,97.0,0.5,48.0,4.2,17.0,0.0,,,,,,,,,,,2024-10-14T02:51:00,,,,0,,,,,,,,,,,,,
2024-10-14 04:00:00,969.5,21.1,97.0,0.4,33.0,3.2,3.0,0.0,,,,,,,,,,,2024-10-14T03:55:00,,,,0,,,,,,,,,,,,,
2024-10-14 05:00:00,969.6,21.1,96.0,1.2,336.0,4.2,19.0,0.0,,,,,,,,,,,2024-10-14T04:58:00,,,,0,,,,,,,,,,,,,
2024-10-14 06:00:00,970.3,21.3,95.0,0.6,324.0,4.0,303.0,0.0,,,,,,,,,,,2024-10-14T05:32:00,,,,0,,,,,,,,,,,,,
2024-10-14 07:00:00,971.1,23.2,91.0,0.0,0.0,3.3,337.0,0.0,,,,,,,,,,,2024-10-14T06:02:00,,,,0,,,,,,,,,,,,,
2024-10-14 08:00:00,971.6,26.2,82.0,0.0,0.0,2.3,11.0,0.0,,,,,,,,,,,2024-10-14T07:06:00,,,,0,,,,,,,,,,,,,
2024-10-14 09:00:00,971.6,27.8,78.0,0.0,0.0,2.4,41.0,0.0,,,,,,,,,,,2024-10-14T08:31:00,,,,0,,,,,,,,,,,,,
2024-10-14 10:00:00,971.3,28.9,75.0,0.2,0.0,3.0,91.0,0.0,,,,,,,,,,,2024-10-14T09:54:00,,,,0,,,,,,,,,,,,,
2024-10-14 11:00:00,970.7,30.3,66.0,0.0,0.0,3.2,46.0,0.0,,,,,,,,,,,2024-10-14T10:15:00,,,,0,,,,,,,,,,,,,
2024-10-14 12:00:00,969.7,30.1,71.0,0.2,0.0,4.2,95.0,0.0,,,,,,,,,,,2024-10-14T11:50:00,,,,0,,,,,,,,,,,,,
2024-10-14 13:00:00,969.1,26.5,78.0,2.0,81.0,5.5,101.0,0.0,,,,,,,,,,,2024-10-14T12:32:00,,,,0,,,,,,,,,,,,,
2024-10-14 14:00:00,968.9,27.4,78.0,1.4,57.0,6.3,72.0,0.0,,,,,,,,,,,2024-10-14T13:46:00,,,,0,,,,,,,,,,,,,
2024-10-14 15:00:00,968.8,25.9,80.0,1.1,55.0,3.8,56.0,0.0,,,,,,,,,,,2024-10-14T15:00:00,,,,0,,,,,,,,,,,,,
2024-10-14 16:00:00,969.0,24.9,80.0,1.6,74.0,3.8,62.0,0.0,,,,,,,,,,,2024-10-14T15:15:00,,,,0,,,,,,,,,,,,,
2024-10-14 17:00:00,969.3,25.0,77.0,1.7,47.0,3.1,49.0,0.0,,,,,,,,,,,2024-10-14T16:34:00,,,,0,,,,,,,,,,,,,
2024-10-14 18:00:00,969.7,23.9,86.0,2.1,50.0,3.0,53.0,4.5,,,,,,,,,,,2024-10-14T17:28:00,,,,0,,,,,,,,,,,,,
2024-10-14 19:00:00,970.4,23.6,88.0,1.3,47.0,4.3,64.0,0.0,,,,,,,,,,,2024-10-14T18:30:00,,,,0,,,,,,,,,,,,,
2024-10-14 20:00:00,971.0,23.4,89.0,0.0,0.0,4.5,51.0,0.0,,,,,,,,,,,2024-10-14T19:28:00,,,,0,,,,,,,,,,,,,
2024-10-14 21:00:00,971.5,23.5,87.0,0.1,0.0,1.6,320.0,0.0,,,,,,,,,,,2024-10-14T20:10:00,,,,0,,,,,,,,,,,,,
2024-10-14 22:00:00,971.0,23.0,89.0,0.0,0.0,2.1,4.0,0.0,,,,,,,,,,,2024-10-14T21:55:00,,,,0,,,,,,,,,,,,,
2024-10-14 23:00:00,971.0,22.9,91.0,0.1,0.0,3.4,6.0,0.0,,,,,,,,,,,2024-10-14T22:03:00,,,,0,,,,,,,,,,,,,
2024-10-15 00:00:00,970.9,23.0,90.0,0.9,330.0,4.0,360.0,0.0,,,,,,,,,,,2024-10-14T23:57:00,,,,0,,,,,,,,,,,,,
2024-10-15 01:00:00,970.3,22.7,89.0,0.5,19.0,4.0,33.0,0.0,,,,,,,,,,,2024-10-15T00:03:00,,,,0,,,,,,,,,,,,,
2024-10-15 02:00:00,969.7,22.1,90.0,0.5,318.0,2.9,7.0,0.0,,,,,,,,,,,2024-10-15T01:03:00,,,,0,,,,,,,,,,,,,
2024-10-15 03:00:00,969.5,22.1,90.0,0.1,0.0,4.8,329.0,0.0,,,,,,,,,,,2024-10-15T02:20:00,,,,0,,,,,,,,,,,,,
2024-10-15 04:00:00,968.9,22.2,89.0,0.2,0.0,3.5,354.0,0.0,,,,,,,,,,,2024-10-15T03:08:00,,,,0,,,,,,,,,,,,,
2024-10-15 05:00:00,969.0,21.8,90.0,0.1,0.0,3.0,39.0,0.0,,,,,,,,,,,2024-10-15T04:49:00,,,,0,,,,,,,,,,,,,
2024-10-15 06:00:00,969.7,21.5,90.0,0.6,349.0,3.6,32.0,0.0,,,,,,,,,,,2024-10-15T05:58:00,,,,0,,,,,,,,,,,,,
2024-10-15 07:00:00,970.2,22.2,87.0,0.3,340.0,5.0,19.0,0.0,,,,,,,,,,,2024-10-15T06:14:00,,,,0,,,,,,,,,,,,,
2024-10-15 08:00:00,970.9,22.4,87.0,0.5,358.0,3.5,75.0,0.0,,,,,,,,,,,2024-10-15T07:24:00,,,,0,,,,,,,,,,,,,
2024-10-15 09:00:00,971.1,26.3,79.0,0.1,0.0,3.0,5.0,0.0,,,,,,,,,,,2024-10-15T08:26:00,,,,0,,,,,,,,,,,,,
2024-10-15 10:00:00,971.5,27.9,80.0,0.0,0.0,2.4,50.0,0.0,,,,,,,,,,,2024-10-15T09:26:00,,,,0,,,,,,,,,,,,,
2024-10-15 11:00:00,970.9,26.3,81.0,1.2,65.0,3.1,47.0,0.0,,,,,,,,,,,2024-10-15T11:00:00,,,,0,,,,,,,,,,,,,
2024-10-15 12:00:00,970.3,27.4,85.0,1.3,58.0,5.5,40.0,0.0,,,,,,,,,,,2024-10-15T11:59:00,,,,0,,,,,,,,,,,,,
2024-10-15 13:00:00,969.6,27.3,86.0,0.6,56.0,5.0,72.0,0.0,,,,,,,,,,,2024-10-15T12:24:00,,,,0,,,,,,,,,,,,,
2024-10-15 14:00:00,969.1,27.3,83.0,1.5,54.0,4.6,69.0,0.0,,,,,,,,,,,2024-10-15T13:14:00,,,,0,,,,,,,,,,,,,
2024-10-15 15:00:00,969.1,26.2,88.0,1.1,58.0,5.8,57.0,0.0,,,,,,,,,,,2024-10-15T14:57:00,,,,0,,,,,,,,,,,,,
2024-10-15 16:00:00,969.0,25.0,93.0,1.6,58.0,6.4,63.0,0.0,,,,,,,,,,,2024-10-15T15:47:00,,,,0,,,,,,,,,,,,,
2024-10-15 17:00:00,969.5,24.6,95.0,1.2,65.0,5.5,50.0,0.0,,,,,,,,,,,2024-10-15T16:55:00,,,,0,,,,,,,,,,,,,
2024-10-15 18:00:00,969.7,23.9,95.0,1.3,52.0,5.0,67.0,0.0,,,,,,,,,,,2024-10-15T17:31:00,,,,0,,,,,,,,,,,,,
2024-10-15 19:00:00,970.4,24.0,97.0,0.4,330.0,3.0,56.0,0.0,,,,,,,,,,,2024-10-15T18:19:00,,,,0,,,,,,,,,,,,,
2024-10-15 20:00:00,971.5,23.7,98.0,0.4,56.0,2.0,29.0,0.0,,,,,,,,,,,2024-10-15T20:00:00,,,,0,,,,,,,,,,,,,
2024-10-15 21:00:00,971.7,23.3,100.0,0.1,0.0,2.4,43.0,0.0,,,,,,,,,,,2024-10-15T20:08:00,,,,0,,,,,,,,,,,,,
2024-10-15 22:00:00,971.7,22.8,100.0,0.2,0.0,2.2,1.0,0.0,,,,,,,,,,,2024-10-15T21:42:00,,,,0,,,,,,,,,,,,,
2024-10-15 23:00:00,971.6,23.1,100.0,0.6,325.0,1.8,332.0,0.0,,,,,,,,,,,2024-10-15T22:18:00,,,,0,,,,,,,,,,,,,
2024-10-16 00:00:00,971.5,22.7,100.0,0.2,0.0,3.3,1.0,0.0,,,,,,,,,,,2024-10-15T23:10:00,,,,0,,,,,,,,,,,,,
2024-10-16 01:00:00,970.9,22.4,100.0,0.4,37.0,3.9,360.0,0.0,,,,,,,,,,,2024-10-16T00:07:00,,,,0,,,,,,,,,,,,,
2024-10-16 02:00:00,970.8,22.2,100.0,0.5,51.0,3.9,352.0,0.0,,,,,,,,,,,2024-10-16T01:30:00,,,,0,,,,,,,,,,,,,
2024-10-16 03:00:00,970.4,21.9,99.0,0.3,2.0,3.3,43.0,0.0,,,,,,,,,,,2024-10-16T02:33:00,,,,0,,,,,,,,,,,,,
2024-10-16 04:00:00,970.3,21.7,100.0,0.4,21.0,3.5,44.0,0.0,,,,,,,,,,,2024-10-16T03:40:00,,,,0,,,,,,,,,,,,,
2024-10-16 05:00:00,970.4,21.5,100.0,0.4,33.0,3.8,20.0,0.0,,,,,,,,,,,2024-10-16T04:15:00,,,,0,,,,,,,,,,,,,
2024-10-16 06:00:00,971.0,21.5,100.0,0.5,352.0,3.3,334.0,0.0,,,,,,,,,,,2024-10-16T06:00:00,,,,0,,,,,,,,,,,,,
2024-10-16 07:00:00,971.6,24.0,94.0,0.2,0.0,2.0,127.0,0.0,,,,,,,,,,,2024-10-16T06:30:00,,,,0,,,,,,,,,,,,,
2024-10-16 08:00:00,972.2,26.0,88.0,0.1,0.0,2.8,134.0,0.0,,,,,,,,,,,2024-10-16T07:30:00,,,,0,,,,,,,,,,,,,
2024-10-16 09:00:00,972.5,28.3,77.0,0.0,0.0,2.7,359.0,0.0,,,,,,,,,,,2024-10-16T08:18:00,,,,0,,,,,,,,,,,,,
2024-10-16 10:00:00,972.7,29.9,75.0,0.2,0.0,3.0,72.0,0.0,,,,,,,,,,,2024-10-16T09:48:00,,,,0,,,,,,,,,,,,,
2024-10-16 11:00:00,972.0,29.3,75.0,0.5,84.0,3.5,77.0,0.0,,,,,,,,,,,2024-10-16T10:37:00,,,,0,,,,,,,,,,,,,
2024-10-16 12:00:00,970.9,28.2,76.0,0.7,99.0,4.5,65.0,0.0,,,,,,,,,,,2024-10-16T11:37:00,,,,0,,,,,,,,,,,,,
2024-10-16 13:00:00,970.2,29.0,77.0,0.8,58.0,4.7,72.0,0.0,,,,,,,,,,,2024-10-16T12:15:00,,,,0,,,,,,,,,,,,,
2024-10-16 14:00:00,969.6,27.7,78.0,0.8,63.0,4.4,76.0,0.0,,,,,,,,,,,2024-10-16T13:06:00,,,,0,,,,,,,,,,,,,
2024-10-16 15:00:00,969.1,27.2,81.0,1.0,62.0,5.3,36.0,0.0,,,,,,,,,,,2024-10-16T14:14:00,,,,0,,,,,,,,,,,,,
2024-10-16 16:00:00,969.6,25.2,88.0,1.2,73.0,5.3,73.0,0.0,,,,,,,,,,,2024-10-16T15:49:00,,,,0,,,,,,,,,,,,,
2024-10-16 17:00:00,969.8,24.4,94.0,1.5,82.0,5.0,84.0,0.0,,,,,,,,,,,2024-10-16T16:03:00,,,,0,,,,,,,,,,,,,
2024-10-16 18:00:00,970.3,24.1,93.0,1.1,249.0,2.7,261.0,0.0,,,,,,,,,,,2024-10-16T17:45:00,,,,0,,,,,,,,,,,,,
2024-10-16 19:00:00,970.5,23.7,94.0,0.3,88.0,3.2,304.0,0.0,,,,,,,,,,,2024-10-16T18:18:00,,,,0,,,,,,,,,,,,,
2024-10-16 20:00:00,971.5,23.2,94.0,0.5,81.0,4.9,63.0,0.0,,,,,,,,,,,2024-10-16T19:26:00,,,,0,,,,,,,,,,,,,
2024-10-16 21:00:00,971.6,23.1,97.0,0.4,79.0,4.5,42.0,0.0,,,,,,,,,,,2024-10-16T20:36:00,,,,0,,,,,,,,,,,,,
2024-10-16 22:00:00,971.6,23.3,96.0,0.3,80.0,3.2,77.0,0.0,,,,,,,,,,,2024-10-16T21:35:00,,,,0,,,,,,,,,,,,,
2024-10-16 23:00:00,971.5,23.5,95.0,0.7,22.0,3.9,295.0,0.0,,,,,,,,,,,2024-10-16T22:52:00,,,,0,,,,,,,,,,,,,
2024-10-17 00:00:00,971.4,23.0,97.0,0.5,84.0,4.7,327.0,0.0,,,,,,,,,,,2024-10-16T23:43:00,,,,0,,,,,,,,,,,,,
2024-10-17 01:00:00,970.6,22.8,98.0,0.5,39.0,4.5,318.0,0.0,,,,,,,,,,,2024-10-17T00:30:00,,,,0,,,,,,,,,,,,,
2024-10-17 02:00:00,969.8,22.5,99.0,0.6,63.0,4.9,24.0,0.0,,,,,,,,,,,2024-10-17T01:04:00,,,,0,,,,,,,,,,,,,
2024-10-17 03:00:00,969.6,22.2,97.0,0.7,23.0,4.7,34.0,0.0,,,,,,,,,,,2024-10-17T02:48:00,,,,0,,,,,,,,,,,,,
2024-10-17 04:00:00,969.6,22.3,95.0,0.4,90.0,7.1,47.0,0.0,,,,,,,,,,,2024-10-17T03:08:00,,,,0,,,,,,,,,,,,,
2024-10-17 05:00:00,969.7,22.1,94.0,0.5,59.0,5.0,349.0,0.0,,,,,,,,,,,2024-10-17T04:09:00,,,,0,,,,,,,,,,,,,
2024-10-17 06:00:00,970.9,22.1,97.0,0.3,6.0,3.5,40.0,0.0,,,,,,,,,,,2024-10-17T05:29:00,,,,0,,,,,,,,,,,,,
2024-10-17 07:00:00,971.0,24.0,91.0,0.4,23.0,5.0,5.0,0.0,,,,,,,,,,,2024-10-17T06:16:00,,,,0,,,,,,,,,,,,,
2024-10-17 08:00:00,971.5,25.1,87.0,0.0,0.0,3.2,353.0,0.0,,,,,,,,,,,2024-10-17T07:12:00,,,,0,,,,,,,,,,,,,
2024-10-17 09:00:00,971.7,27.9,83.0,0.0,0.0,3.6,16.0,0.0,,,,,,,,,,,2024-10-17T08:18:00,,,,0,,,,,,,,,,,,,
2024-10-17 10:00:00,972.0,29.8,73.0,0.1,0.0,3.1,57.0,0.0,,,,,,,,,,,2024-10-17T09:46:00,,,,0,,,,,,,,,,,,,
2024-10-17 11:00:00,971.5,26.9,86.0,0.0,0.0,2.8,61.0,0.0,,,,,,,,,,,2024-10-17T10:07:00,,,,0,,,,,,,,,,,,,
2024-10-17 12:00:00,970.3,28.1,81.0,1.4,74.0,5.5,57.0,0.0,,,,,,,,,,,2024-10-17T11:46:00,,,,0,,,,,,,,,,,,,
2024-10-17 13:00:00,969.6,26.6,88.0,1.2,66.0,6.1,75.0,0.0,,,,,,,,,,,2024-10-17T12:57:00,,,,0,,,,,,,,,,,,,
2024-10-17 14:00:00,969.0,26.4,91.0,0.5,55.0,5.6,88.0,0.0,,,,,,,,,,,2024-10-17T13:13:00,,,,0,,,,,,,,,,,,,
2024-10-17 15:00:00,968.4,26.5,87.0,0.3,70.0,4.1,61.0,0.0,,,,,,,,,,,2024-10-17T14:16:00,,,,0,,,,,,,,,,,,,
2024-10-17 16:00:00,968.7,26.6,87.0,0.0,0.0,1.6,105.0,0.0,,,,,,,,,,,2024-10-17T15:14:00,,,,0,,,,,,,,,,,,,
2024-10-17 17:00:00,969.0,25.1,91.0,0.4,80.0,2.6,76.0,0.0,,,,,,,,,,,2024-10-17T16:55:00,,,,0,,,,,,,,,,,,,
2024-10-17 18:00:00,969.2,24.4,98.0,1.3,85.0,4.1,81.0,0.0,,,,,,,,,,,2024-10-17T17:49:00,,,,0,,,,,,,,,,,,,
2024-10-17 19:00:00,969.8,24.5,99.0,0.8,53.0,3.7,98.0,0.0,,,,,,,,,,,2024-10-17T18:10:00,,,,0,,,,,,,,,,,,,
2024-10-17 20:00:00,970.9,24.1,98.0,1.0,63.0,3.9,58.0,0.0,,,,,,,,,,,2024-10-17T19:12:00,,,,0,,,,,,,,,,,,,
2024-10-17 21:00:00,970.9,23.7,100.0,1.2,306.0,2.0,332.0,0.5,,,,,,,,,,,2024-10-17T20:52:00,,,,0,,,,,,,,,,,,,
2024-10-17 22:00:00,971.0,23.1,100.0,0.2,0.0,2.3,307.0,0.0,,,,,,,,,,,2024-10-17T21:27:00,,,,0,,,,,,,,,,,,,
2024-10-17 23:00:00,971.0,23.7,100.0,0.0,0.0,2.5,57.0,0.0,,,,,,,,,,,2024-10-17T22:29:00,,,,0,,,,,,,,,,,,,
2024-10-18 00:00:00,970.9,23.7,100.0,0.0,0.0,1.6,38.0,0.0,,,,,,,,,,,2024-10-17T23:21:00,,,,0,,,,,,,,,,,,,
2024-10-18 01:00:00,970.2,23.2,100.0,0.3,344.0,1.7,354.0,0.0,,,,,,,,,,,2024-10-18T00:49:00,,,,0,,,,,,,,,,,,,
2024-10-18 02:00:00,969.7,23.4,100.0,0.5,353.0,2.1,25.0,0.0,,,,,,,,,,,2024-10-18T01:15:00,,,,0,,,,,,,,,,,,,
2024-10-18 03:00:00,969.6,23.3,100.0,0.8,319.0,2.3,5.0,0.0,,,,,,,,,,,2024-10-18T02:11:00,,,,0,,,,,,,,,,,,,
2024-10-18 04:00:00,969.5,23.1,100.0,0.8,353.0,2.8,333.0,0.0,,,,,,,,,,,2024-10-18T03:59:00,,,,0,,,,,,,,,,,,,
2024-10-18 05:00:00,969.6,22.7,100.0,0.1,0.0,1.9,40.0,0.0,,,,,,,,,,,2024-10-18T04:05:00,,,,0,,,,,,,,,,,,,
2024-10-18 06:00:00,969.7,22.7,100.0,0.5,23.0,3.2,42.0,0.0,,,,,,,,,,,2024-10-18T05:06:00,,,,0,,,,,,,,,,,,,
2024-10-18 07:00:00,970.2,24.6,95.0,0.3,39.0,4.1,13.0,0.0,,,,,,,,,,,2024-10-18T06:41:00,,,,0,,,,,,,,,,,,,
2024-10-18 08:00:00,970.4,26.6,88.0,0.5,78.0,3.0,339.0,0.0,,,,,,,,,,,2024-10-18T07:04:00,,,,0,,,,,,,,,,,,,
2024-10-18 09:00:00,970.9,29.1,80.0,0.1,0.0,2.8,56.0,0.0,,,,,,,,,,,2024-10-18T08:26:00,,,,0,,,,,,,,,,,,,
2024-10-18 10:00:00,971.0,29.7,78.0,0.0,0.0,2.7,86.0,0.0,,,,,,,,,,,2024-10-18T09:11:00,,,,0,,,,,,,,,,,,,
2024-10-18 11:00:00,970.2,29.8,78.0,0.2,0.0,2.6,48.0,0.0,,,,,,,,,,,2024-10-18T10:44:00,,,,0,,,,,,,,,,,,,
2024-10-18 12:00:00,969.5,28.8,75.0,1.1,71.0,4.5,58.0,0.0,,,,,,,,,,,2024-10-18T11:28:00,,,,0,,,,,,,,,,,,,
2024-10-18 13:00:00,968.9,28.2,75.0,1.4,77.0,5.0,107.0,0.0,,,,,,,,,,,2024-10-18T12:54:00,,,,0,,,,,,,,,,,,,
2024-10-18 14:00:00,968.4,27.9,78.0,0.8,90.0,4.4,103.0,0.0,,,,,,,,,,,2024-10-18T13:17:00,,,,0,,,,,,,,,,,,,
2024-10-18 15:00:00,968.4,26.8,78.0,1.4,87.0,4.2,84.0,0.0,,,,,,,,,,,2024-10-18T14:43:00,,,,0,,,,,,,,,,,,,
2024-10-18 16:00:00,968.4,27.3,81.0,0.8,61.0,4.1,101.0,0.0,,,,,,,,,,,2024-10-18T15:05:00,,,,0,,,,,,,,,,,,,
2024-10-18 17:00:00,968.6,24.6,94.0,1.6,52.0,2.9,91.0,0.0,,,,,,,,,,,2024-10-18T16:05:00,,,,0,,,,,,,,,,,,,
2024-10-18 18:00:00,969.0,24.3,96.0,0.9,90.0,2.5,46.0,0.0,,,,,,,,,,,2024-10-18T17:05:00,,,,0,,,,,,,,,,,,,
2024-10-18 19:00:00,969.8,23.8,99.0,1.5,75.0,2.5,53.0,0.0,,,,,,,,,,,2024-10-18T18:40:00,,,,0,,,,,,,,,,,,,
2024-10-18 20:00:00,970.4,23.8,98.0,1.3,321.0,2.3,49.0,0.0,,,,,,,,,,,2024-10-18T19:09:00,,,,0,,,,,,,,,,,,,
2024-10-18 21:00:00,970.5,23.5,98.0,0.4,7.0,3.2,42.0,0.0,,,,,,,,,,,2024-10-18T20:45:00,,,,0,,,,,,,,,,,,,
2024-10-18 22:00:00,970.3,23.0,99.0,0.5,43.0,3.4,344.0,0.0,,,,,,,,,,,2024-10-18T21:51:00,,,,0,,,,,,,,,,,,,
2024-10-18 23:00:00,970.3,22.8,100.0,0.1,0.0,3.2,5.0,0.0,,,,,,,,,,,2024-10-18T22:49:00,,,,0,,,,,,,,,,,,,
2024-10-19 00:00:00,970.3,22.6,98.0,0.5,48.0,3.2,43.0,0.0,,,,,,,,,,,2024-10-18T23:39:00,,,,0,,,,,,,,,,,,,
2024-10-19 01:00:00,969.7,22.6,98.0,0.6,27.0,2.5,24.0,0.0,,,,,,,,,,,2024-10-19T00:54:00,,,,0,,,,,,,,,,,,,
2024-10-19 02:00:00,969.7,22.2,97.0,0.7,5.0,3.8,33.0,0.0,,,,,,,,,,,2024-10-19T01:32:00,,,,0,,,,,,,,,,,,,
2024-10-19 03:00:00,969.1,21.8,93.0,1.6,305.0,3.3,311.0,0.0,,,,,,,,,,,2024-10-19T02:54:00,,,,0,,,,,,,,,,,,,
2024-10-19 04:00:00,969.2,22.0,87.0,0.2,0.0,5.0,22.0,0.0,,,,,,,,,,,2024-10-19T03:31:00,,,,0,,,,,,,,,,,,,
2024-10-19 05:00:00,969.6,21.7,86.0,0.1,0.0,3.8,8.0,0.0,,,,,,,,,,,2024-10-19T04:04:00,,,,0,,,,,,,,,,,,,
2024-10-19 06:00:00,970.3,21.6,81.0,0.5,345.0,3.6,42.0,0.0,,,,,,,,,,,2024-10-19T06:00:00,,,,0,,,,,,,,,,,,,
2024-10-19 07:00:00,970.9,21.9,79.0,0.3,357.0,3.3,355.0,0.0,,,,,,,,,,,2024-10-19T06:35:00,,,,0,,,,,,,,,,,,,
2024-10-19 08:00:00,971.6,23.1,81.0,0.0,0.0,2.6,351.0,0.0,,,,,,,,,,,2024-10-19T07:01:00,,,,0,,,,,,,,,,,,,
2024-10-19 09:00:00,971.5,27.3,67.0,0.3,72.0,4.1,319.0,0.0,,,,,,,,,,,2024-10-19T08:32:00,,,,0,,,,,,,,,,,,,
2024-10-19 10:00:00,971.6,29.4,68.0,0.4,56.0,3.7,31.0,0.0,,,,,,,,,,,2024-10-19T09:58:00,,,,0,,,,,,,,,,,,,
2024-10-19 11:00:00,970.9,30.1,69.0,0.8,59.0,3.3,63.0,0.0,,,,,,,,,,,2024-10-19T10:48:00,,,,0,,,,,,,,,,,,,
2024-10-19 12:00:00,970.2,30.0,72.0,0.7,79.0,3.3,39.0,0.0,,,,,,,,,,,2024-10-19T11:31:00,,,,0,,,,,,,,,,,,,
2024-10-19 13:00:00,969.6,28.7,79.0,1.7,71.0,5.5,82.0,0.0,,,,,,,,,,,2024-10-19T12:53:00,,,,0,,,,,,,,,,,,,
2024-10-19 14:00:00,969.2,28.4,82.0,1.4,68.0,7.2,79.0,0.0,,,,,,,,,,,2024-10-19T13:43:00,,,,0,,,,,,,,,,,,,
2024-10-19 15:00:00,969.0,27.6,84.0,1.7,60.0,5.7,64.0,0.0,,,,,,,,,,,2024-10-19T14:11:00,,,,0,,,,,,,,,,,,,
2024-10-19 16:00:00,969.7,27.0,84.0,1.7,51.0,6.7,99.0,0.0,,,,,,,,,,,2024-10-19T15:32:00,,,,0,,,,,,,,,,,,,
2024-10-19 17:00:00,970.3,25.7,92.0,1.5,52.0,5.4,56.0,0.0,,,,,,,,,,,2024-10-19T16:21:00,,,,0,,,,,,,,,,,,,
2024-10-19 18:00:00,970.9,24.7,95.0,1.8,71.0,3.8,57.0,0.0,,,,,,,,,,,2024-10-19T17:39:00,,,,0,,,,,,,,,,,,,
2024-10-19 19:00:00,971.6,25.0,93.0,0.8,350.0,3.1,76.0,0.0,,,,,,,,,,,2024-10-19T18:01:00,,,,0,,,,,,,,,,,,,
2024-10-19 20:00:00,971.8,24.3,95.0,0.2,0.0,2.8,300.0,0.0,,,,,,,,,,,2024-10-19T19:13:00,,,,0,,,,,,,,,,,,,
2024-10-19 21:00:00,972.2,24.0,97.0,0.6,4.0,3.8,28.0,0.0,,,,,,,,,,,2024-10-19T21:00:00,,,,0,,,,,,,,,,,,,
2024-10-19 22:00:00,972.2,23.7,98.0,0.8,59.0,3.7,46.0,0.0,,,,,,,,,,,2024-10-19T21:57:00,,,,0,,,,,,,,,,,,,
2024-10-19 23:00:00,972.3,23.5,98.0,0.3,90.0,6.8,34.0,0.0,,,,,,,,,,,2024-10-19T22:11:00,,,,0,,,,,,,,,,,,,
2024-10-20 00:00:00,972.3,23.6,99.0,0.6,74.0,5.1,22.0,0.0,,,,,,,,,,,2024-10-19T23:43:00,,,,0,,,,,,,,,,,,,
2024-10-20 01:00:00,971.6,23.5,98.0,0.2,0.0,2.8,18.0,0.0,,,,,,,,,,,2024-10-20T00:29:00,,,,0,,,,,,,,,,,,,
2024-10-20 02:00:00,971.6,23.4,99.0,0.4,88.0,2.4,79.0,0.0,,,,,,,,,,,2024-10-20T01:20:00,,,,0,,,,,,,,,,,,,
2024-10-20 03:00:00,971.1,23.2,100.0,0.6,107.0,3.0,87.0,0.0,,,,,,,,,,,2024-10-20T02:48:00,,,,0,,,,,,,,,,,,,
2024-10-20 04:00:00,971.0,23.0,97.0,0.8,66.0,5.2,46.0,0.0,,,,,,,,,,,2024-10-20T03:59:00,,,,0,,,,,,,,,,,,,
2024-10-20 05:00:00,971.6,23.0,97.0,0.6,65.0,3.5,58.0,0.0,,,,,,,,,,,2024-10-20T04:15:00,,,,0,,,,,,,,,,,,,
2024-10-20 06:00:00,972.3,22.9,97.0,0.6,75.0,4.4,87.0,0.0,,,,,,,,,,,2024-10-20T05:55:00,,,,0,,,,,,,,,,,,,
2024-10-20 07:00:00,972.9,23.6,95.0,0.6,81.0,5.0,75.0,0.0,,,,,,,,,,,2024-10-20T06:28:00,,,,0,,,,,,,,,,,,,
2024-10-20 08:00:00,972.9,26.2,85.0,0.3,69.0,6.9,41.0,0.0,,,,,,,,,,,2024-10-20T07:35:00,,,,0,,,,,,,,,,,,,
2024-10-20 09:00:00,973.5,27.3,82.0,1.0,53.0,7.5,28.0,0.0,,,,,,,,,,,2024-10-20T09:00:00,,,,0,,,,,,,,,,,,,
2024-10-20 10:00:00,973.6,28.9,78.0,0.4,101.0,4.9,36.0,0.0,,,,,,,,,,,2024-10-20T09:01:00,,,,0,,,,,,,,,,,,,
2024-10-20 11:00:00,972.9,28.2,80.0,0.5,107.0,5.1,78.0,0.0,,,,,,,,,,,2024-10-20T10:28:00,,,,0,,,,,,,,,,,,,
2024-10-20 12:00:00,972.2,29.1,74.0,0.4,121.0,3.8,76.0,0.0,,,,,,,,,,,2024-10-20T11:20:00,,,,0,,,,,,,,,,,,,
2024-10-20 13:00:00,971.6,27.2,82.0,1.5,67.0,5.5,50.0,0.0,,,,,,,,,,,2024-10-20T12:57:00,,,,0,,,,,,,,,,,,,
2024-10-20 14:00:00,971.0,28.6,80.0,0.3,117.0,6.1,47.0,0.0,,,,,,,,,,,2024-10-20T13:12:00,,,,0,,,,,,,,,,,,,
2024-10-20 15:00:00,971.0,26.2,87.0,0.9,57.0,4.3,69.0,0.0,,,,,,,,,,,2024-10-20T14:58:00,,,,0,,,,,,,,,,,,,
2024-10-20 16:00:00,971.4,25.7,89.0,0.1,0.0,4.3,57.0,0.0,,,,,,,,,,,2024-10-20T15:36:00,,,,0,,,,,,,,,,,,,
2024-10-20 17:00:00,971.6,25.0,89.0,0.4,113.0,4.3,42.0,0.0,,,,,,,,,,,2024-10-20T16:31:00,,,,0,,,,,,,,,,,,,
2024-10-20 18:00:00,972.2,24.4,91.0,1.1,57.0,4.4,54.0,0.0,,,,,,,,,,,2024-10-20T17:54:00,,,,0,,,,,,,,,,,,,
2024-10-20 19:00:00,972.2,23.8,95.0,0.2,0.0,4.0,76.0,0.0,,,,,,,,,,,2024-10-20T18:34:00,,,,0,,,,,,,,,,,,,
2024-10-20 20:00:00,972.8,23.4,94.0,0.5,90.0,3.5,144.0,0.0,,,,,,,,,,,2024-10-20T19:43:00,,,,0,,,,,,,,,,,,,
2024-10-20 21:00:00,972.9,23.3,96.0,0.5,69.0,5.1,46.0,0.0,,,,,,,,,,,2024-10-20T20:31:00,,,,0,,,,,,,,,,,,,
2024-10-20 22:00:00,972.9,23.3,96.0,0.3,58.0,4.2,336.0,0.0,,,,,,,,,,,2024-10-20T21:57:00,,,,0,,,,,,,,,,,,,
2024-10-20 23:00:00,972.7,22.6,100.0,0.4,55.0,3.2,81.0,0.0,,,,,,,,,,,2024-10-20T22:02:00,,,,0,,,,,,,,,,,,,
2024-10-21 00:00:00,971.8,22.4,100.0,1.0,56.0,6.0,67.0,0.0,,,,,,,,,,,2024-10-20T23:59:00,,,,0,,,,,,,,,,,,,
2024-10-21 01:00:00,971.6,22.5,100.0,0.4,38.0,3.8,16.0,0.0,,,,,,,,,,,2024-10-21T00:29:00,,,,0,,,,,,,,,,,,,
2024-10-21 02:00:00,971.0,22.4,100.0,0.9,31.0,4.8,25.0,0.5,,,,,,,,,,,2024-10-21T01:47:00,,,,0,,,,,,,,,,,,,
2024-10-21 03:00:00,971.0,22.2,100.0,0.5,86.0,4.1,25.0,0.0,,,,,,,,,,,2024-10-21T02:11:00,,,,0,,,,,,,,,,,,,
2024-10-21 04:00:00,971.1,22.1,100.0,0.5,100.0,4.4,316.0,0.0,,,,,,,,,,,2024-10-21T03:05:00,,,,0,,,,,,,,,,,,,
2024-10-21 05:00:00,971.6,22.3,100.0,0.4,336.0,3.5,2.0,0.0,,,,,,,,,,,2024-10-21T04:49:00,,,,0,,,,,,,,,,,,,
2024-10-21 06:00:00,971.5,22.4,100.0,0.3,19.0,3.2,19.0,0.0,,,,,,,,,,,2024-10-21T05:28:00,,,,0,,,,,,,,,,,,,
2024-10-21 07:00:00,972.2,22.5,100.0,0.6,86.0,3.7,52.0,0.0,,,,,,,,,,,2024-10-21T06:29:00,,,,0,,,,,,,,,,,,,
2024-10-21 08:00:00,972.5,23.4,100.0,0.2,0.0,3.0,51.0,0.0,,,,,,,,,,,2024-10-21T07:09:00,,,,0,,,,,,,,,,,,,
2024-10-21 09:00:00,972.5,25.9,93.0,0.1,0.0,2.3,14.0,0.0,,,,,,,,,,,2024-10-21T08:38:00,,,,0,,,,,,,,,,,,,
2024-10-21 10:00:00,972.2,26.9,89.0,0.0,0.0,4.0,29.0,0.0,,,,,,,,,,,2024-10-21T09:48:00,,,,0,,,,,,,,,,,,,
2024-10-21 11:00:00,971.5,29.2,82.0,0.2,0.0,3.3,32.0,0.0,,,,,,,,,,,2024-10-21T10:42:00,,,,0,,,,,,,,,,,,,
2024-10-21 12:00:00,970.4,28.9,82.0,0.3,70.0,4.7,54.0,0.0,,,,,,,,,,,2024-10-21T11:32:00,,,,0,,,,,,,,,,,,,
2024-10-21 13:00:00,969.6,27.9,83.0,1.6,66.0,7.6,73.0,0.0,,,,,,,,,,,2024-10-21T12:47:00,,,,0,,,,,,,,,,,,,
2024-10-21 14:00:00,968.9,26.7,83.0,2.3,61.0,8.5,53.0,0.0,,,,,,,,,,,2024-10-21T13:43:00,,,,0,,,,,,,,,,,,,
2024-10-21 15:00:00,968.9,26.2,87.0,1.9,55.0,8.6,53.0,0.0,,,,,,,,,,,2024-10-21T14:12:00,,,,0,,,,,,,,,,,,,
2024-10-21 16:00:00,969.0,25.1,91.0,1.8,62.0,6.2,60.0,0.0,,,,,,,,,,,2024-10-21T15:44:00,,,,0,,,,,,,,,,,,,
2024-10-21 17:00:00,969.0,24.5,93.0,1.2,51.0,4.6,47.0,0.0,,,,,,,,,,,2024-10-21T16:08:00,,,,0,,,,,,,,,,,,,
2024-10-21 18:00:00,969.7,23.9,96.0,0.0,0.0,3.9,73.0,0.0,,,,,,,,,,,2024-10-21T17:12:00,,,,0,,,,,,,,,,,,,
2024-10-21 19:00:00,970.3,23.8,96.0,0.1,0.0,2.9,65.0,0.0,,,,,,,,,,,2024-10-21T18:17:00,,,,0,,,,,,,,,,,,,
2024-10-21 20:00:00,971.0,23.2,98.0,0.1,0.0,2.6,135.0,0.0,,,,,,,,,,,2024-10-21T19:30:00,,,,0,,,,,,,,,,,,,
2024-10-21 21:00:00,971.1,23.3,98.0,0.2,0.0,2.4,81.0,0.0,,,,,,,,,,,2024-10-21T20:57:00,,,,0,,,,,,,,,,,,,
2024-10-21 22:00:00,971.1,23.1,98.0,0.3,82.0,2.9,26.0,0.0,,,,,,,,,,,2024-10-21T21:46:00,,,,0,,,,,,,,,,,,,
2024-10-21 23:00:00,970.7,22.6,100.0,0.4,22.0,4.6,44.0,0.0,,,,,,,,,,,2024-10-21T22:56:00,,,,0,,,,,,,,,,,,,
2024-10-22 00:00:00,969.7,22.5,100.0,0.9,84.0,4.1,31.0,0.0,,,,,,,,,,,2024-10-21T23:37:00,,,,0,,,,,,,,,,,,,
2024-10-22 01:00:00,969.3,22.4,99.0,0.9,8.0,5.3,32.0,0.0,,,,,,,,,,,2024-10-22T00:49:00,,,,0,,,,,,,,,,,,,
2024-10-22 02:00:00,969.0,22.1,100.0,0.7,11.0,3.2,3.0,0.0,,,,,,,,,,,2024-10-22T01:26:00,,,,0,,,,,,,,,,,,,
2024-10-22 03:00:00,968.5,21.9,99.0,0.7,64.0,4.3,77.0,0.0,,,,,,,,,,,2024-10-22T02:23:00,,,,0,,,,,,,,,,,,,
2024-10-22 04:00:00,968.4,21.6,97.0,0.3,41.0,4.7,4.0,0.0,,,,,,,,,,,2024-10-22T03:34:00,,,,0,,,,,,,,,,,,,
2024-10-22 05:00:00,969.2,21.7,96.0,0.2,0.0,6.5,357.0,0.0,,,,,,,,,,,2024-10-22T04:44:00,,,,0,,,,,,,,,,,,,
2024-10-22 06:00:00,969.6,21.6,95.0,0.3,18.0,7.1,311.0,0.0,,,,,,,,,,,2024-10-22T05:32:00,,,,0,,,,,,,,,,,,,
2024-10-22 07:00:00,969.7,23.2,90.0,0.1,0.0,6.6,52.0,0.0,,,,,,,,,,,2024-10-22T06:39:00,,,,0,,,,,,,,,,,,,
2024-10-22 08:00:00,969.7,25.5,81.0,0.3,82.0,4.3,54.0,0.0,,,,,,,,,,,2024-10-22T07:47:00,,,,0,,,,,,,,,,,,,
2024-10-22 09:00:00,969.6,27.1,78.0,0.3,83.0,4.4,19.0,0.0,,,,,,,,,,,2024-10-22T08:15:00,,,,0,,,,,,,,,,,,,
2024-10-22 10:00:00,969.6,29.0,74.0,0.3,102.0,3.5,106.0,0.0,,,,,,,,,,,2024-10-22T09:07:00,,,,0,,,,,,,,,,,,,
2024-10-22 11:00:00,968.9,29.5,75.0,0.2,0.0,3.5,60.0,0.0,,,,,,,,,,,2024-10-22T10:48:00,,,,0,,,,,,,,,,,,,
2024-10-22 12:00:00,967.8,27.7,83.0,1.2,65.0,6.3,77.0,0.0,,,,,,,,,,,2024-10-22T11:25:00,,,,0,,,,,,,,,,,,,
2024-10-22 13:00:00,967.0,28.7,80.0,0.4,63.0,5.1,71.0,0.0,,,,,,,,,,,2024-10-22T12:28:00,,,,0,,,,,,,,,,,,,
2024-10-22 14:00:00,966.0,27.8,83.0,1.9,70.0,8.2,67.0,0.0,,,,,,,,,,,2024-10-22T13:55:00,,,,0,,,,,,,,,,,,,
2024-10-22 15:00:00,966.0,26.9,86.0,2.2,65.0,6.1,75.0,0.0,,,,,,,,,,,2024-10-22T14:57:00,,,,0,,,,,,,,,,,,,
2024-10-22 16:00:00,966.5,25.6,91.0,1.9,63.0,7.8,73.0,0.0,,,,,,,,,,,2024-10-22T15:24:00,,,,0,,,,,,,,,,,,,
2024-10-22 17:00:00,967.1,24.8,94.0,1.5,53.0,5.8,50.0,0.0,,,,,,,,,,,2024-10-22T16:07:00,,,,0,,,,,,,,,,,,,
2024-10-22 18:00:00,967.0,24.0,90.0,0.6,72.0,4.2,33.0,0.0,,,,,,,,,,,2024-10-22T17:02:00,,,,0,,,,,,,,,,,,,
2024-10-22 19:00:00,967.1,24.0,91.0,0.8,95.0,4.8,18.0,0.0,,,,,,,,,,,2024-10-22T19:00:00,,,,0,,,,,,,,,,,,,
2024-10-22 20:00:00,967.7,23.6,91.0,0.8,83.0,6.0,59.0,0.0,,,,,,,,,,,2024-10-22T19:34:00,,,,0,,,,,,,,,,,,,
2024-10-22 21:00:00,967.7,23.3,93.0,0.6,106.0,4.1,131.0,0.0,,,,,,,,,,,2024-10-22T20:16:00,,,,0,,,,,,,,,,,,,
2024-10-22 22:00:00,967.8,23.2,93.0,0.2,0.0,5.6,56.0,0.0,,,,,,,,,,,2024-10-22T21:31:00,,,,0,,,,,,,,,,,,,
2024-10-22 23:00:00,967.2,23.0,92.0,0.8,96.0,5.3,80.0,0.0,,,,,,,,,,,2024-10-22T22:57:00,,,,0,,,,,,,,,,,,,
2024-10-23 00:00:00,966.6,23.1,90.0,0.5,85.0,7.7,88.0,0.0,,,,,,,,,,,2024-10-22T23:27:00,,,,0,,,,,,,,,,,,,
2024-10-23 01:00:00,965.7,22.9,89.0,1.1,93.0,6.9,29.0,0.0,,,,,,,,,,,2024-10-23T00:24:00,,,,0,,,,,,,,,,,,,
2024-10-23 02:00:00,965.2,22.7,88.0,1.0,95.0,7.3,57.0,0.0,,,,,,,,,,,2024-10-23T01:15:00,,,,0,,,,,,,,,,,,,
2024-10-23 03:00:00,964.4,22.5,88.0,1.1,55.0,6.7,24.0,0.0,,,,,,,,,,,2024-10-23T02:59:00,,,,0,,,,,,,,,,,,,
2024-10-23 04:00:00,963.9,22.4,86.0,0.9,70.0,6.9,69.0,0.0,,,,,,,,,,,2024-10-23T03:52:00,,,,0,,,,,,,,,,,,,
2024-10-23 05:00:00,964.1,22.4,86.0,0.9,63.0,7.3,64.0,0.0,,,,,,,,,,,2024-10-23T04:22:00,,,,0,,,,,,,,,,,,,
2024-10-23 06:00:00,964.4,22.3,88.0,0.7,81.0,6.3,39.0,0.0,,,,,,,,,,,2024-10-23T05:42:00,,,,0,,,,,,,,,,,,,
2024-10-23 07:00:00,965.2,23.1,85.0,0.9,88.0,8.6,29.0,0.0,,,,,,,,,,,2024-10-23T06:51:00,,,,0,,,,,,,,,,,,,
2024-10-23 08:00:00,966.0,23.7,82.0,1.3,79.0,6.1,9.0,0.0,,,,,,,,,,,2024-10-23T07:49:00,,,,0,,,,,,,,,,,,,
2024-10-23 09:00:00,965.8,26.0,78.0,1.3,70.0,6.8,67.0,0.0,,,,,,,,,,,2024-10-23T08:41:00,,,,0,,,,,,,,,,,,,
2024-10-23 10:00:00,964.6,27.4,71.0,1.2,102.0,8.6,334.0,0.0,,,,,,,,,,,2024-10-23T09:07:00,,,,0,,,,,,,,,,,,,
2024-10-23 11:00:00,964.6,26.3,73.0,1.0,96.0,7.8,53.0,0.0,,,,,,,,,,,2024-10-23T10:13:00,,,,0,,,,,,,,,,,,,
2024-10-23 12:00:00,964.7,27.4,76.0,0.6,102.0,5.2,128.0,0.0,,,,,,,,,,,2024-10-23T11:33:00,,,,0,,,,,,,,,,,,,
2024-10-23 13:00:00,963.5,27.0,72.0,1.4,84.0,7.2,44.0,0.0,,,,,,,,,,,2024-10-23T12:05:00,,,,0,,,,,,,,,,,,,
2024-10-23 14:00:00,963.8,26.0,73.0,1.3,83.0,7.6,21.0,0.0,,,,,,,,,,,2024-10-23T13:51:00,,,,0,,,,,,,,,,,,,
2024-10-23 15:00:00,961.9,25.5,72.0,1.4,89.0,10.5,110.0,0.0,,,,,,,,,,,2024-10-23T14:44:00,,,,0,,,,,,,,,,,,,
2024-10-23 16:00:00,963.1,24.5,75.0,1.1,45.0,11.3,54.0,0.0,,,,,,,,,,,2024-10-23T15:40:00,,,,0,,,,,,,,,,,,,
2024-10-23 17:00:00,963.8,23.7,75.0,0.9,122.0,9.5,28.0,0.0,,,,,,,,,,,2024-10-23T16:05:00,,,,0,,,,,,,,,,,,,
2024-10-23 18:00:00,963.3,23.2,75.0,1.6,44.0,10.2,53.0,0.0,,,,,,,,,,,2024-10-23T17:33:00,,,,0,,,,,,,,,,,,,
2024-10-23 19:00:00,963.8,23.0,79.0,1.7,55.0,11.4,22.0,0.0,,,,,,,,,,,2024-10-23T18:27:00,,,,0,,,,,,,,,,,,,
2024-10-23 20:00:00,963.4,22.7,81.0,1.1,72.0,9.3,29.0,0.0,,,,,,,,,,,2024-10-23T19:15:00,,,,0,,,,,,,,,,,,,
2024-10-23 21:00:00,963.7,22.4,81.0,0.8,79.0,7.5,54.0,0.0,,,,,,,,,,,2024-10-23T20:32:00,,,,0,,,,,,,,,,,,,
2024-10-23 22:00:00,963.3,22.9,78.0,1.2,91.0,7.9,51.0,0.0,,,,,,,,,,,2024-10-23T21:31:00,,,,0,,,,,,,,,,,,,
2024-10-23 23:00:00,962.9,22.6,80.0,1.1,90.0,9.2,13.0,0.0,,,,,,,,,,,2024-10-23T22:32:00,,,,0,,,,,,,,,,,,,
2024-10-24 00:00:00,962.6,22.7,79.0,1.4,90.0,8.4,11.0,0.0,,,,,,,,,,,2024-10-23T23:56:00,,,,0,,,,,,,,,,,,,
2024-10-24 01:00:00,961.4,22.3,82.0,1.2,59.0,10.9,53.0,0.0,,,,,,,,,,,2024-10-24T00:35:00,,,,0,,,,,,,,,,,,,
2024-10-24 02:00:00,961.2,22.0,83.0,1.2,80.0,9.5,344.0,0.0,,,,,,,,,,,2024-10-24T01:56:00,,,,0,,,,,,,,,,,,,
2024-10-24 03:00:00,960.5,22.4,79.0,1.5,92.0,8.1,272.0,0.0,,,,,,,,,,,2024-10-24T02:08:00,,,,0,,,,,,,,,,,,,
2024-10-24 04:00:00,959.9,22.2,82.0,1.0,72.0,6.7,37.0,0.0,,,,,,,,,,,2024-10-24T03:30:00,,,,0,,,,,,,,,,,,,
2024-10-24 05:00:00,960.1,21.9,83.0,1.0,66.0,6.3,79.0,0.0,,,,,,,,,,,2024-10-24T04:19:00,,,,0,,,,,,,,,,,,,
2024-10-24 06:00:00,960.8,22.1,84.0,0.9,86.0,7.8,255.0,0.0,,,,,,,,,,,2024-10-24T05:37:00,,,,0,,,,,,,,,,,,,
2024-10-24 07:00:00,960.7,22.3,85.0,1.2,77.0,9.8,48.0,0.0,,,,,,,,,,,2024-10-24T06:08:00,,,,0,,,,,,,,,,,,,
2024-10-24 08:00:00,961.4,22.5,86.0,0.7,58.0,7.3,47.0,0.0,,,,,,,,,,,2024-10-24T07:44:00,,,,0,,,,,,,,,,,,,
2024-10-24 09:00:00,961.2,22.7,87.0,0.7,86.0,7.9,360.0,0.0,,,,,,,,,,,2024-10-24T08:11:00,,,,0,,,,,,,,,,,,,
2024-10-24 10:00:00,961.9,23.1,87.0,0.8,74.0,7.1,11.0,0.0,,,,,,,,,,,2024-10-24T09:19:00,,,,0,,,,,,,,,,,,,
2024-10-24 11:00:00,961.6,21.1,100.0,0.9,88.0,6.5,47.0,0.5,,,,,,,,,,,2024-10-24T10:42:00,,,,0,,,,,,,,,,,,,
2024-10-24 12:00:00,960.5,21.6,100.0,0.6,81.0,6.9,7.0,0.0,,,,,,,,,,,2024-10-24T11:50:00,,,,0,,,,,,,,,,,,,
2024-10-24 13:00:00,959.5,21.7,100.0,0.8,84.0,8.5,7.0,0.0,,,,,,,,,,,2024-10-24T12:15:00,,,,0,,,,,,,,,,,,,
2024-10-24 14:00:00,959.6,21.6,100.0,0.9,71.0,8.2,76.0,0.5,,,,,,,,,,,2024-10-24T13:29:00,,,,0,,,,,,,,,,,,,
2024-10-24 15:00:00,959.3,21.1,100.0,1.5,60.0,8.9,21.0,0.5,,,,,,,,,,,2024-10-24T15:00:00,,,,0,,,,,,,,,,,,,
2024-10-24 16:00:00,959.5,21.2,100.0,1.1,53.0,6.2,347.0,2.5,,,,,,,,,,,2024-10-24T15:30:00,,,,0,,,,,,,,,,,,,
2024-10-24 17:00:00,960.8,21.2,100.0,1.2,69.0,10.6,340.0,0.0,,,,,,,,,,,2024-10-24T16:20:00,,,,0,,,,,,,,,,,,,
2024-10-24 18:00:00,961.3,21.2,100.0,1.4,63.0,5.9,11.0,1.5,,,,,,,,,,,2024-10-24T17:19:00,,,,0,,,,,,,,,,,,,
2024-10-24 19:00:00,961.4,21.3,100.0,1.0,73.0,5.3,17.0,0.0,,,,,,,,,,,2024-10-24T18:31:00,,,,0,,,,,,,,,,,,,
2024-10-24 20:00:00,962.3,21.6,100.0,1.1,41.0,8.0,6.0,0.5,,,,,,,,,,,2024-10-24T19:35:00,,,,0,,,,,,,,,,,,,
2024-10-24 21:00:00,962.5,21.8,100.0,0.8,58.0,5.4,333.0,1.5,,,,,,,,,,,2024-10-24T20:47:00,,,,0,,,,,,,,,,,,,
2024-10-24 22:00:00,962.6,22.2,100.0,1.1,80.0,5.7,57.0,4.5,,,,,,,,,,,2024-10-24T21:26:00,,,,0,,,,,,,,,,,,,
2024-10-24 23:00:00,962.4,22.4,100.0,0.9,76.0,6.5,44.0,1.0,,,,,,,,,,,2024-10-24T22:13:00,,,,0,,,,,,,,,,,,,
2024-10-25 00:00:00,962.5,22.5,100.0,0.5,65.0,5.4,16.0,0.0,,,,,,,,,,,2024-10-24T23:30:00,,,,0,,,,,,,,,,,,,
2024-10-25 01:00:00,961.9,22.6,100.0,0.6,57.0,4.1,52.0,0.0,,,,,,,,,,,2024-10-25T00:25:00,,,,0,,,,,,,,,,,,,
2024-10-25 02:00:00,961.4,22.7,100.0,0.6,75.0,5.3,308.0,1.5,,,,,,,,,,,2024-10-25T01:47:00,,,,0,,,,,,,,,,,,,
2024-10-25 03:00:00,961.4,22.8,100.0,0.7,27.0,5.2,24.0,3.0,,,,,,,,,,,2024-10-25T02:52:00,,,,0,,,,,,,,,,,,,
2024-10-25 04:00:00,961.5,22.9,100.0,0.5,58.0,3.1,15.0,2.5,,,,,,,,,,,2024-10-25T03:48:00,,,,0,,,,,,,,,,,,,
2024-10-25 05:00:00,961.4,22.8,100.0,0.6,71.0,4.8,31.0,0.0,,,,,,,,,,,2024-10-25T04:45:00,,,,0,,,,,,,,,,,,,
2024-10-25 06:00:00,962.4,22.9,100.0,0.6,57.0,5.9,19.0,3.0,,,,,,,,,,,2024-10-25T05:34:00,,,,0,,,,,,,,,,,,,
2024-10-25 07:00:00,962.7,23.0,100.0,0.6,47.0,4.3,80.0,1.0,,,,,,,,,,,2024-10-25T06:21:00,,,,0,,,,,,,,,,,,,
2024-10-25 08:00:00,963.2,23.1,100.0,0.7,29.0,6.6,57.0,1.5,,,,,,,,,,,2024-10-25T07:15:00,,,,0,,,,,,,,,,,,,
2024-10-25 09:00:00,964.1,23.3,100.0,0.4,59.0,5.7,40.0,2.0,,,,,,,,,,,2024-10-25T08:24:00,,,,0,,,,,,,,,,,,,
2024-10-25 10:00:00,964.6,22.8,100.0,0.8,65.0,5.7,40.0,7.0,,,,,,,,,,,2024-10-25T09:58:00,,,,0,,,,,,,,,,,,,
2024-10-25 11:00:00,963.9,23.1,100.0,0.8,74.0,4.2,60.0,5.5,,,,,,,,,,,2024-10-25T10:48:00,,,,0,,,,,,,,,,,,,
2024-10-25 12:00:00,963.4,23.0,100.0,0.7,35.0,6.3,337.0,5.5,,,,,,,,,,,2024-10-25T11:29:00,,,,0,,,,,,,,,,,,,
2024-10-25 13:00:00,963.3,23.6,100.0,0.2,0.0,4.2,34.0,2.5,,,,,,,,,,,2024-10-25T12:20:00,,,,0,,,,,,,,,,,,,
2024-10-25 14:00:00,962.8,23.6,100.0,0.6,35.0,3.0,4.0,1.0,,,,,,,,,,,2024-10-25T13:32:00,,,,0,,,,,,,,,,,,,
2024-10-25 15:00:00,962.5,22.8,100.0,0.9,4.0,4.9,64.0,2.5,,,,,,,,,,,2024-10-25T14:50:00,,,,0,,,,,,,,,,,,,
2024-10-25 16:00:00,962.9,22.9,100.0,0.4,45.0,6.0,69.0,2.5,,,,,,,,,,,2024-10-25T15:19:00,,,,0,,,,,,,,,,,,,
2024-10-25 17:00:00,963.3,22.8,100.0,0.5,33.0,5.9,317.0,0.5,,,,,,,,,,,2024-10-25T16:21:00,,,,0,,,,,,,,,,,,,
2024-10-25 18:00:00,963.8,22.6,100.0,0.5,48.0,5.8,12.0,0.0,,,,,,,,,,,2024-10-25T17:13:00,,,,0,,,,,,,,,,,,,
2024-10-25 19:00:00,964.6,22.7,100.0,0.6,2.0,4.8,29.0,0.0,,,,,,,,,,,2024-10-25T18:04:00,,,,0,,,,,,,,,,,,,
2024-10-25 20:00:00,964.8,22.6,100.0,0.4,40.0,3.0,21.0,1.0,,,,,,,,,,,2024-10-25T19:08:00,,,,0,,,,,,,,,,,,,
2024-10-25 21:00:00,965.4,22.7,100.0,0.4,57.0,3.1,45.0,0.0,,,,,,,,,,,2024-10-25T20:23:00,,,,0,,,,,,,,,,,,,
2024-10-25 22:00:00,965.9,22.7,100.0,0.3,47.0,3.8,43.0,9.5,,,,,,,,,,,2024-10-25T21:25:00,,,,0,,,,,,,,,,,,,
2024-10-25 23:00:00,966.0,22.7,100.0,0.3,19.0,3.8,48.0,12.5,,,,,,,,,,,2024-10-25T22:27:00,,,,0,,,,,,,,,,,,,
2024-10-26 00:00:00,965.8,22.7,100.0,0.3,338.0,4.2,15.0,0.5,,,,,,,,,,,2024-10-25T23:16:00,,,,0,,,,,,,,,,,,,
2024-10-26 01:00:00,965.2,22.6,100.0,0.5,1.0,3.1,11.0,0.0,,,,,,,,,,,2024-10-26T00:14:00,,,,0,,,,,,,,,,,,,
2024-10-26 02:00:00,965.0,22.5,100.0,0.6,336.0,3.7,319.0,0.0,,,,,,,,,,,2024-10-26T01:14:00,,,,0,,,,,,,,,,,,,
2024-10-26 03:00:00,964.6,22.5,100.0,1.0,333.0,4.8,335.0,0.0,,,,,,,,,,,2024-10-26T02:52:00,,,,0,,,,,,,,,,,,,
2024-10-26 04:00:00,964.5,22.4,100.0,0.4,353.0,4.9,360.0,0.0,,,,,,,,,,,2024-10-26T03:17:00,,,,0,,,,,,,,,,,,,
2024-10-26 05:00:00,964.6,22.4,100.0,0.7,333.0,4.5,353.0,0.0,,,,,,,,,,,2024-10-26T04:01:00,,,,0,,,,,,,,,,,,,
2024-10-26 06:00:00,965.1,22.3,100.0,0.6,359.0,3.0,333.0,0.0,,,,,,,,,,,2024-10-26T05:13:00,,,,0,,,,,,,,,,,,,
2024-10-26 07:00:00,966.0,22.6,100.0,0.7,28.0,4.1,44.0,0.0,,,,,,,,,,,2024-10-26T06:45:00,,,,0,,,,,,,,,,,,,
2024-10-26 08:00:00,966.5,22.8,100.0,0.7,307.0,2.9,310.0,6.5,,,,,,,,,,,2024-10-26T07:48:00,,,,0,,,,,,,,,,,,,
2024-10-26 09:00:00,967.1,23.9,100.0,0.0,0.0,3.6,318.0,2.5,,,,,,,,,,,2024-10-26T08:32:00,,,,0,,,,,,,,,,,,,
2024-10-26 10:00:00,966.9,26.9,100.0,0.2,0.0,1.6,45.0,0.0,,,,,,,,,,,2024-10-26T09:38:00,,,,0,,,,,,,,,,,,,
2024-10-26 11:00:00,966.2,28.4,97.0,0.0,0.0,1.4,31.0,0.0,,,,,,,,,,,2024-10-26T10:09:00,,,,0,,,,,,,,,,,,,
2024-10-26 12:00:00,965.2,28.2,92.0,0.1,0.0,3.8,79.0,0.0,,,,,,,,,,,2024-10-26T11:44:00,,,,0,,,,,,,,,,,,,
2024-10-26 13:00:00,964.6,28.2,92.0,0.2,0.0,5.5,66.0,0.0,,,,,,,,,,,2024-10-26T12:37:00,,,,0,,,,,,,,,,,,,
2024-10-26 14:00:00,964.0,25.7,98.0,1.4,48.0,6.9,68.0,0.0,,,,,,,,,,,2024-10-26T13:38:00,,,,0,,,,,,,,,,,,,
2024-10-26 15:00:00,963.9,23.9,100.0,2.0,64.0,7.3,69.0,1.0,,,,,,,,,,,2024-10-26T14:45:00,,,,0,,,,,,,,,,,,,
2024-10-26 16:00:00,964.5,23.4,100.0,1.9,53.0,7.3,62.0,2.5,,,,,,,,,,,2024-10-26T15:24:00,,,,0,,,,,,,,,,,,,
2024-10-26 17:00:00,965.2,23.6,100.0,0.0,0.0,5.9,48.0,0.0,,,,,,,,,,,2024-10-26T16:11:00,,,,0,,,,,,,,,,,,,
2024-10-26 18:00:00,965.9,23.3,100.0,1.0,311.0,2.9,331.0,0.0,,,,,,,,,,,2024-10-26T17:56:00,,,,0,,,,,,,,,,,,,
2024-10-26 19:00:00,966.4,23.2,100.0,1.6,311.0,3.5,323.0,0.5,,,,,,,,,,,2024-10-26T18:53:00,,,,0,,,,,,,,,,,,,
2024-10-26 20:00:00,967.1,23.2,100.0,0.7,323.0,4.2,337.0,0.5,,,,,,,,,,,2024-10-26T19:23:00,,,,0,,,,,,,,,,,,,
2024-10-26 21:00:00,967.7,23.4,100.0,0.2,0.0,2.7,18.0,0.5,,,,,,,,,,,2024-10-26T20:55:00,,,,0,,,,,,,,,,,,,
2024-10-26 22:00:00,967.6,23.1,100.0,0.7,315.0,3.0,4.0,1.5,,,,,,,,,,,2024-10-26T21:54:00,,,,0,,,,,,,,,,,,,
2024-10-26 23:00:00,967.7,23.2,100.0,0.1,0.0,2.7,360.0,5.5,,,,,,,,,,,2024-10-26T22:21:00,,,,0,,,,,,,,,,,,,
2024-10-27 00:00:00,967.1,22.5,100.0,0.0,0.0,4.5,104.0,18.0,,,,,,,,,,,2024-10-26T23:09:00,,,,0,,,,,,,,,,,,,
2024-10-27 01:00:00,966.4,22.8,100.0,0.0,0.0,1.3,320.0,1.5,,,,,,,,,,,2024-10-27T00:42:00,,,,0,,,,,,,,,,,,,
2024-10-27 02:00:00,965.9,22.6,100.0,0.9,311.0,1.9,26.0,0.5,,,,,,,,,,,2024-10-27T01:03:00,,,,0,,,,,,,,,,,,,
2024-10-27 03:00:00,965.8,22.6,100.0,1.2,298.0,3.5,304.0,0.0,,,,,,,,,,,2024-10-27T02:45:00,,,,0,,,,,,,,,,,,,
2024-10-27 04:00:00,965.6,22.6,100.0,1.0,324.0,2.4,313.0,0.0,,,,,,,,,,,2024-10-27T03:30:00,,,,0,,,,,,,,,,,,,
2024-10-27 05:00:00,965.6,22.5,100.0,1.4,311.0,2.8,300.0,0.5,,,,,,,,,,,2024-10-27T04:31:00,,,,0,,,,,,,,,,,,,
2024-10-27 06:00:00,966.0,22.6,100.0,1.0,314.0,2.2,1.0,0.0,,,,,,,,,,,2024-10-27T05:12:00,,,,0,,,,,,,,,,,,,
2024-10-27 07:00:00,966.5,22.9,100.0,0.7,10.0,2.6,337.0,0.0,,,,,,,,,,,2024-10-27T06:03:00,,,,0,,,,,,,,,,,,,
2024-10-27 08:00:00,967.1,24.1,100.0,0.1,0.0,3.1,21.0,0.0,,,,,,,,,,,2024-10-27T07:08:00,,,,0,,,,,,,,,,,,,
2024-10-27 09:00:00,967.1,25.3,100.0,0.0,0.0,1.3,43.0,0.0,,,,,,,,,,,2024-10-27T08:24:00,,,,0,,,,,,,,,,,,,
2024-10-27 10:00:00,967.1,26.5,98.0,0.1,0.0,2.1,67.0,0.0,,,,,,,,,,,2024-10-27T09:57:00,,,,0,,,,,,,,,,,,,
2024-10-27 11:00:00,966.4,25.9,96.0,0.0,0.0,2.0,89.0,0.0,,,,,,,,,,,2024-10-27T10:22:00,,,,0,,,,,,,,,,,,,
2024-10-27 12:00:00,965.2,26.5,96.0,0.0,0.0,1.9,80.0,0.0,,,,,,,,,,,2024-10-27T11:57:00,,,,0,,,,,,,,,,,,,
2024-10-27 13:00:00,964.3,25.5,96.0,0.0,0.0,2.6,37.0,0.0,,,,,,,,,,,2024-10-27T12:19:00,,,,0,,,,,,,,,,,,,
2024-10-27 14:00:00,963.3,25.5,94.0,0.0,0.0,2.1,103.0,0.0,,,,,,,,,,,2024-10-27T14:00:00,,,,0,,,,,,,,,,,,,
2024-10-27 15:00:00,963.3,24.6,94.0,1.6,105.0,3.4,96.0,0.0,,,,,,,,,,,2024-10-27T14:53:00,,,,0,,,,,,,,,,,,,
2024-10-27 16:00:00,963.5,24.2,93.0,0.5,86.0,3.3,105.0,0.0,,,,,,,,,,,2024-10-27T15:07:00,,,,0,,,,,,,,,,,,,
2024-10-27 17:00:00,964.1,24.1,94.0,0.7,108.0,2.2,92.0,0.0,,,,,,,,,,,2024-10-27T16:41:00,,,,0,,,,,,,,,,,,,
2024-10-27 18:00:00,964.7,23.8,98.0,1.3,56.0,3.5,64.0,0.0,,,,,,,,,,,2024-10-27T17:27:00,,,,0,,,,,,,,,,,,,
2024-10-27 19:00:00,965.2,23.2,100.0,1.0,291.0,3.4,53.0,0.0,,,,,,,,,,,2024-10-27T18:07:00,,,,0,,,,,,,,,,,,,
2024-10-27 20:00:00,965.8,22.8,100.0,1.3,282.0,2.6,279.0,0.5,,,,,,,,,,,2024-10-27T19:48:00,,,,0,,,,,,,,,,,,,
2024-10-27 21:00:00,966.0,22.8,100.0,1.5,304.0,3.2,308.0,0.0,,,,,,,,,,,2024-10-27T20:51:00,,,,0,,,,,,,,,,,,,
2024-10-27 22:00:00,966.0,22.7,100.0,1.1,319.0,3.0,310.0,0.0,,,,,,,,,,,2024-10-27T21:19:00,,,,0,,,,,,,,,,,,,
2024-10-27 23:00:00,965.8,22.7,100.0,0.0,0.0,3.8,333.0,0.0,,,,,,,,,,,2024-10-27T22:10:00,,,,0,,,,,,,,,,,,,
2024-10-28 00:00:00,965.8,22.6,100.0,0.1,0.0,2.4,15.0,0.0,,,,,,,,,,,2024-10-27T23:40:00,,,,0,,,,,,,,,,,,,
2024-10-28 01:00:00,965.0,22.3,100.0,2.2,307.0,7.1,342.0,0.5,,,,,,,,,,,2024-10-28T00:58:00,,,,0,,,,,,,,,,,,,
2024-10-28 02:00:00,963.9,21.8,100.0,0.6,29.0,8.0,341.0,0.0,,,,,,,,,,,2024-10-28T01:41:00,,,,0,,,,,,,,,,,,,
2024-10-28 03:00:00,964.1,21.7,100.0,0.2,0.0,2.5,19.0,0.0,,,,,,,,,,,2024-10-28T02:49:00,,,,0,,,,,,,,,,,,,
2024-10-28 04:00:00,963.7,21.4,100.0,0.2,0.0,2.8,41.0,0.0,,,,,,,,,,,2024-10-28T03:29:00,,,,0,,,,,,,,,,,,,
2024-10-28 05:00:00,963.4,21.6,100.0,0.6,74.0,3.2,93.0,0.0,,,,,,,,,,,2024-10-28T04:53:00,,,,0,,,,,,,,,,,,,
2024-10-28 06:00:00,964.6,21.8,100.0,0.3,32.0,3.4,28.0,0.0,,,,,,,,,,,2024-10-28T05:48:00,,,,0,,,,,,,,,,,,,
2024-10-28 07:00:00,965.1,22.0,100.0,0.7,93.0,4.9,314.0,0.0,,,,,,,,,,,2024-10-28T06:11:00,,,,0,,,,,,,,,,,,,
2024-10-28 08:00:00,965.7,23.2,100.0,0.7,36.0,4.2,63.0,0.0,,,,,,,,,,,2024-10-28T07:10:00,,,,0,,,,,,,,,,,,,
2024-10-28 09:00:00,966.0,23.8,98.0,0.1,0.0,6.8,344.0,0.0,,,,,,,,,,,2024-10-28T08:22:00,,,,0,,,,,,,,,,,,,
2024-10-28 10:00:00,965.9,26.6,92.0,0.2,0.0,4.2,46.0,0.0,,,,,,,,,,,2024-10-28T09:19:00,,,,0,,,,,,,,,,,,,
2024-10-28 11:00:00,965.6,28.1,81.0,0.1,0.0,4.2,50.0,0.0,,,,,,,,,,,2024-10-28T10:45:00,,,,0,,,,,,,,,,,,,
2024-10-28 12:00:00,964.3,28.0,80.0,0.1,0.0,2.9,58.0,0.0,,,,,,,,,,,2024-10-28T11:57:00,,,,0,,,,,,,,,,,,,
2024-10-28 13:00:00,963.2,27.3,88.0,0.7,65.0,5.5,61.0,0.0,,,,,,,,,,,2024-10-28T13:00:00,,,,0,,,,,,,,,,,,,
2024-10-28 14:00:00,962.6,25.2,92.0,1.7,59.0,7.6,97.0,0.0,,,,,,,,,,,2024-10-28T13:18:00,,,,0,,,,,,,,,,,,,
2024-10-28 15:00:00,962.9,25.2,94.0,0.1,0.0,6.4,64.0,0.0,,,,,,,,,,,2024-10-28T14:07:00,,,,0,,,,,,,,,,,,,
2024-10-28 16:00:00,963.2,23.8,94.0,0.1,0.0,3.1,143.0,0.0,,,,,,,,,,,2024-10-28T15:33:00,,,,0,,,,,,,,,,,,,
2024-10-28 17:00:00,964.0,22.8,96.0,0.5,49.0,5.7,35.0,0.0,,,,,,,,,,,2024-10-28T16:57:00,,,,0,,,,,,,,,,,,,
2024-10-28 18:00:00,964.6,22.2,96.0,0.5,51.0,5.8,335.0,0.0,,,,,,,,,,,2024-10-28T17:35:00,,,,0,,,,,,,,,,,,,
2024-10-28 19:00:00,965.3,21.8,97.0,0.1,0.0,6.1,11.0,0.0,,,,,,,,,,,2024-10-28T18:06:00,,,,0,,,,,,,,,,,,,
2024-10-28 20:00:00,966.0,21.9,96.0,0.9,29.0,7.0,14.0,0.0,,,,,,,,,,,2024-10-28T19:59:00,,,,0,,,,,,,,,,,,,
2024-10-28 21:00:00,966.4,21.7,97.0,0.6,64.0,5.2,49.0,0.0,,,,,,,,,,,2024-10-28T20:11:00,,,,0,,,,,,,,,,,,,
2024-10-28 22:00:00,965.8,21.5,100.0,0.6,41.0,6.0,10.0,0.0,,,,,,,,,,,2024-10-28T21:32:00,,,,0,,,,,,,,,,,,,
2024-10-28 23:00:00,965.8,21.3,100.0,0.9,57.0,5.1,23.0,0.0,,,,,,,,,,,2024-10-28T22:11:00,,,,0,,,,,,,,,,,,,
2024-10-29 00:00:00,965.8,21.0,100.0,0.6,42.0,5.8,21.0,0.0,,,,,,,,,,,2024-10-28T23:18:00,,,,0,,,,,,,,,,,,,
2024-10-29 01:00:00,965.2,21.1,100.0,0.7,75.0,4.1,106.0,0.0,,,,,,,,,,,2024-10-29T00:13:00,,,,0,,,,,,,,,,,,,
2024-10-29 02:00:00,965.1,21.1,100.0,0.8,37.0,4.9,68.0,0.0,,,,,,,,,,,2024-10-29T01:39:00,,,,0,,,,,,,,,,,,,
2024-10-29 03:00:00,964.6,21.1,100.0,0.8,44.0,5.2,54.0,0.0,,,,,,,,,,,2024-10-29T02:12:00,,,,0,,,,,,,,,,,,,
2024-10-29 04:00:00,964.6,21.0,100.0,0.6,34.0,6.1,38.0,0.0,,,,,,,,,,,2024-10-29T03:23:00,,,,0,,,,,,,,,,,,,
2024-10-29 05:00:00,964.4,20.9,100.0,0.8,19.0,6.2,49.0,0.0,,,,,,,,,,,2024-10-29T04:38:00,,,,0,,,,,,,,,,,,,
2024-10-29 06:00:00,964.8,20.8,100.0,0.8,47.0,6.4,350.0,0.0,,,,,,,,,,,2024-10-29T05:46:00,,,,0,,,,,,,,,,,,,
2024-10-29 07:00:00,965.7,21.2,99.0,0.9,81.0,6.0,58.0,0.0,,,,,,,,,,,2024-10-29T06:36:00,,,,0,,,,,,,,,,,,,
2024-10-29 08:00:00,965.9,23.2,93.0,1.0,72.0,5.6,39.0,0.0,,,,,,,,,,,2024-10-29T07:21:00,,,,0,,,,,,,,,,,,,
2024-10-29 09:00:00,966.4,25.6,86.0,0.3,75.0,7.0,36.0,0.0,,,,,,,,,,,2024-10-29T08:12:00,,,,0,,,,,,,,,,,,,
2024-10-29 10:00:00,966.5,25.1,87.0,0.2,0.0,6.2,22.0,0.0,,,,,,,,,,,2024-10-29T09:43:00,,,,0,,,,,,,,,,,,,
2024-10-29 11:00:00,966.0,27.4,83.0,0.2,0.0,5.3,359.0,0.0,,,,,,,,,,,2024-10-29T10:07:00,,,,0,,,,,,,,,,,,,
2024-10-29 12:00:00,965.1,27.0,81.0,0.9,8.0,8.3,60.0,0.0,,,,,,,,,,,2024-10-29T11:41:00,,,,0,,,,,,,,,,,,,
2024-10-29 13:00:00,963.4,27.3,77.0,0.7,81.0,5.1,311.0,0.0,,,,,,,,,,,2024-10-29T12:31:00,,,,0,,,,,,,,,,,,,
2024-10-29 14:00:00,962.7,26.8,79.0,0.3,81.0,6.6,29.0,0.0,,,,,,,,,,,2024-10-29T13:28:00,,,,0,,,,,,,,,,,,,
2024-10-29 15:00:00,962.7,25.2,82.0,0.2,0.0,6.1,358.0,0.0,,,,,,,,,,,2024-10-29T14:27:00,,,,0,,,,,,,,,,,,,
2024-10-29 16:00:00,963.9,24.7,85.0,0.3,105.0,6.8,61.0,0.0,,,,,,,,,,,2024-10-29T15:31:00,,,,0,,,,,,,,,,,,,
2024-10-29 17:00:00,964.5,22.7,91.0,0.2,0.0,3.6,125.0,0.0,,,,,,,,,,,2024-10-29T16:27:00,,,,0,,,,,,,,,,,,,
2024-10-29 18:00:00,964.7,22.0,92.0,0.4,119.0,5.9,324.0,0.0,,,,,,,,,,,2024-10-29T17:49:00,,,,0,,,,,,,,,,,,,
2024-10-29 19:00:00,965.3,21.4,95.0,0.8,49.0,6.7,33.0,0.0,,,,,,,,,,,2024-10-29T18:06:00,,,,0,,,,,,,,,,,,,
2024-10-29 20:00:00,965.7,21.2,96.0,0.7,39.0,8.1,353.0,0.0,,,,,,,,,,,2024-10-29T19:21:00,,,,0,,,,,,,,,,,,,
2024-10-29 21:00:00,965.2,21.3,94.0,1.0,104.0,8.0,356.0,0.0,,,,,,,,,,,2024-10-29T20:19:00,,,,0,,,,,,,,,,,,,
2024-10-29 22:00:00,963.9,20.8,95.0,0.9,113.0,6.1,78.0,0.0,,,,,,,,,,,2024-10-29T21:45:00,,,,0,,,,,,,,,,,,,
2024-10-29 23:00:00,964.4,20.7,97.0,0.8,42.0,6.2,319.0,0.0,,,,,,,,,,,2024-10-29T22:10:00,,,,0,,,,,,,,,,,,,
2024-10-30 00:00:00,965.1,20.6,98.0,0.7,95.0,4.9,40.0,0.0,,,,,,,,,,,2024-10-29T23:19:00,,,,0,,,,,,,,,,,,,
2024-10-30 01:00:00,964.1,20.8,99.0,0.8,7.0,7.1,30.0,0.0,,,,,,,,,,,2024-10-30T00:46:00,,,,0,,,,,,,,,,,,,
2024-10-30 02:00:00,963.1,20.4,96.0,0.9,73.0,6.5,38.0,0.0,,,,,,,,,,,2024-10-30T01:05:00,,,,0,,,,,,,,,,,,,
2024-10-30 03:00:00,962.8,20.1,97.0,0.8,40.0,8.3,10.0,0.0,,,,,,,,,,,2024-10-30T02:53:00,,,,0,,,,,,,,,,,,,
2024-10-30 04:00:00,962.8,20.4,92.0,1.3,92.0,7.7,23.0,0.0,,,,,,,,,,,2024-10-30T03:41:00,,,,0,,,,,,,,,,,,,
2024-10-30 05:00:00,962.6,21.2,90.0,1.2,64.0,7.6,349.0,0.0,,,,,,,,,,,2024-10-30T04:52:00,,,,0,,,,,,,,,,,,,
2024-10-30 06:00:00,962.6,21.2,91.0,1.1,61.0,6.4,333.0,0.0,,,,,,,,,,,2024-10-30T05:43:00,,,,0,,,,,,,,,,,,,
2024-10-30 07:00:00,962.7,21.8,90.0,0.6,102.0,6.7,325.0,0.0,,,,,,,,,,,2024-10-30T06:07:00,,,,0,,,,,,,,,,,,,
2024-10-30 08:00:00,963.4,22.4,90.0,0.7,84.0,5.9,336.0,0.0,,,,,,,,,,,2024-10-30T07:48:00,,,,0,,,,,,,,,,,,,
2024-10-30 09:00:00,963.3,23.6,84.0,1.2,79.0,9.6,4.0,0.0,,,,,,,,,,,2024-10-30T08:35:00,,,,0,,,,,,,,,,,,,
2024-10-30 10:00:00,963.1,24.4,84.0,0.9,78.0,8.5,47.0,0.0,,,,,,,,,,,2024-10-30T09:12:00,,,,0,,,,,,,,,,,,,
2024-10-30 11:00:00,961.9,24.2,87.0,0.7,71.0,6.6,36.0,0.0,,,,,,,,,,,2024-10-30T10:38:00,,,,0,,,,,,,,,,,,,
2024-10-30 12:00:00,961.9,24.5,88.0,0.6,110.0,5.0,326.0,0.0,,,,,,,,,,,2024-10-30T11:50:00,,,,0,,,,,,,,,,,,,
2024-10-30 13:00:00,960.7,24.7,87.0,1.0,74.0,9.3,17.0,0.0,,,,,,,,,,,2024-10-30T12:30:00,,,,0,,,,,,,,,,,,,
2024-10-30 14:00:00,960.0,23.8,90.0,0.6,71.0,8.6,38.0,0.0,,,,,,,,,,,2024-10-30T13:41:00,,,,0,,,,,,,,,,,,,
2024-10-30 15:00:00,959.4,21.8,100.0,1.1,74.0,7.3,48.0,0.0,,,,,,,,,,,2024-10-30T14:25:00,,,,0,,,,,,,,,,,,,
2024-10-30 16:00:00,959.6,21.9,100.0,1.1,67.0,10.0,38.0,2.0,,,,,,,,,,,2024-10-30T15:28:00,,,,0,,,,,,,,,,,,,
2024-10-30 17:00:00,959.9,21.9,100.0,1.0,73.0,8.6,16.0,2.5,,,,,,,,,,,2024-10-30T16:25:00,,,,0,,,,,,,,,,,,,
2024-10-30 18:00:00,958.6,21.9,100.0,1.4,38.0,7.4,332.0,1.0,,,,,,,,,,,2024-10-30T17:41:00,,,,0,,,,,,,,,,,,,
2024-10-30 19:00:00,958.2,22.2,100.0,1.4,70.0,11.5,355.0,0.0,,,,,,,,,,,2024-10-30T18:11:00,,,,0,,,,,,,,,,,,,
2024-10-30 20:00:00,957.5,22.7,100.0,2.0,42.0,9.2,59.0,0.0,,,,,,,,,,,2024-10-30T19:49:00,,,,0,,,,,,,,,,,,,
2024-10-30 21:00:00,957.0,22.9,100.0,1.4,75.0,8.8,23.0,0.0,,,,,,,,,,,2024-10-30T21:00:00,,,,0,,,,,,,,,,,,,
2024-10-30 22:00:00,956.6,23.1,98.0,1.7,27.0,13.3,347.0,0.0,,,,,,,,,,,2024-10-30T21:27:00,,,,0,,,,,,,,,,,,,
2024-10-30 23:00:00,956.3,23.8,97.0,1.9,73.0,10.4,8.0,0.5,,,,,,,,,,,2024-10-30T22:28:00,,,,0,,,,,,,,,,,,,
2024-10-31 00:00:00,953.4,23.3,100.0,1.9,41.0,10.0,24.0,0.0,,,,,,,,,,,2024-10-30T23:33:00,,,,0,,,,,,,,,,,,,
2024-10-31 01:00:00,953.7,23.5,100.0,1.8,59.0,10.6,2.0,0.5,,,,,,,,,,,2024-10-31T00:06:00,,,,0,,,,,,,,,,,,,
2024-10-31 02:00:00,951.1,23.3,100.0,1.9,55.0,11.2,13.0,1.0,,,,,,,,,,,2024-10-31T01:37:00,,,,0,,,,,,,,,,,,,
2024-10-31 03:00:00,949.9,23.3,100.0,2.0,67.0,14.4,17.0,4.5,,,,,,,,,,,2024-10-31T02:37:00,,,,0,,,,,,,,,,,,,
2024-10-31 04:00:00,947.6,23.0,100.0,2.2,39.0,10.3,40.0,7.0,,,,,,,,,,,2024-10-31T03:19:00,,,,0,,,,,,,,,,,,,
2024-10-31 05:00:00,948.9,22.8,100.0,1.8,61.0,12.1,300.0,15.5,,,,,,,,,,,2024-10-31T04:20:00,,,,0,,,,,,,,,,,,,
2024-10-31 06:00:00,948.4,22.6,100.0,1.6,35.0,12.3,53.0,3.0,,,,,,,,,,,2024-10-31T05:02:00,,,,0,,,,,,,,,,,,,
2024-10-31 07:00:00,945.9,21.9,100.0,1.8,13.0,16.4,342.0,4.5,,,,,,,,,,,2024-10-31T06:31:00,,,,0,,,,,,,,,,,,,
2024-10-31 08:00:00,944.1,22.5,100.0,2.7,53.0,15.9,42.0,13.5,,,,,,,,,,,2024-10-31T08:00:00,,,,0,,,,,,,,,,,,,
2024-10-31 09:00:00,940.1,22.3,100.0,2.9,4.0,13.8,323.0,9.0,,,,,,,,,,,2024-10-31T08:54:00,,,,0,,,,,,,,,,,,,
2024-10-31 10:00:00,935.7,22.2,100.0,2.3,44.0,15.9,5.0,28.0,,,,,,,,,,,2024-10-31T09:49:00,,,,0,,,,,,,,,,,,,
2024-10-31 11:00:00,930.3,21.9,100.0,3.3,4.0,20.3,320.0,24.5,,,,,,,,,,,2024-10-31T11:00:00,,,,0,,,,,,,,,,,,,
2024-10-31 12:00:00,921.6,22.4,100.0,15.0,316.0,34.2,325.0,10.0,,,,,,,,,,,2024-10-31T11:56:00,,,,0,,,,,,,,,,,,,
2024-10-31 13:00:00,919.2,25.0,86.0,11.8,295.0,32.5,355.0,2.0,,,,,,,,,,,2024-10-31T12:03:00,,,,0,,,,,,,,,,,,,
2024-10-31 14:00:00,926.4,23.0,100.0,4.2,164.0,18.6,259.0,3.5,,,,,,,,,,,2024-10-31T13:34:00,,,,0,,,,,,,,,,,,,
2024-10-31 15:00:00,932.8,23.9,100.0,16.1,165.0,28.2,189.0,0.5,,,,,,,,,,,2024-10-31T14:46:00,,,,0,,,,,,,,,,,,,
2024-10-31 16:00:00,940.1,23.6,100.0,13.6,171.0,26.6,178.0,0.0,,,,,,,,,,,2024-10-31T15:07:00,,,,0,,,,,,,,,,,,,
2024-10-31 17:00:00,943.5,23.4,100.0,11.9,172.0,23.9,188.0,1.0,,,,,,,,,,,2024-10-31T16:08:00,,,,0,,,,,,,,,,,,,
2024-10-31 18:00:00,946.0,23.3,100.0,11.2,171.0,21.7,192.0,1.5,,,,,,,,,,,2024-10-31T17:53:00,,,,0,,,,,,,,,,,,,
2024-10-31 19:00:00,947.6,23.0,100.0,12.4,169.0,23.8,186.0,0.5,,,,,,,,,,,2024-10-31T18:35:00,,,,0,,,,,,,,,,,,,
2024-10-31 20:00:00,950.2,22.9,100.0,11.5,169.0,22.5,175.0,0.0,,,,,,,,,,,2024-10-31T19:35:00,,,,0,,,,,,,,,,,,,
2024-10-31 21:00:00,952.3,22.9,100.0,10.7,165.0,20.4,177.0,1.0,,,,,,,,,,,2024-10-31T20:05:00,,,,0,,,,,,,,,,,,,
2024-10-31 22:00:00,954.3,22.8,100.0,8.3,164.0,16.3,182.0,0.5,,,,,,,,,,,2024-10-31T21:19:00,,,,0,,,,,,,,,,,,,
2024-10-31 23:00:00,955.9,22.2,100.0,7.6,165.0,15.9,181.0,2.0,,,,,,,,,,,2024-10-31T22:32:00,,,,0,,,,,,,,,,,,,
2024-11-01 00:00:00,956.7,22.2,100.0,5.6,165.0,13.2,183.0,0.5,,,,,,,,,,,2024-10-31T23:59:00,,,,0,,,,,,,,,,,,,
2024-11-01 01:00:00,957.4,22.2,100.0,2.8,166.0,12.6,185.0,0.5,,,,,,,,,,,2024-11-01T00:01:00,,,,0,,,,,,,,,,,,,
2024-11-01 02:00:00,957.7,22.1,100.0,2.7,166.0,7.4,186.0,0.0,,,,,,,,,,,2024-11-01T01:54:00,,,,0,,,,,,,,,,,,,
2024-11-01 03:00:00,958.2,22.0,100.0,2.7,164.0,7.8,181.0,1.0,,,,,,,,,,,2024-11-01T02:54:00,,,,0,,,,,,,,,,,,,
2024-11-01 04:00:00,958.8,21.8,100.0,2.7,175.0,9.1,190.0,1.5,,,,,,,,,,,2024-11-01T03:58:00,,,,0,,,,,,,,,,,,,
2024-11-01 05:00:00,959.4,21.8,100.0,3.8,176.0,13.0,203.0,0.5,,,,,,,,,,,2024-11-01T04:42:00,,,,0,,,,,,,,,,,,,
2024-11-01 06:00:00,960.1,23.3,91.0,3.0,175.0,9.2,210.0,0.0,,,,,,,,,,,2024-11-01T05:55:00,,,,0,,,,,,,,,,,,,
2024-11-01 07:00:00,962.0,22.9,94.0,0.6,167.0,11.3,178.0,0.0,,,,,,,,,,,2024-11-01T06:41:00,,,,0,,,,,,,,,,,,,
2024-11-01 08:00:00,963.3,23.2,91.0,2.4,161.0,5.0,180.0,0.0,,,,,,,,,,,2024-11-01T07:17:00,,,,0,,,,,,,,,,,,,
2024-11-01 09:00:00,964.1,24.0,91.0,3.0,171.0,9.0,189.0,0.0,,,,,,,,,,,2024-11-01T08:24:00,,,,0,,,,,,,,,,,,,
2024-11-01 10:00:00,964.6,26.9,81.0,0.9,163.0,9.2,191.0,0.0,,,,,,,,,,,2024-11-01T09:08:00,,,,0,,,,,,,,,,,,,
2024-11-01 11:00:00,964.0,28.4,74.0,2.6,171.0,7.7,187.0,0.0,,,,,,,,,,,2024-11-01T10:48:00,,,,0,,,,,,,,,,,,,
2024-11-01 12:00:00,963.9,27.5,80.0,3.2,167.0,8.7,177.0,0.0,,,,,,,,,,,2024-11-01T11:52:00,,,,0,,,,,,,,,,,,,
2024-11-01 13:00:00,963.7,27.4,79.0,3.5,166.0,9.9,195.0,0.0,,,,,,,,,,,2024-11-01T12:22:00,,,,0,,,,,,,,,,,,,
2024-11-01 14:00:00,963.3,27.7,77.0,3.1,169.0,9.0,199.0,0.0,,,,,,,,,,,2024-11-01T13:06:00,,,,0,,,,,,,,,,,,,
2024-11-01 15:00:00,963.2,26.4,82.0,3.6,162.0,6.9,155.0,0.0,,,,,,,,,,,2024-11-01T14:50:00,,,,0,,,,,,,,,,,,,
2024-11-01 16:00:00,963.4,25.9,83.0,3.1,163.0,7.9,189.0,0.0,,,,,,,,,,,2024-11-01T15:23:00,,,,0,,,,,,,,,,,,,
2024-11-01 17:00:00,963.9,25.3,88.0,3.9,167.0,8.3,199.0,0.0,,,,,,,,,,,2024-11-01T16:54:00,,,,0,,,,,,,,,,,,,
2024-11-01 18:00:00,964.0,25.6,81.0,3.0,159.0,8.0,203.0,0.0,,,,,,,,,,,2024-11-01T17:05:00,,,,0,,,,,,,,,,,,,
2024-11-01 19:00:00,964.6,25.6,79.0,3.3,168.0,6.2,182.0,0.0,,,,,,,,,,,2024-11-01T18:17:00,,,,0,,,,,,,,,,,,,
2024-11-01 20:00:00,965.2,25.4,78.0,3.3,163.0,5.1,184.0,0.0,,,,,,,,,,,2024-11-01T19:02:00,,,,0,,,,,,,,,,,,,
2024-11-01 21:00:00,966.0,24.7,85.0,0.6,29.0,4.2,167.0,0.0,,,,,,,,,,,2024-11-01T20:20:00,,,,0,,,,,,,,,,,,,
2024-11-01 22:00:00,966.6,22.9,100.0,1.2,309.0,3.9,350.0,0.0,,,,,,,,,,,2024-11-01T21:48:00,,,,0,,,,,,,,,,,,,
2024-11-01 23:00:00,966.9,23.1,100.0,0.5,43.0,5.2,18.0,0.0,,,,,,,,,,,2024-11-01T22:18:00,,,,0,,,,,,,,,,,,,
2024-11-02 00:00:00,967.2,22.9,100.0,0.8,19.0,6.9,5.0,0.0,,,,,,,,,,,2024-11-01T23:16:00,,,,0,,,,,,,,,,,,,
2024-11-02 01:00:00,967.7,22.6,100.0,0.9,344.0,5.5,339.0,0.0,,,,,,,,,,,2024-11-02T00:20:00,,,,0,,,,,,,,,,,,,
2024-11-02 02:00:00,967.8,22.6,100.0,0.6,5.0,5.0,9.0,0.0,,,,,,,,,,,2024-11-02T01:22:00,,,,0,,,,,,,,,,,,,
2024-11-02 03:00:00,968.2,22.4,100.0,0.6,35.0,4.4,9.0,0.0,,,,,,,,,,,2024-11-02T02:05:00,,,,0,,,,,,,,,,,,,
2024-11-02 04:00:00,968.5,22.0,100.0,0.5,349.0,5.4,31.0,0.0,,,,,,,,,,,2024-11-02T03:04:00,,,,0,,,,,,,,,,,,,
2024-11-02 05:00:00,969.1,22.1,100.0,0.7,14.0,3.9,298.0,0.0,,,,,,,,,,,2024-11-02T04:52:00,,,,0,,,,,,,,,,,,,
2024-11-02 06:00:00,970.4,22.1,100.0,0.7,13.0,5.0,299.0,0.0,,,,,,,,,,,2024-11-02T05:22:00,,,,0,,,,,,,,,,,,,
2024-11-02 07:00:00,971.6,22.4,100.0,0.6,17.0,7.6,21.0,0.0,,,,,,,,,,,2024-11-02T06:06:00,,,,0,,,,,,,,,,,,,
2024-11-02 08:00:00,972.8,22.6,100.0,0.3,69.0,4.2,41.0,0.0,,,,,,,,,,,2024-11-02T07:03:00,,,,0,,,,,,,,,,,,,
2024-11-02 09:00:00,973.5,23.0,100.0,0.2,0.0,1.9,83.0,0.0,,,,,,,,,,,2024-11-02T08:36:00,,,,0,,,,,,,,,,,,,
2024-11-02 10:00:00,973.6,24.6,94.0,0.2,0.0,2.8,33.0,0.0,,,,,,,,,,,2024-11-02T09:31:00,,,,0,,,,,,,,,,,,,
2024-11-02 11:00:00,973.4,24.7,93.0,0.0,0.0,3.0,61.0,0.0,,,,,,,,,,,2024-11-02T10:18:00,,,,0,,,,,,,,,,,,,
2024-11-02 12:00:00,972.9,26.0,85.0,0.1,0.0,2.3,25.0,0.0,,,,,,,,,,,2024-11-02T11:41:00,,,,0,,,,,,,,,,,,,
2024-11-02 13:00:00,972.1,25.1,90.0,0.0,0.0,2.9,34.0,0.0,,,,,,,,,,,2024-11-02T12:16:00,,,,0,,,,,,,,,,,,,
2024-11-02 14:00:00,971.5,24.6,88.0,0.3,23.0,2.9,12.0,0.0,,,,,,,,,,,2024-11-02T13:52:00,,,,0,,,,,,,,,,,,,
2024-11-02 15:00:00,971.7,23.9,93.0,0.0,0.0,2.7,349.0,0.0,,,,,,,,,,,2024-11-02T14:40:00,,,,0,,,,,,,,,,,,,
2024-11-02 16:00:00,972.2,22.6,94.0,0.3,38.0,3.9,43.0,0.0,,,,,,,,,,,2024-11-02T15:55:00,,,,0,,,,,,,,,,,,,
2024-11-02 17:00:00,972.5,21.8,97.0,0.1,0.0,3.4,327.0,0.0,,,,,,,,,,,2024-11-02T16:38:00,,,,0,,,,,,,,,,,,,
2024-11-02 18:00:00,973.0,21.5,97.0,0.6,19.0,4.5,25.0,0.0,,,,,,,,,,,2024-11-02T17:45:00,,,,0,,,,,,,,,,,,,
2024-11-02 19:00:00,973.6,21.2,99.0,0.6,45.0,3.6,317.0,0.0,,,,,,,,,,,2024-11-02T18:47:00,,,,0,,,,,,,,,,,,,
2024-11-02 20:00:00,974.3,21.0,100.0,0.7,70.0,8.0,352.0,0.0,,,,,,,,,,,2024-11-02T19:25:00,,,,0,,,,,,,,,,,,,
2024-11-02 21:00:00,974.7,20.9,99.0,0.6,84.0,5.4,39.0,0.0,,,,,,,,,,,2024-11-02T20:29:00,,,,0,,,,,,,,,,,,,
2024-11-02 22:00:00,974.7,20.7,100.0,0.8,43.0,5.0,51.0,0.0,,,,,,,,,,,2024-11-02T21:59:00,,,,0,,,,,,,,,,,,,
2024-11-02 23:00:00,974.7,20.7,99.0,0.5,9.0,6.1,55.0,0.0,,,,,,,,,,,2024-11-02T22:31:00,,,,0,,,,,,,,,,,,,
2024-11-03 00:00:00,974.3,20.6,100.0,0.5,22.0,4.7,47.0,0.0,,,,,,,,,,,2024-11-02T23:56:00,,,,0,,,,,,,,,,,,,
2024-11-03 01:00:00,974.2,20.4,100.0,0.5,13.0,3.8,14.0,0.0,,,,,,,,,,,2024-11-03T00:21:00,,,,0,,,,,,,,,,,,,
2024-11-03 02:00:00,973.5,20.5,99.0,0.6,39.0,5.2,20.0,0.0,,,,,,,,,,,2024-11-03T01:49:00,,,,0,,,,,,,,,,,,,
2024-11-03 03:00:00,972.9,20.3,99.0,1.1,29.0,5.9,22.0,0.0,,,,,,,,,,,2024-11-03T02:54:00,,,,0,,,,,,,,,,,,,
2024-11-03 04:00:00,972.7,20.0,100.0,0.8,16.0,6.9,335.0,0.0,,,,,,,,,,,2024-11-03T03:43:00,,,,0,,,,,,,,,,,,,
2024-11-03 05:00:00,972.8,20.1,100.0,1.3,12.0,6.6,43.0,0.0,,,,,,,,,,,2024-11-03T04:36:00,,,,0,,,,,,,,,,,,,
2024-11-03 06:00:00,973.0,20.2,100.0,0.4,1.0,4.5,326.0,0.0,,,,,,,,,,,2024-11-03T05:44:00,,,,0,,,,,,,,,,,,,
2024-11-03 07:00:00,973.5,21.4,95.0,0.7,45.0,6.5,22.0,0.0,,,,,,,,,,,2024-11-03T06:34:00,,,,0,,,,,,,,,,,,,
2024-11-03 08:00:00,973.7,25.0,86.0,0.4,65.0,7.4,14.0,0.0,,,,,,,,,,,2024-11-03T07:02:00,,,,0,,,,,,,,,,,,,
2024-11-03 09:00:00,974.2,26.4,80.0,0.2,0.0,5.7,22.0,0.0,,,,,,,,,,,2024-11-03T08:09:00,,,,0,,,,,,,,,,,,,
2024-11-03 10:00:00,974.3,26.5,77.0,0.2,0.0,5.4,63.0,0.0,,,,,,,,,,,2024-11-03T09:35:00,,,,0,,,,,,,,,,,,,
2024-11-03 11:00:00,973.9,26.6,77.0,0.0,0.0,3.3,75.0,0.0,,,,,,,,,,,2024-11-03T10:25:00,,,,0,,,,,,,,,,,,,
2024-11-03 12:00:00,973.0,27.0,81.0,0.3,69.0,3.0,34.0,0.0,,,,,,,,,,,2024-11-03T11:24:00,,,,0,,,,,,,,,,,,,
2024-11-03 13:00:00,972.1,27.6,78.0,0.8,62.0,5.3,39.0,0.0,,,,,,,,,,,2024-11-03T12:56:00,,,,0,,,,,,,,,,,,,
2024-11-03 14:00:00,971.4,28.6,74.0,1.0,59.0,4.9,31.0,0.0,,,,,,,,,,,2024-11-03T13:04:00,,,,0,,,,,,,,,,,,,
2024-11-03 15:00:00,971.2,24.6,89.0,2.3,62.0,5.8,57.0,0.0,,,,,,,,,,,2024-11-03T14:39:00,,,,0,,,,,,,,,,,,,
2024-11-03 16:00:00,971.7,23.3,92.0,1.5,50.0,6.2,63.0,0.0,,,,,,,,,,,2024-11-03T15:15:00,,,,0,,,,,,,,,,,,,
2024-11-03 17:00:00,972.1,22.1,94.0,0.1,0.0,2.5,31.0,0.0,,,,,,,,,,,2024-11-03T16:38:00,,,,0,,,,,,,,,,,,,
2024-11-03 18:00:00,972.3,21.3,97.0,0.3,112.0,2.8,4.0,0.0,,,,,,,,,,,2024-11-03T17:25:00,,,,0,,,,,,,,,,,,,
2024-11-03 19:00:00,972.9,20.7,98.0,0.4,34.0,3.6,300.0,0.0,,,,,,,,,,,2024-11-03T18:04:00,,,,0,,,,,,,,,,,,,
2024-11-03 20:00:00,973.6,20.5,98.0,0.3,28.0,3.6,26.0,0.0,,,,,,,,,,,2024-11-03T19:37:00,,,,0,,,,,,,,,,,,,
2024-11-03 21:00:00,974.1,20.6,95.0,0.5,350.0,4.0,38.0,0.0,,,,,,,,,,,2024-11-03T20:57:00,,,,0,,,,,,,,,,,,,
2024-11-03 22:00:00,974.1,20.3,96.0,0.2,0.0,7.1,308.0,0.0,,,,,,,,,,,2024-11-03T21:24:00,,,,0,,,,,,,,,,,,,
2024-11-03 23:00:00,974.2,20.3,97.0,1.4,313.0,5.0,346.0,0.0,,,,,,,,,,,2024-11-03T22:29:00,,,,0,,,,,,,,,,,,,
2024-11-04 00:00:00,974.1,20.3,95.0,2.4,313.0,7.9,300.0,0.0,,,,,,,,,,,2024-11-03T23:55:00,,,,0,,,,,,,,,,,,,
2024-11-04 01:00:00,973.5,20.3,96.0,0.7,6.0,4.7,321.0,0.0,,,,,,,,,,,2024-11-04T00:21:00,,,,0,,,,,,,,,,,,,
2024-11-04 02:00:00,973.3,19.7,96.0,0.2,0.0,5.0,42.0,0.0,,,,,,,,,,,2024-11-04T01:23:00,,,,0,,,,,,,,,,,,,
2024-11-04 03:00:00,972.9,19.5,97.0,0.8,1.0,5.0,17.0,0.0,,,,,,,,,,,2024-11-04T02:46:00,,,,0,,,,,,,,,,,,,
2024-11-04 04:00:00,972.7,19.5,97.0,1.2,318.0,4.3,26.0,0.0,,,,,,,,,,,2024-11-04T03:11:00,,,,0,,,,,,,,,,,,,
2024-11-04 05:00:00,972.3,19.3,98.0,2.1,314.0,6.0,327.0,0.0,,,,,,,,,,,2024-11-04T04:05:00,,,,0,,,,,,,,,,,,,
2024-11-04 06:00:00,972.8,19.2,97.0,0.5,338.0,4.8,20.0,0.0,,,,,,,,,,,2024-11-04T05:04:00,,,,0,,,,,,,,,,,,,
2024-11-04 07:00:00,973.4,22.0,89.0,0.3,56.0,4.5,11.0,0.0,,,,,,,,,,,2024-11-04T06:36:00,,,,0,,,,,,,,,,,,,
2024-11-04 08:00:00,973.7,24.7,81.0,0.2,0.0,3.7,5.0,0.0,,,,,,,,,,,2024-11-04T07:32:00,,,,0,,,,,,,,,,,,,
2024-11-04 09:00:00,974.1,25.9,75.0,0.6,61.0,4.3,61.0,0.0,,,,,,,,,,,2024-11-04T08:52:00,,,,0,,,,,,,,,,,,,
2024-11-04 10:00:00,973.6,27.7,71.0,0.1,0.0,5.1,68.0,0.0,,,,,,,,,,,2024-11-04T09:06:00,,,,0,,,,,,,,,,,,,
2024-11-04 11:00:00,972.9,28.8,65.0,0.5,76.0,3.9,38.0,0.0,,,,,,,,,,,2024-11-04T10:46:00,,,,0,,,,,,,,,,,,,
2024-11-04 12:00:00,972.2,28.2,70.0,0.8,79.0,7.2,46.0,0.0,,,,,,,,,,,2024-11-04T11:45:00,,,,0,,,,,,,,,,,,,
2024-11-04 13:00:00,971.0,28.2,69.0,1.4,70.0,6.5,51.0,0.0,,,,,,,,,,,2024-11-04T12:22:00,,,,0,,,,,,,,,,,,,
2024-11-04 14:00:00,970.7,27.1,73.0,1.5,66.0,6.6,51.0,0.0,,,,,,,,,,,2024-11-04T14:00:00,,,,0,,,,,,,,,,,,,
2024-11-04 15:00:00,970.9,25.7,81.0,1.6,63.0,6.5,39.0,0.0,,,,,,,,,,,2024-11-04T14:36:00,,,,0,,,,,,,,,,,,,
2024-11-04 16:00:00,971.0,24.2,90.0,1.7,60.0,6.0,53.0,0.0,,,,,,,,,,,2024-11-04T15:34:00,,,,0,,,,,,,,,,,,,
2024-11-04 17:00:00,971.5,22.7,94.0,1.5,54.0,5.4,48.0,0.0,,,,,,,,,,,2024-11-04T16:07:00,,,,0,,,,,,,,,,,,,
2024-11-04 18:00:00,971.6,22.0,95.0,1.1,44.0,5.3,63.0,0.0,,,,,,,,,,,2024-11-04T17:32:00,,,,0,,,,,,,,,,,,,
2024-11-04 19:00:00,972.4,21.6,96.0,0.4,123.0,3.6,117.0,0.0,,,,,,,,,,,2024-11-04T18:23:00,,,,0,,,,,,,,,,,,,
2024-11-04 20:00:00,973.1,21.5,97.0,0.3,88.0,2.9,36.0,0.0,,,,,,,,,,,2024-11-04T19:34:00,,,,0,,,,,,,,,,,,,
2024-11-04 21:00:00,973.6,21.2,99.0,0.5,90.0,2.6,155.0,0.0,,,,,,,,,,,2024-11-04T20:44:00,,,,0,,,,,,,,,,,,,
2024-11-04 22:00:00,974.0,20.6,100.0,0.7,114.0,4.1,28.0,0.0,,,,,,,,,,,2024-11-04T21:45:00,,,,0,,,,,,,,,,,,,
2024-11-04 23:00:00,973.5,20.1,95.0,1.3,53.0,6.3,71.0,0.0,,,,,,,,,,,2024-11-04T23:00:00,,,,0,,,,,,,,,,,,,
2024-11-05 00:00:00,972.9,20.0,90.0,0.5,101.0,3.7,55.0,0.0,,,,,,,,,,,2024-11-04T23:33:00,,,,0,,,,,,,,,,,,,
2024-11-05 01:00:00,972.2,19.7,92.0,1.1,21.0,4.5,28.0,0.0,,,,,,,,,,,2024-11-05T00:51:00,,,,0,,,,,,,,,,,,,
2024-11-05 02:00:00,972.1,19.8,89.0,0.6,69.0,6.1,57.0,0.0,,,,,,,,,,,2024-11-05T01:12:00,,,,0,,,,,,,,,,,,,
2024-11-05 03:00:00,971.5,19.8,90.0,0.6,36.0,4.9,19.0,0.0,,,,,,,,,,,2024-11-05T02:40:00,,,,0,,,,,,,,,,,,,
2024-11-05 04:00:00,971.5,19.7,91.0,0.7,1.0,7.6,302.0,0.0,,,,,,,,,,,2024-11-05T03:49:00,,,,0,,,,,,,,,,,,,
2024-11-05 05:00:00,972.1,19.7,90.0,1.5,336.0,7.1,332.0,0.0,,,,,,,,,,,2024-11-05T04:36:00,,,,0,,,,,,,,,,,,,
2024-11-05 06:00:00,972.8,19.5,91.0,0.3,13.0,5.3,324.0,0.0,,,,,,,,,,,2024-11-05T05:31:00,,,,0,,,,,,,,,,,,,
2024-11-05 07:00:00,973.6,19.8,92.0,0.3,42.0,3.7,36.0,0.0,,,,,,,,,,,2024-11-05T06:10:00,,,,0,,,,,,,,,,,,,
2024-11-05 08:00:00,974.2,21.4,88.0,0.7,356.0,5.5,343.0,0.0,,,,,,,,,,,2024-11-05T07:36:00,,,,0,,,,,,,,,,,,,
2024-11-05 09:00:00,974.2,25.4,74.0,0.2,0.0,4.8,41.0,0.0,,,,,,,,,,,2024-11-05T08:38:00,,,,0,,,,,,,,,,,,,
2024-11-05 10:00:00,973.5,27.2,65.0,0.5,74.0,4.2,92.0,0.0,,,,,,,,,,,2024-11-05T09:57:00,,,,0,,,,,,,,,,,,,
2024-11-05 11:00:00,972.8,28.6,61.0,0.3,79.0,4.4,71.0,0.0,,,,,,,,,,,2024-11-05T10:13:00,,,,0,,,,,,,,,,,,,
2024-11-05 12:00:00,971.6,29.0,57.0,0.3,36.0,5.2,304.0,0.0,,,,,,,,,,,2024-11-05T11:25:00,,,,0,,,,,,,,,,,,,
2024-11-05 13:00:00,970.7,28.9,68.0,1.1,66.0,5.5,58.0,0.0,,,,,,,,,,,2024-11-05T12:57:00,,,,0,,,,,,,,,,,,,
2024-11-05 14:00:00,970.1,27.8,70.0,1.9,66.0,6.5,75.0,0.0,,,,,,,,,,,2024-11-05T13:55:00,,,,0,,,,,,,,,,,,,
2024-11-05 15:00:00,970.2,25.4,80.0,3.1,66.0,10.4,80.0,0.0,,,,,,,,,,,2024-11-05T14:59:00,,,,0,,,,,,,,,,,,,
2024-11-05 16:00:00,970.9,24.7,79.0,1.1,42.0,9.5,52.0,0.0,,,,,,,,,,,2024-11-05T15:02:00,,,,0,,,,,,,,,,,,,
2024-11-05 17:00:00,971.1,22.6,84.0,0.5,56.0,6.0,330.0,0.0,,,,,,,,,,,2024-11-05T16:56:00,,,,0,,,,,,,,,,,,,
2024-11-05 18:00:00,972.4,21.8,87.0,0.6,102.0,4.9,64.0,0.0,,,,,,,,,,,2024-11-05T17:13:00,,,,0,,,,,,,,,,,,,
2024-11-05 19:00:00,972.9,21.2,92.0,0.4,114.0,4.6,41.0,0.0,,,,,,,,,,,2024-11-05T18:48:00,,,,0,,,,,,,,,,,,,
2024-11-05 20:00:00,973.5,21.2,93.0,0.6,72.0,4.4,36.0,0.0,,,,,,,,,,,2024-11-05T19:32:00,,,,0,,,,,,,,,,,,,
2024-11-05 21:00:00,973.4,20.8,93.0,0.8,108.0,5.6,21.0,0.0,,,,,,,,,,,2024-11-05T20:34:00,,,,0,,,,,,,,,,,,,
2024-11-05 22:00:00,972.9,20.8,92.0,1.2,59.0,10.8,54.0,0.0,,,,,,,,,,,2024-11-05T21:46:00,,,,0,,,,,,,,,,,,,
2024-11-05 23:00:00,972.8,19.3,98.0,1.0,88.0,7.0,35.0,0.0,,,,,,,,,,,2024-11-05T22:17:00,,,,0,,,,,,,,,,,,,
2024-11-06 00:00:00,973.1,19.6,92.0,1.6,59.0,7.2,29.0,0.0,,,,,,,,,,,2024-11-05T23:51:00,,,,0,,,,,,,,,,,,,
2024-11-06 01:00:00,972.8,19.6,90.0,1.2,19.0,8.6,52.0,0.0,,,,,,,,,,,2024-11-06T00:04:00,,,,0,,,,,,,,,,,,,
2024-11-06 02:00:00,972.8,19.3,90.0,1.2,10.0,11.4,13.0,0.0,,,,,,,,,,,2024-11-06T01:52:00,,,,0,,,,,,,,,,,,,
2024-11-06 03:00:00,972.3,19.1,91.0,0.8,74.0,5.9,12.0,0.0,,,,,,,,,,,2024-11-06T02:46:00,,,,0,,,,,,,,,,,,,
2024-11-06 04:00:00,972.0,18.6,91.0,1.1,49.0,6.5,19.0,0.0,,,,,,,,,,,2024-11-06T03:53:00,,,,0,,,,,,,,,,,,,
2024-11-06 05:00:00,972.4,18.6,90.0,1.0,68.0,8.3,30.0,0.0,,,,,,,,,,,2024-11-06T04:27:00,,,,0,,,,,,,,,,,,,
2024-11-06 06:00:00,973.0,18.4,93.0,0.8,3.0,5.4,46.0,0.0,,,,,,,,,,,2024-11-06T05:31:00,,,,0,,,,,,,,,,,,,
2024-11-06 07:00:00,973.6,20.1,87.0,0.8,84.0,11.8,325.0,0.0,,,,,,,,,,,2024-11-06T06:34:00,,,,0,,,,,,,,,,,,,
2024-11-06 08:00:00,974.4,21.1,82.0,0.7,48.0,8.8,21.0,0.0,,,,,,,,,,,2024-11-06T07:35:00,,,,0,,,,,,,,,,,,,
2024-11-06 09:00:00,974.6,24.1,70.0,1.0,70.0,8.2,48.0,0.0,,,,,,,,,,,2024-11-06T08:30:00,,,,0,,,,,,,,,,,,,
2024-11-06 10:00:00,974.9,22.7,72.0,0.9,59.0,7.8,44.0,0.0,,,,,,,,,,,2024-11-06T09:28:00,,,,0,,,,,,,,,,,,,
2024-11-06 11:00:00,974.4,23.7,69.0,0.8,72.0,9.9,35.0,0.0,,,,,,,,,,,2024-11-06T10:15:00,,,,0,,,,,,,,,,,,,
2024-11-06 12:00:00,973.5,23.4,69.0,0.8,82.0,6.2,35.0,0.0,,,,,,,,,,,2024-11-06T11:33:00,,,,0,,,,,,,,,,,,,
2024-11-06 13:00:00,972.9,23.9,67.0,0.6,34.0,9.2,9.0,0.0,,,,,,,,,,,2024-11-06T12:46:00,,,,0,,,,,,,,,,,,,
2024-11-06 14:00:00,972.8,24.9,65.0,0.9,29.0,9.7,26.0,0.0,,,,,,,,,,,2024-11-06T13:33:00,,,,0,,,,,,,,,,,,,
2024-11-06 15:00:00,972.1,22.1,71.0,1.3,79.0,8.7,344.0,0.0,,,,,,,,,,,2024-11-06T14:17:00,,,,0,,,,,,,,,,,,,
2024-11-06 16:00:00,972.2,20.6,75.0,1.1,62.0,7.6,344.0,0.0,,,,,,,,,,,2024-11-06T15:35:00,,,,0,,,,,,,,,,,,,
2024-11-06 17:00:00,973.2,19.0,82.0,1.0,62.0,8.4,38.0,0.0,,,,,,,,,,,2024-11-06T16:15:00,,,,0,,,,,,,,,,,,,
2024-11-06 18:00:00,973.3,18.6,83.0,1.4,49.0,7.4,32.0,0.0,,,,,,,,,,,2024-11-06T17:32:00,,,,0,,,,,,,,,,,,,
2024-11-06 19:00:00,973.5,18.4,83.0,1.5,59.0,8.8,63.0,0.0,,,,,,,,,,,2024-11-06T18:22:00,,,,0,,,,,,,,,,,,,
2024-11-06 20:00:00,974.7,18.2,82.0,1.0,55.0,6.9,8.0,0.0,,,,,,,,,,,2024-11-06T19:04:00,,,,0,,,,,,,,,,,,,
2024-11-06 21:00:00,974.7,17.9,85.0,1.0,20.0,6.7,324.0,0.0,,,,,,,,,,,2024-11-06T20:56:00,,,,0,,,,,,,,,,,,,
2024-11-06 22:00:00,975.0,18.1,85.0,1.0,87.0,8.4,30.0,0.0,,,,,,,,,,,2024-11-06T21:48:00,,,,0,,,,,,,,,,,,,
2024-11-06 23:00:00,974.0,18.1,84.0,1.4,40.0,7.7,38.0,0.0,,,,,,,,,,,2024-11-06T22:03:00,,,,0,,,,,,,,,,,,,
2024-11-07 00:00:00,973.6,17.8,87.0,0.9,46.0,6.6,32.0,0.0,,,,,,,,,,,2024-11-06T23:42:00,,,,0,,,,,,,,,,,,,
2024-11-07 01:00:00,972.9,17.6,86.0,1.2,9.0,5.0,50.0,0.0,,,,,,,,,,,2024-11-07T00:29:00,,,,0,,,,,,,,,,,,,
2024-11-07 02:00:00,972.3,17.6,86.0,1.2,54.0,9.0,14.0,0.0,,,,,,,,,,,2024-11-07T01:16:00,,,,0,,,,,,,,,,,,,
2024-11-07 03:00:00,972.1,17.6,85.0,1.7,8.0,10.3,45.0,0.0,,,,,,,,,,,2024-11-07T02:54:00,,,,0,,,,,,,,,,,,,
2024-11-07 04:00:00,972.2,17.4,86.0,1.2,1.0,9.0,49.0,0.0,,,,,,,,,,,2024-11-07T03:02:00,,,,0,,,,,,,,,,,,,
2024-11-07 05:00:00,972.3,17.6,85.0,1.1,65.0,7.5,8.0,0.0,,,,,,,,,,,2024-11-07T04:07:00,,,,0,,,,,,,,,,,,,
2024-11-07 06:00:00,973.2,17.7,85.0,1.0,66.0,11.8,342.0,0.0,,,,,,,,,,,2024-11-07T05:24:00,,,,0,,,,,,,,,,,,,
2024-11-07 07:00:00,973.4,18.1,83.0,1.2,51.0,6.6,35.0,0.0,,,,,,,,,,,2024-11-07T06:02:00,,,,0,,,,,,,,,,,,,
2024-11-07 08:00:00,973.6,19.1,79.0,0.8,42.0,8.2,331.0,0.0,,,,,,,,,,,2024-11-07T07:24:00,,,,0,,,,,,,,,,,,,
2024-11-07 09:00:00,974.2,20.4,74.0,1.0,65.0,8.4,20.0,0.0,,,,,,,,,,,2024-11-07T08:27:00,,,,0,,,,,,,,,,,,,
2024-11-07 10:00:00,974.2,24.1,69.0,0.9,36.0,7.2,27.0,0.0,,,,,,,,,,,2024-11-07T09:53:00,,,,0,,,,,,,,,,,,,
2024-11-07 11:00:00,974.0,23.8,69.0,1.2,5.0,7.7,352.0,0.0,,,,,,,,,,,2024-11-07T10:53:00,,,,0,,,,,,,,,,,,,
2024-11-07 12:00:00,973.3,25.6,65.0,0.7,41.0,10.2,319.0,0.0,,,,,,,,,,,2024-11-07T11:38:00,,,,0,,,,,,,,,,,,,
2024-11-07 13:00:00,972.2,24.2,69.0,0.4,51.0,5.1,54.0,0.0,,,,,,,,,,,2024-11-07T12:32:00,,,,0,,,,,,,,,,,,,
2024-11-07 14:00:00,971.7,23.7,73.0,0.7,52.0,6.7,311.0,0.0,,,,,,,,,,,2024-11-07T13:52:00,,,,0,,,,,,,,,,,,,
2024-11-07 15:00:00,971.6,22.4,77.0,0.7,80.0,4.8,346.0,0.0,,,,,,,,,,,2024-11-07T14:37:00,,,,0,,,,,,,,,,,,,
2024-11-07 16:00:00,971.8,21.3,82.0,0.8,85.0,4.9,46.0,0.0,,,,,,,,,,,2024-11-07T15:06:00,,,,0,,,,,,,,,,,,,
2024-11-07 17:00:00,972.8,20.5,85.0,1.1,92.0,7.4,23.0,0.0,,,,,,,,,,,2024-11-07T16:51:00,,,,0,,,,,,,,,,,,,
2024-11-07 18:00:00,972.9,20.3,87.0,1.2,53.0,7.0,322.0,0.0,,,,,,,,,,,2024-11-07T17:32:00,,,,0,,,,,,,,,,,,,
2024-11-07 19:00:00,973.5,20.0,89.0,1.0,71.0,9.3,346.0,0.0,,,,,,,,,,,2024-11-07T18:27:00,,,,0,,,,,,,,,,,,,
2024-11-07 20:00:00,973.5,20.0,88.0,1.0,104.0,7.3,19.0,0.0,,,,,,,,,,,2024-11-07T19:14:00,,,,0,,,,,,,,,,,,,
2024-11-07 21:00:00,973.1,20.0,88.0,1.0,82.0,6.2,25.0,0.0,,,,,,,,,,,2024-11-07T20:27:00,,,,0,,,,,,,,,,,,,
2024-11-07 22:00:00,972.7,20.0,88.0,0.9,93.0,9.5,9.0,0.0,,,,,,,,,,,2024-11-07T21:10:00,,,,0,,,,,,,,,,,,,
2024-11-07 23:00:00,972.7,19.9,90.0,1.2,92.0,6.9,40.0,0.0,,,,,,,,,,,2024-11-07T22:55:00,,,,0,,,,,,,,,,,,,
2024-11-08 00:00:00,972.2,19.9,89.0,1.1,88.0,8.6,339.0,0.0,,,,,,,,,,,2024-11-07T23:58:00,,,,0,,,,,,,,,,,,,
2024-11-08 01:00:00,971.6,20.0,91.0,1.1,68.0,9.0,18.0,0.0,,,,,,,,,,,2024-11-08T00:52:00,,,,0,,,,,,,,,,,,,
2024-11-08 02:00:00,971.5,19.8,92.0,1.0,105.0,7.4,50.0,0.0,,,,,,,,,,,2024-11-08T01:14:00,,,,0,,,,,,,,,,,,,
2024-11-08 03:00:00,970.9,19.1,100.0,1.0,77.0,4.1,104.0,0.0,,,,,,,,,,,2024-11-08T02:36:00,,,,0,,,,,,,,,,,,,
2024-11-08 04:00:00,970.8,19.1,100.0,1.1,88.0,5.4,102.0,0.0,,,,,,,,,,,2024-11-08T03:24:00,,,,0,,,,,,,,,,,,,
2024-11-08 05:00:00,971.1,19.0,100.0,1.4,37.0,8.1,314.0,0.0,,,,,,,,,,,2024-11-08T04:26:00,,,,0,,,,,,,,,,,,,
2024-11-08 06:00:00,971.8,19.1,100.0,1.0,54.0,6.2,68.0,0.0,,,,,,,,,,,2024-11-08T05:55:00,,,,0,,,,,,,,,,,,,
2024-11-08 07:00:00,972.2,19.3,100.0,1.1,83.0,11.1,52.0,0.0,,,,,,,,,,,2024-11-08T06:01:00,,,,0,,,,,,,,,,,,,
2024-11-08 08:00:00,972.9,19.9,97.0,1.1,60.0,6.3,359.0,0.0,,,,,,,,,,,2024-11-08T07:12:00,,,,0,,,,,,,,,,,,,
2024-11-08 09:00:00,973.4,20.6,95.0,1.3,33.0,7.3,12.0,0.0,,,,,,,,,,,2024-11-08T08:12:00,,,,0,,,,,,,,,,,,,
2024-11-08 10:00:00,972.9,21.1,92.0,0.7,80.0,5.7,53.0,0.0,,,,,,,,,,,2024-11-08T09:27:00,,,,0,,,,,,,,,,,,,
2024-11-08 11:00:00,972.3,21.7,89.0,0.5,46.0,6.9,355.0,0.0,,,,,,,,,,,2024-11-08T10:07:00,,,,0,,,,,,,,,,,,,
2024-11-08 12:00:00,971.6,23.9,83.0,0.5,73.0,4.6,48.0,0.0,,,,,,,,,,,2024-11-08T11:50:00,,,,0,,,,,,,,,,,,,
2024-11-08 13:00:00,,,,,,5.6,59.0,0.0,,,,,,,,,,,2024-11-08T12:08:00,,,,0,,,,,,,,,,,,,
2024-11-08 14:00:00,968.7,23.5,85.0,0.3,350.0,3.4,341.0,0.0,,,,,,,,,,,2024-11-08T13:56:00,,,,0,,,,,,,,,,,,,
2024-11-08 15:00:00,968.6,23.5,86.0,0.1,0.0,4.3,4.0,0.0,,,,,,,,,,,2024-11-08T14:03:00,,,,0,,,,,,,,,,,,,
2024-11-08 16:00:00,969.2,23.6,88.0,0.3,337.0,4.4,41.0,0.0,,,,,,,,,,,2024-11-08T15:01:00,,,,0,,,,,,,,,,,,,
2024-11-08 17:00:00,969.3,22.5,92.0,0.6,16.0,3.4,33.0,0.0,,,,,,,,,,,2024-11-08T16:19:00,,,,0,,,,,,,,,,,,,
2024-11-08 18:00:00,969.4,22.0,93.0,0.6,64.0,4.6,53.0,0.0,,,,,,,,,,,2024-11-08T17:14:00,,,,0,,,,,,,,,,,,,
2024-11-08 19:00:00,969.8,21.7,93.0,0.5,25.0,4.7,43.0,0.0,,,,,,,,,,,2024-11-08T18:27:00,,,,0,,,,,,,,,,,,,
2024-11-08 20:00:00,970.5,21.8,91.0,0.5,36.0,4.1,52.0,0.0,,,,,,,,,,,2024-11-08T19:31:00,,,,0,,,,,,,,,,,,,
2024-11-08 21:00:00,970.5,21.7,92.0,0.9,12.0,5.8,34.0,0.0,,,,,,,,,,,2024-11-08T20:59:00,,,,0,,,,,,,,,,,,,
2024-11-08 22:00:00,970.7,21.8,93.0,0.8,29.0,4.6,16.0,0.0,,,,,,,,,,,2024-11-08T21:56:00,,,,0,,,,,,,,,,,,,
2024-11-08 23:00:00,970.6,21.7,94.0,0.5,7.0,4.6,5.0,0.0,,,,,,,,,,,2024-11-08T22:42:00,,,,0,,,,,,,,,,,,,
2024-11-09 00:00:00,970.5,21.2,100.0,2.1,325.0,4.0,341.0,0.0,,,,,,,,,,,2024-11-08T23:56:00,,,,0,,,,,,,,,,,,,
2024-11-09 01:00:00,969.8,21.3,99.0,0.5,15.0,7.0,2.0,0.0,,,,,,,,,,,2024-11-09T00:11:00,,,,0,,,,,,,,,,,,,
2024-11-09 02:00:00,969.2,21.3,97.0,0.9,14.0,4.9,10.0,0.0,,,,,,,,,,,2024-11-09T01:17:00,,,,0,,,,,,,,,,,,,
2024-11-09 03:00:00,969.1,21.4,96.0,1.3,4.0,4.8,8.0,0.0,,,,,,,,,,,2024-11-09T02:06:00,,,,0,,,,,,,,,,,,,
2024-11-09 04:00:00,969.1,21.3,98.0,1.9,310.0,3.4,41.0,0.0,,,,,,,,,,,2024-11-09T03:03:00,,,,0,,,,,,,,,,,,,
2024-11-09 05:00:00,969.2,21.5,96.0,1.9,312.0,3.9,319.0,0.0,,,,,,,,,,,2024-11-09T04:09:00,,,,0,,,,,,,,,,,,,
2024-11-09 06:00:00,969.9,21.8,92.0,1.3,353.0,3.1,316.0,0.0,,,,,,,,,,,2024-11-09T05:13:00,,,,0,,,,,,,,,,,,,
2024-11-09 07:00:00,970.5,23.2,87.0,1.2,25.0,3.8,37.0,0.0,,,,,,,,,,,2024-11-09T06:46:00,,,,0,,,,,,,,,,,,,
2024-11-09 08:00:00,971.0,24.6,86.0,0.5,50.0,2.8,59.0,0.0,,,,,,,,,,,2024-11-09T07:50:00,,,,0,,,,,,,,,,,,,
2024-11-09 09:00:00,971.2,26.6,77.0,0.1,0.0,3.3,13.0,0.0,,,,,,,,,,,2024-11-09T08:01:00,,,,0,,,,,,,,,,,,,
2024-11-09 10:00:00,971.1,29.8,71.0,0.0,0.0,2.2,43.0,0.0,,,,,,,,,,,2024-11-09T09:17:00,,,,0,,,,,,,,,,,,,
2024-11-09 11:00:00,970.4,30.2,68.0,0.1,0.0,2.4,68.0,0.0,,,,,,,,,,,2024-11-09T10:22:00,,,,0,,,,,,,,,,,,,
2024-11-09 12:00:00,969.6,28.4,76.0,1.0,79.0,4.7,64.0,0.0,,,,,,,,,,,2024-11-09T11:33:00,,,,0,,,,,,,,,,,,,
2024-11-09 13:00:00,968.7,29.2,73.0,1.0,69.0,4.8,66.0,0.0,,,,,,,,,,,2024-11-09T12:05:00,,,,0,,,,,,,,,,,,,
2024-11-09 14:00:00,968.6,28.1,76.0,1.6,68.0,4.9,116.0,0.0,,,,,,,,,,,2024-11-09T13:48:00,,,,0,,,,,,,,,,,,,
2024-11-09 15:00:00,968.6,27.8,77.0,0.8,71.0,4.7,55.0,0.0,,,,,,,,,,,2024-11-09T14:48:00,,,,0,,,,,,,,,,,,,
2024-11-09 16:00:00,968.7,24.9,85.0,2.2,73.0,5.6,95.0,0.0,,,,,,,,,,,2024-11-09T15:57:00,,,,0,,,,,,,,,,,,,
2024-11-09 17:00:00,969.4,23.8,97.0,0.1,0.0,4.4,47.0,0.0,,,,,,,,,,,2024-11-09T16:14:00,,,,0,,,,,,,,,,,,,
2024-11-09 18:00:00,969.9,23.1,100.0,1.1,51.0,3.4,58.0,0.0,,,,,,,,,,,2024-11-09T17:34:00,,,,0,,,,,,,,,,,,,
2024-11-09 19:00:00,970.5,22.8,100.0,0.7,183.0,2.9,210.0,0.0,,,,,,,,,,,2024-11-09T18:38:00,,,,0,,,,,,,,,,,,,
2024-11-09 20:00:00,971.1,22.9,100.0,1.2,270.0,2.8,258.0,0.0,,,,,,,,,,,2024-11-09T19:41:00,,,,0,,,,,,,,,,,,,
2024-11-09 21:00:00,971.0,22.9,100.0,0.6,351.0,3.4,303.0,0.0,,,,,,,,,,,2024-11-09T20:09:00,,,,0,,,,,,,,,,,,,
2024-11-09 22:00:00,970.6,22.3,100.0,0.4,95.0,3.3,42.0,0.0,,,,,,,,,,,2024-11-09T21:37:00,,,,0,,,,,,,,,,,,,
2024-11-09 23:00:00,970.5,22.0,100.0,0.6,8.0,4.5,30.0,0.0,,,,,,,,,,,2024-11-09T22:38:00,,,,0,,,,,,,,,,,,,
2024-11-10 00:00:00,969.8,21.9,100.0,0.7,358.0,3.7,349.0,0.0,,,,,,,,,,,2024-11-09T23:54:00,,,,0,,,,,,,,,,,,,
2024-11-10 01:00:00,969.2,21.8,100.0,1.2,2.0,3.8,355.0,0.0,,,,,,,,,,,2024-11-10T00:51:00,,,,0,,,,,,,,,,,,,
2024-11-10 02:00:00,968.6,21.7,100.0,0.2,0.0,5.7,14.0,0.0,,,,,,,,,,,2024-11-10T01:37:00,,,,0,,,,,,,,,,,,,
2024-11-10 03:00:00,968.2,21.5,100.0,1.1,343.0,4.3,346.0,0.0,,,,,,,,,,,2024-11-10T02:45:00,,,,0,,,,,,,,,,,,,
2024-11-10 04:00:00,968.0,21.2,100.0,0.7,12.0,4.6,360.0,0.0,,,,,,,,,,,2024-11-10T03:19:00,,,,0,,,,,,,,,,,,,
2024-11-10 05:00:00,968.6,21.0,100.0,0.7,340.0,6.4,12.0,0.0,,,,,,,,,,,2024-11-10T04:19:00,,,,0,,,,,,,,,,,,,
2024-11-10 06:00:00,969.4,21.0,100.0,0.8,1.0,4.5,28.0,0.0,,,,,,,,,,,2024-11-10T05:31:00,,,,0,,,,,,,,,,,,,
2024-11-10 07:00:00,970.1,22.2,92.0,1.1,342.0,4.1,1.0,0.0,,,,,,,,,,,2024-11-10T06:47:00,,,,0,,,,,,,,,,,,,
2024-11-10 08:00:00,970.7,25.0,84.0,0.3,26.0,3.4,7.0,0.0,,,,,,,,,,,2024-11-10T07:02:00,,,,0,,,,,,,,,,,,,
2024-11-10 09:00:00,971.1,28.1,74.0,0.9,78.0,5.3,45.0,0.0,,,,,,,,,,,2024-11-10T08:35:00,,,,0,,,,,,,,,,,,,
2024-11-10 10:00:00,970.9,27.7,80.0,0.9,73.0,4.5,65.0,0.0,,,,,,,,,,,2024-11-10T09:16:00,,,,0,,,,,,,,,,,,,
2024-11-10 11:00:00,970.4,25.2,91.0,0.9,73.0,3.6,57.0,0.0,,,,,,,,,,,2024-11-10T10:39:00,,,,0,,,,,,,,,,,,,
2024-11-10 12:00:00,969.3,27.9,81.0,0.0,0.0,1.4,41.0,0.0,,,,,,,,,,,2024-11-10T11:03:00,,,,0,,,,,,,,,,,,,
2024-11-10 13:00:00,968.6,26.4,88.0,1.4,62.0,4.8,52.0,0.0,,,,,,,,,,,2024-11-10T12:34:00,,,,0,,,,,,,,,,,,,
2024-11-10 14:00:00,968.0,26.4,86.0,1.5,62.0,6.8,53.0,0.0,,,,,,,,,,,2024-11-10T13:46:00,,,,0,,,,,,,,,,,,,
2024-11-10 15:00:00,968.0,26.1,85.0,2.4,57.0,8.0,50.0,0.0,,,,,,,,,,,2024-11-10T14:56:00,,,,0,,,,,,,,,,,,,
2024-11-10 16:00:00,968.0,25.7,88.0,0.5,59.0,6.5,60.0,0.0,,,,,,,,,,,2024-11-10T15:08:00,,,,0,,,,,,,,,,,,,
2024-11-10 17:00:00,968.6,23.8,95.0,0.0,0.0,3.1,211.0,0.0,,,,,,,,,,,2024-11-10T16:28:00,,,,0,,,,,,,,,,,,,
2024-11-10 18:00:00,969.3,23.1,100.0,0.1,0.0,2.3,97.0,0.0,,,,,,,,,,,2024-11-10T17:17:00,,,,0,,,,,,,,,,,,,
2024-11-10 19:00:00,969.9,23.0,99.0,0.7,63.0,3.9,308.0,0.0,,,,,,,,,,,2024-11-10T18:09:00,,,,0,,,,,,,,,,,,,
2024-11-10 20:00:00,970.0,22.6,98.0,0.4,49.0,5.3,334.0,0.0,,,,,,,,,,,2024-11-10T19:44:00,,,,0,,,,,,,,,,,,,
2024-11-10 21:00:00,970.1,22.2,99.0,0.4,80.0,3.9,52.0,0.0,,,,,,,,,,,2024-11-10T20:33:00,,,,0,,,,,,,,,,,,,
2024-11-10 22:00:00,970.4,21.6,100.0,0.4,87.0,3.0,40.0,0.0,,,,,,,,,,,2024-11-10T21:53:00,,,,0,,,,,,,,,,,,,
2024-11-10 23:00:00,970.5,21.7,100.0,0.3,1.0,3.3,316.0,0.0,,,,,,,,,,,2024-11-10T22:50:00,,,,0,,,,,,,,,,,,,
2024-11-11 00:00:00,969.9,21.3,100.0,0.7,11.0,4.0,30.0,0.0,,,,,,,,,,,2024-11-10T23:26:00,,,,0,,,,,,,,,,,,,
2024-11-11 01:00:00,969.3,21.5,100.0,0.7,37.0,5.7,27.0,0.0,,,,,,,,,,,2024-11-11T00:52:00,,,,0,,,,,,,,,,,,,
2024-11-11 02:00:00,968.6,21.2,100.0,0.6,57.0,4.1,7.0,0.0,,,,,,,,,,,2024-11-11T01:53:00,,,,0,,,,,,,,,,,,,
2024-11-11 03:00:00,967.9,21.1,100.0,0.6,1.0,5.2,31.0,0.0,,,,,,,,,,,2024-11-11T02:21:00,,,,0,,,,,,,,,,,,,
2024-11-11 04:00:00,967.3,20.6,100.0,0.5,32.0,4.7,110.0,0.0,,,,,,,,,,,2024-11-11T03:53:00,,,,0,,,,,,,,,,,,,
2024-11-11 05:00:00,967.6,20.5,100.0,0.6,54.0,3.4,12.0,0.0,,,,,,,,,,,2024-11-11T04:48:00,,,,0,,,,,,,,,,,,,
2024-11-11 06:00:00,968.5,20.5,100.0,0.9,4.0,5.3,354.0,0.0,,,,,,,,,,,2024-11-11T05:20:00,,,,0,,,,,,,,,,,,,
2024-11-11 07:00:00,969.2,23.0,93.0,1.3,350.0,6.7,18.0,0.0,,,,,,,,,,,2024-11-11T06:29:00,,,,0,,,,,,,,,,,,,
2024-11-11 08:00:00,969.3,24.3,85.0,0.8,80.0,4.5,8.0,0.0,,,,,,,,,,,2024-11-11T07:49:00,,,,0,,,,,,,,,,,,,
2024-11-11 09:00:00,970.1,27.0,74.0,0.7,88.0,8.5,56.0,0.0,,,,,,,,,,,2024-11-11T08:34:00,,,,0,,,,,,,,,,,,,
2024-11-11 10:00:00,970.0,27.9,75.0,0.6,68.0,4.3,50.0,0.0,,,,,,,,,,,2024-11-11T09:42:00,,,,0,,,,,,,,,,,,,
2024-11-11 11:00:00,969.3,29.6,70.0,0.7,82.0,3.3,34.0,0.0,,,,,,,,,,,2024-11-11T10:44:00,,,,0,,,,,,,,,,,,,
2024-11-11 12:00:00,968.6,28.9,72.0,1.8,69.0,6.4,58.0,0.0,,,,,,,,,,,2024-11-11T11:33:00,,,,0,,,,,,,,,,,,,
2024-11-11 13:00:00,967.2,29.1,72.0,1.6,62.0,7.1,54.0,0.0,,,,,,,,,,,2024-11-11T12:03:00,,,,0,,,,,,,,,,,,,
2024-11-11 14:00:00,966.5,29.5,70.0,0.8,62.0,6.2,76.0,0.0,,,,,,,,,,,2024-11-11T13:38:00,,,,0,,,,,,,,,,,,,
2024-11-11 15:00:00,966.6,25.8,84.0,2.2,60.0,6.9,42.0,0.0,,,,,,,,,,,2024-11-11T14:34:00,,,,0,,,,,,,,,,,,,
2024-11-11 16:00:00,966.9,24.1,91.0,2.0,58.0,5.8,61.0,0.0,,,,,,,,,,,2024-11-11T15:41:00,,,,0,,,,,,,,,,,,,
2024-11-11 17:00:00,968.0,22.2,100.0,0.4,34.0,4.4,37.0,2.5,,,,,,,,,,,2024-11-11T16:03:00,,,,0,,,,,,,,,,,,,
2024-11-11 18:00:00,968.6,21.4,100.0,0.5,61.0,4.0,300.0,0.5,,,,,,,,,,,2024-11-11T17:14:00,,,,0,,,,,,,,,,,,,
2024-11-11 19:00:00,968.7,21.1,100.0,0.6,73.0,4.4,20.0,0.5,,,,,,,,,,,2024-11-11T18:46:00,,,,0,,,,,,,,,,,,,
2024-11-11 20:00:00,968.6,21.1,100.0,0.7,31.0,5.2,356.0,0.5,,,,,,,,,,,2024-11-11T19:09:00,,,,0,,,,,,,,,,,,,
2024-11-11 21:00:00,968.0,20.7,100.0,0.9,32.0,5.2,43.0,0.0,,,,,,,,,,,2024-11-11T20:24:00,,,,0,,,,,,,,,,,,,
2024-11-11 22:00:00,969.0,20.7,100.0,0.5,6.0,4.6,49.0,0.0,,,,,,,,,,,2024-11-11T21:09:00,,,,0,,,,,,,,,,,,,
2024-11-11 23:00:00,969.0,20.7,100.0,1.6,322.0,4.4,13.0,0.5,,,,,,,,,,,2024-11-11T22:39:00,,,,0,,,,,,,,,,,,,
2024-11-12 00:00:00,968.1,20.9,100.0,1.1,346.0,4.5,22.0,0.0,,,,,,,,,,,2024-11-11T23:18:00,,,,0,,,,,,,,,,,,,
2024-11-12 01:00:00,968.0,20.7,100.0,0.8,347.0,5.7,360.0,0.5,,,,,,,,,,,2024-11-12T00:37:00,,,,0,,,,,,,,,,,,,
2024-11-12 02:00:00,968.0,20.6,100.0,2.0,4.0,6.0,11.0,0.0,,,,,,,,,,,2024-11-12T02:00:00,,,,0,,,,,,,,,,,,,
2024-11-12 03:00:00,967.9,20.7,100.0,1.1,7.0,6.6,356.0,0.0,,,,,,,,,,,2024-11-12T02:24:00,,,,0,,,,,,,,,,,,,
2024-11-12 04:00:00,967.3,20.2,100.0,0.4,350.0,6.5,321.0,0.0,,,,,,,,,,,2024-11-12T03:17:00,,,,0,,,,,,,,,,,,,
2024-11-12 05:00:00,966.8,20.7,100.0,0.9,12.0,5.6,19.0,0.0,,,,,,,,,,,2024-11-12T04:55:00,,,,0,,,,,,,,,,,,,
2024-11-12 06:00:00,967.9,21.0,100.0,0.8,339.0,4.8,355.0,0.0,,,,,,,,,,,2024-11-12T05:51:00,,,,0,,,,,,,,,,,,,
2024-11-12 07:00:00,968.1,21.1,100.0,1.3,15.0,5.2,332.0,0.0,,,,,,,,,,,2024-11-12T06:18:00,,,,0,,,,,,,,,,,,,
2024-11-12 08:00:00,968.6,21.1,100.0,0.8,26.0,5.2,55.0,0.5,,,,,,,,,,,2024-11-12T07:10:00,,,,0,,,,,,,,,,,,,
2024-11-12 09:00:00,968.6,21.5,100.0,0.4,15.0,4.3,52.0,0.5,,,,,,,,,,,2024-11-12T08:14:00,,,,0,,,,,,,,,,,,,
2024-11-12 10:00:00,968.6,21.2,100.0,0.8,22.0,7.8,323.0,0.0,,,,,,,,,,,2024-11-12T09:10:00,,,,0,,,,,,,,,,,,,
2024-11-12 11:00:00,968.4,21.5,97.0,1.8,329.0,6.9,347.0,0.0,,,,,,,,,,,2024-11-12T10:52:00,,,,0,,,,,,,,,,,,,
2024-11-12 12:00:00,968.2,21.7,97.0,0.4,38.0,6.5,21.0,0.5,,,,,,,,,,,2024-11-12T11:16:00,,,,0,,,,,,,,,,,,,
2024-11-12 13:00:00,967.3,22.1,99.0,0.1,0.0,4.4,326.0,0.0,,,,,,,,,,,2024-11-12T12:08:00,,,,0,,,,,,,,,,,,,
2024-11-12 14:00:00,966.7,21.7,97.0,0.5,336.0,3.9,312.0,0.0,,,,,,,,,,,2024-11-12T13:56:00,,,,0,,,,,,,,,,,,,
2024-11-12 15:00:00,966.1,21.6,95.0,0.2,0.0,5.0,8.0,0.0,,,,,,,,,,,2024-11-12T14:50:00,,,,0,,,,,,,,,,,,,
2024-11-12 16:00:00,966.1,21.3,100.0,0.1,0.0,4.6,31.0,0.0,,,,,,,,,,,2024-11-12T15:36:00,,,,0,,,,,,,,,,,,,
2024-11-12 17:00:00,967.5,21.2,97.0,1.6,315.0,4.1,348.0,0.0,,,,,,,,,,,2024-11-12T16:43:00,,,,0,,,,,,,,,,,,,
2024-11-12 18:00:00,967.4,21.2,100.0,0.2,0.0,4.1,7.0,0.0,,,,,,,,,,,2024-11-12T17:03:00,,,,0,,,,,,,,,,,,,
2024-11-12 19:00:00,967.9,21.4,100.0,0.8,34.0,4.4,322.0,0.0,,,,,,,,,,,2024-11-12T18:45:00,,,,0,,,,,,,,,,,,,
2024-11-12 20:00:00,968.6,21.5,100.0,0.4,57.0,4.7,57.0,0.0,,,,,,,,,,,2024-11-12T19:44:00,,,,0,,,,,,,,,,,,,
2024-11-12 21:00:00,968.6,21.3,100.0,0.3,45.0,3.3,324.0,0.5,,,,,,,,,,,2024-11-12T20:40:00,,,,0,,,,,,,,,,,,,
2024-11-12 22:00:00,969.2,21.3,100.0,0.3,31.0,3.8,49.0,0.0,,,,,,,,,,,2024-11-12T21:53:00,,,,0,,,,,,,,,,,,,
2024-11-12 23:00:00,968.8,21.1,100.0,0.1,0.0,5.0,328.0,1.5,,,,,,,,,,,2024-11-12T22:38:00,,,,0,,,,,,,,,,,,,
2024-11-13 00:00:00,968.0,20.8,100.0,0.5,16.0,3.9,314.0,0.5,,,,,,,,,,,2024-11-12T23:22:00,,,,0,,,,,,,,,,,,,
2024-11-13 01:00:00,967.3,20.4,100.0,0.6,1.0,6.6,356.0,0.0,,,,,,,,,,,2024-11-13T00:42:00,,,,0,,,,,,,,,,,,,
2024-11-13 02:00:00,966.9,20.5,100.0,0.3,354.0,5.1,22.0,0.0,,,,,,,,,,,2024-11-13T01:21:00,,,,0,,,,,,,,,,,,,
2024-11-13 03:00:00,966.7,20.4,100.0,0.8,357.0,4.1,311.0,0.0,,,,,,,,,,,2024-11-13T02:26:00,,,,0,,,,,,,,,,,,,
2024-11-13 04:00:00,966.6,20.3,100.0,0.3,31.0,5.6,1.0,0.0,,,,,,,,,,,2024-11-13T03:08:00,,,,0,,,,,,,,,,,,,
2024-11-13 05:00:00,966.7,20.5,100.0,0.7,348.0,4.3,328.0,0.0,,,,,,,,,,,2024-11-13T04:05:00,,,,0,,,,,,,,,,,,,
2024-11-13 06:00:00,967.4,20.4,100.0,0.6,348.0,4.0,25.0,0.0,,,,,,,,,,,2024-11-13T05:22:00,,,,0,,,,,,,,,,,,,
2024-11-13 07:00:00,968.0,20.9,100.0,0.5,345.0,4.2,18.0,0.0,,,,,,,,,,,2024-11-13T06:05:00,,,,0,,,,,,,,,,,,,
2024-11-13 08:00:00,968.6,22.1,97.0,0.2,0.0,6.1,14.0,0.0,,,,,,,,,,,2024-11-13T07:38:00,,,,0,,,,,,,,,,,,,
2024-11-13 09:00:00,969.0,23.8,93.0,0.1,0.0,5.5,334.0,0.0,,,,,,,,,,,2024-11-13T08:38:00,,,,0,,,,,,,,,,,,,
2024-11-13 10:00:00,969.1,26.5,82.0,0.7,50.0,4.6,65.0,0.0,,,,,,,,,,,2024-11-13T09:51:00,,,,0,,,,,,,,,,,,,
2024-11-13 11:00:00,968.9,27.9,80.0,0.0,0.0,3.2,39.0,0.0,,,,,,,,,,,2024-11-13T11:00:00,,,,0,,,,,,,,,,,,,
2024-11-13 12:00:00,968.3,25.6,88.0,2.5,55.0,6.5,69.0,0.0,,,,,,,,,,,2024-11-13T11:45:00,,,,0,,,,,,,,,,,,,
2024-11-13 13:00:00,967.4,25.8,88.0,0.0,0.0,4.1,71.0,0.0,,,,,,,,,,,2024-11-13T12:27:00,,,,0,,,,,,,,,,,,,
2024-11-13 14:00:00,967.3,27.2,85.0,0.0,0.0,0.0,0.0,0.0,,,,,,,,,,,2024-11-13T13:05:00,,,,0,,,,,,,,,,,,,
2024-11-13 15:00:00,967.2,27.3,82.0,0.0,0.0,0.9,18.0,0.0,,,,,,,,,,,2024-11-13T14:47:00,,,,0,,,,,,,,,,,,,
2024-11-13 16:00:00,967.5,25.7,90.0,0.4,55.0,2.5,63.0,0.0,,,,,,,,,,,2024-11-13T15:59:00,,,,0,,,,,,,,,,,,,
2024-11-13 17:00:00,967.9,24.3,93.0,1.9,45.0,3.2,38.0,0.0,,,,,,,,,,,2024-11-13T16:14:00,,,,0,,,,,,,,,,,,,
2024-11-13 18:00:00,968.2,23.9,93.0,0.0,0.0,2.8,58.0,0.0,,,,,,,,,,,2024-11-13T17:11:00,,,,0,,,,,,,,,,,,,
2024-11-13 19:00:00,968.9,23.5,96.0,0.2,0.0,2.5,338.0,0.0,,,,,,,,,,,2024-11-13T18:16:00,,,,0,,,,,,,,,,,,,
2024-11-13 20:00:00,969.3,23.3,99.0,0.0,0.0,1.5,306.0,0.0,,,,,,,,,,,2024-11-13T19:30:00,,,,0,,,,,,,,,,,,,
2024-11-13 21:00:00,969.7,23.0,100.0,0.0,0.0,2.1,19.0,0.0,,,,,,,,,,,2024-11-13T20:13:00,,,,0,,,,,,,,,,,,,
2024-11-13 22:00:00,969.4,22.6,100.0,0.0,0.0,1.8,44.0,0.0,,,,,,,,,,,2024-11-13T21:39:00,,,,0,,,,,,,,,,,,,
2024-11-13 23:00:00,969.7,22.3,100.0,0.0,0.0,2.6,52.0,0.0,,,,,,,,,,,2024-11-13T22:34:00,,,,0,,,,,,,,,,,,,
2024-11-14 00:00:00,969.2,22.2,99.0,0.6,327.0,5.1,343.0,0.0,,,,,,,,,,,2024-11-13T23:37:00,,,,0,,,,,,,,,,,,,
2024-11-14 01:00:00,968.6,21.6,98.0,0.3,328.0,5.0,302.0,0.0,,,,,,,,,,,2024-11-14T00:21:00,,,,0,,,,,,,,,,,,,
2024-11-14 02:00:00,967.9,21.6,94.0,0.4,13.0,3.8,72.0,0.0,,,,,,,,,,,2024-11-14T01:54:00,,,,0,,,,,,,,,,,,,
2024-11-14 03:00:00,967.4,21.5,91.0,0.9,17.0,4.6,45.0,0.0,,,,,,,,,,,2024-11-14T03:00:00,,,,0,,,,,,,,,,,,,
2024-11-14 04:00:00,967.5,21.1,91.0,0.1,0.0,4.9,41.0,0.0,,,,,,,,,,,2024-11-14T03:04:00,,,,0,,,,,,,,,,,,,
2024-11-14 05:00:00,967.6,21.4,88.0,1.4,328.0,5.4,6.0,0.0,,,,,,,,,,,2024-11-14T04:48:00,,,,0,,,,,,,,,,,,,
2024-11-14 06:00:00,968.1,21.1,88.0,0.4,13.0,4.1,53.0,0.0,,,,,,,,,,,2024-11-14T05:17:00,,,,0,,,,,,,,,,,,,
2024-11-14 07:00:00,968.7,21.7,87.0,0.9,2.0,3.4,3.0,0.0,,,,,,,,,,,2024-11-14T06:24:00,,,,0,,,,,,,,,,,,,
2024-11-14 08:00:00,969.5,22.3,89.0,0.2,0.0,4.2,326.0,0.0,,,,,,,,,,,2024-11-14T07:24:00,,,,0,,,,,,,,,,,,,
2024-11-14 09:00:00,970.4,22.2,83.0,2.6,322.0,6.6,34.0,0.0,,,,,,,,,,,2024-11-14T08:55:00,,,,0,,,,,,,,,,,,,
2024-11-14 10:00:00,968.8,23.3,96.0,0.1,0.0,8.8,324.0,0.5,,,,,,,,,,,2024-11-14T09:11:00,,,,0,,,,,,,,,,,,,
2024-11-14 11:00:00,968.4,23.3,89.0,0.8,339.0,5.3,65.0,0.0,,,,,,,,,,,2024-11-14T10:06:00,,,,0,,,,,,,,,,,,,
2024-11-14 12:00:00,968.0,23.3,87.0,0.0,0.0,8.4,323.0,0.0,,,,,,,,,,,2024-11-14T11:13:00,,,,0,,,,,,,,,,,,,
2024-11-14 13:00:00,967.8,22.2,100.0,0.7,311.0,3.6,300.0,0.5,,,,,,,,,,,2024-11-14T12:46:00,,,,0,,,,,,,,,,,,,
2024-11-14 14:00:00,966.9,23.0,100.0,0.9,63.0,4.1,63.0,0.5,,,,,,,,,,,2024-11-14T13:55:00,,,,0,,,,,,,,,,,,,
2024-11-14 15:00:00,966.6,23.3,97.0,0.5,335.0,5.8,330.0,0.0,,,,,,,,,,,2024-11-14T14:54:00,,,,0,,,,,,,,,,,,,
2024-11-14 16:00:00,966.9,21.6,100.0,2.4,310.0,6.7,66.0,1.5,,,,,,,,,,,2024-11-14T15:38:00,,,,0,,,,,,,,,,,,,
2024-11-14 17:00:00,966.6,21.7,100.0,3.7,310.0,6.5,327.0,1.0,,,,,,,,,,,2024-11-14T16:54:00,,,,0,,,,,,,,,,,,,
2024-11-14 18:00:00,967.4,21.8,100.0,0.4,41.0,5.1,317.0,0.5,,,,,,,,,,,2024-11-14T17:04:00,,,,0,,,,,,,,,,,,,
2024-11-14 19:00:00,968.0,21.5,100.0,2.8,314.0,8.0,66.0,0.5,,,,,,,,,,,2024-11-14T18:08:00,,,,0,,,,,,,,,,,,,
2024-11-14 20:00:00,968.0,21.6,100.0,2.3,318.0,5.5,311.0,0.0,,,,,,,,,,,2024-11-14T19:58:00,,,,0,,,,,,,,,,,,,
2024-11-14 21:00:00,968.0,21.6,100.0,2.5,326.0,7.0,284.0,0.0,,,,,,,,,,,2024-11-14T20:39:00,,,,0,,,,,,,,,,,,,
2024-11-14 22:00:00,968.1,21.8,100.0,1.5,343.0,5.4,324.0,0.0,,,,,,,,,,,2024-11-14T21:10:00,,,,0,,,,,,,,,,,,,
2024-11-14 23:00:00,967.9,21.7,100.0,1.4,343.0,5.6,328.0,0.0,,,,,,,,,,,2024-11-14T22:15:00,,,,0,,,,,,,,,,,,,
2024-11-15 00:00:00,967.3,21.7,100.0,0.4,346.0,4.4,32.0,0.0,,,,,,,,,,,2024-11-14T23:58:00,,,,0,,,,,,,,,,,,,
2024-11-15 01:00:00,967.2,21.8,100.0,1.3,354.0,6.2,5.0,0.0,,,,,,,,,,,2024-11-15T00:01:00,,,,0,,,,,,,,,,,,,
2024-11-15 02:00:00,966.7,22.0,98.0,1.9,349.0,5.8,343.0,0.0,,,,,,,,,,,2024-11-15T02:00:00,,,,0,,,,,,,,,,,,,
2024-11-15 03:00:00,966.6,21.8,100.0,0.1,0.0,5.2,348.0,0.0,,,,,,,,,,,2024-11-15T02:03:00,,,,0,,,,,,,,,,,,,
2024-11-15 04:00:00,966.1,21.8,99.0,0.3,345.0,3.9,329.0,0.0,,,,,,,,,,,2024-11-15T03:17:00,,,,0,,,,,,,,,,,,,
2024-11-15 05:00:00,966.2,21.8,98.0,0.0,0.0,4.4,36.0,0.0,,,,,,,,,,,2024-11-15T04:30:00,,,,0,,,,,,,,,,,,,
2024-11-15 06:00:00,966.7,22.1,96.0,0.0,0.0,4.0,302.0,0.0,,,,,,,,,,,2024-11-15T05:38:00,,,,0,,,,,,,,,,,,,
2024-11-15 07:00:00,966.7,22.4,93.0,2.2,308.0,5.2,317.0,0.0,,,,,,,,,,,2024-11-15T07:00:00,,,,0,,,,,,,,,,,,,
2024-11-15 08:00:00,967.4,23.0,91.0,0.5,30.0,5.4,295.0,0.0,,,,,,,,,,,2024-11-15T07:05:00,,,,0,,,,,,,,,,,,,
2024-11-15 09:00:00,967.8,23.4,94.0,0.0,0.0,4.1,43.0,0.0,,,,,,,,,,,2024-11-15T08:13:00,,,,0,,,,,,,,,,,,,
2024-11-15 10:00:00,967.7,22.3,100.0,2.6,316.0,6.3,314.0,1.5,,,,,,,,,,,2024-11-15T09:47:00,,,,0,,,,,,,,,,,,,
2024-11-15 11:00:00,966.7,23.4,100.0,0.9,315.0,4.6,323.0,0.0,,,,,,,,,,,2024-11-15T10:01:00,,,,0,,,,,,,,,,,,,
2024-11-15 12:00:00,965.5,22.2,100.0,2.5,317.0,7.2,331.0,0.5,,,,,,,,,,,2024-11-15T11:48:00,,,,0,,,,,,,,,,,,,
2024-11-15 13:00:00,964.7,22.0,100.0,0.0,0.0,5.1,323.0,0.0,,,,,,,,,,,2024-11-15T12:11:00,,,,0,,,,,,,,,,,,,
2024-11-15 14:00:00,964.2,21.3,100.0,1.7,317.0,7.9,307.0,10.0,,,,,,,,,,,2024-11-15T13:40:00,,,,0,,,,,,,,,,,,,
2024-11-15 15:00:00,963.4,21.2,100.0,1.1,324.0,7.2,311.0,8.0,,,,,,,,,,,2024-11-15T14:11:00,,,,0,,,,,,,,,,,,,
2024-11-15 16:00:00,964.0,21.0,100.0,2.7,314.0,7.7,315.0,20.0,,,,,,,,,,,2024-11-15T15:39:00,,,,0,,,,,,,,,,,,,
2024-11-15 17:00:00,964.0,21.0,100.0,2.9,313.0,6.8,308.0,13.5,,,,,,,,,,,2024-11-15T16:06:00,,,,0,,,,,,,,,,,,,
2024-11-15 18:00:00,964.3,20.9,100.0,2.9,319.0,5.6,59.0,31.5,,,,,,,,,,,2024-11-15T17:07:00,,,,0,,,,,,,,,,,,,
2024-11-15 19:00:00,964.8,21.2,100.0,0.8,328.0,4.8,338.0,2.5,,,,,,,,,,,2024-11-15T18:01:00,,,,0,,,,,,,,,,,,,
2024-11-15 20:00:00,965.4,21.6,100.0,0.1,0.0,5.0,61.0,1.5,,,,,,,,,,,2024-11-15T19:44:00,,,,0,,,,,,,,,,,,,
2024-11-15 21:00:00,965.4,21.1,100.0,0.7,325.0,6.2,321.0,0.5,,,,,,,,,,,2024-11-15T20:26:00,,,,0,,,,,,,,,,,,,
2024-11-15 22:00:00,965.4,21.3,100.0,0.8,16.0,5.8,300.0,2.5,,,,,,,,,,,2024-11-15T21:09:00,,,,0,,,,,,,,,,,,,
2024-11-15 23:00:00,964.7,21.0,100.0,0.4,9.0,5.2,9.0,16.0,,,,,,,,,,,2024-11-15T22:08:00,,,,0,,,,,,,,,,,,,
2024-11-16 00:00:00,964.7,21.0,100.0,0.1,0.0,4.8,37.0,7.0,,,,,,,,,,,2024-11-15T23:06:00,,,,0,,,,,,,,,,,,,
2024-11-16 01:00:00,964.2,20.9,100.0,1.4,331.0,5.1,255.0,5.5,,,,,,,,,,,2024-11-16T00:17:00,,,,0,,,,,,,,,,,,,
2024-11-16 02:00:00,963.9,21.1,100.0,2.5,316.0,4.1,301.0,1.0,,,,,,,,,,,2024-11-16T01:42:00,,,,0,,,,,,,,,,,,,
2024-11-16 03:00:00,963.6,21.8,100.0,1.4,287.0,3.4,337.0,6.5,,,,,,,,,,,2024-11-16T02:17:00,,,,0,,,,,,,,,,,,,
2024-11-16 04:00:00,963.5,22.2,100.0,1.0,198.0,4.8,272.0,14.0,,,,,,,,,,,2024-11-16T03:41:00,,,,0,,,,,,,,,,,,,
2024-11-16 05:00:00,963.5,22.6,100.0,0.1,0.0,3.7,242.0,4.5,,,,,,,,,,,2024-11-16T04:50:00,,,,0,,,,,,,,,,,,,
2024-11-16 06:00:00,964.2,22.7,100.0,0.2,0.0,5.2,133.0,1.0,,,,,,,,,,,2024-11-16T05:33:00,,,,0,,,,,,,,,,,,,
2024-11-16 07:00:00,964.7,22.9,100.0,0.0,0.0,2.1,185.0,0.0,,,,,,,,,,,2024-11-16T06:05:00,,,,0,,,,,,,,,,,,,
2024-11-16 08:00:00,964.8,22.4,100.0,0.0,0.0,1.9,59.0,0.0,,,,,,,,,,,2024-11-16T07:07:00,,,,0,,,,,,,,,,,,,
2024-11-16 09:00:00,965.4,21.9,100.0,0.0,0.0,2.8,307.0,0.5,,,,,,,,,,,2024-11-16T08:09:00,,,,0,,,,,,,,,,,,,
2024-11-16 10:00:00,965.5,21.8,100.0,0.0,0.0,0.0,0.0,0.0,,,,,,,,,,,2024-11-16T09:05:00,,,,0,,,,,,,,,,,,,
2024-11-16 11:00:00,965.4,22.4,100.0,0.0,0.0,0.0,0.0,1.5,,,,,,,,,,,2024-11-16T10:05:00,,,,0,,,,,,,,,,,,,
2024-11-16 12:00:00,964.5,22.8,100.0,0.0,0.0,0.0,0.0,1.0,,,,,,,,,,,2024-11-16T11:05:00,,,,0,,,,,,,,,,,,,
2024-11-16 13:00:00,963.5,23.1,100.0,0.1,0.0,1.9,360.0,0.5,,,,,,,,,,,2024-11-16T12:52:00,,,,0,,,,,,,,,,,,,
2024-11-16 14:00:00,963.4,22.6,100.0,0.0,0.0,2.2,37.0,0.0,,,,,,,,,,,2024-11-16T13:38:00,,,,0,,,,,,,,,,,,,
2024-11-16 15:00:00,963.5,22.5,100.0,0.0,0.0,0.0,0.0,0.0,,,,,,,,,,,2024-11-16T14:05:00,,,,0,,,,,,,,,,,,,
2024-11-16 16:00:00,963.5,22.5,100.0,0.0,0.0,1.4,150.0,0.0,,,,,,,,,,,2024-11-16T15:52:00,,,,0,,,,,,,,,,,,,
2024-11-16 17:00:00,964.0,22.7,98.0,0.0,0.0,0.0,0.0,0.0,,,,,,,,,,,2024-11-16T16:05:00,,,,0,,,,,,,,,,,,,
2024-11-16 18:00:00,964.6,22.7,100.0,0.0,0.0,0.0,0.0,0.0,,,,,,,,,,,2024-11-16T17:05:00,,,,0,,,,,,,,,,,,,
2024-11-16 19:00:00,965.3,22.3,100.0,0.0,0.0,1.8,43.0,0.0,,,,,,,,,,,2024-11-16T18:27:00,,,,0,,,,,,,,,,,,,
2024-11-16 20:00:00,965.7,22.3,100.0,0.0,0.0,3.0,53.0,1.0,,,,,,,,,,,2024-11-16T19:29:00,,,,0,,,,,,,,,,,,,
2024-11-16 21:00:00,966.1,22.2,100.0,0.1,0.0,2.2,1.0,2.5,,,,,,,,,,,2024-11-16T21:00:00,,,,0,,,,,,,,,,,,,
2024-11-16 22:00:00,966.2,22.0,100.0,0.0,0.0,4.1,348.0,0.5,,,,,,,,,,,2024-11-16T21:40:00,,,,0,,,,,,,,,,,,,
2024-11-16 23:00:00,966.0,21.9,100.0,0.1,0.0,2.9,38.0,0.0,,,,,,,,,,,2024-11-16T22:46:00,,,,0,,,,,,,,,,,,,
2024-11-17 00:00:00,966.0,21.9,100.0,0.0,0.0,2.7,33.0,5.5,,,,,,,,,,,2024-11-16T23:11:00,,,,0,,,,,,,,,,,,,
2024-11-17 01:00:00,965.9,21.8,100.0,0.1,0.0,3.2,38.0,3.0,,,,,,,,,,,2024-11-17T00:52:00,,,,0,,,,,,,,,,,,,
2024-11-17 02:00:00,965.4,21.2,100.0,0.1,0.0,4.1,321.0,0.0,,,,,,,,,,,2024-11-17T01:47:00,,,,0,,,,,,,,,,,,,
2024-11-17 03:00:00,965.3,21.0,100.0,0.8,341.0,4.4,13.0,0.0,,,,,,,,,,,2024-11-17T02:50:00,,,,0,,,,,,,,,,,,,
2024-11-17 04:00:00,965.5,20.8,100.0,1.1,349.0,5.0,47.0,0.0,,,,,,,,,,,2024-11-17T03:07:00,,,,0,,,,,,,,,,,,,
2024-11-17 05:00:00,966.0,20.9,100.0,0.1,0.0,3.4,46.0,0.0,,,,,,,,,,,2024-11-17T04:30:00,,,,0,,,,,,,,,,,,,
2024-11-17 06:00:00,966.6,20.8,100.0,0.1,0.0,3.3,313.0,0.0,,,,,,,,,,,2024-11-17T05:12:00,,,,0,,,,,,,,,,,,,
2024-11-17 07:00:00,967.9,22.3,100.0,1.1,40.0,4.1,42.0,0.0,,,,,,,,,,,2024-11-17T06:54:00,,,,0,,,,,,,,,,,,,
2024-11-17 08:00:00,968.8,22.5,100.0,0.1,0.0,3.5,16.0,0.0,,,,,,,,,,,2024-11-17T07:03:00,,,,0,,,,,,,,,,,,,
2024-11-17 09:00:00,969.2,26.4,93.0,0.0,0.0,5.8,267.0,0.0,,,,,,,,,,,2024-11-17T08:33:00,,,,0,,,,,,,,,,,,,
2024-11-17 10:00:00,969.1,27.5,88.0,0.1,0.0,4.1,63.0,0.0,,,,,,,,,,,2024-11-17T09:46:00,,,,0,,,,,,,,,,,,,
2024-11-17 11:00:00,968.7,26.3,90.0,0.3,49.0,4.5,71.0,0.0,,,,,,,,,,,2024-11-17T10:03:00,,,,0,,,,,,,,,,,,,
2024-11-17 12:00:00,967.4,28.6,83.0,0.6,69.0,3.8,68.0,0.0,,,,,,,,,,,2024-11-17T11:56:00,,,,0,,,,,,,,,,,,,
2024-11-17 13:00:00,966.8,27.7,83.0,2.1,66.0,6.4,70.0,0.0,,,,,,,,,,,2024-11-17T12:44:00,,,,0,,,,,,,,,,,,,
2024-11-17 14:00:00,966.7,27.6,83.0,1.0,69.0,5.8,56.0,0.0,,,,,,,,,,,2024-11-17T13:03:00,,,,0,,,,,,,,,,,,,
2024-11-17 15:00:00,966.9,26.4,85.0,1.5,71.0,5.7,75.0,0.0,,,,,,,,,,,2024-11-17T14:33:00,,,,0,,,,,,,,,,,,,
2024-11-17 16:00:00,967.4,23.6,97.0,0.3,77.0,4.8,66.0,0.0,,,,,,,,,,,2024-11-17T15:02:00,,,,0,,,,,,,,,,,,,
2024-11-17 17:00:00,968.0,22.9,93.0,0.3,85.0,5.2,49.0,0.0,,,,,,,,,,,2024-11-17T17:00:00,,,,0,,,,,,,,,,,,,
2024-11-17 18:00:00,968.7,22.2,92.0,0.5,84.0,6.5,46.0,0.0,,,,,,,,,,,2024-11-17T17:35:00,,,,0,,,,,,,,,,,,,
2024-11-17 19:00:00,969.5,21.6,94.0,0.2,0.0,6.1,17.0,0.0,,,,,,,,,,,2024-11-17T18:17:00,,,,0,,,,,,,,,,,,,
2024-11-17 20:00:00,969.9,21.3,92.0,0.7,87.0,5.1,50.0,0.0,,,,,,,,,,,2024-11-17T19:58:00,,,,0,,,,,,,,,,,,,
2024-11-17 21:00:00,970.6,21.0,93.0,0.4,77.0,6.6,87.0,0.0,,,,,,,,,,,2024-11-17T20:48:00,,,,0,,,,,,,,,,,,,
2024-11-17 22:00:00,970.6,20.9,93.0,0.6,71.0,5.8,95.0,0.0,,,,,,,,,,,2024-11-17T21:47:00,,,,0,,,,,,,,,,,,,
2024-11-17 23:00:00,971.1,20.9,94.0,0.9,5.0,6.5,23.0,0.0,,,,,,,,,,,2024-11-17T22:53:00,,,,0,,,,,,,,,,,,,
2024-11-18 00:00:00,971.2,20.6,97.0,0.7,24.0,10.0,31.0,0.0,,,,,,,,,,,2024-11-17T23:26:00,,,,0,,,,,,,,,,,,,
2024-11-18 01:00:00,971.0,20.4,97.0,0.6,86.0,5.6,19.0,0.0,,,,,,,,,,,2024-11-18T00:16:00,,,,0,,,,,,,,,,,,,
2024-11-18 02:00:00,970.6,20.6,95.0,0.5,67.0,9.7,23.0,0.0,,,,,,,,,,,2024-11-18T01:35:00,,,,0,,,,,,,,,,,,,
2024-11-18 03:00:00,970.0,20.6,95.0,0.9,77.0,8.1,34.0,0.0,,,,,,,,,,,2024-11-18T02:59:00,,,,0,,,,,,,,,,,,,
2024-11-18 04:00:00,970.2,20.6,96.0,0.4,99.0,4.2,120.0,0.0,,,,,,,,,,,2024-11-18T03:33:00,,,,0,,,,,,,,,,,,,
2024-11-18 05:00:00,970.6,20.5,97.0,0.4,71.0,7.7,44.0,0.0,,,,,,,,,,,2024-11-18T04:17:00,,,,0,,,,,,,,,,,,,
2024-11-18 06:00:00,971.1,20.4,97.0,0.6,83.0,6.5,6.0,0.0,,,,,,,,,,,2024-11-18T05:29:00,,,,0,,,,,,,,,,,,,
2024-11-18 07:00:00,971.8,20.2,94.0,0.6,53.0,6.5,24.0,0.0,,,,,,,,,,,2024-11-18T06:35:00,,,,0,,,,,,,,,,,,,
2024-11-18 08:00:00,972.4,20.3,92.0,1.0,91.0,5.3,76.0,0.0,,,,,,,,,,,2024-11-18T07:13:00,,,,0,,,,,,,,,,,,,
2024-11-18 09:00:00,972.9,20.2,93.0,0.7,49.0,6.1,22.0,0.0,,,,,,,,,,,2024-11-18T08:20:00,,,,0,,,,,,,,,,,,,
2024-11-18 10:00:00,973.6,19.9,92.0,0.8,84.0,5.3,42.0,0.0,,,,,,,,,,,2024-11-18T09:34:00,,,,0,,,,,,,,,,,,,
2024-11-18 11:00:00,973.0,18.8,100.0,1.1,72.0,5.3,349.0,0.5,,,,,,,,,,,2024-11-18T10:20:00,,,,0,,,,,,,,,,,,,
2024-11-18 12:00:00,973.7,18.6,100.0,0.4,91.0,10.3,39.0,0.5,,,,,,,,,,,2024-11-18T11:40:00,,,,0,,,,,,,,,,,,,
2024-11-18 13:00:00,972.3,18.2,100.0,0.9,57.0,5.1,316.0,4.0,,,,,,,,,,,2024-11-18T12:12:00,,,,0,,,,,,,,,,,,,
2024-11-18 14:00:00,971.3,18.0,100.0,0.9,32.0,6.6,30.0,4.0,,,,,,,,,,,2024-11-18T13:27:00,,,,0,,,,,,,,,,,,,
2024-11-18 15:00:00,972.0,17.8,100.0,0.4,46.0,7.5,360.0,0.5,,,,,,,,,,,2024-11-18T14:05:00,,,,0,,,,,,,,,,,,,
2024-11-18 16:00:00,972.3,17.6,100.0,0.4,99.0,6.2,86.0,0.5,,,,,,,,,,,2024-11-18T15:39:00,,,,0,,,,,,,,,,,,,
2024-11-18 17:00:00,972.4,17.4,100.0,0.5,58.0,6.0,13.0,0.5,,,,,,,,,,,2024-11-18T16:37:00,,,,0,,,,,,,,,,,,,
2024-11-18 18:00:00,971.1,17.2,100.0,1.5,46.0,6.9,17.0,0.5,,,,,,,,,,,2024-11-18T17:52:00,,,,0,,,,,,,,,,,,,
2024-11-18 19:00:00,972.4,17.1,100.0,1.1,79.0,12.1,5.0,0.0,,,,,,,,,,,2024-11-18T18:03:00,,,,0,,,,,,,,,,,,,
2024-11-18 20:00:00,973.3,17.2,100.0,0.9,19.0,6.4,75.0,0.0,,,,,,,,,,,2024-11-18T19:03:00,,,,0,,,,,,,,,,,,,
2024-11-18 21:00:00,973.0,17.3,99.0,1.1,89.0,6.9,22.0,0.0,,,,,,,,,,,2024-11-18T20:38:00,,,,0,,,,,,,,,,,,,
2024-11-18 22:00:00,973.7,17.2,100.0,0.9,69.0,12.7,51.0,0.0,,,,,,,,,,,2024-11-18T21:45:00,,,,0,,,,,,,,,,,,,
2024-11-18 23:00:00,974.2,17.4,97.0,1.5,360.0,10.5,350.0,0.0,,,,,,,,,,,2024-11-18T22:48:00,,,,0,,,,,,,,,,,,,
2024-11-19 00:00:00,973.1,17.3,98.0,0.9,65.0,7.4,17.0,0.0,,,,,,,,,,,2024-11-18T23:34:00,,,,0,,,,,,,,,,,,,
2024-11-19 01:00:00,973.2,17.2,97.0,1.1,14.0,7.6,10.0,0.0,,,,,,,,,,,2024-11-19T00:30:00,,,,0,,,,,,,,,,,,,
2024-11-19 02:00:00,973.0,17.3,95.0,0.9,60.0,6.1,316.0,0.0,,,,,,,,,,,2024-11-19T01:33:00,,,,0,,,,,,,,,,,,,
2024-11-19 03:00:00,972.3,17.3,94.0,1.1,45.0,5.3,69.0,0.0,,,,,,,,,,,2024-11-19T02:55:00,,,,0,,,,,,,,,,,,,
2024-11-19 04:00:00,972.5,17.5,93.0,0.9,57.0,6.5,340.0,0.0,,,,,,,,,,,2024-11-19T03:30:00,,,,0,,,,,,,,,,,,,
2024-11-19 05:00:00,973.1,17.6,92.0,0.7,66.0,6.6,87.0,0.0,,,,,,,,,,,2024-11-19T04:59:00,,,,0,,,,,,,,,,,,,
2024-11-19 06:00:00,973.8,17.7,94.0,1.0,19.0,5.9,299.0,0.0,,,,,,,,,,,2024-11-19T05:38:00,,,,0,,,,,,,,,,,,,
2024-11-19 07:00:00,973.7,17.9,94.0,1.1,49.0,6.6,313.0,0.0,,,,,,,,,,,2024-11-19T06:07:00,,,,0,,,,,,,,,,,,,
2024-11-19 08:00:00,974.9,18.2,94.0,0.4,46.0,9.3,12.0,0.0,,,,,,,,,,,2024-11-19T07:07:00,,,,0,,,,,,,,,,,,,
2024-11-19 09:00:00,974.5,19.1,91.0,0.7,57.0,6.7,17.0,0.0,,,,,,,,,,,2024-11-19T08:32:00,,,,0,,,,,,,,,,,,,
2024-11-19 10:00:00,973.8,19.4,91.0,0.6,95.0,7.5,55.0,0.0,,,,,,,,,,,2024-11-19T09:38:00,,,,0,,,,,,,,,,,,,
2024-11-19 11:00:00,973.7,19.6,89.0,0.5,92.0,6.9,39.0,0.0,,,,,,,,,,,2024-11-19T10:32:00,,,,0,,,,,,,,,,,,,
2024-11-19 12:00:00,973.2,19.9,89.0,0.3,58.0,4.3,27.0,0.0,,,,,,,,,,,2024-11-19T11:55:00,,,,0,,,,,,,,,,,,,
2024-11-19 13:00:00,972.0,20.7,87.0,0.5,92.0,4.8,95.0,0.0,,,,,,,,,,,2024-11-19T12:11:00,,,,0,,,,,,,,,,,,,
2024-11-19 14:00:00,971.8,20.7,87.0,0.2,0.0,4.6,68.0,0.0,,,,,,,,,,,2024-11-19T13:13:00,,,,0,,,,,,,,,,,,,
2024-11-19 15:00:00,971.6,20.2,87.0,0.5,81.0,6.5,70.0,0.0,,,,,,,,,,,2024-11-19T14:59:00,,,,0,,,,,,,,,,,,,
2024-11-19 16:00:00,971.8,19.9,90.0,0.7,45.0,5.6,63.0,0.0,,,,,,,,,,,2024-11-19T15:53:00,,,,0,,,,,,,,,,,,,
2024-11-19 17:00:00,971.9,19.2,91.0,0.8,52.0,5.2,19.0,0.0,,,,,,,,,,,2024-11-19T16:41:00,,,,0,,,,,,,,,,,,,
2024-11-19 18:00:00,972.3,19.1,93.0,1.1,39.0,5.4,59.0,0.0,,,,,,,,,,,2024-11-19T17:55:00,,,,0,,,,,,,,,,,,,
2024-11-19 19:00:00,972.5,19.1,93.0,0.8,77.0,8.0,60.0,0.0,,,,,,,,,,,2024-11-19T18:07:00,,,,0,,,,,,,,,,,,,
2024-11-19 20:00:00,973.1,19.1,93.0,0.7,68.0,6.8,40.0,0.0,,,,,,,,,,,2024-11-19T19:42:00,,,,0,,,,,,,,,,,,,
2024-11-19 21:00:00,973.1,19.0,94.0,0.8,44.0,5.9,29.0,0.0,,,,,,,,,,,2024-11-19T20:23:00,,,,0,,,,,,,,,,,,,
2024-11-19 22:00:00,973.1,18.9,94.0,0.8,78.0,5.0,49.0,0.0,,,,,,,,,,,2024-11-19T21:48:00,,,,0,,,,,,,,,,,,,
2024-11-19 23:00:00,973.1,18.7,96.0,0.3,79.0,3.6,75.0,0.0,,,,,,,,,,,2024-11-19T22:11:00,,,,0,,,,,,,,,,,,,
2024-11-20 00:00:00,971.8,18.8,94.0,0.6,85.0,7.2,49.0,0.0,,,,,,,,,,,2024-11-19T23:41:00,,,,0,,,,,,,,,,,,,
2024-11-20 01:00:00,971.9,18.8,95.0,0.3,70.0,4.8,10.0,0.0,,,,,,,,,,,2024-11-20T00:36:00,,,,0,,,,,,,,,,,,,
2024-11-20 02:00:00,971.8,18.6,97.0,0.4,355.0,6.4,22.0,0.0,,,,,,,,,,,2024-11-20T01:10:00,,,,0,,,,,,,,,,,,,
2024-11-20 03:00:00,971.2,19.0,94.0,0.5,27.0,4.0,319.0,0.0,,,,,,,,,,,2024-11-20T02:46:00,,,,0,,,,,,,,,,,,,
2024-11-20 04:00:00,970.7,18.9,95.0,0.3,25.0,4.7,324.0,0.0,,,,,,,,,,,2024-11-20T03:46:00,,,,0,,,,,,,,,,,,,
2024-11-20 05:00:00,971.1,19.0,94.0,0.4,69.0,5.2,64.0,0.0,,,,,,,,,,,2024-11-20T04:19:00,,,,0,,,,,,,,,,,,,
2024-11-20 06:00:00,971.3,18.9,96.0,0.3,29.0,3.1,1.0,0.0,,,,,,,,,,,2024-11-20T05:32:00,,,,0,,,,,,,,,,,,,
2024-11-20 07:00:00,971.8,19.3,94.0,0.4,54.0,6.4,7.0,0.0,,,,,,,,,,,2024-11-20T06:22:00,,,,0,,,,,,,,,,,,,
2024-11-20 08:00:00,972.5,19.7,96.0,0.4,47.0,4.6,72.0,0.0,,,,,,,,,,,2024-11-20T07:10:00,,,,0,,,,,,,,,,,,,
2024-11-20 09:00:00,972.5,21.7,88.0,0.5,5.0,6.4,13.0,0.0,,,,,,,,,,,2024-11-20T08:59:00,,,,0,,,,,,,,,,,,,
2024-11-20 10:00:00,972.4,24.1,80.0,0.4,68.0,5.1,19.0,0.0,,,,,,,,,,,2024-11-20T09:28:00,,,,0,,,,,,,,,,,,,
2024-11-20 11:00:00,971.8,26.2,76.0,0.2,0.0,5.1,30.0,0.0,,,,,,,,,,,2024-11-20T10:21:00,,,,0,,,,,,,,,,,,,
2024-11-20 12:00:00,971.1,27.3,75.0,0.4,67.0,3.2,57.0,0.0,,,,,,,,,,,2024-11-20T11:42:00,,,,0,,,,,,,,,,,,,
2024-11-20 13:00:00,969.9,26.9,79.0,1.4,60.0,5.6,62.0,0.0,,,,,,,,,,,2024-11-20T12:24:00,,,,0,,,,,,,,,,,,,
2024-11-20 14:00:00,969.6,24.2,86.0,0.1,0.0,5.6,67.0,0.0,,,,,,,,,,,2024-11-20T13:07:00,,,,0,,,,,,,,,,,,,
2024-11-20 15:00:00,969.2,24.5,85.0,0.0,0.0,3.1,63.0,0.0,,,,,,,,,,,2024-11-20T14:55:00,,,,0,,,,,,,,,,,,,
2024-11-20 16:00:00,969.3,22.8,86.0,0.2,0.0,4.2,49.0,0.0,,,,,,,,,,,2024-11-20T15:48:00,,,,0,,,,,,,,,,,,,
2024-11-20 17:00:00,969.5,21.7,89.0,0.4,32.0,5.8,28.0,0.0,,,,,,,,,,,2024-11-20T16:35:00,,,,0,,,,,,,,,,,,,
2024-11-20 18:00:00,970.0,21.0,92.0,0.4,110.0,3.7,66.0,0.0,,,,,,,,,,,2024-11-20T17:30:00,,,,0,,,,,,,,,,,,,
2024-11-20 19:00:00,970.1,20.6,94.0,0.7,102.0,4.4,8.0,0.0,,,,,,,,,,,2024-11-20T18:02:00,,,,0,,,,,,,,,,,,,
2024-11-20 20:00:00,970.5,20.3,95.0,0.4,32.0,5.5,83.0,0.0,,,,,,,,,,,2024-11-20T19:19:00,,,,0,,,,,,,,,,,,,
2024-11-20 21:00:00,970.7,20.3,97.0,0.5,82.0,4.8,357.0,0.0,,,,,,,,,,,2024-11-20T20:45:00,,,,0,,,,,,,,,,,,,
2024-11-20 22:00:00,971.2,20.3,96.0,0.5,69.0,4.5,321.0,0.0,,,,,,,,,,,2024-11-20T21:37:00,,,,0,,,,,,,,,,,,,
2024-11-20 23:00:00,971.1,20.2,97.0,0.2,0.0,4.0,49.0,0.0,,,,,,,,,,,2024-11-20T22:05:00,,,,0,,,,,,,,,,,,,
2024-11-21 00:00:00,970.3,20.0,98.0,0.6,10.0,4.8,322.0,0.0,,,,,,,,,,,2024-11-20T23:11:00,,,,0,,,,,,,,,,,,,
2024-11-21 01:00:00,969.4,20.0,98.0,0.6,32.0,4.0,30.0,0.0,,,,,,,,,,,2024-11-21T00:32:00,,,,0,,,,,,,,,,,,,
2024-11-21 02:00:00,969.1,19.7,98.0,0.7,38.0,5.9,352.0,0.0,,,,,,,,,,,2024-11-21T01:03:00,,,,0,,,,,,,,,,,,,
2024-11-21 03:00:00,968.7,19.4,100.0,0.5,57.0,6.0,71.0,0.0,,,,,,,,,,,2024-11-21T02:47:00,,,,0,,,,,,,,,,,,,
2024-11-21 04:00:00,968.6,19.4,100.0,0.3,55.0,3.3,30.0,0.0,,,,,,,,,,,2024-11-21T03:51:00,,,,0,,,,,,,,,,,,,
2024-11-21 05:00:00,968.6,19.4,100.0,0.5,44.0,8.2,32.0,0.0,,,,,,,,,,,2024-11-21T04:40:00,,,,0,,,,,,,,,,,,,
2024-11-21 06:00:00,969.2,19.3,100.0,0.5,32.0,4.9,3.0,0.0,,,,,,,,,,,2024-11-21T05:41:00,,,,0,,,,,,,,,,,,,
2024-11-21 07:00:00,969.8,19.9,100.0,0.4,46.0,5.0,354.0,0.0,,,,,,,,,,,2024-11-21T06:49:00,,,,0,,,,,,,,,,,,,
2024-11-21 08:00:00,970.4,20.9,96.0,0.8,24.0,5.6,27.0,0.0,,,,,,,,,,,2024-11-21T07:52:00,,,,0,,,,,,,,,,,,,
2024-11-21 09:00:00,970.8,22.5,90.0,0.6,9.0,5.0,38.0,0.0,,,,,,,,,,,2024-11-21T08:50:00,,,,0,,,,,,,,,,,,,
2024-11-21 10:00:00,970.5,25.3,82.0,0.6,73.0,4.5,21.0,0.0,,,,,,,,,,,2024-11-21T09:44:00,,,,0,,,,,,,,,,,,,
2024-11-21 11:00:00,969.9,27.7,69.0,0.1,0.0,4.0,30.0,0.0,,,,,,,,,,,2024-11-21T10:15:00,,,,0,,,,,,,,,,,,,
2024-11-21 12:00:00,969.2,28.0,71.0,0.0,0.0,4.6,44.0,0.0,,,,,,,,,,,2024-11-21T11:43:00,,,,0,,,,,,,,,,,,,
2024-11-21 13:00:00,968.0,26.5,81.0,0.2,0.0,3.3,58.0,0.0,,,,,,,,,,,2024-11-21T12:20:00,,,,0,,,,,,,,,,,,,
2024-11-21 14:00:00,968.0,26.2,81.0,0.2,0.0,4.4,41.0,0.0,,,,,,,,,,,2024-11-21T13:38:00,,,,0,,,,,,,,,,,,,
2024-11-21 15:00:00,967.9,22.8,85.0,0.4,83.0,5.8,26.0,0.0,,,,,,,,,,,2024-11-21T14:15:00,,,,0,,,,,,,,,,,,,
2024-11-21 16:00:00,968.0,21.9,85.0,0.7,86.0,4.8,59.0,0.0,,,,,,,,,,,2024-11-21T15:40:00,,,,0,,,,,,,,,,,,,
2024-11-21 17:00:00,968.6,20.7,85.0,0.7,107.0,5.9,358.0,0.0,,,,,,,,,,,2024-11-21T16:21:00,,,,0,,,,,,,,,,,,,
2024-11-21 18:00:00,969.8,20.3,87.0,0.6,9.0,9.0,48.0,0.0,,,,,,,,,,,2024-11-21T17:49:00,,,,0,,,,,,,,,,,,,
2024-11-21 19:00:00,970.1,19.8,89.0,1.2,25.0,10.1,357.0,0.0,,,,,,,,,,,2024-11-21T18:30:00,,,,0,,,,,,,,,,,,,
2024-11-21 20:00:00,970.6,19.4,89.0,1.3,51.0,9.0,8.0,0.0,,,,,,,,,,,2024-11-21T19:18:00,,,,0,,,,,,,,,,,,,
2024-11-21 21:00:00,970.7,19.2,90.0,1.1,42.0,7.4,353.0,0.0,,,,,,,,,,,2024-11-21T20:07:00,,,,0,,,,,,,,,,,,,
2024-11-21 22:00:00,971.1,19.0,90.0,0.9,26.0,8.6,27.0,0.0,,,,,,,,,,,2024-11-21T21:19:00,,,,0,,,,,,,,,,,,,
2024-11-21 23:00:00,971.0,18.8,92.0,0.7,49.0,6.6,36.0,0.0,,,,,,,,,,,2024-11-21T22:10:00,,,,0,,,,,,,,,,,,,
2024-11-22 00:00:00,970.5,18.5,94.0,0.5,67.0,6.0,49.0,0.0,,,,,,,,,,,2024-11-21T23:07:00,,,,0,,,,,,,,,,,,,
2024-11-22 01:00:00,969.9,18.4,94.0,1.0,42.0,7.5,7.0,0.0,,,,,,,,,,,2024-11-22T00:50:00,,,,0,,,,,,,,,,,,,
2024-11-22 02:00:00,969.6,18.2,91.0,0.9,58.0,6.0,47.0,0.0,,,,,,,,,,,2024-11-22T01:52:00,,,,0,,,,,,,,,,,,,
2024-11-22 03:00:00,969.3,18.0,94.0,0.8,47.0,5.9,51.0,0.0,,,,,,,,,,,2024-11-22T02:11:00,,,,0,,,,,,,,,,,,,
2024-11-22 04:00:00,969.4,18.0,96.0,0.9,41.0,5.0,51.0,0.0,,,,,,,,,,,2024-11-22T03:50:00,,,,0,,,,,,,,,,,,,
2024-11-22 05:00:00,969.8,18.0,97.0,0.7,20.0,7.5,29.0,0.0,,,,,,,,,,,2024-11-22T04:20:00,,,,0,,,,,,,,,,,,,
2024-11-22 06:00:00,970.5,18.2,95.0,2.0,345.0,10.0,305.0,0.0,,,,,,,,,,,2024-11-22T05:43:00,,,,0,,,,,,,,,,,,,
2024-11-22 07:00:00,970.8,18.4,93.0,0.9,25.0,6.8,8.0,0.0,,,,,,,,,,,2024-11-22T06:26:00,,,,0,,,,,,,,,,,,,
2024-11-22 08:00:00,971.2,20.3,87.0,0.7,57.0,6.2,40.0,0.0,,,,,,,,,,,2024-11-22T07:15:00,,,,0,,,,,,,,,,,,,
2024-11-22 09:00:00,971.8,24.5,73.0,0.7,66.0,6.5,37.0,0.0,,,,,,,,,,,2024-11-22T08:54:00,,,,0,,,,,,,,,,,,,
2024-11-22 10:00:00,971.8,23.9,75.0,0.7,79.0,6.5,46.0,0.0,,,,,,,,,,,2024-11-22T09:15:00,,,,0,,,,,,,,,,,,,
2024-11-22 11:00:00,971.2,26.6,67.0,0.4,89.0,5.7,37.0,0.0,,,,,,,,,,,2024-11-22T10:37:00,,,,0,,,,,,,,,,,,,
2024-11-22 12:00:00,970.6,26.8,69.0,0.1,0.0,4.3,339.0,0.0,,,,,,,,,,,2024-11-22T11:07:00,,,,0,,,,,,,,,,,,,
2024-11-22 13:00:00,969.9,25.4,77.0,0.1,0.0,4.9,63.0,0.0,,,,,,,,,,,2024-11-22T12:02:00,,,,0,,,,,,,,,,,,,
2024-11-22 14:00:00,969.8,25.7,71.0,0.2,0.0,4.8,16.0,0.0,,,,,,,,,,,2024-11-22T13:35:00,,,,0,,,,,,,,,,,,,
2024-11-22 15:00:00,969.7,23.2,76.0,0.6,82.0,4.5,47.0,0.0,,,,,,,,,,,2024-11-22T14:25:00,,,,0,,,,,,,,,,,,,
2024-11-22 16:00:00,969.9,20.9,83.0,0.6,98.0,4.5,24.0,0.0,,,,,,,,,,,2024-11-22T15:41:00,,,,0,,,,,,,,,,,,,
2024-11-22 17:00:00,970.6,19.8,86.0,0.7,52.0,7.2,360.0,0.0,,,,,,,,,,,2024-11-22T16:15:00,,,,0,,,,,,,,,,,,,
2024-11-22 18:00:00,971.1,19.1,90.0,0.7,52.0,4.9,15.0,0.0,,,,,,,,,,,2024-11-22T17:51:00,,,,0,,,,,,,,,,,,,
2024-11-22 19:00:00,971.6,18.8,90.0,1.1,44.0,6.5,58.0,0.0,,,,,,,,,,,2024-11-22T18:51:00,,,,0,,,,,,,,,,,,,
2024-11-22 20:00:00,971.9,18.7,89.0,0.8,27.0,8.7,34.0,0.0,,,,,,,,,,,2024-11-22T19:39:00,,,,0,,,,,,,,,,,,,
2024-11-22 21:00:00,972.5,18.7,91.0,0.7,18.0,5.2,47.0,0.0,,,,,,,,,,,2024-11-22T20:32:00,,,,0,,,,,,,,,,,,,
2024-11-22 22:00:00,972.5,18.7,90.0,0.7,22.0,7.3,34.0,0.0,,,,,,,,,,,2024-11-22T21:02:00,,,,0,,,,,,,,,,,,,
2024-11-22 23:00:00,972.6,18.4,92.0,0.3,12.0,6.5,51.0,0.0,,,,,,,,,,,2024-11-22T22:32:00,,,,0,,,,,,,,,,,,,
2024-11-23 00:00:00,972.4,17.9,97.0,0.8,49.0,7.9,6.0,0.0,,,,,,,,,,,2024-11-22T23:29:00,,,,0,,,,,,,,,,,,,
2024-11-23 01:00:00,971.9,18.1,95.0,0.5,24.0,5.3,9.0,0.0,,,,,,,,,,,2024-11-23T00:21:00,,,,0,,,,,,,,,,,,,
2024-11-23 02:00:00,971.5,18.0,93.0,1.0,31.0,7.9,57.0,0.0,,,,,,,,,,,2024-11-23T01:38:00,,,,0,,,,,,,,,,,,,
2024-11-23 03:00:00,971.7,17.8,94.0,1.0,39.0,8.0,344.0,0.0,,,,,,,,,,,2024-11-23T02:17:00,,,,0,,,,,,,,,,,,,
2024-11-23 04:00:00,971.7,17.6,93.0,0.9,43.0,7.6,13.0,0.0,,,,,,,,,,,2024-11-23T03:39:00,,,,0,,,,,,,,,,,,,
2024-11-23 05:00:00,972.3,17.6,90.0,0.7,31.0,8.7,329.0,0.0,,,,,,,,,,,2024-11-23T04:30:00,,,,0,,,,,,,,,,,,,
2024-11-23 06:00:00,973.0,17.7,90.0,0.5,28.0,8.1,321.0,0.0,,,,,,,,,,,2024-11-23T05:49:00,,,,0,,,,,,,,,,,,,
2024-11-23 07:00:00,973.2,18.3,88.0,0.7,5.0,4.6,3.0,0.0,,,,,,,,,,,2024-11-23T06:04:00,,,,0,,,,,,,,,,,,,
2024-11-23 08:00:00,974.2,19.0,86.0,0.8,32.0,7.5,10.0,0.0,,,,,,,,,,,2024-11-23T07:54:00,,,,0,,,,,,,,,,,,,
2024-11-23 09:00:00,974.3,19.6,85.0,0.7,27.0,4.7,97.0,0.0,,,,,,,,,,,2024-11-23T08:55:00,,,,0,,,,,,,,,,,,,
2024-11-23 10:00:00,974.3,19.8,86.0,0.7,88.0,4.8,317.0,0.0,,,,,,,,,,,2024-11-23T09:18:00,,,,0,,,,,,,,,,,,,
2024-11-23 11:00:00,973.7,19.9,84.0,0.8,103.0,6.3,34.0,0.0,,,,,,,,,,,2024-11-23T10:35:00,,,,0,,,,,,,,,,,,,
2024-11-23 12:00:00,973.6,20.8,84.0,0.4,60.0,7.7,353.0,0.0,,,,,,,,,,,2024-11-23T11:14:00,,,,0,,,,,,,,,,,,,
2024-11-23 13:00:00,972.5,22.2,78.0,0.4,55.0,4.4,10.0,0.0,,,,,,,,,,,2024-11-23T12:35:00,,,,0,,,,,,,,,,,,,
2024-11-23 14:00:00,972.4,22.0,80.0,0.2,0.0,5.3,350.0,0.0,,,,,,,,,,,2024-11-23T13:01:00,,,,0,,,,,,,,,,,,,
2024-11-23 15:00:00,972.3,20.1,84.0,0.3,118.0,4.1,334.0,0.0,,,,,,,,,,,2024-11-23T14:31:00,,,,0,,,,,,,,,,,,,
2024-11-23 16:00:00,972.4,19.4,88.0,0.6,72.0,4.0,63.0,0.0,,,,,,,,,,,2024-11-23T15:44:00,,,,0,,,,,,,,,,,,,
2024-11-23 17:00:00,972.6,18.5,89.0,0.7,67.0,4.4,82.0,0.0,,,,,,,,,,,2024-11-23T16:44:00,,,,0,,,,,,,,,,,,,
2024-11-23 18:00:00,973.1,18.3,88.0,0.7,26.0,6.9,322.0,0.0,,,,,,,,,,,2024-11-23T17:24:00,,,,0,,,,,,,,,,,,,
2024-11-23 19:00:00,973.7,18.2,91.0,1.0,25.0,6.3,30.0,0.0,,,,,,,,,,,2024-11-23T18:55:00,,,,0,,,,,,,,,,,,,
2024-11-23 20:00:00,974.3,18.2,90.0,0.5,31.0,5.6,357.0,0.0,,,,,,,,,,,2024-11-23T19:08:00,,,,0,,,,,,,,,,,,,
2024-11-23 21:00:00,974.5,18.0,91.0,0.6,31.0,5.4,2.0,0.0,,,,,,,,,,,2024-11-23T20:18:00,,,,0,,,,,,,,,,,,,
2024-11-23 22:00:00,974.9,17.9,93.0,0.7,82.0,3.9,53.0,0.0,,,,,,,,,,,2024-11-23T21:58:00,,,,0,,,,,,,,,,,,,
2024-11-23 23:00:00,974.4,17.8,94.0,0.6,77.0,5.6,31.0,0.0,,,,,,,,,,,2024-11-23T22:53:00,,,,0,,,,,,,,,,,,,
2024-11-24 00:00:00,974.3,17.7,93.0,0.4,324.0,5.5,42.0,0.0,,,,,,,,,,,2024-11-23T23:21:00,,,,0,,,,,,,,,,,,,
2024-11-24 01:00:00,973.7,17.7,92.0,0.5,57.0,4.3,52.0,0.0,,,,,,,,,,,2024-11-24T00:07:00,,,,0,,,,,,,,,,,,,
2024-11-24 02:00:00,973.1,17.8,91.0,0.5,50.0,3.7,11.0,0.0,,,,,,,,,,,2024-11-24T01:38:00,,,,0,,,,,,,,,,,,,
2024-11-24 03:00:00,973.1,17.8,91.0,0.7,28.0,5.6,360.0,0.0,,,,,,,,,,,2024-11-24T02:46:00,,,,0,,,,,,,,,,,,,
2024-11-24 04:00:00,973.0,17.6,92.0,1.3,27.0,6.9,33.0,0.0,,,,,,,,,,,2024-11-24T04:00:00,,,,0,,,,,,,,,,,,,
2024-11-24 05:00:00,973.7,17.5,91.0,0.5,63.0,4.1,61.0,0.0,,,,,,,,,,,2024-11-24T04:01:00,,,,0,,,,,,,,,,,,,
2024-11-24 06:00:00,974.3,17.8,91.0,0.6,67.0,4.3,25.0,0.0,,,,,,,,,,,2024-11-24T05:50:00,,,,0,,,,,,,,,,,,,
2024-11-24 07:00:00,974.6,17.9,90.0,0.7,55.0,4.2,29.0,0.0,,,,,,,,,,,2024-11-24T06:26:00,,,,0,,,,,,,,,,,,,
2024-11-24 08:00:00,974.9,18.8,89.0,0.5,54.0,5.7,25.0,0.0,,,,,,,,,,,2024-11-24T07:07:00,,,,0,,,,,,,,,,,,,
2024-11-24 09:00:00,975.5,20.3,85.0,0.2,0.0,3.9,71.0,0.0,,,,,,,,,,,2024-11-24T08:46:00,,,,0,,,,,,,,,,,,,
2024-11-24 10:00:00,975.1,22.2,77.0,0.3,72.0,3.7,63.0,0.0,,,,,,,,,,,2024-11-24T10:00:00,,,,0,,,,,,,,,,,,,
2024-11-24 11:00:00,974.9,24.1,72.0,0.2,0.0,3.8,75.0,0.0,,,,,,,,,,,2024-11-24T10:22:00,,,,0,,,,,,,,,,,,,
2024-11-24 12:00:00,973.7,26.4,67.0,1.0,73.0,4.2,54.0,0.0,,,,,,,,,,,2024-11-24T11:58:00,,,,0,,,,,,,,,,,,,
2024-11-24 13:00:00,972.9,26.6,71.0,1.1,79.0,5.3,75.0,0.0,,,,,,,,,,,2024-11-24T12:47:00,,,,0,,,,,,,,,,,,,
2024-11-24 14:00:00,972.4,24.0,78.0,2.1,62.0,6.2,61.0,0.0,,,,,,,,,,,2024-11-24T13:59:00,,,,0,,,,,,,,,,,,,
2024-11-24 15:00:00,972.4,25.2,74.0,1.8,62.0,7.1,58.0,0.0,,,,,,,,,,,2024-11-24T14:24:00,,,,0,,,,,,,,,,,,,
2024-11-24 16:00:00,972.7,22.5,89.0,1.1,53.0,9.2,50.0,0.0,,,,,,,,,,,2024-11-24T15:14:00,,,,0,,,,,,,,,,,,,
2024-11-24 17:00:00,973.1,20.2,96.0,2.1,63.0,4.7,60.0,0.0,,,,,,,,,,,2024-11-24T16:49:00,,,,0,,,,,,,,,,,,,
2024-11-24 18:00:00,973.8,20.0,94.0,0.0,0.0,4.0,66.0,0.0,,,,,,,,,,,2024-11-24T17:01:00,,,,0,,,,,,,,,,,,,
2024-11-24 19:00:00,974.3,19.7,93.0,0.4,88.0,3.6,26.0,0.0,,,,,,,,,,,2024-11-24T18:49:00,,,,0,,,,,,,,,,,,,
2024-11-24 20:00:00,974.3,19.3,97.0,1.8,309.0,4.8,309.0,0.0,,,,,,,,,,,2024-11-24T19:54:00,,,,0,,,,,,,,,,,,,
2024-11-24 21:00:00,974.3,19.1,94.0,0.3,103.0,4.8,28.0,0.0,,,,,,,,,,,2024-11-24T20:06:00,,,,0,,,,,,,,,,,,,
2024-11-24 22:00:00,974.2,18.6,98.0,0.6,18.0,4.7,6.0,0.0,,,,,,,,,,,2024-11-24T21:15:00,,,,0,,,,,,,,,,,,,
2024-11-24 23:00:00,973.9,18.9,96.0,0.2,0.0,2.6,8.0,0.0,,,,,,,,,,,2024-11-24T22:21:00,,,,0,,,,,,,,,,,,,
2024-11-25 00:00:00,973.8,19.0,96.0,0.5,5.0,5.4,319.0,0.0,,,,,,,,,,,2024-11-24T23:31:00,,,,0,,,,,,,,,,,,,
2024-11-25 01:00:00,973.7,18.5,98.0,0.1,0.0,2.9,31.0,0.0,,,,,,,,,,,2024-11-25T00:04:00,,,,0,,,,,,,,,,,,,
2024-11-25 02:00:00,973.1,18.6,100.0,0.5,27.0,3.8,7.0,0.0,,,,,,,,,,,2024-11-25T01:44:00,,,,0,,,,,,,,,,,,,
2024-11-25 03:00:00,972.8,18.4,100.0,0.3,35.0,3.8,58.0,0.0,,,,,,,,,,,2024-11-25T02:59:00,,,,0,,,,,,,,,,,,,
2024-11-25 04:00:00,972.5,18.5,100.0,0.7,338.0,4.3,341.0,0.0,,,,,,,,,,,2024-11-25T04:00:00,,,,0,,,,,,,,,,,,,
2024-11-25 05:00:00,973.1,18.7,99.0,0.4,56.0,6.9,10.0,0.0,,,,,,,,,,,2024-11-25T04:24:00,,,,0,,,,,,,,,,,,,
2024-11-25 06:00:00,973.7,18.3,100.0,1.3,317.0,4.8,53.0,0.0,,,,,,,,,,,2024-11-25T05:04:00,,,,0,,,,,,,,,,,,,
2024-11-25 07:00:00,973.8,18.4,100.0,2.6,319.0,7.3,325.0,0.5,,,,,,,,,,,2024-11-25T06:33:00,,,,0,,,,,,,,,,,,,
2024-11-25 08:00:00,974.3,19.1,100.0,0.4,349.0,4.9,317.0,0.0,,,,,,,,,,,2024-11-25T07:13:00,,,,0,,,,,,,,,,,,,
2024-11-25 09:00:00,974.6,19.6,99.0,0.6,22.0,3.1,46.0,0.0,,,,,,,,,,,2024-11-25T08:55:00,,,,0,,,,,,,,,,,,,
2024-11-25 10:00:00,974.3,20.3,90.0,3.1,303.0,5.6,310.0,0.0,,,,,,,,,,,2024-11-25T09:56:00,,,,0,,,,,,,,,,,,,
2024-11-25 11:00:00,973.6,24.6,77.0,0.2,0.0,4.6,316.0,0.0,,,,,,,,,,,2024-11-25T10:08:00,,,,0,,,,,,,,,,,,,
2024-11-25 12:00:00,972.4,26.1,68.0,0.0,0.0,2.5,316.0,0.0,,,,,,,,,,,2024-11-25T11:13:00,,,,0,,,,,,,,,,,,,
2024-11-25 13:00:00,971.1,27.3,69.0,0.8,73.0,4.0,51.0,0.0,,,,,,,,,,,2024-11-25T13:00:00,,,,0,,,,,,,,,,,,,
2024-11-25 14:00:00,970.5,27.1,68.0,0.8,56.0,5.2,59.0,0.0,,,,,,,,,,,2024-11-25T13:40:00,,,,0,,,,,,,,,,,,,
2024-11-25 15:00:00,970.5,26.0,67.0,0.0,0.0,4.5,60.0,0.0,,,,,,,,,,,2024-11-25T14:03:00,,,,0,,,,,,,,,,,,,
2024-11-25 16:00:00,970.5,22.7,80.0,2.9,64.0,4.8,68.0,0.0,,,,,,,,,,,2024-11-25T15:54:00,,,,0,,,,,,,,,,,,,
2024-11-25 17:00:00,970.7,21.0,87.0,2.3,60.0,4.7,52.0,0.0,,,,,,,,,,,2024-11-25T16:12:00,,,,0,,,,,,,,,,,,,
2024-11-25 18:00:00,971.2,20.7,86.0,1.2,303.0,6.1,45.0,0.0,,,,,,,,,,,2024-11-25T17:17:00,,,,0,,,,,,,,,,,,,
2024-11-25 19:00:00,971.8,21.8,74.0,1.5,103.0,1.8,274.0,0.0,,,,,,,,,,,2024-11-25T18:10:00,,,,0,,,,,,,,,,,,,
2024-11-25 20:00:00,972.0,20.6,82.0,1.1,45.0,3.2,58.0,0.0,,,,,,,,,,,2024-11-25T19:38:00,,,,0,,,,,,,,,,,,,
2024-11-25 21:00:00,971.8,20.6,83.0,1.8,39.0,3.3,36.0,0.0,,,,,,,,,,,2024-11-25T20:11:00,,,,0,,,,,,,,,,,,,
2024-11-25 22:00:00,971.8,20.3,83.0,1.5,310.0,2.7,41.0,0.0,,,,,,,,,,,2024-11-25T21:10:00,,,,0,,,,,,,,,,,,,
2024-11-25 23:00:00,971.6,19.6,77.0,1.5,321.0,2.4,320.0,0.0,,,,,,,,,,,2024-11-25T22:54:00,,,,0,,,,,,,,,,,,,
2024-11-26 00:00:00,971.2,19.2,79.0,1.5,348.0,3.6,330.0,0.0,,,,,,,,,,,2024-11-25T23:30:00,,,,0,,,,,,,,,,,,,
2024-11-26 01:00:00,970.5,19.2,75.0,1.9,311.0,3.3,1.0,0.0,,,,,,,,,,,2024-11-26T00:05:00,,,,0,,,,,,,,,,,,,
2024-11-26 02:00:00,970.3,19.1,70.0,2.5,313.0,3.5,321.0,0.0,,,,,,,,,,,2024-11-26T01:51:00,,,,0,,,,,,,,,,,,,
2024-11-26 03:00:00,969.9,19.2,69.0,1.8,321.0,4.5,312.0,0.0,,,,,,,,,,,2024-11-26T02:49:00,,,,0,,,,,,,,,,,,,
2024-11-26 04:00:00,969.9,18.9,70.0,0.0,0.0,4.1,316.0,0.0,,,,,,,,,,,2024-11-26T03:27:00,,,,0,,,,,,,,,,,,,
2024-11-26 05:00:00,970.1,19.0,66.0,2.1,319.0,4.1,333.0,0.0,,,,,,,,,,,2024-11-26T04:56:00,,,,0,,,,,,,,,,,,,
2024-11-26 06:00:00,970.6,18.9,70.0,1.5,344.0,4.5,320.0,0.0,,,,,,,,,,,2024-11-26T05:31:00,,,,0,,,,,,,,,,,,,
2024-11-26 07:00:00,971.7,19.1,70.0,1.8,359.0,5.0,336.0,0.0,,,,,,,,,,,2024-11-26T06:18:00,,,,0,,,,,,,,,,,,,
2024-11-26 08:00:00,972.4,21.3,67.0,0.6,21.0,3.1,10.0,0.0,,,,,,,,,,,2024-11-26T07:07:00,,,,0,,,,,,,,,,,,,
2024-11-26 09:00:00,972.7,23.1,70.0,0.8,32.0,4.0,2.0,0.0,,,,,,,,,,,2024-11-26T08:52:00,,,,0,,,,,,,,,,,,,
2024-11-26 10:00:00,972.4,25.3,62.0,0.2,0.0,4.2,34.0,0.0,,,,,,,,,,,2024-11-26T09:03:00,,,,0,,,,,,,,,,,,,
2024-11-26 11:00:00,971.8,26.9,65.0,0.2,0.0,4.3,68.0,0.0,,,,,,,,,,,2024-11-26T10:47:00,,,,0,,,,,,,,,,,,,
2024-11-26 12:00:00,970.7,27.6,71.0,0.8,80.0,5.1,54.0,0.0,,,,,,,,,,,2024-11-26T11:45:00,,,,0,,,,,,,,,,,,,
2024-11-26 13:00:00,969.4,25.7,76.0,2.5,68.0,9.4,70.0,0.0,,,,,,,,,,,2024-11-26T12:54:00,,,,0,,,,,,,,,,,,,
2024-11-26 14:00:00,969.2,22.7,84.0,3.6,52.0,9.8,51.0,0.0,,,,,,,,,,,2024-11-26T13:40:00,,,,0,,,,,,,,,,,,,
2024-11-26 15:00:00,969.2,20.9,86.0,0.5,54.0,9.5,47.0,0.0,,,,,,,,,,,2024-11-26T14:07:00,,,,0,,,,,,,,,,,,,
2024-11-26 16:00:00,969.4,18.9,91.0,0.5,102.0,4.7,47.0,0.0,,,,,,,,,,,2024-11-26T15:33:00,,,,0,,,,,,,,,,,,,
2024-11-26 17:00:00,970.0,18.3,91.0,0.4,68.0,2.6,153.0,0.0,,,,,,,,,,,2024-11-26T16:04:00,,,,0,,,,,,,,,,,,,
2024-11-26 18:00:00,970.8,17.8,93.0,0.4,60.0,3.6,70.0,0.0,,,,,,,,,,,2024-11-26T17:48:00,,,,0,,,,,,,,,,,,,
2024-11-26 19:00:00,971.8,17.5,93.0,0.6,42.0,3.9,12.0,0.0,,,,,,,,,,,2024-11-26T19:00:00,,,,0,,,,,,,,,,,,,
2024-11-26 20:00:00,972.5,17.2,94.0,0.2,0.0,5.2,14.0,0.0,,,,,,,,,,,2024-11-26T19:01:00,,,,0,,,,,,,,,,,,,
2024-11-26 21:00:00,973.1,16.7,95.0,0.4,101.0,4.2,1.0,0.0,,,,,,,,,,,2024-11-26T20:10:00,,,,0,,,,,,,,,,,,,
2024-11-26 22:00:00,973.1,16.4,93.0,0.7,67.0,4.5,19.0,0.0,,,,,,,,,,,2024-11-26T21:08:00,,,,0,,,,,,,,,,,,,
2024-11-26 23:00:00,973.1,16.2,94.0,0.6,6.0,6.1,345.0,0.0,,,,,,,,,,,2024-11-26T22:34:00,,,,0,,,,,,,,,,,,,
2024-11-27 00:00:00,972.9,15.9,94.0,0.3,48.0,4.2,43.0,0.0,,,,,,,,,,,2024-11-26T23:02:00,,,,0,,,,,,,,,,,,,
2024-11-27 01:00:00,972.5,15.6,92.0,0.6,24.0,6.0,323.0,0.0,,,,,,,,,,,2024-11-27T00:12:00,,,,0,,,,,,,,,,,,,
2024-11-27 02:00:00,972.3,15.6,93.0,0.5,16.0,5.3,53.0,0.0,,,,,,,,,,,2024-11-27T01:35:00,,,,0,,,,,,,,,,,,,
2024-11-27 03:00:00,971.7,15.3,92.0,1.1,18.0,7.7,9.0,0.0,,,,,,,,,,,2024-11-27T02:23:00,,,,0,,,,,,,,,,,,,
2024-11-27 04:00:00,971.7,15.4,92.0,0.4,11.0,6.2,3.0,0.0,,,,,,,,,,,2024-11-27T03:29:00,,,,0,,,,,,,,,,,,,
2024-11-27 05:00:00,972.0,15.4,91.0,0.4,12.0,5.8,345.0,0.0,,,,,,,,,,,2024-11-27T04:36:00,,,,0,,,,,,,,,,,,,
2024-11-27 06:00:00,972.5,15.4,89.0,0.9,19.0,4.3,43.0,0.0,,,,,,,,,,,2024-11-27T05:38:00,,,,0,,,,,,,,,,,,,
2024-11-27 07:00:00,973.1,15.6,90.0,0.6,26.0,6.3,27.0,0.0,,,,,,,,,,,2024-11-27T06:29:00,,,,0,,,,,,,,,,,,,
2024-11-27 08:00:00,973.8,16.2,89.0,0.5,76.0,5.6,350.0,0.0,,,,,,,,,,,2024-11-27T07:33:00,,,,0,,,,,,,,,,,,,
2024-11-27 09:00:00,973.9,17.0,87.0,0.2,0.0,4.0,27.0,0.0,,,,,,,,,,,2024-11-27T08:27:00,,,,0,,,,,,,,,,,,,
2024-11-27 10:00:00,973.9,18.9,82.0,0.4,39.0,4.4,36.0,0.0,,,,,,,,,,,2024-11-27T09:25:00,,,,0,,,,,,,,,,,,,
2024-11-27 11:00:00,973.3,22.2,69.0,0.1,0.0,5.1,13.0,0.0,,,,,,,,,,,2024-11-27T10:02:00,,,,0,,,,,,,,,,,,,
2024-11-27 12:00:00,972.5,23.0,67.0,0.0,0.0,2.8,119.0,0.0,,,,,,,,,,,2024-11-27T11:26:00,,,,0,,,,,,,,,,,,,
2024-11-27 13:00:00,971.8,21.4,74.0,0.0,0.0,3.3,56.0,0.0,,,,,,,,,,,2024-11-27T12:33:00,,,,0,,,,,,,,,,,,,
2024-11-27 14:00:00,971.1,20.0,79.0,0.0,0.0,1.8,49.0,0.0,,,,,,,,,,,2024-11-27T13:28:00,,,,0,,,,,,,,,,,,,
2024-11-27 15:00:00,971.1,17.8,87.0,0.1,0.0,3.1,4.0,0.0,,,,,,,,,,,2024-11-27T14:41:00,,,,0,,,,,,,,,,,,,
2024-11-27 16:00:00,971.4,16.7,90.0,0.2,0.0,5.3,46.0,0.0,,,,,,,,,,,2024-11-27T15:48:00,,,,0,,,,,,,,,,,,,
2024-11-27 17:00:00,972.4,15.7,90.0,0.3,57.0,3.6,332.0,0.0,,,,,,,,,,,2024-11-27T16:52:00,,,,0,,,,,,,,,,,,,
2024-11-27 18:00:00,972.4,15.3,89.0,0.5,37.0,4.3,38.0,0.0,,,,,,,,,,,2024-11-27T17:58:00,,,,0,,,,,,,,,,,,,
2024-11-27 19:00:00,973.1,15.1,89.0,0.5,56.0,6.5,3.0,0.0,,,,,,,,,,,2024-11-27T18:02:00,,,,0,,,,,,,,,,,,,
2024-11-27 20:00:00,973.7,15.0,89.0,0.5,79.0,4.6,8.0,0.0,,,,,,,,,,,2024-11-27T19:28:00,,,,0,,,,,,,,,,,,,
2024-11-27 21:00:00,973.7,15.0,88.0,0.5,15.0,5.0,300.0,0.0,,,,,,,,,,,2024-11-27T20:43:00,,,,0,,,,,,,,,,,,,
2024-11-27 22:00:00,973.8,15.0,87.0,0.9,5.0,5.9,333.0,0.0,,,,,,,,,,,2024-11-27T21:51:00,,,,0,,,,,,,,,,,,,
2024-11-27 23:00:00,973.8,14.9,86.0,0.4,16.0,5.8,296.0,0.0,,,,,,,,,,,2024-11-27T22:10:00,,,,0,,,,,,,,,,,,,
2024-11-28 00:00:00,973.6,14.8,87.0,0.4,5.0,3.3,6.0,0.0,,,,,,,,,,,2024-11-27T23:29:00,,,,0,,,,,,,,,,,,,
2024-11-28 01:00:00,973.1,14.7,88.0,0.4,347.0,3.9,66.0,0.0,,,,,,,,,,,2024-11-28T00:05:00,,,,0,,,,,,,,,,,,,
2024-11-28 02:00:00,972.8,14.6,89.0,0.6,326.0,4.9,326.0,0.0,,,,,,,,,,,2024-11-28T01:46:00,,,,0,,,,,,,,,,,,,
2024-11-28 03:00:00,972.5,14.7,87.0,1.2,329.0,5.0,19.0,0.0,,,,,,,,,,,2024-11-28T02:29:00,,,,0,,,,,,,,,,,,,
2024-11-28 04:00:00,972.4,14.6,87.0,0.1,0.0,4.9,354.0,0.0,,,,,,,,,,,2024-11-28T03:42:00,,,,0,,,,,,,,,,,,,
2024-11-28 05:00:00,972.5,14.6,88.0,0.4,344.0,4.8,32.0,0.0,,,,,,,,,,,2024-11-28T04:22:00,,,,0,,,,,,,,,,,,,
2024-11-28 06:00:00,973.0,14.6,89.0,0.4,346.0,3.4,290.0,0.0,,,,,,,,,,,2024-11-28T05:05:00,,,,0,,,,,,,,,,,,,
2024-11-28 07:00:00,973.8,14.9,87.0,0.2,0.0,3.5,278.0,0.0,,,,,,,,,,,2024-11-28T06:16:00,,,,0,,,,,,,,,,,,,
2024-11-28 08:00:00,974.5,16.0,84.0,0.4,23.0,4.1,16.0,0.0,,,,,,,,,,,2024-11-28T07:37:00,,,,0,,,,,,,,,,,,,
2024-11-28 09:00:00,975.1,18.7,79.0,0.1,0.0,3.3,335.0,0.0,,,,,,,,,,,2024-11-28T08:54:00,,,,0,,,,,,,,,,,,,
2024-11-28 10:00:00,974.5,20.6,66.0,0.9,350.0,4.0,15.0,0.0,,,,,,,,,,,2024-11-28T09:27:00,,,,0,,,,,,,,,,,,,
2024-11-28 11:00:00,973.7,23.8,62.0,0.2,0.0,3.4,344.0,0.0,,,,,,,,,,,2024-11-28T10:07:00,,,,0,,,,,,,,,,,,,
2024-11-28 12:00:00,973.0,22.8,65.0,0.0,0.0,3.2,58.0,0.0,,,,,,,,,,,2024-11-28T11:36:00,,,,0,,,,,,,,,,,,,
2024-11-28 13:00:00,971.8,22.4,69.0,0.0,0.0,2.3,52.0,0.0,,,,,,,,,,,2024-11-28T12:39:00,,,,0,,,,,,,,,,,,,
2024-11-28 14:00:00,971.2,21.0,74.0,0.3,61.0,4.0,49.0,0.0,,,,,,,,,,,2024-11-28T13:54:00,,,,0,,,,,,,,,,,,,
2024-11-28 15:00:00,971.1,19.5,79.0,0.9,57.0,4.2,44.0,0.0,,,,,,,,,,,2024-11-28T14:05:00,,,,0,,,,,,,,,,,,,
2024-11-28 16:00:00,971.4,18.2,81.0,2.1,53.0,5.0,59.0,0.0,,,,,,,,,,,2024-11-28T15:47:00,,,,0,,,,,,,,,,,,,
2024-11-28 17:00:00,972.0,17.4,84.0,0.0,0.0,4.0,64.0,0.0,,,,,,,,,,,2024-11-28T16:07:00,,,,0,,,,,,,,,,,,,
2024-11-28 18:00:00,972.4,16.9,82.0,0.1,0.0,2.3,297.0,0.0,,,,,,,,,,,2024-11-28T17:55:00,,,,0,,,,,,,,,,,,,
2024-11-28 19:00:00,973.0,16.5,85.0,0.2,0.0,3.1,44.0,0.0,,,,,,,,,,,2024-11-28T18:39:00,,,,0,,,,,,,,,,,,,
2024-11-28 20:00:00,973.7,16.2,87.0,0.1,0.0,3.7,317.0,0.0,,,,,,,,,,,2024-11-28T19:45:00,,,,0,,,,,,,,,,,,,
2024-11-28 21:00:00,973.9,16.0,88.0,1.6,319.0,4.5,5.0,0.0,,,,,,,,,,,2024-11-28T20:54:00,,,,0,,,,,,,,,,,,,
2024-11-28 22:00:00,974.3,15.8,87.0,1.4,330.0,6.4,278.0,0.0,,,,,,,,,,,2024-11-28T21:03:00,,,,0,,,,,,,,,,,,,
2024-11-28 23:00:00,974.2,15.9,85.0,1.7,332.0,5.4,325.0,0.0,,,,,,,,,,,2024-11-28T22:49:00,,,,0,,,,,,,,,,,,,
2024-11-29 00:00:00,973.8,15.8,87.0,0.6,7.0,4.6,349.0,0.0,,,,,,,,,,,2024-11-28T23:07:00,,,,0,,,,,,,,,,,,,
2024-11-29 01:00:00,973.2,15.3,90.0,0.6,336.0,6.5,337.0,0.0,,,,,,,,,,,2024-11-29T00:14:00,,,,0,,,,,,,,,,,,,
2024-11-29 02:00:00,973.0,15.3,90.0,0.7,345.0,5.2,341.0,0.0,,,,,,,,,,,2024-11-29T01:30:00,,,,0,,,,,,,,,,,,,
2024-11-29 03:00:00,972.6,14.9,92.0,0.4,354.0,6.3,7.0,0.0,,,,,,,,,,,2024-11-29T02:30:00,,,,0,,,,,,,,,,,,,
2024-11-29 04:00:00,972.5,14.8,93.0,0.3,347.0,3.9,17.0,0.0,,,,,,,,,,,2024-11-29T03:48:00,,,,0,,,,,,,,,,,,,
2024-11-29 05:00:00,972.5,14.6,93.0,0.7,343.0,5.9,33.0,0.0,,,,,,,,,,,2024-11-29T04:48:00,,,,0,,,,,,,,,,,,,
2024-11-29 06:00:00,973.1,15.0,93.0,0.3,39.0,5.1,2.0,0.0,,,,,,,,,,,2024-11-29T05:09:00,,,,0,,,,,,,,,,,,,
2024-11-29 07:00:00,973.7,15.0,91.0,0.3,114.0,3.7,50.0,0.0,,,,,,,,,,,2024-11-29T06:32:00,,,,0,,,,,,,,,,,,,
2024-11-29 08:00:00,973.9,16.0,82.0,0.3,35.0,3.8,24.0,0.0,,,,,,,,,,,2024-11-29T07:23:00,,,,0,,,,,,,,,,,,,
2024-11-29 09:00:00,974.4,17.0,82.0,0.0,0.0,3.2,55.0,0.0,,,,,,,,,,,2024-11-29T08:08:00,,,,0,,,,,,,,,,,,,
2024-11-29 10:00:00,974.3,17.8,77.0,0.0,0.0,4.8,22.0,0.0,,,,,,,,,,,2024-11-29T09:25:00,,,,0,,,,,,,,,,,,,
2024-11-29 11:00:00,973.7,17.6,77.0,0.2,0.0,4.3,39.0,0.0,,,,,,,,,,,2024-11-29T10:17:00,,,,0,,,,,,,,,,,,,
2024-11-29 12:00:00,973.0,17.3,78.0,0.0,0.0,4.2,305.0,0.0,,,,,,,,,,,2024-11-29T11:10:00,,,,0,,,,,,,,,,,,,
2024-11-29 13:00:00,972.4,17.0,80.0,0.1,0.0,3.5,322.0,0.0,,,,,,,,,,,2024-11-29T12:58:00,,,,0,,,,,,,,,,,,,
2024-11-29 14:00:00,971.8,16.6,82.0,0.0,0.0,2.9,276.0,0.0,,,,,,,,,,,2024-11-29T13:31:00,,,,0,,,,,,,,,,,,,
2024-11-29 15:00:00,971.7,15.8,84.0,0.0,0.0,1.8,45.0,0.0,,,,,,,,,,,2024-11-29T14:04:00,,,,0,,,,,,,,,,,,,
2024-11-29 16:00:00,971.9,15.3,84.0,0.0,0.0,3.5,70.0,0.0,,,,,,,,,,,2024-11-29T15:37:00,,,,0,,,,,,,,,,,,,
2024-11-29 17:00:00,972.4,14.9,84.0,0.0,0.0,2.1,23.0,0.0,,,,,,,,,,,2024-11-29T16:07:00,,,,0,,,,,,,,,,,,,
2024-11-29 18:00:00,972.5,14.7,83.0,0.2,0.0,3.0,20.0,0.0,,,,,,,,,,,2024-11-29T17:20:00,,,,0,,,,,,,,,,,,,
2024-11-29 19:00:00,973.1,14.6,84.0,0.1,0.0,3.2,313.0,0.0,,,,,,,,,,,2024-11-29T18:01:00,,,,0,,,,,,,,,,,,,
2024-11-29 20:00:00,973.2,14.6,85.0,0.2,0.0,3.2,42.0,0.0,,,,,,,,,,,2024-11-29T19:11:00,,,,0,,,,,,,,,,,,,
2024-11-29 21:00:00,973.2,14.5,84.0,0.2,0.0,3.2,40.0,0.0,,,,,,,,,,,2024-11-29T20:09:00,,,,0,,,,,,,,,,,,,
2024-11-29 22:00:00,973.1,14.6,82.0,0.1,0.0,3.6,29.0,0.0,,,,,,,,,,,2024-11-29T21:28:00,,,,0,,,,,,,,,,,,,
2024-11-29 23:00:00,973.0,14.5,82.0,0.6,7.0,3.8,357.0,0.0,,,,,,,,,,,2024-11-29T22:44:00,,,,0,,,,,,,,,,,,,
2024-11-30 00:00:00,972.4,14.7,82.0,0.5,24.0,4.0,20.0,0.0,,,,,,,,,,,2024-11-29T23:40:00,,,,0,,,,,,,,,,,,,
2024-11-30 01:00:00,972.4,14.1,82.0,0.6,6.0,5.2,340.0,0.0,,,,,,,,,,,2024-11-30T00:58:00,,,,0,,,,,,,,,,,,,
2024-11-30 02:00:00,971.8,13.8,86.0,0.4,341.0,4.8,327.0,0.0,,,,,,,,,,,2024-11-30T01:18:00,,,,0,,,,,,,,,,,,,
2024-11-30 03:00:00,971.8,13.7,88.0,0.8,17.0,3.4,26.0,0.0,,,,,,,,,,,2024-11-30T02:23:00,,,,0,,,,,,,,,,,,,
2024-11-30 04:00:00,971.2,13.7,90.0,0.6,352.0,2.5,307.0,0.0,,,,,,,,,,,2024-11-30T04:00:00,,,,0,,,,,,,,,,,,,
2024-11-30 05:00:00,971.2,13.5,91.0,0.8,10.0,4.4,350.0,0.0,,,,,,,,,,,2024-11-30T05:00:00,,,,0,,,,,,,,,,,,,
2024-11-30 06:00:00,971.8,13.6,92.0,0.9,328.0,3.8,1.0,0.0,,,,,,,,,,,2024-11-30T05:10:00,,,,0,,,,,,,,,,,,,
2024-11-30 07:00:00,972.0,14.3,91.0,0.7,32.0,4.7,357.0,0.0,,,,,,,,,,,2024-11-30T06:26:00,,,,0,,,,,,,,,,,,,
2024-11-30 08:00:00,972.4,17.9,78.0,0.3,45.0,3.0,20.0,0.0,,,,,,,,,,,2024-11-30T07:40:00,,,,0,,,,,,,,,,,,,
2024-11-30 09:00:00,972.4,20.8,69.0,0.1,0.0,3.2,38.0,0.0,,,,,,,,,,,2024-11-30T08:29:00,,,,0,,,,,,,,,,,,,
2024-11-30 10:00:00,972.4,22.2,63.0,0.1,0.0,3.1,31.0,0.0,,,,,,,,,,,2024-11-30T09:59:00,,,,0,,,,,,,,,,,,,
2024-11-30 11:00:00,,,,,,3.8,60.0,0.0,,,,,,,,,,,2024-11-30T10:50:00,,,,0,,,,,,,,,,,,,
2024-11-30 12:00:00,970.5,23.5,67.0,1.4,77.0,5.6,96.0,0.0,,,,,,,,,,,2024-11-30T12:00:00,,,,0,,,,,,,,,,,,,
2024-11-30 13:00:00,969.3,20.1,75.0,2.0,66.0,7.2,55.0,0.0,,,,,,,,,,,2024-11-30T12:56:00,,,,0,,,,,,,,,,,,,
2024-11-30 14:00:00,969.2,18.3,83.0,1.7,58.0,7.5,75.0,0.0,,,,,,,,,,,2024-11-30T13:30:00,,,,0,,,,,,,,,,,,,
2024-11-30 15:00:00,969.1,17.6,86.0,1.4,35.0,5.1,354.0,0.0,,,,,,,,,,,2024-11-30T14:47:00,,,,0,,,,,,,,,,,,,
2024-11-30 16:00:00,969.2,17.3,88.0,0.0,0.0,4.5,37.0,0.0,,,,,,,,,,,2024-11-30T15:01:00,,,,0,,,,,,,,,,,,,
2024-11-30 17:00:00,969.9,16.7,90.0,0.7,315.0,2.6,309.0,0.0,,,,,,,,,,,2024-11-30T17:00:00,,,,0,,,,,,,,,,,,,
2024-11-30 18:00:00,970.1,15.8,92.0,2.8,309.0,5.8,326.0,0.0,,,,,,,,,,,2024-11-30T17:55:00,,,,0,,,,,,,,,,,,,
2024-11-30 19:00:00,970.5,16.2,92.0,0.0,0.0,5.9,315.0,0.0,,,,,,,,,,,2024-11-30T18:21:00,,,,0,,,,,,,,,,,,,
2024-11-30 20:00:00,970.6,16.2,91.0,0.2,0.0,3.4,12.0,0.0,,,,,,,,,,,2024-11-30T19:51:00,,,,0,,,,,,,,,,,,,
2024-11-30 21:00:00,970.6,16.1,89.0,1.4,334.0,4.3,354.0,0.0,,,,,,,,,,,2024-11-30T20:59:00,,,,0,,,,,,,,,,,,,
2024-11-30 22:00:00,970.5,15.8,90.0,1.6,316.0,4.1,331.0,0.0,,,,,,,,,,,2024-11-30T21:55:00,,,,0,,,,,,,,,,,,,
2024-11-30 23:00:00,969.9,15.2,93.0,0.2,0.0,2.5,339.0,0.0,,,,,,,,,,,2024-11-30T22:01:00,,,,0,,,,,,,,,,,,,
2024-12-01 00:00:00,969.7,15.7,91.0,1.1,329.0,3.5,360.0,0.0,,,,,,,,,,,2024-11-30T23:36:00,,,,0,,,,,,,,,,,,,
2024-12-01 01:00:00,969.1,15.5,91.0,1.4,318.0,3.2,360.0,0.0,,,,,,,,,,,2024-12-01T00:07:00,,,,0,,,,,,,,,,,,,
2024-12-01 02:00:00,968.5,15.0,93.0,0.8,5.0,3.1,346.0,0.0,,,,,,,,,,,2024-12-01T01:30:00,,,,0,,,,,,,,,,,,,
2024-12-01 03:00:00,968.5,15.2,91.0,1.4,314.0,3.8,310.0,0.0,,,,,,,,,,,2024-12-01T02:40:00,,,,0,,,,,,,,,,,,,
2024-12-01 04:00:00,968.5,15.7,89.0,1.6,326.0,4.5,244.0,0.0,,,,,,,,,,,2024-12-01T03:19:00,,,,0,,,,,,,,,,,,,
2024-12-01 05:00:00,968.6,15.2,88.0,1.6,319.0,3.1,324.0,0.0,,,,,,,,,,,2024-12-01T04:52:00,,,,0,,,,,,,,,,,,,
2024-12-01 06:00:00,969.1,15.1,86.0,1.3,326.0,5.2,316.0,0.0,,,,,,,,,,,2024-12-01T05:33:00,,,,0,,,,,,,,,,,,,
2024-12-01 07:00:00,969.4,16.4,83.0,0.6,23.0,4.1,6.0,0.0,,,,,,,,,,,2024-12-01T07:00:00,,,,0,,,,,,,,,,,,,
2024-12-01 08:00:00,970.4,17.7,83.0,0.4,41.0,3.9,345.0,0.0,,,,,,,,,,,2024-12-01T07:09:00,,,,0,,,,,,,,,,,,,
2024-12-01 09:00:00,970.7,20.2,76.0,0.1,0.0,4.1,34.0,0.0,,,,,,,,,,,2024-12-01T08:19:00,,,,0,,,,,,,,,,,,,
2024-12-01 10:00:00,970.6,23.9,64.0,0.1,0.0,2.6,71.0,0.0,,,,,,,,,,,2024-12-01T09:42:00,,,,0,,,,,,,,,,,,,
2024-12-01 11:00:00,970.0,25.2,64.0,0.1,0.0,3.0,82.0,0.0,,,,,,,,,,,2024-12-01T11:00:00,,,,0,,,,,,,,,,,,,
2024-12-01 12:00:00,969.2,24.9,64.0,0.3,93.0,4.4,76.0,0.0,,,,,,,,,,,2024-12-01T11:56:00,,,,0,,,,,,,,,,,,,
2024-12-01 13:00:00,968.0,23.6,65.0,0.8,95.0,3.6,61.0,0.0,,,,,,,,,,,2024-12-01T12:25:00,,,,0,,,,,,,,,,,,,
2024-12-01 14:00:00,967.3,22.2,70.0,0.7,59.0,3.8,58.0,0.0,,,,,,,,,,,2024-12-01T13:58:00,,,,0,,,,,,,,,,,,,
2024-12-01 15:00:00,967.4,20.5,79.0,1.4,69.0,4.6,77.0,0.0,,,,,,,,,,,2024-12-01T14:30:00,,,,0,,,,,,,,,,,,,
2024-12-01 16:00:00,967.5,19.6,79.0,1.1,64.0,5.1,61.0,0.0,,,,,,,,,,,2024-12-01T15:02:00,,,,0,,,,,,,,,,,,,
2024-12-01 17:00:00,967.9,18.8,82.0,1.5,61.0,3.6,56.0,0.0,,,,,,,,,,,2024-12-01T16:40:00,,,,0,,,,,,,,,,,,,
2024-12-01 18:00:00,967.9,18.3,78.0,0.4,29.0,3.2,39.0,0.0,,,,,,,,,,,2024-12-01T17:15:00,,,,0,,,,,,,,,,,,,
2024-12-01 19:00:00,968.1,17.4,83.0,0.0,0.0,2.3,318.0,0.0,,,,,,,,,,,2024-12-01T18:35:00,,,,0,,,,,,,,,,,,,
2024-12-01 20:00:00,968.5,17.5,81.0,0.2,0.0,1.3,11.0,0.0,,,,,,,,,,,2024-12-01T19:55:00,,,,0,,,,,,,,,,,,,
2024-12-01 21:00:00,968.6,17.3,85.0,0.3,24.0,3.2,37.0,0.0,,,,,,,,,,,2024-12-01T20:19:00,,,,0,,,,,,,,,,,,,
2024-12-01 22:00:00,969.2,16.7,90.0,1.6,315.0,4.7,355.0,0.0,,,,,,,,,,,2024-12-01T21:46:00,,,,0,,,,,,,,,,,,,
2024-12-01 23:00:00,969.2,16.5,88.0,1.5,322.0,5.1,337.0,0.0,,,,,,,,,,,2024-12-01T22:04:00,,,,0,,,,,,,,,,,,,
2024-12-02 00:00:00,968.7,16.2,89.0,0.7,337.0,3.9,4.0,0.0,,,,,,,,,,,2024-12-01T23:05:00,,,,0,,,,,,,,,,,,,
2024-12-02 01:00:00,968.6,16.3,84.0,0.6,358.0,3.8,325.0,0.0,,,,,,,,,,,2024-12-02T00:01:00,,,,0,,,,,,,,,,,,,
2024-12-02 02:00:00,968.6,16.1,84.0,0.8,3.0,5.2,322.0,0.0,,,,,,,,,,,2024-12-02T01:41:00,,,,0,,,,,,,,,,,,,
2024-12-02 03:00:00,968.6,16.1,80.0,0.6,359.0,3.3,336.0,0.0,,,,,,,,,,,2024-12-02T02:07:00,,,,0,,,,,,,,,,,,,
2024-12-02 04:00:00,968.5,15.6,82.0,1.1,345.0,3.3,4.0,0.0,,,,,,,,,,,2024-12-02T03:20:00,,,,0,,,,,,,,,,,,,
2024-12-02 05:00:00,968.6,15.6,78.0,0.2,0.0,3.5,7.0,0.0,,,,,,,,,,,2024-12-02T05:00:00,,,,0,,,,,,,,,,,,,
2024-12-02 06:00:00,969.3,15.9,76.0,1.2,338.0,4.8,343.0,0.0,,,,,,,,,,,2024-12-02T05:39:00,,,,0,,,,,,,,,,,,,
2024-12-02 07:00:00,969.9,16.2,77.0,0.3,335.0,3.2,297.0,0.0,,,,,,,,,,,2024-12-02T06:01:00,,,,0,,,,,,,,,,,,,
2024-12-02 08:00:00,970.5,19.5,71.0,0.1,0.0,3.3,328.0,0.0,,,,,,,,,,,2024-12-02T07:11:00,,,,0,,,,,,,,,,,,,
2024-12-02 09:00:00,971.1,23.4,60.0,0.0,0.0,4.4,7.0,0.0,,,,,,,,,,,2024-12-02T08:25:00,,,,0,,,,,,,,,,,,,
2024-12-02 10:00:00,971.2,25.3,56.0,0.0,0.0,2.6,32.0,0.0,,,,,,,,,,,2024-12-02T09:54:00,,,,0,,,,,,,,,,,,,
2024-12-02 11:00:00,970.5,25.9,56.0,0.4,79.0,3.7,83.0,0.0,,,,,,,,,,,2024-12-02T10:56:00,,,,0,,,,,,,,,,,,,
2024-12-02 12:00:00,969.7,26.0,59.0,1.4,75.0,5.9,77.0,0.0,,,,,,,,,,,2024-12-02T12:00:00,,,,0,,,,,,,,,,,,,
2024-12-02 13:00:00,968.6,26.1,61.0,1.1,76.0,6.2,68.0,0.0,,,,,,,,,,,2024-12-02T12:14:00,,,,0,,,,,,,,,,,,,
2024-12-02 14:00:00,968.4,23.8,66.0,1.0,68.0,6.4,53.0,0.0,,,,,,,,,,,2024-12-02T13:10:00,,,,0,,,,,,,,,,,,,
2024-12-02 15:00:00,968.0,24.7,66.0,1.1,53.0,5.4,81.0,0.0,,,,,,,,,,,2024-12-02T14:07:00,,,,0,,,,,,,,,,,,,
2024-12-02 16:00:00,968.6,23.0,72.0,1.2,41.0,5.7,44.0,0.0,,,,,,,,,,,2024-12-02T15:36:00,,,,0,,,,,,,,,,,,,
2024-12-02 17:00:00,969.2,20.4,79.0,2.5,54.0,4.6,63.0,0.0,,,,,,,,,,,2024-12-02T16:30:00,,,,0,,,,,,,,,,,,,
2024-12-02 18:00:00,969.4,19.7,80.0,0.0,0.0,5.0,45.0,0.0,,,,,,,,,,,2024-12-02T17:20:00,,,,0,,,,,,,,,,,,,
2024-12-02 19:00:00,969.8,19.1,83.0,0.0,0.0,2.8,309.0,0.0,,,,,,,,,,,2024-12-02T18:22:00,,,,0,,,,,,,,,,,,,
2024-12-02 20:00:00,969.9,18.7,84.0,0.1,0.0,2.5,23.0,0.0,,,,,,,,,,,2024-12-02T19:16:00,,,,0,,,,,,,,,,,,,
2024-12-02 21:00:00,970.0,18.4,84.0,0.2,0.0,2.6,11.0,0.0,,,,,,,,,,,2024-12-02T20:55:00,,,,0,,,,,,,,,,,,,
2024-12-02 22:00:00,970.3,18.0,86.0,0.7,331.0,4.1,27.0,0.0,,,,,,,,,,,2024-12-02T21:56:00,,,,0,,,,,,,,,,,,,
2024-12-02 23:00:00,969.9,17.8,85.0,0.8,357.0,6.0,352.0,0.0,,,,,,,,,,,2024-12-02T22:22:00,,,,0,,,,,,,,,,,,,
2024-12-03 00:00:00,970.0,18.4,80.0,0.0,0.0,3.6,51.0,0.0,,,,,,,,,,,2024-12-02T23:16:00,,,,0,,,,,,,,,,,,,
2024-12-03 01:00:00,969.9,17.9,82.0,0.5,350.0,4.1,23.0,0.0,,,,,,,,,,,2024-12-03T00:36:00,,,,0,,,,,,,,,,,,,
2024-12-03 02:00:00,969.3,17.8,79.0,1.2,329.0,4.4,326.0,0.0,,,,,,,,,,,2024-12-03T01:04:00,,,,0,,,,,,,,,,,,,
2024-12-03 03:00:00,969.2,17.9,81.0,0.3,339.0,3.1,49.0,0.0,,,,,,,,,,,2024-12-03T02:45:00,,,,0,,,,,,,,,,,,,
2024-12-03 04:00:00,969.3,18.0,78.0,0.0,0.0,4.4,5.0,0.0,,,,,,,,,,,2024-12-03T03:26:00,,,,0,,,,,,,,,,,,,
2024-12-03 05:00:00,969.3,17.0,82.0,0.5,336.0,3.6,37.0,0.0,,,,,,,,,,,2024-12-03T04:56:00,,,,0,,,,,,,,,,,,,
2024-12-03 06:00:00,969.9,17.1,83.0,1.2,327.0,4.1,10.0,0.0,,,,,,,,,,,2024-12-03T05:54:00,,,,0,,,,,,,,,,,,,
2024-12-03 07:00:00,970.5,18.8,81.0,0.0,0.0,4.1,354.0,0.0,,,,,,,,,,,2024-12-03T06:24:00,,,,0,,,,,,,,,,,,,
2024-12-03 08:00:00,970.8,18.7,77.0,1.1,334.0,5.8,336.0,0.0,,,,,,,,,,,2024-12-03T07:58:00,,,,0,,,,,,,,,,,,,
2024-12-03 09:00:00,971.2,22.7,71.0,0.1,0.0,4.4,2.0,0.0,,,,,,,,,,,2024-12-03T08:17:00,,,,0,,,,,,,,,,,,,
2024-12-03 10:00:00,971.2,25.8,62.0,0.0,0.0,5.2,45.0,0.0,,,,,,,,,,,2024-12-03T09:33:00,,,,0,,,,,,,,,,,,,
2024-12-03 11:00:00,970.5,24.9,75.0,0.3,70.0,3.5,77.0,0.0,,,,,,,,,,,2024-12-03T10:22:00,,,,0,,,,,,,,,,,,,
2024-12-03 12:00:00,969.8,24.7,75.0,1.0,76.0,6.1,56.0,0.0,,,,,,,,,,,2024-12-03T11:54:00,,,,0,,,,,,,,,,,,,
2024-12-03 13:00:00,968.7,24.4,72.0,1.9,65.0,6.5,53.0,0.0,,,,,,,,,,,2024-12-03T12:45:00,,,,0,,,,,,,,,,,,,
2024-12-03 14:00:00,968.0,22.4,80.0,2.3,63.0,7.5,80.0,0.0,,,,,,,,,,,2024-12-03T13:01:00,,,,0,,,,,,,,,,,,,
2024-12-03 15:00:00,968.5,20.5,83.0,1.5,61.0,6.3,63.0,0.0,,,,,,,,,,,2024-12-03T14:04:00,,,,0,,,,,,,,,,,,,
2024-12-03 16:00:00,968.6,20.1,91.0,0.0,0.0,5.1,66.0,0.0,,,,,,,,,,,2024-12-03T15:30:00,,,,0,,,,,,,,,,,,,
2024-12-03 17:00:00,969.3,18.7,99.0,1.4,304.0,3.3,7.0,0.0,,,,,,,,,,,2024-12-03T16:12:00,,,,0,,,,,,,,,,,,,
2024-12-03 18:00:00,969.8,18.8,98.0,0.3,351.0,2.6,9.0,0.0,,,,,,,,,,,2024-12-03T17:55:00,,,,0,,,,,,,,,,,,,
2024-12-03 19:00:00,969.9,18.4,99.0,0.0,0.0,4.4,32.0,0.0,,,,,,,,,,,2024-12-03T18:14:00,,,,0,,,,,,,,,,,,,
2024-12-03 20:00:00,970.4,18.5,97.0,0.1,0.0,3.4,19.0,0.0,,,,,,,,,,,2024-12-03T19:07:00,,,,0,,,,,,,,,,,,,
2024-12-03 21:00:00,970.5,18.2,98.0,0.2,0.0,3.5,324.0,0.0,,,,,,,,,,,2024-12-03T20:59:00,,,,0,,,,,,,,,,,,,
2024-12-03 22:00:00,970.6,18.3,95.0,0.1,0.0,3.8,353.0,0.0,,,,,,,,,,,2024-12-03T21:57:00,,,,0,,,,,,,,,,,,,
2024-12-03 23:00:00,970.5,18.0,98.0,1.1,334.0,5.5,320.0,0.0,,,,,,,,,,,2024-12-03T22:54:00,,,,0,,,,,,,,,,,,,
2024-12-04 00:00:00,969.9,18.0,98.0,0.5,25.0,6.9,332.0,0.0,,,,,,,,,,,2024-12-03T23:04:00,,,,0,,,,,,,,,,,,,
2024-12-04 01:00:00,969.9,17.8,98.0,0.0,0.0,4.2,351.0,0.0,,,,,,,,,,,2024-12-04T00:49:00,,,,0,,,,,,,,,,,,,
2024-12-04 02:00:00,969.3,17.7,98.0,0.2,0.0,5.0,7.0,0.0,,,,,,,,,,,2024-12-04T01:24:00,,,,0,,,,,,,,,,,,,
2024-12-04 03:00:00,969.2,17.7,96.0,0.4,7.0,3.2,36.0,0.0,,,,,,,,,,,2024-12-04T02:44:00,,,,0,,,,,,,,,,,,,
2024-12-04 04:00:00,968.9,17.7,95.0,0.2,0.0,4.9,40.0,0.0,,,,,,,,,,,2024-12-04T03:40:00,,,,0,,,,,,,,,,,,,
2024-12-04 05:00:00,969.2,17.3,97.0,0.6,356.0,3.3,321.0,0.0,,,,,,,,,,,2024-12-04T04:45:00,,,,0,,,,,,,,,,,,,
2024-12-04 06:00:00,970.2,17.2,96.0,0.0,0.0,5.1,31.0,0.0,,,,,,,,,,,2024-12-04T05:16:00,,,,0,,,,,,,,,,,,,
2024-12-04 07:00:00,971.1,17.8,95.0,0.2,0.0,2.3,2.0,0.0,,,,,,,,,,,2024-12-04T06:15:00,,,,0,,,,,,,,,,,,,
2024-12-04 08:00:00,971.3,19.7,89.0,0.5,39.0,4.6,24.0,0.0,,,,,,,,,,,2024-12-04T08:00:00,,,,0,,,,,,,,,,,,,
2024-12-04 09:00:00,971.4,20.5,86.0,0.3,97.0,4.8,19.0,0.0,,,,,,,,,,,2024-12-04T08:23:00,,,,0,,,,,,,,,,,,,
2024-12-04 10:00:00,971.3,22.5,81.0,0.3,55.0,5.4,59.0,0.0,,,,,,,,,,,2024-12-04T09:43:00,,,,0,,,,,,,,,,,,,
2024-12-04 11:00:00,970.6,25.8,69.0,0.3,78.0,4.8,49.0,0.0,,,,,,,,,,,2024-12-04T10:09:00,,,,0,,,,,,,,,,,,,
2024-12-04 12:00:00,969.3,25.7,68.0,0.4,56.0,4.6,34.0,0.0,,,,,,,,,,,2024-12-04T11:34:00,,,,0,,,,,,,,,,,,,
2024-12-04 13:00:00,968.6,26.3,68.0,0.6,85.0,4.8,84.0,0.0,,,,,,,,,,,2024-12-04T12:50:00,,,,0,,,,,,,,,,,,,
2024-12-04 14:00:00,968.0,26.8,63.0,0.5,57.0,4.7,46.0,0.0,,,,,,,,,,,2024-12-04T13:59:00,,,,0,,,,,,,,,,,,,
2024-12-04 15:00:00,968.0,24.7,70.0,1.0,71.0,4.9,68.0,0.0,,,,,,,,,,,2024-12-04T14:48:00,,,,0,,,,,,,,,,,,,
2024-12-04 16:00:00,968.5,21.0,82.0,0.2,0.0,5.7,58.0,0.0,,,,,,,,,,,2024-12-04T15:08:00,,,,0,,,,,,,,,,,,,
2024-12-04 17:00:00,969.1,19.8,79.0,0.4,44.0,3.9,324.0,0.0,,,,,,,,,,,2024-12-04T16:53:00,,,,0,,,,,,,,,,,,,
2024-12-04 18:00:00,969.3,19.0,80.0,0.3,62.0,4.1,34.0,0.0,,,,,,,,,,,2024-12-04T17:35:00,,,,0,,,,,,,,,,,,,
2024-12-04 19:00:00,969.9,18.7,84.0,0.2,0.0,4.3,81.0,0.0,,,,,,,,,,,2024-12-04T18:11:00,,,,0,,,,,,,,,,,,,
2024-12-04 20:00:00,970.5,18.1,87.0,0.1,0.0,5.1,50.0,0.0,,,,,,,,,,,2024-12-04T19:07:00,,,,0,,,,,,,,,,,,,
2024-12-04 21:00:00,970.5,17.8,88.0,0.6,1.0,4.5,65.0,0.0,,,,,,,,,,,2024-12-04T21:00:00,,,,0,,,,,,,,,,,,,
2024-12-04 22:00:00,970.3,17.5,91.0,0.2,0.0,4.5,2.0,0.0,,,,,,,,,,,2024-12-04T21:12:00,,,,0,,,,,,,,,,,,,
2024-12-04 23:00:00,969.8,17.2,93.0,0.4,6.0,6.5,335.0,0.0,,,,,,,,,,,2024-12-04T22:50:00,,,,0,,,,,,,,,,,,,
2024-12-05 00:00:00,969.5,16.8,95.0,0.2,0.0,4.0,343.0,0.0,,,,,,,,,,,2024-12-04T23:59:00,,,,0,,,,,,,,,,,,,
2024-12-05 01:00:00,969.3,16.9,95.0,0.5,360.0,4.5,352.0,0.0,,,,,,,,,,,2024-12-05T00:25:00,,,,0,,,,,,,,,,,,,
2024-12-05 02:00:00,968.6,16.5,97.0,1.6,344.0,4.9,353.0,0.0,,,,,,,,,,,2024-12-05T01:57:00,,,,0,,,,,,,,,,,,,
2024-12-05 03:00:00,968.6,16.3,97.0,0.8,16.0,4.6,41.0,0.0,,,,,,,,,,,2024-12-05T02:25:00,,,,0,,,,,,,,,,,,,
2024-12-05 04:00:00,969.1,16.5,95.0,2.0,13.0,6.3,334.0,0.0,,,,,,,,,,,2024-12-05T03:40:00,,,,0,,,,,,,,,,,,,
2024-12-05 05:00:00,969.2,16.5,94.0,0.5,352.0,6.1,318.0,0.0,,,,,,,,,,,2024-12-05T04:14:00,,,,0,,,,,,,,,,,,,
2024-12-05 06:00:00,969.7,16.5,94.0,0.4,17.0,5.9,343.0,0.0,,,,,,,,,,,2024-12-05T05:33:00,,,,0,,,,,,,,,,,,,
2024-12-05 07:00:00,969.9,16.6,93.0,0.9,5.0,7.0,12.0,0.0,,,,,,,,,,,2024-12-05T06:53:00,,,,0,,,,,,,,,,,,,
2024-12-05 08:00:00,970.4,20.0,84.0,0.5,58.0,7.4,336.0,0.0,,,,,,,,,,,2024-12-05T07:11:00,,,,0,,,,,,,,,,,,,
2024-12-05 09:00:00,970.7,23.0,72.0,0.2,0.0,4.7,54.0,0.0,,,,,,,,,,,2024-12-05T08:18:00,,,,0,,,,,,,,,,,,,
2024-12-05 10:00:00,970.5,24.7,70.0,0.2,0.0,7.0,45.0,0.0,,,,,,,,,,,2024-12-05T09:36:00,,,,0,,,,,,,,,,,,,
2024-12-05 11:00:00,970.3,26.4,67.0,0.1,0.0,4.9,37.0,0.0,,,,,,,,,,,2024-12-05T10:32:00,,,,0,,,,,,,,,,,,,
2024-12-05 12:00:00,969.2,26.0,68.0,1.2,75.0,5.7,46.0,0.0,,,,,,,,,,,2024-12-05T11:52:00,,,,0,,,,,,,,,,,,,
2024-12-05 13:00:00,968.5,22.4,80.0,1.2,67.0,5.9,74.0,0.0,,,,,,,,,,,2024-12-05T12:51:00,,,,0,,,,,,,,,,,,,
2024-12-05 14:00:00,968.0,22.1,81.0,1.2,64.0,5.0,49.0,0.0,,,,,,,,,,,2024-12-05T13:09:00,,,,0,,,,,,,,,,,,,
2024-12-05 15:00:00,967.9,21.8,82.0,0.0,0.0,3.9,51.0,0.0,,,,,,,,,,,2024-12-05T14:11:00,,,,0,,,,,,,,,,,,,
2024-12-05 16:00:00,968.1,19.9,91.0,2.1,60.0,5.5,73.0,0.0,,,,,,,,,,,2024-12-05T15:41:00,,,,0,,,,,,,,,,,,,
2024-12-05 17:00:00,968.6,19.5,89.0,2.0,51.0,4.7,54.0,0.0,,,,,,,,,,,2024-12-05T16:53:00,,,,0,,,,,,,,,,,,,
2024-12-05 18:00:00,969.2,19.0,86.0,0.5,50.0,4.0,51.0,0.0,,,,,,,,,,,2024-12-05T17:26:00,,,,0,,,,,,,,,,,,,
2024-12-05 19:00:00,969.3,18.8,87.0,0.1,0.0,4.0,2.0,0.0,,,,,,,,,,,2024-12-05T18:14:00,,,,0,,,,,,,,,,,,,
2024-12-05 20:00:00,969.8,18.3,90.0,0.3,62.0,3.8,74.0,0.0,,,,,,,,,,,2024-12-05T19:18:00,,,,0,,,,,,,,,,,,,
2024-12-05 21:00:00,969.8,18.3,91.0,0.4,34.0,5.4,8.0,0.0,,,,,,,,,,,2024-12-05T20:34:00,,,,0,,,,,,,,,,,,,
2024-12-05 22:00:00,969.9,17.8,92.0,0.1,0.0,5.1,3.0,0.0,,,,,,,,,,,2024-12-05T21:50:00,,,,0,,,,,,,,,,,,,
2024-12-05 23:00:00,969.9,17.4,92.0,0.6,15.0,4.5,356.0,0.0,,,,,,,,,,,2024-12-05T22:40:00,,,,0,,,,,,,,,,,,,
2024-12-06 00:00:00,969.3,17.3,94.0,0.6,35.0,6.3,360.0,0.0,,,,,,,,,,,2024-12-05T23:23:00,,,,0,,,,,,,,,,,,,
2024-12-06 01:00:00,969.3,17.4,93.0,0.5,26.0,5.8,63.0,0.0,,,,,,,,,,,2024-12-06T00:09:00,,,,0,,,,,,,,,,,,,
2024-12-06 02:00:00,969.2,17.2,94.0,0.2,0.0,4.2,45.0,0.0,,,,,,,,,,,2024-12-06T01:01:00,,,,0,,,,,,,,,,,,,
2024-12-06 03:00:00,968.8,17.4,93.0,0.4,360.0,4.3,306.0,0.0,,,,,,,,,,,2024-12-06T02:44:00,,,,0,,,,,,,,,,,,,
2024-12-06 04:00:00,969.2,17.2,95.0,0.7,30.0,5.3,27.0,0.0,,,,,,,,,,,2024-12-06T03:08:00,,,,0,,,,,,,,,,,,,
2024-12-06 05:00:00,969.1,17.0,96.0,0.7,17.0,5.6,4.0,0.0,,,,,,,,,,,2024-12-06T04:49:00,,,,0,,,,,,,,,,,,,
2024-12-06 06:00:00,969.3,17.3,94.0,0.5,25.0,4.2,333.0,0.0,,,,,,,,,,,2024-12-06T05:31:00,,,,0,,,,,,,,,,,,,
2024-12-06 07:00:00,969.9,17.7,91.0,0.4,30.0,4.0,42.0,0.0,,,,,,,,,,,2024-12-06T06:10:00,,,,0,,,,,,,,,,,,,
2024-12-06 08:00:00,970.4,17.9,97.0,0.7,355.0,4.3,341.0,0.0,,,,,,,,,,,2024-12-06T07:50:00,,,,0,,,,,,,,,,,,,
2024-12-06 09:00:00,970.6,23.5,74.0,0.5,44.0,4.8,20.0,0.0,,,,,,,,,,,2024-12-06T08:11:00,,,,0,,,,,,,,,,,,,
2024-12-06 10:00:00,970.6,24.3,71.0,0.3,43.0,5.7,312.0,0.0,,,,,,,,,,,2024-12-06T09:30:00,,,,0,,,,,,,,,,,,,
2024-12-06 11:00:00,970.0,24.2,71.0,0.7,29.0,5.3,304.0,0.0,,,,,,,,,,,2024-12-06T10:57:00,,,,0,,,,,,,,,,,,,
2024-12-06 12:00:00,969.2,26.0,65.0,0.0,0.0,3.5,40.0,0.0,,,,,,,,,,,2024-12-06T11:25:00,,,,0,,,,,,,,,,,,,
2024-12-06 13:00:00,968.0,25.8,62.0,0.1,0.0,3.5,28.0,0.0,,,,,,,,,,,2024-12-06T12:12:00,,,,0,,,,,,,,,,,,,
2024-12-06 14:00:00,967.7,24.7,69.0,0.0,0.0,4.0,55.0,0.0,,,,,,,,,,,2024-12-06T13:19:00,,,,0,,,,,,,,,,,,,
2024-12-06 15:00:00,967.3,22.2,78.0,0.0,0.0,4.7,36.0,0.0,,,,,,,,,,,2024-12-06T14:28:00,,,,0,,,,,,,,,,,,,
2024-12-06 16:00:00,967.4,21.3,79.0,0.0,0.0,4.2,323.0,0.0,,,,,,,,,,,2024-12-06T15:30:00,,,,0,,,,,,,,,,,,,
2024-12-06 17:00:00,968.0,20.2,83.0,0.0,0.0,3.8,56.0,0.0,,,,,,,,,,,2024-12-06T16:31:00,,,,0,,,,,,,,,,,,,
2024-12-06 18:00:00,968.6,19.7,87.0,0.1,0.0,5.0,40.0,0.0,,,,,,,,,,,2024-12-06T17:37:00,,,,0,,,,,,,,,,,,,
2024-12-06 19:00:00,969.2,19.4,88.0,0.2,0.0,6.9,54.0,0.0,,,,,,,,,,,2024-12-06T18:13:00,,,,0,,,,,,,,,,,,,
2024-12-06 20:00:00,969.3,18.6,93.0,1.1,343.0,6.0,358.0,0.0,,,,,,,,,,,2024-12-06T19:53:00,,,,0,,,,,,,,,,,,,
2024-12-06 21:00:00,969.3,18.4,93.0,0.6,33.0,4.5,7.0,0.0,,,,,,,,,,,2024-12-06T20:01:00,,,,0,,,,,,,,,,,,,
2024-12-06 22:00:00,969.9,18.2,94.0,0.3,33.0,6.1,20.0,0.0,,,,,,,,,,,2024-12-06T21:14:00,,,,0,,,,,,,,,,,,,
2024-12-06 23:00:00,969.3,18.4,93.0,0.5,19.0,5.0,351.0,0.0,,,,,,,,,,,2024-12-06T22:06:00,,,,0,,,,,,,,,,,,,
2024-12-07 00:00:00,969.3,18.0,95.0,0.4,60.0,4.6,24.0,0.0,,,,,,,,,,,2024-12-06T23:49:00,,,,0,,,,,,,,,,,,,
2024-12-07 01:00:00,969.4,18.0,94.0,0.3,40.0,4.0,34.0,0.0,,,,,,,,,,,2024-12-07T00:22:00,,,,0,,,,,,,,,,,,,
2024-12-07 02:00:00,969.1,18.0,93.0,0.3,28.0,3.6,321.0,0.0,,,,,,,,,,,2024-12-07T01:48:00,,,,0,,,,,,,,,,,,,
2024-12-07 03:00:00,968.8,17.8,95.0,0.3,60.0,4.7,347.0,0.0,,,,,,,,,,,2024-12-07T02:01:00,,,,0,,,,,,,,,,,,,
2024-12-07 04:00:00,969.2,17.4,95.0,0.2,0.0,3.4,21.0,0.0,,,,,,,,,,,2024-12-07T03:30:00,,,,0,,,,,,,,,,,,,
2024-12-07 05:00:00,969.2,17.2,97.0,0.4,5.0,4.8,73.0,0.0,,,,,,,,,,,2024-12-07T04:50:00,,,,0,,,,,,,,,,,,,
2024-12-07 06:00:00,969.9,17.0,98.0,0.6,16.0,5.7,357.0,0.0,,,,,,,,,,,2024-12-07T05:51:00,,,,0,,,,,,,,,,,,,
2024-12-07 07:00:00,970.1,18.0,94.0,0.7,41.0,4.6,48.0,0.0,,,,,,,,,,,2024-12-07T06:06:00,,,,0,,,,,,,,,,,,,
2024-12-07 08:00:00,971.1,18.7,91.0,0.3,50.0,4.8,343.0,0.0,,,,,,,,,,,2024-12-07T07:27:00,,,,0,,,,,,,,,,,,,
2024-12-07 09:00:00,971.6,21.1,84.0,0.5,10.0,5.5,357.0,0.0,,,,,,,,,,,2024-12-07T08:35:00,,,,0,,,,,,,,,,,,,
2024-12-07 10:00:00,971.1,24.6,75.0,0.3,58.0,4.5,41.0,0.0,,,,,,,,,,,2024-12-07T09:16:00,,,,0,,,,,,,,,,,,,
2024-12-07 11:00:00,970.4,26.3,65.0,0.3,66.0,4.5,59.0,0.0,,,,,,,,,,,2024-12-07T10:49:00,,,,0,,,,,,,,,,,,,
2024-12-07 12:00:00,969.2,26.6,63.0,0.1,0.0,5.3,358.0,0.0,,,,,,,,,,,2024-12-07T11:43:00,,,,0,,,,,,,,,,,,,
2024-12-07 13:00:00,968.5,27.4,59.0,0.0,0.0,4.4,27.0,0.0,,,,,,,,,,,2024-12-07T12:30:00,,,,0,,,,,,,,,,,,,
2024-12-07 14:00:00,967.9,26.3,68.0,0.8,75.0,4.5,60.0,0.0,,,,,,,,,,,2024-12-07T13:34:00,,,,0,,,,,,,,,,,,,
2024-12-07 15:00:00,967.9,24.9,76.0,1.7,75.0,6.4,59.0,0.0,,,,,,,,,,,2024-12-07T14:42:00,,,,0,,,,,,,,,,,,,
2024-12-07 16:00:00,968.2,22.7,84.0,0.9,82.0,4.8,57.0,0.0,,,,,,,,,,,2024-12-07T15:10:00,,,,0,,,,,,,,,,,,,
2024-12-07 17:00:00,968.7,21.3,85.0,0.4,306.0,3.3,59.0,0.0,,,,,,,,,,,2024-12-07T16:46:00,,,,0,,,,,,,,,,,,,
2024-12-07 18:00:00,969.4,20.3,92.0,0.1,0.0,5.2,42.0,0.0,,,,,,,,,,,2024-12-07T17:14:00,,,,0,,,,,,,,,,,,,
2024-12-07 19:00:00,970.1,20.0,90.0,0.7,100.0,5.1,77.0,0.0,,,,,,,,,,,2024-12-07T18:18:00,,,,0,,,,,,,,,,,,,
2024-12-07 20:00:00,970.7,19.8,90.0,0.5,73.0,4.0,41.0,0.0,,,,,,,,,,,2024-12-07T19:44:00,,,,0,,,,,,,,,,,,,
2024-12-07 21:00:00,971.2,19.6,90.0,0.7,4.0,5.1,317.0,0.0,,,,,,,,,,,2024-12-07T20:57:00,,,,0,,,,,,,,,,,,,
2024-12-07 22:00:00,971.2,19.4,90.0,0.1,0.0,2.8,64.0,0.0,,,,,,,,,,,2024-12-07T21:41:00,,,,0,,,,,,,,,,,,,
2024-12-07 23:00:00,971.2,18.8,93.0,0.3,324.0,4.4,4.0,0.0,,,,,,,,,,,2024-12-07T22:21:00,,,,0,,,,,,,,,,,,,
2024-12-08 00:00:00,971.1,18.4,94.0,0.3,36.0,4.2,321.0,0.0,,,,,,,,,,,2024-12-07T23:37:00,,,,0,,,,,,,,,,,,,
2024-12-08 01:00:00,970.7,17.9,94.0,1.1,26.0,6.7,11.0,0.0,,,,,,,,,,,2024-12-08T00:51:00,,,,0,,,,,,,,,,,,,
2024-12-08 02:00:00,970.8,17.3,95.0,0.3,62.0,6.3,15.0,0.0,,,,,,,,,,,2024-12-08T01:26:00,,,,0,,,,,,,,,,,,,
2024-12-08 03:00:00,970.6,17.0,95.0,0.3,60.0,5.1,57.0,0.0,,,,,,,,,,,2024-12-08T02:01:00,,,,0,,,,,,,,,,,,,
2024-12-08 04:00:00,970.6,17.3,91.0,0.6,72.0,5.2,283.0,0.0,,,,,,,,,,,2024-12-08T03:16:00,,,,0,,,,,,,,,,,,,
2024-12-08 05:00:00,971.3,17.1,92.0,0.3,51.0,9.4,34.0,0.0,,,,,,,,,,,2024-12-08T04:26:00,,,,0,,,,,,,,,,,,,
2024-12-08 06:00:00,972.1,17.2,92.0,0.9,31.0,5.3,5.0,0.0,,,,,,,,,,,2024-12-08T05:52:00,,,,0,,,,,,,,,,,,,
2024-12-08 07:00:00,972.9,17.5,89.0,0.4,76.0,7.7,330.0,0.0,,,,,,,,,,,2024-12-08T06:36:00,,,,0,,,,,,,,,,,,,
2024-12-08 08:00:00,973.2,17.9,88.0,0.6,84.0,3.9,69.0,0.0,,,,,,,,,,,2024-12-08T07:01:00,,,,0,,,,,,,,,,,,,
2024-12-08 09:00:00,973.7,18.5,85.0,0.7,67.0,6.7,326.0,0.0,,,,,,,,,,,2024-12-08T08:19:00,,,,0,,,,,,,,,,,,,
2024-12-08 10:00:00,973.3,20.0,81.0,0.8,56.0,7.9,310.0,0.0,,,,,,,,,,,2024-12-08T09:33:00,,,,0,,,,,,,,,,,,,
2024-12-08 11:00:00,973.1,21.6,74.0,0.5,60.0,8.9,33.0,0.0,,,,,,,,,,,2024-12-08T10:33:00,,,,0,,,,,,,,,,,,,
2024-12-08 12:00:00,972.5,21.3,74.0,0.3,105.0,5.4,52.0,0.0,,,,,,,,,,,2024-12-08T11:30:00,,,,0,,,,,,,,,,,,,
2024-12-08 13:00:00,971.2,22.5,68.0,0.3,77.0,4.2,67.0,0.0,,,,,,,,,,,2024-12-08T12:47:00,,,,0,,,,,,,,,,,,,
2024-12-08 14:00:00,971.1,19.8,77.0,0.4,65.0,5.4,25.0,0.0,,,,,,,,,,,2024-12-08T13:15:00,,,,0,,,,,,,,,,,,,
2024-12-08 15:00:00,971.1,19.0,78.0,0.6,84.0,3.7,43.0,0.0,,,,,,,,,,,2024-12-08T14:28:00,,,,0,,,,,,,,,,,,,
2024-12-08 16:00:00,971.7,18.1,80.0,0.3,76.0,4.8,29.0,0.0,,,,,,,,,,,2024-12-08T15:35:00,,,,0,,,,,,,,,,,,,
2024-12-08 17:00:00,972.3,17.1,82.0,0.8,26.0,9.6,302.0,0.0,,,,,,,,,,,2024-12-08T16:48:00,,,,0,,,,,,,,,,,,,
2024-12-08 18:00:00,973.1,16.7,83.0,0.7,24.0,10.3,342.0,0.0,,,,,,,,,,,2024-12-08T17:16:00,,,,0,,,,,,,,,,,,,
2024-12-08 19:00:00,973.7,16.6,83.0,0.3,44.0,5.8,24.0,0.0,,,,,,,,,,,2024-12-08T18:11:00,,,,0,,,,,,,,,,,,,
2024-12-08 20:00:00,973.8,16.3,88.0,0.4,79.0,5.3,10.0,0.0,,,,,,,,,,,2024-12-08T19:12:00,,,,0,,,,,,,,,,,,,
2024-12-08 21:00:00,974.4,15.6,89.0,0.7,57.0,5.6,34.0,0.0,,,,,,,,,,,2024-12-08T20:51:00,,,,0,,,,,,,,,,,,,
2024-12-08 22:00:00,974.4,15.3,88.0,0.6,74.0,5.8,42.0,0.0,,,,,,,,,,,2024-12-08T21:14:00,,,,0,,,,,,,,,,,,,
2024-12-08 23:00:00,973.7,15.2,86.0,0.6,74.0,6.4,70.0,0.0,,,,,,,,,,,2024-12-08T22:35:00,,,,0,,,,,,,,,,,,,
2024-12-09 00:00:00,973.6,15.1,88.0,0.5,32.0,6.4,11.0,0.0,,,,,,,,,,,2024-12-08T23:04:00,,,,0,,,,,,,,,,,,,
2024-12-09 01:00:00,973.0,14.9,88.0,0.8,11.0,5.2,15.0,0.0,,,,,,,,,,,2024-12-09T00:16:00,,,,0,,,,,,,,,,,,,
2024-12-09 02:00:00,972.5,14.6,88.0,0.7,45.0,5.8,17.0,0.0,,,,,,,,,,,2024-12-09T01:57:00,,,,0,,,,,,,,,,,,,
2024-12-09 03:00:00,972.4,14.8,87.0,0.5,30.0,4.7,325.0,0.0,,,,,,,,,,,2024-12-09T02:38:00,,,,0,,,,,,,,,,,,,
2024-12-09 04:00:00,972.6,14.8,88.0,0.3,356.0,6.8,22.0,0.0,,,,,,,,,,,2024-12-09T03:44:00,,,,0,,,,,,,,,,,,,
2024-12-09 05:00:00,973.1,15.0,88.0,0.7,28.0,4.6,50.0,0.0,,,,,,,,,,,2024-12-09T04:49:00,,,,0,,,,,,,,,,,,,
2024-12-09 06:00:00,973.6,15.0,89.0,0.5,37.0,6.2,89.0,0.0,,,,,,,,,,,2024-12-09T05:07:00,,,,0,,,,,,,,,,,,,
2024-12-09 07:00:00,973.9,15.2,89.0,0.6,56.0,5.5,17.0,0.0,,,,,,,,,,,2024-12-09T06:26:00,,,,0,,,,,,,,,,,,,
2024-12-09 08:00:00,974.3,17.2,82.0,0.5,60.0,4.5,343.0,0.0,,,,,,,,,,,2024-12-09T07:31:00,,,,0,,,,,,,,,,,,,
2024-12-09 09:00:00,974.3,18.4,82.0,0.6,56.0,5.7,86.0,0.0,,,,,,,,,,,2024-12-09T08:54:00,,,,0,,,,,,,,,,,,,
2024-12-09 10:00:00,974.4,21.8,72.0,0.0,0.0,5.0,72.0,0.0,,,,,,,,,,,2024-12-09T09:23:00,,,,0,,,,,,,,,,,,,
2024-12-09 11:00:00,973.8,21.0,66.0,0.0,0.0,1.6,67.0,0.0,,,,,,,,,,,2024-12-09T10:02:00,,,,0,,,,,,,,,,,,,
2024-12-09 12:00:00,972.4,22.8,69.0,0.3,76.0,3.5,63.0,0.0,,,,,,,,,,,2024-12-09T11:58:00,,,,0,,,,,,,,,,,,,
2024-12-09 13:00:00,971.1,23.8,66.0,1.5,78.0,8.3,34.0,0.0,,,,,,,,,,,2024-12-09T12:59:00,,,,0,,,,,,,,,,,,,
2024-12-09 14:00:00,970.4,22.5,71.0,2.3,68.0,8.5,55.0,0.0,,,,,,,,,,,2024-12-09T13:11:00,,,,0,,,,,,,,,,,,,
2024-12-09 15:00:00,970.4,20.3,80.0,2.0,57.0,7.2,56.0,0.0,,,,,,,,,,,2024-12-09T14:14:00,,,,0,,,,,,,,,,,,,
2024-12-09 16:00:00,970.6,19.5,83.0,1.6,48.0,6.6,45.0,0.0,,,,,,,,,,,2024-12-09T15:10:00,,,,0,,,,,,,,,,,,,
2024-12-09 17:00:00,971.2,17.8,88.0,1.7,63.0,3.5,49.0,0.0,,,,,,,,,,,2024-12-09T16:05:00,,,,0,,,,,,,,,,,,,
2024-12-09 18:00:00,971.8,16.8,92.0,1.0,45.0,2.9,48.0,0.0,,,,,,,,,,,2024-12-09T18:00:00,,,,0,,,,,,,,,,,,,
2024-12-09 19:00:00,972.4,16.4,92.0,0.2,0.0,2.8,329.0,0.0,,,,,,,,,,,2024-12-09T18:32:00,,,,0,,,,,,,,,,,,,
2024-12-09 20:00:00,972.5,16.3,91.0,0.0,0.0,2.3,15.0,0.0,,,,,,,,,,,2024-12-09T19:35:00,,,,0,,,,,,,,,,,,,
2024-12-09 21:00:00,972.4,16.1,89.0,0.2,0.0,4.8,330.0,0.0,,,,,,,,,,,2024-12-09T20:19:00,,,,0,,,,,,,,,,,,,
2024-12-09 22:00:00,972.5,15.8,89.0,0.4,346.0,3.2,341.0,0.0,,,,,,,,,,,2024-12-09T21:04:00,,,,0,,,,,,,,,,,,,
2024-12-09 23:00:00,972.4,16.0,89.0,0.8,26.0,5.4,8.0,0.0,,,,,,,,,,,2024-12-09T22:03:00,,,,0,,,,,,,,,,,,,
2024-12-10 00:00:00,972.3,16.1,88.0,1.4,330.0,4.0,11.0,0.0,,,,,,,,,,,2024-12-09T23:19:00,,,,0,,,,,,,,,,,,,
2024-12-10 01:00:00,971.8,16.3,86.0,2.2,328.0,5.4,335.0,0.0,,,,,,,,,,,2024-12-10T00:59:00,,,,0,,,,,,,,,,,,,
2024-12-10 02:00:00,971.2,16.4,86.0,0.9,354.0,5.3,6.0,0.0,,,,,,,,,,,2024-12-10T01:13:00,,,,0,,,,,,,,,,,,,
2024-12-10 03:00:00,970.6,16.2,88.0,1.2,16.0,4.7,40.0,0.0,,,,,,,,,,,2024-12-10T02:44:00,,,,0,,,,,,,,,,,,,
2024-12-10 04:00:00,970.6,16.3,85.0,0.7,18.0,3.3,358.0,0.0,,,,,,,,,,,2024-12-10T03:46:00,,,,0,,,,,,,,,,,,,
2024-12-10 05:00:00,970.7,15.9,88.0,0.5,24.0,2.9,1.0,0.0,,,,,,,,,,,2024-12-10T04:30:00,,,,0,,,,,,,,,,,,,
2024-12-10 06:00:00,971.2,15.7,90.0,0.8,338.0,3.5,30.0,0.0,,,,,,,,,,,2024-12-10T05:18:00,,,,0,,,,,,,,,,,,,
2024-12-10 07:00:00,971.8,16.7,85.0,1.0,353.0,5.3,314.0,0.0,,,,,,,,,,,2024-12-10T06:10:00,,,,0,,,,,,,,,,,,,
2024-12-10 08:00:00,972.3,17.7,88.0,0.3,54.0,3.2,15.0,0.0,,,,,,,,,,,2024-12-10T07:03:00,,,,0,,,,,,,,,,,,,
2024-12-10 09:00:00,972.4,21.2,75.0,0.0,0.0,3.2,342.0,0.0,,,,,,,,,,,2024-12-10T08:43:00,,,,0,,,,,,,,,,,,,
2024-12-10 10:00:00,972.4,21.6,77.0,0.0,0.0,1.9,60.0,0.0,,,,,,,,,,,2024-12-10T09:06:00,,,,0,,,,,,,,,,,,,
2024-12-10 11:00:00,971.9,21.7,82.0,0.6,55.0,3.5,39.0,0.0,,,,,,,,,,,2024-12-10T10:56:00,,,,0,,,,,,,,,,,,,
2024-12-10 12:00:00,970.6,20.1,92.0,1.4,63.0,5.5,57.0,0.0,,,,,,,,,,,2024-12-10T11:38:00,,,,0,,,,,,,,,,,,,
2024-12-10 13:00:00,969.9,20.8,87.0,0.6,72.0,4.8,69.0,0.0,,,,,,,,,,,2024-12-10T12:12:00,,,,0,,,,,,,,,,,,,
2024-12-10 14:00:00,969.7,23.3,68.0,0.0,0.0,0.0,0.0,0.0,,,,,,,,,,,2024-12-10T13:05:00,,,,0,,,,,,,,,,,,,
2024-12-10 15:00:00,969.3,22.2,79.0,0.0,0.0,0.0,0.0,0.0,,,,,,,,,,,2024-12-10T14:05:00,,,,0,,,,,,,,,,,,,
2024-12-10 16:00:00,969.3,20.9,83.0,1.0,60.0,3.5,48.0,0.0,,,,,,,,,,,2024-12-10T15:55:00,,,,0,,,,,,,,,,,,,
2024-12-10 17:00:00,969.8,19.3,96.0,1.6,55.0,4.8,54.0,0.0,,,,,,,,,,,2024-12-10T16:23:00,,,,0,,,,,,,,,,,,,
2024-12-10 18:00:00,970.5,18.4,93.0,0.3,319.0,3.2,36.0,0.0,,,,,,,,,,,2024-12-10T17:03:00,,,,0,,,,,,,,,,,,,
2024-12-10 19:00:00,970.7,18.6,91.0,0.3,320.0,4.2,320.0,0.0,,,,,,,,,,,2024-12-10T18:37:00,,,,0,,,,,,,,,,,,,
2024-12-10 20:00:00,971.2,18.3,94.0,0.0,0.0,3.4,306.0,0.0,,,,,,,,,,,2024-12-10T19:41:00,,,,0,,,,,,,,,,,,,
2024-12-10 21:00:00,971.3,17.7,97.0,0.3,18.0,3.8,317.0,0.0,,,,,,,,,,,2024-12-10T20:18:00,,,,0,,,,,,,,,,,,,
2024-12-10 22:00:00,971.2,18.1,91.0,2.5,311.0,4.4,325.0,0.0,,,,,,,,,,,2024-12-10T21:22:00,,,,0,,,,,,,,,,,,,
2024-12-10 23:00:00,971.1,18.6,87.0,2.1,327.0,4.1,301.0,0.0,,,,,,,,,,,2024-12-10T22:07:00,,,,0,,,,,,,,,,,,,
2024-12-11 00:00:00,970.6,17.9,90.0,1.9,38.0,2.7,323.0,0.0,,,,,,,,,,,2024-12-10T23:14:00,,,,0,,,,,,,,,,,,,
2024-12-11 01:00:00,970.5,17.9,89.0,1.7,19.0,3.7,47.0,0.0,,,,,,,,,,,2024-12-11T00:15:00,,,,0,,,,,,,,,,,,,
2024-12-11 02:00:00,969.8,18.0,89.0,1.8,301.0,2.6,308.0,0.0,,,,,,,,,,,2024-12-11T01:54:00,,,,0,,,,,,,,,,,,,
2024-12-11 03:00:00,969.3,18.0,85.0,1.9,306.0,3.6,314.0,0.0,,,,,,,,,,,2024-12-11T02:56:00,,,,0,,,,,,,,,,,,,
2024-12-11 04:00:00,969.4,18.1,80.0,2.4,316.0,3.5,317.0,0.0,,,,,,,,,,,2024-12-11T03:09:00,,,,0,,,,,,,,,,,,,
2024-12-11 05:00:00,969.8,17.4,83.0,1.6,324.0,3.5,324.0,0.0,,,,,,,,,,,2024-12-11T04:36:00,,,,0,,,,,,,,,,,,,
2024-12-11 06:00:00,970.0,18.0,80.0,1.2,4.0,3.5,6.0,0.0,,,,,,,,,,,2024-12-11T05:48:00,,,,0,,,,,,,,,,,,,
2024-12-11 07:00:00,970.6,18.0,80.0,0.6,29.0,2.8,44.0,0.0,,,,,,,,,,,2024-12-11T06:05:00,,,,0,,,,,,,,,,,,,
2024-12-11 08:00:00,971.1,19.5,82.0,0.0,0.0,2.8,36.0,0.0,,,,,,,,,,,2024-12-11T07:01:00,,,,0,,,,,,,,,,,,,
2024-12-11 09:00:00,971.2,23.5,72.0,0.5,71.0,3.1,61.0,0.0,,,,,,,,,,,2024-12-11T08:30:00,,,,0,,,,,,,,,,,,,
2024-12-11 10:00:00,971.2,25.2,71.0,0.0,0.0,2.9,55.0,0.0,,,,,,,,,,,2024-12-11T09:12:00,,,,0,,,,,,,,,,,,,
2024-12-11 11:00:00,970.6,26.4,72.0,0.0,0.0,2.9,70.0,0.0,,,,,,,,,,,2024-12-11T10:15:00,,,,0,,,,,,,,,,,,,
2024-12-11 12:00:00,969.7,26.0,65.0,0.0,0.0,1.6,108.0,0.0,,,,,,,,,,,2024-12-11T11:04:00,,,,0,,,,,,,,,,,,,
2024-12-11 13:00:00,968.6,23.0,78.0,0.1,0.0,4.1,110.0,0.0,,,,,,,,,,,2024-12-11T12:40:00,,,,0,,,,,,,,,,,,,
2024-12-11 14:00:00,968.6,21.7,87.0,0.8,62.0,4.3,85.0,0.0,,,,,,,,,,,2024-12-11T13:33:00,,,,0,,,,,,,,,,,,,
2024-12-11 15:00:00,968.5,21.2,93.0,0.0,0.0,4.4,82.0,0.0,,,,,,,,,,,2024-12-11T14:10:00,,,,0,,,,,,,,,,,,,
2024-12-11 16:00:00,968.6,20.6,94.0,0.0,0.0,0.0,0.0,0.0,,,,,,,,,,,2024-12-11T15:05:00,,,,0,,,,,,,,,,,,,
2024-12-11 17:00:00,969.2,20.0,97.0,0.0,0.0,0.0,0.0,0.0,,,,,,,,,,,2024-12-11T16:05:00,,,,0,,,,,,,,,,,,,
2024-12-11 18:00:00,969.9,19.5,96.0,1.3,56.0,2.1,61.0,0.0,,,,,,,,,,,2024-12-11T17:38:00,,,,0,,,,,,,,,,,,,
2024-12-11 19:00:00,970.5,19.3,97.0,1.7,52.0,3.3,39.0,0.0,,,,,,,,,,,2024-12-11T18:26:00,,,,0,,,,,,,,,,,,,
2024-12-11 20:00:00,970.5,19.0,95.0,0.0,0.0,3.7,63.0,0.0,,,,,,,,,,,2024-12-11T19:07:00,,,,0,,,,,,,,,,,,,
2024-12-11 21:00:00,970.6,18.5,97.0,1.3,324.0,5.9,22.0,0.0,,,,,,,,,,,2024-12-11T20:56:00,,,,0,,,,,,,,,,,,,
2024-12-11 22:00:00,970.8,18.5,98.0,1.5,309.0,5.0,314.0,0.0,,,,,,,,,,,2024-12-11T21:53:00,,,,0,,,,,,,,,,,,,
2024-12-11 23:00:00,970.5,18.3,97.0,0.2,0.0,3.6,337.0,0.0,,,,,,,,,,,2024-12-11T22:22:00,,,,0,,,,,,,,,,,,,
2024-12-12 00:00:00,970.4,17.8,100.0,0.4,29.0,4.4,310.0,0.0,,,,,,,,,,,2024-12-11T23:17:00,,,,0,,,,,,,,,,,,,
2024-12-12 01:00:00,970.0,17.6,100.0,0.1,0.0,4.2,31.0,0.0,,,,,,,,,,,2024-12-12T00:08:00,,,,0,,,,,,,,,,,,,
2024-12-12 02:00:00,969.8,18.0,100.0,0.2,0.0,3.2,66.0,0.0,,,,,,,,,,,2024-12-12T01:47:00,,,,0,,,,,,,,,,,,,
2024-12-12 03:00:00,969.8,17.9,100.0,0.2,0.0,3.7,355.0,0.0,,,,,,,,,,,2024-12-12T02:59:00,,,,0,,,,,,,,,,,,,
2024-12-12 04:00:00,969.3,17.7,99.0,0.4,33.0,5.5,20.0,0.0,,,,,,,,,,,2024-12-12T03:37:00,,,,0,,,,,,,,,,,,,
2024-12-12 05:00:00,969.9,17.4,98.0,0.1,0.0,8.1,42.0,0.0,,,,,,,,,,,2024-12-12T04:11:00,,,,0,,,,,,,,,,,,,
2024-12-12 06:00:00,970.5,17.3,98.0,0.0,0.0,3.0,12.0,0.0,,,,,,,,,,,2024-12-12T05:30:00,,,,0,,,,,,,,,,,,,
2024-12-12 07:00:00,971.2,17.2,98.0,0.1,0.0,3.2,44.0,0.0,,,,,,,,,,,2024-12-12T06:33:00,,,,0,,,,,,,,,,,,,
2024-12-12 08:00:00,972.0,17.8,95.0,0.2,0.0,2.7,326.0,0.0,,,,,,,,,,,2024-12-12T07:45:00,,,,0,,,,,,,,,,,,,
2024-12-12 09:00:00,972.5,18.3,90.0,0.3,79.0,4.5,4.0,0.0,,,,,,,,,,,2024-12-12T08:24:00,,,,0,,,,,,,,,,,,,
2024-12-12 10:00:00,972.9,19.4,83.0,0.8,85.0,5.9,71.0,0.0,,,,,,,,,,,2024-12-12T09:29:00,,,,0,,,,,,,,,,,,,
2024-12-12 11:00:00,972.5,20.7,80.0,0.5,78.0,5.9,21.0,0.0,,,,,,,,,,,2024-12-12T10:21:00,,,,0,,,,,,,,,,,,,
2024-12-12 12:00:00,971.7,21.7,76.0,0.2,0.0,6.2,117.0,0.0,,,,,,,,,,,2024-12-12T11:17:00,,,,0,,,,,,,,,,,,,
2024-12-12 13:00:00,970.5,21.2,77.0,0.1,0.0,4.3,65.0,0.0,,,,,,,,,,,2024-12-12T12:28:00,,,,0,,,,,,,,,,,,,
2024-12-12 14:00:00,969.9,22.0,71.0,0.1,0.0,3.8,61.0,0.0,,,,,,,,,,,2024-12-12T13:27:00,,,,0,,,,,,,,,,,,,
2024-12-12 15:00:00,969.4,20.1,79.0,0.2,0.0,3.7,55.0,0.0,,,,,,,,,,,2024-12-12T14:12:00,,,,0,,,,,,,,,,,,,
2024-12-12 16:00:00,969.8,18.9,81.0,0.1,0.0,3.8,358.0,0.0,,,,,,,,,,,2024-12-12T15:22:00,,,,0,,,,,,,,,,,,,
2024-12-12 17:00:00,970.1,17.9,84.0,0.1,0.0,4.7,24.0,0.0,,,,,,,,,,,2024-12-12T16:30:00,,,,0,,,,,,,,,,,,,
2024-12-12 18:00:00,970.5,17.5,86.0,0.1,0.0,3.6,12.0,0.0,,,,,,,,,,,2024-12-12T17:50:00,,,,0,,,,,,,,,,,,,
2024-12-12 19:00:00,971.1,17.3,87.0,0.2,0.0,5.8,8.0,0.0,,,,,,,,,,,2024-12-12T18:02:00,,,,0,,,,,,,,,,,,,
2024-12-12 20:00:00,971.6,17.3,89.0,0.1,0.0,3.3,56.0,0.0,,,,,,,,,,,2024-12-12T19:40:00,,,,0,,,,,,,,,,,,,
2024-12-12 21:00:00,972.0,17.3,90.0,0.5,15.0,4.0,52.0,0.0,,,,,,,,,,,2024-12-12T20:53:00,,,,0,,,,,,,,,,,,,
2024-12-12 22:00:00,972.4,17.1,91.0,0.8,19.0,4.6,31.0,0.0,,,,,,,,,,,2024-12-12T21:30:00,,,,0,,,,,,,,,,,,,
2024-12-12 23:00:00,971.8,17.1,91.0,0.4,2.0,5.3,38.0,0.0,,,,,,,,,,,2024-12-12T22:07:00,,,,0,,,,,,,,,,,,,
2024-12-13 00:00:00,971.6,17.0,90.0,0.1,0.0,3.7,26.0,0.0,,,,,,,,,,,2024-12-12T23:13:00,,,,0,,,,,,,,,,,,,
2024-12-13 01:00:00,971.2,17.0,90.0,0.4,38.0,5.7,340.0,0.0,,,,,,,,,,,2024-12-13T00:41:00,,,,0,,,,,,,,,,,,,
2024-12-13 02:00:00,970.4,17.0,89.0,1.9,337.0,5.7,12.0,0.0,,,,,,,,,,,2024-12-13T01:59:00,,,,0,,,,,,,,,,,,,
2024-12-13 03:00:00,969.9,17.0,90.0,0.7,345.0,4.8,334.0,0.0,,,,,,,,,,,2024-12-13T02:51:00,,,,0,,,,,,,,,,,,,
2024-12-13 04:00:00,970.0,17.0,90.0,0.6,334.0,4.6,5.0,0.0,,,,,,,,,,,2024-12-13T03:43:00,,,,0,,,,,,,,,,,,,
2024-12-13 05:00:00,970.5,17.2,89.0,1.2,334.0,4.3,301.0,0.0,,,,,,,,,,,2024-12-13T04:13:00,,,,0,,,,,,,,,,,,,
2024-12-13 06:00:00,970.7,17.2,90.0,1.1,339.0,4.9,331.0,0.0,,,,,,,,,,,2024-12-13T05:37:00,,,,0,,,,,,,,,,,,,
2024-12-13 07:00:00,971.3,17.2,90.0,0.1,0.0,5.2,21.0,0.0,,,,,,,,,,,2024-12-13T06:42:00,,,,0,,,,,,,,,,,,,
2024-12-13 08:00:00,972.4,17.3,90.0,1.8,329.0,6.9,319.0,0.0,,,,,,,,,,,2024-12-13T07:32:00,,,,0,,,,,,,,,,,,,
2024-12-13 09:00:00,972.7,18.0,91.0,0.0,0.0,5.4,33.0,0.0,,,,,,,,,,,2024-12-13T08:01:00,,,,0,,,,,,,,,,,,,
2024-12-13 10:00:00,972.6,19.2,86.0,0.1,0.0,4.4,329.0,0.0,,,,,,,,,,,2024-12-13T09:28:00,,,,0,,,,,,,,,,,,,
2024-12-13 11:00:00,972.2,19.9,85.0,0.0,0.0,3.3,11.0,0.0,,,,,,,,,,,2024-12-13T10:36:00,,,,0,,,,,,,,,,,,,
2024-12-13 12:00:00,970.9,21.4,82.0,0.0,0.0,3.8,7.0,0.0,,,,,,,,,,,2024-12-13T11:27:00,,,,0,,,,,,,,,,,,,
2024-12-13 13:00:00,970.0,22.1,80.0,0.0,0.0,3.9,57.0,0.0,,,,,,,,,,,2024-12-13T12:44:00,,,,0,,,,,,,,,,,,,
2024-12-13 14:00:00,969.8,21.3,87.0,0.7,57.0,3.7,72.0,0.0,,,,,,,,,,,2024-12-13T13:41:00,,,,0,,,,,,,,,,,,,
2024-12-13 15:00:00,969.7,21.1,87.0,0.0,0.0,3.6,39.0,0.0,,,,,,,,,,,2024-12-13T14:07:00,,,,0,,,,,,,,,,,,,
2024-12-13 16:00:00,969.8,20.0,93.0,0.7,60.0,2.4,59.0,0.0,,,,,,,,,,,2024-12-13T15:54:00,,,,0,,,,,,,,,,,,,
2024-12-13 17:00:00,970.5,19.1,94.0,0.0,0.0,2.0,328.0,0.0,,,,,,,,,,,2024-12-13T16:33:00,,,,0,,,,,,,,,,,,,
2024-12-13 18:00:00,971.2,18.5,95.0,0.0,0.0,3.7,29.0,0.0,,,,,,,,,,,2024-12-13T17:01:00,,,,0,,,,,,,,,,,,,
2024-12-13 19:00:00,971.9,18.1,97.0,0.1,0.0,2.7,350.0,0.0,,,,,,,,,,,2024-12-13T18:59:00,,,,0,,,,,,,,,,,,,
2024-12-13 20:00:00,972.5,17.5,99.0,0.1,0.0,2.8,37.0,0.0,,,,,,,,,,,2024-12-13T19:06:00,,,,0,,,,,,,,,,,,,
2024-12-13 21:00:00,973.0,17.4,99.0,0.1,0.0,4.6,41.0,0.0,,,,,,,,,,,2024-12-13T20:21:00,,,,0,,,,,,,,,,,,,
2024-12-13 22:00:00,973.2,17.1,100.0,0.2,0.0,3.9,54.0,0.0,,,,,,,,,,,2024-12-13T21:14:00,,,,0,,,,,,,,,,,,,
2024-12-13 23:00:00,973.6,16.5,97.0,0.1,0.0,5.0,27.0,0.0,,,,,,,,,,,2024-12-13T22:11:00,,,,0,,,,,,,,,,,,,
2024-12-14 00:00:00,973.2,15.7,100.0,0.3,71.0,3.3,19.0,0.0,,,,,,,,,,,2024-12-13T23:17:00,,,,0,,,,,,,,,,,,,
2024-12-14 01:00:00,973.5,15.3,100.0,0.4,85.0,5.7,63.0,0.0,,,,,,,,,,,2024-12-14T00:09:00,,,,0,,,,,,,,,,,,,
2024-12-14 02:00:00,973.7,15.2,97.0,0.4,57.0,4.8,356.0,0.0,,,,,,,,,,,2024-12-14T01:46:00,,,,0,,,,,,,,,,,,,
2024-12-14 03:00:00,973.7,15.1,94.0,0.5,65.0,5.1,26.0,0.0,,,,,,,,,,,2024-12-14T02:08:00,,,,0,,,,,,,,,,,,,
2024-12-14 04:00:00,974.1,14.5,99.0,0.4,47.0,5.9,327.0,0.0,,,,,,,,,,,2024-12-14T03:13:00,,,,0,,,,,,,,,,,,,
2024-12-14 05:00:00,974.9,14.3,100.0,0.2,0.0,4.6,52.0,0.0,,,,,,,,,,,2024-12-14T04:36:00,,,,0,,,,,,,,,,,,,
2024-12-14 06:00:00,975.7,14.4,98.0,0.0,0.0,6.3,43.0,0.0,,,,,,,,,,,2024-12-14T05:48:00,,,,0,,,,,,,,,,,,,
2024-12-14 07:00:00,976.3,14.4,98.0,0.1,0.0,3.1,23.0,0.0,,,,,,,,,,,2024-12-14T06:02:00,,,,0,,,,,,,,,,,,,
2024-12-14 08:00:00,977.0,14.9,97.0,0.4,345.0,5.3,331.0,0.0,,,,,,,,,,,2024-12-14T07:30:00,,,,0,,,,,,,,,,,,,
2024-12-14 09:00:00,977.6,16.0,91.0,0.0,0.0,3.2,339.0,0.0,,,,,,,,,,,2024-12-14T08:44:00,,,,0,,,,,,,,,,,,,
2024-12-14 10:00:00,977.5,17.1,87.0,0.0,0.0,1.9,320.0,0.0,,,,,,,,,,,2024-12-14T09:24:00,,,,0,,,,,,,,,,,,,
2024-12-14 11:00:00,976.9,18.7,79.0,0.1,0.0,2.6,76.0,0.0,,,,,,,,,,,2024-12-14T10:37:00,,,,0,,,,,,,,,,,,,
2024-12-14 12:00:00,975.7,18.8,82.0,0.0,0.0,3.7,42.0,0.0,,,,,,,,,,,2024-12-14T11:05:00,,,,0,,,,,,,,,,,,,
2024-12-14 13:00:00,975.0,16.9,87.0,0.0,0.0,2.2,15.0,0.0,,,,,,,,,,,2024-12-14T12:32:00,,,,0,,,,,,,,,,,,,
2024-12-14 14:00:00,974.4,16.1,88.0,0.1,0.0,2.6,42.0,0.0,,,,,,,,,,,2024-12-14T13:38:00,,,,0,,,,,,,,,,,,,
2024-12-14 15:00:00,974.4,15.3,92.0,0.0,0.0,2.7,29.0,0.0,,,,,,,,,,,2024-12-14T14:06:00,,,,0,,,,,,,,,,,,,
2024-12-14 16:00:00,974.5,14.8,90.0,0.0,0.0,5.2,339.0,0.0,,,,,,,,,,,2024-12-14T15:34:00,,,,0,,,,,,,,,,,,,
2024-12-14 17:00:00,975.1,14.1,94.0,0.0,0.0,3.4,9.0,0.0,,,,,,,,,,,2024-12-14T16:49:00,,,,0,,,,,,,,,,,,,
2024-12-14 18:00:00,975.6,13.5,95.0,0.1,0.0,4.4,316.0,0.0,,,,,,,,,,,2024-12-14T17:52:00,,,,0,,,,,,,,,,,,,
2024-12-14 19:00:00,976.2,13.2,94.0,0.3,44.0,5.3,326.0,0.0,,,,,,,,,,,2024-12-14T18:57:00,,,,0,,,,,,,,,,,,,
2024-12-14 20:00:00,976.4,13.2,94.0,0.6,7.0,4.8,82.0,0.0,,,,,,,,,,,2024-12-14T19:02:00,,,,0,,,,,,,,,,,,,
2024-12-14 21:00:00,976.8,13.0,92.0,0.4,67.0,6.3,40.0,0.0,,,,,,,,,,,2024-12-14T20:06:00,,,,0,,,,,,,,,,,,,
2024-12-14 22:00:00,977.0,12.9,91.0,0.7,55.0,4.4,42.0,0.0,,,,,,,,,,,2024-12-14T21:57:00,,,,0,,,,,,,,,,,,,
2024-12-14 23:00:00,977.0,13.1,93.0,0.0,0.0,4.3,47.0,0.0,,,,,,,,,,,2024-12-14T22:05:00,,,,0,,,,,,,,,,,,,
2024-12-15 00:00:00,976.8,13.1,92.0,0.1,0.0,3.7,333.0,0.0,,,,,,,,,,,2024-12-14T23:22:00,,,,0,,,,,,,,,,,,,
2024-12-15 01:00:00,976.4,13.1,94.0,0.0,0.0,5.1,12.0,0.0,,,,,,,,,,,2024-12-15T00:28:00,,,,0,,,,,,,,,,,,,
2024-12-15 02:00:00,976.0,12.8,94.0,0.6,344.0,5.0,332.0,0.0,,,,,,,,,,,2024-12-15T01:50:00,,,,0,,,,,,,,,,,,,
2024-12-15 03:00:00,975.6,12.7,95.0,0.3,50.0,5.7,335.0,0.0,,,,,,,,,,,2024-12-15T02:43:00,,,,0,,,,,,,,,,,,,
2024-12-15 04:00:00,975.6,12.6,95.0,0.1,0.0,4.8,352.0,0.0,,,,,,,,,,,2024-12-15T03:32:00,,,,0,,,,,,,,,,,,,
2024-12-15 05:00:00,975.6,12.3,94.0,2.1,320.0,5.9,326.0,0.0,,,,,,,,,,,2024-12-15T04:51:00,,,,0,,,,,,,,,,,,,
2024-12-15 06:00:00,976.3,12.4,95.0,0.7,337.0,5.5,328.0,0.0,,,,,,,,,,,2024-12-15T05:06:00,,,,0,,,,,,,,,,,,,
2024-12-15 07:00:00,976.9,12.8,92.0,0.6,351.0,5.8,348.0,0.0,,,,,,,,,,,2024-12-15T06:17:00,,,,0,,,,,,,,,,,,,
2024-12-15 08:00:00,977.4,14.4,86.0,0.4,51.0,6.9,28.0,0.0,,,,,,,,,,,2024-12-15T07:01:00,,,,0,,,,,,,,,,,,,
2024-12-15 09:00:00,977.6,19.4,70.0,0.3,57.0,4.1,21.0,0.0,,,,,,,,,,,2024-12-15T08:56:00,,,,0,,,,,,,,,,,,,
2024-12-15 10:00:00,977.6,19.1,71.0,0.0,0.0,7.6,52.0,0.0,,,,,,,,,,,2024-12-15T09:02:00,,,,0,,,,,,,,,,,,,
2024-12-15 11:00:00,976.9,21.0,68.0,0.0,0.0,1.8,124.0,0.0,,,,,,,,,,,2024-12-15T10:10:00,,,,0,,,,,,,,,,,,,
2024-12-15 12:00:00,976.0,20.4,70.0,0.0,0.0,2.3,70.0,0.0,,,,,,,,,,,2024-12-15T11:31:00,,,,0,,,,,,,,,,,,,
2024-12-15 13:00:00,974.9,22.2,65.0,0.0,0.0,3.4,56.0,0.0,,,,,,,,,,,2024-12-15T12:17:00,,,,0,,,,,,,,,,,,,
2024-12-15 14:00:00,974.3,21.8,62.0,0.0,0.0,2.8,81.0,0.0,,,,,,,,,,,2024-12-15T13:50:00,,,,0,,,,,,,,,,,,,
2024-12-15 15:00:00,974.2,19.2,72.0,0.0,0.0,2.8,85.0,0.0,,,,,,,,,,,2024-12-15T14:31:00,,,,0,,,,,,,,,,,,,
2024-12-15 16:00:00,974.4,16.8,78.0,0.0,0.0,3.1,11.0,0.0,,,,,,,,,,,2024-12-15T15:36:00,,,,0,,,,,,,,,,,,,
2024-12-15 17:00:00,974.9,15.2,83.0,0.1,0.0,4.0,10.0,0.0,,,,,,,,,,,2024-12-15T16:13:00,,,,0,,,,,,,,,,,,,
2024-12-15 18:00:00,975.0,14.5,84.0,0.4,54.0,4.7,28.0,0.0,,,,,,,,,,,2024-12-15T17:58:00,,,,0,,,,,,,,,,,,,
2024-12-15 19:00:00,975.6,14.1,87.0,0.2,0.0,6.9,346.0,0.0,,,,,,,,,,,2024-12-15T18:40:00,,,,0,,,,,,,,,,,,,
2024-12-15 20:00:00,976.1,13.8,88.0,0.4,53.0,4.1,33.0,0.0,,,,,,,,,,,2024-12-15T19:09:00,,,,0,,,,,,,,,,,,,
2024-12-15 21:00:00,976.3,13.6,90.0,0.2,0.0,4.2,318.0,0.0,,,,,,,,,,,2024-12-15T20:20:00,,,,0,,,,,,,,,,,,,
2024-12-15 22:00:00,975.9,13.1,93.0,0.4,354.0,4.3,2.0,0.0,,,,,,,,,,,2024-12-15T21:47:00,,,,0,,,,,,,,,,,,,
2024-12-15 23:00:00,975.5,13.1,93.0,1.0,342.0,6.2,66.0,0.0,,,,,,,,,,,2024-12-15T22:53:00,,,,0,,,,,,,,,,,,,
2024-12-16 00:00:00,975.1,13.0,93.0,0.8,358.0,5.6,318.0,0.0,,,,,,,,,,,2024-12-15T23:22:00,,,,0,,,,,,,,,,,,,
2024-12-16 01:00:00,975.0,13.2,93.0,1.4,341.0,6.1,8.0,0.0,,,,,,,,,,,2024-12-16T00:35:00,,,,0,,,,,,,,,,,,,
2024-12-16 02:00:00,974.4,13.3,92.0,0.6,349.0,5.5,351.0,0.0,,,,,,,,,,,2024-12-16T01:16:00,,,,0,,,,,,,,,,,,,
2024-12-16 03:00:00,974.3,13.0,93.0,0.6,1.0,5.0,32.0,0.0,,,,,,,,,,,2024-12-16T02:24:00,,,,0,,,,,,,,,,,,,
2024-12-16 04:00:00,973.9,13.0,94.0,1.0,359.0,6.9,312.0,0.0,,,,,,,,,,,2024-12-16T03:37:00,,,,0,,,,,,,,,,,,,
2024-12-16 05:00:00,974.2,12.9,95.0,0.3,340.0,4.9,336.0,0.0,,,,,,,,,,,2024-12-16T04:48:00,,,,0,,,,,,,,,,,,,
2024-12-16 06:00:00,974.5,12.8,94.0,0.6,332.0,6.8,6.0,0.0,,,,,,,,,,,2024-12-16T05:13:00,,,,0,,,,,,,,,,,,,
2024-12-16 07:00:00,975.0,12.8,94.0,0.8,10.0,7.0,320.0,0.0,,,,,,,,,,,2024-12-16T06:09:00,,,,0,,,,,,,,,,,,,
2024-12-16 08:00:00,975.6,13.5,92.0,0.4,53.0,5.5,70.0,0.0,,,,,,,,,,,2024-12-16T07:52:00,,,,0,,,,,,,,,,,,,
2024-12-16 09:00:00,976.3,14.5,89.0,0.4,19.0,4.1,37.0,0.0,,,,,,,,,,,2024-12-16T08:41:00,,,,0,,,,,,,,,,,,,
2024-12-16 10:00:00,976.3,15.0,86.0,0.1,0.0,5.1,344.0,0.0,,,,,,,,,,,2024-12-16T09:08:00,,,,0,,,,,,,,,,,,,
2024-12-16 11:00:00,976.3,16.9,81.0,0.0,0.0,2.6,1.0,0.0,,,,,,,,,,,2024-12-16T10:38:00,,,,0,,,,,,,,,,,,,
2024-12-16 12:00:00,975.0,18.3,74.0,0.2,0.0,3.7,329.0,0.0,,,,,,,,,,,2024-12-16T11:37:00,,,,0,,,,,,,,,,,,,
2024-12-16 13:00:00,974.3,17.1,79.0,0.0,0.0,2.8,327.0,0.0,,,,,,,,,,,2024-12-16T12:05:00,,,,0,,,,,,,,,,,,,
2024-12-16 14:00:00,973.7,16.5,80.0,0.1,0.0,5.0,334.0,0.0,,,,,,,,,,,2024-12-16T13:58:00,,,,0,,,,,,,,,,,,,
2024-12-16 15:00:00,973.3,15.1,84.0,0.1,0.0,4.5,311.0,0.0,,,,,,,,,,,2024-12-16T14:04:00,,,,0,,,,,,,,,,,,,
2024-12-16 16:00:00,973.6,14.4,88.0,0.2,0.0,3.5,58.0,0.0,,,,,,,,,,,2024-12-16T15:36:00,,,,0,,,,,,,,,,,,,
2024-12-16 17:00:00,973.8,14.1,90.0,0.0,0.0,3.1,317.0,0.0,,,,,,,,,,,2024-12-16T16:55:00,,,,0,,,,,,,,,,,,,
2024-12-16 18:00:00,974.3,13.9,91.0,0.1,0.0,3.8,73.0,0.0,,,,,,,,,,,2024-12-16T17:26:00,,,,0,,,,,,,,,,,,,
2024-12-16 19:00:00,974.4,13.8,91.0,0.1,0.0,4.6,283.0,0.0,,,,,,,,,,,2024-12-16T18:14:00,,,,0,,,,,,,,,,,,,
2024-12-16 20:00:00,974.9,13.9,91.0,0.4,339.0,3.3,10.0,0.0,,,,,,,,,,,2024-12-16T19:56:00,,,,0,,,,,,,,,,,,,
2024-12-16 21:00:00,975.0,13.9,89.0,1.4,325.0,5.1,332.0,0.0,,,,,,,,,,,2024-12-16T20:58:00,,,,0,,,,,,,,,,,,,
2024-12-16 22:00:00,975.0,14.0,90.0,0.3,29.0,4.7,339.0,0.0,,,,,,,,,,,2024-12-16T21:38:00,,,,0,,,,,,,,,,,,,
2024-12-16 23:00:00,975.0,14.1,89.0,0.3,348.0,4.3,6.0,0.0,,,,,,,,,,,2024-12-16T22:23:00,,,,0,,,,,,,,,,,,,
2024-12-17 00:00:00,975.0,14.3,88.0,0.1,0.0,2.9,360.0,0.0,,,,,,,,,,,2024-12-16T23:02:00,,,,0,,,,,,,,,,,,,
2024-12-17 01:00:00,974.4,14.3,88.0,0.6,326.0,3.1,12.0,0.0,,,,,,,,,,,2024-12-17T00:26:00,,,,0,,,,,,,,,,,,,
2024-12-17 02:00:00,973.7,14.2,89.0,1.0,338.0,6.9,332.0,0.0,,,,,,,,,,,2024-12-17T01:31:00,,,,0,,,,,,,,,,,,,
2024-12-17 03:00:00,973.6,14.4,87.0,2.6,322.0,5.8,2.0,0.0,,,,,,,,,,,2024-12-17T03:00:00,,,,0,,,,,,,,,,,,,
2024-12-17 04:00:00,973.7,14.6,88.0,2.2,321.0,6.9,335.0,0.0,,,,,,,,,,,2024-12-17T03:56:00,,,,0,,,,,,,,,,,,,
2024-12-17 05:00:00,973.7,13.6,93.0,0.2,0.0,5.7,324.0,0.0,,,,,,,,,,,2024-12-17T04:05:00,,,,0,,,,,,,,,,,,,
2024-12-17 06:00:00,974.3,14.2,90.0,1.8,327.0,6.4,310.0,0.0,,,,,,,,,,,2024-12-17T05:50:00,,,,0,,,,,,,,,,,,,
2024-12-17 07:00:00,974.9,14.8,85.0,1.9,319.0,6.0,11.0,0.0,,,,,,,,,,,2024-12-17T06:23:00,,,,0,,,,,,,,,,,,,
2024-12-17 08:00:00,975.0,18.6,79.0,0.3,39.0,6.4,338.0,0.0,,,,,,,,,,,2024-12-17T07:35:00,,,,0,,,,,,,,,,,,,
2024-12-17 09:00:00,975.0,18.4,73.0,0.2,0.0,3.9,32.0,0.0,,,,,,,,,,,2024-12-17T08:33:00,,,,0,,,,,,,,,,,,,
2024-12-17 10:00:00,974.5,19.8,73.0,0.1,0.0,3.8,15.0,0.0,,,,,,,,,,,2024-12-17T09:04:00,,,,0,,,,,,,,,,,,,
2024-12-17 11:00:00,974.2,22.1,70.0,0.0,0.0,2.0,36.0,0.0,,,,,,,,,,,2024-12-17T10:01:00,,,,0,,,,,,,,,,,,,
2024-12-17 12:00:00,973.0,22.4,70.0,0.0,0.0,2.8,62.0,0.0,,,,,,,,,,,2024-12-17T11:49:00,,,,0,,,,,,,,,,,,,
2024-12-17 13:00:00,971.8,22.7,66.0,0.0,0.0,0.0,0.0,0.0,,,,,,,,,,,2024-12-17T12:05:00,,,,0,,,,,,,,,,,,,
2024-12-17 14:00:00,971.1,23.2,63.0,0.0,0.0,3.0,319.0,0.0,,,,,,,,,,,2024-12-17T13:37:00,,,,0,,,,,,,,,,,,,
2024-12-17 15:00:00,971.2,20.9,76.0,0.4,52.0,3.6,65.0,0.0,,,,,,,,,,,2024-12-17T14:28:00,,,,0,,,,,,,,,,,,,
2024-12-17 16:00:00,971.8,19.2,83.0,1.4,56.0,3.9,44.0,0.0,,,,,,,,,,,2024-12-17T15:59:00,,,,0,,,,,,,,,,,,,
2024-12-17 17:00:00,972.4,18.4,79.0,0.0,0.0,3.8,56.0,0.0,,,,,,,,,,,2024-12-17T16:05:00,,,,0,,,,,,,,,,,,,
2024-12-17 18:00:00,972.9,18.0,80.0,0.2,0.0,3.1,312.0,0.0,,,,,,,,,,,2024-12-17T17:57:00,,,,0,,,,,,,,,,,,,
2024-12-17 19:00:00,972.7,17.4,86.0,0.0,0.0,4.5,47.0,0.0,,,,,,,,,,,2024-12-17T18:07:00,,,,0,,,,,,,,,,,,,
2024-12-17 20:00:00,973.2,17.2,87.0,0.1,0.0,4.1,52.0,0.0,,,,,,,,,,,2024-12-17T19:29:00,,,,0,,,,,,,,,,,,,
2024-12-17 21:00:00,973.7,16.6,91.0,0.2,0.0,3.7,24.0,0.0,,,,,,,,,,,2024-12-17T20:33:00,,,,0,,,,,,,,,,,,,
2024-12-17 22:00:00,973.7,16.5,93.0,0.1,0.0,4.2,38.0,0.0,,,,,,,,,,,2024-12-17T21:01:00,,,,0,,,,,,,,,,,,,
2024-12-17 23:00:00,973.1,16.0,97.0,0.4,6.0,4.6,314.0,0.0,,,,,,,,,,,2024-12-17T22:46:00,,,,0,,,,,,,,,,,,,
2024-12-18 00:00:00,972.9,15.6,98.0,1.1,47.0,4.9,40.0,0.0,,,,,,,,,,,2024-12-17T23:50:00,,,,0,,,,,,,,,,,,,
2024-12-18 01:00:00,972.4,14.9,100.0,0.9,39.0,4.6,50.0,0.0,,,,,,,,,,,2024-12-18T00:29:00,,,,0,,,,,,,,,,,,,
2024-12-18 02:00:00,971.8,14.9,98.0,0.7,354.0,5.1,11.0,0.0,,,,,,,,,,,2024-12-18T01:34:00,,,,0,,,,,,,,,,,,,
2024-12-18 03:00:00,971.4,14.6,98.0,0.7,358.0,5.4,42.0,0.0,,,,,,,,,,,2024-12-18T02:06:00,,,,0,,,,,,,,,,,,,
2024-12-18 04:00:00,971.7,14.6,98.0,0.3,5.0,4.5,334.0,0.0,,,,,,,,,,,2024-12-18T03:38:00,,,,0,,,,,,,,,,,,,
2024-12-18 05:00:00,971.9,14.6,97.0,0.5,350.0,4.6,20.0,0.0,,,,,,,,,,,2024-12-18T04:58:00,,,,0,,,,,,,,,,,,,
2024-12-18 06:00:00,972.0,14.7,97.0,0.6,354.0,5.5,31.0,0.0,,,,,,,,,,,2024-12-18T05:06:00,,,,0,,,,,,,,,,,,,
2024-12-18 07:00:00,972.6,15.1,95.0,0.3,28.0,3.3,5.0,0.0,,,,,,,,,,,2024-12-18T06:17:00,,,,0,,,,,,,,,,,,,
2024-12-18 08:00:00,973.0,16.2,91.0,0.3,40.0,4.4,39.0,0.0,,,,,,,,,,,2024-12-18T07:01:00,,,,0,,,,,,,,,,,,,
2024-12-18 09:00:00,973.2,17.4,87.0,0.4,64.0,7.3,43.0,0.0,,,,,,,,,,,2024-12-18T08:36:00,,,,0,,,,,,,,,,,,,
2024-12-18 10:00:00,973.2,19.1,84.0,0.3,30.0,3.9,23.0,0.0,,,,,,,,,,,2024-12-18T09:42:00,,,,0,,,,,,,,,,,,,
2024-12-18 11:00:00,972.5,21.0,75.0,0.4,42.0,4.7,14.0,0.0,,,,,,,,,,,2024-12-18T10:10:00,,,,0,,,,,,,,,,,,,
2024-12-18 12:00:00,971.8,23.0,67.0,0.2,0.0,6.5,54.0,0.0,,,,,,,,,,,2024-12-18T11:36:00,,,,0,,,,,,,,,,,,,
2024-12-18 13:00:00,971.0,21.4,71.0,0.3,48.0,5.7,67.0,0.0,,,,,,,,,,,2024-12-18T12:59:00,,,,0,,,,,,,,,,,,,
2024-12-18 14:00:00,970.7,18.9,76.0,0.0,0.0,5.3,2.0,0.0,,,,,,,,,,,2024-12-18T13:12:00,,,,0,,,,,,,,,,,,,
2024-12-18 15:00:00,970.6,17.0,81.0,0.4,47.0,6.0,322.0,0.0,,,,,,,,,,,2024-12-18T14:36:00,,,,0,,,,,,,,,,,,,
2024-12-18 16:00:00,971.3,15.7,85.0,0.5,57.0,4.9,356.0,0.0,,,,,,,,,,,2024-12-18T15:54:00,,,,0,,,,,,,,,,,,,
2024-12-18 17:00:00,972.4,14.6,87.0,0.3,81.0,5.2,35.0,0.0,,,,,,,,,,,2024-12-18T16:20:00,,,,0,,,,,,,,,,,,,
2024-12-18 18:00:00,973.1,14.3,88.0,0.1,0.0,5.6,71.0,0.0,,,,,,,,,,,2024-12-18T17:11:00,,,,0,,,,,,,,,,,,,
2024-12-18 19:00:00,973.8,13.4,95.0,0.5,65.0,4.8,3.0,0.0,,,,,,,,,,,2024-12-18T18:17:00,,,,0,,,,,,,,,,,,,
2024-12-18 20:00:00,974.4,12.9,97.0,0.6,90.0,5.5,47.0,0.0,,,,,,,,,,,2024-12-18T19:10:00,,,,0,,,,,,,,,,,,,
2024-12-18 21:00:00,974.5,12.8,93.0,0.6,81.0,3.5,356.0,0.0,,,,,,,,,,,2024-12-18T20:05:00,,,,0,,,,,,,,,,,,,
2024-12-18 22:00:00,974.8,12.6,90.0,0.6,62.0,4.8,22.0,0.0,,,,,,,,,,,2024-12-18T21:43:00,,,,0,,,,,,,,,,,,,
2024-12-18 23:00:00,975.0,11.8,98.0,0.6,29.0,6.0,328.0,0.0,,,,,,,,,,,2024-12-18T22:01:00,,,,0,,,,,,,,,,,,,
2024-12-19 00:00:00,974.9,11.4,96.0,0.8,45.0,5.7,347.0,0.0,,,,,,,,,,,2024-12-18T23:54:00,,,,0,,,,,,,,,,,,,
2024-12-19 01:00:00,974.4,11.3,95.0,1.0,66.0,8.3,38.0,0.0,,,,,,,,,,,2024-12-19T00:59:00,,,,0,,,,,,,,,,,,,
2024-12-19 02:00:00,974.3,11.4,91.0,0.7,61.0,8.2,14.0,0.0,,,,,,,,,,,2024-12-19T01:57:00,,,,0,,,,,,,,,,,,,
2024-12-19 03:00:00,973.6,11.2,89.0,0.8,78.0,5.5,84.0,0.0,,,,,,,,,,,2024-12-19T02:51:00,,,,0,,,,,,,,,,,,,
2024-12-19 04:00:00,973.6,11.5,87.0,0.7,62.0,5.3,327.0,0.0,,,,,,,,,,,2024-12-19T03:06:00,,,,0,,,,,,,,,,,,,
2024-12-19 05:00:00,973.7,11.5,87.0,0.9,65.0,7.3,18.0,0.0,,,,,,,,,,,2024-12-19T04:46:00,,,,0,,,,,,,,,,,,,
2024-12-19 06:00:00,973.9,11.2,88.0,1.1,49.0,7.1,12.0,0.0,,,,,,,,,,,2024-12-19T05:44:00,,,,0,,,,,,,,,,,,,
2024-12-19 07:00:00,974.9,11.5,84.0,1.0,56.0,9.6,357.0,0.0,,,,,,,,,,,2024-12-19T06:37:00,,,,0,,,,,,,,,,,,,
2024-12-19 08:00:00,975.6,11.1,90.0,0.8,49.0,7.6,13.0,0.0,,,,,,,,,,,2024-12-19T07:55:00,,,,0,,,,,,,,,,,,,
2024-12-19 09:00:00,976.2,12.0,83.0,0.6,55.0,6.4,72.0,0.0,,,,,,,,,,,2024-12-19T08:45:00,,,,0,,,,,,,,,,,,,
2024-12-19 10:00:00,976.3,12.8,81.0,1.0,8.0,4.2,20.0,0.0,,,,,,,,,,,2024-12-19T09:17:00,,,,0,,,,,,,,,,,,,
2024-12-19 11:00:00,975.2,15.1,75.0,0.4,7.0,7.1,25.0,0.0,,,,,,,,,,,2024-12-19T10:36:00,,,,0,,,,,,,,,,,,,
2024-12-19 12:00:00,974.3,15.8,71.0,0.4,7.0,5.3,29.0,0.0,,,,,,,,,,,2024-12-19T11:20:00,,,,0,,,,,,,,,,,,,
2024-12-19 13:00:00,973.1,15.8,72.0,0.2,0.0,4.6,2.0,0.0,,,,,,,,,,,2024-12-19T12:35:00,,,,0,,,,,,,,,,,,,
2024-12-19 14:00:00,972.5,15.7,72.0,0.2,0.0,3.8,32.0,0.0,,,,,,,,,,,2024-12-19T13:52:00,,,,0,,,,,,,,,,,,,
2024-12-19 15:00:00,972.5,14.5,72.0,0.2,0.0,6.0,42.0,0.0,,,,,,,,,,,2024-12-19T14:29:00,,,,0,,,,,,,,,,,,,
2024-12-19 16:00:00,972.5,13.4,76.0,0.0,0.0,4.4,10.0,0.0,,,,,,,,,,,2024-12-19T15:33:00,,,,0,,,,,,,,,,,,,
2024-12-19 17:00:00,973.0,13.3,77.0,0.6,320.0,4.0,283.0,0.0,,,,,,,,,,,2024-12-19T16:56:00,,,,0,,,,,,,,,,,,,
2024-12-19 18:00:00,973.1,13.0,78.0,0.4,73.0,7.2,9.0,0.0,,,,,,,,,,,2024-12-19T17:31:00,,,,0,,,,,,,,,,,,,
2024-12-19 19:00:00,973.1,12.9,79.0,0.3,19.0,5.7,313.0,0.0,,,,,,,,,,,2024-12-19T18:45:00,,,,0,,,,,,,,,,,,,
2024-12-19 20:00:00,973.2,12.7,79.0,0.2,0.0,5.0,344.0,0.0,,,,,,,,,,,2024-12-19T19:30:00,,,,0,,,,,,,,,,,,,
2024-12-19 21:00:00,973.2,12.9,79.0,1.5,335.0,5.2,350.0,0.0,,,,,,,,,,,2024-12-19T20:59:00,,,,0,,,,,,,,,,,,,
2024-12-19 22:00:00,973.0,12.8,81.0,0.7,348.0,6.4,317.0,0.0,,,,,,,,,,,2024-12-19T21:04:00,,,,0,,,,,,,,,,,,,
2024-12-19 23:00:00,972.5,13.0,80.0,0.4,1.0,4.1,323.0,0.0,,,,,,,,,,,2024-12-19T22:05:00,,,,0,,,,,,,,,,,,,
2024-12-20 00:00:00,971.9,12.9,79.0,1.7,326.0,4.8,328.0,0.0,,,,,,,,,,,2024-12-19T23:55:00,,,,0,,,,,,,,,,,,,
2024-12-20 01:00:00,971.7,12.8,80.0,0.0,0.0,5.8,334.0,0.0,,,,,,,,,,,2024-12-20T00:42:00,,,,0,,,,,,,,,,,,,
2024-12-20 02:00:00,971.1,12.2,84.0,1.7,340.0,6.0,14.0,0.0,,,,,,,,,,,2024-12-20T01:45:00,,,,0,,,,,,,,,,,,,
2024-12-20 03:00:00,970.7,12.1,86.0,1.5,19.0,5.4,16.0,0.0,,,,,,,,,,,2024-12-20T02:18:00,,,,0,,,,,,,,,,,,,
2024-12-20 04:00:00,970.6,12.1,85.0,0.6,348.0,5.4,324.0,0.0,,,,,,,,,,,2024-12-20T03:48:00,,,,0,,,,,,,,,,,,,
2024-12-20 05:00:00,971.2,12.2,88.0,0.4,330.0,5.5,2.0,0.0,,,,,,,,,,,2024-12-20T04:06:00,,,,0,,,,,,,,,,,,,
2024-12-20 06:00:00,971.9,12.7,82.0,0.5,17.0,7.0,314.0,0.0,,,,,,,,,,,2024-12-20T05:15:00,,,,0,,,,,,,,,,,,,
2024-12-20 07:00:00,972.3,13.6,82.0,0.4,10.0,4.4,318.0,0.0,,,,,,,,,,,2024-12-20T06:13:00,,,,0,,,,,,,,,,,,,
2024-12-20 08:00:00,972.5,16.8,74.0,0.1,0.0,3.8,98.0,0.0,,,,,,,,,,,2024-12-20T07:49:00,,,,0,,,,,,,,,,,,,
2024-12-20 09:00:00,973.0,19.9,64.0,0.1,0.0,3.8,45.0,0.0,,,,,,,,,,,2024-12-20T08:28:00,,,,0,,,,,,,,,,,,,
2024-12-20 10:00:00,972.5,21.8,58.0,0.1,0.0,6.5,16.0,0.0,,,,,,,,,,,2024-12-20T09:05:00,,,,0,,,,,,,,,,,,,
2024-12-20 11:00:00,971.8,22.0,62.0,0.1,0.0,4.5,49.0,0.0,,,,,,,,,,,2024-12-20T10:30:00,,,,0,,,,,,,,,,,,,
2024-12-20 12:00:00,971.0,24.0,58.0,0.3,91.0,3.7,55.0,0.0,,,,,,,,,,,2024-12-20T11:40:00,,,,0,,,,,,,,,,,,,
2024-12-20 13:00:00,969.3,23.4,63.0,1.7,69.0,6.8,66.0,0.0,,,,,,,,,,,2024-12-20T13:00:00,,,,0,,,,,,,,,,,,,
2024-12-20 14:00:00,968.7,22.4,67.0,2.0,71.0,6.7,52.0,0.0,,,,,,,,,,,2024-12-20T13:16:00,,,,0,,,,,,,,,,,,,
2024-12-20 15:00:00,968.9,20.2,74.0,2.2,59.0,7.1,58.0,0.0,,,,,,,,,,,2024-12-20T14:37:00,,,,0,,,,,,,,,,,,,
2024-12-20 16:00:00,969.8,18.2,83.0,1.7,45.0,6.4,52.0,0.0,,,,,,,,,,,2024-12-20T15:30:00,,,,0,,,,,,,,,,,,,
2024-12-20 17:00:00,970.1,17.5,85.0,0.5,53.0,6.3,73.0,0.0,,,,,,,,,,,2024-12-20T16:23:00,,,,0,,,,,,,,,,,,,
2024-12-20 18:00:00,970.4,17.1,84.0,0.1,0.0,3.5,325.0,0.0,,,,,,,,,,,2024-12-20T17:32:00,,,,0,,,,,,,,,,,,,
2024-12-20 19:00:00,970.7,16.9,84.0,0.0,0.0,4.4,34.0,0.0,,,,,,,,,,,2024-12-20T18:41:00,,,,0,,,,,,,,,,,,,
2024-12-20 20:00:00,971.2,16.3,86.0,0.7,22.0,3.7,25.0,0.0,,,,,,,,,,,2024-12-20T19:55:00,,,,0,,,,,,,,,,,,,
2024-12-20 21:00:00,971.8,16.2,87.0,0.2,0.0,3.6,330.0,0.0,,,,,,,,,,,2024-12-20T20:36:00,,,,0,,,,,,,,,,,,,
2024-12-20 22:00:00,971.7,16.0,89.0,0.8,320.0,4.7,325.0,0.0,,,,,,,,,,,2024-12-20T21:37:00,,,,0,,,,,,,,,,,,,
2024-12-20 23:00:00,971.1,15.7,90.0,1.4,4.0,3.8,6.0,0.0,,,,,,,,,,,2024-12-20T22:06:00,,,,0,,,,,,,,,,,,,
2024-12-21 00:00:00,970.5,15.5,90.0,0.3,2.0,3.4,7.0,0.0,,,,,,,,,,,2024-12-20T23:30:00,,,,0,,,,,,,,,,,,,
2024-12-21 01:00:00,970.3,15.2,92.0,0.5,359.0,3.2,8.0,0.0,,,,,,,,,,,2024-12-21T00:58:00,,,,0,,,,,,,,,,,,,
2024-12-21 02:00:00,969.9,15.1,92.0,1.5,321.0,4.2,360.0,0.0,,,,,,,,,,,2024-12-21T01:06:00,,,,0,,,,,,,,,,,,,
2024-12-21 03:00:00,969.8,14.9,92.0,0.2,0.0,3.9,19.0,0.0,,,,,,,,,,,2024-12-21T02:06:00,,,,0,,,,,,,,,,,,,
2024-12-21 04:00:00,969.9,14.8,92.0,1.1,353.0,3.2,356.0,0.0,,,,,,,,,,,2024-12-21T03:58:00,,,,0,,,,,,,,,,,,,
2024-12-21 05:00:00,970.5,15.1,86.0,1.0,360.0,4.3,18.0,0.0,,,,,,,,,,,2024-12-21T05:00:00,,,,0,,,,,,,,,,,,,
2024-12-21 06:00:00,971.1,15.4,85.0,2.0,334.0,5.3,4.0,0.0,,,,,,,,,,,2024-12-21T05:45:00,,,,0,,,,,,,,,,,,,
2024-12-21 07:00:00,971.7,15.2,86.0,1.4,333.0,6.2,12.0,0.0,,,,,,,,,,,2024-12-21T06:25:00,,,,0,,,,,,,,,,,,,
2024-12-21 08:00:00,972.0,15.8,85.0,0.5,353.0,6.9,355.0,0.0,,,,,,,,,,,2024-12-21T07:16:00,,,,0,,,,,,,,,,,,,
2024-12-21 09:00:00,972.5,19.0,76.0,0.2,0.0,3.7,39.0,0.0,,,,,,,,,,,2024-12-21T08:19:00,,,,0,,,,,,,,,,,,,
2024-12-21 10:00:00,972.5,22.0,66.0,0.0,0.0,3.6,6.0,0.0,,,,,,,,,,,2024-12-21T09:32:00,,,,0,,,,,,,,,,,,,
2024-12-21 11:00:00,971.8,24.9,60.0,0.3,60.0,3.7,59.0,0.0,,,,,,,,,,,2024-12-21T10:54:00,,,,0,,,,,,,,,,,,,
2024-12-21 12:00:00,970.6,24.4,63.0,0.0,0.0,3.7,55.0,0.0,,,,,,,,,,,2024-12-21T11:23:00,,,,0,,,,,,,,,,,,,
2024-12-21 13:00:00,969.3,23.7,70.0,1.5,70.0,6.5,66.0,0.0,,,,,,,,,,,2024-12-21T12:15:00,,,,0,,,,,,,,,,,,,
2024-12-21 14:00:00,969.1,20.9,79.0,2.0,67.0,7.5,60.0,0.0,,,,,,,,,,,2024-12-21T13:35:00,,,,0,,,,,,,,,,,,,
2024-12-21 15:00:00,969.2,19.8,84.0,1.6,59.0,8.1,50.0,0.0,,,,,,,,,,,2024-12-21T14:03:00,,,,0,,,,,,,,,,,,,
2024-12-21 16:00:00,969.9,18.8,88.0,0.3,37.0,5.2,49.0,0.0,,,,,,,,,,,2024-12-21T15:29:00,,,,0,,,,,,,,,,,,,
2024-12-21 17:00:00,971.1,17.8,87.0,0.2,0.0,3.3,33.0,0.0,,,,,,,,,,,2024-12-21T16:34:00,,,,0,,,,,,,,,,,,,
2024-12-21 18:00:00,971.5,16.6,89.0,0.9,50.0,5.4,30.0,0.0,,,,,,,,,,,2024-12-21T18:00:00,,,,0,,,,,,,,,,,,,
2024-12-21 19:00:00,971.9,15.6,89.0,1.0,65.0,5.8,24.0,0.0,,,,,,,,,,,2024-12-21T18:39:00,,,,0,,,,,,,,,,,,,
2024-12-21 20:00:00,973.0,15.0,90.0,0.7,53.0,6.1,77.0,0.0,,,,,,,,,,,2024-12-21T19:05:00,,,,0,,,,,,,,,,,,,
2024-12-21 21:00:00,973.6,14.6,89.0,0.8,50.0,8.3,345.0,0.0,,,,,,,,,,,2024-12-21T20:54:00,,,,0,,,,,,,,,,,,,
2024-12-21 22:00:00,973.8,14.6,87.0,0.7,68.0,6.0,64.0,0.0,,,,,,,,,,,2024-12-21T21:58:00,,,,0,,,,,,,,,,,,,
2024-12-21 23:00:00,973.8,14.2,88.0,0.6,58.0,6.5,61.0,0.0,,,,,,,,,,,2024-12-21T22:35:00,,,,0,,,,,,,,,,,,,
2024-12-22 00:00:00,973.9,14.3,88.0,0.7,48.0,6.0,29.0,0.0,,,,,,,,,,,2024-12-21T23:43:00,,,,0,,,,,,,,,,,,,
2024-12-22 01:00:00,973.7,13.9,88.0,0.3,86.0,6.7,15.0,0.0,,,,,,,,,,,2024-12-22T00:14:00,,,,0,,,,,,,,,,,,,
2024-12-22 02:00:00,973.2,13.5,90.0,0.7,60.0,5.4,82.0,0.0,,,,,,,,,,,2024-12-22T01:59:00,,,,0,,,,,,,,,,,,,
2024-12-22 03:00:00,973.2,13.3,90.0,0.6,38.0,4.3,96.0,0.0,,,,,,,,,,,2024-12-22T02:22:00,,,,0,,,,,,,,,,,,,
2024-12-22 04:00:00,973.2,13.0,88.0,0.7,95.0,5.1,3.0,0.0,,,,,,,,,,,2024-12-22T03:07:00,,,,0,,,,,,,,,,,,,
2024-12-22 05:00:00,973.6,12.9,87.0,0.6,70.0,5.1,44.0,0.0,,,,,,,,,,,2024-12-22T04:08:00,,,,0,,,,,,,,,,,,,
2024-12-22 06:00:00,974.4,13.0,86.0,0.7,67.0,4.4,19.0,0.0,,,,,,,,,,,2024-12-22T05:09:00,,,,0,,,,,,,,,,,,,
2024-12-22 07:00:00,975.3,12.9,86.0,0.7,29.0,6.3,52.0,0.0,,,,,,,,,,,2024-12-22T06:10:00,,,,0,,,,,,,,,,,,,
2024-12-22 08:00:00,976.1,13.2,86.0,0.8,28.0,7.5,313.0,0.0,,,,,,,,,,,2024-12-22T07:38:00,,,,0,,,,,,,,,,,,,
2024-12-22 09:00:00,976.2,13.4,85.0,0.6,29.0,5.4,34.0,0.0,,,,,,,,,,,2024-12-22T08:33:00,,,,0,,,,,,,,,,,,,
2024-12-22 10:00:00,975.6,14.2,83.0,0.6,55.0,6.3,53.0,0.0,,,,,,,,,,,2024-12-22T10:00:00,,,,0,,,,,,,,,,,,,
2024-12-22 11:00:00,975.5,14.6,83.0,0.4,32.0,5.4,56.0,0.0,,,,,,,,,,,2024-12-22T10:25:00,,,,0,,,,,,,,,,,,,
2024-12-22 12:00:00,975.0,15.3,79.0,0.2,0.0,3.5,45.0,0.0,,,,,,,,,,,2024-12-22T11:27:00,,,,0,,,,,,,,,,,,,
2024-12-22 13:00:00,973.8,16.2,77.0,0.3,75.0,5.1,49.0,0.0,,,,,,,,,,,2024-12-22T12:58:00,,,,0,,,,,,,,,,,,,
2024-12-22 14:00:00,973.3,15.2,80.0,0.3,46.0,4.0,54.0,0.0,,,,,,,,,,,2024-12-22T13:22:00,,,,0,,,,,,,,,,,,,
2024-12-22 15:00:00,973.2,14.4,83.0,0.3,74.0,4.3,51.0,0.0,,,,,,,,,,,2024-12-22T14:08:00,,,,0,,,,,,,,,,,,,
2024-12-22 16:00:00,974.0,13.7,85.0,0.1,0.0,5.7,29.0,0.0,,,,,,,,,,,2024-12-22T15:20:00,,,,0,,,,,,,,,,,,,
2024-12-22 17:00:00,974.4,13.3,87.0,0.1,0.0,4.3,71.0,0.0,,,,,,,,,,,2024-12-22T16:22:00,,,,0,,,,,,,,,,,,,
2024-12-22 18:00:00,974.4,12.8,87.0,0.3,61.0,4.0,2.0,0.0,,,,,,,,,,,2024-12-22T17:38:00,,,,0,,,,,,,,,,,,,
2024-12-22 19:00:00,974.8,12.8,88.0,0.1,0.0,3.7,22.0,0.0,,,,,,,,,,,2024-12-22T18:49:00,,,,0,,,,,,,,,,,,,
2024-12-22 20:00:00,974.9,12.8,89.0,0.2,0.0,5.4,41.0,0.0,,,,,,,,,,,2024-12-22T19:41:00,,,,0,,,,,,,,,,,,,
2024-12-22 21:00:00,975.0,12.6,88.0,0.3,60.0,4.0,318.0,0.0,,,,,,,,,,,2024-12-22T20:01:00,,,,0,,,,,,,,,,,,,
2024-12-22 22:00:00,974.8,12.9,87.0,0.0,0.0,3.0,359.0,0.0,,,,,,,,,,,2024-12-22T21:34:00,,,,0,,,,,,,,,,,,,
2024-12-22 23:00:00,974.3,12.7,89.0,0.0,0.0,4.0,18.0,0.0,,,,,,,,,,,2024-12-22T22:43:00,,,,0,,,,,,,,,,,,,
2024-12-23 00:00:00,973.8,12.6,90.0,0.4,358.0,4.3,336.0,0.0,,,,,,,,,,,2024-12-22T23:48:00,,,,0,,,,,,,,,,,,,
2024-12-23 01:00:00,973.7,12.8,88.0,0.5,343.0,4.1,355.0,0.0,,,,,,,,,,,2024-12-23T00:25:00,,,,0,,,,,,,,,,,,,
2024-12-23 02:00:00,973.1,12.7,87.0,0.2,0.0,4.8,10.0,0.0,,,,,,,,,,,2024-12-23T01:01:00,,,,0,,,,,,,,,,,,,
2024-12-23 03:00:00,973.0,12.7,88.0,0.3,23.0,4.9,198.0,0.0,,,,,,,,,,,2024-12-23T02:28:00,,,,0,,,,,,,,,,,,,
2024-12-23 04:00:00,973.1,13.0,88.0,0.4,354.0,4.8,307.0,0.0,,,,,,,,,,,2024-12-23T03:20:00,,,,0,,,,,,,,,,,,,
2024-12-23 05:00:00,973.3,13.1,86.0,0.2,0.0,6.1,22.0,0.0,,,,,,,,,,,2024-12-23T04:01:00,,,,0,,,,,,,,,,,,,
2024-12-23 06:00:00,973.8,13.4,84.0,0.3,2.0,5.1,339.0,0.0,,,,,,,,,,,2024-12-23T05:23:00,,,,0,,,,,,,,,,,,,
2024-12-23 07:00:00,973.8,13.5,85.0,0.1,0.0,6.1,44.0,0.0,,,,,,,,,,,2024-12-23T06:32:00,,,,0,,,,,,,,,,,,,
2024-12-23 08:00:00,974.8,13.9,83.0,0.2,0.0,4.2,26.0,0.0,,,,,,,,,,,2024-12-23T07:49:00,,,,0,,,,,,,,,,,,,
2024-12-23 09:00:00,975.0,13.3,100.0,0.3,62.0,3.7,355.0,0.0,,,,,,,,,,,2024-12-23T08:13:00,,,,0,,,,,,,,,,,,,
2024-12-23 10:00:00,975.0,12.8,100.0,0.3,59.0,4.3,47.0,0.5,,,,,,,,,,,2024-12-23T09:49:00,,,,0,,,,,,,,,,,,,
2024-12-23 11:00:00,974.4,14.1,100.0,0.3,359.0,4.8,325.0,0.5,,,,,,,,,,,2024-12-23T10:27:00,,,,0,,,,,,,,,,,,,
2024-12-23 12:00:00,973.7,13.5,100.0,0.3,9.0,3.7,55.0,0.0,,,,,,,,,,,2024-12-23T11:52:00,,,,0,,,,,,,,,,,,,
2024-12-23 13:00:00,972.4,14.2,100.0,0.1,0.0,3.4,327.0,0.5,,,,,,,,,,,2024-12-23T12:18:00,,,,0,,,,,,,,,,,,,
2024-12-23 14:00:00,971.9,12.9,100.0,0.2,0.0,4.2,322.0,0.0,,,,,,,,,,,2024-12-23T13:13:00,,,,0,,,,,,,,,,,,,
2024-12-23 15:00:00,971.8,13.1,100.0,0.3,29.0,4.9,310.0,1.0,,,,,,,,,,,2024-12-23T14:26:00,,,,0,,,,,,,,,,,,,
2024-12-23 16:00:00,971.9,13.6,100.0,0.4,24.0,4.8,29.0,0.5,,,,,,,,,,,2024-12-23T15:36:00,,,,0,,,,,,,,,,,,,
2024-12-23 17:00:00,972.6,13.4,100.0,0.4,16.0,4.7,12.0,0.0,,,,,,,,,,,2024-12-23T16:44:00,,,,0,,,,,,,,,,,,,
2024-12-23 18:00:00,973.1,13.4,100.0,0.4,48.0,5.6,43.0,0.0,,,,,,,,,,,2024-12-23T17:47:00,,,,0,,,,,,,,,,,,,
2024-12-23 19:00:00,973.7,13.1,100.0,0.2,0.0,4.0,64.0,2.5,,,,,,,,,,,2024-12-23T18:05:00,,,,0,,,,,,,,,,,,,
2024-12-23 20:00:00,973.7,13.2,100.0,0.1,0.0,4.1,16.0,2.0,,,,,,,,,,,2024-12-23T19:19:00,,,,0,,,,,,,,,,,,,
2024-12-23 21:00:00,973.9,13.4,100.0,0.1,0.0,3.0,25.0,0.5,,,,,,,,,,,2024-12-23T20:35:00,,,,0,,,,,,,,,,,,,
2024-12-23 22:00:00,973.9,13.5,100.0,0.4,17.0,4.2,25.0,1.5,,,,,,,,,,,2024-12-23T21:33:00,,,,0,,,,,,,,,,,,,
2024-12-23 23:00:00,973.3,13.5,100.0,0.5,53.0,4.9,70.0,1.0,,,,,,,,,,,2024-12-23T22:55:00,,,,0,,,,,,,,,,,,,
2024-12-24 00:00:00,973.1,13.6,100.0,0.3,54.0,3.6,356.0,0.5,,,,,,,,,,,2024-12-23T23:15:00,,,,0,,,,,,,,,,,,,
2024-12-24 01:00:00,973.0,13.4,100.0,0.2,0.0,3.4,21.0,0.0,,,,,,,,,,,2024-12-24T00:37:00,,,,0,,,,,,,,,,,,,
2024-12-24 02:00:00,972.5,13.4,100.0,0.3,16.0,4.6,68.0,0.5,,,,,,,,,,,2024-12-24T01:24:00,,,,0,,,,,,,,,,,,,
2024-12-24 03:00:00,972.5,13.6,100.0,0.4,49.0,4.7,85.0,0.0,,,,,,,,,,,2024-12-24T02:27:00,,,,0,,,,,,,,,,,,,
2024-12-24 04:00:00,972.9,13.9,100.0,0.2,0.0,4.4,34.0,2.0,,,,,,,,,,,2024-12-24T03:41:00,,,,0,,,,,,,,,,,,,
2024-12-24 05:00:00,973.7,14.0,100.0,0.7,35.0,4.0,9.0,2.5,,,,,,,,,,,2024-12-24T04:12:00,,,,0,,,,,,,,,,,,,
2024-12-24 06:00:00,973.8,13.9,100.0,0.5,50.0,4.3,12.0,4.0,,,,,,,,,,,2024-12-24T05:17:00,,,,0,,,,,,,,,,,,,
2024-12-24 07:00:00,974.3,14.2,100.0,0.9,78.0,6.3,56.0,1.5,,,,,,,,,,,2024-12-24T06:20:00,,,,0,,,,,,,,,,,,,
2024-12-24 08:00:00,975.1,14.3,100.0,0.8,78.0,5.8,46.0,0.5,,,,,,,,,,,2024-12-24T07:12:00,,,,0,,,,,,,,,,,,,
2024-12-24 09:00:00,975.9,14.5,100.0,0.8,54.0,7.7,39.0,0.5,,,,,,,,,,,2024-12-24T08:07:00,,,,0,,,,,,,,,,,,,
2024-12-24 10:00:00,976.1,15.0,100.0,0.9,65.0,4.0,330.0,0.0,,,,,,,,,,,2024-12-24T09:41:00,,,,0,,,,,,,,,,,,,
2024-12-24 11:00:00,975.2,15.4,100.0,0.8,40.0,7.5,45.0,0.5,,,,,,,,,,,2024-12-24T10:26:00,,,,0,,,,,,,,,,,,,
2024-12-24 12:00:00,974.2,15.7,100.0,1.0,66.0,4.8,81.0,0.0,,,,,,,,,,,2024-12-24T11:08:00,,,,0,,,,,,,,,,,,,
2024-12-24 13:00:00,973.7,17.7,97.0,0.4,55.0,5.5,85.0,0.0,,,,,,,,,,,2024-12-24T12:14:00,,,,0,,,,,,,,,,,,,
2024-12-24 14:00:00,973.0,17.8,93.0,0.5,68.0,4.8,52.0,0.0,,,,,,,,,,,2024-12-24T13:48:00,,,,0,,,,,,,,,,,,,
2024-12-24 15:00:00,973.1,18.3,93.0,0.0,0.0,4.1,24.0,0.0,,,,,,,,,,,2024-12-24T14:17:00,,,,0,,,,,,,,,,,,,
2024-12-24 16:00:00,973.3,17.2,97.0,0.0,0.0,2.3,70.0,0.0,,,,,,,,,,,2024-12-24T15:06:00,,,,0,,,,,,,,,,,,,
2024-12-24 17:00:00,973.6,16.0,100.0,0.1,0.0,2.8,331.0,0.5,,,,,,,,,,,2024-12-24T16:46:00,,,,0,,,,,,,,,,,,,
2024-12-24 18:00:00,973.9,15.7,100.0,0.1,0.0,3.5,85.0,0.0,,,,,,,,,,,2024-12-24T17:22:00,,,,0,,,,,,,,,,,,,
2024-12-24 19:00:00,974.9,15.8,100.0,0.0,0.0,1.8,44.0,0.0,,,,,,,,,,,2024-12-24T18:48:00,,,,0,,,,,,,,,,,,,
2024-12-24 20:00:00,974.9,15.7,100.0,0.2,0.0,3.4,346.0,0.0,,,,,,,,,,,2024-12-24T19:59:00,,,,0,,,,,,,,,,,,,
2024-12-24 21:00:00,975.1,15.8,100.0,0.2,0.0,4.8,309.0,0.0,,,,,,,,,,,2024-12-24T20:06:00,,,,0,,,,,,,,,,,,,
2024-12-24 22:00:00,975.5,15.8,100.0,0.4,25.0,4.3,54.0,0.0,,,,,,,,,,,2024-12-24T21:16:00,,,,0,,,,,,,,,,,,,
2024-12-24 23:00:00,975.1,15.8,100.0,1.4,321.0,5.6,316.0,0.0,,,,,,,,,,,2024-12-24T22:44:00,,,,0,,,,,,,,,,,,,
2024-12-25 00:00:00,974.4,15.8,100.0,0.7,332.0,6.6,4.0,0.0,,,,,,,,,,,2024-12-24T23:06:00,,,,0,,,,,,,,,,,,,
2024-12-25 01:00:00,974.8,15.8,99.0,0.0,0.0,5.7,15.0,0.0,,,,,,,,,,,2024-12-25T00:02:00,,,,0,,,,,,,,,,,,,
2024-12-25 02:00:00,974.3,16.0,97.0,2.6,317.0,6.9,324.0,0.0,,,,,,,,,,,2024-12-25T02:00:00,,,,0,,,,,,,,,,,,,
2024-12-25 03:00:00,973.7,16.3,94.0,1.0,326.0,7.4,323.0,0.0,,,,,,,,,,,2024-12-25T02:08:00,,,,0,,,,,,,,,,,,,
2024-12-25 04:00:00,973.6,16.3,93.0,0.1,0.0,3.5,319.0,0.0,,,,,,,,,,,2024-12-25T03:27:00,,,,0,,,,,,,,,,,,,
2024-12-25 05:00:00,973.7,16.8,90.0,0.3,2.0,3.3,33.0,0.0,,,,,,,,,,,2024-12-25T04:48:00,,,,0,,,,,,,,,,,,,
2024-12-25 06:00:00,973.9,16.8,88.0,0.4,7.0,5.7,320.0,0.0,,,,,,,,,,,2024-12-25T05:21:00,,,,0,,,,,,,,,,,,,
2024-12-25 07:00:00,974.5,17.3,89.0,1.0,345.0,5.0,5.0,0.0,,,,,,,,,,,2024-12-25T06:25:00,,,,0,,,,,,,,,,,,,
2024-12-25 08:00:00,975.0,18.1,87.0,0.9,356.0,4.3,13.0,0.0,,,,,,,,,,,2024-12-25T07:06:00,,,,0,,,,,,,,,,,,,
2024-12-25 09:00:00,975.7,19.0,88.0,0.1,0.0,3.3,37.0,0.0,,,,,,,,,,,2024-12-25T08:42:00,,,,0,,,,,,,,,,,,,
2024-12-25 10:00:00,975.8,21.5,81.0,0.0,0.0,4.3,57.0,0.0,,,,,,,,,,,2024-12-25T09:25:00,,,,0,,,,,,,,,,,,,
2024-12-25 11:00:00,975.6,22.8,76.0,0.0,0.0,0.0,0.0,0.0,,,,,,,,,,,2024-12-25T10:05:00,,,,0,,,,,,,,,,,,,
2024-12-25 12:00:00,974.3,23.1,78.0,0.1,0.0,2.4,54.0,0.0,,,,,,,,,,,2024-12-25T12:00:00,,,,0,,,,,,,,,,,,,
2024-12-25 13:00:00,973.0,23.1,78.0,0.2,0.0,3.7,55.0,0.0,,,,,,,,,,,2024-12-25T12:41:00,,,,0,,,,,,,,,,,,,
2024-12-25 14:00:00,972.4,22.9,77.0,0.0,0.0,3.2,60.0,0.0,,,,,,,,,,,2024-12-25T13:09:00,,,,0,,,,,,,,,,,,,
2024-12-25 15:00:00,971.9,23.9,67.0,0.1,0.0,2.4,80.0,0.0,,,,,,,,,,,2024-12-25T14:04:00,,,,0,,,,,,,,,,,,,
2024-12-25 16:00:00,972.0,22.2,77.0,0.0,0.0,2.2,100.0,0.0,,,,,,,,,,,2024-12-25T15:03:00,,,,0,,,,,,,,,,,,,
2024-12-25 17:00:00,972.7,19.7,94.0,2.3,58.0,4.8,45.0,0.0,,,,,,,,,,,2024-12-25T16:37:00,,,,0,,,,,,,,,,,,,
2024-12-25 18:00:00,973.6,19.3,95.0,2.2,61.0,4.0,47.0,0.0,,,,,,,,,,,2024-12-25T17:01:00,,,,0,,,,,,,,,,,,,
2024-12-25 19:00:00,974.3,19.3,96.0,1.1,79.0,4.7,55.0,0.0,,,,,,,,,,,2024-12-25T18:10:00,,,,0,,,,,,,,,,,,,
2024-12-25 20:00:00,974.6,19.4,93.0,0.0,0.0,3.4,86.0,0.0,,,,,,,,,,,2024-12-25T19:07:00,,,,0,,,,,,,,,,,,,
2024-12-25 21:00:00,975.0,18.8,97.0,1.2,308.0,2.7,312.0,0.0,,,,,,,,,,,2024-12-25T20:58:00,,,,0,,,,,,,,,,,,,
2024-12-25 22:00:00,975.0,19.0,97.0,0.3,7.0,2.9,40.0,0.0,,,,,,,,,,,2024-12-25T21:19:00,,,,0,,,,,,,,,,,,,
2024-12-25 23:00:00,974.4,18.6,99.0,0.0,0.0,2.9,310.0,0.0,,,,,,,,,,,2024-12-25T22:37:00,,,,0,,,,,,,,,,,,,
2024-12-26 00:00:00,974.4,18.4,100.0,1.4,318.0,3.3,336.0,0.0,,,,,,,,,,,2024-12-25T23:52:00,,,,0,,,,,,,,,,,,,
2024-12-26 01:00:00,974.4,18.5,99.0,0.1,0.0,3.7,2.0,0.0,,,,,,,,,,,2024-12-26T00:13:00,,,,0,,,,,,,,,,,,,
2024-12-26 02:00:00,973.9,18.4,98.0,1.2,353.0,3.0,37.0,0.0,,,,,,,,,,,2024-12-26T01:02:00,,,,0,,,,,,,,,,,,,
2024-12-26 03:00:00,973.7,18.5,98.0,0.7,21.0,2.8,337.0,0.0,,,,,,,,,,,2024-12-26T02:04:00,,,,0,,,,,,,,,,,,,
2024-12-26 04:00:00,973.1,18.3,99.0,1.0,327.0,2.9,33.0,0.0,,,,,,,,,,,2024-12-26T03:35:00,,,,0,,,,,,,,,,,,,
2024-12-26 05:00:00,973.6,18.2,97.0,1.1,344.0,3.7,343.0,0.0,,,,,,,,,,,2024-12-26T04:52:00,,,,0,,,,,,,,,,,,,
2024-12-26 06:00:00,973.8,18.1,96.0,0.6,330.0,6.8,355.0,0.0,,,,,,,,,,,2024-12-26T05:01:00,,,,0,,,,,,,,,,,,,
2024-12-26 07:00:00,974.4,18.4,94.0,0.8,330.0,5.0,355.0,0.0,,,,,,,,,,,2024-12-26T06:06:00,,,,0,,,,,,,,,,,,,
2024-12-26 08:00:00,975.1,18.6,95.0,0.0,0.0,4.7,50.0,0.0,,,,,,,,,,,2024-12-26T07:39:00,,,,0,,,,,,,,,,,,,
2024-12-26 09:00:00,975.7,21.7,85.0,0.2,0.0,3.7,36.0,0.0,,,,,,,,,,,2024-12-26T08:33:00,,,,0,,,,,,,,,,,,,
2024-12-26 10:00:00,975.8,23.6,84.0,0.3,74.0,3.9,64.0,0.0,,,,,,,,,,,2024-12-26T09:55:00,,,,0,,,,,,,,,,,,,
2024-12-26 11:00:00,975.5,23.8,83.0,0.0,0.0,4.5,62.0,0.0,,,,,,,,,,,2024-12-26T10:01:00,,,,0,,,,,,,,,,,,,
2024-12-26 12:00:00,974.4,24.6,81.0,0.2,0.0,4.2,87.0,0.0,,,,,,,,,,,2024-12-26T11:06:00,,,,0,,,,,,,,,,,,,
2024-12-26 13:00:00,973.7,23.6,80.0,1.1,64.0,4.8,62.0,0.0,,,,,,,,,,,2024-12-26T12:53:00,,,,0,,,,,,,,,,,,,
2024-12-26 14:00:00,973.1,22.4,85.0,0.0,0.0,5.6,53.0,0.0,,,,,,,,,,,2024-12-26T13:11:00,,,,0,,,,,,,,,,,,,
2024-12-26 15:00:00,973.2,20.2,91.0,0.0,0.0,2.8,64.0,0.0,,,,,,,,,,,2024-12-26T14:47:00,,,,0,,,,,,,,,,,,,
2024-12-26 16:00:00,973.4,19.0,92.0,0.4,59.0,4.1,51.0,0.0,,,,,,,,,,,2024-12-26T15:58:00,,,,0,,,,,,,,,,,,,
2024-12-26 17:00:00,973.9,18.4,94.0,0.1,0.0,8.8,41.0,0.0,,,,,,,,,,,2024-12-26T16:08:00,,,,0,,,,,,,,,,,,,
2024-12-26 18:00:00,974.6,17.5,95.0,0.1,0.0,4.1,87.0,0.0,,,,,,,,,,,2024-12-26T17:42:00,,,,0,,,,,,,,,,,,,
2024-12-26 19:00:00,975.0,17.4,96.0,0.2,0.0,3.9,68.0,0.0,,,,,,,,,,,2024-12-26T18:25:00,,,,0,,,,,,,,,,,,,
2024-12-26 20:00:00,975.0,17.0,94.0,0.8,82.0,5.5,45.0,0.0,,,,,,,,,,,2024-12-26T19:52:00,,,,0,,,,,,,,,,,,,
2024-12-26 21:00:00,975.7,16.4,100.0,0.3,58.0,5.8,22.0,0.0,,,,,,,,,,,2024-12-26T20:02:00,,,,0,,,,,,,,,,,,,
2024-12-26 22:00:00,975.6,16.2,99.0,0.5,54.0,4.5,7.0,0.0,,,,,,,,,,,2024-12-26T21:15:00,,,,0,,,,,,,,,,,,,
2024-12-26 23:00:00,975.6,16.2,97.0,0.4,84.0,4.5,27.0,0.0,,,,,,,,,,,2024-12-26T22:48:00,,,,0,,,,,,,,,,,,,
2024-12-27 00:00:00,975.6,16.1,95.0,0.4,94.0,5.7,1.0,0.0,,,,,,,,,,,2024-12-26T23:25:00,,,,0,,,,,,,,,,,,,
2024-12-27 01:00:00,975.5,15.8,96.0,0.2,0.0,5.2,39.0,0.0,,,,,,,,,,,2024-12-27T00:40:00,,,,0,,,,,,,,,,,,,
2024-12-27 02:00:00,974.6,15.8,95.0,0.3,33.0,3.7,30.0,0.0,,,,,,,,,,,2024-12-27T01:58:00,,,,0,,,,,,,,,,,,,
2024-12-27 03:00:00,974.4,15.9,93.0,0.3,17.0,5.9,41.0,0.0,,,,,,,,,,,2024-12-27T02:21:00,,,,0,,,,,,,,,,,,,
2024-12-27 04:00:00,974.3,15.9,93.0,0.3,30.0,5.3,56.0,0.0,,,,,,,,,,,2024-12-27T03:03:00,,,,0,,,,,,,,,,,,,
2024-12-27 05:00:00,974.5,15.9,93.0,0.3,49.0,5.1,4.0,0.0,,,,,,,,,,,2024-12-27T04:08:00,,,,0,,,,,,,,,,,,,
2024-12-27 06:00:00,975.4,15.4,99.0,0.3,56.0,6.8,294.0,0.0,,,,,,,,,,,2024-12-27T05:39:00,,,,0,,,,,,,,,,,,,
2024-12-27 07:00:00,976.2,15.5,98.0,0.6,67.0,4.5,36.0,0.0,,,,,,,,,,,2024-12-27T06:54:00,,,,0,,,,,,,,,,,,,
2024-12-27 08:00:00,976.9,15.8,96.0,0.4,54.0,6.1,30.0,0.0,,,,,,,,,,,2024-12-27T07:42:00,,,,0,,,,,,,,,,,,,
2024-12-27 09:00:00,977.5,16.2,95.0,0.4,83.0,6.2,61.0,0.0,,,,,,,,,,,2024-12-27T08:28:00,,,,0,,,,,,,,,,,,,
2024-12-27 10:00:00,977.4,16.6,93.0,0.1,0.0,4.7,335.0,0.0,,,,,,,,,,,2024-12-27T09:06:00,,,,0,,,,,,,,,,,,,
2024-12-27 11:00:00,977.0,16.7,95.0,0.1,0.0,6.0,37.0,0.0,,,,,,,,,,,2024-12-27T10:17:00,,,,0,,,,,,,,,,,,,
2024-12-27 12:00:00,976.3,17.1,97.0,0.1,0.0,4.1,346.0,0.0,,,,,,,,,,,2024-12-27T11:48:00,,,,0,,,,,,,,,,,,,
2024-12-27 13:00:00,975.0,17.2,94.0,0.1,0.0,4.9,338.0,0.0,,,,,,,,,,,2024-12-27T12:40:00,,,,0,,,,,,,,,,,,,
2024-12-27 14:00:00,974.3,17.6,92.0,0.2,0.0,4.7,354.0,0.0,,,,,,,,,,,2024-12-27T13:37:00,,,,0,,,,,,,,,,,,,
2024-12-27 15:00:00,973.8,17.1,92.0,0.1,0.0,5.0,34.0,0.0,,,,,,,,,,,2024-12-27T14:28:00,,,,0,,,,,,,,,,,,,
2024-12-27 16:00:00,974.2,16.6,92.0,0.1,0.0,3.5,19.0,0.0,,,,,,,,,,,2024-12-27T15:42:00,,,,0,,,,,,,,,,,,,
2024-12-27 17:00:00,974.6,16.2,93.0,0.0,0.0,3.7,10.0,0.0,,,,,,,,,,,2024-12-27T16:19:00,,,,0,,,,,,,,,,,,,
2024-12-27 18:00:00,975.0,16.1,95.0,0.3,49.0,4.5,62.0,0.0,,,,,,,,,,,2024-12-27T17:51:00,,,,0,,,,,,,,,,,,,
2024-12-27 19:00:00,975.7,16.0,95.0,0.3,37.0,5.0,334.0,0.0,,,,,,,,,,,2024-12-27T18:56:00,,,,0,,,,,,,,,,,,,
2024-12-27 20:00:00,976.2,15.9,96.0,0.2,0.0,5.8,27.0,0.0,,,,,,,,,,,2024-12-27T19:06:00,,,,0,,,,,,,,,,,,,
2024-12-27 21:00:00,976.3,15.5,99.0,0.0,0.0,3.2,64.0,0.0,,,,,,,,,,,2024-12-27T20:23:00,,,,0,,,,,,,,,,,,,
2024-12-27 22:00:00,976.3,15.7,97.0,0.3,38.0,5.1,33.0,0.0,,,,,,,,,,,2024-12-27T21:45:00,,,,0,,,,,,,,,,,,,
2024-12-27 23:00:00,976.2,15.6,97.0,0.1,0.0,3.7,7.0,0.0,,,,,,,,,,,2024-12-27T22:01:00,,,,0,,,,,,,,,,,,,
2024-12-28 00:00:00,975.7,15.6,95.0,0.4,91.0,3.6,1.0,0.0,,,,,,,,,,,2024-12-27T23:56:00,,,,0,,,,,,,,,,,,,
2024-12-28 01:00:00,975.0,15.2,97.0,0.5,24.0,4.8,53.0,0.0,,,,,,,,,,,2024-12-28T00:32:00,,,,0,,,,,,,,,,,,,
2024-12-28 02:00:00,974.9,15.3,96.0,0.6,49.0,5.4,340.0,0.0,,,,,,,,,,,2024-12-28T01:52:00,,,,0,,,,,,,,,,,,,
2024-12-28 03:00:00,974.8,15.3,96.0,0.4,49.0,5.0,34.0,0.0,,,,,,,,,,,2024-12-28T02:16:00,,,,0,,,,,,,,,,,,,
2024-12-28 04:00:00,974.8,15.2,96.0,0.6,53.0,5.4,55.0,0.0,,,,,,,,,,,2024-12-28T03:12:00,,,,0,,,,,,,,,,,,,
2024-12-28 05:00:00,975.1,15.0,96.0,0.3,43.0,5.6,29.0,0.0,,,,,,,,,,,2024-12-28T04:51:00,,,,0,,,,,,,,,,,,,
2024-12-28 06:00:00,975.8,14.6,96.0,0.7,65.0,5.7,50.0,0.0,,,,,,,,,,,2024-12-28T05:38:00,,,,0,,,,,,,,,,,,,
2024-12-28 07:00:00,976.3,14.5,94.0,0.4,96.0,4.8,100.0,0.0,,,,,,,,,,,2024-12-28T06:20:00,,,,0,,,,,,,,,,,,,
2024-12-28 08:00:00,977.0,15.1,94.0,0.0,0.0,5.0,31.0,0.0,,,,,,,,,,,2024-12-28T07:26:00,,,,0,,,,,,,,,,,,,
2024-12-28 09:00:00,977.6,16.1,91.0,0.0,0.0,4.6,293.0,0.0,,,,,,,,,,,2024-12-28T08:14:00,,,,0,,,,,,,,,,,,,
2024-12-28 10:00:00,977.6,15.5,89.0,0.5,26.0,4.0,354.0,0.0,,,,,,,,,,,2024-12-28T09:23:00,,,,0,,,,,,,,,,,,,
2024-12-28 11:00:00,977.0,16.2,86.0,0.3,30.0,7.3,315.0,0.0,,,,,,,,,,,2024-12-28T10:18:00,,,,0,,,,,,,,,,,,,
2024-12-28 12:00:00,976.4,15.9,85.0,0.1,0.0,4.4,347.0,0.0,,,,,,,,,,,2024-12-28T11:07:00,,,,0,,,,,,,,,,,,,
2024-12-28 13:00:00,975.6,14.7,88.0,0.3,41.0,3.7,317.0,0.0,,,,,,,,,,,2024-12-28T12:59:00,,,,0,,,,,,,,,,,,,
2024-12-28 14:00:00,975.1,14.3,90.0,0.2,0.0,4.9,4.0,0.0,,,,,,,,,,,2024-12-28T13:06:00,,,,0,,,,,,,,,,,,,
2024-12-28 15:00:00,974.8,14.2,89.0,0.2,0.0,4.8,338.0,0.0,,,,,,,,,,,2024-12-28T14:14:00,,,,0,,,,,,,,,,,,,
2024-12-28 16:00:00,975.0,13.7,90.0,0.4,41.0,4.3,51.0,0.0,,,,,,,,,,,2024-12-28T15:08:00,,,,0,,,,,,,,,,,,,
2024-12-28 17:00:00,975.6,13.1,91.0,0.1,0.0,4.7,12.0,0.0,,,,,,,,,,,2024-12-28T16:09:00,,,,0,,,,,,,,,,,,,
2024-12-28 18:00:00,975.8,12.8,92.0,0.3,33.0,4.2,324.0,0.0,,,,,,,,,,,2024-12-28T17:40:00,,,,0,,,,,,,,,,,,,
2024-12-28 19:00:00,976.4,12.6,93.0,0.8,7.0,7.0,336.0,0.0,,,,,,,,,,,2024-12-28T18:54:00,,,,0,,,,,,,,,,,,,
2024-12-28 20:00:00,977.4,12.1,93.0,0.4,41.0,4.9,43.0,0.0,,,,,,,,,,,2024-12-28T19:20:00,,,,0,,,,,,,,,,,,,
2024-12-28 21:00:00,977.7,12.0,93.0,0.7,76.0,4.6,33.0,0.0,,,,,,,,,,,2024-12-28T20:06:00,,,,0,,,,,,,,,,,,,
2024-12-28 22:00:00,977.7,11.7,93.0,0.3,62.0,6.4,14.0,0.0,,,,,,,,,,,2024-12-28T21:28:00,,,,0,,,,,,,,,,,,,
2024-12-28 23:00:00,977.5,11.3,93.0,0.5,72.0,6.2,24.0,0.0,,,,,,,,,,,2024-12-28T22:29:00,,,,0,,,,,,,,,,,,,
2024-12-29 00:00:00,976.9,11.3,92.0,0.4,66.0,5.1,56.0,0.0,,,,,,,,,,,2024-12-28T23:42:00,,,,0,,,,,,,,,,,,,
2024-12-29 01:00:00,976.8,11.2,91.0,0.9,22.0,4.7,334.0,0.0,,,,,,,,,,,2024-12-29T00:25:00,,,,0,,,,,,,,,,,,,
2024-12-29 02:00:00,976.4,11.2,91.0,0.1,0.0,6.5,28.0,0.0,,,,,,,,,,,2024-12-29T01:11:00,,,,0,,,,,,,,,,,,,
2024-12-29 03:00:00,976.2,10.9,92.0,0.4,23.0,5.3,327.0,0.0,,,,,,,,,,,2024-12-29T02:41:00,,,,0,,,,,,,,,,,,,
2024-12-29 04:00:00,976.3,11.0,91.0,0.2,0.0,3.9,358.0,0.0,,,,,,,,,,,2024-12-29T03:14:00,,,,0,,,,,,,,,,,,,
2024-12-29 05:00:00,976.4,11.2,91.0,0.3,41.0,7.4,45.0,0.0,,,,,,,,,,,2024-12-29T04:14:00,,,,0,,,,,,,,,,,,,
2024-12-29 06:00:00,976.9,11.2,90.0,0.4,48.0,6.0,352.0,0.0,,,,,,,,,,,2024-12-29T05:06:00,,,,0,,,,,,,,,,,,,
2024-12-29 07:00:00,977.7,11.4,89.0,0.5,47.0,6.4,338.0,0.0,,,,,,,,,,,2024-12-29T06:37:00,,,,0,,,,,,,,,,,,,
2024-12-29 08:00:00,978.3,12.2,88.0,0.2,0.0,4.8,33.0,0.0,,,,,,,,,,,2024-12-29T07:11:00,,,,0,,,,,,,,,,,,,
2024-12-29 09:00:00,978.8,14.4,83.0,0.0,0.0,4.1,55.0,0.0,,,,,,,,,,,2024-12-29T08:12:00,,,,0,,,,,,,,,,,,,
2024-12-29 10:00:00,978.7,16.8,75.0,0.2,0.0,5.3,45.0,0.0,,,,,,,,,,,2024-12-29T09:11:00,,,,0,,,,,,,,,,,,,
2024-12-29 11:00:00,977.7,19.7,65.0,0.0,0.0,2.6,104.0,0.0,,,,,,,,,,,2024-12-29T10:22:00,,,,0,,,,,,,,,,,,,
2024-12-29 12:00:00,976.4,20.7,64.0,0.1,0.0,3.9,69.0,0.0,,,,,,,,,,,2024-12-29T11:58:00,,,,0,,,,,,,,,,,,,
2024-12-29 13:00:00,975.2,18.5,69.0,0.3,39.0,3.3,88.0,0.0,,,,,,,,,,,2024-12-29T12:16:00,,,,0,,,,,,,,,,,,,
2024-12-29 14:00:00,974.3,18.2,71.0,0.2,0.0,5.4,52.0,0.0,,,,,,,,,,,2024-12-29T13:27:00,,,,0,,,,,,,,,,,,,
2024-12-29 15:00:00,974.3,16.8,73.0,0.0,0.0,2.7,50.0,0.0,,,,,,,,,,,2024-12-29T14:14:00,,,,0,,,,,,,,,,,,,
2024-12-29 16:00:00,974.3,15.9,78.0,0.0,0.0,1.5,134.0,0.0,,,,,,,,,,,2024-12-29T15:49:00,,,,0,,,,,,,,,,,,,
2024-12-29 17:00:00,974.4,14.7,81.0,0.0,0.0,1.7,53.0,0.0,,,,,,,,,,,2024-12-29T16:33:00,,,,0,,,,,,,,,,,,,
2024-12-29 18:00:00,975.1,14.1,81.0,0.0,0.0,1.6,310.0,0.0,,,,,,,,,,,2024-12-29T17:31:00,,,,0,,,,,,,,,,,,,
2024-12-29 19:00:00,976.2,13.5,84.0,0.0,0.0,2.2,43.0,0.0,,,,,,,,,,,2024-12-29T18:15:00,,,,0,,,,,,,,,,,,,
2024-12-29 20:00:00,976.3,13.3,85.0,0.0,0.0,4.6,2.0,0.0,,,,,,,,,,,2024-12-29T19:25:00,,,,0,,,,,,,,,,,,,
2024-12-29 21:00:00,976.3,13.7,80.0,0.0,0.0,2.9,42.0,0.0,,,,,,,,,,,2024-12-29T20:57:00,,,,0,,,,,,,,,,,,,
2024-12-29 22:00:00,976.2,13.9,81.0,0.3,4.0,3.7,28.0,0.0,,,,,,,,,,,2024-12-29T21:52:00,,,,0,,,,,,,,,,,,,
2024-12-29 23:00:00,975.6,14.0,82.0,0.0,0.0,4.5,320.0,0.0,,,,,,,,,,,2024-12-29T22:09:00,,,,0,,,,,,,,,,,,,
2024-12-30 00:00:00,975.0,13.9,79.0,0.1,0.0,3.7,21.0,0.0,,,,,,,,,,,2024-12-29T23:11:00,,,,0,,,,,,,,,,,,,
2024-12-30 01:00:00,974.9,13.8,82.0,0.0,0.0,3.6,48.0,0.0,,,,,,,,,,,2024-12-30T00:10:00,,,,0,,,,,,,,,,,,,
2024-12-30 02:00:00,974.3,14.3,80.0,1.6,322.0,3.7,318.0,0.0,,,,,,,,,,,2024-12-30T01:51:00,,,,0,,,,,,,,,,,,,
2024-12-30 03:00:00,973.8,14.3,79.0,0.7,323.0,4.2,308.0,0.0,,,,,,,,,,,2024-12-30T02:18:00,,,,0,,,,,,,,,,,,,
2024-12-30 04:00:00,973.7,14.2,79.0,0.7,331.0,2.9,322.0,0.0,,,,,,,,,,,2024-12-30T03:36:00,,,,0,,,,,,,,,,,,,
2024-12-30 05:00:00,973.6,14.1,79.0,0.1,0.0,3.7,343.0,0.0,,,,,,,,,,,2024-12-30T04:29:00,,,,0,,,,,,,,,,,,,
2024-12-30 06:00:00,973.8,14.0,81.0,0.6,337.0,3.5,27.0,0.0,,,,,,,,,,,2024-12-30T05:17:00,,,,0,,,,,,,,,,,,,
2024-12-30 07:00:00,974.5,14.2,82.0,0.6,350.0,5.3,341.0,0.0,,,,,,,,,,,2024-12-30T06:40:00,,,,0,,,,,,,,,,,,,
2024-12-30 08:00:00,975.5,15.5,84.0,0.4,360.0,4.0,9.0,0.0,,,,,,,,,,,2024-12-30T07:19:00,,,,0,,,,,,,,,,,,,
2024-12-30 09:00:00,975.7,17.4,79.0,0.6,352.0,4.1,12.0,0.0,,,,,,,,,,,2024-12-30T08:44:00,,,,0,,,,,,,,,,,,,
2024-12-30 10:00:00,975.1,20.2,68.0,0.0,0.0,3.6,38.0,0.0,,,,,,,,,,,2024-12-30T09:15:00,,,,0,,,,,,,,,,,,,
2024-12-30 11:00:00,974.4,21.5,76.0,0.0,0.0,2.9,59.0,0.0,,,,,,,,,,,2024-12-30T10:38:00,,,,0,,,,,,,,,,,,,
2024-12-30 12:00:00,973.6,22.2,70.0,0.1,0.0,2.7,95.0,0.0,,,,,,,,,,,2024-12-30T11:57:00,,,,0,,,,,,,,,,,,,
2024-12-30 13:00:00,972.4,23.5,69.0,0.0,0.0,2.4,94.0,0.0,,,,,,,,,,,2024-12-30T12:08:00,,,,0,,,,,,,,,,,,,
2024-12-30 14:00:00,971.8,23.3,70.0,0.0,0.0,3.8,81.0,0.0,,,,,,,,,,,2024-12-30T13:31:00,,,,0,,,,,,,,,,,,,
2024-12-30 15:00:00,971.7,21.2,78.0,0.9,65.0,4.2,73.0,0.0,,,,,,,,,,,2024-12-30T14:39:00,,,,0,,,,,,,,,,,,,
2024-12-30 16:00:00,971.9,18.7,87.0,1.4,62.0,4.2,57.0,0.0,,,,,,,,,,,2024-12-30T15:15:00,,,,0,,,,,,,,,,,,,
2024-12-30 17:00:00,972.4,17.5,94.0,2.0,58.0,4.0,59.0,0.0,,,,,,,,,,,2024-12-30T16:17:00,,,,0,,,,,,,,,,,,,
2024-12-30 18:00:00,973.0,16.9,96.0,0.2,0.0,4.2,41.0,0.0,,,,,,,,,,,2024-12-30T17:03:00,,,,0,,,,,,,,,,,,,
2024-12-30 19:00:00,973.3,16.6,100.0,0.0,0.0,2.8,3.0,0.0,,,,,,,,,,,2024-12-30T18:40:00,,,,0,,,,,,,,,,,,,
2024-12-30 20:00:00,973.6,16.1,100.0,0.6,352.0,5.5,332.0,0.0,,,,,,,,,,,2024-12-30T19:54:00,,,,0,,,,,,,,,,,,,
2024-12-30 21:00:00,973.7,15.6,100.0,1.5,344.0,4.9,360.0,0.0,,,,,,,,,,,2024-12-30T20:44:00,,,,0,,,,,,,,,,,,,
2024-12-30 22:00:00,973.7,15.7,100.0,1.1,321.0,3.8,340.0,0.0,,,,,,,,,,,2024-12-30T21:16:00,,,,0,,,,,,,,,,,,,
2024-12-30 23:00:00,973.7,15.8,100.0,0.1,0.0,3.0,346.0,0.0,,,,,,,,,,,2024-12-30T22:27:00,,,,0,,,,,,,,,,,,,
2024-12-31 00:00:00,973.4,15.7,100.0,0.1,0.0,3.2,324.0,0.0,,,,,,,,,,,2024-12-30T23:02:00,,,,0,,,,,,,,,,,,,
2024-12-31 01:00:00,973.1,15.6,100.0,1.0,358.0,3.9,360.0,0.0,,,,,,,,,,,2024-12-31T00:49:00,,,,0,,,,,,,,,,,,,
2024-12-31 02:00:00,972.5,15.5,100.0,0.2,0.0,3.7,5.0,0.0,,,,,,,,,,,2024-12-31T01:16:00,,,,0,,,,,,,,,,,,,
2024-12-31 03:00:00,972.4,15.9,98.0,1.0,345.0,4.4,282.0,0.0,,,,,,,,,,,2024-12-31T02:14:00,,,,0,,,,,,,,,,,,,
2024-12-31 04:00:00,971.8,15.7,98.0,0.3,23.0,3.5,6.0,0.0,,,,,,,,,,,2024-12-31T03:48:00,,,,0,,,,,,,,,,,,,
2024-12-31 05:00:00,971.9,16.0,97.0,0.0,0.0,2.4,8.0,0.0,,,,,,,,,,,2024-12-31T04:02:00,,,,0,,,,,,,,,,,,,
2024-12-31 06:00:00,972.1,16.2,98.0,0.8,20.0,3.6,17.0,0.0,,,,,,,,,,,2024-12-31T05:51:00,,,,0,,,,,,,,,,,,,
2024-12-31 07:00:00,972.3,15.9,100.0,0.7,35.0,3.2,7.0,0.0,,,,,,,,,,,2024-12-31T06:24:00,,,,0,,,,,,,,,,,,,
2024-12-31 08:00:00,972.5,16.2,99.0,0.4,22.0,4.8,28.0,0.0,,,,,,,,,,,2024-12-31T07:58:00,,,,0,,,,,,,,,,,,,
2024-12-31 09:00:00,973.3,16.7,98.0,0.0,0.0,2.7,19.0,0.0,,,,,,,,,,,2024-12-31T08:04:00,,,,0,,,,,,,,,,,,,
2024-12-31 10:00:00,973.7,16.9,89.0,1.0,318.0,5.9,313.0,0.0,,,,,,,,,,,2024-12-31T09:59:00,,,,0,,,,,,,,,,,,,
2024-12-31 11:00:00,973.1,19.2,83.0,0.3,358.0,5.4,8.0,0.0,,,,,,,,,,,2024-12-31T10:32:00,,,,0,,,,,,,,,,,,,
2024-12-31 12:00:00,972.4,18.7,81.0,0.1,0.0,4.7,25.0,0.0,,,,,,,,,,,2024-12-31T11:30:00,,,,0,,,,,,,,,,,,,
2024-12-31 13:00:00,971.7,18.1,83.0,0.1,0.0,6.3,325.0,0.0,,,,,,,,,,,2024-12-31T12:48:00,,,,0,,,,,,,,,,,,,
2024-12-31 14:00:00,971.1,17.4,81.0,0.3,76.0,3.2,103.0,0.0,,,,,,,,,,,2024-12-31T13:58:00,,,,0,,,,,,,,,,,,,
2024-12-31 15:00:00,970.6,16.5,82.0,0.0,0.0,4.0,34.0,0.0,,,,,,,,,,,2024-12-31T14:21:00,,,,0,,,,,,,,,,,,,
2024-12-31 16:00:00,970.5,16.2,83.0,0.1,0.0,4.6,40.0,0.0,,,,,,,,,,,2024-12-31T15:45:00,,,,0,,,,,,,,,,,,,
2024-12-31 17:00:00,971.2,15.8,85.0,0.0,0.0,3.4,72.0,0.0,,,,,,,,,,,2024-12-31T16:37:00,,,,0,,,,,,,,,,,,,
2024-12-31 18:00:00,971.8,15.5,89.0,0.1,0.0,3.2,76.0,0.0,,,,,,,,,,,2024-12-31T17:59:00,,,,0,,,,,,,,,,,,,
2024-12-31 19:00:00,972.4,15.2,92.0,0.1,0.0,3.9,48.0,0.0,,,,,,,,,,,2024-12-31T18:47:00,,,,0,,,,,,,,,,,,,
2024-12-31 20:00:00,973.0,14.9,94.0,0.2,0.0,3.8,73.0,0.0,,,,,,,,,,,2024-12-31T19:30:00,,,,0,,,,,,,,,,,,,
2024-12-31 21:00:00,973.2,14.6,94.0,0.1,0.0,3.3,128.0,0.0,,,,,,,,,,,2024-12-31T20:21:00,,,,0,,,,,,,,,,,,,
2024-12-31 22:00:00,973.2,14.2,95.0,0.3,26.0,3.7,47.0,0.0,,,,,,,,,,,2024-12-31T21:04:00,,,,0,,,,,,,,,,,,,
2024-12-31 23:00:00,973.1,14.0,96.0,0.1,0.0,4.2,52.0,0.0,,,,,,,,,,,2024-12-31T22:02:00,,,,0,,,,,,,,,,,,,
2025-01-01 00:00:00,973.1,14.0,95.0,0.2,0.0,5.0,45.0,0.0,,,,,,,,,,,2024-12-31T23:29:00,,,,0,,,,,,,,,,,,,
