,StnPres,StnPresMax,StnPresMaxTime,StnPresMin,StnPresMinTime,Tx,TxMaxAbs,TxMaxAbsTime,TxMinAbs,TxMinAbsTime,RH,RHMin,RHMinTime,WS,WD,WSGust,WDGust,WGustTime,Precp,AirTemperature.MaximumTimef,AirTemperature.Maximumf,AirTemperature.Meanf,AirTemperature.MinimumTimef,AirTemperature.Minimumf,GlobalSolarRadiation.Accumulationf,GlobalSolarRadiation.HourlyMaximumTimef,GlobalSolarRadiation.HourlyMaximumf,GloblRad,GloblRadMax,GloblRadMaxTime,PeakGust.Directionf,PeakGust.MaximumTimef,PeakGust.Maximumf,Precipitation.Accumulationf,Precipitation.HourlyMaximum,Precipitation.HourlyMaximumTime,Precipitation.HourlyMaximumTimef,Precipitation.HourlyMaximumf,Precipitation.MeltFlag,Precipitation.MeltFlagf,RelativeHumidity.Maximum,RelativeHumidity.MaximumTime,RelativeHumidity.MaximumTimef,RelativeHumidity.Maximumf,RelativeHumidity.Meanf,RelativeHumidity.MinimumTimef,RelativeHumidity.Minimumf,SoilTemperatureAt0cm.Maximum,SoilTemperatureAt0cm.MaximumTime,SoilTemperatureAt0cm.MaximumTimef,SoilTemperatureAt0cm.Maximumf,SoilTemperatureAt0cm.Meanf,SoilTemperatureAt0cm.Minimum,SoilTemperatureAt0cm.MinimumTime,SoilTemperatureAt0cm.MinimumTimef,SoilTemperatureAt0cm.Minimumf,SoilTemperatureAt100cm.Maximum,SoilTemperatureAt100cm.MaximumTime,SoilTemperatureAt100cm.MaximumTimef,SoilTemperatureAt100cm.Maximumf,SoilTemperatureAt100cm.Meanf,SoilTemperatureAt100cm.Minimum,SoilTemperatureAt100cm.MinimumTime,SoilTemperatureAt100cm.MinimumTimef,SoilTemperatureAt100cm.Minimumf,SoilTemperatureAt10cm.Maximum,SoilTemperatureAt10cm.MaximumTime,SoilTemperatureAt10cm.MaximumTimef,SoilTemperatureAt10cm.Maximumf,SoilTemperatureAt10cm.Meanf,SoilTemperatureAt10cm.Minimum,SoilTemperatureAt10cm.MinimumTime,SoilTemperatureAt10cm.MinimumTimef,SoilTemperatureAt10cm.Minimumf,SoilTemperatureAt20cm.Maximum,SoilTemperatureAt20cm.MaximumTime,SoilTemperatureAt20cm.MaximumTimef,SoilTemperatureAt20cm.Maximumf,SoilTemperatureAt20cm.Meanf,SoilTemperatureAt20cm.Minimum,SoilTemperatureAt20cm.MinimumTime,SoilTemperatureAt20cm.MinimumTimef,SoilTemperatureAt20cm.Minimumf,SoilTemperatureAt50cm.Maximum,SoilTemperatureAt50cm.MaximumTime,SoilTemperatureAt50cm.MaximumTimef,SoilTemperatureAt50cm.Maximumf,SoilTemperatureAt50cm.Meanf,SoilTemperatureAt50cm.Minimum,SoilTemperatureAt50cm.MinimumTime,SoilTemperatureAt50cm.MinimumTimef,SoilTemperatureAt50cm.Minimumf,SoilTemperatureAt5cm.Maximum,SoilTemperatureAt5cm.MaximumTime,SoilTemperatureAt5cm.MaximumTimef,SoilTemperatureAt5cm.Maximumf,SoilTemperatureAt5cm.Meanf,SoilTemperatureAt5cm.Minimum,SoilTemperatureAt5cm.MinimumTime,SoilTemperatureAt5cm.MinimumTimef,SoilTemperatureAt5cm.Minimumf,StationPressure.MaximumTimef,StationPressure.Maximumf,StationPressure.Meanf,StationPressure.MinimumTimef,StationPressure.Minimumf,SunShine,SunshineDuration.Totalf,TxSoil0cm,TxSoil100cm,TxSoil10cm,TxSoil20cm,TxSoil50cm,TxSoil5cm,WindDirection.Prevailingf,WindSpeed.Meanf
2014-01-01,964.6,966.5,2014-01-01T08:33:00,962.7,2014-01-01T15:06:00,15.4,20.4,2014-01-01T13:47:00,11.8,2014-01-01T00:43:00,77,50.0,2014-01-01T13:05:00,0.6,135,5.0,128.0,2014-01-01T06:11:00,0.0,,,,,,,,,,,,,,,,,,,,,,100.0,2014-01-02T00:00:00,,,,,,,,,,,,,,,,,,,,,,,,,,,,,,,,,,,,,,,,,,,,,,,,,,,,,,,,,,,,,,,,,,,,,,,,,,
2014-01-02,963.4,965.6,2014-01-02T09:07:00,961.4,2014-01-02T15:34:00,17.4,21.7,2014-01-02T11:54:00,14.5,2014-01-02T07:36:00,76,54.0,2014-01-02T11:42:00,0.6,128,4.4,103.0,2014-01-02T23:14:00,0.0,,,,,,,,,,,,,,,,,,,,,,100.0,2014-01-02T17:41:00,,,,,,,,,,,,,,,,,,,,,,,,,,,,,,,,,,,,,,,,,,,,,,,,,,,,,,,,,,,,,,,,,,,,,,,,,,
2014-01-03,961.9,963.7,2014-01-03T09:37:00,959.5,2014-01-03T15:01:00,16.0,18.4,2014-01-03T14:36:00,13.3,2014-01-03T07:26:00,95,77.0,2014-01-03T02:03:00,0.3,138,3.5,83.0,2014-01-03T07:30:00,5.0,,,,,,,,,,,,,,,,,,,,,,100.0,2014-01-03T06:27:00,,,,,,,,,,,,,,,,,,,,,,,,,,,,,,,,,,,,,,,,,,,,,,,,,,,,,,,,,,,,,,,,,,,,,,,,,,
2014-01-04,963.4,965.3,2014-01-04T22:11:00,961.7,2014-01-04T05:03:00,13.5,15.4,2014-01-04T01:19:00,10.4,2014-01-04T23:20:00,82,72.0,2014-01-04T10:14:00,0.6,111,7.0,112.0,2014-01-04T08:33:00,0.0,,,,,,,,,,,,,,,,,,,,,,100.0,2014-01-05T00:00:00,,,,,,,,,,,,,,,,,,,,,,,,,,,,,,,,,,,,,,,,,,,,,,,,,,,,,,,,,,,,,,,,,,,,,,,,,,
2014-01-05,964.9,967.0,2014-01-05T07:10:00,962.4,2014-01-05T13:52:00,12.6,17.0,2014-01-05T13:11:00,9.3,2014-01-05T07:11:00,75,54.0,2014-01-05T13:20:00,0.6,18,5.7,34.0,2014-01-05T13:18:00,0.0,,,,,,,,,,,,,,,,,,,,,,95.0,2014-01-05T02:22:00,,,,,,,,,,,,,,,,,,,,,,,,,,,,,,,,,,,,,,,,,,,,,,,,,,,,,,,,,,,,,,,,,,,,,,,,,,
2014-01-06,964.5,965.7,2014-01-06T09:12:00,963.0,2014-01-06T13:17:00,14.7,18.9,2014-01-06T13:09:00,11.9,2014-01-06T04:24:00,72,55.0,2014-01-06T12:48:00,0.5,133,5.9,118.0,2014-01-06T23:14:00,0.0,,,,,,,,,,,,,,,,,,,,,,91.0,2014-01-06T18:10:00,,,,,,,,,,,,,,,,,,,,,,,,,,,,,,,,,,,,,,,,,,,,,,,,,,,,,,,,,,,,,,,,,,,,,,,,,,
2014-01-07,963.5,965.1,2014-01-07T08:54:00,961.9,2014-01-07T14:08:00,16.5,21.6,2014-01-07T14:37:00,13.9,2014-01-07T07:11:00,74,49.0,2014-01-07T13:31:00,0.5,133,5.8,89.0,2014-01-07T06:44:00,0.0,,,,,,,,,,,,,,,,,,,,,,100.0,2014-01-07T17:09:00,,,,,,,,,,,,,,,,,,,,,,,,,,,,,,,,,,,,,,,,,,,,,,,,,,,,,,,,,,,,,,,,,,,,,,,,,,
2014-01-08,964.8,968.3,2014-01-08T23:55:00,962.4,2014-01-08T04:15:00,14.3,20.2,2014-01-08T11:08:00,9.8,2014-01-08T23:59:00,88,62.0,2014-01-08T11:12:00,0.5,46,6.0,347.0,2014-01-08T12:35:00,15.0,,,,,,,,,,,,,,,,,,,,,,100.0,2014-01-08T13:10:00,,,,,,,,,,,,,,,,,,,,,,,,,,,,,,,,,,,,,,,,,,,,,,,,,,,,,,,,,,,,,,,,,,,,,,,,,,
2014-01-09,969.7,971.6,2014-01-09T19:51:00,967.7,2014-01-09T04:01:00,9.7,10.5,2014-01-10T00:00:00,9.2,2014-01-09T07:40:00,100,100.0,2014-01-10T00:00:00,0.7,106,6.9,33.0,2014-01-09T13:00:00,1.5,,,,,,,,,,,,,,,,,,,,,,100.0,2014-01-10T00:00:00,,,,,,,,,,,,,,,,,,,,,,,,,,,,,,,,,,,,,,,,,,,,,,,,,,,,,,,,,,,,,,,,,,,,,,,,,,
2014-01-10,969.3,971.5,2014-01-10T09:18:00,966.8,2014-01-10T14:48:00,14.1,17.7,2014-01-10T14:36:00,10.2,2014-01-10T02:28:00,82,64.0,2014-01-10T13:30:00,0.4,140,4.4,30.0,2014-01-10T11:11:00,0.0,,,,,,,,,,,,,,,,,,,,,,100.0,2014-01-11T00:00:00,,,,,,,,,,,,,,,,,,,,,,,,,,,,,,,,,,,,,,,,,,,,,,,,,,,,,,,,,,,,,,,,,,,,,,,,,,
2014-01-11,968.9,971.0,2014-01-11T08:47:00,967.2,2014-01-11T15:43:00,15.6,20.4,2014-01-11T14:40:00,12.2,2014-01-11T06:36:00,79,59.0,2014-01-11T14:23:00,0.4,136,6.1,128.0,2014-01-11T22:27:00,0.0,,,,,,,,,,,,,,,,,,,,,,100.0,2014-01-11T17:19:00,,,,,,,,,,,,,,,,,,,,,,,,,,,,,,,,,,,,,,,,,,,,,,,,,,,,,,,,,,,,,,,,,,,,,,,,,,
2014-01-12,969.4,970.8,2014-01-12T21:25:00,968.1,2014-01-12T14:17:00,13.1,16.5,2014-01-12T11:04:00,10.6,2014-01-12T04:14:00,94,77.0,2014-01-12T01:25:00,0.7,321,5.9,30.0,2014-01-12T21:40:00,3.0,,,,,,,,,,,,,,,,,,,,,,100.0,2014-01-12T02:54:00,,,,,,,,,,,,,,,,,,,,,,,,,,,,,,,,,,,,,,,,,,,,,,,,,,,,,,,,,,,,,,,,,,,,,,,,,,
2014-01-13,967.8,970.5,2014-01-14T00:00:00,966.0,2014-01-13T14:38:00,12.2,15.0,2014-01-13T12:07:00,11.0,2014-01-13T06:20:00,100,100.0,2014-01-14T00:00:00,0.7,74,10.3,41.0,2014-01-13T11:06:00,2.5,,,,,,,,,,,,,,,,,,,,,,100.0,2014-01-14T00:00:00,,,,,,,,,,,,,,,,,,,,,,,,,,,,,,,,,,,,,,,,,,,,,,,,,,,,,,,,,,,,,,,,,,,,,,,,,,
2014-01-14,969.0,971.4,2014-01-14T23:45:00,966.0,2014-01-14T01:47:00,10.4,13.1,2014-01-14T01:17:00,8.9,2014-01-14T22:31:00,100,100.0,2014-01-15T00:00:00,0.7,70,7.4,50.0,2014-01-14T07:06:00,8.0,,,,,,,,,,,,,,,,,,,,,,100.0,2014-01-15T00:00:00,,,,,,,,,,,,,,,,,,,,,,,,,,,,,,,,,,,,,,,,,,,,,,,,,,,,,,,,,,,,,,,,,,,,,,,,,,
2014-01-15,970.6,973.0,2014-01-15T07:36:00,968.0,2014-01-15T16:10:00,10.9,13.8,2014-01-15T13:40:00,8.4,2014-01-15T06:40:00,77,59.0,2014-01-15T15:39:00,0.9,111,10.7,25.0,2014-01-15T09:25:00,0.5,,,,,,,,,,,,,,,,,,,,,,100.0,2014-01-16T00:00:00,,,,,,,,,,,,,,,,,,,,,,,,,,,,,,,,,,,,,,,,,,,,,,,,,,,,,,,,,,,,,,,,,,,,,,,,,,
2014-01-16,968.7,970.4,2014-01-16T08:50:00,966.2,2014-01-16T14:02:00,12.4,17.0,2014-01-16T13:40:00,7.6,2014-01-16T03:51:00,74,53.0,2014-01-16T12:34:00,0.4,57,8.2,105.0,2014-01-16T09:34:00,0.0,,,,,,,,,,,,,,,,,,,,,,100.0,2014-01-16T04:28:00,,,,,,,,,,,,,,,,,,,,,,,,,,,,,,,,,,,,,,,,,,,,,,,,,,,,,,,,,,,,,,,,,,,,,,,,,,
2014-01-17,967.7,969.6,2014-01-17T23:59:00,965.5,2014-01-17T14:30:00,13.1,18.3,2014-01-17T12:31:00,10.3,2014-01-17T23:40:00,75,54.0,2014-01-17T10:10:00,0.9,46,7.4,99.0,2014-01-17T07:22:00,0.0,,,,,,,,,,,,,,,,,,,,,,100.0,2014-01-17T21:35:00,,,,,,,,,,,,,,,,,,,,,,,,,,,,,,,,,,,,,,,,,,,,,,,,,,,,,,,,,,,,,,,,,,,,,,,,,,
2014-01-18,972.9,975.3,2014-01-18T21:32:00,969.5,2014-01-18T00:16:00,10.5,13.4,2014-01-18T11:21:00,8.2,2014-01-18T19:28:00,75,63.0,2014-01-18T21:39:00,1.1,73,9.7,28.0,2014-01-18T13:36:00,0.0,,,,,,,,,,,,,,,,,,,,,,100.0,2014-01-18T00:23:00,,,,,,,,,,,,,,,,,,,,,,,,,,,,,,,,,,,,,,,,,,,,,,,,,,,,,,,,,,,,,,,,,,,,,,,,,,
2014-01-19,970.2,973.4,2014-01-19T00:06:00,967.5,2014-01-19T14:38:00,13.4,18.1,2014-01-19T12:34:00,9.9,2014-01-19T04:26:00,64,39.0,2014-01-19T12:35:00,0.7,101,9.2,11.0,2014-01-19T00:21:00,0.0,,,,,,,,,,,,,,,,,,,,,,83.0,2014-01-19T21:19:00,,,,,,,,,,,,,,,,,,,,,,,,,,,,,,,,,,,,,,,,,,,,,,,,,,,,,,,,,,,,,,,,,,,,,,,,,,
2014-01-20,968.9,970.8,2014-01-20T09:14:00,966.8,2014-01-20T15:18:00,12.0,16.1,2014-01-20T12:30:00,8.2,2014-01-20T07:05:00,89,66.0,2014-01-20T12:09:00,0.4,23,6.8,31.0,2014-01-20T21:46:00,0.0,,,,,,,,,,,,,,,,,,,,,,100.0,2014-01-20T06:56:00,,,,,,,,,,,,,,,,,,,,,,,,,,,,,,,,,,,,,,,,,,,,,,,,,,,,,,,,,,,,,,,,,,,,,,,,,,
2014-01-21,971.0,973.0,2014-01-21T22:07:00,969.1,2014-01-21T02:29:00,8.5,11.0,2014-01-21T00:03:00,6.9,2014-01-21T23:52:00,80,70.0,2014-01-21T21:37:00,0.8,117,8.7,14.0,2014-01-21T11:04:00,0.0,,,,,,,,,,,,,,,,,,,,,,100.0,2014-01-22T00:00:00,,,,,,,,,,,,,,,,,,,,,,,,,,,,,,,,,,,,,,,,,,,,,,,,,,,,,,,,,,,,,,,,,,,,,,,,,,
2014-01-22,970.2,972.4,2014-01-22T00:06:00,967.6,2014-01-22T15:16:00,8.4,11.8,2014-01-22T13:32:00,6.0,2014-01-22T05:09:00,71,59.0,2014-01-22T10:42:00,0.9,50,9.5,33.0,2014-01-22T10:24:00,0.0,,,,,,,,,,,,,,,,,,,,,,80.0,2014-01-22T06:08:00,,,,,,,,,,,,,,,,,,,,,,,,,,,,,,,,,,,,,,,,,,,,,,,,,,,,,,,,,,,,,,,,,,,,,,,,,,
2014-01-23,967.4,970.0,2014-01-23T00:06:00,965.0,2014-01-23T15:07:00,11.5,18.1,2014-01-23T15:14:00,6.3,2014-01-23T03:40:00,67,45.0,2014-01-23T10:27:00,0.4,121,4.2,300.0,2014-01-23T11:06:00,0.0,,,,,,,,,,,,,,,,,,,,,,90.0,2014-01-23T19:29:00,,,,,,,,,,,,,,,,,,,,,,,,,,,,,,,,,,,,,,,,,,,,,,,,,,,,,,,,,,,,,,,,,,,,,,,,,,
2014-01-24,965.5,967.6,2014-01-24T09:37:00,963.8,2014-01-24T14:55:00,12.2,18.0,2014-01-24T13:45:00,7.8,2014-01-24T07:36:00,62,40.0,2014-01-24T11:33:00,0.8,73,7.3,146.0,2014-01-24T01:38:00,0.0,,,,,,,,,,,,,,,,,,,,,,88.0,2014-01-24T20:18:00,,,,,,,,,,,,,,,,,,,,,,,,,,,,,,,,,,,,,,,,,,,,,,,,,,,,,,,,,,,,,,,,,,,,,,,,,,
2014-01-25,965.1,967.5,2014-01-25T09:09:00,962.6,2014-01-25T14:46:00,14.5,21.2,2014-01-25T14:43:00,10.4,2014-01-25T04:52:00,65,37.0,2014-01-25T13:26:00,0.6,72,5.3,353.0,2014-01-25T15:13:00,0.0,,,,,,,,,,,,,,,,,,,,,,84.0,2014-01-25T20:44:00,,,,,,,,,,,,,,,,,,,,,,,,,,,,,,,,,,,,,,,,,,,,,,,,,,,,,,,,,,,,,,,,,,,,,,,,,,
2014-01-26,967.2,968.9,2014-01-26T22:15:00,964.9,2014-01-26T02:52:00,12.7,14.9,2014-01-26T12:55:00,11.1,2014-01-26T19:31:00,84,69.0,2014-01-26T03:15:00,0.8,108,7.7,70.0,2014-01-26T15:03:00,0.0,,,,,,,,,,,,,,,,,,,,,,100.0,2014-01-26T17:19:00,,,,,,,,,,,,,,,,,,,,,,,,,,,,,,,,,,,,,,,,,,,,,,,,,,,,,,,,,,,,,,,,,,,,,,,,,,
2014-01-27,965.9,968.5,2014-01-27T00:03:00,963.6,2014-01-27T15:13:00,14.2,19.0,2014-01-27T14:10:00,10.1,2014-01-27T07:11:00,77,62.0,2014-01-27T14:11:00,0.8,23,5.4,353.0,2014-01-27T14:14:00,0.0,,,,,,,,,,,,,,,,,,,,,,94.0,2014-01-27T07:11:00,,,,,,,,,,,,,,,,,,,,,,,,,,,,,,,,,,,,,,,,,,,,,,,,,,,,,,,,,,,,,,,,,,,,,,,,,,
2014-01-28,965.8,967.4,2014-01-28T10:08:00,964.4,2014-01-28T14:46:00,15.7,21.4,2014-01-28T14:10:00,11.8,2014-01-28T06:47:00,73,52.0,2014-01-28T11:16:00,0.7,122,4.9,159.0,2014-01-28T05:58:00,0.0,,,,,,,,,,,,,,,,,,,,,,100.0,2014-01-28T19:28:00,,,,,,,,,,,,,,,,,,,,,,,,,,,,,,,,,,,,,,,,,,,,,,,,,,,,,,,,,,,,,,,,,,,,,,,,,,
2014-01-29,965.2,966.6,2014-01-29T08:49:00,963.5,2014-01-29T14:44:00,15.9,20.9,2014-01-29T13:57:00,13.4,2014-01-29T07:07:00,79,52.0,2014-01-29T12:54:00,0.7,129,5.6,90.0,2014-01-29T03:42:00,0.0,,,,,,,,,,,,,,,,,,,,,,100.0,2014-01-29T17:29:00,,,,,,,,,,,,,,,,,,,,,,,,,,,,,,,,,,,,,,,,,,,,,,,,,,,,,,,,,,,,,,,,,,,,,,,,,,
2014-01-30,965.5,967.5,2014-01-30T09:41:00,964.1,2014-01-30T15:03:00,17.3,23.2,2014-01-30T14:27:00,13.8,2014-01-30T04:27:00,59,36.0,2014-01-30T13:56:00,0.8,127,7.5,143.0,2014-01-30T06:37:00,0.0,,,,,,,,,,,,,,,,,,,,,,87.0,2014-01-30T18:48:00,,,,,,,,,,,,,,,,,,,,,,,,,,,,,,,,,,,,,,,,,,,,,,,,,,,,,,,,,,,,,,,,,,,,,,,,,,
2014-01-31,964.6,966.3,2014-01-31T09:17:00,962.9,2014-01-31T14:37:00,17.4,24.0,2014-01-31T14:16:00,13.5,2014-01-31T02:56:00,71,50.0,2014-01-31T12:25:00,0.4,84,3.7,137.0,2014-01-31T06:24:00,0.0,,,,,,,,,,,,,,,,,,,,,,100.0,2014-01-31T19:42:00,,,,,,,,,,,,,,,,,,,,,,,,,,,,,,,,,,,,,,,,,,,,,,,,,,,,,,,,,,,,,,,,,,,,,,,,,,
2014-02-01,962.6,965.0,2014-02-01T09:24:00,960.8,2014-02-01T15:29:00,17.5,23.4,2014-02-01T14:49:00,13.3,2014-02-01T20:39:00,71,40.0,2014-02-01T10:43:00,0.6,124,5.4,140.0,2014-02-01T06:45:00,0.0,,,,,,,,,,,,,,,,,,,,,,100.0,2014-02-02T00:00:00,,,,,,,,,,,,,,,,,,,,,,,,,,,,,,,,,,,,,,,,,,,,,,,,,,,,,,,,,,,,,,,,,,,,,,,,,,
2014-02-02,958.0,961.3,2014-02-02T00:12:00,955.3,2014-02-02T15:39:00,18.6,24.2,2014-02-02T11:49:00,15.6,2014-02-02T05:05:00,75,58.0,2014-02-02T11:28:00,0.6,126,4.4,266.0,2014-02-02T12:25:00,0.0,,,,,,,,,,,,,,,,,,,,,,100.0,2014-02-02T20:29:00,,,,,,,,,,,,,,,,,,,,,,,,,,,,,,,,,,,,,,,,,,,,,,,,,,,,,,,,,,,,,,,,,,,,,,,,,,
2014-02-03,957.8,960.2,2014-02-03T23:59:00,956.1,2014-02-03T13:59:00,18.2,22.9,2014-02-03T13:15:00,15.4,2014-02-03T07:21:00,93,73.0,2014-02-03T16:23:00,0.4,22,6.3,28.0,2014-02-03T23:33:00,0.0,,,,,,,,,,,,,,,,,,,,,,100.0,2014-02-04T00:00:00,,,,,,,,,,,,,,,,,,,,,,,,,,,,,,,,,,,,,,,,,,,,,,,,,,,,,,,,,,,,,,,,,,,,,,,,,,
2014-02-04,961.1,962.9,2014-02-04T09:26:00,959.5,2014-02-04T14:29:00,15.1,17.4,2014-02-04T12:36:00,12.4,2014-02-04T23:07:00,85,66.0,2014-02-04T21:04:00,1.1,79,9.2,36.0,2014-02-04T12:53:00,3.5,,,,,,,,,,,,,,,,,,,,,,100.0,2014-02-05T00:00:00,,,,,,,,,,,,,,,,,,,,,,,,,,,,,,,,,,,,,,,,,,,,,,,,,,,,,,,,,,,,,,,,,,,,,,,,,,
2014-02-05,960.5,962.6,2014-02-05T08:34:00,958.5,2014-02-05T14:40:00,15.2,18.4,2014-02-05T13:35:00,12.4,2014-02-05T00:46:00,100,100.0,2014-02-06T00:00:00,0.2,43,6.7,125.0,2014-02-05T01:16:00,4.0,,,,,,,,,,,,,,,,,,,,,,100.0,2014-02-06T00:00:00,,,,,,,,,,,,,,,,,,,,,,,,,,,,,,,,,,,,,,,,,,,,,,,,,,,,,,,,,,,,,,,,,,,,,,,,,,
2014-02-06,958.9,961.1,2014-02-06T08:34:00,957.3,2014-02-06T15:24:00,16.4,21.4,2014-02-06T12:03:00,13.0,2014-02-06T06:56:00,99,80.0,2014-02-06T12:08:00,0.2,11,3.5,332.0,2014-02-06T11:38:00,0.0,,,,,,,,,,,,,,,,,,,,,,100.0,2014-02-07T00:00:00,,,,,,,,,,,,,,,,,,,,,,,,,,,,,,,,,,,,,,,,,,,,,,,,,,,,,,,,,,,,,,,,,,,,,,,,,,
2014-02-07,957.6,959.4,2014-02-07T08:37:00,955.6,2014-02-07T15:50:00,14.9,16.3,2014-02-08T00:00:00,13.9,2014-02-07T23:55:00,100,100.0,2014-02-08T00:00:00,0.2,265,3.2,339.0,2014-02-07T10:57:00,5.5,,,,,,,,,,,,,,,,,,,,,,100.0,2014-02-08T00:00:00,,,,,,,,,,,,,,,,,,,,,,,,,,,,,,,,,,,,,,,,,,,,,,,,,,,,,,,,,,,,,,,,,,,,,,,,,,
2014-02-08,959.1,961.6,2014-02-08T09:04:00,957.7,2014-02-08T15:04:00,12.2,14.9,2014-02-08T22:09:00,10.7,2014-02-08T08:09:00,99,78.0,2014-02-08T22:07:00,0.7,18,5.2,10.0,2014-02-08T16:36:00,9.5,,,,,,,,,,,,,,,,,,,,,,100.0,2014-02-08T00:00:00,,,,,,,,,,,,,,,,,,,,,,,,,,,,,,,,,,,,,,,,,,,,,,,,,,,,,,,,,,,,,,,,,,,,,,,,,,
2014-02-09,959.5,963.0,2014-02-09T22:42:00,956.8,2014-02-09T13:39:00,10.8,12.1,2014-02-09T08:27:00,8.5,2014-02-09T23:59:00,100,100.0,2014-02-09T00:00:00,1.1,45,8.9,30.0,2014-02-09T17:07:00,67.5,,,,,,,,,,,,,,,,,,,,,,100.0,2014-02-09T00:00:00,,,,,,,,,,,,,,,,,,,,,,,,,,,,,,,,,,,,,,,,,,,,,,,,,,,,,,,,,,,,,,,,,,,,,,,,,,
2014-02-10,964.8,966.3,2014-02-10T09:34:00,962.1,2014-02-10T00:01:00,6.3,8.5,2014-02-10T00:05:00,5.3,2014-02-10T23:39:00,100,100.0,2014-02-11T00:00:00,0.8,47,6.9,28.0,2014-02-10T01:34:00,16.0,,,,,,,,,,,,,,,,,,,,,,100.0,2014-02-11T00:00:00,,,,,,,,,,,,,,,,,,,,,,,,,,,,,,,,,,,,,,,,,,,,,,,,,,,,,,,,,,,,,,,,,,,,,,,,,,
2014-02-11,964.6,966.2,2014-02-11T08:30:00,963.1,2014-02-11T14:57:00,4.9,6.0,2014-02-11T23:54:00,4.0,2014-02-11T08:12:00,100,100.0,2014-02-12T00:00:00,0.5,21,5.7,28.0,2014-02-11T07:06:00,11.0,,,,,,,,,,,,,,,,,,,,,,100.0,2014-02-12T00:00:00,,,,,,,,,,,,,,,,,,,,,,,,,,,,,,,,,,,,,,,,,,,,,,,,,,,,,,,,,,,,,,,,,,,,,,,,,,
2014-02-12,963.6,965.7,2014-02-12T09:14:00,962.1,2014-02-12T13:36:00,8.9,11.1,2014-02-12T22:56:00,5.9,2014-02-12T00:16:00,100,100.0,2014-02-13T00:00:00,0.1,40,3.1,116.0,2014-02-12T12:30:00,4.5,,,,,,,,,,,,,,,,,,,,,,100.0,2014-02-13T00:00:00,,,,,,,,,,,,,,,,,,,,,,,,,,,,,,,,,,,,,,,,,,,,,,,,,,,,,,,,,,,,,,,,,,,,,,,,,,
2014-02-13,964.8,966.4,2014-02-13T22:48:00,962.8,2014-02-13T04:03:00,10.6,12.1,2014-02-13T11:36:00,9.1,2014-02-13T23:43:00,100,100.0,2014-02-14T00:00:00,0.5,27,7.4,27.0,2014-02-13T14:06:00,12.0,,,,,,,,,,,,,,,,,,,,,,100.0,2014-02-14T00:00:00,,,,,,,,,,,,,,,,,,,,,,,,,,,,,,,,,,,,,,,,,,,,,,,,,,,,,,,,,,,,,,,,,,,,,,,,,,
2014-02-14,966.4,968.5,2014-02-14T09:26:00,965.1,2014-02-14T15:11:00,8.8,10.1,2014-02-14T11:29:00,8.2,2014-02-14T08:29:00,100,100.0,2014-02-15T00:00:00,0.8,7,8.9,20.0,2014-02-14T22:27:00,14.5,,,,,,,,,,,,,,,,,,,,,,100.0,2014-02-15T00:00:00,,,,,,,,,,,,,,,,,,,,,,,,,,,,,,,,,,,,,,,,,,,,,,,,,,,,,,,,,,,,,,,,,,,,,,,,,,
2014-02-15,965.3,966.5,2014-02-15T10:00:00,964.3,2014-02-15T22:53:00,11.5,14.4,2014-02-15T23:37:00,8.1,2014-02-15T01:16:00,92,72.0,2014-02-15T23:35:00,0.5,88,6.9,52.0,2014-02-15T00:47:00,0.0,,,,,,,,,,,,,,,,,,,,,,100.0,2014-02-16T00:00:00,,,,,,,,,,,,,,,,,,,,,,,,,,,,,,,,,,,,,,,,,,,,,,,,,,,,,,,,,,,,,,,,,,,,,,,,,,
2014-02-16,965.2,966.7,2014-02-16T09:10:00,963.6,2014-02-16T15:24:00,14.4,19.4,2014-02-16T14:45:00,11.7,2014-02-16T06:50:00,91,65.0,2014-02-16T14:10:00,0.3,77,4.2,113.0,2014-02-16T00:17:00,0.0,,,,,,,,,,,,,,,,,,,,,,100.0,2014-02-16T03:00:00,,,,,,,,,,,,,,,,,,,,,,,,,,,,,,,,,,,,,,,,,,,,,,,,,,,,,,,,,,,,,,,,,,,,,,,,,,
2014-02-17,965.1,967.2,2014-02-17T08:07:00,963.0,2014-02-17T15:35:00,16.8,21.7,2014-02-17T13:17:00,11.4,2014-02-17T00:42:00,90,67.0,2014-02-17T11:27:00,0.4,129,4.3,98.0,2014-02-17T05:55:00,0.0,,,,,,,,,,,,,,,,,,,,,,100.0,2014-02-18T00:00:00,,,,,,,,,,,,,,,,,,,,,,,,,,,,,,,,,,,,,,,,,,,,,,,,,,,,,,,,,,,,,,,,,,,,,,,,,,
2014-02-18,962.8,965.2,2014-02-18T21:18:00,960.6,2014-02-18T14:18:00,14.1,20.9,2014-02-18T10:56:00,9.7,2014-02-19T00:00:00,98,78.0,2014-02-18T10:17:00,0.4,1,4.7,294.0,2014-02-18T15:14:00,5.5,,,,,,,,,,,,,,,,,,,,,,100.0,2014-02-19T00:00:00,,,,,,,,,,,,,,,,,,,,,,,,,,,,,,,,,,,,,,,,,,,,,,,,,,,,,,,,,,,,,,,,,,,,,,,,,,
2014-02-19,966.0,969.9,2014-02-19T23:59:00,962.9,2014-02-19T04:04:00,8.4,9.7,2014-02-19T00:07:00,7.7,2014-02-19T23:59:00,100,100.0,2014-02-20T00:00:00,0.9,14,6.6,29.0,2014-02-19T15:32:00,36.5,,,,,,,,,,,,,,,,,,,,,,100.0,2014-02-20T00:00:00,,,,,,,,,,,,,,,,,,,,,,,,,,,,,,,,,,,,,,,,,,,,,,,,,,,,,,,,,,,,,,,,,,,,,,,,,,
2014-02-20,971.2,973.0,2014-02-20T22:20:00,969.1,2014-02-20T01:25:00,7.8,11.7,2014-02-20T13:58:00,4.7,2014-02-20T23:26:00,87,62.0,2014-02-20T12:52:00,1.0,27,8.4,27.0,2014-02-20T13:01:00,2.0,,,,,,,,,,,,,,,,,,,,,,100.0,2014-02-21T00:00:00,,,,,,,,,,,,,,,,,,,,,,,,,,,,,,,,,,,,,,,,,,,,,,,,,,,,,,,,,,,,,,,,,,,,,,,,,,
2014-02-21,969.7,972.2,2014-02-21T09:18:00,967.6,2014-02-21T15:49:00,11.0,16.2,2014-02-21T14:20:00,4.6,2014-02-21T02:33:00,71,50.0,2014-02-21T10:13:00,0.7,126,9.2,50.0,2014-02-21T12:47:00,0.0,,,,,,,,,,,,,,,,,,,,,,100.0,2014-02-21T00:14:00,,,,,,,,,,,,,,,,,,,,,,,,,,,,,,,,,,,,,,,,,,,,,,,,,,,,,,,,,,,,,,,,,,,,,,,,,,
2014-02-22,968.7,970.3,2014-02-22T09:20:00,966.9,2014-02-22T16:20:00,13.4,19.3,2014-02-22T13:44:00,9.9,2014-02-22T07:17:00,76,46.0,2014-02-22T11:04:00,0.6,123,4.1,286.0,2014-02-22T12:16:00,0.0,,,,,,,,,,,,,,,,,,,,,,100.0,2014-02-22T19:58:00,,,,,,,,,,,,,,,,,,,,,,,,,,,,,,,,,,,,,,,,,,,,,,,,,,,,,,,,,,,,,,,,,,,,,,,,,,
2014-02-23,967.8,968.8,2014-02-23T01:57:00,966.5,2014-02-23T15:21:00,15.7,21.5,2014-02-23T14:08:00,9.9,2014-02-23T01:28:00,72,43.0,2014-02-23T13:39:00,0.6,130,4.9,295.0,2014-02-23T14:13:00,0.0,,,,,,,,,,,,,,,,,,,,,,100.0,2014-02-24T00:00:00,,,,,,,,,,,,,,,,,,,,,,,,,,,,,,,,,,,,,,,,,,,,,,,,,,,,,,,,,,,,,,,,,,,,,,,,,,
2014-02-24,966.5,967.9,2014-02-25T00:00:00,965.1,2014-02-24T14:22:00,15.7,21.2,2014-02-24T13:39:00,12.4,2014-02-24T23:28:00,81,58.0,2014-02-24T08:58:00,0.6,131,4.9,256.0,2014-02-24T14:42:00,0.0,,,,,,,,,,,,,,,,,,,,,,100.0,2014-02-24T16:50:00,,,,,,,,,,,,,,,,,,,,,,,,,,,,,,,,,,,,,,,,,,,,,,,,,,,,,,,,,,,,,,,,,,,,,,,,,,
2014-02-25,965.7,967.3,2014-02-25T08:09:00,963.5,2014-02-25T15:36:00,17.1,22.8,2014-02-25T14:40:00,13.1,2014-02-26T00:00:00,82,56.0,2014-02-25T10:24:00,0.6,127,4.6,298.0,2014-02-25T11:34:00,0.0,,,,,,,,,,,,,,,,,,,,,,100.0,2014-02-26T00:00:00,,,,,,,,,,,,,,,,,,,,,,,,,,,,,,,,,,,,,,,,,,,,,,,,,,,,,,,,,,,,,,,,,,,,,,,,,,
2014-02-26,965.7,967.4,2014-02-26T09:29:00,964.1,2014-02-26T14:47:00,17.3,21.1,2014-02-26T14:39:00,14.5,2014-02-26T22:55:00,85,67.0,2014-02-26T14:40:00,0.3,122,3.9,125.0,2014-02-26T07:52:00,0.0,,,,,,,,,,,,,,,,,,,,,,100.0,2014-02-27T00:00:00,,,,,,,,,,,,,,,,,,,,,,,,,,,,,,,,,,,,,,,,,,,,,,,,,,,,,,,,,,,,,,,,,,,,,,,,,,
2014-02-27,965.8,968.3,2014-02-27T08:59:00,964.2,2014-02-27T15:56:00,16.2,20.2,2014-02-27T13:10:00,13.2,2014-02-27T07:21:00,97,83.0,2014-02-27T13:11:00,0.4,35,4.2,353.0,2014-02-27T10:32:00,0.0,,,,,,,,,,,,,,,,,,,,,,100.0,2014-02-28T00:00:00,,,,,,,,,,,,,,,,,,,,,,,,,,,,,,,,,,,,,,,,,,,,,,,,,,,,,,,,,,,,,,,,,,,,,,,,,,
2014-02-28,963.9,966.3,2014-02-28T08:28:00,961.1,2014-02-28T14:06:00,17.8,24.9,2014-02-28T13:21:00,13.7,2014-02-28T01:53:00,90,60.0,2014-02-28T11:48:00,0.4,59,5.1,349.0,2014-02-28T15:20:00,0.0,,,,,,,,,,,,,,,,,,,,,,100.0,2014-03-01T00:00:00,,,,,,,,,,,,,,,,,,,,,,,,,,,,,,,,,,,,,,,,,,,,,,,,,,,,,,,,,,,,,,,,,,,,,,,,,,
2014-03-01,961.7,963.8,2014-03-01T06:42:00,959.1,2014-03-01T15:06:00,17.4,23.0,2014-03-01T14:24:00,14.0,2014-03-01T01:49:00,94,72.0,2014-03-01T14:24:00,0.3,131,4.2,299.0,2014-03-01T15:32:00,0.5,,,,,,,,,,,,,,,,,,,,,,100.0,2014-03-02T00:00:00,,,,,,,,,,,,,,,,,,,,,,,,,,,,,,,,,,,,,,,,,,,,,,,,,,,,,,,,,,,,,,,,,,,,,,,,,,
2014-03-02,962.2,964.0,2014-03-02T23:56:00,960.1,2014-03-02T14:55:00,12.7,16.2,2014-03-02T00:01:00,11.3,2014-03-02T07:27:00,100,100.0,2014-03-03T00:00:00,0.9,40,6.0,37.0,2014-03-02T17:15:00,10.5,,,,,,,,,,,,,,,,,,,,,,100.0,2014-03-03T00:00:00,,,,,,,,,,,,,,,,,,,,,,,,,,,,,,,,,,,,,,,,,,,,,,,,,,,,,,,,,,,,,,,,,,,,,,,,,,
2014-03-03,963.8,965.2,2014-03-03T09:36:00,962.3,2014-03-03T17:13:00,12.3,16.0,2014-03-03T11:31:00,10.8,2014-03-03T03:10:00,100,99.0,2014-03-03T11:32:00,0.6,23,6.8,28.0,2014-03-03T01:24:00,2.5,,,,,,,,,,,,,,,,,,,,,,100.0,2014-03-04T00:00:00,,,,,,,,,,,,,,,,,,,,,,,,,,,,,,,,,,,,,,,,,,,,,,,,,,,,,,,,,,,,,,,,,,,,,,,,,,
2014-03-04,963.7,965.8,2014-03-04T23:57:00,961.5,2014-03-04T15:01:00,13.4,17.1,2014-03-04T15:04:00,12.4,2014-03-04T22:05:00,100,100.0,2014-03-05T00:00:00,0.2,222,3.6,286.0,2014-03-04T17:39:00,7.0,,,,,,,,,,,,,,,,,,,,,,100.0,2014-03-05T00:00:00,,,,,,,,,,,,,,,,,,,,,,,,,,,,,,,,,,,,,,,,,,,,,,,,,,,,,,,,,,,,,,,,,,,,,,,,,,
2014-03-05,965.9,967.7,2014-03-05T08:05:00,964.2,2014-03-05T15:10:00,11.8,15.5,2014-03-05T11:37:00,10.1,2014-03-05T07:18:00,97,80.0,2014-03-05T11:42:00,1.0,86,8.4,42.0,2014-03-05T14:04:00,6.0,,,,,,,,,,,,,,,,,,,,,,100.0,2014-03-06T00:00:00,,,,,,,,,,,,,,,,,,,,,,,,,,,,,,,,,,,,,,,,,,,,,,,,,,,,,,,,,,,,,,,,,,,,,,,,,,
2014-03-06,965.1,968.0,2014-03-06T23:59:00,963.1,2014-03-06T14:44:00,11.1,11.7,2014-03-06T18:13:00,10.3,2014-03-06T05:55:00,100,100.0,2014-03-07T00:00:00,0.5,41,6.7,13.0,2014-03-06T23:34:00,10.5,,,,,,,,,,,,,,,,,,,,,,100.0,2014-03-07T00:00:00,,,,,,,,,,,,,,,,,,,,,,,,,,,,,,,,,,,,,,,,,,,,,,,,,,,,,,,,,,,,,,,,,,,,,,,,,,
2014-03-07,966.7,968.1,2014-03-07T05:45:00,964.7,2014-03-07T14:35:00,12.9,18.7,2014-03-07T10:43:00,10.4,2014-03-07T02:34:00,97,68.0,2014-03-07T10:32:00,0.5,45,7.5,35.0,2014-03-07T00:41:00,12.5,,,,,,,,,,,,,,,,,,,,,,100.0,2014-03-08T00:00:00,,,,,,,,,,,,,,,,,,,,,,,,,,,,,,,,,,,,,,,,,,,,,,,,,,,,,,,,,,,,,,,,,,,,,,,,,,
2014-03-08,964.9,966.8,2014-03-08T00:45:00,963.3,2014-03-08T14:28:00,11.9,13.7,2014-03-08T09:48:00,10.2,2014-03-08T16:33:00,100,100.0,2014-03-09T00:00:00,0.3,52,4.6,305.0,2014-03-08T13:07:00,16.5,,,,,,,,,,,,,,,,,,,,,,100.0,2014-03-09T00:00:00,,,,,,,,,,,,,,,,,,,,,,,,,,,,,,,,,,,,,,,,,,,,,,,,,,,,,,,,,,,,,,,,,,,,,,,,,,
2014-03-09,967.2,968.4,2014-03-09T10:19:00,966.0,2014-03-09T14:56:00,10.2,11.8,2014-03-09T14:50:00,8.8,2014-03-09T07:19:00,100,100.0,2014-03-10T00:00:00,0.9,67,7.2,22.0,2014-03-09T15:08:00,6.5,,,,,,,,,,,,,,,,,,,,,,100.0,2014-03-10T00:00:00,,,,,,,,,,,,,,,,,,,,,,,,,,,,,,,,,,,,,,,,,,,,,,,,,,,,,,,,,,,,,,,,,,,,,,,,,,
2014-03-10,967.7,969.3,2014-03-10T22:49:00,966.5,2014-03-10T02:51:00,13.4,15.0,2014-03-10T12:12:00,11.0,2014-03-10T00:12:00,80,71.0,2014-03-10T10:49:00,0.6,123,4.4,137.0,2014-03-10T05:10:00,0.0,,,,,,,,,,,,,,,,,,,,,,100.0,2014-03-11T00:00:00,,,,,,,,,,,,,,,,,,,,,,,,,,,,,,,,,,,,,,,,,,,,,,,,,,,,,,,,,,,,,,,,,,,,,,,,,,
2014-03-11,967.1,969.2,2014-03-11T08:47:00,964.5,2014-03-11T23:25:00,15.3,18.7,2014-03-11T13:24:00,12.6,2014-03-11T02:55:00,89,76.0,2014-03-11T10:33:00,0.2,61,5.5,101.0,2014-03-11T07:18:00,0.5,,,,,,,,,,,,,,,,,,,,,,100.0,2014-03-11T17:49:00,,,,,,,,,,,,,,,,,,,,,,,,,,,,,,,,,,,,,,,,,,,,,,,,,,,,,,,,,,,,,,,,,,,,,,,,,,
2014-03-12,961.4,965.7,2014-03-13T00:00:00,958.5,2014-03-12T17:18:00,15.8,19.4,2014-03-12T13:50:00,13.3,2014-03-12T04:27:00,100,82.0,2014-03-12T09:50:00,0.3,25,4.6,313.0,2014-03-12T10:14:00,10.0,,,,,,,,,,,,,,,,,,,,,,100.0,2014-03-13T00:00:00,,,,,,,,,,,,,,,,,,,,,,,,,,,,,,,,,,,,,,,,,,,,,,,,,,,,,,,,,,,,,,,,,,,,,,,,,,
2014-03-13,963.6,967.5,2014-03-13T23:52:00,958.9,2014-03-13T01:48:00,13.4,17.7,2014-03-13T02:39:00,10.4,2014-03-13T18:02:00,100,86.0,2014-03-13T23:58:00,0.5,45,5.2,21.0,2014-03-13T12:09:00,25.0,,,,,,,,,,,,,,,,,,,,,,100.0,2014-03-14T00:00:00,,,,,,,,,,,,,,,,,,,,,,,,,,,,,,,,,,,,,,,,,,,,,,,,,,,,,,,,,,,,,,,,,,,,,,,,,,
2014-03-14,968.7,969.9,2014-03-14T21:13:00,966.8,2014-03-14T02:41:00,11.1,14.6,2014-03-14T14:33:00,8.5,2014-03-14T05:50:00,79,60.0,2014-03-14T14:36:00,0.8,53,7.0,25.0,2014-03-14T11:10:00,0.0,,,,,,,,,,,,,,,,,,,,,,97.0,2014-03-14T04:37:00,,,,,,,,,,,,,,,,,,,,,,,,,,,,,,,,,,,,,,,,,,,,,,,,,,,,,,,,,,,,,,,,,,,,,,,,,,
2014-03-15,967.5,968.6,2014-03-15T23:59:00,965.9,2014-03-15T16:20:00,14.8,19.5,2014-03-15T12:34:00,11.2,2014-03-15T00:14:00,68,38.0,2014-03-15T01:28:00,0.6,125,5.7,116.0,2014-03-15T04:41:00,0.0,,,,,,,,,,,,,,,,,,,,,,100.0,2014-03-15T22:26:00,,,,,,,,,,,,,,,,,,,,,,,,,,,,,,,,,,,,,,,,,,,,,,,,,,,,,,,,,,,,,,,,,,,,,,,,,,
2014-03-16,967.7,969.6,2014-03-16T09:52:00,966.5,2014-03-16T17:19:00,15.4,20.0,2014-03-16T11:47:00,12.8,2014-03-16T02:34:00,90,67.0,2014-03-16T11:49:00,0.2,27,3.3,271.0,2014-03-16T11:56:00,0.0,,,,,,,,,,,,,,,,,,,,,,100.0,2014-03-17T00:00:00,,,,,,,,,,,,,,,,,,,,,,,,,,,,,,,,,,,,,,,,,,,,,,,,,,,,,,,,,,,,,,,,,,,,,,,,,,
2014-03-17,965.9,968.1,2014-03-17T10:02:00,964.0,2014-03-17T16:10:00,17.4,23.0,2014-03-17T15:11:00,12.8,2014-03-17T00:36:00,93,72.0,2014-03-17T15:00:00,0.2,15,4.7,298.0,2014-03-17T13:05:00,0.0,,,,,,,,,,,,,,,,,,,,,,100.0,2014-03-18T00:00:00,,,,,,,,,,,,,,,,,,,,,,,,,,,,,,,,,,,,,,,,,,,,,,,,,,,,,,,,,,,,,,,,,,,,,,,,,,
2014-03-18,963.9,966.1,2014-03-18T08:27:00,962.3,2014-03-18T16:16:00,19.5,24.2,2014-03-18T12:30:00,16.1,2014-03-18T01:02:00,89,70.0,2014-03-18T11:31:00,0.4,11,3.9,309.0,2014-03-18T13:39:00,0.0,,,,,,,,,,,,,,,,,,,,,,100.0,2014-03-19T00:00:00,,,,,,,,,,,,,,,,,,,,,,,,,,,,,,,,,,,,,,,,,,,,,,,,,,,,,,,,,,,,,,,,,,,,,,,,,,
2014-03-19,960.9,963.2,2014-03-19T08:51:00,958.6,2014-03-19T16:09:00,20.8,25.3,2014-03-19T14:39:00,17.7,2014-03-19T03:03:00,93,72.0,2014-03-19T11:25:00,0.2,250,5.4,302.0,2014-03-19T13:36:00,0.0,,,,,,,,,,,,,,,,,,,,,,100.0,2014-03-20T00:00:00,,,,,,,,,,,,,,,,,,,,,,,,,,,,,,,,,,,,,,,,,,,,,,,,,,,,,,,,,,,,,,,,,,,,,,,,,,
2014-03-20,963.2,969.3,2014-03-20T21:20:00,959.3,2014-03-20T04:27:00,14.2,19.0,2014-03-20T01:03:00,9.0,2014-03-20T22:22:00,100,100.0,2014-03-21T00:00:00,0.9,12,10.4,47.0,2014-03-20T18:15:00,1.0,,,,,,,,,,,,,,,,,,,,,,100.0,2014-03-21T00:00:00,,,,,,,,,,,,,,,,,,,,,,,,,,,,,,,,,,,,,,,,,,,,,,,,,,,,,,,,,,,,,,,,,,,,,,,,,,
2014-03-21,967.2,969.0,2014-03-21T08:31:00,966.0,2014-03-21T23:59:00,9.6,11.8,2014-03-22T00:00:00,7.9,2014-03-21T03:00:00,87,67.0,2014-03-21T22:25:00,1.1,81,12.9,15.0,2014-03-21T12:39:00,5.5,,,,,,,,,,,,,,,,,,,,,,100.0,2014-03-22T00:00:00,,,,,,,,,,,,,,,,,,,,,,,,,,,,,,,,,,,,,,,,,,,,,,,,,,,,,,,,,,,,,,,,,,,,,,,,,,
2014-03-22,966.2,968.5,2014-03-22T23:23:00,964.6,2014-03-22T14:29:00,14.6,19.6,2014-03-22T14:30:00,11.7,2014-03-22T00:20:00,70,58.0,2014-03-22T14:48:00,0.8,133,4.7,338.0,2014-03-22T13:58:00,0.0,,,,,,,,,,,,,,,,,,,,,,78.0,2014-03-22T11:02:00,,,,,,,,,,,,,,,,,,,,,,,,,,,,,,,,,,,,,,,,,,,,,,,,,,,,,,,,,,,,,,,,,,,,,,,,,,
2014-03-23,967.5,969.0,2014-03-23T09:55:00,966.0,2014-03-23T14:54:00,17.2,22.9,2014-03-23T14:32:00,13.7,2014-03-23T06:18:00,70,55.0,2014-03-23T13:41:00,0.5,125,4.2,279.0,2014-03-23T12:23:00,0.0,,,,,,,,,,,,,,,,,,,,,,83.0,2014-03-23T23:50:00,,,,,,,,,,,,,,,,,,,,,,,,,,,,,,,,,,,,,,,,,,,,,,,,,,,,,,,,,,,,,,,,,,,,,,,,,,
2014-03-24,965.6,967.5,2014-03-24T00:33:00,963.9,2014-03-24T16:41:00,17.3,23.3,2014-03-24T12:19:00,14.0,2014-03-24T05:06:00,82,60.0,2014-03-24T12:25:00,0.5,137,4.5,106.0,2014-03-24T00:22:00,0.0,,,,,,,,,,,,,,,,,,,,,,100.0,2014-03-24T19:26:00,,,,,,,,,,,,,,,,,,,,,,,,,,,,,,,,,,,,,,,,,,,,,,,,,,,,,,,,,,,,,,,,,,,,,,,,,,
2014-03-25,962.6,964.6,2014-03-25T09:47:00,960.6,2014-03-25T15:55:00,18.7,24.4,2014-03-25T12:51:00,14.2,2014-03-25T05:59:00,85,59.0,2014-03-25T12:02:00,0.3,51,3.8,275.0,2014-03-25T12:30:00,0.0,,,,,,,,,,,,,,,,,,,,,,100.0,2014-03-26T00:00:00,,,,,,,,,,,,,,,,,,,,,,,,,,,,,,,,,,,,,,,,,,,,,,,,,,,,,,,,,,,,,,,,,,,,,,,,,,
2014-03-26,961.4,962.8,2014-03-26T09:28:00,960.0,2014-03-26T16:23:00,21.2,25.9,2014-03-26T13:46:00,18.2,2014-03-26T00:35:00,83,66.0,2014-03-26T08:50:00,0.4,130,4.9,275.0,2014-03-26T11:09:00,0.0,,,,,,,,,,,,,,,,,,,,,,100.0,2014-03-27T00:00:00,,,,,,,,,,,,,,,,,,,,,,,,,,,,,,,,,,,,,,,,,,,,,,,,,,,,,,,,,,,,,,,,,,,,,,,,,,
2014-03-27,961.4,962.8,2014-03-27T08:41:00,960.1,2014-03-27T15:19:00,21.7,25.4,2014-03-27T12:17:00,18.9,2014-03-27T05:42:00,84,70.0,2014-03-27T09:38:00,0.4,125,3.7,347.0,2014-03-27T12:35:00,0.0,,,,,,,,,,,,,,,,,,,,,,100.0,2014-03-27T18:21:00,,,,,,,,,,,,,,,,,,,,,,,,,,,,,,,,,,,,,,,,,,,,,,,,,,,,,,,,,,,,,,,,,,,,,,,,,,
2014-03-28,960.4,962.3,2014-03-28T09:44:00,958.2,2014-03-28T15:31:00,22.4,27.2,2014-03-28T11:59:00,19.3,2014-03-28T00:15:00,85,66.0,2014-03-28T11:02:00,0.4,125,4.2,260.0,2014-03-28T12:08:00,0.0,,,,,,,,,,,,,,,,,,,,,,100.0,2014-03-28T18:39:00,,,,,,,,,,,,,,,,,,,,,,,,,,,,,,,,,,,,,,,,,,,,,,,,,,,,,,,,,,,,,,,,,,,,,,,,,,
2014-03-29,957.7,959.7,2014-03-29T20:34:00,954.8,2014-03-29T14:20:00,22.8,30.1,2014-03-29T14:11:00,19.0,2014-03-29T22:04:00,88,60.0,2014-03-29T13:48:00,0.5,264,6.0,287.0,2014-03-29T18:56:00,15.5,,,,,,,,,,,,,,,,,,,,,,100.0,2014-03-30T00:00:00,,,,,,,,,,,,,,,,,,,,,,,,,,,,,,,,,,,,,,,,,,,,,,,,,,,,,,,,,,,,,,,,,,,,,,,,,,
2014-03-30,960.0,961.5,2014-03-30T09:58:00,958.4,2014-03-30T15:09:00,20.5,24.5,2014-03-30T14:52:00,17.3,2014-03-30T06:06:00,87,67.0,2014-03-30T14:05:00,0.5,2,6.4,285.0,2014-03-30T03:40:00,0.5,,,,,,,,,,,,,,,,,,,,,,100.0,2014-03-31T00:00:00,,,,,,,,,,,,,,,,,,,,,,,,,,,,,,,,,,,,,,,,,,,,,,,,,,,,,,,,,,,,,,,,,,,,,,,,,,
2014-03-31,957.7,,,,,18.5,,,,,98,,,0.3,53,,,,22.0,,,,,,,,,,,,,,,,,,,,,,,,,,,,,,,,,,,,,,,,,,,,,,,,,,,,,,,,,,,,,,,,,,,,,,,,,,,,,,,,,,,,,,,,,,,,,,,,,
2014-04-01,958.8,960.5,2014-04-01T21:30:00,957.2,2014-04-01T15:06:00,14.7,17.7,2014-04-02T00:00:00,13.7,2014-04-01T23:08:00,100,100.0,2014-04-02T00:00:00,0.3,9,5.2,296.0,2014-04-01T23:54:00,19.0,,,,,,,,,,,,,,,,,,,,,,100.0,2014-04-02T00:00:00,,,,,,,,,,,,,,,,,,,,,,,,,,,,,,,,,,,,,,,,,,,,,,,,,,,,,,,,,,,,,,,,,,,,,,,,,,
2014-04-02,959.8,962.2,2014-04-02T23:59:00,958.1,2014-04-02T04:58:00,15.4,17.9,2014-04-02T11:55:00,13.5,2014-04-02T06:02:00,100,100.0,2014-04-03T00:00:00,0.1,8,3.9,25.0,2014-04-02T14:56:00,0.0,,,,,,,,,,,,,,,,,,,,,,100.0,2014-04-03T00:00:00,,,,,,,,,,,,,,,,,,,,,,,,,,,,,,,,,,,,,,,,,,,,,,,,,,,,,,,,,,,,,,,,,,,,,,,,,,
2014-04-03,961.2,964.0,2014-04-03T23:29:00,957.7,2014-04-03T02:33:00,15.7,17.8,2014-04-03T11:44:00,13.7,2014-04-03T23:59:00,100,100.0,2014-04-04T00:00:00,0.2,20,4.0,285.0,2014-04-03T01:05:00,7.0,,,,,,,,,,,,,,,,,,,,,,100.0,2014-04-04T00:00:00,,,,,,,,,,,,,,,,,,,,,,,,,,,,,,,,,,,,,,,,,,,,,,,,,,,,,,,,,,,,,,,,,,,,,,,,,,
2014-04-04,963.3,964.6,2014-04-04T09:28:00,961.9,2014-04-04T15:21:00,15.2,19.1,2014-04-04T12:21:00,12.8,2014-04-04T00:38:00,86,65.0,2014-04-04T12:22:00,0.7,12,7.6,79.0,2014-04-04T07:37:00,0.0,,,,,,,,,,,,,,,,,,,,,,100.0,2014-04-04T00:00:00,,,,,,,,,,,,,,,,,,,,,,,,,,,,,,,,,,,,,,,,,,,,,,,,,,,,,,,,,,,,,,,,,,,,,,,,,,
2014-04-05,963.5,965.7,2014-04-05T21:45:00,961.9,2014-04-05T02:41:00,18.3,24.4,2014-04-05T13:59:00,13.8,2014-04-05T02:47:00,71,45.0,2014-04-05T12:30:00,0.6,135,5.8,299.0,2014-04-05T15:30:00,0.0,,,,,,,,,,,,,,,,,,,,,,89.0,2014-04-05T02:29:00,,,,,,,,,,,,,,,,,,,,,,,,,,,,,,,,,,,,,,,,,,,,,,,,,,,,,,,,,,,,,,,,,,,,,,,,,,
2014-04-06,964.7,966.0,2014-04-06T08:46:00,963.0,2014-04-06T14:08:00,18.8,22.4,2014-04-06T12:23:00,16.1,2014-04-06T02:43:00,71,57.0,2014-04-06T12:23:00,0.9,128,6.9,124.0,2014-04-06T12:43:00,0.0,,,,,,,,,,,,,,,,,,,,,,81.0,2014-04-06T21:23:00,,,,,,,,,,,,,,,,,,,,,,,,,,,,,,,,,,,,,,,,,,,,,,,,,,,,,,,,,,,,,,,,,,,,,,,,,,
2014-04-07,964.2,965.9,2014-04-07T09:30:00,962.5,2014-04-07T17:27:00,16.4,18.1,2014-04-08T00:00:00,14.9,2014-04-07T07:49:00,97,77.0,2014-04-07T00:36:00,0.2,133,5.2,117.0,2014-04-07T09:14:00,12.0,,,,,,,,,,,,,,,,,,,,,,100.0,2014-04-07T04:11:00,,,,,,,,,,,,,,,,,,,,,,,,,,,,,,,,,,,,,,,,,,,,,,,,,,,,,,,,,,,,,,,,,,,,,,,,,,
2014-04-08,962.1,963.6,2014-04-08T08:56:00,960.3,2014-04-08T15:34:00,19.3,24.5,2014-04-08T12:40:00,16.2,2014-04-08T05:53:00,94,67.0,2014-04-08T12:44:00,0.3,39,3.9,345.0,2014-04-08T14:17:00,1.5,,,,,,,,,,,,,,,,,,,,,,100.0,2014-04-09T00:00:00,,,,,,,,,,,,,,,,,,,,,,,,,,,,,,,,,,,,,,,,,,,,,,,,,,,,,,,,,,,,,,,,,,,,,,,,,,
2014-04-09,961.8,963.4,2014-04-09T08:57:00,960.5,2014-04-09T04:55:00,19.6,23.7,2014-04-09T13:43:00,17.1,2014-04-09T03:35:00,96,77.0,2014-04-09T13:45:00,0.4,134,4.4,285.0,2014-04-09T10:11:00,0.0,,,,,,,,,,,,,,,,,,,,,,100.0,2014-04-10T00:00:00,,,,,,,,,,,,,,,,,,,,,,,,,,,,,,,,,,,,,,,,,,,,,,,,,,,,,,,,,,,,,,,,,,,,,,,,,,
2014-04-10,961.9,964.3,2014-04-10T08:27:00,960.0,2014-04-10T15:11:00,20.9,27.2,2014-04-10T14:40:00,17.0,2014-04-10T02:58:00,84,57.0,2014-04-10T13:59:00,0.5,318,5.3,346.0,2014-04-10T12:48:00,0.0,,,,,,,,,,,,,,,,,,,,,,100.0,2014-04-10T02:50:00,,,,,,,,,,,,,,,,,,,,,,,,,,,,,,,,,,,,,,,,,,,,,,,,,,,,,,,,,,,,,,,,,,,,,,,,,,
2014-04-11,961.0,962.9,2014-04-11T09:19:00,959.0,2014-04-11T15:38:00,20.9,27.5,2014-04-11T14:30:00,15.1,2014-04-11T05:54:00,84,51.0,2014-04-11T12:56:00,0.3,74,5.4,273.0,2014-04-11T12:38:00,0.0,,,,,,,,,,,,,,,,,,,,,,100.0,2014-04-11T05:26:00,,,,,,,,,,,,,,,,,,,,,,,,,,,,,,,,,,,,,,,,,,,,,,,,,,,,,,,,,,,,,,,,,,,,,,,,,,
2014-04-12,959.6,961.5,2014-04-12T09:43:00,957.2,2014-04-12T15:30:00,22.3,28.5,2014-04-12T14:53:00,17.7,2014-04-12T04:19:00,81,56.0,2014-04-12T13:02:00,0.4,90,4.3,271.0,2014-04-12T11:08:00,0.0,,,,,,,,,,,,,,,,,,,,,,100.0,2014-04-12T20:33:00,,,,,,,,,,,,,,,,,,,,,,,,,,,,,,,,,,,,,,,,,,,,,,,,,,,,,,,,,,,,,,,,,,,,,,,,,,
2014-04-13,960.1,962.0,2014-04-13T23:08:00,958.3,2014-04-13T02:38:00,22.2,28.5,2014-04-13T13:39:00,17.4,2014-04-13T23:59:00,87,63.0,2014-04-13T09:15:00,0.5,41,5.0,251.0,2014-04-13T15:15:00,0.0,,,,,,,,,,,,,,,,,,,,,,100.0,2014-04-14T00:00:00,,,,,,,,,,,,,,,,,,,,,,,,,,,,,,,,,,,,,,,,,,,,,,,,,,,,,,,,,,,,,,,,,,,,,,,,,,
2014-04-14,963.2,965.0,2014-04-14T10:58:00,960.7,2014-04-14T02:38:00,16.8,19.5,2014-04-14T12:37:00,14.4,2014-04-14T22:19:00,93,80.0,2014-04-14T14:55:00,0.8,49,5.9,28.0,2014-04-14T13:45:00,0.0,,,,,,,,,,,,,,,,,,,,,,100.0,2014-04-15T00:00:00,,,,,,,,,,,,,,,,,,,,,,,,,,,,,,,,,,,,,,,,,,,,,,,,,,,,,,,,,,,,,,,,,,,,,,,,,,
2014-04-15,961.9,963.5,2014-04-15T09:03:00,960.2,2014-04-15T15:47:00,19.5,26.7,2014-04-15T14:20:00,12.7,2014-04-15T05:06:00,80,58.0,2014-04-15T14:33:00,0.4,146,3.9,132.0,2014-04-15T21:43:00,0.0,,,,,,,,,,,,,,,,,,,,,,100.0,2014-04-15T03:11:00,,,,,,,,,,,,,,,,,,,,,,,,,,,,,,,,,,,,,,,,,,,,,,,,,,,,,,,,,,,,,,,,,,,,,,,,,,
2014-04-16,960.5,962.5,2014-04-16T08:36:00,958.3,2014-04-16T15:18:00,20.8,26.7,2014-04-16T14:08:00,17.7,2014-04-16T05:07:00,87,64.0,2014-04-16T12:28:00,0.3,30,5.6,259.0,2014-04-16T12:11:00,0.0,,,,,,,,,,,,,,,,,,,,,,100.0,2014-04-16T05:53:00,,,,,,,,,,,,,,,,,,,,,,,,,,,,,,,,,,,,,,,,,,,,,,,,,,,,,,,,,,,,,,,,,,,,,,,,,,
2014-04-17,959.6,961.0,2014-04-17T22:40:00,958.3,2014-04-17T16:17:00,21.7,28.2,2014-04-17T13:14:00,17.1,2014-04-17T05:36:00,88,57.0,2014-04-17T13:09:00,0.3,272,5.1,285.0,2014-04-17T11:11:00,0.0,,,,,,,,,,,,,,,,,,,,,,100.0,2014-04-18T00:00:00,,,,,,,,,,,,,,,,,,,,,,,,,,,,,,,,,,,,,,,,,,,,,,,,,,,,,,,,,,,,,,,,,,,,,,,,,,
2014-04-18,960.6,962.1,2014-04-18T09:13:00,959.2,2014-04-18T02:12:00,21.1,26.1,2014-04-18T10:25:00,17.7,2014-04-18T04:33:00,93,70.0,2014-04-18T10:22:00,0.2,51,4.1,305.0,2014-04-18T13:58:00,0.0,,,,,,,,,,,,,,,,,,,,,,100.0,2014-04-19T00:00:00,,,,,,,,,,,,,,,,,,,,,,,,,,,,,,,,,,,,,,,,,,,,,,,,,,,,,,,,,,,,,,,,,,,,,,,,,,
2014-04-19,959.6,961.5,2014-04-19T09:14:00,957.8,2014-04-19T15:21:00,22.0,27.7,2014-04-19T13:57:00,19.6,2014-04-19T23:46:00,94,65.0,2014-04-19T13:49:00,0.2,279,5.0,360.0,2014-04-19T14:00:00,0.0,,,,,,,,,,,,,,,,,,,,,,100.0,2014-04-20T00:00:00,,,,,,,,,,,,,,,,,,,,,,,,,,,,,,,,,,,,,,,,,,,,,,,,,,,,,,,,,,,,,,,,,,,,,,,,,,
2014-04-20,959.9,961.1,2014-04-20T11:25:00,958.6,2014-04-20T16:30:00,20.5,23.5,2014-04-20T11:16:00,18.4,2014-04-20T21:16:00,97,81.0,2014-04-20T08:09:00,0.3,22,3.1,268.0,2014-04-20T11:34:00,0.0,,,,,,,,,,,,,,,,,,,,,,100.0,2014-04-21T00:00:00,,,,,,,,,,,,,,,,,,,,,,,,,,,,,,,,,,,,,,,,,,,,,,,,,,,,,,,,,,,,,,,,,,,,,,,,,,
2014-04-21,960.3,961.7,2014-04-21T07:52:00,958.4,2014-04-21T15:40:00,20.9,26.5,2014-04-21T13:10:00,17.6,2014-04-21T03:38:00,96,76.0,2014-04-21T13:12:00,0.2,269,4.5,307.0,2014-04-21T13:02:00,0.0,,,,,,,,,,,,,,,,,,,,,,100.0,2014-04-22T00:00:00,,,,,,,,,,,,,,,,,,,,,,,,,,,,,,,,,,,,,,,,,,,,,,,,,,,,,,,,,,,,,,,,,,,,,,,,,,
2014-04-22,960.9,962.5,2014-04-22T22:49:00,959.6,2014-04-22T02:10:00,18.9,22.0,2014-04-22T09:39:00,15.7,2014-04-22T23:52:00,100,100.0,2014-04-23T00:00:00,0.3,56,3.9,18.0,2014-04-22T21:07:00,3.0,,,,,,,,,,,,,,,,,,,,,,100.0,2014-04-23T00:00:00,,,,,,,,,,,,,,,,,,,,,,,,,,,,,,,,,,,,,,,,,,,,,,,,,,,,,,,,,,,,,,,,,,,,,,,,,,
2014-04-23,960.6,962.2,2014-04-23T00:04:00,958.9,2014-04-23T16:01:00,17.0,18.2,2014-04-23T15:09:00,15.3,2014-04-23T02:57:00,100,100.0,2014-04-24T00:00:00,0.1,12,2.6,35.0,2014-04-23T00:09:00,0.0,,,,,,,,,,,,,,,,,,,,,,100.0,2014-04-24T00:00:00,,,,,,,,,,,,,,,,,,,,,,,,,,,,,,,,,,,,,,,,,,,,,,,,,,,,,,,,,,,,,,,,,,,,,,,,,,
2014-04-24,960.2,962.4,2014-04-24T08:25:00,958.8,2014-04-24T16:46:00,19.7,24.8,2014-04-24T14:12:00,17.0,2014-04-24T01:07:00,99,85.0,2014-04-24T14:25:00,0.2,233,3.3,304.0,2014-04-24T14:41:00,39.0,,,,,,,,,,,,,,,,,,,,,,100.0,2014-04-25T00:00:00,,,,,,,,,,,,,,,,,,,,,,,,,,,,,,,,,,,,,,,,,,,,,,,,,,,,,,,,,,,,,,,,,,,,,,,,,,
2014-04-25,960.3,962.3,2014-04-25T09:59:00,958.5,2014-04-25T15:27:00,21.0,25.9,2014-04-25T15:44:00,18.9,2014-04-25T04:34:00,98,80.0,2014-04-25T15:55:00,0.2,3,2.8,292.0,2014-04-25T07:35:00,9.0,,,,,,,,,,,,,,,,,,,,,,100.0,2014-04-26T00:00:00,,,,,,,,,,,,,,,,,,,,,,,,,,,,,,,,,,,,,,,,,,,,,,,,,,,,,,,,,,,,,,,,,,,,,,,,,,
2014-04-26,960.4,961.7,2014-04-26T18:28:00,958.2,2014-04-26T06:31:00,21.6,25.9,2014-04-26T09:59:00,20.1,2014-04-26T05:02:00,99,82.0,2014-04-26T10:01:00,0.2,246,5.1,308.0,2014-04-26T16:31:00,8.5,,,,,,,,,,,,,,,,,,,,,,100.0,2014-04-27T00:00:00,,,,,,,,,,,,,,,,,,,,,,,,,,,,,,,,,,,,,,,,,,,,,,,,,,,,,,,,,,,,,,,,,,,,,,,,,,
2014-04-27,960.1,961.6,2014-04-27T22:43:00,958.4,2014-04-27T16:09:00,21.3,24.6,2014-04-27T11:31:00,19.1,2014-04-27T06:01:00,100,100.0,2014-04-28T00:00:00,0.2,29,3.3,294.0,2014-04-27T09:51:00,0.5,,,,,,,,,,,,,,,,,,,,,,100.0,2014-04-28T00:00:00,,,,,,,,,,,,,,,,,,,,,,,,,,,,,,,,,,,,,,,,,,,,,,,,,,,,,,,,,,,,,,,,,,,,,,,,,,
2014-04-28,960.5,961.9,2014-04-28T09:12:00,958.7,2014-04-28T16:34:00,20.2,24.7,2014-04-28T12:24:00,17.1,2014-04-28T23:14:00,89,64.0,2014-04-28T10:34:00,0.6,39,5.6,331.0,2014-04-28T13:21:00,0.0,,,,,,,,,,,,,,,,,,,,,,100.0,2014-04-28T00:00:00,,,,,,,,,,,,,,,,,,,,,,,,,,,,,,,,,,,,,,,,,,,,,,,,,,,,,,,,,,,,,,,,,,,,,,,,,,
2014-04-29,960.0,961.6,2014-04-29T09:56:00,958.8,2014-04-29T23:43:00,18.8,23.4,2014-04-29T12:41:00,15.4,2014-04-29T03:41:00,92,69.0,2014-04-29T12:39:00,0.2,1,5.0,139.0,2014-04-29T23:51:00,0.0,,,,,,,,,,,,,,,,,,,,,,100.0,2014-04-30T00:00:00,,,,,,,,,,,,,,,,,,,,,,,,,,,,,,,,,,,,,,,,,,,,,,,,,,,,,,,,,,,,,,,,,,,,,,,,,,
2014-04-30,959.5,961.0,2014-04-30T22:00:00,958.2,2014-04-30T05:31:00,18.7,22.3,2014-04-30T11:38:00,17.2,2014-04-30T23:56:00,93,76.0,2014-04-30T00:51:00,0.1,4,3.7,113.0,2014-04-30T00:12:00,16.0,,,,,,,,,,,,,,,,,,,,,,100.0,2014-04-30T07:39:00,,,,,,,,,,,,,,,,,,,,,,,,,,,,,,,,,,,,,,,,,,,,,,,,,,,,,,,,,,,,,,,,,,,,,,,,,,
2014-05-01,961.2,963.6,2014-05-01T22:16:00,958.9,2014-05-01T03:19:00,18.4,19.6,2014-05-01T16:26:00,17.1,2014-05-01T00:15:00,100,100.0,2014-05-02T00:00:00,0.0,52,2.2,127.0,2014-05-01T00:32:00,23.0,,,,,,,,,,,,,,,,,,,,,,100.0,2014-05-02T00:00:00,,,,,,,,,,,,,,,,,,,,,,,,,,,,,,,,,,,,,,,,,,,,,,,,,,,,,,,,,,,,,,,,,,,,,,,,,,
2014-05-02,962.8,964.3,2014-05-02T21:58:00,961.5,2014-05-02T02:10:00,21.3,25.7,2014-05-02T15:33:00,17.2,2014-05-02T05:13:00,97,81.0,2014-05-02T15:30:00,0.2,119,3.6,267.0,2014-05-02T10:53:00,1.0,,,,,,,,,,,,,,,,,,,,,,100.0,2014-05-03T00:00:00,,,,,,,,,,,,,,,,,,,,,,,,,,,,,,,,,,,,,,,,,,,,,,,,,,,,,,,,,,,,,,,,,,,,,,,,,,
2014-05-03,962.1,963.3,2014-05-03T00:01:00,960.5,2014-05-03T16:23:00,21.2,24.1,2014-05-03T13:32:00,19.4,2014-05-03T05:28:00,84,65.0,2014-05-03T13:29:00,0.6,132,6.8,125.0,2014-05-03T19:34:00,0.0,,,,,,,,,,,,,,,,,,,,,,100.0,2014-05-04T00:00:00,,,,,,,,,,,,,,,,,,,,,,,,,,,,,,,,,,,,,,,,,,,,,,,,,,,,,,,,,,,,,,,,,,,,,,,,,,
2014-05-04,960.0,962.3,2014-05-04T00:01:00,958.4,2014-05-04T15:46:00,21.4,24.8,2014-05-04T10:55:00,19.2,2014-05-04T03:37:00,94,77.0,2014-05-04T11:05:00,0.2,61,3.4,126.0,2014-05-04T04:37:00,1.0,,,,,,,,,,,,,,,,,,,,,,100.0,2014-05-04T03:39:00,,,,,,,,,,,,,,,,,,,,,,,,,,,,,,,,,,,,,,,,,,,,,,,,,,,,,,,,,,,,,,,,,,,,,,,,,,
2014-05-05,962.6,964.4,2014-05-05T09:48:00,958.3,2014-05-05T01:18:00,16.2,20.5,2014-05-05T00:16:00,13.3,2014-05-05T23:30:00,100,100.0,2014-05-06T00:00:00,0.7,68,9.2,143.0,2014-05-05T15:06:00,63.5,,,,,,,,,,,,,,,,,,,,,,100.0,2014-05-06T00:00:00,,,,,,,,,,,,,,,,,,,,,,,,,,,,,,,,,,,,,,,,,,,,,,,,,,,,,,,,,,,,,,,,,,,,,,,,,,
2014-05-06,963.0,964.3,2014-05-06T08:08:00,961.8,2014-05-06T04:33:00,15.1,16.5,2014-05-06T17:49:00,12.6,2014-05-06T02:24:00,100,100.0,2014-05-07T00:00:00,0.2,53,5.3,74.0,2014-05-06T00:10:00,16.0,,,,,,,,,,,,,,,,,,,,,,100.0,2014-05-07T00:00:00,,,,,,,,,,,,,,,,,,,,,,,,,,,,,,,,,,,,,,,,,,,,,,,,,,,,,,,,,,,,,,,,,,,,,,,,,,
2014-05-07,960.7,962.4,2014-05-08T00:00:00,959.5,2014-05-08T00:00:00,18.2,20.0,2014-05-07T12:07:00,15.9,2014-05-07T02:07:00,100,100.0,2014-05-08T00:00:00,0.1,271,3.6,124.0,2014-05-07T09:06:00,5.5,,,,,,,,,,,,,,,,,,,,,,100.0,2014-05-08T00:00:00,,,,,,,,,,,,,,,,,,,,,,,,,,,,,,,,,,,,,,,,,,,,,,,,,,,,,,,,,,,,,,,,,,,,,,,,,,
2014-05-08,959.7,961.3,2014-05-08T10:18:00,958.5,2014-05-08T23:27:00,20.5,24.4,2014-05-08T12:48:00,17.3,2014-05-08T05:39:00,95,78.0,2014-05-08T11:57:00,0.2,54,3.1,278.0,2014-05-08T14:14:00,0.0,,,,,,,,,,,,,,,,,,,,,,100.0,2014-05-09T00:00:00,,,,,,,,,,,,,,,,,,,,,,,,,,,,,,,,,,,,,,,,,,,,,,,,,,,,,,,,,,,,,,,,,,,,,,,,,,
2014-05-09,959.0,960.5,2014-05-09T10:40:00,957.6,2014-05-09T03:11:00,20.7,22.7,2014-05-09T15:20:00,18.9,2014-05-09T07:29:00,98,82.0,2014-05-09T00:01:00,0.1,75,3.9,305.0,2014-05-09T09:59:00,6.5,,,,,,,,,,,,,,,,,,,,,,100.0,2014-05-09T04:09:00,,,,,,,,,,,,,,,,,,,,,,,,,,,,,,,,,,,,,,,,,,,,,,,,,,,,,,,,,,,,,,,,,,,,,,,,,,
2014-05-10,958.7,960.2,2014-05-10T10:19:00,957.3,2014-05-10T15:50:00,21.4,25.8,2014-05-10T11:18:00,18.8,2014-05-10T05:15:00,97,78.0,2014-05-10T10:47:00,0.2,284,3.4,276.0,2014-05-10T12:07:00,1.0,,,,,,,,,,,,,,,,,,,,,,100.0,2014-05-11T00:00:00,,,,,,,,,,,,,,,,,,,,,,,,,,,,,,,,,,,,,,,,,,,,,,,,,,,,,,,,,,,,,,,,,,,,,,,,,,
2014-05-11,958.3,959.7,2014-05-11T21:39:00,956.6,2014-05-11T15:25:00,23.6,29.2,2014-05-11T15:26:00,19.5,2014-05-11T05:04:00,90,64.0,2014-05-11T10:07:00,0.3,57,4.3,304.0,2014-05-11T11:20:00,4.0,,,,,,,,,,,,,,,,,,,,,,100.0,2014-05-12T00:00:00,,,,,,,,,,,,,,,,,,,,,,,,,,,,,,,,,,,,,,,,,,,,,,,,,,,,,,,,,,,,,,,,,,,,,,,,,,
2014-05-12,958.1,959.1,2014-05-12T09:30:00,956.5,2014-05-12T16:00:00,23.9,30.2,2014-05-12T11:04:00,21.2,2014-05-12T01:24:00,94,64.0,2014-05-12T11:16:00,0.3,128,5.0,302.0,2014-05-12T12:53:00,1.5,,,,,,,,,,,,,,,,,,,,,,100.0,2014-05-13T00:00:00,,,,,,,,,,,,,,,,,,,,,,,,,,,,,,,,,,,,,,,,,,,,,,,,,,,,,,,,,,,,,,,,,,,,,,,,,,
2014-05-13,956.7,958.6,2014-05-14T00:00:00,954.6,2014-05-13T17:42:00,22.8,25.5,2014-05-13T10:01:00,20.9,2014-05-13T04:20:00,100,99.0,2014-05-13T09:36:00,0.1,69,3.4,255.0,2014-05-13T14:29:00,1.5,,,,,,,,,,,,,,,,,,,,,,100.0,2014-05-14T00:00:00,,,,,,,,,,,,,,,,,,,,,,,,,,,,,,,,,,,,,,,,,,,,,,,,,,,,,,,,,,,,,,,,,,,,,,,,,,
2014-05-14,952.7,954.7,2014-05-14T00:01:00,950.5,2014-05-14T17:50:00,25.7,31.6,2014-05-14T14:00:00,20.9,2014-05-14T01:54:00,80,55.0,2014-05-14T12:30:00,0.6,245,9.8,294.0,2014-05-14T13:31:00,0.0,,,,,,,,,,,,,,,,,,,,,,100.0,2014-05-15T00:00:00,,,,,,,,,,,,,,,,,,,,,,,,,,,,,,,,,,,,,,,,,,,,,,,,,,,,,,,,,,,,,,,,,,,,,,,,,,
2014-05-15,953.3,956.4,2014-05-15T21:38:00,950.4,2014-05-15T04:18:00,22.3,26.4,2014-05-15T09:40:00,20.2,2014-05-15T05:30:00,99,80.0,2014-05-15T09:44:00,0.2,23,8.0,60.0,2014-05-15T16:46:00,71.5,,,,,,,,,,,,,,,,,,,,,,100.0,2014-05-16T00:00:00,,,,,,,,,,,,,,,,,,,,,,,,,,,,,,,,,,,,,,,,,,,,,,,,,,,,,,,,,,,,,,,,,,,,,,,,,,
2014-05-16,957.6,959.8,2014-05-16T22:02:00,956.8,2014-05-16T15:59:00,21.9,23.9,2014-05-16T12:10:00,21.6,2014-05-16T23:56:00,99,92.0,2014-05-16T12:10:00,0.1,87,1.9,293.0,2014-05-16T16:49:00,2.5,,,,,,,,,,,,,,,,,,,,,,100.0,2014-05-16T20:10:00,,,,,,,,,,,,,,,,,,,,,,,,,,,,,,,,,,,,,,,,,,,,,,,,,,,,,,,,,,,,,,,,,,,,,,,,,,
2014-05-17,957.7,959.3,2014-05-17T09:09:00,955.4,2014-05-17T15:40:00,23.9,29.7,2014-05-17T13:36:00,20.4,2014-05-17T05:29:00,90,66.0,2014-05-17T13:27:00,0.3,283,4.2,290.0,2014-05-17T16:03:00,0.0,,,,,,,,,,,,,,,,,,,,,,100.0,2014-05-18T00:00:00,,,,,,,,,,,,,,,,,,,,,,,,,,,,,,,,,,,,,,,,,,,,,,,,,,,,,,,,,,,,,,,,,,,,,,,,,,
2014-05-18,957.0,958.4,2014-05-18T23:47:00,955.6,2014-05-18T17:15:00,23.4,29.1,2014-05-18T11:38:00,21.4,2014-05-18T23:04:00,91,69.0,2014-05-18T12:35:00,0.3,11,6.8,265.0,2014-05-18T14:28:00,2.5,,,,,,,,,,,,,,,,,,,,,,99.0,2014-05-18T05:35:00,,,,,,,,,,,,,,,,,,,,,,,,,,,,,,,,,,,,,,,,,,,,,,,,,,,,,,,,,,,,,,,,,,,,,,,,,,
2014-05-19,956.9,958.9,2014-05-19T11:13:00,954.8,2014-05-19T20:50:00,22.2,25.0,2014-05-19T08:35:00,20.3,2014-05-19T03:34:00,94,78.0,2014-05-19T08:55:00,0.2,67,3.4,154.0,2014-05-19T20:00:00,13.5,,,,,,,,,,,,,,,,,,,,,,99.0,2014-05-19T13:10:00,,,,,,,,,,,,,,,,,,,,,,,,,,,,,,,,,,,,,,,,,,,,,,,,,,,,,,,,,,,,,,,,,,,,,,,,,,
2014-05-20,955.1,956.8,2014-05-20T22:39:00,953.8,2014-05-20T05:29:00,22.5,25.2,2014-05-20T09:37:00,20.0,2014-05-20T04:45:00,96,80.0,2014-05-20T09:22:00,0.3,28,4.2,287.0,2014-05-20T11:13:00,23.5,,,,,,,,,,,,,,,,,,,,,,100.0,2014-05-20T23:35:00,,,,,,,,,,,,,,,,,,,,,,,,,,,,,,,,,,,,,,,,,,,,,,,,,,,,,,,,,,,,,,,,,,,,,,,,,,
2014-05-21,956.1,957.4,2014-05-21T08:43:00,954.8,2014-05-21T17:28:00,20.2,22.8,2014-05-21T00:04:00,18.0,2014-05-21T14:48:00,99,99.0,2014-05-21T13:08:00,0.2,59,4.3,252.0,2014-05-21T01:58:00,79.5,,,,,,,,,,,,,,,,,,,,,,100.0,2014-05-22T00:00:00,,,,,,,,,,,,,,,,,,,,,,,,,,,,,,,,,,,,,,,,,,,,,,,,,,,,,,,,,,,,,,,,,,,,,,,,,,
2014-05-22,956.0,958.4,2014-05-22T22:29:00,954.4,2014-05-22T03:59:00,21.8,26.9,2014-05-22T11:12:00,19.9,2014-05-22T03:01:00,97,77.0,2014-05-22T11:19:00,0.2,37,3.8,285.0,2014-05-22T13:56:00,9.5,,,,,,,,,,,,,,,,,,,,,,100.0,2014-05-23T00:00:00,,,,,,,,,,,,,,,,,,,,,,,,,,,,,,,,,,,,,,,,,,,,,,,,,,,,,,,,,,,,,,,,,,,,,,,,,,
2014-05-23,959.3,962.0,2014-05-23T22:01:00,956.5,2014-05-23T05:20:00,21.8,24.5,2014-05-23T12:02:00,20.3,2014-05-23T02:07:00,95,84.0,2014-05-23T05:51:00,0.3,11,3.5,282.0,2014-05-23T13:47:00,1.5,,,,,,,,,,,,,,,,,,,,,,100.0,2014-05-24T00:00:00,,,,,,,,,,,,,,,,,,,,,,,,,,,,,,,,,,,,,,,,,,,,,,,,,,,,,,,,,,,,,,,,,,,,,,,,,,
2014-05-24,960.5,961.6,2014-05-24T21:54:00,959.1,2014-05-24T15:06:00,24.2,29.5,2014-05-24T13:49:00,21.1,2014-05-25T00:00:00,85,58.0,2014-05-24T12:02:00,0.4,127,3.3,258.0,2014-05-24T10:24:00,14.5,,,,,,,,,,,,,,,,,,,,,,100.0,2014-05-24T17:06:00,,,,,,,,,,,,,,,,,,,,,,,,,,,,,,,,,,,,,,,,,,,,,,,,,,,,,,,,,,,,,,,,,,,,,,,,,,
2014-05-25,959.3,960.7,2014-05-25T09:45:00,957.6,2014-05-25T16:33:00,23.9,28.3,2014-05-25T12:29:00,20.6,2014-05-25T04:57:00,89,75.0,2014-05-25T09:20:00,0.3,148,3.0,288.0,2014-05-25T12:36:00,0.0,,,,,,,,,,,,,,,,,,,,,,98.0,2014-05-25T20:18:00,,,,,,,,,,,,,,,,,,,,,,,,,,,,,,,,,,,,,,,,,,,,,,,,,,,,,,,,,,,,,,,,,,,,,,,,,,
2014-05-26,957.2,959.2,2014-05-26T00:07:00,955.5,2014-05-26T17:28:00,25.2,30.7,2014-05-26T13:14:00,21.1,2014-05-26T05:16:00,86,65.0,2014-05-26T13:14:00,0.4,288,5.6,340.0,2014-05-26T15:15:00,0.0,,,,,,,,,,,,,,,,,,,,,,99.0,2014-05-26T23:48:00,,,,,,,,,,,,,,,,,,,,,,,,,,,,,,,,,,,,,,,,,,,,,,,,,,,,,,,,,,,,,,,,,,,,,,,,,,
2014-05-27,955.1,956.8,2014-05-27T00:01:00,953.0,2014-05-27T16:48:00,24.6,28.0,2014-05-27T11:32:00,21.9,2014-05-27T06:29:00,94,79.0,2014-05-27T11:35:00,0.4,21,5.1,278.0,2014-05-27T11:18:00,10.5,,,,,,,,,,,,,,,,,,,,,,100.0,2014-05-27T03:26:00,,,,,,,,,,,,,,,,,,,,,,,,,,,,,,,,,,,,,,,,,,,,,,,,,,,,,,,,,,,,,,,,,,,,,,,,,,
2014-05-28,955.3,956.8,2014-05-28T09:05:00,954.0,2014-05-28T16:08:00,24.8,30.0,2014-05-28T12:56:00,21.9,2014-05-28T05:38:00,92,67.0,2014-05-28T12:59:00,0.3,9,5.1,281.0,2014-05-28T13:04:00,5.5,,,,,,,,,,,,,,,,,,,,,,100.0,2014-05-28T02:48:00,,,,,,,,,,,,,,,,,,,,,,,,,,,,,,,,,,,,,,,,,,,,,,,,,,,,,,,,,,,,,,,,,,,,,,,,,,
2014-05-29,956.0,957.4,2014-05-29T21:28:00,954.8,2014-05-29T03:47:00,23.7,27.5,2014-05-29T11:39:00,22.0,2014-05-29T05:18:00,95,82.0,2014-05-29T11:34:00,0.1,130,3.4,40.0,2014-05-29T13:08:00,45.5,,,,,,,,,,,,,,,,,,,,,,100.0,2014-05-29T13:28:00,,,,,,,,,,,,,,,,,,,,,,,,,,,,,,,,,,,,,,,,,,,,,,,,,,,,,,,,,,,,,,,,,,,,,,,,,,
2014-05-30,956.6,958.1,2014-05-30T22:31:00,955.4,2014-05-30T02:01:00,23.4,28.1,2014-05-30T11:12:00,21.5,2014-05-30T05:35:00,97,78.0,2014-05-30T11:14:00,0.2,210,5.0,272.0,2014-05-30T13:54:00,17.0,,,,,,,,,,,,,,,,,,,,,,100.0,2014-05-31T00:00:00,,,,,,,,,,,,,,,,,,,,,,,,,,,,,,,,,,,,,,,,,,,,,,,,,,,,,,,,,,,,,,,,,,,,,,,,,,
2014-05-31,957.3,958.6,2014-05-31T09:29:00,955.9,2014-05-31T16:20:00,24.2,28.3,2014-05-31T12:09:00,21.6,2014-05-31T02:16:00,93,73.0,2014-05-31T12:10:00,0.2,8,2.5,288.0,2014-05-31T11:24:00,0.0,,,,,,,,,,,,,,,,,,,,,,100.0,2014-06-01T00:00:00,,,,,,,,,,,,,,,,,,,,,,,,,,,,,,,,,,,,,,,,,,,,,,,,,,,,,,,,,,,,,,,,,,,,,,,,,,
2014-06-01,955.6,957.6,2014-06-01T09:23:00,953.6,2014-06-01T19:18:00,24.6,29.3,2014-06-01T13:57:00,21.4,2014-06-01T03:30:00,91,75.0,2014-06-01T13:51:00,0.3,35,4.9,276.0,2014-06-01T12:50:00,0.0,,,,,,,,,,,,,,,,,,,,,,100.0,2014-06-01T01:52:00,,,,,,,,,,,,,,,,,,,,,,,,,,,,,,,,,,,,,,,,,,,,,,,,,,,,,,,,,,,,,,,,,,,,,,,,,,
2014-06-02,952.6,954.2,2014-06-02T07:14:00,950.6,2014-06-02T16:39:00,25.4,30.7,2014-06-02T14:10:00,21.3,2014-06-02T05:31:00,83,61.0,2014-06-02T14:10:00,0.3,260,5.4,291.0,2014-06-02T17:36:00,0.0,,,,,,,,,,,,,,,,,,,,,,99.0,2014-06-02T02:33:00,,,,,,,,,,,,,,,,,,,,,,,,,,,,,,,,,,,,,,,,,,,,,,,,,,,,,,,,,,,,,,,,,,,,,,,,,,
2014-06-03,951.8,953.5,2014-06-03T22:19:00,950.2,2014-06-03T02:00:00,23.4,27.3,2014-06-03T14:05:00,21.9,2014-06-03T09:02:00,95,83.0,2014-06-03T14:08:00,0.2,9,3.3,332.0,2014-06-03T14:16:00,9.0,,,,,,,,,,,,,,,,,,,,,,100.0,2014-06-03T18:21:00,,,,,,,,,,,,,,,,,,,,,,,,,,,,,,,,,,,,,,,,,,,,,,,,,,,,,,,,,,,,,,,,,,,,,,,,,,
2014-06-04,952.3,953.6,2014-06-04T23:02:00,951.1,2014-06-04T15:31:00,23.9,28.0,2014-06-04T11:44:00,21.2,2014-06-04T05:00:00,93,77.0,2014-06-04T11:45:00,0.3,279,4.2,293.0,2014-06-04T14:06:00,0.0,,,,,,,,,,,,,,,,,,,,,,100.0,2014-06-05T00:00:00,,,,,,,,,,,,,,,,,,,,,,,,,,,,,,,,,,,,,,,,,,,,,,,,,,,,,,,,,,,,,,,,,,,,,,,,,,
2014-06-05,952.4,953.8,2014-06-05T22:35:00,951.3,2014-06-05T02:23:00,23.6,28.2,2014-06-05T10:28:00,21.2,2014-06-05T04:39:00,90,68.0,2014-06-05T10:03:00,0.4,157,6.7,307.0,2014-06-05T14:15:00,16.5,,,,,,,,,,,,,,,,,,,,,,100.0,2014-06-05T21:40:00,,,,,,,,,,,,,,,,,,,,,,,,,,,,,,,,,,,,,,,,,,,,,,,,,,,,,,,,,,,,,,,,,,,,,,,,,,
2014-06-06,952.7,953.6,2014-06-06T22:05:00,951.4,2014-06-06T16:00:00,23.3,27.3,2014-06-06T10:15:00,21.6,2014-06-06T05:58:00,96,75.0,2014-06-06T11:37:00,0.3,38,5.1,214.0,2014-06-06T04:40:00,52.0,,,,,,,,,,,,,,,,,,,,,,100.0,2014-06-06T00:11:00,,,,,,,,,,,,,,,,,,,,,,,,,,,,,,,,,,,,,,,,,,,,,,,,,,,,,,,,,,,,,,,,,,,,,,,,,,
2014-06-07,951.4,953.4,2014-06-07T00:15:00,949.7,2014-06-07T15:55:00,23.5,27.5,2014-06-07T12:38:00,21.2,2014-06-07T04:15:00,96,78.0,2014-06-07T08:59:00,0.3,4,3.9,279.0,2014-06-07T13:08:00,17.0,,,,,,,,,,,,,,,,,,,,,,100.0,2014-06-08T00:00:00,,,,,,,,,,,,,,,,,,,,,,,,,,,,,,,,,,,,,,,,,,,,,,,,,,,,,,,,,,,,,,,,,,,,,,,,,,
2014-06-08,950.7,951.7,2014-06-08T09:23:00,949.6,2014-06-08T14:29:00,23.3,25.9,2014-06-08T08:46:00,22.0,2014-06-09T00:00:00,98,86.0,2014-06-08T08:48:00,0.2,2,4.5,36.0,2014-06-08T14:24:00,14.5,,,,,,,,,,,,,,,,,,,,,,100.0,2014-06-08T00:01:00,,,,,,,,,,,,,,,,,,,,,,,,,,,,,,,,,,,,,,,,,,,,,,,,,,,,,,,,,,,,,,,,,,,,,,,,,,
2014-06-09,949.5,950.8,2014-06-09T07:35:00,948.3,2014-06-09T16:36:00,24.1,29.2,2014-06-09T10:57:00,20.5,2014-06-09T06:22:00,93,73.0,2014-06-09T10:58:00,0.4,42,5.7,38.0,2014-06-09T17:23:00,0.5,,,,,,,,,,,,,,,,,,,,,,100.0,2014-06-10T00:00:00,,,,,,,,,,,,,,,,,,,,,,,,,,,,,,,,,,,,,,,,,,,,,,,,,,,,,,,,,,,,,,,,,,,,,,,,,,
2014-06-10,948.8,950.4,2014-06-10T22:23:00,947.4,2014-06-10T03:51:00,23.6,26.4,2014-06-10T13:15:00,22.2,2014-06-10T04:31:00,95,82.0,2014-06-10T13:08:00,0.5,42,5.2,30.0,2014-06-10T13:48:00,2.0,,,,,,,,,,,,,,,,,,,,,,100.0,2014-06-10T18:45:00,,,,,,,,,,,,,,,,,,,,,,,,,,,,,,,,,,,,,,,,,,,,,,,,,,,,,,,,,,,,,,,,,,,,,,,,,,
2014-06-11,950.1,951.3,2014-06-11T22:17:00,948.8,2014-06-11T04:16:00,22.6,25.8,2014-06-11T11:46:00,20.8,2014-06-11T23:36:00,94,79.0,2014-06-11T13:17:00,0.8,57,5.9,30.0,2014-06-11T11:51:00,4.5,,,,,,,,,,,,,,,,,,,,,,100.0,2014-06-12T00:00:00,,,,,,,,,,,,,,,,,,,,,,,,,,,,,,,,,,,,,,,,,,,,,,,,,,,,,,,,,,,,,,,,,,,,,,,,,,
2014-06-12,950.7,952.0,2014-06-12T09:59:00,948.9,2014-06-12T15:36:00,24.4,30.4,2014-06-12T14:32:00,19.4,2014-06-12T04:26:00,61,22.0,2014-06-12T11:05:00,0.7,117,6.8,57.0,2014-06-12T01:00:00,0.0,,,,,,,,,,,,,,,,,,,,,,97.0,2014-06-12T04:24:00,,,,,,,,,,,,,,,,,,,,,,,,,,,,,,,,,,,,,,,,,,,,,,,,,,,,,,,,,,,,,,,,,,,,,,,,,,
2014-06-13,952.5,955.0,2014-06-13T22:25:00,951.1,2014-06-13T02:47:00,24.5,29.7,2014-06-13T11:57:00,20.9,2014-06-13T03:20:00,70,52.0,2014-06-13T11:59:00,0.6,133,4.7,99.0,2014-06-13T10:23:00,0.5,,,,,,,,,,,,,,,,,,,,,,96.0,2014-06-13T23:52:00,,,,,,,,,,,,,,,,,,,,,,,,,,,,,,,,,,,,,,,,,,,,,,,,,,,,,,,,,,,,,,,,,,,,,,,,,,
2014-06-14,953.3,954.4,2014-06-15T00:00:00,952.3,2014-06-14T23:59:00,25.2,29.2,2014-06-14T12:46:00,21.6,2014-06-14T01:20:00,88,73.0,2014-06-14T08:36:00,0.4,134,3.4,94.0,2014-06-14T06:26:00,1.0,,,,,,,,,,,,,,,,,,,,,,99.0,2014-06-14T20:19:00,,,,,,,,,,,,,,,,,,,,,,,,,,,,,,,,,,,,,,,,,,,,,,,,,,,,,,,,,,,,,,,,,,,,,,,,,,
2014-06-15,953.4,955.0,2014-06-15T22:09:00,951.5,2014-06-15T02:30:00,24.2,27.7,2014-06-15T10:45:00,21.9,2014-06-15T06:04:00,94,78.0,2014-06-15T10:43:00,0.2,262,3.0,282.0,2014-06-15T11:51:00,4.5,,,,,,,,,,,,,,,,,,,,,,100.0,2014-06-15T19:22:00,,,,,,,,,,,,,,,,,,,,,,,,,,,,,,,,,,,,,,,,,,,,,,,,,,,,,,,,,,,,,,,,,,,,,,,,,,
2014-06-16,952.9,954.5,2014-06-17T00:00:00,951.7,2014-06-16T17:02:00,24.5,29.0,2014-06-16T11:03:00,22.1,2014-06-16T03:49:00,94,72.0,2014-06-16T11:57:00,0.2,114,3.9,289.0,2014-06-16T11:08:00,5.0,,,,,,,,,,,,,,,,,,,,,,100.0,2014-06-17T00:00:00,,,,,,,,,,,,,,,,,,,,,,,,,,,,,,,,,,,,,,,,,,,,,,,,,,,,,,,,,,,,,,,,,,,,,,,,,,
2014-06-17,952.2,953.9,2014-06-17T23:49:00,950.6,2014-06-17T02:57:00,25.8,32.1,2014-06-17T14:03:00,22.5,2014-06-17T03:41:00,87,62.0,2014-06-17T14:05:00,0.6,252,7.1,255.0,2014-06-17T10:19:00,0.0,,,,,,,,,,,,,,,,,,,,,,100.0,2014-06-18T00:00:00,,,,,,,,,,,,,,,,,,,,,,,,,,,,,,,,,,,,,,,,,,,,,,,,,,,,,,,,,,,,,,,,,,,,,,,,,,
2014-06-18,953.6,954.8,2014-06-18T21:51:00,952.2,2014-06-18T14:43:00,25.3,32.2,2014-06-18T12:53:00,22.1,2014-06-18T05:39:00,92,64.0,2014-06-18T12:55:00,0.3,51,3.6,275.0,2014-06-18T13:01:00,6.5,,,,,,,,,,,,,,,,,,,,,,100.0,2014-06-18T22:06:00,,,,,,,,,,,,,,,,,,,,,,,,,,,,,,,,,,,,,,,,,,,,,,,,,,,,,,,,,,,,,,,,,,,,,,,,,,
2014-06-19,953.3,954.5,2014-06-19T21:41:00,952.1,2014-06-19T16:12:00,25.6,30.0,2014-06-19T12:11:00,22.8,2014-06-19T05:22:00,93,73.0,2014-06-19T12:14:00,0.2,265,3.4,282.0,2014-06-19T14:17:00,3.0,,,,,,,,,,,,,,,,,,,,,,100.0,2014-06-19T00:10:00,,,,,,,,,,,,,,,,,,,,,,,,,,,,,,,,,,,,,,,,,,,,,,,,,,,,,,,,,,,,,,,,,,,,,,,,,,
2014-06-20,953.5,954.4,2014-06-20T22:12:00,952.7,2014-06-20T02:43:00,24.8,28.5,2014-06-20T12:46:00,23.2,2014-06-20T23:52:00,96,78.0,2014-06-20T12:46:00,0.2,48,4.2,277.0,2014-06-20T13:22:00,7.5,,,,,,,,,,,,,,,,,,,,,,100.0,2014-06-21T00:00:00,,,,,,,,,,,,,,,,,,,,,,,,,,,,,,,,,,,,,,,,,,,,,,,,,,,,,,,,,,,,,,,,,,,,,,,,,,
2014-06-21,954.1,955.1,2014-06-21T23:27:00,952.6,2014-06-21T15:30:00,25.3,29.7,2014-06-21T14:07:00,22.3,2014-06-21T05:12:00,93,72.0,2014-06-21T14:11:00,0.2,55,4.1,298.0,2014-06-21T14:45:00,0.0,,,,,,,,,,,,,,,,,,,,,,100.0,2014-06-21T01:56:00,,,,,,,,,,,,,,,,,,,,,,,,,,,,,,,,,,,,,,,,,,,,,,,,,,,,,,,,,,,,,,,,,,,,,,,,,,
2014-06-22,954.5,956.1,2014-06-22T22:35:00,953.5,2014-06-22T05:01:00,25.4,28.9,2014-06-22T09:56:00,23.8,2014-06-22T22:30:00,94,75.0,2014-06-22T11:47:00,0.2,22,3.7,282.0,2014-06-22T14:47:00,27.5,,,,,,,,,,,,,,,,,,,,,,100.0,2014-06-22T03:34:00,,,,,,,,,,,,,,,,,,,,,,,,,,,,,,,,,,,,,,,,,,,,,,,,,,,,,,,,,,,,,,,,,,,,,,,,,,
2014-06-23,954.3,955.6,2014-06-23T22:32:00,952.4,2014-06-23T16:21:00,25.0,30.0,2014-06-23T11:41:00,23.5,2014-06-23T05:31:00,96,77.0,2014-06-23T12:29:00,0.3,28,4.0,265.0,2014-06-23T17:02:00,50.0,,,,,,,,,,,,,,,,,,,,,,100.0,2014-06-24T00:00:00,,,,,,,,,,,,,,,,,,,,,,,,,,,,,,,,,,,,,,,,,,,,,,,,,,,,,,,,,,,,,,,,,,,,,,,,,,
2014-06-24,954.4,956.2,2014-06-24T22:33:00,953.4,2014-06-24T16:14:00,24.2,24.5,2014-06-24T12:59:00,23.3,2014-06-24T23:51:00,97,98.0,2014-06-24T14:02:00,0.2,268,5.5,289.0,2014-06-24T13:57:00,21.0,,,,,,,,,,,,,,,,,,,,,,100.0,2014-06-24T16:33:00,,,,,,,,,,,,,,,,,,,,,,,,,,,,,,,,,,,,,,,,,,,,,,,,,,,,,,,,,,,,,,,,,,,,,,,,,,
2014-06-25,955.6,957.1,2014-06-25T21:40:00,954.4,2014-06-25T04:25:00,24.7,29.7,2014-06-25T11:40:00,22.3,2014-06-25T05:20:00,96,72.0,2014-06-25T11:35:00,0.2,7,5.4,325.0,2014-06-25T13:15:00,59.0,,,,,,,,,,,,,,,,,,,,,,100.0,2014-06-26T00:00:00,,,,,,,,,,,,,,,,,,,,,,,,,,,,,,,,,,,,,,,,,,,,,,,,,,,,,,,,,,,,,,,,,,,,,,,,,,
2014-06-26,955.6,956.6,2014-06-26T09:55:00,954.3,2014-06-26T16:59:00,25.7,30.4,2014-06-26T11:57:00,21.9,2014-06-26T04:34:00,89,73.0,2014-06-26T11:59:00,0.3,264,4.4,266.0,2014-06-26T14:49:00,0.0,,,,,,,,,,,,,,,,,,,,,,100.0,2014-06-27T00:00:00,,,,,,,,,,,,,,,,,,,,,,,,,,,,,,,,,,,,,,,,,,,,,,,,,,,,,,,,,,,,,,,,,,,,,,,,,,
2014-06-27,954.8,956.3,2014-06-27T10:07:00,953.5,2014-06-27T16:33:00,26.4,30.9,2014-06-27T12:46:00,23.1,2014-06-27T06:01:00,88,69.0,2014-06-27T12:46:00,0.3,128,3.3,305.0,2014-06-27T14:05:00,0.0,,,,,,,,,,,,,,,,,,,,,,99.0,2014-06-27T23:55:00,,,,,,,,,,,,,,,,,,,,,,,,,,,,,,,,,,,,,,,,,,,,,,,,,,,,,,,,,,,,,,,,,,,,,,,,,,
2014-06-28,953.9,955.9,2014-06-28T22:40:00,952.4,2014-06-28T16:19:00,26.1,30.8,2014-06-28T14:26:00,23.6,2014-06-28T23:31:00,88,71.0,2014-06-28T15:09:00,0.3,135,4.1,360.0,2014-06-28T15:10:00,1.0,,,,,,,,,,,,,,,,,,,,,,99.0,2014-06-28T23:56:00,,,,,,,,,,,,,,,,,,,,,,,,,,,,,,,,,,,,,,,,,,,,,,,,,,,,,,,,,,,,,,,,,,,,,,,,,,
2014-06-29,955.6,958.9,2014-06-29T23:43:00,953.6,2014-06-29T03:48:00,25.6,30.6,2014-06-29T12:35:00,22.0,2014-06-29T23:54:00,91,69.0,2014-06-29T12:09:00,0.2,290,3.1,233.0,2014-06-29T18:52:00,56.5,,,,,,,,,,,,,,,,,,,,,,100.0,2014-06-29T00:28:00,,,,,,,,,,,,,,,,,,,,,,,,,,,,,,,,,,,,,,,,,,,,,,,,,,,,,,,,,,,,,,,,,,,,,,,,,,
2014-06-30,958.0,959.2,2014-06-30T21:12:00,956.8,2014-06-30T14:57:00,24.6,30.2,2014-06-30T14:08:00,22.1,2014-07-01T00:00:00,93,72.0,2014-06-30T12:09:00,0.3,133,6.4,296.0,2014-06-30T15:06:00,116.5,,,,,,,,,,,,,,,,,,,,,,100.0,2014-07-01T00:00:00,,,,,,,,,,,,,,,,,,,,,,,,,,,,,,,,,,,,,,,,,,,,,,,,,,,,,,,,,,,,,,,,,,,,,,,,,,
2014-07-01,958.4,959.5,2014-07-01T07:33:00,957.0,2014-07-01T14:56:00,25.2,31.2,2014-07-01T13:08:00,22.3,2014-07-01T05:04:00,90,70.0,2014-07-01T09:33:00,0.3,142,3.9,314.0,2014-07-01T13:12:00,11.0,,,,,,,,,,,,,,,,,,,,,,100.0,2014-07-01T19:03:00,,,,,,,,,,,,,,,,,,,,,,,,,,,,,,,,,,,,,,,,,,,,,,,,,,,,,,,,,,,,,,,,,,,,,,,,,,
2014-07-02,955.6,957.6,2014-07-03T00:00:00,954.0,2014-07-02T16:01:00,26.5,32.6,2014-07-02T13:35:00,22.4,2014-07-02T03:14:00,85,63.0,2014-07-02T13:29:00,0.4,263,5.0,302.0,2014-07-02T15:34:00,0.0,,,,,,,,,,,,,,,,,,,,,,99.0,2014-07-02T00:02:00,,,,,,,,,,,,,,,,,,,,,,,,,,,,,,,,,,,,,,,,,,,,,,,,,,,,,,,,,,,,,,,,,,,,,,,,,,
2014-07-03,953.2,954.7,2014-07-03T06:52:00,951.7,2014-07-03T16:39:00,26.7,32.3,2014-07-03T15:01:00,22.5,2014-07-03T05:14:00,82,62.0,2014-07-03T12:33:00,0.4,131,4.5,281.0,2014-07-03T16:19:00,0.0,,,,,,,,,,,,,,,,,,,,,,98.0,2014-07-03T05:07:00,,,,,,,,,,,,,,,,,,,,,,,,,,,,,,,,,,,,,,,,,,,,,,,,,,,,,,,,,,,,,,,,,,,,,,,,,,
2014-07-04,953.7,954.5,2014-07-04T08:39:00,952.8,2014-07-04T15:21:00,25.8,30.3,2014-07-04T10:39:00,23.2,2014-07-04T00:13:00,86,72.0,2014-07-04T11:22:00,0.4,141,4.3,167.0,2014-07-04T23:17:00,3.0,,,,,,,,,,,,,,,,,,,,,,99.0,2014-07-04T19:10:00,,,,,,,,,,,,,,,,,,,,,,,,,,,,,,,,,,,,,,,,,,,,,,,,,,,,,,,,,,,,,,,,,,,,,,,,,,
2014-07-05,953.7,955.0,2014-07-05T08:42:00,952.6,2014-07-05T03:09:00,26.2,31.1,2014-07-05T12:17:00,23.2,2014-07-05T05:24:00,80,59.0,2014-07-05T12:38:00,0.3,145,4.2,360.0,2014-07-05T14:04:00,0.0,,,,,,,,,,,,,,,,,,,,,,96.0,2014-07-05T23:57:00,,,,,,,,,,,,,,,,,,,,,,,,,,,,,,,,,,,,,,,,,,,,,,,,,,,,,,,,,,,,,,,,,,,,,,,,,,
2014-07-06,952.7,954.2,2014-07-06T08:05:00,951.2,2014-07-06T16:54:00,27.6,34.3,2014-07-06T14:09:00,23.6,2014-07-06T00:44:00,79,52.0,2014-07-06T14:10:00,0.4,33,4.8,303.0,2014-07-06T15:05:00,0.0,,,,,,,,,,,,,,,,,,,,,,96.0,2014-07-06T00:01:00,,,,,,,,,,,,,,,,,,,,,,,,,,,,,,,,,,,,,,,,,,,,,,,,,,,,,,,,,,,,,,,,,,,,,,,,,,
2014-07-07,949.5,952.6,2014-07-08T00:00:00,947.1,2014-07-07T16:41:00,27.7,34.0,2014-07-07T12:13:00,23.7,2014-07-07T23:18:00,75,54.0,2014-07-07T15:25:00,0.9,20,10.7,15.0,2014-07-07T13:24:00,1.0,,,,,,,,,,,,,,,,,,,,,,98.0,2014-07-07T22:37:00,,,,,,,,,,,,,,,,,,,,,,,,,,,,,,,,,,,,,,,,,,,,,,,,,,,,,,,,,,,,,,,,,,,,,,,,,,
2014-07-08,946.9,949.5,2014-07-08T22:18:00,945.5,2014-07-08T04:11:00,24.0,25.1,2014-07-08T18:05:00,22.5,2014-07-08T20:59:00,97,83.0,2014-07-08T23:48:00,0.7,128,11.8,304.0,2014-07-08T09:22:00,71.5,,,,,,,,,,,,,,,,,,,,,,100.0,2014-07-08T02:37:00,,,,,,,,,,,,,,,,,,,,,,,,,,,,,,,,,,,,,,,,,,,,,,,,,,,,,,,,,,,,,,,,,,,,,,,,,,
2014-07-09,950.9,953.5,2014-07-09T22:03:00,948.1,2014-07-09T00:47:00,26.8,32.9,2014-07-09T13:06:00,21.0,2014-07-09T05:06:00,81,63.0,2014-07-09T13:11:00,0.5,265,4.9,302.0,2014-07-09T10:15:00,0.0,,,,,,,,,,,,,,,,,,,,,,97.0,2014-07-09T05:27:00,,,,,,,,,,,,,,,,,,,,,,,,,,,,,,,,,,,,,,,,,,,,,,,,,,,,,,,,,,,,,,,,,,,,,,,,,,
2014-07-10,953.5,955.0,2014-07-10T23:24:00,952.0,2014-07-10T02:40:00,26.5,30.6,2014-07-10T15:03:00,24.0,2014-07-10T23:26:00,86,72.0,2014-07-10T15:03:00,0.4,139,4.1,267.0,2014-07-10T15:07:00,0.0,,,,,,,,,,,,,,,,,,,,,,99.0,2014-07-10T23:49:00,,,,,,,,,,,,,,,,,,,,,,,,,,,,,,,,,,,,,,,,,,,,,,,,,,,,,,,,,,,,,,,,,,,,,,,,,,
2014-07-11,955.1,957.7,2014-07-11T22:22:00,953.7,2014-07-11T03:50:00,25.8,30.7,2014-07-11T13:04:00,22.9,2014-07-11T05:27:00,90,70.0,2014-07-11T10:18:00,0.3,130,3.7,286.0,2014-07-11T13:41:00,25.0,,,,,,,,,,,,,,,,,,,,,,100.0,2014-07-11T21:08:00,,,,,,,,,,,,,,,,,,,,,,,,,,,,,,,,,,,,,,,,,,,,,,,,,,,,,,,,,,,,,,,,,,,,,,,,,,
2014-07-12,956.3,958.0,2014-07-12T22:19:00,955.1,2014-07-12T17:10:00,26.4,31.9,2014-07-12T12:55:00,22.9,2014-07-12T01:11:00,89,68.0,2014-07-12T12:14:00,0.4,36,4.7,298.0,2014-07-12T13:27:00,0.0,,,,,,,,,,,,,,,,,,,,,,100.0,2014-07-12T00:02:00,,,,,,,,,,,,,,,,,,,,,,,,,,,,,,,,,,,,,,,,,,,,,,,,,,,,,,,,,,,,,,,,,,,,,,,,,,
2014-07-13,957.0,958.1,2014-07-13T22:01:00,955.4,2014-07-13T16:25:00,27.1,32.3,2014-07-13T15:13:00,23.4,2014-07-13T05:06:00,84,60.0,2014-07-13T12:23:00,0.4,61,5.5,274.0,2014-07-13T14:56:00,0.0,,,,,,,,,,,,,,,,,,,,,,99.0,2014-07-13T05:57:00,,,,,,,,,,,,,,,,,,,,,,,,,,,,,,,,,,,,,,,,,,,,,,,,,,,,,,,,,,,,,,,,,,,,,,,,,,
2014-07-14,958.3,960.0,2014-07-14T23:13:00,956.6,2014-07-14T15:21:00,25.6,32.1,2014-07-14T12:53:00,22.8,2014-07-14T05:52:00,91,65.0,2014-07-14T12:47:00,0.3,33,4.6,30.0,2014-07-14T16:02:00,11.5,,,,,,,,,,,,,,,,,,,,,,99.0,2014-07-14T21:36:00,,,,,,,,,,,,,,,,,,,,,,,,,,,,,,,,,,,,,,,,,,,,,,,,,,,,,,,,,,,,,,,,,,,,,,,,,,
2014-07-15,959.1,960.0,2014-07-15T22:30:00,957.9,2014-07-15T15:41:00,25.2,31.5,2014-07-15T12:55:00,21.8,2014-07-15T21:02:00,89,71.0,2014-07-15T12:44:00,0.4,285,3.5,165.0,2014-07-15T04:31:00,8.5,,,,,,,,,,,,,,,,,,,,,,99.0,2014-07-15T19:58:00,,,,,,,,,,,,,,,,,,,,,,,,,,,,,,,,,,,,,,,,,,,,,,,,,,,,,,,,,,,,,,,,,,,,,,,,,,
2014-07-16,957.1,959.3,2014-07-17T00:00:00,955.4,2014-07-16T16:53:00,25.7,30.1,2014-07-16T12:28:00,22.9,2014-07-16T05:48:00,84,69.0,2014-07-16T12:32:00,0.5,135,5.1,135.0,2014-07-16T01:19:00,0.0,,,,,,,,,,,,,,,,,,,,,,99.0,2014-07-16T23:59:00,,,,,,,,,,,,,,,,,,,,,,,,,,,,,,,,,,,,,,,,,,,,,,,,,,,,,,,,,,,,,,,,,,,,,,,,,,
2014-07-17,955.4,957.2,2014-07-17T22:18:00,954.3,2014-07-17T14:20:00,26.7,33.2,2014-07-17T13:22:00,22.2,2014-07-17T02:20:00,79,53.0,2014-07-17T13:23:00,0.3,12,4.1,132.0,2014-07-17T04:55:00,0.0,,,,,,,,,,,,,,,,,,,,,,99.0,2014-07-17T00:12:00,,,,,,,,,,,,,,,,,,,,,,,,,,,,,,,,,,,,,,,,,,,,,,,,,,,,,,,,,,,,,,,,,,,,,,,,,,
2014-07-18,957.1,959.3,2014-07-18T22:13:00,955.1,2014-07-18T01:50:00,25.7,32.0,2014-07-18T12:02:00,22.1,2014-07-18T23:42:00,86,62.0,2014-07-18T12:02:00,0.4,142,4.7,285.0,2014-07-18T16:49:00,38.5,,,,,,,,,,,,,,,,,,,,,,100.0,2014-07-18T18:48:00,,,,,,,,,,,,,,,,,,,,,,,,,,,,,,,,,,,,,,,,,,,,,,,,,,,,,,,,,,,,,,,,,,,,,,,,,,
2014-07-19,957.6,958.8,2014-07-19T07:20:00,956.2,2014-07-19T18:59:00,26.1,31.7,2014-07-19T12:58:00,21.8,2014-07-19T05:17:00,87,65.0,2014-07-19T12:54:00,0.4,2,4.2,264.0,2014-07-19T13:09:00,0.0,,,,,,,,,,,,,,,,,,,,,,100.0,2014-07-20T00:00:00,,,,,,,,,,,,,,,,,,,,,,,,,,,,,,,,,,,,,,,,,,,,,,,,,,,,,,,,,,,,,,,,,,,,,,,,,,
2014-07-20,955.7,957.5,2014-07-21T00:00:00,953.5,2014-07-20T17:04:00,27.2,31.4,2014-07-20T14:32:00,23.4,2014-07-20T00:45:00,72,57.0,2014-07-20T20:35:00,0.6,135,6.1,121.0,2014-07-20T18:21:00,0.0,,,,,,,,,,,,,,,,,,,,,,97.0,2014-07-20T00:04:00,,,,,,,,,,,,,,,,,,,,,,,,,,,,,,,,,,,,,,,,,,,,,,,,,,,,,,,,,,,,,,,,,,,,,,,,,,
2014-07-21,952.5,954.1,2014-07-21T00:08:00,950.2,2014-07-21T16:28:00,27.4,32.7,2014-07-21T11:42:00,21.8,2014-07-21T05:20:00,65,47.0,2014-07-21T13:15:00,0.7,111,6.9,36.0,2014-07-21T13:41:00,0.0,,,,,,,,,,,,,,,,,,,,,,89.0,2014-07-21T04:16:00,,,,,,,,,,,,,,,,,,,,,,,,,,,,,,,,,,,,,,,,,,,,,,,,,,,,,,,,,,,,,,,,,,,,,,,,,,
2014-07-22,947.4,952.0,2014-07-22T00:05:00,938.0,2014-07-22T23:58:00,26.3,30.1,2014-07-22T13:05:00,23.1,2014-07-22T23:59:00,77,62.0,2014-07-22T13:05:00,1.2,116,24.3,27.0,2014-07-22T22:12:00,31.0,,,,,,,,,,,,,,,,,,,,,,97.0,2014-07-22T16:19:00,,,,,,,,,,,,,,,,,,,,,,,,,,,,,,,,,,,,,,,,,,,,,,,,,,,,,,,,,,,,,,,,,,,,,,,,,,
2014-07-23,941.0,948.3,2014-07-23T23:59:00,930.8,2014-07-23T03:56:00,23.6,26.2,2014-07-23T04:24:00,22.5,2014-07-23T01:17:00,97,79.0,2014-07-23T04:23:00,1.0,126,25.0,117.0,2014-07-23T03:56:00,101.5,,,,,,,,,,,,,,,,,,,,,,100.0,2014-07-23T17:24:00,,,,,,,,,,,,,,,,,,,,,,,,,,,,,,,,,,,,,,,,,,,,,,,,,,,,,,,,,,,,,,,,,,,,,,,,,,
2014-07-24,950.7,954.7,2014-07-24T23:46:00,947.5,2014-07-24T03:04:00,26.1,31.4,2014-07-24T12:21:00,22.9,2014-07-24T00:03:00,85,64.0,2014-07-24T10:06:00,0.6,129,5.9,102.0,2014-07-24T03:13:00,0.0,,,,,,,,,,,,,,,,,,,,,,98.0,2014-07-24T23:58:00,,,,,,,,,,,,,,,,,,,,,,,,,,,,,,,,,,,,,,,,,,,,,,,,,,,,,,,,,,,,,,,,,,,,,,,,,,
2014-07-25,956.3,959.3,2014-07-25T22:39:00,954.3,2014-07-25T01:44:00,24.7,31.6,2014-07-25T11:26:00,21.2,2014-07-25T22:49:00,89,61.0,2014-07-25T11:20:00,0.5,121,5.3,281.0,2014-07-25T10:57:00,60.0,,,,,,,,,,,,,,,,,,,,,,100.0,2014-07-25T18:32:00,,,,,,,,,,,,,,,,,,,,,,,,,,,,,,,,,,,,,,,,,,,,,,,,,,,,,,,,,,,,,,,,,,,,,,,,,,
2014-07-26,959.1,960.3,2014-07-26T10:09:00,957.9,2014-07-26T18:25:00,25.1,30.3,2014-07-26T13:07:00,21.4,2014-07-27T00:00:00,90,73.0,2014-07-26T13:46:00,0.4,102,4.4,130.0,2014-07-26T02:06:00,3.0,,,,,,,,,,,,,,,,,,,,,,100.0,2014-07-26T22:44:00,,,,,,,,,,,,,,,,,,,,,,,,,,,,,,,,,,,,,,,,,,,,,,,,,,,,,,,,,,,,,,,,,,,,,,,,,,
2014-07-27,957.3,959.9,2014-07-27T08:15:00,954.3,2014-07-27T17:01:00,25.8,32.1,2014-07-27T12:35:00,22.1,2014-07-27T02:48:00,86,62.0,2014-07-27T12:42:00,0.4,278,4.5,281.0,2014-07-27T11:04:00,0.5,,,,,,,,,,,,,,,,,,,,,,100.0,2014-07-27T00:03:00,,,,,,,,,,,,,,,,,,,,,,,,,,,,,,,,,,,,,,,,,,,,,,,,,,,,,,,,,,,,,,,,,,,,,,,,,,
2014-07-28,954.2,956.2,2014-07-28T00:01:00,951.0,2014-07-28T17:07:00,26.1,31.8,2014-07-28T13:01:00,22.4,2014-07-28T06:04:00,78,64.0,2014-07-28T13:03:00,0.5,129,4.9,287.0,2014-07-28T10:58:00,0.0,,,,,,,,,,,,,,,,,,,,,,94.0,2014-07-28T00:01:00,,,,,,,,,,,,,,,,,,,,,,,,,,,,,,,,,,,,,,,,,,,,,,,,,,,,,,,,,,,,,,,,,,,,,,,,,,
2014-07-29,953.3,955.2,2014-07-29T08:11:00,951.5,2014-07-29T17:31:00,26.6,31.8,2014-07-29T14:19:00,22.1,2014-07-29T02:21:00,76,56.0,2014-07-29T18:32:00,0.5,9,7.3,126.0,2014-07-29T17:42:00,0.0,,,,,,,,,,,,,,,,,,,,,,96.0,2014-07-29T02:26:00,,,,,,,,,,,,,,,,,,,,,,,,,,,,,,,,,,,,,,,,,,,,,,,,,,,,,,,,,,,,,,,,,,,,,,,,,,
2014-07-30,952.5,954.5,2014-07-30T09:35:00,950.6,2014-07-31T00:00:00,26.6,32.6,2014-07-30T12:01:00,23.3,2014-07-30T02:13:00,79,55.0,2014-07-30T12:17:00,0.6,22,5.7,39.0,2014-07-30T13:45:00,0.0,,,,,,,,,,,,,,,,,,,,,,97.0,2014-07-30T22:08:00,,,,,,,,,,,,,,,,,,,,,,,,,,,,,,,,,,,,,,,,,,,,,,,,,,,,,,,,,,,,,,,,,,,,,,,,,,
2014-07-31,949.4,952.2,2014-07-31T07:31:00,947.5,2014-07-31T18:33:00,24.4,27.3,2014-07-31T14:55:00,21.9,2014-07-31T08:08:00,95,86.0,2014-07-31T19:06:00,0.4,272,6.3,281.0,2014-07-31T13:30:00,75.5,,,,,,,,,,,,,,,,,,,,,,100.0,2014-07-31T05:31:00,,,,,,,,,,,,,,,,,,,,,,,,,,,,,,,,,,,,,,,,,,,,,,,,,,,,,,,,,,,,,,,,,,,,,,,,,,
2014-08-01,946.5,948.0,2014-08-02T00:00:00,945.1,2014-08-01T15:55:00,27.1,33.5,2014-08-01T14:37:00,22.8,2014-08-01T04:33:00,84,58.0,2014-08-01T14:42:00,0.8,227,7.9,281.0,2014-08-01T12:50:00,0.5,,,,,,,,,,,,,,,,,,,,,,99.0,2014-08-01T04:54:00,,,,,,,,,,,,,,,,,,,,,,,,,,,,,,,,,,,,,,,,,,,,,,,,,,,,,,,,,,,,,,,,,,,,,,,,,,
2014-08-02,948.9,951.6,2014-08-02T23:13:00,947.1,2014-08-02T00:26:00,26.6,33.9,2014-08-02T12:50:00,22.4,2014-08-02T02:35:00,75,54.0,2014-08-02T12:52:00,0.6,132,5.6,273.0,2014-08-02T13:15:00,0.0,,,,,,,,,,,,,,,,,,,,,,92.0,2014-08-02T00:34:00,,,,,,,,,,,,,,,,,,,,,,,,,,,,,,,,,,,,,,,,,,,,,,,,,,,,,,,,,,,,,,,,,,,,,,,,,,
2014-08-03,951.5,953.1,2014-08-03T22:33:00,949.8,2014-08-03T15:29:00,25.5,32.6,2014-08-03T13:20:00,22.4,2014-08-03T02:03:00,84,58.0,2014-08-03T13:20:00,0.5,5,6.3,41.0,2014-08-03T16:01:00,42.5,,,,,,,,,,,,,,,,,,,,,,100.0,2014-08-03T18:03:00,,,,,,,,,,,,,,,,,,,,,,,,,,,,,,,,,,,,,,,,,,,,,,,,,,,,,,,,,,,,,,,,,,,,,,,,,,
2014-08-04,952.6,953.6,2014-08-04T22:03:00,951.5,2014-08-04T14:22:00,25.1,30.7,2014-08-04T13:08:00,22.3,2014-08-04T05:13:00,93,70.0,2014-08-04T13:09:00,0.3,10,3.8,12.0,2014-08-04T11:48:00,2.0,,,,,,,,,,,,,,,,,,,,,,100.0,2014-08-05T00:00:00,,,,,,,,,,,,,,,,,,,,,,,,,,,,,,,,,,,,,,,,,,,,,,,,,,,,,,,,,,,,,,,,,,,,,,,,,,
2014-08-05,953.6,954.9,2014-08-05T11:19:00,952.1,2014-08-05T16:11:00,24.9,28.8,2014-08-05T16:22:00,23.1,2014-08-05T23:25:00,92,69.0,2014-08-05T16:25:00,0.2,44,3.6,293.0,2014-08-05T10:45:00,0.0,,,,,,,,,,,,,,,,,,,,,,100.0,2014-08-05T01:48:00,,,,,,,,,,,,,,,,,,,,,,,,,,,,,,,,,,,,,,,,,,,,,,,,,,,,,,,,,,,,,,,,,,,,,,,,,,
2014-08-06,953.0,954.7,2014-08-06T09:15:00,951.2,2014-08-06T15:52:00,25.8,30.9,2014-08-06T14:25:00,23.1,2014-08-06T03:50:00,89,66.0,2014-08-06T13:31:00,0.4,39,4.3,278.0,2014-08-06T10:34:00,0.5,,,,,,,,,,,,,,,,,,,,,,99.0,2014-08-06T02:15:00,,,,,,,,,,,,,,,,,,,,,,,,,,,,,,,,,,,,,,,,,,,,,,,,,,,,,,,,,,,,,,,,,,,,,,,,,,
2014-08-07,951.8,953.1,2014-08-07T08:38:00,949.6,2014-08-07T16:09:00,26.3,32.4,2014-08-07T12:51:00,22.9,2014-08-07T03:35:00,86,59.0,2014-08-07T11:49:00,0.4,271,5.6,292.0,2014-08-07T14:21:00,0.0,,,,,,,,,,,,,,,,,,,,,,99.0,2014-08-07T05:55:00,,,,,,,,,,,,,,,,,,,,,,,,,,,,,,,,,,,,,,,,,,,,,,,,,,,,,,,,,,,,,,,,,,,,,,,,,,
2014-08-08,951.2,,,,,26.8,,,,,82,,,0.6,38,,,,0.0,,,,,,,,,,,,,,,,,,,,,,,,,,,,,,,,,,,,,,,,,,,,,,,,,,,,,,,,,,,,,,,,,,,,,,,,,,,,,,,,,,,,,,,,,,,,,,,,,
2014-08-09,952.5,,,,,26.9,,,,,85,,,0.4,123,,,,0.0,,,,,,,,,,,,,,,,,,,,,,,,,,,,,,,,,,,,,,,,,,,,,,,,,,,,,,,,,,,,,,,,,,,,,,,,,,,,,,,,,,,,,,,,,,,,,,,,,
2014-08-10,952.5,,,,,26.4,,,,,87,,,0.4,88,,,,0.0,,,,,,,,,,,,,,,,,,,,,,,,,,,,,,,,,,,,,,,,,,,,,,,,,,,,,,,,,,,,,,,,,,,,,,,,,,,,,,,,,,,,,,,,,,,,,,,,,
2014-08-11,951.8,,,,,26.1,,,,,88,,,0.3,122,,,,0.0,,,,,,,,,,,,,,,,,,,,,,,,,,,,,,,,,,,,,,,,,,,,,,,,,,,,,,,,,,,,,,,,,,,,,,,,,,,,,,,,,,,,,,,,,,,,,,,,,
2014-08-12,950.8,952.6,2014-08-12T00:06:00,949.0,2014-08-12T14:47:00,25.8,30.9,2014-08-12T12:44:00,22.9,2014-08-12T05:19:00,89,66.0,2014-08-12T12:52:00,0.5,6,5.1,2.0,2014-08-12T12:14:00,0.0,,,,,,,,,,,,,,,,,,,,,,99.0,2014-08-12T01:43:00,,,,,,,,,,,,,,,,,,,,,,,,,,,,,,,,,,,,,,,,,,,,,,,,,,,,,,,,,,,,,,,,,,,,,,,,,,
2014-08-13,952.2,955.8,2014-08-13T23:42:00,950.1,2014-08-13T02:23:00,24.6,29.1,2014-08-13T09:46:00,22.0,2014-08-13T23:51:00,94,73.0,2014-08-13T11:15:00,0.3,17,4.5,275.0,2014-08-13T10:32:00,43.0,,,,,,,,,,,,,,,,,,,,,,100.0,2014-08-13T16:26:00,,,,,,,,,,,,,,,,,,,,,,,,,,,,,,,,,,,,,,,,,,,,,,,,,,,,,,,,,,,,,,,,,,,,,,,,,,
2014-08-14,956.2,958.3,2014-08-14T21:19:00,955.0,2014-08-14T01:16:00,26.4,32.0,2014-08-14T14:11:00,21.9,2014-08-14T00:51:00,80,58.0,2014-08-14T14:22:00,0.8,127,9.7,291.0,2014-08-14T15:08:00,0.0,,,,,,,,,,,,,,,,,,,,,,100.0,2014-08-15T00:00:00,,,,,,,,,,,,,,,,,,,,,,,,,,,,,,,,,,,,,,,,,,,,,,,,,,,,,,,,,,,,,,,,,,,,,,,,,,
2014-08-15,958.0,959.1,2014-08-15T09:17:00,956.7,2014-08-15T17:11:00,26.3,32.6,2014-08-15T12:18:00,22.6,2014-08-15T05:02:00,85,60.0,2014-08-15T12:19:00,0.4,2,4.5,277.0,2014-08-15T13:44:00,0.0,,,,,,,,,,,,,,,,,,,,,,98.0,2014-08-15T22:51:00,,,,,,,,,,,,,,,,,,,,,,,,,,,,,,,,,,,,,,,,,,,,,,,,,,,,,,,,,,,,,,,,,,,,,,,,,,
2014-08-16,956.5,958.1,2014-08-16T00:01:00,955.0,2014-08-16T14:52:00,25.2,32.0,2014-08-16T11:50:00,22.3,2014-08-16T15:54:00,91,62.0,2014-08-16T11:54:00,0.3,2,3.6,337.0,2014-08-16T13:39:00,26.5,,,,,,,,,,,,,,,,,,,,,,100.0,2014-08-16T22:15:00,,,,,,,,,,,,,,,,,,,,,,,,,,,,,,,,,,,,,,,,,,,,,,,,,,,,,,,,,,,,,,,,,,,,,,,,,,
2014-08-17,955.9,957.9,2014-08-17T23:14:00,954.2,2014-08-17T17:59:00,25.6,30.3,2014-08-17T12:21:00,21.9,2014-08-17T05:42:00,90,63.0,2014-08-17T12:21:00,0.3,6,4.5,45.0,2014-08-17T10:41:00,0.0,,,,,,,,,,,,,,,,,,,,,,100.0,2014-08-17T00:06:00,,,,,,,,,,,,,,,,,,,,,,,,,,,,,,,,,,,,,,,,,,,,,,,,,,,,,,,,,,,,,,,,,,,,,,,,,,
2014-08-18,957.7,959.6,2014-08-18T18:31:00,956.4,2014-08-18T15:18:00,24.6,29.5,2014-08-18T12:31:00,21.2,2014-08-18T19:01:00,92,74.0,2014-08-18T12:30:00,0.4,27,9.4,313.0,2014-08-18T18:23:00,7.0,,,,,,,,,,,,,,,,,,,,,,99.0,2014-08-18T02:35:00,,,,,,,,,,,,,,,,,,,,,,,,,,,,,,,,,,,,,,,,,,,,,,,,,,,,,,,,,,,,,,,,,,,,,,,,,,
2014-08-19,958.2,959.3,2014-08-19T10:44:00,956.8,2014-08-19T03:16:00,23.9,28.7,2014-08-19T11:36:00,21.4,2014-08-19T05:34:00,91,70.0,2014-08-19T11:39:00,0.3,123,4.2,98.0,2014-08-19T01:05:00,4.0,,,,,,,,,,,,,,,,,,,,,,100.0,2014-08-19T22:35:00,,,,,,,,,,,,,,,,,,,,,,,,,,,,,,,,,,,,,,,,,,,,,,,,,,,,,,,,,,,,,,,,,,,,,,,,,,
2014-08-20,958.3,960.7,2014-08-20T21:50:00,957.0,2014-08-20T03:09:00,24.7,29.3,2014-08-20T10:55:00,21.4,2014-08-20T04:40:00,91,68.0,2014-08-20T11:21:00,0.3,41,4.7,278.0,2014-08-20T11:41:00,2.5,,,,,,,,,,,,,,,,,,,,,,100.0,2014-08-20T00:02:00,,,,,,,,,,,,,,,,,,,,,,,,,,,,,,,,,,,,,,,,,,,,,,,,,,,,,,,,,,,,,,,,,,,,,,,,,,
2014-08-21,959.0,960.2,2014-08-21T09:58:00,957.6,2014-08-21T15:07:00,25.9,31.7,2014-08-21T13:25:00,22.3,2014-08-21T06:24:00,78,52.0,2014-08-21T12:25:00,0.7,124,4.7,292.0,2014-08-21T13:02:00,0.0,,,,,,,,,,,,,,,,,,,,,,96.0,2014-08-21T01:11:00,,,,,,,,,,,,,,,,,,,,,,,,,,,,,,,,,,,,,,,,,,,,,,,,,,,,,,,,,,,,,,,,,,,,,,,,,,
2014-08-22,958.9,960.1,2014-08-22T09:54:00,957.2,2014-08-22T19:06:00,25.4,31.1,2014-08-22T11:54:00,20.9,2014-08-22T05:20:00,82,46.0,2014-08-22T10:40:00,0.4,6,3.9,273.0,2014-08-22T14:01:00,0.0,,,,,,,,,,,,,,,,,,,,,,98.0,2014-08-22T21:55:00,,,,,,,,,,,,,,,,,,,,,,,,,,,,,,,,,,,,,,,,,,,,,,,,,,,,,,,,,,,,,,,,,,,,,,,,,,
2014-08-23,958.4,959.7,2014-08-23T09:24:00,956.6,2014-08-23T15:56:00,25.2,30.3,2014-08-23T11:51:00,21.5,2014-08-23T04:37:00,81,55.0,2014-08-23T11:26:00,0.5,279,4.4,289.0,2014-08-23T11:29:00,0.0,,,,,,,,,,,,,,,,,,,,,,96.0,2014-08-23T04:01:00,,,,,,,,,,,,,,,,,,,,,,,,,,,,,,,,,,,,,,,,,,,,,,,,,,,,,,,,,,,,,,,,,,,,,,,,,,
2014-08-24,958.3,959.7,2014-08-24T22:34:00,956.6,2014-08-24T16:39:00,25.8,31.5,2014-08-24T13:10:00,21.4,2014-08-24T03:03:00,83,59.0,2014-08-24T13:29:00,0.4,284,4.5,289.0,2014-08-24T12:18:00,0.0,,,,,,,,,,,,,,,,,,,,,,97.0,2014-08-24T02:28:00,,,,,,,,,,,,,,,,,,,,,,,,,,,,,,,,,,,,,,,,,,,,,,,,,,,,,,,,,,,,,,,,,,,,,,,,,,
2014-08-25,959.0,961.0,2014-08-25T21:42:00,957.3,2014-08-25T16:27:00,26.1,30.7,2014-08-25T10:51:00,23.4,2014-08-25T06:29:00,81,62.0,2014-08-25T10:51:00,0.5,127,4.4,298.0,2014-08-25T11:15:00,0.0,,,,,,,,,,,,,,,,,,,,,,97.0,2014-08-25T00:45:00,,,,,,,,,,,,,,,,,,,,,,,,,,,,,,,,,,,,,,,,,,,,,,,,,,,,,,,,,,,,,,,,,,,,,,,,,,
2014-08-26,959.4,960.8,2014-08-26T09:24:00,957.4,2014-08-26T16:22:00,26.0,31.6,2014-08-26T14:47:00,22.4,2014-08-26T05:00:00,85,67.0,2014-08-26T14:47:00,0.3,319,3.3,279.0,2014-08-26T17:34:00,0.0,,,,,,,,,,,,,,,,,,,,,,98.0,2014-08-26T03:52:00,,,,,,,,,,,,,,,,,,,,,,,,,,,,,,,,,,,,,,,,,,,,,,,,,,,,,,,,,,,,,,,,,,,,,,,,,,
2014-08-27,960.1,962.6,2014-08-27T23:57:00,958.6,2014-08-27T02:33:00,25.2,31.7,2014-08-27T11:38:00,20.7,2014-08-27T16:15:00,79,62.0,2014-08-27T11:40:00,0.7,133,8.0,139.0,2014-08-27T19:39:00,5.0,,,,,,,,,,,,,,,,,,,,,,98.0,2014-08-27T00:41:00,,,,,,,,,,,,,,,,,,,,,,,,,,,,,,,,,,,,,,,,,,,,,,,,,,,,,,,,,,,,,,,,,,,,,,,,,,
2014-08-28,961.2,962.7,2014-08-28T00:45:00,959.7,2014-08-28T17:02:00,25.7,31.2,2014-08-28T12:20:00,21.4,2014-08-28T00:53:00,78,60.0,2014-08-28T12:17:00,0.7,135,5.1,293.0,2014-08-28T13:56:00,0.0,,,,,,,,,,,,,,,,,,,,,,92.0,2014-08-28T00:51:00,,,,,,,,,,,,,,,,,,,,,,,,,,,,,,,,,,,,,,,,,,,,,,,,,,,,,,,,,,,,,,,,,,,,,,,,,,
2014-08-29,960.3,961.7,2014-08-29T00:05:00,958.6,2014-08-29T16:43:00,26.3,32.1,2014-08-29T12:18:00,22.8,2014-08-29T03:10:00,80,62.0,2014-08-29T12:19:00,0.6,125,5.0,298.0,2014-08-29T14:06:00,0.0,,,,,,,,,,,,,,,,,,,,,,98.0,2014-08-29T22:59:00,,,,,,,,,,,,,,,,,,,,,,,,,,,,,,,,,,,,,,,,,,,,,,,,,,,,,,,,,,,,,,,,,,,,,,,,,,
2014-08-30,959.5,960.9,2014-08-30T08:03:00,957.4,2014-08-30T16:42:00,25.6,30.7,2014-08-30T13:08:00,22.8,2014-08-30T00:13:00,81,61.0,2014-08-30T13:00:00,0.6,4,4.1,340.0,2014-08-30T14:25:00,0.0,,,,,,,,,,,,,,,,,,,,,,98.0,2014-08-30T00:17:00,,,,,,,,,,,,,,,,,,,,,,,,,,,,,,,,,,,,,,,,,,,,,,,,,,,,,,,,,,,,,,,,,,,,,,,,,,
2014-08-31,958.7,959.7,2014-08-31T21:09:00,957.6,2014-08-31T04:34:00,25.6,31.8,2014-08-31T13:49:00,22.9,2014-08-31T22:45:00,80,56.0,2014-08-31T14:10:00,0.7,134,5.7,301.0,2014-08-31T15:05:00,3.0,,,,,,,,,,,,,,,,,,,,,,99.0,2014-08-31T22:13:00,,,,,,,,,,,,,,,,,,,,,,,,,,,,,,,,,,,,,,,,,,,,,,,,,,,,,,,,,,,,,,,,,,,,,,,,,,
2014-09-01,959.2,,,,,26.1,,,,,76,,,0.5,17,,,,0.0,,,,,,,,,,,,,,,,,,,,,,,,,,,,,,,,,,,,,,,,,,,,,,,,,,,,,,,,,,,,,,,,,,,,,,,,,,,,,,,,,,,,,,,,,,,,,,,,,
2014-09-02,958.8,960.4,2014-09-03T00:00:00,956.9,2014-09-02T16:35:00,26.5,32.2,2014-09-02T14:42:00,22.7,2014-09-02T06:06:00,73,51.0,2014-09-02T13:13:00,0.5,136,4.6,283.0,2014-09-02T16:19:00,0.0,,,,,,,,,,,,,,,,,,,,,,95.0,2014-09-02T22:17:00,,,,,,,,,,,,,,,,,,,,,,,,,,,,,,,,,,,,,,,,,,,,,,,,,,,,,,,,,,,,,,,,,,,,,,,,,,
2014-09-03,957.1,958.7,2014-09-03T00:29:00,955.0,2014-09-03T16:28:00,26.7,31.6,2014-09-03T12:45:00,23.7,2014-09-03T06:34:00,78,60.0,2014-09-03T11:54:00,0.6,127,5.7,305.0,2014-09-03T14:52:00,0.0,,,,,,,,,,,,,,,,,,,,,,95.0,2014-09-03T22:13:00,,,,,,,,,,,,,,,,,,,,,,,,,,,,,,,,,,,,,,,,,,,,,,,,,,,,,,,,,,,,,,,,,,,,,,,,,,
2014-09-04,955.8,957.1,2014-09-04T00:02:00,954.0,2014-09-04T15:32:00,24.8,29.1,2014-09-04T13:05:00,21.6,2014-09-04T23:58:00,88,66.0,2014-09-04T08:50:00,0.5,101,5.9,51.0,2014-09-04T15:38:00,41.5,,,,,,,,,,,,,,,,,,,,,,100.0,2014-09-04T19:04:00,,,,,,,,,,,,,,,,,,,,,,,,,,,,,,,,,,,,,,,,,,,,,,,,,,,,,,,,,,,,,,,,,,,,,,,,,,
2014-09-05,954.6,956.0,2014-09-05T00:03:00,952.8,2014-09-05T15:07:00,26.9,32.8,2014-09-05T14:58:00,21.3,2014-09-05T00:40:00,72,59.0,2014-09-05T14:45:00,0.6,125,5.3,133.0,2014-09-05T17:39:00,0.0,,,,,,,,,,,,,,,,,,,,,,99.0,2014-09-05T00:47:00,,,,,,,,,,,,,,,,,,,,,,,,,,,,,,,,,,,,,,,,,,,,,,,,,,,,,,,,,,,,,,,,,,,,,,,,,,
2014-09-06,955.3,956.9,2014-09-06T10:23:00,953.9,2014-09-06T15:35:00,26.7,31.3,2014-09-06T12:18:00,24.1,2014-09-06T06:15:00,73,62.0,2014-09-06T12:09:00,0.7,127,6.0,85.0,2014-09-06T16:59:00,0.0,,,,,,,,,,,,,,,,,,,,,,87.0,2014-09-06T20:58:00,,,,,,,,,,,,,,,,,,,,,,,,,,,,,,,,,,,,,,,,,,,,,,,,,,,,,,,,,,,,,,,,,,,,,,,,,,
2014-09-07,956.9,958.2,2014-09-07T23:08:00,955.8,2014-09-07T14:55:00,24.9,31.3,2014-09-07T12:32:00,22.0,2014-09-07T23:55:00,87,63.0,2014-09-07T12:30:00,0.4,41,3.8,286.0,2014-09-07T12:09:00,19.0,,,,,,,,,,,,,,,,,,,,,,99.0,2014-09-07T16:36:00,,,,,,,,,,,,,,,,,,,,,,,,,,,,,,,,,,,,,,,,,,,,,,,,,,,,,,,,,,,,,,,,,,,,,,,,,,
2014-09-08,956.6,958.0,2014-09-09T00:00:00,954.9,2014-09-08T14:45:00,25.4,30.9,2014-09-08T13:05:00,21.5,2014-09-08T04:57:00,87,63.0,2014-09-08T12:52:00,0.4,290,5.1,281.0,2014-09-08T14:49:00,0.0,,,,,,,,,,,,,,,,,,,,,,99.0,2014-09-08T01:35:00,,,,,,,,,,,,,,,,,,,,,,,,,,,,,,,,,,,,,,,,,,,,,,,,,,,,,,,,,,,,,,,,,,,,,,,,,,
2014-09-09,956.9,958.2,2014-09-09T08:59:00,955.3,2014-09-09T15:12:00,24.9,31.3,2014-09-09T13:57:00,22.1,2014-09-09T22:56:00,84,63.0,2014-09-09T12:34:00,0.5,256,7.1,68.0,2014-09-09T15:34:00,57.0,,,,,,,,,,,,,,,,,,,,,,99.0,2014-09-09T19:14:00,,,,,,,,,,,,,,,,,,,,,,,,,,,,,,,,,,,,,,,,,,,,,,,,,,,,,,,,,,,,,,,,,,,,,,,,,,
2014-09-10,957.3,959.2,2014-09-10T23:40:00,955.9,2014-09-10T03:35:00,24.9,29.2,2014-09-10T13:36:00,22.4,2014-09-10T00:11:00,86,72.0,2014-09-10T10:37:00,0.5,129,3.6,133.0,2014-09-10T05:02:00,0.0,,,,,,,,,,,,,,,,,,,,,,98.0,2014-09-10T21:36:00,,,,,,,,,,,,,,,,,,,,,,,,,,,,,,,,,,,,,,,,,,,,,,,,,,,,,,,,,,,,,,,,,,,,,,,,,,
2014-09-11,957.1,959.0,2014-09-11T00:04:00,955.5,2014-09-11T17:58:00,25.6,30.2,2014-09-11T11:27:00,22.4,2014-09-11T02:33:00,86,67.0,2014-09-11T11:27:00,0.4,69,4.6,298.0,2014-09-11T14:37:00,0.0,,,,,,,,,,,,,,,,,,,,,,98.0,2014-09-11T23:35:00,,,,,,,,,,,,,,,,,,,,,,,,,,,,,,,,,,,,,,,,,,,,,,,,,,,,,,,,,,,,,,,,,,,,,,,,,,
2014-09-12,956.9,958.4,2014-09-12T09:42:00,955.4,2014-09-12T15:27:00,25.4,29.5,2014-09-12T13:52:00,22.3,2014-09-12T04:58:00,87,63.0,2014-09-12T13:31:00,0.4,51,5.8,277.0,2014-09-12T12:22:00,0.5,,,,,,,,,,,,,,,,,,,,,,99.0,2014-09-12T05:03:00,,,,,,,,,,,,,,,,,,,,,,,,,,,,,,,,,,,,,,,,,,,,,,,,,,,,,,,,,,,,,,,,,,,,,,,,,,
2014-09-13,956.3,957.3,2014-09-13T00:01:00,954.7,2014-09-13T14:55:00,25.5,30.5,2014-09-13T13:39:00,21.7,2014-09-13T04:56:00,86,67.0,2014-09-13T12:26:00,0.3,53,4.0,283.0,2014-09-13T14:51:00,0.0,,,,,,,,,,,,,,,,,,,,,,98.0,2014-09-13T04:04:00,,,,,,,,,,,,,,,,,,,,,,,,,,,,,,,,,,,,,,,,,,,,,,,,,,,,,,,,,,,,,,,,,,,,,,,,,,
2014-09-14,953.6,955.5,2014-09-14T00:01:00,951.6,2014-09-14T16:07:00,27.3,30.0,2014-09-14T12:42:00,23.5,2014-09-14T04:20:00,69,57.0,2014-09-14T19:57:00,1.2,115,10.2,9.0,2014-09-14T13:10:00,0.0,,,,,,,,,,,,,,,,,,,,,,90.0,2014-09-14T01:35:00,,,,,,,,,,,,,,,,,,,,,,,,,,,,,,,,,,,,,,,,,,,,,,,,,,,,,,,,,,,,,,,,,,,,,,,,,,
2014-09-15,952.4,955.9,2014-09-15T23:51:00,951.0,2014-09-15T08:46:00,30.1,35.2,2014-09-15T13:44:00,26.0,2014-09-15T00:25:00,61,43.0,2014-09-15T09:25:00,1.0,121,12.0,92.0,2014-09-15T05:31:00,0.0,,,,,,,,,,,,,,,,,,,,,,79.0,2014-09-15T18:13:00,,,,,,,,,,,,,,,,,,,,,,,,,,,,,,,,,,,,,,,,,,,,,,,,,,,,,,,,,,,,,,,,,,,,,,,,,,
2014-09-16,958.1,961.2,2014-09-16T22:39:00,955.1,2014-09-16T02:47:00,27.1,32.4,2014-09-16T12:15:00,24.2,2014-09-16T21:11:00,76,60.0,2014-09-16T11:54:00,0.7,5,4.7,296.0,2014-09-16T16:12:00,0.0,,,,,,,,,,,,,,,,,,,,,,91.0,2014-09-16T21:15:00,,,,,,,,,,,,,,,,,,,,,,,,,,,,,,,,,,,,,,,,,,,,,,,,,,,,,,,,,,,,,,,,,,,,,,,,,,
2014-09-17,960.9,962.1,2014-09-17T09:11:00,959.8,2014-09-17T14:42:00,26.5,31.3,2014-09-17T13:42:00,22.6,2014-09-17T05:52:00,84,65.0,2014-09-17T13:03:00,0.4,130,4.2,289.0,2014-09-17T13:45:00,0.0,,,,,,,,,,,,,,,,,,,,,,98.0,2014-09-17T23:52:00,,,,,,,,,,,,,,,,,,,,,,,,,,,,,,,,,,,,,,,,,,,,,,,,,,,,,,,,,,,,,,,,,,,,,,,,,,
2014-09-18,958.3,961.3,2014-09-18T00:02:00,956.0,2014-09-18T15:47:00,27.8,32.9,2014-09-18T15:28:00,22.9,2014-09-18T00:52:00,66,50.0,2014-09-18T12:16:00,0.5,124,5.5,94.0,2014-09-18T08:51:00,0.0,,,,,,,,,,,,,,,,,,,,,,98.0,2014-09-18T00:05:00,,,,,,,,,,,,,,,,,,,,,,,,,,,,,,,,,,,,,,,,,,,,,,,,,,,,,,,,,,,,,,,,,,,,,,,,,,
2014-09-19,952.7,957.0,2014-09-19T00:03:00,949.7,2014-09-19T14:52:00,28.8,33.7,2014-09-19T12:37:00,25.4,2014-09-20T00:00:00,59,41.0,2014-09-19T09:44:00,0.7,122,5.8,51.0,2014-09-19T21:44:00,0.0,,,,,,,,,,,,,,,,,,,,,,73.0,2014-09-19T23:59:00,,,,,,,,,,,,,,,,,,,,,,,,,,,,,,,,,,,,,,,,,,,,,,,,,,,,,,,,,,,,,,,,,,,,,,,,,,
2014-09-20,949.0,950.9,2014-09-21T00:00:00,947.0,2014-09-20T15:51:00,26.7,31.9,2014-09-20T12:17:00,23.0,2014-09-20T05:48:00,74,58.0,2014-09-20T12:29:00,0.5,269,5.3,113.0,2014-09-20T16:12:00,0.0,,,,,,,,,,,,,,,,,,,,,,91.0,2014-09-20T23:49:00,,,,,,,,,,,,,,,,,,,,,,,,,,,,,,,,,,,,,,,,,,,,,,,,,,,,,,,,,,,,,,,,,,,,,,,,,,
2014-09-21,946.8,948.8,2014-09-21T00:01:00,945.0,2014-09-21T14:39:00,24.9,29.5,2014-09-21T09:30:00,21.5,2014-09-21T20:23:00,81,57.0,2014-09-21T12:32:00,0.6,286,6.5,138.0,2014-09-21T12:32:00,32.5,,,,,,,,,,,,,,,,,,,,,,99.0,2014-09-21T23:52:00,,,,,,,,,,,,,,,,,,,,,,,,,,,,,,,,,,,,,,,,,,,,,,,,,,,,,,,,,,,,,,,,,,,,,,,,,,
2014-09-22,953.2,955.5,2014-09-22T21:29:00,947.0,2014-09-22T00:13:00,22.9,24.9,2014-09-22T12:42:00,21.5,2014-09-22T06:48:00,97,89.0,2014-09-22T12:11:00,0.7,275,10.1,283.0,2014-09-22T06:40:00,69.0,,,,,,,,,,,,,,,,,,,,,,100.0,2014-09-22T08:34:00,,,,,,,,,,,,,,,,,,,,,,,,,,,,,,,,,,,,,,,,,,,,,,,,,,,,,,,,,,,,,,,,,,,,,,,,,,
2014-09-23,956.8,959.0,2014-09-23T23:21:00,954.9,2014-09-23T01:47:00,24.1,29.2,2014-09-23T11:59:00,21.9,2014-09-23T06:52:00,94,69.0,2014-09-23T11:59:00,0.3,25,3.9,283.0,2014-09-23T16:26:00,14.5,,,,,,,,,,,,,,,,,,,,,,100.0,2014-09-23T22:53:00,,,,,,,,,,,,,,,,,,,,,,,,,,,,,,,,,,,,,,,,,,,,,,,,,,,,,,,,,,,,,,,,,,,,,,,,,,
2014-09-24,959.8,961.3,2014-09-24T20:15:00,958.1,2014-09-24T02:56:00,23.7,28.6,2014-09-24T12:20:00,21.6,2014-09-24T21:25:00,95,73.0,2014-09-24T11:56:00,0.4,126,4.9,288.0,2014-09-24T14:02:00,59.5,,,,,,,,,,,,,,,,,,,,,,100.0,2014-09-24T00:03:00,,,,,,,,,,,,,,,,,,,,,,,,,,,,,,,,,,,,,,,,,,,,,,,,,,,,,,,,,,,,,,,,,,,,,,,,,,
2014-09-25,960.5,962.1,2014-09-25T09:43:00,959.4,2014-09-25T15:40:00,24.1,28.5,2014-09-25T11:45:00,20.9,2014-09-25T03:39:00,91,72.0,2014-09-25T13:28:00,0.3,5,3.8,285.0,2014-09-25T11:46:00,0.0,,,,,,,,,,,,,,,,,,,,,,99.0,2014-09-25T23:56:00,,,,,,,,,,,,,,,,,,,,,,,,,,,,,,,,,,,,,,,,,,,,,,,,,,,,,,,,,,,,,,,,,,,,,,,,,,
2014-09-26,960.4,961.8,2014-09-26T09:00:00,959.2,2014-09-26T14:26:00,24.6,29.1,2014-09-26T12:26:00,21.8,2014-09-26T05:59:00,88,69.0,2014-09-26T12:23:00,0.5,123,4.7,290.0,2014-09-26T12:02:00,0.0,,,,,,,,,,,,,,,,,,,,,,99.0,2014-09-26T06:52:00,,,,,,,,,,,,,,,,,,,,,,,,,,,,,,,,,,,,,,,,,,,,,,,,,,,,,,,,,,,,,,,,,,,,,,,,,,
2014-09-27,960.6,962.7,2014-09-27T08:23:00,959.5,2014-09-27T16:04:00,24.9,29.3,2014-09-27T12:52:00,21.2,2014-09-27T06:53:00,78,67.0,2014-09-27T11:56:00,0.7,135,5.1,140.0,2014-09-27T23:16:00,0.0,,,,,,,,,,,,,,,,,,,,,,96.0,2014-09-27T19:47:00,,,,,,,,,,,,,,,,,,,,,,,,,,,,,,,,,,,,,,,,,,,,,,,,,,,,,,,,,,,,,,,,,,,,,,,,,,
2014-09-28,959.6,961.1,2014-09-28T09:07:00,958.4,2014-09-28T14:50:00,24.4,28.3,2014-09-28T14:59:00,21.5,2014-09-28T06:39:00,75,65.0,2014-09-28T14:59:00,0.6,129,4.4,136.0,2014-09-28T03:21:00,0.0,,,,,,,,,,,,,,,,,,,,,,95.0,2014-09-28T20:06:00,,,,,,,,,,,,,,,,,,,,,,,,,,,,,,,,,,,,,,,,,,,,,,,,,,,,,,,,,,,,,,,,,,,,,,,,,,
2014-09-29,958.6,960.2,2014-09-29T09:36:00,957.2,2014-09-29T14:00:00,25.3,29.7,2014-09-29T14:22:00,21.9,2014-09-29T05:45:00,71,63.0,2014-09-29T09:14:00,0.9,131,6.3,127.0,2014-09-29T01:58:00,0.0,,,,,,,,,,,,,,,,,,,,,,88.0,2014-09-29T19:07:00,,,,,,,,,,,,,,,,,,,,,,,,,,,,,,,,,,,,,,,,,,,,,,,,,,,,,,,,,,,,,,,,,,,,,,,,,,
2014-09-30,959.4,961.0,2014-09-30T09:34:00,957.5,2014-09-30T15:09:00,25.3,29.9,2014-09-30T13:46:00,22.4,2014-09-30T06:50:00,70,63.0,2014-09-30T09:18:00,0.9,101,7.5,78.0,2014-09-30T20:48:00,0.0,,,,,,,,,,,,,,,,,,,,,,77.0,2014-09-30T17:31:00,,,,,,,,,,,,,,,,,,,,,,,,,,,,,,,,,,,,,,,,,,,,,,,,,,,,,,,,,,,,,,,,,,,,,,,,,,
2014-10-01,959.5,960.6,2014-10-01T08:33:00,958.1,2014-10-01T13:43:00,23.6,26.6,2014-10-01T10:03:00,20.9,2014-10-01T23:59:00,83,69.0,2014-10-01T01:29:00,0.8,79,9.4,59.0,2014-10-01T11:46:00,0.0,,,,,,,,,,,,,,,,,,,,,,95.0,2014-10-01T06:14:00,,,,,,,,,,,,,,,,,,,,,,,,,,,,,,,,,,,,,,,,,,,,,,,,,,,,,,,,,,,,,,,,,,,,,,,,,,
2014-10-02,957.8,959.3,2014-10-02T00:01:00,955.7,2014-10-02T15:02:00,23.3,27.8,2014-10-02T11:43:00,19.5,2014-10-02T22:17:00,79,66.0,2014-10-02T13:15:00,0.5,5,5.0,360.0,2014-10-02T11:18:00,0.0,,,,,,,,,,,,,,,,,,,,,,95.0,2014-10-02T00:01:00,,,,,,,,,,,,,,,,,,,,,,,,,,,,,,,,,,,,,,,,,,,,,,,,,,,,,,,,,,,,,,,,,,,,,,,,,,
2014-10-03,958.2,959.9,2014-10-03T20:15:00,956.1,2014-10-03T04:13:00,22.2,25.4,2014-10-03T10:53:00,19.8,2014-10-03T23:41:00,73,63.0,2014-10-03T10:19:00,0.6,117,6.5,132.0,2014-10-03T10:35:00,0.0,,,,,,,,,,,,,,,,,,,,,,81.0,2014-10-03T05:48:00,,,,,,,,,,,,,,,,,,,,,,,,,,,,,,,,,,,,,,,,,,,,,,,,,,,,,,,,,,,,,,,,,,,,,,,,,,
2014-10-04,959.2,960.6,2014-10-04T20:43:00,957.8,2014-10-04T14:00:00,20.3,22.6,2014-10-04T12:39:00,17.9,2014-10-04T05:49:00,73,62.0,2014-10-04T12:44:00,0.6,124,4.8,102.0,2014-10-04T11:47:00,0.0,,,,,,,,,,,,,,,,,,,,,,79.0,2014-10-04T05:51:00,,,,,,,,,,,,,,,,,,,,,,,,,,,,,,,,,,,,,,,,,,,,,,,,,,,,,,,,,,,,,,,,,,,,,,,,,,
2014-10-05,961.2,963.7,2014-10-05T21:44:00,959.3,2014-10-05T02:45:00,21.1,23.3,2014-10-05T12:58:00,19.5,2014-10-05T04:18:00,73,61.0,2014-10-05T15:52:00,0.7,119,6.2,57.0,2014-10-05T23:57:00,0.0,,,,,,,,,,,,,,,,,,,,,,87.0,2014-10-05T04:15:00,,,,,,,,,,,,,,,,,,,,,,,,,,,,,,,,,,,,,,,,,,,,,,,,,,,,,,,,,,,,,,,,,,,,,,,,,,
2014-10-06,963.8,965.2,2014-10-06T20:44:00,962.5,2014-10-06T04:07:00,20.7,22.9,2014-10-06T11:19:00,19.6,2014-10-06T23:59:00,68,56.0,2014-10-06T22:12:00,1.1,113,8.2,145.0,2014-10-06T05:29:00,0.0,,,,,,,,,,,,,,,,,,,,,,77.0,2014-10-06T00:03:00,,,,,,,,,,,,,,,,,,,,,,,,,,,,,,,,,,,,,,,,,,,,,,,,,,,,,,,,,,,,,,,,,,,,,,,,,,
2014-10-07,961.9,963.8,2014-10-07T00:27:00,959.9,2014-10-07T14:11:00,20.6,24.1,2014-10-07T09:51:00,18.5,2014-10-07T01:05:00,65,45.0,2014-10-07T09:06:00,1.1,113,10.4,24.0,2014-10-07T14:46:00,0.0,,,,,,,,,,,,,,,,,,,,,,80.0,2014-10-07T00:50:00,,,,,,,,,,,,,,,,,,,,,,,,,,,,,,,,,,,,,,,,,,,,,,,,,,,,,,,,,,,,,,,,,,,,,,,,,,
2014-10-08,959.9,961.1,2014-10-08T09:38:00,958.4,2014-10-08T15:10:00,20.6,22.1,2014-10-08T15:45:00,19.4,2014-10-08T06:11:00,74,64.0,2014-10-08T03:31:00,1.1,98,7.4,134.0,2014-10-08T21:06:00,0.0,,,,,,,,,,,,,,,,,,,,,,84.0,2014-10-08T10:22:00,,,,,,,,,,,,,,,,,,,,,,,,,,,,,,,,,,,,,,,,,,,,,,,,,,,,,,,,,,,,,,,,,,,,,,,,,,
2014-10-09,957.5,960.0,2014-10-09T00:01:00,956.4,2014-10-09T14:54:00,21.4,23.4,2014-10-09T11:38:00,20.0,2014-10-09T20:06:00,85,70.0,2014-10-09T02:56:00,0.7,111,7.0,135.0,2014-10-09T10:54:00,50.5,,,,,,,,,,,,,,,,,,,,,,99.0,2014-10-09T21:43:00,,,,,,,,,,,,,,,,,,,,,,,,,,,,,,,,,,,,,,,,,,,,,,,,,,,,,,,,,,,,,,,,,,,,,,,,,,
2014-10-10,956.5,958.3,2014-10-10T09:24:00,955.2,2014-10-10T14:28:00,21.5,25.3,2014-10-10T10:49:00,20.7,2014-10-10T03:02:00,96,78.0,2014-10-10T10:51:00,1.0,79,9.5,29.0,2014-10-10T23:29:00,63.0,,,,,,,,,,,,,,,,,,,,,,99.0,2014-10-10T04:23:00,,,,,,,,,,,,,,,,,,,,,,,,,,,,,,,,,,,,,,,,,,,,,,,,,,,,,,,,,,,,,,,,,,,,,,,,,,
2014-10-11,958.0,959.6,2014-10-11T20:56:00,956.1,2014-10-11T03:59:00,20.3,21.9,2014-10-11T00:24:00,19.1,2014-10-11T23:59:00,96,90.0,2014-10-11T00:23:00,1.1,18,8.7,324.0,2014-10-11T22:57:00,42.0,,,,,,,,,,,,,,,,,,,,,,98.0,2014-10-11T05:57:00,,,,,,,,,,,,,,,,,,,,,,,,,,,,,,,,,,,,,,,,,,,,,,,,,,,,,,,,,,,,,,,,,,,,,,,,,,
2014-10-12,959.6,961.7,2014-10-12T23:45:00,957.8,2014-10-12T03:46:00,19.9,23.8,2014-10-12T15:41:00,18.1,2014-10-12T09:26:00,89,68.0,2014-10-12T15:04:00,0.4,273,3.9,19.0,2014-10-12T00:11:00,6.5,,,,,,,,,,,,,,,,,,,,,,99.0,2014-10-12T08:41:00,,,,,,,,,,,,,,,,,,,,,,,,,,,,,,,,,,,,,,,,,,,,,,,,,,,,,,,,,,,,,,,,,,,,,,,,,,
2014-10-13,963.6,965.6,2014-10-13T23:06:00,961.5,2014-10-13T00:35:00,18.3,23.5,2014-10-13T12:10:00,15.2,2014-10-13T20:55:00,80,60.0,2014-10-13T12:11:00,0.6,27,5.5,336.0,2014-10-13T11:41:00,0.0,,,,,,,,,,,,,,,,,,,,,,96.0,2014-10-13T02:43:00,,,,,,,,,,,,,,,,,,,,,,,,,,,,,,,,,,,,,,,,,,,,,,,,,,,,,,,,,,,,,,,,,,,,,,,,,,
2014-10-14,965.0,966.2,2014-10-14T08:39:00,963.2,2014-10-14T14:47:00,17.8,22.0,2014-10-14T12:42:00,14.8,2014-10-14T03:29:00,74,62.0,2014-10-14T13:37:00,0.8,33,7.0,48.0,2014-10-14T10:14:00,0.0,,,,,,,,,,,,,,,,,,,,,,88.0,2014-10-14T19:19:00,,,,,,,,,,,,,,,,,,,,,,,,,,,,,,,,,,,,,,,,,,,,,,,,,,,,,,,,,,,,,,,,,,,,,,,,,,
2014-10-15,964.5,966.1,2014-10-15T08:28:00,962.7,2014-10-15T14:40:00,18.1,22.2,2014-10-15T12:36:00,14.3,2014-10-15T06:31:00,70,57.0,2014-10-15T12:37:00,0.8,44,6.8,53.0,2014-10-15T14:50:00,0.0,,,,,,,,,,,,,,,,,,,,,,89.0,2014-10-15T19:32:00,,,,,,,,,,,,,,,,,,,,,,,,,,,,,,,,,,,,,,,,,,,,,,,,,,,,,,,,,,,,,,,,,,,,,,,,,,
2014-10-16,965.1,966.6,2014-10-16T08:50:00,963.0,2014-10-16T14:18:00,18.4,22.9,2014-10-16T12:16:00,14.1,2014-10-16T06:51:00,61,51.0,2014-10-16T14:13:00,0.8,60,7.6,90.0,2014-10-16T13:16:00,0.0,,,,,,,,,,,,,,,,,,,,,,77.0,2014-10-16T22:48:00,,,,,,,,,,,,,,,,,,,,,,,,,,,,,,,,,,,,,,,,,,,,,,,,,,,,,,,,,,,,,,,,,,,,,,,,,,
2014-10-17,963.6,965.5,2014-10-17T00:02:00,961.8,2014-10-17T14:38:00,21.2,26.5,2014-10-17T10:26:00,17.2,2014-10-17T05:14:00,67,49.0,2014-10-17T10:27:00,0.8,80,5.7,126.0,2014-10-17T04:02:00,0.0,,,,,,,,,,,,,,,,,,,,,,87.0,2014-10-17T23:42:00,,,,,,,,,,,,,,,,,,,,,,,,,,,,,,,,,,,,,,,,,,,,,,,,,,,,,,,,,,,,,,,,,,,,,,,,,,
2014-10-18,962.8,964.2,2014-10-18T08:54:00,961.0,2014-10-18T15:01:00,22.3,26.9,2014-10-18T12:45:00,18.7,2014-10-18T00:43:00,67,53.0,2014-10-18T12:54:00,0.8,129,5.0,101.0,2014-10-18T22:32:00,0.0,,,,,,,,,,,,,,,,,,,,,,88.0,2014-10-18T00:43:00,,,,,,,,,,,,,,,,,,,,,,,,,,,,,,,,,,,,,,,,,,,,,,,,,,,,,,,,,,,,,,,,,,,,,,,,,,
2014-10-19,962.7,963.9,2014-10-19T09:20:00,961.1,2014-10-19T14:51:00,22.3,27.4,2014-10-19T13:03:00,18.3,2014-10-19T06:54:00,69,54.0,2014-10-19T09:29:00,0.8,127,5.5,147.0,2014-10-19T06:36:00,0.0,,,,,,,,,,,,,,,,,,,,,,90.0,2014-10-19T19:32:00,,,,,,,,,,,,,,,,,,,,,,,,,,,,,,,,,,,,,,,,,,,,,,,,,,,,,,,,,,,,,,,,,,,,,,,,,,
2014-10-20,962.0,963.4,2014-10-21T00:00:00,960.1,2014-10-20T14:32:00,23.8,28.5,2014-10-20T13:48:00,20.6,2014-10-20T04:14:00,74,55.0,2014-10-20T09:25:00,0.9,131,5.9,124.0,2014-10-20T02:40:00,0.0,,,,,,,,,,,,,,,,,,,,,,95.0,2014-10-20T20:14:00,,,,,,,,,,,,,,,,,,,,,,,,,,,,,,,,,,,,,,,,,,,,,,,,,,,,,,,,,,,,,,,,,,,,,,,,,,
2014-10-21,962.4,964.1,2014-10-21T09:40:00,961.4,2014-10-21T14:49:00,24.5,29.1,2014-10-21T14:00:00,21.3,2014-10-21T20:48:00,69,52.0,2014-10-21T14:11:00,1.0,125,4.9,77.0,2014-10-21T05:16:00,0.0,,,,,,,,,,,,,,,,,,,,,,85.0,2014-10-21T20:52:00,,,,,,,,,,,,,,,,,,,,,,,,,,,,,,,,,,,,,,,,,,,,,,,,,,,,,,,,,,,,,,,,,,,,,,,,,,
2014-10-22,963.9,965.8,2014-10-22T21:00:00,961.5,2014-10-22T02:34:00,20.8,27.0,2014-10-22T09:52:00,18.7,2014-10-22T23:40:00,82,66.0,2014-10-22T09:51:00,0.9,89,6.5,35.0,2014-10-22T12:26:00,0.0,,,,,,,,,,,,,,,,,,,,,,91.0,2014-10-22T12:24:00,,,,,,,,,,,,,,,,,,,,,,,,,,,,,,,,,,,,,,,,,,,,,,,,,,,,,,,,,,,,,,,,,,,,,,,,,,
2014-10-23,963.1,964.7,2014-10-23T00:01:00,961.7,2014-10-23T15:19:00,19.8,22.5,2014-10-23T14:33:00,17.8,2014-10-23T20:31:00,77,69.0,2014-10-23T14:51:00,0.8,116,5.7,115.0,2014-10-23T00:06:00,0.0,,,,,,,,,,,,,,,,,,,,,,88.0,2014-10-23T20:57:00,,,,,,,,,,,,,,,,,,,,,,,,,,,,,,,,,,,,,,,,,,,,,,,,,,,,,,,,,,,,,,,,,,,,,,,,,,
2014-10-24,962.8,964.4,2014-10-24T09:18:00,961.4,2014-10-24T03:22:00,21.4,25.7,2014-10-24T12:32:00,18.4,2014-10-24T23:53:00,80,70.0,2014-10-24T10:45:00,0.6,125,4.5,280.0,2014-10-24T11:17:00,0.0,,,,,,,,,,,,,,,,,,,,,,96.0,2014-10-24T23:58:00,,,,,,,,,,,,,,,,,,,,,,,,,,,,,,,,,,,,,,,,,,,,,,,,,,,,,,,,,,,,,,,,,,,,,,,,,,
2014-10-25,963.5,964.8,2014-10-25T20:46:00,961.9,2014-10-25T04:02:00,22.2,26.3,2014-10-25T13:53:00,18.5,2014-10-26T00:00:00,80,66.0,2014-10-25T09:35:00,0.8,127,4.3,117.0,2014-10-25T02:55:00,0.0,,,,,,,,,,,,,,,,,,,,,,97.0,2014-10-25T21:04:00,,,,,,,,,,,,,,,,,,,,,,,,,,,,,,,,,,,,,,,,,,,,,,,,,,,,,,,,,,,,,,,,,,,,,,,,,,
2014-10-26,963.9,965.2,2014-10-26T09:07:00,962.8,2014-10-26T03:09:00,22.9,27.5,2014-10-26T12:47:00,19.5,2014-10-26T04:26:00,80,64.0,2014-10-26T12:47:00,0.6,128,4.7,123.0,2014-10-26T21:15:00,0.0,,,,,,,,,,,,,,,,,,,,,,96.0,2014-10-26T19:19:00,,,,,,,,,,,,,,,,,,,,,,,,,,,,,,,,,,,,,,,,,,,,,,,,,,,,,,,,,,,,,,,,,,,,,,,,,,
2014-10-27,964.5,966.3,2014-10-27T22:22:00,962.5,2014-10-27T03:30:00,21.0,24.6,2014-10-27T08:55:00,18.7,2014-10-27T05:49:00,75,62.0,2014-10-27T16:16:00,0.9,95,8.3,134.0,2014-10-27T13:01:00,0.0,,,,,,,,,,,,,,,,,,,,,,89.0,2014-10-27T01:36:00,,,,,,,,,,,,,,,,,,,,,,,,,,,,,,,,,,,,,,,,,,,,,,,,,,,,,,,,,,,,,,,,,,,,,,,,,,
2014-10-28,964.2,965.8,2014-10-28T08:19:00,962.2,2014-10-28T14:11:00,21.9,25.6,2014-10-28T12:18:00,18.2,2014-10-28T05:07:00,66,52.0,2014-10-28T10:16:00,0.9,125,4.7,108.0,2014-10-28T23:15:00,0.0,,,,,,,,,,,,,,,,,,,,,,81.0,2014-10-28T05:11:00,,,,,,,,,,,,,,,,,,,,,,,,,,,,,,,,,,,,,,,,,,,,,,,,,,,,,,,,,,,,,,,,,,,,,,,,,,
2014-10-29,963.8,965.4,2014-10-29T09:59:00,962.5,2014-10-29T14:55:00,23.1,27.6,2014-10-29T14:19:00,20.0,2014-10-29T06:22:00,66,59.0,2014-10-29T15:30:00,0.9,126,6.1,147.0,2014-10-29T06:31:00,0.0,,,,,,,,,,,,,,,,,,,,,,72.0,2014-10-29T06:21:00,,,,,,,,,,,,,,,,,,,,,,,,,,,,,,,,,,,,,,,,,,,,,,,,,,,,,,,,,,,,,,,,,,,,,,,,,,
2014-10-30,962.7,964.1,2014-10-30T09:41:00,960.9,2014-10-30T15:17:00,22.8,27.6,2014-10-30T14:02:00,19.6,2014-10-30T20:50:00,69,55.0,2014-10-30T09:58:00,0.9,125,5.5,151.0,2014-10-30T05:48:00,0.0,,,,,,,,,,,,,,,,,,,,,,90.0,2014-10-30T20:42:00,,,,,,,,,,,,,,,,,,,,,,,,,,,,,,,,,,,,,,,,,,,,,,,,,,,,,,,,,,,,,,,,,,,,,,,,,,
2014-10-31,961.0,962.7,2014-10-31T09:14:00,959.7,2014-10-31T23:30:00,21.8,26.9,2014-10-31T13:18:00,18.3,2014-10-31T23:31:00,79,64.0,2014-10-31T13:22:00,0.8,129,4.5,118.0,2014-10-31T03:48:00,0.0,,,,,,,,,,,,,,,,,,,,,,96.0,2014-10-31T20:03:00,,,,,,,,,,,,,,,,,,,,,,,,,,,,,,,,,,,,,,,,,,,,,,,,,,,,,,,,,,,,,,,,,,,,,,,,,,
2014-11-01,960.1,961.6,2014-11-01T08:23:00,958.2,2014-11-01T14:36:00,21.5,26.4,2014-11-01T12:20:00,17.5,2014-11-01T01:43:00,79,60.0,2014-11-01T09:25:00,0.6,143,4.2,108.0,2014-11-01T17:02:00,0.0,,,,,,,,,,,,,,,,,,,,,,97.0,2014-11-01T23:49:00,,,,,,,,,,,,,,,,,,,,,,,,,,,,,,,,,,,,,,,,,,,,,,,,,,,,,,,,,,,,,,,,,,,,,,,,,,
2014-11-02,962.7,965.5,2014-11-02T20:52:00,959.8,2014-11-02T02:33:00,19.0,21.7,2014-11-02T08:14:00,15.7,2014-11-02T23:46:00,89,73.0,2014-11-02T08:14:00,0.7,87,8.3,36.0,2014-11-02T20:01:00,5.5,,,,,,,,,,,,,,,,,,,,,,98.0,2014-11-02T10:50:00,,,,,,,,,,,,,,,,,,,,,,,,,,,,,,,,,,,,,,,,,,,,,,,,,,,,,,,,,,,,,,,,,,,,,,,,,,
2014-11-03,964.5,966.1,2014-11-03T08:36:00,963.3,2014-11-03T14:33:00,16.2,17.2,2014-11-03T21:33:00,15.3,2014-11-03T06:00:00,77,61.0,2014-11-03T21:01:00,1.2,122,10.8,94.0,2014-11-03T18:40:00,0.0,,,,,,,,,,,,,,,,,,,,,,89.0,2014-11-03T00:03:00,,,,,,,,,,,,,,,,,,,,,,,,,,,,,,,,,,,,,,,,,,,,,,,,,,,,,,,,,,,,,,,,,,,,,,,,,,
2014-11-04,963.7,965.4,2014-11-04T09:30:00,962.4,2014-11-04T15:12:00,17.3,19.1,2014-11-04T13:16:00,16.0,2014-11-04T02:32:00,70,64.0,2014-11-04T03:30:00,0.7,101,4.9,332.0,2014-11-04T14:08:00,0.0,,,,,,,,,,,,,,,,,,,,,,75.0,2014-11-04T15:52:00,,,,,,,,,,,,,,,,,,,,,,,,,,,,,,,,,,,,,,,,,,,,,,,,,,,,,,,,,,,,,,,,,,,,,,,,,,
2014-11-05,963.9,965.6,2014-11-05T08:57:00,962.1,2014-11-05T15:12:00,18.0,23.3,2014-11-05T12:42:00,15.2,2014-11-05T06:05:00,78,62.0,2014-11-05T14:11:00,0.5,88,4.1,283.0,2014-11-05T11:27:00,0.0,,,,,,,,,,,,,,,,,,,,,,94.0,2014-11-05T23:20:00,,,,,,,,,,,,,,,,,,,,,,,,,,,,,,,,,,,,,,,,,,,,,,,,,,,,,,,,,,,,,,,,,,,,,,,,,,
2014-11-06,964.4,966.1,2014-11-06T21:00:00,962.5,2014-11-06T02:23:00,19.0,24.0,2014-11-06T10:55:00,15.4,2014-11-06T05:05:00,77,56.0,2014-11-06T10:55:00,0.7,111,5.8,103.0,2014-11-06T19:13:00,0.0,,,,,,,,,,,,,,,,,,,,,,95.0,2014-11-06T05:08:00,,,,,,,,,,,,,,,,,,,,,,,,,,,,,,,,,,,,,,,,,,,,,,,,,,,,,,,,,,,,,,,,,,,,,,,,,,
2014-11-07,964.8,967.0,2014-11-07T08:44:00,963.3,2014-11-07T14:22:00,19.7,22.9,2014-11-07T13:14:00,17.4,2014-11-07T05:24:00,66,56.0,2014-11-07T11:10:00,1.2,117,8.5,135.0,2014-11-07T14:21:00,0.0,,,,,,,,,,,,,,,,,,,,,,79.0,2014-11-07T03:59:00,,,,,,,,,,,,,,,,,,,,,,,,,,,,,,,,,,,,,,,,,,,,,,,,,,,,,,,,,,,,,,,,,,,,,,,,,,
2014-11-08,964.3,966.0,2014-11-08T22:05:00,963.2,2014-11-08T13:04:00,20.6,23.7,2014-11-08T13:35:00,18.9,2014-11-08T23:38:00,77,63.0,2014-11-08T02:44:00,0.6,126,3.1,335.0,2014-11-08T11:11:00,4.0,,,,,,,,,,,,,,,,,,,,,,98.0,2014-11-08T23:59:00,,,,,,,,,,,,,,,,,,,,,,,,,,,,,,,,,,,,,,,,,,,,,,,,,,,,,,,,,,,,,,,,,,,,,,,,,,
2014-11-09,965.2,967.5,2014-11-09T08:34:00,963.7,2014-11-09T23:53:00,18.8,21.8,2014-11-09T10:04:00,17.5,2014-11-09T18:09:00,94,81.0,2014-11-09T23:11:00,0.6,25,8.1,64.0,2014-11-09T18:36:00,3.0,,,,,,,,,,,,,,,,,,,,,,99.0,2014-11-09T03:24:00,,,,,,,,,,,,,,,,,,,,,,,,,,,,,,,,,,,,,,,,,,,,,,,,,,,,,,,,,,,,,,,,,,,,,,,,,,
2014-11-10,963.5,965.4,2014-11-10T08:10:00,961.7,2014-11-10T14:12:00,19.1,23.2,2014-11-10T12:56:00,16.3,2014-11-10T23:59:00,79,66.0,2014-11-10T09:10:00,0.8,107,5.2,342.0,2014-11-10T12:56:00,0.0,,,,,,,,,,,,,,,,,,,,,,91.0,2014-11-10T02:09:00,,,,,,,,,,,,,,,,,,,,,,,,,,,,,,,,,,,,,,,,,,,,,,,,,,,,,,,,,,,,,,,,,,,,,,,,,,
2014-11-11,962.9,964.1,2014-11-11T08:18:00,961.3,2014-11-11T14:38:00,18.5,22.9,2014-11-11T10:40:00,15.8,2014-11-11T06:10:00,85,67.0,2014-11-11T10:44:00,0.4,124,3.9,328.0,2014-11-11T11:02:00,0.0,,,,,,,,,,,,,,,,,,,,,,98.0,2014-11-11T22:33:00,,,,,,,,,,,,,,,,,,,,,,,,,,,,,,,,,,,,,,,,,,,,,,,,,,,,,,,,,,,,,,,,,,,,,,,,,,
2014-11-12,964.4,966.0,2014-11-12T21:53:00,962.8,2014-11-12T03:48:00,17.5,20.4,2014-11-12T10:44:00,15.9,2014-11-12T00:05:00,89,77.0,2014-11-12T22:53:00,0.7,37,5.9,147.0,2014-11-12T23:15:00,0.0,,,,,,,,,,,,,,,,,,,,,,98.0,2014-11-12T00:13:00,,,,,,,,,,,,,,,,,,,,,,,,,,,,,,,,,,,,,,,,,,,,,,,,,,,,,,,,,,,,,,,,,,,,,,,,,,
2014-11-13,966.3,968.9,2014-11-13T08:06:00,964.6,2014-11-13T15:28:00,15.4,17.2,2014-11-13T00:12:00,13.7,2014-11-13T09:44:00,88,73.0,2014-11-13T16:51:00,0.9,110,6.2,129.0,2014-11-13T14:31:00,22.0,,,,,,,,,,,,,,,,,,,,,,98.0,2014-11-13T09:54:00,,,,,,,,,,,,,,,,,,,,,,,,,,,,,,,,,,,,,,,,,,,,,,,,,,,,,,,,,,,,,,,,,,,,,,,,,,
2014-11-14,966.0,967.4,2014-11-14T21:33:00,964.2,2014-11-14T04:10:00,17.7,19.9,2014-11-14T11:53:00,15.6,2014-11-15T00:00:00,76,67.0,2014-11-14T23:33:00,1.1,57,9.8,129.0,2014-11-14T23:05:00,0.0,,,,,,,,,,,,,,,,,,,,,,90.0,2014-11-14T17:36:00,,,,,,,,,,,,,,,,,,,,,,,,,,,,,,,,,,,,,,,,,,,,,,,,,,,,,,,,,,,,,,,,,,,,,,,,,,
2014-11-15,965.9,968.0,2014-11-15T07:36:00,963.7,2014-11-15T15:28:00,19.5,21.8,2014-11-15T10:34:00,16.7,2014-11-15T23:15:00,74,62.0,2014-11-15T11:59:00,1.1,127,10.0,133.0,2014-11-15T05:50:00,1.5,,,,,,,,,,,,,,,,,,,,,,97.0,2014-11-15T23:16:00,,,,,,,,,,,,,,,,,,,,,,,,,,,,,,,,,,,,,,,,,,,,,,,,,,,,,,,,,,,,,,,,,,,,,,,,,,
2014-11-16,963.9,966.4,2014-11-16T00:02:00,961.2,2014-11-16T15:04:00,19.8,24.1,2014-11-16T14:24:00,15.2,2014-11-16T05:52:00,82,69.0,2014-11-16T09:29:00,0.8,7,4.9,342.0,2014-11-16T11:25:00,0.0,,,,,,,,,,,,,,,,,,,,,,96.0,2014-11-16T00:10:00,,,,,,,,,,,,,,,,,,,,,,,,,,,,,,,,,,,,,,,,,,,,,,,,,,,,,,,,,,,,,,,,,,,,,,,,,,
2014-11-17,966.0,969.0,2014-11-17T22:05:00,963.3,2014-11-17T02:19:00,16.5,18.7,2014-11-17T00:01:00,13.6,2014-11-17T23:57:00,95,93.0,2014-11-17T14:54:00,1.3,65,8.6,25.0,2014-11-17T14:24:00,52.0,,,,,,,,,,,,,,,,,,,,,,98.0,2014-11-17T03:12:00,,,,,,,,,,,,,,,,,,,,,,,,,,,,,,,,,,,,,,,,,,,,,,,,,,,,,,,,,,,,,,,,,,,,,,,,,,
2014-11-18,968.2,969.3,2014-11-18T19:31:00,966.4,2014-11-18T13:32:00,15.1,16.8,2014-11-18T13:26:00,14.9,2014-11-18T21:05:00,84,74.0,2014-11-18T23:20:00,1.3,107,7.8,40.0,2014-11-18T22:53:00,1.0,,,,,,,,,,,,,,,,,,,,,,82.0,2014-11-18T16:22:00,,,,,,,,,,,,,,,,,,,,,,,,,,,,,,,,,,,,,,,,,,,,,,,,,,,,,,,,,,,,,,,,,,,,,,,,,,
2014-11-19,965.8,968.4,2014-11-19T00:07:00,963.7,2014-11-19T14:40:00,17.6,22.5,2014-11-19T11:29:00,15.0,2014-11-19T02:25:00,73,57.0,2014-11-19T11:29:00,0.6,129,6.2,82.0,2014-11-19T00:19:00,0.0,,,,,,,,,,,,,,,,,,,,,,91.0,2014-11-19T23:24:00,,,,,,,,,,,,,,,,,,,,,,,,,,,,,,,,,,,,,,,,,,,,,,,,,,,,,,,,,,,,,,,,,,,,,,,,,,
2014-11-20,964.0,965.3,2014-11-21T00:00:00,962.5,2014-11-20T14:42:00,18.6,23.5,2014-11-20T13:10:00,15.2,2014-11-20T04:34:00,77,64.0,2014-11-20T12:19:00,0.6,125,4.9,329.0,2014-11-20T11:36:00,0.0,,,,,,,,,,,,,,,,,,,,,,88.0,2014-11-20T00:27:00,,,,,,,,,,,,,,,,,,,,,,,,,,,,,,,,,,,,,,,,,,,,,,,,,,,,,,,,,,,,,,,,,,,,,,,,,,
2014-11-21,963.6,965.5,2014-11-21T09:39:00,962.1,2014-11-21T15:02:00,19.3,24.3,2014-11-21T13:33:00,16.4,2014-11-21T06:50:00,74,53.0,2014-11-21T10:31:00,0.9,127,5.7,120.0,2014-11-21T02:46:00,0.0,,,,,,,,,,,,,,,,,,,,,,97.0,2014-11-21T20:01:00,,,,,,,,,,,,,,,,,,,,,,,,,,,,,,,,,,,,,,,,,,,,,,,,,,,,,,,,,,,,,,,,,,,,,,,,,,
2014-11-22,962.5,964.6,2014-11-22T09:14:00,960.1,2014-11-22T14:34:00,21.4,26.9,2014-11-22T13:39:00,17.9,2014-11-22T05:20:00,59,42.0,2014-11-22T13:46:00,1.0,130,4.4,151.0,2014-11-22T04:20:00,0.0,,,,,,,,,,,,,,,,,,,,,,76.0,2014-11-22T00:04:00,,,,,,,,,,,,,,,,,,,,,,,,,,,,,,,,,,,,,,,,,,,,,,,,,,,,,,,,,,,,,,,,,,,,,,,,,,
2014-11-23,963.2,964.7,2014-11-23T09:17:00,961.9,2014-11-23T15:01:00,20.4,25.1,2014-11-23T13:52:00,16.5,2014-11-23T22:39:00,69,52.0,2014-11-23T09:49:00,0.6,129,4.9,135.0,2014-11-23T05:26:00,0.0,,,,,,,,,,,,,,,,,,,,,,94.0,2014-11-23T19:45:00,,,,,,,,,,,,,,,,,,,,,,,,,,,,,,,,,,,,,,,,,,,,,,,,,,,,,,,,,,,,,,,,,,,,,,,,,,
2014-11-24,962.1,964.1,2014-11-24T08:08:00,960.5,2014-11-24T14:13:00,20.3,25.6,2014-11-24T13:48:00,16.8,2014-11-24T07:03:00,67,48.0,2014-11-24T10:10:00,0.8,128,4.3,144.0,2014-11-24T06:06:00,0.0,,,,,,,,,,,,,,,,,,,,,,95.0,2014-11-24T19:13:00,,,,,,,,,,,,,,,,,,,,,,,,,,,,,,,,,,,,,,,,,,,,,,,,,,,,,,,,,,,,,,,,,,,,,,,,,,
2014-11-25,960.5,962.3,2014-11-25T08:46:00,958.8,2014-11-25T14:28:00,19.4,24.0,2014-11-25T13:41:00,15.7,2014-11-26T00:00:00,69,52.0,2014-11-25T00:53:00,0.6,127,4.7,115.0,2014-11-25T00:58:00,0.0,,,,,,,,,,,,,,,,,,,,,,96.0,2014-11-25T18:54:00,,,,,,,,,,,,,,,,,,,,,,,,,,,,,,,,,,,,,,,,,,,,,,,,,,,,,,,,,,,,,,,,,,,,,,,,,,
2014-11-26,961.3,962.9,2014-11-26T09:22:00,960.1,2014-11-26T15:31:00,19.5,22.7,2014-11-26T13:54:00,14.5,2014-11-26T00:59:00,70,56.0,2014-11-26T09:29:00,0.9,122,5.9,18.0,2014-11-26T15:02:00,0.0,,,,,,,,,,,,,,,,,,,,,,87.0,2014-11-26T01:13:00,,,,,,,,,,,,,,,,,,,,,,,,,,,,,,,,,,,,,,,,,,,,,,,,,,,,,,,,,,,,,,,,,,,,,,,,,,
2014-11-27,961.8,963.4,2014-11-27T09:03:00,960.3,2014-11-27T15:55:00,21.6,24.8,2014-11-27T13:22:00,19.7,2014-11-27T06:22:00,78,63.0,2014-11-27T08:46:00,0.8,130,6.4,166.0,2014-11-27T05:51:00,0.0,,,,,,,,,,,,,,,,,,,,,,98.0,2014-11-27T18:28:00,,,,,,,,,,,,,,,,,,,,,,,,,,,,,,,,,,,,,,,,,,,,,,,,,,,,,,,,,,,,,,,,,,,,,,,,,,
2014-11-28,962.4,963.9,2014-11-28T09:41:00,961.5,2014-11-28T13:40:00,22.1,26.6,2014-11-28T11:22:00,18.7,2014-11-28T03:42:00,77,57.0,2014-11-28T11:22:00,0.7,128,6.0,130.0,2014-11-28T08:01:00,0.0,,,,,,,,,,,,,,,,,,,,,,98.0,2014-11-28T17:37:00,,,,,,,,,,,,,,,,,,,,,,,,,,,,,,,,,,,,,,,,,,,,,,,,,,,,,,,,,,,,,,,,,,,,,,,,,,
2014-11-29,961.1,962.7,2014-11-29T08:56:00,959.3,2014-11-29T14:31:00,22.7,27.1,2014-11-29T13:47:00,20.0,2014-11-29T23:59:00,83,68.0,2014-11-29T08:59:00,0.5,137,4.3,126.0,2014-11-29T06:28:00,0.0,,,,,,,,,,,,,,,,,,,,,,99.0,2014-11-29T21:02:00,,,,,,,,,,,,,,,,,,,,,,,,,,,,,,,,,,,,,,,,,,,,,,,,,,,,,,,,,,,,,,,,,,,,,,,,,,
2014-11-30,960.7,962.2,2014-11-30T09:02:00,958.7,2014-11-30T15:08:00,21.6,25.5,2014-11-30T12:37:00,19.2,2014-11-30T06:13:00,90,74.0,2014-11-30T12:38:00,0.3,292,3.6,341.0,2014-11-30T14:01:00,0.0,,,,,,,,,,,,,,,,,,,,,,99.0,2014-12-01T00:00:00,,,,,,,,,,,,,,,,,,,,,,,,,,,,,,,,,,,,,,,,,,,,,,,,,,,,,,,,,,,,,,,,,,,,,,,,,,
2014-12-01,964.6,967.7,2014-12-01T22:25:00,961.8,2014-12-01T02:15:00,14.6,21.8,2014-12-01T00:16:00,10.7,2014-12-01T22:57:00,91,78.0,2014-12-01T12:00:00,1.2,93,10.3,50.0,2014-12-01T10:54:00,24.5,,,,,,,,,,,,,,,,,,,,,,99.0,2014-12-01T02:33:00,,,,,,,,,,,,,,,,,,,,,,,,,,,,,,,,,,,,,,,,,,,,,,,,,,,,,,,,,,,,,,,,,,,,,,,,,,
2014-12-02,965.7,968.0,2014-12-02T09:22:00,963.7,2014-12-02T15:12:00,13.5,15.7,2014-12-02T23:54:00,10.1,2014-12-02T04:10:00,77,67.0,2014-12-02T20:05:00,1.0,130,7.9,15.0,2014-12-02T03:56:00,1.5,,,,,,,,,,,,,,,,,,,,,,93.0,2014-12-02T03:26:00,,,,,,,,,,,,,,,,,,,,,,,,,,,,,,,,,,,,,,,,,,,,,,,,,,,,,,,,,,,,,,,,,,,,,,,,,,
2014-12-03,963.6,965.4,2014-12-03T05:28:00,960.9,2014-12-03T18:18:00,17.8,21.1,2014-12-03T13:54:00,15.4,2014-12-03T00:43:00,78,61.0,2014-12-03T10:16:00,0.7,130,4.9,103.0,2014-12-03T01:50:00,0.0,,,,,,,,,,,,,,,,,,,,,,98.0,2014-12-03T23:35:00,,,,,,,,,,,,,,,,,,,,,,,,,,,,,,,,,,,,,,,,,,,,,,,,,,,,,,,,,,,,,,,,,,,,,,,,,,
2014-12-04,967.7,970.5,2014-12-04T09:44:00,963.1,2014-12-04T00:22:00,11.2,16.6,2014-12-04T00:28:00,8.4,2014-12-04T17:49:00,92,74.0,2014-12-04T21:52:00,0.8,116,10.0,336.0,2014-12-04T03:04:00,32.5,,,,,,,,,,,,,,,,,,,,,,99.0,2014-12-04T02:18:00,,,,,,,,,,,,,,,,,,,,,,,,,,,,,,,,,,,,,,,,,,,,,,,,,,,,,,,,,,,,,,,,,,,,,,,,,,
2014-12-05,967.9,969.7,2014-12-05T07:48:00,966.0,2014-12-05T15:12:00,10.5,13.4,2014-12-05T11:13:00,8.2,2014-12-05T18:42:00,71,61.0,2014-12-05T13:35:00,1.0,107,8.6,43.0,2014-12-05T11:25:00,0.0,,,,,,,,,,,,,,,,,,,,,,88.0,2014-12-05T18:43:00,,,,,,,,,,,,,,,,,,,,,,,,,,,,,,,,,,,,,,,,,,,,,,,,,,,,,,,,,,,,,,,,,,,,,,,,,,
2014-12-06,966.1,967.9,2014-12-06T07:13:00,963.8,2014-12-06T13:37:00,12.9,17.8,2014-12-06T12:32:00,8.3,2014-12-06T04:56:00,63,41.0,2014-12-06T10:57:00,0.6,123,5.9,86.0,2014-12-06T14:58:00,0.0,,,,,,,,,,,,,,,,,,,,,,79.0,2014-12-06T06:49:00,,,,,,,,,,,,,,,,,,,,,,,,,,,,,,,,,,,,,,,,,,,,,,,,,,,,,,,,,,,,,,,,,,,,,,,,,,
2014-12-07,964.9,966.7,2014-12-07T09:16:00,962.8,2014-12-07T15:48:00,16.4,22.0,2014-12-07T13:46:00,13.1,2014-12-07T06:06:00,64,47.0,2014-12-07T12:03:00,0.7,130,4.1,123.0,2014-12-07T02:34:00,0.0,,,,,,,,,,,,,,,,,,,,,,75.0,2014-12-07T22:43:00,,,,,,,,,,,,,,,,,,,,,,,,,,,,,,,,,,,,,,,,,,,,,,,,,,,,,,,,,,,,,,,,,,,,,,,,,,
2014-12-08,966.6,968.3,2014-12-08T19:21:00,964.7,2014-12-08T00:54:00,15.4,17.8,2014-12-08T12:08:00,13.0,2014-12-08T03:20:00,82,69.0,2014-12-09T00:00:00,1.3,66,9.3,58.0,2014-12-08T12:56:00,0.0,,,,,,,,,,,,,,,,,,,,,,92.0,2014-12-08T09:22:00,,,,,,,,,,,,,,,,,,,,,,,,,,,,,,,,,,,,,,,,,,,,,,,,,,,,,,,,,,,,,,,,,,,,,,,,,,
2014-12-09,966.6,968.5,2014-12-09T08:47:00,964.7,2014-12-09T14:24:00,17.5,20.8,2014-12-09T12:47:00,14.9,2014-12-09T02:10:00,77,60.0,2014-12-09T12:28:00,1.2,116,11.0,133.0,2014-12-09T12:02:00,0.0,,,,,,,,,,,,,,,,,,,,,,90.0,2014-12-09T19:42:00,,,,,,,,,,,,,,,,,,,,,,,,,,,,,,,,,,,,,,,,,,,,,,,,,,,,,,,,,,,,,,,,,,,,,,,,,,
2014-12-10,964.9,966.7,2014-12-10T08:16:00,962.5,2014-12-10T14:56:00,17.6,21.3,2014-12-10T12:19:00,15.4,2014-12-10T06:29:00,93,72.0,2014-12-10T11:13:00,0.3,288,4.4,287.0,2014-12-10T11:06:00,1.0,,,,,,,,,,,,,,,,,,,,,,99.0,2014-12-10T21:45:00,,,,,,,,,,,,,,,,,,,,,,,,,,,,,,,,,,,,,,,,,,,,,,,,,,,,,,,,,,,,,,,,,,,,,,,,,,
2014-12-11,966.0,968.2,2014-12-11T21:43:00,964.2,2014-12-11T15:29:00,14.7,17.2,2014-12-12T00:00:00,12.2,2014-12-11T23:45:00,93,85.0,2014-12-11T10:37:00,1.0,65,7.7,28.0,2014-12-11T10:10:00,4.5,,,,,,,,,,,,,,,,,,,,,,99.0,2014-12-11T02:21:00,,,,,,,,,,,,,,,,,,,,,,,,,,,,,,,,,,,,,,,,,,,,,,,,,,,,,,,,,,,,,,,,,,,,,,,,,,
2014-12-12,969.9,972.3,2014-12-12T21:38:00,967.4,2014-12-12T00:28:00,10.2,12.4,2014-12-12T00:01:00,8.3,2014-12-12T16:48:00,91,75.0,2014-12-12T22:49:00,1.0,60,8.4,136.0,2014-12-12T22:46:00,6.0,,,,,,,,,,,,,,,,,,,,,,97.0,2014-12-12T03:48:00,,,,,,,,,,,,,,,,,,,,,,,,,,,,,,,,,,,,,,,,,,,,,,,,,,,,,,,,,,,,,,,,,,,,,,,,,,
2014-12-13,970.4,972.4,2014-12-13T07:20:00,968.5,2014-12-13T13:30:00,10.6,12.8,2014-12-13T11:53:00,9.3,2014-12-13T06:56:00,73,65.0,2014-12-13T11:58:00,1.1,89,8.2,118.0,2014-12-13T02:59:00,0.0,,,,,,,,,,,,,,,,,,,,,,80.0,2014-12-13T00:55:00,,,,,,,,,,,,,,,,,,,,,,,,,,,,,,,,,,,,,,,,,,,,,,,,,,,,,,,,,,,,,,,,,,,,,,,,,,
2014-12-14,968.0,970.4,2014-12-14T08:43:00,965.9,2014-12-14T15:25:00,14.4,15.9,2014-12-14T13:46:00,11.7,2014-12-14T04:09:00,68,63.0,2014-12-14T11:36:00,0.7,124,5.3,128.0,2014-12-14T23:29:00,0.0,,,,,,,,,,,,,,,,,,,,,,80.0,2014-12-14T04:07:00,,,,,,,,,,,,,,,,,,,,,,,,,,,,,,,,,,,,,,,,,,,,,,,,,,,,,,,,,,,,,,,,,,,,,,,,,,
2014-12-15,966.8,968.3,2014-12-15T08:25:00,964.7,2014-12-15T15:04:00,15.9,19.9,2014-12-15T12:49:00,13.8,2014-12-15T06:24:00,81,67.0,2014-12-15T09:53:00,0.5,122,4.2,285.0,2014-12-15T12:55:00,0.0,,,,,,,,,,,,,,,,,,,,,,98.0,2014-12-15T22:59:00,,,,,,,,,,,,,,,,,,,,,,,,,,,,,,,,,,,,,,,,,,,,,,,,,,,,,,,,,,,,,,,,,,,,,,,,,,
2014-12-16,970.8,973.2,2014-12-16T23:41:00,967.6,2014-12-16T03:12:00,10.3,14.8,2014-12-17T00:00:00,8.1,2014-12-16T22:28:00,86,64.0,2014-12-16T23:03:00,0.8,114,5.9,69.0,2014-12-16T06:04:00,2.0,,,,,,,,,,,,,,,,,,,,,,98.0,2014-12-16T00:33:00,,,,,,,,,,,,,,,,,,,,,,,,,,,,,,,,,,,,,,,,,,,,,,,,,,,,,,,,,,,,,,,,,,,,,,,,,,
2014-12-17,972.6,974.7,2014-12-17T09:24:00,970.8,2014-12-17T14:51:00,7.7,9.4,2014-12-17T12:32:00,6.3,2014-12-17T18:03:00,65,57.0,2014-12-17T11:19:00,1.2,113,10.0,37.0,2014-12-17T14:04:00,0.0,,,,,,,,,,,,,,,,,,,,,,72.0,2014-12-17T03:09:00,,,,,,,,,,,,,,,,,,,,,,,,,,,,,,,,,,,,,,,,,,,,,,,,,,,,,,,,,,,,,,,,,,,,,,,,,,
2014-12-18,970.8,972.9,2014-12-18T09:19:00,969.1,2014-12-18T16:06:00,12.1,16.3,2014-12-18T13:34:00,7.8,2014-12-18T01:17:00,63,46.0,2014-12-18T13:07:00,0.7,106,6.7,38.0,2014-12-18T15:27:00,0.0,,,,,,,,,,,,,,,,,,,,,,73.0,2014-12-18T05:43:00,,,,,,,,,,,,,,,,,,,,,,,,,,,,,,,,,,,,,,,,,,,,,,,,,,,,,,,,,,,,,,,,,,,,,,,,,,
2014-12-19,968.2,969.7,2014-12-19T00:16:00,966.4,2014-12-19T17:08:00,13.4,14.9,2014-12-19T11:37:00,12.0,2014-12-19T23:55:00,80,63.0,2014-12-19T01:40:00,0.5,125,4.5,282.0,2014-12-19T13:35:00,3.0,,,,,,,,,,,,,,,,,,,,,,99.0,2014-12-19T23:33:00,,,,,,,,,,,,,,,,,,,,,,,,,,,,,,,,,,,,,,,,,,,,,,,,,,,,,,,,,,,,,,,,,,,,,,,,,,
2014-12-20,966.5,968.5,2014-12-20T10:44:00,964.1,2014-12-20T15:11:00,12.0,14.0,2014-12-20T13:45:00,10.2,2014-12-20T10:11:00,83,63.0,2014-12-20T18:52:00,0.7,103,6.0,121.0,2014-12-20T12:12:00,2.0,,,,,,,,,,,,,,,,,,,,,,99.0,2014-12-20T03:23:00,,,,,,,,,,,,,,,,,,,,,,,,,,,,,,,,,,,,,,,,,,,,,,,,,,,,,,,,,,,,,,,,,,,,,,,,,,
2014-12-21,968.3,971.4,2014-12-21T21:57:00,965.6,2014-12-21T04:28:00,11.9,14.6,2014-12-21T10:23:00,9.2,2014-12-21T23:48:00,81,69.0,2014-12-21T00:13:00,0.9,71,7.1,41.0,2014-12-21T14:06:00,0.5,,,,,,,,,,,,,,,,,,,,,,92.0,2014-12-21T18:26:00,,,,,,,,,,,,,,,,,,,,,,,,,,,,,,,,,,,,,,,,,,,,,,,,,,,,,,,,,,,,,,,,,,,,,,,,,,
2014-12-22,969.1,971.7,2014-12-22T08:51:00,966.9,2014-12-22T23:08:00,10.4,13.8,2014-12-22T13:52:00,7.3,2014-12-22T06:57:00,67,52.0,2014-12-22T14:31:00,1.2,107,8.2,52.0,2014-12-22T12:39:00,0.0,,,,,,,,,,,,,,,,,,,,,,85.0,2014-12-22T03:20:00,,,,,,,,,,,,,,,,,,,,,,,,,,,,,,,,,,,,,,,,,,,,,,,,,,,,,,,,,,,,,,,,,,,,,,,,,,
2014-12-23,966.8,968.5,2014-12-23T09:10:00,965.1,2014-12-23T15:52:00,14.1,19.2,2014-12-23T12:17:00,10.2,2014-12-23T05:49:00,65,45.0,2014-12-23T11:51:00,0.8,131,7.1,124.0,2014-12-23T02:24:00,0.0,,,,,,,,,,,,,,,,,,,,,,85.0,2014-12-23T23:42:00,,,,,,,,,,,,,,,,,,,,,,,,,,,,,,,,,,,,,,,,,,,,,,,,,,,,,,,,,,,,,,,,,,,,,,,,,,
2014-12-24,968.1,,,,,15.6,,,,,77,,,0.7,77,,,,0.0,,,,,,,,,,,,,,,,,,,,,,,,,,,,,,,,,,,,,,,,,,,,,,,,,,,,,,,,,,,,,,,,,,,,,,,,,,,,,,,,,,,,,,,,,,,,,,,,,
2014-12-25,967.7,969.4,2014-12-25T20:42:00,966.0,2014-12-25T12:32:00,13.2,17.3,2014-12-25T11:44:00,10.9,2014-12-25T05:50:00,91,68.0,2014-12-25T11:52:00,0.5,69,5.7,112.0,2014-12-25T19:12:00,7.5,,,,,,,,,,,,,,,,,,,,,,98.0,2014-12-25T17:17:00,,,,,,,,,,,,,,,,,,,,,,,,,,,,,,,,,,,,,,,,,,,,,,,,,,,,,,,,,,,,,,,,,,,,,,,,,,
2014-12-26,966.5,968.6,2014-12-26T08:46:00,964.4,2014-12-26T15:13:00,14.6,18.1,2014-12-26T14:02:00,11.7,2014-12-27T00:00:00,77,61.0,2014-12-26T13:58:00,0.8,126,5.6,117.0,2014-12-26T22:16:00,0.0,,,,,,,,,,,,,,,,,,,,,,98.0,2014-12-26T00:01:00,,,,,,,,,,,,,,,,,,,,,,,,,,,,,,,,,,,,,,,,,,,,,,,,,,,,,,,,,,,,,,,,,,,,,,,,,,
2014-12-27,966.8,968.3,2014-12-27T10:45:00,964.7,2014-12-27T00:46:00,14.1,17.3,2014-12-27T10:01:00,12.3,2014-12-27T23:05:00,88,68.0,2014-12-27T00:03:00,0.5,125,5.5,106.0,2014-12-27T00:50:00,15.5,,,,,,,,,,,,,,,,,,,,,,99.0,2014-12-27T23:33:00,,,,,,,,,,,,,,,,,,,,,,,,,,,,,,,,,,,,,,,,,,,,,,,,,,,,,,,,,,,,,,,,,,,,,,,,,,
2014-12-28,966.0,967.6,2014-12-28T08:44:00,964.2,2014-12-28T15:03:00,11.5,13.0,2014-12-28T09:44:00,9.3,2014-12-28T23:06:00,98,94.0,2014-12-28T12:17:00,0.6,33,4.6,49.0,2014-12-28T00:09:00,13.5,,,,,,,,,,,,,,,,,,,,,,99.0,2014-12-28T07:41:00,,,,,,,,,,,,,,,,,,,,,,,,,,,,,,,,,,,,,,,,,,,,,,,,,,,,,,,,,,,,,,,,,,,,,,,,,,
2014-12-29,965.1,967.7,2014-12-29T09:09:00,962.7,2014-12-29T15:18:00,10.3,14.1,2014-12-29T14:33:00,7.8,2014-12-29T18:35:00,80,56.0,2014-12-29T15:33:00,0.6,128,5.0,3.0,2014-12-29T14:20:00,0.0,,,,,,,,,,,,,,,,,,,,,,98.0,2014-12-29T01:26:00,,,,,,,,,,,,,,,,,,,,,,,,,,,,,,,,,,,,,,,,,,,,,,,,,,,,,,,,,,,,,,,,,,,,,,,,,,
2014-12-30,964.3,966.2,2014-12-30T09:21:00,962.7,2014-12-30T14:34:00,12.6,18.7,2014-12-30T13:49:00,8.9,2014-12-30T00:03:00,68,51.0,2014-12-30T13:54:00,0.9,128,4.8,171.0,2014-12-30T08:28:00,0.0,,,,,,,,,,,,,,,,,,,,,,89.0,2014-12-30T18:53:00,,,,,,,,,,,,,,,,,,,,,,,,,,,,,,,,,,,,,,,,,,,,,,,,,,,,,,,,,,,,,,,,,,,,,,,,,,
2014-12-31,966.5,968.5,2014-12-31T22:31:00,964.1,2014-12-31T04:25:00,13.4,18.9,2014-12-31T14:42:00,10.0,2014-12-31T03:42:00,54,31.0,2014-12-31T10:36:00,1.2,120,8.4,140.0,2014-12-31T22:25:00,0.0,,,,,,,,,,,,,,,,,,,,,,69.0,2014-12-31T19:23:00,,,,,,,,,,,,,,,,,,,,,,,,,,,,,,,,,,,,,,,,,,,,,,,,,,,,,,,,,,,,,,,,,,,,,,,,,,
