,StnPres,SeaPres,StnPresMax,StnPresMaxTime,StnPresMin,StnPresMinTime,Tx,TxMaxAbs,TxMaxAbsTime,TxMinAbs,TxMinAbsTime,Td,RH,RHMin,RHMinTime,WS,WD,WSGust,WDGust,WGustTime,Precp,PrecpHour,PrecpMax10,PrecpMax10Time,PrecpMax60,PrecpMax60Time,SunShine,SunShineRate,GloblRad,EvapA,TxSoil0cm,TxSoil5cm,TxSoil10cm,TxSoil20cm,TxSoil50cm,TxSoil100cm,AirTemperature.DailyRangef,AirTemperature.MaximumTimef,AirTemperature.Maximumf,AirTemperature.Meanf,AirTemperature.MinimumTimef,AirTemperature.Minimumf,CloudAmount,CloudAmountSat,DewPointTemperature.Maximum,DewPointTemperature.MaximumTime,DewPointTemperature.MaximumTimef,DewPointTemperature.Maximumf,DewPointTemperature.Meanf,DewPointTemperature.Minimum,DewPointTemperature.MinimumTime,DewPointTemperature.MinimumTimef,DewPointTemperature.Minimumf,EvaporationClassAPan.Accumulationf,GlobalSolarRadiation.Accumulationf,GlobalSolarRadiation.HourlyMaximumTimef,GlobalSolarRadiation.HourlyMaximumf,GloblRadMax,GloblRadMaxTime,PeakGust.Directionf,PeakGust.MaximumTimef,PeakGust.Maximumf,Precipitation.Accumulationf,Precipitation.HourlyMaximum,Precipitation.HourlyMaximumTime,Precipitation.HourlyMaximumTimef,Precipitation.HourlyMaximumf,Precipitation.SixtyMinutelyMaximumTimef,Precipitation.SixtyMinutelyMaximumf,Precipitation.TenMinutelyMaximumTimef,Precipitation.TenMinutelyMaximumf,PrecipitationDuration.Totalf,RelativeHumidity.Maximum,RelativeHumidity.MaximumTime,RelativeHumidity.MaximumTimef,RelativeHumidity.Maximumf,RelativeHumidity.Meanf,RelativeHumidity.MinimumTimef,RelativeHumidity.Minimumf,SeaLevelPressure.Maximum,SeaLevelPressure.MaximumTime,SeaLevelPressure.MaximumTimef,SeaLevelPressure.Maximumf,SeaLevelPressure.Meanf,SeaLevelPressure.Minimum,SeaLevelPressure.MinimumTime,SeaLevelPressure.MinimumTimef,SeaLevelPressure.Minimumf,SoilTemperatureAt0cm.Meanf,SoilTemperatureAt100cm.Meanf,SoilTemperatureAt10cm.Meanf,SoilTemperatureAt20cm.Meanf,SoilTemperatureAt30cm.Meanf,SoilTemperatureAt50cm.Meanf,SoilTemperatureAt5cm.Meanf,StationPressure.MaximumTimef,StationPressure.Maximumf,StationPressure.Meanf,StationPressure.MinimumTimef,StationPressure.Minimumf,SunshineDuration.Ratef,SunshineDuration.Totalf,TotalCloudAmount.Meanf,TotalCloudAmount.SatRetrievedMeanf,TxRange,TxSoil30cm,UVIMax,UVIMaxTime,UVIndex.MaximumTimef,UVIndex.Maximumf,VisbAutoMean,VisbMean,Visibility.AutoMeanf,Visibility.Meanf,WindDirection.CountForCode00,WindDirection.CountForCode00f,WindDirection.CountForCode01,WindDirection.CountForCode01f,WindDirection.CountForCode02,WindDirection.CountForCode02f,WindDirection.CountForCode03,WindDirection.CountForCode03f,WindDirection.CountForCode04,WindDirection.CountForCode04f,WindDirection.CountForCode05,WindDirection.CountForCode05f,WindDirection.CountForCode06,WindDirection.CountForCode06f,WindDirection.CountForCode07,WindDirection.CountForCode07f,WindDirection.CountForCode08,WindDirection.CountForCode08f,WindDirection.CountForCode09,WindDirection.CountForCode09f,WindDirection.CountForCode10,WindDirection.CountForCode10f,WindDirection.CountForCode11,WindDirection.CountForCode11f,WindDirection.CountForCode12,WindDirection.CountForCode12f,WindDirection.CountForCode13,WindDirection.CountForCode13f,WindDirection.CountForCode14,WindDirection.CountForCode14f,WindDirection.CountForCode15,WindDirection.CountForCode15f,WindDirection.CountForCode16,WindDirection.CountForCode16f,WindDirection.CountForCode17,WindDirection.CountForCode17f,WindDirection.CountForCode18,WindDirection.CountForCode18f,WindDirection.CountForCode19,WindDirection.CountForCode19f,WindDirection.CountForCode20,WindDirection.CountForCode20f,WindDirection.CountForCode21,WindDirection.CountForCode21f,WindDirection.CountForCode22,WindDirection.CountForCode22f,WindDirection.CountForCode23,WindDirection.CountForCode23f,WindDirection.CountForCode24,WindDirection.CountForCode24f,WindDirection.CountForCode25,WindDirection.CountForCode25f,WindDirection.CountForCode26,WindDirection.CountForCode26f,WindDirection.CountForCode27,WindDirection.CountForCode27f,WindDirection.CountForCode28,WindDirection.CountForCode28f,WindDirection.CountForCode29,WindDirection.CountForCode29f,WindDirection.CountForCode30,WindDirection.CountForCode30f,WindDirection.CountForCode31,WindDirection.CountForCode31f,WindDirection.CountForCode32,WindDirection.CountForCode32f,WindDirection.CountForCode33,WindDirection.CountForCode33f,WindDirection.CountForCode34,WindDirection.CountForCode34f,WindDirection.CountForCode35,WindDirection.CountForCode35f,WindDirection.CountForCode36,WindDirection.CountForCode36f,WindDirection.CountForCode99,WindDirection.CountForCode99f,WindDirection.Prevailingf,WindDirection.TenMinutelyMaximum,WindDirection.TenMinutelyMaximumf,WindSpeed.Meanf,WindSpeed.TenMinutelyMaximum,WindSpeed.TenMinutelyMaximumTime,WindSpeed.TenMinutelyMaximumTimef,WindSpeed.TenMinutelyMaximumf,WindSpeed.TotalForCode00,WindSpeed.TotalForCode00f,WindSpeed.TotalForCode01,WindSpeed.TotalForCode01f,WindSpeed.TotalForCode02,WindSpeed.TotalForCode02f,WindSpeed.TotalForCode03,WindSpeed.TotalForCode03f,WindSpeed.TotalForCode04,WindSpeed.TotalForCode04f,WindSpeed.TotalForCode05,WindSpeed.TotalForCode05f,WindSpeed.TotalForCode06,WindSpeed.TotalForCode06f,WindSpeed.TotalForCode07,WindSpeed.TotalForCode07f,WindSpeed.TotalForCode08,WindSpeed.TotalForCode08f,WindSpeed.TotalForCode09,WindSpeed.TotalForCode09f,WindSpeed.TotalForCode10,WindSpeed.TotalForCode10f,WindSpeed.TotalForCode11,WindSpeed.TotalForCode11f,WindSpeed.TotalForCode12,WindSpeed.TotalForCode12f,WindSpeed.TotalForCode13,WindSpeed.TotalForCode13f,WindSpeed.TotalForCode14,WindSpeed.TotalForCode14f,WindSpeed.TotalForCode15,WindSpeed.TotalForCode15f,WindSpeed.TotalForCode16,WindSpeed.TotalForCode16f,WindSpeed.TotalForCode17,WindSpeed.TotalForCode17f,WindSpeed.TotalForCode18,WindSpeed.TotalForCode18f,WindSpeed.TotalForCode19,WindSpeed.TotalForCode19f,WindSpeed.TotalForCode20,WindSpeed.TotalForCode20f,WindSpeed.TotalForCode21,WindSpeed.TotalForCode21f,WindSpeed.TotalForCode22,WindSpeed.TotalForCode22f,WindSpeed.TotalForCode23,WindSpeed.TotalForCode23f,WindSpeed.TotalForCode24,WindSpeed.TotalForCode24f,WindSpeed.TotalForCode25,WindSpeed.TotalForCode25f,WindSpeed.TotalForCode26,WindSpeed.TotalForCode26f,WindSpeed.TotalForCode27,WindSpeed.TotalForCode27f,WindSpeed.TotalForCode28,WindSpeed.TotalForCode28f,WindSpeed.TotalForCode29,WindSpeed.TotalForCode29f,WindSpeed.TotalForCode30,WindSpeed.TotalForCode30f,WindSpeed.TotalForCode31,WindSpeed.TotalForCode31f,WindSpeed.TotalForCode32,WindSpeed.TotalForCode32f,WindSpeed.TotalForCode33,WindSpeed.TotalForCode33f,WindSpeed.TotalForCode34,WindSpeed.TotalForCode34f,WindSpeed.TotalForCode35,WindSpeed.TotalForCode35f,WindSpeed.TotalForCode36,WindSpeed.TotalForCode36f,WindSpeed.TotalForCode99,WindSpeed.TotalForCode99f
1961-01-01,766.0,,767.5,,764.8,,3.8,11.2,,-4.7,,-0.6,74,60,,1.6,225.0,4.1,180.0,,0.0,0.0,0.0,,0.0,,4.6,43.2,,,8.3,8.2,7.7,7.0,,,,,,,,,8.0,,,,,,,,,,,,,,,,,,,,,,,,,,,,,,,,,,,,,,,,,,,,,,,,,,,,,,,,,,,,,,15.9,8.2,,,,,,29.2,,,2.0,,,,,,,,,,,,,,,,,,,,,,,,,,,,,,,,1.0,,,,2.0,,,,,,,,3.0,,,,,,2.0,,,,,,,,,,,,,,,,,,,,,,,,,,,180.0,,,3.5,,,,1.0,,,,,,,,,,,,,,,,,,,,,,,,,,,,,,,,1.3,,,,5.0,,,,,,,,4.4,,,,,,3.7,,,,,,,,,,,,,,,,,,,,,,,,,
1961-01-02,766.0,,767.4,,764.9,,6.9,11.4,,3.4,,3.8,80,66,,1.0,225.0,3.8,270.0,,0.0,0.0,0.0,,0.0,,3.7,34.7,,,9.6,9.5,9.2,8.5,,,,,,,,,7.4,,,,,,,,,,,,,,,,,,,,,,,,,,,,,,,,,,,,,,,,,,,,,,,,,,,,,,,,,,,,,,8.0,9.6,,,,,,30.8,,,2.0,,,,,,,,,,,,,,,,,,,,,,,,,,,,,,,,,,,,,,,,1.0,,,,5.0,,,,,,1.0,,,,1.0,,,,,,,,,,,,,,,,,,,,,,,270.0,,,2.5,,,,0.8,,,,,,,,,,,,,,,,,,,,,,,,,,,,,,,,,,,,,,,,1.2,,,,5.9,,,,,,1.5,,,,1.2,,,,,,,,,,,,,,,,,,,,,
1961-01-03,765.3,,767.0,,763.6,,9.0,13.2,,5.8,,7.6,91,75,,1.3,135.0,4.3,180.0,,0.0,0.0,0.0,,0.0,,1.3,12.2,,,10.7,10.5,10.3,9.2,,,,,,,,,9.6,,,,,,,,,,,,,,,,,,,,,,,,,,,,,,,,,,,,,,,,,,,,,,,,,,,,,,,,,,,,,,7.4,10.0,,,,,,14.6,,,,,,,,,,,,,,,,,,,,,,,,,,,,,2.0,,,,,,2.0,,,,2.0,,,,,,,,1.0,,,,,,1.0,,,,2.0,,,,,,,,,,,,,,,,,,,,,,,180.0,,,3.8,,,,,,,,,,,,,,,,,,,,,,,,,,,,,,3.3,,,,,,2.1,,,,2.3,,,,,,,,1.0,,,,,,1.3,,,,2.1,,,,,,,,,,,,,,,,,,,,,
1961-01-04,764.9,,765.8,,764.1,,8.1,10.8,,6.0,,8.1,100,95,,1.1,225.0,3.2,225.0,,8.0,10.3,0.6,,1.9,,0.0,0.0,,,10.5,10.8,10.7,10.5,,,,,,,,,10.0,,,,,,,,,,,,,,,,,,,,,,,,,,,,,,,,,,,,,,,,,,,,,,,,,,,,,,,,,,,,,,4.8,10.9,,,,,,0.1,,,1.0,,,,1.0,,,,,,,,,,,,,,,,,,,,,,1.0,,,,,,,,,,,,,,,,,,7.0,,,,,,,,,,,,,,,,,,,,,,,,,,,,,,,,,225.0,,,2.8,,,,0.2,,,,1.2,,,,,,,,,,,,,,,,,,,,,,2.3,,,,,,,,,,,,,,,,,,6.8,,,,,,,,,,,,,,,,,,,,,,,,,,,,,,,
1961-01-05,766.5,,767.7,,765.6,,7.9,16.3,,3.2,,5.4,87,52,,1.8,157.5,5.0,112.5,,0.0,0.0,0.0,,0.0,,10.0,93.5,,,11.0,11.7,11.4,10.3,,,,,,,,,3.9,,,,,,,,,,,,,,,,,,,,,,,,,,,,,,,,,,,,,,,,,,,,,,,,,,,,,,,,,,,,,,13.1,10.9,,,,,,35.4,,,1.0,,,,,,,,,,,,,,,,,,,,,,1.0,,,,,,,,,,4.0,,,,,,,,1.0,,,,1.0,,,,,,,,,,2.0,,,,,,,,,,,,,,,,,,,,,,,112.5,,,4.7,,,,0.3,,,,,,,,,,,,,,,,,,,,,,3.2,,,,,,,,,,6.7,,,,,,,,1.7,,,,2.0,,,,,,,,,,4.2,,,,,,,,,,,,,,,,,,,,,
1961-01-06,767.4,,768.4,,766.0,,7.3,12.5,,4.2,,5.7,91,65,,1.9,157.5,5.9,112.5,,0.0,0.0,0.0,,0.0,,4.8,44.9,,,9.2,10.1,10.6,10.1,,,,,,,,,8.7,,,,,,,,,,,,,,,,,,,,,,,,,,,,,,,,,,,,,,,,,,,,,,,,,,,,,,,,,,,,,,8.3,10.5,,,,,,17.1,,,1.0,,,,1.0,,,,,,,,,,2.0,,,,,,,,,,,,,,,,,,3.0,,,,,,,,,,,,,,,,,,,,,,1.0,,,,,,,,2.0,,,,,,,,,,,,,,,112.5,,,5.5,,,,0.2,,,,2.2,,,,,,,,,,5.5,,,,,,,,,,,,,,,,,,4.2,,,,,,,,,,,,,,,,,,,,,,1.8,,,,,,,,2.0,,,,,,,,,,,,,
1961-01-07,767.9,,769.1,,767.1,,6.5,12.2,,1.6,,4.6,89,68,,1.0,225.0,2.8,225.0,,0.0,0.0,0.0,,0.0,,6.3,58.8,,,10.3,11.1,11.1,10.0,,,,,,,,,6.6,,,,,,,,,,,,,,,,,,,,,,,,,,,,,,,,,,,,,,,,,,,,,,,,,,,,,,,,,,,,,,10.6,10.8,,,,,,20.8,,,3.0,,,,,,,,,,,,,,,,,,,,,,,,,,,,,,,,,,,,1.0,,,,,,,,4.0,,,,,,,,,,2.0,,,,,,,,,,,,,,,,,,,,,,,225.0,,,2.3,,,,0.8,,,,,,,,,,,,,,,,,,,,,,,,,,,,,,,,,,,,1.0,,,,,,,,5.0,,,,,,,,,,2.8,,,,,,,,,,,,,,,,,,,,,
1961-01-08,766.8,,768.0,,765.6,,8.0,15.9,,1.5,,4.7,81,60,,1.0,157.5,3.2,157.5,,0.0,0.0,0.0,,0.0,,9.8,91.4,,,10.1,10.6,10.4,9.7,,,,,,,,,2.6,,,,,,,,,,,,,,,,,,,,,,,,,,,,,,,,,,,,,,,,,,,,,,,,,,,,,,,,,,,,,,14.4,10.4,,,,,,35.4,,,5.0,,,,,,,,,,,,,,,,,,,,,,,,,,,,,,,,3.0,,,,2.0,,,,,,,,,,,,,,,,,,,,,,,,,,,,,,,,,,,,,,,,,157.5,,,3.0,,,,0.8,,,,,,,,,,,,,,,,,,,,,,,,,,,,,,,,6.0,,,,2.3,,,,,,,,,,,,,,,,,,,,,,,,,,,,,,,,,,,,,,,
1961-01-09,766.4,,767.6,,764.6,,10.2,18.4,,4.3,,5.0,75,43,,1.9,135.0,5.2,135.0,,0.0,0.0,0.0,,0.0,,9.1,84.8,,,11.1,11.2,10.8,9.9,,,,,,,,,1.1,,,,,,,,,,,,,,,,,,,,,,,,,,,,,,,,,,,,,,,,,,,,,,,,,,,,,,,,,,,,,,14.1,10.5,,,,,,33.4,,,1.0,,,,,,,,,,,,,,,,,,,,,,,,,,5.0,,,,,,3.0,,,,,,,,,,,,,,,,,,,,,,,,,,,,,,,,,,,,,,,,1.0,,,,,135.0,,,5.0,,,,0.0,,,,,,,,,,,,,,,,,,,,,,,,,,12.9,,,,,,6.0,,,,,,,,,,,,,,,,,,,,,,,,,,,,,,,,,,,,,,,,2.0,,,
1961-01-10,767.1,,768.3,,766.1,,8.4,18.2,,2.4,,2.1,66,33,,1.5,202.5,3.8,225.0,,0.0,0.0,0.0,,0.0,,10.1,94.0,,,10.2,10.8,10.4,9.5,,,,,,,,,0.3,,,,,,,,,,,,,,,,,,,,,,,,,,,,,,,,,,,,,,,,,,,,,,,,,,,,,,,,,,,,,,15.8,10.9,,,,,,37.1,,,1.0,,,,,,,,,,,,,,,,,,,,,,,,,,1.0,,,,,,,,,,1.0,,,,3.0,,,,1.0,,,,,,1.0,,,,2.0,,,,,,,,,,,,,,,,,,,,,,,225.0,,,3.3,,,,0.5,,,,,,,,,,,,,,,,,,,,,,,,,,1.0,,,,,,,,,,1.2,,,,3.7,,,,1.3,,,,,,1.2,,,,3.4,,,,,,,,,,,,,,,,,,,,,
1961-01-11,767.4,,768.7,,766.4,,6.1,12.0,,2.0,,4.9,94,77,,1.0,225.0,2.6,225.0,,0.0,0.0,0.0,,0.0,,5.5,51.2,,,8.8,9.5,9.9,9.1,,,,,,,,,6.6,,,,,,,,,,,,,,,,,,,,,,,,,,,,,,,,,,,,,,,,,,,,,,,,,,,,,,,,,,,,,,10.0,10.1,,,,,,18.1,,,2.0,,,,,,,,,,,,,,,,,,,,,,,,,,,,,,,,,,,,1.0,,,,3.0,,,,3.0,,,,,,,,,,,,,,,,,,1.0,,,,,,,,,,,,,,,225.0,,,2.2,,,,0.5,,,,,,,,,,,,,,,,,,,,,,,,,,,,,,,,,,,,1.5,,,,3.2,,,,3.7,,,,,,,,,,,,,,,,,,1.8,,,,,,,,,,,,,
1961-01-12,766.8,,768.1,,765.5,,3.4,7.4,,-1.8,,1.9,90,70,,0.7,360.0,3.0,360.0,,0.0,0.0,0.0,,0.0,,3.1,28.8,,,8.5,9.4,9.9,9.4,,,,,,,,,6.4,,,,,,,,,,,,,,,,,,,,,,,,,,,,,,,,,,,,,,,,,,,,,,,,,,,,,,,,,,,,,,9.2,10.1,,,,,,12.2,,,7.0,,,,,,,,1.0,,,,,,,,,,,,,,,,,,,,,,,,,,,,,,,,,,,,,,,,,,,,,,,,,,,,,,,,,,,,,,,,2.0,,,,,360.0,,,2.3,,,,2.0,,,,,,,,2.0,,,,,,,,,,,,,,,,,,,,,,,,,,,,,,,,,,,,,,,,,,,,,,,,,,,,,,,,,,,,,,,,4.1,,,
1961-01-13,766.6,,767.9,,765.6,,2.4,10.8,,-3.5,,-0.2,82,45,,1.1,180.0,3.3,180.0,,0.0,0.0,0.0,,0.0,,9.8,91.0,,,6.8,8.3,8.1,7.8,,,,,,,,,1.8,,,,,,,,,,,,,,,,,,,,,,,,,,,,,,,,,,,,,,,,,,,,,,,,,,,,,,,,,,,,,,14.3,8.8,,,,,,32.1,,,2.0,,,,,,,,,,,,,,,,,,,,,,,,,,,,,,,,,,,,3.0,,,,,,,,1.0,,,,,,1.0,,,,,,,,3.0,,,,,,,,,,,,,,,,,,,180.0,,,2.7,,,,0.3,,,,,,,,,,,,,,,,,,,,,,,,,,,,,,,,,,,,6.5,,,,,,,,1.2,,,,,,0.7,,,,,,,,2.6,,,,,,,,,,,,,,,,,
1961-01-14,766.2,,767.1,,764.9,,2.9,9.4,,-1.9,,1.1,88,64,,1.5,180.0,3.8,180.0,,0.0,0.0,0.0,,0.0,,9.5,88.0,,,7.0,8.0,8.4,7.4,,,,,,,,,4.4,,,,,,,,,,,,,,,,,,,,,,,,,,,,,,,,,,,,,,,,,,,,,,,,,,,,,,,,,,,,,,11.3,8.2,,,,,,28.3,,,,,,,,,,,,,,,,,,,,,,,,,,,,,2.0,,,,,,,,,,3.0,,,,,,,,3.0,,,,,,1.0,,,,1.0,,,,,,,,,,,,,,,,,,,,,,,180.0,,,3.0,,,,,,,,,,,,,,,,,,,,,,,,,,,,,,2.3,,,,,,,,,,5.7,,,,,,,,4.7,,,,,,1.2,,,,1.8,,,,,,,,,,,,,,,,,,,,,
1961-01-15,765.9,,766.9,,764.8,,2.5,9.1,,-2.0,,0.6,87,59,,0.7,225.0,4.0,180.0,,0.0,0.0,0.0,,0.0,,5.5,50.9,,,5.9,7.3,8.3,7.2,,,,,,,,,3.8,,,,,,,,,,,,,,,,,,,,,,,,,,,,,,,,,,,,,,,,,,,,,,,,,,,,,,,,,,,,,,11.1,8.4,,,,,,29.2,,,4.0,,,,,,,,,,,,,,,,,,,,,,,,,,,,,,,,1.0,,,,,,,,1.0,,,,3.0,,,,,,,,,,1.0,,,,,,,,,,,,,,,,,,,,,,,180.0,,,3.2,,,,0.2,,,,,,,,,,,,,,,,,,,,,,,,,,,,,,,,1.5,,,,,,,,1.3,,,,3.5,,,,,,,,,,1.3,,,,,,,,,,,,,,,,,,,,,
1961-01-16,765.5,,766.8,,763.6,,2.7,9.2,,-1.8,,0.8,87,58,,0.7,315.0,2.8,315.0,,1.7,2.1,0.3,,1.2,,8.4,77.7,,,7.6,8.2,8.2,7.8,,,,,,,,,4.8,,,,,,,,,,,,,,,,,,,,,,,,,,,,,,,,,,,,,,,,,,,,,,,,,,,,,,,,,,,,,,11.0,8.5,,,,,,26.3,,,5.0,,,,,,,,,,,,,,,,,,,,,,,,,,,,,,,,1.0,,,,,,,,1.0,,,,,,,,,,1.0,,,,,,,,,,,,2.0,,,,,,,,,,,,,,,315.0,,,2.0,,,,0.7,,,,,,,,,,,,,,,,,,,,,,,,,,,,,,,,1.0,,,,,,,,0.7,,,,,,,,,,1.2,,,,,,,,,,,,3.0,,,,,,,,,,,,,
1961-01-17,765.2,,766.0,,764.2,,-0.9,5.9,,-6.3,,-4.0,83,55,,0.7,270.0,2.9,45.0,,0.0,0.0,0.0,,0.0,,5.4,49.9,,,4.4,6.2,7.3,7.0,,,,,,,,,3.9,,,,,,,,,,,,,,,,,,,,,,,,,,,,,,,,,,,,,,,,,,,,,,,,,,,,,,,,,,,,,,12.2,8.0,,,,,,25.8,,,5.0,,,,,,,,1.0,,,,,,,,,,,,,,,,,,,,,,,,,,,,1.0,,,,,,,,,,,,,,,,,,2.0,,,,,,,,,,,,,,,,,,1.0,,,,,45.0,,,2.2,,,,1.4,,,,,,,,2.2,,,,,,,,,,,,,,,,,,,,,,,,,,,,1.0,,,,,,,,,,,,,,,,,,2.1,,,,,,,,,,,,,,,,,,0.7,,,
1961-01-18,765.3,,766.1,,764.7,,-1.5,7.7,,-8.0,,-8.0,61,35,,0.2,45.0,2.8,45.0,,0.0,0.0,0.0,,0.0,,9.4,86.7,,,4.0,4.8,5.5,5.5,,,,,,,,,0.0,,,,,,,,,,,,,,,,,,,,,,,,,,,,,,,,,,,,,,,,,,,,,,,,,,,,,,,,,,,,,,15.7,7.2,,,,,,38.3,,,8.0,,,,,,,,2.0,,,,,,,,,,,,,,,,,,,,,,,,,,,,,,,,,,,,,,,,,,,,,,,,,,,,,,,,,,,,,,,,,,,,,45.0,,,1.8,,,,0.7,,,,,,,,2.6,,,,,,,,,,,,,,,,,,,,,,,,,,,,,,,,,,,,,,,,,,,,,,,,,,,,,,,,,,,,,,,,,,,
1961-01-19,765.4,,766.5,,764.5,,0.2,9.4,,-5.8,,-5.1,71,29,,0.7,67.5,2.4,270.0,,0.0,0.0,0.0,,0.0,,9.6,88.5,,,4.4,5.2,4.8,5.3,,,,,,,,,0.4,,,,,,,,,,,,,,,,,,,,,,,,,,,,,,,,,,,,,,,,,,,,,,,,,,,,,,,,,,,,,,15.2,6.4,,,,,,38.8,,,3.0,,,,,,,,1.0,,,,,,2.0,,,,,,,,1.0,,,,,,,,,,,,,,,,,,,,,,,,,,,,,,,,1.0,,,,,,,,1.0,,,,,,1.0,,,,,,,,,270.0,,,1.8,,,,1.0,,,,,,,,1.0,,,,,,2.8,,,,,,,,1.0,,,,,,,,,,,,,,,,,,,,,,,,,,,,,,,,1.8,,,,,,,,1.0,,,,,,1.5,,,,,,,
1961-01-20,766.0,,766.9,,765.2,,0.0,9.9,,-6.6,,-3.6,80,48,,1.0,180.0,2.9,292.5,,0.0,0.0,0.0,,0.0,,9.8,90.2,,,4.7,6.1,5.9,5.4,,,,,,,,,0.1,,,,,,,,,,,,,,,,,,,,,,,,,,,,,,,,,,,,,,,,,,,,,,,,,,,,,,,,,,,,,,16.5,6.4,,,,,,38.3,,,3.0,,,,1.0,,,,,,,,,,,,,,,,,,,,,,,,,,,,,,,,3.0,,,,,,,,,,,,,,,,,,,,,,2.0,,,,,,,,,,,,,,1.0,,,,,292.5,,,2.3,,,,1.5,,,,0.8,,,,,,,,,,,,,,,,,,,,,,,,,,,,,,,,3.0,,,,,,,,,,,,,,,,,,,,,,2.6,,,,,,,,,,,,,,1.5,,,
1961-01-21,766.4,,767.6,,765.4,,1.2,11.1,,-4.6,,-1.0,87,55,,1.1,180.0,3.2,292.5,,0.0,0.0,0.0,,0.0,,8.0,73.5,,,5.5,6.1,6.5,5.9,,,,,,,,,0.7,,,,,,,,,,,,,,,,,,,,,,,,,,,,,,,,,,,,,,,,,,,,,,,,,,,,,,,,,,,,,,15.7,6.6,,,,,,35.0,,,2.0,,,,,,,,,,,,,,,,,,,,,,,,,,,,,,,,,,,,3.0,,,,1.0,,,,1.0,,,,,,1.0,,,,,,,,2.0,,,,,,,,,,,,,,,,,,,292.5,,,2.5,,,,0.5,,,,,,,,,,,,,,,,,,,,,,,,,,,,,,,,,,,,3.7,,,,2.0,,,,1.0,,,,,,2.0,,,,,,,,3.2,,,,,,,,,,,,,,,,,
1961-01-22,767.2,,768.6,,766.5,,3.2,11.6,,-3.7,,1.5,90,67,,1.2,67.5,3.0,202.5,,0.0,0.0,0.0,,0.0,,6.6,60.6,,,5.4,6.7,6.8,6.0,,,,,,,,,3.9,,,,,,,,,,,,,,,,,,,,,,,,,,,,,,,,,,,,,,,,,,,,,,,,,,,,,,,,,,,,,,15.3,6.7,,,,,,24.3,,,2.0,,,,,,,,,,,,,,2.0,,,,,,,,,,,,,,,,,,,,,,1.0,,,,2.0,,,,1.0,,,,,,,,,,,,,,,,,,2.0,,,,,,,,,,,,,,,180.0,,,2.7,,,,0.5,,,,,,,,,,,,,,3.3,,,,,,,,,,,,,,,,,,,,,,1.0,,,,2.5,,,,1.0,,,,,,,,,,,,,,,,,,2.3,,,,,,,,,,,,,
1961-01-23,766.2,,767.6,,764.4,,4.7,13.6,,-3.2,,2.1,84,39,,1.5,157.5,6.5,157.5,,0.0,0.0,0.0,,0.0,,7.2,66.0,,,7.2,8.3,7.5,6.4,,,,,,,,,3.3,,,,,,,,,,,,,,,,,,,,,,,,,,,,,,,,,,,,,,,,,,,,,,,,,,,,,,,,,,,,,,16.8,6.9,,,,,,26.8,,,1.0,,,,,,,,1.0,,,,,,1.0,,,,2.0,,,,,,,,,,,,,,2.0,,,,,,,,,,,,2.0,,,,,,,,,,,,,,,,,,,,,,,,,,,,1.0,,,,,157.5,,,5.3,,,,0.2,,,,,,,,0.8,,,,,,1.3,,,,3.4,,,,,,,,,,,,,,7.8,,,,,,,,,,,,2.5,,,,,,,,,,,,,,,,,,,,,,,,,,,,1.0,,,
1961-01-24,765.0,,766.4,,762.9,,6.3,12.1,,2.4,,4.6,90,59,,2.0,225.0,5.9,225.0,,7.0,5.8,0.7,,2.6,,4.9,44.8,,,7.4,8.6,8.9,8.1,,,,,,,,,8.0,,,,,,,,,,,,,,,,,,,,,,,,,,,,,,,,,,,,,,,,,,,,,,,,,,,,,,,,,,,,,,9.7,7.7,,,,,,20.1,,,,,,,,,,,,,,,,,,,,,1.0,,,,,,,,,,,,,,,,,,1.0,,,,,,,,4.0,,,,,,3.0,,,,1.0,,,,,,,,,,,,,,,,,,,,,,,225.0,,,5.2,,,,,,,,,,,,,,,,,,,,,,2.3,,,,,,,,,,,,,,,,,,2.7,,,,,,,,10.5,,,,,,4.3,,,,1.7,,,,,,,,,,,,,,,,,,,,,
1961-01-25,765.7,,767.4,,764.4,,3.7,12.1,,-2.4,,1.9,88,55,,1.9,202.5,4.8,67.5,,0.0,0.0,0.0,,0.0,,7.4,67.7,,,7.8,8.9,8.7,7.8,,,,,,,,,5.7,,,,,,,,,,,,,,,,,,,,,,,,,,,,,,,,,,,,,,,,,,,,,,,,,,,,,,,,,,,,,,14.5,8.0,,,,,,24.7,,,,,,,,,,,,,,,,,1.0,,,,,,,,,,,,,,,,,,,,,,,,,,4.0,,,,3.0,,,,,,,,,,2.0,,,,,,,,,,,,,,,,,,,,,,,67.5,,,4.2,,,,,,,,,,,,,,,,,,3.5,,,,,,,,,,,,,,,,,,,,,,,,,,6.3,,,,5.0,,,,,,,,,,4.0,,,,,,,,,,,,,,,,,,,,,
1961-01-26,767.1,,768.2,,766.0,,3.0,12.6,,-4.6,,-0.3,83,23,,1.9,45.0,5.2,45.0,,0.0,0.0,0.0,,0.0,,8.2,74.8,,,7.1,8.1,8.2,7.4,,,,,,,,,3.4,,,,,,,,,,,,,,,,,,,,,,,,,,,,,,,,,,,,,,,,,,,,,,,,,,,,,,,,,,,,,,17.2,8.0,,,,,,27.3,,,,,,,,,,,3.0,,,,,,,,,,1.0,,,,1.0,,,,,,,,,,,,,,,,,,,,,,1.0,,,,,,,,,,2.0,,,,,,,,1.0,,,,,,1.0,,,,,,,,,45.0,,,4.3,,,,,,,,,,,,9.3,,,,,,,,,,1.3,,,,1.8,,,,,,,,,,,,,,,,,,,,,,1.2,,,,,,,,,,3.5,,,,,,,,1.3,,,,,,2.0,,,,,,,
1961-01-27,767.5,,768.7,,766.8,,1.9,9.2,,-4.7,,0.3,89,45,,1.1,225.0,4.4,67.5,,0.0,0.0,0.0,,0.0,,4.9,44.6,,,5.9,6.7,7.0,6.6,,,,,,,,,6.5,,,,,,,,,,,,,,,,,,,,,,,,,,,,,,,,,,,,,,,,,,,,,,,,,,,,,,,,,,,,,,13.9,7.8,,,,,,16.8,,,1.0,,,,,,,,,,,,,,1.0,,,,,,,,,,,,,,,,,,,,,,,,,,,,,,3.0,,,,,,,,,,2.0,,,,,,,,,,,,,,1.0,,,,2.0,,,,,67.5,,,3.7,,,,0.3,,,,,,,,,,,,,,2.2,,,,,,,,,,,,,,,,,,,,,,,,,,,,,,3.0,,,,,,,,,,2.0,,,,,,,,,,,,,,1.0,,,,2.0,,,
1961-01-28,766.0,,767.3,,765.2,,2.1,10.7,,-2.8,,-0.8,80,50,,1.4,180.0,4.1,157.5,,0.0,0.0,0.0,,0.0,,10.3,93.7,,,6.3,8.3,8.2,7.2,,,,,,,,,0.1,,,,,,,,,,,,,,,,,,,,,,,,,,,,,,,,,,,,,,,,,,,,,,,,,,,,,,,,,,,,,,13.5,7.8,,,,,,37.9,,,2.0,,,,,,,,,,,,,,,,,,,,,,,,,,,,,,,,2.0,,,,2.0,,,,,,,,1.0,,,,,,1.0,,,,,,,,1.0,,,,1.0,,,,,,,,,,,,,,,157.5,,,3.3,,,,0.8,,,,,,,,,,,,,,,,,,,,,,,,,,,,,,,,3.4,,,,3.4,,,,,,,,1.7,,,,,,1.5,,,,,,,,1.0,,,,0.8,,,,,,,,,,,,,
1961-01-29,763.2,,765.4,,761.6,,3.7,13.5,,-3.4,,0.7,82,38,,1.2,45.0,3.5,45.0,,0.0,0.0,0.0,,0.0,,9.1,82.7,,,6.7,8.7,8.3,7.5,,,,,,,,,1.3,,,,,,,,,,,,,,,,,,,,,,,,,,,,,,,,,,,,,,,,,,,,,,,,,,,,,,,,,,,,,,16.9,7.9,,,,,,34.7,,,1.0,,,,,,,,3.0,,,,,,,,,,,,,,,,,,,,,,,,,,,,,,,,1.0,,,,2.0,,,,,,,,,,2.0,,,,,,,,1.0,,,,,,,,,,,,,,,45.0,,,3.3,,,,0.0,,,,,,,,3.3,,,,,,,,,,,,,,,,,,,,,,,,,,,,,,,,1.0,,,,3.1,,,,,,,,,,3.0,,,,,,,,1.7,,,,,,,,,,,,,
1961-01-30,762.8,,764.0,,761.3,,3.4,8.2,,-1.3,,2.4,94,77,,1.2,315.0,3.5,315.0,,0.6,2.0,0.1,,0.4,,2.7,24.5,,,6.3,6.8,7.2,6.9,,,,,,,,,8.1,,,,,,,,,,,,,,,,,,,,,,,,,,,,,,,,,,,,,,,,,,,,,,,,,,,,,,,,,,,,,,9.5,7.9,,,,,,20.1,,,,,,,,,,,1.0,,,,,,,,,,,,,,,,,,,,,,,,,,,,1.0,,,,,,,,2.0,,,,,,,,,,1.0,,,,1.0,,,,3.0,,,,,,,,,,1.0,,,,,45.0,,,3.0,,,,,,,,,,,,0.7,,,,,,,,,,,,,,,,,,,,,,,,,,,,1.0,,,,,,,,3.0,,,,,,,,,,1.2,,,,0.8,,,,3.0,,,,,,,,,,1.5,,,
1961-01-31,764.6,,766.2,,763.3,,4.3,10.6,,-0.8,,1.2,81,58,,2.1,270.0,4.5,225.0,,0.0,0.0,0.0,,0.0,,8.8,79.6,,,8.6,8.8,8.8,8.1,,,,,,,,,7.8,,,,,,,,,,,,,,,,,,,,,,,,,,,,,,,,,,,,,,,,,,,,,,,,,,,,,,,,,,,,,,11.4,7.8,,,,,,29.2,,,1.0,,,,,,,,,,,,,,,,,,,,,,,,,,,,,,,,,,,,,,,,1.0,,,,3.0,,,,,,,,,,5.0,,,,,,,,,,,,,,,,,,,,,,,225.0,,,3.8,,,,0.3,,,,,,,,,,,,,,,,,,,,,,,,,,,,,,,,,,,,,,,,1.8,,,,7.1,,,,,,,,,,8.0,,,,,,,,,,,,,,,,,,,,,
1961-02-01,765.7,,766.7,,764.9,,2.7,3.6,,2.0,,2.6,99,91,,2.9,225.0,5.0,247.5,,1.7,2.9,0.4,,0.6,,0.0,0.0,,,6.0,6.9,7.6,7.2,,,,,,,,,10.0,,,,,,,,,,,,,,,,,,,,,,,,,,,,,,,,,,,,,,,,,,,,,,,,,,,,,,,,,,,,,,1.6,8.2,,,,,,0.1,,,,,,,,,,,,,,,,,,,,,,,,,,,,,,,,,,,,,,,,,,,,,,,4.0,,,,,,2.0,,,,4.0,,,,,,,,,,,,,,,,,,,,,,,247.5,,,4.2,,,,,,,,,,,,,,,,,,,,,,,,,,,,,,,,,,,,,,,,,,,,,,,,10.8,,,,,,7.2,,,,7.5,,,,,,,,,,,,,,,,,,,,,
1961-02-02,762.9,,764.9,,761.7,,2.3,6.9,,0.4,,1.7,96,82,,1.8,270.0,4.0,225.0,,0.4,0.3,0.2,,0.4,,1.5,13.5,,,7.2,7.1,7.5,6.8,,,,,,,,,9.6,,,,,,,,,,,,,,,,,,,,,,,,,,,,,,,,,,,,,,,,,,,,,,,,,,,,,,,,,,,,,,6.5,7.6,,,,,,6.0,,,,,,,,,,,,,,,,,,,,,,,,,,,,,,,,,,,,,,,,,,,,,,,1.0,,,,,,1.0,,,,5.0,,,,,,,,,,,,,,,,,,3.0,,,,,225.0,,,4.0,,,,,,,,,,,,,,,,,,,,,,,,,,,,,,,,,,,,,,,,,,,,,,,,1.7,,,,,,2.3,,,,10.6,,,,,,,,,,,,,,,,,,5.7,,,
1961-02-03,763.9,,765.6,,762.5,,3.0,7.3,,0.5,,2.1,95,79,,1.8,360.0,6.9,90.0,,1.0,4.5,0.2,,0.4,,4.3,38.7,,,5.7,6.8,7.5,6.8,,,,,,,,,6.1,,,,,,,,,,,,,,,,,,,,,,,,,,,,,,,,,,,,,,,,,,,,,,,,,,,,,,,,,,,,,,6.8,7.6,,,,,,14.8,,,,,,,1.0,,,,,,,,,,,,,,,,,,,,,,2.0,,,,,,,,,,1.0,,,,,,,,1.0,,,,,,,,,,,,,,,,,,,,,,,,,,,,5.0,,,,,360.0,,,3.0,,,,,,,,1.3,,,,,,,,,,,,,,,,,,,,,,4.3,,,,,,,,,,2.7,,,,,,,,1.0,,,,,,,,,,,,,,,,,,,,,,,,,,,,8.4,,,
1961-02-04,766.3,,767.5,,765.2,,7.8,15.3,,1.9,,4.2,79,58,,1.9,180.0,4.2,135.0,,0.0,0.0,0.0,,0.0,,10.4,93.6,,,8.8,9.5,8.8,7.4,,,,,,,,,7.5,,,,,,,,,,,,,,,,,,,,,,,,,,,,,,,,,,,,,,,,,,,,,,,,,,,,,,,,,,,,,,13.4,7.7,,,,,,40.4,,,1.0,,,,,,,,,,,,,,,,,,2.0,,,,,,,,1.0,,,,,,1.0,,,,2.0,,,,,,,,1.0,,,,,,,,,,,,,,,,,,,,,,,,1.0,,,,1.0,,,,,135.0,,,4.0,,,,0.5,,,,,,,,,,,,,,,,,,2.0,,,,,,,,2.7,,,,,,3.0,,,,4.0,,,,,,,,2.7,,,,,,,,,,,,,,,,,,,,,,,,1.8,,,,1.7,,,
1961-02-05,766.3,,767.4,,765.3,,10.1,16.7,,6.3,,7.1,83,61,,2.1,360.0,5.0,180.0,,0.0,0.0,0.0,,0.0,,8.4,75.5,,,12.4,12.2,11.1,9.7,,,,,,,,,6.3,,,,,,,,,,,,,,,,,,,,,,,,,,,,,,,,,,,,,,,,,,,,,,,,,,,,,,,,,,,,,,10.4,9.0,,,,,,29.6,,,,,,,,,,,1.0,,,,,,,,,,,,,,,,,,,,,,,,,,,,,,,,,,,,,,,,,,,,,,4.0,,,,,,,,,,,,,,1.0,,,,4.0,,,,,180.0,,,3.3,,,,,,,,,,,,1.8,,,,,,,,,,,,,,,,,,,,,,,,,,,,,,,,,,,,,,,,,,,,,,7.6,,,,,,,,,,,,,,2.2,,,,8.6,,,
1961-02-06,764.4,,765.9,,763.4,,8.3,12.7,,6.6,,6.9,89,66,,2.3,270.0,5.0,225.0,,0.0,0.0,0.0,,0.0,,3.1,27.8,,,10.5,11.0,11.2,10.1,,,,,,,,,8.8,,,,,,,,,,,,,,,,,,,,,,,,,,,,,,,,,,,,,,,,,,,,,,,,,,,,,,,,,,,,,,6.1,9.8,,,,,,16.7,,,,,,,,,,,,,,,,,,,,,,,,,,,,,,,,,,,,,,,,,,,1.0,,,,1.0,,,,,,,,,,7.0,,,,,,,,,,,,,,,,,,1.0,,,,,270.0,,,4.7,,,,,,,,,,,,,,,,,,,,,,,,,,,,,,,,,,,,,,,,,,,,1.5,,,,3.7,,,,,,,,,,16.4,,,,,,,,,,,,,,,,,,1.7,,,
1961-02-07,764.4,,765.7,,763.6,,8.0,11.2,,6.1,,7.2,94,74,,2.5,270.0,6.5,270.0,,1.7,0.8,0.6,,1.7,,2.1,18.8,,,10.5,10.6,10.6,10.1,,,,,,,,,9.7,,,,,,,,,,,,,,,,,,,,,,,,,,,,,,,,,,,,,,,,,,,,,,,,,,,,,,,,,,,,,,5.1,9.9,,,,,,9.5,,,,,,,,,,,,,,,,,,,,,,,,,,,,,,,,,,,,,,,,,,,,,,,3.0,,,,,,1.0,,,,5.0,,,,,,,,1.0,,,,,,,,,,,,,,,270.0,,,4.7,,,,,,,,,,,,,,,,,,,,,,,,,,,,,,,,,,,,,,,,,,,,,,,,6.2,,,,,,2.5,,,,11.7,,,,,,,,2.0,,,,,,,,,,,,,
1961-02-08,764.5,,765.6,,763.6,,5.4,8.4,,3.0,,4.8,96,86,,1.7,270.0,4.0,270.0,,1.4,0.4,1.3,,1.3,,1.8,16.8,,,7.6,8.5,9.0,9.0,,,,,,,,,7.9,,,,,,,,,,,,,,,,,,,,,,,,,,,,,,,,,,,,,,,,,,,,,,,,,,,,,,,,,,,,,,5.4,9.6,,,,,,15.9,,,1.0,,,,,,,,,,,,,,,,,,,,,,,,,,,,,,,,,,,,,,,,,,,,2.0,,,,,,,,,,6.0,,,,1.0,,,,,,,,,,,,,,,,,,,225.0,,,3.5,,,,0.0,,,,,,,,,,,,,,,,,,,,,,,,,,,,,,,,,,,,,,,,,,,,5.2,,,,,,,,,,9.8,,,,1.3,,,,,,,,,,,,,,,,,
1961-02-09,763.8,,765.0,,762.6,,5.7,13.7,,0.7,,3.9,90,55,,1.1,315.0,3.3,315.0,,0.0,0.0,0.0,,0.0,,6.8,60.7,,,8.8,10.5,10.2,8.8,,,,,,,,,5.3,,,,,,,,,,,,,,,,,,,,,,,,,,,,,,,,,,,,,,,,,,,,,,,,,,,,,,,,,,,,,,13.0,9.3,,,,,,28.8,,,3.0,,,,,,,,,,,,,,,,,,,,,,,,,,,,,,,,2.0,,,,,,,,,,,,,,,,,,,,,,1.0,,,,2.0,,,,2.0,,,,,,,,,,,,,,,315.0,,,3.0,,,,0.0,,,,,,,,,,,,,,,,,,,,,,,,,,,,,,,,2.3,,,,,,,,,,,,,,,,,,,,,,0.7,,,,2.9,,,,3.7,,,,,,,,,,,,,
1961-02-10,763.6,,764.9,,762.7,,7.2,16.8,,-0.5,,2.9,77,43,,1.8,225.0,4.0,225.0,,0.0,0.0,0.0,,0.0,,10.5,93.5,,,9.4,10.9,10.5,9.1,,,,,,,,,2.8,,,,,,,,,,,,,,,,,,,,,,,,,,,,,,,,,,,,,,,,,,,,,,,,,,,,,,,,,,,,,,17.3,9.4,,,,,,38.3,,,2.0,,,,,,,,,,,,,,1.0,,,,,,,,,,,,,,,,,,1.0,,,,,,,,,,,,5.0,,,,,,1.0,,,,,,,,,,,,,,,,,,,,,,,,,,,225.0,,,3.7,,,,0.0,,,,,,,,,,,,,,0.7,,,,,,,,,,,,,,,,,,1.7,,,,,,,,,,,,13.9,,,,,,3.0,,,,,,,,,,,,,,,,,,,,,,,,,
1961-02-11,765.1,,766.3,,763.9,,10.2,16.4,,4.4,,6.7,80,61,,2.5,270.0,5.0,270.0,,0.0,0.0,0.0,,0.0,,8.8,78.2,,,11.4,11.7,11.2,10.0,,,,,,,,,4.4,,,,,,,,,,,,,,,,,,,,,,,,,,,,,,,,,,,,,,,,,,,,,,,,,,,,,,,,,,,,,,12.0,9.9,,,,,,31.7,,,,,,,,,,,,,,,,,,,,,,,,,,,,,,,,,,,,,,,,,,,,,,,4.0,,,,,,,,,,6.0,,,,,,,,,,,,,,,,,,,,,,,270.0,,,4.3,,,,,,,,,,,,,,,,,,,,,,,,,,,,,,,,,,,,,,,,,,,,,,,,7.9,,,,,,,,,,15.0,,,,,,,,,,,,,,,,,,,,,
1961-02-12,766.0,,766.9,,765.4,,9.7,15.6,,6.0,,7.8,88,68,,1.9,270.0,3.5,225.0,,0.0,0.0,0.0,,0.0,,9.6,85.2,,,12.6,12.5,12.4,11.3,,,,,,,,,4.9,,,,,,,,,,,,,,,,,,,,,,,,,,,,,,,,,,,,,,,,,,,,,,,,,,,,,,,,,,,,,,9.6,10.6,,,,,,33.3,,,1.0,,,,,,,,,,,,,,,,,,,,,,,,,,,,,,,,,,,,1.0,,,,,,,,3.0,,,,,,,,,,5.0,,,,,,,,,,,,,,,,,,,,,,,225.0,,,3.3,,,,0.2,,,,,,,,,,,,,,,,,,,,,,,,,,,,,,,,,,,,1.3,,,,,,,,6.6,,,,,,,,,,9.0,,,,,,,,,,,,,,,,,,,,,
1961-02-13,766.2,,767.3,,765.3,,9.2,16.4,,3.5,,6.8,85,60,,1.5,360.0,4.5,270.0,,0.0,0.0,0.0,,0.0,,10.4,92.1,,,10.9,12.3,12.3,11.0,,,,,,,,,1.8,,,,,,,,,,,,,,,,,,,,,,,,,,,,,,,,,,,,,,,,,,,,,,,,,,,,,,,,,,,,,,12.9,10.8,,,,,,35.0,,,3.0,,,,,,,,1.0,,,,,,,,,,,,,,,,,,,,,,,,,,,,1.0,,,,,,,,,,,,,,,,,,2.0,,,,,,,,1.0,,,,,,,,,,2.0,,,,,270.0,,,3.3,,,,0.5,,,,,,,,2.3,,,,,,,,,,,,,,,,,,,,,,,,,,,,1.7,,,,,,,,,,,,,,,,,,2.9,,,,,,,,1.8,,,,,,,,,,4.0,,,
1961-02-14,766.5,,767.4,,765.8,,9.7,17.8,,4.3,,6.2,77,48,,1.3,180.0,5.1,180.0,,0.0,0.0,0.0,,0.0,,10.4,91.9,,,12.4,12.7,12.8,11.9,,,,,,,,,4.8,,,,,,,,,,,,,,,,,,,,,,,,,,,,,,,,,,,,,,,,,,,,,,,,,,,,,,,,,,,,,,13.5,11.3,,,,,,35.8,,,4.0,,,,,,,,,,,,,,,,,,,,,,,,,,,,,,,,,,,,4.0,,,,1.0,,,,,,,,,,,,,,,,,,,,,,1.0,,,,,,,,,,,,,,,180.0,,,4.0,,,,0.0,,,,,,,,,,,,,,,,,,,,,,,,,,,,,,,,,,,,8.5,,,,2.7,,,,,,,,,,,,,,,,,,,,,,0.8,,,,,,,,,,,,,
1961-02-15,764.3,,766.6,,762.8,,10.3,17.9,,3.0,,1.7,55,41,,1.9,157.5,5.5,157.5,,0.0,0.0,0.0,,0.0,,10.6,93.5,,,12.0,13.0,12.7,11.8,,,,,,,,,0.0,,,,,,,,,,,,,,,,,,,,,,,,,,,,,,,,,,,,,,,,,,,,,,,,,,,,,,,,,,,,,,14.9,11.4,,,,,,37.9,,,1.0,,,,,,,,,,,,,,,,,,1.0,,,,,,,,1.0,,,,,,3.0,,,,2.0,,,,2.0,,,,,,,,,,,,,,,,,,,,,,,,,,,,,,,,,,,,,157.5,,,5.0,,,,0.0,,,,,,,,,,,,,,,,,,1.0,,,,,,,,2.0,,,,,,9.9,,,,2.5,,,,2.2,,,,,,,,,,,,,,,,,,,,,,,,,,,,,,,,,,,
1961-02-16,762.7,,763.3,,762.0,,9.4,14.0,,6.0,,3.1,68,41,,2.2,225.0,4.5,135.0,,0.0,0.0,0.0,,0.0,,10.0,88.0,,,12.4,12.5,12.5,11.8,,,,,,,,,7.0,,,,,,,,,,,,,,,,,,,,,,,,,,,,,,,,,,,,,,,,,,,,,,,,,,,,,,,,,,,,,,8.0,11.4,,,,,,32.5,,,,,,,,,,,,,,,,,,,,,2.0,,,,,,,,1.0,,,,,,,,,,1.0,,,,,,,,3.0,,,,,,,,,,1.0,,,,,,,,2.0,,,,,,,,,,,,,,,135.0,,,4.3,,,,,,,,,,,,,,,,,,,,,,4.3,,,,,,,,3.8,,,,,,,,,,1.3,,,,,,,,5.4,,,,,,,,,,1.5,,,,,,,,4.7,,,,,,,,,,,,,
1961-02-17,763.4,,764.4,,762.8,,7.5,10.4,,6.0,,6.0,90,70,,1.4,225.0,4.2,225.0,,7.9,7.9,1.0,,2.3,,0.0,0.0,,,12.0,11.7,11.9,11.7,,,,,,,,,9.9,,,,,,,,,,,,,,,,,,,,,,,,,,,,,,,,,,,,,,,,,,,,,,,,,,,,,,,,,,,,,,4.4,11.6,,,,,,13.4,,,2.0,,,,,,,,,,,,,,,,,,,,,,,,,,,,,,,,,,,,,,,,1.0,,,,3.0,,,,,,2.0,,,,2.0,,,,,,,,,,,,,,,,,,,,,,,270.0,,,3.0,,,,0.8,,,,,,,,,,,,,,,,,,,,,,,,,,,,,,,,,,,,,,,,1.3,,,,5.9,,,,,,1.7,,,,3.7,,,,,,,,,,,,,,,,,,,,,
1961-02-18,764.4,,765.8,,763.6,,7.3,10.2,,5.3,,6.2,94,76,,1.1,135.0,3.3,180.0,,9.3,7.7,0.6,,2.2,,0.0,0.0,,,10.8,10.5,10.8,10.7,,,,,,,,,10.0,,,,,,,,,,,,,,,,,,,,,,,,,,,,,,,,,,,,,,,,,,,,,,,,,,,,,,,,,,,,,,4.9,11.0,,,,,,15.8,,,3.0,,,,,,,,,,,,,,,,,,,,,,,,,,3.0,,,,,,,,,,1.0,,,,,,,,1.0,,,,,,,,,,1.0,,,,1.0,,,,,,,,,,,,,,,,,,,180.0,,,3.0,,,,0.0,,,,,,,,,,,,,,,,,,,,,,,,,,7.3,,,,,,,,,,1.7,,,,,,,,1.8,,,,,,,,,,0.7,,,,1.2,,,,,,,,,,,,,,,,,
1961-02-19,763.7,,764.8,,762.8,,8.9,12.8,,7.0,,7.7,92,79,,1.8,270.0,4.2,315.0,,3.6,3.3,0.8,,1.4,,3.6,31.5,,,12.7,12.5,12.1,11.1,,,,,,,,,8.9,,,,,,,,,,,,,,,,,,,,,,,,,,,,,,,,,,,,,,,,,,,,,,,,,,,,,,,,,,,,,,5.8,11.0,,,,,,6.9,,,1.0,,,,,,,,,,,,,,,,,,,,,,,,,,1.0,,,,,,2.0,,,,1.0,,,,,,,,,,,,,,,,,,3.0,,,,,,,,2.0,,,,,,,,,,,,,,,157.5,,,4.0,,,,0.0,,,,,,,,,,,,,,,,,,,,,,,,,,3.3,,,,,,4.7,,,,1.7,,,,,,,,,,,,,,,,,,5.2,,,,,,,,3.5,,,,,,,,,,,,,
1961-02-20,762.7,,763.7,,761.5,,8.8,13.1,,3.9,,6.7,87,65,,2.5,270.0,5.7,225.0,,0.0,0.0,0.0,,0.0,,5.2,45.5,,,11.0,11.6,12.1,11.2,,,,,,,,,5.9,,,,,,,,,,,,,,,,,,,,,,,,,,,,,,,,,,,,,,,,,,,,,,,,,,,,,,,,,,,,,,9.2,11.2,,,,,,19.1,,,,,,,,,,,1.0,,,,,,,,,,,,,,,,,,1.0,,,,,,,,,,,,,,,,,,4.0,,,,,,,,,,4.0,,,,,,,,,,,,,,,,,,,,,,,270.0,,,5.3,,,,,,,,,,,,1.0,,,,,,,,,,,,,,,,,,5.0,,,,,,,,,,,,,,,,,,7.7,,,,,,,,,,9.6,,,,,,,,,,,,,,,,,,,,,
1961-02-21,762.8,,763.9,,761.8,,8.6,11.5,,4.0,,7.0,90,78,,2.4,225.0,4.7,225.0,,0.5,1.1,0.2,,0.4,,2.2,19.2,,,11.4,11.2,11.1,10.5,,,,,,,,,9.4,,,,,,,,,,,,,,,,,,,,,,,,,,,,,,,,,,,,,,,,,,,,,,,,,,,,,,,,,,,,,,7.5,10.8,,,,,,17.1,,,,,,,,,,,,,,,,,,,,,,,,,,,,,,,,,,,,,,,,,,,,,,,6.0,,,,,,,,,,4.0,,,,,,,,,,,,,,,,,,,,,,,225.0,,,4.5,,,,,,,,,,,,,,,,,,,,,,,,,,,,,,,,,,,,,,,,,,,,,,,,17.0,,,,,,,,,,9.1,,,,,,,,,,,,,,,,,,,,,
1961-02-22,761.3,,762.6,,760.2,,8.0,8.9,,6.7,,8.0,99,95,,2.1,270.0,5.2,270.0,,33.4,7.0,1.8,,5.2,,0.0,0.0,,,9.4,9.7,10.2,10.1,,,,,,,,,10.0,,,,,,,,,,,,,,,,,,,,,,,,,,,,,,,,,,,,,,,,,,,,,,,,,,,,,,,,,,,,,,2.2,10.5,,,,,,0.1,,,,,,,,,,,1.0,,,,,,,,,,,,,,,,,,,,,,,,,,,,,,,,,,,,,,,,,,,,,,6.0,,,,,,,,1.0,,,,,,,,,,2.0,,,,,270.0,,,4.5,,,,,,,,,,,,2.7,,,,,,,,,,,,,,,,,,,,,,,,,,,,,,,,,,,,,,,,,,,,,,16.3,,,,,,,,1.2,,,,,,,,,,4.2,,,
1961-02-23,761.4,,762.0,,760.6,,6.5,9.0,,5.4,,6.3,99,92,,1.6,247.5,4.2,247.5,,11.6,4.5,1.2,,5.9,,0.0,0.0,,,10.0,9.9,9.7,9.4,,,,,,,,,10.0,,,,,,,,,,,,,,,,,,,,,,,,,,,,,,,,,,,,,,,,,,,,,,,,,,,,,,,,,,,,,,3.6,10.0,,,,,,17.3,,,,,,,,,,,,,,,,,,,,,,,,,,,,,1.0,,,,,,,,,,,,,,,,,,4.0,,,,,,4.0,,,,1.0,,,,,,,,,,,,,,,,,,,,,,,247.5,,,3.5,,,,,,,,,,,,,,,,,,,,,,,,,,,,,,1.0,,,,,,,,,,,,,,,,,,6.5,,,,,,8.8,,,,1.0,,,,,,,,,,,,,,,,,,,,,
1961-02-24,761.8,,762.8,,761.0,,5.6,6.8,,4.0,,5.4,99,92,,2.3,247.5,5.0,247.5,,6.3,3.3,2.0,,4.0,,0.0,0.0,,,8.4,9.0,9.5,9.0,,,,,,,,,9.9,,,,,,,,,,,,,,,,,,,,,,,,,,,,,,,,,,,,,,,,,,,,,,,,,,,,,,,,,,,,,,2.8,9.7,,,,,,5.5,,,1.0,,,,,,,,,,,,,,,,,,,,,,,,,,,,,,,,1.0,,,,,,,,,,,,,,,,,,6.0,,,,2.0,,,,,,,,,,,,,,,,,,,,,,,247.5,,,4.7,,,,0.5,,,,,,,,,,,,,,,,,,,,,,,,,,,,,,,,2.3,,,,,,,,,,,,,,,,,,19.2,,,,1.9,,,,,,,,,,,,,,,,,,,,,
1961-02-25,762.6,,763.2,,762.0,,4.7,5.6,,3.8,,4.7,100,99,,1.4,247.5,4.9,247.5,,12.8,6.3,2.6,,5.7,,0.0,0.0,,,7.8,8.1,8.4,8.2,,,,,,,,,10.0,,,,,,,,,,,,,,,,,,,,,,,,,,,,,,,,,,,,,,,,,,,,,,,,,,,,,,,,,,,,,,1.8,9.2,,,,,,0.1,,,1.0,,,,,,,,,,,,,,,,,,,,,,,,,,,,,,,,,,,,,,,,,,,,1.0,,,,,,5.0,,,,3.0,,,,,,,,,,,,,,,,,,,,,,,247.5,,,3.5,,,,0.0,,,,,,,,,,,,,,,,,,,,,,,,,,,,,,,,,,,,,,,,,,,,1.3,,,,,,11.1,,,,3.9,,,,,,,,,,,,,,,,,,,,,
1961-02-26,762.7,,763.3,,762.1,,2.6,4.2,,-0.5,,2.4,99,92,,0.7,270.0,3.8,225.0,,4.4,5.3,0.8,,2.5,,0.0,0.0,,,6.4,7.1,7.5,7.3,,,,,,,,,10.0,,,,,,,,,,,,,,,,,,,,,,,,,,,,,,,,,,,,,,,,,,,,,,,,,,,,,,,,,,,,,,4.7,8.6,,,,,,0.1,,,5.0,,,,,,,,,,,,,,,,,,,,,,,,,,1.0,,,,,,,,,,,,,,1.0,,,,1.0,,,,,,,,,,2.0,,,,,,,,,,,,,,,,,,,,,,,225.0,,,2.2,,,,1.0,,,,,,,,,,,,,,,,,,,,,,,,,,0.8,,,,,,,,,,,,,,0.7,,,,2.0,,,,,,,,,,2.4,,,,,,,,,,,,,,,,,,,,,
1961-02-27,763.0,,763.7,,762.5,,1.9,9.0,,-4.5,,-0.4,83,39,,1.0,202.5,3.1,270.0,,0.0,0.0,0.0,,0.0,,6.9,59.5,,,6.5,7.9,8.0,6.8,,,,,,,,,4.4,,,,,,,,,,,,,,,,,,,,,,,,,,,,,,,,,,,,,,,,,,,,,,,,,,,,,,,,,,,,,,13.5,7.8,,,,,,30.4,,,3.0,,,,,,,,,,,,,,,,,,,,,,,,,,,,,,,,,,,,,,,,2.0,,,,2.0,,,,,,1.0,,,,,,,,1.0,,,,1.0,,,,,,,,,,,,,,,202.5,,,2.3,,,,0.3,,,,,,,,,,,,,,,,,,,,,,,,,,,,,,,,,,,,,,,,3.4,,,,1.4,,,,,,0.8,,,,,,,,1.3,,,,1.0,,,,,,,,,,,,,
1961-02-28,763.9,,765.0,,762.8,,3.3,9.1,,-1.5,,1.5,88,66,,1.3,180.0,3.4,22.5,,0.1,0.7,0.1,,0.1,,4.7,40.4,,,6.6,7.9,8.5,7.5,,,,,,,,,4.9,,,,,,,,,,,,,,,,,,,,,,,,,,,,,,,,,,,,,,,,,,,,,,,,,,,,,,,,,,,,,,10.6,8.2,,,,,,20.9,,,4.0,,,,1.0,,,,,,,,,,,,,,1.0,,,,,,,,,,,,,,,,,,2.0,,,,,,,,,,,,,,,,,,,,,,,,,,1.0,,,,,,,,,,1.0,,,,,22.5,,,3.3,,,,0.0,,,,3.3,,,,,,,,,,,,,,1.7,,,,,,,,,,,,,,,,,,5.3,,,,,,,,,,,,,,,,,,,,,,,,,,1.3,,,,,,,,,,0.7,,,
1961-03-01,765.7,,767.2,,764.8,,4.9,13.0,,-1.5,,2.8,87,58,,0.7,180.0,3.1,180.0,,0.0,0.0,0.0,,0.0,,6.9,59.3,,,9.4,10.2,9.7,8.0,,,,,,,,,3.1,,,,,,,,,,,,,,,,,,,,,,,,,,,,,,,,,,,,,,,,,,,,,,,,,,,,,,,,,,,,,,14.5,8.3,,,,,,33.3,,,8.0,,,,,,,,,,,,,,,,,,,,,,,,,,,,,,,,,,,,2.0,,,,,,,,,,,,,,,,,,,,,,,,,,,,,,,,,,,,,,,,,180.0,,,2.2,,,,1.7,,,,,,,,,,,,,,,,,,,,,,,,,,,,,,,,,,,,1.9,,,,,,,,,,,,,,,,,,,,,,,,,,,,,,,,,,,,,,,
1961-03-02,766.8,,767.9,,766.1,,7.1,15.0,,0.7,,5.0,87,62,,0.9,135.0,3.2,157.5,,0.0,0.0,0.0,,0.0,,7.8,66.9,,,10.2,10.7,10.4,8.9,,,,,,,,,3.4,,,,,,,,,,,,,,,,,,,,,,,,,,,,,,,,,,,,,,,,,,,,,,,,,,,,,,,,,,,,,,14.3,8.9,,,,,,35.8,,,4.0,,,,,,,,,,,,,,2.0,,,,,,,,,,,,2.0,,,,,,,,,,,,,,,,,,1.0,,,,,,,,,,,,,,,,,,,,,,,,,,,,1.0,,,,,157.5,,,3.0,,,,0.5,,,,,,,,,,,,,,2.3,,,,,,,,,,,,2.5,,,,,,,,,,,,,,,,,,1.3,,,,,,,,,,,,,,,,,,,,,,,,,,,,1.7,,,
1961-03-03,766.1,,767.0,,765.3,,8.3,15.1,,3.2,,5.8,85,66,,1.5,315.0,4.2,157.5,,0.0,0.0,0.0,,0.0,,7.0,59.9,,,10.4,11.6,11.7,10.3,,,,,,,,,4.1,,,,,,,,,,,,,,,,,,,,,,,,,,,,,,,,,,,,,,,,,,,,,,,,,,,,,,,,,,,,,,11.9,9.8,,,,,,30.4,,,,,,,,,,,1.0,,,,,,1.0,,,,,,,,,,,,2.0,,,,,,,,,,,,,,,,,,1.0,,,,,,,,,,2.0,,,,,,,,3.0,,,,,,,,,,,,,,,157.5,,,4.0,,,,,,,,,,,,3.3,,,,,,2.2,,,,,,,,,,,,3.0,,,,,,,,,,,,,,,,,,0.7,,,,,,,,,,3.8,,,,,,,,3.3,,,,,,,,,,,,,
1961-03-04,766.4,,767.1,,765.7,,10.2,18.9,,2.5,,6.6,79,54,,1.2,225.0,2.7,225.0,,0.0,0.0,0.0,,0.0,,10.6,90.5,,,13.9,13.8,12.7,11.0,,,,,,,,,0.6,,,,,,,,,,,,,,,,,,,,,,,,,,,,,,,,,,,,,,,,,,,,,,,,,,,,,,,,,,,,,,16.4,10.4,,,,,,35.8,,,1.0,,,,,,,,,,,,,,1.0,,,,,,,,,,,,2.0,,,,,,,,,,,,,,,,,,3.0,,,,,,,,,,3.0,,,,,,,,,,,,,,,,,,,,,,,45.0,,,2.5,,,,0.5,,,,,,,,,,,,,,1.7,,,,,,,,,,,,1.7,,,,,,,,,,,,,,,,,,3.7,,,,,,,,,,3.5,,,,,,,,,,,,,,,,,,,,,
1961-03-05,766.5,,767.3,,765.8,,11.2,17.0,,6.3,,9.2,86,62,,1.6,225.0,4.0,225.0,,0.2,0.2,0.2,,0.2,,6.0,51.1,,,13.7,13.8,13.5,12.1,,,,,,,,,7.0,,,,,,,,,,,,,,,,,,,,,,,,,,,,,,,,,,,,,,,,,,,,,,,,,,,,,,,,,,,,,,10.7,11.3,,,,,,27.9,,,,,,,,,,,,,,,,,,,,,,,,,,,,,,,,,,,,,,,4.0,,,,,,,,6.0,,,,,,,,,,,,,,,,,,,,,,,,,,,,,,,,,225.0,,,3.0,,,,,,,,,,,,,,,,,,,,,,,,,,,,,,,,,,,,,,,,5.9,,,,,,,,12.3,,,,,,,,,,,,,,,,,,,,,,,,,,,,,,,
1961-03-06,766.5,,767.6,,765.4,,10.5,14.8,,7.5,,9.4,93,75,,1.5,270.0,3.3,225.0,,0.0,0.0,0.0,,0.0,,5.4,45.6,,,15.4,14.4,13.9,13.0,,,,,,,,,9.1,,,,,,,,,,,,,,,,,,,,,,,,,,,,,,,,,,,,,,,,,,,,,,,,,,,,,,,,,,,,,,7.3,11.9,,,,,,18.1,,,,,,,,,,,,,,,,,,,,,2.0,,,,,,,,,,,,,,,,,,1.0,,,,,,,,2.0,,,,,,2.0,,,,3.0,,,,,,,,,,,,,,,,,,,,,,,225.0,,,3.0,,,,,,,,,,,,,,,,,,,,,,2.3,,,,,,,,,,,,,,,,,,0.8,,,,,,,,2.8,,,,,,2.2,,,,4.0,,,,,,,,,,,,,,,,,,,,,
1961-03-07,767.5,,768.4,,766.9,,9.7,14.0,,5.2,,8.0,90,70,,1.3,270.0,3.4,270.0,,0.0,0.0,0.0,,0.0,,6.3,53.3,,,13.0,13.3,13.3,12.6,,,,,,,,,6.1,,,,,,,,,,,,,,,,,,,,,,,,,,,,,,,,,,,,,,,,,,,,,,,,,,,,,,,,,,,,,,8.8,12.0,,,,,,30.0,,,1.0,,,,,,,,,,,,,,,,,,,,,,,,,,,,,,,,,,,,,,,,,,,,,,,,,,,,,,6.0,,,,,,,,3.0,,,,,,,,,,,,,,,270.0,,,3.2,,,,0.0,,,,,,,,,,,,,,,,,,,,,,,,,,,,,,,,,,,,,,,,,,,,,,,,,,,,,,7.7,,,,,,,,7.0,,,,,,,,,,,,,
1961-03-08,767.6,,768.3,,766.7,,9.5,16.4,,4.5,,8.5,93,68,,1.5,270.0,3.1,225.0,,1.9,1.8,0.5,,1.3,,4.8,40.7,,,12.3,13.2,13.4,12.3,,,,,,,,,6.7,,,,,,,,,,,,,,,,,,,,,,,,,,,,,,,,,,,,,,,,,,,,,,,,,,,,,,,,,,,,,,11.9,11.9,,,,,,25.1,,,,,,,,,,,,,,,,,,,,,,,,,,,,,2.0,,,,,,,,,,,,,,,,,,2.0,,,,,,,,,,6.0,,,,,,,,,,,,,,,,,,,,,,,225.0,,,2.5,,,,,,,,,,,,,,,,,,,,,,,,,,,,,,2.7,,,,,,,,,,,,,,,,,,4.0,,,,,,,,,,9.2,,,,,,,,,,,,,,,,,,,,,
1961-03-09,767.3,,768.3,,766.5,,9.1,11.0,,7.8,,8.9,98,89,,1.9,270.0,5.4,270.0,,18.6,8.5,2.4,,6.3,,0.0,0.0,,,13.1,12.9,13.0,12.4,,,,,,,,,10.0,,,,,,,,,,,,,,,,,,,,,,,,,,,,,,,,,,,,,,,,,,,,,,,,,,,,,,,,,,,,,,3.2,12.1,,,,,,2.1,,,,,,,,,,,,,,,,,,,,,,,,,,,,,,,,,,,,,,,,,,,,,,,3.0,,,,,,1.0,,,,6.0,,,,,,,,,,,,,,,,,,,,,,,270.0,,,4.7,,,,,,,,,,,,,,,,,,,,,,,,,,,,,,,,,,,,,,,,,,,,,,,,5.7,,,,,,1.2,,,,13.0,,,,,,,,,,,,,,,,,,,,,
1961-03-10,767.0,,768.0,,765.9,,8.3,9.2,,7.4,,8.3,100,97,,1.5,247.5,2.9,292.5,,5.4,7.7,0.5,,2.0,,0.0,0.0,,,11.2,11.6,12.0,11.6,,,,,,,,,10.0,,,,,,,,,,,,,,,,,,,,,,,,,,,,,,,,,,,,,,,,,,,,,,,,,,,,,,,,,,,,,,1.8,11.8,,,,,,0.3,,,,,,,,,,,,,,,,,,,,,,,,,,,,,,,,,,,,,,,1.0,,,,,,,,1.0,,,,,,3.0,,,,1.0,,,,3.0,,,,1.0,,,,,,,,,,,,,,,292.5,,,2.3,,,,,,,,,,,,,,,,,,,,,,,,,,,,,,,,,,,,,,,,0.7,,,,,,,,0.8,,,,,,4.0,,,,1.3,,,,3.5,,,,2.0,,,,,,,,,,,,,
1961-03-11,766.7,,768.4,,765.7,,8.4,9.5,,7.2,,8.2,98,88,,1.7,247.5,3.7,247.5,,7.0,4.2,1.2,,4.5,,0.0,0.0,,,10.9,11.2,11.3,10.9,,,,,,,,,10.0,,,,,,,,,,,,,,,,,,,,,,,,,,,,,,,,,,,,,,,,,,,,,,,,,,,,,,,,,,,,,,2.3,11.4,,,,,,6.7,,,,,,,,,,,,,,,,,,,,,,,,,,,,,1.0,,,,,,,,,,,,,,1.0,,,,2.0,,,,,,3.0,,,,2.0,,,,,,,,,,,,,,,,,,1.0,,,,,225.0,,,3.2,,,,,,,,,,,,,,,,,,,,,,,,,,,,,,2.0,,,,,,,,,,,,,,2.2,,,,4.3,,,,,,5.7,,,,3.0,,,,,,,,,,,,,,,,,,1.0,,,
1961-03-12,768.3,,769.6,,767.6,,9.7,12.4,,7.5,,9.5,99,93,,1.3,157.5,3.4,157.5,,5.4,3.1,3.1,,4.5,,0.0,0.0,,,11.6,11.9,11.9,11.3,,,,,,,,,9.3,,,,,,,,,,,,,,,,,,,,,,,,,,,,,,,,,,,,,,,,,,,,,,,,,,,,,,,,,,,,,,4.9,11.3,,,,,,4.9,,,2.0,,,,,,,,,,,,,,,,,,1.0,,,,,,,,1.0,,,,,,2.0,,,,,,,,,,,,1.0,,,,,,1.0,,,,,,,,1.0,,,,,,,,,,1.0,,,,,,,,,157.5,,,2.7,,,,0.8,,,,,,,,,,,,,,,,,,1.2,,,,,,,,1.5,,,,,,4.2,,,,,,,,,,,,1.8,,,,,,1.3,,,,,,,,1.5,,,,,,,,,,1.0,,,,,,,
1961-03-13,769.8,,771.1,,769.0,,10.2,14.4,,5.9,,9.0,93,79,,1.4,180.0,3.2,225.0,,0.0,0.0,0.0,,0.0,,8.3,69.7,,,13.2,13.2,13.1,12.2,,,,,,,,,7.7,,,,,,,,,,,,,,,,,,,,,,,,,,,,,,,,,,,,,,,,,,,,,,,,,,,,,,,,,,,,,,8.5,11.7,,,,,,16.0,,,2.0,,,,,,,,,,,,,,,,,,,,,,,,,,,,,,,,,,,,4.0,,,,1.0,,,,3.0,,,,,,,,,,,,,,,,,,,,,,,,,,,,,,,,,225.0,,,2.5,,,,1.0,,,,,,,,,,,,,,,,,,,,,,,,,,,,,,,,,,,,5.5,,,,1.3,,,,5.2,,,,,,,,,,,,,,,,,,,,,,,,,,,,,,,
1961-03-14,770.1,,771.0,,769.1,,9.4,16.3,,3.8,,7.9,91,68,,1.0,157.5,2.9,157.5,,0.0,0.0,0.0,,0.0,,5.7,47.7,,,12.4,13.5,13.4,12.3,,,,,,,,,4.6,,,,,,,,,,,,,,,,,,,,,,,,,,,,,,,,,,,,,,,,,,,,,,,,,,,,,,,,,,,,,,12.5,11.9,,,,,,30.0,,,3.0,,,,,,,,,,,,,,,,,,,,,,,,,,,,,,,,3.0,,,,,,,,,,,,,,,,,,1.0,,,,1.0,,,,,,,,2.0,,,,,,,,,,,,,,,157.5,,,2.3,,,,1.5,,,,,,,,,,,,,,,,,,,,,,,,,,,,,,,,4.4,,,,,,,,,,,,,,,,,,1.3,,,,1.0,,,,,,,,2.5,,,,,,,,,,,,,
1961-03-15,768.0,,770.3,,766.5,,8.7,15.1,,2.4,,6.9,88,58,,1.1,270.0,2.8,157.5,,0.0,0.0,0.0,,0.0,,5.6,46.8,,,12.0,11.9,13.0,12.1,,,,,,,,,6.9,,,,,,,,,,,,,,,,,,,,,,,,,,,,,,,,,,,,,,,,,,,,,,,,,,,,,,,,,,,,,,12.7,12.0,,,,,,23.0,,,1.0,,,,,,,,,,,,,,,,,,,,,,,,,,1.0,,,,,,1.0,,,,2.0,,,,,,,,1.0,,,,,,,,,,3.0,,,,1.0,,,,,,,,,,,,,,,,,,,157.5,,,2.3,,,,0.5,,,,,,,,,,,,,,,,,,,,,,,,,,1.0,,,,,,1.7,,,,2.0,,,,,,,,1.7,,,,,,,,,,3.3,,,,1.7,,,,,,,,,,,,,,,,,
1961-03-16,765.7,,767.3,,764.3,,8.5,10.3,,7.2,,8.1,98,90,,1.6,135.0,3.8,270.0,,0.0,0.0,0.0,,0.0,,0.0,0.0,,,11.4,11.9,12.3,11.9,,,,,,,,,10.0,,,,,,,,,,,,,,,,,,,,,,,,,,,,,,,,,,,,,,,,,,,,,,,,,,,,,,,,,,,,,,3.1,12.1,,,,,,6.2,,,,,,,,,,,,,,,,,1.0,,,,,,,,1.0,,,,4.0,,,,,,,,,,,,,,,,,,,,,,,,1.0,,,,2.0,,,,,,,,1.0,,,,,,,,,,,,,,,135.0,,,2.5,,,,,,,,,,,,,,,,,,1.5,,,,,,,,0.8,,,,6.5,,,,,,,,,,,,,,,,,,,,,,,,1.3,,,,3.0,,,,,,,,1.2,,,,,,,,,,,,,
1961-03-17,765.9,,767.0,,765.2,,9.4,13.8,,5.3,,6.0,83,50,,1.6,157.5,4.2,157.5,,0.0,0.0,0.0,,0.0,,6.8,56.7,,,12.7,12.8,12.8,12.0,,,,,,,,,8.0,,,,,,,,,,,,,,,,,,,,,,,,,,,,,,,,,,,,,,,,,,,,,,,,,,,,,,,,,,,,,,8.5,11.8,,,,,,17.6,,,1.0,,,,,,,,,,,,,,,,,,,,,,,,,,2.0,,,,,,4.0,,,,1.0,,,,,,,,,,,,,,,,,,1.0,,,,,,,,1.0,,,,,,,,,,,,,,,157.5,,,3.3,,,,0.5,,,,,,,,,,,,,,,,,,,,,,,,,,3.5,,,,,,8.7,,,,1.8,,,,,,,,,,,,,,,,,,1.5,,,,,,,,0.8,,,,,,,,,,,,,
1961-03-18,766.4,,767.6,,765.6,,11.3,16.9,,8.2,,6.2,72,58,,1.6,135.0,4.1,157.5,,0.0,0.0,0.0,,0.0,,6.9,57.4,,,14.3,14.3,13.6,12.7,,,,,,,,,6.6,,,,,,,,,,,,,,,,,,,,,,,,,,,,,,,,,,,,,,,,,,,,,,,,,,,,,,,,,,,,,,8.7,12.1,,,,,,26.4,,,,,,,1.0,,,,,,,,,,1.0,,,,,,,,,,,,3.0,,,,,,2.0,,,,,,,,,,,,,,,,,,1.0,,,,1.0,,,,1.0,,,,,,,,,,,,,,,,,,,157.5,,,3.3,,,,,,,,1.5,,,,,,,,,,1.3,,,,,,,,,,,,4.8,,,,,,3.6,,,,,,,,,,,,,,,,,,1.3,,,,1.8,,,,0.7,,,,,,,,,,,,,,,,,
1961-03-19,765.8,,766.7,,765.0,,11.3,18.7,,6.7,,5.2,67,47,,1.5,135.0,3.0,180.0,,0.0,0.0,0.0,,0.0,,9.1,75.5,,,15.1,15.0,14.3,13.1,,,,,,,,,4.8,,,,,,,,,,,,,,,,,,,,,,,,,,,,,,,,,,,,,,,,,,,,,,,,,,,,,,,,,,,,,,12.0,12.4,,,,,,34.2,,,,,,,,,,,,,,,,,,,,,,,,,,,,,4.0,,,,,,,,,,2.0,,,,1.0,,,,3.0,,,,,,,,,,,,,,,,,,,,,,,,,,,,,,,,,180.0,,,2.7,,,,,,,,,,,,,,,,,,,,,,,,,,,,,,6.2,,,,,,,,,,3.7,,,,1.3,,,,4.1,,,,,,,,,,,,,,,,,,,,,,,,,,,,,,,
1961-03-20,765.5,,766.3,,764.4,,11.7,18.7,,6.4,,5.8,68,49,,1.8,225.0,4.4,247.5,,0.0,0.0,0.0,,0.0,,9.2,76.1,,,15.6,15.5,14.9,13.6,,,,,,,,,5.1,,,,,,,,,,,,,,,,,,,,,,,,,,,,,,,,,,,,,,,,,,,,,,,,,,,,,,,,,,,,,,12.3,12.8,,,,,,34.2,,,,,,,,,,,,,,,,,,,,,,,,,,,,,,,,,,,,,,,1.0,,,,,,,,6.0,,,,,,3.0,,,,,,,,,,,,,,,,,,,,,,,,,,,247.5,,,3.2,,,,,,,,,,,,,,,,,,,,,,,,,,,,,,,,,,,,,,,,2.7,,,,,,,,9.2,,,,,,6.7,,,,,,,,,,,,,,,,,,,,,,,,,
1961-03-21,766.3,,767.3,,765.5,,12.0,18.1,,8.0,,8.9,82,56,,2.1,247.5,3.8,225.0,,0.0,0.0,0.0,,0.0,,8.2,67.8,,,17.4,16.5,15.6,14.4,,,,,,,,,4.8,,,,,,,,,,,,,,,,,,,,,,,,,,,,,,,,,,,,,,,,,,,,,,,,,,,,,,,,,,,,,,10.1,13.4,,,,,,29.7,,,,,,,,,,,,,,,,,,,,,,,,,,,,,,,,,,,,,,,1.0,,,,1.0,,,,4.0,,,,,,4.0,,,,,,,,,,,,,,,,,,,,,,,,,,,225.0,,,3.0,,,,,,,,,,,,,,,,,,,,,,,,,,,,,,,,,,,,,,,,1.5,,,,2.2,,,,8.7,,,,,,10.0,,,,,,,,,,,,,,,,,,,,,,,,,
1961-03-22,766.1,,767.3,,764.8,,11.8,17.1,,8.6,,10.0,89,64,,1.5,247.5,3.6,270.0,,0.0,0.0,0.0,,0.0,,0.6,4.9,,,16.2,16.3,15.9,14.6,,,,,,,,,5.8,,,,,,,,,,,,,,,,,,,,,,,,,,,,,,,,,,,,,,,,,,,,,,,,,,,,,,,,,,,,,,8.5,13.8,,,,,,20.1,,,1.0,,,,,,,,,,,,,,,,,,,,,,,,,,,,,,,,,,,,,,,,1.0,,,,,,,,,,6.0,,,,2.0,,,,,,,,,,,,,,,,,,,,,,,270.0,,,2.7,,,,0.5,,,,,,,,,,,,,,,,,,,,,,,,,,,,,,,,,,,,,,,,1.7,,,,,,,,,,7.5,,,,3.3,,,,,,,,,,,,,,,,,,,,,
1961-03-23,763.8,,765.7,,761.8,,10.1,14.1,,7.4,,9.7,98,83,,1.5,225.0,3.9,225.0,,4.2,1.7,2.2,,3.9,,0.7,5.8,,,12.8,13.6,14.2,13.8,,,,,,,,,8.6,,,,,,,,,,,,,,,,,,,,,,,,,,,,,,,,,,,,,,,,,,,,,,,,,,,,,,,,,,,,,,6.7,13.7,,,,,,7.9,,,1.0,,,,,,,,,,,,,,,,,,,,,,,,,,,,,,,,,,,,,,,,,,,,7.0,,,,,,,,,,2.0,,,,,,,,,,,,,,,,,,,,,,,225.0,,,3.2,,,,0.3,,,,,,,,,,,,,,,,,,,,,,,,,,,,,,,,,,,,,,,,,,,,11.5,,,,,,,,,,2.1,,,,,,,,,,,,,,,,,,,,,
1961-03-24,762.4,,763.1,,761.6,,8.5,10.5,,6.5,,8.3,98,92,,2.0,225.0,6.2,337.5,,19.9,10.0,2.2,,6.7,,0.7,5.7,,,10.6,11.7,12.6,12.4,,,,,,,,,10.0,,,,,,,,,,,,,,,,,,,,,,,,,,,,,,,,,,,,,,,,,,,,,,,,,,,,,,,,,,,,,,4.0,13.0,,,,,,4.4,,,,,,,,,,,,,,,,,,,,,,,,,,,,,,,,,,,,,,,,,,,,,,,6.0,,,,,,,,,,2.0,,,,,,,,1.0,,,,,,,,,,1.0,,,,,337.5,,,4.0,,,,,,,,,,,,,,,,,,,,,,,,,,,,,,,,,,,,,,,,,,,,,,,,12.7,,,,,,,,,,3.4,,,,,,,,1.7,,,,,,,,,,2.0,,,
1961-03-25,759.5,,761.8,,757.9,,9.3,12.4,,7.7,,9.3,100,93,,2.7,247.5,14.2,247.5,,123.9,15.8,6.3,,24.8,,0.0,0.0,,,9.6,10.7,10.9,10.5,,,,,,,,,10.0,,,,,,,,,,,,,,,,,,,,,,,,,,,,,,,,,,,,,,,,,,,,,,,,,,,,,,,,,,,,,,4.7,10.4,,,,,,0.1,,,1.0,,,,1.0,,,,,,,,,,,,,,,,,,,,,,,,,,,,,,,,,,,,,,,,1.0,,,,,,4.0,,,,1.0,,,,1.0,,,,,,,,,,,,,,1.0,,,,,247.5,,,5.2,,,,0.5,,,,1.0,,,,,,,,,,,,,,,,,,,,,,,,,,,,,,,,,,,,,,,,3.5,,,,,,11.6,,,,3.2,,,,3.5,,,,,,,,,,,,,,2.7,,,
1961-03-26,760.8,,762.0,,760.1,,8.5,13.0,,5.6,,7.6,94,68,,1.7,247.5,4.4,247.5,,1.1,0.9,0.5,,0.7,,5.8,47.4,,,14.6,14.3,13.3,12.0,,,,,,,,,6.6,,,,,,,,,,,,,,,,,,,,,,,,,,,,,,,,,,,,,,,,,,,,,,,,,,,,,,,,,,,,,,7.4,11.3,,,,,,18.8,,,,,,,,,,,,,,,,,,,,,,,,,,,,,,,,,,,,,,,,,,,2.0,,,,4.0,,,,,,4.0,,,,,,,,,,,,,,,,,,,,,,,,,,,247.5,,,3.2,,,,,,,,,,,,,,,,,,,,,,,,,,,,,,,,,,,,,,,,,,,,2.0,,,,6.2,,,,,,8.8,,,,,,,,,,,,,,,,,,,,,,,,,
1961-03-27,763.5,,765.2,,761.8,,4.4,8.5,,-0.6,,4.2,97,86,,1.5,225.0,6.0,247.5,,2.8,3.8,0.4,,1.5,,2.6,21.2,,,10.9,11.6,12.2,11.8,,,,,,,,,8.4,,,,,,,,,,,,,,,,,,,,,,,,,,,,,,,,,,,,,,,,,,,,,,,,,,,,,,,,,,,,,,9.1,12.0,,,,,,5.9,,,,,,,,,,,,,,,,,,,,,,,,,,,,,,,,,,,,,,,3.0,,,,,,,,4.0,,,,,,2.0,,,,1.0,,,,,,,,,,,,,,,,,,,,,,,247.5,,,3.2,,,,,,,,,,,,,,,,,,,,,,,,,,,,,,,,,,,,,,,,4.0,,,,,,,,6.2,,,,,,2.0,,,,2.0,,,,,,,,,,,,,,,,,,,,,
1961-03-28,765.8,,767.1,,764.5,,3.9,11.2,,-2.0,,2.3,89,44,,0.7,202.5,2.5,225.0,,0.8,4.3,0.1,,0.3,,6.2,50.5,,,11.8,12.2,11.7,10.2,,,,,,,,,6.3,,,,,,,,,,,,,,,,,,,,,,,,,,,,,,,,,,,,,,,,,,,,,,,,,,,,,,,,,,,,,,13.2,11.6,,,,,,23.8,,,4.0,,,,,,,,,,,,,,,,,,,,,,,,,,,,,,,,,,,,1.0,,,,2.0,,,,2.0,,,,,,,,,,,,,,,,,,1.0,,,,,,,,,,,,,,,180.0,,,2.2,,,,0.3,,,,,,,,,,,,,,,,,,,,,,,,,,,,,,,,,,,,1.5,,,,2.0,,,,1.5,,,,,,,,,,,,,,,,,,1.0,,,,,,,,,,,,,
1961-03-29,767.3,,768.6,,766.2,,5.4,12.8,,-1.4,,2.6,86,57,,1.1,45.0,2.7,45.0,,0.0,0.0,0.0,,0.0,,6.8,55.4,,,11.5,12.7,12.5,11.1,,,,,,,,,5.1,,,,,,,,,,,,,,,,,,,,,,,,,,,,,,,,,,,,,,,,,,,,,,,,,,,,,,,,,,,,,,14.2,11.5,,,,,,25.0,,,3.0,,,,,,,,3.0,,,,,,,,,,,,,,,,,,,,,,,,1.0,,,,,,,,,,,,,,,,,,,,,,,,,,1.0,,,,,,,,,,,,,,2.0,,,,,45.0,,,2.2,,,,0.2,,,,,,,,5.1,,,,,,,,,,,,,,,,,,,,,,,,1.8,,,,,,,,,,,,,,,,,,,,,,,,,,1.3,,,,,,,,,,,,,,2.3,,,
1961-03-30,767.6,,768.7,,766.4,,5.9,12.4,,1.2,,4.1,88,56,,1.3,45.0,3.2,45.0,,0.0,0.0,0.0,,0.0,,5.7,46.3,,,10.5,11.6,12.4,11.4,,,,,,,,,6.9,,,,,,,,,,,,,,,,,,,,,,,,,,,,,,,,,,,,,,,,,,,,,,,,,,,,,,,,,,,,,,11.2,11.2,,,,,,22.3,,,2.0,,,,,,,,3.0,,,,,,1.0,,,,1.0,,,,,,,,,,,,,,,,,,,,,,,,,,1.0,,,,,,,,,,,,,,,,,,1.0,,,,,,1.0,,,,,,,,,45.0,,,3.0,,,,0.3,,,,,,,,6.1,,,,,,1.2,,,,1.8,,,,,,,,,,,,,,,,,,,,,,,,,,1.5,,,,,,,,,,,,,,,,,,0.7,,,,,,1.0,,,,,,,
1961-03-31,767.3,,768.7,,766.2,,5.4,12.0,,0.0,,4.0,91,54,,0.5,315.0,2.5,67.5,,0.0,0.0,0.0,,0.0,,6.3,51.1,,,9.2,10.5,11.3,10.8,,,,,,,,,5.9,,,,,,,,,,,,,,,,,,,,,,,,,,,,,,,,,,,,,,,,,,,,,,,,,,,,,,,,,,,,,,12.0,10.6,,,,,,19.7,,,6.0,,,,,,,,,,,,,,,,,,,,,,,,,,,,,,,,,,,,,,,,,,,,1.0,,,,,,,,,,,,,,1.0,,,,2.0,,,,,,,,,,,,,,,67.5,,,2.3,,,,0.0,,,,,,,,,,,,,,,,,,,,,,,,,,,,,,,,,,,,,,,,,,,,0.8,,,,,,,,,,,,,,1.0,,,,2.6,,,,,,,,,,,,,
1961-04-01,766.7,,768.0,,765.4,,5.5,12.4,,-0.4,,4.0,90,52,,0.8,225.0,2.5,270.0,,0.0,0.0,0.0,,0.0,,6.4,51.9,,,8.7,10.1,10.7,10.9,,,,,,,,,4.4,,,,,,,,,,,,,,,,,,,,,,,,,,,,,,,,,,,,,,,,,,,,,,,,,,,,,,,,,,,,,,12.8,10.1,,,,,,21.9,,,6.0,,,,,,,,,,,,,,,,,,,,,,,,,,,,,,,,,,,,,,,,,,,,2.0,,,,,,,,,,1.0,,,,,,,,1.0,,,,,,,,,,,,,,,270.0,,,2.3,,,,1.0,,,,,,,,,,,,,,,,,,,,,,,,,,,,,,,,,,,,,,,,,,,,2.0,,,,,,,,,,1.3,,,,,,,,1.5,,,,,,,,,,,,,
1961-04-02,766.6,,767.7,,765.8,,7.4,14.6,,1.6,,5.8,90,70,,0.8,315.0,2.7,67.5,,0.0,0.0,0.0,,0.0,,7.6,61.5,,,11.4,11.8,12.1,11.8,,,,,,,,,6.9,,,,,,,,,,,,,,,,,,,,,,,,,,,,,,,,,,,,,,,,,,,,,,,,,,,,,,,,,,,,,,13.0,10.9,,,,,,19.3,,,6.0,,,,,,,,,,,,,,,,,,,,,,,,,,,,,,,,,,,,,,,,1.0,,,,,,,,,,,,,,1.0,,,,,,,,2.0,,,,,,,,,,,,,,,67.5,,,2.3,,,,1.3,,,,,,,,,,,,,,,,,,,,,,,,,,,,,,,,,,,,,,,,1.3,,,,,,,,,,,,,,0.7,,,,,,,,2.8,,,,,,,,,,,,,
1961-04-03,766.4,,767.4,,765.2,,11.5,17.6,,5.8,,6.0,69,52,,1.6,157.5,4.0,157.5,,0.0,0.0,0.0,,0.0,,10.2,82.3,,,15.4,14.5,13.7,12.9,,,,,,,,,5.6,,,,,,,,,,,,,,,,,,,,,,,,,,,,,,,,,,,,,,,,,,,,,,,,,,,,,,,,,,,,,,11.8,12.3,,,,,,36.2,,,,,,,,,,,,,,,,,,,,,,,,,1.0,,,,3.0,,,,,,3.0,,,,1.0,,,,,,,,1.0,,,,,,,,,,1.0,,,,,,,,,,,,,,,,,,,,,,,157.5,,,3.2,,,,,,,,,,,,,,,,,,,,,,,,,,2.5,,,,4.6,,,,,,6.7,,,,1.8,,,,,,,,1.2,,,,,,,,,,2.5,,,,,,,,,,,,,,,,,,,,,
1961-04-04,766.4,,767.3,,765.4,,12.5,18.7,,9.2,,4.8,61,46,,1.8,225.0,4.0,112.5,,0.0,0.0,0.0,,0.0,,10.3,83.0,,,16.2,15.5,14.7,13.6,,,,,,,,,7.0,,,,,,,,,,,,,,,,,,,,,,,,,,,,,,,,,,,,,,,,,,,,,,,,,,,,,,,,,,,,,,9.5,13.2,,,,,,35.8,,,,,,,,,,,,,,,,,,,,,1.0,,,,1.0,,,,,,,,,,,,,,1.0,,,,,,,,4.0,,,,,,,,,,3.0,,,,,,,,,,,,,,,,,,,,,,,112.5,,,3.3,,,,,,,,,,,,,,,,,,,,,,2.3,,,,1.3,,,,,,,,,,,,,,2.3,,,,,,,,7.0,,,,,,,,,,5.5,,,,,,,,,,,,,,,,,,,,,
1961-04-05,766.1,,767.0,,764.6,,11.8,19.0,,6.0,,6.8,74,47,,1.2,180.0,2.7,180.0,,0.0,0.0,0.0,,0.0,,10.6,85.2,,,16.7,16.2,15.6,14.1,,,,,,,,,3.2,,,,,,,,,,,,,,,,,,,,,,,,,,,,,,,,,,,,,,,,,,,,,,,,,,,,,,,,,,,,,,13.0,13.9,,,,,,31.5,,,1.0,,,,,,,,,,,,,,,,,,,,,,,,,,,,,,,,,,,,5.0,,,,,,,,2.0,,,,,,,,,,2.0,,,,,,,,,,,,,,,,,,,,,,,180.0,,,2.5,,,,0.3,,,,,,,,,,,,,,,,,,,,,,,,,,,,,,,,,,,,9.0,,,,,,,,1.8,,,,,,,,,,3.0,,,,,,,,,,,,,,,,,,,,,
1961-04-06,766.4,,767.8,,765.0,,9.9,17.4,,5.0,,7.6,87,63,,1.0,270.0,3.2,135.0,,2.1,2.2,0.9,,1.4,,3.8,30.5,,,15.6,14.9,14.1,14.0,,,,,,,,,7.8,,,,,,,,,,,,,,,,,,,,,,,,,,,,,,,,,,,,,,,,,,,,,,,,,,,,,,,,,,,,,,12.4,13.7,,,,,,24.4,,,1.0,,,,,,,,,,,,,,,,,,,,,,,,,,1.0,,,,,,,,,,2.0,,,,,,,,3.0,,,,,,,,,,3.0,,,,,,,,,,,,,,,,,,,,,,,135.0,,,3.0,,,,0.0,,,,,,,,,,,,,,,,,,,,,,,,,,2.2,,,,,,,,,,2.3,,,,,,,,3.2,,,,,,,,,,3.5,,,,,,,,,,,,,,,,,,,,,
1961-04-07,765.6,,766.7,,764.4,,11.8,18.4,,6.5,,9.5,86,66,,1.0,270.0,3.3,157.5,,0.0,0.0,0.0,,0.0,,6.2,49.7,,,15.7,15.9,14.7,14.6,,,,,,,,,6.1,,,,,,,,,,,,,,,,,,,,,,,,,,,,,,,,,,,,,,,,,,,,,,,,,,,,,,,,,,,,,,11.9,14.1,,,,,,16.6,,,4.0,,,,,,,,,,,,,,,,,,,,,,,,,,1.0,,,,,,2.0,,,,,,,,,,,,,,,,,,,,,,3.0,,,,,,,,,,,,,,,,,,,,,,,157.5,,,3.2,,,,0.0,,,,,,,,,,,,,,,,,,,,,,,,,,0.7,,,,,,4.9,,,,,,,,,,,,,,,,,,,,,,2.8,,,,,,,,,,,,,,,,,,,,,
1961-04-08,766.3,,767.5,,765.4,,12.7,20.8,,6.2,,7.5,72,50,,1.3,225.0,2.5,180.0,,0.0,0.0,0.0,,0.0,,10.8,86.4,,,17.6,17.1,16.8,15.6,,,,,,,,,3.4,,,,,,,,,,,,,,,,,,,,,,,,,,,,,,,,,,,,,,,,,,,,,,,,,,,,,,,,,,,,,,14.6,13.6,,,,,,32.7,,,1.0,,,,,,,,,,,,,,,,,,,,,,,,,,,,,,,,,,,,1.0,,,,,,,,3.0,,,,,,,,,,3.0,,,,,,,,2.0,,,,,,,,,,,,,,,180.0,,,2.3,,,,0.5,,,,,,,,,,,,,,,,,,,,,,,,,,,,,,,,,,,,2.2,,,,,,,,4.1,,,,,,,,,,3.9,,,,,,,,1.9,,,,,,,,,,,,,
1961-04-09,766.6,,767.6,,765.5,,10.9,15.8,,6.2,,8.4,85,66,,1.0,225.0,2.5,180.0,,-9.8,0.0,-9.8,,-9.8,,4.4,34.1,,,13.5,14.1,13.4,14.6,,,,,,,,,9.4,,,,,,,,,,,,,,,,,,,,,,,,,,,,,,,,,,,,,,,,,,,,,,,,,,,,,,,,,,,,,,9.6,14.0,,,,,,15.2,,,2.0,,,,,,,,,,,,,,,,,,,,,,,,,,,,,,,,,,,,2.0,,,,,,,,5.0,,,,,,,,,,1.0,,,,,,,,,,,,,,,,,,,,,,,180.0,,,2.2,,,,0.3,,,,,,,,,,,,,,,,,,,,,,,,,,,,,,,,,,,,2.0,,,,,,,,5.7,,,,,,,,,,1.3,,,,,,,,,,,,,,,,,,,,,
1961-04-10,766.5,,767.6,,765.2,,10.4,15.4,,6.3,,9.1,91,57,,1.0,180.0,3.5,180.0,,0.2,0.3,0.2,,0.2,,2.2,17.5,,,13.8,13.9,14.1,14.1,,,,,,,,,7.5,,,,,,,,,,,,,,,,,,,,,,,,,,,,,,,,,,,,,,,,,,,,,,,,,,,,,,,,,,,,,,9.1,13.8,,,,,,13.9,,,4.0,,,,,,,,,,,,,,1.0,,,,,,,,,,,,,,,,,,,,,,3.0,,,,,,,,,,,,,,,,,,2.0,,,,,,,,,,,,,,,,,,,,,,,180.0,,,3.2,,,,0.3,,,,,,,,,,,,,,0.8,,,,,,,,,,,,,,,,,,,,,,4.1,,,,,,,,,,,,,,,,,,2.3,,,,,,,,,,,,,,,,,,,,,
1961-04-11,767.0,,768.5,,765.7,,12.0,16.4,,8.8,,8.9,82,57,,1.5,270.0,3.3,180.0,,0.0,0.0,0.0,,0.0,,3.0,23.9,,,14.8,14.5,14.7,14.5,,,,,,,,,9.3,,,,,,,,,,,,,,,,,,,,,,,,,,,,,,,,,,,,,,,,,,,,,,,,,,,,,,,,,,,,,,7.6,14.1,,,,,,8.5,,,,,,,,,,,,,,,,,,,,,,,,,,,,,,,,,,,3.0,,,,1.0,,,,2.0,,,,,,,,,,,,,,4.0,,,,,,,,,,,,,,,,,,,,,,,180.0,,,3.2,,,,,,,,,,,,,,,,,,,,,,,,,,,,,,,,,,,,4.5,,,,1.5,,,,3.0,,,,,,,,,,,,,,5.8,,,,,,,,,,,,,,,,,,,,,
1961-04-12,766.6,,768.3,,764.9,,12.9,18.6,,10.0,,9.5,81,58,,1.6,157.5,3.3,157.5,,0.0,0.0,0.0,,0.0,,2.2,17.5,,,14.7,15.1,15.1,14.7,,,,,,,,,9.5,,,,,,,,,,,,,,,,,,,,,,,,,,,,,,,,,,,,,,,,,,,,,,,,,,,,,,,,,,,,,,8.6,14.2,,,,,,16.2,,,1.0,,,,,,,,,,,,,,,,,,1.0,,,,,,,,,,,,,,5.0,,,,,,,,2.0,,,,,,,,,,1.0,,,,,,,,,,,,,,,,,,,,,,,,,,,135.0,,,3.0,,,,0.0,,,,,,,,,,,,,,,,,,1.5,,,,,,,,,,,,,,10.6,,,,,,,,2.9,,,,,,,,,,1.2,,,,,,,,,,,,,,,,,,,,,,,,,
1961-04-13,765.0,,766.9,,763.2,,13.4,18.2,,9.2,,7.3,66,45,,1.5,157.5,3.2,157.5,,0.0,0.0,0.0,,0.0,,5.7,45.2,,,15.6,15.5,15.5,14.9,,,,,,,,,8.7,,,,,,,,,,,,,,,,,,,,,,,,,,,,,,,,,,,,,,,,,,,,,,,,,,,,,,,,,,,,,,9.0,14.6,,,,,,19.8,,,,,,,,,,,1.0,,,,,,,,,,,,,,,,,,1.0,,,,,,4.0,,,,,,,,2.0,,,,1.0,,,,,,,,,,1.0,,,,,,,,,,,,,,,,,,,,,,,157.5,,,2.8,,,,,,,,,,,,2.8,,,,,,,,,,,,,,,,,,1.3,,,,,,5.6,,,,,,,,2.5,,,,1.3,,,,,,,,,,0.8,,,,,,,,,,,,,,,,,,,,,
1961-04-14,761.0,,763.8,,759.6,,8.6,11.2,,4.6,,7.9,98,73,,2.5,270.0,6.5,270.0,,88.5,9.4,9.5,,33.0,,0.0,0.0,,,9.7,11.2,12.1,12.4,,,,,,,,,9.4,,,,,,,,,,,,,,,,,,,,,,,,,,,,,,,,,,,,,,,,,,,,,,,,,,,,,,,,,,,,,,6.6,11.9,,,,,,0.1,,,1.0,,,,,,,,1.0,,,,,,,,,,,,,,,,,,,,,,,,,,,,1.0,,,,,,,,1.0,,,,,,,,,,5.0,,,,,,,,,,,,,,1.0,,,,,,,,,270.0,,,4.8,,,,0.0,,,,,,,,1.5,,,,,,,,,,,,,,,,,,,,,,,,,,,,2.0,,,,,,,,2.2,,,,,,,,,,17.4,,,,,,,,,,,,,,2.3,,,,,,,
1961-04-15,762.6,,764.6,,761.4,,7.5,12.4,,2.9,,7.1,96,83,,1.1,180.0,2.4,225.0,,-9.8,0.0,-9.8,,-9.8,,3.5,27.6,,,11.8,11.9,11.9,11.3,,,,,,,,,8.0,,,,,,,,,,,,,,,,,,,,,,,,,,,,,,,,,,,,,,,,,,,,,,,,,,,,,,,,,,,,,,9.5,11.1,,,,,,12.5,,,2.0,,,,,,,,,,,,,,1.0,,,,1.0,,,,,,,,,,,,,,1.0,,,,3.0,,,,,,,,1.0,,,,,,,,,,,,,,,,,,1.0,,,,,,,,,,,,,,,225.0,,,2.0,,,,0.0,,,,,,,,,,,,,,1.2,,,,1.3,,,,,,,,,,,,,,1.0,,,,4.2,,,,,,,,1.0,,,,,,,,,,,,,,,,,,1.0,,,,,,,,,,,,,
1961-04-16,764.6,,765.3,,764.0,,7.2,11.1,,3.8,,6.5,95,86,,0.9,180.0,2.0,270.0,,-9.8,0.0,-9.8,,-9.8,,3.8,30.0,,,10.2,11.0,11.5,11.0,,,,,,,,,5.9,,,,,,,,,,,,,,,,,,,,,,,,,,,,,,,,,,,,,,,,,,,,,,,,,,,,,,,,,,,,,,7.3,10.7,,,,,,14.3,,,1.0,,,,,,,,,,,,,,,,,,1.0,,,,,,,,1.0,,,,,,,,,,2.0,,,,1.0,,,,,,,,,,,,,,2.0,,,,1.0,,,,1.0,,,,,,,,,,,,,,,180.0,,,1.7,,,,0.3,,,,,,,,,,,,,,,,,,0.7,,,,,,,,0.7,,,,,,,,,,2.0,,,,1.5,,,,,,,,,,,,,,1.8,,,,1.2,,,,1.3,,,,,,,,,,,,,
1961-04-17,764.7,,765.6,,764.1,,8.8,13.0,,3.4,,7.3,90,62,,1.2,180.0,3.0,360.0,,5.4,2.6,1.4,,2.0,,1.8,14.2,,,11.6,11.6,11.7,10.9,,,,,,,,,8.6,,,,,,,,,,,,,,,,,,,,,,,,,,,,,,,,,,,,,,,,,,,,,,,,,,,,,,,,,,,,,,9.6,10.7,,,,,,22.0,,,1.0,,,,,,,,,,,,,,,,,,1.0,,,,,,,,,,,,,,,,,,2.0,,,,2.0,,,,,,,,,,1.0,,,,,,,,2.0,,,,,,,,,,,,,,1.0,,,,,225.0,,,2.3,,,,0.0,,,,,,,,,,,,,,,,,,1.0,,,,,,,,,,,,,,,,,,3.0,,,,2.3,,,,,,,,,,2.0,,,,,,,,1.6,,,,,,,,,,,,,,1.0,,,
1961-04-18,764.5,,765.3,,763.9,,10.9,13.5,,8.0,,10.1,94,85,,1.1,225.0,3.0,135.0,,3.8,0.8,1.0,,3.7,,0.0,0.0,,,13.4,12.8,12.7,12.1,,,,,,,,,9.3,,,,,,,,,,,,,,,,,,,,,,,,,,,,,,,,,,,,,,,,,,,,,,,,,,,,,,,,,,,,,,5.5,11.7,,,,,,18.5,,,2.0,,,,,,,,,,,,,,,,,,,,,,,,,,,,,,,,2.0,,,,1.0,,,,,,,,4.0,,,,,,,,,,1.0,,,,,,,,,,,,,,,,,,,,,,,157.5,,,2.5,,,,0.3,,,,,,,,,,,,,,,,,,,,,,,,,,,,,,,,3.0,,,,0.8,,,,,,,,3.7,,,,,,,,,,1.0,,,,,,,,,,,,,,,,,,,,,
1961-04-19,764.5,,765.3,,763.7,,12.3,18.3,,7.5,,9.8,84,65,,1.7,135.0,3.3,135.0,,0.0,0.0,0.0,,0.0,,5.2,40.8,,,14.9,14.4,14.2,13.3,,,,,,,,,8.3,,,,,,,,,,,,,,,,,,,,,,,,,,,,,,,,,,,,,,,,,,,,,,,,,,,,,,,,,,,,,,10.8,13.4,,,,,,18.7,,,,,,,,,,,1.0,,,,,,,,,,,,,,,,,,4.0,,,,,,1.0,,,,,,,,,,,,3.0,,,,,,,,,,,,,,,,,,1.0,,,,,,,,,,,,,,,157.5,,,3.0,,,,,,,,,,,,1.0,,,,,,,,,,,,,,,,,,8.3,,,,,,2.5,,,,,,,,,,,,3.0,,,,,,,,,,,,,,,,,,0.7,,,,,,,,,,,,,
1961-04-20,764.7,,765.5,,763.0,,12.2,18.0,,9.7,,9.9,85,68,,1.4,45.0,4.0,45.0,,0.0,0.0,0.0,,0.0,,3.5,27.4,,,15.2,15.1,15.0,13.9,,,,,,,,,8.4,,,,,,,,,,,,,,,,,,,,,,,,,,,,,,,,,,,,,,,,,,,,,,,,,,,,,,,,,,,,,,8.3,13.9,,,,,,20.4,,,,,,,,,,,4.0,,,,,,,,,,,,,,,,,,2.0,,,,,,,,,,1.0,,,,,,,,2.0,,,,,,,,,,1.0,,,,,,,,,,,,,,,,,,,,,,,45.0,,,2.7,,,,,,,,,,,,4.7,,,,,,,,,,,,,,,,,,2.7,,,,,,,,,,1.7,,,,,,,,4.0,,,,,,,,,,0.8,,,,,,,,,,,,,,,,,,,,,
1961-04-21,763.2,,765.3,,761.5,,10.4,13.3,,9.4,,9.0,92,70,,2.0,225.0,5.5,225.0,,82.4,11.9,8.0,,19.0,,0.0,0.0,,,12.2,12.9,13.5,12.8,,,,,,,,,10.0,,,,,,,,,,,,,,,,,,,,,,,,,,,,,,,,,,,,,,,,,,,,,,,,,,,,,,,,,,,,,,3.9,13.2,,,,,,14.3,,,1.0,,,,1.0,,,,,,,,,,,,,,,,,,,,,,,,,,,,,,,,,,,,,,,,2.0,,,,,,,,,,1.0,,,,1.0,,,,,,,,,,2.0,,,,2.0,,,,,270.0,,,3.0,,,,0.5,,,,1.7,,,,,,,,,,,,,,,,,,,,,,,,,,,,,,,,,,,,,,,,5.0,,,,,,,,,,3.0,,,,2.3,,,,,,,,,,4.0,,,,3.4,,,
1961-04-22,763.1,,764.2,,762.3,,10.5,15.3,,5.6,,9.4,93,75,,1.6,225.0,4.9,225.0,,3.2,1.8,0.5,,2.2,,3.2,25.0,,,14.5,14.5,14.0,12.9,,,,,,,,,8.1,,,,,,,,,,,,,,,,,,,,,,,,,,,,,,,,,,,,,,,,,,,,,,,,,,,,,,,,,,,,,,9.7,12.9,,,,,,14.3,,,,,,,,,,,,,,,,,,,,,,,,,,,,,,,,,,,,,,,1.0,,,,,,,,4.0,,,,,,2.0,,,,1.0,,,,,,,,1.0,,,,,,,,,,1.0,,,,,225.0,,,3.3,,,,,,,,,,,,,,,,,,,,,,,,,,,,,,,,,,,,,,,,1.0,,,,,,,,7.9,,,,,,2.7,,,,2.7,,,,,,,,1.7,,,,,,,,,,1.7,,,
1961-04-23,765.2,,766.0,,764.0,,10.8,17.7,,4.5,,8.4,87,64,,0.9,225.0,2.0,225.0,,1.1,1.7,0.4,,0.8,,8.3,64.7,,,16.1,15.4,14.9,13.9,,,,,,,,,5.5,,,,,,,,,,,,,,,,,,,,,,,,,,,,,,,,,,,,,,,,,,,,,,,,,,,,,,,,,,,,,,13.2,13.6,,,,,,30.4,,,2.0,,,,,,,,,,,,,,,,,,,,,,,,,,,,,,,,,,,,2.0,,,,1.0,,,,3.0,,,,,,,,,,2.0,,,,,,,,,,,,,,,,,,,,,,,225.0,,,1.7,,,,0.0,,,,,,,,,,,,,,,,,,,,,,,,,,,,,,,,,,,,2.1,,,,0.8,,,,3.8,,,,,,,,,,2.2,,,,,,,,,,,,,,,,,,,,,
1961-04-24,766.7,,767.9,,765.8,,11.7,16.5,,8.4,,10.7,93,75,,1.5,225.0,4.0,225.0,,15.6,5.1,2.4,,6.8,,3.5,27.3,,,14.8,15.2,15.5,14.5,,,,,,,,,8.8,,,,,,,,,,,,,,,,,,,,,,,,,,,,,,,,,,,,,,,,,,,,,,,,,,,,,,,,,,,,,,8.1,14.1,,,,,,16.6,,,,,,,,,,,,,,,,,,,,,,,,,,,,,,,,,,,3.0,,,,1.0,,,,1.0,,,,3.0,,,,,,,,,,1.0,,,,,,,,,,,,,,,,,,1.0,,,,,270.0,,,2.7,,,,,,,,,,,,,,,,,,,,,,,,,,,,,,,,,,,,3.5,,,,2.0,,,,1.7,,,,5.5,,,,,,,,,,2.2,,,,,,,,,,,,,,,,,,1.7,,,
1961-04-25,766.0,,767.6,,764.7,,12.2,15.9,,9.2,,10.2,88,73,,1.3,225.0,3.0,157.5,,3.3,2.3,0.8,,2.2,,4.5,35.0,,,16.3,16.0,16.0,14.7,,,,,,,,,7.4,,,,,,,,,,,,,,,,,,,,,,,,,,,,,,,,,,,,,,,,,,,,,,,,,,,,,,,,,,,,,,6.7,14.8,,,,,,20.4,,,1.0,,,,,,,,,,,,,,,,,,1.0,,,,,,,,,,,,,,,,,,,,,,,,,,6.0,,,,,,,,,,2.0,,,,,,,,,,,,,,,,,,,,,,,180.0,,,2.7,,,,0.0,,,,,,,,,,,,,,,,,,0.8,,,,,,,,,,,,,,,,,,,,,,,,,,8.5,,,,,,,,,,2.0,,,,,,,,,,,,,,,,,,,,,
1961-04-26,764.2,,765.5,,763.2,,11.6,13.2,,10.5,,11.6,100,99,,1.6,225.0,3.1,225.0,,35.3,11.9,2.7,,2.8,,0.0,0.0,,,13.9,14.2,14.6,14.2,,,,,,,,,10.0,,,,,,,,,,,,,,,,,,,,,,,,,,,,,,,,,,,,,,,,,,,,,,,,,,,,,,,,,,,,,,2.7,14.3,,,,,,0.1,,,,,,,,,,,,,,,,,,,,,,,,,,,,,,,,,,,,,,,,,,,,,,,6.0,,,,,,,,,,4.0,,,,,,,,,,,,,,,,,,,,,,,225.0,,,2.5,,,,,,,,,,,,,,,,,,,,,,,,,,,,,,,,,,,,,,,,,,,,,,,,10.0,,,,,,,,,,7.0,,,,,,,,,,,,,,,,,,,,,
1961-04-27,764.1,,765.3,,762.4,,10.2,11.3,,9.6,,10.3,100,99,,1.4,225.0,2.6,270.0,,24.3,21.4,2.0,,3.6,,0.0,0.0,,,12.6,12.9,13.3,13.0,,,,,,,,,10.0,,,,,,,,,,,,,,,,,,,,,,,,,,,,,,,,,,,,,,,,,,,,,,,,,,,,,,,,,,,,,,1.7,13.1,,,,,,0.1,,,,,,,,,,,,,,,,,,,,,,,,,,,,,,,,,,,,,,,,,,,,,,,4.0,,,,,,1.0,,,,4.0,,,,,,,,,,,,,,1.0,,,,,,,,,270.0,,,2.3,,,,,,,,,,,,,,,,,,,,,,,,,,,,,,,,,,,,,,,,,,,,,,,,5.7,,,,,,1.3,,,,5.2,,,,,,,,,,,,,,0.7,,,,,,,
1961-04-28,765.4,,766.7,,764.3,,11.0,14.2,,9.4,,10.4,95,83,,1.8,225.0,3.0,225.0,,0.6,2.0,0.2,,0.4,,2.5,19.3,,,16.3,15.1,14.3,13.8,,,,,,,,,9.3,,,,,,,,,,,,,,,,,,,,,,,,,,,,,,,,,,,,,,,,,,,,,,,,,,,,,,,,,,,,,,4.8,13.5,,,,,,8.3,,,,,,,,,,,,,,,,,,,,,,,,,,,,,,,,,,,3.0,,,,,,,,,,,,5.0,,,,,,,,,,2.0,,,,,,,,,,,,,,,,,,,,,,,225.0,,,2.8,,,,,,,,,,,,,,,,,,,,,,,,,,,,,,,,,,,,5.0,,,,,,,,,,,,8.9,,,,,,,,,,1.5,,,,,,,,,,,,,,,,,,,,,
1961-04-29,767.1,,768.2,,765.9,,11.9,16.5,,9.5,,10.6,91,77,,1.3,180.0,3.3,157.5,,14.6,2.1,9.3,,11.0,,4.9,37.8,,,14.8,15.1,15.1,14.3,,,,,,,,,8.7,,,,,,,,,,,,,,,,,,,,,,,,,,,,,,,,,,,,,,,,,,,,,,,,,,,,,,,,,,,,,,7.0,14.4,,,,,,16.7,,,,,,,,,,,,,,,,,,,,,,,,,,,,,1.0,,,,,,1.0,,,,4.0,,,,,,,,,,,,,,2.0,,,,2.0,,,,,,,,,,,,,,,,,,,,,,,157.5,,,3.0,,,,,,,,,,,,,,,,,,,,,,,,,,,,,,2.2,,,,,,2.0,,,,5.0,,,,,,,,,,,,,,2.3,,,,1.7,,,,,,,,,,,,,,,,,,,,,
1961-04-30,767.1,,768.0,,766.0,,11.0,14.3,,7.2,,10.3,96,88,,1.1,180.0,2.8,157.5,,7.2,6.1,1.5,,2.9,,4.6,35.5,,,14.3,14.3,14.6,14.2,,,,,,,,,9.3,,,,,,,,,,,,,,,,,,,,,,,,,,,,,,,,,,,,,,,,,,,,,,,,,,,,,,,,,,,,,,7.1,14.3,,,,,,6.0,,,,,,,,,,,,,,,,,,,,,,,,,,,,,,,,,,,1.0,,,,2.0,,,,,,,,2.0,,,,,,1.0,,,,1.0,,,,,,,,1.0,,,,,,,,,,2.0,,,,,157.5,,,2.3,,,,,,,,,,,,,,,,,,,,,,,,,,,,,,,,,,,,1.0,,,,3.0,,,,,,,,2.2,,,,,,1.0,,,,0.7,,,,,,,,0.8,,,,,,,,,,1.7,,,
1961-05-01,765.4,,766.9,,764.4,,10.8,17.2,,6.6,,9.8,94,80,,1.4,180.0,2.5,270.0,,0.7,0.7,0.7,,0.7,,8.1,62.4,,,15.6,14.8,14.9,14.2,,,,,,,,,5.3,,,,,,,,,,,,,,,,,,,,,,,,,,,,,,,,,,,,,,,,,,,,,,,,,,,,,,,,,,,,,,10.6,14.6,,,,,,22.4,,,1.0,,,,,,,,,,,,,,,,,,,,,,,,,,1.0,,,,,,1.0,,,,3.0,,,,1.0,,,,2.0,,,,,,,,,,1.0,,,,,,,,,,,,,,,,,,,,,,,135.0,,,2.0,,,,0.3,,,,,,,,,,,,,,,,,,,,,,,,,,2.0,,,,,,1.2,,,,4.0,,,,1.2,,,,2.8,,,,,,,,,,1.7,,,,,,,,,,,,,,,,,,,,,
1961-05-02,764.5,,765.5,,763.6,,12.7,18.4,,7.0,,9.5,81,65,,1.7,135.0,4.0,135.0,,0.0,0.0,0.0,,0.0,,11.0,84.6,,,17.8,17.2,16.5,15.3,,,,,,,,,3.9,,,,,,,,,,,,,,,,,,,,,,,,,,,,,,,,,,,,,,,,,,,,,,,,,,,,,,,,,,,,,,11.4,15.3,,,,,,31.9,,,,,,,,,,,,,,,,,,,,,,,,,,,,,4.0,,,,,,,,,,2.0,,,,1.0,,,,,,,,,,,,,,3.0,,,,,,,,,,,,,,,,,,,,,,,135.0,,,3.2,,,,,,,,,,,,,,,,,,,,,,,,,,,,,,8.7,,,,,,,,,,4.6,,,,1.2,,,,,,,,,,,,,,5.3,,,,,,,,,,,,,,,,,,,,,
1961-05-03,764.7,,765.6,,764.0,,12.8,19.7,,8.5,,9.3,81,60,,1.6,225.0,3.5,270.0,,1.9,2.0,0.5,,1.0,,8.6,66.1,,,18.0,17.6,17.1,16.0,,,,,,,,,4.4,,,,,,,,,,,,,,,,,,,,,,,,,,,,,,,,,,,,,,,,,,,,,,,,,,,,,,,,,,,,,,11.2,16.2,,,,,,30.8,,,,,,,,,,,,,,,,,,,,,,,,,,,,,,,,,,,1.0,,,,1.0,,,,1.0,,,,3.0,,,,,,,,,,2.0,,,,,,,,2.0,,,,,,,,,,,,,,,180.0,,,3.0,,,,,,,,,,,,,,,,,,,,,,,,,,,,,,,,,,,,1.2,,,,1.2,,,,1.3,,,,4.4,,,,,,,,,,4.2,,,,,,,,2.5,,,,,,,,,,,,,
1961-05-04,763.9,,764.9,,763.3,,11.5,16.8,,6.6,,9.3,87,65,,1.6,225.0,3.1,225.0,,0.0,0.0,0.0,,0.0,,6.9,52.9,,,16.8,16.9,16.7,15.8,,,,,,,,,6.7,,,,,,,,,,,,,,,,,,,,,,,,,,,,,,,,,,,,,,,,,,,,,,,,,,,,,,,,,,,,,,10.2,16.1,,,,,,21.2,,,,,,,,,,,,,,,,,,,,,,,,,,,,,,,,,,,1.0,,,,3.0,,,,2.0,,,,3.0,,,,,,,,,,1.0,,,,,,,,,,,,,,,,,,,,,,,225.0,,,2.7,,,,,,,,,,,,,,,,,,,,,,,,,,,,,,,,,,,,1.3,,,,3.9,,,,3.7,,,,5.3,,,,,,,,,,2.3,,,,,,,,,,,,,,,,,,,,,
1961-05-05,764.3,,765.4,,763.2,,9.6,15.3,,2.2,,6.4,83,44,,1.2,135.0,4.2,135.0,,0.0,0.0,0.0,,0.0,,5.6,42.9,,,14.8,15.1,15.5,14.9,,,,,,,,,7.3,,,,,,,,,,,,,,,,,,,,,,,,,,,,,,,,,,,,,,,,,,,,,,,,,,,,,,,,,,,,,,13.1,15.1,,,,,,18.9,,,1.0,,,,2.0,,,,,,,,,,,,,,,,,,,,,,2.0,,,,,,2.0,,,,,,,,,,,,,,,,,,1.0,,,,,,,,,,,,2.0,,,,,,,,,,,,,,,135.0,,,3.0,,,,0.0,,,,2.3,,,,,,,,,,,,,,,,,,,,,,3.7,,,,,,3.0,,,,,,,,,,,,,,,,,,1.5,,,,,,,,,,,,1.8,,,,,,,,,,,,,
1961-05-06,765.9,,767.3,,765.0,,11.0,14.7,,9.8,,10.4,95,81,,1.3,180.0,3.4,225.0,,2.4,4.2,1.2,,2.0,,0.0,0.0,,,13.7,13.9,14.4,14.0,,,,,,,,,9.6,,,,,,,,,,,,,,,,,,,,,,,,,,,,,,,,,,,,,,,,,,,,,,,,,,,,,,,,,,,,,,4.9,14.0,,,,,,5.1,,,,,,,,,,,,,,,,,,,,,1.0,,,,,,,,1.0,,,,,,,,,,3.0,,,,,,,,2.0,,,,,,2.0,,,,1.0,,,,,,,,,,,,,,,,,,,,,,,157.5,,,3.2,,,,,,,,,,,,,,,,,,,,,,1.0,,,,,,,,1.2,,,,,,,,,,4.4,,,,,,,,2.0,,,,,,1.7,,,,2.2,,,,,,,,,,,,,,,,,,,,,
1961-05-07,766.8,,767.8,,766.1,,12.4,17.2,,9.1,,10.9,91,76,,1.1,315.0,3.0,247.5,,0.3,0.3,0.2,,0.3,,2.6,19.8,,,15.9,15.1,15.1,14.6,,,,,,,,,8.1,,,,,,,,,,,,,,,,,,,,,,,,,,,,,,,,,,,,,,,,,,,,,,,,,,,,,,,,,,,,,,8.1,14.7,,,,,,19.2,,,,,,,,,,,,,,,,,,,,,1.0,,,,1.0,,,,1.0,,,,,,1.0,,,,1.0,,,,,,,,1.0,,,,,,2.0,,,,,,,,,,,,2.0,,,,,,,,,,,,,,,247.5,,,2.5,,,,,,,,,,,,,,,,,,,,,,1.0,,,,0.8,,,,1.7,,,,,,0.8,,,,0.8,,,,,,,,0.8,,,,,,2.4,,,,,,,,,,,,3.0,,,,,,,,,,,,,
1961-05-08,766.0,,767.1,,765.0,,11.3,16.8,,7.6,,9.4,90,72,,0.8,225.0,2.5,225.0,,3.7,1.7,0.8,,3.1,,2.4,18.3,,,13.9,14.5,14.8,14.2,,,,,,,,,7.1,,,,,,,,,,,,,,,,,,,,,,,,,,,,,,,,,,,,,,,,,,,,,,,,,,,,,,,,,,,,,,9.2,14.4,,,,,,26.2,,,2.0,,,,,,,,,,,,,,,,,,,,,,,,,,1.0,,,,,,,,,,,,,,,,,,5.0,,,,,,,,,,1.0,,,,1.0,,,,,,,,,,,,,,,,,,,225.0,,,2.0,,,,0.0,,,,,,,,,,,,,,,,,,,,,,,,,,1.2,,,,,,,,,,,,,,,,,,5.6,,,,,,,,,,1.0,,,,1.0,,,,,,,,,,,,,,,,,
1961-05-09,764.9,,766.0,,763.8,,13.3,19.6,,7.0,,10.6,84,55,,1.2,157.5,3.5,157.5,,0.0,0.0,0.0,,0.0,,9.6,73.1,,,17.3,16.7,16.0,15.2,,,,,,,,,7.9,,,,,,,,,,,,,,,,,,,,,,,,,,,,,,,,,,,,,,,,,,,,,,,,,,,,,,,,,,,,,,12.6,15.0,,,,,,31.2,,,2.0,,,,,,,,,,,,,,,,,,,,,,,,,,2.0,,,,,,2.0,,,,2.0,,,,,,,,2.0,,,,,,,,,,,,,,,,,,,,,,,,,,,,,,,,,157.5,,,3.3,,,,0.0,,,,,,,,,,,,,,,,,,,,,,,,,,3.3,,,,,,5.4,,,,2.7,,,,,,,,3.7,,,,,,,,,,,,,,,,,,,,,,,,,,,,,,,
1961-05-10,763.8,,765.2,,762.6,,13.9,18.7,,8.4,,8.3,71,50,,1.3,225.0,3.0,225.0,,0.0,0.0,0.0,,0.0,,6.3,47.9,,,16.3,16.7,16.7,15.9,,,,,,,,,7.1,,,,,,,,,,,,,,,,,,,,,,,,,,,,,,,,,,,,,,,,,,,,,,,,,,,,,,,,,,,,,,10.3,15.6,,,,,,38.5,,,,,,,,,,,,,,,,,,,,,,,,,,,,,2.0,,,,,,,,,,,,,,1.0,,,,3.0,,,,,,,,,,2.0,,,,,,,,,,,,,,,,,,2.0,,,,,225.0,,,2.2,,,,,,,,,,,,,,,,,,,,,,,,,,,,,,2.7,,,,,,,,,,,,,,1.0,,,,4.3,,,,,,,,,,2.9,,,,,,,,,,,,,,,,,,2.7,,,
1961-05-11,763.6,,765.1,,762.6,,14.4,20.3,,8.0,,9.8,73,57,,1.4,225.0,2.6,202.5,,0.0,0.0,0.0,,0.0,,9.4,71.4,,,20.0,19.1,18.2,16.9,,,,,,,,,3.7,,,,,,,,,,,,,,,,,,,,,,,,,,,,,,,,,,,,,,,,,,,,,,,,,,,,,,,,,,,,,,12.3,16.6,,,,,,38.5,,,1.0,,,,,,,,,,,,,,,,,,,,,,,,,,1.0,,,,,,1.0,,,,,,,,2.0,,,,4.0,,,,,,1.0,,,,,,,,,,,,,,,,,,,,,,,,,,,202.5,,,2.3,,,,0.3,,,,,,,,,,,,,,,,,,,,,,,,,,0.7,,,,,,1.3,,,,,,,,3.3,,,,4.7,,,,,,1.5,,,,,,,,,,,,,,,,,,,,,,,,,
1961-05-12,763.6,,765.5,,762.4,,14.0,21.1,,7.7,,10.9,83,56,,1.6,225.0,3.5,135.0,,20.8,5.9,1.9,,5.0,,6.0,45.5,,,19.7,19.6,18.6,17.5,,,,,,,,,8.2,,,,,,,,,,,,,,,,,,,,,,,,,,,,,,,,,,,,,,,,,,,,,,,,,,,,,,,,,,,,,,13.4,16.8,,,,,,25.8,,,,,,,,,,,,,,,,,,,,,2.0,,,,,,,,2.0,,,,,,,,,,,,,,,,,,4.0,,,,,,,,,,2.0,,,,,,,,,,,,,,,,,,,,,,,135.0,,,3.0,,,,,,,,,,,,,,,,,,,,,,4.5,,,,,,,,5.3,,,,,,,,,,,,,,,,,,6.8,,,,,,,,,,2.2,,,,,,,,,,,,,,,,,,,,,
1961-05-13,765.4,,767.2,,764.2,,14.0,18.0,,12.1,,13.6,96,82,,1.4,225.0,3.0,135.0,,0.0,0.0,0.0,,0.0,,1.0,7.6,,,18.0,18.4,18.0,17.4,,,,,,,,,9.3,,,,,,,,,,,,,,,,,,,,,,,,,,,,,,,,,,,,,,,,,,,,,,,,,,,,,,,,,,,,,,5.9,17.4,,,,,,8.3,,,1.0,,,,,,,,,,,,,,,,,,1.0,,,,1.0,,,,1.0,,,,,,1.0,,,,1.0,,,,1.0,,,,3.0,,,,,,,,,,,,,,,,,,,,,,,,,,,,,,,,,135.0,,,2.7,,,,0.3,,,,,,,,,,,,,,,,,,1.7,,,,0.7,,,,2.7,,,,,,1.5,,,,1.5,,,,1.3,,,,4.4,,,,,,,,,,,,,,,,,,,,,,,,,,,,,,,
1961-05-14,766.2,,766.9,,765.6,,14.0,19.6,,9.7,,12.6,92,65,,1.0,180.0,2.5,270.0,,0.0,0.0,0.0,,0.0,,7.7,58.3,,,18.5,18.7,18.3,17.3,,,,,,,,,6.2,,,,,,,,,,,,,,,,,,,,,,,,,,,,,,,,,,,,,,,,,,,,,,,,,,,,,,,,,,,,,,9.9,17.1,,,,,,23.5,,,2.0,,,,,,,,,,,,,,,,,,1.0,,,,,,,,,,,,,,1.0,,,,3.0,,,,,,,,1.0,,,,,,,,,,2.0,,,,,,,,,,,,,,,,,,,,,,,270.0,,,2.0,,,,0.0,,,,,,,,,,,,,,,,,,1.2,,,,,,,,,,,,,,1.3,,,,4.1,,,,,,,,1.3,,,,,,,,,,2.0,,,,,,,,,,,,,,,,,,,,,
1961-05-15,765.2,,766.5,,764.2,,14.1,19.4,,9.0,,13.3,94,82,,0.9,315.0,2.0,292.5,,0.0,0.0,0.0,,0.0,,5.5,41.6,,,17.6,17.9,17.8,17.1,,,,,,,,,5.7,,,,,,,,,,,,,,,,,,,,,,,,,,,,,,,,,,,,,,,,,,,,,,,,,,,,,,,,,,,,,,10.4,17.3,,,,,,24.2,,,1.0,,,,,,,,,,,,,,,,,,,,,,,,,,1.0,,,,,,1.0,,,,2.0,,,,,,,,,,,,,,,,,,1.0,,,,2.0,,,,2.0,,,,,,,,,,,,,,,157.5,,,1.8,,,,0.0,,,,,,,,,,,,,,,,,,,,,,,,,,1.0,,,,,,1.8,,,,2.2,,,,,,,,,,,,,,,,,,1.2,,,,1.4,,,,2.3,,,,,,,,,,,,,
1961-05-16,764.5,,765.5,,763.8,,14.7,19.6,,9.6,,13.4,92,77,,1.1,315.0,2.5,180.0,,1.7,0.7,0.8,,1.7,,5.8,43.8,,,18.1,18.2,18.0,17.4,,,,,,,,,5.8,,,,,,,,,,,,,,,,,,,,,,,,,,,,,,,,,,,,,,,,,,,,,,,,,,,,,,,,,,,,,,10.0,17.6,,,,,,24.6,,,2.0,,,,,,,,,,,,,,1.0,,,,1.0,,,,,,,,,,,,,,,,,,2.0,,,,,,,,,,,,,,,,,,1.0,,,,,,,,3.0,,,,,,,,,,,,,,,180.0,,,2.0,,,,0.5,,,,,,,,,,,,,,1.0,,,,1.2,,,,,,,,,,,,,,,,,,3.0,,,,,,,,,,,,,,,,,,1.3,,,,,,,,3.1,,,,,,,,,,,,,
1961-05-17,765.2,,766.7,,764.1,,13.4,16.6,,9.5,,12.9,97,88,,1.1,180.0,3.4,157.5,,39.0,5.0,12.2,,25.6,,3.0,22.6,,,14.9,15.8,16.5,16.3,,,,,,,,,7.8,,,,,,,,,,,,,,,,,,,,,,,,,,,,,,,,,,,,,,,,,,,,,,,,,,,,,,,,,,,,,,7.1,16.6,,,,,,10.4,,,1.0,,,,,,,,1.0,,,,,,1.0,,,,,,,,,,,,1.0,,,,,,2.0,,,,2.0,,,,,,,,,,,,,,,,,,1.0,,,,,,,,1.0,,,,,,,,,,,,,,,157.5,,,2.7,,,,0.5,,,,,,,,1.0,,,,,,1.3,,,,,,,,,,,,1.3,,,,,,2.3,,,,3.0,,,,,,,,,,,,,,,,,,1.2,,,,,,,,1.0,,,,,,,,,,,,,
1961-05-18,765.6,,767.3,,764.0,,14.8,20.6,,10.9,,13.5,91,68,,1.4,157.5,4.3,135.0,,49.5,6.1,15.2,,29.4,,6.4,48.2,,,18.6,18.3,17.6,16.8,,,,,,,,,8.4,,,,,,,,,,,,,,,,,,,,,,,,,,,,,,,,,,,,,,,,,,,,,,,,,,,,,,,,,,,,,,9.7,15.9,,,,,,19.1,,,,,,,,,,,,,,,,,,,,,,,,,,,,,2.0,,,,,,4.0,,,,1.0,,,,2.0,,,,1.0,,,,,,,,,,,,,,,,,,,,,,,,,,,,,,,,,135.0,,,3.0,,,,,,,,,,,,,,,,,,,,,,,,,,,,,,3.0,,,,,,6.6,,,,0.8,,,,3.8,,,,1.5,,,,,,,,,,,,,,,,,,,,,,,,,,,,,,,
1961-05-19,765.4,,767.2,,764.0,,14.5,19.7,,12.0,,13.1,92,81,,1.8,135.0,4.2,135.0,,34.9,2.7,13.8,,22.9,,3.4,25.6,,,17.4,17.8,17.7,17.1,,,,,,,,,9.3,,,,,,,,,,,,,,,,,,,,,,,,,,,,,,,,,,,,,,,,,,,,,,,,,,,,,,,,,,,,,,7.7,16.7,,,,,,10.4,,,,,,,1.0,,,,2.0,,,,,,,,,,,,,,,,,,4.0,,,,,,,,,,,,,,,,,,,,,,,,,,,,1.0,,,,,,,,,,,,,,,,,,2.0,,,,,135.0,,,4.0,,,,,,,,2.0,,,,3.7,,,,,,,,,,,,,,,,,,6.0,,,,,,,,,,,,,,,,,,,,,,,,,,,,0.7,,,,,,,,,,,,,,,,,,1.7,,,
1961-05-20,763.2,,765.2,,761.9,,13.2,14.7,,12.4,,13.0,98,87,,2.8,135.0,9.5,135.0,,63.2,11.4,9.3,,21.8,,0.0,0.0,,,15.0,15.4,15.9,15.9,,,,,,,,,10.0,,,,,,,,,,,,,,,,,,,,,,,,,,,,,,,,,,,,,,,,,,,,,,,,,,,,,,,,,,,,,,2.3,16.2,,,,,,1.9,,,,,,,,,,,,,,,,,,,,,1.0,,,,,,,,4.0,,,,,,1.0,,,,,,,,,,,,2.0,,,,,,2.0,,,,,,,,,,,,,,,,,,,,,,,,,,,135.0,,,4.7,,,,,,,,,,,,,,,,,,,,,,2.0,,,,,,,,13.5,,,,,,2.2,,,,,,,,,,,,4.8,,,,,,5.0,,,,,,,,,,,,,,,,,,,,,,,,,
1961-05-21,764.1,,765.4,,762.9,,14.0,17.7,,10.6,,13.7,98,85,,1.0,247.5,3.3,180.0,,8.4,3.8,2.7,,4.7,,2.0,15.0,,,17.0,17.0,16.5,16.0,,,,,,,,,9.3,,,,,,,,,,,,,,,,,,,,,,,,,,,,,,,,,,,,,,,,,,,,,,,,,,,,,,,,,,,,,,7.1,16.3,,,,,,12.9,,,2.0,,,,,,,,,,,,,,,,,,,,,,,,,,,,,,,,,,,,,,,,1.0,,,,1.0,,,,,,3.0,,,,2.0,,,,1.0,,,,,,,,,,,,,,,,,,,225.0,,,2.3,,,,1.0,,,,,,,,,,,,,,,,,,,,,,,,,,,,,,,,,,,,,,,,1.0,,,,1.3,,,,,,3.7,,,,1.5,,,,1.2,,,,,,,,,,,,,,,,,
1961-05-22,764.8,,765.6,,764.0,,14.6,18.4,,10.7,,13.7,95,84,,1.3,225.0,3.8,135.0,,10.5,2.2,5.7,,7.5,,4.8,36.0,,,17.7,17.5,17.5,17.0,,,,,,,,,9.3,,,,,,,,,,,,,,,,,,,,,,,,,,,,,,,,,,,,,,,,,,,,,,,,,,,,,,,,,,,,,,7.7,17.0,,,,,,20.9,,,,,,,,,,,,,,,,,,,,,,,,,,,,,2.0,,,,,,,,,,2.0,,,,,,,,4.0,,,,,,2.0,,,,,,,,,,,,,,,,,,,,,,,,,,,135.0,,,2.3,,,,,,,,,,,,,,,,,,,,,,,,,,,,,,2.3,,,,,,,,,,2.5,,,,,,,,5.6,,,,,,3.0,,,,,,,,,,,,,,,,,,,,,,,,,
1961-05-23,764.6,,765.6,,763.6,,13.6,18.1,,12.0,,13.1,97,82,,1.5,135.0,3.8,135.0,,56.6,7.1,9.8,,26.6,,0.6,4.5,,,16.9,17.2,17.3,17.0,,,,,,,,,9.9,,,,,,,,,,,,,,,,,,,,,,,,,,,,,,,,,,,,,,,,,,,,,,,,,,,,,,,,,,,,,,6.1,17.1,,,,,,4.3,,,,,,,,,,,,,,,,,1.0,,,,2.0,,,,,,,,7.0,,,,,,,,,,,,,,,,,,,,,,,,,,,,,,,,,,,,,,,,,,,,,,,,,,,135.0,,,2.8,,,,,,,,,,,,,,,,,,1.3,,,,2.2,,,,,,,,10.1,,,,,,,,,,,,,,,,,,,,,,,,,,,,,,,,,,,,,,,,,,,,,,,,,
1961-05-24,764.5,,765.5,,763.5,,13.6,18.2,,10.9,,12.7,95,79,,1.0,135.0,3.6,90.0,,33.1,6.3,8.7,,11.2,,4.4,32.9,,,16.7,17.1,17.1,16.7,,,,,,,,,8.4,,,,,,,,,,,,,,,,,,,,,,,,,,,,,,,,,,,,,,,,,,,,,,,,,,,,,,,,,,,,,,7.3,16.9,,,,,,16.2,,,3.0,,,,,,,,,,,,,,,,,,2.0,,,,,,,,3.0,,,,,,,,,,,,,,,,,,,,,,,,1.0,,,,,,,,,,,,,,,,,,1.0,,,,,,,,,90.0,,,2.7,,,,0.5,,,,,,,,,,,,,,,,,,4.0,,,,,,,,3.4,,,,,,,,,,,,,,,,,,,,,,,,1.7,,,,,,,,,,,,,,,,,,1.3,,,,,,,
1961-05-25,764.7,,765.5,,764.0,,14.9,20.4,,9.4,,12.9,89,68,,0.7,135.0,2.8,292.5,,3.6,1.2,0.7,,2.4,,6.6,49.0,,,19.7,19.3,18.5,17.7,,,,,,,,,7.5,,,,,,,,,,,,,,,,,,,,,,,,,,,,,,,,,,,,,,,,,,,,,,,,,,,,,,,,,,,,,,11.0,17.4,,,,,,29.2,,,7.0,,,,,,,,,,,,,,,,,,,,,,,,,,1.0,,,,,,,,,,,,,,,,,,,,,,,,,,,,,,,,,,,,1.0,,,,,,1.0,,,,,,,,,315.0,,,2.0,,,,1.8,,,,,,,,,,,,,,,,,,,,,,,,,,1.7,,,,,,,,,,,,,,,,,,,,,,,,,,,,,,,,,,,,1.0,,,,,,1.0,,,,,,,
1961-05-26,758.5,,764.7,,752.4,,12.6,15.4,,11.0,,11.7,94,77,,2.7,337.5,12.9,22.5,,87.5,11.9,3.4,,14.3,,0.0,0.0,,,15.0,15.6,16.2,16.3,,,,,,,,,10.0,,,,,,,,,,,,,,,,,,,,,,,,,,,,,,,,,,,,,,,,,,,,,,,,,,,,,,,,,,,,,,4.4,16.8,,,,,,14.5,,,,,,,1.0,,,,,,,,,,2.0,,,,,,,,,,,,,,,,,,,,,,,,,,,,,,,,,,,,,,,,,,,,,,,,1.0,,,,,,4.0,,,,2.0,,,,,67.5,,,6.0,,,,,,,,4.3,,,,,,,,,,5.7,,,,,,,,,,,,,,,,,,,,,,,,,,,,,,,,,,,,,,,,,,,,,,,,2.0,,,,,,8.5,,,,4.7,,,
1961-05-27,758.2,,762.3,,753.3,,13.7,19.9,,10.4,,12.1,91,62,,3.1,135.0,9.8,135.0,,46.0,12.8,4.1,,14.8,,4.6,34.3,,,17.3,17.2,16.6,15.5,,,,,,,,,9.2,,,,,,,,,,,,,,,,,,,,,,,,,,,,,,,,,,,,,,,,,,,,,,,,,,,,,,,,,,,,,,9.5,16.3,,,,,,16.4,,,,,,,,,,,,,,,,,,,,,,,,,1.0,,,,3.0,,,,,,,,,,1.0,,,,,,,,1.0,,,,,,2.0,,,,,,,,2.0,,,,,,,,,,,,,,,,,,,135.0,,,5.8,,,,,,,,,,,,,,,,,,,,,,,,,,4.2,,,,14.3,,,,,,,,,,2.3,,,,,,,,2.5,,,,,,3.8,,,,,,,,5.0,,,,,,,,,,,,,,,,,
1961-05-28,763.5,,765.9,,762.1,,14.6,19.7,,11.1,,13.4,93,75,,1.4,157.5,3.9,225.0,,19.8,6.1,6.2,,9.5,,7.8,58.2,,,19.6,19.3,18.4,17.3,,,,,,,,,7.2,,,,,,,,,,,,,,,,,,,,,,,,,,,,,,,,,,,,,,,,,,,,,,,,,,,,,,,,,,,,,,8.6,17.3,,,,,,21.0,,,,,,,1.0,,,,,,,,,,,,,,,,,,,,,,2.0,,,,,,4.0,,,,,,,,1.0,,,,1.0,,,,,,1.0,,,,,,,,,,,,,,,,,,,,,,,,,,,157.5,,,2.8,,,,,,,,0.8,,,,,,,,,,,,,,,,,,,,,,2.2,,,,,,4.7,,,,,,,,1.5,,,,1.8,,,,,,2.3,,,,,,,,,,,,,,,,,,,,,,,,,
1961-05-29,764.5,,765.6,,763.6,,14.2,18.9,,11.6,,13.0,93,84,,1.7,157.5,4.7,135.0,,13.6,3.2,2.7,,6.8,,3.2,23.8,,,18.8,18.7,18.5,18.1,,,,,,,,,10.0,,,,,,,,,,,,,,,,,,,,,,,,,,,,,,,,,,,,,,,,,,,,,,,,,,,,,,,,,,,,,,7.3,17.3,,,,,,9.7,,,,,,,,,,,,,,,,,,,,,,,,,,,,,2.0,,,,,,3.0,,,,,,,,,,,,,,,,,,,,,,,,,,,,,,3.0,,,,,,2.0,,,,,,,,,135.0,,,4.3,,,,,,,,,,,,,,,,,,,,,,,,,,,,,,3.2,,,,,,5.3,,,,,,,,,,,,,,,,,,,,,,,,,,,,,,3.8,,,,,,2.9,,,,,,,
1961-05-30,763.4,,765.1,,761.5,,12.3,14.7,,9.5,,12.2,99,90,,2.6,225.0,10.8,135.0,,82.8,11.5,5.3,,24.5,,0.0,0.0,,,14.8,15.6,16.3,16.0,,,,,,,,,9.1,,,,,,,,,,,,,,,,,,,,,,,,,,,,,,,,,,,,,,,,,,,,,,,,,,,,,,,,,,,,,,5.2,16.7,,,,,,1.7,,,,,,,,,,,,,,,,,,,,,,,,,,,,,2.0,,,,,,,,,,,,,,,,,,3.0,,,,,,2.0,,,,1.0,,,,2.0,,,,,,,,,,,,,,,,,,,135.0,,,5.0,,,,,,,,,,,,,,,,,,,,,,,,,,,,,,8.0,,,,,,,,,,,,,,,,,,6.7,,,,,,3.5,,,,2.0,,,,3.2,,,,,,,,,,,,,,,,,
1961-05-31,764.0,,765.1,,763.1,,12.5,14.9,,9.0,,12.2,98,85,,1.5,202.5,4.2,135.0,,2.2,3.5,0.4,,1.2,,0.3,2.2,,,14.6,15.0,15.2,15.2,,,,,,,,,9.6,,,,,,,,,,,,,,,,,,,,,,,,,,,,,,,,,,,,,,,,,,,,,,,,,,,,,,,,,,,,,,5.9,16.3,,,,,,6.8,,,,,,,1.0,,,,,,,,,,,,,,,,,,,,,,,,,,,,2.0,,,,1.0,,,,3.0,,,,1.0,,,,,,2.0,,,,,,,,,,,,,,,,,,,,,,,,,,,135.0,,,3.3,,,,,,,,1.7,,,,,,,,,,,,,,,,,,,,,,,,,,,,3.4,,,,0.5,,,,4.4,,,,1.2,,,,,,3.8,,,,,,,,,,,,,,,,,,,,,,,,,
1961-06-01,763.7,,764.9,,762.8,,12.6,14.8,,10.5,,11.6,96,84,,1.4,135.0,4.3,135.0,,17.8,9.5,2.2,,4.4,,0.0,0.0,,,15.1,15.3,15.3,15.1,,,,,,,,,9.9,,,,,,,,,,,,,,,,,,,,,,,,,,,,,,,,,,,,,,,,,,,,,,,,,,,,,,,,,,,,,,4.3,16.3,,,,,,3.2,,,1.0,,,,1.0,,,,,,,,,,,,,,,,,,,,,,5.0,,,,,,,,,,,,,,,,,,,,,,,,1.0,,,,1.0,,,,,,,,,,,,,,,,,,1.0,,,,,135.0,,,3.5,,,,0.5,,,,0.7,,,,,,,,,,,,,,,,,,,,,,8.8,,,,,,,,,,,,,,,,,,,,,,,,0.8,,,,1.5,,,,,,,,,,,,,,,,,,1.7,,,
1961-06-02,764.2,,765.9,,763.4,,13.8,16.7,,10.6,,13.2,95,85,,1.6,135.0,4.9,135.0,,7.6,5.0,1.6,,3.3,,2.3,17.1,,,15.9,16.0,15.9,15.5,,,,,,,,,9.9,,,,,,,,,,,,,,,,,,,,,,,,,,,,,,,,,,,,,,,,,,,,,,,,,,,,,,,,,,,,,,6.1,16.3,,,,,,10.2,,,,,,,,,,,,,,,,,,,,,1.0,,,,,,,,3.0,,,,,,,,,,,,,,,,,,,,,,,,1.0,,,,1.0,,,,2.0,,,,,,,,,,2.0,,,,,,,,,292.5,,,3.2,,,,,,,,,,,,,,,,,,,,,,1.0,,,,,,,,5.1,,,,,,,,,,,,,,,,,,,,,,,,1.0,,,,0.8,,,,4.0,,,,,,,,,,2.8,,,,,,,
1961-06-03,765.2,,766.2,,764.7,,14.0,17.8,,10.2,,12.8,92,76,,1.8,225.0,4.5,157.5,,0.0,0.0,0.0,,0.0,,5.0,37.1,,,17.0,17.1,17.0,16.5,,,,,,,,,7.4,,,,,,,,,,,,,,,,,,,,,,,,,,,,,,,,,,,,,,,,,,,,,,,,,,,,,,,,,,,,,,7.6,16.8,,,,,,14.9,,,,,,,,,,,,,,,,,,,,,,,,,,,,,1.0,,,,,,,,,,1.0,,,,,,,,3.0,,,,,,3.0,,,,2.0,,,,,,,,,,,,,,,,,,,,,,,157.5,,,3.7,,,,,,,,,,,,,,,,,,,,,,,,,,,,,,1.5,,,,,,,,,,0.8,,,,,,,,6.1,,,,,,5.7,,,,2.5,,,,,,,,,,,,,,,,,,,,,
1961-06-04,765.1,,765.9,,764.1,,13.8,19.3,,8.6,,12.1,90,69,,1.2,180.0,3.6,225.0,,0.0,0.0,0.0,,0.0,,6.2,46.0,,,17.3,17.3,16.8,16.6,,,,,,,,,6.6,,,,,,,,,,,,,,,,,,,,,,,,,,,,,,,,,,,,,,,,,,,,,,,,,,,,,,,,,,,,,,10.7,16.9,,,,,,20.1,,,2.0,,,,,,,,,,,,,,,,,,1.0,,,,,,,,,,,,,,,,,,2.0,,,,,,,,2.0,,,,,,1.0,,,,,,,,1.0,,,,,,,,,,1.0,,,,,,,,,225.0,,,2.3,,,,0.6,,,,,,,,,,,,,,,,,,0.8,,,,,,,,,,,,,,,,,,2.7,,,,,,,,1.8,,,,,,0.7,,,,,,,,1.0,,,,,,,,,,2.0,,,,,,,
1961-06-05,765.0,,765.9,,763.6,,13.9,19.3,,10.1,,13.0,94,79,,1.2,225.0,4.7,90.0,,34.8,5.3,3.6,,13.4,,4.0,29.7,,,16.4,16.8,17.1,16.8,,,,,,,,,8.2,,,,,,,,,,,,,,,,,,,,,,,,,,,,,,,,,,,,,,,,,,,,,,,,,,,,,,,,,,,,,,9.2,16.9,,,,,,14.0,,,,,,,,,,,,,,,,,1.0,,,,1.0,,,,,,,,,,,,,,,,,,2.0,,,,,,,,3.0,,,,,,,,,,1.0,,,,1.0,,,,,,,,,,1.0,,,,,,,,,90.0,,,3.2,,,,,,,,,,,,,,,,,,1.7,,,,1.2,,,,,,,,,,,,,,,,,,2.7,,,,,,,,3.5,,,,,,,,,,1.0,,,,1.0,,,,,,,,,,1.7,,,,,,,
1961-06-06,765.8,,766.5,,765.3,,14.5,19.6,,9.9,,13.5,94,76,,0.9,157.5,2.7,157.5,,13.8,1.8,2.2,,8.3,,7.4,54.9,,,18.8,18.1,17.7,17.1,,,,,,,,,6.4,,,,,,,,,,,,,,,,,,,,,,,,,,,,,,,,,,,,,,,,,,,,,,,,,,,,,,,,,,,,,,9.7,17.1,,,,,,18.3,,,4.0,,,,,,,,,,,,,,,,,,,,,,,,,,,,,,,,3.0,,,,,,,,,,,,2.0,,,,,,,,,,,,,,1.0,,,,,,,,,,,,,,,,,,,157.5,,,2.3,,,,1.5,,,,,,,,,,,,,,,,,,,,,,,,,,,,,,,,4.4,,,,,,,,,,,,2.7,,,,,,,,,,,,,,0.7,,,,,,,,,,,,,,,,,
1961-06-07,765.7,,766.5,,764.9,,13.8,20.0,,7.8,,11.6,88,58,,1.0,180.0,2.5,157.5,,0.0,0.0,0.0,,0.0,,7.0,51.9,,,18.3,18.1,18.1,17.3,,,,,,,,,5.2,,,,,,,,,,,,,,,,,,,,,,,,,,,,,,,,,,,,,,,,,,,,,,,,,,,,,,,,,,,,,,12.2,17.2,,,,,,18.9,,,3.0,,,,,,,,,,,,,,,,,,,,,,,,,,1.0,,,,,,1.0,,,,2.0,,,,,,,,1.0,,,,,,,,,,2.0,,,,,,,,,,,,,,,,,,,,,,,157.5,,,2.3,,,,0.8,,,,,,,,,,,,,,,,,,,,,,,,,,1.2,,,,,,2.3,,,,3.0,,,,,,,,1.3,,,,,,,,,,1.7,,,,,,,,,,,,,,,,,,,,,
1961-06-08,766.2,,767.5,,765.1,,15.1,21.0,,10.6,,13.4,90,69,,1.5,157.5,3.0,157.5,,9.4,3.7,2.5,,5.5,,8.5,63.0,,,19.7,19.8,17.6,18.0,,,,,,,,,5.9,,,,,,,,,,,,,,,,,,,,,,,,,,,,,,,,,,,,,,,,,,,,,,,,,,,,,,,,,,,,,,10.4,18.0,,,,,,23.1,,,,,,,,,,,2.0,,,,,,,,,,,,,,,,,,2.0,,,,,,3.0,,,,2.0,,,,,,,,,,,,,,,,,,1.0,,,,,,,,,,,,,,,,,,,,,,,157.5,,,2.7,,,,,,,,,,,,2.1,,,,,,,,,,,,,,,,,,2.5,,,,,,4.5,,,,3.3,,,,,,,,,,,,,,,,,,1.0,,,,,,,,,,,,,,,,,,,,,
1961-06-09,766.5,,767.3,,765.9,,15.0,21.2,,11.5,,13.0,88,72,,1.7,157.5,3.0,180.0,,7.2,1.2,3.4,,6.9,,8.4,62.2,,,19.8,20.1,19.6,18.5,,,,,,,,,6.2,,,,,,,,,,,,,,,,,,,,,,,,,,,,,,,,,,,,,,,,,,,,,,,,,,,,,,,,,,,,,,9.7,18.1,,,,,,26.9,,,1.0,,,,,,,,,,,,,,,,,,,,,,,,,,3.0,,,,,,3.0,,,,1.0,,,,,,,,,,,,,,,,,,2.0,,,,,,,,,,,,,,,,,,,,,,,180.0,,,2.7,,,,0.3,,,,,,,,,,,,,,,,,,,,,,,,,,4.0,,,,,,4.5,,,,2.3,,,,,,,,,,,,,,,,,,2.3,,,,,,,,,,,,,,,,,,,,,
1961-06-10,766.2,,767.5,,765.3,,15.3,20.7,,11.0,,12.8,85,68,,1.5,360.0,3.2,360.0,,0.0,0.0,0.0,,0.0,,9.0,66.6,,,20.6,20.4,19.8,18.7,,,,,,,,,8.1,,,,,,,,,,,,,,,,,,,,,,,,,,,,,,,,,,,,,,,,,,,,,,,,,,,,,,,,,,,,,,9.7,18.0,,,,,,24.3,,,,,,,,,,,,,,,,,,,,,,,,,,,,,1.0,,,,,,2.0,,,,2.0,,,,,,,,,,,,,,,,,,,,,,,,,,2.0,,,,,,,,,,3.0,,,,,360.0,,,2.8,,,,,,,,,,,,,,,,,,,,,,,,,,,,,,0.7,,,,,,3.0,,,,3.0,,,,,,,,,,,,,,,,,,,,,,,,,,2.2,,,,,,,,,,3.2,,,
1961-06-11,765.4,,767.0,,764.3,,13.9,19.6,,11.4,,12.9,94,75,,1.0,360.0,3.8,135.0,,17.2,2.4,6.4,,7.6,,6.6,48.9,,,18.9,18.8,19.2,18.7,,,,,,,,,8.2,,,,,,,,,,,,,,,,,,,,,,,,,,,,,,,,,,,,,,,,,,,,,,,,,,,,,,,,,,,,,,8.2,18.9,,,,,,16.0,,,2.0,,,,,,,,,,,,,,,,,,,,,,,,,,2.0,,,,,,1.0,,,,1.0,,,,,,,,1.0,,,,,,,,,,,,,,,,,,,,,,,,,,,,3.0,,,,,90.0,,,2.5,,,,0.0,,,,,,,,,,,,,,,,,,,,,,,,,,2.6,,,,,,0.7,,,,0.8,,,,,,,,1.3,,,,,,,,,,,,,,,,,,,,,,,,,,,,3.5,,,
1961-06-12,765.1,,765.9,,764.2,,13.7,18.4,,11.3,,12.6,93,82,,1.4,270.0,4.2,135.0,,25.9,3.3,5.6,,15.0,,5.0,37.0,,,19.1,18.7,18.7,18.4,,,,,,,,,8.8,,,,,,,,,,,,,,,,,,,,,,,,,,,,,,,,,,,,,,,,,,,,,,,,,,,,,,,,,,,,,,7.1,18.6,,,,,,18.9,,,,,,,,,,,,,,,,,,,,,3.0,,,,,,,,2.0,,,,,,,,,,,,,,1.0,,,,,,,,,,,,,,3.0,,,,,,,,,,,,,,,,,,1.0,,,,,270.0,,,2.5,,,,,,,,,,,,,,,,,,,,,,3.7,,,,,,,,2.5,,,,,,,,,,,,,,1.2,,,,,,,,,,,,,,4.2,,,,,,,,,,,,,,,,,,1.0,,,
1961-06-13,766.2,,766.9,,765.5,,14.4,19.8,,10.6,,12.0,86,74,,1.4,157.5,3.0,270.0,,0.0,0.0,0.0,,0.0,,9.9,73.2,,,19.7,19.7,19.1,18.5,,,,,,,,,6.8,,,,,,,,,,,,,,,,,,,,,,,,,,,,,,,,,,,,,,,,,,,,,,,,,,,,,,,,,,,,,,9.2,18.5,,,,,,30.9,,,1.0,,,,,,,,,,,,,,,,,,,,,,,,,,,,,,,,4.0,,,,,,,,,,,,1.0,,,,,,,,,,3.0,,,,,,,,,,,,,,,,,,1.0,,,,,270.0,,,2.8,,,,0.5,,,,,,,,,,,,,,,,,,,,,,,,,,,,,,,,4.6,,,,,,,,,,,,1.8,,,,,,,,,,5.1,,,,,,,,,,,,,,,,,,1.0,,,
1961-06-14,766.6,,767.4,,765.5,,14.5,21.6,,8.3,,10.8,80,60,,1.0,202.5,2.5,157.5,,0.0,0.0,0.0,,0.0,,11.2,83.8,,,21.4,20.7,20.0,19.3,,,,,,,,,3.4,,,,,,,,,,,,,,,,,,,,,,,,,,,,,,,,,,,,,,,,,,,,,,,,,,,,,,,,,,,,,,13.3,19.3,,,,,,37.7,,,1.0,,,,,,,,,,,,,,,,,,,,,,,,,,,,,,,,,,,,,,,,2.0,,,,2.0,,,,,,,,,,1.0,,,,,,,,2.0,,,,,,,,,,2.0,,,,,157.5,,,2.2,,,,0.0,,,,,,,,,,,,,,,,,,,,,,,,,,,,,,,,,,,,,,,,2.5,,,,1.8,,,,,,,,,,1.5,,,,,,,,2.0,,,,,,,,,,2.2,,,
1961-06-15,766.7,,767.4,,765.5,,13.7,22.0,,6.6,,10.3,83,52,,0.8,270.0,2.2,270.0,,0.0,0.0,0.0,,0.0,,10.7,79.1,,,19.6,19.5,19.4,18.7,,,,,,,,,5.3,,,,,,,,,,,,,,,,,,,,,,,,,,,,,,,,,,,,,,,,,,,,,,,,,,,,,,,,,,,,,,15.4,18.7,,,,,,29.4,,,3.0,,,,,,,,,,,,,,,,,,1.0,,,,,,,,,,,,,,1.0,,,,,,,,,,,,1.0,,,,,,,,,,2.0,,,,,,,,2.0,,,,,,,,,,,,,,,270.0,,,1.8,,,,0.3,,,,,,,,,,,,,,,,,,1.7,,,,,,,,,,,,,,1.0,,,,,,,,,,,,1.0,,,,,,,,,,2.4,,,,,,,,1.9,,,,,,,,,,,,,
1961-06-16,767.1,,768.0,,766.5,,14.1,21.8,,6.5,,10.5,79,53,,1.0,315.0,2.7,67.5,,0.0,0.0,0.0,,0.0,,11.7,86.5,,,19.5,19.6,19.2,18.5,,,,,,,,,6.2,,,,,,,,,,,,,,,,,,,,,,,,,,,,,,,,,,,,,,,,,,,,,,,,,,,,,,,,,,,,,,15.3,18.7,,,,,,28.2,,,4.0,,,,,,,,3.0,,,,,,,,,,,,,,,,,,,,,,,,,,,,,,,,,,,,,,,,,,,,,,,,,,,,,,3.0,,,,,,,,,,,,,,,67.5,,,2.3,,,,0.5,,,,,,,,4.3,,,,,,,,,,,,,,,,,,,,,,,,,,,,,,,,,,,,,,,,,,,,,,,,,,,,,,4.4,,,,,,,,,,,,,
1961-06-17,767.4,,768.0,,766.6,,15.3,24.4,,8.8,,10.6,78,57,,1.3,45.0,2.5,360.0,,0.0,0.0,0.0,,0.0,,10.9,80.6,,,20.0,20.0,19.7,18.9,,,,,,,,,5.1,,,,,,,,,,,,,,,,,,,,,,,,,,,,,,,,,,,,,,,,,,,,,,,,,,,,,,,,,,,,,,15.6,18.5,,,,,,40.0,,,,,,,,,,,6.0,,,,,,,,,,,,,,,,,,,,,,,,,,,,1.0,,,,,,,,,,,,,,,,,,,,,,,,,,,,,,,,,,,,3.0,,,,,45.0,,,2.3,,,,,,,,,,,,9.9,,,,,,,,,,,,,,,,,,,,,,,,,,,,1.3,,,,,,,,,,,,,,,,,,,,,,,,,,,,,,,,,,,,3.2,,,
1961-06-18,766.6,,767.6,,765.5,,15.6,23.6,,8.9,,12.6,84,58,,0.9,22.5,2.8,135.0,,0.0,0.0,0.0,,0.0,,10.5,77.6,,,22.0,21.2,20.2,20.0,,,,,,,,,5.4,,,,,,,,,,,,,,,,,,,,,,,,,,,,,,,,,,,,,,,,,,,,,,,,,,,,,,,,,,,,,,14.7,19.1,,,,,,34.2,,,3.0,,,,2.0,,,,,,,,,,,,,,,,,,,,,,2.0,,,,,,,,,,,,,,,,,,,,,,,,,,,,,,,,,,,,2.0,,,,,,,,,,1.0,,,,,135.0,,,2.5,,,,0.3,,,,3.5,,,,,,,,,,,,,,,,,,,,,,3.3,,,,,,,,,,,,,,,,,,,,,,,,,,,,,,,,,,,,2.6,,,,,,,,,,1.2,,,
1961-06-19,766.6,,767.8,,765.7,,14.4,18.2,,9.8,,13.4,95,81,,1.0,112.5,3.3,360.0,,1.4,0.8,1.1,,1.1,,4.7,34.7,,,17.4,17.7,18.5,18.8,,,,,,,,,9.1,,,,,,,,,,,,,,,,,,,,,,,,,,,,,,,,,,,,,,,,,,,,,,,,,,,,,,,,,,,,,,8.4,19.0,,,,,,12.5,,,3.0,,,,,,,,1.0,,,,,,,,,,1.0,,,,3.0,,,,,,,,,,,,,,,,,,,,,,,,,,,,,,,,1.0,,,,,,,,,,,,,,,,,,1.0,,,,,360.0,,,2.8,,,,1.3,,,,,,,,1.0,,,,,,,,,,0.7,,,,3.8,,,,,,,,,,,,,,,,,,,,,,,,,,,,,,,,0.7,,,,,,,,,,,,,,,,,,2.0,,,
1961-06-20,766.3,,767.8,,765.3,,14.9,18.4,,12.4,,14.4,96,87,,1.1,225.0,3.0,22.5,,16.0,7.0,4.0,,7.2,,3.0,22.2,,,18.3,18.5,18.7,18.4,,,,,,,,,8.9,,,,,,,,,,,,,,,,,,,,,,,,,,,,,,,,,,,,,,,,,,,,,,,,,,,,,,,,,,,,,,6.0,18.5,,,,,,10.5,,,2.0,,,,1.0,,,,,,,,,,,,,,,,,,,,,,1.0,,,,,,,,,,,,,,,,,,3.0,,,,,,,,,,1.0,,,,,,,,,,,,,,,,,,2.0,,,,,225.0,,,2.7,,,,0.0,,,,1.2,,,,,,,,,,,,,,,,,,,,,,0.8,,,,,,,,,,,,,,,,,,4.1,,,,,,,,,,1.0,,,,,,,,,,,,,,,,,,1.4,,,
1961-06-21,765.0,,766.5,,763.8,,13.9,18.3,,9.4,,13.0,94,87,,0.9,90.0,2.8,90.0,,0.0,0.0,0.0,,0.0,,2.0,14.8,,,17.2,17.3,17.7,17.8,,,,,,,,,9.7,,,,,,,,,,,,,,,,,,,,,,,,,,,,,,,,,,,,,,,,,,,,,,,,,,,,,,,,,,,,,,8.9,17.8,,,,,,1.2,,,2.0,,,,,,,,1.0,,,,,,,,,,6.0,,,,,,,,,,,,,,,,,,,,,,,,,,,,,,,,,,,,,,,,,,,,,,,,,,,,,,1.0,,,,,90.0,,,2.5,,,,0.3,,,,,,,,1.5,,,,,,,,,,9.2,,,,,,,,,,,,,,,,,,,,,,,,,,,,,,,,,,,,,,,,,,,,,,,,,,,,,,1.0,,,
1961-06-22,763.1,,765.0,,761.8,,14.2,18.8,,9.2,,13.2,94,83,,1.0,67.5,2.7,67.5,,0.3,0.4,0.2,,0.3,,4.3,36.8,,,17.5,17.6,17.5,17.5,,,,,,,,,9.4,,,,,,,,,,,,,,,,,,,,,,,,,,,,,,,,,,,,,,,,,,,,,,,,,,,,,,,,,,,,,,9.6,17.6,,,,,,7.1,,,3.0,,,,,,,,,,,,,,2.0,,,,2.0,,,,,,,,,,,,,,,,,,1.0,,,,,,,,,,,,,,,,,,,,,,,,,,1.0,,,,,,,,,,1.0,,,,,67.5,,,2.3,,,,0.8,,,,,,,,,,,,,,3.4,,,,1.9,,,,,,,,,,,,,,,,,,1.7,,,,,,,,,,,,,,,,,,,,,,,,,,1.3,,,,,,,,,,1.0,,,
1961-06-23,761.2,,762.7,,760.0,,14.4,19.0,,9.8,,13.2,93,76,,1.1,315.0,3.8,180.0,,1.8,1.5,0.7,,1.0,,4.2,31.0,,,17.0,17.7,17.9,17.6,,,,,,,,,8.2,,,,,,,,,,,,,,,,,,,,,,,,,,,,,,,,,,,,,,,,,,,,,,,,,,,,,,,,,,,,,,9.2,17.5,,,,,,1.7,,,1.0,,,,,,,,3.0,,,,,,,,,,,,,,,,,,,,,,,,,,,,1.0,,,,,,,,,,,,,,,,,,1.0,,,,,,,,4.0,,,,,,,,,,,,,,,90.0,,,2.2,,,,0.0,,,,,,,,3.2,,,,,,,,,,,,,,,,,,,,,,,,,,,,1.3,,,,,,,,,,,,,,,,,,1.8,,,,,,,,3.6,,,,,,,,,,,,,
1961-06-24,759.9,,761.5,,758.8,,14.5,17.8,,11.8,,13.9,97,87,,1.1,45.0,3.7,90.0,,52.6,5.3,8.5,,26.0,,2.3,17.0,,,17.1,17.3,17.9,17.5,,,,,,,,,9.8,,,,,,,,,,,,,,,,,,,,,,,,,,,,,,,,,,,,,,,,,,,,,,,,,,,,,,,,,,,,,,6.0,17.5,,,,,,1.9,,,1.0,,,,,,,,5.0,,,,,,,,,,1.0,,,,,,,,,,,,,,1.0,,,,,,,,,,,,,,,,,,1.0,,,,1.0,,,,,,,,,,,,,,,,,,,,,,,90.0,,,3.5,,,,0.0,,,,,,,,7.0,,,,,,,,,,3.5,,,,,,,,,,,,,,0.5,,,,,,,,,,,,,,,,,,0.7,,,,1.2,,,,,,,,,,,,,,,,,,,,,
1961-06-25,759.8,,760.8,,758.8,,14.1,17.8,,9.4,,13.5,96,83,,0.9,315.0,2.7,90.0,,10.0,2.0,3.2,,5.4,,4.7,34.7,,,17.2,17.4,17.6,17.1,,,,,,,,,9.1,,,,,,,,,,,,,,,,,,,,,,,,,,,,,,,,,,,,,,,,,,,,,,,,,,,,,,,,,,,,,,8.4,17.2,,,,,,11.2,,,2.0,,,,,,,,,,,,,,,,,,2.0,,,,,,,,1.0,,,,,,,,,,,,,,,,,,,,,,,,,,,,2.0,,,,,,,,3.0,,,,,,,,,,,,,,,90.0,,,2.3,,,,0.6,,,,,,,,,,,,,,,,,,2.6,,,,,,,,0.7,,,,,,,,,,,,,,,,,,,,,,,,,,,,1.5,,,,,,,,3.1,,,,,,,,,,,,,
1961-06-26,759.9,,761.1,,758.8,,14.0,17.2,,10.6,,13.5,96,89,,1.1,315.0,4.0,180.0,,17.1,7.3,5.0,,9.4,,3.5,25.9,,,17.3,17.4,17.7,17.1,,,,,,,,,8.6,,,,,,,,,,,,,,,,,,,,,,,,,,,,,,,,,,,,,,,,,,,,,,,,,,,,,,,,,,,,,,6.6,17.4,,,,,,8.4,,,2.0,,,,,,,,,,,,,,,,,,2.0,,,,,,,,,,,,,,,,,,,,,,1.0,,,,,,,,,,,,,,1.0,,,,,,,,3.0,,,,,,,,,,1.0,,,,,180.0,,,3.5,,,,0.3,,,,,,,,,,,,,,,,,,2.7,,,,,,,,,,,,,,,,,,,,,,1.5,,,,,,,,,,,,,,1.0,,,,,,,,3.0,,,,,,,,,,1.0,,,
1961-06-27,760.6,,761.9,,759.7,,13.2,17.8,,9.4,,12.4,97,85,,0.8,202.5,2.2,202.5,,12.1,5.1,2.2,,4.0,,3.6,26.6,,,15.8,16.5,17.1,16.9,,,,,,,,,7.0,,,,,,,,,,,,,,,,,,,,,,,,,,,,,,,,,,,,,,,,,,,,,,,,,,,,,,,,,,,,,,8.4,17.3,,,,,,14.7,,,1.0,,,,,,,,,,,,,,,,,,,,,,,,,,,,,,,,,,,,,,,,4.0,,,,3.0,,,,,,,,,,1.0,,,,,,,,1.0,,,,,,,,,,,,,,,202.5,,,2.0,,,,0.0,,,,,,,,,,,,,,,,,,,,,,,,,,,,,,,,,,,,,,,,4.0,,,,2.5,,,,,,,,,,0.7,,,,,,,,1.0,,,,,,,,,,,,,
1961-06-28,760.4,,761.9,,758.6,,13.9,17.2,,9.6,,13.5,97,89,,1.1,90.0,2.7,90.0,,14.1,7.4,3.8,,5.0,,4.1,30.3,,,15.9,16.4,16.8,16.6,,,,,,,,,7.4,,,,,,,,,,,,,,,,,,,,,,,,,,,,,,,,,,,,,,,,,,,,,,,,,,,,,,,,,,,,,,7.6,16.8,,,,,,14.7,,,1.0,,,,,,,,,,,,,,1.0,,,,5.0,,,,,,,,,,,,,,,,,,,,,,,,,,,,,,,,,,,,,,,,,,,,2.0,,,,,,,,,,1.0,,,,,90.0,,,2.5,,,,0.3,,,,,,,,,,,,,,1.2,,,,7.6,,,,,,,,,,,,,,,,,,,,,,,,,,,,,,,,,,,,,,,,,,,,2.0,,,,,,,,,,0.7,,,
1961-06-29,758.9,,760.6,,758.2,,14.4,18.7,,9.8,,13.9,96,88,,1.1,360.0,3.2,45.0,,1.6,1.5,0.3,,1.0,,4.5,33.3,,,16.6,16.8,17.1,16.5,,,,,,,,,7.2,,,,,,,,,,,,,,,,,,,,,,,,,,,,,,,,,,,,,,,,,,,,,,,,,,,,,,,,,,,,,,8.9,17.0,,,,,,14.8,,,3.0,,,,1.0,,,,1.0,,,,,,1.0,,,,,,,,,,,,,,,,,,,,,,,,,,,,,,,,,,,,,,,,,,,,,,,,2.0,,,,,,,,,,2.0,,,,,45.0,,,2.5,,,,0.7,,,,1.3,,,,2.2,,,,,,1.8,,,,,,,,,,,,,,,,,,,,,,,,,,,,,,,,,,,,,,,,,,,,,,,,1.6,,,,,,,,,,2.0,,,
1961-06-30,755.0,,758.4,,753.4,,16.8,24.4,,12.0,,14.9,88,68,,2.0,22.5,4.8,22.5,,0.6,0.5,0.4,,0.6,,6.4,47.3,,,20.1,19.8,19.1,18.0,,,,,,,,,7.6,,,,,,,,,,,,,,,,,,,,,,,,,,,,,,,,,,,,,,,,,,,,,,,,,,,,,,,,,,,,,,12.4,17.4,,,,,,20.6,,,1.0,,,,3.0,,,,2.0,,,,,,2.0,,,,,,,,,,,,,,,,,,,,,,,,,,,,,,,,,,,,,,,,,,,,,,,,,,,,,,,,,,2.0,,,,,22.5,,,3.7,,,,0.0,,,,7.2,,,,3.4,,,,,,5.2,,,,,,,,,,,,,,,,,,,,,,,,,,,,,,,,,,,,,,,,,,,,,,,,,,,,,,,,,,4.0,,,
1961-07-01,754.7,,757.2,,753.6,,15.2,18.5,,12.6,,14.5,95,87,,1.2,135.0,3.3,135.0,,14.6,4.4,3.8,,7.4,,0.1,0.1,,,16.9,17.8,18.0,17.9,,,,,,,,,10.0,,,,,,,,,,,,,,,,,,,,,,,,,,,,,,,,,,,,,,,,,,,,,,,,,,,,,,,,,,,,,,5.9,17.9,,,,,,5.6,,,2.0,,,,,,,,,,,,,,,,,,,,,,,,,,3.0,,,,,,,,,,1.0,,,,,,,,1.0,,,,,,,,,,,,,,,,,,3.0,,,,,,,,,,,,,,,135.0,,,2.7,,,,0.5,,,,,,,,,,,,,,,,,,,,,,,,,,4.6,,,,,,,,,,1.3,,,,,,,,1.2,,,,,,,,,,,,,,,,,,3.0,,,,,,,,,,,,,
1961-07-02,759.8,,763.8,,756.8,,15.1,19.6,,13.4,,13.1,89,74,,2.6,135.0,11.0,135.0,,1.4,1.3,0.3,,1.2,,3.9,28.9,,,17.7,17.5,17.8,17.6,,,,,,,,,8.9,,,,,,,,,,,,,,,,,,,,,,,,,,,,,,,,,,,,,,,,,,,,,,,,,,,,,,,,,,,,,,6.2,17.6,,,,,,13.6,,,,,,,,,,,,,,,,,,,,,,,,,,,,,9.0,,,,,,1.0,,,,,,,,,,,,,,,,,,,,,,,,,,,,,,,,,,,,,,,,,,,,,135.0,,,4.5,,,,,,,,,,,,,,,,,,,,,,,,,,,,,,25.6,,,,,,2.0,,,,,,,,,,,,,,,,,,,,,,,,,,,,,,,,,,,,,,,,,,,
1961-07-03,764.9,,767.0,,763.5,,16.4,22.2,,13.0,,14.5,89,70,,1.5,157.5,5.0,247.5,,6.2,2.1,4.2,,5.4,,6.1,45.2,,,19.6,19.4,19.0,18.2,,,,,,,,,8.3,,,,,,,,,,,,,,,,,,,,,,,,,,,,,,,,,,,,,,,,,,,,,,,,,,,,,,,,,,,,,,9.2,17.9,,,,,,16.2,,,,,,,,,,,,,,,,,,,,,1.0,,,,,,,,,,,,,,5.0,,,,1.0,,,,,,,,2.0,,,,,,,,,,1.0,,,,,,,,,,,,,,,,,,,,,,,180.0,,,3.0,,,,,,,,,,,,,,,,,,,,,,0.7,,,,,,,,,,,,,,7.3,,,,1.8,,,,,,,,3.0,,,,,,,,,,1.3,,,,,,,,,,,,,,,,,,,,,
1961-07-04,765.8,,766.8,,764.6,,14.7,20.2,,10.6,,13.9,94,77,,1.0,247.5,2.2,90.0,,2.8,1.7,0.9,,2.5,,5.5,40.7,,,17.4,17.9,18.3,18.2,,,,,,,,,6.1,,,,,,,,,,,,,,,,,,,,,,,,,,,,,,,,,,,,,,,,,,,,,,,,,,,,,,,,,,,,,,9.6,17.9,,,,,,16.3,,,2.0,,,,,,,,,,,,,,,,,,1.0,,,,,,,,1.0,,,,,,1.0,,,,1.0,,,,,,,,,,,,,,3.0,,,,,,,,,,,,1.0,,,,,,,,,,,,,,,135.0,,,1.7,,,,0.3,,,,,,,,,,,,,,,,,,0.7,,,,,,,,1.7,,,,,,0.7,,,,1.5,,,,,,,,,,,,,,2.9,,,,,,,,,,,,1.3,,,,,,,,,,,,,
1961-07-05,763.9,,765.7,,762.9,,14.2,19.0,,9.0,,13.4,94,80,,1.1,112.5,3.0,90.0,,0.0,0.0,0.0,,0.0,,4.8,35.6,,,17.2,17.4,18.1,17.4,,,,,,,,,5.5,,,,,,,,,,,,,,,,,,,,,,,,,,,,,,,,,,,,,,,,,,,,,,,,,,,,,,,,,,,,,,10.0,17.5,,,,,,20.2,,,2.0,,,,,,,,1.0,,,,,,1.0,,,,,,,,2.0,,,,,,,,,,,,,,1.0,,,,,,,,,,,,,,,,,,,,,,,,,,1.0,,,,,,,,,,2.0,,,,,45.0,,,2.7,,,,0.3,,,,,,,,2.7,,,,,,1.3,,,,,,,,3.3,,,,,,,,,,,,,,0.7,,,,,,,,,,,,,,,,,,,,,,,,,,0.7,,,,,,,,,,1.4,,,
1961-07-06,761.5,,762.9,,760.3,,14.7,20.3,,8.7,,13.6,92,68,,1.4,90.0,3.2,90.0,,0.0,0.0,0.0,,0.0,,6.6,48.9,,,17.9,18.1,18.2,17.6,,,,,,,,,6.6,,,,,,,,,,,,,,,,,,,,,,,,,,,,,,,,,,,,,,,,,,,,,,,,,,,,,,,,,,,,,,11.6,17.6,,,,,,18.2,,,1.0,,,,,,,,,,,,,,,,,,4.0,,,,1.0,,,,2.0,,,,,,,,,,,,,,,,,,,,,,,,,,,,,,,,,,,,1.0,,,,,,,,,,1.0,,,,,90.0,,,3.0,,,,0.0,,,,,,,,,,,,,,,,,,9.0,,,,1.3,,,,2.5,,,,,,,,,,,,,,,,,,,,,,,,,,,,,,,,,,,,1.2,,,,,,,,,,1.7,,,
1961-07-07,761.4,,763.7,,759.9,,14.0,16.8,,9.0,,13.6,97,92,,1.1,135.0,3.0,135.0,,8.7,8.2,1.4,,3.4,,2.3,17.1,,,17.4,17.4,17.6,17.2,,,,,,,,,8.6,,,,,,,,,,,,,,,,,,,,,,,,,,,,,,,,,,,,,,,,,,,,,,,,,,,,,,,,,,,,,,7.8,17.5,,,,,,9.3,,,,,,,,,,,,,,,,,,,,,2.0,,,,1.0,,,,2.0,,,,,,,,,,1.0,,,,,,,,,,,,,,,,,,2.0,,,,,,,,1.0,,,,,,,,,,1.0,,,,,180.0,,,2.7,,,,,,,,,,,,,,,,,,,,,,1.9,,,,1.3,,,,4.0,,,,,,,,,,2.3,,,,,,,,,,,,,,,,,,1.5,,,,,,,,0.7,,,,,,,,,,0.7,,,
1961-07-08,763.2,,764.9,,762.1,,15.0,20.0,,11.0,,13.0,89,76,,1.9,202.5,5.0,202.5,,0.0,0.0,0.0,,0.0,,10.5,78.0,,,19.4,19.0,18.9,18.2,,,,,,,,,4.0,,,,,,,,,,,,,,,,,,,,,,,,,,,,,,,,,,,,,,,,,,,,,,,,,,,,,,,,,,,,,,9.0,17.7,,,,,,29.2,,,1.0,,,,,,,,,,,,,,,,,,,,,,,,,,,,,,,,3.0,,,,2.0,,,,4.0,,,,,,,,,,,,,,,,,,,,,,,,,,,,,,,,,,,,,202.5,,,3.7,,,,0.3,,,,,,,,,,,,,,,,,,,,,,,,,,,,,,,,3.7,,,,3.4,,,,11.9,,,,,,,,,,,,,,,,,,,,,,,,,,,,,,,,,,,
1961-07-09,764.5,,766.0,,763.8,,14.4,19.7,,11.9,,12.2,87,68,,1.9,157.5,6.0,135.0,,5.3,1.6,2.0,,3.0,,4.5,33.4,,,17.6,17.6,18.0,17.6,,,,,,,,,6.5,,,,,,,,,,,,,,,,,,,,,,,,,,,,,,,,,,,,,,,,,,,,,,,,,,,,,,,,,,,,,,7.8,17.8,,,,,,21.7,,,,,,,,,,,,,,,,,,,,,,,,,,,,,2.0,,,,,,4.0,,,,1.0,,,,,,,,1.0,,,,,,,,,,1.0,,,,,,,,1.0,,,,,,,,,,,,,,,225.0,,,3.7,,,,,,,,,,,,,,,,,,,,,,,,,,,,,,3.8,,,,,,8.4,,,,1.8,,,,,,,,3.7,,,,,,,,,,1.5,,,,,,,,1.3,,,,,,,,,,,,,
1961-07-10,765.7,,767.1,,764.8,,13.3,19.7,,9.5,,12.2,93,80,,1.7,225.0,3.4,157.5,,66.8,6.0,8.8,,34.0,,4.6,34.2,,,16.0,16.7,17.3,17.1,,,,,,,,,6.1,,,,,,,,,,,,,,,,,,,,,,,,,,,,,,,,,,,,,,,,,,,,,,,,,,,,,,,,,,,,,,10.2,17.5,,,,,,15.8,,,,,,,,,,,,,,,,,,,,,,,,,,,,,1.0,,,,,,,,,,2.0,,,,1.0,,,,4.0,,,,,,,,,,,,,,,,,,,,,,,,,,,,2.0,,,,,157.5,,,3.0,,,,,,,,,,,,,,,,,,,,,,,,,,,,,,2.7,,,,,,,,,,3.6,,,,1.0,,,,6.7,,,,,,,,,,,,,,,,,,,,,,,,,,,,2.5,,,
1961-07-11,765.6,,767.1,,764.8,,12.4,17.7,,7.9,,11.9,96,91,,1.0,90.0,2.5,90.0,,26.7,3.7,5.0,,9.0,,4.4,32.7,,,14.8,15.6,16.1,15.9,,,,,,,,,7.9,,,,,,,,,,,,,,,,,,,,,,,,,,,,,,,,,,,,,,,,,,,,,,,,,,,,,,,,,,,,,,9.8,16.5,,,,,,15.1,,,1.0,,,,,,,,,,,,,,,,,,2.0,,,,,,,,,,,,,,1.0,,,,,,,,,,,,1.0,,,,,,,,,,2.0,,,,,,,,1.0,,,,,,,,,,2.0,,,,,90.0,,,2.2,,,,0.0,,,,,,,,,,,,,,,,,,2.2,,,,,,,,,,,,,,2.0,,,,,,,,,,,,2.0,,,,,,,,,,1.7,,,,,,,,0.7,,,,,,,,,,1.8,,,
1961-07-12,762.8,,765.3,,761.5,,12.9,19.2,,7.5,,12.3,96,77,,1.4,67.5,3.4,67.5,,1.2,0.4,0.6,,0.9,,5.2,38.7,,,15.9,16.5,16.6,15.8,,,,,,,,,6.7,,,,,,,,,,,,,,,,,,,,,,,,,,,,,,,,,,,,,,,,,,,,,,,,,,,,,,,,,,,,,,11.7,16.2,,,,,,17.0,,,,,,,,,,,1.0,,,,,,2.0,,,,,,,,2.0,,,,,,,,,,,,,,2.0,,,,1.0,,,,1.0,,,,,,1.0,,,,,,,,,,,,,,,,,,,,,,,,,,,67.5,,,2.8,,,,,,,,,,,,1.5,,,,,,3.3,,,,,,,,1.7,,,,,,,,,,,,,,2.9,,,,1.2,,,,1.2,,,,,,1.0,,,,,,,,,,,,,,,,,,,,,,,,,
1961-07-13,758.9,,762.2,,756.4,,13.7,19.8,,9.5,,12.0,90,67,,1.7,45.0,5.1,360.0,,18.6,8.2,1.9,,6.2,,4.4,32.8,,,16.9,16.7,16.8,16.3,,,,,,,,,8.3,,,,,,,,,,,,,,,,,,,,,,,,,,,,,,,,,,,,,,,,,,,,,,,,,,,,,,,,,,,,,,10.3,15.3,,,,,,22.0,,,,,,,1.0,,,,2.0,,,,,,,,,,,,,,,,,,2.0,,,,,,,,,,,,,,,,,,,,,,,,1.0,,,,1.0,,,,1.0,,,,1.0,,,,,,,,,,1.0,,,,,45.0,,,3.7,,,,,,,,1.8,,,,4.5,,,,,,,,,,,,,,,,,,1.7,,,,,,,,,,,,,,,,,,,,,,,,1.2,,,,2.3,,,,1.3,,,,2.5,,,,,,,,,,1.8,,,
1961-07-14,755.1,,757.9,,753.5,,13.5,17.6,,11.9,,11.9,90,77,,2.2,157.5,5.8,157.5,,14.3,17.2,0.9,,2.5,,0.0,0.0,,,15.3,15.6,16.0,15.8,,,,,,,,,10.0,,,,,,,,,,,,,,,,,,,,,,,,,,,,,,,,,,,,,,,,,,,,,,,,,,,,,,,,,,,,,,5.7,15.7,,,,,,13.1,,,,,,,,,,,,,,,,,1.0,,,,,,,,,,,,1.0,,,,,,4.0,,,,,,,,,,,,,,,,,,,,,,,,,,3.0,,,,,,,,,,,,,,1.0,,,,,112.5,,,3.8,,,,,,,,,,,,,,,,,,2.7,,,,,,,,,,,,2.7,,,,,,8.0,,,,,,,,,,,,,,,,,,,,,,,,,,7.5,,,,,,,,,,,,,,1.3,,,
1961-07-15,760.3,,763.2,,757.8,,12.7,14.8,,11.2,,11.4,92,85,,2.4,135.0,7.8,135.0,,25.8,13.5,1.9,,6.9,,0.0,0.0,,,13.5,14.3,14.8,14.8,,,,,,,,,10.0,,,,,,,,,,,,,,,,,,,,,,,,,,,,,,,,,,,,,,,,,,,,,,,,,,,,,,,,,,,,,,3.6,15.6,,,,,,13.1,,,,,,,,,,,,,,,,,,,,,,,,,,,,,5.0,,,,,,4.0,,,,1.0,,,,,,,,,,,,,,,,,,,,,,,,,,,,,,,,,,,,,,,,,135.0,,,5.0,,,,,,,,,,,,,,,,,,,,,,,,,,,,,,10.8,,,,,,7.4,,,,0.8,,,,,,,,,,,,,,,,,,,,,,,,,,,,,,,,,,,,,,,
1961-07-16,763.4,,764.2,,762.4,,13.6,18.1,,9.3,,13.1,96,88,,1.1,315.0,3.0,315.0,,17.2,7.0,3.7,,5.4,,4.4,32.8,,,15.6,15.7,15.4,14.9,,,,,,,,,7.9,,,,,,,,,,,,,,,,,,,,,,,,,,,,,,,,,,,,,,,,,,,,,,,,,,,,,,,,,,,,,,8.8,15.2,,,,,,14.8,,,4.0,,,,,,,,1.0,,,,,,,,,,,,,,,,,,,,,,,,1.0,,,,1.0,,,,,,,,1.0,,,,,,,,,,,,,,,,,,2.0,,,,,,,,,,,,,,,315.0,,,2.7,,,,0.5,,,,,,,,1.3,,,,,,,,,,,,,,,,,,,,,,,,1.3,,,,1.7,,,,,,,,1.5,,,,,,,,,,,,,,,,,,2.3,,,,,,,,,,,,,
1961-07-17,761.0,,763.4,,759.8,,14.3,21.8,,9.0,,12.7,90,65,,1.0,360.0,5.3,67.5,,0.0,0.0,0.0,,0.0,,8.2,61.2,,,18.2,17.9,17.6,16.3,,,,,,,,,4.9,,,,,,,,,,,,,,,,,,,,,,,,,,,,,,,,,,,,,,,,,,,,,,,,,,,,,,,,,,,,,,12.8,15.9,,,,,,25.2,,,1.0,,,,,,,,,,,,,,3.0,,,,1.0,,,,,,,,,,,,,,,,,,,,,,,,,,,,,,,,,,,,,,,,,,,,1.0,,,,,,,,,,4.0,,,,,67.5,,,3.0,,,,0.0,,,,,,,,,,,,,,5.1,,,,1.0,,,,,,,,,,,,,,,,,,,,,,,,,,,,,,,,,,,,,,,,,,,,1.5,,,,,,,,,,2.9,,,
1961-07-18,758.8,,760.0,,757.9,,13.4,16.5,,9.7,,12.0,91,68,,1.1,270.0,3.9,315.0,,0.6,1.0,0.4,,0.5,,0.0,0.0,,,15.9,16.2,16.5,16.3,,,,,,,,,9.6,,,,,,,,,,,,,,,,,,,,,,,,,,,,,,,,,,,,,,,,,,,,,,,,,,,,,,,,,,,,,,6.8,16.4,,,,,,25.8,,,1.0,,,,,,,,,,,,,,,,,,,,,,,,,,,,,,,,,,,,,,,,,,,,,,,,,,,,,,4.0,,,,,,,,3.0,,,,,,2.0,,,,,,,,,315.0,,,3.3,,,,0.5,,,,,,,,,,,,,,,,,,,,,,,,,,,,,,,,,,,,,,,,,,,,,,,,,,,,,,4.4,,,,,,,,2.9,,,,,,4.0,,,,,,,
1961-07-19,761.9,,764.0,,759.0,,15.0,18.1,,11.0,,14.1,95,81,,0.8,315.0,2.0,360.0,,26.9,9.2,4.3,,7.6,,4.2,31.4,,,16.7,16.8,16.8,16.5,,,,,,,,,8.6,,,,,,,,,,,,,,,,,,,,,,,,,,,,,,,,,,,,,,,,,,,,,,,,,,,,,,,,,,,,,,7.1,16.5,,,,,,14.8,,,2.0,,,,,,,,1.0,,,,,,,,,,,,,,,,,,,,,,,,2.0,,,,,,,,,,,,1.0,,,,,,,,,,,,,,,,,,3.0,,,,,,1.0,,,,,,,,,360.0,,,1.7,,,,0.5,,,,,,,,1.3,,,,,,,,,,,,,,,,,,,,,,,,2.0,,,,,,,,,,,,1.0,,,,,,,,,,,,,,,,,,2.8,,,,,,1.0,,,,,,,
1961-07-20,763.3,,763.9,,762.5,,14.9,18.8,,11.5,,14.5,98,89,,1.0,45.0,5.1,45.0,,39.5,10.2,7.2,,19.9,,1.0,7.5,,,17.1,17.7,17.6,17.1,,,,,,,,,9.9,,,,,,,,,,,,,,,,,,,,,,,,,,,,,,,,,,,,,,,,,,,,,,,,,,,,,,,,,,,,,,7.3,16.9,,,,,,3.8,,,5.0,,,,,,,,3.0,,,,,,,,,,,,,,,,,,1.0,,,,,,,,,,,,,,,,,,,,,,,,,,,,,,,,,,,,,,,,,,1.0,,,,,,,,,45.0,,,3.2,,,,1.0,,,,,,,,6.0,,,,,,,,,,,,,,,,,,1.0,,,,,,,,,,,,,,,,,,,,,,,,,,,,,,,,,,,,,,,,,,0.7,,,,,,,
1961-07-21,763.2,,764.3,,762.4,,14.3,19.1,,11.1,,13.9,98,92,,1.0,45.0,3.9,90.0,,16.0,2.8,6.4,,15.2,,1.2,9.0,,,17.1,17.2,17.1,16.9,,,,,,,,,8.5,,,,,,,,,,,,,,,,,,,,,,,,,,,,,,,,,,,,,,,,,,,,,,,,,,,,,,,,,,,,,,8.0,16.9,,,,,,14.7,,,2.0,,,,,,,,2.0,,,,,,,,,,1.0,,,,,,,,,,,,,,,,,,,,,,,,,,2.0,,,,,,,,,,,,,,1.0,,,,2.0,,,,,,,,,,,,,,,90.0,,,2.5,,,,1.0,,,,,,,,2.7,,,,,,,,,,1.7,,,,,,,,,,,,,,,,,,,,,,,,,,2.0,,,,,,,,,,,,,,0.8,,,,2.0,,,,,,,,,,,,,
1961-07-22,763.6,,764.8,,762.7,,14.8,19.8,,10.8,,13.9,95,83,,1.0,90.0,2.2,90.0,,0.0,0.0,0.0,,0.0,,6.3,47.3,,,17.7,17.9,17.8,17.2,,,,,,,,,7.1,,,,,,,,,,,,,,,,,,,,,,,,,,,,,,,,,,,,,,,,,,,,,,,,,,,,,,,,,,,,,,9.0,16.0,,,,,,17.2,,,3.0,,,,,,,,2.0,,,,,,,,,,2.0,,,,,,,,1.0,,,,,,,,,,,,,,,,,,,,,,,,,,,,,,,,,,,,2.0,,,,,,,,,,,,,,,90.0,,,2.0,,,,0.6,,,,,,,,1.7,,,,,,,,,,2.3,,,,,,,,1.3,,,,,,,,,,,,,,,,,,,,,,,,,,,,,,,,,,,,2.0,,,,,,,,,,,,,
1961-07-23,763.9,,764.6,,763.1,,14.2,20.0,,9.2,,13.1,93,79,,1.0,90.0,3.0,90.0,,0.0,0.0,0.0,,0.0,,5.8,43.6,,,18.9,18.1,17.9,17.3,,,,,,,,,8.1,,,,,,,,,,,,,,,,,,,,,,,,,,,,,,,,,,,,,,,,,,,,,,,,,,,,,,,,,,,,,,10.8,17.1,,,,,,16.3,,,2.0,,,,,,,,1.0,,,,,,,,,,3.0,,,,,,,,,,,,,,,,,,,,,,,,,,,,,,,,,,,,1.0,,,,,,,,1.0,,,,,,,,,,2.0,,,,,90.0,,,2.7,,,,0.0,,,,,,,,0.8,,,,,,,,,,4.1,,,,,,,,,,,,,,,,,,,,,,,,,,,,,,,,,,,,0.7,,,,,,,,1.0,,,,,,,,,,2.5,,,
1961-07-24,763.3,,764.6,,761.7,,14.0,19.2,,8.9,,12.8,95,85,,1.1,225.0,3.2,247.5,,7.8,3.5,3.6,,4.0,,4.0,30.8,,,17.1,17.1,17.6,17.2,,,,,,,,,9.6,,,,,,,,,,,,,,,,,,,,,,,,,,,,,,,,,,,,,,,,,,,,,,,,,,,,,,,,,,,,,,10.3,17.1,,,,,,13.8,,,1.0,,,,,,,,,,,,,,,,,,,,,,,,,,,,,,,,,,,,1.0,,,,1.0,,,,2.0,,,,,,1.0,,,,2.0,,,,,,,,1.0,,,,,,,,,,1.0,,,,,247.5,,,2.4,,,,0.5,,,,,,,,,,,,,,,,,,,,,,,,,,,,,,,,,,,,1.0,,,,1.3,,,,3.5,,,,,,1.3,,,,2.6,,,,,,,,1.0,,,,,,,,,,1.2,,,
1961-07-25,762.2,,763.8,,760.7,,14.1,19.5,,10.3,,12.8,93,75,,1.5,180.0,3.0,180.0,,16.1,6.0,2.3,,6.9,,5.1,38.4,,,16.6,17.4,17.7,17.3,,,,,,,,,9.4,,,,,,,,,,,,,,,,,,,,,,,,,,,,,,,,,,,,,,,,,,,,,,,,,,,,,,,,,,,,,,9.2,17.1,,,,,,14.2,,,1.0,,,,,,,,,,,,,,,,,,,,,,,,,,1.0,,,,,,,,,,3.0,,,,2.0,,,,2.0,,,,,,,,,,1.0,,,,,,,,,,,,,,,,,,,,,,,180.0,,,2.8,,,,0.5,,,,,,,,,,,,,,,,,,,,,,,,,,1.0,,,,,,,,,,5.3,,,,2.0,,,,3.3,,,,,,,,,,1.7,,,,,,,,,,,,,,,,,,,,,
1961-07-26,761.7,,762.9,,760.5,,14.5,19.8,,11.4,,12.4,89,69,,1.5,180.0,3.5,180.0,,2.3,3.5,0.3,,0.7,,4.6,34.7,,,18.9,19.1,18.8,17.9,,,,,,,,,9.6,,,,,,,,,,,,,,,,,,,,,,,,,,,,,,,,,,,,,,,,,,,,,,,,,,,,,,,,,,,,,,8.4,17.6,,,,,,15.9,,,,,,,,,,,,,,,,,,,,,,,,,,,,,,,,,,,1.0,,,,5.0,,,,,,,,3.0,,,,,,,,,,1.0,,,,,,,,,,,,,,,,,,,,,,,180.0,,,2.8,,,,,,,,,,,,,,,,,,,,,,,,,,,,,,,,,,,,2.0,,,,9.1,,,,,,,,3.3,,,,,,,,,,1.5,,,,,,,,,,,,,,,,,,,,,
1961-07-27,762.1,,762.9,,761.2,,14.1,18.3,,10.8,,12.9,93,81,,1.1,225.0,2.8,180.0,,1.6,2.4,0.3,,1.1,,3.9,29.4,,,18.0,18.1,18.0,17.7,,,,,,,,,9.8,,,,,,,,,,,,,,,,,,,,,,,,,,,,,,,,,,,,,,,,,,,,,,,,,,,,,,,,,,,,,,7.5,17.7,,,,,,14.3,,,1.0,,,,,,,,,,,,,,,,,,,,,,,,,,,,,,,,,,,,3.0,,,,,,,,3.0,,,,,,,,,,2.0,,,,1.0,,,,,,,,,,,,,,,,,,,180.0,,,2.0,,,,0.5,,,,,,,,,,,,,,,,,,,,,,,,,,,,,,,,,,,,3.4,,,,,,,,3.7,,,,,,,,,,2.2,,,,0.7,,,,,,,,,,,,,,,,,
1961-07-28,761.9,,762.9,,760.8,,13.3,17.0,,10.3,,12.6,96,87,,1.0,180.0,2.7,180.0,,12.9,8.8,1.8,,3.6,,1.6,12.1,,,16.3,16.9,17.1,17.0,,,,,,,,,9.9,,,,,,,,,,,,,,,,,,,,,,,,,,,,,,,,,,,,,,,,,,,,,,,,,,,,,,,,,,,,,,6.7,17.3,,,,,,17.2,,,3.0,,,,,,,,,,,,,,,,,,,,,,,,,,1.0,,,,,,1.0,,,,3.0,,,,,,,,1.0,,,,,,,,,,,,,,,,,,1.0,,,,,,,,,,,,,,,180.0,,,2.5,,,,1.0,,,,,,,,,,,,,,,,,,,,,,,,,,1.0,,,,,,1.0,,,,4.3,,,,,,,,1.8,,,,,,,,,,,,,,,,,,0.7,,,,,,,,,,,,,
1961-07-29,761.9,,763.2,,760.9,,12.4,17.2,,8.6,,12.1,97,89,,1.2,45.0,3.6,315.0,,45.4,6.8,10.4,,18.4,,3.7,28.0,,,14.7,15.9,16.0,15.7,,,,,,,,,7.5,,,,,,,,,,,,,,,,,,,,,,,,,,,,,,,,,,,,,,,,,,,,,,,,,,,,,,,,,,,,,,8.6,16.8,,,,,,15.6,,,1.0,,,,,,,,3.0,,,,,,2.0,,,,,,,,,,,,,,,,,,,,,,1.0,,,,,,,,,,,,,,,,,,,,,,,,,,2.0,,,,,,,,,,1.0,,,,,315.0,,,2.7,,,,0.0,,,,,,,,5.1,,,,,,2.0,,,,,,,,,,,,,,,,,,,,,,1.7,,,,,,,,,,,,,,,,,,,,,,,,,,2.3,,,,,,,,,,1.0,,,
1961-07-30,763.9,,764.8,,762.9,,13.2,18.5,,8.3,,12.5,96,76,,1.3,45.0,7.2,22.5,,50.2,7.8,6.2,,17.8,,4.8,36.4,,,14.9,15.8,16.0,15.5,,,,,,,,,6.6,,,,,,,,,,,,,,,,,,,,,,,,,,,,,,,,,,,,,,,,,,,,,,,,,,,,,,,,,,,,,,10.2,16.0,,,,,,17.8,,,1.0,,,,1.0,,,,2.0,,,,,,1.0,,,,,,,,,,,,1.0,,,,,,1.0,,,,1.0,,,,,,,,1.0,,,,,,,,,,,,,,,,,,1.0,,,,,,,,,,,,,,,22.5,,,6.3,,,,0.5,,,,1.5,,,,2.7,,,,,,2.0,,,,,,,,,,,,1.3,,,,,,2.3,,,,2.3,,,,,,,,1.2,,,,,,,,,,,,,,,,,,0.7,,,,,,,,,,,,,
1961-07-31,764.5,,765.4,,763.9,,13.3,17.1,,10.5,,12.5,95,85,,1.2,225.0,3.3,225.0,,22.8,4.4,5.2,,8.2,,3.4,25.8,,,16.0,16.5,16.4,16.0,,,,,,,,,8.0,,,,,,,,,,,,,,,,,,,,,,,,,,,,,,,,,,,,,,,,,,,,,,,,,,,,,,,,,,,,,,6.6,16.2,,,,,,13.0,,,,,,,,,,,,,,,,,,,,,,,,,,,,,,,,,,,,,,,1.0,,,,,,,,4.0,,,,,,2.0,,,,2.0,,,,,,,,1.0,,,,,,,,,,,,,,,225.0,,,3.0,,,,,,,,,,,,,,,,,,,,,,,,,,,,,,,,,,,,,,,,0.7,,,,,,,,7.1,,,,,,2.9,,,,2.4,,,,,,,,1.0,,,,,,,,,,,,,
1961-08-01,762.9,,764.5,,761.6,,13.4,17.3,,10.0,,13.1,97,83,,1.5,225.0,3.4,292.5,,62.7,10.1,5.2,,16.6,,3.3,25.1,,,15.1,15.9,16.2,15.8,,,,,,,,,8.7,,,,,,,,,,,,,,,,,,,,,,,,,,,,,,,,,,,,,,,,,,,,,,,,,,,,,,,,,,,,,,7.3,16.2,,,,,,8.8,,,1.0,,,,,,,,,,,,,,,,,,,,,,,,,,,,,,,,,,,,,,,,,,,,4.0,,,,,,1.0,,,,3.0,,,,1.0,,,,,,,,,,,,,,,,,,,292.5,,,2.7,,,,0.5,,,,,,,,,,,,,,,,,,,,,,,,,,,,,,,,,,,,,,,,,,,,5.7,,,,,,1.7,,,,4.7,,,,2.3,,,,,,,,,,,,,,,,,
1961-08-02,762.2,,763.3,,761.3,,14.2,17.1,,12.3,,13.9,98,91,,1.2,247.5,3.1,247.5,,18.6,10.6,2.6,,6.5,,0.5,3.8,,,17.0,17.0,17.0,16.4,,,,,,,,,10.0,,,,,,,,,,,,,,,,,,,,,,,,,,,,,,,,,,,,,,,,,,,,,,,,,,,,,,,,,,,,,,4.8,16.3,,,,,,2.6,,,2.0,,,,,,,,,,,,,,,,,,,,,,,,,,,,,,,,,,,,1.0,,,,,,,,2.0,,,,,,5.0,,,,,,,,,,,,,,,,,,,,,,,,,,,247.5,,,2.2,,,,0.4,,,,,,,,,,,,,,,,,,,,,,,,,,,,,,,,,,,,1.0,,,,,,,,2.0,,,,,,7.1,,,,,,,,,,,,,,,,,,,,,,,,,
1961-08-03,762.3,,763.7,,761.3,,13.7,16.2,,11.5,,13.3,98,91,,1.0,225.0,3.0,225.0,,71.4,12.4,11.2,,21.2,,1.7,12.9,,,15.4,16.1,16.4,16.4,,,,,,,,,9.4,,,,,,,,,,,,,,,,,,,,,,,,,,,,,,,,,,,,,,,,,,,,,,,,,,,,,,,,,,,,,,4.7,16.6,,,,,,6.0,,,3.0,,,,,,,,1.0,,,,,,,,,,1.0,,,,,,,,1.0,,,,,,,,,,,,,,,,,,4.0,,,,,,,,,,,,,,,,,,,,,,,,,,,,,,,,,135.0,,,2.7,,,,0.6,,,,,,,,1.3,,,,,,,,,,1.7,,,,,,,,2.7,,,,,,,,,,,,,,,,,,4.7,,,,,,,,,,,,,,,,,,,,,,,,,,,,,,,
1961-08-04,762.5,,763.6,,761.6,,13.3,16.8,,11.0,,12.5,95,84,,1.4,135.0,7.4,157.5,,32.3,7.9,3.3,,17.6,,2.0,15.2,,,16.8,16.6,16.5,16.0,,,,,,,,,9.7,,,,,,,,,,,,,,,,,,,,,,,,,,,,,,,,,,,,,,,,,,,,,,,,,,,,,,,,,,,,,,5.8,16.4,,,,,,9.1,,,1.0,,,,,,,,,,,,,,,,,,,,,,,,,,3.0,,,,,,1.0,,,,2.0,,,,1.0,,,,1.0,,,,,,,,,,1.0,,,,,,,,,,,,,,,,,,,,,,,157.5,,,6.8,,,,0.5,,,,,,,,,,,,,,,,,,,,,,,,,,3.5,,,,,,1.7,,,,1.7,,,,1.5,,,,1.0,,,,,,,,,,1.5,,,,,,,,,,,,,,,,,,,,,
1961-08-05,762.9,,763.7,,762.0,,13.5,18.8,,9.3,,12.9,94,71,,1.2,135.0,3.4,135.0,,10.3,3.0,4.8,,6.7,,4.9,37.4,,,15.9,16.9,16.4,16.3,,,,,,,,,8.7,,,,,,,,,,,,,,,,,,,,,,,,,,,,,,,,,,,,,,,,,,,,,,,,,,,,,,,,,,,,,,9.5,16.2,,,,,,16.7,,,2.0,,,,,,,,,,,,,,,,,,1.0,,,,2.0,,,,3.0,,,,,,,,,,1.0,,,,,,,,,,,,,,,,,,,,,,,,,,1.0,,,,,,,,,,,,,,,112.5,,,2.5,,,,1.0,,,,,,,,,,,,,,,,,,1.0,,,,4.3,,,,4.1,,,,,,,,,,1.3,,,,,,,,,,,,,,,,,,,,,,,,,,1.3,,,,,,,,,,,,,
1961-08-06,762.0,,763.4,,760.7,,13.1,17.5,,7.8,,11.9,93,74,,1.7,45.0,3.3,45.0,,5.3,5.9,1.4,,1.9,,4.8,36.7,,,15.4,16.3,16.4,16.2,,,,,,,,,8.1,,,,,,,,,,,,,,,,,,,,,,,,,,,,,,,,,,,,,,,,,,,,,,,,,,,,,,,,,,,,,,9.7,16.3,,,,,,18.7,,,,,,,2.0,,,,4.0,,,,,,,,,,,,,,,,,,1.0,,,,,,,,,,,,,,1.0,,,,1.0,,,,,,,,,,,,,,,,,,,,,,,,,,,,1.0,,,,,360.0,,,3.0,,,,,,,,3.4,,,,6.3,,,,,,,,,,,,,,,,,,1.3,,,,,,,,,,,,,,1.7,,,,0.8,,,,,,,,,,,,,,,,,,,,,,,,,,,,3.0,,,
1961-08-07,760.6,,761.8,,759.6,,13.2,15.4,,11.3,,12.9,98,92,,1.9,22.5,4.3,337.5,,81.1,16.2,4.2,,18.6,,0.0,0.0,,,15.6,15.8,16.0,15.7,,,,,,,,,9.9,,,,,,,,,,,,,,,,,,,,,,,,,,,,,,,,,,,,,,,,,,,,,,,,,,,,,,,,,,,,,,4.1,16.1,,,,,,2.0,,,1.0,,,,3.0,,,,2.0,,,,,,2.0,,,,,,,,,,,,,,,,,,,,,,,,,,,,,,,,,,,,,,,,1.0,,,,,,,,,,,,,,1.0,,,,,,,,,22.5,,,3.7,,,,0.5,,,,6.7,,,,1.9,,,,,,4.0,,,,,,,,,,,,,,,,,,,,,,,,,,,,,,,,,,,,,,,,2.3,,,,,,,,,,,,,,2.3,,,,,,,
1961-08-08,762.5,,764.0,,761.3,,12.4,18.6,,9.3,,11.1,91,68,,2.1,135.0,7.7,135.0,,9.5,6.5,1.2,,3.1,,1.9,14.6,,,16.7,16.3,16.0,15.9,,,,,,,,,8.6,,,,,,,,,,,,,,,,,,,,,,,,,,,,,,,,,,,,,,,,,,,,,,,,,,,,,,,,,,,,,,9.3,15.9,,,,,,17.6,,,1.0,,,,,,,,,,,,,,,,,,1.0,,,,,,,,4.0,,,,,,2.0,,,,1.0,,,,,,,,,,,,,,,,,,,,,,1.0,,,,,,,,,,,,,,,,,,,157.5,,,4.5,,,,0.5,,,,,,,,,,,,,,,,,,1.3,,,,,,,,11.1,,,,,,5.7,,,,1.3,,,,,,,,,,,,,,,,,,,,,,1.7,,,,,,,,,,,,,,,,,
1961-08-09,762.7,,763.7,,761.5,,13.6,20.6,,7.1,,12.1,91,74,,1.3,90.0,2.5,90.0,,0.0,0.0,0.0,,0.0,,10.8,82.8,,,17.1,17.7,17.4,16.6,,,,,,,,,5.9,,,,,,,,,,,,,,,,,,,,,,,,,,,,,,,,,,,,,,,,,,,,,,,,,,,,,,,,,,,,,,13.5,16.2,,,,,,29.2,,,1.0,,,,1.0,,,,2.0,,,,,,,,,,2.0,,,,,,,,,,,,,,,,,,,,,,,,,,,,,,,,1.0,,,,1.0,,,,,,,,1.0,,,,,,,,,,1.0,,,,,90.0,,,2.3,,,,0.5,,,,2.0,,,,2.3,,,,,,,,,,3.3,,,,,,,,,,,,,,,,,,,,,,,,,,,,,,,,1.2,,,,1.0,,,,,,,,2.0,,,,,,,,,,1.3,,,
1961-08-10,759.6,,762.2,,757.6,,14.4,20.8,,9.2,,13.4,93,67,,1.2,180.0,4.1,180.0,,18.5,1.9,8.9,,17.8,,4.5,34.6,,,15.9,16.8,17.2,16.6,,,,,,,,,5.2,,,,,,,,,,,,,,,,,,,,,,,,,,,,,,,,,,,,,,,,,,,,,,,,,,,,,,,,,,,,,,11.6,16.7,,,,,,20.9,,,2.0,,,,,,,,,,,,,,,,,,3.0,,,,,,,,,,,,,,,,,,3.0,,,,,,,,,,,,,,1.0,,,,,,,,,,,,1.0,,,,,,,,,,,,,,,180.0,,,3.2,,,,0.5,,,,,,,,,,,,,,,,,,3.1,,,,,,,,,,,,,,,,,,7.0,,,,,,,,,,,,,,0.8,,,,,,,,,,,,1.3,,,,,,,,,,,,,
1961-08-11,761.7,,764.0,,759.7,,16.0,21.1,,12.3,,14.1,88,65,,1.3,135.0,4.7,157.5,,7.2,2.5,2.9,,5.3,,4.4,33.8,,,19.2,19.1,18.6,17.8,,,,,,,,,9.3,,,,,,,,,,,,,,,,,,,,,,,,,,,,,,,,,,,,,,,,,,,,,,,,,,,,,,,,,,,,,,8.8,16.9,,,,,,22.0,,,1.0,,,,1.0,,,,1.0,,,,,,,,,,,,,,,,,,3.0,,,,,,1.0,,,,1.0,,,,,,,,,,,,,,,,,,,,,,,,,,2.0,,,,,,,,,,,,,,,157.5,,,3.7,,,,0.0,,,,0.8,,,,1.0,,,,,,,,,,,,,,,,,,6.4,,,,,,2.2,,,,1.5,,,,,,,,,,,,,,,,,,,,,,,,,,3.0,,,,,,,,,,,,,
1961-08-12,764.5,,766.0,,763.7,,15.3,18.2,,11.7,,14.6,96,87,,0.9,180.0,2.5,180.0,,13.7,7.9,2.6,,7.7,,3.4,26.7,,,18.4,18.7,18.7,18.2,,,,,,,,,9.6,,,,,,,,,,,,,,,,,,,,,,,,,,,,,,,,,,,,,,,,,,,,,,,,,,,,,,,,,,,,,,6.5,17.9,,,,,,10.6,,,4.0,,,,,,,,,,,,,,,,,,,,,,,,,,,,,,,,,,,,3.0,,,,,,,,1.0,,,,,,1.0,,,,,,,,,,,,,,,,,,,,,,1.0,,,,,180.0,,,2.3,,,,0.3,,,,,,,,,,,,,,,,,,,,,,,,,,,,,,,,,,,,4.8,,,,,,,,1.0,,,,,,0.7,,,,,,,,,,,,,,,,,,,,,,1.2,,,
1961-08-13,765.8,,766.7,,764.7,,13.9,19.2,,10.1,,13.2,95,74,,0.8,270.0,3.0,225.0,,10.0,4.9,1.7,,3.4,,5.5,42.4,,,16.6,17.7,18.1,17.6,,,,,,,,,5.9,,,,,,,,,,,,,,,,,,,,,,,,,,,,,,,,,,,,,,,,,,,,,,,,,,,,,,,,,,,,,,9.1,17.6,,,,,,17.2,,,3.0,,,,,,,,,,,,,,,,,,1.0,,,,,,,,,,,,,,,,,,,,,,,,,,1.0,,,,,,1.0,,,,2.0,,,,,,,,,,,,,,,,,,2.0,,,,,225.0,,,2.7,,,,0.0,,,,,,,,,,,,,,,,,,0.7,,,,,,,,,,,,,,,,,,,,,,,,,,1.0,,,,,,1.3,,,,3.0,,,,,,,,,,,,,,,,,,2.0,,,
1961-08-14,764.9,,766.6,,763.9,,14.4,19.7,,10.2,,13.4,93,80,,1.1,45.0,3.8,90.0,,0.6,0.3,0.4,,0.6,,5.7,44.0,,,17.2,17.4,17.7,17.1,,,,,,,,,7.5,,,,,,,,,,,,,,,,,,,,,,,,,,,,,,,,,,,,,,,,,,,,,,,,,,,,,,,,,,,,,,9.5,17.3,,,,,,17.6,,,3.0,,,,,,,,3.0,,,,,,,,,,,,,,,,,,,,,,,,,,,,,,,,,,,,,,,,,,,,,,2.0,,,,,,,,1.0,,,,,,,,,,1.0,,,,,90.0,,,3.0,,,,0.8,,,,,,,,5.9,,,,,,,,,,,,,,,,,,,,,,,,,,,,,,,,,,,,,,,,,,,,,,2.7,,,,,,,,0.7,,,,,,,,,,1.0,,,
1961-08-15,763.4,,765.0,,762.2,,13.7,19.0,,6.5,,11.8,89,65,,1.3,90.0,3.7,90.0,,0.2,0.2,0.2,,0.2,,4.8,37.2,,,17.9,17.8,17.9,17.2,,,,,,,,,6.5,,,,,,,,,,,,,,,,,,,,,,,,,,,,,,,,,,,,,,,,,,,,,,,,,,,,,,,,,,,,,,12.5,17.2,,,,,,15.8,,,1.0,,,,,,,,2.0,,,,,,,,,,5.0,,,,,,,,,,,,,,,,,,,,,,,,,,,,,,,,,,,,,,,,,,,,,,,,,,,,,,2.0,,,,,90.0,,,3.3,,,,0.3,,,,,,,,2.2,,,,,,,,,,8.0,,,,,,,,,,,,,,,,,,,,,,,,,,,,,,,,,,,,,,,,,,,,,,,,,,,,,,2.0,,,
1961-08-16,761.6,,763.5,,760.2,,13.1,17.6,,8.6,,12.1,93,81,,1.3,67.5,4.3,90.0,,17.6,3.3,4.4,,10.9,,4.6,35.7,,,16.2,16.9,17.4,17.1,,,,,,,,,9.6,,,,,,,,,,,,,,,,,,,,,,,,,,,,,,,,,,,,,,,,,,,,,,,,,,,,,,,,,,,,,,9.0,17.3,,,,,,12.7,,,,,,,,,,,,,,,,,3.0,,,,1.0,,,,,,,,,,,,,,,,,,,,,,,,,,2.0,,,,,,1.0,,,,1.0,,,,,,,,2.0,,,,,,,,,,,,,,,67.5,,,3.0,,,,,,,,,,,,,,,,,,4.4,,,,2.0,,,,,,,,,,,,,,,,,,,,,,,,,,2.3,,,,,,0.8,,,,1.3,,,,,,,,2.0,,,,,,,,,,,,,
1961-08-17,761.7,,763.6,,760.8,,13.0,17.3,,9.2,,12.5,97,86,,0.8,225.0,2.3,360.0,,12.1,5.4,4.3,,6.2,,3.9,30.3,,,15.6,16.4,16.8,16.4,,,,,,,,,6.8,,,,,,,,,,,,,,,,,,,,,,,,,,,,,,,,,,,,,,,,,,,,,,,,,,,,,,,,,,,,,,8.1,16.8,,,,,,16.0,,,5.0,,,,,,,,,,,,,,,,,,,,,,,,,,,,,,,,1.0,,,,,,,,,,,,2.0,,,,,,1.0,,,,,,,,,,,,,,,,,,1.0,,,,,,,,,202.5,,,2.0,,,,1.3,,,,,,,,,,,,,,,,,,,,,,,,,,,,,,,,1.7,,,,,,,,,,,,2.0,,,,,,1.0,,,,,,,,,,,,,,,,,,1.0,,,,,,,
1961-08-18,762.7,,763.5,,762.2,,13.3,17.9,,9.0,,12.6,95,80,,0.5,360.0,2.0,90.0,,0.0,0.0,0.0,,0.0,,6.1,47.4,,,15.6,16.5,16.7,16.3,,,,,,,,,5.7,,,,,,,,,,,,,,,,,,,,,,,,,,,,,,,,,,,,,,,,,,,,,,,,,,,,,,,,,,,,,,8.9,16.5,,,,,,20.7,,,6.0,,,,1.0,,,,,,,,,,,,,,1.0,,,,,,,,,,,,,,,,,,,,,,,,,,,,,,,,,,,,,,,,,,,,,,,,,,,,,,2.0,,,,,90.0,,,1.7,,,,0.8,,,,0.8,,,,,,,,,,,,,,1.3,,,,,,,,,,,,,,,,,,,,,,,,,,,,,,,,,,,,,,,,,,,,,,,,,,,,,,1.9,,,
1961-08-19,762.7,,763.9,,762.0,,13.2,19.4,,7.9,,12.0,93,70,,0.6,270.0,2.7,112.5,,0.0,0.0,0.0,,0.0,,5.7,44.4,,,15.9,16.1,16.7,15.9,,,,,,,,,8.8,,,,,,,,,,,,,,,,,,,,,,,,,,,,,,,,,,,,,,,,,,,,,,,,,,,,,,,,,,,,,,11.5,16.3,,,,,,16.0,,,5.0,,,,,,,,,,,,,,,,,,,,,,,,,,1.0,,,,,,,,,,,,,,,,,,2.0,,,,,,,,,,2.0,,,,,,,,,,,,,,,,,,,,,,,112.5,,,2.5,,,,1.1,,,,,,,,,,,,,,,,,,,,,,,,,,1.5,,,,,,,,,,,,,,,,,,1.2,,,,,,,,,,3.0,,,,,,,,,,,,,,,,,,,,,
1961-08-20,763.6,,764.6,,762.8,,14.2,20.1,,8.3,,12.7,91,62,,0.9,315.0,2.7,90.0,,0.0,0.0,0.0,,0.0,,7.6,59.3,,,16.8,17.1,17.4,16.5,,,,,,,,,3.9,,,,,,,,,,,,,,,,,,,,,,,,,,,,,,,,,,,,,,,,,,,,,,,,,,,,,,,,,,,,,,11.8,16.4,,,,,,28.5,,,1.0,,,,,,,,1.0,,,,,,,,,,2.0,,,,,,,,,,,,,,,,,,2.0,,,,1.0,,,,1.0,,,,,,,,,,,,,,,,,,2.0,,,,,,,,,,,,,,,90.0,,,2.2,,,,0.0,,,,,,,,0.7,,,,,,,,,,2.0,,,,,,,,,,,,,,,,,,2.0,,,,1.2,,,,1.2,,,,,,,,,,,,,,,,,,2.1,,,,,,,,,,,,,
1961-08-21,764.2,,764.9,,763.5,,14.0,20.4,,9.2,,13.0,93,73,,0.7,45.0,2.5,45.0,,0.0,0.0,0.0,,0.0,,6.8,53.1,,,15.9,16.8,17.2,16.8,,,,,,,,,6.3,,,,,,,,,,,,,,,,,,,,,,,,,,,,,,,,,,,,,,,,,,,,,,,,,,,,,,,,,,,,,,11.2,16.7,,,,,,21.5,,,4.0,,,,1.0,,,,1.0,,,,,,,,,,,,,,,,,,1.0,,,,,,,,,,,,,,,,,,1.0,,,,,,1.0,,,,,,,,,,,,1.0,,,,,,,,,,,,,,,45.0,,,2.3,,,,0.5,,,,0.8,,,,2.3,,,,,,,,,,,,,,,,,,0.8,,,,,,,,,,,,,,,,,,1.7,,,,,,1.3,,,,,,,,,,,,0.7,,,,,,,,,,,,,
1961-08-22,763.3,,764.7,,762.1,,13.4,20.1,,7.9,,11.6,89,72,,1.3,45.0,2.6,45.0,,0.0,0.0,0.0,,0.0,,8.2,64.2,,,16.2,16.3,16.8,16.3,,,,,,,,,5.0,,,,,,,,,,,,,,,,,,,,,,,,,,,,,,,,,,,,,,,,,,,,,,,,,,,,,,,,,,,,,,12.2,16.4,,,,,,20.1,,,2.0,,,,3.0,,,,4.0,,,,,,,,,,1.0,,,,,,,,,,,,,,,,,,,,,,,,,,,,,,,,,,,,,,,,,,,,,,,,,,,,,,,,,,,22.5,,,2.2,,,,0.7,,,,5.2,,,,5.9,,,,,,,,,,0.7,,,,,,,,,,,,,,,,,,,,,,,,,,,,,,,,,,,,,,,,,,,,,,,,,,,,,,,,,
1961-08-23,760.5,,762.6,,759.5,,14.6,22.9,,6.0,,10.7,80,49,,1.7,90.0,4.6,90.0,,0.0,0.0,0.0,,0.0,,10.0,78.4,,,16.8,17.3,17.6,16.7,,,,,,,,,5.2,,,,,,,,,,,,,,,,,,,,,,,,,,,,,,,,,,,,,,,,,,,,,,,,,,,,,,,,,,,,,,16.9,16.6,,,,,,36.2,,,4.0,,,,,,,,2.0,,,,,,,,,,3.0,,,,,,,,,,,,,,,,,,,,,,,,,,,,,,,,,,,,,,,,,,,,1.0,,,,,,,,,,,,,,,90.0,,,3.8,,,,1.3,,,,,,,,4.3,,,,,,,,,,9.8,,,,,,,,,,,,,,,,,,,,,,,,,,,,,,,,,,,,,,,,,,,,0.7,,,,,,,,,,,,,
1961-08-24,756.2,,760.1,,753.5,,15.6,21.6,,10.4,,12.7,83,69,,2.1,45.0,9.0,67.5,,4.2,3.7,0.7,,1.8,,4.3,33.8,,,18.9,18.8,18.3,17.5,,,,,,,,,9.4,,,,,,,,,,,,,,,,,,,,,,,,,,,,,,,,,,,,,,,,,,,,,,,,,,,,,,,,,,,,,,11.2,17.2,,,,,,23.9,,,1.0,,,,,,,,6.0,,,,,,1.0,,,,2.0,,,,,,,,,,,,,,,,,,,,,,,,,,,,,,,,,,,,,,,,,,,,,,,,,,,,,,,,,,,67.5,,,4.0,,,,0.5,,,,,,,,13.0,,,,,,4.0,,,,4.1,,,,,,,,,,,,,,,,,,,,,,,,,,,,,,,,,,,,,,,,,,,,,,,,,,,,,,,,,
1961-08-25,752.3,,757.4,,749.7,,15.6,19.7,,14.2,,14.2,92,74,,2.9,135.0,15.0,157.5,,46.7,18.7,3.3,,8.5,,0.0,0.0,,,17.2,17.2,17.1,16.9,,,,,,,,,10.0,,,,,,,,,,,,,,,,,,,,,,,,,,,,,,,,,,,,,,,,,,,,,,,,,,,,,,,,,,,,,,5.5,17.7,,,,,,17.9,,,,,,,,,,,1.0,,,,,,,,,,3.0,,,,,,,,5.0,,,,,,1.0,,,,,,,,,,,,,,,,,,,,,,,,,,,,,,,,,,,,,,,,,,,,,157.5,,,5.3,,,,,,,,,,,,1.3,,,,,,,,,,10.3,,,,,,,,14.5,,,,,,4.0,,,,,,,,,,,,,,,,,,,,,,,,,,,,,,,,,,,,,,,,,,,
1961-08-26,759.8,,762.6,,757.1,,13.6,16.7,,11.1,,13.0,95,77,,3.1,135.0,12.7,45.0,,20.6,9.9,1.0,,4.5,,0.0,0.0,,,15.9,16.1,16.5,16.0,,,,,,,,,9.6,,,,,,,,,,,,,,,,,,,,,,,,,,,,,,,,,,,,,,,,,,,,,,,,,,,,,,,,,,,,,,5.6,16.5,,,,,,4.0,,,,,,,,,,,1.0,,,,,,,,,,,,,,,,,,5.0,,,,,,2.0,,,,1.0,,,,,,,,,,,,,,,,,,,,,,,,,,,,,,,,,,,,1.0,,,,,45.0,,,5.7,,,,,,,,,,,,4.7,,,,,,,,,,,,,,,,,,11.7,,,,,,8.2,,,,2.0,,,,,,,,,,,,,,,,,,,,,,,,,,,,,,,,,,,,4.2,,,
1961-08-27,762.9,,764.5,,761.9,,15.0,19.3,,10.4,,13.1,89,73,,1.2,157.5,3.5,90.0,,20.7,6.3,2.8,,9.1,,6.3,49.7,,,16.8,17.1,16.9,16.4,,,,,,,,,9.3,,,,,,,,,,,,,,,,,,,,,,,,,,,,,,,,,,,,,,,,,,,,,,,,,,,,,,,,,,,,,,8.9,16.5,,,,,,17.3,,,4.0,,,,,,,,,,,,,,2.0,,,,1.0,,,,,,,,1.0,,,,,,2.0,,,,,,,,,,,,,,,,,,,,,,,,,,,,,,,,,,,,,,,,,,,,,90.0,,,3.0,,,,1.0,,,,,,,,,,,,,,3.0,,,,0.7,,,,,,,,1.3,,,,,,5.4,,,,,,,,,,,,,,,,,,,,,,,,,,,,,,,,,,,,,,,,,,,
1961-08-28,762.4,,764.3,,761.2,,13.4,18.4,,9.4,,12.4,94,82,,0.8,292.5,4.1,90.0,,4.8,2.4,1.0,,3.8,,3.7,29.2,,,16.6,16.6,16.7,16.4,,,,,,,,,5.4,,,,,,,,,,,,,,,,,,,,,,,,,,,,,,,,,,,,,,,,,,,,,,,,,,,,,,,,,,,,,,9.0,16.6,,,,,,19.0,,,4.0,,,,,,,,,,,,,,,,,,2.0,,,,,,,,,,,,,,,,,,2.0,,,,,,,,,,,,,,,,,,,,,,2.0,,,,,,,,,,,,,,,,,,,90.0,,,3.0,,,,0.3,,,,,,,,,,,,,,,,,,2.6,,,,,,,,,,,,,,,,,,1.4,,,,,,,,,,,,,,,,,,,,,,2.7,,,,,,,,,,,,,,,,,
1961-08-29,762.3,,763.1,,761.4,,12.9,17.7,,7.5,,12.0,94,84,,0.8,360.0,2.7,360.0,,1.1,3.6,0.2,,0.6,,0.0,0.0,,,15.2,15.4,16.0,15.7,,,,,,,,,6.9,,,,,,,,,,,,,,,,,,,,,,,,,,,,,,,,,,,,,,,,,,,,,,,,,,,,,,,,,,,,,,10.2,16.1,,,,,,25.8,,,3.0,,,,,,,,1.0,,,,,,,,,,,,,,,,,,,,,,,,,,,,,,,,,,,,,,,,,,,,,,,,,,1.0,,,,1.0,,,,,,1.0,,,,3.0,,,,,360.0,,,2.2,,,,0.7,,,,,,,,1.0,,,,,,,,,,,,,,,,,,,,,,,,,,,,,,,,,,,,,,,,,,,,,,,,,,0.7,,,,0.8,,,,,,0.7,,,,2.5,,,
1961-08-30,762.5,,763.8,,761.7,,14.3,18.4,,10.0,,13.1,93,76,,0.8,22.5,3.3,22.5,,0.0,0.0,0.0,,0.0,,3.2,25.4,,,16.5,16.8,16.7,16.3,,,,,,,,,6.3,,,,,,,,,,,,,,,,,,,,,,,,,,,,,,,,,,,,,,,,,,,,,,,,,,,,,,,,,,,,,,8.4,16.1,,,,,,17.6,,,4.0,,,,2.0,,,,,,,,,,,,,,1.0,,,,,,,,1.0,,,,,,,,,,,,,,,,,,,,,,,,,,,,,,,,,,,,1.0,,,,,,,,,,1.0,,,,,22.5,,,2.3,,,,1.0,,,,1.7,,,,,,,,,,,,,,1.2,,,,,,,,1.3,,,,,,,,,,,,,,,,,,,,,,,,,,,,,,,,,,,,1.0,,,,,,,,,,1.2,,,
1961-08-31,764.8,,766.3,,763.3,,14.4,19.6,,9.6,,13.6,95,80,,1.0,360.0,1.8,225.0,,3.8,2.4,1.6,,2.6,,4.5,35.7,,,15.9,16.8,17.0,16.4,,,,,,,,,7.6,,,,,,,,,,,,,,,,,,,,,,,,,,,,,,,,,,,,,,,,,,,,,,,,,,,,,,,,,,,,,,10.0,16.4,,,,,,15.8,,,2.0,,,,,,,,,,,,,,,,,,,,,,,,,,,,,,,,,,,,1.0,,,,2.0,,,,,,,,,,,,,,,,,,,,,,,,,,,,,,,,5.0,,,,,225.0,,,1.7,,,,0.8,,,,,,,,,,,,,,,,,,,,,,,,,,,,,,,,,,,,0.8,,,,2.3,,,,,,,,,,,,,,,,,,,,,,,,,,,,,,,,5.6,,,
1961-09-01,765.7,,766.3,,764.9,,14.0,19.8,,9.0,,13.0,93,68,,1.3,45.0,3.4,225.0,,39.0,2.3,15.5,,30.4,,5.6,44.6,,,14.9,16.3,16.6,16.4,,,,,,,,,5.8,,,,,,,,,,,,,,,,,,,,,,,,,,,,,,,,,,,,,,,,,,,,,,,,,,,,,,,,,,,,,,10.8,16.5,,,,,,20.3,,,,,,,,,,,4.0,,,,,,2.0,,,,1.0,,,,,,,,,,,,,,,,,,1.0,,,,,,,,1.0,,,,,,,,,,,,,,,,,,1.0,,,,,,,,,,,,,,,90.0,,,3.0,,,,,,,,,,,,3.6,,,,,,3.2,,,,1.5,,,,,,,,,,,,,,,,,,0.7,,,,,,,,2.0,,,,,,,,,,,,,,,,,,1.0,,,,,,,,,,,,,
1961-09-02,764.5,,766.0,,763.1,,13.7,19.0,,9.7,,13.1,95,70,,1.2,90.0,3.2,90.0,,13.1,1.7,6.0,,10.1,,2.6,20.7,,,15.2,16.2,16.5,16.3,,,,,,,,,8.6,,,,,,,,,,,,,,,,,,,,,,,,,,,,,,,,,,,,,,,,,,,,,,,,,,,,,,,,,,,,,,9.3,16.5,,,,,,18.8,,,1.0,,,,,,,,2.0,,,,,,1.0,,,,3.0,,,,,,,,,,,,,,,,,,,,,,,,,,,,,,,,,,,,,,,,,,,,1.0,,,,,,,,,,2.0,,,,,90.0,,,3.0,,,,0.3,,,,,,,,1.8,,,,,,2.3,,,,4.1,,,,,,,,,,,,,,,,,,,,,,,,,,,,,,,,,,,,,,,,,,,,1.3,,,,,,,,,,2.2,,,
1961-09-03,762.0,,763.7,,760.6,,13.4,18.5,,10.0,,12.8,97,85,,0.6,180.0,2.5,90.0,,18.5,5.8,3.6,,8.6,,2.1,16.8,,,15.8,16.4,16.6,16.2,,,,,,,,,9.3,,,,,,,,,,,,,,,,,,,,,,,,,,,,,,,,,,,,,,,,,,,,,,,,,,,,,,,,,,,,,,8.5,16.3,,,,,,12.8,,,5.0,,,,,,,,,,,,,,,,,,1.0,,,,,,,,,,,,,,,,,,2.0,,,,,,,,,,,,,,,,,,,,,,,,,,,,,,,,1.0,,,,1.0,,,,,90.0,,,2.0,,,,0.2,,,,,,,,,,,,,,,,,,1.0,,,,,,,,,,,,,,,,,,2.0,,,,,,,,,,,,,,,,,,,,,,,,,,,,,,,,0.8,,,,1.2,,,
1961-09-04,762.9,,765.2,,761.6,,13.4,17.6,,9.5,,13.1,98,93,,1.0,22.5,2.5,337.5,,11.3,4.2,1.9,,5.6,,3.3,27.1,,,15.3,15.7,16.1,15.8,,,,,,,,,8.6,,,,,,,,,,,,,,,,,,,,,,,,,,,,,,,,,,,,,,,,,,,,,,,,,,,,,,,,,,,,,,8.1,16.1,,,,,,10.5,,,3.0,,,,2.0,,,,,,,,,,1.0,,,,,,,,,,,,,,,,,,,,,,,,,,,,,,,,,,,,,,,,1.0,,,,,,,,1.0,,,,,,2.0,,,,,,,,,22.5,,,2.2,,,,1.0,,,,2.5,,,,,,,,,,1.7,,,,,,,,,,,,,,,,,,,,,,,,,,,,,,,,,,,,,,,,1.3,,,,,,,,1.0,,,,,,2.2,,,,,,,
1961-09-05,764.8,,765.9,,764.0,,14.4,18.9,,10.6,,13.5,94,77,,1.2,45.0,3.3,45.0,,24.2,4.9,5.3,,10.9,,3.4,27.2,,,16.8,17.2,17.1,16.5,,,,,,,,,9.4,,,,,,,,,,,,,,,,,,,,,,,,,,,,,,,,,,,,,,,,,,,,,,,,,,,,,,,,,,,,,,8.3,16.4,,,,,,15.6,,,2.0,,,,,,,,4.0,,,,,,4.0,,,,,,,,,,,,,,,,,,,,,,,,,,,,,,,,,,,,,,,,,,,,,,,,,,,,,,,,,,,,,,,45.0,,,2.7,,,,0.3,,,,,,,,6.4,,,,,,5.7,,,,,,,,,,,,,,,,,,,,,,,,,,,,,,,,,,,,,,,,,,,,,,,,,,,,,,,,,,,,,
1961-09-06,764.4,,765.8,,763.0,,13.9,18.9,,10.6,,13.2,96,80,,1.0,67.5,2.8,315.0,,24.9,4.7,10.8,,20.6,,3.2,25.7,,,16.4,17.0,17.0,16.8,,,,,,,,,8.8,,,,,,,,,,,,,,,,,,,,,,,,,,,,,,,,,,,,,,,,,,,,,,,,,,,,,,,,,,,,,,8.3,16.7,,,,,,13.8,,,2.0,,,,,,,,1.0,,,,,,2.0,,,,1.0,,,,,,,,1.0,,,,,,1.0,,,,,,,,,,,,,,,,,,,,,,,,,,,,,,1.0,,,,,,,,,,1.0,,,,,67.5,,,2.7,,,,1.0,,,,,,,,1.2,,,,,,2.3,,,,1.8,,,,,,,,1.0,,,,,,0.8,,,,,,,,,,,,,,,,,,,,,,,,,,,,,,1.2,,,,,,,,,,1.0,,,
1961-09-07,763.1,,764.4,,761.9,,13.4,18.3,,9.5,,12.1,93,78,,1.2,270.0,3.6,90.0,,1.4,0.8,0.4,,1.4,,0.6,4.8,,,16.4,16.3,16.3,16.2,,,,,,,,,8.5,,,,,,,,,,,,,,,,,,,,,,,,,,,,,,,,,,,,,,,,,,,,,,,,,,,,,,,,,,,,,,8.8,16.4,,,,,,27.9,,,1.0,,,,,,,,,,,,,,2.0,,,,2.0,,,,,,,,1.0,,,,,,,,,,,,,,,,,,,,,,,,,,,,3.0,,,,1.0,,,,,,,,,,,,,,,,,,,90.0,,,2.7,,,,0.3,,,,,,,,,,,,,,2.1,,,,5.0,,,,,,,,0.7,,,,,,,,,,,,,,,,,,,,,,,,,,,,3.5,,,,1.5,,,,,,,,,,,,,,,,,
1961-09-08,763.3,,764.4,,762.4,,13.6,19.0,,8.6,,12.6,94,71,,1.0,135.0,3.8,225.0,,1.6,0.4,0.8,,1.6,,5.3,42.7,,,16.5,16.6,16.6,16.3,,,,,,,,,8.4,,,,,,,,,,,,,,,,,,,,,,,,,,,,,,,,,,,,,,,,,,,,,,,,,,,,,,,,,,,,,,10.4,16.3,,,,,,20.7,,,1.0,,,,,,,,,,,,,,,,,,1.0,,,,,,,,3.0,,,,,,,,,,1.0,,,,,,,,1.0,,,,,,,,,,2.0,,,,1.0,,,,,,,,,,,,,,,,,,,225.0,,,2.3,,,,0.5,,,,,,,,,,,,,,,,,,0.7,,,,,,,,3.6,,,,,,,,,,0.7,,,,,,,,2.3,,,,,,,,,,2.1,,,,1.3,,,,,,,,,,,,,,,,,
1961-09-09,763.6,,765.0,,762.8,,13.6,19.0,,8.6,,12.8,95,79,,1.1,157.5,3.6,225.0,,13.2,2.6,2.2,,8.2,,4.4,35.5,,,16.7,16.9,16.8,16.4,,,,,,,,,8.1,,,,,,,,,,,,,,,,,,,,,,,,,,,,,,,,,,,,,,,,,,,,,,,,,,,,,,,,,,,,,,10.4,16.5,,,,,,13.4,,,1.0,,,,,,,,,,,,,,,,,,,,,,,,,,1.0,,,,,,2.0,,,,,,,,2.0,,,,1.0,,,,,,1.0,,,,1.0,,,,,,,,1.0,,,,,,,,,,,,,,,157.5,,,2.3,,,,0.2,,,,,,,,,,,,,,,,,,,,,,,,,,0.7,,,,,,2.4,,,,,,,,2.3,,,,2.0,,,,,,1.0,,,,2.2,,,,,,,,1.0,,,,,,,,,,,,,
1961-09-10,763.4,,764.7,,762.6,,13.5,17.8,,8.7,,12.8,96,84,,1.3,112.5,3.9,67.5,,17.7,8.7,4.8,,12.2,,4.2,34.0,,,16.0,16.4,16.5,16.3,,,,,,,,,9.4,,,,,,,,,,,,,,,,,,,,,,,,,,,,,,,,,,,,,,,,,,,,,,,,,,,,,,,,,,,,,,9.1,16.3,,,,,,12.9,,,1.0,,,,,,,,1.0,,,,,,1.0,,,,1.0,,,,3.0,,,,1.0,,,,,,,,,,,,,,,,,,1.0,,,,,,,,,,,,,,,,,,,,,,,,,,,,1.0,,,,,90.0,,,3.0,,,,0.3,,,,,,,,1.5,,,,,,2.8,,,,2.7,,,,2.8,,,,2.2,,,,,,,,,,,,,,,,,,1.7,,,,,,,,,,,,,,,,,,,,,,,,,,,,1.0,,,
1961-09-11,760.7,,764.1,,752.5,,14.3,19.4,,10.0,,13.3,93,73,,2.1,45.0,6.4,315.0,,12.7,4.6,2.4,,6.9,,6.0,48.6,,,18.2,17.9,17.5,16.9,,,,,,,,,8.3,,,,,,,,,,,,,,,,,,,,,,,,,,,,,,,,,,,,,,,,,,,,,,,,,,,,,,,,,,,,,,9.4,16.6,,,,,,23.2,,,1.0,,,,,,,,3.0,,,,,,,,,,1.0,,,,,,,,,,,,,,,,,,,,,,,,,,1.0,,,,,,,,,,,,,,1.0,,,,1.0,,,,,,,,,,2.0,,,,,292.5,,,5.0,,,,0.5,,,,,,,,4.7,,,,,,,,,,1.8,,,,,,,,,,,,,,,,,,,,,,,,,,1.7,,,,,,,,,,,,,,5.0,,,,4.0,,,,,,,,,,3.3,,,
1961-09-12,753.9,,762.4,,743.3,,14.0,15.7,,12.0,,13.0,94,62,,3.8,270.0,14.4,270.0,,297.6,15.2,9.4,,45.8,,0.0,0.0,,,14.4,15.3,15.8,16.1,,,,,,,,,8.4,,,,,,,,,,,,,,,,,,,,,,,,,,,,,,,,,,,,,,,,,,,,,,,,,,,,,,,,,,,,,,3.7,16.2,,,,,,2.6,,,,,,,,,,,,,,,,,1.0,,,,,,,,,,,,,,,,,,1.0,,,,2.0,,,,,,,,2.0,,,,,,1.0,,,,2.0,,,,1.0,,,,,,,,,,,,,,,,,,,270.0,,,8.5,,,,,,,,,,,,,,,,,,1.0,,,,,,,,,,,,,,,,,,2.0,,,,6.0,,,,,,,,7.8,,,,,,5.3,,,,13.1,,,,5.3,,,,,,,,,,,,,,,,,
1961-09-13,761.7,,763.0,,760.1,,14.2,19.1,,8.4,,13.0,93,70,,1.6,45.0,5.3,67.5,,0.0,0.0,0.0,,0.0,,6.1,49.6,,,16.6,16.6,16.3,16.0,,,,,,,,,7.2,,,,,,,,,,,,,,,,,,,,,,,,,,,,,,,,,,,,,,,,,,,,,,,,,,,,,,,,,,,,,,10.7,15.9,,,,,,21.2,,,,,,,,,,,6.0,,,,,,4.0,,,,,,,,,,,,,,,,,,,,,,,,,,,,,,,,,,,,,,,,,,,,,,,,,,,,,,,,,,,,,,,67.5,,,4.5,,,,,,,,,,,,11.1,,,,,,6.2,,,,,,,,,,,,,,,,,,,,,,,,,,,,,,,,,,,,,,,,,,,,,,,,,,,,,,,,,,,,,
1961-09-14,758.7,,760.1,,757.4,,13.8,19.1,,8.3,,12.3,92,76,,2.3,45.0,5.6,67.5,,0.2,0.3,0.1,,0.2,,6.7,54.6,,,17.7,17.8,17.5,17.0,,,,,,,,,8.3,,,,,,,,,,,,,,,,,,,,,,,,,,,,,,,,,,,,,,,,,,,,,,,,,,,,,,,,,,,,,,10.8,16.6,,,,,,19.9,,,,,,,1.0,,,,4.0,,,,,,2.0,,,,,,,,,,,,,,,,,,,,,,,,,,,,,,,,,,,,,,,,,,,,,,,,2.0,,,,,,1.0,,,,,,,,,67.5,,,4.7,,,,,,,,3.3,,,,8.2,,,,,,6.0,,,,,,,,,,,,,,,,,,,,,,,,,,,,,,,,,,,,,,,,,,,,,,,,3.7,,,,,,2.0,,,,,,,
1961-09-15,760.2,,762.0,,758.9,,13.1,18.9,,8.0,,12.0,92,70,,1.6,180.0,3.9,180.0,,8.6,1.9,3.0,,6.6,,1.6,13.1,,,15.9,16.4,16.6,16.6,,,,,,,,,9.6,,,,,,,,,,,,,,,,,,,,,,,,,,,,,,,,,,,,,,,,,,,,,,,,,,,,,,,,,,,,,,10.9,16.5,,,,,,18.6,,,1.0,,,,,,,,2.0,,,,,,3.0,,,,,,,,,,,,,,,,,,,,,,3.0,,,,,,,,,,,,,,,,,,,,,,,,,,,,,,,,,,,,1.0,,,,,180.0,,,3.2,,,,0.3,,,,,,,,2.5,,,,,,4.4,,,,,,,,,,,,,,,,,,,,,,6.3,,,,,,,,,,,,,,,,,,,,,,,,,,,,,,,,,,,,1.2,,,
1961-09-16,762.4,,764.2,,761.3,,13.3,18.9,,8.0,,12.6,97,86,,1.5,180.0,4.4,225.0,,26.5,9.2,3.2,,9.8,,1.5,12.2,,,15.4,16.2,16.5,16.3,,,,,,,,,8.9,,,,,,,,,,,,,,,,,,,,,,,,,,,,,,,,,,,,,,,,,,,,,,,,,,,,,,,,,,,,,,10.9,16.5,,,,,,8.0,,,,,,,,,,,,,,,,,,,,,,,,,,,,,,,,,,,,,,,4.0,,,,3.0,,,,1.0,,,,,,2.0,,,,,,,,,,,,,,,,,,,,,,,,,,,202.5,,,4.0,,,,,,,,,,,,,,,,,,,,,,,,,,,,,,,,,,,,,,,,7.6,,,,3.2,,,,1.0,,,,,,3.0,,,,,,,,,,,,,,,,,,,,,,,,,
1961-09-17,764.3,,765.8,,763.4,,13.8,16.6,,7.9,,13.3,97,87,,1.1,180.0,2.8,180.0,,31.1,7.0,4.5,,14.4,,0.6,4.9,,,15.6,16.4,16.6,16.3,,,,,,,,,9.9,,,,,,,,,,,,,,,,,,,,,,,,,,,,,,,,,,,,,,,,,,,,,,,,,,,,,,,,,,,,,,8.7,16.4,,,,,,6.0,,,1.0,,,,,,,,,,,,,,,,,,,,,,,,,,,,,,,,2.0,,,,3.0,,,,,,,,,,,,,,1.0,,,,2.0,,,,1.0,,,,,,,,,,,,,,,,,,,180.0,,,2.3,,,,0.3,,,,,,,,,,,,,,,,,,,,,,,,,,,,,,,,3.1,,,,4.1,,,,,,,,,,,,,,0.8,,,,3.0,,,,0.8,,,,,,,,,,,,,,,,,
1961-09-18,765.3,,766.5,,763.8,,13.6,16.0,,10.3,,13.3,98,94,,1.1,180.0,3.0,45.0,,14.2,9.7,1.5,,4.0,,0.0,0.0,,,15.9,16.2,16.2,16.2,,,,,,,,,9.8,,,,,,,,,,,,,,,,,,,,,,,,,,,,,,,,,,,,,,,,,,,,,,,,,,,,,,,,,,,,,,5.7,16.2,,,,,,10.5,,,2.0,,,,1.0,,,,1.0,,,,,,1.0,,,,1.0,,,,,,,,,,,,,,,,,,2.0,,,,,,,,,,,,,,,,,,,,,,,,,,1.0,,,,,,,,,,1.0,,,,,45.0,,,2.5,,,,0.8,,,,0.8,,,,2.5,,,,,,1.5,,,,1.3,,,,,,,,,,,,,,,,,,3.0,,,,,,,,,,,,,,,,,,,,,,,,,,1.7,,,,,,,,,,0.7,,,
1961-09-19,765.6,,766.6,,764.6,,14.2,19.2,,10.5,,13.4,95,80,,1.3,225.0,4.4,247.5,,31.0,8.8,7.2,,17.6,,3.6,29.6,,,17.7,17.5,17.1,16.6,,,,,,,,,9.4,,,,,,,,,,,,,,,,,,,,,,,,,,,,,,,,,,,,,,,,,,,,,,,,,,,,,,,,,,,,,,8.7,16.5,,,,,,15.0,,,3.0,,,,,,,,,,,,,,,,,,,,,,,,,,,,,,,,,,,,1.0,,,,1.0,,,,3.0,,,,,,2.0,,,,,,,,,,,,,,,,,,,,,,,,,,,247.5,,,3.5,,,,1.5,,,,,,,,,,,,,,,,,,,,,,,,,,,,,,,,,,,,1.5,,,,0.8,,,,4.0,,,,,,5.0,,,,,,,,,,,,,,,,,,,,,,,,,
1961-09-20,765.3,,766.1,,764.3,,13.9,20.1,,10.5,,12.7,93,77,,1.7,135.0,5.0,135.0,,8.1,2.1,3.5,,6.2,,3.7,30.5,,,18.1,18.2,17.8,17.0,,,,,,,,,9.6,,,,,,,,,,,,,,,,,,,,,,,,,,,,,,,,,,,,,,,,,,,,,,,,,,,,,,,,,,,,,,9.6,16.8,,,,,,19.1,,,,,,,,,,,,,,,,,,,,,,,,,,,,,3.0,,,,,,1.0,,,,1.0,,,,2.0,,,,2.0,,,,,,,,,,1.0,,,,,,,,,,,,,,,,,,,,,,,135.0,,,4.3,,,,,,,,,,,,,,,,,,,,,,,,,,,,,,5.2,,,,,,2.8,,,,1.3,,,,2.3,,,,2.7,,,,,,,,,,0.7,,,,,,,,,,,,,,,,,,,,,
1961-09-21,765.0,,765.6,,764.0,,13.4,18.7,,9.0,,13.0,96,80,,1.3,90.0,3.0,90.0,,1.9,2.2,0.5,,1.0,,4.4,36.3,,,16.2,17.1,17.1,16.6,,,,,,,,,8.8,,,,,,,,,,,,,,,,,,,,,,,,,,,,,,,,,,,,,,,,,,,,,,,,,,,,,,,,,,,,,,9.7,16.7,,,,,,20.9,,,1.0,,,,,,,,1.0,,,,,,1.0,,,,2.0,,,,,,,,,,,,,,,,,,,,,,1.0,,,,1.0,,,,,,,,,,1.0,,,,,,,,,,,,,,1.0,,,,1.0,,,,,90.0,,,2.7,,,,0.0,,,,,,,,0.7,,,,,,1.7,,,,3.7,,,,,,,,,,,,,,,,,,,,,,1.2,,,,0.7,,,,,,,,,,2.0,,,,,,,,,,,,,,1.0,,,,1.3,,,
1961-09-22,764.9,,765.9,,764.1,,13.3,19.2,,8.0,,12.6,95,72,,1.0,315.0,3.6,135.0,,2.7,0.8,0.8,,1.7,,4.2,34.7,,,15.5,16.2,16.6,16.1,,,,,,,,,4.6,,,,,,,,,,,,,,,,,,,,,,,,,,,,,,,,,,,,,,,,,,,,,,,,,,,,,,,,,,,,,,11.2,16.4,,,,,,29.0,,,2.0,,,,,,,,,,,,,,,,,,,,,,2.0,,,,1.0,,,,,,,,,,,,,,,,,,,,,,,,,,,,,,,,,,,,4.0,,,,,,1.0,,,,,,,,,135.0,,,3.3,,,,0.0,,,,,,,,,,,,,,,,,,,,,,2.7,,,,3.3,,,,,,,,,,,,,,,,,,,,,,,,,,,,,,,,,,,,4.9,,,,,,0.7,,,,,,,
1961-09-23,766.4,,768.3,,765.1,,13.0,17.9,,9.1,,11.7,91,79,,1.3,180.0,3.3,180.0,,1.6,2.0,0.3,,1.0,,3.2,26.5,,,15.3,15.9,16.2,16.0,,,,,,,,,8.6,,,,,,,,,,,,,,,,,,,,,,,,,,,,,,,,,,,,,,,,,,,,,,,,,,,,,,,,,,,,,,8.8,16.3,,,,,,27.7,,,1.0,,,,,,,,,,,,,,,,,,,,,,2.0,,,,2.0,,,,,,,,,,4.0,,,,,,,,,,,,,,,,,,,,,,,,,,1.0,,,,,,,,,,,,,,,180.0,,,3.0,,,,0.3,,,,,,,,,,,,,,,,,,,,,,2.7,,,,3.0,,,,,,,,,,7.7,,,,,,,,,,,,,,,,,,,,,,,,,,0.8,,,,,,,,,,,,,
1961-09-24,767.7,,768.8,,766.8,,13.0,19.4,,7.2,,11.5,92,70,,1.1,90.0,3.0,90.0,,0.8,0.2,0.8,,0.8,,5.3,44.0,,,15.5,15.5,15.8,15.5,,,,,,,,,6.9,,,,,,,,,,,,,,,,,,,,,,,,,,,,,,,,,,,,,,,,,,,,,,,,,,,,,,,,,,,,,,12.2,15.9,,,,,,25.4,,,3.0,,,,,,,,,,,,,,,,,,2.0,,,,,,,,2.0,,,,,,,,,,1.0,,,,,,,,2.0,,,,,,,,,,,,,,,,,,,,,,,,,,,,,,,,,90.0,,,2.7,,,,0.0,,,,,,,,,,,,,,,,,,3.7,,,,,,,,3.0,,,,,,,,,,1.0,,,,,,,,2.0,,,,,,,,,,,,,,,,,,,,,,,,,,,,,,,
1961-09-25,766.6,,768.6,,765.0,,14.0,19.7,,9.5,,13.0,94,79,,1.2,90.0,4.0,90.0,,0.0,0.0,0.0,,0.0,,5.6,46.6,,,16.9,17.1,16.8,16.2,,,,,,,,,4.8,,,,,,,,,,,,,,,,,,,,,,,,,,,,,,,,,,,,,,,,,,,,,,,,,,,,,,,,,,,,,,10.2,16.1,,,,,,25.4,,,4.0,,,,,,,,1.0,,,,,,,,,,3.0,,,,,,,,1.0,,,,,,,,,,,,,,,,,,,,,,,,,,,,,,,,,,,,1.0,,,,,,,,,,,,,,,90.0,,,3.7,,,,0.7,,,,,,,,1.0,,,,,,,,,,3.5,,,,,,,,1.7,,,,,,,,,,,,,,,,,,,,,,,,,,,,,,,,,,,,1.3,,,,,,,,,,,,,
1961-09-26,763.7,,766.0,,762.3,,15.0,22.2,,9.9,,12.8,87,65,,2.6,45.0,4.0,45.0,,0.0,0.0,0.0,,0.0,,10.5,87.4,,,19.4,19.1,18.4,17.2,,,,,,,,,2.1,,,,,,,,,,,,,,,,,,,,,,,,,,,,,,,,,,,,,,,,,,,,,,,,,,,,,,,,,,,,,,12.3,16.8,,,,,,38.1,,,,,,,2.0,,,,4.0,,,,,,,,,,2.0,,,,,,,,,,,,,,,,,,,,,,,,,,,,,,,,,,,,,,,,,,,,,,,,,,,,,,2.0,,,,,45.0,,,3.8,,,,,,,,4.3,,,,10.7,,,,,,,,,,7.4,,,,,,,,,,,,,,,,,,,,,,,,,,,,,,,,,,,,,,,,,,,,,,,,,,,,,,4.0,,,
1961-09-27,760.6,,762.9,,758.6,,13.7,19.2,,7.6,,12.1,90,77,,2.0,45.0,5.3,45.0,,0.0,0.0,0.0,,0.0,,7.1,59.4,,,16.4,16.9,17.2,16.9,,,,,,,,,7.3,,,,,,,,,,,,,,,,,,,,,,,,,,,,,,,,,,,,,,,,,,,,,,,,,,,,,,,,,,,,,,11.6,16.9,,,,,,28.5,,,1.0,,,,1.0,,,,3.0,,,,,,1.0,,,,1.0,,,,,,,,,,,,,,,,,,,,,,,,,,,,,,,,,,,,1.0,,,,,,,,1.0,,,,,,,,,,1.0,,,,,45.0,,,5.0,,,,0.5,,,,1.3,,,,9.6,,,,,,1.3,,,,2.7,,,,,,,,,,,,,,,,,,,,,,,,,,,,,,,,,,,,1.3,,,,,,,,1.0,,,,,,,,,,1.0,,,
1961-09-28,752.9,,760.9,,746.4,,14.0,15.0,,12.0,,11.9,88,67,,4.6,135.0,15.5,90.0,,64.5,17.5,3.0,,10.0,,0.0,0.0,,,14.6,15.2,15.9,15.8,,,,,,,,,10.0,,,,,,,,,,,,,,,,,,,,,,,,,,,,,,,,,,,,,,,,,,,,,,,,,,,,,,,,,,,,,,3.0,16.3,,,,,,3.4,,,,,,,,,,,1.0,,,,,,,,,,4.0,,,,,,,,4.0,,,,,,,,,,,,,,,,,,,,,,,,,,,,,,,,,,,,,,,,,,,,,,1.0,,,,,135.0,,,10.0,,,,,,,,,,,,3.7,,,,,,,,,,15.7,,,,,,,,25.4,,,,,,,,,,,,,,,,,,,,,,,,,,,,,,,,,,,,,,,,,,,,,,3.7,,,
1961-09-29,762.9,,764.8,,760.5,,13.5,18.7,,8.7,,12.3,93,80,,1.0,90.0,4.0,90.0,,4.2,6.5,0.6,,1.5,,1.3,10.9,,,15.7,16.3,16.1,15.4,,,,,,,,,8.1,,,,,,,,,,,,,,,,,,,,,,,,,,,,,,,,,,,,,,,,,,,,,,,,,,,,,,,,,,,,,,10.0,15.7,,,,,,17.9,,,3.0,,,,,,,,1.0,,,,,,,,,,3.0,,,,,,,,1.0,,,,,,,,,,,,,,,,,,1.0,,,,,,,,,,,,,,,,,,1.0,,,,,,,,,,,,,,,90.0,,,3.7,,,,0.5,,,,,,,,0.7,,,,,,,,,,6.1,,,,,,,,0.7,,,,,,,,,,,,,,,,,,1.7,,,,,,,,,,,,,,,,,,0.7,,,,,,,,,,,,,
1961-09-30,764.3,,765.3,,763.3,,12.8,20.3,,6.6,,11.3,91,68,,1.0,45.0,3.8,90.0,,0.0,0.0,0.0,,0.0,,6.8,57.1,,,16.4,16.4,16.5,15.8,,,,,,,,,4.1,,,,,,,,,,,,,,,,,,,,,,,,,,,,,,,,,,,,,,,,,,,,,,,,,,,,,,,,,,,,,,13.7,15.8,,,,,,23.3,,,2.0,,,,,,,,2.0,,,,,,,,,,1.0,,,,,,,,,,,,,,,,,,,,,,,,,,1.0,,,,,,,,,,2.0,,,,,,,,2.0,,,,,,,,,,,,,,,90.0,,,3.0,,,,0.2,,,,,,,,2.7,,,,,,,,,,2.7,,,,,,,,,,,,,,,,,,,,,,,,,,0.8,,,,,,,,,,2.5,,,,,,,,2.0,,,,,,,,,,,,,
1961-10-01,762.9,,764.6,,761.6,,12.8,17.7,,8.4,,12.1,95,81,,1.1,67.5,4.0,67.5,,0.0,0.0,0.0,,0.0,,4.8,40.4,,,15.5,16.1,16.5,15.8,,,,,,,,,4.8,,,,,,,,,,,,,,,,,,,,,,,,,,,,,,,,,,,,,,,,,,,,,,,,,,,,,,,,,,,,,,9.3,16.0,,,,,,27.5,,,4.0,,,,,,,,1.0,,,,,,1.0,,,,1.0,,,,,,,,1.0,,,,,,,,,,,,,,,,,,1.0,,,,,,,,,,,,,,,,,,1.0,,,,,,,,,,,,,,,67.5,,,3.7,,,,0.0,,,,,,,,1.0,,,,,,2.7,,,,1.0,,,,,,,,1.0,,,,,,,,,,,,,,,,,,1.2,,,,,,,,,,,,,,,,,,0.7,,,,,,,,,,,,,
1961-10-02,760.5,,762.2,,759.3,,12.6,18.6,,8.5,,11.8,94,76,,1.5,45.0,3.0,45.0,,0.0,0.0,0.0,,0.0,,6.7,56.4,,,15.7,16.6,16.6,15.8,,,,,,,,,6.0,,,,,,,,,,,,,,,,,,,,,,,,,,,,,,,,,,,,,,,,,,,,,,,,,,,,,,,,,,,,,,10.1,16.0,,,,,,13.5,,,1.0,,,,2.0,,,,3.0,,,,,,,,,,2.0,,,,,,,,,,,,,,,,,,,,,,,,,,,,,,,,,,,,1.0,,,,,,,,,,,,,,,,,,1.0,,,,,360.0,,,2.7,,,,0.0,,,,3.7,,,,4.5,,,,,,,,,,3.0,,,,,,,,,,,,,,,,,,,,,,,,,,,,,,,,,,,,1.0,,,,,,,,,,,,,,,,,,2.7,,,
1961-10-03,759.4,,760.6,,758.3,,13.2,20.7,,7.0,,11.3,87,66,,3.4,45.0,6.5,67.5,,0.7,1.6,0.2,,0.6,,1.5,12.7,,,16.2,16.8,16.7,15.9,,,,,,,,,9.1,,,,,,,,,,,,,,,,,,,,,,,,,,,,,,,,,,,,,,,,,,,,,,,,,,,,,,,,,,,,,,13.7,15.8,,,,,,35.0,,,,,,,,,,,8.0,,,,,,2.0,,,,,,,,,,,,,,,,,,,,,,,,,,,,,,,,,,,,,,,,,,,,,,,,,,,,,,,,,,,,,,,67.5,,,6.3,,,,,,,,,,,,25.7,,,,,,9.6,,,,,,,,,,,,,,,,,,,,,,,,,,,,,,,,,,,,,,,,,,,,,,,,,,,,,,,,,,,,,
1961-10-04,762.3,,764.8,,760.4,,12.8,18.0,,8.8,,12.1,95,84,,1.2,225.0,3.0,225.0,,0.0,0.0,0.0,,0.0,,1.6,13.5,,,16.2,16.7,16.7,16.1,,,,,,,,,8.3,,,,,,,,,,,,,,,,,,,,,,,,,,,,,,,,,,,,,,,,,,,,,,,,,,,,,,,,,,,,,,9.2,16.2,,,,,,12.1,,,1.0,,,,,,,,,,,,,,,,,,,,,,,,,,,,,,,,,,,,1.0,,,,,,,,7.0,,,,,,,,,,1.0,,,,,,,,,,,,,,,,,,,,,,,270.0,,,2.5,,,,0.3,,,,,,,,,,,,,,,,,,,,,,,,,,,,,,,,,,,,1.7,,,,,,,,8.8,,,,,,,,,,1.7,,,,,,,,,,,,,,,,,,,,,
1961-10-05,764.6,,766.4,,763.9,,13.5,20.7,,7.5,,11.0,86,65,,1.5,225.0,3.8,225.0,,0.0,0.0,0.0,,0.0,,9.4,79.7,,,17.2,17.6,17.4,16.4,,,,,,,,,7.3,,,,,,,,,,,,,,,,,,,,,,,,,,,,,,,,,,,,,,,,,,,,,,,,,,,,,,,,,,,,,,13.2,16.3,,,,,,33.3,,,,,,,,,,,,,,,,,,,,,,,,,,,,,3.0,,,,,,1.0,,,,1.0,,,,,,,,3.0,,,,,,,,,,2.0,,,,,,,,,,,,,,,,,,,,,,,225.0,,,3.7,,,,,,,,,,,,,,,,,,,,,,,,,,,,,,3.3,,,,,,1.0,,,,1.0,,,,,,,,8.7,,,,,,,,,,2.7,,,,,,,,,,,,,,,,,,,,,
1961-10-06,764.7,,765.7,,763.7,,13.3,21.1,,5.7,,9.0,78,41,,1.7,225.0,5.0,225.0,,0.0,0.0,0.0,,0.0,,8.9,75.5,,,18.0,18.1,17.7,16.7,,,,,,,,,6.9,,,,,,,,,,,,,,,,,,,,,,,,,,,,,,,,,,,,,,,,,,,,,,,,,,,,,,,,,,,,,,15.4,16.5,,,,,,30.2,,,1.0,,,,,,,,1.0,,,,,,,,,,2.0,,,,,,,,,,,,,,,,,,,,,,,,,,4.0,,,,,,,,,,1.0,,,,,,,,1.0,,,,,,,,,,,,,,,225.0,,,4.7,,,,0.3,,,,,,,,2.3,,,,,,,,,,3.0,,,,,,,,,,,,,,,,,,,,,,,,,,8.7,,,,,,,,,,1.7,,,,,,,,1.0,,,,,,,,,,,,,
1961-10-07,764.3,,765.3,,763.2,,11.4,17.5,,7.1,,10.7,96,83,,0.8,135.0,2.5,90.0,,0.0,0.0,0.0,,0.0,,5.2,44.2,,,14.9,16.0,16.2,16.0,,,,,,,,,5.3,,,,,,,,,,,,,,,,,,,,,,,,,,,,,,,,,,,,,,,,,,,,,,,,,,,,,,,,,,,,,,10.4,16.3,,,,,,23.0,,,3.0,,,,,,,,1.0,,,,,,,,,,,,,,,,,,3.0,,,,,,,,,,,,,,,,,,,,,,,,,,,,1.0,,,,,,,,2.0,,,,,,,,,,,,,,,90.0,,,2.3,,,,0.0,,,,,,,,1.7,,,,,,,,,,,,,,,,,,2.7,,,,,,,,,,,,,,,,,,,,,,,,,,,,0.7,,,,,,,,2.7,,,,,,,,,,,,,
1961-10-08,762.8,,764.2,,762.0,,11.4,19.0,,6.6,,10.1,92,68,,1.7,45.0,4.0,45.0,,0.0,0.0,0.0,,0.0,,5.5,46.9,,,14.7,15.7,16.3,15.5,,,,,,,,,5.0,,,,,,,,,,,,,,,,,,,,,,,,,,,,,,,,,,,,,,,,,,,,,,,,,,,,,,,,,,,,,,12.4,15.8,,,,,,20.3,,,2.0,,,,2.0,,,,3.0,,,,,,,,,,,,,,,,,,,,,,,,,,,,,,,,,,,,,,,,,,,,,,,,,,,,,,,,,,,,,,,,3.0,,,,,45.0,,,3.7,,,,0.5,,,,4.0,,,,6.5,,,,,,,,,,,,,,,,,,,,,,,,,,,,,,,,,,,,,,,,,,,,,,,,,,,,,,,,,,,,,,,,5.2,,,
1961-10-09,762.2,,763.3,,761.5,,10.9,19.2,,5.2,,9.2,90,60,,1.2,45.0,3.0,90.0,,0.0,0.0,0.0,,0.0,,8.3,70.9,,,13.7,14.7,15.4,14.9,,,,,,,,,3.0,,,,,,,,,,,,,,,,,,,,,,,,,,,,,,,,,,,,,,,,,,,,,,,,,,,,,,,,,,,,,,14.0,15.4,,,,,,30.8,,,1.0,,,,,,,,3.0,,,,,,,,,,1.0,,,,,,,,,,,,,,,,,,3.0,,,,,,,,,,,,,,,,,,,,,,,,,,2.0,,,,,,,,,,,,,,,90.0,,,2.7,,,,0.0,,,,,,,,3.8,,,,,,,,,,2.7,,,,,,,,,,,,,,,,,,3.3,,,,,,,,,,,,,,,,,,,,,,,,,,2.0,,,,,,,,,,,,,
1961-10-10,763.0,,764.2,,761.6,,9.1,15.3,,2.6,,7.2,90,67,,1.2,360.0,3.5,90.0,,0.0,0.0,0.0,,0.0,,6.5,55.7,,,13.1,14.7,15.2,14.8,,,,,,,,,4.2,,,,,,,,,,,,,,,,,,,,,,,,,,,,,,,,,,,,,,,,,,,,,,,,,,,,,,,,,,,,,,12.7,15.2,,,,,,21.1,,,4.0,,,,,,,,,,,,,,,,,,1.0,,,,,,,,1.0,,,,,,,,,,,,,,,,,,,,,,,,,,,,,,,,,,,,,,,,,,,,,,4.0,,,,,90.0,,,3.3,,,,0.0,,,,,,,,,,,,,,,,,,2.3,,,,,,,,0.7,,,,,,,,,,,,,,,,,,,,,,,,,,,,,,,,,,,,,,,,,,,,,,7.3,,,
1961-10-11,764.5,,766.5,,763.0,,7.0,15.4,,-0.2,,4.2,82,52,,1.4,315.0,5.2,360.0,,0.0,0.0,0.0,,0.0,,5.9,50.6,,,11.1,13.1,13.6,13.1,,,,,,,,,3.4,,,,,,,,,,,,,,,,,,,,,,,,,,,,,,,,,,,,,,,,,,,,,,,,,,,,,,,,,,,,,,15.6,14.2,,,,,,20.4,,,3.0,,,,,,,,,,,,,,2.0,,,,,,,,,,,,,,,,,,,,,,,,,,,,,,,,,,,,,,,,,,,,,,,,4.0,,,,,,,,,,1.0,,,,,360.0,,,5.0,,,,0.0,,,,,,,,,,,,,,4.7,,,,,,,,,,,,,,,,,,,,,,,,,,,,,,,,,,,,,,,,,,,,,,,,6.4,,,,,,,,,,3.7,,,
1961-10-12,766.2,,767.6,,764.9,,9.9,18.6,,2.6,,2.9,68,31,,1.7,90.0,8.3,90.0,,0.0,0.0,0.0,,0.0,,10.0,85.9,,,12.2,13.2,13.6,13.0,,,,,,,,,1.1,,,,,,,,,,,,,,,,,,,,,,,,,,,,,,,,,,,,,,,,,,,,,,,,,,,,,,,,,,,,,,16.0,13.8,,,,,,32.1,,,4.0,,,,,,,,2.0,,,,,,,,,,4.0,,,,,,,,,,,,,,,,,,,,,,,,,,,,,,,,,,,,,,,,,,,,,,,,,,,,,,,,,,,90.0,,,8.0,,,,0.3,,,,,,,,6.6,,,,,,,,,,11.4,,,,,,,,,,,,,,,,,,,,,,,,,,,,,,,,,,,,,,,,,,,,,,,,,,,,,,,,,
1961-10-13,767.2,,768.2,,766.1,,9.1,18.0,,2.2,,6.9,84,50,,1.1,315.0,5.0,90.0,,0.0,0.0,0.0,,0.0,,7.8,67.2,,,13.3,14.3,14.4,13.3,,,,,,,,,2.5,,,,,,,,,,,,,,,,,,,,,,,,,,,,,,,,,,,,,,,,,,,,,,,,,,,,,,,,,,,,,,15.8,13.8,,,,,,30.1,,,5.0,,,,,,,,1.0,,,,,,,,,,1.0,,,,,,,,1.0,,,,,,,,,,,,,,,,,,,,,,,,,,,,,,,,,,,,2.0,,,,,,,,,,,,,,,90.0,,,4.7,,,,0.0,,,,,,,,2.0,,,,,,,,,,2.7,,,,,,,,0.7,,,,,,,,,,,,,,,,,,,,,,,,,,,,,,,,,,,,2.3,,,,,,,,,,,,,
1961-10-14,766.4,,768.0,,765.3,,9.3,16.3,,3.0,,8.0,91,67,,0.9,180.0,4.0,45.0,,0.0,0.0,0.0,,0.0,,6.3,54.4,,,12.3,13.5,14.1,13.3,,,,,,,,,5.4,,,,,,,,,,,,,,,,,,,,,,,,,,,,,,,,,,,,,,,,,,,,,,,,,,,,,,,,,,,,,,13.3,13.8,,,,,,24.0,,,5.0,,,,,,,,1.0,,,,,,,,,,,,,,,,,,1.0,,,,,,,,,,2.0,,,,,,,,,,,,,,,,,,1.0,,,,,,,,,,,,,,,,,,,,,,,45.0,,,3.7,,,,0.3,,,,,,,,1.3,,,,,,,,,,,,,,,,,,1.0,,,,,,,,,,3.3,,,,,,,,,,,,,,,,,,1.3,,,,,,,,,,,,,,,,,,,,,
1961-10-15,765.5,,766.4,,764.4,,10.0,17.3,,4.2,,8.9,93,72,,1.5,90.0,3.5,90.0,,10.7,2.2,2.0,,5.6,,5.4,46.7,,,12.2,13.5,13.8,13.2,,,,,,,,,4.2,,,,,,,,,,,,,,,,,,,,,,,,,,,,,,,,,,,,,,,,,,,,,,,,,,,,,,,,,,,,,,13.1,13.7,,,,,,25.5,,,1.0,,,,,,,,,,,,,,,,,,5.0,,,,,,,,,,,,,,,,,,,,,,,,,,,,,,,,,,,,2.0,,,,,,,,1.0,,,,,,,,,,1.0,,,,,90.0,,,3.3,,,,0.3,,,,,,,,,,,,,,,,,,8.2,,,,,,,,,,,,,,,,,,,,,,,,,,,,,,,,,,,,3.0,,,,,,,,2.7,,,,,,,,,,2.0,,,
1961-10-16,765.6,,766.2,,765.0,,11.7,15.7,,6.0,,10.8,94,76,,1.4,225.0,6.3,247.5,,0.0,0.0,0.0,,0.0,,5.3,45.8,,,13.5,13.8,14.1,13.4,,,,,,,,,6.9,,,,,,,,,,,,,,,,,,,,,,,,,,,,,,,,,,,,,,,,,,,,,,,,,,,,,,,,,,,,,,9.7,13.8,,,,,,24.8,,,2.0,,,,,,,,,,,,,,,,,,1.0,,,,,,,,,,,,,,,,,,,,,,,,,,2.0,,,,,,1.0,,,,2.0,,,,,,,,2.0,,,,,,,,,,,,,,,247.5,,,6.0,,,,0.3,,,,,,,,,,,,,,,,,,1.7,,,,,,,,,,,,,,,,,,,,,,,,,,4.0,,,,,,1.0,,,,2.0,,,,,,,,2.4,,,,,,,,,,,,,
1961-10-17,767.4,,769.0,,766.0,,11.9,17.9,,7.9,,10.9,94,80,,0.7,315.0,3.5,180.0,,-9.8,0.0,-9.8,,-9.8,,1.1,9.5,,,13.7,13.9,14.3,13.8,,,,,,,,,8.8,,,,,,,,,,,,,,,,,,,,,,,,,,,,,,,,,,,,,,,,,,,,,,,,,,,,,,,,,,,,,,10.0,14.0,,,,,,20.2,,,4.0,,,,,,,,,,,,,,,,,,1.0,,,,,,,,,,,,,,,,,,1.0,,,,,,,,1.0,,,,,,,,,,,,,,,,,,3.0,,,,,,,,,,,,,,,180.0,,,3.0,,,,1.0,,,,,,,,,,,,,,,,,,1.0,,,,,,,,,,,,,,,,,,1.7,,,,,,,,1.7,,,,,,,,,,,,,,,,,,2.8,,,,,,,,,,,,,
1961-10-18,769.3,,770.2,,768.4,,11.8,20.6,,5.5,,10.1,90,64,,1.3,225.0,4.5,67.5,,0.0,0.0,0.0,,0.0,,8.4,73.4,,,13.9,14.8,14.9,14.0,,,,,,,,,2.6,,,,,,,,,,,,,,,,,,,,,,,,,,,,,,,,,,,,,,,,,,,,,,,,,,,,,,,,,,,,,,15.1,14.1,,,,,,37.5,,,3.0,,,,,,,,,,,,,,1.0,,,,,,,,,,,,,,,,,,,,,,,,,,,,,,3.0,,,,,,,,,,,,,,,,,,3.0,,,,,,,,,,,,,,,67.5,,,4.3,,,,0.5,,,,,,,,,,,,,,4.3,,,,,,,,,,,,,,,,,,,,,,,,,,,,,,5.0,,,,,,,,,,,,,,,,,,3.0,,,,,,,,,,,,,
1961-10-19,769.1,,770.2,,768.0,,11.4,20.6,,5.0,,9.7,88,43,,1.3,225.0,3.0,315.0,,0.0,0.0,0.0,,0.0,,7.4,64.5,,,13.8,14.7,14.9,14.0,,,,,,,,,2.1,,,,,,,,,,,,,,,,,,,,,,,,,,,,,,,,,,,,,,,,,,,,,,,,,,,,,,,,,,,,,,15.6,14.2,,,,,,30.8,,,1.0,,,,,,,,,,,,,,,,,,2.0,,,,,,,,,,,,,,,,,,,,,,,,,,5.0,,,,,,,,,,,,,,,,,,2.0,,,,,,,,,,,,,,,315.0,,,2.7,,,,0.0,,,,,,,,,,,,,,,,,,2.9,,,,,,,,,,,,,,,,,,,,,,,,,,6.7,,,,,,,,,,,,,,,,,,3.0,,,,,,,,,,,,,
1961-10-20,768.7,,770.4,,767.4,,11.2,19.4,,5.0,,9.8,91,61,,1.3,45.0,3.0,225.0,,0.0,0.0,0.0,,0.0,,6.7,58.5,,,13.3,14.2,14.7,13.7,,,,,,,,,3.8,,,,,,,,,,,,,,,,,,,,,,,,,,,,,,,,,,,,,,,,,,,,,,,,,,,,,,,,,,,,,,14.4,14.1,,,,,,27.3,,,,,,,,,,,5.0,,,,,,,,,,1.0,,,,,,,,,,,,,,,,,,,,,,,,,,2.0,,,,,,,,,,,,,,1.0,,,,1.0,,,,,,,,,,,,,,,225.0,,,2.7,,,,,,,,,,,,6.0,,,,,,,,,,1.0,,,,,,,,,,,,,,,,,,,,,,,,,,3.3,,,,,,,,,,,,,,1.0,,,,1.0,,,,,,,,,,,,,
1961-10-21,768.6,,770.1,,767.4,,11.0,16.9,,6.0,,10.3,95,76,,0.9,225.0,3.0,90.0,,0.0,0.0,0.0,,0.0,,4.9,42.9,,,12.9,13.9,14.4,13.5,,,,,,,,,5.6,,,,,,,,,,,,,,,,,,,,,,,,,,,,,,,,,,,,,,,,,,,,,,,,,,,,,,,,,,,,,,10.9,14.0,,,,,,20.4,,,5.0,,,,,,,,1.0,,,,,,,,,,1.0,,,,,,,,,,,,,,,,,,,,,,,,,,2.0,,,,,,,,,,,,,,,,,,1.0,,,,,,,,,,,,,,,225.0,,,2.7,,,,0.0,,,,,,,,0.8,,,,,,,,,,1.3,,,,,,,,,,,,,,,,,,,,,,,,,,2.4,,,,,,,,,,,,,,,,,,0.8,,,,,,,,,,,,,
1961-10-22,768.7,,769.5,,768.0,,11.7,17.2,,6.4,,10.9,95,80,,0.7,90.0,4.3,90.0,,0.1,0.4,0.1,,0.1,,5.8,50.8,,,12.9,13.7,14.2,13.4,,,,,,,,,4.9,,,,,,,,,,,,,,,,,,,,,,,,,,,,,,,,,,,,,,,,,,,,,,,,,,,,,,,,,,,,,,10.8,13.9,,,,,,22.7,,,6.0,,,,,,,,,,,,,,,,,,2.0,,,,,,,,,,,,,,,,,,,,,,,,,,,,,,,,,,,,,,,,,,,,1.0,,,,,,,,,,1.0,,,,,90.0,,,4.0,,,,0.8,,,,,,,,,,,,,,,,,,2.0,,,,,,,,,,,,,,,,,,,,,,,,,,,,,,,,,,,,,,,,,,,,1.0,,,,,,,,,,2.0,,,
1961-10-23,768.9,,769.9,,768.0,,10.9,17.8,,5.0,,10.1,94,73,,1.0,45.0,3.3,225.0,,0.0,0.0,0.0,,0.0,,4.8,42.2,,,12.6,13.6,14.2,13.4,,,,,,,,,5.4,,,,,,,,,,,,,,,,,,,,,,,,,,,,,,,,,,,,,,,,,,,,,,,,,,,,,,,,,,,,,,12.8,13.8,,,,,,17.2,,,5.0,,,,,,,,2.0,,,,,,,,,,,,,,,,,,,,,,,,,,,,,,,,,,,,1.0,,,,,,,,,,,,,,,,,,1.0,,,,,,,,,,1.0,,,,,225.0,,,3.0,,,,0.3,,,,,,,,1.7,,,,,,,,,,,,,,,,,,,,,,,,,,,,,,,,,,,,0.7,,,,,,,,,,,,,,,,,,2.2,,,,,,,,,,1.0,,,
1961-10-24,768.0,,769.3,,767.0,,12.6,18.7,,7.7,,11.7,94,80,,1.4,247.5,4.0,247.5,,19.6,3.3,5.2,,15.4,,6.2,54.6,,,13.8,15.6,15.1,14.1,,,,,,,,,6.7,,,,,,,,,,,,,,,,,,,,,,,,,,,,,,,,,,,,,,,,,,,,,,,,,,,,,,,,,,,,,,11.0,14.2,,,,,,25.3,,,4.0,,,,,,,,,,,,,,,,,,,,,,,,,,,,,,,,,,,,1.0,,,,,,,,1.0,,,,,,2.0,,,,1.0,,,,,,,,1.0,,,,,,,,,,,,,,,247.5,,,3.7,,,,0.5,,,,,,,,,,,,,,,,,,,,,,,,,,,,,,,,,,,,0.7,,,,,,,,2.0,,,,,,6.0,,,,1.3,,,,,,,,2.2,,,,,,,,,,,,,
1961-10-25,765.3,,767.7,,764.0,,12.3,18.3,,7.7,,10.7,90,71,,1.3,180.0,4.0,157.5,,0.0,0.0,0.0,,0.0,,10.0,88.2,,,16.0,16.6,16.4,15.3,,,,,,,,,3.5,,,,,,,,,,,,,,,,,,,,,,,,,,,,,,,,,,,,,,,,,,,,,,,,,,,,,,,,,,,,,,10.6,14.9,,,,,,31.1,,,5.0,,,,,,,,,,,,,,,,,,,,,,,,,,,,,,,,1.0,,,,3.0,,,,,,,,,,,,,,,,,,1.0,,,,,,,,,,,,,,,,,,,,,,,157.5,,,3.5,,,,0.5,,,,,,,,,,,,,,,,,,,,,,,,,,,,,,,,3.5,,,,6.8,,,,,,,,,,,,,,,,,,1.7,,,,,,,,,,,,,,,,,,,,,
1961-10-26,762.6,,764.1,,761.8,,6.9,16.1,,-0.1,,4.7,87,65,,0.6,315.0,2.5,315.0,,0.0,0.0,0.0,,0.0,,9.9,87.5,,,11.2,13.0,14.0,13.9,,,,,,,,,3.2,,,,,,,,,,,,,,,,,,,,,,,,,,,,,,,,,,,,,,,,,,,,,,,,,,,,,,,,,,,,,,16.2,14.5,,,,,,28.9,,,5.0,,,,,,,,1.0,,,,,,,,,,,,,,,,,,,,,,,,,,,,,,,,,,,,,,,,,,,,,,,,,,,,,,3.0,,,,,,,,,,1.0,,,,,315.0,,,2.3,,,,0.0,,,,,,,,1.3,,,,,,,,,,,,,,,,,,,,,,,,,,,,,,,,,,,,,,,,,,,,,,,,,,,,,,2.8,,,,,,,,,,0.8,,,
1961-10-27,763.2,,764.3,,762.4,,9.2,19.0,,-0.3,,-2.1,46,21,,3.1,22.5,7.0,22.5,,0.0,0.0,0.0,,0.0,,10.5,93.0,,,10.4,12.4,12.7,12.0,,,,,,,,,0.0,,,,,,,,,,,,,,,,,,,,,,,,,,,,,,,,,,,,,,,,,,,,,,,,,,,,,,,,,,,,,,19.3,13.3,,,,,,40.0,,,1.0,,,,4.0,,,,1.0,,,,,,,,,,,,,,,,,,,,,,,,,,,,,,,,,,,,,,,,,,,,,,,,,,,,,,,,,,,,,,,,4.0,,,,,22.5,,,6.7,,,,0.0,,,,17.9,,,,1.0,,,,,,,,,,,,,,,,,,,,,,,,,,,,,,,,,,,,,,,,,,,,,,,,,,,,,,,,,,,,,,,,13.8,,,
1961-10-28,764.6,,765.4,,763.3,,7.8,18.4,,-1.0,,0.8,61,28,,2.2,45.0,5.7,360.0,,0.0,0.0,0.0,,0.0,,9.0,79.9,,,10.0,11.7,12.4,11.5,,,,,,,,,1.1,,,,,,,,,,,,,,,,,,,,,,,,,,,,,,,,,,,,,,,,,,,,,,,,,,,,,,,,,,,,,,19.4,12.6,,,,,,35.0,,,1.0,,,,,,,,4.0,,,,,,,,,,1.0,,,,,,,,,,,,,,,,,,,,,,,,,,,,,,,,,,,,,,,,,,,,1.0,,,,,,,,,,3.0,,,,,360.0,,,4.3,,,,0.5,,,,,,,,8.7,,,,,,,,,,3.2,,,,,,,,,,,,,,,,,,,,,,,,,,,,,,,,,,,,,,,,,,,,1.5,,,,,,,,,,10.2,,,
1961-10-29,766.3,,767.8,,764.8,,7.1,14.4,,0.5,,0.9,66,35,,1.1,45.0,4.0,315.0,,0.0,0.0,0.0,,0.0,,7.7,68.4,,,9.9,11.5,12.0,11.3,,,,,,,,,2.6,,,,,,,,,,,,,,,,,,,,,,,,,,,,,,,,,,,,,,,,,,,,,,,,,,,,,,,,,,,,,,13.9,12.3,,,,,,30.8,,,5.0,,,,,,,,3.0,,,,,,,,,,,,,,,,,,,,,,,,,,,,,,,,,,,,,,,,,,,,,,,,,,,,,,2.0,,,,,,,,,,,,,,,315.0,,,3.3,,,,1.2,,,,,,,,6.5,,,,,,,,,,,,,,,,,,,,,,,,,,,,,,,,,,,,,,,,,,,,,,,,,,,,,,4.1,,,,,,,,,,,,,
1961-10-30,768.0,,768.8,,767.1,,7.9,14.3,,2.4,,2.8,71,39,,2.1,45.0,3.5,45.0,,0.0,0.0,0.0,,0.0,,7.6,68.6,,,8.1,10.5,11.2,10.9,,,,,,,,,3.0,,,,,,,,,,,,,,,,,,,,,,,,,,,,,,,,,,,,,,,,,,,,,,,,,,,,,,,,,,,,,,11.9,12.0,,,,,,28.0,,,,,,,,,,,9.0,,,,,,,,,,,,,,,,,,,,,,,,,,,,,,,,,,,,,,,,,,,,,,,,,,,,,,1.0,,,,,,,,,,,,,,,45.0,,,3.2,,,,,,,,,,,,19.4,,,,,,,,,,,,,,,,,,,,,,,,,,,,,,,,,,,,,,,,,,,,,,,,,,,,,,1.3,,,,,,,,,,,,,
1961-10-31,767.3,,768.2,,766.2,,8.6,16.4,,4.3,,7.0,90,62,,1.4,45.0,4.4,135.0,,0.0,0.0,0.0,,0.0,,4.7,41.9,,,10.6,11.5,12.0,11.1,,,,,,,,,4.4,,,,,,,,,,,,,,,,,,,,,,,,,,,,,,,,,,,,,,,,,,,,,,,,,,,,,,,,,,,,,,12.1,11.8,,,,,,16.8,,,2.0,,,,,,,,5.0,,,,,,1.0,,,,,,,,,,,,2.0,,,,,,,,,,,,,,,,,,,,,,,,,,,,,,,,,,,,,,,,,,,,,,,,,,,135.0,,,3.2,,,,0.2,,,,,,,,6.1,,,,,,1.0,,,,,,,,,,,,3.5,,,,,,,,,,,,,,,,,,,,,,,,,,,,,,,,,,,,,,,,,,,,,,,,,
1961-11-01,767.7,,768.8,,766.6,,8.5,16.2,,3.3,,6.4,87,54,,1.0,135.0,2.5,315.0,,0.0,0.0,0.0,,0.0,,6.7,59.9,,,11.4,13.0,12.7,11.6,,,,,,,,,3.0,,,,,,,,,,,,,,,,,,,,,,,,,,,,,,,,,,,,,,,,,,,,,,,,,,,,,,,,,,,,,,12.9,12.0,,,,,,24.3,,,2.0,,,,,,,,2.0,,,,,,,,,,,,,,,,,,3.0,,,,,,,,,,,,,,,,,,,,,,,,,,,,,,,,,,,,1.0,,,,,,1.0,,,,1.0,,,,,315.0,,,2.3,,,,0.5,,,,,,,,1.7,,,,,,,,,,,,,,,,,,3.3,,,,,,,,,,,,,,,,,,,,,,,,,,,,,,,,,,,,2.3,,,,,,0.7,,,,1.7,,,
1961-11-02,767.9,,769.1,,766.8,,9.3,18.4,,2.2,,7.4,89,54,,0.6,180.0,2.1,225.0,,0.0,0.0,0.0,,0.0,,8.0,71.6,,,11.7,12.6,12.8,11.8,,,,,,,,,2.6,,,,,,,,,,,,,,,,,,,,,,,,,,,,,,,,,,,,,,,,,,,,,,,,,,,,,,,,,,,,,,16.2,12.3,,,,,,30.3,,,5.0,,,,,,,,,,,,,,,,,,,,,,,,,,,,,,,,,,,,1.0,,,,,,,,1.0,,,,,,,,,,,,,,,,,,1.0,,,,,,1.0,,,,1.0,,,,,225.0,,,1.7,,,,0.3,,,,,,,,,,,,,,,,,,,,,,,,,,,,,,,,,,,,1.3,,,,,,,,1.0,,,,,,,,,,,,,,,,,,0.7,,,,,,1.0,,,,0.7,,,
1961-11-03,767.8,,768.7,,767.2,,10.4,17.7,,4.0,,9.1,92,68,,1.3,67.5,4.9,67.5,,0.0,0.0,0.0,,0.0,,6.6,59.0,,,11.9,12.9,13.3,12.3,,,,,,,,,3.5,,,,,,,,,,,,,,,,,,,,,,,,,,,,,,,,,,,,,,,,,,,,,,,,,,,,,,,,,,,,,,13.7,12.5,,,,,,32.5,,,3.0,,,,1.0,,,,,,,,,,2.0,,,,1.0,,,,,,,,,,,,,,,,,,,,,,,,,,1.0,,,,,,,,,,,,,,,,,,2.0,,,,,,,,,,,,,,,67.5,,,4.0,,,,0.0,,,,0.8,,,,,,,,,,6.3,,,,1.0,,,,,,,,,,,,,,,,,,,,,,,,,,1.7,,,,,,,,,,,,,,,,,,2.3,,,,,,,,,,,,,
1961-11-04,767.3,,768.4,,766.0,,10.3,14.2,,6.5,,10.0,97,86,,0.4,67.5,2.7,67.5,,1.0,0.8,0.6,,1.0,,2.0,18.0,,,11.7,12.6,13.0,12.4,,,,,,,,,7.6,,,,,,,,,,,,,,,,,,,,,,,,,,,,,,,,,,,,,,,,,,,,,,,,,,,,,,,,,,,,,,7.7,13.1,,,,,,12.8,,,7.0,,,,,,,,,,,,,,2.0,,,,,,,,,,,,,,,,,,,,,,,,,,,,,,,,,,,,,,,,,,,,,,,,1.0,,,,,,,,,,,,,,,67.5,,,2.5,,,,0.8,,,,,,,,,,,,,,2.2,,,,,,,,,,,,,,,,,,,,,,,,,,,,,,,,,,,,,,,,,,,,,,,,1.3,,,,,,,,,,,,,
1961-11-05,767.4,,768.2,,766.6,,9.2,14.4,,4.3,,8.7,96,82,,0.9,45.0,2.6,292.5,,0.0,0.0,0.0,,0.0,,4.6,41.4,,,11.5,12.1,12.6,12.1,,,,,,,,,4.9,,,,,,,,,,,,,,,,,,,,,,,,,,,,,,,,,,,,,,,,,,,,,,,,,,,,,,,,,,,,,,10.1,12.7,,,,,,21.3,,,4.0,,,,,,,,3.0,,,,,,,,,,,,,,,,,,,,,,,,,,,,,,,,,,,,,,,,,,,,,,,,,,2.0,,,,1.0,,,,,,,,,,,,,,,225.0,,,2.0,,,,0.3,,,,,,,,3.3,,,,,,,,,,,,,,,,,,,,,,,,,,,,,,,,,,,,,,,,,,,,,,,,,,1.5,,,,1.7,,,,,,,,,,,,,
1961-11-06,769.1,,770.0,,768.1,,7.9,15.4,,3.4,,6.7,93,66,,1.0,315.0,3.4,67.5,,0.0,0.0,0.0,,0.0,,6.9,62.2,,,9.9,11.1,11.7,11.1,,,,,,,,,3.0,,,,,,,,,,,,,,,,,,,,,,,,,,,,,,,,,,,,,,,,,,,,,,,,,,,,,,,,,,,,,,12.0,12.0,,,,,,32.5,,,3.0,,,,1.0,,,,,,,,,,1.0,,,,1.0,,,,,,,,,,,,,,,,,,,,,,,,,,,,,,,,,,,,,,,,,,,,4.0,,,,,,,,,,,,,,,67.5,,,2.7,,,,0.5,,,,1.7,,,,,,,,,,2.2,,,,1.0,,,,,,,,,,,,,,,,,,,,,,,,,,,,,,,,,,,,,,,,,,,,5.5,,,,,,,,,,,,,
1961-11-07,769.4,,770.2,,768.5,,8.4,18.1,,2.3,,6.9,91,69,,0.6,180.0,3.0,180.0,,0.0,0.0,0.0,,0.0,,7.1,64.1,,,10.7,12.2,12.2,11.0,,,,,,,,,3.3,,,,,,,,,,,,,,,,,,,,,,,,,,,,,,,,,,,,,,,,,,,,,,,,,,,,,,,,,,,,,,15.8,11.7,,,,,,27.6,,,8.0,,,,,,,,,,,,,,,,,,,,,,,,,,,,,,,,,,,,1.0,,,,1.0,,,,,,,,,,,,,,,,,,,,,,,,,,,,,,,,,,,,,180.0,,,2.7,,,,0.8,,,,,,,,,,,,,,,,,,,,,,,,,,,,,,,,,,,,2.7,,,,2.3,,,,,,,,,,,,,,,,,,,,,,,,,,,,,,,,,,,
1961-11-08,768.9,,770.1,,767.6,,8.1,18.2,,1.4,,5.8,86,36,,0.9,45.0,3.0,225.0,,0.0,0.0,0.0,,0.0,,8.6,77.8,,,9.7,11.3,11.8,10.9,,,,,,,,,1.1,,,,,,,,,,,,,,,,,,,,,,,,,,,,,,,,,,,,,,,,,,,,,,,,,,,,,,,,,,,,,,16.8,11.7,,,,,,34.6,,,4.0,,,,1.0,,,,3.0,,,,,,,,,,,,,,,,,,,,,,,,,,,,,,,,,,,,1.0,,,,,,,,,,1.0,,,,,,,,,,,,,,,,,,,,,,,225.0,,,2.7,,,,0.0,,,,1.7,,,,3.8,,,,,,,,,,,,,,,,,,,,,,,,,,,,,,,,,,,,1.3,,,,,,,,,,1.0,,,,,,,,,,,,,,,,,,,,,
1961-11-09,768.4,,769.5,,767.9,,8.7,17.4,,2.0,,7.5,90,52,,0.9,45.0,3.9,225.0,,0.0,0.0,0.0,,0.0,,5.3,48.0,,,10.6,11.3,11.7,10.9,,,,,,,,,3.0,,,,,,,,,,,,,,,,,,,,,,,,,,,,,,,,,,,,,,,,,,,,,,,,,,,,,,,,,,,,,,15.4,11.7,,,,,,25.6,,,5.0,,,,,,,,2.0,,,,,,,,,,1.0,,,,,,,,,,,,,,,,,,,,,,,,,,1.0,,,,,,,,,,,,,,,,,,1.0,,,,,,,,,,,,,,,225.0,,,2.7,,,,1.3,,,,,,,,2.5,,,,,,,,,,2.2,,,,,,,,,,,,,,,,,,,,,,,,,,1.5,,,,,,,,,,,,,,,,,,1.0,,,,,,,,,,,,,
1961-11-10,768.4,,769.4,,767.2,,8.5,15.4,,1.5,,6.7,89,69,,0.9,180.0,3.0,180.0,,0.0,0.0,0.0,,0.0,,7.3,66.3,,,12.1,12.7,12.8,11.8,,,,,,,,,5.4,,,,,,,,,,,,,,,,,,,,,,,,,,,,,,,,,,,,,,,,,,,,,,,,,,,,,,,,,,,,,,13.9,12.1,,,,,,21.9,,,6.0,,,,,,,,,,,,,,,,,,1.0,,,,,,,,,,,,,,,,,,1.0,,,,,,,,,,,,,,,,,,,,,,,,,,,,,,,,1.0,,,,1.0,,,,,180.0,,,2.7,,,,1.3,,,,,,,,,,,,,,,,,,2.3,,,,,,,,,,,,,,,,,,2.5,,,,,,,,,,,,,,,,,,,,,,,,,,,,,,,,1.0,,,,0.7,,,
1961-11-11,768.1,,769.3,,766.9,,8.7,18.6,,0.7,,6.7,87,50,,0.7,67.5,3.2,67.5,,0.0,0.0,0.0,,0.0,,8.4,76.4,,,12.3,13.4,13.2,11.8,,,,,,,,,2.3,,,,,,,,,,,,,,,,,,,,,,,,,,,,,,,,,,,,,,,,,,,,,,,,,,,,,,,,,,,,,,17.9,12.2,,,,,,31.8,,,5.0,,,,,,,,,,,,,,1.0,,,,,,,,,,,,1.0,,,,,,,,,,1.0,,,,,,,,,,,,,,,,,,,,,,,,,,1.0,,,,,,1.0,,,,,,,,,67.5,,,3.0,,,,0.2,,,,,,,,,,,,,,3.0,,,,,,,,,,,,0.7,,,,,,,,,,1.5,,,,,,,,,,,,,,,,,,,,,,,,,,0.7,,,,,,0.7,,,,,,,
1961-11-12,767.3,,768.0,,766.6,,7.7,15.7,,2.0,,6.3,91,63,,0.7,337.5,3.4,337.5,,0.0,0.0,0.0,,0.0,,5.5,50.1,,,10.8,12.1,12.9,12.0,,,,,,,,,3.9,,,,,,,,,,,,,,,,,,,,,,,,,,,,,,,,,,,,,,,,,,,,,,,,,,,,,,,,,,,,,,13.7,12.4,,,,,,22.7,,,5.0,,,,,,,,,,,,,,,,,,,,,,1.0,,,,,,,,,,,,,,1.0,,,,1.0,,,,,,,,,,,,,,,,,,,,,,,,,,,,1.0,,,,1.0,,,,,337.5,,,2.3,,,,1.0,,,,,,,,,,,,,,,,,,,,,,1.2,,,,,,,,,,,,,,1.2,,,,1.3,,,,,,,,,,,,,,,,,,,,,,,,,,,,2.3,,,,1.0,,,
1961-11-13,767.4,,768.5,,766.5,,8.1,13.7,,2.4,,7.3,95,85,,1.0,45.0,3.5,45.0,,0.0,0.0,0.0,,0.0,,6.1,55.7,,,10.7,11.8,12.0,11.4,,,,,,,,,6.3,,,,,,,,,,,,,,,,,,,,,,,,,,,,,,,,,,,,,,,,,,,,,,,,,,,,,,,,,,,,,,11.3,12.0,,,,,,16.3,,,1.0,,,,,,,,3.0,,,,,,,,,,1.0,,,,,,,,1.0,,,,,,,,,,,,,,,,,,,,,,,,,,,,1.0,,,,,,,,2.0,,,,,,,,,,1.0,,,,,45.0,,,3.3,,,,0.0,,,,,,,,4.8,,,,,,,,,,0.8,,,,,,,,2.3,,,,,,,,,,,,,,,,,,,,,,,,,,,,1.0,,,,,,,,2.0,,,,,,,,,,1.0,,,
1961-11-14,768.2,,768.9,,767.2,,8.4,16.2,,2.6,,7.3,93,70,,0.7,270.0,2.9,315.0,,0.0,0.0,0.0,,0.0,,6.1,55.8,,,10.6,11.9,12.1,11.3,,,,,,,,,5.2,,,,,,,,,,,,,,,,,,,,,,,,,,,,,,,,,,,,,,,,,,,,,,,,,,,,,,,,,,,,,,13.6,11.9,,,,,,24.9,,,5.0,,,,,,,,,,,,,,,,,,1.0,,,,,,,,1.0,,,,,,,,,,,,,,,,,,,,,,,,,,,,2.0,,,,,,,,1.0,,,,,,,,,,,,,,,315.0,,,2.3,,,,1.0,,,,,,,,,,,,,,,,,,2.0,,,,,,,,1.3,,,,,,,,,,,,,,,,,,,,,,,,,,,,1.7,,,,,,,,1.2,,,,,,,,,,,,,
1961-11-15,767.8,,768.9,,767.0,,9.6,17.3,,4.4,,8.2,91,70,,1.0,360.0,3.3,225.0,,0.0,0.0,0.0,,0.0,,6.1,55.9,,,12.3,13.0,13.1,12.0,,,,,,,,,7.6,,,,,,,,,,,,,,,,,,,,,,,,,,,,,,,,,,,,,,,,,,,,,,,,,,,,,,,,,,,,,,12.9,12.3,,,,,,27.5,,,2.0,,,,,,,,,,,,,,,,,,1.0,,,,,,,,,,,,,,1.0,,,,1.0,,,,,,,,1.0,,,,,,,,,,,,,,,,,,2.0,,,,,,,,,,2.0,,,,,225.0,,,2.7,,,,0.2,,,,,,,,,,,,,,,,,,1.2,,,,,,,,,,,,,,0.8,,,,1.2,,,,,,,,1.3,,,,,,,,,,,,,,,,,,2.3,,,,,,,,,,3.0,,,
1961-11-16,766.7,,768.1,,765.6,,11.1,16.4,,4.5,,5.4,69,43,,1.6,157.5,3.0,135.0,,0.0,0.0,0.0,,0.0,,3.5,32.1,,,11.7,12.4,12.5,12.1,,,,,,,,,9.5,,,,,,,,,,,,,,,,,,,,,,,,,,,,,,,,,,,,,,,,,,,,,,,,,,,,,,,,,,,,,,11.9,12.4,,,,,,25.0,,,1.0,,,,,,,,,,,,,,,,,,,,,,,,,,3.0,,,,,,3.0,,,,1.0,,,,1.0,,,,1.0,,,,,,,,,,,,,,,,,,,,,,,,,,,,,,,,,135.0,,,2.7,,,,0.3,,,,,,,,,,,,,,,,,,,,,,,,,,5.0,,,,,,5.1,,,,1.3,,,,1.5,,,,1.7,,,,,,,,,,,,,,,,,,,,,,,,,,,,,,,
1961-11-17,767.0,,768.2,,765.9,,11.2,16.3,,6.3,,9.9,92,54,,1.7,135.0,3.5,180.0,,18.6,6.7,5.0,,7.0,,1.8,16.5,,,12.6,13.4,13.5,12.8,,,,,,,,,8.0,,,,,,,,,,,,,,,,,,,,,,,,,,,,,,,,,,,,,,,,,,,,,,,,,,,,,,,,,,,,,,10.0,12.7,,,,,,0.4,,,,,,,,,,,,,,,,,,,,,2.0,,,,,,,,4.0,,,,,,1.0,,,,3.0,,,,,,,,,,,,,,,,,,,,,,,,,,,,,,,,,,,,,,,,,180.0,,,3.3,,,,,,,,,,,,,,,,,,,,,,3.7,,,,,,,,7.0,,,,,,1.0,,,,5.7,,,,,,,,,,,,,,,,,,,,,,,,,,,,,,,,,,,,,,,
1961-11-18,768.6,,769.6,,767.8,,12.1,19.7,,5.0,,9.9,87,73,,1.8,135.0,3.6,180.0,,0.0,0.0,0.0,,0.0,,6.9,63.5,,,14.1,14.0,13.7,12.7,,,,,,,,,6.3,,,,,,,,,,,,,,,,,,,,,,,,,,,,,,,,,,,,,,,,,,,,,,,,,,,,,,,,,,,,,,14.7,12.9,,,,,,35.4,,,1.0,,,,,,,,,,,,,,,,,,,,,,,,,,3.0,,,,,,1.0,,,,2.0,,,,,,,,2.0,,,,,,1.0,,,,,,,,,,,,,,,,,,,,,,,,,,,225.0,,,3.3,,,,0.5,,,,,,,,,,,,,,,,,,,,,,,,,,6.0,,,,,,1.8,,,,2.7,,,,,,,,3.7,,,,,,1.3,,,,,,,,,,,,,,,,,,,,,,,,,
1961-11-19,769.0,,769.7,,768.0,,10.0,19.2,,2.8,,7.8,88,61,,1.0,112.5,2.7,112.5,,0.0,0.0,0.0,,0.0,,9.0,82.9,,,12.8,13.7,13.5,12.6,,,,,,,,,2.3,,,,,,,,,,,,,,,,,,,,,,,,,,,,,,,,,,,,,,,,,,,,,,,,,,,,,,,,,,,,,,16.4,13.3,,,,,,32.9,,,1.0,,,,,,,,,,,,,,,,,,1.0,,,,3.0,,,,1.0,,,,,,,,,,,,,,,,,,2.0,,,,,,,,,,1.0,,,,,,,,1.0,,,,,,,,,,,,,,,112.5,,,2.3,,,,0.3,,,,,,,,,,,,,,,,,,0.8,,,,3.2,,,,0.7,,,,,,,,,,,,,,,,,,3.0,,,,,,,,,,0.7,,,,,,,,1.3,,,,,,,,,,,,,
1961-11-20,767.4,,769.1,,766.3,,11.7,17.2,,7.0,,10.5,93,77,,1.3,225.0,3.9,90.0,,12.1,2.7,8.9,,9.8,,6.1,56.3,,,14.2,14.4,14.2,13.2,,,,,,,,,6.7,,,,,,,,,,,,,,,,,,,,,,,,,,,,,,,,,,,,,,,,,,,,,,,,,,,,,,,,,,,,,,10.2,13.3,,,,,,19.5,,,2.0,,,,,,,,,,,,,,,,,,,,,,,,,,,,,,,,1.0,,,,2.0,,,,1.0,,,,4.0,,,,,,,,,,,,,,,,,,,,,,,,,,,,,,,,,90.0,,,3.2,,,,0.8,,,,,,,,,,,,,,,,,,,,,,,,,,,,,,,,2.2,,,,3.7,,,,1.8,,,,4.9,,,,,,,,,,,,,,,,,,,,,,,,,,,,,,,
1961-11-21,766.2,,767.4,,765.4,,10.8,16.6,,7.4,,8.6,88,59,,1.3,157.5,3.9,157.5,,0.0,0.0,0.0,,0.0,,7.3,67.5,,,13.0,13.7,13.9,13.3,,,,,,,,,4.3,,,,,,,,,,,,,,,,,,,,,,,,,,,,,,,,,,,,,,,,,,,,,,,,,,,,,,,,,,,,,,9.2,13.5,,,,,,28.9,,,3.0,,,,,,,,,,,,,,,,,,,,,,,,,,1.0,,,,,,3.0,,,,2.0,,,,,,,,1.0,,,,,,,,,,,,,,,,,,,,,,,,,,,,,,,,,157.5,,,3.3,,,,1.5,,,,,,,,,,,,,,,,,,,,,,,,,,1.7,,,,,,3.4,,,,3.5,,,,,,,,0.8,,,,,,,,,,,,,,,,,,,,,,,,,,,,,,,
1961-11-22,765.3,,766.2,,764.2,,10.5,16.6,,6.5,,9.1,91,78,,1.0,180.0,3.8,135.0,,9.9,4.0,3.1,,6.8,,6.0,55.5,,,13.0,13.4,13.4,12.8,,,,,,,,,6.8,,,,,,,,,,,,,,,,,,,,,,,,,,,,,,,,,,,,,,,,,,,,,,,,,,,,,,,,,,,,,,10.1,13.2,,,,,,20.6,,,5.0,,,,,,,,,,,,,,,,,,,,,,,,,,1.0,,,,,,,,,,1.0,,,,1.0,,,,1.0,,,,,,1.0,,,,,,,,,,,,,,,,,,,,,,,,,,,135.0,,,3.0,,,,1.2,,,,,,,,,,,,,,,,,,,,,,,,,,1.3,,,,,,,,,,2.5,,,,0.8,,,,1.8,,,,,,2.2,,,,,,,,,,,,,,,,,,,,,,,,,
1961-11-23,765.5,,766.3,,764.8,,7.8,13.3,,2.4,,6.8,94,78,,1.0,247.5,3.2,135.0,,0.1,0.3,-9.8,,0.1,,4.8,44.5,,,12.0,13.1,13.5,12.9,,,,,,,,,7.2,,,,,,,,,,,,,,,,,,,,,,,,,,,,,,,,,,,,,,,,,,,,,,,,,,,,,,,,,,,,,,10.9,13.2,,,,,,14.6,,,3.0,,,,,,,,,,,,,,,,,,,,,,,,,,,,,,,,1.0,,,,,,,,,,,,1.0,,,,,,4.0,,,,1.0,,,,,,,,,,,,,,,,,,,,,,,135.0,,,2.5,,,,1.3,,,,,,,,,,,,,,,,,,,,,,,,,,,,,,,,2.2,,,,,,,,,,,,1.7,,,,,,5.8,,,,1.0,,,,,,,,,,,,,,,,,,,,,
1961-11-24,767.0,,768.0,,766.1,,4.7,9.5,,0.5,,4.2,96,77,,0.9,225.0,3.9,112.5,,0.0,0.0,0.0,,0.0,,1.5,12.7,,,8.9,10.1,10.6,10.7,,,,,,,,,8.0,,,,,,,,,,,,,,,,,,,,,,,,,,,,,,,,,,,,,,,,,,,,,,,,,,,,,,,,,,,,,,9.0,12.0,,,,,,19.1,,,4.0,,,,1.0,,,,,,,,,,,,,,,,,,1.0,,,,,,,,,,1.0,,,,,,,,,,,,3.0,,,,,,,,,,,,,,,,,,,,,,,,,,,,,,,,,112.5,,,3.2,,,,1.0,,,,0.7,,,,,,,,,,,,,,,,,,1.3,,,,,,,,,,1.0,,,,,,,,,,,,3.3,,,,,,,,,,,,,,,,,,,,,,,,,,,,,,,
1961-11-25,768.3,,769.2,,767.4,,5.7,16.1,,-2.2,,3.3,86,56,,1.0,135.0,3.6,112.5,,0.0,0.0,0.0,,0.0,,10.3,87.6,,,8.8,10.5,10.7,9.8,,,,,,,,,0.6,,,,,,,,,,,,,,,,,,,,,,,,,,,,,,,,,,,,,,,,,,,,,,,,,,,,,,,,,,,,,,18.3,11.1,,,,,,39.2,,,4.0,,,,,,,,,,,,,,,,,,,,,,,,,,2.0,,,,,,1.0,,,,,,,,,,,,,,,,,,,,,,,,,,,,,,1.0,,,,,,2.0,,,,,,,,,112.5,,,3.0,,,,1.3,,,,,,,,,,,,,,,,,,,,,,,,,,2.9,,,,,,1.3,,,,,,,,,,,,,,,,,,,,,,,,,,,,,,1.5,,,,,,1.5,,,,,,,
1961-11-26,768.7,,769.5,,767.7,,10.7,18.8,,4.6,,8.1,86,61,,1.3,180.0,3.5,157.5,,0.2,0.5,0.1,,0.2,,6.8,57.9,,,12.5,12.7,12.2,11.3,,,,,,,,,7.6,,,,,,,,,,,,,,,,,,,,,,,,,,,,,,,,,,,,,,,,,,,,,,,,,,,,,,,,,,,,,,14.2,11.6,,,,,,27.1,,,1.0,,,,,,,,1.0,,,,,,1.0,,,,1.0,,,,,,,,1.0,,,,,,1.0,,,,2.0,,,,,,,,,,,,,,1.0,,,,,,,,,,,,1.0,,,,,,,,,,,,,,,157.5,,,2.7,,,,0.3,,,,,,,,1.3,,,,,,0.7,,,,2.0,,,,,,,,1.0,,,,,,2.0,,,,2.7,,,,,,,,,,,,,,1.2,,,,,,,,,,,,1.5,,,,,,,,,,,,,
1961-11-27,768.1,,768.9,,767.0,,12.2,18.4,,9.4,,9.9,86,69,,1.4,135.0,3.9,135.0,,1.3,1.5,0.6,,1.1,,9.5,80.9,,,13.8,14.3,13.9,13.0,,,,,,,,,3.8,,,,,,,,,,,,,,,,,,,,,,,,,,,,,,,,,,,,,,,,,,,,,,,,,,,,,,,,,,,,,,9.0,12.7,,,,,,26.4,,,,,,,,,,,,,,,,,,,,,,,,,,,,,7.0,,,,,,1.0,,,,1.0,,,,,,,,,,,,,,,,,,1.0,,,,,,,,,,,,,,,,,,,,,,,135.0,,,3.0,,,,,,,,,,,,,,,,,,,,,,,,,,,,,,9.3,,,,,,2.3,,,,1.3,,,,,,,,,,,,,,,,,,2.0,,,,,,,,,,,,,,,,,,,,,
1961-11-28,769.1,,770.0,,768.1,,11.9,19.3,,7.4,,7.8,77,52,,1.7,157.5,4.1,157.5,,0.0,0.0,0.0,,0.0,,10.1,86.1,,,12.7,13.8,13.6,12.7,,,,,,,,,1.9,,,,,,,,,,,,,,,,,,,,,,,,,,,,,,,,,,,,,,,,,,,,,,,,,,,,,,,,,,,,,,11.9,12.9,,,,,,31.3,,,2.0,,,,,,,,,,,,,,,,,,,,,,,,,,,,,,,,4.0,,,,,,,,2.0,,,,1.0,,,,,,1.0,,,,,,,,,,,,,,,,,,,,,,,,,,,157.5,,,3.2,,,,0.8,,,,,,,,,,,,,,,,,,,,,,,,,,,,,,,,7.8,,,,,,,,3.6,,,,1.3,,,,,,1.0,,,,,,,,,,,,,,,,,,,,,,,,,
1961-11-29,769.6,,770.5,,768.4,,10.2,18.0,,4.1,,6.5,79,59,,1.3,157.5,3.2,180.0,,0.0,0.0,0.0,,0.0,,9.8,83.7,,,12.0,13.5,13.4,12.4,,,,,,,,,1.0,,,,,,,,,,,,,,,,,,,,,,,,,,,,,,,,,,,,,,,,,,,,,,,,,,,,,,,,,,,,,,13.9,12.9,,,,,,35.4,,,3.0,,,,,,,,,,,,,,,,,,,,,,,,,,,,,,,,4.0,,,,2.0,,,,,,,,1.0,,,,,,,,,,,,,,,,,,,,,,,,,,,,,,,,,180.0,,,3.0,,,,0.5,,,,,,,,,,,,,,,,,,,,,,,,,,,,,,,,7.6,,,,1.7,,,,,,,,1.0,,,,,,,,,,,,,,,,,,,,,,,,,,,,,,,
1961-11-30,767.6,,769.4,,766.1,,8.2,16.0,,3.5,,6.4,89,65,,0.9,180.0,2.6,180.0,,0.0,0.0,0.0,,0.0,,8.1,69.2,,,11.0,11.9,12.2,11.6,,,,,,,,,3.1,,,,,,,,,,,,,,,,,,,,,,,,,,,,,,,,,,,,,,,,,,,,,,,,,,,,,,,,,,,,,,12.5,12.4,,,,,,29.2,,,5.0,,,,,,,,,,,,,,,,,,,,,,,,,,2.0,,,,,,,,,,2.0,,,,,,,,,,,,,,,,,,,,,,,,,,1.0,,,,,,,,,,,,,,,180.0,,,2.3,,,,0.8,,,,,,,,,,,,,,,,,,,,,,,,,,2.1,,,,,,,,,,3.4,,,,,,,,,,,,,,,,,,,,,,,,,,1.0,,,,,,,,,,,,,
1961-12-01,765.2,,766.5,,763.9,,9.3,15.4,,4.9,,8.2,92,76,,1.0,270.0,3.8,270.0,,0.0,0.0,0.0,,0.0,,7.4,69.2,,,12.6,13.0,12.8,11.8,,,,,,,,,5.0,,,,,,,,,,,,,,,,,,,,,,,,,,,,,,,,,,,,,,,,,,,,,,,,,,,,,,,,,,,,,,10.5,12.2,,,,,,28.8,,,3.0,,,,,,,,,,,,,,,,,,,,,,,,,,1.0,,,,,,,,,,2.0,,,,,,,,1.0,,,,,,,,,,3.0,,,,,,,,,,,,,,,,,,,,,,,270.0,,,3.3,,,,1.0,,,,,,,,,,,,,,,,,,,,,,,,,,1.7,,,,,,,,,,2.7,,,,,,,,1.3,,,,,,,,,,4.8,,,,,,,,,,,,,,,,,,,,,
1961-12-02,765.5,,766.6,,764.3,,8.9,14.4,,4.8,,7.4,91,66,,1.4,180.0,3.0,270.0,,0.0,0.0,0.0,,0.0,,5.3,49.6,,,13.3,13.8,13.7,12.5,,,,,,,,,7.1,,,,,,,,,,,,,,,,,,,,,,,,,,,,,,,,,,,,,,,,,,,,,,,,,,,,,,,,,,,,,,9.6,12.8,,,,,,15.9,,,1.0,,,,,,,,,,,,,,,,,,,,,,,,,,2.0,,,,,,,,,,6.0,,,,,,,,,,,,,,,,,,1.0,,,,,,,,,,,,,,,,,,,,,,,180.0,,,2.7,,,,0.5,,,,,,,,,,,,,,,,,,,,,,,,,,2.5,,,,,,,,,,9.1,,,,,,,,,,,,,,,,,,2.3,,,,,,,,,,,,,,,,,,,,,
1961-12-03,767.6,,768.6,,766.3,,7.0,14.9,,1.5,,5.2,89,63,,1.3,225.0,3.7,315.0,,0.0,0.0,0.0,,0.0,,7.0,65.6,,,11.4,12.6,12.7,11.6,,,,,,,,,2.7,,,,,,,,,,,,,,,,,,,,,,,,,,,,,,,,,,,,,,,,,,,,,,,,,,,,,,,,,,,,,,13.4,12.4,,,,,,30.8,,,1.0,,,,,,,,,,,,,,,,,,,,,,,,,,,,,,,,,,,,2.0,,,,1.0,,,,5.0,,,,,,,,,,,,,,,,,,1.0,,,,,,,,,,,,,,,315.0,,,3.0,,,,0.5,,,,,,,,,,,,,,,,,,,,,,,,,,,,,,,,,,,,2.6,,,,2.0,,,,5.8,,,,,,,,,,,,,,,,,,1.7,,,,,,,,,,,,,
1961-12-04,767.4,,768.7,,766.0,,6.8,15.7,,1.4,,4.4,88,60,,1.4,225.0,3.4,225.0,,0.0,0.0,0.0,,0.0,,9.4,88.7,,,10.6,11.9,12.2,11.1,,,,,,,,,2.4,,,,,,,,,,,,,,,,,,,,,,,,,,,,,,,,,,,,,,,,,,,,,,,,,,,,,,,,,,,,,,14.3,12.1,,,,,,36.3,,,3.0,,,,,,,,,,,,,,,,,,,,,,,,,,,,,,,,,,,,1.0,,,,,,,,6.0,,,,,,,,,,,,,,,,,,,,,,,,,,,,,,,,,225.0,,,3.3,,,,0.0,,,,,,,,,,,,,,,,,,,,,,,,,,,,,,,,,,,,2.3,,,,,,,,10.9,,,,,,,,,,,,,,,,,,,,,,,,,,,,,,,
1961-12-05,765.7,,767.0,,764.4,,6.0,13.1,,1.4,,4.6,90,70,,1.1,180.0,3.0,180.0,,0.0,0.0,0.0,,0.0,,9.0,84.5,,,9.4,10.7,11.2,10.4,,,,,,,,,4.4,,,,,,,,,,,,,,,,,,,,,,,,,,,,,,,,,,,,,,,,,,,,,,,,,,,,,,,,,,,,,,11.7,11.4,,,,,,31.3,,,1.0,,,,,,,,,,,,,,,,,,,,,,,,,,1.0,,,,,,1.0,,,,5.0,,,,,,,,1.0,,,,,,,,,,1.0,,,,,,,,,,,,,,,,,,,,,,,180.0,,,2.7,,,,0.0,,,,,,,,,,,,,,,,,,,,,,,,,,0.7,,,,,,2.0,,,,7.2,,,,,,,,0.7,,,,,,,,,,0.7,,,,,,,,,,,,,,,,,,,,,
1961-12-06,764.2,,765.1,,763.3,,4.3,10.1,,-1.1,,2.7,91,68,,0.4,157.5,2.0,270.0,,0.0,0.0,0.0,,0.0,,4.2,39.5,,,9.2,10.1,10.5,10.0,,,,,,,,,6.9,,,,,,,,,,,,,,,,,,,,,,,,,,,,,,,,,,,,,,,,,,,,,,,,,,,,,,,,,,,,,,11.2,11.3,,,,,,17.5,,,8.0,,,,,,,,,,,,,,,,,,,,,,,,,,,,,,,,1.0,,,,,,,,1.0,,,,,,,,,,,,,,,,,,,,,,,,,,,,,,,,,,,,,270.0,,,1.7,,,,0.3,,,,,,,,,,,,,,,,,,,,,,,,,,,,,,,,1.3,,,,,,,,0.7,,,,,,,,,,,,,,,,,,,,,,,,,,,,,,,,,,,
1961-12-07,765.5,,767.3,,764.1,,1.3,8.2,,-4.0,,0.1,89,51,,0.3,45.0,1.5,45.0,,0.0,0.0,0.0,,0.0,,6.8,64.0,,,5.4,7.4,8.6,8.1,,,,,,,,,3.1,,,,,,,,,,,,,,,,,,,,,,,,,,,,,,,,,,,,,,,,,,,,,,,,,,,,,,,,,,,,,,12.2,9.9,,,,,,33.3,,,9.0,,,,,,,,1.0,,,,,,,,,,,,,,,,,,,,,,,,,,,,,,,,,,,,,,,,,,,,,,,,,,,,,,,,,,,,,,,,,,,,,45.0,,,1.3,,,,1.1,,,,,,,,1.3,,,,,,,,,,,,,,,,,,,,,,,,,,,,,,,,,,,,,,,,,,,,,,,,,,,,,,,,,,,,,,,,,,,
1961-12-08,766.7,,767.6,,765.8,,3.8,12.7,,-3.0,,-5.4,51,27,,1.4,135.0,4.0,315.0,,0.0,0.0,0.0,,0.0,,10.2,96.0,,,6.1,7.7,8.2,7.3,,,,,,,,,6.4,,,,,,,,,,,,,,,,,,,,,,,,,,,,,,,,,,,,,,,,,,,,,,,,,,,,,,,,,,,,,,15.7,9.1,,,,,,38.8,,,4.0,,,,,,,,,,,,,,,,,,,,,,,,,,3.0,,,,,,,,,,,,,,,,,,1.0,,,,,,,,,,,,,,,,,,2.0,,,,,,,,,,,,,,,315.0,,,3.7,,,,0.0,,,,,,,,,,,,,,,,,,,,,,,,,,8.7,,,,,,,,,,,,,,,,,,1.7,,,,,,,,,,,,,,,,,,4.7,,,,,,,,,,,,,
1961-12-09,766.0,,767.1,,764.0,,5.8,17.0,,-0.2,,-1.0,68,33,,1.8,67.5,4.0,67.5,,0.0,0.0,0.0,,0.0,,10.5,98.9,,,7.2,8.6,8.7,7.5,,,,,,,,,8.3,,,,,,,,,,,,,,,,,,,,,,,,,,,,,,,,,,,,,,,,,,,,,,,,,,,,,,,,,,,,,,17.2,9.1,,,,,,37.5,,,1.0,,,,,,,,3.0,,,,,,3.0,,,,1.0,,,,,,,,,,,,,,,,,,2.0,,,,,,,,,,,,,,,,,,,,,,,,,,,,,,,,,,,,,,,,,67.5,,,3.7,,,,0.2,,,,,,,,6.5,,,,,,8.3,,,,1.0,,,,,,,,,,,,,,,,,,3.0,,,,,,,,,,,,,,,,,,,,,,,,,,,,,,,,,,,,,,,
1961-12-10,764.1,,765.6,,762.9,,5.4,17.0,,-0.7,,1.0,76,24,,1.0,67.5,2.3,90.0,,0.0,0.0,0.0,,0.0,,9.8,92.3,,,7.7,9.0,9.2,7.9,,,,,,,,,0.4,,,,,,,,,,,,,,,,,,,,,,,,,,,,,,,,,,,,,,,,,,,,,,,,,,,,,,,,,,,,,,17.7,9.2,,,,,,38.3,,,,,,,,,,,1.0,,,,,,4.0,,,,3.0,,,,,,,,1.0,,,,,,,,,,,,,,,,,,,,,,,,,,,,,,,,,,,,,,,,,,,,,,1.0,,,,,90.0,,,2.0,,,,,,,,,,,,1.0,,,,,,4.2,,,,3.1,,,,,,,,1.0,,,,,,,,,,,,,,,,,,,,,,,,,,,,,,,,,,,,,,,,,,,,,,1.7,,,
1961-12-11,764.2,,765.0,,763.4,,7.1,17.0,,-1.3,,1.5,72,43,,1.4,225.0,3.6,225.0,,0.0,0.0,0.0,,0.0,,10.0,94.2,,,8.4,9.4,9.1,8.1,,,,,,,,,2.4,,,,,,,,,,,,,,,,,,,,,,,,,,,,,,,,,,,,,,,,,,,,,,,,,,,,,,,,,,,,,,18.3,9.4,,,,,,37.5,,,1.0,,,,,,,,,,,,,,,,,,,,,,,,,,2.0,,,,,,,,,,,,,,2.0,,,,3.0,,,,,,,,,,2.0,,,,,,,,,,,,,,,,,,,,,,,225.0,,,3.3,,,,0.0,,,,,,,,,,,,,,,,,,,,,,,,,,1.9,,,,,,,,,,,,,,2.0,,,,5.8,,,,,,,,,,3.0,,,,,,,,,,,,,,,,,,,,,
1961-12-12,765.3,,766.5,,764.5,,8.5,17.5,,1.0,,3.0,72,40,,1.6,180.0,6.3,180.0,,0.0,0.0,0.0,,0.0,,10.0,94.3,,,8.9,10.0,10.1,8.9,,,,,,,,,2.3,,,,,,,,,,,,,,,,,,,,,,,,,,,,,,,,,,,,,,,,,,,,,,,,,,,,,,,,,,,,,,16.5,9.9,,,,,,37.5,,,1.0,,,,,,,,1.0,,,,,,2.0,,,,,,,,,,,,,,,,,,,,,,4.0,,,,,,,,,,,,,,,,,,,,,,,,,,1.0,,,,,,1.0,,,,,,,,,180.0,,,6.0,,,,0.3,,,,,,,,2.0,,,,,,3.0,,,,,,,,,,,,,,,,,,,,,,12.6,,,,,,,,,,,,,,,,,,,,,,,,,,1.0,,,,,,1.0,,,,,,,
1961-12-13,765.6,,767.2,,764.3,,7.6,16.7,,0.5,,2.2,70,36,,1.3,180.0,3.3,45.0,,0.0,0.0,0.0,,0.0,,8.5,80.2,,,8.5,9.8,10.3,8.9,,,,,,,,,2.1,,,,,,,,,,,,,,,,,,,,,,,,,,,,,,,,,,,,,,,,,,,,,,,,,,,,,,,,,,,,,,16.2,9.9,,,,,,34.2,,,,,,,,,,,1.0,,,,,,,,,,,,,,,,,,,,,,,,1.0,,,,4.0,,,,,,,,3.0,,,,,,,,,,,,,,,,,,1.0,,,,,,,,,,,,,,,45.0,,,3.0,,,,,,,,,,,,1.0,,,,,,,,,,,,,,,,,,,,,,,,0.8,,,,4.7,,,,,,,,3.7,,,,,,,,,,,,,,,,,,0.8,,,,,,,,,,,,,
1961-12-14,766.1,,767.4,,765.2,,5.6,14.5,,-1.6,,3.7,87,34,,1.0,225.0,2.6,315.0,,0.0,0.0,0.0,,0.0,,7.4,69.8,,,10.0,10.2,10.1,8.7,,,,,,,,,5.1,,,,,,,,,,,,,,,,,,,,,,,,,,,,,,,,,,,,,,,,,,,,,,,,,,,,,,,,,,,,,,16.1,9.9,,,,,,23.8,,,1.0,,,,,,,,,,,,,,,,,,,,,,,,,,,,,,,,,,,,1.0,,,,,,,,4.0,,,,,,,,,,1.0,,,,,,,,2.0,,,,,,,,,,1.0,,,,,180.0,,,2.0,,,,0.3,,,,,,,,,,,,,,,,,,,,,,,,,,,,,,,,,,,,2.0,,,,,,,,3.2,,,,,,,,,,1.0,,,,,,,,2.2,,,,,,,,,,1.0,,,
1961-12-15,766.1,,766.9,,765.2,,6.3,12.7,,-0.5,,4.8,92,66,,1.0,135.0,3.0,135.0,,-9.8,0.0,-9.8,,-9.8,,3.2,30.2,,,8.6,9.3,9.8,8.9,,,,,,,,,7.5,,,,,,,,,,,,,,,,,,,,,,,,,,,,,,,,,,,,,,,,,,,,,,,,,,,,,,,,,,,,,,13.2,10.2,,,,,,26.3,,,3.0,,,,,,,,,,,,,,,,,,,,,,,,,,3.0,,,,,,,,,,,,,,,,,,2.0,,,,,,,,,,1.0,,,,,,,,1.0,,,,,,,,,,,,,,,135.0,,,2.7,,,,0.5,,,,,,,,,,,,,,,,,,,,,,,,,,3.1,,,,,,,,,,,,,,,,,,3.0,,,,,,,,,,1.0,,,,,,,,1.3,,,,,,,,,,,,,
1961-12-16,765.9,,766.9,,764.6,,12.4,19.7,,7.5,,9.8,85,67,,2.1,135.0,4.3,360.0,,3.4,1.7,1.2,,2.4,,5.6,52.9,,,13.3,12.8,11.6,10.9,,,,,,,,,9.1,,,,,,,,,,,,,,,,,,,,,,,,,,,,,,,,,,,,,,,,,,,,,,,,,,,,,,,,,,,,,,12.2,11.0,,,,,,30.1,,,,,,,,,,,,,,,,,,,,,,,,,,,,,4.0,,,,,,3.0,,,,,,,,,,,,,,,,,,,,,,,,,,,,,,,,,,,,,,,,3.0,,,,,360.0,,,4.0,,,,,,,,,,,,,,,,,,,,,,,,,,,,,,9.7,,,,,,7.0,,,,,,,,,,,,,,,,,,,,,,,,,,,,,,,,,,,,,,,,7.7,,,
1961-12-17,767.0,,767.9,,766.1,,12.2,17.5,,9.4,,8.5,77,51,,1.2,360.0,2.6,360.0,,0.0,0.0,0.0,,0.0,,5.7,53.8,,,13.4,13.2,13.0,11.7,,,,,,,,,7.9,,,,,,,,,,,,,,,,,,,,,,,,,,,,,,,,,,,,,,,,,,,,,,,,,,,,,,,,,,,,,,8.1,12.0,,,,,,32.5,,,1.0,,,,,,,,,,,,,,,,,,,,,,,,,,,,,,,,,,,,2.0,,,,,,,,1.0,,,,,,,,,,2.0,,,,,,,,1.0,,,,,,,,,,3.0,,,,,360.0,,,2.3,,,,0.0,,,,,,,,,,,,,,,,,,,,,,,,,,,,,,,,,,,,2.7,,,,,,,,1.3,,,,,,,,,,2.2,,,,,,,,1.3,,,,,,,,,,4.7,,,
1961-12-18,766.4,,767.8,,765.5,,11.3,17.5,,7.6,,8.0,82,63,,1.5,135.0,4.7,135.0,,0.0,0.0,0.0,,0.0,,6.1,57.6,,,12.6,12.9,12.7,11.7,,,,,,,,,3.7,,,,,,,,,,,,,,,,,,,,,,,,,,,,,,,,,,,,,,,,,,,,,,,,,,,,,,,,,,,,,,9.9,11.8,,,,,,25.2,,,,,,,,,,,,,,,,,,,,,1.0,,,,,,,,4.0,,,,,,,,,,,,,,,,,,3.0,,,,,,,,,,2.0,,,,,,,,,,,,,,,,,,,,,,,135.0,,,4.3,,,,,,,,,,,,,,,,,,,,,,1.0,,,,,,,,6.6,,,,,,,,,,,,,,,,,,3.9,,,,,,,,,,3.0,,,,,,,,,,,,,,,,,,,,,
1961-12-19,765.4,,766.4,,764.4,,10.6,16.6,,7.3,,8.5,88,61,,1.4,270.0,3.0,135.0,,0.0,0.0,0.0,,0.0,,8.8,83.2,,,13.0,13.0,13.1,12.1,,,,,,,,,3.9,,,,,,,,,,,,,,,,,,,,,,,,,,,,,,,,,,,,,,,,,,,,,,,,,,,,,,,,,,,,,,9.3,12.6,,,,,,29.6,,,,,,,,,,,,,,,,,,,,,,,,,,,,,2.0,,,,,,,,,,,,,,,,,,2.0,,,,,,,,,,5.0,,,,,,,,,,,,,,,,,,1.0,,,,,135.0,,,2.7,,,,,,,,,,,,,,,,,,,,,,,,,,,,,,2.0,,,,,,,,,,,,,,,,,,2.3,,,,,,,,,,8.1,,,,,,,,,,,,,,,,,,1.0,,,
1961-12-20,764.9,,766.1,,763.7,,8.8,17.7,,4.5,,5.2,81,52,,1.5,225.0,4.0,225.0,,0.0,0.0,0.0,,0.0,,9.9,93.6,,,11.2,12.2,12.4,11.4,,,,,,,,,0.2,,,,,,,,,,,,,,,,,,,,,,,,,,,,,,,,,,,,,,,,,,,,,,,,,,,,,,,,,,,,,,13.2,12.3,,,,,,37.5,,,,,,,,,,,,,,,,,,,,,,,,,,,,,4.0,,,,,,,,,,,,,,,,,,5.0,,,,,,,,,,,,,,,,,,1.0,,,,,,,,,,,,,,,225.0,,,3.7,,,,,,,,,,,,,,,,,,,,,,,,,,,,,,6.0,,,,,,,,,,,,,,,,,,6.3,,,,,,,,,,,,,,,,,,1.3,,,,,,,,,,,,,
1961-12-21,766.1,,767.2,,765.2,,7.6,15.0,,1.8,,4.4,78,50,,1.6,225.0,4.0,67.5,,0.0,0.0,0.0,,0.0,,7.3,69.0,,,10.6,11.2,11.6,10.8,,,,,,,,,4.6,,,,,,,,,,,,,,,,,,,,,,,,,,,,,,,,,,,,,,,,,,,,,,,,,,,,,,,,,,,,,,13.2,11.5,,,,,,36.3,,,2.0,,,,,,,,2.0,,,,,,,,,,,,,,,,,,,,,,,,,,,,,,,,,,,,3.0,,,,,,,,,,,,,,1.0,,,,1.0,,,,,,,,,,1.0,,,,,67.5,,,3.7,,,,0.0,,,,,,,,2.7,,,,,,,,,,,,,,,,,,,,,,,,,,,,,,,,,,,,4.1,,,,,,,,,,,,,,1.3,,,,2.3,,,,,,,,,,1.7,,,
1961-12-22,767.0,,768.4,,766.1,,6.0,13.4,,0.5,,2.1,78,54,,2.6,315.0,6.0,45.0,,0.0,0.0,0.0,,0.0,,5.5,52.0,,,10.0,10.7,10.9,10.0,,,,,,,,,3.0,,,,,,,,,,,,,,,,,,,,,,,,,,,,,,,,,,,,,,,,,,,,,,,,,,,,,,,,,,,,,,12.9,11.2,,,,,,37.5,,,1.0,,,,,,,,4.0,,,,,,,,,,,,,,,,,,,,,,,,,,,,,,,,,,,,,,,,,,,,,,,,,,,,,,5.0,,,,,,,,,,,,,,,45.0,,,5.7,,,,0.0,,,,,,,,14.1,,,,,,,,,,,,,,,,,,,,,,,,,,,,,,,,,,,,,,,,,,,,,,,,,,,,,,11.6,,,,,,,,,,,,,
1961-12-23,766.4,,767.5,,765.3,,8.5,15.8,,3.7,,5.4,82,56,,1.3,337.5,5.0,360.0,,0.0,0.0,0.0,,0.0,,5.2,49.1,,,11.3,11.8,12.0,10.8,,,,,,,,,5.1,,,,,,,,,,,,,,,,,,,,,,,,,,,,,,,,,,,,,,,,,,,,,,,,,,,,,,,,,,,,,,12.1,11.1,,,,,,29.2,,,1.0,,,,,,,,,,,,,,,,,,,,,,,,,,,,,,,,,,,,,,,,,,,,,,,,,,,,,,1.0,,,,,,,,2.0,,,,,,3.0,,,,3.0,,,,,360.0,,,4.3,,,,0.2,,,,,,,,,,,,,,,,,,,,,,,,,,,,,,,,,,,,,,,,,,,,,,,,,,,,,,1.0,,,,,,,,2.5,,,,,,5.8,,,,3.4,,,
1961-12-24,767.1,,768.2,,766.0,,6.8,15.8,,2.1,,4.7,89,64,,1.0,45.0,2.7,315.0,,0.0,0.0,0.0,,0.0,,8.9,84.1,,,9.0,10.4,10.9,9.8,,,,,,,,,1.8,,,,,,,,,,,,,,,,,,,,,,,,,,,,,,,,,,,,,,,,,,,,,,,,,,,,,,,,,,,,,,13.7,11.2,,,,,,31.7,,,2.0,,,,,,,,2.0,,,,,,,,,,,,,,,,,,,,,,,,,,,,1.0,,,,2.0,,,,,,,,,,,,,,1.0,,,,,,,,1.0,,,,,,1.0,,,,,,,,,315.0,,,2.2,,,,0.5,,,,,,,,2.4,,,,,,,,,,,,,,,,,,,,,,,,,,,,1.8,,,,2.2,,,,,,,,,,,,,,1.2,,,,,,,,2.0,,,,,,1.0,,,,,,,
1961-12-25,766.1,,767.4,,764.9,,8.1,16.3,,3.2,,5.3,82,60,,1.5,225.0,4.2,225.0,,0.0,0.0,0.0,,0.0,,9.2,87.0,,,10.4,11.4,11.2,10.3,,,,,,,,,2.1,,,,,,,,,,,,,,,,,,,,,,,,,,,,,,,,,,,,,,,,,,,,,,,,,,,,,,,,,,,,,,13.1,10.5,,,,,,31.7,,,1.0,,,,,,,,,,,,,,,,,,,,,,,,,,1.0,,,,,,,,,,2.0,,,,1.0,,,,3.0,,,,,,,,,,1.0,,,,,,,,1.0,,,,,,,,,,,,,,,225.0,,,4.0,,,,0.3,,,,,,,,,,,,,,,,,,,,,,,,,,1.7,,,,,,,,,,2.7,,,,0.8,,,,4.7,,,,,,,,,,2.7,,,,,,,,2.0,,,,,,,,,,,,,
1961-12-26,765.9,,766.7,,765.0,,8.1,16.7,,3.7,,4.0,77,51,,1.0,180.0,3.9,180.0,,0.0,0.0,0.0,,0.0,,2.4,22.7,,,10.6,11.6,11.8,10.4,,,,,,,,,2.7,,,,,,,,,,,,,,,,,,,,,,,,,,,,,,,,,,,,,,,,,,,,,,,,,,,,,,,,,,,,,,13.0,11.6,,,,,,28.8,,,2.0,,,,,,,,,,,,,,1.0,,,,,,,,,,,,,,,,,,,,,,3.0,,,,,,,,2.0,,,,,,2.0,,,,,,,,,,,,,,,,,,,,,,,,,,,180.0,,,3.3,,,,0.5,,,,,,,,,,,,,,0.8,,,,,,,,,,,,,,,,,,,,,,5.1,,,,,,,,3.3,,,,,,1.5,,,,,,,,,,,,,,,,,,,,,,,,,
1961-12-27,766.0,,766.9,,765.3,,6.4,12.9,,3.0,,5.1,93,72,,1.3,247.5,3.1,225.0,,0.0,0.0,0.0,,0.0,,2.7,25.5,,,9.4,10.5,10.9,10.2,,,,,,,,,8.1,,,,,,,,,,,,,,,,,,,,,,,,,,,,,,,,,,,,,,,,,,,,,,,,,,,,,,,,,,,,,,9.9,11.0,,,,,,16.3,,,1.0,,,,1.0,,,,,,,,,,,,,,,,,,,,,,,,,,,,,,,,,,,,,,,,3.0,,,,,,3.0,,,,1.0,,,,1.0,,,,,,,,,,,,,,,,,,,225.0,,,2.2,,,,0.3,,,,0.7,,,,,,,,,,,,,,,,,,,,,,,,,,,,,,,,,,,,,,,,4.3,,,,,,4.5,,,,1.3,,,,1.5,,,,,,,,,,,,,,,,,
1961-12-28,765.5,,766.5,,764.0,,5.6,12.7,,3.6,,4.5,93,77,,1.9,270.0,4.0,225.0,,1.7,2.7,0.2,,0.5,,0.0,0.0,,,9.4,10.1,10.3,9.5,,,,,,,,,8.9,,,,,,,,,,,,,,,,,,,,,,,,,,,,,,,,,,,,,,,,,,,,,,,,,,,,,,,,,,,,,,9.1,10.5,,,,,,16.1,,,,,,,,,,,,,,,,,,,,,,,,,,,,,,,,,,,,,,,,,,,1.0,,,,4.0,,,,,,,,,,5.0,,,,,,,,,,,,,,,,,,,,,,,225.0,,,3.7,,,,,,,,,,,,,,,,,,,,,,,,,,,,,,,,,,,,,,,,,,,,0.7,,,,8.5,,,,,,,,,,9.7,,,,,,,,,,,,,,,,,,,,,
1961-12-29,765.1,,765.9,,764.2,,3.3,5.7,,2.2,,2.3,95,76,,1.9,225.0,3.4,225.0,,10.1,10.0,0.4,,1.5,,0.0,0.0,,,6.9,7.9,8.6,8.4,,,,,,,,,10.0,,,,,,,,,,,,,,,,,,,,,,,,,,,,,,,,,,,,,,,,,,,,,,,,,,,,,,,,,,,,,,3.5,10.4,,,,,,7.3,,,,,,,,,,,,,,,,,,,,,,,,,,,,,,,,,,,,,,,,,,,,,,,6.0,,,,,,,,,,4.0,,,,,,,,,,,,,,,,,,,,,,,225.0,,,3.3,,,,,,,,,,,,,,,,,,,,,,,,,,,,,,,,,,,,,,,,,,,,,,,,11.4,,,,,,,,,,8.5,,,,,,,,,,,,,,,,,,,,,
1961-12-30,762.7,,765.3,,760.8,,6.1,10.0,,3.6,,4.5,90,77,,1.9,315.0,4.9,22.5,,3.9,3.2,0.6,,1.8,,1.1,10.4,,,9.4,9.6,9.6,8.0,,,,,,,,,9.9,,,,,,,,,,,,,,,,,,,,,,,,,,,,,,,,,,,,,,,,,,,,,,,,,,,,,,,,,,,,,,6.4,9.0,,,,,,20.9,,,,,,,2.0,,,,,,,,,,,,,,,,,,,,,,,,,,,,,,,,,,,,,,,,1.0,,,,,,,,,,,,,,,,,,4.0,,,,,,1.0,,,,2.0,,,,,22.5,,,3.7,,,,,,,,4.3,,,,,,,,,,,,,,,,,,,,,,,,,,,,,,,,,,,,,,,,2.3,,,,,,,,,,,,,,,,,,5.9,,,,,,1.7,,,,5.3,,,
1961-12-31,760.9,,762.8,,759.8,,4.0,9.8,,0.0,,2.7,94,65,,2.0,67.5,5.7,67.5,,23.3,8.9,2.5,,5.6,,4.8,45.3,,,7.7,7.7,8.3,7.7,,,,,,,,,7.4,,,,,,,,,,,,,,,,,,,,,,,,,,,,,,,,,,,,,,,,,,,,,,,,,,,,,,,,,,,,,,9.8,8.4,,,,,,14.4,,,,,,,1.0,,,,1.0,,,,,,2.0,,,,,,,,,,,,1.0,,,,,,,,,,2.0,,,,,,,,2.0,,,,,,,,,,1.0,,,,,,,,,,,,,,,,,,,,,,,67.5,,,5.2,,,,,,,,3.2,,,,0.7,,,,,,6.7,,,,,,,,,,,,1.0,,,,,,,,,,1.4,,,,,,,,3.7,,,,,,,,,,2.3,,,,,,,,,,,,,,,,,,,,,
