,StnPres,SeaPres,StnPresMax,StnPresMaxTime,StnPresMin,StnPresMinTime,Tx,TxMaxAbs,TxMaxAbsTime,TxMinAbs,TxMinAbsTime,Td,RH,RHMin,RHMinTime,WS,WD,WSGust,WDGust,WGustTime,Precp,PrecpHour,PrecpMax10,PrecpMax10Time,PrecpMax60,PrecpMax60Time,SunShine,SunShineRate,GloblRad,EvapA,TxSoil0cm,TxSoil5cm,TxSoil10cm,TxSoil20cm,TxSoil50cm,TxSoil100cm,AirTemperature.DailyRangef,AirTemperature.MaximumTimef,AirTemperature.Maximumf,AirTemperature.Meanf,AirTemperature.MinimumTimef,AirTemperature.Minimumf,CloudAmount,CloudAmountSat,DewPointTemperature.Maximum,DewPointTemperature.MaximumTime,DewPointTemperature.MaximumTimef,DewPointTemperature.Maximumf,DewPointTemperature.Meanf,DewPointTemperature.Minimum,DewPointTemperature.MinimumTime,DewPointTemperature.MinimumTimef,DewPointTemperature.Minimumf,EvaporationClassAPan.Accumulationf,GlobalSolarRadiation.Accumulationf,GlobalSolarRadiation.HourlyMaximumTimef,GlobalSolarRadiation.HourlyMaximumf,GloblRadMax,GloblRadMaxTime,PeakGust.Directionf,PeakGust.MaximumTimef,PeakGust.Maximumf,Precipitation.Accumulationf,Precipitation.HourlyMaximum,Precipitation.HourlyMaximumTime,Precipitation.HourlyMaximumTimef,Precipitation.HourlyMaximumf,Precipitation.SixtyMinutelyMaximumTimef,Precipitation.SixtyMinutelyMaximumf,Precipitation.TenMinutelyMaximumTimef,Precipitation.TenMinutelyMaximumf,PrecipitationDuration.Totalf,RelativeHumidity.Maximum,RelativeHumidity.MaximumTime,RelativeHumidity.MaximumTimef,RelativeHumidity.Maximumf,RelativeHumidity.Meanf,RelativeHumidity.MinimumTimef,RelativeHumidity.Minimumf,SeaLevelPressure.Maximum,SeaLevelPressure.MaximumTime,SeaLevelPressure.MaximumTimef,SeaLevelPressure.Maximumf,SeaLevelPressure.Meanf,SeaLevelPressure.Minimum,SeaLevelPressure.MinimumTime,SeaLevelPressure.MinimumTimef,SeaLevelPressure.Minimumf,SoilTemperatureAt0cm.Meanf,SoilTemperatureAt100cm.Meanf,SoilTemperatureAt10cm.Meanf,SoilTemperatureAt20cm.Meanf,SoilTemperatureAt30cm.Meanf,SoilTemperatureAt50cm.Meanf,SoilTemperatureAt5cm.Meanf,StationPressure.MaximumTimef,StationPressure.Maximumf,StationPressure.Meanf,StationPressure.MinimumTimef,StationPressure.Minimumf,SunshineDuration.Ratef,SunshineDuration.Totalf,TotalCloudAmount.Meanf,TotalCloudAmount.SatRetrievedMeanf,TxRange,TxSoil30cm,UVIMax,UVIMaxTime,UVIndex.MaximumTimef,UVIndex.Maximumf,VisbAutoMean,VisbMean,Visibility.AutoMeanf,Visibility.Meanf,WindDirection.CountForCode00,WindDirection.CountForCode00f,WindDirection.CountForCode01,WindDirection.CountForCode01f,WindDirection.CountForCode02,WindDirection.CountForCode02f,WindDirection.CountForCode03,WindDirection.CountForCode03f,WindDirection.CountForCode04,WindDirection.CountForCode04f,WindDirection.CountForCode05,WindDirection.CountForCode05f,WindDirection.CountForCode06,WindDirection.CountForCode06f,WindDirection.CountForCode07,WindDirection.CountForCode07f,WindDirection.CountForCode08,WindDirection.CountForCode08f,WindDirection.CountForCode09,WindDirection.CountForCode09f,WindDirection.CountForCode10,WindDirection.CountForCode10f,WindDirection.CountForCode11,WindDirection.CountForCode11f,WindDirection.CountForCode12,WindDirection.CountForCode12f,WindDirection.CountForCode13,WindDirection.CountForCode13f,WindDirection.CountForCode14,WindDirection.CountForCode14f,WindDirection.CountForCode15,WindDirection.CountForCode15f,WindDirection.CountForCode16,WindDirection.CountForCode16f,WindDirection.CountForCode17,WindDirection.CountForCode17f,WindDirection.CountForCode18,WindDirection.CountForCode18f,WindDirection.CountForCode19,WindDirection.CountForCode19f,WindDirection.CountForCode20,WindDirection.CountForCode20f,WindDirection.CountForCode21,WindDirection.CountForCode21f,WindDirection.CountForCode22,WindDirection.CountForCode22f,WindDirection.CountForCode23,WindDirection.CountForCode23f,WindDirection.CountForCode24,WindDirection.CountForCode24f,WindDirection.CountForCode25,WindDirection.CountForCode25f,WindDirection.CountForCode26,WindDirection.CountForCode26f,WindDirection.CountForCode27,WindDirection.CountForCode27f,WindDirection.CountForCode28,WindDirection.CountForCode28f,WindDirection.CountForCode29,WindDirection.CountForCode29f,WindDirection.CountForCode30,WindDirection.CountForCode30f,WindDirection.CountForCode31,WindDirection.CountForCode31f,WindDirection.CountForCode32,WindDirection.CountForCode32f,WindDirection.CountForCode33,WindDirection.CountForCode33f,WindDirection.CountForCode34,WindDirection.CountForCode34f,WindDirection.CountForCode35,WindDirection.CountForCode35f,WindDirection.CountForCode36,WindDirection.CountForCode36f,WindDirection.CountForCode99,WindDirection.CountForCode99f,WindDirection.Prevailingf,WindDirection.TenMinutelyMaximum,WindDirection.TenMinutelyMaximumf,WindSpeed.Meanf,WindSpeed.TenMinutelyMaximum,WindSpeed.TenMinutelyMaximumTime,WindSpeed.TenMinutelyMaximumTimef,WindSpeed.TenMinutelyMaximumf,WindSpeed.TotalForCode00,WindSpeed.TotalForCode00f,WindSpeed.TotalForCode01,WindSpeed.TotalForCode01f,WindSpeed.TotalForCode02,WindSpeed.TotalForCode02f,WindSpeed.TotalForCode03,WindSpeed.TotalForCode03f,WindSpeed.TotalForCode04,WindSpeed.TotalForCode04f,WindSpeed.TotalForCode05,WindSpeed.TotalForCode05f,WindSpeed.TotalForCode06,WindSpeed.TotalForCode06f,WindSpeed.TotalForCode07,WindSpeed.TotalForCode07f,WindSpeed.TotalForCode08,WindSpeed.TotalForCode08f,WindSpeed.TotalForCode09,WindSpeed.TotalForCode09f,WindSpeed.TotalForCode10,WindSpeed.TotalForCode10f,WindSpeed.TotalForCode11,WindSpeed.TotalForCode11f,WindSpeed.TotalForCode12,WindSpeed.TotalForCode12f,WindSpeed.TotalForCode13,WindSpeed.TotalForCode13f,WindSpeed.TotalForCode14,WindSpeed.TotalForCode14f,WindSpeed.TotalForCode15,WindSpeed.TotalForCode15f,WindSpeed.TotalForCode16,WindSpeed.TotalForCode16f,WindSpeed.TotalForCode17,WindSpeed.TotalForCode17f,WindSpeed.TotalForCode18,WindSpeed.TotalForCode18f,WindSpeed.TotalForCode19,WindSpeed.TotalForCode19f,WindSpeed.TotalForCode20,WindSpeed.TotalForCode20f,WindSpeed.TotalForCode21,WindSpeed.TotalForCode21f,WindSpeed.TotalForCode22,WindSpeed.TotalForCode22f,WindSpeed.TotalForCode23,WindSpeed.TotalForCode23f,WindSpeed.TotalForCode24,WindSpeed.TotalForCode24f,WindSpeed.TotalForCode25,WindSpeed.TotalForCode25f,WindSpeed.TotalForCode26,WindSpeed.TotalForCode26f,WindSpeed.TotalForCode27,WindSpeed.TotalForCode27f,WindSpeed.TotalForCode28,WindSpeed.TotalForCode28f,WindSpeed.TotalForCode29,WindSpeed.TotalForCode29f,WindSpeed.TotalForCode30,WindSpeed.TotalForCode30f,WindSpeed.TotalForCode31,WindSpeed.TotalForCode31f,WindSpeed.TotalForCode32,WindSpeed.TotalForCode32f,WindSpeed.TotalForCode33,WindSpeed.TotalForCode33f,WindSpeed.TotalForCode34,WindSpeed.TotalForCode34f,WindSpeed.TotalForCode35,WindSpeed.TotalForCode35f,WindSpeed.TotalForCode36,WindSpeed.TotalForCode36f,WindSpeed.TotalForCode99,WindSpeed.TotalForCode99f
2005-01-01,1023.4,1024.6,1024.8,2005-01-01T00:05:00,1021.7,2005-01-01T13:24:00,11.9,13.6,2005-01-01T12:00:00,11.1,2005-01-01T00:01:00,7.0,72,63,2005-01-01T11:48:00,1.6,340,8.3,320,2005-01-01T23:41:00,0.0,0.0,0.0,,0.0,,0.0,0.0,1.72,1.8,14.0,13.6,14.5,17.2,20.9,22.7,,,,,,,10.0,,8.1,2005-01-01T00:16:00,,,,5.5,2005-01-01T21:39:00,,,,,,,0.6,2005-01-01T12:00:00,,,,,,,,,,,,,,81,2005-01-01T00:10:00,,,,,,1026.0,2005-01-01T00:05:00,,,,1022.9,2005-01-01T13:24:00,,,,,,,,,,,,,,,,,,,2.5,19.0,1.0,2005-01-01T12:00:00,,,,16.3,,,0,,0,,0,,0,,0,,0,,0,,0,,0,,0,,0,,0,,0,,0,,0,,0,,0,,0,,0,,0,,0,,0,,0,,0,,0,,0,,0,,0,,0,,0,,0,,0,,2,,10,,11,,0,,1,,0,,,330,,,2.6,2005-01-01T23:41:00,,,0.0,,0.0,,0.0,,0.0,,0.0,,0.0,,0.0,,0.0,,0.0,,0.0,,0.0,,0.0,,0.0,,0.0,,0.0,,0.0,,0.0,,0.0,,0.0,,0.0,,0.0,,0.0,,0.0,,0.0,,0.0,,0.0,,0.0,,0.0,,0.0,,0.0,,0.0,,0.0,,4.0,,15.7,,17.8,,0.0,,1.4,,0.0,
2005-01-02,1020.6,1021.8,1023.3,2005-01-02T00:01:00,1019.0,2005-01-02T13:20:00,13.9,16.6,2005-01-02T12:41:00,10.9,2005-01-02T02:03:00,7.0,63,53,2005-01-02T12:59:00,1.6,340,7.4,360,2005-01-02T00:56:00,0.0,0.0,0.0,,0.0,,0.0,0.0,3.4,1.3,14.3,14.2,14.4,16.2,19.7,22.5,,,,,,,9.1,,8.7,2005-01-02T23:54:00,,,,5.5,2005-01-02T03:31:00,,,,,,,0.83,2005-01-02T13:00:00,,,,,,,,,,,,,,74,2005-01-02T02:06:00,,,,,,1024.5,2005-01-02T00:01:00,,,,1020.2,2005-01-02T13:20:00,,,,,,,,,,,,,,,,,,,5.7,17.8,1.9,2005-01-02T13:00:00,,,,16.4,,,0,,0,,0,,0,,0,,0,,0,,0,,0,,0,,0,,0,,0,,0,,0,,0,,0,,0,,0,,0,,0,,0,,0,,0,,0,,0,,0,,0,,0,,0,,0,,0,,1,,11,,11,,1,,0,,0,,,340,,,2.6,2005-01-02T01:01:00,,,0.0,,0.0,,0.0,,0.0,,0.0,,0.0,,0.0,,0.0,,0.0,,0.0,,0.0,,0.0,,0.0,,0.0,,0.0,,0.0,,0.0,,0.0,,0.0,,0.0,,0.0,,0.0,,0.0,,0.0,,0.0,,0.0,,0.0,,0.0,,0.0,,0.0,,0.0,,0.0,,1.2,,17.1,,19.4,,1.4,,0.0,,0.0,
2005-01-03,1017.9,1019.1,1019.7,2005-01-03T00:01:00,1015.6,2005-01-03T14:35:00,17.5,21.8,2005-01-03T13:09:00,15.0,2005-01-03T00:12:00,11.1,66,51,2005-01-03T12:50:00,1.4,330,7.1,340,2005-01-03T06:29:00,0.5,0.9,0.3,2005-01-03T21:51:00,0.3,2005-01-03T21:52:00,0.0,0.0,4.82,-1.7,17.0,16.6,16.6,17.3,19.1,21.6,,,,,,,10.0,,13.9,2005-01-03T14:07:00,,,,8.3,2005-01-03T00:08:00,,,,,,,1.01,2005-01-03T13:00:00,,,,,,,,,,,,,,85,2005-01-03T22:43:00,,,,,,1020.9,2005-01-03T00:01:00,,,,1016.7,2005-01-03T14:35:00,,,,,,,,,,,,,,,,,,,6.8,17.8,2.5,2005-01-03T13:00:00,,,,17.1,,,0,,1,,0,,1,,1,,1,,0,,0,,0,,0,,0,,0,,0,,0,,0,,0,,0,,0,,0,,0,,0,,0,,0,,0,,0,,0,,0,,0,,0,,0,,0,,1,,2,,7,,7,,2,,1,,0,,,30,,,2.4,2005-01-03T15:49:00,,,0.0,,1.0,,0.0,,1.9,,1.6,,0.8,,0.0,,0.0,,0.0,,0.0,,0.0,,0.0,,0.0,,0.0,,0.0,,0.0,,0.0,,0.0,,0.0,,0.0,,0.0,,0.0,,0.0,,0.0,,0.0,,0.0,,0.0,,0.0,,0.0,,0.0,,0.0,,1.2,,2.8,,10.5,,9.2,,3.4,,1.1,,0.0,
2005-01-04,1018.8,1020.0,1020.6,2005-01-04T21:56:00,1016.9,2005-01-04T03:16:00,18.1,20.8,2005-01-04T13:49:00,16.9,2005-01-04T00:01:00,14.3,78,70,2005-01-04T13:58:00,1.5,330,9.4,30,2005-01-04T13:52:00,0.5,3.9,0.1,2005-01-04T09:30:00,0.2,2005-01-04T09:01:00,0.0,0.0,4.85,-1.1,17.8,18.0,18.0,18.5,19.3,21.3,,,,,,,10.0,,16.8,2005-01-04T11:33:00,,,,12.9,2005-01-04T23:39:00,,,,,,,0.99,2005-01-04T14:00:00,,,,,,,,,,,,,,88,2005-01-04T11:33:00,,,,,,1021.8,2005-01-04T21:56:00,,,,1018.1,2005-01-04T03:16:00,,,,,,,,,,,,,,,,,,,3.9,18.8,2.3,2005-01-04T14:00:00,,,,15.8,,,0,,2,,1,,2,,0,,0,,0,,0,,0,,0,,0,,0,,0,,0,,0,,0,,0,,0,,0,,0,,0,,0,,0,,0,,0,,0,,0,,0,,0,,0,,0,,0,,2,,14,,2,,1,,0,,0,,,40,,,4.3,2005-01-04T13:57:00,,,0.0,,2.3,,1.7,,6.0,,0.0,,0.0,,0.0,,0.0,,0.0,,0.0,,0.0,,0.0,,0.0,,0.0,,0.0,,0.0,,0.0,,0.0,,0.0,,0.0,,0.0,,0.0,,0.0,,0.0,,0.0,,0.0,,0.0,,0.0,,0.0,,0.0,,0.0,,0.0,,2.3,,19.5,,2.6,,1.1,,0.0,,0.0,
2005-01-05,1019.2,1020.4,1021.9,2005-01-05T08:56:00,1016.9,2005-01-05T14:15:00,19.7,24.1,2005-01-05T12:20:00,17.0,2005-01-05T01:25:00,13.5,68,54,2005-01-05T13:18:00,2.0,330,9.0,50,2005-01-05T13:45:00,0.0,0.0,0.0,,0.0,,3.8,35.4,12.12,2.7,20.2,20.0,19.3,19.4,19.6,21.2,,,,,,,7.6,,15.1,2005-01-05T14:33:00,,,,12.1,2005-01-05T05:13:00,,,,,,,2.93,2005-01-05T13:00:00,,,,,,,,,,,,,,78,2005-01-05T00:53:00,,,,,,1023.1,2005-01-05T08:56:00,,,,1018.0,2005-01-05T14:15:00,,,,,,,,,,,,,,,,,,,7.1,19.4,5.2,2005-01-05T13:00:00,,,,19.1,,,0,,0,,1,,3,,1,,5,,0,,0,,0,,0,,0,,0,,0,,0,,0,,0,,0,,0,,0,,0,,0,,0,,0,,0,,0,,0,,0,,0,,0,,0,,0,,0,,3,,6,,5,,0,,0,,0,,,60,,,4.4,2005-01-05T12:41:00,,,0.0,,0.0,,1.4,,6.4,,3.2,,17.8,,0.0,,0.0,,0.0,,0.0,,0.0,,0.0,,0.0,,0.0,,0.0,,0.0,,0.0,,0.0,,0.0,,0.0,,0.0,,0.0,,0.0,,0.0,,0.0,,0.0,,0.0,,0.0,,0.0,,0.0,,0.0,,0.0,,3.6,,8.1,,7.0,,0.0,,0.0,,0.0,
2005-01-06,1018.7,1019.8,1020.6,2005-01-06T21:12:00,1016.9,2005-01-06T03:32:00,20.3,24.5,2005-01-06T12:04:00,16.8,2005-01-06T06:50:00,14.2,68,55,2005-01-06T10:02:00,2.3,330,13.6,50,2005-01-06T14:54:00,0.0,0.0,0.0,,0.0,,7.3,67.9,14.69,3.0,20.5,20.1,19.9,20.2,20.2,21.3,,,,,,,4.3,,17.0,2005-01-06T11:03:00,,,,12.6,2005-01-06T06:35:00,,,,,,,2.66,2005-01-06T13:00:00,,,,,,,,,,,,,,80,2005-01-06T03:58:00,,,,,,1021.8,2005-01-06T21:12:00,,,,1018.1,2005-01-06T03:32:00,,,,,,,,,,,,,,,,,,,7.7,20.1,5.0,2005-01-06T13:00:00,,,,18.1,,,0,,0,,0,,0,,4,,2,,2,,0,,0,,0,,0,,0,,0,,0,,0,,0,,0,,0,,0,,0,,0,,0,,0,,0,,0,,0,,0,,0,,0,,0,,0,,1,,2,,5,,5,,3,,0,,0,,,50,,,6.0,2005-01-06T14:55:00,,,0.0,,0.0,,0.0,,0.0,,15.7,,9.6,,10.1,,0.0,,0.0,,0.0,,0.0,,0.0,,0.0,,0.0,,0.0,,0.0,,0.0,,0.0,,0.0,,0.0,,0.0,,0.0,,0.0,,0.0,,0.0,,0.0,,0.0,,0.0,,0.0,,0.0,,0.0,,1.8,,2.7,,6.4,,6.1,,3.4,,0.0,,0.0,
2005-01-07,1019.0,1020.2,1021.3,2005-01-07T09:11:00,1017.1,2005-01-07T14:41:00,21.2,25.7,2005-01-07T12:19:00,17.9,2005-01-07T06:45:00,15.0,68,54,2005-01-07T10:08:00,2.3,330,10.9,30,2005-01-07T15:06:00,0.0,0.0,0.0,,0.0,,5.9,54.8,15.36,3.6,21.4,21.1,20.8,21.0,21.0,21.6,,,,,,,4.5,,17.6,2005-01-07T14:09:00,,,,13.0,2005-01-07T05:54:00,,,,,,,2.62,2005-01-07T12:00:00,,,,,,,,,,,,,,77,2005-01-07T06:55:00,,,,,,1022.4,2005-01-07T09:11:00,,,,1018.2,2005-01-07T14:41:00,,,,,,,,,,,,,,,,,,,7.8,20.8,5.0,2005-01-07T12:00:00,,,,19.4,,,0,,0,,0,,1,,5,,3,,1,,0,,0,,0,,0,,0,,0,,0,,0,,0,,0,,0,,0,,0,,0,,0,,0,,0,,0,,0,,0,,0,,0,,0,,0,,0,,1,,7,,4,,0,,2,,0,,,50,,,5.7,2005-01-07T15:04:00,,,0.0,,0.0,,0.0,,2.1,,19.5,,13.2,,5.0,,0.0,,0.0,,0.0,,0.0,,0.0,,0.0,,0.0,,0.0,,0.0,,0.0,,0.0,,0.0,,0.0,,0.0,,0.0,,0.0,,0.0,,0.0,,0.0,,0.0,,0.0,,0.0,,0.0,,0.0,,0.0,,1.3,,6.7,,4.6,,0.0,,3.6,,0.0,
2005-01-08,1019.4,1020.5,1021.4,2005-01-08T09:17:00,1017.5,2005-01-08T02:58:00,20.1,22.5,2005-01-08T11:57:00,18.3,2005-01-08T23:31:00,14.0,68,59,2005-01-08T12:33:00,2.1,340,12.4,30,2005-01-08T12:13:00,0.0,0.0,0.0,,0.0,,0.0,0.0,8.64,3.2,20.5,20.3,20.2,20.9,21.2,21.6,,,,,,,9.9,,15.4,2005-01-08T01:16:00,,,,12.4,2005-01-08T22:25:00,,,,,,,1.69,2005-01-08T12:00:00,,,,,,,,,,,,,,74,2005-01-08T01:16:00,,,,,,1022.6,2005-01-08T09:17:00,,,,1018.7,2005-01-08T02:58:00,,,,,,,,,,,,,,,,,,,4.2,21.2,3.7,2005-01-08T13:00:00,,,,17.0,,,0,,0,,0,,0,,3,,5,,0,,0,,0,,0,,0,,0,,0,,0,,0,,0,,0,,0,,0,,0,,0,,0,,0,,0,,0,,0,,0,,0,,0,,0,,0,,0,,0,,4,,6,,4,,2,,0,,,50,,,5.5,2005-01-08T11:19:00,,,0.0,,0.0,,0.0,,0.0,,12.3,,21.7,,0.0,,0.0,,0.0,,0.0,,0.0,,0.0,,0.0,,0.0,,0.0,,0.0,,0.0,,0.0,,0.0,,0.0,,0.0,,0.0,,0.0,,0.0,,0.0,,0.0,,0.0,,0.0,,0.0,,0.0,,0.0,,0.0,,0.0,,3.0,,6.3,,3.8,,3.2,,0.0,
2005-01-09,1020.0,1021.2,1022.3,2005-01-09T09:13:00,1018.1,2005-01-09T14:44:00,18.4,20.6,2005-01-09T12:05:00,16.5,2005-01-09T23:44:00,12.6,69,61,2005-01-09T16:45:00,1.5,340,8.5,40,2005-01-09T17:26:00,0.5,0.5,0.5,2005-01-09T23:43:00,0.5,2005-01-09T23:30:00,0.0,0.0,5.83,-0.5,19.3,18.8,19.2,20.1,21.1,21.7,,,,,,,10.0,,14.1,2005-01-09T17:36:00,,,,11.5,2005-01-09T05:23:00,,,,,,,1.17,2005-01-09T13:00:00,,,,,,,,,,,,,,80,2005-01-09T23:53:00,,,,,,1023.5,2005-01-09T09:13:00,,,,1019.3,2005-01-09T14:44:00,,,,,,,,,,,,,,,,,,,4.1,21.0,2.8,2005-01-09T13:00:00,,,,15.6,,,0,,1,,0,,2,,2,,1,,0,,0,,0,,0,,0,,0,,0,,0,,0,,0,,0,,0,,0,,0,,0,,0,,0,,0,,0,,0,,0,,0,,0,,0,,0,,0,,4,,3,,8,,3,,0,,0,,,40,,,4.2,2005-01-09T17:28:00,,,0.0,,1.6,,0.0,,4.9,,5.6,,2.7,,0.0,,0.0,,0.0,,0.0,,0.0,,0.0,,0.0,,0.0,,0.0,,0.0,,0.0,,0.0,,0.0,,0.0,,0.0,,0.0,,0.0,,0.0,,0.0,,0.0,,0.0,,0.0,,0.0,,0.0,,0.0,,0.0,,5.6,,3.5,,9.0,,3.6,,0.0,,0.0,
2005-01-10,1020.0,1021.1,1021.8,2005-01-10T09:06:00,1018.1,2005-01-10T15:00:00,18.6,21.7,2005-01-10T11:27:00,16.2,2005-01-10T01:30:00,13.0,70,60,2005-01-10T10:44:00,2.0,340,11.2,60,2005-01-10T15:26:00,-9.8,1.8,-9.8,2005-01-10T00:01:00,-9.8,2005-01-10T00:01:00,0.6,5.6,8.29,-3.2,19.2,18.8,19.1,20.0,20.8,20.7,,,,,,,9.9,,14.4,2005-01-10T18:46:00,,,,11.8,2005-01-10T03:50:00,,,,,,,1.52,2005-01-10T11:00:00,,,,,,,,,,,,,,82,2005-01-10T01:42:00,,,,,,1023.0,2005-01-10T09:06:00,,,,1019.2,2005-01-10T15:00:00,,,,,,,,,,,,,,,,,,,5.5,20.4,2.9,2005-01-10T12:00:00,,,,16.9,,,0,,2,,0,,0,,3,,3,,0,,0,,0,,0,,0,,0,,0,,0,,0,,0,,0,,0,,0,,0,,0,,0,,0,,0,,0,,0,,0,,0,,0,,0,,0,,0,,0,,5,,8,,2,,1,,0,,,50,,,5.0,2005-01-10T15:26:00,,,0.0,,3.5,,0.0,,0.0,,12.4,,12.4,,0.0,,0.0,,0.0,,0.0,,0.0,,0.0,,0.0,,0.0,,0.0,,0.0,,0.0,,0.0,,0.0,,0.0,,0.0,,0.0,,0.0,,0.0,,0.0,,0.0,,0.0,,0.0,,0.0,,0.0,,0.0,,0.0,,0.0,,6.7,,10.1,,2.0,,1.1,,0.0,
2005-01-11,1018.8,1019.9,1020.8,2005-01-11T09:51:00,1016.5,2005-01-11T14:51:00,20.7,24.3,2005-01-11T13:07:00,18.0,2005-01-11T01:53:00,14.9,69,59,2005-01-11T15:26:00,2.0,330,10.0,30,2005-01-11T17:19:00,0.0,0.0,0.0,,0.0,,3.2,29.6,11.54,1.2,20.9,20.6,20.3,20.6,20.6,21.6,,,,,,,8.5,,17.3,2005-01-11T18:18:00,,,,12.3,2005-01-11T00:05:00,,,,,,,1.88,2005-01-11T12:00:00,,,,,,,,,,,,,,77,2005-01-11T18:18:00,,,,,,1021.9,2005-01-11T09:51:00,,,,1017.6,2005-01-11T14:51:00,,,,,,,,,,,,,,,,,,,6.3,20.7,3.7,2005-01-11T13:00:00,,,,18.8,,,0,,1,,0,,0,,2,,7,,1,,0,,0,,0,,0,,0,,0,,0,,0,,0,,0,,0,,0,,0,,0,,0,,0,,0,,0,,0,,0,,0,,0,,0,,0,,0,,0,,8,,4,,1,,0,,0,,,40,,,4.3,2005-01-11T15:54:00,,,0.0,,1.2,,0.0,,0.0,,6.2,,23.9,,3.1,,0.0,,0.0,,0.0,,0.0,,0.0,,0.0,,0.0,,0.0,,0.0,,0.0,,0.0,,0.0,,0.0,,0.0,,0.0,,0.0,,0.0,,0.0,,0.0,,0.0,,0.0,,0.0,,0.0,,0.0,,0.0,,0.0,,8.1,,4.1,,0.9,,0.0,,0.0,
2005-01-12,1017.8,1019.0,1020.3,2005-01-12T09:22:00,1016.4,2005-01-12T14:34:00,20.3,23.6,2005-01-12T10:26:00,18.8,2005-01-12T23:59:59,14.9,71,63,2005-01-12T11:40:00,2.2,340,12.4,60,2005-01-12T14:06:00,0.0,0.0,0.0,,0.0,,1.0,9.3,9.54,1.2,20.7,20.7,20.6,21.1,21.2,21.6,,,,,,,9.5,,16.9,2005-01-12T10:27:00,,,,13.2,2005-01-12T22:22:00,,,,,,,2.01,2005-01-12T12:00:00,,,,,,,,,,,,,,77,2005-01-12T01:48:00,,,,,,1021.5,2005-01-12T09:22:00,,,,1017.5,2005-01-12T14:34:00,,,,,,,,,,,,,,,,,,,4.8,21.2,4.1,2005-01-12T12:00:00,,,,18.1,,,0,,0,,1,,0,,3,,4,,0,,0,,0,,0,,0,,0,,0,,0,,0,,0,,0,,0,,0,,0,,0,,0,,0,,0,,0,,0,,0,,0,,0,,0,,0,,0,,0,,5,,6,,5,,0,,0,,,50,,,5.8,2005-01-12T11:52:00,,,0.0,,0.0,,2.5,,0.0,,11.6,,18.9,,0.0,,0.0,,0.0,,0.0,,0.0,,0.0,,0.0,,0.0,,0.0,,0.0,,0.0,,0.0,,0.0,,0.0,,0.0,,0.0,,0.0,,0.0,,0.0,,0.0,,0.0,,0.0,,0.0,,0.0,,0.0,,0.0,,0.0,,7.5,,7.1,,5.7,,0.0,,0.0,
2005-01-13,1013.8,1014.9,1017.1,2005-01-13T00:09:00,1010.7,2005-01-13T14:34:00,20.1,25.0,2005-01-13T12:45:00,18.0,2005-01-13T02:00:00,14.8,72,59,2005-01-13T10:44:00,2.5,50,13.4,70,2005-01-13T14:46:00,2.0,2.9,0.8,2005-01-13T18:27:00,1.0,2005-01-13T18:25:00,4.7,43.5,14.69,-2.8,22.2,21.4,20.9,21.1,21.1,21.7,,,,,,,7.6,,16.9,2005-01-13T12:46:00,,,,13.3,2005-01-13T00:49:00,,,,,,,2.95,2005-01-13T13:00:00,,,,,,,,,,,,,,85,2005-01-13T21:02:00,,,,,,1018.3,2005-01-13T00:09:00,,,,1011.8,2005-01-13T14:34:00,,,,,,,,,,,,,,,,,,,7.0,21.3,4.9,2005-01-13T13:00:00,,,,16.9,,,0,,2,,0,,0,,3,,6,,0,,0,,0,,0,,0,,0,,0,,0,,0,,0,,0,,0,,0,,0,,0,,0,,0,,0,,0,,0,,0,,0,,0,,0,,0,,3,,1,,1,,3,,4,,1,,0,,,40,,,6.5,2005-01-13T14:25:00,,,0.0,,4.5,,0.0,,0.0,,9.7,,30.9,,0.0,,0.0,,0.0,,0.0,,0.0,,0.0,,0.0,,0.0,,0.0,,0.0,,0.0,,0.0,,0.0,,0.0,,0.0,,0.0,,0.0,,0.0,,0.0,,0.0,,0.0,,0.0,,0.0,,0.0,,0.0,,3.6,,1.1,,0.7,,3.0,,4.9,,1.8,,0.0,
2005-01-14,1013.7,1014.9,1015.9,2005-01-14T22:29:00,1011.7,2005-01-14T14:08:00,19.2,23.0,2005-01-14T10:24:00,16.7,2005-01-14T23:28:00,13.2,69,58,2005-01-14T12:06:00,2.2,50,12.4,40,2005-01-14T13:49:00,0.0,0.0,0.0,,0.0,,2.6,24.0,11.8,3.0,20.2,19.9,20.3,21.3,21.7,22.1,,,,,,,7.5,,15.4,2005-01-14T10:23:00,,,,11.3,2005-01-14T23:38:00,,,,,,,2.41,2005-01-14T12:00:00,,,,,,,,,,,,,,79,2005-01-14T00:53:00,,,,,,1017.1,2005-01-14T22:29:00,,,,1012.8,2005-01-14T14:08:00,,,,,,,,,,,,,,,,,,,6.3,21.4,4.4,2005-01-14T12:00:00,,,,17.9,,,0,,1,,1,,1,,3,,5,,0,,0,,0,,0,,0,,0,,0,,0,,0,,0,,0,,0,,0,,0,,0,,0,,0,,0,,0,,0,,0,,0,,0,,0,,0,,0,,3,,3,,3,,3,,1,,0,,,50,,,5.7,2005-01-14T11:55:00,,,0.0,,1.1,,1.9,,2.0,,10.9,,22.2,,0.0,,0.0,,0.0,,0.0,,0.0,,0.0,,0.0,,0.0,,0.0,,0.0,,0.0,,0.0,,0.0,,0.0,,0.0,,0.0,,0.0,,0.0,,0.0,,0.0,,0.0,,0.0,,0.0,,0.0,,0.0,,0.0,,4.3,,3.8,,2.0,,2.8,,1.6,,0.0,
2005-01-15,1016.4,1017.6,1019.7,2005-01-15T23:43:00,1014.0,2005-01-15T04:46:00,17.0,20.7,2005-01-15T10:43:00,14.6,2005-01-15T23:51:00,10.8,67,57,2005-01-15T11:12:00,2.3,340,11.0,50,2005-01-15T11:47:00,0.0,0.0,0.0,,0.0,,1.8,16.6,9.09,2.9,18.6,18.3,18.6,20.1,21.4,21.8,,,,,,,7.6,,12.2,2005-01-15T10:23:00,,,,8.9,2005-01-15T23:22:00,,,,,,,2.11,2005-01-15T11:00:00,,,,,,,,,,,,,,74,2005-01-15T20:15:00,,,,,,1020.9,2005-01-15T23:43:00,,,,1015.2,2005-01-15T04:46:00,,,,,,,,,,,,,,,,,,,6.1,20.7,3.4,2005-01-15T12:00:00,,,,17.9,,,0,,3,,2,,1,,1,,4,,0,,0,,0,,0,,0,,0,,0,,0,,0,,0,,0,,0,,0,,0,,0,,0,,0,,0,,0,,0,,0,,0,,0,,0,,0,,0,,2,,3,,6,,1,,1,,0,,,50,,,5.2,2005-01-15T12:27:00,,,0.0,,6.7,,4.4,,2.4,,4.1,,16.8,,0.0,,0.0,,0.0,,0.0,,0.0,,0.0,,0.0,,0.0,,0.0,,0.0,,0.0,,0.0,,0.0,,0.0,,0.0,,0.0,,0.0,,0.0,,0.0,,0.0,,0.0,,0.0,,0.0,,0.0,,0.0,,0.0,,2.6,,5.3,,8.5,,2.3,,2.1,,0.0,
2005-01-16,1019.8,1021.0,1021.7,2005-01-16T21:14:00,1018.0,2005-01-16T14:15:00,14.8,17.5,2005-01-16T12:39:00,13.6,2005-01-16T04:29:00,7.2,61,50,2005-01-16T12:39:00,1.6,330,6.5,330,2005-01-16T02:50:00,0.0,0.0,0.0,,0.0,,0.2,1.8,5.59,2.5,16.8,16.4,16.8,18.8,20.9,21.9,,,,,,,9.9,,9.6,2005-01-16T00:20:00,,,,6.1,2005-01-16T11:45:00,,,,,,,1.35,2005-01-16T13:00:00,,,,,,,,,,,,,,72,2005-01-16T00:20:00,,,,,,1022.9,2005-01-16T21:14:00,,,,1019.2,2005-01-16T14:15:00,,,,,,,,,,,,,,,,,,,3.9,19.8,2.3,2005-01-16T13:00:00,,,,17.0,,,0,,1,,0,,0,,0,,0,,0,,0,,0,,0,,0,,0,,0,,0,,0,,0,,0,,0,,0,,0,,0,,0,,0,,0,,0,,0,,0,,0,,0,,0,,0,,0,,1,,13,,5,,4,,0,,0,,,20,,,2.4,2005-01-16T00:04:00,,,0.0,,1.6,,0.0,,0.0,,0.0,,0.0,,0.0,,0.0,,0.0,,0.0,,0.0,,0.0,,0.0,,0.0,,0.0,,0.0,,0.0,,0.0,,0.0,,0.0,,0.0,,0.0,,0.0,,0.0,,0.0,,0.0,,0.0,,0.0,,0.0,,0.0,,0.0,,0.0,,1.5,,19.8,,8.1,,6.2,,0.0,,0.0,
2005-01-17,1020.7,1021.9,1023.0,2005-01-17T08:55:00,1018.5,2005-01-17T14:37:00,16.0,20.2,2005-01-17T12:19:00,13.2,2005-01-17T04:33:00,7.4,57,44,2005-01-17T11:10:00,1.9,330,7.8,40,2005-01-17T12:08:00,0.0,0.0,0.0,,0.0,,2.9,26.7,12.06,3.0,17.3,16.9,17.2,18.2,20.0,21.6,,,,,,,9.1,,9.4,2005-01-17T12:47:00,,,,5.6,2005-01-17T07:23:00,,,,,,,2.75,2005-01-17T12:00:00,,,,,,,,,,,,,,67,2005-01-17T00:18:00,,,,,,1024.2,2005-01-17T08:55:00,,,,1019.7,2005-01-17T14:37:00,,,,,,,,,,,,,,,,,,,7.0,18.9,4.3,2005-01-17T12:00:00,,,,17.9,,,0,,0,,0,,0,,2,,2,,1,,0,,0,,0,,0,,0,,0,,0,,0,,0,,0,,0,,0,,0,,0,,0,,0,,0,,0,,0,,0,,0,,0,,0,,0,,0,,2,,8,,5,,3,,1,,0,,,40,,,3.6,2005-01-17T14:05:00,,,0.0,,0.0,,0.0,,0.0,,6.1,,5.2,,3.3,,0.0,,0.0,,0.0,,0.0,,0.0,,0.0,,0.0,,0.0,,0.0,,0.0,,0.0,,0.0,,0.0,,0.0,,0.0,,0.0,,0.0,,0.0,,0.0,,0.0,,0.0,,0.0,,0.0,,0.0,,0.0,,3.4,,13.4,,7.9,,4.2,,1.4,,0.0,
2005-01-18,1019.3,1020.5,1021.7,2005-01-18T09:20:00,1017.2,2005-01-18T14:56:00,18.0,22.4,2005-01-18T13:09:00,13.6,2005-01-18T06:54:00,10.2,61,46,2005-01-18T10:13:00,1.5,310,5.9,300,2005-01-18T06:51:00,0.0,0.0,0.0,,0.0,,7.7,70.8,15.6,3.0,19.4,19.3,18.6,19.0,20.0,21.6,,,,,,,6.1,,12.7,2005-01-18T13:24:00,,,,7.8,2005-01-18T02:15:00,,,,,,,2.62,2005-01-18T13:00:00,,,,,,,,,,,,,,72,2005-01-18T06:53:00,,,,,,1022.9,2005-01-18T09:20:00,,,,1018.3,2005-01-18T14:56:00,,,,,,,,,,,,,,,,,,,8.8,19.3,4.6,2005-01-18T13:00:00,,,,17.9,,,0,,0,,0,,0,,0,,1,,1,,0,,0,,0,,0,,0,,4,,1,,0,,0,,0,,0,,0,,0,,0,,0,,0,,0,,0,,0,,0,,0,,0,,0,,0,,8,,2,,4,,2,,0,,1,,0,,,120,,,2.7,2005-01-18T13:04:00,,,0.0,,0.0,,0.0,,0.0,,0.0,,1.1,,1.7,,0.0,,0.0,,0.0,,0.0,,0.0,,7.0,,1.5,,0.0,,0.0,,0.0,,0.0,,0.0,,0.0,,0.0,,0.0,,0.0,,0.0,,0.0,,0.0,,0.0,,0.0,,0.0,,0.0,,0.0,,12.6,,2.9,,6.6,,2.1,,0.0,,0.8,,0.0,
2005-01-19,1019.5,1020.6,1021.4,2005-01-19T23:52:00,1017.7,2005-01-19T14:32:00,19.5,24.2,2005-01-19T12:40:00,15.8,2005-01-19T05:47:00,12.0,62,46,2005-01-19T10:15:00,1.8,320,7.1,340,2005-01-19T06:22:00,0.0,0.0,0.0,,0.0,,7.2,66.2,15.89,2.8,19.9,20.6,19.6,19.8,20.1,21.2,,,,,,,5.3,,14.7,2005-01-19T13:28:00,,,,8.9,2005-01-19T07:43:00,,,,,,,3.0,2005-01-19T13:00:00,,,,,,,,,,,,,,74,2005-01-19T22:53:00,,,,,,1022.6,2005-01-19T23:52:00,,,,1018.8,2005-01-19T14:32:00,,,,,,,,,,,,,,,,,,,8.4,19.8,5.1,2005-01-19T13:00:00,,,,17.5,,,0,,0,,1,,0,,0,,3,,1,,1,,0,,0,,2,,0,,1,,0,,0,,0,,0,,0,,0,,0,,0,,0,,0,,0,,0,,0,,0,,0,,0,,0,,0,,2,,5,,2,,4,,2,,0,,0,,,90,,,3.3,2005-01-19T12:27:00,,,0.0,,0.0,,1.5,,0.0,,0.0,,7.0,,2.6,,3.0,,0.0,,0.0,,5.2,,0.0,,0.5,,0.0,,0.0,,0.0,,0.0,,0.0,,0.0,,0.0,,0.0,,0.0,,0.0,,0.0,,0.0,,0.0,,0.0,,0.0,,0.0,,0.0,,0.0,,3.8,,8.3,,3.2,,5.5,,2.2,,0.0,,0.0,
2005-01-20,1022.9,1024.1,1025.2,2005-01-20T21:53:00,1020.6,2005-01-20T02:36:00,20.0,23.9,2005-01-20T14:13:00,16.9,2005-01-20T05:46:00,13.6,67,57,2005-01-20T10:18:00,2.3,50,10.6,50,2005-01-20T15:01:00,0.0,0.0,0.0,,0.0,,8.0,73.4,17.29,4.2,20.9,21.3,20.0,20.4,20.6,21.3,,,,,,,4.1,,15.4,2005-01-20T14:13:00,,,,12.2,2005-01-20T06:13:00,,,,,,,2.97,2005-01-20T13:00:00,,,,,,,,,,,,,,77,2005-01-20T02:00:00,,,,,,1026.4,2005-01-20T21:53:00,,,,1021.8,2005-01-20T02:36:00,,,,,,,,,,,,,,,,,,,7.0,20.5,5.2,2005-01-20T13:00:00,,,,18.8,,,0,,0,,1,,1,,3,,6,,0,,0,,0,,0,,0,,0,,0,,0,,0,,0,,0,,0,,0,,0,,0,,0,,0,,0,,0,,0,,0,,0,,0,,0,,0,,0,,2,,6,,4,,1,,0,,0,,,50,,,5.2,2005-01-20T15:40:00,,,0.0,,0.0,,2.0,,2.4,,10.7,,24.9,,0.0,,0.0,,0.0,,0.0,,0.0,,0.0,,0.0,,0.0,,0.0,,0.0,,0.0,,0.0,,0.0,,0.0,,0.0,,0.0,,0.0,,0.0,,0.0,,0.0,,0.0,,0.0,,0.0,,0.0,,0.0,,0.0,,1.9,,8.2,,5.3,,0.6,,0.0,,0.0,
2005-01-21,1024.1,1025.3,1026.7,2005-01-21T08:49:00,1022.3,2005-01-21T15:01:00,20.4,23.3,2005-01-21T11:05:00,18.1,2005-01-21T05:52:00,14.0,67,59,2005-01-21T09:37:00,2.2,50,10.7,50,2005-01-21T15:08:00,0.0,0.0,0.0,,0.0,,3.6,33.0,13.01,-2.0,21.3,20.8,20.3,20.6,20.9,21.2,,,,,,,7.3,,16.0,2005-01-21T14:52:00,,,,12.1,2005-01-21T04:55:00,,,,,,,2.16,2005-01-21T13:00:00,,,,,,,,,,,,,,72,2005-01-21T19:23:00,,,,,,1027.9,2005-01-21T08:49:00,,,,1023.4,2005-01-21T15:01:00,,,,,,,,,,,,,,,,,,,5.2,20.7,4.6,2005-01-21T13:00:00,,,,19.1,,,0,,0,,1,,2,,2,,7,,1,,0,,0,,0,,0,,0,,0,,0,,0,,0,,0,,0,,0,,0,,0,,0,,0,,0,,0,,0,,0,,0,,0,,0,,0,,0,,1,,3,,4,,3,,0,,0,,,50,,,5.3,2005-01-21T14:51:00,,,0.0,,0.0,,1.4,,3.6,,5.6,,26.7,,3.8,,0.0,,0.0,,0.0,,0.0,,0.0,,0.0,,0.0,,0.0,,0.0,,0.0,,0.0,,0.0,,0.0,,0.0,,0.0,,0.0,,0.0,,0.0,,0.0,,0.0,,0.0,,0.0,,0.0,,0.0,,0.0,,1.4,,4.7,,3.7,,2.0,,0.0,,0.0,
2005-01-22,1019.0,1020.1,1022.9,2005-01-22T00:02:00,1016.4,2005-01-22T16:05:00,21.5,25.2,2005-01-22T12:27:00,17.4,2005-01-22T03:19:00,17.2,77,64,2005-01-22T12:36:00,2.2,200,10.7,200,2005-01-22T14:11:00,1.3,2.2,0.5,2005-01-22T05:30:00,0.5,2005-01-22T01:55:00,8.0,73.2,17.43,2.9,22.8,22.2,21.8,21.6,21.2,21.7,,,,,,,5.9,,19.7,2005-01-22T20:52:00,,,,14.0,2005-01-22T00:02:00,,,,,,,2.96,2005-01-22T13:00:00,,,,,,,,,,,,,,95,2005-01-22T02:55:00,,,,,,1024.1,2005-01-22T00:02:00,,,,1017.5,2005-01-22T16:05:00,,,,,,,,,,,,,,,,,,,7.8,21.4,5.4,2005-01-22T13:00:00,,,,18.1,,,1,,0,,0,,0,,0,,0,,0,,0,,0,,0,,0,,0,,0,,0,,0,,0,,1,,0,,0,,1,,6,,2,,2,,0,,0,,0,,0,,0,,0,,0,,0,,1,,0,,1,,2,,5,,2,,0,,,200,,,5.6,2005-01-22T14:16:00,,,0.0,,0.0,,0.0,,0.0,,0.0,,0.0,,0.0,,0.0,,0.0,,0.0,,0.0,,0.0,,0.0,,0.0,,0.0,,0.0,,1.8,,0.0,,0.0,,3.2,,21.9,,5.6,,7.7,,0.0,,0.0,,0.0,,0.0,,0.0,,0.0,,0.0,,0.0,,2.1,,0.0,,1.1,,2.3,,3.8,,2.1,,0.0,
2005-01-23,1018.7,1019.9,1020.5,2005-01-23T09:38:00,1015.9,2005-01-23T03:28:00,19.7,22.4,2005-01-23T08:38:00,17.6,2005-01-23T21:12:00,14.9,74,64,2005-01-23T07:59:00,2.4,40,12.4,50,2005-01-23T12:37:00,0.0,0.0,0.0,,0.0,,0.6,5.5,4.63,2.1,20.1,20.5,20.5,21.4,21.8,21.6,,,,,,,7.3,,17.8,2005-01-23T08:25:00,,,,12.8,2005-01-23T23:57:00,,,,,,,0.73,2005-01-23T12:00:00,,,,,,,,,,,,,,82,2005-01-23T18:16:00,,,,,,1021.7,2005-01-23T09:38:00,,,,1017.0,2005-01-23T03:28:00,,,,,,,,,,,,,,,,,,,4.8,21.7,1.8,2005-01-23T12:00:00,,,,16.6,,,0,,1,,0,,1,,5,,3,,0,,0,,0,,0,,0,,0,,0,,0,,0,,0,,0,,0,,0,,0,,0,,0,,0,,0,,0,,0,,0,,0,,0,,0,,0,,0,,4,,2,,5,,3,,0,,0,,,40,,,5.7,2005-01-23T11:53:00,,,0.0,,1.4,,0.0,,3.5,,23.1,,13.9,,0.0,,0.0,,0.0,,0.0,,0.0,,0.0,,0.0,,0.0,,0.0,,0.0,,0.0,,0.0,,0.0,,0.0,,0.0,,0.0,,0.0,,0.0,,0.0,,0.0,,0.0,,0.0,,0.0,,0.0,,0.0,,0.0,,4.6,,1.8,,5.8,,3.7,,0.0,,0.0,
2005-01-24,1016.6,1017.7,1020.0,2005-01-24T00:01:00,1014.3,2005-01-24T14:54:00,19.4,21.9,2005-01-24T13:14:00,17.5,2005-01-24T01:32:00,14.6,74,64,2005-01-24T10:11:00,1.1,330,4.7,320,2005-01-24T01:55:00,0.0,0.0,0.0,,0.0,,0.0,0.0,3.19,0.6,19.7,19.8,19.7,20.5,21.2,21.7,,,,,,,8.6,,16.5,2005-01-24T14:51:00,,,,12.7,2005-01-24T00:32:00,,,,,,,0.6,2005-01-24T12:00:00,,,,,,,,,,,,,,86,2005-01-24T23:27:00,,,,,,1021.2,2005-01-24T00:01:00,,,,1015.4,2005-01-24T14:54:00,,,,,,,,,,,,,,,,,,,4.4,21.0,1.4,2005-01-24T12:00:00,,,,15.6,,,0,,0,,0,,1,,0,,0,,1,,0,,0,,1,,0,,0,,0,,0,,0,,0,,0,,0,,0,,0,,0,,0,,0,,0,,0,,0,,0,,0,,0,,0,,0,,2,,5,,11,,0,,1,,2,,0,,,320,,,1.9,2005-01-24T00:59:00,,,0.0,,0.0,,0.0,,1.1,,0.0,,0.0,,1.1,,0.0,,0.0,,0.7,,0.0,,0.0,,0.0,,0.0,,0.0,,0.0,,0.0,,0.0,,0.0,,0.0,,0.0,,0.0,,0.0,,0.0,,0.0,,0.0,,0.0,,0.0,,0.0,,0.0,,0.0,,2.4,,6.0,,12.0,,0.0,,0.5,,1.9,,0.0,
2005-01-25,1010.9,1012.1,1014.3,2005-01-25T00:01:00,1007.7,2005-01-25T15:25:00,21.3,26.5,2005-01-25T12:49:00,17.2,2005-01-25T04:58:00,16.7,75,64,2005-01-25T10:47:00,1.7,310,9.5,190,2005-01-25T15:28:00,0.0,0.0,0.0,,0.0,,3.8,34.7,10.79,1.7,21.6,21.4,20.6,20.8,21.1,21.7,,,,,,,5.9,,20.6,2005-01-25T12:50:00,,,,13.0,2005-01-25T04:33:00,,,,,,,2.18,2005-01-25T13:00:00,,,,,,,,,,,,,,87,2005-01-25T00:28:00,,,,,,1015.5,2005-01-25T00:01:00,,,,1008.8,2005-01-25T15:25:00,,,,,,,,,,,,,,,,,,,9.3,21.0,-99.95,2005-01-25T10:00:00,,,,17.5,,,0,,1,,0,,0,,0,,0,,0,,0,,0,,0,,0,,1,,0,,0,,0,,0,,0,,4,,0,,0,,1,,0,,0,,0,,0,,0,,0,,0,,0,,0,,0,,6,,3,,2,,4,,2,,0,,0,,,170,,,4.2,2005-01-25T14:17:00,,,0.0,,1.0,,0.0,,0.0,,0.0,,0.0,,0.0,,0.0,,0.0,,0.0,,0.0,,0.7,,0.0,,0.0,,0.0,,0.0,,0.0,,13.9,,0.0,,0.0,,1.4,,0.0,,0.0,,0.0,,0.0,,0.0,,0.0,,0.0,,0.0,,0.0,,0.0,,9.5,,4.1,,2.6,,4.8,,1.8,,0.0,,0.0,
2005-01-26,1012.1,1013.2,1014.7,2005-01-26T09:40:00,1010.0,2005-01-26T02:23:00,21.5,25.0,2005-01-26T11:39:00,19.1,2005-01-26T23:59:00,16.4,73,63,2005-01-26T11:38:00,1.7,330,9.7,40,2005-01-26T12:34:00,0.0,0.0,0.0,,0.0,,2.8,25.5,11.75,2.5,22.0,22.5,21.5,21.6,21.4,21.7,,,,,,,7.1,,17.8,2005-01-26T13:11:00,,,,15.2,2005-01-26T22:27:00,,,,,,,2.64,2005-01-26T12:00:00,,,,,,,,,,,,,,79,2005-01-26T06:20:00,,,,,,1015.8,2005-01-26T09:40:00,,,,1011.1,2005-01-26T02:23:00,,,,,,,,,,,,,,,,,,,5.9,21.5,5.2,2005-01-26T13:00:00,,,,16.1,,,0,,1,,0,,1,,3,,4,,1,,0,,0,,0,,0,,0,,0,,0,,0,,0,,0,,0,,0,,0,,0,,0,,0,,0,,0,,0,,0,,0,,0,,0,,0,,0,,4,,5,,2,,1,,2,,0,,,50,,,4.4,2005-01-26T12:36:00,,,0.0,,1.9,,0.0,,1.7,,6.7,,13.1,,3.2,,0.0,,0.0,,0.0,,0.0,,0.0,,0.0,,0.0,,0.0,,0.0,,0.0,,0.0,,0.0,,0.0,,0.0,,0.0,,0.0,,0.0,,0.0,,0.0,,0.0,,0.0,,0.0,,0.0,,0.0,,0.0,,4.4,,4.9,,2.3,,1.1,,2.0,,0.0,
2005-01-27,1009.9,1011.0,1012.4,2005-01-27T09:03:00,1007.4,2005-01-27T15:29:00,21.1,24.1,2005-01-27T14:34:00,17.7,2005-01-27T05:20:00,16.5,75,64,2005-01-27T10:27:00,1.3,310,6.0,20,2005-01-27T17:32:00,0.0,0.0,0.0,,0.0,,1.3,11.8,7.5,1.5,21.2,21.3,21.0,21.5,21.5,21.7,,,,,,,5.0,,19.2,2005-01-27T17:06:00,,,,13.1,2005-01-27T07:05:00,,,,,,,1.29,2005-01-27T12:00:00,,,,,,,,,,,,,,82,2005-01-27T18:35:00,,,,,,1013.5,2005-01-27T09:03:00,,,,1008.5,2005-01-27T15:29:00,,,,,,,,,,,,,,,,,,,6.4,21.6,3.0,2005-01-27T12:00:00,,,,18.8,,,0,,0,,1,,0,,1,,1,,0,,1,,0,,0,,0,,0,,1,,0,,1,,0,,1,,0,,0,,0,,1,,0,,0,,0,,0,,0,,0,,0,,0,,0,,0,,4,,4,,4,,1,,1,,2,,0,,,40,,,3.0,2005-01-27T17:32:00,,,0.0,,0.0,,2.1,,0.0,,2.4,,1.4,,0.0,,1.2,,0.0,,0.0,,0.0,,0.0,,0.5,,0.0,,1.5,,0.0,,0.8,,0.0,,0.0,,0.0,,0.7,,0.0,,0.0,,0.0,,0.0,,0.0,,0.0,,0.0,,0.0,,0.0,,0.0,,5.8,,4.9,,4.7,,0.8,,1.0,,2.8,,0.0,
2005-01-28,1008.7,1009.8,1010.3,2005-01-28T09:34:00,1006.6,2005-01-28T15:15:00,22.3,26.2,2005-01-28T13:20:00,19.3,2005-01-28T05:22:00,17.8,76,59,2005-01-28T09:49:00,1.6,330,5.4,330,2005-01-28T01:32:00,0.0,0.0,0.0,,0.0,,7.0,63.6,15.77,3.0,23.5,23.5,22.3,22.2,21.7,21.9,,,,,,,5.6,,19.7,2005-01-28T12:30:00,,,,15.3,2005-01-28T05:44:00,,,,,,,3.0,2005-01-28T13:00:00,,,,,,,,,,,,,,83,2005-01-28T03:22:00,,,,,,1011.4,2005-01-28T09:34:00,,,,1007.7,2005-01-28T15:15:00,,,,,,,,,,,,,,,,,,,6.9,21.9,6.1,2005-01-28T13:00:00,,,,16.9,,,0,,0,,1,,2,,1,,2,,1,,1,,1,,1,,2,,0,,1,,1,,0,,0,,0,,0,,0,,0,,0,,0,,0,,0,,0,,0,,0,,0,,0,,0,,0,,1,,2,,5,,1,,0,,1,,0,,,130,,,2.7,2005-01-28T11:06:00,,,0.0,,0.0,,1.1,,2.9,,2.2,,3.0,,1.5,,1.5,,1.6,,2.2,,4.3,,0.0,,2.4,,2.5,,0.0,,0.0,,0.0,,0.0,,0.0,,0.0,,0.0,,0.0,,0.0,,0.0,,0.0,,0.0,,0.0,,0.0,,0.0,,0.0,,0.0,,1.7,,2.4,,7.0,,1.1,,0.0,,0.8,,0.0,
2005-01-29,1010.8,1011.9,1012.6,2005-01-29T21:52:00,1009.0,2005-01-29T03:30:00,22.7,26.1,2005-01-29T12:45:00,20.7,2005-01-29T05:49:00,18.3,77,68,2005-01-29T10:34:00,2.0,50,9.0,30,2005-01-29T12:38:00,0.0,0.0,0.0,,0.0,,5.4,49.0,15.54,3.3,24.0,24.2,23.1,22.9,22.1,22.1,,,,,,,4.8,,19.9,2005-01-29T12:35:00,,,,17.0,2005-01-29T04:39:00,,,,,,,2.96,2005-01-29T13:00:00,,,,,,,,,,,,,,84,2005-01-29T23:59:59,,,,,,1013.7,2005-01-29T21:52:00,,,,1010.1,2005-01-29T03:30:00,,,,,,,,,,,,,,,,,,,5.4,22.6,6.2,2005-01-29T13:00:00,,,,19.1,,,0,,1,,0,,2,,4,,6,,1,,0,,0,,0,,0,,0,,0,,0,,0,,0,,0,,0,,0,,0,,0,,0,,0,,0,,0,,0,,0,,0,,0,,0,,0,,0,,1,,4,,4,,0,,1,,0,,,50,,,4.7,2005-01-29T14:22:00,,,0.0,,1.0,,0.0,,3.8,,13.0,,21.6,,2.0,,0.0,,0.0,,0.0,,0.0,,0.0,,0.0,,0.0,,0.0,,0.0,,0.0,,0.0,,0.0,,0.0,,0.0,,0.0,,0.0,,0.0,,0.0,,0.0,,0.0,,0.0,,0.0,,0.0,,0.0,,0.0,,0.5,,3.0,,2.5,,0.0,,0.8,,0.0,
2005-01-30,1013.0,1014.2,1015.5,2005-01-30T23:53:00,1010.9,2005-01-30T15:07:00,21.5,24.9,2005-01-30T11:40:00,19.0,2005-01-30T23:56:00,16.9,75,66,2005-01-30T11:40:00,2.8,50,12.7,20,2005-01-30T23:06:00,0.0,0.0,0.0,,0.0,,3.3,29.9,12.54,3.8,23.1,23.7,22.7,23.0,22.6,22.2,,,,,,,7.8,,18.6,2005-01-30T10:57:00,,,,14.1,2005-01-30T23:32:00,,,,,,,2.7,2005-01-30T12:00:00,,,,,,,,,,,,,,84,2005-01-30T00:02:00,,,,,,1016.7,2005-01-30T23:53:00,,,,1012.0,2005-01-30T15:07:00,,,,,,,,,,,,,,,,,,,5.9,22.9,5.9,2005-01-30T12:00:00,,,,16.9,,,0,,4,,1,,4,,3,,6,,1,,0,,0,,0,,0,,0,,0,,0,,0,,0,,0,,0,,0,,0,,0,,0,,0,,0,,0,,0,,0,,0,,0,,0,,2,,0,,1,,1,,0,,0,,1,,0,,,40,,,5.5,2005-01-30T23:10:00,,,0.0,,5.4,,2.8,,13.5,,13.0,,23.1,,4.3,,0.0,,0.0,,0.0,,0.0,,0.0,,0.0,,0.0,,0.0,,0.0,,0.0,,0.0,,0.0,,0.0,,0.0,,0.0,,0.0,,0.0,,0.0,,0.0,,0.0,,0.0,,0.0,,0.0,,2.1,,0.0,,1.1,,0.9,,0.0,,0.0,,0.8,,0.0,
2005-01-31,1015.1,1016.3,1017.6,2005-01-31T08:34:00,1012.5,2005-01-31T15:41:00,17.7,19.6,2005-01-31T13:55:00,16.0,2005-01-31T23:07:00,13.1,75,63,2005-01-31T12:33:00,1.3,330,10.6,30,2005-01-31T00:28:00,0.2,0.3,0.1,2005-01-31T22:33:00,0.2,2005-01-31T22:30:00,0.0,0.0,3.09,-1.1,19.6,20.4,20.4,21.4,22.6,22.3,,,,,,,10.0,,14.6,2005-01-31T20:33:00,,,,11.8,2005-01-31T09:02:00,,,,,,,0.61,2005-01-31T12:00:00,,,,,,,,,,,,,,89,2005-01-31T22:47:00,,,,,,1018.8,2005-01-31T08:34:00,,,,1013.6,2005-01-31T15:41:00,,,,,,,,,,,,,,,,,,,3.6,22.2,2.0,2005-01-31T12:00:00,,,,15.6,,,0,,0,,0,,1,,0,,0,,2,,1,,1,,0,,0,,0,,0,,0,,0,,0,,0,,0,,0,,0,,0,,0,,0,,0,,0,,0,,0,,0,,0,,0,,0,,1,,1,,7,,3,,4,,3,,0,,,40,,,5.6,2005-01-31T00:03:00,,,0.0,,0.0,,0.0,,1.3,,0.0,,0.0,,3.4,,0.9,,1.2,,0.0,,0.0,,0.0,,0.0,,0.0,,0.0,,0.0,,0.0,,0.0,,0.0,,0.0,,0.0,,0.0,,0.0,,0.0,,0.0,,0.0,,0.0,,0.0,,0.0,,0.0,,0.0,,1.0,,1.5,,9.1,,3.0,,5.6,,5.0,,0.0,
2005-02-01,1017.0,1018.2,1018.9,2005-02-01T23:15:00,1014.1,2005-02-01T03:57:00,15.3,16.7,2005-02-01T02:14:00,13.9,2005-02-01T23:06:00,10.9,75,69,2005-02-01T13:37:00,2.2,330,12.2,20,2005-02-01T07:29:00,0.0,0.0,0.0,,0.0,,0.0,0.0,1.26,1.1,16.7,17.8,17.9,19.9,21.9,22.3,,,,,,,10.0,,13.8,2005-02-01T00:03:00,,,,8.7,2005-02-01T23:14:00,,,,,,,0.5,2005-02-01T13:00:00,,,,,,,,,,,,,,86,2005-02-01T00:03:00,,,,,,1020.1,2005-02-01T23:15:00,,,,1015.3,2005-02-01T03:57:00,,,,,,,,,,,,,,,,,,,2.8,20.9,1.3,2005-02-01T13:00:00,,,,15.4,,,0,,0,,1,,1,,3,,0,,0,,0,,0,,0,,0,,0,,0,,0,,0,,0,,0,,0,,0,,0,,0,,0,,0,,0,,0,,0,,0,,0,,0,,0,,0,,0,,3,,6,,6,,2,,2,,0,,,40,,,5.5,2005-02-01T07:55:00,,,0.0,,0.0,,2.8,,1.9,,14.5,,0.0,,0.0,,0.0,,0.0,,0.0,,0.0,,0.0,,0.0,,0.0,,0.0,,0.0,,0.0,,0.0,,0.0,,0.0,,0.0,,0.0,,0.0,,0.0,,0.0,,0.0,,0.0,,0.0,,0.0,,0.0,,0.0,,0.0,,4.9,,11.5,,10.1,,2.3,,3.7,,0.0,
2005-02-02,1019.7,1020.9,1021.8,2005-02-02T09:12:00,1017.9,2005-02-02T14:43:00,14.8,16.0,2005-02-02T16:03:00,13.7,2005-02-02T06:58:00,9.5,70,64,2005-02-02T14:32:00,1.4,330,7.4,340,2005-02-02T04:55:00,0.0,0.0,0.0,,0.0,,0.0,0.0,0.61,1.4,15.3,16.2,16.1,17.9,20.6,22.0,,,,,,,10.0,,10.9,2005-02-02T21:21:00,,,,8.5,2005-02-02T09:45:00,,,,,,,0.33,2005-02-02T13:00:00,,,,,,,,,,,,,,76,2005-02-02T22:06:00,,,,,,1023.0,2005-02-02T09:12:00,,,,1019.1,2005-02-02T14:43:00,,,,,,,,,,,,,,,,,,,2.3,19.2,1.4,2005-02-02T13:00:00,,,,15.1,,,0,,0,,0,,0,,0,,0,,0,,0,,0,,0,,0,,0,,0,,0,,0,,0,,0,,0,,0,,0,,0,,0,,0,,0,,0,,0,,0,,0,,0,,0,,0,,0,,1,,12,,5,,5,,1,,0,,,330,,,2.4,2005-02-02T07:06:00,,,0.0,,0.0,,0.0,,0.0,,0.0,,0.0,,0.0,,0.0,,0.0,,0.0,,0.0,,0.0,,0.0,,0.0,,0.0,,0.0,,0.0,,0.0,,0.0,,0.0,,0.0,,0.0,,0.0,,0.0,,0.0,,0.0,,0.0,,0.0,,0.0,,0.0,,0.0,,0.0,,1.1,,19.1,,6.5,,6.2,,1.4,,0.0,
2005-02-03,1018.6,1019.8,1021.1,2005-02-03T08:35:00,1016.3,2005-02-03T15:24:00,17.5,21.6,2005-02-03T15:56:00,14.8,2005-02-03T01:53:00,12.6,73,63,2005-02-03T13:36:00,1.3,350,6.6,360,2005-02-03T07:22:00,0.0,0.0,0.0,,0.0,,0.9,8.1,5.26,0.6,17.4,17.6,17.3,18.0,19.8,21.7,,,,,,,8.4,,14.8,2005-02-03T15:58:00,,,,10.3,2005-02-03T07:07:00,,,,,,,1.0,2005-02-03T16:00:00,,,,,,,,,,,,,,81,2005-02-03T21:37:00,,,,,,1022.3,2005-02-03T08:35:00,,,,1017.4,2005-02-03T15:24:00,,,,,,,,,,,,,,,,,,,6.8,18.8,3.1,2005-02-03T12:00:00,,,,17.8,,,0,,2,,2,,0,,1,,0,,2,,0,,1,,0,,0,,0,,0,,0,,0,,0,,0,,0,,0,,0,,0,,0,,0,,0,,0,,0,,0,,0,,0,,0,,0,,2,,3,,4,,1,,5,,1,,0,,,10,,,2.7,2005-02-03T08:11:00,,,0.0,,4.0,,2.0,,0.0,,0.5,,0.0,,2.0,,0.0,,1.5,,0.0,,0.0,,0.0,,0.0,,0.0,,0.0,,0.0,,0.0,,0.0,,0.0,,0.0,,0.0,,0.0,,0.0,,0.0,,0.0,,0.0,,0.0,,0.0,,0.0,,0.0,,0.0,,2.0,,3.5,,5.1,,1.5,,7.8,,1.3,,0.0,
2005-02-04,1015.1,1016.2,1017.4,2005-02-04T00:01:00,1013.3,2005-02-04T15:09:00,20.8,24.1,2005-02-04T12:45:00,17.8,2005-02-04T00:01:00,16.9,79,65,2005-02-04T11:06:00,1.3,320,5.5,50,2005-02-04T16:25:00,0.3,0.9,0.2,2005-02-04T15:05:00,0.3,2005-02-04T15:05:00,0.3,2.7,5.28,-0.3,20.1,19.9,19.6,19.5,19.8,21.4,,,,,,,9.8,,20.0,2005-02-04T15:52:00,,,,13.5,2005-02-04T02:04:00,,,,,,,1.54,2005-02-04T11:00:00,,,,,,,,,,,,,,91,2005-02-04T17:11:00,,,,,,1018.6,2005-02-04T00:01:00,,,,1014.4,2005-02-04T15:09:00,,,,,,,,,,,,,,,,,,,6.3,19.5,3.4,2005-02-04T11:00:00,,,,15.3,,,1,,1,,0,,4,,2,,3,,0,,1,,0,,0,,0,,0,,0,,0,,0,,0,,0,,0,,0,,0,,0,,0,,0,,0,,0,,0,,0,,0,,0,,0,,0,,1,,6,,3,,0,,0,,2,,0,,,50,,,2.8,2005-02-04T16:13:00,,,0.2,,0.9,,0.0,,8.7,,4.5,,5.1,,0.0,,0.9,,0.0,,0.0,,0.0,,0.0,,0.0,,0.0,,0.0,,0.0,,0.0,,0.0,,0.0,,0.0,,0.0,,0.0,,0.0,,0.0,,0.0,,0.0,,0.0,,0.0,,0.0,,0.0,,0.0,,1.3,,6.6,,2.3,,0.0,,0.0,,1.7,,0.0,
2005-02-05,1015.7,1016.8,1017.4,2005-02-05T08:55:00,1014.2,2005-02-05T14:55:00,22.7,26.3,2005-02-05T12:07:00,20.0,2005-02-05T02:52:00,19.0,80,69,2005-02-05T12:07:00,1.0,320,4.6,140,2005-02-05T12:17:00,0.0,0.0,0.0,,0.0,,3.5,31.4,12.28,0.9,23.6,23.4,22.5,21.6,20.4,21.2,,,,,,,9.6,,20.5,2005-02-05T13:11:00,,,,17.1,2005-02-05T06:39:00,,,,,,,2.84,2005-02-05T13:00:00,,,,,,,,,,,,,,87,2005-02-05T02:52:00,,,,,,1018.5,2005-02-05T08:55:00,,,,1015.3,2005-02-05T14:55:00,,,,,,,,,,,,,,,,,,,6.3,21.0,6.7,2005-02-05T13:00:00,,,,16.1,,,2,,0,,0,,0,,1,,0,,1,,1,,0,,1,,1,,3,,0,,1,,1,,0,,0,,0,,0,,0,,0,,0,,0,,0,,0,,0,,0,,0,,0,,0,,0,,2,,4,,1,,4,,1,,0,,0,,,110,,,3.0,2005-02-05T13:37:00,,,0.3,,0.0,,0.0,,0.0,,1.3,,0.0,,1.1,,1.1,,0.0,,1.1,,1.6,,6.7,,0.0,,1.7,,1.5,,0.0,,0.0,,0.0,,0.0,,0.0,,0.0,,0.0,,0.0,,0.0,,0.0,,0.0,,0.0,,0.0,,0.0,,0.0,,0.0,,1.5,,3.6,,0.5,,2.2,,0.4,,0.0,,0.0,
2005-02-06,1017.2,1018.3,1019.1,2005-02-06T22:27:00,1015.4,2005-02-06T02:33:00,23.3,26.6,2005-02-06T10:43:00,20.3,2005-02-06T04:45:00,19.2,78,65,2005-02-06T10:03:00,0.8,310,3.9,140,2005-02-06T11:06:00,0.0,0.0,0.0,,0.0,,2.5,22.4,9.91,1.8,23.5,23.7,23.2,22.7,21.3,21.2,,,,,,,8.3,,21.2,2005-02-06T12:05:00,,,,17.8,2005-02-06T07:35:00,,,,,,,2.33,2005-02-06T12:00:00,,,,,,,,,,,,,,88,2005-02-06T03:37:00,,,,,,1020.2,2005-02-06T22:27:00,,,,1016.5,2005-02-06T02:33:00,,,,,,,,,,,,,,,,,,,6.3,22.1,5.6,2005-02-06T12:00:00,,,,17.4,,,3,,0,,0,,0,,0,,0,,0,,0,,0,,0,,0,,0,,2,,0,,0,,2,,1,,0,,0,,0,,1,,0,,0,,0,,0,,1,,1,,2,,0,,1,,1,,7,,1,,1,,0,,0,,0,,0,,,110,,,2.3,2005-02-06T10:45:00,,,0.5,,0.0,,0.0,,0.0,,0.0,,0.0,,0.0,,0.0,,0.0,,0.0,,0.0,,0.0,,4.0,,0.0,,0.0,,1.8,,0.3,,0.0,,0.0,,0.0,,0.5,,0.0,,0.0,,0.0,,0.0,,0.4,,0.3,,1.9,,0.0,,0.3,,0.8,,7.4,,1.1,,1.0,,0.0,,0.0,,0.0,,0.0,
2005-02-07,1018.6,1019.7,1020.0,2005-02-07T22:01:00,1016.8,2005-02-07T14:17:00,23.7,27.6,2005-02-07T11:50:00,19.7,2005-02-07T06:24:00,19.3,77,59,2005-02-07T09:40:00,1.3,320,7.5,180,2005-02-07T12:11:00,0.0,0.0,0.0,,0.0,,8.7,77.8,18.43,3.2,25.7,25.2,23.9,23.3,22.1,21.6,,,,,,,4.6,,21.5,2005-02-07T14:46:00,,,,16.7,2005-02-07T06:49:00,,,,,,,3.0,2005-02-07T13:00:00,,,,,,,,,,,,,,86,2005-02-07T03:09:00,,,,,,1021.1,2005-02-07T22:01:00,,,,1017.9,2005-02-07T14:17:00,,,,,,,,,,,,,,,,,,,7.9,22.8,7.0,2005-02-07T13:00:00,,,,19.8,,,1,,0,,0,,0,,1,,0,,2,,1,,0,,1,,0,,0,,0,,1,,0,,0,,0,,0,,2,,2,,3,,0,,0,,0,,0,,0,,0,,0,,0,,0,,1,,3,,6,,0,,0,,0,,0,,0,,,190,,,4.5,2005-02-07T12:52:00,,,0.2,,0.0,,0.0,,0.0,,0.5,,0.0,,1.8,,0.6,,0.0,,0.6,,0.0,,0.0,,0.0,,0.6,,0.0,,0.0,,0.0,,0.0,,2.8,,4.2,,9.7,,0.0,,0.0,,0.0,,0.0,,0.0,,0.0,,0.0,,0.0,,0.0,,0.8,,3.6,,6.4,,0.0,,0.0,,0.0,,0.0,,0.0,
2005-02-08,1019.9,1021.0,1021.7,2005-02-08T09:16:00,1018.2,2005-02-08T14:23:00,23.9,27.5,2005-02-08T12:43:00,21.2,2005-02-08T05:58:00,19.8,78,67,2005-02-08T12:42:00,1.3,310,6.0,120,2005-02-08T14:47:00,0.0,0.0,0.0,,0.0,,6.6,59.0,16.94,2.7,25.9,25.8,24.8,24.4,22.9,22.1,,,,,,,6.8,,21.7,2005-02-08T10:29:00,,,,17.1,2005-02-08T07:20:00,,,,,,,2.79,2005-02-08T13:00:00,,,,,,,,,,,,,,87,2005-02-08T02:30:00,,,,,,1022.8,2005-02-08T09:16:00,,,,1019.3,2005-02-08T14:23:00,,,,,,,,,,,,,,,,,,,6.3,23.8,7.1,2005-02-08T13:00:00,,,,18.3,,,1,,1,,0,,1,,2,,1,,0,,0,,3,,4,,1,,0,,0,,0,,0,,0,,0,,0,,0,,0,,0,,0,,0,,0,,0,,0,,0,,0,,0,,0,,0,,5,,2,,1,,0,,0,,2,,0,,,90,,,3.7,2005-02-08T14:35:00,,,0.1,,0.8,,0.0,,1.6,,2.6,,0.9,,0.0,,0.0,,7.2,,6.7,,2.4,,0.0,,0.0,,0.0,,0.0,,0.0,,0.0,,0.0,,0.0,,0.0,,0.0,,0.0,,0.0,,0.0,,0.0,,0.0,,0.0,,0.0,,0.0,,0.0,,0.0,,5.6,,1.5,,0.3,,0.0,,0.0,,2.2,,0.0,
2005-02-09,1019.4,1020.5,1021.0,2005-02-09T08:47:00,1017.7,2005-02-09T15:36:00,23.7,27.6,2005-02-09T11:30:00,20.7,2005-02-09T05:09:00,19.3,77,58,2005-02-09T09:35:00,1.3,320,6.2,90,2005-02-09T11:36:00,0.0,0.0,0.0,,0.0,,10.0,89.2,19.87,4.2,26.9,26.4,25.4,24.7,23.5,22.4,,,,,,,3.3,,21.3,2005-02-09T13:06:00,,,,17.1,2005-02-09T23:58:00,,,,,,,3.0,2005-02-09T13:00:00,,,,,,,,,,,,,,87,2005-02-09T02:00:00,,,,,,1022.1,2005-02-09T08:47:00,,,,1018.8,2005-02-09T15:36:00,,,,,,,,,,,,,,,,,,,6.9,24.1,7.5,2005-02-09T13:00:00,,,,19.4,,,2,,0,,0,,0,,0,,0,,0,,0,,0,,2,,4,,0,,0,,1,,1,,0,,0,,0,,0,,1,,0,,0,,0,,0,,0,,0,,0,,1,,0,,0,,0,,2,,5,,2,,0,,1,,2,,0,,,90,,,3.5,2005-02-09T10:45:00,,,0.2,,0.0,,0.0,,0.0,,0.0,,0.0,,0.0,,0.0,,0.0,,5.0,,9.6,,0.0,,0.0,,1.8,,1.0,,0.0,,0.0,,0.0,,0.0,,0.5,,0.0,,0.0,,0.0,,0.0,,0.0,,0.0,,0.0,,1.4,,0.0,,0.0,,0.0,,2.4,,4.7,,1.7,,0.0,,0.9,,1.6,,0.0,
2005-02-10,1020.4,1021.5,1023.6,2005-02-10T21:48:00,1018.2,2005-02-10T03:09:00,21.9,26.0,2005-02-10T09:35:00,19.3,2005-02-10T22:31:00,15.9,69,55,2005-02-10T08:56:00,2.9,50,15.6,40,2005-02-10T15:37:00,0.0,0.0,0.0,,0.0,,3.9,34.7,14.17,4.0,24.6,24.6,23.5,24.1,23.8,22.7,,,,,,,6.9,,20.1,2005-02-10T10:43:00,,,,13.6,2005-02-10T23:57:00,,,,,,,2.72,2005-02-10T13:00:00,,,,,,,,,,,,,,76,2005-02-10T18:58:00,,,,,,1024.8,2005-02-10T21:48:00,,,,1019.3,2005-02-10T03:09:00,,,,,,,,,,,,,,,,,,,6.7,24.1,6.9,2005-02-10T13:00:00,,,,17.5,,,0,,1,,1,,0,,3,,6,,0,,0,,0,,0,,0,,0,,0,,0,,0,,0,,0,,0,,0,,0,,0,,0,,0,,0,,0,,0,,0,,0,,0,,0,,0,,3,,1,,3,,4,,0,,2,,0,,,50,,,7.0,2005-02-10T14:42:00,,,0.0,,1.8,,2.2,,0.0,,14.5,,31.7,,0.0,,0.0,,0.0,,0.0,,0.0,,0.0,,0.0,,0.0,,0.0,,0.0,,0.0,,0.0,,0.0,,0.0,,0.0,,0.0,,0.0,,0.0,,0.0,,0.0,,0.0,,0.0,,0.0,,0.0,,0.0,,5.0,,1.3,,4.3,,5.0,,0.0,,2.7,,0.0,
2005-02-11,1022.9,1024.1,1025.1,2005-02-11T09:39:00,1021.1,2005-02-11T14:40:00,20.1,23.6,2005-02-11T13:47:00,18.2,2005-02-11T04:33:00,13.6,66,59,2005-02-11T10:54:00,2.3,50,13.7,40,2005-02-11T16:35:00,0.0,0.0,0.0,,0.0,,0.7,6.2,11.03,3.6,22.9,22.8,22.5,22.9,23.6,23.1,,,,,,,8.9,,15.8,2005-02-11T13:45:00,,,,12.2,2005-02-11T06:44:00,,,,,,,2.37,2005-02-11T14:00:00,,,,,,,,,,,,,,73,2005-02-11T01:59:00,,,,,,1026.3,2005-02-11T09:39:00,,,,1022.2,2005-02-11T14:40:00,,,,,,,,,,,,,,,,,,,5.4,22.8,6.1,2005-02-11T14:00:00,,,,17.5,,,0,,0,,0,,1,,1,,5,,0,,0,,0,,0,,0,,0,,0,,0,,0,,0,,0,,0,,0,,0,,0,,0,,0,,0,,0,,0,,0,,0,,0,,0,,0,,0,,2,,4,,4,,5,,2,,0,,,40,,,5.8,2005-02-11T16:37:00,,,0.0,,0.0,,0.0,,4.4,,5.3,,24.1,,0.0,,0.0,,0.0,,0.0,,0.0,,0.0,,0.0,,0.0,,0.0,,0.0,,0.0,,0.0,,0.0,,0.0,,0.0,,0.0,,0.0,,0.0,,0.0,,0.0,,0.0,,0.0,,0.0,,0.0,,0.0,,0.0,,2.4,,4.9,,4.2,,6.2,,3.0,,0.0,
2005-02-12,1020.3,1021.5,1022.1,2005-02-12T08:50:00,1017.9,2005-02-12T15:37:00,21.2,25.8,2005-02-12T11:52:00,17.8,2005-02-12T06:31:00,15.4,70,57,2005-02-12T10:22:00,2.5,50,11.2,20,2005-02-12T17:37:00,0.0,0.0,0.0,,0.0,,4.9,43.5,14.35,3.8,22.5,22.9,22.5,22.7,22.9,22.7,,,,,,,6.0,,18.0,2005-02-12T14:01:00,,,,12.5,2005-02-12T04:21:00,,,,,,,3.03,2005-02-12T12:00:00,,,,,,,,,,,,,,76,2005-02-12T17:33:00,,,,,,1023.2,2005-02-12T08:50:00,,,,1019.0,2005-02-12T15:37:00,,,,,,,,,,,,,,,,,,,8.0,22.7,7.4,2005-02-12T12:00:00,,,,17.5,,,0,,0,,1,,0,,4,,5,,3,,0,,0,,0,,0,,0,,0,,0,,0,,0,,0,,0,,0,,0,,0,,0,,0,,0,,0,,0,,0,,0,,0,,0,,0,,0,,4,,1,,2,,2,,2,,0,,,50,,,5.3,2005-02-12T17:40:00,,,0.0,,0.0,,3.0,,0.0,,12.8,,19.3,,10.1,,0.0,,0.0,,0.0,,0.0,,0.0,,0.0,,0.0,,0.0,,0.0,,0.0,,0.0,,0.0,,0.0,,0.0,,0.0,,0.0,,0.0,,0.0,,0.0,,0.0,,0.0,,0.0,,0.0,,0.0,,0.0,,5.8,,1.2,,2.6,,1.9,,2.6,,0.0,
2005-02-13,1020.4,1021.5,1022.2,2005-02-13T09:37:00,1018.9,2005-02-13T15:03:00,21.1,24.9,2005-02-13T13:50:00,18.5,2005-02-13T05:27:00,16.0,73,61,2005-02-13T14:04:00,2.2,50,10.3,40,2005-02-13T16:03:00,0.0,0.0,0.0,,0.0,,0.5,4.4,8.99,-1.4,22.8,22.3,21.8,22.4,22.9,22.9,,,,,,,7.8,,17.9,2005-02-13T19:18:00,,,,13.5,2005-02-13T04:40:00,,,,,,,1.83,2005-02-13T14:00:00,,,,,,,,,,,,,,80,2005-02-13T20:44:00,,,,,,1023.4,2005-02-13T09:37:00,,,,1020.0,2005-02-13T15:03:00,,,,,,,,,,,,,,,,,,,6.4,22.7,4.8,2005-02-13T14:00:00,,,,18.5,,,0,,0,,1,,1,,4,,5,,2,,0,,0,,0,,0,,0,,0,,0,,0,,0,,0,,0,,0,,0,,0,,0,,0,,0,,0,,0,,0,,0,,0,,0,,0,,0,,0,,4,,3,,1,,3,,0,,,50,,,4.7,2005-02-13T14:02:00,,,0.0,,0.0,,2.3,,3.0,,12.0,,17.5,,6.2,,0.0,,0.0,,0.0,,0.0,,0.0,,0.0,,0.0,,0.0,,0.0,,0.0,,0.0,,0.0,,0.0,,0.0,,0.0,,0.0,,0.0,,0.0,,0.0,,0.0,,0.0,,0.0,,0.0,,0.0,,0.0,,0.0,,4.4,,3.8,,1.0,,3.0,,0.0,
2005-02-14,1017.5,1018.6,1020.4,2005-02-14T00:14:00,1014.9,2005-02-14T16:25:00,21.2,23.5,2005-02-14T11:38:00,19.1,2005-02-14T05:11:00,18.7,86,73,2005-02-14T00:01:00,1.2,50,5.3,30,2005-02-14T10:24:00,3.0,5.3,0.5,2005-02-14T04:42:00,1.5,2005-02-14T04:30:00,0.1,0.9,7.88,-1.4,22.6,22.8,22.5,22.8,22.6,22.7,,,,,,,7.9,,20.8,2005-02-14T14:09:00,,,,16.1,2005-02-14T02:15:00,,,,,,,1.45,2005-02-14T12:00:00,,,,,,,,,,,,,,95,2005-02-14T05:25:00,,,,,,1021.6,2005-02-14T00:14:00,,,,1016.0,2005-02-14T16:25:00,,,,,,,,,,,,,,,,,,,4.4,22.6,4.4,2005-02-14T12:00:00,,,,12.4,,,1,,0,,1,,1,,2,,4,,2,,0,,1,,0,,0,,0,,1,,0,,0,,0,,0,,0,,0,,0,,0,,0,,0,,0,,0,,0,,0,,0,,0,,0,,1,,1,,2,,1,,2,,2,,2,,0,,,30,,,3.0,2005-02-14T17:21:00,,,0.1,,0.0,,0.9,,1.3,,2.7,,6.2,,3.1,,0.0,,2.1,,0.0,,0.0,,0.0,,1.0,,0.0,,0.0,,0.0,,0.0,,0.0,,0.0,,0.0,,0.0,,0.0,,0.0,,0.0,,0.0,,0.0,,0.0,,0.0,,0.0,,0.0,,0.3,,1.3,,1.8,,1.3,,2.2,,1.7,,2.7,,0.0,
2005-02-15,1013.7,1014.8,1016.7,2005-02-15T00:01:00,1011.5,2005-02-15T17:27:00,23.2,27.8,2005-02-15T12:50:00,18.8,2005-02-15T06:24:00,19.0,78,55,2005-02-15T09:16:00,1.9,310,8.6,220,2005-02-15T20:07:00,0.0,0.0,0.0,,0.0,,6.5,57.4,16.5,1.9,24.4,24.5,23.6,23.2,22.8,22.7,,,,,,,3.6,,22.7,2005-02-15T19:07:00,,,,14.2,2005-02-15T07:11:00,,,,,,,3.0,2005-02-15T13:00:00,,,,,,,,,,,,,,90,2005-02-15T19:07:00,,,,,,1017.9,2005-02-15T00:01:00,,,,1012.6,2005-02-15T17:27:00,,,,,,,,,,,,,,,,,,,9.0,22.9,8.5,2005-02-15T13:00:00,,,,17.8,,,0,,0,,0,,0,,0,,0,,0,,0,,0,,0,,0,,0,,0,,0,,0,,0,,0,,0,,0,,4,,4,,0,,2,,1,,1,,0,,0,,0,,0,,0,,1,,5,,4,,0,,2,,0,,0,,0,,,200,,,4.1,2005-02-15T12:58:00,,,0.0,,0.0,,0.0,,0.0,,0.0,,0.0,,0.0,,0.0,,0.0,,0.0,,0.0,,0.0,,0.0,,0.0,,0.0,,0.0,,0.0,,0.0,,0.0,,10.3,,10.2,,0.0,,5.6,,2.4,,0.5,,0.0,,0.0,,0.0,,0.0,,0.0,,1.3,,9.5,,3.9,,0.0,,1.1,,0.0,,0.0,,0.0,
2005-02-16,1011.1,1012.2,1013.6,2005-02-16T08:42:00,1008.6,2005-02-16T18:14:00,24.4,28.1,2005-02-16T14:06:00,20.9,2005-02-16T05:57:00,19.4,74,62,2005-02-16T09:02:00,1.7,320,9.6,180,2005-02-16T18:33:00,0.0,0.0,0.0,,0.0,,10.4,91.7,20.74,4.1,26.3,26.0,24.9,24.3,23.2,22.8,,,,,,,1.8,,22.5,2005-02-16T15:36:00,,,,16.3,2005-02-16T07:24:00,,,,,,,3.0,2005-02-16T14:00:00,,,,,,,,,,,,,,85,2005-02-16T00:37:00,,,,,,1014.7,2005-02-16T08:42:00,,,,1009.7,2005-02-16T18:14:00,,,,,,,,,,,,,,,,,,,7.2,23.7,8.6,2005-02-16T13:00:00,,,,21.3,,,0,,0,,0,,0,,0,,0,,0,,0,,0,,0,,0,,0,,0,,2,,0,,0,,1,,1,,1,,1,,0,,1,,2,,1,,1,,0,,0,,0,,0,,0,,0,,3,,7,,0,,0,,2,,1,,0,,,210,,,4.0,2005-02-16T18:33:00,,,0.0,,0.0,,0.0,,0.0,,0.0,,0.0,,0.0,,0.0,,0.0,,0.0,,0.0,,0.0,,0.0,,3.7,,0.0,,0.0,,1.8,,2.2,,2.2,,1.7,,0.0,,2.8,,4.7,,2.9,,2.7,,0.0,,0.0,,0.0,,0.0,,0.0,,0.0,,4.3,,7.7,,0.0,,0.0,,2.3,,0.7,,0.0,
2005-02-17,1011.6,1012.7,1013.5,2005-02-17T08:38:00,1009.8,2005-02-17T15:07:00,23.5,27.3,2005-02-17T11:20:00,21.3,2005-02-17T05:50:00,19.1,76,68,2005-02-17T10:40:00,2.0,50,7.8,90,2005-02-17T12:48:00,0.0,0.0,0.0,,0.0,,4.7,41.4,14.55,-2.1,25.1,25.3,24.7,24.6,23.8,23.0,,,,,,,6.3,,20.8,2005-02-17T11:20:00,,,,17.0,2005-02-17T05:48:00,,,,,,,3.07,2005-02-17T12:00:00,,,,,,,,,,,,,,80,2005-02-17T19:02:00,,,,,,1014.6,2005-02-17T08:38:00,,,,1010.9,2005-02-17T15:07:00,,,,,,,,,,,,,,,,,,,6.0,24.2,8.1,2005-02-17T12:00:00,,,,16.9,,,0,,0,,0,,1,,3,,4,,3,,2,,1,,0,,0,,0,,1,,0,,0,,0,,0,,1,,0,,0,,0,,0,,0,,0,,0,,0,,0,,0,,0,,0,,0,,3,,3,,2,,0,,0,,0,,0,,,80,,,4.0,2005-02-17T12:49:00,,,0.0,,0.0,,0.0,,2.1,,6.6,,10.1,,9.0,,5.3,,2.9,,0.0,,0.0,,0.0,,0.7,,0.0,,0.0,,0.0,,0.0,,0.9,,0.0,,0.0,,0.0,,0.0,,0.0,,0.0,,0.0,,0.0,,0.0,,0.0,,0.0,,0.0,,0.0,,4.5,,2.8,,2.4,,0.0,,0.0,,0.0,,0.0,
2005-02-18,1013.3,1014.4,1015.8,2005-02-18T21:58:00,1011.5,2005-02-18T03:31:00,21.2,24.0,2005-02-18T11:54:00,18.4,2005-02-18T22:43:00,18.2,83,74,2005-02-18T11:51:00,1.7,40,11.2,30,2005-02-18T17:21:00,6.5,5.1,1.0,2005-02-18T15:45:00,3.5,2005-02-18T15:44:00,0.0,0.0,3.91,-1.3,23.1,23.5,23.5,24.0,24.1,23.2,,,,,,,10.0,,20.4,2005-02-18T16:03:00,,,,15.7,2005-02-18T23:47:00,,,,,,,0.96,2005-02-18T12:00:00,,,,,,,,,,,,,,94,2005-02-18T16:03:00,,,,,,1017.0,2005-02-18T21:58:00,,,,1012.6,2005-02-18T03:31:00,,,,,,,,,,,,,,,,,,,5.6,24.7,2.7,2005-02-18T12:00:00,,,,13.0,,,1,,2,,2,,2,,3,,2,,0,,0,,0,,0,,0,,0,,0,,0,,0,,0,,0,,0,,0,,0,,0,,0,,0,,0,,0,,0,,0,,0,,0,,0,,0,,1,,2,,1,,2,,3,,3,,0,,,40,,,5.8,2005-02-18T16:55:00,,,0.2,,2.3,,2.5,,5.7,,12.7,,6.6,,0.0,,0.0,,0.0,,0.0,,0.0,,0.0,,0.0,,0.0,,0.0,,0.0,,0.0,,0.0,,0.0,,0.0,,0.0,,0.0,,0.0,,0.0,,0.0,,0.0,,0.0,,0.0,,0.0,,0.0,,0.0,,1.1,,1.7,,0.8,,1.8,,2.9,,2.6,,0.0,
2005-02-19,1017.9,1019.1,1021.1,2005-02-19T21:50:00,1014.5,2005-02-19T03:16:00,16.8,18.7,2005-02-19T00:09:00,14.2,2005-02-19T22:24:00,13.3,80,70,2005-02-19T16:36:00,2.6,40,11.5,60,2005-02-19T11:19:00,7.0,5.1,1.5,2005-02-19T05:07:00,3.5,2005-02-19T04:52:00,0.0,0.0,4.64,1.1,19.6,19.9,20.3,21.9,23.6,23.5,,,,,,,10.0,,16.6,2005-02-19T05:14:00,,,,9.9,2005-02-19T23:55:00,,,,,,,0.79,2005-02-19T14:00:00,,,,,,,,,,,,,,100,2005-02-19T05:14:00,,,,,,1022.3,2005-02-19T21:50:00,,,,1015.7,2005-02-19T03:16:00,,,,,,,,,,,,,,,,,,,4.5,22.7,2.4,2005-02-19T13:00:00,,,,13.6,,,0,,0,,2,,2,,5,,2,,0,,0,,0,,0,,0,,0,,0,,0,,0,,0,,0,,0,,0,,0,,0,,0,,0,,0,,0,,0,,0,,0,,0,,0,,0,,0,,2,,2,,5,,1,,3,,0,,,40,,,4.8,2005-02-19T13:14:00,,,0.0,,0.0,,4.5,,7.4,,21.8,,8.9,,0.0,,0.0,,0.0,,0.0,,0.0,,0.0,,0.0,,0.0,,0.0,,0.0,,0.0,,0.0,,0.0,,0.0,,0.0,,0.0,,0.0,,0.0,,0.0,,0.0,,0.0,,0.0,,0.0,,0.0,,0.0,,0.0,,3.2,,3.3,,7.7,,0.6,,4.8,,0.0,
2005-02-20,1021.4,1022.6,1023.4,2005-02-20T22:03:00,1019.7,2005-02-20T14:32:00,13.3,14.6,2005-02-20T00:38:00,11.8,2005-02-20T21:38:00,9.5,78,70,2005-02-20T09:52:00,1.8,330,7.0,20,2005-02-20T14:24:00,0.1,1.0,-9.8,2005-02-20T22:10:00,0.1,2005-02-20T22:05:00,0.0,0.0,1.93,-1.0,16.2,16.5,17.1,19.4,22.3,23.1,,,,,,,10.0,,10.4,2005-02-20T02:16:00,,,,8.4,2005-02-20T10:04:00,,,,,,,0.6,2005-02-20T12:00:00,,,,,,,,,,,,,,89,2005-02-20T21:44:00,,,,,,1024.6,2005-02-20T22:03:00,,,,1020.9,2005-02-20T14:32:00,,,,,,,,,,,,,,,,,,,2.8,20.7,1.4,2005-02-20T12:00:00,,,,16.6,,,0,,0,,0,,0,,0,,0,,0,,0,,0,,0,,0,,0,,0,,0,,0,,0,,0,,0,,0,,0,,0,,0,,0,,0,,0,,0,,0,,0,,0,,0,,0,,0,,0,,12,,10,,2,,0,,0,,,360,,,2.6,2005-02-20T06:05:00,,,0.0,,0.0,,0.0,,0.0,,0.0,,0.0,,0.0,,0.0,,0.0,,0.0,,0.0,,0.0,,0.0,,0.0,,0.0,,0.0,,0.0,,0.0,,0.0,,0.0,,0.0,,0.0,,0.0,,0.0,,0.0,,0.0,,0.0,,0.0,,0.0,,0.0,,0.0,,0.0,,0.0,,19.7,,18.8,,3.8,,0.0,,0.0,
2005-02-21,1020.8,1022.0,1022.9,2005-02-21T00:08:00,1018.4,2005-02-21T15:33:00,14.3,16.1,2005-02-21T14:43:00,12.1,2005-02-21T00:01:00,10.0,76,68,2005-02-21T11:33:00,1.7,340,7.1,330,2005-02-21T02:01:00,0.0,0.0,0.0,,0.0,,0.0,0.0,2.93,1.7,15.6,15.9,16.1,18.0,20.7,22.5,,,,,,,10.0,,11.6,2005-02-21T22:46:00,,,,8.5,2005-02-21T03:14:00,,,,,,,0.6,2005-02-21T15:00:00,,,,,,,,,,,,,,85,2005-02-21T00:02:00,,,,,,1024.1,2005-02-21T00:08:00,,,,1019.6,2005-02-21T15:33:00,,,,,,,,,,,,,,,,,,,4.0,19.1,1.7,2005-02-21T12:00:00,,,,17.3,,,0,,0,,0,,0,,0,,0,,0,,0,,0,,0,,0,,0,,0,,0,,0,,0,,0,,0,,0,,0,,0,,0,,0,,0,,0,,0,,0,,0,,0,,0,,0,,0,,4,,7,,12,,0,,1,,0,,,350,,,2.5,2005-02-21T07:10:00,,,0.0,,0.0,,0.0,,0.0,,0.0,,0.0,,0.0,,0.0,,0.0,,0.0,,0.0,,0.0,,0.0,,0.0,,0.0,,0.0,,0.0,,0.0,,0.0,,0.0,,0.0,,0.0,,0.0,,0.0,,0.0,,0.0,,0.0,,0.0,,0.0,,0.0,,0.0,,0.0,,5.8,,11.3,,21.8,,0.0,,1.7,,0.0,
2005-02-22,1016.1,1017.2,1019.1,2005-02-22T00:01:00,1013.4,2005-02-22T16:08:00,19.4,24.2,2005-02-22T12:53:00,14.8,2005-02-22T05:03:00,13.8,70,58,2005-02-22T10:09:00,1.6,320,5.1,140,2005-02-22T13:57:00,0.0,0.0,0.0,,0.0,,5.1,44.5,16.52,3.1,21.3,20.5,19.7,19.5,20.1,22.2,,,,,,,8.1,,16.2,2005-02-22T12:52:00,,,,11.2,2005-02-22T00:06:00,,,,,,,3.11,2005-02-22T12:00:00,,,,,,,,,,,,,,82,2005-02-22T05:01:00,,,,,,1020.3,2005-02-22T00:01:00,,,,1014.5,2005-02-22T16:08:00,,,,,,,,,,,,,,,,,,,9.4,19.4,8.1,2005-02-22T13:00:00,,,,16.9,,,0,,1,,1,,0,,1,,1,,1,,1,,0,,1,,0,,0,,2,,1,,0,,0,,0,,0,,0,,0,,0,,0,,0,,0,,0,,0,,0,,0,,0,,0,,0,,2,,8,,1,,1,,2,,0,,0,,,110,,,3.2,2005-02-22T13:10:00,,,0.0,,1.5,,1.0,,0.0,,2.1,,1.7,,1.8,,2.1,,0.0,,2.3,,0.0,,0.0,,4.7,,2.4,,0.0,,0.0,,0.0,,0.0,,0.0,,0.0,,0.0,,0.0,,0.0,,0.0,,0.0,,0.0,,0.0,,0.0,,0.0,,0.0,,0.0,,3.5,,10.2,,1.5,,1.1,,2.6,,0.0,,0.0,
2005-02-23,1012.4,1013.5,1015.0,2005-02-23T08:45:00,1009.3,2005-02-23T23:48:00,21.7,25.6,2005-02-23T11:23:00,18.7,2005-02-23T06:26:00,16.0,71,56,2005-02-23T10:21:00,1.3,320,4.3,220,2005-02-23T19:49:00,0.0,0.0,0.0,,0.0,,2.8,24.4,13.15,3.1,22.5,22.0,21.5,21.3,20.9,21.7,,,,,,,7.0,,18.3,2005-02-23T20:30:00,,,,14.2,2005-02-23T05:53:00,,,,,,,2.89,2005-02-23T11:00:00,,,,,,,,,,,,,,82,2005-02-23T23:58:00,,,,,,1016.1,2005-02-23T08:45:00,,,,1010.4,2005-02-23T23:48:00,,,,,,,,,,,,,,,,,,,6.9,20.8,5.3,2005-02-23T12:00:00,,,,17.0,,,0,,0,,0,,0,,0,,0,,0,,0,,0,,0,,0,,0,,0,,0,,2,,0,,2,,1,,0,,0,,3,,2,,0,,0,,0,,0,,0,,0,,0,,1,,0,,2,,10,,0,,1,,0,,0,,0,,,120,,,2.5,2005-02-23T11:21:00,,,0.0,,0.0,,0.0,,0.0,,0.0,,0.0,,0.0,,0.0,,0.0,,0.0,,0.0,,0.0,,0.0,,0.0,,3.5,,0.0,,3.1,,1.8,,0.0,,0.0,,4.2,,2.9,,0.0,,0.0,,0.0,,0.0,,0.0,,0.0,,0.0,,0.7,,0.0,,2.5,,10.4,,0.0,,1.1,,0.0,,0.0,,0.0,
2005-02-24,1007.4,1008.5,1012.3,2005-02-24T23:59:59,1004.1,2005-02-24T14:29:00,23.7,32.3,2005-02-24T12:07:00,19.0,2005-02-24T06:24:00,17.5,70,35,2005-02-24T12:06:00,2.4,50,11.3,40,2005-02-24T22:37:00,0.0,0.0,0.0,,0.0,,8.3,72.1,17.28,-3.7,24.4,23.5,22.6,22.4,21.5,21.7,,,,,,,6.9,,20.2,2005-02-24T13:14:00,,,,14.8,2005-02-24T06:52:00,,,,,,,2.8,2005-02-24T13:00:00,,,,,,,,,,,,,,84,2005-02-24T02:27:00,,,,,,1013.4,2005-02-24T23:59:59,,,,1005.2,2005-02-24T14:29:00,,,,,,,,,,,,,,,,,,,13.3,21.9,5.9,2005-02-24T13:00:00,,,,16.9,,,0,,1,,1,,0,,1,,7,,2,,1,,0,,0,,0,,0,,0,,0,,0,,0,,0,,0,,0,,0,,0,,0,,0,,1,,1,,0,,0,,0,,0,,0,,0,,0,,0,,2,,4,,1,,1,,1,,,40,,,5.2,2005-02-24T21:43:00,,,0.0,,1.3,,2.2,,0.0,,0.5,,26.1,,8.0,,2.8,,0.0,,0.0,,0.0,,0.0,,0.0,,0.0,,0.0,,0.0,,0.0,,0.0,,0.0,,0.0,,0.0,,0.0,,0.0,,1.5,,2.2,,0.0,,0.0,,0.0,,0.0,,0.0,,0.0,,0.0,,0.0,,3.1,,5.4,,1.3,,1.9,,0.8,
2005-02-25,1013.4,1014.5,1015.9,2005-02-25T22:32:00,1011.6,2005-02-25T15:41:00,20.5,23.4,2005-02-25T15:36:00,18.3,2005-02-25T09:48:00,17.1,81,73,2005-02-25T15:29:00,1.3,340,9.9,60,2005-02-25T00:28:00,8.5,4.1,2.5,2005-02-25T09:28:00,4.5,2005-02-25T09:05:00,0.6,5.2,5.29,-0.5,21.9,21.8,21.7,22.4,22.3,22.1,,,,,,,10.0,,19.0,2005-02-25T13:21:00,,,,15.4,2005-02-25T05:42:00,,,,,,,1.4,2005-02-25T15:00:00,,,,,,,,,,,,,,99,2005-02-25T09:36:00,,,,,,1017.0,2005-02-25T22:32:00,,,,1012.7,2005-02-25T15:41:00,,,,,,,,,,,,,,,,,,,5.1,22.3,2.8,2005-02-25T15:00:00,,,,15.4,,,0,,1,,0,,3,,2,,2,,0,,0,,0,,0,,0,,0,,0,,0,,0,,0,,0,,0,,1,,0,,0,,0,,0,,0,,0,,0,,0,,0,,0,,1,,0,,0,,3,,3,,5,,3,,0,,0,,,40,,,4.9,2005-02-25T00:37:00,,,0.0,,2.7,,0.0,,3.2,,6.2,,3.0,,0.0,,0.0,,0.0,,0.0,,0.0,,0.0,,0.0,,0.0,,0.0,,0.0,,0.0,,0.0,,0.3,,0.0,,0.0,,0.0,,0.0,,0.0,,0.0,,0.0,,0.0,,0.0,,0.0,,0.6,,0.0,,0.0,,3.9,,3.1,,4.7,,4.1,,0.0,,0.0,
2005-02-26,1017.7,1018.9,1020.6,2005-02-26T22:24:00,1014.1,2005-02-26T02:48:00,19.1,21.5,2005-02-26T11:31:00,17.2,2005-02-26T22:50:00,15.0,78,68,2005-02-26T20:58:00,2.4,330,15.7,60,2005-02-26T13:19:00,16.0,4.5,2.0,2005-02-26T05:58:00,7.0,2005-02-26T07:04:00,0.2,1.7,3.92,-1.3,20.3,20.3,20.6,21.6,22.1,22.2,,,,,,,9.4,,19.5,2005-02-26T09:39:00,,,,11.9,2005-02-26T21:33:00,,,,,,,1.17,2005-02-26T12:00:00,,,,,,,,,,,,,,98,2005-02-26T07:28:00,,,,,,1021.8,2005-02-26T22:24:00,,,,1015.2,2005-02-26T02:48:00,,,,,,,,,,,,,,,,,,,4.3,21.8,2.8,2005-02-26T12:00:00,,,,16.1,,,0,,3,,0,,3,,3,,1,,0,,0,,0,,0,,0,,0,,0,,0,,0,,0,,0,,0,,0,,0,,0,,0,,0,,0,,0,,0,,0,,0,,0,,0,,0,,2,,0,,4,,3,,2,,3,,0,,,40,,,6.8,2005-02-26T12:08:00,,,0.0,,4.8,,0.0,,8.3,,17.9,,6.3,,0.0,,0.0,,0.0,,0.0,,0.0,,0.0,,0.0,,0.0,,0.0,,0.0,,0.0,,0.0,,0.0,,0.0,,0.0,,0.0,,0.0,,0.0,,0.0,,0.0,,0.0,,0.0,,0.0,,0.0,,0.0,,3.6,,0.0,,5.2,,4.0,,2.5,,4.7,,0.0,
2005-02-27,1016.9,1018.1,1020.1,2005-02-27T00:01:00,1014.1,2005-02-27T15:30:00,19.9,24.0,2005-02-27T13:31:00,17.0,2005-02-27T01:49:00,14.0,69,59,2005-02-27T10:31:00,1.5,330,7.0,50,2005-02-27T13:57:00,0.0,0.0,0.0,,0.0,,4.4,38.0,13.9,2.4,21.5,20.6,20.3,20.9,21.6,22.2,,,,,,,8.0,,16.1,2005-02-27T13:52:00,,,,11.7,2005-02-27T03:58:00,,,,,,,2.65,2005-02-27T13:00:00,,,,,,,,,,,,,,79,2005-02-27T21:19:00,,,,,,1021.3,2005-02-27T00:01:00,,,,1015.2,2005-02-27T15:30:00,,,,,,,,,,,,,,,,,,,7.0,21.1,6.1,2005-02-27T13:00:00,,,,19.4,,,0,,0,,0,,0,,1,,0,,6,,1,,0,,0,,0,,0,,0,,0,,0,,0,,0,,0,,0,,0,,0,,0,,0,,0,,0,,0,,0,,0,,0,,0,,0,,2,,1,,7,,6,,0,,0,,0,,,60,,,3.5,2005-02-27T15:00:00,,,0.0,,0.0,,0.0,,0.0,,1.1,,0.0,,14.3,,2.0,,0.0,,0.0,,0.0,,0.0,,0.0,,0.0,,0.0,,0.0,,0.0,,0.0,,0.0,,0.0,,0.0,,0.0,,0.0,,0.0,,0.0,,0.0,,0.0,,0.0,,0.0,,0.0,,0.0,,1.7,,1.3,,7.9,,7.3,,0.0,,0.0,,0.0,
2005-02-28,1015.9,1017.1,1019.8,2005-02-28T23:11:00,1013.5,2005-02-28T03:52:00,19.4,20.7,2005-02-28T09:37:00,17.5,2005-02-28T23:26:00,15.0,76,70,2005-02-28T19:24:00,2.1,40,12.2,10,2005-02-28T17:34:00,0.0,0.0,0.0,,0.0,,0.0,0.0,3.18,1.5,20.2,20.2,20.3,21.3,21.6,22.1,,,,,,,9.9,,16.4,2005-02-28T05:14:00,,,,12.8,2005-02-28T23:59:59,,,,,,,0.6,2005-02-28T11:00:00,,,,,,,,,,,,,,82,2005-02-28T08:18:00,,,,,,1021.0,2005-02-28T23:11:00,,,,1014.6,2005-02-28T03:52:00,,,,,,,,,,,,,,,,,,,3.2,21.3,1.4,2005-02-28T11:00:00,,,,16.4,,,1,,0,,1,,2,,6,,0,,0,,0,,0,,0,,0,,0,,0,,0,,0,,0,,0,,0,,0,,0,,0,,0,,0,,0,,0,,0,,0,,0,,0,,0,,0,,0,,3,,1,,4,,3,,3,,0,,,40,,,6.2,2005-02-28T18:18:00,,,0.1,,0.0,,2.6,,7.8,,21.6,,0.0,,0.0,,0.0,,0.0,,0.0,,0.0,,0.0,,0.0,,0.0,,0.0,,0.0,,0.0,,0.0,,0.0,,0.0,,0.0,,0.0,,0.0,,0.0,,0.0,,0.0,,0.0,,0.0,,0.0,,0.0,,0.0,,0.0,,4.2,,1.1,,4.2,,3.7,,4.9,,0.0,
2005-03-01,1020.2,1021.4,1022.5,2005-03-01T08:39:00,1018.8,2005-03-01T03:04:00,17.5,18.8,2005-03-01T13:30:00,16.7,2005-03-01T05:16:00,12.3,71,67,2005-03-01T13:24:00,1.4,330,6.2,320,2005-03-01T06:47:00,0.0,0.0,0.0,,0.0,,0.0,0.0,2.2,2.4,17.7,18.8,18.9,20.1,21.2,21.9,,,,,,,9.9,,13.0,2005-03-01T00:10:00,,,,11.8,2005-03-01T07:12:00,,,,,,,0.52,2005-03-01T13:00:00,,,,,,,,,,,,,,76,2005-03-01T04:13:00,,,,,,1023.7,2005-03-01T08:39:00,,,,1020.0,2005-03-01T03:04:00,,,,,,,,,,,,,,,,,,,2.1,20.6,1.3,2005-03-01T13:00:00,,,,18.5,,,0,,0,,0,,0,,0,,0,,0,,0,,0,,0,,0,,0,,0,,0,,0,,0,,0,,0,,0,,0,,0,,0,,0,,0,,0,,0,,0,,0,,0,,0,,0,,0,,1,,10,,8,,4,,1,,0,,,330,,,2.2,2005-03-01T06:02:00,,,0.0,,0.0,,0.0,,0.0,,0.0,,0.0,,0.0,,0.0,,0.0,,0.0,,0.0,,0.0,,0.0,,0.0,,0.0,,0.0,,0.0,,0.0,,0.0,,0.0,,0.0,,0.0,,0.0,,0.0,,0.0,,0.0,,0.0,,0.0,,0.0,,0.0,,0.0,,0.0,,1.4,,14.4,,10.9,,6.1,,1.1,,0.0,
2005-03-02,1018.1,1019.3,1021.4,2005-03-02T09:41:00,1015.5,2005-03-02T16:40:00,20.0,23.5,2005-03-02T14:54:00,17.8,2005-03-02T00:25:00,14.6,71,62,2005-03-02T15:58:00,1.8,320,9.8,60,2005-03-02T13:22:00,0.0,0.0,0.0,,0.0,,2.8,24.1,10.76,-1.8,20.6,19.9,19.7,20.1,20.6,21.7,,,,,,,8.6,,17.0,2005-03-02T14:52:00,,,,12.6,2005-03-02T00:26:00,,,,,,,2.25,2005-03-02T15:00:00,,,,,,,,,,,,,,77,2005-03-02T10:20:00,,,,,,1022.6,2005-03-02T09:41:00,,,,1016.6,2005-03-02T16:40:00,,,,,,,,,,,,,,,,,,,5.7,20.3,4.8,2005-03-02T14:00:00,,,,17.9,,,0,,1,,0,,1,,3,,4,,0,,0,,0,,0,,0,,0,,0,,0,,0,,0,,0,,0,,0,,0,,0,,0,,0,,0,,0,,0,,0,,0,,0,,0,,0,,0,,5,,5,,4,,0,,1,,0,,,50,,,4.7,2005-03-02T13:44:00,,,0.0,,1.2,,0.0,,1.3,,9.2,,14.7,,0.0,,0.0,,0.0,,0.0,,0.0,,0.0,,0.0,,0.0,,0.0,,0.0,,0.0,,0.0,,0.0,,0.0,,0.0,,0.0,,0.0,,0.0,,0.0,,0.0,,0.0,,0.0,,0.0,,0.0,,0.0,,0.0,,5.7,,4.9,,5.5,,0.0,,1.1,,0.0,
2005-03-03,1018.4,1019.6,1022.9,2005-03-03T22:26:00,1014.1,2005-03-03T02:55:00,17.6,20.0,2005-03-03T06:59:00,14.5,2005-03-03T19:44:00,14.2,81,73,2005-03-03T15:24:00,3.1,40,14.5,60,2005-03-03T11:51:00,7.0,4.5,1.0,2005-03-03T18:28:00,4.0,2005-03-03T18:24:00,0.0,0.0,1.93,-0.6,18.6,18.6,18.9,20.0,20.8,21.7,,,,,,,9.3,,17.1,2005-03-03T07:05:00,,,,11.9,2005-03-03T23:58:00,,,,,,,0.41,2005-03-03T13:00:00,,,,,,,,,,,,,,100,2005-03-03T18:43:00,,,,,,1024.1,2005-03-03T22:26:00,,,,1015.3,2005-03-03T02:55:00,,,,,,,,,,,,,,,,,,,5.5,20.4,1.3,2005-03-03T13:00:00,,,,13.1,,,0,,0,,0,,3,,6,,4,,0,,0,,0,,0,,0,,0,,0,,0,,0,,0,,0,,0,,0,,0,,0,,0,,0,,0,,0,,0,,0,,0,,0,,0,,0,,2,,4,,1,,1,,2,,1,,0,,,40,,,6.2,2005-03-03T15:05:00,,,0.0,,0.0,,0.0,,10.2,,30.3,,19.5,,0.0,,0.0,,0.0,,0.0,,0.0,,0.0,,0.0,,0.0,,0.0,,0.0,,0.0,,0.0,,0.0,,0.0,,0.0,,0.0,,0.0,,0.0,,0.0,,0.0,,0.0,,0.0,,0.0,,0.0,,0.0,,2.7,,4.3,,1.3,,1.4,,2.6,,0.9,,0.0,
2005-03-04,1024.8,1026.0,1028.0,2005-03-04T21:22:00,1021.7,2005-03-04T02:21:00,13.6,15.1,2005-03-04T01:51:00,10.8,2005-03-04T23:07:00,9.3,76,64,2005-03-04T15:30:00,1.6,340,8.1,360,2005-03-04T18:02:00,3.5,2.5,1.0,2005-03-04T22:52:00,3.0,2005-03-04T22:12:00,0.0,0.0,1.36,-0.5,16.3,16.2,16.8,18.4,20.3,21.7,,,,,,,10.0,,12.2,2005-03-04T00:01:00,,,,7.4,2005-03-04T19:17:00,,,,,,,0.5,2005-03-04T14:00:00,,,,,,,,,,,,,,100,2005-03-04T22:27:00,,,,,,1029.2,2005-03-04T21:22:00,,,,1022.9,2005-03-04T02:21:00,,,,,,,,,,,,,,,,,,,4.3,19.4,1.2,2005-03-04T14:00:00,,,,14.8,,,0,,1,,1,,0,,0,,0,,0,,0,,0,,0,,0,,0,,0,,0,,0,,0,,0,,0,,0,,0,,0,,0,,0,,0,,0,,0,,0,,0,,0,,0,,0,,0,,1,,6,,11,,4,,0,,0,,,340,,,2.2,2005-03-04T18:52:00,,,0.0,,1.9,,1.3,,0.0,,0.0,,0.0,,0.0,,0.0,,0.0,,0.0,,0.0,,0.0,,0.0,,0.0,,0.0,,0.0,,0.0,,0.0,,0.0,,0.0,,0.0,,0.0,,0.0,,0.0,,0.0,,0.0,,0.0,,0.0,,0.0,,0.0,,0.0,,0.0,,1.7,,9.8,,18.0,,6.6,,0.0,,0.0,
2005-03-05,1026.3,1027.5,1028.3,2005-03-05T09:05:00,1024.0,2005-03-05T14:57:00,14.1,18.5,2005-03-05T13:12:00,10.1,2005-03-05T04:23:00,9.2,73,58,2005-03-05T13:16:00,1.7,340,9.9,40,2005-03-05T20:06:00,6.0,7.6,0.5,2005-03-05T02:05:00,2.0,2005-03-05T01:35:00,1.6,13.7,10.9,2.2,16.5,16.7,16.9,17.8,19.1,21.2,,,,,,,9.1,,11.5,2005-03-05T10:54:00,,,,7.8,2005-03-05T07:39:00,,,,,,,3.18,2005-03-05T11:00:00,,,,,,,,,,,,,,95,2005-03-05T04:23:00,,,,,,1029.5,2005-03-05T09:05:00,,,,1025.2,2005-03-05T14:57:00,,,,,,,,,,,,,,,,,,,8.4,18.3,6.9,2005-03-05T11:00:00,,,,16.9,,,0,,2,,0,,2,,2,,1,,1,,1,,0,,1,,0,,0,,0,,1,,0,,0,,0,,0,,0,,0,,0,,0,,0,,0,,0,,0,,0,,0,,0,,0,,0,,0,,2,,3,,5,,3,,0,,0,,,40,,,4.8,2005-03-05T21:26:00,,,0.0,,3.7,,0.0,,6.4,,7.0,,1.2,,1.6,,1.9,,0.0,,1.3,,0.0,,0.0,,0.0,,1.2,,0.0,,0.0,,0.0,,0.0,,0.0,,0.0,,0.0,,0.0,,0.0,,0.0,,0.0,,0.0,,0.0,,0.0,,0.0,,0.0,,0.0,,0.0,,1.7,,4.6,,6.0,,3.6,,0.0,,0.0,
2005-03-06,1027.2,1028.4,1029.1,2005-03-06T08:16:00,1025.1,2005-03-06T15:09:00,15.5,19.9,2005-03-06T12:13:00,12.6,2005-03-06T03:53:00,7.6,60,46,2005-03-06T10:35:00,1.9,330,9.1,50,2005-03-06T11:53:00,0.0,0.0,0.0,,0.0,,4.0,34.1,15.73,3.7,17.4,17.3,17.7,17.9,19.1,21.2,,,,,,,8.8,,9.2,2005-03-06T00:01:00,,,,6.0,2005-03-06T05:23:00,,,,,,,3.61,2005-03-06T12:00:00,,,,,,,,,,,,,,78,2005-03-06T01:31:00,,,,,,1030.3,2005-03-06T08:16:00,,,,1026.3,2005-03-06T15:09:00,,,,,,,,,,,,,,,,,,,7.3,18.5,8.5,2005-03-06T12:00:00,,,,18.1,,,0,,1,,1,,1,,2,,1,,3,,0,,0,,0,,0,,0,,0,,0,,0,,0,,0,,0,,0,,0,,0,,0,,0,,0,,0,,0,,0,,0,,0,,0,,0,,0,,1,,6,,4,,3,,1,,0,,,60,,,3.9,2005-03-06T12:06:00,,,0.0,,1.4,,2.5,,2.4,,5.2,,3.2,,9.8,,0.0,,0.0,,0.0,,0.0,,0.0,,0.0,,0.0,,0.0,,0.0,,0.0,,0.0,,0.0,,0.0,,0.0,,0.0,,0.0,,0.0,,0.0,,0.0,,0.0,,0.0,,0.0,,0.0,,0.0,,0.0,,1.5,,8.4,,6.2,,4.7,,1.4,,0.0,
2005-03-07,1025.1,1026.3,1027.3,2005-03-07T00:01:00,1023.4,2005-03-07T15:57:00,17.6,22.2,2005-03-07T12:55:00,14.8,2005-03-07T00:33:00,8.7,57,45,2005-03-07T09:56:00,1.8,310,6.3,130,2005-03-07T14:03:00,0.0,0.0,0.0,,0.0,,6.7,57.0,20.85,5.1,19.7,19.6,18.9,18.9,18.9,20.4,,,,,,,6.3,,11.0,2005-03-07T11:42:00,,,,6.7,2005-03-07T06:43:00,,,,,,,3.6,2005-03-07T13:00:00,,,,,,,,,,,,,,71,2005-03-07T22:56:00,,,,,,1028.5,2005-03-07T00:01:00,,,,1024.6,2005-03-07T15:57:00,,,,,,,,,,,,,,,,,,,7.4,18.8,8.5,2005-03-07T13:00:00,,,,18.8,,,0,,1,,0,,1,,1,,0,,0,,3,,0,,0,,1,,3,,0,,0,,0,,0,,0,,0,,0,,0,,0,,0,,0,,0,,0,,0,,0,,0,,0,,0,,1,,4,,0,,2,,2,,2,,3,,0,,,110,,,3.5,2005-03-07T11:50:00,,,0.0,,1.0,,0.0,,0.6,,1.6,,0.0,,0.0,,6.9,,0.0,,0.0,,2.7,,8.8,,0.0,,0.0,,0.0,,0.0,,0.0,,0.0,,0.0,,0.0,,0.0,,0.0,,0.0,,0.0,,0.0,,0.0,,0.0,,0.0,,0.0,,0.0,,1.8,,7.7,,0.0,,3.1,,2.5,,2.4,,4.0,,0.0,
2005-03-08,1021.7,1022.9,1024.6,2005-03-08T00:02:00,1019.2,2005-03-08T16:20:00,19.0,24.0,2005-03-08T14:03:00,13.8,2005-03-08T05:59:00,10.5,58,47,2005-03-08T12:44:00,1.8,330,6.1,340,2005-03-08T05:12:00,0.0,0.0,0.0,,0.0,,9.2,78.2,21.94,3.9,20.7,20.3,20.0,19.9,19.7,20.7,,,,,,,5.3,,12.8,2005-03-08T14:04:00,,,,6.7,2005-03-08T06:25:00,,,,,,,3.44,2005-03-08T12:00:00,,,,,,,,,,,,,,70,2005-03-08T01:21:00,,,,,,1025.8,2005-03-08T00:02:00,,,,1020.3,2005-03-08T16:20:00,,,,,,,,,,,,,,,,,,,10.2,19.6,8.3,2005-03-08T12:00:00,,,,19.4,,,0,,0,,1,,0,,1,,1,,0,,1,,1,,1,,3,,0,,0,,0,,0,,0,,0,,0,,0,,0,,0,,0,,0,,0,,0,,0,,0,,0,,0,,0,,0,,3,,4,,6,,1,,1,,0,,0,,,100,,,3.2,2005-03-08T11:06:00,,,0.0,,0.0,,1.4,,0.0,,1.6,,1.8,,0.0,,2.5,,2.1,,2.2,,7.7,,0.0,,0.0,,0.0,,0.0,,0.0,,0.0,,0.0,,0.0,,0.0,,0.0,,0.0,,0.0,,0.0,,0.0,,0.0,,0.0,,0.0,,0.0,,0.0,,0.0,,6.3,,6.5,,7.9,,2.1,,0.6,,0.0,,0.0,
2005-03-09,1017.3,1018.4,1020.5,2005-03-09T00:10:00,1014.2,2005-03-09T16:49:00,21.0,24.6,2005-03-09T15:23:00,18.7,2005-03-09T06:13:00,14.7,68,58,2005-03-09T08:40:00,1.0,330,4.3,320,2005-03-09T08:26:00,-9.8,0.7,-9.8,2005-03-09T20:30:00,-9.8,2005-03-09T20:30:00,0.7,5.9,9.38,-2.5,21.2,20.8,20.7,20.8,20.4,20.7,,,,,,,9.8,,17.7,2005-03-09T14:38:00,,,,11.6,2005-03-09T01:01:00,,,,,,,1.53,2005-03-09T15:00:00,,,,,,,,,,,,,,81,2005-03-09T21:09:00,,,,,,1021.7,2005-03-09T00:10:00,,,,1015.3,2005-03-09T16:49:00,,,,,,,,,,,,,,,,,,,5.9,20.5,4.2,2005-03-09T14:00:00,,,,18.1,,,1,,1,,0,,0,,1,,0,,0,,0,,1,,1,,2,,1,,1,,0,,0,,0,,0,,0,,0,,0,,0,,0,,0,,0,,0,,0,,0,,0,,0,,0,,0,,1,,4,,6,,4,,0,,0,,0,,,100,,,2.4,2005-03-09T15:43:00,,,0.2,,0.8,,0.0,,0.0,,1.6,,0.0,,0.0,,0.0,,1.3,,1.5,,2.3,,1.7,,1.6,,0.0,,0.0,,0.0,,0.0,,0.0,,0.0,,0.0,,0.0,,0.0,,0.0,,0.0,,0.0,,0.0,,0.0,,0.0,,0.0,,0.0,,0.0,,1.1,,4.2,,4.7,,2.7,,0.0,,0.0,,0.0,
2005-03-10,1011.6,1012.7,1015.5,2005-03-10T00:01:00,1008.2,2005-03-10T18:03:00,22.9,26.2,2005-03-10T12:48:00,19.3,2005-03-10T03:43:00,17.7,73,65,2005-03-10T09:23:00,1.5,320,9.4,250,2005-03-10T20:45:00,0.0,0.0,0.0,,0.0,,6.8,57.6,18.16,3.0,24.4,23.6,22.9,22.2,20.8,21.2,,,,,,,5.9,,20.3,2005-03-10T12:48:00,,,,15.4,2005-03-10T07:40:00,,,,,,,3.0,2005-03-10T13:00:00,,,,,,,,,,,,,,84,2005-03-10T01:07:00,,,,,,1016.6,2005-03-10T00:01:00,,,,1009.3,2005-03-10T18:03:00,,,,,,,,,,,,,,,,,,,6.9,21.5,7.3,2005-03-10T13:00:00,,,,18.8,,,1,,0,,0,,0,,0,,0,,0,,0,,0,,0,,0,,0,,0,,0,,0,,0,,0,,2,,2,,1,,2,,0,,1,,1,,1,,1,,1,,0,,0,,0,,0,,3,,4,,2,,1,,0,,1,,0,,,220,,,3.5,2005-03-10T18:56:00,,,0.2,,0.0,,0.0,,0.0,,0.0,,0.0,,0.0,,0.0,,0.0,,0.0,,0.0,,0.0,,0.0,,0.0,,0.0,,0.0,,0.0,,2.0,,4.0,,2.6,,4.7,,0.0,,3.2,,2.4,,1.8,,2.3,,2.2,,0.0,,0.0,,0.0,,0.0,,2.8,,4.9,,1.1,,0.7,,0.0,,0.6,,0.0,
2005-03-11,1011.1,1012.2,1016.0,2005-03-11T23:43:00,1007.1,2005-03-11T02:24:00,23.1,27.9,2005-03-11T12:59:00,19.1,2005-03-11T23:36:00,18.5,75,63,2005-03-11T12:50:00,2.8,50,11.7,40,2005-03-11T21:04:00,1.0,1.3,0.5,2005-03-11T21:23:00,1.0,2005-03-11T21:10:00,4.0,33.8,13.92,-3.8,24.2,23.9,23.3,22.9,21.9,21.4,,,,,,,8.6,,21.0,2005-03-11T11:55:00,,,,15.8,2005-03-11T06:59:00,,,,,,,2.86,2005-03-11T13:00:00,,,,,,,,,,,,,,87,2005-03-11T22:36:00,,,,,,1017.2,2005-03-11T23:43:00,,,,1008.2,2005-03-11T02:24:00,,,,,,,,,,,,,,,,,,,8.8,22.4,5.6,2005-03-11T13:00:00,,,,16.0,,,0,,0,,2,,1,,3,,12,,0,,0,,0,,0,,0,,0,,0,,0,,0,,0,,0,,0,,0,,0,,0,,0,,0,,0,,0,,0,,0,,0,,0,,0,,1,,1,,0,,0,,2,,1,,1,,0,,,40,,,6.1,2005-03-11T21:04:00,,,0.0,,0.0,,4.2,,3.8,,8.1,,45.1,,0.0,,0.0,,0.0,,0.0,,0.0,,0.0,,0.0,,0.0,,0.0,,0.0,,0.0,,0.0,,0.0,,0.0,,0.0,,0.0,,0.0,,0.0,,0.0,,0.0,,0.0,,0.0,,0.0,,0.0,,0.7,,0.9,,0.0,,0.0,,2.3,,1.1,,0.9,,0.0,
2005-03-12,1017.1,1018.3,1020.7,2005-03-12T22:40:00,1014.9,2005-03-12T03:22:00,17.1,19.4,2005-03-12T00:07:00,13.4,2005-03-12T23:57:00,13.1,77,69,2005-03-12T14:27:00,1.3,340,10.2,30,2005-03-12T14:41:00,1.5,3.5,0.5,2005-03-12T19:02:00,1.0,2005-03-12T18:57:00,0.0,0.0,1.41,-0.8,19.1,19.3,19.9,21.7,22.2,21.7,,,,,,,10.0,,16.0,2005-03-12T00:01:00,,,,10.7,2005-03-12T23:46:00,,,,,,,0.44,2005-03-12T15:00:00,,,,,,,,,,,,,,88,2005-03-12T23:13:00,,,,,,1021.9,2005-03-12T22:40:00,,,,1016.1,2005-03-12T03:22:00,,,,,,,,,,,,,,,,,,,6.0,21.9,0.9,2005-03-12T15:00:00,,,,13.1,,,0,,0,,1,,0,,1,,0,,0,,0,,0,,0,,0,,0,,0,,0,,0,,0,,0,,0,,0,,0,,0,,0,,0,,0,,0,,0,,0,,0,,0,,0,,0,,0,,0,,8,,8,,5,,1,,0,,,30,,,4.4,2005-03-12T14:33:00,,,0.0,,0.0,,1.2,,0.0,,4.1,,0.0,,0.0,,0.0,,0.0,,0.0,,0.0,,0.0,,0.0,,0.0,,0.0,,0.0,,0.0,,0.0,,0.0,,0.0,,0.0,,0.0,,0.0,,0.0,,0.0,,0.0,,0.0,,0.0,,0.0,,0.0,,0.0,,0.0,,0.0,,8.4,,9.8,,6.0,,1.8,,0.0,
2005-03-13,1021.5,1022.7,1023.6,2005-03-13T21:29:00,1019.6,2005-03-13T03:26:00,14.1,17.0,2005-03-13T12:10:00,12.2,2005-03-13T06:05:00,9.8,75,64,2005-03-13T11:39:00,1.7,340,8.6,60,2005-03-13T12:38:00,2.5,3.8,0.3,2005-03-13T05:30:00,0.8,2005-03-13T05:10:00,0.0,0.0,5.2,-1.3,16.7,16.7,17.4,19.5,21.0,21.7,,,,,,,10.0,,10.9,2005-03-13T00:03:00,,,,8.3,2005-03-13T23:55:00,,,,,,,0.96,2005-03-13T11:00:00,,,,,,,,,,,,,,85,2005-03-13T00:03:00,,,,,,1024.8,2005-03-13T21:29:00,,,,1020.8,2005-03-13T03:26:00,,,,,,,,,,,,,,,,,,,4.8,20.1,2.8,2005-03-13T12:00:00,,,,15.1,,,0,,2,,1,,0,,2,,0,,0,,0,,0,,0,,0,,0,,0,,0,,0,,0,,0,,0,,0,,0,,0,,0,,0,,0,,0,,0,,0,,0,,0,,0,,0,,1,,3,,4,,6,,5,,0,,0,,,40,,,4.0,2005-03-13T12:46:00,,,0.0,,3.1,,1.6,,0.0,,6.7,,0.0,,0.0,,0.0,,0.0,,0.0,,0.0,,0.0,,0.0,,0.0,,0.0,,0.0,,0.0,,0.0,,0.0,,0.0,,0.0,,0.0,,0.0,,0.0,,0.0,,0.0,,0.0,,0.0,,0.0,,0.0,,0.0,,1.3,,4.9,,6.7,,9.1,,7.7,,0.0,,0.0,
2005-03-14,1020.9,1022.1,1023.3,2005-03-14T09:40:00,1018.5,2005-03-14T16:09:00,15.7,19.6,2005-03-14T10:31:00,12.0,2005-03-14T02:28:00,8.4,62,50,2005-03-14T10:25:00,1.9,330,8.1,60,2005-03-14T11:51:00,0.0,0.0,0.0,,0.0,,1.8,15.1,13.78,3.5,17.1,17.5,17.7,18.8,20.6,21.5,,,,,,,8.9,,9.9,2005-03-14T12:25:00,,,,6.1,2005-03-14T03:45:00,,,,,,,2.63,2005-03-14T12:00:00,,,,,,,,,,,,,,77,2005-03-14T01:17:00,,,,,,1024.5,2005-03-14T09:40:00,,,,1019.7,2005-03-14T16:09:00,,,,,,,,,,,,,,,,,,,7.6,19.2,5.9,2005-03-14T12:00:00,,,,17.3,,,0,,0,,0,,0,,1,,4,,2,,1,,0,,0,,0,,0,,0,,0,,0,,0,,0,,0,,0,,0,,0,,0,,0,,0,,0,,0,,0,,0,,0,,0,,0,,0,,3,,7,,6,,0,,0,,0,,,40,,,4.0,2005-03-14T12:07:00,,,0.0,,0.0,,0.0,,0.0,,2.7,,10.5,,5.1,,1.9,,0.0,,0.0,,0.0,,0.0,,0.0,,0.0,,0.0,,0.0,,0.0,,0.0,,0.0,,0.0,,0.0,,0.0,,0.0,,0.0,,0.0,,0.0,,0.0,,0.0,,0.0,,0.0,,0.0,,0.0,,4.8,,12.2,,8.6,,0.0,,0.0,,0.0,
2005-03-15,1019.0,1020.2,1021.2,2005-03-15T22:03:00,1017.0,2005-03-15T03:56:00,18.7,21.2,2005-03-15T12:56:00,15.6,2005-03-15T02:12:00,12.5,67,62,2005-03-15T01:02:00,1.3,340,6.9,340,2005-03-15T08:51:00,0.0,0.0,0.0,,0.0,,0.0,0.0,4.54,-1.4,18.3,18.3,18.0,18.9,19.9,21.2,,,,,,,9.5,,15.2,2005-03-15T17:29:00,,,,9.0,2005-03-15T01:02:00,,,,,,,1.03,2005-03-15T13:00:00,,,,,,,,,,,,,,75,2005-03-15T20:24:00,,,,,,1022.4,2005-03-15T22:03:00,,,,1018.2,2005-03-15T03:56:00,,,,,,,,,,,,,,,,,,,5.6,19.2,2.7,2005-03-15T13:00:00,,,,16.1,,,0,,1,,0,,1,,1,,2,,1,,0,,0,,0,,0,,0,,0,,0,,0,,0,,0,,0,,0,,0,,0,,0,,0,,0,,0,,0,,0,,0,,0,,0,,0,,0,,2,,4,,7,,4,,1,,0,,,40,,,3.0,2005-03-15T15:29:00,,,0.0,,0.7,,0.0,,2.5,,1.7,,3.5,,1.1,,0.0,,0.0,,0.0,,0.0,,0.0,,0.0,,0.0,,0.0,,0.0,,0.0,,0.0,,0.0,,0.0,,0.0,,0.0,,0.0,,0.0,,0.0,,0.0,,0.0,,0.0,,0.0,,0.0,,0.0,,0.0,,1.3,,5.3,,7.7,,5.2,,1.7,,0.0,
2005-03-16,1018.9,1020.0,1021.2,2005-03-16T08:44:00,1016.0,2005-03-16T16:26:00,22.4,26.4,2005-03-16T11:08:00,18.7,2005-03-16T04:10:00,17.1,72,59,2005-03-16T09:55:00,1.4,60,6.8,90,2005-03-16T11:12:00,0.2,0.3,0.2,2005-03-16T04:05:00,0.2,2005-03-16T04:05:00,5.0,41.9,19.62,4.5,23.4,23.6,22.3,21.1,19.9,20.8,,,,,,,8.1,,19.5,2005-03-16T11:12:00,,,,14.8,2005-03-16T00:01:00,,,,,,,3.32,2005-03-16T13:00:00,,,,,,,,,,,,,,84,2005-03-16T03:22:00,,,,,,1022.3,2005-03-16T07:52:00,,,,1017.1,2005-03-16T16:26:00,,,,,,,,,,,,,,,,,,,7.7,20.4,8.5,2005-03-16T13:00:00,,,,18.1,,,0,,0,,0,,1,,0,,2,,5,,0,,1,,0,,2,,2,,0,,0,,0,,0,,0,,0,,0,,0,,0,,0,,0,,0,,0,,0,,0,,0,,0,,0,,0,,2,,2,,2,,4,,0,,1,,0,,,110,,,4.3,2005-03-16T11:37:00,,,0.0,,0.0,,0.0,,0.7,,0.0,,4.3,,7.3,,0.0,,1.5,,0.0,,5.6,,6.0,,0.0,,0.0,,0.0,,0.0,,0.0,,0.0,,0.0,,0.0,,0.0,,0.0,,0.0,,0.0,,0.0,,0.0,,0.0,,0.0,,0.0,,0.0,,0.0,,1.7,,1.6,,1.2,,3.8,,0.0,,0.7,,0.0,
2005-03-17,1016.0,1017.1,1018.2,2005-03-17T00:01:00,1013.7,2005-03-17T14:28:00,23.5,27.3,2005-03-17T12:43:00,20.4,2005-03-17T05:26:00,18.2,72,61,2005-03-17T12:11:00,1.6,310,7.6,10,2005-03-17T23:59:59,0.0,0.0,0.0,,0.0,,7.3,61.0,20.43,4.9,25.3,25.3,24.3,23.3,21.3,21.1,,,,,,,7.3,,20.2,2005-03-17T13:36:00,,,,16.3,2005-03-17T07:02:00,,,,,,,3.32,2005-03-17T12:00:00,,,,,,,,,,,,,,82,2005-03-17T23:59:59,,,,,,1019.3,2005-03-17T00:01:00,,,,1014.8,2005-03-17T14:28:00,,,,,,,,,,,,,,,,,,,6.9,22.3,7.5,2005-03-17T13:00:00,,,,18.1,,,0,,1,,1,,2,,1,,0,,1,,1,,1,,1,,2,,3,,0,,0,,0,,0,,0,,0,,0,,0,,0,,0,,0,,0,,0,,0,,0,,0,,0,,0,,1,,4,,3,,0,,1,,1,,0,,0,,,40,,,3.5,2005-03-17T23:50:00,,,0.0,,0.7,,1.4,,3.0,,3.4,,0.0,,0.9,,1.5,,1.4,,2.5,,5.8,,7.1,,0.0,,0.0,,0.0,,0.0,,0.0,,0.0,,0.0,,0.0,,0.0,,0.0,,0.0,,0.0,,0.0,,0.0,,0.0,,0.0,,0.0,,0.0,,0.6,,5.1,,3.0,,0.0,,0.8,,0.3,,0.0,,0.0,
2005-03-18,1021.0,1022.2,1024.3,2005-03-18T21:39:00,1017.0,2005-03-18T02:57:00,18.8,22.4,2005-03-18T00:01:00,15.9,2005-03-18T22:40:00,13.0,69,61,2005-03-18T09:01:00,3.9,40,15.8,30,2005-03-18T06:16:00,0.0,0.0,0.0,,0.0,,0.0,0.0,1.92,2.7,20.1,20.3,20.7,22.4,22.6,21.7,,,,,,,9.8,,19.1,2005-03-18T00:01:00,,,,9.5,2005-03-18T23:50:00,,,,,,,0.6,2005-03-18T14:00:00,,,,,,,,,,,,,,82,2005-03-18T00:01:00,,,,,,1025.5,2005-03-18T21:39:00,,,,1018.1,2005-03-18T02:57:00,,,,,,,,,,,,,,,,,,,6.5,22.4,1.6,2005-03-18T14:00:00,,,,16.0,,,0,,1,,4,,0,,9,,3,,0,,0,,0,,0,,0,,0,,0,,0,,0,,0,,0,,0,,0,,0,,0,,0,,0,,0,,0,,0,,0,,0,,0,,0,,0,,0,,0,,3,,1,,2,,1,,0,,,40,,,7.3,2005-03-18T03:35:00,,,0.0,,1.5,,8.7,,0.0,,53.2,,19.5,,0.0,,0.0,,0.0,,0.0,,0.0,,0.0,,0.0,,0.0,,0.0,,0.0,,0.0,,0.0,,0.0,,0.0,,0.0,,0.0,,0.0,,0.0,,0.0,,0.0,,0.0,,0.0,,0.0,,0.0,,0.0,,0.0,,0.0,,3.8,,1.8,,4.5,,1.4,,0.0,
2005-03-19,1021.5,1022.7,1023.7,2005-03-19T09:37:00,1019.6,2005-03-19T15:51:00,17.7,20.2,2005-03-19T15:09:00,15.6,2005-03-19T05:37:00,10.9,64,59,2005-03-19T11:37:00,1.6,330,8.9,20,2005-03-19T15:10:00,0.0,0.0,0.0,,0.0,,0.0,0.0,5.36,2.9,18.4,18.5,18.6,20.1,21.6,21.8,,,,,,,10.0,,12.4,2005-03-19T15:11:00,,,,8.9,2005-03-19T02:22:00,,,,,,,0.87,2005-03-19T16:00:00,,,,,,,,,,,,,,69,2005-03-19T05:38:00,,,,,,1024.9,2005-03-19T09:37:00,,,,1020.8,2005-03-19T15:51:00,,,,,,,,,,,,,,,,,,,4.6,20.7,2.5,2005-03-19T13:00:00,,,,16.9,,,0,,1,,1,,1,,1,,3,,0,,0,,0,,0,,0,,0,,0,,0,,0,,0,,0,,0,,0,,0,,0,,0,,0,,0,,0,,0,,0,,0,,0,,0,,0,,0,,2,,9,,5,,1,,0,,0,,,40,,,3.9,2005-03-19T16:12:00,,,0.0,,0.8,,1.8,,1.5,,3.2,,9.2,,0.0,,0.0,,0.0,,0.0,,0.0,,0.0,,0.0,,0.0,,0.0,,0.0,,0.0,,0.0,,0.0,,0.0,,0.0,,0.0,,0.0,,0.0,,0.0,,0.0,,0.0,,0.0,,0.0,,0.0,,0.0,,0.0,,1.7,,13.4,,6.2,,1.2,,0.0,,0.0,
2005-03-20,1018.1,1019.2,1020.2,2005-03-20T00:01:00,1015.9,2005-03-20T15:12:00,21.4,25.8,2005-03-20T14:17:00,17.3,2005-03-20T06:47:00,14.7,66,53,2005-03-20T09:00:00,1.6,330,6.9,100,2005-03-20T11:55:00,0.0,0.0,0.0,,0.0,,9.0,74.8,23.63,4.0,22.9,23.0,22.1,21.6,20.8,21.6,,,,,,,6.9,,17.8,2005-03-20T14:32:00,,,,11.0,2005-03-20T06:31:00,,,,,,,3.56,2005-03-20T13:00:00,,,,,,,,,,,,,,76,2005-03-20T21:51:00,,,,,,1021.4,2005-03-20T00:01:00,,,,1017.0,2005-03-20T15:12:00,,,,,,,,,,,,,,,,,,,8.5,21.1,8.8,2005-03-20T13:00:00,,,,19.4,,,0,,1,,1,,1,,0,,0,,2,,4,,1,,1,,1,,0,,0,,0,,0,,0,,0,,0,,0,,0,,0,,0,,0,,0,,0,,0,,0,,0,,0,,0,,0,,0,,4,,5,,3,,0,,0,,0,,,90,,,3.5,2005-03-20T11:58:00,,,0.0,,0.8,,1.7,,1.4,,0.0,,0.0,,3.8,,9.3,,2.3,,3.4,,2.7,,0.0,,0.0,,0.0,,0.0,,0.0,,0.0,,0.0,,0.0,,0.0,,0.0,,0.0,,0.0,,0.0,,0.0,,0.0,,0.0,,0.0,,0.0,,0.0,,0.0,,0.0,,4.2,,5.5,,2.8,,0.0,,0.0,,0.0,
2005-03-21,1015.6,1016.7,1018.6,2005-03-21T00:02:00,1013.0,2005-03-21T15:58:00,22.7,27.0,2005-03-21T13:18:00,20.7,2005-03-21T02:23:00,17.1,71,59,2005-03-21T13:17:00,1.4,330,6.7,90,2005-03-21T12:04:00,0.0,0.0,0.0,,0.0,,3.4,28.2,14.87,3.4,24.1,24.5,23.7,23.1,21.8,21.3,,,,,,,8.8,,19.1,2005-03-21T10:28:00,,,,15.2,2005-03-21T07:40:00,,,,,,,3.6,2005-03-21T12:00:00,,,,,,,,,,,,,,80,2005-03-21T18:31:00,,,,,,1019.7,2005-03-21T00:02:00,,,,1014.1,2005-03-21T15:58:00,,,,,,,,,,,,,,,,,,,6.3,22.4,9.1,2005-03-21T13:00:00,,,,18.9,,,0,,0,,0,,0,,0,,0,,1,,1,,1,,0,,1,,0,,2,,1,,0,,0,,0,,0,,0,,0,,0,,0,,0,,0,,0,,0,,0,,0,,0,,0,,0,,4,,3,,7,,3,,0,,0,,0,,,110,,,3.5,2005-03-21T11:58:00,,,0.0,,0.0,,0.0,,0.0,,0.0,,0.0,,2.4,,1.9,,0.4,,0.0,,3.4,,0.0,,5.3,,1.4,,0.0,,0.0,,0.0,,0.0,,0.0,,0.0,,0.0,,0.0,,0.0,,0.0,,0.0,,0.0,,0.0,,0.0,,0.0,,0.0,,0.0,,6.3,,2.6,,7.1,,2.8,,0.0,,0.0,,0.0,
2005-03-22,1010.4,1011.5,1013.2,2005-03-22T00:01:00,1007.7,2005-03-22T23:56:00,23.5,25.7,2005-03-22T11:54:00,21.5,2005-03-22T04:46:00,19.3,78,67,2005-03-22T10:07:00,0.7,330,8.0,190,2005-03-22T20:14:00,0.0,0.0,0.0,,0.0,,0.1,0.8,5.68,1.4,24.0,23.8,23.4,23.2,22.6,21.7,,,,,,,9.1,,23.1,2005-03-22T21:11:00,,,,16.1,2005-03-22T05:54:00,,,,,,,1.55,2005-03-22T12:00:00,,,,,,,,,,,,,,90,2005-03-22T23:02:00,,,,,,1014.3,2005-03-22T00:01:00,,,,1008.8,2005-03-22T23:56:00,,,,,,,,,,,,,,,,,,,4.2,22.9,5.1,2005-03-22T12:00:00,,,,16.0,,,4,,0,,0,,0,,0,,1,,1,,0,,0,,0,,1,,1,,0,,2,,0,,1,,0,,0,,2,,0,,0,,0,,1,,0,,0,,0,,0,,0,,0,,0,,0,,2,,3,,4,,1,,0,,0,,0,,,200,,,3.4,2005-03-22T20:22:00,,,0.5,,0.0,,0.0,,0.0,,0.0,,0.9,,0.6,,0.0,,0.0,,0.0,,1.6,,1.4,,0.0,,0.8,,0.0,,0.8,,0.0,,0.0,,3.2,,0.0,,0.0,,0.0,,1.2,,0.0,,0.0,,0.0,,0.0,,0.0,,0.0,,0.0,,0.0,,1.6,,2.4,,2.4,,0.5,,0.0,,0.0,,0.0,
2005-03-23,1012.6,1013.7,1018.9,2005-03-23T22:18:00,1005.9,2005-03-23T03:34:00,20.9,25.9,2005-03-23T08:44:00,17.1,2005-03-23T21:53:00,17.1,79,71,2005-03-23T19:51:00,3.3,50,16.8,30,2005-03-23T09:51:00,0.0,0.0,0.0,,0.0,,2.5,20.7,9.2,3.4,22.0,22.5,22.5,23.3,23.0,22.3,,,,,,,7.9,,22.3,2005-03-23T07:58:00,,,,12.8,2005-03-23T19:52:00,,,,,,,2.15,2005-03-23T10:00:00,,,,,,,,,,,,,,89,2005-03-23T00:01:00,,,,,,1020.1,2005-03-23T22:18:00,,,,1007.0,2005-03-23T03:34:00,,,,,,,,,,,,,,,,,,,8.8,23.1,4.8,2005-03-23T12:00:00,,,,14.9,,,0,,0,,0,,3,,4,,7,,0,,1,,0,,0,,0,,0,,0,,0,,0,,0,,0,,0,,0,,0,,0,,0,,0,,0,,0,,0,,0,,0,,1,,1,,1,,1,,1,,3,,1,,0,,0,,0,,,50,,,8.4,2005-03-23T11:37:00,,,0.0,,0.0,,0.0,,7.0,,19.8,,41.7,,0.0,,0.8,,0.0,,0.0,,0.0,,0.0,,0.0,,0.0,,0.0,,0.0,,0.0,,0.0,,0.0,,0.0,,0.0,,0.0,,0.0,,0.0,,0.0,,0.0,,0.0,,0.0,,1.5,,0.3,,1.3,,1.7,,0.6,,3.8,,1.1,,0.0,,0.0,,0.0,
2005-03-24,1019.9,1021.1,1023.0,2005-03-24T22:22:00,1016.8,2005-03-24T02:44:00,17.9,20.0,2005-03-24T11:16:00,16.8,2005-03-24T04:46:00,11.6,67,52,2005-03-24T20:13:00,1.7,330,10.1,50,2005-03-24T23:26:00,0.0,0.0,0.0,,0.0,,0.0,0.0,4.58,2.7,19.3,19.8,19.9,21.6,22.3,22.2,,,,,,,10.0,,13.2,2005-03-24T10:57:00,,,,8.8,2005-03-24T20:13:00,,,,,,,0.81,2005-03-24T11:00:00,,,,,,,,,,,,,,77,2005-03-24T00:01:00,,,,,,1024.2,2005-03-24T22:22:00,,,,1018.0,2005-03-24T02:44:00,,,,,,,,,,,,,,,,,,,3.2,21.9,2.4,2005-03-24T12:00:00,,,,15.8,,,0,,0,,1,,0,,1,,0,,0,,0,,0,,0,,0,,0,,0,,0,,0,,0,,0,,0,,0,,0,,0,,0,,0,,0,,0,,0,,0,,0,,0,,0,,0,,0,,1,,10,,2,,6,,3,,0,,,40,,,4.9,2005-03-24T23:53:00,,,0.0,,0.0,,2.3,,0.0,,4.4,,0.0,,0.0,,0.0,,0.0,,0.0,,0.0,,0.0,,0.0,,0.0,,0.0,,0.0,,0.0,,0.0,,0.0,,0.0,,0.0,,0.0,,0.0,,0.0,,0.0,,0.0,,0.0,,0.0,,0.0,,0.0,,0.0,,0.0,,1.4,,14.1,,2.3,,10.4,,6.0,,0.0,
2005-03-25,1021.7,1022.9,1023.8,2005-03-25T09:17:00,1020.3,2005-03-25T15:13:00,17.3,19.9,2005-03-25T12:36:00,15.7,2005-03-25T03:35:00,10.4,64,55,2005-03-25T11:40:00,1.7,340,9.2,60,2005-03-25T00:05:00,0.0,0.0,0.0,,0.0,,0.0,0.0,5.47,2.0,17.9,18.7,19.0,20.6,21.6,22.1,,,,,,,10.0,,11.4,2005-03-25T00:35:00,,,,9.7,2005-03-25T18:13:00,,,,,,,0.95,2005-03-25T13:00:00,,,,,,,,,,,,,,74,2005-03-25T00:58:00,,,,,,1025.0,2005-03-25T09:17:00,,,,1021.5,2005-03-25T15:13:00,,,,,,,,,,,,,,,,,,,4.2,20.9,2.7,2005-03-25T13:00:00,,,,16.1,,,0,,0,,1,,1,,2,,0,,0,,0,,0,,0,,0,,0,,0,,0,,0,,0,,0,,0,,0,,0,,0,,0,,0,,0,,0,,0,,0,,0,,0,,0,,0,,0,,1,,8,,9,,1,,1,,0,,,30,,,4.6,2005-03-25T00:06:00,,,0.0,,0.0,,2.2,,2.7,,7.4,,0.0,,0.0,,0.0,,0.0,,0.0,,0.0,,0.0,,0.0,,0.0,,0.0,,0.0,,0.0,,0.0,,0.0,,0.0,,0.0,,0.0,,0.0,,0.0,,0.0,,0.0,,0.0,,0.0,,0.0,,0.0,,0.0,,0.0,,1.5,,12.2,,13.1,,1.2,,1.3,,0.0,
2005-03-26,1018.0,1019.2,1021.5,2005-03-26T00:01:00,1016.0,2005-03-26T15:34:00,20.6,24.7,2005-03-26T12:10:00,16.8,2005-03-26T00:01:00,12.7,61,50,2005-03-26T11:39:00,1.6,320,6.0,100,2005-03-26T12:31:00,0.0,0.0,0.0,,0.0,,0.6,4.9,13.49,3.9,21.0,21.0,20.6,20.9,21.1,21.7,,,,,,,10.0,,14.7,2005-03-26T18:52:00,,,,10.0,2005-03-26T00:43:00,,,,,,,2.43,2005-03-26T11:00:00,,,,,,,,,,,,,,69,2005-03-26T23:21:00,,,,,,1022.7,2005-03-26T00:01:00,,,,1017.1,2005-03-26T15:34:00,,,,,,,,,,,,,,,,,,,7.9,20.7,6.0,2005-03-26T12:00:00,,,,16.6,,,0,,0,,2,,0,,0,,2,,1,,4,,1,,0,,1,,0,,0,,0,,0,,0,,0,,0,,0,,0,,0,,0,,0,,0,,0,,0,,0,,0,,0,,0,,0,,3,,6,,2,,1,,1,,0,,0,,,100,,,3.3,2005-03-26T12:00:00,,,0.0,,0.0,,3.1,,0.0,,0.0,,3.2,,1.4,,8.2,,2.3,,0.0,,3.3,,0.0,,0.0,,0.0,,0.0,,0.0,,0.0,,0.0,,0.0,,0.0,,0.0,,0.0,,0.0,,0.0,,0.0,,0.0,,0.0,,0.0,,0.0,,0.0,,0.0,,4.9,,6.1,,2.9,,0.9,,1.3,,0.0,,0.0,
2005-03-27,1013.0,1014.1,1016.7,2005-03-27T00:01:00,1010.2,2005-03-27T16:19:00,24.2,28.1,2005-03-27T13:50:00,19.9,2005-03-27T02:22:00,18.7,72,59,2005-03-27T08:24:00,1.5,340,7.8,190,2005-03-27T14:51:00,0.0,0.0,0.0,,0.0,,6.7,54.9,20.8,4.0,25.4,24.6,23.7,22.8,21.9,21.7,,,,,,,7.5,,23.3,2005-03-27T20:37:00,,,,13.9,2005-03-27T05:58:00,,,,,,,3.62,2005-03-27T12:00:00,,,,,,,,,,,,,,86,2005-03-27T19:19:00,,,,,,1017.8,2005-03-27T00:01:00,,,,1011.3,2005-03-27T16:19:00,,,,,,,,,,,,,,,,,,,8.2,22.0,9.8,2005-03-27T12:00:00,,,,17.5,,,0,,0,,0,,0,,0,,0,,0,,0,,0,,0,,0,,0,,0,,0,,1,,1,,0,,0,,1,,0,,3,,3,,2,,0,,0,,0,,1,,1,,2,,0,,0,,1,,2,,2,,4,,0,,0,,0,,,220,,,3.5,2005-03-27T19:46:00,,,0.0,,0.0,,0.0,,0.0,,0.0,,0.0,,0.0,,0.0,,0.0,,0.0,,0.0,,0.0,,0.0,,0.0,,1.7,,1.0,,0.0,,0.0,,2.6,,0.0,,7.1,,7.8,,3.8,,0.0,,0.0,,0.0,,0.6,,1.2,,2.2,,0.0,,0.0,,1.5,,1.8,,1.8,,3.3,,0.0,,0.0,,0.0,
2005-03-28,1011.0,1012.1,1013.9,2005-03-28T22:35:00,1009.3,2005-03-28T04:59:00,25.2,30.5,2005-03-28T11:30:00,22.2,2005-03-28T05:04:00,20.6,76,59,2005-03-28T11:28:00,2.3,50,10.7,20,2005-03-28T13:39:00,0.0,0.0,0.0,,0.0,,6.5,53.2,19.64,4.0,27.1,26.3,25.5,24.5,22.8,21.8,,,,,,,5.1,,23.1,2005-03-28T11:54:00,,,,18.6,2005-03-28T05:56:00,,,,,,,4.08,2005-03-28T14:00:00,,,,,,,,,,,,,,82,2005-03-28T04:40:00,,,,,,1015.0,2005-03-28T22:35:00,,,,1010.4,2005-03-28T04:59:00,,,,,,,,,,,,,,,,,,,8.3,23.9,9.6,2005-03-28T13:00:00,,,,18.8,,,0,,0,,0,,2,,3,,5,,2,,1,,0,,1,,0,,0,,0,,1,,0,,0,,0,,0,,0,,0,,0,,0,,0,,0,,1,,0,,0,,0,,0,,1,,1,,1,,1,,4,,0,,0,,0,,0,,,60,,,5.1,2005-03-28T14:05:00,,,0.0,,0.0,,0.0,,5.8,,9.5,,15.8,,7.8,,3.0,,0.0,,2.2,,0.0,,0.0,,0.0,,2.6,,0.0,,0.0,,0.0,,0.0,,0.0,,0.0,,0.0,,0.0,,0.0,,0.0,,0.7,,0.0,,0.0,,0.0,,0.0,,1.0,,0.7,,0.9,,0.9,,4.2,,0.0,,0.0,,0.0,,0.0,
2005-03-29,1012.0,1013.1,1015.0,2005-03-29T23:22:00,1008.6,2005-03-29T15:28:00,23.7,28.2,2005-03-29T12:06:00,19.2,2005-03-29T22:52:00,19.8,79,68,2005-03-29T12:05:00,2.5,60,13.8,20,2005-03-29T20:55:00,25.5,1.8,7.0,2005-03-29T21:00:00,23.5,2005-03-29T20:49:00,3.6,29.4,15.36,-1.5,25.1,25.6,25.4,25.2,23.6,22.2,,,,,,,9.3,,22.1,2005-03-29T10:55:00,,,,16.5,2005-03-29T23:49:00,,,,,,,3.35,2005-03-29T12:00:00,,,,,,,,,,,,,,100,2005-03-29T21:03:00,,,,,,1016.2,2005-03-29T23:22:00,,,,1009.7,2005-03-29T15:28:00,,,,,,,,,,,,,,,,,,,9.0,24.5,9.5,2005-03-29T12:00:00,,,,16.0,,,3,,0,,0,,1,,4,,3,,5,,1,,1,,0,,0,,0,,1,,0,,0,,0,,0,,0,,0,,0,,0,,0,,0,,0,,0,,0,,0,,0,,0,,0,,0,,0,,1,,0,,2,,2,,0,,0,,,40,,,6.3,2005-03-29T20:56:00,,,0.4,,0.0,,0.0,,5.1,,16.2,,12.6,,16.1,,2.5,,1.8,,0.0,,0.0,,0.0,,0.8,,0.0,,0.0,,0.0,,0.0,,0.0,,0.0,,0.0,,0.0,,0.0,,0.0,,0.0,,0.0,,0.0,,0.0,,0.0,,0.0,,0.0,,0.0,,0.0,,0.8,,0.0,,1.3,,2.4,,0.0,,0.0,
2005-03-30,1013.6,1014.7,1016.0,2005-03-30T08:08:00,1011.4,2005-03-30T15:38:00,19.5,22.0,2005-03-30T12:37:00,18.1,2005-03-30T21:33:00,15.4,78,68,2005-03-30T13:22:00,1.3,340,6.2,60,2005-03-30T12:13:00,-9.8,1.5,-9.8,2005-03-30T19:48:00,-9.8,2005-03-30T19:48:00,0.0,0.0,4.62,-3.3,21.8,21.7,22.0,23.3,23.6,22.7,,,,,,,9.9,,16.8,2005-03-30T00:11:00,,,,14.5,2005-03-30T05:50:00,,,,,,,0.88,2005-03-30T13:00:00,,,,,,,,,,,,,,88,2005-03-30T19:14:00,,,,,,1017.2,2005-03-30T08:08:00,,,,1012.5,2005-03-30T15:38:00,,,,,,,,,,,,,,,,,,,3.9,23.5,2.7,2005-03-30T13:00:00,,,,15.1,,,0,,2,,0,,0,,2,,1,,0,,0,,0,,0,,0,,0,,0,,0,,0,,0,,0,,0,,0,,0,,0,,0,,0,,0,,0,,0,,0,,0,,0,,0,,0,,0,,3,,6,,9,,1,,0,,0,,,30,,,3.3,2005-03-30T13:36:00,,,0.0,,2.9,,0.0,,0.0,,5.0,,2.7,,0.0,,0.0,,0.0,,0.0,,0.0,,0.0,,0.0,,0.0,,0.0,,0.0,,0.0,,0.0,,0.0,,0.0,,0.0,,0.0,,0.0,,0.0,,0.0,,0.0,,0.0,,0.0,,0.0,,0.0,,0.0,,0.0,,3.2,,7.2,,8.6,,1.8,,0.0,,0.0,
2005-03-31,1011.8,1012.9,1013.9,2005-03-31T08:28:00,1009.9,2005-03-31T14:22:00,20.3,24.5,2005-03-31T14:00:00,17.1,2005-03-31T04:59:00,17.3,83,69,2005-03-31T14:16:00,1.3,350,6.3,70,2005-03-31T14:09:00,15.5,9.7,1.8,2005-03-31T08:40:00,5.0,2005-03-31T07:41:00,1.3,10.6,11.09,-1.0,22.2,22.1,22.1,22.6,22.6,22.8,,,,,,,9.5,,19.8,2005-03-31T11:55:00,,,,15.1,2005-03-31T00:01:00,,,,,,,2.12,2005-03-31T13:00:00,,,,,,,,,,,,,,100,2005-03-31T07:55:00,,,,,,1015.1,2005-03-31T08:28:00,,,,1011.0,2005-03-31T14:22:00,,,,,,,,,,,,,,,,,,,7.4,22.5,6.6,2005-03-31T13:00:00,,,,14.5,,,0,,2,,1,,1,,1,,1,,4,,1,,0,,0,,0,,0,,0,,0,,0,,0,,0,,0,,0,,0,,0,,0,,0,,0,,0,,0,,0,,0,,0,,0,,0,,0,,2,,0,,1,,6,,4,,0,,,60,,,3.4,2005-03-31T14:15:00,,,0.0,,2.0,,0.4,,0.3,,3.1,,2.7,,9.2,,0.8,,0.0,,0.0,,0.0,,0.0,,0.0,,0.0,,0.0,,0.0,,0.0,,0.0,,0.0,,0.0,,0.0,,0.0,,0.0,,0.0,,0.0,,0.0,,0.0,,0.0,,0.0,,0.0,,0.0,,0.0,,1.7,,0.0,,0.3,,6.2,,4.1,,0.0,
2005-04-01,1010.7,1011.8,1012.6,2005-04-01T08:19:00,1008.7,2005-04-01T15:08:00,23.5,27.0,2005-04-01T12:49:00,20.5,2005-04-01T00:02:00,19.2,77,67,2005-04-01T12:44:00,1.2,330,5.5,60,2005-04-01T15:07:00,0.0,0.0,0.0,,0.0,,6.2,50.4,17.45,2.7,25.0,24.8,24.2,23.6,23.1,22.7,,,,,,,7.6,,21.1,2005-04-01T15:04:00,,,,17.2,2005-04-01T05:45:00,,,,,,,3.6,2005-04-01T13:00:00,,,,,,,,,,,,,,85,2005-04-01T00:04:00,,,,,,1013.7,2005-04-01T08:19:00,,,,1009.8,2005-04-01T15:08:00,,,,,,,,,,,,,,,,,,,6.5,23.1,9.3,2005-04-01T13:00:00,,,,18.8,,,1,,0,,0,,1,,1,,0,,0,,2,,2,,0,,1,,3,,0,,0,,0,,0,,0,,0,,0,,0,,0,,0,,0,,0,,0,,0,,0,,0,,0,,0,,0,,1,,1,,7,,2,,2,,0,,0,,,70,,,2.9,2005-04-01T15:09:00,,,0.0,,0.0,,0.0,,1.3,,1.8,,0.0,,0.0,,3.1,,4.7,,0.0,,1.8,,6.1,,0.0,,0.0,,0.0,,0.0,,0.0,,0.0,,0.0,,0.0,,0.0,,0.0,,0.0,,0.0,,0.0,,0.0,,0.0,,0.0,,0.0,,0.0,,0.0,,1.2,,0.6,,5.8,,1.0,,1.6,,0.0,,0.0,
2005-04-02,1010.3,1011.4,1013.7,2005-04-02T22:26:00,1008.1,2005-04-02T03:36:00,23.5,27.5,2005-04-02T12:07:00,21.0,2005-04-02T23:56:00,19.6,79,67,2005-04-02T10:33:00,2.4,50,12.8,50,2005-04-02T19:17:00,0.0,0.0,0.0,,0.0,,0.9,7.3,11.75,4.2,24.7,24.6,24.6,24.5,23.5,22.6,,,,,,,9.3,,21.8,2005-04-02T11:54:00,,,,16.7,2005-04-02T23:17:00,,,,,,,2.58,2005-04-02T12:00:00,,,,,,,,,,,,,,88,2005-04-02T17:41:00,,,,,,1014.8,2005-04-02T22:26:00,,,,1009.2,2005-04-02T03:36:00,,,,,,,,,,,,,,,,,,,6.5,24.1,7.2,2005-04-02T12:00:00,,,,17.5,,,0,,0,,0,,1,,1,,7,,2,,3,,1,,0,,0,,0,,0,,0,,0,,0,,0,,0,,0,,0,,0,,0,,0,,0,,0,,0,,0,,0,,0,,0,,1,,2,,3,,1,,2,,0,,0,,0,,,40,,,5.2,2005-04-02T19:34:00,,,0.0,,0.0,,0.0,,3.7,,4.3,,27.9,,6.8,,5.1,,1.7,,0.0,,0.0,,0.0,,0.0,,0.0,,0.0,,0.0,,0.0,,0.0,,0.0,,0.0,,0.0,,0.0,,0.0,,0.0,,0.0,,0.0,,0.0,,0.0,,0.0,,0.0,,1.0,,1.8,,2.3,,1.8,,1.1,,0.0,,0.0,,0.0,
2005-04-03,1016.7,1017.8,1021.0,2005-04-03T21:57:00,1013.1,2005-04-03T01:50:00,22.2,25.8,2005-04-03T10:24:00,20.1,2005-04-03T05:11:00,15.1,65,46,2005-04-03T10:47:00,2.8,50,13.0,60,2005-04-03T16:36:00,0.0,0.0,0.0,,0.0,,1.8,14.6,15.02,4.9,23.2,22.9,23.2,24.2,23.8,22.7,,,,,,,10.0,,17.7,2005-04-03T00:16:00,,,,13.1,2005-04-03T10:47:00,,,,,,,2.81,2005-04-03T11:00:00,,,,,,,,,,,,,,82,2005-04-03T00:09:00,,,,,,1022.2,2005-04-03T21:57:00,,,,1014.2,2005-04-03T01:50:00,,,,,,,,,,,,,,,,,,,5.7,24.2,6.3,2005-04-03T11:00:00,,,,16.9,,,0,,2,,1,,1,,3,,6,,0,,0,,0,,0,,0,,0,,0,,0,,0,,0,,0,,0,,0,,0,,0,,0,,0,,0,,0,,0,,0,,0,,0,,0,,0,,0,,0,,2,,5,,4,,0,,0,,,50,,,5.9,2005-04-03T16:53:00,,,0.0,,3.0,,2.5,,3.4,,13.8,,30.0,,0.0,,0.0,,0.0,,0.0,,0.0,,0.0,,0.0,,0.0,,0.0,,0.0,,0.0,,0.0,,0.0,,0.0,,0.0,,0.0,,0.0,,0.0,,0.0,,0.0,,0.0,,0.0,,0.0,,0.0,,0.0,,0.0,,0.0,,3.6,,5.4,,5.2,,0.0,,0.0,
2005-04-04,1021.2,1022.3,1023.4,2005-04-04T09:33:00,1019.3,2005-04-04T03:07:00,21.1,24.5,2005-04-04T11:31:00,18.4,2005-04-04T05:53:00,13.1,61,52,2005-04-04T11:33:00,2.6,50,11.2,30,2005-04-04T12:53:00,0.0,0.0,0.0,,0.0,,3.5,28.3,17.19,5.0,22.4,22.0,22.4,23.3,23.4,23.2,,,,,,,8.8,,14.5,2005-04-04T10:43:00,,,,12.3,2005-04-04T04:39:00,,,,,,,3.6,2005-04-04T12:00:00,,,,,,,,,,,,,,70,2005-04-04T05:51:00,,,,,,1024.5,2005-04-04T09:33:00,,,,1020.5,2005-04-04T03:07:00,,,,,,,,,,,,,,,,,,,6.1,23.2,8.7,2005-04-04T12:00:00,,,,17.9,,,0,,1,,1,,1,,2,,8,,1,,0,,0,,0,,0,,0,,0,,0,,0,,0,,0,,0,,0,,0,,0,,0,,0,,0,,0,,0,,0,,0,,0,,0,,0,,0,,0,,3,,3,,2,,2,,0,,,50,,,5.3,2005-04-04T09:25:00,,,0.0,,1.4,,1.8,,3.0,,8.0,,31.8,,3.0,,0.0,,0.0,,0.0,,0.0,,0.0,,0.0,,0.0,,0.0,,0.0,,0.0,,0.0,,0.0,,0.0,,0.0,,0.0,,0.0,,0.0,,0.0,,0.0,,0.0,,0.0,,0.0,,0.0,,0.0,,0.0,,0.0,,4.0,,4.0,,2.4,,3.6,,0.0,
2005-04-05,1019.7,1020.8,1021.7,2005-04-05T09:03:00,1018.0,2005-04-05T16:44:00,21.4,25.5,2005-04-05T13:20:00,17.5,2005-04-05T05:37:00,13.1,59,48,2005-04-05T15:15:00,1.9,330,8.6,100,2005-04-05T11:16:00,0.0,0.0,0.0,,0.0,,10.5,84.7,25.62,6.4,23.6,23.2,23.3,23.4,23.1,22.9,,,,,,,6.1,,14.7,2005-04-05T09:34:00,,,,11.7,2005-04-05T06:15:00,,,,,,,3.63,2005-04-05T13:00:00,,,,,,,,,,,,,,73,2005-04-05T04:39:00,,,,,,1022.8,2005-04-05T08:07:00,,,,1019.1,2005-04-05T16:44:00,,,,,,,,,,,,,,,,,,,8.0,23.1,9.8,2005-04-05T13:00:00,,,,18.1,,,0,,0,,1,,0,,0,,2,,2,,1,,2,,2,,1,,0,,0,,0,,0,,0,,0,,0,,0,,0,,0,,0,,0,,0,,0,,0,,0,,0,,0,,0,,0,,3,,1,,4,,3,,2,,0,,0,,,100,,,3.9,2005-04-05T11:24:00,,,0.0,,0.0,,1.2,,0.0,,0.0,,4.5,,2.8,,2.2,,6.5,,5.6,,3.1,,0.0,,0.0,,0.0,,0.0,,0.0,,0.0,,0.0,,0.0,,0.0,,0.0,,0.0,,0.0,,0.0,,0.0,,0.0,,0.0,,0.0,,0.0,,0.0,,0.0,,5.7,,1.1,,6.1,,4.4,,1.6,,0.0,,0.0,
2005-04-06,1014.3,1015.4,1018.3,2005-04-06T00:01:00,1011.4,2005-04-06T16:05:00,22.6,26.9,2005-04-06T13:59:00,18.1,2005-04-06T04:16:00,15.1,63,48,2005-04-06T08:32:00,1.4,310,5.3,180,2005-04-06T11:21:00,0.0,0.0,0.0,,0.0,,2.7,21.7,14.0,1.9,23.6,23.1,23.1,23.6,23.2,22.7,,,,,,,6.5,,18.9,2005-04-06T14:00:00,,,,9.5,2005-04-06T04:52:00,,,,,,,2.27,2005-04-06T13:00:00,,,,,,,,,,,,,,77,2005-04-06T19:31:00,,,,,,1019.5,2005-04-06T00:01:00,,,,1012.5,2005-04-06T16:05:00,,,,,,,,,,,,,,,,,,,8.8,23.5,5.9,2005-04-06T13:00:00,,,,19.1,,,0,,0,,0,,0,,1,,1,,0,,1,,0,,0,,1,,0,,0,,0,,0,,4,,0,,1,,1,,0,,0,,0,,0,,0,,0,,0,,0,,0,,0,,1,,0,,5,,5,,2,,0,,1,,0,,0,,,150,,,3.0,2005-04-06T12:09:00,,,0.0,,0.0,,0.0,,0.0,,1.5,,1.3,,0.0,,1.4,,0.0,,0.0,,0.5,,0.0,,0.0,,0.0,,0.0,,8.5,,0.0,,1.6,,1.5,,0.0,,0.0,,0.0,,0.0,,0.0,,0.0,,0.0,,0.0,,0.0,,0.0,,0.4,,0.0,,9.9,,5.5,,2.0,,0.0,,0.6,,0.0,,0.0,
2005-04-07,1011.7,1012.8,1013.3,2005-04-07T09:23:00,1009.8,2005-04-07T16:14:00,24.8,28.9,2005-04-07T14:14:00,21.7,2005-04-07T05:52:00,20.2,75,68,2005-04-07T13:44:00,1.6,40,6.9,80,2005-04-07T14:34:00,0.0,0.0,0.0,,0.0,,4.5,36.2,18.49,3.4,26.0,25.3,24.9,24.5,23.6,23.1,,,,,,,8.0,,22.5,2005-04-07T13:05:00,,,,17.3,2005-04-07T06:42:00,,,,,,,2.8,2005-04-07T10:00:00,,,,,,,,,,,,,,82,2005-04-07T21:48:00,,,,,,1014.4,2005-04-07T09:23:00,,,,1010.9,2005-04-07T16:14:00,,,,,,,,,,,,,,,,,,,7.2,23.9,6.4,2005-04-07T14:00:00,,,,16.8,,,0,,0,,0,,1,,3,,2,,1,,1,,0,,0,,0,,0,,3,,2,,0,,0,,0,,0,,0,,0,,0,,0,,0,,0,,0,,0,,0,,0,,0,,0,,0,,2,,3,,2,,1,,0,,3,,0,,,40,,,3.5,2005-04-07T19:15:00,,,0.0,,0.0,,0.0,,1.9,,8.5,,5.1,,2.1,,2.0,,0.0,,0.0,,0.0,,0.0,,4.9,,3.5,,0.0,,0.0,,0.0,,0.0,,0.0,,0.0,,0.0,,0.0,,0.0,,0.0,,0.0,,0.0,,0.0,,0.0,,0.0,,0.0,,0.0,,1.9,,2.3,,1.6,,1.1,,0.0,,3.0,,0.0,
2005-04-08,1012.8,1013.9,1014.5,2005-04-08T23:16:00,1011.4,2005-04-08T15:30:00,26.0,29.7,2005-04-08T12:57:00,22.5,2005-04-08T04:32:00,20.9,74,57,2005-04-08T08:27:00,1.5,320,5.3,160,2005-04-08T13:08:00,0.0,0.0,0.0,,0.0,,7.7,61.8,23.58,-4.9,27.6,27.0,26.4,25.3,24.3,23.4,,,,,,,5.0,,22.9,2005-04-08T12:26:00,,,,16.8,2005-04-08T06:22:00,,,,,,,3.6,2005-04-08T13:00:00,,,,,,,,,,,,,,82,2005-04-08T19:08:00,,,,,,1015.6,2005-04-08T23:16:00,,,,1012.5,2005-04-08T15:30:00,,,,,,,,,,,,,,,,,,,7.2,25.0,9.3,2005-04-08T12:00:00,,,,18.6,,,0,,0,,0,,0,,0,,0,,1,,0,,0,,0,,0,,1,,0,,0,,1,,0,,4,,3,,2,,2,,2,,0,,0,,0,,0,,0,,0,,0,,0,,0,,0,,0,,5,,1,,1,,0,,1,,0,,,200,,,2.8,2005-04-08T13:12:00,,,0.0,,0.0,,0.0,,0.0,,0.0,,0.0,,0.8,,0.0,,0.0,,0.0,,0.0,,2.3,,0.0,,0.0,,2.0,,0.0,,6.0,,5.3,,3.8,,4.1,,4.1,,0.0,,0.0,,0.0,,0.0,,0.0,,0.0,,0.0,,0.0,,0.0,,0.0,,0.0,,6.4,,0.5,,0.7,,0.0,,0.9,,0.0,
2005-04-09,1012.9,1014.0,1015.2,2005-04-09T08:24:00,1010.7,2005-04-09T16:11:00,26.1,29.3,2005-04-09T13:25:00,23.5,2005-04-09T06:43:00,22.0,78,67,2005-04-09T13:25:00,1.6,200,6.8,240,2005-04-09T14:48:00,1.0,2.7,0.5,2005-04-09T04:25:00,0.5,2005-04-09T04:25:00,7.6,60.9,22.64,4.2,28.6,28.1,27.4,26.9,25.1,23.6,,,,,,,5.8,,23.1,2005-04-09T09:13:00,,,,21.3,2005-04-09T02:36:00,,,,,,,3.54,2005-04-09T13:00:00,,,,,,,,,,,,,,89,2005-04-09T04:59:00,,,,,,1016.3,2005-04-09T08:24:00,,,,1011.8,2005-04-09T16:11:00,,,,,,,,,,,,,,,,,,,5.8,26.2,9.3,2005-04-09T13:00:00,,,,17.3,,,0,,0,,0,,0,,0,,0,,0,,0,,0,,0,,0,,0,,0,,0,,0,,0,,2,,0,,3,,2,,4,,1,,2,,2,,3,,0,,0,,1,,0,,0,,0,,1,,2,,1,,0,,0,,0,,0,,,200,,,3.3,2005-04-09T15:19:00,,,0.0,,0.0,,0.0,,0.0,,0.0,,0.0,,0.0,,0.0,,0.0,,0.0,,0.0,,0.0,,0.0,,0.0,,0.0,,0.0,,3.4,,0.0,,6.8,,4.4,,10.0,,1.6,,2.6,,1.6,,3.4,,0.0,,0.0,,0.5,,0.0,,0.0,,0.0,,0.9,,1.7,,0.9,,0.0,,0.0,,0.0,,0.0,
2005-04-10,1011.7,1012.8,1014.6,2005-04-10T22:00:00,1008.3,2005-04-10T16:05:00,26.6,30.8,2005-04-10T13:53:00,23.4,2005-04-10T23:43:00,21.5,74,64,2005-04-10T11:04:00,2.8,40,13.1,60,2005-04-10T20:15:00,0.0,0.0,0.0,,0.0,,10.6,84.8,25.32,6.9,28.8,28.4,28.1,27.4,26.0,23.9,,,,,,,4.8,,23.7,2005-04-10T15:37:00,,,,19.0,2005-04-10T04:11:00,,,,,,,3.6,2005-04-10T13:00:00,,,,,,,,,,,,,,82,2005-04-10T19:01:00,,,,,,1015.7,2005-04-10T22:00:00,,,,1009.4,2005-04-10T16:05:00,,,,,,,,,,,,,,,,,,,7.4,26.9,8.4,2005-04-10T12:00:00,,,,17.5,,,0,,0,,0,,0,,7,,3,,0,,0,,2,,0,,1,,0,,0,,0,,0,,2,,1,,1,,0,,0,,0,,0,,0,,0,,0,,0,,2,,0,,2,,0,,1,,1,,0,,1,,0,,0,,0,,0,,,40,,,6.1,2005-04-10T21:20:00,,,0.0,,0.0,,0.0,,0.0,,31.8,,10.7,,0.0,,0.0,,5.5,,0.0,,2.8,,0.0,,0.0,,0.0,,0.0,,4.8,,0.4,,1.6,,0.0,,0.0,,0.0,,0.0,,0.0,,0.0,,0.0,,0.0,,2.5,,0.0,,3.2,,0.0,,1.0,,1.7,,0.0,,0.7,,0.0,,0.0,,0.0,,0.0,
2005-04-11,1012.9,1014.0,1015.3,2005-04-11T09:10:00,1010.3,2005-04-11T15:44:00,24.6,27.9,2005-04-11T12:58:00,22.7,2005-04-11T04:33:00,19.9,75,67,2005-04-11T11:45:00,1.7,40,9.1,30,2005-04-11T00:09:00,0.0,0.0,0.0,,0.0,,2.6,20.8,15.35,3.8,27.5,27.0,26.9,27.1,26.4,24.3,,,,,,,9.4,,21.4,2005-04-11T12:59:00,,,,18.2,2005-04-11T05:02:00,,,,,,,3.14,2005-04-11T12:00:00,,,,,,,,,,,,,,83,2005-04-11T18:27:00,,,,,,1016.4,2005-04-11T09:10:00,,,,1011.4,2005-04-11T15:44:00,,,,,,,,,,,,,,,,,,,5.2,26.8,8.0,2005-04-11T12:00:00,,,,16.1,,,0,,3,,0,,1,,3,,1,,1,,2,,2,,2,,1,,0,,0,,0,,0,,0,,0,,0,,0,,0,,0,,0,,0,,0,,0,,0,,0,,0,,0,,0,,0,,0,,2,,3,,1,,1,,1,,0,,,40,,,5.1,2005-04-11T00:14:00,,,0.0,,3.0,,0.0,,1.9,,9.1,,2.3,,2.4,,4.7,,5.1,,4.4,,1.9,,0.0,,0.0,,0.0,,0.0,,0.0,,0.0,,0.0,,0.0,,0.0,,0.0,,0.0,,0.0,,0.0,,0.0,,0.0,,0.0,,0.0,,0.0,,0.0,,0.0,,0.0,,1.7,,2.2,,0.5,,0.8,,1.1,,0.0,
2005-04-12,1012.4,1013.5,1015.4,2005-04-12T23:14:00,1010.2,2005-04-12T15:06:00,25.1,29.3,2005-04-12T12:50:00,22.0,2005-04-12T23:54:00,20.3,75,65,2005-04-12T09:08:00,2.4,50,12.4,40,2005-04-12T21:30:00,0.0,0.0,0.0,,0.0,,6.4,51.0,20.89,4.7,27.9,27.5,27.0,27.1,26.3,24.7,,,,,,,6.8,,22.5,2005-04-12T13:13:00,,,,18.1,2005-04-12T23:48:00,,,,,,,3.44,2005-04-12T13:00:00,,,,,,,,,,,,,,83,2005-04-12T04:18:00,,,,,,1016.5,2005-04-12T23:14:00,,,,1011.3,2005-04-12T15:06:00,,,,,,,,,,,,,,,,,,,7.3,26.7,7.2,2005-04-12T13:00:00,,,,17.1,,,0,,0,,0,,0,,3,,5,,1,,0,,0,,0,,1,,0,,1,,0,,2,,0,,1,,0,,1,,0,,0,,0,,0,,0,,0,,0,,0,,0,,0,,0,,0,,1,,4,,2,,0,,2,,0,,0,,,40,,,6.1,2005-04-12T21:05:00,,,0.0,,0.0,,0.0,,0.0,,14.9,,18.2,,2.5,,0.0,,0.0,,0.0,,2.3,,0.0,,1.9,,0.0,,4.4,,0.0,,2.3,,0.0,,1.9,,0.0,,0.0,,0.0,,0.0,,0.0,,0.0,,0.0,,0.0,,0.0,,0.0,,0.0,,0.0,,1.3,,3.8,,1.7,,0.0,,1.6,,0.0,,0.0,
2005-04-13,1017.0,1018.1,1019.5,2005-04-13T22:17:00,1014.6,2005-04-13T00:40:00,20.4,22.2,2005-04-13T00:45:00,18.7,2005-04-13T18:44:00,16.2,77,68,2005-04-13T13:30:00,2.7,40,10.3,30,2005-04-13T03:31:00,0.5,0.9,0.3,2005-04-13T15:01:00,0.5,2005-04-13T14:55:00,0.0,0.0,3.19,-1.0,22.5,23.5,23.6,25.6,26.4,24.7,,,,,,,9.0,,18.1,2005-04-13T00:01:00,,,,14.2,2005-04-13T23:03:00,,,,,,,0.79,2005-04-13T12:00:00,,,,,,,,,,,,,,87,2005-04-13T15:35:00,,,,,,1020.7,2005-04-13T22:17:00,,,,1015.7,2005-04-13T00:40:00,,,,,,,,,,,,,,,,,,,3.5,25.9,2.1,2005-04-13T12:00:00,,,,16.1,,,0,,2,,2,,2,,9,,0,,0,,0,,0,,0,,0,,0,,0,,0,,0,,0,,0,,0,,0,,0,,0,,0,,0,,0,,0,,0,,0,,0,,0,,0,,0,,0,,1,,7,,1,,0,,0,,0,,,40,,,5.1,2005-04-13T03:38:00,,,0.0,,4.6,,5.8,,6.6,,34.1,,0.0,,0.0,,0.0,,0.0,,0.0,,0.0,,0.0,,0.0,,0.0,,0.0,,0.0,,0.0,,0.0,,0.0,,0.0,,0.0,,0.0,,0.0,,0.0,,0.0,,0.0,,0.0,,0.0,,0.0,,0.0,,0.0,,0.0,,1.5,,10.8,,1.3,,0.0,,0.0,,0.0,
2005-04-14,1018.2,1019.3,1019.5,2005-04-14T08:36:00,1016.5,2005-04-14T14:28:00,20.1,22.2,2005-04-14T13:50:00,18.7,2005-04-14T00:12:00,15.5,75,66,2005-04-14T13:50:00,1.3,330,5.8,320,2005-04-14T12:44:00,0.3,1.3,0.2,2005-04-14T14:42:00,0.3,2005-04-14T14:40:00,0.0,0.0,3.05,-1.4,21.5,21.7,21.8,23.5,24.9,24.6,,,,,,,10.0,,17.6,2005-04-14T16:26:00,,,,13.9,2005-04-14T01:45:00,,,,,,,0.68,2005-04-14T14:00:00,,,,,,,,,,,,,,87,2005-04-14T17:08:00,,,,,,1020.7,2005-04-14T08:36:00,,,,1017.6,2005-04-14T14:28:00,,,,,,,,,,,,,,,,,,,3.5,24.0,1.9,2005-04-14T14:00:00,,,,16.0,,,0,,1,,1,,1,,0,,0,,1,,0,,0,,0,,0,,0,,0,,0,,0,,0,,0,,0,,0,,0,,0,,0,,0,,0,,0,,0,,0,,0,,0,,0,,0,,0,,3,,10,,5,,2,,0,,0,,,40,,,2.8,2005-04-14T16:32:00,,,0.0,,1.7,,1.4,,1.4,,0.0,,0.0,,2.2,,0.0,,0.0,,0.0,,0.0,,0.0,,0.0,,0.0,,0.0,,0.0,,0.0,,0.0,,0.0,,0.0,,0.0,,0.0,,0.0,,0.0,,0.0,,0.0,,0.0,,0.0,,0.0,,0.0,,0.0,,0.0,,3.5,,11.3,,6.4,,2.6,,0.0,,0.0,
2005-04-15,1018.2,1019.4,1019.5,2005-04-15T08:59:00,1016.5,2005-04-15T14:35:00,21.8,25.1,2005-04-15T11:15:00,19.9,2005-04-15T06:37:00,17.0,74,62,2005-04-15T10:54:00,1.5,320,6.7,30,2005-04-15T15:33:00,0.0,0.0,0.0,,0.0,,0.0,0.0,4.46,1.8,22.0,22.3,22.3,23.1,24.1,24.3,,,,,,,10.0,,18.8,2005-04-15T18:07:00,,,,15.2,2005-04-15T02:57:00,,,,,,,1.34,2005-04-15T12:00:00,,,,,,,,,,,,,,84,2005-04-15T18:20:00,,,,,,1020.6,2005-04-15T08:59:00,,,,1017.6,2005-04-15T14:35:00,,,,,,,,,,,,,,,,,,,5.2,23.3,3.8,2005-04-15T12:00:00,,,,15.4,,,0,,0,,1,,1,,2,,1,,1,,1,,0,,0,,0,,0,,0,,0,,0,,0,,0,,0,,0,,0,,0,,0,,0,,0,,0,,0,,0,,0,,0,,0,,0,,0,,6,,5,,5,,0,,1,,0,,,40,,,3.5,2005-04-15T15:36:00,,,0.0,,0.0,,1.5,,3.0,,5.0,,1.7,,2.0,,2.4,,0.0,,0.0,,0.0,,0.0,,0.0,,0.0,,0.0,,0.0,,0.0,,0.0,,0.0,,0.0,,0.0,,0.0,,0.0,,0.0,,0.0,,0.0,,0.0,,0.0,,0.0,,0.0,,0.0,,0.0,,7.8,,5.0,,5.9,,0.0,,1.4,,0.0,
2005-04-16,1017.4,1018.5,1018.9,2005-04-16T21:27:00,1015.2,2005-04-16T15:01:00,23.5,28.2,2005-04-16T11:56:00,20.3,2005-04-16T04:14:00,17.7,70,57,2005-04-16T11:56:00,2.3,60,9.2,60,2005-04-16T14:38:00,0.0,0.0,0.0,,0.0,,6.8,53.8,21.15,5.8,25.7,25.9,25.2,24.2,23.7,23.9,,,,,,,8.0,,19.1,2005-04-16T11:54:00,,,,16.6,2005-04-16T05:21:00,,,,,,,3.59,2005-04-16T12:00:00,,,,,,,,,,,,,,86,2005-04-16T04:03:00,,,,,,1020.0,2005-04-16T21:27:00,,,,1016.3,2005-04-16T15:01:00,,,,,,,,,,,,,,,,,,,7.9,23.8,8.4,2005-04-16T12:00:00,,,,16.4,,,0,,0,,0,,1,,0,,4,,8,,0,,0,,0,,0,,0,,0,,0,,0,,0,,0,,0,,0,,0,,0,,0,,0,,0,,0,,0,,0,,0,,0,,0,,0,,0,,4,,2,,3,,0,,2,,0,,,70,,,4.6,2005-04-16T13:29:00,,,0.0,,0.0,,0.0,,1.0,,0.0,,11.7,,25.2,,0.0,,0.0,,0.0,,0.0,,0.0,,0.0,,0.0,,0.0,,0.0,,0.0,,0.0,,0.0,,0.0,,0.0,,0.0,,0.0,,0.0,,0.0,,0.0,,0.0,,0.0,,0.0,,0.0,,0.0,,0.0,,6.2,,3.3,,4.2,,0.0,,3.4,,0.0,
2005-04-17,1015.9,1017.0,1018.0,2005-04-17T00:02:00,1013.5,2005-04-17T16:46:00,24.9,29.1,2005-04-17T12:09:00,21.0,2005-04-17T03:45:00,19.1,71,56,2005-04-17T08:56:00,2.0,330,7.6,70,2005-04-17T12:04:00,0.0,0.0,0.0,,0.0,,6.8,53.7,21.45,4.5,26.1,26.7,26.3,25.5,24.3,23.7,,,,,,,7.5,,21.0,2005-04-17T14:31:00,,,,16.6,2005-04-17T04:36:00,,,,,,,3.63,2005-04-17T12:00:00,,,,,,,,,,,,,,79,2005-04-17T00:06:00,,,,,,1019.1,2005-04-17T00:02:00,,,,1014.6,2005-04-17T16:46:00,,,,,,,,,,,,,,,,,,,8.1,24.9,9.5,2005-04-17T12:00:00,,,,17.9,,,0,,0,,0,,0,,2,,2,,4,,4,,1,,0,,0,,0,,0,,0,,0,,0,,0,,0,,0,,0,,0,,0,,0,,0,,0,,0,,0,,0,,0,,0,,0,,1,,2,,5,,2,,0,,1,,0,,,70,,,3.6,2005-04-17T12:37:00,,,0.0,,0.0,,0.0,,0.0,,4.7,,5.4,,9.6,,12.0,,3.1,,0.0,,0.0,,0.0,,0.0,,0.0,,0.0,,0.0,,0.0,,0.0,,0.0,,0.0,,0.0,,0.0,,0.0,,0.0,,0.0,,0.0,,0.0,,0.0,,0.0,,0.0,,0.0,,1.2,,1.7,,7.4,,2.9,,0.0,,1.1,,0.0,
2005-04-18,1015.4,1016.5,1017.1,2005-04-18T21:33:00,1013.8,2005-04-18T02:27:00,25.8,29.6,2005-04-18T11:30:00,22.3,2005-04-18T05:46:00,20.4,72,62,2005-04-18T10:21:00,1.6,330,6.3,330,2005-04-18T05:10:00,0.0,0.0,0.0,,0.0,,5.7,45.0,18.42,3.9,27.3,27.7,27.3,26.5,25.1,24.0,,,,,,,6.4,,22.2,2005-04-18T13:50:00,,,,18.6,2005-04-18T05:15:00,,,,,,,3.43,2005-04-18T11:00:00,,,,,,,,,,,,,,83,2005-04-18T02:24:00,,,,,,1018.2,2005-04-18T21:33:00,,,,1014.9,2005-04-18T02:27:00,,,,,,,,,,,,,,,,,,,7.3,25.8,8.8,2005-04-18T12:00:00,,,,17.0,,,1,,0,,0,,1,,2,,0,,0,,3,,1,,1,,2,,1,,0,,1,,0,,0,,0,,0,,0,,0,,0,,0,,0,,0,,0,,0,,0,,0,,0,,0,,0,,1,,2,,4,,2,,1,,1,,0,,,100,,,3.1,2005-04-18T11:10:00,,,0.2,,0.0,,0.0,,1.3,,2.6,,0.0,,0.0,,6.0,,2.0,,2.2,,5.4,,2.6,,0.0,,2.2,,0.0,,0.0,,0.0,,0.0,,0.0,,0.0,,0.0,,0.0,,0.0,,0.0,,0.0,,0.0,,0.0,,0.0,,0.0,,0.0,,0.0,,2.4,,2.6,,4.6,,1.8,,1.2,,0.8,,0.0,
2005-04-19,1015.3,1016.4,1017.1,2005-04-19T07:26:00,1013.0,2005-04-19T15:59:00,26.6,30.5,2005-04-19T12:34:00,23.7,2005-04-19T04:48:00,21.8,75,65,2005-04-19T13:13:00,1.6,200,7.6,210,2005-04-19T23:43:00,10.5,1.1,9.0,2005-04-19T23:38:00,10.0,2005-04-19T23:15:00,6.4,50.4,21.73,-3.5,29.7,29.6,28.9,27.5,25.7,24.3,,,,,,,7.1,,23.7,2005-04-19T12:34:00,,,,19.7,2005-04-19T05:23:00,,,,,,,3.59,2005-04-19T12:00:00,,,,,,,,,,,,,,91,2005-04-19T23:44:00,,,,,,1018.2,2005-04-19T07:26:00,,,,1014.1,2005-04-19T15:59:00,,,,,,,,,,,,,,,,,,,6.8,26.6,9.5,2005-04-19T12:00:00,,,,17.3,,,1,,0,,0,,0,,0,,1,,0,,0,,1,,0,,0,,0,,1,,1,,0,,0,,1,,0,,1,,2,,5,,2,,0,,0,,1,,0,,0,,0,,0,,0,,0,,1,,4,,1,,1,,0,,0,,0,,,270,,,3.4,2005-04-19T23:38:00,,,0.1,,0.0,,0.0,,0.0,,0.0,,0.8,,0.0,,0.0,,1.4,,0.0,,0.0,,0.0,,2.4,,2.5,,0.0,,0.0,,2.6,,0.0,,2.3,,3.6,,12.0,,2.9,,0.0,,0.0,,1.3,,0.0,,0.0,,0.0,,0.0,,0.0,,0.0,,1.2,,3.7,,0.8,,0.9,,0.0,,0.0,,0.0,
2005-04-20,1014.6,1015.7,1015.9,2005-04-20T07:48:00,1013.1,2005-04-20T15:01:00,25.7,30.5,2005-04-20T13:10:00,23.3,2005-04-20T22:39:00,21.2,76,65,2005-04-20T13:40:00,1.8,310,11.1,60,2005-04-20T16:16:00,0.0,0.0,0.0,,0.0,,6.9,54.2,21.63,6.0,29.4,28.6,28.5,27.9,26.4,24.7,,,,,,,7.6,,24.0,2005-04-20T11:17:00,,,,18.2,2005-04-20T23:32:00,,,,,,,3.6,2005-04-20T12:00:00,,,,,,,,,,,,,,91,2005-04-20T00:01:00,,,,,,1017.0,2005-04-20T07:48:00,,,,1014.2,2005-04-20T15:01:00,,,,,,,,,,,,,,,,,,,7.2,27.3,9.3,2005-04-20T13:00:00,,,,17.0,,,0,,0,,0,,1,,1,,1,,0,,0,,0,,0,,0,,0,,0,,0,,1,,1,,0,,1,,1,,2,,1,,0,,0,,0,,0,,0,,0,,0,,0,,0,,0,,6,,4,,2,,2,,0,,0,,0,,,50,,,5.1,2005-04-20T15:50:00,,,0.0,,0.0,,0.0,,3.9,,4.5,,4.7,,0.0,,0.0,,0.0,,0.0,,0.0,,0.0,,0.0,,0.0,,2.5,,2.3,,0.0,,2.6,,2.2,,4.7,,1.6,,0.0,,0.0,,0.0,,0.0,,0.0,,0.0,,0.0,,0.0,,0.0,,0.0,,5.4,,3.6,,1.8,,2.2,,0.0,,0.0,,0.0,
2005-04-21,1012.1,1013.2,1014.1,2005-04-21T00:01:00,1010.3,2005-04-21T16:10:00,26.0,29.9,2005-04-21T11:23:00,22.7,2005-04-21T05:24:00,21.1,74,64,2005-04-21T09:10:00,1.5,320,7.2,130,2005-04-21T11:22:00,1.0,0.6,0.8,2005-04-21T19:33:00,1.0,2005-04-21T19:23:00,7.6,59.6,21.65,-3.5,28.6,28.3,28.2,27.7,26.6,24.8,,,,,,,7.4,,23.2,2005-04-21T13:35:00,,,,18.2,2005-04-21T00:22:00,,,,,,,3.38,2005-04-21T11:00:00,,,,,,,,,,,,,,85,2005-04-21T21:24:00,,,,,,1015.2,2005-04-21T00:01:00,,,,1011.4,2005-04-21T16:10:00,,,,,,,,,,,,,,,,,,,7.2,27.3,8.8,2005-04-21T12:00:00,,,,16.9,,,1,,0,,0,,0,,1,,1,,0,,3,,3,,0,,3,,0,,0,,0,,0,,0,,0,,0,,0,,0,,0,,0,,0,,0,,0,,0,,0,,0,,0,,0,,1,,2,,6,,1,,0,,1,,1,,0,,,100,,,3.8,2005-04-21T13:03:00,,,0.1,,0.0,,0.0,,0.0,,1.3,,2.2,,0.0,,5.8,,6.0,,0.0,,8.7,,0.0,,0.0,,0.0,,0.0,,0.0,,0.0,,0.0,,0.0,,0.0,,0.0,,0.0,,0.0,,0.0,,0.0,,0.0,,0.0,,0.0,,0.0,,0.0,,1.1,,2.6,,6.1,,0.8,,0.0,,0.9,,0.8,,0.0,
2005-04-22,1012.1,1013.2,1013.5,2005-04-22T08:55:00,1010.7,2005-04-22T16:13:00,26.8,30.3,2005-04-22T13:03:00,24.3,2005-04-22T05:26:00,22.1,76,65,2005-04-22T11:54:00,1.2,320,4.4,170,2005-04-22T13:56:00,0.0,0.0,0.0,,0.0,,4.2,32.9,18.06,5.1,29.7,29.2,28.4,28.1,27.1,25.2,,,,,,,8.9,,23.7,2005-04-22T13:25:00,,,,20.2,2005-04-22T07:17:00,,,,,,,3.17,2005-04-22T13:00:00,,,,,,,,,,,,,,84,2005-04-22T22:13:00,,,,,,1014.6,2005-04-22T08:55:00,,,,1011.8,2005-04-22T16:13:00,,,,,,,,,,,,,,,,,,,6.0,27.7,9.0,2005-04-22T13:00:00,,,,17.9,,,0,,0,,0,,0,,0,,0,,0,,0,,0,,0,,0,,0,,0,,0,,0,,2,,3,,3,,0,,0,,1,,1,,0,,0,,1,,0,,1,,0,,0,,0,,2,,3,,5,,1,,0,,0,,1,,0,,,150,,,2.8,2005-04-22T14:09:00,,,0.0,,0.0,,0.0,,0.0,,0.0,,0.0,,0.0,,0.0,,0.0,,0.0,,0.0,,0.0,,0.0,,0.0,,0.0,,4.2,,5.4,,4.8,,0.0,,0.0,,1.1,,0.6,,0.0,,0.0,,0.3,,0.0,,1.0,,0.0,,0.0,,0.0,,2.6,,2.9,,5.2,,0.9,,0.0,,0.0,,0.8,,0.0,
2005-04-23,1010.4,1011.5,1013.0,2005-04-23T22:29:00,1007.7,2005-04-23T15:07:00,27.5,31.5,2005-04-23T15:11:00,24.0,2005-04-23T05:10:00,22.6,75,64,2005-04-23T14:24:00,2.5,200,16.1,40,2005-04-23T21:30:00,0.0,0.0,0.0,,0.0,,10.9,85.3,25.42,5.1,30.3,30.2,30.0,28.7,27.2,25.2,,,,,,,4.3,,24.9,2005-04-23T11:30:00,,,,19.4,2005-04-23T06:26:00,,,,,,,3.6,2005-04-23T13:00:00,,,,,,,,,,,,,,83,2005-04-23T02:50:00,,,,,,1014.1,2005-04-23T22:29:00,,,,1008.8,2005-04-23T15:07:00,,,,,,,,,,,,,,,,,,,7.5,28.1,8.4,2005-04-23T12:00:00,,,,19.4,,,1,,0,,0,,1,,1,,3,,2,,0,,1,,0,,0,,0,,0,,0,,0,,1,,0,,0,,1,,1,,5,,0,,1,,0,,0,,0,,0,,1,,1,,0,,1,,3,,0,,0,,0,,0,,0,,0,,,50,,,6.6,2005-04-23T21:10:00,,,0.2,,0.0,,0.0,,2.0,,4.2,,13.1,,3.5,,0.0,,1.4,,0.0,,0.0,,0.0,,0.0,,0.0,,0.0,,1.1,,0.0,,0.0,,1.6,,2.9,,19.9,,0.0,,2.4,,0.0,,0.0,,0.0,,0.0,,1.3,,1.0,,0.0,,1.0,,3.2,,0.0,,0.0,,0.0,,0.0,,0.0,,0.0,
2005-04-24,1011.0,1012.1,1012.7,2005-04-24T00:01:00,1009.0,2005-04-24T16:00:00,26.7,30.1,2005-04-24T13:27:00,24.7,2005-04-24T06:03:00,21.9,75,66,2005-04-24T09:49:00,1.7,60,7.3,50,2005-04-24T00:04:00,0.0,0.0,0.0,,0.0,,4.1,32.0,17.01,4.4,29.8,29.8,29.3,28.7,27.8,25.7,,,,,,,9.5,,23.2,2005-04-24T13:25:00,,,,20.4,2005-04-24T06:10:00,,,,,,,2.7,2005-04-24T14:00:00,,,,,,,,,,,,,,81,2005-04-24T21:07:00,,,,,,1013.8,2005-04-24T00:01:00,,,,1010.1,2005-04-24T16:00:00,,,,,,,,,,,,,,,,,,,5.4,28.4,6.1,2005-04-24T12:00:00,,,,17.6,,,0,,3,,1,,3,,0,,2,,4,,1,,3,,1,,0,,0,,0,,0,,0,,0,,0,,0,,0,,0,,0,,0,,0,,0,,0,,0,,0,,0,,0,,0,,0,,0,,2,,0,,1,,0,,3,,0,,,80,,,3.5,2005-04-24T13:08:00,,,0.0,,3.1,,1.5,,6.2,,0.0,,3.7,,10.6,,1.4,,8.5,,2.5,,0.0,,0.0,,0.0,,0.0,,0.0,,0.0,,0.0,,0.0,,0.0,,0.0,,0.0,,0.0,,0.0,,0.0,,0.0,,0.0,,0.0,,0.0,,0.0,,0.0,,0.0,,0.0,,1.4,,0.0,,0.8,,0.0,,2.2,,0.0,
2005-04-25,1009.3,1010.4,1010.6,2005-04-25T00:01:00,1007.4,2005-04-25T16:11:00,26.7,31.4,2005-04-25T13:01:00,24.1,2005-04-25T05:26:00,21.6,74,63,2005-04-25T12:57:00,1.7,340,9.8,40,2005-04-25T14:23:00,0.0,0.0,0.0,,0.0,,6.6,51.5,19.37,-4.2,29.0,29.4,29.2,28.7,27.6,25.7,,,,,,,6.6,,23.6,2005-04-25T11:35:00,,,,20.0,2005-04-25T23:19:00,,,,,,,3.34,2005-04-25T11:00:00,,,,,,,,,,,,,,83,2005-04-25T05:35:00,,,,,,1011.7,2005-04-25T00:01:00,,,,1008.5,2005-04-25T16:11:00,,,,,,,,,,,,,,,,,,,7.3,28.4,7.5,2005-04-25T12:00:00,,,,17.9,,,0,,0,,1,,0,,1,,2,,2,,0,,0,,0,,3,,0,,0,,1,,0,,0,,0,,0,,0,,0,,0,,0,,0,,0,,0,,0,,0,,0,,0,,0,,0,,2,,3,,4,,4,,0,,1,,0,,,50,,,4.7,2005-04-25T14:13:00,,,0.0,,0.0,,1.5,,0.0,,2.9,,7.1,,6.2,,0.0,,0.0,,0.0,,7.8,,0.0,,0.0,,3.1,,0.0,,0.0,,0.0,,0.0,,0.0,,0.0,,0.0,,0.0,,0.0,,0.0,,0.0,,0.0,,0.0,,0.0,,0.0,,0.0,,0.0,,1.4,,3.8,,3.3,,3.9,,0.0,,0.7,,0.0,
2005-04-26,1009.9,1011.0,1012.6,2005-04-26T21:33:00,1008.4,2005-04-26T04:14:00,24.0,26.4,2005-04-26T07:51:00,22.1,2005-04-26T20:59:00,18.9,74,61,2005-04-26T21:52:00,1.4,320,12.2,30,2005-04-26T14:19:00,11.0,1.7,4.0,2005-04-26T09:52:00,10.5,2005-04-26T09:11:00,0.4,3.1,5.96,-2.8,25.5,26.0,26.4,27.5,27.6,25.7,,,,,,,9.9,,23.0,2005-04-26T10:31:00,,,,14.9,2005-04-26T21:57:00,,,,,,,1.08,2005-04-26T13:00:00,,,,,,,,,,,,,,96,2005-04-26T10:10:00,,,,,,1013.7,2005-04-26T21:33:00,,,,1009.5,2005-04-26T04:14:00,,,,,,,,,,,,,,,,,,,4.3,27.6,3.2,2005-04-26T13:00:00,,,,15.6,,,1,,0,,0,,1,,4,,0,,1,,0,,0,,0,,0,,0,,0,,0,,0,,0,,0,,0,,0,,0,,0,,0,,0,,0,,0,,0,,0,,0,,0,,0,,0,,2,,6,,4,,1,,3,,1,,0,,,40,,,6.1,2005-04-26T15:07:00,,,0.2,,0.0,,0.0,,0.7,,14.0,,0.0,,1.5,,0.0,,0.0,,0.0,,0.0,,0.0,,0.0,,0.0,,0.0,,0.0,,0.0,,0.0,,0.0,,0.0,,0.0,,0.0,,0.0,,0.0,,0.0,,0.0,,0.0,,0.0,,0.0,,0.0,,0.0,,2.1,,4.9,,5.5,,1.1,,2.8,,1.4,,0.0,
2005-04-27,1011.0,1012.1,1012.1,2005-04-27T21:51:00,1009.8,2005-04-27T03:54:00,24.4,28.2,2005-04-27T10:32:00,21.4,2005-04-27T05:34:00,18.7,71,61,2005-04-27T08:41:00,1.2,320,5.8,110,2005-04-27T10:22:00,0.0,0.0,0.0,,0.0,,4.3,33.4,13.53,2.6,25.2,25.2,25.6,26.4,26.7,26.0,,,,,,,8.0,,20.9,2005-04-27T10:21:00,,,,15.4,2005-04-27T00:27:00,,,,,,,3.45,2005-04-27T11:00:00,,,,,,,,,,,,,,78,2005-04-27T23:41:00,,,,,,1013.2,2005-04-27T21:51:00,,,,1010.9,2005-04-27T03:54:00,,,,,,,,,,,,,,,,,,,6.8,26.5,8.2,2005-04-27T11:00:00,,,,17.4,,,0,,2,,1,,0,,0,,1,,1,,2,,1,,0,,0,,2,,0,,0,,0,,0,,0,,0,,0,,0,,0,,0,,0,,0,,0,,0,,0,,0,,0,,0,,0,,1,,4,,4,,1,,2,,2,,0,,,100,,,3.5,2005-04-27T11:13:00,,,0.0,,2.4,,0.5,,0.0,,0.0,,0.7,,2.0,,3.7,,1.5,,0.0,,0.0,,5.5,,0.0,,0.0,,0.0,,0.0,,0.0,,0.0,,0.0,,0.0,,0.0,,0.0,,0.0,,0.0,,0.0,,0.0,,0.0,,0.0,,0.0,,0.0,,0.0,,1.1,,4.0,,3.8,,0.6,,1.4,,2.3,,0.0,
2005-04-28,1009.7,1010.8,1011.7,2005-04-28T08:42:00,1007.7,2005-04-28T16:41:00,25.2,28.3,2005-04-28T12:47:00,23.3,2005-04-28T01:42:00,20.6,76,67,2005-04-28T08:58:00,1.2,310,6.2,20,2005-04-28T16:54:00,0.0,0.0,0.0,,0.0,,0.7,5.4,10.0,2.9,27.1,26.6,26.3,26.4,26.6,25.7,,,,,,,7.0,,22.6,2005-04-28T12:53:00,,,,19.0,2005-04-28T03:29:00,,,,,,,2.66,2005-04-28T13:00:00,,,,,,,,,,,,,,83,2005-04-28T19:36:00,,,,,,1012.8,2005-04-28T08:42:00,,,,1008.8,2005-04-28T16:41:00,,,,,,,,,,,,,,,,,,,5.0,26.4,7.3,2005-04-28T13:00:00,,,,16.8,,,1,,1,,2,,2,,0,,1,,0,,0,,2,,0,,0,,0,,1,,0,,0,,0,,0,,0,,2,,0,,0,,0,,0,,0,,0,,0,,0,,0,,0,,0,,0,,4,,3,,4,,1,,0,,0,,0,,,30,,,3.4,2005-04-28T16:32:00,,,0.0,,0.6,,3.6,,5.4,,0.0,,1.8,,0.0,,0.0,,2.4,,0.0,,0.0,,0.0,,0.7,,0.0,,0.0,,0.0,,0.0,,0.0,,4.2,,0.0,,0.0,,0.0,,0.0,,0.0,,0.0,,0.0,,0.0,,0.0,,0.0,,0.0,,0.0,,4.0,,2.8,,3.5,,0.3,,0.0,,0.0,,0.0,
2005-04-29,1007.9,1009.0,1009.3,2005-04-29T08:22:00,1006.7,2005-04-29T15:08:00,26.8,31.0,2005-04-29T13:54:00,22.9,2005-04-29T05:21:00,22.0,75,63,2005-04-29T10:23:00,1.5,320,7.0,70,2005-04-29T13:05:00,0.0,0.0,0.0,,0.0,,8.3,64.3,24.62,4.4,29.1,28.8,28.6,27.5,26.3,25.6,,,,,,,5.3,,24.1,2005-04-29T13:54:00,,,,19.6,2005-04-29T05:27:00,,,,,,,3.6,2005-04-29T12:00:00,,,,,,,,,,,,,,84,2005-04-29T02:34:00,,,,,,1010.4,2005-04-29T08:22:00,,,,1007.8,2005-04-29T15:08:00,,,,,,,,,,,,,,,,,,,8.1,27.0,9.3,2005-04-29T12:00:00,,,,17.5,,,2,,0,,0,,0,,0,,0,,2,,3,,3,,0,,1,,0,,0,,1,,1,,0,,0,,0,,0,,0,,0,,0,,0,,0,,0,,0,,0,,0,,0,,0,,0,,3,,7,,0,,0,,1,,0,,0,,,80,,,3.8,2005-04-29T13:20:00,,,0.4,,0.0,,0.0,,0.0,,0.0,,0.0,,5.5,,6.1,,6.6,,0.0,,2.7,,0.0,,0.0,,1.2,,2.5,,0.0,,0.0,,0.0,,0.0,,0.0,,0.0,,0.0,,0.0,,0.0,,0.0,,0.0,,0.0,,0.0,,0.0,,0.0,,0.0,,4.4,,6.0,,0.0,,0.0,,0.6,,0.0,,0.0,
2005-04-30,1005.6,1006.7,1007.5,2005-04-30T00:01:00,1003.4,2005-04-30T15:56:00,27.4,31.8,2005-04-30T13:43:00,23.9,2005-04-30T04:46:00,22.8,76,65,2005-04-30T13:58:00,1.7,320,6.5,70,2005-04-30T15:57:00,0.0,0.0,0.0,,0.0,,10.8,83.6,26.76,5.4,30.1,30.2,30.1,29.0,27.0,25.5,,,,,,,2.5,,25.0,2005-04-30T13:44:00,,,,20.6,2005-04-30T04:39:00,,,,,,,3.6,2005-04-30T13:00:00,,,,,,,,,,,,,,84,2005-04-30T23:09:00,,,,,,1008.6,2005-04-30T00:01:00,,,,1004.5,2005-04-30T15:56:00,,,,,,,,,,,,,,,,,,,7.9,28.0,9.8,2005-04-30T12:00:00,,,,18.1,,,0,,0,,0,,1,,0,,1,,1,,4,,0,,1,,0,,2,,0,,0,,1,,1,,0,,0,,0,,0,,0,,0,,0,,0,,0,,0,,0,,0,,0,,0,,0,,2,,10,,0,,0,,0,,0,,0,,,110,,,3.4,2005-04-30T11:28:00,,,0.0,,0.0,,0.0,,1.6,,0.0,,1.8,,1.3,,10.6,,0.0,,3.0,,0.0,,5.3,,0.0,,0.0,,3.0,,2.0,,0.0,,0.0,,0.0,,0.0,,0.0,,0.0,,0.0,,0.0,,0.0,,0.0,,0.0,,0.0,,0.0,,0.0,,0.0,,1.7,,9.6,,0.0,,0.0,,0.0,,0.0,,0.0,
2005-05-01,1004.2,1005.3,1006.1,2005-05-01T22:06:00,1001.1,2005-05-01T15:27:00,28.2,33.9,2005-05-01T12:36:00,24.1,2005-05-01T05:03:00,22.0,70,47,2005-05-01T13:16:00,1.5,330,8.4,60,2005-05-01T17:04:00,0.0,0.0,0.0,,0.0,,9.6,74.2,25.58,6.4,30.5,30.7,30.3,29.2,27.7,25.9,,,,,,,3.6,,23.6,2005-05-01T09:51:00,,,,20.2,2005-05-01T14:49:00,,,,,,,3.82,2005-05-01T13:00:00,,,,,,,,,,,,,,84,2005-05-01T03:17:00,,,,,,1007.2,2005-05-01T22:06:00,,,,1002.2,2005-05-01T15:27:00,,,,,,,,,,,,,,,,,,,9.8,28.7,10.2,2005-05-01T12:00:00,,,,19.4,,,0,,0,,1,,0,,0,,1,,3,,3,,2,,1,,0,,2,,2,,0,,0,,0,,0,,0,,0,,1,,0,,0,,0,,0,,0,,0,,0,,0,,0,,0,,0,,2,,2,,4,,0,,0,,0,,0,,,50,,,4.3,2005-05-01T17:25:00,,,0.0,,0.0,,0.6,,0.0,,0.0,,3.4,,6.1,,5.1,,3.4,,1.8,,0.0,,4.0,,3.4,,0.0,,0.0,,0.0,,0.0,,0.0,,0.0,,0.3,,0.0,,0.0,,0.0,,0.0,,0.0,,0.0,,0.0,,0.0,,0.0,,0.0,,0.0,,1.8,,2.2,,3.4,,0.0,,0.0,,0.0,,0.0,
2005-05-02,1007.1,1008.2,1009.3,2005-05-02T21:43:00,1005.0,2005-05-02T02:35:00,28.3,32.0,2005-05-02T10:46:00,25.2,2005-05-02T05:13:00,22.3,70,59,2005-05-02T10:40:00,1.3,310,6.3,120,2005-05-02T12:11:00,0.0,0.0,0.0,,0.0,,9.7,74.9,26.32,5.3,31.6,31.1,30.8,29.4,28.1,26.2,,,,,,,4.3,,24.7,2005-05-02T12:44:00,,,,19.6,2005-05-02T04:47:00,,,,,,,3.6,2005-05-02T13:00:00,,,,,,,,,,,,,,82,2005-05-02T01:03:00,,,,,,1010.4,2005-05-02T21:43:00,,,,1006.1,2005-05-02T02:35:00,,,,,,,,,,,,,,,,,,,6.8,29.0,9.1,2005-05-02T12:00:00,,,,20.4,,,2,,0,,1,,0,,0,,1,,1,,1,,1,,1,,0,,0,,1,,2,,1,,0,,2,,1,,0,,0,,0,,0,,0,,0,,1,,0,,1,,0,,0,,0,,0,,3,,3,,1,,0,,0,,0,,0,,,100,,,3.7,2005-05-02T11:57:00,,,0.3,,0.0,,0.8,,0.0,,0.0,,0.3,,1.4,,1.0,,2.7,,3.6,,0.0,,0.0,,1.5,,4.0,,2.6,,0.0,,3.2,,1.2,,0.0,,0.0,,0.0,,0.0,,0.0,,0.0,,0.8,,0.0,,1.2,,0.0,,0.0,,0.0,,0.0,,3.2,,2.3,,0.6,,0.0,,0.0,,0.0,,0.0,
2005-05-03,1009.0,1010.1,1010.8,2005-05-03T22:11:00,1007.2,2005-05-03T15:39:00,27.5,31.1,2005-05-03T11:45:00,25.3,2005-05-03T03:43:00,23.3,78,70,2005-05-03T00:47:00,1.8,40,7.1,70,2005-05-03T13:02:00,0.0,0.0,0.0,,0.0,,3.9,30.1,16.74,5.0,29.8,30.5,30.0,29.7,28.6,26.4,,,,,,,9.0,,25.2,2005-05-03T12:44:00,,,,20.4,2005-05-03T01:17:00,,,,,,,3.48,2005-05-03T12:00:00,,,,,,,,,,,,,,90,2005-05-03T20:49:00,,,,,,1011.9,2005-05-03T22:11:00,,,,1008.3,2005-05-03T15:39:00,,,,,,,,,,,,,,,,,,,5.8,29.6,8.9,2005-05-03T12:00:00,,,,15.8,,,0,,1,,2,,1,,4,,1,,2,,2,,2,,0,,0,,0,,0,,0,,0,,0,,0,,0,,0,,0,,0,,0,,0,,0,,0,,0,,0,,0,,1,,0,,0,,1,,0,,3,,3,,0,,1,,0,,,80,,,3.5,2005-05-03T12:24:00,,,0.0,,1.3,,3.6,,2.5,,10.2,,2.8,,5.9,,4.7,,4.9,,0.0,,0.0,,0.0,,0.0,,0.0,,0.0,,0.0,,0.0,,0.0,,0.0,,0.0,,0.0,,0.0,,0.0,,0.0,,0.0,,0.0,,0.0,,0.0,,1.8,,0.0,,0.0,,0.7,,0.0,,2.1,,1.9,,0.0,,0.8,,0.0,
2005-05-04,1007.2,1008.3,1009.9,2005-05-04T09:02:00,1004.1,2005-05-04T17:21:00,28.4,31.9,2005-05-04T13:17:00,25.9,2005-05-04T02:38:00,23.9,77,67,2005-05-04T08:15:00,1.9,190,8.3,30,2005-05-04T18:26:00,0.0,0.0,0.0,,0.0,,8.5,65.4,22.96,4.6,30.8,31.0,31.0,29.7,28.4,26.3,,,,,,,5.3,,26.0,2005-05-04T12:02:00,,,,21.8,2005-05-04T23:41:00,,,,,,,3.42,2005-05-04T11:00:00,,,,,,,,,,,,,,89,2005-05-04T02:49:00,,,,,,1011.0,2005-05-04T09:02:00,,,,1005.2,2005-05-04T17:21:00,,,,,,,,,,,,,,,,,,,6.0,29.3,8.9,2005-05-04T12:00:00,,,,18.1,,,0,,0,,1,,2,,0,,1,,0,,0,,0,,0,,1,,0,,0,,0,,0,,0,,1,,0,,1,,4,,2,,0,,0,,0,,0,,0,,0,,0,,1,,0,,0,,3,,4,,2,,0,,1,,0,,0,,,200,,,4.1,2005-05-04T12:12:00,,,0.0,,0.0,,2.7,,7.2,,0.0,,0.9,,0.0,,0.0,,0.0,,0.0,,1.5,,0.0,,0.0,,0.0,,0.0,,0.0,,1.7,,0.0,,2.4,,8.7,,7.6,,0.0,,0.0,,0.0,,0.0,,0.0,,0.0,,0.0,,1.5,,0.0,,0.0,,4.2,,3.9,,1.5,,0.0,,1.7,,0.0,,0.0,
2005-05-05,1002.8,1003.9,1006.2,2005-05-05T00:01:00,998.8,2005-05-05T16:15:00,29.1,34.8,2005-05-05T15:07:00,25.2,2005-05-05T05:35:00,21.9,66,34,2005-05-05T20:34:00,2.6,200,14.7,170,2005-05-05T12:30:00,0.0,0.0,0.0,,0.0,,10.1,77.6,27.83,7.5,31.0,31.1,30.8,29.8,28.7,26.7,,,,,,,5.6,,25.9,2005-05-05T11:21:00,,,,13.1,2005-05-05T20:34:00,,,,,,,4.13,2005-05-05T13:00:00,,,,,,,,,,,,,,82,2005-05-05T04:12:00,,,,,,1007.3,2005-05-05T00:01:00,,,,999.9,2005-05-05T16:15:00,,,,,,,,,,,,,,,,,,,9.6,29.5,10.1,2005-05-05T13:00:00,,,,18.5,,,0,,0,,0,,1,,0,,1,,0,,0,,1,,0,,0,,0,,0,,0,,0,,0,,0,,0,,0,,0,,4,,2,,3,,1,,1,,1,,1,,0,,0,,1,,0,,3,,3,,0,,1,,0,,0,,0,,,200,,,8.0,2005-05-05T14:05:00,,,0.0,,0.0,,0.0,,1.8,,0.0,,1.7,,0.0,,0.0,,1.4,,0.0,,0.0,,0.0,,0.0,,0.0,,0.0,,0.0,,0.0,,0.0,,0.0,,0.0,,26.4,,7.3,,10.5,,2.4,,1.6,,0.3,,1.6,,0.0,,0.0,,1.0,,0.0,,3.4,,2.2,,0.0,,0.9,,0.0,,0.0,,0.0,
2005-05-06,1002.6,1003.7,1005.3,2005-05-06T22:49:00,1000.2,2005-05-06T15:33:00,27.7,31.5,2005-05-06T17:08:00,24.6,2005-05-06T12:16:00,21.5,70,39,2005-05-06T17:07:00,2.3,210,15.3,200,2005-05-06T09:05:00,1.5,1.0,1.0,2005-05-06T11:41:00,1.5,2005-05-06T11:02:00,1.8,13.8,7.95,-1.3,28.6,28.6,28.6,29.2,28.8,26.7,,,,,,,8.3,,24.2,2005-05-06T08:27:00,,,,15.8,2005-05-06T17:07:00,,,,,,,1.89,2005-05-06T10:00:00,,,,,,,,,,,,,,87,2005-05-06T12:16:00,,,,,,1006.4,2005-05-06T22:49:00,,,,1001.3,2005-05-06T15:33:00,,,,,,,,,,,,,,,,,,,6.9,29.0,4.1,2005-05-06T10:00:00,,,,18.8,,,0,,0,,0,,1,,2,,0,,0,,0,,0,,0,,0,,0,,0,,0,,0,,0,,0,,0,,0,,0,,1,,5,,1,,1,,0,,1,,2,,1,,0,,0,,0,,5,,1,,1,,1,,0,,0,,1,,,200,,,8.1,2005-05-06T09:10:00,,,0.0,,0.0,,0.0,,1.4,,7.7,,0.0,,0.0,,0.0,,0.0,,0.0,,0.0,,0.0,,0.0,,0.0,,0.0,,0.0,,0.0,,0.0,,0.0,,0.0,,4.6,,21.2,,1.6,,3.1,,0.0,,1.8,,2.7,,2.0,,0.0,,0.0,,0.0,,6.6,,0.7,,0.5,,0.3,,0.0,,0.0,,0.9,
2005-05-07,1008.2,1009.3,1009.9,2005-05-07T11:07:00,1005.0,2005-05-07T00:05:00,24.9,27.3,2005-05-07T08:43:00,24.1,2005-05-07T05:35:00,21.1,79,71,2005-05-07T08:39:00,2.2,50,10.5,50,2005-05-07T01:14:00,0.0,0.0,0.0,,0.0,,0.9,6.9,8.47,2.6,25.8,26.4,26.6,27.6,27.9,26.7,,,,,,,9.6,,22.4,2005-05-07T00:42:00,,,,20.2,2005-05-07T11:10:00,,,,,,,2.07,2005-05-07T09:00:00,,,,,,,,,,,,,,87,2005-05-07T01:08:00,,,,,,1011.0,2005-05-07T11:07:00,,,,1006.1,2005-05-07T00:05:00,,,,,,,,,,,,,,,,,,,3.2,27.8,4.2,2005-05-07T10:00:00,,,,16.9,,,0,,1,,2,,2,,6,,7,,2,,0,,0,,0,,0,,0,,0,,0,,0,,0,,0,,0,,0,,0,,0,,0,,0,,0,,0,,0,,0,,0,,0,,0,,0,,0,,0,,1,,2,,0,,1,,0,,,50,,,4.9,2005-05-07T01:19:00,,,0.0,,1.0,,2.8,,5.2,,17.1,,20.0,,4.1,,0.0,,0.0,,0.0,,0.0,,0.0,,0.0,,0.0,,0.0,,0.0,,0.0,,0.0,,0.0,,0.0,,0.0,,0.0,,0.0,,0.0,,0.0,,0.0,,0.0,,0.0,,0.0,,0.0,,0.0,,0.0,,0.0,,0.8,,1.7,,0.0,,0.7,,0.0,
2005-05-08,1006.4,1007.5,1008.5,2005-05-08T22:05:00,1004.1,2005-05-08T16:09:00,25.9,29.5,2005-05-08T10:26:00,23.9,2005-05-08T05:01:00,22.6,82,72,2005-05-08T09:35:00,1.3,60,6.2,80,2005-05-08T12:30:00,2.0,2.3,0.5,2005-05-08T19:40:00,1.0,2005-05-08T19:00:00,2.8,21.4,13.52,-2.4,27.3,28.0,28.0,27.7,27.4,26.5,,,,,,,9.0,,24.4,2005-05-08T10:26:00,,,,20.4,2005-05-08T23:19:00,,,,,,,2.86,2005-05-08T11:00:00,,,,,,,,,,,,,,94,2005-05-08T19:48:00,,,,,,1009.6,2005-05-08T22:05:00,,,,1005.2,2005-05-08T16:09:00,,,,,,,,,,,,,,,,,,,5.6,27.6,7.2,2005-05-08T11:00:00,,,,17.9,,,0,,0,,2,,1,,0,,2,,3,,3,,1,,0,,0,,0,,0,,0,,0,,0,,0,,0,,0,,0,,0,,0,,0,,0,,1,,0,,1,,1,,0,,0,,1,,2,,2,,1,,1,,2,,0,,0,,,60,,,3.1,2005-05-08T12:36:00,,,0.0,,0.0,,1.2,,1.8,,0.0,,5.0,,6.8,,6.1,,1.3,,0.0,,0.0,,0.0,,0.0,,0.0,,0.0,,0.0,,0.0,,0.0,,0.0,,0.0,,0.0,,0.0,,0.0,,0.0,,0.9,,0.0,,0.3,,1.7,,0.0,,0.0,,1.1,,1.7,,1.5,,0.7,,0.7,,1.2,,0.0,,0.0,
2005-05-09,1004.1,1005.2,1006.0,2005-05-09T00:01:00,1001.6,2005-05-09T16:20:00,27.5,31.6,2005-05-09T14:10:00,24.3,2005-05-09T01:34:00,22.7,75,58,2005-05-09T17:15:00,1.8,130,7.7,30,2005-05-09T18:14:00,3.0,0.8,1.5,2005-05-09T23:37:00,3.0,2005-05-09T23:13:00,6.3,48.2,23.48,-4.9,30.5,29.8,29.6,28.4,27.5,26.7,,,,,,,7.6,,25.3,2005-05-09T12:05:00,,,,20.0,2005-05-09T07:30:00,,,,,,,4.12,2005-05-09T13:00:00,,,,,,,,,,,,,,91,2005-05-09T23:44:00,,,,,,1007.1,2005-05-09T00:01:00,,,,1002.7,2005-05-09T16:20:00,,,,,,,,,,,,,,,,,,,7.3,28.0,11.2,2005-05-09T12:00:00,,,,20.0,,,0,,0,,1,,2,,2,,1,,2,,0,,0,,0,,1,,1,,1,,3,,1,,0,,0,,0,,0,,0,,0,,0,,0,,0,,0,,0,,0,,0,,0,,0,,0,,2,,1,,1,,3,,0,,2,,0,,,50,,,3.7,2005-05-09T19:36:00,,,0.0,,0.0,,1.8,,3.5,,4.4,,3.0,,4.9,,0.0,,0.0,,0.0,,1.2,,2.3,,2.1,,8.1,,3.3,,0.0,,0.0,,0.0,,0.0,,0.0,,0.0,,0.0,,0.0,,0.0,,0.0,,0.0,,0.0,,0.0,,0.0,,0.0,,0.0,,2.3,,1.2,,1.0,,2.5,,0.0,,1.8,,0.0,
2005-05-10,1005.5,1006.6,1008.1,2005-05-10T21:55:00,1002.7,2005-05-10T04:06:00,24.6,25.3,2005-05-10T00:06:00,23.8,2005-05-10T22:59:00,22.9,90,85,2005-05-10T14:49:00,1.0,310,4.9,220,2005-05-10T13:31:00,8.5,10.2,1.0,2005-05-10T11:01:00,3.0,2005-05-10T10:57:00,0.0,0.0,4.52,-0.3,26.7,26.8,26.9,27.8,27.8,26.4,,,,,,,10.0,,24.3,2005-05-10T12:58:00,,,,22.1,2005-05-10T21:00:00,,,,,,,0.69,2005-05-10T11:00:00,,,,,,,,,,,,,,96,2005-05-10T07:01:00,,,,,,1009.2,2005-05-10T21:55:00,,,,1003.8,2005-05-10T04:06:00,,,,,,,,,,,,,,,,,,,1.5,28.0,2.1,2005-05-10T11:00:00,,,,14.4,,,2,,1,,0,,2,,0,,0,,0,,0,,0,,0,,0,,0,,0,,0,,0,,0,,0,,0,,0,,0,,0,,1,,0,,1,,1,,1,,1,,0,,0,,1,,0,,4,,1,,4,,1,,2,,1,,0,,,30,,,2.4,2005-05-10T11:53:00,,,0.1,,0.9,,0.0,,3.1,,0.0,,0.0,,0.0,,0.0,,0.0,,0.0,,0.0,,0.0,,0.0,,0.0,,0.0,,0.0,,0.0,,0.0,,0.0,,0.0,,0.0,,1.6,,0.0,,1.7,,0.4,,0.4,,0.9,,0.0,,0.0,,1.2,,0.0,,4.5,,0.9,,3.7,,0.7,,2.6,,1.1,,0.0,
2005-05-11,1007.1,1008.2,1009.1,2005-05-11T22:19:00,1005.0,2005-05-11T03:42:00,26.3,29.9,2005-05-11T11:03:00,23.3,2005-05-11T05:10:00,22.6,80,68,2005-05-11T10:01:00,1.4,60,6.5,90,2005-05-11T11:29:00,0.0,0.0,0.0,,0.0,,3.8,29.0,16.33,3.5,28.3,27.8,27.8,27.3,27.7,26.2,,,,,,,8.3,,24.3,2005-05-11T13:44:00,,,,21.1,2005-05-11T02:16:00,,,,,,,3.57,2005-05-11T12:00:00,,,,,,,,,,,,,,92,2005-05-11T00:01:00,,,,,,1010.2,2005-05-11T22:19:00,,,,1006.1,2005-05-11T03:42:00,,,,,,,,,,,,,,,,,,,6.6,27.5,9.6,2005-05-11T12:00:00,,,,17.9,,,1,,2,,0,,0,,0,,1,,5,,2,,1,,0,,0,,1,,0,,0,,0,,0,,0,,0,,0,,0,,0,,0,,0,,0,,0,,0,,0,,0,,0,,1,,0,,3,,5,,2,,0,,0,,0,,0,,,70,,,3.5,2005-05-11T11:36:00,,,0.1,,1.8,,0.0,,0.0,,0.0,,2.3,,11.3,,3.1,,2.0,,0.0,,0.0,,2.0,,0.0,,0.0,,0.0,,0.0,,0.0,,0.0,,0.0,,0.0,,0.0,,0.0,,0.0,,0.0,,0.0,,0.0,,0.0,,0.0,,0.0,,1.5,,0.0,,3.2,,4.3,,1.7,,0.0,,0.0,,0.0,,0.0,
2005-05-12,1008.0,1009.1,1009.4,2005-05-12T08:19:00,1006.3,2005-05-12T16:13:00,26.5,29.7,2005-05-12T11:05:00,24.6,2005-05-12T05:05:00,22.7,80,68,2005-05-12T09:58:00,1.2,320,5.2,40,2005-05-12T16:14:00,1.0,0.3,0.8,2005-05-12T14:05:00,0.8,2005-05-12T14:05:00,0.9,6.9,10.91,-1.3,27.9,27.7,27.8,27.9,27.4,26.2,,,,,,,8.5,,25.4,2005-05-12T14:29:00,,,,21.6,2005-05-12T06:21:00,,,,,,,2.74,2005-05-12T12:00:00,,,,,,,,,,,,,,90,2005-05-12T14:15:00,,,,,,1010.5,2005-05-12T08:19:00,,,,1007.4,2005-05-12T16:13:00,,,,,,,,,,,,,,,,,,,5.1,27.8,8.4,2005-05-12T12:00:00,,,,16.6,,,0,,1,,0,,0,,0,,2,,2,,1,,1,,0,,1,,0,,1,,0,,1,,0,,0,,0,,0,,0,,0,,0,,0,,0,,0,,0,,0,,0,,0,,0,,0,,3,,4,,2,,3,,1,,1,,0,,,120,,,2.5,2005-05-12T11:30:00,,,0.0,,0.6,,0.0,,0.0,,0.0,,3.3,,3.3,,1.1,,1.4,,0.0,,1.8,,0.0,,1.6,,0.0,,2.2,,0.0,,0.0,,0.0,,0.0,,0.0,,0.0,,0.0,,0.0,,0.0,,0.0,,0.0,,0.0,,0.0,,0.0,,0.0,,0.0,,3.8,,4.3,,1.6,,2.0,,0.6,,0.6,,0.0,
2005-05-13,1005.9,1007.0,1008.3,2005-05-13T09:03:00,1003.1,2005-05-13T16:56:00,25.6,28.7,2005-05-13T14:09:00,24.2,2005-05-13T06:55:00,22.5,83,71,2005-05-13T14:11:00,1.0,330,6.1,330,2005-05-13T14:26:00,3.0,2.3,1.0,2005-05-13T08:57:00,1.5,2005-05-13T06:34:00,0.9,6.8,7.74,-1.7,27.1,27.1,27.1,27.5,27.6,26.3,,,,,,,8.4,,24.5,2005-05-13T12:47:00,,,,21.3,2005-05-13T22:43:00,,,,,,,1.39,2005-05-13T13:00:00,,,,,,,,,,,,,,92,2005-05-13T07:54:00,,,,,,1009.4,2005-05-13T09:03:00,,,,1004.2,2005-05-13T16:56:00,,,,,,,,,,,,,,,,,,,4.5,27.6,4.5,2005-05-13T13:00:00,,,,19.1,,,1,,0,,0,,1,,1,,0,,0,,0,,0,,0,,0,,0,,0,,0,,0,,0,,0,,0,,0,,0,,0,,0,,0,,0,,0,,0,,0,,0,,0,,0,,2,,1,,4,,4,,2,,4,,4,,0,,,30,,,2.3,2005-05-13T20:46:00,,,0.2,,0.0,,0.0,,2.1,,1.4,,0.0,,0.0,,0.0,,0.0,,0.0,,0.0,,0.0,,0.0,,0.0,,0.0,,0.0,,0.0,,0.0,,0.0,,0.0,,0.0,,0.0,,0.0,,0.0,,0.0,,0.0,,0.0,,0.0,,0.0,,0.0,,1.9,,1.1,,4.1,,4.2,,2.2,,3.1,,3.7,,0.0,
2005-05-14,1005.4,1006.5,1007.8,2005-05-14T22:34:00,1002.5,2005-05-14T15:39:00,26.7,31.0,2005-05-14T14:04:00,24.0,2005-05-14T03:46:00,22.6,78,66,2005-05-14T11:39:00,1.6,50,8.9,40,2005-05-14T17:23:00,0.0,0.0,0.0,,0.0,,3.3,25.1,15.13,3.1,28.5,27.7,27.5,27.5,27.1,26.2,,,,,,,6.4,,24.5,2005-05-14T13:42:00,,,,21.0,2005-05-14T06:26:00,,,,,,,2.49,2005-05-14T14:00:00,,,,,,,,,,,,,,89,2005-05-14T23:25:00,,,,,,1008.9,2005-05-14T22:34:00,,,,1003.6,2005-05-14T15:39:00,,,,,,,,,,,,,,,,,,,7.0,27.3,6.7,2005-05-14T14:00:00,,,,21.3,,,3,,0,,0,,1,,2,,6,,1,,1,,0,,0,,0,,0,,0,,0,,0,,0,,0,,0,,0,,0,,0,,0,,1,,0,,0,,0,,0,,0,,0,,0,,0,,2,,3,,2,,1,,1,,0,,0,,,50,,,4.1,2005-05-14T16:42:00,,,0.3,,0.0,,0.0,,1.8,,4.8,,17.6,,2.5,,2.4,,0.0,,0.0,,0.0,,0.0,,0.0,,0.0,,0.0,,0.0,,0.0,,0.0,,0.0,,0.0,,0.0,,0.0,,0.5,,0.0,,0.0,,0.0,,0.0,,0.0,,0.0,,0.0,,0.0,,2.0,,3.7,,2.1,,1.1,,0.7,,0.0,,0.0,
2005-05-15,1009.0,1010.1,1011.5,2005-05-15T21:24:00,1005.8,2005-05-15T01:41:00,27.2,29.0,2005-05-15T08:09:00,25.5,2005-05-15T03:11:00,23.6,81,72,2005-05-15T08:07:00,1.1,50,5.3,50,2005-05-15T10:44:00,-9.8,0.8,-9.8,2005-05-15T11:33:00,-9.8,2005-05-15T11:33:00,1.1,8.3,9.66,-1.4,27.7,27.8,27.8,27.9,27.3,26.2,,,,,,,8.9,,25.3,2005-05-15T11:55:00,,,,22.5,2005-05-15T04:45:00,,,,,,,1.33,2005-05-15T08:00:00,,,,,,,,,,,,,,89,2005-05-15T00:01:00,,,,,,1012.6,2005-05-15T21:24:00,,,,1006.9,2005-05-15T01:41:00,,,,,,,,,,,,,,,,,,,3.5,27.7,3.7,2005-05-15T11:00:00,,,,16.9,,,2,,1,,2,,3,,2,,4,,3,,1,,0,,0,,0,,0,,0,,0,,0,,0,,0,,0,,0,,0,,0,,0,,0,,0,,0,,0,,0,,0,,0,,0,,0,,0,,2,,2,,1,,0,,1,,0,,,50,,,2.7,2005-05-15T10:46:00,,,0.2,,1.2,,1.5,,3.9,,2.4,,7.7,,5.1,,0.9,,0.0,,0.0,,0.0,,0.0,,0.0,,0.0,,0.0,,0.0,,0.0,,0.0,,0.0,,0.0,,0.0,,0.0,,0.0,,0.0,,0.0,,0.0,,0.0,,0.0,,0.0,,0.0,,0.0,,0.0,,1.0,,1.1,,1.0,,0.0,,1.0,,0.0,
2005-05-16,1009.8,1010.9,1011.2,2005-05-16T21:57:00,1008.4,2005-05-16T15:20:00,27.9,31.6,2005-05-16T13:02:00,25.6,2005-05-16T02:04:00,24.5,82,69,2005-05-16T13:22:00,2.1,50,9.4,60,2005-05-16T17:38:00,6.5,0.9,3.5,2005-05-16T23:18:00,6.5,2005-05-16T22:55:00,5.6,42.4,21.8,-4.6,30.0,29.5,29.2,28.5,27.4,26.3,,,,,,,7.3,,26.1,2005-05-16T11:21:00,,,,22.8,2005-05-16T00:45:00,,,,,,,3.76,2005-05-16T11:00:00,,,,,,,,,,,,,,95,2005-05-16T23:35:00,,,,,,1012.3,2005-05-16T21:57:00,,,,1009.5,2005-05-16T15:20:00,,,,,,,,,,,,,,,,,,,6.0,28.1,10.4,2005-05-16T11:00:00,,,,18.4,,,0,,0,,1,,0,,3,,9,,2,,0,,0,,1,,0,,0,,0,,0,,0,,0,,0,,0,,0,,0,,0,,0,,0,,0,,0,,0,,0,,0,,0,,0,,0,,0,,1,,1,,2,,3,,1,,0,,,40,,,4.4,2005-05-16T10:23:00,,,0.0,,0.0,,1.2,,0.0,,6.7,,27.1,,5.2,,0.0,,0.0,,2.3,,0.0,,0.0,,0.0,,0.0,,0.0,,0.0,,0.0,,0.0,,0.0,,0.0,,0.0,,0.0,,0.0,,0.0,,0.0,,0.0,,0.0,,0.0,,0.0,,0.0,,0.0,,0.0,,0.9,,0.9,,1.5,,2.2,,1.5,,0.0,
2005-05-17,1008.9,1010.0,1010.7,2005-05-17T09:17:00,1007.0,2005-05-17T16:13:00,29.0,32.9,2005-05-17T13:49:00,25.8,2005-05-17T05:12:00,25.1,80,69,2005-05-17T08:06:00,1.5,330,6.4,80,2005-05-17T11:01:00,0.0,0.0,0.0,,0.0,,9.3,70.4,26.64,6.9,31.4,30.6,30.1,29.5,28.0,26.4,,,,,,,4.3,,27.7,2005-05-17T13:34:00,,,,22.9,2005-05-17T07:36:00,,,,,,,3.68,2005-05-17T12:00:00,,,,,,,,,,,,,,95,2005-05-17T00:01:00,,,,,,1011.8,2005-05-17T09:17:00,,,,1008.1,2005-05-17T16:13:00,,,,,,,,,,,,,,,,,,,7.1,29.0,11.0,2005-05-17T12:00:00,,,,20.0,,,0,,2,,0,,1,,0,,0,,2,,0,,1,,1,,3,,0,,3,,0,,0,,0,,0,,0,,0,,0,,0,,0,,0,,0,,0,,0,,0,,0,,0,,0,,0,,3,,2,,4,,0,,2,,0,,0,,,110,,,3.1,2005-05-17T13:59:00,,,0.0,,2.0,,0.0,,2.0,,0.0,,0.0,,3.4,,0.0,,2.4,,2.1,,7.7,,0.0,,8.1,,0.0,,0.0,,0.0,,0.0,,0.0,,0.0,,0.0,,0.0,,0.0,,0.0,,0.0,,0.0,,0.0,,0.0,,0.0,,0.0,,0.0,,0.0,,3.0,,1.9,,2.9,,0.0,,1.1,,0.0,,0.0,
2005-05-18,1008.0,1009.1,1010.3,2005-05-18T22:15:00,1006.2,2005-05-18T16:04:00,29.4,33.1,2005-05-18T14:04:00,26.0,2005-05-18T04:38:00,24.7,76,65,2005-05-18T07:44:00,2.0,340,7.6,70,2005-05-18T16:07:00,0.0,0.0,0.0,,0.0,,9.7,73.3,26.54,5.4,31.9,31.0,30.7,30.1,28.7,26.7,,,,,,,4.1,,27.0,2005-05-18T12:52:00,,,,21.8,2005-05-18T02:27:00,,,,,,,3.6,2005-05-18T13:00:00,,,,,,,,,,,,,,84,2005-05-18T01:03:00,,,,,,1011.4,2005-05-18T22:15:00,,,,1007.3,2005-05-18T16:04:00,,,,,,,,,,,,,,,,,,,7.1,29.7,10.9,2005-05-18T12:00:00,,,,20.0,,,0,,0,,0,,2,,1,,1,,2,,2,,1,,1,,2,,0,,0,,0,,0,,0,,0,,0,,0,,0,,0,,0,,0,,0,,0,,0,,0,,0,,0,,0,,0,,2,,1,,3,,3,,2,,1,,0,,,40,,,3.7,2005-05-18T19:10:00,,,0.0,,0.0,,0.0,,5.7,,3.1,,3.2,,6.1,,5.6,,2.8,,1.7,,6.3,,0.0,,0.0,,0.0,,0.0,,0.0,,0.0,,0.0,,0.0,,0.0,,0.0,,0.0,,0.0,,0.0,,0.0,,0.0,,0.0,,0.0,,0.0,,0.0,,0.0,,2.5,,1.0,,3.0,,3.6,,2.0,,1.3,,0.0,
2005-05-19,1010.1,1011.2,1012.0,2005-05-19T21:58:00,1008.7,2005-05-19T14:10:00,28.1,32.4,2005-05-19T10:40:00,25.4,2005-05-19T17:21:00,23.9,78,62,2005-05-19T10:35:00,2.2,70,14.4,20,2005-05-19T00:27:00,6.0,2.9,2.0,2005-05-19T16:41:00,4.5,2005-05-19T16:09:00,6.1,46.1,20.29,-4.3,30.7,30.6,30.5,30.3,29.1,26.8,,,,,,,7.8,,25.3,2005-05-19T13:31:00,,,,22.0,2005-05-19T04:06:00,,,,,,,3.68,2005-05-19T13:00:00,,,,,,,,,,,,,,94,2005-05-19T17:06:00,,,,,,1013.1,2005-05-19T21:58:00,,,,1009.8,2005-05-19T14:10:00,,,,,,,,,,,,,,,,,,,7.0,29.9,10.9,2005-05-19T12:00:00,,,,18.8,,,0,,1,,1,,1,,2,,2,,2,,5,,1,,0,,0,,0,,0,,0,,0,,0,,0,,0,,0,,0,,0,,0,,0,,0,,0,,0,,0,,0,,0,,0,,0,,0,,3,,3,,0,,1,,2,,0,,,40,,,5.8,2005-05-19T00:40:00,,,0.0,,1.3,,3.2,,3.7,,9.5,,4.6,,3.6,,12.7,,2.8,,0.0,,0.0,,0.0,,0.0,,0.0,,0.0,,0.0,,0.0,,0.0,,0.0,,0.0,,0.0,,0.0,,0.0,,0.0,,0.0,,0.0,,0.0,,0.0,,0.0,,0.0,,0.0,,0.0,,3.5,,2.5,,0.0,,1.8,,2.5,,0.0,
2005-05-20,1010.1,1011.2,1011.6,2005-05-20T22:49:00,1008.1,2005-05-20T15:46:00,27.6,31.0,2005-05-20T11:40:00,25.4,2005-05-20T23:41:00,24.1,82,70,2005-05-20T10:36:00,1.7,60,6.4,20,2005-05-20T13:26:00,2.0,2.8,0.5,2005-05-20T18:45:00,1.0,2005-05-20T23:20:00,3.3,24.9,17.9,-3.6,29.4,29.8,29.8,29.7,29.0,27.1,,,,,,,8.9,,25.5,2005-05-20T13:22:00,,,,22.2,2005-05-20T05:18:00,,,,,,,3.16,2005-05-20T10:00:00,,,,,,,,,,,,,,94,2005-05-20T21:09:00,,,,,,1012.7,2005-05-20T22:49:00,,,,1009.2,2005-05-20T15:46:00,,,,,,,,,,,,,,,,,,,5.6,29.6,8.5,2005-05-20T11:00:00,,,,18.8,,,0,,2,,0,,3,,1,,1,,6,,1,,3,,0,,0,,0,,0,,0,,0,,0,,0,,0,,0,,0,,0,,0,,0,,0,,0,,0,,0,,0,,0,,0,,0,,0,,2,,0,,1,,1,,3,,0,,,80,,,3.2,2005-05-20T12:03:00,,,0.0,,1.7,,0.0,,7.8,,1.9,,1.5,,11.8,,1.3,,8.3,,0.0,,0.0,,0.0,,0.0,,0.0,,0.0,,0.0,,0.0,,0.0,,0.0,,0.0,,0.0,,0.0,,0.0,,0.0,,0.0,,0.0,,0.0,,0.0,,0.0,,0.0,,0.0,,0.0,,1.3,,0.0,,0.7,,1.0,,2.4,,0.0,
2005-05-21,1008.4,1009.5,1011.1,2005-05-21T00:01:00,1006.5,2005-05-21T16:09:00,27.2,31.0,2005-05-21T10:54:00,24.9,2005-05-21T00:29:00,24.1,83,69,2005-05-21T11:01:00,0.9,330,4.4,300,2005-05-21T06:20:00,0.5,2.4,0.5,2005-05-21T14:15:00,0.5,2005-05-21T13:50:00,2.5,18.8,13.61,-3.1,28.9,29.4,29.4,29.4,29.0,27.2,,,,,,,7.9,,25.4,2005-05-21T10:55:00,,,,22.8,2005-05-21T08:29:00,,,,,,,3.7,2005-05-21T11:00:00,,,,,,,,,,,,,,95,2005-05-21T02:20:00,,,,,,1012.2,2005-05-21T00:01:00,,,,1007.6,2005-05-21T16:09:00,,,,,,,,,,,,,,,,,,,6.1,29.3,9.5,2005-05-21T11:00:00,,,,17.3,,,2,,0,,0,,0,,1,,0,,0,,0,,0,,0,,0,,0,,1,,0,,0,,0,,1,,2,,1,,0,,0,,0,,0,,0,,0,,0,,0,,0,,1,,0,,0,,2,,2,,5,,5,,0,,1,,0,,,170,,,2.4,2005-05-21T10:10:00,,,0.2,,0.0,,0.0,,0.0,,0.4,,0.0,,0.0,,0.0,,0.0,,0.0,,0.0,,0.0,,2.1,,0.0,,0.0,,0.0,,1.1,,1.7,,1.9,,0.0,,0.0,,0.0,,0.0,,0.0,,0.0,,0.0,,0.0,,0.0,,0.8,,0.0,,0.0,,2.7,,1.5,,4.1,,3.8,,0.0,,1.0,,0.0,
2005-05-22,1006.7,1007.8,1009.2,2005-05-22T22:23:00,1005.1,2005-05-22T15:19:00,29.1,32.7,2005-05-22T13:43:00,24.9,2005-05-22T05:19:00,24.2,75,63,2005-05-22T08:23:00,1.7,320,5.8,20,2005-05-22T09:13:00,0.0,0.0,0.0,,0.0,,11.9,89.6,28.38,6.9,31.8,31.5,31.1,29.9,28.6,27.2,,,,,,,3.1,,26.2,2005-05-22T14:22:00,,,,20.9,2005-05-22T07:12:00,,,,,,,3.6,2005-05-22T13:00:00,,,,,,,,,,,,,,88,2005-05-22T00:17:00,,,,,,1010.3,2005-05-22T22:23:00,,,,1006.2,2005-05-22T15:19:00,,,,,,,,,,,,,,,,,,,7.8,29.5,10.3,2005-05-22T12:00:00,,,,18.8,,,0,,0,,1,,0,,0,,1,,2,,1,,1,,1,,2,,2,,0,,0,,0,,0,,0,,0,,0,,0,,0,,0,,0,,0,,0,,1,,0,,1,,0,,0,,0,,2,,5,,3,,1,,0,,0,,0,,,110,,,3.5,2005-05-22T11:29:00,,,0.0,,0.0,,0.8,,0.0,,0.0,,1.7,,4.8,,2.4,,2.5,,2.2,,6.2,,5.0,,0.0,,0.0,,0.0,,0.0,,0.0,,0.0,,0.0,,0.0,,0.0,,0.0,,0.0,,0.0,,0.0,,1.0,,0.0,,2.0,,0.0,,0.0,,0.0,,3.4,,5.5,,2.8,,0.9,,0.0,,0.0,,0.0,
2005-05-23,1007.9,1009.0,1009.2,2005-05-23T07:21:00,1006.0,2005-05-23T16:03:00,29.4,32.8,2005-05-23T13:43:00,26.3,2005-05-23T05:23:00,23.3,70,58,2005-05-23T16:00:00,1.6,310,5.3,40,2005-05-23T17:45:00,0.0,0.0,0.0,,0.0,,10.2,76.7,25.94,5.5,32.5,32.6,28.7,30.9,29.4,27.4,,,,,,,2.3,,26.7,2005-05-23T13:43:00,,,,20.0,2005-05-23T06:06:00,,,,,,,3.6,2005-05-23T13:00:00,,,,,,,,,,,,,,81,2005-05-23T02:08:00,,,,,,1010.3,2005-05-23T07:21:00,,,,1007.1,2005-05-23T16:03:00,,,,,,,,,,,,,,,,,,,6.5,30.3,10.4,2005-05-23T12:00:00,,,,20.4,,,0,,1,,0,,0,,1,,0,,0,,1,,0,,1,,0,,0,,0,,1,,0,,0,,2,,0,,2,,2,,0,,0,,0,,0,,0,,0,,0,,0,,0,,0,,0,,6,,4,,1,,1,,0,,1,,0,,,60,,,2.6,2005-05-23T17:14:00,,,0.0,,1.7,,0.0,,0.0,,2.5,,0.0,,0.0,,1.8,,0.0,,1.8,,0.0,,0.0,,0.0,,2.1,,0.0,,0.0,,3.7,,0.0,,4.5,,4.7,,0.0,,0.0,,0.0,,0.0,,0.0,,0.0,,0.0,,0.0,,0.0,,0.0,,0.0,,9.6,,4.3,,0.7,,0.6,,0.0,,1.1,,0.0,
2005-05-24,1006.4,1007.5,1008.9,2005-05-24T00:04:00,1002.6,2005-05-24T16:32:00,28.9,33.0,2005-05-24T14:27:00,26.4,2005-05-24T04:36:00,24.2,76,59,2005-05-24T17:29:00,1.8,320,9.9,230,2005-05-24T15:10:00,-9.8,0.3,-9.8,2005-05-24T22:55:00,-9.8,2005-05-24T22:55:00,6.0,45.1,20.92,-5.0,31.3,32.2,31.7,30.8,29.8,27.7,,,,,,,6.5,,26.3,2005-05-24T13:01:00,,,,22.7,2005-05-24T17:30:00,,,,,,,3.84,2005-05-24T12:00:00,,,,,,,,,,,,,,86,2005-05-24T23:33:00,,,,,,1010.0,2005-05-24T00:04:00,,,,1003.7,2005-05-24T16:32:00,,,,,,,,,,,,,,,,,,,6.6,30.4,11.1,2005-05-24T12:00:00,,,,17.8,,,0,,0,,2,,0,,1,,2,,0,,0,,0,,1,,0,,0,,0,,0,,0,,0,,0,,0,,2,,1,,1,,2,,3,,0,,1,,0,,0,,0,,0,,1,,0,,1,,4,,1,,1,,0,,0,,0,,,220,,,5.0,2005-05-24T15:18:00,,,0.0,,0.0,,3.4,,0.0,,4.8,,4.9,,0.0,,0.0,,0.0,,1.2,,0.0,,0.0,,0.0,,0.0,,0.0,,0.0,,0.0,,0.0,,3.5,,2.3,,1.8,,3.1,,9.7,,0.0,,0.6,,0.0,,0.0,,0.0,,0.0,,1.0,,0.0,,1.3,,4.3,,0.9,,0.7,,0.0,,0.0,,0.0,
2005-05-25,1007.4,1008.5,1009.8,2005-05-25T22:46:00,1006.0,2005-05-25T01:52:00,27.7,30.7,2005-05-25T10:44:00,24.8,2005-05-25T23:59:00,23.4,78,67,2005-05-25T09:30:00,2.3,50,10.9,70,2005-05-25T10:44:00,-9.8,0.5,-9.8,2005-05-25T23:30:00,-9.8,2005-05-25T23:30:00,2.9,21.8,15.55,-4.1,30.3,31.2,30.7,30.5,29.9,28.8,,,,,,,8.1,,25.1,2005-05-25T00:16:00,,,,21.8,2005-05-25T04:11:00,,,,,,,2.99,2005-05-25T12:00:00,,,,,,,,,,,,,,90,2005-05-25T23:59:00,,,,,,1010.9,2005-05-25T22:46:00,,,,1007.1,2005-05-25T01:52:00,,,,,,,,,,,,,,,,,,,5.9,30.3,8.5,2005-05-25T12:00:00,,,,17.4,,,0,,0,,1,,3,,4,,4,,3,,0,,0,,1,,0,,0,,0,,0,,0,,0,,0,,0,,0,,0,,0,,0,,0,,0,,1,,0,,1,,0,,1,,0,,1,,2,,0,,0,,2,,0,,0,,0,,,50,,,5.4,2005-05-25T11:37:00,,,0.0,,0.0,,1.0,,6.5,,13.8,,14.1,,12.2,,0.0,,0.0,,0.9,,0.0,,0.0,,0.0,,0.0,,0.0,,0.0,,0.0,,0.0,,0.0,,0.0,,0.0,,0.0,,0.0,,0.0,,0.8,,0.0,,0.4,,0.0,,0.7,,0.0,,0.6,,2.4,,0.0,,0.0,,0.9,,0.0,,0.0,,0.0,
2005-05-26,1008.7,1009.8,1009.7,2005-05-26T21:35:00,1007.5,2005-05-26T15:33:00,26.8,30.8,2005-05-26T10:55:00,24.2,2005-05-26T01:42:00,22.8,79,66,2005-05-26T10:55:00,1.7,320,8.3,50,2005-05-26T10:24:00,1.0,2.8,0.5,2005-05-26T00:01:00,0.5,2005-05-26T00:01:00,4.7,35.3,18.69,2.3,30.2,30.5,30.2,30.0,29.6,27.7,,,,,,,8.6,,24.7,2005-05-26T12:29:00,,,,21.8,2005-05-26T15:52:00,,,,,,,3.64,2005-05-26T12:00:00,,,,,,,,,,,,,,94,2005-05-26T01:31:00,,,,,,1010.8,2005-05-26T21:35:00,,,,1008.6,2005-05-26T15:33:00,,,,,,,,,,,,,,,,,,,6.6,29.7,10.1,2005-05-26T12:00:00,,,,17.9,,,0,,0,,0,,2,,0,,1,,2,,3,,1,,1,,0,,0,,0,,0,,0,,0,,0,,0,,0,,0,,0,,0,,0,,0,,0,,0,,0,,0,,0,,0,,0,,2,,7,,2,,2,,1,,0,,0,,,40,,,4.0,2005-05-26T00:07:00,,,0.0,,0.0,,0.0,,3.9,,0.0,,3.9,,5.5,,8.2,,2.3,,2.8,,0.0,,0.0,,0.0,,0.0,,0.0,,0.0,,0.0,,0.0,,0.0,,0.0,,0.0,,0.0,,0.0,,0.0,,0.0,,0.0,,0.0,,0.0,,0.0,,0.0,,0.0,,2.8,,6.5,,2.8,,0.8,,1.1,,0.0,,0.0,
2005-05-27,1006.2,1007.3,1008.8,2005-05-27T00:01:00,1004.2,2005-05-27T18:20:00,27.5,31.0,2005-05-27T10:07:00,25.4,2005-05-27T00:14:00,22.9,76,63,2005-05-27T08:18:00,1.1,320,4.5,110,2005-05-27T09:26:00,-9.8,0.4,-9.8,2005-05-27T14:01:00,-9.8,2005-05-27T13:55:00,4.2,31.5,15.46,-5.5,29.8,30.3,30.6,29.7,29.4,27.7,,,,,,,9.3,,24.5,2005-05-27T16:33:00,,,,21.2,2005-05-27T07:59:00,,,,,,,3.01,2005-05-27T10:00:00,,,,,,,,,,,,,,83,2005-05-27T15:54:00,,,,,,1009.9,2005-05-27T00:01:00,,,,1005.3,2005-05-27T18:20:00,,,,,,,,,,,,,,,,,,,5.6,29.9,6.8,2005-05-27T11:00:00,,,,16.6,,,2,,1,,1,,0,,0,,0,,1,,0,,0,,0,,0,,0,,1,,1,,0,,2,,0,,2,,0,,0,,0,,0,,0,,1,,0,,0,,0,,0,,0,,0,,1,,3,,4,,2,,2,,0,,0,,0,,,120,,,2.9,2005-05-27T09:27:00,,,0.3,,1.4,,0.9,,0.0,,0.0,,0.0,,0.8,,0.0,,0.0,,0.0,,0.0,,0.0,,2.3,,2.7,,0.0,,3.6,,0.0,,2.4,,0.0,,0.0,,0.0,,0.0,,0.0,,0.8,,0.0,,0.0,,0.0,,0.0,,0.0,,0.0,,0.9,,3.2,,2.8,,1.5,,2.1,,0.0,,0.0,,0.0,
2005-05-28,1006.0,1007.1,1008.6,2005-05-28T22:13:00,1004.3,2005-05-28T01:48:00,27.3,32.9,2005-05-28T12:21:00,24.8,2005-05-28T23:35:00,23.7,81,62,2005-05-28T10:29:00,1.6,70,7.9,70,2005-05-28T10:01:00,12.0,4.3,3.0,2005-05-28T17:21:00,5.5,2005-05-28T17:10:00,6.2,46.4,18.28,-3.2,30.0,30.8,30.6,29.7,29.2,27.7,,,,,,,7.5,,26.2,2005-05-28T14:39:00,,,,22.3,2005-05-28T04:23:00,,,,,,,3.87,2005-05-28T12:00:00,,,,,,,,,,,,,,95,2005-05-28T20:45:00,,,,,,1009.7,2005-05-28T22:13:00,,,,1005.4,2005-05-28T01:48:00,,,,,,,,,,,,,,,,,,,8.1,29.7,10.2,2005-05-28T12:00:00,,,,15.9,,,1,,1,,3,,0,,1,,1,,0,,3,,2,,0,,0,,0,,0,,0,,0,,0,,0,,0,,0,,0,,0,,0,,0,,0,,0,,0,,0,,0,,0,,0,,0,,3,,3,,2,,2,,1,,1,,0,,,50,,,4.1,2005-05-28T10:15:00,,,0.1,,1.1,,5.2,,0.0,,3.8,,3.2,,0.0,,7.8,,6.5,,0.0,,0.0,,0.0,,0.0,,0.0,,0.0,,0.0,,0.0,,0.0,,0.0,,0.0,,0.0,,0.0,,0.0,,0.0,,0.0,,0.0,,0.0,,0.0,,0.0,,0.0,,0.0,,3.4,,2.8,,2.1,,1.8,,0.9,,0.5,,0.0,
2005-05-29,1007.8,1008.9,1010.0,2005-05-29T22:51:00,1006.2,2005-05-29T14:11:00,26.6,32.0,2005-05-29T12:46:00,23.6,2005-05-29T23:57:00,23.1,82,64,2005-05-29T11:04:00,2.2,50,13.6,60,2005-05-29T14:24:00,15.5,4.7,3.0,2005-05-29T16:14:00,6.0,2005-05-29T15:57:00,5.9,44.1,19.56,-3.9,29.0,29.6,29.4,29.1,29.1,27.7,,,,,,,7.0,,25.2,2005-05-29T12:15:00,,,,21.8,2005-05-29T05:19:00,,,,,,,3.85,2005-05-29T13:00:00,,,,,,,,,,,,,,95,2005-05-29T17:36:00,,,,,,1011.1,2005-05-29T22:51:00,,,,1007.3,2005-05-29T14:11:00,,,,,,,,,,,,,,,,,,,8.4,29.7,10.7,2005-05-29T13:00:00,,,,17.5,,,1,,1,,1,,0,,3,,4,,2,,0,,0,,0,,0,,0,,0,,0,,0,,0,,0,,0,,0,,0,,0,,0,,0,,0,,0,,0,,0,,0,,0,,0,,0,,2,,3,,2,,0,,3,,2,,0,,,50,,,5.9,2005-05-29T14:33:00,,,0.1,,1.0,,2.2,,0.0,,13.5,,16.9,,7.2,,0.0,,0.0,,0.0,,0.0,,0.0,,0.0,,0.0,,0.0,,0.0,,0.0,,0.0,,0.0,,0.0,,0.0,,0.0,,0.0,,0.0,,0.0,,0.0,,0.0,,0.0,,0.0,,0.0,,0.0,,2.4,,4.2,,1.4,,0.0,,2.9,,2.1,,0.0,
2005-05-30,1008.6,1009.7,1010.0,2005-05-30T08:47:00,1007.2,2005-05-30T15:59:00,26.6,31.0,2005-05-30T13:11:00,23.6,2005-05-30T00:02:00,21.5,74,56,2005-05-30T11:22:00,2.2,40,9.8,40,2005-05-30T10:47:00,0.0,0.0,0.0,,0.0,,2.1,15.7,17.97,5.1,29.8,29.1,28.8,29.0,28.8,27.7,,,,,,,8.9,,23.6,2005-05-30T09:03:00,,,,20.0,2005-05-30T11:23:00,,,,,,,3.14,2005-05-30T12:00:00,,,,,,,,,,,,,,95,2005-05-30T00:13:00,,,,,,1011.1,2005-05-30T08:47:00,,,,1008.3,2005-05-30T15:59:00,,,,,,,,,,,,,,,,,,,7.4,29.1,9.4,2005-05-30T12:00:00,,,,17.5,,,0,,2,,0,,1,,4,,4,,1,,1,,0,,0,,0,,0,,0,,0,,0,,0,,0,,0,,0,,0,,0,,0,,0,,0,,0,,0,,0,,0,,0,,0,,0,,1,,1,,3,,2,,3,,1,,0,,,40,,,4.7,2005-05-30T10:53:00,,,0.0,,3.4,,0.0,,2.6,,15.0,,12.7,,3.0,,2.8,,0.0,,0.0,,0.0,,0.0,,0.0,,0.0,,0.0,,0.0,,0.0,,0.0,,0.0,,0.0,,0.0,,0.0,,0.0,,0.0,,0.0,,0.0,,0.0,,0.0,,0.0,,0.0,,0.0,,1.1,,1.4,,3.5,,2.2,,3.4,,1.8,,0.0,
2005-05-31,1006.6,1007.7,1008.4,2005-05-31T00:01:00,1005.0,2005-05-31T16:19:00,26.4,30.9,2005-05-31T11:14:00,24.3,2005-05-31T04:06:00,22.4,79,63,2005-05-31T10:28:00,1.1,320,5.0,330,2005-05-31T05:37:00,2.0,5.0,0.5,2005-05-31T20:10:00,1.5,2005-05-31T20:10:00,3.3,24.7,15.79,-1.7,28.4,28.9,28.7,29.0,28.7,27.6,,,,,,,9.0,,24.4,2005-05-31T14:48:00,,,,20.4,2005-05-31T00:24:00,,,,,,,3.24,2005-05-31T10:00:00,,,,,,,,,,,,,,94,2005-05-31T20:48:00,,,,,,1009.5,2005-05-31T00:01:00,,,,1006.1,2005-05-31T16:19:00,,,,,,,,,,,,,,,,,,,6.6,29.0,8.7,2005-05-31T11:00:00,,,,15.4,,,2,,0,,0,,0,,1,,0,,0,,0,,0,,0,,0,,0,,3,,2,,1,,1,,0,,0,,0,,0,,1,,0,,0,,0,,0,,0,,0,,0,,0,,0,,0,,1,,4,,3,,4,,0,,1,,0,,,130,,,2.7,2005-05-31T10:31:00,,,0.2,,0.0,,0.0,,0.0,,1.4,,0.0,,0.0,,0.0,,0.0,,0.0,,0.0,,0.0,,4.2,,4.1,,1.9,,2.0,,0.0,,0.0,,0.0,,0.0,,0.7,,0.0,,0.0,,0.0,,0.0,,0.0,,0.0,,0.0,,0.0,,0.0,,0.0,,1.0,,4.3,,2.3,,4.2,,0.0,,1.2,,0.0,
2005-06-01,1002.3,1003.4,1005.3,2005-06-01T00:01:00,998.6,2005-06-01T16:21:00,27.4,31.8,2005-06-01T15:07:00,24.7,2005-06-01T00:02:00,24.1,83,68,2005-06-01T14:58:00,1.4,40,9.2,40,2005-06-01T19:00:00,2.0,2.0,0.5,2005-06-01T10:09:00,1.5,2005-06-01T10:08:00,4.0,29.9,13.23,-3.0,29.0,28.8,28.7,28.8,28.6,27.5,,,,,,,6.8,,26.3,2005-06-01T12:22:00,,,,22.1,2005-06-01T05:04:00,,,,,,,2.09,2005-06-01T15:00:00,,,,,,,,,,,,,,91,2005-06-01T00:14:00,,,,,,1006.4,2005-06-01T00:01:00,,,,999.7,2005-06-01T16:21:00,,,,,,,,,,,,,,,,,,,7.1,28.8,5.6,2005-06-01T13:00:00,,,,18.1,,,1,,0,,1,,0,,3,,1,,1,,0,,0,,0,,0,,0,,1,,0,,1,,0,,0,,0,,0,,0,,1,,0,,0,,2,,2,,1,,1,,0,,1,,0,,1,,3,,3,,0,,0,,0,,0,,0,,,40,,,3.6,2005-06-01T19:08:00,,,0.1,,0.0,,1.5,,0.0,,7.0,,2.8,,1.6,,0.0,,0.0,,0.0,,0.0,,0.0,,1.0,,0.0,,1.2,,0.0,,0.0,,0.0,,0.0,,0.0,,2.6,,0.0,,0.0,,2.3,,1.9,,1.1,,1.2,,0.0,,1.0,,0.0,,1.5,,3.5,,3.4,,0.0,,0.0,,0.0,,0.0,,0.0,
2005-06-02,1001.9,1003.0,1004.2,2005-06-02T22:32:00,1000.1,2005-06-02T14:53:00,28.5,31.9,2005-06-02T13:24:00,25.8,2005-06-02T05:33:00,24.8,81,64,2005-06-02T12:20:00,1.3,60,5.9,60,2005-06-02T13:26:00,-9.8,0.6,-9.8,2005-06-02T19:55:00,-9.8,2005-06-02T19:55:00,4.6,34.3,16.92,-1.9,29.9,29.8,29.5,29.3,28.6,27.4,,,,,,,7.1,,26.6,2005-06-02T10:44:00,,,,22.6,2005-06-02T05:14:00,,,,,,,3.14,2005-06-02T12:00:00,,,,,,,,,,,,,,90,2005-06-02T20:31:00,,,,,,1005.3,2005-06-02T22:32:00,,,,1001.2,2005-06-02T14:53:00,,,,,,,,,,,,,,,,,,,6.1,29.1,8.9,2005-06-02T12:00:00,,,,19.1,,,1,,0,,0,,0,,1,,3,,4,,0,,0,,0,,1,,1,,0,,1,,0,,1,,0,,0,,0,,0,,0,,0,,0,,0,,0,,0,,0,,0,,0,,0,,0,,2,,4,,4,,1,,0,,0,,0,,,50,,,3.1,2005-06-02T14:11:00,,,0.0,,0.0,,0.0,,0.0,,1.9,,4.2,,8.9,,0.0,,0.0,,0.0,,2.4,,2.2,,0.0,,1.1,,0.0,,1.9,,0.0,,0.0,,0.0,,0.0,,0.0,,0.0,,0.0,,0.0,,0.0,,0.0,,0.0,,0.0,,0.0,,0.0,,0.0,,1.5,,3.5,,2.4,,0.8,,0.0,,0.0,,0.0,
2005-06-03,1002.7,1003.8,1004.6,2005-06-03T23:27:00,1001.3,2005-06-03T15:01:00,26.7,30.4,2005-06-03T08:08:00,25.0,2005-06-03T15:31:00,24.2,87,72,2005-06-03T08:14:00,0.9,310,6.4,270,2005-06-03T09:27:00,16.5,8.2,1.5,2005-06-03T12:59:00,5.5,2005-06-03T13:00:00,1.7,12.7,4.16,-1.4,27.8,27.9,28.1,28.8,28.8,27.5,,,,,,,9.5,,25.7,2005-06-03T11:01:00,,,,23.1,2005-06-03T20:58:00,,,,,,,1.76,2005-06-03T08:00:00,,,,,,,,,,,,,,95,2005-06-03T13:03:00,,,,,,1005.7,2005-06-03T23:27:00,,,,1002.4,2005-06-03T15:01:00,,,,,,,,,,,,,,,,,,,5.4,29.0,1.2,2005-06-03T10:00:00,,,,13.9,,,1,,0,,0,,1,,0,,0,,0,,0,,0,,0,,0,,0,,0,,0,,0,,0,,0,,0,,0,,1,,0,,0,,1,,0,,0,,2,,0,,0,,2,,1,,2,,5,,2,,2,,0,,3,,1,,0,,,250,,,2.9,2005-06-03T09:28:00,,,0.1,,0.0,,0.0,,0.8,,0.0,,0.0,,0.0,,0.0,,0.0,,0.0,,0.0,,0.0,,0.0,,0.0,,0.0,,0.0,,0.0,,0.0,,0.0,,0.8,,0.0,,0.0,,1.8,,0.0,,0.0,,1.7,,0.0,,0.0,,2.4,,1.2,,1.7,,5.3,,1.7,,1.7,,0.0,,2.5,,0.6,,0.0,
2005-06-04,1005.2,1006.3,1007.0,2005-06-04T22:41:00,1003.3,2005-06-04T02:36:00,27.6,31.7,2005-06-04T12:54:00,25.5,2005-06-04T01:08:00,23.5,78,69,2005-06-04T12:53:00,2.4,40,8.9,50,2005-06-04T11:55:00,-9.8,0.1,-9.8,2005-06-04T15:05:00,-9.8,2005-06-04T15:05:00,3.6,26.8,16.42,-3.7,28.4,28.9,28.9,28.6,28.3,27.6,,,,,,,9.5,,25.6,2005-06-04T09:52:00,,,,22.0,2005-06-04T23:52:00,,,,,,,3.31,2005-06-04T13:00:00,,,,,,,,,,,,,,88,2005-06-04T01:14:00,,,,,,1008.1,2005-06-04T22:41:00,,,,1004.4,2005-06-04T02:36:00,,,,,,,,,,,,,,,,,,,6.2,28.5,8.5,2005-06-04T12:00:00,,,,15.4,,,0,,0,,1,,0,,8,,7,,1,,0,,0,,0,,0,,0,,0,,0,,0,,0,,0,,0,,0,,0,,0,,0,,0,,0,,0,,0,,0,,0,,0,,0,,0,,1,,3,,2,,1,,0,,0,,0,,,50,,,4.2,2005-06-04T12:12:00,,,0.0,,0.0,,1.2,,0.0,,21.0,,22.2,,4.0,,0.0,,0.0,,0.0,,0.0,,0.0,,0.0,,0.0,,0.0,,0.0,,0.0,,0.0,,0.0,,0.0,,0.0,,0.0,,0.0,,0.0,,0.0,,0.0,,0.0,,0.0,,0.0,,0.0,,0.0,,1.6,,4.2,,1.6,,0.8,,0.0,,0.0,,0.0,
2005-06-05,1005.8,1006.9,1007.6,2005-06-05T22:20:00,1004.6,2005-06-05T04:01:00,27.2,31.3,2005-06-05T12:38:00,24.5,2005-06-05T05:22:00,21.0,70,53,2005-06-05T10:51:00,2.4,50,11.2,30,2005-06-05T14:42:00,-9.8,0.2,-9.8,2005-06-05T16:52:00,-9.8,2005-06-05T16:52:00,6.9,51.4,20.17,-6.1,28.5,28.8,28.7,28.8,28.4,27.3,,,,,,,9.3,,23.1,2005-06-05T14:14:00,,,,18.8,2005-06-05T23:40:00,,,,,,,3.3,2005-06-05T12:00:00,,,,,,,,,,,,,,86,2005-06-05T01:51:00,,,,,,1008.7,2005-06-05T22:20:00,,,,1005.7,2005-06-05T04:01:00,,,,,,,,,,,,,,,,,,,6.8,28.7,8.2,2005-06-05T12:00:00,,,,16.5,,,0,,2,,1,,0,,2,,7,,1,,0,,0,,0,,0,,0,,0,,0,,0,,0,,0,,0,,0,,0,,0,,0,,0,,0,,0,,0,,0,,0,,0,,0,,0,,0,,2,,1,,5,,2,,1,,0,,,40,,,5.4,2005-06-05T16:37:00,,,0.0,,3.6,,2.5,,0.0,,7.0,,29.6,,4.3,,0.0,,0.0,,0.0,,0.0,,0.0,,0.0,,0.0,,0.0,,0.0,,0.0,,0.0,,0.0,,0.0,,0.0,,0.0,,0.0,,0.0,,0.0,,0.0,,0.0,,0.0,,0.0,,0.0,,0.0,,0.0,,1.2,,1.0,,4.3,,2.5,,1.2,,0.0,
2005-06-06,1006.4,1007.5,1008.2,2005-06-06T22:14:00,1005.2,2005-06-06T15:53:00,26.8,31.0,2005-06-06T14:01:00,24.5,2005-06-06T23:50:00,18.8,62,44,2005-06-06T13:18:00,2.1,50,9.2,60,2005-06-06T15:41:00,0.0,0.0,0.0,,0.0,,4.9,36.5,21.26,6.3,30.6,29.0,28.5,28.6,28.3,27.4,,,,,,,8.5,,19.8,2005-06-06T11:17:00,,,,16.7,2005-06-06T13:48:00,,,,,,,3.72,2005-06-06T12:00:00,,,,,,,,,,,,,,71,2005-06-06T04:02:00,,,,,,1009.3,2005-06-06T22:14:00,,,,1006.3,2005-06-06T15:53:00,,,,,,,,,,,,,,,,,,,6.5,28.5,9.4,2005-06-06T13:00:00,,,,17.9,,,0,,1,,0,,0,,3,,5,,2,,0,,0,,0,,0,,0,,0,,0,,0,,0,,0,,0,,0,,0,,0,,0,,0,,0,,0,,0,,0,,0,,0,,0,,0,,0,,1,,5,,3,,3,,1,,0,,,60,,,4.3,2005-06-06T13:36:00,,,0.0,,1.2,,0.0,,0.0,,9.7,,17.9,,6.5,,0.0,,0.0,,0.0,,0.0,,0.0,,0.0,,0.0,,0.0,,0.0,,0.0,,0.0,,0.0,,0.0,,0.0,,0.0,,0.0,,0.0,,0.0,,0.0,,0.0,,0.0,,0.0,,0.0,,0.0,,0.0,,0.9,,6.2,,2.8,,3.9,,0.9,,0.0,
2005-06-07,1006.0,1007.1,1007.5,2005-06-07T22:00:00,1004.7,2005-06-07T15:09:00,27.1,31.6,2005-06-07T12:50:00,23.6,2005-06-07T05:37:00,19.7,64,53,2005-06-07T12:59:00,1.8,60,8.2,90,2005-06-07T13:05:00,0.0,0.0,0.0,,0.0,,7.3,54.3,21.97,5.3,28.5,29.0,28.6,28.5,28.2,27.2,,,,,,,5.9,,22.3,2005-06-07T11:51:00,,,,17.6,2005-06-07T05:15:00,,,,,,,3.64,2005-06-07T13:00:00,,,,,,,,,,,,,,75,2005-06-07T23:04:00,,,,,,1008.6,2005-06-07T22:00:00,,,,1005.8,2005-06-07T15:09:00,,,,,,,,,,,,,,,,,,,8.0,28.3,9.9,2005-06-07T12:00:00,,,,19.9,,,0,,0,,1,,1,,1,,4,,5,,1,,0,,0,,0,,0,,0,,0,,0,,0,,0,,0,,0,,0,,0,,0,,0,,0,,0,,0,,0,,0,,0,,0,,0,,1,,2,,4,,2,,1,,1,,0,,,70,,,4.2,2005-06-07T12:15:00,,,0.0,,0.0,,1.4,,2.2,,2.0,,11.8,,12.8,,2.3,,0.0,,0.0,,0.0,,0.0,,0.0,,0.0,,0.0,,0.0,,0.0,,0.0,,0.0,,0.0,,0.0,,0.0,,0.0,,0.0,,0.0,,0.0,,0.0,,0.0,,0.0,,0.0,,0.0,,0.8,,2.5,,4.4,,2.4,,0.9,,0.8,,0.0,
2005-06-08,1005.9,1007.0,1007.0,2005-06-08T22:19:00,1004.9,2005-06-08T15:28:00,27.7,32.2,2005-06-08T13:05:00,23.5,2005-06-08T05:18:00,21.2,68,48,2005-06-08T09:07:00,1.9,60,8.2,90,2005-06-08T13:15:00,0.0,0.0,0.0,,0.0,,10.0,74.4,27.77,6.2,30.1,30.2,29.4,29.0,28.4,27.2,,,,,,,4.6,,24.0,2005-06-08T14:12:00,,,,16.9,2005-06-08T08:03:00,,,,,,,3.62,2005-06-08T12:00:00,,,,,,,,,,,,,,81,2005-06-08T21:14:00,,,,,,1008.1,2005-06-08T22:19:00,,,,1006.0,2005-06-08T15:28:00,,,,,,,,,,,,,,,,,,,8.7,28.8,10.0,2005-06-08T12:00:00,,,,20.4,,,0,,0,,1,,0,,1,,2,,5,,4,,0,,0,,0,,0,,0,,0,,0,,0,,0,,0,,0,,0,,0,,0,,0,,0,,0,,0,,0,,0,,0,,0,,0,,1,,4,,3,,2,,0,,1,,0,,,60,,,4.2,2005-06-08T14:57:00,,,0.0,,0.0,,1.6,,0.0,,1.5,,5.2,,13.3,,12.3,,0.0,,0.0,,0.0,,0.0,,0.0,,0.0,,0.0,,0.0,,0.0,,0.0,,0.0,,0.0,,0.0,,0.0,,0.0,,0.0,,0.0,,0.0,,0.0,,0.0,,0.0,,0.0,,0.0,,1.3,,4.9,,3.3,,2.1,,0.0,,1.0,,0.0,
2005-06-09,1005.5,1006.6,1006.7,2005-06-09T00:07:00,1004.0,2005-06-09T16:23:00,27.8,31.3,2005-06-09T11:27:00,25.4,2005-06-09T05:21:00,22.9,75,62,2005-06-09T09:31:00,1.5,330,5.9,120,2005-06-09T10:34:00,0.0,0.0,0.0,,0.0,,4.9,36.4,18.75,4.4,29.2,29.8,29.5,29.4,28.7,27.2,,,,,,,7.8,,24.5,2005-06-09T13:45:00,,,,20.9,2005-06-09T04:57:00,,,,,,,3.26,2005-06-09T11:00:00,,,,,,,,,,,,,,86,2005-06-09T22:46:00,,,,,,1007.8,2005-06-09T00:07:00,,,,1005.1,2005-06-09T16:23:00,,,,,,,,,,,,,,,,,,,5.9,29.2,8.8,2005-06-09T11:00:00,,,,17.5,,,0,,0,,1,,0,,0,,0,,0,,0,,0,,1,,2,,1,,1,,0,,0,,0,,0,,1,,1,,2,,0,,0,,0,,1,,0,,0,,0,,0,,0,,1,,0,,2,,2,,3,,1,,2,,2,,0,,,100,,,3.8,2005-06-09T10:36:00,,,0.0,,0.0,,1.6,,0.0,,0.0,,0.0,,0.0,,0.0,,0.0,,2.1,,4.9,,2.6,,2.0,,0.0,,0.0,,0.0,,0.0,,1.7,,1.8,,3.4,,0.0,,0.0,,0.0,,1.5,,0.0,,0.0,,0.0,,0.0,,0.0,,1.2,,0.0,,2.6,,2.1,,2.7,,0.4,,2.1,,2.9,,0.0,
2005-06-10,1001.5,1002.6,1005.3,2005-06-10T00:01:00,999.0,2005-06-10T15:18:00,29.1,33.4,2005-06-10T15:11:00,25.3,2005-06-10T04:45:00,24.7,77,63,2005-06-10T15:03:00,1.9,200,8.9,200,2005-06-10T10:08:00,0.0,0.0,0.0,,0.0,,10.1,75.0,26.49,5.7,31.6,31.5,30.5,29.9,29.0,27.5,,,,,,,5.9,,26.6,2005-06-10T12:20:00,,,,22.6,2005-06-10T03:08:00,,,,,,,3.7,2005-06-10T12:00:00,,,,,,,,,,,,,,86,2005-06-10T04:40:00,,,,,,1006.4,2005-06-10T00:01:00,,,,1000.1,2005-06-10T15:18:00,,,,,,,,,,,,,,,,,,,8.1,29.6,11.2,2005-06-10T12:00:00,,,,21.9,,,1,,0,,0,,3,,2,,0,,0,,1,,0,,0,,0,,0,,1,,0,,0,,1,,0,,0,,2,,1,,3,,1,,0,,1,,0,,0,,0,,0,,1,,0,,1,,1,,3,,1,,0,,0,,0,,0,,,200,,,4.8,2005-06-10T10:11:00,,,0.1,,0.0,,0.0,,9.1,,6.3,,0.0,,0.0,,0.7,,0.0,,0.0,,0.0,,0.0,,1.3,,0.0,,0.0,,1.1,,0.0,,0.0,,5.1,,2.8,,9.3,,3.2,,0.0,,1.1,,0.0,,0.0,,0.0,,0.0,,1.0,,0.0,,1.1,,1.0,,2.7,,0.3,,0.0,,0.0,,0.0,,0.0,
2005-06-11,999.6,1000.7,1001.4,2005-06-11T21:19:00,997.1,2005-06-11T15:27:00,29.7,33.5,2005-06-11T13:38:00,27.2,2005-06-11T05:06:00,24.7,75,60,2005-06-11T15:15:00,1.5,190,7.9,30,2005-06-11T16:17:00,0.0,0.0,0.0,,0.0,,9.0,66.8,24.72,-4.9,31.6,32.3,31.6,30.5,29.6,27.7,,,,,,,5.9,,27.2,2005-06-11T13:35:00,,,,23.7,2005-06-11T21:43:00,,,,,,,3.6,2005-06-11T13:00:00,,,,,,,,,,,,,,85,2005-06-11T00:23:00,,,,,,1002.5,2005-06-11T21:19:00,,,,998.2,2005-06-11T15:27:00,,,,,,,,,,,,,,,,,,,6.3,30.4,11.1,2005-06-11T12:00:00,,,,20.1,,,1,,2,,0,,1,,1,,0,,0,,0,,0,,0,,0,,0,,0,,1,,0,,0,,2,,0,,2,,2,,2,,0,,1,,0,,1,,1,,0,,0,,0,,0,,0,,0,,2,,1,,1,,2,,1,,0,,,200,,,3.8,2005-06-11T10:11:00,,,0.1,,3.3,,0.0,,3.1,,0.3,,0.0,,0.0,,0.0,,0.0,,0.0,,0.0,,0.0,,0.0,,2.0,,0.0,,0.0,,2.4,,0.0,,4.5,,4.8,,4.1,,0.0,,2.5,,0.0,,0.8,,0.9,,0.0,,0.0,,0.0,,0.0,,0.0,,0.0,,2.2,,1.3,,0.8,,2.3,,1.6,,0.0,
2005-06-12,1000.6,1001.7,1003.0,2005-06-12T21:25:00,998.8,2005-06-12T03:50:00,26.0,27.7,2005-06-12T00:27:00,24.7,2005-06-12T23:13:00,24.5,92,81,2005-06-12T00:01:00,1.1,220,6.4,190,2005-06-12T07:59:00,35.5,17.0,1.5,2005-06-12T16:57:00,6.5,2005-06-12T16:36:00,0.0,0.0,1.59,-2.6,26.6,28.3,28.8,29.6,30.0,27.9,,,,,,,9.4,,25.7,2005-06-12T12:13:00,,,,23.8,2005-06-12T23:21:00,,,,,,,0.64,2005-06-12T13:00:00,,,,,,,,,,,,,,98,2005-06-12T12:14:00,,,,,,1004.1,2005-06-12T21:25:00,,,,999.9,2005-06-12T03:50:00,,,,,,,,,,,,,,,,,,,3.0,29.9,2.4,2005-06-12T13:00:00,,,,11.0,,,1,,1,,0,,0,,0,,0,,0,,0,,0,,0,,0,,0,,0,,0,,0,,0,,0,,0,,0,,0,,0,,0,,3,,1,,2,,2,,1,,3,,2,,2,,1,,1,,3,,0,,0,,1,,0,,0,,,240,,,2.5,2005-06-12T06:20:00,,,0.1,,0.4,,0.0,,0.0,,0.0,,0.0,,0.0,,0.0,,0.0,,0.0,,0.0,,0.0,,0.0,,0.0,,0.0,,0.0,,0.0,,0.0,,0.0,,0.0,,0.0,,0.0,,5.0,,1.6,,3.1,,1.8,,1.4,,3.8,,3.0,,1.7,,1.1,,0.6,,2.6,,0.0,,0.0,,0.9,,0.0,,0.0,
2005-06-13,1002.2,1003.3,1003.7,2005-06-13T21:48:00,1000.3,2005-06-13T15:58:00,26.0,28.1,2005-06-13T15:26:00,24.1,2005-06-13T04:51:00,24.1,90,78,2005-06-13T15:26:00,0.9,220,8.3,210,2005-06-13T17:54:00,17.0,8.5,1.5,2005-06-13T03:23:00,5.5,2005-06-13T01:26:00,0.0,0.0,4.81,-0.3,27.4,27.6,27.6,28.3,28.9,27.8,,,,,,,9.9,,25.0,2005-06-13T14:02:00,,,,23.1,2005-06-13T05:30:00,,,,,,,0.6,2005-06-13T16:00:00,,,,,,,,,,,,,,97,2005-06-13T03:46:00,,,,,,1004.8,2005-06-13T21:48:00,,,,1001.4,2005-06-13T15:58:00,,,,,,,,,,,,,,,,,,,4.0,28.7,2.3,2005-06-13T14:00:00,,,,15.6,,,5,,0,,0,,0,,0,,0,,0,,0,,0,,0,,0,,0,,0,,0,,0,,0,,0,,0,,0,,0,,0,,0,,4,,3,,3,,1,,0,,3,,1,,0,,0,,2,,1,,0,,0,,1,,0,,0,,,220,,,2.7,2005-06-13T18:01:00,,,0.5,,0.0,,0.0,,0.0,,0.0,,0.0,,0.0,,0.0,,0.0,,0.0,,0.0,,0.0,,0.0,,0.0,,0.0,,0.0,,0.0,,0.0,,0.0,,0.0,,0.0,,0.0,,5.3,,4.7,,3.9,,0.6,,0.0,,3.7,,1.1,,0.0,,0.0,,1.0,,1.0,,0.0,,0.0,,0.9,,0.0,,0.0,
2005-06-14,1002.0,1003.1,1003.8,2005-06-14T09:11:00,1000.7,2005-06-14T15:53:00,25.8,27.3,2005-06-14T10:41:00,24.9,2005-06-14T22:48:00,24.1,90,83,2005-06-14T06:17:00,1.7,220,11.5,210,2005-06-14T12:37:00,43.0,15.1,9.5,2005-06-14T12:10:00,26.0,2005-06-14T11:40:00,0.0,0.0,3.13,-99.5,26.2,27.1,27.2,27.9,28.5,27.7,,,,,,,10.0,,25.2,2005-06-14T12:12:00,,,,23.2,2005-06-14T05:17:00,,,,,,,0.6,2005-06-14T11:00:00,,,,,,,,,,,,,,96,2005-06-14T12:12:00,,,,,,1004.9,2005-06-14T09:11:00,,,,1001.8,2005-06-14T15:53:00,,,,,,,,,,,,,,,,,,,2.4,28.2,1.9,2005-06-14T11:00:00,,,,14.3,,,1,,0,,0,,0,,0,,0,,0,,0,,0,,0,,0,,0,,0,,0,,0,,0,,0,,0,,0,,0,,0,,0,,5,,2,,3,,3,,3,,1,,3,,1,,0,,1,,0,,1,,0,,0,,0,,0,,,200,,,5.7,2005-06-14T12:38:00,,,0.0,,0.0,,0.0,,0.0,,0.0,,0.0,,0.0,,0.0,,0.0,,0.0,,0.0,,0.0,,0.0,,0.0,,0.0,,0.0,,0.0,,0.0,,0.0,,0.0,,0.0,,0.0,,14.0,,5.7,,5.2,,4.6,,4.4,,0.9,,2.8,,1.1,,0.0,,2.0,,0.0,,0.5,,0.0,,0.0,,0.0,,0.0,
2005-06-15,1002.0,1003.1,1003.6,2005-06-15T23:16:00,1000.1,2005-06-15T01:40:00,25.3,27.6,2005-06-15T12:12:00,24.7,2005-06-15T00:48:00,23.8,91,83,2005-06-15T12:11:00,1.3,260,9.8,220,2005-06-15T14:11:00,27.5,17.4,5.0,2005-06-15T12:54:00,13.5,2005-06-15T12:48:00,0.0,0.0,2.46,-99.5,26.1,26.7,26.6,27.3,27.8,27.3,,,,,,,10.0,,24.9,2005-06-15T12:13:00,,,,23.1,2005-06-15T04:51:00,,,,,,,1.01,2005-06-15T12:00:00,,,,,,,,,,,,,,96,2005-06-15T13:53:00,,,,,,1004.7,2005-06-15T23:16:00,,,,1001.2,2005-06-15T01:40:00,,,,,,,,,,,,,,,,,,,2.9,27.6,3.1,2005-06-15T12:00:00,,,,11.6,,,1,,0,,0,,0,,0,,0,,0,,0,,0,,0,,0,,0,,0,,0,,0,,0,,0,,0,,0,,0,,0,,0,,0,,2,,4,,1,,5,,1,,2,,3,,1,,3,,0,,0,,1,,0,,0,,0,,,230,,,3.5,2005-06-15T13:17:00,,,0.2,,0.0,,0.0,,0.0,,0.0,,0.0,,0.0,,0.0,,0.0,,0.0,,0.0,,0.0,,0.0,,0.0,,0.0,,0.0,,0.0,,0.0,,0.0,,0.0,,0.0,,0.0,,0.0,,3.8,,7.9,,2.5,,7.8,,1.1,,1.6,,3.9,,0.8,,2.0,,0.0,,0.0,,0.4,,0.0,,0.0,,0.0,
2005-06-16,1005.5,1006.6,1007.4,2005-06-16T22:32:00,1002.9,2005-06-16T02:21:00,25.1,26.0,2005-06-16T15:23:00,24.2,2005-06-16T03:32:00,23.5,91,88,2005-06-16T00:01:00,1.0,320,6.8,220,2005-06-16T14:16:00,22.0,18.6,1.5,2005-06-16T05:26:00,3.5,2005-06-16T04:46:00,0.0,0.0,3.64,-2.5,25.8,26.4,26.4,26.9,27.6,27.2,,,,,,,10.0,,24.7,2005-06-16T16:00:00,,,,22.5,2005-06-16T04:56:00,,,,,,,0.6,2005-06-16T15:00:00,,,,,,,,,,,,,,95,2005-06-16T13:21:00,,,,,,1008.5,2005-06-16T22:32:00,,,,1004.0,2005-06-16T02:21:00,,,,,,,,,,,,,,,,,,,1.8,27.2,1.9,2005-06-16T12:00:00,,,,12.1,,,2,,1,,2,,1,,0,,0,,0,,0,,0,,0,,0,,0,,0,,0,,0,,0,,0,,0,,0,,0,,0,,0,,2,,2,,0,,0,,1,,0,,0,,1,,1,,3,,4,,3,,0,,0,,1,,0,,,230,,,2.7,2005-06-16T14:18:00,,,0.2,,1.1,,2.9,,0.4,,0.0,,0.0,,0.0,,0.0,,0.0,,0.0,,0.0,,0.0,,0.0,,0.0,,0.0,,0.0,,0.0,,0.0,,0.0,,0.0,,0.0,,0.0,,3.6,,3.3,,0.0,,0.0,,0.6,,0.0,,0.0,,0.9,,0.7,,3.8,,3.6,,2.1,,0.0,,0.0,,0.7,,0.0,
2005-06-17,1006.8,1007.9,1008.2,2005-06-17T21:37:00,1005.6,2005-06-17T15:57:00,27.1,31.1,2005-06-17T13:03:00,24.5,2005-06-17T05:18:00,23.8,82,69,2005-06-17T13:40:00,1.2,60,7.0,40,2005-06-17T13:37:00,0.0,0.0,0.0,,0.0,,2.6,19.3,16.13,2.8,28.1,28.5,28.0,27.6,27.1,26.7,,,,,,,9.8,,25.7,2005-06-17T11:44:00,,,,22.7,2005-06-17T04:19:00,,,,,,,3.03,2005-06-17T13:00:00,,,,,,,,,,,,,,93,2005-06-17T00:42:00,,,,,,1009.3,2005-06-17T21:37:00,,,,1006.7,2005-06-17T15:57:00,,,,,,,,,,,,,,,,,,,6.6,27.4,9.4,2005-06-17T13:00:00,,,,19.1,,,2,,1,,0,,1,,2,,3,,3,,0,,1,,0,,0,,0,,0,,0,,0,,0,,0,,0,,0,,0,,0,,0,,0,,0,,0,,0,,0,,0,,0,,0,,0,,1,,3,,2,,1,,2,,2,,0,,,60,,,3.5,2005-06-17T12:05:00,,,0.3,,0.8,,0.0,,1.8,,2.8,,6.8,,7.4,,0.0,,1.7,,0.0,,0.0,,0.0,,0.0,,0.0,,0.0,,0.0,,0.0,,0.0,,0.0,,0.0,,0.0,,0.0,,0.0,,0.0,,0.0,,0.0,,0.0,,0.0,,0.0,,0.0,,0.0,,0.8,,1.5,,1.0,,0.4,,1.0,,1.5,,0.0,
2005-06-18,1004.1,1005.2,1007.4,2005-06-18T00:01:00,1001.5,2005-06-18T15:19:00,28.6,35.1,2005-06-18T15:26:00,25.4,2005-06-18T05:01:00,23.7,76,48,2005-06-18T14:08:00,1.4,220,8.0,230,2005-06-18T14:38:00,0.0,0.0,0.0,,0.0,,3.6,26.7,18.29,5.0,28.9,29.3,28.7,28.3,27.6,26.9,,,,,,,7.4,,24.9,2005-06-18T08:48:00,,,,21.7,2005-06-18T21:56:00,,,,,,,2.87,2005-06-18T13:00:00,,,,,,,,,,,,,,89,2005-06-18T00:56:00,,,,,,1008.5,2005-06-18T00:01:00,,,,1002.6,2005-06-18T15:19:00,,,,,,,,,,,,,,,,,,,9.7,28.3,8.7,2005-06-18T13:00:00,,,,20.6,,,1,,0,,1,,0,,1,,3,,1,,0,,2,,0,,1,,0,,0,,1,,0,,0,,1,,0,,0,,0,,0,,0,,3,,0,,0,,0,,2,,1,,0,,0,,0,,2,,2,,1,,1,,0,,0,,0,,,220,,,3.2,2005-06-18T14:05:00,,,0.2,,0.0,,1.3,,0.0,,2.4,,6.1,,1.7,,0.0,,2.8,,0.0,,0.8,,0.0,,0.0,,1.1,,0.0,,0.0,,1.5,,0.0,,0.0,,0.0,,0.0,,0.0,,7.9,,0.0,,0.0,,0.0,,1.7,,1.5,,0.0,,0.0,,0.0,,1.4,,1.6,,0.9,,0.8,,0.0,,0.0,,0.0,
2005-06-19,1002.5,1003.6,1005.1,2005-06-19T22:07:00,1000.3,2005-06-19T15:52:00,30.3,36.9,2005-06-19T16:48:00,25.8,2005-06-19T00:17:00,22.3,64,38,2005-06-19T16:43:00,2.3,220,10.1,200,2005-06-19T13:39:00,0.0,0.0,0.0,,0.0,,7.8,57.8,21.12,6.0,29.2,29.4,29.0,28.5,28.1,26.9,,,,,,,4.3,,23.7,2005-06-19T19:50:00,,,,19.7,2005-06-19T14:40:00,,,,,,,3.16,2005-06-19T11:00:00,,,,,,,,,,,,,,86,2005-06-19T00:01:00,,,,,,1006.2,2005-06-19T22:07:00,,,,1001.4,2005-06-19T15:52:00,,,,,,,,,,,,,,,,,,,11.1,28.5,9.1,2005-06-19T13:00:00,,,,21.6,,,0,,0,,0,,1,,0,,3,,0,,0,,0,,0,,0,,0,,0,,0,,0,,0,,0,,0,,0,,1,,0,,5,,6,,1,,2,,1,,1,,1,,1,,1,,0,,0,,0,,0,,0,,0,,0,,0,,,210,,,4.6,2005-06-19T12:28:00,,,0.0,,0.0,,0.0,,1.6,,0.0,,8.9,,0.0,,0.0,,0.0,,0.0,,0.0,,0.0,,0.0,,0.0,,0.0,,0.0,,0.0,,0.0,,0.0,,2.5,,0.0,,13.5,,16.5,,2.0,,3.2,,1.6,,1.0,,0.9,,1.3,,1.5,,0.0,,0.0,,0.0,,0.0,,0.0,,0.0,,0.0,,0.0,
2005-06-20,1003.1,1004.2,1005.4,2005-06-20T22:36:00,1001.1,2005-06-20T15:20:00,30.2,37.8,2005-06-20T15:24:00,25.9,2005-06-20T03:38:00,22.8,66,34,2005-06-20T15:50:00,2.3,210,12.7,200,2005-06-20T10:46:00,0.0,0.0,0.0,,0.0,,11.5,85.3,27.89,7.3,29.9,30.0,29.5,29.2,28.4,27.2,,,,,,,4.8,,24.2,2005-06-20T12:36:00,,,,19.2,2005-06-20T15:50:00,,,,,,,3.79,2005-06-20T12:00:00,,,,,,,,,,,,,,80,2005-06-20T02:54:00,,,,,,1006.5,2005-06-20T22:36:00,,,,1002.2,2005-06-20T15:20:00,,,,,,,,,,,,,,,,,,,11.9,29.0,11.4,2005-06-20T12:00:00,,,,20.6,,,1,,1,,0,,0,,1,,1,,2,,0,,1,,0,,0,,0,,0,,0,,0,,0,,0,,0,,0,,0,,0,,6,,2,,1,,1,,2,,1,,0,,0,,0,,1,,2,,0,,0,,0,,1,,0,,0,,,200,,,5.4,2005-06-20T13:20:00,,,0.1,,0.5,,0.0,,0.0,,2.1,,1.8,,3.8,,0.0,,2.6,,0.0,,0.0,,0.0,,0.0,,0.0,,0.0,,0.0,,0.0,,0.0,,0.0,,0.0,,0.0,,20.7,,8.4,,2.3,,3.3,,4.9,,1.6,,0.0,,0.0,,0.0,,0.8,,1.3,,0.0,,0.0,,0.0,,0.6,,0.0,,0.0,
2005-06-21,1003.7,1004.8,1006.3,2005-06-21T22:38:00,1001.9,2005-06-21T14:42:00,29.8,33.7,2005-06-21T13:21:00,26.7,2005-06-21T02:33:00,23.1,67,56,2005-06-21T15:03:00,2.7,210,16.1,200,2005-06-21T12:44:00,0.0,0.0,0.0,,0.0,,11.9,88.2,28.51,7.0,29.4,30.2,29.7,30.1,28.8,27.2,,,,,,,3.1,,24.5,2005-06-21T12:40:00,,,,21.8,2005-06-21T00:01:00,,,,,,,3.6,2005-06-21T14:00:00,,,,,,,,,,,,,,77,2005-06-21T03:14:00,,,,,,1007.4,2005-06-21T22:38:00,,,,1003.0,2005-06-21T14:42:00,,,,,,,,,,,,,,,,,,,7.0,29.3,11.5,2005-06-21T12:00:00,,,,21.3,,,2,,0,,0,,0,,0,,1,,1,,0,,0,,0,,0,,0,,0,,0,,0,,0,,0,,0,,0,,0,,2,,5,,5,,0,,0,,0,,3,,1,,0,,2,,1,,0,,0,,0,,0,,0,,1,,0,,,200,,,8.0,2005-06-21T12:26:00,,,0.2,,0.0,,0.0,,0.0,,0.0,,2.8,,1.5,,0.0,,0.0,,0.0,,0.0,,0.0,,0.0,,0.0,,0.0,,0.0,,0.0,,0.0,,0.0,,0.0,,9.7,,22.6,,16.4,,0.0,,0.0,,0.0,,5.4,,1.4,,0.0,,1.5,,0.7,,0.0,,0.0,,0.0,,0.0,,0.0,,1.4,,0.0,
2005-06-22,1005.1,1006.2,1007.1,2005-06-22T23:01:00,1003.6,2005-06-22T15:35:00,29.3,32.5,2005-06-22T12:43:00,27.0,2005-06-22T02:17:00,23.6,71,58,2005-06-22T16:12:00,3.8,200,15.3,210,2005-06-22T10:40:00,0.0,0.0,0.0,,0.0,,9.3,68.9,23.86,6.4,29.0,29.8,29.5,29.5,29.2,27.5,,,,,,,6.8,,25.0,2005-06-22T10:18:00,,,,21.8,2005-06-22T00:28:00,,,,,,,3.39,2005-06-22T12:00:00,,,,,,,,,,,,,,81,2005-06-22T05:27:00,,,,,,1008.2,2005-06-22T23:01:00,,,,1004.7,2005-06-22T15:35:00,,,,,,,,,,,,,,,,,,,5.5,29.5,10.0,2005-06-22T12:00:00,,,,21.3,,,1,,0,,0,,0,,0,,0,,0,,0,,0,,0,,0,,0,,0,,0,,0,,0,,0,,0,,0,,0,,6,,4,,4,,0,,3,,1,,3,,1,,0,,0,,0,,1,,0,,0,,0,,0,,0,,0,,,200,,,8.2,2005-06-22T11:40:00,,,0.2,,0.0,,0.0,,0.0,,0.0,,0.0,,0.0,,0.0,,0.0,,0.0,,0.0,,0.0,,0.0,,0.0,,0.0,,0.0,,0.0,,0.0,,0.0,,0.0,,41.1,,17.8,,15.4,,0.0,,5.3,,1.9,,6.5,,2.2,,0.0,,0.0,,0.0,,0.3,,0.0,,0.0,,0.0,,0.0,,0.0,,0.0,
2005-06-23,1005.9,1007.0,1008.9,2005-06-23T22:37:00,1003.2,2005-06-23T16:06:00,29.4,32.4,2005-06-23T14:28:00,26.5,2005-06-23T05:07:00,23.7,72,63,2005-06-23T14:19:00,3.3,200,17.4,210,2005-06-23T13:22:00,0.0,0.0,0.0,,0.0,,10.3,76.4,27.14,7.1,30.4,30.2,29.6,29.0,29.1,27.7,,,,,,,3.8,,25.8,2005-06-23T09:58:00,,,,21.4,2005-06-23T03:42:00,,,,,,,3.6,2005-06-23T14:00:00,,,,,,,,,,,,,,81,2005-06-23T22:24:00,,,,,,1010.0,2005-06-23T22:37:00,,,,1004.3,2005-06-23T16:06:00,,,,,,,,,,,,,,,,,,,5.9,29.5,11.5,2005-06-23T12:00:00,,,,21.0,,,0,,0,,1,,0,,2,,0,,0,,0,,0,,0,,0,,0,,0,,0,,0,,0,,0,,0,,0,,0,,8,,1,,2,,1,,3,,0,,0,,1,,2,,0,,0,,2,,1,,0,,0,,0,,0,,0,,,200,,,8.7,2005-06-23T13:50:00,,,0.0,,0.0,,2.1,,0.0,,3.4,,0.0,,0.0,,0.0,,0.0,,0.0,,0.0,,0.0,,0.0,,0.0,,0.0,,0.0,,0.0,,0.0,,0.0,,0.0,,53.9,,3.5,,5.3,,2.3,,3.1,,0.0,,0.0,,1.5,,1.9,,0.0,,0.0,,1.9,,0.4,,0.0,,0.0,,0.0,,0.0,,0.0,
2005-06-24,1007.4,1008.5,1008.6,2005-06-24T21:58:00,1005.7,2005-06-24T16:17:00,29.0,32.2,2005-06-24T11:13:00,26.8,2005-06-24T04:46:00,23.9,74,62,2005-06-24T15:05:00,1.6,190,9.6,210,2005-06-24T12:33:00,-9.8,0.2,-9.8,2005-06-24T17:35:00,-9.8,2005-06-24T17:35:00,5.0,37.1,17.65,-3.9,29.6,30.1,29.9,29.6,29.4,27.7,,,,,,,8.3,,25.7,2005-06-24T10:05:00,,,,22.3,2005-06-24T04:52:00,,,,,,,3.2,2005-06-24T11:00:00,,,,,,,,,,,,,,80,2005-06-24T00:35:00,,,,,,1009.7,2005-06-24T21:58:00,,,,1006.8,2005-06-24T16:17:00,,,,,,,,,,,,,,,,,,,5.4,29.7,11.1,2005-06-24T11:00:00,,,,19.4,,,1,,0,,0,,0,,1,,0,,0,,0,,1,,0,,0,,0,,0,,0,,0,,0,,1,,1,,0,,2,,1,,1,,1,,1,,1,,0,,0,,2,,1,,0,,2,,0,,2,,1,,1,,1,,2,,0,,,200,,,4.6,2005-06-24T12:54:00,,,0.2,,0.0,,0.0,,0.0,,0.3,,0.0,,0.0,,0.0,,0.9,,0.0,,0.0,,0.0,,0.0,,0.0,,0.0,,0.0,,1.9,,1.8,,0.0,,5.7,,3.9,,2.0,,2.8,,2.7,,1.7,,0.0,,0.0,,2.7,,1.7,,0.0,,2.3,,0.0,,2.1,,0.7,,0.5,,0.9,,3.3,,0.0,
2005-06-25,1007.2,1008.3,1009.5,2005-06-25T22:57:00,1005.5,2005-06-25T15:50:00,27.7,30.1,2005-06-25T14:08:00,25.1,2005-06-25T07:36:00,23.6,78,66,2005-06-25T13:01:00,1.1,160,4.9,180,2005-06-25T11:39:00,7.5,3.4,1.0,2005-06-25T06:42:00,5.0,2005-06-25T06:45:00,0.3,2.2,10.59,-2.1,29.3,29.6,29.4,29.1,27.9,27.5,,,,,,,9.0,,25.1,2005-06-25T14:09:00,,,,22.0,2005-06-25T02:30:00,,,,,,,2.21,2005-06-25T11:00:00,,,,,,,,,,,,,,91,2005-06-25T08:20:00,,,,,,1010.6,2005-06-25T22:57:00,,,,1006.6,2005-06-25T15:50:00,,,,,,,,,,,,,,,,,,,5.0,29.5,8.1,2005-06-25T11:00:00,,,,18.8,,,2,,0,,0,,1,,1,,1,,0,,0,,0,,0,,0,,0,,0,,1,,0,,0,,2,,1,,0,,2,,0,,0,,1,,0,,0,,0,,0,,2,,2,,0,,2,,1,,2,,1,,0,,1,,1,,0,,,30,,,2.7,2005-06-25T18:25:00,,,0.3,,0.0,,0.0,,1.9,,2.2,,1.4,,0.0,,0.0,,0.0,,0.0,,0.0,,0.0,,0.0,,1.1,,0.0,,0.0,,3.5,,1.4,,0.0,,2.6,,0.0,,0.0,,0.8,,0.0,,0.0,,0.0,,0.0,,2.7,,2.4,,0.0,,1.5,,1.3,,1.3,,1.0,,0.0,,1.1,,1.0,,0.0,
2005-06-26,1007.7,1008.8,1010.2,2005-06-26T23:38:00,1006.0,2005-06-26T16:05:00,28.8,32.3,2005-06-26T14:14:00,25.1,2005-06-26T23:30:00,24.2,76,66,2005-06-26T08:52:00,1.5,220,6.1,210,2005-06-26T14:03:00,28.0,1.6,11.0,2005-06-26T22:27:00,14.5,2005-06-26T22:55:00,8.3,61.6,24.85,-6.0,31.2,30.8,30.3,29.8,29.2,27.7,,,,,,,5.9,,26.5,2005-06-26T11:54:00,,,,21.2,2005-06-26T06:00:00,,,,,,,3.51,2005-06-26T13:00:00,,,,,,,,,,,,,,100,2005-06-26T23:45:00,,,,,,1011.3,2005-06-26T23:38:00,,,,1007.1,2005-06-26T16:05:00,,,,,,,,,,,,,,,,,,,7.2,29.6,12.4,2005-06-26T13:00:00,,,,20.6,,,1,,1,,0,,0,,0,,0,,0,,0,,0,,0,,0,,0,,0,,0,,0,,0,,0,,0,,0,,3,,2,,1,,5,,0,,2,,1,,0,,5,,2,,1,,0,,0,,0,,0,,0,,0,,0,,0,,,190,,,3.1,2005-06-26T13:24:00,,,0.2,,1.6,,0.0,,0.0,,0.0,,0.0,,0.0,,0.0,,0.0,,0.0,,0.0,,0.0,,0.0,,0.0,,0.0,,0.0,,0.0,,0.0,,0.0,,7.4,,4.5,,1.6,,8.6,,0.0,,1.9,,1.1,,0.0,,5.4,,1.7,,1.5,,0.0,,0.0,,0.0,,0.0,,0.0,,0.0,,0.0,,0.0,
2005-06-27,1007.3,1008.4,1010.5,2005-06-27T00:10:00,1005.3,2005-06-27T16:50:00,28.0,32.6,2005-06-27T13:50:00,24.3,2005-06-27T00:43:00,24.2,80,64,2005-06-27T09:19:00,1.8,310,8.4,60,2005-06-27T19:31:00,21.0,4.9,7.0,2005-06-27T00:01:00,12.0,2005-06-27T18:59:00,9.5,70.5,26.73,-99.5,30.8,30.5,30.2,30.0,29.4,27.7,,,,,,,6.1,,26.0,2005-06-27T13:10:00,,,,22.9,2005-06-27T09:19:00,,,,,,,3.6,2005-06-27T12:00:00,,,,,,,,,,,,,,98,2005-06-27T00:03:00,,,,,,1011.6,2005-06-27T00:10:00,,,,1006.4,2005-06-27T16:50:00,,,,,,,,,,,,,,,,,,,8.3,29.8,13.8,2005-06-27T12:00:00,,,,19.6,,,0,,4,,0,,1,,0,,0,,2,,3,,0,,3,,0,,1,,1,,0,,0,,0,,0,,0,,0,,0,,0,,0,,0,,0,,0,,0,,0,,0,,0,,0,,0,,5,,2,,1,,0,,0,,0,,1,,,90,,,4.0,2005-06-27T15:46:00,,,0.0,,6.2,,0.0,,2.3,,0.0,,0.0,,3.7,,7.7,,0.0,,8.3,,0.0,,2.2,,2.9,,0.0,,0.0,,0.0,,0.0,,0.0,,0.0,,0.0,,0.0,,0.0,,0.0,,0.0,,0.0,,0.0,,0.0,,0.0,,0.0,,0.0,,0.0,,7.4,,1.8,,0.3,,0.0,,0.0,,0.0,,0.9,
2005-06-28,1007.4,1008.5,1009.6,2005-06-28T22:31:00,1005.3,2005-06-28T03:27:00,26.0,28.7,2005-06-28T16:30:00,24.3,2005-06-28T06:48:00,23.9,88,75,2005-06-28T14:32:00,1.9,40,10.7,180,2005-06-28T08:09:00,117.0,12.9,12.0,2005-06-28T03:11:00,38.0,2005-06-28T02:59:00,0.2,1.5,8.51,-3.9,27.6,27.4,27.4,28.0,29.7,28.2,,,,,,,8.8,,24.9,2005-06-28T12:45:00,,,,22.8,2005-06-28T07:09:00,,,,,,,1.89,2005-06-28T14:00:00,,,,,,,,,,,,,,95,2005-06-28T03:23:00,,,,,,1010.7,2005-06-28T22:31:00,,,,1006.4,2005-06-28T03:27:00,,,,,,,,,,,,,,,,,,,4.4,28.5,7.1,2005-06-28T14:00:00,,,,14.4,,,0,,0,,0,,2,,2,,1,,1,,0,,0,,0,,0,,1,,0,,0,,0,,0,,0,,0,,1,,0,,2,,2,,2,,1,,2,,0,,1,,0,,0,,1,,1,,0,,0,,1,,1,,0,,2,,0,,,40,,,4.8,2005-06-28T06:43:00,,,0.0,,0.0,,0.0,,5.7,,5.9,,1.6,,1.9,,0.0,,0.0,,0.0,,0.0,,2.3,,0.0,,0.0,,0.0,,0.0,,0.0,,0.0,,2.3,,0.0,,3.3,,5.2,,5.1,,1.9,,1.5,,0.0,,0.7,,0.0,,0.0,,2.7,,1.0,,0.0,,0.0,,0.3,,0.8,,0.0,,2.3,,0.0,
2005-06-29,1010.7,1011.8,1013.1,2005-06-29T23:31:00,1008.6,2005-06-29T00:46:00,26.4,29.3,2005-06-29T14:12:00,24.6,2005-06-29T03:11:00,23.5,84,67,2005-06-29T15:50:00,0.9,340,4.6,110,2005-06-29T13:05:00,22.0,12.0,1.0,2005-06-29T01:32:00,3.5,2005-06-29T06:04:00,2.7,20.0,11.43,-1.0,28.9,28.4,28.5,28.4,28.7,28.2,,,,,,,8.5,,25.1,2005-06-29T12:56:00,,,,22.2,2005-06-29T16:14:00,,,,,,,2.6,2005-06-29T14:00:00,,,,,,,,,,,,,,94,2005-06-29T04:52:00,,,,,,1014.2,2005-06-29T23:31:00,,,,1009.7,2005-06-29T00:46:00,,,,,,,,,,,,,,,,,,,4.7,28.3,9.2,2005-06-29T14:00:00,,,,13.8,,,1,,2,,0,,0,,0,,0,,0,,0,,0,,0,,0,,0,,1,,0,,0,,0,,1,,1,,0,,2,,0,,3,,0,,0,,0,,0,,1,,0,,0,,0,,2,,1,,3,,1,,5,,0,,0,,0,,,110,,,3.0,2005-06-29T13:05:00,,,0.1,,1.8,,0.0,,0.0,,0.0,,0.0,,0.0,,0.0,,0.0,,0.0,,0.0,,0.0,,2.2,,0.0,,0.0,,0.0,,1.1,,1.6,,0.0,,2.9,,0.0,,2.6,,0.0,,0.0,,0.0,,0.0,,0.6,,0.0,,0.0,,0.0,,1.8,,0.6,,2.3,,0.9,,2.8,,0.0,,0.0,,0.0,
2005-06-30,1012.3,1013.4,1014.0,2005-06-30T22:05:00,1011.1,2005-06-30T04:36:00,28.6,32.2,2005-06-30T12:11:00,24.9,2005-06-30T04:24:00,24.0,77,64,2005-06-30T09:08:00,1.5,310,5.1,330,2005-06-30T01:06:00,1.0,0.3,1.0,2005-06-30T00:43:00,1.0,2005-06-30T00:40:00,11.9,88.3,27.93,6.2,30.6,30.3,29.5,29.3,28.8,28.1,,,,,,,5.6,,26.3,2005-06-30T15:01:00,,,,21.9,2005-06-30T05:24:00,,,,,,,3.6,2005-06-30T13:00:00,,,,,,,,,,,,,,89,2005-06-30T02:39:00,,,,,,1015.1,2005-06-30T22:05:00,,,,1012.2,2005-06-30T04:36:00,,,,,,,,,,,,,,,,,,,7.3,29.1,12.9,2005-06-30T12:00:00,,,,19.6,,,0,,0,,0,,0,,0,,0,,0,,0,,0,,0,,0,,0,,0,,1,,2,,2,,1,,1,,1,,3,,0,,0,,0,,0,,0,,1,,0,,1,,1,,0,,1,,7,,1,,0,,1,,0,,0,,0,,,130,,,2.7,2005-06-30T12:02:00,,,0.0,,0.0,,0.0,,0.0,,0.0,,0.0,,0.0,,0.0,,0.0,,0.0,,0.0,,0.0,,0.0,,2.4,,4.4,,4.6,,2.2,,1.8,,2.0,,3.1,,0.0,,0.0,,0.0,,0.0,,0.0,,0.5,,0.0,,0.5,,1.5,,0.0,,2.2,,9.8,,1.2,,0.0,,0.6,,0.0,,0.0,,0.0,
2005-07-01,1012.2,1013.3,1013.3,2005-07-01T22:23:00,1010.9,2005-07-01T16:10:00,28.9,32.7,2005-07-01T12:06:00,25.7,2005-07-01T05:13:00,23.3,72,58,2005-07-01T07:56:00,1.5,310,5.8,330,2005-07-01T06:11:00,0.0,0.0,0.0,,0.0,,11.6,86.1,28.46,5.8,31.5,31.2,30.6,30.0,29.6,29.0,,,,,,,3.0,,26.1,2005-07-01T12:05:00,,,,20.0,2005-07-01T06:54:00,,,,,,,3.6,2005-07-01T12:00:00,,,,,,,,,,,,,,82,2005-07-01T00:12:00,,,,,,1014.4,2005-07-01T22:23:00,,,,1012.0,2005-07-01T16:10:00,,,,,,,,,,,,,,,,,,,7.0,29.9,13.3,2005-07-01T13:00:00,,,,20.4,,,1,,0,,0,,0,,0,,0,,0,,0,,0,,0,,0,,0,,0,,0,,3,,0,,1,,1,,3,,2,,2,,0,,0,,0,,0,,0,,0,,0,,0,,1,,0,,4,,4,,1,,0,,1,,0,,0,,,180,,,2.8,2005-07-01T13:51:00,,,0.0,,0.0,,0.0,,0.0,,0.0,,0.0,,0.0,,0.0,,0.0,,0.0,,0.0,,0.0,,0.0,,0.0,,5.5,,0.0,,2.3,,1.3,,5.3,,4.0,,3.1,,0.0,,0.0,,0.0,,0.0,,0.0,,0.0,,0.0,,0.0,,1.3,,0.0,,6.5,,3.6,,1.7,,0.0,,1.0,,0.0,,0.0,
2005-07-02,1011.2,1012.3,1012.6,2005-07-02T00:07:00,1009.0,2005-07-02T16:56:00,29.2,33.0,2005-07-02T14:31:00,25.9,2005-07-02T05:00:00,24.5,76,61,2005-07-02T08:00:00,1.8,200,7.3,210,2005-07-02T14:22:00,4.5,1.3,1.5,2005-07-02T22:41:00,4.0,2005-07-02T22:41:00,11.8,87.7,28.4,-5.7,31.7,31.6,30.8,30.7,30.1,28.2,,,,,,,3.1,,26.6,2005-07-02T13:46:00,,,,21.4,2005-07-02T06:14:00,,,,,,,3.6,2005-07-02T12:00:00,,,,,,,,,,,,,,92,2005-07-02T23:03:00,,,,,,1013.7,2005-07-02T00:07:00,,,,1010.1,2005-07-02T16:56:00,,,,,,,,,,,,,,,,,,,7.1,30.6,13.7,2005-07-02T12:00:00,,,,19.1,,,0,,0,,0,,0,,0,,0,,0,,0,,0,,0,,0,,0,,1,,0,,0,,0,,1,,2,,1,,1,,6,,2,,1,,0,,0,,1,,0,,0,,0,,0,,0,,5,,2,,1,,0,,0,,0,,0,,,200,,,3.7,2005-07-02T13:58:00,,,0.0,,0.0,,0.0,,0.0,,0.0,,0.0,,0.0,,0.0,,0.0,,0.0,,0.0,,0.0,,1.7,,0.0,,0.0,,0.0,,0.7,,4.3,,1.2,,3.2,,15.4,,2.6,,2.5,,0.0,,0.0,,0.3,,0.0,,0.0,,0.0,,0.0,,0.0,,7.8,,2.5,,1.2,,0.0,,0.0,,0.0,,0.0,
2005-07-03,1009.9,1011.0,1012.0,2005-07-03T00:01:00,1008.4,2005-07-03T16:10:00,29.4,33.2,2005-07-03T12:58:00,26.6,2005-07-03T05:29:00,24.7,76,67,2005-07-03T12:58:00,1.8,190,7.5,190,2005-07-03T14:09:00,0.0,0.0,0.0,,0.0,,10.3,76.5,27.31,6.0,31.8,31.9,31.8,30.8,30.4,28.6,,,,,,,5.1,,26.5,2005-07-03T13:07:00,,,,22.7,2005-07-03T07:03:00,,,,,,,3.6,2005-07-03T13:00:00,,,,,,,,,,,,,,91,2005-07-03T00:01:00,,,,,,1013.1,2005-07-03T00:01:00,,,,1009.5,2005-07-03T16:10:00,,,,,,,,,,,,,,,,,,,6.6,31.2,13.5,2005-07-03T13:00:00,,,,19.4,,,0,,0,,0,,0,,0,,0,,0,,0,,0,,0,,0,,0,,0,,0,,0,,0,,0,,0,,0,,8,,3,,1,,1,,0,,1,,0,,0,,2,,1,,2,,1,,3,,1,,0,,0,,0,,0,,0,,,200,,,4.0,2005-07-03T14:18:00,,,0.0,,0.0,,0.0,,0.0,,0.0,,0.0,,0.0,,0.0,,0.0,,0.0,,0.0,,0.0,,0.0,,0.0,,0.0,,0.0,,0.0,,0.0,,0.0,,19.4,,8.6,,1.4,,2.2,,0.0,,0.9,,0.0,,0.0,,2.7,,1.5,,1.7,,0.6,,3.1,,0.6,,0.0,,0.0,,0.0,,0.0,,0.0,
2005-07-04,1008.5,1009.6,1009.7,2005-07-04T10:33:00,1007.4,2005-07-04T16:08:00,29.3,32.6,2005-07-04T12:37:00,26.1,2005-07-04T05:34:00,23.7,72,64,2005-07-04T14:46:00,2.0,190,8.3,200,2005-07-04T16:31:00,0.0,0.0,0.0,,0.0,,9.8,72.9,26.49,6.8,31.6,31.6,31.4,31.3,30.7,28.6,,,,,,,6.1,,25.8,2005-07-04T16:04:00,,,,21.6,2005-07-04T03:25:00,,,,,,,3.6,2005-07-04T13:00:00,,,,,,,,,,,,,,79,2005-07-04T00:01:00,,,,,,1010.8,2005-07-04T10:33:00,,,,1008.5,2005-07-04T16:08:00,,,,,,,,,,,,,,,,,,,6.5,31.3,13.4,2005-07-04T13:00:00,,,,18.3,,,0,,0,,0,,0,,0,,0,,0,,0,,0,,0,,0,,0,,0,,0,,0,,0,,0,,0,,0,,5,,5,,2,,2,,0,,2,,1,,0,,2,,2,,0,,1,,1,,1,,0,,0,,0,,0,,0,,,190,,,4.0,2005-07-04T13:04:00,,,0.0,,0.0,,0.0,,0.0,,0.0,,0.0,,0.0,,0.0,,0.0,,0.0,,0.0,,0.0,,0.0,,0.0,,0.0,,0.0,,0.0,,0.0,,0.0,,14.1,,13.7,,4.4,,4.1,,0.0,,1.6,,1.0,,0.0,,2.8,,3.1,,0.0,,0.4,,0.9,,1.0,,0.0,,0.0,,0.0,,0.0,,0.0,
2005-07-05,1007.8,1008.9,1008.8,2005-07-05T21:28:00,1006.9,2005-07-05T01:54:00,29.4,32.7,2005-07-05T14:53:00,25.4,2005-07-05T05:36:00,23.2,70,54,2005-07-05T07:27:00,1.9,200,8.8,190,2005-07-05T10:54:00,0.0,0.0,0.0,,0.0,,10.9,81.1,27.59,5.0,31.5,31.5,31.3,31.3,30.8,28.7,,,,,,,2.4,,26.5,2005-07-05T13:11:00,,,,17.7,2005-07-05T05:06:00,,,,,,,3.6,2005-07-05T13:00:00,,,,,,,,,,,,,,82,2005-07-05T00:53:00,,,,,,1009.9,2005-07-05T21:28:00,,,,1008.0,2005-07-05T01:54:00,,,,,,,,,,,,,,,,,,,7.3,31.3,12.3,2005-07-05T13:00:00,,,,21.0,,,0,,0,,0,,0,,0,,0,,0,,0,,0,,0,,0,,0,,0,,0,,0,,0,,0,,0,,0,,1,,7,,1,,0,,3,,1,,1,,0,,2,,2,,0,,3,,2,,1,,0,,0,,0,,0,,0,,,190,,,4.6,2005-07-05T10:48:00,,,0.0,,0.0,,0.0,,0.0,,0.0,,0.0,,0.0,,0.0,,0.0,,0.0,,0.0,,0.0,,0.0,,0.0,,0.0,,0.0,,0.0,,0.0,,0.0,,4.0,,19.5,,2.5,,0.0,,3.2,,1.2,,0.9,,0.0,,3.0,,3.2,,0.0,,3.4,,3.2,,0.9,,0.0,,0.0,,0.0,,0.0,,0.0,
2005-07-06,1007.5,1008.6,1008.8,2005-07-06T22:08:00,1006.1,2005-07-06T16:16:00,29.2,33.0,2005-07-06T13:10:00,26.4,2005-07-06T04:37:00,23.3,71,55,2005-07-06T07:55:00,1.4,310,11.1,220,2005-07-06T17:40:00,0.0,0.0,0.0,,0.0,,9.5,70.7,24.41,4.5,29.9,31.4,31.1,31.6,30.9,29.1,,,,,,,5.4,,25.9,2005-07-06T11:40:00,,,,20.2,2005-07-06T07:47:00,,,,,,,2.95,2005-07-06T13:00:00,,,,,,,,,,,,,,82,2005-07-06T20:26:00,,,,,,1009.9,2005-07-06T22:08:00,,,,1007.2,2005-07-06T16:16:00,,,,,,,,,,,,,,,,,,,6.6,31.3,11.1,2005-07-06T13:00:00,,,,21.9,,,1,,0,,0,,0,,1,,0,,0,,0,,0,,0,,0,,0,,0,,0,,0,,2,,1,,2,,2,,2,,2,,1,,0,,0,,1,,1,,0,,0,,0,,0,,1,,5,,1,,1,,0,,0,,0,,0,,,200,,,5.5,2005-07-06T17:48:00,,,0.2,,0.0,,0.0,,0.0,,0.3,,0.0,,0.0,,0.0,,0.0,,0.0,,0.0,,0.0,,0.0,,0.0,,0.0,,1.9,,2.6,,4.6,,3.9,,3.8,,5.7,,0.8,,0.0,,0.0,,0.7,,0.8,,0.0,,0.0,,0.0,,0.0,,0.9,,5.9,,0.9,,0.5,,0.0,,0.0,,0.0,,0.0,
2005-07-07,1008.0,1009.1,1010.1,2005-07-07T22:20:00,1006.7,2005-07-07T03:20:00,29.4,32.7,2005-07-07T11:10:00,26.8,2005-07-07T05:31:00,24.1,73,62,2005-07-07T10:59:00,2.8,200,13.5,200,2005-07-07T16:11:00,6.0,0.9,3.5,2005-07-07T13:02:00,6.0,2005-07-07T12:50:00,10.5,78.2,24.97,-2.9,30.3,30.8,30.8,31.2,31.0,29.1,,,,,,,2.9,,26.9,2005-07-07T14:07:00,,,,22.2,2005-07-07T03:01:00,,,,,,,3.57,2005-07-07T11:00:00,,,,,,,,,,,,,,89,2005-07-07T13:18:00,,,,,,1011.2,2005-07-07T22:20:00,,,,1007.8,2005-07-07T03:20:00,,,,,,,,,,,,,,,,,,,5.9,31.3,12.6,2005-07-07T12:00:00,,,,21.3,,,1,,0,,0,,0,,0,,0,,0,,0,,0,,0,,0,,0,,0,,0,,0,,0,,0,,0,,0,,1,,7,,6,,1,,1,,0,,1,,0,,0,,2,,0,,0,,2,,2,,0,,0,,0,,0,,0,,,200,,,7.1,2005-07-07T16:16:00,,,0.1,,0.0,,0.0,,0.0,,0.0,,0.0,,0.0,,0.0,,0.0,,0.0,,0.0,,0.0,,0.0,,0.0,,0.0,,0.0,,0.0,,0.0,,0.0,,2.5,,30.4,,20.4,,2.7,,2.4,,0.0,,3.1,,0.0,,0.0,,1.5,,0.0,,0.0,,2.0,,1.7,,0.0,,0.0,,0.0,,0.0,,0.0,
2005-07-08,1009.0,1010.1,1011.0,2005-07-08T22:21:00,1007.0,2005-07-08T15:43:00,29.7,32.0,2005-07-08T11:41:00,27.3,2005-07-08T05:48:00,24.3,73,68,2005-07-08T07:17:00,3.5,200,12.8,180,2005-07-08T14:48:00,0.0,0.0,0.0,,0.0,,11.6,86.4,26.85,6.2,30.3,31.4,31.0,31.0,30.9,29.2,,,,,,,3.9,,25.9,2005-07-08T11:07:00,,,,21.6,2005-07-08T06:13:00,,,,,,,3.74,2005-07-08T12:00:00,,,,,,,,,,,,,,79,2005-07-08T21:46:00,,,,,,1012.1,2005-07-08T22:21:00,,,,1008.1,2005-07-08T15:43:00,,,,,,,,,,,,,,,,,,,4.7,31.2,13.3,2005-07-08T12:00:00,,,,23.1,,,0,,0,,0,,0,,0,,0,,0,,0,,0,,0,,0,,0,,0,,0,,0,,0,,0,,0,,0,,1,,10,,2,,3,,0,,2,,2,,3,,1,,0,,0,,0,,0,,0,,0,,0,,0,,0,,0,,,200,,,6.2,2005-07-08T13:38:00,,,0.0,,0.0,,0.0,,0.0,,0.0,,0.0,,0.0,,0.0,,0.0,,0.0,,0.0,,0.0,,0.0,,0.0,,0.0,,0.0,,0.0,,0.0,,0.0,,5.3,,49.3,,6.4,,7.3,,0.0,,3.6,,3.7,,5.6,,1.9,,0.0,,0.0,,0.0,,0.0,,0.0,,0.0,,0.0,,0.0,,0.0,,0.0,
2005-07-09,1009.4,1010.5,1011.2,2005-07-09T22:04:00,1007.5,2005-07-09T14:10:00,29.6,33.0,2005-07-09T11:44:00,26.0,2005-07-09T05:34:00,23.6,70,62,2005-07-09T07:06:00,2.6,200,10.6,180,2005-07-09T14:47:00,0.0,0.0,0.0,,0.0,,12.3,91.7,28.82,5.1,30.9,31.2,30.8,30.9,30.6,29.2,,,,,,,1.5,,26.0,2005-07-09T10:23:00,,,,19.9,2005-07-09T04:14:00,,,,,,,3.6,2005-07-09T13:00:00,,,,,,,,,,,,,,79,2005-07-09T23:15:00,,,,,,1012.3,2005-07-09T22:04:00,,,,1008.6,2005-07-09T14:10:00,,,,,,,,,,,,,,,,,,,7.0,31.0,13.0,2005-07-09T12:00:00,,,,23.9,,,0,,1,,0,,0,,0,,0,,0,,0,,0,,0,,0,,0,,0,,0,,0,,0,,0,,0,,0,,1,,10,,0,,3,,1,,0,,0,,0,,2,,1,,1,,0,,3,,1,,0,,0,,0,,0,,0,,,190,,,5.7,2005-07-09T15:06:00,,,0.0,,1.2,,0.0,,0.0,,0.0,,0.0,,0.0,,0.0,,0.0,,0.0,,0.0,,0.0,,0.0,,0.0,,0.0,,0.0,,0.0,,0.0,,0.0,,5.4,,39.0,,0.0,,5.8,,2.1,,0.0,,0.0,,0.0,,2.7,,0.8,,1.3,,0.0,,3.9,,0.9,,0.0,,0.0,,0.0,,0.0,,0.0,
2005-07-10,1011.3,1012.4,1012.6,2005-07-10T21:13:00,1010.2,2005-07-10T16:11:00,29.5,33.2,2005-07-10T13:12:00,26.6,2005-07-10T05:50:00,24.0,72,61,2005-07-10T08:22:00,1.7,200,8.5,210,2005-07-10T13:34:00,0.0,0.0,0.0,,0.0,,11.3,84.3,27.26,5.9,31.9,31.7,31.1,31.1,30.8,29.2,,,,,,,2.0,,26.2,2005-07-10T13:01:00,,,,21.1,2005-07-10T04:56:00,,,,,,,3.6,2005-07-10T13:00:00,,,,,,,,,,,,,,79,2005-07-10T00:01:00,,,,,,1013.7,2005-07-10T21:13:00,,,,1011.3,2005-07-10T16:11:00,,,,,,,,,,,,,,,,,,,6.6,31.1,12.0,2005-07-10T12:00:00,,,,19.8,,,0,,0,,0,,0,,0,,0,,0,,0,,0,,0,,0,,0,,0,,0,,0,,0,,0,,0,,0,,1,,5,,3,,0,,1,,3,,2,,0,,4,,1,,1,,1,,0,,2,,0,,0,,0,,0,,0,,,200,,,4.2,2005-07-10T13:34:00,,,0.0,,0.0,,0.0,,0.0,,0.0,,0.0,,0.0,,0.0,,0.0,,0.0,,0.0,,0.0,,0.0,,0.0,,0.0,,0.0,,0.0,,0.0,,0.0,,3.0,,13.7,,6.2,,0.0,,1.2,,3.4,,2.0,,0.0,,6.0,,1.3,,1.1,,1.2,,0.0,,1.3,,0.0,,0.0,,0.0,,0.0,,0.0,
2005-07-11,1011.0,1012.1,1012.3,2005-07-11T00:03:00,1009.1,2005-07-11T16:21:00,29.8,33.1,2005-07-11T13:13:00,26.9,2005-07-11T05:07:00,24.3,72,62,2005-07-11T07:35:00,2.4,200,9.5,210,2005-07-11T14:15:00,0.0,0.0,0.0,,0.0,,10.0,74.6,26.88,5.0,31.8,31.9,31.4,31.2,30.9,29.2,,,,,,,2.9,,26.2,2005-07-11T14:45:00,,,,20.7,2005-07-11T06:32:00,,,,,,,3.6,2005-07-11T14:00:00,,,,,,,,,,,,,,84,2005-07-11T23:22:00,,,,,,1013.4,2005-07-11T00:03:00,,,,1010.2,2005-07-11T16:21:00,,,,,,,,,,,,,,,,,,,6.2,31.4,13.5,2005-07-11T13:00:00,,,,20.6,,,0,,0,,0,,0,,0,,0,,0,,0,,0,,0,,0,,0,,0,,0,,0,,0,,0,,0,,0,,5,,10,,1,,0,,1,,0,,0,,1,,0,,2,,1,,2,,0,,1,,0,,0,,0,,0,,0,,,190,,,4.8,2005-07-11T12:00:00,,,0.0,,0.0,,0.0,,0.0,,0.0,,0.0,,0.0,,0.0,,0.0,,0.0,,0.0,,0.0,,0.0,,0.0,,0.0,,0.0,,0.0,,0.0,,0.0,,16.9,,29.1,,2.5,,0.0,,1.0,,0.0,,0.0,,1.2,,0.0,,2.5,,1.2,,2.3,,0.0,,0.6,,0.0,,0.0,,0.0,,0.0,,0.0,
2005-07-12,1010.3,1011.4,1011.7,2005-07-12T08:59:00,1008.1,2005-07-12T15:55:00,29.9,32.9,2005-07-12T12:25:00,27.6,2005-07-12T03:36:00,24.9,75,67,2005-07-12T07:22:00,1.8,200,7.8,180,2005-07-12T13:02:00,0.0,0.0,0.0,,0.0,,10.8,80.7,26.97,5.6,32.5,32.4,31.9,31.5,31.2,29.2,,,,,,,4.5,,26.7,2005-07-12T10:50:00,,,,22.2,2005-07-12T05:39:00,,,,,,,3.64,2005-07-12T13:00:00,,,,,,,,,,,,,,85,2005-07-12T00:21:00,,,,,,1012.8,2005-07-12T08:59:00,,,,1009.2,2005-07-12T15:55:00,,,,,,,,,,,,,,,,,,,5.3,31.6,13.7,2005-07-12T12:00:00,,,,20.1,,,2,,0,,1,,0,,0,,0,,1,,0,,0,,0,,0,,0,,0,,1,,0,,1,,1,,2,,1,,3,,5,,0,,1,,0,,0,,0,,0,,1,,1,,0,,0,,1,,1,,1,,0,,0,,0,,0,,,200,,,4.3,2005-07-12T12:11:00,,,0.2,,0.0,,1.9,,0.0,,0.0,,0.0,,0.7,,0.0,,0.0,,0.0,,0.0,,0.0,,0.0,,1.2,,0.0,,0.8,,1.0,,1.5,,2.4,,8.5,,17.0,,0.0,,1.5,,0.0,,0.0,,0.0,,0.0,,1.3,,1.5,,0.0,,0.0,,0.9,,1.1,,0.9,,0.0,,0.0,,0.0,,0.0,
2005-07-13,1011.1,1012.2,1013.2,2005-07-13T22:12:00,1010.0,2005-07-13T04:11:00,29.8,32.7,2005-07-13T12:11:00,27.4,2005-07-13T05:31:00,24.7,74,63,2005-07-13T11:38:00,1.4,310,6.3,170,2005-07-13T15:39:00,0.0,0.0,0.0,,0.0,,11.2,83.7,26.81,4.8,32.8,32.7,33.2,31.8,31.4,29.2,,,,,,,3.4,,26.2,2005-07-13T14:51:00,,,,22.9,2005-07-13T05:56:00,,,,,,,3.6,2005-07-13T13:00:00,,,,,,,,,,,,,,83,2005-07-13T19:30:00,,,,,,1014.3,2005-07-13T22:12:00,,,,1011.1,2005-07-13T04:11:00,,,,,,,,,,,,,,,,,,,5.3,31.8,12.5,2005-07-13T13:00:00,,,,19.1,,,1,,1,,0,,1,,0,,0,,0,,0,,0,,0,,0,,0,,0,,2,,0,,1,,2,,2,,3,,2,,0,,0,,0,,0,,0,,0,,0,,0,,0,,1,,1,,4,,2,,1,,0,,0,,0,,0,,,180,,,3.4,2005-07-13T16:03:00,,,0.2,,1.0,,0.0,,1.7,,0.0,,0.0,,0.0,,0.0,,0.0,,0.0,,0.0,,0.0,,0.0,,4.8,,0.0,,0.9,,3.9,,4.5,,6.0,,4.2,,0.0,,0.0,,0.0,,0.0,,0.0,,0.0,,0.0,,0.0,,0.0,,0.6,,0.3,,3.7,,1.3,,0.4,,0.0,,0.0,,0.0,,0.0,
2005-07-14,1012.5,1013.6,1013.8,2005-07-14T21:50:00,1011.3,2005-07-14T16:06:00,29.7,33.0,2005-07-14T13:45:00,27.0,2005-07-14T04:52:00,23.7,70,58,2005-07-14T07:42:00,1.3,320,4.6,170,2005-07-14T12:50:00,0.0,0.0,0.0,,0.0,,12.0,89.8,28.38,5.8,32.6,32.7,32.0,31.9,31.7,29.4,,,,,,,1.9,,25.3,2005-07-14T15:44:00,,,,21.0,2005-07-14T07:03:00,,,,,,,3.6,2005-07-14T13:00:00,,,,,,,,,,,,,,82,2005-07-14T01:18:00,,,,,,1014.9,2005-07-14T21:50:00,,,,1012.4,2005-07-14T16:06:00,,,,,,,,,,,,,,,,,,,6.0,31.9,13.2,2005-07-14T13:00:00,,,,17.9,,,0,,1,,0,,0,,1,,0,,0,,0,,0,,1,,0,,0,,0,,3,,1,,1,,2,,2,,0,,1,,0,,0,,0,,0,,0,,0,,0,,0,,0,,0,,1,,2,,5,,1,,0,,0,,2,,0,,,150,,,2.6,2005-07-14T11:43:00,,,0.0,,1.0,,0.0,,0.0,,0.4,,0.0,,0.0,,0.0,,0.0,,0.6,,0.0,,0.0,,0.0,,5.4,,1.9,,1.8,,3.7,,4.3,,0.0,,2.1,,0.0,,0.0,,0.0,,0.0,,0.0,,0.0,,0.0,,0.0,,0.0,,0.0,,0.9,,2.0,,4.3,,0.8,,0.0,,0.0,,1.4,,0.0,
2005-07-15,1011.6,1012.7,1013.1,2005-07-15T09:11:00,1010.3,2005-07-15T15:43:00,30.1,33.4,2005-07-15T11:27:00,27.2,2005-07-15T05:53:00,23.6,68,58,2005-07-15T09:45:00,1.9,60,6.7,60,2005-07-15T10:46:00,0.0,0.0,0.0,,0.0,,10.5,78.6,27.4,5.2,33.0,32.8,32.0,32.0,31.7,29.6,,,,,,,2.4,,26.0,2005-07-15T15:40:00,,,,21.5,2005-07-15T05:33:00,,,,,,,3.6,2005-07-15T13:00:00,,,,,,,,,,,,,,75,2005-07-15T00:52:00,,,,,,1014.2,2005-07-15T09:11:00,,,,1011.4,2005-07-15T15:43:00,,,,,,,,,,,,,,,,,,,6.2,32.0,13.7,2005-07-15T13:00:00,,,,19.8,,,0,,0,,2,,1,,3,,2,,4,,2,,1,,1,,0,,0,,0,,0,,0,,0,,0,,0,,0,,0,,0,,0,,0,,0,,0,,0,,0,,0,,0,,0,,0,,0,,3,,2,,1,,2,,0,,0,,,60,,,3.8,2005-07-15T13:21:00,,,0.0,,0.0,,2.5,,1.5,,6.0,,5.1,,11.3,,5.2,,3.4,,3.1,,0.0,,0.0,,0.0,,0.0,,0.0,,0.0,,0.0,,0.0,,0.0,,0.0,,0.0,,0.0,,0.0,,0.0,,0.0,,0.0,,0.0,,0.0,,0.0,,0.0,,0.0,,0.0,,2.5,,1.4,,0.6,,1.9,,0.0,,0.0,
2005-07-16,1007.2,1008.3,1010.7,2005-07-16T00:01:00,1003.3,2005-07-16T23:55:00,30.1,33.7,2005-07-16T13:55:00,27.1,2005-07-16T05:38:00,23.0,66,56,2005-07-16T12:22:00,2.9,50,12.4,60,2005-07-16T12:04:00,0.0,0.0,0.0,,0.0,,11.5,86.2,28.07,7.2,32.4,32.5,31.8,31.9,31.9,29.7,,,,,,,2.4,,25.7,2005-07-16T11:07:00,,,,20.8,2005-07-16T21:34:00,,,,,,,3.6,2005-07-16T13:00:00,,,,,,,,,,,,,,73,2005-07-16T03:49:00,,,,,,1011.8,2005-07-16T00:01:00,,,,1004.4,2005-07-16T23:55:00,,,,,,,,,,,,,,,,,,,6.6,31.9,13.2,2005-07-16T13:00:00,,,,19.4,,,0,,0,,1,,0,,5,,7,,1,,0,,0,,0,,0,,0,,0,,0,,0,,0,,0,,0,,0,,0,,0,,0,,0,,0,,0,,0,,0,,0,,0,,0,,0,,0,,4,,1,,3,,2,,0,,0,,,50,,,5.7,2005-07-16T12:37:00,,,0.0,,0.0,,1.2,,0.0,,18.6,,32.6,,4.7,,0.0,,0.0,,0.0,,0.0,,0.0,,0.0,,0.0,,0.0,,0.0,,0.0,,0.0,,0.0,,0.0,,0.0,,0.0,,0.0,,0.0,,0.0,,0.0,,0.0,,0.0,,0.0,,0.0,,0.0,,0.0,,6.0,,0.5,,3.6,,2.5,,0.0,,0.0,
2005-07-17,996.1,997.2,1003.2,2005-07-17T00:01:00,986.2,2005-07-17T23:08:00,28.0,32.6,2005-07-17T08:43:00,26.0,2005-07-17T23:08:00,21.8,70,50,2005-07-17T08:39:00,1.5,330,13.6,30,2005-07-17T10:21:00,4.5,3.0,0.5,2005-07-17T10:18:00,2.0,2005-07-17T12:29:00,1.1,8.2,5.83,-1.2,29.2,30.0,30.1,30.9,31.6,29.6,,,,,,,8.5,,24.4,2005-07-17T10:43:00,,,,19.1,2005-07-17T06:42:00,,,,,,,1.71,2005-07-17T09:00:00,,,,,,,,,,,,,,84,2005-07-17T10:43:00,,,,,,1004.3,2005-07-17T00:01:00,,,,987.3,2005-07-17T23:08:00,,,,,,,,,,,,,,,,,,,6.6,31.4,3.2,2005-07-17T14:00:00,,,,16.6,,,0,,3,,0,,0,,0,,0,,0,,0,,0,,0,,0,,0,,0,,1,,0,,0,,0,,0,,0,,0,,0,,0,,0,,0,,0,,1,,1,,0,,0,,0,,0,,1,,3,,5,,2,,4,,3,,0,,,40,,,5.4,2005-07-17T10:25:00,,,0.0,,5.3,,0.0,,0.0,,0.0,,0.0,,0.0,,0.0,,0.0,,0.0,,0.0,,0.0,,0.0,,0.9,,0.0,,0.0,,0.0,,0.0,,0.0,,0.0,,0.0,,0.0,,0.0,,0.0,,0.0,,1.4,,0.9,,0.0,,0.0,,0.0,,0.0,,1.8,,4.6,,7.1,,2.8,,5.7,,4.3,,0.0,
2005-07-18,975.4,976.5,986.5,2005-07-18T00:01:00,965.3,2005-07-18T07:12:00,29.4,37.4,2005-07-18T06:26:00,25.7,2005-07-18T01:35:00,22.4,68,34,2005-07-18T06:16:00,5.9,200,27.8,190,2005-07-18T16:49:00,3.0,5.5,0.5,2005-07-18T17:10:00,1.0,2005-07-18T16:50:00,0.0,0.0,2.12,-0.2,28.0,28.6,28.7,29.5,30.6,29.7,,,,,,,10.0,,24.7,2005-07-18T12:32:00,,,,18.6,2005-07-18T06:37:00,,,,,,,0.6,2005-07-18T13:00:00,,,,,,,,,,,,,,83,2005-07-18T12:21:00,,,,,,987.6,2005-07-18T00:01:00,,,,966.3,2005-07-18T07:12:00,,,,,,,,,,,,,,,,,,,11.7,30.1,2.7,2005-07-18T13:00:00,,,,13.5,,,0,,0,,0,,1,,0,,0,,0,,0,,0,,0,,0,,0,,0,,0,,0,,0,,0,,0,,0,,0,,7,,5,,1,,2,,0,,2,,0,,0,,1,,2,,0,,0,,1,,0,,1,,0,,1,,0,,,200,,,13.5,2005-07-18T19:23:00,,,0.0,,0.0,,0.0,,1.9,,0.0,,0.0,,0.0,,0.0,,0.0,,0.0,,0.0,,0.0,,0.0,,0.0,,0.0,,0.0,,0.0,,0.0,,0.0,,0.0,,72.7,,38.7,,3.7,,10.6,,0.0,,6.1,,0.0,,0.0,,1.9,,2.1,,0.0,,0.0,,1.7,,0.0,,1.8,,0.0,,1.1,,0.0,
2005-07-19,992.6,993.7,998.5,2005-07-19T22:20:00,984.5,2005-07-19T00:04:00,25.6,27.6,2005-07-19T00:28:00,24.7,2005-07-19T18:07:00,23.4,88,73,2005-07-19T00:29:00,5.7,210,24.0,190,2005-07-19T00:07:00,106.0,19.9,6.0,2005-07-19T14:31:00,13.5,2005-07-19T21:40:00,0.0,0.0,0.25,-99.5,26.4,27.0,27.2,28.1,29.7,29.3,,,,,,,10.0,,24.6,2005-07-19T06:44:00,,,,22.0,2005-07-19T00:43:00,,,,,,,0.25,2005-07-19T14:00:00,,,,,,,,,,,,,,93,2005-07-19T10:39:00,,,,,,999.6,2005-07-19T22:20:00,,,,985.6,2005-07-19T00:04:00,,,,,,,,,,,,,,,,,,,2.9,28.5,1.0,2005-07-19T14:00:00,,,,9.4,,,0,,0,,0,,0,,0,,0,,0,,0,,0,,0,,0,,0,,0,,0,,0,,0,,0,,0,,0,,0,,6,,7,,5,,2,,2,,1,,0,,1,,0,,0,,0,,0,,0,,0,,0,,0,,0,,0,,,200,,,14.0,2005-07-19T00:12:00,,,0.0,,0.0,,0.0,,0.0,,0.0,,0.0,,0.0,,0.0,,0.0,,0.0,,0.0,,0.0,,0.0,,0.0,,0.0,,0.0,,0.0,,0.0,,0.0,,0.0,,57.2,,40.7,,22.7,,8.9,,3.7,,1.9,,0.0,,2.0,,0.0,,0.0,,0.0,,0.0,,0.0,,0.0,,0.0,,0.0,,0.0,,0.0,
2005-07-20,1000.9,1002.0,1003.1,2005-07-20T17:19:00,997.3,2005-07-20T04:34:00,24.2,25.4,2005-07-20T00:01:00,23.7,2005-07-20T12:45:00,22.4,90,86,2005-07-20T06:45:00,1.6,320,13.4,220,2005-07-20T00:56:00,88.0,18.8,5.5,2005-07-20T15:13:00,15.0,2005-07-20T00:01:00,0.0,0.0,0.0,-1.8,25.1,25.5,25.7,26.6,28.0,28.7,,,,,,,10.0,,24.1,2005-07-20T00:43:00,,,,21.5,2005-07-20T23:29:00,,,,,,,0.0,2005-07-20T23:59:00,,,,,,,,,,,,,,95,2005-07-20T14:05:00,,,,,,1004.2,2005-07-20T17:19:00,,,,998.4,2005-07-20T04:34:00,,,,,,,,,,,,,,,,,,,1.7,27.0,0.0,2005-07-20T15:00:00,,,,10.3,,,0,,0,,0,,0,,0,,0,,0,,0,,0,,0,,0,,0,,0,,0,,0,,0,,0,,0,,1,,1,,0,,1,,1,,2,,1,,3,,2,,1,,1,,1,,1,,3,,3,,1,,0,,0,,1,,0,,,210,,,7.0,2005-07-20T01:01:00,,,0.0,,0.0,,0.0,,0.0,,0.0,,0.0,,0.0,,0.0,,0.0,,0.0,,0.0,,0.0,,0.0,,0.0,,0.0,,0.0,,0.0,,0.0,,0.9,,1.1,,0.0,,6.8,,3.8,,5.5,,1.0,,1.8,,1.8,,1.9,,1.5,,0.8,,1.1,,3.7,,4.5,,1.1,,0.0,,0.0,,0.9,,0.0,
2005-07-21,1003.0,1004.1,1006.0,2005-07-21T22:26:00,1001.0,2005-07-21T15:35:00,25.9,29.5,2005-07-21T14:20:00,23.8,2005-07-21T00:02:00,22.1,80,67,2005-07-21T18:22:00,1.4,40,10.2,30,2005-07-21T18:04:00,5.5,3.9,1.0,2005-07-21T08:34:00,2.5,2005-07-21T08:19:00,0.7,5.3,9.69,-2.2,26.7,26.6,26.3,26.5,27.0,26.9,,,,,,,9.0,,24.4,2005-07-21T13:10:00,,,,20.3,2005-07-21T18:22:00,,,,,,,2.12,2005-07-21T14:00:00,,,,,,,,,,,,,,90,2005-07-21T04:05:00,,,,,,1007.1,2005-07-21T22:26:00,,,,1002.1,2005-07-21T15:35:00,,,,,,,,,,,,,,,,,,,5.7,26.5,6.8,2005-07-21T14:00:00,,,,16.1,,,2,,0,,0,,1,,3,,0,,0,,1,,0,,0,,0,,0,,0,,0,,0,,0,,0,,1,,0,,0,,0,,1,,2,,0,,0,,1,,0,,3,,1,,0,,0,,2,,3,,1,,1,,1,,0,,0,,,40,,,4.6,2005-07-21T17:14:00,,,0.2,,0.0,,0.0,,2.7,,10.0,,0.0,,0.0,,0.7,,0.0,,0.0,,0.0,,0.0,,0.0,,0.0,,0.0,,0.0,,0.0,,1.7,,0.0,,0.0,,0.0,,1.6,,3.0,,0.0,,0.0,,1.4,,0.0,,3.7,,1.1,,0.0,,0.0,,2.6,,2.8,,0.4,,0.6,,0.5,,0.0,,0.0,
2005-07-22,1005.7,1006.8,1007.6,2005-07-22T22:42:00,1004.4,2005-07-22T04:11:00,27.7,31.5,2005-07-22T11:34:00,24.2,2005-07-22T05:26:00,22.6,74,68,2005-07-22T10:43:00,1.4,320,7.1,70,2005-07-22T13:38:00,0.0,0.0,0.0,,0.0,,7.2,54.2,23.94,4.2,29.0,29.0,28.2,27.9,27.2,27.4,,,,,,,4.1,,25.1,2005-07-22T12:55:00,,,,20.8,2005-07-22T05:18:00,,,,,,,3.6,2005-07-22T12:00:00,,,,,,,,,,,,,,83,2005-07-22T00:19:00,,,,,,1008.7,2005-07-22T22:42:00,,,,1005.5,2005-07-22T04:11:00,,,,,,,,,,,,,,,,,,,7.3,27.3,11.9,2005-07-22T12:00:00,,,,18.5,,,0,,0,,1,,0,,0,,5,,3,,0,,0,,0,,0,,0,,0,,0,,0,,0,,0,,0,,0,,0,,0,,0,,0,,0,,0,,0,,0,,0,,0,,0,,0,,2,,7,,3,,1,,1,,1,,0,,,60,,,3.6,2005-07-22T12:36:00,,,0.0,,0.0,,1.5,,0.0,,0.0,,12.1,,7.9,,0.0,,0.0,,0.0,,0.0,,0.0,,0.0,,0.0,,0.0,,0.0,,0.0,,0.0,,0.0,,0.0,,0.0,,0.0,,0.0,,0.0,,0.0,,0.0,,0.0,,0.0,,0.0,,0.0,,0.0,,2.7,,4.6,,3.2,,0.8,,0.8,,0.8,,0.0,
2005-07-23,1005.6,1006.7,1007.1,2005-07-23T00:01:00,1003.8,2005-07-23T16:26:00,28.6,31.9,2005-07-23T12:55:00,25.6,2005-07-23T05:11:00,23.1,72,64,2005-07-23T07:44:00,1.5,320,6.8,100,2005-07-23T12:19:00,0.0,0.0,0.0,,0.0,,10.2,76.9,27.15,4.5,30.1,30.3,29.2,28.8,27.1,27.4,,,,,,,4.0,,25.5,2005-07-23T12:44:00,,,,20.6,2005-07-23T05:01:00,,,,,,,3.61,2005-07-23T12:00:00,,,,,,,,,,,,,,81,2005-07-23T22:36:00,,,,,,1008.2,2005-07-23T00:01:00,,,,1004.9,2005-07-23T16:26:00,,,,,,,,,,,,,,,,,,,6.3,28.7,12.0,2005-07-23T12:00:00,,,,19.8,,,0,,1,,1,,0,,1,,1,,1,,2,,1,,1,,2,,2,,0,,0,,0,,0,,0,,0,,0,,0,,1,,0,,0,,0,,0,,0,,0,,0,,0,,0,,0,,0,,4,,1,,3,,2,,0,,0,,,80,,,3.7,2005-07-23T11:55:00,,,0.0,,0.9,,0.9,,0.0,,2.3,,0.7,,1.5,,4.6,,3.3,,2.7,,4.6,,5.4,,0.0,,0.0,,0.0,,0.0,,0.0,,0.0,,0.0,,0.0,,0.7,,0.0,,0.0,,0.0,,0.0,,0.0,,0.0,,0.0,,0.0,,0.0,,0.0,,0.0,,3.6,,1.0,,3.2,,1.7,,0.0,,0.0,
2005-07-24,1003.9,1005.0,1005.5,2005-07-24T00:02:00,1002.4,2005-07-24T16:13:00,28.8,31.8,2005-07-24T10:36:00,25.8,2005-07-24T05:36:00,22.7,70,59,2005-07-24T09:11:00,1.6,320,6.0,100,2005-07-24T11:17:00,0.0,0.0,0.0,,0.0,,10.7,80.8,27.56,4.7,30.5,31.0,30.3,29.8,29.0,27.5,,,,,,,4.3,,24.8,2005-07-24T14:02:00,,,,20.3,2005-07-24T22:18:00,,,,,,,3.6,2005-07-24T12:00:00,,,,,,,,,,,,,,81,2005-07-24T02:45:00,,,,,,1006.6,2005-07-24T00:02:00,,,,1003.5,2005-07-24T16:13:00,,,,,,,,,,,,,,,,,,,6.0,29.5,12.0,2005-07-24T13:00:00,,,,20.5,,,0,,0,,0,,0,,2,,1,,1,,0,,0,,1,,2,,0,,2,,3,,0,,1,,0,,0,,0,,0,,0,,0,,0,,0,,0,,0,,0,,0,,0,,0,,0,,1,,4,,1,,3,,1,,1,,0,,,110,,,3.7,2005-07-24T11:14:00,,,0.0,,0.0,,0.0,,0.0,,3.2,,1.3,,1.8,,0.0,,0.0,,2.6,,4.1,,0.0,,5.4,,7.6,,0.0,,2.3,,0.0,,0.0,,0.0,,0.0,,0.0,,0.0,,0.0,,0.0,,0.0,,0.0,,0.0,,0.0,,0.0,,0.0,,0.0,,1.4,,4.0,,1.0,,1.6,,0.5,,0.9,,0.0,
2005-07-25,1003.3,1004.4,1004.4,2005-07-25T21:48:00,1002.3,2005-07-25T04:41:00,28.0,31.9,2005-07-25T14:04:00,24.6,2005-07-25T05:16:00,21.4,68,58,2005-07-25T11:13:00,1.7,310,5.1,340,2005-07-25T06:11:00,0.0,0.0,0.0,,0.0,,11.6,87.7,27.92,4.9,30.8,30.7,30.1,30.0,29.6,27.9,,,,,,,1.8,,24.0,2005-07-25T14:06:00,,,,18.3,2005-07-25T06:49:00,,,,,,,3.6,2005-07-25T13:00:00,,,,,,,,,,,,,,77,2005-07-25T22:08:00,,,,,,1005.5,2005-07-25T21:48:00,,,,1003.4,2005-07-25T04:41:00,,,,,,,,,,,,,,,,,,,7.3,29.9,12.2,2005-07-25T12:00:00,,,,20.8,,,0,,0,,0,,0,,0,,0,,0,,0,,0,,3,,0,,1,,1,,0,,1,,0,,0,,0,,1,,2,,0,,1,,0,,0,,1,,1,,0,,1,,0,,0,,0,,6,,2,,3,,0,,0,,0,,0,,,120,,,3.6,2005-07-25T11:56:00,,,0.0,,0.0,,0.0,,0.0,,0.0,,0.0,,0.0,,0.0,,0.0,,7.5,,0.0,,3.4,,2.4,,0.0,,2.0,,0.0,,0.0,,0.0,,1.9,,4.4,,0.0,,1.6,,0.0,,0.0,,0.6,,0.9,,0.0,,1.2,,0.0,,0.0,,0.0,,7.9,,2.9,,3.4,,0.0,,0.0,,0.0,,0.0,
2005-07-26,1004.2,1005.3,1006.1,2005-07-26T21:34:00,1003.1,2005-07-26T01:26:00,28.1,32.2,2005-07-26T14:42:00,24.7,2005-07-26T05:38:00,21.5,68,54,2005-07-26T08:08:00,1.4,320,5.8,110,2005-07-26T14:21:00,0.0,0.0,0.0,,0.0,,11.7,88.5,27.83,5.4,31.0,31.2,30.2,30.2,29.9,28.6,,,,,,,1.6,,24.0,2005-07-26T12:46:00,,,,18.5,2005-07-26T07:50:00,,,,,,,3.6,2005-07-26T13:00:00,,,,,,,,,,,,,,75,2005-07-26T01:42:00,,,,,,1007.2,2005-07-26T21:34:00,,,,1004.2,2005-07-26T01:26:00,,,,,,,,,,,,,,,,,,,7.5,30.0,12.1,2005-07-26T12:00:00,,,,19.8,,,0,,0,,0,,0,,0,,0,,0,,0,,0,,0,,2,,1,,1,,2,,0,,2,,2,,0,,0,,1,,0,,0,,0,,1,,0,,0,,0,,0,,0,,0,,1,,4,,6,,0,,1,,0,,0,,0,,,110,,,3.5,2005-07-26T14:21:00,,,0.0,,0.0,,0.0,,0.0,,0.0,,0.0,,0.0,,0.0,,0.0,,0.0,,4.9,,2.9,,1.0,,4.2,,0.0,,3.3,,2.2,,0.0,,0.0,,1.1,,0.0,,0.0,,0.0,,0.6,,0.0,,0.0,,0.0,,0.0,,0.0,,0.0,,0.9,,5.1,,6.5,,0.0,,0.8,,0.0,,0.0,,0.0,
2005-07-27,1005.6,1006.7,1007.5,2005-07-27T22:02:00,1004.1,2005-07-27T02:48:00,28.7,32.2,2005-07-27T13:53:00,24.8,2005-07-27T04:13:00,22.2,68,57,2005-07-27T08:16:00,1.3,310,4.3,310,2005-07-27T02:42:00,0.0,0.0,0.0,,0.0,,11.5,87.1,27.88,5.2,31.0,31.1,30.7,30.5,30.0,28.2,,,,,,,1.8,,25.4,2005-07-27T13:03:00,,,,19.1,2005-07-27T05:16:00,,,,,,,3.6,2005-07-27T13:00:00,,,,,,,,,,,,,,74,2005-07-27T22:20:00,,,,,,1008.6,2005-07-27T22:02:00,,,,1005.2,2005-07-27T02:48:00,,,,,,,,,,,,,,,,,,,7.4,30.3,12.8,2005-07-27T13:00:00,,,,18.1,,,0,,0,,0,,0,,0,,0,,0,,0,,0,,0,,0,,0,,0,,0,,3,,2,,1,,2,,1,,1,,0,,0,,0,,0,,0,,2,,0,,0,,0,,0,,0,,5,,4,,3,,0,,0,,0,,0,,,150,,,2.5,2005-07-27T12:20:00,,,0.0,,0.0,,0.0,,0.0,,0.0,,0.0,,0.0,,0.0,,0.0,,0.0,,0.0,,0.0,,0.0,,0.0,,5.1,,4.0,,0.5,,3.6,,2.0,,0.9,,0.0,,0.0,,0.0,,0.0,,0.0,,1.4,,0.0,,0.0,,0.0,,0.0,,0.0,,6.4,,5.0,,2.4,,0.0,,0.0,,0.0,,0.0,
2005-07-28,1006.0,1007.1,1007.2,2005-07-28T00:19:00,1004.6,2005-07-28T15:11:00,28.5,32.8,2005-07-28T12:54:00,25.9,2005-07-28T05:33:00,22.6,71,57,2005-07-28T08:34:00,1.2,320,5.4,60,2005-07-28T12:11:00,-9.8,0.3,-9.8,2005-07-28T10:15:00,-9.8,2005-07-28T10:15:00,4.2,31.8,16.07,-2.0,30.2,30.6,30.3,30.3,30.3,28.4,,,,,,,6.3,,24.9,2005-07-28T12:26:00,,,,19.4,2005-07-28T07:44:00,,,,,,,3.42,2005-07-28T13:00:00,,,,,,,,,,,,,,84,2005-07-28T10:35:00,,,,,,1008.3,2005-07-28T00:19:00,,,,1005.7,2005-07-28T15:11:00,,,,,,,,,,,,,,,,,,,6.9,30.5,13.3,2005-07-28T13:00:00,,,,17.6,,,1,,0,,0,,0,,1,,0,,1,,3,,1,,0,,0,,1,,1,,1,,0,,1,,0,,0,,0,,0,,0,,0,,2,,0,,0,,0,,0,,0,,0,,0,,1,,1,,5,,1,,0,,1,,2,,0,,,110,,,2.9,2005-07-28T15:04:00,,,0.0,,0.0,,0.0,,0.0,,0.8,,0.0,,1.2,,6.0,,2.2,,0.0,,0.0,,2.7,,2.2,,0.5,,0.0,,1.2,,0.0,,0.0,,0.0,,0.0,,0.0,,0.0,,0.7,,0.0,,0.0,,0.0,,0.0,,0.0,,0.0,,0.0,,0.6,,1.1,,6.2,,1.4,,0.0,,0.3,,1.2,,0.0,
2005-07-29,1006.5,1007.6,1008.1,2005-07-29T22:31:00,1005.0,2005-07-29T02:31:00,28.6,33.4,2005-07-29T12:00:00,26.0,2005-07-29T05:14:00,24.2,78,62,2005-07-29T11:55:00,1.1,320,5.1,110,2005-07-29T14:49:00,9.5,2.8,2.0,2005-07-29T03:40:00,5.0,2005-07-29T03:38:00,4.2,31.9,17.71,-1.9,31.4,31.2,30.7,30.4,30.1,28.7,,,,,,,8.8,,25.8,2005-07-29T11:43:00,,,,22.9,2005-07-29T03:17:00,,,,,,,3.45,2005-07-29T12:00:00,,,,,,,,,,,,,,89,2005-07-29T04:21:00,,,,,,1009.2,2005-07-29T22:31:00,,,,1006.1,2005-07-29T02:31:00,,,,,,,,,,,,,,,,,,,7.4,30.5,13.0,2005-07-29T12:00:00,,,,16.9,,,1,,0,,1,,2,,0,,0,,1,,1,,1,,1,,1,,2,,0,,1,,0,,0,,0,,0,,0,,0,,0,,0,,0,,0,,0,,0,,0,,0,,0,,0,,0,,1,,6,,3,,1,,0,,1,,0,,,110,,,2.9,2005-07-29T12:35:00,,,0.0,,0.0,,0.5,,1.5,,0.0,,0.0,,1.9,,0.9,,2.0,,2.0,,2.2,,4.4,,0.0,,1.7,,0.0,,0.0,,0.0,,0.0,,0.0,,0.0,,0.0,,0.0,,0.0,,0.0,,0.0,,0.0,,0.0,,0.0,,0.0,,0.0,,0.0,,0.5,,5.6,,1.9,,0.6,,0.0,,0.3,,0.0,
2005-07-30,1008.3,1009.4,1010.2,2005-07-30T22:27:00,1006.4,2005-07-30T01:51:00,29.4,33.0,2005-07-30T13:19:00,26.4,2005-07-30T04:35:00,24.3,74,66,2005-07-30T13:18:00,1.4,180,5.1,210,2005-07-30T16:09:00,0.0,0.0,0.0,,0.0,,9.8,74.5,26.54,5.5,32.4,32.1,31.4,30.8,30.2,28.7,,,,,,,3.9,,26.1,2005-07-30T11:13:00,,,,22.4,2005-07-30T05:31:00,,,,,,,3.6,2005-07-30T13:00:00,,,,,,,,,,,,,,81,2005-07-30T04:35:00,,,,,,1011.3,2005-07-30T22:27:00,,,,1007.5,2005-07-30T01:51:00,,,,,,,,,,,,,,,,,,,6.6,30.7,13.5,2005-07-30T12:00:00,,,,19.8,,,1,,0,,0,,0,,0,,0,,0,,0,,0,,0,,0,,1,,0,,1,,1,,0,,1,,0,,4,,1,,1,,0,,0,,1,,1,,0,,0,,2,,1,,0,,2,,2,,2,,2,,0,,0,,0,,0,,,150,,,2.9,2005-07-30T12:45:00,,,0.1,,0.0,,0.0,,0.0,,0.0,,0.0,,0.0,,0.0,,0.0,,0.0,,0.0,,2.3,,0.0,,1.9,,1.9,,0.0,,1.7,,0.0,,7.6,,2.3,,2.2,,0.0,,0.0,,1.1,,1.0,,0.0,,0.0,,2.1,,1.6,,0.0,,1.7,,1.7,,1.7,,1.7,,0.0,,0.0,,0.0,,0.0,
2005-07-31,1009.3,1010.4,1010.4,2005-07-31T10:17:00,1008.0,2005-07-31T16:39:00,29.7,32.9,2005-07-31T11:47:00,26.5,2005-07-31T05:34:00,24.2,73,62,2005-07-31T07:51:00,1.4,190,4.9,180,2005-07-31T11:40:00,0.0,0.0,0.0,,0.0,,11.9,90.5,28.23,4.1,32.8,32.3,31.8,31.4,29.6,28.8,,,,,,,1.6,,26.9,2005-07-31T13:22:00,,,,21.4,2005-07-31T05:04:00,,,,,,,3.6,2005-07-31T13:00:00,,,,,,,,,,,,,,80,2005-07-31T00:39:00,,,,,,1011.5,2005-07-31T10:17:00,,,,1009.1,2005-07-31T16:39:00,,,,,,,,,,,,,,,,,,,6.4,31.3,12.9,2005-07-31T13:00:00,,,,19.4,,,0,,0,,0,,0,,0,,0,,0,,0,,0,,0,,0,,0,,0,,0,,1,,2,,0,,2,,2,,4,,0,,0,,0,,0,,1,,0,,0,,0,,1,,1,,0,,4,,4,,2,,0,,0,,0,,0,,,180,,,2.9,2005-07-31T11:53:00,,,0.0,,0.0,,0.0,,0.0,,0.0,,0.0,,0.0,,0.0,,0.0,,0.0,,0.0,,0.0,,0.0,,0.0,,2.0,,4.3,,0.0,,3.8,,5.0,,5.8,,0.0,,0.0,,0.0,,0.0,,0.7,,0.0,,0.0,,0.0,,1.2,,0.6,,0.0,,5.0,,4.0,,1.8,,0.0,,0.0,,0.0,,0.0,
2005-08-01,1008.0,1009.1,1009.9,2005-08-01T00:01:00,1006.3,2005-08-01T16:20:00,29.8,33.1,2005-08-01T12:47:00,26.9,2005-08-01T05:41:00,24.7,75,65,2005-08-01T12:54:00,1.2,180,4.5,160,2005-08-01T13:38:00,0.0,0.0,0.0,,0.0,,11.3,86.1,27.44,6.4,33.1,32.6,31.9,31.6,31.0,29.2,,,,,,,3.5,,26.9,2005-08-01T10:18:00,,,,22.5,2005-08-01T05:25:00,,,,,,,3.6,2005-08-01T13:00:00,,,,,,,,,,,,,,81,2005-08-01T02:43:00,,,,,,1011.0,2005-08-01T00:01:00,,,,1007.4,2005-08-01T16:20:00,,,,,,,,,,,,,,,,,,,6.2,31.6,12.6,2005-08-01T13:00:00,,,,18.1,,,0,,0,,0,,0,,0,,0,,0,,0,,0,,0,,1,,0,,0,,3,,1,,1,,2,,1,,4,,1,,0,,0,,0,,0,,0,,1,,0,,0,,0,,0,,0,,3,,3,,0,,1,,1,,1,,0,,,160,,,2.8,2005-08-01T12:46:00,,,0.0,,0.0,,0.0,,0.0,,0.0,,0.0,,0.0,,0.0,,0.0,,0.0,,0.8,,0.0,,0.0,,3.3,,2.1,,1.8,,4.0,,1.1,,8.1,,0.3,,0.0,,0.0,,0.0,,0.0,,0.0,,0.6,,0.0,,0.0,,0.0,,0.0,,0.0,,3.3,,2.7,,0.0,,0.8,,0.3,,0.7,,0.0,
2005-08-02,1004.6,1005.7,1006.9,2005-08-02T00:01:00,1002.2,2005-08-02T16:12:00,29.7,32.9,2005-08-02T13:52:00,26.9,2005-08-02T05:33:00,24.3,73,58,2005-08-02T13:57:00,1.7,320,5.6,90,2005-08-02T12:25:00,0.0,0.0,0.0,,0.0,,11.4,87.0,27.64,3.4,32.7,32.6,31.9,31.8,31.1,29.2,,,,,,,3.5,,25.9,2005-08-02T12:47:00,,,,22.2,2005-08-02T07:23:00,,,,,,,3.6,2005-08-02T13:00:00,,,,,,,,,,,,,,84,2005-08-02T01:26:00,,,,,,1008.0,2005-08-02T00:01:00,,,,1003.3,2005-08-02T16:12:00,,,,,,,,,,,,,,,,,,,6.0,31.7,12.9,2005-08-02T12:00:00,,,,19.1,,,0,,1,,0,,0,,2,,2,,2,,0,,1,,0,,4,,3,,0,,0,,0,,0,,0,,0,,0,,0,,0,,0,,0,,0,,0,,0,,0,,0,,0,,0,,0,,1,,5,,2,,1,,0,,0,,0,,,110,,,3.5,2005-08-02T12:12:00,,,0.0,,1.1,,0.0,,0.0,,4.2,,3.8,,3.7,,0.0,,2.0,,0.0,,9.4,,8.6,,0.0,,0.0,,0.0,,0.0,,0.0,,0.0,,0.0,,0.0,,0.0,,0.0,,0.0,,0.0,,0.0,,0.0,,0.0,,0.0,,0.0,,0.0,,0.0,,1.6,,4.5,,1.9,,0.5,,0.0,,0.0,,0.0,
2005-08-03,998.9,1000.0,1003.1,2005-08-03T00:03:00,996.4,2005-08-03T23:19:00,30.3,35.0,2005-08-03T14:06:00,26.9,2005-08-03T06:06:00,23.4,67,46,2005-08-03T10:11:00,1.7,330,10.5,40,2005-08-03T14:54:00,0.0,0.0,0.0,,0.0,,8.4,64.2,23.25,-5.4,31.6,31.7,31.4,31.5,31.3,29.6,,,,,,,5.5,,25.9,2005-08-03T17:52:00,,,,20.1,2005-08-03T10:10:00,,,,,,,3.64,2005-08-03T13:00:00,,,,,,,,,,,,,,81,2005-08-03T01:31:00,,,,,,1004.2,2005-08-03T00:03:00,,,,997.5,2005-08-03T23:19:00,,,,,,,,,,,,,,,,,,,8.1,31.2,12.0,2005-08-03T13:00:00,,,,18.5,,,1,,0,,0,,0,,1,,2,,1,,2,,0,,0,,1,,0,,0,,0,,0,,1,,0,,0,,0,,1,,0,,0,,0,,0,,1,,0,,1,,1,,0,,0,,1,,3,,1,,3,,3,,0,,0,,0,,,50,,,4.4,2005-08-03T13:14:00,,,0.2,,0.0,,0.0,,0.0,,2.8,,6.7,,4.2,,3.9,,0.0,,0.0,,2.9,,0.0,,0.0,,0.0,,0.0,,2.6,,0.0,,0.0,,0.0,,1.7,,0.0,,0.0,,0.0,,0.0,,0.6,,0.0,,1.1,,1.6,,0.0,,0.0,,1.1,,3.6,,1.4,,3.9,,3.6,,0.0,,0.0,,0.0,
2005-08-04,991.1,992.2,996.8,2005-08-04T00:02:00,986.8,2005-08-04T16:30:00,29.4,35.9,2005-08-04T22:25:00,26.8,2005-08-04T06:06:00,23.8,75,30,2005-08-04T22:25:00,1.7,310,14.1,230,2005-08-04T23:29:00,2.0,3.5,0.5,2005-08-04T04:45:00,1.5,2005-08-04T04:46:00,0.0,0.0,5.85,-3.7,30.1,30.4,30.3,30.9,31.2,29.3,,,,,,,10.0,,26.1,2005-08-04T16:09:00,,,,15.7,2005-08-04T21:36:00,,,,,,,1.12,2005-08-04T13:00:00,,,,,,,,,,,,,,93,2005-08-04T06:06:00,,,,,,997.9,2005-08-04T00:02:00,,,,987.9,2005-08-04T16:30:00,,,,,,,,,,,,,,,,,,,9.1,31.3,4.9,2005-08-04T13:00:00,,,,15.9,,,0,,0,,0,,2,,1,,3,,2,,0,,0,,0,,1,,0,,0,,0,,0,,1,,1,,0,,0,,0,,0,,0,,0,,1,,0,,0,,0,,1,,2,,0,,0,,3,,2,,1,,0,,2,,1,,0,,,280,,,5.0,2005-08-04T21:55:00,,,0.0,,0.0,,0.0,,6.3,,1.8,,4.9,,3.3,,0.0,,0.0,,0.0,,1.6,,0.0,,0.0,,0.0,,0.0,,1.5,,1.5,,0.0,,0.0,,0.0,,0.0,,0.0,,0.0,,0.5,,0.0,,0.0,,0.0,,1.3,,5.9,,0.0,,0.0,,4.9,,2.3,,0.4,,0.0,,4.2,,1.4,,0.0,
2005-08-05,988.7,989.8,992.1,2005-08-05T22:53:00,984.9,2005-08-05T02:41:00,30.0,36.5,2005-08-05T00:26:00,26.1,2005-08-05T14:34:00,22.6,67,30,2005-08-05T00:02:00,3.4,230,19.3,220,2005-08-05T10:56:00,7.5,2.6,1.5,2005-08-05T13:30:00,4.5,2005-08-05T13:10:00,0.0,0.0,3.29,-6.2,27.6,28.6,28.7,29.6,30.6,30.4,,,,,,,9.8,,25.2,2005-08-05T11:09:00,,,,15.7,2005-08-05T00:03:00,,,,,,,0.96,2005-08-05T11:00:00,,,,,,,,,,,,,,90,2005-08-05T14:06:00,,,,,,993.2,2005-08-05T22:53:00,,,,986.0,2005-08-05T02:41:00,,,,,,,,,,,,,,,,,,,10.4,30.2,3.9,2005-08-05T11:00:00,,,,14.4,,,0,,0,,0,,0,,0,,0,,0,,0,,0,,0,,0,,0,,0,,0,,0,,0,,0,,0,,1,,0,,1,,0,,5,,6,,1,,3,,2,,2,,2,,1,,0,,0,,0,,0,,0,,0,,0,,0,,,220,,,6.5,2005-08-05T08:48:00,,,0.0,,0.0,,0.0,,0.0,,0.0,,0.0,,0.0,,0.0,,0.0,,0.0,,0.0,,0.0,,0.0,,0.0,,0.0,,0.0,,0.0,,0.0,,2.4,,0.0,,3.5,,0.0,,24.4,,22.3,,1.6,,8.2,,4.1,,4.5,,6.5,,3.2,,0.0,,0.0,,0.0,,0.0,,0.0,,0.0,,0.0,,0.0,
2005-08-06,993.9,995.0,997.8,2005-08-06T22:39:00,990.5,2005-08-06T03:28:00,29.1,31.7,2005-08-06T12:32:00,27.3,2005-08-06T06:10:00,24.6,77,67,2005-08-06T16:35:00,4.3,220,15.9,220,2005-08-06T12:51:00,0.5,0.3,0.5,2005-08-06T06:05:00,0.5,2005-08-06T06:05:00,5.7,43.7,18.52,3.5,28.9,29.3,28.9,29.3,29.6,29.2,,,,,,,7.8,,25.7,2005-08-06T12:19:00,,,,23.1,2005-08-06T17:59:00,,,,,,,3.42,2005-08-06T13:00:00,,,,,,,,,,,,,,87,2005-08-06T23:46:00,,,,,,998.9,2005-08-06T22:39:00,,,,991.6,2005-08-06T03:28:00,,,,,,,,,,,,,,,,,,,4.4,29.5,10.7,2005-08-06T13:00:00,,,,18.1,,,0,,0,,0,,0,,0,,0,,0,,0,,0,,0,,0,,0,,0,,0,,0,,0,,0,,0,,0,,0,,0,,9,,12,,3,,0,,0,,0,,0,,0,,0,,0,,0,,0,,0,,0,,0,,0,,0,,,200,,,6.7,2005-08-06T11:25:00,,,0.0,,0.0,,0.0,,0.0,,0.0,,0.0,,0.0,,0.0,,0.0,,0.0,,0.0,,0.0,,0.0,,0.0,,0.0,,0.0,,0.0,,0.0,,0.0,,0.0,,0.0,,44.3,,49.2,,10.7,,0.0,,0.0,,0.0,,0.0,,0.0,,0.0,,0.0,,0.0,,0.0,,0.0,,0.0,,0.0,,0.0,,0.0,
2005-08-07,1001.2,1002.3,1005.2,2005-08-07T23:06:00,997.7,2005-08-07T00:01:00,29.1,31.9,2005-08-07T13:32:00,27.1,2005-08-07T03:14:00,25.9,83,72,2005-08-07T08:41:00,2.3,200,14.0,200,2005-08-07T00:42:00,0.0,0.0,0.0,,0.0,,9.2,70.6,24.16,-4.4,31.0,30.6,30.0,29.7,29.7,29.1,,,,,,,5.1,,27.5,2005-08-07T13:32:00,,,,23.3,2005-08-07T04:53:00,,,,,,,3.44,2005-08-07T11:00:00,,,,,,,,,,,,,,91,2005-08-07T03:27:00,,,,,,1006.3,2005-08-07T23:06:00,,,,998.8,2005-08-07T00:01:00,,,,,,,,,,,,,,,,,,,4.8,29.8,13.0,2005-08-07T13:00:00,,,,19.4,,,1,,0,,0,,0,,0,,1,,0,,1,,0,,0,,0,,0,,0,,2,,0,,0,,0,,0,,0,,1,,6,,0,,4,,3,,2,,2,,1,,0,,0,,0,,0,,0,,0,,0,,0,,0,,0,,0,,,210,,,6.5,2005-08-07T01:44:00,,,0.1,,0.0,,0.0,,0.0,,0.0,,0.3,,0.0,,0.5,,0.0,,0.0,,0.0,,0.0,,0.0,,1.2,,0.0,,0.0,,0.0,,0.0,,0.0,,0.6,,25.9,,0.0,,11.5,,6.8,,4.5,,2.1,,2.7,,0.0,,0.0,,0.0,,0.0,,0.0,,0.0,,0.0,,0.0,,0.0,,0.0,,0.0,
2005-08-08,1006.3,1007.4,1007.8,2005-08-08T21:55:00,1004.0,2005-08-08T02:57:00,28.1,32.0,2005-08-08T10:52:00,26.5,2005-08-08T23:59:00,24.8,83,66,2005-08-08T10:39:00,1.4,40,7.2,60,2005-08-08T12:44:00,1.0,2.2,0.5,2005-08-08T08:36:00,0.5,2005-08-08T08:33:00,1.1,8.5,9.71,-2.0,29.4,30.0,30.0,30.0,30.3,28.9,,,,,,,7.6,,27.0,2005-08-08T10:52:00,,,,23.4,2005-08-08T04:41:00,,,,,,,2.35,2005-08-08T11:00:00,,,,,,,,,,,,,,92,2005-08-08T00:29:00,,,,,,1008.9,2005-08-08T21:55:00,,,,1005.1,2005-08-08T02:57:00,,,,,,,,,,,,,,,,,,,5.5,30.3,8.7,2005-08-08T11:00:00,,,,17.3,,,0,,3,,2,,1,,4,,2,,2,,0,,1,,0,,0,,1,,0,,0,,0,,0,,0,,0,,0,,0,,0,,0,,0,,0,,0,,0,,0,,1,,0,,0,,1,,0,,1,,1,,4,,0,,0,,0,,,60,,,3.1,2005-08-08T12:53:00,,,0.0,,3.5,,3.4,,1.4,,6.1,,4.8,,4.1,,0.0,,0.9,,0.0,,0.0,,2.6,,0.0,,0.0,,0.0,,0.0,,0.0,,0.0,,0.0,,0.0,,0.0,,0.0,,0.0,,0.0,,0.0,,0.0,,0.0,,0.7,,0.0,,0.0,,0.7,,0.0,,0.8,,0.8,,2.7,,0.0,,0.0,,0.0,
2005-08-09,1007.9,1009.0,1009.2,2005-08-09T21:28:00,1006.6,2005-08-09T03:57:00,28.4,32.0,2005-08-09T14:54:00,24.9,2005-08-09T05:20:00,24.9,82,67,2005-08-09T14:49:00,1.7,60,7.4,40,2005-08-09T12:19:00,9.0,4.6,2.0,2005-08-09T04:38:00,5.5,2005-08-09T04:25:00,6.4,49.3,19.81,-7.8,31.3,30.6,30.2,30.2,30.0,28.7,,,,,,,6.1,,27.3,2005-08-09T12:54:00,,,,23.5,2005-08-09T04:25:00,,,,,,,3.43,2005-08-09T13:00:00,,,,,,,,,,,,,,94,2005-08-09T05:22:00,,,,,,1010.3,2005-08-09T21:28:00,,,,1007.7,2005-08-09T03:57:00,,,,,,,,,,,,,,,,,,,7.1,30.2,13.2,2005-08-09T13:00:00,,,,18.4,,,0,,1,,3,,2,,0,,3,,6,,0,,0,,0,,0,,0,,0,,0,,0,,0,,0,,0,,0,,0,,0,,0,,0,,0,,0,,0,,0,,0,,0,,0,,0,,0,,0,,0,,3,,4,,2,,0,,,50,,,3.9,2005-08-09T12:24:00,,,0.0,,1.5,,4.0,,2.5,,0.0,,7.4,,15.7,,0.0,,0.0,,0.0,,0.0,,0.0,,0.0,,0.0,,0.0,,0.0,,0.0,,0.0,,0.0,,0.0,,0.0,,0.0,,0.0,,0.0,,0.0,,0.0,,0.0,,0.0,,0.0,,0.0,,0.0,,0.0,,0.0,,0.0,,4.5,,3.8,,2.3,,0.0,
2005-08-10,1007.5,1008.6,1008.9,2005-08-10T08:36:00,1006.1,2005-08-10T15:39:00,29.2,32.6,2005-08-10T11:55:00,26.3,2005-08-10T04:57:00,25.2,79,69,2005-08-10T12:58:00,1.6,60,7.3,60,2005-08-10T11:56:00,5.0,1.8,2.5,2005-08-10T04:55:00,4.5,2005-08-10T04:50:00,8.3,64.0,24.65,5.2,32.7,31.4,31.0,30.6,30.2,28.9,,,,,,,8.0,,26.8,2005-08-10T10:20:00,,,,23.9,2005-08-10T22:56:00,,,,,,,3.52,2005-08-10T12:00:00,,,,,,,,,,,,,,94,2005-08-10T06:25:00,,,,,,1010.0,2005-08-10T08:36:00,,,,1007.2,2005-08-10T15:39:00,,,,,,,,,,,,,,,,,,,6.3,30.7,12.4,2005-08-10T12:00:00,,,,17.9,,,0,,1,,1,,0,,1,,0,,6,,3,,1,,0,,0,,0,,0,,0,,0,,0,,0,,0,,0,,0,,0,,0,,0,,0,,0,,0,,0,,0,,0,,0,,0,,0,,2,,4,,2,,1,,2,,0,,,60,,,3.9,2005-08-10T13:19:00,,,0.0,,1.1,,1.3,,0.0,,1.5,,0.0,,13.9,,7.8,,2.7,,0.0,,0.0,,0.0,,0.0,,0.0,,0.0,,0.0,,0.0,,0.0,,0.0,,0.0,,0.0,,0.0,,0.0,,0.0,,0.0,,0.0,,0.0,,0.0,,0.0,,0.0,,0.0,,0.0,,1.4,,2.6,,1.9,,0.8,,2.6,,0.0,
2005-08-11,1004.8,1005.9,1007.5,2005-08-11T00:02:00,1002.8,2005-08-11T16:43:00,29.3,33.0,2005-08-11T14:32:00,26.4,2005-08-11T05:36:00,24.4,75,60,2005-08-11T14:21:00,3.8,50,15.7,50,2005-08-11T17:22:00,0.5,0.3,0.5,2005-08-11T20:20:00,0.5,2005-08-11T20:20:00,9.6,74.1,25.28,-6.4,31.8,31.3,30.9,30.9,30.7,29.2,,,,,,,5.4,,26.3,2005-08-11T12:40:00,,,,22.7,2005-08-11T07:14:00,,,,,,,3.6,2005-08-11T13:00:00,,,,,,,,,,,,,,87,2005-08-11T20:37:00,,,,,,1008.6,2005-08-11T00:02:00,,,,1003.9,2005-08-11T16:43:00,,,,,,,,,,,,,,,,,,,6.6,31.1,13.3,2005-08-11T13:00:00,,,,17.5,,,0,,0,,0,,1,,5,,10,,0,,0,,0,,0,,0,,0,,0,,0,,0,,0,,0,,0,,0,,0,,0,,0,,0,,0,,0,,0,,0,,0,,0,,0,,0,,0,,0,,2,,4,,2,,0,,0,,,50,,,7.2,2005-08-11T19:05:00,,,0.0,,0.0,,0.0,,4.1,,27.1,,53.0,,0.0,,0.0,,0.0,,0.0,,0.0,,0.0,,0.0,,0.0,,0.0,,0.0,,0.0,,0.0,,0.0,,0.0,,0.0,,0.0,,0.0,,0.0,,0.0,,0.0,,0.0,,0.0,,0.0,,0.0,,0.0,,0.0,,0.0,,2.1,,3.7,,2.1,,0.0,,0.0,
2005-08-12,1002.1,1003.2,1004.4,2005-08-12T21:28:00,1000.3,2005-08-12T13:43:00,27.1,29.3,2005-08-12T23:17:00,25.3,2005-08-12T10:52:00,25.2,90,69,2005-08-12T00:46:00,4.5,40,17.0,50,2005-08-12T03:44:00,142.0,14.7,15.0,2005-08-12T09:28:00,24.5,2005-08-12T09:28:00,0.0,0.0,2.62,-99.5,27.1,27.9,28.3,29.2,30.6,29.2,,,,,,,9.3,,26.7,2005-08-12T19:32:00,,,,22.7,2005-08-12T00:47:00,,,,,,,0.7,2005-08-12T09:00:00,,,,,,,,,,,,,,98,2005-08-12T17:02:00,,,,,,1005.5,2005-08-12T21:28:00,,,,1001.4,2005-08-12T13:43:00,,,,,,,,,,,,,,,,,,,4.0,29.7,2.6,2005-08-12T13:00:00,,,,11.5,,,0,,0,,1,,3,,5,,1,,1,,3,,1,,0,,1,,1,,0,,2,,2,,3,,0,,0,,0,,0,,0,,0,,0,,0,,0,,0,,0,,0,,0,,0,,0,,0,,0,,0,,0,,0,,0,,0,,,140,,,8.0,2005-08-12T15:35:00,,,0.0,,0.0,,3.0,,16.0,,22.7,,6.0,,5.8,,8.7,,5.4,,0.0,,5.5,,3.4,,0.0,,8.7,,9.3,,14.4,,0.0,,0.0,,0.0,,0.0,,0.0,,0.0,,0.0,,0.0,,0.0,,0.0,,0.0,,0.0,,0.0,,0.0,,0.0,,0.0,,0.0,,0.0,,0.0,,0.0,,0.0,,0.0,
2005-08-13,1006.6,1007.7,1009.8,2005-08-13T22:18:00,1002.1,2005-08-13T03:44:00,27.0,29.7,2005-08-13T14:05:00,25.0,2005-08-13T04:46:00,25.0,89,76,2005-08-13T13:57:00,2.3,200,19.6,220,2005-08-13T04:51:00,82.5,12.6,11.5,2005-08-13T01:14:00,31.0,2005-08-13T04:09:00,0.0,0.0,6.66,-2.5,27.1,27.4,27.4,27.9,29.9,29.2,,,,,,,10.0,,26.6,2005-08-13T09:39:00,,,,23.6,2005-08-13T01:21:00,,,,,,,1.12,2005-08-13T14:00:00,,,,,,,,,,,,,,97,2005-08-13T04:15:00,,,,,,1010.9,2005-08-13T22:18:00,,,,1003.2,2005-08-13T03:44:00,,,,,,,,,,,,,,,,,,,4.7,28.3,4.8,2005-08-13T14:00:00,,,,12.4,,,0,,0,,1,,0,,0,,0,,0,,0,,0,,0,,0,,0,,0,,0,,0,,1,,3,,0,,0,,0,,3,,3,,3,,1,,1,,2,,0,,1,,2,,0,,0,,1,,0,,0,,1,,1,,0,,0,,,200,,,7.4,2005-08-13T04:53:00,,,0.0,,0.0,,1.0,,0.0,,0.0,,0.0,,0.0,,0.0,,0.0,,0.0,,0.0,,0.0,,0.0,,0.0,,0.0,,1.3,,5.5,,0.0,,0.0,,0.0,,17.9,,10.4,,6.9,,2.2,,1.6,,2.2,,0.0,,2.0,,2.1,,0.0,,0.0,,0.8,,0.0,,0.0,,0.9,,0.7,,0.0,,0.0,
2005-08-14,1009.2,1010.3,1011.1,2005-08-14T09:40:00,1007.4,2005-08-14T15:48:00,26.8,29.4,2005-08-14T12:44:00,24.5,2005-08-14T06:00:00,24.3,87,76,2005-08-14T12:54:00,1.3,310,7.6,200,2005-08-14T14:44:00,11.5,4.0,3.5,2005-08-14T05:50:00,10.0,2005-08-14T05:50:00,0.0,0.0,7.58,-1.2,27.6,27.7,27.6,28.0,28.6,28.7,,,,,,,9.5,,25.9,2005-08-14T12:13:00,,,,22.8,2005-08-14T05:35:00,,,,,,,1.57,2005-08-14T13:00:00,,,,,,,,,,,,,,94,2005-08-14T00:33:00,,,,,,1012.2,2005-08-14T09:40:00,,,,1008.5,2005-08-14T15:48:00,,,,,,,,,,,,,,,,,,,4.9,28.0,6.8,2005-08-14T13:00:00,,,,13.6,,,3,,0,,1,,0,,0,,0,,0,,0,,0,,0,,0,,0,,0,,0,,0,,0,,0,,0,,1,,0,,3,,1,,1,,1,,2,,0,,0,,1,,1,,0,,0,,5,,2,,1,,0,,1,,0,,0,,,200,,,3.9,2005-08-14T17:04:00,,,0.4,,0.0,,0.9,,0.0,,0.0,,0.0,,0.0,,0.0,,0.0,,0.0,,0.0,,0.0,,0.0,,0.0,,0.0,,0.0,,0.0,,0.0,,2.7,,0.0,,9.2,,2.1,,2.1,,1.1,,2.1,,0.0,,0.0,,0.8,,1.4,,0.0,,0.0,,5.6,,2.5,,0.6,,0.0,,0.4,,0.0,,0.0,
2005-08-15,1008.7,1009.8,1009.8,2005-08-15T22:21:00,1007.7,2005-08-15T15:30:00,27.8,31.9,2005-08-15T13:10:00,25.2,2005-08-15T17:32:00,23.5,78,64,2005-08-15T13:48:00,1.3,310,12.9,220,2005-08-15T17:25:00,1.0,0.3,1.0,2005-08-15T17:24:00,1.0,2005-08-15T17:20:00,4.7,36.5,20.9,-3.2,30.0,29.4,28.9,28.7,28.6,28.3,,,,,,,8.1,,25.8,2005-08-15T12:21:00,,,,21.2,2005-08-15T19:07:00,,,,,,,3.87,2005-08-15T13:00:00,,,,,,,,,,,,,,88,2005-08-15T03:00:00,,,,,,1010.9,2005-08-15T22:21:00,,,,1008.8,2005-08-15T15:30:00,,,,,,,,,,,,,,,,,,,6.7,28.7,13.2,2005-08-15T13:00:00,,,,19.0,,,1,,0,,0,,0,,0,,0,,0,,0,,0,,0,,0,,0,,0,,0,,0,,1,,2,,1,,2,,0,,2,,0,,1,,1,,0,,0,,0,,1,,0,,0,,0,,3,,3,,3,,2,,0,,1,,0,,,220,,,5.5,2005-08-15T17:28:00,,,0.1,,0.0,,0.0,,0.0,,0.0,,0.0,,0.0,,0.0,,0.0,,0.0,,0.0,,0.0,,0.0,,0.0,,0.0,,1.8,,3.9,,2.2,,3.3,,0.0,,4.0,,0.0,,1.3,,2.8,,0.0,,0.0,,0.0,,1.4,,0.0,,0.0,,0.0,,3.8,,1.9,,2.2,,2.2,,0.0,,0.3,,0.0,
2005-08-16,1008.2,1009.3,1009.4,2005-08-16T09:22:00,1006.4,2005-08-16T03:32:00,28.0,31.6,2005-08-16T13:58:00,24.8,2005-08-16T03:47:00,22.8,74,56,2005-08-16T09:15:00,1.5,310,6.1,30,2005-08-16T18:30:00,1.0,1.2,0.3,2005-08-16T18:25:00,1.0,2005-08-16T18:18:00,10.1,78.6,26.73,-6.1,30.5,30.1,29.7,29.2,29.0,28.2,,,,,,,5.0,,25.3,2005-08-16T12:50:00,,,,20.6,2005-08-16T05:00:00,,,,,,,3.6,2005-08-16T13:00:00,,,,,,,,,,,,,,86,2005-08-16T23:30:00,,,,,,1010.5,2005-08-16T09:22:00,,,,1007.5,2005-08-16T03:32:00,,,,,,,,,,,,,,,,,,,6.8,29.3,12.6,2005-08-16T13:00:00,,,,20.0,,,1,,0,,1,,0,,0,,0,,0,,0,,0,,0,,0,,1,,1,,1,,0,,2,,2,,1,,0,,2,,0,,0,,0,,0,,0,,0,,0,,0,,0,,0,,0,,5,,4,,2,,1,,0,,0,,0,,,30,,,2.8,2005-08-16T18:33:00,,,0.2,,0.0,,2.2,,0.0,,0.0,,0.0,,0.0,,0.0,,0.0,,0.0,,0.0,,1.9,,1.8,,2.7,,0.0,,4.5,,3.1,,2.0,,0.0,,3.0,,0.0,,0.0,,0.0,,0.0,,0.0,,0.0,,0.0,,0.0,,0.0,,0.0,,0.0,,7.0,,4.4,,2.2,,0.3,,0.0,,0.0,,0.0,
2005-08-17,1008.6,1009.7,1010.1,2005-08-17T20:14:00,1006.8,2005-08-17T04:12:00,27.7,31.4,2005-08-17T12:04:00,25.0,2005-08-17T04:54:00,23.2,77,64,2005-08-17T08:38:00,2.1,310,9.6,210,2005-08-17T12:16:00,0.0,0.0,0.0,,0.0,,7.9,61.6,23.48,4.7,29.9,30.0,29.7,29.8,29.8,28.5,,,,,,,6.5,,25.7,2005-08-17T12:04:00,,,,21.0,2005-08-17T06:23:00,,,,,,,3.6,2005-08-17T12:00:00,,,,,,,,,,,,,,86,2005-08-17T00:01:00,,,,,,1011.2,2005-08-17T20:14:00,,,,1007.9,2005-08-17T04:12:00,,,,,,,,,,,,,,,,,,,6.4,29.9,12.9,2005-08-17T12:00:00,,,,19.4,,,0,,0,,0,,0,,0,,0,,0,,0,,0,,0,,0,,0,,0,,0,,0,,0,,0,,1,,1,,2,,4,,4,,1,,1,,1,,0,,0,,1,,0,,0,,0,,5,,1,,2,,0,,0,,0,,0,,,190,,,5.1,2005-08-17T12:17:00,,,0.0,,0.0,,0.0,,0.0,,0.0,,0.0,,0.0,,0.0,,0.0,,0.0,,0.0,,0.0,,0.0,,0.0,,0.0,,0.0,,0.0,,0.9,,2.5,,5.4,,12.2,,10.3,,2.6,,2.8,,1.6,,0.0,,0.0,,1.6,,0.0,,0.0,,0.0,,7.6,,1.2,,2.2,,0.0,,0.0,,0.0,,0.0,
2005-08-18,1009.5,1010.6,1011.3,2005-08-18T22:34:00,1007.8,2005-08-18T02:19:00,27.1,30.4,2005-08-18T10:10:00,25.2,2005-08-18T05:03:00,23.0,79,64,2005-08-18T08:59:00,1.8,310,14.6,190,2005-08-18T11:22:00,-9.8,0.2,-9.8,2005-08-18T13:16:00,-9.8,2005-08-18T13:16:00,2.0,15.6,13.38,-2.2,29.2,29.5,29.5,29.6,29.8,28.7,,,,,,,8.4,,25.0,2005-08-18T10:47:00,,,,21.4,2005-08-18T05:40:00,,,,,,,3.09,2005-08-18T11:00:00,,,,,,,,,,,,,,91,2005-08-18T13:30:00,,,,,,1012.4,2005-08-18T22:34:00,,,,1008.9,2005-08-18T02:19:00,,,,,,,,,,,,,,,,,,,5.2,29.8,10.3,2005-08-18T12:00:00,,,,19.4,,,0,,0,,0,,0,,0,,0,,0,,0,,0,,0,,0,,0,,0,,0,,0,,0,,0,,0,,0,,0,,1,,1,,2,,2,,1,,1,,0,,3,,3,,1,,0,,4,,1,,2,,1,,0,,1,,0,,,200,,,7.5,2005-08-18T11:42:00,,,0.0,,0.0,,0.0,,0.0,,0.0,,0.0,,0.0,,0.0,,0.0,,0.0,,0.0,,0.0,,0.0,,0.0,,0.0,,0.0,,0.0,,0.0,,0.0,,0.0,,5.5,,2.4,,6.5,,3.9,,0.9,,1.3,,0.0,,4.8,,3.7,,1.0,,0.0,,6.8,,2.0,,1.3,,1.0,,0.0,,1.3,,0.0,
2005-08-19,1008.5,1009.6,1010.1,2005-08-19T00:01:00,1006.8,2005-08-19T14:30:00,27.0,30.0,2005-08-19T12:41:00,25.0,2005-08-19T06:02:00,23.1,80,65,2005-08-19T12:41:00,1.0,320,5.3,30,2005-08-19T15:20:00,0.5,4.1,0.4,2005-08-19T02:41:00,0.5,2005-08-19T02:03:00,0.4,3.1,9.29,-1.2,28.4,28.7,28.7,29.0,29.6,28.7,,,,,,,9.9,,24.9,2005-08-19T17:08:00,,,,21.7,2005-08-19T01:39:00,,,,,,,1.39,2005-08-19T13:00:00,,,,,,,,,,,,,,90,2005-08-19T23:34:00,,,,,,1011.2,2005-08-19T00:01:00,,,,1007.9,2005-08-19T14:30:00,,,,,,,,,,,,,,,,,,,5.0,29.4,6.1,2005-08-19T13:00:00,,,,15.0,,,1,,0,,0,,1,,1,,1,,1,,0,,0,,0,,0,,0,,1,,0,,0,,0,,0,,0,,0,,0,,0,,0,,0,,0,,1,,2,,1,,0,,1,,1,,3,,2,,5,,1,,1,,0,,0,,0,,,30,,,3.0,2005-08-19T15:20:00,,,0.1,,0.0,,0.0,,2.0,,2.2,,1.3,,1.0,,0.0,,0.0,,0.0,,0.0,,0.0,,0.6,,0.0,,0.0,,0.0,,0.0,,0.0,,0.0,,0.0,,0.0,,0.0,,0.0,,0.0,,1.3,,2.4,,0.3,,0.0,,1.1,,0.7,,2.6,,1.7,,4.9,,1.1,,0.8,,0.0,,0.0,,0.0,
2005-08-20,1006.0,1007.1,1008.6,2005-08-20T00:01:00,1004.5,2005-08-20T14:30:00,27.6,31.5,2005-08-20T11:46:00,25.2,2005-08-20T00:01:00,24.0,81,65,2005-08-20T11:43:00,1.5,220,9.9,220,2005-08-20T13:37:00,3.5,2.7,0.5,2005-08-20T15:24:00,2.0,2005-08-20T21:30:00,4.9,38.4,18.65,-3.3,29.2,29.6,29.5,29.5,29.3,28.6,,,,,,,9.3,,25.9,2005-08-20T12:51:00,,,,21.8,2005-08-20T03:22:00,,,,,,,3.17,2005-08-20T12:00:00,,,,,,,,,,,,,,90,2005-08-20T16:26:00,,,,,,1009.7,2005-08-20T00:01:00,,,,1005.6,2005-08-20T14:30:00,,,,,,,,,,,,,,,,,,,6.3,29.5,11.8,2005-08-20T12:00:00,,,,18.4,,,0,,1,,1,,0,,1,,1,,0,,0,,0,,1,,0,,1,,1,,0,,0,,0,,0,,0,,0,,0,,0,,0,,3,,0,,0,,0,,0,,0,,0,,0,,3,,3,,1,,0,,3,,2,,2,,0,,,220,,,4.4,2005-08-20T13:19:00,,,0.0,,1.2,,0.9,,0.0,,2.0,,3.1,,0.0,,0.0,,0.0,,2.2,,0.0,,0.9,,2.5,,0.0,,0.0,,0.0,,0.0,,0.0,,0.0,,0.0,,0.0,,0.0,,9.4,,0.0,,0.0,,0.0,,0.0,,0.0,,0.0,,0.0,,2.4,,4.2,,1.1,,0.0,,1.5,,1.9,,2.9,,0.0,
2005-08-21,1006.2,1007.3,1008.3,2005-08-21T22:41:00,1004.8,2005-08-21T03:14:00,28.3,32.1,2005-08-21T15:50:00,25.2,2005-08-21T05:12:00,24.1,78,63,2005-08-21T13:38:00,1.4,330,5.8,40,2005-08-21T17:31:00,0.0,0.0,0.0,,0.0,,6.6,51.8,21.22,3.0,29.9,30.2,29.9,29.9,29.4,28.5,,,,,,,8.0,,25.7,2005-08-21T12:25:00,,,,22.4,2005-08-21T05:50:00,,,,,,,3.01,2005-08-21T10:00:00,,,,,,,,,,,,,,86,2005-08-21T00:01:00,,,,,,1009.4,2005-08-21T22:41:00,,,,1005.9,2005-08-21T03:14:00,,,,,,,,,,,,,,,,,,,6.9,29.7,10.8,2005-08-21T13:00:00,,,,20.0,,,0,,0,,0,,1,,3,,3,,1,,1,,0,,1,,1,,0,,1,,1,,0,,0,,0,,0,,0,,0,,0,,0,,0,,0,,0,,0,,0,,0,,0,,0,,0,,1,,2,,6,,0,,1,,1,,0,,,40,,,3.1,2005-08-21T18:41:00,,,0.0,,0.0,,0.0,,1.9,,5.6,,6.0,,2.2,,2.0,,0.0,,1.7,,1.8,,0.0,,1.7,,2.1,,0.0,,0.0,,0.0,,0.0,,0.0,,0.0,,0.0,,0.0,,0.0,,0.0,,0.0,,0.0,,0.0,,0.0,,0.0,,0.0,,0.0,,1.3,,1.7,,5.1,,0.0,,0.7,,0.8,,0.0,
2005-08-22,1007.4,1008.5,1009.1,2005-08-22T21:41:00,1006.0,2005-08-22T15:18:00,29.0,32.6,2005-08-22T13:04:00,26.3,2005-08-22T05:34:00,24.7,78,66,2005-08-22T08:44:00,1.5,100,6.2,100,2005-08-22T13:25:00,0.0,0.0,0.0,,0.0,,7.4,58.1,23.81,4.2,31.6,31.2,30.6,30.3,29.8,28.7,,,,,,,7.4,,26.5,2005-08-22T13:06:00,,,,23.2,2005-08-22T04:36:00,,,,,,,3.77,2005-08-22T12:00:00,,,,,,,,,,,,,,86,2005-08-22T21:11:00,,,,,,1010.2,2005-08-22T21:41:00,,,,1007.1,2005-08-22T15:18:00,,,,,,,,,,,,,,,,,,,6.3,30.3,12.9,2005-08-22T12:00:00,,,,20.0,,,0,,0,,1,,0,,1,,1,,2,,2,,1,,1,,2,,0,,0,,2,,0,,0,,1,,0,,0,,0,,0,,0,,0,,0,,0,,2,,0,,0,,1,,0,,0,,2,,2,,0,,2,,1,,0,,0,,,110,,,3.6,2005-08-22T10:31:00,,,0.0,,0.0,,0.9,,0.0,,0.8,,1.9,,2.8,,4.3,,2.3,,2.1,,5.8,,0.0,,0.0,,4.7,,0.0,,0.0,,0.3,,0.0,,0.0,,0.0,,0.0,,0.0,,0.0,,0.0,,0.0,,1.2,,0.0,,0.0,,1.6,,0.0,,0.0,,2.0,,1.4,,0.0,,1.9,,0.8,,0.0,,0.0,
2005-08-23,1006.9,1008.0,1008.5,2005-08-23T10:00:00,1005.3,2005-08-23T16:24:00,28.6,31.8,2005-08-23T12:14:00,26.7,2005-08-23T22:35:00,24.8,80,71,2005-08-23T12:04:00,1.4,60,6.7,60,2005-08-23T13:14:00,0.5,1.7,0.5,2005-08-23T22:42:00,0.5,2005-08-23T22:05:00,2.9,22.8,13.81,-3.2,31.1,30.8,30.5,30.6,30.3,28.9,,,,,,,9.0,,26.4,2005-08-23T13:10:00,,,,23.6,2005-08-23T02:17:00,,,,,,,2.65,2005-08-23T13:00:00,,,,,,,,,,,,,,90,2005-08-23T23:05:00,,,,,,1009.6,2005-08-23T10:00:00,,,,1006.4,2005-08-23T16:24:00,,,,,,,,,,,,,,,,,,,5.1,30.5,9.7,2005-08-23T13:00:00,,,,16.9,,,0,,1,,0,,1,,4,,1,,4,,3,,1,,0,,0,,0,,0,,0,,0,,0,,0,,0,,0,,0,,0,,0,,0,,0,,0,,0,,0,,0,,0,,1,,1,,2,,1,,1,,1,,2,,0,,0,,,60,,,3.3,2005-08-23T13:20:00,,,0.0,,1.5,,0.0,,0.7,,5.6,,0.9,,8.5,,6.2,,2.7,,0.0,,0.0,,0.0,,0.0,,0.0,,0.0,,0.0,,0.0,,0.0,,0.0,,0.0,,0.0,,0.0,,0.0,,0.0,,0.0,,0.0,,0.0,,0.0,,0.0,,1.1,,0.6,,1.6,,1.1,,0.9,,0.6,,0.7,,0.0,,0.0,
2005-08-24,1005.0,1006.1,1006.4,2005-08-24T00:03:00,1003.0,2005-08-24T15:42:00,28.5,31.5,2005-08-24T11:46:00,26.8,2005-08-24T03:35:00,25.0,81,71,2005-08-24T11:14:00,1.3,60,5.4,60,2005-08-24T15:14:00,-9.8,0.2,-9.8,2005-08-24T00:10:00,-9.8,2005-08-24T00:10:00,2.2,17.3,12.76,2.8,30.3,30.5,30.3,30.4,30.2,28.7,,,,,,,7.4,,26.3,2005-08-24T16:34:00,,,,23.9,2005-08-24T07:07:00,,,,,,,2.53,2005-08-24T12:00:00,,,,,,,,,,,,,,90,2005-08-24T01:06:00,,,,,,1007.5,2005-08-24T00:03:00,,,,1004.1,2005-08-24T15:42:00,,,,,,,,,,,,,,,,,,,4.7,30.4,9.2,2005-08-24T12:00:00,,,,19.4,,,1,,2,,1,,1,,3,,0,,8,,0,,0,,0,,0,,0,,0,,0,,0,,0,,0,,0,,0,,0,,0,,0,,0,,0,,0,,0,,0,,0,,0,,0,,0,,1,,1,,1,,1,,3,,1,,0,,,60,,,2.9,2005-08-24T15:08:00,,,0.1,,1.6,,1.2,,0.3,,5.1,,0.0,,16.3,,0.0,,0.0,,0.0,,0.0,,0.0,,0.0,,0.0,,0.0,,0.0,,0.0,,0.0,,0.0,,0.0,,0.0,,0.0,,0.0,,0.0,,0.0,,0.0,,0.0,,0.0,,0.0,,0.0,,0.0,,0.5,,0.9,,0.5,,0.9,,2.6,,0.7,,0.0,
2005-08-25,1006.9,1008.0,1009.3,2005-08-25T23:32:00,1004.6,2005-08-25T02:44:00,28.8,32.3,2005-08-25T11:42:00,26.6,2005-08-25T05:31:00,24.7,79,65,2005-08-25T11:32:00,1.3,340,6.4,200,2005-08-25T13:17:00,5.5,1.0,5.0,2005-08-25T20:03:00,5.5,2005-08-25T19:35:00,4.0,31.6,17.08,-3.0,30.2,30.4,30.3,30.5,30.2,29.0,,,,,,,7.9,,26.0,2005-08-25T11:18:00,,,,23.6,2005-08-25T06:02:00,,,,,,,2.76,2005-08-25T15:00:00,,,,,,,,,,,,,,92,2005-08-25T20:10:00,,,,,,1010.4,2005-08-25T23:32:00,,,,1005.7,2005-08-25T02:44:00,,,,,,,,,,,,,,,,,,,5.7,30.4,8.2,2005-08-25T12:00:00,,,,16.9,,,1,,0,,0,,0,,0,,1,,1,,1,,1,,0,,0,,3,,0,,0,,0,,1,,1,,0,,0,,1,,0,,0,,0,,0,,0,,0,,0,,0,,0,,0,,0,,2,,3,,2,,5,,1,,0,,0,,,210,,,3.1,2005-08-25T13:24:00,,,0.2,,0.0,,0.0,,0.0,,0.0,,2.5,,1.1,,1.9,,2.5,,0.0,,0.0,,6.4,,0.0,,0.0,,0.0,,1.7,,1.5,,0.0,,0.0,,1.1,,0.0,,0.0,,0.0,,0.0,,0.0,,0.0,,0.0,,0.0,,0.0,,0.0,,0.0,,2.4,,2.7,,1.0,,4.5,,1.5,,0.0,,0.0,
2005-08-26,1009.8,1010.9,1011.1,2005-08-26T21:30:00,1008.4,2005-08-26T02:23:00,29.3,33.0,2005-08-26T12:22:00,26.7,2005-08-26T05:26:00,24.6,76,67,2005-08-26T10:42:00,1.4,320,6.0,120,2005-08-26T13:06:00,0.0,0.0,0.0,,0.0,,10.8,85.4,26.13,5.4,32.5,31.9,31.1,30.9,30.1,28.7,,,,,,,2.4,,27.0,2005-08-26T12:23:00,,,,22.9,2005-08-26T06:19:00,,,,,,,3.6,2005-08-26T13:00:00,,,,,,,,,,,,,,86,2005-08-26T00:35:00,,,,,,1012.2,2005-08-26T21:30:00,,,,1009.5,2005-08-26T02:23:00,,,,,,,,,,,,,,,,,,,6.3,30.7,13.1,2005-08-26T13:00:00,,,,20.1,,,0,,1,,0,,0,,0,,0,,0,,2,,0,,0,,3,,4,,2,,0,,0,,0,,0,,0,,0,,0,,0,,0,,0,,0,,0,,0,,0,,0,,0,,0,,0,,2,,6,,3,,1,,0,,0,,0,,,110,,,3.5,2005-08-26T13:23:00,,,0.0,,0.6,,0.0,,0.0,,0.0,,0.0,,0.0,,2.4,,0.0,,0.0,,7.9,,9.7,,3.3,,0.0,,0.0,,0.0,,0.0,,0.0,,0.0,,0.0,,0.0,,0.0,,0.0,,0.0,,0.0,,0.0,,0.0,,0.0,,0.0,,0.0,,0.0,,2.2,,4.8,,2.4,,0.6,,0.0,,0.0,,0.0,
2005-08-27,1010.1,1011.2,1011.2,2005-08-27T08:04:00,1008.7,2005-08-27T15:56:00,29.4,33.0,2005-08-27T13:35:00,26.3,2005-08-27T05:44:00,24.1,73,62,2005-08-27T08:12:00,1.5,320,5.0,110,2005-08-27T12:40:00,0.0,0.0,0.0,,0.0,,11.7,92.7,26.48,5.0,31.6,32.2,31.6,31.5,30.6,28.9,,,,,,,1.9,,26.9,2005-08-27T13:36:00,,,,21.8,2005-08-27T05:52:00,,,,,,,3.6,2005-08-27T13:00:00,,,,,,,,,,,,,,80,2005-08-27T21:43:00,,,,,,1012.3,2005-08-27T08:04:00,,,,1009.8,2005-08-27T15:56:00,,,,,,,,,,,,,,,,,,,6.7,31.3,12.6,2005-08-27T12:00:00,,,,21.4,,,1,,1,,0,,0,,0,,0,,1,,1,,0,,1,,1,,3,,3,,1,,0,,0,,0,,0,,0,,0,,0,,0,,0,,0,,0,,0,,0,,0,,0,,0,,0,,0,,6,,3,,2,,0,,0,,0,,,130,,,3.3,2005-08-27T10:11:00,,,0.2,,1.1,,0.0,,0.0,,0.0,,0.0,,1.2,,1.5,,0.0,,1.6,,2.4,,7.7,,6.4,,2.6,,0.0,,0.0,,0.0,,0.0,,0.0,,0.0,,0.0,,0.0,,0.0,,0.0,,0.0,,0.0,,0.0,,0.0,,0.0,,0.0,,0.0,,0.0,,6.4,,2.9,,1.2,,0.0,,0.0,,0.0,
2005-08-28,1009.3,1010.4,1011.1,2005-08-28T21:49:00,1007.3,2005-08-28T15:04:00,29.4,32.7,2005-08-28T12:02:00,26.4,2005-08-28T05:21:00,24.0,73,59,2005-08-28T10:13:00,1.3,310,4.7,140,2005-08-28T13:01:00,0.0,0.0,0.0,,0.0,,10.6,84.1,25.46,5.7,32.1,32.4,31.8,31.7,30.8,29.1,,,,,,,3.8,,26.4,2005-08-28T15:06:00,,,,21.2,2005-08-28T06:15:00,,,,,,,3.6,2005-08-28T13:00:00,,,,,,,,,,,,,,83,2005-08-28T22:13:00,,,,,,1012.2,2005-08-28T21:49:00,,,,1008.4,2005-08-28T15:04:00,,,,,,,,,,,,,,,,,,,6.3,31.4,12.1,2005-08-28T12:00:00,,,,21.3,,,0,,0,,0,,0,,0,,0,,0,,1,,0,,0,,1,,2,,3,,0,,1,,3,,0,,0,,0,,0,,0,,0,,0,,0,,0,,0,,0,,0,,0,,0,,0,,4,,4,,2,,0,,0,,3,,0,,,110,,,2.9,2005-08-28T10:04:00,,,0.0,,0.0,,0.0,,0.0,,0.0,,0.0,,0.0,,0.7,,0.0,,0.0,,1.7,,4.8,,5.3,,0.0,,2.0,,4.1,,0.0,,0.0,,0.0,,0.0,,0.0,,0.0,,0.0,,0.0,,0.0,,0.0,,0.0,,0.0,,0.0,,0.0,,0.0,,5.0,,4.4,,1.9,,0.0,,0.0,,1.9,,0.0,
2005-08-29,1007.9,1009.0,1010.7,2005-08-29T00:01:00,1006.3,2005-08-29T14:37:00,29.2,32.9,2005-08-29T14:30:00,26.5,2005-08-29T04:38:00,23.7,73,58,2005-08-29T08:45:00,1.4,320,5.0,150,2005-08-29T12:33:00,0.0,0.0,0.0,,0.0,,10.6,84.2,26.35,4.7,32.5,32.7,32.0,31.8,31.1,29.3,,,,,,,3.5,,25.6,2005-08-29T10:55:00,,,,21.2,2005-08-29T08:46:00,,,,,,,3.6,2005-08-29T13:00:00,,,,,,,,,,,,,,82,2005-08-29T00:01:00,,,,,,1011.8,2005-08-29T00:01:00,,,,1007.4,2005-08-29T14:37:00,,,,,,,,,,,,,,,,,,,6.4,31.7,12.3,2005-08-29T12:00:00,,,,19.4,,,0,,0,,0,,0,,0,,0,,0,,0,,0,,0,,0,,0,,0,,1,,0,,0,,3,,3,,0,,2,,1,,0,,1,,0,,0,,0,,0,,0,,0,,1,,0,,4,,5,,3,,0,,0,,0,,0,,,120,,,3.0,2005-08-29T10:20:00,,,0.0,,0.0,,0.0,,0.0,,0.0,,0.0,,0.0,,0.0,,0.0,,0.0,,0.0,,0.0,,0.0,,2.7,,0.0,,0.0,,6.2,,5.9,,0.0,,3.0,,0.8,,0.0,,0.6,,0.0,,0.0,,0.0,,0.0,,0.0,,0.0,,1.1,,0.0,,5.8,,5.7,,2.5,,0.0,,0.0,,0.0,,0.0,
2005-08-30,1002.7,1003.8,1006.4,2005-08-30T00:01:00,999.7,2005-08-30T23:58:00,29.4,33.4,2005-08-30T12:45:00,26.4,2005-08-30T05:00:00,23.5,71,57,2005-08-30T09:37:00,1.5,310,6.1,110,2005-08-30T12:02:00,0.0,0.0,0.0,,0.0,,8.2,65.3,24.11,4.3,32.3,32.5,32.0,31.9,31.4,29.7,,,,,,,6.3,,25.2,2005-08-30T12:30:00,,,,21.7,2005-08-30T06:53:00,,,,,,,3.57,2005-08-30T12:00:00,,,,,,,,,,,,,,79,2005-08-30T05:31:00,,,,,,1007.5,2005-08-30T00:01:00,,,,1000.8,2005-08-30T23:58:00,,,,,,,,,,,,,,,,,,,7.0,31.7,11.3,2005-08-30T12:00:00,,,,16.8,,,2,,0,,0,,0,,0,,0,,2,,1,,1,,0,,1,,3,,1,,1,,1,,0,,0,,0,,0,,0,,0,,0,,0,,0,,0,,0,,0,,1,,0,,1,,1,,4,,1,,2,,0,,1,,0,,0,,,90,,,3.7,2005-08-30T10:20:00,,,0.2,,0.0,,0.0,,0.0,,0.0,,0.0,,3.9,,1.9,,2.4,,0.0,,0.7,,7.1,,2.5,,0.8,,1.8,,0.0,,0.0,,0.0,,0.0,,0.0,,0.0,,0.0,,0.0,,0.0,,0.0,,0.0,,0.0,,1.4,,0.0,,0.9,,0.8,,6.8,,1.0,,2.2,,0.0,,1.3,,0.0,,0.0,
2005-08-31,987.9,989.0,999.8,2005-08-31T00:01:00,966.8,2005-08-31T23:48:00,29.8,36.3,2005-08-31T21:57:00,26.5,2005-08-31T05:16:00,23.2,69,39,2005-08-31T21:56:00,1.5,250,16.9,250,2005-08-31T22:22:00,-9.8,0.5,-9.8,2005-08-31T16:03:00,-9.8,2005-08-31T16:03:00,1.2,9.6,11.83,-2.9,30.5,30.8,30.7,31.3,31.3,29.7,,,,,,,9.3,,25.9,2005-08-31T10:57:00,,,,19.8,2005-08-31T23:17:00,,,,,,,2.86,2005-08-31T11:00:00,,,,,,,,,,,,,,82,2005-08-31T03:01:00,,,,,,1000.9,2005-08-31T00:01:00,,,,967.8,2005-08-31T23:48:00,,,,,,,,,,,,,,,,,,,9.8,31.5,9.3,2005-08-31T11:00:00,,,,17.5,,,1,,0,,0,,0,,0,,0,,1,,0,,0,,0,,0,,0,,0,,0,,0,,0,,0,,1,,0,,2,,2,,0,,1,,1,,0,,3,,1,,0,,1,,0,,1,,3,,2,,1,,1,,1,,1,,0,,,220,,,6.4,2005-08-31T23:52:00,,,0.1,,0.0,,0.0,,0.0,,0.0,,0.0,,1.0,,0.0,,0.0,,0.0,,0.0,,0.0,,0.0,,0.0,,0.0,,0.0,,0.0,,1.5,,0.0,,4.2,,3.5,,0.0,,2.1,,5.2,,0.0,,9.0,,0.3,,0.0,,1.1,,0.0,,1.5,,2.1,,1.5,,0.8,,0.5,,0.9,,1.1,,0.0,
2005-09-01,992.1,993.2,1006.1,2005-09-01T23:59:00,966.2,2005-09-01T00:47:00,27.2,36.4,2005-09-01T00:13:00,25.4,2005-09-01T12:38:00,24.4,86,38,2005-09-01T00:13:00,5.0,210,24.9,210,2005-09-01T06:35:00,42.5,12.5,3.5,2005-09-01T12:13:00,10.0,2005-09-01T13:50:00,0.0,0.0,0.03,-2.0,27.1,27.9,28.1,29.4,30.8,29.7,,,,,,,10.0,,25.7,2005-09-01T17:16:00,,,,19.9,2005-09-01T00:50:00,,,,,,,0.03,2005-09-01T12:00:00,,,,,,,,,,,,,,96,2005-09-01T14:58:00,,,,,,1007.2,2005-09-01T23:59:00,,,,967.2,2005-09-01T00:47:00,,,,,,,,,,,,,,,,,,,11.0,30.2,0.8,2005-09-01T13:00:00,,,,11.5,,,0,,0,,0,,0,,0,,0,,0,,0,,0,,0,,0,,0,,0,,1,,0,,0,,0,,0,,0,,0,,3,,9,,2,,5,,1,,0,,1,,0,,1,,1,,0,,0,,0,,0,,0,,0,,0,,0,,,200,,,11.9,2005-09-01T05:33:00,,,0.0,,0.0,,0.0,,0.0,,0.0,,0.0,,0.0,,0.0,,0.0,,0.0,,0.0,,0.0,,0.0,,0.6,,0.0,,0.0,,0.0,,0.0,,0.0,,0.0,,23.9,,56.9,,12.8,,19.1,,2.6,,0.0,,1.6,,0.0,,0.8,,1.1,,0.0,,0.0,,0.0,,0.0,,0.0,,0.0,,0.0,,0.0,
2005-09-02,1006.6,1007.7,1008.2,2005-09-02T21:29:00,1005.2,2005-09-02T15:14:00,28.2,32.1,2005-09-02T12:05:00,25.0,2005-09-02T05:40:00,24.4,80,66,2005-09-02T11:46:00,1.7,60,7.2,60,2005-09-02T12:34:00,1.0,0.7,0.5,2005-09-02T05:22:00,1.0,2005-09-02T05:18:00,8.6,68.8,24.27,4.7,31.2,30.9,30.1,29.8,29.7,29.4,,,,,,,7.8,,26.5,2005-09-02T13:15:00,,,,22.7,2005-09-02T05:29:00,,,,,,,3.6,2005-09-02T13:00:00,,,,,,,,,,,,,,93,2005-09-02T01:52:00,,,,,,1009.3,2005-09-02T21:29:00,,,,1006.3,2005-09-02T15:14:00,,,,,,,,,,,,,,,,,,,7.1,30.0,12.7,2005-09-02T13:00:00,,,,17.8,,,0,,0,,1,,1,,3,,3,,3,,2,,0,,0,,1,,2,,0,,0,,0,,0,,0,,0,,0,,0,,0,,0,,0,,0,,0,,0,,0,,0,,0,,0,,0,,0,,2,,2,,1,,0,,3,,0,,,110,,,3.8,2005-09-02T14:43:00,,,0.0,,0.0,,1.7,,2.0,,4.7,,5.4,,7.2,,2.9,,0.0,,0.0,,2.2,,5.4,,0.0,,0.0,,0.0,,0.0,,0.0,,0.0,,0.0,,0.0,,0.0,,0.0,,0.0,,0.0,,0.0,,0.0,,0.0,,0.0,,0.0,,0.0,,0.0,,0.0,,2.5,,2.5,,0.3,,0.0,,2.9,,0.0,
2005-09-03,1005.2,1006.3,1007.1,2005-09-03T00:01:00,1003.2,2005-09-03T16:59:00,28.9,32.2,2005-09-03T12:54:00,26.0,2005-09-03T05:36:00,23.7,74,61,2005-09-03T09:16:00,1.4,60,7.6,50,2005-09-03T12:11:00,0.0,0.0,0.0,,0.0,,11.2,89.8,26.6,6.0,32.0,31.3,30.9,30.6,30.1,29.2,,,,,,,4.3,,25.3,2005-09-03T13:59:00,,,,22.3,2005-09-03T08:14:00,,,,,,,3.6,2005-09-03T13:00:00,,,,,,,,,,,,,,84,2005-09-03T03:27:00,,,,,,1008.2,2005-09-03T00:01:00,,,,1004.3,2005-09-03T16:59:00,,,,,,,,,,,,,,,,,,,6.2,30.5,12.4,2005-09-03T12:00:00,,,,20.6,,,1,,2,,0,,1,,0,,1,,6,,1,,4,,0,,0,,0,,0,,0,,0,,0,,0,,0,,0,,0,,0,,0,,0,,0,,0,,0,,0,,0,,0,,0,,0,,1,,1,,2,,4,,0,,0,,0,,,80,,,3.6,2005-09-03T11:47:00,,,0.2,,1.8,,0.0,,1.4,,0.0,,1.7,,10.3,,2.6,,10.4,,0.0,,0.0,,0.0,,0.0,,0.0,,0.0,,0.0,,0.0,,0.0,,0.0,,0.0,,0.0,,0.0,,0.0,,0.0,,0.0,,0.0,,0.0,,0.0,,0.0,,0.0,,0.0,,0.7,,0.8,,1.5,,2.3,,0.0,,0.0,,0.0,
2005-09-04,1003.7,1004.8,1005.3,2005-09-04T22:00:00,1002.5,2005-09-04T03:37:00,28.8,32.2,2005-09-04T12:00:00,25.7,2005-09-04T06:18:00,22.3,68,54,2005-09-04T10:00:00,1.3,330,5.0,120,2005-09-04T10:09:00,0.0,0.0,0.0,,0.0,,7.0,56.2,21.86,4.2,30.9,31.0,30.8,31.0,30.6,29.2,,,,,,,4.3,,24.0,2005-09-04T12:52:00,,,,21.1,2005-09-04T05:54:00,,,,,,,3.66,2005-09-04T12:00:00,,,,,,,,,,,,,,80,2005-09-04T04:37:00,,,,,,1006.4,2005-09-04T22:00:00,,,,1003.6,2005-09-04T03:37:00,,,,,,,,,,,,,,,,,,,6.5,30.9,12.4,2005-09-04T12:00:00,,,,20.0,,,0,,0,,0,,0,,0,,1,,1,,0,,0,,0,,0,,0,,0,,1,,1,,0,,0,,1,,0,,2,,1,,0,,1,,3,,0,,0,,0,,0,,0,,1,,1,,1,,3,,3,,2,,1,,0,,0,,,70,,,2.6,2005-09-04T09:35:00,,,0.0,,0.0,,0.0,,0.0,,0.0,,0.9,,2.5,,0.0,,0.0,,0.0,,0.0,,0.0,,0.0,,1.9,,2.0,,0.0,,0.0,,2.1,,0.0,,4.0,,0.9,,0.0,,2.2,,2.8,,0.0,,0.0,,0.0,,0.0,,0.0,,1.2,,1.4,,1.3,,3.2,,3.3,,1.0,,0.5,,0.0,,0.0,
2005-09-05,1004.4,1005.5,1006.3,2005-09-05T21:08:00,1003.4,2005-09-05T04:57:00,29.0,32.6,2005-09-05T13:19:00,26.0,2005-09-05T03:39:00,22.8,70,59,2005-09-05T09:22:00,1.5,320,5.7,130,2005-09-05T13:09:00,0.0,0.0,0.0,,0.0,,10.1,81.3,25.2,-5.0,28.5,28.2,31.1,30.9,30.6,29.2,,,,,,,4.5,,24.6,2005-09-05T13:17:00,,,,20.6,2005-09-05T05:51:00,,,,,,,3.6,2005-09-05T13:00:00,,,,,,,,,,,,,,80,2005-09-05T20:35:00,,,,,,1007.4,2005-09-05T21:08:00,,,,1004.5,2005-09-05T04:57:00,,,,,,,,,,,,,,,,,,,6.6,31.0,11.8,2005-09-05T12:00:00,,,,18.8,,,0,,1,,0,,0,,0,,0,,1,,0,,1,,0,,2,,3,,0,,1,,1,,2,,1,,0,,0,,0,,0,,0,,0,,1,,0,,0,,0,,0,,0,,0,,0,,4,,4,,1,,1,,0,,0,,0,,,90,,,3.4,2005-09-05T12:34:00,,,0.0,,0.3,,0.0,,0.0,,0.0,,0.0,,1.1,,0.0,,2.0,,0.0,,6.0,,6.4,,0.0,,2.2,,1.5,,3.1,,1.1,,0.0,,0.0,,0.0,,0.0,,0.0,,0.0,,0.5,,0.0,,0.0,,0.0,,0.0,,0.0,,0.0,,0.0,,4.1,,4.7,,0.8,,1.0,,0.0,,0.0,,0.0,
2005-09-06,1006.5,1007.6,1008.8,2005-09-06T21:07:00,1004.9,2005-09-06T03:26:00,27.4,29.3,2005-09-06T11:16:00,26.3,2005-09-06T17:16:00,23.2,78,68,2005-09-06T11:27:00,0.8,310,4.1,300,2005-09-06T17:28:00,0.5,1.9,0.5,2005-09-06T13:01:00,0.5,2005-09-06T13:01:00,0.0,0.0,4.98,-1.5,29.2,29.5,29.6,30.6,30.8,29.2,,,,,,,10.0,,24.5,2005-09-06T13:34:00,,,,21.9,2005-09-06T08:30:00,,,,,,,0.89,2005-09-06T15:00:00,,,,,,,,,,,,,,84,2005-09-06T13:20:00,,,,,,1009.9,2005-09-06T21:07:00,,,,1006.0,2005-09-06T03:26:00,,,,,,,,,,,,,,,,,,,3.0,30.9,3.8,2005-09-06T12:00:00,,,,16.3,,,2,,0,,1,,1,,0,,0,,0,,0,,0,,0,,0,,0,,0,,0,,0,,0,,0,,0,,0,,1,,1,,0,,0,,0,,0,,1,,0,,0,,1,,0,,1,,6,,4,,1,,3,,1,,0,,0,,,270,,,2.0,2005-09-06T01:38:00,,,0.2,,0.0,,1.1,,1.4,,0.0,,0.0,,0.0,,0.0,,0.0,,0.0,,0.0,,0.0,,0.0,,0.0,,0.0,,0.0,,0.0,,0.0,,0.0,,0.9,,0.6,,0.0,,0.0,,0.0,,0.0,,0.4,,0.0,,0.0,,1.4,,0.0,,0.7,,6.3,,3.6,,1.0,,1.6,,1.0,,0.0,,0.0,
2005-09-07,1008.8,1009.9,1010.4,2005-09-07T21:02:00,1007.5,2005-09-07T14:29:00,26.8,31.1,2005-09-07T12:06:00,24.9,2005-09-07T18:56:00,22.2,76,65,2005-09-07T12:12:00,1.6,330,7.2,20,2005-09-07T12:36:00,-9.8,0.2,-9.8,2005-09-07T13:19:00,-9.8,2005-09-07T13:19:00,1.6,12.9,10.8,-2.1,28.9,29.0,29.2,29.8,30.1,29.3,,,,,,,9.6,,24.1,2005-09-07T12:06:00,,,,20.4,2005-09-07T23:50:00,,,,,,,2.49,2005-09-07T11:00:00,,,,,,,,,,,,,,87,2005-09-07T18:41:00,,,,,,1011.5,2005-09-07T21:02:00,,,,1008.6,2005-09-07T14:29:00,,,,,,,,,,,,,,,,,,,6.2,30.1,6.7,2005-09-07T11:00:00,,,,17.3,,,1,,0,,1,,1,,2,,2,,3,,1,,0,,0,,0,,0,,0,,0,,0,,0,,0,,0,,0,,0,,0,,0,,0,,0,,0,,0,,0,,0,,0,,0,,0,,1,,3,,4,,3,,1,,1,,0,,,50,,,3.8,2005-09-07T12:41:00,,,0.2,,0.0,,1.0,,2.2,,4.1,,6.3,,7.5,,2.6,,0.0,,0.0,,0.0,,0.0,,0.0,,0.0,,0.0,,0.0,,0.0,,0.0,,0.0,,0.0,,0.0,,0.0,,0.0,,0.0,,0.0,,0.0,,0.0,,0.0,,0.0,,0.0,,0.0,,1.4,,3.7,,4.3,,2.5,,0.9,,0.9,,0.0,
2005-09-08,1009.5,1010.6,1011.1,2005-09-08T22:47:00,1008.2,2005-09-08T14:42:00,27.5,31.6,2005-09-08T13:43:00,24.9,2005-09-08T05:35:00,21.3,69,54,2005-09-08T13:23:00,1.8,330,8.9,40,2005-09-08T12:17:00,0.0,0.0,0.0,,0.0,,3.2,25.9,18.44,6.4,30.4,29.7,29.4,29.1,30.0,29.3,,,,,,,9.1,,23.6,2005-09-08T11:07:00,,,,19.9,2005-09-08T07:16:00,,,,,,,3.41,2005-09-08T13:00:00,,,,,,,,,,,,,,78,2005-09-08T05:30:00,,,,,,1012.2,2005-09-08T22:47:00,,,,1009.3,2005-09-08T14:42:00,,,,,,,,,,,,,,,,,,,6.7,29.6,10.0,2005-09-08T13:00:00,,,,16.6,,,0,,0,,0,,0,,3,,2,,3,,2,,1,,0,,0,,0,,0,,0,,0,,0,,0,,0,,0,,0,,0,,0,,0,,0,,0,,0,,0,,0,,0,,0,,0,,0,,2,,6,,3,,0,,2,,0,,,40,,,3.7,2005-09-08T09:22:00,,,0.0,,0.0,,0.0,,0.0,,7.0,,6.2,,7.7,,5.1,,2.4,,0.0,,0.0,,0.0,,0.0,,0.0,,0.0,,0.0,,0.0,,0.0,,0.0,,0.0,,0.0,,0.0,,0.0,,0.0,,0.0,,0.0,,0.0,,0.0,,0.0,,0.0,,0.0,,0.0,,2.5,,6.7,,2.4,,0.0,,3.1,,0.0,
2005-09-09,1008.9,1010.0,1010.6,2005-09-09T00:04:00,1007.5,2005-09-09T15:20:00,28.0,31.7,2005-09-09T12:44:00,24.5,2005-09-09T05:13:00,21.6,69,60,2005-09-09T08:56:00,2.3,60,9.3,40,2005-09-09T14:20:00,0.0,0.0,0.0,,0.0,,7.3,59.2,23.07,4.3,30.6,30.2,29.9,29.8,29.8,29.2,,,,,,,7.6,,24.3,2005-09-09T12:11:00,,,,18.9,2005-09-09T06:07:00,,,,,,,3.57,2005-09-09T13:00:00,,,,,,,,,,,,,,75,2005-09-09T03:21:00,,,,,,1011.7,2005-09-09T00:04:00,,,,1008.6,2005-09-09T15:20:00,,,,,,,,,,,,,,,,,,,7.2,29.9,10.7,2005-09-09T12:00:00,,,,18.1,,,0,,2,,0,,0,,3,,2,,5,,2,,0,,0,,0,,0,,0,,0,,0,,0,,0,,0,,0,,0,,0,,0,,0,,0,,0,,0,,0,,0,,0,,0,,0,,0,,5,,1,,2,,0,,2,,0,,,60,,,4.2,2005-09-09T14:35:00,,,0.0,,2.1,,0.0,,0.0,,9.3,,5.5,,16.5,,6.0,,0.0,,0.0,,0.0,,0.0,,0.0,,0.0,,0.0,,0.0,,0.0,,0.0,,0.0,,0.0,,0.0,,0.0,,0.0,,0.0,,0.0,,0.0,,0.0,,0.0,,0.0,,0.0,,0.0,,0.0,,7.6,,1.6,,3.7,,0.0,,3.4,,0.0,
2005-09-10,1003.8,1004.9,1008.3,2005-09-10T00:02:00,1001.1,2005-09-10T23:30:00,28.5,32.2,2005-09-10T13:32:00,24.8,2005-09-10T06:28:00,21.9,68,51,2005-09-10T10:18:00,1.7,320,8.6,200,2005-09-10T19:53:00,0.0,0.0,0.0,,0.0,,6.0,48.7,22.5,5.1,31.0,30.7,30.2,30.2,30.0,29.1,,,,,,,6.3,,24.4,2005-09-10T20:26:00,,,,19.5,2005-09-10T10:19:00,,,,,,,3.59,2005-09-10T13:00:00,,,,,,,,,,,,,,80,2005-09-10T04:05:00,,,,,,1009.4,2005-09-10T00:02:00,,,,1002.2,2005-09-10T23:30:00,,,,,,,,,,,,,,,,,,,7.4,30.2,12.1,2005-09-10T13:00:00,,,,20.4,,,0,,0,,0,,0,,0,,0,,0,,0,,0,,0,,0,,0,,0,,0,,1,,0,,0,,0,,1,,1,,2,,3,,2,,0,,0,,0,,0,,1,,0,,0,,0,,3,,4,,1,,2,,2,,0,,1,,,200,,,4.1,2005-09-10T19:55:00,,,0.0,,0.0,,0.0,,0.0,,0.0,,0.0,,0.0,,0.0,,0.0,,0.0,,0.0,,0.0,,0.0,,0.0,,2.6,,0.0,,0.0,,0.0,,2.5,,3.3,,5.5,,7.1,,3.1,,0.0,,0.0,,0.0,,0.0,,1.7,,0.0,,0.0,,0.0,,3.4,,4.6,,1.1,,2.6,,1.4,,0.0,,0.8,
2005-09-11,1003.6,1004.7,1009.4,2005-09-11T22:58:00,999.0,2005-09-11T03:21:00,28.5,32.0,2005-09-11T13:22:00,26.0,2005-09-11T04:12:00,23.5,74,65,2005-09-11T09:34:00,1.6,200,7.0,200,2005-09-11T15:45:00,0.0,0.0,0.0,,0.0,,0.3,2.4,16.38,-3.4,30.1,30.2,30.1,30.4,30.1,28.9,,,,,,,7.3,,25.6,2005-09-11T14:11:00,,,,20.7,2005-09-11T06:33:00,,,,,,,2.85,2005-09-11T13:00:00,,,,,,,,,,,,,,83,2005-09-11T22:18:00,,,,,,1010.5,2005-09-11T22:58:00,,,,1000.1,2005-09-11T03:21:00,,,,,,,,,,,,,,,,,,,6.0,30.2,8.7,2005-09-11T13:00:00,,,,16.5,,,0,,0,,0,,0,,0,,0,,0,,0,,0,,0,,0,,0,,0,,0,,0,,0,,0,,0,,0,,2,,5,,2,,1,,0,,0,,1,,0,,0,,0,,0,,0,,3,,1,,5,,2,,1,,1,,0,,,200,,,3.7,2005-09-11T11:31:00,,,0.0,,0.0,,0.0,,0.0,,0.0,,0.0,,0.0,,0.0,,0.0,,0.0,,0.0,,0.0,,0.0,,0.0,,0.0,,0.0,,0.0,,0.0,,0.0,,4.5,,13.5,,4.1,,2.0,,0.0,,0.0,,0.5,,0.0,,0.0,,0.0,,0.0,,0.0,,2.7,,1.2,,5.8,,2.4,,0.3,,1.5,,0.0,
2005-09-12,1011.2,1012.3,1014.1,2005-09-12T21:15:00,1008.5,2005-09-12T03:02:00,28.9,32.7,2005-09-12T12:27:00,25.8,2005-09-12T07:27:00,24.1,75,62,2005-09-12T09:26:00,1.4,330,4.7,120,2005-09-12T10:50:00,1.5,0.7,1.5,2005-09-12T07:20:00,1.5,2005-09-12T07:20:00,7.0,57.0,20.9,-2.9,31.4,30.8,30.3,30.3,30.1,29.1,,,,,,,5.9,,26.9,2005-09-12T12:27:00,,,,21.5,2005-09-12T04:16:00,,,,,,,3.64,2005-09-12T13:00:00,,,,,,,,,,,,,,85,2005-09-12T23:59:00,,,,,,1015.2,2005-09-12T21:15:00,,,,1009.6,2005-09-12T03:02:00,,,,,,,,,,,,,,,,,,,6.9,30.4,13.1,2005-09-12T13:00:00,,,,17.9,,,1,,2,,0,,0,,0,,2,,1,,1,,0,,0,,2,,3,,0,,1,,0,,0,,0,,0,,0,,0,,0,,1,,0,,0,,0,,0,,0,,0,,0,,0,,0,,1,,1,,4,,2,,1,,1,,0,,,110,,,2.9,2005-09-12T10:54:00,,,0.0,,2.4,,0.0,,0.0,,0.0,,3.1,,1.5,,2.2,,0.0,,0.0,,4.2,,6.9,,0.0,,2.2,,0.0,,0.0,,0.0,,0.0,,0.0,,0.0,,0.0,,0.9,,0.0,,0.0,,0.0,,0.0,,0.0,,0.0,,0.0,,0.0,,0.0,,1.1,,1.3,,3.9,,1.6,,0.4,,0.8,,0.0,
2005-09-13,1013.3,1014.4,1015.6,2005-09-13T20:54:00,1011.5,2005-09-13T03:48:00,29.1,33.1,2005-09-13T12:56:00,26.4,2005-09-13T05:39:00,24.5,77,59,2005-09-13T10:50:00,1.8,70,7.4,90,2005-09-13T13:39:00,1.5,1.2,0.5,2005-09-13T20:10:00,1.0,2005-09-13T20:10:00,9.3,75.9,23.65,-5.0,31.6,31.7,31.7,31.0,30.2,28.9,,,,,,,5.3,,26.5,2005-09-13T12:56:00,,,,22.9,2005-09-13T06:00:00,,,,,,,3.55,2005-09-13T12:00:00,,,,,,,,,,,,,,88,2005-09-13T01:56:00,,,,,,1016.7,2005-09-13T20:54:00,,,,1012.6,2005-09-13T03:48:00,,,,,,,,,,,,,,,,,,,6.7,31.1,12.3,2005-09-13T12:00:00,,,,19.4,,,1,,1,,1,,1,,1,,1,,5,,6,,2,,0,,0,,0,,0,,0,,0,,0,,0,,0,,0,,0,,0,,0,,0,,0,,0,,0,,0,,0,,0,,0,,0,,0,,4,,0,,0,,1,,0,,0,,,70,,,3.8,2005-09-13T14:39:00,,,0.2,,1.0,,1.4,,1.6,,0.8,,2.2,,11.6,,14.5,,6.2,,0.0,,0.0,,0.0,,0.0,,0.0,,0.0,,0.0,,0.0,,0.0,,0.0,,0.0,,0.0,,0.0,,0.0,,0.0,,0.0,,0.0,,0.0,,0.0,,0.0,,0.0,,0.0,,0.0,,3.7,,0.0,,0.0,,0.3,,0.0,,0.0,
2005-09-14,1013.9,1015.0,1015.5,2005-09-14T07:33:00,1012.4,2005-09-14T15:44:00,29.2,32.8,2005-09-14T14:23:00,26.3,2005-09-14T05:34:00,23.7,73,63,2005-09-14T13:08:00,2.0,70,8.9,40,2005-09-14T17:28:00,0.0,0.0,0.0,,0.0,,8.5,69.5,23.46,6.0,31.6,31.5,31.4,31.3,30.5,29.0,,,,,,,4.5,,25.9,2005-09-14T11:40:00,,,,22.0,2005-09-14T20:58:00,,,,,,,3.56,2005-09-14T13:00:00,,,,,,,,,,,,,,84,2005-09-14T00:09:00,,,,,,1016.6,2005-09-14T07:33:00,,,,1013.5,2005-09-14T15:44:00,,,,,,,,,,,,,,,,,,,6.5,31.2,12.4,2005-09-14T12:00:00,,,,20.6,,,1,,1,,1,,1,,1,,2,,3,,4,,0,,0,,0,,0,,0,,0,,0,,0,,0,,0,,0,,0,,0,,0,,0,,0,,0,,0,,0,,0,,0,,0,,0,,0,,0,,4,,0,,3,,3,,0,,,40,,,4.3,2005-09-14T17:50:00,,,0.2,,1.3,,1.2,,2.9,,3.9,,6.7,,9.2,,13.3,,0.0,,0.0,,0.0,,0.0,,0.0,,0.0,,0.0,,0.0,,0.0,,0.0,,0.0,,0.0,,0.0,,0.0,,0.0,,0.0,,0.0,,0.0,,0.0,,0.0,,0.0,,0.0,,0.0,,0.0,,0.0,,3.5,,0.0,,2.3,,3.9,,0.0,
2005-09-15,1012.6,1013.7,1014.5,2005-09-15T00:01:00,1010.6,2005-09-15T17:53:00,29.3,32.9,2005-09-15T14:09:00,26.1,2005-09-15T05:08:00,23.2,70,58,2005-09-15T07:55:00,2.1,330,7.2,50,2005-09-15T16:33:00,0.0,0.0,0.0,,0.0,,10.7,87.7,25.72,5.1,31.5,31.3,31.0,31.0,30.6,29.2,,,,,,,4.9,,25.9,2005-09-15T11:42:00,,,,20.3,2005-09-15T07:58:00,,,,,,,3.6,2005-09-15T13:00:00,,,,,,,,,,,,,,76,2005-09-15T00:50:00,,,,,,1015.6,2005-09-15T00:01:00,,,,1011.7,2005-09-15T17:53:00,,,,,,,,,,,,,,,,,,,6.8,31.1,12.7,2005-09-15T12:00:00,,,,20.0,,,0,,0,,0,,2,,2,,2,,3,,3,,1,,0,,1,,0,,0,,0,,0,,0,,0,,0,,0,,0,,0,,0,,0,,0,,0,,0,,0,,0,,0,,0,,0,,0,,1,,4,,3,,0,,2,,0,,,90,,,3.9,2005-09-15T13:44:00,,,0.0,,0.0,,0.0,,4.9,,5.8,,5.5,,8.3,,8.0,,2.5,,0.0,,3.2,,0.0,,0.0,,0.0,,0.0,,0.0,,0.0,,0.0,,0.0,,0.0,,0.0,,0.0,,0.0,,0.0,,0.0,,0.0,,0.0,,0.0,,0.0,,0.0,,0.0,,0.0,,0.9,,4.7,,3.3,,0.0,,2.4,,0.0,
2005-09-16,1011.7,1012.8,1013.1,2005-09-16T22:40:00,1010.5,2005-09-16T16:17:00,29.1,32.9,2005-09-16T12:54:00,26.2,2005-09-16T05:50:00,22.7,68,58,2005-09-16T08:00:00,1.8,60,7.0,100,2005-09-16T14:03:00,0.0,0.0,0.0,,0.0,,11.0,90.3,25.59,-6.4,31.6,32.0,31.3,31.3,30.8,29.5,,,,,,,3.9,,25.0,2005-09-16T10:35:00,,,,20.3,2005-09-16T06:43:00,,,,,,,3.6,2005-09-16T13:00:00,,,,,,,,,,,,,,77,2005-09-16T03:35:00,,,,,,1014.2,2005-09-16T22:40:00,,,,1011.6,2005-09-16T16:17:00,,,,,,,,,,,,,,,,,,,6.7,31.2,12.5,2005-09-16T12:00:00,,,,21.9,,,0,,1,,1,,2,,0,,2,,4,,2,,0,,0,,2,,0,,0,,0,,0,,0,,0,,0,,0,,0,,0,,0,,0,,0,,0,,0,,0,,0,,0,,0,,0,,0,,0,,3,,3,,3,,1,,0,,,90,,,4.1,2005-09-16T13:11:00,,,0.0,,1.4,,1.7,,3.0,,0.0,,5.2,,11.0,,6.7,,0.0,,0.0,,5.8,,0.0,,0.0,,0.0,,0.0,,0.0,,0.0,,0.0,,0.0,,0.0,,0.0,,0.0,,0.0,,0.0,,0.0,,0.0,,0.0,,0.0,,0.0,,0.0,,0.0,,0.0,,0.0,,2.5,,3.0,,3.0,,0.5,,0.0,
2005-09-17,1014.0,1015.1,1016.6,2005-09-17T23:28:00,1011.4,2005-09-17T03:29:00,26.8,30.6,2005-09-17T08:56:00,25.5,2005-09-17T12:45:00,22.1,76,60,2005-09-17T08:11:00,1.5,340,8.3,40,2005-09-17T11:02:00,5.0,4.9,1.5,2005-09-17T11:44:00,3.0,2005-09-17T11:04:00,0.9,7.4,7.0,-0.4,28.4,28.7,29.0,30.2,30.6,29.2,,,,,,,8.1,,24.9,2005-09-17T10:12:00,,,,19.2,2005-09-17T05:59:00,,,,,,,0.99,2005-09-17T09:00:00,,,,,,,,,,,,,,88,2005-09-17T14:22:00,,,,,,1017.7,2005-09-17T23:28:00,,,,1012.5,2005-09-17T03:29:00,,,,,,,,,,,,,,,,,,,5.1,30.6,3.2,2005-09-17T10:00:00,,,,18.4,,,0,,0,,1,,1,,2,,1,,1,,0,,0,,0,,0,,0,,0,,0,,0,,0,,0,,0,,0,,0,,0,,0,,0,,0,,0,,0,,0,,0,,0,,0,,0,,0,,3,,4,,7,,3,,1,,0,,,40,,,3.8,2005-09-17T11:13:00,,,0.0,,0.0,,2.5,,2.2,,4.5,,1.5,,2.5,,0.0,,0.0,,0.0,,0.0,,0.0,,0.0,,0.0,,0.0,,0.0,,0.0,,0.0,,0.0,,0.0,,0.0,,0.0,,0.0,,0.0,,0.0,,0.0,,0.0,,0.0,,0.0,,0.0,,0.0,,0.0,,4.4,,4.6,,8.3,,3.7,,1.7,,0.0,
2005-09-18,1016.5,1017.6,1018.3,2005-09-18T08:54:00,1015.0,2005-09-18T15:47:00,28.2,32.2,2005-09-18T12:09:00,24.6,2005-09-18T06:37:00,23.4,75,65,2005-09-18T12:03:00,1.6,330,6.8,100,2005-09-18T14:59:00,7.5,1.3,2.5,2005-09-18T06:30:00,5.0,2005-09-18T06:18:00,7.1,58.5,21.43,4.0,31.1,30.8,30.0,29.9,29.8,29.2,,,,,,,5.5,,26.1,2005-09-18T08:42:00,,,,20.7,2005-09-18T05:23:00,,,,,,,3.6,2005-09-18T13:00:00,,,,,,,,,,,,,,90,2005-09-18T08:41:00,,,,,,1019.4,2005-09-18T08:54:00,,,,1016.1,2005-09-18T15:47:00,,,,,,,,,,,,,,,,,,,7.6,30.0,12.0,2005-09-18T13:00:00,,,,20.6,,,0,,1,,0,,1,,2,,0,,2,,1,,2,,0,,2,,0,,0,,0,,0,,0,,0,,0,,0,,0,,0,,0,,0,,0,,0,,0,,0,,0,,0,,0,,1,,0,,3,,4,,4,,0,,1,,0,,,100,,,3.2,2005-09-18T13:59:00,,,0.0,,1.0,,0.0,,2.7,,3.3,,0.0,,4.6,,2.5,,4.7,,0.0,,6.0,,0.0,,0.0,,0.0,,0.0,,0.0,,0.0,,0.0,,0.0,,0.0,,0.0,,0.0,,0.0,,0.0,,0.0,,0.0,,0.0,,0.0,,0.0,,0.0,,1.2,,0.0,,3.4,,4.2,,3.2,,0.0,,0.5,,0.0,
2005-09-19,1014.9,1016.0,1017.1,2005-09-19T00:01:00,1012.9,2005-09-19T16:51:00,28.9,32.5,2005-09-19T11:22:00,25.9,2005-09-19T05:40:00,23.4,72,62,2005-09-19T11:27:00,2.2,50,8.2,30,2005-09-19T18:24:00,0.0,0.0,0.0,,0.0,,9.5,78.4,23.69,4.7,31.7,31.3,30.7,30.7,30.1,29.2,,,,,,,2.6,,25.5,2005-09-19T13:07:00,,,,20.6,2005-09-19T07:04:00,,,,,,,3.6,2005-09-19T13:00:00,,,,,,,,,,,,,,81,2005-09-19T21:21:00,,,,,,1018.2,2005-09-19T00:01:00,,,,1014.0,2005-09-19T16:51:00,,,,,,,,,,,,,,,,,,,6.6,30.5,11.7,2005-09-19T12:00:00,,,,20.0,,,0,,0,,0,,0,,1,,5,,4,,3,,0,,0,,0,,0,,0,,0,,0,,0,,0,,0,,0,,0,,0,,0,,0,,0,,0,,0,,0,,0,,0,,0,,0,,0,,2,,5,,3,,0,,1,,0,,,60,,,4.1,2005-09-19T15:38:00,,,0.0,,0.0,,0.0,,0.0,,3.8,,15.8,,13.1,,8.7,,0.0,,0.0,,0.0,,0.0,,0.0,,0.0,,0.0,,0.0,,0.0,,0.0,,0.0,,0.0,,0.0,,0.0,,0.0,,0.0,,0.0,,0.0,,0.0,,0.0,,0.0,,0.0,,0.0,,0.0,,2.7,,4.5,,3.2,,0.0,,1.4,,0.0,
2005-09-20,1010.7,1011.8,1013.5,2005-09-20T00:01:00,1009.0,2005-09-20T23:59:00,28.8,32.8,2005-09-20T12:36:00,25.7,2005-09-20T05:50:00,22.1,67,54,2005-09-20T10:38:00,2.3,50,11.4,60,2005-09-20T14:22:00,0.0,0.0,0.0,,0.0,,10.4,86.0,25.13,6.9,31.5,31.1,30.5,30.2,30.5,29.3,,,,,,,2.0,,24.6,2005-09-20T13:15:00,,,,19.7,2005-09-20T07:17:00,,,,,,,3.6,2005-09-20T13:00:00,,,,,,,,,,,,,,77,2005-09-20T02:33:00,,,,,,1014.6,2005-09-20T00:01:00,,,,1010.1,2005-09-20T23:59:00,,,,,,,,,,,,,,,,,,,7.1,30.6,11.7,2005-09-20T12:00:00,,,,21.9,,,0,,1,,1,,2,,1,,5,,2,,1,,0,,0,,0,,0,,0,,0,,0,,0,,0,,0,,0,,0,,0,,0,,0,,0,,0,,0,,0,,0,,0,,0,,0,,0,,2,,3,,5,,1,,0,,0,,,50,,,4.8,2005-09-20T15:11:00,,,0.0,,1.3,,2.6,,4.8,,3.5,,19.4,,7.8,,4.0,,0.0,,0.0,,0.0,,0.0,,0.0,,0.0,,0.0,,0.0,,0.0,,0.0,,0.0,,0.0,,0.0,,0.0,,0.0,,0.0,,0.0,,0.0,,0.0,,0.0,,0.0,,0.0,,0.0,,0.0,,2.6,,4.0,,4.8,,1.1,,0.0,,0.0,
2005-09-21,1006.3,1007.4,1009.1,2005-09-21T00:03:00,1003.2,2005-09-21T16:00:00,27.2,32.7,2005-09-21T11:01:00,24.5,2005-09-21T19:52:00,21.8,73,51,2005-09-21T10:52:00,3.4,40,16.7,60,2005-09-21T18:26:00,27.0,6.5,5.5,2005-09-21T19:36:00,9.5,2005-09-21T18:48:00,1.8,14.9,10.62,-99.5,28.3,28.6,29.0,29.9,30.4,29.2,,,,,,,9.1,,24.0,2005-09-21T13:04:00,,,,18.4,2005-09-21T06:30:00,,,,,,,2.41,2005-09-21T10:00:00,,,,,,,,,,,,,,89,2005-09-21T19:42:00,,,,,,1010.2,2005-09-21T00:03:00,,,,1004.3,2005-09-21T16:00:00,,,,,,,,,,,,,,,,,,,8.2,30.2,7.9,2005-09-21T11:00:00,,,,16.0,,,0,,2,,1,,1,,9,,1,,0,,0,,0,,0,,0,,0,,0,,0,,0,,0,,0,,0,,0,,0,,0,,0,,0,,0,,0,,0,,0,,0,,0,,0,,0,,0,,1,,5,,1,,0,,3,,0,,,40,,,7.7,2005-09-21T18:42:00,,,0.0,,4.3,,2.3,,2.7,,50.1,,6.6,,0.0,,0.0,,0.0,,0.0,,0.0,,0.0,,0.0,,0.0,,0.0,,0.0,,0.0,,0.0,,0.0,,0.0,,0.0,,0.0,,0.0,,0.0,,0.0,,0.0,,0.0,,0.0,,0.0,,0.0,,0.0,,0.0,,1.1,,6.2,,1.0,,0.0,,6.3,,0.0,
2005-09-22,1004.3,1005.4,1007.3,2005-09-22T22:54:00,1001.6,2005-09-22T15:41:00,25.5,27.5,2005-09-22T12:56:00,23.4,2005-09-22T18:15:00,23.2,87,78,2005-09-22T02:20:00,3.0,30,15.8,150,2005-09-22T22:34:00,218.0,18.3,18.0,2005-09-22T17:19:00,47.5,2005-09-22T17:19:00,0.0,0.0,1.12,-99.5,25.4,25.9,26.1,27.1,29.4,29.1,,,,,,,10.0,,24.7,2005-09-22T05:39:00,,,,21.4,2005-09-22T22:46:00,,,,,,,0.6,2005-09-22T13:00:00,,,,,,,,,,,,,,94,2005-09-22T18:08:00,,,,,,1008.4,2005-09-22T22:54:00,,,,1002.7,2005-09-22T15:41:00,,,,,,,,,,,,,,,,,,,4.1,28.0,2.6,2005-09-22T13:00:00,,,,10.5,,,0,,4,,1,,5,,4,,0,,1,,1,,1,,1,,0,,0,,0,,0,,0,,0,,0,,0,,0,,0,,0,,0,,0,,0,,0,,1,,0,,0,,0,,0,,0,,0,,1,,1,,2,,0,,1,,0,,,40,,,6.5,2005-09-22T01:39:00,,,0.0,,8.8,,2.5,,21.4,,18.9,,0.0,,1.9,,3.0,,2.0,,3.0,,0.0,,0.0,,0.0,,0.0,,0.0,,0.0,,0.0,,0.0,,0.0,,0.0,,0.0,,0.0,,0.0,,0.0,,0.0,,2.5,,0.0,,0.0,,0.0,,0.0,,0.0,,0.0,,1.8,,1.3,,2.4,,0.0,,2.1,,0.0,
2005-09-23,1006.6,1007.7,1009.1,2005-09-23T22:55:00,1004.9,2005-09-23T02:58:00,27.3,30.3,2005-09-23T14:12:00,24.0,2005-09-23T00:12:00,23.1,78,67,2005-09-23T14:46:00,2.6,50,10.6,20,2005-09-23T09:16:00,-9.8,0.1,-9.8,2005-09-23T19:01:00,-9.8,2005-09-23T19:01:00,2.9,24.1,14.14,-2.2,27.5,27.0,26.8,26.5,27.1,28.2,,,,,,,9.3,,25.1,2005-09-23T18:26:00,,,,20.9,2005-09-23T02:32:00,,,,,,,2.44,2005-09-23T10:00:00,,,,,,,,,,,,,,90,2005-09-23T00:04:00,,,,,,1010.2,2005-09-23T22:55:00,,,,1006.0,2005-09-23T02:58:00,,,,,,,,,,,,,,,,,,,6.3,26.8,6.6,2005-09-23T13:00:00,,,,17.1,,,0,,0,,2,,1,,2,,8,,3,,0,,0,,0,,0,,0,,0,,0,,0,,0,,0,,0,,0,,0,,0,,0,,0,,0,,0,,0,,0,,0,,0,,0,,0,,0,,0,,3,,2,,1,,2,,0,,,50,,,4.6,2005-09-23T10:09:00,,,0.0,,0.0,,3.1,,2.4,,8.2,,24.9,,10.9,,0.0,,0.0,,0.0,,0.0,,0.0,,0.0,,0.0,,0.0,,0.0,,0.0,,0.0,,0.0,,0.0,,0.0,,0.0,,0.0,,0.0,,0.0,,0.0,,0.0,,0.0,,0.0,,0.0,,0.0,,0.0,,0.0,,5.0,,3.4,,1.7,,1.6,,0.0,
2005-09-24,1008.9,1010.0,1010.8,2005-09-24T22:32:00,1007.4,2005-09-24T14:54:00,27.8,31.1,2005-09-24T12:30:00,25.6,2005-09-24T05:38:00,23.5,78,69,2005-09-24T08:24:00,2.2,50,10.1,50,2005-09-24T11:16:00,-9.8,0.8,-9.8,2005-09-24T21:35:00,-9.8,2005-09-24T21:35:00,3.9,32.5,18.32,-2.8,28.8,28.6,28.3,27.8,27.6,27.8,,,,,,,7.4,,25.2,2005-09-24T11:10:00,,,,22.0,2005-09-24T06:05:00,,,,,,,2.74,2005-09-24T13:00:00,,,,,,,,,,,,,,86,2005-09-24T22:14:00,,,,,,1011.9,2005-09-24T22:32:00,,,,1008.5,2005-09-24T14:54:00,,,,,,,,,,,,,,,,,,,5.5,27.8,9.2,2005-09-24T13:00:00,,,,17.8,,,1,,1,,0,,2,,3,,8,,2,,0,,0,,0,,0,,0,,0,,0,,0,,0,,0,,0,,0,,0,,0,,0,,0,,0,,0,,0,,0,,0,,0,,0,,0,,0,,2,,2,,2,,0,,1,,0,,,50,,,4.9,2005-09-24T12:25:00,,,0.2,,1.1,,0.0,,3.6,,9.3,,24.7,,6.5,,0.0,,0.0,,0.0,,0.0,,0.0,,0.0,,0.0,,0.0,,0.0,,0.0,,0.0,,0.0,,0.0,,0.0,,0.0,,0.0,,0.0,,0.0,,0.0,,0.0,,0.0,,0.0,,0.0,,0.0,,0.0,,2.0,,2.2,,1.2,,0.0,,1.4,,0.0,
2005-09-25,1010.0,1011.1,1011.7,2005-09-25T21:57:00,1008.6,2005-09-25T14:10:00,28.2,31.6,2005-09-25T13:24:00,25.4,2005-09-25T04:18:00,23.2,75,64,2005-09-25T10:05:00,1.7,360,6.3,50,2005-09-25T13:50:00,0.0,0.0,0.0,,0.0,,4.8,40.1,20.47,7.5,30.0,29.7,29.3,28.8,27.6,27.7,,,,,,,8.6,,25.1,2005-09-25T14:40:00,,,,21.5,2005-09-25T04:49:00,,,,,,,3.13,2005-09-25T14:00:00,,,,,,,,,,,,,,84,2005-09-25T00:07:00,,,,,,1012.8,2005-09-25T21:57:00,,,,1009.7,2005-09-25T14:10:00,,,,,,,,,,,,,,,,,,,6.2,28.7,9.7,2005-09-25T13:00:00,,,,19.4,,,0,,1,,0,,1,,2,,2,,3,,2,,1,,0,,0,,0,,0,,0,,0,,0,,0,,0,,0,,0,,0,,0,,0,,0,,0,,0,,0,,0,,0,,0,,0,,0,,2,,0,,3,,3,,4,,0,,,60,,,3.4,2005-09-25T13:16:00,,,0.0,,1.2,,0.0,,2.4,,4.6,,4.0,,7.6,,5.4,,2.6,,0.0,,0.0,,0.0,,0.0,,0.0,,0.0,,0.0,,0.0,,0.0,,0.0,,0.0,,0.0,,0.0,,0.0,,0.0,,0.0,,0.0,,0.0,,0.0,,0.0,,0.0,,0.0,,0.0,,1.6,,0.0,,3.3,,2.5,,4.6,,0.0,
2005-09-26,1012.0,1013.1,1014.1,2005-09-26T20:48:00,1010.1,2005-09-26T02:39:00,27.9,31.8,2005-09-26T12:16:00,25.8,2005-09-26T04:18:00,22.7,74,63,2005-09-26T10:25:00,1.5,60,6.7,10,2005-09-26T07:47:00,0.0,0.0,0.0,,0.0,,2.8,23.4,16.58,6.2,29.5,29.5,29.3,29.6,28.9,27.9,,,,,,,8.0,,24.7,2005-09-26T13:27:00,,,,21.4,2005-09-26T06:03:00,,,,,,,2.58,2005-09-26T11:00:00,,,,,,,,,,,,,,80,2005-09-26T03:06:00,,,,,,1015.2,2005-09-26T20:48:00,,,,1011.2,2005-09-26T02:39:00,,,,,,,,,,,,,,,,,,,6.0,29.2,8.4,2005-09-26T13:00:00,,,,19.1,,,0,,0,,0,,0,,0,,1,,6,,2,,0,,0,,0,,0,,0,,0,,0,,0,,0,,0,,0,,0,,0,,0,,0,,0,,0,,0,,0,,0,,0,,0,,0,,0,,3,,3,,5,,2,,2,,0,,,60,,,3.4,2005-09-26T13:37:00,,,0.0,,0.0,,0.0,,0.0,,0.0,,1.4,,13.8,,4.9,,0.0,,0.0,,0.0,,0.0,,0.0,,0.0,,0.0,,0.0,,0.0,,0.0,,0.0,,0.0,,0.0,,0.0,,0.0,,0.0,,0.0,,0.0,,0.0,,0.0,,0.0,,0.0,,0.0,,0.0,,3.5,,2.8,,4.7,,1.5,,3.3,,0.0,
2005-09-27,1013.6,1014.7,1014.9,2005-09-27T21:03:00,1012.2,2005-09-27T14:27:00,27.9,31.5,2005-09-27T11:05:00,25.5,2005-09-27T03:05:00,22.2,72,66,2005-09-27T11:32:00,2.4,50,9.8,50,2005-09-27T10:13:00,0.0,0.0,0.0,,0.0,,6.6,55.3,20.72,4.1,29.9,29.6,29.5,29.3,29.0,28.2,,,,,,,7.5,,24.7,2005-09-27T11:06:00,,,,20.6,2005-09-27T23:52:00,,,,,,,3.47,2005-09-27T13:00:00,,,,,,,,,,,,,,79,2005-09-27T03:57:00,,,,,,1016.0,2005-09-27T21:03:00,,,,1013.3,2005-09-27T14:27:00,,,,,,,,,,,,,,,,,,,6.0,29.3,10.7,2005-09-27T13:00:00,,,,19.4,,,0,,0,,0,,0,,2,,5,,5,,0,,0,,0,,0,,0,,0,,0,,0,,0,,0,,0,,0,,0,,0,,0,,0,,0,,0,,0,,0,,0,,0,,0,,0,,0,,1,,4,,3,,2,,2,,0,,,60,,,4.8,2005-09-27T13:18:00,,,0.0,,0.0,,0.0,,0.0,,7.5,,18.6,,17.7,,0.0,,0.0,,0.0,,0.0,,0.0,,0.0,,0.0,,0.0,,0.0,,0.0,,0.0,,0.0,,0.0,,0.0,,0.0,,0.0,,0.0,,0.0,,0.0,,0.0,,0.0,,0.0,,0.0,,0.0,,0.0,,1.5,,4.8,,2.4,,3.0,,2.6,,0.0,
2005-09-28,1012.3,1013.4,1014.4,2005-09-28T00:01:00,1010.4,2005-09-28T16:55:00,28.1,32.2,2005-09-28T11:05:00,25.0,2005-09-28T06:04:00,21.4,67,49,2005-09-28T09:12:00,2.2,50,9.3,70,2005-09-28T13:06:00,0.0,0.0,0.0,,0.0,,8.8,73.9,21.97,5.4,29.9,29.6,29.4,29.3,29.1,28.3,,,,,,,4.6,,24.6,2005-09-28T13:59:00,,,,17.3,2005-09-28T07:15:00,,,,,,,3.51,2005-09-28T12:00:00,,,,,,,,,,,,,,78,2005-09-28T00:52:00,,,,,,1015.5,2005-09-28T00:01:00,,,,1011.5,2005-09-28T16:55:00,,,,,,,,,,,,,,,,,,,7.2,29.3,10.5,2005-09-28T12:00:00,,,,20.0,,,0,,0,,0,,1,,1,,6,,4,,0,,0,,0,,0,,0,,0,,0,,0,,0,,0,,0,,0,,0,,0,,0,,0,,0,,0,,0,,0,,0,,0,,0,,0,,0,,2,,5,,2,,3,,0,,0,,,60,,,4.8,2005-09-28T13:41:00,,,0.0,,0.0,,0.0,,1.1,,2.8,,20.0,,14.6,,0.0,,0.0,,0.0,,0.0,,0.0,,0.0,,0.0,,0.0,,0.0,,0.0,,0.0,,0.0,,0.0,,0.0,,0.0,,0.0,,0.0,,0.0,,0.0,,0.0,,0.0,,0.0,,0.0,,0.0,,0.0,,1.8,,6.2,,2.1,,4.3,,0.0,,0.0,
2005-09-29,1011.2,1012.3,1012.9,2005-09-29T09:26:00,1009.4,2005-09-29T15:03:00,28.2,31.9,2005-09-29T11:32:00,25.6,2005-09-29T04:32:00,22.3,71,63,2005-09-29T09:05:00,2.3,60,9.9,60,2005-09-29T11:50:00,0.0,0.0,0.0,,0.0,,8.3,69.8,22.29,6.2,29.7,29.9,29.5,29.5,29.2,28.3,,,,,,,6.1,,24.5,2005-09-29T11:31:00,,,,19.7,2005-09-29T07:18:00,,,,,,,3.6,2005-09-29T12:00:00,,,,,,,,,,,,,,78,2005-09-29T01:57:00,,,,,,1014.0,2005-09-29T09:26:00,,,,1010.5,2005-09-29T15:03:00,,,,,,,,,,,,,,,,,,,6.3,29.5,11.1,2005-09-29T12:00:00,,,,19.4,,,0,,0,,0,,1,,2,,4,,4,,2,,0,,0,,0,,0,,0,,0,,0,,0,,0,,0,,0,,0,,0,,0,,0,,0,,0,,0,,0,,0,,0,,0,,0,,0,,3,,3,,4,,1,,0,,0,,,60,,,4.5,2005-09-29T13:52:00,,,0.0,,0.0,,0.0,,2.7,,5.8,,12.1,,15.0,,7.3,,0.0,,0.0,,0.0,,0.0,,0.0,,0.0,,0.0,,0.0,,0.0,,0.0,,0.0,,0.0,,0.0,,0.0,,0.0,,0.0,,0.0,,0.0,,0.0,,0.0,,0.0,,0.0,,0.0,,0.0,,3.3,,2.7,,4.8,,0.9,,0.0,,0.0,
2005-09-30,1010.8,1011.9,1012.1,2005-09-30T09:26:00,1009.4,2005-09-30T15:30:00,28.3,32.0,2005-09-30T11:25:00,24.9,2005-09-30T05:08:00,22.0,69,53,2005-09-30T09:48:00,1.7,330,7.5,60,2005-09-30T18:23:00,0.0,0.0,0.0,,0.0,,10.4,87.6,23.21,5.7,30.0,30.0,29.6,29.7,29.4,28.4,,,,,,,2.9,,24.3,2005-09-30T13:20:00,,,,20.5,2005-09-30T06:24:00,,,,,,,3.6,2005-09-30T12:00:00,,,,,,,,,,,,,,80,2005-09-30T03:14:00,,,,,,1013.2,2005-09-30T09:26:00,,,,1010.5,2005-09-30T15:30:00,,,,,,,,,,,,,,,,,,,7.1,29.6,10.7,2005-09-30T12:00:00,,,,21.3,,,0,,2,,1,,0,,1,,1,,4,,3,,1,,0,,0,,0,,0,,0,,0,,0,,0,,0,,0,,0,,0,,0,,0,,0,,0,,0,,0,,0,,0,,0,,0,,0,,3,,7,,0,,0,,1,,0,,,60,,,3.6,2005-09-30T12:26:00,,,0.0,,2.6,,1.5,,0.0,,2.7,,2.3,,11.2,,8.0,,2.9,,0.0,,0.0,,0.0,,0.0,,0.0,,0.0,,0.0,,0.0,,0.0,,0.0,,0.0,,0.0,,0.0,,0.0,,0.0,,0.0,,0.0,,0.0,,0.0,,0.0,,0.0,,0.0,,0.0,,3.2,,6.0,,0.0,,0.0,,0.5,,0.0,
2005-10-01,1006.0,1007.1,1010.3,2005-10-01T00:06:00,997.8,2005-10-01T23:55:00,28.8,33.1,2005-10-01T11:57:00,25.2,2005-10-01T06:21:00,22.1,68,52,2005-10-01T11:46:00,1.6,270,8.2,40,2005-10-01T14:08:00,-9.8,0.6,-9.8,2005-10-01T22:40:00,-9.8,2005-10-01T22:40:00,7.4,62.5,19.98,-3.5,29.4,29.7,29.5,29.8,29.6,28.5,,,,,,,7.3,,24.5,2005-10-01T14:18:00,,,,20.1,2005-10-01T08:23:00,,,,,,,3.55,2005-10-01T12:00:00,,,,,,,,,,,,,,80,2005-10-01T22:57:00,,,,,,1011.4,2005-10-01T00:06:00,,,,998.9,2005-10-01T23:55:00,,,,,,,,,,,,,,,,,,,7.9,29.8,11.6,2005-10-01T12:00:00,,,,17.9,,,0,,1,,1,,0,,0,,2,,0,,0,,1,,0,,1,,0,,1,,0,,0,,0,,0,,0,,1,,0,,0,,1,,0,,1,,0,,2,,0,,3,,0,,0,,0,,3,,0,,3,,2,,0,,1,,0,,,270,,,3.9,2005-10-01T17:45:00,,,0.0,,1.1,,1.6,,0.0,,0.0,,4.6,,0.0,,0.0,,2.6,,0.0,,1.7,,0.0,,1.4,,0.0,,0.0,,0.0,,0.0,,0.0,,1.8,,0.0,,0.0,,0.5,,0.0,,1.3,,0.0,,2.7,,0.0,,7.7,,0.0,,0.0,,0.0,,4.5,,0.0,,3.0,,2.1,,0.0,,1.6,,0.0,
2005-10-02,997.9,999.0,1008.4,2005-10-02T23:44:00,983.3,2005-10-02T05:41:00,28.5,32.9,2005-10-02T06:09:00,26.1,2005-10-02T09:49:00,23.3,74,47,2005-10-02T04:23:00,2.8,210,21.1,200,2005-10-02T06:25:00,6.0,6.5,1.0,2005-10-02T04:33:00,2.0,2005-10-02T09:33:00,2.3,19.5,9.6,-1.5,28.4,28.9,28.8,29.6,29.6,28.7,,,,,,,9.0,,25.4,2005-10-02T11:14:00,,,,19.2,2005-10-02T04:24:00,,,,,,,1.9,2005-10-02T12:00:00,,,,,,,,,,,,,,88,2005-10-02T10:27:00,,,,,,1009.5,2005-10-02T23:44:00,,,,984.4,2005-10-02T05:41:00,,,,,,,,,,,,,,,,,,,6.8,29.5,7.2,2005-10-02T12:00:00,,,,15.0,,,0,,0,,0,,0,,0,,0,,0,,0,,1,,0,,0,,0,,0,,0,,0,,0,,0,,0,,0,,1,,2,,5,,3,,2,,0,,1,,0,,1,,2,,2,,1,,2,,0,,0,,0,,0,,1,,0,,,200,,,9.4,2005-10-02T06:27:00,,,0.0,,0.0,,0.0,,0.0,,0.0,,0.0,,0.0,,0.0,,0.5,,0.0,,0.0,,0.0,,0.0,,0.0,,0.0,,0.0,,0.0,,0.0,,0.0,,1.3,,9.9,,21.1,,13.3,,7.8,,0.0,,2.2,,0.0,,0.8,,2.5,,2.2,,1.8,,2.5,,0.0,,0.0,,0.0,,0.0,,1.1,,0.0,
2005-10-03,1009.8,1010.9,1013.2,2005-10-03T23:15:00,1007.4,2005-10-03T03:02:00,28.1,31.5,2005-10-03T11:22:00,24.6,2005-10-03T23:19:00,23.7,77,67,2005-10-03T11:21:00,1.2,310,9.3,130,2005-10-03T23:05:00,23.0,1.9,11.5,2005-10-03T23:04:00,22.0,2005-10-03T22:52:00,7.4,62.7,20.87,-3.9,30.0,30.1,29.9,29.8,29.2,28.4,,,,,,,6.3,,25.4,2005-10-03T10:00:00,,,,22.4,2005-10-03T04:21:00,,,,,,,3.59,2005-10-03T12:00:00,,,,,,,,,,,,,,91,2005-10-03T23:31:00,,,,,,1014.3,2005-10-03T23:15:00,,,,1008.5,2005-10-03T03:02:00,,,,,,,,,,,,,,,,,,,6.9,29.6,11.3,2005-10-03T12:00:00,,,,18.4,,,0,,0,,0,,0,,0,,0,,2,,0,,0,,0,,0,,0,,0,,0,,2,,1,,3,,1,,2,,1,,0,,0,,0,,0,,0,,0,,0,,0,,0,,0,,0,,5,,2,,3,,1,,0,,1,,0,,,130,,,4.3,2005-10-03T23:14:00,,,0.0,,0.0,,0.0,,0.0,,0.0,,0.0,,2.9,,0.0,,0.0,,0.0,,0.0,,0.0,,0.0,,0.0,,4.3,,0.4,,5.3,,0.7,,3.0,,2.2,,0.0,,0.0,,0.0,,0.0,,0.0,,0.0,,0.0,,0.0,,0.0,,0.0,,0.0,,5.3,,2.4,,1.6,,0.8,,0.0,,0.9,,0.0,
2005-10-04,1011.4,1012.5,1013.1,2005-10-04T00:01:00,1009.8,2005-10-04T03:57:00,27.8,31.4,2005-10-04T11:48:00,24.9,2005-10-04T00:15:00,23.8,79,68,2005-10-04T11:02:00,1.6,60,6.4,30,2005-10-04T14:26:00,3.0,1.9,0.8,2005-10-04T00:10:00,2.0,2005-10-04T00:01:00,4.9,41.6,17.95,3.6,29.7,29.8,29.6,29.7,29.4,28.4,,,,,,,6.9,,26.0,2005-10-04T14:18:00,,,,21.9,2005-10-04T05:36:00,,,,,,,3.5,2005-10-04T12:00:00,,,,,,,,,,,,,,91,2005-10-04T00:54:00,,,,,,1014.2,2005-10-04T00:01:00,,,,1010.9,2005-10-04T03:57:00,,,,,,,,,,,,,,,,,,,6.5,29.8,12.3,2005-10-04T12:00:00,,,,19.0,,,0,,2,,0,,0,,2,,4,,5,,0,,0,,0,,0,,0,,0,,0,,0,,0,,0,,0,,0,,0,,0,,0,,0,,0,,0,,0,,0,,0,,0,,0,,0,,4,,2,,1,,1,,0,,3,,0,,,60,,,3.5,2005-10-04T14:28:00,,,0.0,,2.0,,0.0,,0.0,,5.1,,8.5,,10.3,,0.0,,0.0,,0.0,,0.0,,0.0,,0.0,,0.0,,0.0,,0.0,,0.0,,0.0,,0.0,,0.0,,0.0,,0.0,,0.0,,0.0,,0.0,,0.0,,0.0,,0.0,,0.0,,0.0,,0.0,,5.9,,2.5,,0.7,,0.3,,0.0,,3.4,,0.0,
2005-10-05,1011.6,1012.7,1013.0,2005-10-05T09:11:00,1009.5,2005-10-05T15:28:00,28.4,32.0,2005-10-05T11:56:00,25.5,2005-10-05T05:38:00,22.7,72,59,2005-10-05T08:22:00,2.0,340,7.5,20,2005-10-05T18:39:00,0.0,0.0,0.0,,0.0,,10.5,89.3,23.63,5.1,30.4,30.3,30.1,30.1,29.5,28.7,,,,,,,3.5,,25.3,2005-10-05T10:24:00,,,,19.0,2005-10-05T06:57:00,,,,,,,3.6,2005-10-05T12:00:00,,,,,,,,,,,,,,81,2005-10-05T00:02:00,,,,,,1014.1,2005-10-05T09:11:00,,,,1010.6,2005-10-05T15:28:00,,,,,,,,,,,,,,,,,,,6.5,29.9,11.4,2005-10-05T12:00:00,,,,19.4,,,0,,0,,0,,0,,3,,4,,1,,4,,0,,0,,0,,0,,0,,0,,0,,0,,0,,0,,0,,0,,0,,0,,0,,0,,0,,0,,0,,0,,0,,0,,0,,0,,1,,2,,6,,2,,1,,0,,,50,,,3.6,2005-10-05T13:35:00,,,0.0,,0.0,,0.0,,0.0,,7.6,,11.4,,3.0,,10.7,,0.0,,0.0,,0.0,,0.0,,0.0,,0.0,,0.0,,0.0,,0.0,,0.0,,0.0,,0.0,,0.0,,0.0,,0.0,,0.0,,0.0,,0.0,,0.0,,0.0,,0.0,,0.0,,0.0,,0.0,,1.1,,2.3,,8.5,,1.2,,1.2,,0.0,
2005-10-06,1011.4,1012.5,1012.9,2005-10-06T07:56:00,1009.5,2005-10-06T14:51:00,28.4,32.0,2005-10-06T12:11:00,25.7,2005-10-06T05:05:00,23.0,73,62,2005-10-06T08:55:00,1.9,330,7.6,70,2005-10-06T13:27:00,0.0,0.0,0.0,,0.0,,10.3,87.8,23.18,5.8,30.7,30.5,30.4,30.3,29.6,28.7,,,,,,,4.4,,25.5,2005-10-06T13:16:00,,,,20.7,2005-10-06T06:45:00,,,,,,,3.6,2005-10-06T12:00:00,,,,,,,,,,,,,,79,2005-10-06T01:21:00,,,,,,1014.0,2005-10-06T07:56:00,,,,1010.6,2005-10-06T14:51:00,,,,,,,,,,,,,,,,,,,6.3,30.3,11.2,2005-10-06T12:00:00,,,,20.1,,,0,,0,,1,,2,,1,,1,,6,,2,,0,,0,,0,,0,,0,,0,,0,,0,,0,,0,,0,,0,,0,,0,,0,,0,,0,,0,,0,,0,,0,,0,,0,,0,,0,,8,,2,,0,,1,,0,,,70,,,3.9,2005-10-06T13:34:00,,,0.0,,0.0,,0.8,,4.3,,2.8,,2.4,,17.8,,5.9,,0.0,,0.0,,0.0,,0.0,,0.0,,0.0,,0.0,,0.0,,0.0,,0.0,,0.0,,0.0,,0.0,,0.0,,0.0,,0.0,,0.0,,0.0,,0.0,,0.0,,0.0,,0.0,,0.0,,0.0,,0.0,,7.7,,2.5,,0.0,,0.8,,0.0,
2005-10-07,1010.5,1011.6,1011.8,2005-10-07T09:27:00,1008.7,2005-10-07T13:48:00,27.6,31.1,2005-10-07T10:33:00,25.2,2005-10-07T23:19:00,22.9,76,63,2005-10-07T10:32:00,2.0,50,10.9,40,2005-10-07T22:58:00,14.0,1.5,9.0,2005-10-07T23:01:00,14.0,2005-10-07T22:43:00,3.1,26.5,14.05,-2.6,29.9,29.9,29.7,30.1,29.7,28.7,,,,,,,8.0,,25.8,2005-10-07T11:26:00,,,,21.7,2005-10-07T07:42:00,,,,,,,2.86,2005-10-07T12:00:00,,,,,,,,,,,,,,90,2005-10-07T23:11:00,,,,,,1012.9,2005-10-07T09:27:00,,,,1009.8,2005-10-07T13:48:00,,,,,,,,,,,,,,,,,,,5.9,30.0,9.4,2005-10-07T12:00:00,,,,19.4,,,0,,0,,1,,2,,2,,4,,2,,0,,0,,0,,0,,0,,0,,0,,0,,0,,0,,0,,0,,0,,0,,0,,0,,0,,0,,0,,0,,0,,0,,0,,0,,0,,0,,4,,2,,3,,4,,0,,,60,,,4.6,2005-10-07T14:40:00,,,0.0,,0.0,,2.2,,5.1,,7.9,,12.7,,6.7,,0.0,,0.0,,0.0,,0.0,,0.0,,0.0,,0.0,,0.0,,0.0,,0.0,,0.0,,0.0,,0.0,,0.0,,0.0,,0.0,,0.0,,0.0,,0.0,,0.0,,0.0,,0.0,,0.0,,0.0,,0.0,,0.0,,4.3,,2.0,,2.4,,4.8,,0.0,
2005-10-08,1011.9,1013.0,1013.5,2005-10-08T09:11:00,1009.9,2005-10-08T05:34:00,26.1,28.9,2005-10-08T12:55:00,23.3,2005-10-08T03:58:00,22.6,81,73,2005-10-08T13:31:00,2.2,40,11.5,30,2005-10-08T14:10:00,31.0,6.4,5.0,2005-10-08T03:21:00,17.0,2005-10-08T02:52:00,0.2,1.7,8.6,-99.5,27.8,27.8,27.9,28.8,29.6,28.7,,,,,,,9.9,,24.5,2005-10-08T12:52:00,,,,21.0,2005-10-08T23:50:00,,,,,,,1.85,2005-10-08T14:00:00,,,,,,,,,,,,,,92,2005-10-08T03:49:00,,,,,,1014.6,2005-10-08T09:11:00,,,,1011.0,2005-10-08T05:34:00,,,,,,,,,,,,,,,,,,,5.6,29.4,6.6,2005-10-08T13:00:00,,,,14.9,,,0,,2,,0,,2,,8,,2,,0,,0,,0,,0,,0,,0,,0,,0,,0,,0,,0,,0,,0,,0,,0,,0,,0,,0,,0,,0,,0,,0,,0,,0,,0,,0,,2,,0,,2,,3,,3,,0,,,40,,,5.6,2005-10-08T17:16:00,,,0.0,,1.4,,0.0,,6.7,,28.2,,5.8,,0.0,,0.0,,0.0,,0.0,,0.0,,0.0,,0.0,,0.0,,0.0,,0.0,,0.0,,0.0,,0.0,,0.0,,0.0,,0.0,,0.0,,0.0,,0.0,,0.0,,0.0,,0.0,,0.0,,0.0,,0.0,,0.0,,1.3,,0.0,,2.3,,3.7,,4.3,,0.0,
2005-10-09,1013.1,1014.2,1014.8,2005-10-09T09:43:00,1011.3,2005-10-09T14:06:00,26.0,29.8,2005-10-09T11:15:00,22.4,2005-10-09T04:06:00,21.6,77,63,2005-10-09T11:08:00,2.4,40,13.9,30,2005-10-09T15:05:00,10.5,4.6,3.5,2005-10-09T03:50:00,8.5,2005-10-09T03:40:00,0.8,6.9,13.49,-2.7,27.9,28.0,28.0,28.4,28.9,28.6,,,,,,,9.8,,23.4,2005-10-09T09:52:00,,,,20.1,2005-10-09T04:07:00,,,,,,,2.2,2005-10-09T11:00:00,,,,,,,,,,,,,,91,2005-10-09T04:39:00,,,,,,1015.9,2005-10-09T09:43:00,,,,1012.4,2005-10-09T14:06:00,,,,,,,,,,,,,,,,,,,7.4,28.7,7.4,2005-10-09T11:00:00,,,,18.1,,,0,,0,,2,,1,,7,,1,,0,,0,,0,,0,,0,,0,,0,,0,,0,,0,,0,,0,,0,,0,,0,,0,,0,,0,,0,,0,,0,,0,,0,,0,,0,,0,,0,,1,,5,,3,,4,,0,,,40,,,5.8,2005-10-09T15:36:00,,,0.0,,0.0,,4.9,,2.5,,26.4,,5.0,,0.0,,0.0,,0.0,,0.0,,0.0,,0.0,,0.0,,0.0,,0.0,,0.0,,0.0,,0.0,,0.0,,0.0,,0.0,,0.0,,0.0,,0.0,,0.0,,0.0,,0.0,,0.0,,0.0,,0.0,,0.0,,0.0,,0.0,,1.5,,6.9,,3.1,,6.6,,0.0,
2005-10-10,1012.9,1014.0,1014.4,2005-10-10T08:23:00,1011.0,2005-10-10T13:56:00,26.8,30.5,2005-10-10T11:02:00,23.4,2005-10-10T04:00:00,21.8,74,63,2005-10-10T18:30:00,2.6,50,12.3,40,2005-10-10T02:27:00,6.5,1.9,2.5,2005-10-10T02:35:00,6.0,2005-10-10T02:06:00,7.3,62.7,19.58,-4.9,28.9,28.7,28.5,28.7,28.9,28.7,,,,,,,5.9,,24.4,2005-10-10T14:11:00,,,,18.5,2005-10-10T21:19:00,,,,,,,3.35,2005-10-10T12:00:00,,,,,,,,,,,,,,90,2005-10-10T02:57:00,,,,,,1015.5,2005-10-10T08:23:00,,,,1012.1,2005-10-10T13:56:00,,,,,,,,,,,,,,,,,,,7.1,28.8,10.7,2005-10-10T12:00:00,,,,17.4,,,1,,0,,1,,2,,2,,7,,1,,0,,0,,0,,0,,0,,0,,0,,0,,0,,0,,0,,0,,0,,0,,0,,0,,0,,0,,0,,0,,0,,0,,0,,0,,1,,3,,0,,3,,2,,1,,0,,,40,,,6.0,2005-10-10T02:36:00,,,0.1,,0.0,,2.7,,6.7,,8.9,,29.8,,3.7,,0.0,,0.0,,0.0,,0.0,,0.0,,0.0,,0.0,,0.0,,0.0,,0.0,,0.0,,0.0,,0.0,,0.0,,0.0,,0.0,,0.0,,0.0,,0.0,,0.0,,0.0,,0.0,,0.0,,0.0,,0.9,,3.5,,0.0,,3.0,,1.6,,1.7,,0.0,
2005-10-11,1012.6,1013.7,1014.1,2005-10-11T07:51:00,1010.6,2005-10-11T14:03:00,26.9,30.2,2005-10-11T11:53:00,23.5,2005-10-11T01:07:00,20.8,70,61,2005-10-11T11:33:00,3.2,50,13.4,30,2005-10-11T14:47:00,3.0,1.4,1.0,2005-10-11T00:21:00,2.5,2005-10-11T00:05:00,10.1,86.9,21.94,5.9,29.1,28.5,28.5,28.7,28.8,28.2,,,,,,,6.1,,22.8,2005-10-11T10:19:00,,,,18.6,2005-10-11T20:49:00,,,,,,,3.28,2005-10-11T12:00:00,,,,,,,,,,,,,,90,2005-10-11T00:58:00,,,,,,1015.2,2005-10-11T07:51:00,,,,1011.7,2005-10-11T14:03:00,,,,,,,,,,,,,,,,,,,6.7,28.9,10.5,2005-10-11T12:00:00,,,,19.1,,,0,,1,,0,,4,,4,,6,,1,,0,,0,,0,,0,,0,,0,,0,,0,,0,,0,,0,,0,,0,,0,,0,,0,,0,,0,,0,,0,,0,,0,,0,,0,,0,,2,,3,,2,,0,,1,,0,,,50,,,5.8,2005-10-11T14:52:00,,,0.0,,1.5,,0.0,,11.5,,18.1,,30.7,,4.6,,0.0,,0.0,,0.0,,0.0,,0.0,,0.0,,0.0,,0.0,,0.0,,0.0,,0.0,,0.0,,0.0,,0.0,,0.0,,0.0,,0.0,,0.0,,0.0,,0.0,,0.0,,0.0,,0.0,,0.0,,0.0,,2.7,,2.6,,2.8,,0.0,,1.5,,0.0,
2005-10-12,1010.8,1011.9,1013.0,2005-10-12T00:01:00,1008.8,2005-10-12T14:26:00,27.4,31.2,2005-10-12T10:42:00,23.6,2005-10-12T05:29:00,20.7,67,53,2005-10-12T09:02:00,2.2,50,10.2,70,2005-10-12T14:43:00,0.0,0.0,0.0,,0.0,,9.9,85.3,21.75,5.0,28.6,28.5,28.2,28.6,28.8,28.2,,,,,,,3.6,,23.4,2005-10-12T18:59:00,,,,17.9,2005-10-12T06:58:00,,,,,,,3.25,2005-10-12T12:00:00,,,,,,,,,,,,,,80,2005-10-12T19:01:00,,,,,,1014.1,2005-10-12T00:01:00,,,,1009.9,2005-10-12T14:26:00,,,,,,,,,,,,,,,,,,,7.6,28.9,9.7,2005-10-12T12:00:00,,,,21.3,,,0,,0,,0,,1,,4,,6,,0,,0,,0,,0,,0,,0,,0,,0,,0,,0,,0,,0,,0,,0,,0,,0,,0,,0,,0,,0,,0,,0,,0,,0,,0,,1,,0,,3,,5,,2,,2,,0,,,60,,,4.8,2005-10-12T14:11:00,,,0.0,,0.0,,0.0,,2.5,,13.5,,21.0,,0.0,,0.0,,0.0,,0.0,,0.0,,0.0,,0.0,,0.0,,0.0,,0.0,,0.0,,0.0,,0.0,,0.0,,0.0,,0.0,,0.0,,0.0,,0.0,,0.0,,0.0,,0.0,,0.0,,0.0,,0.0,,1.2,,0.0,,3.5,,6.4,,2.5,,2.0,,0.0,
2005-10-13,1010.3,1011.4,1011.8,2005-10-13T09:19:00,1008.3,2005-10-13T14:16:00,27.7,31.9,2005-10-13T11:34:00,25.0,2005-10-13T05:51:00,22.0,71,60,2005-10-13T10:52:00,1.8,50,11.1,30,2005-10-13T15:30:00,0.0,0.0,0.0,,0.0,,6.3,54.4,18.19,4.2,28.9,28.7,28.7,28.7,28.8,28.2,,,,,,,5.4,,24.9,2005-10-13T14:02:00,,,,19.6,2005-10-13T07:11:00,,,,,,,3.43,2005-10-13T12:00:00,,,,,,,,,,,,,,82,2005-10-13T18:43:00,,,,,,1012.9,2005-10-13T09:19:00,,,,1009.4,2005-10-13T14:16:00,,,,,,,,,,,,,,,,,,,6.9,28.9,9.9,2005-10-13T12:00:00,,,,19.4,,,0,,0,,1,,0,,0,,6,,1,,0,,0,,0,,0,,0,,0,,0,,0,,0,,0,,0,,0,,0,,0,,0,,0,,0,,0,,0,,0,,1,,0,,1,,1,,0,,2,,2,,6,,1,,2,,0,,,50,,,5.3,2005-10-13T14:36:00,,,0.0,,0.0,,1.6,,0.0,,0.0,,22.2,,3.8,,0.0,,0.0,,0.0,,0.0,,0.0,,0.0,,0.0,,0.0,,0.0,,0.0,,0.0,,0.0,,0.0,,0.0,,0.0,,0.0,,0.0,,0.0,,0.0,,0.0,,1.6,,0.0,,0.3,,1.3,,0.0,,2.7,,1.7,,5.4,,0.7,,2.4,,0.0,
2005-10-14,1010.1,1011.2,1011.8,2005-10-14T09:15:00,1008.2,2005-10-14T14:09:00,27.2,31.1,2005-10-14T12:46:00,24.7,2005-10-14T05:47:00,20.6,68,51,2005-10-14T13:03:00,2.0,60,11.9,50,2005-10-14T11:50:00,0.0,0.0,0.0,,0.0,,9.6,83.0,21.05,3.4,28.5,28.4,28.6,28.8,29.0,28.3,,,,,,,3.6,,22.9,2005-10-14T09:34:00,,,,19.1,2005-10-14T13:03:00,,,,,,,3.0,2005-10-14T13:00:00,,,,,,,,,,,,,,78,2005-10-14T01:56:00,,,,,,1012.9,2005-10-14T09:15:00,,,,1009.3,2005-10-14T14:09:00,,,,,,,,,,,,,,,,,,,6.4,29.0,9.0,2005-10-14T12:00:00,,,,17.3,,,0,,0,,1,,0,,2,,3,,6,,0,,0,,0,,0,,0,,0,,0,,0,,0,,0,,0,,0,,0,,0,,0,,0,,0,,0,,0,,0,,0,,0,,0,,0,,0,,6,,2,,2,,0,,2,,0,,,50,,,5.1,2005-10-14T11:27:00,,,0.0,,0.0,,1.2,,0.0,,3.8,,7.0,,22.6,,0.0,,0.0,,0.0,,0.0,,0.0,,0.0,,0.0,,0.0,,0.0,,0.0,,0.0,,0.0,,0.0,,0.0,,0.0,,0.0,,0.0,,0.0,,0.0,,0.0,,0.0,,0.0,,0.0,,0.0,,0.0,,6.5,,3.5,,2.8,,0.0,,1.5,,0.0,
2005-10-15,1011.1,1012.2,1013.8,2005-10-15T21:40:00,1009.4,2005-10-15T02:39:00,26.2,30.3,2005-10-15T09:54:00,23.7,2005-10-15T05:43:00,20.3,70,59,2005-10-15T13:01:00,2.8,40,13.6,40,2005-10-15T18:28:00,0.0,0.0,0.0,,0.0,,5.9,51.1,17.24,7.0,27.8,28.0,28.2,28.7,28.8,28.2,,,,,,,6.3,,22.7,2005-10-15T09:54:00,,,,19.0,2005-10-15T23:54:00,,,,,,,3.0,2005-10-15T13:00:00,,,,,,,,,,,,,,80,2005-10-15T04:46:00,,,,,,1014.9,2005-10-15T21:40:00,,,,1010.5,2005-10-15T02:39:00,,,,,,,,,,,,,,,,,,,6.6,28.9,9.1,2005-10-15T12:00:00,,,,17.1,,,0,,1,,0,,0,,6,,5,,1,,0,,0,,0,,0,,0,,0,,0,,0,,0,,0,,0,,0,,0,,0,,0,,0,,0,,0,,0,,0,,0,,0,,0,,0,,2,,4,,3,,0,,2,,0,,0,,,40,,,6.2,2005-10-15T19:13:00,,,0.0,,1.8,,0.0,,0.0,,26.8,,21.5,,3.4,,0.0,,0.0,,0.0,,0.0,,0.0,,0.0,,0.0,,0.0,,0.0,,0.0,,0.0,,0.0,,0.0,,0.0,,0.0,,0.0,,0.0,,0.0,,0.0,,0.0,,0.0,,0.0,,0.0,,0.0,,2.6,,4.5,,3.2,,0.0,,2.5,,0.0,,0.0,
2005-10-16,1013.4,1014.5,1015.1,2005-10-16T21:42:00,1011.1,2005-10-16T14:48:00,25.1,28.8,2005-10-16T12:30:00,23.3,2005-10-16T05:52:00,18.0,65,53,2005-10-16T12:59:00,1.9,330,10.6,40,2005-10-16T16:28:00,0.0,0.0,0.0,,0.0,,1.3,11.3,11.98,4.4,26.0,26.6,26.9,28.0,28.6,28.2,,,,,,,10.0,,19.3,2005-10-16T00:01:00,,,,17.0,2005-10-16T20:22:00,,,,,,,2.39,2005-10-16T13:00:00,,,,,,,,,,,,,,76,2005-10-16T00:01:00,,,,,,1016.2,2005-10-16T21:42:00,,,,1012.2,2005-10-16T14:48:00,,,,,,,,,,,,,,,,,,,5.5,28.4,7.0,2005-10-16T13:00:00,,,,17.3,,,0,,1,,0,,1,,5,,0,,1,,0,,0,,0,,0,,0,,0,,0,,0,,0,,0,,0,,0,,0,,0,,0,,0,,0,,0,,0,,0,,0,,0,,0,,0,,0,,2,,6,,5,,3,,0,,0,,,50,,,4.3,2005-10-16T15:22:00,,,0.0,,2.3,,0.0,,2.2,,17.2,,0.0,,3.5,,0.0,,0.0,,0.0,,0.0,,0.0,,0.0,,0.0,,0.0,,0.0,,0.0,,0.0,,0.0,,0.0,,0.0,,0.0,,0.0,,0.0,,0.0,,0.0,,0.0,,0.0,,0.0,,0.0,,0.0,,0.0,,2.4,,7.8,,7.2,,3.3,,0.0,,0.0,
2005-10-17,1015.2,1016.3,1017.8,2005-10-17T22:42:00,1013.1,2005-10-17T14:53:00,25.6,29.3,2005-10-17T12:54:00,23.2,2005-10-17T06:06:00,18.0,63,50,2005-10-17T12:53:00,2.7,50,12.7,40,2005-10-17T16:38:00,0.0,0.0,0.0,,0.0,,4.2,36.5,15.88,3.9,26.8,26.7,27.0,27.3,28.2,28.1,,,,,,,9.5,,19.2,2005-10-17T15:07:00,,,,16.7,2005-10-17T22:34:00,,,,,,,2.69,2005-10-17T13:00:00,,,,,,,,,,,,,,72,2005-10-17T06:04:00,,,,,,1018.9,2005-10-17T22:42:00,,,,1014.2,2005-10-17T14:53:00,,,,,,,,,,,,,,,,,,,6.1,28.1,7.4,2005-10-17T13:00:00,,,,16.4,,,0,,0,,1,,2,,4,,7,,0,,0,,0,,0,,0,,0,,0,,0,,0,,0,,0,,0,,0,,0,,0,,0,,0,,0,,0,,0,,0,,0,,0,,0,,0,,0,,1,,7,,2,,0,,0,,0,,,50,,,5.2,2005-10-17T16:35:00,,,0.0,,0.0,,3.4,,8.8,,15.7,,25.1,,0.0,,0.0,,0.0,,0.0,,0.0,,0.0,,0.0,,0.0,,0.0,,0.0,,0.0,,0.0,,0.0,,0.0,,0.0,,0.0,,0.0,,0.0,,0.0,,0.0,,0.0,,0.0,,0.0,,0.0,,0.0,,0.0,,1.3,,9.1,,1.5,,0.0,,0.0,,0.0,
2005-10-18,1016.6,1017.7,1017.9,2005-10-18T09:07:00,1014.9,2005-10-18T14:40:00,25.2,29.6,2005-10-18T12:16:00,22.1,2005-10-18T06:01:00,16.6,59,48,2005-10-18T12:31:00,2.6,330,14.4,40,2005-10-18T15:38:00,0.0,0.0,0.0,,0.0,,8.7,75.8,18.65,4.7,26.0,26.2,26.9,27.1,28.0,27.9,,,,,,,4.4,,19.3,2005-10-18T14:59:00,,,,15.0,2005-10-18T06:30:00,,,,,,,2.88,2005-10-18T13:00:00,,,,,,,,,,,,,,70,2005-10-18T00:01:00,,,,,,1019.0,2005-10-18T09:07:00,,,,1016.0,2005-10-18T14:40:00,,,,,,,,,,,,,,,,,,,7.5,27.2,7.6,2005-10-18T13:00:00,,,,16.6,,,0,,1,,0,,1,,1,,6,,0,,0,,0,,0,,0,,0,,0,,0,,0,,0,,0,,0,,0,,0,,0,,0,,0,,0,,0,,0,,0,,0,,0,,0,,0,,0,,0,,7,,4,,2,,2,,0,,,50,,,7.2,2005-10-18T15:48:00,,,0.0,,1.6,,0.0,,3.3,,5.7,,32.5,,0.0,,0.0,,0.0,,0.0,,0.0,,0.0,,0.0,,0.0,,0.0,,0.0,,0.0,,0.0,,0.0,,0.0,,0.0,,0.0,,0.0,,0.0,,0.0,,0.0,,0.0,,0.0,,0.0,,0.0,,0.0,,0.0,,0.0,,8.7,,4.6,,2.1,,3.3,,0.0,
2005-10-19,1015.9,1017.0,1017.5,2005-10-19T09:17:00,1014.2,2005-10-19T14:29:00,25.2,29.4,2005-10-19T11:12:00,21.4,2005-10-19T05:14:00,17.1,61,53,2005-10-19T09:32:00,3.1,330,14.5,70,2005-10-19T12:18:00,0.0,0.0,0.0,,0.0,,8.8,76.8,19.19,6.5,25.3,25.6,26.0,26.5,27.6,27.7,,,,,,,2.4,,20.3,2005-10-19T12:56:00,,,,14.4,2005-10-19T06:12:00,,,,,,,2.98,2005-10-19T12:00:00,,,,,,,,,,,,,,67,2005-10-19T19:32:00,,,,,,1018.6,2005-10-19T09:17:00,,,,1015.3,2005-10-19T14:29:00,,,,,,,,,,,,,,,,,,,8.0,27.1,8.2,2005-10-19T12:00:00,,,,17.0,,,0,,0,,1,,0,,2,,6,,0,,0,,0,,0,,0,,0,,0,,0,,0,,0,,0,,0,,0,,0,,0,,0,,0,,0,,0,,0,,0,,0,,0,,0,,0,,0,,1,,8,,3,,1,,2,,0,,,50,,,6.6,2005-10-19T12:53:00,,,0.0,,0.0,,4.1,,0.0,,10.4,,34.1,,0.0,,0.0,,0.0,,0.0,,0.0,,0.0,,0.0,,0.0,,0.0,,0.0,,0.0,,0.0,,0.0,,0.0,,0.0,,0.0,,0.0,,0.0,,0.0,,0.0,,0.0,,0.0,,0.0,,0.0,,0.0,,0.0,,1.8,,15.0,,4.2,,1.1,,3.1,,0.0,
2005-10-20,1015.0,1016.1,1016.8,2005-10-20T08:21:00,1013.3,2005-10-20T14:30:00,25.8,30.6,2005-10-20T11:43:00,22.1,2005-10-20T05:59:00,18.8,65,53,2005-10-20T08:55:00,2.6,330,11.9,50,2005-10-20T16:38:00,0.0,0.0,0.0,,0.0,,8.9,77.8,19.04,3.7,25.6,25.9,26.1,26.4,27.1,27.3,,,,,,,5.5,,21.8,2005-10-20T14:07:00,,,,15.3,2005-10-20T06:20:00,,,,,,,2.98,2005-10-20T13:00:00,,,,,,,,,,,,,,76,2005-10-20T23:22:00,,,,,,1017.9,2005-10-20T08:21:00,,,,1014.4,2005-10-20T14:30:00,,,,,,,,,,,,,,,,,,,8.5,26.9,8.5,2005-10-20T12:00:00,,,,19.4,,,0,,0,,0,,0,,4,,6,,0,,0,,0,,0,,0,,0,,0,,0,,0,,0,,0,,0,,0,,0,,0,,0,,0,,0,,0,,0,,0,,0,,0,,0,,0,,0,,0,,7,,3,,2,,2,,0,,,60,,,5.6,2005-10-20T13:40:00,,,0.0,,0.0,,0.0,,0.0,,14.5,,25.3,,0.0,,0.0,,0.0,,0.0,,0.0,,0.0,,0.0,,0.0,,0.0,,0.0,,0.0,,0.0,,0.0,,0.0,,0.0,,0.0,,0.0,,0.0,,0.0,,0.0,,0.0,,0.0,,0.0,,0.0,,0.0,,0.0,,0.0,,12.5,,5.1,,2.4,,2.5,,0.0,
2005-10-21,1014.4,1015.5,1015.5,2005-10-21T21:04:00,1013.1,2005-10-21T15:04:00,26.3,31.0,2005-10-21T11:03:00,23.8,2005-10-21T02:28:00,20.3,70,51,2005-10-21T11:02:00,2.1,50,9.6,60,2005-10-21T15:21:00,0.0,0.0,0.0,,0.0,,3.0,26.3,12.82,4.1,26.3,26.5,26.5,26.6,27.1,27.2,,,,,,,9.0,,22.2,2005-10-21T13:16:00,,,,19.0,2005-10-21T10:42:00,,,,,,,2.44,2005-10-21T13:00:00,,,,,,,,,,,,,,81,2005-10-21T02:19:00,,,,,,1016.6,2005-10-21T21:04:00,,,,1014.2,2005-10-21T15:04:00,,,,,,,,,,,,,,,,,,,7.2,27.0,7.5,2005-10-21T12:00:00,,,,18.8,,,0,,0,,0,,4,,1,,4,,2,,1,,0,,0,,0,,0,,0,,0,,0,,0,,0,,0,,0,,0,,0,,0,,0,,0,,0,,0,,0,,0,,0,,0,,0,,0,,2,,3,,4,,2,,1,,0,,,50,,,4.6,2005-10-21T17:18:00,,,0.0,,0.0,,0.0,,6.7,,3.0,,15.5,,5.8,,2.3,,0.0,,0.0,,0.0,,0.0,,0.0,,0.0,,0.0,,0.0,,0.0,,0.0,,0.0,,0.0,,0.0,,0.0,,0.0,,0.0,,0.0,,0.0,,0.0,,0.0,,0.0,,0.0,,0.0,,0.0,,2.1,,5.8,,4.8,,2.5,,1.2,,0.0,
2005-10-22,1016.3,1017.4,1018.5,2005-10-22T21:36:00,1014.5,2005-10-22T14:07:00,25.0,29.1,2005-10-22T11:22:00,22.4,2005-10-22T23:53:00,18.6,68,57,2005-10-22T10:26:00,2.5,50,15.7,60,2005-10-22T14:43:00,0.0,0.0,0.0,,0.0,,2.2,19.3,12.08,3.4,25.9,25.9,26.2,26.6,27.3,27.2,,,,,,,9.6,,21.0,2005-10-22T13:04:00,,,,16.5,2005-10-22T23:49:00,,,,,,,2.61,2005-10-22T12:00:00,,,,,,,,,,,,,,78,2005-10-22T02:27:00,,,,,,1019.6,2005-10-22T21:36:00,,,,1015.6,2005-10-22T14:07:00,,,,,,,,,,,,,,,,,,,6.7,27.0,7.4,2005-10-22T12:00:00,,,,17.3,,,0,,1,,0,,1,,3,,5,,0,,0,,0,,0,,0,,0,,0,,0,,0,,0,,0,,0,,0,,0,,0,,0,,0,,0,,0,,0,,0,,0,,0,,0,,0,,0,,1,,4,,3,,3,,3,,0,,,50,,,6.7,2005-10-22T14:23:00,,,0.0,,1.0,,0.0,,2.7,,13.1,,25.7,,0.0,,0.0,,0.0,,0.0,,0.0,,0.0,,0.0,,0.0,,0.0,,0.0,,0.0,,0.0,,0.0,,0.0,,0.0,,0.0,,0.0,,0.0,,0.0,,0.0,,0.0,,0.0,,0.0,,0.0,,0.0,,0.0,,1.3,,5.3,,3.9,,4.2,,3.6,,0.0,
2005-10-23,1016.9,1018.0,1018.5,2005-10-23T09:20:00,1015.4,2005-10-23T15:05:00,23.7,27.9,2005-10-23T11:41:00,21.2,2005-10-23T04:08:00,17.2,67,56,2005-10-23T10:19:00,2.1,330,10.3,20,2005-10-23T12:30:00,0.0,0.0,0.0,,0.0,,3.9,34.3,13.95,4.2,24.9,25.2,25.5,26.1,27.1,27.1,,,,,,,8.8,,19.3,2005-10-23T13:07:00,,,,15.8,2005-10-23T05:38:00,,,,,,,2.73,2005-10-23T13:00:00,,,,,,,,,,,,,,74,2005-10-23T02:39:00,,,,,,1019.6,2005-10-23T09:20:00,,,,1016.5,2005-10-23T15:05:00,,,,,,,,,,,,,,,,,,,6.7,26.6,7.9,2005-10-23T13:00:00,,,,18.1,,,0,,1,,1,,1,,1,,6,,0,,0,,0,,0,,0,,0,,0,,0,,0,,0,,0,,0,,0,,0,,0,,0,,0,,0,,0,,0,,0,,0,,0,,0,,0,,0,,3,,8,,2,,1,,0,,0,,,50,,,4.8,2005-10-23T12:11:00,,,0.0,,1.5,,1.4,,3.0,,2.8,,22.7,,0.0,,0.0,,0.0,,0.0,,0.0,,0.0,,0.0,,0.0,,0.0,,0.0,,0.0,,0.0,,0.0,,0.0,,0.0,,0.0,,0.0,,0.0,,0.0,,0.0,,0.0,,0.0,,0.0,,0.0,,0.0,,0.0,,4.2,,9.9,,3.0,,1.5,,0.0,,0.0,
2005-10-24,1016.8,1017.9,1018.5,2005-10-24T08:49:00,1015.4,2005-10-24T14:49:00,24.3,28.9,2005-10-24T12:24:00,21.4,2005-10-24T04:12:00,18.3,70,56,2005-10-24T10:56:00,2.1,50,9.1,30,2005-10-24T13:05:00,0.0,0.0,0.0,,0.0,,4.1,36.1,15.17,3.1,25.2,25.6,25.7,26.1,26.9,27.1,,,,,,,7.0,,20.4,2005-10-24T15:23:00,,,,16.4,2005-10-24T05:18:00,,,,,,,2.95,2005-10-24T12:00:00,,,,,,,,,,,,,,78,2005-10-24T23:40:00,,,,,,1019.6,2005-10-24T08:49:00,,,,1016.5,2005-10-24T14:49:00,,,,,,,,,,,,,,,,,,,7.5,26.5,8.4,2005-10-24T12:00:00,,,,17.3,,,0,,2,,1,,0,,2,,7,,1,,0,,0,,0,,0,,0,,0,,0,,0,,0,,0,,0,,0,,0,,0,,0,,0,,0,,0,,0,,0,,0,,0,,0,,0,,0,,3,,3,,4,,0,,1,,0,,,50,,,4.3,2005-10-24T12:02:00,,,0.0,,3.6,,1.3,,0.0,,5.6,,22.9,,4.0,,0.0,,0.0,,0.0,,0.0,,0.0,,0.0,,0.0,,0.0,,0.0,,0.0,,0.0,,0.0,,0.0,,0.0,,0.0,,0.0,,0.0,,0.0,,0.0,,0.0,,0.0,,0.0,,0.0,,0.0,,0.0,,3.5,,3.5,,4.9,,0.0,,1.2,,0.0,
2005-10-25,1016.2,1017.3,1017.6,2005-10-25T08:44:00,1014.3,2005-10-25T14:06:00,25.6,29.5,2005-10-25T13:54:00,21.7,2005-10-25T05:43:00,19.5,69,58,2005-10-25T09:46:00,1.5,320,5.9,110,2005-10-25T12:37:00,0.0,0.0,0.0,,0.0,,10.4,91.7,20.21,4.1,26.5,26.7,27.2,26.4,27.0,27.0,,,,,,,2.4,,21.9,2005-10-25T12:36:00,,,,17.0,2005-10-25T07:02:00,,,,,,,3.0,2005-10-25T13:00:00,,,,,,,,,,,,,,79,2005-10-25T04:25:00,,,,,,1018.7,2005-10-25T08:44:00,,,,1015.4,2005-10-25T14:06:00,,,,,,,,,,,,,,,,,,,7.8,26.6,8.5,2005-10-25T12:00:00,,,,18.8,,,0,,1,,0,,2,,0,,0,,0,,2,,0,,2,,2,,2,,0,,0,,0,,0,,0,,0,,0,,0,,0,,0,,0,,0,,0,,0,,0,,0,,0,,0,,0,,1,,5,,3,,2,,1,,1,,0,,,110,,,3.4,2005-10-25T12:21:00,,,0.0,,1.1,,0.0,,1.3,,0.0,,0.0,,0.0,,3.4,,0.0,,4.6,,5.3,,5.4,,0.0,,0.0,,0.0,,0.0,,0.0,,0.0,,0.0,,0.0,,0.0,,0.0,,0.0,,0.0,,0.0,,0.0,,0.0,,0.0,,0.0,,0.0,,0.0,,1.3,,4.5,,3.8,,2.6,,1.7,,1.3,,0.0,
2005-10-26,1015.9,1017.0,1017.2,2005-10-26T21:34:00,1014.0,2005-10-26T14:41:00,26.5,30.6,2005-10-26T13:28:00,22.9,2005-10-26T06:16:00,20.7,70,59,2005-10-26T09:17:00,2.1,320,8.5,50,2005-10-26T19:16:00,0.0,0.0,0.0,,0.0,,8.0,70.7,19.04,4.8,27.5,27.3,27.1,26.9,27.3,26.8,,,,,,,5.1,,22.9,2005-10-26T11:03:00,,,,17.6,2005-10-26T06:29:00,,,,,,,3.0,2005-10-26T12:00:00,,,,,,,,,,,,,,77,2005-10-26T01:02:00,,,,,,1018.3,2005-10-26T21:34:00,,,,1015.1,2005-10-26T14:41:00,,,,,,,,,,,,,,,,,,,7.7,27.1,8.9,2005-10-26T12:00:00,,,,18.8,,,0,,0,,0,,1,,2,,2,,3,,2,,1,,0,,0,,0,,0,,0,,0,,0,,0,,0,,0,,0,,0,,0,,0,,0,,0,,0,,0,,0,,0,,0,,0,,2,,6,,1,,2,,0,,2,,0,,,40,,,4.4,2005-10-26T19:28:00,,,0.0,,0.0,,0.0,,2.5,,6.1,,6.2,,8.5,,5.3,,3.1,,0.0,,0.0,,0.0,,0.0,,0.0,,0.0,,0.0,,0.0,,0.0,,0.0,,0.0,,0.0,,0.0,,0.0,,0.0,,0.0,,0.0,,0.0,,0.0,,0.0,,0.0,,0.0,,2.2,,8.8,,1.4,,2.5,,0.0,,2.7,,0.0,
2005-10-27,1016.4,1017.5,1017.5,2005-10-27T08:49:00,1015.1,2005-10-27T14:29:00,27.0,30.9,2005-10-27T13:11:00,24.1,2005-10-27T06:24:00,21.6,72,62,2005-10-27T08:42:00,1.6,330,8.1,60,2005-10-27T10:26:00,0.0,0.0,0.0,,0.0,,5.6,49.6,15.55,2.7,27.6,27.7,27.5,27.4,27.6,26.9,,,,,,,5.8,,24.4,2005-10-27T13:35:00,,,,19.3,2005-10-27T06:44:00,,,,,,,2.6,2005-10-27T11:00:00,,,,,,,,,,,,,,78,2005-10-27T05:19:00,,,,,,1018.6,2005-10-27T08:49:00,,,,1016.2,2005-10-27T14:29:00,,,,,,,,,,,,,,,,,,,6.8,27.6,7.1,2005-10-27T11:00:00,,,,21.3,,,1,,1,,0,,1,,1,,3,,4,,0,,1,,0,,0,,0,,0,,0,,0,,0,,0,,0,,0,,0,,0,,0,,0,,0,,0,,0,,0,,0,,0,,0,,0,,0,,1,,8,,2,,0,,1,,0,,,60,,,3.9,2005-10-27T13:02:00,,,0.2,,0.7,,0.0,,1.4,,2.1,,8.7,,12.0,,0.0,,2.6,,0.0,,0.0,,0.0,,0.0,,0.0,,0.0,,0.0,,0.0,,0.0,,0.0,,0.0,,0.0,,0.0,,0.0,,0.0,,0.0,,0.0,,0.0,,0.0,,0.0,,0.0,,0.0,,0.0,,0.9,,7.5,,1.7,,0.0,,1.2,,0.0,
2005-10-28,1014.9,1016.0,1017.2,2005-10-28T09:30:00,1013.1,2005-10-28T14:54:00,27.0,31.1,2005-10-28T11:07:00,24.4,2005-10-28T05:11:00,21.6,72,58,2005-10-28T09:12:00,1.4,330,7.0,80,2005-10-28T12:19:00,0.0,0.0,0.0,,0.0,,6.0,53.2,16.16,4.4,27.6,27.9,27.7,27.5,27.8,27.1,,,,,,,4.6,,24.2,2005-10-28T12:17:00,,,,18.9,2005-10-28T07:35:00,,,,,,,3.01,2005-10-28T12:00:00,,,,,,,,,,,,,,79,2005-10-28T01:49:00,,,,,,1018.3,2005-10-28T09:30:00,,,,1014.2,2005-10-28T14:54:00,,,,,,,,,,,,,,,,,,,6.7,27.8,9.1,2005-10-28T12:00:00,,,,19.4,,,0,,1,,0,,1,,0,,1,,2,,4,,0,,1,,0,,0,,0,,0,,0,,0,,0,,0,,0,,0,,0,,0,,0,,0,,0,,0,,0,,0,,0,,0,,0,,1,,4,,5,,3,,1,,0,,0,,,90,,,4.1,2005-10-28T12:36:00,,,0.0,,0.9,,0.0,,0.9,,0.0,,2.5,,4.8,,7.5,,0.0,,2.1,,0.0,,0.0,,0.0,,0.0,,0.0,,0.0,,0.0,,0.0,,0.0,,0.0,,0.0,,0.0,,0.0,,0.0,,0.0,,0.0,,0.0,,0.0,,0.0,,0.0,,0.0,,1.7,,4.9,,5.5,,2.4,,0.3,,0.0,,0.0,
2005-10-29,1012.8,1013.9,1014.7,2005-10-29T08:30:00,1010.2,2005-10-29T14:06:00,26.5,30.9,2005-10-29T12:43:00,23.8,2005-10-29T04:50:00,20.7,71,57,2005-10-29T10:38:00,2.2,60,12.4,30,2005-10-29T22:49:00,0.0,0.0,0.0,,0.0,,7.0,62.2,16.93,3.8,27.6,27.6,27.4,27.4,28.0,27.2,,,,,,,4.4,,23.8,2005-10-29T12:50:00,,,,17.8,2005-10-29T06:45:00,,,,,,,3.03,2005-10-29T13:00:00,,,,,,,,,,,,,,78,2005-10-29T18:04:00,,,,,,1015.8,2005-10-29T08:30:00,,,,1011.3,2005-10-29T14:06:00,,,,,,,,,,,,,,,,,,,7.1,27.8,8.4,2005-10-29T13:00:00,,,,20.0,,,0,,1,,1,,1,,2,,3,,4,,1,,1,,0,,0,,0,,0,,0,,0,,0,,0,,0,,0,,0,,0,,0,,0,,0,,0,,0,,0,,0,,0,,0,,0,,2,,3,,1,,3,,0,,1,,0,,,40,,,5.8,2005-10-29T22:58:00,,,0.0,,1.8,,1.9,,1.7,,9.6,,8.7,,9.7,,3.1,,2.5,,0.0,,0.0,,0.0,,0.0,,0.0,,0.0,,0.0,,0.0,,0.0,,0.0,,0.0,,0.0,,0.0,,0.0,,0.0,,0.0,,0.0,,0.0,,0.0,,0.0,,0.0,,0.0,,2.8,,4.6,,1.2,,3.7,,0.0,,1.2,,0.0,
2005-10-30,1015.1,1016.2,1017.9,2005-10-30T21:06:00,1013.0,2005-10-30T02:30:00,23.9,27.3,2005-10-30T09:35:00,21.1,2005-10-30T23:48:00,18.5,72,62,2005-10-30T09:35:00,2.5,340,13.6,40,2005-10-30T10:47:00,0.4,2.7,0.2,2005-10-30T20:20:00,0.4,2005-10-30T20:20:00,0.1,0.9,6.25,-1.3,25.5,25.9,26.2,26.9,28.0,27.3,,,,,,,9.3,,20.6,2005-10-30T09:58:00,,,,16.8,2005-10-30T23:59:00,,,,,,,1.47,2005-10-30T10:00:00,,,,,,,,,,,,,,80,2005-10-30T20:38:00,,,,,,1019.0,2005-10-30T21:06:00,,,,1014.1,2005-10-30T02:30:00,,,,,,,,,,,,,,,,,,,6.2,27.6,4.0,2005-10-30T10:00:00,,,,17.5,,,0,,1,,1,,4,,3,,1,,0,,0,,0,,0,,0,,0,,0,,0,,0,,0,,0,,0,,0,,0,,0,,0,,0,,0,,0,,0,,0,,0,,0,,0,,0,,0,,0,,4,,7,,2,,1,,0,,,50,,,5.8,2005-10-30T11:55:00,,,0.0,,1.2,,3.2,,16.5,,15.4,,3.7,,0.0,,0.0,,0.0,,0.0,,0.0,,0.0,,0.0,,0.0,,0.0,,0.0,,0.0,,0.0,,0.0,,0.0,,0.0,,0.0,,0.0,,0.0,,0.0,,0.0,,0.0,,0.0,,0.0,,0.0,,0.0,,0.0,,0.0,,5.1,,8.9,,3.8,,1.7,,0.0,
2005-10-31,1018.3,1019.4,1020.1,2005-10-31T09:29:00,1016.6,2005-10-31T02:28:00,22.1,25.3,2005-10-31T12:34:00,19.5,2005-10-31T04:07:00,16.3,70,60,2005-10-31T13:59:00,1.8,340,11.6,40,2005-10-31T12:10:00,3.0,7.8,0.5,2005-10-31T02:15:00,1.5,2005-10-31T02:01:00,0.0,0.0,8.49,3.3,23.6,24.6,25.0,25.9,27.2,27.2,,,,,,,10.0,,17.9,2005-10-31T12:24:00,,,,15.0,2005-10-31T19:18:00,,,,,,,1.54,2005-10-31T11:00:00,,,,,,,,,,,,,,86,2005-10-31T02:45:00,,,,,,1021.2,2005-10-31T09:29:00,,,,1017.8,2005-10-31T02:28:00,,,,,,,,,,,,,,,,,,,5.8,26.6,5.1,2005-10-31T12:00:00,,,,17.6,,,0,,2,,1,,1,,1,,0,,0,,0,,0,,0,,0,,0,,0,,0,,0,,0,,0,,0,,0,,0,,0,,0,,0,,0,,0,,0,,0,,0,,0,,0,,0,,0,,0,,5,,6,,6,,2,,0,,,40,,,6.1,2005-10-31T12:09:00,,,0.0,,4.0,,2.5,,3.6,,5.5,,0.0,,0.0,,0.0,,0.0,,0.0,,0.0,,0.0,,0.0,,0.0,,0.0,,0.0,,0.0,,0.0,,0.0,,0.0,,0.0,,0.0,,0.0,,0.0,,0.0,,0.0,,0.0,,0.0,,0.0,,0.0,,0.0,,0.0,,0.0,,7.4,,8.7,,7.2,,3.9,,0.0,
2005-11-01,1017.5,1018.6,1019.0,2005-11-01T08:23:00,1015.8,2005-11-01T15:01:00,24.2,27.9,2005-11-01T13:07:00,21.6,2005-11-01T03:17:00,17.8,68,57,2005-11-01T10:37:00,2.3,330,10.7,30,2005-11-01T11:04:00,1.8,0.2,1.8,2005-11-01T20:15:00,1.8,2005-11-01T20:15:00,0.1,0.9,9.93,-3.9,24.5,24.6,24.8,25.4,26.6,26.9,,,,,,,10.0,,20.5,2005-11-01T20:25:00,,,,14.7,2005-11-01T03:51:00,,,,,,,1.83,2005-11-01T11:00:00,,,,,,,,,,,,,,82,2005-11-01T20:29:00,,,,,,1020.1,2005-11-01T08:23:00,,,,1016.9,2005-11-01T15:01:00,,,,,,,,,,,,,,,,,,,6.3,26.0,5.7,2005-11-01T13:00:00,,,,18.8,,,0,,1,,0,,1,,4,,4,,0,,0,,0,,0,,0,,0,,0,,0,,0,,0,,0,,0,,0,,0,,0,,0,,0,,0,,0,,0,,0,,0,,0,,0,,0,,0,,1,,5,,3,,3,,2,,0,,,50,,,4.8,2005-11-01T11:11:00,,,0.0,,1.9,,0.0,,3.1,,15.4,,15.2,,0.0,,0.0,,0.0,,0.0,,0.0,,0.0,,0.0,,0.0,,0.0,,0.0,,0.0,,0.0,,0.0,,0.0,,0.0,,0.0,,0.0,,0.0,,0.0,,0.0,,0.0,,0.0,,0.0,,0.0,,0.0,,0.0,,1.2,,8.0,,3.5,,4.1,,3.7,,0.0,
2005-11-02,1016.5,1017.6,1018.3,2005-11-02T07:53:00,1014.7,2005-11-02T15:07:00,25.6,29.5,2005-11-02T11:15:00,22.6,2005-11-02T03:46:00,19.6,69,61,2005-11-02T12:52:00,2.3,60,9.0,70,2005-11-02T10:54:00,0.0,0.0,0.0,,0.0,,6.4,57.2,16.75,3.0,25.7,25.9,25.8,25.9,26.3,26.7,,,,,,,7.4,,22.1,2005-11-02T11:15:00,,,,17.6,2005-11-02T06:13:00,,,,,,,2.98,2005-11-02T12:00:00,,,,,,,,,,,,,,79,2005-11-02T02:58:00,,,,,,1019.4,2005-11-02T07:53:00,,,,1015.8,2005-11-02T15:07:00,,,,,,,,,,,,,,,,,,,6.9,26.1,8.9,2005-11-02T12:00:00,,,,18.1,,,0,,1,,0,,3,,3,,1,,6,,1,,0,,0,,0,,0,,0,,0,,0,,0,,0,,0,,0,,0,,0,,0,,0,,0,,0,,0,,0,,0,,0,,0,,0,,0,,0,,4,,3,,2,,0,,0,,,50,,,4.0,2005-11-02T10:58:00,,,0.0,,1.3,,0.0,,8.6,,8.6,,2.5,,16.8,,3.3,,0.0,,0.0,,0.0,,0.0,,0.0,,0.0,,0.0,,0.0,,0.0,,0.0,,0.0,,0.0,,0.0,,0.0,,0.0,,0.0,,0.0,,0.0,,0.0,,0.0,,0.0,,0.0,,0.0,,0.0,,0.0,,6.6,,4.3,,2.1,,0.0,,0.0,
2005-11-03,1015.9,1017.0,1017.6,2005-11-03T08:49:00,1014.2,2005-11-03T15:05:00,25.8,29.8,2005-11-03T11:20:00,22.4,2005-11-03T06:09:00,19.2,67,53,2005-11-03T10:15:00,2.0,330,7.8,60,2005-11-03T14:27:00,0.0,0.0,0.0,,0.0,,10.0,89.5,18.4,4.1,26.2,26.2,26.2,26.2,26.6,26.5,,,,,,,3.6,,21.4,2005-11-03T13:46:00,,,,15.9,2005-11-03T06:35:00,,,,,,,3.0,2005-11-03T12:00:00,,,,,,,,,,,,,,77,2005-11-03T23:49:00,,,,,,1018.7,2005-11-03T08:49:00,,,,1015.3,2005-11-03T15:05:00,,,,,,,,,,,,,,,,,,,7.4,26.4,9.0,2005-11-03T12:00:00,,,,18.8,,,0,,0,,0,,1,,2,,1,,4,,2,,0,,0,,0,,0,,0,,0,,0,,0,,0,,0,,0,,0,,0,,0,,0,,0,,0,,0,,0,,0,,0,,0,,0,,0,,2,,9,,2,,1,,0,,0,,,60,,,3.8,2005-11-03T13:03:00,,,0.0,,0.0,,0.0,,1.5,,5.5,,3.4,,11.7,,6.2,,0.0,,0.0,,0.0,,0.0,,0.0,,0.0,,0.0,,0.0,,0.0,,0.0,,0.0,,0.0,,0.0,,0.0,,0.0,,0.0,,0.0,,0.0,,0.0,,0.0,,0.0,,0.0,,0.0,,0.0,,2.8,,14.4,,1.6,,0.9,,0.0,,0.0,
2005-11-04,1014.8,1015.9,1016.5,2005-11-04T09:06:00,1013.1,2005-11-04T14:55:00,26.1,29.8,2005-11-04T11:50:00,22.6,2005-11-04T06:09:00,19.7,68,59,2005-11-04T09:11:00,1.8,320,6.5,50,2005-11-04T12:34:00,0.0,0.0,0.0,,0.0,,10.1,90.6,19.68,3.8,26.6,26.6,26.5,26.4,26.9,26.7,,,,,,,2.8,,22.2,2005-11-04T11:29:00,,,,16.5,2005-11-04T06:39:00,,,,,,,3.02,2005-11-04T12:00:00,,,,,,,,,,,,,,77,2005-11-04T00:07:00,,,,,,1017.6,2005-11-04T09:06:00,,,,1014.2,2005-11-04T14:55:00,,,,,,,,,,,,,,,,,,,7.2,26.6,9.2,2005-11-04T12:00:00,,,,17.9,,,0,,0,,0,,2,,0,,1,,4,,2,,2,,0,,0,,0,,0,,0,,0,,0,,0,,0,,0,,0,,0,,0,,0,,0,,0,,0,,0,,0,,0,,0,,0,,0,,6,,5,,1,,1,,0,,0,,,70,,,3.3,2005-11-04T14:19:00,,,0.0,,0.0,,0.0,,3.2,,0.0,,2.8,,9.4,,5.6,,5.0,,0.0,,0.0,,0.0,,0.0,,0.0,,0.0,,0.0,,0.0,,0.0,,0.0,,0.0,,0.0,,0.0,,0.0,,0.0,,0.0,,0.0,,0.0,,0.0,,0.0,,0.0,,0.0,,0.0,,9.1,,6.5,,0.9,,1.2,,0.0,,0.0,
2005-11-05,1012.8,1013.9,1014.7,2005-11-05T08:46:00,1010.8,2005-11-05T15:03:00,26.3,30.0,2005-11-05T13:02:00,22.9,2005-11-05T05:23:00,20.2,69,57,2005-11-05T08:53:00,1.3,310,4.6,320,2005-11-05T02:56:00,0.0,0.0,0.0,,0.0,,7.4,66.5,17.73,7.1,26.8,27.0,26.8,26.7,27.1,26.7,,,,,,,4.9,,23.0,2005-11-05T13:14:00,,,,16.4,2005-11-05T07:05:00,,,,,,,3.0,2005-11-05T12:00:00,,,,,,,,,,,,,,79,2005-11-05T23:52:00,,,,,,1015.8,2005-11-05T08:46:00,,,,1011.9,2005-11-05T15:03:00,,,,,,,,,,,,,,,,,,,7.1,27.0,9.2,2005-11-05T12:00:00,,,,19.8,,,0,,0,,0,,0,,0,,0,,0,,0,,0,,0,,0,,0,,1,,1,,4,,2,,0,,0,,0,,0,,2,,0,,0,,0,,0,,0,,1,,0,,0,,0,,1,,6,,5,,0,,1,,0,,0,,0,,,130,,,2.7,2005-11-05T12:02:00,,,0.0,,0.0,,0.0,,0.0,,0.0,,0.0,,0.0,,0.0,,0.0,,0.0,,0.0,,0.0,,1.8,,2.6,,8.2,,1.8,,0.0,,0.0,,0.0,,0.0,,1.9,,0.0,,0.0,,0.0,,0.0,,0.0,,1.0,,0.0,,0.0,,0.0,,0.5,,6.4,,6.9,,0.0,,0.9,,0.0,,0.0,,0.0,
2005-11-06,1011.7,1012.8,1012.8,2005-11-06T20:42:00,1009.8,2005-11-06T13:45:00,26.5,30.2,2005-11-06T11:53:00,23.0,2005-11-06T05:37:00,21.7,75,62,2005-11-06T08:50:00,1.2,310,5.4,170,2005-11-06T11:41:00,0.0,0.0,0.0,,0.0,,6.7,60.3,16.14,6.1,27.0,27.4,27.2,26.9,27.3,26.7,,,,,,,4.1,,23.5,2005-11-06T12:15:00,,,,18.5,2005-11-06T06:19:00,,,,,,,3.0,2005-11-06T12:00:00,,,,,,,,,,,,,,83,2005-11-06T02:14:00,,,,,,1013.9,2005-11-06T20:42:00,,,,1010.9,2005-11-06T13:45:00,,,,,,,,,,,,,,,,,,,7.2,27.1,8.9,2005-11-06T12:00:00,,,,20.0,,,1,,0,,0,,1,,0,,0,,0,,0,,0,,0,,1,,0,,0,,0,,0,,1,,1,,1,,3,,1,,0,,0,,0,,0,,0,,1,,0,,0,,0,,0,,1,,7,,2,,1,,0,,1,,1,,0,,,180,,,2.9,2005-11-06T12:01:00,,,0.1,,0.0,,0.0,,0.4,,0.0,,0.0,,0.0,,0.0,,0.0,,0.0,,1.0,,0.0,,0.0,,0.0,,0.0,,0.9,,0.7,,2.7,,6.2,,1.6,,0.0,,0.0,,0.0,,0.0,,0.0,,1.1,,0.0,,0.0,,0.0,,0.0,,1.7,,8.6,,1.1,,0.5,,0.0,,0.8,,0.3,,0.0,
2005-11-07,1013.4,1014.5,1014.9,2005-11-07T20:21:00,1012.2,2005-11-07T02:09:00,26.8,30.3,2005-11-07T12:52:00,24.3,2005-11-07T05:36:00,21.8,74,64,2005-11-07T08:50:00,1.2,310,5.0,150,2005-11-07T14:24:00,0.0,0.0,0.0,,0.0,,7.4,66.7,17.29,3.9,26.6,27.2,27.6,28.3,27.6,26.7,,,,,,,2.6,,24.1,2005-11-07T12:59:00,,,,19.0,2005-11-07T07:00:00,,,,,,,3.0,2005-11-07T13:00:00,,,,,,,,,,,,,,82,2005-11-07T00:23:00,,,,,,1016.0,2005-11-07T20:21:00,,,,1013.3,2005-11-07T02:09:00,,,,,,,,,,,,,,,,,,,6.0,28.6,8.8,2005-11-07T12:00:00,,,,18.5,,,0,,0,,0,,0,,0,,0,,0,,0,,0,,0,,0,,1,,3,,2,,0,,0,,1,,0,,1,,0,,0,,0,,0,,0,,0,,0,,1,,0,,0,,0,,3,,6,,3,,2,,1,,0,,0,,0,,,110,,,3.0,2005-11-07T11:19:00,,,0.0,,0.0,,0.0,,0.0,,0.0,,0.0,,0.0,,0.0,,0.0,,0.0,,0.0,,2.2,,5.9,,3.7,,0.0,,0.0,,1.9,,0.0,,1.1,,0.0,,0.0,,0.0,,0.0,,0.0,,0.0,,0.0,,0.4,,0.0,,0.0,,0.0,,2.2,,6.2,,3.4,,1.6,,0.9,,0.0,,0.0,,0.0,
2005-11-08,1014.4,1015.5,1015.8,2005-11-08T21:28:00,1012.8,2005-11-08T02:48:00,27.0,30.7,2005-11-08T11:50:00,24.1,2005-11-08T05:55:00,21.4,72,54,2005-11-08T08:50:00,1.4,320,5.3,40,2005-11-08T20:57:00,0.0,0.0,0.0,,0.0,,7.3,65.9,16.36,4.2,27.7,28.0,27.6,27.5,27.6,27.3,,,,,,,4.6,,23.6,2005-11-08T12:45:00,,,,17.8,2005-11-08T07:20:00,,,,,,,2.88,2005-11-08T12:00:00,,,,,,,,,,,,,,83,2005-11-08T20:10:00,,,,,,1016.9,2005-11-08T21:28:00,,,,1013.9,2005-11-08T02:48:00,,,,,,,,,,,,,,,,,,,6.6,27.8,8.9,2005-11-08T12:00:00,,,,20.6,,,0,,0,,0,,1,,1,,0,,2,,0,,1,,0,,0,,0,,1,,1,,1,,2,,1,,0,,1,,0,,0,,0,,0,,0,,0,,0,,0,,0,,0,,0,,1,,4,,6,,0,,0,,0,,1,,0,,,140,,,3.4,2005-11-08T11:13:00,,,0.0,,0.0,,0.0,,1.6,,1.5,,0.0,,3.1,,0.0,,1.1,,0.0,,0.0,,0.0,,1.6,,1.4,,2.3,,4.5,,1.7,,0.0,,2.2,,0.0,,0.0,,0.0,,0.0,,0.0,,0.0,,0.0,,0.0,,0.0,,0.0,,0.0,,1.4,,4.3,,5.7,,0.0,,0.0,,0.0,,0.9,,0.0,
2005-11-09,1013.6,1014.7,1015.4,2005-11-09T09:08:00,1012.2,2005-11-09T14:41:00,26.7,29.9,2005-11-09T12:06:00,23.7,2005-11-09T04:33:00,21.9,75,63,2005-11-09T08:43:00,1.3,310,6.5,160,2005-11-09T12:40:00,0.0,0.0,0.0,,0.0,,5.0,45.2,17.07,5.1,27.9,28.1,27.8,27.6,27.9,27.1,,,,,,,3.8,,24.0,2005-11-09T11:54:00,,,,20.1,2005-11-09T06:40:00,,,,,,,3.0,2005-11-09T13:00:00,,,,,,,,,,,,,,89,2005-11-09T04:33:00,,,,,,1016.5,2005-11-09T09:08:00,,,,1013.3,2005-11-09T14:41:00,,,,,,,,,,,,,,,,,,,6.2,27.9,9.5,2005-11-09T12:00:00,,,,20.6,,,0,,0,,0,,0,,0,,0,,0,,0,,0,,0,,0,,0,,0,,0,,0,,0,,1,,3,,3,,0,,0,,1,,0,,1,,0,,0,,0,,1,,0,,0,,1,,5,,4,,2,,0,,1,,1,,0,,,180,,,3.0,2005-11-09T11:18:00,,,0.0,,0.0,,0.0,,0.0,,0.0,,0.0,,0.0,,0.0,,0.0,,0.0,,0.0,,0.0,,0.0,,0.0,,0.0,,0.0,,1.3,,6.1,,5.1,,0.0,,0.0,,1.2,,0.0,,1.3,,0.0,,0.0,,0.0,,1.5,,0.0,,0.0,,1.6,,5.8,,4.1,,1.6,,0.0,,0.4,,0.9,,0.0,
2005-11-10,1012.0,1013.1,1014.2,2005-11-10T00:01:00,1009.7,2005-11-10T16:24:00,26.2,30.1,2005-11-10T12:16:00,23.3,2005-11-10T05:56:00,20.9,73,62,2005-11-10T08:24:00,1.4,310,6.9,170,2005-11-10T13:11:00,0.0,0.0,0.0,,0.0,,5.7,51.6,17.32,2.5,27.2,27.5,27.4,27.4,28.0,27.1,,,,,,,3.6,,24.0,2005-11-10T11:48:00,,,,18.0,2005-11-10T04:58:00,,,,,,,3.0,2005-11-10T12:00:00,,,,,,,,,,,,,,84,2005-11-10T01:08:00,,,,,,1015.3,2005-11-10T00:01:00,,,,1010.8,2005-11-10T16:24:00,,,,,,,,,,,,,,,,,,,6.8,27.8,9.4,2005-11-10T12:00:00,,,,18.8,,,0,,0,,0,,0,,0,,0,,0,,0,,0,,0,,0,,0,,0,,1,,1,,0,,1,,1,,1,,3,,0,,0,,0,,0,,0,,1,,0,,0,,1,,1,,0,,6,,4,,2,,0,,0,,0,,1,,,150,,,2.8,2005-11-10T11:28:00,,,0.0,,0.0,,0.0,,0.0,,0.0,,0.0,,0.0,,0.0,,0.0,,0.0,,0.0,,0.0,,0.0,,1.9,,2.1,,0.0,,1.7,,2.6,,2.6,,5.0,,0.0,,0.0,,0.0,,0.0,,0.0,,0.7,,0.0,,0.0,,0.6,,0.9,,0.0,,7.7,,5.4,,2.5,,0.0,,0.0,,0.0,,0.8,
2005-11-11,1011.4,1012.5,1014.5,2005-11-11T00:03:00,1008.6,2005-11-11T13:19:00,26.3,30.0,2005-11-11T11:34:00,22.7,2005-11-11T05:53:00,20.7,72,54,2005-11-11T10:35:00,1.2,310,6.0,300,2005-11-11T03:22:00,4.5,1.0,1.0,2005-11-11T22:58:00,4.0,2005-11-11T22:45:00,2.6,23.6,10.77,-2.2,26.9,27.2,27.0,27.2,27.9,27.2,,,,,,,6.9,,23.9,2005-11-11T23:28:00,,,,15.5,2005-11-11T08:04:00,,,,,,,2.08,2005-11-11T13:00:00,,,,,,,,,,,,,,91,2005-11-11T23:32:00,,,,,,1015.6,2005-11-11T00:03:00,,,,1009.7,2005-11-11T13:19:00,,,,,,,,,,,,,,,,,,,7.3,27.6,6.7,2005-11-11T13:00:00,,,,19.8,,,2,,3,,0,,0,,0,,0,,0,,0,,1,,0,,0,,0,,2,,3,,0,,0,,0,,0,,0,,0,,0,,0,,0,,0,,0,,0,,0,,0,,0,,0,,0,,5,,4,,2,,0,,1,,1,,0,,,130,,,2.5,2005-11-11T12:30:00,,,0.3,,2.4,,0.0,,0.0,,0.0,,0.0,,0.0,,0.0,,0.8,,0.0,,0.0,,0.0,,3.9,,4.2,,0.0,,0.0,,0.0,,0.0,,0.0,,0.0,,0.0,,0.0,,0.0,,0.0,,0.0,,0.0,,0.0,,0.0,,0.0,,0.0,,0.0,,6.1,,5.8,,3.0,,0.0,,0.4,,1.0,,0.0,
2005-11-12,1013.1,1014.2,1014.8,2005-11-12T09:12:00,1010.5,2005-11-12T01:03:00,24.5,25.5,2005-11-12T00:05:00,23.7,2005-11-12T05:29:00,22.3,88,82,2005-11-12T22:42:00,1.2,40,9.1,20,2005-11-12T12:01:00,37.5,12.8,5.5,2005-11-12T03:42:00,14.0,2005-11-12T03:30:00,0.0,0.0,4.15,-1.1,25.7,26.3,26.5,26.9,27.6,26.8,,,,,,,9.8,,23.8,2005-11-12T01:46:00,,,,21.0,2005-11-12T22:56:00,,,,,,,0.6,2005-11-12T16:00:00,,,,,,,,,,,,,,94,2005-11-12T04:03:00,,,,,,1015.9,2005-11-12T09:12:00,,,,1011.6,2005-11-12T01:03:00,,,,,,,,,,,,,,,,,,,1.8,27.5,2.0,2005-11-12T14:00:00,,,,13.4,,,2,,1,,1,,1,,5,,5,,1,,0,,0,,0,,0,,0,,0,,0,,0,,0,,0,,0,,0,,0,,0,,0,,0,,0,,0,,0,,0,,1,,0,,0,,0,,2,,0,,0,,3,,1,,1,,0,,,40,,,4.3,2005-11-12T12:10:00,,,0.1,,1.0,,1.4,,0.6,,10.6,,7.5,,2.3,,0.0,,0.0,,0.0,,0.0,,0.0,,0.0,,0.0,,0.0,,0.0,,0.0,,0.0,,0.0,,0.0,,0.0,,0.0,,0.0,,0.0,,0.0,,0.0,,0.0,,0.6,,0.0,,0.0,,0.0,,2.0,,0.0,,0.0,,2.0,,0.4,,1.0,,0.0,
2005-11-13,1012.4,1013.5,1014.5,2005-11-13T09:15:00,1010.5,2005-11-13T14:40:00,25.9,29.8,2005-11-13T11:54:00,22.9,2005-11-13T02:16:00,21.9,79,65,2005-11-13T13:40:00,1.2,310,5.3,300,2005-11-13T04:39:00,5.5,2.5,1.5,2005-11-13T00:59:00,3.0,2005-11-13T00:40:00,5.2,47.3,13.95,1.8,26.8,26.9,26.9,27.1,27.1,26.8,,,,,,,6.6,,24.2,2005-11-13T12:07:00,,,,20.6,2005-11-13T05:57:00,,,,,,,2.78,2005-11-13T13:00:00,,,,,,,,,,,,,,93,2005-11-13T01:42:00,,,,,,1015.6,2005-11-13T09:15:00,,,,1011.6,2005-11-13T14:40:00,,,,,,,,,,,,,,,,,,,6.9,27.2,8.4,2005-11-13T13:00:00,,,,19.4,,,0,,0,,1,,0,,0,,1,,0,,0,,0,,0,,1,,3,,0,,2,,0,,1,,1,,0,,0,,0,,0,,0,,0,,0,,0,,0,,1,,0,,0,,0,,0,,6,,1,,1,,2,,2,,1,,0,,,310,,,2.8,2005-11-13T04:43:00,,,0.0,,0.0,,1.1,,0.0,,0.0,,1.3,,0.0,,0.0,,0.0,,0.0,,1.1,,4.3,,0.0,,3.7,,0.0,,0.7,,1.6,,0.0,,0.0,,0.0,,0.0,,0.0,,0.0,,0.0,,0.0,,0.0,,1.0,,0.0,,0.0,,0.0,,0.0,,7.5,,0.3,,1.5,,1.2,,2.2,,0.5,,0.0,
2005-11-14,1011.6,1012.7,1013.3,2005-11-14T08:51:00,1009.6,2005-11-14T14:26:00,25.8,29.1,2005-11-14T11:21:00,24.2,2005-11-14T01:45:00,20.3,72,60,2005-11-14T14:48:00,2.2,40,12.8,30,2005-11-14T12:52:00,0.0,0.0,0.0,,0.0,,3.0,27.3,12.44,4.9,26.3,26.9,26.9,27.0,27.5,26.9,,,,,,,7.1,,23.9,2005-11-14T09:19:00,,,,17.6,2005-11-14T23:00:00,,,,,,,2.93,2005-11-14T12:00:00,,,,,,,,,,,,,,84,2005-11-14T00:01:00,,,,,,1014.4,2005-11-14T08:51:00,,,,1010.7,2005-11-14T14:26:00,,,,,,,,,,,,,,,,,,,4.9,27.3,9.0,2005-11-14T12:00:00,,,,17.6,,,0,,1,,0,,1,,5,,4,,0,,0,,0,,0,,0,,0,,0,,0,,0,,0,,0,,0,,0,,0,,0,,0,,0,,0,,0,,0,,0,,0,,0,,0,,0,,1,,1,,5,,3,,0,,3,,0,,,50,,,5.5,2005-11-14T12:54:00,,,0.0,,1.3,,0.0,,3.1,,18.3,,18.7,,0.0,,0.0,,0.0,,0.0,,0.0,,0.0,,0.0,,0.0,,0.0,,0.0,,0.0,,0.0,,0.0,,0.0,,0.0,,0.0,,0.0,,0.0,,0.0,,0.0,,0.0,,0.0,,0.0,,0.0,,0.0,,0.8,,0.5,,4.9,,2.6,,0.0,,2.5,,0.0,
2005-11-15,1011.5,1012.6,1013.8,2005-11-15T21:55:00,1009.1,2005-11-15T13:48:00,25.0,28.6,2005-11-15T10:04:00,22.6,2005-11-15T23:53:00,18.6,68,60,2005-11-15T11:19:00,2.6,50,15.4,30,2005-11-15T15:22:00,0.0,0.0,0.0,,0.0,,6.3,57.4,15.59,4.1,25.9,26.3,26.4,26.7,27.3,27.0,,,,,,,7.4,,21.1,2005-11-15T12:40:00,,,,16.4,2005-11-15T23:41:00,,,,,,,2.82,2005-11-15T12:00:00,,,,,,,,,,,,,,76,2005-11-15T04:51:00,,,,,,1014.9,2005-11-15T21:55:00,,,,1010.2,2005-11-15T13:48:00,,,,,,,,,,,,,,,,,,,6.0,27.2,8.2,2005-11-15T12:00:00,,,,21.3,,,0,,1,,0,,1,,3,,5,,0,,0,,0,,0,,0,,0,,0,,0,,0,,0,,0,,0,,0,,0,,0,,0,,0,,0,,0,,0,,0,,0,,0,,0,,0,,1,,1,,3,,5,,2,,2,,0,,,50,,,6.6,2005-11-15T13:02:00,,,0.0,,1.1,,0.0,,3.1,,14.4,,27.6,,0.0,,0.0,,0.0,,0.0,,0.0,,0.0,,0.0,,0.0,,0.0,,0.0,,0.0,,0.0,,0.0,,0.0,,0.0,,0.0,,0.0,,0.0,,0.0,,0.0,,0.0,,0.0,,0.0,,0.0,,0.0,,1.3,,0.7,,3.1,,6.4,,3.0,,2.8,,0.0,
2005-11-16,1014.8,1015.9,1017.5,2005-11-16T22:23:00,1012.2,2005-11-16T02:54:00,23.6,27.3,2005-11-16T13:05:00,21.1,2005-11-16T23:47:00,16.5,65,56,2005-11-16T11:15:00,2.4,340,13.2,20,2005-11-16T12:12:00,0.0,0.0,0.0,,0.0,,6.8,62.1,16.21,4.9,24.8,25.4,25.6,26.1,27.0,26.7,,,,,,,8.4,,18.6,2005-11-16T13:14:00,,,,14.5,2005-11-16T23:26:00,,,,,,,2.79,2005-11-16T12:00:00,,,,,,,,,,,,,,74,2005-11-16T02:22:00,,,,,,1018.5,2005-11-16T22:14:00,,,,1013.3,2005-11-16T02:54:00,,,,,,,,,,,,,,,,,,,6.2,26.7,7.7,2005-11-16T12:00:00,,,,21.9,,,0,,0,,0,,1,,3,,5,,0,,0,,0,,0,,0,,0,,0,,0,,0,,0,,0,,0,,0,,0,,0,,0,,0,,0,,0,,0,,0,,0,,0,,0,,0,,0,,0,,4,,8,,2,,1,,0,,,50,,,6.3,2005-11-16T12:13:00,,,0.0,,0.0,,0.0,,3.9,,12.0,,22.8,,0.0,,0.0,,0.0,,0.0,,0.0,,0.0,,0.0,,0.0,,0.0,,0.0,,0.0,,0.0,,0.0,,0.0,,0.0,,0.0,,0.0,,0.0,,0.0,,0.0,,0.0,,0.0,,0.0,,0.0,,0.0,,0.0,,0.0,,4.9,,8.6,,2.2,,2.3,,0.0,
2005-11-17,1016.8,1017.9,1019.2,2005-11-17T21:57:00,1014.6,2005-11-17T14:51:00,22.6,27.1,2005-11-17T11:15:00,19.9,2005-11-17T05:39:00,15.3,64,53,2005-11-17T10:24:00,2.3,350,13.0,70,2005-11-17T13:35:00,0.0,0.0,0.0,,0.0,,8.2,74.9,17.51,5.0,23.9,24.5,24.9,25.4,26.6,26.7,,,,,,,5.8,,17.7,2005-11-17T11:13:00,,,,13.9,2005-11-17T04:28:00,,,,,,,3.0,2005-11-17T12:00:00,,,,,,,,,,,,,,71,2005-11-17T05:40:00,,,,,,1020.3,2005-11-17T21:57:00,,,,1015.7,2005-11-17T14:51:00,,,,,,,,,,,,,,,,,,,7.2,26.0,8.1,2005-11-17T12:00:00,,,,21.9,,,0,,0,,1,,0,,2,,4,,1,,0,,0,,0,,0,,0,,0,,0,,0,,0,,0,,0,,0,,0,,0,,0,,0,,0,,0,,0,,0,,0,,0,,0,,0,,1,,2,,4,,3,,6,,0,,0,,,40,,,5.2,2005-11-17T12:55:00,,,0.0,,0.0,,1.9,,0.0,,7.1,,18.0,,4.3,,0.0,,0.0,,0.0,,0.0,,0.0,,0.0,,0.0,,0.0,,0.0,,0.0,,0.0,,0.0,,0.0,,0.0,,0.0,,0.0,,0.0,,0.0,,0.0,,0.0,,0.0,,0.0,,0.0,,0.0,,1.5,,2.4,,6.7,,4.0,,9.3,,0.0,,0.0,
2005-11-18,1019.1,1020.2,1020.7,2005-11-18T08:38:00,1017.7,2005-11-18T03:21:00,21.8,25.7,2005-11-18T12:05:00,19.7,2005-11-18T04:30:00,14.6,64,54,2005-11-18T10:57:00,2.3,340,12.9,50,2005-11-18T14:09:00,0.0,0.0,0.0,,0.0,,3.0,27.5,11.06,3.8,22.8,23.5,23.9,24.6,26.0,26.3,,,,,,,7.1,,16.7,2005-11-18T15:51:00,,,,12.8,2005-11-18T23:49:00,,,,,,,2.11,2005-11-18T13:00:00,,,,,,,,,,,,,,73,2005-11-18T04:37:00,,,,,,1021.9,2005-11-18T20:24:00,,,,1018.9,2005-11-18T03:21:00,,,,,,,,,,,,,,,,,,,6.0,25.4,5.9,2005-11-18T13:00:00,,,,19.4,,,0,,1,,0,,2,,3,,3,,0,,0,,0,,0,,0,,0,,0,,0,,0,,0,,0,,0,,0,,0,,0,,0,,0,,0,,0,,0,,0,,0,,0,,0,,0,,0,,0,,2,,7,,5,,1,,0,,,50,,,6.1,2005-11-18T14:01:00,,,0.0,,1.8,,0.0,,4.7,,11.0,,15.4,,0.0,,0.0,,0.0,,0.0,,0.0,,0.0,,0.0,,0.0,,0.0,,0.0,,0.0,,0.0,,0.0,,0.0,,0.0,,0.0,,0.0,,0.0,,0.0,,0.0,,0.0,,0.0,,0.0,,0.0,,0.0,,0.0,,0.0,,2.8,,10.8,,7.4,,1.7,,0.0,
2005-11-19,1018.1,1019.3,1020.6,2005-11-19T08:56:00,1015.7,2005-11-19T15:28:00,22.5,26.7,2005-11-19T11:28:00,19.9,2005-11-19T05:04:00,13.5,57,45,2005-11-19T10:29:00,2.9,360,13.6,60,2005-11-19T14:51:00,0.0,0.0,0.0,,0.0,,6.3,57.7,16.01,-4.1,22.9,23.5,23.8,24.5,26.0,26.3,,,,,,,7.9,,15.7,2005-11-19T11:58:00,,,,12.1,2005-11-19T06:13:00,,,,,,,2.67,2005-11-19T12:00:00,,,,,,,,,,,,,,66,2005-11-19T01:16:00,,,,,,1021.7,2005-11-19T08:56:00,,,,1016.8,2005-11-19T15:28:00,,,,,,,,,,,,,,,,,,,6.8,25.3,6.8,2005-11-19T12:00:00,,,,17.5,,,0,,2,,1,,2,,3,,3,,2,,0,,0,,0,,0,,0,,0,,0,,0,,0,,0,,0,,0,,0,,0,,0,,0,,0,,0,,0,,0,,0,,0,,0,,0,,0,,0,,1,,1,,4,,5,,0,,,50,,,6.1,2005-11-19T13:22:00,,,0.0,,5.2,,1.5,,4.9,,12.7,,16.5,,8.4,,0.0,,0.0,,0.0,,0.0,,0.0,,0.0,,0.0,,0.0,,0.0,,0.0,,0.0,,0.0,,0.0,,0.0,,0.0,,0.0,,0.0,,0.0,,0.0,,0.0,,0.0,,0.0,,0.0,,0.0,,0.0,,0.0,,1.7,,2.0,,5.5,,10.1,,0.0,
2005-11-20,1017.2,1018.3,1018.5,2005-11-20T20:08:00,1015.4,2005-11-20T13:18:00,19.9,21.5,2005-11-20T00:42:00,18.6,2005-11-20T07:35:00,15.4,76,57,2005-11-20T00:47:00,1.5,340,7.8,10,2005-11-20T07:26:00,13.0,9.3,2.0,2005-11-20T18:13:00,7.0,2005-11-20T17:26:00,0.0,0.0,3.62,-0.9,21.7,22.4,22.8,23.6,25.2,25.8,,,,,,,10.0,,17.2,2005-11-20T14:30:00,,,,12.7,2005-11-20T00:47:00,,,,,,,0.61,2005-11-20T11:00:00,,,,,,,,,,,,,,89,2005-11-20T18:32:00,,,,,,1019.7,2005-11-20T20:08:00,,,,1016.5,2005-11-20T13:18:00,,,,,,,,,,,,,,,,,,,2.9,24.4,2.3,2005-11-20T13:00:00,,,,11.8,,,0,,0,,0,,0,,0,,0,,0,,0,,0,,0,,0,,0,,0,,0,,0,,0,,0,,0,,0,,0,,0,,0,,0,,0,,0,,0,,0,,0,,0,,0,,0,,0,,1,,4,,10,,4,,5,,0,,,360,,,2.8,2005-11-20T03:39:00,,,0.0,,0.0,,0.0,,0.0,,0.0,,0.0,,0.0,,0.0,,0.0,,0.0,,0.0,,0.0,,0.0,,0.0,,0.0,,0.0,,0.0,,0.0,,0.0,,0.0,,0.0,,0.0,,0.0,,0.0,,0.0,,0.0,,0.0,,0.0,,0.0,,0.0,,0.0,,0.0,,0.7,,4.7,,16.0,,6.8,,6.8,,0.0,
2005-11-21,1019.1,1020.2,1021.1,2005-11-21T21:09:00,1017.1,2005-11-21T03:47:00,19.2,23.0,2005-11-21T11:30:00,16.9,2005-11-21T20:26:00,15.0,77,62,2005-11-21T12:36:00,2.0,340,13.3,30,2005-11-21T14:15:00,19.5,9.7,4.0,2005-11-21T20:13:00,7.5,2005-11-21T19:29:00,0.1,0.9,6.84,-1.3,21.0,21.8,22.2,23.0,24.6,25.7,,,,,,,9.8,,16.5,2005-11-21T11:18:00,,,,14.0,2005-11-21T23:59:59,,,,,,,1.59,2005-11-21T12:00:00,,,,,,,,,,,,,,90,2005-11-21T20:21:00,,,,,,1022.3,2005-11-21T21:09:00,,,,1018.3,2005-11-21T03:47:00,,,,,,,,,,,,,,,,,,,6.1,23.7,5.0,2005-11-21T12:00:00,,,,12.6,,,0,,0,,0,,2,,3,,0,,0,,0,,0,,0,,0,,0,,0,,0,,0,,0,,0,,0,,0,,0,,0,,0,,0,,0,,0,,0,,0,,0,,0,,0,,0,,0,,0,,2,,9,,4,,4,,0,,,40,,,6.0,2005-11-21T13:43:00,,,0.0,,0.0,,0.0,,5.8,,14.6,,0.0,,0.0,,0.0,,0.0,,0.0,,0.0,,0.0,,0.0,,0.0,,0.0,,0.0,,0.0,,0.0,,0.0,,0.0,,0.0,,0.0,,0.0,,0.0,,0.0,,0.0,,0.0,,0.0,,0.0,,0.0,,0.0,,0.0,,0.0,,2.6,,13.2,,5.6,,6.8,,0.0,
2005-11-22,1019.5,1020.7,1021.6,2005-11-22T09:04:00,1018.1,2005-11-22T13:12:00,21.0,24.3,2005-11-22T12:41:00,18.2,2005-11-22T00:19:00,15.5,71,60,2005-11-22T11:30:00,1.7,340,9.3,20,2005-11-22T15:19:00,0.0,0.0,0.0,,0.0,,0.2,1.8,8.55,1.5,21.7,22.2,22.1,22.5,24.1,25.3,,,,,,,10.0,,17.9,2005-11-22T15:20:00,,,,13.6,2005-11-22T04:54:00,,,,,,,1.94,2005-11-22T12:00:00,,,,,,,,,,,,,,79,2005-11-22T00:08:00,,,,,,1022.8,2005-11-22T09:04:00,,,,1019.2,2005-11-22T13:12:00,,,,,,,,,,,,,,,,,,,6.1,23.2,5.8,2005-11-22T12:00:00,,,,17.6,,,0,,1,,0,,1,,2,,0,,0,,0,,0,,0,,0,,0,,0,,0,,0,,0,,0,,0,,0,,0,,0,,0,,0,,0,,0,,0,,0,,0,,0,,0,,0,,0,,0,,8,,9,,1,,2,,0,,,40,,,4.5,2005-11-22T14:48:00,,,0.0,,1.5,,0.0,,3.9,,7.6,,0.0,,0.0,,0.0,,0.0,,0.0,,0.0,,0.0,,0.0,,0.0,,0.0,,0.0,,0.0,,0.0,,0.0,,0.0,,0.0,,0.0,,0.0,,0.0,,0.0,,0.0,,0.0,,0.0,,0.0,,0.0,,0.0,,0.0,,0.0,,10.8,,11.2,,1.1,,4.3,,0.0,
2005-11-23,1017.1,1018.2,1019.2,2005-11-23T00:04:00,1014.8,2005-11-23T14:41:00,23.7,27.7,2005-11-23T12:16:00,20.7,2005-11-23T03:37:00,18.2,71,59,2005-11-23T10:21:00,1.8,330,10.1,40,2005-11-23T17:27:00,0.0,0.0,0.0,,0.0,,7.2,66.3,16.24,2.9,24.0,24.0,23.6,23.3,23.9,24.9,,,,,,,5.4,,20.8,2005-11-23T13:26:00,,,,16.0,2005-11-23T01:48:00,,,,,,,2.98,2005-11-23T12:00:00,,,,,,,,,,,,,,79,2005-11-23T23:55:00,,,,,,1020.3,2005-11-23T00:04:00,,,,1015.9,2005-11-23T14:41:00,,,,,,,,,,,,,,,,,,,7.0,23.5,8.0,2005-11-23T12:00:00,,,,19.4,,,0,,0,,2,,0,,1,,5,,1,,0,,0,,0,,0,,0,,0,,0,,0,,0,,0,,0,,0,,0,,0,,0,,0,,0,,0,,0,,0,,0,,0,,0,,0,,0,,0,,6,,5,,1,,3,,0,,,50,,,4.7,2005-11-23T15:31:00,,,0.0,,0.0,,3.1,,0.0,,3.5,,18.3,,3.5,,0.0,,0.0,,0.0,,0.0,,0.0,,0.0,,0.0,,0.0,,0.0,,0.0,,0.0,,0.0,,0.0,,0.0,,0.0,,0.0,,0.0,,0.0,,0.0,,0.0,,0.0,,0.0,,0.0,,0.0,,0.0,,0.0,,7.0,,3.6,,0.8,,3.7,,0.0,
2005-11-24,1017.0,1018.1,1018.9,2005-11-24T09:15:00,1015.1,2005-11-24T14:26:00,23.2,26.8,2005-11-24T12:34:00,21.1,2005-11-24T06:18:00,17.6,71,61,2005-11-24T11:19:00,2.0,340,10.9,60,2005-11-24T12:39:00,0.0,0.0,0.0,,0.0,,2.7,24.9,11.37,3.5,23.8,24.0,23.9,23.7,24.3,24.9,,,,,,,6.8,,19.3,2005-11-24T12:57:00,,,,16.4,2005-11-24T23:36:00,,,,,,,2.8,2005-11-24T13:00:00,,,,,,,,,,,,,,80,2005-11-24T01:15:00,,,,,,1020.0,2005-11-24T09:15:00,,,,1016.2,2005-11-24T14:26:00,,,,,,,,,,,,,,,,,,,5.7,24.0,7.0,2005-11-24T13:00:00,,,,18.1,,,0,,0,,0,,0,,3,,3,,0,,0,,0,,0,,0,,0,,0,,0,,0,,0,,0,,0,,0,,0,,0,,0,,0,,0,,0,,0,,0,,0,,0,,0,,0,,0,,1,,8,,8,,0,,1,,0,,,50,,,4.9,2005-11-24T12:27:00,,,0.0,,0.0,,0.0,,0.0,,12.2,,12.2,,0.0,,0.0,,0.0,,0.0,,0.0,,0.0,,0.0,,0.0,,0.0,,0.0,,0.0,,0.0,,0.0,,0.0,,0.0,,0.0,,0.0,,0.0,,0.0,,0.0,,0.0,,0.0,,0.0,,0.0,,0.0,,0.0,,1.5,,9.4,,10.1,,0.0,,1.8,,0.0,
2005-11-25,1016.7,1017.8,1018.8,2005-11-25T08:31:00,1014.7,2005-11-25T14:55:00,23.3,26.9,2005-11-25T11:53:00,21.3,2005-11-25T06:01:00,17.2,69,60,2005-11-25T11:41:00,1.9,340,9.4,80,2005-11-25T13:12:00,0.0,0.0,0.0,,0.0,,4.8,44.3,13.39,4.0,24.0,24.3,24.1,24.0,24.5,24.8,,,,,,,8.1,,19.3,2005-11-25T13:18:00,,,,16.2,2005-11-25T05:04:00,,,,,,,2.68,2005-11-25T12:00:00,,,,,,,,,,,,,,75,2005-11-25T06:07:00,,,,,,1019.9,2005-11-25T08:31:00,,,,1015.8,2005-11-25T14:55:00,,,,,,,,,,,,,,,,,,,5.6,24.2,6.7,2005-11-25T12:00:00,,,,19.1,,,0,,1,,0,,0,,1,,5,,1,,0,,0,,0,,0,,0,,0,,0,,0,,0,,0,,0,,0,,0,,0,,0,,0,,0,,0,,0,,0,,0,,0,,0,,0,,0,,2,,6,,7,,1,,0,,0,,,50,,,4.5,2005-11-25T12:33:00,,,0.0,,1.9,,0.0,,0.0,,3.6,,16.4,,3.5,,0.0,,0.0,,0.0,,0.0,,0.0,,0.0,,0.0,,0.0,,0.0,,0.0,,0.0,,0.0,,0.0,,0.0,,0.0,,0.0,,0.0,,0.0,,0.0,,0.0,,0.0,,0.0,,0.0,,0.0,,0.0,,2.8,,8.0,,8.7,,0.9,,0.0,,0.0,
2005-11-26,1015.8,1016.9,1017.2,2005-11-26T22:09:00,1014.0,2005-11-26T13:59:00,23.5,27.6,2005-11-26T11:38:00,20.4,2005-11-26T05:45:00,17.5,69,56,2005-11-26T09:50:00,1.8,330,6.7,30,2005-11-26T14:49:00,0.0,0.0,0.0,,0.0,,5.5,50.8,13.52,3.1,24.3,24.4,24.1,24.0,24.6,25.0,,,,,,,6.6,,19.6,2005-11-26T17:37:00,,,,15.0,2005-11-26T06:19:00,,,,,,,2.4,2005-11-26T13:00:00,,,,,,,,,,,,,,76,2005-11-26T05:38:00,,,,,,1018.3,2005-11-26T22:09:00,,,,1015.1,2005-11-26T13:59:00,,,,,,,,,,,,,,,,,,,7.2,24.3,6.7,2005-11-26T12:00:00,,,,18.8,,,0,,0,,0,,1,,2,,2,,1,,2,,1,,0,,0,,0,,0,,0,,0,,0,,0,,0,,0,,0,,0,,0,,0,,0,,0,,0,,0,,0,,0,,0,,0,,0,,2,,8,,4,,1,,0,,0,,,60,,,3.5,2005-11-26T13:42:00,,,0.0,,0.0,,0.0,,2.3,,4.6,,5.4,,3.3,,5.2,,3.0,,0.0,,0.0,,0.0,,0.0,,0.0,,0.0,,0.0,,0.0,,0.0,,0.0,,0.0,,0.0,,0.0,,0.0,,0.0,,0.0,,0.0,,0.0,,0.0,,0.0,,0.0,,0.0,,0.0,,3.1,,11.1,,3.1,,1.4,,0.0,,0.0,
2005-11-27,1016.7,1017.8,1018.2,2005-11-27T08:50:00,1014.9,2005-11-27T14:05:00,24.3,28.1,2005-11-27T13:28:00,22.1,2005-11-27T04:40:00,18.6,71,58,2005-11-27T09:25:00,1.9,50,9.7,60,2005-11-27T13:51:00,-9.8,0.3,-9.8,2005-11-27T21:10:00,-9.8,2005-11-27T21:10:00,3.6,33.3,11.78,-2.5,24.5,24.6,24.3,24.2,24.6,25.0,,,,,,,8.1,,20.8,2005-11-27T21:49:00,,,,15.5,2005-11-27T06:44:00,,,,,,,2.43,2005-11-27T13:00:00,,,,,,,,,,,,,,86,2005-11-27T21:49:00,,,,,,1019.3,2005-11-27T08:50:00,,,,1016.0,2005-11-27T14:05:00,,,,,,,,,,,,,,,,,,,6.0,24.6,6.6,2005-11-27T13:00:00,,,,18.5,,,0,,0,,1,,1,,2,,5,,2,,0,,0,,0,,0,,0,,0,,0,,0,,0,,0,,0,,0,,0,,0,,0,,0,,0,,0,,0,,1,,0,,0,,0,,0,,1,,1,,5,,4,,1,,0,,0,,,50,,,4.4,2005-11-27T12:54:00,,,0.0,,0.0,,1.9,,2.3,,5.3,,17.5,,4.4,,0.0,,0.0,,0.0,,0.0,,0.0,,0.0,,0.0,,0.0,,0.0,,0.0,,0.0,,0.0,,0.0,,0.0,,0.0,,0.0,,0.0,,0.0,,0.0,,0.6,,0.0,,0.0,,0.0,,0.0,,0.8,,1.0,,5.8,,5.5,,1.0,,0.0,,0.0,
2005-11-28,1015.5,1016.6,1017.9,2005-11-28T08:34:00,1013.1,2005-11-28T14:54:00,24.9,28.5,2005-11-28T11:07:00,22.4,2005-11-28T01:30:00,19.2,71,55,2005-11-28T09:47:00,1.7,330,7.1,80,2005-11-28T13:54:00,0.0,0.0,0.0,,0.0,,6.0,55.5,14.04,4.1,25.6,25.2,24.9,24.6,24.8,25.0,,,,,,,7.5,,21.7,2005-11-28T13:52:00,,,,16.4,2005-11-28T07:03:00,,,,,,,2.45,2005-11-28T12:00:00,,,,,,,,,,,,,,82,2005-11-28T00:01:00,,,,,,1019.0,2005-11-28T08:34:00,,,,1014.2,2005-11-28T14:54:00,,,,,,,,,,,,,,,,,,,6.1,24.8,7.3,2005-11-28T12:00:00,,,,17.5,,,0,,0,,0,,0,,1,,3,,3,,1,,0,,0,,0,,0,,0,,0,,0,,0,,0,,0,,0,,0,,0,,0,,0,,0,,0,,0,,0,,0,,0,,0,,0,,0,,2,,11,,2,,0,,1,,0,,,60,,,3.5,2005-11-28T13:58:00,,,0.0,,0.0,,0.0,,0.0,,2.5,,7.8,,7.9,,3.0,,0.0,,0.0,,0.0,,0.0,,0.0,,0.0,,0.0,,0.0,,0.0,,0.0,,0.0,,0.0,,0.0,,0.0,,0.0,,0.0,,0.0,,0.0,,0.0,,0.0,,0.0,,0.0,,0.0,,0.0,,2.8,,13.4,,1.5,,0.0,,0.8,,0.0,
2005-11-29,1014.5,1015.6,1016.2,2005-11-29T09:10:00,1012.6,2005-11-29T14:44:00,23.0,26.2,2005-11-29T10:44:00,20.3,2005-11-29T23:50:00,16.5,67,56,2005-11-29T10:13:00,2.6,50,13.6,50,2005-11-29T11:27:00,0.0,0.0,0.0,,0.0,,2.3,21.3,8.77,3.1,23.8,24.1,24.2,24.4,25.2,25.0,,,,,,,8.9,,19.5,2005-11-29T00:45:00,,,,14.2,2005-11-29T23:17:00,,,,,,,2.0,2005-11-29T11:00:00,,,,,,,,,,,,,,78,2005-11-29T01:01:00,,,,,,1017.3,2005-11-29T09:10:00,,,,1013.7,2005-11-29T14:44:00,,,,,,,,,,,,,,,,,,,5.9,24.9,4.5,2005-11-29T11:00:00,,,,17.3,,,0,,2,,0,,0,,4,,5,,0,,0,,0,,0,,0,,0,,0,,0,,0,,0,,0,,0,,0,,0,,0,,0,,0,,0,,0,,0,,0,,0,,0,,0,,0,,0,,0,,5,,0,,5,,3,,0,,,40,,,5.8,2005-11-29T10:20:00,,,0.0,,3.2,,0.0,,0.0,,16.8,,24.6,,0.0,,0.0,,0.0,,0.0,,0.0,,0.0,,0.0,,0.0,,0.0,,0.0,,0.0,,0.0,,0.0,,0.0,,0.0,,0.0,,0.0,,0.0,,0.0,,0.0,,0.0,,0.0,,0.0,,0.0,,0.0,,0.0,,0.0,,7.1,,0.0,,6.2,,4.7,,0.0,
2005-11-30,1014.1,1015.2,1015.7,2005-11-30T09:19:00,1012.3,2005-11-30T14:08:00,22.2,26.1,2005-11-30T14:09:00,19.5,2005-11-30T05:58:00,15.6,66,57,2005-11-30T12:14:00,2.0,330,9.2,30,2005-11-30T10:10:00,0.0,0.0,0.0,,0.0,,7.6,70.4,15.04,3.1,23.2,23.4,23.4,23.7,24.7,25.2,,,,,,,7.4,,17.8,2005-11-30T10:33:00,,,,13.8,2005-11-30T04:40:00,,,,,,,2.4,2005-11-30T12:00:00,,,,,,,,,,,,,,75,2005-11-30T23:54:00,,,,,,1016.8,2005-11-30T09:19:00,,,,1013.4,2005-11-30T14:08:00,,,,,,,,,,,,,,,,,,,6.6,24.2,6.7,2005-11-30T12:00:00,,,,17.5,,,0,,0,,0,,0,,2,,5,,1,,0,,0,,0,,0,,0,,0,,0,,0,,0,,0,,0,,0,,0,,0,,0,,0,,0,,0,,0,,0,,0,,0,,0,,0,,0,,2,,8,,3,,3,,0,,0,,,50,,,4.1,2005-11-30T11:53:00,,,0.0,,0.0,,0.0,,0.0,,5.7,,16.6,,3.1,,0.0,,0.0,,0.0,,0.0,,0.0,,0.0,,0.0,,0.0,,0.0,,0.0,,0.0,,0.0,,0.0,,0.0,,0.0,,0.0,,0.0,,0.0,,0.0,,0.0,,0.0,,0.0,,0.0,,0.0,,0.0,,2.9,,11.1,,4.0,,4.2,,0.0,,0.0,
2005-12-01,1014.8,1015.9,1016.5,2005-12-01T08:50:00,1013.3,2005-12-01T13:51:00,22.7,27.1,2005-12-01T11:45:00,19.5,2005-12-01T05:33:00,16.6,69,53,2005-12-01T09:55:00,1.7,330,7.4,50,2005-12-01T13:11:00,0.0,0.0,0.0,,0.0,,6.8,63.1,14.26,3.7,23.7,23.7,23.6,23.6,24.4,25.0,,,,,,,3.6,,19.9,2005-12-01T13:10:00,,,,13.9,2005-12-01T08:14:00,,,,,,,2.4,2005-12-01T12:00:00,,,,,,,,,,,,,,77,2005-12-01T00:42:00,,,,,,1017.6,2005-12-01T08:50:00,,,,1014.4,2005-12-01T13:51:00,,,,,,,,,,,,,,,,,,,7.6,23.9,7.0,2005-12-01T12:00:00,,,,17.5,,,1,,0,,0,,0,,1,,1,,5,,0,,0,,0,,0,,0,,0,,0,,0,,0,,0,,0,,0,,0,,0,,0,,0,,0,,0,,0,,0,,0,,0,,0,,0,,1,,3,,7,,4,,1,,0,,0,,,60,,,3.4,2005-12-01T13:05:00,,,0.2,,0.0,,0.0,,0.0,,1.7,,2.4,,14.5,,0.0,,0.0,,0.0,,0.0,,0.0,,0.0,,0.0,,0.0,,0.0,,0.0,,0.0,,0.0,,0.0,,0.0,,0.0,,0.0,,0.0,,0.0,,0.0,,0.0,,0.0,,0.0,,0.0,,0.0,,1.4,,4.1,,9.9,,5.5,,0.8,,0.0,,0.0,
2005-12-02,1015.9,1017.0,1018.0,2005-12-02T09:05:00,1014.2,2005-12-02T15:32:00,23.5,28.1,2005-12-02T12:26:00,20.5,2005-12-02T05:47:00,17.1,68,52,2005-12-02T10:14:00,1.7,330,7.3,330,2005-12-02T03:43:00,0.0,0.0,0.0,,0.0,,1.8,16.7,9.85,2.7,23.5,23.4,23.4,23.6,24.6,24.9,,,,,,,6.6,,20.7,2005-12-02T12:27:00,,,,13.1,2005-12-02T07:01:00,,,,,,,1.8,2005-12-02T13:00:00,,,,,,,,,,,,,,78,2005-12-02T22:55:00,,,,,,1019.1,2005-12-02T09:05:00,,,,1015.3,2005-12-02T15:32:00,,,,,,,,,,,,,,,,,,,7.6,24.1,5.2,2005-12-02T13:00:00,,,,18.5,,,0,,0,,1,,1,,1,,4,,1,,1,,0,,0,,0,,0,,0,,0,,0,,0,,0,,0,,0,,0,,0,,0,,0,,0,,0,,0,,0,,0,,0,,0,,0,,2,,0,,6,,3,,2,,2,,0,,,50,,,3.0,2005-12-02T12:36:00,,,0.0,,0.0,,1.4,,2.0,,2.3,,9.1,,2.0,,2.2,,0.0,,0.0,,0.0,,0.0,,0.0,,0.0,,0.0,,0.0,,0.0,,0.0,,0.0,,0.0,,0.0,,0.0,,0.0,,0.0,,0.0,,0.0,,0.0,,0.0,,0.0,,0.0,,0.0,,2.8,,0.0,,10.0,,5.5,,1.9,,2.0,,0.0,
2005-12-03,1014.0,1015.1,1016.5,2005-12-03T08:33:00,1011.8,2005-12-03T15:49:00,24.1,27.9,2005-12-03T11:30:00,22.0,2005-12-03T05:52:00,18.8,73,58,2005-12-03T10:39:00,1.5,330,7.7,40,2005-12-03T13:34:00,0.0,0.0,0.0,,0.0,,3.0,27.9,11.0,3.3,24.2,24.2,24.2,24.0,24.5,24.7,,,,,,,7.5,,20.2,2005-12-03T13:50:00,,,,17.0,2005-12-03T06:23:00,,,,,,,2.41,2005-12-03T12:00:00,,,,,,,,,,,,,,82,2005-12-03T21:51:00,,,,,,1017.6,2005-12-03T08:33:00,,,,1012.9,2005-12-03T15:49:00,,,,,,,,,,,,,,,,,,,5.9,24.4,6.9,2005-12-03T12:00:00,,,,19.4,,,1,,0,,0,,0,,2,,4,,1,,1,,0,,0,,0,,0,,0,,0,,0,,0,,0,,0,,0,,0,,0,,0,,0,,0,,0,,0,,0,,0,,0,,0,,1,,0,,2,,7,,4,,1,,0,,0,,,60,,,3.8,2005-12-03T12:47:00,,,0.2,,0.0,,0.0,,0.0,,3.9,,11.5,,2.9,,1.8,,0.0,,0.0,,0.0,,0.0,,0.0,,0.0,,0.0,,0.0,,0.0,,0.0,,0.0,,0.0,,0.0,,0.0,,0.0,,0.0,,0.0,,0.0,,0.0,,0.0,,0.0,,0.0,,0.7,,0.0,,2.4,,7.3,,3.7,,1.0,,0.0,,0.0,
2005-12-04,1015.3,1016.4,1019.3,2005-12-04T22:26:00,1011.2,2005-12-04T03:09:00,20.3,23.5,2005-12-04T06:00:00,16.8,2005-12-04T23:05:00,15.2,72,62,2005-12-04T16:56:00,3.4,40,16.5,60,2005-12-04T07:42:00,0.0,0.0,0.0,,0.0,,0.0,0.0,2.41,2.5,21.4,22.2,22.6,23.5,24.7,24.7,,,,,,,9.9,,20.0,2005-12-04T06:01:00,,,,10.7,2005-12-04T21:20:00,,,,,,,0.55,2005-12-04T14:00:00,,,,,,,,,,,,,,81,2005-12-04T06:01:00,,,,,,1020.5,2005-12-04T22:26:00,,,,1012.3,2005-12-04T03:09:00,,,,,,,,,,,,,,,,,,,6.7,24.2,1.5,2005-12-04T14:00:00,,,,16.5,,,0,,0,,1,,1,,7,,3,,0,,0,,0,,0,,0,,0,,0,,0,,0,,0,,0,,0,,0,,0,,0,,0,,0,,0,,0,,0,,0,,0,,0,,0,,0,,0,,0,,4,,6,,2,,0,,0,,,50,,,7.7,2005-12-04T08:37:00,,,0.0,,0.0,,2.6,,4.3,,40.6,,16.7,,0.0,,0.0,,0.0,,0.0,,0.0,,0.0,,0.0,,0.0,,0.0,,0.0,,0.0,,0.0,,0.0,,0.0,,0.0,,0.0,,0.0,,0.0,,0.0,,0.0,,0.0,,0.0,,0.0,,0.0,,0.0,,0.0,,0.0,,5.8,,7.8,,3.3,,0.0,,0.0,
2005-12-05,1020.8,1022.0,1022.7,2005-12-05T21:39:00,1019.0,2005-12-05T00:20:00,16.0,17.5,2005-12-05T12:25:00,13.9,2005-12-05T23:25:00,9.8,67,60,2005-12-05T13:36:00,1.7,340,7.8,360,2005-12-05T03:52:00,0.0,0.0,0.0,,0.0,,0.0,0.0,3.1,1.7,18.5,19.3,20.0,21.1,24.0,24.7,,,,,,,10.0,,11.3,2005-12-05T00:05:00,,,,8.7,2005-12-05T23:41:00,,,,,,,0.6,2005-12-05T14:00:00,,,,,,,,,,,,,,73,2005-12-05T21:01:00,,,,,,1023.9,2005-12-05T21:39:00,,,,1020.2,2005-12-05T00:20:00,,,,,,,,,,,,,,,,,,,3.6,22.7,2.0,2005-12-05T12:00:00,,,,17.3,,,0,,0,,0,,0,,0,,0,,0,,0,,0,,0,,0,,0,,0,,0,,0,,0,,0,,0,,0,,0,,0,,0,,0,,0,,0,,0,,0,,0,,0,,0,,0,,0,,0,,8,,8,,5,,3,,0,,,360,,,2.8,2005-12-05T16:09:00,,,0.0,,0.0,,0.0,,0.0,,0.0,,0.0,,0.0,,0.0,,0.0,,0.0,,0.0,,0.0,,0.0,,0.0,,0.0,,0.0,,0.0,,0.0,,0.0,,0.0,,0.0,,0.0,,0.0,,0.0,,0.0,,0.0,,0.0,,0.0,,0.0,,0.0,,0.0,,0.0,,0.0,,13.5,,14.5,,8.7,,5.0,,0.0,
2005-12-06,1021.8,1023.0,1023.8,2005-12-06T08:48:00,1019.9,2005-12-06T15:07:00,15.8,17.7,2005-12-06T11:56:00,13.7,2005-12-06T02:32:00,9.4,66,59,2005-12-06T11:40:00,1.6,330,7.5,330,2005-12-06T06:43:00,0.0,0.0,0.0,,0.0,,0.0,0.0,2.91,2.2,17.3,18.0,18.6,20.0,22.8,24.4,,,,,,,10.0,,10.2,2005-12-06T22:34:00,,,,8.6,2005-12-06T06:40:00,,,,,,,0.94,2005-12-06T11:00:00,,,,,,,,,,,,,,75,2005-12-06T02:32:00,,,,,,1025.0,2005-12-06T08:48:00,,,,1021.1,2005-12-06T15:07:00,,,,,,,,,,,,,,,,,,,4.0,21.3,2.7,2005-12-06T12:00:00,,,,18.8,,,0,,0,,0,,0,,0,,0,,0,,0,,0,,0,,0,,0,,0,,0,,0,,0,,0,,0,,0,,0,,0,,0,,0,,0,,0,,0,,0,,0,,0,,0,,0,,0,,3,,10,,9,,2,,0,,0,,,330,,,2.4,2005-12-06T04:57:00,,,0.0,,0.0,,0.0,,0.0,,0.0,,0.0,,0.0,,0.0,,0.0,,0.0,,0.0,,0.0,,0.0,,0.0,,0.0,,0.0,,0.0,,0.0,,0.0,,0.0,,0.0,,0.0,,0.0,,0.0,,0.0,,0.0,,0.0,,0.0,,0.0,,0.0,,0.0,,0.0,,4.7,,17.1,,12.9,,3.0,,0.0,,0.0,
2005-12-07,1021.0,1022.2,1022.8,2005-12-07T09:19:00,1019.7,2005-12-07T13:27:00,18.6,21.5,2005-12-07T14:48:00,16.6,2005-12-07T02:23:00,12.3,67,60,2005-12-07T12:26:00,1.8,330,9.5,20,2005-12-07T13:20:00,0.0,0.0,0.0,,0.0,,0.0,0.0,4.05,2.0,18.5,18.8,19.0,19.7,22.1,23.9,,,,,,,9.9,,15.8,2005-12-07T15:17:00,,,,9.8,2005-12-07T02:37:00,,,,,,,0.86,2005-12-07T13:00:00,,,,,,,,,,,,,,75,2005-12-07T15:20:00,,,,,,1024.0,2005-12-07T09:19:00,,,,1020.8,2005-12-07T14:34:00,,,,,,,,,,,,,,,,,,,4.9,20.7,2.9,2005-12-07T13:00:00,,,,18.8,,,0,,2,,0,,1,,3,,0,,0,,0,,0,,0,,0,,0,,0,,0,,0,,0,,0,,0,,0,,0,,0,,0,,0,,0,,0,,0,,0,,0,,0,,0,,0,,0,,1,,7,,7,,3,,0,,0,,,40,,,4.2,2005-12-07T14:50:00,,,0.0,,1.9,,0.0,,3.4,,9.9,,0.0,,0.0,,0.0,,0.0,,0.0,,0.0,,0.0,,0.0,,0.0,,0.0,,0.0,,0.0,,0.0,,0.0,,0.0,,0.0,,0.0,,0.0,,0.0,,0.0,,0.0,,0.0,,0.0,,0.0,,0.0,,0.0,,0.0,,1.2,,11.0,,10.2,,4.4,,0.0,,0.0,
2005-12-08,1020.2,1021.4,1022.3,2005-12-08T09:16:00,1018.1,2005-12-08T14:22:00,20.4,23.6,2005-12-08T13:18:00,17.6,2005-12-08T00:39:00,14.7,70,59,2005-12-08T12:44:00,2.0,340,11.5,60,2005-12-08T15:08:00,0.0,0.0,0.0,,0.0,,0.0,0.0,5.53,1.3,19.8,20.2,20.1,20.2,21.8,23.5,,,,,,,9.1,,17.2,2005-12-08T19:36:00,,,,12.9,2005-12-08T01:23:00,,,,,,,0.92,2005-12-08T14:00:00,,,,,,,,,,,,,,81,2005-12-08T21:50:00,,,,,,1023.5,2005-12-08T09:16:00,,,,1019.2,2005-12-08T14:22:00,,,,,,,,,,,,,,,,,,,6.0,21.0,3.1,2005-12-08T12:00:00,,,,20.0,,,0,,1,,1,,3,,2,,1,,0,,0,,0,,0,,0,,0,,0,,0,,0,,0,,0,,0,,0,,0,,0,,0,,0,,0,,0,,0,,0,,0,,0,,0,,0,,0,,3,,4,,5,,2,,2,,0,,,50,,,5.2,2005-12-08T15:08:00,,,0.0,,1.1,,2.3,,7.8,,6.9,,5.0,,0.0,,0.0,,0.0,,0.0,,0.0,,0.0,,0.0,,0.0,,0.0,,0.0,,0.0,,0.0,,0.0,,0.0,,0.0,,0.0,,0.0,,0.0,,0.0,,0.0,,0.0,,0.0,,0.0,,0.0,,0.0,,0.0,,3.6,,7.1,,8.1,,2.1,,3.0,,0.0,
2005-12-09,1018.4,1019.5,1020.8,2005-12-09T00:04:00,1015.7,2005-12-09T14:50:00,21.5,24.8,2005-12-09T10:51:00,18.8,2005-12-09T05:01:00,17.0,76,60,2005-12-09T09:22:00,1.7,50,8.9,60,2005-12-09T10:31:00,1.0,1.1,0.5,2005-12-09T12:43:00,1.0,2005-12-09T12:43:00,2.6,24.2,9.45,-1.5,21.3,21.2,21.1,21.1,21.8,23.2,,,,,,,8.0,,19.7,2005-12-09T14:05:00,,,,14.7,2005-12-09T02:30:00,,,,,,,1.67,2005-12-09T11:00:00,,,,,,,,,,,,,,89,2005-12-09T13:28:00,,,,,,1022.0,2005-12-09T00:04:00,,,,1016.8,2005-12-09T14:50:00,,,,,,,,,,,,,,,,,,,6.0,21.5,4.0,2005-12-09T12:00:00,,,,20.1,,,0,,2,,0,,0,,1,,5,,2,,1,,0,,0,,0,,0,,0,,0,,0,,0,,0,,0,,0,,0,,0,,0,,0,,0,,0,,0,,0,,0,,0,,0,,0,,1,,0,,5,,2,,2,,3,,0,,,40,,,4.4,2005-12-09T10:31:00,,,0.0,,2.6,,0.0,,0.0,,2.3,,12.4,,5.9,,1.6,,0.0,,0.0,,0.0,,0.0,,0.0,,0.0,,0.0,,0.0,,0.0,,0.0,,0.0,,0.0,,0.0,,0.0,,0.0,,0.0,,0.0,,0.0,,0.0,,0.0,,0.0,,0.0,,0.0,,0.9,,0.0,,5.6,,2.2,,1.8,,4.7,,0.0,
2005-12-10,1015.5,1016.6,1017.4,2005-12-10T00:02:00,1013.5,2005-12-10T14:02:00,23.5,27.4,2005-12-10T13:03:00,20.4,2005-12-10T06:35:00,18.1,72,57,2005-12-10T09:45:00,1.3,330,5.6,320,2005-12-10T04:39:00,0.0,0.0,0.0,,0.0,,6.1,56.9,13.77,3.2,23.1,23.2,22.9,23.9,22.2,23.2,,,,,,,7.6,,20.0,2005-12-10T13:03:00,,,,15.0,2005-12-10T07:40:00,,,,,,,2.4,2005-12-10T13:00:00,,,,,,,,,,,,,,79,2005-12-10T03:01:00,,,,,,1018.5,2005-12-10T00:02:00,,,,1014.6,2005-12-10T14:02:00,,,,,,,,,,,,,,,,,,,7.0,24.1,6.4,2005-12-10T12:00:00,,,,19.8,,,0,,0,,1,,1,,0,,0,,3,,0,,0,,2,,2,,1,,0,,0,,0,,0,,0,,0,,0,,0,,0,,0,,0,,0,,0,,0,,0,,0,,0,,0,,0,,0,,2,,8,,2,,0,,2,,0,,,100,,,2.8,2005-12-10T12:08:00,,,0.0,,0.0,,1.3,,1.4,,0.0,,0.0,,4.4,,0.0,,0.0,,4.5,,2.7,,2.2,,0.0,,0.0,,0.0,,0.0,,0.0,,0.0,,0.0,,0.0,,0.0,,0.0,,0.0,,0.0,,0.0,,0.0,,0.0,,0.0,,0.0,,0.0,,0.0,,0.0,,2.2,,9.6,,1.9,,0.0,,1.7,,0.0,
2005-12-11,1016.7,1017.8,1019.3,2005-12-11T22:56:00,1014.2,2005-12-11T02:38:00,22.2,24.5,2005-12-11T09:03:00,20.1,2005-12-11T23:57:00,17.1,73,66,2005-12-11T10:54:00,2.3,40,13.4,30,2005-12-11T14:45:00,0.0,0.0,0.0,,0.0,,0.1,0.9,3.93,2.5,22.1,22.4,22.4,22.8,23.1,23.6,,,,,,,10.0,,19.2,2005-12-11T08:36:00,,,,15.1,2005-12-11T20:24:00,,,,,,,0.68,2005-12-11T09:00:00,,,,,,,,,,,,,,82,2005-12-11T02:47:00,,,,,,1020.5,2005-12-11T22:56:00,,,,1015.3,2005-12-11T02:38:00,,,,,,,,,,,,,,,,,,,4.4,23.1,2.2,2005-12-11T12:00:00,,,,17.9,,,0,,2,,0,,0,,6,,2,,0,,0,,0,,0,,0,,0,,0,,0,,0,,0,,0,,0,,0,,0,,0,,0,,0,,0,,0,,0,,0,,0,,0,,0,,0,,1,,2,,1,,4,,5,,1,,0,,,40,,,5.7,2005-12-11T14:38:00,,,0.0,,2.8,,0.0,,0.0,,25.9,,9.9,,0.0,,0.0,,0.0,,0.0,,0.0,,0.0,,0.0,,0.0,,0.0,,0.0,,0.0,,0.0,,0.0,,0.0,,0.0,,0.0,,0.0,,0.0,,0.0,,0.0,,0.0,,0.0,,0.0,,0.0,,0.0,,0.3,,2.0,,0.3,,4.7,,6.2,,2.4,,0.0,
2005-12-12,1020.6,1021.8,1022.5,2005-12-12T21:27:00,1018.4,2005-12-12T03:26:00,18.5,20.7,2005-12-12T11:09:00,16.5,2005-12-12T23:06:00,12.7,69,60,2005-12-12T11:32:00,2.0,40,11.6,40,2005-12-12T13:56:00,0.0,0.0,0.0,,0.0,,0.0,0.0,2.68,1.8,19.6,20.4,20.8,21.7,23.1,23.6,,,,,,,10.0,,15.9,2005-12-12T00:11:00,,,,10.2,2005-12-12T21:13:00,,,,,,,0.81,2005-12-12T12:00:00,,,,,,,,,,,,,,77,2005-12-12T00:11:00,,,,,,1023.7,2005-12-12T21:27:00,,,,1019.6,2005-12-12T03:26:00,,,,,,,,,,,,,,,,,,,4.2,22.5,2.9,2005-12-12T12:00:00,,,,17.9,,,0,,1,,1,,0,,4,,1,,0,,0,,0,,0,,0,,0,,0,,0,,0,,0,,0,,0,,0,,0,,0,,0,,0,,0,,0,,0,,0,,0,,0,,0,,0,,0,,2,,4,,3,,4,,4,,0,,,40,,,5.7,2005-12-12T14:04:00,,,0.0,,1.5,,1.5,,0.0,,18.2,,4.2,,0.0,,0.0,,0.0,,0.0,,0.0,,0.0,,0.0,,0.0,,0.0,,0.0,,0.0,,0.0,,0.0,,0.0,,0.0,,0.0,,0.0,,0.0,,0.0,,0.0,,0.0,,0.0,,0.0,,0.0,,0.0,,0.0,,3.1,,5.4,,4.1,,5.1,,5.1,,0.0,
2005-12-13,1021.6,1022.8,1023.7,2005-12-13T09:06:00,1019.6,2005-12-13T14:09:00,17.0,18.8,2005-12-13T14:20:00,16.1,2005-12-13T22:11:00,10.4,65,58,2005-12-13T13:40:00,1.5,330,6.4,360,2005-12-13T04:59:00,0.0,0.0,0.0,,0.0,,0.0,0.0,3.37,-1.2,18.1,18.7,19.1,20.2,22.3,23.3,,,,,,,9.9,,11.3,2005-12-13T22:57:00,,,,9.8,2005-12-13T05:13:00,,,,,,,0.62,2005-12-13T13:00:00,,,,,,,,,,,,,,72,2005-12-13T22:04:00,,,,,,1024.9,2005-12-13T09:06:00,,,,1020.8,2005-12-13T14:09:00,,,,,,,,,,,,,,,,,,,2.7,21.4,2.2,2005-12-13T13:00:00,,,,17.6,,,0,,0,,0,,0,,0,,0,,0,,0,,0,,0,,0,,0,,0,,0,,0,,0,,0,,0,,0,,0,,0,,0,,0,,0,,0,,0,,0,,0,,0,,0,,0,,0,,1,,12,,8,,2,,1,,0,,,350,,,2.5,2005-12-13T08:44:00,,,0.0,,0.0,,0.0,,0.0,,0.0,,0.0,,0.0,,0.0,,0.0,,0.0,,0.0,,0.0,,0.0,,0.0,,0.0,,0.0,,0.0,,0.0,,0.0,,0.0,,0.0,,0.0,,0.0,,0.0,,0.0,,0.0,,0.0,,0.0,,0.0,,0.0,,0.0,,0.0,,1.5,,17.9,,11.6,,3.2,,2.3,,0.0,
2005-12-14,1022.2,1023.4,1023.7,2005-12-14T08:23:00,1020.3,2005-12-14T15:09:00,16.6,18.7,2005-12-14T13:23:00,15.3,2005-12-14T06:40:00,11.3,71,61,2005-12-14T13:30:00,1.6,330,7.3,10,2005-12-14T04:48:00,-9.8,2.1,-9.8,2005-12-14T05:10:00,-9.8,2005-12-14T05:10:00,0.0,0.0,3.99,-2.1,17.8,18.3,18.6,19.5,21.6,23.2,,,,,,,10.0,,12.5,2005-12-14T07:33:00,,,,10.0,2005-12-14T17:37:00,,,,,,,0.66,2005-12-14T12:00:00,,,,,,,,,,,,,,82,2005-12-14T07:33:00,,,,,,1024.9,2005-12-14T08:23:00,,,,1021.5,2005-12-14T15:09:00,,,,,,,,,,,,,,,,,,,3.4,20.5,2.2,2005-12-14T13:00:00,,,,18.1,,,0,,0,,0,,0,,0,,0,,0,,0,,0,,0,,0,,0,,0,,0,,0,,0,,0,,0,,0,,0,,0,,0,,0,,0,,0,,0,,0,,0,,0,,0,,0,,0,,0,,12,,9,,3,,0,,0,,,340,,,2.4,2005-12-14T04:49:00,,,0.0,,0.0,,0.0,,0.0,,0.0,,0.0,,0.0,,0.0,,0.0,,0.0,,0.0,,0.0,,0.0,,0.0,,0.0,,0.0,,0.0,,0.0,,0.0,,0.0,,0.0,,0.0,,0.0,,0.0,,0.0,,0.0,,0.0,,0.0,,0.0,,0.0,,0.0,,0.0,,0.0,,18.7,,15.4,,4.9,,0.0,,0.0,
2005-12-15,1024.1,1025.3,1026.0,2005-12-15T09:05:00,1022.4,2005-12-15T14:56:00,15.4,16.9,2005-12-15T12:36:00,14.4,2005-12-15T02:54:00,9.8,69,62,2005-12-15T11:22:00,1.6,340,7.2,340,2005-12-15T23:07:00,0.5,0.4,0.5,2005-12-15T01:57:00,0.5,2005-12-15T01:57:00,0.0,0.0,3.01,2.2,16.7,17.3,17.7,18.9,21.1,22.7,,,,,,,10.0,,11.1,2005-12-15T02:21:00,,,,9.1,2005-12-15T09:09:00,,,,,,,0.6,2005-12-15T13:00:00,,,,,,,,,,,,,,80,2005-12-15T02:21:00,,,,,,1027.2,2005-12-15T09:05:00,,,,1023.6,2005-12-15T14:56:00,,,,,,,,,,,,,,,,,,,2.5,19.7,1.8,2005-12-15T12:00:00,,,,17.3,,,0,,0,,0,,0,,0,,0,,0,,0,,0,,0,,0,,0,,0,,0,,0,,0,,0,,0,,0,,0,,0,,0,,0,,0,,0,,0,,0,,0,,0,,0,,0,,0,,3,,7,,9,,4,,1,,0,,,330,,,2.2,2005-12-15T02:51:00,,,0.0,,0.0,,0.0,,0.0,,0.0,,0.0,,0.0,,0.0,,0.0,,0.0,,0.0,,0.0,,0.0,,0.0,,0.0,,0.0,,0.0,,0.0,,0.0,,0.0,,0.0,,0.0,,0.0,,0.0,,0.0,,0.0,,0.0,,0.0,,0.0,,0.0,,0.0,,0.0,,5.0,,11.2,,15.2,,5.9,,2.1,,0.0,
2005-12-16,1023.9,1025.1,1026.1,2005-12-16T08:56:00,1021.7,2005-12-16T14:41:00,16.8,21.1,2005-12-16T13:18:00,14.5,2005-12-16T00:04:00,8.0,56,44,2005-12-16T13:31:00,2.1,330,10.6,20,2005-12-16T15:26:00,0.0,0.0,0.0,,0.0,,2.8,26.2,10.25,2.7,17.3,17.7,17.8,18.6,20.6,22.6,,,,,,,8.9,,9.8,2005-12-16T16:00:00,,,,7.0,2005-12-16T05:17:00,,,,,,,1.77,2005-12-16T13:00:00,,,,,,,,,,,,,,70,2005-12-16T00:01:00,,,,,,1027.3,2005-12-16T08:56:00,,,,1022.9,2005-12-16T14:41:00,,,,,,,,,,,,,,,,,,,6.6,19.6,4.4,2005-12-16T13:00:00,,,,17.3,,,0,,0,,1,,1,,0,,3,,0,,0,,0,,0,,0,,0,,0,,0,,0,,0,,0,,0,,0,,0,,0,,0,,0,,0,,0,,0,,0,,0,,0,,0,,0,,0,,1,,9,,5,,3,,1,,0,,,40,,,4.8,2005-12-16T15:44:00,,,0.0,,0.0,,1.9,,4.2,,0.0,,11.0,,0.0,,0.0,,0.0,,0.0,,0.0,,0.0,,0.0,,0.0,,0.0,,0.0,,0.0,,0.0,,0.0,,0.0,,0.0,,0.0,,0.0,,0.0,,0.0,,0.0,,0.0,,0.0,,0.0,,0.0,,0.0,,0.0,,1.7,,15.2,,8.5,,5.9,,1.9,,0.0,
2005-12-17,1023.4,1024.6,1025.0,2005-12-17T08:35:00,1020.6,2005-12-17T14:16:00,16.9,21.6,2005-12-17T12:29:00,14.0,2005-12-17T05:14:00,8.4,58,46,2005-12-17T10:31:00,3.0,330,14.9,70,2005-12-17T13:02:00,0.0,0.0,0.0,,0.0,,3.4,31.8,11.12,3.5,17.4,17.6,17.8,18.5,20.2,22.2,,,,,,,8.9,,11.4,2005-12-17T14:17:00,,,,6.2,2005-12-17T23:49:00,,,,,,,2.19,2005-12-17T13:00:00,,,,,,,,,,,,,,66,2005-12-17T04:42:00,,,,,,1026.2,2005-12-17T08:35:00,,,,1021.8,2005-12-17T14:16:00,,,,,,,,,,,,,,,,,,,7.6,19.4,4.9,2005-12-17T13:00:00,,,,18.9,,,0,,3,,1,,0,,1,,5,,0,,0,,0,,0,,0,,0,,0,,0,,0,,0,,0,,0,,0,,0,,0,,0,,0,,0,,0,,0,,0,,0,,0,,0,,0,,0,,1,,6,,2,,3,,2,,0,,,40,,,6.7,2005-12-17T13:05:00,,,0.0,,7.3,,2.1,,0.0,,5.9,,27.6,,0.0,,0.0,,0.0,,0.0,,0.0,,0.0,,0.0,,0.0,,0.0,,0.0,,0.0,,0.0,,0.0,,0.0,,0.0,,0.0,,0.0,,0.0,,0.0,,0.0,,0.0,,0.0,,0.0,,0.0,,0.0,,0.0,,1.6,,13.2,,3.6,,5.8,,5.8,,0.0,
2005-12-18,1022.9,1024.1,1025.8,2005-12-18T09:15:00,1020.6,2005-12-18T15:26:00,16.3,19.9,2005-12-18T14:16:00,14.0,2005-12-18T03:57:00,6.5,53,39,2005-12-18T14:15:00,2.2,10,10.0,40,2005-12-18T11:12:00,0.0,0.0,0.0,,0.0,,4.8,44.9,12.44,4.6,17.0,17.7,17.7,18.4,20.1,22.1,,,,,,,7.0,,8.2,2005-12-18T23:36:00,,,,5.0,2005-12-18T13:37:00,,,,,,,2.51,2005-12-18T12:00:00,,,,,,,,,,,,,,64,2005-12-18T23:36:00,,,,,,1027.0,2005-12-18T09:15:00,,,,1021.8,2005-12-18T15:26:00,,,,,,,,,,,,,,,,,,,5.9,19.2,5.5,2005-12-18T12:00:00,,,,17.5,,,0,,5,,2,,1,,1,,1,,0,,0,,0,,0,,0,,0,,0,,0,,0,,0,,0,,0,,0,,0,,0,,0,,0,,0,,0,,0,,0,,0,,0,,0,,0,,0,,0,,5,,3,,2,,4,,0,,,40,,,4.9,2005-12-18T15:23:00,,,0.0,,12.5,,5.0,,3.9,,4.0,,2.6,,0.0,,0.0,,0.0,,0.0,,0.0,,0.0,,0.0,,0.0,,0.0,,0.0,,0.0,,0.0,,0.0,,0.0,,0.0,,0.0,,0.0,,0.0,,0.0,,0.0,,0.0,,0.0,,0.0,,0.0,,0.0,,0.0,,0.0,,8.0,,4.6,,3.3,,9.3,,0.0,
2005-12-19,1020.0,1021.2,1022.1,2005-12-19T08:46:00,1017.8,2005-12-19T14:36:00,18.3,22.9,2005-12-19T14:15:00,13.7,2005-12-19T05:16:00,10.6,61,46,2005-12-19T10:20:00,2.3,330,10.7,60,2005-12-19T14:27:00,0.0,0.0,0.0,,0.0,,8.6,80.4,15.71,2.8,18.4,18.3,18.6,18.6,20.1,21.9,,,,,,,5.5,,13.6,2005-12-19T15:53:00,,,,7.2,2005-12-19T07:19:00,,,,,,,2.48,2005-12-19T13:00:00,,,,,,,,,,,,,,70,2005-12-19T02:03:00,,,,,,1023.3,2005-12-19T08:46:00,,,,1018.9,2005-12-19T14:36:00,,,,,,,,,,,,,,,,,,,9.2,19.4,6.3,2005-12-19T12:00:00,,,,19.4,,,0,,0,,1,,0,,2,,3,,3,,0,,0,,0,,0,,0,,0,,0,,0,,0,,0,,0,,0,,0,,0,,0,,0,,0,,0,,0,,0,,0,,0,,0,,0,,0,,2,,9,,3,,0,,1,,0,,,50,,,4.7,2005-12-19T14:21:00,,,0.0,,0.0,,2.2,,0.0,,6.7,,11.4,,10.2,,0.0,,0.0,,0.0,,0.0,,0.0,,0.0,,0.0,,0.0,,0.0,,0.0,,0.0,,0.0,,0.0,,0.0,,0.0,,0.0,,0.0,,0.0,,0.0,,0.0,,0.0,,0.0,,0.0,,0.0,,0.0,,3.0,,15.6,,5.4,,0.0,,1.6,,0.0,
2005-12-20,1019.0,1020.1,1021.1,2005-12-20T08:48:00,1016.6,2005-12-20T14:35:00,20.5,23.9,2005-12-20T11:54:00,17.5,2005-12-20T06:05:00,14.3,68,58,2005-12-20T09:06:00,2.2,330,10.7,20,2005-12-20T13:48:00,0.0,0.0,0.0,,0.0,,7.1,66.4,14.15,3.2,20.2,20.0,19.8,19.6,20.4,21.7,,,,,,,7.0,,17.3,2005-12-20T12:13:00,,,,11.3,2005-12-20T03:00:00,,,,,,,2.53,2005-12-20T13:00:00,,,,,,,,,,,,,,75,2005-12-20T23:55:00,,,,,,1022.3,2005-12-20T08:48:00,,,,1017.7,2005-12-20T14:35:00,,,,,,,,,,,,,,,,,,,6.4,20.1,6.4,2005-12-20T13:00:00,,,,21.6,,,0,,1,,0,,0,,3,,5,,2,,0,,0,,0,,0,,0,,0,,0,,0,,0,,0,,0,,0,,0,,0,,0,,0,,0,,0,,0,,0,,0,,0,,0,,0,,1,,2,,6,,3,,1,,0,,0,,,40,,,4.8,2005-12-20T13:41:00,,,0.0,,1.8,,0.0,,0.0,,9.7,,17.3,,7.8,,0.0,,0.0,,0.0,,0.0,,0.0,,0.0,,0.0,,0.0,,0.0,,0.0,,0.0,,0.0,,0.0,,0.0,,0.0,,0.0,,0.0,,0.0,,0.0,,0.0,,0.0,,0.0,,0.0,,0.0,,1.3,,2.0,,8.5,,3.9,,0.8,,0.0,,0.0,
2005-12-21,1020.4,1021.6,1023.2,2005-12-21T21:36:00,1017.5,2005-12-21T02:15:00,18.0,20.5,2005-12-21T09:28:00,14.9,2005-12-21T23:56:00,12.6,71,60,2005-12-21T11:12:00,3.2,40,15.4,30,2005-12-21T12:18:00,0.0,0.0,0.0,,0.0,,0.0,0.0,3.12,1.9,18.5,19.0,19.3,19.8,19.9,22.7,,,,,,,9.8,,15.3,2005-12-21T05:49:00,,,,9.8,2005-12-21T23:56:00,,,,,,,0.71,2005-12-21T12:00:00,,,,,,,,,,,,,,76,2005-12-21T02:08:00,,,,,,1024.4,2005-12-21T21:36:00,,,,1018.7,2005-12-21T02:15:00,,,,,,,,,,,,,,,,,,,5.6,20.5,2.2,2005-12-21T12:00:00,,,,17.5,,,0,,0,,1,,2,,9,,0,,0,,0,,0,,0,,0,,0,,0,,0,,0,,0,,0,,0,,0,,0,,0,,0,,0,,0,,0,,0,,0,,0,,0,,0,,0,,0,,1,,3,,5,,3,,0,,0,,,40,,,6.7,2005-12-21T10:32:00,,,0.0,,0.0,,2.2,,8.7,,51.5,,0.0,,0.0,,0.0,,0.0,,0.0,,0.0,,0.0,,0.0,,0.0,,0.0,,0.0,,0.0,,0.0,,0.0,,0.0,,0.0,,0.0,,0.0,,0.0,,0.0,,0.0,,0.0,,0.0,,0.0,,0.0,,0.0,,0.0,,1.2,,3.7,,6.9,,3.4,,0.0,,0.0,
2005-12-22,1022.0,1023.2,1024.0,2005-12-22T08:46:00,1020.0,2005-12-22T14:49:00,14.7,15.9,2005-12-22T13:10:00,13.3,2005-12-22T23:59:00,8.3,66,58,2005-12-22T11:09:00,1.7,330,7.8,40,2005-12-22T14:29:00,0.0,0.0,0.0,,0.0,,0.0,0.0,2.21,1.7,16.1,16.8,17.3,18.5,20.4,21.7,,,,,,,10.0,,10.2,2005-12-22T00:12:00,,,,7.3,2005-12-22T23:14:00,,,,,,,0.6,2005-12-22T11:00:00,,,,,,,,,,,,,,75,2005-12-22T00:23:00,,,,,,1025.2,2005-12-22T08:46:00,,,,1021.2,2005-12-22T14:49:00,,,,,,,,,,,,,,,,,,,2.6,19.6,1.1,2005-12-22T11:00:00,,,,16.9,,,0,,0,,1,,1,,1,,0,,0,,0,,0,,0,,0,,0,,0,,0,,0,,0,,0,,0,,0,,0,,0,,0,,0,,0,,0,,0,,0,,0,,0,,0,,0,,0,,1,,11,,7,,1,,1,,0,,,40,,,3.5,2005-12-22T14:30:00,,,0.0,,0.0,,2.3,,3.1,,3.2,,0.0,,0.0,,0.0,,0.0,,0.0,,0.0,,0.0,,0.0,,0.0,,0.0,,0.0,,0.0,,0.0,,0.0,,0.0,,0.0,,0.0,,0.0,,0.0,,0.0,,0.0,,0.0,,0.0,,0.0,,0.0,,0.0,,0.0,,1.5,,17.4,,9.9,,1.0,,1.5,,0.0,
2005-12-23,1021.0,1022.2,1023.3,2005-12-23T09:01:00,1019.0,2005-12-23T14:33:00,15.9,20.8,2005-12-23T13:33:00,13.0,2005-12-23T05:04:00,8.1,60,44,2005-12-23T10:51:00,1.7,310,6.7,10,2005-12-23T07:15:00,0.0,0.0,0.0,,0.0,,6.5,60.8,13.49,3.7,17.4,17.5,17.6,18.0,19.9,21.7,,,,,,,5.3,,9.6,2005-12-23T12:50:00,,,,6.3,2005-12-23T09:44:00,,,,,,,2.4,2005-12-23T13:00:00,,,,,,,,,,,,,,70,2005-12-23T05:38:00,,,,,,1024.5,2005-12-23T09:01:00,,,,1020.2,2005-12-23T14:33:00,,,,,,,,,,,,,,,,,,,7.8,19.0,6.4,2005-12-23T12:00:00,,,,19.4,,,0,,0,,0,,0,,0,,2,,2,,1,,0,,0,,1,,1,,0,,0,,0,,0,,0,,0,,0,,0,,0,,0,,0,,0,,0,,0,,0,,0,,0,,0,,0,,6,,1,,6,,2,,1,,1,,0,,,90,,,2.9,2005-12-23T13:44:00,,,0.0,,0.0,,0.0,,0.0,,0.0,,2.8,,4.4,,2.2,,0.0,,0.0,,2.6,,2.4,,0.0,,0.0,,0.0,,0.0,,0.0,,0.0,,0.0,,0.0,,0.0,,0.0,,0.0,,0.0,,0.0,,0.0,,0.0,,0.0,,0.0,,0.0,,0.0,,10.4,,1.8,,8.8,,3.8,,1.3,,0.5,,0.0,
2005-12-24,1019.8,1021.0,1021.9,2005-12-24T08:49:00,1017.4,2005-12-24T14:00:00,18.1,23.1,2005-12-24T13:04:00,13.0,2005-12-24T05:17:00,9.7,58,44,2005-12-24T09:20:00,1.6,320,6.4,100,2005-12-24T12:53:00,0.0,0.0,0.0,,0.0,,9.1,85.1,15.82,2.1,18.5,18.5,18.4,18.5,19.8,21.6,,,,,,,3.5,,13.1,2005-12-24T11:56:00,,,,5.8,2005-12-24T06:30:00,,,,,,,2.4,2005-12-24T13:00:00,,,,,,,,,,,,,,71,2005-12-24T00:18:00,,,,,,1023.1,2005-12-24T08:49:00,,,,1018.5,2005-12-24T14:00:00,,,,,,,,,,,,,,,,,,,10.1,19.3,6.8,2005-12-24T12:00:00,,,,19.8,,,0,,0,,0,,1,,0,,1,,1,,4,,1,,0,,0,,0,,0,,0,,0,,0,,0,,0,,0,,0,,0,,0,,0,,0,,0,,0,,0,,0,,0,,0,,0,,2,,6,,6,,1,,0,,1,,0,,,80,,,3.0,2005-12-24T12:56:00,,,0.0,,0.0,,0.0,,1.6,,0.0,,2.0,,1.6,,8.5,,2.2,,0.0,,0.0,,0.0,,0.0,,0.0,,0.0,,0.0,,0.0,,0.0,,0.0,,0.0,,0.0,,0.0,,0.0,,0.0,,0.0,,0.0,,0.0,,0.0,,0.0,,0.0,,0.0,,3.9,,9.5,,7.5,,0.9,,0.0,,1.1,,0.0,
2005-12-25,1017.8,1018.9,1019.6,2005-12-25T00:01:00,1015.4,2005-12-25T13:51:00,19.8,23.6,2005-12-25T10:27:00,17.0,2005-12-25T02:46:00,13.3,66,53,2005-12-25T10:16:00,1.3,320,5.3,270,2005-12-25T08:03:00,0.0,0.0,0.0,,0.0,,3.0,28.0,7.71,1.7,19.2,19.3,19.2,19.3,20.1,21.3,,,,,,,7.6,,15.3,2005-12-25T18:00:00,,,,11.1,2005-12-25T05:57:00,,,,,,,1.81,2005-12-25T11:00:00,,,,,,,,,,,,,,76,2005-12-25T20:44:00,,,,,,1020.8,2005-12-25T00:01:00,,,,1016.5,2005-12-25T13:51:00,,,,,,,,,,,,,,,,,,,6.6,19.8,4.4,2005-12-25T11:00:00,,,,18.5,,,0,,0,,0,,1,,1,,1,,1,,2,,0,,1,,0,,0,,0,,0,,0,,0,,0,,0,,0,,0,,0,,0,,0,,0,,0,,0,,0,,0,,0,,0,,0,,4,,9,,3,,0,,0,,1,,0,,,310,,,2.4,2005-12-25T02:33:00,,,0.0,,0.0,,0.0,,1.6,,2.0,,1.5,,1.6,,2.5,,0.0,,1.7,,0.0,,0.0,,0.0,,0.0,,0.0,,0.0,,0.0,,0.0,,0.0,,0.0,,0.0,,0.0,,0.0,,0.0,,0.0,,0.0,,0.0,,0.0,,0.0,,0.0,,0.0,,6.3,,10.9,,3.1,,0.0,,0.0,,0.5,,0.0,
2005-12-26,1018.9,1020.1,1021.8,2005-12-26T22:23:00,1016.8,2005-12-26T14:28:00,20.3,23.4,2005-12-26T12:46:00,18.0,2005-12-26T01:48:00,15.4,73,63,2005-12-26T12:14:00,1.5,50,10.7,30,2005-12-26T17:07:00,0.0,0.0,0.0,,0.0,,0.0,0.0,5.57,2.2,20.0,20.0,19.7,19.7,20.5,21.5,,,,,,,10.0,,17.6,2005-12-26T15:05:00,,,,13.5,2005-12-26T00:14:00,,,,,,,1.37,2005-12-26T13:00:00,,,,,,,,,,,,,,81,2005-12-26T09:52:00,,,,,,1023.0,2005-12-26T22:23:00,,,,1017.9,2005-12-26T14:28:00,,,,,,,,,,,,,,,,,,,5.4,20.3,4.4,2005-12-26T13:00:00,,,,16.9,,,0,,1,,1,,2,,1,,4,,1,,0,,0,,0,,0,,0,,0,,0,,0,,0,,0,,0,,0,,0,,0,,0,,0,,0,,0,,0,,0,,0,,0,,0,,0,,4,,2,,4,,4,,0,,0,,0,,,40,,,4.6,2005-12-26T16:20:00,,,0.0,,1.5,,0.8,,4.6,,3.5,,9.4,,2.3,,0.0,,0.0,,0.0,,0.0,,0.0,,0.0,,0.0,,0.0,,0.0,,0.0,,0.0,,0.0,,0.0,,0.0,,0.0,,0.0,,0.0,,0.0,,0.0,,0.0,,0.0,,0.0,,0.0,,0.0,,5.8,,1.9,,4.3,,2.9,,0.0,,0.0,,0.0,
2005-12-27,1020.8,1021.9,1022.2,2005-12-27T09:59:00,1019.0,2005-12-27T14:44:00,20.0,22.3,2005-12-27T14:48:00,18.6,2005-12-27T03:15:00,15.0,73,65,2005-12-27T12:39:00,1.6,340,10.1,30,2005-12-27T17:22:00,0.0,0.0,0.0,,0.0,,0.0,0.0,3.47,1.5,19.2,19.5,19.5,19.8,20.7,21.6,,,,,,,10.0,,17.9,2005-12-27T17:29:00,,,,13.7,2005-12-27T04:28:00,,,,,,,0.63,2005-12-27T15:00:00,,,,,,,,,,,,,,82,2005-12-27T17:35:00,,,,,,1023.4,2005-12-27T09:59:00,,,,1020.1,2005-12-27T14:44:00,,,,,,,,,,,,,,,,,,,3.7,20.4,2.0,2005-12-27T13:00:00,,,,16.9,,,0,,0,,1,,0,,4,,0,,0,,0,,0,,0,,0,,0,,0,,0,,0,,0,,0,,0,,0,,0,,0,,0,,0,,0,,0,,0,,0,,0,,0,,0,,0,,0,,0,,7,,9,,3,,0,,0,,,40,,,4.8,2005-12-27T16:21:00,,,0.0,,0.0,,1.6,,0.0,,14.1,,0.0,,0.0,,0.0,,0.0,,0.0,,0.0,,0.0,,0.0,,0.0,,0.0,,0.0,,0.0,,0.0,,0.0,,0.0,,0.0,,0.0,,0.0,,0.0,,0.0,,0.0,,0.0,,0.0,,0.0,,0.0,,0.0,,0.0,,0.0,,8.5,,10.3,,4.6,,0.0,,0.0,
2005-12-28,1019.0,1020.2,1021.1,2005-12-28T00:01:00,1016.9,2005-12-28T15:23:00,20.1,21.5,2005-12-28T10:16:00,19.1,2005-12-28T05:24:00,16.6,81,69,2005-12-28T09:48:00,0.9,340,7.5,360,2005-12-28T01:33:00,2.5,9.5,0.2,2005-12-28T18:10:00,0.6,2005-12-28T18:01:00,0.0,0.0,4.73,-0.9,19.8,20.0,19.9,20.0,20.7,21.6,,,,,,,10.0,,18.3,2005-12-28T14:02:00,,,,14.7,2005-12-28T04:10:00,,,,,,,0.99,2005-12-28T15:00:00,,,,,,,,,,,,,,91,2005-12-28T21:25:00,,,,,,1022.3,2005-12-28T00:01:00,,,,1018.0,2005-12-28T15:23:00,,,,,,,,,,,,,,,,,,,2.4,20.5,3.0,2005-12-28T13:00:00,,,,14.6,,,1,,2,,0,,0,,0,,0,,0,,0,,0,,0,,0,,0,,0,,0,,0,,0,,0,,0,,0,,0,,0,,0,,0,,0,,0,,0,,0,,0,,0,,0,,0,,0,,2,,5,,8,,4,,2,,0,,,20,,,3.3,2005-12-28T01:41:00,,,0.2,,2.1,,0.0,,0.0,,0.0,,0.0,,0.0,,0.0,,0.0,,0.0,,0.0,,0.0,,0.0,,0.0,,0.0,,0.0,,0.0,,0.0,,0.0,,0.0,,0.0,,0.0,,0.0,,0.0,,0.0,,0.0,,0.0,,0.0,,0.0,,0.0,,0.0,,0.0,,2.4,,3.6,,6.9,,4.6,,2.1,,0.0,
2005-12-29,1017.8,1018.9,1019.4,2005-12-29T09:20:00,1016.1,2005-12-29T14:44:00,20.6,22.5,2005-12-29T14:29:00,19.0,2005-12-29T03:22:00,19.3,92,86,2005-12-29T14:40:00,0.8,350,4.2,30,2005-12-29T02:17:00,13.5,22.5,1.0,2005-12-29T07:11:00,2.5,2005-12-29T10:51:00,0.0,0.0,4.23,-0.8,21.0,20.8,20.8,20.5,20.9,21.7,,,,,,,10.0,,20.9,2005-12-29T10:49:00,,,,17.5,2005-12-29T01:04:00,,,,,,,0.91,2005-12-29T13:00:00,,,,,,,,,,,,,,98,2005-12-29T11:37:00,,,,,,1020.6,2005-12-29T09:20:00,,,,1017.2,2005-12-29T14:44:00,,,,,,,,,,,,,,,,,,,3.5,20.8,3.4,2005-12-29T13:00:00,,,,10.5,,,1,,0,,0,,0,,0,,1,,0,,0,,0,,0,,0,,0,,0,,0,,0,,0,,0,,0,,0,,0,,0,,0,,0,,0,,0,,0,,0,,0,,0,,0,,0,,2,,2,,4,,3,,8,,3,,0,,,360,,,1.9,2005-12-29T02:21:00,,,0.2,,0.0,,0.0,,0.0,,0.0,,1.2,,0.0,,0.0,,0.0,,0.0,,0.0,,0.0,,0.0,,0.0,,0.0,,0.0,,0.0,,0.0,,0.0,,0.0,,0.0,,0.0,,0.0,,0.0,,0.0,,0.0,,0.0,,0.0,,0.0,,0.0,,0.0,,1.5,,1.6,,3.9,,1.9,,6.4,,2.7,,0.0,
2005-12-30,1017.1,1018.2,1019.0,2005-12-30T09:38:00,1015.1,2005-12-30T14:37:00,22.2,25.0,2005-12-30T12:59:00,20.2,2005-12-30T04:01:00,20.5,90,76,2005-12-30T10:25:00,0.9,70,5.1,320,2005-12-30T07:15:00,14.5,10.8,1.5,2005-12-30T00:17:00,3.5,2005-12-30T00:15:00,0.0,0.0,6.64,-0.7,22.5,22.2,21.9,21.4,21.4,21.9,,,,,,,10.0,,21.8,2005-12-30T13:13:00,,,,19.5,2005-12-30T05:05:00,,,,,,,1.2,2005-12-30T14:00:00,,,,,,,,,,,,,,98,2005-12-30T04:02:00,,,,,,1020.1,2005-12-30T09:38:00,,,,1016.2,2005-12-30T14:37:00,,,,,,,,,,,,,,,,,,,4.8,21.5,3.9,2005-12-30T12:00:00,,,,14.4,,,3,,0,,1,,0,,2,,0,,1,,3,,0,,0,,1,,0,,1,,0,,0,,0,,0,,0,,0,,0,,0,,0,,0,,0,,0,,0,,0,,0,,0,,2,,0,,0,,1,,3,,3,,2,,1,,0,,,60,,,2.1,2005-12-30T13:32:00,,,0.2,,0.0,,0.9,,0.0,,1.6,,0.0,,1.6,,4.1,,0.0,,0.0,,1.6,,0.0,,0.9,,0.0,,0.0,,0.0,,0.0,,0.0,,0.0,,0.0,,0.0,,0.0,,0.0,,0.0,,0.0,,0.0,,0.0,,0.0,,0.0,,1.4,,0.0,,0.0,,1.3,,2.5,,1.6,,2.4,,1.3,,0.0,
2005-12-31,1016.1,1017.2,1018.9,2005-12-31T23:40:00,1014.0,2005-12-31T03:21:00,22.8,26.8,2005-12-31T13:23:00,21.0,2005-12-31T03:00:00,20.1,85,76,2005-12-31T15:23:00,2.1,40,10.5,60,2005-12-31T14:15:00,0.0,0.0,0.0,,0.0,,2.4,22.4,9.54,2.2,23.4,23.1,22.6,22.2,22.0,21.8,,,,,,,9.5,,22.8,2005-12-31T13:24:00,,,,18.0,2005-12-31T23:23:00,,,,,,,2.15,2005-12-31T14:00:00,,,,,,,,,,,,,,96,2005-12-31T00:17:00,,,,,,1020.0,2005-12-31T23:40:00,,,,1015.1,2005-12-31T03:21:00,,,,,,,,,,,,,,,,,,,5.8,22.2,5.4,2005-12-31T13:00:00,,,,18.5,,,1,,0,,0,,3,,5,,3,,3,,0,,0,,0,,0,,0,,0,,0,,0,,0,,0,,0,,0,,0,,0,,0,,0,,0,,0,,0,,0,,0,,1,,0,,0,,0,,2,,0,,2,,2,,2,,0,,,60,,,4.7,2005-12-31T14:37:00,,,0.0,,0.0,,0.0,,6.7,,15.8,,10.3,,10.2,,0.0,,0.0,,0.0,,0.0,,0.0,,0.0,,0.0,,0.0,,0.0,,0.0,,0.0,,0.0,,0.0,,0.0,,0.0,,0.0,,0.0,,0.0,,0.0,,0.0,,0.0,,0.7,,0.0,,0.0,,0.0,,1.2,,0.0,,1.3,,1.9,,2.3,,0.0,
