,StnPres,Tx,RH,WS,WD,WSGust,WDGust,Precp,SunShine,GloblRad,TxSoil0cm,TxSoil10cm,TxSoil20cm,TxSoil50cm,TxSoil100cm
2023-01-01 01:00:00,686.5,-99.8,-99.8,3.0,115.0,7.0,115.0,0.5,-99.8,-99.8,-99.8,-99.8,-99.8,-99.8,-99.8
2023-01-01 02:00:00,-99.8,-99.8,-99.8,-99.8,-99.8,6.4,237.0,0.5,-99.8,-99.8,-99.8,-99.8,-99.8,-99.8,-99.8
2023-01-01 03:00:00,-99.8,-99.8,-99.8,-99.8,-99.8,-99.8,-99.8,0.0,-99.8,-99.8,-99.8,-99.8,-99.8,-99.8,-99.8
2023-01-01 04:00:00,685.8,-99.8,-99.8,2.5,265.0,4.3,240.0,0.5,-99.8,-99.8,-99.8,-99.8,-99.8,-99.8,-99.8
2023-01-01 05:00:00,686.1,-99.8,-99.8,1.2,222.0,4.7,255.0,1.0,-99.8,-99.8,-99.8,-99.8,-99.8,-99.8,-99.8
2023-01-01 06:00:00,686.4,-99.8,-99.8,1.0,129.0,5.8,261.0,1.0,-99.8,-99.8,-99.8,-99.8,-99.8,-99.8,-99.8
2023-01-01 07:00:00,686.8,-99.8,-99.8,1.4,118.0,4.8,247.0,0.0,-99.8,-99.8,-99.8,-99.8,-99.8,-99.8,-99.8
2023-01-01 08:00:00,687.2,-99.8,-99.8,2.5,116.0,4.6,115.0,1.5,-99.8,-99.8,-99.8,-99.8,-99.8,-99.8,-99.8
2023-01-01 09:00:00,687.6,-99.8,-99.8,1.8,263.0,3.9,258.0,0.5,-99.8,-99.8,-99.8,-99.8,-99.8,-99.8,-99.8
2023-01-01 10:00:00,687.6,-99.8,-99.8,1.9,279.0,4.0,284.0,0.5,-99.8,-99.8,-99.8,-99.8,-99.8,-99.8,-99.8
2023-01-01 11:00:00,687.4,-99.8,-99.8,0.9,192.0,4.3,287.0,0.0,-99.8,-99.8,-99.8,-99.8,-99.8,-99.8,-99.8
2023-01-01 12:00:00,687.0,-99.8,-99.8,2.0,267.0,4.1,256.0,0.0,-99.8,-99.8,-99.8,-99.8,-99.8,-99.8,-99.8
2023-01-01 13:00:00,686.2,-99.8,-99.8,1.6,152.0,6.3,147.0,0.0,-99.8,-99.8,-99.8,-99.8,-99.8,-99.8,-99.8
2023-01-01 14:00:00,685.9,-99.8,-99.8,0.9,179.0,4.7,149.0,1.0,-99.8,-99.8,-99.8,-99.8,-99.8,-99.8,-99.8
2023-01-01 15:00:00,685.9,-99.8,-99.8,0.9,271.0,6.0,100.0,1.0,-99.8,-99.8,-99.8,-99.8,-99.8,-99.8,-99.8
2023-01-01 16:00:00,686.1,-99.8,-99.8,1.6,161.0,4.8,59.0,0.5,-99.8,-99.8,-99.8,-99.8,-99.8,-99.8,-99.8
2023-01-01 17:00:00,686.3,-99.8,-99.8,1.9,140.0,7.0,109.0,0.5,-99.8,-99.8,-99.8,-99.8,-99.8,-99.8,-99.8
2023-01-01 18:00:00,686.7,-99.8,-99.8,2.0,133.0,7.1,150.0,0.5,-99.8,-99.8,-99.8,-99.8,-99.8,-99.8,-99.8
2023-01-01 19:00:00,687.1,-99.8,-99.8,2.3,147.0,9.2,145.0,0.0,-99.8,-99.8,-99.8,-99.8,-99.8,-99.8,-99.8
2023-01-01 20:00:00,687.3,-99.8,-99.8,3.3,137.0,6.6,126.0,0.5,-99.8,-99.8,-99.8,-99.8,-99.8,-99.8,-99.8
2023-01-01 21:00:00,687.5,-99.8,-99.8,1.8,122.0,4.6,122.0,0.0,-99.8,-99.8,-99.8,-99.8,-99.8,-99.8,-99.8
2023-01-01 22:00:00,687.7,-99.8,-99.8,2.4,265.0,7.2,104.0,0.0,-99.8,-99.8,-99.8,-99.8,-99.8,-99.8,-99.8
2023-01-01 23:00:00,687.6,-99.8,-99.8,2.1,199.0,7.4,260.0,0.0,-99.8,-99.8,-99.8,-99.8,-99.8,-99.8,-99.8
2023-01-02 00:00:00,687.2,-99.8,-99.8,1.9,179.0,7.4,260.0,0.0,-99.8,-99.8,-99.8,-99.8,-99.8,-99.8,-99.8
2023-01-02 01:00:00,686.9,-99.8,-99.8,3.1,145.0,8.3,140.0,0.5,-99.8,-99.8,-99.8,-99.8,-99.8,-99.8,-99.8
2023-01-02 02:00:00,686.4,-99.8,-99.8,7.5,125.0,13.4,118.0,0.5,-99.8,-99.8,-99.8,-99.8,-99.8,-99.8,-99.8
2023-01-02 03:00:00,686.0,-99.8,-99.8,2.3,161.0,12.4,136.0,0.5,-99.8,-99.8,-99.8,-99.8,-99.8,-99.8,-99.8
2023-01-02 04:00:00,685.8,-99.8,-99.8,4.7,140.0,10.4,142.0,0.0,-99.8,-99.8,-99.8,-99.8,-99.8,-99.8,-99.8
2023-01-02 05:00:00,685.7,-99.8,-99.8,4.2,114.0,10.2,86.0,1.5,-99.8,-99.8,-99.8,-99.8,-99.8,-99.8,-99.8
2023-01-02 06:00:00,-99.8,-99.8,-99.8,1.4,239.0,11.8,230.0,1.0,-99.8,-99.8,-99.8,-99.8,-99.8,-99.8,-99.8
2023-01-02 07:00:00,686.7,-99.8,-99.8,1.8,292.0,5.7,170.0,1.0,-99.8,-99.8,-99.8,-99.8,-99.8,-99.8,-99.8
2023-01-02 08:00:00,687.1,-99.8,-99.8,1.1,249.0,6.1,246.0,0.5,-99.8,-99.8,-99.8,-99.8,-99.8,-99.8,-99.8
2023-01-02 09:00:00,687.3,-99.8,-99.8,2.2,129.0,4.1,108.0,2.0,-99.8,-99.8,-99.8,-99.8,-99.8,-99.8,-99.8
2023-01-02 10:00:00,687.3,-99.8,-99.8,2.2,117.0,5.9,110.0,1.5,-99.8,-99.8,-99.8,-99.8,-99.8,-99.8,-99.8
2023-01-02 11:00:00,686.8,-99.8,-99.8,3.5,121.0,7.1,118.0,1.5,-99.8,-99.8,-99.8,-99.8,-99.8,-99.8,-99.8
2023-01-02 12:00:00,686.5,-99.8,-99.8,1.2,163.0,5.4,113.0,1.5,-99.8,-99.8,-99.8,-99.8,-99.8,-99.8,-99.8
2023-01-02 13:00:00,685.8,-99.8,-99.8,2.7,270.0,5.9,274.0,1.0,-99.8,-99.8,-99.8,-99.8,-99.8,-99.8,-99.8
2023-01-02 14:00:00,685.4,-99.8,-99.8,3.1,268.0,6.0,283.0,1.5,-99.8,-99.8,-99.8,-99.8,-99.8,-99.8,-99.8
2023-01-02 15:00:00,685.2,-99.8,-99.8,3.1,271.0,6.9,270.0,0.5,-99.8,-99.8,-99.8,-99.8,-99.8,-99.8,-99.8
2023-01-02 16:00:00,685.1,-99.8,-99.8,4.7,282.0,7.0,266.0,1.0,-99.8,-99.8,-99.8,-99.8,-99.8,-99.8,-99.8
2023-01-02 17:00:00,686.5,-99.8,-99.8,6.6,274.0,12.4,265.0,0.5,-99.8,-99.8,-99.8,-99.8,-99.8,-99.8,-99.8
2023-01-02 18:00:00,685.9,-99.8,-99.8,8.4,282.0,13.2,285.0,0.0,-99.8,-99.8,-99.8,-99.8,-99.8,-99.8,-99.8
2023-01-02 19:00:00,685.3,-99.8,-99.8,6.6,281.0,12.7,282.0,0.0,-99.8,-99.8,-99.8,-99.8,-99.8,-99.8,-99.8
2023-01-02 20:00:00,685.6,-99.8,-99.8,7.4,286.0,11.3,288.0,0.0,-99.8,-99.8,-99.8,-99.8,-99.8,-99.8,-99.8
2023-01-02 21:00:00,685.9,-99.8,-99.8,7.2,285.0,12.0,281.0,0.0,-99.8,-99.8,-99.8,-99.8,-99.8,-99.8,-99.8
2023-01-02 22:00:00,686.5,-99.8,-99.8,5.9,283.0,10.9,295.0,0.0,-99.8,-99.8,-99.8,-99.8,-99.8,-99.8,-99.8
2023-01-02 23:00:00,686.3,-99.8,-99.8,6.5,284.0,10.1,289.0,0.0,-99.8,-99.8,-99.8,-99.8,-99.8,-99.8,-99.8
2023-01-03 00:00:00,686.0,-99.8,-99.8,5.4,280.0,10.5,302.0,0.0,-99.8,-99.8,-99.8,-99.8,-99.8,-99.8,-99.8
2023-01-03 01:00:00,685.6,-99.8,-99.8,6.3,283.0,9.9,288.0,0.0,-99.8,-99.8,-99.8,-99.8,-99.8,-99.8,-99.8
2023-01-03 02:00:00,685.4,-99.8,-99.8,6.8,283.0,9.6,286.0,0.0,-99.8,-99.8,-99.8,-99.8,-99.8,-99.8,-99.8
2023-01-03 03:00:00,685.2,-99.8,-99.8,7.1,285.0,10.6,288.0,0.0,-99.8,-99.8,-99.8,-99.8,-99.8,-99.8,-99.8
2023-01-03 04:00:00,685.0,-99.8,-99.8,8.6,283.0,17.0,292.0,0.0,-99.8,-99.8,-99.8,-99.8,-99.8,-99.8,-99.8
2023-01-03 05:00:00,684.7,-99.8,-99.8,8.9,285.0,15.0,303.0,0.0,-99.8,-99.8,-99.8,-99.8,-99.8,-99.8,-99.8
2023-01-03 06:00:00,685.2,-99.8,-99.8,8.8,280.0,18.5,296.0,0.0,-99.8,-99.8,-99.8,-99.8,-99.8,-99.8,-99.8
2023-01-03 07:00:00,685.5,-99.8,-99.8,8.2,276.0,16.1,279.0,0.0,-99.8,-99.8,-99.8,-99.8,-99.8,-99.8,-99.8
2023-01-03 08:00:00,686.1,-99.8,-99.8,7.2,278.0,15.0,276.0,0.0,-99.8,-99.8,-99.8,-99.8,-99.8,-99.8,-99.8
2023-01-03 09:00:00,686.4,-99.8,-99.8,7.0,280.0,13.1,279.0,0.0,-99.8,-99.8,-99.8,-99.8,-99.8,-99.8,-99.8
2023-01-03 10:00:00,686.3,-99.8,-99.8,5.9,281.0,12.1,286.0,0.0,-99.8,-99.8,-99.8,-99.8,-99.8,-99.8,-99.8
2023-01-03 11:00:00,686.0,-99.8,-99.8,5.2,272.0,10.8,285.0,0.0,-99.8,-99.8,-99.8,-99.8,-99.8,-99.8,-99.8
2023-01-03 12:00:00,685.5,-99.8,-99.8,4.8,267.0,10.8,260.0,0.0,-99.8,-99.8,-99.8,-99.8,-99.8,-99.8,-99.8
2023-01-03 13:00:00,684.9,-99.8,-99.8,4.5,273.0,9.4,265.0,0.0,-99.8,-99.8,-99.8,-99.8,-99.8,-99.8,-99.8
2023-01-03 14:00:00,684.6,-99.8,-99.8,5.2,275.0,9.9,278.0,0.0,-99.8,-99.8,-99.8,-99.8,-99.8,-99.8,-99.8
2023-01-03 15:00:00,684.5,-99.8,-99.8,4.3,268.0,8.2,279.0,0.0,-99.8,-99.8,-99.8,-99.8,-99.8,-99.8,-99.8
2023-01-03 16:00:00,684.6,-99.8,-99.8,4.1,271.0,9.2,257.0,0.0,-99.8,-99.8,-99.8,-99.8,-99.8,-99.8,-99.8
2023-01-03 17:00:00,684.6,-99.8,-99.8,4.5,273.0,8.1,253.0,0.0,-99.8,-99.8,-99.8,-99.8,-99.8,-99.8,-99.8
2023-01-03 18:00:00,684.7,-99.8,-99.8,4.9,273.0,8.7,257.0,0.0,-99.8,-99.8,-99.8,-99.8,-99.8,-99.8,-99.8
2023-01-03 19:00:00,684.9,-99.8,-99.8,5.6,277.0,11.9,287.0,0.0,-99.8,-99.8,-99.8,-99.8,-99.8,-99.8,-99.8
2023-01-03 20:00:00,685.3,-99.8,-99.8,5.1,280.0,10.9,286.0,0.0,-99.8,-99.8,-99.8,-99.8,-99.8,-99.8,-99.8
2023-01-03 21:00:00,685.1,-99.8,-99.8,5.7,280.0,9.7,275.0,0.0,-99.8,-99.8,-99.8,-99.8,-99.8,-99.8,-99.8
2023-01-03 22:00:00,685.3,-99.8,-99.8,5.3,272.0,10.1,281.0,0.0,-99.8,-99.8,-99.8,-99.8,-99.8,-99.8,-99.8
2023-01-03 23:00:00,685.1,-99.8,-99.8,5.5,280.0,9.6,286.0,0.0,-99.8,-99.8,-99.8,-99.8,-99.8,-99.8,-99.8
2023-01-04 00:00:00,684.8,-99.8,-99.8,5.2,280.0,9.1,286.0,0.0,-99.8,-99.8,-99.8,-99.8,-99.8,-99.8,-99.8
2023-01-04 01:00:00,684.6,-99.8,-99.8,6.7,276.0,11.2,282.0,0.0,-99.8,-99.8,-99.8,-99.8,-99.8,-99.8,-99.8
2023-01-04 02:00:00,684.3,-99.8,-99.8,7.8,282.0,11.8,285.0,0.0,-99.8,-99.8,-99.8,-99.8,-99.8,-99.8,-99.8
2023-01-04 03:00:00,684.0,-99.8,-99.8,7.8,281.0,12.6,282.0,0.0,-99.8,-99.8,-99.8,-99.8,-99.8,-99.8,-99.8
2023-01-04 04:00:00,683.9,-99.8,-99.8,6.7,280.0,12.5,287.0,0.0,-99.8,-99.8,-99.8,-99.8,-99.8,-99.8,-99.8
2023-01-04 05:00:00,684.1,-99.8,-99.8,8.0,281.0,12.7,282.0,0.0,-99.8,-99.8,-99.8,-99.8,-99.8,-99.8,-99.8
2023-01-04 06:00:00,684.5,-99.8,-99.8,7.9,276.0,13.7,281.0,0.0,-99.8,-99.8,-99.8,-99.8,-99.8,-99.8,-99.8
2023-01-04 07:00:00,684.8,-99.8,-99.8,6.1,277.0,12.1,269.0,0.0,-99.8,-99.8,-99.8,-99.8,-99.8,-99.8,-99.8
2023-01-04 08:00:00,685.3,-99.8,-99.8,6.0,277.0,11.6,285.0,0.0,-99.8,-99.8,-99.8,-99.8,-99.8,-99.8,-99.8
2023-01-04 09:00:00,686.8,-99.8,-99.8,5.1,272.0,13.1,283.0,0.0,-99.8,-99.8,-99.8,-99.8,-99.8,-99.8,-99.8
2023-01-04 10:00:00,687.3,-99.8,-99.8,5.5,269.0,10.0,271.0,0.0,-99.8,-99.8,-99.8,-99.8,-99.8,-99.8,-99.8
2023-01-04 11:00:00,685.1,-99.8,-99.8,6.7,273.0,12.6,282.0,0.0,-99.8,-99.8,-99.8,-99.8,-99.8,-99.8,-99.8
2023-01-04 12:00:00,685.3,-99.8,-99.8,5.5,271.0,11.7,259.0,0.0,-99.8,-99.8,-99.8,-99.8,-99.8,-99.8,-99.8
2023-01-04 13:00:00,685.4,-99.8,-99.8,5.8,272.0,11.9,285.0,0.0,-99.8,-99.8,-99.8,-99.8,-99.8,-99.8,-99.8
2023-01-04 14:00:00,685.3,-99.8,-99.8,5.6,271.0,10.8,255.0,0.0,-99.8,-99.8,-99.8,-99.8,-99.8,-99.8,-99.8
2023-01-04 15:00:00,685.3,-99.8,-99.8,4.7,276.0,9.3,265.0,0.0,-99.8,-99.8,-99.8,-99.8,-99.8,-99.8,-99.8
2023-01-04 16:00:00,685.2,-99.8,-99.8,4.6,276.0,8.9,267.0,0.0,-99.8,-99.8,-99.8,-99.8,-99.8,-99.8,-99.8
2023-01-04 17:00:00,685.1,-99.8,-99.8,4.1,273.0,7.2,277.0,0.0,-99.8,-99.8,-99.8,-99.8,-99.8,-99.8,-99.8
2023-01-04 18:00:00,684.8,-99.8,-99.8,4.1,271.0,8.8,261.0,0.0,-99.8,-99.8,-99.8,-99.8,-99.8,-99.8,-99.8
2023-01-04 19:00:00,684.8,-99.8,-99.8,4.2,270.0,8.4,255.0,0.0,-99.8,-99.8,-99.8,-99.8,-99.8,-99.8,-99.8
2023-01-04 20:00:00,685.0,-99.8,-99.8,3.4,265.0,8.1,267.0,0.0,-99.8,-99.8,-99.8,-99.8,-99.8,-99.8,-99.8
2023-01-04 21:00:00,685.9,-99.8,-99.8,2.5,245.0,7.7,234.0,0.0,-99.8,-99.8,-99.8,-99.8,-99.8,-99.8,-99.8
2023-01-04 22:00:00,686.0,-99.8,-99.8,2.5,250.0,6.2,256.0,0.0,-99.8,-99.8,-99.8,-99.8,-99.8,-99.8,-99.8
2023-01-04 23:00:00,683.1,-99.8,-99.8,1.4,147.0,4.1,258.0,0.0,-99.8,-99.8,-99.8,-99.8,-99.8,-99.8,-99.8
2023-01-05 00:00:00,682.0,-99.8,-99.8,1.4,137.0,5.2,110.0,0.0,-99.8,-99.8,-99.8,-99.8,-99.8,-99.8,-99.8
2023-01-05 01:00:00,683.5,-99.8,-99.8,4.5,126.0,7.0,90.0,0.0,-99.8,-99.8,-99.8,-99.8,-99.8,-99.8,-99.8
2023-01-05 02:00:00,684.7,-99.8,-99.8,2.3,132.0,8.0,112.0,0.0,-99.8,-99.8,-99.8,-99.8,-99.8,-99.8,-99.8
2023-01-05 03:00:00,686.1,-99.8,-99.8,3.0,226.0,6.7,231.0,0.0,-99.8,-99.8,-99.8,-99.8,-99.8,-99.8,-99.8
2023-01-05 04:00:00,686.9,-99.8,-99.8,4.7,269.0,10.6,259.0,0.0,-99.8,-99.8,-99.8,-99.8,-99.8,-99.8,-99.8
2023-01-05 05:00:00,685.4,-99.8,-99.8,3.5,284.0,7.5,255.0,0.0,-99.8,-99.8,-99.8,-99.8,-99.8,-99.8,-99.8
2023-01-05 06:00:00,686.1,-99.8,-99.8,0.5,183.0,6.7,258.0,0.0,-99.8,-99.8,-99.8,-99.8,-99.8,-99.8,-99.8
2023-01-05 07:00:00,686.5,-99.8,-99.8,4.3,102.0,6.0,104.0,0.0,-99.8,-99.8,-99.8,-99.8,-99.8,-99.8,-99.8
2023-01-05 08:00:00,687.1,-99.8,-99.8,2.3,120.0,4.7,108.0,-999.6,-99.8,-99.8,-99.8,-99.8,-99.8,-99.8,-99.8
2023-01-05 09:00:00,687.4,-99.8,-99.8,1.9,129.0,4.5,101.0,0.0,-99.8,-99.8,-99.8,-99.8,-99.8,-99.8,-99.8
2023-01-05 10:00:00,687.4,-99.8,-99.8,2.5,134.0,5.2,127.0,0.0,-99.8,-99.8,-99.8,-99.8,-99.8,-99.8,-99.8
2023-01-05 11:00:00,687.2,-99.8,-99.8,1.3,275.0,4.4,107.0,0.0,-99.8,-99.8,-99.8,-99.8,-99.8,-99.8,-99.8
2023-01-05 12:00:00,686.7,-99.8,-99.8,2.6,272.0,5.0,274.0,0.0,-99.8,-99.8,-99.8,-99.8,-99.8,-99.8,-99.8
2023-01-05 13:00:00,686.1,-99.8,-99.8,3.8,284.0,6.4,285.0,0.0,-99.8,-99.8,-99.8,-99.8,-99.8,-99.8,-99.8
2023-01-05 14:00:00,1019.3,-99.8,-99.8,4.2,282.0,7.2,291.0,0.0,-99.8,-99.8,-99.8,-99.8,-99.8,-99.8,-99.8
2023-01-05 15:00:00,685.3,-99.8,-99.8,4.2,282.0,7.8,290.0,0.0,-99.8,-99.8,-99.8,-99.8,-99.8,-99.8,-99.8
2023-01-05 16:00:00,685.5,-99.8,-99.8,3.7,283.0,7.1,282.0,0.0,-99.8,-99.8,-99.8,-99.8,-99.8,-99.8,-99.8
2023-01-05 17:00:00,685.6,-99.8,-99.8,4.7,286.0,7.0,290.0,0.0,-99.8,-99.8,-99.8,-99.8,-99.8,-99.8,-99.8
2023-01-05 18:00:00,686.0,-99.8,-99.8,3.7,278.0,6.9,291.0,0.0,-99.8,-99.8,-99.8,-99.8,-99.8,-99.8,-99.8
2023-01-05 19:00:00,686.5,-99.8,-99.8,2.9,276.0,5.7,284.0,0.0,-99.8,-99.8,-99.8,-99.8,-99.8,-99.8,-99.8
2023-01-05 20:00:00,686.8,-99.8,-99.8,2.1,254.0,4.4,253.0,0.0,-99.8,-99.8,-99.8,-99.8,-99.8,-99.8,-99.8
2023-01-05 21:00:00,687.0,-99.8,-99.8,3.5,284.0,5.7,255.0,0.0,-99.8,-99.8,-99.8,-99.8,-99.8,-99.8,-99.8
2023-01-05 22:00:00,687.1,-99.8,-99.8,2.9,270.0,5.5,258.0,0.0,-99.8,-99.8,-99.8,-99.8,-99.8,-99.8,-99.8
2023-01-05 23:00:00,686.9,-99.8,-99.8,3.8,273.0,6.3,260.0,0.0,-99.8,-99.8,-99.8,-99.8,-99.8,-99.8,-99.8
2023-01-06 00:00:00,686.4,-99.8,-99.8,4.8,279.0,8.9,289.0,0.0,-99.8,-99.8,-99.8,-99.8,-99.8,-99.8,-99.8
2023-01-06 01:00:00,685.9,-99.8,-99.8,6.6,286.0,10.7,287.0,0.0,-99.8,-99.8,-99.8,-99.8,-99.8,-99.8,-99.8
2023-01-06 02:00:00,685.5,-99.8,-99.8,6.0,281.0,10.7,288.0,0.0,-99.8,-99.8,-99.8,-99.8,-99.8,-99.8,-99.8
2023-01-06 03:00:00,685.0,-99.8,-99.8,6.9,285.0,12.5,287.0,0.0,-99.8,-99.8,-99.8,-99.8,-99.8,-99.8,-99.8
2023-01-06 04:00:00,684.7,-99.8,-99.8,8.5,290.0,11.6,292.0,0.0,-99.8,-99.8,-99.8,-99.8,-99.8,-99.8,-99.8
2023-01-06 05:00:00,684.7,-99.8,-99.8,8.5,283.0,13.0,286.0,0.0,-99.8,-99.8,-99.8,-99.8,-99.8,-99.8,-99.8
2023-01-06 06:00:00,685.3,-99.8,-99.8,8.1,290.0,13.9,274.0,0.0,-99.8,-99.8,-99.8,-99.8,-99.8,-99.8,-99.8
2023-01-06 07:00:00,685.5,-99.8,-99.8,6.7,286.0,11.8,287.0,0.0,-99.8,-99.8,-99.8,-99.8,-99.8,-99.8,-99.8
2023-01-06 08:00:00,685.7,-99.8,-99.8,6.4,282.0,10.8,291.0,0.0,-99.8,-99.8,-99.8,-99.8,-99.8,-99.8,-99.8
2023-01-06 09:00:00,686.3,-99.8,-99.8,4.9,273.0,10.7,285.0,0.0,-99.8,-99.8,-99.8,-99.8,-99.8,-99.8,-99.8
2023-01-06 10:00:00,686.4,-99.8,-99.8,5.3,283.0,9.0,288.0,0.0,-99.8,-99.8,-99.8,-99.8,-99.8,-99.8,-99.8
2023-01-06 11:00:00,686.1,-99.8,-99.8,5.0,281.0,9.4,289.0,0.0,-99.8,-99.8,-99.8,-99.8,-99.8,-99.8,-99.8
2023-01-06 12:00:00,685.5,-99.8,-99.8,5.5,280.0,8.8,283.0,0.0,-99.8,-99.8,-99.8,-99.8,-99.8,-99.8,-99.8
2023-01-06 13:00:00,684.9,-99.8,-99.8,5.2,274.0,9.5,290.0,0.0,-99.8,-99.8,-99.8,-99.8,-99.8,-99.8,-99.8
2023-01-06 14:00:00,684.6,-99.8,-99.8,4.8,273.0,10.0,283.0,0.0,-99.8,-99.8,-99.8,-99.8,-99.8,-99.8,-99.8
2023-01-06 15:00:00,684.0,-99.8,-99.8,5.8,277.0,11.2,283.0,0.0,-99.8,-99.8,-99.8,-99.8,-99.8,-99.8,-99.8
2023-01-06 16:00:00,684.0,-99.8,-99.8,4.9,279.0,10.5,283.0,0.0,-99.8,-99.8,-99.8,-99.8,-99.8,-99.8,-99.8
2023-01-06 17:00:00,684.1,-99.8,-99.8,5.5,281.0,9.4,287.0,0.0,-99.8,-99.8,-99.8,-99.8,-99.8,-99.8,-99.8
2023-01-06 18:00:00,684.2,-99.8,-99.8,7.6,287.0,12.0,284.0,0.0,-99.8,-99.8,-99.8,-99.8,-99.8,-99.8,-99.8
2023-01-06 19:00:00,684.4,-99.8,-99.8,6.8,282.0,12.9,286.0,0.0,-99.8,-99.8,-99.8,-99.8,-99.8,-99.8,-99.8
2023-01-06 20:00:00,684.5,-99.8,-99.8,5.8,279.0,11.0,291.0,0.0,-99.8,-99.8,-99.8,-99.8,-99.8,-99.8,-99.8
2023-01-06 21:00:00,684.6,-99.8,-99.8,5.1,277.0,11.5,256.0,0.0,-99.8,-99.8,-99.8,-99.8,-99.8,-99.8,-99.8
2023-01-06 22:00:00,684.4,-99.8,-99.8,6.6,282.0,10.4,287.0,0.0,-99.8,-99.8,-99.8,-99.8,-99.8,-99.8,-99.8
2023-01-06 23:00:00,684.4,-99.8,-99.8,5.9,283.0,10.4,287.0,0.0,-99.8,-99.8,-99.8,-99.8,-99.8,-99.8,-99.8
2023-01-07 00:00:00,685.3,-99.8,-99.8,7.2,286.0,11.3,285.0,0.0,-99.8,-99.8,-99.8,-99.8,-99.8,-99.8,-99.8
2023-01-07 01:00:00,683.6,-99.8,-99.8,9.6,292.0,13.5,289.0,0.0,-99.8,-99.8,-99.8,-99.8,-99.8,-99.8,-99.8
2023-01-07 02:00:00,682.8,-99.8,-99.8,8.6,285.0,15.3,285.0,0.0,-99.8,-99.8,-99.8,-99.8,-99.8,-99.8,-99.8
2023-01-07 03:00:00,684.2,-99.8,-99.8,8.0,286.0,12.7,286.0,0.0,-99.8,-99.8,-99.8,-99.8,-99.8,-99.8,-99.8
2023-01-07 04:00:00,682.8,-99.8,-99.8,6.6,283.0,12.5,286.0,0.0,-99.8,-99.8,-99.8,-99.8,-99.8,-99.8,-99.8
2023-01-07 05:00:00,682.8,-99.8,-99.8,7.1,289.0,11.3,281.0,0.0,-99.8,-99.8,-99.8,-99.8,-99.8,-99.8,-99.8
2023-01-07 06:00:00,682.9,-99.8,-99.8,7.0,288.0,10.1,284.0,0.0,-99.8,-99.8,-99.8,-99.8,-99.8,-99.8,-99.8
2023-01-07 07:00:00,683.1,-99.8,-99.8,7.6,287.0,11.5,284.0,0.0,-99.8,-99.8,-99.8,-99.8,-99.8,-99.8,-99.8
2023-01-07 08:00:00,683.3,-99.8,-99.8,6.4,283.0,11.2,288.0,0.0,-99.8,-99.8,-99.8,-99.8,-99.8,-99.8,-99.8
2023-01-07 09:00:00,683.6,-99.8,-99.8,7.0,282.0,11.4,285.0,0.0,-99.8,-99.8,-99.8,-99.8,-99.8,-99.8,-99.8
2023-01-07 10:00:00,683.7,-99.8,-99.8,5.8,279.0,11.9,287.0,0.0,-99.8,-99.8,-99.8,-99.8,-99.8,-99.8,-99.8
2023-01-07 11:00:00,683.4,-99.8,-99.8,6.0,274.0,10.8,284.0,0.0,-99.8,-99.8,-99.8,-99.8,-99.8,-99.8,-99.8
2023-01-07 12:00:00,683.1,-99.8,-99.8,6.6,278.0,12.4,290.0,0.0,-99.8,-99.8,-99.8,-99.8,-99.8,-99.8,-99.8
2023-01-07 13:00:00,684.3,-99.8,-99.8,5.9,273.0,11.3,264.0,0.0,-99.8,-99.8,-99.8,-99.8,-99.8,-99.8,-99.8
2023-01-07 14:00:00,683.7,-99.8,-99.8,6.4,273.0,12.6,291.0,0.0,-99.8,-99.8,-99.8,-99.8,-99.8,-99.8,-99.8
2023-01-07 15:00:00,682.9,-99.8,-99.8,7.0,275.0,11.9,262.0,0.0,-99.8,-99.8,-99.8,-99.8,-99.8,-99.8,-99.8
2023-01-07 16:00:00,681.9,-99.8,-99.8,7.1,275.0,13.1,285.0,0.0,-99.8,-99.8,-99.8,-99.8,-99.8,-99.8,-99.8
2023-01-07 17:00:00,682.0,-99.8,-99.8,6.1,271.0,11.3,271.0,0.0,-99.8,-99.8,-99.8,-99.8,-99.8,-99.8,-99.8
2023-01-07 18:00:00,682.2,-99.8,-99.8,6.5,276.0,11.3,288.0,0.0,-99.8,-99.8,-99.8,-99.8,-99.8,-99.8,-99.8
2023-01-07 19:00:00,683.1,-99.8,-99.8,8.0,280.0,13.8,282.0,0.0,-99.8,-99.8,-99.8,-99.8,-99.8,-99.8,-99.8
2023-01-07 20:00:00,684.3,-99.8,-99.8,7.4,281.0,14.5,293.0,0.0,-99.8,-99.8,-99.8,-99.8,-99.8,-99.8,-99.8
2023-01-07 21:00:00,684.2,-99.8,-99.8,7.9,284.0,14.8,259.0,0.0,-99.8,-99.8,-99.8,-99.8,-99.8,-99.8,-99.8
2023-01-07 22:00:00,684.3,-99.8,-99.8,8.4,285.0,14.3,284.0,0.0,-99.8,-99.8,-99.8,-99.8,-99.8,-99.8,-99.8
2023-01-07 23:00:00,684.2,-99.8,-99.8,7.8,283.0,13.3,286.0,0.0,-99.8,-99.8,-99.8,-99.8,-99.8,-99.8,-99.8
2023-01-08 00:00:00,683.8,-99.8,-99.8,7.3,284.0,11.9,275.0,0.0,-99.8,-99.8,-99.8,-99.8,-99.8,-99.8,-99.8
2023-01-08 01:00:00,684.9,-99.8,-99.8,8.9,290.0,11.4,284.0,0.0,-99.8,-99.8,-99.8,-99.8,-99.8,-99.8,-99.8
2023-01-08 02:00:00,682.8,-99.8,-99.8,9.1,294.0,11.9,288.0,0.0,-99.8,-99.8,-99.8,-99.8,-99.8,-99.8,-99.8
2023-01-08 03:00:00,684.3,-99.8,-99.8,8.7,289.0,13.5,287.0,0.0,-99.8,-99.8,-99.8,-99.8,-99.8,-99.8,-99.8
2023-01-08 04:00:00,682.8,-99.8,-99.8,7.2,287.0,11.3,289.0,0.0,-99.8,-99.8,-99.8,-99.8,-99.8,-99.8,-99.8
2023-01-08 05:00:00,683.5,-99.8,-99.8,5.6,287.0,10.3,288.0,0.0,-99.8,-99.8,-99.8,-99.8,-99.8,-99.8,-99.8
2023-01-08 06:00:00,684.1,-99.8,-99.8,6.8,290.0,9.5,294.0,0.0,-99.8,-99.8,-99.8,-99.8,-99.8,-99.8,-99.8
2023-01-08 07:00:00,684.6,-99.8,-99.8,6.3,289.0,8.1,282.0,0.0,-99.8,-99.8,-99.8,-99.8,-99.8,-99.8,-99.8
2023-01-08 08:00:00,685.1,-99.8,-99.8,6.4,290.0,10.0,300.0,0.0,-99.8,-99.8,-99.8,-99.8,-99.8,-99.8,-99.8
2023-01-08 09:00:00,685.8,-99.8,-99.8,5.5,291.0,8.7,296.0,0.0,-99.8,-99.8,-99.8,-99.8,-99.8,-99.8,-99.8
2023-01-08 10:00:00,686.0,-99.8,-99.8,5.1,290.0,7.6,287.0,0.0,-99.8,-99.8,-99.8,-99.8,-99.8,-99.8,-99.8
2023-01-08 11:00:00,685.8,-99.8,-99.8,4.2,291.0,7.4,288.0,0.0,-99.8,-99.8,-99.8,-99.8,-99.8,-99.8,-99.8
2023-01-08 12:00:00,685.2,-99.8,-99.8,5.2,290.0,7.5,285.0,0.0,-99.8,-99.8,-99.8,-99.8,-99.8,-99.8,-99.8
2023-01-08 13:00:00,684.6,-99.8,-99.8,8.6,291.0,12.2,286.0,0.0,-99.8,-99.8,-99.8,-99.8,-99.8,-99.8,-99.8
2023-01-08 14:00:00,684.4,-99.8,-99.8,6.9,284.0,11.7,283.0,0.0,-99.8,-99.8,-99.8,-99.8,-99.8,-99.8,-99.8
2023-01-08 15:00:00,684.0,-99.8,-99.8,7.0,281.0,14.1,286.0,0.0,-99.8,-99.8,-99.8,-99.8,-99.8,-99.8,-99.8
2023-01-08 16:00:00,684.3,-99.8,-99.8,5.9,280.0,12.1,282.0,0.0,-99.8,-99.8,-99.8,-99.8,-99.8,-99.8,-99.8
2023-01-08 17:00:00,684.5,-99.8,-99.8,7.1,285.0,12.0,256.0,0.0,-99.8,-99.8,-99.8,-99.8,-99.8,-99.8,-99.8
2023-01-08 18:00:00,684.9,-99.8,-99.8,5.7,282.0,10.5,286.0,0.0,-99.8,-99.8,-99.8,-99.8,-99.8,-99.8,-99.8
2023-01-08 19:00:00,685.4,-99.8,-99.8,5.0,281.0,8.4,284.0,0.0,-99.8,-99.8,-99.8,-99.8,-99.8,-99.8,-99.8
2023-01-08 20:00:00,685.6,-99.8,-99.8,6.2,290.0,9.7,289.0,0.0,-99.8,-99.8,-99.8,-99.8,-99.8,-99.8,-99.8
2023-01-08 21:00:00,685.9,-99.8,-99.8,5.1,283.0,9.4,290.0,0.0,-99.8,-99.8,-99.8,-99.8,-99.8,-99.8,-99.8
2023-01-08 22:00:00,686.0,-99.8,-99.8,4.4,278.0,7.9,288.0,0.0,-99.8,-99.8,-99.8,-99.8,-99.8,-99.8,-99.8
2023-01-08 23:00:00,686.1,-99.8,-99.8,4.2,297.0,7.6,289.0,-999.6,-99.8,-99.8,-99.8,-99.8,-99.8,-99.8,-99.8
2023-01-09 00:00:00,686.1,-99.8,-99.8,4.4,299.0,9.1,293.0,0.0,-99.8,-99.8,-99.8,-99.8,-99.8,-99.8,-99.8
2023-01-09 01:00:00,685.9,-99.8,-99.8,0.3,304.0,5.5,297.0,0.0,-99.8,-99.8,-99.8,-99.8,-99.8,-99.8,-99.8
2023-01-09 02:00:00,685.5,-99.8,-99.8,1.3,251.0,2.9,110.0,0.0,-99.8,-99.8,-99.8,-99.8,-99.8,-99.8,-99.8
2023-01-09 03:00:00,685.3,-99.8,-99.8,1.8,285.0,3.6,108.0,0.0,-99.8,-99.8,-99.8,-99.8,-99.8,-99.8,-99.8
2023-01-09 04:00:00,685.3,-99.8,-99.8,3.8,279.0,6.4,267.0,0.0,-99.8,-99.8,-99.8,-99.8,-99.8,-99.8,-99.8
2023-01-09 05:00:00,684.7,-99.8,-99.8,5.5,282.0,10.0,284.0,0.5,-99.8,-99.8,-99.8,-99.8,-99.8,-99.8,-99.8
2023-01-09 06:00:00,684.8,-99.8,-99.8,6.1,277.0,13.5,285.0,0.0,-99.8,-99.8,-99.8,-99.8,-99.8,-99.8,-99.8
2023-01-09 07:00:00,685.2,-99.8,-99.8,5.9,283.0,12.1,276.0,0.0,-99.8,-99.8,-99.8,-99.8,-99.8,-99.8,-99.8
2023-01-09 08:00:00,685.6,-99.8,-99.8,5.0,280.0,10.4,284.0,0.0,-99.8,-99.8,-99.8,-99.8,-99.8,-99.8,-99.8
2023-01-09 09:00:00,686.2,-99.8,-99.8,1.0,231.0,6.6,293.0,0.0,-99.8,-99.8,-99.8,-99.8,-99.8,-99.8,-99.8
2023-01-09 10:00:00,686.1,-99.8,-99.8,2.5,269.0,4.6,258.0,0.0,-99.8,-99.8,-99.8,-99.8,-99.8,-99.8,-99.8
2023-01-09 11:00:00,685.7,-99.8,-99.8,3.1,275.0,6.2,251.0,0.0,-99.8,-99.8,-99.8,-99.8,-99.8,-99.8,-99.8
2023-01-09 12:00:00,684.9,-99.8,-99.8,5.8,283.0,9.3,289.0,0.0,-99.8,-99.8,-99.8,-99.8,-99.8,-99.8,-99.8
2023-01-09 13:00:00,684.2,-99.8,-99.8,5.5,280.0,10.6,287.0,0.0,-99.8,-99.8,-99.8,-99.8,-99.8,-99.8,-99.8
2023-01-09 14:00:00,684.0,-99.8,-99.8,6.4,282.0,9.2,285.0,0.0,-99.8,-99.8,-99.8,-99.8,-99.8,-99.8,-99.8
2023-01-09 15:00:00,684.6,-99.8,-99.8,8.0,280.0,11.6,285.0,0.0,-99.8,-99.8,-99.8,-99.8,-99.8,-99.8,-99.8
2023-01-09 16:00:00,684.8,-99.8,-99.8,7.2,277.0,12.8,282.0,0.0,-99.8,-99.8,-99.8,-99.8,-99.8,-99.8,-99.8
2023-01-09 17:00:00,684.7,-99.8,-99.8,6.3,275.0,11.2,284.0,0.0,-99.8,-99.8,-99.8,-99.8,-99.8,-99.8,-99.8
2023-01-09 18:00:00,684.9,-99.8,-99.8,5.9,273.0,10.9,275.0,0.0,-99.8,-99.8,-99.8,-99.8,-99.8,-99.8,-99.8
2023-01-09 19:00:00,685.2,-99.8,-99.8,5.7,274.0,11.1,286.0,0.0,-99.8,-99.8,-99.8,-99.8,-99.8,-99.8,-99.8
2023-01-09 20:00:00,685.1,-99.8,-99.8,6.1,276.0,13.0,247.0,0.0,-99.8,-99.8,-99.8,-99.8,-99.8,-99.8,-99.8
2023-01-09 21:00:00,685.3,-99.8,-99.8,4.9,277.0,8.8,285.0,0.0,-99.8,-99.8,-99.8,-99.8,-99.8,-99.8,-99.8
2023-01-09 22:00:00,685.2,-99.8,-99.8,5.5,279.0,11.4,299.0,0.0,-99.8,-99.8,-99.8,-99.8,-99.8,-99.8,-99.8
2023-01-09 23:00:00,685.0,-99.8,-99.8,7.4,288.0,11.3,300.0,0.0,-99.8,-99.8,-99.8,-99.8,-99.8,-99.8,-99.8
2023-01-10 00:00:00,685.0,-99.8,-99.8,4.9,283.0,10.0,291.0,0.0,-99.8,-99.8,-99.8,-99.8,-99.8,-99.8,-99.8
2023-01-10 01:00:00,684.8,-99.8,-99.8,4.0,282.0,6.9,283.0,0.0,-99.8,-99.8,-99.8,-99.8,-99.8,-99.8,-99.8
2023-01-10 02:00:00,684.5,-99.8,-99.8,4.0,278.0,6.7,280.0,1.0,-99.8,-99.8,-99.8,-99.8,-99.8,-99.8,-99.8
2023-01-10 03:00:00,684.1,-99.8,-99.8,3.3,279.0,5.9,284.0,0.5,-99.8,-99.8,-99.8,-99.8,-99.8,-99.8,-99.8
2023-01-10 04:00:00,684.0,-99.8,-99.8,2.0,285.0,5.2,281.0,0.5,-99.8,-99.8,-99.8,-99.8,-99.8,-99.8,-99.8
2023-01-10 05:00:00,683.5,-99.8,-99.8,3.3,10.0,6.2,359.0,0.5,-99.8,-99.8,-99.8,-99.8,-99.8,-99.8,-99.8
2023-01-10 06:00:00,683.6,-99.8,-99.8,5.9,276.0,11.1,305.0,0.0,-99.8,-99.8,-99.8,-99.8,-99.8,-99.8,-99.8
2023-01-10 07:00:00,682.8,-99.8,-99.8,7.2,297.0,12.2,303.0,0.0,-99.8,-99.8,-99.8,-99.8,-99.8,-99.8,-99.8
2023-01-10 08:00:00,683.1,-99.8,-99.8,7.3,282.0,12.0,290.0,0.0,-99.8,-99.8,-99.8,-99.8,-99.8,-99.8,-99.8
2023-01-10 09:00:00,684.1,-99.8,-99.8,5.4,282.0,11.8,287.0,0.0,-99.8,-99.8,-99.8,-99.8,-99.8,-99.8,-99.8
2023-01-10 10:00:00,686.1,-99.8,-99.8,5.1,275.0,10.7,293.0,0.0,-99.8,-99.8,-99.8,-99.8,-99.8,-99.8,-99.8
2023-01-10 11:00:00,685.8,-99.8,-99.8,5.2,271.0,11.4,303.0,0.0,-99.8,-99.8,-99.8,-99.8,-99.8,-99.8,-99.8
2023-01-10 12:00:00,683.2,-99.8,-99.8,5.6,276.0,11.8,293.0,0.0,-99.8,-99.8,-99.8,-99.8,-99.8,-99.8,-99.8
2023-01-10 13:00:00,682.3,-99.8,-99.8,5.8,275.0,10.6,275.0,0.0,-99.8,-99.8,-99.8,-99.8,-99.8,-99.8,-99.8
2023-01-10 14:00:00,681.9,-99.8,-99.8,6.8,271.0,13.8,285.0,0.0,-99.8,-99.8,-99.8,-99.8,-99.8,-99.8,-99.8
2023-01-10 15:00:00,681.9,-99.8,-99.8,6.9,272.0,12.8,289.0,0.5,-99.8,-99.8,-99.8,-99.8,-99.8,-99.8,-99.8
2023-01-10 16:00:00,682.3,-99.8,-99.8,5.2,267.0,11.6,242.0,0.0,-99.8,-99.8,-99.8,-99.8,-99.8,-99.8,-99.8
2023-01-10 17:00:00,682.8,-99.8,-99.8,5.5,268.0,10.6,255.0,0.0,-99.8,-99.8,-99.8,-99.8,-99.8,-99.8,-99.8
2023-01-10 18:00:00,683.0,-99.8,-99.8,6.0,275.0,11.2,259.0,0.0,-99.8,-99.8,-99.8,-99.8,-99.8,-99.8,-99.8
2023-01-10 19:00:00,683.6,-99.8,-99.8,6.4,279.0,11.7,291.0,0.0,-99.8,-99.8,-99.8,-99.8,-99.8,-99.8,-99.8
2023-01-10 20:00:00,683.8,-99.8,-99.8,6.1,277.0,10.4,290.0,0.0,-99.8,-99.8,-99.8,-99.8,-99.8,-99.8,-99.8
2023-01-10 21:00:00,684.1,-99.8,-99.8,4.8,271.0,9.4,286.0,0.0,-99.8,-99.8,-99.8,-99.8,-99.8,-99.8,-99.8
2023-01-10 22:00:00,683.8,-99.8,-99.8,5.4,280.0,10.1,284.0,0.0,-99.8,-99.8,-99.8,-99.8,-99.8,-99.8,-99.8
2023-01-10 23:00:00,683.6,-99.8,-99.8,5.3,274.0,10.9,286.0,0.0,-99.8,-99.8,-99.8,-99.8,-99.8,-99.8,-99.8
2023-01-11 00:00:00,683.2,-99.8,-99.8,6.9,275.0,9.7,286.0,0.0,-99.8,-99.8,-99.8,-99.8,-99.8,-99.8,-99.8
2023-01-11 01:00:00,683.0,-99.8,-99.8,7.2,277.0,12.9,284.0,0.0,-99.8,-99.8,-99.8,-99.8,-99.8,-99.8,-99.8
2023-01-11 02:00:00,683.1,-99.8,-99.8,5.8,272.0,11.5,260.0,0.0,-99.8,-99.8,-99.8,-99.8,-99.8,-99.8,-99.8
2023-01-11 03:00:00,682.3,-99.8,-99.8,8.1,276.0,15.6,284.0,0.5,-99.8,-99.8,-99.8,-99.8,-99.8,-99.8,-99.8
2023-01-11 04:00:00,682.7,-99.8,-99.8,6.4,272.0,12.8,277.0,0.0,-99.8,-99.8,-99.8,-99.8,-99.8,-99.8,-99.8
2023-01-11 05:00:00,682.6,-99.8,-99.8,6.2,273.0,11.9,284.0,0.0,-99.8,-99.8,-99.8,-99.8,-99.8,-99.8,-99.8
2023-01-11 06:00:00,682.7,-99.8,-99.8,4.4,266.0,11.1,255.0,0.0,-99.8,-99.8,-99.8,-99.8,-99.8,-99.8,-99.8
2023-01-11 07:00:00,682.9,-99.8,-99.8,5.9,274.0,10.3,282.0,0.0,-99.8,-99.8,-99.8,-99.8,-99.8,-99.8,-99.8
2023-01-11 08:00:00,682.9,-99.8,-99.8,4.4,277.0,8.4,261.0,0.0,-99.8,-99.8,-99.8,-99.8,-99.8,-99.8,-99.8
2023-01-11 09:00:00,684.4,-99.8,-99.8,6.5,279.0,9.7,266.0,0.0,-99.8,-99.8,-99.8,-99.8,-99.8,-99.8,-99.8
2023-01-11 10:00:00,685.1,-99.8,-99.8,6.5,282.0,9.7,286.0,0.0,-99.8,-99.8,-99.8,-99.8,-99.8,-99.8,-99.8
2023-01-11 11:00:00,685.3,-99.8,-99.8,5.3,271.0,9.7,275.0,0.0,-99.8,-99.8,-99.8,-99.8,-99.8,-99.8,-99.8
2023-01-11 12:00:00,684.8,-99.8,-99.8,5.6,281.0,9.2,288.0,0.0,-99.8,-99.8,-99.8,-99.8,-99.8,-99.8,-99.8
2023-01-11 13:00:00,684.5,-99.8,-99.8,4.8,282.0,9.8,286.0,0.0,-99.8,-99.8,-99.8,-99.8,-99.8,-99.8,-99.8
2023-01-11 14:00:00,682.6,-99.8,-99.8,4.4,274.0,8.8,298.0,0.0,-99.8,-99.8,-99.8,-99.8,-99.8,-99.8,-99.8
2023-01-11 15:00:00,682.4,-99.8,-99.8,4.3,280.0,8.1,271.0,0.0,-99.8,-99.8,-99.8,-99.8,-99.8,-99.8,-99.8
2023-01-11 16:00:00,682.7,-99.8,-99.8,5.1,285.0,9.1,284.0,0.0,-99.8,-99.8,-99.8,-99.8,-99.8,-99.8,-99.8
2023-01-11 17:00:00,683.1,-99.8,-99.8,1.5,263.0,6.2,291.0,0.0,-99.8,-99.8,-99.8,-99.8,-99.8,-99.8,-99.8
2023-01-11 18:00:00,683.3,-99.8,-99.8,3.1,294.0,4.8,307.0,0.0,-99.8,-99.8,-99.8,-99.8,-99.8,-99.8,-99.8
2023-01-11 19:00:00,683.1,-99.8,-99.8,1.5,100.0,4.8,296.0,0.0,-99.8,-99.8,-99.8,-99.8,-99.8,-99.8,-99.8
2023-01-11 20:00:00,684.3,-99.8,-99.8,3.0,107.0,4.3,112.0,0.0,-99.8,-99.8,-99.8,-99.8,-99.8,-99.8,-99.8
2023-01-11 21:00:00,684.3,-99.8,-99.8,4.5,126.0,6.9,120.0,0.0,-99.8,-99.8,-99.8,-99.8,-99.8,-99.8,-99.8
2023-01-11 22:00:00,684.5,-99.8,-99.8,3.2,136.0,7.1,123.0,0.0,-99.8,-99.8,-99.8,-99.8,-99.8,-99.8,-99.8
2023-01-11 23:00:00,684.3,-99.8,-99.8,2.5,128.0,6.1,238.0,0.0,-99.8,-99.8,-99.8,-99.8,-99.8,-99.8,-99.8
2023-01-12 00:00:00,684.3,-99.8,-99.8,2.2,152.0,5.4,131.0,0.0,-99.8,-99.8,-99.8,-99.8,-99.8,-99.8,-99.8
2023-01-12 01:00:00,684.0,-99.8,-99.8,2.7,130.0,5.4,147.0,0.0,-99.8,-99.8,-99.8,-99.8,-99.8,-99.8,-99.8
2023-01-12 02:00:00,683.8,-99.8,-99.8,0.5,127.0,3.9,130.0,0.0,-99.8,-99.8,-99.8,-99.8,-99.8,-99.8,-99.8
2023-01-12 03:00:00,683.5,-99.8,-99.8,3.7,273.0,6.4,263.0,0.0,-99.8,-99.8,-99.8,-99.8,-99.8,-99.8,-99.8
2023-01-12 04:00:00,683.1,-99.8,-99.8,4.3,277.0,9.6,257.0,0.0,-99.8,-99.8,-99.8,-99.8,-99.8,-99.8,-99.8
2023-01-12 05:00:00,683.2,-99.8,-99.8,4.1,275.0,7.7,254.0,0.0,-99.8,-99.8,-99.8,-99.8,-99.8,-99.8,-99.8
2023-01-12 06:00:00,683.6,-99.8,-99.8,3.7,271.0,7.7,259.0,0.0,-99.8,-99.8,-99.8,-99.8,-99.8,-99.8,-99.8
2023-01-12 07:00:00,684.2,-99.8,-99.8,3.9,278.0,6.8,270.0,0.0,-99.8,-99.8,-99.8,-99.8,-99.8,-99.8,-99.8
2023-01-12 08:00:00,684.5,-99.8,-99.8,3.4,278.0,5.7,282.0,0.0,-99.8,-99.8,-99.8,-99.8,-99.8,-99.8,-99.8
2023-01-12 09:00:00,684.9,-99.8,-99.8,2.5,270.0,6.3,290.0,0.0,-99.8,-99.8,-99.8,-99.8,-99.8,-99.8,-99.8
2023-01-12 10:00:00,685.0,-99.8,-99.8,2.9,263.0,5.7,281.0,0.0,-99.8,-99.8,-99.8,-99.8,-99.8,-99.8,-99.8
2023-01-12 11:00:00,684.6,-99.8,-99.8,3.4,283.0,5.8,292.0,0.0,-99.8,-99.8,-99.8,-99.8,-99.8,-99.8,-99.8
2023-01-12 12:00:00,684.0,-99.8,-99.8,3.1,272.0,7.4,270.0,0.0,-99.8,-99.8,-99.8,-99.8,-99.8,-99.8,-99.8
2023-01-12 13:00:00,683.4,-99.8,-99.8,3.6,276.0,7.6,265.0,0.0,-99.8,-99.8,-99.8,-99.8,-99.8,-99.8,-99.8
2023-01-12 14:00:00,683.3,-99.8,-99.8,3.3,269.0,7.1,282.0,0.0,-99.8,-99.8,-99.8,-99.8,-99.8,-99.8,-99.8
2023-01-12 15:00:00,683.0,-99.8,-99.8,2.2,274.0,5.8,257.0,0.0,-99.8,-99.8,-99.8,-99.8,-99.8,-99.8,-99.8
2023-01-12 16:00:00,683.4,-99.8,-99.8,3.0,265.0,5.3,281.0,0.0,-99.8,-99.8,-99.8,-99.8,-99.8,-99.8,-99.8
2023-01-12 17:00:00,683.9,-99.8,-99.8,2.1,242.0,5.6,281.0,0.0,-99.8,-99.8,-99.8,-99.8,-99.8,-99.8,-99.8
2023-01-12 18:00:00,684.3,-99.8,-99.8,1.9,254.0,5.6,240.0,0.0,-99.8,-99.8,-99.8,-99.8,-99.8,-99.8,-99.8
2023-01-12 19:00:00,684.6,-99.8,-99.8,3.0,221.0,7.9,249.0,0.0,-99.8,-99.8,-99.8,-99.8,-99.8,-99.8,-99.8
2023-01-12 20:00:00,684.8,-99.8,-99.8,1.5,255.0,8.5,240.0,0.0,-99.8,-99.8,-99.8,-99.8,-99.8,-99.8,-99.8
2023-01-12 21:00:00,684.8,-99.8,-99.8,3.0,241.0,7.2,238.0,0.0,-99.8,-99.8,-99.8,-99.8,-99.8,-99.8,-99.8
2023-01-12 22:00:00,684.8,-99.8,-99.8,2.1,239.0,7.4,256.0,0.0,-99.8,-99.8,-99.8,-99.8,-99.8,-99.8,-99.8
2023-01-12 23:00:00,684.6,-99.8,-99.8,1.7,191.0,6.6,234.0,0.0,-99.8,-99.8,-99.8,-99.8,-99.8,-99.8,-99.8
2023-01-13 00:00:00,684.3,-99.8,-99.8,4.2,265.0,8.9,258.0,0.0,-99.8,-99.8,-99.8,-99.8,-99.8,-99.8,-99.8
2023-01-13 01:00:00,684.1,-99.8,-99.8,5.1,274.0,11.1,258.0,0.0,-99.8,-99.8,-99.8,-99.8,-99.8,-99.8,-99.8
2023-01-13 02:00:00,683.9,-99.8,-99.8,6.6,268.0,12.2,257.0,0.0,-99.8,-99.8,-99.8,-99.8,-99.8,-99.8,-99.8
2023-01-13 03:00:00,683.6,-99.8,-99.8,6.3,273.0,12.6,247.0,0.0,-99.8,-99.8,-99.8,-99.8,-99.8,-99.8,-99.8
2023-01-13 04:00:00,683.2,-99.8,-99.8,6.5,275.0,13.1,261.0,0.0,-99.8,-99.8,-99.8,-99.8,-99.8,-99.8,-99.8
2023-01-13 05:00:00,683.3,-99.8,-99.8,6.5,274.0,13.2,268.0,0.0,-99.8,-99.8,-99.8,-99.8,-99.8,-99.8,-99.8
2023-01-13 06:00:00,683.3,-99.8,-99.8,6.7,279.0,12.2,282.0,0.0,-99.8,-99.8,-99.8,-99.8,-99.8,-99.8,-99.8
2023-01-13 07:00:00,683.5,-99.8,-99.8,7.0,281.0,11.5,257.0,0.0,-99.8,-99.8,-99.8,-99.8,-99.8,-99.8,-99.8
2023-01-13 08:00:00,683.9,-99.8,-99.8,6.4,274.0,12.3,268.0,0.0,-99.8,-99.8,-99.8,-99.8,-99.8,-99.8,-99.8
2023-01-13 09:00:00,684.2,-99.8,-99.8,6.2,280.0,12.1,290.0,0.0,-99.8,-99.8,-99.8,-99.8,-99.8,-99.8,-99.8
2023-01-13 10:00:00,684.2,-99.8,-99.8,6.5,279.0,11.0,283.0,0.0,-99.8,-99.8,-99.8,-99.8,-99.8,-99.8,-99.8
2023-01-13 11:00:00,684.0,-99.8,-99.8,6.2,280.0,11.0,288.0,0.0,-99.8,-99.8,-99.8,-99.8,-99.8,-99.8,-99.8
2023-01-13 12:00:00,683.5,-99.8,-99.8,4.9,279.0,9.9,286.0,0.0,-99.8,-99.8,-99.8,-99.8,-99.8,-99.8,-99.8
2023-01-13 13:00:00,682.8,-99.8,-99.8,5.7,279.0,10.3,287.0,0.0,-99.8,-99.8,-99.8,-99.8,-99.8,-99.8,-99.8
2023-01-13 14:00:00,682.4,-99.8,-99.8,5.9,277.0,11.2,289.0,0.0,-99.8,-99.8,-99.8,-99.8,-99.8,-99.8,-99.8
2023-01-13 15:00:00,682.2,-99.8,-99.8,6.0,279.0,11.0,288.0,0.0,-99.8,-99.8,-99.8,-99.8,-99.8,-99.8,-99.8
2023-01-13 16:00:00,682.4,-99.8,-99.8,5.4,276.0,12.9,287.0,0.0,-99.8,-99.8,-99.8,-99.8,-99.8,-99.8,-99.8
2023-01-13 17:00:00,682.4,-99.8,-99.8,5.4,275.0,10.4,265.0,0.0,-99.8,-99.8,-99.8,-99.8,-99.8,-99.8,-99.8
2023-01-13 18:00:00,682.1,-99.8,-99.8,7.2,282.0,12.4,258.0,0.0,-99.8,-99.8,-99.8,-99.8,-99.8,-99.8,-99.8
2023-01-13 19:00:00,682.4,-99.8,-99.8,7.1,270.0,14.8,285.0,0.0,-99.8,-99.8,-99.8,-99.8,-99.8,-99.8,-99.8
2023-01-13 20:00:00,683.0,-99.8,-99.8,7.3,265.0,13.4,254.0,0.0,-99.8,-99.8,-99.8,-99.8,-99.8,-99.8,-99.8
2023-01-13 21:00:00,682.9,-99.8,-99.8,6.5,273.0,15.9,292.0,0.0,-99.8,-99.8,-99.8,-99.8,-99.8,-99.8,-99.8
2023-01-13 22:00:00,682.4,-99.8,-99.8,7.0,269.0,16.4,259.0,0.0,-99.8,-99.8,-99.8,-99.8,-99.8,-99.8,-99.8
2023-01-13 23:00:00,682.5,-99.8,-99.8,6.6,272.0,15.3,258.0,0.0,-99.8,-99.8,-99.8,-99.8,-99.8,-99.8,-99.8
2023-01-14 00:00:00,682.0,-99.8,-99.8,7.2,274.0,13.8,261.0,0.0,-99.8,-99.8,-99.8,-99.8,-99.8,-99.8,-99.8
2023-01-14 01:00:00,682.0,-99.8,-99.8,7.0,271.0,15.3,255.0,0.0,-99.8,-99.8,-99.8,-99.8,-99.8,-99.8,-99.8
2023-01-14 02:00:00,681.8,-99.8,-99.8,6.4,268.0,13.4,260.0,0.0,-99.8,-99.8,-99.8,-99.8,-99.8,-99.8,-99.8
2023-01-14 03:00:00,681.2,-99.8,-99.8,6.0,266.0,13.7,253.0,0.0,-99.8,-99.8,-99.8,-99.8,-99.8,-99.8,-99.8
2023-01-14 04:00:00,681.2,-99.8,-99.8,6.4,275.0,12.4,285.0,0.0,-99.8,-99.8,-99.8,-99.8,-99.8,-99.8,-99.8
2023-01-14 05:00:00,681.5,-99.8,-99.8,5.9,271.0,13.4,261.0,0.0,-99.8,-99.8,-99.8,-99.8,-99.8,-99.8,-99.8
2023-01-14 06:00:00,681.8,-99.8,-99.8,4.3,275.0,10.5,280.0,0.0,-99.8,-99.8,-99.8,-99.8,-99.8,-99.8,-99.8
2023-01-14 07:00:00,681.7,-99.8,-99.8,5.0,267.0,9.6,259.0,0.0,-99.8,-99.8,-99.8,-99.8,-99.8,-99.8,-99.8
2023-01-14 08:00:00,682.0,-99.8,-99.8,4.9,274.0,9.3,282.0,0.0,-99.8,-99.8,-99.8,-99.8,-99.8,-99.8,-99.8
2023-01-14 09:00:00,682.3,-99.8,-99.8,6.5,265.0,14.3,258.0,0.0,-99.8,-99.8,-99.8,-99.8,-99.8,-99.8,-99.8
2023-01-14 10:00:00,682.6,-99.8,-99.8,5.3,262.0,12.2,260.0,0.0,-99.8,-99.8,-99.8,-99.8,-99.8,-99.8,-99.8
2023-01-14 11:00:00,682.0,-99.8,-99.8,4.4,271.0,8.9,252.0,0.0,-99.8,-99.8,-99.8,-99.8,-99.8,-99.8,-99.8
2023-01-14 12:00:00,681.4,-99.8,-99.8,4.9,271.0,9.0,257.0,0.0,-99.8,-99.8,-99.8,-99.8,-99.8,-99.8,-99.8
2023-01-14 13:00:00,680.6,-99.8,-99.8,4.0,265.0,11.4,288.0,0.0,-99.8,-99.8,-99.8,-99.8,-99.8,-99.8,-99.8
2023-01-14 14:00:00,680.0,-99.8,-99.8,5.2,263.0,11.7,248.0,0.0,-99.8,-99.8,-99.8,-99.8,-99.8,-99.8,-99.8
2023-01-14 15:00:00,679.7,-99.8,-99.8,5.3,269.0,11.0,263.0,0.0,-99.8,-99.8,-99.8,-99.8,-99.8,-99.8,-99.8
2023-01-14 16:00:00,679.7,-99.8,-99.8,4.7,265.0,11.4,281.0,0.0,-99.8,-99.8,-99.8,-99.8,-99.8,-99.8,-99.8
2023-01-14 17:00:00,680.2,-99.8,-99.8,5.2,267.0,11.8,266.0,0.0,-99.8,-99.8,-99.8,-99.8,-99.8,-99.8,-99.8
2023-01-14 18:00:00,680.7,-99.8,-99.8,5.2,257.0,11.3,236.0,0.0,-99.8,-99.8,-99.8,-99.8,-99.8,-99.8,-99.8
2023-01-14 19:00:00,680.9,-99.8,-99.8,7.4,253.0,16.3,242.0,0.0,-99.8,-99.8,-99.8,-99.8,-99.8,-99.8,-99.8
2023-01-14 20:00:00,681.3,-99.8,-99.8,5.1,269.0,17.5,232.0,0.0,-99.8,-99.8,-99.8,-99.8,-99.8,-99.8,-99.8
2023-01-14 21:00:00,681.7,-99.8,-99.8,4.6,270.0,11.3,239.0,0.0,-99.8,-99.8,-99.8,-99.8,-99.8,-99.8,-99.8
2023-01-14 22:00:00,681.7,-99.8,-99.8,4.6,260.0,13.4,243.0,0.0,-99.8,-99.8,-99.8,-99.8,-99.8,-99.8,-99.8
2023-01-14 23:00:00,681.4,-99.8,-99.8,5.0,258.0,10.4,251.0,0.0,-99.8,-99.8,-99.8,-99.8,-99.8,-99.8,-99.8
2023-01-15 00:00:00,681.2,-99.8,-99.8,5.0,243.0,9.6,243.0,0.0,-99.8,-99.8,-99.8,-99.8,-99.8,-99.8,-99.8
2023-01-15 01:00:00,680.9,-99.8,-99.8,4.4,251.0,8.9,246.0,0.0,-99.8,-99.8,-99.8,-99.8,-99.8,-99.8,-99.8
2023-01-15 02:00:00,680.6,-99.8,-99.8,5.0,251.0,11.3,241.0,0.0,-99.8,-99.8,-99.8,-99.8,-99.8,-99.8,-99.8
2023-01-15 03:00:00,680.4,-99.8,-99.8,4.7,257.0,11.7,255.0,0.0,-99.8,-99.8,-99.8,-99.8,-99.8,-99.8,-99.8
2023-01-15 04:00:00,680.4,-99.8,-99.8,4.0,251.0,11.3,247.0,0.0,-99.8,-99.8,-99.8,-99.8,-99.8,-99.8,-99.8
2023-01-15 05:00:00,680.5,-99.8,-99.8,3.6,252.0,10.9,237.0,0.0,-99.8,-99.8,-99.8,-99.8,-99.8,-99.8,-99.8
2023-01-15 06:00:00,680.6,-99.8,-99.8,3.9,255.0,10.2,255.0,0.0,-99.8,-99.8,-99.8,-99.8,-99.8,-99.8,-99.8
2023-01-15 07:00:00,680.5,-99.8,-99.8,5.5,266.0,11.7,282.0,0.0,-99.8,-99.8,-99.8,-99.8,-99.8,-99.8,-99.8
2023-01-15 08:00:00,680.8,-99.8,-99.8,5.3,267.0,11.3,246.0,0.0,-99.8,-99.8,-99.8,-99.8,-99.8,-99.8,-99.8
2023-01-15 09:00:00,681.2,-99.8,-99.8,5.4,268.0,11.4,259.0,0.0,-99.8,-99.8,-99.8,-99.8,-99.8,-99.8,-99.8
2023-01-15 10:00:00,681.3,-99.8,-99.8,5.8,268.0,12.9,243.0,0.0,-99.8,-99.8,-99.8,-99.8,-99.8,-99.8,-99.8
2023-01-15 11:00:00,680.7,-99.8,-99.8,5.7,270.0,11.5,254.0,0.0,-99.8,-99.8,-99.8,-99.8,-99.8,-99.8,-99.8
2023-01-15 12:00:00,679.8,-99.8,-99.8,6.2,270.0,12.7,258.0,0.0,-99.8,-99.8,-99.8,-99.8,-99.8,-99.8,-99.8
2023-01-15 13:00:00,679.2,-99.8,-99.8,7.0,267.0,13.7,260.0,0.0,-99.8,-99.8,-99.8,-99.8,-99.8,-99.8,-99.8
2023-01-15 14:00:00,678.7,-99.8,-99.8,6.7,267.0,13.4,271.0,0.0,-99.8,-99.8,-99.8,-99.8,-99.8,-99.8,-99.8
2023-01-15 15:00:00,678.6,-99.8,-99.8,6.4,270.0,13.3,261.0,0.0,-99.8,-99.8,-99.8,-99.8,-99.8,-99.8,-99.8
2023-01-15 16:00:00,678.4,-99.8,-99.8,7.3,274.0,14.2,288.0,0.0,-99.8,-99.8,-99.8,-99.8,-99.8,-99.8,-99.8
2023-01-15 17:00:00,678.8,-99.8,-99.8,7.2,274.0,16.4,260.0,0.0,-99.8,-99.8,-99.8,-99.8,-99.8,-99.8,-99.8
2023-01-15 18:00:00,679.0,-99.8,-99.8,6.9,275.0,15.8,288.0,0.0,-99.8,-99.8,-99.8,-99.8,-99.8,-99.8,-99.8
2023-01-15 19:00:00,679.2,-99.8,-99.8,7.3,274.0,15.8,276.0,0.0,-99.8,-99.8,-99.8,-99.8,-99.8,-99.8,-99.8
2023-01-15 20:00:00,679.7,-99.8,-99.8,6.7,277.0,14.5,249.0,0.0,-99.8,-99.8,-99.8,-99.8,-99.8,-99.8,-99.8
2023-01-15 21:00:00,679.6,-99.8,-99.8,6.5,274.0,13.7,251.0,0.0,-99.8,-99.8,-99.8,-99.8,-99.8,-99.8,-99.8
2023-01-15 22:00:00,679.7,-99.8,-99.8,7.2,279.0,13.2,259.0,0.0,-99.8,-99.8,-99.8,-99.8,-99.8,-99.8,-99.8
2023-01-15 23:00:00,679.9,-99.8,-99.8,7.5,278.0,13.9,254.0,0.0,-99.8,-99.8,-99.8,-99.8,-99.8,-99.8,-99.8
2023-01-16 00:00:00,679.7,-99.8,-99.8,-99.8,-99.8,16.9,259.0,0.0,-99.8,-99.8,-99.8,-99.8,-99.8,-99.8,-99.8
2023-01-16 01:00:00,679.2,-99.8,-99.8,-99.8,-99.8,0.0,0.0,0.0,-99.8,-99.8,-99.8,-99.8,-99.8,-99.8,-99.8
2023-01-16 02:00:00,678.7,-99.8,-99.8,-99.8,-99.8,0.0,0.0,0.0,-99.8,-99.8,-99.8,-99.8,-99.8,-99.8,-99.8
2023-01-16 03:00:00,678.5,-99.8,-99.8,-99.8,-99.8,0.0,0.0,0.0,-99.8,-99.8,-99.8,-99.8,-99.8,-99.8,-99.8
2023-01-16 04:00:00,678.3,-99.8,-99.8,-99.8,-99.8,0.0,0.0,0.0,-99.8,-99.8,-99.8,-99.8,-99.8,-99.8,-99.8
2023-01-16 05:00:00,678.3,-99.8,-99.8,-99.8,-99.8,0.0,0.0,0.0,-99.8,-99.8,-99.8,-99.8,-99.8,-99.8,-99.8
2023-01-16 06:00:00,678.3,-99.8,-99.8,-99.8,-99.8,0.0,0.0,0.0,-99.8,-99.8,-99.8,-99.8,-99.8,-99.8,-99.8
2023-01-16 07:00:00,678.9,-99.8,-99.8,-99.8,-99.8,0.0,0.0,0.0,-99.8,-99.8,-99.8,-99.8,-99.8,-99.8,-99.8
2023-01-16 08:00:00,680.0,-99.8,-99.8,-99.8,-99.8,0.0,0.0,0.0,-99.8,-99.8,-99.8,-99.8,-99.8,-99.8,-99.8
2023-01-16 09:00:00,681.7,-99.8,-99.8,-99.8,-99.8,0.0,0.0,0.0,-99.8,-99.8,-99.8,-99.8,-99.8,-99.8,-99.8
2023-01-16 10:00:00,682.2,-99.8,-99.8,-99.8,-99.8,0.0,0.0,0.0,-99.8,-99.8,-99.8,-99.8,-99.8,-99.8,-99.8
2023-01-16 11:00:00,681.9,-99.8,-99.8,-99.8,-99.8,0.0,0.0,0.0,-99.8,-99.8,-99.8,-99.8,-99.8,-99.8,-99.8
2023-01-16 12:00:00,681.4,-99.8,-99.8,-99.8,-99.8,0.0,0.0,0.0,-99.8,-99.8,-99.8,-99.8,-99.8,-99.8,-99.8
2023-01-16 13:00:00,679.8,-99.8,-99.8,-99.8,-99.8,0.0,0.0,0.0,-99.8,-99.8,-99.8,-99.8,-99.8,-99.8,-99.8
2023-01-16 14:00:00,679.7,-99.8,-99.8,-99.8,-99.8,0.0,0.0,0.0,-99.8,-99.8,-99.8,-99.8,-99.8,-99.8,-99.8
2023-01-16 15:00:00,679.6,-99.8,-99.8,-99.8,-99.8,0.0,0.0,0.0,-99.8,-99.8,-99.8,-99.8,-99.8,-99.8,-99.8
2023-01-16 16:00:00,679.7,-99.8,-99.8,-99.8,-99.8,0.0,0.0,0.0,-99.8,-99.8,-99.8,-99.8,-99.8,-99.8,-99.8
2023-01-16 17:00:00,680.1,-99.8,-99.8,-99.8,-99.8,0.0,0.0,0.0,-99.8,-99.8,-99.8,-99.8,-99.8,-99.8,-99.8
2023-01-16 18:00:00,680.4,-99.8,-99.8,-99.8,-99.8,0.0,0.0,0.0,-99.8,-99.8,-99.8,-99.8,-99.8,-99.8,-99.8
2023-01-16 19:00:00,680.6,-99.8,-99.8,-99.8,-99.8,0.0,0.0,0.0,-99.8,-99.8,-99.8,-99.8,-99.8,-99.8,-99.8
2023-01-16 20:00:00,680.7,-99.8,-99.8,-99.8,-99.8,0.0,0.0,0.0,-99.8,-99.8,-99.8,-99.8,-99.8,-99.8,-99.8
2023-01-16 21:00:00,680.9,-99.8,-99.8,-99.8,-99.8,0.0,0.0,0.0,-99.8,-99.8,-99.8,-99.8,-99.8,-99.8,-99.8
2023-01-16 22:00:00,680.8,-99.8,-99.8,-99.8,-99.8,0.0,0.0,0.0,-99.8,-99.8,-99.8,-99.8,-99.8,-99.8,-99.8
2023-01-16 23:00:00,680.7,-99.8,-99.8,-99.8,-99.8,0.0,0.0,0.0,-99.8,-99.8,-99.8,-99.8,-99.8,-99.8,-99.8
2023-01-17 00:00:00,680.6,-99.8,-99.8,-99.8,-99.8,0.0,0.0,0.0,-99.8,-99.8,-99.8,-99.8,-99.8,-99.8,-99.8
2023-01-17 01:00:00,680.3,-99.8,-99.8,-99.8,-99.8,0.0,0.0,0.0,-99.8,-99.8,-99.8,-99.8,-99.8,-99.8,-99.8
2023-01-17 02:00:00,680.0,-99.8,-99.8,-99.8,-99.8,0.0,0.0,0.0,-99.8,-99.8,-99.8,-99.8,-99.8,-99.8,-99.8
2023-01-17 03:00:00,679.9,-99.8,-99.8,-99.8,-99.8,0.0,0.0,0.0,-99.8,-99.8,-99.8,-99.8,-99.8,-99.8,-99.8
2023-01-17 04:00:00,679.8,-99.8,-99.8,-99.8,-99.8,0.0,0.0,0.0,-99.8,-99.8,-99.8,-99.8,-99.8,-99.8,-99.8
2023-01-17 05:00:00,680.0,-99.8,-99.8,-99.8,-99.8,0.0,0.0,0.0,-99.8,-99.8,-99.8,-99.8,-99.8,-99.8,-99.8
2023-01-17 06:00:00,680.6,-99.8,-99.8,-99.8,-99.8,0.0,0.0,0.0,-99.8,-99.8,-99.8,-99.8,-99.8,-99.8,-99.8
2023-01-17 07:00:00,681.1,-99.8,-99.8,-99.8,-99.8,0.0,0.0,0.0,-99.8,-99.8,-99.8,-99.8,-99.8,-99.8,-99.8
2023-01-17 08:00:00,681.6,-99.8,-99.8,-99.8,-99.8,0.0,0.0,0.0,-99.8,-99.8,-99.8,-99.8,-99.8,-99.8,-99.8
2023-01-17 09:00:00,682.3,-99.8,-99.8,-99.8,-99.8,0.0,0.0,0.0,-99.8,-99.8,-99.8,-99.8,-99.8,-99.8,-99.8
2023-01-17 10:00:00,682.2,-99.8,-99.8,-99.8,-99.8,0.0,0.0,0.0,-99.8,-99.8,-99.8,-99.8,-99.8,-99.8,-99.8
2023-01-17 11:00:00,681.9,-99.8,-99.8,-99.8,-99.8,0.0,0.0,0.0,-99.8,-99.8,-99.8,-99.8,-99.8,-99.8,-99.8
2023-01-17 12:00:00,681.3,-99.8,-99.8,-99.8,-99.8,0.0,0.0,0.0,-99.8,-99.8,-99.8,-99.8,-99.8,-99.8,-99.8
2023-01-17 13:00:00,681.0,-99.8,-99.8,8.9,277.0,13.8,271.0,0.5,-99.8,-99.8,-99.8,-99.8,-99.8,-99.8,-99.8
2023-01-17 14:00:00,680.7,-99.8,-99.8,8.4,274.0,14.3,272.0,0.0,-99.8,-99.8,-99.8,-99.8,-99.8,-99.8,-99.8
2023-01-17 15:00:00,680.6,-99.8,-99.8,8.1,278.0,14.1,263.0,0.0,-99.8,-99.8,-99.8,-99.8,-99.8,-99.8,-99.8
2023-01-17 16:00:00,680.9,-99.8,-99.8,6.6,284.0,11.8,276.0,0.0,-99.8,-99.8,-99.8,-99.8,-99.8,-99.8,-99.8
2023-01-17 17:00:00,681.3,-99.8,-99.8,11.2,286.0,14.3,283.0,0.0,-99.8,-99.8,-99.8,-99.8,-99.8,-99.8,-99.8
2023-01-17 18:00:00,681.4,-99.8,-99.8,11.9,287.0,17.2,285.0,0.0,-99.8,-99.8,-99.8,-99.8,-99.8,-99.8,-99.8
2023-01-17 19:00:00,681.5,-99.8,-99.8,15.9,300.0,19.5,299.0,0.0,-99.8,-99.8,-99.8,-99.8,-99.8,-99.8,-99.8
2023-01-17 20:00:00,682.4,-99.8,-99.8,13.3,295.0,22.0,295.0,0.0,-99.8,-99.8,-99.8,-99.8,-99.8,-99.8,-99.8
2023-01-17 21:00:00,683.0,-99.8,-99.8,8.7,289.0,19.2,305.0,0.0,-99.8,-99.8,-99.8,-99.8,-99.8,-99.8,-99.8
2023-01-17 22:00:00,682.6,-99.8,-99.8,9.7,304.0,18.2,307.0,0.0,-99.8,-99.8,-99.8,-99.8,-99.8,-99.8,-99.8
2023-01-17 23:00:00,683.0,-99.8,-99.8,9.6,289.0,20.4,296.0,0.0,-99.8,-99.8,-99.8,-99.8,-99.8,-99.8,-99.8
2023-01-18 00:00:00,682.8,-99.8,-99.8,10.2,288.0,17.6,289.0,0.0,-99.8,-99.8,-99.8,-99.8,-99.8,-99.8,-99.8
2023-01-18 01:00:00,682.9,-99.8,-99.8,9.3,290.0,16.6,302.0,0.0,-99.8,-99.8,-99.8,-99.8,-99.8,-99.8,-99.8
2023-01-18 02:00:00,682.5,-99.8,-99.8,7.9,286.0,14.3,286.0,0.0,-99.8,-99.8,-99.8,-99.8,-99.8,-99.8,-99.8
2023-01-18 03:00:00,682.6,-99.8,-99.8,8.5,284.0,14.6,285.0,0.0,-99.8,-99.8,-99.8,-99.8,-99.8,-99.8,-99.8
2023-01-18 04:00:00,682.5,-99.8,-99.8,8.8,288.0,14.7,284.0,0.0,-99.8,-99.8,-99.8,-99.8,-99.8,-99.8,-99.8
2023-01-18 05:00:00,682.8,-99.8,-99.8,8.5,289.0,13.9,291.0,0.0,-99.8,-99.8,-99.8,-99.8,-99.8,-99.8,-99.8
2023-01-18 06:00:00,683.3,-99.8,-99.8,7.6,285.0,14.5,289.0,0.0,-99.8,-99.8,-99.8,-99.8,-99.8,-99.8,-99.8
2023-01-18 07:00:00,683.8,-99.8,-99.8,6.7,281.0,11.9,284.0,0.0,-99.8,-99.8,-99.8,-99.8,-99.8,-99.8,-99.8
2023-01-18 08:00:00,684.1,-99.8,-99.8,6.8,281.0,12.7,285.0,0.0,-99.8,-99.8,-99.8,-99.8,-99.8,-99.8,-99.8
2023-01-18 09:00:00,684.6,-99.8,-99.8,7.0,284.0,12.3,286.0,0.0,-99.8,-99.8,-99.8,-99.8,-99.8,-99.8,-99.8
2023-01-18 10:00:00,684.6,-99.8,-99.8,7.1,283.0,12.7,289.0,0.0,-99.8,-99.8,-99.8,-99.8,-99.8,-99.8,-99.8
2023-01-18 11:00:00,683.9,-99.8,-99.8,6.8,277.0,13.0,285.0,0.0,-99.8,-99.8,-99.8,-99.8,-99.8,-99.8,-99.8
2023-01-18 12:00:00,683.5,-99.8,-99.8,7.3,279.0,14.8,284.0,0.0,-99.8,-99.8,-99.8,-99.8,-99.8,-99.8,-99.8
2023-01-18 13:00:00,682.7,-99.8,-99.8,7.0,272.0,14.3,285.0,0.0,-99.8,-99.8,-99.8,-99.8,-99.8,-99.8,-99.8
2023-01-18 14:00:00,682.4,-99.8,-99.8,7.0,273.0,13.8,287.0,0.0,-99.8,-99.8,-99.8,-99.8,-99.8,-99.8,-99.8
2023-01-18 15:00:00,682.0,-99.8,-99.8,6.7,275.0,13.0,259.0,-999.6,-99.8,-99.8,-99.8,-99.8,-99.8,-99.8,-99.8
2023-01-18 16:00:00,682.1,-99.8,-99.8,6.5,276.0,12.5,276.0,0.0,-99.8,-99.8,-99.8,-99.8,-99.8,-99.8,-99.8
2023-01-18 17:00:00,682.4,-99.8,-99.8,6.3,280.0,13.3,284.0,0.0,-99.8,-99.8,-99.8,-99.8,-99.8,-99.8,-99.8
2023-01-18 18:00:00,682.6,-99.8,-99.8,8.7,285.0,17.4,283.0,0.0,-99.8,-99.8,-99.8,-99.8,-99.8,-99.8,-99.8
2023-01-18 19:00:00,683.1,-99.8,-99.8,-99.8,-99.8,19.3,283.0,0.0,-99.8,-99.8,-99.8,-99.8,-99.8,-99.8,-99.8
2023-01-18 20:00:00,683.5,-99.8,-99.8,-99.8,-99.8,0.0,0.0,0.0,-99.8,-99.8,-99.8,-99.8,-99.8,-99.8,-99.8
2023-01-18 21:00:00,683.3,-99.8,-99.8,-99.8,-99.8,0.0,0.0,0.0,-99.8,-99.8,-99.8,-99.8,-99.8,-99.8,-99.8
2023-01-18 22:00:00,683.5,-99.8,-99.8,-99.8,-99.8,0.0,0.0,0.0,-99.8,-99.8,-99.8,-99.8,-99.8,-99.8,-99.8
2023-01-18 23:00:00,683.2,-99.8,-99.8,-99.8,-99.8,0.0,0.0,0.0,-99.8,-99.8,-99.8,-99.8,-99.8,-99.8,-99.8
2023-01-19 00:00:00,682.9,-99.8,-99.8,-99.8,-99.8,0.0,0.0,0.0,-99.8,-99.8,-99.8,-99.8,-99.8,-99.8,-99.8
2023-01-19 01:00:00,682.7,-99.8,-99.8,-99.8,-99.8,0.0,0.0,0.0,-99.8,-99.8,-99.8,-99.8,-99.8,-99.8,-99.8
2023-01-19 02:00:00,682.3,-99.8,-99.8,-99.8,-99.8,0.0,0.0,0.0,-99.8,-99.8,-99.8,-99.8,-99.8,-99.8,-99.8
2023-01-19 03:00:00,681.9,-99.8,-99.8,-99.8,-99.8,0.0,0.0,0.0,-99.8,-99.8,-99.8,-99.8,-99.8,-99.8,-99.8
2023-01-19 04:00:00,681.8,-99.8,-99.8,-99.8,-99.8,0.0,0.0,0.0,-99.8,-99.8,-99.8,-99.8,-99.8,-99.8,-99.8
2023-01-19 05:00:00,682.2,-99.8,-99.8,-99.8,-99.8,0.0,0.0,0.0,-99.8,-99.8,-99.8,-99.8,-99.8,-99.8,-99.8
2023-01-19 06:00:00,682.4,-99.8,-99.8,-99.8,-99.8,0.0,0.0,0.0,-99.8,-99.8,-99.8,-99.8,-99.8,-99.8,-99.8
2023-01-19 07:00:00,682.8,-99.8,-99.8,-99.8,-99.8,0.0,0.0,0.0,-99.8,-99.8,-99.8,-99.8,-99.8,-99.8,-99.8
2023-01-19 08:00:00,683.4,-99.8,-99.8,-99.8,-99.8,0.0,0.0,0.0,-99.8,-99.8,-99.8,-99.8,-99.8,-99.8,-99.8
2023-01-19 09:00:00,683.6,-99.8,-99.8,-99.8,-99.8,0.0,0.0,0.0,-99.8,-99.8,-99.8,-99.8,-99.8,-99.8,-99.8
2023-01-19 10:00:00,683.8,-99.8,-99.8,-99.8,-99.8,0.0,0.0,0.0,-99.8,-99.8,-99.8,-99.8,-99.8,-99.8,-99.8
2023-01-19 11:00:00,683.4,-99.8,-99.8,-99.8,-99.8,0.0,0.0,0.0,-99.8,-99.8,-99.8,-99.8,-99.8,-99.8,-99.8
2023-01-19 12:00:00,682.8,-99.8,-99.8,-99.8,-99.8,0.0,0.0,0.0,-99.8,-99.8,-99.8,-99.8,-99.8,-99.8,-99.8
2023-01-19 13:00:00,682.4,-99.8,-99.8,-99.8,-99.8,0.0,0.0,0.0,-99.8,-99.8,-99.8,-99.8,-99.8,-99.8,-99.8
2023-01-19 14:00:00,682.4,-99.8,-99.8,-99.8,-99.8,0.0,0.0,0.0,-99.8,-99.8,-99.8,-99.8,-99.8,-99.8,-99.8
2023-01-19 15:00:00,682.2,-99.8,-99.8,1.9,209.0,8.6,313.0,0.0,-99.8,-99.8,-99.8,-99.8,-99.8,-99.8,-99.8
2023-01-19 16:00:00,682.6,-99.8,-99.8,5.5,281.0,10.5,286.0,0.0,-99.8,-99.8,-99.8,-99.8,-99.8,-99.8,-99.8
2023-01-19 17:00:00,682.7,-99.8,-99.8,5.9,283.0,10.6,286.0,0.0,-99.8,-99.8,-99.8,-99.8,-99.8,-99.8,-99.8
2023-01-19 18:00:00,682.9,-99.8,-99.8,7.4,282.0,12.9,297.0,0.0,-99.8,-99.8,-99.8,-99.8,-99.8,-99.8,-99.8
2023-01-19 19:00:00,683.2,-99.8,-99.8,7.5,284.0,13.7,288.0,0.0,-99.8,-99.8,-99.8,-99.8,-99.8,-99.8,-99.8
2023-01-19 20:00:00,683.4,-99.8,-99.8,8.4,288.0,13.8,292.0,0.0,-99.8,-99.8,-99.8,-99.8,-99.8,-99.8,-99.8
2023-01-19 21:00:00,683.7,-99.8,-99.8,7.4,284.0,13.3,291.0,0.0,-99.8,-99.8,-99.8,-99.8,-99.8,-99.8,-99.8
2023-01-19 22:00:00,683.9,-99.8,-99.8,6.7,283.0,11.4,288.0,0.0,-99.8,-99.8,-99.8,-99.8,-99.8,-99.8,-99.8
2023-01-19 23:00:00,683.9,-99.8,-99.8,6.1,281.0,11.6,285.0,0.0,-99.8,-99.8,-99.8,-99.8,-99.8,-99.8,-99.8
2023-01-20 00:00:00,683.6,-99.8,-99.8,5.3,280.0,10.8,284.0,0.0,-99.8,-99.8,-99.8,-99.8,-99.8,-99.8,-99.8
2023-01-20 01:00:00,683.6,-99.8,-99.8,5.0,277.0,11.2,285.0,0.0,-99.8,-99.8,-99.8,-99.8,-99.8,-99.8,-99.8
2023-01-20 02:00:00,683.3,-99.8,-99.8,5.0,276.0,9.5,284.0,0.0,-99.8,-99.8,-99.8,-99.8,-99.8,-99.8,-99.8
2023-01-20 03:00:00,683.2,-99.8,-99.8,5.5,282.0,9.9,290.0,0.0,-99.8,-99.8,-99.8,-99.8,-99.8,-99.8,-99.8
2023-01-20 04:00:00,683.2,-99.8,-99.8,4.4,275.0,9.0,282.0,0.0,-99.8,-99.8,-99.8,-99.8,-99.8,-99.8,-99.8
2023-01-20 05:00:00,683.2,-99.8,-99.8,4.5,278.0,7.2,285.0,0.0,-99.8,-99.8,-99.8,-99.8,-99.8,-99.8,-99.8
2023-01-20 06:00:00,683.9,-99.8,-99.8,3.1,266.0,6.9,253.0,0.0,-99.8,-99.8,-99.8,-99.8,-99.8,-99.8,-99.8
2023-01-20 07:00:00,684.3,-99.8,-99.8,2.1,151.0,4.4,253.0,0.0,-99.8,-99.8,-99.8,-99.8,-99.8,-99.8,-99.8
2023-01-20 08:00:00,684.7,-99.8,-99.8,6.1,125.0,9.3,148.0,0.0,-99.8,-99.8,-99.8,-99.8,-99.8,-99.8,-99.8
2023-01-20 09:00:00,685.1,-99.8,-99.8,6.5,127.0,10.4,131.0,0.0,-99.8,-99.8,-99.8,-99.8,-99.8,-99.8,-99.8
2023-01-20 10:00:00,685.3,-99.8,-99.8,2.7,140.0,11.0,139.0,0.0,-99.8,-99.8,-99.8,-99.8,-99.8,-99.8,-99.8
2023-01-20 11:00:00,685.1,-99.8,-99.8,6.1,141.0,11.6,131.0,0.0,-99.8,-99.8,-99.8,-99.8,-99.8,-99.8,-99.8
2023-01-20 12:00:00,684.4,-99.8,-99.8,2.6,260.0,11.2,154.0,0.0,-99.8,-99.8,-99.8,-99.8,-99.8,-99.8,-99.8
2023-01-20 13:00:00,683.6,-99.8,-99.8,2.7,258.0,7.2,226.0,0.0,-99.8,-99.8,-99.8,-99.8,-99.8,-99.8,-99.8
2023-01-20 14:00:00,683.3,-99.8,-99.8,3.5,262.0,8.5,247.0,0.0,-99.8,-99.8,-99.8,-99.8,-99.8,-99.8,-99.8
2023-01-20 15:00:00,683.1,-99.8,-99.8,3.6,268.0,8.7,255.0,0.0,-99.8,-99.8,-99.8,-99.8,-99.8,-99.8,-99.8
2023-01-20 16:00:00,683.2,-99.8,-99.8,3.2,266.0,7.5,237.0,0.0,-99.8,-99.8,-99.8,-99.8,-99.8,-99.8,-99.8
2023-01-20 17:00:00,683.4,-99.8,-99.8,3.3,262.0,8.7,267.0,0.0,-99.8,-99.8,-99.8,-99.8,-99.8,-99.8,-99.8
2023-01-20 18:00:00,683.5,-99.8,-99.8,4.4,270.0,8.9,259.0,0.0,-99.8,-99.8,-99.8,-99.8,-99.8,-99.8,-99.8
2023-01-20 19:00:00,683.7,-99.8,-99.8,4.6,264.0,8.5,282.0,0.0,-99.8,-99.8,-99.8,-99.8,-99.8,-99.8,-99.8
2023-01-20 20:00:00,684.0,-99.8,-99.8,4.0,265.0,8.9,263.0,0.0,-99.8,-99.8,-99.8,-99.8,-99.8,-99.8,-99.8
2023-01-20 21:00:00,683.8,-99.8,-99.8,2.6,265.0,7.3,257.0,0.0,-99.8,-99.8,-99.8,-99.8,-99.8,-99.8,-99.8
2023-01-20 22:00:00,683.9,-99.8,-99.8,-99.8,-99.8,6.9,256.0,0.0,-99.8,-99.8,-99.8,-99.8,-99.8,-99.8,-99.8
2023-01-20 23:00:00,683.7,-99.8,-99.8,4.0,251.0,11.3,238.0,0.0,-99.8,-99.8,-99.8,-99.8,-99.8,-99.8,-99.8
2023-01-21 00:00:00,683.3,-99.8,-99.8,4.7,252.0,12.9,251.0,0.0,-99.8,-99.8,-99.8,-99.8,-99.8,-99.8,-99.8
2023-01-21 01:00:00,683.1,-99.8,-99.8,3.5,259.0,9.6,259.0,0.0,-99.8,-99.8,-99.8,-99.8,-99.8,-99.8,-99.8
2023-01-21 02:00:00,682.9,-99.8,-99.8,4.4,268.0,14.3,263.0,0.0,-99.8,-99.8,-99.8,-99.8,-99.8,-99.8,-99.8
2023-01-21 03:00:00,682.5,-99.8,-99.8,6.6,256.0,12.5,244.0,0.0,-99.8,-99.8,-99.8,-99.8,-99.8,-99.8,-99.8
2023-01-21 04:00:00,682.5,-99.8,-99.8,6.0,273.0,13.0,258.0,0.0,-99.8,-99.8,-99.8,-99.8,-99.8,-99.8,-99.8
2023-01-21 05:00:00,682.8,-99.8,-99.8,7.0,272.0,16.0,261.0,0.0,-99.8,-99.8,-99.8,-99.8,-99.8,-99.8,-99.8
2023-01-21 06:00:00,684.0,-99.8,-99.8,6.0,272.0,12.5,256.0,0.0,-99.8,-99.8,-99.8,-99.8,-99.8,-99.8,-99.8
2023-01-21 07:00:00,684.8,-99.8,-99.8,5.5,277.0,11.3,259.0,0.0,-99.8,-99.8,-99.8,-99.8,-99.8,-99.8,-99.8
2023-01-21 08:00:00,684.8,-99.8,-99.8,5.8,269.0,10.8,256.0,0.0,-99.8,-99.8,-99.8,-99.8,-99.8,-99.8,-99.8
2023-01-21 09:00:00,685.5,-99.8,-99.8,5.2,268.0,11.4,284.0,0.0,-99.8,-99.8,-99.8,-99.8,-99.8,-99.8,-99.8
2023-01-21 10:00:00,685.6,-99.8,-99.8,5.5,277.0,11.2,286.0,0.0,-99.8,-99.8,-99.8,-99.8,-99.8,-99.8,-99.8
2023-01-21 11:00:00,685.4,-99.8,-99.8,5.1,272.0,10.4,265.0,0.0,-99.8,-99.8,-99.8,-99.8,-99.8,-99.8,-99.8
2023-01-21 12:00:00,684.8,-99.8,-99.8,5.7,271.0,10.3,285.0,0.0,-99.8,-99.8,-99.8,-99.8,-99.8,-99.8,-99.8
2023-01-21 13:00:00,684.4,-99.8,-99.8,5.0,267.0,10.3,271.0,0.0,-99.8,-99.8,-99.8,-99.8,-99.8,-99.8,-99.8
2023-01-21 14:00:00,682.3,-99.8,-99.8,4.0,270.0,9.0,262.0,0.0,-99.8,-99.8,-99.8,-99.8,-99.8,-99.8,-99.8
2023-01-21 15:00:00,681.9,-99.8,-99.8,5.0,273.0,10.5,262.0,0.0,-99.8,-99.8,-99.8,-99.8,-99.8,-99.8,-99.8
2023-01-21 16:00:00,681.8,-99.8,-99.8,4.8,269.0,10.8,260.0,0.0,-99.8,-99.8,-99.8,-99.8,-99.8,-99.8,-99.8
2023-01-21 17:00:00,682.2,-99.8,-99.8,4.4,265.0,9.6,263.0,0.0,-99.8,-99.8,-99.8,-99.8,-99.8,-99.8,-99.8
2023-01-21 18:00:00,682.4,-99.8,-99.8,4.3,267.0,9.3,263.0,0.0,-99.8,-99.8,-99.8,-99.8,-99.8,-99.8,-99.8
2023-01-21 19:00:00,682.8,-99.8,-99.8,3.8,248.0,9.1,256.0,0.0,-99.8,-99.8,-99.8,-99.8,-99.8,-99.8,-99.8
2023-01-21 20:00:00,683.2,-99.8,-99.8,4.1,235.0,8.0,248.0,0.0,-99.8,-99.8,-99.8,-99.8,-99.8,-99.8,-99.8
2023-01-21 21:00:00,683.2,-99.8,-99.8,4.8,255.0,8.7,264.0,0.0,-99.8,-99.8,-99.8,-99.8,-99.8,-99.8,-99.8
2023-01-21 22:00:00,683.2,-99.8,-99.8,4.9,259.0,10.6,261.0,0.0,-99.8,-99.8,-99.8,-99.8,-99.8,-99.8,-99.8
2023-01-21 23:00:00,683.2,-99.8,-99.8,4.8,238.0,11.9,237.0,0.0,-99.8,-99.8,-99.8,-99.8,-99.8,-99.8,-99.8
2023-01-22 00:00:00,683.4,-99.8,-99.8,2.6,190.0,15.1,241.0,0.0,-99.8,-99.8,-99.8,-99.8,-99.8,-99.8,-99.8
2023-01-22 01:00:00,683.3,-99.8,-99.8,4.0,234.0,11.6,232.0,0.0,-99.8,-99.8,-99.8,-99.8,-99.8,-99.8,-99.8
2023-01-22 02:00:00,682.9,-99.8,-99.8,5.0,264.0,12.7,247.0,0.0,-99.8,-99.8,-99.8,-99.8,-99.8,-99.8,-99.8
2023-01-22 03:00:00,682.9,-99.8,-99.8,3.9,247.0,10.9,244.0,0.0,-99.8,-99.8,-99.8,-99.8,-99.8,-99.8,-99.8
2023-01-22 04:00:00,682.7,-99.8,-99.8,3.4,269.0,7.9,241.0,0.0,-99.8,-99.8,-99.8,-99.8,-99.8,-99.8,-99.8
2023-01-22 05:00:00,682.6,-99.8,-99.8,4.4,271.0,7.9,283.0,0.0,-99.8,-99.8,-99.8,-99.8,-99.8,-99.8,-99.8
2023-01-22 06:00:00,682.7,-99.8,-99.8,4.5,271.0,8.5,265.0,0.0,-99.8,-99.8,-99.8,-99.8,-99.8,-99.8,-99.8
2023-01-22 07:00:00,682.8,-99.8,-99.8,5.0,270.0,9.0,242.0,0.0,-99.8,-99.8,-99.8,-99.8,-99.8,-99.8,-99.8
2023-01-22 08:00:00,683.1,-99.8,-99.8,5.6,269.0,10.9,255.0,0.0,-99.8,-99.8,-99.8,-99.8,-99.8,-99.8,-99.8
2023-01-22 09:00:00,683.6,-99.8,-99.8,5.6,263.0,11.4,255.0,0.0,-99.8,-99.8,-99.8,-99.8,-99.8,-99.8,-99.8
2023-01-22 10:00:00,683.6,-99.8,-99.8,5.1,277.0,10.0,287.0,0.0,-99.8,-99.8,-99.8,-99.8,-99.8,-99.8,-99.8
2023-01-22 11:00:00,683.2,-99.8,-99.8,5.5,279.0,11.7,257.0,0.0,-99.8,-99.8,-99.8,-99.8,-99.8,-99.8,-99.8
2023-01-22 12:00:00,682.6,-99.8,-99.8,5.4,271.0,12.0,290.0,0.0,-99.8,-99.8,-99.8,-99.8,-99.8,-99.8,-99.8
2023-01-22 13:00:00,681.8,-99.8,-99.8,5.7,271.0,10.3,263.0,0.0,-99.8,-99.8,-99.8,-99.8,-99.8,-99.8,-99.8
2023-01-22 14:00:00,681.5,-99.8,-99.8,6.2,271.0,10.9,284.0,0.0,-99.8,-99.8,-99.8,-99.8,-99.8,-99.8,-99.8
2023-01-22 15:00:00,681.1,-99.8,-99.8,5.9,275.0,11.0,285.0,0.0,-99.8,-99.8,-99.8,-99.8,-99.8,-99.8,-99.8
2023-01-22 16:00:00,681.1,-99.8,-99.8,5.7,276.0,11.7,283.0,0.0,-99.8,-99.8,-99.8,-99.8,-99.8,-99.8,-99.8
2023-01-22 17:00:00,681.1,-99.8,-99.8,6.1,266.0,12.0,279.0,0.0,-99.8,-99.8,-99.8,-99.8,-99.8,-99.8,-99.8
2023-01-22 18:00:00,681.0,-99.8,-99.8,6.6,276.0,13.0,294.0,0.0,-99.8,-99.8,-99.8,-99.8,-99.8,-99.8,-99.8
2023-01-22 19:00:00,681.4,-99.8,-99.8,6.1,272.0,12.6,283.0,0.0,-99.8,-99.8,-99.8,-99.8,-99.8,-99.8,-99.8
2023-01-22 20:00:00,681.6,-99.8,-99.8,5.9,274.0,12.9,287.0,0.0,-99.8,-99.8,-99.8,-99.8,-99.8,-99.8,-99.8
2023-01-22 21:00:00,681.5,-99.8,-99.8,7.1,278.0,12.8,268.0,0.0,-99.8,-99.8,-99.8,-99.8,-99.8,-99.8,-99.8
2023-01-22 22:00:00,681.5,-99.8,-99.8,8.4,276.0,15.6,245.0,0.0,-99.8,-99.8,-99.8,-99.8,-99.8,-99.8,-99.8
2023-01-22 23:00:00,681.3,-99.8,-99.8,7.6,273.0,16.2,265.0,0.0,-99.8,-99.8,-99.8,-99.8,-99.8,-99.8,-99.8
2023-01-23 00:00:00,681.0,-99.8,-99.8,7.4,278.0,15.5,288.0,0.0,-99.8,-99.8,-99.8,-99.8,-99.8,-99.8,-99.8
2023-01-23 01:00:00,681.0,-99.8,-99.8,7.9,280.0,15.1,286.0,0.0,-99.8,-99.8,-99.8,-99.8,-99.8,-99.8,-99.8
2023-01-23 02:00:00,680.7,-99.8,-99.8,8.8,274.0,17.6,256.0,0.0,-99.8,-99.8,-99.8,-99.8,-99.8,-99.8,-99.8
2023-01-23 03:00:00,680.6,-99.8,-99.8,8.8,279.0,17.3,286.0,0.0,-99.8,-99.8,-99.8,-99.8,-99.8,-99.8,-99.8
2023-01-23 04:00:00,681.0,-99.8,-99.8,8.3,266.0,18.6,293.0,0.0,-99.8,-99.8,-99.8,-99.8,-99.8,-99.8,-99.8
2023-01-23 05:00:00,681.4,-99.8,-99.8,7.9,280.0,16.1,293.0,0.0,-99.8,-99.8,-99.8,-99.8,-99.8,-99.8,-99.8
2023-01-23 06:00:00,681.0,-99.8,-99.8,7.7,279.0,15.8,256.0,0.0,-99.8,-99.8,-99.8,-99.8,-99.8,-99.8,-99.8
2023-01-23 07:00:00,681.0,-99.8,-99.8,8.6,279.0,16.9,284.0,0.0,-99.8,-99.8,-99.8,-99.8,-99.8,-99.8,-99.8
2023-01-23 08:00:00,681.6,-99.8,-99.8,8.3,271.0,17.4,257.0,0.0,-99.8,-99.8,-99.8,-99.8,-99.8,-99.8,-99.8
2023-01-23 09:00:00,682.1,-99.8,-99.8,7.8,272.0,16.2,254.0,0.0,-99.8,-99.8,-99.8,-99.8,-99.8,-99.8,-99.8
2023-01-23 10:00:00,682.5,-99.8,-99.8,8.0,274.0,16.1,256.0,0.0,-99.8,-99.8,-99.8,-99.8,-99.8,-99.8,-99.8
2023-01-23 11:00:00,681.6,-99.8,-99.8,7.7,270.0,18.0,286.0,0.0,-99.8,-99.8,-99.8,-99.8,-99.8,-99.8,-99.8
2023-01-23 12:00:00,681.0,-99.8,-99.8,7.6,272.0,15.0,258.0,0.0,-99.8,-99.8,-99.8,-99.8,-99.8,-99.8,-99.8
2023-01-23 13:00:00,680.1,-99.8,-99.8,8.1,269.0,18.5,263.0,0.0,-99.8,-99.8,-99.8,-99.8,-99.8,-99.8,-99.8
2023-01-23 14:00:00,679.7,-99.8,-99.8,8.8,275.0,17.5,264.0,0.0,-99.8,-99.8,-99.8,-99.8,-99.8,-99.8,-99.8
2023-01-23 15:00:00,679.5,-99.8,-99.8,9.0,272.0,17.4,263.0,0.0,-99.8,-99.8,-99.8,-99.8,-99.8,-99.8,-99.8
2023-01-23 16:00:00,679.5,-99.8,-99.8,8.8,268.0,18.0,251.0,0.0,-99.8,-99.8,-99.8,-99.8,-99.8,-99.8,-99.8
2023-01-23 17:00:00,679.7,-99.8,-99.8,8.0,272.0,16.7,263.0,0.0,-99.8,-99.8,-99.8,-99.8,-99.8,-99.8,-99.8
2023-01-23 18:00:00,679.8,-99.8,-99.8,8.5,274.0,17.4,282.0,0.0,-99.8,-99.8,-99.8,-99.8,-99.8,-99.8,-99.8
2023-01-23 19:00:00,679.9,-99.8,-99.8,7.8,273.0,16.0,266.0,0.0,-99.8,-99.8,-99.8,-99.8,-99.8,-99.8,-99.8
2023-01-23 20:00:00,680.3,-99.8,-99.8,7.3,279.0,15.6,262.0,0.0,-99.8,-99.8,-99.8,-99.8,-99.8,-99.8,-99.8
2023-01-23 21:00:00,678.8,-99.8,-99.8,8.8,279.0,16.7,256.0,0.0,-99.8,-99.8,-99.8,-99.8,-99.8,-99.8,-99.8
2023-01-23 22:00:00,679.5,-99.8,-99.8,7.9,277.0,18.9,255.0,0.0,-99.8,-99.8,-99.8,-99.8,-99.8,-99.8,-99.8
2023-01-23 23:00:00,679.3,-99.8,-99.8,9.1,286.0,15.0,285.0,0.0,-99.8,-99.8,-99.8,-99.8,-99.8,-99.8,-99.8
2023-01-24 00:00:00,679.9,-99.8,-99.8,7.8,281.0,15.9,256.0,0.0,-99.8,-99.8,-99.8,-99.8,-99.8,-99.8,-99.8
2023-01-24 01:00:00,679.8,-99.8,-99.8,9.0,285.0,13.1,284.0,0.0,-99.8,-99.8,-99.8,-99.8,-99.8,-99.8,-99.8
2023-01-24 02:00:00,680.3,-99.8,-99.8,-99.8,-99.8,12.9,280.0,0.0,-99.8,-99.8,-99.8,-99.8,-99.8,-99.8,-99.8
2023-01-24 03:00:00,679.7,-99.8,-99.8,-99.8,-99.8,0.0,0.0,0.0,-99.8,-99.8,-99.8,-99.8,-99.8,-99.8,-99.8
2023-01-24 04:00:00,679.9,-99.8,-99.8,-99.8,-99.8,0.0,0.0,0.0,-99.8,-99.8,-99.8,-99.8,-99.8,-99.8,-99.8
2023-01-24 05:00:00,680.1,-99.8,-99.8,-99.8,-99.8,0.0,0.0,0.0,-99.8,-99.8,-99.8,-99.8,-99.8,-99.8,-99.8
2023-01-24 06:00:00,679.5,-99.8,-99.8,-99.8,-99.8,0.0,0.0,0.0,-99.8,-99.8,-99.8,-99.8,-99.8,-99.8,-99.8
2023-01-24 07:00:00,679.7,-99.8,-99.8,-99.8,-99.8,0.0,0.0,0.0,-99.8,-99.8,-99.8,-99.8,-99.8,-99.8,-99.8
2023-01-24 08:00:00,680.4,-99.8,-99.8,-99.8,-99.8,0.0,0.0,0.0,-99.8,-99.8,-99.8,-99.8,-99.8,-99.8,-99.8
2023-01-24 09:00:00,680.9,-99.8,-99.8,-99.8,-99.8,0.0,0.0,0.0,-99.8,-99.8,-99.8,-99.8,-99.8,-99.8,-99.8
2023-01-24 10:00:00,681.9,-99.8,-99.8,-99.8,-99.8,0.0,0.0,0.0,-99.8,-99.8,-99.8,-99.8,-99.8,-99.8,-99.8
2023-01-24 11:00:00,682.0,-99.8,-99.8,-99.8,-99.8,0.0,0.0,0.0,-99.8,-99.8,-99.8,-99.8,-99.8,-99.8,-99.8
2023-01-24 12:00:00,681.6,-99.8,-99.8,-99.8,-99.8,0.0,0.0,0.0,-99.8,-99.8,-99.8,-99.8,-99.8,-99.8,-99.8
2023-01-24 13:00:00,681.5,-99.8,-99.8,-99.8,-99.8,0.0,0.0,0.0,-99.8,-99.8,-99.8,-99.8,-99.8,-99.8,-99.8
2023-01-24 14:00:00,680.2,-99.8,-99.8,-99.8,-99.8,0.0,0.0,0.0,-99.8,-99.8,-99.8,-99.8,-99.8,-99.8,-99.8
2023-01-24 15:00:00,678.1,-99.8,-99.8,-99.8,-99.8,0.0,0.0,0.0,-99.8,-99.8,-99.8,-99.8,-99.8,-99.8,-99.8
2023-01-24 16:00:00,677.1,-99.8,-99.8,-99.8,-99.8,0.0,0.0,0.0,-99.8,-99.8,-99.8,-99.8,-99.8,-99.8,-99.8
2023-01-24 17:00:00,676.7,-99.8,-99.8,-99.8,-99.8,0.0,0.0,0.0,-99.8,-99.8,-99.8,-99.8,-99.8,-99.8,-99.8
2023-01-24 18:00:00,676.4,-99.8,-99.8,-99.8,-99.8,0.0,0.0,0.0,-99.8,-99.8,-99.8,-99.8,-99.8,-99.8,-99.8
2023-01-24 19:00:00,676.6,-99.8,-99.8,-99.8,-99.8,0.0,0.0,0.0,-99.8,-99.8,-99.8,-99.8,-99.8,-99.8,-99.8
2023-01-24 20:00:00,676.7,-99.8,-99.8,-99.8,-99.8,0.0,0.0,0.0,-99.8,-99.8,-99.8,-99.8,-99.8,-99.8,-99.8
2023-01-24 21:00:00,677.1,-99.8,-99.8,-99.8,-99.8,0.0,0.0,0.0,-99.8,-99.8,-99.8,-99.8,-99.8,-99.8,-99.8
2023-01-24 22:00:00,677.6,-99.8,-99.8,-99.8,-99.8,0.0,0.0,0.0,-99.8,-99.8,-99.8,-99.8,-99.8,-99.8,-99.8
2023-01-24 23:00:00,677.6,-99.8,-99.8,-99.8,-99.8,0.0,0.0,0.0,-99.8,-99.8,-99.8,-99.8,-99.8,-99.8,-99.8
2023-01-25 00:00:00,677.7,-99.8,-99.8,-99.8,-99.8,0.0,0.0,0.0,-99.8,-99.8,-99.8,-99.8,-99.8,-99.8,-99.8
2023-01-25 01:00:00,677.9,-99.8,-99.8,-99.8,-99.8,0.0,0.0,0.0,-99.8,-99.8,-99.8,-99.8,-99.8,-99.8,-99.8
2023-01-25 02:00:00,677.8,-99.8,-99.8,-99.8,-99.8,0.0,0.0,0.0,-99.8,-99.8,-99.8,-99.8,-99.8,-99.8,-99.8
2023-01-25 03:00:00,677.4,-99.8,-99.8,-99.8,-99.8,0.0,0.0,0.0,-99.8,-99.8,-99.8,-99.8,-99.8,-99.8,-99.8
2023-01-25 04:00:00,677.3,-99.8,-99.8,-99.8,-99.8,0.0,0.0,0.0,-99.8,-99.8,-99.8,-99.8,-99.8,-99.8,-99.8
2023-01-25 05:00:00,677.4,-99.8,-99.8,-99.8,-99.8,0.0,0.0,0.0,-99.8,-99.8,-99.8,-99.8,-99.8,-99.8,-99.8
2023-01-25 06:00:00,677.3,-99.8,-99.8,-99.8,-99.8,0.0,0.0,0.0,-99.8,-99.8,-99.8,-99.8,-99.8,-99.8,-99.8
2023-01-25 07:00:00,675.9,-99.8,-99.8,-99.8,-99.8,0.0,0.0,0.0,-99.8,-99.8,-99.8,-99.8,-99.8,-99.8,-99.8
2023-01-25 08:00:00,678.9,-99.8,-99.8,-99.8,-99.8,0.0,0.0,0.0,-99.8,-99.8,-99.8,-99.8,-99.8,-99.8,-99.8
2023-01-25 09:00:00,685.1,-99.8,-99.8,-99.8,-99.8,0.0,0.0,0.0,-99.8,-99.8,-99.8,-99.8,-99.8,-99.8,-99.8
2023-01-25 10:00:00,692.1,-99.8,-99.8,-99.8,-99.8,0.0,0.0,0.0,-99.8,-99.8,-99.8,-99.8,-99.8,-99.8,-99.8
2023-01-25 11:00:00,682.9,-99.8,-99.8,1.3,171.0,5.3,122.0,0.0,-99.8,-99.8,-99.8,-99.8,-99.8,-99.8,-99.8
2023-01-25 12:00:00,680.1,-99.8,-99.8,1.6,255.0,6.1,235.0,0.0,-99.8,-99.8,-99.8,-99.8,-99.8,-99.8,-99.8
2023-01-25 13:00:00,679.5,-99.8,-99.8,3.5,275.0,7.4,280.0,0.0,-99.8,-99.8,-99.8,-99.8,-99.8,-99.8,-99.8
2023-01-25 14:00:00,679.2,-99.8,-99.8,3.4,258.0,7.9,259.0,0.0,-99.8,-99.8,-99.8,-99.8,-99.8,-99.8,-99.8
2023-01-25 15:00:00,678.9,-99.8,-99.8,2.4,265.0,6.9,258.0,0.0,-99.8,-99.8,-99.8,-99.8,-99.8,-99.8,-99.8
2023-01-25 16:00:00,678.8,-99.8,-99.8,4.7,274.0,7.9,255.0,0.0,-99.8,-99.8,-99.8,-99.8,-99.8,-99.8,-99.8
2023-01-25 17:00:00,678.8,-99.8,-99.8,6.1,280.0,10.5,291.0,0.0,-99.8,-99.8,-99.8,-99.8,-99.8,-99.8,-99.8
2023-01-25 18:00:00,678.9,-99.8,-99.8,7.7,285.0,12.4,288.0,0.0,-99.8,-99.8,-99.8,-99.8,-99.8,-99.8,-99.8
2023-01-25 19:00:00,679.5,-99.8,-99.8,8.1,279.0,14.4,288.0,0.0,-99.8,-99.8,-99.8,-99.8,-99.8,-99.8,-99.8
2023-01-25 20:00:00,679.7,-99.8,-99.8,8.8,283.0,14.4,259.0,0.0,-99.8,-99.8,-99.8,-99.8,-99.8,-99.8,-99.8
2023-01-25 21:00:00,679.7,-99.8,-99.8,8.5,283.0,18.8,289.0,0.0,-99.8,-99.8,-99.8,-99.8,-99.8,-99.8,-99.8
2023-01-25 22:00:00,679.7,-99.8,-99.8,7.6,282.0,18.6,280.0,0.0,-99.8,-99.8,-99.8,-99.8,-99.8,-99.8,-99.8
2023-01-25 23:00:00,679.0,-99.8,-99.8,8.7,287.0,17.2,285.0,0.0,-99.8,-99.8,-99.8,-99.8,-99.8,-99.8,-99.8
2023-01-26 00:00:00,678.9,-99.8,-99.8,10.2,286.0,18.0,287.0,0.0,-99.8,-99.8,-99.8,-99.8,-99.8,-99.8,-99.8
2023-01-26 01:00:00,678.5,-99.8,-99.8,10.6,286.0,21.3,287.0,0.0,-99.8,-99.8,-99.8,-99.8,-99.8,-99.8,-99.8
2023-01-26 02:00:00,678.4,-99.8,-99.8,12.3,288.0,22.7,284.0,0.0,-99.8,-99.8,-99.8,-99.8,-99.8,-99.8,-99.8
2023-01-26 03:00:00,678.2,-99.8,-99.8,11.4,285.0,23.1,289.0,0.0,-99.8,-99.8,-99.8,-99.8,-99.8,-99.8,-99.8
2023-01-26 04:00:00,678.1,-99.8,-99.8,13.4,285.0,21.2,288.0,0.0,-99.8,-99.8,-99.8,-99.8,-99.8,-99.8,-99.8
2023-01-26 05:00:00,678.1,-99.8,-99.8,14.3,287.0,21.8,287.0,0.0,-99.8,-99.8,-99.8,-99.8,-99.8,-99.8,-99.8
2023-01-26 06:00:00,678.1,-99.8,-99.8,16.1,292.0,23.8,290.0,0.0,-99.8,-99.8,-99.8,-99.8,-99.8,-99.8,-99.8
2023-01-26 07:00:00,678.5,-99.8,-99.8,16.0,292.0,24.3,302.0,0.0,-99.8,-99.8,-99.8,-99.8,-99.8,-99.8,-99.8
2023-01-26 08:00:00,679.7,-99.8,-99.8,12.8,291.0,25.6,298.0,0.0,-99.8,-99.8,-99.8,-99.8,-99.8,-99.8,-99.8
2023-01-26 09:00:00,680.5,-99.8,-99.8,10.4,287.0,21.4,284.0,0.0,-99.8,-99.8,-99.8,-99.8,-99.8,-99.8,-99.8
2023-01-26 10:00:00,680.6,-99.8,-99.8,9.7,286.0,17.9,290.0,0.0,-99.8,-99.8,-99.8,-99.8,-99.8,-99.8,-99.8
2023-01-26 11:00:00,680.2,-99.8,-99.8,10.3,287.0,19.2,287.0,0.0,-99.8,-99.8,-99.8,-99.8,-99.8,-99.8,-99.8
2023-01-26 12:00:00,679.8,-99.8,-99.8,7.8,285.0,18.6,281.0,0.0,-99.8,-99.8,-99.8,-99.8,-99.8,-99.8,-99.8
2023-01-26 13:00:00,678.9,-99.8,-99.8,9.9,287.0,19.4,287.0,0.0,-99.8,-99.8,-99.8,-99.8,-99.8,-99.8,-99.8
2023-01-26 14:00:00,678.6,-99.8,-99.8,8.5,288.0,17.5,284.0,0.0,-99.8,-99.8,-99.8,-99.8,-99.8,-99.8,-99.8
2023-01-26 15:00:00,678.8,-99.8,-99.8,9.6,286.0,20.0,285.0,0.0,-99.8,-99.8,-99.8,-99.8,-99.8,-99.8,-99.8
2023-01-26 16:00:00,679.0,-99.8,-99.8,10.4,284.0,19.4,285.0,0.0,-99.8,-99.8,-99.8,-99.8,-99.8,-99.8,-99.8
2023-01-26 17:00:00,679.6,-99.8,-99.8,10.6,286.0,21.5,284.0,0.0,-99.8,-99.8,-99.8,-99.8,-99.8,-99.8,-99.8
2023-01-26 18:00:00,679.6,-99.8,-99.8,11.5,288.0,19.4,285.0,0.0,-99.8,-99.8,-99.8,-99.8,-99.8,-99.8,-99.8
2023-01-26 19:00:00,679.9,-99.8,-99.8,10.9,290.0,21.4,305.0,0.0,-99.8,-99.8,-99.8,-99.8,-99.8,-99.8,-99.8
2023-01-26 20:00:00,680.3,-99.8,-99.8,10.8,287.0,19.0,288.0,0.0,-99.8,-99.8,-99.8,-99.8,-99.8,-99.8,-99.8
2023-01-26 21:00:00,680.0,-99.8,-99.8,10.1,288.0,19.5,284.0,0.0,-99.8,-99.8,-99.8,-99.8,-99.8,-99.8,-99.8
2023-01-26 22:00:00,680.1,-99.8,-99.8,8.3,282.0,17.5,287.0,0.0,-99.8,-99.8,-99.8,-99.8,-99.8,-99.8,-99.8
2023-01-26 23:00:00,679.9,-99.8,-99.8,7.5,285.0,15.8,285.0,0.0,-99.8,-99.8,-99.8,-99.8,-99.8,-99.8,-99.8
2023-01-27 00:00:00,679.8,-99.8,-99.8,9.0,288.0,16.7,285.0,0.0,-99.8,-99.8,-99.8,-99.8,-99.8,-99.8,-99.8
2023-01-27 01:00:00,679.6,-99.8,-99.8,9.2,289.0,16.7,285.0,0.0,-99.8,-99.8,-99.8,-99.8,-99.8,-99.8,-99.8
2023-01-27 02:00:00,678.7,-99.8,-99.8,12.7,288.0,20.5,287.0,0.0,-99.8,-99.8,-99.8,-99.8,-99.8,-99.8,-99.8
2023-01-27 03:00:00,678.0,-99.8,-99.8,13.9,290.0,27.3,305.0,0.0,-99.8,-99.8,-99.8,-99.8,-99.8,-99.8,-99.8
2023-01-27 04:00:00,678.0,-99.8,-99.8,13.3,289.0,27.5,302.0,0.0,-99.8,-99.8,-99.8,-99.8,-99.8,-99.8,-99.8
2023-01-27 05:00:00,677.9,-99.8,-99.8,16.5,291.0,27.3,304.0,0.0,-99.8,-99.8,-99.8,-99.8,-99.8,-99.8,-99.8
2023-01-27 06:00:00,677.8,-99.8,-99.8,19.2,297.0,28.6,301.0,0.0,-99.8,-99.8,-99.8,-99.8,-99.8,-99.8,-99.8
2023-01-27 07:00:00,678.7,-99.8,-99.8,16.2,298.0,26.9,300.0,0.0,-99.8,-99.8,-99.8,-99.8,-99.8,-99.8,-99.8
2023-01-27 08:00:00,678.1,-99.8,-99.8,18.4,299.0,27.1,305.0,0.0,-99.8,-99.8,-99.8,-99.8,-99.8,-99.8,-99.8
2023-01-27 09:00:00,678.0,-99.8,-99.8,18.9,298.0,29.5,303.0,0.0,-99.8,-99.8,-99.8,-99.8,-99.8,-99.8,-99.8
2023-01-27 10:00:00,678.0,-99.8,-99.8,17.3,296.0,28.4,303.0,0.0,-99.8,-99.8,-99.8,-99.8,-99.8,-99.8,-99.8
2023-01-27 11:00:00,677.8,-99.8,-99.8,13.6,292.0,25.9,298.0,0.0,-99.8,-99.8,-99.8,-99.8,-99.8,-99.8,-99.8
2023-01-27 12:00:00,677.6,-99.8,-99.8,13.5,288.0,21.6,286.0,0.0,-99.8,-99.8,-99.8,-99.8,-99.8,-99.8,-99.8
2023-01-27 13:00:00,677.3,-99.8,-99.8,-99.8,-99.8,20.3,284.0,0.0,-99.8,-99.8,-99.8,-99.8,-99.8,-99.8,-99.8
2023-01-27 14:00:00,676.8,-99.8,-99.8,-99.8,-99.8,0.0,0.0,0.0,-99.8,-99.8,-99.8,-99.8,-99.8,-99.8,-99.8
2023-01-27 15:00:00,677.0,-99.8,-99.8,-99.8,-99.8,0.0,0.0,0.0,-99.8,-99.8,-99.8,-99.8,-99.8,-99.8,-99.8
2023-01-27 16:00:00,676.9,-99.8,-99.8,-99.8,-99.8,0.0,0.0,0.0,-99.8,-99.8,-99.8,-99.8,-99.8,-99.8,-99.8
2023-01-27 17:00:00,677.1,-99.8,-99.8,-99.8,-99.8,0.0,0.0,0.0,-99.8,-99.8,-99.8,-99.8,-99.8,-99.8,-99.8
2023-01-27 18:00:00,677.3,-99.8,-99.8,-99.8,-99.8,0.0,0.0,0.0,-99.8,-99.8,-99.8,-99.8,-99.8,-99.8,-99.8
2023-01-27 19:00:00,677.5,-99.8,-99.8,-99.8,-99.8,0.0,0.0,0.0,-99.8,-99.8,-99.8,-99.8,-99.8,-99.8,-99.8
2023-01-27 20:00:00,677.8,-99.8,-99.8,-99.8,-99.8,0.0,0.0,0.0,-99.8,-99.8,-99.8,-99.8,-99.8,-99.8,-99.8
2023-01-27 21:00:00,677.4,-99.8,-99.8,-99.8,-99.8,0.0,0.0,0.0,-99.8,-99.8,-99.8,-99.8,-99.8,-99.8,-99.8
2023-01-27 22:00:00,676.9,-99.8,-99.8,-99.8,-99.8,0.0,0.0,0.0,-99.8,-99.8,-99.8,-99.8,-99.8,-99.8,-99.8
2023-01-27 23:00:00,676.3,-99.8,-99.8,-99.8,-99.8,0.0,0.0,0.0,-99.8,-99.8,-99.8,-99.8,-99.8,-99.8,-99.8
2023-01-28 00:00:00,675.8,-99.8,-99.8,-99.8,-99.8,0.0,0.0,0.0,-99.8,-99.8,-99.8,-99.8,-99.8,-99.8,-99.8
2023-01-28 01:00:00,675.7,-99.8,-99.8,-99.8,-99.8,0.0,0.0,0.0,-99.8,-99.8,-99.8,-99.8,-99.8,-99.8,-99.8
2023-01-28 02:00:00,675.2,-99.8,-99.8,-99.8,-99.8,0.0,0.0,0.0,-99.8,-99.8,-99.8,-99.8,-99.8,-99.8,-99.8
2023-01-28 03:00:00,675.0,-99.8,-99.8,-99.8,-99.8,0.0,0.0,0.0,-99.8,-99.8,-99.8,-99.8,-99.8,-99.8,-99.8
2023-01-28 04:00:00,675.1,-99.8,-99.8,-99.8,-99.8,0.0,0.0,0.0,-99.8,-99.8,-99.8,-99.8,-99.8,-99.8,-99.8
2023-01-28 05:00:00,675.5,-99.8,-99.8,-99.8,-99.8,0.0,0.0,0.0,-99.8,-99.8,-99.8,-99.8,-99.8,-99.8,-99.8
2023-01-28 06:00:00,676.3,-99.8,-99.8,-99.8,-99.8,0.0,0.0,0.0,-99.8,-99.8,-99.8,-99.8,-99.8,-99.8,-99.8
2023-01-28 07:00:00,676.9,-99.8,-99.8,-99.8,-99.8,0.0,0.0,0.0,-99.8,-99.8,-99.8,-99.8,-99.8,-99.8,-99.8
2023-01-28 08:00:00,677.9,-99.8,-99.8,-99.8,-99.8,0.0,0.0,0.0,-99.8,-99.8,-99.8,-99.8,-99.8,-99.8,-99.8
2023-01-28 09:00:00,679.2,-99.8,-99.8,-99.8,-99.8,0.0,0.0,0.0,-99.8,-99.8,-99.8,-99.8,-99.8,-99.8,-99.8
2023-01-28 10:00:00,679.5,-99.8,-99.8,-99.8,-99.8,0.0,0.0,0.0,-99.8,-99.8,-99.8,-99.8,-99.8,-99.8,-99.8
2023-01-28 11:00:00,679.2,-99.8,-99.8,-99.8,-99.8,0.0,0.0,0.0,-99.8,-99.8,-99.8,-99.8,-99.8,-99.8,-99.8
2023-01-28 12:00:00,678.6,-99.8,-99.8,1.0,87.0,2.4,111.0,0.0,-99.8,-99.8,-99.8,-99.8,-99.8,-99.8,-99.8
2023-01-28 13:00:00,677.8,-99.8,-99.8,5.9,287.0,9.9,286.0,0.0,-99.8,-99.8,-99.8,-99.8,-99.8,-99.8,-99.8
2023-01-28 14:00:00,677.5,-99.8,-99.8,4.3,284.0,9.6,290.0,0.0,-99.8,-99.8,-99.8,-99.8,-99.8,-99.8,-99.8
2023-01-28 15:00:00,677.4,-99.8,-99.8,4.5,287.0,7.1,288.0,0.0,-99.8,-99.8,-99.8,-99.8,-99.8,-99.8,-99.8
2023-01-28 16:00:00,677.5,-99.8,-99.8,4.1,283.0,7.0,284.0,0.0,-99.8,-99.8,-99.8,-99.8,-99.8,-99.8,-99.8
2023-01-28 17:00:00,677.9,-99.8,-99.8,4.1,283.0,8.0,294.0,0.0,-99.8,-99.8,-99.8,-99.8,-99.8,-99.8,-99.8
2023-01-28 18:00:00,678.3,-99.8,-99.8,5.6,300.0,8.1,296.0,0.0,-99.8,-99.8,-99.8,-99.8,-99.8,-99.8,-99.8
2023-01-28 19:00:00,678.8,-99.8,-99.8,3.4,304.0,8.7,297.0,0.0,-99.8,-99.8,-99.8,-99.8,-99.8,-99.8,-99.8
2023-01-28 20:00:00,679.2,-99.8,-99.8,2.4,299.0,5.7,304.0,0.0,-99.8,-99.8,-99.8,-99.8,-99.8,-99.8,-99.8
2023-01-28 21:00:00,679.2,-99.8,-99.8,1.2,215.0,3.5,286.0,0.0,-99.8,-99.8,-99.8,-99.8,-99.8,-99.8,-99.8
2023-01-28 22:00:00,679.1,-99.8,-99.8,1.2,208.0,3.3,248.0,0.0,-99.8,-99.8,-99.8,-99.8,-99.8,-99.8,-99.8
2023-01-28 23:00:00,679.0,-99.8,-99.8,2.1,260.0,4.8,253.0,0.0,-99.8,-99.8,-99.8,-99.8,-99.8,-99.8,-99.8
2023-01-29 00:00:00,678.5,-99.8,-99.8,3.7,282.0,5.4,284.0,0.0,-99.8,-99.8,-99.8,-99.8,-99.8,-99.8,-99.8
2023-01-29 01:00:00,678.1,-99.8,-99.8,4.7,284.0,7.2,286.0,0.0,-99.8,-99.8,-99.8,-99.8,-99.8,-99.8,-99.8
2023-01-29 02:00:00,677.6,-99.8,-99.8,6.1,285.0,7.9,281.0,0.0,-99.8,-99.8,-99.8,-99.8,-99.8,-99.8,-99.8
2023-01-29 03:00:00,677.0,-99.8,-99.8,10.2,297.0,13.8,300.0,0.0,-99.8,-99.8,-99.8,-99.8,-99.8,-99.8,-99.8
2023-01-29 04:00:00,677.0,-99.8,-99.8,9.2,288.0,13.9,288.0,0.0,-99.8,-99.8,-99.8,-99.8,-99.8,-99.8,-99.8
2023-01-29 05:00:00,677.6,-99.8,-99.8,7.8,290.0,12.8,294.0,0.0,-99.8,-99.8,-99.8,-99.8,-99.8,-99.8,-99.8
2023-01-29 06:00:00,678.3,-99.8,-99.8,4.3,285.0,8.7,287.0,0.0,-99.8,-99.8,-99.8,-99.8,-99.8,-99.8,-99.8
2023-01-29 07:00:00,678.7,-99.8,-99.8,5.7,297.0,8.2,303.0,0.0,-99.8,-99.8,-99.8,-99.8,-99.8,-99.8,-99.8
2023-01-29 08:00:00,679.4,-99.8,-99.8,4.0,300.0,7.9,303.0,0.0,-99.8,-99.8,-99.8,-99.8,-99.8,-99.8,-99.8
2023-01-29 09:00:00,680.1,-99.8,-99.8,2.5,284.0,6.4,302.0,0.0,-99.8,-99.8,-99.8,-99.8,-99.8,-99.8,-99.8
2023-01-29 10:00:00,680.6,-99.8,-99.8,2.7,287.0,6.0,291.0,0.0,-99.8,-99.8,-99.8,-99.8,-99.8,-99.8,-99.8
2023-01-29 11:00:00,680.3,-99.8,-99.8,2.4,281.0,4.5,288.0,0.0,-99.8,-99.8,-99.8,-99.8,-99.8,-99.8,-99.8
2023-01-29 12:00:00,679.7,-99.8,-99.8,3.8,279.0,6.3,277.0,0.0,-99.8,-99.8,-99.8,-99.8,-99.8,-99.8,-99.8
2023-01-29 13:00:00,679.2,-99.8,-99.8,3.9,277.0,8.4,284.0,0.0,-99.8,-99.8,-99.8,-99.8,-99.8,-99.8,-99.8
2023-01-29 14:00:00,679.0,-99.8,-99.8,3.9,275.0,8.5,289.0,0.0,-99.8,-99.8,-99.8,-99.8,-99.8,-99.8,-99.8
2023-01-29 15:00:00,679.0,-99.8,-99.8,3.7,267.0,7.1,260.0,0.0,-99.8,-99.8,-99.8,-99.8,-99.8,-99.8,-99.8
2023-01-29 16:00:00,679.3,-99.8,-99.8,0.8,177.0,7.7,268.0,0.0,-99.8,-99.8,-99.8,-99.8,-99.8,-99.8,-99.8
2023-01-29 17:00:00,679.8,-99.8,-99.8,2.0,115.0,3.5,107.0,0.0,-99.8,-99.8,-99.8,-99.8,-99.8,-99.8,-99.8
2023-01-29 18:00:00,680.1,-99.8,-99.8,3.1,289.0,3.8,288.0,0.0,-99.8,-99.8,-99.8,-99.8,-99.8,-99.8,-99.8
2023-01-29 19:00:00,680.6,-99.8,-99.8,0.9,311.0,4.4,301.0,0.0,-99.8,-99.8,-99.8,-99.8,-99.8,-99.8,-99.8
2023-01-29 20:00:00,681.0,-99.8,-99.8,3.0,342.0,4.8,344.0,0.0,-99.8,-99.8,-99.8,-99.8,-99.8,-99.8,-99.8
2023-01-29 21:00:00,681.4,-99.8,-99.8,3.0,5.0,5.4,3.0,0.0,-99.8,-99.8,-99.8,-99.8,-99.8,-99.8,-99.8
2023-01-29 22:00:00,681.5,-99.8,-99.8,3.9,296.0,5.2,294.0,0.0,-99.8,-99.8,-99.8,-99.8,-99.8,-99.8,-99.8
2023-01-29 23:00:00,681.3,-99.8,-99.8,4.2,287.0,5.6,290.0,0.0,-99.8,-99.8,-99.8,-99.8,-99.8,-99.8,-99.8
2023-01-30 00:00:00,681.2,-99.8,-99.8,5.3,290.0,7.3,293.0,0.0,-99.8,-99.8,-99.8,-99.8,-99.8,-99.8,-99.8
2023-01-30 01:00:00,681.0,-99.8,-99.8,5.4,293.0,8.4,296.0,0.0,-99.8,-99.8,-99.8,-99.8,-99.8,-99.8,-99.8
2023-01-30 02:00:00,680.7,-99.8,-99.8,6.6,294.0,9.6,304.0,0.0,-99.8,-99.8,-99.8,-99.8,-99.8,-99.8,-99.8
2023-01-30 03:00:00,680.3,-99.8,-99.8,5.7,286.0,11.0,295.0,0.0,-99.8,-99.8,-99.8,-99.8,-99.8,-99.8,-99.8
2023-01-30 04:00:00,680.3,-99.8,-99.8,6.1,284.0,10.8,299.0,0.0,-99.8,-99.8,-99.8,-99.8,-99.8,-99.8,-99.8
2023-01-30 05:00:00,680.5,-99.8,-99.8,6.0,286.0,12.1,303.0,0.0,-99.8,-99.8,-99.8,-99.8,-99.8,-99.8,-99.8
2023-01-30 06:00:00,680.9,-99.8,-99.8,6.7,315.0,13.2,335.0,0.0,-99.8,-99.8,-99.8,-99.8,-99.8,-99.8,-99.8
2023-01-30 07:00:00,681.7,-99.8,-99.8,5.9,311.0,14.4,307.0,0.0,-99.8,-99.8,-99.8,-99.8,-99.8,-99.8,-99.8
2023-01-30 08:00:00,682.5,-99.8,-99.8,5.5,320.0,12.5,311.0,0.0,-99.8,-99.8,-99.8,-99.8,-99.8,-99.8,-99.8
2023-01-30 09:00:00,683.3,-99.8,-99.8,5.7,309.0,12.4,303.0,0.0,-99.8,-99.8,-99.8,-99.8,-99.8,-99.8,-99.8
2023-01-30 10:00:00,683.5,-99.8,-99.8,6.4,306.0,12.1,306.0,0.0,-99.8,-99.8,-99.8,-99.8,-99.8,-99.8,-99.8
2023-01-30 11:00:00,683.5,-99.8,-99.8,3.0,283.0,10.5,304.0,0.0,-99.8,-99.8,-99.8,-99.8,-99.8,-99.8,-99.8
2023-01-30 12:00:00,682.9,-99.8,-99.8,3.8,277.0,6.9,292.0,0.0,-99.8,-99.8,-99.8,-99.8,-99.8,-99.8,-99.8
2023-01-30 13:00:00,682.2,-99.8,-99.8,3.7,271.0,7.5,296.0,0.0,-99.8,-99.8,-99.8,-99.8,-99.8,-99.8,-99.8
2023-01-30 14:00:00,681.7,-99.8,-99.8,3.9,280.0,8.0,255.0,0.0,-99.8,-99.8,-99.8,-99.8,-99.8,-99.8,-99.8
2023-01-30 15:00:00,681.7,-99.8,-99.8,3.9,281.0,7.5,283.0,0.0,-99.8,-99.8,-99.8,-99.8,-99.8,-99.8,-99.8
2023-01-30 16:00:00,681.8,-99.8,-99.8,3.3,278.0,7.5,292.0,0.0,-99.8,-99.8,-99.8,-99.8,-99.8,-99.8,-99.8
2023-01-30 17:00:00,682.2,-99.8,-99.8,2.4,280.0,6.4,289.0,0.0,-99.8,-99.8,-99.8,-99.8,-99.8,-99.8,-99.8
2023-01-30 18:00:00,682.3,-99.8,-99.8,2.7,127.0,4.8,110.0,0.0,-99.8,-99.8,-99.8,-99.8,-99.8,-99.8,-99.8
2023-01-30 19:00:00,682.7,-99.8,-99.8,2.1,132.0,6.9,138.0,0.0,-99.8,-99.8,-99.8,-99.8,-99.8,-99.8,-99.8
2023-01-30 20:00:00,683.1,-99.8,-99.8,4.2,117.0,6.8,136.0,0.0,-99.8,-99.8,-99.8,-99.8,-99.8,-99.8,-99.8
2023-01-30 21:00:00,683.4,-99.8,-99.8,4.3,122.0,8.4,129.0,0.0,-99.8,-99.8,-99.8,-99.8,-99.8,-99.8,-99.8
2023-01-30 22:00:00,683.6,-99.8,-99.8,3.7,111.0,9.3,138.0,0.0,-99.8,-99.8,-99.8,-99.8,-99.8,-99.8,-99.8
2023-01-30 23:00:00,683.6,-99.8,-99.8,5.2,106.0,8.1,106.0,0.0,-99.8,-99.8,-99.8,-99.8,-99.8,-99.8,-99.8
2023-01-31 00:00:00,683.3,-99.8,-99.8,4.6,86.0,8.1,106.0,0.0,-99.8,-99.8,-99.8,-99.8,-99.8,-99.8,-99.8
2023-01-31 01:00:00,683.2,-99.8,-99.8,3.6,100.0,6.3,103.0,0.0,-99.8,-99.8,-99.8,-99.8,-99.8,-99.8,-99.8
2023-01-31 02:00:00,683.0,-99.8,-99.8,3.1,115.0,4.7,89.0,0.0,-99.8,-99.8,-99.8,-99.8,-99.8,-99.8,-99.8
2023-01-31 03:00:00,682.8,-99.8,-99.8,4.3,108.0,5.1,108.0,0.0,-99.8,-99.8,-99.8,-99.8,-99.8,-99.8,-99.8
2023-01-31 04:00:00,682.8,-99.8,-99.8,5.8,111.0,6.6,110.0,0.0,-99.8,-99.8,-99.8,-99.8,-99.8,-99.8,-99.8
2023-01-31 05:00:00,683.1,-99.8,-99.8,6.1,114.0,7.5,107.0,0.0,-99.8,-99.8,-99.8,-99.8,-99.8,-99.8,-99.8
2023-01-31 06:00:00,683.7,-99.8,-99.8,6.2,109.0,7.5,102.0,0.0,-99.8,-99.8,-99.8,-99.8,-99.8,-99.8,-99.8
2023-01-31 07:00:00,684.0,-99.8,-99.8,6.2,113.0,8.2,116.0,0.0,-99.8,-99.8,-99.8,-99.8,-99.8,-99.8,-99.8
2023-01-31 08:00:00,684.5,-99.8,-99.8,5.7,126.0,7.7,108.0,0.0,-99.8,-99.8,-99.8,-99.8,-99.8,-99.8,-99.8
2023-01-31 09:00:00,684.8,-99.8,-99.8,6.0,124.0,9.5,152.0,0.0,-99.8,-99.8,-99.8,-99.8,-99.8,-99.8,-99.8
2023-01-31 10:00:00,684.9,-99.8,-99.8,7.1,122.0,10.9,132.0,0.0,-99.8,-99.8,-99.8,-99.8,-99.8,-99.8,-99.8
2023-01-31 11:00:00,684.6,-99.8,-99.8,5.1,125.0,10.6,122.0,0.0,-99.8,-99.8,-99.8,-99.8,-99.8,-99.8,-99.8
2023-01-31 12:00:00,683.9,-99.8,-99.8,5.5,126.0,10.6,111.0,0.0,-99.8,-99.8,-99.8,-99.8,-99.8,-99.8,-99.8
2023-01-31 13:00:00,683.3,-99.8,-99.8,3.0,128.0,9.6,132.0,0.0,-99.8,-99.8,-99.8,-99.8,-99.8,-99.8,-99.8
2023-01-31 14:00:00,1020.5,-99.8,-99.8,1.6,198.0,5.3,142.0,0.0,-99.8,-99.8,-99.8,-99.8,-99.8,-99.8,-99.8
2023-01-31 15:00:00,1020.5,-99.8,-99.8,2.7,134.0,5.5,152.0,0.0,-99.8,-99.8,-99.8,-99.8,-99.8,-99.8,-99.8
2023-01-31 16:00:00,1020.5,-99.8,-99.8,5.3,119.0,8.7,98.0,0.0,-99.8,-99.8,-99.8,-99.8,-99.8,-99.8,-99.8
2023-01-31 17:00:00,1019.9,-99.8,-99.8,7.0,132.0,11.9,85.0,0.0,-99.8,-99.8,-99.8,-99.8,-99.8,-99.8,-99.8
2023-01-31 18:00:00,-99.8,-99.8,-99.8,7.3,137.0,16.6,142.0,0.0,-99.8,-99.8,-99.8,-99.8,-99.8,-99.8,-99.8
2023-01-31 19:00:00,-99.8,-99.8,-99.8,5.2,165.0,12.3,109.0,0.0,-99.8,-99.8,-99.8,-99.8,-99.8,-99.8,-99.8
2023-01-31 20:00:00,-99.8,-99.8,-99.8,5.4,172.0,14.2,215.0,0.0,-99.8,-99.8,-99.8,-99.8,-99.8,-99.8,-99.8
2023-01-31 21:00:00,-99.8,-99.8,-99.8,5.2,173.0,14.4,226.0,0.0,-99.8,-99.8,-99.8,-99.8,-99.8,-99.8,-99.8
2023-01-31 22:00:00,-99.8,-99.8,-99.8,4.9,160.0,12.7,191.0,0.0,-99.8,-99.8,-99.8,-99.8,-99.8,-99.8,-99.8
2023-01-31 23:00:00,682.4,-99.8,-99.8,3.5,208.0,12.4,233.0,0.0,-99.8,-99.8,-99.8,-99.8,-99.8,-99.8,-99.8
2023-02-01 00:00:00,682.0,-99.8,-99.8,3.4,241.0,9.0,233.0,0.0,-99.8,-99.8,-99.8,-99.8,-99.8,-99.8,-99.8
2023-02-01 01:00:00,681.7,-99.8,-99.8,3.9,271.0,7.4,255.0,0.0,-99.8,-99.8,-99.8,-99.8,-99.8,-99.8,-99.8
2023-02-01 02:00:00,681.3,-99.8,-99.8,4.9,278.0,8.2,292.0,0.0,-99.8,-99.8,-99.8,-99.8,-99.8,-99.8,-99.8
2023-02-01 03:00:00,681.0,-99.8,-99.8,7.8,287.0,12.5,288.0,0.0,-99.8,-99.8,-99.8,-99.8,-99.8,-99.8,-99.8
2023-02-01 04:00:00,680.9,-99.8,-99.8,9.0,287.0,14.8,284.0,0.0,-99.8,-99.8,-99.8,-99.8,-99.8,-99.8,-99.8
2023-02-01 05:00:00,681.1,-99.8,-99.8,7.8,285.0,12.5,283.0,0.0,-99.8,-99.8,-99.8,-99.8,-99.8,-99.8,-99.8
2023-02-01 06:00:00,681.3,-99.8,-99.8,8.7,284.0,14.4,287.0,0.0,-99.8,-99.8,-99.8,-99.8,-99.8,-99.8,-99.8
2023-02-01 07:00:00,681.7,-99.8,-99.8,8.3,282.0,14.4,285.0,0.0,-99.8,-99.8,-99.8,-99.8,-99.8,-99.8,-99.8
2023-02-01 08:00:00,682.1,-99.8,-99.8,8.7,285.0,15.2,290.0,0.0,-99.8,-99.8,-99.8,-99.8,-99.8,-99.8,-99.8
2023-02-01 09:00:00,682.8,-99.8,-99.8,8.2,286.0,13.4,285.0,0.0,-99.8,-99.8,-99.8,-99.8,-99.8,-99.8,-99.8
2023-02-01 10:00:00,682.9,-99.8,-99.8,8.3,288.0,13.5,285.0,0.0,-99.8,-99.8,-99.8,-99.8,-99.8,-99.8,-99.8
2023-02-01 11:00:00,682.9,-99.8,-99.8,7.2,282.0,14.0,285.0,0.0,-99.8,-99.8,-99.8,-99.8,-99.8,-99.8,-99.8
2023-02-01 12:00:00,682.1,-99.8,-99.8,7.3,284.0,13.7,291.0,0.0,-99.8,-99.8,-99.8,-99.8,-99.8,-99.8,-99.8
2023-02-01 13:00:00,681.5,-99.8,-99.8,8.1,282.0,14.8,281.0,0.0,-99.8,-99.8,-99.8,-99.8,-99.8,-99.8,-99.8
2023-02-01 14:00:00,681.1,-99.8,-99.8,6.7,277.0,14.0,292.0,0.0,-99.8,-99.8,-99.8,-99.8,-99.8,-99.8,-99.8
2023-02-01 15:00:00,681.1,-99.8,-99.8,7.1,280.0,13.0,288.0,0.0,-99.8,-99.8,-99.8,-99.8,-99.8,-99.8,-99.8
2023-02-01 16:00:00,681.2,-99.8,-99.8,8.2,284.0,14.7,286.0,0.0,-99.8,-99.8,-99.8,-99.8,-99.8,-99.8,-99.8
2023-02-01 17:00:00,681.3,-99.8,-99.8,10.1,288.0,16.1,284.0,0.0,-99.8,-99.8,-99.8,-99.8,-99.8,-99.8,-99.8
2023-02-01 18:00:00,681.6,-99.8,-99.8,8.9,287.0,16.4,288.0,0.0,-99.8,-99.8,-99.8,-99.8,-99.8,-99.8,-99.8
2023-02-01 19:00:00,681.5,-99.8,-99.8,11.5,288.0,16.4,286.0,0.0,-99.8,-99.8,-99.8,-99.8,-99.8,-99.8,-99.8
2023-02-01 20:00:00,681.8,-99.8,-99.8,11.7,288.0,19.2,286.0,0.0,-99.8,-99.8,-99.8,-99.8,-99.8,-99.8,-99.8
2023-02-01 21:00:00,682.2,-99.8,-99.8,8.5,285.0,18.7,286.0,0.0,-99.8,-99.8,-99.8,-99.8,-99.8,-99.8,-99.8
2023-02-01 22:00:00,682.3,-99.8,-99.8,11.4,287.0,20.1,283.0,0.0,-99.8,-99.8,-99.8,-99.8,-99.8,-99.8,-99.8
2023-02-01 23:00:00,682.1,-99.8,-99.8,11.2,289.0,22.2,285.0,0.0,-99.8,-99.8,-99.8,-99.8,-99.8,-99.8,-99.8
2023-02-02 00:00:00,682.6,-99.8,-99.8,10.2,286.0,21.4,283.0,0.0,-99.8,-99.8,-99.8,-99.8,-99.8,-99.8,-99.8
2023-02-02 01:00:00,682.6,-99.8,-99.8,10.0,285.0,18.7,286.0,0.0,-99.8,-99.8,-99.8,-99.8,-99.8,-99.8,-99.8
2023-02-02 02:00:00,682.3,-99.8,-99.8,10.1,286.0,17.8,262.0,0.0,-99.8,-99.8,-99.8,-99.8,-99.8,-99.8,-99.8
2023-02-02 03:00:00,682.3,-99.8,-99.8,9.6,286.0,19.5,283.0,0.0,-99.8,-99.8,-99.8,-99.8,-99.8,-99.8,-99.8
2023-02-02 04:00:00,682.2,-99.8,-99.8,11.2,280.0,20.0,282.0,0.0,-99.8,-99.8,-99.8,-99.8,-99.8,-99.8,-99.8
2023-02-02 05:00:00,682.7,-99.8,-99.8,10.3,287.0,20.7,284.0,0.0,-99.8,-99.8,-99.8,-99.8,-99.8,-99.8,-99.8
2023-02-02 06:00:00,683.3,-99.8,-99.8,8.7,287.0,18.9,304.0,0.0,-99.8,-99.8,-99.8,-99.8,-99.8,-99.8,-99.8
2023-02-02 07:00:00,683.9,-99.8,-99.8,8.2,287.0,16.9,284.0,0.0,-99.8,-99.8,-99.8,-99.8,-99.8,-99.8,-99.8
2023-02-02 08:00:00,684.3,-99.8,-99.8,8.1,284.0,16.7,289.0,0.0,-99.8,-99.8,-99.8,-99.8,-99.8,-99.8,-99.8
2023-02-02 09:00:00,684.9,-99.8,-99.8,7.6,285.0,12.7,289.0,0.0,-99.8,-99.8,-99.8,-99.8,-99.8,-99.8,-99.8
2023-02-02 10:00:00,684.9,-99.8,-99.8,7.6,283.0,14.4,291.0,0.0,-99.8,-99.8,-99.8,-99.8,-99.8,-99.8,-99.8
2023-02-02 11:00:00,684.6,-99.8,-99.8,8.1,287.0,14.1,285.0,0.0,-99.8,-99.8,-99.8,-99.8,-99.8,-99.8,-99.8
2023-02-02 12:00:00,684.1,-99.8,-99.8,8.3,285.0,13.7,282.0,0.0,-99.8,-99.8,-99.8,-99.8,-99.8,-99.8,-99.8
2023-02-02 13:00:00,683.3,-99.8,-99.8,8.5,284.0,13.9,285.0,0.0,-99.8,-99.8,-99.8,-99.8,-99.8,-99.8,-99.8
2023-02-02 14:00:00,683.0,-99.8,-99.8,7.8,286.0,13.9,287.0,0.0,-99.8,-99.8,-99.8,-99.8,-99.8,-99.8,-99.8
2023-02-02 15:00:00,682.6,-99.8,-99.8,8.5,286.0,14.2,289.0,0.0,-99.8,-99.8,-99.8,-99.8,-99.8,-99.8,-99.8
2023-02-02 16:00:00,682.8,-99.8,-99.8,8.7,286.0,14.3,285.0,0.0,-99.8,-99.8,-99.8,-99.8,-99.8,-99.8,-99.8
2023-02-02 17:00:00,682.9,-99.8,-99.8,8.4,285.0,16.0,291.0,0.0,-99.8,-99.8,-99.8,-99.8,-99.8,-99.8,-99.8
2023-02-02 18:00:00,682.8,-99.8,-99.8,11.3,287.0,17.6,284.0,0.0,-99.8,-99.8,-99.8,-99.8,-99.8,-99.8,-99.8
2023-02-02 19:00:00,682.9,-99.8,-99.8,12.6,290.0,19.0,284.0,0.0,-99.8,-99.8,-99.8,-99.8,-99.8,-99.8,-99.8
2023-02-02 20:00:00,682.6,-99.8,-99.8,12.8,286.0,22.0,295.0,0.0,-99.8,-99.8,-99.8,-99.8,-99.8,-99.8,-99.8
2023-02-02 21:00:00,682.8,-99.8,-99.8,12.7,290.0,20.1,284.0,0.0,-99.8,-99.8,-99.8,-99.8,-99.8,-99.8,-99.8
2023-02-02 22:00:00,682.7,-99.8,-99.8,15.0,297.0,20.1,298.0,0.0,-99.8,-99.8,-99.8,-99.8,-99.8,-99.8,-99.8
2023-02-02 23:00:00,682.5,-99.8,-99.8,12.7,290.0,18.5,284.0,0.0,-99.8,-99.8,-99.8,-99.8,-99.8,-99.8,-99.8
2023-02-03 00:00:00,681.5,-99.8,-99.8,15.6,295.0,22.5,296.0,0.0,-99.8,-99.8,-99.8,-99.8,-99.8,-99.8,-99.8
2023-02-03 01:00:00,681.2,-99.8,-99.8,16.6,295.0,26.0,303.0,0.0,-99.8,-99.8,-99.8,-99.8,-99.8,-99.8,-99.8
2023-02-03 02:00:00,681.2,-99.8,-99.8,12.6,288.0,23.6,294.0,0.0,-99.8,-99.8,-99.8,-99.8,-99.8,-99.8,-99.8
2023-02-03 03:00:00,680.9,-99.8,-99.8,15.0,290.0,21.0,292.0,0.0,-99.8,-99.8,-99.8,-99.8,-99.8,-99.8,-99.8
2023-02-03 04:00:00,680.9,-99.8,-99.8,12.9,284.0,22.6,290.0,0.0,-99.8,-99.8,-99.8,-99.8,-99.8,-99.8,-99.8
2023-02-03 05:00:00,681.2,-99.8,-99.8,14.1,294.0,20.4,303.0,0.0,-99.8,-99.8,-99.8,-99.8,-99.8,-99.8,-99.8
2023-02-03 06:00:00,682.1,-99.8,-99.8,12.5,292.0,20.5,303.0,0.0,-99.8,-99.8,-99.8,-99.8,-99.8,-99.8,-99.8
2023-02-03 07:00:00,682.9,-99.8,-99.8,10.2,286.0,17.6,299.0,0.0,-99.8,-99.8,-99.8,-99.8,-99.8,-99.8,-99.8
2023-02-03 08:00:00,683.4,-99.8,-99.8,9.3,286.0,14.3,286.0,0.0,-99.8,-99.8,-99.8,-99.8,-99.8,-99.8,-99.8
2023-02-03 09:00:00,684.0,-99.8,-99.8,8.3,284.0,13.8,283.0,0.0,-99.8,-99.8,-99.8,-99.8,-99.8,-99.8,-99.8
2023-02-03 10:00:00,684.3,-99.8,-99.8,7.3,287.0,11.6,285.0,0.0,-99.8,-99.8,-99.8,-99.8,-99.8,-99.8,-99.8
2023-02-03 11:00:00,683.7,-99.8,-99.8,9.7,290.0,13.3,286.0,0.0,-99.8,-99.8,-99.8,-99.8,-99.8,-99.8,-99.8
2023-02-03 12:00:00,683.5,-99.8,-99.8,7.7,287.0,13.5,288.0,0.0,-99.8,-99.8,-99.8,-99.8,-99.8,-99.8,-99.8
2023-02-03 13:00:00,682.7,-99.8,-99.8,6.3,286.0,12.3,285.0,0.0,-99.8,-99.8,-99.8,-99.8,-99.8,-99.8,-99.8
2023-02-03 14:00:00,682.2,-99.8,-99.8,7.8,288.0,11.5,291.0,0.0,-99.8,-99.8,-99.8,-99.8,-99.8,-99.8,-99.8
2023-02-03 15:00:00,682.0,-99.8,-99.8,6.9,287.0,11.6,296.0,0.0,-99.8,-99.8,-99.8,-99.8,-99.8,-99.8,-99.8
2023-02-03 16:00:00,682.2,-99.8,-99.8,4.9,277.0,9.1,287.0,0.0,-99.8,-99.8,-99.8,-99.8,-99.8,-99.8,-99.8
2023-02-03 17:00:00,682.2,-99.8,-99.8,6.1,285.0,11.1,297.0,0.0,-99.8,-99.8,-99.8,-99.8,-99.8,-99.8,-99.8
2023-02-03 18:00:00,682.2,-99.8,-99.8,7.1,285.0,10.7,288.0,0.0,-99.8,-99.8,-99.8,-99.8,-99.8,-99.8,-99.8
2023-02-03 19:00:00,682.5,-99.8,-99.8,6.0,286.0,10.9,287.0,0.0,-99.8,-99.8,-99.8,-99.8,-99.8,-99.8,-99.8
2023-02-03 20:00:00,682.8,-99.8,-99.8,4.8,280.0,11.6,286.0,0.0,-99.8,-99.8,-99.8,-99.8,-99.8,-99.8,-99.8
2023-02-03 21:00:00,682.8,-99.8,-99.8,7.1,283.0,11.7,289.0,0.0,-99.8,-99.8,-99.8,-99.8,-99.8,-99.8,-99.8
2023-02-03 22:00:00,682.8,-99.8,-99.8,6.4,289.0,14.1,289.0,0.0,-99.8,-99.8,-99.8,-99.8,-99.8,-99.8,-99.8
2023-02-03 23:00:00,682.6,-99.8,-99.8,6.5,281.0,14.6,289.0,0.0,-99.8,-99.8,-99.8,-99.8,-99.8,-99.8,-99.8
2023-02-04 00:00:00,682.4,-99.8,-99.8,6.6,282.0,11.3,285.0,0.0,-99.8,-99.8,-99.8,-99.8,-99.8,-99.8,-99.8
2023-02-04 01:00:00,682.0,-99.8,-99.8,8.8,284.0,14.3,282.0,0.0,-99.8,-99.8,-99.8,-99.8,-99.8,-99.8,-99.8
2023-02-04 02:00:00,682.1,-99.8,-99.8,7.6,283.0,14.3,281.0,0.0,-99.8,-99.8,-99.8,-99.8,-99.8,-99.8,-99.8
2023-02-04 03:00:00,681.5,-99.8,-99.8,8.6,285.0,13.2,287.0,0.0,-99.8,-99.8,-99.8,-99.8,-99.8,-99.8,-99.8
2023-02-04 04:00:00,681.4,-99.8,-99.8,10.0,292.0,15.6,301.0,0.0,-99.8,-99.8,-99.8,-99.8,-99.8,-99.8,-99.8
2023-02-04 05:00:00,681.6,-99.8,-99.8,8.8,289.0,14.4,290.0,0.0,-99.8,-99.8,-99.8,-99.8,-99.8,-99.8,-99.8
2023-02-04 06:00:00,682.0,-99.8,-99.8,6.8,288.0,11.1,285.0,0.0,-99.8,-99.8,-99.8,-99.8,-99.8,-99.8,-99.8
2023-02-04 07:00:00,682.3,-99.8,-99.8,6.3,296.0,9.8,296.0,0.0,-99.8,-99.8,-99.8,-99.8,-99.8,-99.8,-99.8
2023-02-04 08:00:00,682.8,-99.8,-99.8,3.4,284.0,8.7,300.0,0.0,-99.8,-99.8,-99.8,-99.8,-99.8,-99.8,-99.8
2023-02-04 09:00:00,683.3,-99.8,-99.8,4.3,289.0,7.5,303.0,0.0,-99.8,-99.8,-99.8,-99.8,-99.8,-99.8,-99.8
2023-02-04 10:00:00,683.3,-99.8,-99.8,5.3,289.0,8.5,326.0,0.0,-99.8,-99.8,-99.8,-99.8,-99.8,-99.8,-99.8
2023-02-04 11:00:00,682.9,-99.8,-99.8,5.7,279.0,10.1,285.0,0.0,-99.8,-99.8,-99.8,-99.8,-99.8,-99.8,-99.8
2023-02-04 12:00:00,682.2,-99.8,-99.8,4.9,279.0,11.1,286.0,0.0,-99.8,-99.8,-99.8,-99.8,-99.8,-99.8,-99.8
2023-02-04 13:00:00,681.8,-99.8,-99.8,5.1,276.0,10.0,281.0,0.0,-99.8,-99.8,-99.8,-99.8,-99.8,-99.8,-99.8
2023-02-04 14:00:00,681.3,-99.8,-99.8,5.4,273.0,10.2,261.0,0.0,-99.8,-99.8,-99.8,-99.8,-99.8,-99.8,-99.8
2023-02-04 15:00:00,681.1,-99.8,-99.8,6.0,273.0,10.6,264.0,0.0,-99.8,-99.8,-99.8,-99.8,-99.8,-99.8,-99.8
2023-02-04 16:00:00,681.4,-99.8,-99.8,4.9,271.0,11.5,289.0,0.0,-99.8,-99.8,-99.8,-99.8,-99.8,-99.8,-99.8
2023-02-04 17:00:00,681.8,-99.8,-99.8,4.9,275.0,10.5,284.0,0.0,-99.8,-99.8,-99.8,-99.8,-99.8,-99.8,-99.8
2023-02-04 18:00:00,682.2,-99.8,-99.8,4.9,275.0,11.4,284.0,0.0,-99.8,-99.8,-99.8,-99.8,-99.8,-99.8,-99.8
2023-02-04 19:00:00,682.5,-99.8,-99.8,4.7,273.0,8.5,287.0,0.0,-99.8,-99.8,-99.8,-99.8,-99.8,-99.8,-99.8
2023-02-04 20:00:00,683.1,-99.8,-99.8,4.4,277.0,8.2,287.0,0.0,-99.8,-99.8,-99.8,-99.8,-99.8,-99.8,-99.8
2023-02-04 21:00:00,684.2,-99.8,-99.8,5.4,273.0,8.8,272.0,0.0,-99.8,-99.8,-99.8,-99.8,-99.8,-99.8,-99.8
2023-02-04 22:00:00,684.2,-99.8,-99.8,4.9,278.0,8.1,262.0,0.0,-99.8,-99.8,-99.8,-99.8,-99.8,-99.8,-99.8
2023-02-04 23:00:00,683.8,-99.8,-99.8,4.3,274.0,8.5,261.0,0.0,-99.8,-99.8,-99.8,-99.8,-99.8,-99.8,-99.8
2023-02-05 00:00:00,683.6,-99.8,-99.8,3.5,265.0,7.8,286.0,0.0,-99.8,-99.8,-99.8,-99.8,-99.8,-99.8,-99.8
2023-02-05 01:00:00,683.3,-99.8,-99.8,3.1,258.0,7.6,261.0,0.0,-99.8,-99.8,-99.8,-99.8,-99.8,-99.8,-99.8
2023-02-05 02:00:00,683.2,-99.8,-99.8,3.5,249.0,8.7,233.0,0.0,-99.8,-99.8,-99.8,-99.8,-99.8,-99.8,-99.8
2023-02-05 03:00:00,683.0,-99.8,-99.8,2.5,259.0,9.0,244.0,0.0,-99.8,-99.8,-99.8,-99.8,-99.8,-99.8,-99.8
2023-02-05 04:00:00,682.6,-99.8,-99.8,3.5,237.0,7.9,238.0,0.0,-99.8,-99.8,-99.8,-99.8,-99.8,-99.8,-99.8
2023-02-05 05:00:00,682.5,-99.8,-99.8,3.0,231.0,9.1,237.0,0.0,-99.8,-99.8,-99.8,-99.8,-99.8,-99.8,-99.8
2023-02-05 06:00:00,682.7,-99.8,-99.8,3.1,214.0,7.6,196.0,0.0,-99.8,-99.8,-99.8,-99.8,-99.8,-99.8,-99.8
2023-02-05 07:00:00,682.7,-99.8,-99.8,3.0,220.0,8.4,237.0,0.0,-99.8,-99.8,-99.8,-99.8,-99.8,-99.8,-99.8
2023-02-05 08:00:00,683.2,-99.8,-99.8,2.2,218.0,7.2,207.0,0.0,-99.8,-99.8,-99.8,-99.8,-99.8,-99.8,-99.8
2023-02-05 09:00:00,683.7,-99.8,-99.8,2.5,236.0,7.5,234.0,0.0,-99.8,-99.8,-99.8,-99.8,-99.8,-99.8,-99.8
2023-02-05 10:00:00,683.8,-99.8,-99.8,2.2,273.0,6.8,249.0,0.0,-99.8,-99.8,-99.8,-99.8,-99.8,-99.8,-99.8
2023-02-05 11:00:00,683.4,-99.8,-99.8,1.8,275.0,4.9,259.0,0.0,-99.8,-99.8,-99.8,-99.8,-99.8,-99.8,-99.8
2023-02-05 12:00:00,682.8,-99.8,-99.8,1.4,221.0,4.7,245.0,0.0,-99.8,-99.8,-99.8,-99.8,-99.8,-99.8,-99.8
2023-02-05 13:00:00,682.2,-99.8,-99.8,2.5,270.0,6.6,297.0,0.0,-99.8,-99.8,-99.8,-99.8,-99.8,-99.8,-99.8
2023-02-05 14:00:00,681.9,-99.8,-99.8,2.0,260.0,7.4,277.0,0.0,-99.8,-99.8,-99.8,-99.8,-99.8,-99.8,-99.8
2023-02-05 15:00:00,681.6,-99.8,-99.8,2.4,268.0,6.0,235.0,0.0,-99.8,-99.8,-99.8,-99.8,-99.8,-99.8,-99.8
2023-02-05 16:00:00,681.8,-99.8,-99.8,2.0,251.0,7.3,252.0,0.0,-99.8,-99.8,-99.8,-99.8,-99.8,-99.8,-99.8
2023-02-05 17:00:00,682.0,-99.8,-99.8,2.4,262.0,7.4,248.0,0.0,-99.8,-99.8,-99.8,-99.8,-99.8,-99.8,-99.8
2023-02-05 18:00:00,682.3,-99.8,-99.8,3.5,243.0,8.4,236.0,0.0,-99.8,-99.8,-99.8,-99.8,-99.8,-99.8,-99.8
2023-02-05 19:00:00,682.5,-99.8,-99.8,4.7,270.0,9.1,276.0,0.0,-99.8,-99.8,-99.8,-99.8,-99.8,-99.8,-99.8
2023-02-05 20:00:00,682.4,-99.8,-99.8,5.9,271.0,12.2,256.0,0.0,-99.8,-99.8,-99.8,-99.8,-99.8,-99.8,-99.8
2023-02-05 21:00:00,682.6,-99.8,-99.8,5.2,272.0,12.2,278.0,0.0,-99.8,-99.8,-99.8,-99.8,-99.8,-99.8,-99.8
2023-02-05 22:00:00,682.5,-99.8,-99.8,6.1,270.0,12.5,269.0,0.0,-99.8,-99.8,-99.8,-99.8,-99.8,-99.8,-99.8
2023-02-05 23:00:00,682.3,-99.8,-99.8,6.2,270.0,11.9,259.0,0.0,-99.8,-99.8,-99.8,-99.8,-99.8,-99.8,-99.8
2023-02-06 00:00:00,681.9,-99.8,-99.8,6.8,272.0,12.8,278.0,0.0,-99.8,-99.8,-99.8,-99.8,-99.8,-99.8,-99.8
2023-02-06 01:00:00,682.2,-99.8,-99.8,7.2,273.0,13.5,268.0,0.0,-99.8,-99.8,-99.8,-99.8,-99.8,-99.8,-99.8
2023-02-06 02:00:00,682.3,-99.8,-99.8,6.8,272.0,14.4,265.0,0.0,-99.8,-99.8,-99.8,-99.8,-99.8,-99.8,-99.8
2023-02-06 03:00:00,682.2,-99.8,-99.8,7.1,273.0,14.5,260.0,0.5,-99.8,-99.8,-99.8,-99.8,-99.8,-99.8,-99.8
2023-02-06 04:00:00,682.4,-99.8,-99.8,6.5,270.0,14.3,260.0,0.0,-99.8,-99.8,-99.8,-99.8,-99.8,-99.8,-99.8
2023-02-06 05:00:00,682.4,-99.8,-99.8,6.2,271.0,14.6,270.0,0.0,-99.8,-99.8,-99.8,-99.8,-99.8,-99.8,-99.8
2023-02-06 06:00:00,682.7,-99.8,-99.8,5.8,273.0,11.8,274.0,0.0,-99.8,-99.8,-99.8,-99.8,-99.8,-99.8,-99.8
2023-02-06 07:00:00,682.7,-99.8,-99.8,5.7,271.0,10.2,261.0,0.5,-99.8,-99.8,-99.8,-99.8,-99.8,-99.8,-99.8
2023-02-06 08:00:00,683.3,-99.8,-99.8,4.3,270.0,9.3,284.0,1.5,-99.8,-99.8,-99.8,-99.8,-99.8,-99.8,-99.8
2023-02-06 09:00:00,682.9,-99.8,-99.8,6.6,259.0,15.7,237.0,1.5,-99.8,-99.8,-99.8,-99.8,-99.8,-99.8,-99.8
2023-02-06 10:00:00,683.1,-99.8,-99.8,7.2,273.0,13.8,290.0,4.0,-99.8,-99.8,-99.8,-99.8,-99.8,-99.8,-99.8
2023-02-06 11:00:00,683.4,-99.8,-99.8,5.2,271.0,13.4,257.0,1.5,-99.8,-99.8,-99.8,-99.8,-99.8,-99.8,-99.8
2023-02-06 12:00:00,682.8,-99.8,-99.8,6.0,274.0,11.4,268.0,1.5,-99.8,-99.8,-99.8,-99.8,-99.8,-99.8,-99.8
2023-02-06 13:00:00,681.5,-99.8,-99.8,7.2,274.0,15.6,281.0,0.0,-99.8,-99.8,-99.8,-99.8,-99.8,-99.8,-99.8
2023-02-06 14:00:00,679.8,-99.8,-99.8,8.5,272.0,17.2,283.0,0.0,-99.8,-99.8,-99.8,-99.8,-99.8,-99.8,-99.8
2023-02-06 15:00:00,679.6,-99.8,-99.8,9.0,272.0,17.5,276.0,0.5,-99.8,-99.8,-99.8,-99.8,-99.8,-99.8,-99.8
2023-02-06 16:00:00,679.3,-99.8,-99.8,8.3,271.0,18.5,280.0,0.0,-99.8,-99.8,-99.8,-99.8,-99.8,-99.8,-99.8
2023-02-06 17:00:00,679.2,-99.8,-99.8,8.8,266.0,16.8,262.0,0.0,-99.8,-99.8,-99.8,-99.8,-99.8,-99.8,-99.8
2023-02-06 18:00:00,680.0,-99.8,-99.8,8.3,268.0,16.5,285.0,0.0,-99.8,-99.8,-99.8,-99.8,-99.8,-99.8,-99.8
2023-02-06 19:00:00,680.0,-99.8,-99.8,8.5,276.0,19.8,281.0,0.0,-99.8,-99.8,-99.8,-99.8,-99.8,-99.8,-99.8
2023-02-06 20:00:00,680.7,-99.8,-99.8,7.7,268.0,15.0,257.0,0.0,-99.8,-99.8,-99.8,-99.8,-99.8,-99.8,-99.8
2023-02-06 21:00:00,680.7,-99.8,-99.8,8.6,266.0,16.0,267.0,0.0,-99.8,-99.8,-99.8,-99.8,-99.8,-99.8,-99.8
2023-02-06 22:00:00,680.9,-99.8,-99.8,8.3,271.0,18.3,264.0,0.0,-99.8,-99.8,-99.8,-99.8,-99.8,-99.8,-99.8
2023-02-06 23:00:00,680.9,-99.8,-99.8,8.5,274.0,15.1,285.0,0.0,-99.8,-99.8,-99.8,-99.8,-99.8,-99.8,-99.8
2023-02-07 00:00:00,680.4,-99.8,-99.8,9.5,271.0,17.8,286.0,0.0,-99.8,-99.8,-99.8,-99.8,-99.8,-99.8,-99.8
2023-02-07 01:00:00,680.3,-99.8,-99.8,10.0,274.0,17.7,261.0,0.0,-99.8,-99.8,-99.8,-99.8,-99.8,-99.8,-99.8
2023-02-07 02:00:00,680.2,-99.8,-99.8,9.4,273.0,17.3,280.0,0.5,-99.8,-99.8,-99.8,-99.8,-99.8,-99.8,-99.8
2023-02-07 03:00:00,680.5,-99.8,-99.8,8.3,273.0,17.9,279.0,0.0,-99.8,-99.8,-99.8,-99.8,-99.8,-99.8,-99.8
2023-02-07 04:00:00,680.3,-99.8,-99.8,9.9,273.0,16.5,259.0,0.0,-99.8,-99.8,-99.8,-99.8,-99.8,-99.8,-99.8
2023-02-07 05:00:00,680.9,-99.8,-99.8,7.8,275.0,15.1,282.0,0.0,-99.8,-99.8,-99.8,-99.8,-99.8,-99.8,-99.8
2023-02-07 06:00:00,681.2,-99.8,-99.8,9.0,276.0,16.5,286.0,0.0,-99.8,-99.8,-99.8,-99.8,-99.8,-99.8,-99.8
2023-02-07 07:00:00,681.7,-99.8,-99.8,9.6,285.0,17.9,283.0,0.0,-99.8,-99.8,-99.8,-99.8,-99.8,-99.8,-99.8
2023-02-07 08:00:00,682.4,-99.8,-99.8,10.1,285.0,18.7,285.0,0.0,-99.8,-99.8,-99.8,-99.8,-99.8,-99.8,-99.8
2023-02-07 09:00:00,683.9,-99.8,-99.8,6.9,280.0,15.0,305.0,0.0,-99.8,-99.8,-99.8,-99.8,-99.8,-99.8,-99.8
2023-02-07 10:00:00,684.3,-99.8,-99.8,5.6,282.0,10.9,287.0,0.0,-99.8,-99.8,-99.8,-99.8,-99.8,-99.8,-99.8
2023-02-07 11:00:00,684.1,-99.8,-99.8,6.6,284.0,10.4,289.0,0.0,-99.8,-99.8,-99.8,-99.8,-99.8,-99.8,-99.8
2023-02-07 12:00:00,683.7,-99.8,-99.8,5.6,275.0,12.3,284.0,0.0,-99.8,-99.8,-99.8,-99.8,-99.8,-99.8,-99.8
2023-02-07 13:00:00,683.2,-99.8,-99.8,5.7,268.0,12.0,267.0,0.0,-99.8,-99.8,-99.8,-99.8,-99.8,-99.8,-99.8
2023-02-07 14:00:00,682.7,-99.8,-99.8,6.2,275.0,12.3,283.0,0.0,-99.8,-99.8,-99.8,-99.8,-99.8,-99.8,-99.8
2023-02-07 15:00:00,682.7,-99.8,-99.8,6.7,274.0,12.6,265.0,0.0,-99.8,-99.8,-99.8,-99.8,-99.8,-99.8,-99.8
2023-02-07 16:00:00,682.8,-99.8,-99.8,5.5,273.0,11.9,286.0,0.0,-99.8,-99.8,-99.8,-99.8,-99.8,-99.8,-99.8
2023-02-07 17:00:00,683.0,-99.8,-99.8,5.7,275.0,12.3,267.0,0.0,-99.8,-99.8,-99.8,-99.8,-99.8,-99.8,-99.8
2023-02-07 18:00:00,683.2,-99.8,-99.8,5.8,268.0,11.1,261.0,0.0,-99.8,-99.8,-99.8,-99.8,-99.8,-99.8,-99.8
2023-02-07 19:00:00,683.6,-99.8,-99.8,5.9,270.0,11.9,276.0,0.0,-99.8,-99.8,-99.8,-99.8,-99.8,-99.8,-99.8
2023-02-07 20:00:00,684.2,-99.8,-99.8,6.6,274.0,13.6,284.0,0.0,-99.8,-99.8,-99.8,-99.8,-99.8,-99.8,-99.8
2023-02-07 21:00:00,684.5,-99.8,-99.8,5.3,271.0,12.7,283.0,0.0,-99.8,-99.8,-99.8,-99.8,-99.8,-99.8,-99.8
2023-02-07 22:00:00,684.9,-99.8,-99.8,5.1,270.0,10.3,260.0,0.0,-99.8,-99.8,-99.8,-99.8,-99.8,-99.8,-99.8
2023-02-07 23:00:00,684.8,-99.8,-99.8,5.3,268.0,12.2,285.0,0.0,-99.8,-99.8,-99.8,-99.8,-99.8,-99.8,-99.8
2023-02-08 00:00:00,684.4,-99.8,-99.8,5.7,270.0,14.2,262.0,0.0,-99.8,-99.8,-99.8,-99.8,-99.8,-99.8,-99.8
2023-02-08 01:00:00,684.1,-99.8,-99.8,6.3,276.0,13.3,290.0,0.0,-99.8,-99.8,-99.8,-99.8,-99.8,-99.8,-99.8
2023-02-08 02:00:00,683.4,-99.8,-99.8,6.7,268.0,13.5,263.0,0.0,-99.8,-99.8,-99.8,-99.8,-99.8,-99.8,-99.8
2023-02-08 03:00:00,683.4,-99.8,-99.8,6.2,273.0,12.2,261.0,0.0,-99.8,-99.8,-99.8,-99.8,-99.8,-99.8,-99.8
2023-02-08 04:00:00,683.2,-99.8,-99.8,6.0,279.0,12.5,260.0,0.0,-99.8,-99.8,-99.8,-99.8,-99.8,-99.8,-99.8
2023-02-08 05:00:00,681.6,-99.8,-99.8,5.6,280.0,12.0,283.0,0.0,-99.8,-99.8,-99.8,-99.8,-99.8,-99.8,-99.8
2023-02-08 06:00:00,681.8,-99.8,-99.8,4.8,278.0,10.7,254.0,0.0,-99.8,-99.8,-99.8,-99.8,-99.8,-99.8,-99.8
2023-02-08 07:00:00,682.9,-99.8,-99.8,5.1,274.0,10.2,262.0,0.0,-99.8,-99.8,-99.8,-99.8,-99.8,-99.8,-99.8
2023-02-08 08:00:00,684.3,-99.8,-99.8,5.4,279.0,10.7,264.0,0.0,-99.8,-99.8,-99.8,-99.8,-99.8,-99.8,-99.8
2023-02-08 09:00:00,686.3,-99.8,-99.8,6.1,283.0,9.9,287.0,0.0,-99.8,-99.8,-99.8,-99.8,-99.8,-99.8,-99.8
2023-02-08 10:00:00,686.4,-99.8,-99.8,6.2,282.0,11.2,285.0,0.0,-99.8,-99.8,-99.8,-99.8,-99.8,-99.8,-99.8
2023-02-08 11:00:00,684.8,-99.8,-99.8,6.4,272.0,12.4,286.0,0.0,-99.8,-99.8,-99.8,-99.8,-99.8,-99.8,-99.8
2023-02-08 12:00:00,684.2,-99.8,-99.8,6.7,275.0,13.3,286.0,0.0,-99.8,-99.8,-99.8,-99.8,-99.8,-99.8,-99.8
2023-02-08 13:00:00,683.6,-99.8,-99.8,6.9,270.0,15.8,288.0,0.0,-99.8,-99.8,-99.8,-99.8,-99.8,-99.8,-99.8
2023-02-08 14:00:00,683.4,-99.8,-99.8,6.6,270.0,13.1,255.0,0.0,-99.8,-99.8,-99.8,-99.8,-99.8,-99.8,-99.8
2023-02-08 15:00:00,683.1,-99.8,-99.8,6.9,270.0,13.1,265.0,0.0,-99.8,-99.8,-99.8,-99.8,-99.8,-99.8,-99.8
2023-02-08 16:00:00,683.4,-99.8,-99.8,6.7,271.0,14.3,266.0,0.0,-99.8,-99.8,-99.8,-99.8,-99.8,-99.8,-99.8
2023-02-08 17:00:00,683.7,-99.8,-99.8,5.5,271.0,13.0,271.0,0.0,-99.8,-99.8,-99.8,-99.8,-99.8,-99.8,-99.8
2023-02-08 18:00:00,683.9,-99.8,-99.8,4.0,280.0,10.6,266.0,0.0,-99.8,-99.8,-99.8,-99.8,-99.8,-99.8,-99.8
2023-02-08 19:00:00,684.2,-99.8,-99.8,4.7,282.0,7.4,289.0,0.0,-99.8,-99.8,-99.8,-99.8,-99.8,-99.8,-99.8
2023-02-08 20:00:00,684.4,-99.8,-99.8,3.9,275.0,9.7,263.0,0.0,-99.8,-99.8,-99.8,-99.8,-99.8,-99.8,-99.8
2023-02-08 21:00:00,684.6,-99.8,-99.8,3.8,276.0,8.1,266.0,0.0,-99.8,-99.8,-99.8,-99.8,-99.8,-99.8,-99.8
2023-02-08 22:00:00,684.5,-99.8,-99.8,4.6,280.0,7.8,265.0,0.0,-99.8,-99.8,-99.8,-99.8,-99.8,-99.8,-99.8
2023-02-08 23:00:00,684.4,-99.8,-99.8,4.6,273.0,8.7,287.0,0.0,-99.8,-99.8,-99.8,-99.8,-99.8,-99.8,-99.8
2023-02-09 00:00:00,684.2,-99.8,-99.8,5.1,276.0,10.6,259.0,0.0,-99.8,-99.8,-99.8,-99.8,-99.8,-99.8,-99.8
2023-02-09 01:00:00,684.1,-99.8,-99.8,4.9,277.0,8.9,285.0,0.0,-99.8,-99.8,-99.8,-99.8,-99.8,-99.8,-99.8
2023-02-09 02:00:00,684.0,-99.8,-99.8,5.7,277.0,9.6,271.0,0.0,-99.8,-99.8,-99.8,-99.8,-99.8,-99.8,-99.8
2023-02-09 03:00:00,683.8,-99.8,-99.8,5.7,281.0,10.5,263.0,0.0,-99.8,-99.8,-99.8,-99.8,-99.8,-99.8,-99.8
2023-02-09 04:00:00,683.8,-99.8,-99.8,4.4,274.0,10.1,260.0,0.0,-99.8,-99.8,-99.8,-99.8,-99.8,-99.8,-99.8
2023-02-09 05:00:00,683.9,-99.8,-99.8,4.8,277.0,9.4,271.0,0.0,-99.8,-99.8,-99.8,-99.8,-99.8,-99.8,-99.8
2023-02-09 06:00:00,684.1,-99.8,-99.8,5.3,273.0,10.6,252.0,0.0,-99.8,-99.8,-99.8,-99.8,-99.8,-99.8,-99.8
2023-02-09 07:00:00,684.6,-99.8,-99.8,5.4,269.0,11.4,262.0,0.0,-99.8,-99.8,-99.8,-99.8,-99.8,-99.8,-99.8
2023-02-09 08:00:00,685.0,-99.8,-99.8,5.5,266.0,10.5,261.0,0.0,-99.8,-99.8,-99.8,-99.8,-99.8,-99.8,-99.8
2023-02-09 09:00:00,685.4,-99.8,-99.8,4.7,264.0,10.6,256.0,0.0,-99.8,-99.8,-99.8,-99.8,-99.8,-99.8,-99.8
2023-02-09 10:00:00,685.5,-99.8,-99.8,4.4,271.0,10.3,255.0,0.0,-99.8,-99.8,-99.8,-99.8,-99.8,-99.8,-99.8
2023-02-09 11:00:00,685.0,-99.8,-99.8,4.8,269.0,10.7,284.0,0.0,-99.8,-99.8,-99.8,-99.8,-99.8,-99.8,-99.8
2023-02-09 12:00:00,684.4,-99.8,-99.8,6.8,271.0,12.6,283.0,0.0,-99.8,-99.8,-99.8,-99.8,-99.8,-99.8,-99.8
2023-02-09 13:00:00,683.8,-99.8,-99.8,5.8,268.0,11.9,238.0,0.0,-99.8,-99.8,-99.8,-99.8,-99.8,-99.8,-99.8
2023-02-09 14:00:00,683.4,-99.8,-99.8,5.8,270.0,12.6,284.0,0.0,-99.8,-99.8,-99.8,-99.8,-99.8,-99.8,-99.8
2023-02-09 15:00:00,683.2,-99.8,-99.8,6.2,272.0,12.1,280.0,0.0,-99.8,-99.8,-99.8,-99.8,-99.8,-99.8,-99.8
2023-02-09 16:00:00,683.4,-99.8,-99.8,5.1,272.0,11.1,251.0,0.0,-99.8,-99.8,-99.8,-99.8,-99.8,-99.8,-99.8
2023-02-09 17:00:00,683.6,-99.8,-99.8,4.8,268.0,9.8,287.0,0.0,-99.8,-99.8,-99.8,-99.8,-99.8,-99.8,-99.8
2023-02-09 18:00:00,683.9,-99.8,-99.8,4.8,272.0,9.0,258.0,0.0,-99.8,-99.8,-99.8,-99.8,-99.8,-99.8,-99.8
2023-02-09 19:00:00,684.1,-99.8,-99.8,4.1,273.0,8.5,271.0,0.0,-99.8,-99.8,-99.8,-99.8,-99.8,-99.8,-99.8
2023-02-09 20:00:00,684.4,-99.8,-99.8,3.6,278.0,7.1,270.0,0.0,-99.8,-99.8,-99.8,-99.8,-99.8,-99.8,-99.8
2023-02-09 21:00:00,-99.8,-99.8,-99.8,4.1,277.0,7.9,287.0,0.0,-99.8,-99.8,-99.8,-99.8,-99.8,-99.8,-99.8
2023-02-09 22:00:00,-99.8,-99.8,-99.8,3.4,273.0,7.1,282.0,0.0,-99.8,-99.8,-99.8,-99.8,-99.8,-99.8,-99.8
2023-02-09 23:00:00,-99.8,-99.8,-99.8,3.3,271.0,6.6,291.0,0.0,-99.8,-99.8,-99.8,-99.8,-99.8,-99.8,-99.8
2023-02-10 00:00:00,-99.8,-99.8,-99.8,4.2,270.0,7.3,257.0,0.0,-99.8,-99.8,-99.8,-99.8,-99.8,-99.8,-99.8
2023-02-10 01:00:00,-99.8,-99.8,-99.8,5.2,272.0,10.7,258.0,0.0,-99.8,-99.8,-99.8,-99.8,-99.8,-99.8,-99.8
2023-02-10 02:00:00,683.8,-99.8,-99.8,4.9,272.0,10.1,285.0,0.0,-99.8,-99.8,-99.8,-99.8,-99.8,-99.8,-99.8
2023-02-10 03:00:00,683.5,-99.8,-99.8,6.6,282.0,11.6,286.0,0.0,-99.8,-99.8,-99.8,-99.8,-99.8,-99.8,-99.8
2023-02-10 04:00:00,683.2,-99.8,-99.8,6.9,282.0,12.9,284.0,0.0,-99.8,-99.8,-99.8,-99.8,-99.8,-99.8,-99.8
2023-02-10 05:00:00,683.5,-99.8,-99.8,5.0,284.0,10.0,302.0,0.0,-99.8,-99.8,-99.8,-99.8,-99.8,-99.8,-99.8
2023-02-10 06:00:00,683.7,-99.8,-99.8,5.2,278.0,10.0,287.0,0.0,-99.8,-99.8,-99.8,-99.8,-99.8,-99.8,-99.8
2023-02-10 07:00:00,684.2,-99.8,-99.8,6.2,279.0,10.3,257.0,0.0,-99.8,-99.8,-99.8,-99.8,-99.8,-99.8,-99.8
2023-02-10 08:00:00,684.7,-99.8,-99.8,5.4,282.0,10.3,286.0,0.0,-99.8,-99.8,-99.8,-99.8,-99.8,-99.8,-99.8
2023-02-10 09:00:00,684.9,-99.8,-99.8,5.4,279.0,9.3,286.0,0.0,-99.8,-99.8,-99.8,-99.8,-99.8,-99.8,-99.8
2023-02-10 10:00:00,684.9,-99.8,-99.8,5.3,275.0,10.1,289.0,0.0,-99.8,-99.8,-99.8,-99.8,-99.8,-99.8,-99.8
2023-02-10 11:00:00,684.7,-99.8,-99.8,5.5,277.0,11.0,285.0,0.0,-99.8,-99.8,-99.8,-99.8,-99.8,-99.8,-99.8
2023-02-10 12:00:00,684.3,-99.8,-99.8,6.4,269.0,12.2,263.0,0.0,-99.8,-99.8,-99.8,-99.8,-99.8,-99.8,-99.8
2023-02-10 13:00:00,683.6,-99.8,-99.8,6.9,276.0,12.3,278.0,0.0,-99.8,-99.8,-99.8,-99.8,-99.8,-99.8,-99.8
2023-02-10 14:00:00,683.0,-99.8,-99.8,6.4,273.0,13.2,274.0,0.0,-99.8,-99.8,-99.8,-99.8,-99.8,-99.8,-99.8
2023-02-10 15:00:00,682.8,-99.8,-99.8,7.1,275.0,16.2,259.0,0.0,-99.8,-99.8,-99.8,-99.8,-99.8,-99.8,-99.8
2023-02-10 16:00:00,682.5,-99.8,-99.8,8.1,273.0,15.9,287.0,0.0,-99.8,-99.8,-99.8,-99.8,-99.8,-99.8,-99.8
2023-02-10 17:00:00,683.4,-99.8,-99.8,7.0,269.0,15.9,268.0,0.0,-99.8,-99.8,-99.8,-99.8,-99.8,-99.8,-99.8
2023-02-10 18:00:00,683.2,-99.8,-99.8,7.4,275.0,14.8,267.0,0.0,-99.8,-99.8,-99.8,-99.8,-99.8,-99.8,-99.8
2023-02-10 19:00:00,683.4,-99.8,-99.8,7.4,273.0,15.0,265.0,0.0,-99.8,-99.8,-99.8,-99.8,-99.8,-99.8,-99.8
2023-02-10 20:00:00,683.1,-99.8,-99.8,7.6,276.0,14.8,261.0,0.5,-99.8,-99.8,-99.8,-99.8,-99.8,-99.8,-99.8
2023-02-10 21:00:00,682.9,-99.8,-99.8,6.9,273.0,14.3,283.0,0.0,-99.8,-99.8,-99.8,-99.8,-99.8,-99.8,-99.8
2023-02-10 22:00:00,683.2,-99.8,-99.8,5.8,273.0,13.5,261.0,0.0,-99.8,-99.8,-99.8,-99.8,-99.8,-99.8,-99.8
2023-02-10 23:00:00,683.2,-99.8,-99.8,5.4,275.0,12.6,267.0,0.0,-99.8,-99.8,-99.8,-99.8,-99.8,-99.8,-99.8
2023-02-11 00:00:00,683.2,-99.8,-99.8,5.9,278.0,10.7,267.0,0.0,-99.8,-99.8,-99.8,-99.8,-99.8,-99.8,-99.8
2023-02-11 01:00:00,682.8,-99.8,-99.8,5.9,276.0,12.3,262.0,0.0,-99.8,-99.8,-99.8,-99.8,-99.8,-99.8,-99.8
2023-02-11 02:00:00,682.7,-99.8,-99.8,6.4,279.0,11.3,285.0,0.0,-99.8,-99.8,-99.8,-99.8,-99.8,-99.8,-99.8
2023-02-11 03:00:00,682.2,-99.8,-99.8,6.6,281.0,13.5,291.0,0.0,-99.8,-99.8,-99.8,-99.8,-99.8,-99.8,-99.8
2023-02-11 04:00:00,682.1,-99.8,-99.8,6.6,279.0,12.7,280.0,0.0,-99.8,-99.8,-99.8,-99.8,-99.8,-99.8,-99.8
2023-02-11 05:00:00,682.2,-99.8,-99.8,6.9,274.0,13.6,260.0,0.0,-99.8,-99.8,-99.8,-99.8,-99.8,-99.8,-99.8
2023-02-11 06:00:00,682.7,-99.8,-99.8,7.5,272.0,14.5,264.0,0.0,-99.8,-99.8,-99.8,-99.8,-99.8,-99.8,-99.8
2023-02-11 07:00:00,683.2,-99.8,-99.8,6.8,273.0,13.6,266.0,0.0,-99.8,-99.8,-99.8,-99.8,-99.8,-99.8,-99.8
2023-02-11 08:00:00,684.1,-99.8,-99.8,5.0,279.0,11.3,260.0,0.0,-99.8,-99.8,-99.8,-99.8,-99.8,-99.8,-99.8
2023-02-11 09:00:00,684.5,-99.8,-99.8,5.3,275.0,9.7,264.0,0.0,-99.8,-99.8,-99.8,-99.8,-99.8,-99.8,-99.8
2023-02-11 10:00:00,684.4,-99.8,-99.8,6.6,271.0,13.0,264.0,0.0,-99.8,-99.8,-99.8,-99.8,-99.8,-99.8,-99.8
2023-02-11 11:00:00,684.2,-99.8,-99.8,6.9,274.0,14.0,263.0,0.0,-99.8,-99.8,-99.8,-99.8,-99.8,-99.8,-99.8
2023-02-11 12:00:00,683.9,-99.8,-99.8,6.8,274.0,14.1,296.0,0.0,-99.8,-99.8,-99.8,-99.8,-99.8,-99.8,-99.8
2023-02-11 13:00:00,683.6,-99.8,-99.8,6.6,269.0,13.9,261.0,0.0,-99.8,-99.8,-99.8,-99.8,-99.8,-99.8,-99.8
2023-02-11 14:00:00,683.3,-99.8,-99.8,6.3,267.0,12.8,275.0,0.0,-99.8,-99.8,-99.8,-99.8,-99.8,-99.8,-99.8
2023-02-11 15:00:00,683.4,-99.8,-99.8,5.5,273.0,11.7,258.0,0.0,-99.8,-99.8,-99.8,-99.8,-99.8,-99.8,-99.8
2023-02-11 16:00:00,683.5,-99.8,-99.8,5.2,269.0,12.1,268.0,0.0,-99.8,-99.8,-99.8,-99.8,-99.8,-99.8,-99.8
2023-02-11 17:00:00,683.8,-99.8,-99.8,4.7,265.0,10.8,292.0,0.0,-99.8,-99.8,-99.8,-99.8,-99.8,-99.8,-99.8
2023-02-11 18:00:00,684.2,-99.8,-99.8,3.6,261.0,10.6,263.0,0.0,-99.8,-99.8,-99.8,-99.8,-99.8,-99.8,-99.8
2023-02-11 19:00:00,684.5,-99.8,-99.8,4.0,245.0,10.7,241.0,0.0,-99.8,-99.8,-99.8,-99.8,-99.8,-99.8,-99.8
2023-02-11 20:00:00,684.8,-99.8,-99.8,4.7,245.0,11.1,234.0,0.0,-99.8,-99.8,-99.8,-99.8,-99.8,-99.8,-99.8
2023-02-11 21:00:00,685.0,-99.8,-99.8,4.5,253.0,11.8,240.0,0.0,-99.8,-99.8,-99.8,-99.8,-99.8,-99.8,-99.8
2023-02-11 22:00:00,684.9,-99.8,-99.8,5.0,257.0,10.7,238.0,0.0,-99.8,-99.8,-99.8,-99.8,-99.8,-99.8,-99.8
2023-02-11 23:00:00,684.8,-99.8,-99.8,5.1,260.0,11.0,244.0,0.0,-99.8,-99.8,-99.8,-99.8,-99.8,-99.8,-99.8
2023-02-12 00:00:00,684.7,-99.8,-99.8,4.6,252.0,10.4,257.0,0.0,-99.8,-99.8,-99.8,-99.8,-99.8,-99.8,-99.8
2023-02-12 01:00:00,684.7,-99.8,-99.8,3.9,255.0,12.4,250.0,0.0,-99.8,-99.8,-99.8,-99.8,-99.8,-99.8,-99.8
2023-02-12 02:00:00,684.3,-99.8,-99.8,4.9,256.0,11.4,249.0,0.0,-99.8,-99.8,-99.8,-99.8,-99.8,-99.8,-99.8
2023-02-12 03:00:00,684.0,-99.8,-99.8,4.8,255.0,10.8,239.0,0.0,-99.8,-99.8,-99.8,-99.8,-99.8,-99.8,-99.8
2023-02-12 04:00:00,683.9,-99.8,-99.8,4.8,257.0,10.1,256.0,0.0,-99.8,-99.8,-99.8,-99.8,-99.8,-99.8,-99.8
2023-02-12 05:00:00,684.1,-99.8,-99.8,5.2,243.0,11.4,254.0,0.0,-99.8,-99.8,-99.8,-99.8,-99.8,-99.8,-99.8
2023-02-12 06:00:00,684.5,-99.8,-99.8,4.2,250.0,10.1,244.0,0.0,-99.8,-99.8,-99.8,-99.8,-99.8,-99.8,-99.8
2023-02-12 07:00:00,684.9,-99.8,-99.8,4.0,263.0,9.5,236.0,0.0,-99.8,-99.8,-99.8,-99.8,-99.8,-99.8,-99.8
2023-02-12 08:00:00,685.3,-99.8,-99.8,3.9,252.0,8.5,258.0,0.0,-99.8,-99.8,-99.8,-99.8,-99.8,-99.8,-99.8
2023-02-12 09:00:00,685.6,-99.8,-99.8,2.6,254.0,7.6,241.0,0.0,-99.8,-99.8,-99.8,-99.8,-99.8,-99.8,-99.8
2023-02-12 10:00:00,685.6,-99.8,-99.8,3.4,267.0,6.3,259.0,0.0,-99.8,-99.8,-99.8,-99.8,-99.8,-99.8,-99.8
2023-02-12 11:00:00,685.3,-99.8,-99.8,4.2,273.0,7.9,283.0,0.0,-99.8,-99.8,-99.8,-99.8,-99.8,-99.8,-99.8
2023-02-12 12:00:00,684.7,-99.8,-99.8,5.5,269.0,10.0,262.0,0.0,-99.8,-99.8,-99.8,-99.8,-99.8,-99.8,-99.8
2023-02-12 13:00:00,683.9,-99.8,-99.8,6.6,272.0,12.2,269.0,0.0,-99.8,-99.8,-99.8,-99.8,-99.8,-99.8,-99.8
2023-02-12 14:00:00,683.3,-99.8,-99.8,6.9,267.0,14.5,284.0,0.0,-99.8,-99.8,-99.8,-99.8,-99.8,-99.8,-99.8
2023-02-12 15:00:00,683.3,-99.8,-99.8,6.9,267.0,13.1,282.0,0.0,-99.8,-99.8,-99.8,-99.8,-99.8,-99.8,-99.8
2023-02-12 16:00:00,683.3,-99.8,-99.8,5.9,272.0,13.1,260.0,0.0,-99.8,-99.8,-99.8,-99.8,-99.8,-99.8,-99.8
2023-02-12 17:00:00,683.7,-99.8,-99.8,5.5,273.0,11.0,266.0,0.0,-99.8,-99.8,-99.8,-99.8,-99.8,-99.8,-99.8
2023-02-12 18:00:00,683.8,-99.8,-99.8,4.7,273.0,10.5,262.0,0.0,-99.8,-99.8,-99.8,-99.8,-99.8,-99.8,-99.8
2023-02-12 19:00:00,684.0,-99.8,-99.8,4.5,273.0,8.6,281.0,0.0,-99.8,-99.8,-99.8,-99.8,-99.8,-99.8,-99.8
2023-02-12 20:00:00,684.0,-99.8,-99.8,5.5,278.0,10.1,306.0,0.0,-99.8,-99.8,-99.8,-99.8,-99.8,-99.8,-99.8
2023-02-12 21:00:00,684.4,-99.8,-99.8,4.3,272.0,10.0,256.0,0.0,-99.8,-99.8,-99.8,-99.8,-99.8,-99.8,-99.8
2023-02-12 22:00:00,684.4,-99.8,-99.8,4.8,266.0,10.1,256.0,0.0,-99.8,-99.8,-99.8,-99.8,-99.8,-99.8,-99.8
2023-02-12 23:00:00,684.0,-99.8,-99.8,5.2,277.0,11.3,286.0,0.0,-99.8,-99.8,-99.8,-99.8,-99.8,-99.8,-99.8
2023-02-13 00:00:00,683.8,-99.8,-99.8,5.5,266.0,10.5,263.0,0.0,-99.8,-99.8,-99.8,-99.8,-99.8,-99.8,-99.8
2023-02-13 01:00:00,683.4,-99.8,-99.8,6.2,273.0,10.9,285.0,0.0,-99.8,-99.8,-99.8,-99.8,-99.8,-99.8,-99.8
2023-02-13 02:00:00,682.8,-99.8,-99.8,6.0,274.0,12.2,284.0,0.0,-99.8,-99.8,-99.8,-99.8,-99.8,-99.8,-99.8
2023-02-13 03:00:00,682.5,-99.8,-99.8,6.2,271.0,12.6,257.0,0.0,-99.8,-99.8,-99.8,-99.8,-99.8,-99.8,-99.8
2023-02-13 04:00:00,682.5,-99.8,-99.8,6.0,276.0,12.6,261.0,0.0,-99.8,-99.8,-99.8,-99.8,-99.8,-99.8,-99.8
2023-02-13 05:00:00,682.6,-99.8,-99.8,6.2,271.0,12.5,263.0,0.0,-99.8,-99.8,-99.8,-99.8,-99.8,-99.8,-99.8
2023-02-13 06:00:00,682.8,-99.8,-99.8,5.9,276.0,12.0,263.0,0.0,-99.8,-99.8,-99.8,-99.8,-99.8,-99.8,-99.8
2023-02-13 07:00:00,683.2,-99.8,-99.8,6.2,272.0,11.8,272.0,0.0,-99.8,-99.8,-99.8,-99.8,-99.8,-99.8,-99.8
2023-02-13 08:00:00,683.4,-99.8,-99.8,6.6,272.0,12.2,253.0,0.0,-99.8,-99.8,-99.8,-99.8,-99.8,-99.8,-99.8
2023-02-13 09:00:00,683.8,-99.8,-99.8,6.4,271.0,12.7,255.0,0.0,-99.8,-99.8,-99.8,-99.8,-99.8,-99.8,-99.8
2023-02-13 10:00:00,683.8,-99.8,-99.8,7.1,270.0,13.4,283.0,0.0,-99.8,-99.8,-99.8,-99.8,-99.8,-99.8,-99.8
2023-02-13 11:00:00,683.6,-99.8,-99.8,6.8,271.0,12.8,269.0,0.0,-99.8,-99.8,-99.8,-99.8,-99.8,-99.8,-99.8
2023-02-13 12:00:00,683.0,-99.8,-99.8,7.1,272.0,12.8,265.0,0.0,-99.8,-99.8,-99.8,-99.8,-99.8,-99.8,-99.8
2023-02-13 13:00:00,682.5,-99.8,-99.8,7.0,274.0,14.7,284.0,0.0,-99.8,-99.8,-99.8,-99.8,-99.8,-99.8,-99.8
2023-02-13 14:00:00,681.9,-99.8,-99.8,7.7,274.0,14.7,286.0,0.0,-99.8,-99.8,-99.8,-99.8,-99.8,-99.8,-99.8
2023-02-13 15:00:00,682.1,-99.8,-99.8,6.8,271.0,16.0,274.0,0.0,-99.8,-99.8,-99.8,-99.8,-99.8,-99.8,-99.8
2023-02-13 16:00:00,682.0,-99.8,-99.8,7.0,274.0,14.1,260.0,0.0,-99.8,-99.8,-99.8,-99.8,-99.8,-99.8,-99.8
2023-02-13 17:00:00,682.1,-99.8,-99.8,6.1,273.0,12.4,278.0,0.0,-99.8,-99.8,-99.8,-99.8,-99.8,-99.8,-99.8
2023-02-13 18:00:00,681.8,-99.8,-99.8,6.1,273.0,12.9,286.0,0.0,-99.8,-99.8,-99.8,-99.8,-99.8,-99.8,-99.8
2023-02-13 19:00:00,682.1,-99.8,-99.8,6.0,277.0,13.5,287.0,0.0,-99.8,-99.8,-99.8,-99.8,-99.8,-99.8,-99.8
2023-02-13 20:00:00,682.4,-99.8,-99.8,5.5,275.0,11.6,290.0,0.0,-99.8,-99.8,-99.8,-99.8,-99.8,-99.8,-99.8
2023-02-13 21:00:00,682.3,-99.8,-99.8,5.9,277.0,11.1,279.0,0.0,-99.8,-99.8,-99.8,-99.8,-99.8,-99.8,-99.8
2023-02-13 22:00:00,682.3,-99.8,-99.8,6.4,276.0,13.0,263.0,0.0,-99.8,-99.8,-99.8,-99.8,-99.8,-99.8,-99.8
2023-02-13 23:00:00,681.8,-99.8,-99.8,6.9,275.0,12.7,260.0,0.0,-99.8,-99.8,-99.8,-99.8,-99.8,-99.8,-99.8
2023-02-14 00:00:00,682.3,-99.8,-99.8,6.7,271.0,12.9,286.0,0.0,-99.8,-99.8,-99.8,-99.8,-99.8,-99.8,-99.8
2023-02-14 01:00:00,682.0,-99.8,-99.8,7.0,274.0,13.4,278.0,0.0,-99.8,-99.8,-99.8,-99.8,-99.8,-99.8,-99.8
2023-02-14 02:00:00,681.5,-99.8,-99.8,7.2,273.0,14.3,268.0,0.0,-99.8,-99.8,-99.8,-99.8,-99.8,-99.8,-99.8
2023-02-14 03:00:00,681.3,-99.8,-99.8,7.3,273.0,14.5,282.0,0.0,-99.8,-99.8,-99.8,-99.8,-99.8,-99.8,-99.8
2023-02-14 04:00:00,681.0,-99.8,-99.8,8.3,277.0,14.8,260.0,0.0,-99.8,-99.8,-99.8,-99.8,-99.8,-99.8,-99.8
2023-02-14 05:00:00,681.5,-99.8,-99.8,7.8,274.0,15.7,287.0,0.0,-99.8,-99.8,-99.8,-99.8,-99.8,-99.8,-99.8
2023-02-14 06:00:00,681.7,-99.8,-99.8,8.5,278.0,14.6,285.0,0.0,-99.8,-99.8,-99.8,-99.8,-99.8,-99.8,-99.8
2023-02-14 07:00:00,682.2,-99.8,-99.8,7.6,279.0,13.9,255.0,0.0,-99.8,-99.8,-99.8,-99.8,-99.8,-99.8,-99.8
2023-02-14 08:00:00,682.9,-99.8,-99.8,7.5,274.0,14.2,282.0,0.0,-99.8,-99.8,-99.8,-99.8,-99.8,-99.8,-99.8
2023-02-14 09:00:00,682.4,-99.8,-99.8,8.6,276.0,15.3,282.0,0.0,-99.8,-99.8,-99.8,-99.8,-99.8,-99.8,-99.8
2023-02-14 10:00:00,682.5,-99.8,-99.8,7.4,270.0,16.4,282.0,1.0,-99.8,-99.8,-99.8,-99.8,-99.8,-99.8,-99.8
2023-02-14 11:00:00,681.8,-99.8,-99.8,8.2,266.0,19.1,284.0,1.5,-99.8,-99.8,-99.8,-99.8,-99.8,-99.8,-99.8
2023-02-14 12:00:00,680.9,-99.8,-99.8,9.4,269.0,21.8,284.0,0.5,-99.8,-99.8,-99.8,-99.8,-99.8,-99.8,-99.8
2023-02-14 13:00:00,680.5,-99.8,-99.8,9.6,270.0,17.4,266.0,0.5,-99.8,-99.8,-99.8,-99.8,-99.8,-99.8,-99.8
2023-02-14 14:00:00,679.8,-99.8,-99.8,9.6,272.0,17.6,282.0,0.0,-99.8,-99.8,-99.8,-99.8,-99.8,-99.8,-99.8
2023-02-14 15:00:00,679.6,-99.8,-99.8,9.1,271.0,18.2,286.0,0.0,-99.8,-99.8,-99.8,-99.8,-99.8,-99.8,-99.8
2023-02-14 16:00:00,680.5,-99.8,-99.8,7.8,272.0,15.5,273.0,0.0,-99.8,-99.8,-99.8,-99.8,-99.8,-99.8,-99.8
2023-02-14 17:00:00,681.1,-99.8,-99.8,6.6,274.0,13.5,259.0,0.0,-99.8,-99.8,-99.8,-99.8,-99.8,-99.8,-99.8
2023-02-14 18:00:00,681.3,-99.8,-99.8,6.9,274.0,13.2,285.0,0.5,-99.8,-99.8,-99.8,-99.8,-99.8,-99.8,-99.8
2023-02-14 19:00:00,680.2,-99.8,-99.8,8.5,278.0,15.7,257.0,0.0,-99.8,-99.8,-99.8,-99.8,-99.8,-99.8,-99.8
2023-02-14 20:00:00,679.8,-99.8,-99.8,9.9,275.0,19.1,285.0,0.0,-99.8,-99.8,-99.8,-99.8,-99.8,-99.8,-99.8
2023-02-14 21:00:00,679.9,-99.8,-99.8,9.3,281.0,20.4,287.0,0.0,-99.8,-99.8,-99.8,-99.8,-99.8,-99.8,-99.8
2023-02-14 22:00:00,679.5,-99.8,-99.8,10.1,279.0,19.4,284.0,0.0,-99.8,-99.8,-99.8,-99.8,-99.8,-99.8,-99.8
2023-02-14 23:00:00,679.7,-99.8,-99.8,9.0,273.0,19.0,285.0,0.0,-99.8,-99.8,-99.8,-99.8,-99.8,-99.8,-99.8
2023-02-15 00:00:00,679.6,-99.8,-99.8,9.3,273.0,17.1,266.0,0.0,-99.8,-99.8,-99.8,-99.8,-99.8,-99.8,-99.8
2023-02-15 01:00:00,679.7,-99.8,-99.8,9.1,277.0,18.7,282.0,0.0,-99.8,-99.8,-99.8,-99.8,-99.8,-99.8,-99.8
2023-02-15 02:00:00,679.3,-99.8,-99.8,-99.8,-99.8,18.1,284.0,0.0,-99.8,-99.8,-99.8,-99.8,-99.8,-99.8,-99.8
2023-02-15 03:00:00,679.2,-99.8,-99.8,-99.8,-99.8,0.0,0.0,0.0,-99.8,-99.8,-99.8,-99.8,-99.8,-99.8,-99.8
2023-02-15 04:00:00,679.2,-99.8,-99.8,-99.8,-99.8,0.0,0.0,0.0,-99.8,-99.8,-99.8,-99.8,-99.8,-99.8,-99.8
2023-02-15 05:00:00,679.6,-99.8,-99.8,-99.8,-99.8,0.0,0.0,0.0,-99.8,-99.8,-99.8,-99.8,-99.8,-99.8,-99.8
2023-02-15 06:00:00,680.0,-99.8,-99.8,-99.8,-99.8,0.0,0.0,0.0,-99.8,-99.8,-99.8,-99.8,-99.8,-99.8,-99.8
2023-02-15 07:00:00,680.5,-99.8,-99.8,-99.8,-99.8,0.0,0.0,0.0,-99.8,-99.8,-99.8,-99.8,-99.8,-99.8,-99.8
2023-02-15 08:00:00,680.6,-99.8,-99.8,-99.8,-99.8,0.0,0.0,0.0,-99.8,-99.8,-99.8,-99.8,-99.8,-99.8,-99.8
2023-02-15 09:00:00,681.2,-99.8,-99.8,-99.8,-99.8,0.0,0.0,0.0,-99.8,-99.8,-99.8,-99.8,-99.8,-99.8,-99.8
2023-02-15 10:00:00,682.2,-99.8,-99.8,-99.8,-99.8,0.0,0.0,0.0,-99.8,-99.8,-99.8,-99.8,-99.8,-99.8,-99.8
2023-02-15 11:00:00,683.2,-99.8,-99.8,-99.8,-99.8,0.0,0.0,0.0,-99.8,-99.8,-99.8,-99.8,-99.8,-99.8,-99.8
2023-02-15 12:00:00,682.8,-99.8,-99.8,-99.8,-99.8,11.8,287.0,0.5,-99.8,-99.8,-99.8,-99.8,-99.8,-99.8,-99.8
2023-02-15 13:00:00,682.7,-99.8,-99.8,5.3,281.0,10.0,285.0,0.0,-99.8,-99.8,-99.8,-99.8,-99.8,-99.8,-99.8
2023-02-15 14:00:00,682.7,-99.8,-99.8,3.6,271.0,8.3,290.0,0.0,-99.8,-99.8,-99.8,-99.8,-99.8,-99.8,-99.8
2023-02-15 15:00:00,682.8,-99.8,-99.8,2.5,270.0,5.7,289.0,0.0,-99.8,-99.8,-99.8,-99.8,-99.8,-99.8,-99.8
2023-02-15 16:00:00,683.1,-99.8,-99.8,3.2,278.0,6.8,300.0,0.0,-99.8,-99.8,-99.8,-99.8,-99.8,-99.8,-99.8
2023-02-15 17:00:00,683.4,-99.8,-99.8,5.0,305.0,7.7,305.0,0.0,-99.8,-99.8,-99.8,-99.8,-99.8,-99.8,-99.8
2023-02-15 18:00:00,683.4,-99.8,-99.8,7.9,4.0,9.4,5.0,0.0,-99.8,-99.8,-99.8,-99.8,-99.8,-99.8,-99.8
2023-02-15 19:00:00,683.9,-99.8,-99.8,4.8,348.0,9.4,1.0,0.0,-99.8,-99.8,-99.8,-99.8,-99.8,-99.8,-99.8
2023-02-15 20:00:00,684.6,-99.8,-99.8,3.1,106.0,5.3,333.0,0.0,-99.8,-99.8,-99.8,-99.8,-99.8,-99.8,-99.8
2023-02-15 21:00:00,684.9,-99.8,-99.8,1.5,103.0,3.4,117.0,0.0,-99.8,-99.8,-99.8,-99.8,-99.8,-99.8,-99.8
2023-02-15 22:00:00,685.0,-99.8,-99.8,1.3,115.0,2.2,123.0,0.0,-99.8,-99.8,-99.8,-99.8,-99.8,-99.8,-99.8
2023-02-15 23:00:00,685.1,-99.8,-99.8,0.7,172.0,2.1,114.0,0.0,-99.8,-99.8,-99.8,-99.8,-99.8,-99.8,-99.8
2023-02-16 00:00:00,684.9,-99.8,-99.8,0.9,162.0,2.1,221.0,0.0,-99.8,-99.8,-99.8,-99.8,-99.8,-99.8,-99.8
2023-02-16 01:00:00,684.7,-99.8,-99.8,1.8,118.0,2.6,124.0,0.0,-99.8,-99.8,-99.8,-99.8,-99.8,-99.8,-99.8
2023-02-16 02:00:00,684.5,-99.8,-99.8,1.5,249.0,3.5,256.0,0.0,-99.8,-99.8,-99.8,-99.8,-99.8,-99.8,-99.8
2023-02-16 03:00:00,684.2,-99.8,-99.8,2.9,267.0,4.9,260.0,0.0,-99.8,-99.8,-99.8,-99.8,-99.8,-99.8,-99.8
2023-02-16 04:00:00,684.0,-99.8,-99.8,2.8,268.0,5.0,261.0,0.0,-99.8,-99.8,-99.8,-99.8,-99.8,-99.8,-99.8
2023-02-16 05:00:00,684.3,-99.8,-99.8,2.3,275.0,4.8,255.0,0.0,-99.8,-99.8,-99.8,-99.8,-99.8,-99.8,-99.8
2023-02-16 06:00:00,684.8,-99.8,-99.8,2.5,286.0,4.4,286.0,0.0,-99.8,-99.8,-99.8,-99.8,-99.8,-99.8,-99.8
2023-02-16 07:00:00,685.1,-99.8,-99.8,2.7,282.0,4.7,251.0,0.0,-99.8,-99.8,-99.8,-99.8,-99.8,-99.8,-99.8
2023-02-16 08:00:00,685.6,-99.8,-99.8,2.1,242.0,3.7,288.0,0.0,-99.8,-99.8,-99.8,-99.8,-99.8,-99.8,-99.8
2023-02-16 09:00:00,686.1,-99.8,-99.8,2.5,231.0,5.0,234.0,0.0,-99.8,-99.8,-99.8,-99.8,-99.8,-99.8,-99.8
2023-02-16 10:00:00,686.2,-99.8,-99.8,2.8,131.0,4.8,146.0,0.0,-99.8,-99.8,-99.8,-99.8,-99.8,-99.8,-99.8
2023-02-16 11:00:00,686.2,-99.8,-99.8,2.4,133.0,6.1,146.0,0.0,-99.8,-99.8,-99.8,-99.8,-99.8,-99.8,-99.8
2023-02-16 12:00:00,685.8,-99.8,-99.8,1.2,192.0,4.3,152.0,0.0,-99.8,-99.8,-99.8,-99.8,-99.8,-99.8,-99.8
2023-02-16 13:00:00,685.4,-99.8,-99.8,1.4,208.0,3.7,246.0,0.0,-99.8,-99.8,-99.8,-99.8,-99.8,-99.8,-99.8
2023-02-16 14:00:00,685.0,-99.8,-99.8,1.2,205.0,3.3,218.0,0.0,-99.8,-99.8,-99.8,-99.8,-99.8,-99.8,-99.8
2023-02-16 15:00:00,684.9,-99.8,-99.8,1.1,189.0,3.4,220.0,0.0,-99.8,-99.8,-99.8,-99.8,-99.8,-99.8,-99.8
2023-02-16 16:00:00,684.9,-99.8,-99.8,1.5,139.0,3.4,154.0,0.0,-99.8,-99.8,-99.8,-99.8,-99.8,-99.8,-99.8
2023-02-16 17:00:00,685.1,-99.8,-99.8,4.1,128.0,6.2,139.0,0.0,-99.8,-99.8,-99.8,-99.8,-99.8,-99.8,-99.8
2023-02-16 18:00:00,685.1,-99.8,-99.8,4.9,130.0,8.6,106.0,0.0,-99.8,-99.8,-99.8,-99.8,-99.8,-99.8,-99.8
2023-02-16 19:00:00,685.4,-99.8,-99.8,5.5,150.0,8.9,144.0,0.0,-99.8,-99.8,-99.8,-99.8,-99.8,-99.8,-99.8
2023-02-16 20:00:00,686.0,-99.8,-99.8,4.1,129.0,11.0,111.0,0.0,-99.8,-99.8,-99.8,-99.8,-99.8,-99.8,-99.8
2023-02-16 21:00:00,534.3,-99.8,-99.8,6.2,136.0,11.8,147.0,0.0,-99.8,-99.8,-99.8,-99.8,-99.8,-99.8,-99.8
2023-02-16 22:00:00,-99.8,-99.8,-99.8,7.6,135.0,14.4,140.0,0.0,-99.8,-99.8,-99.8,-99.8,-99.8,-99.8,-99.8
2023-02-16 23:00:00,-99.8,-99.8,-99.8,7.4,123.0,16.4,138.0,0.0,-99.8,-99.8,-99.8,-99.8,-99.8,-99.8,-99.8
2023-02-17 00:00:00,-99.8,-99.8,-99.8,7.0,125.0,16.4,138.0,0.0,-99.8,-99.8,-99.8,-99.8,-99.8,-99.8,-99.8
2023-02-17 01:00:00,-99.8,-99.8,-99.8,5.5,149.0,11.8,157.0,0.0,-99.8,-99.8,-99.8,-99.8,-99.8,-99.8,-99.8
2023-02-17 02:00:00,-99.8,-99.8,-99.8,6.2,145.0,13.0,151.0,0.0,-99.8,-99.8,-99.8,-99.8,-99.8,-99.8,-99.8
2023-02-17 03:00:00,-99.8,-99.8,-99.8,4.8,138.0,10.6,175.0,0.0,-99.8,-99.8,-99.8,-99.8,-99.8,-99.8,-99.8
2023-02-17 04:00:00,-99.8,-99.8,-99.8,3.7,138.0,10.1,141.0,0.0,-99.8,-99.8,-99.8,-99.8,-99.8,-99.8,-99.8
2023-02-17 05:00:00,-99.8,-99.8,-99.8,2.0,199.0,7.3,201.0,0.0,-99.8,-99.8,-99.8,-99.8,-99.8,-99.8,-99.8
2023-02-17 06:00:00,-99.8,-99.8,-99.8,2.5,234.0,4.6,244.0,0.0,-99.8,-99.8,-99.8,-99.8,-99.8,-99.8,-99.8
2023-02-17 07:00:00,-99.8,-99.8,-99.8,1.9,249.0,4.9,252.0,0.0,-99.8,-99.8,-99.8,-99.8,-99.8,-99.8,-99.8
2023-02-17 08:00:00,-99.8,-99.8,-99.8,1.1,220.0,4.3,235.0,0.0,-99.8,-99.8,-99.8,-99.8,-99.8,-99.8,-99.8
2023-02-17 09:00:00,-99.8,-99.8,-99.8,0.7,207.0,4.1,214.0,0.0,-99.8,-99.8,-99.8,-99.8,-99.8,-99.8,-99.8
2023-02-17 10:00:00,-99.8,-99.8,-99.8,2.1,222.0,4.4,240.0,0.0,-99.8,-99.8,-99.8,-99.8,-99.8,-99.8,-99.8
2023-02-17 11:00:00,-99.8,-99.8,-99.8,1.5,231.0,3.7,218.0,0.0,-99.8,-99.8,-99.8,-99.8,-99.8,-99.8,-99.8
2023-02-17 12:00:00,-99.8,-99.8,-99.8,1.8,230.0,3.8,225.0,0.0,-99.8,-99.8,-99.8,-99.8,-99.8,-99.8,-99.8
2023-02-17 13:00:00,-99.8,-99.8,-99.8,2.4,268.0,5.3,291.0,0.0,-99.8,-99.8,-99.8,-99.8,-99.8,-99.8,-99.8
2023-02-17 14:00:00,1020.2,-99.8,-99.8,2.6,267.0,5.7,282.0,0.0,-99.8,-99.8,-99.8,-99.8,-99.8,-99.8,-99.8
2023-02-17 15:00:00,1022.2,-99.8,-99.8,2.1,264.0,6.1,287.0,0.0,-99.8,-99.8,-99.8,-99.8,-99.8,-99.8,-99.8
2023-02-17 16:00:00,1020.9,-99.8,-99.8,2.8,282.0,5.0,286.0,0.0,-99.8,-99.8,-99.8,-99.8,-99.8,-99.8,-99.8
2023-02-17 17:00:00,1020.9,-99.8,-99.8,3.3,271.0,5.8,256.0,0.0,-99.8,-99.8,-99.8,-99.8,-99.8,-99.8,-99.8
2023-02-17 18:00:00,1019.7,-99.8,-99.8,1.4,147.0,5.2,288.0,0.0,-99.8,-99.8,-99.8,-99.8,-99.8,-99.8,-99.8
2023-02-17 19:00:00,-99.8,-99.8,-99.8,4.3,111.0,5.8,103.0,0.0,-99.8,-99.8,-99.8,-99.8,-99.8,-99.8,-99.8
2023-02-17 20:00:00,-99.8,-99.8,-99.8,5.3,129.0,7.3,126.0,0.0,-99.8,-99.8,-99.8,-99.8,-99.8,-99.8,-99.8
2023-02-17 21:00:00,-99.8,-99.8,-99.8,5.8,118.0,8.6,119.0,0.0,-99.8,-99.8,-99.8,-99.8,-99.8,-99.8,-99.8
2023-02-17 22:00:00,-99.8,-99.8,-99.8,3.1,121.0,7.8,133.0,0.0,-99.8,-99.8,-99.8,-99.8,-99.8,-99.8,-99.8
2023-02-17 23:00:00,1021.2,-99.8,-99.8,2.1,267.0,4.8,146.0,0.0,-99.8,-99.8,-99.8,-99.8,-99.8,-99.8,-99.8
2023-02-18 00:00:00,-99.8,-99.8,-99.8,2.2,272.0,4.2,261.0,0.0,-99.8,-99.8,-99.8,-99.8,-99.8,-99.8,-99.8
2023-02-18 01:00:00,685.6,-99.8,-99.8,1.6,219.0,4.9,241.0,0.0,-99.8,-99.8,-99.8,-99.8,-99.8,-99.8,-99.8
2023-02-18 02:00:00,-99.8,-99.8,-99.8,4.3,249.0,7.8,253.0,0.0,-99.8,-99.8,-99.8,-99.8,-99.8,-99.8,-99.8
2023-02-18 03:00:00,-99.8,-99.8,-99.8,2.4,204.0,6.9,238.0,0.0,-99.8,-99.8,-99.8,-99.8,-99.8,-99.8,-99.8
2023-02-18 04:00:00,-99.8,-99.8,-99.8,2.6,225.0,6.3,241.0,0.0,-99.8,-99.8,-99.8,-99.8,-99.8,-99.8,-99.8
2023-02-18 05:00:00,-99.8,-99.8,-99.8,1.5,178.0,6.6,239.0,0.0,-99.8,-99.8,-99.8,-99.8,-99.8,-99.8,-99.8
2023-02-18 06:00:00,685.1,-99.8,-99.8,1.5,216.0,5.7,239.0,0.0,-99.8,-99.8,-99.8,-99.8,-99.8,-99.8,-99.8
2023-02-18 07:00:00,-99.8,-99.8,-99.8,2.2,243.0,5.2,243.0,0.0,-99.8,-99.8,-99.8,-99.8,-99.8,-99.8,-99.8
2023-02-18 08:00:00,685.6,-99.8,-99.8,2.7,263.0,5.0,242.0,0.0,-99.8,-99.8,-99.8,-99.8,-99.8,-99.8,-99.8
2023-02-18 09:00:00,686.3,-99.8,-99.8,1.5,252.0,5.3,255.0,0.0,-99.8,-99.8,-99.8,-99.8,-99.8,-99.8,-99.8
2023-02-18 10:00:00,686.5,-99.8,-99.8,1.1,159.0,3.8,139.0,0.0,-99.8,-99.8,-99.8,-99.8,-99.8,-99.8,-99.8
2023-02-18 11:00:00,686.4,-99.8,-99.8,1.5,270.0,3.6,267.0,0.0,-99.8,-99.8,-99.8,-99.8,-99.8,-99.8,-99.8
2023-02-18 12:00:00,685.8,-99.8,-99.8,1.4,224.0,3.7,266.0,0.0,-99.8,-99.8,-99.8,-99.8,-99.8,-99.8,-99.8
2023-02-18 13:00:00,1021.0,-99.8,-99.8,1.5,242.0,3.8,253.0,0.0,-99.8,-99.8,-99.8,-99.8,-99.8,-99.8,-99.8
2023-02-18 14:00:00,684.7,-99.8,-99.8,2.8,290.0,5.3,291.0,0.0,-99.8,-99.8,-99.8,-99.8,-99.8,-99.8,-99.8
2023-02-18 15:00:00,684.5,-99.8,-99.8,1.3,214.0,4.9,281.0,0.0,-99.8,-99.8,-99.8,-99.8,-99.8,-99.8,-99.8
2023-02-18 16:00:00,684.4,-99.8,-99.8,1.1,164.0,3.7,263.0,0.0,-99.8,-99.8,-99.8,-99.8,-99.8,-99.8,-99.8
2023-02-18 17:00:00,684.5,-99.8,-99.8,0.8,160.0,3.9,250.0,0.0,-99.8,-99.8,-99.8,-99.8,-99.8,-99.8,-99.8
2023-02-18 18:00:00,684.7,-99.8,-99.8,2.1,245.0,4.9,257.0,0.0,-99.8,-99.8,-99.8,-99.8,-99.8,-99.8,-99.8
2023-02-18 19:00:00,685.1,-99.8,-99.8,1.7,205.0,4.4,174.0,0.0,-99.8,-99.8,-99.8,-99.8,-99.8,-99.8,-99.8
2023-02-18 20:00:00,685.4,-99.8,-99.8,2.0,223.0,4.0,221.0,0.0,-99.8,-99.8,-99.8,-99.8,-99.8,-99.8,-99.8
2023-02-18 21:00:00,685.6,-99.8,-99.8,2.2,204.0,6.2,237.0,0.0,-99.8,-99.8,-99.8,-99.8,-99.8,-99.8,-99.8
2023-02-18 22:00:00,685.5,-99.8,-99.8,2.2,126.0,4.9,243.0,0.0,-99.8,-99.8,-99.8,-99.8,-99.8,-99.8,-99.8
2023-02-18 23:00:00,685.6,-99.8,-99.8,1.7,236.0,4.8,238.0,0.0,-99.8,-99.8,-99.8,-99.8,-99.8,-99.8,-99.8
2023-02-19 00:00:00,685.5,-99.8,-99.8,3.0,252.0,5.8,257.0,0.0,-99.8,-99.8,-99.8,-99.8,-99.8,-99.8,-99.8
2023-02-19 01:00:00,685.2,-99.8,-99.8,1.4,268.0,6.1,246.0,0.0,-99.8,-99.8,-99.8,-99.8,-99.8,-99.8,-99.8
2023-02-19 02:00:00,684.9,-99.8,-99.8,3.0,271.0,5.0,270.0,0.0,-99.8,-99.8,-99.8,-99.8,-99.8,-99.8,-99.8
2023-02-19 03:00:00,684.6,-99.8,-99.8,2.8,272.0,4.7,261.0,0.0,-99.8,-99.8,-99.8,-99.8,-99.8,-99.8,-99.8
2023-02-19 04:00:00,684.5,-99.8,-99.8,2.9,276.0,4.6,269.0,0.0,-99.8,-99.8,-99.8,-99.8,-99.8,-99.8,-99.8
2023-02-19 05:00:00,684.5,-99.8,-99.8,3.6,285.0,5.2,288.0,0.0,-99.8,-99.8,-99.8,-99.8,-99.8,-99.8,-99.8
2023-02-19 06:00:00,684.7,-99.8,-99.8,1.9,255.0,4.1,295.0,0.0,-99.8,-99.8,-99.8,-99.8,-99.8,-99.8,-99.8
2023-02-19 07:00:00,684.8,-99.8,-99.8,1.5,235.0,3.9,241.0,0.0,-99.8,-99.8,-99.8,-99.8,-99.8,-99.8,-99.8
2023-02-19 08:00:00,684.8,-99.8,-99.8,0.9,269.0,3.3,206.0,0.0,-99.8,-99.8,-99.8,-99.8,-99.8,-99.8,-99.8
2023-02-19 09:00:00,685.0,-99.8,-99.8,1.5,239.0,4.2,147.0,0.0,-99.8,-99.8,-99.8,-99.8,-99.8,-99.8,-99.8
2023-02-19 10:00:00,684.8,-99.8,-99.8,2.9,121.0,5.8,147.0,0.0,-99.8,-99.8,-99.8,-99.8,-99.8,-99.8,-99.8
2023-02-19 11:00:00,684.6,-99.8,-99.8,1.2,230.0,5.0,114.0,0.0,-99.8,-99.8,-99.8,-99.8,-99.8,-99.8,-99.8
2023-02-19 12:00:00,684.3,-99.8,-99.8,1.8,233.0,3.8,268.0,0.0,-99.8,-99.8,-99.8,-99.8,-99.8,-99.8,-99.8
2023-02-19 13:00:00,683.6,-99.8,-99.8,3.1,273.0,5.9,258.0,0.0,-99.8,-99.8,-99.8,-99.8,-99.8,-99.8,-99.8
2023-02-19 14:00:00,683.2,-99.8,-99.8,4.6,279.0,9.0,287.0,0.0,-99.8,-99.8,-99.8,-99.8,-99.8,-99.8,-99.8
2023-02-19 15:00:00,683.0,-99.8,-99.8,4.6,282.0,8.6,282.0,0.0,-99.8,-99.8,-99.8,-99.8,-99.8,-99.8,-99.8
2023-02-19 16:00:00,683.0,-99.8,-99.8,4.1,284.0,8.0,285.0,0.0,-99.8,-99.8,-99.8,-99.8,-99.8,-99.8,-99.8
2023-02-19 17:00:00,682.9,-99.8,-99.8,4.2,277.0,7.3,289.0,0.0,-99.8,-99.8,-99.8,-99.8,-99.8,-99.8,-99.8
2023-02-19 18:00:00,683.0,-99.8,-99.8,4.1,288.0,6.8,284.0,0.0,-99.8,-99.8,-99.8,-99.8,-99.8,-99.8,-99.8
2023-02-19 19:00:00,683.1,-99.8,-99.8,5.7,282.0,10.1,285.0,0.0,-99.8,-99.8,-99.8,-99.8,-99.8,-99.8,-99.8
2023-02-19 20:00:00,683.4,-99.8,-99.8,5.4,280.0,9.1,286.0,0.0,-99.8,-99.8,-99.8,-99.8,-99.8,-99.8,-99.8
2023-02-19 21:00:00,683.6,-99.8,-99.8,4.7,271.0,9.1,287.0,0.0,-99.8,-99.8,-99.8,-99.8,-99.8,-99.8,-99.8
2023-02-19 22:00:00,683.4,-99.8,-99.8,5.6,274.0,9.5,292.0,0.0,-99.8,-99.8,-99.8,-99.8,-99.8,-99.8,-99.8
2023-02-19 23:00:00,683.0,-99.8,-99.8,6.2,286.0,9.7,264.0,0.0,-99.8,-99.8,-99.8,-99.8,-99.8,-99.8,-99.8
2023-02-20 00:00:00,682.6,-99.8,-99.8,7.6,289.0,10.7,288.0,0.0,-99.8,-99.8,-99.8,-99.8,-99.8,-99.8,-99.8
2023-02-20 01:00:00,682.4,-99.8,-99.8,7.6,290.0,10.8,289.0,0.0,-99.8,-99.8,-99.8,-99.8,-99.8,-99.8,-99.8
2023-02-20 02:00:00,682.2,-99.8,-99.8,5.1,280.0,8.8,300.0,0.0,-99.8,-99.8,-99.8,-99.8,-99.8,-99.8,-99.8
2023-02-20 03:00:00,681.7,-99.8,-99.8,6.9,288.0,10.5,289.0,0.0,-99.8,-99.8,-99.8,-99.8,-99.8,-99.8,-99.8
2023-02-20 04:00:00,681.8,-99.8,-99.8,5.0,284.0,9.6,288.0,0.0,-99.8,-99.8,-99.8,-99.8,-99.8,-99.8,-99.8
2023-02-20 05:00:00,681.9,-99.8,-99.8,4.4,279.0,7.7,285.0,0.0,-99.8,-99.8,-99.8,-99.8,-99.8,-99.8,-99.8
2023-02-20 06:00:00,682.2,-99.8,-99.8,6.1,287.0,8.4,289.0,0.0,-99.8,-99.8,-99.8,-99.8,-99.8,-99.8,-99.8
2023-02-20 07:00:00,682.4,-99.8,-99.8,5.6,285.0,8.6,291.0,0.0,-99.8,-99.8,-99.8,-99.8,-99.8,-99.8,-99.8
2023-02-20 08:00:00,683.0,-99.8,-99.8,2.9,272.0,7.9,252.0,0.0,-99.8,-99.8,-99.8,-99.8,-99.8,-99.8,-99.8
2023-02-20 09:00:00,683.5,-99.8,-99.8,2.0,259.0,4.9,252.0,0.0,-99.8,-99.8,-99.8,-99.8,-99.8,-99.8,-99.8
2023-02-20 10:00:00,683.4,-99.8,-99.8,4.0,279.0,6.6,285.0,0.0,-99.8,-99.8,-99.8,-99.8,-99.8,-99.8,-99.8
2023-02-20 11:00:00,683.0,-99.8,-99.8,4.9,283.0,8.0,284.0,0.0,-99.8,-99.8,-99.8,-99.8,-99.8,-99.8,-99.8
2023-02-20 12:00:00,682.7,-99.8,-99.8,5.4,286.0,10.0,287.0,0.0,-99.8,-99.8,-99.8,-99.8,-99.8,-99.8,-99.8
2023-02-20 13:00:00,682.2,-99.8,-99.8,6.7,289.0,10.1,287.0,0.0,-99.8,-99.8,-99.8,-99.8,-99.8,-99.8,-99.8
2023-02-20 14:00:00,681.9,-99.8,-99.8,6.0,283.0,11.3,287.0,0.0,-99.8,-99.8,-99.8,-99.8,-99.8,-99.8,-99.8
2023-02-20 15:00:00,681.7,-99.8,-99.8,4.7,277.0,10.1,286.0,0.0,-99.8,-99.8,-99.8,-99.8,-99.8,-99.8,-99.8
2023-02-20 16:00:00,681.7,-99.8,-99.8,3.1,279.0,7.5,287.0,0.0,-99.8,-99.8,-99.8,-99.8,-99.8,-99.8,-99.8
2023-02-20 17:00:00,682.0,-99.8,-99.8,2.6,280.0,6.1,259.0,0.0,-99.8,-99.8,-99.8,-99.8,-99.8,-99.8,-99.8
2023-02-20 18:00:00,682.3,-99.8,-99.8,1.6,287.0,3.8,293.0,0.0,-99.8,-99.8,-99.8,-99.8,-99.8,-99.8,-99.8
2023-02-20 19:00:00,682.6,-99.8,-99.8,3.0,117.0,4.0,122.0,0.0,-99.8,-99.8,-99.8,-99.8,-99.8,-99.8,-99.8
2023-02-20 20:00:00,682.9,-99.8,-99.8,3.1,114.0,4.1,112.0,0.0,-99.8,-99.8,-99.8,-99.8,-99.8,-99.8,-99.8
2023-02-20 21:00:00,683.2,-99.8,-99.8,2.2,114.0,3.9,101.0,0.0,-99.8,-99.8,-99.8,-99.8,-99.8,-99.8,-99.8
2023-02-20 22:00:00,683.1,-99.8,-99.8,3.2,97.0,4.8,103.0,0.0,-99.8,-99.8,-99.8,-99.8,-99.8,-99.8,-99.8
2023-02-20 23:00:00,683.1,-99.8,-99.8,1.4,102.0,4.0,100.0,0.0,-99.8,-99.8,-99.8,-99.8,-99.8,-99.8,-99.8
2023-02-21 00:00:00,682.9,-99.8,-99.8,0.4,130.0,2.1,110.0,0.0,-99.8,-99.8,-99.8,-99.8,-99.8,-99.8,-99.8
2023-02-21 01:00:00,682.9,-99.8,-99.8,2.7,293.0,3.5,293.0,0.0,-99.8,-99.8,-99.8,-99.8,-99.8,-99.8,-99.8
2023-02-21 02:00:00,682.7,-99.8,-99.8,1.7,261.0,4.6,262.0,0.0,-99.8,-99.8,-99.8,-99.8,-99.8,-99.8,-99.8
2023-02-21 03:00:00,682.4,-99.8,-99.8,2.9,270.0,5.2,289.0,0.0,-99.8,-99.8,-99.8,-99.8,-99.8,-99.8,-99.8
2023-02-21 04:00:00,682.4,-99.8,-99.8,3.8,278.0,7.3,253.0,0.0,-99.8,-99.8,-99.8,-99.8,-99.8,-99.8,-99.8
2023-02-21 05:00:00,682.5,-99.8,-99.8,4.0,277.0,7.0,258.0,0.0,-99.8,-99.8,-99.8,-99.8,-99.8,-99.8,-99.8
2023-02-21 06:00:00,682.7,-99.8,-99.8,5.0,288.0,8.6,294.0,0.0,-99.8,-99.8,-99.8,-99.8,-99.8,-99.8,-99.8
2023-02-21 07:00:00,683.3,-99.8,-99.8,3.1,278.0,9.4,293.0,0.0,-99.8,-99.8,-99.8,-99.8,-99.8,-99.8,-99.8
2023-02-21 08:00:00,683.7,-99.8,-99.8,3.2,282.0,5.2,285.0,0.0,-99.8,-99.8,-99.8,-99.8,-99.8,-99.8,-99.8
2023-02-21 09:00:00,684.1,-99.8,-99.8,2.8,286.0,5.7,286.0,0.0,-99.8,-99.8,-99.8,-99.8,-99.8,-99.8,-99.8
2023-02-21 10:00:00,684.2,-99.8,-99.8,3.2,280.0,5.6,285.0,0.0,-99.8,-99.8,-99.8,-99.8,-99.8,-99.8,-99.8
2023-02-21 11:00:00,684.1,-99.8,-99.8,3.3,280.0,5.5,289.0,0.0,-99.8,-99.8,-99.8,-99.8,-99.8,-99.8,-99.8
2023-02-21 12:00:00,683.5,-99.8,-99.8,5.0,284.0,7.9,288.0,0.0,-99.8,-99.8,-99.8,-99.8,-99.8,-99.8,-99.8
2023-02-21 13:00:00,683.1,-99.8,-99.8,4.9,281.0,8.4,289.0,0.0,-99.8,-99.8,-99.8,-99.8,-99.8,-99.8,-99.8
2023-02-21 14:00:00,682.8,-99.8,-99.8,4.8,282.0,8.8,287.0,0.0,-99.8,-99.8,-99.8,-99.8,-99.8,-99.8,-99.8
2023-02-21 15:00:00,682.6,-99.8,-99.8,5.5,286.0,8.9,289.0,0.0,-99.8,-99.8,-99.8,-99.8,-99.8,-99.8,-99.8
2023-02-21 16:00:00,682.3,-99.8,-99.8,7.4,285.0,11.3,285.0,0.0,-99.8,-99.8,-99.8,-99.8,-99.8,-99.8,-99.8
2023-02-21 17:00:00,682.8,-99.8,-99.8,6.2,286.0,11.6,285.0,0.0,-99.8,-99.8,-99.8,-99.8,-99.8,-99.8,-99.8
2023-02-21 18:00:00,682.9,-99.8,-99.8,6.2,292.0,8.8,295.0,0.0,-99.8,-99.8,-99.8,-99.8,-99.8,-99.8,-99.8
2023-02-21 19:00:00,-99.8,-99.8,-99.8,5.9,285.0,8.9,288.0,0.0,-99.8,-99.8,-99.8,-99.8,-99.8,-99.8,-99.8
2023-02-21 20:00:00,-99.8,-99.8,-99.8,4.0,285.0,6.7,286.0,0.0,-99.8,-99.8,-99.8,-99.8,-99.8,-99.8,-99.8
2023-02-21 21:00:00,-99.8,-99.8,-99.8,3.8,286.0,5.5,286.0,0.0,-99.8,-99.8,-99.8,-99.8,-99.8,-99.8,-99.8
2023-02-21 22:00:00,-99.8,-99.8,-99.8,3.4,278.0,7.0,285.0,0.0,-99.8,-99.8,-99.8,-99.8,-99.8,-99.8,-99.8
2023-02-21 23:00:00,-99.8,-99.8,-99.8,2.0,260.0,5.3,286.0,0.0,-99.8,-99.8,-99.8,-99.8,-99.8,-99.8,-99.8
2023-02-22 00:00:00,-99.8,-99.8,-99.8,1.8,219.0,3.9,243.0,0.0,-99.8,-99.8,-99.8,-99.8,-99.8,-99.8,-99.8
2023-02-22 01:00:00,-99.8,-99.8,-99.8,0.6,136.0,3.4,169.0,0.0,-99.8,-99.8,-99.8,-99.8,-99.8,-99.8,-99.8
2023-02-22 02:00:00,-99.8,-99.8,-99.8,2.5,267.0,4.2,260.0,0.0,-99.8,-99.8,-99.8,-99.8,-99.8,-99.8,-99.8
2023-02-22 03:00:00,-99.8,-99.8,-99.8,3.1,263.0,5.8,264.0,0.0,-99.8,-99.8,-99.8,-99.8,-99.8,-99.8,-99.8
2023-02-22 04:00:00,-99.8,-99.8,-99.8,2.8,259.0,5.6,249.0,0.0,-99.8,-99.8,-99.8,-99.8,-99.8,-99.8,-99.8
2023-02-22 05:00:00,-99.8,-99.8,-99.8,3.8,274.0,6.4,257.0,0.0,-99.8,-99.8,-99.8,-99.8,-99.8,-99.8,-99.8
2023-02-22 06:00:00,-99.8,-99.8,-99.8,2.4,271.0,6.2,274.0,0.0,-99.8,-99.8,-99.8,-99.8,-99.8,-99.8,-99.8
2023-02-22 07:00:00,-99.8,-99.8,-99.8,2.8,275.0,4.6,279.0,0.0,-99.8,-99.8,-99.8,-99.8,-99.8,-99.8,-99.8
2023-02-22 08:00:00,-99.8,-99.8,-99.8,3.0,266.0,4.8,259.0,0.0,-99.8,-99.8,-99.8,-99.8,-99.8,-99.8,-99.8
2023-02-22 09:00:00,-99.8,-99.8,-99.8,2.8,256.0,5.5,251.0,0.0,-99.8,-99.8,-99.8,-99.8,-99.8,-99.8,-99.8
2023-02-22 10:00:00,-99.8,-99.8,-99.8,2.9,267.0,5.3,255.0,0.0,-99.8,-99.8,-99.8,-99.8,-99.8,-99.8,-99.8
2023-02-22 11:00:00,-99.8,-99.8,-99.8,4.5,292.0,7.0,287.0,0.0,-99.8,-99.8,-99.8,-99.8,-99.8,-99.8,-99.8
2023-02-22 12:00:00,-99.8,-99.8,-99.8,4.5,280.0,8.3,287.0,0.0,-99.8,-99.8,-99.8,-99.8,-99.8,-99.8,-99.8
2023-02-22 13:00:00,-99.8,-99.8,-99.8,4.3,278.0,9.5,284.0,0.0,-99.8,-99.8,-99.8,-99.8,-99.8,-99.8,-99.8
2023-02-22 14:00:00,-99.8,-99.8,-99.8,4.1,280.0,8.5,273.0,0.0,-99.8,-99.8,-99.8,-99.8,-99.8,-99.8,-99.8
2023-02-22 15:00:00,-99.8,-99.8,-99.8,3.8,275.0,7.9,288.0,0.0,-99.8,-99.8,-99.8,-99.8,-99.8,-99.8,-99.8
2023-02-22 16:00:00,1022.2,-99.8,-99.8,3.0,271.0,7.2,253.0,0.0,-99.8,-99.8,-99.8,-99.8,-99.8,-99.8,-99.8
2023-02-22 17:00:00,-99.8,-99.8,-99.8,3.0,262.0,5.7,252.0,0.0,-99.8,-99.8,-99.8,-99.8,-99.8,-99.8,-99.8
2023-02-22 18:00:00,1007.6,-99.8,-99.8,3.2,262.0,6.5,245.0,0.0,-99.8,-99.8,-99.8,-99.8,-99.8,-99.8,-99.8
2023-02-22 19:00:00,-99.8,-99.8,-99.8,4.2,281.0,7.9,255.0,0.0,-99.8,-99.8,-99.8,-99.8,-99.8,-99.8,-99.8
2023-02-22 20:00:00,539.9,-99.8,-99.8,4.1,275.0,6.9,259.0,0.0,-99.8,-99.8,-99.8,-99.8,-99.8,-99.8,-99.8
2023-02-22 21:00:00,-99.8,-99.8,-99.8,3.5,264.0,7.1,283.0,0.0,-99.8,-99.8,-99.8,-99.8,-99.8,-99.8,-99.8
2023-02-22 22:00:00,-99.8,-99.8,-99.8,2.8,250.0,6.1,259.0,0.0,-99.8,-99.8,-99.8,-99.8,-99.8,-99.8,-99.8
2023-02-22 23:00:00,1100.0,-99.8,-99.8,3.5,271.0,6.0,251.0,0.0,-99.8,-99.8,-99.8,-99.8,-99.8,-99.8,-99.8
2023-02-23 00:00:00,-99.8,-99.8,-99.8,4.2,292.0,6.0,282.0,0.0,-99.8,-99.8,-99.8,-99.8,-99.8,-99.8,-99.8
2023-02-23 01:00:00,1064.9,-99.8,-99.8,3.0,295.0,5.9,273.0,0.0,-99.8,-99.8,-99.8,-99.8,-99.8,-99.8,-99.8
2023-02-23 02:00:00,-99.8,-99.8,-99.8,3.6,267.0,6.7,281.0,0.0,-99.8,-99.8,-99.8,-99.8,-99.8,-99.8,-99.8
2023-02-23 03:00:00,-99.8,-99.8,-99.8,1.1,232.0,7.2,252.0,0.0,-99.8,-99.8,-99.8,-99.8,-99.8,-99.8,-99.8
2023-02-23 04:00:00,-99.8,-99.8,-99.8,3.5,282.0,6.2,276.0,0.0,-99.8,-99.8,-99.8,-99.8,-99.8,-99.8,-99.8
2023-02-23 05:00:00,-99.8,-99.8,-99.8,3.9,279.0,8.4,258.0,0.0,-99.8,-99.8,-99.8,-99.8,-99.8,-99.8,-99.8
2023-02-23 06:00:00,-99.8,-99.8,-99.8,3.6,278.0,8.5,287.0,0.0,-99.8,-99.8,-99.8,-99.8,-99.8,-99.8,-99.8
2023-02-23 07:00:00,-99.8,-99.8,-99.8,3.7,272.0,7.3,286.0,0.0,-99.8,-99.8,-99.8,-99.8,-99.8,-99.8,-99.8
2023-02-23 08:00:00,-99.8,-99.8,-99.8,3.6,267.0,6.4,256.0,0.0,-99.8,-99.8,-99.8,-99.8,-99.8,-99.8,-99.8
2023-02-23 09:00:00,684.0,-99.8,-99.8,3.5,272.0,7.5,253.0,0.0,-99.8,-99.8,-99.8,-99.8,-99.8,-99.8,-99.8
2023-02-23 10:00:00,684.1,-99.8,-99.8,3.5,271.0,6.0,274.0,0.0,-99.8,-99.8,-99.8,-99.8,-99.8,-99.8,-99.8
2023-02-23 11:00:00,-99.8,-99.8,-99.8,4.0,279.0,7.2,280.0,0.0,-99.8,-99.8,-99.8,-99.8,-99.8,-99.8,-99.8
2023-02-23 12:00:00,-99.8,-99.8,-99.8,4.0,283.0,7.1,296.0,0.0,-99.8,-99.8,-99.8,-99.8,-99.8,-99.8,-99.8
2023-02-23 13:00:00,-99.8,-99.8,-99.8,4.4,272.0,7.6,263.0,0.0,-99.8,-99.8,-99.8,-99.8,-99.8,-99.8,-99.8
2023-02-23 14:00:00,-99.8,-99.8,-99.8,4.3,270.0,8.7,286.0,0.0,-99.8,-99.8,-99.8,-99.8,-99.8,-99.8,-99.8
2023-02-23 15:00:00,-99.8,-99.8,-99.8,4.7,273.0,9.3,283.0,0.0,-99.8,-99.8,-99.8,-99.8,-99.8,-99.8,-99.8
2023-02-23 16:00:00,1021.5,-99.8,-99.8,4.3,274.0,8.7,285.0,0.0,-99.8,-99.8,-99.8,-99.8,-99.8,-99.8,-99.8
2023-02-23 17:00:00,1019.6,-99.8,-99.8,4.6,277.0,8.4,272.0,0.0,-99.8,-99.8,-99.8,-99.8,-99.8,-99.8,-99.8
2023-02-23 18:00:00,-99.8,-99.8,-99.8,3.9,263.0,7.4,265.0,0.0,-99.8,-99.8,-99.8,-99.8,-99.8,-99.8,-99.8
2023-02-23 19:00:00,-99.8,-99.8,-99.8,3.4,250.0,7.6,245.0,0.0,-99.8,-99.8,-99.8,-99.8,-99.8,-99.8,-99.8
2023-02-23 20:00:00,536.2,-99.8,-99.8,2.9,224.0,7.0,234.0,0.0,-99.8,-99.8,-99.8,-99.8,-99.8,-99.8,-99.8
2023-02-23 21:00:00,-99.8,-99.8,-99.8,4.4,252.0,9.7,247.0,0.0,-99.8,-99.8,-99.8,-99.8,-99.8,-99.8,-99.8
2023-02-23 22:00:00,-99.8,-99.8,-99.8,5.1,262.0,9.4,252.0,0.0,-99.8,-99.8,-99.8,-99.8,-99.8,-99.8,-99.8
2023-02-23 23:00:00,1100.0,-99.8,-99.8,4.4,267.0,9.0,257.0,0.0,-99.8,-99.8,-99.8,-99.8,-99.8,-99.8,-99.8
2023-02-24 00:00:00,-99.8,-99.8,-99.8,4.5,268.0,8.8,287.0,0.0,-99.8,-99.8,-99.8,-99.8,-99.8,-99.8,-99.8
2023-02-24 01:00:00,-99.8,-99.8,-99.8,5.2,281.0,8.3,282.0,0.0,-99.8,-99.8,-99.8,-99.8,-99.8,-99.8,-99.8
2023-02-24 02:00:00,-99.8,-99.8,-99.8,5.2,279.0,8.3,284.0,0.0,-99.8,-99.8,-99.8,-99.8,-99.8,-99.8,-99.8
2023-02-24 03:00:00,-99.8,-99.8,-99.8,4.7,276.0,9.0,284.0,0.0,-99.8,-99.8,-99.8,-99.8,-99.8,-99.8,-99.8
2023-02-24 04:00:00,-99.8,-99.8,-99.8,4.8,280.0,8.2,285.0,0.0,-99.8,-99.8,-99.8,-99.8,-99.8,-99.8,-99.8
2023-02-24 05:00:00,-99.8,-99.8,-99.8,4.5,276.0,10.4,289.0,0.0,-99.8,-99.8,-99.8,-99.8,-99.8,-99.8,-99.8
2023-02-24 06:00:00,-99.8,-99.8,-99.8,4.1,272.0,8.5,261.0,0.0,-99.8,-99.8,-99.8,-99.8,-99.8,-99.8,-99.8
2023-02-24 07:00:00,-99.8,-99.8,-99.8,3.9,283.0,7.3,290.0,0.0,-99.8,-99.8,-99.8,-99.8,-99.8,-99.8,-99.8
2023-02-24 08:00:00,-99.8,-99.8,-99.8,2.4,272.0,6.1,287.0,0.0,-99.8,-99.8,-99.8,-99.8,-99.8,-99.8,-99.8
2023-02-24 09:00:00,-99.8,-99.8,-99.8,2.2,270.0,3.9,256.0,0.0,-99.8,-99.8,-99.8,-99.8,-99.8,-99.8,-99.8
2023-02-24 10:00:00,-99.8,-99.8,-99.8,2.6,270.0,4.2,261.0,0.0,-99.8,-99.8,-99.8,-99.8,-99.8,-99.8,-99.8
2023-02-24 11:00:00,-99.8,-99.8,-99.8,3.2,278.0,6.0,289.0,0.0,-99.8,-99.8,-99.8,-99.8,-99.8,-99.8,-99.8
2023-02-24 12:00:00,-99.8,-99.8,-99.8,4.5,283.0,7.7,274.0,0.0,-99.8,-99.8,-99.8,-99.8,-99.8,-99.8,-99.8
2023-02-24 13:00:00,-99.8,-99.8,-99.8,4.7,274.0,8.8,284.0,0.0,-99.8,-99.8,-99.8,-99.8,-99.8,-99.8,-99.8
2023-02-24 14:00:00,-99.8,-99.8,-99.8,5.0,275.0,9.3,258.0,0.0,-99.8,-99.8,-99.8,-99.8,-99.8,-99.8,-99.8
2023-02-24 15:00:00,-99.8,-99.8,-99.8,5.3,275.0,9.5,276.0,0.0,-99.8,-99.8,-99.8,-99.8,-99.8,-99.8,-99.8
2023-02-24 16:00:00,-99.8,-99.8,-99.8,4.8,273.0,10.5,286.0,0.0,-99.8,-99.8,-99.8,-99.8,-99.8,-99.8,-99.8
2023-02-24 17:00:00,1021.9,-99.8,-99.8,4.5,272.0,8.9,268.0,0.0,-99.8,-99.8,-99.8,-99.8,-99.8,-99.8,-99.8
2023-02-24 18:00:00,-99.8,-99.8,-99.8,4.4,274.0,8.2,283.0,0.0,-99.8,-99.8,-99.8,-99.8,-99.8,-99.8,-99.8
2023-02-24 19:00:00,-99.8,-99.8,-99.8,5.0,280.0,8.3,287.0,0.0,-99.8,-99.8,-99.8,-99.8,-99.8,-99.8,-99.8
2023-02-24 20:00:00,-99.8,-99.8,-99.8,5.5,282.0,9.0,293.0,0.0,-99.8,-99.8,-99.8,-99.8,-99.8,-99.8,-99.8
2023-02-24 21:00:00,-99.8,-99.8,-99.8,5.4,283.0,9.1,285.0,0.0,-99.8,-99.8,-99.8,-99.8,-99.8,-99.8,-99.8
2023-02-24 22:00:00,1100.0,-99.8,-99.8,5.2,282.0,7.9,286.0,0.0,-99.8,-99.8,-99.8,-99.8,-99.8,-99.8,-99.8
2023-02-24 23:00:00,-99.8,-99.8,-99.8,5.6,282.0,8.0,284.0,0.0,-99.8,-99.8,-99.8,-99.8,-99.8,-99.8,-99.8
2023-02-25 00:00:00,-99.8,-99.8,-99.8,5.8,283.0,8.9,288.0,0.0,-99.8,-99.8,-99.8,-99.8,-99.8,-99.8,-99.8
2023-02-25 01:00:00,-99.8,-99.8,-99.8,6.2,283.0,10.0,282.0,0.0,-99.8,-99.8,-99.8,-99.8,-99.8,-99.8,-99.8
2023-02-25 02:00:00,-99.8,-99.8,-99.8,6.8,285.0,10.1,286.0,0.0,-99.8,-99.8,-99.8,-99.8,-99.8,-99.8,-99.8
2023-02-25 03:00:00,-99.8,-99.8,-99.8,5.8,284.0,10.1,284.0,0.0,-99.8,-99.8,-99.8,-99.8,-99.8,-99.8,-99.8
2023-02-25 04:00:00,-99.8,-99.8,-99.8,5.4,279.0,9.4,284.0,0.0,-99.8,-99.8,-99.8,-99.8,-99.8,-99.8,-99.8
2023-02-25 05:00:00,-99.8,-99.8,-99.8,6.4,282.0,11.5,288.0,0.0,-99.8,-99.8,-99.8,-99.8,-99.8,-99.8,-99.8
2023-02-25 06:00:00,-99.8,-99.8,-99.8,5.6,278.0,11.9,285.0,0.0,-99.8,-99.8,-99.8,-99.8,-99.8,-99.8,-99.8
2023-02-25 07:00:00,-99.8,-99.8,-99.8,6.3,282.0,10.2,285.0,0.0,-99.8,-99.8,-99.8,-99.8,-99.8,-99.8,-99.8
2023-02-25 08:00:00,-99.8,-99.8,-99.8,4.4,274.0,9.6,285.0,0.0,-99.8,-99.8,-99.8,-99.8,-99.8,-99.8,-99.8
2023-02-25 09:00:00,-99.8,-99.8,-99.8,4.5,277.0,8.9,283.0,0.0,-99.8,-99.8,-99.8,-99.8,-99.8,-99.8,-99.8
2023-02-25 10:00:00,-99.8,-99.8,-99.8,5.6,278.0,10.6,285.0,0.0,-99.8,-99.8,-99.8,-99.8,-99.8,-99.8,-99.8
2023-02-25 11:00:00,-99.8,-99.8,-99.8,4.9,275.0,11.0,290.0,0.0,-99.8,-99.8,-99.8,-99.8,-99.8,-99.8,-99.8
2023-02-25 12:00:00,-99.8,-99.8,-99.8,5.8,275.0,10.3,275.0,0.0,-99.8,-99.8,-99.8,-99.8,-99.8,-99.8,-99.8
2023-02-25 13:00:00,-99.8,-99.8,-99.8,6.2,277.0,12.0,278.0,0.0,-99.8,-99.8,-99.8,-99.8,-99.8,-99.8,-99.8
2023-02-25 14:00:00,-99.8,-99.8,-99.8,5.7,271.0,13.7,286.0,0.0,-99.8,-99.8,-99.8,-99.8,-99.8,-99.8,-99.8
2023-02-25 15:00:00,-99.8,-99.8,-99.8,6.5,279.0,11.6,285.0,0.0,-99.8,-99.8,-99.8,-99.8,-99.8,-99.8,-99.8
2023-02-25 16:00:00,-99.8,-99.8,-99.8,5.6,276.0,11.6,285.0,0.0,-99.8,-99.8,-99.8,-99.8,-99.8,-99.8,-99.8
2023-02-25 17:00:00,-99.8,-99.8,-99.8,5.9,276.0,10.0,284.0,0.0,-99.8,-99.8,-99.8,-99.8,-99.8,-99.8,-99.8
2023-02-25 18:00:00,-99.8,-99.8,-99.8,5.4,268.0,10.0,286.0,0.0,-99.8,-99.8,-99.8,-99.8,-99.8,-99.8,-99.8
2023-02-25 19:00:00,-99.8,-99.8,-99.8,5.4,277.0,10.2,237.0,0.0,-99.8,-99.8,-99.8,-99.8,-99.8,-99.8,-99.8
2023-02-25 20:00:00,-99.8,-99.8,-99.8,5.5,279.0,10.6,286.0,0.0,-99.8,-99.8,-99.8,-99.8,-99.8,-99.8,-99.8
2023-02-25 21:00:00,-99.8,-99.8,-99.8,5.9,277.0,11.1,286.0,0.0,-99.8,-99.8,-99.8,-99.8,-99.8,-99.8,-99.8
2023-02-25 22:00:00,-99.8,-99.8,-99.8,6.0,274.0,11.3,285.0,0.0,-99.8,-99.8,-99.8,-99.8,-99.8,-99.8,-99.8
2023-02-25 23:00:00,-99.8,-99.8,-99.8,6.0,280.0,13.8,254.0,0.0,-99.8,-99.8,-99.8,-99.8,-99.8,-99.8,-99.8
2023-02-26 00:00:00,-99.8,-99.8,-99.8,5.9,278.0,11.9,278.0,0.0,-99.8,-99.8,-99.8,-99.8,-99.8,-99.8,-99.8
2023-02-26 01:00:00,-99.8,-99.8,-99.8,7.3,281.0,13.2,286.0,0.0,-99.8,-99.8,-99.8,-99.8,-99.8,-99.8,-99.8
2023-02-26 02:00:00,-99.8,-99.8,-99.8,-99.8,-99.8,12.0,282.0,0.0,-99.8,-99.8,-99.8,-99.8,-99.8,-99.8,-99.8
2023-02-26 03:00:00,-99.8,-99.8,-99.8,-99.8,-99.8,0.0,0.0,0.0,-99.8,-99.8,-99.8,-99.8,-99.8,-99.8,-99.8
2023-02-26 04:00:00,-99.8,-99.8,-99.8,-99.8,-99.8,0.0,0.0,0.0,-99.8,-99.8,-99.8,-99.8,-99.8,-99.8,-99.8
2023-02-26 05:00:00,-99.8,-99.8,-99.8,-99.8,-99.8,0.0,0.0,0.0,-99.8,-99.8,-99.8,-99.8,-99.8,-99.8,-99.8
2023-02-26 06:00:00,-99.8,-99.8,-99.8,-99.8,-99.8,0.0,0.0,0.0,-99.8,-99.8,-99.8,-99.8,-99.8,-99.8,-99.8
2023-02-26 07:00:00,-99.8,-99.8,-99.8,-99.8,-99.8,0.0,0.0,0.0,-99.8,-99.8,-99.8,-99.8,-99.8,-99.8,-99.8
2023-02-26 08:00:00,-99.8,-99.8,-99.8,-99.8,-99.8,0.0,0.0,0.0,-99.8,-99.8,-99.8,-99.8,-99.8,-99.8,-99.8
2023-02-26 09:00:00,-99.8,-99.8,-99.8,-99.8,-99.8,0.0,0.0,0.0,-99.8,-99.8,-99.8,-99.8,-99.8,-99.8,-99.8
2023-02-26 10:00:00,-99.8,-99.8,-99.8,-99.8,-99.8,0.0,0.0,0.0,-99.8,-99.8,-99.8,-99.8,-99.8,-99.8,-99.8
2023-02-26 11:00:00,-99.8,-99.8,-99.8,-99.8,-99.8,0.0,0.0,0.0,-99.8,-99.8,-99.8,-99.8,-99.8,-99.8,-99.8
2023-02-26 12:00:00,-99.8,-99.8,-99.8,-99.8,-99.8,0.0,0.0,0.0,-99.8,-99.8,-99.8,-99.8,-99.8,-99.8,-99.8
2023-02-26 13:00:00,-99.8,-99.8,-99.8,-99.8,-99.8,0.0,0.0,0.0,-99.8,-99.8,-99.8,-99.8,-99.8,-99.8,-99.8
2023-02-26 14:00:00,-99.8,-99.8,-99.8,-99.8,-99.8,0.0,0.0,0.0,-99.8,-99.8,-99.8,-99.8,-99.8,-99.8,-99.8
2023-02-26 15:00:00,-99.8,-99.8,-99.8,-99.8,-99.8,0.0,0.0,0.0,-99.8,-99.8,-99.8,-99.8,-99.8,-99.8,-99.8
2023-02-26 16:00:00,-99.8,-99.8,-99.8,-99.8,-99.8,0.0,0.0,0.0,-99.8,-99.8,-99.8,-99.8,-99.8,-99.8,-99.8
2023-02-26 17:00:00,-99.8,-99.8,-99.8,-99.8,-99.8,0.0,0.0,0.0,-99.8,-99.8,-99.8,-99.8,-99.8,-99.8,-99.8
2023-02-26 18:00:00,-99.8,-99.8,-99.8,-99.8,-99.8,0.0,0.0,0.0,-99.8,-99.8,-99.8,-99.8,-99.8,-99.8,-99.8
2023-02-26 19:00:00,-99.8,-99.8,-99.8,-99.8,-99.8,0.0,0.0,0.0,-99.8,-99.8,-99.8,-99.8,-99.8,-99.8,-99.8
2023-02-26 20:00:00,-99.8,-99.8,-99.8,-99.8,-99.8,0.0,0.0,0.0,-99.8,-99.8,-99.8,-99.8,-99.8,-99.8,-99.8
2023-02-26 21:00:00,-99.8,-99.8,-99.8,-99.8,-99.8,0.0,0.0,0.0,-99.8,-99.8,-99.8,-99.8,-99.8,-99.8,-99.8
2023-02-26 22:00:00,-99.8,-99.8,-99.8,-99.8,-99.8,0.0,0.0,0.0,-99.8,-99.8,-99.8,-99.8,-99.8,-99.8,-99.8
2023-02-26 23:00:00,-99.8,-99.8,-99.8,-99.8,-99.8,0.0,0.0,0.0,-99.8,-99.8,-99.8,-99.8,-99.8,-99.8,-99.8
2023-02-27 00:00:00,-99.8,-99.8,-99.8,-99.8,-99.8,0.0,0.0,0.0,-99.8,-99.8,-99.8,-99.8,-99.8,-99.8,-99.8
2023-02-27 01:00:00,-99.8,-99.8,-99.8,5.5,287.0,7.9,286.0,0.0,-99.8,-99.8,-99.8,-99.8,-99.8,-99.8,-99.8
2023-02-27 02:00:00,-99.8,-99.8,-99.8,5.0,291.0,8.0,296.0,0.0,-99.8,-99.8,-99.8,-99.8,-99.8,-99.8,-99.8
2023-02-27 03:00:00,-99.8,-99.8,-99.8,5.3,284.0,9.0,302.0,0.0,-99.8,-99.8,-99.8,-99.8,-99.8,-99.8,-99.8
2023-02-27 04:00:00,-99.8,-99.8,-99.8,5.9,286.0,9.8,299.0,0.0,-99.8,-99.8,-99.8,-99.8,-99.8,-99.8,-99.8
2023-02-27 05:00:00,-99.8,-99.8,-99.8,5.8,284.0,10.2,302.0,0.0,-99.8,-99.8,-99.8,-99.8,-99.8,-99.8,-99.8
2023-02-27 06:00:00,-99.8,-99.8,-99.8,5.3,289.0,9.1,286.0,0.0,-99.8,-99.8,-99.8,-99.8,-99.8,-99.8,-99.8
2023-02-27 07:00:00,-99.8,-99.8,-99.8,5.6,304.0,7.6,301.0,0.0,-99.8,-99.8,-99.8,-99.8,-99.8,-99.8,-99.8
2023-02-27 08:00:00,-99.8,-99.8,-99.8,2.8,307.0,7.2,303.0,0.0,-99.8,-99.8,-99.8,-99.8,-99.8,-99.8,-99.8
2023-02-27 09:00:00,-99.8,-99.8,-99.8,1.0,313.0,5.4,304.0,0.0,-99.8,-99.8,-99.8,-99.8,-99.8,-99.8,-99.8
2023-02-27 10:00:00,-99.8,-99.8,-99.8,1.4,268.0,3.1,256.0,0.0,-99.8,-99.8,-99.8,-99.8,-99.8,-99.8,-99.8
2023-02-27 11:00:00,-99.8,-99.8,-99.8,2.9,286.0,4.5,302.0,0.0,-99.8,-99.8,-99.8,-99.8,-99.8,-99.8,-99.8
2023-02-27 12:00:00,-99.8,-99.8,-99.8,3.3,281.0,6.0,245.0,0.0,-99.8,-99.8,-99.8,-99.8,-99.8,-99.8,-99.8
2023-02-27 13:00:00,-99.8,-99.8,-99.8,2.8,273.0,6.6,262.0,0.0,-99.8,-99.8,-99.8,-99.8,-99.8,-99.8,-99.8
2023-02-27 14:00:00,-99.8,-99.8,-99.8,3.9,282.0,7.4,281.0,0.0,-99.8,-99.8,-99.8,-99.8,-99.8,-99.8,-99.8
2023-02-27 15:00:00,-99.8,-99.8,-99.8,3.6,277.0,7.0,279.0,0.0,-99.8,-99.8,-99.8,-99.8,-99.8,-99.8,-99.8
2023-02-27 16:00:00,-99.8,-99.8,-99.8,2.4,274.0,6.5,277.0,0.0,-99.8,-99.8,-99.8,-99.8,-99.8,-99.8,-99.8
2023-02-27 17:00:00,-99.8,-99.8,-99.8,2.3,272.0,5.2,276.0,0.0,-99.8,-99.8,-99.8,-99.8,-99.8,-99.8,-99.8
2023-02-27 18:00:00,-99.8,-99.8,-99.8,1.6,280.0,4.1,271.0,0.0,-99.8,-99.8,-99.8,-99.8,-99.8,-99.8,-99.8
2023-02-27 19:00:00,-99.8,-99.8,-99.8,0.5,139.0,2.1,285.0,0.0,-99.8,-99.8,-99.8,-99.8,-99.8,-99.8,-99.8
2023-02-27 20:00:00,536.8,-99.8,-99.8,2.9,286.0,4.2,287.0,0.0,-99.8,-99.8,-99.8,-99.8,-99.8,-99.8,-99.8
2023-02-27 21:00:00,-99.8,-99.8,-99.8,2.8,305.0,4.2,302.0,0.0,-99.8,-99.8,-99.8,-99.8,-99.8,-99.8,-99.8
2023-02-27 22:00:00,-99.8,-99.8,-99.8,3.5,295.0,5.3,291.0,0.0,-99.8,-99.8,-99.8,-99.8,-99.8,-99.8,-99.8
2023-02-27 23:00:00,-99.8,-99.8,-99.8,2.9,281.0,4.9,289.0,0.0,-99.8,-99.8,-99.8,-99.8,-99.8,-99.8,-99.8
2023-02-28 00:00:00,-99.8,-99.8,-99.8,4.1,288.0,5.7,288.0,0.0,-99.8,-99.8,-99.8,-99.8,-99.8,-99.8,-99.8
2023-02-28 01:00:00,-99.8,-99.8,-99.8,3.8,296.0,5.5,288.0,0.0,-99.8,-99.8,-99.8,-99.8,-99.8,-99.8,-99.8
2023-02-28 02:00:00,-99.8,-99.8,-99.8,4.8,292.0,5.8,291.0,0.0,-99.8,-99.8,-99.8,-99.8,-99.8,-99.8,-99.8
2023-02-28 03:00:00,-99.8,-99.8,-99.8,5.5,287.0,7.8,286.0,0.0,-99.8,-99.8,-99.8,-99.8,-99.8,-99.8,-99.8
2023-02-28 04:00:00,-99.8,-99.8,-99.8,7.3,298.0,10.0,300.0,0.0,-99.8,-99.8,-99.8,-99.8,-99.8,-99.8,-99.8
2023-02-28 05:00:00,-99.8,-99.8,-99.8,6.2,290.0,9.7,292.0,0.0,-99.8,-99.8,-99.8,-99.8,-99.8,-99.8,-99.8
2023-02-28 06:00:00,-99.8,-99.8,-99.8,5.6,289.0,8.0,286.0,0.0,-99.8,-99.8,-99.8,-99.8,-99.8,-99.8,-99.8
2023-02-28 07:00:00,-99.8,-99.8,-99.8,4.3,297.0,7.4,286.0,0.0,-99.8,-99.8,-99.8,-99.8,-99.8,-99.8,-99.8
2023-02-28 08:00:00,-99.8,-99.8,-99.8,3.9,285.0,6.1,280.0,0.0,-99.8,-99.8,-99.8,-99.8,-99.8,-99.8,-99.8
2023-02-28 09:00:00,-99.8,-99.8,-99.8,2.1,277.0,4.6,279.0,0.0,-99.8,-99.8,-99.8,-99.8,-99.8,-99.8,-99.8
2023-02-28 10:00:00,-99.8,-99.8,-99.8,2.3,275.0,4.3,288.0,0.0,-99.8,-99.8,-99.8,-99.8,-99.8,-99.8,-99.8
2023-02-28 11:00:00,-99.8,-99.8,-99.8,2.8,283.0,5.6,288.0,0.0,-99.8,-99.8,-99.8,-99.8,-99.8,-99.8,-99.8
2023-02-28 12:00:00,-99.8,-99.8,-99.8,3.5,278.0,6.0,298.0,0.0,-99.8,-99.8,-99.8,-99.8,-99.8,-99.8,-99.8
2023-02-28 13:00:00,544.5,-99.8,-99.8,4.2,274.0,7.4,285.0,0.0,-99.8,-99.8,-99.8,-99.8,-99.8,-99.8,-99.8
2023-02-28 14:00:00,555.8,-99.8,-99.8,4.1,276.0,8.0,269.0,0.0,-99.8,-99.8,-99.8,-99.8,-99.8,-99.8,-99.8
2023-02-28 15:00:00,-99.8,-99.8,-99.8,4.9,284.0,8.9,258.0,0.0,-99.8,-99.8,-99.8,-99.8,-99.8,-99.8,-99.8
2023-02-28 16:00:00,1006.7,-99.8,-99.8,4.6,282.0,7.6,293.0,0.0,-99.8,-99.8,-99.8,-99.8,-99.8,-99.8,-99.8
2023-02-28 17:00:00,1021.3,-99.8,-99.8,4.0,284.0,7.4,261.0,0.0,-99.8,-99.8,-99.8,-99.8,-99.8,-99.8,-99.8
2023-02-28 18:00:00,991.1,-99.8,-99.8,5.0,299.0,7.3,291.0,0.0,-99.8,-99.8,-99.8,-99.8,-99.8,-99.8,-99.8
2023-02-28 19:00:00,-99.8,-99.8,-99.8,4.9,286.0,7.9,303.0,0.0,-99.8,-99.8,-99.8,-99.8,-99.8,-99.8,-99.8
2023-02-28 20:00:00,-99.8,-99.8,-99.8,5.3,297.0,8.2,301.0,0.0,-99.8,-99.8,-99.8,-99.8,-99.8,-99.8,-99.8
2023-02-28 21:00:00,-99.8,-99.8,-99.8,4.9,293.0,8.1,300.0,0.0,-99.8,-99.8,-99.8,-99.8,-99.8,-99.8,-99.8
2023-02-28 22:00:00,-99.8,-99.8,-99.8,4.7,284.0,6.6,293.0,0.0,-99.8,-99.8,-99.8,-99.8,-99.8,-99.8,-99.8
2023-02-28 23:00:00,-99.8,-99.8,-99.8,5.2,283.0,7.1,284.0,0.0,-99.8,-99.8,-99.8,-99.8,-99.8,-99.8,-99.8
2023-03-01 00:00:00,-99.8,-99.8,-99.8,4.2,282.0,7.7,289.0,0.0,-99.8,-99.8,-99.8,-99.8,-99.8,-99.8,-99.8
2023-03-01 01:00:00,-99.8,-99.8,-99.8,4.8,283.0,6.5,281.0,0.0,-99.8,-99.8,-99.8,-99.8,-99.8,-99.8,-99.8
2023-03-01 02:00:00,-99.8,-99.8,-99.8,7.9,286.0,10.6,286.0,0.0,-99.8,-99.8,-99.8,-99.8,-99.8,-99.8,-99.8
2023-03-01 03:00:00,-99.8,-99.8,-99.8,7.4,293.0,10.9,301.0,0.0,-99.8,-99.8,-99.8,-99.8,-99.8,-99.8,-99.8
2023-03-01 04:00:00,-99.8,-99.8,-99.8,5.8,280.0,11.3,304.0,0.0,-99.8,-99.8,-99.8,-99.8,-99.8,-99.8,-99.8
2023-03-01 05:00:00,-99.8,-99.8,-99.8,4.7,282.0,9.1,283.0,0.0,-99.8,-99.8,-99.8,-99.8,-99.8,-99.8,-99.8
2023-03-01 06:00:00,-99.8,-99.8,-99.8,6.5,282.0,8.9,285.0,0.0,-99.8,-99.8,-99.8,-99.8,-99.8,-99.8,-99.8
2023-03-01 07:00:00,-99.8,-99.8,-99.8,6.6,282.0,10.3,291.0,0.0,-99.8,-99.8,-99.8,-99.8,-99.8,-99.8,-99.8
2023-03-01 08:00:00,-99.8,-99.8,-99.8,6.7,281.0,11.1,279.0,0.0,-99.8,-99.8,-99.8,-99.8,-99.8,-99.8,-99.8
2023-03-01 09:00:00,-99.8,-99.8,-99.8,6.4,280.0,12.0,287.0,0.0,-99.8,-99.8,-99.8,-99.8,-99.8,-99.8,-99.8
2023-03-01 10:00:00,-99.8,-99.8,-99.8,5.4,276.0,10.9,283.0,0.0,-99.8,-99.8,-99.8,-99.8,-99.8,-99.8,-99.8
2023-03-01 11:00:00,684.9,-99.8,-99.8,6.7,276.0,12.0,287.0,0.0,-99.8,-99.8,-99.8,-99.8,-99.8,-99.8,-99.8
2023-03-01 12:00:00,-99.8,-99.8,-99.8,6.9,281.0,11.5,284.0,0.0,-99.8,-99.8,-99.8,-99.8,-99.8,-99.8,-99.8
2023-03-01 13:00:00,-99.8,-99.8,-99.8,5.9,273.0,11.1,281.0,0.0,-99.8,-99.8,-99.8,-99.8,-99.8,-99.8,-99.8
2023-03-01 14:00:00,-99.8,-99.8,-99.8,6.3,274.0,10.8,251.0,0.0,-99.8,-99.8,-99.8,-99.8,-99.8,-99.8,-99.8
2023-03-01 15:00:00,554.0,-99.8,-99.8,6.3,274.0,13.4,275.0,0.0,-99.8,-99.8,-99.8,-99.8,-99.8,-99.8,-99.8
2023-03-01 16:00:00,-99.8,-99.8,-99.8,6.0,278.0,11.3,275.0,0.0,-99.8,-99.8,-99.8,-99.8,-99.8,-99.8,-99.8
2023-03-01 17:00:00,-99.8,-99.8,-99.8,6.6,282.0,11.0,285.0,0.0,-99.8,-99.8,-99.8,-99.8,-99.8,-99.8,-99.8
2023-03-01 18:00:00,-99.8,-99.8,-99.8,6.1,281.0,11.3,282.0,0.0,-99.8,-99.8,-99.8,-99.8,-99.8,-99.8,-99.8
2023-03-01 19:00:00,-99.8,-99.8,-99.8,5.8,283.0,10.5,282.0,0.0,-99.8,-99.8,-99.8,-99.8,-99.8,-99.8,-99.8
2023-03-01 20:00:00,533.5,-99.8,-99.8,6.3,281.0,10.8,288.0,0.0,-99.8,-99.8,-99.8,-99.8,-99.8,-99.8,-99.8
2023-03-01 21:00:00,-99.8,-99.8,-99.8,6.5,282.0,12.5,289.0,0.0,-99.8,-99.8,-99.8,-99.8,-99.8,-99.8,-99.8
2023-03-01 22:00:00,-99.8,-99.8,-99.8,6.1,281.0,12.9,287.0,0.0,-99.8,-99.8,-99.8,-99.8,-99.8,-99.8,-99.8
2023-03-01 23:00:00,-99.8,-99.8,-99.8,6.6,282.0,11.6,285.0,0.0,-99.8,-99.8,-99.8,-99.8,-99.8,-99.8,-99.8
2023-03-02 00:00:00,-99.8,-99.8,-99.8,7.5,285.0,11.6,285.0,0.0,-99.8,-99.8,-99.8,-99.8,-99.8,-99.8,-99.8
2023-03-02 01:00:00,-99.8,-99.8,-99.8,9.8,288.0,13.5,286.0,0.0,-99.8,-99.8,-99.8,-99.8,-99.8,-99.8,-99.8
2023-03-02 02:00:00,-99.8,-99.8,-99.8,9.6,283.0,16.5,290.0,0.0,-99.8,-99.8,-99.8,-99.8,-99.8,-99.8,-99.8
2023-03-02 03:00:00,682.3,-99.8,-99.8,10.5,284.0,17.1,285.0,0.0,-99.8,-99.8,-99.8,-99.8,-99.8,-99.8,-99.8
2023-03-02 04:00:00,-99.8,-99.8,-99.8,10.5,285.0,18.3,285.0,0.0,-99.8,-99.8,-99.8,-99.8,-99.8,-99.8,-99.8
2023-03-02 05:00:00,682.2,-99.8,-99.8,10.3,284.0,18.1,282.0,0.0,-99.8,-99.8,-99.8,-99.8,-99.8,-99.8,-99.8
2023-03-02 06:00:00,682.8,-99.8,-99.8,10.3,285.0,17.4,289.0,0.0,-99.8,-99.8,-99.8,-99.8,-99.8,-99.8,-99.8
2023-03-02 07:00:00,683.1,-99.8,-99.8,9.8,289.0,17.9,286.0,0.0,-99.8,-99.8,-99.8,-99.8,-99.8,-99.8,-99.8
2023-03-02 08:00:00,683.6,-99.8,-99.8,9.8,286.0,17.9,299.0,0.0,-99.8,-99.8,-99.8,-99.8,-99.8,-99.8,-99.8
2023-03-02 09:00:00,683.8,-99.8,-99.8,9.8,287.0,15.0,301.0,0.0,-99.8,-99.8,-99.8,-99.8,-99.8,-99.8,-99.8
2023-03-02 10:00:00,684.2,-99.8,-99.8,9.1,280.0,16.9,298.0,0.0,-99.8,-99.8,-99.8,-99.8,-99.8,-99.8,-99.8
2023-03-02 11:00:00,684.3,-99.8,-99.8,6.4,275.0,13.4,281.0,0.0,-99.8,-99.8,-99.8,-99.8,-99.8,-99.8,-99.8
2023-03-02 12:00:00,684.3,-99.8,-99.8,5.0,271.0,11.4,258.0,0.0,-99.8,-99.8,-99.8,-99.8,-99.8,-99.8,-99.8
2023-03-02 13:00:00,684.0,-99.8,-99.8,5.7,273.0,11.7,289.0,0.0,-99.8,-99.8,-99.8,-99.8,-99.8,-99.8,-99.8
2023-03-02 14:00:00,-99.8,-99.8,-99.8,4.3,271.0,9.6,281.0,0.0,-99.8,-99.8,-99.8,-99.8,-99.8,-99.8,-99.8
2023-03-02 15:00:00,-99.8,-99.8,-99.8,5.2,271.0,10.7,268.0,0.0,-99.8,-99.8,-99.8,-99.8,-99.8,-99.8,-99.8
2023-03-02 16:00:00,-99.8,-99.8,-99.8,5.1,269.0,10.5,268.0,0.0,-99.8,-99.8,-99.8,-99.8,-99.8,-99.8,-99.8
2023-03-02 17:00:00,-99.8,-99.8,-99.8,5.1,277.0,9.9,283.0,0.0,-99.8,-99.8,-99.8,-99.8,-99.8,-99.8,-99.8
2023-03-02 18:00:00,683.5,-99.8,-99.8,6.4,282.0,10.9,286.0,0.0,-99.8,-99.8,-99.8,-99.8,-99.8,-99.8,-99.8
2023-03-02 19:00:00,684.0,-99.8,-99.8,8.2,284.0,12.4,285.0,0.0,-99.8,-99.8,-99.8,-99.8,-99.8,-99.8,-99.8
2023-03-02 20:00:00,684.6,-99.8,-99.8,4.8,274.0,11.4,283.0,0.0,-99.8,-99.8,-99.8,-99.8,-99.8,-99.8,-99.8
2023-03-02 21:00:00,684.7,-99.8,-99.8,7.2,285.0,10.2,288.0,0.0,-99.8,-99.8,-99.8,-99.8,-99.8,-99.8,-99.8
2023-03-02 22:00:00,684.7,-99.8,-99.8,4.5,279.0,8.8,289.0,0.0,-99.8,-99.8,-99.8,-99.8,-99.8,-99.8,-99.8
2023-03-02 23:00:00,684.6,-99.8,-99.8,4.0,279.0,6.8,293.0,0.0,-99.8,-99.8,-99.8,-99.8,-99.8,-99.8,-99.8
2023-03-03 00:00:00,684.5,-99.8,-99.8,4.2,282.0,6.9,286.0,0.0,-99.8,-99.8,-99.8,-99.8,-99.8,-99.8,-99.8
2023-03-03 01:00:00,684.2,-99.8,-99.8,4.8,287.0,7.5,292.0,0.0,-99.8,-99.8,-99.8,-99.8,-99.8,-99.8,-99.8
2023-03-03 02:00:00,683.7,-99.8,-99.8,5.0,282.0,9.4,291.0,0.0,-99.8,-99.8,-99.8,-99.8,-99.8,-99.8,-99.8
2023-03-03 03:00:00,683.5,-99.8,-99.8,5.7,292.0,7.9,287.0,0.0,-99.8,-99.8,-99.8,-99.8,-99.8,-99.8,-99.8
2023-03-03 04:00:00,683.3,-99.8,-99.8,4.6,283.0,7.4,279.0,0.0,-99.8,-99.8,-99.8,-99.8,-99.8,-99.8,-99.8
2023-03-03 05:00:00,683.5,-99.8,-99.8,4.6,278.0,8.2,287.0,0.0,-99.8,-99.8,-99.8,-99.8,-99.8,-99.8,-99.8
2023-03-03 06:00:00,683.7,-99.8,-99.8,5.5,287.0,8.3,294.0,0.0,-99.8,-99.8,-99.8,-99.8,-99.8,-99.8,-99.8
2023-03-03 07:00:00,684.2,-99.8,-99.8,4.7,283.0,9.6,286.0,0.0,-99.8,-99.8,-99.8,-99.8,-99.8,-99.8,-99.8
2023-03-03 08:00:00,684.4,-99.8,-99.8,4.5,282.0,9.4,286.0,0.0,-99.8,-99.8,-99.8,-99.8,-99.8,-99.8,-99.8
2023-03-03 09:00:00,684.5,-99.8,-99.8,7.7,290.0,9.7,289.0,0.0,-99.8,-99.8,-99.8,-99.8,-99.8,-99.8,-99.8
2023-03-03 10:00:00,684.4,-99.8,-99.8,7.3,298.0,9.6,289.0,0.0,-99.8,-99.8,-99.8,-99.8,-99.8,-99.8,-99.8
2023-03-03 11:00:00,684.1,-99.8,-99.8,7.7,292.0,11.4,288.0,0.0,-99.8,-99.8,-99.8,-99.8,-99.8,-99.8,-99.8
2023-03-03 12:00:00,683.7,-99.8,-99.8,6.5,289.0,10.1,288.0,0.0,-99.8,-99.8,-99.8,-99.8,-99.8,-99.8,-99.8
2023-03-03 13:00:00,683.2,-99.8,-99.8,5.5,279.0,10.9,288.0,0.0,-99.8,-99.8,-99.8,-99.8,-99.8,-99.8,-99.8
2023-03-03 14:00:00,682.8,-99.8,-99.8,5.5,279.0,11.8,286.0,0.0,-99.8,-99.8,-99.8,-99.8,-99.8,-99.8,-99.8
2023-03-03 15:00:00,682.5,-99.8,-99.8,5.5,277.0,9.9,286.0,0.0,-99.8,-99.8,-99.8,-99.8,-99.8,-99.8,-99.8
2023-03-03 16:00:00,682.5,-99.8,-99.8,6.3,282.0,10.2,286.0,0.0,-99.8,-99.8,-99.8,-99.8,-99.8,-99.8,-99.8
2023-03-03 17:00:00,682.5,-99.8,-99.8,8.2,284.0,12.1,287.0,0.0,-99.8,-99.8,-99.8,-99.8,-99.8,-99.8,-99.8
2023-03-03 18:00:00,682.8,-99.8,-99.8,9.2,292.0,13.3,292.0,0.0,-99.8,-99.8,-99.8,-99.8,-99.8,-99.8,-99.8
2023-03-03 19:00:00,682.9,-99.8,-99.8,9.6,291.0,14.0,289.0,0.0,-99.8,-99.8,-99.8,-99.8,-99.8,-99.8,-99.8
2023-03-03 20:00:00,683.5,-99.8,-99.8,7.1,285.0,12.7,288.0,0.0,-99.8,-99.8,-99.8,-99.8,-99.8,-99.8,-99.8
2023-03-03 21:00:00,683.6,-99.8,-99.8,8.0,284.0,13.0,285.0,0.0,-99.8,-99.8,-99.8,-99.8,-99.8,-99.8,-99.8
2023-03-03 22:00:00,683.5,-99.8,-99.8,9.9,288.0,16.8,294.0,0.0,-99.8,-99.8,-99.8,-99.8,-99.8,-99.8,-99.8
2023-03-03 23:00:00,683.3,-99.8,-99.8,9.8,287.0,15.6,302.0,0.0,-99.8,-99.8,-99.8,-99.8,-99.8,-99.8,-99.8
2023-03-04 00:00:00,683.2,-99.8,-99.8,10.1,292.0,15.5,298.0,0.0,-99.8,-99.8,-99.8,-99.8,-99.8,-99.8,-99.8
2023-03-04 01:00:00,683.1,-99.8,-99.8,8.5,283.0,18.1,286.0,0.0,-99.8,-99.8,-99.8,-99.8,-99.8,-99.8,-99.8
2023-03-04 02:00:00,682.6,-99.8,-99.8,8.9,283.0,16.6,288.0,0.0,-99.8,-99.8,-99.8,-99.8,-99.8,-99.8,-99.8
2023-03-04 03:00:00,682.0,-99.8,-99.8,9.6,283.0,17.2,292.0,0.0,-99.8,-99.8,-99.8,-99.8,-99.8,-99.8,-99.8
2023-03-04 04:00:00,682.0,-99.8,-99.8,10.1,282.0,16.5,288.0,0.0,-99.8,-99.8,-99.8,-99.8,-99.8,-99.8,-99.8
2023-03-04 05:00:00,682.0,-99.8,-99.8,9.6,284.0,16.0,289.0,0.0,-99.8,-99.8,-99.8,-99.8,-99.8,-99.8,-99.8
2023-03-04 06:00:00,682.4,-99.8,-99.8,9.2,279.0,17.9,297.0,0.0,-99.8,-99.8,-99.8,-99.8,-99.8,-99.8,-99.8
2023-03-04 07:00:00,682.7,-99.8,-99.8,9.7,285.0,15.6,302.0,0.0,-99.8,-99.8,-99.8,-99.8,-99.8,-99.8,-99.8
2023-03-04 08:00:00,683.2,-99.8,-99.8,8.2,286.0,16.3,284.0,0.0,-99.8,-99.8,-99.8,-99.8,-99.8,-99.8,-99.8
2023-03-04 09:00:00,683.9,-99.8,-99.8,8.0,289.0,13.3,301.0,0.0,-99.8,-99.8,-99.8,-99.8,-99.8,-99.8,-99.8
2023-03-04 10:00:00,684.1,-99.8,-99.8,5.6,281.0,10.9,288.0,0.0,-99.8,-99.8,-99.8,-99.8,-99.8,-99.8,-99.8
2023-03-04 11:00:00,683.9,-99.8,-99.8,5.7,279.0,9.8,286.0,0.0,-99.8,-99.8,-99.8,-99.8,-99.8,-99.8,-99.8
2023-03-04 12:00:00,683.5,-99.8,-99.8,-99.8,-99.8,9.9,286.0,0.0,-99.8,-99.8,-99.8,-99.8,-99.8,-99.8,-99.8
2023-03-04 13:00:00,683.0,-99.8,-99.8,-99.8,-99.8,9.4,296.0,0.0,-99.8,-99.8,-99.8,-99.8,-99.8,-99.8,-99.8
2023-03-04 14:00:00,682.5,-99.8,-99.8,-99.8,-99.8,6.1,21.0,0.0,-99.8,-99.8,-99.8,-99.8,-99.8,-99.8,-99.8
2023-03-04 15:00:00,682.2,-99.8,-99.8,-99.8,-99.8,0.0,0.0,0.0,-99.8,-99.8,-99.8,-99.8,-99.8,-99.8,-99.8
2023-03-04 16:00:00,682.4,-99.8,-99.8,-99.8,-99.8,0.0,0.0,0.0,-99.8,-99.8,-99.8,-99.8,-99.8,-99.8,-99.8
2023-03-04 17:00:00,682.4,-99.8,-99.8,-99.8,-99.8,0.0,0.0,0.0,-99.8,-99.8,-99.8,-99.8,-99.8,-99.8,-99.8
2023-03-04 18:00:00,682.6,-99.8,-99.8,-99.8,-99.8,0.0,0.0,0.0,-99.8,-99.8,-99.8,-99.8,-99.8,-99.8,-99.8
2023-03-04 19:00:00,682.8,-99.8,-99.8,-99.8,-99.8,0.0,0.0,0.0,-99.8,-99.8,-99.8,-99.8,-99.8,-99.8,-99.8
2023-03-04 20:00:00,683.0,-99.8,-99.8,-99.8,-99.8,0.0,0.0,0.0,-99.8,-99.8,-99.8,-99.8,-99.8,-99.8,-99.8
2023-03-04 21:00:00,683.3,-99.8,-99.8,-99.8,-99.8,0.0,0.0,0.0,-99.8,-99.8,-99.8,-99.8,-99.8,-99.8,-99.8
2023-03-04 22:00:00,683.6,-99.8,-99.8,6.5,291.0,10.0,295.0,0.0,-99.8,-99.8,-99.8,-99.8,-99.8,-99.8,-99.8
2023-03-04 23:00:00,683.5,-99.8,-99.8,6.4,287.0,9.8,263.0,0.0,-99.8,-99.8,-99.8,-99.8,-99.8,-99.8,-99.8
2023-03-05 00:00:00,683.6,-99.8,-99.8,6.1,287.0,9.3,287.0,0.0,-99.8,-99.8,-99.8,-99.8,-99.8,-99.8,-99.8
2023-03-05 01:00:00,683.2,-99.8,-99.8,5.9,284.0,9.0,287.0,0.0,-99.8,-99.8,-99.8,-99.8,-99.8,-99.8,-99.8
2023-03-05 02:00:00,682.8,-99.8,-99.8,5.5,293.0,9.5,304.0,0.0,-99.8,-99.8,-99.8,-99.8,-99.8,-99.8,-99.8
2023-03-05 03:00:00,682.4,-99.8,-99.8,4.9,288.0,8.2,285.0,0.0,-99.8,-99.8,-99.8,-99.8,-99.8,-99.8,-99.8
2023-03-05 04:00:00,682.1,-99.8,-99.8,4.3,276.0,7.2,292.0,0.0,-99.8,-99.8,-99.8,-99.8,-99.8,-99.8,-99.8
2023-03-05 05:00:00,682.2,-99.8,-99.8,6.8,286.0,9.9,293.0,0.0,-99.8,-99.8,-99.8,-99.8,-99.8,-99.8,-99.8
2023-03-05 06:00:00,682.7,-99.8,-99.8,6.4,283.0,10.0,298.0,0.0,-99.8,-99.8,-99.8,-99.8,-99.8,-99.8,-99.8
2023-03-05 07:00:00,683.1,-99.8,-99.8,6.3,280.0,11.0,286.0,0.0,-99.8,-99.8,-99.8,-99.8,-99.8,-99.8,-99.8
2023-03-05 08:00:00,683.8,-99.8,-99.8,5.7,287.0,10.6,301.0,0.0,-99.8,-99.8,-99.8,-99.8,-99.8,-99.8,-99.8
2023-03-05 09:00:00,684.1,-99.8,-99.8,5.0,281.0,8.1,293.0,0.0,-99.8,-99.8,-99.8,-99.8,-99.8,-99.8,-99.8
2023-03-05 10:00:00,684.2,-99.8,-99.8,4.1,280.0,8.3,290.0,0.0,-99.8,-99.8,-99.8,-99.8,-99.8,-99.8,-99.8
2023-03-05 11:00:00,684.0,-99.8,-99.8,5.3,281.0,8.0,286.0,0.0,-99.8,-99.8,-99.8,-99.8,-99.8,-99.8,-99.8
2023-03-05 12:00:00,683.5,-99.8,-99.8,5.2,276.0,9.7,286.0,0.0,-99.8,-99.8,-99.8,-99.8,-99.8,-99.8,-99.8
2023-03-05 13:00:00,682.7,-99.8,-99.8,6.0,278.0,11.2,282.0,0.0,-99.8,-99.8,-99.8,-99.8,-99.8,-99.8,-99.8
2023-03-05 14:00:00,682.4,-99.8,-99.8,5.4,276.0,11.3,281.0,0.0,-99.8,-99.8,-99.8,-99.8,-99.8,-99.8,-99.8
2023-03-05 15:00:00,682.2,-99.8,-99.8,5.7,279.0,11.4,287.0,0.0,-99.8,-99.8,-99.8,-99.8,-99.8,-99.8,-99.8
2023-03-05 16:00:00,682.2,-99.8,-99.8,5.6,277.0,10.7,284.0,0.0,-99.8,-99.8,-99.8,-99.8,-99.8,-99.8,-99.8
2023-03-05 17:00:00,682.3,-99.8,-99.8,6.7,279.0,10.5,279.0,-999.6,-99.8,-99.8,-99.8,-99.8,-99.8,-99.8,-99.8
2023-03-05 18:00:00,682.2,-99.8,-99.8,8.0,284.0,14.3,287.0,0.0,-99.8,-99.8,-99.8,-99.8,-99.8,-99.8,-99.8
2023-03-05 19:00:00,682.3,-99.8,-99.8,8.3,276.0,13.5,293.0,0.0,-99.8,-99.8,-99.8,-99.8,-99.8,-99.8,-99.8
2023-03-05 20:00:00,682.6,-99.8,-99.8,9.7,290.0,15.0,303.0,0.0,-99.8,-99.8,-99.8,-99.8,-99.8,-99.8,-99.8
2023-03-05 21:00:00,682.9,-99.8,-99.8,8.9,288.0,15.2,301.0,0.0,-99.8,-99.8,-99.8,-99.8,-99.8,-99.8,-99.8
2023-03-05 22:00:00,683.0,-99.8,-99.8,8.7,287.0,13.9,292.0,0.0,-99.8,-99.8,-99.8,-99.8,-99.8,-99.8,-99.8
2023-03-05 23:00:00,682.7,-99.8,-99.8,10.6,299.0,14.9,302.0,0.0,-99.8,-99.8,-99.8,-99.8,-99.8,-99.8,-99.8
2023-03-06 00:00:00,682.6,-99.8,-99.8,9.2,289.0,14.6,300.0,0.0,-99.8,-99.8,-99.8,-99.8,-99.8,-99.8,-99.8
2023-03-06 01:00:00,-99.8,-99.8,-99.8,8.0,288.0,15.1,300.0,0.0,-99.8,-99.8,-99.8,-99.8,-99.8,-99.8,-99.8
2023-03-06 02:00:00,1038.7,-99.8,-99.8,7.5,284.0,13.7,290.0,0.0,-99.8,-99.8,-99.8,-99.8,-99.8,-99.8,-99.8
2023-03-06 03:00:00,-99.8,-99.8,-99.8,6.6,284.0,11.5,294.0,0.0,-99.8,-99.8,-99.8,-99.8,-99.8,-99.8,-99.8
2023-03-06 04:00:00,-99.8,-99.8,-99.8,5.2,281.0,11.5,279.0,0.0,-99.8,-99.8,-99.8,-99.8,-99.8,-99.8,-99.8
2023-03-06 05:00:00,-99.8,-99.8,-99.8,6.7,289.0,9.6,290.0,0.0,-99.8,-99.8,-99.8,-99.8,-99.8,-99.8,-99.8
2023-03-06 06:00:00,517.3,-99.8,-99.8,6.3,298.0,9.8,287.0,0.0,-99.8,-99.8,-99.8,-99.8,-99.8,-99.8,-99.8
2023-03-06 07:00:00,-99.8,-99.8,-99.8,6.0,290.0,10.6,286.0,0.0,-99.8,-99.8,-99.8,-99.8,-99.8,-99.8,-99.8
2023-03-06 08:00:00,-99.8,-99.8,-99.8,4.8,283.0,8.8,300.0,0.0,-99.8,-99.8,-99.8,-99.8,-99.8,-99.8,-99.8
2023-03-06 09:00:00,684.1,-99.8,-99.8,3.5,283.0,6.7,288.0,0.0,-99.8,-99.8,-99.8,-99.8,-99.8,-99.8,-99.8
2023-03-06 10:00:00,-99.8,-99.8,-99.8,3.2,279.0,5.8,286.0,0.0,-99.8,-99.8,-99.8,-99.8,-99.8,-99.8,-99.8
2023-03-06 11:00:00,-99.8,-99.8,-99.8,4.2,281.0,7.1,277.0,0.0,-99.8,-99.8,-99.8,-99.8,-99.8,-99.8,-99.8
2023-03-06 12:00:00,551.2,-99.8,-99.8,4.5,274.0,8.4,285.0,0.0,-99.8,-99.8,-99.8,-99.8,-99.8,-99.8,-99.8
2023-03-06 13:00:00,-99.8,-99.8,-99.8,4.9,274.0,8.6,266.0,0.0,-99.8,-99.8,-99.8,-99.8,-99.8,-99.8,-99.8
2023-03-06 14:00:00,-99.8,-99.8,-99.8,5.1,276.0,10.0,287.0,0.0,-99.8,-99.8,-99.8,-99.8,-99.8,-99.8,-99.8
2023-03-06 15:00:00,682.4,-99.8,-99.8,5.1,278.0,10.3,290.0,0.0,-99.8,-99.8,-99.8,-99.8,-99.8,-99.8,-99.8
2023-03-06 16:00:00,682.4,-99.8,-99.8,4.8,278.0,9.8,288.0,0.0,-99.8,-99.8,-99.8,-99.8,-99.8,-99.8,-99.8
2023-03-06 17:00:00,682.6,-99.8,-99.8,3.4,282.0,7.3,281.0,0.0,-99.8,-99.8,-99.8,-99.8,-99.8,-99.8,-99.8
2023-03-06 18:00:00,682.7,-99.8,-99.8,3.5,299.0,5.8,285.0,0.0,-99.8,-99.8,-99.8,-99.8,-99.8,-99.8,-99.8
2023-03-06 19:00:00,682.9,-99.8,-99.8,6.8,303.0,8.8,299.0,0.0,-99.8,-99.8,-99.8,-99.8,-99.8,-99.8,-99.8
2023-03-06 20:00:00,683.2,-99.8,-99.8,4.3,307.0,8.6,303.0,0.0,-99.8,-99.8,-99.8,-99.8,-99.8,-99.8,-99.8
2023-03-06 21:00:00,683.9,-99.8,-99.8,0.7,335.0,6.8,305.0,0.0,-99.8,-99.8,-99.8,-99.8,-99.8,-99.8,-99.8
2023-03-06 22:00:00,684.1,-99.8,-99.8,1.0,321.0,3.1,334.0,0.0,-99.8,-99.8,-99.8,-99.8,-99.8,-99.8,-99.8
2023-03-06 23:00:00,684.2,-99.8,-99.8,1.2,323.0,3.2,311.0,0.0,-99.8,-99.8,-99.8,-99.8,-99.8,-99.8,-99.8
2023-03-07 00:00:00,684.0,-99.8,-99.8,3.0,281.0,4.5,299.0,0.0,-99.8,-99.8,-99.8,-99.8,-99.8,-99.8,-99.8
2023-03-07 01:00:00,683.7,-99.8,-99.8,3.9,300.0,6.4,288.0,0.0,-99.8,-99.8,-99.8,-99.8,-99.8,-99.8,-99.8
2023-03-07 02:00:00,683.4,-99.8,-99.8,4.6,287.0,6.9,301.0,0.0,-99.8,-99.8,-99.8,-99.8,-99.8,-99.8,-99.8
2023-03-07 03:00:00,682.9,-99.8,-99.8,5.4,288.0,7.8,289.0,0.0,-99.8,-99.8,-99.8,-99.8,-99.8,-99.8,-99.8
2023-03-07 04:00:00,682.7,-99.8,-99.8,4.9,287.0,7.8,289.0,0.0,-99.8,-99.8,-99.8,-99.8,-99.8,-99.8,-99.8
2023-03-07 05:00:00,682.9,-99.8,-99.8,5.3,298.0,7.8,298.0,0.0,-99.8,-99.8,-99.8,-99.8,-99.8,-99.8,-99.8
2023-03-07 06:00:00,683.2,-99.8,-99.8,5.6,294.0,9.3,300.0,0.0,-99.8,-99.8,-99.8,-99.8,-99.8,-99.8,-99.8
2023-03-07 07:00:00,683.8,-99.8,-99.8,4.0,281.0,7.9,302.0,0.0,-99.8,-99.8,-99.8,-99.8,-99.8,-99.8,-99.8
2023-03-07 08:00:00,684.2,-99.8,-99.8,2.1,278.0,5.9,299.0,0.0,-99.8,-99.8,-99.8,-99.8,-99.8,-99.8,-99.8
2023-03-07 09:00:00,684.5,-99.8,-99.8,1.9,268.0,3.2,258.0,0.0,-99.8,-99.8,-99.8,-99.8,-99.8,-99.8,-99.8
2023-03-07 10:00:00,-99.8,-99.8,-99.8,3.2,276.0,5.9,266.0,0.0,-99.8,-99.8,-99.8,-99.8,-99.8,-99.8,-99.8
2023-03-07 11:00:00,-99.8,-99.8,-99.8,4.4,273.0,7.9,287.0,0.0,-99.8,-99.8,-99.8,-99.8,-99.8,-99.8,-99.8
2023-03-07 12:00:00,-99.8,-99.8,-99.8,4.4,271.0,8.1,257.0,0.0,-99.8,-99.8,-99.8,-99.8,-99.8,-99.8,-99.8
2023-03-07 13:00:00,-99.8,-99.8,-99.8,5.1,278.0,10.3,292.0,0.0,-99.8,-99.8,-99.8,-99.8,-99.8,-99.8,-99.8
2023-03-07 14:00:00,-99.8,-99.8,-99.8,4.7,274.0,8.3,257.0,0.0,-99.8,-99.8,-99.8,-99.8,-99.8,-99.8,-99.8
2023-03-07 15:00:00,-99.8,-99.8,-99.8,4.9,274.0,9.4,301.0,0.0,-99.8,-99.8,-99.8,-99.8,-99.8,-99.8,-99.8
2023-03-07 16:00:00,1019.4,-99.8,-99.8,4.4,278.0,9.1,285.0,0.0,-99.8,-99.8,-99.8,-99.8,-99.8,-99.8,-99.8
2023-03-07 17:00:00,1021.6,-99.8,-99.8,3.3,282.0,7.7,287.0,0.0,-99.8,-99.8,-99.8,-99.8,-99.8,-99.8,-99.8
2023-03-07 18:00:00,990.0,-99.8,-99.8,3.1,283.0,4.9,285.0,0.0,-99.8,-99.8,-99.8,-99.8,-99.8,-99.8,-99.8
2023-03-07 19:00:00,-99.8,-99.8,-99.8,4.0,291.0,5.6,291.0,0.0,-99.8,-99.8,-99.8,-99.8,-99.8,-99.8,-99.8
2023-03-07 20:00:00,-99.8,-99.8,-99.8,3.8,286.0,5.9,293.0,0.0,-99.8,-99.8,-99.8,-99.8,-99.8,-99.8,-99.8
2023-03-07 21:00:00,540.3,-99.8,-99.8,0.9,275.0,4.4,289.0,0.0,-99.8,-99.8,-99.8,-99.8,-99.8,-99.8,-99.8
2023-03-07 22:00:00,535.5,-99.8,-99.8,1.7,270.0,3.4,286.0,0.0,-99.8,-99.8,-99.8,-99.8,-99.8,-99.8,-99.8
2023-03-07 23:00:00,-99.8,-99.8,-99.8,2.0,277.0,2.8,267.0,0.0,-99.8,-99.8,-99.8,-99.8,-99.8,-99.8,-99.8
2023-03-08 00:00:00,-99.8,-99.8,-99.8,3.2,280.0,5.1,290.0,0.0,-99.8,-99.8,-99.8,-99.8,-99.8,-99.8,-99.8
2023-03-08 01:00:00,-99.8,-99.8,-99.8,3.8,279.0,6.5,282.0,0.0,-99.8,-99.8,-99.8,-99.8,-99.8,-99.8,-99.8
2023-03-08 02:00:00,-99.8,-99.8,-99.8,7.6,293.0,9.8,293.0,0.0,-99.8,-99.8,-99.8,-99.8,-99.8,-99.8,-99.8
2023-03-08 03:00:00,-99.8,-99.8,-99.8,5.9,290.0,10.0,303.0,0.0,-99.8,-99.8,-99.8,-99.8,-99.8,-99.8,-99.8
2023-03-08 04:00:00,-99.8,-99.8,-99.8,3.0,321.0,7.7,291.0,0.0,-99.8,-99.8,-99.8,-99.8,-99.8,-99.8,-99.8
2023-03-08 05:00:00,-99.8,-99.8,-99.8,2.6,306.0,7.3,310.0,0.0,-99.8,-99.8,-99.8,-99.8,-99.8,-99.8,-99.8
2023-03-08 06:00:00,-99.8,-99.8,-99.8,4.2,297.0,7.1,298.0,0.0,-99.8,-99.8,-99.8,-99.8,-99.8,-99.8,-99.8
2023-03-08 07:00:00,1054.3,-99.8,-99.8,3.3,281.0,5.9,288.0,0.0,-99.8,-99.8,-99.8,-99.8,-99.8,-99.8,-99.8
2023-03-08 08:00:00,684.3,-99.8,-99.8,1.3,331.0,4.9,289.0,0.0,-99.8,-99.8,-99.8,-99.8,-99.8,-99.8,-99.8
2023-03-08 09:00:00,-99.8,-99.8,-99.8,1.4,262.0,3.4,357.0,0.0,-99.8,-99.8,-99.8,-99.8,-99.8,-99.8,-99.8
2023-03-08 10:00:00,1100.0,-99.8,-99.8,2.4,283.0,4.8,291.0,0.0,-99.8,-99.8,-99.8,-99.8,-99.8,-99.8,-99.8
2023-03-08 11:00:00,684.3,-99.8,-99.8,3.7,278.0,6.9,289.0,0.0,-99.8,-99.8,-99.8,-99.8,-99.8,-99.8,-99.8
2023-03-08 12:00:00,683.8,-99.8,-99.8,4.2,273.0,8.2,284.0,0.0,-99.8,-99.8,-99.8,-99.8,-99.8,-99.8,-99.8
2023-03-08 13:00:00,683.1,-99.8,-99.8,4.3,273.0,8.9,284.0,0.0,-99.8,-99.8,-99.8,-99.8,-99.8,-99.8,-99.8
2023-03-08 14:00:00,682.8,-99.8,-99.8,5.2,281.0,9.7,284.0,0.0,-99.8,-99.8,-99.8,-99.8,-99.8,-99.8,-99.8
2023-03-08 15:00:00,682.5,-99.8,-99.8,5.2,278.0,9.6,286.0,0.0,-99.8,-99.8,-99.8,-99.8,-99.8,-99.8,-99.8
2023-03-08 16:00:00,682.6,-99.8,-99.8,4.1,283.0,9.9,286.0,0.0,-99.8,-99.8,-99.8,-99.8,-99.8,-99.8,-99.8
2023-03-08 17:00:00,1001.6,-99.8,-99.8,3.5,278.0,6.7,252.0,0.0,-99.8,-99.8,-99.8,-99.8,-99.8,-99.8,-99.8
2023-03-08 18:00:00,-99.8,-99.8,-99.8,5.0,284.0,6.9,288.0,0.0,-99.8,-99.8,-99.8,-99.8,-99.8,-99.8,-99.8
2023-03-08 19:00:00,-99.8,-99.8,-99.8,4.8,292.0,6.9,287.0,0.0,-99.8,-99.8,-99.8,-99.8,-99.8,-99.8,-99.8
2023-03-08 20:00:00,-99.8,-99.8,-99.8,4.3,289.0,6.7,288.0,0.0,-99.8,-99.8,-99.8,-99.8,-99.8,-99.8,-99.8
2023-03-08 21:00:00,-99.8,-99.8,-99.8,4.6,284.0,7.2,288.0,0.0,-99.8,-99.8,-99.8,-99.8,-99.8,-99.8,-99.8
2023-03-08 22:00:00,-99.8,-99.8,-99.8,5.2,297.0,7.6,292.0,-999.6,-99.8,-99.8,-99.8,-99.8,-99.8,-99.8,-99.8
2023-03-08 23:00:00,-99.8,-99.8,-99.8,4.9,289.0,8.4,298.0,0.0,-99.8,-99.8,-99.8,-99.8,-99.8,-99.8,-99.8
2023-03-09 00:00:00,-99.8,-99.8,-99.8,5.3,287.0,7.6,288.0,0.0,-99.8,-99.8,-99.8,-99.8,-99.8,-99.8,-99.8
2023-03-09 01:00:00,-99.8,-99.8,-99.8,7.8,299.0,9.9,297.0,0.0,-99.8,-99.8,-99.8,-99.8,-99.8,-99.8,-99.8
2023-03-09 02:00:00,681.7,-99.8,-99.8,7.3,289.0,12.4,306.0,0.0,-99.8,-99.8,-99.8,-99.8,-99.8,-99.8,-99.8
2023-03-09 03:00:00,681.2,-99.8,-99.8,7.5,284.0,11.3,290.0,0.0,-99.8,-99.8,-99.8,-99.8,-99.8,-99.8,-99.8
2023-03-09 04:00:00,681.3,-99.8,-99.8,5.3,284.0,9.9,296.0,0.0,-99.8,-99.8,-99.8,-99.8,-99.8,-99.8,-99.8
2023-03-09 05:00:00,681.4,-99.8,-99.8,5.3,282.0,10.9,286.0,0.0,-99.8,-99.8,-99.8,-99.8,-99.8,-99.8,-99.8
2023-03-09 06:00:00,-99.8,-99.8,-99.8,5.0,283.0,8.2,285.0,0.0,-99.8,-99.8,-99.8,-99.8,-99.8,-99.8,-99.8
2023-03-09 07:00:00,-99.8,-99.8,-99.8,6.8,287.0,9.4,286.0,0.0,-99.8,-99.8,-99.8,-99.8,-99.8,-99.8,-99.8
2023-03-09 08:00:00,-99.8,-99.8,-99.8,7.2,287.0,13.7,277.0,0.0,-99.8,-99.8,-99.8,-99.8,-99.8,-99.8,-99.8
2023-03-09 09:00:00,682.6,-99.8,-99.8,6.1,284.0,12.1,287.0,0.0,-99.8,-99.8,-99.8,-99.8,-99.8,-99.8,-99.8
2023-03-09 10:00:00,682.5,-99.8,-99.8,6.0,280.0,10.2,290.0,0.0,-99.8,-99.8,-99.8,-99.8,-99.8,-99.8,-99.8
2023-03-09 11:00:00,682.4,-99.8,-99.8,4.5,278.0,9.8,289.0,0.0,-99.8,-99.8,-99.8,-99.8,-99.8,-99.8,-99.8
2023-03-09 12:00:00,682.3,-99.8,-99.8,4.8,278.0,8.4,277.0,0.0,-99.8,-99.8,-99.8,-99.8,-99.8,-99.8,-99.8
2023-03-09 13:00:00,682.0,-99.8,-99.8,5.0,268.0,10.0,285.0,0.0,-99.8,-99.8,-99.8,-99.8,-99.8,-99.8,-99.8
2023-03-09 14:00:00,1020.3,-99.8,-99.8,5.5,278.0,9.9,289.0,0.0,-99.8,-99.8,-99.8,-99.8,-99.8,-99.8,-99.8
2023-03-09 15:00:00,681.4,-99.8,-99.8,5.2,275.0,9.9,286.0,0.0,-99.8,-99.8,-99.8,-99.8,-99.8,-99.8,-99.8
2023-03-09 16:00:00,-99.8,-99.8,-99.8,4.9,277.0,9.5,257.0,0.0,-99.8,-99.8,-99.8,-99.8,-99.8,-99.8,-99.8
2023-03-09 17:00:00,-99.8,-99.8,-99.8,5.2,283.0,8.2,286.0,0.0,-99.8,-99.8,-99.8,-99.8,-99.8,-99.8,-99.8
2023-03-09 18:00:00,-99.8,-99.8,-99.8,6.2,284.0,9.1,289.0,0.0,-99.8,-99.8,-99.8,-99.8,-99.8,-99.8,-99.8
2023-03-09 19:00:00,682.0,-99.8,-99.8,4.4,275.0,8.1,292.0,0.0,-99.8,-99.8,-99.8,-99.8,-99.8,-99.8,-99.8
2023-03-09 20:00:00,682.3,-99.8,-99.8,5.1,279.0,9.5,282.0,0.0,-99.8,-99.8,-99.8,-99.8,-99.8,-99.8,-99.8
2023-03-09 21:00:00,682.6,-99.8,-99.8,6.2,297.0,9.0,295.0,0.0,-99.8,-99.8,-99.8,-99.8,-99.8,-99.8,-99.8
2023-03-09 22:00:00,1020.5,-99.8,-99.8,5.6,295.0,11.7,302.0,0.0,-99.8,-99.8,-99.8,-99.8,-99.8,-99.8,-99.8
2023-03-09 23:00:00,682.5,-99.8,-99.8,4.9,301.0,8.2,303.0,0.0,-99.8,-99.8,-99.8,-99.8,-99.8,-99.8,-99.8
2023-03-10 00:00:00,682.3,-99.8,-99.8,5.1,296.0,7.8,301.0,0.0,-99.8,-99.8,-99.8,-99.8,-99.8,-99.8,-99.8
2023-03-10 01:00:00,-99.8,-99.8,-99.8,2.4,307.0,6.9,298.0,0.0,-99.8,-99.8,-99.8,-99.8,-99.8,-99.8,-99.8
2023-03-10 02:00:00,1020.4,-99.8,-99.8,3.5,303.0,7.4,294.0,0.0,-99.8,-99.8,-99.8,-99.8,-99.8,-99.8,-99.8
2023-03-10 03:00:00,-99.8,-99.8,-99.8,3.7,298.0,7.2,309.0,0.0,-99.8,-99.8,-99.8,-99.8,-99.8,-99.8,-99.8
2023-03-10 04:00:00,-99.8,-99.8,-99.8,5.4,300.0,9.2,301.0,0.0,-99.8,-99.8,-99.8,-99.8,-99.8,-99.8,-99.8
2023-03-10 05:00:00,682.0,-99.8,-99.8,3.9,325.0,8.6,337.0,0.0,-99.8,-99.8,-99.8,-99.8,-99.8,-99.8,-99.8
2023-03-10 06:00:00,682.3,-99.8,-99.8,3.3,329.0,7.9,334.0,0.0,-99.8,-99.8,-99.8,-99.8,-99.8,-99.8,-99.8
2023-03-10 07:00:00,-99.8,-99.8,-99.8,3.6,34.0,6.9,354.0,0.0,-99.8,-99.8,-99.8,-99.8,-99.8,-99.8,-99.8
2023-03-10 08:00:00,683.5,-99.8,-99.8,2.0,80.0,7.3,348.0,0.0,-99.8,-99.8,-99.8,-99.8,-99.8,-99.8,-99.8
2023-03-10 09:00:00,683.9,-99.8,-99.8,3.7,9.0,7.6,343.0,0.0,-99.8,-99.8,-99.8,-99.8,-99.8,-99.8,-99.8
2023-03-10 10:00:00,684.2,-99.8,-99.8,1.3,267.0,7.6,325.0,0.0,-99.8,-99.8,-99.8,-99.8,-99.8,-99.8,-99.8
2023-03-10 11:00:00,-99.8,-99.8,-99.8,1.4,304.0,6.6,292.0,0.0,-99.8,-99.8,-99.8,-99.8,-99.8,-99.8,-99.8
2023-03-10 12:00:00,683.9,-99.8,-99.8,1.1,234.0,4.6,292.0,0.0,-99.8,-99.8,-99.8,-99.8,-99.8,-99.8,-99.8
2023-03-10 13:00:00,-99.8,-99.8,-99.8,2.0,274.0,5.2,298.0,0.0,-99.8,-99.8,-99.8,-99.8,-99.8,-99.8,-99.8
2023-03-10 14:00:00,-99.8,-99.8,-99.8,2.9,270.0,6.9,289.0,0.0,-99.8,-99.8,-99.8,-99.8,-99.8,-99.8,-99.8
2023-03-10 15:00:00,1021.4,-99.8,-99.8,2.7,252.0,7.4,267.0,0.0,-99.8,-99.8,-99.8,-99.8,-99.8,-99.8,-99.8
2023-03-10 16:00:00,-99.8,-99.8,-99.8,4.0,277.0,7.9,299.0,0.0,-99.8,-99.8,-99.8,-99.8,-99.8,-99.8,-99.8
2023-03-10 17:00:00,-99.8,-99.8,-99.8,2.1,280.0,6.8,295.0,0.0,-99.8,-99.8,-99.8,-99.8,-99.8,-99.8,-99.8
2023-03-10 18:00:00,1020.9,-99.8,-99.8,4.6,115.0,5.6,113.0,0.0,-99.8,-99.8,-99.8,-99.8,-99.8,-99.8,-99.8
2023-03-10 19:00:00,-99.8,-99.8,-99.8,1.5,94.0,5.9,110.0,0.0,-99.8,-99.8,-99.8,-99.8,-99.8,-99.8,-99.8
2023-03-10 20:00:00,-99.8,-99.8,-99.8,1.1,28.0,3.1,110.0,0.0,-99.8,-99.8,-99.8,-99.8,-99.8,-99.8,-99.8
2023-03-10 21:00:00,539.3,-99.8,-99.8,1.4,77.0,4.0,349.0,0.0,-99.8,-99.8,-99.8,-99.8,-99.8,-99.8,-99.8
2023-03-10 22:00:00,-99.8,-99.8,-99.8,2.3,266.0,4.1,89.0,0.0,-99.8,-99.8,-99.8,-99.8,-99.8,-99.8,-99.8
2023-03-10 23:00:00,-99.8,-99.8,-99.8,0.6,298.0,3.0,125.0,0.0,-99.8,-99.8,-99.8,-99.8,-99.8,-99.8,-99.8
2023-03-11 00:00:00,-99.8,-99.8,-99.8,1.1,284.0,3.8,325.0,0.0,-99.8,-99.8,-99.8,-99.8,-99.8,-99.8,-99.8
2023-03-11 01:00:00,-99.8,-99.8,-99.8,1.4,274.0,3.2,287.0,0.0,-99.8,-99.8,-99.8,-99.8,-99.8,-99.8,-99.8
2023-03-11 02:00:00,1100.0,-99.8,-99.8,1.8,277.0,3.0,270.0,0.0,-99.8,-99.8,-99.8,-99.8,-99.8,-99.8,-99.8
2023-03-11 03:00:00,-99.8,-99.8,-99.8,0.7,248.0,3.7,288.0,0.0,-99.8,-99.8,-99.8,-99.8,-99.8,-99.8,-99.8
2023-03-11 04:00:00,-99.8,-99.8,-99.8,1.9,262.0,4.1,289.0,0.0,-99.8,-99.8,-99.8,-99.8,-99.8,-99.8,-99.8
2023-03-11 05:00:00,-99.8,-99.8,-99.8,2.3,283.0,3.5,264.0,0.0,-99.8,-99.8,-99.8,-99.8,-99.8,-99.8,-99.8
2023-03-11 06:00:00,-99.8,-99.8,-99.8,2.3,288.0,4.2,285.0,0.0,-99.8,-99.8,-99.8,-99.8,-99.8,-99.8,-99.8
2023-03-11 07:00:00,683.5,-99.8,-99.8,1.2,256.0,4.0,253.0,0.0,-99.8,-99.8,-99.8,-99.8,-99.8,-99.8,-99.8
2023-03-11 08:00:00,684.0,-99.8,-99.8,2.9,261.0,4.7,279.0,0.0,-99.8,-99.8,-99.8,-99.8,-99.8,-99.8,-99.8
2023-03-11 09:00:00,684.4,-99.8,-99.8,2.7,266.0,5.3,258.0,0.0,-99.8,-99.8,-99.8,-99.8,-99.8,-99.8,-99.8
2023-03-11 10:00:00,684.5,-99.8,-99.8,3.4,285.0,6.2,288.0,0.0,-99.8,-99.8,-99.8,-99.8,-99.8,-99.8,-99.8
2023-03-11 11:00:00,684.4,-99.8,-99.8,4.1,280.0,6.5,285.0,0.0,-99.8,-99.8,-99.8,-99.8,-99.8,-99.8,-99.8
2023-03-11 12:00:00,534.0,-99.8,-99.8,4.6,278.0,8.6,289.0,0.0,-99.8,-99.8,-99.8,-99.8,-99.8,-99.8,-99.8
2023-03-11 13:00:00,1011.8,-99.8,-99.8,4.9,276.0,8.1,279.0,0.0,-99.8,-99.8,-99.8,-99.8,-99.8,-99.8,-99.8
2023-03-11 14:00:00,683.3,-99.8,-99.8,5.2,279.0,9.8,285.0,0.0,-99.8,-99.8,-99.8,-99.8,-99.8,-99.8,-99.8
2023-03-11 15:00:00,683.1,-99.8,-99.8,5.8,284.0,9.6,286.0,0.0,-99.8,-99.8,-99.8,-99.8,-99.8,-99.8,-99.8
2023-03-11 16:00:00,683.2,-99.8,-99.8,4.0,283.0,10.3,288.0,0.0,-99.8,-99.8,-99.8,-99.8,-99.8,-99.8,-99.8
2023-03-11 17:00:00,683.2,-99.8,-99.8,2.8,282.0,7.5,288.0,0.0,-99.8,-99.8,-99.8,-99.8,-99.8,-99.8,-99.8
2023-03-11 18:00:00,683.2,-99.8,-99.8,1.3,262.0,5.4,283.0,0.0,-99.8,-99.8,-99.8,-99.8,-99.8,-99.8,-99.8
2023-03-11 19:00:00,683.2,-99.8,-99.8,0.7,233.0,3.1,263.0,0.0,-99.8,-99.8,-99.8,-99.8,-99.8,-99.8,-99.8
2023-03-11 20:00:00,683.6,-99.8,-99.8,4.0,287.0,5.6,287.0,0.0,-99.8,-99.8,-99.8,-99.8,-99.8,-99.8,-99.8
2023-03-11 21:00:00,683.8,-99.8,-99.8,3.9,294.0,4.8,281.0,0.0,-99.8,-99.8,-99.8,-99.8,-99.8,-99.8,-99.8
2023-03-11 22:00:00,684.1,-99.8,-99.8,4.2,301.0,5.7,295.0,0.0,-99.8,-99.8,-99.8,-99.8,-99.8,-99.8,-99.8
2023-03-11 23:00:00,684.0,-99.8,-99.8,2.9,301.0,5.3,306.0,0.0,-99.8,-99.8,-99.8,-99.8,-99.8,-99.8,-99.8
2023-03-12 00:00:00,683.7,-99.8,-99.8,4.6,291.0,6.3,288.0,0.0,-99.8,-99.8,-99.8,-99.8,-99.8,-99.8,-99.8
2023-03-12 01:00:00,683.1,-99.8,-99.8,4.7,288.0,7.7,290.0,0.0,-99.8,-99.8,-99.8,-99.8,-99.8,-99.8,-99.8
2023-03-12 02:00:00,682.7,-99.8,-99.8,5.6,283.0,7.9,283.0,0.0,-99.8,-99.8,-99.8,-99.8,-99.8,-99.8,-99.8
2023-03-12 03:00:00,682.3,-99.8,-99.8,5.1,279.0,9.4,304.0,0.0,-99.8,-99.8,-99.8,-99.8,-99.8,-99.8,-99.8
2023-03-12 04:00:00,682.1,-99.8,-99.8,5.1,285.0,9.2,285.0,0.0,-99.8,-99.8,-99.8,-99.8,-99.8,-99.8,-99.8
2023-03-12 05:00:00,682.4,-99.8,-99.8,5.9,289.0,7.7,292.0,0.0,-99.8,-99.8,-99.8,-99.8,-99.8,-99.8,-99.8
2023-03-12 06:00:00,682.6,-99.8,-99.8,4.3,283.0,7.3,290.0,0.0,-99.8,-99.8,-99.8,-99.8,-99.8,-99.8,-99.8
2023-03-12 07:00:00,683.0,-99.8,-99.8,4.4,306.0,7.9,295.0,0.0,-99.8,-99.8,-99.8,-99.8,-99.8,-99.8,-99.8
2023-03-12 08:00:00,683.5,-99.8,-99.8,1.9,330.0,7.9,299.0,0.0,-99.8,-99.8,-99.8,-99.8,-99.8,-99.8,-99.8
2023-03-12 09:00:00,683.8,-99.8,-99.8,0.3,350.0,4.7,354.0,0.0,-99.8,-99.8,-99.8,-99.8,-99.8,-99.8,-99.8
2023-03-12 10:00:00,683.8,-99.8,-99.8,1.9,278.0,3.2,284.0,0.0,-99.8,-99.8,-99.8,-99.8,-99.8,-99.8,-99.8
2023-03-12 11:00:00,683.7,-99.8,-99.8,2.3,274.0,4.6,258.0,0.0,-99.8,-99.8,-99.8,-99.8,-99.8,-99.8,-99.8
2023-03-12 12:00:00,683.4,-99.8,-99.8,3.4,277.0,7.5,287.0,0.0,-99.8,-99.8,-99.8,-99.8,-99.8,-99.8,-99.8
2023-03-12 13:00:00,682.9,-99.8,-99.8,3.9,276.0,7.5,257.0,0.0,-99.8,-99.8,-99.8,-99.8,-99.8,-99.8,-99.8
2023-03-12 14:00:00,682.7,-99.8,-99.8,5.1,276.0,9.6,284.0,0.0,-99.8,-99.8,-99.8,-99.8,-99.8,-99.8,-99.8
2023-03-12 15:00:00,682.4,-99.8,-99.8,4.6,276.0,8.2,286.0,0.0,-99.8,-99.8,-99.8,-99.8,-99.8,-99.8,-99.8
2023-03-12 16:00:00,682.4,-99.8,-99.8,3.7,281.0,7.5,284.0,0.0,-99.8,-99.8,-99.8,-99.8,-99.8,-99.8,-99.8
2023-03-12 17:00:00,682.5,-99.8,-99.8,5.1,292.0,7.2,289.0,0.0,-99.8,-99.8,-99.8,-99.8,-99.8,-99.8,-99.8
2023-03-12 18:00:00,682.9,-99.8,-99.8,3.9,302.0,6.9,260.0,0.0,-99.8,-99.8,-99.8,-99.8,-99.8,-99.8,-99.8
2023-03-12 19:00:00,683.4,-99.8,-99.8,1.5,355.0,5.1,293.0,0.0,-99.8,-99.8,-99.8,-99.8,-99.8,-99.8,-99.8
2023-03-12 20:00:00,683.6,-99.8,-99.8,2.6,112.0,4.0,125.0,0.0,-99.8,-99.8,-99.8,-99.8,-99.8,-99.8,-99.8
2023-03-12 21:00:00,683.7,-99.8,-99.8,3.1,115.0,4.1,122.0,0.0,-99.8,-99.8,-99.8,-99.8,-99.8,-99.8,-99.8
2023-03-12 22:00:00,683.6,-99.8,-99.8,3.7,116.0,5.3,115.0,0.0,-99.8,-99.8,-99.8,-99.8,-99.8,-99.8,-99.8
2023-03-12 23:00:00,683.6,-99.8,-99.8,2.1,117.0,5.5,112.0,0.0,-99.8,-99.8,-99.8,-99.8,-99.8,-99.8,-99.8
2023-03-13 00:00:00,683.4,-99.8,-99.8,0.8,233.0,3.4,103.0,0.0,-99.8,-99.8,-99.8,-99.8,-99.8,-99.8,-99.8
2023-03-13 01:00:00,682.9,-99.8,-99.8,1.9,265.0,3.3,287.0,0.0,-99.8,-99.8,-99.8,-99.8,-99.8,-99.8,-99.8
2023-03-13 02:00:00,682.5,-99.8,-99.8,2.4,285.0,3.8,289.0,0.0,-99.8,-99.8,-99.8,-99.8,-99.8,-99.8,-99.8
2023-03-13 03:00:00,681.8,-99.8,-99.8,2.1,255.0,4.4,260.0,0.0,-99.8,-99.8,-99.8,-99.8,-99.8,-99.8,-99.8
2023-03-13 04:00:00,681.6,-99.8,-99.8,2.7,272.0,4.7,274.0,0.0,-99.8,-99.8,-99.8,-99.8,-99.8,-99.8,-99.8
2023-03-13 05:00:00,681.3,-99.8,-99.8,3.7,283.0,5.9,295.0,0.0,-99.8,-99.8,-99.8,-99.8,-99.8,-99.8,-99.8
2023-03-13 06:00:00,681.4,-99.8,-99.8,4.4,279.0,7.1,261.0,0.0,-99.8,-99.8,-99.8,-99.8,-99.8,-99.8,-99.8
2023-03-13 07:00:00,681.6,-99.8,-99.8,6.1,280.0,10.9,254.0,0.0,-99.8,-99.8,-99.8,-99.8,-99.8,-99.8,-99.8
2023-03-13 08:00:00,681.9,-99.8,-99.8,4.2,273.0,10.3,285.0,-999.6,-99.8,-99.8,-99.8,-99.8,-99.8,-99.8,-99.8
2023-03-13 09:00:00,682.0,-99.8,-99.8,5.4,275.0,8.6,257.0,0.0,-99.8,-99.8,-99.8,-99.8,-99.8,-99.8,-99.8
2023-03-13 10:00:00,681.8,-99.8,-99.8,5.9,275.0,10.0,277.0,0.0,-99.8,-99.8,-99.8,-99.8,-99.8,-99.8,-99.8
2023-03-13 11:00:00,681.5,-99.8,-99.8,6.2,270.0,10.9,269.0,0.0,-99.8,-99.8,-99.8,-99.8,-99.8,-99.8,-99.8
2023-03-13 12:00:00,680.7,-99.8,-99.8,6.6,269.0,12.6,258.0,0.0,-99.8,-99.8,-99.8,-99.8,-99.8,-99.8,-99.8
2023-03-13 13:00:00,680.1,-99.8,-99.8,7.6,271.0,13.3,270.0,0.0,-99.8,-99.8,-99.8,-99.8,-99.8,-99.8,-99.8
2023-03-13 14:00:00,679.6,-99.8,-99.8,7.2,275.0,13.2,288.0,0.0,-99.8,-99.8,-99.8,-99.8,-99.8,-99.8,-99.8
2023-03-13 15:00:00,679.7,-99.8,-99.8,7.8,270.0,15.1,286.0,0.0,-99.8,-99.8,-99.8,-99.8,-99.8,-99.8,-99.8
2023-03-13 16:00:00,679.2,-99.8,-99.8,7.0,274.0,14.5,267.0,0.0,-99.8,-99.8,-99.8,-99.8,-99.8,-99.8,-99.8
2023-03-13 17:00:00,679.2,-99.8,-99.8,6.5,269.0,13.8,279.0,0.0,-99.8,-99.8,-99.8,-99.8,-99.8,-99.8,-99.8
2023-03-13 18:00:00,679.5,-99.8,-99.8,7.2,268.0,15.4,289.0,0.0,-99.8,-99.8,-99.8,-99.8,-99.8,-99.8,-99.8
2023-03-13 19:00:00,679.5,-99.8,-99.8,-99.8,-99.8,14.9,263.0,0.0,-99.8,-99.8,-99.8,-99.8,-99.8,-99.8,-99.8
2023-03-13 20:00:00,679.6,-99.8,-99.8,-99.8,-99.8,0.0,0.0,0.0,-99.8,-99.8,-99.8,-99.8,-99.8,-99.8,-99.8
2023-03-13 21:00:00,679.5,-99.8,-99.8,-99.8,-99.8,0.0,0.0,0.0,-99.8,-99.8,-99.8,-99.8,-99.8,-99.8,-99.8
2023-03-13 22:00:00,679.4,-99.8,-99.8,-99.8,-99.8,0.0,0.0,0.0,-99.8,-99.8,-99.8,-99.8,-99.8,-99.8,-99.8
2023-03-13 23:00:00,679.1,-99.8,-99.8,-99.8,-99.8,0.0,0.0,0.0,-99.8,-99.8,-99.8,-99.8,-99.8,-99.8,-99.8
2023-03-14 00:00:00,678.7,-99.8,-99.8,-99.8,-99.8,0.0,0.0,0.0,-99.8,-99.8,-99.8,-99.8,-99.8,-99.8,-99.8
2023-03-14 01:00:00,678.3,-99.8,-99.8,-99.8,-99.8,0.0,0.0,0.0,-99.8,-99.8,-99.8,-99.8,-99.8,-99.8,-99.8
2023-03-14 02:00:00,678.0,-99.8,-99.8,-99.8,-99.8,0.0,0.0,0.0,-99.8,-99.8,-99.8,-99.8,-99.8,-99.8,-99.8
2023-03-14 03:00:00,677.8,-99.8,-99.8,-99.8,-99.8,0.0,0.0,0.0,-99.8,-99.8,-99.8,-99.8,-99.8,-99.8,-99.8
2023-03-14 04:00:00,677.9,-99.8,-99.8,-99.8,-99.8,0.0,0.0,0.0,-99.8,-99.8,-99.8,-99.8,-99.8,-99.8,-99.8
2023-03-14 05:00:00,678.0,-99.8,-99.8,-99.8,-99.8,0.0,0.0,0.0,-99.8,-99.8,-99.8,-99.8,-99.8,-99.8,-99.8
2023-03-14 06:00:00,678.2,-99.8,-99.8,-99.8,-99.8,0.0,0.0,0.0,-99.8,-99.8,-99.8,-99.8,-99.8,-99.8,-99.8
2023-03-14 07:00:00,678.7,-99.8,-99.8,-99.8,-99.8,0.0,0.0,0.0,-99.8,-99.8,-99.8,-99.8,-99.8,-99.8,-99.8
2023-03-14 08:00:00,679.0,-99.8,-99.8,-99.8,-99.8,0.0,0.0,0.0,-99.8,-99.8,-99.8,-99.8,-99.8,-99.8,-99.8
2023-03-14 09:00:00,679.3,-99.8,-99.8,-99.8,-99.8,0.0,0.0,0.0,-99.8,-99.8,-99.8,-99.8,-99.8,-99.8,-99.8
2023-03-14 10:00:00,679.6,-99.8,-99.8,-99.8,-99.8,0.0,0.0,0.0,-99.8,-99.8,-99.8,-99.8,-99.8,-99.8,-99.8
2023-03-14 11:00:00,679.4,-99.8,-99.8,-99.8,-99.8,0.0,0.0,0.0,-99.8,-99.8,-99.8,-99.8,-99.8,-99.8,-99.8
2023-03-14 12:00:00,679.2,-99.8,-99.8,-99.8,-99.8,0.0,0.0,0.0,-99.8,-99.8,-99.8,-99.8,-99.8,-99.8,-99.8
2023-03-14 13:00:00,678.9,-99.8,-99.8,-99.8,-99.8,0.0,0.0,0.5,-99.8,-99.8,-99.8,-99.8,-99.8,-99.8,-99.8
2023-03-14 14:00:00,678.7,-99.8,-99.8,-99.8,-99.8,0.0,0.0,0.0,-99.8,-99.8,-99.8,-99.8,-99.8,-99.8,-99.8
2023-03-14 15:00:00,678.4,-99.8,-99.8,-99.8,-99.8,0.0,0.0,0.0,-99.8,-99.8,-99.8,-99.8,-99.8,-99.8,-99.8
2023-03-14 16:00:00,678.7,-99.8,-99.8,-99.8,-99.8,3.9,295.0,0.0,-99.8,-99.8,-99.8,-99.8,-99.8,-99.8,-99.8
2023-03-14 17:00:00,679.2,-99.8,-99.8,-99.8,-99.8,0.0,0.0,0.0,-99.8,-99.8,-99.8,-99.8,-99.8,-99.8,-99.8
2023-03-14 18:00:00,679.6,-99.8,-99.8,-99.8,-99.8,0.0,0.0,0.0,-99.8,-99.8,-99.8,-99.8,-99.8,-99.8,-99.8
2023-03-14 19:00:00,680.1,-99.8,-99.8,-99.8,-99.8,0.0,0.0,0.0,-99.8,-99.8,-99.8,-99.8,-99.8,-99.8,-99.8
2023-03-14 20:00:00,680.4,-99.8,-99.8,-99.8,-99.8,0.0,0.0,0.0,-99.8,-99.8,-99.8,-99.8,-99.8,-99.8,-99.8
2023-03-14 21:00:00,681.0,-99.8,-99.8,-99.8,-99.8,0.0,0.0,0.0,-99.8,-99.8,-99.8,-99.8,-99.8,-99.8,-99.8
2023-03-14 22:00:00,681.1,-99.8,-99.8,-99.8,-99.8,0.0,0.0,0.0,-99.8,-99.8,-99.8,-99.8,-99.8,-99.8,-99.8
2023-03-14 23:00:00,681.1,-99.8,-99.8,-99.8,-99.8,0.0,0.0,0.0,-99.8,-99.8,-99.8,-99.8,-99.8,-99.8,-99.8
2023-03-15 00:00:00,681.2,-99.8,-99.8,-99.8,-99.8,0.0,0.0,0.0,-99.8,-99.8,-99.8,-99.8,-99.8,-99.8,-99.8
2023-03-15 01:00:00,680.8,-99.8,-99.8,-99.8,-99.8,0.0,0.0,0.0,-99.8,-99.8,-99.8,-99.8,-99.8,-99.8,-99.8
2023-03-15 02:00:00,680.3,-99.8,-99.8,-99.8,-99.8,0.0,0.0,0.0,-99.8,-99.8,-99.8,-99.8,-99.8,-99.8,-99.8
2023-03-15 03:00:00,679.9,-99.8,-99.8,7.6,284.0,11.8,288.0,0.0,-99.8,-99.8,-99.8,-99.8,-99.8,-99.8,-99.8
2023-03-15 04:00:00,679.9,-99.8,-99.8,7.3,287.0,13.5,284.0,0.0,-99.8,-99.8,-99.8,-99.8,-99.8,-99.8,-99.8
2023-03-15 05:00:00,680.1,-99.8,-99.8,9.0,290.0,12.9,285.0,0.0,-99.8,-99.8,-99.8,-99.8,-99.8,-99.8,-99.8
2023-03-15 06:00:00,680.4,-99.8,-99.8,7.3,283.0,12.8,288.0,0.0,-99.8,-99.8,-99.8,-99.8,-99.8,-99.8,-99.8
2023-03-15 07:00:00,681.5,-99.8,-99.8,7.8,285.0,12.6,283.0,0.0,-99.8,-99.8,-99.8,-99.8,-99.8,-99.8,-99.8
2023-03-15 08:00:00,682.2,-99.8,-99.8,9.6,310.0,12.4,293.0,0.0,-99.8,-99.8,-99.8,-99.8,-99.8,-99.8,-99.8
2023-03-15 09:00:00,683.3,-99.8,-99.8,6.7,294.0,13.8,289.0,0.0,-99.8,-99.8,-99.8,-99.8,-99.8,-99.8,-99.8
2023-03-15 10:00:00,683.5,-99.8,-99.8,6.9,297.0,10.9,293.0,0.0,-99.8,-99.8,-99.8,-99.8,-99.8,-99.8,-99.8
2023-03-15 11:00:00,683.6,-99.8,-99.8,4.7,287.0,8.6,289.0,0.0,-99.8,-99.8,-99.8,-99.8,-99.8,-99.8,-99.8
2023-03-15 12:00:00,683.5,-99.8,-99.8,4.2,276.0,8.3,283.0,0.0,-99.8,-99.8,-99.8,-99.8,-99.8,-99.8,-99.8
2023-03-15 13:00:00,683.1,-99.8,-99.8,4.7,276.0,8.4,283.0,0.0,-99.8,-99.8,-99.8,-99.8,-99.8,-99.8,-99.8
2023-03-15 14:00:00,682.8,-99.8,-99.8,4.6,272.0,8.9,276.0,0.0,-99.8,-99.8,-99.8,-99.8,-99.8,-99.8,-99.8
2023-03-15 15:00:00,682.5,-99.8,-99.8,5.5,280.0,10.1,286.0,0.0,-99.8,-99.8,-99.8,-99.8,-99.8,-99.8,-99.8
2023-03-15 16:00:00,682.7,-99.8,-99.8,5.9,279.0,9.6,282.0,0.0,-99.8,-99.8,-99.8,-99.8,-99.8,-99.8,-99.8
2023-03-15 17:00:00,683.2,-99.8,-99.8,4.7,278.0,8.9,290.0,0.0,-99.8,-99.8,-99.8,-99.8,-99.8,-99.8,-99.8
2023-03-15 18:00:00,683.4,-99.8,-99.8,6.0,284.0,8.8,284.0,0.0,-99.8,-99.8,-99.8,-99.8,-99.8,-99.8,-99.8
2023-03-15 19:00:00,683.7,-99.8,-99.8,7.4,285.0,10.6,289.0,0.0,-99.8,-99.8,-99.8,-99.8,-99.8,-99.8,-99.8
2023-03-15 20:00:00,684.4,-99.8,-99.8,4.4,278.0,11.2,301.0,0.0,-99.8,-99.8,-99.8,-99.8,-99.8,-99.8,-99.8
2023-03-15 21:00:00,684.7,-99.8,-99.8,6.0,290.0,9.9,307.0,0.0,-99.8,-99.8,-99.8,-99.8,-99.8,-99.8,-99.8
2023-03-15 22:00:00,684.7,-99.8,-99.8,7.7,303.0,10.1,301.0,0.0,-99.8,-99.8,-99.8,-99.8,-99.8,-99.8,-99.8
2023-03-15 23:00:00,684.6,-99.8,-99.8,6.6,287.0,10.7,300.0,0.0,-99.8,-99.8,-99.8,-99.8,-99.8,-99.8,-99.8
2023-03-16 00:00:00,684.4,-99.8,-99.8,7.5,294.0,11.1,300.0,0.0,-99.8,-99.8,-99.8,-99.8,-99.8,-99.8,-99.8
2023-03-16 01:00:00,684.0,-99.8,-99.8,7.7,295.0,12.2,299.0,0.0,-99.8,-99.8,-99.8,-99.8,-99.8,-99.8,-99.8
2023-03-16 02:00:00,683.6,-99.8,-99.8,8.5,288.0,12.8,296.0,0.0,-99.8,-99.8,-99.8,-99.8,-99.8,-99.8,-99.8
2023-03-16 03:00:00,-99.8,-99.8,-99.8,7.4,290.0,12.3,302.0,0.0,-99.8,-99.8,-99.8,-99.8,-99.8,-99.8,-99.8
2023-03-16 04:00:00,683.3,-99.8,-99.8,8.2,297.0,11.8,306.0,0.0,-99.8,-99.8,-99.8,-99.8,-99.8,-99.8,-99.8
2023-03-16 05:00:00,683.8,-99.8,-99.8,6.2,290.0,11.5,302.0,0.0,-99.8,-99.8,-99.8,-99.8,-99.8,-99.8,-99.8
2023-03-16 06:00:00,684.3,-99.8,-99.8,4.8,279.0,9.3,315.0,0.0,-99.8,-99.8,-99.8,-99.8,-99.8,-99.8,-99.8
2023-03-16 07:00:00,685.0,-99.8,-99.8,2.9,275.0,7.3,290.0,0.0,-99.8,-99.8,-99.8,-99.8,-99.8,-99.8,-99.8
2023-03-16 08:00:00,685.6,-99.8,-99.8,2.1,253.0,4.4,273.0,0.0,-99.8,-99.8,-99.8,-99.8,-99.8,-99.8,-99.8
2023-03-16 09:00:00,686.0,-99.8,-99.8,2.9,271.0,4.8,261.0,0.0,-99.8,-99.8,-99.8,-99.8,-99.8,-99.8,-99.8
2023-03-16 10:00:00,685.9,-99.8,-99.8,4.2,275.0,8.0,287.0,0.0,-99.8,-99.8,-99.8,-99.8,-99.8,-99.8,-99.8
2023-03-16 11:00:00,-99.8,-99.8,-99.8,4.6,277.0,8.7,279.0,0.0,-99.8,-99.8,-99.8,-99.8,-99.8,-99.8,-99.8
2023-03-16 12:00:00,685.6,-99.8,-99.8,4.8,269.0,9.1,287.0,0.0,-99.8,-99.8,-99.8,-99.8,-99.8,-99.8,-99.8
2023-03-16 13:00:00,685.1,-99.8,-99.8,4.7,268.0,8.9,273.0,0.0,-99.8,-99.8,-99.8,-99.8,-99.8,-99.8,-99.8
2023-03-16 14:00:00,684.6,-99.8,-99.8,4.9,273.0,8.4,250.0,0.0,-99.8,-99.8,-99.8,-99.8,-99.8,-99.8,-99.8
2023-03-16 15:00:00,684.4,-99.8,-99.8,4.4,274.0,8.4,265.0,0.0,-99.8,-99.8,-99.8,-99.8,-99.8,-99.8,-99.8
2023-03-16 16:00:00,1019.7,-99.8,-99.8,4.3,273.0,8.0,284.0,0.0,-99.8,-99.8,-99.8,-99.8,-99.8,-99.8,-99.8
2023-03-16 17:00:00,1021.0,-99.8,-99.8,3.9,273.0,7.7,286.0,0.0,-99.8,-99.8,-99.8,-99.8,-99.8,-99.8,-99.8
2023-03-16 18:00:00,-99.8,-99.8,-99.8,1.9,295.0,6.8,261.0,0.0,-99.8,-99.8,-99.8,-99.8,-99.8,-99.8,-99.8
2023-03-16 19:00:00,-99.8,-99.8,-99.8,1.8,235.0,4.7,249.0,0.0,-99.8,-99.8,-99.8,-99.8,-99.8,-99.8,-99.8
2023-03-16 20:00:00,539.2,-99.8,-99.8,1.3,265.0,4.4,241.0,0.0,-99.8,-99.8,-99.8,-99.8,-99.8,-99.8,-99.8
2023-03-16 21:00:00,-99.8,-99.8,-99.8,1.9,247.0,3.6,241.0,0.0,-99.8,-99.8,-99.8,-99.8,-99.8,-99.8,-99.8
2023-03-16 22:00:00,-99.8,-99.8,-99.8,3.1,267.0,5.3,252.0,0.0,-99.8,-99.8,-99.8,-99.8,-99.8,-99.8,-99.8
2023-03-16 23:00:00,685.5,-99.8,-99.8,4.0,278.0,6.3,251.0,0.0,-99.8,-99.8,-99.8,-99.8,-99.8,-99.8,-99.8
2023-03-17 00:00:00,685.5,-99.8,-99.8,3.0,267.0,6.2,253.0,0.0,-99.8,-99.8,-99.8,-99.8,-99.8,-99.8,-99.8
2023-03-17 01:00:00,685.1,-99.8,-99.8,3.9,258.0,6.6,250.0,0.0,-99.8,-99.8,-99.8,-99.8,-99.8,-99.8,-99.8
2023-03-17 02:00:00,684.5,-99.8,-99.8,4.3,261.0,7.7,259.0,0.0,-99.8,-99.8,-99.8,-99.8,-99.8,-99.8,-99.8
2023-03-17 03:00:00,683.9,-99.8,-99.8,4.0,270.0,7.7,252.0,0.0,-99.8,-99.8,-99.8,-99.8,-99.8,-99.8,-99.8
2023-03-17 04:00:00,683.4,-99.8,-99.8,4.6,270.0,8.6,287.0,0.0,-99.8,-99.8,-99.8,-99.8,-99.8,-99.8,-99.8
2023-03-17 05:00:00,683.3,-99.8,-99.8,4.3,277.0,8.5,287.0,0.0,-99.8,-99.8,-99.8,-99.8,-99.8,-99.8,-99.8
2023-03-17 06:00:00,683.7,-99.8,-99.8,4.5,278.0,8.5,263.0,0.0,-99.8,-99.8,-99.8,-99.8,-99.8,-99.8,-99.8
2023-03-17 07:00:00,684.2,-99.8,-99.8,5.1,270.0,9.9,258.0,0.0,-99.8,-99.8,-99.8,-99.8,-99.8,-99.8,-99.8
2023-03-17 08:00:00,684.4,-99.8,-99.8,4.8,269.0,8.8,254.0,0.0,-99.8,-99.8,-99.8,-99.8,-99.8,-99.8,-99.8
2023-03-17 09:00:00,684.5,-99.8,-99.8,4.5,279.0,8.3,292.0,0.0,-99.8,-99.8,-99.8,-99.8,-99.8,-99.8,-99.8
2023-03-17 10:00:00,684.6,-99.8,-99.8,5.4,274.0,10.6,285.0,0.0,-99.8,-99.8,-99.8,-99.8,-99.8,-99.8,-99.8
2023-03-17 11:00:00,684.3,-99.8,-99.8,5.8,274.0,10.2,290.0,0.0,-99.8,-99.8,-99.8,-99.8,-99.8,-99.8,-99.8
2023-03-17 12:00:00,683.6,-99.8,-99.8,6.2,269.0,12.2,264.0,0.0,-99.8,-99.8,-99.8,-99.8,-99.8,-99.8,-99.8
2023-03-17 13:00:00,682.9,-99.8,-99.8,6.4,273.0,12.0,283.0,0.0,-99.8,-99.8,-99.8,-99.8,-99.8,-99.8,-99.8
2023-03-17 14:00:00,682.5,-99.8,-99.8,6.3,276.0,11.6,285.0,0.0,-99.8,-99.8,-99.8,-99.8,-99.8,-99.8,-99.8
2023-03-17 15:00:00,682.3,-99.8,-99.8,6.6,272.0,13.8,283.0,0.0,-99.8,-99.8,-99.8,-99.8,-99.8,-99.8,-99.8
2023-03-17 16:00:00,682.6,-99.8,-99.8,6.0,273.0,11.9,286.0,0.0,-99.8,-99.8,-99.8,-99.8,-99.8,-99.8,-99.8
2023-03-17 17:00:00,682.7,-99.8,-99.8,5.5,275.0,10.4,286.0,0.0,-99.8,-99.8,-99.8,-99.8,-99.8,-99.8,-99.8
2023-03-17 18:00:00,682.8,-99.8,-99.8,6.2,282.0,10.3,287.0,0.0,-99.8,-99.8,-99.8,-99.8,-99.8,-99.8,-99.8
2023-03-17 19:00:00,683.1,-99.8,-99.8,6.4,286.0,9.3,287.0,0.0,-99.8,-99.8,-99.8,-99.8,-99.8,-99.8,-99.8
2023-03-17 20:00:00,683.6,-99.8,-99.8,7.1,290.0,10.5,285.0,0.0,-99.8,-99.8,-99.8,-99.8,-99.8,-99.8,-99.8
2023-03-17 21:00:00,683.8,-99.8,-99.8,7.4,291.0,11.0,294.0,0.0,-99.8,-99.8,-99.8,-99.8,-99.8,-99.8,-99.8
2023-03-17 22:00:00,684.0,-99.8,-99.8,7.0,298.0,12.8,298.0,0.0,-99.8,-99.8,-99.8,-99.8,-99.8,-99.8,-99.8
2023-03-17 23:00:00,683.9,-99.8,-99.8,7.0,293.0,11.7,301.0,0.0,-99.8,-99.8,-99.8,-99.8,-99.8,-99.8,-99.8
2023-03-18 00:00:00,683.6,-99.8,-99.8,6.4,280.0,12.1,291.0,0.0,-99.8,-99.8,-99.8,-99.8,-99.8,-99.8,-99.8
2023-03-18 01:00:00,683.3,-99.8,-99.8,5.4,277.0,11.0,284.0,0.0,-99.8,-99.8,-99.8,-99.8,-99.8,-99.8,-99.8
2023-03-18 02:00:00,682.8,-99.8,-99.8,6.4,286.0,12.5,288.0,0.0,-99.8,-99.8,-99.8,-99.8,-99.8,-99.8,-99.8
2023-03-18 03:00:00,682.3,-99.8,-99.8,5.7,281.0,12.3,288.0,0.0,-99.8,-99.8,-99.8,-99.8,-99.8,-99.8,-99.8
2023-03-18 04:00:00,682.3,-99.8,-99.8,5.3,274.0,9.7,259.0,0.0,-99.8,-99.8,-99.8,-99.8,-99.8,-99.8,-99.8
2023-03-18 05:00:00,682.4,-99.8,-99.8,5.4,272.0,11.8,292.0,0.0,-99.8,-99.8,-99.8,-99.8,-99.8,-99.8,-99.8
2023-03-18 06:00:00,682.8,-99.8,-99.8,5.2,270.0,10.2,293.0,0.0,-99.8,-99.8,-99.8,-99.8,-99.8,-99.8,-99.8
2023-03-18 07:00:00,683.2,-99.8,-99.8,3.9,266.0,9.1,287.0,0.0,-99.8,-99.8,-99.8,-99.8,-99.8,-99.8,-99.8
2023-03-18 08:00:00,683.4,-99.8,-99.8,4.3,267.0,8.1,260.0,0.0,-99.8,-99.8,-99.8,-99.8,-99.8,-99.8,-99.8
2023-03-18 09:00:00,683.5,-99.8,-99.8,4.9,271.0,9.6,262.0,0.0,-99.8,-99.8,-99.8,-99.8,-99.8,-99.8,-99.8
2023-03-18 10:00:00,683.5,-99.8,-99.8,6.4,272.0,12.0,261.0,0.0,-99.8,-99.8,-99.8,-99.8,-99.8,-99.8,-99.8
2023-03-18 11:00:00,683.6,-99.8,-99.8,5.8,269.0,12.8,282.0,0.0,-99.8,-99.8,-99.8,-99.8,-99.8,-99.8,-99.8
2023-03-18 12:00:00,683.0,-99.8,-99.8,6.2,273.0,11.4,271.0,0.0,-99.8,-99.8,-99.8,-99.8,-99.8,-99.8,-99.8
2023-03-18 13:00:00,682.6,-99.8,-99.8,6.5,276.0,12.0,279.0,0.0,-99.8,-99.8,-99.8,-99.8,-99.8,-99.8,-99.8
2023-03-18 14:00:00,682.1,-99.8,-99.8,5.6,276.0,11.0,272.0,0.0,-99.8,-99.8,-99.8,-99.8,-99.8,-99.8,-99.8
2023-03-18 15:00:00,681.5,-99.8,-99.8,6.2,274.0,12.8,286.0,0.0,-99.8,-99.8,-99.8,-99.8,-99.8,-99.8,-99.8
2023-03-18 16:00:00,681.5,-99.8,-99.8,6.4,276.0,12.5,261.0,0.0,-99.8,-99.8,-99.8,-99.8,-99.8,-99.8,-99.8
2023-03-18 17:00:00,681.6,-99.8,-99.8,5.7,274.0,12.1,280.0,0.0,-99.8,-99.8,-99.8,-99.8,-99.8,-99.8,-99.8
2023-03-18 18:00:00,681.5,-99.8,-99.8,6.5,282.0,11.8,285.0,0.0,-99.8,-99.8,-99.8,-99.8,-99.8,-99.8,-99.8
2023-03-18 19:00:00,681.7,-99.8,-99.8,6.9,277.0,12.6,284.0,0.0,-99.8,-99.8,-99.8,-99.8,-99.8,-99.8,-99.8
2023-03-18 20:00:00,682.1,-99.8,-99.8,7.4,282.0,12.5,286.0,0.0,-99.8,-99.8,-99.8,-99.8,-99.8,-99.8,-99.8
2023-03-18 21:00:00,682.4,-99.8,-99.8,7.0,282.0,13.6,291.0,0.0,-99.8,-99.8,-99.8,-99.8,-99.8,-99.8,-99.8
2023-03-18 22:00:00,682.4,-99.8,-99.8,7.5,284.0,12.6,285.0,0.0,-99.8,-99.8,-99.8,-99.8,-99.8,-99.8,-99.8
2023-03-18 23:00:00,682.1,-99.8,-99.8,7.9,283.0,14.0,285.0,0.0,-99.8,-99.8,-99.8,-99.8,-99.8,-99.8,-99.8
2023-03-19 00:00:00,681.9,-99.8,-99.8,7.4,286.0,15.7,287.0,0.0,-99.8,-99.8,-99.8,-99.8,-99.8,-99.8,-99.8
2023-03-19 01:00:00,681.4,-99.8,-99.8,8.3,286.0,13.7,297.0,0.0,-99.8,-99.8,-99.8,-99.8,-99.8,-99.8,-99.8
2023-03-19 02:00:00,681.0,-99.8,-99.8,8.6,286.0,16.5,291.0,0.0,-99.8,-99.8,-99.8,-99.8,-99.8,-99.8,-99.8
2023-03-19 03:00:00,680.6,-99.8,-99.8,8.1,283.0,13.5,284.0,0.0,-99.8,-99.8,-99.8,-99.8,-99.8,-99.8,-99.8
2023-03-19 04:00:00,680.8,-99.8,-99.8,7.5,284.0,14.0,286.0,0.0,-99.8,-99.8,-99.8,-99.8,-99.8,-99.8,-99.8
2023-03-19 05:00:00,680.9,-99.8,-99.8,9.0,284.0,14.5,295.0,0.0,-99.8,-99.8,-99.8,-99.8,-99.8,-99.8,-99.8
2023-03-19 06:00:00,681.5,-99.8,-99.8,8.6,285.0,15.4,286.0,0.0,-99.8,-99.8,-99.8,-99.8,-99.8,-99.8,-99.8
2023-03-19 07:00:00,682.1,-99.8,-99.8,7.1,280.0,14.7,285.0,0.0,-99.8,-99.8,-99.8,-99.8,-99.8,-99.8,-99.8
2023-03-19 08:00:00,682.6,-99.8,-99.8,7.0,283.0,12.0,286.0,0.0,-99.8,-99.8,-99.8,-99.8,-99.8,-99.8,-99.8
2023-03-19 09:00:00,683.0,-99.8,-99.8,6.1,284.0,11.0,287.0,0.0,-99.8,-99.8,-99.8,-99.8,-99.8,-99.8,-99.8
2023-03-19 10:00:00,683.1,-99.8,-99.8,6.5,283.0,11.1,293.0,0.0,-99.8,-99.8,-99.8,-99.8,-99.8,-99.8,-99.8
2023-03-19 11:00:00,682.9,-99.8,-99.8,6.5,280.0,11.3,285.0,0.0,-99.8,-99.8,-99.8,-99.8,-99.8,-99.8,-99.8
2023-03-19 12:00:00,682.2,-99.8,-99.8,6.0,270.0,11.4,284.0,0.0,-99.8,-99.8,-99.8,-99.8,-99.8,-99.8,-99.8
2023-03-19 13:00:00,681.7,-99.8,-99.8,6.7,277.0,12.9,284.0,0.0,-99.8,-99.8,-99.8,-99.8,-99.8,-99.8,-99.8
2023-03-19 14:00:00,681.3,-99.8,-99.8,7.1,274.0,12.7,276.0,0.0,-99.8,-99.8,-99.8,-99.8,-99.8,-99.8,-99.8
2023-03-19 15:00:00,680.9,-99.8,-99.8,7.3,274.0,13.6,257.0,0.0,-99.8,-99.8,-99.8,-99.8,-99.8,-99.8,-99.8
2023-03-19 16:00:00,680.8,-99.8,-99.8,7.1,276.0,13.5,287.0,0.0,-99.8,-99.8,-99.8,-99.8,-99.8,-99.8,-99.8
2023-03-19 17:00:00,681.0,-99.8,-99.8,6.6,279.0,12.3,281.0,0.0,-99.8,-99.8,-99.8,-99.8,-99.8,-99.8,-99.8
2023-03-19 18:00:00,681.0,-99.8,-99.8,7.5,283.0,12.3,285.0,0.0,-99.8,-99.8,-99.8,-99.8,-99.8,-99.8,-99.8
2023-03-19 19:00:00,681.0,-99.8,-99.8,6.9,284.0,13.3,285.0,0.0,-99.8,-99.8,-99.8,-99.8,-99.8,-99.8,-99.8
2023-03-19 20:00:00,681.4,-99.8,-99.8,7.9,285.0,13.6,286.0,0.0,-99.8,-99.8,-99.8,-99.8,-99.8,-99.8,-99.8
2023-03-19 21:00:00,682.3,-99.8,-99.8,9.1,285.0,13.8,284.0,0.0,-99.8,-99.8,-99.8,-99.8,-99.8,-99.8,-99.8
2023-03-19 22:00:00,682.5,-99.8,-99.8,10.4,286.0,14.6,284.0,0.0,-99.8,-99.8,-99.8,-99.8,-99.8,-99.8,-99.8
2023-03-19 23:00:00,681.7,-99.8,-99.8,9.6,282.0,19.0,285.0,0.0,-99.8,-99.8,-99.8,-99.8,-99.8,-99.8,-99.8
2023-03-20 00:00:00,681.2,-99.8,-99.8,11.7,284.0,18.2,283.0,0.0,-99.8,-99.8,-99.8,-99.8,-99.8,-99.8,-99.8
2023-03-20 01:00:00,681.2,-99.8,-99.8,10.1,282.0,16.6,283.0,0.0,-99.8,-99.8,-99.8,-99.8,-99.8,-99.8,-99.8
2023-03-20 02:00:00,680.7,-99.8,-99.8,9.4,286.0,14.9,283.0,0.0,-99.8,-99.8,-99.8,-99.8,-99.8,-99.8,-99.8
2023-03-20 03:00:00,680.4,-99.8,-99.8,10.1,284.0,16.0,284.0,0.0,-99.8,-99.8,-99.8,-99.8,-99.8,-99.8,-99.8
2023-03-20 04:00:00,680.5,-99.8,-99.8,8.8,282.0,14.5,283.0,0.0,-99.8,-99.8,-99.8,-99.8,-99.8,-99.8,-99.8
2023-03-20 05:00:00,680.8,-99.8,-99.8,8.7,285.0,14.0,287.0,0.0,-99.8,-99.8,-99.8,-99.8,-99.8,-99.8,-99.8
2023-03-20 06:00:00,681.2,-99.8,-99.8,9.3,284.0,14.3,286.0,0.0,-99.8,-99.8,-99.8,-99.8,-99.8,-99.8,-99.8
2023-03-20 07:00:00,681.5,-99.8,-99.8,9.5,283.0,16.1,285.0,0.0,-99.8,-99.8,-99.8,-99.8,-99.8,-99.8,-99.8
2023-03-20 08:00:00,682.5,-99.8,-99.8,8.2,283.0,14.1,281.0,0.0,-99.8,-99.8,-99.8,-99.8,-99.8,-99.8,-99.8
2023-03-20 09:00:00,682.2,-99.8,-99.8,9.9,283.0,15.3,286.0,0.0,-99.8,-99.8,-99.8,-99.8,-99.8,-99.8,-99.8
2023-03-20 10:00:00,682.2,-99.8,-99.8,8.5,279.0,16.8,284.0,0.0,-99.8,-99.8,-99.8,-99.8,-99.8,-99.8,-99.8
2023-03-20 11:00:00,682.0,-99.8,-99.8,9.2,281.0,14.7,276.0,0.0,-99.8,-99.8,-99.8,-99.8,-99.8,-99.8,-99.8
2023-03-20 12:00:00,681.7,-99.8,-99.8,8.7,277.0,16.0,289.0,0.0,-99.8,-99.8,-99.8,-99.8,-99.8,-99.8,-99.8
2023-03-20 13:00:00,681.1,-99.8,-99.8,7.7,270.0,14.8,279.0,0.0,-99.8,-99.8,-99.8,-99.8,-99.8,-99.8,-99.8
2023-03-20 14:00:00,680.7,-99.8,-99.8,7.1,271.0,14.5,282.0,0.0,-99.8,-99.8,-99.8,-99.8,-99.8,-99.8,-99.8
2023-03-20 15:00:00,680.5,-99.8,-99.8,7.6,273.0,14.9,263.0,0.0,-99.8,-99.8,-99.8,-99.8,-99.8,-99.8,-99.8
2023-03-20 16:00:00,680.3,-99.8,-99.8,8.1,278.0,14.4,276.0,0.0,-99.8,-99.8,-99.8,-99.8,-99.8,-99.8,-99.8
2023-03-20 17:00:00,680.3,-99.8,-99.8,7.5,278.0,13.8,286.0,0.0,-99.8,-99.8,-99.8,-99.8,-99.8,-99.8,-99.8
2023-03-20 18:00:00,680.5,-99.8,-99.8,6.8,279.0,12.9,286.0,0.0,-99.8,-99.8,-99.8,-99.8,-99.8,-99.8,-99.8
2023-03-20 19:00:00,680.6,-99.8,-99.8,7.3,281.0,13.8,283.0,0.0,-99.8,-99.8,-99.8,-99.8,-99.8,-99.8,-99.8
2023-03-20 20:00:00,680.9,-99.8,-99.8,7.0,278.0,14.6,267.0,0.0,-99.8,-99.8,-99.8,-99.8,-99.8,-99.8,-99.8
2023-03-20 21:00:00,681.3,-99.8,-99.8,7.5,282.0,13.6,283.0,0.0,-99.8,-99.8,-99.8,-99.8,-99.8,-99.8,-99.8
2023-03-20 22:00:00,681.7,-99.8,-99.8,7.7,283.0,13.7,266.0,0.0,-99.8,-99.8,-99.8,-99.8,-99.8,-99.8,-99.8
2023-03-20 23:00:00,681.5,-99.8,-99.8,8.3,281.0,15.0,284.0,0.0,-99.8,-99.8,-99.8,-99.8,-99.8,-99.8,-99.8
2023-03-21 00:00:00,681.1,-99.8,-99.8,8.4,277.0,15.3,284.0,0.0,-99.8,-99.8,-99.8,-99.8,-99.8,-99.8,-99.8
2023-03-21 01:00:00,680.4,-99.8,-99.8,8.9,276.0,15.1,279.0,0.0,-99.8,-99.8,-99.8,-99.8,-99.8,-99.8,-99.8
2023-03-21 02:00:00,679.8,-99.8,-99.8,8.7,276.0,17.7,272.0,0.0,-99.8,-99.8,-99.8,-99.8,-99.8,-99.8,-99.8
2023-03-21 03:00:00,679.4,-99.8,-99.8,9.6,278.0,17.4,281.0,0.5,-99.8,-99.8,-99.8,-99.8,-99.8,-99.8,-99.8
2023-03-21 04:00:00,679.3,-99.8,-99.8,9.2,279.0,17.5,281.0,0.0,-99.8,-99.8,-99.8,-99.8,-99.8,-99.8,-99.8
2023-03-21 05:00:00,679.6,-99.8,-99.8,9.2,281.0,17.3,287.0,0.0,-99.8,-99.8,-99.8,-99.8,-99.8,-99.8,-99.8
2023-03-21 06:00:00,679.9,-99.8,-99.8,9.2,280.0,16.0,278.0,0.0,-99.8,-99.8,-99.8,-99.8,-99.8,-99.8,-99.8
2023-03-21 07:00:00,680.7,-99.8,-99.8,9.4,280.0,18.4,262.0,0.0,-99.8,-99.8,-99.8,-99.8,-99.8,-99.8,-99.8
2023-03-21 08:00:00,681.0,-99.8,-99.8,8.5,280.0,17.0,284.0,0.0,-99.8,-99.8,-99.8,-99.8,-99.8,-99.8,-99.8
2023-03-21 09:00:00,681.4,-99.8,-99.8,8.5,280.0,16.8,265.0,0.0,-99.8,-99.8,-99.8,-99.8,-99.8,-99.8,-99.8
2023-03-21 10:00:00,681.7,-99.8,-99.8,8.2,275.0,17.5,282.0,-999.6,-99.8,-99.8,-99.8,-99.8,-99.8,-99.8,-99.8
2023-03-21 11:00:00,681.4,-99.8,-99.8,10.3,277.0,18.3,274.0,0.0,-99.8,-99.8,-99.8,-99.8,-99.8,-99.8,-99.8
2023-03-21 12:00:00,681.0,-99.8,-99.8,10.3,275.0,20.5,278.0,0.0,-99.8,-99.8,-99.8,-99.8,-99.8,-99.8,-99.8
2023-03-21 13:00:00,680.5,-99.8,-99.8,10.2,274.0,20.6,283.0,0.0,-99.8,-99.8,-99.8,-99.8,-99.8,-99.8,-99.8
2023-03-21 14:00:00,680.2,-99.8,-99.8,10.4,265.0,23.2,275.0,0.0,-99.8,-99.8,-99.8,-99.8,-99.8,-99.8,-99.8
2023-03-21 15:00:00,679.7,-99.8,-99.8,11.1,272.0,20.4,269.0,0.0,-99.8,-99.8,-99.8,-99.8,-99.8,-99.8,-99.8
2023-03-21 16:00:00,679.8,-99.8,-99.8,10.4,277.0,22.2,267.0,0.0,-99.8,-99.8,-99.8,-99.8,-99.8,-99.8,-99.8
2023-03-21 17:00:00,679.7,-99.8,-99.8,10.1,277.0,21.6,265.0,0.0,-99.8,-99.8,-99.8,-99.8,-99.8,-99.8,-99.8
2023-03-21 18:00:00,679.9,-99.8,-99.8,9.6,274.0,18.9,291.0,0.0,-99.8,-99.8,-99.8,-99.8,-99.8,-99.8,-99.8
2023-03-21 19:00:00,680.0,-99.8,-99.8,10.9,279.0,20.1,283.0,0.0,-99.8,-99.8,-99.8,-99.8,-99.8,-99.8,-99.8
2023-03-21 20:00:00,680.6,-99.8,-99.8,10.6,275.0,21.6,262.0,0.0,-99.8,-99.8,-99.8,-99.8,-99.8,-99.8,-99.8
2023-03-21 21:00:00,680.9,-99.8,-99.8,10.6,274.0,20.5,270.0,0.0,-99.8,-99.8,-99.8,-99.8,-99.8,-99.8,-99.8
2023-03-21 22:00:00,681.3,-99.8,-99.8,10.1,277.0,19.0,281.0,0.0,-99.8,-99.8,-99.8,-99.8,-99.8,-99.8,-99.8
2023-03-21 23:00:00,681.2,-99.8,-99.8,10.3,276.0,17.9,285.0,0.5,-99.8,-99.8,-99.8,-99.8,-99.8,-99.8,-99.8
2023-03-22 00:00:00,681.5,-99.8,-99.8,9.5,274.0,18.8,285.0,0.0,-99.8,-99.8,-99.8,-99.8,-99.8,-99.8,-99.8
2023-03-22 01:00:00,681.1,-99.8,-99.8,9.9,274.0,19.7,285.0,0.0,-99.8,-99.8,-99.8,-99.8,-99.8,-99.8,-99.8
2023-03-22 02:00:00,681.1,-99.8,-99.8,8.7,273.0,20.9,267.0,0.0,-99.8,-99.8,-99.8,-99.8,-99.8,-99.8,-99.8
2023-03-22 03:00:00,680.3,-99.8,-99.8,9.5,273.0,18.2,260.0,0.0,-99.8,-99.8,-99.8,-99.8,-99.8,-99.8,-99.8
2023-03-22 04:00:00,680.4,-99.8,-99.8,8.6,276.0,19.8,258.0,0.0,-99.8,-99.8,-99.8,-99.8,-99.8,-99.8,-99.8
2023-03-22 05:00:00,680.1,-99.8,-99.8,11.0,276.0,19.0,288.0,0.0,-99.8,-99.8,-99.8,-99.8,-99.8,-99.8,-99.8
2023-03-22 06:00:00,680.4,-99.8,-99.8,9.9,275.0,19.9,280.0,0.0,-99.8,-99.8,-99.8,-99.8,-99.8,-99.8,-99.8
2023-03-22 07:00:00,681.0,-99.8,-99.8,9.7,273.0,18.3,257.0,0.0,-99.8,-99.8,-99.8,-99.8,-99.8,-99.8,-99.8
2023-03-22 08:00:00,681.9,-99.8,-99.8,9.1,276.0,16.9,282.0,0.5,-99.8,-99.8,-99.8,-99.8,-99.8,-99.8,-99.8
2023-03-22 09:00:00,682.4,-99.8,-99.8,8.6,273.0,16.0,268.0,0.0,-99.8,-99.8,-99.8,-99.8,-99.8,-99.8,-99.8
2023-03-22 10:00:00,683.0,-99.8,-99.8,9.1,276.0,19.5,261.0,0.0,-99.8,-99.8,-99.8,-99.8,-99.8,-99.8,-99.8
2023-03-22 11:00:00,682.6,-99.8,-99.8,9.2,273.0,17.8,262.0,0.0,-99.8,-99.8,-99.8,-99.8,-99.8,-99.8,-99.8
2023-03-22 12:00:00,682.6,-99.8,-99.8,8.6,271.0,19.9,262.0,0.0,-99.8,-99.8,-99.8,-99.8,-99.8,-99.8,-99.8
2023-03-22 13:00:00,682.0,-99.8,-99.8,9.4,274.0,17.3,286.0,0.0,-99.8,-99.8,-99.8,-99.8,-99.8,-99.8,-99.8
2023-03-22 14:00:00,681.7,-99.8,-99.8,8.4,270.0,18.1,271.0,0.0,-99.8,-99.8,-99.8,-99.8,-99.8,-99.8,-99.8
2023-03-22 15:00:00,681.6,-99.8,-99.8,8.1,268.0,15.9,271.0,0.0,-99.8,-99.8,-99.8,-99.8,-99.8,-99.8,-99.8
2023-03-22 16:00:00,681.4,-99.8,-99.8,8.3,268.0,17.5,287.0,0.0,-99.8,-99.8,-99.8,-99.8,-99.8,-99.8,-99.8
2023-03-22 17:00:00,681.5,-99.8,-99.8,7.9,269.0,16.0,263.0,0.0,-99.8,-99.8,-99.8,-99.8,-99.8,-99.8,-99.8
2023-03-22 18:00:00,681.7,-99.8,-99.8,7.6,272.0,15.4,290.0,0.0,-99.8,-99.8,-99.8,-99.8,-99.8,-99.8,-99.8
2023-03-22 19:00:00,682.0,-99.8,-99.8,6.8,280.0,15.9,284.0,0.0,-99.8,-99.8,-99.8,-99.8,-99.8,-99.8,-99.8
2023-03-22 20:00:00,682.4,-99.8,-99.8,7.3,281.0,13.0,282.0,0.0,-99.8,-99.8,-99.8,-99.8,-99.8,-99.8,-99.8
2023-03-22 21:00:00,683.1,-99.8,-99.8,7.1,278.0,14.4,279.0,0.0,-99.8,-99.8,-99.8,-99.8,-99.8,-99.8,-99.8
2023-03-22 22:00:00,683.0,-99.8,-99.8,6.9,279.0,14.6,285.0,0.0,-99.8,-99.8,-99.8,-99.8,-99.8,-99.8,-99.8
2023-03-22 23:00:00,683.0,-99.8,-99.8,7.3,282.0,13.6,283.0,0.0,-99.8,-99.8,-99.8,-99.8,-99.8,-99.8,-99.8
2023-03-23 00:00:00,683.0,-99.8,-99.8,6.6,279.0,12.9,285.0,0.0,-99.8,-99.8,-99.8,-99.8,-99.8,-99.8,-99.8
2023-03-23 01:00:00,682.8,-99.8,-99.8,6.4,281.0,12.4,289.0,0.0,-99.8,-99.8,-99.8,-99.8,-99.8,-99.8,-99.8
2023-03-23 02:00:00,682.4,-99.8,-99.8,6.6,282.0,12.5,284.0,0.0,-99.8,-99.8,-99.8,-99.8,-99.8,-99.8,-99.8
2023-03-23 03:00:00,682.3,-99.8,-99.8,6.7,283.0,13.2,285.0,0.0,-99.8,-99.8,-99.8,-99.8,-99.8,-99.8,-99.8
2023-03-23 04:00:00,682.3,-99.8,-99.8,6.4,284.0,12.7,257.0,0.0,-99.8,-99.8,-99.8,-99.8,-99.8,-99.8,-99.8
2023-03-23 05:00:00,682.4,-99.8,-99.8,6.9,284.0,13.0,286.0,0.0,-99.8,-99.8,-99.8,-99.8,-99.8,-99.8,-99.8
2023-03-23 06:00:00,682.6,-99.8,-99.8,6.4,285.0,11.9,285.0,0.0,-99.8,-99.8,-99.8,-99.8,-99.8,-99.8,-99.8
2023-03-23 07:00:00,683.0,-99.8,-99.8,5.5,277.0,12.3,257.0,0.0,-99.8,-99.8,-99.8,-99.8,-99.8,-99.8,-99.8
2023-03-23 08:00:00,683.6,-99.8,-99.8,5.3,276.0,10.3,285.0,0.0,-99.8,-99.8,-99.8,-99.8,-99.8,-99.8,-99.8
2023-03-23 09:00:00,683.8,-99.8,-99.8,4.7,273.0,10.1,248.0,0.0,-99.8,-99.8,-99.8,-99.8,-99.8,-99.8,-99.8
2023-03-23 10:00:00,683.7,-99.8,-99.8,5.5,272.0,11.7,288.0,0.0,-99.8,-99.8,-99.8,-99.8,-99.8,-99.8,-99.8
2023-03-23 11:00:00,683.5,-99.8,-99.8,6.3,270.0,12.7,237.0,0.0,-99.8,-99.8,-99.8,-99.8,-99.8,-99.8,-99.8
2023-03-23 12:00:00,682.9,-99.8,-99.8,7.0,274.0,14.3,275.0,0.0,-99.8,-99.8,-99.8,-99.8,-99.8,-99.8,-99.8
2023-03-23 13:00:00,682.5,-99.8,-99.8,7.8,272.0,14.1,282.0,0.0,-99.8,-99.8,-99.8,-99.8,-99.8,-99.8,-99.8
2023-03-23 14:00:00,682.5,-99.8,-99.8,7.3,273.0,15.3,283.0,0.0,-99.8,-99.8,-99.8,-99.8,-99.8,-99.8,-99.8
2023-03-23 15:00:00,682.5,-99.8,-99.8,6.7,272.0,13.8,288.0,0.0,-99.8,-99.8,-99.8,-99.8,-99.8,-99.8,-99.8
2023-03-23 16:00:00,682.3,-99.8,-99.8,6.4,272.0,13.3,286.0,0.0,-99.8,-99.8,-99.8,-99.8,-99.8,-99.8,-99.8
2023-03-23 17:00:00,682.3,-99.8,-99.8,6.1,271.0,15.2,286.0,0.0,-99.8,-99.8,-99.8,-99.8,-99.8,-99.8,-99.8
2023-03-23 18:00:00,682.7,-99.8,-99.8,6.2,268.0,14.7,237.0,0.0,-99.8,-99.8,-99.8,-99.8,-99.8,-99.8,-99.8
2023-03-23 19:00:00,683.1,-99.8,-99.8,6.1,270.0,11.4,279.0,0.0,-99.8,-99.8,-99.8,-99.8,-99.8,-99.8,-99.8
2023-03-23 20:00:00,683.4,-99.8,-99.8,6.4,258.0,12.5,243.0,0.0,-99.8,-99.8,-99.8,-99.8,-99.8,-99.8,-99.8
2023-03-23 21:00:00,683.7,-99.8,-99.8,6.5,264.0,12.7,256.0,0.0,-99.8,-99.8,-99.8,-99.8,-99.8,-99.8,-99.8
2023-03-23 22:00:00,683.7,-99.8,-99.8,6.2,269.0,14.2,260.0,0.0,-99.8,-99.8,-99.8,-99.8,-99.8,-99.8,-99.8
2023-03-23 23:00:00,683.8,-99.8,-99.8,5.6,266.0,16.0,240.0,0.0,-99.8,-99.8,-99.8,-99.8,-99.8,-99.8,-99.8
2023-03-24 00:00:00,683.6,-99.8,-99.8,5.6,270.0,14.2,240.0,0.0,-99.8,-99.8,-99.8,-99.8,-99.8,-99.8,-99.8
2023-03-24 01:00:00,683.1,-99.8,-99.8,6.1,269.0,12.3,250.0,0.0,-99.8,-99.8,-99.8,-99.8,-99.8,-99.8,-99.8
2023-03-24 02:00:00,682.8,-99.8,-99.8,5.4,268.0,12.1,260.0,0.0,-99.8,-99.8,-99.8,-99.8,-99.8,-99.8,-99.8
2023-03-24 03:00:00,682.3,-99.8,-99.8,5.7,271.0,12.1,256.0,0.0,-99.8,-99.8,-99.8,-99.8,-99.8,-99.8,-99.8
2023-03-24 04:00:00,682.3,-99.8,-99.8,6.1,271.0,12.0,261.0,0.0,-99.8,-99.8,-99.8,-99.8,-99.8,-99.8,-99.8
2023-03-24 05:00:00,682.3,-99.8,-99.8,5.7,271.0,12.1,285.0,0.0,-99.8,-99.8,-99.8,-99.8,-99.8,-99.8,-99.8
2023-03-24 06:00:00,683.0,-99.8,-99.8,5.9,273.0,13.2,258.0,0.0,-99.8,-99.8,-99.8,-99.8,-99.8,-99.8,-99.8
2023-03-24 07:00:00,683.5,-99.8,-99.8,5.2,272.0,10.0,263.0,0.0,-99.8,-99.8,-99.8,-99.8,-99.8,-99.8,-99.8
2023-03-24 08:00:00,684.2,-99.8,-99.8,5.2,271.0,9.9,262.0,0.0,-99.8,-99.8,-99.8,-99.8,-99.8,-99.8,-99.8
2023-03-24 09:00:00,684.5,-99.8,-99.8,5.5,265.0,13.0,230.0,0.0,-99.8,-99.8,-99.8,-99.8,-99.8,-99.8,-99.8
2023-03-24 10:00:00,684.9,-99.8,-99.8,5.8,269.0,10.7,267.0,0.0,-99.8,-99.8,-99.8,-99.8,-99.8,-99.8,-99.8
2023-03-24 11:00:00,684.7,-99.8,-99.8,6.8,270.0,12.3,281.0,0.0,-99.8,-99.8,-99.8,-99.8,-99.8,-99.8,-99.8
2023-03-24 12:00:00,684.1,-99.8,-99.8,7.4,270.0,14.0,257.0,0.0,-99.8,-99.8,-99.8,-99.8,-99.8,-99.8,-99.8
2023-03-24 13:00:00,683.9,-99.8,-99.8,6.9,269.0,13.5,288.0,0.0,-99.8,-99.8,-99.8,-99.8,-99.8,-99.8,-99.8
2023-03-24 14:00:00,683.2,-99.8,-99.8,7.2,273.0,13.7,304.0,0.0,-99.8,-99.8,-99.8,-99.8,-99.8,-99.8,-99.8
2023-03-24 15:00:00,683.4,-99.8,-99.8,7.0,273.0,14.5,266.0,0.0,-99.8,-99.8,-99.8,-99.8,-99.8,-99.8,-99.8
2023-03-24 16:00:00,683.2,-99.8,-99.8,6.1,272.0,12.5,285.0,0.0,-99.8,-99.8,-99.8,-99.8,-99.8,-99.8,-99.8
2023-03-24 17:00:00,683.7,-99.8,-99.8,6.6,272.0,13.9,257.0,0.0,-99.8,-99.8,-99.8,-99.8,-99.8,-99.8,-99.8
2023-03-24 18:00:00,683.9,-99.8,-99.8,6.1,274.0,12.9,281.0,0.0,-99.8,-99.8,-99.8,-99.8,-99.8,-99.8,-99.8
2023-03-24 19:00:00,684.4,-99.8,-99.8,6.5,271.0,12.0,285.0,0.0,-99.8,-99.8,-99.8,-99.8,-99.8,-99.8,-99.8
2023-03-24 20:00:00,684.7,-99.8,-99.8,5.8,263.0,11.3,260.0,0.0,-99.8,-99.8,-99.8,-99.8,-99.8,-99.8,-99.8
2023-03-24 21:00:00,685.0,-99.8,-99.8,5.7,266.0,11.3,242.0,0.0,-99.8,-99.8,-99.8,-99.8,-99.8,-99.8,-99.8
2023-03-24 22:00:00,685.1,-99.8,-99.8,5.4,268.0,12.2,266.0,0.0,-99.8,-99.8,-99.8,-99.8,-99.8,-99.8,-99.8
2023-03-24 23:00:00,685.0,-99.8,-99.8,5.8,262.0,11.3,256.0,0.0,-99.8,-99.8,-99.8,-99.8,-99.8,-99.8,-99.8
2023-03-25 00:00:00,684.9,-99.8,-99.8,5.2,270.0,11.3,256.0,0.0,-99.8,-99.8,-99.8,-99.8,-99.8,-99.8,-99.8
2023-03-25 01:00:00,684.4,-99.8,-99.8,5.9,263.0,12.4,238.0,0.0,-99.8,-99.8,-99.8,-99.8,-99.8,-99.8,-99.8
2023-03-25 02:00:00,684.0,-99.8,-99.8,5.7,261.0,12.4,262.0,0.0,-99.8,-99.8,-99.8,-99.8,-99.8,-99.8,-99.8
2023-03-25 03:00:00,683.7,-99.8,-99.8,4.9,273.0,11.7,259.0,0.0,-99.8,-99.8,-99.8,-99.8,-99.8,-99.8,-99.8
2023-03-25 04:00:00,683.3,-99.8,-99.8,5.4,265.0,12.2,243.0,0.0,-99.8,-99.8,-99.8,-99.8,-99.8,-99.8,-99.8
2023-03-25 05:00:00,683.5,-99.8,-99.8,4.7,276.0,9.9,243.0,0.0,-99.8,-99.8,-99.8,-99.8,-99.8,-99.8,-99.8
2023-03-25 06:00:00,683.8,-99.8,-99.8,6.4,260.0,11.8,261.0,0.0,-99.8,-99.8,-99.8,-99.8,-99.8,-99.8,-99.8
2023-03-25 07:00:00,684.2,-99.8,-99.8,6.0,263.0,12.4,254.0,0.0,-99.8,-99.8,-99.8,-99.8,-99.8,-99.8,-99.8
2023-03-25 08:00:00,684.6,-99.8,-99.8,5.2,252.0,12.1,232.0,0.0,-99.8,-99.8,-99.8,-99.8,-99.8,-99.8,-99.8
2023-03-25 09:00:00,684.7,-99.8,-99.8,4.0,272.0,12.8,241.0,0.0,-99.8,-99.8,-99.8,-99.8,-99.8,-99.8,-99.8
2023-03-25 10:00:00,684.3,-99.8,-99.8,4.9,271.0,9.6,267.0,0.0,-99.8,-99.8,-99.8,-99.8,-99.8,-99.8,-99.8
2023-03-25 11:00:00,684.1,-99.8,-99.8,5.9,270.0,11.6,270.0,0.0,-99.8,-99.8,-99.8,-99.8,-99.8,-99.8,-99.8
2023-03-25 12:00:00,683.5,-99.8,-99.8,5.2,270.0,11.8,257.0,0.0,-99.8,-99.8,-99.8,-99.8,-99.8,-99.8,-99.8
2023-03-25 13:00:00,682.4,-99.8,-99.8,6.2,270.0,11.8,267.0,0.0,-99.8,-99.8,-99.8,-99.8,-99.8,-99.8,-99.8
2023-03-25 14:00:00,682.1,-99.8,-99.8,6.5,268.0,15.0,283.0,0.0,-99.8,-99.8,-99.8,-99.8,-99.8,-99.8,-99.8
2023-03-25 15:00:00,681.7,-99.8,-99.8,6.7,269.0,12.5,267.0,0.0,-99.8,-99.8,-99.8,-99.8,-99.8,-99.8,-99.8
2023-03-25 16:00:00,681.6,-99.8,-99.8,6.6,277.0,12.0,287.0,0.0,-99.8,-99.8,-99.8,-99.8,-99.8,-99.8,-99.8
2023-03-25 17:00:00,681.9,-99.8,-99.8,6.2,272.0,15.4,284.0,0.0,-99.8,-99.8,-99.8,-99.8,-99.8,-99.8,-99.8
2023-03-25 18:00:00,681.8,-99.8,-99.8,7.9,269.0,17.2,291.0,0.0,-99.8,-99.8,-99.8,-99.8,-99.8,-99.8,-99.8
2023-03-25 19:00:00,681.7,-99.8,-99.8,6.8,267.0,18.9,283.0,0.0,-99.8,-99.8,-99.8,-99.8,-99.8,-99.8,-99.8
2023-03-25 20:00:00,681.6,-99.8,-99.8,7.9,265.0,15.8,251.0,0.0,-99.8,-99.8,-99.8,-99.8,-99.8,-99.8,-99.8
2023-03-25 21:00:00,682.2,-99.8,-99.8,7.5,270.0,22.3,235.0,0.0,-99.8,-99.8,-99.8,-99.8,-99.8,-99.8,-99.8
2023-03-25 22:00:00,682.3,-99.8,-99.8,7.7,275.0,14.8,280.0,1.0,-99.8,-99.8,-99.8,-99.8,-99.8,-99.8,-99.8
2023-03-25 23:00:00,682.1,-99.8,-99.8,7.6,273.0,14.7,281.0,0.0,-99.8,-99.8,-99.8,-99.8,-99.8,-99.8,-99.8
2023-03-26 00:00:00,682.0,-99.8,-99.8,7.6,272.0,17.4,281.0,0.0,-99.8,-99.8,-99.8,-99.8,-99.8,-99.8,-99.8
2023-03-26 01:00:00,681.6,-99.8,-99.8,6.9,265.0,16.8,287.0,0.5,-99.8,-99.8,-99.8,-99.8,-99.8,-99.8,-99.8
2023-03-26 02:00:00,680.9,-99.8,-99.8,8.4,273.0,21.0,285.0,1.0,-99.8,-99.8,-99.8,-99.8,-99.8,-99.8,-99.8
2023-03-26 03:00:00,680.1,-99.8,-99.8,8.2,274.0,18.2,286.0,0.0,-99.8,-99.8,-99.8,-99.8,-99.8,-99.8,-99.8
2023-03-26 04:00:00,680.4,-99.8,-99.8,4.6,269.0,15.6,284.0,4.5,-99.8,-99.8,-99.8,-99.8,-99.8,-99.8,-99.8
2023-03-26 05:00:00,680.9,-99.8,-99.8,5.1,257.0,15.7,262.0,8.0,-99.8,-99.8,-99.8,-99.8,-99.8,-99.8,-99.8
2023-03-26 06:00:00,681.2,-99.8,-99.8,6.6,270.0,13.3,263.0,4.0,-99.8,-99.8,-99.8,-99.8,-99.8,-99.8,-99.8
2023-03-26 07:00:00,681.0,-99.8,-99.8,6.9,271.0,14.1,262.0,3.0,-99.8,-99.8,-99.8,-99.8,-99.8,-99.8,-99.8
2023-03-26 08:00:00,681.5,-99.8,-99.8,7.7,274.0,15.7,283.0,1.5,-99.8,-99.8,-99.8,-99.8,-99.8,-99.8,-99.8
2023-03-26 09:00:00,681.4,-99.8,-99.8,8.1,272.0,17.0,260.0,2.0,-99.8,-99.8,-99.8,-99.8,-99.8,-99.8,-99.8
2023-03-26 10:00:00,681.6,-99.8,-99.8,9.0,275.0,17.3,265.0,1.5,-99.8,-99.8,-99.8,-99.8,-99.8,-99.8,-99.8
2023-03-26 11:00:00,683.1,-99.8,-99.8,7.0,283.0,13.4,283.0,0.0,-99.8,-99.8,-99.8,-99.8,-99.8,-99.8,-99.8
2023-03-26 12:00:00,681.2,-99.8,-99.8,7.1,269.0,12.8,286.0,0.0,-99.8,-99.8,-99.8,-99.8,-99.8,-99.8,-99.8
2023-03-26 13:00:00,681.0,-99.8,-99.8,7.7,271.0,13.8,260.0,0.0,-99.8,-99.8,-99.8,-99.8,-99.8,-99.8,-99.8
2023-03-26 14:00:00,681.5,-99.8,-99.8,6.5,281.0,13.0,288.0,0.0,-99.8,-99.8,-99.8,-99.8,-99.8,-99.8,-99.8
2023-03-26 15:00:00,680.6,-99.8,-99.8,6.5,279.0,13.1,293.0,0.0,-99.8,-99.8,-99.8,-99.8,-99.8,-99.8,-99.8
2023-03-26 16:00:00,681.1,-99.8,-99.8,5.1,267.0,11.5,284.0,0.0,-99.8,-99.8,-99.8,-99.8,-99.8,-99.8,-99.8
2023-03-26 17:00:00,680.9,-99.8,-99.8,5.7,271.0,9.5,261.0,0.0,-99.8,-99.8,-99.8,-99.8,-99.8,-99.8,-99.8
2023-03-26 18:00:00,680.4,-99.8,-99.8,6.8,277.0,12.3,260.0,0.0,-99.8,-99.8,-99.8,-99.8,-99.8,-99.8,-99.8
2023-03-26 19:00:00,680.9,-99.8,-99.8,7.8,284.0,15.4,284.0,0.0,-99.8,-99.8,-99.8,-99.8,-99.8,-99.8,-99.8
2023-03-26 20:00:00,681.2,-99.8,-99.8,6.2,272.0,13.3,262.0,0.0,-99.8,-99.8,-99.8,-99.8,-99.8,-99.8,-99.8
2023-03-26 21:00:00,681.5,-99.8,-99.8,6.6,275.0,11.6,281.0,0.0,-99.8,-99.8,-99.8,-99.8,-99.8,-99.8,-99.8
2023-03-26 22:00:00,681.6,-99.8,-99.8,6.4,275.0,12.5,282.0,0.0,-99.8,-99.8,-99.8,-99.8,-99.8,-99.8,-99.8
2023-03-26 23:00:00,681.2,-99.8,-99.8,7.2,272.0,12.0,281.0,0.0,-99.8,-99.8,-99.8,-99.8,-99.8,-99.8,-99.8
2023-03-27 00:00:00,681.8,-99.8,-99.8,6.3,270.0,12.7,261.0,0.5,-99.8,-99.8,-99.8,-99.8,-99.8,-99.8,-99.8
2023-03-27 01:00:00,681.5,-99.8,-99.8,6.8,266.0,13.4,261.0,0.0,-99.8,-99.8,-99.8,-99.8,-99.8,-99.8,-99.8
2023-03-27 02:00:00,681.2,-99.8,-99.8,6.7,271.0,12.7,274.0,0.0,-99.8,-99.8,-99.8,-99.8,-99.8,-99.8,-99.8
2023-03-27 03:00:00,681.0,-99.8,-99.8,6.5,274.0,13.4,262.0,0.0,-99.8,-99.8,-99.8,-99.8,-99.8,-99.8,-99.8
2023-03-27 04:00:00,681.0,-99.8,-99.8,6.4,270.0,12.0,280.0,0.5,-99.8,-99.8,-99.8,-99.8,-99.8,-99.8,-99.8
2023-03-27 05:00:00,681.0,-99.8,-99.8,6.1,276.0,12.3,266.0,0.0,-99.8,-99.8,-99.8,-99.8,-99.8,-99.8,-99.8
2023-03-27 06:00:00,681.3,-99.8,-99.8,6.5,275.0,11.7,274.0,0.0,-99.8,-99.8,-99.8,-99.8,-99.8,-99.8,-99.8
2023-03-27 07:00:00,681.8,-99.8,-99.8,6.3,276.0,11.9,285.0,0.0,-99.8,-99.8,-99.8,-99.8,-99.8,-99.8,-99.8
2023-03-27 08:00:00,682.7,-99.8,-99.8,6.2,276.0,11.9,258.0,0.0,-99.8,-99.8,-99.8,-99.8,-99.8,-99.8,-99.8
2023-03-27 09:00:00,683.3,-99.8,-99.8,7.2,278.0,11.2,258.0,0.0,-99.8,-99.8,-99.8,-99.8,-99.8,-99.8,-99.8
2023-03-27 10:00:00,683.5,-99.8,-99.8,6.8,275.0,13.2,283.0,0.0,-99.8,-99.8,-99.8,-99.8,-99.8,-99.8,-99.8
2023-03-27 11:00:00,683.5,-99.8,-99.8,5.4,270.0,11.7,259.0,0.0,-99.8,-99.8,-99.8,-99.8,-99.8,-99.8,-99.8
2023-03-27 12:00:00,682.9,-99.8,-99.8,6.2,268.0,12.2,267.0,0.0,-99.8,-99.8,-99.8,-99.8,-99.8,-99.8,-99.8
2023-03-27 13:00:00,682.5,-99.8,-99.8,6.4,274.0,11.4,259.0,0.0,-99.8,-99.8,-99.8,-99.8,-99.8,-99.8,-99.8
2023-03-27 14:00:00,682.0,-99.8,-99.8,7.0,267.0,12.9,262.0,0.0,-99.8,-99.8,-99.8,-99.8,-99.8,-99.8,-99.8
2023-03-27 15:00:00,682.1,-99.8,-99.8,4.9,273.0,11.9,264.0,0.0,-99.8,-99.8,-99.8,-99.8,-99.8,-99.8,-99.8
2023-03-27 16:00:00,681.5,-99.8,-99.8,4.0,267.0,9.9,259.0,0.0,-99.8,-99.8,-99.8,-99.8,-99.8,-99.8,-99.8
2023-03-27 17:00:00,681.7,-99.8,-99.8,4.4,249.0,10.6,257.0,0.0,-99.8,-99.8,-99.8,-99.8,-99.8,-99.8,-99.8
2023-03-27 18:00:00,682.0,-99.8,-99.8,4.5,237.0,9.9,251.0,0.0,-99.8,-99.8,-99.8,-99.8,-99.8,-99.8,-99.8
2023-03-27 19:00:00,682.3,-99.8,-99.8,2.3,248.0,9.7,238.0,2.5,-99.8,-99.8,-99.8,-99.8,-99.8,-99.8,-99.8
2023-03-27 20:00:00,682.6,-99.8,-99.8,4.6,267.0,11.0,247.0,1.5,-99.8,-99.8,-99.8,-99.8,-99.8,-99.8,-99.8
2023-03-27 21:00:00,682.8,-99.8,-99.8,3.0,268.0,9.0,264.0,1.0,-99.8,-99.8,-99.8,-99.8,-99.8,-99.8,-99.8
2023-03-27 22:00:00,683.2,-99.8,-99.8,3.9,272.0,10.0,240.0,1.0,-99.8,-99.8,-99.8,-99.8,-99.8,-99.8,-99.8
2023-03-27 23:00:00,683.4,-99.8,-99.8,5.4,271.0,11.4,256.0,1.5,-99.8,-99.8,-99.8,-99.8,-99.8,-99.8,-99.8
2023-03-28 00:00:00,683.5,-99.8,-99.8,5.0,273.0,11.0,251.0,0.0,-99.8,-99.8,-99.8,-99.8,-99.8,-99.8,-99.8
2023-03-28 01:00:00,683.3,-99.8,-99.8,6.0,267.0,12.6,285.0,0.0,-99.8,-99.8,-99.8,-99.8,-99.8,-99.8,-99.8
2023-03-28 02:00:00,682.7,-99.8,-99.8,7.7,274.0,12.6,283.0,4.0,-99.8,-99.8,-99.8,-99.8,-99.8,-99.8,-99.8
2023-03-28 03:00:00,682.6,-99.8,-99.8,6.6,271.0,12.4,277.0,4.5,-99.8,-99.8,-99.8,-99.8,-99.8,-99.8,-99.8
2023-03-28 04:00:00,682.6,-99.8,-99.8,7.1,273.0,13.3,267.0,1.5,-99.8,-99.8,-99.8,-99.8,-99.8,-99.8,-99.8
2023-03-28 05:00:00,682.2,-99.8,-99.8,5.9,267.0,16.2,260.0,0.5,-99.8,-99.8,-99.8,-99.8,-99.8,-99.8,-99.8
2023-03-28 06:00:00,682.3,-99.8,-99.8,5.0,269.0,12.7,281.0,0.0,-99.8,-99.8,-99.8,-99.8,-99.8,-99.8,-99.8
2023-03-28 07:00:00,683.0,-99.8,-99.8,6.2,275.0,11.7,259.0,0.0,-99.8,-99.8,-99.8,-99.8,-99.8,-99.8,-99.8
2023-03-28 08:00:00,683.8,-99.8,-99.8,5.2,274.0,11.7,260.0,0.0,-99.8,-99.8,-99.8,-99.8,-99.8,-99.8,-99.8
2023-03-28 09:00:00,684.5,-99.8,-99.8,5.1,277.0,10.1,264.0,0.0,-99.8,-99.8,-99.8,-99.8,-99.8,-99.8,-99.8
2023-03-28 10:00:00,685.1,-99.8,-99.8,6.0,275.0,10.1,258.0,0.0,-99.8,-99.8,-99.8,-99.8,-99.8,-99.8,-99.8
2023-03-28 11:00:00,685.3,-99.8,-99.8,4.6,269.0,10.5,263.0,0.0,-99.8,-99.8,-99.8,-99.8,-99.8,-99.8,-99.8
2023-03-28 12:00:00,684.9,-99.8,-99.8,4.4,275.0,9.4,258.0,0.0,-99.8,-99.8,-99.8,-99.8,-99.8,-99.8,-99.8
2023-03-28 13:00:00,684.3,-99.8,-99.8,5.5,281.0,9.5,283.0,0.0,-99.8,-99.8,-99.8,-99.8,-99.8,-99.8,-99.8
2023-03-28 14:00:00,683.7,-99.8,-99.8,3.9,277.0,9.4,298.0,0.0,-99.8,-99.8,-99.8,-99.8,-99.8,-99.8,-99.8
2023-03-28 15:00:00,683.6,-99.8,-99.8,4.4,272.0,8.5,289.0,1.0,-99.8,-99.8,-99.8,-99.8,-99.8,-99.8,-99.8
2023-03-28 16:00:00,683.7,-99.8,-99.8,3.4,273.0,8.6,268.0,1.0,-99.8,-99.8,-99.8,-99.8,-99.8,-99.8,-99.8
2023-03-28 17:00:00,683.5,-99.8,-99.8,3.2,272.0,7.0,282.0,0.0,-99.8,-99.8,-99.8,-99.8,-99.8,-99.8,-99.8
2023-03-28 18:00:00,683.5,-99.8,-99.8,4.7,277.0,9.1,260.0,0.0,-99.8,-99.8,-99.8,-99.8,-99.8,-99.8,-99.8
2023-03-28 19:00:00,683.3,-99.8,-99.8,5.0,270.0,8.3,260.0,0.0,-99.8,-99.8,-99.8,-99.8,-99.8,-99.8,-99.8
2023-03-28 20:00:00,683.7,-99.8,-99.8,5.0,279.0,7.9,282.0,0.0,-99.8,-99.8,-99.8,-99.8,-99.8,-99.8,-99.8
2023-03-28 21:00:00,683.8,-99.8,-99.8,4.1,269.0,8.6,261.0,0.0,-99.8,-99.8,-99.8,-99.8,-99.8,-99.8,-99.8
2023-03-28 22:00:00,683.6,-99.8,-99.8,3.4,264.0,8.4,260.0,0.0,-99.8,-99.8,-99.8,-99.8,-99.8,-99.8,-99.8
2023-03-28 23:00:00,684.7,-99.8,-99.8,3.3,265.0,7.3,259.0,0.0,-99.8,-99.8,-99.8,-99.8,-99.8,-99.8,-99.8
2023-03-29 00:00:00,684.7,-99.8,-99.8,3.3,263.0,7.7,257.0,0.0,-99.8,-99.8,-99.8,-99.8,-99.8,-99.8,-99.8
2023-03-29 01:00:00,684.4,-99.8,-99.8,4.4,278.0,9.0,259.0,0.0,-99.8,-99.8,-99.8,-99.8,-99.8,-99.8,-99.8
2023-03-29 02:00:00,682.9,-99.8,-99.8,6.1,295.0,10.0,297.0,0.0,-99.8,-99.8,-99.8,-99.8,-99.8,-99.8,-99.8
2023-03-29 03:00:00,683.1,-99.8,-99.8,5.5,288.0,8.6,295.0,0.0,-99.8,-99.8,-99.8,-99.8,-99.8,-99.8,-99.8
2023-03-29 04:00:00,682.8,-99.8,-99.8,5.1,286.0,9.1,264.0,0.0,-99.8,-99.8,-99.8,-99.8,-99.8,-99.8,-99.8
2023-03-29 05:00:00,682.8,-99.8,-99.8,3.6,275.0,7.3,263.0,0.0,-99.8,-99.8,-99.8,-99.8,-99.8,-99.8,-99.8
2023-03-29 06:00:00,682.3,-99.8,-99.8,1.2,178.0,6.5,306.0,0.0,-99.8,-99.8,-99.8,-99.8,-99.8,-99.8,-99.8
2023-03-29 07:00:00,684.6,-99.8,-99.8,1.6,243.0,3.5,219.0,0.0,-99.8,-99.8,-99.8,-99.8,-99.8,-99.8,-99.8
2023-03-29 08:00:00,685.7,-99.8,-99.8,2.4,245.0,4.5,252.0,0.0,-99.8,-99.8,-99.8,-99.8,-99.8,-99.8,-99.8
2023-03-29 09:00:00,686.1,-99.8,-99.8,3.2,265.0,6.1,246.0,0.0,-99.8,-99.8,-99.8,-99.8,-99.8,-99.8,-99.8
2023-03-29 10:00:00,686.5,-99.8,-99.8,3.5,269.0,7.5,254.0,0.0,-99.8,-99.8,-99.8,-99.8,-99.8,-99.8,-99.8
2023-03-29 11:00:00,684.1,-99.8,-99.8,4.1,264.0,8.0,259.0,0.0,-99.8,-99.8,-99.8,-99.8,-99.8,-99.8,-99.8
2023-03-29 12:00:00,683.6,-99.8,-99.8,3.4,264.0,8.1,250.0,0.0,-99.8,-99.8,-99.8,-99.8,-99.8,-99.8,-99.8
2023-03-29 13:00:00,683.0,-99.8,-99.8,3.8,260.0,9.9,263.0,0.0,-99.8,-99.8,-99.8,-99.8,-99.8,-99.8,-99.8
2023-03-29 14:00:00,682.5,-99.8,-99.8,3.1,259.0,9.4,262.0,0.0,-99.8,-99.8,-99.8,-99.8,-99.8,-99.8,-99.8
2023-03-29 15:00:00,682.1,-99.8,-99.8,3.8,265.0,7.8,272.0,0.0,-99.8,-99.8,-99.8,-99.8,-99.8,-99.8,-99.8
2023-03-29 16:00:00,682.3,-99.8,-99.8,2.8,261.0,8.2,262.0,0.0,-99.8,-99.8,-99.8,-99.8,-99.8,-99.8,-99.8
2023-03-29 17:00:00,682.3,-99.8,-99.8,4.9,252.0,12.5,239.0,0.0,-99.8,-99.8,-99.8,-99.8,-99.8,-99.8,-99.8
2023-03-29 18:00:00,681.9,-99.8,-99.8,7.2,265.0,14.7,251.0,0.0,-99.8,-99.8,-99.8,-99.8,-99.8,-99.8,-99.8
2023-03-29 19:00:00,682.0,-99.8,-99.8,8.1,275.0,14.7,280.0,0.0,-99.8,-99.8,-99.8,-99.8,-99.8,-99.8,-99.8
2023-03-29 20:00:00,683.6,-99.8,-99.8,6.7,280.0,15.8,259.0,0.0,-99.8,-99.8,-99.8,-99.8,-99.8,-99.8,-99.8
2023-03-29 21:00:00,683.9,-99.8,-99.8,6.1,276.0,12.9,261.0,0.0,-99.8,-99.8,-99.8,-99.8,-99.8,-99.8,-99.8
2023-03-29 22:00:00,683.9,-99.8,-99.8,6.1,275.0,13.1,263.0,0.0,-99.8,-99.8,-99.8,-99.8,-99.8,-99.8,-99.8
2023-03-29 23:00:00,683.6,-99.8,-99.8,6.6,278.0,13.0,286.0,0.0,-99.8,-99.8,-99.8,-99.8,-99.8,-99.8,-99.8
2023-03-30 00:00:00,683.3,-99.8,-99.8,7.6,282.0,12.2,284.0,0.0,-99.8,-99.8,-99.8,-99.8,-99.8,-99.8,-99.8
2023-03-30 01:00:00,682.8,-99.8,-99.8,6.6,281.0,12.1,281.0,0.0,-99.8,-99.8,-99.8,-99.8,-99.8,-99.8,-99.8
2023-03-30 02:00:00,682.4,-99.8,-99.8,6.2,279.0,11.2,262.0,0.0,-99.8,-99.8,-99.8,-99.8,-99.8,-99.8,-99.8
2023-03-30 03:00:00,681.9,-99.8,-99.8,8.3,282.0,13.5,282.0,-999.6,-99.8,-99.8,-99.8,-99.8,-99.8,-99.8,-99.8
2023-03-30 04:00:00,681.3,-99.8,-99.8,7.3,282.0,17.2,285.0,0.5,-99.8,-99.8,-99.8,-99.8,-99.8,-99.8,-99.8
2023-03-30 05:00:00,682.1,-99.8,-99.8,6.7,283.0,11.3,283.0,0.0,-99.8,-99.8,-99.8,-99.8,-99.8,-99.8,-99.8
2023-03-30 06:00:00,682.5,-99.8,-99.8,5.9,275.0,12.1,286.0,0.0,-99.8,-99.8,-99.8,-99.8,-99.8,-99.8,-99.8
2023-03-30 07:00:00,682.8,-99.8,-99.8,5.1,277.0,11.0,263.0,0.0,-99.8,-99.8,-99.8,-99.8,-99.8,-99.8,-99.8
2023-03-30 08:00:00,683.1,-99.8,-99.8,5.7,278.0,9.5,262.0,0.0,-99.8,-99.8,-99.8,-99.8,-99.8,-99.8,-99.8
2023-03-30 09:00:00,683.0,-99.8,-99.8,5.9,279.0,10.9,264.0,0.0,-99.8,-99.8,-99.8,-99.8,-99.8,-99.8,-99.8
2023-03-30 10:00:00,683.1,-99.8,-99.8,6.1,274.0,12.0,261.0,1.0,-99.8,-99.8,-99.8,-99.8,-99.8,-99.8,-99.8
2023-03-30 11:00:00,682.9,-99.8,-99.8,6.9,275.0,12.8,264.0,0.0,-99.8,-99.8,-99.8,-99.8,-99.8,-99.8,-99.8
2023-03-30 12:00:00,682.6,-99.8,-99.8,6.7,278.0,11.9,257.0,0.0,-99.8,-99.8,-99.8,-99.8,-99.8,-99.8,-99.8
2023-03-30 13:00:00,682.3,-99.8,-99.8,6.7,278.0,11.7,263.0,0.0,-99.8,-99.8,-99.8,-99.8,-99.8,-99.8,-99.8
2023-03-30 14:00:00,681.8,-99.8,-99.8,6.6,274.0,11.4,265.0,0.0,-99.8,-99.8,-99.8,-99.8,-99.8,-99.8,-99.8
2023-03-30 15:00:00,681.2,-99.8,-99.8,5.9,272.0,11.9,276.0,0.0,-99.8,-99.8,-99.8,-99.8,-99.8,-99.8,-99.8
2023-03-30 16:00:00,680.9,-99.8,-99.8,6.7,272.0,13.0,266.0,0.0,-99.8,-99.8,-99.8,-99.8,-99.8,-99.8,-99.8
2023-03-30 17:00:00,680.6,-99.8,-99.8,8.0,269.0,14.6,280.0,0.5,-99.8,-99.8,-99.8,-99.8,-99.8,-99.8,-99.8
2023-03-30 18:00:00,680.5,-99.8,-99.8,7.6,270.0,15.5,255.0,0.0,-99.8,-99.8,-99.8,-99.8,-99.8,-99.8,-99.8
2023-03-30 19:00:00,680.4,-99.8,-99.8,8.5,270.0,14.4,248.0,0.0,-99.8,-99.8,-99.8,-99.8,-99.8,-99.8,-99.8
2023-03-30 20:00:00,680.5,-99.8,-99.8,7.1,279.0,14.9,259.0,0.0,-99.8,-99.8,-99.8,-99.8,-99.8,-99.8,-99.8
2023-03-30 21:00:00,681.0,-99.8,-99.8,7.4,275.0,15.5,262.0,0.0,-99.8,-99.8,-99.8,-99.8,-99.8,-99.8,-99.8
2023-03-30 22:00:00,681.8,-99.8,-99.8,7.7,271.0,14.2,291.0,0.0,-99.8,-99.8,-99.8,-99.8,-99.8,-99.8,-99.8
2023-03-30 23:00:00,681.0,-99.8,-99.8,7.9,275.0,17.0,274.0,0.0,-99.8,-99.8,-99.8,-99.8,-99.8,-99.8,-99.8
2023-03-31 00:00:00,681.1,-99.8,-99.8,8.4,274.0,16.1,278.0,0.0,-99.8,-99.8,-99.8,-99.8,-99.8,-99.8,-99.8
2023-03-31 01:00:00,-9999.1,-99.8,-99.8,6.8,273.0,15.4,265.0,0.0,-99.8,-99.8,-99.8,-99.8,-99.8,-99.8,-99.8
2023-03-31 02:00:00,-9999.1,-99.8,-99.8,6.8,273.0,14.1,254.0,0.0,-99.8,-99.8,-99.8,-99.8,-99.8,-99.8,-99.8
2023-03-31 03:00:00,-9999.1,-99.8,-99.8,7.3,271.0,18.1,281.0,0.5,-99.8,-99.8,-99.8,-99.8,-99.8,-99.8,-99.8
2023-03-31 04:00:00,-9999.1,-99.8,-99.8,7.2,270.0,13.6,263.0,0.0,-99.8,-99.8,-99.8,-99.8,-99.8,-99.8,-99.8
2023-03-31 05:00:00,-9999.1,-99.8,-99.8,7.3,265.0,15.5,267.0,0.5,-99.8,-99.8,-99.8,-99.8,-99.8,-99.8,-99.8
2023-03-31 06:00:00,-9999.1,-99.8,-99.8,6.8,271.0,16.3,256.0,0.0,-99.8,-99.8,-99.8,-99.8,-99.8,-99.8,-99.8
2023-03-31 07:00:00,-9999.1,-99.8,-99.8,6.5,273.0,13.1,275.0,2.0,-99.8,-99.8,-99.8,-99.8,-99.8,-99.8,-99.8
2023-03-31 08:00:00,-9999.1,-99.8,-99.8,7.4,274.0,13.4,274.0,0.0,-99.8,-99.8,-99.8,-99.8,-99.8,-99.8,-99.8
2023-03-31 09:00:00,-9999.1,-99.8,-99.8,6.5,267.0,14.9,282.0,0.0,-99.8,-99.8,-99.8,-99.8,-99.8,-99.8,-99.8
2023-03-31 10:00:00,-9999.1,-99.8,-99.8,6.4,270.0,14.0,283.0,1.0,-99.8,-99.8,-99.8,-99.8,-99.8,-99.8,-99.8
2023-03-31 11:00:00,-9999.1,-99.8,-99.8,7.3,274.0,14.4,285.0,1.0,-99.8,-99.8,-99.8,-99.8,-99.8,-99.8,-99.8
2023-03-31 12:00:00,-9999.1,-99.8,-99.8,7.3,282.0,13.2,286.0,0.5,-99.8,-99.8,-99.8,-99.8,-99.8,-99.8,-99.8
2023-03-31 13:00:00,-9999.1,-99.8,-99.8,9.3,283.0,15.0,283.0,0.0,-99.8,-99.8,-99.8,-99.8,-99.8,-99.8,-99.8
2023-03-31 14:00:00,-9999.1,-99.8,-99.8,8.6,280.0,14.3,290.0,0.0,-99.8,-99.8,-99.8,-99.8,-99.8,-99.8,-99.8
2023-03-31 15:00:00,-9999.1,-99.8,-99.8,8.5,276.0,16.1,276.0,0.0,-99.8,-99.8,-99.8,-99.8,-99.8,-99.8,-99.8
2023-03-31 16:00:00,-9999.1,-99.8,-99.8,6.6,279.0,14.7,285.0,0.0,-99.8,-99.8,-99.8,-99.8,-99.8,-99.8,-99.8
2023-03-31 17:00:00,-9999.1,-99.8,-99.8,6.8,275.0,13.8,290.0,0.0,-99.8,-99.8,-99.8,-99.8,-99.8,-99.8,-99.8
2023-03-31 18:00:00,-9999.1,-99.8,-99.8,7.3,283.0,14.5,284.0,0.0,-99.8,-99.8,-99.8,-99.8,-99.8,-99.8,-99.8
2023-03-31 19:00:00,-9999.1,-99.8,-99.8,7.6,279.0,12.0,283.0,0.0,-99.8,-99.8,-99.8,-99.8,-99.8,-99.8,-99.8
2023-03-31 20:00:00,-9999.1,-99.8,-99.8,8.3,282.0,12.4,286.0,0.0,-99.8,-99.8,-99.8,-99.8,-99.8,-99.8,-99.8
2023-03-31 21:00:00,-9999.1,-99.8,-99.8,7.1,279.0,13.3,284.0,0.0,-99.8,-99.8,-99.8,-99.8,-99.8,-99.8,-99.8
2023-03-31 22:00:00,-9999.1,-99.8,-99.8,7.1,281.0,11.9,267.0,0.0,-99.8,-99.8,-99.8,-99.8,-99.8,-99.8,-99.8
2023-03-31 23:00:00,-9999.1,-99.8,-99.8,6.2,275.0,14.0,263.0,0.0,-99.8,-99.8,-99.8,-99.8,-99.8,-99.8,-99.8
2023-04-01 00:00:00,-9999.1,-99.8,-99.8,5.5,278.0,12.5,280.0,0.0,-99.8,-99.8,-99.8,-99.8,-99.8,-99.8,-99.8
2023-04-01 01:00:00,682.0,-99.8,-99.8,5.8,274.0,10.6,264.0,0.0,-99.8,-99.8,-99.8,-99.8,-99.8,-99.8,-99.8
2023-04-01 02:00:00,681.6,-99.8,-99.8,6.3,276.0,11.4,278.0,0.5,-99.8,-99.8,-99.8,-99.8,-99.8,-99.8,-99.8
2023-04-01 03:00:00,680.8,-99.8,-99.8,7.4,277.0,15.4,259.0,0.0,-99.8,-99.8,-99.8,-99.8,-99.8,-99.8,-99.8
2023-04-01 04:00:00,681.0,-99.8,-99.8,6.5,273.0,14.4,260.0,0.0,-99.8,-99.8,-99.8,-99.8,-99.8,-99.8,-99.8
2023-04-01 05:00:00,681.3,-99.8,-99.8,6.5,271.0,12.9,264.0,0.0,-99.8,-99.8,-99.8,-99.8,-99.8,-99.8,-99.8
2023-04-01 06:00:00,681.3,-99.8,-99.8,6.2,268.0,13.7,236.0,3.5,-99.8,-99.8,-99.8,-99.8,-99.8,-99.8,-99.8
2023-04-01 07:00:00,681.6,-99.8,-99.8,6.7,273.0,12.9,258.0,3.5,-99.8,-99.8,-99.8,-99.8,-99.8,-99.8,-99.8
2023-04-01 08:00:00,681.4,-99.8,-99.8,6.6,262.0,14.4,258.0,4.5,-99.8,-99.8,-99.8,-99.8,-99.8,-99.8,-99.8
2023-04-01 09:00:00,681.6,-99.8,-99.8,5.9,294.0,11.0,249.0,7.0,-99.8,-99.8,-99.8,-99.8,-99.8,-99.8,-99.8
2023-04-01 10:00:00,681.8,-99.8,-99.8,5.6,278.0,10.0,286.0,4.0,-99.8,-99.8,-99.8,-99.8,-99.8,-99.8,-99.8
2023-04-01 11:00:00,681.1,-99.8,-99.8,8.2,275.0,15.8,299.0,3.0,-99.8,-99.8,-99.8,-99.8,-99.8,-99.8,-99.8
2023-04-01 12:00:00,679.9,-99.8,-99.8,9.1,278.0,19.1,287.0,0.5,-99.8,-99.8,-99.8,-99.8,-99.8,-99.8,-99.8
2023-04-01 13:00:00,680.5,-99.8,-99.8,8.0,278.0,16.0,290.0,1.0,-99.8,-99.8,-99.8,-99.8,-99.8,-99.8,-99.8
2023-04-01 14:00:00,680.4,-99.8,-99.8,8.2,275.0,18.0,261.0,0.5,-99.8,-99.8,-99.8,-99.8,-99.8,-99.8,-99.8
2023-04-01 15:00:00,680.1,-99.8,-99.8,7.1,274.0,14.3,285.0,0.5,-99.8,-99.8,-99.8,-99.8,-99.8,-99.8,-99.8
2023-04-01 16:00:00,680.2,-99.8,-99.8,7.0,272.0,15.8,267.0,0.5,-99.8,-99.8,-99.8,-99.8,-99.8,-99.8,-99.8
2023-04-01 17:00:00,680.3,-99.8,-99.8,7.7,278.0,15.4,261.0,0.5,-99.8,-99.8,-99.8,-99.8,-99.8,-99.8,-99.8
2023-04-01 18:00:00,680.5,-99.8,-99.8,8.5,273.0,14.8,267.0,1.0,-99.8,-99.8,-99.8,-99.8,-99.8,-99.8,-99.8
2023-04-01 19:00:00,680.7,-99.8,-99.8,7.1,271.0,14.7,269.0,2.0,-99.8,-99.8,-99.8,-99.8,-99.8,-99.8,-99.8
2023-04-01 20:00:00,680.1,-99.8,-99.8,8.3,274.0,15.3,266.0,0.0,-99.8,-99.8,-99.8,-99.8,-99.8,-99.8,-99.8
2023-04-01 21:00:00,680.7,-99.8,-99.8,8.0,277.0,16.4,265.0,0.0,-99.8,-99.8,-99.8,-99.8,-99.8,-99.8,-99.8
2023-04-01 22:00:00,681.1,-99.8,-99.8,7.1,273.0,14.2,272.0,0.0,-99.8,-99.8,-99.8,-99.8,-99.8,-99.8,-99.8
2023-04-01 23:00:00,681.1,-99.8,-99.8,8.4,277.0,15.3,282.0,0.0,-99.8,-99.8,-99.8,-99.8,-99.8,-99.8,-99.8
2023-04-02 00:00:00,680.2,-99.8,-99.8,9.3,278.0,14.2,279.0,0.0,-99.8,-99.8,-99.8,-99.8,-99.8,-99.8,-99.8
2023-04-02 01:00:00,680.3,-99.8,-99.8,8.2,280.0,15.9,294.0,0.5,-99.8,-99.8,-99.8,-99.8,-99.8,-99.8,-99.8
2023-04-02 02:00:00,680.9,-99.8,-99.8,7.7,277.0,16.2,292.0,0.0,-99.8,-99.8,-99.8,-99.8,-99.8,-99.8,-99.8
2023-04-02 03:00:00,680.4,-99.8,-99.8,8.1,280.0,14.3,302.0,0.0,-99.8,-99.8,-99.8,-99.8,-99.8,-99.8,-99.8
2023-04-02 04:00:00,680.7,-99.8,-99.8,6.3,274.0,14.7,258.0,0.0,-99.8,-99.8,-99.8,-99.8,-99.8,-99.8,-99.8
2023-04-02 05:00:00,681.3,-99.8,-99.8,6.3,273.0,13.4,265.0,0.0,-99.8,-99.8,-99.8,-99.8,-99.8,-99.8,-99.8
2023-04-02 06:00:00,681.6,-99.8,-99.8,6.5,273.0,12.3,282.0,0.0,-99.8,-99.8,-99.8,-99.8,-99.8,-99.8,-99.8
2023-04-02 07:00:00,681.8,-99.8,-99.8,7.4,281.0,13.0,260.0,0.0,-99.8,-99.8,-99.8,-99.8,-99.8,-99.8,-99.8
2023-04-02 08:00:00,682.2,-99.8,-99.8,8.6,283.0,17.1,284.0,0.0,-99.8,-99.8,-99.8,-99.8,-99.8,-99.8,-99.8
2023-04-02 09:00:00,683.1,-99.8,-99.8,6.8,281.0,13.7,285.0,0.0,-99.8,-99.8,-99.8,-99.8,-99.8,-99.8,-99.8
2023-04-02 10:00:00,683.8,-99.8,-99.8,7.5,282.0,13.9,282.0,0.0,-99.8,-99.8,-99.8,-99.8,-99.8,-99.8,-99.8
2023-04-02 11:00:00,683.2,-99.8,-99.8,8.2,282.0,13.7,282.0,0.0,-99.8,-99.8,-99.8,-99.8,-99.8,-99.8,-99.8
2023-04-02 12:00:00,683.7,-99.8,-99.8,7.7,280.0,12.6,284.0,0.0,-99.8,-99.8,-99.8,-99.8,-99.8,-99.8,-99.8
2023-04-02 13:00:00,682.3,-99.8,-99.8,6.4,280.0,11.3,291.0,0.0,-99.8,-99.8,-99.8,-99.8,-99.8,-99.8,-99.8
2023-04-02 14:00:00,682.0,-99.8,-99.8,6.2,279.0,11.7,266.0,0.0,-99.8,-99.8,-99.8,-99.8,-99.8,-99.8,-99.8
2023-04-02 15:00:00,681.4,-99.8,-99.8,10.5,292.0,13.3,287.0,0.0,-99.8,-99.8,-99.8,-99.8,-99.8,-99.8,-99.8
2023-04-02 16:00:00,681.5,-99.8,-99.8,7.8,288.0,13.2,284.0,0.0,-99.8,-99.8,-99.8,-99.8,-99.8,-99.8,-99.8
2023-04-02 17:00:00,681.5,-99.8,-99.8,6.5,284.0,10.4,290.0,0.0,-99.8,-99.8,-99.8,-99.8,-99.8,-99.8,-99.8
2023-04-02 18:00:00,681.9,-99.8,-99.8,5.4,297.0,8.8,278.0,0.0,-99.8,-99.8,-99.8,-99.8,-99.8,-99.8,-99.8
2023-04-02 19:00:00,682.4,-99.8,-99.8,1.6,292.0,5.8,289.0,0.0,-99.8,-99.8,-99.8,-99.8,-99.8,-99.8,-99.8
2023-04-02 20:00:00,682.7,-99.8,-99.8,2.2,277.0,4.4,282.0,0.0,-99.8,-99.8,-99.8,-99.8,-99.8,-99.8,-99.8
2023-04-02 21:00:00,683.0,-99.8,-99.8,4.4,294.0,6.3,284.0,0.0,-99.8,-99.8,-99.8,-99.8,-99.8,-99.8,-99.8
2023-04-02 22:00:00,682.8,-99.8,-99.8,5.6,287.0,8.1,292.0,0.0,-99.8,-99.8,-99.8,-99.8,-99.8,-99.8,-99.8
2023-04-02 23:00:00,682.5,-99.8,-99.8,6.0,291.0,8.4,295.0,0.0,-99.8,-99.8,-99.8,-99.8,-99.8,-99.8,-99.8
2023-04-03 00:00:00,682.3,-99.8,-99.8,5.1,295.0,7.9,297.0,0.0,-99.8,-99.8,-99.8,-99.8,-99.8,-99.8,-99.8
2023-04-03 01:00:00,681.9,-99.8,-99.8,3.1,294.0,7.1,294.0,0.0,-99.8,-99.8,-99.8,-99.8,-99.8,-99.8,-99.8
2023-04-03 02:00:00,681.8,-99.8,-99.8,2.6,273.0,5.0,287.0,0.0,-99.8,-99.8,-99.8,-99.8,-99.8,-99.8,-99.8
2023-04-03 03:00:00,681.6,-99.8,-99.8,4.8,286.0,6.5,291.0,0.0,-99.8,-99.8,-99.8,-99.8,-99.8,-99.8,-99.8
2023-04-03 04:00:00,681.7,-99.8,-99.8,3.6,277.0,5.8,289.0,0.0,-99.8,-99.8,-99.8,-99.8,-99.8,-99.8,-99.8
2023-04-03 05:00:00,682.2,-99.8,-99.8,5.6,293.0,8.2,289.0,0.0,-99.8,-99.8,-99.8,-99.8,-99.8,-99.8,-99.8
2023-04-03 06:00:00,682.5,-99.8,-99.8,3.4,295.0,7.4,301.0,0.0,-99.8,-99.8,-99.8,-99.8,-99.8,-99.8,-99.8
2023-04-03 07:00:00,683.1,-99.8,-99.8,3.8,297.0,5.9,300.0,0.0,-99.8,-99.8,-99.8,-99.8,-99.8,-99.8,-99.8
2023-04-03 08:00:00,683.5,-99.8,-99.8,5.4,288.0,8.4,295.0,0.0,-99.8,-99.8,-99.8,-99.8,-99.8,-99.8,-99.8
2023-04-03 09:00:00,683.8,-99.8,-99.8,4.4,287.0,9.0,289.0,0.0,-99.8,-99.8,-99.8,-99.8,-99.8,-99.8,-99.8
2023-04-03 10:00:00,684.1,-99.8,-99.8,3.7,286.0,6.9,289.0,0.0,-99.8,-99.8,-99.8,-99.8,-99.8,-99.8,-99.8
2023-04-03 11:00:00,684.1,-99.8,-99.8,4.4,285.0,7.4,289.0,0.0,-99.8,-99.8,-99.8,-99.8,-99.8,-99.8,-99.8
2023-04-03 12:00:00,683.8,-99.8,-99.8,4.2,280.0,7.5,280.0,0.0,-99.8,-99.8,-99.8,-99.8,-99.8,-99.8,-99.8
2023-04-03 13:00:00,683.3,-99.8,-99.8,4.3,276.0,9.2,284.0,0.0,-99.8,-99.8,-99.8,-99.8,-99.8,-99.8,-99.8
2023-04-03 14:00:00,682.8,-99.8,-99.8,3.8,279.0,7.6,289.0,0.0,-99.8,-99.8,-99.8,-99.8,-99.8,-99.8,-99.8
2023-04-03 15:00:00,682.5,-99.8,-99.8,4.4,276.0,8.1,294.0,0.0,-99.8,-99.8,-99.8,-99.8,-99.8,-99.8,-99.8
2023-04-03 16:00:00,682.5,-99.8,-99.8,3.0,274.0,6.7,281.0,0.0,-99.8,-99.8,-99.8,-99.8,-99.8,-99.8,-99.8
2023-04-03 17:00:00,682.5,-99.8,-99.8,2.7,277.0,6.5,288.0,0.0,-99.8,-99.8,-99.8,-99.8,-99.8,-99.8,-99.8
2023-04-03 18:00:00,682.8,-99.8,-99.8,1.4,291.0,4.9,285.0,0.0,-99.8,-99.8,-99.8,-99.8,-99.8,-99.8,-99.8
2023-04-03 19:00:00,683.2,-99.8,-99.8,1.6,300.0,4.0,295.0,0.0,-99.8,-99.8,-99.8,-99.8,-99.8,-99.8,-99.8
2023-04-03 20:00:00,683.7,-99.8,-99.8,2.4,311.0,5.6,295.0,0.0,-99.8,-99.8,-99.8,-99.8,-99.8,-99.8,-99.8
2023-04-03 21:00:00,684.2,-99.8,-99.8,3.6,297.0,6.0,301.0,0.0,-99.8,-99.8,-99.8,-99.8,-99.8,-99.8,-99.8
2023-04-03 22:00:00,684.3,-99.8,-99.8,1.1,311.0,4.7,300.0,0.0,-99.8,-99.8,-99.8,-99.8,-99.8,-99.8,-99.8
2023-04-03 23:00:00,684.1,-99.8,-99.8,0.4,355.0,2.9,327.0,0.0,-99.8,-99.8,-99.8,-99.8,-99.8,-99.8,-99.8
2023-04-04 00:00:00,683.8,-99.8,-99.8,1.3,298.0,3.0,302.0,0.0,-99.8,-99.8,-99.8,-99.8,-99.8,-99.8,-99.8
2023-04-04 01:00:00,683.3,-99.8,-99.8,3.1,279.0,4.3,284.0,0.0,-99.8,-99.8,-99.8,-99.8,-99.8,-99.8,-99.8
2023-04-04 02:00:00,682.9,-99.8,-99.8,4.9,283.0,7.3,288.0,0.0,-99.8,-99.8,-99.8,-99.8,-99.8,-99.8,-99.8
2023-04-04 03:00:00,682.6,-99.8,-99.8,4.9,291.0,6.9,288.0,0.0,-99.8,-99.8,-99.8,-99.8,-99.8,-99.8,-99.8
2023-04-04 04:00:00,682.3,-99.8,-99.8,4.5,280.0,7.2,289.0,0.0,-99.8,-99.8,-99.8,-99.8,-99.8,-99.8,-99.8
2023-04-04 05:00:00,682.5,-99.8,-99.8,5.5,284.0,9.1,289.0,0.0,-99.8,-99.8,-99.8,-99.8,-99.8,-99.8,-99.8
2023-04-04 06:00:00,682.7,-99.8,-99.8,5.4,284.0,8.4,285.0,0.0,-99.8,-99.8,-99.8,-99.8,-99.8,-99.8,-99.8
2023-04-04 07:00:00,683.2,-99.8,-99.8,4.2,278.0,7.8,290.0,0.0,-99.8,-99.8,-99.8,-99.8,-99.8,-99.8,-99.8
2023-04-04 08:00:00,683.6,-99.8,-99.8,4.2,275.0,8.3,290.0,0.0,-99.8,-99.8,-99.8,-99.8,-99.8,-99.8,-99.8
2023-04-04 09:00:00,683.8,-99.8,-99.8,5.1,281.0,9.0,285.0,0.0,-99.8,-99.8,-99.8,-99.8,-99.8,-99.8,-99.8
2023-04-04 10:00:00,683.8,-99.8,-99.8,5.0,276.0,9.0,270.0,0.0,-99.8,-99.8,-99.8,-99.8,-99.8,-99.8,-99.8
2023-04-04 11:00:00,683.7,-99.8,-99.8,5.4,273.0,10.9,287.0,0.0,-99.8,-99.8,-99.8,-99.8,-99.8,-99.8,-99.8
2023-04-04 12:00:00,683.3,-99.8,-99.8,5.5,277.0,11.3,290.0,0.0,-99.8,-99.8,-99.8,-99.8,-99.8,-99.8,-99.8
2023-04-04 13:00:00,682.8,-99.8,-99.8,5.3,274.0,10.8,281.0,0.0,-99.8,-99.8,-99.8,-99.8,-99.8,-99.8,-99.8
2023-04-04 14:00:00,682.3,-99.8,-99.8,5.6,270.0,10.6,264.0,0.0,-99.8,-99.8,-99.8,-99.8,-99.8,-99.8,-99.8
2023-04-04 15:00:00,681.8,-99.8,-99.8,6.4,276.0,13.9,287.0,0.0,-99.8,-99.8,-99.8,-99.8,-99.8,-99.8,-99.8
2023-04-04 16:00:00,681.8,-99.8,-99.8,5.2,275.0,10.4,277.0,0.0,-99.8,-99.8,-99.8,-99.8,-99.8,-99.8,-99.8
2023-04-04 17:00:00,681.8,-99.8,-99.8,4.6,277.0,8.9,285.0,0.0,-99.8,-99.8,-99.8,-99.8,-99.8,-99.8,-99.8
2023-04-04 18:00:00,682.1,-99.8,-99.8,4.4,275.0,8.5,268.0,0.0,-99.8,-99.8,-99.8,-99.8,-99.8,-99.8,-99.8
2023-04-04 19:00:00,682.5,-99.8,-99.8,3.9,273.0,8.3,257.0,0.0,-99.8,-99.8,-99.8,-99.8,-99.8,-99.8,-99.8
2023-04-04 20:00:00,682.8,-99.8,-99.8,4.7,277.0,7.7,283.0,0.0,-99.8,-99.8,-99.8,-99.8,-99.8,-99.8,-99.8
2023-04-04 21:00:00,683.3,-99.8,-99.8,5.5,270.0,9.9,256.0,0.0,-99.8,-99.8,-99.8,-99.8,-99.8,-99.8,-99.8
2023-04-04 22:00:00,683.2,-99.8,-99.8,5.5,281.0,11.2,257.0,0.0,-99.8,-99.8,-99.8,-99.8,-99.8,-99.8,-99.8
2023-04-04 23:00:00,683.1,-99.8,-99.8,6.3,270.0,11.5,285.0,0.0,-99.8,-99.8,-99.8,-99.8,-99.8,-99.8,-99.8
2023-04-05 00:00:00,682.8,-99.8,-99.8,5.3,275.0,11.9,252.0,0.0,-99.8,-99.8,-99.8,-99.8,-99.8,-99.8,-99.8
2023-04-05 01:00:00,682.8,-99.8,-99.8,4.6,269.0,9.8,289.0,0.0,-99.8,-99.8,-99.8,-99.8,-99.8,-99.8,-99.8
2023-04-05 02:00:00,682.5,-99.8,-99.8,5.7,264.0,11.2,249.0,0.0,-99.8,-99.8,-99.8,-99.8,-99.8,-99.8,-99.8
2023-04-05 03:00:00,682.4,-99.8,-99.8,4.8,274.0,11.7,262.0,0.0,-99.8,-99.8,-99.8,-99.8,-99.8,-99.8,-99.8
2023-04-05 04:00:00,682.0,-99.8,-99.8,5.6,273.0,11.2,261.0,0.0,-99.8,-99.8,-99.8,-99.8,-99.8,-99.8,-99.8
2023-04-05 05:00:00,682.1,-99.8,-99.8,4.9,277.0,9.2,287.0,0.0,-99.8,-99.8,-99.8,-99.8,-99.8,-99.8,-99.8
2023-04-05 06:00:00,682.6,-99.8,-99.8,4.9,275.0,10.5,262.0,0.0,-99.8,-99.8,-99.8,-99.8,-99.8,-99.8,-99.8
2023-04-05 07:00:00,682.9,-99.8,-99.8,4.2,275.0,9.6,283.0,0.0,-99.8,-99.8,-99.8,-99.8,-99.8,-99.8,-99.8
2023-04-05 08:00:00,683.3,-99.8,-99.8,4.4,271.0,9.0,259.0,0.0,-99.8,-99.8,-99.8,-99.8,-99.8,-99.8,-99.8
2023-04-05 09:00:00,683.6,-99.8,-99.8,4.1,274.0,8.8,286.0,0.0,-99.8,-99.8,-99.8,-99.8,-99.8,-99.8,-99.8
2023-04-05 10:00:00,683.5,-99.8,-99.8,8.2,282.0,12.6,287.0,0.0,-99.8,-99.8,-99.8,-99.8,-99.8,-99.8,-99.8
2023-04-05 11:00:00,683.8,-99.8,-99.8,6.5,281.0,14.2,286.0,0.0,-99.8,-99.8,-99.8,-99.8,-99.8,-99.8,-99.8
2023-04-05 12:00:00,683.4,-99.8,-99.8,8.3,283.0,13.3,289.0,0.0,-99.8,-99.8,-99.8,-99.8,-99.8,-99.8,-99.8
2023-04-05 13:00:00,683.0,-99.8,-99.8,6.1,283.0,11.3,285.0,0.0,-99.8,-99.8,-99.8,-99.8,-99.8,-99.8,-99.8
2023-04-05 14:00:00,682.5,-99.8,-99.8,5.3,279.0,12.8,284.0,0.0,-99.8,-99.8,-99.8,-99.8,-99.8,-99.8,-99.8
2023-04-05 15:00:00,682.7,-99.8,-99.8,7.6,282.0,12.4,281.0,0.0,-99.8,-99.8,-99.8,-99.8,-99.8,-99.8,-99.8
2023-04-05 16:00:00,682.2,-99.8,-99.8,6.8,273.0,16.0,262.0,0.0,-99.8,-99.8,-99.8,-99.8,-99.8,-99.8,-99.8
2023-04-05 17:00:00,682.3,-99.8,-99.8,6.9,271.0,15.3,259.0,0.0,-99.8,-99.8,-99.8,-99.8,-99.8,-99.8,-99.8
2023-04-05 18:00:00,682.7,-99.8,-99.8,6.1,273.0,13.4,293.0,0.5,-99.8,-99.8,-99.8,-99.8,-99.8,-99.8,-99.8
2023-04-05 19:00:00,682.8,-99.8,-99.8,6.5,271.0,14.7,271.0,0.0,-99.8,-99.8,-99.8,-99.8,-99.8,-99.8,-99.8
2023-04-05 20:00:00,683.7,-99.8,-99.8,6.4,271.0,14.0,268.0,0.5,-99.8,-99.8,-99.8,-99.8,-99.8,-99.8,-99.8
2023-04-05 21:00:00,683.3,-99.8,-99.8,8.1,270.0,15.5,285.0,3.5,-99.8,-99.8,-99.8,-99.8,-99.8,-99.8,-99.8
2023-04-05 22:00:00,684.1,-99.8,-99.8,6.5,273.0,16.5,252.0,0.0,-99.8,-99.8,-99.8,-99.8,-99.8,-99.8,-99.8
2023-04-05 23:00:00,683.9,-99.8,-99.8,7.4,284.0,13.4,307.0,0.0,-99.8,-99.8,-99.8,-99.8,-99.8,-99.8,-99.8
2023-04-06 00:00:00,683.8,-99.8,-99.8,5.8,282.0,13.4,307.0,0.0,-99.8,-99.8,-99.8,-99.8,-99.8,-99.8,-99.8
2023-04-06 01:00:00,684.0,-99.8,-99.8,5.5,274.0,11.7,290.0,0.0,-99.8,-99.8,-99.8,-99.8,-99.8,-99.8,-99.8
2023-04-06 02:00:00,684.0,-99.8,-99.8,5.9,274.0,11.8,283.0,0.0,-99.8,-99.8,-99.8,-99.8,-99.8,-99.8,-99.8
2023-04-06 03:00:00,683.2,-99.8,-99.8,8.3,281.0,13.5,308.0,0.0,-99.8,-99.8,-99.8,-99.8,-99.8,-99.8,-99.8
2023-04-06 04:00:00,683.3,-99.8,-99.8,5.5,281.0,13.2,294.0,0.0,-99.8,-99.8,-99.8,-99.8,-99.8,-99.8,-99.8
2023-04-06 05:00:00,683.1,-99.8,-99.8,5.8,277.0,13.7,302.0,0.0,-99.8,-99.8,-99.8,-99.8,-99.8,-99.8,-99.8
2023-04-06 06:00:00,682.2,-99.8,-99.8,7.0,281.0,12.6,285.0,0.0,-99.8,-99.8,-99.8,-99.8,-99.8,-99.8,-99.8
2023-04-06 07:00:00,683.2,-99.8,-99.8,6.4,275.0,14.6,282.0,0.0,-99.8,-99.8,-99.8,-99.8,-99.8,-99.8,-99.8
2023-04-06 08:00:00,683.8,-99.8,-99.8,6.2,280.0,11.8,268.0,0.0,-99.8,-99.8,-99.8,-99.8,-99.8,-99.8,-99.8
2023-04-06 09:00:00,684.9,-99.8,-99.8,3.8,274.0,11.0,259.0,0.0,-99.8,-99.8,-99.8,-99.8,-99.8,-99.8,-99.8
2023-04-06 10:00:00,685.1,-99.8,-99.8,4.3,280.0,9.1,252.0,0.0,-99.8,-99.8,-99.8,-99.8,-99.8,-99.8,-99.8
2023-04-06 11:00:00,685.0,-99.8,-99.8,3.9,273.0,8.0,284.0,0.0,-99.8,-99.8,-99.8,-99.8,-99.8,-99.8,-99.8
2023-04-06 12:00:00,684.5,-99.8,-99.8,3.8,267.0,7.8,257.0,0.0,-99.8,-99.8,-99.8,-99.8,-99.8,-99.8,-99.8
2023-04-06 13:00:00,683.8,-99.8,-99.8,3.6,267.0,7.0,257.0,0.0,-99.8,-99.8,-99.8,-99.8,-99.8,-99.8,-99.8
2023-04-06 14:00:00,683.4,-99.8,-99.8,3.7,266.0,7.7,252.0,0.0,-99.8,-99.8,-99.8,-99.8,-99.8,-99.8,-99.8
2023-04-06 15:00:00,683.1,-99.8,-99.8,4.6,271.0,9.3,254.0,0.0,-99.8,-99.8,-99.8,-99.8,-99.8,-99.8,-99.8
2023-04-06 16:00:00,682.9,-99.8,-99.8,5.5,280.0,9.8,290.0,0.5,-99.8,-99.8,-99.8,-99.8,-99.8,-99.8,-99.8
2023-04-06 17:00:00,682.6,-99.8,-99.8,7.3,282.0,12.8,271.0,0.5,-99.8,-99.8,-99.8,-99.8,-99.8,-99.8,-99.8
2023-04-06 18:00:00,682.6,-99.8,-99.8,6.6,275.0,12.8,263.0,-999.6,-99.8,-99.8,-99.8,-99.8,-99.8,-99.8,-99.8
2023-04-06 19:00:00,682.7,-99.8,-99.8,6.7,271.0,13.5,281.0,0.0,-99.8,-99.8,-99.8,-99.8,-99.8,-99.8,-99.8
2023-04-06 20:00:00,682.6,-99.8,-99.8,6.5,277.0,12.5,287.0,0.0,-99.8,-99.8,-99.8,-99.8,-99.8,-99.8,-99.8
2023-04-06 21:00:00,682.6,-99.8,-99.8,5.8,275.0,12.5,265.0,0.0,-99.8,-99.8,-99.8,-99.8,-99.8,-99.8,-99.8
2023-04-06 22:00:00,682.5,-99.8,-99.8,5.8,275.0,12.2,253.0,0.0,-99.8,-99.8,-99.8,-99.8,-99.8,-99.8,-99.8
2023-04-06 23:00:00,683.2,-99.8,-99.8,5.9,272.0,12.6,288.0,0.0,-99.8,-99.8,-99.8,-99.8,-99.8,-99.8,-99.8
2023-04-07 00:00:00,683.7,-99.8,-99.8,6.0,278.0,12.9,263.0,0.0,-99.8,-99.8,-99.8,-99.8,-99.8,-99.8,-99.8
2023-04-07 01:00:00,683.6,-99.8,-99.8,6.7,277.0,12.8,291.0,0.0,-99.8,-99.8,-99.8,-99.8,-99.8,-99.8,-99.8
2023-04-07 02:00:00,683.3,-99.8,-99.8,5.9,274.0,13.6,288.0,0.0,-99.8,-99.8,-99.8,-99.8,-99.8,-99.8,-99.8
2023-04-07 03:00:00,683.0,-99.8,-99.8,6.0,276.0,12.2,285.0,0.0,-99.8,-99.8,-99.8,-99.8,-99.8,-99.8,-99.8
2023-04-07 04:00:00,682.9,-99.8,-99.8,4.6,264.0,10.3,259.0,0.5,-99.8,-99.8,-99.8,-99.8,-99.8,-99.8,-99.8
2023-04-07 05:00:00,683.1,-99.8,-99.8,5.8,274.0,14.4,267.0,1.0,-99.8,-99.8,-99.8,-99.8,-99.8,-99.8,-99.8
2023-04-07 06:00:00,683.4,-99.8,-99.8,4.7,273.0,9.9,257.0,2.5,-99.8,-99.8,-99.8,-99.8,-99.8,-99.8,-99.8
2023-04-07 07:00:00,683.3,-99.8,-99.8,7.6,273.0,12.7,273.0,5.0,-99.8,-99.8,-99.8,-99.8,-99.8,-99.8,-99.8
2023-04-07 08:00:00,681.6,-99.8,-99.8,6.2,275.0,14.9,260.0,1.0,-99.8,-99.8,-99.8,-99.8,-99.8,-99.8,-99.8
2023-04-07 09:00:00,683.4,-99.8,-99.8,6.9,281.0,9.9,281.0,0.5,-99.8,-99.8,-99.8,-99.8,-99.8,-99.8,-99.8
2023-04-07 10:00:00,683.8,-99.8,-99.8,7.4,276.0,14.9,282.0,0.5,-99.8,-99.8,-99.8,-99.8,-99.8,-99.8,-99.8
2023-04-07 11:00:00,683.8,-99.8,-99.8,7.8,270.0,14.2,267.0,0.0,-99.8,-99.8,-99.8,-99.8,-99.8,-99.8,-99.8
2023-04-07 12:00:00,682.3,-99.8,-99.8,7.5,272.0,15.3,288.0,0.0,-99.8,-99.8,-99.8,-99.8,-99.8,-99.8,-99.8
2023-04-07 13:00:00,681.7,-99.8,-99.8,8.7,273.0,15.5,272.0,0.0,-99.8,-99.8,-99.8,-99.8,-99.8,-99.8,-99.8
2023-04-07 14:00:00,680.7,-99.8,-99.8,9.5,269.0,18.8,266.0,0.0,-99.8,-99.8,-99.8,-99.8,-99.8,-99.8,-99.8
2023-04-07 15:00:00,680.8,-99.8,-99.8,10.1,270.0,20.3,283.0,0.0,-99.8,-99.8,-99.8,-99.8,-99.8,-99.8,-99.8
2023-04-07 16:00:00,681.1,-99.8,-99.8,9.4,273.0,19.5,283.0,0.0,-99.8,-99.8,-99.8,-99.8,-99.8,-99.8,-99.8
2023-04-07 17:00:00,680.7,-99.8,-99.8,9.2,266.0,18.5,251.0,0.0,-99.8,-99.8,-99.8,-99.8,-99.8,-99.8,-99.8
2023-04-07 18:00:00,681.3,-99.8,-99.8,7.8,263.0,19.4,258.0,0.0,-99.8,-99.8,-99.8,-99.8,-99.8,-99.8,-99.8
2023-04-07 19:00:00,681.6,-99.8,-99.8,7.7,268.0,15.1,277.0,0.0,-99.8,-99.8,-99.8,-99.8,-99.8,-99.8,-99.8
2023-04-07 20:00:00,681.9,-99.8,-99.8,7.0,273.0,16.2,285.0,0.0,-99.8,-99.8,-99.8,-99.8,-99.8,-99.8,-99.8
2023-04-07 21:00:00,682.5,-99.8,-99.8,6.8,276.0,13.8,285.0,0.0,-99.8,-99.8,-99.8,-99.8,-99.8,-99.8,-99.8
2023-04-07 22:00:00,682.7,-99.8,-99.8,7.4,279.0,14.0,290.0,0.0,-99.8,-99.8,-99.8,-99.8,-99.8,-99.8,-99.8
2023-04-07 23:00:00,682.6,-99.8,-99.8,8.5,285.0,14.8,287.0,0.0,-99.8,-99.8,-99.8,-99.8,-99.8,-99.8,-99.8
2023-04-08 00:00:00,682.1,-99.8,-99.8,9.7,285.0,15.7,282.0,0.0,-99.8,-99.8,-99.8,-99.8,-99.8,-99.8,-99.8
2023-04-08 01:00:00,681.4,-99.8,-99.8,10.4,285.0,17.3,304.0,0.0,-99.8,-99.8,-99.8,-99.8,-99.8,-99.8,-99.8
2023-04-08 02:00:00,681.4,-99.8,-99.8,11.3,286.0,17.9,286.0,0.0,-99.8,-99.8,-99.8,-99.8,-99.8,-99.8,-99.8
2023-04-08 03:00:00,680.5,-99.8,-99.8,13.0,287.0,18.2,288.0,0.0,-99.8,-99.8,-99.8,-99.8,-99.8,-99.8,-99.8
2023-04-08 04:00:00,680.9,-99.8,-99.8,13.5,292.0,21.3,296.0,0.0,-99.8,-99.8,-99.8,-99.8,-99.8,-99.8,-99.8
2023-04-08 05:00:00,680.9,-99.8,-99.8,12.6,286.0,21.7,291.0,0.0,-99.8,-99.8,-99.8,-99.8,-99.8,-99.8,-99.8
2023-04-08 06:00:00,681.6,-99.8,-99.8,14.4,296.0,22.0,299.0,0.0,-99.8,-99.8,-99.8,-99.8,-99.8,-99.8,-99.8
2023-04-08 07:00:00,682.8,-99.8,-99.8,11.5,289.0,20.4,301.0,0.0,-99.8,-99.8,-99.8,-99.8,-99.8,-99.8,-99.8
2023-04-08 08:00:00,683.7,-99.8,-99.8,11.1,278.0,20.7,302.0,0.0,-99.8,-99.8,-99.8,-99.8,-99.8,-99.8,-99.8
2023-04-08 09:00:00,684.0,-99.8,-99.8,10.3,283.0,19.0,286.0,0.0,-99.8,-99.8,-99.8,-99.8,-99.8,-99.8,-99.8
2023-04-08 10:00:00,684.2,-99.8,-99.8,9.8,282.0,18.1,282.0,0.0,-99.8,-99.8,-99.8,-99.8,-99.8,-99.8,-99.8
2023-04-08 11:00:00,684.2,-99.8,-99.8,7.4,276.0,16.2,284.0,0.0,-99.8,-99.8,-99.8,-99.8,-99.8,-99.8,-99.8
2023-04-08 12:00:00,683.6,-99.8,-99.8,9.2,277.0,15.1,288.0,0.0,-99.8,-99.8,-99.8,-99.8,-99.8,-99.8,-99.8
2023-04-08 13:00:00,683.0,-99.8,-99.8,10.7,282.0,18.2,284.0,0.0,-99.8,-99.8,-99.8,-99.8,-99.8,-99.8,-99.8
2023-04-08 14:00:00,683.0,-99.8,-99.8,10.0,278.0,17.1,287.0,0.0,-99.8,-99.8,-99.8,-99.8,-99.8,-99.8,-99.8
2023-04-08 15:00:00,682.4,-99.8,-99.8,8.5,278.0,18.0,285.0,0.0,-99.8,-99.8,-99.8,-99.8,-99.8,-99.8,-99.8
2023-04-08 16:00:00,682.3,-99.8,-99.8,9.0,282.0,15.3,282.0,0.0,-99.8,-99.8,-99.8,-99.8,-99.8,-99.8,-99.8
2023-04-08 17:00:00,682.2,-99.8,-99.8,8.0,281.0,15.0,287.0,0.0,-99.8,-99.8,-99.8,-99.8,-99.8,-99.8,-99.8
2023-04-08 18:00:00,681.7,-99.8,-99.8,6.7,287.0,12.5,285.0,0.0,-99.8,-99.8,-99.8,-99.8,-99.8,-99.8,-99.8
2023-04-08 19:00:00,682.1,-99.8,-99.8,10.3,294.0,15.0,298.0,0.0,-99.8,-99.8,-99.8,-99.8,-99.8,-99.8,-99.8
2023-04-08 20:00:00,683.6,-99.8,-99.8,9.3,281.0,15.7,304.0,0.0,-99.8,-99.8,-99.8,-99.8,-99.8,-99.8,-99.8
2023-04-08 21:00:00,684.0,-99.8,-99.8,5.4,276.0,11.4,287.0,0.0,-99.8,-99.8,-99.8,-99.8,-99.8,-99.8,-99.8
2023-04-08 22:00:00,683.9,-99.8,-99.8,6.2,282.0,11.7,286.0,0.0,-99.8,-99.8,-99.8,-99.8,-99.8,-99.8,-99.8
2023-04-08 23:00:00,683.5,-99.8,-99.8,7.9,284.0,12.7,283.0,0.0,-99.8,-99.8,-99.8,-99.8,-99.8,-99.8,-99.8
2023-04-09 00:00:00,683.1,-99.8,-99.8,8.8,287.0,11.7,284.0,0.0,-99.8,-99.8,-99.8,-99.8,-99.8,-99.8,-99.8
2023-04-09 01:00:00,682.8,-99.8,-99.8,8.3,287.0,14.4,284.0,0.0,-99.8,-99.8,-99.8,-99.8,-99.8,-99.8,-99.8
2023-04-09 02:00:00,682.4,-99.8,-99.8,8.5,285.0,14.4,285.0,0.0,-99.8,-99.8,-99.8,-99.8,-99.8,-99.8,-99.8
2023-04-09 03:00:00,682.0,-99.8,-99.8,8.1,284.0,13.9,288.0,0.0,-99.8,-99.8,-99.8,-99.8,-99.8,-99.8,-99.8
2023-04-09 04:00:00,681.7,-99.8,-99.8,10.0,283.0,15.3,264.0,0.0,-99.8,-99.8,-99.8,-99.8,-99.8,-99.8,-99.8
2023-04-09 05:00:00,682.3,-99.8,-99.8,10.4,283.0,16.6,286.0,0.0,-99.8,-99.8,-99.8,-99.8,-99.8,-99.8,-99.8
2023-04-09 06:00:00,682.4,-99.8,-99.8,10.2,283.0,16.3,299.0,0.0,-99.8,-99.8,-99.8,-99.8,-99.8,-99.8,-99.8
2023-04-09 07:00:00,683.0,-99.8,-99.8,9.3,282.0,18.0,284.0,0.0,-99.8,-99.8,-99.8,-99.8,-99.8,-99.8,-99.8
2023-04-09 08:00:00,683.4,-99.8,-99.8,10.2,285.0,15.3,285.0,0.0,-99.8,-99.8,-99.8,-99.8,-99.8,-99.8,-99.8
2023-04-09 09:00:00,684.6,-99.8,-99.8,8.7,290.0,14.1,285.0,0.0,-99.8,-99.8,-99.8,-99.8,-99.8,-99.8,-99.8
2023-04-09 10:00:00,684.0,-99.8,-99.8,9.1,293.0,14.1,287.0,0.0,-99.8,-99.8,-99.8,-99.8,-99.8,-99.8,-99.8
2023-04-09 11:00:00,684.1,-99.8,-99.8,6.3,285.0,12.6,286.0,0.0,-99.8,-99.8,-99.8,-99.8,-99.8,-99.8,-99.8
2023-04-09 12:00:00,683.6,-99.8,-99.8,6.0,287.0,10.5,287.0,0.0,-99.8,-99.8,-99.8,-99.8,-99.8,-99.8,-99.8
2023-04-09 13:00:00,683.0,-99.8,-99.8,6.2,282.0,10.5,287.0,0.0,-99.8,-99.8,-99.8,-99.8,-99.8,-99.8,-99.8
2023-04-09 14:00:00,682.4,-99.8,-99.8,6.5,282.0,11.1,294.0,0.0,-99.8,-99.8,-99.8,-99.8,-99.8,-99.8,-99.8
2023-04-09 15:00:00,682.0,-99.8,-99.8,6.8,283.0,12.5,292.0,0.0,-99.8,-99.8,-99.8,-99.8,-99.8,-99.8,-99.8
2023-04-09 16:00:00,681.8,-99.8,-99.8,6.6,283.0,11.9,286.0,0.0,-99.8,-99.8,-99.8,-99.8,-99.8,-99.8,-99.8
2023-04-09 17:00:00,682.0,-99.8,-99.8,4.9,284.0,9.6,291.0,0.0,-99.8,-99.8,-99.8,-99.8,-99.8,-99.8,-99.8
2023-04-09 18:00:00,682.1,-99.8,-99.8,5.0,285.0,8.3,283.0,0.0,-99.8,-99.8,-99.8,-99.8,-99.8,-99.8,-99.8
2023-04-09 19:00:00,682.3,-99.8,-99.8,6.5,293.0,7.9,286.0,0.0,-99.8,-99.8,-99.8,-99.8,-99.8,-99.8,-99.8
2023-04-09 20:00:00,682.9,-99.8,-99.8,4.2,286.0,8.2,286.0,0.0,-99.8,-99.8,-99.8,-99.8,-99.8,-99.8,-99.8
2023-04-09 21:00:00,683.2,-99.8,-99.8,3.9,290.0,6.3,290.0,0.0,-99.8,-99.8,-99.8,-99.8,-99.8,-99.8,-99.8
2023-04-09 22:00:00,683.4,-99.8,-99.8,2.9,299.0,4.9,286.0,0.0,-99.8,-99.8,-99.8,-99.8,-99.8,-99.8,-99.8
2023-04-09 23:00:00,683.3,-99.8,-99.8,3.0,274.0,3.9,277.0,0.0,-99.8,-99.8,-99.8,-99.8,-99.8,-99.8,-99.8
2023-04-10 00:00:00,682.9,-99.8,-99.8,4.4,284.0,4.9,284.0,0.0,-99.8,-99.8,-99.8,-99.8,-99.8,-99.8,-99.8
2023-04-10 01:00:00,682.6,-99.8,-99.8,3.2,267.0,6.1,287.0,0.0,-99.8,-99.8,-99.8,-99.8,-99.8,-99.8,-99.8
2023-04-10 02:00:00,682.4,-99.8,-99.8,1.5,284.0,5.3,286.0,0.0,-99.8,-99.8,-99.8,-99.8,-99.8,-99.8,-99.8
2023-04-10 03:00:00,682.5,-99.8,-99.8,1.1,218.0,3.0,216.0,0.0,-99.8,-99.8,-99.8,-99.8,-99.8,-99.8,-99.8
2023-04-10 04:00:00,682.5,-99.8,-99.8,1.9,232.0,3.6,241.0,0.0,-99.8,-99.8,-99.8,-99.8,-99.8,-99.8,-99.8
2023-04-10 05:00:00,682.7,-99.8,-99.8,0.9,117.0,3.8,238.0,0.0,-99.8,-99.8,-99.8,-99.8,-99.8,-99.8,-99.8
2023-04-10 06:00:00,683.1,-99.8,-99.8,1.2,192.0,3.3,173.0,0.0,-99.8,-99.8,-99.8,-99.8,-99.8,-99.8,-99.8
2023-04-10 07:00:00,683.3,-99.8,-99.8,4.1,290.0,5.9,292.0,0.0,-99.8,-99.8,-99.8,-99.8,-99.8,-99.8,-99.8
2023-04-10 08:00:00,683.5,-99.8,-99.8,5.0,292.0,7.0,291.0,0.0,-99.8,-99.8,-99.8,-99.8,-99.8,-99.8,-99.8
2023-04-10 09:00:00,684.0,-99.8,-99.8,4.6,288.0,6.0,290.0,0.0,-99.8,-99.8,-99.8,-99.8,-99.8,-99.8,-99.8
2023-04-10 10:00:00,683.8,-99.8,-99.8,6.3,286.0,10.0,284.0,0.0,-99.8,-99.8,-99.8,-99.8,-99.8,-99.8,-99.8
2023-04-10 11:00:00,683.8,-99.8,-99.8,8.0,286.0,12.6,288.0,0.0,-99.8,-99.8,-99.8,-99.8,-99.8,-99.8,-99.8
2023-04-10 12:00:00,683.4,-99.8,-99.8,8.1,285.0,13.5,286.0,0.0,-99.8,-99.8,-99.8,-99.8,-99.8,-99.8,-99.8
2023-04-10 13:00:00,682.8,-99.8,-99.8,6.4,277.0,13.1,283.0,0.0,-99.8,-99.8,-99.8,-99.8,-99.8,-99.8,-99.8
2023-04-10 14:00:00,682.3,-99.8,-99.8,6.7,282.0,14.9,283.0,0.0,-99.8,-99.8,-99.8,-99.8,-99.8,-99.8,-99.8
2023-04-10 15:00:00,682.2,-99.8,-99.8,6.7,281.0,13.7,283.0,0.0,-99.8,-99.8,-99.8,-99.8,-99.8,-99.8,-99.8
2023-04-10 16:00:00,682.2,-99.8,-99.8,6.4,281.0,11.4,284.0,0.0,-99.8,-99.8,-99.8,-99.8,-99.8,-99.8,-99.8
2023-04-10 17:00:00,682.1,-99.8,-99.8,7.8,292.0,11.2,285.0,0.0,-99.8,-99.8,-99.8,-99.8,-99.8,-99.8,-99.8
2023-04-10 18:00:00,682.4,-99.8,-99.8,6.2,285.0,12.2,296.0,0.0,-99.8,-99.8,-99.8,-99.8,-99.8,-99.8,-99.8
2023-04-10 19:00:00,682.4,-99.8,-99.8,6.8,299.0,12.8,303.0,0.0,-99.8,-99.8,-99.8,-99.8,-99.8,-99.8,-99.8
2023-04-10 20:00:00,682.9,-99.8,-99.8,6.3,295.0,13.5,300.0,0.0,-99.8,-99.8,-99.8,-99.8,-99.8,-99.8,-99.8
2023-04-10 21:00:00,683.4,-99.8,-99.8,5.8,301.0,8.9,304.0,0.0,-99.8,-99.8,-99.8,-99.8,-99.8,-99.8,-99.8
2023-04-10 22:00:00,683.2,-99.8,-99.8,7.7,305.0,11.5,300.0,0.0,-99.8,-99.8,-99.8,-99.8,-99.8,-99.8,-99.8
2023-04-10 23:00:00,683.5,-99.8,-99.8,6.2,302.0,10.8,304.0,0.0,-99.8,-99.8,-99.8,-99.8,-99.8,-99.8,-99.8
2023-04-11 00:00:00,683.3,-99.8,-99.8,5.3,286.0,10.0,300.0,0.0,-99.8,-99.8,-99.8,-99.8,-99.8,-99.8,-99.8
2023-04-11 01:00:00,682.9,-99.8,-99.8,6.5,295.0,9.8,309.0,0.0,-99.8,-99.8,-99.8,-99.8,-99.8,-99.8,-99.8
2023-04-11 02:00:00,682.9,-99.8,-99.8,6.4,294.0,10.4,303.0,0.0,-99.8,-99.8,-99.8,-99.8,-99.8,-99.8,-99.8
2023-04-11 03:00:00,682.8,-99.8,-99.8,5.9,285.0,10.1,304.0,0.0,-99.8,-99.8,-99.8,-99.8,-99.8,-99.8,-99.8
2023-04-11 04:00:00,683.2,-99.8,-99.8,5.1,280.0,8.6,303.0,0.0,-99.8,-99.8,-99.8,-99.8,-99.8,-99.8,-99.8
2023-04-11 05:00:00,683.6,-99.8,-99.8,4.6,281.0,9.0,289.0,0.0,-99.8,-99.8,-99.8,-99.8,-99.8,-99.8,-99.8
2023-04-11 06:00:00,683.8,-99.8,-99.8,5.7,286.0,9.7,295.0,0.0,-99.8,-99.8,-99.8,-99.8,-99.8,-99.8,-99.8
2023-04-11 07:00:00,684.1,-99.8,-99.8,6.1,304.0,9.3,309.0,0.0,-99.8,-99.8,-99.8,-99.8,-99.8,-99.8,-99.8
2023-04-11 08:00:00,684.8,-99.8,-99.8,3.1,332.0,7.6,306.0,0.0,-99.8,-99.8,-99.8,-99.8,-99.8,-99.8,-99.8
2023-04-11 09:00:00,685.0,-99.8,-99.8,2.4,320.0,6.2,358.0,0.0,-99.8,-99.8,-99.8,-99.8,-99.8,-99.8,-99.8
2023-04-11 10:00:00,685.1,-99.8,-99.8,3.3,276.0,5.7,276.0,0.0,-99.8,-99.8,-99.8,-99.8,-99.8,-99.8,-99.8
2023-04-11 11:00:00,684.8,-99.8,-99.8,4.3,277.0,8.8,287.0,0.0,-99.8,-99.8,-99.8,-99.8,-99.8,-99.8,-99.8
2023-04-11 12:00:00,684.6,-99.8,-99.8,5.0,278.0,9.2,293.0,0.0,-99.8,-99.8,-99.8,-99.8,-99.8,-99.8,-99.8
2023-04-11 13:00:00,684.1,-99.8,-99.8,4.6,274.0,9.2,290.0,0.0,-99.8,-99.8,-99.8,-99.8,-99.8,-99.8,-99.8
2023-04-11 14:00:00,683.8,-99.8,-99.8,4.2,275.0,9.1,261.0,0.0,-99.8,-99.8,-99.8,-99.8,-99.8,-99.8,-99.8
2023-04-11 15:00:00,683.5,-99.8,-99.8,4.4,275.0,7.5,275.0,0.0,-99.8,-99.8,-99.8,-99.8,-99.8,-99.8,-99.8
2023-04-11 16:00:00,683.5,-99.8,-99.8,4.0,275.0,7.8,285.0,0.0,-99.8,-99.8,-99.8,-99.8,-99.8,-99.8,-99.8
2023-04-11 17:00:00,683.7,-99.8,-99.8,2.6,267.0,6.9,276.0,0.0,-99.8,-99.8,-99.8,-99.8,-99.8,-99.8,-99.8
2023-04-11 18:00:00,684.0,-99.8,-99.8,2.5,276.0,5.6,276.0,0.0,-99.8,-99.8,-99.8,-99.8,-99.8,-99.8,-99.8
2023-04-11 19:00:00,684.2,-99.8,-99.8,2.6,272.0,3.7,289.0,0.0,-99.8,-99.8,-99.8,-99.8,-99.8,-99.8,-99.8
2023-04-11 20:00:00,684.6,-99.8,-99.8,3.0,263.0,4.9,258.0,0.0,-99.8,-99.8,-99.8,-99.8,-99.8,-99.8,-99.8
2023-04-11 21:00:00,684.9,-99.8,-99.8,3.5,257.0,5.8,248.0,0.0,-99.8,-99.8,-99.8,-99.8,-99.8,-99.8,-99.8
2023-04-11 22:00:00,685.0,-99.8,-99.8,4.3,278.0,6.7,262.0,0.0,-99.8,-99.8,-99.8,-99.8,-99.8,-99.8,-99.8
2023-04-11 23:00:00,684.8,-99.8,-99.8,6.4,285.0,8.7,289.0,0.0,-99.8,-99.8,-99.8,-99.8,-99.8,-99.8,-99.8
2023-04-12 00:00:00,684.4,-99.8,-99.8,6.7,291.0,8.8,285.0,0.0,-99.8,-99.8,-99.8,-99.8,-99.8,-99.8,-99.8
2023-04-12 01:00:00,684.1,-99.8,-99.8,7.2,293.0,9.7,288.0,0.0,-99.8,-99.8,-99.8,-99.8,-99.8,-99.8,-99.8
2023-04-12 02:00:00,683.8,-99.8,-99.8,6.3,284.0,8.8,286.0,0.0,-99.8,-99.8,-99.8,-99.8,-99.8,-99.8,-99.8
2023-04-12 03:00:00,683.5,-99.8,-99.8,6.8,285.0,10.9,287.0,0.0,-99.8,-99.8,-99.8,-99.8,-99.8,-99.8,-99.8
2023-04-12 04:00:00,683.5,-99.8,-99.8,5.5,280.0,10.5,281.0,0.0,-99.8,-99.8,-99.8,-99.8,-99.8,-99.8,-99.8
2023-04-12 05:00:00,683.7,-99.8,-99.8,5.1,281.0,9.4,287.0,0.0,-99.8,-99.8,-99.8,-99.8,-99.8,-99.8,-99.8
2023-04-12 06:00:00,683.9,-99.8,-99.8,5.3,282.0,9.9,307.0,0.0,-99.8,-99.8,-99.8,-99.8,-99.8,-99.8,-99.8
2023-04-12 07:00:00,684.5,-99.8,-99.8,5.2,282.0,9.2,287.0,0.0,-99.8,-99.8,-99.8,-99.8,-99.8,-99.8,-99.8
2023-04-12 08:00:00,685.0,-99.8,-99.8,2.8,266.0,7.7,304.0,0.0,-99.8,-99.8,-99.8,-99.8,-99.8,-99.8,-99.8
2023-04-12 09:00:00,685.3,-99.8,-99.8,1.2,292.0,5.0,255.0,0.0,-99.8,-99.8,-99.8,-99.8,-99.8,-99.8,-99.8
2023-04-12 10:00:00,685.3,-99.8,-99.8,1.5,220.0,3.9,257.0,0.0,-99.8,-99.8,-99.8,-99.8,-99.8,-99.8,-99.8
2023-04-12 11:00:00,685.2,-99.8,-99.8,2.1,235.0,4.3,209.0,0.0,-99.8,-99.8,-99.8,-99.8,-99.8,-99.8,-99.8
2023-04-12 12:00:00,684.9,-99.8,-99.8,2.3,256.0,5.8,265.0,0.0,-99.8,-99.8,-99.8,-99.8,-99.8,-99.8,-99.8
2023-04-12 13:00:00,684.4,-99.8,-99.8,2.8,264.0,6.2,258.0,0.0,-99.8,-99.8,-99.8,-99.8,-99.8,-99.8,-99.8
2023-04-12 14:00:00,683.9,-99.8,-99.8,3.7,274.0,8.5,280.0,0.0,-99.8,-99.8,-99.8,-99.8,-99.8,-99.8,-99.8
2023-04-12 15:00:00,683.6,-99.8,-99.8,3.6,269.0,8.5,257.0,0.0,-99.8,-99.8,-99.8,-99.8,-99.8,-99.8,-99.8
2023-04-12 16:00:00,683.6,-99.8,-99.8,3.7,271.0,6.6,286.0,0.0,-99.8,-99.8,-99.8,-99.8,-99.8,-99.8,-99.8
2023-04-12 17:00:00,683.7,-99.8,-99.8,2.5,268.0,5.7,276.0,0.0,-99.8,-99.8,-99.8,-99.8,-99.8,-99.8,-99.8
2023-04-12 18:00:00,684.0,-99.8,-99.8,2.0,272.0,4.4,256.0,0.0,-99.8,-99.8,-99.8,-99.8,-99.8,-99.8,-99.8
2023-04-12 19:00:00,684.3,-99.8,-99.8,1.5,160.0,3.9,118.0,0.0,-99.8,-99.8,-99.8,-99.8,-99.8,-99.8,-99.8
2023-04-12 20:00:00,-99.8,-99.8,-99.8,0.8,231.0,3.1,116.0,0.0,-99.8,-99.8,-99.8,-99.8,-99.8,-99.8,-99.8
2023-04-12 21:00:00,685.2,-99.8,-99.8,3.9,125.0,5.1,116.0,0.0,-99.8,-99.8,-99.8,-99.8,-99.8,-99.8,-99.8
2023-04-12 22:00:00,685.3,-99.8,-99.8,2.8,127.0,6.3,129.0,0.0,-99.8,-99.8,-99.8,-99.8,-99.8,-99.8,-99.8
2023-04-12 23:00:00,685.0,-99.8,-99.8,1.3,221.0,3.8,103.0,0.0,-99.8,-99.8,-99.8,-99.8,-99.8,-99.8,-99.8
2023-04-13 00:00:00,-99.8,-99.8,-99.8,1.8,268.0,2.8,234.0,0.0,-99.8,-99.8,-99.8,-99.8,-99.8,-99.8,-99.8
2023-04-13 01:00:00,684.3,-99.8,-99.8,3.9,283.0,5.8,289.0,0.0,-99.8,-99.8,-99.8,-99.8,-99.8,-99.8,-99.8
2023-04-13 02:00:00,683.8,-99.8,-99.8,6.0,283.0,8.1,284.0,0.0,-99.8,-99.8,-99.8,-99.8,-99.8,-99.8,-99.8
2023-04-13 03:00:00,683.8,-99.8,-99.8,3.8,279.0,8.5,288.0,0.0,-99.8,-99.8,-99.8,-99.8,-99.8,-99.8,-99.8
2023-04-13 04:00:00,-99.8,-99.8,-99.8,4.7,283.0,7.1,287.0,0.0,-99.8,-99.8,-99.8,-99.8,-99.8,-99.8,-99.8
2023-04-13 05:00:00,-99.8,-99.8,-99.8,5.0,279.0,8.0,266.0,0.0,-99.8,-99.8,-99.8,-99.8,-99.8,-99.8,-99.8
2023-04-13 06:00:00,684.4,-99.8,-99.8,4.0,272.0,8.5,287.0,0.0,-99.8,-99.8,-99.8,-99.8,-99.8,-99.8,-99.8
2023-04-13 07:00:00,684.9,-99.8,-99.8,2.8,278.0,6.9,260.0,0.5,-99.8,-99.8,-99.8,-99.8,-99.8,-99.8,-99.8
2023-04-13 08:00:00,685.2,-99.8,-99.8,1.8,270.0,7.2,288.0,0.0,-99.8,-99.8,-99.8,-99.8,-99.8,-99.8,-99.8
2023-04-13 09:00:00,685.4,-99.8,-99.8,1.8,280.0,3.8,5.0,0.0,-99.8,-99.8,-99.8,-99.8,-99.8,-99.8,-99.8
2023-04-13 10:00:00,685.5,-99.8,-99.8,2.6,276.0,4.7,259.0,0.0,-99.8,-99.8,-99.8,-99.8,-99.8,-99.8,-99.8
2023-04-13 11:00:00,685.2,-99.8,-99.8,3.7,272.0,6.5,254.0,0.0,-99.8,-99.8,-99.8,-99.8,-99.8,-99.8,-99.8
2023-04-13 12:00:00,684.7,-99.8,-99.8,3.9,276.0,7.4,288.0,0.0,-99.8,-99.8,-99.8,-99.8,-99.8,-99.8,-99.8
2023-04-13 13:00:00,684.2,-99.8,-99.8,3.6,271.0,7.7,288.0,0.0,-99.8,-99.8,-99.8,-99.8,-99.8,-99.8,-99.8
2023-04-13 14:00:00,683.6,-99.8,-99.8,3.5,273.0,7.5,291.0,0.0,-99.8,-99.8,-99.8,-99.8,-99.8,-99.8,-99.8
2023-04-13 15:00:00,683.5,-99.8,-99.8,4.0,278.0,7.2,278.0,0.0,-99.8,-99.8,-99.8,-99.8,-99.8,-99.8,-99.8
2023-04-13 16:00:00,683.6,-99.8,-99.8,3.3,279.0,7.1,286.0,0.0,-99.8,-99.8,-99.8,-99.8,-99.8,-99.8,-99.8
2023-04-13 17:00:00,683.7,-99.8,-99.8,2.7,274.0,7.4,289.0,0.0,-99.8,-99.8,-99.8,-99.8,-99.8,-99.8,-99.8
2023-04-13 18:00:00,-99.8,-99.8,-99.8,1.5,271.0,5.4,298.0,0.0,-99.8,-99.8,-99.8,-99.8,-99.8,-99.8,-99.8
2023-04-13 19:00:00,-99.8,-99.8,-99.8,2.1,196.0,3.9,182.0,0.0,-99.8,-99.8,-99.8,-99.8,-99.8,-99.8,-99.8
2023-04-13 20:00:00,684.5,-99.8,-99.8,1.7,183.0,3.3,169.0,0.0,-99.8,-99.8,-99.8,-99.8,-99.8,-99.8,-99.8
2023-04-13 21:00:00,685.0,-99.8,-99.8,0.5,101.0,3.5,200.0,0.0,-99.8,-99.8,-99.8,-99.8,-99.8,-99.8,-99.8
2023-04-13 22:00:00,685.1,-99.8,-99.8,2.4,224.0,3.6,219.0,0.0,-99.8,-99.8,-99.8,-99.8,-99.8,-99.8,-99.8
2023-04-13 23:00:00,-99.8,-99.8,-99.8,1.0,147.0,3.1,207.0,0.0,-99.8,-99.8,-99.8,-99.8,-99.8,-99.8,-99.8
2023-04-14 00:00:00,-99.8,-99.8,-99.8,2.6,268.0,3.5,268.0,0.0,-99.8,-99.8,-99.8,-99.8,-99.8,-99.8,-99.8
2023-04-14 01:00:00,684.0,-99.8,-99.8,2.6,277.0,6.0,256.0,0.0,-99.8,-99.8,-99.8,-99.8,-99.8,-99.8,-99.8
2023-04-14 02:00:00,683.4,-99.8,-99.8,3.1,275.0,6.2,286.0,0.0,-99.8,-99.8,-99.8,-99.8,-99.8,-99.8,-99.8
2023-04-14 03:00:00,683.0,-99.8,-99.8,4.7,268.0,9.0,283.0,0.0,-99.8,-99.8,-99.8,-99.8,-99.8,-99.8,-99.8
2023-04-14 04:00:00,683.0,-99.8,-99.8,4.8,269.0,8.6,261.0,0.0,-99.8,-99.8,-99.8,-99.8,-99.8,-99.8,-99.8
2023-04-14 05:00:00,683.3,-99.8,-99.8,4.7,270.0,8.4,256.0,0.0,-99.8,-99.8,-99.8,-99.8,-99.8,-99.8,-99.8
2023-04-14 06:00:00,683.4,-99.8,-99.8,5.2,280.0,8.8,283.0,0.0,-99.8,-99.8,-99.8,-99.8,-99.8,-99.8,-99.8
2023-04-14 07:00:00,683.9,-99.8,-99.8,5.5,275.0,9.3,287.0,0.0,-99.8,-99.8,-99.8,-99.8,-99.8,-99.8,-99.8
2023-04-14 08:00:00,684.4,-99.8,-99.8,4.2,278.0,10.0,265.0,0.0,-99.8,-99.8,-99.8,-99.8,-99.8,-99.8,-99.8
2023-04-14 09:00:00,684.4,-99.8,-99.8,5.0,280.0,8.8,289.0,0.0,-99.8,-99.8,-99.8,-99.8,-99.8,-99.8,-99.8
2023-04-14 10:00:00,684.5,-99.8,-99.8,4.9,278.0,8.1,294.0,0.0,-99.8,-99.8,-99.8,-99.8,-99.8,-99.8,-99.8
2023-04-14 11:00:00,684.2,-99.8,-99.8,5.2,273.0,9.3,298.0,0.0,-99.8,-99.8,-99.8,-99.8,-99.8,-99.8,-99.8
2023-04-14 12:00:00,683.6,-99.8,-99.8,5.2,273.0,10.1,285.0,0.0,-99.8,-99.8,-99.8,-99.8,-99.8,-99.8,-99.8
2023-04-14 13:00:00,683.2,-99.8,-99.8,5.5,276.0,10.4,289.0,0.0,-99.8,-99.8,-99.8,-99.8,-99.8,-99.8,-99.8
2023-04-14 14:00:00,682.5,-99.8,-99.8,5.3,274.0,11.3,282.0,0.0,-99.8,-99.8,-99.8,-99.8,-99.8,-99.8,-99.8
2023-04-14 15:00:00,682.1,-99.8,-99.8,5.3,275.0,9.7,258.0,0.0,-99.8,-99.8,-99.8,-99.8,-99.8,-99.8,-99.8
2023-04-14 16:00:00,682.2,-99.8,-99.8,4.7,277.0,9.4,284.0,0.0,-99.8,-99.8,-99.8,-99.8,-99.8,-99.8,-99.8
2023-04-14 17:00:00,682.2,-99.8,-99.8,4.0,277.0,9.0,287.0,0.0,-99.8,-99.8,-99.8,-99.8,-99.8,-99.8,-99.8
2023-04-14 18:00:00,682.3,-99.8,-99.8,3.5,277.0,6.8,272.0,0.0,-99.8,-99.8,-99.8,-99.8,-99.8,-99.8,-99.8
2023-04-14 19:00:00,682.6,-99.8,-99.8,4.1,281.0,7.6,291.0,0.0,-99.8,-99.8,-99.8,-99.8,-99.8,-99.8,-99.8
2023-04-14 20:00:00,682.5,-99.8,-99.8,5.9,280.0,10.2,259.0,0.0,-99.8,-99.8,-99.8,-99.8,-99.8,-99.8,-99.8
2023-04-14 21:00:00,683.2,-99.8,-99.8,4.5,277.0,10.7,280.0,0.0,-99.8,-99.8,-99.8,-99.8,-99.8,-99.8,-99.8
2023-04-14 22:00:00,682.9,-99.8,-99.8,4.5,273.0,8.2,280.0,0.0,-99.8,-99.8,-99.8,-99.8,-99.8,-99.8,-99.8
2023-04-14 23:00:00,682.8,-99.8,-99.8,4.5,275.0,9.2,285.0,0.0,-99.8,-99.8,-99.8,-99.8,-99.8,-99.8,-99.8
2023-04-15 00:00:00,682.3,-99.8,-99.8,5.1,273.0,8.3,285.0,0.0,-99.8,-99.8,-99.8,-99.8,-99.8,-99.8,-99.8
2023-04-15 01:00:00,681.9,-99.8,-99.8,4.2,274.0,9.9,260.0,0.0,-99.8,-99.8,-99.8,-99.8,-99.8,-99.8,-99.8
2023-04-15 02:00:00,681.2,-99.8,-99.8,5.6,271.0,11.3,261.0,0.0,-99.8,-99.8,-99.8,-99.8,-99.8,-99.8,-99.8
2023-04-15 03:00:00,680.5,-99.8,-99.8,5.5,278.0,11.2,254.0,0.0,-99.8,-99.8,-99.8,-99.8,-99.8,-99.8,-99.8
2023-04-15 04:00:00,680.3,-99.8,-99.8,7.1,277.0,14.7,258.0,0.0,-99.8,-99.8,-99.8,-99.8,-99.8,-99.8,-99.8
2023-04-15 05:00:00,680.3,-99.8,-99.8,6.6,276.0,12.5,257.0,0.0,-99.8,-99.8,-99.8,-99.8,-99.8,-99.8,-99.8
2023-04-15 06:00:00,680.6,-99.8,-99.8,7.2,272.0,14.6,292.0,0.0,-99.8,-99.8,-99.8,-99.8,-99.8,-99.8,-99.8
2023-04-15 07:00:00,681.0,-99.8,-99.8,7.7,277.0,13.9,285.0,0.0,-99.8,-99.8,-99.8,-99.8,-99.8,-99.8,-99.8
2023-04-15 08:00:00,682.4,-99.8,-99.8,8.9,285.0,15.0,283.0,0.0,-99.8,-99.8,-99.8,-99.8,-99.8,-99.8,-99.8
2023-04-15 09:00:00,682.0,-99.8,-99.8,9.4,281.0,15.1,285.0,0.0,-99.8,-99.8,-99.8,-99.8,-99.8,-99.8,-99.8
2023-04-15 10:00:00,681.7,-99.8,-99.8,7.1,274.0,14.8,286.0,0.0,-99.8,-99.8,-99.8,-99.8,-99.8,-99.8,-99.8
2023-04-15 11:00:00,682.0,-99.8,-99.8,6.5,274.0,12.9,262.0,0.0,-99.8,-99.8,-99.8,-99.8,-99.8,-99.8,-99.8
2023-04-15 12:00:00,682.2,-99.8,-99.8,5.4,271.0,12.8,276.0,0.0,-99.8,-99.8,-99.8,-99.8,-99.8,-99.8,-99.8
2023-04-15 13:00:00,681.7,-99.8,-99.8,5.2,266.0,10.8,239.0,0.0,-99.8,-99.8,-99.8,-99.8,-99.8,-99.8,-99.8
2023-04-15 14:00:00,681.1,-99.8,-99.8,6.0,272.0,11.8,250.0,0.0,-99.8,-99.8,-99.8,-99.8,-99.8,-99.8,-99.8
2023-04-15 15:00:00,680.8,-99.8,-99.8,6.1,268.0,13.0,242.0,0.5,-99.8,-99.8,-99.8,-99.8,-99.8,-99.8,-99.8
2023-04-15 16:00:00,680.6,-99.8,-99.8,6.1,273.0,13.7,287.0,0.5,-99.8,-99.8,-99.8,-99.8,-99.8,-99.8,-99.8
2023-04-15 17:00:00,680.6,-99.8,-99.8,5.8,266.0,12.8,260.0,0.0,-99.8,-99.8,-99.8,-99.8,-99.8,-99.8,-99.8
2023-04-15 18:00:00,680.8,-99.8,-99.8,5.7,270.0,11.8,270.0,0.5,-99.8,-99.8,-99.8,-99.8,-99.8,-99.8,-99.8
2023-04-15 19:00:00,681.0,-99.8,-99.8,4.4,273.0,10.3,268.0,0.5,-99.8,-99.8,-99.8,-99.8,-99.8,-99.8,-99.8
2023-04-15 20:00:00,680.6,-99.8,-99.8,4.5,274.0,9.0,251.0,0.0,-99.8,-99.8,-99.8,-99.8,-99.8,-99.8,-99.8
2023-04-15 21:00:00,679.8,-99.8,-99.8,4.3,290.0,7.5,266.0,0.0,-99.8,-99.8,-99.8,-99.8,-99.8,-99.8,-99.8
2023-04-15 22:00:00,680.1,-99.8,-99.8,6.5,288.0,10.0,289.0,0.0,-99.8,-99.8,-99.8,-99.8,-99.8,-99.8,-99.8
2023-04-15 23:00:00,680.1,-99.8,-99.8,5.7,288.0,10.4,286.0,0.0,-99.8,-99.8,-99.8,-99.8,-99.8,-99.8,-99.8
2023-04-16 00:00:00,681.1,-99.8,-99.8,3.4,279.0,9.2,305.0,0.0,-99.8,-99.8,-99.8,-99.8,-99.8,-99.8,-99.8
2023-04-16 01:00:00,681.0,-99.8,-99.8,4.0,290.0,6.3,298.0,0.0,-99.8,-99.8,-99.8,-99.8,-99.8,-99.8,-99.8
2023-04-16 02:00:00,680.5,-99.8,-99.8,5.3,291.0,8.4,294.0,0.0,-99.8,-99.8,-99.8,-99.8,-99.8,-99.8,-99.8
2023-04-16 03:00:00,680.2,-99.8,-99.8,5.0,277.0,9.0,293.0,0.0,-99.8,-99.8,-99.8,-99.8,-99.8,-99.8,-99.8
2023-04-16 04:00:00,680.4,-99.8,-99.8,4.4,288.0,8.8,302.0,0.0,-99.8,-99.8,-99.8,-99.8,-99.8,-99.8,-99.8
2023-04-16 05:00:00,680.5,-99.8,-99.8,4.7,299.0,7.5,302.0,0.0,-99.8,-99.8,-99.8,-99.8,-99.8,-99.8,-99.8
2023-04-16 06:00:00,680.8,-99.8,-99.8,4.7,309.0,8.8,305.0,0.0,-99.8,-99.8,-99.8,-99.8,-99.8,-99.8,-99.8
2023-04-16 07:00:00,681.1,-99.8,-99.8,6.9,287.0,9.1,293.0,0.0,-99.8,-99.8,-99.8,-99.8,-99.8,-99.8,-99.8
2023-04-16 08:00:00,681.6,-99.8,-99.8,8.1,294.0,12.2,303.0,0.0,-99.8,-99.8,-99.8,-99.8,-99.8,-99.8,-99.8
2023-04-16 09:00:00,682.4,-99.8,-99.8,4.4,282.0,10.9,293.0,0.0,-99.8,-99.8,-99.8,-99.8,-99.8,-99.8,-99.8
2023-04-16 10:00:00,682.6,-99.8,-99.8,4.3,279.0,8.9,291.0,0.0,-99.8,-99.8,-99.8,-99.8,-99.8,-99.8,-99.8
2023-04-16 11:00:00,682.7,-99.8,-99.8,4.5,280.0,9.2,292.0,0.0,-99.8,-99.8,-99.8,-99.8,-99.8,-99.8,-99.8
2023-04-16 12:00:00,682.6,-99.8,-99.8,4.9,272.0,9.4,285.0,0.0,-99.8,-99.8,-99.8,-99.8,-99.8,-99.8,-99.8
2023-04-16 13:00:00,682.3,-99.8,-99.8,6.0,273.0,9.7,253.0,0.0,-99.8,-99.8,-99.8,-99.8,-99.8,-99.8,-99.8
2023-04-16 14:00:00,682.2,-99.8,-99.8,5.5,276.0,10.8,292.0,0.0,-99.8,-99.8,-99.8,-99.8,-99.8,-99.8,-99.8
2023-04-16 15:00:00,681.9,-99.8,-99.8,5.7,275.0,10.5,280.0,0.0,-99.8,-99.8,-99.8,-99.8,-99.8,-99.8,-99.8
2023-04-16 16:00:00,681.9,-99.8,-99.8,5.1,276.0,10.1,281.0,0.0,-99.8,-99.8,-99.8,-99.8,-99.8,-99.8,-99.8
2023-04-16 17:00:00,682.1,-99.8,-99.8,4.7,274.0,9.7,283.0,0.0,-99.8,-99.8,-99.8,-99.8,-99.8,-99.8,-99.8
2023-04-16 18:00:00,682.5,-99.8,-99.8,3.3,275.0,8.3,274.0,0.0,-99.8,-99.8,-99.8,-99.8,-99.8,-99.8,-99.8
2023-04-16 19:00:00,682.8,-99.8,-99.8,3.2,300.0,6.3,290.0,0.0,-99.8,-99.8,-99.8,-99.8,-99.8,-99.8,-99.8
2023-04-16 20:00:00,683.3,-99.8,-99.8,1.9,287.0,5.6,291.0,0.0,-99.8,-99.8,-99.8,-99.8,-99.8,-99.8,-99.8
2023-04-16 21:00:00,683.7,-99.8,-99.8,4.4,285.0,7.1,285.0,0.0,-99.8,-99.8,-99.8,-99.8,-99.8,-99.8,-99.8
2023-04-16 22:00:00,684.1,-99.8,-99.8,3.9,298.0,6.0,290.0,0.0,-99.8,-99.8,-99.8,-99.8,-99.8,-99.8,-99.8
2023-04-16 23:00:00,684.3,-99.8,-99.8,2.2,346.0,4.6,289.0,0.0,-99.8,-99.8,-99.8,-99.8,-99.8,-99.8,-99.8
2023-04-17 00:00:00,684.0,-99.8,-99.8,1.5,343.0,3.6,348.0,0.0,-99.8,-99.8,-99.8,-99.8,-99.8,-99.8,-99.8
2023-04-17 01:00:00,-9999.1,-99.8,-99.8,0.3,17.0,3.5,317.0,0.0,-99.8,-99.8,-99.8,-99.8,-99.8,-99.8,-99.8
2023-04-17 02:00:00,-9999.1,-99.8,-99.8,3.0,305.0,3.8,295.0,0.0,-99.8,-99.8,-99.8,-99.8,-99.8,-99.8,-99.8
2023-04-17 03:00:00,-9999.1,-99.8,-99.8,1.2,258.0,3.1,302.0,0.0,-99.8,-99.8,-99.8,-99.8,-99.8,-99.8,-99.8
2023-04-17 04:00:00,-9999.1,-99.8,-99.8,2.9,107.0,3.4,110.0,0.0,-99.8,-99.8,-99.8,-99.8,-99.8,-99.8,-99.8
2023-04-17 05:00:00,-9999.1,-99.8,-99.8,0.5,165.0,3.0,107.0,0.0,-99.8,-99.8,-99.8,-99.8,-99.8,-99.8,-99.8
2023-04-17 06:00:00,-9999.1,-99.8,-99.8,0.8,91.0,3.9,103.0,0.0,-99.8,-99.8,-99.8,-99.8,-99.8,-99.8,-99.8
2023-04-17 07:00:00,-9999.1,-99.8,-99.8,1.0,236.0,2.6,273.0,0.0,-99.8,-99.8,-99.8,-99.8,-99.8,-99.8,-99.8
2023-04-17 08:00:00,-9999.1,-99.8,-99.8,1.3,229.0,2.4,219.0,0.0,-99.8,-99.8,-99.8,-99.8,-99.8,-99.8,-99.8
2023-04-17 09:00:00,-9999.1,-99.8,-99.8,0.8,241.0,3.2,146.0,0.0,-99.8,-99.8,-99.8,-99.8,-99.8,-99.8,-99.8
2023-04-17 10:00:00,-9999.1,-99.8,-99.8,1.2,232.0,3.4,218.0,0.0,-99.8,-99.8,-99.8,-99.8,-99.8,-99.8,-99.8
2023-04-17 11:00:00,-9999.1,-99.8,-99.8,1.7,237.0,4.2,248.0,0.0,-99.8,-99.8,-99.8,-99.8,-99.8,-99.8,-99.8
2023-04-17 12:00:00,-9999.1,-99.8,-99.8,1.7,227.0,5.0,222.0,0.0,-99.8,-99.8,-99.8,-99.8,-99.8,-99.8,-99.8
2023-04-17 13:00:00,-9999.1,-99.8,-99.8,2.9,226.0,5.5,246.0,0.0,-99.8,-99.8,-99.8,-99.8,-99.8,-99.8,-99.8
2023-04-17 14:00:00,-9999.1,-99.8,-99.8,2.9,244.0,6.4,263.0,0.0,-99.8,-99.8,-99.8,-99.8,-99.8,-99.8,-99.8
2023-04-17 15:00:00,-9999.1,-99.8,-99.8,3.2,261.0,7.0,276.0,0.0,-99.8,-99.8,-99.8,-99.8,-99.8,-99.8,-99.8
2023-04-17 16:00:00,-9999.1,-99.8,-99.8,4.2,273.0,7.2,281.0,0.0,-99.8,-99.8,-99.8,-99.8,-99.8,-99.8,-99.8
2023-04-17 17:00:00,-9999.1,-99.8,-99.8,3.7,277.0,7.8,293.0,0.0,-99.8,-99.8,-99.8,-99.8,-99.8,-99.8,-99.8
2023-04-17 18:00:00,-9999.1,-99.8,-99.8,3.9,291.0,6.7,285.0,0.0,-99.8,-99.8,-99.8,-99.8,-99.8,-99.8,-99.8
2023-04-17 19:00:00,-9999.1,-99.8,-99.8,2.7,275.0,4.8,292.0,0.0,-99.8,-99.8,-99.8,-99.8,-99.8,-99.8,-99.8
2023-04-17 20:00:00,-9999.1,-99.8,-99.8,1.3,226.0,4.7,250.0,0.0,-99.8,-99.8,-99.8,-99.8,-99.8,-99.8,-99.8
2023-04-17 21:00:00,-9999.1,-99.8,-99.8,1.4,157.0,3.9,245.0,0.0,-99.8,-99.8,-99.8,-99.8,-99.8,-99.8,-99.8
2023-04-17 22:00:00,-9999.1,-99.8,-99.8,1.0,170.0,5.9,217.0,0.0,-99.8,-99.8,-99.8,-99.8,-99.8,-99.8,-99.8
2023-04-17 23:00:00,-9999.1,-99.8,-99.8,1.8,198.0,4.8,231.0,0.0,-99.8,-99.8,-99.8,-99.8,-99.8,-99.8,-99.8
2023-04-18 00:00:00,-9999.1,-99.8,-99.8,1.6,204.0,4.2,247.0,0.0,-99.8,-99.8,-99.8,-99.8,-99.8,-99.8,-99.8
2023-04-18 01:00:00,-99.8,-99.8,-99.8,1.6,221.0,4.5,226.0,0.0,-99.8,-99.8,-99.8,-99.8,-99.8,-99.8,-99.8
2023-04-18 02:00:00,685.5,-99.8,-99.8,3.6,119.0,6.1,84.0,0.0,-99.8,-99.8,-99.8,-99.8,-99.8,-99.8,-99.8
2023-04-18 03:00:00,-99.8,-99.8,-99.8,3.0,165.0,7.9,144.0,0.0,-99.8,-99.8,-99.8,-99.8,-99.8,-99.8,-99.8
2023-04-18 04:00:00,684.9,-99.8,-99.8,0.5,184.0,7.2,160.0,0.0,-99.8,-99.8,-99.8,-99.8,-99.8,-99.8,-99.8
2023-04-18 05:00:00,685.0,-99.8,-99.8,2.7,178.0,6.2,233.0,0.0,-99.8,-99.8,-99.8,-99.8,-99.8,-99.8,-99.8
2023-04-18 06:00:00,685.5,-99.8,-99.8,1.0,193.0,5.8,205.0,0.0,-99.8,-99.8,-99.8,-99.8,-99.8,-99.8,-99.8
2023-04-18 07:00:00,685.8,-99.8,-99.8,2.4,272.0,4.5,283.0,0.0,-99.8,-99.8,-99.8,-99.8,-99.8,-99.8,-99.8
2023-04-18 08:00:00,686.4,-99.8,-99.8,3.2,266.0,8.3,254.0,0.0,-99.8,-99.8,-99.8,-99.8,-99.8,-99.8,-99.8
2023-04-18 09:00:00,686.5,-99.8,-99.8,3.5,270.0,7.2,253.0,0.0,-99.8,-99.8,-99.8,-99.8,-99.8,-99.8,-99.8
2023-04-18 10:00:00,686.5,-99.8,-99.8,4.2,274.0,8.6,286.0,0.0,-99.8,-99.8,-99.8,-99.8,-99.8,-99.8,-99.8
2023-04-18 11:00:00,686.1,-99.8,-99.8,4.1,275.0,7.4,282.0,0.0,-99.8,-99.8,-99.8,-99.8,-99.8,-99.8,-99.8
2023-04-18 12:00:00,685.8,-99.8,-99.8,3.5,270.0,8.4,280.0,0.0,-99.8,-99.8,-99.8,-99.8,-99.8,-99.8,-99.8
2023-04-18 13:00:00,685.3,-99.8,-99.8,3.4,272.0,7.6,253.0,0.0,-99.8,-99.8,-99.8,-99.8,-99.8,-99.8,-99.8
2023-04-18 14:00:00,684.9,-99.8,-99.8,4.0,275.0,7.7,284.0,0.0,-99.8,-99.8,-99.8,-99.8,-99.8,-99.8,-99.8
2023-04-18 15:00:00,684.5,-99.8,-99.8,4.2,278.0,7.7,283.0,0.0,-99.8,-99.8,-99.8,-99.8,-99.8,-99.8,-99.8
2023-04-18 16:00:00,684.6,-99.8,-99.8,4.7,281.0,10.0,239.0,0.0,-99.8,-99.8,-99.8,-99.8,-99.8,-99.8,-99.8
2023-04-18 17:00:00,684.5,-99.8,-99.8,3.6,272.0,9.2,290.0,0.0,-99.8,-99.8,-99.8,-99.8,-99.8,-99.8,-99.8
2023-04-18 18:00:00,684.2,-99.8,-99.8,3.4,239.0,8.7,257.0,0.0,-99.8,-99.8,-99.8,-99.8,-99.8,-99.8,-99.8
2023-04-18 19:00:00,683.9,-99.8,-99.8,3.4,236.0,8.8,237.0,0.0,-99.8,-99.8,-99.8,-99.8,-99.8,-99.8,-99.8
2023-04-18 20:00:00,684.3,-99.8,-99.8,3.9,268.0,9.0,251.0,0.0,-99.8,-99.8,-99.8,-99.8,-99.8,-99.8,-99.8
2023-04-18 21:00:00,684.3,-99.8,-99.8,5.4,273.0,10.2,275.0,0.0,-99.8,-99.8,-99.8,-99.8,-99.8,-99.8,-99.8
2023-04-18 22:00:00,684.4,-99.8,-99.8,3.9,273.0,10.3,255.0,0.0,-99.8,-99.8,-99.8,-99.8,-99.8,-99.8,-99.8
2023-04-18 23:00:00,683.7,-99.8,-99.8,5.3,259.0,10.4,279.0,0.0,-99.8,-99.8,-99.8,-99.8,-99.8,-99.8,-99.8
2023-04-19 00:00:00,683.4,-99.8,-99.8,7.4,272.0,14.9,260.0,0.0,-99.8,-99.8,-99.8,-99.8,-99.8,-99.8,-99.8
2023-04-19 01:00:00,682.0,-99.8,-99.8,7.2,276.0,16.1,259.0,0.0,-99.8,-99.8,-99.8,-99.8,-99.8,-99.8,-99.8
2023-04-19 02:00:00,681.6,-99.8,-99.8,8.9,272.0,17.5,276.0,0.0,-99.8,-99.8,-99.8,-99.8,-99.8,-99.8,-99.8
2023-04-19 03:00:00,680.4,-99.8,-99.8,7.8,273.0,18.4,271.0,0.0,-99.8,-99.8,-99.8,-99.8,-99.8,-99.8,-99.8
2023-04-19 04:00:00,679.8,-99.8,-99.8,9.1,266.0,18.7,266.0,0.0,-99.8,-99.8,-99.8,-99.8,-99.8,-99.8,-99.8
2023-04-19 05:00:00,680.1,-99.8,-99.8,9.6,272.0,18.7,261.0,0.0,-99.8,-99.8,-99.8,-99.8,-99.8,-99.8,-99.8
2023-04-19 06:00:00,680.1,-99.8,-99.8,9.3,275.0,17.6,286.0,0.0,-99.8,-99.8,-99.8,-99.8,-99.8,-99.8,-99.8
2023-04-19 07:00:00,680.9,-99.8,-99.8,8.4,271.0,15.2,273.0,0.0,-99.8,-99.8,-99.8,-99.8,-99.8,-99.8,-99.8
2023-04-19 08:00:00,681.7,-99.8,-99.8,7.0,270.0,14.9,267.0,0.0,-99.8,-99.8,-99.8,-99.8,-99.8,-99.8,-99.8
2023-04-19 09:00:00,682.7,-99.8,-99.8,6.3,271.0,12.8,260.0,0.0,-99.8,-99.8,-99.8,-99.8,-99.8,-99.8,-99.8
2023-04-19 10:00:00,682.3,-99.8,-99.8,6.1,278.0,11.9,261.0,0.0,-99.8,-99.8,-99.8,-99.8,-99.8,-99.8,-99.8
2023-04-19 11:00:00,682.2,-99.8,-99.8,5.2,277.0,10.5,283.0,0.0,-99.8,-99.8,-99.8,-99.8,-99.8,-99.8,-99.8
2023-04-19 12:00:00,681.8,-99.8,-99.8,6.0,276.0,9.7,287.0,0.0,-99.8,-99.8,-99.8,-99.8,-99.8,-99.8,-99.8
2023-04-19 13:00:00,680.2,-99.8,-99.8,6.9,280.0,11.6,247.0,0.0,-99.8,-99.8,-99.8,-99.8,-99.8,-99.8,-99.8
2023-04-19 14:00:00,679.1,-99.8,-99.8,8.8,281.0,15.2,285.0,0.0,-99.8,-99.8,-99.8,-99.8,-99.8,-99.8,-99.8
2023-04-19 15:00:00,678.2,-99.8,-99.8,8.6,274.0,19.8,284.0,0.0,-99.8,-99.8,-99.8,-99.8,-99.8,-99.8,-99.8
2023-04-19 16:00:00,678.7,-99.8,-99.8,8.0,271.0,16.1,260.0,0.0,-99.8,-99.8,-99.8,-99.8,-99.8,-99.8,-99.8
2023-04-19 17:00:00,678.7,-99.8,-99.8,8.4,271.0,18.8,283.0,1.0,-99.8,-99.8,-99.8,-99.8,-99.8,-99.8,-99.8
2023-04-19 18:00:00,677.8,-99.8,-99.8,10.5,270.0,19.3,303.0,1.0,-99.8,-99.8,-99.8,-99.8,-99.8,-99.8,-99.8
2023-04-19 19:00:00,678.1,-99.8,-99.8,11.8,269.0,21.1,274.0,1.5,-99.8,-99.8,-99.8,-99.8,-99.8,-99.8,-99.8
2023-04-19 20:00:00,677.4,-99.8,-99.8,9.9,266.0,21.8,285.0,4.5,-99.8,-99.8,-99.8,-99.8,-99.8,-99.8,-99.8
2023-04-19 21:00:00,678.7,-99.8,-99.8,10.5,267.0,23.7,279.0,2.5,-99.8,-99.8,-99.8,-99.8,-99.8,-99.8,-99.8
2023-04-19 22:00:00,678.1,-99.8,-99.8,9.8,265.0,19.9,243.0,0.5,-99.8,-99.8,-99.8,-99.8,-99.8,-99.8,-99.8
2023-04-19 23:00:00,678.1,-99.8,-99.8,8.8,269.0,20.6,281.0,0.0,-99.8,-99.8,-99.8,-99.8,-99.8,-99.8,-99.8
2023-04-20 00:00:00,677.6,-99.8,-99.8,9.3,265.0,19.9,262.0,1.0,-99.8,-99.8,-99.8,-99.8,-99.8,-99.8,-99.8
2023-04-20 01:00:00,676.8,-99.8,-99.8,9.7,266.0,19.8,266.0,0.5,-99.8,-99.8,-99.8,-99.8,-99.8,-99.8,-99.8
2023-04-20 02:00:00,676.6,-99.8,-99.8,10.1,267.0,22.4,279.0,0.5,-99.8,-99.8,-99.8,-99.8,-99.8,-99.8,-99.8
2023-04-20 03:00:00,676.1,-99.8,-99.8,10.3,263.0,21.9,271.0,0.5,-99.8,-99.8,-99.8,-99.8,-99.8,-99.8,-99.8
2023-04-20 04:00:00,675.4,-99.8,-99.8,10.9,271.0,25.1,237.0,1.5,-99.8,-99.8,-99.8,-99.8,-99.8,-99.8,-99.8
2023-04-20 05:00:00,675.6,-99.8,-99.8,9.6,267.0,23.1,271.0,0.5,-99.8,-99.8,-99.8,-99.8,-99.8,-99.8,-99.8
2023-04-20 06:00:00,676.4,-99.8,-99.8,10.3,269.0,22.7,243.0,1.0,-99.8,-99.8,-99.8,-99.8,-99.8,-99.8,-99.8
2023-04-20 07:00:00,676.6,-99.8,-99.8,9.7,268.0,22.4,266.0,2.0,-99.8,-99.8,-99.8,-99.8,-99.8,-99.8,-99.8
2023-04-20 08:00:00,676.8,-99.8,-99.8,8.9,265.0,21.1,269.0,1.0,-99.8,-99.8,-99.8,-99.8,-99.8,-99.8,-99.8
2023-04-20 09:00:00,677.2,-99.8,-99.8,10.1,270.0,21.7,262.0,2.5,-99.8,-99.8,-99.8,-99.8,-99.8,-99.8,-99.8
2023-04-20 10:00:00,678.3,-99.8,-99.8,8.3,270.0,19.2,293.0,5.5,-99.8,-99.8,-99.8,-99.8,-99.8,-99.8,-99.8
2023-04-20 11:00:00,677.3,-99.8,-99.8,8.9,262.0,20.7,258.0,2.5,-99.8,-99.8,-99.8,-99.8,-99.8,-99.8,-99.8
2023-04-20 12:00:00,677.7,-99.8,-99.8,8.5,269.0,19.0,285.0,1.0,-99.8,-99.8,-99.8,-99.8,-99.8,-99.8,-99.8
2023-04-20 13:00:00,677.7,-99.8,-99.8,7.9,272.0,18.1,262.0,0.5,-99.8,-99.8,-99.8,-99.8,-99.8,-99.8,-99.8
2023-04-20 14:00:00,678.1,-99.8,-99.8,8.4,276.0,15.0,262.0,3.5,-99.8,-99.8,-99.8,-99.8,-99.8,-99.8,-99.8
2023-04-20 15:00:00,676.9,-99.8,-99.8,8.3,272.0,17.5,286.0,2.0,-99.8,-99.8,-99.8,-99.8,-99.8,-99.8,-99.8
2023-04-20 16:00:00,677.0,-99.8,-99.8,9.0,276.0,18.5,285.0,1.5,-99.8,-99.8,-99.8,-99.8,-99.8,-99.8,-99.8
2023-04-20 17:00:00,677.3,-99.8,-99.8,8.9,274.0,19.5,284.0,1.0,-99.8,-99.8,-99.8,-99.8,-99.8,-99.8,-99.8
2023-04-20 18:00:00,677.6,-99.8,-99.8,8.4,274.0,18.2,258.0,0.0,-99.8,-99.8,-99.8,-99.8,-99.8,-99.8,-99.8
2023-04-20 19:00:00,678.5,-99.8,-99.8,7.9,275.0,16.6,284.0,3.0,-99.8,-99.8,-99.8,-99.8,-99.8,-99.8,-99.8
2023-04-20 20:00:00,680.4,-99.8,-99.8,6.8,268.0,12.6,284.0,1.5,-99.8,-99.8,-99.8,-99.8,-99.8,-99.8,-99.8
2023-04-20 21:00:00,679.6,-99.8,-99.8,8.1,274.0,14.2,255.0,1.0,-99.8,-99.8,-99.8,-99.8,-99.8,-99.8,-99.8
2023-04-20 22:00:00,679.6,-99.8,-99.8,7.7,270.0,16.2,266.0,0.5,-99.8,-99.8,-99.8,-99.8,-99.8,-99.8,-99.8
2023-04-20 23:00:00,680.8,-99.8,-99.8,5.9,264.0,14.9,262.0,1.0,-99.8,-99.8,-99.8,-99.8,-99.8,-99.8,-99.8
2023-04-21 00:00:00,679.9,-99.8,-99.8,7.1,272.0,14.4,266.0,0.5,-99.8,-99.8,-99.8,-99.8,-99.8,-99.8,-99.8
2023-04-21 01:00:00,679.1,-99.8,-99.8,6.7,274.0,11.8,261.0,0.5,-99.8,-99.8,-99.8,-99.8,-99.8,-99.8,-99.8
2023-04-21 02:00:00,678.5,-99.8,-99.8,6.6,273.0,11.9,264.0,0.0,-99.8,-99.8,-99.8,-99.8,-99.8,-99.8,-99.8
2023-04-21 03:00:00,678.4,-99.8,-99.8,7.5,270.0,13.0,257.0,0.0,-99.8,-99.8,-99.8,-99.8,-99.8,-99.8,-99.8
2023-04-21 04:00:00,678.5,-99.8,-99.8,7.1,273.0,14.4,260.0,0.0,-99.8,-99.8,-99.8,-99.8,-99.8,-99.8,-99.8
2023-04-21 05:00:00,678.8,-99.8,-99.8,7.4,277.0,13.1,260.0,0.0,-99.8,-99.8,-99.8,-99.8,-99.8,-99.8,-99.8
2023-04-21 06:00:00,679.2,-99.8,-99.8,7.4,271.0,13.5,265.0,0.5,-99.8,-99.8,-99.8,-99.8,-99.8,-99.8,-99.8
2023-04-21 07:00:00,679.8,-99.8,-99.8,7.4,272.0,13.9,264.0,0.5,-99.8,-99.8,-99.8,-99.8,-99.8,-99.8,-99.8
2023-04-21 08:00:00,680.2,-99.8,-99.8,7.7,272.0,14.4,260.0,0.0,-99.8,-99.8,-99.8,-99.8,-99.8,-99.8,-99.8
2023-04-21 09:00:00,681.1,-99.8,-99.8,6.7,272.0,13.7,242.0,0.0,-99.8,-99.8,-99.8,-99.8,-99.8,-99.8,-99.8
2023-04-21 10:00:00,681.7,-99.8,-99.8,8.2,272.0,14.8,259.0,0.0,-99.8,-99.8,-99.8,-99.8,-99.8,-99.8,-99.8
2023-04-21 11:00:00,681.0,-99.8,-99.8,8.0,272.0,16.2,265.0,0.0,-99.8,-99.8,-99.8,-99.8,-99.8,-99.8,-99.8
2023-04-21 12:00:00,679.8,-99.8,-99.8,8.5,274.0,18.9,255.0,0.0,-99.8,-99.8,-99.8,-99.8,-99.8,-99.8,-99.8
2023-04-21 13:00:00,680.1,-99.8,-99.8,8.6,269.0,17.0,262.0,2.5,-99.8,-99.8,-99.8,-99.8,-99.8,-99.8,-99.8
2023-04-21 14:00:00,679.6,-99.8,-99.8,9.4,270.0,17.7,282.0,0.0,-99.8,-99.8,-99.8,-99.8,-99.8,-99.8,-99.8
2023-04-21 15:00:00,679.6,-99.8,-99.8,10.0,273.0,15.8,259.0,0.5,-99.8,-99.8,-99.8,-99.8,-99.8,-99.8,-99.8
2023-04-21 16:00:00,679.2,-99.8,-99.8,10.2,273.0,16.7,295.0,0.0,-99.8,-99.8,-99.8,-99.8,-99.8,-99.8,-99.8
2023-04-21 17:00:00,680.0,-99.8,-99.8,9.0,276.0,15.1,275.0,0.0,-99.8,-99.8,-99.8,-99.8,-99.8,-99.8,-99.8
2023-04-21 18:00:00,680.2,-99.8,-99.8,8.2,272.0,14.7,283.0,0.5,-99.8,-99.8,-99.8,-99.8,-99.8,-99.8,-99.8
2023-04-21 19:00:00,680.6,-99.8,-99.8,6.6,273.0,14.0,265.0,0.0,-99.8,-99.8,-99.8,-99.8,-99.8,-99.8,-99.8
2023-04-21 20:00:00,681.2,-99.8,-99.8,7.3,279.0,12.4,280.0,0.0,-99.8,-99.8,-99.8,-99.8,-99.8,-99.8,-99.8
2023-04-21 21:00:00,682.1,-99.8,-99.8,7.3,277.0,12.4,284.0,0.0,-99.8,-99.8,-99.8,-99.8,-99.8,-99.8,-99.8
2023-04-21 22:00:00,682.0,-99.8,-99.8,8.0,278.0,15.1,286.0,0.0,-99.8,-99.8,-99.8,-99.8,-99.8,-99.8,-99.8
2023-04-21 23:00:00,682.6,-99.8,-99.8,8.3,278.0,17.5,257.0,0.0,-99.8,-99.8,-99.8,-99.8,-99.8,-99.8,-99.8
2023-04-22 00:00:00,682.7,-99.8,-99.8,8.4,276.0,13.8,287.0,0.0,-99.8,-99.8,-99.8,-99.8,-99.8,-99.8,-99.8
2023-04-22 01:00:00,682.3,-99.8,-99.8,8.9,280.0,15.5,288.0,0.0,-99.8,-99.8,-99.8,-99.8,-99.8,-99.8,-99.8
2023-04-22 02:00:00,682.2,-99.8,-99.8,9.1,281.0,15.3,285.0,0.0,-99.8,-99.8,-99.8,-99.8,-99.8,-99.8,-99.8
2023-04-22 03:00:00,682.3,-99.8,-99.8,7.5,280.0,14.3,283.0,0.0,-99.8,-99.8,-99.8,-99.8,-99.8,-99.8,-99.8
2023-04-22 04:00:00,681.7,-99.8,-99.8,8.3,278.0,13.0,282.0,0.0,-99.8,-99.8,-99.8,-99.8,-99.8,-99.8,-99.8
2023-04-22 05:00:00,681.9,-99.8,-99.8,7.3,280.0,13.9,302.0,0.0,-99.8,-99.8,-99.8,-99.8,-99.8,-99.8,-99.8
2023-04-22 06:00:00,681.8,-99.8,-99.8,7.5,273.0,13.7,289.0,0.0,-99.8,-99.8,-99.8,-99.8,-99.8,-99.8,-99.8
2023-04-22 07:00:00,682.6,-99.8,-99.8,6.9,279.0,12.3,284.0,0.0,-99.8,-99.8,-99.8,-99.8,-99.8,-99.8,-99.8
2023-04-22 08:00:00,683.0,-99.8,-99.8,7.1,277.0,12.8,269.0,0.0,-99.8,-99.8,-99.8,-99.8,-99.8,-99.8,-99.8
2023-04-22 09:00:00,683.7,-99.8,-99.8,8.2,277.0,12.6,263.0,0.5,-99.8,-99.8,-99.8,-99.8,-99.8,-99.8,-99.8
2023-04-22 10:00:00,684.3,-99.8,-99.8,7.2,281.0,13.3,284.0,0.0,-99.8,-99.8,-99.8,-99.8,-99.8,-99.8,-99.8
2023-04-22 11:00:00,684.4,-99.8,-99.8,5.8,272.0,12.0,284.0,0.0,-99.8,-99.8,-99.8,-99.8,-99.8,-99.8,-99.8
2023-04-22 12:00:00,684.4,-99.8,-99.8,6.6,278.0,11.7,257.0,0.0,-99.8,-99.8,-99.8,-99.8,-99.8,-99.8,-99.8
2023-04-22 13:00:00,684.4,-99.8,-99.8,5.4,279.0,9.6,292.0,0.0,-99.8,-99.8,-99.8,-99.8,-99.8,-99.8,-99.8
2023-04-22 14:00:00,683.7,-99.8,-99.8,6.8,290.0,10.0,289.0,0.0,-99.8,-99.8,-99.8,-99.8,-99.8,-99.8,-99.8
2023-04-22 15:00:00,683.8,-99.8,-99.8,4.3,280.0,9.2,302.0,0.0,-99.8,-99.8,-99.8,-99.8,-99.8,-99.8,-99.8
2023-04-22 16:00:00,683.3,-99.8,-99.8,3.8,280.0,8.5,286.0,0.0,-99.8,-99.8,-99.8,-99.8,-99.8,-99.8,-99.8
2023-04-22 17:00:00,682.6,-99.8,-99.8,3.7,283.0,5.9,288.0,0.0,-99.8,-99.8,-99.8,-99.8,-99.8,-99.8,-99.8
2023-04-22 18:00:00,682.2,-99.8,-99.8,4.7,284.0,6.8,264.0,0.0,-99.8,-99.8,-99.8,-99.8,-99.8,-99.8,-99.8
2023-04-22 19:00:00,682.4,-99.8,-99.8,5.6,279.0,8.0,285.0,0.0,-99.8,-99.8,-99.8,-99.8,-99.8,-99.8,-99.8
2023-04-22 20:00:00,683.3,-99.8,-99.8,4.6,281.0,9.0,267.0,0.0,-99.8,-99.8,-99.8,-99.8,-99.8,-99.8,-99.8
2023-04-22 21:00:00,684.0,-99.8,-99.8,4.4,281.0,7.5,262.0,0.0,-99.8,-99.8,-99.8,-99.8,-99.8,-99.8,-99.8
2023-04-22 22:00:00,684.5,-99.8,-99.8,4.6,279.0,7.8,274.0,0.0,-99.8,-99.8,-99.8,-99.8,-99.8,-99.8,-99.8
2023-04-22 23:00:00,684.6,-99.8,-99.8,4.4,280.0,8.2,285.0,0.0,-99.8,-99.8,-99.8,-99.8,-99.8,-99.8,-99.8
2023-04-23 00:00:00,684.2,-99.8,-99.8,4.5,284.0,7.5,270.0,0.0,-99.8,-99.8,-99.8,-99.8,-99.8,-99.8,-99.8
2023-04-23 01:00:00,683.3,-99.8,-99.8,5.1,285.0,8.0,287.0,0.0,-99.8,-99.8,-99.8,-99.8,-99.8,-99.8,-99.8
2023-04-23 02:00:00,683.5,-99.8,-99.8,3.9,276.0,7.3,297.0,0.0,-99.8,-99.8,-99.8,-99.8,-99.8,-99.8,-99.8
2023-04-23 03:00:00,683.5,-99.8,-99.8,4.6,289.0,8.4,289.0,0.0,-99.8,-99.8,-99.8,-99.8,-99.8,-99.8,-99.8
2023-04-23 04:00:00,684.1,-99.8,-99.8,4.1,286.0,6.4,293.0,0.0,-99.8,-99.8,-99.8,-99.8,-99.8,-99.8,-99.8
2023-04-23 05:00:00,684.0,-99.8,-99.8,6.1,290.0,8.6,286.0,0.0,-99.8,-99.8,-99.8,-99.8,-99.8,-99.8,-99.8
2023-04-23 06:00:00,684.3,-99.8,-99.8,6.4,287.0,8.8,287.0,0.0,-99.8,-99.8,-99.8,-99.8,-99.8,-99.8,-99.8
2023-04-23 07:00:00,685.4,-99.8,-99.8,5.8,297.0,10.1,302.0,0.0,-99.8,-99.8,-99.8,-99.8,-99.8,-99.8,-99.8
2023-04-23 08:00:00,686.3,-99.8,-99.8,3.9,281.0,8.8,288.0,0.0,-99.8,-99.8,-99.8,-99.8,-99.8,-99.8,-99.8
2023-04-23 09:00:00,687.2,-99.8,-99.8,3.1,276.0,9.3,296.0,0.0,-99.8,-99.8,-99.8,-99.8,-99.8,-99.8,-99.8
2023-04-23 10:00:00,688.2,-99.8,-99.8,3.0,274.0,5.2,301.0,0.0,-99.8,-99.8,-99.8,-99.8,-99.8,-99.8,-99.8
2023-04-23 11:00:00,686.1,-99.8,-99.8,4.5,284.0,7.6,262.0,0.0,-99.8,-99.8,-99.8,-99.8,-99.8,-99.8,-99.8
2023-04-23 12:00:00,685.8,-99.8,-99.8,5.6,282.0,9.0,286.0,0.0,-99.8,-99.8,-99.8,-99.8,-99.8,-99.8,-99.8
2023-04-23 13:00:00,685.3,-99.8,-99.8,5.5,279.0,9.7,283.0,0.0,-99.8,-99.8,-99.8,-99.8,-99.8,-99.8,-99.8
2023-04-23 14:00:00,685.1,-99.8,-99.8,4.5,275.0,9.5,266.0,0.0,-99.8,-99.8,-99.8,-99.8,-99.8,-99.8,-99.8
2023-04-23 15:00:00,684.7,-99.8,-99.8,5.5,280.0,8.9,285.0,0.0,-99.8,-99.8,-99.8,-99.8,-99.8,-99.8,-99.8
2023-04-23 16:00:00,684.5,-99.8,-99.8,7.1,281.0,10.9,285.0,0.0,-99.8,-99.8,-99.8,-99.8,-99.8,-99.8,-99.8
2023-04-23 17:00:00,684.5,-99.8,-99.8,6.3,282.0,10.9,285.0,0.0,-99.8,-99.8,-99.8,-99.8,-99.8,-99.8,-99.8
2023-04-23 18:00:00,684.8,-99.8,-99.8,6.0,280.0,10.3,282.0,0.0,-99.8,-99.8,-99.8,-99.8,-99.8,-99.8,-99.8
2023-04-23 19:00:00,685.0,-99.8,-99.8,5.7,283.0,8.8,284.0,0.0,-99.8,-99.8,-99.8,-99.8,-99.8,-99.8,-99.8
2023-04-23 20:00:00,685.2,-99.8,-99.8,5.2,295.0,10.2,299.0,0.0,-99.8,-99.8,-99.8,-99.8,-99.8,-99.8,-99.8
2023-04-23 21:00:00,685.6,-99.8,-99.8,6.9,294.0,11.5,302.0,0.0,-99.8,-99.8,-99.8,-99.8,-99.8,-99.8,-99.8
2023-04-23 22:00:00,685.5,-99.8,-99.8,6.8,304.0,11.4,303.0,0.0,-99.8,-99.8,-99.8,-99.8,-99.8,-99.8,-99.8
2023-04-23 23:00:00,685.4,-99.8,-99.8,5.3,296.0,11.4,301.0,0.0,-99.8,-99.8,-99.8,-99.8,-99.8,-99.8,-99.8
2023-04-24 00:00:00,685.1,-99.8,-99.8,5.5,285.0,9.5,290.0,0.0,-99.8,-99.8,-99.8,-99.8,-99.8,-99.8,-99.8
2023-04-24 01:00:00,684.9,-99.8,-99.8,5.2,285.0,7.7,297.0,0.0,-99.8,-99.8,-99.8,-99.8,-99.8,-99.8,-99.8
2023-04-24 02:00:00,684.5,-99.8,-99.8,5.0,283.0,8.5,284.0,0.0,-99.8,-99.8,-99.8,-99.8,-99.8,-99.8,-99.8
2023-04-24 03:00:00,684.3,-99.8,-99.8,6.2,281.0,9.9,282.0,0.0,-99.8,-99.8,-99.8,-99.8,-99.8,-99.8,-99.8
2023-04-24 04:00:00,684.4,-99.8,-99.8,6.3,277.0,10.4,287.0,0.0,-99.8,-99.8,-99.8,-99.8,-99.8,-99.8,-99.8
2023-04-24 05:00:00,684.4,-99.8,-99.8,7.3,285.0,12.1,282.0,0.0,-99.8,-99.8,-99.8,-99.8,-99.8,-99.8,-99.8
2023-04-24 06:00:00,684.8,-99.8,-99.8,7.6,283.0,12.7,289.0,0.0,-99.8,-99.8,-99.8,-99.8,-99.8,-99.8,-99.8
2023-04-24 07:00:00,684.7,-99.8,-99.8,9.8,283.0,14.7,285.0,0.0,-99.8,-99.8,-99.8,-99.8,-99.8,-99.8,-99.8
2023-04-24 08:00:00,685.6,-99.8,-99.8,7.7,283.0,13.2,281.0,0.0,-99.8,-99.8,-99.8,-99.8,-99.8,-99.8,-99.8
2023-04-24 09:00:00,686.2,-99.8,-99.8,7.8,281.0,14.8,281.0,0.0,-99.8,-99.8,-99.8,-99.8,-99.8,-99.8,-99.8
2023-04-24 10:00:00,686.4,-99.8,-99.8,6.5,279.0,12.8,290.0,0.0,-99.8,-99.8,-99.8,-99.8,-99.8,-99.8,-99.8
2023-04-24 11:00:00,686.7,-99.8,-99.8,6.5,278.0,13.1,303.0,1.0,-99.8,-99.8,-99.8,-99.8,-99.8,-99.8,-99.8
2023-04-24 12:00:00,685.9,-99.8,-99.8,7.9,281.0,12.3,289.0,0.0,-99.8,-99.8,-99.8,-99.8,-99.8,-99.8,-99.8
2023-04-24 13:00:00,684.9,-99.8,-99.8,7.5,278.0,13.3,299.0,0.0,-99.8,-99.8,-99.8,-99.8,-99.8,-99.8,-99.8
2023-04-24 14:00:00,684.2,-99.8,-99.8,6.4,279.0,10.7,264.0,0.0,-99.8,-99.8,-99.8,-99.8,-99.8,-99.8,-99.8
2023-04-24 15:00:00,684.1,-99.8,-99.8,6.1,278.0,10.8,284.0,0.0,-99.8,-99.8,-99.8,-99.8,-99.8,-99.8,-99.8
2023-04-24 16:00:00,685.2,-99.8,-99.8,6.1,278.0,9.7,288.0,0.0,-99.8,-99.8,-99.8,-99.8,-99.8,-99.8,-99.8
2023-04-24 17:00:00,685.6,-99.8,-99.8,5.6,276.0,10.2,287.0,0.0,-99.8,-99.8,-99.8,-99.8,-99.8,-99.8,-99.8
2023-04-24 18:00:00,683.9,-99.8,-99.8,5.9,283.0,10.4,288.0,0.0,-99.8,-99.8,-99.8,-99.8,-99.8,-99.8,-99.8
2023-04-24 19:00:00,684.1,-99.8,-99.8,5.0,277.0,8.9,284.0,0.0,-99.8,-99.8,-99.8,-99.8,-99.8,-99.8,-99.8
2023-04-24 20:00:00,684.2,-99.8,-99.8,6.8,284.0,10.3,284.0,0.0,-99.8,-99.8,-99.8,-99.8,-99.8,-99.8,-99.8
2023-04-24 21:00:00,684.4,-99.8,-99.8,6.1,287.0,8.7,287.0,0.0,-99.8,-99.8,-99.8,-99.8,-99.8,-99.8,-99.8
2023-04-24 22:00:00,684.4,-99.8,-99.8,4.9,291.0,9.6,283.0,0.0,-99.8,-99.8,-99.8,-99.8,-99.8,-99.8,-99.8
2023-04-24 23:00:00,684.3,-99.8,-99.8,5.5,288.0,7.9,298.0,0.0,-99.8,-99.8,-99.8,-99.8,-99.8,-99.8,-99.8
2023-04-25 00:00:00,684.0,-99.8,-99.8,6.7,286.0,11.0,298.0,0.0,-99.8,-99.8,-99.8,-99.8,-99.8,-99.8,-99.8
2023-04-25 01:00:00,682.9,-99.8,-99.8,6.2,286.0,10.0,289.0,0.0,-99.8,-99.8,-99.8,-99.8,-99.8,-99.8,-99.8
2023-04-25 02:00:00,682.6,-99.8,-99.8,5.6,289.0,8.7,276.0,0.0,-99.8,-99.8,-99.8,-99.8,-99.8,-99.8,-99.8
2023-04-25 03:00:00,682.8,-99.8,-99.8,4.6,285.0,8.2,284.0,0.0,-99.8,-99.8,-99.8,-99.8,-99.8,-99.8,-99.8
2023-04-25 04:00:00,682.6,-99.8,-99.8,6.2,289.0,7.5,293.0,0.0,-99.8,-99.8,-99.8,-99.8,-99.8,-99.8,-99.8
2023-04-25 05:00:00,682.8,-99.8,-99.8,5.2,290.0,7.4,286.0,0.0,-99.8,-99.8,-99.8,-99.8,-99.8,-99.8,-99.8
2023-04-25 06:00:00,683.2,-99.8,-99.8,3.8,283.0,7.3,287.0,0.0,-99.8,-99.8,-99.8,-99.8,-99.8,-99.8,-99.8
2023-04-25 07:00:00,683.7,-99.8,-99.8,4.4,282.0,7.3,297.0,0.0,-99.8,-99.8,-99.8,-99.8,-99.8,-99.8,-99.8
2023-04-25 08:00:00,684.3,-99.8,-99.8,2.5,271.0,6.0,286.0,0.0,-99.8,-99.8,-99.8,-99.8,-99.8,-99.8,-99.8
2023-04-25 09:00:00,684.5,-99.8,-99.8,2.3,282.0,4.4,262.0,0.0,-99.8,-99.8,-99.8,-99.8,-99.8,-99.8,-99.8
2023-04-25 10:00:00,684.6,-99.8,-99.8,4.5,284.0,6.7,282.0,0.0,-99.8,-99.8,-99.8,-99.8,-99.8,-99.8,-99.8
2023-04-25 11:00:00,684.2,-99.8,-99.8,4.6,280.0,8.6,287.0,0.0,-99.8,-99.8,-99.8,-99.8,-99.8,-99.8,-99.8
2023-04-25 12:00:00,684.0,-99.8,-99.8,5.0,281.0,8.7,285.0,0.0,-99.8,-99.8,-99.8,-99.8,-99.8,-99.8,-99.8
2023-04-25 13:00:00,683.6,-99.8,-99.8,3.7,269.0,9.0,288.0,0.0,-99.8,-99.8,-99.8,-99.8,-99.8,-99.8,-99.8
2023-04-25 14:00:00,683.0,-99.8,-99.8,4.2,274.0,8.9,258.0,0.0,-99.8,-99.8,-99.8,-99.8,-99.8,-99.8,-99.8
2023-04-25 15:00:00,682.7,-99.8,-99.8,4.6,271.0,9.2,285.0,0.0,-99.8,-99.8,-99.8,-99.8,-99.8,-99.8,-99.8
2023-04-25 16:00:00,682.4,-99.8,-99.8,4.9,264.0,10.0,260.0,1.5,-99.8,-99.8,-99.8,-99.8,-99.8,-99.8,-99.8
2023-04-25 17:00:00,683.0,-99.8,-99.8,5.7,271.0,10.8,252.0,0.5,-99.8,-99.8,-99.8,-99.8,-99.8,-99.8,-99.8
2023-04-25 18:00:00,684.0,-99.8,-99.8,5.4,266.0,11.8,260.0,1.0,-99.8,-99.8,-99.8,-99.8,-99.8,-99.8,-99.8
2023-04-25 19:00:00,683.9,-99.8,-99.8,6.4,272.0,11.6,261.0,0.5,-99.8,-99.8,-99.8,-99.8,-99.8,-99.8,-99.8
2023-04-25 20:00:00,683.9,-99.8,-99.8,6.2,268.0,12.4,269.0,0.5,-99.8,-99.8,-99.8,-99.8,-99.8,-99.8,-99.8
2023-04-25 21:00:00,683.4,-99.8,-99.8,5.7,267.0,10.1,251.0,0.5,-99.8,-99.8,-99.8,-99.8,-99.8,-99.8,-99.8
2023-04-25 22:00:00,683.3,-99.8,-99.8,5.9,270.0,12.6,265.0,0.0,-99.8,-99.8,-99.8,-99.8,-99.8,-99.8,-99.8
2023-04-25 23:00:00,683.2,-99.8,-99.8,6.3,275.0,10.8,282.0,0.5,-99.8,-99.8,-99.8,-99.8,-99.8,-99.8,-99.8
2023-04-26 00:00:00,682.9,-99.8,-99.8,6.6,277.0,12.7,259.0,0.0,-99.8,-99.8,-99.8,-99.8,-99.8,-99.8,-99.8
2023-04-26 01:00:00,682.6,-99.8,-99.8,5.4,273.0,11.1,286.0,0.0,-99.8,-99.8,-99.8,-99.8,-99.8,-99.8,-99.8
2023-04-26 02:00:00,682.3,-99.8,-99.8,6.0,275.0,11.1,284.0,0.0,-99.8,-99.8,-99.8,-99.8,-99.8,-99.8,-99.8
2023-04-26 03:00:00,681.9,-99.8,-99.8,5.4,267.0,12.6,283.0,0.0,-99.8,-99.8,-99.8,-99.8,-99.8,-99.8,-99.8
2023-04-26 04:00:00,682.0,-99.8,-99.8,4.8,265.0,12.0,258.0,0.0,-99.8,-99.8,-99.8,-99.8,-99.8,-99.8,-99.8
2023-04-26 05:00:00,681.9,-99.8,-99.8,4.7,267.0,10.1,258.0,0.0,-99.8,-99.8,-99.8,-99.8,-99.8,-99.8,-99.8
2023-04-26 06:00:00,682.1,-99.8,-99.8,5.4,275.0,10.0,264.0,0.0,-99.8,-99.8,-99.8,-99.8,-99.8,-99.8,-99.8
2023-04-26 07:00:00,682.4,-99.8,-99.8,5.2,270.0,10.2,260.0,0.5,-99.8,-99.8,-99.8,-99.8,-99.8,-99.8,-99.8
2023-04-26 08:00:00,683.2,-99.8,-99.8,5.6,274.0,10.4,273.0,0.0,-99.8,-99.8,-99.8,-99.8,-99.8,-99.8,-99.8
2023-04-26 09:00:00,683.6,-99.8,-99.8,6.0,271.0,12.7,284.0,0.0,-99.8,-99.8,-99.8,-99.8,-99.8,-99.8,-99.8
2023-04-26 10:00:00,684.0,-99.8,-99.8,6.0,274.0,11.6,258.0,0.0,-99.8,-99.8,-99.8,-99.8,-99.8,-99.8,-99.8
2023-04-26 11:00:00,683.7,-99.8,-99.8,6.1,267.0,12.7,257.0,0.0,-99.8,-99.8,-99.8,-99.8,-99.8,-99.8,-99.8
2023-04-26 12:00:00,683.6,-99.8,-99.8,6.6,269.0,13.9,285.0,0.0,-99.8,-99.8,-99.8,-99.8,-99.8,-99.8,-99.8
2023-04-26 13:00:00,682.8,-99.8,-99.8,7.4,273.0,13.2,257.0,0.0,-99.8,-99.8,-99.8,-99.8,-99.8,-99.8,-99.8
2023-04-26 14:00:00,682.8,-99.8,-99.8,7.3,271.0,13.6,264.0,1.0,-99.8,-99.8,-99.8,-99.8,-99.8,-99.8,-99.8
2023-04-26 15:00:00,681.8,-99.8,-99.8,6.5,268.0,14.5,271.0,0.0,-99.8,-99.8,-99.8,-99.8,-99.8,-99.8,-99.8
2023-04-26 16:00:00,682.1,-99.8,-99.8,7.1,269.0,14.6,239.0,2.0,-99.8,-99.8,-99.8,-99.8,-99.8,-99.8,-99.8
2023-04-26 17:00:00,681.8,-99.8,-99.8,6.8,266.0,14.4,256.0,2.5,-99.8,-99.8,-99.8,-99.8,-99.8,-99.8,-99.8
2023-04-26 18:00:00,682.3,-99.8,-99.8,5.5,261.0,13.5,259.0,0.5,-99.8,-99.8,-99.8,-99.8,-99.8,-99.8,-99.8
2023-04-26 19:00:00,682.3,-99.8,-99.8,6.6,269.0,15.2,227.0,0.0,-99.8,-99.8,-99.8,-99.8,-99.8,-99.8,-99.8
2023-04-26 20:00:00,682.7,-99.8,-99.8,5.3,269.0,11.6,260.0,0.0,-99.8,-99.8,-99.8,-99.8,-99.8,-99.8,-99.8
2023-04-26 21:00:00,683.1,-99.8,-99.8,6.2,267.0,14.7,280.0,0.0,-99.8,-99.8,-99.8,-99.8,-99.8,-99.8,-99.8
2023-04-26 22:00:00,682.9,-99.8,-99.8,4.0,248.0,10.9,284.0,0.0,-99.8,-99.8,-99.8,-99.8,-99.8,-99.8,-99.8
2023-04-26 23:00:00,683.2,-99.8,-99.8,4.1,255.0,15.0,237.0,0.0,-99.8,-99.8,-99.8,-99.8,-99.8,-99.8,-99.8
2023-04-27 00:00:00,683.5,-99.8,-99.8,5.1,268.0,10.5,295.0,0.5,-99.8,-99.8,-99.8,-99.8,-99.8,-99.8,-99.8
2023-04-27 01:00:00,683.5,-99.8,-99.8,5.1,261.0,11.5,250.0,0.0,-99.8,-99.8,-99.8,-99.8,-99.8,-99.8,-99.8
2023-04-27 02:00:00,682.8,-99.8,-99.8,5.4,265.0,13.9,243.0,0.0,-99.8,-99.8,-99.8,-99.8,-99.8,-99.8,-99.8
2023-04-27 03:00:00,682.7,-99.8,-99.8,6.3,271.0,13.6,250.0,0.0,-99.8,-99.8,-99.8,-99.8,-99.8,-99.8,-99.8
2023-04-27 04:00:00,682.7,-99.8,-99.8,6.2,270.0,12.7,266.0,0.0,-99.8,-99.8,-99.8,-99.8,-99.8,-99.8,-99.8
2023-04-27 05:00:00,682.4,-99.8,-99.8,6.9,272.0,12.8,298.0,0.0,-99.8,-99.8,-99.8,-99.8,-99.8,-99.8,-99.8
2023-04-27 06:00:00,682.6,-99.8,-99.8,5.9,272.0,11.2,285.0,0.0,-99.8,-99.8,-99.8,-99.8,-99.8,-99.8,-99.8
2023-04-27 07:00:00,683.6,-99.8,-99.8,6.2,279.0,11.1,279.0,0.0,-99.8,-99.8,-99.8,-99.8,-99.8,-99.8,-99.8
2023-04-27 08:00:00,685.1,-99.8,-99.8,6.4,276.0,11.2,262.0,0.0,-99.8,-99.8,-99.8,-99.8,-99.8,-99.8,-99.8
2023-04-27 09:00:00,686.0,-99.8,-99.8,6.3,284.0,10.0,260.0,0.0,-99.8,-99.8,-99.8,-99.8,-99.8,-99.8,-99.8
2023-04-27 10:00:00,686.6,-99.8,-99.8,6.1,287.0,10.2,287.0,0.0,-99.8,-99.8,-99.8,-99.8,-99.8,-99.8,-99.8
2023-04-27 11:00:00,686.5,-99.8,-99.8,4.0,284.0,11.7,275.0,0.0,-99.8,-99.8,-99.8,-99.8,-99.8,-99.8,-99.8
2023-04-27 12:00:00,686.7,-99.8,-99.8,3.5,289.0,8.2,284.0,0.0,-99.8,-99.8,-99.8,-99.8,-99.8,-99.8,-99.8
2023-04-27 13:00:00,684.8,-99.8,-99.8,4.7,281.0,9.3,286.0,0.0,-99.8,-99.8,-99.8,-99.8,-99.8,-99.8,-99.8
2023-04-27 14:00:00,684.4,-99.8,-99.8,5.7,279.0,10.9,285.0,0.0,-99.8,-99.8,-99.8,-99.8,-99.8,-99.8,-99.8
2023-04-27 15:00:00,684.4,-99.8,-99.8,4.3,280.0,9.4,287.0,0.0,-99.8,-99.8,-99.8,-99.8,-99.8,-99.8,-99.8
2023-04-27 16:00:00,684.3,-99.8,-99.8,4.7,280.0,9.1,286.0,0.0,-99.8,-99.8,-99.8,-99.8,-99.8,-99.8,-99.8
2023-04-27 17:00:00,684.4,-99.8,-99.8,3.3,279.0,7.8,285.0,0.0,-99.8,-99.8,-99.8,-99.8,-99.8,-99.8,-99.8
2023-04-27 18:00:00,684.7,-99.8,-99.8,2.2,276.0,6.9,286.0,0.0,-99.8,-99.8,-99.8,-99.8,-99.8,-99.8,-99.8
2023-04-27 19:00:00,685.0,-99.8,-99.8,3.0,301.0,6.6,287.0,0.0,-99.8,-99.8,-99.8,-99.8,-99.8,-99.8,-99.8
2023-04-27 20:00:00,685.5,-99.8,-99.8,3.5,281.0,6.2,289.0,0.0,-99.8,-99.8,-99.8,-99.8,-99.8,-99.8,-99.8
2023-04-27 21:00:00,685.9,-99.8,-99.8,4.1,289.0,6.3,285.0,0.0,-99.8,-99.8,-99.8,-99.8,-99.8,-99.8,-99.8
2023-04-27 22:00:00,686.1,-99.8,-99.8,4.1,292.0,5.7,301.0,0.0,-99.8,-99.8,-99.8,-99.8,-99.8,-99.8,-99.8
2023-04-27 23:00:00,686.1,-99.8,-99.8,3.5,284.0,4.8,300.0,0.0,-99.8,-99.8,-99.8,-99.8,-99.8,-99.8,-99.8
2023-04-28 00:00:00,685.8,-99.8,-99.8,3.1,286.0,5.2,291.0,0.0,-99.8,-99.8,-99.8,-99.8,-99.8,-99.8,-99.8
2023-04-28 01:00:00,685.5,-99.8,-99.8,2.8,280.0,4.8,287.0,0.0,-99.8,-99.8,-99.8,-99.8,-99.8,-99.8,-99.8
2023-04-28 02:00:00,685.3,-99.8,-99.8,2.2,271.0,4.6,286.0,0.0,-99.8,-99.8,-99.8,-99.8,-99.8,-99.8,-99.8
2023-04-28 03:00:00,684.9,-99.8,-99.8,3.3,275.0,6.1,289.0,0.0,-99.8,-99.8,-99.8,-99.8,-99.8,-99.8,-99.8
2023-04-28 04:00:00,685.2,-99.8,-99.8,2.8,278.0,5.7,286.0,0.0,-99.8,-99.8,-99.8,-99.8,-99.8,-99.8,-99.8
2023-04-28 05:00:00,685.6,-99.8,-99.8,2.6,281.0,3.8,277.0,0.0,-99.8,-99.8,-99.8,-99.8,-99.8,-99.8,-99.8
2023-04-28 06:00:00,685.9,-99.8,-99.8,2.5,276.0,4.1,273.0,0.0,-99.8,-99.8,-99.8,-99.8,-99.8,-99.8,-99.8
2023-04-28 07:00:00,686.4,-99.8,-99.8,1.4,263.0,3.7,260.0,0.0,-99.8,-99.8,-99.8,-99.8,-99.8,-99.8,-99.8
2023-04-28 08:00:00,686.7,-99.8,-99.8,1.7,261.0,2.9,260.0,0.0,-99.8,-99.8,-99.8,-99.8,-99.8,-99.8,-99.8
2023-04-28 09:00:00,687.0,-99.8,-99.8,2.0,277.0,3.6,274.0,0.0,-99.8,-99.8,-99.8,-99.8,-99.8,-99.8,-99.8
2023-04-28 10:00:00,687.0,-99.8,-99.8,2.4,275.0,4.4,285.0,0.0,-99.8,-99.8,-99.8,-99.8,-99.8,-99.8,-99.8
2023-04-28 11:00:00,686.6,-99.8,-99.8,2.6,275.0,5.5,258.0,0.0,-99.8,-99.8,-99.8,-99.8,-99.8,-99.8,-99.8
2023-04-28 12:00:00,686.3,-99.8,-99.8,3.1,275.0,8.5,284.0,0.0,-99.8,-99.8,-99.8,-99.8,-99.8,-99.8,-99.8
2023-04-28 13:00:00,685.9,-99.8,-99.8,4.5,280.0,8.2,288.0,0.0,-99.8,-99.8,-99.8,-99.8,-99.8,-99.8,-99.8
2023-04-28 14:00:00,685.4,-99.8,-99.8,4.9,281.0,8.3,285.0,0.0,-99.8,-99.8,-99.8,-99.8,-99.8,-99.8,-99.8
2023-04-28 15:00:00,685.1,-99.8,-99.8,4.3,276.0,8.4,294.0,0.0,-99.8,-99.8,-99.8,-99.8,-99.8,-99.8,-99.8
2023-04-28 16:00:00,684.8,-99.8,-99.8,4.3,281.0,8.4,290.0,0.0,-99.8,-99.8,-99.8,-99.8,-99.8,-99.8,-99.8
2023-04-28 17:00:00,684.9,-99.8,-99.8,2.4,272.0,7.1,290.0,0.0,-99.8,-99.8,-99.8,-99.8,-99.8,-99.8,-99.8
2023-04-28 18:00:00,685.1,-99.8,-99.8,3.2,283.0,5.9,284.0,0.0,-99.8,-99.8,-99.8,-99.8,-99.8,-99.8,-99.8
2023-04-28 19:00:00,685.6,-99.8,-99.8,2.3,241.0,5.6,250.0,0.0,-99.8,-99.8,-99.8,-99.8,-99.8,-99.8,-99.8
2023-04-28 20:00:00,686.0,-99.8,-99.8,1.9,258.0,5.1,248.0,0.0,-99.8,-99.8,-99.8,-99.8,-99.8,-99.8,-99.8
2023-04-28 21:00:00,686.5,-99.8,-99.8,1.1,212.0,4.6,263.0,0.0,-99.8,-99.8,-99.8,-99.8,-99.8,-99.8,-99.8
2023-04-28 22:00:00,686.5,-99.8,-99.8,1.9,251.0,4.3,249.0,0.0,-99.8,-99.8,-99.8,-99.8,-99.8,-99.8,-99.8
2023-04-28 23:00:00,686.2,-99.8,-99.8,2.2,244.0,4.5,253.0,0.0,-99.8,-99.8,-99.8,-99.8,-99.8,-99.8,-99.8
2023-04-29 00:00:00,685.6,-99.8,-99.8,2.4,263.0,4.8,247.0,0.0,-99.8,-99.8,-99.8,-99.8,-99.8,-99.8,-99.8
2023-04-29 01:00:00,685.0,-99.8,-99.8,3.1,271.0,5.5,279.0,0.0,-99.8,-99.8,-99.8,-99.8,-99.8,-99.8,-99.8
2023-04-29 02:00:00,684.4,-99.8,-99.8,3.2,271.0,5.0,259.0,0.0,-99.8,-99.8,-99.8,-99.8,-99.8,-99.8,-99.8
2023-04-29 03:00:00,684.0,-99.8,-99.8,4.8,283.0,6.9,283.0,0.0,-99.8,-99.8,-99.8,-99.8,-99.8,-99.8,-99.8
2023-04-29 04:00:00,683.9,-99.8,-99.8,4.8,284.0,7.9,288.0,0.0,-99.8,-99.8,-99.8,-99.8,-99.8,-99.8,-99.8
2023-04-29 05:00:00,684.0,-99.8,-99.8,4.4,279.0,7.4,251.0,0.0,-99.8,-99.8,-99.8,-99.8,-99.8,-99.8,-99.8
2023-04-29 06:00:00,684.3,-99.8,-99.8,4.2,272.0,7.6,285.0,0.0,-99.8,-99.8,-99.8,-99.8,-99.8,-99.8,-99.8
2023-04-29 07:00:00,684.8,-99.8,-99.8,5.1,283.0,7.5,282.0,0.0,-99.8,-99.8,-99.8,-99.8,-99.8,-99.8,-99.8
2023-04-29 08:00:00,685.3,-99.8,-99.8,4.2,272.0,7.7,267.0,0.0,-99.8,-99.8,-99.8,-99.8,-99.8,-99.8,-99.8
2023-04-29 09:00:00,685.4,-99.8,-99.8,4.5,277.0,7.9,286.0,0.0,-99.8,-99.8,-99.8,-99.8,-99.8,-99.8,-99.8
2023-04-29 10:00:00,685.5,-99.8,-99.8,5.3,286.0,8.7,290.0,0.0,-99.8,-99.8,-99.8,-99.8,-99.8,-99.8,-99.8
2023-04-29 11:00:00,685.0,-99.8,-99.8,6.5,286.0,11.0,283.0,0.0,-99.8,-99.8,-99.8,-99.8,-99.8,-99.8,-99.8
2023-04-29 12:00:00,685.0,-99.8,-99.8,4.9,277.0,10.3,286.0,0.0,-99.8,-99.8,-99.8,-99.8,-99.8,-99.8,-99.8
2023-04-29 13:00:00,684.5,-99.8,-99.8,5.0,272.0,9.2,257.0,0.0,-99.8,-99.8,-99.8,-99.8,-99.8,-99.8,-99.8
2023-04-29 14:00:00,684.1,-99.8,-99.8,4.8,270.0,9.7,280.0,0.0,-99.8,-99.8,-99.8,-99.8,-99.8,-99.8,-99.8
2023-04-29 15:00:00,684.0,-99.8,-99.8,4.6,271.0,8.7,275.0,0.0,-99.8,-99.8,-99.8,-99.8,-99.8,-99.8,-99.8
2023-04-29 16:00:00,683.8,-99.8,-99.8,4.9,275.0,8.7,290.0,0.0,-99.8,-99.8,-99.8,-99.8,-99.8,-99.8,-99.8
2023-04-29 17:00:00,683.7,-99.8,-99.8,4.8,278.0,9.9,288.0,0.0,-99.8,-99.8,-99.8,-99.8,-99.8,-99.8,-99.8
2023-04-29 18:00:00,683.8,-99.8,-99.8,6.1,286.0,9.2,284.0,0.0,-99.8,-99.8,-99.8,-99.8,-99.8,-99.8,-99.8
2023-04-29 19:00:00,684.2,-99.8,-99.8,5.7,290.0,8.9,292.0,0.0,-99.8,-99.8,-99.8,-99.8,-99.8,-99.8,-99.8
2023-04-29 20:00:00,684.3,-99.8,-99.8,4.8,273.0,8.8,229.0,0.0,-99.8,-99.8,-99.8,-99.8,-99.8,-99.8,-99.8
2023-04-29 21:00:00,684.6,-99.8,-99.8,3.2,258.0,8.3,286.0,0.0,-99.8,-99.8,-99.8,-99.8,-99.8,-99.8,-99.8
2023-04-29 22:00:00,684.4,-99.8,-99.8,4.8,266.0,8.7,257.0,0.0,-99.8,-99.8,-99.8,-99.8,-99.8,-99.8,-99.8
2023-04-29 23:00:00,684.1,-99.8,-99.8,4.0,249.0,9.5,252.0,0.0,-99.8,-99.8,-99.8,-99.8,-99.8,-99.8,-99.8
2023-04-30 00:00:00,683.5,-99.8,-99.8,3.9,251.0,11.0,236.0,0.0,-99.8,-99.8,-99.8,-99.8,-99.8,-99.8,-99.8
2023-04-30 01:00:00,683.0,-99.8,-99.8,4.8,262.0,9.3,254.0,0.0,-99.8,-99.8,-99.8,-99.8,-99.8,-99.8,-99.8
2023-04-30 02:00:00,682.5,-99.8,-99.8,3.6,264.0,9.1,260.0,0.0,-99.8,-99.8,-99.8,-99.8,-99.8,-99.8,-99.8
2023-04-30 03:00:00,682.1,-99.8,-99.8,4.3,256.0,9.4,253.0,0.0,-99.8,-99.8,-99.8,-99.8,-99.8,-99.8,-99.8
2023-04-30 04:00:00,682.1,-99.8,-99.8,3.3,246.0,8.9,242.0,0.0,-99.8,-99.8,-99.8,-99.8,-99.8,-99.8,-99.8
2023-04-30 05:00:00,682.3,-99.8,-99.8,4.5,256.0,9.2,242.0,0.0,-99.8,-99.8,-99.8,-99.8,-99.8,-99.8,-99.8
2023-04-30 06:00:00,682.6,-99.8,-99.8,4.0,265.0,8.2,261.0,0.0,-99.8,-99.8,-99.8,-99.8,-99.8,-99.8,-99.8
2023-04-30 07:00:00,682.9,-99.8,-99.8,4.0,268.0,8.0,246.0,0.0,-99.8,-99.8,-99.8,-99.8,-99.8,-99.8,-99.8
2023-04-30 08:00:00,683.5,-99.8,-99.8,4.4,269.0,8.3,267.0,0.0,-99.8,-99.8,-99.8,-99.8,-99.8,-99.8,-99.8
2023-04-30 09:00:00,683.4,-99.8,-99.8,6.1,271.0,11.6,266.0,0.0,-99.8,-99.8,-99.8,-99.8,-99.8,-99.8,-99.8
2023-04-30 10:00:00,683.3,-99.8,-99.8,5.5,267.0,12.7,271.0,0.0,-99.8,-99.8,-99.8,-99.8,-99.8,-99.8,-99.8
2023-04-30 11:00:00,683.0,-99.8,-99.8,6.2,274.0,11.8,287.0,0.0,-99.8,-99.8,-99.8,-99.8,-99.8,-99.8,-99.8
2023-04-30 12:00:00,682.9,-99.8,-99.8,6.2,270.0,11.8,277.0,0.0,-99.8,-99.8,-99.8,-99.8,-99.8,-99.8,-99.8
2023-04-30 13:00:00,682.2,-99.8,-99.8,6.0,274.0,12.4,282.0,0.0,-99.8,-99.8,-99.8,-99.8,-99.8,-99.8,-99.8
2023-04-30 14:00:00,681.8,-99.8,-99.8,6.9,276.0,13.3,283.0,0.0,-99.8,-99.8,-99.8,-99.8,-99.8,-99.8,-99.8
2023-04-30 15:00:00,681.9,-99.8,-99.8,7.5,269.0,14.8,288.0,0.0,-99.8,-99.8,-99.8,-99.8,-99.8,-99.8,-99.8
2023-04-30 16:00:00,681.8,-99.8,-99.8,6.9,275.0,13.6,274.0,0.0,-99.8,-99.8,-99.8,-99.8,-99.8,-99.8,-99.8
2023-04-30 17:00:00,682.0,-99.8,-99.8,6.5,270.0,12.5,258.0,0.0,-99.8,-99.8,-99.8,-99.8,-99.8,-99.8,-99.8
2023-04-30 18:00:00,682.3,-99.8,-99.8,6.1,268.0,13.6,251.0,0.0,-99.8,-99.8,-99.8,-99.8,-99.8,-99.8,-99.8
2023-04-30 19:00:00,683.1,-99.8,-99.8,5.6,271.0,13.0,265.0,0.0,-99.8,-99.8,-99.8,-99.8,-99.8,-99.8,-99.8
2023-04-30 20:00:00,683.1,-99.8,-99.8,6.6,274.0,12.7,263.0,0.0,-99.8,-99.8,-99.8,-99.8,-99.8,-99.8,-99.8
2023-04-30 21:00:00,683.2,-99.8,-99.8,6.8,270.0,14.2,266.0,0.0,-99.8,-99.8,-99.8,-99.8,-99.8,-99.8,-99.8
2023-04-30 22:00:00,684.0,-99.8,-99.8,5.5,270.0,13.1,285.0,0.5,-99.8,-99.8,-99.8,-99.8,-99.8,-99.8,-99.8
2023-04-30 23:00:00,684.0,-99.8,-99.8,6.4,273.0,14.0,307.0,0.0,-99.8,-99.8,-99.8,-99.8,-99.8,-99.8,-99.8
2023-05-01 00:00:00,684.0,-99.8,-99.8,6.0,268.0,14.0,307.0,0.0,-99.8,-99.8,-99.8,-99.8,-99.8,-99.8,-99.8
2023-05-01 01:00:00,683.7,-99.8,-99.8,4.8,274.0,10.9,298.0,0.0,-99.8,-99.8,-99.8,-99.8,-99.8,-99.8,-99.8
2023-05-01 02:00:00,682.6,-99.8,-99.8,4.8,268.0,9.0,283.0,0.0,-99.8,-99.8,-99.8,-99.8,-99.8,-99.8,-99.8
2023-05-01 03:00:00,682.3,-99.8,-99.8,5.3,273.0,10.3,264.0,0.0,-99.8,-99.8,-99.8,-99.8,-99.8,-99.8,-99.8
2023-05-01 04:00:00,682.6,-99.8,-99.8,5.1,273.0,9.3,285.0,0.0,-99.8,-99.8,-99.8,-99.8,-99.8,-99.8,-99.8
2023-05-01 05:00:00,681.3,-99.8,-99.8,8.6,288.0,12.3,284.0,0.0,-99.8,-99.8,-99.8,-99.8,-99.8,-99.8,-99.8
2023-05-01 06:00:00,682.1,-99.8,-99.8,5.5,268.0,10.9,288.0,0.0,-99.8,-99.8,-99.8,-99.8,-99.8,-99.8,-99.8
2023-05-01 07:00:00,683.5,-99.8,-99.8,4.3,276.0,9.2,260.0,0.0,-99.8,-99.8,-99.8,-99.8,-99.8,-99.8,-99.8
2023-05-01 08:00:00,684.3,-99.8,-99.8,5.0,271.0,9.0,255.0,0.0,-99.8,-99.8,-99.8,-99.8,-99.8,-99.8,-99.8
2023-05-01 09:00:00,684.6,-99.8,-99.8,5.4,283.0,9.7,300.0,0.0,-99.8,-99.8,-99.8,-99.8,-99.8,-99.8,-99.8
2023-05-01 10:00:00,684.9,-99.8,-99.8,5.6,281.0,9.2,279.0,0.0,-99.8,-99.8,-99.8,-99.8,-99.8,-99.8,-99.8
2023-05-01 11:00:00,685.0,-99.8,-99.8,5.9,279.0,11.0,286.0,0.0,-99.8,-99.8,-99.8,-99.8,-99.8,-99.8,-99.8
2023-05-01 12:00:00,685.2,-99.8,-99.8,5.5,272.0,10.8,286.0,0.0,-99.8,-99.8,-99.8,-99.8,-99.8,-99.8,-99.8
2023-05-01 13:00:00,684.9,-99.8,-99.8,5.2,270.0,10.8,284.0,0.0,-99.8,-99.8,-99.8,-99.8,-99.8,-99.8,-99.8
2023-05-01 14:00:00,684.7,-99.8,-99.8,5.5,275.0,10.9,287.0,0.0,-99.8,-99.8,-99.8,-99.8,-99.8,-99.8,-99.8
2023-05-01 15:00:00,684.5,-99.8,-99.8,4.7,273.0,8.7,288.0,0.0,-99.8,-99.8,-99.8,-99.8,-99.8,-99.8,-99.8
2023-05-01 16:00:00,684.7,-99.8,-99.8,3.9,274.0,8.7,287.0,0.0,-99.8,-99.8,-99.8,-99.8,-99.8,-99.8,-99.8
2023-05-01 17:00:00,684.8,-99.8,-99.8,3.6,270.0,7.1,284.0,0.0,-99.8,-99.8,-99.8,-99.8,-99.8,-99.8,-99.8
2023-05-01 18:00:00,685.1,-99.8,-99.8,1.9,273.0,6.1,279.0,0.0,-99.8,-99.8,-99.8,-99.8,-99.8,-99.8,-99.8
2023-05-01 19:00:00,685.3,-99.8,-99.8,3.2,274.0,6.3,294.0,0.0,-99.8,-99.8,-99.8,-99.8,-99.8,-99.8,-99.8
2023-05-01 20:00:00,685.8,-99.8,-99.8,2.3,267.0,5.4,256.0,0.0,-99.8,-99.8,-99.8,-99.8,-99.8,-99.8,-99.8
2023-05-01 21:00:00,686.3,-99.8,-99.8,2.9,274.0,4.9,285.0,0.0,-99.8,-99.8,-99.8,-99.8,-99.8,-99.8,-99.8
2023-05-01 22:00:00,686.7,-99.8,-99.8,1.8,266.0,4.5,266.0,0.0,-99.8,-99.8,-99.8,-99.8,-99.8,-99.8,-99.8
2023-05-01 23:00:00,686.7,-99.8,-99.8,1.9,241.0,4.2,234.0,0.0,-99.8,-99.8,-99.8,-99.8,-99.8,-99.8,-99.8
2023-05-02 00:00:00,686.4,-99.8,-99.8,1.0,160.0,3.9,231.0,0.0,-99.8,-99.8,-99.8,-99.8,-99.8,-99.8,-99.8
2023-05-02 01:00:00,686.1,-99.8,-99.8,0.8,115.0,3.9,216.0,0.0,-99.8,-99.8,-99.8,-99.8,-99.8,-99.8,-99.8
2023-05-02 02:00:00,685.7,-99.8,-99.8,1.4,214.0,4.2,229.0,0.0,-99.8,-99.8,-99.8,-99.8,-99.8,-99.8,-99.8
2023-05-02 03:00:00,685.7,-99.8,-99.8,2.0,292.0,4.4,242.0,0.0,-99.8,-99.8,-99.8,-99.8,-99.8,-99.8,-99.8
2023-05-02 04:00:00,685.6,-99.8,-99.8,3.7,284.0,5.3,286.0,0.0,-99.8,-99.8,-99.8,-99.8,-99.8,-99.8,-99.8
2023-05-02 05:00:00,685.8,-99.8,-99.8,3.3,273.0,5.9,289.0,0.0,-99.8,-99.8,-99.8,-99.8,-99.8,-99.8,-99.8
2023-05-02 06:00:00,686.6,-99.8,-99.8,1.9,258.0,6.0,257.0,0.0,-99.8,-99.8,-99.8,-99.8,-99.8,-99.8,-99.8
2023-05-02 07:00:00,687.1,-99.8,-99.8,1.6,223.0,3.8,255.0,0.0,-99.8,-99.8,-99.8,-99.8,-99.8,-99.8,-99.8
2023-05-02 08:00:00,687.4,-99.8,-99.8,3.6,115.0,4.8,111.0,0.0,-99.8,-99.8,-99.8,-99.8,-99.8,-99.8,-99.8
2023-05-02 09:00:00,687.9,-99.8,-99.8,0.5,197.0,5.2,114.0,0.0,-99.8,-99.8,-99.8,-99.8,-99.8,-99.8,-99.8
2023-05-02 10:00:00,688.0,-99.8,-99.8,1.3,235.0,3.6,258.0,0.0,-99.8,-99.8,-99.8,-99.8,-99.8,-99.8,-99.8
2023-05-02 11:00:00,687.9,-99.8,-99.8,2.1,227.0,4.1,247.0,0.0,-99.8,-99.8,-99.8,-99.8,-99.8,-99.8,-99.8
2023-05-02 12:00:00,687.5,-99.8,-99.8,2.3,233.0,5.4,261.0,0.0,-99.8,-99.8,-99.8,-99.8,-99.8,-99.8,-99.8
2023-05-02 13:00:00,687.3,-99.8,-99.8,2.3,253.0,5.7,236.0,0.0,-99.8,-99.8,-99.8,-99.8,-99.8,-99.8,-99.8
2023-05-02 14:00:00,687.0,-99.8,-99.8,2.5,291.0,5.5,240.0,0.0,-99.8,-99.8,-99.8,-99.8,-99.8,-99.8,-99.8
2023-05-02 15:00:00,686.8,-99.8,-99.8,2.1,269.0,5.9,285.0,0.0,-99.8,-99.8,-99.8,-99.8,-99.8,-99.8,-99.8
2023-05-02 16:00:00,686.7,-99.8,-99.8,1.3,234.0,5.4,272.0,0.0,-99.8,-99.8,-99.8,-99.8,-99.8,-99.8,-99.8
2023-05-02 17:00:00,686.8,-99.8,-99.8,0.9,203.0,2.9,216.0,0.0,-99.8,-99.8,-99.8,-99.8,-99.8,-99.8,-99.8
2023-05-02 18:00:00,687.0,-99.8,-99.8,0.8,182.0,3.3,223.0,0.0,-99.8,-99.8,-99.8,-99.8,-99.8,-99.8,-99.8
2023-05-02 19:00:00,687.2,-99.8,-99.8,3.5,129.0,5.5,87.0,0.0,-99.8,-99.8,-99.8,-99.8,-99.8,-99.8,-99.8
2023-05-02 20:00:00,687.7,-99.8,-99.8,1.6,134.0,4.7,140.0,0.0,-99.8,-99.8,-99.8,-99.8,-99.8,-99.8,-99.8
2023-05-02 21:00:00,688.2,-99.8,-99.8,1.5,229.0,3.2,215.0,0.0,-99.8,-99.8,-99.8,-99.8,-99.8,-99.8,-99.8
2023-05-02 22:00:00,688.3,-99.8,-99.8,3.1,123.0,4.2,118.0,0.0,-99.8,-99.8,-99.8,-99.8,-99.8,-99.8,-99.8
2023-05-02 23:00:00,688.2,-99.8,-99.8,4.4,122.0,6.7,113.0,0.0,-99.8,-99.8,-99.8,-99.8,-99.8,-99.8,-99.8
2023-05-03 00:00:00,687.9,-99.8,-99.8,4.6,126.0,6.5,114.0,0.0,-99.8,-99.8,-99.8,-99.8,-99.8,-99.8,-99.8
2023-05-03 01:00:00,687.7,-99.8,-99.8,2.9,147.0,7.8,126.0,0.0,-99.8,-99.8,-99.8,-99.8,-99.8,-99.8,-99.8
2023-05-03 02:00:00,687.1,-99.8,-99.8,4.7,121.0,6.1,108.0,0.0,-99.8,-99.8,-99.8,-99.8,-99.8,-99.8,-99.8
2023-05-03 03:00:00,686.9,-99.8,-99.8,1.5,188.0,5.8,128.0,0.0,-99.8,-99.8,-99.8,-99.8,-99.8,-99.8,-99.8
2023-05-03 04:00:00,686.8,-99.8,-99.8,3.0,117.0,3.9,125.0,0.0,-99.8,-99.8,-99.8,-99.8,-99.8,-99.8,-99.8
2023-05-03 05:00:00,687.1,-99.8,-99.8,1.5,185.0,4.1,113.0,0.0,-99.8,-99.8,-99.8,-99.8,-99.8,-99.8,-99.8
2023-05-03 06:00:00,687.5,-99.8,-99.8,1.9,195.0,3.6,170.0,0.0,-99.8,-99.8,-99.8,-99.8,-99.8,-99.8,-99.8
2023-05-03 07:00:00,687.9,-99.8,-99.8,2.5,120.0,4.7,148.0,0.0,-99.8,-99.8,-99.8,-99.8,-99.8,-99.8,-99.8
2023-05-03 08:00:00,688.2,-99.8,-99.8,1.3,237.0,4.2,105.0,0.0,-99.8,-99.8,-99.8,-99.8,-99.8,-99.8,-99.8
2023-05-03 09:00:00,688.3,-99.8,-99.8,1.6,229.0,2.8,221.0,0.0,-99.8,-99.8,-99.8,-99.8,-99.8,-99.8,-99.8
2023-05-03 10:00:00,688.5,-99.8,-99.8,1.5,258.0,3.6,255.0,0.0,-99.8,-99.8,-99.8,-99.8,-99.8,-99.8,-99.8
2023-05-03 11:00:00,688.4,-99.8,-99.8,2.8,277.0,5.6,279.0,0.0,-99.8,-99.8,-99.8,-99.8,-99.8,-99.8,-99.8
2023-05-03 12:00:00,688.1,-99.8,-99.8,3.2,268.0,6.2,278.0,0.0,-99.8,-99.8,-99.8,-99.8,-99.8,-99.8,-99.8
2023-05-03 13:00:00,687.6,-99.8,-99.8,3.8,273.0,8.4,255.0,0.0,-99.8,-99.8,-99.8,-99.8,-99.8,-99.8,-99.8
2023-05-03 14:00:00,687.1,-99.8,-99.8,3.6,279.0,7.4,262.0,0.0,-99.8,-99.8,-99.8,-99.8,-99.8,-99.8,-99.8
2023-05-03 15:00:00,686.8,-99.8,-99.8,3.0,268.0,6.2,259.0,0.0,-99.8,-99.8,-99.8,-99.8,-99.8,-99.8,-99.8
2023-05-03 16:00:00,-99.8,-99.8,-99.8,2.6,269.0,5.1,282.0,0.0,-99.8,-99.8,-99.8,-99.8,-99.8,-99.8,-99.8
2023-05-03 17:00:00,-99.8,-99.8,-99.8,1.5,234.0,5.3,246.0,0.0,-99.8,-99.8,-99.8,-99.8,-99.8,-99.8,-99.8
2023-05-03 18:00:00,1020.8,-99.8,-99.8,0.5,147.0,5.1,254.0,0.0,-99.8,-99.8,-99.8,-99.8,-99.8,-99.8,-99.8
2023-05-03 19:00:00,1021.4,-99.8,-99.8,3.1,106.0,5.3,119.0,0.0,-99.8,-99.8,-99.8,-99.8,-99.8,-99.8,-99.8
2023-05-03 20:00:00,687.3,-99.8,-99.8,4.0,111.0,6.4,126.0,0.0,-99.8,-99.8,-99.8,-99.8,-99.8,-99.8,-99.8
2023-05-03 21:00:00,687.6,-99.8,-99.8,1.6,113.0,6.4,140.0,0.0,-99.8,-99.8,-99.8,-99.8,-99.8,-99.8,-99.8
2023-05-03 22:00:00,687.4,-99.8,-99.8,5.7,116.0,7.9,102.0,0.0,-99.8,-99.8,-99.8,-99.8,-99.8,-99.8,-99.8
2023-05-03 23:00:00,687.2,-99.8,-99.8,5.8,117.0,9.1,109.0,0.0,-99.8,-99.8,-99.8,-99.8,-99.8,-99.8,-99.8
2023-05-04 00:00:00,686.7,-99.8,-99.8,5.3,105.0,11.2,112.0,0.0,-99.8,-99.8,-99.8,-99.8,-99.8,-99.8,-99.8
2023-05-04 01:00:00,686.3,-99.8,-99.8,5.0,95.0,12.3,88.0,0.0,-99.8,-99.8,-99.8,-99.8,-99.8,-99.8,-99.8
2023-05-04 02:00:00,685.9,-99.8,-99.8,1.6,175.0,6.6,93.0,0.0,-99.8,-99.8,-99.8,-99.8,-99.8,-99.8,-99.8
2023-05-04 03:00:00,685.6,-99.8,-99.8,2.2,189.0,5.7,214.0,0.0,-99.8,-99.8,-99.8,-99.8,-99.8,-99.8,-99.8
2023-05-04 04:00:00,685.4,-99.8,-99.8,1.7,147.0,5.1,144.0,0.0,-99.8,-99.8,-99.8,-99.8,-99.8,-99.8,-99.8
2023-05-04 05:00:00,685.5,-99.8,-99.8,2.5,241.0,5.1,253.0,0.0,-99.8,-99.8,-99.8,-99.8,-99.8,-99.8,-99.8
2023-05-04 06:00:00,685.8,-99.8,-99.8,2.1,256.0,5.5,244.0,0.0,-99.8,-99.8,-99.8,-99.8,-99.8,-99.8,-99.8
2023-05-04 07:00:00,686.2,-99.8,-99.8,1.9,270.0,4.2,228.0,0.0,-99.8,-99.8,-99.8,-99.8,-99.8,-99.8,-99.8
2023-05-04 08:00:00,686.4,-99.8,-99.8,2.9,240.0,5.5,250.0,0.0,-99.8,-99.8,-99.8,-99.8,-99.8,-99.8,-99.8
2023-05-04 09:00:00,686.7,-99.8,-99.8,2.9,281.0,6.2,243.0,0.0,-99.8,-99.8,-99.8,-99.8,-99.8,-99.8,-99.8
2023-05-04 10:00:00,686.7,-99.8,-99.8,5.8,285.0,9.8,288.0,0.0,-99.8,-99.8,-99.8,-99.8,-99.8,-99.8,-99.8
2023-05-04 11:00:00,686.4,-99.8,-99.8,5.8,283.0,10.3,287.0,0.0,-99.8,-99.8,-99.8,-99.8,-99.8,-99.8,-99.8
2023-05-04 12:00:00,685.6,-99.8,-99.8,6.1,284.0,10.3,281.0,0.0,-99.8,-99.8,-99.8,-99.8,-99.8,-99.8,-99.8
2023-05-04 13:00:00,685.3,-99.8,-99.8,5.4,274.0,10.5,277.0,0.0,-99.8,-99.8,-99.8,-99.8,-99.8,-99.8,-99.8
2023-05-04 14:00:00,684.6,-99.8,-99.8,5.8,272.0,10.8,277.0,0.0,-99.8,-99.8,-99.8,-99.8,-99.8,-99.8,-99.8
2023-05-04 15:00:00,684.3,-99.8,-99.8,5.7,274.0,13.5,287.0,0.0,-99.8,-99.8,-99.8,-99.8,-99.8,-99.8,-99.8
2023-05-04 16:00:00,683.8,-99.8,-99.8,5.5,272.0,11.5,285.0,0.0,-99.8,-99.8,-99.8,-99.8,-99.8,-99.8,-99.8
2023-05-04 17:00:00,683.9,-99.8,-99.8,5.5,277.0,10.7,279.0,0.0,-99.8,-99.8,-99.8,-99.8,-99.8,-99.8,-99.8
2023-05-04 18:00:00,684.0,-99.8,-99.8,4.8,281.0,9.5,282.0,0.0,-99.8,-99.8,-99.8,-99.8,-99.8,-99.8,-99.8
2023-05-04 19:00:00,684.0,-99.8,-99.8,3.9,277.0,7.4,257.0,0.0,-99.8,-99.8,-99.8,-99.8,-99.8,-99.8,-99.8
2023-05-04 20:00:00,684.1,-99.8,-99.8,4.1,266.0,7.5,257.0,0.0,-99.8,-99.8,-99.8,-99.8,-99.8,-99.8,-99.8
2023-05-04 21:00:00,684.4,-99.8,-99.8,3.5,253.0,6.9,249.0,0.0,-99.8,-99.8,-99.8,-99.8,-99.8,-99.8,-99.8
2023-05-04 22:00:00,684.3,-99.8,-99.8,1.0,152.0,6.1,241.0,0.0,-99.8,-99.8,-99.8,-99.8,-99.8,-99.8,-99.8
2023-05-04 23:00:00,684.1,-99.8,-99.8,2.3,171.0,4.8,181.0,0.0,-99.8,-99.8,-99.8,-99.8,-99.8,-99.8,-99.8
2023-05-05 00:00:00,683.6,-99.8,-99.8,1.4,220.0,6.5,185.0,0.0,-99.8,-99.8,-99.8,-99.8,-99.8,-99.8,-99.8
2023-05-05 01:00:00,683.3,-99.8,-99.8,3.7,273.0,6.6,283.0,0.0,-99.8,-99.8,-99.8,-99.8,-99.8,-99.8,-99.8
2023-05-05 02:00:00,682.8,-99.8,-99.8,3.6,267.0,8.4,260.0,0.0,-99.8,-99.8,-99.8,-99.8,-99.8,-99.8,-99.8
2023-05-05 03:00:00,682.5,-99.8,-99.8,3.8,254.0,8.2,232.0,0.0,-99.8,-99.8,-99.8,-99.8,-99.8,-99.8,-99.8
2023-05-05 04:00:00,682.6,-99.8,-99.8,4.1,239.0,8.3,249.0,0.0,-99.8,-99.8,-99.8,-99.8,-99.8,-99.8,-99.8
2023-05-05 05:00:00,682.5,-99.8,-99.8,4.0,242.0,8.6,249.0,0.0,-99.8,-99.8,-99.8,-99.8,-99.8,-99.8,-99.8
2023-05-05 06:00:00,682.7,-99.8,-99.8,3.9,245.0,9.5,233.0,0.0,-99.8,-99.8,-99.8,-99.8,-99.8,-99.8,-99.8
2023-05-05 07:00:00,682.8,-99.8,-99.8,3.4,261.0,9.7,243.0,0.0,-99.8,-99.8,-99.8,-99.8,-99.8,-99.8,-99.8
2023-05-05 08:00:00,683.1,-99.8,-99.8,4.3,262.0,8.5,252.0,0.0,-99.8,-99.8,-99.8,-99.8,-99.8,-99.8,-99.8
2023-05-05 09:00:00,683.2,-99.8,-99.8,4.6,270.0,8.4,255.0,0.0,-99.8,-99.8,-99.8,-99.8,-99.8,-99.8,-99.8
2023-05-05 10:00:00,683.4,-99.8,-99.8,4.7,275.0,9.0,283.0,0.0,-99.8,-99.8,-99.8,-99.8,-99.8,-99.8,-99.8
2023-05-05 11:00:00,683.3,-99.8,-99.8,5.0,272.0,9.4,284.0,0.0,-99.8,-99.8,-99.8,-99.8,-99.8,-99.8,-99.8
2023-05-05 12:00:00,682.7,-99.8,-99.8,6.3,274.0,11.7,290.0,0.0,-99.8,-99.8,-99.8,-99.8,-99.8,-99.8,-99.8
2023-05-05 13:00:00,682.5,-99.8,-99.8,6.5,268.0,12.9,285.0,0.0,-99.8,-99.8,-99.8,-99.8,-99.8,-99.8,-99.8
2023-05-05 14:00:00,682.1,-99.8,-99.8,6.4,271.0,13.6,276.0,0.0,-99.8,-99.8,-99.8,-99.8,-99.8,-99.8,-99.8
2023-05-05 15:00:00,681.7,-99.8,-99.8,6.6,272.0,12.2,262.0,0.0,-99.8,-99.8,-99.8,-99.8,-99.8,-99.8,-99.8
2023-05-05 16:00:00,681.7,-99.8,-99.8,6.2,271.0,12.3,271.0,0.0,-99.8,-99.8,-99.8,-99.8,-99.8,-99.8,-99.8
2023-05-05 17:00:00,681.8,-99.8,-99.8,5.6,273.0,11.4,286.0,0.0,-99.8,-99.8,-99.8,-99.8,-99.8,-99.8,-99.8
2023-05-05 18:00:00,681.6,-99.8,-99.8,5.0,278.0,9.4,286.0,0.0,-99.8,-99.8,-99.8,-99.8,-99.8,-99.8,-99.8
2023-05-05 19:00:00,681.6,-99.8,-99.8,6.1,278.0,12.9,285.0,0.0,-99.8,-99.8,-99.8,-99.8,-99.8,-99.8,-99.8
2023-05-05 20:00:00,682.2,-99.8,-99.8,5.6,281.0,11.7,277.0,0.0,-99.8,-99.8,-99.8,-99.8,-99.8,-99.8,-99.8
2023-05-05 21:00:00,682.4,-99.8,-99.8,5.5,279.0,10.8,286.0,0.0,-99.8,-99.8,-99.8,-99.8,-99.8,-99.8,-99.8
2023-05-05 22:00:00,682.7,-99.8,-99.8,6.6,283.0,9.8,285.0,0.0,-99.8,-99.8,-99.8,-99.8,-99.8,-99.8,-99.8
2023-05-05 23:00:00,682.6,-99.8,-99.8,5.4,277.0,9.8,284.0,0.0,-99.8,-99.8,-99.8,-99.8,-99.8,-99.8,-99.8
2023-05-06 00:00:00,682.1,-99.8,-99.8,5.7,274.0,10.9,289.0,0.0,-99.8,-99.8,-99.8,-99.8,-99.8,-99.8,-99.8
2023-05-06 01:00:00,681.8,-99.8,-99.8,5.2,281.0,8.8,288.0,0.0,-99.8,-99.8,-99.8,-99.8,-99.8,-99.8,-99.8
2023-05-06 02:00:00,681.7,-99.8,-99.8,4.1,268.0,8.2,330.0,0.0,-99.8,-99.8,-99.8,-99.8,-99.8,-99.8,-99.8
2023-05-06 03:00:00,681.2,-99.8,-99.8,4.8,278.0,9.0,262.0,0.0,-99.8,-99.8,-99.8,-99.8,-99.8,-99.8,-99.8
2023-05-06 04:00:00,681.0,-99.8,-99.8,5.1,279.0,8.4,292.0,0.0,-99.8,-99.8,-99.8,-99.8,-99.8,-99.8,-99.8
2023-05-06 05:00:00,680.9,-99.8,-99.8,6.8,281.0,10.5,257.0,0.0,-99.8,-99.8,-99.8,-99.8,-99.8,-99.8,-99.8
2023-05-06 06:00:00,681.2,-99.8,-99.8,5.8,276.0,11.4,286.0,0.0,-99.8,-99.8,-99.8,-99.8,-99.8,-99.8,-99.8
2023-05-06 07:00:00,681.5,-99.8,-99.8,5.6,278.0,11.4,286.0,0.0,-99.8,-99.8,-99.8,-99.8,-99.8,-99.8,-99.8
2023-05-06 08:00:00,681.8,-99.8,-99.8,6.1,278.0,10.8,291.0,0.0,-99.8,-99.8,-99.8,-99.8,-99.8,-99.8,-99.8
2023-05-06 09:00:00,681.9,-99.8,-99.8,6.4,276.0,12.0,287.0,0.0,-99.8,-99.8,-99.8,-99.8,-99.8,-99.8,-99.8
2023-05-06 10:00:00,682.1,-99.8,-99.8,6.3,281.0,12.0,286.0,0.0,-99.8,-99.8,-99.8,-99.8,-99.8,-99.8,-99.8
2023-05-06 11:00:00,682.1,-99.8,-99.8,6.1,273.0,12.1,287.0,0.0,-99.8,-99.8,-99.8,-99.8,-99.8,-99.8,-99.8
2023-05-06 12:00:00,681.6,-99.8,-99.8,6.6,271.0,12.4,266.0,0.0,-99.8,-99.8,-99.8,-99.8,-99.8,-99.8,-99.8
2023-05-06 13:00:00,681.1,-99.8,-99.8,7.3,276.0,15.3,264.0,0.0,-99.8,-99.8,-99.8,-99.8,-99.8,-99.8,-99.8
2023-05-06 14:00:00,680.8,-99.8,-99.8,8.0,275.0,15.2,296.0,0.0,-99.8,-99.8,-99.8,-99.8,-99.8,-99.8,-99.8
2023-05-06 15:00:00,680.4,-99.8,-99.8,7.7,276.0,15.5,287.0,0.0,-99.8,-99.8,-99.8,-99.8,-99.8,-99.8,-99.8
2023-05-06 16:00:00,680.5,-99.8,-99.8,6.6,274.0,15.2,286.0,0.0,-99.8,-99.8,-99.8,-99.8,-99.8,-99.8,-99.8
2023-05-06 17:00:00,680.5,-99.8,-99.8,6.2,279.0,12.7,287.0,0.0,-99.8,-99.8,-99.8,-99.8,-99.8,-99.8,-99.8
2023-05-06 18:00:00,680.8,-99.8,-99.8,6.7,285.0,10.8,289.0,0.0,-99.8,-99.8,-99.8,-99.8,-99.8,-99.8,-99.8
2023-05-06 19:00:00,680.9,-99.8,-99.8,5.7,278.0,10.8,281.0,0.0,-99.8,-99.8,-99.8,-99.8,-99.8,-99.8,-99.8
2023-05-06 20:00:00,681.2,-99.8,-99.8,4.9,275.0,11.7,285.0,0.0,-99.8,-99.8,-99.8,-99.8,-99.8,-99.8,-99.8
2023-05-06 21:00:00,681.7,-99.8,-99.8,5.3,264.0,12.9,260.0,2.5,-99.8,-99.8,-99.8,-99.8,-99.8,-99.8,-99.8
2023-05-06 22:00:00,681.7,-99.8,-99.8,5.7,271.0,14.7,267.0,2.5,-99.8,-99.8,-99.8,-99.8,-99.8,-99.8,-99.8
2023-05-06 23:00:00,683.1,-99.8,-99.8,5.9,271.0,12.1,283.0,3.0,-99.8,-99.8,-99.8,-99.8,-99.8,-99.8,-99.8
2023-05-07 00:00:00,682.6,-99.8,-99.8,3.5,264.0,12.1,283.0,0.5,-99.8,-99.8,-99.8,-99.8,-99.8,-99.8,-99.8
2023-05-07 01:00:00,682.0,-99.8,-99.8,7.3,279.0,13.2,260.0,1.0,-99.8,-99.8,-99.8,-99.8,-99.8,-99.8,-99.8
2023-05-07 02:00:00,680.8,-99.8,-99.8,7.6,283.0,12.1,280.0,4.5,-99.8,-99.8,-99.8,-99.8,-99.8,-99.8,-99.8
2023-05-07 03:00:00,681.3,-99.8,-99.8,7.6,277.0,12.2,285.0,5.5,-99.8,-99.8,-99.8,-99.8,-99.8,-99.8,-99.8
2023-05-07 04:00:00,681.3,-99.8,-99.8,6.9,276.0,12.6,268.0,4.5,-99.8,-99.8,-99.8,-99.8,-99.8,-99.8,-99.8
2023-05-07 05:00:00,679.6,-99.8,-99.8,8.8,277.0,15.1,284.0,2.0,-99.8,-99.8,-99.8,-99.8,-99.8,-99.8,-99.8
2023-05-07 06:00:00,679.2,-99.8,-99.8,10.6,277.0,17.4,274.0,0.5,-99.8,-99.8,-99.8,-99.8,-99.8,-99.8,-99.8
2023-05-07 07:00:00,681.1,-99.8,-99.8,7.6,277.0,15.7,277.0,0.0,-99.8,-99.8,-99.8,-99.8,-99.8,-99.8,-99.8
2023-05-07 08:00:00,680.9,-99.8,-99.8,8.1,281.0,13.2,282.0,0.5,-99.8,-99.8,-99.8,-99.8,-99.8,-99.8,-99.8
2023-05-07 09:00:00,682.3,-99.8,-99.8,9.7,282.0,13.6,284.0,1.0,-99.8,-99.8,-99.8,-99.8,-99.8,-99.8,-99.8
2023-05-07 10:00:00,681.2,-99.8,-99.8,9.7,274.0,18.2,285.0,1.5,-99.8,-99.8,-99.8,-99.8,-99.8,-99.8,-99.8
2023-05-07 11:00:00,681.6,-99.8,-99.8,8.7,281.0,19.4,287.0,2.0,-99.8,-99.8,-99.8,-99.8,-99.8,-99.8,-99.8
2023-05-07 12:00:00,680.9,-99.8,-99.8,8.6,275.0,17.6,294.0,0.0,-99.8,-99.8,-99.8,-99.8,-99.8,-99.8,-99.8
2023-05-07 13:00:00,679.9,-99.8,-99.8,11.0,272.0,19.7,287.0,1.5,-99.8,-99.8,-99.8,-99.8,-99.8,-99.8,-99.8
2023-05-07 14:00:00,679.4,-99.8,-99.8,10.9,270.0,20.1,258.0,0.5,-99.8,-99.8,-99.8,-99.8,-99.8,-99.8,-99.8
2023-05-07 15:00:00,679.5,-99.8,-99.8,11.2,274.0,20.1,272.0,1.5,-99.8,-99.8,-99.8,-99.8,-99.8,-99.8,-99.8
2023-05-07 16:00:00,679.0,-99.8,-99.8,9.9,274.0,18.2,257.0,0.0,-99.8,-99.8,-99.8,-99.8,-99.8,-99.8,-99.8
2023-05-07 17:00:00,679.7,-99.8,-99.8,8.2,271.0,19.6,262.0,0.0,-99.8,-99.8,-99.8,-99.8,-99.8,-99.8,-99.8
2023-05-07 18:00:00,680.7,-99.8,-99.8,6.9,270.0,16.9,269.0,0.0,-99.8,-99.8,-99.8,-99.8,-99.8,-99.8,-99.8
2023-05-07 19:00:00,680.3,-99.8,-99.8,6.9,272.0,16.8,261.0,0.0,-99.8,-99.8,-99.8,-99.8,-99.8,-99.8,-99.8
2023-05-07 20:00:00,681.1,-99.8,-99.8,6.5,275.0,16.9,285.0,0.5,-99.8,-99.8,-99.8,-99.8,-99.8,-99.8,-99.8
2023-05-07 21:00:00,682.6,-99.8,-99.8,6.8,272.0,12.2,287.0,0.0,-99.8,-99.8,-99.8,-99.8,-99.8,-99.8,-99.8
2023-05-07 22:00:00,682.0,-99.8,-99.8,6.8,272.0,13.4,271.0,0.0,-99.8,-99.8,-99.8,-99.8,-99.8,-99.8,-99.8
2023-05-07 23:00:00,682.2,-99.8,-99.8,7.9,278.0,13.7,263.0,2.5,-99.8,-99.8,-99.8,-99.8,-99.8,-99.8,-99.8
2023-05-08 00:00:00,-99.8,-99.8,-99.8,7.3,276.0,13.7,277.0,1.5,-99.8,-99.8,-99.8,-99.8,-99.8,-99.8,-99.8
2023-05-08 01:00:00,681.6,-99.8,-99.8,7.5,268.0,15.1,261.0,1.0,-99.8,-99.8,-99.8,-99.8,-99.8,-99.8,-99.8
2023-05-08 02:00:00,681.4,-99.8,-99.8,6.5,268.0,15.6,258.0,1.5,-99.8,-99.8,-99.8,-99.8,-99.8,-99.8,-99.8
2023-05-08 03:00:00,680.3,-99.8,-99.8,7.7,271.0,14.3,254.0,1.5,-99.8,-99.8,-99.8,-99.8,-99.8,-99.8,-99.8
2023-05-08 04:00:00,680.2,-99.8,-99.8,8.2,272.0,18.5,285.0,0.5,-99.8,-99.8,-99.8,-99.8,-99.8,-99.8,-99.8
2023-05-08 05:00:00,680.3,-99.8,-99.8,8.1,269.0,14.7,259.0,2.5,-99.8,-99.8,-99.8,-99.8,-99.8,-99.8,-99.8
2023-05-08 06:00:00,681.5,-99.8,-99.8,6.0,274.0,16.1,279.0,5.5,-99.8,-99.8,-99.8,-99.8,-99.8,-99.8,-99.8
2023-05-08 07:00:00,680.7,-99.8,-99.8,6.2,266.0,16.7,253.0,6.5,-99.8,-99.8,-99.8,-99.8,-99.8,-99.8,-99.8
2023-05-08 08:00:00,681.1,-99.8,-99.8,8.0,269.0,14.9,266.0,10.0,-99.8,-99.8,-99.8,-99.8,-99.8,-99.8,-99.8
2023-05-08 09:00:00,681.2,-99.8,-99.8,8.1,268.0,17.2,265.0,10.0,-99.8,-99.8,-99.8,-99.8,-99.8,-99.8,-99.8
2023-05-08 10:00:00,681.6,-99.8,-99.8,8.9,267.0,16.6,269.0,5.5,-99.8,-99.8,-99.8,-99.8,-99.8,-99.8,-99.8
2023-05-08 11:00:00,682.3,-99.8,-99.8,7.6,264.0,17.2,284.0,3.5,-99.8,-99.8,-99.8,-99.8,-99.8,-99.8,-99.8
2023-05-08 12:00:00,682.6,-99.8,-99.8,7.9,270.0,15.7,283.0,4.5,-99.8,-99.8,-99.8,-99.8,-99.8,-99.8,-99.8
2023-05-08 13:00:00,682.3,-99.8,-99.8,5.8,264.0,13.9,278.0,5.5,-99.8,-99.8,-99.8,-99.8,-99.8,-99.8,-99.8
2023-05-08 14:00:00,682.0,-99.8,-99.8,6.1,272.0,14.8,291.0,2.0,-99.8,-99.8,-99.8,-99.8,-99.8,-99.8,-99.8
2023-05-08 15:00:00,681.9,-99.8,-99.8,7.3,268.0,15.2,252.0,0.5,-99.8,-99.8,-99.8,-99.8,-99.8,-99.8,-99.8
2023-05-08 16:00:00,681.1,-99.8,-99.8,5.4,266.0,15.5,248.0,0.5,-99.8,-99.8,-99.8,-99.8,-99.8,-99.8,-99.8
2023-05-08 17:00:00,680.9,-99.8,-99.8,7.5,270.0,14.8,283.0,0.0,-99.8,-99.8,-99.8,-99.8,-99.8,-99.8,-99.8
2023-05-08 18:00:00,680.8,-99.8,-99.8,7.1,274.0,14.5,241.0,0.5,-99.8,-99.8,-99.8,-99.8,-99.8,-99.8,-99.8
2023-05-08 19:00:00,680.6,-99.8,-99.8,8.7,272.0,13.7,258.0,0.0,-99.8,-99.8,-99.8,-99.8,-99.8,-99.8,-99.8
2023-05-08 20:00:00,680.8,-99.8,-99.8,8.2,274.0,14.5,272.0,0.0,-99.8,-99.8,-99.8,-99.8,-99.8,-99.8,-99.8
2023-05-08 21:00:00,681.1,-99.8,-99.8,8.2,273.0,15.7,285.0,0.0,-99.8,-99.8,-99.8,-99.8,-99.8,-99.8,-99.8
2023-05-08 22:00:00,681.7,-99.8,-99.8,8.0,276.0,14.1,275.0,0.0,-99.8,-99.8,-99.8,-99.8,-99.8,-99.8,-99.8
2023-05-08 23:00:00,682.0,-99.8,-99.8,7.5,275.0,13.0,287.0,0.0,-99.8,-99.8,-99.8,-99.8,-99.8,-99.8,-99.8
2023-05-09 00:00:00,681.6,-99.8,-99.8,8.1,278.0,13.4,269.0,0.0,-99.8,-99.8,-99.8,-99.8,-99.8,-99.8,-99.8
2023-05-09 01:00:00,681.6,-99.8,-99.8,6.9,274.0,13.7,266.0,0.0,-99.8,-99.8,-99.8,-99.8,-99.8,-99.8,-99.8
2023-05-09 02:00:00,681.0,-99.8,-99.8,7.5,276.0,13.3,264.0,0.0,-99.8,-99.8,-99.8,-99.8,-99.8,-99.8,-99.8
2023-05-09 03:00:00,681.2,-99.8,-99.8,6.9,274.0,13.9,283.0,0.0,-99.8,-99.8,-99.8,-99.8,-99.8,-99.8,-99.8
2023-05-09 04:00:00,681.1,-99.8,-99.8,7.6,273.0,13.0,267.0,0.0,-99.8,-99.8,-99.8,-99.8,-99.8,-99.8,-99.8
2023-05-09 05:00:00,681.3,-99.8,-99.8,7.3,276.0,14.6,283.0,0.0,-99.8,-99.8,-99.8,-99.8,-99.8,-99.8,-99.8
2023-05-09 06:00:00,681.6,-99.8,-99.8,6.7,275.0,13.5,273.0,0.0,-99.8,-99.8,-99.8,-99.8,-99.8,-99.8,-99.8
2023-05-09 07:00:00,682.1,-99.8,-99.8,7.0,275.0,12.3,270.0,0.0,-99.8,-99.8,-99.8,-99.8,-99.8,-99.8,-99.8
2023-05-09 08:00:00,683.0,-99.8,-99.8,7.0,278.0,13.9,260.0,0.0,-99.8,-99.8,-99.8,-99.8,-99.8,-99.8,-99.8
2023-05-09 09:00:00,683.3,-99.8,-99.8,6.6,274.0,11.9,287.0,0.0,-99.8,-99.8,-99.8,-99.8,-99.8,-99.8,-99.8
2023-05-09 10:00:00,683.4,-99.8,-99.8,6.4,275.0,13.0,261.0,0.0,-99.8,-99.8,-99.8,-99.8,-99.8,-99.8,-99.8
2023-05-09 11:00:00,683.3,-99.8,-99.8,6.4,271.0,12.6,275.0,0.0,-99.8,-99.8,-99.8,-99.8,-99.8,-99.8,-99.8
2023-05-09 12:00:00,682.9,-99.8,-99.8,6.3,274.0,12.9,257.0,0.0,-99.8,-99.8,-99.8,-99.8,-99.8,-99.8,-99.8
2023-05-09 13:00:00,682.7,-99.8,-99.8,5.8,268.0,13.0,255.0,0.0,-99.8,-99.8,-99.8,-99.8,-99.8,-99.8,-99.8
2023-05-09 14:00:00,682.6,-99.8,-99.8,7.5,275.0,14.3,284.0,0.0,-99.8,-99.8,-99.8,-99.8,-99.8,-99.8,-99.8
2023-05-09 15:00:00,682.1,-99.8,-99.8,7.1,273.0,13.5,283.0,0.5,-99.8,-99.8,-99.8,-99.8,-99.8,-99.8,-99.8
2023-05-09 16:00:00,682.4,-99.8,-99.8,6.5,272.0,13.7,259.0,0.0,-99.8,-99.8,-99.8,-99.8,-99.8,-99.8,-99.8
2023-05-09 17:00:00,681.9,-99.8,-99.8,6.8,277.0,12.4,261.0,0.0,-99.8,-99.8,-99.8,-99.8,-99.8,-99.8,-99.8
2023-05-09 18:00:00,681.1,-99.8,-99.8,8.9,283.0,14.5,283.0,0.0,-99.8,-99.8,-99.8,-99.8,-99.8,-99.8,-99.8
2023-05-09 19:00:00,680.6,-99.8,-99.8,11.5,289.0,16.9,290.0,0.0,-99.8,-99.8,-99.8,-99.8,-99.8,-99.8,-99.8
2023-05-09 20:00:00,681.5,-99.8,-99.8,7.5,281.0,15.0,272.0,0.0,-99.8,-99.8,-99.8,-99.8,-99.8,-99.8,-99.8
2023-05-09 21:00:00,682.3,-99.8,-99.8,7.5,280.0,11.9,284.0,0.0,-99.8,-99.8,-99.8,-99.8,-99.8,-99.8,-99.8
2023-05-09 22:00:00,682.5,-99.8,-99.8,9.5,289.0,13.3,286.0,0.0,-99.8,-99.8,-99.8,-99.8,-99.8,-99.8,-99.8
2023-05-09 23:00:00,681.9,-99.8,-99.8,8.0,292.0,12.7,290.0,0.0,-99.8,-99.8,-99.8,-99.8,-99.8,-99.8,-99.8
2023-05-10 00:00:00,681.6,-99.8,-99.8,7.1,283.0,13.1,287.0,0.0,-99.8,-99.8,-99.8,-99.8,-99.8,-99.8,-99.8
2023-05-10 01:00:00,681.8,-99.8,-99.8,5.0,274.0,9.6,286.0,0.0,-99.8,-99.8,-99.8,-99.8,-99.8,-99.8,-99.8
2023-05-10 02:00:00,681.9,-99.8,-99.8,7.3,293.0,10.9,288.0,0.0,-99.8,-99.8,-99.8,-99.8,-99.8,-99.8,-99.8
2023-05-10 03:00:00,681.7,-99.8,-99.8,7.1,293.0,10.7,286.0,0.0,-99.8,-99.8,-99.8,-99.8,-99.8,-99.8,-99.8
2023-05-10 04:00:00,682.0,-99.8,-99.8,7.9,300.0,10.9,302.0,0.0,-99.8,-99.8,-99.8,-99.8,-99.8,-99.8,-99.8
2023-05-10 05:00:00,682.7,-99.8,-99.8,7.2,291.0,10.5,298.0,0.0,-99.8,-99.8,-99.8,-99.8,-99.8,-99.8,-99.8
2023-05-10 06:00:00,683.1,-99.8,-99.8,6.5,294.0,13.2,301.0,0.0,-99.8,-99.8,-99.8,-99.8,-99.8,-99.8,-99.8
2023-05-10 07:00:00,-99.8,-99.8,-99.8,5.5,286.0,10.9,289.0,0.0,-99.8,-99.8,-99.8,-99.8,-99.8,-99.8,-99.8
2023-05-10 08:00:00,666.8,-99.8,-99.8,8.3,305.0,11.5,301.0,0.0,-99.8,-99.8,-99.8,-99.8,-99.8,-99.8,-99.8
2023-05-10 09:00:00,-99.8,-99.8,-99.8,4.6,284.0,10.2,305.0,0.0,-99.8,-99.8,-99.8,-99.8,-99.8,-99.8,-99.8
2023-05-10 10:00:00,684.5,-99.8,-99.8,4.2,283.0,7.9,286.0,0.0,-99.8,-99.8,-99.8,-99.8,-99.8,-99.8,-99.8
2023-05-10 11:00:00,684.3,-99.8,-99.8,4.1,275.0,8.1,295.0,0.0,-99.8,-99.8,-99.8,-99.8,-99.8,-99.8,-99.8
2023-05-10 12:00:00,684.1,-99.8,-99.8,3.7,279.0,6.9,286.0,0.0,-99.8,-99.8,-99.8,-99.8,-99.8,-99.8,-99.8
2023-05-10 13:00:00,683.7,-99.8,-99.8,3.3,278.0,7.1,282.0,0.0,-99.8,-99.8,-99.8,-99.8,-99.8,-99.8,-99.8
2023-05-10 14:00:00,683.2,-99.8,-99.8,4.7,276.0,8.3,285.0,0.0,-99.8,-99.8,-99.8,-99.8,-99.8,-99.8,-99.8
2023-05-10 15:00:00,683.0,-99.8,-99.8,4.1,273.0,8.0,261.0,0.0,-99.8,-99.8,-99.8,-99.8,-99.8,-99.8,-99.8
2023-05-10 16:00:00,683.0,-99.8,-99.8,4.8,278.0,7.6,285.0,0.0,-99.8,-99.8,-99.8,-99.8,-99.8,-99.8,-99.8
2023-05-10 17:00:00,683.1,-99.8,-99.8,5.5,282.0,10.7,285.0,0.0,-99.8,-99.8,-99.8,-99.8,-99.8,-99.8,-99.8
2023-05-10 18:00:00,683.6,-99.8,-99.8,4.3,281.0,9.3,286.0,0.0,-99.8,-99.8,-99.8,-99.8,-99.8,-99.8,-99.8
2023-05-10 19:00:00,683.7,-99.8,-99.8,5.6,283.0,7.7,278.0,0.0,-99.8,-99.8,-99.8,-99.8,-99.8,-99.8,-99.8
2023-05-10 20:00:00,684.1,-99.8,-99.8,7.8,290.0,9.5,290.0,0.0,-99.8,-99.8,-99.8,-99.8,-99.8,-99.8,-99.8
2023-05-10 21:00:00,684.2,-99.8,-99.8,7.3,287.0,10.6,297.0,0.0,-99.8,-99.8,-99.8,-99.8,-99.8,-99.8,-99.8
2023-05-10 22:00:00,684.6,-99.8,-99.8,5.9,288.0,10.2,302.0,0.0,-99.8,-99.8,-99.8,-99.8,-99.8,-99.8,-99.8
2023-05-10 23:00:00,684.3,-99.8,-99.8,8.4,299.0,11.7,303.0,0.0,-99.8,-99.8,-99.8,-99.8,-99.8,-99.8,-99.8
2023-05-11 00:00:00,684.3,-99.8,-99.8,6.7,297.0,12.0,301.0,0.0,-99.8,-99.8,-99.8,-99.8,-99.8,-99.8,-99.8
2023-05-11 01:00:00,684.1,-99.8,-99.8,5.6,290.0,9.8,301.0,0.0,-99.8,-99.8,-99.8,-99.8,-99.8,-99.8,-99.8
2023-05-11 02:00:00,683.6,-99.8,-99.8,7.7,286.0,10.1,292.0,0.0,-99.8,-99.8,-99.8,-99.8,-99.8,-99.8,-99.8
2023-05-11 03:00:00,683.2,-99.8,-99.8,7.8,282.0,13.0,287.0,0.0,-99.8,-99.8,-99.8,-99.8,-99.8,-99.8,-99.8
2023-05-11 04:00:00,683.2,-99.8,-99.8,11.1,288.0,15.6,286.0,0.0,-99.8,-99.8,-99.8,-99.8,-99.8,-99.8,-99.8
2023-05-11 05:00:00,683.6,-99.8,-99.8,10.3,284.0,15.0,301.0,0.0,-99.8,-99.8,-99.8,-99.8,-99.8,-99.8,-99.8
2023-05-11 06:00:00,684.1,-99.8,-99.8,8.3,282.0,14.0,284.0,0.0,-99.8,-99.8,-99.8,-99.8,-99.8,-99.8,-99.8
2023-05-11 07:00:00,684.5,-99.8,-99.8,9.4,286.0,13.7,289.0,0.0,-99.8,-99.8,-99.8,-99.8,-99.8,-99.8,-99.8
2023-05-11 08:00:00,685.7,-99.8,-99.8,7.9,282.0,13.3,285.0,0.0,-99.8,-99.8,-99.8,-99.8,-99.8,-99.8,-99.8
2023-05-11 09:00:00,686.7,-99.8,-99.8,7.7,281.0,13.0,288.0,0.0,-99.8,-99.8,-99.8,-99.8,-99.8,-99.8,-99.8
2023-05-11 10:00:00,686.6,-99.8,-99.8,7.4,281.0,12.1,287.0,0.0,-99.8,-99.8,-99.8,-99.8,-99.8,-99.8,-99.8
2023-05-11 11:00:00,685.1,-99.8,-99.8,5.4,282.0,12.5,281.0,0.0,-99.8,-99.8,-99.8,-99.8,-99.8,-99.8,-99.8
2023-05-11 12:00:00,-99.8,-99.8,-99.8,5.8,282.0,9.1,284.0,0.0,-99.8,-99.8,-99.8,-99.8,-99.8,-99.8,-99.8
2023-05-11 13:00:00,684.4,-99.8,-99.8,6.0,275.0,10.2,283.0,0.0,-99.8,-99.8,-99.8,-99.8,-99.8,-99.8,-99.8
2023-05-11 14:00:00,684.1,-99.8,-99.8,6.2,281.0,9.4,284.0,0.0,-99.8,-99.8,-99.8,-99.8,-99.8,-99.8,-99.8
2023-05-11 15:00:00,684.0,-99.8,-99.8,5.0,279.0,10.5,287.0,0.0,-99.8,-99.8,-99.8,-99.8,-99.8,-99.8,-99.8
2023-05-11 16:00:00,684.0,-99.8,-99.8,7.3,289.0,11.7,258.0,0.0,-99.8,-99.8,-99.8,-99.8,-99.8,-99.8,-99.8
2023-05-11 17:00:00,683.7,-99.8,-99.8,7.7,289.0,11.4,302.0,0.0,-99.8,-99.8,-99.8,-99.8,-99.8,-99.8,-99.8
2023-05-11 18:00:00,683.8,-99.8,-99.8,7.0,280.0,12.8,287.0,0.0,-99.8,-99.8,-99.8,-99.8,-99.8,-99.8,-99.8
2023-05-11 19:00:00,-99.8,-99.8,-99.8,8.5,291.0,13.4,301.0,0.0,-99.8,-99.8,-99.8,-99.8,-99.8,-99.8,-99.8
2023-05-11 20:00:00,-99.8,-99.8,-99.8,6.4,281.0,12.1,283.0,0.0,-99.8,-99.8,-99.8,-99.8,-99.8,-99.8,-99.8
2023-05-11 21:00:00,-99.8,-99.8,-99.8,9.5,300.0,13.0,309.0,0.0,-99.8,-99.8,-99.8,-99.8,-99.8,-99.8,-99.8
2023-05-11 22:00:00,684.9,-99.8,-99.8,7.5,290.0,14.4,309.0,0.0,-99.8,-99.8,-99.8,-99.8,-99.8,-99.8,-99.8
2023-05-11 23:00:00,-99.8,-99.8,-99.8,9.5,299.0,13.2,303.0,0.0,-99.8,-99.8,-99.8,-99.8,-99.8,-99.8,-99.8
2023-05-12 00:00:00,-99.8,-99.8,-99.8,7.4,294.0,14.4,303.0,0.0,-99.8,-99.8,-99.8,-99.8,-99.8,-99.8,-99.8
2023-05-12 01:00:00,684.0,-99.8,-99.8,8.2,298.0,12.3,300.0,0.0,-99.8,-99.8,-99.8,-99.8,-99.8,-99.8,-99.8
2023-05-12 02:00:00,-99.8,-99.8,-99.8,6.5,285.0,11.8,297.0,0.0,-99.8,-99.8,-99.8,-99.8,-99.8,-99.8,-99.8
2023-05-12 03:00:00,683.9,-99.8,-99.8,6.5,286.0,9.3,290.0,0.0,-99.8,-99.8,-99.8,-99.8,-99.8,-99.8,-99.8
2023-05-12 04:00:00,684.0,-99.8,-99.8,6.4,287.0,9.4,287.0,0.0,-99.8,-99.8,-99.8,-99.8,-99.8,-99.8,-99.8
2023-05-12 05:00:00,684.5,-99.8,-99.8,5.6,291.0,8.3,298.0,0.0,-99.8,-99.8,-99.8,-99.8,-99.8,-99.8,-99.8
2023-05-12 06:00:00,684.8,-99.8,-99.8,5.3,284.0,9.2,290.0,0.0,-99.8,-99.8,-99.8,-99.8,-99.8,-99.8,-99.8
2023-05-12 07:00:00,-99.8,-99.8,-99.8,5.8,290.0,9.3,297.0,0.0,-99.8,-99.8,-99.8,-99.8,-99.8,-99.8,-99.8
2023-05-12 08:00:00,-99.8,-99.8,-99.8,5.9,288.0,10.1,294.0,0.0,-99.8,-99.8,-99.8,-99.8,-99.8,-99.8,-99.8
2023-05-12 09:00:00,-99.8,-99.8,-99.8,4.9,287.0,7.2,288.0,0.0,-99.8,-99.8,-99.8,-99.8,-99.8,-99.8,-99.8
2023-05-12 10:00:00,-99.8,-99.8,-99.8,4.6,289.0,6.8,288.0,0.0,-99.8,-99.8,-99.8,-99.8,-99.8,-99.8,-99.8
2023-05-12 11:00:00,685.6,-99.8,-99.8,4.9,281.0,8.2,281.0,0.0,-99.8,-99.8,-99.8,-99.8,-99.8,-99.8,-99.8
2023-05-12 12:00:00,685.3,-99.8,-99.8,5.7,280.0,9.1,286.0,0.0,-99.8,-99.8,-99.8,-99.8,-99.8,-99.8,-99.8
2023-05-12 13:00:00,684.8,-99.8,-99.8,6.1,282.0,11.5,278.0,0.0,-99.8,-99.8,-99.8,-99.8,-99.8,-99.8,-99.8
2023-05-12 14:00:00,684.4,-99.8,-99.8,7.6,284.0,11.7,285.0,0.0,-99.8,-99.8,-99.8,-99.8,-99.8,-99.8,-99.8
2023-05-12 15:00:00,684.1,-99.8,-99.8,5.6,275.0,12.1,285.0,0.0,-99.8,-99.8,-99.8,-99.8,-99.8,-99.8,-99.8
2023-05-12 16:00:00,683.4,-99.8,-99.8,5.7,282.0,9.5,283.0,0.0,-99.8,-99.8,-99.8,-99.8,-99.8,-99.8,-99.8
2023-05-12 17:00:00,684.5,-99.8,-99.8,7.0,276.0,10.9,281.0,0.0,-99.8,-99.8,-99.8,-99.8,-99.8,-99.8,-99.8
2023-05-12 18:00:00,684.7,-99.8,-99.8,6.2,279.0,11.2,282.0,0.0,-99.8,-99.8,-99.8,-99.8,-99.8,-99.8,-99.8
2023-05-12 19:00:00,684.5,-99.8,-99.8,6.9,280.0,11.9,288.0,0.0,-99.8,-99.8,-99.8,-99.8,-99.8,-99.8,-99.8
2023-05-12 20:00:00,685.0,-99.8,-99.8,5.4,276.0,9.5,282.0,0.0,-99.8,-99.8,-99.8,-99.8,-99.8,-99.8,-99.8
2023-05-12 21:00:00,685.1,-99.8,-99.8,6.0,278.0,10.4,286.0,0.0,-99.8,-99.8,-99.8,-99.8,-99.8,-99.8,-99.8
2023-05-12 22:00:00,685.3,-99.8,-99.8,6.3,279.0,10.9,284.0,0.0,-99.8,-99.8,-99.8,-99.8,-99.8,-99.8,-99.8
2023-05-12 23:00:00,685.2,-99.8,-99.8,6.0,279.0,10.7,285.0,0.0,-99.8,-99.8,-99.8,-99.8,-99.8,-99.8,-99.8
2023-05-13 00:00:00,685.0,-99.8,-99.8,6.6,279.0,11.7,289.0,0.0,-99.8,-99.8,-99.8,-99.8,-99.8,-99.8,-99.8
2023-05-13 01:00:00,684.7,-99.8,-99.8,7.0,278.0,11.3,284.0,0.0,-99.8,-99.8,-99.8,-99.8,-99.8,-99.8,-99.8
2023-05-13 02:00:00,683.9,-99.8,-99.8,7.7,278.0,14.0,265.0,0.0,-99.8,-99.8,-99.8,-99.8,-99.8,-99.8,-99.8
2023-05-13 03:00:00,683.1,-99.8,-99.8,7.5,276.0,13.6,257.0,0.0,-99.8,-99.8,-99.8,-99.8,-99.8,-99.8,-99.8
2023-05-13 04:00:00,683.3,-99.8,-99.8,6.9,272.0,14.5,263.0,0.0,-99.8,-99.8,-99.8,-99.8,-99.8,-99.8,-99.8
2023-05-13 05:00:00,683.7,-99.8,-99.8,7.3,277.0,14.8,244.0,0.0,-99.8,-99.8,-99.8,-99.8,-99.8,-99.8,-99.8
2023-05-13 06:00:00,683.8,-99.8,-99.8,6.3,278.0,12.5,299.0,0.5,-99.8,-99.8,-99.8,-99.8,-99.8,-99.8,-99.8
2023-05-13 07:00:00,684.1,-99.8,-99.8,7.2,280.0,12.9,256.0,0.0,-99.8,-99.8,-99.8,-99.8,-99.8,-99.8,-99.8
2023-05-13 08:00:00,683.5,-99.8,-99.8,8.3,290.0,15.6,260.0,0.0,-99.8,-99.8,-99.8,-99.8,-99.8,-99.8,-99.8
2023-05-13 09:00:00,685.2,-99.8,-99.8,7.4,278.0,15.6,265.0,0.0,-99.8,-99.8,-99.8,-99.8,-99.8,-99.8,-99.8
2023-05-13 10:00:00,685.6,-99.8,-99.8,6.6,275.0,15.7,256.0,0.0,-99.8,-99.8,-99.8,-99.8,-99.8,-99.8,-99.8
2023-05-13 11:00:00,685.2,-99.8,-99.8,6.7,278.0,13.2,284.0,0.0,-99.8,-99.8,-99.8,-99.8,-99.8,-99.8,-99.8
2023-05-13 12:00:00,684.5,-99.8,-99.8,7.4,280.0,13.6,263.0,0.0,-99.8,-99.8,-99.8,-99.8,-99.8,-99.8,-99.8
2023-05-13 13:00:00,683.6,-99.8,-99.8,7.8,280.0,16.2,290.0,0.0,-99.8,-99.8,-99.8,-99.8,-99.8,-99.8,-99.8
2023-05-13 14:00:00,683.1,-99.8,-99.8,7.2,275.0,14.7,282.0,0.0,-99.8,-99.8,-99.8,-99.8,-99.8,-99.8,-99.8
2023-05-13 15:00:00,683.1,-99.8,-99.8,7.5,279.0,15.4,256.0,0.0,-99.8,-99.8,-99.8,-99.8,-99.8,-99.8,-99.8
2023-05-13 16:00:00,683.3,-99.8,-99.8,7.3,278.0,14.0,285.0,0.0,-99.8,-99.8,-99.8,-99.8,-99.8,-99.8,-99.8
2023-05-13 17:00:00,682.1,-99.8,-99.8,7.2,277.0,15.3,259.0,0.0,-99.8,-99.8,-99.8,-99.8,-99.8,-99.8,-99.8
2023-05-13 18:00:00,682.0,-99.8,-99.8,8.1,279.0,15.6,265.0,0.0,-99.8,-99.8,-99.8,-99.8,-99.8,-99.8,-99.8
2023-05-13 19:00:00,682.6,-99.8,-99.8,7.8,278.0,16.5,283.0,0.0,-99.8,-99.8,-99.8,-99.8,-99.8,-99.8,-99.8
2023-05-13 20:00:00,683.3,-99.8,-99.8,7.5,274.0,14.7,284.0,0.0,-99.8,-99.8,-99.8,-99.8,-99.8,-99.8,-99.8
2023-05-13 21:00:00,683.8,-99.8,-99.8,7.0,273.0,14.3,275.0,0.0,-99.8,-99.8,-99.8,-99.8,-99.8,-99.8,-99.8
2023-05-13 22:00:00,683.3,-99.8,-99.8,7.8,275.0,13.4,279.0,0.0,-99.8,-99.8,-99.8,-99.8,-99.8,-99.8,-99.8
2023-05-13 23:00:00,683.4,-99.8,-99.8,7.8,272.0,14.5,280.0,0.0,-99.8,-99.8,-99.8,-99.8,-99.8,-99.8,-99.8
2023-05-14 00:00:00,682.7,-99.8,-99.8,6.4,281.0,14.5,280.0,0.0,-99.8,-99.8,-99.8,-99.8,-99.8,-99.8,-99.8
2023-05-14 01:00:00,682.5,-99.8,-99.8,7.1,279.0,13.1,284.0,0.0,-99.8,-99.8,-99.8,-99.8,-99.8,-99.8,-99.8
2023-05-14 02:00:00,681.8,-99.8,-99.8,7.9,280.0,14.1,285.0,0.0,-99.8,-99.8,-99.8,-99.8,-99.8,-99.8,-99.8
2023-05-14 03:00:00,681.5,-99.8,-99.8,8.3,284.0,14.5,264.0,0.0,-99.8,-99.8,-99.8,-99.8,-99.8,-99.8,-99.8
2023-05-14 04:00:00,680.8,-99.8,-99.8,10.6,288.0,15.7,298.0,0.0,-99.8,-99.8,-99.8,-99.8,-99.8,-99.8,-99.8
2023-05-14 05:00:00,680.7,-99.8,-99.8,10.0,283.0,18.0,284.0,0.0,-99.8,-99.8,-99.8,-99.8,-99.8,-99.8,-99.8
2023-05-14 06:00:00,681.1,-99.8,-99.8,8.6,287.0,15.6,286.0,0.0,-99.8,-99.8,-99.8,-99.8,-99.8,-99.8,-99.8
2023-05-14 07:00:00,681.9,-99.8,-99.8,8.9,299.0,13.2,282.0,0.0,-99.8,-99.8,-99.8,-99.8,-99.8,-99.8,-99.8
2023-05-14 08:00:00,682.9,-99.8,-99.8,7.9,281.0,12.6,283.0,0.0,-99.8,-99.8,-99.8,-99.8,-99.8,-99.8,-99.8
2023-05-14 09:00:00,683.4,-99.8,-99.8,5.7,279.0,10.8,283.0,0.0,-99.8,-99.8,-99.8,-99.8,-99.8,-99.8,-99.8
2023-05-14 10:00:00,683.7,-99.8,-99.8,5.2,276.0,9.7,288.0,0.0,-99.8,-99.8,-99.8,-99.8,-99.8,-99.8,-99.8
2023-05-14 11:00:00,683.0,-99.8,-99.8,3.9,277.0,9.2,265.0,0.0,-99.8,-99.8,-99.8,-99.8,-99.8,-99.8,-99.8
2023-05-14 12:00:00,683.3,-99.8,-99.8,3.0,266.0,8.8,257.0,0.0,-99.8,-99.8,-99.8,-99.8,-99.8,-99.8,-99.8
2023-05-14 13:00:00,682.9,-99.8,-99.8,4.2,268.0,7.6,251.0,1.0,-99.8,-99.8,-99.8,-99.8,-99.8,-99.8,-99.8
2023-05-14 14:00:00,682.2,-99.8,-99.8,3.8,258.0,11.0,265.0,1.5,-99.8,-99.8,-99.8,-99.8,-99.8,-99.8,-99.8
2023-05-14 15:00:00,681.6,-99.8,-99.8,4.2,273.0,10.1,250.0,2.0,-99.8,-99.8,-99.8,-99.8,-99.8,-99.8,-99.8
2023-05-14 16:00:00,681.3,-99.8,-99.8,6.4,286.0,8.7,285.0,0.0,-99.8,-99.8,-99.8,-99.8,-99.8,-99.8,-99.8
2023-05-14 17:00:00,681.3,-99.8,-99.8,4.5,280.0,8.5,287.0,0.5,-99.8,-99.8,-99.8,-99.8,-99.8,-99.8,-99.8
2023-05-14 18:00:00,680.9,-99.8,-99.8,5.2,281.0,8.1,285.0,0.5,-99.8,-99.8,-99.8,-99.8,-99.8,-99.8,-99.8
2023-05-14 19:00:00,680.9,-99.8,-99.8,6.0,290.0,9.4,278.0,0.5,-99.8,-99.8,-99.8,-99.8,-99.8,-99.8,-99.8
2023-05-14 20:00:00,680.9,-99.8,-99.8,6.2,297.0,9.3,303.0,1.0,-99.8,-99.8,-99.8,-99.8,-99.8,-99.8,-99.8
2023-05-14 21:00:00,681.2,-99.8,-99.8,7.0,293.0,10.6,307.0,0.5,-99.8,-99.8,-99.8,-99.8,-99.8,-99.8,-99.8
2023-05-14 22:00:00,680.8,-99.8,-99.8,8.1,297.0,12.3,298.0,1.0,-99.8,-99.8,-99.8,-99.8,-99.8,-99.8,-99.8
2023-05-14 23:00:00,681.3,-99.8,-99.8,6.8,296.0,12.3,297.0,0.5,-99.8,-99.8,-99.8,-99.8,-99.8,-99.8,-99.8
2023-05-15 00:00:00,681.8,-99.8,-99.8,8.1,280.0,11.9,264.0,0.5,-99.8,-99.8,-99.8,-99.8,-99.8,-99.8,-99.8
2023-05-15 01:00:00,681.3,-99.8,-99.8,7.5,280.0,15.7,290.0,0.5,-99.8,-99.8,-99.8,-99.8,-99.8,-99.8,-99.8
2023-05-15 02:00:00,679.7,-99.8,-99.8,6.1,279.0,14.3,288.0,0.0,-99.8,-99.8,-99.8,-99.8,-99.8,-99.8,-99.8
2023-05-15 03:00:00,680.2,-99.8,-99.8,5.6,285.0,8.1,282.0,0.0,-99.8,-99.8,-99.8,-99.8,-99.8,-99.8,-99.8
2023-05-15 04:00:00,679.4,-99.8,-99.8,6.2,287.0,10.5,283.0,0.0,-99.8,-99.8,-99.8,-99.8,-99.8,-99.8,-99.8
2023-05-15 05:00:00,680.2,-99.8,-99.8,6.0,284.0,10.6,293.0,0.0,-99.8,-99.8,-99.8,-99.8,-99.8,-99.8,-99.8
2023-05-15 06:00:00,680.8,-99.8,-99.8,5.7,286.0,8.9,284.0,0.0,-99.8,-99.8,-99.8,-99.8,-99.8,-99.8,-99.8
2023-05-15 07:00:00,681.8,-99.8,-99.8,5.2,287.0,8.6,300.0,0.0,-99.8,-99.8,-99.8,-99.8,-99.8,-99.8,-99.8
2023-05-15 08:00:00,682.4,-99.8,-99.8,5.1,284.0,11.2,296.0,0.0,-99.8,-99.8,-99.8,-99.8,-99.8,-99.8,-99.8
2023-05-15 09:00:00,682.5,-99.8,-99.8,6.7,286.0,10.0,289.0,0.0,-99.8,-99.8,-99.8,-99.8,-99.8,-99.8,-99.8
2023-05-15 10:00:00,682.9,-99.8,-99.8,4.9,280.0,12.1,302.0,0.0,-99.8,-99.8,-99.8,-99.8,-99.8,-99.8,-99.8
2023-05-15 11:00:00,682.8,-99.8,-99.8,4.6,282.0,7.8,292.0,0.0,-99.8,-99.8,-99.8,-99.8,-99.8,-99.8,-99.8
2023-05-15 12:00:00,682.6,-99.8,-99.8,5.9,273.0,11.7,254.0,0.0,-99.8,-99.8,-99.8,-99.8,-99.8,-99.8,-99.8
2023-05-15 13:00:00,682.0,-99.8,-99.8,6.3,279.0,10.6,287.0,0.0,-99.8,-99.8,-99.8,-99.8,-99.8,-99.8,-99.8
2023-05-15 14:00:00,681.8,-99.8,-99.8,5.7,284.0,11.9,262.0,0.0,-99.8,-99.8,-99.8,-99.8,-99.8,-99.8,-99.8
2023-05-15 15:00:00,681.5,-99.8,-99.8,7.0,279.0,11.0,266.0,0.0,-99.8,-99.8,-99.8,-99.8,-99.8,-99.8,-99.8
2023-05-15 16:00:00,681.4,-99.8,-99.8,6.2,279.0,11.1,275.0,0.0,-99.8,-99.8,-99.8,-99.8,-99.8,-99.8,-99.8
2023-05-15 17:00:00,681.6,-99.8,-99.8,7.9,286.0,11.8,287.0,0.0,-99.8,-99.8,-99.8,-99.8,-99.8,-99.8,-99.8
2023-05-15 18:00:00,682.0,-99.8,-99.8,6.6,286.0,12.5,300.0,0.0,-99.8,-99.8,-99.8,-99.8,-99.8,-99.8,-99.8
2023-05-15 19:00:00,682.3,-99.8,-99.8,4.5,284.0,10.6,281.0,0.0,-99.8,-99.8,-99.8,-99.8,-99.8,-99.8,-99.8
2023-05-15 20:00:00,682.8,-99.8,-99.8,7.6,290.0,12.1,288.0,0.0,-99.8,-99.8,-99.8,-99.8,-99.8,-99.8,-99.8
2023-05-15 21:00:00,683.3,-99.8,-99.8,5.4,286.0,10.9,287.0,0.0,-99.8,-99.8,-99.8,-99.8,-99.8,-99.8,-99.8
2023-05-15 22:00:00,683.3,-99.8,-99.8,6.1,285.0,10.1,286.0,0.0,-99.8,-99.8,-99.8,-99.8,-99.8,-99.8,-99.8
2023-05-15 23:00:00,683.2,-99.8,-99.8,6.4,283.0,9.7,284.0,0.0,-99.8,-99.8,-99.8,-99.8,-99.8,-99.8,-99.8
2023-05-16 00:00:00,682.5,-99.8,-99.8,9.3,300.0,11.7,285.0,0.0,-99.8,-99.8,-99.8,-99.8,-99.8,-99.8,-99.8
2023-05-16 01:00:00,682.5,-99.8,-99.8,6.6,283.0,15.1,307.0,0.0,-99.8,-99.8,-99.8,-99.8,-99.8,-99.8,-99.8
2023-05-16 02:00:00,681.9,-99.8,-99.8,7.3,290.0,10.5,298.0,0.0,-99.8,-99.8,-99.8,-99.8,-99.8,-99.8,-99.8
2023-05-16 03:00:00,681.8,-99.8,-99.8,9.2,298.0,12.1,297.0,0.0,-99.8,-99.8,-99.8,-99.8,-99.8,-99.8,-99.8
2023-05-16 04:00:00,682.0,-99.8,-99.8,6.1,279.0,13.4,307.0,0.0,-99.8,-99.8,-99.8,-99.8,-99.8,-99.8,-99.8
2023-05-16 05:00:00,682.4,-99.8,-99.8,5.9,281.0,10.7,307.0,0.0,-99.8,-99.8,-99.8,-99.8,-99.8,-99.8,-99.8
2023-05-16 06:00:00,682.9,-99.8,-99.8,5.1,277.0,10.7,290.0,0.0,-99.8,-99.8,-99.8,-99.8,-99.8,-99.8,-99.8
2023-05-16 07:00:00,683.3,-99.8,-99.8,5.4,276.0,8.8,285.0,0.0,-99.8,-99.8,-99.8,-99.8,-99.8,-99.8,-99.8
2023-05-16 08:00:00,683.6,-99.8,-99.8,5.1,286.0,9.1,283.0,0.0,-99.8,-99.8,-99.8,-99.8,-99.8,-99.8,-99.8
2023-05-16 09:00:00,683.8,-99.8,-99.8,6.1,288.0,8.5,298.0,0.0,-99.8,-99.8,-99.8,-99.8,-99.8,-99.8,-99.8
2023-05-16 10:00:00,684.1,-99.8,-99.8,5.4,286.0,9.4,293.0,0.0,-99.8,-99.8,-99.8,-99.8,-99.8,-99.8,-99.8
2023-05-16 11:00:00,683.9,-99.8,-99.8,5.9,287.0,9.6,295.0,0.0,-99.8,-99.8,-99.8,-99.8,-99.8,-99.8,-99.8
2023-05-16 12:00:00,683.8,-99.8,-99.8,4.4,272.0,8.7,286.0,0.0,-99.8,-99.8,-99.8,-99.8,-99.8,-99.8,-99.8
2023-05-16 13:00:00,683.4,-99.8,-99.8,5.4,274.0,9.8,285.0,0.0,-99.8,-99.8,-99.8,-99.8,-99.8,-99.8,-99.8
2023-05-16 14:00:00,683.1,-99.8,-99.8,5.0,273.0,9.2,285.0,0.0,-99.8,-99.8,-99.8,-99.8,-99.8,-99.8,-99.8
2023-05-16 15:00:00,682.8,-99.8,-99.8,4.2,271.0,9.8,288.0,0.0,-99.8,-99.8,-99.8,-99.8,-99.8,-99.8,-99.8
2023-05-16 16:00:00,682.7,-99.8,-99.8,4.1,267.0,10.1,286.0,0.0,-99.8,-99.8,-99.8,-99.8,-99.8,-99.8,-99.8
2023-05-16 17:00:00,682.7,-99.8,-99.8,3.9,276.0,7.9,255.0,0.0,-99.8,-99.8,-99.8,-99.8,-99.8,-99.8,-99.8
2023-05-16 18:00:00,683.0,-99.8,-99.8,4.1,284.0,8.8,288.0,0.0,-99.8,-99.8,-99.8,-99.8,-99.8,-99.8,-99.8
2023-05-16 19:00:00,683.6,-99.8,-99.8,2.9,284.0,8.9,300.0,0.0,-99.8,-99.8,-99.8,-99.8,-99.8,-99.8,-99.8
2023-05-16 20:00:00,684.0,-99.8,-99.8,3.1,269.0,6.5,254.0,0.0,-99.8,-99.8,-99.8,-99.8,-99.8,-99.8,-99.8
2023-05-16 21:00:00,684.4,-99.8,-99.8,3.6,271.0,6.2,236.0,0.0,-99.8,-99.8,-99.8,-99.8,-99.8,-99.8,-99.8
2023-05-16 22:00:00,684.6,-99.8,-99.8,3.0,250.0,5.9,257.0,0.0,-99.8,-99.8,-99.8,-99.8,-99.8,-99.8,-99.8
2023-05-16 23:00:00,684.5,-99.8,-99.8,2.8,243.0,6.2,252.0,0.0,-99.8,-99.8,-99.8,-99.8,-99.8,-99.8,-99.8
2023-05-17 00:00:00,684.1,-99.8,-99.8,2.8,230.0,6.4,232.0,0.0,-99.8,-99.8,-99.8,-99.8,-99.8,-99.8,-99.8
2023-05-17 01:00:00,683.5,-99.8,-99.8,4.8,277.0,7.5,259.0,0.0,-99.8,-99.8,-99.8,-99.8,-99.8,-99.8,-99.8
2023-05-17 02:00:00,683.2,-99.8,-99.8,6.4,282.0,10.3,279.0,0.0,-99.8,-99.8,-99.8,-99.8,-99.8,-99.8,-99.8
2023-05-17 03:00:00,683.8,-99.8,-99.8,6.4,280.0,13.6,261.0,0.0,-99.8,-99.8,-99.8,-99.8,-99.8,-99.8,-99.8
2023-05-17 04:00:00,684.5,-99.8,-99.8,6.3,280.0,13.4,248.0,0.0,-99.8,-99.8,-99.8,-99.8,-99.8,-99.8,-99.8
2023-05-17 05:00:00,684.4,-99.8,-99.8,6.8,282.0,11.6,255.0,0.0,-99.8,-99.8,-99.8,-99.8,-99.8,-99.8,-99.8
2023-05-17 06:00:00,684.2,-99.8,-99.8,7.4,278.0,11.5,255.0,0.0,-99.8,-99.8,-99.8,-99.8,-99.8,-99.8,-99.8
2023-05-17 07:00:00,685.0,-99.8,-99.8,6.9,283.0,12.3,283.0,0.0,-99.8,-99.8,-99.8,-99.8,-99.8,-99.8,-99.8
2023-05-17 08:00:00,685.4,-99.8,-99.8,5.7,276.0,12.2,284.0,0.0,-99.8,-99.8,-99.8,-99.8,-99.8,-99.8,-99.8
2023-05-17 09:00:00,685.4,-99.8,-99.8,6.3,278.0,11.7,282.0,0.0,-99.8,-99.8,-99.8,-99.8,-99.8,-99.8,-99.8
2023-05-17 10:00:00,685.2,-99.8,-99.8,6.7,275.0,14.1,286.0,0.0,-99.8,-99.8,-99.8,-99.8,-99.8,-99.8,-99.8
2023-05-17 11:00:00,685.5,-99.8,-99.8,5.2,269.0,11.3,285.0,0.0,-99.8,-99.8,-99.8,-99.8,-99.8,-99.8,-99.8
2023-05-17 12:00:00,683.9,-99.8,-99.8,5.9,274.0,11.2,255.0,0.0,-99.8,-99.8,-99.8,-99.8,-99.8,-99.8,-99.8
2023-05-17 13:00:00,683.9,-99.8,-99.8,5.8,273.0,10.6,262.0,0.0,-99.8,-99.8,-99.8,-99.8,-99.8,-99.8,-99.8
2023-05-17 14:00:00,683.5,-99.8,-99.8,5.1,268.0,11.0,271.0,0.0,-99.8,-99.8,-99.8,-99.8,-99.8,-99.8,-99.8
2023-05-17 15:00:00,683.2,-99.8,-99.8,5.3,268.0,11.3,282.0,0.0,-99.8,-99.8,-99.8,-99.8,-99.8,-99.8,-99.8
2023-05-17 16:00:00,682.7,-99.8,-99.8,5.9,270.0,13.1,278.0,0.0,-99.8,-99.8,-99.8,-99.8,-99.8,-99.8,-99.8
2023-05-17 17:00:00,682.4,-99.8,-99.8,6.9,274.0,14.1,285.0,0.0,-99.8,-99.8,-99.8,-99.8,-99.8,-99.8,-99.8
2023-05-17 18:00:00,682.9,-99.8,-99.8,5.7,269.0,12.6,261.0,0.0,-99.8,-99.8,-99.8,-99.8,-99.8,-99.8,-99.8
2023-05-17 19:00:00,682.9,-99.8,-99.8,7.2,270.0,15.1,291.0,0.0,-99.8,-99.8,-99.8,-99.8,-99.8,-99.8,-99.8
2023-05-17 20:00:00,682.8,-99.8,-99.8,8.0,271.0,16.6,279.0,0.0,-99.8,-99.8,-99.8,-99.8,-99.8,-99.8,-99.8
2023-05-17 21:00:00,683.3,-99.8,-99.8,8.8,271.0,16.3,279.0,0.0,-99.8,-99.8,-99.8,-99.8,-99.8,-99.8,-99.8
2023-05-17 22:00:00,683.7,-99.8,-99.8,8.2,270.0,16.0,266.0,0.0,-99.8,-99.8,-99.8,-99.8,-99.8,-99.8,-99.8
2023-05-17 23:00:00,683.7,-99.8,-99.8,8.0,272.0,16.7,254.0,0.5,-99.8,-99.8,-99.8,-99.8,-99.8,-99.8,-99.8
2023-05-18 00:00:00,683.3,-99.8,-99.8,7.5,270.0,16.0,284.0,0.0,-99.8,-99.8,-99.8,-99.8,-99.8,-99.8,-99.8
2023-05-18 01:00:00,682.8,-99.8,-99.8,6.8,268.0,16.0,267.0,0.0,-99.8,-99.8,-99.8,-99.8,-99.8,-99.8,-99.8
2023-05-18 02:00:00,682.2,-99.8,-99.8,6.8,269.0,13.8,264.0,0.0,-99.8,-99.8,-99.8,-99.8,-99.8,-99.8,-99.8
2023-05-18 03:00:00,681.7,-99.8,-99.8,8.0,272.0,15.8,265.0,0.0,-99.8,-99.8,-99.8,-99.8,-99.8,-99.8,-99.8
2023-05-18 04:00:00,681.0,-99.8,-99.8,9.2,273.0,16.8,259.0,0.0,-99.8,-99.8,-99.8,-99.8,-99.8,-99.8,-99.8
2023-05-18 05:00:00,680.7,-99.8,-99.8,9.4,268.0,18.2,275.0,0.0,-99.8,-99.8,-99.8,-99.8,-99.8,-99.8,-99.8
2023-05-18 06:00:00,680.6,-99.8,-99.8,10.9,268.0,21.0,299.0,0.0,-99.8,-99.8,-99.8,-99.8,-99.8,-99.8,-99.8
2023-05-18 07:00:00,680.9,-99.8,-99.8,10.1,273.0,19.9,276.0,0.0,-99.8,-99.8,-99.8,-99.8,-99.8,-99.8,-99.8
2023-05-18 08:00:00,681.2,-99.8,-99.8,11.3,270.0,21.4,264.0,0.0,-99.8,-99.8,-99.8,-99.8,-99.8,-99.8,-99.8
2023-05-18 09:00:00,681.7,-99.8,-99.8,9.7,268.0,20.2,271.0,0.0,-99.8,-99.8,-99.8,-99.8,-99.8,-99.8,-99.8
2023-05-18 10:00:00,681.6,-99.8,-99.8,9.8,269.0,21.7,263.0,0.5,-99.8,-99.8,-99.8,-99.8,-99.8,-99.8,-99.8
2023-05-18 11:00:00,681.5,-99.8,-99.8,10.4,270.0,18.9,255.0,0.5,-99.8,-99.8,-99.8,-99.8,-99.8,-99.8,-99.8
2023-05-18 12:00:00,682.5,-99.8,-99.8,9.9,272.0,18.9,264.0,0.5,-99.8,-99.8,-99.8,-99.8,-99.8,-99.8,-99.8
2023-05-18 13:00:00,681.9,-99.8,-99.8,8.8,261.0,17.6,259.0,6.0,-99.8,-99.8,-99.8,-99.8,-99.8,-99.8,-99.8
2023-05-18 14:00:00,681.5,-99.8,-99.8,9.5,267.0,18.4,261.0,2.5,-99.8,-99.8,-99.8,-99.8,-99.8,-99.8,-99.8
2023-05-18 15:00:00,681.5,-99.8,-99.8,8.6,271.0,17.8,270.0,0.5,-99.8,-99.8,-99.8,-99.8,-99.8,-99.8,-99.8
2023-05-18 16:00:00,680.6,-99.8,-99.8,9.9,272.0,18.7,288.0,5.0,-99.8,-99.8,-99.8,-99.8,-99.8,-99.8,-99.8
2023-05-18 17:00:00,680.6,-99.8,-99.8,11.2,275.0,19.1,279.0,4.5,-99.8,-99.8,-99.8,-99.8,-99.8,-99.8,-99.8
2023-05-18 18:00:00,681.0,-99.8,-99.8,10.7,274.0,20.0,265.0,1.0,-99.8,-99.8,-99.8,-99.8,-99.8,-99.8,-99.8
2023-05-18 19:00:00,681.1,-99.8,-99.8,10.2,278.0,20.0,265.0,0.0,-99.8,-99.8,-99.8,-99.8,-99.8,-99.8,-99.8
2023-05-18 20:00:00,682.1,-99.8,-99.8,9.4,270.0,18.3,278.0,3.0,-99.8,-99.8,-99.8,-99.8,-99.8,-99.8,-99.8
2023-05-18 21:00:00,682.7,-99.8,-99.8,7.6,267.0,16.7,263.0,0.5,-99.8,-99.8,-99.8,-99.8,-99.8,-99.8,-99.8
2023-05-18 22:00:00,683.2,-99.8,-99.8,8.4,272.0,16.9,263.0,0.5,-99.8,-99.8,-99.8,-99.8,-99.8,-99.8,-99.8
2023-05-18 23:00:00,683.7,-99.8,-99.8,6.0,262.0,14.9,286.0,0.0,-99.8,-99.8,-99.8,-99.8,-99.8,-99.8,-99.8
2023-05-19 00:00:00,684.2,-99.8,-99.8,5.4,274.0,13.2,258.0,0.0,-99.8,-99.8,-99.8,-99.8,-99.8,-99.8,-99.8
2023-05-19 01:00:00,684.0,-99.8,-99.8,5.5,268.0,12.2,260.0,1.0,-99.8,-99.8,-99.8,-99.8,-99.8,-99.8,-99.8
2023-05-19 02:00:00,683.7,-99.8,-99.8,4.5,270.0,9.7,280.0,0.0,-99.8,-99.8,-99.8,-99.8,-99.8,-99.8,-99.8
2023-05-19 03:00:00,683.4,-99.8,-99.8,6.0,274.0,11.6,257.0,0.0,-99.8,-99.8,-99.8,-99.8,-99.8,-99.8,-99.8
2023-05-19 04:00:00,682.9,-99.8,-99.8,5.8,270.0,11.5,255.0,0.0,-99.8,-99.8,-99.8,-99.8,-99.8,-99.8,-99.8
2023-05-19 05:00:00,682.8,-99.8,-99.8,6.4,268.0,12.9,260.0,0.0,-99.8,-99.8,-99.8,-99.8,-99.8,-99.8,-99.8
2023-05-19 06:00:00,682.7,-99.8,-99.8,5.6,275.0,13.0,257.0,0.0,-99.8,-99.8,-99.8,-99.8,-99.8,-99.8,-99.8
2023-05-19 07:00:00,683.2,-99.8,-99.8,6.1,275.0,11.7,260.0,0.0,-99.8,-99.8,-99.8,-99.8,-99.8,-99.8,-99.8
2023-05-19 08:00:00,-99.8,-99.8,-99.8,6.2,275.0,14.2,258.0,0.0,-99.8,-99.8,-99.8,-99.8,-99.8,-99.8,-99.8
2023-05-19 09:00:00,674.9,-99.8,-99.8,6.3,270.0,12.8,249.0,0.0,-99.8,-99.8,-99.8,-99.8,-99.8,-99.8,-99.8
2023-05-19 10:00:00,684.0,-99.8,-99.8,5.7,271.0,12.8,279.0,0.0,-99.8,-99.8,-99.8,-99.8,-99.8,-99.8,-99.8
2023-05-19 11:00:00,683.9,-99.8,-99.8,6.3,269.0,13.7,264.0,0.0,-99.8,-99.8,-99.8,-99.8,-99.8,-99.8,-99.8
2023-05-19 12:00:00,683.9,-99.8,-99.8,5.5,275.0,11.9,256.0,0.0,-99.8,-99.8,-99.8,-99.8,-99.8,-99.8,-99.8
2023-05-19 13:00:00,683.8,-99.8,-99.8,4.2,273.0,10.3,266.0,0.0,-99.8,-99.8,-99.8,-99.8,-99.8,-99.8,-99.8
2023-05-19 14:00:00,683.6,-99.8,-99.8,2.0,236.0,6.1,260.0,3.5,-99.8,-99.8,-99.8,-99.8,-99.8,-99.8,-99.8
2023-05-19 15:00:00,683.4,-99.8,-99.8,3.2,172.0,10.4,146.0,3.5,-99.8,-99.8,-99.8,-99.8,-99.8,-99.8,-99.8
2023-05-19 16:00:00,683.8,-99.8,-99.8,3.3,221.0,11.0,192.0,7.5,-99.8,-99.8,-99.8,-99.8,-99.8,-99.8,-99.8
2023-05-19 17:00:00,683.4,-99.8,-99.8,6.4,269.0,13.9,261.0,2.5,-99.8,-99.8,-99.8,-99.8,-99.8,-99.8,-99.8
2023-05-19 18:00:00,684.1,-99.8,-99.8,5.1,271.0,11.4,260.0,0.0,-99.8,-99.8,-99.8,-99.8,-99.8,-99.8,-99.8
2023-05-19 19:00:00,684.3,-99.8,-99.8,5.6,274.0,9.5,256.0,0.5,-99.8,-99.8,-99.8,-99.8,-99.8,-99.8,-99.8
2023-05-19 20:00:00,684.7,-99.8,-99.8,4.6,270.0,10.9,260.0,0.0,-99.8,-99.8,-99.8,-99.8,-99.8,-99.8,-99.8
2023-05-19 21:00:00,684.7,-99.8,-99.8,7.0,280.0,9.8,288.0,0.5,-99.8,-99.8,-99.8,-99.8,-99.8,-99.8,-99.8
2023-05-19 22:00:00,-99.8,-99.8,-99.8,9.1,282.0,12.6,285.0,0.0,-99.8,-99.8,-99.8,-99.8,-99.8,-99.8,-99.8
2023-05-19 23:00:00,684.6,-99.8,-99.8,9.1,281.0,13.6,284.0,0.0,-99.8,-99.8,-99.8,-99.8,-99.8,-99.8,-99.8
2023-05-20 00:00:00,684.2,-99.8,-99.8,6.8,283.0,13.6,284.0,0.0,-99.8,-99.8,-99.8,-99.8,-99.8,-99.8,-99.8
2023-05-20 01:00:00,684.0,-99.8,-99.8,6.8,283.0,11.8,285.0,0.0,-99.8,-99.8,-99.8,-99.8,-99.8,-99.8,-99.8
2023-05-20 02:00:00,683.8,-99.8,-99.8,8.2,282.0,12.7,287.0,0.0,-99.8,-99.8,-99.8,-99.8,-99.8,-99.8,-99.8
2023-05-20 03:00:00,683.1,-99.8,-99.8,7.9,277.0,13.5,282.0,0.0,-99.8,-99.8,-99.8,-99.8,-99.8,-99.8,-99.8
2023-05-20 04:00:00,683.2,-99.8,-99.8,7.6,281.0,13.1,285.0,0.0,-99.8,-99.8,-99.8,-99.8,-99.8,-99.8,-99.8
2023-05-20 05:00:00,683.4,-99.8,-99.8,8.3,281.0,12.9,280.0,0.0,-99.8,-99.8,-99.8,-99.8,-99.8,-99.8,-99.8
2023-05-20 06:00:00,683.6,-99.8,-99.8,8.0,281.0,13.8,284.0,0.5,-99.8,-99.8,-99.8,-99.8,-99.8,-99.8,-99.8
2023-05-20 07:00:00,683.3,-99.8,-99.8,7.1,278.0,12.4,280.0,0.5,-99.8,-99.8,-99.8,-99.8,-99.8,-99.8,-99.8
2023-05-20 08:00:00,-99.8,-99.8,-99.8,9.6,282.0,13.6,263.0,0.5,-99.8,-99.8,-99.8,-99.8,-99.8,-99.8,-99.8
2023-05-20 09:00:00,-99.8,-99.8,-99.8,8.8,281.0,13.8,279.0,0.0,-99.8,-99.8,-99.8,-99.8,-99.8,-99.8,-99.8
2023-05-20 10:00:00,-99.8,-99.8,-99.8,8.4,282.0,13.4,284.0,0.0,-99.8,-99.8,-99.8,-99.8,-99.8,-99.8,-99.8
2023-05-20 11:00:00,-99.8,-99.8,-99.8,7.2,275.0,14.2,281.0,0.0,-99.8,-99.8,-99.8,-99.8,-99.8,-99.8,-99.8
2023-05-20 12:00:00,-99.8,-99.8,-99.8,7.3,276.0,13.0,284.0,0.0,-99.8,-99.8,-99.8,-99.8,-99.8,-99.8,-99.8
2023-05-20 13:00:00,-99.8,-99.8,-99.8,7.2,275.0,13.2,266.0,0.0,-99.8,-99.8,-99.8,-99.8,-99.8,-99.8,-99.8
2023-05-20 14:00:00,683.9,-99.8,-99.8,6.3,272.0,13.6,265.0,0.0,-99.8,-99.8,-99.8,-99.8,-99.8,-99.8,-99.8
2023-05-20 15:00:00,684.1,-99.8,-99.8,5.6,271.0,12.6,288.0,0.5,-99.8,-99.8,-99.8,-99.8,-99.8,-99.8,-99.8
2023-05-20 16:00:00,682.1,-99.8,-99.8,7.6,276.0,14.3,265.0,1.0,-99.8,-99.8,-99.8,-99.8,-99.8,-99.8,-99.8
2023-05-20 17:00:00,682.6,-99.8,-99.8,8.1,270.0,14.6,260.0,0.5,-99.8,-99.8,-99.8,-99.8,-99.8,-99.8,-99.8
2023-05-20 18:00:00,-99.8,-99.8,-99.8,6.9,276.0,13.3,264.0,0.0,-99.8,-99.8,-99.8,-99.8,-99.8,-99.8,-99.8
2023-05-20 19:00:00,683.1,-99.8,-99.8,9.8,281.0,14.7,281.0,0.0,-99.8,-99.8,-99.8,-99.8,-99.8,-99.8,-99.8
2023-05-20 20:00:00,683.1,-99.8,-99.8,9.5,284.0,14.2,289.0,0.0,-99.8,-99.8,-99.8,-99.8,-99.8,-99.8,-99.8
2023-05-20 21:00:00,684.0,-99.8,-99.8,5.3,280.0,15.5,285.0,0.0,-99.8,-99.8,-99.8,-99.8,-99.8,-99.8,-99.8
2023-05-20 22:00:00,684.2,-99.8,-99.8,8.5,285.0,12.6,272.0,0.0,-99.8,-99.8,-99.8,-99.8,-99.8,-99.8,-99.8
2023-05-20 23:00:00,685.1,-99.8,-99.8,8.1,282.0,12.2,284.0,0.0,-99.8,-99.8,-99.8,-99.8,-99.8,-99.8,-99.8
2023-05-21 00:00:00,685.0,-99.8,-99.8,10.0,284.0,15.2,285.0,0.0,-99.8,-99.8,-99.8,-99.8,-99.8,-99.8,-99.8
2023-05-21 01:00:00,684.2,-99.8,-99.8,8.1,279.0,16.4,287.0,0.0,-99.8,-99.8,-99.8,-99.8,-99.8,-99.8,-99.8
2023-05-21 02:00:00,684.2,-99.8,-99.8,6.7,276.0,15.3,286.0,0.0,-99.8,-99.8,-99.8,-99.8,-99.8,-99.8,-99.8
2023-05-21 03:00:00,683.7,-99.8,-99.8,8.3,278.0,16.8,258.0,0.5,-99.8,-99.8,-99.8,-99.8,-99.8,-99.8,-99.8
2023-05-21 04:00:00,683.8,-99.8,-99.8,7.9,272.0,16.1,273.0,0.0,-99.8,-99.8,-99.8,-99.8,-99.8,-99.8,-99.8
2023-05-21 05:00:00,683.9,-99.8,-99.8,7.6,273.0,19.0,278.0,0.0,-99.8,-99.8,-99.8,-99.8,-99.8,-99.8,-99.8
2023-05-21 06:00:00,683.7,-99.8,-99.8,8.1,269.0,15.0,276.0,0.0,-99.8,-99.8,-99.8,-99.8,-99.8,-99.8,-99.8
2023-05-21 07:00:00,684.4,-99.8,-99.8,7.7,273.0,15.2,286.0,0.0,-99.8,-99.8,-99.8,-99.8,-99.8,-99.8,-99.8
2023-05-21 08:00:00,684.1,-99.8,-99.8,9.9,282.0,17.4,285.0,0.0,-99.8,-99.8,-99.8,-99.8,-99.8,-99.8,-99.8
2023-05-21 09:00:00,684.5,-99.8,-99.8,9.0,281.0,17.2,288.0,0.0,-99.8,-99.8,-99.8,-99.8,-99.8,-99.8,-99.8
2023-05-21 10:00:00,685.0,-99.8,-99.8,8.8,279.0,16.1,278.0,0.0,-99.8,-99.8,-99.8,-99.8,-99.8,-99.8,-99.8
2023-05-21 11:00:00,684.2,-99.8,-99.8,8.7,270.0,15.7,283.0,0.0,-99.8,-99.8,-99.8,-99.8,-99.8,-99.8,-99.8
2023-05-21 12:00:00,684.0,-99.8,-99.8,9.0,266.0,16.5,285.0,0.0,-99.8,-99.8,-99.8,-99.8,-99.8,-99.8,-99.8
2023-05-21 13:00:00,684.5,-99.8,-99.8,7.7,271.0,16.2,282.0,0.0,-99.8,-99.8,-99.8,-99.8,-99.8,-99.8,-99.8
2023-05-21 14:00:00,684.3,-99.8,-99.8,8.5,273.0,16.0,256.0,0.0,-99.8,-99.8,-99.8,-99.8,-99.8,-99.8,-99.8
2023-05-21 15:00:00,684.2,-99.8,-99.8,6.9,270.0,13.5,285.0,0.0,-99.8,-99.8,-99.8,-99.8,-99.8,-99.8,-99.8
2023-05-21 16:00:00,683.4,-99.8,-99.8,7.0,269.0,15.2,282.0,0.0,-99.8,-99.8,-99.8,-99.8,-99.8,-99.8,-99.8
2023-05-21 17:00:00,683.6,-99.8,-99.8,5.6,273.0,12.8,260.0,0.0,-99.8,-99.8,-99.8,-99.8,-99.8,-99.8,-99.8
2023-05-21 18:00:00,684.4,-99.8,-99.8,5.8,259.0,12.3,252.0,3.0,-99.8,-99.8,-99.8,-99.8,-99.8,-99.8,-99.8
2023-05-21 19:00:00,684.6,-99.8,-99.8,6.4,278.0,10.9,257.0,2.5,-99.8,-99.8,-99.8,-99.8,-99.8,-99.8,-99.8
2023-05-21 20:00:00,684.8,-99.8,-99.8,6.6,271.0,12.1,284.0,0.0,-99.8,-99.8,-99.8,-99.8,-99.8,-99.8,-99.8
2023-05-21 21:00:00,685.2,-99.8,-99.8,6.3,278.0,11.7,263.0,0.0,-99.8,-99.8,-99.8,-99.8,-99.8,-99.8,-99.8
2023-05-21 22:00:00,685.0,-99.8,-99.8,7.9,281.0,12.2,283.0,0.0,-99.8,-99.8,-99.8,-99.8,-99.8,-99.8,-99.8
2023-05-21 23:00:00,684.3,-99.8,-99.8,8.3,282.0,14.8,283.0,0.0,-99.8,-99.8,-99.8,-99.8,-99.8,-99.8,-99.8
2023-05-22 00:00:00,684.1,-99.8,-99.8,8.6,282.0,15.5,287.0,0.0,-99.8,-99.8,-99.8,-99.8,-99.8,-99.8,-99.8
2023-05-22 01:00:00,683.0,-99.8,-99.8,8.9,278.0,14.6,260.0,0.0,-99.8,-99.8,-99.8,-99.8,-99.8,-99.8,-99.8
2023-05-22 02:00:00,-99.8,-99.8,-99.8,7.9,272.0,16.4,290.0,0.0,-99.8,-99.8,-99.8,-99.8,-99.8,-99.8,-99.8
2023-05-22 03:00:00,682.3,-99.8,-99.8,8.2,275.0,16.5,263.0,0.0,-99.8,-99.8,-99.8,-99.8,-99.8,-99.8,-99.8
2023-05-22 04:00:00,682.4,-99.8,-99.8,8.8,278.0,16.2,269.0,0.0,-99.8,-99.8,-99.8,-99.8,-99.8,-99.8,-99.8
2023-05-22 05:00:00,682.5,-99.8,-99.8,8.9,278.0,16.9,255.0,0.5,-99.8,-99.8,-99.8,-99.8,-99.8,-99.8,-99.8
2023-05-22 06:00:00,683.5,-99.8,-99.8,9.0,282.0,15.1,280.0,0.0,-99.8,-99.8,-99.8,-99.8,-99.8,-99.8,-99.8
2023-05-22 07:00:00,683.2,-99.8,-99.8,7.7,272.0,14.0,278.0,0.0,-99.8,-99.8,-99.8,-99.8,-99.8,-99.8,-99.8
2023-05-22 08:00:00,682.7,-99.8,-99.8,8.5,270.0,14.9,262.0,0.0,-99.8,-99.8,-99.8,-99.8,-99.8,-99.8,-99.8
2023-05-22 09:00:00,682.3,-99.8,-99.8,9.3,277.0,17.3,268.0,0.0,-99.8,-99.8,-99.8,-99.8,-99.8,-99.8,-99.8
2023-05-22 10:00:00,681.7,-99.8,-99.8,10.3,272.0,19.7,267.0,0.0,-99.8,-99.8,-99.8,-99.8,-99.8,-99.8,-99.8
2023-05-22 11:00:00,680.8,-99.8,-99.8,11.1,272.0,20.4,275.0,0.0,-99.8,-99.8,-99.8,-99.8,-99.8,-99.8,-99.8
2023-05-22 12:00:00,681.1,-99.8,-99.8,10.7,273.0,21.7,264.0,0.5,-99.8,-99.8,-99.8,-99.8,-99.8,-99.8,-99.8
2023-05-22 13:00:00,681.9,-99.8,-99.8,10.6,277.0,20.4,284.0,0.5,-99.8,-99.8,-99.8,-99.8,-99.8,-99.8,-99.8
2023-05-22 14:00:00,682.0,-99.8,-99.8,8.3,268.0,18.7,262.0,0.5,-99.8,-99.8,-99.8,-99.8,-99.8,-99.8,-99.8
2023-05-22 15:00:00,681.9,-99.8,-99.8,8.2,270.0,18.9,277.0,0.0,-99.8,-99.8,-99.8,-99.8,-99.8,-99.8,-99.8
2023-05-22 16:00:00,681.5,-99.8,-99.8,9.0,271.0,18.7,257.0,0.0,-99.8,-99.8,-99.8,-99.8,-99.8,-99.8,-99.8
2023-05-22 17:00:00,681.5,-99.8,-99.8,8.8,269.0,18.4,257.0,2.0,-99.8,-99.8,-99.8,-99.8,-99.8,-99.8,-99.8
2023-05-22 18:00:00,681.4,-99.8,-99.8,10.9,274.0,19.0,261.0,1.0,-99.8,-99.8,-99.8,-99.8,-99.8,-99.8,-99.8
2023-05-22 19:00:00,682.0,-99.8,-99.8,12.0,272.0,24.0,279.0,1.0,-99.8,-99.8,-99.8,-99.8,-99.8,-99.8,-99.8
2023-05-22 20:00:00,-99.8,-99.8,-99.8,9.9,272.0,21.7,284.0,0.5,-99.8,-99.8,-99.8,-99.8,-99.8,-99.8,-99.8
2023-05-22 21:00:00,682.9,-99.8,-99.8,9.0,271.0,18.7,259.0,0.5,-99.8,-99.8,-99.8,-99.8,-99.8,-99.8,-99.8
2023-05-22 22:00:00,683.7,-99.8,-99.8,7.3,266.0,13.8,250.0,6.0,-99.8,-99.8,-99.8,-99.8,-99.8,-99.8,-99.8
2023-05-22 23:00:00,682.8,-99.8,-99.8,9.1,269.0,16.3,282.0,0.0,-99.8,-99.8,-99.8,-99.8,-99.8,-99.8,-99.8
2023-05-23 00:00:00,683.3,-99.8,-99.8,7.5,270.0,15.7,284.0,7.0,-99.8,-99.8,-99.8,-99.8,-99.8,-99.8,-99.8
2023-05-23 01:00:00,681.1,-99.8,-99.8,9.0,269.0,17.3,272.0,4.0,-99.8,-99.8,-99.8,-99.8,-99.8,-99.8,-99.8
2023-05-23 02:00:00,681.9,-99.8,-99.8,7.5,275.0,16.8,274.0,0.5,-99.8,-99.8,-99.8,-99.8,-99.8,-99.8,-99.8
2023-05-23 03:00:00,681.6,-99.8,-99.8,10.0,293.0,16.5,302.0,5.5,-99.8,-99.8,-99.8,-99.8,-99.8,-99.8,-99.8
2023-05-23 04:00:00,682.5,-99.8,-99.8,7.2,275.0,16.8,291.0,2.0,-99.8,-99.8,-99.8,-99.8,-99.8,-99.8,-99.8
2023-05-23 05:00:00,682.8,-99.8,-99.8,7.5,272.0,13.4,259.0,2.5,-99.8,-99.8,-99.8,-99.8,-99.8,-99.8,-99.8
2023-05-23 06:00:00,682.3,-99.8,-99.8,8.5,277.0,15.3,298.0,2.0,-99.8,-99.8,-99.8,-99.8,-99.8,-99.8,-99.8
2023-05-23 07:00:00,682.8,-99.8,-99.8,8.2,267.0,14.8,255.0,2.5,-99.8,-99.8,-99.8,-99.8,-99.8,-99.8,-99.8
2023-05-23 08:00:00,683.0,-99.8,-99.8,7.1,271.0,17.4,279.0,3.5,-99.8,-99.8,-99.8,-99.8,-99.8,-99.8,-99.8
2023-05-23 09:00:00,684.1,-99.8,-99.8,6.4,271.0,13.5,259.0,3.5,-99.8,-99.8,-99.8,-99.8,-99.8,-99.8,-99.8
2023-05-23 10:00:00,683.6,-99.8,-99.8,8.2,273.0,15.6,249.0,0.0,-99.8,-99.8,-99.8,-99.8,-99.8,-99.8,-99.8
2023-05-23 11:00:00,683.6,-99.8,-99.8,7.7,274.0,14.2,257.0,1.5,-99.8,-99.8,-99.8,-99.8,-99.8,-99.8,-99.8
2023-05-23 12:00:00,683.6,-99.8,-99.8,7.4,268.0,14.2,263.0,2.0,-99.8,-99.8,-99.8,-99.8,-99.8,-99.8,-99.8
2023-05-23 13:00:00,682.7,-99.8,-99.8,7.3,270.0,16.4,278.0,0.5,-99.8,-99.8,-99.8,-99.8,-99.8,-99.8,-99.8
2023-05-23 14:00:00,682.4,-99.8,-99.8,7.9,272.0,15.0,256.0,1.0,-99.8,-99.8,-99.8,-99.8,-99.8,-99.8,-99.8
2023-05-23 15:00:00,682.7,-99.8,-99.8,8.4,274.0,14.6,247.0,0.0,-99.8,-99.8,-99.8,-99.8,-99.8,-99.8,-99.8
2023-05-23 16:00:00,683.1,-99.8,-99.8,6.2,268.0,14.8,283.0,1.5,-99.8,-99.8,-99.8,-99.8,-99.8,-99.8,-99.8
2023-05-23 17:00:00,682.8,-99.8,-99.8,7.4,274.0,14.6,284.0,0.0,-99.8,-99.8,-99.8,-99.8,-99.8,-99.8,-99.8
2023-05-23 18:00:00,682.7,-99.8,-99.8,8.1,273.0,14.2,278.0,0.0,-99.8,-99.8,-99.8,-99.8,-99.8,-99.8,-99.8
2023-05-23 19:00:00,682.1,-99.8,-99.8,8.2,274.0,16.8,288.0,0.5,-99.8,-99.8,-99.8,-99.8,-99.8,-99.8,-99.8
2023-05-23 20:00:00,682.9,-99.8,-99.8,7.6,271.0,15.6,284.0,0.0,-99.8,-99.8,-99.8,-99.8,-99.8,-99.8,-99.8
2023-05-23 21:00:00,684.1,-99.8,-99.8,6.3,264.0,14.7,280.0,0.0,-99.8,-99.8,-99.8,-99.8,-99.8,-99.8,-99.8
2023-05-23 22:00:00,684.2,-99.8,-99.8,7.6,272.0,13.8,277.0,0.0,-99.8,-99.8,-99.8,-99.8,-99.8,-99.8,-99.8
2023-05-23 23:00:00,683.9,-99.8,-99.8,7.1,272.0,13.9,270.0,0.5,-99.8,-99.8,-99.8,-99.8,-99.8,-99.8,-99.8
2023-05-24 00:00:00,684.1,-99.8,-99.8,5.3,270.0,11.9,268.0,2.0,-99.8,-99.8,-99.8,-99.8,-99.8,-99.8,-99.8
2023-05-24 01:00:00,-9999.1,-99.8,-99.8,5.7,268.0,13.8,264.0,6.5,-99.8,-99.8,-99.8,-99.8,-99.8,-99.8,-99.8
2023-05-24 02:00:00,-9999.1,-99.8,-99.8,6.0,265.0,14.9,289.0,3.0,-99.8,-99.8,-99.8,-99.8,-99.8,-99.8,-99.8
2023-05-24 03:00:00,-9999.1,-99.8,-99.8,6.2,270.0,15.3,255.0,3.0,-99.8,-99.8,-99.8,-99.8,-99.8,-99.8,-99.8
2023-05-24 04:00:00,-9999.1,-99.8,-99.8,6.4,268.0,12.8,260.0,3.0,-99.8,-99.8,-99.8,-99.8,-99.8,-99.8,-99.8
2023-05-24 05:00:00,-9999.1,-99.8,-99.8,6.6,268.0,14.4,239.0,0.5,-99.8,-99.8,-99.8,-99.8,-99.8,-99.8,-99.8
2023-05-24 06:00:00,-9999.1,-99.8,-99.8,7.6,273.0,13.1,257.0,0.5,-99.8,-99.8,-99.8,-99.8,-99.8,-99.8,-99.8
2023-05-24 07:00:00,-9999.1,-99.8,-99.8,6.4,276.0,12.8,286.0,0.0,-99.8,-99.8,-99.8,-99.8,-99.8,-99.8,-99.8
2023-05-24 08:00:00,-9999.1,-99.8,-99.8,5.9,265.0,11.7,263.0,0.5,-99.8,-99.8,-99.8,-99.8,-99.8,-99.8,-99.8
2023-05-24 09:00:00,-9999.1,-99.8,-99.8,7.0,278.0,11.5,256.0,0.0,-99.8,-99.8,-99.8,-99.8,-99.8,-99.8,-99.8
2023-05-24 10:00:00,-9999.1,-99.8,-99.8,6.6,271.0,12.3,263.0,0.0,-99.8,-99.8,-99.8,-99.8,-99.8,-99.8,-99.8
2023-05-24 11:00:00,-9999.1,-99.8,-99.8,7.0,272.0,16.5,271.0,0.5,-99.8,-99.8,-99.8,-99.8,-99.8,-99.8,-99.8
2023-05-24 12:00:00,-9999.1,-99.8,-99.8,7.8,270.0,18.3,264.0,0.0,-99.8,-99.8,-99.8,-99.8,-99.8,-99.8,-99.8
2023-05-24 13:00:00,-9999.1,-99.8,-99.8,8.7,273.0,15.8,283.0,0.0,-99.8,-99.8,-99.8,-99.8,-99.8,-99.8,-99.8
2023-05-24 14:00:00,-9999.1,-99.8,-99.8,7.8,271.0,17.8,264.0,0.0,-99.8,-99.8,-99.8,-99.8,-99.8,-99.8,-99.8
2023-05-24 15:00:00,-9999.1,-99.8,-99.8,8.0,272.0,15.9,267.0,1.5,-99.8,-99.8,-99.8,-99.8,-99.8,-99.8,-99.8
2023-05-24 16:00:00,-9999.1,-99.8,-99.8,8.8,271.0,16.3,262.0,0.0,-99.8,-99.8,-99.8,-99.8,-99.8,-99.8,-99.8
2023-05-24 17:00:00,-9999.1,-99.8,-99.8,6.2,264.0,15.3,280.0,1.5,-99.8,-99.8,-99.8,-99.8,-99.8,-99.8,-99.8
2023-05-24 18:00:00,-9999.1,-99.8,-99.8,5.7,267.0,15.0,260.0,2.0,-99.8,-99.8,-99.8,-99.8,-99.8,-99.8,-99.8
2023-05-24 19:00:00,-9999.1,-99.8,-99.8,6.8,254.0,16.5,229.0,6.0,-99.8,-99.8,-99.8,-99.8,-99.8,-99.8,-99.8
2023-05-24 20:00:00,-9999.1,-99.8,-99.8,7.0,263.0,14.6,259.0,9.5,-99.8,-99.8,-99.8,-99.8,-99.8,-99.8,-99.8
2023-05-24 21:00:00,-9999.1,-99.8,-99.8,6.5,272.0,13.9,284.0,6.5,-99.8,-99.8,-99.8,-99.8,-99.8,-99.8,-99.8
2023-05-24 22:00:00,-9999.1,-99.8,-99.8,6.5,272.0,13.0,260.0,3.0,-99.8,-99.8,-99.8,-99.8,-99.8,-99.8,-99.8
2023-05-24 23:00:00,-9999.1,-99.8,-99.8,4.9,270.0,9.6,304.0,2.0,-99.8,-99.8,-99.8,-99.8,-99.8,-99.8,-99.8
2023-05-25 00:00:00,-9999.1,-99.8,-99.8,6.6,280.0,10.1,286.0,0.5,-99.8,-99.8,-99.8,-99.8,-99.8,-99.8,-99.8
2023-05-25 01:00:00,683.5,-99.8,-99.8,6.8,276.0,11.4,281.0,0.0,-99.8,-99.8,-99.8,-99.8,-99.8,-99.8,-99.8
2023-05-25 02:00:00,682.1,-99.8,-99.8,7.1,293.0,13.5,263.0,0.0,-99.8,-99.8,-99.8,-99.8,-99.8,-99.8,-99.8
2023-05-25 03:00:00,683.2,-99.8,-99.8,6.9,285.0,12.1,287.0,0.0,-99.8,-99.8,-99.8,-99.8,-99.8,-99.8,-99.8
2023-05-25 04:00:00,683.9,-99.8,-99.8,7.7,280.0,12.0,265.0,0.0,-99.8,-99.8,-99.8,-99.8,-99.8,-99.8,-99.8
2023-05-25 05:00:00,684.2,-99.8,-99.8,10.5,284.0,15.4,285.0,0.0,-99.8,-99.8,-99.8,-99.8,-99.8,-99.8,-99.8
2023-05-25 06:00:00,684.9,-99.8,-99.8,7.9,278.0,13.6,263.0,0.0,-99.8,-99.8,-99.8,-99.8,-99.8,-99.8,-99.8
2023-05-25 07:00:00,685.7,-99.8,-99.8,8.2,280.0,13.9,279.0,0.0,-99.8,-99.8,-99.8,-99.8,-99.8,-99.8,-99.8
2023-05-25 08:00:00,684.8,-99.8,-99.8,10.3,285.0,14.7,286.0,0.0,-99.8,-99.8,-99.8,-99.8,-99.8,-99.8,-99.8
2023-05-25 09:00:00,686.4,-99.8,-99.8,9.3,287.0,14.9,283.0,0.0,-99.8,-99.8,-99.8,-99.8,-99.8,-99.8,-99.8
2023-05-25 10:00:00,685.9,-99.8,-99.8,8.1,284.0,14.4,284.0,0.0,-99.8,-99.8,-99.8,-99.8,-99.8,-99.8,-99.8
2023-05-25 11:00:00,687.4,-99.8,-99.8,7.7,284.0,12.6,290.0,0.0,-99.8,-99.8,-99.8,-99.8,-99.8,-99.8,-99.8
2023-05-25 12:00:00,687.8,-99.8,-99.8,7.8,284.0,12.3,290.0,0.0,-99.8,-99.8,-99.8,-99.8,-99.8,-99.8,-99.8
2023-05-25 13:00:00,686.3,-99.8,-99.8,6.6,282.0,12.2,280.0,0.0,-99.8,-99.8,-99.8,-99.8,-99.8,-99.8,-99.8
2023-05-25 14:00:00,686.1,-99.8,-99.8,5.1,278.0,10.8,284.0,0.0,-99.8,-99.8,-99.8,-99.8,-99.8,-99.8,-99.8
2023-05-25 15:00:00,686.4,-99.8,-99.8,4.9,285.0,10.9,285.0,0.0,-99.8,-99.8,-99.8,-99.8,-99.8,-99.8,-99.8
2023-05-25 16:00:00,685.5,-99.8,-99.8,4.4,280.0,10.2,282.0,0.0,-99.8,-99.8,-99.8,-99.8,-99.8,-99.8,-99.8
2023-05-25 17:00:00,685.6,-99.8,-99.8,4.4,280.0,8.6,260.0,0.0,-99.8,-99.8,-99.8,-99.8,-99.8,-99.8,-99.8
2023-05-25 18:00:00,685.9,-99.8,-99.8,4.9,285.0,8.2,294.0,0.0,-99.8,-99.8,-99.8,-99.8,-99.8,-99.8,-99.8
2023-05-25 19:00:00,686.0,-99.8,-99.8,5.1,288.0,7.9,289.0,0.0,-99.8,-99.8,-99.8,-99.8,-99.8,-99.8,-99.8
2023-05-25 20:00:00,686.3,-99.8,-99.8,3.0,263.0,7.8,289.0,0.0,-99.8,-99.8,-99.8,-99.8,-99.8,-99.8,-99.8
2023-05-25 21:00:00,686.4,-99.8,-99.8,3.9,283.0,8.3,287.0,0.0,-99.8,-99.8,-99.8,-99.8,-99.8,-99.8,-99.8
2023-05-25 22:00:00,686.2,-99.8,-99.8,3.9,291.0,7.2,289.0,0.0,-99.8,-99.8,-99.8,-99.8,-99.8,-99.8,-99.8
2023-05-25 23:00:00,686.4,-99.8,-99.8,4.8,290.0,6.4,293.0,0.0,-99.8,-99.8,-99.8,-99.8,-99.8,-99.8,-99.8
2023-05-26 00:00:00,686.2,-99.8,-99.8,3.3,286.0,6.4,287.0,0.0,-99.8,-99.8,-99.8,-99.8,-99.8,-99.8,-99.8
2023-05-26 01:00:00,686.2,-99.8,-99.8,4.1,285.0,6.9,260.0,0.0,-99.8,-99.8,-99.8,-99.8,-99.8,-99.8,-99.8
2023-05-26 02:00:00,685.6,-99.8,-99.8,3.6,289.0,7.9,287.0,0.0,-99.8,-99.8,-99.8,-99.8,-99.8,-99.8,-99.8
2023-05-26 03:00:00,686.3,-99.8,-99.8,5.2,287.0,8.4,278.0,0.0,-99.8,-99.8,-99.8,-99.8,-99.8,-99.8,-99.8
2023-05-26 04:00:00,686.3,-99.8,-99.8,4.8,283.0,8.0,258.0,0.0,-99.8,-99.8,-99.8,-99.8,-99.8,-99.8,-99.8
2023-05-26 05:00:00,686.4,-99.8,-99.8,6.0,299.0,9.3,290.0,0.0,-99.8,-99.8,-99.8,-99.8,-99.8,-99.8,-99.8
2023-05-26 06:00:00,686.9,-99.8,-99.8,2.8,311.0,8.4,302.0,0.0,-99.8,-99.8,-99.8,-99.8,-99.8,-99.8,-99.8
2023-05-26 07:00:00,687.3,-99.8,-99.8,2.5,357.0,6.3,312.0,0.0,-99.8,-99.8,-99.8,-99.8,-99.8,-99.8,-99.8
2023-05-26 08:00:00,687.4,-99.8,-99.8,1.8,350.0,5.0,22.0,0.0,-99.8,-99.8,-99.8,-99.8,-99.8,-99.8,-99.8
2023-05-26 09:00:00,687.6,-99.8,-99.8,1.4,304.0,3.7,293.0,0.0,-99.8,-99.8,-99.8,-99.8,-99.8,-99.8,-99.8
2023-05-26 10:00:00,687.6,-99.8,-99.8,2.8,289.0,5.0,305.0,0.0,-99.8,-99.8,-99.8,-99.8,-99.8,-99.8,-99.8
2023-05-26 11:00:00,687.6,-99.8,-99.8,2.4,267.0,5.5,283.0,0.0,-99.8,-99.8,-99.8,-99.8,-99.8,-99.8,-99.8
2023-05-26 12:00:00,687.4,-99.8,-99.8,1.2,273.0,4.2,261.0,0.0,-99.8,-99.8,-99.8,-99.8,-99.8,-99.8,-99.8
2023-05-26 13:00:00,687.0,-99.8,-99.8,1.6,271.0,4.3,270.0,0.0,-99.8,-99.8,-99.8,-99.8,-99.8,-99.8,-99.8
2023-05-26 14:00:00,686.7,-99.8,-99.8,0.8,229.0,5.1,288.0,0.0,-99.8,-99.8,-99.8,-99.8,-99.8,-99.8,-99.8
2023-05-26 15:00:00,686.4,-99.8,-99.8,0.8,256.0,4.1,298.0,0.0,-99.8,-99.8,-99.8,-99.8,-99.8,-99.8,-99.8
2023-05-26 16:00:00,686.3,-99.8,-99.8,0.4,56.0,3.0,336.0,0.0,-99.8,-99.8,-99.8,-99.8,-99.8,-99.8,-99.8
2023-05-26 17:00:00,686.0,-99.8,-99.8,1.3,290.0,5.5,304.0,0.0,-99.8,-99.8,-99.8,-99.8,-99.8,-99.8,-99.8
2023-05-26 18:00:00,686.2,-99.8,-99.8,1.5,130.0,4.7,336.0,0.0,-99.8,-99.8,-99.8,-99.8,-99.8,-99.8,-99.8
2023-05-26 19:00:00,686.5,-99.8,-99.8,1.0,57.0,4.6,103.0,0.0,-99.8,-99.8,-99.8,-99.8,-99.8,-99.8,-99.8
2023-05-26 20:00:00,686.5,-99.8,-99.8,4.5,112.0,8.2,124.0,0.0,-99.8,-99.8,-99.8,-99.8,-99.8,-99.8,-99.8
2023-05-26 21:00:00,686.5,-99.8,-99.8,5.6,111.0,7.7,110.0,0.0,-99.8,-99.8,-99.8,-99.8,-99.8,-99.8,-99.8
2023-05-26 22:00:00,686.6,-99.8,-99.8,7.0,111.0,10.6,106.0,0.0,-99.8,-99.8,-99.8,-99.8,-99.8,-99.8,-99.8
2023-05-26 23:00:00,686.6,-99.8,-99.8,5.2,113.0,10.1,108.0,0.5,-99.8,-99.8,-99.8,-99.8,-99.8,-99.8,-99.8
2023-05-27 00:00:00,686.4,-99.8,-99.8,4.2,101.0,7.6,131.0,0.0,-99.8,-99.8,-99.8,-99.8,-99.8,-99.8,-99.8
2023-05-27 01:00:00,685.8,-99.8,-99.8,3.2,121.0,10.0,107.0,0.0,-99.8,-99.8,-99.8,-99.8,-99.8,-99.8,-99.8
2023-05-27 02:00:00,685.4,-99.8,-99.8,1.9,303.0,7.2,128.0,0.0,-99.8,-99.8,-99.8,-99.8,-99.8,-99.8,-99.8
2023-05-27 03:00:00,685.1,-99.8,-99.8,4.2,28.0,6.3,45.0,0.0,-99.8,-99.8,-99.8,-99.8,-99.8,-99.8,-99.8
2023-05-27 04:00:00,685.1,-99.8,-99.8,4.1,35.0,10.4,22.0,0.0,-99.8,-99.8,-99.8,-99.8,-99.8,-99.8,-99.8
2023-05-27 05:00:00,685.3,-99.8,-99.8,2.7,55.0,9.0,22.0,0.0,-99.8,-99.8,-99.8,-99.8,-99.8,-99.8,-99.8
2023-05-27 06:00:00,685.3,-99.8,-99.8,1.4,153.0,7.3,84.0,0.0,-99.8,-99.8,-99.8,-99.8,-99.8,-99.8,-99.8
2023-05-27 07:00:00,685.4,-99.8,-99.8,0.8,171.0,6.4,144.0,0.0,-99.8,-99.8,-99.8,-99.8,-99.8,-99.8,-99.8
2023-05-27 08:00:00,685.7,-99.8,-99.8,1.0,229.0,7.8,109.0,0.0,-99.8,-99.8,-99.8,-99.8,-99.8,-99.8,-99.8
2023-05-27 09:00:00,685.9,-99.8,-99.8,1.8,109.0,9.9,105.0,0.0,-99.8,-99.8,-99.8,-99.8,-99.8,-99.8,-99.8
2023-05-27 10:00:00,686.3,-99.8,-99.8,2.1,262.0,8.6,125.0,0.0,-99.8,-99.8,-99.8,-99.8,-99.8,-99.8,-99.8
2023-05-27 11:00:00,686.3,-99.8,-99.8,1.4,211.0,4.6,238.0,0.0,-99.8,-99.8,-99.8,-99.8,-99.8,-99.8,-99.8
2023-05-27 12:00:00,686.4,-99.8,-99.8,1.1,246.0,5.6,125.0,0.0,-99.8,-99.8,-99.8,-99.8,-99.8,-99.8,-99.8
2023-05-27 13:00:00,686.0,-99.8,-99.8,0.7,216.0,5.4,295.0,0.0,-99.8,-99.8,-99.8,-99.8,-99.8,-99.8,-99.8
2023-05-27 14:00:00,685.7,-99.8,-99.8,0.9,219.0,4.8,154.0,0.0,-99.8,-99.8,-99.8,-99.8,-99.8,-99.8,-99.8
2023-05-27 15:00:00,685.6,-99.8,-99.8,1.6,180.0,5.9,225.0,0.0,-99.8,-99.8,-99.8,-99.8,-99.8,-99.8,-99.8
2023-05-27 16:00:00,685.3,-99.8,-99.8,1.6,148.0,8.5,108.0,0.0,-99.8,-99.8,-99.8,-99.8,-99.8,-99.8,-99.8
2023-05-27 17:00:00,685.4,-99.8,-99.8,1.2,164.0,5.8,144.0,0.0,-99.8,-99.8,-99.8,-99.8,-99.8,-99.8,-99.8
2023-05-27 18:00:00,685.1,-99.8,-99.8,4.4,131.0,11.4,136.0,0.0,-99.8,-99.8,-99.8,-99.8,-99.8,-99.8,-99.8
2023-05-27 19:00:00,685.0,-99.8,-99.8,7.7,122.0,12.7,125.0,0.0,-99.8,-99.8,-99.8,-99.8,-99.8,-99.8,-99.8
2023-05-27 20:00:00,685.0,-99.8,-99.8,7.3,133.0,13.3,141.0,0.0,-99.8,-99.8,-99.8,-99.8,-99.8,-99.8,-99.8
2023-05-27 21:00:00,685.3,-99.8,-99.8,6.4,128.0,12.3,122.0,0.0,-99.8,-99.8,-99.8,-99.8,-99.8,-99.8,-99.8
2023-05-27 22:00:00,685.4,-99.8,-99.8,6.7,127.0,10.3,124.0,0.0,-99.8,-99.8,-99.8,-99.8,-99.8,-99.8,-99.8
2023-05-27 23:00:00,685.3,-99.8,-99.8,6.6,118.0,10.1,113.0,0.0,-99.8,-99.8,-99.8,-99.8,-99.8,-99.8,-99.8
2023-05-28 00:00:00,684.4,-99.8,-99.8,10.4,111.0,12.1,109.0,0.0,-99.8,-99.8,-99.8,-99.8,-99.8,-99.8,-99.8
2023-05-28 01:00:00,684.1,-99.8,-99.8,10.0,112.0,13.2,115.0,0.0,-99.8,-99.8,-99.8,-99.8,-99.8,-99.8,-99.8
2023-05-28 02:00:00,684.2,-99.8,-99.8,9.5,112.0,13.8,106.0,0.0,-99.8,-99.8,-99.8,-99.8,-99.8,-99.8,-99.8
2023-05-28 03:00:00,-99.8,-99.8,-99.8,7.3,128.0,12.4,114.0,0.0,-99.8,-99.8,-99.8,-99.8,-99.8,-99.8,-99.8
2023-05-28 04:00:00,-99.8,-99.8,-99.8,6.6,122.0,12.5,117.0,0.0,-99.8,-99.8,-99.8,-99.8,-99.8,-99.8,-99.8
2023-05-28 05:00:00,-99.8,-99.8,-99.8,5.4,121.0,9.7,110.0,0.0,-99.8,-99.8,-99.8,-99.8,-99.8,-99.8,-99.8
2023-05-28 06:00:00,-99.8,-99.8,-99.8,8.1,120.0,10.9,115.0,0.0,-99.8,-99.8,-99.8,-99.8,-99.8,-99.8,-99.8
2023-05-28 07:00:00,685.1,-99.8,-99.8,6.8,125.0,12.2,117.0,0.0,-99.8,-99.8,-99.8,-99.8,-99.8,-99.8,-99.8
2023-05-28 08:00:00,685.6,-99.8,-99.8,5.5,130.0,9.7,130.0,0.0,-99.8,-99.8,-99.8,-99.8,-99.8,-99.8,-99.8
2023-05-28 09:00:00,686.0,-99.8,-99.8,3.7,139.0,8.6,138.0,0.0,-99.8,-99.8,-99.8,-99.8,-99.8,-99.8,-99.8
2023-05-28 10:00:00,686.2,-99.8,-99.8,2.4,140.0,6.7,143.0,0.0,-99.8,-99.8,-99.8,-99.8,-99.8,-99.8,-99.8
2023-05-28 11:00:00,686.2,-99.8,-99.8,2.3,119.0,6.0,124.0,0.0,-99.8,-99.8,-99.8,-99.8,-99.8,-99.8,-99.8
2023-05-28 12:00:00,686.0,-99.8,-99.8,1.6,130.0,5.6,109.0,0.0,-99.8,-99.8,-99.8,-99.8,-99.8,-99.8,-99.8
2023-05-28 13:00:00,685.8,-99.8,-99.8,1.1,179.0,5.9,104.0,0.0,-99.8,-99.8,-99.8,-99.8,-99.8,-99.8,-99.8
2023-05-28 14:00:00,685.6,-99.8,-99.8,1.4,149.0,7.3,120.0,0.0,-99.8,-99.8,-99.8,-99.8,-99.8,-99.8,-99.8
2023-05-28 15:00:00,685.4,-99.8,-99.8,1.2,174.0,6.0,153.0,0.0,-99.8,-99.8,-99.8,-99.8,-99.8,-99.8,-99.8
2023-05-28 16:00:00,684.9,-99.8,-99.8,0.7,165.0,3.8,158.0,0.0,-99.8,-99.8,-99.8,-99.8,-99.8,-99.8,-99.8
2023-05-28 17:00:00,1021.0,-99.8,-99.8,2.1,104.0,4.8,148.0,0.0,-99.8,-99.8,-99.8,-99.8,-99.8,-99.8,-99.8
2023-05-28 18:00:00,1021.0,-99.8,-99.8,4.2,125.0,7.3,127.0,0.0,-99.8,-99.8,-99.8,-99.8,-99.8,-99.8,-99.8
2023-05-28 19:00:00,1020.3,-99.8,-99.8,4.5,133.0,9.3,144.0,0.0,-99.8,-99.8,-99.8,-99.8,-99.8,-99.8,-99.8
2023-05-28 20:00:00,1020.7,-99.8,-99.8,7.5,138.0,11.7,140.0,0.0,-99.8,-99.8,-99.8,-99.8,-99.8,-99.8,-99.8
2023-05-28 21:00:00,-99.8,-99.8,-99.8,7.9,136.0,13.8,123.0,0.0,-99.8,-99.8,-99.8,-99.8,-99.8,-99.8,-99.8
2023-05-28 22:00:00,-99.8,-99.8,-99.8,9.6,131.0,16.2,118.0,0.0,-99.8,-99.8,-99.8,-99.8,-99.8,-99.8,-99.8
2023-05-28 23:00:00,-99.8,-99.8,-99.8,9.1,140.0,15.8,131.0,0.0,-99.8,-99.8,-99.8,-99.8,-99.8,-99.8,-99.8
2023-05-29 00:00:00,684.8,-99.8,-99.8,9.2,137.0,15.7,127.0,0.0,-99.8,-99.8,-99.8,-99.8,-99.8,-99.8,-99.8
2023-05-29 01:00:00,-99.8,-99.8,-99.8,12.4,128.0,17.7,133.0,0.0,-99.8,-99.8,-99.8,-99.8,-99.8,-99.8,-99.8
2023-05-29 02:00:00,-99.8,-99.8,-99.8,11.4,119.0,20.0,129.0,0.0,-99.8,-99.8,-99.8,-99.8,-99.8,-99.8,-99.8
2023-05-29 03:00:00,683.3,-99.8,-99.8,9.9,117.0,19.7,123.0,0.0,-99.8,-99.8,-99.8,-99.8,-99.8,-99.8,-99.8
2023-05-29 04:00:00,683.1,-99.8,-99.8,9.6,121.0,16.1,106.0,0.0,-99.8,-99.8,-99.8,-99.8,-99.8,-99.8,-99.8
2023-05-29 05:00:00,682.5,-99.8,-99.8,12.0,129.0,19.8,147.0,0.0,-99.8,-99.8,-99.8,-99.8,-99.8,-99.8,-99.8
2023-05-29 06:00:00,682.8,-99.8,-99.8,10.9,122.0,23.3,147.0,0.0,-99.8,-99.8,-99.8,-99.8,-99.8,-99.8,-99.8
2023-05-29 07:00:00,683.0,-99.8,-99.8,9.4,135.0,17.9,132.0,0.0,-99.8,-99.8,-99.8,-99.8,-99.8,-99.8,-99.8
2023-05-29 08:00:00,683.5,-99.8,-99.8,8.5,137.0,18.6,147.0,0.0,-99.8,-99.8,-99.8,-99.8,-99.8,-99.8,-99.8
2023-05-29 09:00:00,683.2,-99.8,-99.8,9.5,124.0,20.4,107.0,0.0,-99.8,-99.8,-99.8,-99.8,-99.8,-99.8,-99.8
2023-05-29 10:00:00,-99.8,-99.8,-99.8,11.7,123.0,19.4,130.0,0.0,-99.8,-99.8,-99.8,-99.8,-99.8,-99.8,-99.8
2023-05-29 11:00:00,-99.8,-99.8,-99.8,8.8,128.0,19.3,113.0,0.0,-99.8,-99.8,-99.8,-99.8,-99.8,-99.8,-99.8
2023-05-29 12:00:00,-99.8,-99.8,-99.8,6.0,129.0,18.5,140.0,0.0,-99.8,-99.8,-99.8,-99.8,-99.8,-99.8,-99.8
2023-05-29 13:00:00,683.1,-99.8,-99.8,6.0,136.0,15.9,132.0,0.0,-99.8,-99.8,-99.8,-99.8,-99.8,-99.8,-99.8
2023-05-29 14:00:00,682.5,-99.8,-99.8,7.7,125.0,13.8,150.0,0.0,-99.8,-99.8,-99.8,-99.8,-99.8,-99.8,-99.8
2023-05-29 15:00:00,682.6,-99.8,-99.8,2.8,155.0,12.4,109.0,0.0,-99.8,-99.8,-99.8,-99.8,-99.8,-99.8,-99.8
2023-05-29 16:00:00,682.3,-99.8,-99.8,6.7,131.0,13.7,135.0,0.0,-99.8,-99.8,-99.8,-99.8,-99.8,-99.8,-99.8
2023-05-29 17:00:00,-99.8,-99.8,-99.8,5.4,123.0,12.9,143.0,0.0,-99.8,-99.8,-99.8,-99.8,-99.8,-99.8,-99.8
2023-05-29 18:00:00,681.6,-99.8,-99.8,11.6,115.0,21.9,110.0,0.0,-99.8,-99.8,-99.8,-99.8,-99.8,-99.8,-99.8
2023-05-29 19:00:00,681.5,-99.8,-99.8,12.3,126.0,19.3,133.0,0.0,-99.8,-99.8,-99.8,-99.8,-99.8,-99.8,-99.8
2023-05-29 20:00:00,681.8,-99.8,-99.8,12.4,120.0,23.1,149.0,0.0,-99.8,-99.8,-99.8,-99.8,-99.8,-99.8,-99.8
2023-05-29 21:00:00,681.6,-99.8,-99.8,13.8,122.0,22.7,138.0,0.0,-99.8,-99.8,-99.8,-99.8,-99.8,-99.8,-99.8
2023-05-29 22:00:00,682.0,-99.8,-99.8,11.2,116.0,22.3,106.0,0.0,-99.8,-99.8,-99.8,-99.8,-99.8,-99.8,-99.8
2023-05-29 23:00:00,680.9,-99.8,-99.8,16.2,126.0,26.0,127.0,0.0,-99.8,-99.8,-99.8,-99.8,-99.8,-99.8,-99.8
2023-05-30 00:00:00,680.5,-99.8,-99.8,13.9,124.0,26.0,127.0,0.0,-99.8,-99.8,-99.8,-99.8,-99.8,-99.8,-99.8
2023-05-30 01:00:00,680.0,-99.8,-99.8,14.4,122.0,26.6,130.0,0.0,-99.8,-99.8,-99.8,-99.8,-99.8,-99.8,-99.8
2023-05-30 02:00:00,679.6,-99.8,-99.8,15.1,122.0,27.1,134.0,0.0,-99.8,-99.8,-99.8,-99.8,-99.8,-99.8,-99.8
2023-05-30 03:00:00,679.3,-99.8,-99.8,11.0,124.0,25.5,141.0,0.0,-99.8,-99.8,-99.8,-99.8,-99.8,-99.8,-99.8
2023-05-30 04:00:00,679.2,-99.8,-99.8,14.6,118.0,24.5,120.0,0.0,-99.8,-99.8,-99.8,-99.8,-99.8,-99.8,-99.8
2023-05-30 05:00:00,679.0,-99.8,-99.8,14.2,125.0,26.3,116.0,0.0,-99.8,-99.8,-99.8,-99.8,-99.8,-99.8,-99.8
2023-05-30 06:00:00,679.1,-99.8,-99.8,13.8,116.0,28.0,147.0,0.0,-99.8,-99.8,-99.8,-99.8,-99.8,-99.8,-99.8
2023-05-30 07:00:00,679.7,-99.8,-99.8,11.9,116.0,25.2,113.0,0.0,-99.8,-99.8,-99.8,-99.8,-99.8,-99.8,-99.8
2023-05-30 08:00:00,680.4,-99.8,-99.8,9.8,116.0,20.3,138.0,2.5,-99.8,-99.8,-99.8,-99.8,-99.8,-99.8,-99.8
2023-05-30 09:00:00,680.8,-99.8,-99.8,6.8,134.0,24.1,109.0,3.5,-99.8,-99.8,-99.8,-99.8,-99.8,-99.8,-99.8
2023-05-30 10:00:00,681.3,-99.8,-99.8,6.0,127.0,20.0,114.0,3.5,-99.8,-99.8,-99.8,-99.8,-99.8,-99.8,-99.8
2023-05-30 11:00:00,681.1,-99.8,-99.8,7.7,123.0,18.3,144.0,2.5,-99.8,-99.8,-99.8,-99.8,-99.8,-99.8,-99.8
2023-05-30 12:00:00,680.7,-99.8,-99.8,5.0,122.0,22.2,105.0,1.0,-99.8,-99.8,-99.8,-99.8,-99.8,-99.8,-99.8
2023-05-30 13:00:00,680.0,-99.8,-99.8,10.4,117.0,24.7,96.0,2.5,-99.8,-99.8,-99.8,-99.8,-99.8,-99.8,-99.8
2023-05-30 14:00:00,679.7,-99.8,-99.8,10.7,115.0,22.6,114.0,4.0,-99.8,-99.8,-99.8,-99.8,-99.8,-99.8,-99.8
2023-05-30 15:00:00,679.7,-99.8,-99.8,4.3,128.0,21.1,71.0,4.5,-99.8,-99.8,-99.8,-99.8,-99.8,-99.8,-99.8
2023-05-30 16:00:00,679.1,-99.8,-99.8,4.2,138.0,16.8,137.0,2.5,-99.8,-99.8,-99.8,-99.8,-99.8,-99.8,-99.8
2023-05-30 17:00:00,678.8,-99.8,-99.8,5.4,119.0,20.1,121.0,2.0,-99.8,-99.8,-99.8,-99.8,-99.8,-99.8,-99.8
2023-05-30 18:00:00,678.8,-99.8,-99.8,4.3,131.0,19.4,104.0,1.0,-99.8,-99.8,-99.8,-99.8,-99.8,-99.8,-99.8
2023-05-30 19:00:00,678.9,-99.8,-99.8,5.6,141.0,20.2,140.0,0.5,-99.8,-99.8,-99.8,-99.8,-99.8,-99.8,-99.8
2023-05-30 20:00:00,679.2,-99.8,-99.8,2.0,147.0,19.4,110.0,5.0,-99.8,-99.8,-99.8,-99.8,-99.8,-99.8,-99.8
2023-05-30 21:00:00,679.3,-99.8,-99.8,5.2,130.0,20.9,142.0,4.5,-99.8,-99.8,-99.8,-99.8,-99.8,-99.8,-99.8
2023-05-30 22:00:00,679.5,-99.8,-99.8,3.5,121.0,18.7,142.0,4.0,-99.8,-99.8,-99.8,-99.8,-99.8,-99.8,-99.8
2023-05-30 23:00:00,678.8,-99.8,-99.8,9.7,108.0,22.3,115.0,8.5,-99.8,-99.8,-99.8,-99.8,-99.8,-99.8,-99.8
2023-05-31 00:00:00,-99.8,-99.8,-99.8,5.3,129.0,23.8,104.0,5.0,-99.8,-99.8,-99.8,-99.8,-99.8,-99.8,-99.8
2023-05-31 01:00:00,677.9,-99.8,-99.8,3.2,136.0,21.9,109.0,3.0,-99.8,-99.8,-99.8,-99.8,-99.8,-99.8,-99.8
2023-05-31 02:00:00,676.9,-99.8,-99.8,11.1,121.0,22.0,146.0,7.5,-99.8,-99.8,-99.8,-99.8,-99.8,-99.8,-99.8
2023-05-31 03:00:00,-99.8,-99.8,-99.8,3.7,147.0,25.4,117.0,1.5,-99.8,-99.8,-99.8,-99.8,-99.8,-99.8,-99.8
2023-05-31 04:00:00,676.3,-99.8,-99.8,4.6,139.0,17.5,115.0,1.0,-99.8,-99.8,-99.8,-99.8,-99.8,-99.8,-99.8
2023-05-31 05:00:00,676.2,-99.8,-99.8,6.8,140.0,15.7,135.0,1.0,-99.8,-99.8,-99.8,-99.8,-99.8,-99.8,-99.8
2023-05-31 06:00:00,676.7,-99.8,-99.8,3.7,123.0,17.3,112.0,2.0,-99.8,-99.8,-99.8,-99.8,-99.8,-99.8,-99.8
2023-05-31 07:00:00,677.4,-99.8,-99.8,2.4,125.0,15.2,113.0,1.5,-99.8,-99.8,-99.8,-99.8,-99.8,-99.8,-99.8
2023-05-31 08:00:00,677.8,-99.8,-99.8,0.6,132.0,13.2,106.0,2.5,-99.8,-99.8,-99.8,-99.8,-99.8,-99.8,-99.8
2023-05-31 09:00:00,678.4,-99.8,-99.8,1.7,137.0,11.1,145.0,2.5,-99.8,-99.8,-99.8,-99.8,-99.8,-99.8,-99.8
2023-05-31 10:00:00,-99.8,-99.8,-99.8,1.6,196.0,13.1,143.0,2.0,-99.8,-99.8,-99.8,-99.8,-99.8,-99.8,-99.8
2023-05-31 11:00:00,678.4,-99.8,-99.8,2.0,185.0,9.6,120.0,4.5,-99.8,-99.8,-99.8,-99.8,-99.8,-99.8,-99.8
2023-05-31 12:00:00,678.2,-99.8,-99.8,1.7,121.0,10.7,111.0,6.5,-99.8,-99.8,-99.8,-99.8,-99.8,-99.8,-99.8
2023-05-31 13:00:00,678.0,-99.8,-99.8,0.8,224.0,11.1,125.0,2.5,-99.8,-99.8,-99.8,-99.8,-99.8,-99.8,-99.8
2023-05-31 14:00:00,678.1,-99.8,-99.8,0.9,199.0,8.1,111.0,5.0,-99.8,-99.8,-99.8,-99.8,-99.8,-99.8,-99.8
2023-05-31 15:00:00,677.0,-99.8,-99.8,2.2,140.0,10.9,147.0,1.5,-99.8,-99.8,-99.8,-99.8,-99.8,-99.8,-99.8
2023-05-31 16:00:00,675.8,-99.8,-99.8,1.9,180.0,14.0,151.0,1.0,-99.8,-99.8,-99.8,-99.8,-99.8,-99.8,-99.8
2023-05-31 17:00:00,675.9,-99.8,-99.8,1.1,183.0,12.8,117.0,0.5,-99.8,-99.8,-99.8,-99.8,-99.8,-99.8,-99.8
2023-05-31 18:00:00,675.7,-99.8,-99.8,3.5,137.0,14.4,136.0,1.5,-99.8,-99.8,-99.8,-99.8,-99.8,-99.8,-99.8
2023-05-31 19:00:00,675.6,-99.8,-99.8,0.9,22.0,12.8,74.0,0.0,-99.8,-99.8,-99.8,-99.8,-99.8,-99.8,-99.8
2023-05-31 20:00:00,676.3,-99.8,-99.8,1.3,151.0,13.1,52.0,0.5,-99.8,-99.8,-99.8,-99.8,-99.8,-99.8,-99.8
2023-05-31 21:00:00,675.8,-99.8,-99.8,9.5,118.0,21.3,129.0,3.5,-99.8,-99.8,-99.8,-99.8,-99.8,-99.8,-99.8
2023-05-31 22:00:00,675.9,-99.8,-99.8,2.8,81.0,17.3,122.0,0.0,-99.8,-99.8,-99.8,-99.8,-99.8,-99.8,-99.8
2023-05-31 23:00:00,675.8,-99.8,-99.8,2.6,45.0,17.1,50.0,0.0,-99.8,-99.8,-99.8,-99.8,-99.8,-99.8,-99.8
2023-06-01 00:00:00,675.4,-99.8,-99.8,1.9,331.0,15.4,112.0,0.0,-99.8,-99.8,-99.8,-99.8,-99.8,-99.8,-99.8
2023-06-01 01:00:00,675.7,-99.8,-99.8,4.6,340.0,12.9,1.0,0.0,-99.8,-99.8,-99.8,-99.8,-99.8,-99.8,-99.8
2023-06-01 02:00:00,675.1,-99.8,-99.8,6.3,322.0,14.8,302.0,0.0,-99.8,-99.8,-99.8,-99.8,-99.8,-99.8,-99.8
2023-06-01 03:00:00,675.4,-99.8,-99.8,4.1,354.0,14.2,305.0,0.0,-99.8,-99.8,-99.8,-99.8,-99.8,-99.8,-99.8
2023-06-01 04:00:00,674.8,-99.8,-99.8,3.7,321.0,15.3,314.0,0.0,-99.8,-99.8,-99.8,-99.8,-99.8,-99.8,-99.8
2023-06-01 05:00:00,674.9,-99.8,-99.8,3.9,359.0,13.7,321.0,0.5,-99.8,-99.8,-99.8,-99.8,-99.8,-99.8,-99.8
2023-06-01 06:00:00,675.5,-99.8,-99.8,4.6,338.0,15.2,56.0,0.0,-99.8,-99.8,-99.8,-99.8,-99.8,-99.8,-99.8
2023-06-01 07:00:00,675.3,-99.8,-99.8,8.3,307.0,18.2,304.0,0.0,-99.8,-99.8,-99.8,-99.8,-99.8,-99.8,-99.8
2023-06-01 08:00:00,676.4,-99.8,-99.8,6.5,294.0,15.3,314.0,0.0,-99.8,-99.8,-99.8,-99.8,-99.8,-99.8,-99.8
2023-06-01 09:00:00,677.2,-99.8,-99.8,8.5,287.0,17.0,289.0,0.0,-99.8,-99.8,-99.8,-99.8,-99.8,-99.8,-99.8
2023-06-01 10:00:00,677.2,-99.8,-99.8,8.6,285.0,15.6,300.0,0.0,-99.8,-99.8,-99.8,-99.8,-99.8,-99.8,-99.8
2023-06-01 11:00:00,676.7,-99.8,-99.8,9.4,288.0,17.6,300.0,0.0,-99.8,-99.8,-99.8,-99.8,-99.8,-99.8,-99.8
2023-06-01 12:00:00,676.8,-99.8,-99.8,7.6,281.0,14.8,254.0,0.0,-99.8,-99.8,-99.8,-99.8,-99.8,-99.8,-99.8
2023-06-01 13:00:00,677.0,-99.8,-99.8,10.8,284.0,15.0,286.0,0.0,-99.8,-99.8,-99.8,-99.8,-99.8,-99.8,-99.8
2023-06-01 14:00:00,676.4,-99.8,-99.8,11.3,286.0,17.4,289.0,0.0,-99.8,-99.8,-99.8,-99.8,-99.8,-99.8,-99.8
2023-06-01 15:00:00,676.4,-99.8,-99.8,10.3,283.0,21.2,300.0,0.0,-99.8,-99.8,-99.8,-99.8,-99.8,-99.8,-99.8
2023-06-01 16:00:00,675.8,-99.8,-99.8,12.2,282.0,19.3,285.0,0.0,-99.8,-99.8,-99.8,-99.8,-99.8,-99.8,-99.8
2023-06-01 17:00:00,676.3,-99.8,-99.8,14.2,296.0,22.4,300.0,0.0,-99.8,-99.8,-99.8,-99.8,-99.8,-99.8,-99.8
2023-06-01 18:00:00,676.5,-99.8,-99.8,14.6,293.0,23.1,296.0,0.0,-99.8,-99.8,-99.8,-99.8,-99.8,-99.8,-99.8
2023-06-01 19:00:00,676.9,-99.8,-99.8,14.9,298.0,23.0,301.0,0.0,-99.8,-99.8,-99.8,-99.8,-99.8,-99.8,-99.8
2023-06-01 20:00:00,678.2,-99.8,-99.8,12.5,295.0,21.5,301.0,0.0,-99.8,-99.8,-99.8,-99.8,-99.8,-99.8,-99.8
2023-06-01 21:00:00,678.5,-99.8,-99.8,11.1,289.0,19.3,287.0,0.0,-99.8,-99.8,-99.8,-99.8,-99.8,-99.8,-99.8
2023-06-01 22:00:00,678.9,-99.8,-99.8,11.6,292.0,20.1,301.0,0.0,-99.8,-99.8,-99.8,-99.8,-99.8,-99.8,-99.8
2023-06-01 23:00:00,679.1,-99.8,-99.8,12.2,288.0,20.7,298.0,0.0,-99.8,-99.8,-99.8,-99.8,-99.8,-99.8,-99.8
2023-06-02 00:00:00,678.7,-99.8,-99.8,12.7,287.0,19.4,297.0,0.0,-99.8,-99.8,-99.8,-99.8,-99.8,-99.8,-99.8
2023-06-02 01:00:00,-9999.1,-99.8,-99.8,13.3,288.0,21.1,303.0,0.0,-99.8,-99.8,-99.8,-99.8,-99.8,-99.8,-99.8
2023-06-02 02:00:00,-9999.1,-99.8,-99.8,12.6,293.0,21.6,298.0,0.0,-99.8,-99.8,-99.8,-99.8,-99.8,-99.8,-99.8
2023-06-02 03:00:00,-9999.1,-99.8,-99.8,11.5,290.0,19.7,303.0,0.0,-99.8,-99.8,-99.8,-99.8,-99.8,-99.8,-99.8
2023-06-02 04:00:00,-9999.1,-99.8,-99.8,11.4,283.0,19.8,300.0,0.0,-99.8,-99.8,-99.8,-99.8,-99.8,-99.8,-99.8
2023-06-02 05:00:00,-9999.1,-99.8,-99.8,9.3,282.0,15.7,282.0,0.0,-99.8,-99.8,-99.8,-99.8,-99.8,-99.8,-99.8
2023-06-02 06:00:00,-9999.1,-99.8,-99.8,10.0,284.0,14.7,286.0,0.0,-99.8,-99.8,-99.8,-99.8,-99.8,-99.8,-99.8
2023-06-02 07:00:00,-9999.1,-99.8,-99.8,8.9,287.0,15.1,284.0,0.0,-99.8,-99.8,-99.8,-99.8,-99.8,-99.8,-99.8
2023-06-02 08:00:00,-9999.1,-99.8,-99.8,8.2,290.0,14.2,286.0,0.0,-99.8,-99.8,-99.8,-99.8,-99.8,-99.8,-99.8
2023-06-02 09:00:00,-9999.1,-99.8,-99.8,7.4,285.0,12.7,287.0,0.0,-99.8,-99.8,-99.8,-99.8,-99.8,-99.8,-99.8
2023-06-02 10:00:00,-9999.1,-99.8,-99.8,8.9,289.0,14.2,284.0,0.0,-99.8,-99.8,-99.8,-99.8,-99.8,-99.8,-99.8
2023-06-02 11:00:00,-9999.1,-99.8,-99.8,8.2,288.0,12.2,288.0,0.0,-99.8,-99.8,-99.8,-99.8,-99.8,-99.8,-99.8
2023-06-02 12:00:00,-9999.1,-99.8,-99.8,6.2,283.0,11.1,281.0,0.0,-99.8,-99.8,-99.8,-99.8,-99.8,-99.8,-99.8
2023-06-02 13:00:00,-9999.1,-99.8,-99.8,5.3,280.0,11.3,310.0,0.0,-99.8,-99.8,-99.8,-99.8,-99.8,-99.8,-99.8
2023-06-02 14:00:00,-9999.1,-99.8,-99.8,3.8,278.0,9.7,258.0,0.0,-99.8,-99.8,-99.8,-99.8,-99.8,-99.8,-99.8
2023-06-02 15:00:00,-9999.1,-99.8,-99.8,4.9,282.0,9.6,285.0,0.0,-99.8,-99.8,-99.8,-99.8,-99.8,-99.8,-99.8
2023-06-02 16:00:00,-9999.1,-99.8,-99.8,4.5,282.0,9.3,284.0,0.0,-99.8,-99.8,-99.8,-99.8,-99.8,-99.8,-99.8
2023-06-02 17:00:00,-9999.1,-99.8,-99.8,4.2,281.0,9.1,286.0,0.0,-99.8,-99.8,-99.8,-99.8,-99.8,-99.8,-99.8
2023-06-02 18:00:00,-9999.1,-99.8,-99.8,3.2,297.0,7.4,300.0,0.0,-99.8,-99.8,-99.8,-99.8,-99.8,-99.8,-99.8
2023-06-02 19:00:00,-9999.1,-99.8,-99.8,1.6,260.0,6.9,271.0,0.0,-99.8,-99.8,-99.8,-99.8,-99.8,-99.8,-99.8
2023-06-02 20:00:00,-9999.1,-99.8,-99.8,1.6,262.0,3.3,263.0,0.0,-99.8,-99.8,-99.8,-99.8,-99.8,-99.8,-99.8
2023-06-02 21:00:00,-9999.1,-99.8,-99.8,1.8,133.0,3.4,255.0,0.0,-99.8,-99.8,-99.8,-99.8,-99.8,-99.8,-99.8
2023-06-02 22:00:00,-9999.1,-99.8,-99.8,2.7,112.0,3.6,103.0,0.0,-99.8,-99.8,-99.8,-99.8,-99.8,-99.8,-99.8
2023-06-02 23:00:00,-9999.1,-99.8,-99.8,1.0,155.0,4.1,120.0,0.0,-99.8,-99.8,-99.8,-99.8,-99.8,-99.8,-99.8
2023-06-03 00:00:00,-9999.1,-99.8,-99.8,1.4,279.0,3.7,283.0,0.0,-99.8,-99.8,-99.8,-99.8,-99.8,-99.8,-99.8
2023-06-03 01:00:00,-9999.1,-99.8,-99.8,2.0,292.0,3.4,294.0,0.0,-99.8,-99.8,-99.8,-99.8,-99.8,-99.8,-99.8
2023-06-03 02:00:00,-9999.1,-99.8,-99.8,1.0,318.0,4.4,285.0,0.0,-99.8,-99.8,-99.8,-99.8,-99.8,-99.8,-99.8
2023-06-03 03:00:00,-9999.1,-99.8,-99.8,2.4,279.0,4.2,285.0,0.0,-99.8,-99.8,-99.8,-99.8,-99.8,-99.8,-99.8
2023-06-03 04:00:00,-9999.1,-99.8,-99.8,4.4,287.0,6.6,300.0,0.0,-99.8,-99.8,-99.8,-99.8,-99.8,-99.8,-99.8
2023-06-03 05:00:00,-9999.1,-99.8,-99.8,5.5,302.0,6.9,301.0,0.0,-99.8,-99.8,-99.8,-99.8,-99.8,-99.8,-99.8
2023-06-03 06:00:00,-9999.1,-99.8,-99.8,4.7,301.0,7.0,293.0,0.0,-99.8,-99.8,-99.8,-99.8,-99.8,-99.8,-99.8
2023-06-03 07:00:00,-9999.1,-99.8,-99.8,0.9,321.0,5.4,299.0,0.0,-99.8,-99.8,-99.8,-99.8,-99.8,-99.8,-99.8
2023-06-03 08:00:00,-9999.1,-99.8,-99.8,1.2,275.0,2.7,139.0,0.0,-99.8,-99.8,-99.8,-99.8,-99.8,-99.8,-99.8
2023-06-03 09:00:00,-9999.1,-99.8,-99.8,1.3,265.0,2.9,283.0,0.0,-99.8,-99.8,-99.8,-99.8,-99.8,-99.8,-99.8
2023-06-03 10:00:00,-9999.1,-99.8,-99.8,2.1,281.0,3.5,283.0,0.0,-99.8,-99.8,-99.8,-99.8,-99.8,-99.8,-99.8
2023-06-03 11:00:00,-9999.1,-99.8,-99.8,2.6,274.0,4.5,259.0,0.0,-99.8,-99.8,-99.8,-99.8,-99.8,-99.8,-99.8
2023-06-03 12:00:00,-9999.1,-99.8,-99.8,3.3,276.0,5.6,266.0,0.0,-99.8,-99.8,-99.8,-99.8,-99.8,-99.8,-99.8
2023-06-03 13:00:00,-9999.1,-99.8,-99.8,2.2,265.0,6.2,276.0,0.0,-99.8,-99.8,-99.8,-99.8,-99.8,-99.8,-99.8
2023-06-03 14:00:00,-9999.1,-99.8,-99.8,1.4,279.0,4.7,266.0,0.0,-99.8,-99.8,-99.8,-99.8,-99.8,-99.8,-99.8
2023-06-03 15:00:00,-9999.1,-99.8,-99.8,1.3,262.0,3.3,285.0,0.0,-99.8,-99.8,-99.8,-99.8,-99.8,-99.8,-99.8
2023-06-03 16:00:00,-9999.1,-99.8,-99.8,0.3,256.0,4.0,292.0,0.0,-99.8,-99.8,-99.8,-99.8,-99.8,-99.8,-99.8
2023-06-03 17:00:00,-9999.1,-99.8,-99.8,0.5,152.0,2.4,104.0,0.0,-99.8,-99.8,-99.8,-99.8,-99.8,-99.8,-99.8
2023-06-03 18:00:00,-9999.1,-99.8,-99.8,2.0,137.0,3.7,128.0,0.0,-99.8,-99.8,-99.8,-99.8,-99.8,-99.8,-99.8
2023-06-03 19:00:00,-9999.1,-99.8,-99.8,1.1,117.0,3.9,129.0,0.5,-99.8,-99.8,-99.8,-99.8,-99.8,-99.8,-99.8
2023-06-03 20:00:00,-9999.1,-99.8,-99.8,2.9,107.0,3.9,107.0,0.5,-99.8,-99.8,-99.8,-99.8,-99.8,-99.8,-99.8
2023-06-03 21:00:00,-9999.1,-99.8,-99.8,2.4,114.0,3.6,105.0,1.5,-99.8,-99.8,-99.8,-99.8,-99.8,-99.8,-99.8
2023-06-03 22:00:00,-9999.1,-99.8,-99.8,1.7,129.0,4.1,121.0,0.5,-99.8,-99.8,-99.8,-99.8,-99.8,-99.8,-99.8
2023-06-03 23:00:00,-9999.1,-99.8,-99.8,2.0,119.0,3.7,117.0,0.0,-99.8,-99.8,-99.8,-99.8,-99.8,-99.8,-99.8
2023-06-04 00:00:00,-9999.1,-99.8,-99.8,1.8,128.0,3.7,129.0,0.0,-99.8,-99.8,-99.8,-99.8,-99.8,-99.8,-99.8
2023-06-04 01:00:00,-9999.1,-99.8,-99.8,1.9,100.0,3.1,123.0,0.5,-99.8,-99.8,-99.8,-99.8,-99.8,-99.8,-99.8
2023-06-04 02:00:00,-9999.1,-99.8,-99.8,1.6,112.0,2.2,111.0,0.5,-99.8,-99.8,-99.8,-99.8,-99.8,-99.8,-99.8
2023-06-04 03:00:00,-9999.1,-99.8,-99.8,0.8,136.0,2.6,110.0,0.0,-99.8,-99.8,-99.8,-99.8,-99.8,-99.8,-99.8
2023-06-04 04:00:00,-9999.1,-99.8,-99.8,0.8,242.0,3.0,261.0,0.0,-99.8,-99.8,-99.8,-99.8,-99.8,-99.8,-99.8
2023-06-04 05:00:00,-9999.1,-99.8,-99.8,0.4,220.0,2.7,256.0,0.5,-99.8,-99.8,-99.8,-99.8,-99.8,-99.8,-99.8
2023-06-04 06:00:00,-9999.1,-99.8,-99.8,1.4,106.0,2.9,118.0,0.0,-99.8,-99.8,-99.8,-99.8,-99.8,-99.8,-99.8
2023-06-04 07:00:00,-9999.1,-99.8,-99.8,1.9,273.0,3.5,106.0,0.0,-99.8,-99.8,-99.8,-99.8,-99.8,-99.8,-99.8
2023-06-04 08:00:00,-9999.1,-99.8,-99.8,0.5,166.0,2.5,262.0,0.0,-99.8,-99.8,-99.8,-99.8,-99.8,-99.8,-99.8
2023-06-04 09:00:00,-9999.1,-99.8,-99.8,1.2,250.0,3.2,151.0,0.0,-99.8,-99.8,-99.8,-99.8,-99.8,-99.8,-99.8
2023-06-04 10:00:00,-9999.1,-99.8,-99.8,0.3,121.0,3.5,262.0,0.0,-99.8,-99.8,-99.8,-99.8,-99.8,-99.8,-99.8
2023-06-04 11:00:00,-9999.1,-99.8,-99.8,1.2,224.0,3.7,103.0,0.0,-99.8,-99.8,-99.8,-99.8,-99.8,-99.8,-99.8
2023-06-04 12:00:00,-9999.1,-99.8,-99.8,0.9,135.0,2.4,246.0,1.0,-99.8,-99.8,-99.8,-99.8,-99.8,-99.8,-99.8
2023-06-04 13:00:00,-9999.1,-99.8,-99.8,0.6,162.0,3.3,141.0,0.0,-99.8,-99.8,-99.8,-99.8,-99.8,-99.8,-99.8
2023-06-04 14:00:00,-9999.1,-99.8,-99.8,0.6,186.0,2.3,178.0,0.0,-99.8,-99.8,-99.8,-99.8,-99.8,-99.8,-99.8
2023-06-04 15:00:00,-9999.1,-99.8,-99.8,2.1,274.0,3.8,228.0,0.0,-99.8,-99.8,-99.8,-99.8,-99.8,-99.8,-99.8
2023-06-04 16:00:00,-9999.1,-99.8,-99.8,1.9,259.0,5.1,286.0,0.0,-99.8,-99.8,-99.8,-99.8,-99.8,-99.8,-99.8
2023-06-04 17:00:00,-9999.1,-99.8,-99.8,0.4,179.0,5.1,284.0,0.0,-99.8,-99.8,-99.8,-99.8,-99.8,-99.8,-99.8
2023-06-04 18:00:00,-9999.1,-99.8,-99.8,1.5,138.0,2.6,130.0,0.0,-99.8,-99.8,-99.8,-99.8,-99.8,-99.8,-99.8
2023-06-04 19:00:00,-9999.1,-99.8,-99.8,0.5,2.0,4.0,114.0,0.5,-99.8,-99.8,-99.8,-99.8,-99.8,-99.8,-99.8
2023-06-04 20:00:00,-9999.1,-99.8,-99.8,2.9,90.0,4.9,101.0,0.0,-99.8,-99.8,-99.8,-99.8,-99.8,-99.8,-99.8
2023-06-04 21:00:00,-9999.1,-99.8,-99.8,2.1,112.0,3.8,110.0,0.0,-99.8,-99.8,-99.8,-99.8,-99.8,-99.8,-99.8
2023-06-04 22:00:00,-9999.1,-99.8,-99.8,0.9,105.0,3.3,112.0,0.0,-99.8,-99.8,-99.8,-99.8,-99.8,-99.8,-99.8
2023-06-04 23:00:00,-9999.1,-99.8,-99.8,1.9,116.0,3.0,304.0,0.0,-99.8,-99.8,-99.8,-99.8,-99.8,-99.8,-99.8
2023-06-05 00:00:00,-9999.1,-99.8,-99.8,3.3,124.0,4.1,137.0,0.0,-99.8,-99.8,-99.8,-99.8,-99.8,-99.8,-99.8
2023-06-05 01:00:00,-9999.1,-99.8,-99.8,2.4,119.0,5.8,119.0,0.0,-99.8,-99.8,-99.8,-99.8,-99.8,-99.8,-99.8
2023-06-05 02:00:00,-9999.1,-99.8,-99.8,3.6,122.0,5.6,118.0,0.0,-99.8,-99.8,-99.8,-99.8,-99.8,-99.8,-99.8
2023-06-05 03:00:00,-9999.1,-99.8,-99.8,2.2,135.0,6.4,110.0,0.0,-99.8,-99.8,-99.8,-99.8,-99.8,-99.8,-99.8
2023-06-05 04:00:00,-9999.1,-99.8,-99.8,2.7,113.0,3.9,101.0,0.0,-99.8,-99.8,-99.8,-99.8,-99.8,-99.8,-99.8
2023-06-05 05:00:00,-9999.1,-99.8,-99.8,1.9,184.0,5.9,130.0,0.0,-99.8,-99.8,-99.8,-99.8,-99.8,-99.8,-99.8
2023-06-05 06:00:00,-9999.1,-99.8,-99.8,3.1,126.0,5.4,110.0,0.0,-99.8,-99.8,-99.8,-99.8,-99.8,-99.8,-99.8
2023-06-05 07:00:00,-9999.1,-99.8,-99.8,1.8,117.0,5.5,130.0,-999.6,-99.8,-99.8,-99.8,-99.8,-99.8,-99.8,-99.8
2023-06-05 08:00:00,-9999.1,-99.8,-99.8,2.6,119.0,5.2,123.0,0.0,-99.8,-99.8,-99.8,-99.8,-99.8,-99.8,-99.8
2023-06-05 09:00:00,-9999.1,-99.8,-99.8,1.6,133.0,5.0,153.0,0.0,-99.8,-99.8,-99.8,-99.8,-99.8,-99.8,-99.8
2023-06-05 10:00:00,-9999.1,-99.8,-99.8,1.0,149.0,4.3,151.0,0.5,-99.8,-99.8,-99.8,-99.8,-99.8,-99.8,-99.8
2023-06-05 11:00:00,-9999.1,-99.8,-99.8,1.6,205.0,4.4,227.0,0.0,-99.8,-99.8,-99.8,-99.8,-99.8,-99.8,-99.8
2023-06-05 12:00:00,-9999.1,-99.8,-99.8,0.9,195.0,3.1,224.0,0.0,-99.8,-99.8,-99.8,-99.8,-99.8,-99.8,-99.8
2023-06-05 13:00:00,-9999.1,-99.8,-99.8,1.2,192.0,4.0,149.0,0.0,-99.8,-99.8,-99.8,-99.8,-99.8,-99.8,-99.8
2023-06-05 14:00:00,-9999.1,-99.8,-99.8,1.0,169.0,3.6,97.0,0.0,-99.8,-99.8,-99.8,-99.8,-99.8,-99.8,-99.8
2023-06-05 15:00:00,-9999.1,-99.8,-99.8,0.9,199.0,3.3,120.0,0.0,-99.8,-99.8,-99.8,-99.8,-99.8,-99.8,-99.8
2023-06-05 16:00:00,-9999.1,-99.8,-99.8,1.0,142.0,3.5,117.0,0.0,-99.8,-99.8,-99.8,-99.8,-99.8,-99.8,-99.8
2023-06-05 17:00:00,-9999.1,-99.8,-99.8,1.3,258.0,4.8,95.0,0.0,-99.8,-99.8,-99.8,-99.8,-99.8,-99.8,-99.8
2023-06-05 18:00:00,-9999.1,-99.8,-99.8,2.4,121.0,3.9,274.0,0.0,-99.8,-99.8,-99.8,-99.8,-99.8,-99.8,-99.8
2023-06-05 19:00:00,-9999.1,-99.8,-99.8,1.7,302.0,4.1,102.0,0.0,-99.8,-99.8,-99.8,-99.8,-99.8,-99.8,-99.8
2023-06-05 20:00:00,-9999.1,-99.8,-99.8,2.1,292.0,4.8,288.0,0.0,-99.8,-99.8,-99.8,-99.8,-99.8,-99.8,-99.8
2023-06-05 21:00:00,-9999.1,-99.8,-99.8,2.7,294.0,4.3,297.0,0.0,-99.8,-99.8,-99.8,-99.8,-99.8,-99.8,-99.8
2023-06-05 22:00:00,-9999.1,-99.8,-99.8,0.9,85.0,3.6,301.0,0.0,-99.8,-99.8,-99.8,-99.8,-99.8,-99.8,-99.8
2023-06-05 23:00:00,-9999.1,-99.8,-99.8,0.7,155.0,4.4,97.0,7.0,-99.8,-99.8,-99.8,-99.8,-99.8,-99.8,-99.8
2023-06-06 00:00:00,-9999.1,-99.8,-99.8,3.1,286.0,5.6,262.0,8.0,-99.8,-99.8,-99.8,-99.8,-99.8,-99.8,-99.8
2023-06-06 01:00:00,-9999.1,-99.8,-99.8,3.6,283.0,6.9,290.0,0.0,-99.8,-99.8,-99.8,-99.8,-99.8,-99.8,-99.8
2023-06-06 02:00:00,-9999.1,-99.8,-99.8,3.6,284.0,6.3,289.0,0.0,-99.8,-99.8,-99.8,-99.8,-99.8,-99.8,-99.8
2023-06-06 03:00:00,-9999.1,-99.8,-99.8,3.8,282.0,5.4,265.0,0.5,-99.8,-99.8,-99.8,-99.8,-99.8,-99.8,-99.8
2023-06-06 04:00:00,-9999.1,-99.8,-99.8,1.8,263.0,5.8,284.0,0.0,-99.8,-99.8,-99.8,-99.8,-99.8,-99.8,-99.8
2023-06-06 05:00:00,-9999.1,-99.8,-99.8,3.1,269.0,4.9,290.0,0.0,-99.8,-99.8,-99.8,-99.8,-99.8,-99.8,-99.8
2023-06-06 06:00:00,-9999.1,-99.8,-99.8,2.9,270.0,5.2,290.0,0.0,-99.8,-99.8,-99.8,-99.8,-99.8,-99.8,-99.8
2023-06-06 07:00:00,-9999.1,-99.8,-99.8,1.2,266.0,3.8,258.0,0.0,-99.8,-99.8,-99.8,-99.8,-99.8,-99.8,-99.8
2023-06-06 08:00:00,-9999.1,-99.8,-99.8,1.2,274.0,2.4,282.0,0.0,-99.8,-99.8,-99.8,-99.8,-99.8,-99.8,-99.8
2023-06-06 09:00:00,-9999.1,-99.8,-99.8,1.3,260.0,2.6,278.0,0.0,-99.8,-99.8,-99.8,-99.8,-99.8,-99.8,-99.8
2023-06-06 10:00:00,-9999.1,-99.8,-99.8,3.0,277.0,5.1,289.0,0.0,-99.8,-99.8,-99.8,-99.8,-99.8,-99.8,-99.8
2023-06-06 11:00:00,-9999.1,-99.8,-99.8,3.0,276.0,5.1,283.0,0.0,-99.8,-99.8,-99.8,-99.8,-99.8,-99.8,-99.8
2023-06-06 12:00:00,-9999.1,-99.8,-99.8,3.3,278.0,6.9,290.0,0.0,-99.8,-99.8,-99.8,-99.8,-99.8,-99.8,-99.8
2023-06-06 13:00:00,-9999.1,-99.8,-99.8,3.9,279.0,7.1,282.0,0.0,-99.8,-99.8,-99.8,-99.8,-99.8,-99.8,-99.8
2023-06-06 14:00:00,-9999.1,-99.8,-99.8,3.5,278.0,7.2,281.0,0.0,-99.8,-99.8,-99.8,-99.8,-99.8,-99.8,-99.8
2023-06-06 15:00:00,-9999.1,-99.8,-99.8,3.5,274.0,7.4,292.0,0.0,-99.8,-99.8,-99.8,-99.8,-99.8,-99.8,-99.8
2023-06-06 16:00:00,-9999.1,-99.8,-99.8,2.8,273.0,7.2,284.0,0.0,-99.8,-99.8,-99.8,-99.8,-99.8,-99.8,-99.8
2023-06-06 17:00:00,-9999.1,-99.8,-99.8,2.5,272.0,5.8,245.0,0.0,-99.8,-99.8,-99.8,-99.8,-99.8,-99.8,-99.8
2023-06-06 18:00:00,-9999.1,-99.8,-99.8,2.2,285.0,4.3,285.0,0.0,-99.8,-99.8,-99.8,-99.8,-99.8,-99.8,-99.8
2023-06-06 19:00:00,-9999.1,-99.8,-99.8,2.1,279.0,7.1,285.0,0.0,-99.8,-99.8,-99.8,-99.8,-99.8,-99.8,-99.8
2023-06-06 20:00:00,-9999.1,-99.8,-99.8,2.1,283.0,5.3,292.0,0.0,-99.8,-99.8,-99.8,-99.8,-99.8,-99.8,-99.8
2023-06-06 21:00:00,-9999.1,-99.8,-99.8,3.7,279.0,8.4,304.0,7.5,-99.8,-99.8,-99.8,-99.8,-99.8,-99.8,-99.8
2023-06-06 22:00:00,-9999.1,-99.8,-99.8,4.0,295.0,6.4,284.0,1.5,-99.8,-99.8,-99.8,-99.8,-99.8,-99.8,-99.8
2023-06-06 23:00:00,-9999.1,-99.8,-99.8,1.7,265.0,5.9,302.0,4.0,-99.8,-99.8,-99.8,-99.8,-99.8,-99.8,-99.8
2023-06-07 00:00:00,-9999.1,-99.8,-99.8,2.1,274.0,3.7,295.0,1.0,-99.8,-99.8,-99.8,-99.8,-99.8,-99.8,-99.8
2023-06-07 01:00:00,-9999.1,-99.8,-99.8,2.1,262.0,3.3,256.0,1.0,-99.8,-99.8,-99.8,-99.8,-99.8,-99.8,-99.8
2023-06-07 02:00:00,-9999.1,-99.8,-99.8,2.3,264.0,4.0,259.0,0.0,-99.8,-99.8,-99.8,-99.8,-99.8,-99.8,-99.8
2023-06-07 03:00:00,-9999.1,-99.8,-99.8,2.8,268.0,4.7,261.0,0.0,-99.8,-99.8,-99.8,-99.8,-99.8,-99.8,-99.8
2023-06-07 04:00:00,-9999.1,-99.8,-99.8,3.0,276.0,5.9,244.0,0.0,-99.8,-99.8,-99.8,-99.8,-99.8,-99.8,-99.8
2023-06-07 05:00:00,-9999.1,-99.8,-99.8,3.4,278.0,6.3,284.0,0.0,-99.8,-99.8,-99.8,-99.8,-99.8,-99.8,-99.8
2023-06-07 06:00:00,-9999.1,-99.8,-99.8,3.9,285.0,6.0,286.0,0.0,-99.8,-99.8,-99.8,-99.8,-99.8,-99.8,-99.8
2023-06-07 07:00:00,-9999.1,-99.8,-99.8,5.1,285.0,6.9,287.0,0.0,-99.8,-99.8,-99.8,-99.8,-99.8,-99.8,-99.8
2023-06-07 08:00:00,-9999.1,-99.8,-99.8,5.5,288.0,8.3,295.0,0.0,-99.8,-99.8,-99.8,-99.8,-99.8,-99.8,-99.8
2023-06-07 09:00:00,-9999.1,-99.8,-99.8,4.8,284.0,8.5,288.0,0.0,-99.8,-99.8,-99.8,-99.8,-99.8,-99.8,-99.8
2023-06-07 10:00:00,-9999.1,-99.8,-99.8,4.2,289.0,7.7,292.0,0.0,-99.8,-99.8,-99.8,-99.8,-99.8,-99.8,-99.8
2023-06-07 11:00:00,-9999.1,-99.8,-99.8,3.9,283.0,6.8,288.0,0.0,-99.8,-99.8,-99.8,-99.8,-99.8,-99.8,-99.8
2023-06-07 12:00:00,-9999.1,-99.8,-99.8,3.2,274.0,7.8,284.0,0.0,-99.8,-99.8,-99.8,-99.8,-99.8,-99.8,-99.8
2023-06-07 13:00:00,-9999.1,-99.8,-99.8,3.1,275.0,6.8,290.0,0.0,-99.8,-99.8,-99.8,-99.8,-99.8,-99.8,-99.8
2023-06-07 14:00:00,-9999.1,-99.8,-99.8,3.5,278.0,7.7,287.0,0.0,-99.8,-99.8,-99.8,-99.8,-99.8,-99.8,-99.8
2023-06-07 15:00:00,-9999.1,-99.8,-99.8,2.8,284.0,7.2,282.0,0.0,-99.8,-99.8,-99.8,-99.8,-99.8,-99.8,-99.8
2023-06-07 16:00:00,-9999.1,-99.8,-99.8,1.6,257.0,6.2,288.0,0.0,-99.8,-99.8,-99.8,-99.8,-99.8,-99.8,-99.8
2023-06-07 17:00:00,-9999.1,-99.8,-99.8,1.8,276.0,6.0,285.0,0.0,-99.8,-99.8,-99.8,-99.8,-99.8,-99.8,-99.8
2023-06-07 18:00:00,-9999.1,-99.8,-99.8,0.4,240.0,3.1,265.0,0.0,-99.8,-99.8,-99.8,-99.8,-99.8,-99.8,-99.8
2023-06-07 19:00:00,-9999.1,-99.8,-99.8,1.9,264.0,3.9,261.0,0.0,-99.8,-99.8,-99.8,-99.8,-99.8,-99.8,-99.8
2023-06-07 20:00:00,-9999.1,-99.8,-99.8,1.5,119.0,3.7,123.0,1.0,-99.8,-99.8,-99.8,-99.8,-99.8,-99.8,-99.8
2023-06-07 21:00:00,-9999.1,-99.8,-99.8,3.1,122.0,5.0,131.0,0.5,-99.8,-99.8,-99.8,-99.8,-99.8,-99.8,-99.8
2023-06-07 22:00:00,-9999.1,-99.8,-99.8,4.8,125.0,9.0,125.0,0.0,-99.8,-99.8,-99.8,-99.8,-99.8,-99.8,-99.8
2023-06-07 23:00:00,-9999.1,-99.8,-99.8,4.4,133.0,6.8,119.0,0.5,-99.8,-99.8,-99.8,-99.8,-99.8,-99.8,-99.8
2023-06-08 00:00:00,-9999.1,-99.8,-99.8,4.4,131.0,6.1,129.0,4.0,-99.8,-99.8,-99.8,-99.8,-99.8,-99.8,-99.8
2023-06-08 01:00:00,-9999.1,-99.8,-99.8,3.7,269.0,6.9,95.0,5.5,-99.8,-99.8,-99.8,-99.8,-99.8,-99.8,-99.8
2023-06-08 02:00:00,-9999.1,-99.8,-99.8,3.7,295.0,9.8,254.0,3.0,-99.8,-99.8,-99.8,-99.8,-99.8,-99.8,-99.8
2023-06-08 03:00:00,-9999.1,-99.8,-99.8,1.9,228.0,5.2,301.0,0.0,-99.8,-99.8,-99.8,-99.8,-99.8,-99.8,-99.8
2023-06-08 04:00:00,-9999.1,-99.8,-99.8,3.6,262.0,6.0,263.0,0.0,-99.8,-99.8,-99.8,-99.8,-99.8,-99.8,-99.8
2023-06-08 05:00:00,-9999.1,-99.8,-99.8,3.1,257.0,6.2,259.0,0.0,-99.8,-99.8,-99.8,-99.8,-99.8,-99.8,-99.8
2023-06-08 06:00:00,-9999.1,-99.8,-99.8,3.3,264.0,6.3,254.0,0.0,-99.8,-99.8,-99.8,-99.8,-99.8,-99.8,-99.8
2023-06-08 07:00:00,-9999.1,-99.8,-99.8,3.2,274.0,5.9,292.0,0.0,-99.8,-99.8,-99.8,-99.8,-99.8,-99.8,-99.8
2023-06-08 08:00:00,-9999.1,-99.8,-99.8,2.2,257.0,5.9,261.0,0.0,-99.8,-99.8,-99.8,-99.8,-99.8,-99.8,-99.8
2023-06-08 09:00:00,-9999.1,-99.8,-99.8,3.0,252.0,5.5,248.0,0.0,-99.8,-99.8,-99.8,-99.8,-99.8,-99.8,-99.8
2023-06-08 10:00:00,-9999.1,-99.8,-99.8,2.6,278.0,6.8,250.0,0.0,-99.8,-99.8,-99.8,-99.8,-99.8,-99.8,-99.8
2023-06-08 11:00:00,-9999.1,-99.8,-99.8,3.6,286.0,6.9,284.0,0.0,-99.8,-99.8,-99.8,-99.8,-99.8,-99.8,-99.8
2023-06-08 12:00:00,-9999.1,-99.8,-99.8,4.8,288.0,7.2,288.0,0.0,-99.8,-99.8,-99.8,-99.8,-99.8,-99.8,-99.8
2023-06-08 13:00:00,-9999.1,-99.8,-99.8,5.1,283.0,9.2,291.0,0.0,-99.8,-99.8,-99.8,-99.8,-99.8,-99.8,-99.8
2023-06-08 14:00:00,-9999.1,-99.8,-99.8,5.5,291.0,10.1,296.0,0.0,-99.8,-99.8,-99.8,-99.8,-99.8,-99.8,-99.8
2023-06-08 15:00:00,-9999.1,-99.8,-99.8,6.5,288.0,12.0,282.0,0.0,-99.8,-99.8,-99.8,-99.8,-99.8,-99.8,-99.8
2023-06-08 16:00:00,-9999.1,-99.8,-99.8,5.0,288.0,10.1,295.0,0.0,-99.8,-99.8,-99.8,-99.8,-99.8,-99.8,-99.8
2023-06-08 17:00:00,-9999.1,-99.8,-99.8,2.5,278.0,9.1,295.0,0.0,-99.8,-99.8,-99.8,-99.8,-99.8,-99.8,-99.8
2023-06-08 18:00:00,-9999.1,-99.8,-99.8,3.1,279.0,7.5,289.0,0.0,-99.8,-99.8,-99.8,-99.8,-99.8,-99.8,-99.8
2023-06-08 19:00:00,-9999.1,-99.8,-99.8,1.4,133.0,4.8,299.0,0.0,-99.8,-99.8,-99.8,-99.8,-99.8,-99.8,-99.8
2023-06-08 20:00:00,-9999.1,-99.8,-99.8,2.2,281.0,4.0,256.0,0.0,-99.8,-99.8,-99.8,-99.8,-99.8,-99.8,-99.8
2023-06-08 21:00:00,-9999.1,-99.8,-99.8,3.7,292.0,5.2,291.0,0.0,-99.8,-99.8,-99.8,-99.8,-99.8,-99.8,-99.8
2023-06-08 22:00:00,-9999.1,-99.8,-99.8,4.3,284.0,6.0,290.0,0.0,-99.8,-99.8,-99.8,-99.8,-99.8,-99.8,-99.8
2023-06-08 23:00:00,-9999.1,-99.8,-99.8,2.3,271.0,5.8,287.0,0.5,-99.8,-99.8,-99.8,-99.8,-99.8,-99.8,-99.8
2023-06-09 00:00:00,-9999.1,-99.8,-99.8,3.4,286.0,5.1,287.0,0.0,-99.8,-99.8,-99.8,-99.8,-99.8,-99.8,-99.8
2023-06-09 01:00:00,-9999.1,-99.8,-99.8,2.6,274.0,4.7,259.0,0.5,-99.8,-99.8,-99.8,-99.8,-99.8,-99.8,-99.8
2023-06-09 02:00:00,-9999.1,-99.8,-99.8,3.3,282.0,6.2,257.0,0.0,-99.8,-99.8,-99.8,-99.8,-99.8,-99.8,-99.8
2023-06-09 03:00:00,-9999.1,-99.8,-99.8,3.0,278.0,5.6,264.0,0.0,-99.8,-99.8,-99.8,-99.8,-99.8,-99.8,-99.8
2023-06-09 04:00:00,-9999.1,-99.8,-99.8,2.4,276.0,4.8,238.0,0.0,-99.8,-99.8,-99.8,-99.8,-99.8,-99.8,-99.8
2023-06-09 05:00:00,-9999.1,-99.8,-99.8,2.7,282.0,6.7,260.0,0.0,-99.8,-99.8,-99.8,-99.8,-99.8,-99.8,-99.8
2023-06-09 06:00:00,-9999.1,-99.8,-99.8,5.3,288.0,6.5,290.0,0.0,-99.8,-99.8,-99.8,-99.8,-99.8,-99.8,-99.8
2023-06-09 07:00:00,-9999.1,-99.8,-99.8,3.3,280.0,6.7,287.0,0.0,-99.8,-99.8,-99.8,-99.8,-99.8,-99.8,-99.8
2023-06-09 08:00:00,-9999.1,-99.8,-99.8,3.0,269.0,7.5,285.0,0.0,-99.8,-99.8,-99.8,-99.8,-99.8,-99.8,-99.8
2023-06-09 09:00:00,-9999.1,-99.8,-99.8,4.1,282.0,7.4,290.0,0.0,-99.8,-99.8,-99.8,-99.8,-99.8,-99.8,-99.8
2023-06-09 10:00:00,-9999.1,-99.8,-99.8,4.5,281.0,9.3,291.0,0.0,-99.8,-99.8,-99.8,-99.8,-99.8,-99.8,-99.8
2023-06-09 11:00:00,-9999.1,-99.8,-99.8,4.4,285.0,7.6,292.0,0.0,-99.8,-99.8,-99.8,-99.8,-99.8,-99.8,-99.8
2023-06-09 12:00:00,-9999.1,-99.8,-99.8,4.2,284.0,7.3,289.0,0.0,-99.8,-99.8,-99.8,-99.8,-99.8,-99.8,-99.8
2023-06-09 13:00:00,-9999.1,-99.8,-99.8,4.4,278.0,9.4,286.0,0.0,-99.8,-99.8,-99.8,-99.8,-99.8,-99.8,-99.8
2023-06-09 14:00:00,-9999.1,-99.8,-99.8,4.6,282.0,7.5,287.0,0.0,-99.8,-99.8,-99.8,-99.8,-99.8,-99.8,-99.8
2023-06-09 15:00:00,-9999.1,-99.8,-99.8,5.2,290.0,7.7,285.0,0.0,-99.8,-99.8,-99.8,-99.8,-99.8,-99.8,-99.8
2023-06-09 16:00:00,-9999.1,-99.8,-99.8,5.8,286.0,8.6,286.0,0.0,-99.8,-99.8,-99.8,-99.8,-99.8,-99.8,-99.8
2023-06-09 17:00:00,-9999.1,-99.8,-99.8,4.6,284.0,9.2,302.0,0.0,-99.8,-99.8,-99.8,-99.8,-99.8,-99.8,-99.8
2023-06-09 18:00:00,-9999.1,-99.8,-99.8,6.3,280.0,9.4,285.0,0.0,-99.8,-99.8,-99.8,-99.8,-99.8,-99.8,-99.8
2023-06-09 19:00:00,-9999.1,-99.8,-99.8,4.6,280.0,10.8,285.0,0.0,-99.8,-99.8,-99.8,-99.8,-99.8,-99.8,-99.8
2023-06-09 20:00:00,-9999.1,-99.8,-99.8,2.8,278.0,6.7,253.0,0.0,-99.8,-99.8,-99.8,-99.8,-99.8,-99.8,-99.8
2023-06-09 21:00:00,-9999.1,-99.8,-99.8,2.7,277.0,4.9,258.0,0.0,-99.8,-99.8,-99.8,-99.8,-99.8,-99.8,-99.8
2023-06-09 22:00:00,-9999.1,-99.8,-99.8,4.8,287.0,7.1,287.0,0.5,-99.8,-99.8,-99.8,-99.8,-99.8,-99.8,-99.8
2023-06-09 23:00:00,-9999.1,-99.8,-99.8,3.1,277.0,5.9,284.0,0.0,-99.8,-99.8,-99.8,-99.8,-99.8,-99.8,-99.8
2023-06-10 00:00:00,-9999.1,-99.8,-99.8,3.4,282.0,5.5,287.0,0.0,-99.8,-99.8,-99.8,-99.8,-99.8,-99.8,-99.8
2023-06-10 01:00:00,-9999.1,-99.8,-99.8,3.0,281.0,4.6,286.0,0.0,-99.8,-99.8,-99.8,-99.8,-99.8,-99.8,-99.8
2023-06-10 02:00:00,-9999.1,-99.8,-99.8,2.1,290.0,3.9,262.0,0.0,-99.8,-99.8,-99.8,-99.8,-99.8,-99.8,-99.8
2023-06-10 03:00:00,-9999.1,-99.8,-99.8,2.1,269.0,4.0,256.0,0.0,-99.8,-99.8,-99.8,-99.8,-99.8,-99.8,-99.8
2023-06-10 04:00:00,-9999.1,-99.8,-99.8,6.3,290.0,8.3,286.0,0.0,-99.8,-99.8,-99.8,-99.8,-99.8,-99.8,-99.8
2023-06-10 05:00:00,-9999.1,-99.8,-99.8,8.3,292.0,11.0,291.0,0.0,-99.8,-99.8,-99.8,-99.8,-99.8,-99.8,-99.8
2023-06-10 06:00:00,-9999.1,-99.8,-99.8,6.6,280.0,11.4,285.0,0.0,-99.8,-99.8,-99.8,-99.8,-99.8,-99.8,-99.8
2023-06-10 07:00:00,-9999.1,-99.8,-99.8,7.3,283.0,12.7,285.0,0.0,-99.8,-99.8,-99.8,-99.8,-99.8,-99.8,-99.8
2023-06-10 08:00:00,-9999.1,-99.8,-99.8,5.7,285.0,11.5,289.0,0.0,-99.8,-99.8,-99.8,-99.8,-99.8,-99.8,-99.8
2023-06-10 09:00:00,-9999.1,-99.8,-99.8,4.9,281.0,9.3,287.0,0.0,-99.8,-99.8,-99.8,-99.8,-99.8,-99.8,-99.8
2023-06-10 10:00:00,-9999.1,-99.8,-99.8,4.3,278.0,8.9,294.0,0.0,-99.8,-99.8,-99.8,-99.8,-99.8,-99.8,-99.8
2023-06-10 11:00:00,-9999.1,-99.8,-99.8,5.3,281.0,10.4,290.0,0.0,-99.8,-99.8,-99.8,-99.8,-99.8,-99.8,-99.8
2023-06-10 12:00:00,-9999.1,-99.8,-99.8,4.8,278.0,9.4,286.0,0.0,-99.8,-99.8,-99.8,-99.8,-99.8,-99.8,-99.8
2023-06-10 13:00:00,-9999.1,-99.8,-99.8,5.1,274.0,10.2,282.0,0.0,-99.8,-99.8,-99.8,-99.8,-99.8,-99.8,-99.8
2023-06-10 14:00:00,-9999.1,-99.8,-99.8,3.4,273.0,8.9,283.0,0.0,-99.8,-99.8,-99.8,-99.8,-99.8,-99.8,-99.8
2023-06-10 15:00:00,-9999.1,-99.8,-99.8,4.0,277.0,7.3,281.0,0.0,-99.8,-99.8,-99.8,-99.8,-99.8,-99.8,-99.8
2023-06-10 16:00:00,-9999.1,-99.8,-99.8,6.0,288.0,9.5,308.0,0.0,-99.8,-99.8,-99.8,-99.8,-99.8,-99.8,-99.8
2023-06-10 17:00:00,-9999.1,-99.8,-99.8,4.3,277.0,8.9,288.0,0.0,-99.8,-99.8,-99.8,-99.8,-99.8,-99.8,-99.8
2023-06-10 18:00:00,-9999.1,-99.8,-99.8,5.6,279.0,9.0,279.0,3.0,-99.8,-99.8,-99.8,-99.8,-99.8,-99.8,-99.8
2023-06-10 19:00:00,-9999.1,-99.8,-99.8,5.6,277.0,9.8,283.0,3.0,-99.8,-99.8,-99.8,-99.8,-99.8,-99.8,-99.8
2023-06-10 20:00:00,-9999.1,-99.8,-99.8,5.7,275.0,10.3,261.0,1.0,-99.8,-99.8,-99.8,-99.8,-99.8,-99.8,-99.8
2023-06-10 21:00:00,-9999.1,-99.8,-99.8,5.2,276.0,10.9,292.0,1.0,-99.8,-99.8,-99.8,-99.8,-99.8,-99.8,-99.8
2023-06-10 22:00:00,-9999.1,-99.8,-99.8,6.6,283.0,10.9,297.0,0.0,-99.8,-99.8,-99.8,-99.8,-99.8,-99.8,-99.8
2023-06-10 23:00:00,-9999.1,-99.8,-99.8,6.0,285.0,8.6,260.0,0.0,-99.8,-99.8,-99.8,-99.8,-99.8,-99.8,-99.8
2023-06-11 00:00:00,-9999.1,-99.8,-99.8,4.4,283.0,9.1,269.0,0.0,-99.8,-99.8,-99.8,-99.8,-99.8,-99.8,-99.8
2023-06-11 01:00:00,-9999.1,-99.8,-99.8,4.6,276.0,8.3,258.0,0.0,-99.8,-99.8,-99.8,-99.8,-99.8,-99.8,-99.8
2023-06-11 02:00:00,-9999.1,-99.8,-99.8,5.4,275.0,9.1,269.0,0.0,-99.8,-99.8,-99.8,-99.8,-99.8,-99.8,-99.8
2023-06-11 03:00:00,-9999.1,-99.8,-99.8,5.2,273.0,10.2,258.0,0.0,-99.8,-99.8,-99.8,-99.8,-99.8,-99.8,-99.8
2023-06-11 04:00:00,-9999.1,-99.8,-99.8,4.3,272.0,9.0,287.0,0.0,-99.8,-99.8,-99.8,-99.8,-99.8,-99.8,-99.8
2023-06-11 05:00:00,-9999.1,-99.8,-99.8,4.8,272.0,9.5,284.0,0.0,-99.8,-99.8,-99.8,-99.8,-99.8,-99.8,-99.8
2023-06-11 06:00:00,-9999.1,-99.8,-99.8,6.2,284.0,8.3,263.0,0.0,-99.8,-99.8,-99.8,-99.8,-99.8,-99.8,-99.8
2023-06-11 07:00:00,-9999.1,-99.8,-99.8,4.4,274.0,8.8,260.0,0.0,-99.8,-99.8,-99.8,-99.8,-99.8,-99.8,-99.8
2023-06-11 08:00:00,-9999.1,-99.8,-99.8,3.8,268.0,8.1,273.0,0.0,-99.8,-99.8,-99.8,-99.8,-99.8,-99.8,-99.8
2023-06-11 09:00:00,-9999.1,-99.8,-99.8,4.7,283.0,8.6,288.0,0.0,-99.8,-99.8,-99.8,-99.8,-99.8,-99.8,-99.8
2023-06-11 10:00:00,-9999.1,-99.8,-99.8,3.7,275.0,7.6,286.0,0.0,-99.8,-99.8,-99.8,-99.8,-99.8,-99.8,-99.8
2023-06-11 11:00:00,-9999.1,-99.8,-99.8,3.7,274.0,8.2,288.0,0.0,-99.8,-99.8,-99.8,-99.8,-99.8,-99.8,-99.8
2023-06-11 12:00:00,-9999.1,-99.8,-99.8,3.6,271.0,7.7,258.0,0.0,-99.8,-99.8,-99.8,-99.8,-99.8,-99.8,-99.8
2023-06-11 13:00:00,-9999.1,-99.8,-99.8,3.5,277.0,8.3,256.0,0.0,-99.8,-99.8,-99.8,-99.8,-99.8,-99.8,-99.8
2023-06-11 14:00:00,-9999.1,-99.8,-99.8,4.1,271.0,9.5,289.0,0.5,-99.8,-99.8,-99.8,-99.8,-99.8,-99.8,-99.8
2023-06-11 15:00:00,-9999.1,-99.8,-99.8,4.2,265.0,9.6,268.0,3.0,-99.8,-99.8,-99.8,-99.8,-99.8,-99.8,-99.8
2023-06-11 16:00:00,-9999.1,-99.8,-99.8,5.0,268.0,13.0,259.0,1.5,-99.8,-99.8,-99.8,-99.8,-99.8,-99.8,-99.8
2023-06-11 17:00:00,-9999.1,-99.8,-99.8,5.0,276.0,13.2,262.0,0.5,-99.8,-99.8,-99.8,-99.8,-99.8,-99.8,-99.8
2023-06-11 18:00:00,-9999.1,-99.8,-99.8,4.9,273.0,10.2,268.0,0.0,-99.8,-99.8,-99.8,-99.8,-99.8,-99.8,-99.8
2023-06-11 19:00:00,-9999.1,-99.8,-99.8,5.3,278.0,10.2,282.0,0.0,-99.8,-99.8,-99.8,-99.8,-99.8,-99.8,-99.8
2023-06-11 20:00:00,-9999.1,-99.8,-99.8,4.0,266.0,8.3,259.0,0.5,-99.8,-99.8,-99.8,-99.8,-99.8,-99.8,-99.8
2023-06-11 21:00:00,-9999.1,-99.8,-99.8,3.2,273.0,7.0,269.0,0.0,-99.8,-99.8,-99.8,-99.8,-99.8,-99.8,-99.8
2023-06-11 22:00:00,-9999.1,-99.8,-99.8,3.5,266.0,6.8,258.0,0.0,-99.8,-99.8,-99.8,-99.8,-99.8,-99.8,-99.8
2023-06-11 23:00:00,-9999.1,-99.8,-99.8,4.4,267.0,8.0,243.0,0.0,-99.8,-99.8,-99.8,-99.8,-99.8,-99.8,-99.8
2023-06-12 00:00:00,-9999.1,-99.8,-99.8,4.2,263.0,8.0,250.0,0.0,-99.8,-99.8,-99.8,-99.8,-99.8,-99.8,-99.8
2023-06-12 01:00:00,-9999.1,-99.8,-99.8,4.6,266.0,9.6,247.0,0.0,-99.8,-99.8,-99.8,-99.8,-99.8,-99.8,-99.8
2023-06-12 02:00:00,-9999.1,-99.8,-99.8,4.7,268.0,8.4,264.0,0.0,-99.8,-99.8,-99.8,-99.8,-99.8,-99.8,-99.8
2023-06-12 03:00:00,-9999.1,-99.8,-99.8,5.1,271.0,10.2,258.0,0.0,-99.8,-99.8,-99.8,-99.8,-99.8,-99.8,-99.8
2023-06-12 04:00:00,-9999.1,-99.8,-99.8,4.0,262.0,9.5,256.0,0.0,-99.8,-99.8,-99.8,-99.8,-99.8,-99.8,-99.8
2023-06-12 05:00:00,-9999.1,-99.8,-99.8,4.7,271.0,9.5,255.0,0.0,-99.8,-99.8,-99.8,-99.8,-99.8,-99.8,-99.8
2023-06-12 06:00:00,-9999.1,-99.8,-99.8,3.7,272.0,8.6,256.0,0.0,-99.8,-99.8,-99.8,-99.8,-99.8,-99.8,-99.8
2023-06-12 07:00:00,-9999.1,-99.8,-99.8,2.5,254.0,7.2,248.0,0.0,-99.8,-99.8,-99.8,-99.8,-99.8,-99.8,-99.8
2023-06-12 08:00:00,-9999.1,-99.8,-99.8,2.1,233.0,7.2,259.0,0.0,-99.8,-99.8,-99.8,-99.8,-99.8,-99.8,-99.8
2023-06-12 09:00:00,-9999.1,-99.8,-99.8,2.8,265.0,6.4,282.0,0.0,-99.8,-99.8,-99.8,-99.8,-99.8,-99.8,-99.8
2023-06-12 10:00:00,-9999.1,-99.8,-99.8,3.7,275.0,6.6,290.0,0.0,-99.8,-99.8,-99.8,-99.8,-99.8,-99.8,-99.8
2023-06-12 11:00:00,-9999.1,-99.8,-99.8,3.5,270.0,7.4,252.0,0.0,-99.8,-99.8,-99.8,-99.8,-99.8,-99.8,-99.8
2023-06-12 12:00:00,-9999.1,-99.8,-99.8,3.5,263.0,7.8,286.0,0.0,-99.8,-99.8,-99.8,-99.8,-99.8,-99.8,-99.8
2023-06-12 13:00:00,-9999.1,-99.8,-99.8,2.8,270.0,7.3,249.0,0.0,-99.8,-99.8,-99.8,-99.8,-99.8,-99.8,-99.8
2023-06-12 14:00:00,-9999.1,-99.8,-99.8,3.2,274.0,6.2,287.0,0.0,-99.8,-99.8,-99.8,-99.8,-99.8,-99.8,-99.8
2023-06-12 15:00:00,-9999.1,-99.8,-99.8,2.7,265.0,6.9,298.0,0.0,-99.8,-99.8,-99.8,-99.8,-99.8,-99.8,-99.8
2023-06-12 16:00:00,-9999.1,-99.8,-99.8,1.2,213.0,7.5,242.0,0.0,-99.8,-99.8,-99.8,-99.8,-99.8,-99.8,-99.8
2023-06-12 17:00:00,-9999.1,-99.8,-99.8,1.6,274.0,4.4,283.0,1.5,-99.8,-99.8,-99.8,-99.8,-99.8,-99.8,-99.8
2023-06-12 18:00:00,-9999.1,-99.8,-99.8,0.8,258.0,3.4,282.0,0.5,-99.8,-99.8,-99.8,-99.8,-99.8,-99.8,-99.8
2023-06-12 19:00:00,-9999.1,-99.8,-99.8,1.6,292.0,3.2,289.0,0.0,-99.8,-99.8,-99.8,-99.8,-99.8,-99.8,-99.8
2023-06-12 20:00:00,-9999.1,-99.8,-99.8,4.1,123.0,6.0,118.0,5.0,-99.8,-99.8,-99.8,-99.8,-99.8,-99.8,-99.8
2023-06-12 21:00:00,-9999.1,-99.8,-99.8,1.9,305.0,4.9,115.0,2.0,-99.8,-99.8,-99.8,-99.8,-99.8,-99.8,-99.8
2023-06-12 22:00:00,-9999.1,-99.8,-99.8,3.4,285.0,5.6,285.0,1.0,-99.8,-99.8,-99.8,-99.8,-99.8,-99.8,-99.8
2023-06-12 23:00:00,-9999.1,-99.8,-99.8,5.2,282.0,7.6,285.0,0.5,-99.8,-99.8,-99.8,-99.8,-99.8,-99.8,-99.8
2023-06-13 00:00:00,-9999.1,-99.8,-99.8,5.7,286.0,9.1,283.0,1.5,-99.8,-99.8,-99.8,-99.8,-99.8,-99.8,-99.8
2023-06-13 01:00:00,-9999.1,-99.8,-99.8,6.4,280.0,10.4,283.0,0.0,-99.8,-99.8,-99.8,-99.8,-99.8,-99.8,-99.8
2023-06-13 02:00:00,-9999.1,-99.8,-99.8,6.8,279.0,10.8,284.0,0.0,-99.8,-99.8,-99.8,-99.8,-99.8,-99.8,-99.8
2023-06-13 03:00:00,-9999.1,-99.8,-99.8,3.4,275.0,8.8,267.0,0.5,-99.8,-99.8,-99.8,-99.8,-99.8,-99.8,-99.8
2023-06-13 04:00:00,-9999.1,-99.8,-99.8,3.3,277.0,7.9,288.0,0.0,-99.8,-99.8,-99.8,-99.8,-99.8,-99.8,-99.8
2023-06-13 05:00:00,-9999.1,-99.8,-99.8,5.8,281.0,9.0,283.0,0.0,-99.8,-99.8,-99.8,-99.8,-99.8,-99.8,-99.8
2023-06-13 06:00:00,-9999.1,-99.8,-99.8,5.6,277.0,9.5,261.0,0.0,-99.8,-99.8,-99.8,-99.8,-99.8,-99.8,-99.8
2023-06-13 07:00:00,-9999.1,-99.8,-99.8,6.0,275.0,12.5,259.0,0.0,-99.8,-99.8,-99.8,-99.8,-99.8,-99.8,-99.8
2023-06-13 08:00:00,-9999.1,-99.8,-99.8,5.3,273.0,10.0,284.0,0.0,-99.8,-99.8,-99.8,-99.8,-99.8,-99.8,-99.8
2023-06-13 09:00:00,-9999.1,-99.8,-99.8,4.7,269.0,9.2,264.0,0.0,-99.8,-99.8,-99.8,-99.8,-99.8,-99.8,-99.8
2023-06-13 10:00:00,-9999.1,-99.8,-99.8,4.4,273.0,10.1,261.0,0.0,-99.8,-99.8,-99.8,-99.8,-99.8,-99.8,-99.8
2023-06-13 11:00:00,-9999.1,-99.8,-99.8,3.9,269.0,8.8,284.0,0.5,-99.8,-99.8,-99.8,-99.8,-99.8,-99.8,-99.8
2023-06-13 12:00:00,-9999.1,-99.8,-99.8,4.9,274.0,9.3,258.0,1.0,-99.8,-99.8,-99.8,-99.8,-99.8,-99.8,-99.8
2023-06-13 13:00:00,-9999.1,-99.8,-99.8,4.8,271.0,9.6,283.0,0.5,-99.8,-99.8,-99.8,-99.8,-99.8,-99.8,-99.8
2023-06-13 14:00:00,-9999.1,-99.8,-99.8,5.2,276.0,9.4,265.0,0.0,-99.8,-99.8,-99.8,-99.8,-99.8,-99.8,-99.8
2023-06-13 15:00:00,-9999.1,-99.8,-99.8,4.9,276.0,9.5,288.0,0.0,-99.8,-99.8,-99.8,-99.8,-99.8,-99.8,-99.8
2023-06-13 16:00:00,-9999.1,-99.8,-99.8,3.4,266.0,8.1,253.0,5.0,-99.8,-99.8,-99.8,-99.8,-99.8,-99.8,-99.8
2023-06-13 17:00:00,-9999.1,-99.8,-99.8,5.3,278.0,10.6,280.0,0.5,-99.8,-99.8,-99.8,-99.8,-99.8,-99.8,-99.8
2023-06-13 18:00:00,-9999.1,-99.8,-99.8,6.0,272.0,10.8,262.0,0.5,-99.8,-99.8,-99.8,-99.8,-99.8,-99.8,-99.8
2023-06-13 19:00:00,-9999.1,-99.8,-99.8,6.3,279.0,10.1,283.0,0.5,-99.8,-99.8,-99.8,-99.8,-99.8,-99.8,-99.8
2023-06-13 20:00:00,-9999.1,-99.8,-99.8,4.0,278.0,9.2,282.0,0.0,-99.8,-99.8,-99.8,-99.8,-99.8,-99.8,-99.8
2023-06-13 21:00:00,-9999.1,-99.8,-99.8,3.3,272.0,7.2,255.0,0.0,-99.8,-99.8,-99.8,-99.8,-99.8,-99.8,-99.8
2023-06-13 22:00:00,-9999.1,-99.8,-99.8,4.0,242.0,7.7,242.0,0.0,-99.8,-99.8,-99.8,-99.8,-99.8,-99.8,-99.8
2023-06-13 23:00:00,-9999.1,-99.8,-99.8,2.7,257.0,6.6,254.0,0.0,-99.8,-99.8,-99.8,-99.8,-99.8,-99.8,-99.8
2023-06-14 00:00:00,-9999.1,-99.8,-99.8,3.4,260.0,8.3,259.0,0.0,-99.8,-99.8,-99.8,-99.8,-99.8,-99.8,-99.8
2023-06-14 01:00:00,-9999.1,-99.8,-99.8,5.4,272.0,9.0,257.0,0.0,-99.8,-99.8,-99.8,-99.8,-99.8,-99.8,-99.8
2023-06-14 02:00:00,-9999.1,-99.8,-99.8,7.8,280.0,12.0,261.0,0.0,-99.8,-99.8,-99.8,-99.8,-99.8,-99.8,-99.8
2023-06-14 03:00:00,-9999.1,-99.8,-99.8,5.2,272.0,12.2,263.0,0.0,-99.8,-99.8,-99.8,-99.8,-99.8,-99.8,-99.8
2023-06-14 04:00:00,-9999.1,-99.8,-99.8,4.6,270.0,8.3,260.0,0.0,-99.8,-99.8,-99.8,-99.8,-99.8,-99.8,-99.8
2023-06-14 05:00:00,-9999.1,-99.8,-99.8,7.2,275.0,12.1,282.0,0.0,-99.8,-99.8,-99.8,-99.8,-99.8,-99.8,-99.8
2023-06-14 06:00:00,-9999.1,-99.8,-99.8,7.2,277.0,15.9,283.0,0.5,-99.8,-99.8,-99.8,-99.8,-99.8,-99.8,-99.8
2023-06-14 07:00:00,-9999.1,-99.8,-99.8,6.5,272.0,14.1,291.0,0.0,-99.8,-99.8,-99.8,-99.8,-99.8,-99.8,-99.8
2023-06-14 08:00:00,-9999.1,-99.8,-99.8,6.0,276.0,12.3,264.0,0.0,-99.8,-99.8,-99.8,-99.8,-99.8,-99.8,-99.8
2023-06-14 09:00:00,-9999.1,-99.8,-99.8,6.0,278.0,12.2,254.0,0.0,-99.8,-99.8,-99.8,-99.8,-99.8,-99.8,-99.8
2023-06-14 10:00:00,-9999.1,-99.8,-99.8,4.2,271.0,10.3,267.0,0.0,-99.8,-99.8,-99.8,-99.8,-99.8,-99.8,-99.8
2023-06-14 11:00:00,-9999.1,-99.8,-99.8,6.4,272.0,11.3,286.0,2.0,-99.8,-99.8,-99.8,-99.8,-99.8,-99.8,-99.8
2023-06-14 12:00:00,-9999.1,-99.8,-99.8,5.4,276.0,10.5,287.0,1.0,-99.8,-99.8,-99.8,-99.8,-99.8,-99.8,-99.8
2023-06-14 13:00:00,-9999.1,-99.8,-99.8,8.1,283.0,13.2,276.0,0.0,-99.8,-99.8,-99.8,-99.8,-99.8,-99.8,-99.8
2023-06-14 14:00:00,-9999.1,-99.8,-99.8,8.8,283.0,14.9,286.0,0.0,-99.8,-99.8,-99.8,-99.8,-99.8,-99.8,-99.8
2023-06-14 15:00:00,-9999.1,-99.8,-99.8,6.6,273.0,12.5,288.0,0.0,-99.8,-99.8,-99.8,-99.8,-99.8,-99.8,-99.8
2023-06-14 16:00:00,-9999.1,-99.8,-99.8,6.0,269.0,12.0,261.0,0.5,-99.8,-99.8,-99.8,-99.8,-99.8,-99.8,-99.8
2023-06-14 17:00:00,-9999.1,-99.8,-99.8,4.7,275.0,9.3,255.0,0.5,-99.8,-99.8,-99.8,-99.8,-99.8,-99.8,-99.8
2023-06-14 18:00:00,-9999.1,-99.8,-99.8,4.5,283.0,9.2,262.0,0.0,-99.8,-99.8,-99.8,-99.8,-99.8,-99.8,-99.8
2023-06-14 19:00:00,-9999.1,-99.8,-99.8,6.4,274.0,11.9,287.0,0.0,-99.8,-99.8,-99.8,-99.8,-99.8,-99.8,-99.8
2023-06-14 20:00:00,-9999.1,-99.8,-99.8,4.1,273.0,9.8,283.0,0.5,-99.8,-99.8,-99.8,-99.8,-99.8,-99.8,-99.8
2023-06-14 21:00:00,-9999.1,-99.8,-99.8,3.8,269.0,8.6,260.0,0.0,-99.8,-99.8,-99.8,-99.8,-99.8,-99.8,-99.8
2023-06-14 22:00:00,-9999.1,-99.8,-99.8,3.3,269.0,8.1,258.0,0.0,-99.8,-99.8,-99.8,-99.8,-99.8,-99.8,-99.8
2023-06-14 23:00:00,-9999.1,-99.8,-99.8,3.6,271.0,9.4,258.0,0.5,-99.8,-99.8,-99.8,-99.8,-99.8,-99.8,-99.8
2023-06-15 00:00:00,-9999.1,-99.8,-99.8,4.8,271.0,8.0,257.0,0.0,-99.8,-99.8,-99.8,-99.8,-99.8,-99.8,-99.8
2023-06-15 01:00:00,-9999.1,-99.8,-99.8,4.6,271.0,8.6,265.0,0.0,-99.8,-99.8,-99.8,-99.8,-99.8,-99.8,-99.8
2023-06-15 02:00:00,-9999.1,-99.8,-99.8,6.6,269.0,12.5,260.0,0.0,-99.8,-99.8,-99.8,-99.8,-99.8,-99.8,-99.8
2023-06-15 03:00:00,-9999.1,-99.8,-99.8,4.4,279.0,10.9,257.0,0.5,-99.8,-99.8,-99.8,-99.8,-99.8,-99.8,-99.8
2023-06-15 04:00:00,-9999.1,-99.8,-99.8,4.7,274.0,10.3,257.0,0.0,-99.8,-99.8,-99.8,-99.8,-99.8,-99.8,-99.8
2023-06-15 05:00:00,-9999.1,-99.8,-99.8,4.2,269.0,12.1,259.0,0.0,-99.8,-99.8,-99.8,-99.8,-99.8,-99.8,-99.8
2023-06-15 06:00:00,-9999.1,-99.8,-99.8,3.3,262.0,11.5,242.0,0.0,-99.8,-99.8,-99.8,-99.8,-99.8,-99.8,-99.8
2023-06-15 07:00:00,-9999.1,-99.8,-99.8,4.5,269.0,8.2,240.0,0.0,-99.8,-99.8,-99.8,-99.8,-99.8,-99.8,-99.8
2023-06-15 08:00:00,-9999.1,-99.8,-99.8,3.7,268.0,8.4,284.0,0.0,-99.8,-99.8,-99.8,-99.8,-99.8,-99.8,-99.8
2023-06-15 09:00:00,-9999.1,-99.8,-99.8,4.7,281.0,7.5,259.0,0.0,-99.8,-99.8,-99.8,-99.8,-99.8,-99.8,-99.8
2023-06-15 10:00:00,-9999.1,-99.8,-99.8,3.5,272.0,8.7,251.0,0.0,-99.8,-99.8,-99.8,-99.8,-99.8,-99.8,-99.8
2023-06-15 11:00:00,-9999.1,-99.8,-99.8,3.3,267.0,8.0,262.0,0.0,-99.8,-99.8,-99.8,-99.8,-99.8,-99.8,-99.8
2023-06-15 12:00:00,-9999.1,-99.8,-99.8,4.3,266.0,8.7,284.0,2.0,-99.8,-99.8,-99.8,-99.8,-99.8,-99.8,-99.8
2023-06-15 13:00:00,-9999.1,-99.8,-99.8,3.8,266.0,7.6,289.0,0.5,-99.8,-99.8,-99.8,-99.8,-99.8,-99.8,-99.8
2023-06-15 14:00:00,-9999.1,-99.8,-99.8,2.5,266.0,7.4,256.0,1.0,-99.8,-99.8,-99.8,-99.8,-99.8,-99.8,-99.8
2023-06-15 15:00:00,-9999.1,-99.8,-99.8,2.6,273.0,6.2,266.0,1.0,-99.8,-99.8,-99.8,-99.8,-99.8,-99.8,-99.8
2023-06-15 16:00:00,-9999.1,-99.8,-99.8,2.0,274.0,6.2,287.0,0.5,-99.8,-99.8,-99.8,-99.8,-99.8,-99.8,-99.8
2023-06-15 17:00:00,-9999.1,-99.8,-99.8,0.8,219.0,5.3,252.0,0.0,-99.8,-99.8,-99.8,-99.8,-99.8,-99.8,-99.8
2023-06-15 18:00:00,-9999.1,-99.8,-99.8,3.2,266.0,5.7,261.0,5.0,-99.8,-99.8,-99.8,-99.8,-99.8,-99.8,-99.8
2023-06-15 19:00:00,-9999.1,-99.8,-99.8,1.6,251.0,5.1,244.0,2.0,-99.8,-99.8,-99.8,-99.8,-99.8,-99.8,-99.8
2023-06-15 20:00:00,-9999.1,-99.8,-99.8,1.0,227.0,3.6,239.0,1.0,-99.8,-99.8,-99.8,-99.8,-99.8,-99.8,-99.8
2023-06-15 21:00:00,-9999.1,-99.8,-99.8,2.9,281.0,4.3,261.0,0.5,-99.8,-99.8,-99.8,-99.8,-99.8,-99.8,-99.8
2023-06-15 22:00:00,-9999.1,-99.8,-99.8,3.6,283.0,5.1,283.0,0.0,-99.8,-99.8,-99.8,-99.8,-99.8,-99.8,-99.8
2023-06-15 23:00:00,-9999.1,-99.8,-99.8,4.3,277.0,7.9,279.0,0.0,-99.8,-99.8,-99.8,-99.8,-99.8,-99.8,-99.8
2023-06-16 00:00:00,-9999.1,-99.8,-99.8,6.1,280.0,8.7,282.0,0.0,-99.8,-99.8,-99.8,-99.8,-99.8,-99.8,-99.8
2023-06-16 01:00:00,-9999.1,-99.8,-99.8,4.8,273.0,9.4,278.0,0.0,-99.8,-99.8,-99.8,-99.8,-99.8,-99.8,-99.8
2023-06-16 02:00:00,-9999.1,-99.8,-99.8,5.0,275.0,8.7,278.0,0.0,-99.8,-99.8,-99.8,-99.8,-99.8,-99.8,-99.8
2023-06-16 03:00:00,-9999.1,-99.8,-99.8,7.3,269.0,15.8,256.0,0.0,-99.8,-99.8,-99.8,-99.8,-99.8,-99.8,-99.8
2023-06-16 04:00:00,-9999.1,-99.8,-99.8,8.1,277.0,19.1,256.0,1.0,-99.8,-99.8,-99.8,-99.8,-99.8,-99.8,-99.8
2023-06-16 05:00:00,-9999.1,-99.8,-99.8,8.5,264.0,16.0,259.0,0.0,-99.8,-99.8,-99.8,-99.8,-99.8,-99.8,-99.8
2023-06-16 06:00:00,-9999.1,-99.8,-99.8,7.6,271.0,18.3,258.0,0.0,-99.8,-99.8,-99.8,-99.8,-99.8,-99.8,-99.8
2023-06-16 07:00:00,-9999.1,-99.8,-99.8,6.4,274.0,17.2,268.0,0.0,-99.8,-99.8,-99.8,-99.8,-99.8,-99.8,-99.8
2023-06-16 08:00:00,-9999.1,-99.8,-99.8,6.2,261.0,14.0,258.0,0.0,-99.8,-99.8,-99.8,-99.8,-99.8,-99.8,-99.8
2023-06-16 09:00:00,-9999.1,-99.8,-99.8,5.2,267.0,11.1,270.0,0.0,-99.8,-99.8,-99.8,-99.8,-99.8,-99.8,-99.8
2023-06-16 10:00:00,-9999.1,-99.8,-99.8,3.6,240.0,9.4,263.0,0.0,-99.8,-99.8,-99.8,-99.8,-99.8,-99.8,-99.8
2023-06-16 11:00:00,-9999.1,-99.8,-99.8,3.8,245.0,10.0,246.0,0.0,-99.8,-99.8,-99.8,-99.8,-99.8,-99.8,-99.8
2023-06-16 12:00:00,-9999.1,-99.8,-99.8,4.8,256.0,12.5,230.0,0.0,-99.8,-99.8,-99.8,-99.8,-99.8,-99.8,-99.8
2023-06-16 13:00:00,-9999.1,-99.8,-99.8,3.2,262.0,11.6,237.0,0.5,-99.8,-99.8,-99.8,-99.8,-99.8,-99.8,-99.8
2023-06-16 14:00:00,-9999.1,-99.8,-99.8,2.6,261.0,8.2,258.0,0.5,-99.8,-99.8,-99.8,-99.8,-99.8,-99.8,-99.8
2023-06-16 15:00:00,-9999.1,-99.8,-99.8,1.8,257.0,7.9,245.0,0.0,-99.8,-99.8,-99.8,-99.8,-99.8,-99.8,-99.8
2023-06-16 16:00:00,-9999.1,-99.8,-99.8,2.5,258.0,7.3,287.0,0.0,-99.8,-99.8,-99.8,-99.8,-99.8,-99.8,-99.8
2023-06-16 17:00:00,-9999.1,-99.8,-99.8,3.4,262.0,8.0,253.0,0.0,-99.8,-99.8,-99.8,-99.8,-99.8,-99.8,-99.8
2023-06-16 18:00:00,-9999.1,-99.8,-99.8,3.9,268.0,9.9,258.0,0.0,-99.8,-99.8,-99.8,-99.8,-99.8,-99.8,-99.8
2023-06-16 19:00:00,-9999.1,-99.8,-99.8,3.9,277.0,13.1,224.0,0.0,-99.8,-99.8,-99.8,-99.8,-99.8,-99.8,-99.8
2023-06-16 20:00:00,-9999.1,-99.8,-99.8,3.3,250.0,10.2,250.0,0.0,-99.8,-99.8,-99.8,-99.8,-99.8,-99.8,-99.8
2023-06-16 21:00:00,-9999.1,-99.8,-99.8,2.3,182.0,7.6,252.0,0.0,-99.8,-99.8,-99.8,-99.8,-99.8,-99.8,-99.8
2023-06-16 22:00:00,-9999.1,-99.8,-99.8,2.3,228.0,8.5,212.0,0.0,-99.8,-99.8,-99.8,-99.8,-99.8,-99.8,-99.8
2023-06-16 23:00:00,-9999.1,-99.8,-99.8,3.0,238.0,9.2,251.0,0.0,-99.8,-99.8,-99.8,-99.8,-99.8,-99.8,-99.8
2023-06-17 00:00:00,-9999.1,-99.8,-99.8,4.5,240.0,9.2,251.0,0.0,-99.8,-99.8,-99.8,-99.8,-99.8,-99.8,-99.8
2023-06-17 01:00:00,-9999.1,-99.8,-99.8,1.8,222.0,12.6,258.0,0.0,-99.8,-99.8,-99.8,-99.8,-99.8,-99.8,-99.8
2023-06-17 02:00:00,-9999.1,-99.8,-99.8,2.7,227.0,7.9,233.0,0.0,-99.8,-99.8,-99.8,-99.8,-99.8,-99.8,-99.8
2023-06-17 03:00:00,-9999.1,-99.8,-99.8,3.0,226.0,7.4,237.0,0.0,-99.8,-99.8,-99.8,-99.8,-99.8,-99.8,-99.8
2023-06-17 04:00:00,-9999.1,-99.8,-99.8,2.9,239.0,7.1,243.0,0.0,-99.8,-99.8,-99.8,-99.8,-99.8,-99.8,-99.8
2023-06-17 05:00:00,-9999.1,-99.8,-99.8,3.0,253.0,7.8,251.0,0.0,-99.8,-99.8,-99.8,-99.8,-99.8,-99.8,-99.8
2023-06-17 06:00:00,-9999.1,-99.8,-99.8,3.9,269.0,9.6,265.0,0.0,-99.8,-99.8,-99.8,-99.8,-99.8,-99.8,-99.8
2023-06-17 07:00:00,-9999.1,-99.8,-99.8,2.6,244.0,7.7,254.0,0.0,-99.8,-99.8,-99.8,-99.8,-99.8,-99.8,-99.8
2023-06-17 08:00:00,-9999.1,-99.8,-99.8,2.9,245.0,7.5,241.0,0.0,-99.8,-99.8,-99.8,-99.8,-99.8,-99.8,-99.8
2023-06-17 09:00:00,-9999.1,-99.8,-99.8,3.7,267.0,7.7,250.0,0.0,-99.8,-99.8,-99.8,-99.8,-99.8,-99.8,-99.8
2023-06-17 10:00:00,-9999.1,-99.8,-99.8,4.1,266.0,10.0,253.0,0.0,-99.8,-99.8,-99.8,-99.8,-99.8,-99.8,-99.8
2023-06-17 11:00:00,-9999.1,-99.8,-99.8,5.9,274.0,10.1,263.0,0.0,-99.8,-99.8,-99.8,-99.8,-99.8,-99.8,-99.8
2023-06-17 12:00:00,-9999.1,-99.8,-99.8,3.9,260.0,12.1,263.0,0.0,-99.8,-99.8,-99.8,-99.8,-99.8,-99.8,-99.8
2023-06-17 13:00:00,-9999.1,-99.8,-99.8,4.5,263.0,9.3,290.0,0.0,-99.8,-99.8,-99.8,-99.8,-99.8,-99.8,-99.8
2023-06-17 14:00:00,-9999.1,-99.8,-99.8,4.5,270.0,11.9,248.0,0.5,-99.8,-99.8,-99.8,-99.8,-99.8,-99.8,-99.8
2023-06-17 15:00:00,-9999.1,-99.8,-99.8,2.6,227.0,9.8,251.0,0.0,-99.8,-99.8,-99.8,-99.8,-99.8,-99.8,-99.8
2023-06-17 16:00:00,-9999.1,-99.8,-99.8,3.8,241.0,7.7,239.0,0.0,-99.8,-99.8,-99.8,-99.8,-99.8,-99.8,-99.8
2023-06-17 17:00:00,-9999.1,-99.8,-99.8,1.9,241.0,6.9,249.0,0.0,-99.8,-99.8,-99.8,-99.8,-99.8,-99.8,-99.8
2023-06-17 18:00:00,-9999.1,-99.8,-99.8,3.0,254.0,7.5,258.0,0.0,-99.8,-99.8,-99.8,-99.8,-99.8,-99.8,-99.8
2023-06-17 19:00:00,-9999.1,-99.8,-99.8,1.9,254.0,11.3,259.0,0.0,-99.8,-99.8,-99.8,-99.8,-99.8,-99.8,-99.8
2023-06-17 20:00:00,-9999.1,-99.8,-99.8,3.3,250.0,7.9,256.0,0.5,-99.8,-99.8,-99.8,-99.8,-99.8,-99.8,-99.8
2023-06-17 21:00:00,-9999.1,-99.8,-99.8,5.4,274.0,9.3,268.0,-999.6,-99.8,-99.8,-99.8,-99.8,-99.8,-99.8,-99.8
2023-06-17 22:00:00,-9999.1,-99.8,-99.8,5.4,274.0,9.9,263.0,0.0,-99.8,-99.8,-99.8,-99.8,-99.8,-99.8,-99.8
2023-06-17 23:00:00,-9999.1,-99.8,-99.8,6.1,270.0,11.2,259.0,0.0,-99.8,-99.8,-99.8,-99.8,-99.8,-99.8,-99.8
2023-06-18 00:00:00,-9999.1,-99.8,-99.8,5.7,278.0,11.3,263.0,0.0,-99.8,-99.8,-99.8,-99.8,-99.8,-99.8,-99.8
2023-06-18 01:00:00,-9999.1,-99.8,-99.8,5.0,280.0,9.4,260.0,0.0,-99.8,-99.8,-99.8,-99.8,-99.8,-99.8,-99.8
2023-06-18 02:00:00,-9999.1,-99.8,-99.8,4.4,272.0,9.8,260.0,0.0,-99.8,-99.8,-99.8,-99.8,-99.8,-99.8,-99.8
2023-06-18 03:00:00,-9999.1,-99.8,-99.8,4.2,275.0,8.9,258.0,0.0,-99.8,-99.8,-99.8,-99.8,-99.8,-99.8,-99.8
2023-06-18 04:00:00,-9999.1,-99.8,-99.8,4.8,280.0,8.5,291.0,0.0,-99.8,-99.8,-99.8,-99.8,-99.8,-99.8,-99.8
2023-06-18 05:00:00,-9999.1,-99.8,-99.8,6.8,286.0,9.7,284.0,0.0,-99.8,-99.8,-99.8,-99.8,-99.8,-99.8,-99.8
2023-06-18 06:00:00,-9999.1,-99.8,-99.8,5.9,277.0,10.1,286.0,0.0,-99.8,-99.8,-99.8,-99.8,-99.8,-99.8,-99.8
2023-06-18 07:00:00,-9999.1,-99.8,-99.8,6.4,282.0,10.9,281.0,0.0,-99.8,-99.8,-99.8,-99.8,-99.8,-99.8,-99.8
2023-06-18 08:00:00,-9999.1,-99.8,-99.8,7.6,285.0,12.7,282.0,0.0,-99.8,-99.8,-99.8,-99.8,-99.8,-99.8,-99.8
2023-06-18 09:00:00,-9999.1,-99.8,-99.8,5.2,284.0,11.3,262.0,0.0,-99.8,-99.8,-99.8,-99.8,-99.8,-99.8,-99.8
2023-06-18 10:00:00,-9999.1,-99.8,-99.8,5.9,275.0,11.0,285.0,0.0,-99.8,-99.8,-99.8,-99.8,-99.8,-99.8,-99.8
2023-06-18 11:00:00,-9999.1,-99.8,-99.8,6.2,282.0,10.3,280.0,0.0,-99.8,-99.8,-99.8,-99.8,-99.8,-99.8,-99.8
2023-06-18 12:00:00,-9999.1,-99.8,-99.8,5.8,280.0,11.5,282.0,0.0,-99.8,-99.8,-99.8,-99.8,-99.8,-99.8,-99.8
2023-06-18 13:00:00,-9999.1,-99.8,-99.8,6.0,281.0,13.5,287.0,0.0,-99.8,-99.8,-99.8,-99.8,-99.8,-99.8,-99.8
2023-06-18 14:00:00,-9999.1,-99.8,-99.8,5.0,274.0,11.7,292.0,0.0,-99.8,-99.8,-99.8,-99.8,-99.8,-99.8,-99.8
2023-06-18 15:00:00,-9999.1,-99.8,-99.8,4.9,280.0,11.1,281.0,0.0,-99.8,-99.8,-99.8,-99.8,-99.8,-99.8,-99.8
2023-06-18 16:00:00,-9999.1,-99.8,-99.8,4.3,279.0,8.5,289.0,0.0,-99.8,-99.8,-99.8,-99.8,-99.8,-99.8,-99.8
2023-06-18 17:00:00,-9999.1,-99.8,-99.8,3.7,273.0,7.7,262.0,0.0,-99.8,-99.8,-99.8,-99.8,-99.8,-99.8,-99.8
2023-06-18 18:00:00,-9999.1,-99.8,-99.8,6.2,279.0,10.8,254.0,0.5,-99.8,-99.8,-99.8,-99.8,-99.8,-99.8,-99.8
2023-06-18 19:00:00,-9999.1,-99.8,-99.8,6.0,276.0,10.2,266.0,0.5,-99.8,-99.8,-99.8,-99.8,-99.8,-99.8,-99.8
2023-06-18 20:00:00,-9999.1,-99.8,-99.8,4.4,276.0,9.0,271.0,0.5,-99.8,-99.8,-99.8,-99.8,-99.8,-99.8,-99.8
2023-06-18 21:00:00,-9999.1,-99.8,-99.8,3.3,278.0,8.2,259.0,0.0,-99.8,-99.8,-99.8,-99.8,-99.8,-99.8,-99.8
2023-06-18 22:00:00,-9999.1,-99.8,-99.8,3.7,269.0,7.2,249.0,0.0,-99.8,-99.8,-99.8,-99.8,-99.8,-99.8,-99.8
2023-06-18 23:00:00,-9999.1,-99.8,-99.8,2.9,276.0,5.8,261.0,0.0,-99.8,-99.8,-99.8,-99.8,-99.8,-99.8,-99.8
2023-06-19 00:00:00,-9999.1,-99.8,-99.8,3.4,279.0,6.1,266.0,0.0,-99.8,-99.8,-99.8,-99.8,-99.8,-99.8,-99.8
2023-06-19 01:00:00,-9999.1,-99.8,-99.8,4.6,287.0,6.2,291.0,0.0,-99.8,-99.8,-99.8,-99.8,-99.8,-99.8,-99.8
2023-06-19 02:00:00,-9999.1,-99.8,-99.8,7.8,289.0,9.7,292.0,0.0,-99.8,-99.8,-99.8,-99.8,-99.8,-99.8,-99.8
2023-06-19 03:00:00,-9999.1,-99.8,-99.8,6.3,289.0,9.4,290.0,0.0,-99.8,-99.8,-99.8,-99.8,-99.8,-99.8,-99.8
2023-06-19 04:00:00,-9999.1,-99.8,-99.8,5.2,287.0,8.3,287.0,0.0,-99.8,-99.8,-99.8,-99.8,-99.8,-99.8,-99.8
2023-06-19 05:00:00,-9999.1,-99.8,-99.8,4.3,282.0,7.4,291.0,0.0,-99.8,-99.8,-99.8,-99.8,-99.8,-99.8,-99.8
2023-06-19 06:00:00,-9999.1,-99.8,-99.8,3.6,278.0,6.4,289.0,0.0,-99.8,-99.8,-99.8,-99.8,-99.8,-99.8,-99.8
2023-06-19 07:00:00,-9999.1,-99.8,-99.8,2.6,268.0,5.2,284.0,0.0,-99.8,-99.8,-99.8,-99.8,-99.8,-99.8,-99.8
2023-06-19 08:00:00,-9999.1,-99.8,-99.8,3.4,280.0,5.8,253.0,0.0,-99.8,-99.8,-99.8,-99.8,-99.8,-99.8,-99.8
2023-06-19 09:00:00,-9999.1,-99.8,-99.8,5.3,284.0,8.4,288.0,0.0,-99.8,-99.8,-99.8,-99.8,-99.8,-99.8,-99.8
2023-06-19 10:00:00,-9999.1,-99.8,-99.8,6.4,286.0,9.9,287.0,0.0,-99.8,-99.8,-99.8,-99.8,-99.8,-99.8,-99.8
2023-06-19 11:00:00,-9999.1,-99.8,-99.8,6.7,290.0,12.1,291.0,0.0,-99.8,-99.8,-99.8,-99.8,-99.8,-99.8,-99.8
2023-06-19 12:00:00,-9999.1,-99.8,-99.8,6.1,284.0,10.5,287.0,0.0,-99.8,-99.8,-99.8,-99.8,-99.8,-99.8,-99.8
2023-06-19 13:00:00,-9999.1,-99.8,-99.8,7.2,284.0,12.5,290.0,0.0,-99.8,-99.8,-99.8,-99.8,-99.8,-99.8,-99.8
2023-06-19 14:00:00,-9999.1,-99.8,-99.8,8.0,286.0,12.3,286.0,0.0,-99.8,-99.8,-99.8,-99.8,-99.8,-99.8,-99.8
2023-06-19 15:00:00,-9999.1,-99.8,-99.8,8.2,284.0,13.2,293.0,0.0,-99.8,-99.8,-99.8,-99.8,-99.8,-99.8,-99.8
2023-06-19 16:00:00,-9999.1,-99.8,-99.8,7.4,284.0,13.0,285.0,0.0,-99.8,-99.8,-99.8,-99.8,-99.8,-99.8,-99.8
2023-06-19 17:00:00,-9999.1,-99.8,-99.8,6.1,284.0,10.8,289.0,0.0,-99.8,-99.8,-99.8,-99.8,-99.8,-99.8,-99.8
2023-06-19 18:00:00,-9999.1,-99.8,-99.8,6.4,286.0,11.0,290.0,0.0,-99.8,-99.8,-99.8,-99.8,-99.8,-99.8,-99.8
2023-06-19 19:00:00,-9999.1,-99.8,-99.8,5.4,284.0,9.7,286.0,0.0,-99.8,-99.8,-99.8,-99.8,-99.8,-99.8,-99.8
2023-06-19 20:00:00,-9999.1,-99.8,-99.8,4.3,278.0,9.1,285.0,0.0,-99.8,-99.8,-99.8,-99.8,-99.8,-99.8,-99.8
2023-06-19 21:00:00,-9999.1,-99.8,-99.8,4.3,282.0,7.5,289.0,0.0,-99.8,-99.8,-99.8,-99.8,-99.8,-99.8,-99.8
2023-06-19 22:00:00,-9999.1,-99.8,-99.8,4.5,287.0,7.4,290.0,0.0,-99.8,-99.8,-99.8,-99.8,-99.8,-99.8,-99.8
2023-06-19 23:00:00,-9999.1,-99.8,-99.8,4.1,294.0,6.4,290.0,0.0,-99.8,-99.8,-99.8,-99.8,-99.8,-99.8,-99.8
2023-06-20 00:00:00,-9999.1,-99.8,-99.8,3.3,283.0,5.7,289.0,0.0,-99.8,-99.8,-99.8,-99.8,-99.8,-99.8,-99.8
2023-06-20 01:00:00,-9999.1,-99.8,-99.8,3.2,269.0,5.1,285.0,0.0,-99.8,-99.8,-99.8,-99.8,-99.8,-99.8,-99.8
2023-06-20 02:00:00,-9999.1,-99.8,-99.8,2.6,267.0,4.5,260.0,0.0,-99.8,-99.8,-99.8,-99.8,-99.8,-99.8,-99.8
2023-06-20 03:00:00,-9999.1,-99.8,-99.8,2.8,293.0,5.0,313.0,0.0,-99.8,-99.8,-99.8,-99.8,-99.8,-99.8,-99.8
2023-06-20 04:00:00,-9999.1,-99.8,-99.8,3.6,282.0,5.8,287.0,0.0,-99.8,-99.8,-99.8,-99.8,-99.8,-99.8,-99.8
2023-06-20 05:00:00,-9999.1,-99.8,-99.8,3.9,297.0,5.8,288.0,0.0,-99.8,-99.8,-99.8,-99.8,-99.8,-99.8,-99.8
2023-06-20 06:00:00,-9999.1,-99.8,-99.8,2.4,276.0,5.8,289.0,0.0,-99.8,-99.8,-99.8,-99.8,-99.8,-99.8,-99.8
2023-06-20 07:00:00,-9999.1,-99.8,-99.8,1.6,285.0,3.2,258.0,0.0,-99.8,-99.8,-99.8,-99.8,-99.8,-99.8,-99.8
2023-06-20 08:00:00,-9999.1,-99.8,-99.8,1.4,256.0,2.5,289.0,0.0,-99.8,-99.8,-99.8,-99.8,-99.8,-99.8,-99.8
2023-06-20 09:00:00,-9999.1,-99.8,-99.8,2.3,278.0,3.4,284.0,0.0,-99.8,-99.8,-99.8,-99.8,-99.8,-99.8,-99.8
2023-06-20 10:00:00,-9999.1,-99.8,-99.8,3.5,285.0,6.3,288.0,0.0,-99.8,-99.8,-99.8,-99.8,-99.8,-99.8,-99.8
2023-06-20 11:00:00,-9999.1,-99.8,-99.8,4.6,286.0,8.1,290.0,0.0,-99.8,-99.8,-99.8,-99.8,-99.8,-99.8,-99.8
2023-06-20 12:00:00,-9999.1,-99.8,-99.8,5.6,282.0,9.2,288.0,0.0,-99.8,-99.8,-99.8,-99.8,-99.8,-99.8,-99.8
2023-06-20 13:00:00,-9999.1,-99.8,-99.8,4.9,282.0,10.5,286.0,0.0,-99.8,-99.8,-99.8,-99.8,-99.8,-99.8,-99.8
2023-06-20 14:00:00,-9999.1,-99.8,-99.8,5.7,282.0,10.1,288.0,0.0,-99.8,-99.8,-99.8,-99.8,-99.8,-99.8,-99.8
2023-06-20 15:00:00,-9999.1,-99.8,-99.8,4.9,278.0,10.1,290.0,0.0,-99.8,-99.8,-99.8,-99.8,-99.8,-99.8,-99.8
2023-06-20 16:00:00,-9999.1,-99.8,-99.8,6.7,290.0,10.7,291.0,0.0,-99.8,-99.8,-99.8,-99.8,-99.8,-99.8,-99.8
2023-06-20 17:00:00,-9999.1,-99.8,-99.8,5.9,282.0,11.0,290.0,0.0,-99.8,-99.8,-99.8,-99.8,-99.8,-99.8,-99.8
2023-06-20 18:00:00,-9999.1,-99.8,-99.8,6.2,284.0,11.5,286.0,0.0,-99.8,-99.8,-99.8,-99.8,-99.8,-99.8,-99.8
2023-06-20 19:00:00,-9999.1,-99.8,-99.8,5.8,285.0,9.8,285.0,0.0,-99.8,-99.8,-99.8,-99.8,-99.8,-99.8,-99.8
2023-06-20 20:00:00,-9999.1,-99.8,-99.8,4.9,282.0,9.1,278.0,0.0,-99.8,-99.8,-99.8,-99.8,-99.8,-99.8,-99.8
2023-06-20 21:00:00,-9999.1,-99.8,-99.8,5.1,286.0,7.8,285.0,0.0,-99.8,-99.8,-99.8,-99.8,-99.8,-99.8,-99.8
2023-06-20 22:00:00,-9999.1,-99.8,-99.8,4.9,288.0,7.4,291.0,0.0,-99.8,-99.8,-99.8,-99.8,-99.8,-99.8,-99.8
2023-06-20 23:00:00,-9999.1,-99.8,-99.8,3.7,286.0,7.0,285.0,0.0,-99.8,-99.8,-99.8,-99.8,-99.8,-99.8,-99.8
2023-06-21 00:00:00,-9999.1,-99.8,-99.8,3.5,285.0,5.7,285.0,0.0,-99.8,-99.8,-99.8,-99.8,-99.8,-99.8,-99.8
2023-06-21 01:00:00,-9999.1,-99.8,-99.8,2.9,267.0,5.3,283.0,0.0,-99.8,-99.8,-99.8,-99.8,-99.8,-99.8,-99.8
2023-06-21 02:00:00,-9999.1,-99.8,-99.8,3.3,277.0,5.3,285.0,0.0,-99.8,-99.8,-99.8,-99.8,-99.8,-99.8,-99.8
2023-06-21 03:00:00,-9999.1,-99.8,-99.8,3.8,288.0,5.6,287.0,0.0,-99.8,-99.8,-99.8,-99.8,-99.8,-99.8,-99.8
2023-06-21 04:00:00,-9999.1,-99.8,-99.8,3.9,291.0,5.1,285.0,0.0,-99.8,-99.8,-99.8,-99.8,-99.8,-99.8,-99.8
2023-06-21 05:00:00,-9999.1,-99.8,-99.8,3.1,273.0,5.3,285.0,0.0,-99.8,-99.8,-99.8,-99.8,-99.8,-99.8,-99.8
2023-06-21 06:00:00,-9999.1,-99.8,-99.8,3.3,277.0,5.3,286.0,0.0,-99.8,-99.8,-99.8,-99.8,-99.8,-99.8,-99.8
2023-06-21 07:00:00,-9999.1,-99.8,-99.8,2.9,286.0,4.5,287.0,0.0,-99.8,-99.8,-99.8,-99.8,-99.8,-99.8,-99.8
2023-06-21 08:00:00,-9999.1,-99.8,-99.8,4.1,288.0,5.4,285.0,0.0,-99.8,-99.8,-99.8,-99.8,-99.8,-99.8,-99.8
2023-06-21 09:00:00,-9999.1,-99.8,-99.8,3.6,284.0,6.3,287.0,0.0,-99.8,-99.8,-99.8,-99.8,-99.8,-99.8,-99.8
2023-06-21 10:00:00,-9999.1,-99.8,-99.8,6.0,288.0,9.0,300.0,0.0,-99.8,-99.8,-99.8,-99.8,-99.8,-99.8,-99.8
2023-06-21 11:00:00,-9999.1,-99.8,-99.8,4.7,278.0,9.2,289.0,0.0,-99.8,-99.8,-99.8,-99.8,-99.8,-99.8,-99.8
2023-06-21 12:00:00,-9999.1,-99.8,-99.8,4.9,284.0,8.9,287.0,0.0,-99.8,-99.8,-99.8,-99.8,-99.8,-99.8,-99.8
2023-06-21 13:00:00,-9999.1,-99.8,-99.8,3.6,279.0,9.0,286.0,0.0,-99.8,-99.8,-99.8,-99.8,-99.8,-99.8,-99.8
2023-06-21 14:00:00,-9999.1,-99.8,-99.8,4.9,281.0,8.5,282.0,0.0,-99.8,-99.8,-99.8,-99.8,-99.8,-99.8,-99.8
2023-06-21 15:00:00,-9999.1,-99.8,-99.8,6.6,282.0,11.2,283.0,0.0,-99.8,-99.8,-99.8,-99.8,-99.8,-99.8,-99.8
2023-06-21 16:00:00,-9999.1,-99.8,-99.8,5.2,284.0,10.1,287.0,0.0,-99.8,-99.8,-99.8,-99.8,-99.8,-99.8,-99.8
2023-06-21 17:00:00,-9999.1,-99.8,-99.8,5.9,289.0,9.4,287.0,-999.6,-99.8,-99.8,-99.8,-99.8,-99.8,-99.8,-99.8
2023-06-21 18:00:00,-9999.1,-99.8,-99.8,6.3,287.0,8.7,289.0,0.0,-99.8,-99.8,-99.8,-99.8,-99.8,-99.8,-99.8
2023-06-21 19:00:00,-9999.1,-99.8,-99.8,6.8,292.0,9.4,297.0,0.0,-99.8,-99.8,-99.8,-99.8,-99.8,-99.8,-99.8
2023-06-21 20:00:00,-9999.1,-99.8,-99.8,6.1,289.0,9.9,288.0,0.0,-99.8,-99.8,-99.8,-99.8,-99.8,-99.8,-99.8
2023-06-21 21:00:00,-9999.1,-99.8,-99.8,5.7,285.0,8.5,287.0,0.0,-99.8,-99.8,-99.8,-99.8,-99.8,-99.8,-99.8
2023-06-21 22:00:00,-9999.1,-99.8,-99.8,5.0,284.0,9.0,259.0,0.0,-99.8,-99.8,-99.8,-99.8,-99.8,-99.8,-99.8
2023-06-21 23:00:00,-9999.1,-99.8,-99.8,4.4,281.0,7.2,284.0,0.0,-99.8,-99.8,-99.8,-99.8,-99.8,-99.8,-99.8
2023-06-22 00:00:00,-9999.1,-99.8,-99.8,4.3,285.0,7.2,284.0,0.0,-99.8,-99.8,-99.8,-99.8,-99.8,-99.8,-99.8
2023-06-22 01:00:00,-9999.1,-99.8,-99.8,2.7,276.0,6.8,287.0,0.0,-99.8,-99.8,-99.8,-99.8,-99.8,-99.8,-99.8
2023-06-22 02:00:00,-9999.1,-99.8,-99.8,3.2,274.0,6.4,256.0,0.0,-99.8,-99.8,-99.8,-99.8,-99.8,-99.8,-99.8
2023-06-22 03:00:00,-9999.1,-99.8,-99.8,0.4,182.0,5.2,258.0,0.0,-99.8,-99.8,-99.8,-99.8,-99.8,-99.8,-99.8
2023-06-22 04:00:00,-9999.1,-99.8,-99.8,3.1,263.0,4.4,259.0,0.0,-99.8,-99.8,-99.8,-99.8,-99.8,-99.8,-99.8
2023-06-22 05:00:00,-9999.1,-99.8,-99.8,3.0,270.0,5.3,264.0,0.0,-99.8,-99.8,-99.8,-99.8,-99.8,-99.8,-99.8
2023-06-22 06:00:00,-9999.1,-99.8,-99.8,5.3,287.0,7.5,290.0,0.0,-99.8,-99.8,-99.8,-99.8,-99.8,-99.8,-99.8
2023-06-22 07:00:00,-9999.1,-99.8,-99.8,2.9,270.0,9.1,300.0,0.0,-99.8,-99.8,-99.8,-99.8,-99.8,-99.8,-99.8
2023-06-22 08:00:00,-9999.1,-99.8,-99.8,4.2,290.0,6.8,286.0,0.0,-99.8,-99.8,-99.8,-99.8,-99.8,-99.8,-99.8
2023-06-22 09:00:00,-9999.1,-99.8,-99.8,3.2,286.0,6.1,286.0,0.0,-99.8,-99.8,-99.8,-99.8,-99.8,-99.8,-99.8
2023-06-22 10:00:00,-9999.1,-99.8,-99.8,4.4,282.0,7.5,296.0,0.0,-99.8,-99.8,-99.8,-99.8,-99.8,-99.8,-99.8
2023-06-22 11:00:00,-9999.1,-99.8,-99.8,5.1,285.0,8.4,291.0,0.0,-99.8,-99.8,-99.8,-99.8,-99.8,-99.8,-99.8
2023-06-22 12:00:00,-9999.1,-99.8,-99.8,5.6,285.0,10.4,287.0,0.0,-99.8,-99.8,-99.8,-99.8,-99.8,-99.8,-99.8
2023-06-22 13:00:00,-9999.1,-99.8,-99.8,5.7,278.0,10.4,282.0,0.0,-99.8,-99.8,-99.8,-99.8,-99.8,-99.8,-99.8
2023-06-22 14:00:00,-9999.1,-99.8,-99.8,5.5,279.0,10.4,289.0,0.0,-99.8,-99.8,-99.8,-99.8,-99.8,-99.8,-99.8
2023-06-22 15:00:00,-9999.1,-99.8,-99.8,5.3,285.0,10.4,278.0,0.0,-99.8,-99.8,-99.8,-99.8,-99.8,-99.8,-99.8
2023-06-22 16:00:00,-9999.1,-99.8,-99.8,4.3,285.0,9.7,291.0,0.0,-99.8,-99.8,-99.8,-99.8,-99.8,-99.8,-99.8
2023-06-22 17:00:00,-9999.1,-99.8,-99.8,5.9,288.0,9.2,294.0,0.0,-99.8,-99.8,-99.8,-99.8,-99.8,-99.8,-99.8
2023-06-22 18:00:00,-9999.1,-99.8,-99.8,6.5,291.0,8.7,288.0,0.0,-99.8,-99.8,-99.8,-99.8,-99.8,-99.8,-99.8
2023-06-22 19:00:00,-9999.1,-99.8,-99.8,6.6,286.0,8.9,295.0,0.0,-99.8,-99.8,-99.8,-99.8,-99.8,-99.8,-99.8
2023-06-22 20:00:00,-9999.1,-99.8,-99.8,4.4,280.0,10.0,286.0,0.0,-99.8,-99.8,-99.8,-99.8,-99.8,-99.8,-99.8
2023-06-22 21:00:00,-9999.1,-99.8,-99.8,6.9,288.0,8.8,286.0,0.0,-99.8,-99.8,-99.8,-99.8,-99.8,-99.8,-99.8
2023-06-22 22:00:00,-9999.1,-99.8,-99.8,7.0,284.0,9.3,282.0,0.0,-99.8,-99.8,-99.8,-99.8,-99.8,-99.8,-99.8
2023-06-22 23:00:00,-9999.1,-99.8,-99.8,5.6,280.0,10.2,286.0,0.0,-99.8,-99.8,-99.8,-99.8,-99.8,-99.8,-99.8
2023-06-23 00:00:00,-9999.1,-99.8,-99.8,3.3,272.0,9.5,285.0,0.0,-99.8,-99.8,-99.8,-99.8,-99.8,-99.8,-99.8
2023-06-23 01:00:00,-9999.1,-99.8,-99.8,3.7,266.0,6.2,257.0,0.0,-99.8,-99.8,-99.8,-99.8,-99.8,-99.8,-99.8
2023-06-23 02:00:00,-9999.1,-99.8,-99.8,3.4,276.0,6.4,289.0,0.0,-99.8,-99.8,-99.8,-99.8,-99.8,-99.8,-99.8
2023-06-23 03:00:00,-9999.1,-99.8,-99.8,4.8,281.0,7.9,291.0,0.0,-99.8,-99.8,-99.8,-99.8,-99.8,-99.8,-99.8
2023-06-23 04:00:00,-9999.1,-99.8,-99.8,3.3,279.0,6.6,286.0,0.0,-99.8,-99.8,-99.8,-99.8,-99.8,-99.8,-99.8
2023-06-23 05:00:00,-9999.1,-99.8,-99.8,2.4,263.0,4.6,251.0,0.0,-99.8,-99.8,-99.8,-99.8,-99.8,-99.8,-99.8
2023-06-23 06:00:00,-9999.1,-99.8,-99.8,0.8,194.0,3.4,251.0,0.0,-99.8,-99.8,-99.8,-99.8,-99.8,-99.8,-99.8
2023-06-23 07:00:00,-9999.1,-99.8,-99.8,0.7,220.0,2.5,255.0,0.0,-99.8,-99.8,-99.8,-99.8,-99.8,-99.8,-99.8
2023-06-23 08:00:00,-9999.1,-99.8,-99.8,1.3,139.0,3.1,151.0,0.0,-99.8,-99.8,-99.8,-99.8,-99.8,-99.8,-99.8
2023-06-23 09:00:00,-9999.1,-99.8,-99.8,0.5,152.0,5.0,120.0,0.0,-99.8,-99.8,-99.8,-99.8,-99.8,-99.8,-99.8
2023-06-23 10:00:00,-9999.1,-99.8,-99.8,1.6,242.0,3.2,261.0,0.0,-99.8,-99.8,-99.8,-99.8,-99.8,-99.8,-99.8
2023-06-23 11:00:00,-9999.1,-99.8,-99.8,2.5,276.0,5.2,294.0,0.0,-99.8,-99.8,-99.8,-99.8,-99.8,-99.8,-99.8
2023-06-23 12:00:00,-9999.1,-99.8,-99.8,3.9,282.0,6.3,286.0,0.0,-99.8,-99.8,-99.8,-99.8,-99.8,-99.8,-99.8
2023-06-23 13:00:00,-9999.1,-99.8,-99.8,4.6,285.0,7.9,289.0,0.0,-99.8,-99.8,-99.8,-99.8,-99.8,-99.8,-99.8
2023-06-23 14:00:00,-9999.1,-99.8,-99.8,4.4,284.0,7.2,277.0,0.0,-99.8,-99.8,-99.8,-99.8,-99.8,-99.8,-99.8
2023-06-23 15:00:00,-9999.1,-99.8,-99.8,2.3,280.0,7.0,284.0,0.0,-99.8,-99.8,-99.8,-99.8,-99.8,-99.8,-99.8
2023-06-23 16:00:00,-9999.1,-99.8,-99.8,2.6,269.0,5.1,281.0,0.0,-99.8,-99.8,-99.8,-99.8,-99.8,-99.8,-99.8
2023-06-23 17:00:00,-9999.1,-99.8,-99.8,2.0,285.0,5.8,289.0,0.0,-99.8,-99.8,-99.8,-99.8,-99.8,-99.8,-99.8
2023-06-23 18:00:00,-9999.1,-99.8,-99.8,0.9,194.0,5.0,286.0,0.0,-99.8,-99.8,-99.8,-99.8,-99.8,-99.8,-99.8
2023-06-23 19:00:00,-9999.1,-99.8,-99.8,2.5,264.0,7.0,288.0,0.0,-99.8,-99.8,-99.8,-99.8,-99.8,-99.8,-99.8
2023-06-23 20:00:00,-9999.1,-99.8,-99.8,2.8,265.0,5.3,287.0,0.0,-99.8,-99.8,-99.8,-99.8,-99.8,-99.8,-99.8
2023-06-23 21:00:00,-9999.1,-99.8,-99.8,3.0,275.0,7.4,262.0,0.0,-99.8,-99.8,-99.8,-99.8,-99.8,-99.8,-99.8
2023-06-23 22:00:00,-9999.1,-99.8,-99.8,1.5,153.0,6.4,284.0,0.0,-99.8,-99.8,-99.8,-99.8,-99.8,-99.8,-99.8
2023-06-23 23:00:00,-9999.1,-99.8,-99.8,2.0,132.0,5.8,139.0,0.0,-99.8,-99.8,-99.8,-99.8,-99.8,-99.8,-99.8
2023-06-24 00:00:00,-9999.1,-99.8,-99.8,1.3,163.0,5.3,158.0,0.0,-99.8,-99.8,-99.8,-99.8,-99.8,-99.8,-99.8
2023-06-24 01:00:00,-9999.1,-99.8,-99.8,2.1,255.0,4.6,254.0,0.0,-99.8,-99.8,-99.8,-99.8,-99.8,-99.8,-99.8
2023-06-24 02:00:00,-9999.1,-99.8,-99.8,3.2,265.0,5.7,288.0,0.0,-99.8,-99.8,-99.8,-99.8,-99.8,-99.8,-99.8
2023-06-24 03:00:00,-9999.1,-99.8,-99.8,3.5,281.0,6.1,291.0,0.0,-99.8,-99.8,-99.8,-99.8,-99.8,-99.8,-99.8
2023-06-24 04:00:00,-9999.1,-99.8,-99.8,2.8,275.0,5.3,259.0,0.0,-99.8,-99.8,-99.8,-99.8,-99.8,-99.8,-99.8
2023-06-24 05:00:00,-9999.1,-99.8,-99.8,2.7,271.0,5.0,258.0,0.0,-99.8,-99.8,-99.8,-99.8,-99.8,-99.8,-99.8
2023-06-24 06:00:00,-9999.1,-99.8,-99.8,3.4,277.0,6.1,257.0,0.0,-99.8,-99.8,-99.8,-99.8,-99.8,-99.8,-99.8
2023-06-24 07:00:00,-9999.1,-99.8,-99.8,2.6,263.0,5.6,258.0,0.0,-99.8,-99.8,-99.8,-99.8,-99.8,-99.8,-99.8
2023-06-24 08:00:00,-9999.1,-99.8,-99.8,1.9,243.0,4.3,244.0,0.0,-99.8,-99.8,-99.8,-99.8,-99.8,-99.8,-99.8
2023-06-24 09:00:00,-9999.1,-99.8,-99.8,2.4,281.0,4.4,284.0,0.0,-99.8,-99.8,-99.8,-99.8,-99.8,-99.8,-99.8
2023-06-24 10:00:00,-9999.1,-99.8,-99.8,1.4,261.0,4.2,281.0,0.0,-99.8,-99.8,-99.8,-99.8,-99.8,-99.8,-99.8
2023-06-24 11:00:00,-9999.1,-99.8,-99.8,1.7,259.0,5.1,273.0,0.0,-99.8,-99.8,-99.8,-99.8,-99.8,-99.8,-99.8
2023-06-24 12:00:00,-9999.1,-99.8,-99.8,2.4,263.0,4.8,261.0,0.0,-99.8,-99.8,-99.8,-99.8,-99.8,-99.8,-99.8
2023-06-24 13:00:00,-9999.1,-99.8,-99.8,2.9,266.0,6.8,283.0,0.0,-99.8,-99.8,-99.8,-99.8,-99.8,-99.8,-99.8
2023-06-24 14:00:00,-9999.1,-99.8,-99.8,3.1,282.0,6.6,284.0,0.0,-99.8,-99.8,-99.8,-99.8,-99.8,-99.8,-99.8
2023-06-24 15:00:00,-9999.1,-99.8,-99.8,2.2,265.0,5.7,266.0,0.0,-99.8,-99.8,-99.8,-99.8,-99.8,-99.8,-99.8
2023-06-24 16:00:00,-9999.1,-99.8,-99.8,0.9,137.0,4.7,271.0,0.0,-99.8,-99.8,-99.8,-99.8,-99.8,-99.8,-99.8
2023-06-24 17:00:00,-9999.1,-99.8,-99.8,2.3,125.0,6.0,120.0,0.0,-99.8,-99.8,-99.8,-99.8,-99.8,-99.8,-99.8
2023-06-24 18:00:00,-9999.1,-99.8,-99.8,3.1,116.0,5.7,113.0,0.0,-99.8,-99.8,-99.8,-99.8,-99.8,-99.8,-99.8
2023-06-24 19:00:00,-9999.1,-99.8,-99.8,1.5,104.0,5.9,99.0,0.0,-99.8,-99.8,-99.8,-99.8,-99.8,-99.8,-99.8
2023-06-24 20:00:00,-9999.1,-99.8,-99.8,2.9,115.0,5.5,134.0,0.0,-99.8,-99.8,-99.8,-99.8,-99.8,-99.8,-99.8
2023-06-24 21:00:00,-9999.1,-99.8,-99.8,0.9,149.0,4.7,150.0,0.0,-99.8,-99.8,-99.8,-99.8,-99.8,-99.8,-99.8
2023-06-24 22:00:00,-9999.1,-99.8,-99.8,4.6,115.0,6.9,121.0,0.0,-99.8,-99.8,-99.8,-99.8,-99.8,-99.8,-99.8
2023-06-24 23:00:00,-9999.1,-99.8,-99.8,4.7,111.0,7.7,108.0,0.5,-99.8,-99.8,-99.8,-99.8,-99.8,-99.8,-99.8
2023-06-25 00:00:00,-9999.1,-99.8,-99.8,4.7,117.0,6.2,96.0,0.0,-99.8,-99.8,-99.8,-99.8,-99.8,-99.8,-99.8
2023-06-25 01:00:00,-9999.1,-99.8,-99.8,5.8,128.0,8.6,136.0,0.0,-99.8,-99.8,-99.8,-99.8,-99.8,-99.8,-99.8
2023-06-25 02:00:00,-9999.1,-99.8,-99.8,6.7,118.0,9.3,107.0,0.0,-99.8,-99.8,-99.8,-99.8,-99.8,-99.8,-99.8
2023-06-25 03:00:00,-9999.1,-99.8,-99.8,9.7,117.0,13.3,109.0,0.0,-99.8,-99.8,-99.8,-99.8,-99.8,-99.8,-99.8
2023-06-25 04:00:00,-9999.1,-99.8,-99.8,8.0,124.0,12.8,111.0,0.0,-99.8,-99.8,-99.8,-99.8,-99.8,-99.8,-99.8
2023-06-25 05:00:00,-9999.1,-99.8,-99.8,8.9,123.0,13.5,108.0,0.0,-99.8,-99.8,-99.8,-99.8,-99.8,-99.8,-99.8
2023-06-25 06:00:00,-9999.1,-99.8,-99.8,8.4,121.0,13.9,111.0,0.0,-99.8,-99.8,-99.8,-99.8,-99.8,-99.8,-99.8
2023-06-25 07:00:00,-9999.1,-99.8,-99.8,7.0,123.0,11.8,121.0,0.0,-99.8,-99.8,-99.8,-99.8,-99.8,-99.8,-99.8
2023-06-25 08:00:00,-9999.1,-99.8,-99.8,5.3,105.0,11.6,107.0,0.0,-99.8,-99.8,-99.8,-99.8,-99.8,-99.8,-99.8
2023-06-25 09:00:00,-9999.1,-99.8,-99.8,2.0,122.0,10.7,117.0,0.0,-99.8,-99.8,-99.8,-99.8,-99.8,-99.8,-99.8
2023-06-25 10:00:00,-9999.1,-99.8,-99.8,2.9,130.0,8.0,109.0,0.0,-99.8,-99.8,-99.8,-99.8,-99.8,-99.8,-99.8
2023-06-25 11:00:00,-9999.1,-99.8,-99.8,1.5,141.0,6.4,115.0,0.0,-99.8,-99.8,-99.8,-99.8,-99.8,-99.8,-99.8
2023-06-25 12:00:00,-9999.1,-99.8,-99.8,1.0,176.0,5.3,132.0,0.0,-99.8,-99.8,-99.8,-99.8,-99.8,-99.8,-99.8
2023-06-25 13:00:00,-9999.1,-99.8,-99.8,1.6,156.0,5.6,139.0,0.0,-99.8,-99.8,-99.8,-99.8,-99.8,-99.8,-99.8
2023-06-25 14:00:00,-9999.1,-99.8,-99.8,3.6,123.0,6.7,116.0,0.0,-99.8,-99.8,-99.8,-99.8,-99.8,-99.8,-99.8
2023-06-25 15:00:00,-9999.1,-99.8,-99.8,2.9,135.0,7.9,137.0,0.0,-99.8,-99.8,-99.8,-99.8,-99.8,-99.8,-99.8
2023-06-25 16:00:00,-9999.1,-99.8,-99.8,2.7,135.0,6.6,108.0,0.0,-99.8,-99.8,-99.8,-99.8,-99.8,-99.8,-99.8
2023-06-25 17:00:00,-9999.1,-99.8,-99.8,2.0,118.0,6.2,110.0,0.0,-99.8,-99.8,-99.8,-99.8,-99.8,-99.8,-99.8
2023-06-25 18:00:00,-9999.1,-99.8,-99.8,2.5,122.0,5.9,121.0,0.0,-99.8,-99.8,-99.8,-99.8,-99.8,-99.8,-99.8
2023-06-25 19:00:00,-9999.1,-99.8,-99.8,4.5,124.0,7.4,121.0,0.0,-99.8,-99.8,-99.8,-99.8,-99.8,-99.8,-99.8
2023-06-25 20:00:00,-9999.1,-99.8,-99.8,6.4,120.0,9.7,94.0,0.0,-99.8,-99.8,-99.8,-99.8,-99.8,-99.8,-99.8
2023-06-25 21:00:00,-9999.1,-99.8,-99.8,5.5,130.0,9.9,115.0,0.0,-99.8,-99.8,-99.8,-99.8,-99.8,-99.8,-99.8
2023-06-25 22:00:00,-9999.1,-99.8,-99.8,5.2,136.0,9.0,153.0,0.0,-99.8,-99.8,-99.8,-99.8,-99.8,-99.8,-99.8
2023-06-25 23:00:00,-9999.1,-99.8,-99.8,4.3,128.0,9.1,130.0,0.0,-99.8,-99.8,-99.8,-99.8,-99.8,-99.8,-99.8
2023-06-26 00:00:00,-9999.1,-99.8,-99.8,6.1,128.0,10.9,126.0,0.0,-99.8,-99.8,-99.8,-99.8,-99.8,-99.8,-99.8
2023-06-26 01:00:00,-9999.1,-99.8,-99.8,6.3,128.0,10.2,146.0,0.0,-99.8,-99.8,-99.8,-99.8,-99.8,-99.8,-99.8
2023-06-26 02:00:00,-9999.1,-99.8,-99.8,6.6,132.0,11.2,142.0,0.0,-99.8,-99.8,-99.8,-99.8,-99.8,-99.8,-99.8
2023-06-26 03:00:00,-9999.1,-99.8,-99.8,6.7,133.0,11.1,135.0,0.0,-99.8,-99.8,-99.8,-99.8,-99.8,-99.8,-99.8
2023-06-26 04:00:00,-9999.1,-99.8,-99.8,5.8,146.0,12.5,143.0,0.0,-99.8,-99.8,-99.8,-99.8,-99.8,-99.8,-99.8
2023-06-26 05:00:00,-9999.1,-99.8,-99.8,5.3,148.0,12.6,147.0,0.0,-99.8,-99.8,-99.8,-99.8,-99.8,-99.8,-99.8
2023-06-26 06:00:00,-9999.1,-99.8,-99.8,4.9,131.0,10.6,148.0,0.0,-99.8,-99.8,-99.8,-99.8,-99.8,-99.8,-99.8
2023-06-26 07:00:00,-9999.1,-99.8,-99.8,3.9,128.0,8.4,147.0,0.0,-99.8,-99.8,-99.8,-99.8,-99.8,-99.8,-99.8
2023-06-26 08:00:00,-9999.1,-99.8,-99.8,3.1,129.0,7.2,136.0,0.0,-99.8,-99.8,-99.8,-99.8,-99.8,-99.8,-99.8
2023-06-26 09:00:00,-9999.1,-99.8,-99.8,2.2,125.0,7.9,130.0,0.0,-99.8,-99.8,-99.8,-99.8,-99.8,-99.8,-99.8
2023-06-26 10:00:00,-9999.1,-99.8,-99.8,1.3,143.0,5.7,110.0,0.0,-99.8,-99.8,-99.8,-99.8,-99.8,-99.8,-99.8
2023-06-26 11:00:00,-9999.1,-99.8,-99.8,1.9,131.0,4.9,113.0,0.0,-99.8,-99.8,-99.8,-99.8,-99.8,-99.8,-99.8
2023-06-26 12:00:00,-9999.1,-99.8,-99.8,0.8,182.0,5.0,159.0,0.0,-99.8,-99.8,-99.8,-99.8,-99.8,-99.8,-99.8
2023-06-26 13:00:00,-9999.1,-99.8,-99.8,3.6,128.0,6.3,123.0,0.0,-99.8,-99.8,-99.8,-99.8,-99.8,-99.8,-99.8
2023-06-26 14:00:00,-9999.1,-99.8,-99.8,0.9,142.0,5.9,127.0,0.0,-99.8,-99.8,-99.8,-99.8,-99.8,-99.8,-99.8
2023-06-26 15:00:00,-9999.1,-99.8,-99.8,3.1,116.0,6.2,130.0,0.0,-99.8,-99.8,-99.8,-99.8,-99.8,-99.8,-99.8
2023-06-26 16:00:00,-9999.1,-99.8,-99.8,4.7,119.0,7.4,146.0,0.5,-99.8,-99.8,-99.8,-99.8,-99.8,-99.8,-99.8
2023-06-26 17:00:00,-9999.1,-99.8,-99.8,5.5,125.0,8.9,123.0,5.5,-99.8,-99.8,-99.8,-99.8,-99.8,-99.8,-99.8
2023-06-26 18:00:00,-9999.1,-99.8,-99.8,3.3,110.0,8.0,115.0,0.0,-99.8,-99.8,-99.8,-99.8,-99.8,-99.8,-99.8
2023-06-26 19:00:00,-9999.1,-99.8,-99.8,2.0,111.0,5.0,114.0,1.5,-99.8,-99.8,-99.8,-99.8,-99.8,-99.8,-99.8
2023-06-26 20:00:00,-9999.1,-99.8,-99.8,3.3,126.0,5.4,150.0,0.0,-99.8,-99.8,-99.8,-99.8,-99.8,-99.8,-99.8
2023-06-26 21:00:00,-9999.1,-99.8,-99.8,6.9,111.0,9.3,101.0,0.0,-99.8,-99.8,-99.8,-99.8,-99.8,-99.8,-99.8
2023-06-26 22:00:00,-9999.1,-99.8,-99.8,4.7,124.0,8.4,117.0,0.0,-99.8,-99.8,-99.8,-99.8,-99.8,-99.8,-99.8
2023-06-26 23:00:00,-9999.1,-99.8,-99.8,5.7,115.0,7.4,103.0,0.0,-99.8,-99.8,-99.8,-99.8,-99.8,-99.8,-99.8
2023-06-27 00:00:00,-9999.1,-99.8,-99.8,4.4,116.0,6.8,109.0,0.0,-99.8,-99.8,-99.8,-99.8,-99.8,-99.8,-99.8
2023-06-27 01:00:00,-9999.1,-99.8,-99.8,5.8,115.0,7.9,115.0,-999.6,-99.8,-99.8,-99.8,-99.8,-99.8,-99.8,-99.8
2023-06-27 02:00:00,-9999.1,-99.8,-99.8,4.9,117.0,8.0,113.0,0.0,-99.8,-99.8,-99.8,-99.8,-99.8,-99.8,-99.8
2023-06-27 03:00:00,-9999.1,-99.8,-99.8,6.4,118.0,8.6,112.0,0.0,-99.8,-99.8,-99.8,-99.8,-99.8,-99.8,-99.8
2023-06-27 04:00:00,-9999.1,-99.8,-99.8,6.6,116.0,9.6,100.0,0.0,-99.8,-99.8,-99.8,-99.8,-99.8,-99.8,-99.8
2023-06-27 05:00:00,-9999.1,-99.8,-99.8,4.1,113.0,7.4,112.0,0.0,-99.8,-99.8,-99.8,-99.8,-99.8,-99.8,-99.8
2023-06-27 06:00:00,-9999.1,-99.8,-99.8,4.9,118.0,8.0,128.0,0.0,-99.8,-99.8,-99.8,-99.8,-99.8,-99.8,-99.8
2023-06-27 07:00:00,-9999.1,-99.8,-99.8,3.6,122.0,8.2,108.0,0.0,-99.8,-99.8,-99.8,-99.8,-99.8,-99.8,-99.8
2023-06-27 08:00:00,-9999.1,-99.8,-99.8,5.4,117.0,7.4,124.0,0.0,-99.8,-99.8,-99.8,-99.8,-99.8,-99.8,-99.8
2023-06-27 09:00:00,-9999.1,-99.8,-99.8,4.0,122.0,8.3,126.0,0.0,-99.8,-99.8,-99.8,-99.8,-99.8,-99.8,-99.8
2023-06-27 10:00:00,-9999.1,-99.8,-99.8,4.3,123.0,7.3,121.0,0.0,-99.8,-99.8,-99.8,-99.8,-99.8,-99.8,-99.8
2023-06-27 11:00:00,-9999.1,-99.8,-99.8,3.7,125.0,6.4,130.0,0.0,-99.8,-99.8,-99.8,-99.8,-99.8,-99.8,-99.8
2023-06-27 12:00:00,-9999.1,-99.8,-99.8,1.8,215.0,7.1,147.0,0.0,-99.8,-99.8,-99.8,-99.8,-99.8,-99.8,-99.8
2023-06-27 13:00:00,-9999.1,-99.8,-99.8,1.1,218.0,3.1,210.0,0.0,-99.8,-99.8,-99.8,-99.8,-99.8,-99.8,-99.8
2023-06-27 14:00:00,-9999.1,-99.8,-99.8,1.3,171.0,4.1,151.0,0.0,-99.8,-99.8,-99.8,-99.8,-99.8,-99.8,-99.8
2023-06-27 15:00:00,-9999.1,-99.8,-99.8,1.2,178.0,3.2,141.0,0.0,-99.8,-99.8,-99.8,-99.8,-99.8,-99.8,-99.8
2023-06-27 16:00:00,-9999.1,-99.8,-99.8,1.2,130.0,3.7,160.0,0.0,-99.8,-99.8,-99.8,-99.8,-99.8,-99.8,-99.8
2023-06-27 17:00:00,-9999.1,-99.8,-99.8,3.6,132.0,5.5,127.0,0.0,-99.8,-99.8,-99.8,-99.8,-99.8,-99.8,-99.8
2023-06-27 18:00:00,-9999.1,-99.8,-99.8,3.1,118.0,6.4,137.0,0.0,-99.8,-99.8,-99.8,-99.8,-99.8,-99.8,-99.8
2023-06-27 19:00:00,-9999.1,-99.8,-99.8,0.9,303.0,5.1,114.0,0.0,-99.8,-99.8,-99.8,-99.8,-99.8,-99.8,-99.8
2023-06-27 20:00:00,-9999.1,-99.8,-99.8,4.8,114.0,7.0,109.0,0.0,-99.8,-99.8,-99.8,-99.8,-99.8,-99.8,-99.8
2023-06-27 21:00:00,-9999.1,-99.8,-99.8,3.5,136.0,7.9,105.0,0.0,-99.8,-99.8,-99.8,-99.8,-99.8,-99.8,-99.8
2023-06-27 22:00:00,-9999.1,-99.8,-99.8,4.8,133.0,8.0,137.0,0.0,-99.8,-99.8,-99.8,-99.8,-99.8,-99.8,-99.8
2023-06-27 23:00:00,-9999.1,-99.8,-99.8,5.0,130.0,8.4,120.0,0.0,-99.8,-99.8,-99.8,-99.8,-99.8,-99.8,-99.8
2023-06-28 00:00:00,-9999.1,-99.8,-99.8,4.4,104.0,9.8,109.0,0.0,-99.8,-99.8,-99.8,-99.8,-99.8,-99.8,-99.8
2023-06-28 01:00:00,-9999.1,-99.8,-99.8,1.8,130.0,7.6,87.0,0.0,-99.8,-99.8,-99.8,-99.8,-99.8,-99.8,-99.8
2023-06-28 02:00:00,-9999.1,-99.8,-99.8,5.2,104.0,7.3,117.0,0.0,-99.8,-99.8,-99.8,-99.8,-99.8,-99.8,-99.8
2023-06-28 03:00:00,-9999.1,-99.8,-99.8,6.1,107.0,10.0,99.0,0.0,-99.8,-99.8,-99.8,-99.8,-99.8,-99.8,-99.8
2023-06-28 04:00:00,-9999.1,-99.8,-99.8,5.9,110.0,8.4,110.0,0.0,-99.8,-99.8,-99.8,-99.8,-99.8,-99.8,-99.8
2023-06-28 05:00:00,-9999.1,-99.8,-99.8,4.5,123.0,9.8,111.0,0.0,-99.8,-99.8,-99.8,-99.8,-99.8,-99.8,-99.8
2023-06-28 06:00:00,-9999.1,-99.8,-99.8,6.2,132.0,11.6,112.0,0.5,-99.8,-99.8,-99.8,-99.8,-99.8,-99.8,-99.8
2023-06-28 07:00:00,-9999.1,-99.8,-99.8,8.4,129.0,15.2,122.0,2.5,-99.8,-99.8,-99.8,-99.8,-99.8,-99.8,-99.8
2023-06-28 08:00:00,-9999.1,-99.8,-99.8,9.3,131.0,14.8,129.0,0.0,-99.8,-99.8,-99.8,-99.8,-99.8,-99.8,-99.8
2023-06-28 09:00:00,-9999.1,-99.8,-99.8,7.0,133.0,15.4,122.0,0.0,-99.8,-99.8,-99.8,-99.8,-99.8,-99.8,-99.8
2023-06-28 10:00:00,-9999.1,-99.8,-99.8,5.4,125.0,12.4,97.0,0.0,-99.8,-99.8,-99.8,-99.8,-99.8,-99.8,-99.8
2023-06-28 11:00:00,-9999.1,-99.8,-99.8,2.7,264.0,11.1,140.0,0.0,-99.8,-99.8,-99.8,-99.8,-99.8,-99.8,-99.8
2023-06-28 12:00:00,-9999.1,-99.8,-99.8,4.1,277.0,8.0,288.0,0.0,-99.8,-99.8,-99.8,-99.8,-99.8,-99.8,-99.8
2023-06-28 13:00:00,-9999.1,-99.8,-99.8,5.3,273.0,11.6,286.0,0.0,-99.8,-99.8,-99.8,-99.8,-99.8,-99.8,-99.8
2023-06-28 14:00:00,-9999.1,-99.8,-99.8,2.4,221.0,8.7,284.0,0.5,-99.8,-99.8,-99.8,-99.8,-99.8,-99.8,-99.8
2023-06-28 15:00:00,-9999.1,-99.8,-99.8,1.4,190.0,5.4,193.0,0.5,-99.8,-99.8,-99.8,-99.8,-99.8,-99.8,-99.8
2023-06-28 16:00:00,-9999.1,-99.8,-99.8,5.4,122.0,7.7,109.0,0.5,-99.8,-99.8,-99.8,-99.8,-99.8,-99.8,-99.8
2023-06-28 17:00:00,-9999.1,-99.8,-99.8,7.2,120.0,10.2,121.0,1.5,-99.8,-99.8,-99.8,-99.8,-99.8,-99.8,-99.8
2023-06-28 18:00:00,-9999.1,-99.8,-99.8,8.3,126.0,13.1,136.0,2.5,-99.8,-99.8,-99.8,-99.8,-99.8,-99.8,-99.8
2023-06-28 19:00:00,-9999.1,-99.8,-99.8,8.4,134.0,13.2,131.0,0.5,-99.8,-99.8,-99.8,-99.8,-99.8,-99.8,-99.8
2023-06-28 20:00:00,-9999.1,-99.8,-99.8,9.5,130.0,16.2,144.0,0.5,-99.8,-99.8,-99.8,-99.8,-99.8,-99.8,-99.8
2023-06-28 21:00:00,-9999.1,-99.8,-99.8,9.8,134.0,17.5,99.0,0.0,-99.8,-99.8,-99.8,-99.8,-99.8,-99.8,-99.8
2023-06-28 22:00:00,-9999.1,-99.8,-99.8,5.0,138.0,14.2,140.0,0.0,-99.8,-99.8,-99.8,-99.8,-99.8,-99.8,-99.8
2023-06-28 23:00:00,-9999.1,-99.8,-99.8,1.6,158.0,11.1,142.0,0.0,-99.8,-99.8,-99.8,-99.8,-99.8,-99.8,-99.8
2023-06-29 00:00:00,-9999.1,-99.8,-99.8,1.7,185.0,9.5,147.0,0.0,-99.8,-99.8,-99.8,-99.8,-99.8,-99.8,-99.8
2023-06-29 01:00:00,-9999.1,-99.8,-99.8,3.5,261.0,6.1,259.0,0.0,-99.8,-99.8,-99.8,-99.8,-99.8,-99.8,-99.8
2023-06-29 02:00:00,-9999.1,-99.8,-99.8,1.7,160.0,7.7,240.0,0.0,-99.8,-99.8,-99.8,-99.8,-99.8,-99.8,-99.8
2023-06-29 03:00:00,-9999.1,-99.8,-99.8,3.2,171.0,10.6,140.0,0.0,-99.8,-99.8,-99.8,-99.8,-99.8,-99.8,-99.8
2023-06-29 04:00:00,-9999.1,-99.8,-99.8,4.6,141.0,10.2,150.0,0.0,-99.8,-99.8,-99.8,-99.8,-99.8,-99.8,-99.8
2023-06-29 05:00:00,-9999.1,-99.8,-99.8,4.2,122.0,9.2,170.0,0.0,-99.8,-99.8,-99.8,-99.8,-99.8,-99.8,-99.8
2023-06-29 06:00:00,-9999.1,-99.8,-99.8,4.7,127.0,10.1,145.0,0.0,-99.8,-99.8,-99.8,-99.8,-99.8,-99.8,-99.8
2023-06-29 07:00:00,-9999.1,-99.8,-99.8,4.3,118.0,10.2,146.0,0.0,-99.8,-99.8,-99.8,-99.8,-99.8,-99.8,-99.8
2023-06-29 08:00:00,-9999.1,-99.8,-99.8,3.1,125.0,8.5,111.0,0.0,-99.8,-99.8,-99.8,-99.8,-99.8,-99.8,-99.8
2023-06-29 09:00:00,-9999.1,-99.8,-99.8,1.3,181.0,10.6,228.0,0.0,-99.8,-99.8,-99.8,-99.8,-99.8,-99.8,-99.8
2023-06-29 10:00:00,-9999.1,-99.8,-99.8,0.9,166.0,11.1,147.0,0.0,-99.8,-99.8,-99.8,-99.8,-99.8,-99.8,-99.8
2023-06-29 11:00:00,-9999.1,-99.8,-99.8,1.1,131.0,6.3,115.0,0.0,-99.8,-99.8,-99.8,-99.8,-99.8,-99.8,-99.8
2023-06-29 12:00:00,-9999.1,-99.8,-99.8,0.8,217.0,4.0,162.0,0.0,-99.8,-99.8,-99.8,-99.8,-99.8,-99.8,-99.8
2023-06-29 13:00:00,-9999.1,-99.8,-99.8,1.3,185.0,5.6,75.0,0.0,-99.8,-99.8,-99.8,-99.8,-99.8,-99.8,-99.8
2023-06-29 14:00:00,-9999.1,-99.8,-99.8,2.9,129.0,6.0,160.0,0.0,-99.8,-99.8,-99.8,-99.8,-99.8,-99.8,-99.8
2023-06-29 15:00:00,-9999.1,-99.8,-99.8,3.8,124.0,7.8,121.0,3.5,-99.8,-99.8,-99.8,-99.8,-99.8,-99.8,-99.8
2023-06-29 16:00:00,-9999.1,-99.8,-99.8,1.2,176.0,12.1,142.0,0.5,-99.8,-99.8,-99.8,-99.8,-99.8,-99.8,-99.8
2023-06-29 17:00:00,-9999.1,-99.8,-99.8,3.5,265.0,11.1,260.0,9.5,-99.8,-99.8,-99.8,-99.8,-99.8,-99.8,-99.8
2023-06-29 18:00:00,-9999.1,-99.8,-99.8,1.4,266.0,5.4,293.0,0.0,-99.8,-99.8,-99.8,-99.8,-99.8,-99.8,-99.8
2023-06-29 19:00:00,-9999.1,-99.8,-99.8,2.3,150.0,8.0,115.0,11.5,-99.8,-99.8,-99.8,-99.8,-99.8,-99.8,-99.8
2023-06-29 20:00:00,-9999.1,-99.8,-99.8,2.7,226.0,9.8,152.0,2.5,-99.8,-99.8,-99.8,-99.8,-99.8,-99.8,-99.8
2023-06-29 21:00:00,-9999.1,-99.8,-99.8,4.4,249.0,8.2,245.0,0.5,-99.8,-99.8,-99.8,-99.8,-99.8,-99.8,-99.8
2023-06-29 22:00:00,-9999.1,-99.8,-99.8,2.1,192.0,6.7,244.0,0.0,-99.8,-99.8,-99.8,-99.8,-99.8,-99.8,-99.8
2023-06-29 23:00:00,-9999.1,-99.8,-99.8,1.5,183.0,5.3,140.0,0.0,-99.8,-99.8,-99.8,-99.8,-99.8,-99.8,-99.8
2023-06-30 00:00:00,-9999.1,-99.8,-99.8,2.3,167.0,6.9,164.0,0.0,-99.8,-99.8,-99.8,-99.8,-99.8,-99.8,-99.8
2023-06-30 01:00:00,-9999.1,-99.8,-99.8,2.6,171.0,6.5,147.0,0.0,-99.8,-99.8,-99.8,-99.8,-99.8,-99.8,-99.8
2023-06-30 02:00:00,-9999.1,-99.8,-99.8,3.0,164.0,9.0,156.0,0.0,-99.8,-99.8,-99.8,-99.8,-99.8,-99.8,-99.8
2023-06-30 03:00:00,-9999.1,-99.8,-99.8,5.6,135.0,11.0,150.0,0.0,-99.8,-99.8,-99.8,-99.8,-99.8,-99.8,-99.8
2023-06-30 04:00:00,-9999.1,-99.8,-99.8,3.0,160.0,10.8,127.0,0.0,-99.8,-99.8,-99.8,-99.8,-99.8,-99.8,-99.8
2023-06-30 05:00:00,-9999.1,-99.8,-99.8,2.9,185.0,7.6,214.0,0.0,-99.8,-99.8,-99.8,-99.8,-99.8,-99.8,-99.8
2023-06-30 06:00:00,-9999.1,-99.8,-99.8,3.9,197.0,8.8,215.0,0.0,-99.8,-99.8,-99.8,-99.8,-99.8,-99.8,-99.8
2023-06-30 07:00:00,-9999.1,-99.8,-99.8,4.1,153.0,11.0,147.0,0.0,-99.8,-99.8,-99.8,-99.8,-99.8,-99.8,-99.8
2023-06-30 08:00:00,-9999.1,-99.8,-99.8,2.4,200.0,9.0,158.0,0.0,-99.8,-99.8,-99.8,-99.8,-99.8,-99.8,-99.8
2023-06-30 09:00:00,-9999.1,-99.8,-99.8,1.6,248.0,3.8,249.0,0.0,-99.8,-99.8,-99.8,-99.8,-99.8,-99.8,-99.8
2023-06-30 10:00:00,-9999.1,-99.8,-99.8,0.9,250.0,4.1,254.0,0.0,-99.8,-99.8,-99.8,-99.8,-99.8,-99.8,-99.8
2023-06-30 11:00:00,-9999.1,-99.8,-99.8,2.2,273.0,5.6,278.0,0.0,-99.8,-99.8,-99.8,-99.8,-99.8,-99.8,-99.8
2023-06-30 12:00:00,-9999.1,-99.8,-99.8,3.9,277.0,7.1,289.0,0.0,-99.8,-99.8,-99.8,-99.8,-99.8,-99.8,-99.8
2023-06-30 13:00:00,-9999.1,-99.8,-99.8,4.5,283.0,8.1,277.0,0.0,-99.8,-99.8,-99.8,-99.8,-99.8,-99.8,-99.8
2023-06-30 14:00:00,-9999.1,-99.8,-99.8,3.4,279.0,8.0,282.0,0.0,-99.8,-99.8,-99.8,-99.8,-99.8,-99.8,-99.8
2023-06-30 15:00:00,-9999.1,-99.8,-99.8,3.8,265.0,8.1,271.0,0.5,-99.8,-99.8,-99.8,-99.8,-99.8,-99.8,-99.8
2023-06-30 16:00:00,-9999.1,-99.8,-99.8,5.5,276.0,10.5,283.0,0.5,-99.8,-99.8,-99.8,-99.8,-99.8,-99.8,-99.8
2023-06-30 17:00:00,-9999.1,-99.8,-99.8,2.3,236.0,7.9,281.0,3.0,-99.8,-99.8,-99.8,-99.8,-99.8,-99.8,-99.8
2023-06-30 18:00:00,-9999.1,-99.8,-99.8,2.6,291.0,5.8,289.0,1.5,-99.8,-99.8,-99.8,-99.8,-99.8,-99.8,-99.8
2023-06-30 19:00:00,-9999.1,-99.8,-99.8,2.6,124.0,5.0,180.0,2.5,-99.8,-99.8,-99.8,-99.8,-99.8,-99.8,-99.8
2023-06-30 20:00:00,-9999.1,-99.8,-99.8,3.7,123.0,7.8,89.0,0.0,-99.8,-99.8,-99.8,-99.8,-99.8,-99.8,-99.8
2023-06-30 21:00:00,-9999.1,-99.8,-99.8,2.0,136.0,4.9,147.0,0.0,-99.8,-99.8,-99.8,-99.8,-99.8,-99.8,-99.8
2023-06-30 22:00:00,-9999.1,-99.8,-99.8,5.1,134.0,8.0,147.0,0.0,-99.8,-99.8,-99.8,-99.8,-99.8,-99.8,-99.8
2023-06-30 23:00:00,-9999.1,-99.8,-99.8,3.6,122.0,8.0,154.0,0.0,-99.8,-99.8,-99.8,-99.8,-99.8,-99.8,-99.8
2023-07-01 00:00:00,-9999.1,-99.8,-99.8,4.5,125.0,7.5,150.0,0.0,-99.8,-99.8,-99.8,-99.8,-99.8,-99.8,-99.8
2023-07-01 01:00:00,-9999.1,-99.8,-99.8,4.0,126.0,8.1,131.0,0.0,-99.8,-99.8,-99.8,-99.8,-99.8,-99.8,-99.8
2023-07-01 02:00:00,-9999.1,-99.8,-99.8,3.4,158.0,7.0,140.0,0.0,-99.8,-99.8,-99.8,-99.8,-99.8,-99.8,-99.8
2023-07-01 03:00:00,-9999.1,-99.8,-99.8,6.7,126.0,10.1,118.0,0.0,-99.8,-99.8,-99.8,-99.8,-99.8,-99.8,-99.8
2023-07-01 04:00:00,-9999.1,-99.8,-99.8,5.1,159.0,13.2,94.0,0.0,-99.8,-99.8,-99.8,-99.8,-99.8,-99.8,-99.8
2023-07-01 05:00:00,-9999.1,-99.8,-99.8,6.0,178.0,10.3,189.0,0.0,-99.8,-99.8,-99.8,-99.8,-99.8,-99.8,-99.8
2023-07-01 06:00:00,-9999.1,-99.8,-99.8,1.8,159.0,10.4,135.0,0.0,-99.8,-99.8,-99.8,-99.8,-99.8,-99.8,-99.8
2023-07-01 07:00:00,-9999.1,-99.8,-99.8,5.6,141.0,12.0,138.0,0.0,-99.8,-99.8,-99.8,-99.8,-99.8,-99.8,-99.8
2023-07-01 08:00:00,-9999.1,-99.8,-99.8,3.8,151.0,10.8,146.0,0.0,-99.8,-99.8,-99.8,-99.8,-99.8,-99.8,-99.8
2023-07-01 09:00:00,-9999.1,-99.8,-99.8,1.7,191.0,12.6,144.0,0.0,-99.8,-99.8,-99.8,-99.8,-99.8,-99.8,-99.8
2023-07-01 10:00:00,-9999.1,-99.8,-99.8,0.9,236.0,4.8,157.0,0.0,-99.8,-99.8,-99.8,-99.8,-99.8,-99.8,-99.8
2023-07-01 11:00:00,-9999.1,-99.8,-99.8,2.3,274.0,4.1,281.0,0.0,-99.8,-99.8,-99.8,-99.8,-99.8,-99.8,-99.8
2023-07-01 12:00:00,-9999.1,-99.8,-99.8,1.7,260.0,4.1,259.0,0.0,-99.8,-99.8,-99.8,-99.8,-99.8,-99.8,-99.8
2023-07-01 13:00:00,-9999.1,-99.8,-99.8,2.1,255.0,5.1,273.0,0.0,-99.8,-99.8,-99.8,-99.8,-99.8,-99.8,-99.8
2023-07-01 14:00:00,-9999.1,-99.8,-99.8,2.2,265.0,5.4,283.0,0.0,-99.8,-99.8,-99.8,-99.8,-99.8,-99.8,-99.8
2023-07-01 15:00:00,-9999.1,-99.8,-99.8,2.6,285.0,6.4,290.0,0.5,-99.8,-99.8,-99.8,-99.8,-99.8,-99.8,-99.8
2023-07-01 16:00:00,-9999.1,-99.8,-99.8,1.4,281.0,5.1,285.0,0.0,-99.8,-99.8,-99.8,-99.8,-99.8,-99.8,-99.8
2023-07-01 17:00:00,-9999.1,-99.8,-99.8,1.8,271.0,3.7,287.0,0.0,-99.8,-99.8,-99.8,-99.8,-99.8,-99.8,-99.8
2023-07-01 18:00:00,-9999.1,-99.8,-99.8,1.5,170.0,8.5,146.0,5.0,-99.8,-99.8,-99.8,-99.8,-99.8,-99.8,-99.8
2023-07-01 19:00:00,-9999.1,-99.8,-99.8,2.4,205.0,10.8,145.0,5.5,-99.8,-99.8,-99.8,-99.8,-99.8,-99.8,-99.8
2023-07-01 20:00:00,-9999.1,-99.8,-99.8,1.7,201.0,8.1,237.0,0.0,-99.8,-99.8,-99.8,-99.8,-99.8,-99.8,-99.8
2023-07-01 21:00:00,-9999.1,-99.8,-99.8,5.1,123.0,7.3,150.0,0.0,-99.8,-99.8,-99.8,-99.8,-99.8,-99.8,-99.8
2023-07-01 22:00:00,-9999.1,-99.8,-99.8,2.1,127.0,8.7,131.0,0.0,-99.8,-99.8,-99.8,-99.8,-99.8,-99.8,-99.8
2023-07-01 23:00:00,-9999.1,-99.8,-99.8,2.8,186.0,7.0,148.0,0.0,-99.8,-99.8,-99.8,-99.8,-99.8,-99.8,-99.8
2023-07-02 00:00:00,-9999.1,-99.8,-99.8,3.0,142.0,7.9,141.0,0.0,-99.8,-99.8,-99.8,-99.8,-99.8,-99.8,-99.8
2023-07-02 01:00:00,-9999.1,-99.8,-99.8,3.4,154.0,8.0,155.0,0.0,-99.8,-99.8,-99.8,-99.8,-99.8,-99.8,-99.8
2023-07-02 02:00:00,-9999.1,-99.8,-99.8,3.3,127.0,8.5,163.0,0.0,-99.8,-99.8,-99.8,-99.8,-99.8,-99.8,-99.8
2023-07-02 03:00:00,-9999.1,-99.8,-99.8,5.0,151.0,9.5,149.0,0.0,-99.8,-99.8,-99.8,-99.8,-99.8,-99.8,-99.8
2023-07-02 04:00:00,-9999.1,-99.8,-99.8,2.7,137.0,10.0,158.0,0.0,-99.8,-99.8,-99.8,-99.8,-99.8,-99.8,-99.8
2023-07-02 05:00:00,-9999.1,-99.8,-99.8,3.9,114.0,9.5,155.0,0.0,-99.8,-99.8,-99.8,-99.8,-99.8,-99.8,-99.8
2023-07-02 06:00:00,-9999.1,-99.8,-99.8,5.8,121.0,9.9,155.0,0.0,-99.8,-99.8,-99.8,-99.8,-99.8,-99.8,-99.8
2023-07-02 07:00:00,-9999.1,-99.8,-99.8,6.0,130.0,11.4,138.0,0.0,-99.8,-99.8,-99.8,-99.8,-99.8,-99.8,-99.8
2023-07-02 08:00:00,-9999.1,-99.8,-99.8,6.2,121.0,12.5,137.0,0.0,-99.8,-99.8,-99.8,-99.8,-99.8,-99.8,-99.8
2023-07-02 09:00:00,-9999.1,-99.8,-99.8,2.9,119.0,10.0,110.0,0.0,-99.8,-99.8,-99.8,-99.8,-99.8,-99.8,-99.8
2023-07-02 10:00:00,-9999.1,-99.8,-99.8,2.6,118.0,9.6,90.0,0.0,-99.8,-99.8,-99.8,-99.8,-99.8,-99.8,-99.8
2023-07-02 11:00:00,-9999.1,-99.8,-99.8,1.8,154.0,8.9,142.0,0.0,-99.8,-99.8,-99.8,-99.8,-99.8,-99.8,-99.8
2023-07-02 12:00:00,-9999.1,-99.8,-99.8,1.5,157.0,5.2,144.0,0.0,-99.8,-99.8,-99.8,-99.8,-99.8,-99.8,-99.8
2023-07-02 13:00:00,-9999.1,-99.8,-99.8,1.0,190.0,5.5,155.0,0.0,-99.8,-99.8,-99.8,-99.8,-99.8,-99.8,-99.8
2023-07-02 14:00:00,-9999.1,-99.8,-99.8,1.3,218.0,5.1,230.0,0.0,-99.8,-99.8,-99.8,-99.8,-99.8,-99.8,-99.8
2023-07-02 15:00:00,-9999.1,-99.8,-99.8,0.8,203.0,4.7,257.0,0.0,-99.8,-99.8,-99.8,-99.8,-99.8,-99.8,-99.8
2023-07-02 16:00:00,-9999.1,-99.8,-99.8,1.6,261.0,4.3,262.0,0.0,-99.8,-99.8,-99.8,-99.8,-99.8,-99.8,-99.8
2023-07-02 17:00:00,-9999.1,-99.8,-99.8,0.9,258.0,4.0,233.0,0.0,-99.8,-99.8,-99.8,-99.8,-99.8,-99.8,-99.8
2023-07-02 18:00:00,-9999.1,-99.8,-99.8,1.5,148.0,3.6,177.0,0.0,-99.8,-99.8,-99.8,-99.8,-99.8,-99.8,-99.8
2023-07-02 19:00:00,-9999.1,-99.8,-99.8,0.4,165.0,3.3,148.0,0.0,-99.8,-99.8,-99.8,-99.8,-99.8,-99.8,-99.8
2023-07-02 20:00:00,-9999.1,-99.8,-99.8,0.9,183.0,5.3,140.0,0.0,-99.8,-99.8,-99.8,-99.8,-99.8,-99.8,-99.8
2023-07-02 21:00:00,-9999.1,-99.8,-99.8,1.4,182.0,3.7,256.0,0.0,-99.8,-99.8,-99.8,-99.8,-99.8,-99.8,-99.8
2023-07-02 22:00:00,-9999.1,-99.8,-99.8,2.9,109.0,6.8,101.0,0.0,-99.8,-99.8,-99.8,-99.8,-99.8,-99.8,-99.8
2023-07-02 23:00:00,-9999.1,-99.8,-99.8,1.3,170.0,5.4,138.0,0.0,-99.8,-99.8,-99.8,-99.8,-99.8,-99.8,-99.8
2023-07-03 00:00:00,-9999.1,-99.8,-99.8,2.2,193.0,4.8,206.0,0.0,-99.8,-99.8,-99.8,-99.8,-99.8,-99.8,-99.8
2023-07-03 01:00:00,-9999.1,-99.8,-99.8,2.6,156.0,6.1,212.0,0.0,-99.8,-99.8,-99.8,-99.8,-99.8,-99.8,-99.8
2023-07-03 02:00:00,-9999.1,-99.8,-99.8,2.9,119.0,5.9,157.0,0.0,-99.8,-99.8,-99.8,-99.8,-99.8,-99.8,-99.8
2023-07-03 03:00:00,-9999.1,-99.8,-99.8,4.1,125.0,6.3,120.0,0.0,-99.8,-99.8,-99.8,-99.8,-99.8,-99.8,-99.8
2023-07-03 04:00:00,-9999.1,-99.8,-99.8,5.4,105.0,7.9,106.0,0.0,-99.8,-99.8,-99.8,-99.8,-99.8,-99.8,-99.8
2023-07-03 05:00:00,-9999.1,-99.8,-99.8,4.6,115.0,6.3,99.0,0.0,-99.8,-99.8,-99.8,-99.8,-99.8,-99.8,-99.8
2023-07-03 06:00:00,-9999.1,-99.8,-99.8,1.1,226.0,5.0,107.0,0.0,-99.8,-99.8,-99.8,-99.8,-99.8,-99.8,-99.8
2023-07-03 07:00:00,-9999.1,-99.8,-99.8,1.6,294.0,2.8,262.0,0.0,-99.8,-99.8,-99.8,-99.8,-99.8,-99.8,-99.8
2023-07-03 08:00:00,-9999.1,-99.8,-99.8,3.1,281.0,5.0,288.0,0.0,-99.8,-99.8,-99.8,-99.8,-99.8,-99.8,-99.8
2023-07-03 09:00:00,-9999.1,-99.8,-99.8,2.8,273.0,4.4,285.0,0.0,-99.8,-99.8,-99.8,-99.8,-99.8,-99.8,-99.8
2023-07-03 10:00:00,-9999.1,-99.8,-99.8,3.1,281.0,5.8,286.0,0.0,-99.8,-99.8,-99.8,-99.8,-99.8,-99.8,-99.8
2023-07-03 11:00:00,-9999.1,-99.8,-99.8,5.6,286.0,9.3,288.0,0.0,-99.8,-99.8,-99.8,-99.8,-99.8,-99.8,-99.8
2023-07-03 12:00:00,-9999.1,-99.8,-99.8,5.2,290.0,9.6,291.0,0.0,-99.8,-99.8,-99.8,-99.8,-99.8,-99.8,-99.8
2023-07-03 13:00:00,-9999.1,-99.8,-99.8,5.6,285.0,10.6,288.0,0.0,-99.8,-99.8,-99.8,-99.8,-99.8,-99.8,-99.8
2023-07-03 14:00:00,-9999.1,-99.8,-99.8,6.9,282.0,12.2,285.0,0.0,-99.8,-99.8,-99.8,-99.8,-99.8,-99.8,-99.8
2023-07-03 15:00:00,-9999.1,-99.8,-99.8,6.5,284.0,12.2,284.0,0.0,-99.8,-99.8,-99.8,-99.8,-99.8,-99.8,-99.8
2023-07-03 16:00:00,-9999.1,-99.8,-99.8,7.2,284.0,12.4,294.0,0.0,-99.8,-99.8,-99.8,-99.8,-99.8,-99.8,-99.8
2023-07-03 17:00:00,-9999.1,-99.8,-99.8,6.3,284.0,11.7,285.0,0.0,-99.8,-99.8,-99.8,-99.8,-99.8,-99.8,-99.8
2023-07-03 18:00:00,-9999.1,-99.8,-99.8,6.4,276.0,12.2,274.0,0.0,-99.8,-99.8,-99.8,-99.8,-99.8,-99.8,-99.8
2023-07-03 19:00:00,-9999.1,-99.8,-99.8,8.3,284.0,13.3,281.0,0.0,-99.8,-99.8,-99.8,-99.8,-99.8,-99.8,-99.8
2023-07-03 20:00:00,-9999.1,-99.8,-99.8,6.6,281.0,12.2,294.0,0.0,-99.8,-99.8,-99.8,-99.8,-99.8,-99.8,-99.8
2023-07-03 21:00:00,-9999.1,-99.8,-99.8,7.5,282.0,12.6,286.0,0.0,-99.8,-99.8,-99.8,-99.8,-99.8,-99.8,-99.8
2023-07-03 22:00:00,-9999.1,-99.8,-99.8,7.5,292.0,11.4,299.0,0.5,-99.8,-99.8,-99.8,-99.8,-99.8,-99.8,-99.8
2023-07-03 23:00:00,-9999.1,-99.8,-99.8,5.5,284.0,8.9,293.0,0.0,-99.8,-99.8,-99.8,-99.8,-99.8,-99.8,-99.8
2023-07-04 00:00:00,-9999.1,-99.8,-99.8,4.1,279.0,8.3,287.0,0.0,-99.8,-99.8,-99.8,-99.8,-99.8,-99.8,-99.8
2023-07-04 01:00:00,-9999.1,-99.8,-99.8,4.1,284.0,6.9,287.0,0.0,-99.8,-99.8,-99.8,-99.8,-99.8,-99.8,-99.8
2023-07-04 02:00:00,-9999.1,-99.8,-99.8,5.0,278.0,7.8,286.0,0.0,-99.8,-99.8,-99.8,-99.8,-99.8,-99.8,-99.8
2023-07-04 03:00:00,-9999.1,-99.8,-99.8,6.6,281.0,11.4,287.0,0.0,-99.8,-99.8,-99.8,-99.8,-99.8,-99.8,-99.8
2023-07-04 04:00:00,-9999.1,-99.8,-99.8,7.1,280.0,11.3,287.0,0.0,-99.8,-99.8,-99.8,-99.8,-99.8,-99.8,-99.8
2023-07-04 05:00:00,-9999.1,-99.8,-99.8,6.0,280.0,11.9,285.0,0.0,-99.8,-99.8,-99.8,-99.8,-99.8,-99.8,-99.8
2023-07-04 06:00:00,-9999.1,-99.8,-99.8,6.5,282.0,11.7,287.0,0.0,-99.8,-99.8,-99.8,-99.8,-99.8,-99.8,-99.8
2023-07-04 07:00:00,-9999.1,-99.8,-99.8,7.0,282.0,10.8,281.0,0.0,-99.8,-99.8,-99.8,-99.8,-99.8,-99.8,-99.8
2023-07-04 08:00:00,-9999.1,-99.8,-99.8,7.1,281.0,13.3,287.0,0.0,-99.8,-99.8,-99.8,-99.8,-99.8,-99.8,-99.8
2023-07-04 09:00:00,-9999.1,-99.8,-99.8,8.0,284.0,13.8,282.0,0.0,-99.8,-99.8,-99.8,-99.8,-99.8,-99.8,-99.8
2023-07-04 10:00:00,-9999.1,-99.8,-99.8,7.2,281.0,11.6,288.0,0.0,-99.8,-99.8,-99.8,-99.8,-99.8,-99.8,-99.8
2023-07-04 11:00:00,-9999.1,-99.8,-99.8,8.7,285.0,14.9,285.0,0.0,-99.8,-99.8,-99.8,-99.8,-99.8,-99.8,-99.8
2023-07-04 12:00:00,-9999.1,-99.8,-99.8,7.9,284.0,14.9,284.0,0.0,-99.8,-99.8,-99.8,-99.8,-99.8,-99.8,-99.8
2023-07-04 13:00:00,-9999.1,-99.8,-99.8,7.7,277.0,15.3,286.0,0.0,-99.8,-99.8,-99.8,-99.8,-99.8,-99.8,-99.8
2023-07-04 14:00:00,-9999.1,-99.8,-99.8,7.6,275.0,14.8,282.0,0.0,-99.8,-99.8,-99.8,-99.8,-99.8,-99.8,-99.8
2023-07-04 15:00:00,-9999.1,-99.8,-99.8,6.9,276.0,14.6,289.0,0.0,-99.8,-99.8,-99.8,-99.8,-99.8,-99.8,-99.8
2023-07-04 16:00:00,-9999.1,-99.8,-99.8,7.1,276.0,13.5,263.0,0.0,-99.8,-99.8,-99.8,-99.8,-99.8,-99.8,-99.8
2023-07-04 17:00:00,-9999.1,-99.8,-99.8,5.8,275.0,12.8,283.0,0.0,-99.8,-99.8,-99.8,-99.8,-99.8,-99.8,-99.8
2023-07-04 18:00:00,-9999.1,-99.8,-99.8,8.1,275.0,14.8,266.0,2.0,-99.8,-99.8,-99.8,-99.8,-99.8,-99.8,-99.8
2023-07-04 19:00:00,-9999.1,-99.8,-99.8,7.3,278.0,14.0,287.0,0.5,-99.8,-99.8,-99.8,-99.8,-99.8,-99.8,-99.8
2023-07-04 20:00:00,-9999.1,-99.8,-99.8,7.3,276.0,13.6,283.0,0.5,-99.8,-99.8,-99.8,-99.8,-99.8,-99.8,-99.8
2023-07-04 21:00:00,-9999.1,-99.8,-99.8,8.0,282.0,13.5,286.0,0.0,-99.8,-99.8,-99.8,-99.8,-99.8,-99.8,-99.8
2023-07-04 22:00:00,-9999.1,-99.8,-99.8,8.3,281.0,13.9,289.0,0.0,-99.8,-99.8,-99.8,-99.8,-99.8,-99.8,-99.8
2023-07-04 23:00:00,-9999.1,-99.8,-99.8,7.1,277.0,14.9,260.0,0.0,-99.8,-99.8,-99.8,-99.8,-99.8,-99.8,-99.8
2023-07-05 00:00:00,-9999.1,-99.8,-99.8,7.1,276.0,12.8,280.0,0.0,-99.8,-99.8,-99.8,-99.8,-99.8,-99.8,-99.8
2023-07-05 01:00:00,-9999.1,-99.8,-99.8,7.7,283.0,13.6,288.0,0.0,-99.8,-99.8,-99.8,-99.8,-99.8,-99.8,-99.8
2023-07-05 02:00:00,-9999.1,-99.8,-99.8,9.3,283.0,12.9,284.0,0.0,-99.8,-99.8,-99.8,-99.8,-99.8,-99.8,-99.8
2023-07-05 03:00:00,-9999.1,-99.8,-99.8,9.9,287.0,14.0,284.0,0.0,-99.8,-99.8,-99.8,-99.8,-99.8,-99.8,-99.8
2023-07-05 04:00:00,-9999.1,-99.8,-99.8,9.1,285.0,16.2,287.0,0.0,-99.8,-99.8,-99.8,-99.8,-99.8,-99.8,-99.8
2023-07-05 05:00:00,-9999.1,-99.8,-99.8,9.2,283.0,14.6,283.0,0.0,-99.8,-99.8,-99.8,-99.8,-99.8,-99.8,-99.8
2023-07-05 06:00:00,-9999.1,-99.8,-99.8,7.8,283.0,16.0,287.0,0.0,-99.8,-99.8,-99.8,-99.8,-99.8,-99.8,-99.8
2023-07-05 07:00:00,-9999.1,-99.8,-99.8,9.2,285.0,15.0,285.0,0.0,-99.8,-99.8,-99.8,-99.8,-99.8,-99.8,-99.8
2023-07-05 08:00:00,-9999.1,-99.8,-99.8,8.7,282.0,15.5,284.0,0.0,-99.8,-99.8,-99.8,-99.8,-99.8,-99.8,-99.8
2023-07-05 09:00:00,-9999.1,-99.8,-99.8,7.9,281.0,16.1,284.0,0.0,-99.8,-99.8,-99.8,-99.8,-99.8,-99.8,-99.8
2023-07-05 10:00:00,-9999.1,-99.8,-99.8,7.4,278.0,14.5,281.0,0.0,-99.8,-99.8,-99.8,-99.8,-99.8,-99.8,-99.8
2023-07-05 11:00:00,-9999.1,-99.8,-99.8,7.4,278.0,14.1,284.0,0.0,-99.8,-99.8,-99.8,-99.8,-99.8,-99.8,-99.8
2023-07-05 12:00:00,-9999.1,-99.8,-99.8,8.3,282.0,15.7,286.0,0.0,-99.8,-99.8,-99.8,-99.8,-99.8,-99.8,-99.8
2023-07-05 13:00:00,-9999.1,-99.8,-99.8,7.0,280.0,15.2,274.0,0.0,-99.8,-99.8,-99.8,-99.8,-99.8,-99.8,-99.8
2023-07-05 14:00:00,-9999.1,-99.8,-99.8,9.2,280.0,15.3,284.0,0.0,-99.8,-99.8,-99.8,-99.8,-99.8,-99.8,-99.8
2023-07-05 15:00:00,-9999.1,-99.8,-99.8,8.0,278.0,15.0,274.0,0.0,-99.8,-99.8,-99.8,-99.8,-99.8,-99.8,-99.8
2023-07-05 16:00:00,-9999.1,-99.8,-99.8,9.6,283.0,15.9,288.0,0.0,-99.8,-99.8,-99.8,-99.8,-99.8,-99.8,-99.8
2023-07-05 17:00:00,-9999.1,-99.8,-99.8,7.9,280.0,15.8,286.0,0.0,-99.8,-99.8,-99.8,-99.8,-99.8,-99.8,-99.8
2023-07-05 18:00:00,-9999.1,-99.8,-99.8,7.9,278.0,15.0,266.0,0.0,-99.8,-99.8,-99.8,-99.8,-99.8,-99.8,-99.8
2023-07-05 19:00:00,-9999.1,-99.8,-99.8,9.3,281.0,16.4,264.0,0.0,-99.8,-99.8,-99.8,-99.8,-99.8,-99.8,-99.8
2023-07-05 20:00:00,-9999.1,-99.8,-99.8,7.9,283.0,13.4,290.0,0.0,-99.8,-99.8,-99.8,-99.8,-99.8,-99.8,-99.8
2023-07-05 21:00:00,-9999.1,-99.8,-99.8,7.3,282.0,13.2,285.0,0.0,-99.8,-99.8,-99.8,-99.8,-99.8,-99.8,-99.8
2023-07-05 22:00:00,-9999.1,-99.8,-99.8,6.8,280.0,13.3,288.0,0.0,-99.8,-99.8,-99.8,-99.8,-99.8,-99.8,-99.8
2023-07-05 23:00:00,-9999.1,-99.8,-99.8,6.2,281.0,11.7,275.0,0.0,-99.8,-99.8,-99.8,-99.8,-99.8,-99.8,-99.8
2023-07-06 00:00:00,-9999.1,-99.8,-99.8,4.8,281.0,9.6,273.0,0.0,-99.8,-99.8,-99.8,-99.8,-99.8,-99.8,-99.8
2023-07-06 01:00:00,-9999.1,-99.8,-99.8,5.5,285.0,11.9,281.0,0.0,-99.8,-99.8,-99.8,-99.8,-99.8,-99.8,-99.8
2023-07-06 02:00:00,-9999.1,-99.8,-99.8,4.8,279.0,8.4,285.0,0.0,-99.8,-99.8,-99.8,-99.8,-99.8,-99.8,-99.8
2023-07-06 03:00:00,-9999.1,-99.8,-99.8,4.1,281.0,8.0,259.0,0.0,-99.8,-99.8,-99.8,-99.8,-99.8,-99.8,-99.8
2023-07-06 04:00:00,-9999.1,-99.8,-99.8,4.5,280.0,8.7,286.0,0.0,-99.8,-99.8,-99.8,-99.8,-99.8,-99.8,-99.8
2023-07-06 05:00:00,-9999.1,-99.8,-99.8,5.0,276.0,9.0,286.0,0.0,-99.8,-99.8,-99.8,-99.8,-99.8,-99.8,-99.8
2023-07-06 06:00:00,-9999.1,-99.8,-99.8,5.4,276.0,9.2,265.0,0.0,-99.8,-99.8,-99.8,-99.8,-99.8,-99.8,-99.8
2023-07-06 07:00:00,-9999.1,-99.8,-99.8,7.7,285.0,11.2,286.0,0.0,-99.8,-99.8,-99.8,-99.8,-99.8,-99.8,-99.8
2023-07-06 08:00:00,-9999.1,-99.8,-99.8,6.4,286.0,10.1,293.0,0.0,-99.8,-99.8,-99.8,-99.8,-99.8,-99.8,-99.8
2023-07-06 09:00:00,-9999.1,-99.8,-99.8,7.4,285.0,10.4,286.0,0.0,-99.8,-99.8,-99.8,-99.8,-99.8,-99.8,-99.8
2023-07-06 10:00:00,-9999.1,-99.8,-99.8,9.8,288.0,12.2,287.0,0.0,-99.8,-99.8,-99.8,-99.8,-99.8,-99.8,-99.8
2023-07-06 11:00:00,-9999.1,-99.8,-99.8,6.9,285.0,11.8,285.0,0.0,-99.8,-99.8,-99.8,-99.8,-99.8,-99.8,-99.8
2023-07-06 12:00:00,-9999.1,-99.8,-99.8,7.4,286.0,12.7,281.0,0.0,-99.8,-99.8,-99.8,-99.8,-99.8,-99.8,-99.8
2023-07-06 13:00:00,-9999.1,-99.8,-99.8,6.3,279.0,13.0,289.0,0.0,-99.8,-99.8,-99.8,-99.8,-99.8,-99.8,-99.8
2023-07-06 14:00:00,-9999.1,-99.8,-99.8,6.0,278.0,11.5,279.0,0.0,-99.8,-99.8,-99.8,-99.8,-99.8,-99.8,-99.8
2023-07-06 15:00:00,-9999.1,-99.8,-99.8,6.6,279.0,11.3,278.0,0.0,-99.8,-99.8,-99.8,-99.8,-99.8,-99.8,-99.8
2023-07-06 16:00:00,-9999.1,-99.8,-99.8,6.1,280.0,10.8,285.0,0.0,-99.8,-99.8,-99.8,-99.8,-99.8,-99.8,-99.8
2023-07-06 17:00:00,-9999.1,-99.8,-99.8,7.0,280.0,11.7,286.0,0.0,-99.8,-99.8,-99.8,-99.8,-99.8,-99.8,-99.8
2023-07-06 18:00:00,-9999.1,-99.8,-99.8,7.0,285.0,12.1,282.0,0.0,-99.8,-99.8,-99.8,-99.8,-99.8,-99.8,-99.8
2023-07-06 19:00:00,-9999.1,-99.8,-99.8,6.8,284.0,12.0,288.0,0.0,-99.8,-99.8,-99.8,-99.8,-99.8,-99.8,-99.8
2023-07-06 20:00:00,-9999.1,-99.8,-99.8,7.0,281.0,12.1,287.0,0.0,-99.8,-99.8,-99.8,-99.8,-99.8,-99.8,-99.8
2023-07-06 21:00:00,-9999.1,-99.8,-99.8,6.3,281.0,11.6,287.0,0.0,-99.8,-99.8,-99.8,-99.8,-99.8,-99.8,-99.8
2023-07-06 22:00:00,-9999.1,-99.8,-99.8,6.7,286.0,11.2,284.0,0.0,-99.8,-99.8,-99.8,-99.8,-99.8,-99.8,-99.8
2023-07-06 23:00:00,-9999.1,-99.8,-99.8,5.2,281.0,10.3,287.0,0.0,-99.8,-99.8,-99.8,-99.8,-99.8,-99.8,-99.8
2023-07-07 00:00:00,-9999.1,-99.8,-99.8,4.4,280.0,7.9,280.0,0.0,-99.8,-99.8,-99.8,-99.8,-99.8,-99.8,-99.8
2023-07-07 01:00:00,-9999.1,-99.8,-99.8,3.4,276.0,7.2,282.0,0.0,-99.8,-99.8,-99.8,-99.8,-99.8,-99.8,-99.8
2023-07-07 02:00:00,-9999.1,-99.8,-99.8,2.7,267.0,5.7,283.0,0.0,-99.8,-99.8,-99.8,-99.8,-99.8,-99.8,-99.8
2023-07-07 03:00:00,-9999.1,-99.8,-99.8,1.9,251.0,4.0,257.0,0.0,-99.8,-99.8,-99.8,-99.8,-99.8,-99.8,-99.8
2023-07-07 04:00:00,-9999.1,-99.8,-99.8,2.7,269.0,4.0,262.0,0.0,-99.8,-99.8,-99.8,-99.8,-99.8,-99.8,-99.8
2023-07-07 05:00:00,-9999.1,-99.8,-99.8,3.3,279.0,4.9,291.0,0.0,-99.8,-99.8,-99.8,-99.8,-99.8,-99.8,-99.8
2023-07-07 06:00:00,-9999.1,-99.8,-99.8,3.3,269.0,6.3,278.0,0.0,-99.8,-99.8,-99.8,-99.8,-99.8,-99.8,-99.8
2023-07-07 07:00:00,-9999.1,-99.8,-99.8,3.0,272.0,6.0,243.0,0.0,-99.8,-99.8,-99.8,-99.8,-99.8,-99.8,-99.8
2023-07-07 08:00:00,-9999.1,-99.8,-99.8,2.8,267.0,5.6,244.0,0.0,-99.8,-99.8,-99.8,-99.8,-99.8,-99.8,-99.8
2023-07-07 09:00:00,-9999.1,-99.8,-99.8,1.8,269.0,5.4,290.0,0.0,-99.8,-99.8,-99.8,-99.8,-99.8,-99.8,-99.8
2023-07-07 10:00:00,-9999.1,-99.8,-99.8,3.0,286.0,5.2,249.0,0.0,-99.8,-99.8,-99.8,-99.8,-99.8,-99.8,-99.8
2023-07-07 11:00:00,-9999.1,-99.8,-99.8,3.3,278.0,6.1,289.0,0.0,-99.8,-99.8,-99.8,-99.8,-99.8,-99.8,-99.8
2023-07-07 12:00:00,-9999.1,-99.8,-99.8,4.7,286.0,8.5,286.0,0.0,-99.8,-99.8,-99.8,-99.8,-99.8,-99.8,-99.8
2023-07-07 13:00:00,-9999.1,-99.8,-99.8,5.2,283.0,9.1,291.0,0.0,-99.8,-99.8,-99.8,-99.8,-99.8,-99.8,-99.8
2023-07-07 14:00:00,-9999.1,-99.8,-99.8,5.2,282.0,9.9,282.0,0.0,-99.8,-99.8,-99.8,-99.8,-99.8,-99.8,-99.8
2023-07-07 15:00:00,-9999.1,-99.8,-99.8,5.3,281.0,10.6,288.0,0.0,-99.8,-99.8,-99.8,-99.8,-99.8,-99.8,-99.8
2023-07-07 16:00:00,-9999.1,-99.8,-99.8,5.7,281.0,10.8,292.0,0.0,-99.8,-99.8,-99.8,-99.8,-99.8,-99.8,-99.8
2023-07-07 17:00:00,-9999.1,-99.8,-99.8,5.9,287.0,10.8,289.0,0.0,-99.8,-99.8,-99.8,-99.8,-99.8,-99.8,-99.8
2023-07-07 18:00:00,-9999.1,-99.8,-99.8,4.0,282.0,9.4,286.0,0.0,-99.8,-99.8,-99.8,-99.8,-99.8,-99.8,-99.8
2023-07-07 19:00:00,-9999.1,-99.8,-99.8,3.4,277.0,7.7,288.0,0.0,-99.8,-99.8,-99.8,-99.8,-99.8,-99.8,-99.8
2023-07-07 20:00:00,-9999.1,-99.8,-99.8,3.6,277.0,5.7,284.0,0.0,-99.8,-99.8,-99.8,-99.8,-99.8,-99.8,-99.8
2023-07-07 21:00:00,-9999.1,-99.8,-99.8,3.2,276.0,5.9,256.0,0.0,-99.8,-99.8,-99.8,-99.8,-99.8,-99.8,-99.8
2023-07-07 22:00:00,-9999.1,-99.8,-99.8,2.6,281.0,5.2,288.0,0.0,-99.8,-99.8,-99.8,-99.8,-99.8,-99.8,-99.8
2023-07-07 23:00:00,-9999.1,-99.8,-99.8,2.5,263.0,4.9,259.0,0.0,-99.8,-99.8,-99.8,-99.8,-99.8,-99.8,-99.8
2023-07-08 00:00:00,-9999.1,-99.8,-99.8,2.1,278.0,4.0,263.0,0.0,-99.8,-99.8,-99.8,-99.8,-99.8,-99.8,-99.8
2023-07-08 01:00:00,-9999.1,-99.8,-99.8,1.7,235.0,3.0,256.0,0.0,-99.8,-99.8,-99.8,-99.8,-99.8,-99.8,-99.8
2023-07-08 02:00:00,-9999.1,-99.8,-99.8,3.3,115.0,3.9,114.0,0.0,-99.8,-99.8,-99.8,-99.8,-99.8,-99.8,-99.8
2023-07-08 03:00:00,-9999.1,-99.8,-99.8,2.9,122.0,4.2,110.0,0.0,-99.8,-99.8,-99.8,-99.8,-99.8,-99.8,-99.8
2023-07-08 04:00:00,-9999.1,-99.8,-99.8,4.9,113.0,6.4,107.0,0.0,-99.8,-99.8,-99.8,-99.8,-99.8,-99.8,-99.8
2023-07-08 05:00:00,-9999.1,-99.8,-99.8,3.4,110.0,6.4,115.0,0.0,-99.8,-99.8,-99.8,-99.8,-99.8,-99.8,-99.8
2023-07-08 06:00:00,-9999.1,-99.8,-99.8,3.2,122.0,5.0,118.0,0.0,-99.8,-99.8,-99.8,-99.8,-99.8,-99.8,-99.8
2023-07-08 07:00:00,-9999.1,-99.8,-99.8,2.2,119.0,3.7,116.0,0.0,-99.8,-99.8,-99.8,-99.8,-99.8,-99.8,-99.8
2023-07-08 08:00:00,-9999.1,-99.8,-99.8,1.7,136.0,5.1,127.0,0.0,-99.8,-99.8,-99.8,-99.8,-99.8,-99.8,-99.8
2023-07-08 09:00:00,-9999.1,-99.8,-99.8,0.6,182.0,4.3,141.0,0.0,-99.8,-99.8,-99.8,-99.8,-99.8,-99.8,-99.8
2023-07-08 10:00:00,-9999.1,-99.8,-99.8,0.7,221.0,3.8,104.0,0.0,-99.8,-99.8,-99.8,-99.8,-99.8,-99.8,-99.8
2023-07-08 11:00:00,-9999.1,-99.8,-99.8,1.5,229.0,4.3,246.0,0.0,-99.8,-99.8,-99.8,-99.8,-99.8,-99.8,-99.8
2023-07-08 12:00:00,-9999.1,-99.8,-99.8,2.6,266.0,5.4,289.0,0.0,-99.8,-99.8,-99.8,-99.8,-99.8,-99.8,-99.8
2023-07-08 13:00:00,-9999.1,-99.8,-99.8,3.7,278.0,6.5,260.0,0.0,-99.8,-99.8,-99.8,-99.8,-99.8,-99.8,-99.8
2023-07-08 14:00:00,-9999.1,-99.8,-99.8,3.6,274.0,7.3,290.0,0.0,-99.8,-99.8,-99.8,-99.8,-99.8,-99.8,-99.8
2023-07-08 15:00:00,-9999.1,-99.8,-99.8,2.8,272.0,7.5,284.0,0.0,-99.8,-99.8,-99.8,-99.8,-99.8,-99.8,-99.8
2023-07-08 16:00:00,-9999.1,-99.8,-99.8,2.8,264.0,6.3,253.0,0.0,-99.8,-99.8,-99.8,-99.8,-99.8,-99.8,-99.8
2023-07-08 17:00:00,-9999.1,-99.8,-99.8,1.5,221.0,5.2,244.0,0.0,-99.8,-99.8,-99.8,-99.8,-99.8,-99.8,-99.8
2023-07-08 18:00:00,-9999.1,-99.8,-99.8,2.4,284.0,4.1,277.0,0.0,-99.8,-99.8,-99.8,-99.8,-99.8,-99.8,-99.8
2023-07-08 19:00:00,-9999.1,-99.8,-99.8,2.6,294.0,5.0,288.0,0.0,-99.8,-99.8,-99.8,-99.8,-99.8,-99.8,-99.8
2023-07-08 20:00:00,-9999.1,-99.8,-99.8,1.9,113.0,3.9,303.0,0.0,-99.8,-99.8,-99.8,-99.8,-99.8,-99.8,-99.8
2023-07-08 21:00:00,-9999.1,-99.8,-99.8,4.3,110.0,5.9,104.0,0.0,-99.8,-99.8,-99.8,-99.8,-99.8,-99.8,-99.8
2023-07-08 22:00:00,-9999.1,-99.8,-99.8,5.4,111.0,7.7,109.0,0.0,-99.8,-99.8,-99.8,-99.8,-99.8,-99.8,-99.8
2023-07-08 23:00:00,-9999.1,-99.8,-99.8,6.9,111.0,8.3,107.0,0.0,-99.8,-99.8,-99.8,-99.8,-99.8,-99.8,-99.8
2023-07-09 00:00:00,-9999.1,-99.8,-99.8,6.8,110.0,8.7,104.0,0.0,-99.8,-99.8,-99.8,-99.8,-99.8,-99.8,-99.8
2023-07-09 01:00:00,-9999.1,-99.8,-99.8,6.8,108.0,8.1,105.0,0.0,-99.8,-99.8,-99.8,-99.8,-99.8,-99.8,-99.8
2023-07-09 02:00:00,-9999.1,-99.8,-99.8,5.8,114.0,8.1,103.0,0.0,-99.8,-99.8,-99.8,-99.8,-99.8,-99.8,-99.8
2023-07-09 03:00:00,-9999.1,-99.8,-99.8,5.6,109.0,7.2,103.0,0.0,-99.8,-99.8,-99.8,-99.8,-99.8,-99.8,-99.8
2023-07-09 04:00:00,-9999.1,-99.8,-99.8,5.3,111.0,6.8,108.0,0.0,-99.8,-99.8,-99.8,-99.8,-99.8,-99.8,-99.8
2023-07-09 05:00:00,-9999.1,-99.8,-99.8,6.0,110.0,7.6,112.0,0.0,-99.8,-99.8,-99.8,-99.8,-99.8,-99.8,-99.8
2023-07-09 06:00:00,-9999.1,-99.8,-99.8,5.6,115.0,7.2,113.0,0.0,-99.8,-99.8,-99.8,-99.8,-99.8,-99.8,-99.8
2023-07-09 07:00:00,-9999.1,-99.8,-99.8,5.1,121.0,7.7,114.0,0.0,-99.8,-99.8,-99.8,-99.8,-99.8,-99.8,-99.8
2023-07-09 08:00:00,-9999.1,-99.8,-99.8,4.9,140.0,7.3,106.0,0.0,-99.8,-99.8,-99.8,-99.8,-99.8,-99.8,-99.8
2023-07-09 09:00:00,-9999.1,-99.8,-99.8,2.6,129.0,6.4,122.0,0.0,-99.8,-99.8,-99.8,-99.8,-99.8,-99.8,-99.8
2023-07-09 10:00:00,-9999.1,-99.8,-99.8,1.0,171.0,6.2,153.0,-999.6,-99.8,-99.8,-99.8,-99.8,-99.8,-99.8,-99.8
2023-07-09 11:00:00,-9999.1,-99.8,-99.8,2.1,231.0,5.3,243.0,0.0,-99.8,-99.8,-99.8,-99.8,-99.8,-99.8,-99.8
2023-07-09 12:00:00,-9999.1,-99.8,-99.8,1.5,211.0,4.5,218.0,0.0,-99.8,-99.8,-99.8,-99.8,-99.8,-99.8,-99.8
2023-07-09 13:00:00,-9999.1,-99.8,-99.8,0.8,196.0,4.3,232.0,0.0,-99.8,-99.8,-99.8,-99.8,-99.8,-99.8,-99.8
2023-07-09 14:00:00,-9999.1,-99.8,-99.8,1.1,202.0,4.0,135.0,0.0,-99.8,-99.8,-99.8,-99.8,-99.8,-99.8,-99.8
2023-07-09 15:00:00,-9999.1,-99.8,-99.8,1.1,171.0,3.9,134.0,0.0,-99.8,-99.8,-99.8,-99.8,-99.8,-99.8,-99.8
2023-07-09 16:00:00,-9999.1,-99.8,-99.8,1.0,140.0,5.0,149.0,0.0,-99.8,-99.8,-99.8,-99.8,-99.8,-99.8,-99.8
2023-07-09 17:00:00,-9999.1,-99.8,-99.8,0.8,225.0,3.6,134.0,0.0,-99.8,-99.8,-99.8,-99.8,-99.8,-99.8,-99.8
2023-07-09 18:00:00,-9999.1,-99.8,-99.8,0.9,89.0,3.3,134.0,0.0,-99.8,-99.8,-99.8,-99.8,-99.8,-99.8,-99.8
2023-07-09 19:00:00,-9999.1,-99.8,-99.8,2.9,119.0,4.6,111.0,0.0,-99.8,-99.8,-99.8,-99.8,-99.8,-99.8,-99.8
2023-07-09 20:00:00,-9999.1,-99.8,-99.8,1.9,111.0,4.3,112.0,0.0,-99.8,-99.8,-99.8,-99.8,-99.8,-99.8,-99.8
2023-07-09 21:00:00,-9999.1,-99.8,-99.8,0.4,331.0,2.4,119.0,0.0,-99.8,-99.8,-99.8,-99.8,-99.8,-99.8,-99.8
2023-07-09 22:00:00,-9999.1,-99.8,-99.8,2.8,103.0,3.7,102.0,0.0,-99.8,-99.8,-99.8,-99.8,-99.8,-99.8,-99.8
2023-07-09 23:00:00,-9999.1,-99.8,-99.8,1.5,117.0,3.0,106.0,0.0,-99.8,-99.8,-99.8,-99.8,-99.8,-99.8,-99.8
2023-07-10 00:00:00,-9999.1,-99.8,-99.8,2.5,110.0,4.2,111.0,0.0,-99.8,-99.8,-99.8,-99.8,-99.8,-99.8,-99.8
2023-07-10 01:00:00,-9999.1,-99.8,-99.8,2.3,110.0,3.0,112.0,0.0,-99.8,-99.8,-99.8,-99.8,-99.8,-99.8,-99.8
2023-07-10 02:00:00,-9999.1,-99.8,-99.8,2.4,110.0,3.0,112.0,0.0,-99.8,-99.8,-99.8,-99.8,-99.8,-99.8,-99.8
2023-07-10 03:00:00,-9999.1,-99.8,-99.8,3.7,119.0,5.3,114.0,0.0,-99.8,-99.8,-99.8,-99.8,-99.8,-99.8,-99.8
2023-07-10 04:00:00,-9999.1,-99.8,-99.8,5.2,113.0,6.4,114.0,0.0,-99.8,-99.8,-99.8,-99.8,-99.8,-99.8,-99.8
2023-07-10 05:00:00,-9999.1,-99.8,-99.8,4.1,115.0,5.6,111.0,0.0,-99.8,-99.8,-99.8,-99.8,-99.8,-99.8,-99.8
2023-07-10 06:00:00,-9999.1,-99.8,-99.8,4.3,109.0,5.2,109.0,0.0,-99.8,-99.8,-99.8,-99.8,-99.8,-99.8,-99.8
2023-07-10 07:00:00,-9999.1,-99.8,-99.8,5.4,116.0,7.7,109.0,0.0,-99.8,-99.8,-99.8,-99.8,-99.8,-99.8,-99.8
2023-07-10 08:00:00,-9999.1,-99.8,-99.8,4.3,128.0,7.5,121.0,0.0,-99.8,-99.8,-99.8,-99.8,-99.8,-99.8,-99.8
2023-07-10 09:00:00,-9999.1,-99.8,-99.8,2.1,145.0,6.4,121.0,0.0,-99.8,-99.8,-99.8,-99.8,-99.8,-99.8,-99.8
2023-07-10 10:00:00,-9999.1,-99.8,-99.8,1.4,150.0,5.5,137.0,0.0,-99.8,-99.8,-99.8,-99.8,-99.8,-99.8,-99.8
2023-07-10 11:00:00,-9999.1,-99.8,-99.8,1.2,188.0,4.6,153.0,0.0,-99.8,-99.8,-99.8,-99.8,-99.8,-99.8,-99.8
2023-07-10 12:00:00,-9999.1,-99.8,-99.8,1.0,172.0,5.5,161.0,0.0,-99.8,-99.8,-99.8,-99.8,-99.8,-99.8,-99.8
2023-07-10 13:00:00,-9999.1,-99.8,-99.8,1.2,144.0,5.3,102.0,0.0,-99.8,-99.8,-99.8,-99.8,-99.8,-99.8,-99.8
2023-07-10 14:00:00,-9999.1,-99.8,-99.8,1.1,148.0,5.2,142.0,0.0,-99.8,-99.8,-99.8,-99.8,-99.8,-99.8,-99.8
2023-07-10 15:00:00,-9999.1,-99.8,-99.8,1.6,136.0,5.1,146.0,0.0,-99.8,-99.8,-99.8,-99.8,-99.8,-99.8,-99.8
2023-07-10 16:00:00,-9999.1,-99.8,-99.8,0.8,149.0,4.6,133.0,0.0,-99.8,-99.8,-99.8,-99.8,-99.8,-99.8,-99.8
2023-07-10 17:00:00,-9999.1,-99.8,-99.8,0.7,180.0,3.6,153.0,0.0,-99.8,-99.8,-99.8,-99.8,-99.8,-99.8,-99.8
2023-07-10 18:00:00,-9999.1,-99.8,-99.8,2.1,131.0,4.0,128.0,0.0,-99.8,-99.8,-99.8,-99.8,-99.8,-99.8,-99.8
2023-07-10 19:00:00,-9999.1,-99.8,-99.8,5.5,117.0,7.3,117.0,0.0,-99.8,-99.8,-99.8,-99.8,-99.8,-99.8,-99.8
2023-07-10 20:00:00,-9999.1,-99.8,-99.8,6.3,112.0,8.1,111.0,0.0,-99.8,-99.8,-99.8,-99.8,-99.8,-99.8,-99.8
2023-07-10 21:00:00,-9999.1,-99.8,-99.8,6.6,110.0,8.0,106.0,0.0,-99.8,-99.8,-99.8,-99.8,-99.8,-99.8,-99.8
2023-07-10 22:00:00,-9999.1,-99.8,-99.8,6.7,110.0,8.7,105.0,0.0,-99.8,-99.8,-99.8,-99.8,-99.8,-99.8,-99.8
2023-07-10 23:00:00,-9999.1,-99.8,-99.8,5.8,117.0,8.2,113.0,0.0,-99.8,-99.8,-99.8,-99.8,-99.8,-99.8,-99.8
2023-07-11 00:00:00,-9999.1,-99.8,-99.8,6.8,113.0,8.6,106.0,0.0,-99.8,-99.8,-99.8,-99.8,-99.8,-99.8,-99.8
2023-07-11 01:00:00,-9999.1,-99.8,-99.8,6.6,115.0,8.6,112.0,0.0,-99.8,-99.8,-99.8,-99.8,-99.8,-99.8,-99.8
2023-07-11 02:00:00,-9999.1,-99.8,-99.8,6.1,114.0,9.2,106.0,0.0,-99.8,-99.8,-99.8,-99.8,-99.8,-99.8,-99.8
2023-07-11 03:00:00,-9999.1,-99.8,-99.8,3.8,118.0,8.5,110.0,0.0,-99.8,-99.8,-99.8,-99.8,-99.8,-99.8,-99.8
2023-07-11 04:00:00,-9999.1,-99.8,-99.8,4.8,101.0,6.7,85.0,0.0,-99.8,-99.8,-99.8,-99.8,-99.8,-99.8,-99.8
2023-07-11 05:00:00,-9999.1,-99.8,-99.8,5.4,114.0,8.5,111.0,0.0,-99.8,-99.8,-99.8,-99.8,-99.8,-99.8,-99.8
2023-07-11 06:00:00,-9999.1,-99.8,-99.8,4.6,124.0,8.4,107.0,0.0,-99.8,-99.8,-99.8,-99.8,-99.8,-99.8,-99.8
2023-07-11 07:00:00,-9999.1,-99.8,-99.8,2.4,129.0,6.7,125.0,0.0,-99.8,-99.8,-99.8,-99.8,-99.8,-99.8,-99.8
2023-07-11 08:00:00,-9999.1,-99.8,-99.8,1.6,141.0,5.4,144.0,0.0,-99.8,-99.8,-99.8,-99.8,-99.8,-99.8,-99.8
2023-07-11 09:00:00,-9999.1,-99.8,-99.8,2.1,141.0,5.6,130.0,0.0,-99.8,-99.8,-99.8,-99.8,-99.8,-99.8,-99.8
2023-07-11 10:00:00,-9999.1,-99.8,-99.8,1.5,208.0,4.7,148.0,0.0,-99.8,-99.8,-99.8,-99.8,-99.8,-99.8,-99.8
2023-07-11 11:00:00,-9999.1,-99.8,-99.8,0.9,186.0,3.8,240.0,0.0,-99.8,-99.8,-99.8,-99.8,-99.8,-99.8,-99.8
2023-07-11 12:00:00,-9999.1,-99.8,-99.8,1.3,214.0,4.2,113.0,0.0,-99.8,-99.8,-99.8,-99.8,-99.8,-99.8,-99.8
2023-07-11 13:00:00,-9999.1,-99.8,-99.8,0.9,161.0,3.4,139.0,0.0,-99.8,-99.8,-99.8,-99.8,-99.8,-99.8,-99.8
2023-07-11 14:00:00,-9999.1,-99.8,-99.8,0.9,196.0,3.8,147.0,0.0,-99.8,-99.8,-99.8,-99.8,-99.8,-99.8,-99.8
2023-07-11 15:00:00,-9999.1,-99.8,-99.8,1.8,123.0,4.1,151.0,0.0,-99.8,-99.8,-99.8,-99.8,-99.8,-99.8,-99.8
2023-07-11 16:00:00,-9999.1,-99.8,-99.8,0.8,154.0,3.4,153.0,0.0,-99.8,-99.8,-99.8,-99.8,-99.8,-99.8,-99.8
2023-07-11 17:00:00,-9999.1,-99.8,-99.8,2.2,159.0,6.5,138.0,8.5,-99.8,-99.8,-99.8,-99.8,-99.8,-99.8,-99.8
2023-07-11 18:00:00,-9999.1,-99.8,-99.8,4.2,344.0,6.7,253.0,7.0,-99.8,-99.8,-99.8,-99.8,-99.8,-99.8,-99.8
2023-07-11 19:00:00,-9999.1,-99.8,-99.8,5.8,302.0,7.8,296.0,0.0,-99.8,-99.8,-99.8,-99.8,-99.8,-99.8,-99.8
2023-07-11 20:00:00,-9999.1,-99.8,-99.8,4.3,113.0,7.6,305.0,0.0,-99.8,-99.8,-99.8,-99.8,-99.8,-99.8,-99.8
2023-07-11 21:00:00,-9999.1,-99.8,-99.8,1.1,121.0,5.0,110.0,0.0,-99.8,-99.8,-99.8,-99.8,-99.8,-99.8,-99.8
2023-07-11 22:00:00,-9999.1,-99.8,-99.8,3.1,111.0,4.4,134.0,0.0,-99.8,-99.8,-99.8,-99.8,-99.8,-99.8,-99.8
2023-07-11 23:00:00,-9999.1,-99.8,-99.8,4.9,118.0,6.3,108.0,0.0,-99.8,-99.8,-99.8,-99.8,-99.8,-99.8,-99.8
2023-07-12 00:00:00,-9999.1,-99.8,-99.8,4.3,111.0,6.4,113.0,0.0,-99.8,-99.8,-99.8,-99.8,-99.8,-99.8,-99.8
2023-07-12 01:00:00,-9999.1,-99.8,-99.8,4.1,111.0,6.8,107.0,0.0,-99.8,-99.8,-99.8,-99.8,-99.8,-99.8,-99.8
2023-07-12 02:00:00,-9999.1,-99.8,-99.8,3.7,101.0,5.8,127.0,0.0,-99.8,-99.8,-99.8,-99.8,-99.8,-99.8,-99.8
2023-07-12 03:00:00,-9999.1,-99.8,-99.8,4.0,100.0,5.5,98.0,0.0,-99.8,-99.8,-99.8,-99.8,-99.8,-99.8,-99.8
2023-07-12 04:00:00,-9999.1,-99.8,-99.8,5.3,109.0,7.2,109.0,0.0,-99.8,-99.8,-99.8,-99.8,-99.8,-99.8,-99.8
2023-07-12 05:00:00,-9999.1,-99.8,-99.8,4.7,110.0,7.9,114.0,0.0,-99.8,-99.8,-99.8,-99.8,-99.8,-99.8,-99.8
2023-07-12 06:00:00,-9999.1,-99.8,-99.8,3.6,107.0,7.1,119.0,0.0,-99.8,-99.8,-99.8,-99.8,-99.8,-99.8,-99.8
2023-07-12 07:00:00,-9999.1,-99.8,-99.8,3.8,122.0,6.9,108.0,0.0,-99.8,-99.8,-99.8,-99.8,-99.8,-99.8,-99.8
2023-07-12 08:00:00,-9999.1,-99.8,-99.8,4.2,119.0,6.7,108.0,0.0,-99.8,-99.8,-99.8,-99.8,-99.8,-99.8,-99.8
2023-07-12 09:00:00,-9999.1,-99.8,-99.8,3.5,136.0,6.7,149.0,0.0,-99.8,-99.8,-99.8,-99.8,-99.8,-99.8,-99.8
2023-07-12 10:00:00,-9999.1,-99.8,-99.8,1.8,144.0,5.8,151.0,0.0,-99.8,-99.8,-99.8,-99.8,-99.8,-99.8,-99.8
2023-07-12 11:00:00,-9999.1,-99.8,-99.8,0.9,184.0,4.9,152.0,0.0,-99.8,-99.8,-99.8,-99.8,-99.8,-99.8,-99.8
2023-07-12 12:00:00,-9999.1,-99.8,-99.8,1.2,196.0,4.4,150.0,0.5,-99.8,-99.8,-99.8,-99.8,-99.8,-99.8,-99.8
2023-07-12 13:00:00,-9999.1,-99.8,-99.8,1.6,173.0,4.6,151.0,0.0,-99.8,-99.8,-99.8,-99.8,-99.8,-99.8,-99.8
2023-07-12 14:00:00,-9999.1,-99.8,-99.8,1.4,159.0,4.9,126.0,0.0,-99.8,-99.8,-99.8,-99.8,-99.8,-99.8,-99.8
2023-07-12 15:00:00,-9999.1,-99.8,-99.8,2.7,128.0,5.6,129.0,0.0,-99.8,-99.8,-99.8,-99.8,-99.8,-99.8,-99.8
2023-07-12 16:00:00,-9999.1,-99.8,-99.8,1.2,150.0,4.6,118.0,0.0,-99.8,-99.8,-99.8,-99.8,-99.8,-99.8,-99.8
2023-07-12 17:00:00,-9999.1,-99.8,-99.8,1.0,234.0,2.8,150.0,0.0,-99.8,-99.8,-99.8,-99.8,-99.8,-99.8,-99.8
2023-07-12 18:00:00,-9999.1,-99.8,-99.8,0.9,150.0,3.0,243.0,0.0,-99.8,-99.8,-99.8,-99.8,-99.8,-99.8,-99.8
2023-07-12 19:00:00,-9999.1,-99.8,-99.8,4.5,108.0,6.4,104.0,0.0,-99.8,-99.8,-99.8,-99.8,-99.8,-99.8,-99.8
2023-07-12 20:00:00,-9999.1,-99.8,-99.8,6.5,110.0,9.3,111.0,0.0,-99.8,-99.8,-99.8,-99.8,-99.8,-99.8,-99.8
2023-07-12 21:00:00,-9999.1,-99.8,-99.8,6.3,111.0,9.1,110.0,0.0,-99.8,-99.8,-99.8,-99.8,-99.8,-99.8,-99.8
2023-07-12 22:00:00,-9999.1,-99.8,-99.8,6.8,112.0,9.5,115.0,0.0,-99.8,-99.8,-99.8,-99.8,-99.8,-99.8,-99.8
2023-07-12 23:00:00,-9999.1,-99.8,-99.8,4.6,109.0,9.7,108.0,0.0,-99.8,-99.8,-99.8,-99.8,-99.8,-99.8,-99.8
2023-07-13 00:00:00,-9999.1,-99.8,-99.8,4.9,116.0,6.8,108.0,0.0,-99.8,-99.8,-99.8,-99.8,-99.8,-99.8,-99.8
2023-07-13 01:00:00,-9999.1,-99.8,-99.8,6.8,118.0,8.6,121.0,0.0,-99.8,-99.8,-99.8,-99.8,-99.8,-99.8,-99.8
2023-07-13 02:00:00,-9999.1,-99.8,-99.8,6.3,111.0,10.1,113.0,0.0,-99.8,-99.8,-99.8,-99.8,-99.8,-99.8,-99.8
2023-07-13 03:00:00,-9999.1,-99.8,-99.8,6.1,113.0,7.8,111.0,0.0,-99.8,-99.8,-99.8,-99.8,-99.8,-99.8,-99.8
2023-07-13 04:00:00,-9999.1,-99.8,-99.8,6.4,110.0,9.1,102.0,0.0,-99.8,-99.8,-99.8,-99.8,-99.8,-99.8,-99.8
2023-07-13 05:00:00,-9999.1,-99.8,-99.8,6.4,110.0,8.7,107.0,0.0,-99.8,-99.8,-99.8,-99.8,-99.8,-99.8,-99.8
2023-07-13 06:00:00,-9999.1,-99.8,-99.8,6.1,117.0,8.2,112.0,0.0,-99.8,-99.8,-99.8,-99.8,-99.8,-99.8,-99.8
2023-07-13 07:00:00,-9999.1,-99.8,-99.8,6.3,126.0,8.4,121.0,0.0,-99.8,-99.8,-99.8,-99.8,-99.8,-99.8,-99.8
2023-07-13 08:00:00,-9999.1,-99.8,-99.8,5.7,122.0,8.8,120.0,0.0,-99.8,-99.8,-99.8,-99.8,-99.8,-99.8,-99.8
2023-07-13 09:00:00,-9999.1,-99.8,-99.8,4.6,131.0,8.8,131.0,0.0,-99.8,-99.8,-99.8,-99.8,-99.8,-99.8,-99.8
2023-07-13 10:00:00,-9999.1,-99.8,-99.8,3.7,127.0,8.2,131.0,0.0,-99.8,-99.8,-99.8,-99.8,-99.8,-99.8,-99.8
2023-07-13 11:00:00,-9999.1,-99.8,-99.8,2.4,149.0,6.6,137.0,0.0,-99.8,-99.8,-99.8,-99.8,-99.8,-99.8,-99.8
2023-07-13 12:00:00,-9999.1,-99.8,-99.8,1.0,183.0,6.7,125.0,0.0,-99.8,-99.8,-99.8,-99.8,-99.8,-99.8,-99.8
2023-07-13 13:00:00,-9999.1,-99.8,-99.8,1.3,225.0,3.9,155.0,0.0,-99.8,-99.8,-99.8,-99.8,-99.8,-99.8,-99.8
2023-07-13 14:00:00,-9999.1,-99.8,-99.8,1.6,165.0,4.4,128.0,0.0,-99.8,-99.8,-99.8,-99.8,-99.8,-99.8,-99.8
2023-07-13 15:00:00,-9999.1,-99.8,-99.8,0.9,186.0,3.9,214.0,0.0,-99.8,-99.8,-99.8,-99.8,-99.8,-99.8,-99.8
2023-07-13 16:00:00,-9999.1,-99.8,-99.8,2.3,131.0,4.0,115.0,0.0,-99.8,-99.8,-99.8,-99.8,-99.8,-99.8,-99.8
2023-07-13 17:00:00,-9999.1,-99.8,-99.8,1.7,136.0,4.9,123.0,0.0,-99.8,-99.8,-99.8,-99.8,-99.8,-99.8,-99.8
2023-07-13 18:00:00,-9999.1,-99.8,-99.8,2.4,140.0,5.4,133.0,0.0,-99.8,-99.8,-99.8,-99.8,-99.8,-99.8,-99.8
2023-07-13 19:00:00,-9999.1,-99.8,-99.8,5.3,115.0,7.6,122.0,0.0,-99.8,-99.8,-99.8,-99.8,-99.8,-99.8,-99.8
2023-07-13 20:00:00,-9999.1,-99.8,-99.8,6.4,113.0,8.8,108.0,0.0,-99.8,-99.8,-99.8,-99.8,-99.8,-99.8,-99.8
2023-07-13 21:00:00,-9999.1,-99.8,-99.8,5.8,113.0,8.7,124.0,0.0,-99.8,-99.8,-99.8,-99.8,-99.8,-99.8,-99.8
2023-07-13 22:00:00,-9999.1,-99.8,-99.8,5.2,127.0,8.9,114.0,0.0,-99.8,-99.8,-99.8,-99.8,-99.8,-99.8,-99.8
2023-07-13 23:00:00,-9999.1,-99.8,-99.8,5.6,124.0,10.1,114.0,0.0,-99.8,-99.8,-99.8,-99.8,-99.8,-99.8,-99.8
2023-07-14 00:00:00,-9999.1,-99.8,-99.8,6.1,120.0,10.5,112.0,0.0,-99.8,-99.8,-99.8,-99.8,-99.8,-99.8,-99.8
2023-07-14 01:00:00,-9999.1,-99.8,-99.8,5.5,126.0,9.4,122.0,0.0,-99.8,-99.8,-99.8,-99.8,-99.8,-99.8,-99.8
2023-07-14 02:00:00,-9999.1,-99.8,-99.8,4.8,127.0,10.7,108.0,0.0,-99.8,-99.8,-99.8,-99.8,-99.8,-99.8,-99.8
2023-07-14 03:00:00,-9999.1,-99.8,-99.8,5.1,116.0,9.5,102.0,0.0,-99.8,-99.8,-99.8,-99.8,-99.8,-99.8,-99.8
2023-07-14 04:00:00,-9999.1,-99.8,-99.8,3.7,119.0,7.3,113.0,0.0,-99.8,-99.8,-99.8,-99.8,-99.8,-99.8,-99.8
2023-07-14 05:00:00,-9999.1,-99.8,-99.8,4.7,118.0,8.0,118.0,0.0,-99.8,-99.8,-99.8,-99.8,-99.8,-99.8,-99.8
2023-07-14 06:00:00,-9999.1,-99.8,-99.8,5.0,120.0,9.6,111.0,0.0,-99.8,-99.8,-99.8,-99.8,-99.8,-99.8,-99.8
2023-07-14 07:00:00,-9999.1,-99.8,-99.8,5.0,126.0,10.0,120.0,0.0,-99.8,-99.8,-99.8,-99.8,-99.8,-99.8,-99.8
2023-07-14 08:00:00,-9999.1,-99.8,-99.8,5.1,129.0,10.5,119.0,0.0,-99.8,-99.8,-99.8,-99.8,-99.8,-99.8,-99.8
2023-07-14 09:00:00,-9999.1,-99.8,-99.8,4.1,127.0,8.4,135.0,0.0,-99.8,-99.8,-99.8,-99.8,-99.8,-99.8,-99.8
2023-07-14 10:00:00,-9999.1,-99.8,-99.8,3.8,130.0,7.4,126.0,0.0,-99.8,-99.8,-99.8,-99.8,-99.8,-99.8,-99.8
2023-07-14 11:00:00,-9999.1,-99.8,-99.8,3.3,130.0,6.6,143.0,0.0,-99.8,-99.8,-99.8,-99.8,-99.8,-99.8,-99.8
2023-07-14 12:00:00,-9999.1,-99.8,-99.8,2.6,131.0,6.5,152.0,0.0,-99.8,-99.8,-99.8,-99.8,-99.8,-99.8,-99.8
2023-07-14 13:00:00,-9999.1,-99.8,-99.8,1.3,146.0,6.5,123.0,0.0,-99.8,-99.8,-99.8,-99.8,-99.8,-99.8,-99.8
2023-07-14 14:00:00,-9999.1,-99.8,-99.8,1.4,149.0,4.9,144.0,0.0,-99.8,-99.8,-99.8,-99.8,-99.8,-99.8,-99.8
2023-07-14 15:00:00,-9999.1,-99.8,-99.8,1.1,175.0,5.8,128.0,0.0,-99.8,-99.8,-99.8,-99.8,-99.8,-99.8,-99.8
2023-07-14 16:00:00,-9999.1,-99.8,-99.8,1.8,151.0,4.5,148.0,0.0,-99.8,-99.8,-99.8,-99.8,-99.8,-99.8,-99.8
2023-07-14 17:00:00,-9999.1,-99.8,-99.8,1.9,137.0,6.4,153.0,0.0,-99.8,-99.8,-99.8,-99.8,-99.8,-99.8,-99.8
2023-07-14 18:00:00,-9999.1,-99.8,-99.8,3.0,130.0,6.1,123.0,0.0,-99.8,-99.8,-99.8,-99.8,-99.8,-99.8,-99.8
2023-07-14 19:00:00,-9999.1,-99.8,-99.8,5.7,110.0,8.7,129.0,0.0,-99.8,-99.8,-99.8,-99.8,-99.8,-99.8,-99.8
2023-07-14 20:00:00,-9999.1,-99.8,-99.8,6.2,111.0,7.9,126.0,0.0,-99.8,-99.8,-99.8,-99.8,-99.8,-99.8,-99.8
2023-07-14 21:00:00,-9999.1,-99.8,-99.8,5.1,120.0,8.9,118.0,0.0,-99.8,-99.8,-99.8,-99.8,-99.8,-99.8,-99.8
2023-07-14 22:00:00,-9999.1,-99.8,-99.8,5.7,110.0,10.1,114.0,0.0,-99.8,-99.8,-99.8,-99.8,-99.8,-99.8,-99.8
2023-07-14 23:00:00,-9999.1,-99.8,-99.8,4.0,111.0,7.0,105.0,0.0,-99.8,-99.8,-99.8,-99.8,-99.8,-99.8,-99.8
2023-07-15 00:00:00,-9999.1,-99.8,-99.8,5.1,115.0,8.8,105.0,0.0,-99.8,-99.8,-99.8,-99.8,-99.8,-99.8,-99.8
2023-07-15 01:00:00,-9999.1,-99.8,-99.8,5.5,105.0,9.1,111.0,0.0,-99.8,-99.8,-99.8,-99.8,-99.8,-99.8,-99.8
2023-07-15 02:00:00,-9999.1,-99.8,-99.8,4.6,118.0,9.4,126.0,0.0,-99.8,-99.8,-99.8,-99.8,-99.8,-99.8,-99.8
2023-07-15 03:00:00,-9999.1,-99.8,-99.8,3.9,123.0,9.2,119.0,0.0,-99.8,-99.8,-99.8,-99.8,-99.8,-99.8,-99.8
2023-07-15 04:00:00,-9999.1,-99.8,-99.8,4.1,123.0,9.8,134.0,0.0,-99.8,-99.8,-99.8,-99.8,-99.8,-99.8,-99.8
2023-07-15 05:00:00,-9999.1,-99.8,-99.8,3.5,125.0,8.1,111.0,0.0,-99.8,-99.8,-99.8,-99.8,-99.8,-99.8,-99.8
2023-07-15 06:00:00,-9999.1,-99.8,-99.8,3.7,124.0,10.0,118.0,0.0,-99.8,-99.8,-99.8,-99.8,-99.8,-99.8,-99.8
2023-07-15 07:00:00,-9999.1,-99.8,-99.8,5.9,114.0,9.8,105.0,0.0,-99.8,-99.8,-99.8,-99.8,-99.8,-99.8,-99.8
2023-07-15 08:00:00,-9999.1,-99.8,-99.8,5.7,125.0,9.8,99.0,0.0,-99.8,-99.8,-99.8,-99.8,-99.8,-99.8,-99.8
2023-07-15 09:00:00,-9999.1,-99.8,-99.8,5.2,128.0,9.2,136.0,0.0,-99.8,-99.8,-99.8,-99.8,-99.8,-99.8,-99.8
2023-07-15 10:00:00,-9999.1,-99.8,-99.8,4.3,135.0,9.6,140.0,0.0,-99.8,-99.8,-99.8,-99.8,-99.8,-99.8,-99.8
2023-07-15 11:00:00,-9999.1,-99.8,-99.8,4.7,127.0,9.7,150.0,0.0,-99.8,-99.8,-99.8,-99.8,-99.8,-99.8,-99.8
2023-07-15 12:00:00,-9999.1,-99.8,-99.8,4.8,122.0,9.1,127.0,0.0,-99.8,-99.8,-99.8,-99.8,-99.8,-99.8,-99.8
2023-07-15 13:00:00,-9999.1,-99.8,-99.8,2.9,127.0,6.6,107.0,0.0,-99.8,-99.8,-99.8,-99.8,-99.8,-99.8,-99.8
2023-07-15 14:00:00,-9999.1,-99.8,-99.8,2.9,136.0,7.7,151.0,0.0,-99.8,-99.8,-99.8,-99.8,-99.8,-99.8,-99.8
2023-07-15 15:00:00,-9999.1,-99.8,-99.8,2.2,139.0,7.0,114.0,0.0,-99.8,-99.8,-99.8,-99.8,-99.8,-99.8,-99.8
2023-07-15 16:00:00,-9999.1,-99.8,-99.8,5.3,122.0,8.8,112.0,0.0,-99.8,-99.8,-99.8,-99.8,-99.8,-99.8,-99.8
2023-07-15 17:00:00,-9999.1,-99.8,-99.8,4.3,119.0,8.2,112.0,0.0,-99.8,-99.8,-99.8,-99.8,-99.8,-99.8,-99.8
2023-07-15 18:00:00,-9999.1,-99.8,-99.8,3.9,120.0,7.8,142.0,0.0,-99.8,-99.8,-99.8,-99.8,-99.8,-99.8,-99.8
2023-07-15 19:00:00,-9999.1,-99.8,-99.8,5.3,120.0,9.8,108.0,0.0,-99.8,-99.8,-99.8,-99.8,-99.8,-99.8,-99.8
2023-07-15 20:00:00,-9999.1,-99.8,-99.8,5.9,118.0,10.7,112.0,0.0,-99.8,-99.8,-99.8,-99.8,-99.8,-99.8,-99.8
2023-07-15 21:00:00,-9999.1,-99.8,-99.8,4.8,114.0,10.3,124.0,0.0,-99.8,-99.8,-99.8,-99.8,-99.8,-99.8,-99.8
2023-07-15 22:00:00,-9999.1,-99.8,-99.8,7.1,105.0,9.6,105.0,0.5,-99.8,-99.8,-99.8,-99.8,-99.8,-99.8,-99.8
2023-07-15 23:00:00,-9999.1,-99.8,-99.8,6.9,113.0,10.3,100.0,0.0,-99.8,-99.8,-99.8,-99.8,-99.8,-99.8,-99.8
2023-07-16 00:00:00,-9999.1,-99.8,-99.8,5.1,126.0,10.4,102.0,0.0,-99.8,-99.8,-99.8,-99.8,-99.8,-99.8,-99.8
2023-07-16 01:00:00,-9999.1,-99.8,-99.8,5.8,136.0,11.1,143.0,0.5,-99.8,-99.8,-99.8,-99.8,-99.8,-99.8,-99.8
2023-07-16 02:00:00,-9999.1,-99.8,-99.8,4.7,124.0,10.6,110.0,0.0,-99.8,-99.8,-99.8,-99.8,-99.8,-99.8,-99.8
2023-07-16 03:00:00,-9999.1,-99.8,-99.8,5.0,136.0,10.3,134.0,0.0,-99.8,-99.8,-99.8,-99.8,-99.8,-99.8,-99.8
2023-07-16 04:00:00,-9999.1,-99.8,-99.8,5.1,117.0,10.8,139.0,0.0,-99.8,-99.8,-99.8,-99.8,-99.8,-99.8,-99.8
2023-07-16 05:00:00,-9999.1,-99.8,-99.8,6.6,129.0,11.3,128.0,0.0,-99.8,-99.8,-99.8,-99.8,-99.8,-99.8,-99.8
2023-07-16 06:00:00,-9999.1,-99.8,-99.8,4.9,137.0,12.0,110.0,0.0,-99.8,-99.8,-99.8,-99.8,-99.8,-99.8,-99.8
2023-07-16 07:00:00,-9999.1,-99.8,-99.8,4.9,127.0,11.2,107.0,0.0,-99.8,-99.8,-99.8,-99.8,-99.8,-99.8,-99.8
2023-07-16 08:00:00,-9999.1,-99.8,-99.8,5.0,138.0,10.9,127.0,0.0,-99.8,-99.8,-99.8,-99.8,-99.8,-99.8,-99.8
2023-07-16 09:00:00,-9999.1,-99.8,-99.8,5.5,128.0,10.9,116.0,0.0,-99.8,-99.8,-99.8,-99.8,-99.8,-99.8,-99.8
2023-07-16 10:00:00,-9999.1,-99.8,-99.8,5.5,129.0,11.0,126.0,0.0,-99.8,-99.8,-99.8,-99.8,-99.8,-99.8,-99.8
2023-07-16 11:00:00,-9999.1,-99.8,-99.8,4.9,135.0,9.8,109.0,0.5,-99.8,-99.8,-99.8,-99.8,-99.8,-99.8,-99.8
2023-07-16 12:00:00,-9999.1,-99.8,-99.8,5.9,116.0,11.2,116.0,0.0,-99.8,-99.8,-99.8,-99.8,-99.8,-99.8,-99.8
2023-07-16 13:00:00,-9999.1,-99.8,-99.8,4.4,136.0,10.2,104.0,0.0,-99.8,-99.8,-99.8,-99.8,-99.8,-99.8,-99.8
2023-07-16 14:00:00,-9999.1,-99.8,-99.8,6.0,120.0,10.3,130.0,0.0,-99.8,-99.8,-99.8,-99.8,-99.8,-99.8,-99.8
2023-07-16 15:00:00,-9999.1,-99.8,-99.8,4.0,130.0,8.7,113.0,0.0,-99.8,-99.8,-99.8,-99.8,-99.8,-99.8,-99.8
2023-07-16 16:00:00,-9999.1,-99.8,-99.8,3.6,114.0,7.9,116.0,0.0,-99.8,-99.8,-99.8,-99.8,-99.8,-99.8,-99.8
2023-07-16 17:00:00,-9999.1,-99.8,-99.8,1.2,148.0,6.6,128.0,1.0,-99.8,-99.8,-99.8,-99.8,-99.8,-99.8,-99.8
2023-07-16 18:00:00,-9999.1,-99.8,-99.8,5.9,109.0,8.4,111.0,0.0,-99.8,-99.8,-99.8,-99.8,-99.8,-99.8,-99.8
2023-07-16 19:00:00,-9999.1,-99.8,-99.8,5.1,109.0,9.2,110.0,0.0,-99.8,-99.8,-99.8,-99.8,-99.8,-99.8,-99.8
2023-07-16 20:00:00,-9999.1,-99.8,-99.8,6.9,117.0,9.6,109.0,0.0,-99.8,-99.8,-99.8,-99.8,-99.8,-99.8,-99.8
2023-07-16 21:00:00,-9999.1,-99.8,-99.8,5.1,116.0,8.7,116.0,0.0,-99.8,-99.8,-99.8,-99.8,-99.8,-99.8,-99.8
2023-07-16 22:00:00,-9999.1,-99.8,-99.8,7.3,106.0,9.6,103.0,0.0,-99.8,-99.8,-99.8,-99.8,-99.8,-99.8,-99.8
2023-07-16 23:00:00,-9999.1,-99.8,-99.8,6.5,110.0,9.5,110.0,0.0,-99.8,-99.8,-99.8,-99.8,-99.8,-99.8,-99.8
2023-07-17 00:00:00,-9999.1,-99.8,-99.8,1.2,192.0,8.9,100.0,0.0,-99.8,-99.8,-99.8,-99.8,-99.8,-99.8,-99.8
2023-07-17 01:00:00,-9999.1,-99.8,-99.8,4.2,113.0,6.0,113.0,0.0,-99.8,-99.8,-99.8,-99.8,-99.8,-99.8,-99.8
2023-07-17 02:00:00,-9999.1,-99.8,-99.8,2.2,119.0,6.3,112.0,0.0,-99.8,-99.8,-99.8,-99.8,-99.8,-99.8,-99.8
2023-07-17 03:00:00,-9999.1,-99.8,-99.8,2.2,110.0,3.5,125.0,0.0,-99.8,-99.8,-99.8,-99.8,-99.8,-99.8,-99.8
2023-07-17 04:00:00,-9999.1,-99.8,-99.8,2.6,123.0,3.7,118.0,0.0,-99.8,-99.8,-99.8,-99.8,-99.8,-99.8,-99.8
2023-07-17 05:00:00,-9999.1,-99.8,-99.8,4.0,114.0,5.9,107.0,0.0,-99.8,-99.8,-99.8,-99.8,-99.8,-99.8,-99.8
2023-07-17 06:00:00,-9999.1,-99.8,-99.8,6.0,119.0,9.2,110.0,0.0,-99.8,-99.8,-99.8,-99.8,-99.8,-99.8,-99.8
2023-07-17 07:00:00,-9999.1,-99.8,-99.8,3.4,140.0,6.9,120.0,0.0,-99.8,-99.8,-99.8,-99.8,-99.8,-99.8,-99.8
2023-07-17 08:00:00,-9999.1,-99.8,-99.8,0.0,0.0,5.0,138.0,0.0,-99.8,-99.8,-99.8,-99.8,-99.8,-99.8,-99.8
2023-07-17 09:00:00,-9999.1,-99.8,-99.8,1.3,140.0,4.1,119.0,0.5,-99.8,-99.8,-99.8,-99.8,-99.8,-99.8,-99.8
2023-07-17 10:00:00,-9999.1,-99.8,-99.8,1.3,141.0,4.5,151.0,0.0,-99.8,-99.8,-99.8,-99.8,-99.8,-99.8,-99.8
2023-07-17 11:00:00,-9999.1,-99.8,-99.8,1.4,136.0,4.4,132.0,0.0,-99.8,-99.8,-99.8,-99.8,-99.8,-99.8,-99.8
2023-07-17 12:00:00,-9999.1,-99.8,-99.8,1.6,140.0,5.6,115.0,0.5,-99.8,-99.8,-99.8,-99.8,-99.8,-99.8,-99.8
2023-07-17 13:00:00,-9999.1,-99.8,-99.8,1.3,252.0,3.8,128.0,6.5,-99.8,-99.8,-99.8,-99.8,-99.8,-99.8,-99.8
2023-07-17 14:00:00,-9999.1,-99.8,-99.8,0.5,149.0,3.3,147.0,7.0,-99.8,-99.8,-99.8,-99.8,-99.8,-99.8,-99.8
2023-07-17 15:00:00,-9999.1,-99.8,-99.8,1.9,120.0,3.9,136.0,0.5,-99.8,-99.8,-99.8,-99.8,-99.8,-99.8,-99.8
2023-07-17 16:00:00,-9999.1,-99.8,-99.8,2.1,128.0,4.3,116.0,0.0,-99.8,-99.8,-99.8,-99.8,-99.8,-99.8,-99.8
2023-07-17 17:00:00,-9999.1,-99.8,-99.8,2.8,120.0,5.4,152.0,0.5,-99.8,-99.8,-99.8,-99.8,-99.8,-99.8,-99.8
2023-07-17 18:00:00,-9999.1,-99.8,-99.8,3.0,121.0,6.0,129.0,6.5,-99.8,-99.8,-99.8,-99.8,-99.8,-99.8,-99.8
2023-07-17 19:00:00,-9999.1,-99.8,-99.8,5.2,122.0,7.7,112.0,0.5,-99.8,-99.8,-99.8,-99.8,-99.8,-99.8,-99.8
2023-07-17 20:00:00,-9999.1,-99.8,-99.8,3.2,124.0,8.0,113.0,0.0,-99.8,-99.8,-99.8,-99.8,-99.8,-99.8,-99.8
2023-07-17 21:00:00,-9999.1,-99.8,-99.8,0.8,159.0,4.4,127.0,0.0,-99.8,-99.8,-99.8,-99.8,-99.8,-99.8,-99.8
2023-07-17 22:00:00,-9999.1,-99.8,-99.8,3.4,88.0,5.4,64.0,0.0,-99.8,-99.8,-99.8,-99.8,-99.8,-99.8,-99.8
2023-07-17 23:00:00,-9999.1,-99.8,-99.8,4.2,110.0,6.2,88.0,0.0,-99.8,-99.8,-99.8,-99.8,-99.8,-99.8,-99.8
2023-07-18 00:00:00,-9999.1,-99.8,-99.8,2.2,94.0,7.7,97.0,0.0,-99.8,-99.8,-99.8,-99.8,-99.8,-99.8,-99.8
2023-07-18 01:00:00,-9999.1,-99.8,-99.8,3.7,113.0,5.4,109.0,0.0,-99.8,-99.8,-99.8,-99.8,-99.8,-99.8,-99.8
2023-07-18 02:00:00,-9999.1,-99.8,-99.8,4.1,118.0,6.4,123.0,0.0,-99.8,-99.8,-99.8,-99.8,-99.8,-99.8,-99.8
2023-07-18 03:00:00,-9999.1,-99.8,-99.8,6.6,118.0,8.4,115.0,0.0,-99.8,-99.8,-99.8,-99.8,-99.8,-99.8,-99.8
2023-07-18 04:00:00,-9999.1,-99.8,-99.8,5.8,113.0,8.4,111.0,0.0,-99.8,-99.8,-99.8,-99.8,-99.8,-99.8,-99.8
2023-07-18 05:00:00,-9999.1,-99.8,-99.8,4.1,122.0,7.8,110.0,0.0,-99.8,-99.8,-99.8,-99.8,-99.8,-99.8,-99.8
2023-07-18 06:00:00,-9999.1,-99.8,-99.8,3.8,130.0,7.8,134.0,0.0,-99.8,-99.8,-99.8,-99.8,-99.8,-99.8,-99.8
2023-07-18 07:00:00,-9999.1,-99.8,-99.8,6.3,112.0,9.8,104.0,0.0,-99.8,-99.8,-99.8,-99.8,-99.8,-99.8,-99.8
2023-07-18 08:00:00,-9999.1,-99.8,-99.8,3.6,133.0,9.4,106.0,0.0,-99.8,-99.8,-99.8,-99.8,-99.8,-99.8,-99.8
2023-07-18 09:00:00,-9999.1,-99.8,-99.8,2.4,136.0,6.8,135.0,0.0,-99.8,-99.8,-99.8,-99.8,-99.8,-99.8,-99.8
2023-07-18 10:00:00,-9999.1,-99.8,-99.8,3.4,131.0,7.0,118.0,0.0,-99.8,-99.8,-99.8,-99.8,-99.8,-99.8,-99.8
2023-07-18 11:00:00,-9999.1,-99.8,-99.8,0.7,142.0,6.3,134.0,0.0,-99.8,-99.8,-99.8,-99.8,-99.8,-99.8,-99.8
2023-07-18 12:00:00,-9999.1,-99.8,-99.8,1.6,269.0,4.1,139.0,0.0,-99.8,-99.8,-99.8,-99.8,-99.8,-99.8,-99.8
2023-07-18 13:00:00,-9999.1,-99.8,-99.8,0.9,186.0,3.8,219.0,0.0,-99.8,-99.8,-99.8,-99.8,-99.8,-99.8,-99.8
2023-07-18 14:00:00,-9999.1,-99.8,-99.8,0.5,214.0,3.2,145.0,0.0,-99.8,-99.8,-99.8,-99.8,-99.8,-99.8,-99.8
2023-07-18 15:00:00,-9999.1,-99.8,-99.8,0.9,192.0,4.9,104.0,13.0,-99.8,-99.8,-99.8,-99.8,-99.8,-99.8,-99.8
2023-07-18 16:00:00,-9999.1,-99.8,-99.8,1.3,131.0,3.3,119.0,2.5,-99.8,-99.8,-99.8,-99.8,-99.8,-99.8,-99.8
2023-07-18 17:00:00,-9999.1,-99.8,-99.8,2.7,116.0,4.4,125.0,2.5,-99.8,-99.8,-99.8,-99.8,-99.8,-99.8,-99.8
2023-07-18 18:00:00,-9999.1,-99.8,-99.8,1.4,206.0,5.6,104.0,3.0,-99.8,-99.8,-99.8,-99.8,-99.8,-99.8,-99.8
2023-07-18 19:00:00,-9999.1,-99.8,-99.8,2.6,280.0,4.1,262.0,1.5,-99.8,-99.8,-99.8,-99.8,-99.8,-99.8,-99.8
2023-07-18 20:00:00,-9999.1,-99.8,-99.8,1.6,271.0,4.0,280.0,1.0,-99.8,-99.8,-99.8,-99.8,-99.8,-99.8,-99.8
2023-07-18 21:00:00,-9999.1,-99.8,-99.8,0.8,307.0,2.5,130.0,0.5,-99.8,-99.8,-99.8,-99.8,-99.8,-99.8,-99.8
2023-07-18 22:00:00,-9999.1,-99.8,-99.8,1.9,121.0,2.3,122.0,0.0,-99.8,-99.8,-99.8,-99.8,-99.8,-99.8,-99.8
2023-07-18 23:00:00,-9999.1,-99.8,-99.8,1.3,353.0,3.3,307.0,0.0,-99.8,-99.8,-99.8,-99.8,-99.8,-99.8,-99.8
2023-07-19 00:00:00,-9999.1,-99.8,-99.8,0.6,74.0,2.7,131.0,0.0,-99.8,-99.8,-99.8,-99.8,-99.8,-99.8,-99.8
2023-07-19 01:00:00,-9999.1,-99.8,-99.8,0.2,0.0,3.1,116.0,0.0,-99.8,-99.8,-99.8,-99.8,-99.8,-99.8,-99.8
2023-07-19 02:00:00,-9999.1,-99.8,-99.8,2.5,112.0,4.5,110.0,0.0,-99.8,-99.8,-99.8,-99.8,-99.8,-99.8,-99.8
2023-07-19 03:00:00,-9999.1,-99.8,-99.8,1.7,106.0,2.8,285.0,0.0,-99.8,-99.8,-99.8,-99.8,-99.8,-99.8,-99.8
2023-07-19 04:00:00,-9999.1,-99.8,-99.8,3.0,284.0,4.1,289.0,0.0,-99.8,-99.8,-99.8,-99.8,-99.8,-99.8,-99.8
2023-07-19 05:00:00,-9999.1,-99.8,-99.8,0.8,281.0,3.4,285.0,0.0,-99.8,-99.8,-99.8,-99.8,-99.8,-99.8,-99.8
2023-07-19 06:00:00,-9999.1,-99.8,-99.8,1.3,255.0,2.8,274.0,0.0,-99.8,-99.8,-99.8,-99.8,-99.8,-99.8,-99.8
2023-07-19 07:00:00,-9999.1,-99.8,-99.8,0.9,318.0,2.0,303.0,0.0,-99.8,-99.8,-99.8,-99.8,-99.8,-99.8,-99.8
2023-07-19 08:00:00,-9999.1,-99.8,-99.8,-99.8,-99.8,2.4,129.0,0.0,-99.8,-99.8,-99.8,-99.8,-99.8,-99.8,-99.8
2023-07-19 09:00:00,-9999.1,-99.8,-99.8,0.6,223.0,8.4,280.0,0.0,-99.8,-99.8,-99.8,-99.8,-99.8,-99.8,-99.8
2023-07-19 10:00:00,-9999.1,-99.8,-99.8,1.1,265.0,3.1,151.0,0.0,-99.8,-99.8,-99.8,-99.8,-99.8,-99.8,-99.8
2023-07-19 11:00:00,-9999.1,-99.8,-99.8,2.0,281.0,3.5,284.0,0.0,-99.8,-99.8,-99.8,-99.8,-99.8,-99.8,-99.8
2023-07-19 12:00:00,-9999.1,-99.8,-99.8,2.9,273.0,5.2,258.0,1.0,-99.8,-99.8,-99.8,-99.8,-99.8,-99.8,-99.8
2023-07-19 13:00:00,-9999.1,-99.8,-99.8,3.2,282.0,5.2,271.0,2.5,-99.8,-99.8,-99.8,-99.8,-99.8,-99.8,-99.8
2023-07-19 14:00:00,-9999.1,-99.8,-99.8,0.8,146.0,5.0,253.0,4.5,-99.8,-99.8,-99.8,-99.8,-99.8,-99.8,-99.8
2023-07-19 15:00:00,-9999.1,-99.8,-99.8,0.9,112.0,3.2,144.0,0.0,-99.8,-99.8,-99.8,-99.8,-99.8,-99.8,-99.8
2023-07-19 16:00:00,-9999.1,-99.8,-99.8,0.5,171.0,3.6,111.0,6.0,-99.8,-99.8,-99.8,-99.8,-99.8,-99.8,-99.8
2023-07-19 17:00:00,-9999.1,-99.8,-99.8,1.4,130.0,5.2,140.0,17.0,-99.8,-99.8,-99.8,-99.8,-99.8,-99.8,-99.8
2023-07-19 18:00:00,-9999.1,-99.8,-99.8,1.3,137.0,3.9,150.0,4.5,-99.8,-99.8,-99.8,-99.8,-99.8,-99.8,-99.8
2023-07-19 19:00:00,-9999.1,-99.8,-99.8,2.1,81.0,3.0,126.0,0.0,-99.8,-99.8,-99.8,-99.8,-99.8,-99.8,-99.8
2023-07-19 20:00:00,-9999.1,-99.8,-99.8,4.7,100.0,6.0,88.0,0.0,-99.8,-99.8,-99.8,-99.8,-99.8,-99.8,-99.8
2023-07-19 21:00:00,-9999.1,-99.8,-99.8,6.3,111.0,9.6,110.0,0.0,-99.8,-99.8,-99.8,-99.8,-99.8,-99.8,-99.8
2023-07-19 22:00:00,-9999.1,-99.8,-99.8,2.0,67.0,10.5,106.0,-999.6,-99.8,-99.8,-99.8,-99.8,-99.8,-99.8,-99.8
2023-07-19 23:00:00,-9999.1,-99.8,-99.8,2.5,123.0,4.1,68.0,0.0,-99.8,-99.8,-99.8,-99.8,-99.8,-99.8,-99.8
2023-07-20 00:00:00,-9999.1,-99.8,-99.8,4.3,111.0,8.2,114.0,0.0,-99.8,-99.8,-99.8,-99.8,-99.8,-99.8,-99.8
2023-07-20 01:00:00,-9999.1,-99.8,-99.8,2.1,101.0,5.2,107.0,0.0,-99.8,-99.8,-99.8,-99.8,-99.8,-99.8,-99.8
2023-07-20 02:00:00,-9999.1,-99.8,-99.8,2.0,112.0,3.8,104.0,0.0,-99.8,-99.8,-99.8,-99.8,-99.8,-99.8,-99.8
2023-07-20 03:00:00,-9999.1,-99.8,-99.8,2.3,109.0,4.1,111.0,0.5,-99.8,-99.8,-99.8,-99.8,-99.8,-99.8,-99.8
2023-07-20 04:00:00,-9999.1,-99.8,-99.8,2.3,109.0,5.4,108.0,0.0,-99.8,-99.8,-99.8,-99.8,-99.8,-99.8,-99.8
2023-07-20 05:00:00,-9999.1,-99.8,-99.8,2.2,112.0,3.9,103.0,0.0,-99.8,-99.8,-99.8,-99.8,-99.8,-99.8,-99.8
2023-07-20 06:00:00,-9999.1,-99.8,-99.8,3.1,117.0,4.4,109.0,0.0,-99.8,-99.8,-99.8,-99.8,-99.8,-99.8,-99.8
2023-07-20 07:00:00,-9999.1,-99.8,-99.8,2.2,119.0,4.8,126.0,0.0,-99.8,-99.8,-99.8,-99.8,-99.8,-99.8,-99.8
2023-07-20 08:00:00,-9999.1,-99.8,-99.8,3.4,125.0,5.1,120.0,0.0,-99.8,-99.8,-99.8,-99.8,-99.8,-99.8,-99.8
2023-07-20 09:00:00,-9999.1,-99.8,-99.8,0.9,238.0,5.3,140.0,0.0,-99.8,-99.8,-99.8,-99.8,-99.8,-99.8,-99.8
2023-07-20 10:00:00,-9999.1,-99.8,-99.8,1.6,269.0,3.0,255.0,0.0,-99.8,-99.8,-99.8,-99.8,-99.8,-99.8,-99.8
2023-07-20 11:00:00,-9999.1,-99.8,-99.8,2.1,273.0,3.8,256.0,0.0,-99.8,-99.8,-99.8,-99.8,-99.8,-99.8,-99.8
2023-07-20 12:00:00,-9999.1,-99.8,-99.8,2.0,274.0,4.2,262.0,0.0,-99.8,-99.8,-99.8,-99.8,-99.8,-99.8,-99.8
2023-07-20 13:00:00,-9999.1,-99.8,-99.8,0.8,236.0,5.3,260.0,0.0,-99.8,-99.8,-99.8,-99.8,-99.8,-99.8,-99.8
2023-07-20 14:00:00,-9999.1,-99.8,-99.8,0.7,241.0,3.3,286.0,2.0,-99.8,-99.8,-99.8,-99.8,-99.8,-99.8,-99.8
2023-07-20 15:00:00,-9999.1,-99.8,-99.8,0.7,194.0,2.7,262.0,5.0,-99.8,-99.8,-99.8,-99.8,-99.8,-99.8,-99.8
2023-07-20 16:00:00,-9999.1,-99.8,-99.8,0.6,235.0,1.9,230.0,2.0,-99.8,-99.8,-99.8,-99.8,-99.8,-99.8,-99.8
2023-07-20 17:00:00,-9999.1,-99.8,-99.8,0.8,133.0,2.1,288.0,2.5,-99.8,-99.8,-99.8,-99.8,-99.8,-99.8,-99.8
2023-07-20 18:00:00,-9999.1,-99.8,-99.8,1.9,135.0,3.2,131.0,1.0,-99.8,-99.8,-99.8,-99.8,-99.8,-99.8,-99.8
2023-07-20 19:00:00,-9999.1,-99.8,-99.8,2.9,113.0,5.2,115.0,5.0,-99.8,-99.8,-99.8,-99.8,-99.8,-99.8,-99.8
2023-07-20 20:00:00,-9999.1,-99.8,-99.8,1.8,155.0,5.8,118.0,11.0,-99.8,-99.8,-99.8,-99.8,-99.8,-99.8,-99.8
2023-07-20 21:00:00,-9999.1,-99.8,-99.8,4.3,129.0,7.8,135.0,4.0,-99.8,-99.8,-99.8,-99.8,-99.8,-99.8,-99.8
2023-07-20 22:00:00,-9999.1,-99.8,-99.8,3.0,110.0,7.7,130.0,0.0,-99.8,-99.8,-99.8,-99.8,-99.8,-99.8,-99.8
2023-07-20 23:00:00,-9999.1,-99.8,-99.8,6.1,120.0,8.8,119.0,0.0,-99.8,-99.8,-99.8,-99.8,-99.8,-99.8,-99.8
2023-07-21 00:00:00,-9999.1,-99.8,-99.8,6.2,111.0,9.8,110.0,0.0,-99.8,-99.8,-99.8,-99.8,-99.8,-99.8,-99.8
2023-07-21 01:00:00,-9999.1,-99.8,-99.8,5.9,114.0,9.0,98.0,0.0,-99.8,-99.8,-99.8,-99.8,-99.8,-99.8,-99.8
2023-07-21 02:00:00,-9999.1,-99.8,-99.8,6.7,109.0,9.2,98.0,0.5,-99.8,-99.8,-99.8,-99.8,-99.8,-99.8,-99.8
2023-07-21 03:00:00,-9999.1,-99.8,-99.8,4.7,110.0,7.5,115.0,0.0,-99.8,-99.8,-99.8,-99.8,-99.8,-99.8,-99.8
2023-07-21 04:00:00,-9999.1,-99.8,-99.8,5.5,116.0,8.5,122.0,0.0,-99.8,-99.8,-99.8,-99.8,-99.8,-99.8,-99.8
2023-07-21 05:00:00,-9999.1,-99.8,-99.8,5.5,117.0,8.5,113.0,0.0,-99.8,-99.8,-99.8,-99.8,-99.8,-99.8,-99.8
2023-07-21 06:00:00,-9999.1,-99.8,-99.8,5.4,115.0,8.3,112.0,0.0,-99.8,-99.8,-99.8,-99.8,-99.8,-99.8,-99.8
2023-07-21 07:00:00,-9999.1,-99.8,-99.8,4.2,121.0,7.1,118.0,0.0,-99.8,-99.8,-99.8,-99.8,-99.8,-99.8,-99.8
2023-07-21 08:00:00,-9999.1,-99.8,-99.8,2.3,123.0,4.2,111.0,0.0,-99.8,-99.8,-99.8,-99.8,-99.8,-99.8,-99.8
2023-07-21 09:00:00,-9999.1,-99.8,-99.8,1.8,120.0,4.4,114.0,0.0,-99.8,-99.8,-99.8,-99.8,-99.8,-99.8,-99.8
2023-07-21 10:00:00,-9999.1,-99.8,-99.8,1.5,136.0,4.4,135.0,0.0,-99.8,-99.8,-99.8,-99.8,-99.8,-99.8,-99.8
2023-07-21 11:00:00,-9999.1,-99.8,-99.8,1.0,243.0,4.0,149.0,0.0,-99.8,-99.8,-99.8,-99.8,-99.8,-99.8,-99.8
2023-07-21 12:00:00,-9999.1,-99.8,-99.8,2.0,259.0,4.1,252.0,0.0,-99.8,-99.8,-99.8,-99.8,-99.8,-99.8,-99.8
2023-07-21 13:00:00,-9999.1,-99.8,-99.8,1.8,257.0,5.1,291.0,0.0,-99.8,-99.8,-99.8,-99.8,-99.8,-99.8,-99.8
2023-07-21 14:00:00,-9999.1,-99.8,-99.8,2.2,269.0,5.4,274.0,0.0,-99.8,-99.8,-99.8,-99.8,-99.8,-99.8,-99.8
2023-07-21 15:00:00,-9999.1,-99.8,-99.8,0.8,200.0,3.8,251.0,0.0,-99.8,-99.8,-99.8,-99.8,-99.8,-99.8,-99.8
2023-07-21 16:00:00,-9999.1,-99.8,-99.8,1.5,257.0,3.5,244.0,0.0,-99.8,-99.8,-99.8,-99.8,-99.8,-99.8,-99.8
2023-07-21 17:00:00,-9999.1,-99.8,-99.8,0.5,183.0,4.8,276.0,0.0,-99.8,-99.8,-99.8,-99.8,-99.8,-99.8,-99.8
2023-07-21 18:00:00,-9999.1,-99.8,-99.8,2.2,121.0,3.1,113.0,0.0,-99.8,-99.8,-99.8,-99.8,-99.8,-99.8,-99.8
2023-07-21 19:00:00,-9999.1,-99.8,-99.8,2.5,107.0,4.9,109.0,0.0,-99.8,-99.8,-99.8,-99.8,-99.8,-99.8,-99.8
2023-07-21 20:00:00,-9999.1,-99.8,-99.8,3.6,110.0,4.9,102.0,0.0,-99.8,-99.8,-99.8,-99.8,-99.8,-99.8,-99.8
2023-07-21 21:00:00,-9999.1,-99.8,-99.8,3.0,117.0,5.7,113.0,0.0,-99.8,-99.8,-99.8,-99.8,-99.8,-99.8,-99.8
2023-07-21 22:00:00,-9999.1,-99.8,-99.8,4.9,104.0,6.2,104.0,0.0,-99.8,-99.8,-99.8,-99.8,-99.8,-99.8,-99.8
2023-07-21 23:00:00,-9999.1,-99.8,-99.8,2.8,114.0,5.6,98.0,0.0,-99.8,-99.8,-99.8,-99.8,-99.8,-99.8,-99.8
2023-07-22 00:00:00,-9999.1,-99.8,-99.8,1.8,116.0,4.9,113.0,0.0,-99.8,-99.8,-99.8,-99.8,-99.8,-99.8,-99.8
2023-07-22 01:00:00,-9999.1,-99.8,-99.8,1.5,260.0,3.0,249.0,0.0,-99.8,-99.8,-99.8,-99.8,-99.8,-99.8,-99.8
2023-07-22 02:00:00,-9999.1,-99.8,-99.8,2.2,113.0,3.1,86.0,0.0,-99.8,-99.8,-99.8,-99.8,-99.8,-99.8,-99.8
2023-07-22 03:00:00,-9999.1,-99.8,-99.8,0.5,297.0,3.3,105.0,0.0,-99.8,-99.8,-99.8,-99.8,-99.8,-99.8,-99.8
2023-07-22 04:00:00,-9999.1,-99.8,-99.8,2.4,85.0,3.6,89.0,0.0,-99.8,-99.8,-99.8,-99.8,-99.8,-99.8,-99.8
2023-07-22 05:00:00,-9999.1,-99.8,-99.8,5.4,108.0,7.2,107.0,0.0,-99.8,-99.8,-99.8,-99.8,-99.8,-99.8,-99.8
2023-07-22 06:00:00,-9999.1,-99.8,-99.8,6.1,115.0,8.8,104.0,0.0,-99.8,-99.8,-99.8,-99.8,-99.8,-99.8,-99.8
2023-07-22 07:00:00,-9999.1,-99.8,-99.8,1.8,125.0,8.0,115.0,0.0,-99.8,-99.8,-99.8,-99.8,-99.8,-99.8,-99.8
2023-07-22 08:00:00,-9999.1,-99.8,-99.8,3.0,119.0,4.2,113.0,0.0,-99.8,-99.8,-99.8,-99.8,-99.8,-99.8,-99.8
2023-07-22 09:00:00,-9999.1,-99.8,-99.8,1.1,149.0,4.1,121.0,0.0,-99.8,-99.8,-99.8,-99.8,-99.8,-99.8,-99.8
2023-07-22 10:00:00,-9999.1,-99.8,-99.8,1.4,214.0,3.1,151.0,0.0,-99.8,-99.8,-99.8,-99.8,-99.8,-99.8,-99.8
2023-07-22 11:00:00,-9999.1,-99.8,-99.8,1.5,195.0,4.3,145.0,0.0,-99.8,-99.8,-99.8,-99.8,-99.8,-99.8,-99.8
2023-07-22 12:00:00,-9999.1,-99.8,-99.8,1.1,232.0,3.7,232.0,0.0,-99.8,-99.8,-99.8,-99.8,-99.8,-99.8,-99.8
2023-07-22 13:00:00,-9999.1,-99.8,-99.8,1.0,171.0,4.2,154.0,0.0,-99.8,-99.8,-99.8,-99.8,-99.8,-99.8,-99.8
2023-07-22 14:00:00,-9999.1,-99.8,-99.8,1.0,194.0,3.7,158.0,0.0,-99.8,-99.8,-99.8,-99.8,-99.8,-99.8,-99.8
2023-07-22 15:00:00,-9999.1,-99.8,-99.8,1.0,166.0,3.8,147.0,0.0,-99.8,-99.8,-99.8,-99.8,-99.8,-99.8,-99.8
2023-07-22 16:00:00,-9999.1,-99.8,-99.8,2.0,121.0,3.8,130.0,0.0,-99.8,-99.8,-99.8,-99.8,-99.8,-99.8,-99.8
2023-07-22 17:00:00,-9999.1,-99.8,-99.8,1.1,109.0,3.5,241.0,0.0,-99.8,-99.8,-99.8,-99.8,-99.8,-99.8,-99.8
2023-07-22 18:00:00,-9999.1,-99.8,-99.8,0.8,241.0,3.3,225.0,0.0,-99.8,-99.8,-99.8,-99.8,-99.8,-99.8,-99.8
2023-07-22 19:00:00,-9999.1,-99.8,-99.8,1.7,215.0,4.2,219.0,0.0,-99.8,-99.8,-99.8,-99.8,-99.8,-99.8,-99.8
2023-07-22 20:00:00,-9999.1,-99.8,-99.8,2.3,112.0,3.6,132.0,0.0,-99.8,-99.8,-99.8,-99.8,-99.8,-99.8,-99.8
2023-07-22 21:00:00,-9999.1,-99.8,-99.8,4.9,110.0,6.0,108.0,0.0,-99.8,-99.8,-99.8,-99.8,-99.8,-99.8,-99.8
2023-07-22 22:00:00,-9999.1,-99.8,-99.8,4.6,115.0,5.8,112.0,0.0,-99.8,-99.8,-99.8,-99.8,-99.8,-99.8,-99.8
2023-07-22 23:00:00,-9999.1,-99.8,-99.8,0.7,339.0,6.9,128.0,0.0,-99.8,-99.8,-99.8,-99.8,-99.8,-99.8,-99.8
2023-07-23 00:00:00,-9999.1,-99.8,-99.8,3.4,111.0,3.6,129.0,0.0,-99.8,-99.8,-99.8,-99.8,-99.8,-99.8,-99.8
2023-07-23 01:00:00,-9999.1,-99.8,-99.8,5.0,108.0,7.1,103.0,0.0,-99.8,-99.8,-99.8,-99.8,-99.8,-99.8,-99.8
2023-07-23 02:00:00,-9999.1,-99.8,-99.8,3.1,103.0,7.6,86.0,0.0,-99.8,-99.8,-99.8,-99.8,-99.8,-99.8,-99.8
2023-07-23 03:00:00,-9999.1,-99.8,-99.8,2.3,148.0,4.3,87.0,0.0,-99.8,-99.8,-99.8,-99.8,-99.8,-99.8,-99.8
2023-07-23 04:00:00,-9999.1,-99.8,-99.8,3.3,130.0,4.8,148.0,0.0,-99.8,-99.8,-99.8,-99.8,-99.8,-99.8,-99.8
2023-07-23 05:00:00,-9999.1,-99.8,-99.8,2.9,108.0,5.4,84.0,0.0,-99.8,-99.8,-99.8,-99.8,-99.8,-99.8,-99.8
2023-07-23 06:00:00,-9999.1,-99.8,-99.8,4.5,120.0,5.7,110.0,0.0,-99.8,-99.8,-99.8,-99.8,-99.8,-99.8,-99.8
2023-07-23 07:00:00,-9999.1,-99.8,-99.8,3.3,120.0,6.4,105.0,0.0,-99.8,-99.8,-99.8,-99.8,-99.8,-99.8,-99.8
2023-07-23 08:00:00,-9999.1,-99.8,-99.8,1.5,135.0,4.8,124.0,0.0,-99.8,-99.8,-99.8,-99.8,-99.8,-99.8,-99.8
2023-07-23 09:00:00,-9999.1,-99.8,-99.8,1.4,139.0,6.5,150.0,0.0,-99.8,-99.8,-99.8,-99.8,-99.8,-99.8,-99.8
2023-07-23 10:00:00,-9999.1,-99.8,-99.8,1.2,230.0,3.2,77.0,0.0,-99.8,-99.8,-99.8,-99.8,-99.8,-99.8,-99.8
2023-07-23 11:00:00,-9999.1,-99.8,-99.8,1.3,251.0,4.3,255.0,0.0,-99.8,-99.8,-99.8,-99.8,-99.8,-99.8,-99.8
2023-07-23 12:00:00,-9999.1,-99.8,-99.8,1.9,235.0,5.3,228.0,0.0,-99.8,-99.8,-99.8,-99.8,-99.8,-99.8,-99.8
2023-07-23 13:00:00,-9999.1,-99.8,-99.8,1.4,235.0,4.2,234.0,0.0,-99.8,-99.8,-99.8,-99.8,-99.8,-99.8,-99.8
2023-07-23 14:00:00,-9999.1,-99.8,-99.8,1.0,179.0,3.5,115.0,0.0,-99.8,-99.8,-99.8,-99.8,-99.8,-99.8,-99.8
2023-07-23 15:00:00,-9999.1,-99.8,-99.8,1.4,172.0,3.8,152.0,0.0,-99.8,-99.8,-99.8,-99.8,-99.8,-99.8,-99.8
2023-07-23 16:00:00,-9999.1,-99.8,-99.8,2.2,105.0,4.3,106.0,0.0,-99.8,-99.8,-99.8,-99.8,-99.8,-99.8,-99.8
2023-07-23 17:00:00,-9999.1,-99.8,-99.8,2.0,146.0,5.8,128.0,0.0,-99.8,-99.8,-99.8,-99.8,-99.8,-99.8,-99.8
2023-07-23 18:00:00,-9999.1,-99.8,-99.8,2.4,122.0,4.5,150.0,0.0,-99.8,-99.8,-99.8,-99.8,-99.8,-99.8,-99.8
2023-07-23 19:00:00,-9999.1,-99.8,-99.8,1.7,296.0,3.7,112.0,0.0,-99.8,-99.8,-99.8,-99.8,-99.8,-99.8,-99.8
2023-07-23 20:00:00,-9999.1,-99.8,-99.8,5.1,107.0,6.0,108.0,0.0,-99.8,-99.8,-99.8,-99.8,-99.8,-99.8,-99.8
2023-07-23 21:00:00,-9999.1,-99.8,-99.8,6.5,109.0,7.7,108.0,0.0,-99.8,-99.8,-99.8,-99.8,-99.8,-99.8,-99.8
2023-07-23 22:00:00,-9999.1,-99.8,-99.8,6.0,113.0,9.3,106.0,0.0,-99.8,-99.8,-99.8,-99.8,-99.8,-99.8,-99.8
2023-07-23 23:00:00,-9999.1,-99.8,-99.8,5.5,110.0,9.0,108.0,0.0,-99.8,-99.8,-99.8,-99.8,-99.8,-99.8,-99.8
2023-07-24 00:00:00,-9999.1,-99.8,-99.8,5.7,108.0,9.3,106.0,0.0,-99.8,-99.8,-99.8,-99.8,-99.8,-99.8,-99.8
2023-07-24 01:00:00,-9999.1,-99.8,-99.8,2.0,107.0,7.4,108.0,0.0,-99.8,-99.8,-99.8,-99.8,-99.8,-99.8,-99.8
2023-07-24 02:00:00,-9999.1,-99.8,-99.8,3.5,125.0,5.9,107.0,0.0,-99.8,-99.8,-99.8,-99.8,-99.8,-99.8,-99.8
2023-07-24 03:00:00,-9999.1,-99.8,-99.8,4.0,114.0,6.1,116.0,0.0,-99.8,-99.8,-99.8,-99.8,-99.8,-99.8,-99.8
2023-07-24 04:00:00,-9999.1,-99.8,-99.8,2.4,108.0,5.4,112.0,0.0,-99.8,-99.8,-99.8,-99.8,-99.8,-99.8,-99.8
2023-07-24 05:00:00,-9999.1,-99.8,-99.8,2.5,121.0,5.3,96.0,0.0,-99.8,-99.8,-99.8,-99.8,-99.8,-99.8,-99.8
2023-07-24 06:00:00,-9999.1,-99.8,-99.8,3.8,118.0,6.1,103.0,0.0,-99.8,-99.8,-99.8,-99.8,-99.8,-99.8,-99.8
2023-07-24 07:00:00,-9999.1,-99.8,-99.8,4.9,129.0,8.3,114.0,0.0,-99.8,-99.8,-99.8,-99.8,-99.8,-99.8,-99.8
2023-07-24 08:00:00,-9999.1,-99.8,-99.8,5.9,131.0,9.1,129.0,0.0,-99.8,-99.8,-99.8,-99.8,-99.8,-99.8,-99.8
2023-07-24 09:00:00,-9999.1,-99.8,-99.8,3.2,141.0,9.1,116.0,0.0,-99.8,-99.8,-99.8,-99.8,-99.8,-99.8,-99.8
2023-07-24 10:00:00,-9999.1,-99.8,-99.8,1.9,161.0,6.0,111.0,0.0,-99.8,-99.8,-99.8,-99.8,-99.8,-99.8,-99.8
2023-07-24 11:00:00,-9999.1,-99.8,-99.8,1.7,156.0,5.6,143.0,0.0,-99.8,-99.8,-99.8,-99.8,-99.8,-99.8,-99.8
2023-07-24 12:00:00,-9999.1,-99.8,-99.8,0.3,217.0,5.5,151.0,0.0,-99.8,-99.8,-99.8,-99.8,-99.8,-99.8,-99.8
2023-07-24 13:00:00,-9999.1,-99.8,-99.8,0.4,197.0,5.2,89.0,0.0,-99.8,-99.8,-99.8,-99.8,-99.8,-99.8,-99.8
2023-07-24 14:00:00,-9999.1,-99.8,-99.8,0.8,171.0,4.0,164.0,0.0,-99.8,-99.8,-99.8,-99.8,-99.8,-99.8,-99.8
2023-07-24 15:00:00,-9999.1,-99.8,-99.8,1.6,146.0,4.2,146.0,0.0,-99.8,-99.8,-99.8,-99.8,-99.8,-99.8,-99.8
2023-07-24 16:00:00,-9999.1,-99.8,-99.8,1.2,137.0,4.3,151.0,0.0,-99.8,-99.8,-99.8,-99.8,-99.8,-99.8,-99.8
2023-07-24 17:00:00,-9999.1,-99.8,-99.8,1.3,169.0,4.5,146.0,0.0,-99.8,-99.8,-99.8,-99.8,-99.8,-99.8,-99.8
2023-07-24 18:00:00,-9999.1,-99.8,-99.8,3.6,141.0,7.1,113.0,0.0,-99.8,-99.8,-99.8,-99.8,-99.8,-99.8,-99.8
2023-07-24 19:00:00,-9999.1,-99.8,-99.8,5.3,129.0,8.5,133.0,0.0,-99.8,-99.8,-99.8,-99.8,-99.8,-99.8,-99.8
2023-07-24 20:00:00,-9999.1,-99.8,-99.8,6.1,120.0,10.9,107.0,0.0,-99.8,-99.8,-99.8,-99.8,-99.8,-99.8,-99.8
2023-07-24 21:00:00,-9999.1,-99.8,-99.8,6.0,129.0,12.1,116.0,0.0,-99.8,-99.8,-99.8,-99.8,-99.8,-99.8,-99.8
2023-07-24 22:00:00,-9999.1,-99.8,-99.8,7.5,126.0,11.8,117.0,0.0,-99.8,-99.8,-99.8,-99.8,-99.8,-99.8,-99.8
2023-07-24 23:00:00,-9999.1,-99.8,-99.8,7.2,127.0,11.5,126.0,0.0,-99.8,-99.8,-99.8,-99.8,-99.8,-99.8,-99.8
2023-07-25 00:00:00,-9999.1,-99.8,-99.8,7.2,127.0,11.1,126.0,0.0,-99.8,-99.8,-99.8,-99.8,-99.8,-99.8,-99.8
2023-07-25 01:00:00,-9999.1,-99.8,-99.8,7.0,122.0,11.5,137.0,0.0,-99.8,-99.8,-99.8,-99.8,-99.8,-99.8,-99.8
2023-07-25 02:00:00,-9999.1,-99.8,-99.8,9.0,134.0,15.0,137.0,0.0,-99.8,-99.8,-99.8,-99.8,-99.8,-99.8,-99.8
2023-07-25 03:00:00,-9999.1,-99.8,-99.8,6.1,122.0,13.8,146.0,0.0,-99.8,-99.8,-99.8,-99.8,-99.8,-99.8,-99.8
2023-07-25 04:00:00,-9999.1,-99.8,-99.8,9.1,133.0,14.9,137.0,0.0,-99.8,-99.8,-99.8,-99.8,-99.8,-99.8,-99.8
2023-07-25 05:00:00,-9999.1,-99.8,-99.8,7.7,130.0,15.0,137.0,0.0,-99.8,-99.8,-99.8,-99.8,-99.8,-99.8,-99.8
2023-07-25 06:00:00,-9999.1,-99.8,-99.8,8.0,123.0,14.7,140.0,0.0,-99.8,-99.8,-99.8,-99.8,-99.8,-99.8,-99.8
2023-07-25 07:00:00,-9999.1,-99.8,-99.8,7.5,125.0,14.5,140.0,0.0,-99.8,-99.8,-99.8,-99.8,-99.8,-99.8,-99.8
2023-07-25 08:00:00,-9999.1,-99.8,-99.8,6.1,136.0,11.3,137.0,0.0,-99.8,-99.8,-99.8,-99.8,-99.8,-99.8,-99.8
2023-07-25 09:00:00,-9999.1,-99.8,-99.8,6.6,139.0,13.4,131.0,0.0,-99.8,-99.8,-99.8,-99.8,-99.8,-99.8,-99.8
2023-07-25 10:00:00,-9999.1,-99.8,-99.8,4.9,138.0,12.0,123.0,0.0,-99.8,-99.8,-99.8,-99.8,-99.8,-99.8,-99.8
2023-07-25 11:00:00,-9999.1,-99.8,-99.8,4.6,139.0,11.5,135.0,0.0,-99.8,-99.8,-99.8,-99.8,-99.8,-99.8,-99.8
2023-07-25 12:00:00,-9999.1,-99.8,-99.8,6.1,141.0,11.9,112.0,0.0,-99.8,-99.8,-99.8,-99.8,-99.8,-99.8,-99.8
2023-07-25 13:00:00,-9999.1,-99.8,-99.8,6.3,139.0,12.8,145.0,0.0,-99.8,-99.8,-99.8,-99.8,-99.8,-99.8,-99.8
2023-07-25 14:00:00,-9999.1,-99.8,-99.8,6.8,134.0,12.5,143.0,0.0,-99.8,-99.8,-99.8,-99.8,-99.8,-99.8,-99.8
2023-07-25 15:00:00,-9999.1,-99.8,-99.8,7.9,135.0,15.2,145.0,0.0,-99.8,-99.8,-99.8,-99.8,-99.8,-99.8,-99.8
2023-07-25 16:00:00,-9999.1,-99.8,-99.8,7.4,130.0,14.0,129.0,0.0,-99.8,-99.8,-99.8,-99.8,-99.8,-99.8,-99.8
2023-07-25 17:00:00,-9999.1,-99.8,-99.8,8.6,124.0,14.5,149.0,0.0,-99.8,-99.8,-99.8,-99.8,-99.8,-99.8,-99.8
2023-07-25 18:00:00,-9999.1,-99.8,-99.8,10.5,126.0,19.5,127.0,0.0,-99.8,-99.8,-99.8,-99.8,-99.8,-99.8,-99.8
2023-07-25 19:00:00,-9999.1,-99.8,-99.8,11.5,122.0,21.8,109.0,0.0,-99.8,-99.8,-99.8,-99.8,-99.8,-99.8,-99.8
2023-07-25 20:00:00,-9999.1,-99.8,-99.8,12.1,129.0,25.2,123.0,0.0,-99.8,-99.8,-99.8,-99.8,-99.8,-99.8,-99.8
2023-07-25 21:00:00,-9999.1,-99.8,-99.8,11.9,128.0,27.1,143.0,0.5,-99.8,-99.8,-99.8,-99.8,-99.8,-99.8,-99.8
2023-07-25 22:00:00,-9999.1,-99.8,-99.8,10.4,129.0,23.9,144.0,1.5,-99.8,-99.8,-99.8,-99.8,-99.8,-99.8,-99.8
2023-07-25 23:00:00,-9999.1,-99.8,-99.8,8.2,130.0,19.0,133.0,1.0,-99.8,-99.8,-99.8,-99.8,-99.8,-99.8,-99.8
2023-07-26 00:00:00,-9999.1,-99.8,-99.8,10.3,131.0,16.7,120.0,1.5,-99.8,-99.8,-99.8,-99.8,-99.8,-99.8,-99.8
2023-07-26 01:00:00,-9999.1,-99.8,-99.8,7.0,138.0,19.3,107.0,4.5,-99.8,-99.8,-99.8,-99.8,-99.8,-99.8,-99.8
2023-07-26 02:00:00,-9999.1,-99.8,-99.8,10.8,129.0,21.2,134.0,11.5,-99.8,-99.8,-99.8,-99.8,-99.8,-99.8,-99.8
2023-07-26 03:00:00,-9999.1,-99.8,-99.8,10.8,131.0,25.2,110.0,1.0,-99.8,-99.8,-99.8,-99.8,-99.8,-99.8,-99.8
2023-07-26 04:00:00,-9999.1,-99.8,-99.8,10.7,133.0,26.1,145.0,2.5,-99.8,-99.8,-99.8,-99.8,-99.8,-99.8,-99.8
2023-07-26 05:00:00,-9999.1,-99.8,-99.8,7.9,134.0,21.6,121.0,5.0,-99.8,-99.8,-99.8,-99.8,-99.8,-99.8,-99.8
2023-07-26 06:00:00,-9999.1,-99.8,-99.8,11.5,131.0,23.6,140.0,2.0,-99.8,-99.8,-99.8,-99.8,-99.8,-99.8,-99.8
2023-07-26 07:00:00,-9999.1,-99.8,-99.8,10.5,131.0,18.6,143.0,4.0,-99.8,-99.8,-99.8,-99.8,-99.8,-99.8,-99.8
2023-07-26 08:00:00,-9999.1,-99.8,-99.8,10.3,127.0,19.6,133.0,7.0,-99.8,-99.8,-99.8,-99.8,-99.8,-99.8,-99.8
2023-07-26 09:00:00,-9999.1,-99.8,-99.8,11.2,125.0,26.0,128.0,5.5,-99.8,-99.8,-99.8,-99.8,-99.8,-99.8,-99.8
2023-07-26 10:00:00,-9999.1,-99.8,-99.8,9.8,135.0,21.6,139.0,8.5,-99.8,-99.8,-99.8,-99.8,-99.8,-99.8,-99.8
2023-07-26 11:00:00,-9999.1,-99.8,-99.8,10.0,129.0,22.4,118.0,5.5,-99.8,-99.8,-99.8,-99.8,-99.8,-99.8,-99.8
2023-07-26 12:00:00,-9999.1,-99.8,-99.8,11.0,131.0,25.1,115.0,10.0,-99.8,-99.8,-99.8,-99.8,-99.8,-99.8,-99.8
2023-07-26 13:00:00,-9999.1,-99.8,-99.8,11.0,129.0,22.2,139.0,4.5,-99.8,-99.8,-99.8,-99.8,-99.8,-99.8,-99.8
2023-07-26 14:00:00,-9999.1,-99.8,-99.8,10.6,125.0,24.6,104.0,7.5,-99.8,-99.8,-99.8,-99.8,-99.8,-99.8,-99.8
2023-07-26 15:00:00,-9999.1,-99.8,-99.8,10.0,132.0,23.0,121.0,4.0,-99.8,-99.8,-99.8,-99.8,-99.8,-99.8,-99.8
2023-07-26 16:00:00,-9999.1,-99.8,-99.8,10.3,124.0,20.0,127.0,9.5,-99.8,-99.8,-99.8,-99.8,-99.8,-99.8,-99.8
2023-07-26 17:00:00,-9999.1,-99.8,-99.8,12.8,112.0,25.8,120.0,13.5,-99.8,-99.8,-99.8,-99.8,-99.8,-99.8,-99.8
2023-07-26 18:00:00,-9999.1,-99.8,-99.8,9.8,133.0,24.2,129.0,2.5,-99.8,-99.8,-99.8,-99.8,-99.8,-99.8,-99.8
2023-07-26 19:00:00,-9999.1,-99.8,-99.8,10.2,133.0,20.5,110.0,9.0,-99.8,-99.8,-99.8,-99.8,-99.8,-99.8,-99.8
2023-07-26 20:00:00,-9999.1,-99.8,-99.8,11.1,129.0,22.5,132.0,17.5,-99.8,-99.8,-99.8,-99.8,-99.8,-99.8,-99.8
2023-07-26 21:00:00,-9999.1,-99.8,-99.8,8.5,135.0,19.0,133.0,20.5,-99.8,-99.8,-99.8,-99.8,-99.8,-99.8,-99.8
2023-07-26 22:00:00,-9999.1,-99.8,-99.8,11.9,119.0,25.7,143.0,9.0,-99.8,-99.8,-99.8,-99.8,-99.8,-99.8,-99.8
2023-07-26 23:00:00,-9999.1,-99.8,-99.8,8.8,143.0,19.9,108.0,12.0,-99.8,-99.8,-99.8,-99.8,-99.8,-99.8,-99.8
2023-07-27 00:00:00,-9999.1,-99.8,-99.8,9.4,136.0,18.2,111.0,7.5,-99.8,-99.8,-99.8,-99.8,-99.8,-99.8,-99.8
2023-07-27 01:00:00,-9999.1,-99.8,-99.8,10.4,132.0,19.3,123.0,7.0,-99.8,-99.8,-99.8,-99.8,-99.8,-99.8,-99.8
2023-07-27 02:00:00,-9999.1,-99.8,-99.8,8.8,137.0,19.6,150.0,8.0,-99.8,-99.8,-99.8,-99.8,-99.8,-99.8,-99.8
2023-07-27 03:00:00,-9999.1,-99.8,-99.8,11.2,122.0,21.3,118.0,7.0,-99.8,-99.8,-99.8,-99.8,-99.8,-99.8,-99.8
2023-07-27 04:00:00,-9999.1,-99.8,-99.8,10.7,139.0,18.9,129.0,3.5,-99.8,-99.8,-99.8,-99.8,-99.8,-99.8,-99.8
2023-07-27 05:00:00,-9999.1,-99.8,-99.8,11.4,132.0,22.9,121.0,2.5,-99.8,-99.8,-99.8,-99.8,-99.8,-99.8,-99.8
2023-07-27 06:00:00,-9999.1,-99.8,-99.8,11.8,132.0,21.8,109.0,0.5,-99.8,-99.8,-99.8,-99.8,-99.8,-99.8,-99.8
2023-07-27 07:00:00,-9999.1,-99.8,-99.8,8.9,141.0,29.4,135.0,3.5,-99.8,-99.8,-99.8,-99.8,-99.8,-99.8,-99.8
2023-07-27 08:00:00,-9999.1,-99.8,-99.8,9.9,131.0,16.9,139.0,4.0,-99.8,-99.8,-99.8,-99.8,-99.8,-99.8,-99.8
2023-07-27 09:00:00,-9999.1,-99.8,-99.8,10.1,133.0,18.6,114.0,6.5,-99.8,-99.8,-99.8,-99.8,-99.8,-99.8,-99.8
2023-07-27 10:00:00,-9999.1,-99.8,-99.8,7.2,136.0,19.6,126.0,7.5,-99.8,-99.8,-99.8,-99.8,-99.8,-99.8,-99.8
2023-07-27 11:00:00,-9999.1,-99.8,-99.8,7.6,135.0,17.1,142.0,15.0,-99.8,-99.8,-99.8,-99.8,-99.8,-99.8,-99.8
2023-07-27 12:00:00,-9999.1,-99.8,-99.8,6.9,128.0,15.8,136.0,13.0,-99.8,-99.8,-99.8,-99.8,-99.8,-99.8,-99.8
2023-07-27 13:00:00,-9999.1,-99.8,-99.8,7.2,131.0,13.5,134.0,14.0,-99.8,-99.8,-99.8,-99.8,-99.8,-99.8,-99.8
2023-07-27 14:00:00,-9999.1,-99.8,-99.8,8.8,141.0,21.0,138.0,11.5,-99.8,-99.8,-99.8,-99.8,-99.8,-99.8,-99.8
2023-07-27 15:00:00,-9999.1,-99.8,-99.8,6.1,134.0,15.6,135.0,8.5,-99.8,-99.8,-99.8,-99.8,-99.8,-99.8,-99.8
2023-07-27 16:00:00,-9999.1,-99.8,-99.8,6.2,137.0,15.2,143.0,10.0,-99.8,-99.8,-99.8,-99.8,-99.8,-99.8,-99.8
2023-07-27 17:00:00,-9999.1,-99.8,-99.8,6.8,141.0,17.3,115.0,10.5,-99.8,-99.8,-99.8,-99.8,-99.8,-99.8,-99.8
2023-07-27 18:00:00,-9999.1,-99.8,-99.8,8.0,132.0,18.0,150.0,14.5,-99.8,-99.8,-99.8,-99.8,-99.8,-99.8,-99.8
2023-07-27 19:00:00,-9999.1,-99.8,-99.8,10.3,124.0,19.2,145.0,8.5,-99.8,-99.8,-99.8,-99.8,-99.8,-99.8,-99.8
2023-07-27 20:00:00,-9999.1,-99.8,-99.8,12.4,135.0,19.8,106.0,12.5,-99.8,-99.8,-99.8,-99.8,-99.8,-99.8,-99.8
2023-07-27 21:00:00,-9999.1,-99.8,-99.8,11.1,138.0,22.5,152.0,9.0,-99.8,-99.8,-99.8,-99.8,-99.8,-99.8,-99.8
2023-07-27 22:00:00,-9999.1,-99.8,-99.8,10.1,132.0,19.4,143.0,11.5,-99.8,-99.8,-99.8,-99.8,-99.8,-99.8,-99.8
2023-07-27 23:00:00,-9999.1,-99.8,-99.8,9.2,140.0,24.2,112.0,17.5,-99.8,-99.8,-99.8,-99.8,-99.8,-99.8,-99.8
2023-07-28 00:00:00,-9999.1,-99.8,-99.8,12.2,132.0,22.6,123.0,10.5,-99.8,-99.8,-99.8,-99.8,-99.8,-99.8,-99.8
2023-07-28 01:00:00,-9999.1,-99.8,-99.8,10.4,140.0,20.9,149.0,5.0,-99.8,-99.8,-99.8,-99.8,-99.8,-99.8,-99.8
2023-07-28 02:00:00,-9999.1,-99.8,-99.8,11.2,140.0,20.9,141.0,4.5,-99.8,-99.8,-99.8,-99.8,-99.8,-99.8,-99.8
2023-07-28 03:00:00,-9999.1,-99.8,-99.8,10.6,143.0,23.9,141.0,4.0,-99.8,-99.8,-99.8,-99.8,-99.8,-99.8,-99.8
2023-07-28 04:00:00,-9999.1,-99.8,-99.8,10.3,142.0,28.3,155.0,6.0,-99.8,-99.8,-99.8,-99.8,-99.8,-99.8,-99.8
2023-07-28 05:00:00,-9999.1,-99.8,-99.8,10.7,142.0,22.1,150.0,4.5,-99.8,-99.8,-99.8,-99.8,-99.8,-99.8,-99.8
2023-07-28 06:00:00,-9999.1,-99.8,-99.8,13.0,136.0,23.2,140.0,8.0,-99.8,-99.8,-99.8,-99.8,-99.8,-99.8,-99.8
2023-07-28 07:00:00,-9999.1,-99.8,-99.8,9.1,131.0,24.6,144.0,4.5,-99.8,-99.8,-99.8,-99.8,-99.8,-99.8,-99.8
2023-07-28 08:00:00,-9999.1,-99.8,-99.8,11.5,140.0,24.0,131.0,10.5,-99.8,-99.8,-99.8,-99.8,-99.8,-99.8,-99.8
2023-07-28 09:00:00,-9999.1,-99.8,-99.8,9.6,141.0,23.6,144.0,4.0,-99.8,-99.8,-99.8,-99.8,-99.8,-99.8,-99.8
2023-07-28 10:00:00,-9999.1,-99.8,-99.8,8.8,134.0,21.8,124.0,3.5,-99.8,-99.8,-99.8,-99.8,-99.8,-99.8,-99.8
2023-07-28 11:00:00,-9999.1,-99.8,-99.8,9.9,137.0,20.0,149.0,3.5,-99.8,-99.8,-99.8,-99.8,-99.8,-99.8,-99.8
2023-07-28 12:00:00,-9999.1,-99.8,-99.8,9.0,143.0,20.0,136.0,1.5,-99.8,-99.8,-99.8,-99.8,-99.8,-99.8,-99.8
2023-07-28 13:00:00,-9999.1,-99.8,-99.8,11.3,130.0,19.5,139.0,0.5,-99.8,-99.8,-99.8,-99.8,-99.8,-99.8,-99.8
2023-07-28 14:00:00,-9999.1,-99.8,-99.8,11.8,131.0,23.4,134.0,0.5,-99.8,-99.8,-99.8,-99.8,-99.8,-99.8,-99.8
2023-07-28 15:00:00,-9999.1,-99.8,-99.8,11.5,134.0,21.1,144.0,1.0,-99.8,-99.8,-99.8,-99.8,-99.8,-99.8,-99.8
2023-07-28 16:00:00,-9999.1,-99.8,-99.8,14.5,130.0,25.2,131.0,0.0,-99.8,-99.8,-99.8,-99.8,-99.8,-99.8,-99.8
2023-07-28 17:00:00,-9999.1,-99.8,-99.8,11.8,126.0,25.2,142.0,0.0,-99.8,-99.8,-99.8,-99.8,-99.8,-99.8,-99.8
2023-07-28 18:00:00,-9999.1,-99.8,-99.8,13.8,122.0,23.0,143.0,0.0,-99.8,-99.8,-99.8,-99.8,-99.8,-99.8,-99.8
2023-07-28 19:00:00,-9999.1,-99.8,-99.8,15.3,130.0,25.2,135.0,0.0,-99.8,-99.8,-99.8,-99.8,-99.8,-99.8,-99.8
2023-07-28 20:00:00,-9999.1,-99.8,-99.8,13.6,119.0,25.3,113.0,0.0,-99.8,-99.8,-99.8,-99.8,-99.8,-99.8,-99.8
2023-07-28 21:00:00,-9999.1,-99.8,-99.8,14.7,127.0,24.1,123.0,0.0,-99.8,-99.8,-99.8,-99.8,-99.8,-99.8,-99.8
2023-07-28 22:00:00,-9999.1,-99.8,-99.8,11.5,129.0,22.5,110.0,0.0,-99.8,-99.8,-99.8,-99.8,-99.8,-99.8,-99.8
2023-07-28 23:00:00,-9999.1,-99.8,-99.8,11.8,128.0,21.4,147.0,0.0,-99.8,-99.8,-99.8,-99.8,-99.8,-99.8,-99.8
2023-07-29 00:00:00,-9999.1,-99.8,-99.8,12.0,129.0,19.4,140.0,0.0,-99.8,-99.8,-99.8,-99.8,-99.8,-99.8,-99.8
2023-07-29 01:00:00,-9999.1,-99.8,-99.8,9.7,131.0,19.3,131.0,0.5,-99.8,-99.8,-99.8,-99.8,-99.8,-99.8,-99.8
2023-07-29 02:00:00,-9999.1,-99.8,-99.8,9.0,131.0,17.9,144.0,0.0,-99.8,-99.8,-99.8,-99.8,-99.8,-99.8,-99.8
2023-07-29 03:00:00,-9999.1,-99.8,-99.8,8.0,134.0,17.1,134.0,0.0,-99.8,-99.8,-99.8,-99.8,-99.8,-99.8,-99.8
2023-07-29 04:00:00,-9999.1,-99.8,-99.8,8.7,132.0,18.0,147.0,0.0,-99.8,-99.8,-99.8,-99.8,-99.8,-99.8,-99.8
2023-07-29 05:00:00,-9999.1,-99.8,-99.8,9.2,127.0,15.9,141.0,0.0,-99.8,-99.8,-99.8,-99.8,-99.8,-99.8,-99.8
2023-07-29 06:00:00,-9999.1,-99.8,-99.8,8.5,131.0,14.2,141.0,0.0,-99.8,-99.8,-99.8,-99.8,-99.8,-99.8,-99.8
2023-07-29 07:00:00,-9999.1,-99.8,-99.8,6.2,141.0,14.5,110.0,0.0,-99.8,-99.8,-99.8,-99.8,-99.8,-99.8,-99.8
2023-07-29 08:00:00,-9999.1,-99.8,-99.8,4.4,147.0,10.2,157.0,0.0,-99.8,-99.8,-99.8,-99.8,-99.8,-99.8,-99.8
2023-07-29 09:00:00,-9999.1,-99.8,-99.8,6.8,121.0,10.9,149.0,0.0,-99.8,-99.8,-99.8,-99.8,-99.8,-99.8,-99.8
2023-07-29 10:00:00,-9999.1,-99.8,-99.8,4.2,112.0,12.1,139.0,0.0,-99.8,-99.8,-99.8,-99.8,-99.8,-99.8,-99.8
2023-07-29 11:00:00,-9999.1,-99.8,-99.8,2.6,136.0,10.1,107.0,0.0,-99.8,-99.8,-99.8,-99.8,-99.8,-99.8,-99.8
2023-07-29 12:00:00,-9999.1,-99.8,-99.8,0.9,214.0,6.1,107.0,0.0,-99.8,-99.8,-99.8,-99.8,-99.8,-99.8,-99.8
2023-07-29 13:00:00,-9999.1,-99.8,-99.8,3.2,144.0,9.5,152.0,0.0,-99.8,-99.8,-99.8,-99.8,-99.8,-99.8,-99.8
2023-07-29 14:00:00,-9999.1,-99.8,-99.8,2.5,132.0,8.5,124.0,0.0,-99.8,-99.8,-99.8,-99.8,-99.8,-99.8,-99.8
2023-07-29 15:00:00,-9999.1,-99.8,-99.8,1.6,138.0,7.9,138.0,0.0,-99.8,-99.8,-99.8,-99.8,-99.8,-99.8,-99.8
2023-07-29 16:00:00,-9999.1,-99.8,-99.8,4.7,123.0,8.9,134.0,0.0,-99.8,-99.8,-99.8,-99.8,-99.8,-99.8,-99.8
2023-07-29 17:00:00,-9999.1,-99.8,-99.8,2.6,114.0,9.1,105.0,0.0,-99.8,-99.8,-99.8,-99.8,-99.8,-99.8,-99.8
2023-07-29 18:00:00,-9999.1,-99.8,-99.8,3.5,108.0,6.5,116.0,0.0,-99.8,-99.8,-99.8,-99.8,-99.8,-99.8,-99.8
2023-07-29 19:00:00,-9999.1,-99.8,-99.8,3.2,130.0,8.7,131.0,0.0,-99.8,-99.8,-99.8,-99.8,-99.8,-99.8,-99.8
2023-07-29 20:00:00,-9999.1,-99.8,-99.8,3.5,108.0,6.5,145.0,0.0,-99.8,-99.8,-99.8,-99.8,-99.8,-99.8,-99.8
2023-07-29 21:00:00,-9999.1,-99.8,-99.8,3.1,113.0,5.7,111.0,0.0,-99.8,-99.8,-99.8,-99.8,-99.8,-99.8,-99.8
2023-07-29 22:00:00,-9999.1,-99.8,-99.8,4.4,138.0,7.7,120.0,0.5,-99.8,-99.8,-99.8,-99.8,-99.8,-99.8,-99.8
2023-07-29 23:00:00,-9999.1,-99.8,-99.8,5.2,136.0,8.8,123.0,1.5,-99.8,-99.8,-99.8,-99.8,-99.8,-99.8,-99.8
2023-07-30 00:00:00,-9999.1,-99.8,-99.8,5.7,122.0,8.9,108.0,1.0,-99.8,-99.8,-99.8,-99.8,-99.8,-99.8,-99.8
2023-07-30 01:00:00,-9999.1,-99.8,-99.8,4.6,129.0,10.2,109.0,0.0,-99.8,-99.8,-99.8,-99.8,-99.8,-99.8,-99.8
2023-07-30 02:00:00,-9999.1,-99.8,-99.8,6.8,127.0,9.7,114.0,0.0,-99.8,-99.8,-99.8,-99.8,-99.8,-99.8,-99.8
2023-07-30 03:00:00,-9999.1,-99.8,-99.8,5.7,115.0,9.0,142.0,0.0,-99.8,-99.8,-99.8,-99.8,-99.8,-99.8,-99.8
2023-07-30 04:00:00,-9999.1,-99.8,-99.8,5.7,122.0,7.9,106.0,0.0,-99.8,-99.8,-99.8,-99.8,-99.8,-99.8,-99.8
2023-07-30 05:00:00,-9999.1,-99.8,-99.8,5.9,128.0,8.0,115.0,0.0,-99.8,-99.8,-99.8,-99.8,-99.8,-99.8,-99.8
2023-07-30 06:00:00,-9999.1,-99.8,-99.8,6.0,108.0,8.2,104.0,0.0,-99.8,-99.8,-99.8,-99.8,-99.8,-99.8,-99.8
2023-07-30 07:00:00,-9999.1,-99.8,-99.8,5.1,117.0,8.0,106.0,0.0,-99.8,-99.8,-99.8,-99.8,-99.8,-99.8,-99.8
2023-07-30 08:00:00,-9999.1,-99.8,-99.8,5.5,110.0,7.6,104.0,0.0,-99.8,-99.8,-99.8,-99.8,-99.8,-99.8,-99.8
2023-07-30 09:00:00,-9999.1,-99.8,-99.8,3.1,131.0,6.6,124.0,0.0,-99.8,-99.8,-99.8,-99.8,-99.8,-99.8,-99.8
2023-07-30 10:00:00,-9999.1,-99.8,-99.8,2.5,145.0,5.3,152.0,0.0,-99.8,-99.8,-99.8,-99.8,-99.8,-99.8,-99.8
2023-07-30 11:00:00,-9999.1,-99.8,-99.8,2.1,150.0,5.2,118.0,0.0,-99.8,-99.8,-99.8,-99.8,-99.8,-99.8,-99.8
2023-07-30 12:00:00,-9999.1,-99.8,-99.8,1.3,174.0,4.8,150.0,0.0,-99.8,-99.8,-99.8,-99.8,-99.8,-99.8,-99.8
2023-07-30 13:00:00,-9999.1,-99.8,-99.8,1.2,165.0,4.4,145.0,0.0,-99.8,-99.8,-99.8,-99.8,-99.8,-99.8,-99.8
2023-07-30 14:00:00,-9999.1,-99.8,-99.8,2.5,131.0,4.4,138.0,0.0,-99.8,-99.8,-99.8,-99.8,-99.8,-99.8,-99.8
2023-07-30 15:00:00,-9999.1,-99.8,-99.8,1.8,127.0,4.5,111.0,0.0,-99.8,-99.8,-99.8,-99.8,-99.8,-99.8,-99.8
2023-07-30 16:00:00,-9999.1,-99.8,-99.8,2.6,122.0,4.5,120.0,0.0,-99.8,-99.8,-99.8,-99.8,-99.8,-99.8,-99.8
2023-07-30 17:00:00,-9999.1,-99.8,-99.8,3.1,130.0,6.6,110.0,0.0,-99.8,-99.8,-99.8,-99.8,-99.8,-99.8,-99.8
2023-07-30 18:00:00,-9999.1,-99.8,-99.8,3.5,136.0,5.5,127.0,0.0,-99.8,-99.8,-99.8,-99.8,-99.8,-99.8,-99.8
2023-07-30 19:00:00,-9999.1,-99.8,-99.8,6.1,111.0,9.7,110.0,0.0,-99.8,-99.8,-99.8,-99.8,-99.8,-99.8,-99.8
2023-07-30 20:00:00,-9999.1,-99.8,-99.8,7.5,109.0,9.4,116.0,0.0,-99.8,-99.8,-99.8,-99.8,-99.8,-99.8,-99.8
2023-07-30 21:00:00,-9999.1,-99.8,-99.8,7.5,111.0,9.2,103.0,0.0,-99.8,-99.8,-99.8,-99.8,-99.8,-99.8,-99.8
2023-07-30 22:00:00,-9999.1,-99.8,-99.8,7.4,106.0,9.4,109.0,0.0,-99.8,-99.8,-99.8,-99.8,-99.8,-99.8,-99.8
2023-07-30 23:00:00,-9999.1,-99.8,-99.8,5.1,106.0,7.5,104.0,0.0,-99.8,-99.8,-99.8,-99.8,-99.8,-99.8,-99.8
2023-07-31 00:00:00,-9999.1,-99.8,-99.8,3.2,100.0,6.1,109.0,0.0,-99.8,-99.8,-99.8,-99.8,-99.8,-99.8,-99.8
2023-07-31 01:00:00,-9999.1,-99.8,-99.8,3.7,111.0,5.1,103.0,0.0,-99.8,-99.8,-99.8,-99.8,-99.8,-99.8,-99.8
2023-07-31 02:00:00,-9999.1,-99.8,-99.8,3.0,103.0,4.6,101.0,0.0,-99.8,-99.8,-99.8,-99.8,-99.8,-99.8,-99.8
2023-07-31 03:00:00,-9999.1,-99.8,-99.8,2.3,85.0,4.8,105.0,0.0,-99.8,-99.8,-99.8,-99.8,-99.8,-99.8,-99.8
2023-07-31 04:00:00,-9999.1,-99.8,-99.8,1.3,139.0,4.3,108.0,0.0,-99.8,-99.8,-99.8,-99.8,-99.8,-99.8,-99.8
2023-07-31 05:00:00,-9999.1,-99.8,-99.8,2.1,97.0,4.3,94.0,0.0,-99.8,-99.8,-99.8,-99.8,-99.8,-99.8,-99.8
2023-07-31 06:00:00,-9999.1,-99.8,-99.8,4.9,135.0,8.9,120.0,0.0,-99.8,-99.8,-99.8,-99.8,-99.8,-99.8,-99.8
2023-07-31 07:00:00,-9999.1,-99.8,-99.8,1.2,154.0,7.2,149.0,0.0,-99.8,-99.8,-99.8,-99.8,-99.8,-99.8,-99.8
2023-07-31 08:00:00,-9999.1,-99.8,-99.8,2.0,150.0,6.7,141.0,0.0,-99.8,-99.8,-99.8,-99.8,-99.8,-99.8,-99.8
2023-07-31 09:00:00,-9999.1,-99.8,-99.8,2.4,149.0,8.6,133.0,0.0,-99.8,-99.8,-99.8,-99.8,-99.8,-99.8,-99.8
2023-07-31 10:00:00,-9999.1,-99.8,-99.8,1.6,169.0,5.6,102.0,0.0,-99.8,-99.8,-99.8,-99.8,-99.8,-99.8,-99.8
2023-07-31 11:00:00,-9999.1,-99.8,-99.8,1.3,211.0,5.1,144.0,0.0,-99.8,-99.8,-99.8,-99.8,-99.8,-99.8,-99.8
2023-07-31 12:00:00,-9999.1,-99.8,-99.8,0.8,228.0,3.9,121.0,0.0,-99.8,-99.8,-99.8,-99.8,-99.8,-99.8,-99.8
2023-07-31 13:00:00,-9999.1,-99.8,-99.8,-99.8,-99.8,5.8,124.0,1.0,-99.8,-99.8,-99.8,-99.8,-99.8,-99.8,-99.8
2023-07-31 14:00:00,-9999.1,-99.8,-99.8,3.3,284.0,5.5,298.0,0.0,-99.8,-99.8,-99.8,-99.8,-99.8,-99.8,-99.8
2023-07-31 15:00:00,-9999.1,-99.8,-99.8,3.0,290.0,6.1,294.0,0.0,-99.8,-99.8,-99.8,-99.8,-99.8,-99.8,-99.8
2023-07-31 16:00:00,-9999.1,-99.8,-99.8,1.2,299.0,7.0,300.0,0.0,-99.8,-99.8,-99.8,-99.8,-99.8,-99.8,-99.8
2023-07-31 17:00:00,-9999.1,-99.8,-99.8,2.7,293.0,4.9,289.0,0.0,-99.8,-99.8,-99.8,-99.8,-99.8,-99.8,-99.8
2023-07-31 18:00:00,-9999.1,-99.8,-99.8,2.5,312.0,6.0,301.0,0.0,-99.8,-99.8,-99.8,-99.8,-99.8,-99.8,-99.8
2023-07-31 19:00:00,-9999.1,-99.8,-99.8,1.1,337.0,5.7,299.0,0.0,-99.8,-99.8,-99.8,-99.8,-99.8,-99.8,-99.8
2023-07-31 20:00:00,-9999.1,-99.8,-99.8,3.5,32.0,4.5,27.0,0.0,-99.8,-99.8,-99.8,-99.8,-99.8,-99.8,-99.8
2023-07-31 21:00:00,-9999.1,-99.8,-99.8,2.7,53.0,5.0,58.0,0.0,-99.8,-99.8,-99.8,-99.8,-99.8,-99.8,-99.8
2023-07-31 22:00:00,-9999.1,-99.8,-99.8,2.0,20.0,3.5,247.0,0.0,-99.8,-99.8,-99.8,-99.8,-99.8,-99.8,-99.8
2023-07-31 23:00:00,-9999.1,-99.8,-99.8,2.1,316.0,3.6,74.0,0.0,-99.8,-99.8,-99.8,-99.8,-99.8,-99.8,-99.8
2023-08-01 00:00:00,-9999.1,-99.8,-99.8,2.2,313.0,4.1,292.0,0.0,-99.8,-99.8,-99.8,-99.8,-99.8,-99.8,-99.8
2023-08-01 01:00:00,-9999.1,-99.8,-99.8,4.4,341.0,6.7,336.0,0.0,-99.8,-99.8,-99.8,-99.8,-99.8,-99.8,-99.8
2023-08-01 02:00:00,-9999.1,-99.8,-99.8,4.4,329.0,8.3,334.0,0.0,-99.8,-99.8,-99.8,-99.8,-99.8,-99.8,-99.8
2023-08-01 03:00:00,-9999.1,-99.8,-99.8,5.3,339.0,9.2,2.0,0.0,-99.8,-99.8,-99.8,-99.8,-99.8,-99.8,-99.8
2023-08-01 04:00:00,-9999.1,-99.8,-99.8,1.5,333.0,7.1,353.0,0.0,-99.8,-99.8,-99.8,-99.8,-99.8,-99.8,-99.8
2023-08-01 05:00:00,-9999.1,-99.8,-99.8,3.7,34.0,6.6,3.0,0.0,-99.8,-99.8,-99.8,-99.8,-99.8,-99.8,-99.8
2023-08-01 06:00:00,-9999.1,-99.8,-99.8,4.9,348.0,8.1,352.0,0.0,-99.8,-99.8,-99.8,-99.8,-99.8,-99.8,-99.8
2023-08-01 07:00:00,-9999.1,-99.8,-99.8,4.9,34.0,6.9,357.0,0.0,-99.8,-99.8,-99.8,-99.8,-99.8,-99.8,-99.8
2023-08-01 08:00:00,-9999.1,-99.8,-99.8,5.4,26.0,7.8,27.0,0.0,-99.8,-99.8,-99.8,-99.8,-99.8,-99.8,-99.8
2023-08-01 09:00:00,-9999.1,-99.8,-99.8,1.3,6.0,7.6,30.0,0.0,-99.8,-99.8,-99.8,-99.8,-99.8,-99.8,-99.8
2023-08-01 10:00:00,-9999.1,-99.8,-99.8,2.7,288.0,5.6,292.0,0.0,-99.8,-99.8,-99.8,-99.8,-99.8,-99.8,-99.8
2023-08-01 11:00:00,-9999.1,-99.8,-99.8,4.6,284.0,7.8,294.0,0.0,-99.8,-99.8,-99.8,-99.8,-99.8,-99.8,-99.8
2023-08-01 12:00:00,-9999.1,-99.8,-99.8,3.5,280.0,8.1,296.0,0.0,-99.8,-99.8,-99.8,-99.8,-99.8,-99.8,-99.8
2023-08-01 13:00:00,-9999.1,-99.8,-99.8,3.6,289.0,6.9,293.0,0.0,-99.8,-99.8,-99.8,-99.8,-99.8,-99.8,-99.8
2023-08-01 14:00:00,-9999.1,-99.8,-99.8,2.7,275.0,5.7,280.0,0.0,-99.8,-99.8,-99.8,-99.8,-99.8,-99.8,-99.8
2023-08-01 15:00:00,-9999.1,-99.8,-99.8,1.5,253.0,3.5,262.0,0.0,-99.8,-99.8,-99.8,-99.8,-99.8,-99.8,-99.8
2023-08-01 16:00:00,-9999.1,-99.8,-99.8,2.6,277.0,4.4,260.0,0.0,-99.8,-99.8,-99.8,-99.8,-99.8,-99.8,-99.8
2023-08-01 17:00:00,-9999.1,-99.8,-99.8,2.8,287.0,6.1,305.0,0.0,-99.8,-99.8,-99.8,-99.8,-99.8,-99.8,-99.8
2023-08-01 18:00:00,-9999.1,-99.8,-99.8,3.4,289.0,6.1,285.0,0.0,-99.8,-99.8,-99.8,-99.8,-99.8,-99.8,-99.8
2023-08-01 19:00:00,-9999.1,-99.8,-99.8,1.9,300.0,5.2,286.0,0.0,-99.8,-99.8,-99.8,-99.8,-99.8,-99.8,-99.8
2023-08-01 20:00:00,-9999.1,-99.8,-99.8,5.0,291.0,6.5,299.0,0.0,-99.8,-99.8,-99.8,-99.8,-99.8,-99.8,-99.8
2023-08-01 21:00:00,-9999.1,-99.8,-99.8,3.3,1.0,8.5,302.0,0.0,-99.8,-99.8,-99.8,-99.8,-99.8,-99.8,-99.8
2023-08-01 22:00:00,-9999.1,-99.8,-99.8,3.6,355.0,6.1,6.0,0.0,-99.8,-99.8,-99.8,-99.8,-99.8,-99.8,-99.8
2023-08-01 23:00:00,-9999.1,-99.8,-99.8,4.7,304.0,6.5,9.0,0.0,-99.8,-99.8,-99.8,-99.8,-99.8,-99.8,-99.8
2023-08-02 00:00:00,-9999.1,-99.8,-99.8,4.5,301.0,7.2,295.0,0.0,-99.8,-99.8,-99.8,-99.8,-99.8,-99.8,-99.8
2023-08-02 01:00:00,-9999.1,-99.8,-99.8,4.5,301.0,7.8,293.0,0.0,-99.8,-99.8,-99.8,-99.8,-99.8,-99.8,-99.8
2023-08-02 02:00:00,-9999.1,-99.8,-99.8,3.8,288.0,7.8,298.0,0.0,-99.8,-99.8,-99.8,-99.8,-99.8,-99.8,-99.8
2023-08-02 03:00:00,-9999.1,-99.8,-99.8,5.7,306.0,9.4,305.0,0.0,-99.8,-99.8,-99.8,-99.8,-99.8,-99.8,-99.8
2023-08-02 04:00:00,-9999.1,-99.8,-99.8,4.8,314.0,8.9,306.0,0.0,-99.8,-99.8,-99.8,-99.8,-99.8,-99.8,-99.8
2023-08-02 05:00:00,-9999.1,-99.8,-99.8,3.9,15.0,10.1,336.0,0.0,-99.8,-99.8,-99.8,-99.8,-99.8,-99.8,-99.8
2023-08-02 06:00:00,-9999.1,-99.8,-99.8,3.5,311.0,8.0,316.0,0.0,-99.8,-99.8,-99.8,-99.8,-99.8,-99.8,-99.8
2023-08-02 07:00:00,-9999.1,-99.8,-99.8,3.7,323.0,9.9,309.0,0.0,-99.8,-99.8,-99.8,-99.8,-99.8,-99.8,-99.8
2023-08-02 08:00:00,-9999.1,-99.8,-99.8,4.6,292.0,9.7,307.0,0.0,-99.8,-99.8,-99.8,-99.8,-99.8,-99.8,-99.8
2023-08-02 09:00:00,-9999.1,-99.8,-99.8,3.9,298.0,6.8,299.0,0.0,-99.8,-99.8,-99.8,-99.8,-99.8,-99.8,-99.8
2023-08-02 10:00:00,-9999.1,-99.8,-99.8,2.7,279.0,5.8,300.0,0.0,-99.8,-99.8,-99.8,-99.8,-99.8,-99.8,-99.8
2023-08-02 11:00:00,-9999.1,-99.8,-99.8,4.8,279.0,8.0,286.0,0.0,-99.8,-99.8,-99.8,-99.8,-99.8,-99.8,-99.8
2023-08-02 12:00:00,-9999.1,-99.8,-99.8,3.8,283.0,8.7,289.0,0.0,-99.8,-99.8,-99.8,-99.8,-99.8,-99.8,-99.8
2023-08-02 13:00:00,-9999.1,-99.8,-99.8,4.5,275.0,7.7,287.0,0.0,-99.8,-99.8,-99.8,-99.8,-99.8,-99.8,-99.8
2023-08-02 14:00:00,-9999.1,-99.8,-99.8,5.6,277.0,9.4,282.0,0.0,-99.8,-99.8,-99.8,-99.8,-99.8,-99.8,-99.8
2023-08-02 15:00:00,-9999.1,-99.8,-99.8,7.5,281.0,11.5,259.0,0.0,-99.8,-99.8,-99.8,-99.8,-99.8,-99.8,-99.8
2023-08-02 16:00:00,-9999.1,-99.8,-99.8,7.3,281.0,12.7,285.0,0.0,-99.8,-99.8,-99.8,-99.8,-99.8,-99.8,-99.8
2023-08-02 17:00:00,-9999.1,-99.8,-99.8,7.0,278.0,10.2,296.0,0.0,-99.8,-99.8,-99.8,-99.8,-99.8,-99.8,-99.8
2023-08-02 18:00:00,-9999.1,-99.8,-99.8,6.9,286.0,10.4,282.0,0.0,-99.8,-99.8,-99.8,-99.8,-99.8,-99.8,-99.8
2023-08-02 19:00:00,-9999.1,-99.8,-99.8,8.5,283.0,12.5,285.0,0.0,-99.8,-99.8,-99.8,-99.8,-99.8,-99.8,-99.8
2023-08-02 20:00:00,-9999.1,-99.8,-99.8,6.8,283.0,11.5,295.0,0.0,-99.8,-99.8,-99.8,-99.8,-99.8,-99.8,-99.8
2023-08-02 21:00:00,-9999.1,-99.8,-99.8,8.9,283.0,12.4,286.0,0.0,-99.8,-99.8,-99.8,-99.8,-99.8,-99.8,-99.8
2023-08-02 22:00:00,-9999.1,-99.8,-99.8,7.7,282.0,14.1,282.0,0.0,-99.8,-99.8,-99.8,-99.8,-99.8,-99.8,-99.8
2023-08-02 23:00:00,-9999.1,-99.8,-99.8,10.5,284.0,17.5,284.0,0.0,-99.8,-99.8,-99.8,-99.8,-99.8,-99.8,-99.8
2023-08-03 00:00:00,-9999.1,-99.8,-99.8,11.5,287.0,22.0,286.0,0.0,-99.8,-99.8,-99.8,-99.8,-99.8,-99.8,-99.8
2023-08-03 01:00:00,-9999.1,-99.8,-99.8,12.3,283.0,22.6,284.0,-999.5,-99.8,-99.8,-99.8,-99.8,-99.8,-99.8,-99.8
2023-08-03 02:00:00,-9999.1,-99.8,-99.8,10.7,275.0,17.8,258.0,-999.5,-99.8,-99.8,-99.8,-99.8,-99.8,-99.8,-99.8
2023-08-03 03:00:00,-9999.1,-99.8,-99.8,10.8,275.0,20.2,272.0,-999.5,-99.8,-99.8,-99.8,-99.8,-99.8,-99.8,-99.8
2023-08-03 04:00:00,-9999.1,-99.8,-99.8,12.5,268.0,22.2,284.0,-999.5,-99.8,-99.8,-99.8,-99.8,-99.8,-99.8,-99.8
2023-08-03 05:00:00,-9999.1,-99.8,-99.8,14.2,272.0,25.7,257.0,-999.5,-99.8,-99.8,-99.8,-99.8,-99.8,-99.8,-99.8
2023-08-03 06:00:00,-9999.1,-99.8,-99.8,14.1,267.0,25.6,271.0,-999.5,-99.8,-99.8,-99.8,-99.8,-99.8,-99.8,-99.8
2023-08-03 07:00:00,-9999.1,-99.8,-99.8,12.3,273.0,23.8,283.0,-999.5,-99.8,-99.8,-99.8,-99.8,-99.8,-99.8,-99.8
2023-08-03 08:00:00,-9999.1,-99.8,-99.8,17.7,273.0,28.6,283.0,-999.5,-99.8,-99.8,-99.8,-99.8,-99.8,-99.8,-99.8
2023-08-03 09:00:00,-9999.1,-99.8,-99.8,12.5,270.0,30.1,277.0,-999.5,-99.8,-99.8,-99.8,-99.8,-99.8,-99.8,-99.8
2023-08-03 10:00:00,-9999.1,-99.8,-99.8,13.9,269.0,27.0,251.0,-999.5,-99.8,-99.8,-99.8,-99.8,-99.8,-99.8,-99.8
2023-08-03 11:00:00,-9999.1,-99.8,-99.8,12.7,270.0,26.9,258.0,-999.5,-99.8,-99.8,-99.8,-99.8,-99.8,-99.8,-99.8
2023-08-03 12:00:00,-9999.1,-99.8,-99.8,13.2,271.0,25.6,260.0,-999.5,-99.8,-99.8,-99.8,-99.8,-99.8,-99.8,-99.8
2023-08-03 13:00:00,-9999.1,-99.8,-99.8,12.2,266.0,26.9,255.0,-999.5,-99.8,-99.8,-99.8,-99.8,-99.8,-99.8,-99.8
2023-08-03 14:00:00,-9999.1,-99.8,-99.8,13.7,270.0,27.1,279.0,-999.5,-99.8,-99.8,-99.8,-99.8,-99.8,-99.8,-99.8
2023-08-03 15:00:00,-9999.1,-99.8,-99.8,15.5,272.0,26.1,269.0,-999.5,-99.8,-99.8,-99.8,-99.8,-99.8,-99.8,-99.8
2023-08-03 16:00:00,-9999.1,-99.8,-99.8,15.5,272.0,28.2,277.0,-999.5,-99.8,-99.8,-99.8,-99.8,-99.8,-99.8,-99.8
2023-08-03 17:00:00,-9999.1,-99.8,-99.8,12.8,271.0,25.9,284.0,-999.5,-99.8,-99.8,-99.8,-99.8,-99.8,-99.8,-99.8
2023-08-03 18:00:00,-9999.1,-99.8,-99.8,13.8,272.0,25.5,257.0,-999.5,-99.8,-99.8,-99.8,-99.8,-99.8,-99.8,-99.8
2023-08-03 19:00:00,-9999.1,-99.8,-99.8,13.6,272.0,24.1,303.0,-999.5,-99.8,-99.8,-99.8,-99.8,-99.8,-99.8,-99.8
2023-08-03 20:00:00,-9999.1,-99.8,-99.8,12.0,273.0,25.5,257.0,-999.5,-99.8,-99.8,-99.8,-99.8,-99.8,-99.8,-99.8
2023-08-03 21:00:00,-9999.1,-99.8,-99.8,11.3,272.0,21.2,259.0,-999.5,-99.8,-99.8,-99.8,-99.8,-99.8,-99.8,-99.8
2023-08-03 22:00:00,-9999.1,-99.8,-99.8,13.4,268.0,23.3,261.0,-999.5,-99.8,-99.8,-99.8,-99.8,-99.8,-99.8,-99.8
2023-08-03 23:00:00,-9999.1,-99.8,-99.8,13.0,271.0,25.6,258.0,-999.5,-99.8,-99.8,-99.8,-99.8,-99.8,-99.8,-99.8
2023-08-04 00:00:00,-9999.1,-99.8,-99.8,12.4,272.0,25.7,266.0,-999.5,-99.8,-99.8,-99.8,-99.8,-99.8,-99.8,-99.8
2023-08-04 01:00:00,-9999.1,-99.8,-99.8,13.3,271.0,27.6,264.0,-999.5,-99.8,-99.8,-99.8,-99.8,-99.8,-99.8,-99.8
2023-08-04 02:00:00,-9999.1,-99.8,-99.8,11.2,270.0,24.4,270.0,-999.5,-99.8,-99.8,-99.8,-99.8,-99.8,-99.8,-99.8
2023-08-04 03:00:00,-9999.1,-99.8,-99.8,12.6,270.0,24.5,261.0,-999.5,-99.8,-99.8,-99.8,-99.8,-99.8,-99.8,-99.8
2023-08-04 04:00:00,-9999.1,-99.8,-99.8,11.4,275.0,24.8,261.0,-999.5,-99.8,-99.8,-99.8,-99.8,-99.8,-99.8,-99.8
2023-08-04 05:00:00,-9999.1,-99.8,-99.8,11.9,272.0,25.9,275.0,-999.5,-99.8,-99.8,-99.8,-99.8,-99.8,-99.8,-99.8
2023-08-04 06:00:00,-9999.1,-99.8,-99.8,14.6,273.0,25.2,252.0,-999.5,-99.8,-99.8,-99.8,-99.8,-99.8,-99.8,-99.8
2023-08-04 07:00:00,-9999.1,-99.8,-99.8,13.7,266.0,26.2,268.0,-999.5,-99.8,-99.8,-99.8,-99.8,-99.8,-99.8,-99.8
2023-08-04 08:00:00,-9999.1,-99.8,-99.8,13.3,269.0,24.1,272.0,-999.5,-99.8,-99.8,-99.8,-99.8,-99.8,-99.8,-99.8
2023-08-04 09:00:00,-9999.1,-99.8,-99.8,10.8,271.0,25.0,280.0,-999.5,-99.8,-99.8,-99.8,-99.8,-99.8,-99.8,-99.8
2023-08-04 10:00:00,-9999.1,-99.8,-99.8,10.1,274.0,21.8,264.0,-999.5,-99.8,-99.8,-99.8,-99.8,-99.8,-99.8,-99.8
2023-08-04 11:00:00,-9999.1,-99.8,-99.8,12.0,276.0,23.0,282.0,-999.5,-99.8,-99.8,-99.8,-99.8,-99.8,-99.8,-99.8
2023-08-04 12:00:00,-9999.1,-99.8,-99.8,10.4,274.0,25.2,254.0,-999.5,-99.8,-99.8,-99.8,-99.8,-99.8,-99.8,-99.8
2023-08-04 13:00:00,-9999.1,-99.8,-99.8,9.8,273.0,21.1,261.0,-999.5,-99.8,-99.8,-99.8,-99.8,-99.8,-99.8,-99.8
2023-08-04 14:00:00,-9999.1,-99.8,-99.8,12.0,272.0,20.8,282.0,-999.5,-99.8,-99.8,-99.8,-99.8,-99.8,-99.8,-99.8
2023-08-04 15:00:00,-9999.1,-99.8,-99.8,9.0,274.0,22.3,264.0,-999.5,-99.8,-99.8,-99.8,-99.8,-99.8,-99.8,-99.8
2023-08-04 16:00:00,-9999.1,-99.8,-99.8,11.8,275.0,19.7,284.0,-999.5,-99.8,-99.8,-99.8,-99.8,-99.8,-99.8,-99.8
2023-08-04 17:00:00,-9999.1,-99.8,-99.8,10.8,278.0,20.1,281.0,-999.5,-99.8,-99.8,-99.8,-99.8,-99.8,-99.8,-99.8
2023-08-04 18:00:00,-9999.1,-99.8,-99.8,8.6,269.0,19.7,260.0,-999.5,-99.8,-99.8,-99.8,-99.8,-99.8,-99.8,-99.8
2023-08-04 19:00:00,-9999.1,-99.8,-99.8,12.4,273.0,20.2,280.0,-999.5,-99.8,-99.8,-99.8,-99.8,-99.8,-99.8,-99.8
2023-08-04 20:00:00,-9999.1,-99.8,-99.8,11.7,273.0,22.9,280.0,-999.5,-99.8,-99.8,-99.8,-99.8,-99.8,-99.8,-99.8
2023-08-04 21:00:00,-9999.1,-99.8,-99.8,13.0,276.0,24.4,263.0,-999.5,-99.8,-99.8,-99.8,-99.8,-99.8,-99.8,-99.8
2023-08-04 22:00:00,-9999.1,-99.8,-99.8,12.0,265.0,22.2,280.0,-999.5,-99.8,-99.8,-99.8,-99.8,-99.8,-99.8,-99.8
2023-08-04 23:00:00,-9999.1,-99.8,-99.8,10.5,266.0,22.9,268.0,-999.5,-99.8,-99.8,-99.8,-99.8,-99.8,-99.8,-99.8
2023-08-05 00:00:00,-9999.1,-99.8,-99.8,11.0,266.0,22.8,255.0,-999.5,-99.8,-99.8,-99.8,-99.8,-99.8,-99.8,-99.8
2023-08-05 01:00:00,-9999.1,-99.8,-99.8,10.6,273.0,21.0,266.0,-999.5,-99.8,-99.8,-99.8,-99.8,-99.8,-99.8,-99.8
2023-08-05 02:00:00,-9999.1,-99.8,-99.8,10.7,269.0,19.8,264.0,-999.5,-99.8,-99.8,-99.8,-99.8,-99.8,-99.8,-99.8
2023-08-05 03:00:00,-9999.1,-99.8,-99.8,9.0,274.0,18.8,261.0,-999.5,-99.8,-99.8,-99.8,-99.8,-99.8,-99.8,-99.8
2023-08-05 04:00:00,-9999.1,-99.8,-99.8,9.4,280.0,19.6,283.0,-999.5,-99.8,-99.8,-99.8,-99.8,-99.8,-99.8,-99.8
2023-08-05 05:00:00,-9999.1,-99.8,-99.8,9.5,280.0,16.6,284.0,-999.5,-99.8,-99.8,-99.8,-99.8,-99.8,-99.8,-99.8
2023-08-05 06:00:00,-9999.1,-99.8,-99.8,14.6,285.0,20.9,286.0,-999.5,-99.8,-99.8,-99.8,-99.8,-99.8,-99.8,-99.8
2023-08-05 07:00:00,-9999.1,-99.8,-99.8,11.0,283.0,19.8,278.0,-999.5,-99.8,-99.8,-99.8,-99.8,-99.8,-99.8,-99.8
2023-08-05 08:00:00,-9999.1,-99.8,-99.8,10.4,282.0,16.3,289.0,-999.5,-99.8,-99.8,-99.8,-99.8,-99.8,-99.8,-99.8
2023-08-05 09:00:00,-9999.1,-99.8,-99.8,7.8,276.0,16.8,284.0,-999.5,-99.8,-99.8,-99.8,-99.8,-99.8,-99.8,-99.8
2023-08-05 10:00:00,-9999.1,-99.8,-99.8,9.6,282.0,16.4,280.0,-999.5,-99.8,-99.8,-99.8,-99.8,-99.8,-99.8,-99.8
2023-08-05 11:00:00,-9999.1,-99.8,-99.8,9.0,283.0,20.3,284.0,-999.5,-99.8,-99.8,-99.8,-99.8,-99.8,-99.8,-99.8
2023-08-05 12:00:00,-9999.1,-99.8,-99.8,8.9,277.0,16.7,284.0,-999.5,-99.8,-99.8,-99.8,-99.8,-99.8,-99.8,-99.8
2023-08-05 13:00:00,-9999.1,-99.8,-99.8,9.8,282.0,17.1,286.0,-999.5,-99.8,-99.8,-99.8,-99.8,-99.8,-99.8,-99.8
2023-08-05 14:00:00,-9999.1,-99.8,-99.8,9.2,279.0,18.7,285.0,-999.5,-99.8,-99.8,-99.8,-99.8,-99.8,-99.8,-99.8
2023-08-05 15:00:00,-9999.1,-99.8,-99.8,10.6,276.0,19.9,283.0,-999.5,-99.8,-99.8,-99.8,-99.8,-99.8,-99.8,-99.8
2023-08-05 16:00:00,-9999.1,-99.8,-99.8,9.7,272.0,18.0,285.0,-999.5,-99.8,-99.8,-99.8,-99.8,-99.8,-99.8,-99.8
2023-08-05 17:00:00,-9999.1,-99.8,-99.8,10.3,272.0,18.6,282.0,-999.5,-99.8,-99.8,-99.8,-99.8,-99.8,-99.8,-99.8
2023-08-05 18:00:00,-9999.1,-99.8,-99.8,10.0,279.0,17.6,285.0,-999.5,-99.8,-99.8,-99.8,-99.8,-99.8,-99.8,-99.8
2023-08-05 19:00:00,-9999.1,-99.8,-99.8,10.3,281.0,16.1,291.0,-999.5,-99.8,-99.8,-99.8,-99.8,-99.8,-99.8,-99.8
2023-08-05 20:00:00,-9999.1,-99.8,-99.8,10.1,285.0,18.2,280.0,-999.5,-99.8,-99.8,-99.8,-99.8,-99.8,-99.8,-99.8
2023-08-05 21:00:00,-9999.1,-99.8,-99.8,8.9,280.0,17.7,283.0,-999.5,-99.8,-99.8,-99.8,-99.8,-99.8,-99.8,-99.8
2023-08-05 22:00:00,-9999.1,-99.8,-99.8,9.1,279.0,16.0,285.0,0.5,-99.8,-99.8,-99.8,-99.8,-99.8,-99.8,-99.8
2023-08-05 23:00:00,-9999.1,-99.8,-99.8,7.7,272.0,16.7,284.0,0.0,-99.8,-99.8,-99.8,-99.8,-99.8,-99.8,-99.8
2023-08-06 00:00:00,-9999.1,-99.8,-99.8,8.8,279.0,15.1,280.0,0.0,-99.8,-99.8,-99.8,-99.8,-99.8,-99.8,-99.8
2023-08-06 01:00:00,-9999.1,-99.8,-99.8,8.6,282.0,17.0,285.0,-999.1,-99.8,-99.8,-99.8,-99.8,-99.8,-99.8,-99.8
2023-08-06 02:00:00,-9999.1,-99.8,-99.8,10.6,285.0,18.6,284.0,-999.1,-99.8,-99.8,-99.8,-99.8,-99.8,-99.8,-99.8
2023-08-06 03:00:00,-9999.1,-99.8,-99.8,11.4,285.0,20.6,283.0,-999.1,-99.8,-99.8,-99.8,-99.8,-99.8,-99.8,-99.8
2023-08-06 04:00:00,-9999.1,-99.8,-99.8,11.7,284.0,17.7,284.0,-999.1,-99.8,-99.8,-99.8,-99.8,-99.8,-99.8,-99.8
2023-08-06 05:00:00,-9999.1,-99.8,-99.8,12.4,284.0,18.0,284.0,-999.1,-99.8,-99.8,-99.8,-99.8,-99.8,-99.8,-99.8
2023-08-06 06:00:00,-9999.1,-99.8,-99.8,11.5,283.0,19.1,285.0,-999.1,-99.8,-99.8,-99.8,-99.8,-99.8,-99.8,-99.8
2023-08-06 07:00:00,-9999.1,-99.8,-99.8,12.7,286.0,18.8,284.0,-999.1,-99.8,-99.8,-99.8,-99.8,-99.8,-99.8,-99.8
2023-08-06 08:00:00,-9999.1,-99.8,-99.8,7.7,278.0,16.7,285.0,-999.1,-99.8,-99.8,-99.8,-99.8,-99.8,-99.8,-99.8
2023-08-06 09:00:00,-9999.1,-99.8,-99.8,8.7,282.0,15.7,283.0,-999.1,-99.8,-99.8,-99.8,-99.8,-99.8,-99.8,-99.8
2023-08-06 10:00:00,-9999.1,-99.8,-99.8,9.4,284.0,12.3,284.0,-999.1,-99.8,-99.8,-99.8,-99.8,-99.8,-99.8,-99.8
2023-08-06 11:00:00,-9999.1,-99.8,-99.8,8.6,285.0,14.2,268.0,-999.1,-99.8,-99.8,-99.8,-99.8,-99.8,-99.8,-99.8
2023-08-06 12:00:00,-9999.1,-99.8,-99.8,8.2,284.0,13.8,283.0,-999.1,-99.8,-99.8,-99.8,-99.8,-99.8,-99.8,-99.8
2023-08-06 13:00:00,-9999.1,-99.8,-99.8,10.0,284.0,14.5,282.0,-999.1,-99.8,-99.8,-99.8,-99.8,-99.8,-99.8,-99.8
2023-08-06 14:00:00,-9999.1,-99.8,-99.8,11.7,291.0,16.3,289.0,-999.1,-99.8,-99.8,-99.8,-99.8,-99.8,-99.8,-99.8
2023-08-06 15:00:00,-9999.1,-99.8,-99.8,10.1,287.0,16.9,298.0,-999.1,-99.8,-99.8,-99.8,-99.8,-99.8,-99.8,-99.8
2023-08-06 16:00:00,-9999.1,-99.8,-99.8,9.0,278.0,15.1,285.0,-999.1,-99.8,-99.8,-99.8,-99.8,-99.8,-99.8,-99.8
2023-08-06 17:00:00,-9999.1,-99.8,-99.8,8.6,280.0,16.9,279.0,-999.1,-99.8,-99.8,-99.8,-99.8,-99.8,-99.8,-99.8
2023-08-06 18:00:00,-9999.1,-99.8,-99.8,8.0,280.0,16.1,281.0,-999.1,-99.8,-99.8,-99.8,-99.8,-99.8,-99.8,-99.8
2023-08-06 19:00:00,-9999.1,-99.8,-99.8,9.4,284.0,16.6,285.0,-999.1,-99.8,-99.8,-99.8,-99.8,-99.8,-99.8,-99.8
2023-08-06 20:00:00,-9999.1,-99.8,-99.8,8.6,286.0,13.8,286.0,-999.1,-99.8,-99.8,-99.8,-99.8,-99.8,-99.8,-99.8
2023-08-06 21:00:00,-9999.1,-99.8,-99.8,7.6,288.0,11.3,290.0,-999.1,-99.8,-99.8,-99.8,-99.8,-99.8,-99.8,-99.8
2023-08-06 22:00:00,-9999.1,-99.8,-99.8,4.8,282.0,12.5,291.0,-999.1,-99.8,-99.8,-99.8,-99.8,-99.8,-99.8,-99.8
2023-08-06 23:00:00,-9999.1,-99.8,-99.8,5.6,288.0,11.1,283.0,-999.1,-99.8,-99.8,-99.8,-99.8,-99.8,-99.8,-99.8
2023-08-07 00:00:00,-9999.1,-99.8,-99.8,4.3,270.0,10.2,301.0,-999.1,-99.8,-99.8,-99.8,-99.8,-99.8,-99.8,-99.8
2023-08-07 01:00:00,-9999.1,-99.8,-99.8,4.2,293.0,7.6,285.0,-999.1,-99.8,-99.8,-99.8,-99.8,-99.8,-99.8,-99.8
2023-08-07 02:00:00,-9999.1,-99.8,-99.8,4.3,282.0,6.8,287.0,-999.1,-99.8,-99.8,-99.8,-99.8,-99.8,-99.8,-99.8
2023-08-07 03:00:00,-9999.1,-99.8,-99.8,5.0,282.0,9.3,288.0,-999.1,-99.8,-99.8,-99.8,-99.8,-99.8,-99.8,-99.8
2023-08-07 04:00:00,-9999.1,-99.8,-99.8,6.7,287.0,8.9,290.0,-999.1,-99.8,-99.8,-99.8,-99.8,-99.8,-99.8,-99.8
2023-08-07 05:00:00,-9999.1,-99.8,-99.8,7.8,293.0,10.2,302.0,-999.1,-99.8,-99.8,-99.8,-99.8,-99.8,-99.8,-99.8
2023-08-07 06:00:00,-9999.1,-99.8,-99.8,6.2,301.0,11.2,294.0,-999.1,-99.8,-99.8,-99.8,-99.8,-99.8,-99.8,-99.8
2023-08-07 07:00:00,-9999.1,-99.8,-99.8,4.8,287.0,8.2,304.0,-999.1,-99.8,-99.8,-99.8,-99.8,-99.8,-99.8,-99.8
2023-08-07 08:00:00,-9999.1,-99.8,-99.8,4.7,286.0,7.0,286.0,-999.1,-99.8,-99.8,-99.8,-99.8,-99.8,-99.8,-99.8
2023-08-07 09:00:00,-9999.1,-99.8,-99.8,5.2,287.0,7.3,288.0,-999.1,-99.8,-99.8,-99.8,-99.8,-99.8,-99.8,-99.8
2023-08-07 10:00:00,-9999.1,-99.8,-99.8,4.0,284.0,10.1,285.0,-999.1,-99.8,-99.8,-99.8,-99.8,-99.8,-99.8,-99.8
2023-08-07 11:00:00,-9999.1,-99.8,-99.8,3.0,277.0,7.0,288.0,-999.1,-99.8,-99.8,-99.8,-99.8,-99.8,-99.8,-99.8
2023-08-07 12:00:00,-9999.1,-99.8,-99.8,4.9,284.0,7.4,286.0,-999.1,-99.8,-99.8,-99.8,-99.8,-99.8,-99.8,-99.8
2023-08-07 13:00:00,-9999.1,-99.8,-99.8,5.3,280.0,9.6,288.0,-999.1,-99.8,-99.8,-99.8,-99.8,-99.8,-99.8,-99.8
2023-08-07 14:00:00,-9999.1,-99.8,-99.8,6.8,284.0,10.2,285.0,-999.1,-99.8,-99.8,-99.8,-99.8,-99.8,-99.8,-99.8
2023-08-07 15:00:00,-9999.1,-99.8,-99.8,3.6,271.0,9.8,287.0,-999.1,-99.8,-99.8,-99.8,-99.8,-99.8,-99.8,-99.8
2023-08-07 16:00:00,-9999.1,-99.8,-99.8,4.2,284.0,7.0,286.0,-999.1,-99.8,-99.8,-99.8,-99.8,-99.8,-99.8,-99.8
2023-08-07 17:00:00,-9999.1,-99.8,-99.8,4.4,285.0,7.2,285.0,-999.1,-99.8,-99.8,-99.8,-99.8,-99.8,-99.8,-99.8
2023-08-07 18:00:00,-9999.1,-99.8,-99.8,5.2,284.0,8.6,287.0,-999.1,-99.8,-99.8,-99.8,-99.8,-99.8,-99.8,-99.8
2023-08-07 19:00:00,-9999.1,-99.8,-99.8,3.8,285.0,8.2,288.0,-999.1,-99.8,-99.8,-99.8,-99.8,-99.8,-99.8,-99.8
2023-08-07 20:00:00,-9999.1,-99.8,-99.8,3.7,287.0,6.1,295.0,-999.1,-99.8,-99.8,-99.8,-99.8,-99.8,-99.8,-99.8
2023-08-07 21:00:00,-9999.1,-99.8,-99.8,5.5,288.0,8.4,290.0,-999.1,-99.8,-99.8,-99.8,-99.8,-99.8,-99.8,-99.8
2023-08-07 22:00:00,-9999.1,-99.8,-99.8,4.6,293.0,8.0,279.0,-999.1,-99.8,-99.8,-99.8,-99.8,-99.8,-99.8,-99.8
2023-08-07 23:00:00,-9999.1,-99.8,-99.8,5.6,288.0,8.8,289.0,-999.1,-99.8,-99.8,-99.8,-99.8,-99.8,-99.8,-99.8
2023-08-08 00:00:00,-9999.1,-99.8,-99.8,6.4,292.0,10.2,288.0,-999.1,-99.8,-99.8,-99.8,-99.8,-99.8,-99.8,-99.8
2023-08-08 01:00:00,-9999.1,-99.8,-99.8,5.1,273.0,10.6,282.0,-999.1,-99.8,-99.8,-99.8,-99.8,-99.8,-99.8,-99.8
2023-08-08 02:00:00,-9999.1,-99.8,-99.8,6.7,278.0,11.9,283.0,-999.1,-99.8,-99.8,-99.8,-99.8,-99.8,-99.8,-99.8
2023-08-08 03:00:00,-9999.1,-99.8,-99.8,7.5,277.0,13.4,284.0,-999.1,-99.8,-99.8,-99.8,-99.8,-99.8,-99.8,-99.8
2023-08-08 04:00:00,-9999.1,-99.8,-99.8,7.3,278.0,14.1,286.0,-999.1,-99.8,-99.8,-99.8,-99.8,-99.8,-99.8,-99.8
2023-08-08 05:00:00,-9999.1,-99.8,-99.8,7.4,280.0,12.9,288.0,-999.1,-99.8,-99.8,-99.8,-99.8,-99.8,-99.8,-99.8
2023-08-08 06:00:00,-9999.1,-99.8,-99.8,8.5,284.0,14.7,270.0,-999.1,-99.8,-99.8,-99.8,-99.8,-99.8,-99.8,-99.8
2023-08-08 07:00:00,-9999.1,-99.8,-99.8,7.5,289.0,12.9,289.0,-999.1,-99.8,-99.8,-99.8,-99.8,-99.8,-99.8,-99.8
2023-08-08 08:00:00,-9999.1,-99.8,-99.8,6.0,285.0,11.4,284.0,-999.1,-99.8,-99.8,-99.8,-99.8,-99.8,-99.8,-99.8
2023-08-08 09:00:00,-9999.1,-99.8,-99.8,6.5,286.0,10.6,261.0,-999.1,-99.8,-99.8,-99.8,-99.8,-99.8,-99.8,-99.8
2023-08-08 10:00:00,-9999.1,-99.8,-99.8,5.1,275.0,10.1,288.0,-999.1,-99.8,-99.8,-99.8,-99.8,-99.8,-99.8,-99.8
2023-08-08 11:00:00,-9999.1,-99.8,-99.8,4.6,274.0,10.4,299.0,-999.1,-99.8,-99.8,-99.8,-99.8,-99.8,-99.8,-99.8
2023-08-08 12:00:00,-9999.1,-99.8,-99.8,6.3,283.0,9.8,286.0,-999.1,-99.8,-99.8,-99.8,-99.8,-99.8,-99.8,-99.8
2023-08-08 13:00:00,-9999.1,-99.8,-99.8,7.0,286.0,10.2,286.0,-999.1,-99.8,-99.8,-99.8,-99.8,-99.8,-99.8,-99.8
2023-08-08 14:00:00,-9999.1,-99.8,-99.8,6.9,283.0,10.5,283.0,-999.1,-99.8,-99.8,-99.8,-99.8,-99.8,-99.8,-99.8
2023-08-08 15:00:00,-9999.1,-99.8,-99.8,6.3,282.0,11.2,281.0,-999.1,-99.8,-99.8,-99.8,-99.8,-99.8,-99.8,-99.8
2023-08-08 16:00:00,-9999.1,-99.8,-99.8,5.6,284.0,9.5,287.0,-999.1,-99.8,-99.8,-99.8,-99.8,-99.8,-99.8,-99.8
2023-08-08 17:00:00,-9999.1,-99.8,-99.8,5.7,284.0,9.4,292.0,-999.1,-99.8,-99.8,-99.8,-99.8,-99.8,-99.8,-99.8
2023-08-08 18:00:00,-9999.1,-99.8,-99.8,5.6,283.0,8.3,289.0,-999.1,-99.8,-99.8,-99.8,-99.8,-99.8,-99.8,-99.8
2023-08-08 19:00:00,-9999.1,-99.8,-99.8,7.0,283.0,10.7,287.0,-999.1,-99.8,-99.8,-99.8,-99.8,-99.8,-99.8,-99.8
2023-08-08 20:00:00,-9999.1,-99.8,-99.8,8.7,284.0,13.2,285.0,-999.1,-99.8,-99.8,-99.8,-99.8,-99.8,-99.8,-99.8
2023-08-08 21:00:00,-9999.1,-99.8,-99.8,8.6,281.0,15.0,285.0,-999.1,-99.8,-99.8,-99.8,-99.8,-99.8,-99.8,-99.8
2023-08-08 22:00:00,-9999.1,-99.8,-99.8,8.7,281.0,13.6,261.0,-999.1,-99.8,-99.8,-99.8,-99.8,-99.8,-99.8,-99.8
2023-08-08 23:00:00,-9999.1,-99.8,-99.8,10.3,286.0,14.5,283.0,-999.1,-99.8,-99.8,-99.8,-99.8,-99.8,-99.8,-99.8
2023-08-09 00:00:00,-9999.1,-99.8,-99.8,9.2,284.0,14.5,283.0,-999.1,-99.8,-99.8,-99.8,-99.8,-99.8,-99.8,-99.8
2023-08-09 01:00:00,-9999.1,-99.8,-99.8,10.5,284.0,15.7,283.0,-999.1,-99.8,-99.8,-99.8,-99.8,-99.8,-99.8,-99.8
2023-08-09 02:00:00,-9999.1,-99.8,-99.8,10.3,283.0,15.5,288.0,-999.1,-99.8,-99.8,-99.8,-99.8,-99.8,-99.8,-99.8
2023-08-09 03:00:00,-9999.1,-99.8,-99.8,7.6,283.0,14.0,288.0,-999.1,-99.8,-99.8,-99.8,-99.8,-99.8,-99.8,-99.8
2023-08-09 04:00:00,-9999.1,-99.8,-99.8,8.0,285.0,12.5,289.0,-999.1,-99.8,-99.8,-99.8,-99.8,-99.8,-99.8,-99.8
2023-08-09 05:00:00,-9999.1,-99.8,-99.8,6.3,279.0,12.0,284.0,-999.1,-99.8,-99.8,-99.8,-99.8,-99.8,-99.8,-99.8
2023-08-09 06:00:00,-9999.1,-99.8,-99.8,9.3,283.0,13.9,281.0,-999.1,-99.8,-99.8,-99.8,-99.8,-99.8,-99.8,-99.8
2023-08-09 07:00:00,-9999.1,-99.8,-99.8,7.2,290.0,11.6,290.0,-999.1,-99.8,-99.8,-99.8,-99.8,-99.8,-99.8,-99.8
2023-08-09 08:00:00,-9999.1,-99.8,-99.8,7.3,286.0,10.0,287.0,-999.1,-99.8,-99.8,-99.8,-99.8,-99.8,-99.8,-99.8
2023-08-09 09:00:00,-9999.1,-99.8,-99.8,4.6,287.0,10.0,301.0,-999.1,-99.8,-99.8,-99.8,-99.8,-99.8,-99.8,-99.8
2023-08-09 10:00:00,-9999.1,-99.8,-99.8,5.3,282.0,8.8,284.0,-999.1,-99.8,-99.8,-99.8,-99.8,-99.8,-99.8,-99.8
2023-08-09 11:00:00,-9999.1,-99.8,-99.8,3.4,286.0,6.8,267.0,-999.1,-99.8,-99.8,-99.8,-99.8,-99.8,-99.8,-99.8
2023-08-09 12:00:00,-9999.1,-99.8,-99.8,6.0,281.0,8.9,288.0,-999.1,-99.8,-99.8,-99.8,-99.8,-99.8,-99.8,-99.8
2023-08-09 13:00:00,-9999.1,-99.8,-99.8,6.6,281.0,10.8,286.0,-999.1,-99.8,-99.8,-99.8,-99.8,-99.8,-99.8,-99.8
2023-08-09 14:00:00,-9999.1,-99.8,-99.8,8.0,285.0,12.8,285.0,-999.1,-99.8,-99.8,-99.8,-99.8,-99.8,-99.8,-99.8
2023-08-09 15:00:00,-9999.1,-99.8,-99.8,6.6,280.0,12.7,285.0,-999.1,-99.8,-99.8,-99.8,-99.8,-99.8,-99.8,-99.8
2023-08-09 16:00:00,-9999.1,-99.8,-99.8,5.4,283.0,11.1,284.0,-999.1,-99.8,-99.8,-99.8,-99.8,-99.8,-99.8,-99.8
2023-08-09 17:00:00,-9999.1,-99.8,-99.8,4.6,285.0,7.7,286.0,-999.1,-99.8,-99.8,-99.8,-99.8,-99.8,-99.8,-99.8
2023-08-09 18:00:00,-9999.1,-99.8,-99.8,4.0,288.0,6.8,291.0,-999.1,-99.8,-99.8,-99.8,-99.8,-99.8,-99.8,-99.8
2023-08-09 19:00:00,-9999.1,-99.8,-99.8,4.4,285.0,7.5,288.0,-999.1,-99.8,-99.8,-99.8,-99.8,-99.8,-99.8,-99.8
2023-08-09 20:00:00,-9999.1,-99.8,-99.8,5.3,292.0,6.6,282.0,-999.1,-99.8,-99.8,-99.8,-99.8,-99.8,-99.8,-99.8
2023-08-09 21:00:00,-9999.1,-99.8,-99.8,5.4,293.0,8.0,286.0,-999.1,-99.8,-99.8,-99.8,-99.8,-99.8,-99.8,-99.8
2023-08-09 22:00:00,-9999.1,-99.8,-99.8,3.3,277.0,8.1,287.0,-999.1,-99.8,-99.8,-99.8,-99.8,-99.8,-99.8,-99.8
2023-08-09 23:00:00,-9999.1,-99.8,-99.8,4.4,285.0,6.6,289.0,-999.1,-99.8,-99.8,-99.8,-99.8,-99.8,-99.8,-99.8
2023-08-10 00:00:00,-9999.1,-99.8,-99.8,5.1,285.0,7.4,289.0,-999.1,-99.8,-99.8,-99.8,-99.8,-99.8,-99.8,-99.8
2023-08-10 01:00:00,-9999.1,-99.8,-99.8,4.7,288.0,8.1,289.0,-999.1,-99.8,-99.8,-99.8,-99.8,-99.8,-99.8,-99.8
2023-08-10 02:00:00,-9999.1,-99.8,-99.8,2.5,271.0,7.3,286.0,-999.1,-99.8,-99.8,-99.8,-99.8,-99.8,-99.8,-99.8
2023-08-10 03:00:00,-9999.1,-99.8,-99.8,2.8,300.0,4.7,291.0,-999.1,-99.8,-99.8,-99.8,-99.8,-99.8,-99.8,-99.8
2023-08-10 04:00:00,-9999.1,-99.8,-99.8,3.4,293.0,4.4,291.0,-999.1,-99.8,-99.8,-99.8,-99.8,-99.8,-99.8,-99.8
2023-08-10 05:00:00,-9999.1,-99.8,-99.8,4.8,293.0,6.1,292.0,-999.1,-99.8,-99.8,-99.8,-99.8,-99.8,-99.8,-99.8
2023-08-10 06:00:00,-9999.1,-99.8,-99.8,3.3,282.0,5.9,287.0,-999.1,-99.8,-99.8,-99.8,-99.8,-99.8,-99.8,-99.8
2023-08-10 07:00:00,-9999.1,-99.8,-99.8,1.5,336.0,4.9,303.0,-999.1,-99.8,-99.8,-99.8,-99.8,-99.8,-99.8,-99.8
2023-08-10 08:00:00,-9999.1,-99.8,-99.8,1.0,267.0,2.0,236.0,-999.1,-99.8,-99.8,-99.8,-99.8,-99.8,-99.8,-99.8
2023-08-10 09:00:00,-9999.1,-99.8,-99.8,0.7,215.0,3.1,124.0,-999.1,-99.8,-99.8,-99.8,-99.8,-99.8,-99.8,-99.8
2023-08-10 10:00:00,-9999.1,-99.8,-99.8,0.7,244.0,3.0,147.0,-999.1,-99.8,-99.8,-99.8,-99.8,-99.8,-99.8,-99.8
2023-08-10 11:00:00,-9999.1,-99.8,-99.8,1.9,282.0,3.2,287.0,-999.1,-99.8,-99.8,-99.8,-99.8,-99.8,-99.8,-99.8
2023-08-10 12:00:00,-9999.1,-99.8,-99.8,1.2,248.0,2.5,271.0,-999.1,-99.8,-99.8,-99.8,-99.8,-99.8,-99.8,-99.8
2023-08-10 13:00:00,-9999.1,-99.8,-99.8,0.4,265.0,2.9,303.0,-999.1,-99.8,-99.8,-99.8,-99.8,-99.8,-99.8,-99.8
2023-08-10 14:00:00,-9999.1,-99.8,-99.8,0.4,171.0,3.0,127.0,-999.1,-99.8,-99.8,-99.8,-99.8,-99.8,-99.8,-99.8
2023-08-10 15:00:00,-9999.1,-99.8,-99.8,1.9,139.0,4.3,151.0,-999.1,-99.8,-99.8,-99.8,-99.8,-99.8,-99.8,-99.8
2023-08-10 16:00:00,-9999.1,-99.8,-99.8,1.0,184.0,4.4,124.0,-999.1,-99.8,-99.8,-99.8,-99.8,-99.8,-99.8,-99.8
2023-08-10 17:00:00,-9999.1,-99.8,-99.8,0.4,173.0,2.9,131.0,-999.1,-99.8,-99.8,-99.8,-99.8,-99.8,-99.8,-99.8
2023-08-10 18:00:00,-9999.1,-99.8,-99.8,2.5,110.0,3.3,105.0,-999.1,-99.8,-99.8,-99.8,-99.8,-99.8,-99.8,-99.8
2023-08-10 19:00:00,-9999.1,-99.8,-99.8,1.7,287.0,3.1,112.0,-999.1,-99.8,-99.8,-99.8,-99.8,-99.8,-99.8,-99.8
2023-08-10 20:00:00,-9999.1,-99.8,-99.8,3.9,109.0,5.5,113.0,-999.1,-99.8,-99.8,-99.8,-99.8,-99.8,-99.8,-99.8
2023-08-10 21:00:00,-9999.1,-99.8,-99.8,4.6,106.0,6.2,109.0,-999.1,-99.8,-99.8,-99.8,-99.8,-99.8,-99.8,-99.8
2023-08-10 22:00:00,-9999.1,-99.8,-99.8,5.5,112.0,7.3,111.0,-999.1,-99.8,-99.8,-99.8,-99.8,-99.8,-99.8,-99.8
2023-08-10 23:00:00,-9999.1,-99.8,-99.8,4.8,107.0,6.8,107.0,-999.1,-99.8,-99.8,-99.8,-99.8,-99.8,-99.8,-99.8
2023-08-11 00:00:00,-9999.1,-99.8,-99.8,2.6,119.0,6.4,108.0,-999.1,-99.8,-99.8,-99.8,-99.8,-99.8,-99.8,-99.8
2023-08-11 01:00:00,-9999.1,-99.8,-99.8,4.0,111.0,5.8,111.0,-999.1,-99.8,-99.8,-99.8,-99.8,-99.8,-99.8,-99.8
2023-08-11 02:00:00,-9999.1,-99.8,-99.8,1.4,107.0,4.5,110.0,-999.1,-99.8,-99.8,-99.8,-99.8,-99.8,-99.8,-99.8
2023-08-11 03:00:00,-9999.1,-99.8,-99.8,2.3,255.0,4.2,259.0,-999.1,-99.8,-99.8,-99.8,-99.8,-99.8,-99.8,-99.8
2023-08-11 04:00:00,-9999.1,-99.8,-99.8,3.7,280.0,5.2,256.0,-999.1,-99.8,-99.8,-99.8,-99.8,-99.8,-99.8,-99.8
2023-08-11 05:00:00,-9999.1,-99.8,-99.8,3.4,283.0,6.0,301.0,-999.1,-99.8,-99.8,-99.8,-99.8,-99.8,-99.8,-99.8
2023-08-11 06:00:00,-9999.1,-99.8,-99.8,4.7,285.0,8.0,264.0,-999.1,-99.8,-99.8,-99.8,-99.8,-99.8,-99.8,-99.8
2023-08-11 07:00:00,-9999.1,-99.8,-99.8,2.2,235.0,5.3,284.0,-999.1,-99.8,-99.8,-99.8,-99.8,-99.8,-99.8,-99.8
2023-08-11 08:00:00,-9999.1,-99.8,-99.8,1.2,251.0,6.0,238.0,-999.1,-99.8,-99.8,-99.8,-99.8,-99.8,-99.8,-99.8
2023-08-11 09:00:00,-9999.1,-99.8,-99.8,0.8,302.0,2.8,208.0,-999.1,-99.8,-99.8,-99.8,-99.8,-99.8,-99.8,-99.8
2023-08-11 10:00:00,-9999.1,-99.8,-99.8,3.0,287.0,4.9,285.0,-999.1,-99.8,-99.8,-99.8,-99.8,-99.8,-99.8,-99.8
2023-08-11 11:00:00,-9999.1,-99.8,-99.8,3.9,287.0,6.8,286.0,-999.1,-99.8,-99.8,-99.8,-99.8,-99.8,-99.8,-99.8
2023-08-11 12:00:00,-9999.1,-99.8,-99.8,4.6,284.0,7.9,284.0,-999.1,-99.8,-99.8,-99.8,-99.8,-99.8,-99.8,-99.8
2023-08-11 13:00:00,-9999.1,-99.8,-99.8,4.0,279.0,8.7,290.0,-999.1,-99.8,-99.8,-99.8,-99.8,-99.8,-99.8,-99.8
2023-08-11 14:00:00,-9999.1,-99.8,-99.8,3.7,280.0,7.8,284.0,-999.1,-99.8,-99.8,-99.8,-99.8,-99.8,-99.8,-99.8
2023-08-11 15:00:00,-9999.1,-99.8,-99.8,5.2,280.0,9.3,287.0,-999.1,-99.8,-99.8,-99.8,-99.8,-99.8,-99.8,-99.8
2023-08-11 16:00:00,-9999.1,-99.8,-99.8,5.1,282.0,9.9,279.0,-999.1,-99.8,-99.8,-99.8,-99.8,-99.8,-99.8,-99.8
2023-08-11 17:00:00,-9999.1,-99.8,-99.8,5.3,278.0,8.5,282.0,-999.1,-99.8,-99.8,-99.8,-99.8,-99.8,-99.8,-99.8
2023-08-11 18:00:00,-9999.1,-99.8,-99.8,3.0,262.0,10.9,271.0,-999.1,-99.8,-99.8,-99.8,-99.8,-99.8,-99.8,-99.8
2023-08-11 19:00:00,-9999.1,-99.8,-99.8,5.4,279.0,10.5,282.0,-999.1,-99.8,-99.8,-99.8,-99.8,-99.8,-99.8,-99.8
2023-08-11 20:00:00,-9999.1,-99.8,-99.8,5.7,277.0,10.4,283.0,-999.1,-99.8,-99.8,-99.8,-99.8,-99.8,-99.8,-99.8
2023-08-11 21:00:00,-9999.1,-99.8,-99.8,6.0,281.0,11.5,283.0,-999.1,-99.8,-99.8,-99.8,-99.8,-99.8,-99.8,-99.8
2023-08-11 22:00:00,-9999.1,-99.8,-99.8,4.3,270.0,8.2,284.0,-999.1,-99.8,-99.8,-99.8,-99.8,-99.8,-99.8,-99.8
2023-08-11 23:00:00,-9999.1,-99.8,-99.8,6.0,281.0,9.4,284.0,-999.1,-99.8,-99.8,-99.8,-99.8,-99.8,-99.8,-99.8
2023-08-12 00:00:00,-9999.1,-99.8,-99.8,5.4,280.0,10.5,273.0,-999.1,-99.8,-99.8,-99.8,-99.8,-99.8,-99.8,-99.8
2023-08-12 01:00:00,-9999.1,-99.8,-99.8,7.2,285.0,9.9,286.0,-999.1,-99.8,-99.8,-99.8,-99.8,-99.8,-99.8,-99.8
2023-08-12 02:00:00,-9999.1,-99.8,-99.8,4.4,281.0,9.9,286.0,-999.1,-99.8,-99.8,-99.8,-99.8,-99.8,-99.8,-99.8
2023-08-12 03:00:00,-9999.1,-99.8,-99.8,5.3,282.0,8.2,287.0,-999.1,-99.8,-99.8,-99.8,-99.8,-99.8,-99.8,-99.8
2023-08-12 04:00:00,-9999.1,-99.8,-99.8,4.5,278.0,9.7,255.0,-999.1,-99.8,-99.8,-99.8,-99.8,-99.8,-99.8,-99.8
2023-08-12 05:00:00,-9999.1,-99.8,-99.8,4.2,272.0,7.6,256.0,-999.1,-99.8,-99.8,-99.8,-99.8,-99.8,-99.8,-99.8
2023-08-12 06:00:00,-9999.1,-99.8,-99.8,5.7,275.0,9.3,284.0,-999.1,-99.8,-99.8,-99.8,-99.8,-99.8,-99.8,-99.8
2023-08-12 07:00:00,-9999.1,-99.8,-99.8,6.9,277.0,11.5,282.0,-999.1,-99.8,-99.8,-99.8,-99.8,-99.8,-99.8,-99.8
2023-08-12 08:00:00,-9999.1,-99.8,-99.8,5.5,280.0,10.9,285.0,-999.1,-99.8,-99.8,-99.8,-99.8,-99.8,-99.8,-99.8
2023-08-12 09:00:00,-9999.1,-99.8,-99.8,6.0,279.0,12.0,280.0,-999.1,-99.8,-99.8,-99.8,-99.8,-99.8,-99.8,-99.8
2023-08-12 10:00:00,-9999.1,-99.8,-99.8,6.3,277.0,12.9,284.0,-999.1,-99.8,-99.8,-99.8,-99.8,-99.8,-99.8,-99.8
2023-08-12 11:00:00,-9999.1,-99.8,-99.8,5.0,265.0,11.3,286.0,-999.1,-99.8,-99.8,-99.8,-99.8,-99.8,-99.8,-99.8
2023-08-12 12:00:00,-9999.1,-99.8,-99.8,6.3,272.0,12.4,277.0,-999.1,-99.8,-99.8,-99.8,-99.8,-99.8,-99.8,-99.8
2023-08-12 13:00:00,-9999.1,-99.8,-99.8,5.4,271.0,11.6,280.0,-999.1,-99.8,-99.8,-99.8,-99.8,-99.8,-99.8,-99.8
2023-08-12 14:00:00,-9999.1,-99.8,-99.8,5.8,274.0,10.9,252.0,-999.1,-99.8,-99.8,-99.8,-99.8,-99.8,-99.8,-99.8
2023-08-12 15:00:00,-9999.1,-99.8,-99.8,5.3,265.0,11.4,271.0,-999.1,-99.8,-99.8,-99.8,-99.8,-99.8,-99.8,-99.8
2023-08-12 16:00:00,-9999.1,-99.8,-99.8,6.4,275.0,11.9,257.0,-999.1,-99.8,-99.8,-99.8,-99.8,-99.8,-99.8,-99.8
2023-08-12 17:00:00,-9999.1,-99.8,-99.8,5.2,271.0,11.1,263.0,-999.1,-99.8,-99.8,-99.8,-99.8,-99.8,-99.8,-99.8
2023-08-12 18:00:00,-9999.1,-99.8,-99.8,5.2,266.0,9.9,260.0,-999.1,-99.8,-99.8,-99.8,-99.8,-99.8,-99.8,-99.8
2023-08-12 19:00:00,-9999.1,-99.8,-99.8,5.3,276.0,11.6,255.0,-999.1,-99.8,-99.8,-99.8,-99.8,-99.8,-99.8,-99.8
2023-08-12 20:00:00,-9999.1,-99.8,-99.8,4.7,277.0,10.4,261.0,-999.1,-99.8,-99.8,-99.8,-99.8,-99.8,-99.8,-99.8
2023-08-12 21:00:00,-9999.1,-99.8,-99.8,5.6,279.0,10.5,285.0,-999.1,-99.8,-99.8,-99.8,-99.8,-99.8,-99.8,-99.8
2023-08-12 22:00:00,-9999.1,-99.8,-99.8,6.7,281.0,11.3,264.0,-999.1,-99.8,-99.8,-99.8,-99.8,-99.8,-99.8,-99.8
2023-08-12 23:00:00,-9999.1,-99.8,-99.8,5.5,275.0,10.5,285.0,-999.1,-99.8,-99.8,-99.8,-99.8,-99.8,-99.8,-99.8
2023-08-13 00:00:00,-9999.1,-99.8,-99.8,5.4,271.0,11.0,253.0,-999.1,-99.8,-99.8,-99.8,-99.8,-99.8,-99.8,-99.8
2023-08-13 01:00:00,-9999.1,-99.8,-99.8,6.3,269.0,12.8,282.0,-999.1,-99.8,-99.8,-99.8,-99.8,-99.8,-99.8,-99.8
2023-08-13 02:00:00,-9999.1,-99.8,-99.8,6.4,275.0,12.5,289.0,-999.1,-99.8,-99.8,-99.8,-99.8,-99.8,-99.8,-99.8
2023-08-13 03:00:00,-9999.1,-99.8,-99.8,8.3,270.0,16.0,282.0,-999.1,-99.8,-99.8,-99.8,-99.8,-99.8,-99.8,-99.8
2023-08-13 04:00:00,-9999.1,-99.8,-99.8,8.6,280.0,15.3,289.0,-999.1,-99.8,-99.8,-99.8,-99.8,-99.8,-99.8,-99.8
2023-08-13 05:00:00,-9999.1,-99.8,-99.8,9.1,281.0,16.3,283.0,-999.1,-99.8,-99.8,-99.8,-99.8,-99.8,-99.8,-99.8
2023-08-13 06:00:00,-9999.1,-99.8,-99.8,7.7,275.0,15.6,282.0,-999.1,-99.8,-99.8,-99.8,-99.8,-99.8,-99.8,-99.8
2023-08-13 07:00:00,-9999.1,-99.8,-99.8,6.4,275.0,13.5,267.0,-999.1,-99.8,-99.8,-99.8,-99.8,-99.8,-99.8,-99.8
2023-08-13 08:00:00,-9999.1,-99.8,-99.8,7.0,275.0,13.1,261.0,-999.1,-99.8,-99.8,-99.8,-99.8,-99.8,-99.8,-99.8
2023-08-13 09:00:00,-9999.1,-99.8,-99.8,7.3,279.0,14.3,283.0,-999.1,-99.8,-99.8,-99.8,-99.8,-99.8,-99.8,-99.8
2023-08-13 10:00:00,-9999.1,-99.8,-99.8,6.8,274.0,13.0,258.0,-999.1,-99.8,-99.8,-99.8,-99.8,-99.8,-99.8,-99.8
2023-08-13 11:00:00,-9999.1,-99.8,-99.8,4.1,261.0,11.4,265.0,-999.1,-99.8,-99.8,-99.8,-99.8,-99.8,-99.8,-99.8
2023-08-13 12:00:00,-9999.1,-99.8,-99.8,6.5,271.0,10.9,269.0,-999.1,-99.8,-99.8,-99.8,-99.8,-99.8,-99.8,-99.8
2023-08-13 13:00:00,-9999.1,-99.8,-99.8,8.0,283.0,14.2,282.0,-999.1,-99.8,-99.8,-99.8,-99.8,-99.8,-99.8,-99.8
2023-08-13 14:00:00,-9999.1,-99.8,-99.8,6.9,281.0,13.9,284.0,-999.1,-99.8,-99.8,-99.8,-99.8,-99.8,-99.8,-99.8
2023-08-13 15:00:00,-9999.1,-99.8,-99.8,7.8,276.0,14.8,283.0,-999.1,-99.8,-99.8,-99.8,-99.8,-99.8,-99.8,-99.8
2023-08-13 16:00:00,-9999.1,-99.8,-99.8,8.5,280.0,15.6,281.0,-999.1,-99.8,-99.8,-99.8,-99.8,-99.8,-99.8,-99.8
2023-08-13 17:00:00,-9999.1,-99.8,-99.8,8.3,281.0,15.0,286.0,-999.1,-99.8,-99.8,-99.8,-99.8,-99.8,-99.8,-99.8
2023-08-13 18:00:00,-9999.1,-99.8,-99.8,7.6,285.0,14.1,262.0,-999.1,-99.8,-99.8,-99.8,-99.8,-99.8,-99.8,-99.8
2023-08-13 19:00:00,-9999.1,-99.8,-99.8,8.0,281.0,13.8,287.0,-999.1,-99.8,-99.8,-99.8,-99.8,-99.8,-99.8,-99.8
2023-08-13 20:00:00,-9999.1,-99.8,-99.8,7.3,277.0,13.9,261.0,-999.1,-99.8,-99.8,-99.8,-99.8,-99.8,-99.8,-99.8
2023-08-13 21:00:00,-9999.1,-99.8,-99.8,8.0,279.0,13.0,285.0,-999.1,-99.8,-99.8,-99.8,-99.8,-99.8,-99.8,-99.8
2023-08-13 22:00:00,-9999.1,-99.8,-99.8,7.6,281.0,14.4,285.0,-999.1,-99.8,-99.8,-99.8,-99.8,-99.8,-99.8,-99.8
2023-08-13 23:00:00,-9999.1,-99.8,-99.8,7.2,280.0,12.9,285.0,-999.1,-99.8,-99.8,-99.8,-99.8,-99.8,-99.8,-99.8
2023-08-14 00:00:00,-9999.1,-99.8,-99.8,7.6,272.0,13.8,264.0,-999.1,-99.8,-99.8,-99.8,-99.8,-99.8,-99.8,-99.8
2023-08-14 01:00:00,-9999.1,-99.8,-99.8,7.4,273.0,15.3,248.0,-999.1,-99.8,-99.8,-99.8,-99.8,-99.8,-99.8,-99.8
2023-08-14 02:00:00,-9999.1,-99.8,-99.8,6.8,270.0,14.4,283.0,-999.1,-99.8,-99.8,-99.8,-99.8,-99.8,-99.8,-99.8
2023-08-14 03:00:00,-9999.1,-99.8,-99.8,6.3,273.0,12.1,247.0,-999.1,-99.8,-99.8,-99.8,-99.8,-99.8,-99.8,-99.8
2023-08-14 04:00:00,-9999.1,-99.8,-99.8,4.6,276.0,11.4,282.0,-999.1,-99.8,-99.8,-99.8,-99.8,-99.8,-99.8,-99.8
2023-08-14 05:00:00,-9999.1,-99.8,-99.8,6.0,266.0,11.0,270.0,-999.1,-99.8,-99.8,-99.8,-99.8,-99.8,-99.8,-99.8
2023-08-14 06:00:00,-9999.1,-99.8,-99.8,7.8,278.0,14.3,285.0,-999.1,-99.8,-99.8,-99.8,-99.8,-99.8,-99.8,-99.8
2023-08-14 07:00:00,-9999.1,-99.8,-99.8,9.8,283.0,14.4,284.0,-999.1,-99.8,-99.8,-99.8,-99.8,-99.8,-99.8,-99.8
2023-08-14 08:00:00,-9999.1,-99.8,-99.8,9.3,283.0,15.7,282.0,-999.1,-99.8,-99.8,-99.8,-99.8,-99.8,-99.8,-99.8
2023-08-14 09:00:00,-9999.1,-99.8,-99.8,6.6,279.0,15.0,287.0,-999.1,-99.8,-99.8,-99.8,-99.8,-99.8,-99.8,-99.8
2023-08-14 10:00:00,-9999.1,-99.8,-99.8,7.9,279.0,13.0,290.0,-999.1,-99.8,-99.8,-99.8,-99.8,-99.8,-99.8,-99.8
2023-08-14 11:00:00,-9999.1,-99.8,-99.8,6.1,278.0,13.2,285.0,-999.1,-99.8,-99.8,-99.8,-99.8,-99.8,-99.8,-99.8
2023-08-14 12:00:00,-9999.1,-99.8,-99.8,6.1,273.0,12.5,284.0,-999.1,-99.8,-99.8,-99.8,-99.8,-99.8,-99.8,-99.8
2023-08-14 13:00:00,-9999.1,-99.8,-99.8,6.6,273.0,15.2,282.0,-999.1,-99.8,-99.8,-99.8,-99.8,-99.8,-99.8,-99.8
2023-08-14 14:00:00,-9999.1,-99.8,-99.8,5.8,270.0,13.8,272.0,-999.1,-99.8,-99.8,-99.8,-99.8,-99.8,-99.8,-99.8
2023-08-14 15:00:00,-9999.1,-99.8,-99.8,6.8,266.0,12.6,258.0,-999.1,-99.8,-99.8,-99.8,-99.8,-99.8,-99.8,-99.8
2023-08-14 16:00:00,-9999.1,-99.8,-99.8,5.9,270.0,13.7,269.0,-999.1,-99.8,-99.8,-99.8,-99.8,-99.8,-99.8,-99.8
2023-08-14 17:00:00,-9999.1,-99.8,-99.8,5.2,271.0,11.7,257.0,-999.1,-99.8,-99.8,-99.8,-99.8,-99.8,-99.8,-99.8
2023-08-14 18:00:00,-9999.1,-99.8,-99.8,5.3,263.0,11.0,259.0,-999.1,-99.8,-99.8,-99.8,-99.8,-99.8,-99.8,-99.8
2023-08-14 19:00:00,-9999.1,-99.8,-99.8,7.1,271.0,11.9,262.0,-999.1,-99.8,-99.8,-99.8,-99.8,-99.8,-99.8,-99.8
2023-08-14 20:00:00,-9999.1,-99.8,-99.8,8.6,282.0,15.1,286.0,-999.1,-99.8,-99.8,-99.8,-99.8,-99.8,-99.8,-99.8
2023-08-14 21:00:00,-9999.1,-99.8,-99.8,10.1,284.0,14.7,282.0,-999.1,-99.8,-99.8,-99.8,-99.8,-99.8,-99.8,-99.8
2023-08-14 22:00:00,-9999.1,-99.8,-99.8,7.9,282.0,13.9,287.0,-999.1,-99.8,-99.8,-99.8,-99.8,-99.8,-99.8,-99.8
2023-08-14 23:00:00,-9999.1,-99.8,-99.8,7.1,278.0,11.5,287.0,-999.1,-99.8,-99.8,-99.8,-99.8,-99.8,-99.8,-99.8
2023-08-15 00:00:00,-9999.1,-99.8,-99.8,9.6,286.0,13.5,286.0,-999.1,-99.8,-99.8,-99.8,-99.8,-99.8,-99.8,-99.8
2023-08-15 01:00:00,-9999.1,-99.8,-99.8,7.6,284.0,12.2,285.0,-999.1,-99.8,-99.8,-99.8,-99.8,-99.8,-99.8,-99.8
2023-08-15 02:00:00,-9999.1,-99.8,-99.8,7.5,286.0,13.2,288.0,-999.1,-99.8,-99.8,-99.8,-99.8,-99.8,-99.8,-99.8
2023-08-15 03:00:00,-9999.1,-99.8,-99.8,5.3,280.0,11.1,285.0,-999.1,-99.8,-99.8,-99.8,-99.8,-99.8,-99.8,-99.8
2023-08-15 04:00:00,-9999.1,-99.8,-99.8,6.8,284.0,11.5,290.0,-999.1,-99.8,-99.8,-99.8,-99.8,-99.8,-99.8,-99.8
2023-08-15 05:00:00,-9999.1,-99.8,-99.8,9.7,291.0,14.1,287.0,-999.1,-99.8,-99.8,-99.8,-99.8,-99.8,-99.8,-99.8
2023-08-15 06:00:00,-9999.1,-99.8,-99.8,8.8,296.0,13.4,292.0,-999.1,-99.8,-99.8,-99.8,-99.8,-99.8,-99.8,-99.8
2023-08-15 07:00:00,-9999.1,-99.8,-99.8,8.9,283.0,12.1,289.0,-999.1,-99.8,-99.8,-99.8,-99.8,-99.8,-99.8,-99.8
2023-08-15 08:00:00,-9999.1,-99.8,-99.8,7.8,288.0,13.0,285.0,-999.1,-99.8,-99.8,-99.8,-99.8,-99.8,-99.8,-99.8
2023-08-15 09:00:00,-9999.1,-99.8,-99.8,6.2,283.0,9.8,257.0,-999.1,-99.8,-99.8,-99.8,-99.8,-99.8,-99.8,-99.8
2023-08-15 10:00:00,-9999.1,-99.8,-99.8,6.5,281.0,10.4,288.0,-999.1,-99.8,-99.8,-99.8,-99.8,-99.8,-99.8,-99.8
2023-08-15 11:00:00,-9999.1,-99.8,-99.8,4.4,282.0,12.3,283.0,-999.1,-99.8,-99.8,-99.8,-99.8,-99.8,-99.8,-99.8
2023-08-15 12:00:00,-9999.1,-99.8,-99.8,5.2,279.0,10.0,291.0,-999.1,-99.8,-99.8,-99.8,-99.8,-99.8,-99.8,-99.8
2023-08-15 13:00:00,-9999.1,-99.8,-99.8,6.1,272.0,10.4,284.0,-999.1,-99.8,-99.8,-99.8,-99.8,-99.8,-99.8,-99.8
2023-08-15 14:00:00,-9999.1,-99.8,-99.8,6.5,279.0,12.1,275.0,-999.1,-99.8,-99.8,-99.8,-99.8,-99.8,-99.8,-99.8
2023-08-15 15:00:00,-9999.1,-99.8,-99.8,7.8,281.0,12.5,284.0,-999.1,-99.8,-99.8,-99.8,-99.8,-99.8,-99.8,-99.8
2023-08-15 16:00:00,-9999.1,-99.8,-99.8,6.5,278.0,14.2,286.0,-999.1,-99.8,-99.8,-99.8,-99.8,-99.8,-99.8,-99.8
2023-08-15 17:00:00,-9999.1,-99.8,-99.8,7.9,276.0,15.1,297.0,-999.1,-99.8,-99.8,-99.8,-99.8,-99.8,-99.8,-99.8
2023-08-15 18:00:00,-9999.1,-99.8,-99.8,8.2,273.0,13.9,267.0,-999.1,-99.8,-99.8,-99.8,-99.8,-99.8,-99.8,-99.8
2023-08-15 19:00:00,-9999.1,-99.8,-99.8,8.1,276.0,14.4,285.0,-999.1,-99.8,-99.8,-99.8,-99.8,-99.8,-99.8,-99.8
2023-08-15 20:00:00,-9999.1,-99.8,-99.8,9.1,282.0,15.9,287.0,-999.1,-99.8,-99.8,-99.8,-99.8,-99.8,-99.8,-99.8
2023-08-15 21:00:00,-9999.1,-99.8,-99.8,8.6,282.0,15.9,284.0,-999.1,-99.8,-99.8,-99.8,-99.8,-99.8,-99.8,-99.8
2023-08-15 22:00:00,-9999.1,-99.8,-99.8,9.2,282.0,16.2,284.0,-999.1,-99.8,-99.8,-99.8,-99.8,-99.8,-99.8,-99.8
2023-08-15 23:00:00,-9999.1,-99.8,-99.8,7.3,279.0,13.5,259.0,-999.1,-99.8,-99.8,-99.8,-99.8,-99.8,-99.8,-99.8
2023-08-16 00:00:00,-9999.1,-99.8,-99.8,9.4,283.0,14.7,284.0,-999.1,-99.8,-99.8,-99.8,-99.8,-99.8,-99.8,-99.8
2023-08-16 01:00:00,-9999.1,-99.8,-99.8,7.7,283.0,13.7,283.0,-999.1,-99.8,-99.8,-99.8,-99.8,-99.8,-99.8,-99.8
2023-08-16 02:00:00,-9999.1,-99.8,-99.8,7.6,281.0,12.0,271.0,-999.1,-99.8,-99.8,-99.8,-99.8,-99.8,-99.8,-99.8
2023-08-16 03:00:00,-9999.1,-99.8,-99.8,6.3,276.0,12.9,282.0,-999.1,-99.8,-99.8,-99.8,-99.8,-99.8,-99.8,-99.8
2023-08-16 04:00:00,-9999.1,-99.8,-99.8,6.5,276.0,12.2,280.0,-999.1,-99.8,-99.8,-99.8,-99.8,-99.8,-99.8,-99.8
2023-08-16 05:00:00,-9999.1,-99.8,-99.8,7.2,279.0,12.8,257.0,-999.1,-99.8,-99.8,-99.8,-99.8,-99.8,-99.8,-99.8
2023-08-16 06:00:00,-9999.1,-99.8,-99.8,9.8,281.0,13.3,280.0,-999.1,-99.8,-99.8,-99.8,-99.8,-99.8,-99.8,-99.8
2023-08-16 07:00:00,-9999.1,-99.8,-99.8,7.4,278.0,15.1,296.0,-999.1,-99.8,-99.8,-99.8,-99.8,-99.8,-99.8,-99.8
2023-08-16 08:00:00,-9999.1,-99.8,-99.8,7.2,276.0,14.5,273.0,-999.1,-99.8,-99.8,-99.8,-99.8,-99.8,-99.8,-99.8
2023-08-16 09:00:00,-9999.1,-99.8,-99.8,5.5,274.0,13.1,257.0,-999.1,-99.8,-99.8,-99.8,-99.8,-99.8,-99.8,-99.8
2023-08-16 10:00:00,-9999.1,-99.8,-99.8,6.5,279.0,11.3,282.0,-999.1,-99.8,-99.8,-99.8,-99.8,-99.8,-99.8,-99.8
2023-08-16 11:00:00,-9999.1,-99.8,-99.8,4.8,266.0,12.0,271.0,-999.1,-99.8,-99.8,-99.8,-99.8,-99.8,-99.8,-99.8
2023-08-16 12:00:00,-9999.1,-99.8,-99.8,6.4,269.0,13.7,254.0,-999.1,-99.8,-99.8,-99.8,-99.8,-99.8,-99.8,-99.8
2023-08-16 13:00:00,-9999.1,-99.8,-99.8,7.4,270.0,13.7,256.0,-999.1,-99.8,-99.8,-99.8,-99.8,-99.8,-99.8,-99.8
2023-08-16 14:00:00,-9999.1,-99.8,-99.8,8.3,271.0,15.4,259.0,-999.1,-99.8,-99.8,-99.8,-99.8,-99.8,-99.8,-99.8
2023-08-16 15:00:00,-9999.1,-99.8,-99.8,6.2,280.0,15.2,287.0,-999.1,-99.8,-99.8,-99.8,-99.8,-99.8,-99.8,-99.8
2023-08-16 16:00:00,-9999.1,-99.8,-99.8,6.4,272.0,14.4,284.0,-999.1,-99.8,-99.8,-99.8,-99.8,-99.8,-99.8,-99.8
2023-08-16 17:00:00,-9999.1,-99.8,-99.8,7.4,277.0,11.9,280.0,-999.1,-99.8,-99.8,-99.8,-99.8,-99.8,-99.8,-99.8
2023-08-16 18:00:00,-9999.1,-99.8,-99.8,6.6,276.0,10.7,273.0,-999.1,-99.8,-99.8,-99.8,-99.8,-99.8,-99.8,-99.8
2023-08-16 19:00:00,-9999.1,-99.8,-99.8,7.8,276.0,12.6,278.0,-999.1,-99.8,-99.8,-99.8,-99.8,-99.8,-99.8,-99.8
2023-08-16 20:00:00,-9999.1,-99.8,-99.8,7.4,277.0,12.4,264.0,-999.1,-99.8,-99.8,-99.8,-99.8,-99.8,-99.8,-99.8
2023-08-16 21:00:00,-9999.1,-99.8,-99.8,7.1,282.0,13.5,282.0,-999.1,-99.8,-99.8,-99.8,-99.8,-99.8,-99.8,-99.8
2023-08-16 22:00:00,-9999.1,-99.8,-99.8,8.6,284.0,13.0,283.0,-999.1,-99.8,-99.8,-99.8,-99.8,-99.8,-99.8,-99.8
2023-08-16 23:00:00,-9999.1,-99.8,-99.8,7.0,286.0,11.6,286.0,-999.1,-99.8,-99.8,-99.8,-99.8,-99.8,-99.8,-99.8
2023-08-17 00:00:00,-9999.1,-99.8,-99.8,6.8,281.0,13.3,297.0,-999.1,-99.8,-99.8,-99.8,-99.8,-99.8,-99.8,-99.8
2023-08-17 01:00:00,-9999.1,-99.8,-99.8,8.3,294.0,12.0,301.0,-999.1,-99.8,-99.8,-99.8,-99.8,-99.8,-99.8,-99.8
2023-08-17 02:00:00,-9999.1,-99.8,-99.8,7.9,295.0,11.4,260.0,-999.1,-99.8,-99.8,-99.8,-99.8,-99.8,-99.8,-99.8
2023-08-17 03:00:00,-9999.1,-99.8,-99.8,6.3,285.0,9.9,292.0,-999.1,-99.8,-99.8,-99.8,-99.8,-99.8,-99.8,-99.8
2023-08-17 04:00:00,-9999.1,-99.8,-99.8,3.6,270.0,8.3,286.0,-999.1,-99.8,-99.8,-99.8,-99.8,-99.8,-99.8,-99.8
2023-08-17 05:00:00,-9999.1,-99.8,-99.8,4.1,290.0,6.4,299.0,-999.1,-99.8,-99.8,-99.8,-99.8,-99.8,-99.8,-99.8
2023-08-17 06:00:00,-9999.1,-99.8,-99.8,2.0,277.0,6.2,297.0,-999.1,-99.8,-99.8,-99.8,-99.8,-99.8,-99.8,-99.8
2023-08-17 07:00:00,-9999.1,-99.8,-99.8,1.5,336.0,3.8,259.0,-999.1,-99.8,-99.8,-99.8,-99.8,-99.8,-99.8,-99.8
2023-08-17 08:00:00,-9999.1,-99.8,-99.8,1.4,325.0,2.9,318.0,-999.1,-99.8,-99.8,-99.8,-99.8,-99.8,-99.8,-99.8
2023-08-17 09:00:00,-9999.1,-99.8,-99.8,0.5,258.0,4.4,356.0,-999.1,-99.8,-99.8,-99.8,-99.8,-99.8,-99.8,-99.8
2023-08-17 10:00:00,-9999.1,-99.8,-99.8,2.8,285.0,4.4,257.0,-999.1,-99.8,-99.8,-99.8,-99.8,-99.8,-99.8,-99.8
2023-08-17 11:00:00,-9999.1,-99.8,-99.8,1.6,268.0,4.7,293.0,-999.1,-99.8,-99.8,-99.8,-99.8,-99.8,-99.8,-99.8
2023-08-17 12:00:00,-9999.1,-99.8,-99.8,1.3,261.0,5.4,282.0,-999.1,-99.8,-99.8,-99.8,-99.8,-99.8,-99.8,-99.8
2023-08-17 13:00:00,-9999.1,-99.8,-99.8,1.3,268.0,4.1,309.0,-999.1,-99.8,-99.8,-99.8,-99.8,-99.8,-99.8,-99.8
2023-08-17 14:00:00,-9999.1,-99.8,-99.8,1.4,260.0,3.8,261.0,-999.1,-99.8,-99.8,-99.8,-99.8,-99.8,-99.8,-99.8
2023-08-17 15:00:00,-9999.1,-99.8,-99.8,2.6,113.0,4.3,89.0,-999.1,-99.8,-99.8,-99.8,-99.8,-99.8,-99.8,-99.8
2023-08-17 16:00:00,-9999.1,-99.8,-99.8,1.0,289.0,9.1,116.0,-999.1,-99.8,-99.8,-99.8,-99.8,-99.8,-99.8,-99.8
2023-08-17 17:00:00,-9999.1,-99.8,-99.8,2.4,286.0,4.8,285.0,-999.1,-99.8,-99.8,-99.8,-99.8,-99.8,-99.8,-99.8
2023-08-17 18:00:00,-9999.1,-99.8,-99.8,5.6,288.0,7.8,290.0,-999.1,-99.8,-99.8,-99.8,-99.8,-99.8,-99.8,-99.8
2023-08-17 19:00:00,-9999.1,-99.8,-99.8,3.3,270.0,10.0,287.0,-999.1,-99.8,-99.8,-99.8,-99.8,-99.8,-99.8,-99.8
2023-08-17 20:00:00,-9999.1,-99.8,-99.8,2.8,294.0,6.5,286.0,-999.1,-99.8,-99.8,-99.8,-99.8,-99.8,-99.8,-99.8
2023-08-17 21:00:00,-9999.1,-99.8,-99.8,1.6,300.0,4.4,308.0,-999.1,-99.8,-99.8,-99.8,-99.8,-99.8,-99.8,-99.8
2023-08-17 22:00:00,-9999.1,-99.8,-99.8,0.7,201.0,5.3,286.0,-999.1,-99.8,-99.8,-99.8,-99.8,-99.8,-99.8,-99.8
2023-08-17 23:00:00,-9999.1,-99.8,-99.8,1.0,182.0,4.5,111.0,-999.1,-99.8,-99.8,-99.8,-99.8,-99.8,-99.8,-99.8
2023-08-18 00:00:00,-9999.1,-99.8,-99.8,2.6,285.0,4.8,283.0,-999.1,-99.8,-99.8,-99.8,-99.8,-99.8,-99.8,-99.8
2023-08-18 01:00:00,-9999.1,-99.8,-99.8,0.9,185.0,3.2,257.0,-999.1,-99.8,-99.8,-99.8,-99.8,-99.8,-99.8,-99.8
2023-08-18 02:00:00,-9999.1,-99.8,-99.8,3.3,277.0,7.7,286.0,-999.1,-99.8,-99.8,-99.8,-99.8,-99.8,-99.8,-99.8
2023-08-18 03:00:00,-9999.1,-99.8,-99.8,5.5,280.0,8.8,283.0,-999.1,-99.8,-99.8,-99.8,-99.8,-99.8,-99.8,-99.8
2023-08-18 04:00:00,-9999.1,-99.8,-99.8,2.3,266.0,7.7,285.0,-999.1,-99.8,-99.8,-99.8,-99.8,-99.8,-99.8,-99.8
2023-08-18 05:00:00,-9999.1,-99.8,-99.8,0.8,189.0,4.5,258.0,-999.1,-99.8,-99.8,-99.8,-99.8,-99.8,-99.8,-99.8
2023-08-18 06:00:00,-9999.1,-99.8,-99.8,4.0,278.0,6.5,287.0,-999.1,-99.8,-99.8,-99.8,-99.8,-99.8,-99.8,-99.8
2023-08-18 07:00:00,-9999.1,-99.8,-99.8,4.6,281.0,6.9,284.0,-999.1,-99.8,-99.8,-99.8,-99.8,-99.8,-99.8,-99.8
2023-08-18 08:00:00,-9999.1,-99.8,-99.8,3.2,288.0,7.2,286.0,-999.1,-99.8,-99.8,-99.8,-99.8,-99.8,-99.8,-99.8
2023-08-18 09:00:00,-9999.1,-99.8,-99.8,2.9,5.0,5.4,353.0,-999.1,-99.8,-99.8,-99.8,-99.8,-99.8,-99.8,-99.8
2023-08-18 10:00:00,-9999.1,-99.8,-99.8,4.5,290.0,8.8,300.0,-999.1,-99.8,-99.8,-99.8,-99.8,-99.8,-99.8,-99.8
2023-08-18 11:00:00,-9999.1,-99.8,-99.8,3.2,282.0,6.6,285.0,-999.1,-99.8,-99.8,-99.8,-99.8,-99.8,-99.8,-99.8
2023-08-18 12:00:00,-9999.1,-99.8,-99.8,1.1,265.0,5.4,283.0,-999.1,-99.8,-99.8,-99.8,-99.8,-99.8,-99.8,-99.8
2023-08-18 13:00:00,-9999.1,-99.8,-99.8,2.3,274.0,5.1,262.0,-999.1,-99.8,-99.8,-99.8,-99.8,-99.8,-99.8,-99.8
2023-08-18 14:00:00,-9999.1,-99.8,-99.8,3.0,279.0,6.2,267.0,-999.1,-99.8,-99.8,-99.8,-99.8,-99.8,-99.8,-99.8
2023-08-18 15:00:00,-9999.1,-99.8,-99.8,1.7,276.0,5.4,279.0,-999.1,-99.8,-99.8,-99.8,-99.8,-99.8,-99.8,-99.8
2023-08-18 16:00:00,-9999.1,-99.8,-99.8,0.4,296.0,3.9,292.0,-999.1,-99.8,-99.8,-99.8,-99.8,-99.8,-99.8,-99.8
2023-08-18 17:00:00,-9999.1,-99.8,-99.8,4.4,99.0,5.9,105.0,-999.1,-99.8,-99.8,-99.8,-99.8,-99.8,-99.8,-99.8
2023-08-18 18:00:00,-9999.1,-99.8,-99.8,4.2,114.0,7.2,112.0,-999.1,-99.8,-99.8,-99.8,-99.8,-99.8,-99.8,-99.8
2023-08-18 19:00:00,-9999.1,-99.8,-99.8,3.9,120.0,5.9,111.0,-999.1,-99.8,-99.8,-99.8,-99.8,-99.8,-99.8,-99.8
2023-08-18 20:00:00,-9999.1,-99.8,-99.8,0.7,289.0,5.5,114.0,-999.1,-99.8,-99.8,-99.8,-99.8,-99.8,-99.8,-99.8
2023-08-18 21:00:00,-9999.1,-99.8,-99.8,2.8,119.0,5.1,300.0,-999.1,-99.8,-99.8,-99.8,-99.8,-99.8,-99.8,-99.8
2023-08-18 22:00:00,-9999.1,-99.8,-99.8,4.3,117.0,5.7,109.0,-999.1,-99.8,-99.8,-99.8,-99.8,-99.8,-99.8,-99.8
2023-08-18 23:00:00,-9999.1,-99.8,-99.8,4.4,124.0,7.7,117.0,-999.1,-99.8,-99.8,-99.8,-99.8,-99.8,-99.8,-99.8
2023-08-19 00:00:00,-9999.1,-99.8,-99.8,5.5,124.0,9.3,118.0,-999.1,-99.8,-99.8,-99.8,-99.8,-99.8,-99.8,-99.8
2023-08-19 01:00:00,-9999.1,-99.8,-99.8,4.0,125.0,8.2,133.0,-999.1,-99.8,-99.8,-99.8,-99.8,-99.8,-99.8,-99.8
2023-08-19 02:00:00,-9999.1,-99.8,-99.8,5.4,117.0,7.4,123.0,-999.1,-99.8,-99.8,-99.8,-99.8,-99.8,-99.8,-99.8
2023-08-19 03:00:00,-9999.1,-99.8,-99.8,5.0,120.0,8.0,105.0,-999.1,-99.8,-99.8,-99.8,-99.8,-99.8,-99.8,-99.8
2023-08-19 04:00:00,-9999.1,-99.8,-99.8,2.0,107.0,8.0,116.0,-999.1,-99.8,-99.8,-99.8,-99.8,-99.8,-99.8,-99.8
2023-08-19 05:00:00,-9999.1,-99.8,-99.8,3.8,124.0,5.9,106.0,-999.1,-99.8,-99.8,-99.8,-99.8,-99.8,-99.8,-99.8
2023-08-19 06:00:00,-9999.1,-99.8,-99.8,2.0,264.0,6.8,118.0,-999.1,-99.8,-99.8,-99.8,-99.8,-99.8,-99.8,-99.8
2023-08-19 07:00:00,-9999.1,-99.8,-99.8,1.9,265.0,4.8,284.0,-999.1,-99.8,-99.8,-99.8,-99.8,-99.8,-99.8,-99.8
2023-08-19 08:00:00,-9999.1,-99.8,-99.8,1.4,227.0,4.9,251.0,-999.1,-99.8,-99.8,-99.8,-99.8,-99.8,-99.8,-99.8
2023-08-19 09:00:00,-9999.1,-99.8,-99.8,2.1,265.0,5.6,120.0,-999.1,-99.8,-99.8,-99.8,-99.8,-99.8,-99.8,-99.8
2023-08-19 10:00:00,-9999.1,-99.8,-99.8,0.7,270.0,2.9,110.0,-999.1,-99.8,-99.8,-99.8,-99.8,-99.8,-99.8,-99.8
2023-08-19 11:00:00,-9999.1,-99.8,-99.8,2.5,281.0,4.4,279.0,-999.1,-99.8,-99.8,-99.8,-99.8,-99.8,-99.8,-99.8
2023-08-19 12:00:00,-9999.1,-99.8,-99.8,3.4,275.0,6.1,289.0,-999.1,-99.8,-99.8,-99.8,-99.8,-99.8,-99.8,-99.8
2023-08-19 13:00:00,-9999.1,-99.8,-99.8,2.9,276.0,5.9,253.0,-999.1,-99.8,-99.8,-99.8,-99.8,-99.8,-99.8,-99.8
2023-08-19 14:00:00,-9999.1,-99.8,-99.8,2.7,273.0,5.7,286.0,-999.1,-99.8,-99.8,-99.8,-99.8,-99.8,-99.8,-99.8
2023-08-19 15:00:00,-9999.1,-99.8,-99.8,2.1,294.0,4.8,276.0,-999.1,-99.8,-99.8,-99.8,-99.8,-99.8,-99.8,-99.8
2023-08-19 16:00:00,-9999.1,-99.8,-99.8,3.5,299.0,4.9,287.0,-999.1,-99.8,-99.8,-99.8,-99.8,-99.8,-99.8,-99.8
2023-08-19 17:00:00,-9999.1,-99.8,-99.8,1.5,122.0,4.0,303.0,-999.1,-99.8,-99.8,-99.8,-99.8,-99.8,-99.8,-99.8
2023-08-19 18:00:00,-9999.1,-99.8,-99.8,0.7,218.0,4.0,264.0,-999.1,-99.8,-99.8,-99.8,-99.8,-99.8,-99.8,-99.8
2023-08-19 19:00:00,-9999.1,-99.8,-99.8,1.5,280.0,3.8,270.0,-999.1,-99.8,-99.8,-99.8,-99.8,-99.8,-99.8,-99.8
2023-08-19 20:00:00,-9999.1,-99.8,-99.8,1.1,267.0,2.5,240.0,-999.1,-99.8,-99.8,-99.8,-99.8,-99.8,-99.8,-99.8
2023-08-19 21:00:00,-9999.1,-99.8,-99.8,1.0,259.0,3.2,238.0,-999.1,-99.8,-99.8,-99.8,-99.8,-99.8,-99.8,-99.8
2023-08-19 22:00:00,-9999.1,-99.8,-99.8,0.8,174.0,5.0,209.0,-999.1,-99.8,-99.8,-99.8,-99.8,-99.8,-99.8,-99.8
2023-08-19 23:00:00,-9999.1,-99.8,-99.8,2.1,208.0,5.9,239.0,-999.1,-99.8,-99.8,-99.8,-99.8,-99.8,-99.8,-99.8
2023-08-20 00:00:00,-9999.1,-99.8,-99.8,3.1,256.0,7.9,254.0,-999.1,-99.8,-99.8,-99.8,-99.8,-99.8,-99.8,-99.8
2023-08-20 01:00:00,-9999.1,-99.8,-99.8,1.9,256.0,5.2,247.0,-999.1,-99.8,-99.8,-99.8,-99.8,-99.8,-99.8,-99.8
2023-08-20 02:00:00,-9999.1,-99.8,-99.8,1.7,246.0,5.6,253.0,-999.1,-99.8,-99.8,-99.8,-99.8,-99.8,-99.8,-99.8
2023-08-20 03:00:00,-9999.1,-99.8,-99.8,2.3,274.0,4.9,288.0,-999.1,-99.8,-99.8,-99.8,-99.8,-99.8,-99.8,-99.8
2023-08-20 04:00:00,-9999.1,-99.8,-99.8,1.3,274.0,4.2,151.0,-999.1,-99.8,-99.8,-99.8,-99.8,-99.8,-99.8,-99.8
2023-08-20 05:00:00,-9999.1,-99.8,-99.8,4.5,109.0,6.3,108.0,-999.1,-99.8,-99.8,-99.8,-99.8,-99.8,-99.8,-99.8
2023-08-20 06:00:00,-9999.1,-99.8,-99.8,5.3,109.0,7.3,103.0,-999.1,-99.8,-99.8,-99.8,-99.8,-99.8,-99.8,-99.8
2023-08-20 07:00:00,-9999.1,-99.8,-99.8,1.8,126.0,6.6,97.0,-999.1,-99.8,-99.8,-99.8,-99.8,-99.8,-99.8,-99.8
2023-08-20 08:00:00,-9999.1,-99.8,-99.8,2.3,133.0,4.8,99.0,-999.1,-99.8,-99.8,-99.8,-99.8,-99.8,-99.8,-99.8
2023-08-20 09:00:00,-9999.1,-99.8,-99.8,1.6,251.0,4.3,130.0,-999.1,-99.8,-99.8,-99.8,-99.8,-99.8,-99.8,-99.8
2023-08-20 10:00:00,-9999.1,-99.8,-99.8,1.8,262.0,4.6,243.0,-999.1,-99.8,-99.8,-99.8,-99.8,-99.8,-99.8,-99.8
2023-08-20 11:00:00,-9999.1,-99.8,-99.8,4.3,284.0,7.6,282.0,-999.1,-99.8,-99.8,-99.8,-99.8,-99.8,-99.8,-99.8
2023-08-20 12:00:00,-9999.1,-99.8,-99.8,2.8,275.0,7.7,298.0,-999.1,-99.8,-99.8,-99.8,-99.8,-99.8,-99.8,-99.8
2023-08-20 13:00:00,-9999.1,-99.8,-99.8,3.7,278.0,8.9,291.0,-999.1,-99.8,-99.8,-99.8,-99.8,-99.8,-99.8,-99.8
2023-08-20 14:00:00,-9999.1,-99.8,-99.8,4.7,282.0,9.7,283.0,-999.1,-99.8,-99.8,-99.8,-99.8,-99.8,-99.8,-99.8
2023-08-20 15:00:00,-9999.1,-99.8,-99.8,5.5,277.0,8.8,281.0,-999.1,-99.8,-99.8,-99.8,-99.8,-99.8,-99.8,-99.8
2023-08-20 16:00:00,-9999.1,-99.8,-99.8,4.2,287.0,8.4,282.0,-999.1,-99.8,-99.8,-99.8,-99.8,-99.8,-99.8,-99.8
2023-08-20 17:00:00,-9999.1,-99.8,-99.8,4.6,289.0,7.0,289.0,-999.1,-99.8,-99.8,-99.8,-99.8,-99.8,-99.8,-99.8
2023-08-20 18:00:00,-9999.1,-99.8,-99.8,4.8,288.0,8.7,294.0,-999.1,-99.8,-99.8,-99.8,-99.8,-99.8,-99.8,-99.8
2023-08-20 19:00:00,-9999.1,-99.8,-99.8,2.2,266.0,7.4,297.0,-999.1,-99.8,-99.8,-99.8,-99.8,-99.8,-99.8,-99.8
2023-08-20 20:00:00,-9999.1,-99.8,-99.8,0.8,159.0,5.8,274.0,-999.1,-99.8,-99.8,-99.8,-99.8,-99.8,-99.8,-99.8
2023-08-20 21:00:00,-9999.1,-99.8,-99.8,1.4,216.0,5.1,238.0,-999.1,-99.8,-99.8,-99.8,-99.8,-99.8,-99.8,-99.8
2023-08-20 22:00:00,-9999.1,-99.8,-99.8,1.0,118.0,6.8,113.0,-999.1,-99.8,-99.8,-99.8,-99.8,-99.8,-99.8,-99.8
2023-08-20 23:00:00,-9999.1,-99.8,-99.8,1.4,211.0,4.4,232.0,-999.1,-99.8,-99.8,-99.8,-99.8,-99.8,-99.8,-99.8
2023-08-21 00:00:00,-9999.1,-99.8,-99.8,2.1,282.0,4.4,232.0,-999.1,-99.8,-99.8,-99.8,-99.8,-99.8,-99.8,-99.8
2023-08-21 01:00:00,-9999.1,-99.8,-99.8,1.1,254.0,3.0,279.0,-999.1,-99.8,-99.8,-99.8,-99.8,-99.8,-99.8,-99.8
2023-08-21 02:00:00,-9999.1,-99.8,-99.8,1.6,310.0,2.1,306.0,-999.1,-99.8,-99.8,-99.8,-99.8,-99.8,-99.8,-99.8
2023-08-21 03:00:00,-9999.1,-99.8,-99.8,2.6,116.0,3.8,127.0,-999.1,-99.8,-99.8,-99.8,-99.8,-99.8,-99.8,-99.8
2023-08-21 04:00:00,-9999.1,-99.8,-99.8,1.5,262.0,3.4,113.0,-999.1,-99.8,-99.8,-99.8,-99.8,-99.8,-99.8,-99.8
2023-08-21 05:00:00,-9999.1,-99.8,-99.8,3.0,283.0,4.8,291.0,-999.1,-99.8,-99.8,-99.8,-99.8,-99.8,-99.8,-99.8
2023-08-21 06:00:00,-9999.1,-99.8,-99.8,1.4,268.0,4.0,277.0,-999.1,-99.8,-99.8,-99.8,-99.8,-99.8,-99.8,-99.8
2023-08-21 07:00:00,-9999.1,-99.8,-99.8,1.6,342.0,3.7,286.0,-999.1,-99.8,-99.8,-99.8,-99.8,-99.8,-99.8,-99.8
2023-08-21 08:00:00,-9999.1,-99.8,-99.8,1.8,300.0,3.2,313.0,-999.1,-99.8,-99.8,-99.8,-99.8,-99.8,-99.8,-99.8
2023-08-21 09:00:00,-9999.1,-99.8,-99.8,4.0,281.0,6.4,289.0,-999.1,-99.8,-99.8,-99.8,-99.8,-99.8,-99.8,-99.8
2023-08-21 10:00:00,-9999.1,-99.8,-99.8,4.0,285.0,6.7,285.0,-999.1,-99.8,-99.8,-99.8,-99.8,-99.8,-99.8,-99.8
2023-08-21 11:00:00,-9999.1,-99.8,-99.8,4.6,288.0,6.5,289.0,-999.1,-99.8,-99.8,-99.8,-99.8,-99.8,-99.8,-99.8
2023-08-21 12:00:00,-9999.1,-99.8,-99.8,4.0,284.0,8.1,282.0,-999.1,-99.8,-99.8,-99.8,-99.8,-99.8,-99.8,-99.8
2023-08-21 13:00:00,-9999.1,-99.8,-99.8,3.6,282.0,7.2,277.0,-999.1,-99.8,-99.8,-99.8,-99.8,-99.8,-99.8,-99.8
2023-08-21 14:00:00,-9999.1,-99.8,-99.8,3.4,283.0,7.4,290.0,-999.1,-99.8,-99.8,-99.8,-99.8,-99.8,-99.8,-99.8
2023-08-21 15:00:00,-9999.1,-99.8,-99.8,3.6,281.0,7.5,276.0,-999.1,-99.8,-99.8,-99.8,-99.8,-99.8,-99.8,-99.8
2023-08-21 16:00:00,-9999.1,-99.8,-99.8,3.1,280.0,8.1,290.0,-999.1,-99.8,-99.8,-99.8,-99.8,-99.8,-99.8,-99.8
2023-08-21 17:00:00,-9999.1,-99.8,-99.8,3.0,279.0,6.5,289.0,-999.1,-99.8,-99.8,-99.8,-99.8,-99.8,-99.8,-99.8
2023-08-21 18:00:00,-9999.1,-99.8,-99.8,3.2,274.0,6.4,286.0,-999.1,-99.8,-99.8,-99.8,-99.8,-99.8,-99.8,-99.8
2023-08-21 19:00:00,-9999.1,-99.8,-99.8,3.3,281.0,5.4,285.0,-999.1,-99.8,-99.8,-99.8,-99.8,-99.8,-99.8,-99.8
2023-08-21 20:00:00,-9999.1,-99.8,-99.8,2.2,284.0,5.9,287.0,-999.1,-99.8,-99.8,-99.8,-99.8,-99.8,-99.8,-99.8
2023-08-21 21:00:00,-9999.1,-99.8,-99.8,2.7,275.0,5.0,280.0,-999.1,-99.8,-99.8,-99.8,-99.8,-99.8,-99.8,-99.8
2023-08-21 22:00:00,-9999.1,-99.8,-99.8,1.6,223.0,4.3,280.0,-999.1,-99.8,-99.8,-99.8,-99.8,-99.8,-99.8,-99.8
2023-08-21 23:00:00,-9999.1,-99.8,-99.8,2.2,277.0,5.1,282.0,-999.1,-99.8,-99.8,-99.8,-99.8,-99.8,-99.8,-99.8
2023-08-22 00:00:00,-9999.1,-99.8,-99.8,2.3,252.0,3.6,274.0,-999.1,-99.8,-99.8,-99.8,-99.8,-99.8,-99.8,-99.8
2023-08-22 01:00:00,-9999.1,-99.8,-99.8,0.7,260.0,4.2,260.0,-999.1,-99.8,-99.8,-99.8,-99.8,-99.8,-99.8,-99.8
2023-08-22 02:00:00,-9999.1,-99.8,-99.8,1.7,240.0,4.2,273.0,-999.1,-99.8,-99.8,-99.8,-99.8,-99.8,-99.8,-99.8
2023-08-22 03:00:00,-9999.1,-99.8,-99.8,1.4,261.0,4.0,253.0,-999.1,-99.8,-99.8,-99.8,-99.8,-99.8,-99.8,-99.8
2023-08-22 04:00:00,-9999.1,-99.8,-99.8,2.7,264.0,4.9,289.0,-999.1,-99.8,-99.8,-99.8,-99.8,-99.8,-99.8,-99.8
2023-08-22 05:00:00,-9999.1,-99.8,-99.8,1.7,268.0,6.0,254.0,-999.1,-99.8,-99.8,-99.8,-99.8,-99.8,-99.8,-99.8
2023-08-22 06:00:00,-9999.1,-99.8,-99.8,2.5,265.0,4.5,257.0,-999.1,-99.8,-99.8,-99.8,-99.8,-99.8,-99.8,-99.8
2023-08-22 07:00:00,-9999.1,-99.8,-99.8,3.8,287.0,5.3,282.0,-999.1,-99.8,-99.8,-99.8,-99.8,-99.8,-99.8,-99.8
2023-08-22 08:00:00,-9999.1,-99.8,-99.8,2.6,280.0,5.1,289.0,-999.1,-99.8,-99.8,-99.8,-99.8,-99.8,-99.8,-99.8
2023-08-22 09:00:00,-9999.1,-99.8,-99.8,1.8,284.0,3.6,257.0,-999.1,-99.8,-99.8,-99.8,-99.8,-99.8,-99.8,-99.8
2023-08-22 10:00:00,-9999.1,-99.8,-99.8,2.8,285.0,5.0,268.0,-999.1,-99.8,-99.8,-99.8,-99.8,-99.8,-99.8,-99.8
2023-08-22 11:00:00,-9999.1,-99.8,-99.8,2.9,282.0,5.6,263.0,-999.1,-99.8,-99.8,-99.8,-99.8,-99.8,-99.8,-99.8
2023-08-22 12:00:00,-9999.1,-99.8,-99.8,3.5,280.0,7.2,290.0,-999.1,-99.8,-99.8,-99.8,-99.8,-99.8,-99.8,-99.8
2023-08-22 13:00:00,-9999.1,-99.8,-99.8,3.6,275.0,7.7,284.0,-999.1,-99.8,-99.8,-99.8,-99.8,-99.8,-99.8,-99.8
2023-08-22 14:00:00,-9999.1,-99.8,-99.8,3.6,277.0,7.2,284.0,-999.1,-99.8,-99.8,-99.8,-99.8,-99.8,-99.8,-99.8
2023-08-22 15:00:00,-9999.1,-99.8,-99.8,3.0,270.0,6.4,271.0,-999.1,-99.8,-99.8,-99.8,-99.8,-99.8,-99.8,-99.8
2023-08-22 16:00:00,-9999.1,-99.8,-99.8,2.4,265.0,6.9,256.0,-999.1,-99.8,-99.8,-99.8,-99.8,-99.8,-99.8,-99.8
2023-08-22 17:00:00,-9999.1,-99.8,-99.8,2.5,269.0,6.3,287.0,-999.1,-99.8,-99.8,-99.8,-99.8,-99.8,-99.8,-99.8
2023-08-22 18:00:00,-9999.1,-99.8,-99.8,2.7,295.0,6.4,266.0,-999.1,-99.8,-99.8,-99.8,-99.8,-99.8,-99.8,-99.8
2023-08-22 19:00:00,-9999.1,-99.8,-99.8,2.8,297.0,5.4,287.0,-999.1,-99.8,-99.8,-99.8,-99.8,-99.8,-99.8,-99.8
2023-08-22 20:00:00,-9999.1,-99.8,-99.8,2.1,269.0,5.2,251.0,-999.1,-99.8,-99.8,-99.8,-99.8,-99.8,-99.8,-99.8
2023-08-22 21:00:00,-9999.1,-99.8,-99.8,3.1,279.0,5.9,279.0,-999.1,-99.8,-99.8,-99.8,-99.8,-99.8,-99.8,-99.8
2023-08-22 22:00:00,-9999.1,-99.8,-99.8,5.4,293.0,8.9,286.0,-999.1,-99.8,-99.8,-99.8,-99.8,-99.8,-99.8,-99.8
2023-08-22 23:00:00,-9999.1,-99.8,-99.8,2.6,268.0,9.8,267.0,-999.1,-99.8,-99.8,-99.8,-99.8,-99.8,-99.8,-99.8
2023-08-23 00:00:00,-9999.1,-99.8,-99.8,1.2,149.0,6.3,243.0,-999.1,-99.8,-99.8,-99.8,-99.8,-99.8,-99.8,-99.8
2023-08-23 01:00:00,-9999.1,-99.8,-99.8,1.3,194.0,4.3,236.0,-999.1,-99.8,-99.8,-99.8,-99.8,-99.8,-99.8,-99.8
2023-08-23 02:00:00,-9999.1,-99.8,-99.8,1.1,286.0,6.6,182.0,-999.1,-99.8,-99.8,-99.8,-99.8,-99.8,-99.8,-99.8
2023-08-23 03:00:00,-9999.1,-99.8,-99.8,3.1,256.0,6.0,252.0,-999.1,-99.8,-99.8,-99.8,-99.8,-99.8,-99.8,-99.8
2023-08-23 04:00:00,-9999.1,-99.8,-99.8,3.4,278.0,6.9,253.0,-999.1,-99.8,-99.8,-99.8,-99.8,-99.8,-99.8,-99.8
2023-08-23 05:00:00,-9999.1,-99.8,-99.8,4.1,282.0,6.1,286.0,-999.1,-99.8,-99.8,-99.8,-99.8,-99.8,-99.8,-99.8
2023-08-23 06:00:00,-9999.1,-99.8,-99.8,3.8,281.0,6.4,284.0,-999.1,-99.8,-99.8,-99.8,-99.8,-99.8,-99.8,-99.8
2023-08-23 07:00:00,-9999.1,-99.8,-99.8,1.3,280.0,5.0,278.0,-999.1,-99.8,-99.8,-99.8,-99.8,-99.8,-99.8,-99.8
2023-08-23 08:00:00,-9999.1,-99.8,-99.8,1.0,260.0,2.6,261.0,-999.1,-99.8,-99.8,-99.8,-99.8,-99.8,-99.8,-99.8
2023-08-23 09:00:00,-9999.1,-99.8,-99.8,0.6,240.0,2.1,283.0,-999.1,-99.8,-99.8,-99.8,-99.8,-99.8,-99.8,-99.8
2023-08-23 10:00:00,-9999.1,-99.8,-99.8,1.9,273.0,3.9,254.0,-999.1,-99.8,-99.8,-99.8,-99.8,-99.8,-99.8,-99.8
2023-08-23 11:00:00,-9999.1,-99.8,-99.8,2.5,265.0,4.7,262.0,-999.1,-99.8,-99.8,-99.8,-99.8,-99.8,-99.8,-99.8
2023-08-23 12:00:00,-9999.1,-99.8,-99.8,3.0,277.0,6.8,258.0,-999.1,-99.8,-99.8,-99.8,-99.8,-99.8,-99.8,-99.8
2023-08-23 13:00:00,-9999.1,-99.8,-99.8,3.9,291.0,7.4,290.0,-999.1,-99.8,-99.8,-99.8,-99.8,-99.8,-99.8,-99.8
2023-08-23 14:00:00,-9999.1,-99.8,-99.8,3.1,278.0,7.3,288.0,-999.1,-99.8,-99.8,-99.8,-99.8,-99.8,-99.8,-99.8
2023-08-23 15:00:00,-9999.1,-99.8,-99.8,2.4,255.0,5.8,256.0,-999.1,-99.8,-99.8,-99.8,-99.8,-99.8,-99.8,-99.8
2023-08-23 16:00:00,-9999.1,-99.8,-99.8,2.5,272.0,5.7,280.0,-999.1,-99.8,-99.8,-99.8,-99.8,-99.8,-99.8,-99.8
2023-08-23 17:00:00,-9999.1,-99.8,-99.8,1.1,207.0,4.9,250.0,-999.1,-99.8,-99.8,-99.8,-99.8,-99.8,-99.8,-99.8
2023-08-23 18:00:00,-9999.1,-99.8,-99.8,1.4,267.0,3.9,269.0,-999.1,-99.8,-99.8,-99.8,-99.8,-99.8,-99.8,-99.8
2023-08-23 19:00:00,-9999.1,-99.8,-99.8,2.3,171.0,6.4,106.0,-999.1,-99.8,-99.8,-99.8,-99.8,-99.8,-99.8,-99.8
2023-08-23 20:00:00,-9999.1,-99.8,-99.8,2.1,120.0,7.1,126.0,-999.1,-99.8,-99.8,-99.8,-99.8,-99.8,-99.8,-99.8
2023-08-23 21:00:00,-9999.1,-99.8,-99.8,3.0,120.0,5.8,137.0,-999.1,-99.8,-99.8,-99.8,-99.8,-99.8,-99.8,-99.8
2023-08-23 22:00:00,-9999.1,-99.8,-99.8,2.1,108.0,6.5,110.0,-999.1,-99.8,-99.8,-99.8,-99.8,-99.8,-99.8,-99.8
2023-08-23 23:00:00,-9999.1,-99.8,-99.8,0.2,0.0,3.6,124.0,-999.1,-99.8,-99.8,-99.8,-99.8,-99.8,-99.8,-99.8
2023-08-24 00:00:00,-9999.1,-99.8,-99.8,0.7,217.0,3.2,183.0,-999.1,-99.8,-99.8,-99.8,-99.8,-99.8,-99.8,-99.8
2023-08-24 01:00:00,-9999.1,-99.8,-99.8,1.7,316.0,4.4,257.0,-999.1,-99.8,-99.8,-99.8,-99.8,-99.8,-99.8,-99.8
2023-08-24 02:00:00,-9999.1,-99.8,-99.8,1.2,296.0,3.7,306.0,-999.1,-99.8,-99.8,-99.8,-99.8,-99.8,-99.8,-99.8
2023-08-24 03:00:00,-9999.1,-99.8,-99.8,0.9,299.0,1.9,280.0,-999.1,-99.8,-99.8,-99.8,-99.8,-99.8,-99.8,-99.8
2023-08-24 04:00:00,-9999.1,-99.8,-99.8,1.0,102.0,2.0,297.0,-999.1,-99.8,-99.8,-99.8,-99.8,-99.8,-99.8,-99.8
2023-08-24 05:00:00,-9999.1,-99.8,-99.8,2.8,114.0,3.9,109.0,-999.1,-99.8,-99.8,-99.8,-99.8,-99.8,-99.8,-99.8
2023-08-24 06:00:00,-9999.1,-99.8,-99.8,0.8,131.0,3.4,105.0,-999.1,-99.8,-99.8,-99.8,-99.8,-99.8,-99.8,-99.8
2023-08-24 07:00:00,-9999.1,-99.8,-99.8,0.8,135.0,2.1,287.0,-999.1,-99.8,-99.8,-99.8,-99.8,-99.8,-99.8,-99.8
2023-08-24 08:00:00,-9999.1,-99.8,-99.8,1.1,271.0,3.0,125.0,-999.1,-99.8,-99.8,-99.8,-99.8,-99.8,-99.8,-99.8
2023-08-24 09:00:00,-9999.1,-99.8,-99.8,0.8,247.0,2.0,259.0,-999.1,-99.8,-99.8,-99.8,-99.8,-99.8,-99.8,-99.8
2023-08-24 10:00:00,-9999.1,-99.8,-99.8,0.6,257.0,2.6,259.0,-999.1,-99.8,-99.8,-99.8,-99.8,-99.8,-99.8,-99.8
2023-08-24 11:00:00,-9999.1,-99.8,-99.8,0.5,212.0,2.1,251.0,-999.1,-99.8,-99.8,-99.8,-99.8,-99.8,-99.8,-99.8
2023-08-24 12:00:00,-9999.1,-99.8,-99.8,0.7,204.0,4.5,144.0,-999.1,-99.8,-99.8,-99.8,-99.8,-99.8,-99.8,-99.8
2023-08-24 13:00:00,-9999.1,-99.8,-99.8,0.6,194.0,2.4,227.0,-999.1,-99.8,-99.8,-99.8,-99.8,-99.8,-99.8,-99.8
2023-08-24 14:00:00,-9999.1,-99.8,-99.8,0.3,236.0,2.7,137.0,-999.1,-99.8,-99.8,-99.8,-99.8,-99.8,-99.8,-99.8
2023-08-24 15:00:00,-9999.1,-99.8,-99.8,2.1,289.0,3.8,176.0,-999.1,-99.8,-99.8,-99.8,-99.8,-99.8,-99.8,-99.8
2023-08-24 16:00:00,-9999.1,-99.8,-99.8,2.3,68.0,7.9,59.0,-999.1,-99.8,-99.8,-99.8,-99.8,-99.8,-99.8,-99.8
2023-08-24 17:00:00,-9999.1,-99.8,-99.8,1.6,113.0,5.6,60.0,-999.1,-99.8,-99.8,-99.8,-99.8,-99.8,-99.8,-99.8
2023-08-24 18:00:00,-9999.1,-99.8,-99.8,1.0,132.0,4.7,87.0,-999.1,-99.8,-99.8,-99.8,-99.8,-99.8,-99.8,-99.8
2023-08-24 19:00:00,-9999.1,-99.8,-99.8,1.9,88.0,4.1,105.0,-999.1,-99.8,-99.8,-99.8,-99.8,-99.8,-99.8,-99.8
2023-08-24 20:00:00,-9999.1,-99.8,-99.8,4.4,116.0,6.3,102.0,-999.1,-99.8,-99.8,-99.8,-99.8,-99.8,-99.8,-99.8
2023-08-24 21:00:00,-9999.1,-99.8,-99.8,5.8,112.0,8.4,108.0,-999.1,-99.8,-99.8,-99.8,-99.8,-99.8,-99.8,-99.8
2023-08-24 22:00:00,-9999.1,-99.8,-99.8,5.2,112.0,7.1,113.0,-999.1,-99.8,-99.8,-99.8,-99.8,-99.8,-99.8,-99.8
2023-08-24 23:00:00,-9999.1,-99.8,-99.8,6.4,109.0,8.6,106.0,-999.1,-99.8,-99.8,-99.8,-99.8,-99.8,-99.8,-99.8
2023-08-25 00:00:00,-9999.1,-99.8,-99.8,4.0,100.0,8.1,108.0,-999.1,-99.8,-99.8,-99.8,-99.8,-99.8,-99.8,-99.8
2023-08-25 01:00:00,-9999.1,-99.8,-99.8,0.4,126.0,4.1,88.0,-999.1,-99.8,-99.8,-99.8,-99.8,-99.8,-99.8,-99.8
2023-08-25 02:00:00,-9999.1,-99.8,-99.8,0.9,326.0,2.8,290.0,-999.1,-99.8,-99.8,-99.8,-99.8,-99.8,-99.8,-99.8
2023-08-25 03:00:00,-9999.1,-99.8,-99.8,3.1,38.0,4.5,39.0,-999.1,-99.8,-99.8,-99.8,-99.8,-99.8,-99.8,-99.8
2023-08-25 04:00:00,-9999.1,-99.8,-99.8,3.9,17.0,5.1,17.0,-999.1,-99.8,-99.8,-99.8,-99.8,-99.8,-99.8,-99.8
2023-08-25 05:00:00,-9999.1,-99.8,-99.8,3.4,50.0,6.5,26.0,-999.1,-99.8,-99.8,-99.8,-99.8,-99.8,-99.8,-99.8
2023-08-25 06:00:00,-9999.1,-99.8,-99.8,5.1,122.0,7.6,130.0,-999.1,-99.8,-99.8,-99.8,-99.8,-99.8,-99.8,-99.8
2023-08-25 07:00:00,-9999.1,-99.8,-99.8,6.1,141.0,8.5,142.0,-999.1,-99.8,-99.8,-99.8,-99.8,-99.8,-99.8,-99.8
2023-08-25 08:00:00,-9999.1,-99.8,-99.8,5.3,127.0,10.5,127.0,-999.1,-99.8,-99.8,-99.8,-99.8,-99.8,-99.8,-99.8
2023-08-25 09:00:00,-9999.1,-99.8,-99.8,2.7,149.0,7.5,137.0,-999.1,-99.8,-99.8,-99.8,-99.8,-99.8,-99.8,-99.8
2023-08-25 10:00:00,-9999.1,-99.8,-99.8,2.2,161.0,6.2,152.0,-999.1,-99.8,-99.8,-99.8,-99.8,-99.8,-99.8,-99.8
2023-08-25 11:00:00,-9999.1,-99.8,-99.8,1.2,205.0,5.7,132.0,-999.1,-99.8,-99.8,-99.8,-99.8,-99.8,-99.8,-99.8
2023-08-25 12:00:00,-9999.1,-99.8,-99.8,1.1,242.0,5.4,155.0,-999.1,-99.8,-99.8,-99.8,-99.8,-99.8,-99.8,-99.8
2023-08-25 13:00:00,-9999.1,-99.8,-99.8,1.6,221.0,4.4,226.0,-999.1,-99.8,-99.8,-99.8,-99.8,-99.8,-99.8,-99.8
2023-08-25 14:00:00,-9999.1,-99.8,-99.8,1.0,194.0,5.0,195.0,-999.1,-99.8,-99.8,-99.8,-99.8,-99.8,-99.8,-99.8
2023-08-25 15:00:00,-9999.1,-99.8,-99.8,1.3,169.0,4.7,112.0,-999.1,-99.8,-99.8,-99.8,-99.8,-99.8,-99.8,-99.8
2023-08-25 16:00:00,-9999.1,-99.8,-99.8,2.2,143.0,4.9,136.0,-999.1,-99.8,-99.8,-99.8,-99.8,-99.8,-99.8,-99.8
2023-08-25 17:00:00,-9999.1,-99.8,-99.8,1.7,145.0,5.6,136.0,-999.1,-99.8,-99.8,-99.8,-99.8,-99.8,-99.8,-99.8
2023-08-25 18:00:00,-9999.1,-99.8,-99.8,1.1,112.0,6.5,141.0,-999.1,-99.8,-99.8,-99.8,-99.8,-99.8,-99.8,-99.8
2023-08-25 19:00:00,-9999.1,-99.8,-99.8,1.5,149.0,8.2,104.0,-999.1,-99.8,-99.8,-99.8,-99.8,-99.8,-99.8,-99.8
2023-08-25 20:00:00,-9999.1,-99.8,-99.8,2.6,74.0,5.8,99.0,-999.1,-99.8,-99.8,-99.8,-99.8,-99.8,-99.8,-99.8
2023-08-25 21:00:00,-9999.1,-99.8,-99.8,6.3,110.0,8.7,135.0,-999.1,-99.8,-99.8,-99.8,-99.8,-99.8,-99.8,-99.8
2023-08-25 22:00:00,-9999.1,-99.8,-99.8,4.2,124.0,9.3,114.0,-999.1,-99.8,-99.8,-99.8,-99.8,-99.8,-99.8,-99.8
2023-08-25 23:00:00,-9999.1,-99.8,-99.8,4.1,110.0,5.7,117.0,-999.1,-99.8,-99.8,-99.8,-99.8,-99.8,-99.8,-99.8
2023-08-26 00:00:00,-9999.1,-99.8,-99.8,3.2,103.0,5.7,117.0,-999.1,-99.8,-99.8,-99.8,-99.8,-99.8,-99.8,-99.8
2023-08-26 01:00:00,-9999.1,-99.8,-99.8,3.8,109.0,5.8,104.0,-999.1,-99.8,-99.8,-99.8,-99.8,-99.8,-99.8,-99.8
2023-08-26 02:00:00,-9999.1,-99.8,-99.8,0.3,151.0,6.9,103.0,-999.1,-99.8,-99.8,-99.8,-99.8,-99.8,-99.8,-99.8
2023-08-26 03:00:00,-9999.1,-99.8,-99.8,4.5,115.0,6.6,106.0,-999.1,-99.8,-99.8,-99.8,-99.8,-99.8,-99.8,-99.8
2023-08-26 04:00:00,-9999.1,-99.8,-99.8,6.8,115.0,8.6,129.0,-999.1,-99.8,-99.8,-99.8,-99.8,-99.8,-99.8,-99.8
2023-08-26 05:00:00,-9999.1,-99.8,-99.8,6.3,103.0,8.6,110.0,-999.1,-99.8,-99.8,-99.8,-99.8,-99.8,-99.8,-99.8
2023-08-26 06:00:00,-9999.1,-99.8,-99.8,0.5,186.0,6.3,103.0,-999.1,-99.8,-99.8,-99.8,-99.8,-99.8,-99.8,-99.8
2023-08-26 07:00:00,-9999.1,-99.8,-99.8,1.1,136.0,2.5,108.0,-999.1,-99.8,-99.8,-99.8,-99.8,-99.8,-99.8,-99.8
2023-08-26 08:00:00,-9999.1,-99.8,-99.8,1.4,126.0,5.6,124.0,-999.1,-99.8,-99.8,-99.8,-99.8,-99.8,-99.8,-99.8
2023-08-26 09:00:00,-9999.1,-99.8,-99.8,0.8,170.0,3.4,138.0,-999.1,-99.8,-99.8,-99.8,-99.8,-99.8,-99.8,-99.8
2023-08-26 10:00:00,-9999.1,-99.8,-99.8,1.4,172.0,4.1,152.0,-999.1,-99.8,-99.8,-99.8,-99.8,-99.8,-99.8,-99.8
2023-08-26 11:00:00,-9999.1,-99.8,-99.8,0.9,242.0,3.3,155.0,-999.1,-99.8,-99.8,-99.8,-99.8,-99.8,-99.8,-99.8
2023-08-26 12:00:00,-9999.1,-99.8,-99.8,0.7,146.0,3.7,243.0,-999.1,-99.8,-99.8,-99.8,-99.8,-99.8,-99.8,-99.8
2023-08-26 13:00:00,-9999.1,-99.8,-99.8,1.1,124.0,3.6,217.0,-999.1,-99.8,-99.8,-99.8,-99.8,-99.8,-99.8,-99.8
2023-08-26 14:00:00,-9999.1,-99.8,-99.8,2.3,125.0,4.4,113.0,-999.1,-99.8,-99.8,-99.8,-99.8,-99.8,-99.8,-99.8
2023-08-26 15:00:00,-9999.1,-99.8,-99.8,0.9,194.0,5.7,149.0,-999.1,-99.8,-99.8,-99.8,-99.8,-99.8,-99.8,-99.8
2023-08-26 16:00:00,-9999.1,-99.8,-99.8,2.9,124.0,5.1,127.0,-999.1,-99.8,-99.8,-99.8,-99.8,-99.8,-99.8,-99.8
2023-08-26 17:00:00,-9999.1,-99.8,-99.8,1.2,139.0,5.4,131.0,-999.1,-99.8,-99.8,-99.8,-99.8,-99.8,-99.8,-99.8
2023-08-26 18:00:00,-9999.1,-99.8,-99.8,1.6,141.0,4.3,140.0,-999.1,-99.8,-99.8,-99.8,-99.8,-99.8,-99.8,-99.8
2023-08-26 19:00:00,-9999.1,-99.8,-99.8,0.6,157.0,4.3,139.0,-999.1,-99.8,-99.8,-99.8,-99.8,-99.8,-99.8,-99.8
2023-08-26 20:00:00,-9999.1,-99.8,-99.8,4.0,282.0,8.2,288.0,-999.1,-99.8,-99.8,-99.8,-99.8,-99.8,-99.8,-99.8
2023-08-26 21:00:00,-9999.1,-99.8,-99.8,1.5,287.0,7.3,277.0,-999.1,-99.8,-99.8,-99.8,-99.8,-99.8,-99.8,-99.8
2023-08-26 22:00:00,-9999.1,-99.8,-99.8,3.5,99.0,4.6,103.0,-999.1,-99.8,-99.8,-99.8,-99.8,-99.8,-99.8,-99.8
2023-08-26 23:00:00,-9999.1,-99.8,-99.8,1.8,263.0,4.0,97.0,-999.1,-99.8,-99.8,-99.8,-99.8,-99.8,-99.8,-99.8
2023-08-27 00:00:00,-9999.1,-99.8,-99.8,3.0,103.0,3.2,119.0,-999.1,-99.8,-99.8,-99.8,-99.8,-99.8,-99.8,-99.8
2023-08-27 01:00:00,-9999.1,-99.8,-99.8,2.8,111.0,3.6,112.0,-999.1,-99.8,-99.8,-99.8,-99.8,-99.8,-99.8,-99.8
2023-08-27 02:00:00,-9999.1,-99.8,-99.8,3.6,112.0,4.2,107.0,-999.1,-99.8,-99.8,-99.8,-99.8,-99.8,-99.8,-99.8
2023-08-27 03:00:00,-9999.1,-99.8,-99.8,0.4,254.0,3.8,119.0,-999.1,-99.8,-99.8,-99.8,-99.8,-99.8,-99.8,-99.8
2023-08-27 04:00:00,-9999.1,-99.8,-99.8,1.8,290.0,3.3,292.0,-999.1,-99.8,-99.8,-99.8,-99.8,-99.8,-99.8,-99.8
2023-08-27 05:00:00,-9999.1,-99.8,-99.8,1.6,321.0,3.1,299.0,-999.1,-99.8,-99.8,-99.8,-99.8,-99.8,-99.8,-99.8
2023-08-27 06:00:00,-9999.1,-99.8,-99.8,2.7,300.0,3.5,295.0,-999.1,-99.8,-99.8,-99.8,-99.8,-99.8,-99.8,-99.8
2023-08-27 07:00:00,-9999.1,-99.8,-99.8,2.0,292.0,3.8,299.0,-999.1,-99.8,-99.8,-99.8,-99.8,-99.8,-99.8,-99.8
2023-08-27 08:00:00,-9999.1,-99.8,-99.8,2.4,285.0,3.6,288.0,-999.1,-99.8,-99.8,-99.8,-99.8,-99.8,-99.8,-99.8
2023-08-27 09:00:00,-9999.1,-99.8,-99.8,2.4,289.0,4.3,288.0,-999.1,-99.8,-99.8,-99.8,-99.8,-99.8,-99.8,-99.8
2023-08-27 10:00:00,-9999.1,-99.8,-99.8,2.3,279.0,4.2,254.0,-999.1,-99.8,-99.8,-99.8,-99.8,-99.8,-99.8,-99.8
2023-08-27 11:00:00,-9999.1,-99.8,-99.8,2.9,276.0,5.1,289.0,-999.1,-99.8,-99.8,-99.8,-99.8,-99.8,-99.8,-99.8
2023-08-27 12:00:00,-9999.1,-99.8,-99.8,2.9,281.0,6.6,284.0,-999.1,-99.8,-99.8,-99.8,-99.8,-99.8,-99.8,-99.8
2023-08-27 13:00:00,-9999.1,-99.8,-99.8,3.2,271.0,6.2,284.0,-999.1,-99.8,-99.8,-99.8,-99.8,-99.8,-99.8,-99.8
2023-08-27 14:00:00,-9999.1,-99.8,-99.8,2.7,301.0,5.9,290.0,-999.1,-99.8,-99.8,-99.8,-99.8,-99.8,-99.8,-99.8
2023-08-27 15:00:00,-9999.1,-99.8,-99.8,2.9,278.0,6.2,257.0,-999.1,-99.8,-99.8,-99.8,-99.8,-99.8,-99.8,-99.8
2023-08-27 16:00:00,-9999.1,-99.8,-99.8,1.8,276.0,3.7,288.0,-999.1,-99.8,-99.8,-99.8,-99.8,-99.8,-99.8,-99.8
2023-08-27 17:00:00,-9999.1,-99.8,-99.8,1.2,265.0,3.4,295.0,-999.1,-99.8,-99.8,-99.8,-99.8,-99.8,-99.8,-99.8
2023-08-27 18:00:00,-9999.1,-99.8,-99.8,0.7,115.0,4.6,119.0,-999.1,-99.8,-99.8,-99.8,-99.8,-99.8,-99.8,-99.8
2023-08-27 19:00:00,-9999.1,-99.8,-99.8,3.0,117.0,4.8,116.0,-999.1,-99.8,-99.8,-99.8,-99.8,-99.8,-99.8,-99.8
2023-08-27 20:00:00,-9999.1,-99.8,-99.8,3.0,106.0,4.1,99.0,-999.1,-99.8,-99.8,-99.8,-99.8,-99.8,-99.8,-99.8
2023-08-27 21:00:00,-9999.1,-99.8,-99.8,5.0,112.0,6.8,107.0,-999.1,-99.8,-99.8,-99.8,-99.8,-99.8,-99.8,-99.8
2023-08-27 22:00:00,-9999.1,-99.8,-99.8,4.6,100.0,7.0,106.0,-999.1,-99.8,-99.8,-99.8,-99.8,-99.8,-99.8,-99.8
2023-08-27 23:00:00,-9999.1,-99.8,-99.8,5.8,109.0,6.9,107.0,-999.1,-99.8,-99.8,-99.8,-99.8,-99.8,-99.8,-99.8
2023-08-28 00:00:00,-9999.1,-99.8,-99.8,6.6,110.0,8.2,112.0,-999.1,-99.8,-99.8,-99.8,-99.8,-99.8,-99.8,-99.8
2023-08-28 01:00:00,-9999.1,-99.8,-99.8,5.6,109.0,7.7,114.0,-999.1,-99.8,-99.8,-99.8,-99.8,-99.8,-99.8,-99.8
2023-08-28 02:00:00,-9999.1,-99.8,-99.8,5.8,111.0,7.4,113.0,-999.1,-99.8,-99.8,-99.8,-99.8,-99.8,-99.8,-99.8
2023-08-28 03:00:00,-9999.1,-99.8,-99.8,5.1,105.0,7.7,104.0,-999.1,-99.8,-99.8,-99.8,-99.8,-99.8,-99.8,-99.8
2023-08-28 04:00:00,-9999.1,-99.8,-99.8,3.0,116.0,5.9,114.0,-999.1,-99.8,-99.8,-99.8,-99.8,-99.8,-99.8,-99.8
2023-08-28 05:00:00,-9999.1,-99.8,-99.8,3.0,110.0,4.6,115.0,-999.1,-99.8,-99.8,-99.8,-99.8,-99.8,-99.8,-99.8
2023-08-28 06:00:00,-9999.1,-99.8,-99.8,4.2,112.0,6.1,109.0,-999.1,-99.8,-99.8,-99.8,-99.8,-99.8,-99.8,-99.8
2023-08-28 07:00:00,-9999.1,-99.8,-99.8,3.8,120.0,6.4,113.0,-999.1,-99.8,-99.8,-99.8,-99.8,-99.8,-99.8,-99.8
2023-08-28 08:00:00,-9999.1,-99.8,-99.8,2.4,123.0,4.8,120.0,-999.1,-99.8,-99.8,-99.8,-99.8,-99.8,-99.8,-99.8
2023-08-28 09:00:00,-9999.1,-99.8,-99.8,0.4,202.0,4.9,149.0,-999.1,-99.8,-99.8,-99.8,-99.8,-99.8,-99.8,-99.8
2023-08-28 10:00:00,-9999.1,-99.8,-99.8,2.1,275.0,4.5,286.0,-999.1,-99.8,-99.8,-99.8,-99.8,-99.8,-99.8,-99.8
2023-08-28 11:00:00,-9999.1,-99.8,-99.8,2.9,276.0,6.4,276.0,-999.1,-99.8,-99.8,-99.8,-99.8,-99.8,-99.8,-99.8
2023-08-28 12:00:00,-9999.1,-99.8,-99.8,4.1,282.0,7.2,292.0,-999.1,-99.8,-99.8,-99.8,-99.8,-99.8,-99.8,-99.8
2023-08-28 13:00:00,-9999.1,-99.8,-99.8,3.3,274.0,7.5,290.0,-999.1,-99.8,-99.8,-99.8,-99.8,-99.8,-99.8,-99.8
2023-08-28 14:00:00,-9999.1,-99.8,-99.8,3.1,280.0,7.9,289.0,-999.1,-99.8,-99.8,-99.8,-99.8,-99.8,-99.8,-99.8
2023-08-28 15:00:00,-9999.1,-99.8,-99.8,1.2,257.0,5.2,262.0,-999.1,-99.8,-99.8,-99.8,-99.8,-99.8,-99.8,-99.8
2023-08-28 16:00:00,-9999.1,-99.8,-99.8,1.2,270.0,3.5,253.0,-999.1,-99.8,-99.8,-99.8,-99.8,-99.8,-99.8,-99.8
2023-08-28 17:00:00,-9999.1,-99.8,-99.8,1.7,131.0,3.9,145.0,-999.1,-99.8,-99.8,-99.8,-99.8,-99.8,-99.8,-99.8
2023-08-28 18:00:00,-9999.1,-99.8,-99.8,2.4,129.0,5.7,123.0,-999.1,-99.8,-99.8,-99.8,-99.8,-99.8,-99.8,-99.8
2023-08-28 19:00:00,-9999.1,-99.8,-99.8,2.0,79.0,8.3,111.0,-999.1,-99.8,-99.8,-99.8,-99.8,-99.8,-99.8,-99.8
2023-08-28 20:00:00,-9999.1,-99.8,-99.8,6.2,112.0,8.2,105.0,-999.1,-99.8,-99.8,-99.8,-99.8,-99.8,-99.8,-99.8
2023-08-28 21:00:00,-9999.1,-99.8,-99.8,4.7,110.0,8.7,108.0,-999.1,-99.8,-99.8,-99.8,-99.8,-99.8,-99.8,-99.8
2023-08-28 22:00:00,-9999.1,-99.8,-99.8,6.4,115.0,8.5,110.0,-999.1,-99.8,-99.8,-99.8,-99.8,-99.8,-99.8,-99.8
2023-08-28 23:00:00,-9999.1,-99.8,-99.8,3.7,125.0,8.4,115.0,-999.1,-99.8,-99.8,-99.8,-99.8,-99.8,-99.8,-99.8
2023-08-29 00:00:00,-9999.1,-99.8,-99.8,6.4,118.0,8.1,116.0,-999.1,-99.8,-99.8,-99.8,-99.8,-99.8,-99.8,-99.8
2023-08-29 01:00:00,-9999.1,-99.8,-99.8,4.9,112.0,9.1,103.0,-999.1,-99.8,-99.8,-99.8,-99.8,-99.8,-99.8,-99.8
2023-08-29 02:00:00,-9999.1,-99.8,-99.8,3.9,110.0,6.8,113.0,-999.1,-99.8,-99.8,-99.8,-99.8,-99.8,-99.8,-99.8
2023-08-29 03:00:00,-9999.1,-99.8,-99.8,7.0,115.0,9.2,115.0,-999.1,-99.8,-99.8,-99.8,-99.8,-99.8,-99.8,-99.8
2023-08-29 04:00:00,-9999.1,-99.8,-99.8,7.0,109.0,10.3,111.0,-999.1,-99.8,-99.8,-99.8,-99.8,-99.8,-99.8,-99.8
2023-08-29 05:00:00,-9999.1,-99.8,-99.8,5.9,123.0,10.4,115.0,-999.1,-99.8,-99.8,-99.8,-99.8,-99.8,-99.8,-99.8
2023-08-29 06:00:00,-9999.1,-99.8,-99.8,7.1,124.0,10.7,119.0,-999.1,-99.8,-99.8,-99.8,-99.8,-99.8,-99.8,-99.8
2023-08-29 07:00:00,-9999.1,-99.8,-99.8,6.8,129.0,11.8,121.0,-999.1,-99.8,-99.8,-99.8,-99.8,-99.8,-99.8,-99.8
2023-08-29 08:00:00,-9999.1,-99.8,-99.8,5.3,128.0,9.8,128.0,-999.1,-99.8,-99.8,-99.8,-99.8,-99.8,-99.8,-99.8
2023-08-29 09:00:00,-9999.1,-99.8,-99.8,3.8,141.0,8.3,146.0,-999.1,-99.8,-99.8,-99.8,-99.8,-99.8,-99.8,-99.8
2023-08-29 10:00:00,-9999.1,-99.8,-99.8,4.1,144.0,8.5,126.0,-999.1,-99.8,-99.8,-99.8,-99.8,-99.8,-99.8,-99.8
2023-08-29 11:00:00,-9999.1,-99.8,-99.8,5.4,138.0,8.6,149.0,-999.1,-99.8,-99.8,-99.8,-99.8,-99.8,-99.8,-99.8
2023-08-29 12:00:00,-9999.1,-99.8,-99.8,3.6,136.0,8.3,153.0,-999.1,-99.8,-99.8,-99.8,-99.8,-99.8,-99.8,-99.8
2023-08-29 13:00:00,-9999.1,-99.8,-99.8,3.3,148.0,8.2,125.0,-999.1,-99.8,-99.8,-99.8,-99.8,-99.8,-99.8,-99.8
2023-08-29 14:00:00,-9999.1,-99.8,-99.8,3.5,127.0,7.0,149.0,-999.1,-99.8,-99.8,-99.8,-99.8,-99.8,-99.8,-99.8
2023-08-29 15:00:00,-9999.1,-99.8,-99.8,2.0,173.0,9.3,142.0,-999.1,-99.8,-99.8,-99.8,-99.8,-99.8,-99.8,-99.8
2023-08-29 16:00:00,-9999.1,-99.8,-99.8,3.3,142.0,11.1,109.0,-999.1,-99.8,-99.8,-99.8,-99.8,-99.8,-99.8,-99.8
2023-08-29 17:00:00,-9999.1,-99.8,-99.8,5.6,133.0,9.6,133.0,-999.1,-99.8,-99.8,-99.8,-99.8,-99.8,-99.8,-99.8
2023-08-29 18:00:00,-9999.1,-99.8,-99.8,7.5,117.0,12.7,114.0,-999.1,-99.8,-99.8,-99.8,-99.8,-99.8,-99.8,-99.8
2023-08-29 19:00:00,-9999.1,-99.8,-99.8,10.0,116.0,16.7,148.0,-999.1,-99.8,-99.8,-99.8,-99.8,-99.8,-99.8,-99.8
2023-08-29 20:00:00,-9999.1,-99.8,-99.8,9.4,134.0,18.4,133.0,-999.1,-99.8,-99.8,-99.8,-99.8,-99.8,-99.8,-99.8
2023-08-29 21:00:00,-9999.1,-99.8,-99.8,8.6,129.0,19.3,107.0,-999.1,-99.8,-99.8,-99.8,-99.8,-99.8,-99.8,-99.8
2023-08-29 22:00:00,-9999.1,-99.8,-99.8,7.8,133.0,16.2,119.0,-999.1,-99.8,-99.8,-99.8,-99.8,-99.8,-99.8,-99.8
2023-08-29 23:00:00,-9999.1,-99.8,-99.8,9.8,126.0,16.7,129.0,-999.1,-99.8,-99.8,-99.8,-99.8,-99.8,-99.8,-99.8
2023-08-30 00:00:00,-9999.1,-99.8,-99.8,8.1,128.0,16.7,129.0,-999.1,-99.8,-99.8,-99.8,-99.8,-99.8,-99.8,-99.8
2023-08-30 01:00:00,-9999.1,-99.8,-99.8,7.9,130.0,16.4,117.0,-999.1,-99.8,-99.8,-99.8,-99.8,-99.8,-99.8,-99.8
2023-08-30 02:00:00,-9999.1,-99.8,-99.8,7.8,130.0,15.4,142.0,-999.1,-99.8,-99.8,-99.8,-99.8,-99.8,-99.8,-99.8
2023-08-30 03:00:00,-9999.1,-99.8,-99.8,6.2,140.0,15.7,139.0,-999.1,-99.8,-99.8,-99.8,-99.8,-99.8,-99.8,-99.8
2023-08-30 04:00:00,-9999.1,-99.8,-99.8,7.2,131.0,15.7,113.0,-999.1,-99.8,-99.8,-99.8,-99.8,-99.8,-99.8,-99.8
2023-08-30 05:00:00,-9999.1,-99.8,-99.8,6.3,132.0,14.8,144.0,-999.1,-99.8,-99.8,-99.8,-99.8,-99.8,-99.8,-99.8
2023-08-30 06:00:00,-9999.1,-99.8,-99.8,7.1,137.0,16.7,134.0,-999.1,-99.8,-99.8,-99.8,-99.8,-99.8,-99.8,-99.8
2023-08-30 07:00:00,-9999.1,-99.8,-99.8,8.7,133.0,17.7,127.0,-999.1,-99.8,-99.8,-99.8,-99.8,-99.8,-99.8,-99.8
2023-08-30 08:00:00,-9999.1,-99.8,-99.8,8.2,132.0,15.8,143.0,-999.1,-99.8,-99.8,-99.8,-99.8,-99.8,-99.8,-99.8
2023-08-30 09:00:00,-9999.1,-99.8,-99.8,7.6,139.0,18.2,113.0,-999.1,-99.8,-99.8,-99.8,-99.8,-99.8,-99.8,-99.8
2023-08-30 10:00:00,-9999.1,-99.8,-99.8,9.7,133.0,17.8,150.0,-999.1,-99.8,-99.8,-99.8,-99.8,-99.8,-99.8,-99.8
2023-08-30 11:00:00,-9999.1,-99.8,-99.8,9.7,125.0,22.6,142.0,-999.1,-99.8,-99.8,-99.8,-99.8,-99.8,-99.8,-99.8
2023-08-30 12:00:00,-9999.1,-99.8,-99.8,6.5,134.0,16.9,137.0,-999.1,-99.8,-99.8,-99.8,-99.8,-99.8,-99.8,-99.8
2023-08-30 13:00:00,-9999.1,-99.8,-99.8,6.9,130.0,14.4,127.0,-999.1,-99.8,-99.8,-99.8,-99.8,-99.8,-99.8,-99.8
2023-08-30 14:00:00,-9999.1,-99.8,-99.8,7.2,133.0,16.0,111.0,-999.1,-99.8,-99.8,-99.8,-99.8,-99.8,-99.8,-99.8
2023-08-30 15:00:00,-9999.1,-99.8,-99.8,6.5,131.0,13.6,119.0,-999.1,-99.8,-99.8,-99.8,-99.8,-99.8,-99.8,-99.8
2023-08-30 16:00:00,-9999.1,-99.8,-99.8,9.5,119.0,16.7,111.0,-999.1,-99.8,-99.8,-99.8,-99.8,-99.8,-99.8,-99.8
2023-08-30 17:00:00,-9999.1,-99.8,-99.8,10.6,118.0,18.2,124.0,-999.1,-99.8,-99.8,-99.8,-99.8,-99.8,-99.8,-99.8
2023-08-30 18:00:00,-9999.1,-99.8,-99.8,6.7,136.0,14.5,142.0,-999.1,-99.8,-99.8,-99.8,-99.8,-99.8,-99.8,-99.8
2023-08-30 19:00:00,-9999.1,-99.8,-99.8,8.4,130.0,17.8,113.0,-999.1,-99.8,-99.8,-99.8,-99.8,-99.8,-99.8,-99.8
2023-08-30 20:00:00,-9999.1,-99.8,-99.8,11.8,127.0,19.8,123.0,-999.1,-99.8,-99.8,-99.8,-99.8,-99.8,-99.8,-99.8
2023-08-30 21:00:00,-9999.1,-99.8,-99.8,8.2,135.0,21.3,127.0,-999.1,-99.8,-99.8,-99.8,-99.8,-99.8,-99.8,-99.8
2023-08-30 22:00:00,-9999.1,-99.8,-99.8,11.9,134.0,19.4,133.0,-999.1,-99.8,-99.8,-99.8,-99.8,-99.8,-99.8,-99.8
2023-08-30 23:00:00,-9999.1,-99.8,-99.8,9.8,127.0,19.2,129.0,-999.1,-99.8,-99.8,-99.8,-99.8,-99.8,-99.8,-99.8
2023-08-31 00:00:00,-9999.1,-99.8,-99.8,9.1,127.0,19.1,117.0,-999.1,-99.8,-99.8,-99.8,-99.8,-99.8,-99.8,-99.8
2023-08-31 01:00:00,-9999.1,-99.8,-99.8,7.3,135.0,19.4,127.0,-999.1,-99.8,-99.8,-99.8,-99.8,-99.8,-99.8,-99.8
2023-08-31 02:00:00,-9999.1,-99.8,-99.8,8.3,131.0,17.0,132.0,-999.1,-99.8,-99.8,-99.8,-99.8,-99.8,-99.8,-99.8
2023-08-31 03:00:00,-9999.1,-99.8,-99.8,6.3,139.0,13.9,132.0,-999.1,-99.8,-99.8,-99.8,-99.8,-99.8,-99.8,-99.8
2023-08-31 04:00:00,-9999.1,-99.8,-99.8,7.3,130.0,14.0,149.0,-999.1,-99.8,-99.8,-99.8,-99.8,-99.8,-99.8,-99.8
2023-08-31 05:00:00,-9999.1,-99.8,-99.8,7.7,129.0,17.1,136.0,-999.1,-99.8,-99.8,-99.8,-99.8,-99.8,-99.8,-99.8
2023-08-31 06:00:00,-9999.1,-99.8,-99.8,10.0,117.0,15.2,99.0,-999.1,-99.8,-99.8,-99.8,-99.8,-99.8,-99.8,-99.8
2023-08-31 07:00:00,-9999.1,-99.8,-99.8,6.5,141.0,16.7,139.0,-999.1,-99.8,-99.8,-99.8,-99.8,-99.8,-99.8,-99.8
2023-08-31 08:00:00,-9999.1,-99.8,-99.8,7.0,133.0,14.4,138.0,-999.1,-99.8,-99.8,-99.8,-99.8,-99.8,-99.8,-99.8
2023-08-31 09:00:00,-9999.1,-99.8,-99.8,7.6,130.0,14.2,136.0,-999.1,-99.8,-99.8,-99.8,-99.8,-99.8,-99.8,-99.8
2023-08-31 10:00:00,-9999.1,-99.8,-99.8,6.6,123.0,16.7,118.0,-999.1,-99.8,-99.8,-99.8,-99.8,-99.8,-99.8,-99.8
2023-08-31 11:00:00,-9999.1,-99.8,-99.8,6.2,135.0,13.9,108.0,-999.1,-99.8,-99.8,-99.8,-99.8,-99.8,-99.8,-99.8
2023-08-31 12:00:00,-9999.1,-99.8,-99.8,6.8,134.0,13.5,157.0,-999.1,-99.8,-99.8,-99.8,-99.8,-99.8,-99.8,-99.8
2023-08-31 13:00:00,-9999.1,-99.8,-99.8,9.4,121.0,18.2,119.0,-999.1,-99.8,-99.8,-99.8,-99.8,-99.8,-99.8,-99.8
2023-08-31 14:00:00,-9999.1,-99.8,-99.8,7.1,124.0,17.8,134.0,-999.1,-99.8,-99.8,-99.8,-99.8,-99.8,-99.8,-99.8
2023-08-31 15:00:00,-9999.1,-99.8,-99.8,8.7,119.0,13.7,114.0,-999.1,-99.8,-99.8,-99.8,-99.8,-99.8,-99.8,-99.8
2023-08-31 16:00:00,-9999.1,-99.8,-99.8,9.1,123.0,16.3,115.0,-999.1,-99.8,-99.8,-99.8,-99.8,-99.8,-99.8,-99.8
2023-08-31 17:00:00,-9999.1,-99.8,-99.8,6.6,139.0,19.3,142.0,-999.1,-99.8,-99.8,-99.8,-99.8,-99.8,-99.8,-99.8
2023-08-31 18:00:00,-9999.1,-99.8,-99.8,10.3,120.0,19.6,138.0,-999.1,-99.8,-99.8,-99.8,-99.8,-99.8,-99.8,-99.8
2023-08-31 19:00:00,-9999.1,-99.8,-99.8,11.1,125.0,18.1,117.0,-999.1,-99.8,-99.8,-99.8,-99.8,-99.8,-99.8,-99.8
2023-08-31 20:00:00,-9999.1,-99.8,-99.8,7.9,134.0,16.1,118.0,-999.1,-99.8,-99.8,-99.8,-99.8,-99.8,-99.8,-99.8
2023-08-31 21:00:00,-9999.1,-99.8,-99.8,7.7,119.0,13.8,115.0,-999.1,-99.8,-99.8,-99.8,-99.8,-99.8,-99.8,-99.8
2023-08-31 22:00:00,-9999.1,-99.8,-99.8,8.6,114.0,16.0,117.0,-999.1,-99.8,-99.8,-99.8,-99.8,-99.8,-99.8,-99.8
2023-08-31 23:00:00,-9999.1,-99.8,-99.8,8.9,111.0,14.0,122.0,-999.1,-99.8,-99.8,-99.8,-99.8,-99.8,-99.8,-99.8
2023-09-01 00:00:00,-9999.1,-99.8,-99.8,5.9,119.0,12.7,113.0,-999.1,-99.8,-99.8,-99.8,-99.8,-99.8,-99.8,-99.8
2023-09-01 01:00:00,-9999.1,-99.8,-99.8,5.6,119.0,11.5,127.0,-999.1,-99.8,-99.8,-99.8,-99.8,-99.8,-99.8,-99.8
2023-09-01 02:00:00,-9999.1,-99.8,-99.8,7.5,111.0,13.0,105.0,-999.1,-99.8,-99.8,-99.8,-99.8,-99.8,-99.8,-99.8
2023-09-01 03:00:00,-9999.1,-99.8,-99.8,5.4,121.0,13.3,108.0,-999.1,-99.8,-99.8,-99.8,-99.8,-99.8,-99.8,-99.8
2023-09-01 04:00:00,-9999.1,-99.8,-99.8,4.6,128.0,8.8,99.0,-999.1,-99.8,-99.8,-99.8,-99.8,-99.8,-99.8,-99.8
2023-09-01 05:00:00,-9999.1,-99.8,-99.8,6.3,120.0,15.3,110.0,-999.1,-99.8,-99.8,-99.8,-99.8,-99.8,-99.8,-99.8
2023-09-01 06:00:00,-9999.1,-99.8,-99.8,5.7,126.0,11.8,123.0,-999.1,-99.8,-99.8,-99.8,-99.8,-99.8,-99.8,-99.8
2023-09-01 07:00:00,-9999.1,-99.8,-99.8,9.7,121.0,14.7,124.0,-999.1,-99.8,-99.8,-99.8,-99.8,-99.8,-99.8,-99.8
2023-09-01 08:00:00,-9999.1,-99.8,-99.8,8.7,127.0,14.3,121.0,-999.1,-99.8,-99.8,-99.8,-99.8,-99.8,-99.8,-99.8
2023-09-01 09:00:00,-9999.1,-99.8,-99.8,7.3,133.0,13.4,131.0,-999.1,-99.8,-99.8,-99.8,-99.8,-99.8,-99.8,-99.8
2023-09-01 10:00:00,-9999.1,-99.8,-99.8,3.8,141.0,10.3,124.0,-999.1,-99.8,-99.8,-99.8,-99.8,-99.8,-99.8,-99.8
2023-09-01 11:00:00,-9999.1,-99.8,-99.8,3.3,144.0,8.7,119.0,-999.1,-99.8,-99.8,-99.8,-99.8,-99.8,-99.8,-99.8
2023-09-01 12:00:00,-9999.1,-99.8,-99.8,1.8,147.0,7.3,151.0,-999.1,-99.8,-99.8,-99.8,-99.8,-99.8,-99.8,-99.8
2023-09-01 13:00:00,-9999.1,-99.8,-99.8,3.9,109.0,6.6,102.0,-999.1,-99.8,-99.8,-99.8,-99.8,-99.8,-99.8,-99.8
2023-09-01 14:00:00,-9999.1,-99.8,-99.8,3.7,125.0,7.3,134.0,-999.1,-99.8,-99.8,-99.8,-99.8,-99.8,-99.8,-99.8
2023-09-01 15:00:00,-9999.1,-99.8,-99.8,2.0,156.0,6.3,150.0,-999.1,-99.8,-99.8,-99.8,-99.8,-99.8,-99.8,-99.8
2023-09-01 16:00:00,-9999.1,-99.8,-99.8,1.3,170.0,5.6,147.0,-999.1,-99.8,-99.8,-99.8,-99.8,-99.8,-99.8,-99.8
2023-09-01 17:00:00,-9999.1,-99.8,-99.8,2.3,113.0,3.9,140.0,-999.1,-99.8,-99.8,-99.8,-99.8,-99.8,-99.8,-99.8
2023-09-01 18:00:00,-9999.1,-99.8,-99.8,2.4,116.0,5.0,146.0,-999.1,-99.8,-99.8,-99.8,-99.8,-99.8,-99.8,-99.8
2023-09-01 19:00:00,-9999.1,-99.8,-99.8,0.7,188.0,7.2,123.0,-999.1,-99.8,-99.8,-99.8,-99.8,-99.8,-99.8,-99.8
2023-09-01 20:00:00,-9999.1,-99.8,-99.8,4.4,151.0,9.4,144.0,-999.1,-99.8,-99.8,-99.8,-99.8,-99.8,-99.8,-99.8
2023-09-01 21:00:00,-9999.1,-99.8,-99.8,6.6,136.0,12.0,131.0,-999.1,-99.8,-99.8,-99.8,-99.8,-99.8,-99.8,-99.8
2023-09-01 22:00:00,-9999.1,-99.8,-99.8,5.8,123.0,11.9,124.0,-999.1,-99.8,-99.8,-99.8,-99.8,-99.8,-99.8,-99.8
2023-09-01 23:00:00,-9999.1,-99.8,-99.8,5.0,133.0,13.5,132.0,-999.1,-99.8,-99.8,-99.8,-99.8,-99.8,-99.8,-99.8
2023-09-02 00:00:00,-9999.1,-99.8,-99.8,8.1,135.0,15.6,119.0,-999.1,-99.8,-99.8,-99.8,-99.8,-99.8,-99.8,-99.8
2023-09-02 01:00:00,-9999.1,-99.8,-99.8,8.6,135.0,15.4,146.0,-999.1,-99.8,-99.8,-99.8,-99.8,-99.8,-99.8,-99.8
2023-09-02 02:00:00,-9999.1,-99.8,-99.8,5.0,155.0,13.8,106.0,-999.1,-99.8,-99.8,-99.8,-99.8,-99.8,-99.8,-99.8
2023-09-02 03:00:00,-9999.1,-99.8,-99.8,6.0,140.0,14.2,112.0,-999.1,-99.8,-99.8,-99.8,-99.8,-99.8,-99.8,-99.8
2023-09-02 04:00:00,-9999.1,-99.8,-99.8,7.1,143.0,13.2,125.0,-999.1,-99.8,-99.8,-99.8,-99.8,-99.8,-99.8,-99.8
2023-09-02 05:00:00,-9999.1,-99.8,-99.8,7.3,134.0,13.4,137.0,-999.1,-99.8,-99.8,-99.8,-99.8,-99.8,-99.8,-99.8
2023-09-02 06:00:00,-9999.1,-99.8,-99.8,4.5,129.0,14.3,121.0,-999.1,-99.8,-99.8,-99.8,-99.8,-99.8,-99.8,-99.8
2023-09-02 07:00:00,-9999.1,-99.8,-99.8,5.4,140.0,10.3,140.0,-999.1,-99.8,-99.8,-99.8,-99.8,-99.8,-99.8,-99.8
2023-09-02 08:00:00,-9999.1,-99.8,-99.8,7.7,127.0,15.1,117.0,-999.1,-99.8,-99.8,-99.8,-99.8,-99.8,-99.8,-99.8
2023-09-02 09:00:00,-9999.1,-99.8,-99.8,8.3,140.0,18.1,113.0,-999.1,-99.8,-99.8,-99.8,-99.8,-99.8,-99.8,-99.8
2023-09-02 10:00:00,-9999.1,-99.8,-99.8,9.1,127.0,17.2,140.0,-999.1,-99.8,-99.8,-99.8,-99.8,-99.8,-99.8,-99.8
2023-09-02 11:00:00,-9999.1,-99.8,-99.8,8.9,122.0,17.4,134.0,-999.1,-99.8,-99.8,-99.8,-99.8,-99.8,-99.8,-99.8
2023-09-02 12:00:00,-9999.1,-99.8,-99.8,7.7,130.0,17.8,87.0,-999.1,-99.8,-99.8,-99.8,-99.8,-99.8,-99.8,-99.8
2023-09-02 13:00:00,-9999.1,-99.8,-99.8,4.1,135.0,13.7,142.0,-999.1,-99.8,-99.8,-99.8,-99.8,-99.8,-99.8,-99.8
2023-09-02 14:00:00,-9999.1,-99.8,-99.8,4.3,133.0,13.4,126.0,-999.1,-99.8,-99.8,-99.8,-99.8,-99.8,-99.8,-99.8
2023-09-02 15:00:00,-9999.1,-99.8,-99.8,5.4,127.0,13.9,140.0,-999.1,-99.8,-99.8,-99.8,-99.8,-99.8,-99.8,-99.8
2023-09-02 16:00:00,-9999.1,-99.8,-99.8,5.4,114.0,13.7,127.0,-999.1,-99.8,-99.8,-99.8,-99.8,-99.8,-99.8,-99.8
2023-09-02 17:00:00,-9999.1,-99.8,-99.8,5.4,125.0,17.3,113.0,-999.1,-99.8,-99.8,-99.8,-99.8,-99.8,-99.8,-99.8
2023-09-02 18:00:00,-9999.1,-99.8,-99.8,8.7,118.0,16.6,112.0,-999.1,-99.8,-99.8,-99.8,-99.8,-99.8,-99.8,-99.8
2023-09-02 19:00:00,-9999.1,-99.8,-99.8,9.5,122.0,20.2,146.0,-999.1,-99.8,-99.8,-99.8,-99.8,-99.8,-99.8,-99.8
2023-09-02 20:00:00,-9999.1,-99.8,-99.8,12.0,122.0,22.2,114.0,-999.1,-99.8,-99.8,-99.8,-99.8,-99.8,-99.8,-99.8
2023-09-02 21:00:00,-9999.1,-99.8,-99.8,7.5,128.0,24.0,101.0,-999.1,-99.8,-99.8,-99.8,-99.8,-99.8,-99.8,-99.8
2023-09-02 22:00:00,-9999.1,-99.8,-99.8,3.8,146.0,19.7,138.0,-999.1,-99.8,-99.8,-99.8,-99.8,-99.8,-99.8,-99.8
2023-09-02 23:00:00,-9999.1,-99.8,-99.8,5.8,96.0,22.2,133.0,-999.1,-99.8,-99.8,-99.8,-99.8,-99.8,-99.8,-99.8
2023-09-03 00:00:00,-9999.1,-99.8,-99.8,6.3,142.0,17.6,139.0,-999.1,-99.8,-99.8,-99.8,-99.8,-99.8,-99.8,-99.8
2023-09-03 01:00:00,-9999.1,-99.8,-99.8,3.7,122.0,16.8,141.0,-999.1,-99.8,-99.8,-99.8,-99.8,-99.8,-99.8,-99.8
2023-09-03 02:00:00,-9999.1,-99.8,-99.8,5.5,129.0,18.3,131.0,-999.1,-99.8,-99.8,-99.8,-99.8,-99.8,-99.8,-99.8
2023-09-03 03:00:00,-9999.1,-99.8,-99.8,4.9,129.0,15.3,117.0,-999.1,-99.8,-99.8,-99.8,-99.8,-99.8,-99.8,-99.8
2023-09-03 04:00:00,-9999.1,-99.8,-99.8,4.5,126.0,15.3,144.0,-999.1,-99.8,-99.8,-99.8,-99.8,-99.8,-99.8,-99.8
2023-09-03 05:00:00,-9999.1,-99.8,-99.8,4.5,131.0,19.3,102.0,-999.1,-99.8,-99.8,-99.8,-99.8,-99.8,-99.8,-99.8
2023-09-03 06:00:00,-9999.1,-99.8,-99.8,7.0,112.0,15.6,137.0,-999.1,-99.8,-99.8,-99.8,-99.8,-99.8,-99.8,-99.8
2023-09-03 07:00:00,-9999.1,-99.8,-99.8,8.2,110.0,21.3,126.0,-999.1,-99.8,-99.8,-99.8,-99.8,-99.8,-99.8,-99.8
2023-09-03 08:00:00,-9999.1,-99.8,-99.8,8.7,118.0,25.0,112.0,-999.1,-99.8,-99.8,-99.8,-99.8,-99.8,-99.8,-99.8
2023-09-03 09:00:00,-9999.1,-99.8,-99.8,11.4,113.0,22.6,94.0,-999.1,-99.8,-99.8,-99.8,-99.8,-99.8,-99.8,-99.8
2023-09-03 10:00:00,-9999.1,-99.8,-99.8,5.3,118.0,27.8,120.0,-999.1,-99.8,-99.8,-99.8,-99.8,-99.8,-99.8,-99.8
2023-09-03 11:00:00,-9999.1,-99.8,-99.8,5.5,118.0,28.3,109.0,-999.1,-99.8,-99.8,-99.8,-99.8,-99.8,-99.8,-99.8
2023-09-03 12:00:00,-9999.1,-99.8,-99.8,12.2,112.0,26.9,110.0,-999.1,-99.8,-99.8,-99.8,-99.8,-99.8,-99.8,-99.8
2023-09-03 13:00:00,-9999.1,-99.8,-99.8,9.6,114.0,31.9,118.0,-999.1,-99.8,-99.8,-99.8,-99.8,-99.8,-99.8,-99.8
2023-09-03 14:00:00,-9999.1,-99.8,-99.8,10.0,130.0,21.5,130.0,-999.1,-99.8,-99.8,-99.8,-99.8,-99.8,-99.8,-99.8
2023-09-03 15:00:00,-9999.1,-99.8,-99.8,10.5,136.0,21.8,118.0,-999.1,-99.8,-99.8,-99.8,-99.8,-99.8,-99.8,-99.8
2023-09-03 16:00:00,-9999.1,-99.8,-99.8,10.6,135.0,27.7,133.0,-999.1,-99.8,-99.8,-99.8,-99.8,-99.8,-99.8,-99.8
2023-09-03 17:00:00,-9999.1,-99.8,-99.8,14.1,123.0,24.2,138.0,-999.1,-99.8,-99.8,-99.8,-99.8,-99.8,-99.8,-99.8
2023-09-03 18:00:00,-9999.1,-99.8,-99.8,10.7,130.0,21.9,128.0,-999.1,-99.8,-99.8,-99.8,-99.8,-99.8,-99.8,-99.8
2023-09-03 19:00:00,-9999.1,-99.8,-99.8,15.7,129.0,27.0,136.0,-999.1,-99.8,-99.8,-99.8,-99.8,-99.8,-99.8,-99.8
2023-09-03 20:00:00,-9999.1,-99.8,-99.8,12.9,129.0,30.9,126.0,-999.1,-99.8,-99.8,-99.8,-99.8,-99.8,-99.8,-99.8
2023-09-03 21:00:00,-9999.1,-99.8,-99.8,10.1,127.0,27.5,137.0,-999.1,-99.8,-99.8,-99.8,-99.8,-99.8,-99.8,-99.8
2023-09-03 22:00:00,-9999.1,-99.8,-99.8,14.2,111.0,25.3,139.0,-999.1,-99.8,-99.8,-99.8,-99.8,-99.8,-99.8,-99.8
2023-09-03 23:00:00,-9999.1,-99.8,-99.8,14.8,116.0,27.1,128.0,-999.1,-99.8,-99.8,-99.8,-99.8,-99.8,-99.8,-99.8
2023-09-04 00:00:00,-9999.1,-99.8,-99.8,17.9,122.0,31.8,113.0,-999.1,-99.8,-99.8,-99.8,-99.8,-99.8,-99.8,-99.8
2023-09-04 01:00:00,-9999.1,-99.8,-99.8,9.6,135.0,28.3,110.0,-999.1,-99.8,-99.8,-99.8,-99.8,-99.8,-99.8,-99.8
2023-09-04 02:00:00,-9999.1,-99.8,-99.8,8.5,139.0,20.3,137.0,-999.1,-99.8,-99.8,-99.8,-99.8,-99.8,-99.8,-99.8
2023-09-04 03:00:00,-9999.1,-99.8,-99.8,9.7,126.0,16.5,135.0,-999.1,-99.8,-99.8,-99.8,-99.8,-99.8,-99.8,-99.8
2023-09-04 04:00:00,-9999.1,-99.8,-99.8,7.3,140.0,19.5,135.0,-999.1,-99.8,-99.8,-99.8,-99.8,-99.8,-99.8,-99.8
2023-09-04 05:00:00,-9999.1,-99.8,-99.8,12.8,124.0,19.0,103.0,-999.1,-99.8,-99.8,-99.8,-99.8,-99.8,-99.8,-99.8
2023-09-04 06:00:00,-9999.1,-99.8,-99.8,10.5,130.0,19.6,115.0,-999.1,-99.8,-99.8,-99.8,-99.8,-99.8,-99.8,-99.8
2023-09-04 07:00:00,-9999.1,-99.8,-99.8,10.8,120.0,23.4,142.0,-999.1,-99.8,-99.8,-99.8,-99.8,-99.8,-99.8,-99.8
2023-09-04 08:00:00,-9999.1,-99.8,-99.8,9.5,134.0,25.2,135.0,-999.1,-99.8,-99.8,-99.8,-99.8,-99.8,-99.8,-99.8
2023-09-04 09:00:00,-9999.1,-99.8,-99.8,10.1,132.0,19.7,119.0,-999.1,-99.8,-99.8,-99.8,-99.8,-99.8,-99.8,-99.8
2023-09-04 10:00:00,-9999.1,-99.8,-99.8,9.8,133.0,21.3,135.0,-999.1,-99.8,-99.8,-99.8,-99.8,-99.8,-99.8,-99.8
2023-09-04 11:00:00,-9999.1,-99.8,-99.8,8.6,139.0,21.0,99.0,-999.1,-99.8,-99.8,-99.8,-99.8,-99.8,-99.8,-99.8
2023-09-04 12:00:00,-9999.1,-99.8,-99.8,8.0,142.0,23.8,118.0,-999.1,-99.8,-99.8,-99.8,-99.8,-99.8,-99.8,-99.8
2023-09-04 13:00:00,-9999.1,-99.8,-99.8,10.2,138.0,20.9,106.0,-999.1,-99.8,-99.8,-99.8,-99.8,-99.8,-99.8,-99.8
2023-09-04 14:00:00,-9999.1,-99.8,-99.8,9.8,136.0,20.3,113.0,-999.1,-99.8,-99.8,-99.8,-99.8,-99.8,-99.8,-99.8
2023-09-04 15:00:00,-9999.1,-99.8,-99.8,8.6,138.0,19.4,137.0,-999.1,-99.8,-99.8,-99.8,-99.8,-99.8,-99.8,-99.8
2023-09-04 16:00:00,-9999.1,-99.8,-99.8,9.5,131.0,18.2,118.0,-999.1,-99.8,-99.8,-99.8,-99.8,-99.8,-99.8,-99.8
2023-09-04 17:00:00,-9999.1,-99.8,-99.8,6.5,139.0,15.8,136.0,-999.1,-99.8,-99.8,-99.8,-99.8,-99.8,-99.8,-99.8
2023-09-04 18:00:00,-9999.1,-99.8,-99.8,9.3,140.0,19.9,136.0,-999.1,-99.8,-99.8,-99.8,-99.8,-99.8,-99.8,-99.8
2023-09-04 19:00:00,-9999.1,-99.8,-99.8,7.4,138.0,14.1,132.0,-999.1,-99.8,-99.8,-99.8,-99.8,-99.8,-99.8,-99.8
2023-09-04 20:00:00,-9999.1,-99.8,-99.8,6.8,132.0,14.5,115.0,-999.1,-99.8,-99.8,-99.8,-99.8,-99.8,-99.8,-99.8
2023-09-04 21:00:00,-9999.1,-99.8,-99.8,4.5,141.0,16.1,145.0,-999.1,-99.8,-99.8,-99.8,-99.8,-99.8,-99.8,-99.8
2023-09-04 22:00:00,-9999.1,-99.8,-99.8,6.6,140.0,14.5,116.0,-999.1,-99.8,-99.8,-99.8,-99.8,-99.8,-99.8,-99.8
2023-09-04 23:00:00,-9999.1,-99.8,-99.8,5.7,142.0,12.9,151.0,-999.1,-99.8,-99.8,-99.8,-99.8,-99.8,-99.8,-99.8
2023-09-05 00:00:00,-9999.1,-99.8,-99.8,6.2,135.0,13.1,143.0,-999.1,-99.8,-99.8,-99.8,-99.8,-99.8,-99.8,-99.8
2023-09-05 01:00:00,-9999.1,-99.8,-99.8,7.8,133.0,11.8,141.0,-999.1,-99.8,-99.8,-99.8,-99.8,-99.8,-99.8,-99.8
2023-09-05 02:00:00,-9999.1,-99.8,-99.8,8.2,126.0,13.2,111.0,-999.1,-99.8,-99.8,-99.8,-99.8,-99.8,-99.8,-99.8
2023-09-05 03:00:00,-9999.1,-99.8,-99.8,7.5,128.0,13.6,136.0,-999.1,-99.8,-99.8,-99.8,-99.8,-99.8,-99.8,-99.8
2023-09-05 04:00:00,-9999.1,-99.8,-99.8,7.3,135.0,12.0,145.0,-999.1,-99.8,-99.8,-99.8,-99.8,-99.8,-99.8,-99.8
2023-09-05 05:00:00,-9999.1,-99.8,-99.8,5.4,127.0,11.4,103.0,-999.1,-99.8,-99.8,-99.8,-99.8,-99.8,-99.8,-99.8
2023-09-05 06:00:00,-9999.1,-99.8,-99.8,5.0,136.0,8.9,150.0,-999.1,-99.8,-99.8,-99.8,-99.8,-99.8,-99.8,-99.8
2023-09-05 07:00:00,-9999.1,-99.8,-99.8,6.6,129.0,11.9,127.0,-999.1,-99.8,-99.8,-99.8,-99.8,-99.8,-99.8,-99.8
2023-09-05 08:00:00,-9999.1,-99.8,-99.8,4.6,138.0,10.4,146.0,-999.1,-99.8,-99.8,-99.8,-99.8,-99.8,-99.8,-99.8
2023-09-05 09:00:00,-9999.1,-99.8,-99.8,1.7,134.0,9.6,143.0,-999.1,-99.8,-99.8,-99.8,-99.8,-99.8,-99.8,-99.8
2023-09-05 10:00:00,-9999.1,-99.8,-99.8,2.3,117.0,6.0,88.0,-999.1,-99.8,-99.8,-99.8,-99.8,-99.8,-99.8,-99.8
2023-09-05 11:00:00,-9999.1,-99.8,-99.8,1.1,258.0,4.6,117.0,-999.1,-99.8,-99.8,-99.8,-99.8,-99.8,-99.8,-99.8
2023-09-05 12:00:00,-9999.1,-99.8,-99.8,1.6,299.0,3.3,301.0,-999.1,-99.8,-99.8,-99.8,-99.8,-99.8,-99.8,-99.8
2023-09-05 13:00:00,-9999.1,-99.8,-99.8,1.9,129.0,6.1,100.0,-999.1,-99.8,-99.8,-99.8,-99.8,-99.8,-99.8,-99.8
2023-09-05 14:00:00,-9999.1,-99.8,-99.8,3.9,116.0,6.5,131.0,-999.1,-99.8,-99.8,-99.8,-99.8,-99.8,-99.8,-99.8
2023-09-05 15:00:00,-9999.1,-99.8,-99.8,3.9,128.0,7.1,131.0,-999.1,-99.8,-99.8,-99.8,-99.8,-99.8,-99.8,-99.8
2023-09-05 16:00:00,-9999.1,-99.8,-99.8,5.3,113.0,8.7,121.0,-999.1,-99.8,-99.8,-99.8,-99.8,-99.8,-99.8,-99.8
2023-09-05 17:00:00,-9999.1,-99.8,-99.8,4.2,119.0,8.9,109.0,-999.1,-99.8,-99.8,-99.8,-99.8,-99.8,-99.8,-99.8
2023-09-05 18:00:00,-9999.1,-99.8,-99.8,2.9,130.0,7.7,136.0,-999.1,-99.8,-99.8,-99.8,-99.8,-99.8,-99.8,-99.8
2023-09-05 19:00:00,-9999.1,-99.8,-99.8,3.7,134.0,8.0,150.0,-999.1,-99.8,-99.8,-99.8,-99.8,-99.8,-99.8,-99.8
2023-09-05 20:00:00,-9999.1,-99.8,-99.8,3.9,125.0,7.3,110.0,-999.1,-99.8,-99.8,-99.8,-99.8,-99.8,-99.8,-99.8
2023-09-05 21:00:00,-9999.1,-99.8,-99.8,2.1,121.0,8.6,108.0,-999.1,-99.8,-99.8,-99.8,-99.8,-99.8,-99.8,-99.8
2023-09-05 22:00:00,-9999.1,-99.8,-99.8,2.7,110.0,6.1,113.0,-999.1,-99.8,-99.8,-99.8,-99.8,-99.8,-99.8,-99.8
2023-09-05 23:00:00,-9999.1,-99.8,-99.8,5.3,122.0,8.3,127.0,-999.1,-99.8,-99.8,-99.8,-99.8,-99.8,-99.8,-99.8
2023-09-06 00:00:00,-9999.1,-99.8,-99.8,6.0,108.0,11.0,113.0,-999.1,-99.8,-99.8,-99.8,-99.8,-99.8,-99.8,-99.8
2023-09-06 01:00:00,-9999.1,-99.8,-99.8,5.8,121.0,9.0,111.0,-999.1,-99.8,-99.8,-99.8,-99.8,-99.8,-99.8,-99.8
2023-09-06 02:00:00,-9999.1,-99.8,-99.8,5.0,85.0,9.1,87.0,-999.1,-99.8,-99.8,-99.8,-99.8,-99.8,-99.8,-99.8
2023-09-06 03:00:00,-9999.1,-99.8,-99.8,5.0,125.0,7.2,87.0,-999.1,-99.8,-99.8,-99.8,-99.8,-99.8,-99.8,-99.8
2023-09-06 04:00:00,-9999.1,-99.8,-99.8,4.5,118.0,6.0,111.0,-999.1,-99.8,-99.8,-99.8,-99.8,-99.8,-99.8,-99.8
2023-09-06 05:00:00,-9999.1,-99.8,-99.8,4.9,106.0,7.6,82.0,-999.1,-99.8,-99.8,-99.8,-99.8,-99.8,-99.8,-99.8
2023-09-06 06:00:00,-9999.1,-99.8,-99.8,3.5,117.0,6.2,99.0,-999.1,-99.8,-99.8,-99.8,-99.8,-99.8,-99.8,-99.8
2023-09-06 07:00:00,-9999.1,-99.8,-99.8,3.7,111.0,6.0,152.0,-999.1,-99.8,-99.8,-99.8,-99.8,-99.8,-99.8,-99.8
2023-09-06 08:00:00,-9999.1,-99.8,-99.8,2.9,118.0,6.9,150.0,-999.1,-99.8,-99.8,-99.8,-99.8,-99.8,-99.8,-99.8
2023-09-06 09:00:00,-9999.1,-99.8,-99.8,2.4,125.0,8.3,122.0,-999.1,-99.8,-99.8,-99.8,-99.8,-99.8,-99.8,-99.8
2023-09-06 10:00:00,-9999.1,-99.8,-99.8,2.1,129.0,5.6,103.0,-999.1,-99.8,-99.8,-99.8,-99.8,-99.8,-99.8,-99.8
2023-09-06 11:00:00,-9999.1,-99.8,-99.8,0.7,140.0,4.0,108.0,-999.1,-99.8,-99.8,-99.8,-99.8,-99.8,-99.8,-99.8
2023-09-06 12:00:00,-9999.1,-99.8,-99.8,1.1,173.0,4.1,129.0,-999.1,-99.8,-99.8,-99.8,-99.8,-99.8,-99.8,-99.8
2023-09-06 13:00:00,-9999.1,-99.8,-99.8,0.8,224.0,4.0,165.0,-999.1,-99.8,-99.8,-99.8,-99.8,-99.8,-99.8,-99.8
2023-09-06 14:00:00,-9999.1,-99.8,-99.8,0.7,230.0,2.7,233.0,-999.1,-99.8,-99.8,-99.8,-99.8,-99.8,-99.8,-99.8
2023-09-06 15:00:00,-9999.1,-99.8,-99.8,0.7,134.0,2.5,140.0,-999.1,-99.8,-99.8,-99.8,-99.8,-99.8,-99.8,-99.8
2023-09-06 16:00:00,-9999.1,-99.8,-99.8,0.8,157.0,3.2,129.0,-999.1,-99.8,-99.8,-99.8,-99.8,-99.8,-99.8,-99.8
2023-09-06 17:00:00,-9999.1,-99.8,-99.8,0.7,148.0,2.8,153.0,-999.1,-99.8,-99.8,-99.8,-99.8,-99.8,-99.8,-99.8
2023-09-06 18:00:00,-9999.1,-99.8,-99.8,1.5,117.0,4.5,134.0,-999.1,-99.8,-99.8,-99.8,-99.8,-99.8,-99.8,-99.8
2023-09-06 19:00:00,-9999.1,-99.8,-99.8,1.7,131.0,5.6,109.0,-999.1,-99.8,-99.8,-99.8,-99.8,-99.8,-99.8,-99.8
2023-09-06 20:00:00,-9999.1,-99.8,-99.8,3.6,121.0,6.5,141.0,-999.1,-99.8,-99.8,-99.8,-99.8,-99.8,-99.8,-99.8
2023-09-06 21:00:00,-9999.1,-99.8,-99.8,2.9,108.0,6.5,123.0,-999.1,-99.8,-99.8,-99.8,-99.8,-99.8,-99.8,-99.8
2023-09-06 22:00:00,-9999.1,-99.8,-99.8,3.0,112.0,6.0,134.0,-999.1,-99.8,-99.8,-99.8,-99.8,-99.8,-99.8,-99.8
2023-09-06 23:00:00,-9999.1,-99.8,-99.8,3.5,117.0,6.7,119.0,-999.1,-99.8,-99.8,-99.8,-99.8,-99.8,-99.8,-99.8
2023-09-07 00:00:00,-9999.1,-99.8,-99.8,5.3,116.0,6.9,113.0,-999.1,-99.8,-99.8,-99.8,-99.8,-99.8,-99.8,-99.8
2023-09-07 01:00:00,-9999.1,-99.8,-99.8,5.0,120.0,8.6,115.0,-999.1,-99.8,-99.8,-99.8,-99.8,-99.8,-99.8,-99.8
2023-09-07 02:00:00,-9999.1,-99.8,-99.8,6.4,116.0,8.3,107.0,-999.1,-99.8,-99.8,-99.8,-99.8,-99.8,-99.8,-99.8
2023-09-07 03:00:00,-9999.1,-99.8,-99.8,4.3,116.0,7.3,116.0,-999.1,-99.8,-99.8,-99.8,-99.8,-99.8,-99.8,-99.8
2023-09-07 04:00:00,-9999.1,-99.8,-99.8,3.3,117.0,5.4,119.0,-999.1,-99.8,-99.8,-99.8,-99.8,-99.8,-99.8,-99.8
2023-09-07 05:00:00,-9999.1,-99.8,-99.8,3.7,118.0,6.0,111.0,-999.1,-99.8,-99.8,-99.8,-99.8,-99.8,-99.8,-99.8
2023-09-07 06:00:00,-9999.1,-99.8,-99.8,5.3,115.0,7.1,111.0,-999.1,-99.8,-99.8,-99.8,-99.8,-99.8,-99.8,-99.8
2023-09-07 07:00:00,-9999.1,-99.8,-99.8,5.7,111.0,7.8,116.0,-999.1,-99.8,-99.8,-99.8,-99.8,-99.8,-99.8,-99.8
2023-09-07 08:00:00,-9999.1,-99.8,-99.8,4.1,110.0,7.4,109.0,-999.1,-99.8,-99.8,-99.8,-99.8,-99.8,-99.8,-99.8
2023-09-07 09:00:00,-9999.1,-99.8,-99.8,3.2,128.0,7.0,118.0,-999.1,-99.8,-99.8,-99.8,-99.8,-99.8,-99.8,-99.8
2023-09-07 10:00:00,-9999.1,-99.8,-99.8,2.6,126.0,4.3,112.0,-999.1,-99.8,-99.8,-99.8,-99.8,-99.8,-99.8,-99.8
2023-09-07 11:00:00,-9999.1,-99.8,-99.8,0.8,147.0,4.7,144.0,-999.1,-99.8,-99.8,-99.8,-99.8,-99.8,-99.8,-99.8
2023-09-07 12:00:00,-9999.1,-99.8,-99.8,0.6,155.0,2.9,115.0,-999.1,-99.8,-99.8,-99.8,-99.8,-99.8,-99.8,-99.8
2023-09-07 13:00:00,-9999.1,-99.8,-99.8,0.9,145.0,4.2,87.0,-999.1,-99.8,-99.8,-99.8,-99.8,-99.8,-99.8,-99.8
2023-09-07 14:00:00,-9999.1,-99.8,-99.8,1.0,134.0,4.6,93.0,-999.1,-99.8,-99.8,-99.8,-99.8,-99.8,-99.8,-99.8
2023-09-07 15:00:00,-9999.1,-99.8,-99.8,1.3,290.0,3.8,67.0,-999.1,-99.8,-99.8,-99.8,-99.8,-99.8,-99.8,-99.8
2023-09-07 16:00:00,-9999.1,-99.8,-99.8,1.6,139.0,4.7,112.0,-999.1,-99.8,-99.8,-99.8,-99.8,-99.8,-99.8,-99.8
2023-09-07 17:00:00,-9999.1,-99.8,-99.8,2.7,136.0,5.7,147.0,-999.1,-99.8,-99.8,-99.8,-99.8,-99.8,-99.8,-99.8
2023-09-07 18:00:00,-9999.1,-99.8,-99.8,0.0,0.0,6.9,111.0,-999.1,-99.8,-99.8,-99.8,-99.8,-99.8,-99.8,-99.8
2023-09-07 19:00:00,-9999.1,-99.8,-99.8,4.1,112.0,5.4,109.0,-999.1,-99.8,-99.8,-99.8,-99.8,-99.8,-99.8,-99.8
2023-09-07 20:00:00,-9999.1,-99.8,-99.8,6.4,126.0,8.5,116.0,-999.1,-99.8,-99.8,-99.8,-99.8,-99.8,-99.8,-99.8
2023-09-07 21:00:00,-9999.1,-99.8,-99.8,5.1,126.0,9.4,118.0,-999.1,-99.8,-99.8,-99.8,-99.8,-99.8,-99.8,-99.8
2023-09-07 22:00:00,-9999.1,-99.8,-99.8,6.4,128.0,9.8,130.0,-999.1,-99.8,-99.8,-99.8,-99.8,-99.8,-99.8,-99.8
2023-09-07 23:00:00,-9999.1,-99.8,-99.8,6.0,129.0,9.3,108.0,-999.1,-99.8,-99.8,-99.8,-99.8,-99.8,-99.8,-99.8
2023-09-08 00:00:00,-9999.1,-99.8,-99.8,7.7,121.0,11.7,108.0,-999.1,-99.8,-99.8,-99.8,-99.8,-99.8,-99.8,-99.8
2023-09-08 01:00:00,-9999.1,-99.8,-99.8,8.0,120.0,11.3,113.0,-999.1,-99.8,-99.8,-99.8,-99.8,-99.8,-99.8,-99.8
2023-09-08 02:00:00,-9999.1,-99.8,-99.8,8.5,114.0,12.0,105.0,-999.1,-99.8,-99.8,-99.8,-99.8,-99.8,-99.8,-99.8
2023-09-08 03:00:00,-9999.1,-99.8,-99.8,5.6,117.0,11.4,104.0,-999.1,-99.8,-99.8,-99.8,-99.8,-99.8,-99.8,-99.8
2023-09-08 04:00:00,-9999.1,-99.8,-99.8,6.6,127.0,9.3,105.0,-999.1,-99.8,-99.8,-99.8,-99.8,-99.8,-99.8,-99.8
2023-09-08 05:00:00,-9999.1,-99.8,-99.8,4.7,115.0,9.5,138.0,-999.1,-99.8,-99.8,-99.8,-99.8,-99.8,-99.8,-99.8
2023-09-08 06:00:00,-9999.1,-99.8,-99.8,1.9,119.0,6.2,109.0,-999.1,-99.8,-99.8,-99.8,-99.8,-99.8,-99.8,-99.8
2023-09-08 07:00:00,-9999.1,-99.8,-99.8,0.5,200.0,2.7,106.0,-999.1,-99.8,-99.8,-99.8,-99.8,-99.8,-99.8,-99.8
2023-09-08 08:00:00,-9999.1,-99.8,-99.8,1.2,238.0,4.1,113.0,-999.1,-99.8,-99.8,-99.8,-99.8,-99.8,-99.8,-99.8
2023-09-08 09:00:00,-9999.1,-99.8,-99.8,2.0,277.0,3.2,260.0,-999.1,-99.8,-99.8,-99.8,-99.8,-99.8,-99.8,-99.8
2023-09-08 10:00:00,-9999.1,-99.8,-99.8,3.0,281.0,4.9,293.0,-999.1,-99.8,-99.8,-99.8,-99.8,-99.8,-99.8,-99.8
2023-09-08 11:00:00,-9999.1,-99.8,-99.8,3.5,280.0,6.4,287.0,-999.1,-99.8,-99.8,-99.8,-99.8,-99.8,-99.8,-99.8
2023-09-08 12:00:00,-9999.1,-99.8,-99.8,4.2,286.0,7.2,288.0,-999.1,-99.8,-99.8,-99.8,-99.8,-99.8,-99.8,-99.8
2023-09-08 13:00:00,-9999.1,-99.8,-99.8,3.5,274.0,7.0,286.0,-999.1,-99.8,-99.8,-99.8,-99.8,-99.8,-99.8,-99.8
2023-09-08 14:00:00,-9999.1,-99.8,-99.8,2.9,272.0,7.4,289.0,-999.1,-99.8,-99.8,-99.8,-99.8,-99.8,-99.8,-99.8
2023-09-08 15:00:00,-9999.1,-99.8,-99.8,1.8,272.0,4.8,284.0,-999.1,-99.8,-99.8,-99.8,-99.8,-99.8,-99.8,-99.8
2023-09-08 16:00:00,-9999.1,-99.8,-99.8,2.1,267.0,3.7,267.0,-999.1,-99.8,-99.8,-99.8,-99.8,-99.8,-99.8,-99.8
2023-09-08 17:00:00,-9999.1,-99.8,-99.8,0.9,259.0,3.6,266.0,-999.1,-99.8,-99.8,-99.8,-99.8,-99.8,-99.8,-99.8
2023-09-08 18:00:00,-9999.1,-99.8,-99.8,1.0,136.0,1.9,134.0,-999.1,-99.8,-99.8,-99.8,-99.8,-99.8,-99.8,-99.8
2023-09-08 19:00:00,-9999.1,-99.8,-99.8,1.4,145.0,6.6,118.0,-999.1,-99.8,-99.8,-99.8,-99.8,-99.8,-99.8,-99.8
2023-09-08 20:00:00,-9999.1,-99.8,-99.8,0.8,327.0,3.0,148.0,-999.1,-99.8,-99.8,-99.8,-99.8,-99.8,-99.8,-99.8
2023-09-08 21:00:00,-9999.1,-99.8,-99.8,2.7,115.0,3.4,120.0,-999.1,-99.8,-99.8,-99.8,-99.8,-99.8,-99.8,-99.8
2023-09-08 22:00:00,-9999.1,-99.8,-99.8,3.8,118.0,4.9,125.0,-999.1,-99.8,-99.8,-99.8,-99.8,-99.8,-99.8,-99.8
2023-09-08 23:00:00,-9999.1,-99.8,-99.8,1.8,125.0,4.9,125.0,-999.1,-99.8,-99.8,-99.8,-99.8,-99.8,-99.8,-99.8
2023-09-09 00:00:00,-9999.1,-99.8,-99.8,0.6,322.0,3.2,107.0,-999.1,-99.8,-99.8,-99.8,-99.8,-99.8,-99.8,-99.8
2023-09-09 01:00:00,-9999.1,-99.8,-99.8,0.0,0.0,2.0,255.0,-999.1,-99.8,-99.8,-99.8,-99.8,-99.8,-99.8,-99.8
2023-09-09 02:00:00,-9999.1,-99.8,-99.8,2.8,276.0,3.7,290.0,-999.1,-99.8,-99.8,-99.8,-99.8,-99.8,-99.8,-99.8
2023-09-09 03:00:00,-9999.1,-99.8,-99.8,2.8,266.0,4.9,261.0,-999.1,-99.8,-99.8,-99.8,-99.8,-99.8,-99.8,-99.8
2023-09-09 04:00:00,-9999.1,-99.8,-99.8,3.0,268.0,5.2,259.0,-999.1,-99.8,-99.8,-99.8,-99.8,-99.8,-99.8,-99.8
2023-09-09 05:00:00,-9999.1,-99.8,-99.8,2.6,269.0,6.3,270.0,-999.1,-99.8,-99.8,-99.8,-99.8,-99.8,-99.8,-99.8
2023-09-09 06:00:00,-9999.1,-99.8,-99.8,2.4,272.0,3.9,259.0,-999.1,-99.8,-99.8,-99.8,-99.8,-99.8,-99.8,-99.8
2023-09-09 07:00:00,-9999.1,-99.8,-99.8,2.1,272.0,4.9,282.0,-999.1,-99.8,-99.8,-99.8,-99.8,-99.8,-99.8,-99.8
2023-09-09 08:00:00,-9999.1,-99.8,-99.8,2.3,280.0,4.5,282.0,-999.1,-99.8,-99.8,-99.8,-99.8,-99.8,-99.8,-99.8
2023-09-09 09:00:00,-9999.1,-99.8,-99.8,1.6,269.0,5.2,283.0,-999.1,-99.8,-99.8,-99.8,-99.8,-99.8,-99.8,-99.8
2023-09-09 10:00:00,-9999.1,-99.8,-99.8,2.6,274.0,4.7,286.0,-999.1,-99.8,-99.8,-99.8,-99.8,-99.8,-99.8,-99.8
2023-09-09 11:00:00,-9999.1,-99.8,-99.8,3.5,285.0,6.0,287.0,-999.1,-99.8,-99.8,-99.8,-99.8,-99.8,-99.8,-99.8
2023-09-09 12:00:00,-9999.1,-99.8,-99.8,3.4,286.0,6.1,292.0,-999.1,-99.8,-99.8,-99.8,-99.8,-99.8,-99.8,-99.8
2023-09-09 13:00:00,-9999.1,-99.8,-99.8,3.0,272.0,5.6,279.0,-999.1,-99.8,-99.8,-99.8,-99.8,-99.8,-99.8,-99.8
2023-09-09 14:00:00,-9999.1,-99.8,-99.8,2.9,278.0,5.4,265.0,-999.1,-99.8,-99.8,-99.8,-99.8,-99.8,-99.8,-99.8
2023-09-09 15:00:00,-9999.1,-99.8,-99.8,3.3,287.0,6.2,282.0,-999.1,-99.8,-99.8,-99.8,-99.8,-99.8,-99.8,-99.8
2023-09-09 16:00:00,-9999.1,-99.8,-99.8,1.4,264.0,4.3,260.0,-999.1,-99.8,-99.8,-99.8,-99.8,-99.8,-99.8,-99.8
2023-09-09 17:00:00,-9999.1,-99.8,-99.8,1.0,261.0,5.9,110.0,-999.1,-99.8,-99.8,-99.8,-99.8,-99.8,-99.8,-99.8
2023-09-09 18:00:00,-9999.1,-99.8,-99.8,2.1,74.0,4.3,70.0,-999.1,-99.8,-99.8,-99.8,-99.8,-99.8,-99.8,-99.8
2023-09-09 19:00:00,-9999.1,-99.8,-99.8,1.6,120.0,2.5,102.0,-999.1,-99.8,-99.8,-99.8,-99.8,-99.8,-99.8,-99.8
2023-09-09 20:00:00,-9999.1,-99.8,-99.8,1.8,118.0,2.4,123.0,-999.1,-99.8,-99.8,-99.8,-99.8,-99.8,-99.8,-99.8
2023-09-09 21:00:00,-9999.1,-99.8,-99.8,2.5,116.0,3.9,124.0,-999.1,-99.8,-99.8,-99.8,-99.8,-99.8,-99.8,-99.8
2023-09-09 22:00:00,-9999.1,-99.8,-99.8,3.1,124.0,5.4,106.0,-999.1,-99.8,-99.8,-99.8,-99.8,-99.8,-99.8,-99.8
2023-09-09 23:00:00,-9999.1,-99.8,-99.8,4.9,122.0,7.7,132.0,-999.1,-99.8,-99.8,-99.8,-99.8,-99.8,-99.8,-99.8
2023-09-10 00:00:00,-9999.1,-99.8,-99.8,2.7,111.0,7.2,112.0,-999.1,-99.8,-99.8,-99.8,-99.8,-99.8,-99.8,-99.8
2023-09-10 01:00:00,-9999.1,-99.8,-99.8,3.0,113.0,4.4,107.0,-999.1,-99.8,-99.8,-99.8,-99.8,-99.8,-99.8,-99.8
2023-09-10 02:00:00,-9999.1,-99.8,-99.8,0.4,194.0,3.9,113.0,-999.1,-99.8,-99.8,-99.8,-99.8,-99.8,-99.8,-99.8
2023-09-10 03:00:00,-9999.1,-99.8,-99.8,1.5,243.0,2.9,225.0,-999.1,-99.8,-99.8,-99.8,-99.8,-99.8,-99.8,-99.8
2023-09-10 04:00:00,-9999.1,-99.8,-99.8,2.1,282.0,2.8,254.0,-999.1,-99.8,-99.8,-99.8,-99.8,-99.8,-99.8,-99.8
2023-09-10 05:00:00,-9999.1,-99.8,-99.8,2.0,277.0,3.1,256.0,-999.1,-99.8,-99.8,-99.8,-99.8,-99.8,-99.8,-99.8
2023-09-10 06:00:00,-9999.1,-99.8,-99.8,3.0,279.0,4.9,285.0,-999.1,-99.8,-99.8,-99.8,-99.8,-99.8,-99.8,-99.8
2023-09-10 07:00:00,-9999.1,-99.8,-99.8,3.2,285.0,4.8,289.0,-999.1,-99.8,-99.8,-99.8,-99.8,-99.8,-99.8,-99.8
2023-09-10 08:00:00,-9999.1,-99.8,-99.8,2.7,277.0,4.9,283.0,-999.1,-99.8,-99.8,-99.8,-99.8,-99.8,-99.8,-99.8
2023-09-10 09:00:00,-9999.1,-99.8,-99.8,2.2,283.0,4.7,285.0,-999.1,-99.8,-99.8,-99.8,-99.8,-99.8,-99.8,-99.8
2023-09-10 10:00:00,-9999.1,-99.8,-99.8,2.2,287.0,3.6,286.0,-999.1,-99.8,-99.8,-99.8,-99.8,-99.8,-99.8,-99.8
2023-09-10 11:00:00,-9999.1,-99.8,-99.8,2.1,262.0,4.5,288.0,-999.1,-99.8,-99.8,-99.8,-99.8,-99.8,-99.8,-99.8
2023-09-10 12:00:00,-9999.1,-99.8,-99.8,3.4,286.0,5.1,291.0,-999.1,-99.8,-99.8,-99.8,-99.8,-99.8,-99.8,-99.8
2023-09-10 13:00:00,-9999.1,-99.8,-99.8,3.1,273.0,5.8,283.0,-999.1,-99.8,-99.8,-99.8,-99.8,-99.8,-99.8,-99.8
2023-09-10 14:00:00,-9999.1,-99.8,-99.8,3.4,287.0,7.1,288.0,-999.1,-99.8,-99.8,-99.8,-99.8,-99.8,-99.8,-99.8
2023-09-10 15:00:00,-9999.1,-99.8,-99.8,3.3,279.0,5.8,284.0,-999.1,-99.8,-99.8,-99.8,-99.8,-99.8,-99.8,-99.8
2023-09-10 16:00:00,-9999.1,-99.8,-99.8,2.8,289.0,5.6,279.0,-999.1,-99.8,-99.8,-99.8,-99.8,-99.8,-99.8,-99.8
2023-09-10 17:00:00,-9999.1,-99.8,-99.8,1.8,278.0,5.1,285.0,-999.1,-99.8,-99.8,-99.8,-99.8,-99.8,-99.8,-99.8
2023-09-10 18:00:00,-9999.1,-99.8,-99.8,2.9,280.0,4.5,282.0,-999.1,-99.8,-99.8,-99.8,-99.8,-99.8,-99.8,-99.8
2023-09-10 19:00:00,-9999.1,-99.8,-99.8,0.9,330.0,3.6,288.0,-999.1,-99.8,-99.8,-99.8,-99.8,-99.8,-99.8,-99.8
2023-09-10 20:00:00,-9999.1,-99.8,-99.8,3.4,272.0,5.5,283.0,-999.1,-99.8,-99.8,-99.8,-99.8,-99.8,-99.8,-99.8
2023-09-10 21:00:00,-9999.1,-99.8,-99.8,4.6,274.0,7.4,278.0,-999.1,-99.8,-99.8,-99.8,-99.8,-99.8,-99.8,-99.8
2023-09-10 22:00:00,-9999.1,-99.8,-99.8,3.9,281.0,8.6,286.0,-999.1,-99.8,-99.8,-99.8,-99.8,-99.8,-99.8,-99.8
2023-09-10 23:00:00,-9999.1,-99.8,-99.8,4.4,284.0,7.9,262.0,-999.1,-99.8,-99.8,-99.8,-99.8,-99.8,-99.8,-99.8
2023-09-11 00:00:00,-9999.1,-99.8,-99.8,5.9,277.0,10.9,284.0,-999.1,-99.8,-99.8,-99.8,-99.8,-99.8,-99.8,-99.8
2023-09-11 01:00:00,-9999.1,-99.8,-99.8,4.6,279.0,8.9,286.0,-999.1,-99.8,-99.8,-99.8,-99.8,-99.8,-99.8,-99.8
2023-09-11 02:00:00,-9999.1,-99.8,-99.8,5.4,277.0,9.1,262.0,-999.1,-99.8,-99.8,-99.8,-99.8,-99.8,-99.8,-99.8
2023-09-11 03:00:00,-9999.1,-99.8,-99.8,4.6,290.0,9.1,258.0,-999.1,-99.8,-99.8,-99.8,-99.8,-99.8,-99.8,-99.8
2023-09-11 04:00:00,-9999.1,-99.8,-99.8,3.4,278.0,5.7,264.0,-999.1,-99.8,-99.8,-99.8,-99.8,-99.8,-99.8,-99.8
2023-09-11 05:00:00,-9999.1,-99.8,-99.8,2.6,276.0,5.5,255.0,-999.1,-99.8,-99.8,-99.8,-99.8,-99.8,-99.8,-99.8
2023-09-11 06:00:00,-9999.1,-99.8,-99.8,3.0,279.0,6.0,273.0,-999.1,-99.8,-99.8,-99.8,-99.8,-99.8,-99.8,-99.8
2023-09-11 07:00:00,-9999.1,-99.8,-99.8,1.9,296.0,6.5,285.0,-999.1,-99.8,-99.8,-99.8,-99.8,-99.8,-99.8,-99.8
2023-09-11 08:00:00,-9999.1,-99.8,-99.8,0.9,161.0,2.8,157.0,-999.1,-99.8,-99.8,-99.8,-99.8,-99.8,-99.8,-99.8
2023-09-11 09:00:00,-9999.1,-99.8,-99.8,0.9,287.0,2.8,118.0,-999.1,-99.8,-99.8,-99.8,-99.8,-99.8,-99.8,-99.8
2023-09-11 10:00:00,-9999.1,-99.8,-99.8,1.0,194.0,2.9,215.0,-999.1,-99.8,-99.8,-99.8,-99.8,-99.8,-99.8,-99.8
2023-09-11 11:00:00,-9999.1,-99.8,-99.8,1.3,333.0,3.5,304.0,-999.1,-99.8,-99.8,-99.8,-99.8,-99.8,-99.8,-99.8
2023-09-11 12:00:00,-9999.1,-99.8,-99.8,1.4,272.0,3.6,4.0,-999.1,-99.8,-99.8,-99.8,-99.8,-99.8,-99.8,-99.8
2023-09-11 13:00:00,-9999.1,-99.8,-99.8,2.1,289.0,5.1,259.0,-999.1,-99.8,-99.8,-99.8,-99.8,-99.8,-99.8,-99.8
2023-09-11 14:00:00,-9999.1,-99.8,-99.8,2.0,282.0,5.7,297.0,-999.1,-99.8,-99.8,-99.8,-99.8,-99.8,-99.8,-99.8
2023-09-11 15:00:00,-9999.1,-99.8,-99.8,2.5,274.0,6.2,260.0,-999.1,-99.8,-99.8,-99.8,-99.8,-99.8,-99.8,-99.8
2023-09-11 16:00:00,-9999.1,-99.8,-99.8,1.6,260.0,5.6,279.0,-999.1,-99.8,-99.8,-99.8,-99.8,-99.8,-99.8,-99.8
2023-09-11 17:00:00,-9999.1,-99.8,-99.8,2.0,285.0,4.5,247.0,-999.1,-99.8,-99.8,-99.8,-99.8,-99.8,-99.8,-99.8
2023-09-11 18:00:00,-9999.1,-99.8,-99.8,2.0,281.0,3.9,285.0,-999.1,-99.8,-99.8,-99.8,-99.8,-99.8,-99.8,-99.8
2023-09-11 19:00:00,-9999.1,-99.8,-99.8,1.3,18.0,2.8,287.0,-999.1,-99.8,-99.8,-99.8,-99.8,-99.8,-99.8,-99.8
2023-09-11 20:00:00,-9999.1,-99.8,-99.8,2.5,104.0,4.4,48.0,-999.1,-99.8,-99.8,-99.8,-99.8,-99.8,-99.8,-99.8
2023-09-11 21:00:00,-9999.1,-99.8,-99.8,4.0,93.0,6.7,97.0,-999.1,-99.8,-99.8,-99.8,-99.8,-99.8,-99.8,-99.8
2023-09-11 22:00:00,-9999.1,-99.8,-99.8,3.7,90.0,5.9,103.0,-999.1,-99.8,-99.8,-99.8,-99.8,-99.8,-99.8,-99.8
2023-09-11 23:00:00,-9999.1,-99.8,-99.8,3.8,107.0,7.3,89.0,-999.1,-99.8,-99.8,-99.8,-99.8,-99.8,-99.8,-99.8
2023-09-12 00:00:00,-9999.1,-99.8,-99.8,4.9,107.0,6.6,86.0,-999.1,-99.8,-99.8,-99.8,-99.8,-99.8,-99.8,-99.8
2023-09-12 01:00:00,-9999.1,-99.8,-99.8,4.8,110.0,7.1,105.0,-999.1,-99.8,-99.8,-99.8,-99.8,-99.8,-99.8,-99.8
2023-09-12 02:00:00,-9999.1,-99.8,-99.8,5.6,110.0,8.0,105.0,-999.1,-99.8,-99.8,-99.8,-99.8,-99.8,-99.8,-99.8
2023-09-12 03:00:00,-9999.1,-99.8,-99.8,5.7,113.0,8.0,107.0,-999.1,-99.8,-99.8,-99.8,-99.8,-99.8,-99.8,-99.8
2023-09-12 04:00:00,-9999.1,-99.8,-99.8,2.6,110.0,6.2,119.0,-999.1,-99.8,-99.8,-99.8,-99.8,-99.8,-99.8,-99.8
2023-09-12 05:00:00,-9999.1,-99.8,-99.8,3.3,117.0,5.5,113.0,-999.1,-99.8,-99.8,-99.8,-99.8,-99.8,-99.8,-99.8
2023-09-12 06:00:00,-9999.1,-99.8,-99.8,1.5,143.0,6.4,113.0,-999.1,-99.8,-99.8,-99.8,-99.8,-99.8,-99.8,-99.8
2023-09-12 07:00:00,-9999.1,-99.8,-99.8,0.3,133.0,2.7,129.0,-999.1,-99.8,-99.8,-99.8,-99.8,-99.8,-99.8,-99.8
2023-09-12 08:00:00,-9999.1,-99.8,-99.8,2.7,126.0,4.6,115.0,-999.1,-99.8,-99.8,-99.8,-99.8,-99.8,-99.8,-99.8
2023-09-12 09:00:00,-9999.1,-99.8,-99.8,3.7,138.0,6.5,144.0,-999.1,-99.8,-99.8,-99.8,-99.8,-99.8,-99.8,-99.8
2023-09-12 10:00:00,-9999.1,-99.8,-99.8,1.0,185.0,6.5,149.0,-999.1,-99.8,-99.8,-99.8,-99.8,-99.8,-99.8,-99.8
2023-09-12 11:00:00,-9999.1,-99.8,-99.8,1.0,191.0,4.0,162.0,-999.1,-99.8,-99.8,-99.8,-99.8,-99.8,-99.8,-99.8
2023-09-12 12:00:00,-9999.1,-99.8,-99.8,1.1,215.0,3.6,149.0,-999.1,-99.8,-99.8,-99.8,-99.8,-99.8,-99.8,-99.8
2023-09-12 13:00:00,-9999.1,-99.8,-99.8,1.6,216.0,3.7,234.0,-999.1,-99.8,-99.8,-99.8,-99.8,-99.8,-99.8,-99.8
2023-09-12 14:00:00,-9999.1,-99.8,-99.8,0.8,215.0,3.8,222.0,-999.1,-99.8,-99.8,-99.8,-99.8,-99.8,-99.8,-99.8
2023-09-12 15:00:00,-9999.1,-99.8,-99.8,0.9,231.0,3.1,265.0,-999.1,-99.8,-99.8,-99.8,-99.8,-99.8,-99.8,-99.8
2023-09-12 16:00:00,-9999.1,-99.8,-99.8,0.9,144.0,2.5,127.0,-999.1,-99.8,-99.8,-99.8,-99.8,-99.8,-99.8,-99.8
2023-09-12 17:00:00,-9999.1,-99.8,-99.8,1.4,147.0,3.0,141.0,-999.1,-99.8,-99.8,-99.8,-99.8,-99.8,-99.8,-99.8
2023-09-12 18:00:00,-9999.1,-99.8,-99.8,4.0,108.0,5.1,101.0,-999.1,-99.8,-99.8,-99.8,-99.8,-99.8,-99.8,-99.8
2023-09-12 19:00:00,-9999.1,-99.8,-99.8,5.3,113.0,6.9,115.0,-999.1,-99.8,-99.8,-99.8,-99.8,-99.8,-99.8,-99.8
2023-09-12 20:00:00,-9999.1,-99.8,-99.8,4.7,114.0,6.7,106.0,-999.1,-99.8,-99.8,-99.8,-99.8,-99.8,-99.8,-99.8
2023-09-12 21:00:00,-9999.1,-99.8,-99.8,5.0,115.0,5.9,110.0,-999.1,-99.8,-99.8,-99.8,-99.8,-99.8,-99.8,-99.8
2023-09-12 22:00:00,-9999.1,-99.8,-99.8,4.6,110.0,6.1,100.0,-999.1,-99.8,-99.8,-99.8,-99.8,-99.8,-99.8,-99.8
2023-09-12 23:00:00,-9999.1,-99.8,-99.8,4.2,118.0,6.1,108.0,-999.1,-99.8,-99.8,-99.8,-99.8,-99.8,-99.8,-99.8
2023-09-13 00:00:00,-9999.1,-99.8,-99.8,3.0,108.0,5.2,117.0,-999.1,-99.8,-99.8,-99.8,-99.8,-99.8,-99.8,-99.8
2023-09-13 01:00:00,-9999.1,-99.8,-99.8,1.2,275.0,4.0,88.0,-999.1,-99.8,-99.8,-99.8,-99.8,-99.8,-99.8,-99.8
2023-09-13 02:00:00,-9999.1,-99.8,-99.8,1.0,259.0,2.4,257.0,-999.1,-99.8,-99.8,-99.8,-99.8,-99.8,-99.8,-99.8
2023-09-13 03:00:00,-9999.1,-99.8,-99.8,2.0,253.0,3.8,254.0,-999.1,-99.8,-99.8,-99.8,-99.8,-99.8,-99.8,-99.8
2023-09-13 04:00:00,-9999.1,-99.8,-99.8,1.0,110.0,3.0,252.0,-999.1,-99.8,-99.8,-99.8,-99.8,-99.8,-99.8,-99.8
2023-09-13 05:00:00,-9999.1,-99.8,-99.8,2.8,269.0,4.0,263.0,-999.1,-99.8,-99.8,-99.8,-99.8,-99.8,-99.8,-99.8
2023-09-13 06:00:00,-9999.1,-99.8,-99.8,0.6,108.0,3.2,274.0,-999.1,-99.8,-99.8,-99.8,-99.8,-99.8,-99.8,-99.8
2023-09-13 07:00:00,-9999.1,-99.8,-99.8,1.0,212.0,2.6,227.0,-999.1,-99.8,-99.8,-99.8,-99.8,-99.8,-99.8,-99.8
2023-09-13 08:00:00,-9999.1,-99.8,-99.8,1.8,120.0,3.3,112.0,-999.1,-99.8,-99.8,-99.8,-99.8,-99.8,-99.8,-99.8
2023-09-13 09:00:00,-9999.1,-99.8,-99.8,1.9,150.0,4.7,145.0,-999.1,-99.8,-99.8,-99.8,-99.8,-99.8,-99.8,-99.8
2023-09-13 10:00:00,-9999.1,-99.8,-99.8,0.9,218.0,4.3,130.0,-999.1,-99.8,-99.8,-99.8,-99.8,-99.8,-99.8,-99.8
2023-09-13 11:00:00,-9999.1,-99.8,-99.8,2.1,231.0,4.1,225.0,-999.1,-99.8,-99.8,-99.8,-99.8,-99.8,-99.8,-99.8
2023-09-13 12:00:00,-9999.1,-99.8,-99.8,2.2,264.0,4.1,232.0,-999.1,-99.8,-99.8,-99.8,-99.8,-99.8,-99.8,-99.8
2023-09-13 13:00:00,-9999.1,-99.8,-99.8,2.0,262.0,4.8,250.0,-999.1,-99.8,-99.8,-99.8,-99.8,-99.8,-99.8,-99.8
2023-09-13 14:00:00,-9999.1,-99.8,-99.8,1.5,225.0,5.0,279.0,-999.1,-99.8,-99.8,-99.8,-99.8,-99.8,-99.8,-99.8
2023-09-13 15:00:00,-9999.1,-99.8,-99.8,0.9,179.0,3.2,232.0,-999.1,-99.8,-99.8,-99.8,-99.8,-99.8,-99.8,-99.8
2023-09-13 16:00:00,-9999.1,-99.8,-99.8,1.0,163.0,2.7,141.0,-999.1,-99.8,-99.8,-99.8,-99.8,-99.8,-99.8,-99.8
2023-09-13 17:00:00,-9999.1,-99.8,-99.8,0.6,146.0,3.1,120.0,-999.1,-99.8,-99.8,-99.8,-99.8,-99.8,-99.8,-99.8
2023-09-13 18:00:00,-9999.1,-99.8,-99.8,1.4,84.0,2.2,86.0,-999.1,-99.8,-99.8,-99.8,-99.8,-99.8,-99.8,-99.8
2023-09-13 19:00:00,-9999.1,-99.8,-99.8,3.1,115.0,4.0,119.0,-999.1,-99.8,-99.8,-99.8,-99.8,-99.8,-99.8,-99.8
2023-09-13 20:00:00,-9999.1,-99.8,-99.8,4.3,107.0,5.1,109.0,-999.1,-99.8,-99.8,-99.8,-99.8,-99.8,-99.8,-99.8
2023-09-13 21:00:00,-9999.1,-99.8,-99.8,4.4,103.0,5.7,101.0,-999.1,-99.8,-99.8,-99.8,-99.8,-99.8,-99.8,-99.8
2023-09-13 22:00:00,-9999.1,-99.8,-99.8,5.2,109.0,7.4,101.0,-999.1,-99.8,-99.8,-99.8,-99.8,-99.8,-99.8,-99.8
2023-09-13 23:00:00,-9999.1,-99.8,-99.8,4.1,103.0,6.4,107.0,-999.1,-99.8,-99.8,-99.8,-99.8,-99.8,-99.8,-99.8
2023-09-14 00:00:00,-9999.1,-99.8,-99.8,2.2,88.0,4.7,102.0,-999.1,-99.8,-99.8,-99.8,-99.8,-99.8,-99.8,-99.8
2023-09-14 01:00:00,-9999.1,-99.8,-99.8,1.3,99.0,2.9,103.0,-999.1,-99.8,-99.8,-99.8,-99.8,-99.8,-99.8,-99.8
2023-09-14 02:00:00,-9999.1,-99.8,-99.8,1.2,276.0,3.1,288.0,-999.1,-99.8,-99.8,-99.8,-99.8,-99.8,-99.8,-99.8
2023-09-14 03:00:00,-9999.1,-99.8,-99.8,2.1,88.0,2.7,87.0,-999.1,-99.8,-99.8,-99.8,-99.8,-99.8,-99.8,-99.8
2023-09-14 04:00:00,-9999.1,-99.8,-99.8,3.6,112.0,4.8,106.0,-999.1,-99.8,-99.8,-99.8,-99.8,-99.8,-99.8,-99.8
2023-09-14 05:00:00,-9999.1,-99.8,-99.8,2.1,115.0,6.1,117.0,-999.1,-99.8,-99.8,-99.8,-99.8,-99.8,-99.8,-99.8
2023-09-14 06:00:00,-9999.1,-99.8,-99.8,4.2,110.0,6.3,107.0,-999.1,-99.8,-99.8,-99.8,-99.8,-99.8,-99.8,-99.8
2023-09-14 07:00:00,-9999.1,-99.8,-99.8,2.5,124.0,4.4,111.0,-999.1,-99.8,-99.8,-99.8,-99.8,-99.8,-99.8,-99.8
2023-09-14 08:00:00,-9999.1,-99.8,-99.8,3.0,138.0,5.8,123.0,-999.1,-99.8,-99.8,-99.8,-99.8,-99.8,-99.8,-99.8
2023-09-14 09:00:00,-9999.1,-99.8,-99.8,2.1,147.0,6.2,140.0,-999.1,-99.8,-99.8,-99.8,-99.8,-99.8,-99.8,-99.8
2023-09-14 10:00:00,-9999.1,-99.8,-99.8,1.0,216.0,5.2,119.0,-999.1,-99.8,-99.8,-99.8,-99.8,-99.8,-99.8,-99.8
2023-09-14 11:00:00,-9999.1,-99.8,-99.8,1.4,218.0,3.5,227.0,-999.1,-99.8,-99.8,-99.8,-99.8,-99.8,-99.8,-99.8
2023-09-14 12:00:00,-9999.1,-99.8,-99.8,2.3,262.0,6.0,252.0,-999.1,-99.8,-99.8,-99.8,-99.8,-99.8,-99.8,-99.8
2023-09-14 13:00:00,-9999.1,-99.8,-99.8,3.0,267.0,5.9,251.0,-999.1,-99.8,-99.8,-99.8,-99.8,-99.8,-99.8,-99.8
2023-09-14 14:00:00,-9999.1,-99.8,-99.8,1.2,218.0,4.5,256.0,-999.1,-99.8,-99.8,-99.8,-99.8,-99.8,-99.8,-99.8
2023-09-14 15:00:00,-9999.1,-99.8,-99.8,1.5,273.0,4.1,253.0,-999.1,-99.8,-99.8,-99.8,-99.8,-99.8,-99.8,-99.8
2023-09-14 16:00:00,-9999.1,-99.8,-99.8,0.8,264.0,4.2,268.0,-999.1,-99.8,-99.8,-99.8,-99.8,-99.8,-99.8,-99.8
2023-09-14 17:00:00,-9999.1,-99.8,-99.8,1.6,125.0,4.0,123.0,-999.1,-99.8,-99.8,-99.8,-99.8,-99.8,-99.8,-99.8
2023-09-14 18:00:00,-9999.1,-99.8,-99.8,1.9,114.0,3.9,99.0,-999.1,-99.8,-99.8,-99.8,-99.8,-99.8,-99.8,-99.8
2023-09-14 19:00:00,-9999.1,-99.8,-99.8,3.1,117.0,5.0,109.0,-999.1,-99.8,-99.8,-99.8,-99.8,-99.8,-99.8,-99.8
2023-09-14 20:00:00,-9999.1,-99.8,-99.8,3.6,106.0,5.5,106.0,-999.1,-99.8,-99.8,-99.8,-99.8,-99.8,-99.8,-99.8
2023-09-14 21:00:00,-9999.1,-99.8,-99.8,5.7,110.0,8.8,106.0,-999.1,-99.8,-99.8,-99.8,-99.8,-99.8,-99.8,-99.8
2023-09-14 22:00:00,-9999.1,-99.8,-99.8,4.9,117.0,6.9,112.0,-999.1,-99.8,-99.8,-99.8,-99.8,-99.8,-99.8,-99.8
2023-09-14 23:00:00,-9999.1,-99.8,-99.8,3.8,118.0,6.9,104.0,-999.1,-99.8,-99.8,-99.8,-99.8,-99.8,-99.8,-99.8
2023-09-15 00:00:00,-9999.1,-99.8,-99.8,4.2,116.0,6.2,120.0,-999.1,-99.8,-99.8,-99.8,-99.8,-99.8,-99.8,-99.8
2023-09-15 01:00:00,-9999.1,-99.8,-99.8,3.6,126.0,6.1,111.0,-999.1,-99.8,-99.8,-99.8,-99.8,-99.8,-99.8,-99.8
2023-09-15 02:00:00,-9999.1,-99.8,-99.8,4.1,114.0,7.5,105.0,-999.1,-99.8,-99.8,-99.8,-99.8,-99.8,-99.8,-99.8
2023-09-15 03:00:00,-9999.1,-99.8,-99.8,4.0,125.0,6.1,137.0,-999.1,-99.8,-99.8,-99.8,-99.8,-99.8,-99.8,-99.8
2023-09-15 04:00:00,-9999.1,-99.8,-99.8,5.6,119.0,8.0,112.0,-999.1,-99.8,-99.8,-99.8,-99.8,-99.8,-99.8,-99.8
2023-09-15 05:00:00,-9999.1,-99.8,-99.8,3.7,120.0,7.9,109.0,-999.1,-99.8,-99.8,-99.8,-99.8,-99.8,-99.8,-99.8
2023-09-15 06:00:00,-9999.1,-99.8,-99.8,2.8,133.0,6.3,105.0,-999.1,-99.8,-99.8,-99.8,-99.8,-99.8,-99.8,-99.8
2023-09-15 07:00:00,-9999.1,-99.8,-99.8,0.7,130.0,4.6,138.0,-999.1,-99.8,-99.8,-99.8,-99.8,-99.8,-99.8,-99.8
2023-09-15 08:00:00,-9999.1,-99.8,-99.8,1.3,147.0,4.6,100.0,-999.1,-99.8,-99.8,-99.8,-99.8,-99.8,-99.8,-99.8
2023-09-15 09:00:00,-9999.1,-99.8,-99.8,1.3,147.0,4.2,113.0,-999.1,-99.8,-99.8,-99.8,-99.8,-99.8,-99.8,-99.8
2023-09-15 10:00:00,-9999.1,-99.8,-99.8,0.7,163.0,3.1,138.0,-999.1,-99.8,-99.8,-99.8,-99.8,-99.8,-99.8,-99.8
2023-09-15 11:00:00,-9999.1,-99.8,-99.8,1.4,266.0,3.9,215.0,-999.1,-99.8,-99.8,-99.8,-99.8,-99.8,-99.8,-99.8
2023-09-15 12:00:00,-9999.1,-99.8,-99.8,1.3,257.0,4.7,257.0,-999.1,-99.8,-99.8,-99.8,-99.8,-99.8,-99.8,-99.8
2023-09-15 13:00:00,-9999.1,-99.8,-99.8,1.3,237.0,3.9,204.0,-999.1,-99.8,-99.8,-99.8,-99.8,-99.8,-99.8,-99.8
2023-09-15 14:00:00,-9999.1,-99.8,-99.8,0.7,236.0,3.2,257.0,-999.1,-99.8,-99.8,-99.8,-99.8,-99.8,-99.8,-99.8
2023-09-15 15:00:00,-9999.1,-99.8,-99.8,1.0,130.0,3.1,106.0,-999.1,-99.8,-99.8,-99.8,-99.8,-99.8,-99.8,-99.8
2023-09-15 16:00:00,-9999.1,-99.8,-99.8,1.4,129.0,3.6,109.0,-999.1,-99.8,-99.8,-99.8,-99.8,-99.8,-99.8,-99.8
2023-09-15 17:00:00,-9999.1,-99.8,-99.8,2.6,131.0,5.9,115.0,-999.1,-99.8,-99.8,-99.8,-99.8,-99.8,-99.8,-99.8
2023-09-15 18:00:00,-9999.1,-99.8,-99.8,2.7,113.0,5.3,124.0,-999.1,-99.8,-99.8,-99.8,-99.8,-99.8,-99.8,-99.8
2023-09-15 19:00:00,-9999.1,-99.8,-99.8,4.5,110.0,6.1,104.0,-999.1,-99.8,-99.8,-99.8,-99.8,-99.8,-99.8,-99.8
2023-09-15 20:00:00,-9999.1,-99.8,-99.8,1.7,305.0,6.3,113.0,-999.1,-99.8,-99.8,-99.8,-99.8,-99.8,-99.8,-99.8
2023-09-15 21:00:00,-9999.1,-99.8,-99.8,1.2,191.0,2.9,249.0,-999.1,-99.8,-99.8,-99.8,-99.8,-99.8,-99.8,-99.8
2023-09-15 22:00:00,-9999.1,-99.8,-99.8,0.9,215.0,3.0,244.0,-999.1,-99.8,-99.8,-99.8,-99.8,-99.8,-99.8,-99.8
2023-09-15 23:00:00,-9999.1,-99.8,-99.8,1.4,238.0,3.1,265.0,-999.1,-99.8,-99.8,-99.8,-99.8,-99.8,-99.8,-99.8
2023-09-16 00:00:00,-9999.1,-99.8,-99.8,1.4,223.0,3.0,229.0,-999.1,-99.8,-99.8,-99.8,-99.8,-99.8,-99.8,-99.8
2023-09-16 01:00:00,-9999.1,-99.8,-99.8,1.9,238.0,2.8,253.0,-999.1,-99.8,-99.8,-99.8,-99.8,-99.8,-99.8,-99.8
2023-09-16 02:00:00,-9999.1,-99.8,-99.8,1.5,193.0,2.9,244.0,-999.1,-99.8,-99.8,-99.8,-99.8,-99.8,-99.8,-99.8
2023-09-16 03:00:00,-9999.1,-99.8,-99.8,3.3,276.0,5.3,261.0,-999.1,-99.8,-99.8,-99.8,-99.8,-99.8,-99.8,-99.8
2023-09-16 04:00:00,-9999.1,-99.8,-99.8,2.5,278.0,4.5,261.0,-999.1,-99.8,-99.8,-99.8,-99.8,-99.8,-99.8,-99.8
2023-09-16 05:00:00,-9999.1,-99.8,-99.8,3.5,282.0,5.6,286.0,-999.1,-99.8,-99.8,-99.8,-99.8,-99.8,-99.8,-99.8
2023-09-16 06:00:00,-9999.1,-99.8,-99.8,3.4,288.0,5.7,286.0,-999.1,-99.8,-99.8,-99.8,-99.8,-99.8,-99.8,-99.8
2023-09-16 07:00:00,-9999.1,-99.8,-99.8,3.6,294.0,5.6,281.0,-999.1,-99.8,-99.8,-99.8,-99.8,-99.8,-99.8,-99.8
2023-09-16 08:00:00,-9999.1,-99.8,-99.8,2.3,289.0,5.7,279.0,-999.1,-99.8,-99.8,-99.8,-99.8,-99.8,-99.8,-99.8
2023-09-16 09:00:00,-9999.1,-99.8,-99.8,1.9,288.0,3.4,286.0,-999.1,-99.8,-99.8,-99.8,-99.8,-99.8,-99.8,-99.8
2023-09-16 10:00:00,-9999.1,-99.8,-99.8,4.3,289.0,6.7,287.0,-999.1,-99.8,-99.8,-99.8,-99.8,-99.8,-99.8,-99.8
2023-09-16 11:00:00,-9999.1,-99.8,-99.8,4.1,286.0,6.6,282.0,-999.1,-99.8,-99.8,-99.8,-99.8,-99.8,-99.8,-99.8
2023-09-16 12:00:00,-9999.1,-99.8,-99.8,3.8,286.0,6.9,279.0,-999.1,-99.8,-99.8,-99.8,-99.8,-99.8,-99.8,-99.8
2023-09-16 13:00:00,-9999.1,-99.8,-99.8,3.7,283.0,7.5,284.0,-999.1,-99.8,-99.8,-99.8,-99.8,-99.8,-99.8,-99.8
2023-09-16 14:00:00,-9999.1,-99.8,-99.8,3.8,282.0,8.2,276.0,-999.1,-99.8,-99.8,-99.8,-99.8,-99.8,-99.8,-99.8
2023-09-16 15:00:00,-9999.1,-99.8,-99.8,2.6,276.0,7.6,289.0,-999.1,-99.8,-99.8,-99.8,-99.8,-99.8,-99.8,-99.8
2023-09-16 16:00:00,-9999.1,-99.8,-99.8,3.8,280.0,6.3,288.0,-999.1,-99.8,-99.8,-99.8,-99.8,-99.8,-99.8,-99.8
2023-09-16 17:00:00,-9999.1,-99.8,-99.8,2.2,279.0,6.1,288.0,-999.1,-99.8,-99.8,-99.8,-99.8,-99.8,-99.8,-99.8
2023-09-16 18:00:00,-9999.1,-99.8,-99.8,3.0,268.0,6.3,299.0,-999.1,-99.8,-99.8,-99.8,-99.8,-99.8,-99.8,-99.8
2023-09-16 19:00:00,-9999.1,-99.8,-99.8,2.9,280.0,6.7,251.0,-999.1,-99.8,-99.8,-99.8,-99.8,-99.8,-99.8,-99.8
2023-09-16 20:00:00,-9999.1,-99.8,-99.8,1.4,255.0,6.5,249.0,-999.1,-99.8,-99.8,-99.8,-99.8,-99.8,-99.8,-99.8
2023-09-16 21:00:00,-9999.1,-99.8,-99.8,2.2,284.0,4.1,238.0,-999.1,-99.8,-99.8,-99.8,-99.8,-99.8,-99.8,-99.8
2023-09-16 22:00:00,-9999.1,-99.8,-99.8,2.0,108.0,2.8,281.0,-999.1,-99.8,-99.8,-99.8,-99.8,-99.8,-99.8,-99.8
2023-09-16 23:00:00,-9999.1,-99.8,-99.8,1.1,230.0,3.8,252.0,-999.1,-99.8,-99.8,-99.8,-99.8,-99.8,-99.8,-99.8
2023-09-17 00:00:00,-9999.1,-99.8,-99.8,1.1,197.0,3.2,265.0,-999.1,-99.8,-99.8,-99.8,-99.8,-99.8,-99.8,-99.8
2023-09-17 01:00:00,-9999.1,-99.8,-99.8,2.4,117.0,2.9,115.0,-999.1,-99.8,-99.8,-99.8,-99.8,-99.8,-99.8,-99.8
2023-09-17 02:00:00,-9999.1,-99.8,-99.8,2.7,300.0,3.6,292.0,-999.1,-99.8,-99.8,-99.8,-99.8,-99.8,-99.8,-99.8
2023-09-17 03:00:00,-9999.1,-99.8,-99.8,2.3,277.0,3.6,287.0,-999.1,-99.8,-99.8,-99.8,-99.8,-99.8,-99.8,-99.8
2023-09-17 04:00:00,-9999.1,-99.8,-99.8,2.4,277.0,4.5,259.0,-999.1,-99.8,-99.8,-99.8,-99.8,-99.8,-99.8,-99.8
2023-09-17 05:00:00,-9999.1,-99.8,-99.8,2.0,279.0,4.3,288.0,-999.1,-99.8,-99.8,-99.8,-99.8,-99.8,-99.8,-99.8
2023-09-17 06:00:00,-9999.1,-99.8,-99.8,2.2,308.0,3.7,290.0,-999.1,-99.8,-99.8,-99.8,-99.8,-99.8,-99.8,-99.8
2023-09-17 07:00:00,-9999.1,-99.8,-99.8,2.1,287.0,3.5,298.0,-999.1,-99.8,-99.8,-99.8,-99.8,-99.8,-99.8,-99.8
2023-09-17 08:00:00,-9999.1,-99.8,-99.8,1.2,265.0,2.4,286.0,-999.1,-99.8,-99.8,-99.8,-99.8,-99.8,-99.8,-99.8
2023-09-17 09:00:00,-9999.1,-99.8,-99.8,1.5,279.0,2.9,257.0,-999.1,-99.8,-99.8,-99.8,-99.8,-99.8,-99.8,-99.8
2023-09-17 10:00:00,-9999.1,-99.8,-99.8,2.3,276.0,3.7,259.0,-999.1,-99.8,-99.8,-99.8,-99.8,-99.8,-99.8,-99.8
2023-09-17 11:00:00,-9999.1,-99.8,-99.8,2.4,272.0,5.0,251.0,-999.1,-99.8,-99.8,-99.8,-99.8,-99.8,-99.8,-99.8
2023-09-17 12:00:00,-9999.1,-99.8,-99.8,2.3,272.0,4.9,259.0,-999.1,-99.8,-99.8,-99.8,-99.8,-99.8,-99.8,-99.8
2023-09-17 13:00:00,-9999.1,-99.8,-99.8,2.0,279.0,4.8,287.0,-999.1,-99.8,-99.8,-99.8,-99.8,-99.8,-99.8,-99.8
2023-09-17 14:00:00,-9999.1,-99.8,-99.8,3.2,282.0,5.8,268.0,-999.1,-99.8,-99.8,-99.8,-99.8,-99.8,-99.8,-99.8
2023-09-17 15:00:00,-9999.1,-99.8,-99.8,2.2,282.0,5.3,285.0,-999.1,-99.8,-99.8,-99.8,-99.8,-99.8,-99.8,-99.8
2023-09-17 16:00:00,-9999.1,-99.8,-99.8,2.5,292.0,4.9,287.0,-999.1,-99.8,-99.8,-99.8,-99.8,-99.8,-99.8,-99.8
2023-09-17 17:00:00,-9999.1,-99.8,-99.8,0.8,143.0,4.9,279.0,-999.1,-99.8,-99.8,-99.8,-99.8,-99.8,-99.8,-99.8
2023-09-17 18:00:00,-9999.1,-99.8,-99.8,0.8,307.0,3.1,142.0,-999.1,-99.8,-99.8,-99.8,-99.8,-99.8,-99.8,-99.8
2023-09-17 19:00:00,-9999.1,-99.8,-99.8,2.1,103.0,3.3,89.0,-999.1,-99.8,-99.8,-99.8,-99.8,-99.8,-99.8,-99.8
2023-09-17 20:00:00,-9999.1,-99.8,-99.8,2.8,106.0,5.5,108.0,-999.1,-99.8,-99.8,-99.8,-99.8,-99.8,-99.8,-99.8
2023-09-17 21:00:00,-9999.1,-99.8,-99.8,3.0,110.0,5.0,113.0,-999.1,-99.8,-99.8,-99.8,-99.8,-99.8,-99.8,-99.8
2023-09-17 22:00:00,-9999.1,-99.8,-99.8,2.4,109.0,3.6,114.0,-999.1,-99.8,-99.8,-99.8,-99.8,-99.8,-99.8,-99.8
2023-09-17 23:00:00,-9999.1,-99.8,-99.8,1.6,279.0,4.0,110.0,-999.1,-99.8,-99.8,-99.8,-99.8,-99.8,-99.8,-99.8
2023-09-18 00:00:00,-9999.1,-99.8,-99.8,1.2,316.0,3.0,288.0,-999.1,-99.8,-99.8,-99.8,-99.8,-99.8,-99.8,-99.8
2023-09-18 01:00:00,-9999.1,-99.8,-99.8,1.6,101.0,3.1,126.0,-999.1,-99.8,-99.8,-99.8,-99.8,-99.8,-99.8,-99.8
2023-09-18 02:00:00,-9999.1,-99.8,-99.8,1.8,288.0,5.1,109.0,-999.1,-99.8,-99.8,-99.8,-99.8,-99.8,-99.8,-99.8
2023-09-18 03:00:00,-9999.1,-99.8,-99.8,0.7,217.0,3.4,286.0,-999.1,-99.8,-99.8,-99.8,-99.8,-99.8,-99.8,-99.8
2023-09-18 04:00:00,-9999.1,-99.8,-99.8,4.2,109.0,5.2,107.0,-999.1,-99.8,-99.8,-99.8,-99.8,-99.8,-99.8,-99.8
2023-09-18 05:00:00,-9999.1,-99.8,-99.8,4.0,113.0,5.2,107.0,-999.1,-99.8,-99.8,-99.8,-99.8,-99.8,-99.8,-99.8
2023-09-18 06:00:00,-9999.1,-99.8,-99.8,3.5,114.0,4.1,110.0,-999.1,-99.8,-99.8,-99.8,-99.8,-99.8,-99.8,-99.8
2023-09-18 07:00:00,-9999.1,-99.8,-99.8,4.2,116.0,5.6,116.0,-999.1,-99.8,-99.8,-99.8,-99.8,-99.8,-99.8,-99.8
2023-09-18 08:00:00,-9999.1,-99.8,-99.8,2.7,124.0,5.9,127.0,-999.1,-99.8,-99.8,-99.8,-99.8,-99.8,-99.8,-99.8
2023-09-18 09:00:00,-9999.1,-99.8,-99.8,2.1,156.0,7.2,155.0,-999.1,-99.8,-99.8,-99.8,-99.8,-99.8,-99.8,-99.8
2023-09-18 10:00:00,-9999.1,-99.8,-99.8,1.5,141.0,5.8,136.0,-999.1,-99.8,-99.8,-99.8,-99.8,-99.8,-99.8,-99.8
2023-09-18 11:00:00,-9999.1,-99.8,-99.8,1.1,197.0,4.5,145.0,-999.1,-99.8,-99.8,-99.8,-99.8,-99.8,-99.8,-99.8
2023-09-18 12:00:00,-9999.1,-99.8,-99.8,1.0,164.0,3.6,145.0,-999.1,-99.8,-99.8,-99.8,-99.8,-99.8,-99.8,-99.8
2023-09-18 13:00:00,-9999.1,-99.8,-99.8,1.9,140.0,5.7,159.0,-999.1,-99.8,-99.8,-99.8,-99.8,-99.8,-99.8,-99.8
2023-09-18 14:00:00,-9999.1,-99.8,-99.8,2.2,123.0,4.7,121.0,-999.1,-99.8,-99.8,-99.8,-99.8,-99.8,-99.8,-99.8
2023-09-18 15:00:00,-9999.1,-99.8,-99.8,3.1,127.0,6.9,119.0,-999.1,-99.8,-99.8,-99.8,-99.8,-99.8,-99.8,-99.8
2023-09-18 16:00:00,-9999.1,-99.8,-99.8,1.5,113.0,3.9,127.0,-999.1,-99.8,-99.8,-99.8,-99.8,-99.8,-99.8,-99.8
2023-09-18 17:00:00,-9999.1,-99.8,-99.8,3.4,119.0,4.9,109.0,-999.1,-99.8,-99.8,-99.8,-99.8,-99.8,-99.8,-99.8
2023-09-18 18:00:00,-9999.1,-99.8,-99.8,5.3,110.0,7.4,123.0,-999.1,-99.8,-99.8,-99.8,-99.8,-99.8,-99.8,-99.8
2023-09-18 19:00:00,-9999.1,-99.8,-99.8,4.6,106.0,8.0,110.0,-999.1,-99.8,-99.8,-99.8,-99.8,-99.8,-99.8,-99.8
2023-09-18 20:00:00,-9999.1,-99.8,-99.8,3.9,112.0,7.0,107.0,-999.1,-99.8,-99.8,-99.8,-99.8,-99.8,-99.8,-99.8
2023-09-18 21:00:00,-9999.1,-99.8,-99.8,5.3,116.0,6.9,112.0,-999.1,-99.8,-99.8,-99.8,-99.8,-99.8,-99.8,-99.8
2023-09-18 22:00:00,-9999.1,-99.8,-99.8,6.8,113.0,9.9,136.0,-999.1,-99.8,-99.8,-99.8,-99.8,-99.8,-99.8,-99.8
2023-09-18 23:00:00,-9999.1,-99.8,-99.8,5.6,115.0,8.9,107.0,-999.1,-99.8,-99.8,-99.8,-99.8,-99.8,-99.8,-99.8
2023-09-19 00:00:00,-9999.1,-99.8,-99.8,5.9,116.0,9.3,106.0,-999.1,-99.8,-99.8,-99.8,-99.8,-99.8,-99.8,-99.8
2023-09-19 01:00:00,-9999.1,-99.8,-99.8,6.9,109.0,9.1,107.0,-999.1,-99.8,-99.8,-99.8,-99.8,-99.8,-99.8,-99.8
2023-09-19 02:00:00,-9999.1,-99.8,-99.8,6.2,119.0,10.3,120.0,-999.1,-99.8,-99.8,-99.8,-99.8,-99.8,-99.8,-99.8
2023-09-19 03:00:00,-9999.1,-99.8,-99.8,5.8,116.0,10.4,107.0,-999.1,-99.8,-99.8,-99.8,-99.8,-99.8,-99.8,-99.8
2023-09-19 04:00:00,-9999.1,-99.8,-99.8,3.4,105.0,8.0,112.0,-999.1,-99.8,-99.8,-99.8,-99.8,-99.8,-99.8,-99.8
2023-09-19 05:00:00,-9999.1,-99.8,-99.8,5.0,120.0,6.6,117.0,-999.1,-99.8,-99.8,-99.8,-99.8,-99.8,-99.8,-99.8
2023-09-19 06:00:00,-9999.1,-99.8,-99.8,5.1,110.0,8.6,111.0,-999.1,-99.8,-99.8,-99.8,-99.8,-99.8,-99.8,-99.8
2023-09-19 07:00:00,-9999.1,-99.8,-99.8,5.3,129.0,8.7,120.0,-999.1,-99.8,-99.8,-99.8,-99.8,-99.8,-99.8,-99.8
2023-09-19 08:00:00,-9999.1,-99.8,-99.8,4.9,131.0,7.8,128.0,-999.1,-99.8,-99.8,-99.8,-99.8,-99.8,-99.8,-99.8
2023-09-19 09:00:00,-9999.1,-99.8,-99.8,3.0,134.0,7.9,123.0,-999.1,-99.8,-99.8,-99.8,-99.8,-99.8,-99.8,-99.8
2023-09-19 10:00:00,-9999.1,-99.8,-99.8,1.3,152.0,4.9,153.0,-999.1,-99.8,-99.8,-99.8,-99.8,-99.8,-99.8,-99.8
2023-09-19 11:00:00,-9999.1,-99.8,-99.8,0.8,176.0,4.5,141.0,-999.1,-99.8,-99.8,-99.8,-99.8,-99.8,-99.8,-99.8
2023-09-19 12:00:00,-9999.1,-99.8,-99.8,1.0,193.0,4.2,151.0,-999.1,-99.8,-99.8,-99.8,-99.8,-99.8,-99.8,-99.8
2023-09-19 13:00:00,-9999.1,-99.8,-99.8,1.0,139.0,3.0,112.0,-999.1,-99.8,-99.8,-99.8,-99.8,-99.8,-99.8,-99.8
2023-09-19 14:00:00,-9999.1,-99.8,-99.8,0.3,183.0,4.6,112.0,-999.1,-99.8,-99.8,-99.8,-99.8,-99.8,-99.8,-99.8
2023-09-19 15:00:00,-9999.1,-99.8,-99.8,0.5,207.0,3.7,116.0,-999.1,-99.8,-99.8,-99.8,-99.8,-99.8,-99.8,-99.8
2023-09-19 16:00:00,-9999.1,-99.8,-99.8,0.5,158.0,3.8,262.0,-999.1,-99.8,-99.8,-99.8,-99.8,-99.8,-99.8,-99.8
2023-09-19 17:00:00,-9999.1,-99.8,-99.8,0.9,184.0,4.0,298.0,-999.1,-99.8,-99.8,-99.8,-99.8,-99.8,-99.8,-99.8
2023-09-19 18:00:00,-9999.1,-99.8,-99.8,1.2,39.0,2.9,85.0,-999.1,-99.8,-99.8,-99.8,-99.8,-99.8,-99.8,-99.8
2023-09-19 19:00:00,-9999.1,-99.8,-99.8,2.8,113.0,4.6,89.0,-999.1,-99.8,-99.8,-99.8,-99.8,-99.8,-99.8,-99.8
2023-09-19 20:00:00,-9999.1,-99.8,-99.8,1.9,77.0,5.5,116.0,-999.1,-99.8,-99.8,-99.8,-99.8,-99.8,-99.8,-99.8
2023-09-19 21:00:00,-9999.1,-99.8,-99.8,3.6,98.0,5.6,106.0,-999.1,-99.8,-99.8,-99.8,-99.8,-99.8,-99.8,-99.8
2023-09-19 22:00:00,-9999.1,-99.8,-99.8,6.4,109.0,8.2,108.0,-999.1,-99.8,-99.8,-99.8,-99.8,-99.8,-99.8,-99.8
2023-09-19 23:00:00,-9999.1,-99.8,-99.8,5.7,119.0,9.0,109.0,-999.1,-99.8,-99.8,-99.8,-99.8,-99.8,-99.8,-99.8
2023-09-20 00:00:00,-9999.1,-99.8,-99.8,5.5,116.0,9.7,118.0,-999.1,-99.8,-99.8,-99.8,-99.8,-99.8,-99.8,-99.8
2023-09-20 01:00:00,-9999.1,-99.8,-99.8,6.7,110.0,8.3,111.0,-999.1,-99.8,-99.8,-99.8,-99.8,-99.8,-99.8,-99.8
2023-09-20 02:00:00,-9999.1,-99.8,-99.8,5.4,109.0,8.9,115.0,-999.1,-99.8,-99.8,-99.8,-99.8,-99.8,-99.8,-99.8
2023-09-20 03:00:00,-9999.1,-99.8,-99.8,6.5,118.0,9.4,106.0,-999.1,-99.8,-99.8,-99.8,-99.8,-99.8,-99.8,-99.8
2023-09-20 04:00:00,-9999.1,-99.8,-99.8,6.9,110.0,9.3,110.0,-999.1,-99.8,-99.8,-99.8,-99.8,-99.8,-99.8,-99.8
2023-09-20 05:00:00,-9999.1,-99.8,-99.8,4.3,110.0,9.3,116.0,-999.1,-99.8,-99.8,-99.8,-99.8,-99.8,-99.8,-99.8
2023-09-20 06:00:00,-9999.1,-99.8,-99.8,4.7,108.0,6.3,106.0,-999.1,-99.8,-99.8,-99.8,-99.8,-99.8,-99.8,-99.8
2023-09-20 07:00:00,-9999.1,-99.8,-99.8,2.6,130.0,6.1,116.0,-999.1,-99.8,-99.8,-99.8,-99.8,-99.8,-99.8,-99.8
2023-09-20 08:00:00,-9999.1,-99.8,-99.8,3.2,128.0,5.4,131.0,-999.1,-99.8,-99.8,-99.8,-99.8,-99.8,-99.8,-99.8
2023-09-20 09:00:00,-9999.1,-99.8,-99.8,4.2,138.0,7.8,147.0,-999.1,-99.8,-99.8,-99.8,-99.8,-99.8,-99.8,-99.8
2023-09-20 10:00:00,-9999.1,-99.8,-99.8,1.3,223.0,5.3,148.0,-999.1,-99.8,-99.8,-99.8,-99.8,-99.8,-99.8,-99.8
2023-09-20 11:00:00,-9999.1,-99.8,-99.8,1.2,245.0,3.1,253.0,-999.1,-99.8,-99.8,-99.8,-99.8,-99.8,-99.8,-99.8
2023-09-20 12:00:00,-9999.1,-99.8,-99.8,1.9,252.0,4.5,246.0,-999.1,-99.8,-99.8,-99.8,-99.8,-99.8,-99.8,-99.8
2023-09-20 13:00:00,-9999.1,-99.8,-99.8,3.4,269.0,7.4,285.0,-999.1,-99.8,-99.8,-99.8,-99.8,-99.8,-99.8,-99.8
2023-09-20 14:00:00,-9999.1,-99.8,-99.8,4.0,278.0,7.1,295.0,-999.1,-99.8,-99.8,-99.8,-99.8,-99.8,-99.8,-99.8
2023-09-20 15:00:00,-9999.1,-99.8,-99.8,2.4,278.0,8.1,280.0,-999.1,-99.8,-99.8,-99.8,-99.8,-99.8,-99.8,-99.8
2023-09-20 16:00:00,-9999.1,-99.8,-99.8,-99.8,-99.8,6.1,265.0,-999.1,-99.8,-99.8,-99.8,-99.8,-99.8,-99.8,-99.8
2023-09-20 17:00:00,-9999.1,-99.8,-99.8,2.0,259.0,5.4,265.0,-999.1,-99.8,-99.8,-99.8,-99.8,-99.8,-99.8,-99.8
2023-09-20 18:00:00,-9999.1,-99.8,-99.8,3.0,116.0,4.7,118.0,-999.1,-99.8,-99.8,-99.8,-99.8,-99.8,-99.8,-99.8
2023-09-20 19:00:00,-9999.1,-99.8,-99.8,0.9,105.0,3.9,102.0,-999.1,-99.8,-99.8,-99.8,-99.8,-99.8,-99.8,-99.8
2023-09-20 20:00:00,-9999.1,-99.8,-99.8,0.0,0.0,3.2,116.0,-999.1,-99.8,-99.8,-99.8,-99.8,-99.8,-99.8,-99.8
2023-09-20 21:00:00,-9999.1,-99.8,-99.8,3.3,40.0,5.6,36.0,-999.1,-99.8,-99.8,-99.8,-99.8,-99.8,-99.8,-99.8
2023-09-20 22:00:00,-9999.1,-99.8,-99.8,2.5,34.0,4.9,37.0,-999.1,-99.8,-99.8,-99.8,-99.8,-99.8,-99.8,-99.8
2023-09-20 23:00:00,-9999.1,-99.8,-99.8,2.4,115.0,4.1,129.0,-999.1,-99.8,-99.8,-99.8,-99.8,-99.8,-99.8,-99.8
2023-09-21 00:00:00,-9999.1,-99.8,-99.8,3.9,101.0,4.2,93.0,-999.1,-99.8,-99.8,-99.8,-99.8,-99.8,-99.8,-99.8
2023-09-21 01:00:00,-9999.1,-99.8,-99.8,3.6,99.0,5.0,101.0,-999.1,-99.8,-99.8,-99.8,-99.8,-99.8,-99.8,-99.8
2023-09-21 02:00:00,-9999.1,-99.8,-99.8,5.6,107.0,6.8,106.0,-999.1,-99.8,-99.8,-99.8,-99.8,-99.8,-99.8,-99.8
2023-09-21 03:00:00,-9999.1,-99.8,-99.8,5.9,106.0,6.7,105.0,-999.1,-99.8,-99.8,-99.8,-99.8,-99.8,-99.8,-99.8
2023-09-21 04:00:00,-9999.1,-99.8,-99.8,5.5,110.0,7.3,109.0,-999.1,-99.8,-99.8,-99.8,-99.8,-99.8,-99.8,-99.8
2023-09-21 05:00:00,-9999.1,-99.8,-99.8,5.6,110.0,6.8,107.0,-999.1,-99.8,-99.8,-99.8,-99.8,-99.8,-99.8,-99.8
2023-09-21 06:00:00,-9999.1,-99.8,-99.8,5.6,114.0,7.5,106.0,-999.1,-99.8,-99.8,-99.8,-99.8,-99.8,-99.8,-99.8
2023-09-21 07:00:00,-9999.1,-99.8,-99.8,4.6,122.0,7.5,113.0,-999.1,-99.8,-99.8,-99.8,-99.8,-99.8,-99.8,-99.8
2023-09-21 08:00:00,-9999.1,-99.8,-99.8,2.6,138.0,6.3,141.0,-999.1,-99.8,-99.8,-99.8,-99.8,-99.8,-99.8,-99.8
2023-09-21 09:00:00,-9999.1,-99.8,-99.8,2.6,139.0,6.2,117.0,-999.1,-99.8,-99.8,-99.8,-99.8,-99.8,-99.8,-99.8
2023-09-21 10:00:00,-9999.1,-99.8,-99.8,1.0,185.0,5.5,108.0,-999.1,-99.8,-99.8,-99.8,-99.8,-99.8,-99.8,-99.8
2023-09-21 11:00:00,-9999.1,-99.8,-99.8,1.2,206.0,3.8,219.0,-999.1,-99.8,-99.8,-99.8,-99.8,-99.8,-99.8,-99.8
2023-09-21 12:00:00,-9999.1,-99.8,-99.8,0.8,190.0,3.6,216.0,-999.1,-99.8,-99.8,-99.8,-99.8,-99.8,-99.8,-99.8
2023-09-21 13:00:00,-9999.1,-99.8,-99.8,0.6,162.0,3.1,152.0,-999.1,-99.8,-99.8,-99.8,-99.8,-99.8,-99.8,-99.8
2023-09-21 14:00:00,-9999.1,-99.8,-99.8,0.9,149.0,2.7,151.0,-999.1,-99.8,-99.8,-99.8,-99.8,-99.8,-99.8,-99.8
2023-09-21 15:00:00,-9999.1,-99.8,-99.8,1.0,252.0,3.7,262.0,-999.1,-99.8,-99.8,-99.8,-99.8,-99.8,-99.8,-99.8
2023-09-21 16:00:00,-9999.1,-99.8,-99.8,0.6,162.0,4.2,260.0,-999.1,-99.8,-99.8,-99.8,-99.8,-99.8,-99.8,-99.8
2023-09-21 17:00:00,-9999.1,-99.8,-99.8,0.8,293.0,3.1,108.0,-999.1,-99.8,-99.8,-99.8,-99.8,-99.8,-99.8,-99.8
2023-09-21 18:00:00,-9999.1,-99.8,-99.8,1.3,111.0,3.7,116.0,-999.1,-99.8,-99.8,-99.8,-99.8,-99.8,-99.8,-99.8
2023-09-21 19:00:00,-9999.1,-99.8,-99.8,4.2,102.0,7.1,89.0,-999.1,-99.8,-99.8,-99.8,-99.8,-99.8,-99.8,-99.8
2023-09-21 20:00:00,-9999.1,-99.8,-99.8,4.5,110.0,5.9,118.0,-999.1,-99.8,-99.8,-99.8,-99.8,-99.8,-99.8,-99.8
2023-09-21 21:00:00,-9999.1,-99.8,-99.8,3.0,100.0,6.3,115.0,-999.1,-99.8,-99.8,-99.8,-99.8,-99.8,-99.8,-99.8
2023-09-21 22:00:00,-9999.1,-99.8,-99.8,0.7,317.0,4.2,107.0,-999.1,-99.8,-99.8,-99.8,-99.8,-99.8,-99.8,-99.8
2023-09-21 23:00:00,-9999.1,-99.8,-99.8,1.9,96.0,3.1,88.0,-999.1,-99.8,-99.8,-99.8,-99.8,-99.8,-99.8,-99.8
2023-09-22 00:00:00,-9999.1,-99.8,-99.8,3.0,110.0,4.7,108.0,-999.1,-99.8,-99.8,-99.8,-99.8,-99.8,-99.8,-99.8
2023-09-22 01:00:00,-9999.1,-99.8,-99.8,2.7,101.0,3.9,98.0,-999.1,-99.8,-99.8,-99.8,-99.8,-99.8,-99.8,-99.8
2023-09-22 02:00:00,-9999.1,-99.8,-99.8,3.4,109.0,4.6,89.0,-999.1,-99.8,-99.8,-99.8,-99.8,-99.8,-99.8,-99.8
2023-09-22 03:00:00,-9999.1,-99.8,-99.8,5.3,112.0,6.6,104.0,-999.1,-99.8,-99.8,-99.8,-99.8,-99.8,-99.8,-99.8
2023-09-22 04:00:00,-9999.1,-99.8,-99.8,6.0,107.0,7.8,109.0,-999.1,-99.8,-99.8,-99.8,-99.8,-99.8,-99.8,-99.8
2023-09-22 05:00:00,-9999.1,-99.8,-99.8,1.7,86.0,6.0,103.0,-999.1,-99.8,-99.8,-99.8,-99.8,-99.8,-99.8,-99.8
2023-09-22 06:00:00,-9999.1,-99.8,-99.8,5.0,115.0,6.3,116.0,-999.1,-99.8,-99.8,-99.8,-99.8,-99.8,-99.8,-99.8
2023-09-22 07:00:00,-9999.1,-99.8,-99.8,3.5,122.0,7.0,108.0,-999.1,-99.8,-99.8,-99.8,-99.8,-99.8,-99.8,-99.8
2023-09-22 08:00:00,-9999.1,-99.8,-99.8,4.3,129.0,6.6,133.0,-999.1,-99.8,-99.8,-99.8,-99.8,-99.8,-99.8,-99.8
2023-09-22 09:00:00,-9999.1,-99.8,-99.8,2.6,141.0,6.8,147.0,-999.1,-99.8,-99.8,-99.8,-99.8,-99.8,-99.8,-99.8
2023-09-22 10:00:00,-9999.1,-99.8,-99.8,2.3,160.0,6.3,137.0,-999.1,-99.8,-99.8,-99.8,-99.8,-99.8,-99.8,-99.8
2023-09-22 11:00:00,-9999.1,-99.8,-99.8,1.2,169.0,5.8,147.0,-999.1,-99.8,-99.8,-99.8,-99.8,-99.8,-99.8,-99.8
2023-09-22 12:00:00,-9999.1,-99.8,-99.8,0.8,184.0,4.0,149.0,-999.1,-99.8,-99.8,-99.8,-99.8,-99.8,-99.8,-99.8
2023-09-22 13:00:00,-9999.1,-99.8,-99.8,1.1,191.0,4.3,159.0,-999.1,-99.8,-99.8,-99.8,-99.8,-99.8,-99.8,-99.8
2023-09-22 14:00:00,-9999.1,-99.8,-99.8,1.1,173.0,5.2,140.0,-999.1,-99.8,-99.8,-99.8,-99.8,-99.8,-99.8,-99.8
2023-09-22 15:00:00,-9999.1,-99.8,-99.8,3.0,121.0,5.2,127.0,-999.1,-99.8,-99.8,-99.8,-99.8,-99.8,-99.8,-99.8
2023-09-22 16:00:00,-9999.1,-99.8,-99.8,2.3,118.0,4.7,150.0,-999.1,-99.8,-99.8,-99.8,-99.8,-99.8,-99.8,-99.8
2023-09-22 17:00:00,-9999.1,-99.8,-99.8,2.2,140.0,4.8,150.0,-999.1,-99.8,-99.8,-99.8,-99.8,-99.8,-99.8,-99.8
2023-09-22 18:00:00,-9999.1,-99.8,-99.8,4.2,115.0,6.1,117.0,-999.1,-99.8,-99.8,-99.8,-99.8,-99.8,-99.8,-99.8
2023-09-22 19:00:00,-9999.1,-99.8,-99.8,6.7,111.0,8.9,108.0,-999.1,-99.8,-99.8,-99.8,-99.8,-99.8,-99.8,-99.8
2023-09-22 20:00:00,-9999.1,-99.8,-99.8,4.1,106.0,7.3,120.0,-999.1,-99.8,-99.8,-99.8,-99.8,-99.8,-99.8,-99.8
2023-09-22 21:00:00,-9999.1,-99.8,-99.8,4.2,111.0,7.2,114.0,-999.1,-99.8,-99.8,-99.8,-99.8,-99.8,-99.8,-99.8
2023-09-22 22:00:00,-9999.1,-99.8,-99.8,3.5,108.0,5.9,106.0,-999.1,-99.8,-99.8,-99.8,-99.8,-99.8,-99.8,-99.8
2023-09-22 23:00:00,-9999.1,-99.8,-99.8,5.0,109.0,7.0,116.0,-999.1,-99.8,-99.8,-99.8,-99.8,-99.8,-99.8,-99.8
2023-09-23 00:00:00,-9999.1,-99.8,-99.8,6.1,105.0,6.9,108.0,-999.1,-99.8,-99.8,-99.8,-99.8,-99.8,-99.8,-99.8
2023-09-23 01:00:00,-9999.1,-99.8,-99.8,6.0,111.0,8.0,113.0,-999.1,-99.8,-99.8,-99.8,-99.8,-99.8,-99.8,-99.8
2023-09-23 02:00:00,-9999.1,-99.8,-99.8,6.0,110.0,7.3,104.0,-999.1,-99.8,-99.8,-99.8,-99.8,-99.8,-99.8,-99.8
2023-09-23 03:00:00,-9999.1,-99.8,-99.8,5.5,110.0,7.6,112.0,-999.1,-99.8,-99.8,-99.8,-99.8,-99.8,-99.8,-99.8
2023-09-23 04:00:00,-9999.1,-99.8,-99.8,5.6,116.0,8.4,114.0,-999.1,-99.8,-99.8,-99.8,-99.8,-99.8,-99.8,-99.8
2023-09-23 05:00:00,-9999.1,-99.8,-99.8,5.9,114.0,8.3,112.0,-999.1,-99.8,-99.8,-99.8,-99.8,-99.8,-99.8,-99.8
2023-09-23 06:00:00,-9999.1,-99.8,-99.8,6.7,111.0,9.2,109.0,-999.1,-99.8,-99.8,-99.8,-99.8,-99.8,-99.8,-99.8
2023-09-23 07:00:00,-9999.1,-99.8,-99.8,6.6,119.0,9.7,109.0,-999.1,-99.8,-99.8,-99.8,-99.8,-99.8,-99.8,-99.8
2023-09-23 08:00:00,-9999.1,-99.8,-99.8,6.5,129.0,9.4,138.0,-999.1,-99.8,-99.8,-99.8,-99.8,-99.8,-99.8,-99.8
2023-09-23 09:00:00,-9999.1,-99.8,-99.8,5.5,133.0,9.9,140.0,-999.1,-99.8,-99.8,-99.8,-99.8,-99.8,-99.8,-99.8
2023-09-23 10:00:00,-9999.1,-99.8,-99.8,3.4,140.0,7.8,125.0,-999.1,-99.8,-99.8,-99.8,-99.8,-99.8,-99.8,-99.8
2023-09-23 11:00:00,-9999.1,-99.8,-99.8,-99.8,-99.8,6.3,153.0,-999.1,-99.8,-99.8,-99.8,-99.8,-99.8,-99.8,-99.8
2023-09-23 12:00:00,-9999.1,-99.8,-99.8,1.5,120.0,6.1,151.0,-999.1,-99.8,-99.8,-99.8,-99.8,-99.8,-99.8,-99.8
2023-09-23 13:00:00,-9999.1,-99.8,-99.8,2.6,122.0,5.4,107.0,-999.1,-99.8,-99.8,-99.8,-99.8,-99.8,-99.8,-99.8
2023-09-23 14:00:00,-9999.1,-99.8,-99.8,1.3,158.0,5.6,119.0,-999.1,-99.8,-99.8,-99.8,-99.8,-99.8,-99.8,-99.8
2023-09-23 15:00:00,-9999.1,-99.8,-99.8,1.4,129.0,6.0,121.0,-999.1,-99.8,-99.8,-99.8,-99.8,-99.8,-99.8,-99.8
2023-09-23 16:00:00,-9999.1,-99.8,-99.8,2.2,109.0,6.6,127.0,-999.1,-99.8,-99.8,-99.8,-99.8,-99.8,-99.8,-99.8
2023-09-23 17:00:00,-9999.1,-99.8,-99.8,3.2,119.0,6.4,133.0,-999.1,-99.8,-99.8,-99.8,-99.8,-99.8,-99.8,-99.8
2023-09-23 18:00:00,-9999.1,-99.8,-99.8,4.0,114.0,6.4,112.0,-999.1,-99.8,-99.8,-99.8,-99.8,-99.8,-99.8,-99.8
2023-09-23 19:00:00,-9999.1,-99.8,-99.8,5.0,114.0,8.4,110.0,-999.1,-99.8,-99.8,-99.8,-99.8,-99.8,-99.8,-99.8
2023-09-23 20:00:00,-9999.1,-99.8,-99.8,6.3,113.0,8.8,110.0,-999.1,-99.8,-99.8,-99.8,-99.8,-99.8,-99.8,-99.8
2023-09-23 21:00:00,-9999.1,-99.8,-99.8,6.1,113.0,8.9,112.0,-999.1,-99.8,-99.8,-99.8,-99.8,-99.8,-99.8,-99.8
2023-09-23 22:00:00,-9999.1,-99.8,-99.8,7.2,111.0,10.1,109.0,-999.1,-99.8,-99.8,-99.8,-99.8,-99.8,-99.8,-99.8
2023-09-23 23:00:00,-9999.1,-99.8,-99.8,5.6,118.0,9.3,111.0,-999.1,-99.8,-99.8,-99.8,-99.8,-99.8,-99.8,-99.8
2023-09-24 00:00:00,-9999.1,-99.8,-99.8,6.3,105.0,8.9,112.0,-999.1,-99.8,-99.8,-99.8,-99.8,-99.8,-99.8,-99.8
2023-09-24 01:00:00,-9999.1,-99.8,-99.8,5.5,107.0,7.1,111.0,-999.1,-99.8,-99.8,-99.8,-99.8,-99.8,-99.8,-99.8
2023-09-24 02:00:00,-9999.1,-99.8,-99.8,3.8,89.0,7.2,112.0,-999.1,-99.8,-99.8,-99.8,-99.8,-99.8,-99.8,-99.8
2023-09-24 03:00:00,-9999.1,-99.8,-99.8,2.9,99.0,5.4,103.0,-999.1,-99.8,-99.8,-99.8,-99.8,-99.8,-99.8,-99.8
2023-09-24 04:00:00,-9999.1,-99.8,-99.8,4.8,109.0,6.9,102.0,-999.1,-99.8,-99.8,-99.8,-99.8,-99.8,-99.8,-99.8
2023-09-24 05:00:00,-9999.1,-99.8,-99.8,6.3,108.0,8.5,111.0,-999.1,-99.8,-99.8,-99.8,-99.8,-99.8,-99.8,-99.8
2023-09-24 06:00:00,-9999.1,-99.8,-99.8,6.8,110.0,9.8,104.0,-999.1,-99.8,-99.8,-99.8,-99.8,-99.8,-99.8,-99.8
2023-09-24 07:00:00,-9999.1,-99.8,-99.8,3.8,128.0,7.5,116.0,-999.1,-99.8,-99.8,-99.8,-99.8,-99.8,-99.8,-99.8
2023-09-24 08:00:00,-9999.1,-99.8,-99.8,3.5,138.0,6.9,153.0,-999.1,-99.8,-99.8,-99.8,-99.8,-99.8,-99.8,-99.8
2023-09-24 09:00:00,-9999.1,-99.8,-99.8,1.5,152.0,6.1,138.0,-999.1,-99.8,-99.8,-99.8,-99.8,-99.8,-99.8,-99.8
2023-09-24 10:00:00,-9999.1,-99.8,-99.8,1.5,191.0,5.5,151.0,-999.1,-99.8,-99.8,-99.8,-99.8,-99.8,-99.8,-99.8
2023-09-24 11:00:00,-9999.1,-99.8,-99.8,0.8,191.0,3.7,165.0,-999.1,-99.8,-99.8,-99.8,-99.8,-99.8,-99.8,-99.8
2023-09-24 12:00:00,-9999.1,-99.8,-99.8,1.5,228.0,4.1,221.0,-999.1,-99.8,-99.8,-99.8,-99.8,-99.8,-99.8,-99.8
2023-09-24 13:00:00,-9999.1,-99.8,-99.8,1.3,239.0,5.3,223.0,-999.1,-99.8,-99.8,-99.8,-99.8,-99.8,-99.8,-99.8
2023-09-24 14:00:00,-9999.1,-99.8,-99.8,0.9,243.0,3.0,264.0,-999.1,-99.8,-99.8,-99.8,-99.8,-99.8,-99.8,-99.8
2023-09-24 15:00:00,-9999.1,-99.8,-99.8,0.9,256.0,3.5,295.0,-999.1,-99.8,-99.8,-99.8,-99.8,-99.8,-99.8,-99.8
2023-09-24 16:00:00,-9999.1,-99.8,-99.8,2.7,135.0,3.7,296.0,-999.1,-99.8,-99.8,-99.8,-99.8,-99.8,-99.8,-99.8
2023-09-24 17:00:00,-9999.1,-99.8,-99.8,1.3,180.0,3.4,144.0,-999.1,-99.8,-99.8,-99.8,-99.8,-99.8,-99.8,-99.8
2023-09-24 18:00:00,-9999.1,-99.8,-99.8,5.6,116.0,8.2,142.0,-999.1,-99.8,-99.8,-99.8,-99.8,-99.8,-99.8,-99.8
2023-09-24 19:00:00,-9999.1,-99.8,-99.8,6.4,120.0,10.1,114.0,-999.1,-99.8,-99.8,-99.8,-99.8,-99.8,-99.8,-99.8
2023-09-24 20:00:00,-9999.1,-99.8,-99.8,6.4,118.0,8.9,146.0,-999.1,-99.8,-99.8,-99.8,-99.8,-99.8,-99.8,-99.8
2023-09-24 21:00:00,-9999.1,-99.8,-99.8,6.7,115.0,10.3,109.0,-999.1,-99.8,-99.8,-99.8,-99.8,-99.8,-99.8,-99.8
2023-09-24 22:00:00,-9999.1,-99.8,-99.8,6.1,113.0,8.7,103.0,-999.1,-99.8,-99.8,-99.8,-99.8,-99.8,-99.8,-99.8
2023-09-24 23:00:00,-9999.1,-99.8,-99.8,6.2,118.0,8.7,119.0,-999.1,-99.8,-99.8,-99.8,-99.8,-99.8,-99.8,-99.8
2023-09-25 00:00:00,-9999.1,-99.8,-99.8,6.2,108.0,9.2,111.0,-999.1,-99.8,-99.8,-99.8,-99.8,-99.8,-99.8,-99.8
2023-09-25 01:00:00,-9999.1,-99.8,-99.8,5.9,105.0,8.2,116.0,-999.1,-99.8,-99.8,-99.8,-99.8,-99.8,-99.8,-99.8
2023-09-25 02:00:00,-9999.1,-99.8,-99.8,5.6,108.0,7.6,112.0,-999.1,-99.8,-99.8,-99.8,-99.8,-99.8,-99.8,-99.8
2023-09-25 03:00:00,-9999.1,-99.8,-99.8,6.5,108.0,8.6,109.0,-999.1,-99.8,-99.8,-99.8,-99.8,-99.8,-99.8,-99.8
2023-09-25 04:00:00,-9999.1,-99.8,-99.8,5.7,112.0,10.1,116.0,-999.1,-99.8,-99.8,-99.8,-99.8,-99.8,-99.8,-99.8
2023-09-25 05:00:00,-9999.1,-99.8,-99.8,6.3,120.0,9.2,108.0,-999.1,-99.8,-99.8,-99.8,-99.8,-99.8,-99.8,-99.8
2023-09-25 06:00:00,-9999.1,-99.8,-99.8,6.5,111.0,9.6,108.0,-999.1,-99.8,-99.8,-99.8,-99.8,-99.8,-99.8,-99.8
2023-09-25 07:00:00,-9999.1,-99.8,-99.8,4.0,144.0,8.3,126.0,-999.1,-99.8,-99.8,-99.8,-99.8,-99.8,-99.8,-99.8
2023-09-25 08:00:00,-9999.1,-99.8,-99.8,3.8,140.0,7.6,146.0,-999.1,-99.8,-99.8,-99.8,-99.8,-99.8,-99.8,-99.8
2023-09-25 09:00:00,-9999.1,-99.8,-99.8,3.1,140.0,7.6,138.0,-999.1,-99.8,-99.8,-99.8,-99.8,-99.8,-99.8,-99.8
2023-09-25 10:00:00,-9999.1,-99.8,-99.8,2.2,160.0,6.7,117.0,-999.1,-99.8,-99.8,-99.8,-99.8,-99.8,-99.8,-99.8
2023-09-25 11:00:00,-9999.1,-99.8,-99.8,1.1,179.0,5.7,148.0,-999.1,-99.8,-99.8,-99.8,-99.8,-99.8,-99.8,-99.8
2023-09-25 12:00:00,-9999.1,-99.8,-99.8,1.0,186.0,5.5,156.0,-999.1,-99.8,-99.8,-99.8,-99.8,-99.8,-99.8,-99.8
2023-09-25 13:00:00,-9999.1,-99.8,-99.8,1.9,212.0,4.3,209.0,-999.1,-99.8,-99.8,-99.8,-99.8,-99.8,-99.8,-99.8
2023-09-25 14:00:00,-9999.1,-99.8,-99.8,0.5,221.0,5.3,213.0,-999.1,-99.8,-99.8,-99.8,-99.8,-99.8,-99.8,-99.8
2023-09-25 15:00:00,-9999.1,-99.8,-99.8,1.0,184.0,3.9,152.0,-999.1,-99.8,-99.8,-99.8,-99.8,-99.8,-99.8,-99.8
2023-09-25 16:00:00,-9999.1,-99.8,-99.8,1.1,196.0,4.9,234.0,-999.1,-99.8,-99.8,-99.8,-99.8,-99.8,-99.8,-99.8
2023-09-25 17:00:00,-9999.1,-99.8,-99.8,1.0,182.0,3.9,301.0,-999.1,-99.8,-99.8,-99.8,-99.8,-99.8,-99.8,-99.8
2023-09-25 18:00:00,-9999.1,-99.8,-99.8,2.2,265.0,3.2,258.0,-999.1,-99.8,-99.8,-99.8,-99.8,-99.8,-99.8,-99.8
2023-09-25 19:00:00,-9999.1,-99.8,-99.8,1.7,347.0,3.3,257.0,-999.1,-99.8,-99.8,-99.8,-99.8,-99.8,-99.8,-99.8
2023-09-25 20:00:00,-9999.1,-99.8,-99.8,4.9,120.0,7.5,111.0,-999.1,-99.8,-99.8,-99.8,-99.8,-99.8,-99.8,-99.8
2023-09-25 21:00:00,-9999.1,-99.8,-99.8,6.0,112.0,8.5,110.0,-999.1,-99.8,-99.8,-99.8,-99.8,-99.8,-99.8,-99.8
2023-09-25 22:00:00,-9999.1,-99.8,-99.8,4.4,130.0,8.7,111.0,-999.1,-99.8,-99.8,-99.8,-99.8,-99.8,-99.8,-99.8
2023-09-25 23:00:00,-9999.1,-99.8,-99.8,1.3,5.0,6.9,131.0,-999.1,-99.8,-99.8,-99.8,-99.8,-99.8,-99.8,-99.8
2023-09-26 00:00:00,-9999.1,-99.8,-99.8,1.3,89.0,5.8,122.0,-999.1,-99.8,-99.8,-99.8,-99.8,-99.8,-99.8,-99.8
2023-09-26 01:00:00,-9999.1,-99.8,-99.8,1.7,336.0,7.8,59.0,-999.1,-99.8,-99.8,-99.8,-99.8,-99.8,-99.8,-99.8
2023-09-26 02:00:00,-9999.1,-99.8,-99.8,1.2,185.0,4.8,227.0,-999.1,-99.8,-99.8,-99.8,-99.8,-99.8,-99.8,-99.8
2023-09-26 03:00:00,-9999.1,-99.8,-99.8,3.8,132.0,11.2,141.0,-999.1,-99.8,-99.8,-99.8,-99.8,-99.8,-99.8,-99.8
2023-09-26 04:00:00,-9999.1,-99.8,-99.8,4.9,140.0,12.4,149.0,-999.1,-99.8,-99.8,-99.8,-99.8,-99.8,-99.8,-99.8
2023-09-26 05:00:00,-9999.1,-99.8,-99.8,2.7,136.0,13.6,145.0,-999.1,-99.8,-99.8,-99.8,-99.8,-99.8,-99.8,-99.8
2023-09-26 06:00:00,-9999.1,-99.8,-99.8,8.3,125.0,15.1,124.0,-999.1,-99.8,-99.8,-99.8,-99.8,-99.8,-99.8,-99.8
2023-09-26 07:00:00,-9999.1,-99.8,-99.8,4.3,133.0,13.5,145.0,-999.1,-99.8,-99.8,-99.8,-99.8,-99.8,-99.8,-99.8
2023-09-26 08:00:00,-9999.1,-99.8,-99.8,3.2,137.0,12.9,140.0,-999.1,-99.8,-99.8,-99.8,-99.8,-99.8,-99.8,-99.8
2023-09-26 09:00:00,-9999.1,-99.8,-99.8,6.0,134.0,13.7,106.0,-999.1,-99.8,-99.8,-99.8,-99.8,-99.8,-99.8,-99.8
2023-09-26 10:00:00,-9999.1,-99.8,-99.8,3.6,143.0,12.0,148.0,-999.1,-99.8,-99.8,-99.8,-99.8,-99.8,-99.8,-99.8
2023-09-26 11:00:00,-9999.1,-99.8,-99.8,1.8,172.0,12.3,120.0,-999.1,-99.8,-99.8,-99.8,-99.8,-99.8,-99.8,-99.8
2023-09-26 12:00:00,-9999.1,-99.8,-99.8,1.6,189.0,6.4,141.0,-999.1,-99.8,-99.8,-99.8,-99.8,-99.8,-99.8,-99.8
2023-09-26 13:00:00,-9999.1,-99.8,-99.8,1.2,179.0,6.9,223.0,-999.1,-99.8,-99.8,-99.8,-99.8,-99.8,-99.8,-99.8
2023-09-26 14:00:00,-9999.1,-99.8,-99.8,1.4,195.0,6.1,145.0,-999.1,-99.8,-99.8,-99.8,-99.8,-99.8,-99.8,-99.8
2023-09-26 15:00:00,-9999.1,-99.8,-99.8,4.7,110.0,9.2,114.0,-999.1,-99.8,-99.8,-99.8,-99.8,-99.8,-99.8,-99.8
2023-09-26 16:00:00,-9999.1,-99.8,-99.8,1.2,136.0,9.5,96.0,-999.1,-99.8,-99.8,-99.8,-99.8,-99.8,-99.8,-99.8
2023-09-26 17:00:00,-9999.1,-99.8,-99.8,6.3,115.0,12.4,129.0,-999.1,-99.8,-99.8,-99.8,-99.8,-99.8,-99.8,-99.8
2023-09-26 18:00:00,-9999.1,-99.8,-99.8,6.7,115.0,12.7,113.0,-999.1,-99.8,-99.8,-99.8,-99.8,-99.8,-99.8,-99.8
2023-09-26 19:00:00,-9999.1,-99.8,-99.8,11.4,110.0,20.1,100.0,-999.1,-99.8,-99.8,-99.8,-99.8,-99.8,-99.8,-99.8
2023-09-26 20:00:00,-9999.1,-99.8,-99.8,11.0,113.0,23.1,109.0,-999.1,-99.8,-99.8,-99.8,-99.8,-99.8,-99.8,-99.8
2023-09-26 21:00:00,-9999.1,-99.8,-99.8,12.1,115.0,24.0,102.0,-999.1,-99.8,-99.8,-99.8,-99.8,-99.8,-99.8,-99.8
2023-09-26 22:00:00,-9999.1,-99.8,-99.8,9.7,126.0,22.2,107.0,-999.1,-99.8,-99.8,-99.8,-99.8,-99.8,-99.8,-99.8
2023-09-26 23:00:00,-9999.1,-99.8,-99.8,14.5,113.0,21.5,116.0,-999.1,-99.8,-99.8,-99.8,-99.8,-99.8,-99.8,-99.8
2023-09-27 00:00:00,-9999.1,-99.8,-99.8,9.1,128.0,21.9,125.0,-999.1,-99.8,-99.8,-99.8,-99.8,-99.8,-99.8,-99.8
2023-09-27 01:00:00,-9999.1,-99.8,-99.8,11.1,128.0,18.4,142.0,-999.1,-99.8,-99.8,-99.8,-99.8,-99.8,-99.8,-99.8
2023-09-27 02:00:00,-9999.1,-99.8,-99.8,7.2,140.0,20.9,134.0,-999.1,-99.8,-99.8,-99.8,-99.8,-99.8,-99.8,-99.8
2023-09-27 03:00:00,-9999.1,-99.8,-99.8,6.4,130.0,13.2,155.0,-999.1,-99.8,-99.8,-99.8,-99.8,-99.8,-99.8,-99.8
2023-09-27 04:00:00,-9999.1,-99.8,-99.8,6.1,133.0,11.0,148.0,-999.1,-99.8,-99.8,-99.8,-99.8,-99.8,-99.8,-99.8
2023-09-27 05:00:00,-9999.1,-99.8,-99.8,7.5,135.0,12.7,136.0,-999.1,-99.8,-99.8,-99.8,-99.8,-99.8,-99.8,-99.8
2023-09-27 06:00:00,-9999.1,-99.8,-99.8,5.4,130.0,13.0,151.0,-999.1,-99.8,-99.8,-99.8,-99.8,-99.8,-99.8,-99.8
2023-09-27 07:00:00,-9999.1,-99.8,-99.8,7.0,134.0,13.6,131.0,-999.1,-99.8,-99.8,-99.8,-99.8,-99.8,-99.8,-99.8
2023-09-27 08:00:00,-9999.1,-99.8,-99.8,6.9,137.0,14.5,122.0,-999.1,-99.8,-99.8,-99.8,-99.8,-99.8,-99.8,-99.8
2023-09-27 09:00:00,-9999.1,-99.8,-99.8,6.3,131.0,14.5,121.0,-999.1,-99.8,-99.8,-99.8,-99.8,-99.8,-99.8,-99.8
2023-09-27 10:00:00,-9999.1,-99.8,-99.8,4.4,128.0,13.5,136.0,-999.1,-99.8,-99.8,-99.8,-99.8,-99.8,-99.8,-99.8
2023-09-27 11:00:00,-9999.1,-99.8,-99.8,1.8,194.0,10.7,118.0,-999.1,-99.8,-99.8,-99.8,-99.8,-99.8,-99.8,-99.8
2023-09-27 12:00:00,-9999.1,-99.8,-99.8,1.8,132.0,7.7,105.0,-999.1,-99.8,-99.8,-99.8,-99.8,-99.8,-99.8,-99.8
2023-09-27 13:00:00,-9999.1,-99.8,-99.8,3.2,152.0,10.3,121.0,-999.1,-99.8,-99.8,-99.8,-99.8,-99.8,-99.8,-99.8
2023-09-27 14:00:00,-9999.1,-99.8,-99.8,1.7,147.0,7.5,152.0,-999.1,-99.8,-99.8,-99.8,-99.8,-99.8,-99.8,-99.8
2023-09-27 15:00:00,-9999.1,-99.8,-99.8,0.6,190.0,5.7,156.0,-999.1,-99.8,-99.8,-99.8,-99.8,-99.8,-99.8,-99.8
2023-09-27 16:00:00,-9999.1,-99.8,-99.8,0.6,167.0,6.4,148.0,-999.1,-99.8,-99.8,-99.8,-99.8,-99.8,-99.8,-99.8
2023-09-27 17:00:00,-9999.1,-99.8,-99.8,1.4,103.0,5.4,83.0,-999.1,-99.8,-99.8,-99.8,-99.8,-99.8,-99.8,-99.8
2023-09-27 18:00:00,-9999.1,-99.8,-99.8,3.2,24.0,4.9,13.0,-999.1,-99.8,-99.8,-99.8,-99.8,-99.8,-99.8,-99.8
2023-09-27 19:00:00,-9999.1,-99.8,-99.8,2.1,50.0,5.6,116.0,-999.1,-99.8,-99.8,-99.8,-99.8,-99.8,-99.8,-99.8
2023-09-27 20:00:00,-9999.1,-99.8,-99.8,4.0,138.0,10.8,149.0,-999.1,-99.8,-99.8,-99.8,-99.8,-99.8,-99.8,-99.8
2023-09-27 21:00:00,-9999.1,-99.8,-99.8,3.2,145.0,9.2,141.0,-999.1,-99.8,-99.8,-99.8,-99.8,-99.8,-99.8,-99.8
2023-09-27 22:00:00,-9999.1,-99.8,-99.8,7.5,139.0,12.4,132.0,-999.1,-99.8,-99.8,-99.8,-99.8,-99.8,-99.8,-99.8
2023-09-27 23:00:00,-9999.1,-99.8,-99.8,4.5,142.0,12.4,129.0,-999.1,-99.8,-99.8,-99.8,-99.8,-99.8,-99.8,-99.8
2023-09-28 00:00:00,-9999.1,-99.8,-99.8,7.9,129.0,10.9,135.0,-999.1,-99.8,-99.8,-99.8,-99.8,-99.8,-99.8,-99.8
2023-09-28 01:00:00,-9999.1,-99.8,-99.8,7.3,124.0,12.7,137.0,-999.1,-99.8,-99.8,-99.8,-99.8,-99.8,-99.8,-99.8
2023-09-28 02:00:00,-9999.1,-99.8,-99.8,6.1,139.0,13.2,126.0,-999.1,-99.8,-99.8,-99.8,-99.8,-99.8,-99.8,-99.8
2023-09-28 03:00:00,-9999.1,-99.8,-99.8,4.9,118.0,10.3,145.0,-999.1,-99.8,-99.8,-99.8,-99.8,-99.8,-99.8,-99.8
2023-09-28 04:00:00,-9999.1,-99.8,-99.8,3.9,131.0,9.1,139.0,-999.1,-99.8,-99.8,-99.8,-99.8,-99.8,-99.8,-99.8
2023-09-28 05:00:00,-9999.1,-99.8,-99.8,3.9,134.0,8.7,149.0,-999.1,-99.8,-99.8,-99.8,-99.8,-99.8,-99.8,-99.8
2023-09-28 06:00:00,-9999.1,-99.8,-99.8,6.8,109.0,10.1,105.0,-999.1,-99.8,-99.8,-99.8,-99.8,-99.8,-99.8,-99.8
2023-09-28 07:00:00,-9999.1,-99.8,-99.8,5.6,141.0,10.8,153.0,-999.1,-99.8,-99.8,-99.8,-99.8,-99.8,-99.8,-99.8
2023-09-28 08:00:00,-9999.1,-99.8,-99.8,4.3,135.0,9.5,153.0,-999.1,-99.8,-99.8,-99.8,-99.8,-99.8,-99.8,-99.8
2023-09-28 09:00:00,-9999.1,-99.8,-99.8,3.8,140.0,9.6,146.0,-999.1,-99.8,-99.8,-99.8,-99.8,-99.8,-99.8,-99.8
2023-09-28 10:00:00,-9999.1,-99.8,-99.8,2.6,151.0,9.5,149.0,-999.1,-99.8,-99.8,-99.8,-99.8,-99.8,-99.8,-99.8
2023-09-28 11:00:00,-9999.1,-99.8,-99.8,2.7,139.0,8.1,112.0,-999.1,-99.8,-99.8,-99.8,-99.8,-99.8,-99.8,-99.8
2023-09-28 12:00:00,-9999.1,-99.8,-99.8,2.2,151.0,6.7,151.0,-999.1,-99.8,-99.8,-99.8,-99.8,-99.8,-99.8,-99.8
2023-09-28 13:00:00,-9999.1,-99.8,-99.8,2.5,117.0,6.8,147.0,-999.1,-99.8,-99.8,-99.8,-99.8,-99.8,-99.8,-99.8
2023-09-28 14:00:00,-9999.1,-99.8,-99.8,1.6,142.0,5.6,120.0,-999.1,-99.8,-99.8,-99.8,-99.8,-99.8,-99.8,-99.8
2023-09-28 15:00:00,-9999.1,-99.8,-99.8,3.1,125.0,5.4,110.0,-999.1,-99.8,-99.8,-99.8,-99.8,-99.8,-99.8,-99.8
2023-09-28 16:00:00,-9999.1,-99.8,-99.8,1.9,154.0,5.7,106.0,-999.1,-99.8,-99.8,-99.8,-99.8,-99.8,-99.8,-99.8
2023-09-28 17:00:00,-9999.1,-99.8,-99.8,2.1,145.0,5.7,112.0,-999.1,-99.8,-99.8,-99.8,-99.8,-99.8,-99.8,-99.8
2023-09-28 18:00:00,-9999.1,-99.8,-99.8,3.1,111.0,6.2,144.0,-999.1,-99.8,-99.8,-99.8,-99.8,-99.8,-99.8,-99.8
2023-09-28 19:00:00,-9999.1,-99.8,-99.8,4.8,118.0,8.8,127.0,-999.1,-99.8,-99.8,-99.8,-99.8,-99.8,-99.8,-99.8
2023-09-28 20:00:00,-9999.1,-99.8,-99.8,3.9,117.0,7.7,103.0,-999.1,-99.8,-99.8,-99.8,-99.8,-99.8,-99.8,-99.8
2023-09-28 21:00:00,-9999.1,-99.8,-99.8,4.7,111.0,7.8,117.0,-999.1,-99.8,-99.8,-99.8,-99.8,-99.8,-99.8,-99.8
2023-09-28 22:00:00,-9999.1,-99.8,-99.8,3.6,118.0,8.7,120.0,-999.1,-99.8,-99.8,-99.8,-99.8,-99.8,-99.8,-99.8
2023-09-28 23:00:00,-9999.1,-99.8,-99.8,3.8,118.0,9.3,108.0,-999.1,-99.8,-99.8,-99.8,-99.8,-99.8,-99.8,-99.8
2023-09-29 00:00:00,-9999.1,-99.8,-99.8,3.1,119.0,6.3,110.0,-999.1,-99.8,-99.8,-99.8,-99.8,-99.8,-99.8,-99.8
2023-09-29 01:00:00,-9999.1,-99.8,-99.8,3.5,117.0,6.9,109.0,-999.1,-99.8,-99.8,-99.8,-99.8,-99.8,-99.8,-99.8
2023-09-29 02:00:00,-9999.1,-99.8,-99.8,4.4,116.0,7.2,105.0,-999.1,-99.8,-99.8,-99.8,-99.8,-99.8,-99.8,-99.8
2023-09-29 03:00:00,-9999.1,-99.8,-99.8,5.6,111.0,8.3,105.0,-999.1,-99.8,-99.8,-99.8,-99.8,-99.8,-99.8,-99.8
2023-09-29 04:00:00,-9999.1,-99.8,-99.8,7.4,110.0,9.3,109.0,-999.1,-99.8,-99.8,-99.8,-99.8,-99.8,-99.8,-99.8
2023-09-29 05:00:00,-9999.1,-99.8,-99.8,7.5,112.0,10.9,104.0,-999.1,-99.8,-99.8,-99.8,-99.8,-99.8,-99.8,-99.8
2023-09-29 06:00:00,-9999.1,-99.8,-99.8,7.2,110.0,9.9,112.0,-999.1,-99.8,-99.8,-99.8,-99.8,-99.8,-99.8,-99.8
2023-09-29 07:00:00,-9999.1,-99.8,-99.8,6.4,118.0,9.3,107.0,-999.1,-99.8,-99.8,-99.8,-99.8,-99.8,-99.8,-99.8
2023-09-29 08:00:00,-9999.1,-99.8,-99.8,5.3,131.0,8.4,122.0,-999.1,-99.8,-99.8,-99.8,-99.8,-99.8,-99.8,-99.8
2023-09-29 09:00:00,-9999.1,-99.8,-99.8,5.1,133.0,9.3,145.0,-999.1,-99.8,-99.8,-99.8,-99.8,-99.8,-99.8,-99.8
2023-09-29 10:00:00,-9999.1,-99.8,-99.8,2.5,147.0,7.3,152.0,-999.1,-99.8,-99.8,-99.8,-99.8,-99.8,-99.8,-99.8
2023-09-29 11:00:00,-9999.1,-99.8,-99.8,2.3,152.0,5.7,112.0,-999.1,-99.8,-99.8,-99.8,-99.8,-99.8,-99.8,-99.8
2023-09-29 12:00:00,-9999.1,-99.8,-99.8,0.9,194.0,5.4,153.0,-999.1,-99.8,-99.8,-99.8,-99.8,-99.8,-99.8,-99.8
2023-09-29 13:00:00,-9999.1,-99.8,-99.8,2.8,130.0,6.5,126.0,-999.1,-99.8,-99.8,-99.8,-99.8,-99.8,-99.8,-99.8
2023-09-29 14:00:00,-9999.1,-99.8,-99.8,0.6,198.0,4.3,142.0,-999.1,-99.8,-99.8,-99.8,-99.8,-99.8,-99.8,-99.8
2023-09-29 15:00:00,-9999.1,-99.8,-99.8,0.0,0.0,5.9,168.0,-999.1,-99.8,-99.8,-99.8,-99.8,-99.8,-99.8,-99.8
2023-09-29 16:00:00,-9999.1,-99.8,-99.8,1.1,264.0,4.0,259.0,-999.1,-99.8,-99.8,-99.8,-99.8,-99.8,-99.8,-99.8
2023-09-29 17:00:00,-9999.1,-99.8,-99.8,3.0,119.0,5.7,141.0,-999.1,-99.8,-99.8,-99.8,-99.8,-99.8,-99.8,-99.8
2023-09-29 18:00:00,-9999.1,-99.8,-99.8,1.9,73.0,5.0,112.0,-999.1,-99.8,-99.8,-99.8,-99.8,-99.8,-99.8,-99.8
2023-09-29 19:00:00,-9999.1,-99.8,-99.8,5.2,130.0,8.8,131.0,-999.1,-99.8,-99.8,-99.8,-99.8,-99.8,-99.8,-99.8
2023-09-29 20:00:00,-9999.1,-99.8,-99.8,3.4,114.0,6.5,129.0,-999.1,-99.8,-99.8,-99.8,-99.8,-99.8,-99.8,-99.8
2023-09-29 21:00:00,-9999.1,-99.8,-99.8,5.5,114.0,8.7,135.0,-999.1,-99.8,-99.8,-99.8,-99.8,-99.8,-99.8,-99.8
2023-09-29 22:00:00,-9999.1,-99.8,-99.8,5.4,117.0,8.0,111.0,-999.1,-99.8,-99.8,-99.8,-99.8,-99.8,-99.8,-99.8
2023-09-29 23:00:00,-9999.1,-99.8,-99.8,5.6,111.0,8.7,117.0,-999.1,-99.8,-99.8,-99.8,-99.8,-99.8,-99.8,-99.8
2023-09-30 00:00:00,-9999.1,-99.8,-99.8,4.2,97.0,7.1,109.0,-999.1,-99.8,-99.8,-99.8,-99.8,-99.8,-99.8,-99.8
2023-09-30 01:00:00,-9999.1,-99.8,-99.8,3.5,108.0,4.9,113.0,-999.1,-99.8,-99.8,-99.8,-99.8,-99.8,-99.8,-99.8
2023-09-30 02:00:00,-9999.1,-99.8,-99.8,2.6,97.0,4.0,109.0,-999.1,-99.8,-99.8,-99.8,-99.8,-99.8,-99.8,-99.8
2023-09-30 03:00:00,-9999.1,-99.8,-99.8,0.5,66.0,3.7,115.0,-999.1,-99.8,-99.8,-99.8,-99.8,-99.8,-99.8,-99.8
2023-09-30 04:00:00,-9999.1,-99.8,-99.8,1.9,309.0,3.6,106.0,-999.1,-99.8,-99.8,-99.8,-99.8,-99.8,-99.8,-99.8
2023-09-30 05:00:00,-9999.1,-99.8,-99.8,0.8,28.0,2.4,309.0,-999.1,-99.8,-99.8,-99.8,-99.8,-99.8,-99.8,-99.8
2023-09-30 06:00:00,-9999.1,-99.8,-99.8,2.6,357.0,4.0,119.0,-999.1,-99.8,-99.8,-99.8,-99.8,-99.8,-99.8,-99.8
2023-09-30 07:00:00,-9999.1,-99.8,-99.8,1.6,134.0,3.0,39.0,-999.1,-99.8,-99.8,-99.8,-99.8,-99.8,-99.8,-99.8
2023-09-30 08:00:00,-9999.1,-99.8,-99.8,2.4,128.0,4.2,144.0,-999.1,-99.8,-99.8,-99.8,-99.8,-99.8,-99.8,-99.8
2023-09-30 09:00:00,-9999.1,-99.8,-99.8,1.1,266.0,4.5,145.0,-999.1,-99.8,-99.8,-99.8,-99.8,-99.8,-99.8,-99.8
2023-09-30 10:00:00,-9999.1,-99.8,-99.8,1.2,233.0,3.1,149.0,-999.1,-99.8,-99.8,-99.8,-99.8,-99.8,-99.8,-99.8
2023-09-30 11:00:00,-9999.1,-99.8,-99.8,0.8,244.0,2.2,230.0,-999.1,-99.8,-99.8,-99.8,-99.8,-99.8,-99.8,-99.8
2023-09-30 12:00:00,-9999.1,-99.8,-99.8,1.0,264.0,4.1,236.0,-999.1,-99.8,-99.8,-99.8,-99.8,-99.8,-99.8,-99.8
2023-09-30 13:00:00,-9999.1,-99.8,-99.8,1.6,254.0,5.4,267.0,-999.1,-99.8,-99.8,-99.8,-99.8,-99.8,-99.8,-99.8
2023-09-30 14:00:00,-9999.1,-99.8,-99.8,2.1,291.0,4.3,288.0,-999.1,-99.8,-99.8,-99.8,-99.8,-99.8,-99.8,-99.8
2023-09-30 15:00:00,-9999.1,-99.8,-99.8,2.4,284.0,5.1,293.0,-999.1,-99.8,-99.8,-99.8,-99.8,-99.8,-99.8,-99.8
2023-09-30 16:00:00,-9999.1,-99.8,-99.8,0.9,259.0,5.5,267.0,-999.1,-99.8,-99.8,-99.8,-99.8,-99.8,-99.8,-99.8
2023-09-30 17:00:00,-9999.1,-99.8,-99.8,2.3,131.0,4.8,116.0,-999.1,-99.8,-99.8,-99.8,-99.8,-99.8,-99.8,-99.8
2023-09-30 18:00:00,-9999.1,-99.8,-99.8,1.4,107.0,7.2,107.0,-999.1,-99.8,-99.8,-99.8,-99.8,-99.8,-99.8,-99.8
2023-09-30 19:00:00,-9999.1,-99.8,-99.8,3.0,124.0,8.0,133.0,-999.1,-99.8,-99.8,-99.8,-99.8,-99.8,-99.8,-99.8
2023-09-30 20:00:00,-9999.1,-99.8,-99.8,6.6,111.0,10.0,124.0,-999.1,-99.8,-99.8,-99.8,-99.8,-99.8,-99.8,-99.8
2023-09-30 21:00:00,-9999.1,-99.8,-99.8,4.5,118.0,9.3,155.0,-999.1,-99.8,-99.8,-99.8,-99.8,-99.8,-99.8,-99.8
2023-09-30 22:00:00,-9999.1,-99.8,-99.8,1.5,54.0,8.9,132.0,-999.1,-99.8,-99.8,-99.8,-99.8,-99.8,-99.8,-99.8
2023-09-30 23:00:00,-9999.1,-99.8,-99.8,1.5,116.0,4.3,141.0,-999.1,-99.8,-99.8,-99.8,-99.8,-99.8,-99.8,-99.8
2023-10-01 00:00:00,-9999.1,-99.8,-99.8,3.2,126.0,7.3,146.0,-999.1,-99.8,-99.8,-99.8,-99.8,-99.8,-99.8,-99.8
2023-10-01 01:00:00,-9999.1,-99.8,-99.8,1.9,95.0,6.9,155.0,-999.1,-99.8,-99.8,-99.8,-99.8,-99.8,-99.8,-99.8
2023-10-01 02:00:00,-9999.1,-99.8,-99.8,5.2,112.0,8.1,105.0,-999.1,-99.8,-99.8,-99.8,-99.8,-99.8,-99.8,-99.8
2023-10-01 03:00:00,-9999.1,-99.8,-99.8,3.6,72.0,7.7,109.0,-999.1,-99.8,-99.8,-99.8,-99.8,-99.8,-99.8,-99.8
2023-10-01 04:00:00,-9999.1,-99.8,-99.8,3.5,110.0,7.7,113.0,-999.1,-99.8,-99.8,-99.8,-99.8,-99.8,-99.8,-99.8
2023-10-01 05:00:00,-9999.1,-99.8,-99.8,4.4,124.0,8.2,101.0,-999.1,-99.8,-99.8,-99.8,-99.8,-99.8,-99.8,-99.8
2023-10-01 06:00:00,-9999.1,-99.8,-99.8,4.3,84.0,7.3,100.0,-999.1,-99.8,-99.8,-99.8,-99.8,-99.8,-99.8,-99.8
2023-10-01 07:00:00,-9999.1,-99.8,-99.8,3.8,114.0,7.4,102.0,-999.1,-99.8,-99.8,-99.8,-99.8,-99.8,-99.8,-99.8
2023-10-01 08:00:00,-9999.1,-99.8,-99.8,3.4,130.0,6.2,146.0,-999.1,-99.8,-99.8,-99.8,-99.8,-99.8,-99.8,-99.8
2023-10-01 09:00:00,-9999.1,-99.8,-99.8,1.9,134.0,5.5,144.0,-999.1,-99.8,-99.8,-99.8,-99.8,-99.8,-99.8,-99.8
2023-10-01 10:00:00,-9999.1,-99.8,-99.8,1.2,227.0,3.9,147.0,-999.1,-99.8,-99.8,-99.8,-99.8,-99.8,-99.8,-99.8
2023-10-01 11:00:00,-9999.1,-99.8,-99.8,2.3,270.0,4.1,252.0,-999.1,-99.8,-99.8,-99.8,-99.8,-99.8,-99.8,-99.8
2023-10-01 12:00:00,-9999.1,-99.8,-99.8,3.0,271.0,5.4,255.0,-999.1,-99.8,-99.8,-99.8,-99.8,-99.8,-99.8,-99.8
2023-10-01 13:00:00,-9999.1,-99.8,-99.8,3.5,284.0,6.5,286.0,-999.1,-99.8,-99.8,-99.8,-99.8,-99.8,-99.8,-99.8
2023-10-01 14:00:00,-9999.1,-99.8,-99.8,3.3,284.0,6.2,283.0,-999.1,-99.8,-99.8,-99.8,-99.8,-99.8,-99.8,-99.8
2023-10-01 15:00:00,-9999.1,-99.8,-99.8,2.9,276.0,5.5,280.0,-999.1,-99.8,-99.8,-99.8,-99.8,-99.8,-99.8,-99.8
2023-10-01 16:00:00,-9999.1,-99.8,-99.8,1.4,262.0,4.7,291.0,-999.1,-99.8,-99.8,-99.8,-99.8,-99.8,-99.8,-99.8
2023-10-01 17:00:00,-9999.1,-99.8,-99.8,0.6,313.0,4.3,294.0,-999.1,-99.8,-99.8,-99.8,-99.8,-99.8,-99.8,-99.8
2023-10-01 18:00:00,-9999.1,-99.8,-99.8,4.8,120.0,9.0,123.0,-999.1,-99.8,-99.8,-99.8,-99.8,-99.8,-99.8,-99.8
2023-10-01 19:00:00,-9999.1,-99.8,-99.8,7.4,129.0,11.0,101.0,-999.1,-99.8,-99.8,-99.8,-99.8,-99.8,-99.8,-99.8
2023-10-01 20:00:00,-9999.1,-99.8,-99.8,5.3,116.0,9.9,107.0,-999.1,-99.8,-99.8,-99.8,-99.8,-99.8,-99.8,-99.8
2023-10-01 21:00:00,-9999.1,-99.8,-99.8,8.3,115.0,12.0,135.0,-999.1,-99.8,-99.8,-99.8,-99.8,-99.8,-99.8,-99.8
2023-10-01 22:00:00,-9999.1,-99.8,-99.8,9.4,110.0,13.4,112.0,-999.1,-99.8,-99.8,-99.8,-99.8,-99.8,-99.8,-99.8
2023-10-01 23:00:00,-9999.1,-99.8,-99.8,5.6,118.0,13.0,119.0,-999.1,-99.8,-99.8,-99.8,-99.8,-99.8,-99.8,-99.8
2023-10-02 00:00:00,-9999.1,-99.8,-99.8,10.0,132.0,14.5,129.0,-999.1,-99.8,-99.8,-99.8,-99.8,-99.8,-99.8,-99.8
2023-10-02 01:00:00,-9999.1,-99.8,-99.8,7.9,123.0,13.8,134.0,-999.1,-99.8,-99.8,-99.8,-99.8,-99.8,-99.8,-99.8
2023-10-02 02:00:00,-9999.1,-99.8,-99.8,0.5,213.0,11.9,124.0,-999.1,-99.8,-99.8,-99.8,-99.8,-99.8,-99.8,-99.8
2023-10-02 03:00:00,-9999.1,-99.8,-99.8,0.4,65.0,7.3,148.0,-999.1,-99.8,-99.8,-99.8,-99.8,-99.8,-99.8,-99.8
2023-10-02 04:00:00,-9999.1,-99.8,-99.8,6.6,112.0,12.0,139.0,-999.1,-99.8,-99.8,-99.8,-99.8,-99.8,-99.8,-99.8
2023-10-02 05:00:00,-9999.1,-99.8,-99.8,5.3,136.0,11.4,140.0,-999.1,-99.8,-99.8,-99.8,-99.8,-99.8,-99.8,-99.8
2023-10-02 06:00:00,-9999.1,-99.8,-99.8,7.7,127.0,12.3,116.0,-999.1,-99.8,-99.8,-99.8,-99.8,-99.8,-99.8,-99.8
2023-10-02 07:00:00,-9999.1,-99.8,-99.8,4.0,133.0,13.0,128.0,-999.1,-99.8,-99.8,-99.8,-99.8,-99.8,-99.8,-99.8
2023-10-02 08:00:00,-9999.1,-99.8,-99.8,1.3,162.0,10.7,139.0,-999.1,-99.8,-99.8,-99.8,-99.8,-99.8,-99.8,-99.8
2023-10-02 09:00:00,-9999.1,-99.8,-99.8,1.7,156.0,8.6,125.0,-999.1,-99.8,-99.8,-99.8,-99.8,-99.8,-99.8,-99.8
2023-10-02 10:00:00,-9999.1,-99.8,-99.8,1.3,262.0,3.9,140.0,-999.1,-99.8,-99.8,-99.8,-99.8,-99.8,-99.8,-99.8
2023-10-02 11:00:00,-9999.1,-99.8,-99.8,4.4,285.0,7.5,284.0,-999.1,-99.8,-99.8,-99.8,-99.8,-99.8,-99.8,-99.8
2023-10-02 12:00:00,-9999.1,-99.8,-99.8,5.1,286.0,8.8,294.0,-999.1,-99.8,-99.8,-99.8,-99.8,-99.8,-99.8,-99.8
2023-10-02 13:00:00,-9999.1,-99.8,-99.8,1.4,253.0,7.8,261.0,-999.1,-99.8,-99.8,-99.8,-99.8,-99.8,-99.8,-99.8
2023-10-02 14:00:00,-9999.1,-99.8,-99.8,3.6,283.0,6.2,288.0,-999.1,-99.8,-99.8,-99.8,-99.8,-99.8,-99.8,-99.8
2023-10-02 15:00:00,-9999.1,-99.8,-99.8,5.4,291.0,7.4,303.0,-999.1,-99.8,-99.8,-99.8,-99.8,-99.8,-99.8,-99.8
2023-10-02 16:00:00,-9999.1,-99.8,-99.8,5.9,288.0,9.8,284.0,-999.1,-99.8,-99.8,-99.8,-99.8,-99.8,-99.8,-99.8
2023-10-02 17:00:00,-9999.1,-99.8,-99.8,4.7,285.0,9.8,296.0,-999.1,-99.8,-99.8,-99.8,-99.8,-99.8,-99.8,-99.8
2023-10-02 18:00:00,-9999.1,-99.8,-99.8,5.2,20.0,8.7,303.0,-999.1,-99.8,-99.8,-99.8,-99.8,-99.8,-99.8,-99.8
2023-10-02 19:00:00,-9999.1,-99.8,-99.8,2.2,56.0,9.3,71.0,-999.1,-99.8,-99.8,-99.8,-99.8,-99.8,-99.8,-99.8
2023-10-02 20:00:00,-9999.1,-99.8,-99.8,6.5,112.0,10.7,112.0,-999.1,-99.8,-99.8,-99.8,-99.8,-99.8,-99.8,-99.8
2023-10-02 21:00:00,-9999.1,-99.8,-99.8,4.2,94.0,9.0,86.0,-999.1,-99.8,-99.8,-99.8,-99.8,-99.8,-99.8,-99.8
2023-10-02 22:00:00,-9999.1,-99.8,-99.8,3.2,70.0,10.3,96.0,-999.1,-99.8,-99.8,-99.8,-99.8,-99.8,-99.8,-99.8
2023-10-02 23:00:00,-9999.1,-99.8,-99.8,8.4,121.0,17.9,121.0,-999.1,-99.8,-99.8,-99.8,-99.8,-99.8,-99.8,-99.8
2023-10-03 00:00:00,-9999.1,-99.8,-99.8,5.1,123.0,17.9,121.0,-999.1,-99.8,-99.8,-99.8,-99.8,-99.8,-99.8,-99.8
2023-10-03 01:00:00,-9999.1,-99.8,-99.8,2.7,101.0,14.0,130.0,-999.1,-99.8,-99.8,-99.8,-99.8,-99.8,-99.8,-99.8
2023-10-03 02:00:00,-9999.1,-99.8,-99.8,1.3,134.0,12.4,75.0,-999.1,-99.8,-99.8,-99.8,-99.8,-99.8,-99.8,-99.8
2023-10-03 03:00:00,-9999.1,-99.8,-99.8,4.8,119.0,14.5,137.0,-999.1,-99.8,-99.8,-99.8,-99.8,-99.8,-99.8,-99.8
2023-10-03 04:00:00,-9999.1,-99.8,-99.8,4.9,118.0,17.9,141.0,-999.1,-99.8,-99.8,-99.8,-99.8,-99.8,-99.8,-99.8
2023-10-03 05:00:00,-9999.1,-99.8,-99.8,8.9,106.0,16.4,140.0,-999.1,-99.8,-99.8,-99.8,-99.8,-99.8,-99.8,-99.8
2023-10-03 06:00:00,-9999.1,-99.8,-99.8,6.8,117.0,15.4,105.0,-999.1,-99.8,-99.8,-99.8,-99.8,-99.8,-99.8,-99.8
2023-10-03 07:00:00,-9999.1,-99.8,-99.8,9.6,105.0,16.4,85.0,-999.1,-99.8,-99.8,-99.8,-99.8,-99.8,-99.8,-99.8
2023-10-03 08:00:00,-9999.1,-99.8,-99.8,9.9,119.0,18.9,104.0,-999.1,-99.8,-99.8,-99.8,-99.8,-99.8,-99.8,-99.8
2023-10-03 09:00:00,-9999.1,-99.8,-99.8,4.4,130.0,14.7,103.0,-999.1,-99.8,-99.8,-99.8,-99.8,-99.8,-99.8,-99.8
2023-10-03 10:00:00,-9999.1,-99.8,-99.8,4.0,129.0,14.1,111.0,-999.1,-99.8,-99.8,-99.8,-99.8,-99.8,-99.8,-99.8
2023-10-03 11:00:00,-9999.1,-99.8,-99.8,2.8,149.0,11.1,155.0,-999.1,-99.8,-99.8,-99.8,-99.8,-99.8,-99.8,-99.8
2023-10-03 12:00:00,-9999.1,-99.8,-99.8,2.0,187.0,10.3,145.0,-999.1,-99.8,-99.8,-99.8,-99.8,-99.8,-99.8,-99.8
2023-10-03 13:00:00,-9999.1,-99.8,-99.8,1.6,265.0,7.9,144.0,-999.1,-99.8,-99.8,-99.8,-99.8,-99.8,-99.8,-99.8
2023-10-03 14:00:00,-9999.1,-99.8,-99.8,2.5,166.0,8.1,119.0,-999.1,-99.8,-99.8,-99.8,-99.8,-99.8,-99.8,-99.8
2023-10-03 15:00:00,-9999.1,-99.8,-99.8,0.2,0.0,8.6,7.0,-999.1,-99.8,-99.8,-99.8,-99.8,-99.8,-99.8,-99.8
2023-10-03 16:00:00,-9999.1,-99.8,-99.8,0.9,292.0,9.2,101.0,-999.1,-99.8,-99.8,-99.8,-99.8,-99.8,-99.8,-99.8
2023-10-03 17:00:00,-9999.1,-99.8,-99.8,2.0,107.0,9.0,73.0,-999.1,-99.8,-99.8,-99.8,-99.8,-99.8,-99.8,-99.8
2023-10-03 18:00:00,-9999.1,-99.8,-99.8,3.3,133.0,12.6,34.0,-999.1,-99.8,-99.8,-99.8,-99.8,-99.8,-99.8,-99.8
2023-10-03 19:00:00,-9999.1,-99.8,-99.8,5.8,65.0,14.1,71.0,-999.1,-99.8,-99.8,-99.8,-99.8,-99.8,-99.8,-99.8
2023-10-03 20:00:00,-9999.1,-99.8,-99.8,9.0,112.0,20.1,107.0,-999.1,-99.8,-99.8,-99.8,-99.8,-99.8,-99.8,-99.8
2023-10-03 21:00:00,-9999.1,-99.8,-99.8,2.9,78.0,17.8,144.0,-999.1,-99.8,-99.8,-99.8,-99.8,-99.8,-99.8,-99.8
2023-10-03 22:00:00,-9999.1,-99.8,-99.8,1.6,125.0,12.1,145.0,-999.1,-99.8,-99.8,-99.8,-99.8,-99.8,-99.8,-99.8
2023-10-03 23:00:00,-9999.1,-99.8,-99.8,2.0,144.0,10.8,47.0,-999.1,-99.8,-99.8,-99.8,-99.8,-99.8,-99.8,-99.8
2023-10-04 00:00:00,-9999.1,-99.8,-99.8,3.5,76.0,12.7,40.0,-999.1,-99.8,-99.8,-99.8,-99.8,-99.8,-99.8,-99.8
2023-10-04 01:00:00,-9999.1,-99.8,-99.8,0.5,47.0,11.3,360.0,-999.1,-99.8,-99.8,-99.8,-99.8,-99.8,-99.8,-99.8
2023-10-04 02:00:00,-9999.1,-99.8,-99.8,3.3,73.0,11.2,117.0,-999.1,-99.8,-99.8,-99.8,-99.8,-99.8,-99.8,-99.8
2023-10-04 03:00:00,-9999.1,-99.8,-99.8,3.0,75.0,12.0,42.0,-999.1,-99.8,-99.8,-99.8,-99.8,-99.8,-99.8,-99.8
2023-10-04 04:00:00,-9999.1,-99.8,-99.8,4.3,81.0,17.6,123.0,-999.1,-99.8,-99.8,-99.8,-99.8,-99.8,-99.8,-99.8
2023-10-04 05:00:00,-9999.1,-99.8,-99.8,5.5,116.0,13.5,89.0,-999.1,-99.8,-99.8,-99.8,-99.8,-99.8,-99.8,-99.8
2023-10-04 06:00:00,-9999.1,-99.8,-99.8,2.3,41.0,11.7,133.0,-999.1,-99.8,-99.8,-99.8,-99.8,-99.8,-99.8,-99.8
2023-10-04 07:00:00,-9999.1,-99.8,-99.8,2.2,94.0,11.1,146.0,-999.1,-99.8,-99.8,-99.8,-99.8,-99.8,-99.8,-99.8
2023-10-04 08:00:00,-9999.1,-99.8,-99.8,1.6,129.0,11.8,113.0,-999.1,-99.8,-99.8,-99.8,-99.8,-99.8,-99.8,-99.8
2023-10-04 09:00:00,-9999.1,-99.8,-99.8,1.8,174.0,14.8,110.0,-999.1,-99.8,-99.8,-99.8,-99.8,-99.8,-99.8,-99.8
2023-10-04 10:00:00,-9999.1,-99.8,-99.8,2.5,141.0,12.2,167.0,-999.1,-99.8,-99.8,-99.8,-99.8,-99.8,-99.8,-99.8
2023-10-04 11:00:00,-9999.1,-99.8,-99.8,1.9,155.0,12.0,345.0,-999.1,-99.8,-99.8,-99.8,-99.8,-99.8,-99.8,-99.8
2023-10-04 12:00:00,-9999.1,-99.8,-99.8,1.2,173.0,11.6,123.0,-999.1,-99.8,-99.8,-99.8,-99.8,-99.8,-99.8,-99.8
2023-10-04 13:00:00,-9999.1,-99.8,-99.8,2.8,144.0,11.9,148.0,-999.1,-99.8,-99.8,-99.8,-99.8,-99.8,-99.8,-99.8
2023-10-04 14:00:00,-9999.1,-99.8,-99.8,3.5,148.0,13.8,149.0,-999.1,-99.8,-99.8,-99.8,-99.8,-99.8,-99.8,-99.8
2023-10-04 15:00:00,-9999.1,-99.8,-99.8,2.1,132.0,11.8,131.0,-999.1,-99.8,-99.8,-99.8,-99.8,-99.8,-99.8,-99.8
2023-10-04 16:00:00,-9999.1,-99.8,-99.8,5.6,121.0,16.3,133.0,-999.1,-99.8,-99.8,-99.8,-99.8,-99.8,-99.8,-99.8
2023-10-04 17:00:00,-9999.1,-99.8,-99.8,7.4,133.0,19.8,114.0,-999.1,-99.8,-99.8,-99.8,-99.8,-99.8,-99.8,-99.8
2023-10-04 18:00:00,-9999.1,-99.8,-99.8,7.7,102.0,22.1,136.0,-999.1,-99.8,-99.8,-99.8,-99.8,-99.8,-99.8,-99.8
2023-10-04 19:00:00,-9999.1,-99.8,-99.8,8.1,118.0,23.5,113.0,-999.1,-99.8,-99.8,-99.8,-99.8,-99.8,-99.8,-99.8
2023-10-04 20:00:00,-9999.1,-99.8,-99.8,10.4,114.0,24.8,108.0,-999.1,-99.8,-99.8,-99.8,-99.8,-99.8,-99.8,-99.8
2023-10-04 21:00:00,-9999.1,-99.8,-99.8,11.2,113.0,26.5,119.0,-999.1,-99.8,-99.8,-99.8,-99.8,-99.8,-99.8,-99.8
2023-10-04 22:00:00,-9999.1,-99.8,-99.8,11.6,114.0,26.4,103.0,-999.1,-99.8,-99.8,-99.8,-99.8,-99.8,-99.8,-99.8
2023-10-04 23:00:00,-9999.1,-99.8,-99.8,13.7,110.0,24.4,101.0,-999.1,-99.8,-99.8,-99.8,-99.8,-99.8,-99.8,-99.8
2023-10-05 00:00:00,-9999.1,-99.8,-99.8,12.7,114.0,28.5,148.0,-999.1,-99.8,-99.8,-99.8,-99.8,-99.8,-99.8,-99.8
2023-10-05 01:00:00,-9999.1,-99.8,-99.8,14.7,111.0,26.8,119.0,-999.1,-99.8,-99.8,-99.8,-99.8,-99.8,-99.8,-99.8
2023-10-05 02:00:00,-9999.1,-99.8,-99.8,10.1,124.0,25.3,103.0,-999.1,-99.8,-99.8,-99.8,-99.8,-99.8,-99.8,-99.8
2023-10-05 03:00:00,-9999.1,-99.8,-99.8,10.5,125.0,25.0,108.0,-999.1,-99.8,-99.8,-99.8,-99.8,-99.8,-99.8,-99.8
2023-10-05 04:00:00,-9999.1,-99.8,-99.8,14.4,115.0,27.3,115.0,-999.1,-99.8,-99.8,-99.8,-99.8,-99.8,-99.8,-99.8
2023-10-05 05:00:00,-9999.1,-99.8,-99.8,13.7,117.0,26.7,109.0,-999.1,-99.8,-99.8,-99.8,-99.8,-99.8,-99.8,-99.8
2023-10-05 06:00:00,-9999.1,-99.8,-99.8,14.4,116.0,29.7,120.0,-999.1,-99.8,-99.8,-99.8,-99.8,-99.8,-99.8,-99.8
2023-10-05 07:00:00,-9999.1,-99.8,-99.8,10.4,134.0,25.3,108.0,-999.1,-99.8,-99.8,-99.8,-99.8,-99.8,-99.8,-99.8
2023-10-05 08:00:00,-9999.1,-99.8,-99.8,9.5,143.0,26.4,117.0,-999.1,-99.8,-99.8,-99.8,-99.8,-99.8,-99.8,-99.8
2023-10-05 09:00:00,-9999.1,-99.8,-99.8,10.2,138.0,18.0,125.0,-999.1,-99.8,-99.8,-99.8,-99.8,-99.8,-99.8,-99.8
2023-10-05 10:00:00,-9999.1,-99.8,-99.8,9.5,136.0,18.4,125.0,-999.1,-99.8,-99.8,-99.8,-99.8,-99.8,-99.8,-99.8
2023-10-05 11:00:00,-9999.1,-99.8,-99.8,8.6,137.0,19.4,119.0,-999.1,-99.8,-99.8,-99.8,-99.8,-99.8,-99.8,-99.8
2023-10-05 12:00:00,-9999.1,-99.8,-99.8,9.6,133.0,19.3,138.0,-999.1,-99.8,-99.8,-99.8,-99.8,-99.8,-99.8,-99.8
2023-10-05 13:00:00,-9999.1,-99.8,-99.8,9.7,135.0,19.3,115.0,-999.1,-99.8,-99.8,-99.8,-99.8,-99.8,-99.8,-99.8
2023-10-05 14:00:00,-9999.1,-99.8,-99.8,12.2,138.0,21.9,141.0,-999.1,-99.8,-99.8,-99.8,-99.8,-99.8,-99.8,-99.8
2023-10-05 15:00:00,-9999.1,-99.8,-99.8,10.1,138.0,23.1,146.0,-999.1,-99.8,-99.8,-99.8,-99.8,-99.8,-99.8,-99.8
2023-10-05 16:00:00,-9999.1,-99.8,-99.8,10.5,138.0,23.5,134.0,-999.1,-99.8,-99.8,-99.8,-99.8,-99.8,-99.8,-99.8
2023-10-05 17:00:00,-9999.1,-99.8,-99.8,9.4,137.0,19.6,147.0,-999.1,-99.8,-99.8,-99.8,-99.8,-99.8,-99.8,-99.8
2023-10-05 18:00:00,-9999.1,-99.8,-99.8,10.0,124.0,20.8,137.0,-999.1,-99.8,-99.8,-99.8,-99.8,-99.8,-99.8,-99.8
2023-10-05 19:00:00,-9999.1,-99.8,-99.8,7.9,132.0,19.9,136.0,-999.1,-99.8,-99.8,-99.8,-99.8,-99.8,-99.8,-99.8
2023-10-05 20:00:00,-9999.1,-99.8,-99.8,8.8,135.0,17.4,120.0,-999.1,-99.8,-99.8,-99.8,-99.8,-99.8,-99.8,-99.8
2023-10-05 21:00:00,-9999.1,-99.8,-99.8,7.8,138.0,18.6,144.0,-999.1,-99.8,-99.8,-99.8,-99.8,-99.8,-99.8,-99.8
2023-10-05 22:00:00,-9999.1,-99.8,-99.8,9.2,139.0,19.1,142.0,-999.1,-99.8,-99.8,-99.8,-99.8,-99.8,-99.8,-99.8
2023-10-05 23:00:00,-9999.1,-99.8,-99.8,7.5,135.0,15.3,139.0,-999.1,-99.8,-99.8,-99.8,-99.8,-99.8,-99.8,-99.8
2023-10-06 00:00:00,-9999.1,-99.8,-99.8,5.8,138.0,14.9,119.0,-999.1,-99.8,-99.8,-99.8,-99.8,-99.8,-99.8,-99.8
2023-10-06 01:00:00,-9999.1,-99.8,-99.8,8.1,143.0,17.9,141.0,-999.1,-99.8,-99.8,-99.8,-99.8,-99.8,-99.8,-99.8
2023-10-06 02:00:00,-9999.1,-99.8,-99.8,11.2,135.0,18.9,142.0,-999.1,-99.8,-99.8,-99.8,-99.8,-99.8,-99.8,-99.8
2023-10-06 03:00:00,-9999.1,-99.8,-99.8,12.0,133.0,20.5,110.0,-999.1,-99.8,-99.8,-99.8,-99.8,-99.8,-99.8,-99.8
2023-10-06 04:00:00,-9999.1,-99.8,-99.8,9.2,139.0,17.9,146.0,-999.1,-99.8,-99.8,-99.8,-99.8,-99.8,-99.8,-99.8
2023-10-06 05:00:00,-9999.1,-99.8,-99.8,7.1,138.0,18.5,106.0,-999.1,-99.8,-99.8,-99.8,-99.8,-99.8,-99.8,-99.8
2023-10-06 06:00:00,-9999.1,-99.8,-99.8,6.6,138.0,14.1,113.0,-999.1,-99.8,-99.8,-99.8,-99.8,-99.8,-99.8,-99.8
2023-10-06 07:00:00,-9999.1,-99.8,-99.8,5.9,132.0,12.8,128.0,-999.1,-99.8,-99.8,-99.8,-99.8,-99.8,-99.8,-99.8
2023-10-06 08:00:00,-9999.1,-99.8,-99.8,6.5,143.0,12.9,147.0,-999.1,-99.8,-99.8,-99.8,-99.8,-99.8,-99.8,-99.8
2023-10-06 09:00:00,-9999.1,-99.8,-99.8,6.7,140.0,13.5,157.0,-999.1,-99.8,-99.8,-99.8,-99.8,-99.8,-99.8,-99.8
2023-10-06 10:00:00,-9999.1,-99.8,-99.8,5.8,132.0,14.3,128.0,-999.1,-99.8,-99.8,-99.8,-99.8,-99.8,-99.8,-99.8
2023-10-06 11:00:00,-9999.1,-99.8,-99.8,5.0,137.0,14.0,125.0,-999.1,-99.8,-99.8,-99.8,-99.8,-99.8,-99.8,-99.8
2023-10-06 12:00:00,-9999.1,-99.8,-99.8,5.9,134.0,11.6,110.0,-999.1,-99.8,-99.8,-99.8,-99.8,-99.8,-99.8,-99.8
2023-10-06 13:00:00,-9999.1,-99.8,-99.8,4.3,141.0,12.2,139.0,-999.1,-99.8,-99.8,-99.8,-99.8,-99.8,-99.8,-99.8
2023-10-06 14:00:00,-9999.1,-99.8,-99.8,5.7,127.0,11.4,113.0,-999.1,-99.8,-99.8,-99.8,-99.8,-99.8,-99.8,-99.8
2023-10-06 15:00:00,-9999.1,-99.8,-99.8,5.3,127.0,10.8,113.0,-999.1,-99.8,-99.8,-99.8,-99.8,-99.8,-99.8,-99.8
2023-10-06 16:00:00,-9999.1,-99.8,-99.8,4.4,142.0,10.8,149.0,-999.1,-99.8,-99.8,-99.8,-99.8,-99.8,-99.8,-99.8
2023-10-06 17:00:00,-9999.1,-99.8,-99.8,4.1,134.0,9.6,141.0,-999.1,-99.8,-99.8,-99.8,-99.8,-99.8,-99.8,-99.8
2023-10-06 18:00:00,-9999.1,-99.8,-99.8,4.6,133.0,10.7,128.0,-999.1,-99.8,-99.8,-99.8,-99.8,-99.8,-99.8,-99.8
2023-10-06 19:00:00,-9999.1,-99.8,-99.8,5.5,131.0,9.0,142.0,-999.1,-99.8,-99.8,-99.8,-99.8,-99.8,-99.8,-99.8
2023-10-06 20:00:00,-9999.1,-99.8,-99.8,5.9,125.0,9.9,135.0,-999.1,-99.8,-99.8,-99.8,-99.8,-99.8,-99.8,-99.8
2023-10-06 21:00:00,-9999.1,-99.8,-99.8,7.6,125.0,10.9,113.0,-999.1,-99.8,-99.8,-99.8,-99.8,-99.8,-99.8,-99.8
2023-10-06 22:00:00,-9999.1,-99.8,-99.8,7.9,134.0,15.6,144.0,-999.1,-99.8,-99.8,-99.8,-99.8,-99.8,-99.8,-99.8
2023-10-06 23:00:00,-9999.1,-99.8,-99.8,7.6,134.0,14.1,144.0,-999.1,-99.8,-99.8,-99.8,-99.8,-99.8,-99.8,-99.8
2023-10-07 00:00:00,-9999.1,-99.8,-99.8,7.8,130.0,13.9,138.0,-999.1,-99.8,-99.8,-99.8,-99.8,-99.8,-99.8,-99.8
2023-10-07 01:00:00,-9999.1,-99.8,-99.8,8.8,131.0,15.2,147.0,-999.1,-99.8,-99.8,-99.8,-99.8,-99.8,-99.8,-99.8
2023-10-07 02:00:00,-9999.1,-99.8,-99.8,7.5,139.0,15.1,127.0,-999.1,-99.8,-99.8,-99.8,-99.8,-99.8,-99.8,-99.8
2023-10-07 03:00:00,-9999.1,-99.8,-99.8,6.5,141.0,12.7,146.0,-999.1,-99.8,-99.8,-99.8,-99.8,-99.8,-99.8,-99.8
2023-10-07 04:00:00,-9999.1,-99.8,-99.8,7.0,137.0,12.7,146.0,-999.1,-99.8,-99.8,-99.8,-99.8,-99.8,-99.8,-99.8
2023-10-07 05:00:00,-9999.1,-99.8,-99.8,-99.8,-99.8,13.6,148.0,-999.1,-99.8,-99.8,-99.8,-99.8,-99.8,-99.8,-99.8
2023-10-07 06:00:00,-9999.1,-99.8,-99.8,4.8,124.0,10.7,134.0,-999.1,-99.8,-99.8,-99.8,-99.8,-99.8,-99.8,-99.8
2023-10-07 07:00:00,-9999.1,-99.8,-99.8,6.5,129.0,11.2,143.0,-999.1,-99.8,-99.8,-99.8,-99.8,-99.8,-99.8,-99.8
2023-10-07 08:00:00,-9999.1,-99.8,-99.8,6.2,130.0,10.9,112.0,-999.1,-99.8,-99.8,-99.8,-99.8,-99.8,-99.8,-99.8
2023-10-07 09:00:00,-9999.1,-99.8,-99.8,5.5,128.0,10.8,144.0,-999.1,-99.8,-99.8,-99.8,-99.8,-99.8,-99.8,-99.8
2023-10-07 10:00:00,-9999.1,-99.8,-99.8,6.6,132.0,12.9,147.0,-999.1,-99.8,-99.8,-99.8,-99.8,-99.8,-99.8,-99.8
2023-10-07 11:00:00,-9999.1,-99.8,-99.8,4.2,131.0,12.8,137.0,-999.1,-99.8,-99.8,-99.8,-99.8,-99.8,-99.8,-99.8
2023-10-07 12:00:00,-9999.1,-99.8,-99.8,2.6,125.0,8.1,141.0,-999.1,-99.8,-99.8,-99.8,-99.8,-99.8,-99.8,-99.8
2023-10-07 13:00:00,-9999.1,-99.8,-99.8,1.7,153.0,6.4,102.0,-999.1,-99.8,-99.8,-99.8,-99.8,-99.8,-99.8,-99.8
2023-10-07 14:00:00,-9999.1,-99.8,-99.8,2.7,143.0,10.9,147.0,-999.1,-99.8,-99.8,-99.8,-99.8,-99.8,-99.8,-99.8
2023-10-07 15:00:00,-9999.1,-99.8,-99.8,1.8,214.0,10.0,133.0,-999.1,-99.8,-99.8,-99.8,-99.8,-99.8,-99.8,-99.8
2023-10-07 16:00:00,-9999.1,-99.8,-99.8,1.1,142.0,8.1,137.0,-999.1,-99.8,-99.8,-99.8,-99.8,-99.8,-99.8,-99.8
2023-10-07 17:00:00,-9999.1,-99.8,-99.8,2.7,118.0,8.5,145.0,-999.1,-99.8,-99.8,-99.8,-99.8,-99.8,-99.8,-99.8
2023-10-07 18:00:00,-9999.1,-99.8,-99.8,4.5,118.0,10.4,108.0,-999.1,-99.8,-99.8,-99.8,-99.8,-99.8,-99.8,-99.8
2023-10-07 19:00:00,-9999.1,-99.8,-99.8,4.4,113.0,7.5,75.0,-999.1,-99.8,-99.8,-99.8,-99.8,-99.8,-99.8,-99.8
2023-10-07 20:00:00,-9999.1,-99.8,-99.8,5.1,132.0,9.7,131.0,-999.1,-99.8,-99.8,-99.8,-99.8,-99.8,-99.8,-99.8
2023-10-07 21:00:00,-9999.1,-99.8,-99.8,5.3,130.0,11.5,146.0,-999.1,-99.8,-99.8,-99.8,-99.8,-99.8,-99.8,-99.8
2023-10-07 22:00:00,-9999.1,-99.8,-99.8,6.5,132.0,16.1,119.0,-999.1,-99.8,-99.8,-99.8,-99.8,-99.8,-99.8,-99.8
2023-10-07 23:00:00,-9999.1,-99.8,-99.8,3.7,135.0,13.7,111.0,-999.1,-99.8,-99.8,-99.8,-99.8,-99.8,-99.8,-99.8
2023-10-08 00:00:00,-9999.1,-99.8,-99.8,1.7,201.0,9.3,150.0,-999.1,-99.8,-99.8,-99.8,-99.8,-99.8,-99.8,-99.8
2023-10-08 01:00:00,-9999.1,-99.8,-99.8,2.4,173.0,7.0,152.0,-999.1,-99.8,-99.8,-99.8,-99.8,-99.8,-99.8,-99.8
2023-10-08 02:00:00,-9999.1,-99.8,-99.8,0.9,212.0,4.4,234.0,-999.1,-99.8,-99.8,-99.8,-99.8,-99.8,-99.8,-99.8
2023-10-08 03:00:00,-9999.1,-99.8,-99.8,3.9,148.0,9.3,150.0,-999.1,-99.8,-99.8,-99.8,-99.8,-99.8,-99.8,-99.8
2023-10-08 04:00:00,-9999.1,-99.8,-99.8,4.4,125.0,12.3,118.0,-999.1,-99.8,-99.8,-99.8,-99.8,-99.8,-99.8,-99.8
2023-10-08 05:00:00,-9999.1,-99.8,-99.8,3.7,122.0,7.9,154.0,-999.1,-99.8,-99.8,-99.8,-99.8,-99.8,-99.8,-99.8
2023-10-08 06:00:00,-9999.1,-99.8,-99.8,2.1,196.0,6.4,109.0,-999.1,-99.8,-99.8,-99.8,-99.8,-99.8,-99.8,-99.8
2023-10-08 07:00:00,-9999.1,-99.8,-99.8,1.2,214.0,7.5,236.0,-999.1,-99.8,-99.8,-99.8,-99.8,-99.8,-99.8,-99.8
2023-10-08 08:00:00,-9999.1,-99.8,-99.8,1.3,167.0,9.0,148.0,-999.1,-99.8,-99.8,-99.8,-99.8,-99.8,-99.8,-99.8
2023-10-08 09:00:00,-9999.1,-99.8,-99.8,3.2,130.0,7.4,110.0,-999.1,-99.8,-99.8,-99.8,-99.8,-99.8,-99.8,-99.8
2023-10-08 10:00:00,-9999.1,-99.8,-99.8,2.1,138.0,5.4,152.0,-999.1,-99.8,-99.8,-99.8,-99.8,-99.8,-99.8,-99.8
2023-10-08 11:00:00,-9999.1,-99.8,-99.8,0.4,198.0,4.2,152.0,-999.1,-99.8,-99.8,-99.8,-99.8,-99.8,-99.8,-99.8
2023-10-08 12:00:00,-9999.1,-99.8,-99.8,0.6,167.0,3.2,260.0,-999.1,-99.8,-99.8,-99.8,-99.8,-99.8,-99.8,-99.8
2023-10-08 13:00:00,-9999.1,-99.8,-99.8,2.5,295.0,4.5,282.0,-999.1,-99.8,-99.8,-99.8,-99.8,-99.8,-99.8,-99.8
2023-10-08 14:00:00,-9999.1,-99.8,-99.8,0.4,202.0,4.1,263.0,-999.1,-99.8,-99.8,-99.8,-99.8,-99.8,-99.8,-99.8
2023-10-08 15:00:00,-9999.1,-99.8,-99.8,1.9,130.0,4.2,126.0,-999.1,-99.8,-99.8,-99.8,-99.8,-99.8,-99.8,-99.8
2023-10-08 16:00:00,-9999.1,-99.8,-99.8,1.0,129.0,5.5,162.0,-999.1,-99.8,-99.8,-99.8,-99.8,-99.8,-99.8,-99.8
2023-10-08 17:00:00,-9999.1,-99.8,-99.8,3.3,133.0,5.1,118.0,-999.1,-99.8,-99.8,-99.8,-99.8,-99.8,-99.8,-99.8
2023-10-08 18:00:00,-9999.1,-99.8,-99.8,2.8,119.0,5.6,116.0,-999.1,-99.8,-99.8,-99.8,-99.8,-99.8,-99.8,-99.8
2023-10-08 19:00:00,-9999.1,-99.8,-99.8,1.6,255.0,6.4,351.0,-999.1,-99.8,-99.8,-99.8,-99.8,-99.8,-99.8,-99.8
2023-10-08 20:00:00,-9999.1,-99.8,-99.8,1.1,40.0,7.0,254.0,-999.1,-99.8,-99.8,-99.8,-99.8,-99.8,-99.8,-99.8
2023-10-08 21:00:00,-9999.1,-99.8,-99.8,2.3,106.0,3.7,113.0,-999.1,-99.8,-99.8,-99.8,-99.8,-99.8,-99.8,-99.8
2023-10-08 22:00:00,-9999.1,-99.8,-99.8,2.9,113.0,4.4,113.0,-999.1,-99.8,-99.8,-99.8,-99.8,-99.8,-99.8,-99.8
2023-10-08 23:00:00,-9999.1,-99.8,-99.8,1.9,136.0,5.9,109.0,-999.1,-99.8,-99.8,-99.8,-99.8,-99.8,-99.8,-99.8
2023-10-09 00:00:00,-9999.1,-99.8,-99.8,4.0,119.0,5.6,118.0,-999.1,-99.8,-99.8,-99.8,-99.8,-99.8,-99.8,-99.8
2023-10-09 01:00:00,-9999.1,-99.8,-99.8,4.2,119.0,6.8,113.0,-999.1,-99.8,-99.8,-99.8,-99.8,-99.8,-99.8,-99.8
2023-10-09 02:00:00,-9999.1,-99.8,-99.8,4.3,118.0,5.4,113.0,-999.1,-99.8,-99.8,-99.8,-99.8,-99.8,-99.8,-99.8
2023-10-09 03:00:00,-9999.1,-99.8,-99.8,1.3,115.0,5.3,113.0,-999.1,-99.8,-99.8,-99.8,-99.8,-99.8,-99.8,-99.8
2023-10-09 04:00:00,-9999.1,-99.8,-99.8,0.7,276.0,3.0,116.0,-999.1,-99.8,-99.8,-99.8,-99.8,-99.8,-99.8,-99.8
2023-10-09 05:00:00,-9999.1,-99.8,-99.8,0.6,94.0,3.0,117.0,-999.1,-99.8,-99.8,-99.8,-99.8,-99.8,-99.8,-99.8
2023-10-09 06:00:00,-9999.1,-99.8,-99.8,2.0,97.0,3.3,101.0,-999.1,-99.8,-99.8,-99.8,-99.8,-99.8,-99.8,-99.8
2023-10-09 07:00:00,-9999.1,-99.8,-99.8,3.7,125.0,6.0,136.0,-999.1,-99.8,-99.8,-99.8,-99.8,-99.8,-99.8,-99.8
2023-10-09 08:00:00,-9999.1,-99.8,-99.8,5.1,118.0,7.7,116.0,-999.1,-99.8,-99.8,-99.8,-99.8,-99.8,-99.8,-99.8
2023-10-09 09:00:00,-9999.1,-99.8,-99.8,5.5,125.0,7.9,152.0,-999.1,-99.8,-99.8,-99.8,-99.8,-99.8,-99.8,-99.8
2023-10-09 10:00:00,-9999.1,-99.8,-99.8,5.1,123.0,8.2,110.0,-999.1,-99.8,-99.8,-99.8,-99.8,-99.8,-99.8,-99.8
2023-10-09 11:00:00,-9999.1,-99.8,-99.8,2.7,129.0,6.9,116.0,-999.1,-99.8,-99.8,-99.8,-99.8,-99.8,-99.8,-99.8
2023-10-09 12:00:00,-9999.1,-99.8,-99.8,1.3,132.0,4.1,129.0,-999.1,-99.8,-99.8,-99.8,-99.8,-99.8,-99.8,-99.8
2023-10-09 13:00:00,-9999.1,-99.8,-99.8,2.0,111.0,7.2,113.0,-999.1,-99.8,-99.8,-99.8,-99.8,-99.8,-99.8,-99.8
2023-10-09 14:00:00,-9999.1,-99.8,-99.8,3.0,127.0,6.2,100.0,-999.1,-99.8,-99.8,-99.8,-99.8,-99.8,-99.8,-99.8
2023-10-09 15:00:00,-9999.1,-99.8,-99.8,2.2,116.0,5.3,133.0,-999.1,-99.8,-99.8,-99.8,-99.8,-99.8,-99.8,-99.8
2023-10-09 16:00:00,-9999.1,-99.8,-99.8,1.2,131.0,4.9,284.0,-999.1,-99.8,-99.8,-99.8,-99.8,-99.8,-99.8,-99.8
2023-10-09 17:00:00,-9999.1,-99.8,-99.8,0.8,262.0,3.5,127.0,-999.1,-99.8,-99.8,-99.8,-99.8,-99.8,-99.8,-99.8
2023-10-09 18:00:00,-9999.1,-99.8,-99.8,1.4,311.0,4.7,105.0,-999.1,-99.8,-99.8,-99.8,-99.8,-99.8,-99.8,-99.8
2023-10-09 19:00:00,-9999.1,-99.8,-99.8,2.6,128.0,5.6,113.0,-999.1,-99.8,-99.8,-99.8,-99.8,-99.8,-99.8,-99.8
2023-10-09 20:00:00,-9999.1,-99.8,-99.8,6.1,115.0,7.9,111.0,-999.1,-99.8,-99.8,-99.8,-99.8,-99.8,-99.8,-99.8
2023-10-09 21:00:00,-9999.1,-99.8,-99.8,1.9,24.0,8.9,111.0,-999.1,-99.8,-99.8,-99.8,-99.8,-99.8,-99.8,-99.8
2023-10-09 22:00:00,-9999.1,-99.8,-99.8,2.3,340.0,4.3,1.0,-999.1,-99.8,-99.8,-99.8,-99.8,-99.8,-99.8,-99.8
2023-10-09 23:00:00,-9999.1,-99.8,-99.8,1.9,324.0,3.9,312.0,-999.1,-99.8,-99.8,-99.8,-99.8,-99.8,-99.8,-99.8
2023-10-10 00:00:00,-9999.1,-99.8,-99.8,2.7,286.0,3.9,288.0,-999.1,-99.8,-99.8,-99.8,-99.8,-99.8,-99.8,-99.8
2023-10-10 01:00:00,-9999.1,-99.8,-99.8,0.4,114.0,3.1,286.0,-999.1,-99.8,-99.8,-99.8,-99.8,-99.8,-99.8,-99.8
2023-10-10 02:00:00,-9999.1,-99.8,-99.8,2.3,283.0,3.3,105.0,-999.1,-99.8,-99.8,-99.8,-99.8,-99.8,-99.8,-99.8
2023-10-10 03:00:00,-9999.1,-99.8,-99.8,2.1,305.0,3.7,295.0,-999.1,-99.8,-99.8,-99.8,-99.8,-99.8,-99.8,-99.8
2023-10-10 04:00:00,-9999.1,-99.8,-99.8,2.8,311.0,4.0,298.0,-999.1,-99.8,-99.8,-99.8,-99.8,-99.8,-99.8,-99.8
2023-10-10 05:00:00,-9999.1,-99.8,-99.8,2.4,299.0,3.2,315.0,-999.1,-99.8,-99.8,-99.8,-99.8,-99.8,-99.8,-99.8
2023-10-10 06:00:00,-9999.1,-99.8,-99.8,1.5,298.0,2.6,294.0,-999.1,-99.8,-99.8,-99.8,-99.8,-99.8,-99.8,-99.8
2023-10-10 07:00:00,-9999.1,-99.8,-99.8,0.3,290.0,2.5,316.0,-999.1,-99.8,-99.8,-99.8,-99.8,-99.8,-99.8,-99.8
2023-10-10 08:00:00,-9999.1,-99.8,-99.8,1.8,139.0,3.3,143.0,-999.1,-99.8,-99.8,-99.8,-99.8,-99.8,-99.8,-99.8
2023-10-10 09:00:00,-9999.1,-99.8,-99.8,1.6,128.0,5.1,132.0,-999.1,-99.8,-99.8,-99.8,-99.8,-99.8,-99.8,-99.8
2023-10-10 10:00:00,-9999.1,-99.8,-99.8,2.8,140.0,5.1,144.0,-999.1,-99.8,-99.8,-99.8,-99.8,-99.8,-99.8,-99.8
2023-10-10 11:00:00,-9999.1,-99.8,-99.8,2.9,131.0,6.5,150.0,-999.1,-99.8,-99.8,-99.8,-99.8,-99.8,-99.8,-99.8
2023-10-10 12:00:00,-9999.1,-99.8,-99.8,1.2,166.0,4.3,153.0,-999.1,-99.8,-99.8,-99.8,-99.8,-99.8,-99.8,-99.8
2023-10-10 13:00:00,-9999.1,-99.8,-99.8,1.5,120.0,4.9,147.0,-999.1,-99.8,-99.8,-99.8,-99.8,-99.8,-99.8,-99.8
2023-10-10 14:00:00,-9999.1,-99.8,-99.8,3.4,120.0,6.0,117.0,-999.1,-99.8,-99.8,-99.8,-99.8,-99.8,-99.8,-99.8
2023-10-10 15:00:00,-9999.1,-99.8,-99.8,5.2,112.0,8.1,111.0,-999.1,-99.8,-99.8,-99.8,-99.8,-99.8,-99.8,-99.8
2023-10-10 16:00:00,-9999.1,-99.8,-99.8,3.5,136.0,6.6,128.0,-999.1,-99.8,-99.8,-99.8,-99.8,-99.8,-99.8,-99.8
2023-10-10 17:00:00,-9999.1,-99.8,-99.8,3.1,131.0,5.3,113.0,-999.1,-99.8,-99.8,-99.8,-99.8,-99.8,-99.8,-99.8
2023-10-10 18:00:00,-9999.1,-99.8,-99.8,7.5,116.0,9.7,115.0,-999.1,-99.8,-99.8,-99.8,-99.8,-99.8,-99.8,-99.8
2023-10-10 19:00:00,-9999.1,-99.8,-99.8,6.2,117.0,9.4,136.0,-999.1,-99.8,-99.8,-99.8,-99.8,-99.8,-99.8,-99.8
2023-10-10 20:00:00,-9999.1,-99.8,-99.8,6.7,113.0,8.8,111.0,-999.1,-99.8,-99.8,-99.8,-99.8,-99.8,-99.8,-99.8
2023-10-10 21:00:00,-9999.1,-99.8,-99.8,5.7,119.0,7.4,111.0,-999.1,-99.8,-99.8,-99.8,-99.8,-99.8,-99.8,-99.8
2023-10-10 22:00:00,-9999.1,-99.8,-99.8,5.2,113.0,7.6,109.0,-999.1,-99.8,-99.8,-99.8,-99.8,-99.8,-99.8,-99.8
2023-10-10 23:00:00,-9999.1,-99.8,-99.8,5.8,116.0,8.1,111.0,-999.1,-99.8,-99.8,-99.8,-99.8,-99.8,-99.8,-99.8
2023-10-11 00:00:00,-9999.1,-99.8,-99.8,5.0,114.0,8.2,111.0,-999.1,-99.8,-99.8,-99.8,-99.8,-99.8,-99.8,-99.8
2023-10-11 01:00:00,-9999.1,-99.8,-99.8,5.1,109.0,7.0,108.0,-999.1,-99.8,-99.8,-99.8,-99.8,-99.8,-99.8,-99.8
2023-10-11 02:00:00,-9999.1,-99.8,-99.8,4.8,114.0,6.4,107.0,-999.1,-99.8,-99.8,-99.8,-99.8,-99.8,-99.8,-99.8
2023-10-11 03:00:00,-9999.1,-99.8,-99.8,5.2,117.0,7.5,115.0,-999.1,-99.8,-99.8,-99.8,-99.8,-99.8,-99.8,-99.8
2023-10-11 04:00:00,-9999.1,-99.8,-99.8,4.2,120.0,7.0,127.0,-999.1,-99.8,-99.8,-99.8,-99.8,-99.8,-99.8,-99.8
2023-10-11 05:00:00,-9999.1,-99.8,-99.8,6.5,112.0,8.3,111.0,-999.1,-99.8,-99.8,-99.8,-99.8,-99.8,-99.8,-99.8
2023-10-11 06:00:00,-9999.1,-99.8,-99.8,6.6,111.0,8.2,111.0,-999.1,-99.8,-99.8,-99.8,-99.8,-99.8,-99.8,-99.8
2023-10-11 07:00:00,-9999.1,-99.8,-99.8,6.0,120.0,8.2,116.0,-999.1,-99.8,-99.8,-99.8,-99.8,-99.8,-99.8,-99.8
2023-10-11 08:00:00,-9999.1,-99.8,-99.8,3.7,114.0,8.1,110.0,-999.1,-99.8,-99.8,-99.8,-99.8,-99.8,-99.8,-99.8
2023-10-11 09:00:00,-9999.1,-99.8,-99.8,3.5,118.0,5.9,130.0,-999.1,-99.8,-99.8,-99.8,-99.8,-99.8,-99.8,-99.8
2023-10-11 10:00:00,-9999.1,-99.8,-99.8,2.8,120.0,5.5,104.0,-999.1,-99.8,-99.8,-99.8,-99.8,-99.8,-99.8,-99.8
2023-10-11 11:00:00,-9999.1,-99.8,-99.8,1.5,130.0,4.8,115.0,-999.1,-99.8,-99.8,-99.8,-99.8,-99.8,-99.8,-99.8
2023-10-11 12:00:00,-9999.1,-99.8,-99.8,1.3,122.0,4.2,103.0,-999.1,-99.8,-99.8,-99.8,-99.8,-99.8,-99.8,-99.8
2023-10-11 13:00:00,-9999.1,-99.8,-99.8,3.0,105.0,6.0,112.0,-999.1,-99.8,-99.8,-99.8,-99.8,-99.8,-99.8,-99.8
2023-10-11 14:00:00,-9999.1,-99.8,-99.8,1.2,211.0,4.8,154.0,-999.1,-99.8,-99.8,-99.8,-99.8,-99.8,-99.8,-99.8
2023-10-11 15:00:00,-9999.1,-99.8,-99.8,1.7,252.0,6.6,290.0,-999.1,-99.8,-99.8,-99.8,-99.8,-99.8,-99.8,-99.8
2023-10-11 16:00:00,-9999.1,-99.8,-99.8,2.9,269.0,6.4,249.0,-999.1,-99.8,-99.8,-99.8,-99.8,-99.8,-99.8,-99.8
2023-10-11 17:00:00,-9999.1,-99.8,-99.8,2.3,267.0,5.5,288.0,-999.1,-99.8,-99.8,-99.8,-99.8,-99.8,-99.8,-99.8
2023-10-11 18:00:00,-9999.1,-99.8,-99.8,2.0,259.0,6.0,284.0,-999.1,-99.8,-99.8,-99.8,-99.8,-99.8,-99.8,-99.8
2023-10-11 19:00:00,-9999.1,-99.8,-99.8,2.2,268.0,6.5,283.0,-999.1,-99.8,-99.8,-99.8,-99.8,-99.8,-99.8,-99.8
2023-10-11 20:00:00,-9999.1,-99.8,-99.8,1.6,242.0,5.4,265.0,-999.1,-99.8,-99.8,-99.8,-99.8,-99.8,-99.8,-99.8
2023-10-11 21:00:00,-9999.1,-99.8,-99.8,3.1,280.0,4.1,291.0,-999.1,-99.8,-99.8,-99.8,-99.8,-99.8,-99.8,-99.8
2023-10-11 22:00:00,-9999.1,-99.8,-99.8,5.1,290.0,6.6,293.0,-999.1,-99.8,-99.8,-99.8,-99.8,-99.8,-99.8,-99.8
2023-10-11 23:00:00,-9999.1,-99.8,-99.8,4.6,290.0,6.2,286.0,-999.1,-99.8,-99.8,-99.8,-99.8,-99.8,-99.8,-99.8
2023-10-12 00:00:00,-9999.1,-99.8,-99.8,5.1,289.0,6.1,287.0,-999.1,-99.8,-99.8,-99.8,-99.8,-99.8,-99.8,-99.8
2023-10-12 01:00:00,-9999.1,-99.8,-99.8,5.8,287.0,8.8,289.0,-999.1,-99.8,-99.8,-99.8,-99.8,-99.8,-99.8,-99.8
2023-10-12 02:00:00,-9999.1,-99.8,-99.8,4.4,292.0,8.3,290.0,-999.1,-99.8,-99.8,-99.8,-99.8,-99.8,-99.8,-99.8
2023-10-12 03:00:00,-9999.1,-99.8,-99.8,5.9,285.0,7.6,287.0,-999.1,-99.8,-99.8,-99.8,-99.8,-99.8,-99.8,-99.8
2023-10-12 04:00:00,-9999.1,-99.8,-99.8,5.2,284.0,8.4,291.0,-999.1,-99.8,-99.8,-99.8,-99.8,-99.8,-99.8,-99.8
2023-10-12 05:00:00,-9999.1,-99.8,-99.8,5.1,283.0,7.7,290.0,-999.1,-99.8,-99.8,-99.8,-99.8,-99.8,-99.8,-99.8
2023-10-12 06:00:00,-9999.1,-99.8,-99.8,5.0,296.0,8.3,290.0,-999.1,-99.8,-99.8,-99.8,-99.8,-99.8,-99.8,-99.8
2023-10-12 07:00:00,-9999.1,-99.8,-99.8,2.0,265.0,7.2,293.0,-999.1,-99.8,-99.8,-99.8,-99.8,-99.8,-99.8,-99.8
2023-10-12 08:00:00,-9999.1,-99.8,-99.8,1.5,337.0,4.1,239.0,-999.1,-99.8,-99.8,-99.8,-99.8,-99.8,-99.8,-99.8
2023-10-12 09:00:00,-9999.1,-99.8,-99.8,0.8,353.0,3.8,331.0,-999.1,-99.8,-99.8,-99.8,-99.8,-99.8,-99.8,-99.8
2023-10-12 10:00:00,-9999.1,-99.8,-99.8,0.8,208.0,3.3,298.0,-999.1,-99.8,-99.8,-99.8,-99.8,-99.8,-99.8,-99.8
2023-10-12 11:00:00,-9999.1,-99.8,-99.8,2.7,277.0,4.7,258.0,-999.1,-99.8,-99.8,-99.8,-99.8,-99.8,-99.8,-99.8
2023-10-12 12:00:00,-9999.1,-99.8,-99.8,4.1,284.0,6.8,293.0,-999.1,-99.8,-99.8,-99.8,-99.8,-99.8,-99.8,-99.8
2023-10-12 13:00:00,-9999.1,-99.8,-99.8,5.1,277.0,8.8,260.0,-999.1,-99.8,-99.8,-99.8,-99.8,-99.8,-99.8,-99.8
2023-10-12 14:00:00,-9999.1,-99.8,-99.8,4.6,275.0,8.9,289.0,-999.1,-99.8,-99.8,-99.8,-99.8,-99.8,-99.8,-99.8
2023-10-12 15:00:00,-9999.1,-99.8,-99.8,3.9,271.0,8.6,285.0,-999.1,-99.8,-99.8,-99.8,-99.8,-99.8,-99.8,-99.8
2023-10-12 16:00:00,-9999.1,-99.8,-99.8,3.5,267.0,7.8,285.0,-999.1,-99.8,-99.8,-99.8,-99.8,-99.8,-99.8,-99.8
2023-10-12 17:00:00,-9999.1,-99.8,-99.8,5.2,279.0,8.9,287.0,-999.1,-99.8,-99.8,-99.8,-99.8,-99.8,-99.8,-99.8
2023-10-12 18:00:00,-9999.1,-99.8,-99.8,5.2,276.0,10.8,289.0,-999.1,-99.8,-99.8,-99.8,-99.8,-99.8,-99.8,-99.8
2023-10-12 19:00:00,-9999.1,-99.8,-99.8,5.8,282.0,10.1,301.0,-999.1,-99.8,-99.8,-99.8,-99.8,-99.8,-99.8,-99.8
2023-10-12 20:00:00,-9999.1,-99.8,-99.8,4.3,281.0,9.0,291.0,-999.1,-99.8,-99.8,-99.8,-99.8,-99.8,-99.8,-99.8
2023-10-12 21:00:00,-9999.1,-99.8,-99.8,6.4,287.0,9.3,288.0,-999.1,-99.8,-99.8,-99.8,-99.8,-99.8,-99.8,-99.8
2023-10-12 22:00:00,-9999.1,-99.8,-99.8,5.3,286.0,7.8,291.0,-999.1,-99.8,-99.8,-99.8,-99.8,-99.8,-99.8,-99.8
2023-10-12 23:00:00,-9999.1,-99.8,-99.8,6.5,300.0,8.5,299.0,-999.1,-99.8,-99.8,-99.8,-99.8,-99.8,-99.8,-99.8
2023-10-13 00:00:00,-9999.1,-99.8,-99.8,5.6,300.0,8.6,300.0,-999.1,-99.8,-99.8,-99.8,-99.8,-99.8,-99.8,-99.8
2023-10-13 01:00:00,-9999.1,-99.8,-99.8,7.8,301.0,10.7,301.0,-999.1,-99.8,-99.8,-99.8,-99.8,-99.8,-99.8,-99.8
2023-10-13 02:00:00,-9999.1,-99.8,-99.8,6.0,302.0,10.4,303.0,-999.1,-99.8,-99.8,-99.8,-99.8,-99.8,-99.8,-99.8
2023-10-13 03:00:00,-9999.1,-99.8,-99.8,9.0,301.0,12.5,301.0,-999.1,-99.8,-99.8,-99.8,-99.8,-99.8,-99.8,-99.8
2023-10-13 04:00:00,-9999.1,-99.8,-99.8,8.8,302.0,12.0,292.0,-999.1,-99.8,-99.8,-99.8,-99.8,-99.8,-99.8,-99.8
2023-10-13 05:00:00,-9999.1,-99.8,-99.8,6.1,294.0,12.3,300.0,-999.1,-99.8,-99.8,-99.8,-99.8,-99.8,-99.8,-99.8
2023-10-13 06:00:00,-9999.1,-99.8,-99.8,4.3,306.0,9.2,287.0,-999.1,-99.8,-99.8,-99.8,-99.8,-99.8,-99.8,-99.8
2023-10-13 07:00:00,-9999.1,-99.8,-99.8,3.8,316.0,8.6,333.0,-999.1,-99.8,-99.8,-99.8,-99.8,-99.8,-99.8,-99.8
2023-10-13 08:00:00,-9999.1,-99.8,-99.8,2.3,323.0,6.3,302.0,-999.1,-99.8,-99.8,-99.8,-99.8,-99.8,-99.8,-99.8
2023-10-13 09:00:00,-9999.1,-99.8,-99.8,2.8,282.0,6.7,304.0,-999.1,-99.8,-99.8,-99.8,-99.8,-99.8,-99.8,-99.8
2023-10-13 10:00:00,-9999.1,-99.8,-99.8,2.6,279.0,4.7,284.0,-999.1,-99.8,-99.8,-99.8,-99.8,-99.8,-99.8,-99.8
2023-10-13 11:00:00,-9999.1,-99.8,-99.8,3.8,277.0,6.9,292.0,-999.1,-99.8,-99.8,-99.8,-99.8,-99.8,-99.8,-99.8
2023-10-13 12:00:00,-9999.1,-99.8,-99.8,4.9,278.0,8.8,286.0,-999.1,-99.8,-99.8,-99.8,-99.8,-99.8,-99.8,-99.8
2023-10-13 13:00:00,-9999.1,-99.8,-99.8,6.9,281.0,11.5,286.0,-999.1,-99.8,-99.8,-99.8,-99.8,-99.8,-99.8,-99.8
2023-10-13 14:00:00,-9999.1,-99.8,-99.8,5.9,282.0,11.6,293.0,-999.1,-99.8,-99.8,-99.8,-99.8,-99.8,-99.8,-99.8
2023-10-13 15:00:00,-9999.1,-99.8,-99.8,6.9,282.0,11.7,286.0,-999.1,-99.8,-99.8,-99.8,-99.8,-99.8,-99.8,-99.8
2023-10-13 16:00:00,-9999.1,-99.8,-99.8,6.7,281.0,12.2,282.0,-999.1,-99.8,-99.8,-99.8,-99.8,-99.8,-99.8,-99.8
2023-10-13 17:00:00,-9999.1,-99.8,-99.8,6.7,278.0,12.3,281.0,-999.1,-99.8,-99.8,-99.8,-99.8,-99.8,-99.8,-99.8
2023-10-13 18:00:00,-9999.1,-99.8,-99.8,8.1,284.0,15.0,260.0,-999.1,-99.8,-99.8,-99.8,-99.8,-99.8,-99.8,-99.8
2023-10-13 19:00:00,-9999.1,-99.8,-99.8,6.5,277.0,13.2,256.0,-999.1,-99.8,-99.8,-99.8,-99.8,-99.8,-99.8,-99.8
2023-10-13 20:00:00,-9999.1,-99.8,-99.8,6.7,281.0,13.1,284.0,-999.1,-99.8,-99.8,-99.8,-99.8,-99.8,-99.8,-99.8
2023-10-13 21:00:00,-9999.1,-99.8,-99.8,6.1,283.0,10.8,288.0,-999.1,-99.8,-99.8,-99.8,-99.8,-99.8,-99.8,-99.8
2023-10-13 22:00:00,-9999.1,-99.8,-99.8,7.1,279.0,13.4,262.0,-999.1,-99.8,-99.8,-99.8,-99.8,-99.8,-99.8,-99.8
2023-10-13 23:00:00,-9999.1,-99.8,-99.8,6.9,281.0,13.7,284.0,-999.1,-99.8,-99.8,-99.8,-99.8,-99.8,-99.8,-99.8
2023-10-14 00:00:00,-9999.1,-99.8,-99.8,6.6,279.0,12.9,284.0,-999.1,-99.8,-99.8,-99.8,-99.8,-99.8,-99.8,-99.8
2023-10-14 01:00:00,-9999.1,-99.8,-99.8,8.3,281.0,13.7,262.0,-999.1,-99.8,-99.8,-99.8,-99.8,-99.8,-99.8,-99.8
2023-10-14 02:00:00,-9999.1,-99.8,-99.8,8.8,285.0,14.2,283.0,-999.1,-99.8,-99.8,-99.8,-99.8,-99.8,-99.8,-99.8
2023-10-14 03:00:00,-9999.1,-99.8,-99.8,7.5,280.0,15.5,284.0,-999.1,-99.8,-99.8,-99.8,-99.8,-99.8,-99.8,-99.8
2023-10-14 04:00:00,-9999.1,-99.8,-99.8,8.6,281.0,15.9,285.0,-999.1,-99.8,-99.8,-99.8,-99.8,-99.8,-99.8,-99.8
2023-10-14 05:00:00,-9999.1,-99.8,-99.8,8.0,284.0,13.8,287.0,-999.1,-99.8,-99.8,-99.8,-99.8,-99.8,-99.8,-99.8
2023-10-14 06:00:00,-9999.1,-99.8,-99.8,9.3,283.0,14.5,260.0,-999.1,-99.8,-99.8,-99.8,-99.8,-99.8,-99.8,-99.8
2023-10-14 07:00:00,-9999.1,-99.8,-99.8,9.1,285.0,15.1,282.0,-999.1,-99.8,-99.8,-99.8,-99.8,-99.8,-99.8,-99.8
2023-10-14 08:00:00,-9999.1,-99.8,-99.8,8.1,282.0,15.2,285.0,-999.1,-99.8,-99.8,-99.8,-99.8,-99.8,-99.8,-99.8
2023-10-14 09:00:00,-9999.1,-99.8,-99.8,8.7,282.0,15.5,288.0,-999.1,-99.8,-99.8,-99.8,-99.8,-99.8,-99.8,-99.8
2023-10-14 10:00:00,-9999.1,-99.8,-99.8,8.2,281.0,15.5,282.0,-999.1,-99.8,-99.8,-99.8,-99.8,-99.8,-99.8,-99.8
2023-10-14 11:00:00,-9999.1,-99.8,-99.8,7.1,281.0,14.8,269.0,-999.1,-99.8,-99.8,-99.8,-99.8,-99.8,-99.8,-99.8
2023-10-14 12:00:00,-9999.1,-99.8,-99.8,6.1,275.0,13.4,281.0,-999.1,-99.8,-99.8,-99.8,-99.8,-99.8,-99.8,-99.8
2023-10-14 13:00:00,-9999.1,-99.8,-99.8,6.4,275.0,14.0,284.0,-999.1,-99.8,-99.8,-99.8,-99.8,-99.8,-99.8,-99.8
2023-10-14 14:00:00,-9999.1,-99.8,-99.8,7.4,276.0,12.9,281.0,-999.1,-99.8,-99.8,-99.8,-99.8,-99.8,-99.8,-99.8
2023-10-14 15:00:00,-9999.1,-99.8,-99.8,6.9,273.0,14.5,255.0,-999.1,-99.8,-99.8,-99.8,-99.8,-99.8,-99.8,-99.8
2023-10-14 16:00:00,-9999.1,-99.8,-99.8,6.5,269.0,13.4,269.0,-999.1,-99.8,-99.8,-99.8,-99.8,-99.8,-99.8,-99.8
2023-10-14 17:00:00,-9999.1,-99.8,-99.8,6.8,275.0,14.5,270.0,-999.1,-99.8,-99.8,-99.8,-99.8,-99.8,-99.8,-99.8
2023-10-14 18:00:00,-9999.1,-99.8,-99.8,6.3,274.0,14.3,275.0,-999.1,-99.8,-99.8,-99.8,-99.8,-99.8,-99.8,-99.8
2023-10-14 19:00:00,-9999.1,-99.8,-99.8,6.9,280.0,15.5,256.0,-999.1,-99.8,-99.8,-99.8,-99.8,-99.8,-99.8,-99.8
2023-10-14 20:00:00,-9999.1,-99.8,-99.8,6.9,281.0,12.4,260.0,-999.1,-99.8,-99.8,-99.8,-99.8,-99.8,-99.8,-99.8
2023-10-14 21:00:00,-9999.1,-99.8,-99.8,7.5,279.0,13.6,261.0,-999.1,-99.8,-99.8,-99.8,-99.8,-99.8,-99.8,-99.8
2023-10-14 22:00:00,-9999.1,-99.8,-99.8,7.1,275.0,13.5,257.0,-999.1,-99.8,-99.8,-99.8,-99.8,-99.8,-99.8,-99.8
2023-10-14 23:00:00,-9999.1,-99.8,-99.8,6.4,277.0,11.9,265.0,-999.1,-99.8,-99.8,-99.8,-99.8,-99.8,-99.8,-99.8
2023-10-15 00:00:00,-9999.1,-99.8,-99.8,6.0,274.0,12.5,277.0,-999.1,-99.8,-99.8,-99.8,-99.8,-99.8,-99.8,-99.8
2023-10-15 01:00:00,-9999.1,-99.8,-99.8,6.7,276.0,13.7,262.0,-999.1,-99.8,-99.8,-99.8,-99.8,-99.8,-99.8,-99.8
2023-10-15 02:00:00,-9999.1,-99.8,-99.8,6.4,272.0,12.8,275.0,-999.1,-99.8,-99.8,-99.8,-99.8,-99.8,-99.8,-99.8
2023-10-15 03:00:00,-9999.1,-99.8,-99.8,6.4,273.0,12.9,261.0,-999.1,-99.8,-99.8,-99.8,-99.8,-99.8,-99.8,-99.8
2023-10-15 04:00:00,-9999.1,-99.8,-99.8,6.7,278.0,13.7,287.0,-999.1,-99.8,-99.8,-99.8,-99.8,-99.8,-99.8,-99.8
2023-10-15 05:00:00,-9999.1,-99.8,-99.8,7.7,279.0,12.2,264.0,-999.1,-99.8,-99.8,-99.8,-99.8,-99.8,-99.8,-99.8
2023-10-15 06:00:00,-9999.1,-99.8,-99.8,6.0,273.0,12.3,262.0,-999.1,-99.8,-99.8,-99.8,-99.8,-99.8,-99.8,-99.8
2023-10-15 07:00:00,-9999.1,-99.8,-99.8,5.5,266.0,12.2,252.0,-999.1,-99.8,-99.8,-99.8,-99.8,-99.8,-99.8,-99.8
2023-10-15 08:00:00,-9999.1,-99.8,-99.8,6.8,272.0,12.1,272.0,-999.1,-99.8,-99.8,-99.8,-99.8,-99.8,-99.8,-99.8
2023-10-15 09:00:00,-9999.1,-99.8,-99.8,6.3,272.0,12.5,279.0,-999.1,-99.8,-99.8,-99.8,-99.8,-99.8,-99.8,-99.8
2023-10-15 10:00:00,-9999.1,-99.8,-99.8,6.3,276.0,12.7,266.0,-999.1,-99.8,-99.8,-99.8,-99.8,-99.8,-99.8,-99.8
2023-10-15 11:00:00,-9999.1,-99.8,-99.8,6.8,275.0,12.1,284.0,-999.1,-99.8,-99.8,-99.8,-99.8,-99.8,-99.8,-99.8
2023-10-15 12:00:00,-9999.1,-99.8,-99.8,7.7,274.0,14.4,259.0,-999.1,-99.8,-99.8,-99.8,-99.8,-99.8,-99.8,-99.8
2023-10-15 13:00:00,-9999.1,-99.8,-99.8,8.0,273.0,15.3,267.0,-999.1,-99.8,-99.8,-99.8,-99.8,-99.8,-99.8,-99.8
2023-10-15 14:00:00,-9999.1,-99.8,-99.8,8.8,272.0,14.4,269.0,-999.1,-99.8,-99.8,-99.8,-99.8,-99.8,-99.8,-99.8
2023-10-15 15:00:00,-9999.1,-99.8,-99.8,6.7,269.0,16.2,283.0,-999.1,-99.8,-99.8,-99.8,-99.8,-99.8,-99.8,-99.8
2023-10-15 16:00:00,-9999.1,-99.8,-99.8,6.6,271.0,15.8,264.0,-999.1,-99.8,-99.8,-99.8,-99.8,-99.8,-99.8,-99.8
2023-10-15 17:00:00,-9999.1,-99.8,-99.8,7.2,273.0,14.3,254.0,-999.1,-99.8,-99.8,-99.8,-99.8,-99.8,-99.8,-99.8
2023-10-15 18:00:00,-9999.1,-99.8,-99.8,7.7,274.0,13.6,258.0,-999.1,-99.8,-99.8,-99.8,-99.8,-99.8,-99.8,-99.8
2023-10-15 19:00:00,-9999.1,-99.8,-99.8,8.0,275.0,14.1,279.0,-999.1,-99.8,-99.8,-99.8,-99.8,-99.8,-99.8,-99.8
2023-10-15 20:00:00,-9999.1,-99.8,-99.8,8.0,278.0,15.2,263.0,-999.1,-99.8,-99.8,-99.8,-99.8,-99.8,-99.8,-99.8
2023-10-15 21:00:00,-9999.1,-99.8,-99.8,7.0,272.0,13.8,262.0,-999.1,-99.8,-99.8,-99.8,-99.8,-99.8,-99.8,-99.8
2023-10-15 22:00:00,-9999.1,-99.8,-99.8,7.4,275.0,14.8,300.0,-999.1,-99.8,-99.8,-99.8,-99.8,-99.8,-99.8,-99.8
2023-10-15 23:00:00,-9999.1,-99.8,-99.8,7.0,272.0,13.0,285.0,-999.1,-99.8,-99.8,-99.8,-99.8,-99.8,-99.8,-99.8
2023-10-16 00:00:00,-9999.1,-99.8,-99.8,6.9,275.0,12.6,273.0,-999.1,-99.8,-99.8,-99.8,-99.8,-99.8,-99.8,-99.8
2023-10-16 01:00:00,-9999.1,-99.8,-99.8,6.3,278.0,12.1,259.0,-999.1,-99.8,-99.8,-99.8,-99.8,-99.8,-99.8,-99.8
2023-10-16 02:00:00,-9999.1,-99.8,-99.8,5.7,282.0,10.7,279.0,-999.1,-99.8,-99.8,-99.8,-99.8,-99.8,-99.8,-99.8
2023-10-16 03:00:00,-9999.1,-99.8,-99.8,6.5,282.0,11.0,285.0,-999.1,-99.8,-99.8,-99.8,-99.8,-99.8,-99.8,-99.8
2023-10-16 04:00:00,-9999.1,-99.8,-99.8,5.6,285.0,9.6,286.0,-999.1,-99.8,-99.8,-99.8,-99.8,-99.8,-99.8,-99.8
2023-10-16 05:00:00,-9999.1,-99.8,-99.8,4.6,283.0,9.6,302.0,-999.1,-99.8,-99.8,-99.8,-99.8,-99.8,-99.8,-99.8
2023-10-16 06:00:00,-9999.1,-99.8,-99.8,4.2,280.0,8.7,283.0,-999.1,-99.8,-99.8,-99.8,-99.8,-99.8,-99.8,-99.8
2023-10-16 07:00:00,-9999.1,-99.8,-99.8,5.1,283.0,7.8,284.0,-999.1,-99.8,-99.8,-99.8,-99.8,-99.8,-99.8,-99.8
2023-10-16 08:00:00,-9999.1,-99.8,-99.8,3.0,271.0,6.7,283.0,-999.1,-99.8,-99.8,-99.8,-99.8,-99.8,-99.8,-99.8
2023-10-16 09:00:00,-9999.1,-99.8,-99.8,3.4,265.0,6.1,288.0,-999.1,-99.8,-99.8,-99.8,-99.8,-99.8,-99.8,-99.8
2023-10-16 10:00:00,-9999.1,-99.8,-99.8,3.1,276.0,6.2,289.0,-999.1,-99.8,-99.8,-99.8,-99.8,-99.8,-99.8,-99.8
2023-10-16 11:00:00,-9999.1,-99.8,-99.8,4.9,283.0,7.6,289.0,-999.1,-99.8,-99.8,-99.8,-99.8,-99.8,-99.8,-99.8
2023-10-16 12:00:00,-9999.1,-99.8,-99.8,5.1,279.0,9.4,259.0,-999.1,-99.8,-99.8,-99.8,-99.8,-99.8,-99.8,-99.8
2023-10-16 13:00:00,-9999.1,-99.8,-99.8,5.8,274.0,11.6,288.0,-999.1,-99.8,-99.8,-99.8,-99.8,-99.8,-99.8,-99.8
2023-10-16 14:00:00,-9999.1,-99.8,-99.8,5.4,276.0,11.6,286.0,-999.1,-99.8,-99.8,-99.8,-99.8,-99.8,-99.8,-99.8
2023-10-16 15:00:00,-9999.1,-99.8,-99.8,5.8,277.0,10.9,284.0,-999.1,-99.8,-99.8,-99.8,-99.8,-99.8,-99.8,-99.8
2023-10-16 16:00:00,-9999.1,-99.8,-99.8,7.0,281.0,10.9,285.0,-999.1,-99.8,-99.8,-99.8,-99.8,-99.8,-99.8,-99.8
2023-10-16 17:00:00,-9999.1,-99.8,-99.8,10.6,290.0,14.4,301.0,-999.1,-99.8,-99.8,-99.8,-99.8,-99.8,-99.8,-99.8
2023-10-16 18:00:00,-9999.1,-99.8,-99.8,6.9,282.0,13.3,284.0,-999.1,-99.8,-99.8,-99.8,-99.8,-99.8,-99.8,-99.8
2023-10-16 19:00:00,-9999.1,-99.8,-99.8,5.8,276.0,11.9,303.0,-999.1,-99.8,-99.8,-99.8,-99.8,-99.8,-99.8,-99.8
2023-10-16 20:00:00,-9999.1,-99.8,-99.8,3.8,279.0,9.4,284.0,-999.1,-99.8,-99.8,-99.8,-99.8,-99.8,-99.8,-99.8
2023-10-16 21:00:00,-9999.1,-99.8,-99.8,4.0,278.0,7.8,275.0,-999.1,-99.8,-99.8,-99.8,-99.8,-99.8,-99.8,-99.8
2023-10-16 22:00:00,-9999.1,-99.8,-99.8,7.5,290.0,9.5,294.0,-999.1,-99.8,-99.8,-99.8,-99.8,-99.8,-99.8,-99.8
2023-10-16 23:00:00,-9999.1,-99.8,-99.8,7.1,288.0,9.4,289.0,-999.1,-99.8,-99.8,-99.8,-99.8,-99.8,-99.8,-99.8
2023-10-17 00:00:00,-9999.1,-99.8,-99.8,6.0,284.0,9.4,289.0,-999.1,-99.8,-99.8,-99.8,-99.8,-99.8,-99.8,-99.8
2023-10-17 01:00:00,-9999.1,-99.8,-99.8,6.8,291.0,10.5,292.0,-999.1,-99.8,-99.8,-99.8,-99.8,-99.8,-99.8,-99.8
2023-10-17 02:00:00,-9999.1,-99.8,-99.8,6.1,292.0,9.4,291.0,-999.1,-99.8,-99.8,-99.8,-99.8,-99.8,-99.8,-99.8
2023-10-17 03:00:00,-9999.1,-99.8,-99.8,6.5,291.0,8.9,301.0,-999.1,-99.8,-99.8,-99.8,-99.8,-99.8,-99.8,-99.8
2023-10-17 04:00:00,-9999.1,-99.8,-99.8,5.4,296.0,9.2,289.0,-999.1,-99.8,-99.8,-99.8,-99.8,-99.8,-99.8,-99.8
2023-10-17 05:00:00,-9999.1,-99.8,-99.8,5.6,298.0,8.9,298.0,-999.1,-99.8,-99.8,-99.8,-99.8,-99.8,-99.8,-99.8
2023-10-17 06:00:00,-9999.1,-99.8,-99.8,3.4,298.0,7.8,302.0,-999.1,-99.8,-99.8,-99.8,-99.8,-99.8,-99.8,-99.8
2023-10-17 07:00:00,-9999.1,-99.8,-99.8,2.2,302.0,4.1,286.0,-999.1,-99.8,-99.8,-99.8,-99.8,-99.8,-99.8,-99.8
2023-10-17 08:00:00,-9999.1,-99.8,-99.8,0.4,241.0,3.5,301.0,-999.1,-99.8,-99.8,-99.8,-99.8,-99.8,-99.8,-99.8
2023-10-17 09:00:00,-9999.1,-99.8,-99.8,2.0,277.0,3.3,127.0,-999.1,-99.8,-99.8,-99.8,-99.8,-99.8,-99.8,-99.8
2023-10-17 10:00:00,-9999.1,-99.8,-99.8,2.1,277.0,3.9,288.0,-999.1,-99.8,-99.8,-99.8,-99.8,-99.8,-99.8,-99.8
2023-10-17 11:00:00,-9999.1,-99.8,-99.8,2.6,278.0,4.9,287.0,-999.1,-99.8,-99.8,-99.8,-99.8,-99.8,-99.8,-99.8
2023-10-17 12:00:00,-9999.1,-99.8,-99.8,2.4,279.0,5.1,245.0,-999.1,-99.8,-99.8,-99.8,-99.8,-99.8,-99.8,-99.8
2023-10-17 13:00:00,-9999.1,-99.8,-99.8,2.1,270.0,5.1,254.0,-999.1,-99.8,-99.8,-99.8,-99.8,-99.8,-99.8,-99.8
2023-10-17 14:00:00,-9999.1,-99.8,-99.8,1.0,255.0,3.8,254.0,-999.1,-99.8,-99.8,-99.8,-99.8,-99.8,-99.8,-99.8
2023-10-17 15:00:00,-9999.1,-99.8,-99.8,0.4,180.0,2.6,274.0,-999.1,-99.8,-99.8,-99.8,-99.8,-99.8,-99.8,-99.8
2023-10-17 16:00:00,-9999.1,-99.8,-99.8,1.5,118.0,3.4,116.0,-999.1,-99.8,-99.8,-99.8,-99.8,-99.8,-99.8,-99.8
2023-10-17 17:00:00,-9999.1,-99.8,-99.8,2.4,126.0,3.8,120.0,-999.1,-99.8,-99.8,-99.8,-99.8,-99.8,-99.8,-99.8
2023-10-17 18:00:00,-9999.1,-99.8,-99.8,3.8,113.0,5.0,117.0,-999.1,-99.8,-99.8,-99.8,-99.8,-99.8,-99.8,-99.8
2023-10-17 19:00:00,-9999.1,-99.8,-99.8,3.5,114.0,5.9,101.0,-999.1,-99.8,-99.8,-99.8,-99.8,-99.8,-99.8,-99.8
2023-10-17 20:00:00,-9999.1,-99.8,-99.8,3.8,112.0,5.4,109.0,-999.1,-99.8,-99.8,-99.8,-99.8,-99.8,-99.8,-99.8
2023-10-17 21:00:00,-9999.1,-99.8,-99.8,3.4,133.0,4.6,109.0,-999.1,-99.8,-99.8,-99.8,-99.8,-99.8,-99.8,-99.8
2023-10-17 22:00:00,-9999.1,-99.8,-99.8,1.0,146.0,4.7,130.0,-999.1,-99.8,-99.8,-99.8,-99.8,-99.8,-99.8,-99.8
2023-10-17 23:00:00,-9999.1,-99.8,-99.8,1.8,147.0,4.2,151.0,-999.1,-99.8,-99.8,-99.8,-99.8,-99.8,-99.8,-99.8
2023-10-18 00:00:00,-9999.1,-99.8,-99.8,1.8,262.0,4.4,232.0,-999.1,-99.8,-99.8,-99.8,-99.8,-99.8,-99.8,-99.8
2023-10-18 01:00:00,-9999.1,-99.8,-99.8,2.3,281.0,3.8,229.0,-999.1,-99.8,-99.8,-99.8,-99.8,-99.8,-99.8,-99.8
2023-10-18 02:00:00,-9999.1,-99.8,-99.8,4.4,292.0,5.9,290.0,-999.1,-99.8,-99.8,-99.8,-99.8,-99.8,-99.8,-99.8
2023-10-18 03:00:00,-9999.1,-99.8,-99.8,5.9,292.0,7.1,288.0,-999.1,-99.8,-99.8,-99.8,-99.8,-99.8,-99.8,-99.8
2023-10-18 04:00:00,-9999.1,-99.8,-99.8,3.9,297.0,6.1,288.0,-999.1,-99.8,-99.8,-99.8,-99.8,-99.8,-99.8,-99.8
2023-10-18 05:00:00,-9999.1,-99.8,-99.8,3.5,288.0,4.9,287.0,-999.1,-99.8,-99.8,-99.8,-99.8,-99.8,-99.8,-99.8
2023-10-18 06:00:00,-9999.1,-99.8,-99.8,1.9,307.0,4.5,289.0,-999.1,-99.8,-99.8,-99.8,-99.8,-99.8,-99.8,-99.8
2023-10-18 07:00:00,-9999.1,-99.8,-99.8,1.7,278.0,3.0,282.0,-999.1,-99.8,-99.8,-99.8,-99.8,-99.8,-99.8,-99.8
2023-10-18 08:00:00,-9999.1,-99.8,-99.8,2.5,280.0,4.4,283.0,-999.1,-99.8,-99.8,-99.8,-99.8,-99.8,-99.8,-99.8
2023-10-18 09:00:00,-9999.1,-99.8,-99.8,1.9,282.0,4.8,286.0,-999.1,-99.8,-99.8,-99.8,-99.8,-99.8,-99.8,-99.8
2023-10-18 10:00:00,-9999.1,-99.8,-99.8,-99.8,-99.8,5.3,282.0,-999.1,-99.8,-99.8,-99.8,-99.8,-99.8,-99.8,-99.8
2023-10-18 11:00:00,-9999.1,-99.8,-99.8,2.0,280.0,3.6,286.0,-999.1,-99.8,-99.8,-99.8,-99.8,-99.8,-99.8,-99.8
2023-10-18 12:00:00,-9999.1,-99.8,-99.8,2.7,272.0,5.9,288.0,-999.1,-99.8,-99.8,-99.8,-99.8,-99.8,-99.8,-99.8
2023-10-18 13:00:00,-9999.1,-99.8,-99.8,2.4,275.0,5.5,279.0,-999.1,-99.8,-99.8,-99.8,-99.8,-99.8,-99.8,-99.8
2023-10-18 14:00:00,-9999.1,-99.8,-99.8,2.3,273.0,5.9,279.0,-999.1,-99.8,-99.8,-99.8,-99.8,-99.8,-99.8,-99.8
2023-10-18 15:00:00,-9999.1,-99.8,-99.8,1.4,285.0,5.0,259.0,-999.1,-99.8,-99.8,-99.8,-99.8,-99.8,-99.8,-99.8
2023-10-18 16:00:00,-9999.1,-99.8,-99.8,0.9,260.0,3.3,291.0,-999.1,-99.8,-99.8,-99.8,-99.8,-99.8,-99.8,-99.8
2023-10-18 17:00:00,-9999.1,-99.8,-99.8,1.1,137.0,2.7,257.0,-999.1,-99.8,-99.8,-99.8,-99.8,-99.8,-99.8,-99.8
2023-10-18 18:00:00,-9999.1,-99.8,-99.8,1.2,257.0,2.7,254.0,-999.1,-99.8,-99.8,-99.8,-99.8,-99.8,-99.8,-99.8
2023-10-18 19:00:00,-9999.1,-99.8,-99.8,1.8,211.0,4.3,254.0,-999.1,-99.8,-99.8,-99.8,-99.8,-99.8,-99.8,-99.8
2023-10-18 20:00:00,-9999.1,-99.8,-99.8,1.3,217.0,4.4,232.0,-999.1,-99.8,-99.8,-99.8,-99.8,-99.8,-99.8,-99.8
2023-10-18 21:00:00,-9999.1,-99.8,-99.8,2.0,259.0,3.2,254.0,-999.1,-99.8,-99.8,-99.8,-99.8,-99.8,-99.8,-99.8
2023-10-18 22:00:00,-9999.1,-99.8,-99.8,0.0,0.0,4.4,243.0,-999.1,-99.8,-99.8,-99.8,-99.8,-99.8,-99.8,-99.8
2023-10-18 23:00:00,-9999.1,-99.8,-99.8,3.2,286.0,5.1,288.0,-999.1,-99.8,-99.8,-99.8,-99.8,-99.8,-99.8,-99.8
2023-10-19 00:00:00,-9999.1,-99.8,-99.8,5.8,288.0,6.8,281.0,-999.1,-99.8,-99.8,-99.8,-99.8,-99.8,-99.8,-99.8
2023-10-19 01:00:00,-9999.1,-99.8,-99.8,5.6,285.0,8.0,288.0,-999.1,-99.8,-99.8,-99.8,-99.8,-99.8,-99.8,-99.8
2023-10-19 02:00:00,-9999.1,-99.8,-99.8,5.8,288.0,8.1,288.0,-999.1,-99.8,-99.8,-99.8,-99.8,-99.8,-99.8,-99.8
2023-10-19 03:00:00,-9999.1,-99.8,-99.8,6.4,285.0,9.2,287.0,-999.1,-99.8,-99.8,-99.8,-99.8,-99.8,-99.8,-99.8
2023-10-19 04:00:00,-9999.1,-99.8,-99.8,6.3,295.0,7.9,288.0,-999.1,-99.8,-99.8,-99.8,-99.8,-99.8,-99.8,-99.8
2023-10-19 05:00:00,-9999.1,-99.8,-99.8,3.3,283.0,7.0,289.0,-999.1,-99.8,-99.8,-99.8,-99.8,-99.8,-99.8,-99.8
2023-10-19 06:00:00,-9999.1,-99.8,-99.8,2.3,283.0,4.5,282.0,-999.1,-99.8,-99.8,-99.8,-99.8,-99.8,-99.8,-99.8
2023-10-19 07:00:00,-9999.1,-99.8,-99.8,1.5,110.0,3.1,287.0,-999.1,-99.8,-99.8,-99.8,-99.8,-99.8,-99.8,-99.8
2023-10-19 08:00:00,-9999.1,-99.8,-99.8,2.3,28.0,3.4,335.0,-999.1,-99.8,-99.8,-99.8,-99.8,-99.8,-99.8,-99.8
2023-10-19 09:00:00,-9999.1,-99.8,-99.8,0.9,237.0,5.6,281.0,-999.1,-99.8,-99.8,-99.8,-99.8,-99.8,-99.8,-99.8
2023-10-19 10:00:00,-9999.1,-99.8,-99.8,0.7,179.0,4.4,144.0,-999.1,-99.8,-99.8,-99.8,-99.8,-99.8,-99.8,-99.8
2023-10-19 11:00:00,-9999.1,-99.8,-99.8,1.0,161.0,4.4,157.0,-999.1,-99.8,-99.8,-99.8,-99.8,-99.8,-99.8,-99.8
2023-10-19 12:00:00,-9999.1,-99.8,-99.8,1.1,194.0,2.6,147.0,-999.1,-99.8,-99.8,-99.8,-99.8,-99.8,-99.8,-99.8
2023-10-19 13:00:00,-9999.1,-99.8,-99.8,2.0,131.0,4.5,131.0,-999.1,-99.8,-99.8,-99.8,-99.8,-99.8,-99.8,-99.8
2023-10-19 14:00:00,-9999.1,-99.8,-99.8,1.9,140.0,3.9,127.0,-999.1,-99.8,-99.8,-99.8,-99.8,-99.8,-99.8,-99.8
2023-10-19 15:00:00,-9999.1,-99.8,-99.8,2.2,135.0,5.0,151.0,-999.1,-99.8,-99.8,-99.8,-99.8,-99.8,-99.8,-99.8
2023-10-19 16:00:00,-9999.1,-99.8,-99.8,1.9,120.0,5.2,99.0,-999.1,-99.8,-99.8,-99.8,-99.8,-99.8,-99.8,-99.8
2023-10-19 17:00:00,-9999.1,-99.8,-99.8,4.6,117.0,6.3,112.0,-999.1,-99.8,-99.8,-99.8,-99.8,-99.8,-99.8,-99.8
2023-10-19 18:00:00,-9999.1,-99.8,-99.8,3.8,115.0,6.6,111.0,-999.1,-99.8,-99.8,-99.8,-99.8,-99.8,-99.8,-99.8
2023-10-19 19:00:00,-9999.1,-99.8,-99.8,3.4,117.0,5.9,126.0,-999.1,-99.8,-99.8,-99.8,-99.8,-99.8,-99.8,-99.8
2023-10-19 20:00:00,-9999.1,-99.8,-99.8,4.1,127.0,5.5,142.0,-999.1,-99.8,-99.8,-99.8,-99.8,-99.8,-99.8,-99.8
2023-10-19 21:00:00,-9999.1,-99.8,-99.8,4.4,113.0,6.7,127.0,-999.1,-99.8,-99.8,-99.8,-99.8,-99.8,-99.8,-99.8
2023-10-19 22:00:00,-9999.1,-99.8,-99.8,2.9,130.0,6.4,101.0,-999.1,-99.8,-99.8,-99.8,-99.8,-99.8,-99.8,-99.8
2023-10-19 23:00:00,-9999.1,-99.8,-99.8,2.0,203.0,7.4,115.0,-999.1,-99.8,-99.8,-99.8,-99.8,-99.8,-99.8,-99.8
2023-10-20 00:00:00,-9999.1,-99.8,-99.8,3.9,277.0,6.2,283.0,-999.1,-99.8,-99.8,-99.8,-99.8,-99.8,-99.8,-99.8
2023-10-20 01:00:00,-9999.1,-99.8,-99.8,4.9,276.0,8.1,264.0,-999.1,-99.8,-99.8,-99.8,-99.8,-99.8,-99.8,-99.8
2023-10-20 02:00:00,-9999.1,-99.8,-99.8,5.0,277.0,9.1,284.0,-999.1,-99.8,-99.8,-99.8,-99.8,-99.8,-99.8,-99.8
2023-10-20 03:00:00,-9999.1,-99.8,-99.8,5.5,278.0,10.3,286.0,-999.1,-99.8,-99.8,-99.8,-99.8,-99.8,-99.8,-99.8
2023-10-20 04:00:00,-9999.1,-99.8,-99.8,5.4,283.0,10.7,287.0,-999.1,-99.8,-99.8,-99.8,-99.8,-99.8,-99.8,-99.8
2023-10-20 05:00:00,-9999.1,-99.8,-99.8,5.4,283.0,10.9,288.0,-999.1,-99.8,-99.8,-99.8,-99.8,-99.8,-99.8,-99.8
2023-10-20 06:00:00,-9999.1,-99.8,-99.8,7.7,286.0,11.2,290.0,-999.1,-99.8,-99.8,-99.8,-99.8,-99.8,-99.8,-99.8
2023-10-20 07:00:00,-9999.1,-99.8,-99.8,9.2,292.0,12.2,284.0,-999.1,-99.8,-99.8,-99.8,-99.8,-99.8,-99.8,-99.8
2023-10-20 08:00:00,-9999.1,-99.8,-99.8,6.9,283.0,12.7,304.0,-999.1,-99.8,-99.8,-99.8,-99.8,-99.8,-99.8,-99.8
2023-10-20 09:00:00,-9999.1,-99.8,-99.8,6.5,285.0,11.1,291.0,-999.1,-99.8,-99.8,-99.8,-99.8,-99.8,-99.8,-99.8
2023-10-20 10:00:00,-9999.1,-99.8,-99.8,5.7,281.0,11.3,293.0,-999.1,-99.8,-99.8,-99.8,-99.8,-99.8,-99.8,-99.8
2023-10-20 11:00:00,-9999.1,-99.8,-99.8,5.3,283.0,9.0,283.0,-999.1,-99.8,-99.8,-99.8,-99.8,-99.8,-99.8,-99.8
2023-10-20 12:00:00,-9999.1,-99.8,-99.8,4.6,279.0,8.4,295.0,-999.1,-99.8,-99.8,-99.8,-99.8,-99.8,-99.8,-99.8
2023-10-20 13:00:00,-9999.1,-99.8,-99.8,4.4,275.0,8.2,259.0,-999.1,-99.8,-99.8,-99.8,-99.8,-99.8,-99.8,-99.8
2023-10-20 14:00:00,-9999.1,-99.8,-99.8,4.8,276.0,9.5,284.0,-999.1,-99.8,-99.8,-99.8,-99.8,-99.8,-99.8,-99.8
2023-10-20 15:00:00,-9999.1,-99.8,-99.8,4.8,272.0,8.5,257.0,-999.1,-99.8,-99.8,-99.8,-99.8,-99.8,-99.8,-99.8
2023-10-20 16:00:00,-9999.1,-99.8,-99.8,5.2,279.0,8.9,266.0,-999.1,-99.8,-99.8,-99.8,-99.8,-99.8,-99.8,-99.8
2023-10-20 17:00:00,-9999.1,-99.8,-99.8,6.0,289.0,9.8,289.0,-999.1,-99.8,-99.8,-99.8,-99.8,-99.8,-99.8,-99.8
2023-10-20 18:00:00,-9999.1,-99.8,-99.8,5.3,291.0,9.2,302.0,-999.1,-99.8,-99.8,-99.8,-99.8,-99.8,-99.8,-99.8
2023-10-20 19:00:00,-9999.1,-99.8,-99.8,4.4,294.0,7.1,304.0,-999.1,-99.8,-99.8,-99.8,-99.8,-99.8,-99.8,-99.8
2023-10-20 20:00:00,-9999.1,-99.8,-99.8,3.7,298.0,9.2,302.0,-999.1,-99.8,-99.8,-99.8,-99.8,-99.8,-99.8,-99.8
2023-10-20 21:00:00,-9999.1,-99.8,-99.8,4.4,287.0,5.7,294.0,-999.1,-99.8,-99.8,-99.8,-99.8,-99.8,-99.8,-99.8
2023-10-20 22:00:00,-9999.1,-99.8,-99.8,5.1,294.0,7.7,300.0,-999.1,-99.8,-99.8,-99.8,-99.8,-99.8,-99.8,-99.8
2023-10-20 23:00:00,-9999.1,-99.8,-99.8,4.2,285.0,6.8,286.0,-999.1,-99.8,-99.8,-99.8,-99.8,-99.8,-99.8,-99.8
2023-10-21 00:00:00,-9999.1,-99.8,-99.8,4.7,286.0,6.0,286.0,-999.1,-99.8,-99.8,-99.8,-99.8,-99.8,-99.8,-99.8
2023-10-21 01:00:00,-9999.1,-99.8,-99.8,4.9,285.0,7.3,301.0,-999.1,-99.8,-99.8,-99.8,-99.8,-99.8,-99.8,-99.8
2023-10-21 02:00:00,-9999.1,-99.8,-99.8,5.5,286.0,8.1,301.0,-999.1,-99.8,-99.8,-99.8,-99.8,-99.8,-99.8,-99.8
2023-10-21 03:00:00,-9999.1,-99.8,-99.8,5.2,284.0,7.9,286.0,-999.1,-99.8,-99.8,-99.8,-99.8,-99.8,-99.8,-99.8
2023-10-21 04:00:00,-9999.1,-99.8,-99.8,3.8,280.0,6.6,283.0,-999.1,-99.8,-99.8,-99.8,-99.8,-99.8,-99.8,-99.8
2023-10-21 05:00:00,-9999.1,-99.8,-99.8,4.0,281.0,6.7,287.0,-999.1,-99.8,-99.8,-99.8,-99.8,-99.8,-99.8,-99.8
2023-10-21 06:00:00,-9999.1,-99.8,-99.8,2.5,274.0,6.3,289.0,-999.1,-99.8,-99.8,-99.8,-99.8,-99.8,-99.8,-99.8
2023-10-21 07:00:00,-9999.1,-99.8,-99.8,2.6,266.0,4.9,275.0,-999.1,-99.8,-99.8,-99.8,-99.8,-99.8,-99.8,-99.8
2023-10-21 08:00:00,-9999.1,-99.8,-99.8,2.5,268.0,4.8,266.0,-999.1,-99.8,-99.8,-99.8,-99.8,-99.8,-99.8,-99.8
2023-10-21 09:00:00,-9999.1,-99.8,-99.8,3.0,267.0,5.6,275.0,-999.1,-99.8,-99.8,-99.8,-99.8,-99.8,-99.8,-99.8
2023-10-21 10:00:00,-9999.1,-99.8,-99.8,3.5,264.0,6.9,284.0,-999.1,-99.8,-99.8,-99.8,-99.8,-99.8,-99.8,-99.8
2023-10-21 11:00:00,-9999.1,-99.8,-99.8,3.6,267.0,7.7,241.0,-999.1,-99.8,-99.8,-99.8,-99.8,-99.8,-99.8,-99.8
2023-10-21 12:00:00,-9999.1,-99.8,-99.8,4.2,267.0,8.3,258.0,-999.1,-99.8,-99.8,-99.8,-99.8,-99.8,-99.8,-99.8
2023-10-21 13:00:00,-9999.1,-99.8,-99.8,4.2,272.0,8.8,264.0,-999.1,-99.8,-99.8,-99.8,-99.8,-99.8,-99.8,-99.8
2023-10-21 14:00:00,-9999.1,-99.8,-99.8,4.0,266.0,8.8,280.0,-999.1,-99.8,-99.8,-99.8,-99.8,-99.8,-99.8,-99.8
2023-10-21 15:00:00,-9999.1,-99.8,-99.8,3.4,258.0,8.4,284.0,-999.1,-99.8,-99.8,-99.8,-99.8,-99.8,-99.8,-99.8
2023-10-21 16:00:00,-9999.1,-99.8,-99.8,3.8,276.0,9.4,259.0,-999.1,-99.8,-99.8,-99.8,-99.8,-99.8,-99.8,-99.8
2023-10-21 17:00:00,-9999.1,-99.8,-99.8,4.0,276.0,7.5,257.0,-999.1,-99.8,-99.8,-99.8,-99.8,-99.8,-99.8,-99.8
2023-10-21 18:00:00,-9999.1,-99.8,-99.8,3.5,276.0,6.9,256.0,-999.1,-99.8,-99.8,-99.8,-99.8,-99.8,-99.8,-99.8
2023-10-21 19:00:00,-9999.1,-99.8,-99.8,2.6,269.0,7.1,288.0,-999.1,-99.8,-99.8,-99.8,-99.8,-99.8,-99.8,-99.8
2023-10-21 20:00:00,-9999.1,-99.8,-99.8,2.7,265.0,5.5,262.0,-999.1,-99.8,-99.8,-99.8,-99.8,-99.8,-99.8,-99.8
2023-10-21 21:00:00,-9999.1,-99.8,-99.8,4.0,283.0,6.2,251.0,-999.1,-99.8,-99.8,-99.8,-99.8,-99.8,-99.8,-99.8
2023-10-21 22:00:00,-9999.1,-99.8,-99.8,3.5,282.0,6.7,287.0,-999.1,-99.8,-99.8,-99.8,-99.8,-99.8,-99.8,-99.8
2023-10-21 23:00:00,-9999.1,-99.8,-99.8,2.4,259.0,5.5,283.0,-999.1,-99.8,-99.8,-99.8,-99.8,-99.8,-99.8,-99.8
2023-10-22 00:00:00,-9999.1,-99.8,-99.8,3.4,281.0,5.0,273.0,-999.1,-99.8,-99.8,-99.8,-99.8,-99.8,-99.8,-99.8
2023-10-22 01:00:00,-9999.1,-99.8,-99.8,3.3,275.0,6.9,286.0,-999.1,-99.8,-99.8,-99.8,-99.8,-99.8,-99.8,-99.8
2023-10-22 02:00:00,-9999.1,-99.8,-99.8,2.4,264.0,7.1,255.0,-999.1,-99.8,-99.8,-99.8,-99.8,-99.8,-99.8,-99.8
2023-10-22 03:00:00,-9999.1,-99.8,-99.8,2.3,239.0,7.9,255.0,-999.1,-99.8,-99.8,-99.8,-99.8,-99.8,-99.8,-99.8
2023-10-22 04:00:00,-9999.1,-99.8,-99.8,3.6,263.0,7.3,251.0,-999.1,-99.8,-99.8,-99.8,-99.8,-99.8,-99.8,-99.8
2023-10-22 05:00:00,-9999.1,-99.8,-99.8,4.2,275.0,8.9,251.0,-999.1,-99.8,-99.8,-99.8,-99.8,-99.8,-99.8,-99.8
2023-10-22 06:00:00,-9999.1,-99.8,-99.8,4.3,271.0,10.5,264.0,-999.1,-99.8,-99.8,-99.8,-99.8,-99.8,-99.8,-99.8
2023-10-22 07:00:00,-9999.1,-99.8,-99.8,4.8,274.0,10.8,283.0,-999.1,-99.8,-99.8,-99.8,-99.8,-99.8,-99.8,-99.8
2023-10-22 08:00:00,-9999.1,-99.8,-99.8,4.3,279.0,9.1,285.0,-999.1,-99.8,-99.8,-99.8,-99.8,-99.8,-99.8,-99.8
2023-10-22 09:00:00,-9999.1,-99.8,-99.8,4.2,272.0,7.9,286.0,-999.1,-99.8,-99.8,-99.8,-99.8,-99.8,-99.8,-99.8
2023-10-22 10:00:00,-9999.1,-99.8,-99.8,3.9,271.0,9.0,286.0,-999.1,-99.8,-99.8,-99.8,-99.8,-99.8,-99.8,-99.8
2023-10-22 11:00:00,-9999.1,-99.8,-99.8,4.6,282.0,8.1,263.0,-999.1,-99.8,-99.8,-99.8,-99.8,-99.8,-99.8,-99.8
2023-10-22 12:00:00,-9999.1,-99.8,-99.8,4.9,279.0,9.9,262.0,-999.1,-99.8,-99.8,-99.8,-99.8,-99.8,-99.8,-99.8
2023-10-22 13:00:00,-9999.1,-99.8,-99.8,3.9,268.0,8.5,261.0,-999.1,-99.8,-99.8,-99.8,-99.8,-99.8,-99.8,-99.8
2023-10-22 14:00:00,-9999.1,-99.8,-99.8,3.8,265.0,8.4,254.0,-999.1,-99.8,-99.8,-99.8,-99.8,-99.8,-99.8,-99.8
2023-10-22 15:00:00,-9999.1,-99.8,-99.8,3.9,270.0,10.7,262.0,-999.1,-99.8,-99.8,-99.8,-99.8,-99.8,-99.8,-99.8
2023-10-22 16:00:00,-9999.1,-99.8,-99.8,4.1,271.0,8.7,263.0,-999.1,-99.8,-99.8,-99.8,-99.8,-99.8,-99.8,-99.8
2023-10-22 17:00:00,-9999.1,-99.8,-99.8,3.7,275.0,7.9,286.0,-999.1,-99.8,-99.8,-99.8,-99.8,-99.8,-99.8,-99.8
2023-10-22 18:00:00,-9999.1,-99.8,-99.8,4.5,273.0,7.6,259.0,-999.1,-99.8,-99.8,-99.8,-99.8,-99.8,-99.8,-99.8
2023-10-22 19:00:00,-9999.1,-99.8,-99.8,4.3,272.0,9.9,255.0,-999.1,-99.8,-99.8,-99.8,-99.8,-99.8,-99.8,-99.8
2023-10-22 20:00:00,-9999.1,-99.8,-99.8,4.6,258.0,8.9,256.0,-999.1,-99.8,-99.8,-99.8,-99.8,-99.8,-99.8,-99.8
2023-10-22 21:00:00,-9999.1,-99.8,-99.8,4.1,264.0,10.4,255.0,-999.1,-99.8,-99.8,-99.8,-99.8,-99.8,-99.8,-99.8
2023-10-22 22:00:00,-9999.1,-99.8,-99.8,4.1,263.0,8.8,264.0,-999.1,-99.8,-99.8,-99.8,-99.8,-99.8,-99.8,-99.8
2023-10-22 23:00:00,-9999.1,-99.8,-99.8,5.1,274.0,9.2,258.0,-999.1,-99.8,-99.8,-99.8,-99.8,-99.8,-99.8,-99.8
2023-10-23 00:00:00,-9999.1,-99.8,-99.8,6.2,280.0,9.9,287.0,-999.1,-99.8,-99.8,-99.8,-99.8,-99.8,-99.8,-99.8
2023-10-23 01:00:00,-9999.1,-99.8,-99.8,5.2,281.0,9.1,273.0,-999.1,-99.8,-99.8,-99.8,-99.8,-99.8,-99.8,-99.8
2023-10-23 02:00:00,-9999.1,-99.8,-99.8,5.6,282.0,8.8,283.0,-999.1,-99.8,-99.8,-99.8,-99.8,-99.8,-99.8,-99.8
2023-10-23 03:00:00,-9999.1,-99.8,-99.8,6.6,283.0,11.2,289.0,-999.1,-99.8,-99.8,-99.8,-99.8,-99.8,-99.8,-99.8
2023-10-23 04:00:00,-9999.1,-99.8,-99.8,4.1,274.0,10.5,287.0,-999.1,-99.8,-99.8,-99.8,-99.8,-99.8,-99.8,-99.8
2023-10-23 05:00:00,-9999.1,-99.8,-99.8,4.6,270.0,8.2,260.0,-999.1,-99.8,-99.8,-99.8,-99.8,-99.8,-99.8,-99.8
2023-10-23 06:00:00,-9999.1,-99.8,-99.8,4.9,285.0,7.7,298.0,-999.1,-99.8,-99.8,-99.8,-99.8,-99.8,-99.8,-99.8
2023-10-23 07:00:00,-9999.1,-99.8,-99.8,4.5,283.0,8.7,285.0,-999.1,-99.8,-99.8,-99.8,-99.8,-99.8,-99.8,-99.8
2023-10-23 08:00:00,-9999.1,-99.8,-99.8,2.4,270.0,6.4,289.0,-999.1,-99.8,-99.8,-99.8,-99.8,-99.8,-99.8,-99.8
2023-10-23 09:00:00,-9999.1,-99.8,-99.8,2.0,286.0,5.6,287.0,-999.1,-99.8,-99.8,-99.8,-99.8,-99.8,-99.8,-99.8
2023-10-23 10:00:00,-9999.1,-99.8,-99.8,2.8,273.0,5.2,255.0,-999.1,-99.8,-99.8,-99.8,-99.8,-99.8,-99.8,-99.8
2023-10-23 11:00:00,-9999.1,-99.8,-99.8,3.2,276.0,6.6,297.0,-999.1,-99.8,-99.8,-99.8,-99.8,-99.8,-99.8,-99.8
2023-10-23 12:00:00,-9999.1,-99.8,-99.8,2.7,280.0,6.3,280.0,-999.1,-99.8,-99.8,-99.8,-99.8,-99.8,-99.8,-99.8
2023-10-23 13:00:00,-9999.1,-99.8,-99.8,3.8,282.0,6.9,262.0,-999.1,-99.8,-99.8,-99.8,-99.8,-99.8,-99.8,-99.8
2023-10-23 14:00:00,-9999.1,-99.8,-99.8,2.3,264.0,5.9,277.0,-999.1,-99.8,-99.8,-99.8,-99.8,-99.8,-99.8,-99.8
2023-10-23 15:00:00,-9999.1,-99.8,-99.8,2.0,251.0,5.8,255.0,-999.1,-99.8,-99.8,-99.8,-99.8,-99.8,-99.8,-99.8
2023-10-23 16:00:00,-9999.1,-99.8,-99.8,2.5,260.0,5.6,254.0,-999.1,-99.8,-99.8,-99.8,-99.8,-99.8,-99.8,-99.8
2023-10-23 17:00:00,-9999.1,-99.8,-99.8,2.0,255.0,5.4,262.0,-999.1,-99.8,-99.8,-99.8,-99.8,-99.8,-99.8,-99.8
2023-10-23 18:00:00,-9999.1,-99.8,-99.8,1.7,250.0,4.7,245.0,-999.1,-99.8,-99.8,-99.8,-99.8,-99.8,-99.8,-99.8
2023-10-23 19:00:00,-9999.1,-99.8,-99.8,1.5,215.0,3.7,209.0,-999.1,-99.8,-99.8,-99.8,-99.8,-99.8,-99.8,-99.8
2023-10-23 20:00:00,-9999.1,-99.8,-99.8,0.8,209.0,3.0,242.0,-999.1,-99.8,-99.8,-99.8,-99.8,-99.8,-99.8,-99.8
2023-10-23 21:00:00,-9999.1,-99.8,-99.8,1.7,259.0,3.6,258.0,-999.1,-99.8,-99.8,-99.8,-99.8,-99.8,-99.8,-99.8
2023-10-23 22:00:00,-9999.1,-99.8,-99.8,2.2,233.0,5.5,245.0,-999.1,-99.8,-99.8,-99.8,-99.8,-99.8,-99.8,-99.8
2023-10-23 23:00:00,-9999.1,-99.8,-99.8,1.1,176.0,5.8,238.0,-999.1,-99.8,-99.8,-99.8,-99.8,-99.8,-99.8,-99.8
2023-10-24 00:00:00,-9999.1,-99.8,-99.8,2.5,230.0,4.5,190.0,-999.1,-99.8,-99.8,-99.8,-99.8,-99.8,-99.8,-99.8
2023-10-24 01:00:00,-9999.1,-99.8,-99.8,1.9,239.0,4.9,244.0,-999.1,-99.8,-99.8,-99.8,-99.8,-99.8,-99.8,-99.8
2023-10-24 02:00:00,-9999.1,-99.8,-99.8,1.8,243.0,5.4,243.0,-999.1,-99.8,-99.8,-99.8,-99.8,-99.8,-99.8,-99.8
2023-10-24 03:00:00,-9999.1,-99.8,-99.8,3.1,274.0,5.3,295.0,-999.1,-99.8,-99.8,-99.8,-99.8,-99.8,-99.8,-99.8
2023-10-24 04:00:00,-9999.1,-99.8,-99.8,5.0,284.0,8.6,265.0,-999.1,-99.8,-99.8,-99.8,-99.8,-99.8,-99.8,-99.8
2023-10-24 05:00:00,-9999.1,-99.8,-99.8,4.0,283.0,7.1,284.0,-999.1,-99.8,-99.8,-99.8,-99.8,-99.8,-99.8,-99.8
2023-10-24 06:00:00,-9999.1,-99.8,-99.8,2.2,253.0,5.9,285.0,-999.1,-99.8,-99.8,-99.8,-99.8,-99.8,-99.8,-99.8
2023-10-24 07:00:00,-9999.1,-99.8,-99.8,1.2,193.0,4.0,232.0,-999.1,-99.8,-99.8,-99.8,-99.8,-99.8,-99.8,-99.8
2023-10-24 08:00:00,-9999.1,-99.8,-99.8,0.9,215.0,4.9,236.0,-999.1,-99.8,-99.8,-99.8,-99.8,-99.8,-99.8,-99.8
2023-10-24 09:00:00,-9999.1,-99.8,-99.8,2.0,278.0,3.5,276.0,-999.1,-99.8,-99.8,-99.8,-99.8,-99.8,-99.8,-99.8
2023-10-24 10:00:00,-9999.1,-99.8,-99.8,3.4,281.0,5.4,285.0,-999.1,-99.8,-99.8,-99.8,-99.8,-99.8,-99.8,-99.8
2023-10-24 11:00:00,-9999.1,-99.8,-99.8,4.3,277.0,7.8,290.0,-999.1,-99.8,-99.8,-99.8,-99.8,-99.8,-99.8,-99.8
2023-10-24 12:00:00,-9999.1,-99.8,-99.8,3.7,277.0,7.2,276.0,-999.1,-99.8,-99.8,-99.8,-99.8,-99.8,-99.8,-99.8
2023-10-24 13:00:00,-9999.1,-99.8,-99.8,4.1,266.0,7.8,290.0,-999.1,-99.8,-99.8,-99.8,-99.8,-99.8,-99.8,-99.8
2023-10-24 14:00:00,-9999.1,-99.8,-99.8,2.9,255.0,8.0,285.0,-999.1,-99.8,-99.8,-99.8,-99.8,-99.8,-99.8,-99.8
2023-10-24 15:00:00,-9999.1,-99.8,-99.8,2.7,268.0,6.6,284.0,-999.1,-99.8,-99.8,-99.8,-99.8,-99.8,-99.8,-99.8
2023-10-24 16:00:00,-9999.1,-99.8,-99.8,2.6,275.0,8.3,282.0,-999.1,-99.8,-99.8,-99.8,-99.8,-99.8,-99.8,-99.8
2023-10-24 17:00:00,-9999.1,-99.8,-99.8,2.5,269.0,6.3,284.0,-999.1,-99.8,-99.8,-99.8,-99.8,-99.8,-99.8,-99.8
2023-10-24 18:00:00,-9999.1,-99.8,-99.8,2.7,267.0,5.6,283.0,-999.1,-99.8,-99.8,-99.8,-99.8,-99.8,-99.8,-99.8
2023-10-24 19:00:00,-9999.1,-99.8,-99.8,2.8,282.0,4.5,282.0,-999.1,-99.8,-99.8,-99.8,-99.8,-99.8,-99.8,-99.8
2023-10-24 20:00:00,-9999.1,-99.8,-99.8,3.7,275.0,7.1,263.0,-999.1,-99.8,-99.8,-99.8,-99.8,-99.8,-99.8,-99.8
2023-10-24 21:00:00,-9999.1,-99.8,-99.8,3.4,267.0,6.9,254.0,-999.1,-99.8,-99.8,-99.8,-99.8,-99.8,-99.8,-99.8
2023-10-24 22:00:00,-9999.1,-99.8,-99.8,3.9,263.0,9.0,264.0,-999.1,-99.8,-99.8,-99.8,-99.8,-99.8,-99.8,-99.8
2023-10-24 23:00:00,-9999.1,-99.8,-99.8,4.6,256.0,10.8,255.0,-999.1,-99.8,-99.8,-99.8,-99.8,-99.8,-99.8,-99.8
2023-10-25 00:00:00,-9999.1,-99.8,-99.8,5.4,273.0,11.6,291.0,-999.1,-99.8,-99.8,-99.8,-99.8,-99.8,-99.8,-99.8
2023-10-25 01:00:00,-9999.1,-99.8,-99.8,5.8,273.0,10.4,254.0,-999.1,-99.8,-99.8,-99.8,-99.8,-99.8,-99.8,-99.8
2023-10-25 02:00:00,-9999.1,-99.8,-99.8,5.6,275.0,10.0,265.0,-999.1,-99.8,-99.8,-99.8,-99.8,-99.8,-99.8,-99.8
2023-10-25 03:00:00,-9999.1,-99.8,-99.8,6.7,279.0,11.2,260.0,-999.1,-99.8,-99.8,-99.8,-99.8,-99.8,-99.8,-99.8
2023-10-25 04:00:00,-9999.1,-99.8,-99.8,6.5,280.0,11.1,285.0,-999.1,-99.8,-99.8,-99.8,-99.8,-99.8,-99.8,-99.8
2023-10-25 05:00:00,-9999.1,-99.8,-99.8,6.9,281.0,11.6,286.0,-999.1,-99.8,-99.8,-99.8,-99.8,-99.8,-99.8,-99.8
2023-10-25 06:00:00,-9999.1,-99.8,-99.8,7.2,285.0,11.2,285.0,-999.1,-99.8,-99.8,-99.8,-99.8,-99.8,-99.8,-99.8
2023-10-25 07:00:00,-9999.1,-99.8,-99.8,9.3,290.0,13.9,302.0,-999.1,-99.8,-99.8,-99.8,-99.8,-99.8,-99.8,-99.8
2023-10-25 08:00:00,-9999.1,-99.8,-99.8,6.5,282.0,13.1,259.0,-999.1,-99.8,-99.8,-99.8,-99.8,-99.8,-99.8,-99.8
2023-10-25 09:00:00,-9999.1,-99.8,-99.8,6.5,286.0,12.5,300.0,-999.1,-99.8,-99.8,-99.8,-99.8,-99.8,-99.8,-99.8
2023-10-25 10:00:00,-9999.1,-99.8,-99.8,5.4,285.0,10.5,280.0,-999.1,-99.8,-99.8,-99.8,-99.8,-99.8,-99.8,-99.8
2023-10-25 11:00:00,-9999.1,-99.8,-99.8,6.2,282.0,9.5,283.0,-999.1,-99.8,-99.8,-99.8,-99.8,-99.8,-99.8,-99.8
2023-10-25 12:00:00,-9999.1,-99.8,-99.8,5.4,281.0,9.8,283.0,-999.1,-99.8,-99.8,-99.8,-99.8,-99.8,-99.8,-99.8
2023-10-25 13:00:00,-9999.1,-99.8,-99.8,5.3,278.0,9.5,264.0,-999.1,-99.8,-99.8,-99.8,-99.8,-99.8,-99.8,-99.8
2023-10-25 14:00:00,-9999.1,-99.8,-99.8,5.6,277.0,8.7,278.0,-999.1,-99.8,-99.8,-99.8,-99.8,-99.8,-99.8,-99.8
2023-10-25 15:00:00,-9999.1,-99.8,-99.8,4.8,279.0,10.2,285.0,-999.1,-99.8,-99.8,-99.8,-99.8,-99.8,-99.8,-99.8
2023-10-25 16:00:00,-9999.1,-99.8,-99.8,5.4,281.0,9.7,290.0,-999.1,-99.8,-99.8,-99.8,-99.8,-99.8,-99.8,-99.8
2023-10-25 17:00:00,-9999.1,-99.8,-99.8,4.9,282.0,8.3,289.0,-999.1,-99.8,-99.8,-99.8,-99.8,-99.8,-99.8,-99.8
2023-10-25 18:00:00,-9999.1,-99.8,-99.8,2.8,279.0,8.2,290.0,-999.1,-99.8,-99.8,-99.8,-99.8,-99.8,-99.8,-99.8
2023-10-25 19:00:00,-9999.1,-99.8,-99.8,3.0,96.0,3.9,91.0,-999.1,-99.8,-99.8,-99.8,-99.8,-99.8,-99.8,-99.8
2023-10-25 20:00:00,-9999.1,-99.8,-99.8,1.2,59.0,4.8,112.0,-999.1,-99.8,-99.8,-99.8,-99.8,-99.8,-99.8,-99.8
2023-10-25 21:00:00,-9999.1,-99.8,-99.8,2.5,119.0,3.1,112.0,-999.1,-99.8,-99.8,-99.8,-99.8,-99.8,-99.8,-99.8
2023-10-25 22:00:00,-9999.1,-99.8,-99.8,1.4,239.0,3.0,247.0,-999.1,-99.8,-99.8,-99.8,-99.8,-99.8,-99.8,-99.8
2023-10-25 23:00:00,-9999.1,-99.8,-99.8,3.2,269.0,5.0,256.0,-999.1,-99.8,-99.8,-99.8,-99.8,-99.8,-99.8,-99.8
2023-10-26 00:00:00,-9999.1,-99.8,-99.8,4.8,285.0,7.5,284.0,-999.1,-99.8,-99.8,-99.8,-99.8,-99.8,-99.8,-99.8
2023-10-26 01:00:00,-9999.1,-99.8,-99.8,4.7,283.0,6.7,291.0,-999.1,-99.8,-99.8,-99.8,-99.8,-99.8,-99.8,-99.8
2023-10-26 02:00:00,-9999.1,-99.8,-99.8,5.8,289.0,8.6,290.0,-999.1,-99.8,-99.8,-99.8,-99.8,-99.8,-99.8,-99.8
2023-10-26 03:00:00,-9999.1,-99.8,-99.8,5.7,292.0,9.3,285.0,-999.1,-99.8,-99.8,-99.8,-99.8,-99.8,-99.8,-99.8
2023-10-26 04:00:00,-9999.1,-99.8,-99.8,6.3,291.0,9.3,306.0,-999.1,-99.8,-99.8,-99.8,-99.8,-99.8,-99.8,-99.8
2023-10-26 05:00:00,-9999.1,-99.8,-99.8,6.1,291.0,9.1,307.0,-999.1,-99.8,-99.8,-99.8,-99.8,-99.8,-99.8,-99.8
2023-10-26 06:00:00,-9999.1,-99.8,-99.8,5.4,285.0,8.6,304.0,-999.1,-99.8,-99.8,-99.8,-99.8,-99.8,-99.8,-99.8
2023-10-26 07:00:00,-9999.1,-99.8,-99.8,4.4,287.0,8.6,287.0,-999.1,-99.8,-99.8,-99.8,-99.8,-99.8,-99.8,-99.8
2023-10-26 08:00:00,-9999.1,-99.8,-99.8,5.3,283.0,8.3,295.0,-999.1,-99.8,-99.8,-99.8,-99.8,-99.8,-99.8,-99.8
2023-10-26 09:00:00,-9999.1,-99.8,-99.8,5.7,285.0,8.4,290.0,-999.1,-99.8,-99.8,-99.8,-99.8,-99.8,-99.8,-99.8
2023-10-26 10:00:00,-9999.1,-99.8,-99.8,5.3,283.0,7.9,283.0,-999.1,-99.8,-99.8,-99.8,-99.8,-99.8,-99.8,-99.8
2023-10-26 11:00:00,-9999.1,-99.8,-99.8,5.3,277.0,9.5,256.0,-999.1,-99.8,-99.8,-99.8,-99.8,-99.8,-99.8,-99.8
2023-10-26 12:00:00,-9999.1,-99.8,-99.8,7.0,280.0,10.9,277.0,-999.1,-99.8,-99.8,-99.8,-99.8,-99.8,-99.8,-99.8
2023-10-26 13:00:00,-9999.1,-99.8,-99.8,6.5,278.0,11.0,280.0,-999.1,-99.8,-99.8,-99.8,-99.8,-99.8,-99.8,-99.8
2023-10-26 14:00:00,-9999.1,-99.8,-99.8,6.5,276.0,11.8,284.0,-999.1,-99.8,-99.8,-99.8,-99.8,-99.8,-99.8,-99.8
2023-10-26 15:00:00,-9999.1,-99.8,-99.8,7.9,281.0,14.4,293.0,-999.1,-99.8,-99.8,-99.8,-99.8,-99.8,-99.8,-99.8
2023-10-26 16:00:00,-9999.1,-99.8,-99.8,9.4,292.0,17.1,301.0,-999.1,-99.8,-99.8,-99.8,-99.8,-99.8,-99.8,-99.8
2023-10-26 17:00:00,-9999.1,-99.8,-99.8,6.1,277.0,14.2,301.0,-999.1,-99.8,-99.8,-99.8,-99.8,-99.8,-99.8,-99.8
2023-10-26 18:00:00,-9999.1,-99.8,-99.8,6.2,275.0,12.2,286.0,-999.1,-99.8,-99.8,-99.8,-99.8,-99.8,-99.8,-99.8
2023-10-26 19:00:00,-9999.1,-99.8,-99.8,9.4,290.0,14.8,291.0,-999.1,-99.8,-99.8,-99.8,-99.8,-99.8,-99.8,-99.8
2023-10-26 20:00:00,-9999.1,-99.8,-99.8,6.8,283.0,13.0,288.0,-999.1,-99.8,-99.8,-99.8,-99.8,-99.8,-99.8,-99.8
2023-10-26 21:00:00,-9999.1,-99.8,-99.8,7.3,283.0,12.4,286.0,-999.1,-99.8,-99.8,-99.8,-99.8,-99.8,-99.8,-99.8
2023-10-26 22:00:00,-9999.1,-99.8,-99.8,6.6,280.0,11.2,282.0,-999.1,-99.8,-99.8,-99.8,-99.8,-99.8,-99.8,-99.8
2023-10-26 23:00:00,-9999.1,-99.8,-99.8,8.1,293.0,13.7,288.0,-999.1,-99.8,-99.8,-99.8,-99.8,-99.8,-99.8,-99.8
2023-10-27 00:00:00,-9999.1,-99.8,-99.8,8.0,282.0,13.1,302.0,-999.1,-99.8,-99.8,-99.8,-99.8,-99.8,-99.8,-99.8
2023-10-27 01:00:00,-9999.1,-99.8,-99.8,8.7,286.0,13.7,285.0,-999.1,-99.8,-99.8,-99.8,-99.8,-99.8,-99.8,-99.8
2023-10-27 02:00:00,-9999.1,-99.8,-99.8,6.6,285.0,13.4,287.0,-999.1,-99.8,-99.8,-99.8,-99.8,-99.8,-99.8,-99.8
2023-10-27 03:00:00,-9999.1,-99.8,-99.8,7.4,283.0,12.6,285.0,-999.1,-99.8,-99.8,-99.8,-99.8,-99.8,-99.8,-99.8
2023-10-27 04:00:00,-9999.1,-99.8,-99.8,7.6,284.0,13.0,288.0,-999.1,-99.8,-99.8,-99.8,-99.8,-99.8,-99.8,-99.8
2023-10-27 05:00:00,-9999.1,-99.8,-99.8,9.0,288.0,13.3,296.0,-999.1,-99.8,-99.8,-99.8,-99.8,-99.8,-99.8,-99.8
2023-10-27 06:00:00,-9999.1,-99.8,-99.8,6.5,282.0,13.0,289.0,-999.1,-99.8,-99.8,-99.8,-99.8,-99.8,-99.8,-99.8
2023-10-27 07:00:00,-9999.1,-99.8,-99.8,6.8,280.0,10.6,283.0,-999.1,-99.8,-99.8,-99.8,-99.8,-99.8,-99.8,-99.8
2023-10-27 08:00:00,-9999.1,-99.8,-99.8,7.5,278.0,12.2,282.0,-999.1,-99.8,-99.8,-99.8,-99.8,-99.8,-99.8,-99.8
2023-10-27 09:00:00,-9999.1,-99.8,-99.8,5.6,281.0,11.7,286.0,-999.1,-99.8,-99.8,-99.8,-99.8,-99.8,-99.8,-99.8
2023-10-27 10:00:00,-9999.1,-99.8,-99.8,6.1,281.0,11.7,305.0,-999.1,-99.8,-99.8,-99.8,-99.8,-99.8,-99.8,-99.8
2023-10-27 11:00:00,-9999.1,-99.8,-99.8,7.0,282.0,11.4,291.0,-999.1,-99.8,-99.8,-99.8,-99.8,-99.8,-99.8,-99.8
2023-10-27 12:00:00,-9999.1,-99.8,-99.8,6.8,290.0,11.8,299.0,-999.1,-99.8,-99.8,-99.8,-99.8,-99.8,-99.8,-99.8
2023-10-27 13:00:00,-9999.1,-99.8,-99.8,7.1,279.0,12.8,303.0,-999.1,-99.8,-99.8,-99.8,-99.8,-99.8,-99.8,-99.8
2023-10-27 14:00:00,-9999.1,-99.8,-99.8,7.4,281.0,12.5,287.0,-999.1,-99.8,-99.8,-99.8,-99.8,-99.8,-99.8,-99.8
2023-10-27 15:00:00,-9999.1,-99.8,-99.8,7.6,282.0,14.0,299.0,-999.1,-99.8,-99.8,-99.8,-99.8,-99.8,-99.8,-99.8
2023-10-27 16:00:00,-9999.1,-99.8,-99.8,6.3,278.0,12.7,303.0,-999.1,-99.8,-99.8,-99.8,-99.8,-99.8,-99.8,-99.8
2023-10-27 17:00:00,-9999.1,-99.8,-99.8,5.8,281.0,11.7,287.0,-999.1,-99.8,-99.8,-99.8,-99.8,-99.8,-99.8,-99.8
2023-10-27 18:00:00,-9999.1,-99.8,-99.8,5.1,288.0,8.5,285.0,-999.1,-99.8,-99.8,-99.8,-99.8,-99.8,-99.8,-99.8
2023-10-27 19:00:00,-9999.1,-99.8,-99.8,4.2,275.0,9.3,297.0,-999.1,-99.8,-99.8,-99.8,-99.8,-99.8,-99.8,-99.8
2023-10-27 20:00:00,-9999.1,-99.8,-99.8,3.9,264.0,8.0,252.0,-999.1,-99.8,-99.8,-99.8,-99.8,-99.8,-99.8,-99.8
2023-10-27 21:00:00,-9999.1,-99.8,-99.8,3.9,280.0,7.1,259.0,-999.1,-99.8,-99.8,-99.8,-99.8,-99.8,-99.8,-99.8
2023-10-27 22:00:00,-9999.1,-99.8,-99.8,4.2,276.0,8.5,255.0,-999.1,-99.8,-99.8,-99.8,-99.8,-99.8,-99.8,-99.8
2023-10-27 23:00:00,-9999.1,-99.8,-99.8,4.6,272.0,9.5,260.0,-999.1,-99.8,-99.8,-99.8,-99.8,-99.8,-99.8,-99.8
2023-10-28 00:00:00,-9999.1,-99.8,-99.8,4.4,270.0,10.1,257.0,-999.1,-99.8,-99.8,-99.8,-99.8,-99.8,-99.8,-99.8
2023-10-28 01:00:00,-9999.1,-99.8,-99.8,5.2,266.0,9.8,260.0,-999.1,-99.8,-99.8,-99.8,-99.8,-99.8,-99.8,-99.8
2023-10-28 02:00:00,-9999.1,-99.8,-99.8,5.0,278.0,9.9,258.0,-999.1,-99.8,-99.8,-99.8,-99.8,-99.8,-99.8,-99.8
2023-10-28 03:00:00,-9999.1,-99.8,-99.8,4.1,272.0,9.4,259.0,-999.1,-99.8,-99.8,-99.8,-99.8,-99.8,-99.8,-99.8
2023-10-28 04:00:00,-9999.1,-99.8,-99.8,5.1,279.0,11.3,283.0,-999.1,-99.8,-99.8,-99.8,-99.8,-99.8,-99.8,-99.8
2023-10-28 05:00:00,-9999.1,-99.8,-99.8,4.9,264.0,11.4,267.0,-999.1,-99.8,-99.8,-99.8,-99.8,-99.8,-99.8,-99.8
2023-10-28 06:00:00,-9999.1,-99.8,-99.8,5.2,266.0,11.4,261.0,-999.1,-99.8,-99.8,-99.8,-99.8,-99.8,-99.8,-99.8
2023-10-28 07:00:00,-9999.1,-99.8,-99.8,5.5,262.0,14.7,269.0,-999.1,-99.8,-99.8,-99.8,-99.8,-99.8,-99.8,-99.8
2023-10-28 08:00:00,-9999.1,-99.8,-99.8,5.7,260.0,12.3,260.0,-999.1,-99.8,-99.8,-99.8,-99.8,-99.8,-99.8,-99.8
2023-10-28 09:00:00,-9999.1,-99.8,-99.8,7.6,273.0,14.8,282.0,-999.1,-99.8,-99.8,-99.8,-99.8,-99.8,-99.8,-99.8
2023-10-28 10:00:00,-9999.1,-99.8,-99.8,5.4,259.0,14.0,256.0,-999.1,-99.8,-99.8,-99.8,-99.8,-99.8,-99.8,-99.8
2023-10-28 11:00:00,-9999.1,-99.8,-99.8,6.2,262.0,12.1,255.0,-999.1,-99.8,-99.8,-99.8,-99.8,-99.8,-99.8,-99.8
2023-10-28 12:00:00,-9999.1,-99.8,-99.8,6.4,266.0,13.8,259.0,-999.1,-99.8,-99.8,-99.8,-99.8,-99.8,-99.8,-99.8
2023-10-28 13:00:00,-9999.1,-99.8,-99.8,6.5,266.0,15.2,286.0,-999.1,-99.8,-99.8,-99.8,-99.8,-99.8,-99.8,-99.8
2023-10-28 14:00:00,-9999.1,-99.8,-99.8,6.5,271.0,12.6,267.0,-999.1,-99.8,-99.8,-99.8,-99.8,-99.8,-99.8,-99.8
2023-10-28 15:00:00,-9999.1,-99.8,-99.8,6.7,273.0,12.5,284.0,-999.1,-99.8,-99.8,-99.8,-99.8,-99.8,-99.8,-99.8
2023-10-28 16:00:00,-9999.1,-99.8,-99.8,5.3,265.0,12.3,257.0,-999.1,-99.8,-99.8,-99.8,-99.8,-99.8,-99.8,-99.8
2023-10-28 17:00:00,-9999.1,-99.8,-99.8,5.8,274.0,13.0,281.0,-999.1,-99.8,-99.8,-99.8,-99.8,-99.8,-99.8,-99.8
2023-10-28 18:00:00,-9999.1,-99.8,-99.8,4.1,267.0,11.3,259.0,-999.1,-99.8,-99.8,-99.8,-99.8,-99.8,-99.8,-99.8
2023-10-28 19:00:00,-9999.1,-99.8,-99.8,6.4,279.0,15.7,239.0,-999.1,-99.8,-99.8,-99.8,-99.8,-99.8,-99.8,-99.8
2023-10-28 20:00:00,-9999.1,-99.8,-99.8,5.7,264.0,11.1,239.0,-999.1,-99.8,-99.8,-99.8,-99.8,-99.8,-99.8,-99.8
2023-10-28 21:00:00,-9999.1,-99.8,-99.8,5.8,272.0,11.1,257.0,-999.1,-99.8,-99.8,-99.8,-99.8,-99.8,-99.8,-99.8
2023-10-28 22:00:00,-9999.1,-99.8,-99.8,6.0,274.0,11.4,256.0,-999.1,-99.8,-99.8,-99.8,-99.8,-99.8,-99.8,-99.8
2023-10-28 23:00:00,-9999.1,-99.8,-99.8,5.8,275.0,13.1,254.0,-999.1,-99.8,-99.8,-99.8,-99.8,-99.8,-99.8,-99.8
2023-10-29 00:00:00,-9999.1,-99.8,-99.8,8.2,276.0,13.3,279.0,-999.1,-99.8,-99.8,-99.8,-99.8,-99.8,-99.8,-99.8
2023-10-29 01:00:00,-9999.1,-99.8,-99.8,6.4,278.0,11.6,272.0,-999.1,-99.8,-99.8,-99.8,-99.8,-99.8,-99.8,-99.8
2023-10-29 02:00:00,-9999.1,-99.8,-99.8,7.5,277.0,13.5,282.0,-999.1,-99.8,-99.8,-99.8,-99.8,-99.8,-99.8,-99.8
2023-10-29 03:00:00,-9999.1,-99.8,-99.8,6.5,274.0,13.7,284.0,-999.1,-99.8,-99.8,-99.8,-99.8,-99.8,-99.8,-99.8
2023-10-29 04:00:00,-9999.1,-99.8,-99.8,7.0,270.0,12.7,263.0,-999.1,-99.8,-99.8,-99.8,-99.8,-99.8,-99.8,-99.8
2023-10-29 05:00:00,-9999.1,-99.8,-99.8,6.7,272.0,13.1,271.0,-999.1,-99.8,-99.8,-99.8,-99.8,-99.8,-99.8,-99.8
2023-10-29 06:00:00,-9999.1,-99.8,-99.8,5.6,274.0,13.6,286.0,-999.1,-99.8,-99.8,-99.8,-99.8,-99.8,-99.8,-99.8
2023-10-29 07:00:00,-9999.1,-99.8,-99.8,6.6,276.0,12.8,253.0,-999.1,-99.8,-99.8,-99.8,-99.8,-99.8,-99.8,-99.8
2023-10-29 08:00:00,-9999.1,-99.8,-99.8,5.2,276.0,13.7,258.0,-999.1,-99.8,-99.8,-99.8,-99.8,-99.8,-99.8,-99.8
2023-10-29 09:00:00,-9999.1,-99.8,-99.8,5.2,265.0,9.9,253.0,-999.1,-99.8,-99.8,-99.8,-99.8,-99.8,-99.8,-99.8
2023-10-29 10:00:00,-9999.1,-99.8,-99.8,5.2,269.0,9.8,257.0,-999.1,-99.8,-99.8,-99.8,-99.8,-99.8,-99.8,-99.8
2023-10-29 11:00:00,-9999.1,-99.8,-99.8,5.0,269.0,11.1,287.0,-999.1,-99.8,-99.8,-99.8,-99.8,-99.8,-99.8,-99.8
2023-10-29 12:00:00,-9999.1,-99.8,-99.8,5.6,269.0,11.5,253.0,-999.1,-99.8,-99.8,-99.8,-99.8,-99.8,-99.8,-99.8
2023-10-29 13:00:00,-9999.1,-99.8,-99.8,5.9,275.0,11.8,259.0,-999.1,-99.8,-99.8,-99.8,-99.8,-99.8,-99.8,-99.8
2023-10-29 14:00:00,-9999.1,-99.8,-99.8,5.9,275.0,12.4,283.0,-999.1,-99.8,-99.8,-99.8,-99.8,-99.8,-99.8,-99.8
2023-10-29 15:00:00,-9999.1,-99.8,-99.8,5.1,274.0,12.1,259.0,-999.1,-99.8,-99.8,-99.8,-99.8,-99.8,-99.8,-99.8
2023-10-29 16:00:00,-9999.1,-99.8,-99.8,5.4,274.0,11.2,264.0,-999.1,-99.8,-99.8,-99.8,-99.8,-99.8,-99.8,-99.8
2023-10-29 17:00:00,-9999.1,-99.8,-99.8,5.4,261.0,13.4,259.0,-999.1,-99.8,-99.8,-99.8,-99.8,-99.8,-99.8,-99.8
2023-10-29 18:00:00,-9999.1,-99.8,-99.8,5.0,260.0,11.1,262.0,-999.1,-99.8,-99.8,-99.8,-99.8,-99.8,-99.8,-99.8
2023-10-29 19:00:00,-9999.1,-99.8,-99.8,5.2,267.0,11.8,258.0,-999.1,-99.8,-99.8,-99.8,-99.8,-99.8,-99.8,-99.8
2023-10-29 20:00:00,-9999.1,-99.8,-99.8,5.1,270.0,11.1,257.0,-999.1,-99.8,-99.8,-99.8,-99.8,-99.8,-99.8,-99.8
2023-10-29 21:00:00,-9999.1,-99.8,-99.8,5.0,267.0,11.8,256.0,-999.1,-99.8,-99.8,-99.8,-99.8,-99.8,-99.8,-99.8
2023-10-29 22:00:00,-9999.1,-99.8,-99.8,5.6,264.0,10.8,262.0,-999.1,-99.8,-99.8,-99.8,-99.8,-99.8,-99.8,-99.8
2023-10-29 23:00:00,-9999.1,-99.8,-99.8,4.9,266.0,10.9,262.0,-999.1,-99.8,-99.8,-99.8,-99.8,-99.8,-99.8,-99.8
2023-10-30 00:00:00,-9999.1,-99.8,-99.8,-99.8,-99.8,10.1,267.0,-999.1,-99.8,-99.8,-99.8,-99.8,-99.8,-99.8,-99.8
2023-10-30 01:00:00,-9999.1,-99.8,-99.8,5.4,276.0,10.7,260.0,-999.1,-99.8,-99.8,-99.8,-99.8,-99.8,-99.8,-99.8
2023-10-30 02:00:00,-9999.1,-99.8,-99.8,6.2,267.0,11.3,262.0,-999.1,-99.8,-99.8,-99.8,-99.8,-99.8,-99.8,-99.8
2023-10-30 03:00:00,-9999.1,-99.8,-99.8,5.4,279.0,10.3,256.0,-999.1,-99.8,-99.8,-99.8,-99.8,-99.8,-99.8,-99.8
2023-10-30 04:00:00,-9999.1,-99.8,-99.8,4.7,272.0,10.4,265.0,-999.1,-99.8,-99.8,-99.8,-99.8,-99.8,-99.8,-99.8
2023-10-30 05:00:00,-9999.1,-99.8,-99.8,4.1,273.0,7.7,260.0,-999.1,-99.8,-99.8,-99.8,-99.8,-99.8,-99.8,-99.8
2023-10-30 06:00:00,-9999.1,-99.8,-99.8,4.5,271.0,8.1,260.0,-999.1,-99.8,-99.8,-99.8,-99.8,-99.8,-99.8,-99.8
2023-10-30 07:00:00,-9999.1,-99.8,-99.8,2.6,271.0,6.8,284.0,-999.1,-99.8,-99.8,-99.8,-99.8,-99.8,-99.8,-99.8
2023-10-30 08:00:00,-9999.1,-99.8,-99.8,2.8,264.0,6.2,264.0,-999.1,-99.8,-99.8,-99.8,-99.8,-99.8,-99.8,-99.8
2023-10-30 09:00:00,-9999.1,-99.8,-99.8,1.8,268.0,6.4,257.0,-999.1,-99.8,-99.8,-99.8,-99.8,-99.8,-99.8,-99.8
2023-10-30 10:00:00,-9999.1,-99.8,-99.8,3.1,267.0,6.5,293.0,-999.1,-99.8,-99.8,-99.8,-99.8,-99.8,-99.8,-99.8
2023-10-30 11:00:00,-9999.1,-99.8,-99.8,3.2,276.0,8.0,281.0,-999.1,-99.8,-99.8,-99.8,-99.8,-99.8,-99.8,-99.8
2023-10-30 12:00:00,-9999.1,-99.8,-99.8,4.0,272.0,7.9,262.0,-999.1,-99.8,-99.8,-99.8,-99.8,-99.8,-99.8,-99.8
2023-10-30 13:00:00,-9999.1,-99.8,-99.8,4.7,275.0,8.6,284.0,-999.1,-99.8,-99.8,-99.8,-99.8,-99.8,-99.8,-99.8
2023-10-30 14:00:00,-9999.1,-99.8,-99.8,5.0,278.0,8.8,288.0,-999.1,-99.8,-99.8,-99.8,-99.8,-99.8,-99.8,-99.8
2023-10-30 15:00:00,-9999.1,-99.8,-99.8,4.0,273.0,8.1,281.0,-999.1,-99.8,-99.8,-99.8,-99.8,-99.8,-99.8,-99.8
2023-10-30 16:00:00,-9999.1,-99.8,-99.8,3.4,272.0,7.2,283.0,-999.1,-99.8,-99.8,-99.8,-99.8,-99.8,-99.8,-99.8
2023-10-30 17:00:00,-9999.1,-99.8,-99.8,2.8,275.0,7.8,286.0,-999.1,-99.8,-99.8,-99.8,-99.8,-99.8,-99.8,-99.8
2023-10-30 18:00:00,-9999.1,-99.8,-99.8,2.9,286.0,5.0,287.0,-999.1,-99.8,-99.8,-99.8,-99.8,-99.8,-99.8,-99.8
2023-10-30 19:00:00,-9999.1,-99.8,-99.8,2.1,270.0,3.9,297.0,-999.1,-99.8,-99.8,-99.8,-99.8,-99.8,-99.8,-99.8
2023-10-30 20:00:00,-9999.1,-99.8,-99.8,1.2,262.0,3.6,283.0,-999.1,-99.8,-99.8,-99.8,-99.8,-99.8,-99.8,-99.8
2023-10-30 21:00:00,-9999.1,-99.8,-99.8,1.2,104.0,2.5,270.0,-999.1,-99.8,-99.8,-99.8,-99.8,-99.8,-99.8,-99.8
2023-10-30 22:00:00,-9999.1,-99.8,-99.8,3.2,114.0,3.7,119.0,-999.1,-99.8,-99.8,-99.8,-99.8,-99.8,-99.8,-99.8
2023-10-30 23:00:00,-9999.1,-99.8,-99.8,3.2,105.0,4.7,108.0,-999.1,-99.8,-99.8,-99.8,-99.8,-99.8,-99.8,-99.8
2023-10-31 00:00:00,-9999.1,-99.8,-99.8,3.3,101.0,4.4,110.0,-999.1,-99.8,-99.8,-99.8,-99.8,-99.8,-99.8,-99.8
2023-10-31 01:00:00,-9999.1,-99.8,-99.8,2.8,111.0,3.9,105.0,-999.1,-99.8,-99.8,-99.8,-99.8,-99.8,-99.8,-99.8
2023-10-31 02:00:00,-9999.1,-99.8,-99.8,3.5,108.0,5.7,111.0,-999.1,-99.8,-99.8,-99.8,-99.8,-99.8,-99.8,-99.8
2023-10-31 03:00:00,-9999.1,-99.8,-99.8,2.5,109.0,4.2,112.0,-999.1,-99.8,-99.8,-99.8,-99.8,-99.8,-99.8,-99.8
2023-10-31 04:00:00,-9999.1,-99.8,-99.8,0.9,252.0,3.0,83.0,-999.1,-99.8,-99.8,-99.8,-99.8,-99.8,-99.8,-99.8
2023-10-31 05:00:00,-9999.1,-99.8,-99.8,1.0,256.0,4.2,248.0,-999.1,-99.8,-99.8,-99.8,-99.8,-99.8,-99.8,-99.8
2023-10-31 06:00:00,-9999.1,-99.8,-99.8,0.9,184.0,3.3,252.0,-999.1,-99.8,-99.8,-99.8,-99.8,-99.8,-99.8,-99.8
2023-10-31 07:00:00,-9999.1,-99.8,-99.8,2.0,223.0,3.3,216.0,-999.1,-99.8,-99.8,-99.8,-99.8,-99.8,-99.8,-99.8
2023-10-31 08:00:00,-9999.1,-99.8,-99.8,1.5,262.0,3.7,254.0,-999.1,-99.8,-99.8,-99.8,-99.8,-99.8,-99.8,-99.8
2023-10-31 09:00:00,-9999.1,-99.8,-99.8,1.4,251.0,3.5,256.0,-999.1,-99.8,-99.8,-99.8,-99.8,-99.8,-99.8,-99.8
2023-10-31 10:00:00,-9999.1,-99.8,-99.8,2.7,270.0,5.4,272.0,-999.1,-99.8,-99.8,-99.8,-99.8,-99.8,-99.8,-99.8
2023-10-31 11:00:00,-9999.1,-99.8,-99.8,3.6,269.0,7.0,287.0,-999.1,-99.8,-99.8,-99.8,-99.8,-99.8,-99.8,-99.8
2023-10-31 12:00:00,-9999.1,-99.8,-99.8,3.5,266.0,7.2,288.0,-999.1,-99.8,-99.8,-99.8,-99.8,-99.8,-99.8,-99.8
2023-10-31 13:00:00,-9999.1,-99.8,-99.8,3.3,277.0,6.1,260.0,-999.1,-99.8,-99.8,-99.8,-99.8,-99.8,-99.8,-99.8
2023-10-31 14:00:00,-9999.1,-99.8,-99.8,3.0,272.0,6.9,286.0,-999.1,-99.8,-99.8,-99.8,-99.8,-99.8,-99.8,-99.8
2023-10-31 15:00:00,-9999.1,-99.8,-99.8,2.7,272.0,7.1,281.0,-999.1,-99.8,-99.8,-99.8,-99.8,-99.8,-99.8,-99.8
2023-10-31 16:00:00,-9999.1,-99.8,-99.8,1.4,252.0,5.6,308.0,-999.1,-99.8,-99.8,-99.8,-99.8,-99.8,-99.8,-99.8
2023-10-31 17:00:00,-9999.1,-99.8,-99.8,0.4,211.0,3.4,265.0,-999.1,-99.8,-99.8,-99.8,-99.8,-99.8,-99.8,-99.8
2023-10-31 18:00:00,-9999.1,-99.8,-99.8,0.9,108.0,2.3,269.0,-999.1,-99.8,-99.8,-99.8,-99.8,-99.8,-99.8,-99.8
2023-10-31 19:00:00,-9999.1,-99.8,-99.8,1.6,142.0,3.5,145.0,-999.1,-99.8,-99.8,-99.8,-99.8,-99.8,-99.8,-99.8
2023-10-31 20:00:00,-9999.1,-99.8,-99.8,2.6,109.0,3.9,120.0,-999.1,-99.8,-99.8,-99.8,-99.8,-99.8,-99.8,-99.8
2023-10-31 21:00:00,-9999.1,-99.8,-99.8,4.7,114.0,6.5,112.0,-999.1,-99.8,-99.8,-99.8,-99.8,-99.8,-99.8,-99.8
2023-10-31 22:00:00,-9999.1,-99.8,-99.8,6.0,109.0,8.2,111.0,-999.1,-99.8,-99.8,-99.8,-99.8,-99.8,-99.8,-99.8
2023-10-31 23:00:00,-9999.1,-99.8,-99.8,4.4,114.0,8.0,103.0,-999.1,-99.8,-99.8,-99.8,-99.8,-99.8,-99.8,-99.8
2023-11-01 00:00:00,-9999.1,-99.8,-99.8,4.6,115.0,6.4,109.0,-999.1,-99.8,-99.8,-99.8,-99.8,-99.8,-99.8,-99.8
2023-11-01 01:00:00,-9999.1,-99.8,-99.8,6.4,112.0,8.6,104.0,-999.1,-99.8,-99.8,-99.8,-99.8,-99.8,-99.8,-99.8
2023-11-01 02:00:00,-9999.1,-99.8,-99.8,5.0,118.0,7.7,109.0,-999.1,-99.8,-99.8,-99.8,-99.8,-99.8,-99.8,-99.8
2023-11-01 03:00:00,-9999.1,-99.8,-99.8,2.4,102.0,6.2,136.0,-999.1,-99.8,-99.8,-99.8,-99.8,-99.8,-99.8,-99.8
2023-11-01 04:00:00,-9999.1,-99.8,-99.8,1.0,280.0,3.3,126.0,-999.1,-99.8,-99.8,-99.8,-99.8,-99.8,-99.8,-99.8
2023-11-01 05:00:00,-9999.1,-99.8,-99.8,1.2,104.0,2.5,132.0,-999.1,-99.8,-99.8,-99.8,-99.8,-99.8,-99.8,-99.8
2023-11-01 06:00:00,-9999.1,-99.8,-99.8,5.0,108.0,6.2,106.0,-999.1,-99.8,-99.8,-99.8,-99.8,-99.8,-99.8,-99.8
2023-11-01 07:00:00,-9999.1,-99.8,-99.8,6.3,112.0,9.0,112.0,-999.1,-99.8,-99.8,-99.8,-99.8,-99.8,-99.8,-99.8
2023-11-01 08:00:00,-9999.1,-99.8,-99.8,3.2,134.0,8.4,113.0,-999.1,-99.8,-99.8,-99.8,-99.8,-99.8,-99.8,-99.8
2023-11-01 09:00:00,-9999.1,-99.8,-99.8,4.2,118.0,8.5,147.0,-999.1,-99.8,-99.8,-99.8,-99.8,-99.8,-99.8,-99.8
2023-11-01 10:00:00,-9999.1,-99.8,-99.8,1.7,154.0,6.0,119.0,-999.1,-99.8,-99.8,-99.8,-99.8,-99.8,-99.8,-99.8
2023-11-01 11:00:00,-9999.1,-99.8,-99.8,2.6,285.0,4.8,290.0,-999.1,-99.8,-99.8,-99.8,-99.8,-99.8,-99.8,-99.8
2023-11-01 12:00:00,-9999.1,-99.8,-99.8,3.7,278.0,6.8,292.0,-999.1,-99.8,-99.8,-99.8,-99.8,-99.8,-99.8,-99.8
2023-11-01 13:00:00,-9999.1,-99.8,-99.8,4.0,278.0,7.5,283.0,-999.1,-99.8,-99.8,-99.8,-99.8,-99.8,-99.8,-99.8
2023-11-01 14:00:00,-9999.1,-99.8,-99.8,4.1,278.0,8.1,281.0,-999.1,-99.8,-99.8,-99.8,-99.8,-99.8,-99.8,-99.8
2023-11-01 15:00:00,-9999.1,-99.8,-99.8,4.0,278.0,7.6,295.0,-999.1,-99.8,-99.8,-99.8,-99.8,-99.8,-99.8,-99.8
2023-11-01 16:00:00,-9999.1,-99.8,-99.8,2.1,272.0,7.1,287.0,-999.1,-99.8,-99.8,-99.8,-99.8,-99.8,-99.8,-99.8
2023-11-01 17:00:00,-9999.1,-99.8,-99.8,1.8,143.0,4.7,276.0,-999.1,-99.8,-99.8,-99.8,-99.8,-99.8,-99.8,-99.8
2023-11-01 18:00:00,-9999.1,-99.8,-99.8,5.5,114.0,7.6,100.0,-999.1,-99.8,-99.8,-99.8,-99.8,-99.8,-99.8,-99.8
2023-11-01 19:00:00,-9999.1,-99.8,-99.8,6.2,104.0,8.3,116.0,-999.1,-99.8,-99.8,-99.8,-99.8,-99.8,-99.8,-99.8
2023-11-01 20:00:00,-9999.1,-99.8,-99.8,4.8,107.0,8.6,102.0,-999.1,-99.8,-99.8,-99.8,-99.8,-99.8,-99.8,-99.8
2023-11-01 21:00:00,-9999.1,-99.8,-99.8,2.4,111.0,7.1,102.0,-999.1,-99.8,-99.8,-99.8,-99.8,-99.8,-99.8,-99.8
2023-11-01 22:00:00,-9999.1,-99.8,-99.8,6.0,112.0,7.9,101.0,-999.1,-99.8,-99.8,-99.8,-99.8,-99.8,-99.8,-99.8
2023-11-01 23:00:00,-9999.1,-99.8,-99.8,6.3,104.0,8.4,105.0,-999.1,-99.8,-99.8,-99.8,-99.8,-99.8,-99.8,-99.8
2023-11-02 00:00:00,-9999.1,-99.8,-99.8,3.7,107.0,7.8,93.0,-999.1,-99.8,-99.8,-99.8,-99.8,-99.8,-99.8,-99.8
2023-11-02 01:00:00,-9999.1,-99.8,-99.8,2.8,121.0,4.8,113.0,-999.1,-99.8,-99.8,-99.8,-99.8,-99.8,-99.8,-99.8
2023-11-02 02:00:00,-9999.1,-99.8,-99.8,2.2,293.0,2.9,288.0,-999.1,-99.8,-99.8,-99.8,-99.8,-99.8,-99.8,-99.8
2023-11-02 03:00:00,-9999.1,-99.8,-99.8,3.3,302.0,4.6,305.0,-999.1,-99.8,-99.8,-99.8,-99.8,-99.8,-99.8,-99.8
2023-11-02 04:00:00,-9999.1,-99.8,-99.8,1.8,295.0,4.4,309.0,-999.1,-99.8,-99.8,-99.8,-99.8,-99.8,-99.8,-99.8
2023-11-02 05:00:00,-9999.1,-99.8,-99.8,2.7,115.0,3.2,111.0,-999.1,-99.8,-99.8,-99.8,-99.8,-99.8,-99.8,-99.8
2023-11-02 06:00:00,-9999.1,-99.8,-99.8,1.7,119.0,2.5,100.0,-999.1,-99.8,-99.8,-99.8,-99.8,-99.8,-99.8,-99.8
2023-11-02 07:00:00,-9999.1,-99.8,-99.8,1.9,113.0,3.2,121.0,-999.1,-99.8,-99.8,-99.8,-99.8,-99.8,-99.8,-99.8
2023-11-02 08:00:00,-9999.1,-99.8,-99.8,1.1,240.0,3.8,105.0,-999.1,-99.8,-99.8,-99.8,-99.8,-99.8,-99.8,-99.8
2023-11-02 09:00:00,-9999.1,-99.8,-99.8,1.4,230.0,2.7,234.0,-999.1,-99.8,-99.8,-99.8,-99.8,-99.8,-99.8,-99.8
2023-11-02 10:00:00,-9999.1,-99.8,-99.8,1.1,240.0,3.1,143.0,-999.1,-99.8,-99.8,-99.8,-99.8,-99.8,-99.8,-99.8
2023-11-02 11:00:00,-9999.1,-99.8,-99.8,2.8,283.0,5.0,276.0,-999.1,-99.8,-99.8,-99.8,-99.8,-99.8,-99.8,-99.8
2023-11-02 12:00:00,-9999.1,-99.8,-99.8,4.1,286.0,7.1,284.0,-999.1,-99.8,-99.8,-99.8,-99.8,-99.8,-99.8,-99.8
2023-11-02 13:00:00,-9999.1,-99.8,-99.8,5.0,285.0,8.6,296.0,-999.1,-99.8,-99.8,-99.8,-99.8,-99.8,-99.8,-99.8
2023-11-02 14:00:00,-9999.1,-99.8,-99.8,5.5,279.0,9.3,291.0,-999.1,-99.8,-99.8,-99.8,-99.8,-99.8,-99.8,-99.8
2023-11-02 15:00:00,-9999.1,-99.8,-99.8,5.8,287.0,10.2,287.0,-999.1,-99.8,-99.8,-99.8,-99.8,-99.8,-99.8,-99.8
2023-11-02 16:00:00,-9999.1,-99.8,-99.8,4.9,281.0,9.7,287.0,-999.1,-99.8,-99.8,-99.8,-99.8,-99.8,-99.8,-99.8
2023-11-02 17:00:00,-9999.1,-99.8,-99.8,3.3,295.0,7.5,291.0,-999.1,-99.8,-99.8,-99.8,-99.8,-99.8,-99.8,-99.8
2023-11-02 18:00:00,-9999.1,-99.8,-99.8,3.8,296.0,5.8,311.0,-999.1,-99.8,-99.8,-99.8,-99.8,-99.8,-99.8,-99.8
2023-11-02 19:00:00,-9999.1,-99.8,-99.8,3.7,291.0,7.1,305.0,-999.1,-99.8,-99.8,-99.8,-99.8,-99.8,-99.8,-99.8
2023-11-02 20:00:00,-9999.1,-99.8,-99.8,5.3,288.0,7.7,286.0,-999.1,-99.8,-99.8,-99.8,-99.8,-99.8,-99.8,-99.8
2023-11-02 21:00:00,-9999.1,-99.8,-99.8,4.7,290.0,6.7,294.0,-999.1,-99.8,-99.8,-99.8,-99.8,-99.8,-99.8,-99.8
2023-11-02 22:00:00,-9999.1,-99.8,-99.8,4.7,304.0,6.4,304.0,-999.1,-99.8,-99.8,-99.8,-99.8,-99.8,-99.8,-99.8
2023-11-02 23:00:00,-9999.1,-99.8,-99.8,5.5,302.0,7.5,300.0,-999.1,-99.8,-99.8,-99.8,-99.8,-99.8,-99.8,-99.8
2023-11-03 00:00:00,-9999.1,-99.8,-99.8,4.5,285.0,7.2,303.0,-999.1,-99.8,-99.8,-99.8,-99.8,-99.8,-99.8,-99.8
2023-11-03 01:00:00,-9999.1,-99.8,-99.8,5.4,292.0,6.7,302.0,-999.1,-99.8,-99.8,-99.8,-99.8,-99.8,-99.8,-99.8
2023-11-03 02:00:00,-9999.1,-99.8,-99.8,3.4,282.0,7.1,298.0,-999.1,-99.8,-99.8,-99.8,-99.8,-99.8,-99.8,-99.8
2023-11-03 03:00:00,-9999.1,-99.8,-99.8,4.4,290.0,6.2,284.0,-999.1,-99.8,-99.8,-99.8,-99.8,-99.8,-99.8,-99.8
2023-11-03 04:00:00,-9999.1,-99.8,-99.8,1.8,321.0,6.5,303.0,-999.1,-99.8,-99.8,-99.8,-99.8,-99.8,-99.8,-99.8
2023-11-03 05:00:00,-9999.1,-99.8,-99.8,3.4,352.0,6.2,325.0,-999.1,-99.8,-99.8,-99.8,-99.8,-99.8,-99.8,-99.8
2023-11-03 06:00:00,-9999.1,-99.8,-99.8,2.5,311.0,6.0,345.0,-999.1,-99.8,-99.8,-99.8,-99.8,-99.8,-99.8,-99.8
2023-11-03 07:00:00,-9999.1,-99.8,-99.8,1.6,340.0,4.7,323.0,-999.1,-99.8,-99.8,-99.8,-99.8,-99.8,-99.8,-99.8
2023-11-03 08:00:00,-9999.1,-99.8,-99.8,2.7,114.0,3.9,115.0,-999.1,-99.8,-99.8,-99.8,-99.8,-99.8,-99.8,-99.8
2023-11-03 09:00:00,-9999.1,-99.8,-99.8,1.2,140.0,3.6,104.0,-999.1,-99.8,-99.8,-99.8,-99.8,-99.8,-99.8,-99.8
2023-11-03 10:00:00,-9999.1,-99.8,-99.8,1.1,215.0,4.5,126.0,-999.1,-99.8,-99.8,-99.8,-99.8,-99.8,-99.8,-99.8
2023-11-03 11:00:00,-9999.1,-99.8,-99.8,1.3,277.0,2.8,222.0,-999.1,-99.8,-99.8,-99.8,-99.8,-99.8,-99.8,-99.8
2023-11-03 12:00:00,-9999.1,-99.8,-99.8,1.6,265.0,4.2,269.0,-999.1,-99.8,-99.8,-99.8,-99.8,-99.8,-99.8,-99.8
2023-11-03 13:00:00,-9999.1,-99.8,-99.8,1.4,239.0,3.9,236.0,-999.1,-99.8,-99.8,-99.8,-99.8,-99.8,-99.8,-99.8
2023-11-03 14:00:00,-9999.1,-99.8,-99.8,1.8,263.0,5.0,224.0,-999.1,-99.8,-99.8,-99.8,-99.8,-99.8,-99.8,-99.8
2023-11-03 15:00:00,-9999.1,-99.8,-99.8,2.3,278.0,5.1,277.0,-999.1,-99.8,-99.8,-99.8,-99.8,-99.8,-99.8,-99.8
2023-11-03 16:00:00,-9999.1,-99.8,-99.8,0.9,226.0,4.0,285.0,-999.1,-99.8,-99.8,-99.8,-99.8,-99.8,-99.8,-99.8
2023-11-03 17:00:00,-9999.1,-99.8,-99.8,1.4,121.0,2.4,219.0,-999.1,-99.8,-99.8,-99.8,-99.8,-99.8,-99.8,-99.8
2023-11-03 18:00:00,-9999.1,-99.8,-99.8,3.7,111.0,4.5,113.0,-999.1,-99.8,-99.8,-99.8,-99.8,-99.8,-99.8,-99.8
2023-11-03 19:00:00,-9999.1,-99.8,-99.8,0.5,136.0,3.5,113.0,-999.1,-99.8,-99.8,-99.8,-99.8,-99.8,-99.8,-99.8
2023-11-03 20:00:00,-9999.1,-99.8,-99.8,0.6,208.0,1.8,123.0,-999.1,-99.8,-99.8,-99.8,-99.8,-99.8,-99.8,-99.8
2023-11-03 21:00:00,-9999.1,-99.8,-99.8,1.6,270.0,3.6,124.0,-999.1,-99.8,-99.8,-99.8,-99.8,-99.8,-99.8,-99.8
2023-11-03 22:00:00,-9999.1,-99.8,-99.8,1.5,129.0,2.9,274.0,-999.1,-99.8,-99.8,-99.8,-99.8,-99.8,-99.8,-99.8
2023-11-03 23:00:00,-9999.1,-99.8,-99.8,1.0,263.0,2.2,122.0,-999.1,-99.8,-99.8,-99.8,-99.8,-99.8,-99.8,-99.8
2023-11-04 00:00:00,-9999.1,-99.8,-99.8,2.8,270.0,3.7,286.0,-999.1,-99.8,-99.8,-99.8,-99.8,-99.8,-99.8,-99.8
2023-11-04 01:00:00,-9999.1,-99.8,-99.8,3.2,277.0,4.8,279.0,-999.1,-99.8,-99.8,-99.8,-99.8,-99.8,-99.8,-99.8
2023-11-04 02:00:00,-9999.1,-99.8,-99.8,2.4,258.0,5.1,282.0,-999.1,-99.8,-99.8,-99.8,-99.8,-99.8,-99.8,-99.8
2023-11-04 03:00:00,-9999.1,-99.8,-99.8,0.9,228.0,3.5,260.0,-999.1,-99.8,-99.8,-99.8,-99.8,-99.8,-99.8,-99.8
2023-11-04 04:00:00,-9999.1,-99.8,-99.8,3.1,270.0,5.2,265.0,-999.1,-99.8,-99.8,-99.8,-99.8,-99.8,-99.8,-99.8
2023-11-04 05:00:00,-9999.1,-99.8,-99.8,3.0,258.0,6.1,249.0,-999.1,-99.8,-99.8,-99.8,-99.8,-99.8,-99.8,-99.8
2023-11-04 06:00:00,-9999.1,-99.8,-99.8,3.5,273.0,5.9,262.0,-999.1,-99.8,-99.8,-99.8,-99.8,-99.8,-99.8,-99.8
2023-11-04 07:00:00,-9999.1,-99.8,-99.8,2.4,262.0,5.2,263.0,-999.1,-99.8,-99.8,-99.8,-99.8,-99.8,-99.8,-99.8
2023-11-04 08:00:00,-9999.1,-99.8,-99.8,2.8,263.0,4.8,257.0,-999.1,-99.8,-99.8,-99.8,-99.8,-99.8,-99.8,-99.8
2023-11-04 09:00:00,-9999.1,-99.8,-99.8,2.9,275.0,5.3,255.0,-999.1,-99.8,-99.8,-99.8,-99.8,-99.8,-99.8,-99.8
2023-11-04 10:00:00,-9999.1,-99.8,-99.8,3.0,287.0,6.1,287.0,-999.1,-99.8,-99.8,-99.8,-99.8,-99.8,-99.8,-99.8
2023-11-04 11:00:00,-9999.1,-99.8,-99.8,3.9,276.0,7.1,290.0,-999.1,-99.8,-99.8,-99.8,-99.8,-99.8,-99.8,-99.8
2023-11-04 12:00:00,-9999.1,-99.8,-99.8,4.2,275.0,8.7,293.0,-999.1,-99.8,-99.8,-99.8,-99.8,-99.8,-99.8,-99.8
2023-11-04 13:00:00,-9999.1,-99.8,-99.8,4.8,280.0,8.6,288.0,-999.1,-99.8,-99.8,-99.8,-99.8,-99.8,-99.8,-99.8
2023-11-04 14:00:00,-9999.1,-99.8,-99.8,5.6,282.0,9.3,286.0,-999.1,-99.8,-99.8,-99.8,-99.8,-99.8,-99.8,-99.8
2023-11-04 15:00:00,-9999.1,-99.8,-99.8,6.2,284.0,10.5,289.0,-999.1,-99.8,-99.8,-99.8,-99.8,-99.8,-99.8,-99.8
2023-11-04 16:00:00,-9999.1,-99.8,-99.8,5.3,286.0,10.5,291.0,-999.1,-99.8,-99.8,-99.8,-99.8,-99.8,-99.8,-99.8
2023-11-04 17:00:00,-9999.1,-99.8,-99.8,5.9,287.0,8.3,279.0,-999.1,-99.8,-99.8,-99.8,-99.8,-99.8,-99.8,-99.8
2023-11-04 18:00:00,-9999.1,-99.8,-99.8,8.1,286.0,9.8,284.0,-999.1,-99.8,-99.8,-99.8,-99.8,-99.8,-99.8,-99.8
2023-11-04 19:00:00,-9999.1,-99.8,-99.8,7.1,286.0,9.4,291.0,-999.1,-99.8,-99.8,-99.8,-99.8,-99.8,-99.8,-99.8
2023-11-04 20:00:00,-9999.1,-99.8,-99.8,5.6,283.0,9.8,286.0,-999.1,-99.8,-99.8,-99.8,-99.8,-99.8,-99.8,-99.8
2023-11-04 21:00:00,-9999.1,-99.8,-99.8,7.7,287.0,10.7,273.0,-999.1,-99.8,-99.8,-99.8,-99.8,-99.8,-99.8,-99.8
2023-11-04 22:00:00,-9999.1,-99.8,-99.8,7.3,286.0,10.0,286.0,-999.1,-99.8,-99.8,-99.8,-99.8,-99.8,-99.8,-99.8
2023-11-04 23:00:00,-9999.1,-99.8,-99.8,5.7,283.0,9.8,291.0,-999.1,-99.8,-99.8,-99.8,-99.8,-99.8,-99.8,-99.8
2023-11-05 00:00:00,-9999.1,-99.8,-99.8,5.7,288.0,9.2,287.0,-999.1,-99.8,-99.8,-99.8,-99.8,-99.8,-99.8,-99.8
2023-11-05 01:00:00,-9999.1,-99.8,-99.8,4.6,276.0,8.2,286.0,-999.1,-99.8,-99.8,-99.8,-99.8,-99.8,-99.8,-99.8
2023-11-05 02:00:00,-9999.1,-99.8,-99.8,6.3,288.0,8.9,289.0,-999.1,-99.8,-99.8,-99.8,-99.8,-99.8,-99.8,-99.8
2023-11-05 03:00:00,-9999.1,-99.8,-99.8,5.0,280.0,8.5,289.0,-999.1,-99.8,-99.8,-99.8,-99.8,-99.8,-99.8,-99.8
2023-11-05 04:00:00,-9999.1,-99.8,-99.8,3.8,276.0,7.2,274.0,-999.1,-99.8,-99.8,-99.8,-99.8,-99.8,-99.8,-99.8
2023-11-05 05:00:00,-9999.1,-99.8,-99.8,4.0,273.0,7.0,285.0,-999.1,-99.8,-99.8,-99.8,-99.8,-99.8,-99.8,-99.8
2023-11-05 06:00:00,-9999.1,-99.8,-99.8,4.0,277.0,7.1,257.0,-999.1,-99.8,-99.8,-99.8,-99.8,-99.8,-99.8,-99.8
2023-11-05 07:00:00,-9999.1,-99.8,-99.8,3.4,267.0,6.5,255.0,-999.1,-99.8,-99.8,-99.8,-99.8,-99.8,-99.8,-99.8
2023-11-05 08:00:00,-9999.1,-99.8,-99.8,3.8,262.0,6.6,255.0,-999.1,-99.8,-99.8,-99.8,-99.8,-99.8,-99.8,-99.8
2023-11-05 09:00:00,-9999.1,-99.8,-99.8,3.3,269.0,5.8,254.0,-999.1,-99.8,-99.8,-99.8,-99.8,-99.8,-99.8,-99.8
2023-11-05 10:00:00,-9999.1,-99.8,-99.8,4.0,285.0,6.7,291.0,-999.1,-99.8,-99.8,-99.8,-99.8,-99.8,-99.8,-99.8
2023-11-05 11:00:00,-9999.1,-99.8,-99.8,4.8,281.0,8.1,293.0,-999.1,-99.8,-99.8,-99.8,-99.8,-99.8,-99.8,-99.8
2023-11-05 12:00:00,-9999.1,-99.8,-99.8,4.6,277.0,7.9,287.0,-999.1,-99.8,-99.8,-99.8,-99.8,-99.8,-99.8,-99.8
2023-11-05 13:00:00,-9999.1,-99.8,-99.8,4.8,275.0,8.9,289.0,-999.1,-99.8,-99.8,-99.8,-99.8,-99.8,-99.8,-99.8
2023-11-05 14:00:00,-9999.1,-99.8,-99.8,5.7,278.0,10.4,285.0,-999.1,-99.8,-99.8,-99.8,-99.8,-99.8,-99.8,-99.8
2023-11-05 15:00:00,-9999.1,-99.8,-99.8,7.2,285.0,12.6,289.0,-999.1,-99.8,-99.8,-99.8,-99.8,-99.8,-99.8,-99.8
2023-11-05 16:00:00,-9999.1,-99.8,-99.8,5.8,280.0,11.4,286.0,-999.1,-99.8,-99.8,-99.8,-99.8,-99.8,-99.8,-99.8
2023-11-05 17:00:00,-9999.1,-99.8,-99.8,5.7,281.0,10.4,287.0,-999.1,-99.8,-99.8,-99.8,-99.8,-99.8,-99.8,-99.8
2023-11-05 18:00:00,-9999.1,-99.8,-99.8,6.3,282.0,10.1,281.0,-999.1,-99.8,-99.8,-99.8,-99.8,-99.8,-99.8,-99.8
2023-11-05 19:00:00,-9999.1,-99.8,-99.8,6.8,283.0,12.1,288.0,-999.1,-99.8,-99.8,-99.8,-99.8,-99.8,-99.8,-99.8
2023-11-05 20:00:00,-9999.1,-99.8,-99.8,6.6,279.0,12.5,283.0,-999.1,-99.8,-99.8,-99.8,-99.8,-99.8,-99.8,-99.8
2023-11-05 21:00:00,-9999.1,-99.8,-99.8,6.4,282.0,11.2,283.0,-999.1,-99.8,-99.8,-99.8,-99.8,-99.8,-99.8,-99.8
2023-11-05 22:00:00,-9999.1,-99.8,-99.8,7.5,284.0,10.5,284.0,-999.1,-99.8,-99.8,-99.8,-99.8,-99.8,-99.8,-99.8
2023-11-05 23:00:00,-9999.1,-99.8,-99.8,6.0,280.0,11.4,283.0,-999.1,-99.8,-99.8,-99.8,-99.8,-99.8,-99.8,-99.8
2023-11-06 00:00:00,-9999.1,-99.8,-99.8,7.1,285.0,10.4,285.0,-999.1,-99.8,-99.8,-99.8,-99.8,-99.8,-99.8,-99.8
2023-11-06 01:00:00,-9999.1,-99.8,-99.8,6.4,281.0,11.2,283.0,-999.1,-99.8,-99.8,-99.8,-99.8,-99.8,-99.8,-99.8
2023-11-06 02:00:00,-9999.1,-99.8,-99.8,6.2,283.0,10.7,254.0,-999.1,-99.8,-99.8,-99.8,-99.8,-99.8,-99.8,-99.8
2023-11-06 03:00:00,-9999.1,-99.8,-99.8,7.5,285.0,12.3,287.0,-999.1,-99.8,-99.8,-99.8,-99.8,-99.8,-99.8,-99.8
2023-11-06 04:00:00,-9999.1,-99.8,-99.8,5.1,276.0,14.1,286.0,-999.1,-99.8,-99.8,-99.8,-99.8,-99.8,-99.8,-99.8
2023-11-06 05:00:00,-9999.1,-99.8,-99.8,5.7,279.0,10.7,285.0,-999.1,-99.8,-99.8,-99.8,-99.8,-99.8,-99.8,-99.8
2023-11-06 06:00:00,-9999.1,-99.8,-99.8,6.2,283.0,10.2,283.0,-999.1,-99.8,-99.8,-99.8,-99.8,-99.8,-99.8,-99.8
2023-11-06 07:00:00,-9999.1,-99.8,-99.8,4.9,282.0,9.3,289.0,-999.1,-99.8,-99.8,-99.8,-99.8,-99.8,-99.8,-99.8
2023-11-06 08:00:00,-9999.1,-99.8,-99.8,4.7,280.0,8.6,286.0,-999.1,-99.8,-99.8,-99.8,-99.8,-99.8,-99.8,-99.8
2023-11-06 09:00:00,-9999.1,-99.8,-99.8,6.1,284.0,9.6,288.0,-999.1,-99.8,-99.8,-99.8,-99.8,-99.8,-99.8,-99.8
2023-11-06 10:00:00,-9999.1,-99.8,-99.8,3.1,267.0,9.3,289.0,-999.1,-99.8,-99.8,-99.8,-99.8,-99.8,-99.8,-99.8
2023-11-06 11:00:00,-9999.1,-99.8,-99.8,3.6,281.0,6.5,296.0,-999.1,-99.8,-99.8,-99.8,-99.8,-99.8,-99.8,-99.8
2023-11-06 12:00:00,-9999.1,-99.8,-99.8,3.5,278.0,7.2,282.0,-999.1,-99.8,-99.8,-99.8,-99.8,-99.8,-99.8,-99.8
2023-11-06 13:00:00,-9999.1,-99.8,-99.8,4.3,279.0,7.1,283.0,-999.1,-99.8,-99.8,-99.8,-99.8,-99.8,-99.8,-99.8
2023-11-06 14:00:00,-9999.1,-99.8,-99.8,3.8,276.0,6.9,286.0,-999.1,-99.8,-99.8,-99.8,-99.8,-99.8,-99.8,-99.8
2023-11-06 15:00:00,-9999.1,-99.8,-99.8,4.6,280.0,8.0,296.0,-999.1,-99.8,-99.8,-99.8,-99.8,-99.8,-99.8,-99.8
2023-11-06 16:00:00,-9999.1,-99.8,-99.8,3.8,272.0,8.5,291.0,-999.1,-99.8,-99.8,-99.8,-99.8,-99.8,-99.8,-99.8
2023-11-06 17:00:00,-9999.1,-99.8,-99.8,3.9,272.0,7.4,292.0,-999.1,-99.8,-99.8,-99.8,-99.8,-99.8,-99.8,-99.8
2023-11-06 18:00:00,-9999.1,-99.8,-99.8,4.1,276.0,7.2,269.0,-999.1,-99.8,-99.8,-99.8,-99.8,-99.8,-99.8,-99.8
2023-11-06 19:00:00,-9999.1,-99.8,-99.8,4.0,286.0,6.2,289.0,-999.1,-99.8,-99.8,-99.8,-99.8,-99.8,-99.8,-99.8
2023-11-06 20:00:00,-9999.1,-99.8,-99.8,4.5,284.0,6.9,287.0,-999.1,-99.8,-99.8,-99.8,-99.8,-99.8,-99.8,-99.8
2023-11-06 21:00:00,-9999.1,-99.8,-99.8,4.0,280.0,7.4,261.0,-999.1,-99.8,-99.8,-99.8,-99.8,-99.8,-99.8,-99.8
2023-11-06 22:00:00,-9999.1,-99.8,-99.8,4.0,281.0,7.1,288.0,-999.1,-99.8,-99.8,-99.8,-99.8,-99.8,-99.8,-99.8
2023-11-06 23:00:00,-9999.1,-99.8,-99.8,2.6,279.0,6.2,278.0,-999.1,-99.8,-99.8,-99.8,-99.8,-99.8,-99.8,-99.8
2023-11-07 00:00:00,-9999.1,-99.8,-99.8,2.5,271.0,4.8,255.0,-999.1,-99.8,-99.8,-99.8,-99.8,-99.8,-99.8,-99.8
2023-11-07 01:00:00,-9999.1,-99.8,-99.8,2.7,258.0,4.7,258.0,-999.1,-99.8,-99.8,-99.8,-99.8,-99.8,-99.8,-99.8
2023-11-07 02:00:00,-9999.1,-99.8,-99.8,2.8,267.0,4.5,265.0,-999.1,-99.8,-99.8,-99.8,-99.8,-99.8,-99.8,-99.8
2023-11-07 03:00:00,-9999.1,-99.8,-99.8,3.5,276.0,6.3,263.0,-999.1,-99.8,-99.8,-99.8,-99.8,-99.8,-99.8,-99.8
2023-11-07 04:00:00,-9999.1,-99.8,-99.8,4.1,268.0,6.6,281.0,-999.1,-99.8,-99.8,-99.8,-99.8,-99.8,-99.8,-99.8
2023-11-07 05:00:00,-9999.1,-99.8,-99.8,4.1,275.0,7.5,291.0,-999.1,-99.8,-99.8,-99.8,-99.8,-99.8,-99.8,-99.8
2023-11-07 06:00:00,-9999.1,-99.8,-99.8,3.3,256.0,8.6,290.0,-999.1,-99.8,-99.8,-99.8,-99.8,-99.8,-99.8,-99.8
2023-11-07 07:00:00,-9999.1,-99.8,-99.8,2.6,231.0,6.3,254.0,-999.1,-99.8,-99.8,-99.8,-99.8,-99.8,-99.8,-99.8
2023-11-07 08:00:00,-9999.1,-99.8,-99.8,2.4,268.0,5.4,248.0,-999.1,-99.8,-99.8,-99.8,-99.8,-99.8,-99.8,-99.8
2023-11-07 09:00:00,-9999.1,-99.8,-99.8,2.7,283.0,5.0,290.0,-999.1,-99.8,-99.8,-99.8,-99.8,-99.8,-99.8,-99.8
2023-11-07 10:00:00,-9999.1,-99.8,-99.8,5.8,291.0,8.8,288.0,-999.1,-99.8,-99.8,-99.8,-99.8,-99.8,-99.8,-99.8
2023-11-07 11:00:00,-9999.1,-99.8,-99.8,4.3,283.0,8.7,289.0,-999.1,-99.8,-99.8,-99.8,-99.8,-99.8,-99.8,-99.8
2023-11-07 12:00:00,-9999.1,-99.8,-99.8,4.9,276.0,8.5,291.0,-999.1,-99.8,-99.8,-99.8,-99.8,-99.8,-99.8,-99.8
2023-11-07 13:00:00,-9999.1,-99.8,-99.8,4.5,279.0,9.1,307.0,-999.1,-99.8,-99.8,-99.8,-99.8,-99.8,-99.8,-99.8
2023-11-07 14:00:00,-9999.1,-99.8,-99.8,3.6,272.0,9.3,287.0,-999.1,-99.8,-99.8,-99.8,-99.8,-99.8,-99.8,-99.8
2023-11-07 15:00:00,-9999.1,-99.8,-99.8,3.9,275.0,9.1,278.0,-999.1,-99.8,-99.8,-99.8,-99.8,-99.8,-99.8,-99.8
2023-11-07 16:00:00,-9999.1,-99.8,-99.8,3.7,275.0,7.9,287.0,-999.1,-99.8,-99.8,-99.8,-99.8,-99.8,-99.8,-99.8
2023-11-07 17:00:00,-9999.1,-99.8,-99.8,4.2,272.0,7.2,260.0,-999.1,-99.8,-99.8,-99.8,-99.8,-99.8,-99.8,-99.8
2023-11-07 18:00:00,-9999.1,-99.8,-99.8,4.4,274.0,8.7,277.0,-999.1,-99.8,-99.8,-99.8,-99.8,-99.8,-99.8,-99.8
2023-11-07 19:00:00,-9999.1,-99.8,-99.8,3.8,277.0,8.6,284.0,-999.1,-99.8,-99.8,-99.8,-99.8,-99.8,-99.8,-99.8
2023-11-07 20:00:00,-9999.1,-99.8,-99.8,3.1,277.0,6.6,287.0,-999.1,-99.8,-99.8,-99.8,-99.8,-99.8,-99.8,-99.8
2023-11-07 21:00:00,-9999.1,-99.8,-99.8,1.2,168.0,6.4,238.0,-999.1,-99.8,-99.8,-99.8,-99.8,-99.8,-99.8,-99.8
2023-11-07 22:00:00,-9999.1,-99.8,-99.8,0.8,134.0,3.9,200.0,-999.1,-99.8,-99.8,-99.8,-99.8,-99.8,-99.8,-99.8
2023-11-07 23:00:00,-9999.1,-99.8,-99.8,1.9,265.0,3.4,105.0,-999.1,-99.8,-99.8,-99.8,-99.8,-99.8,-99.8,-99.8
2023-11-08 00:00:00,-9999.1,-99.8,-99.8,3.3,278.0,4.7,266.0,-999.1,-99.8,-99.8,-99.8,-99.8,-99.8,-99.8,-99.8
2023-11-08 01:00:00,-9999.1,-99.8,-99.8,3.0,280.0,6.7,256.0,-999.1,-99.8,-99.8,-99.8,-99.8,-99.8,-99.8,-99.8
2023-11-08 02:00:00,-9999.1,-99.8,-99.8,6.2,291.0,8.6,273.0,-999.1,-99.8,-99.8,-99.8,-99.8,-99.8,-99.8,-99.8
2023-11-08 03:00:00,-9999.1,-99.8,-99.8,6.8,290.0,8.6,282.0,-999.1,-99.8,-99.8,-99.8,-99.8,-99.8,-99.8,-99.8
2023-11-08 04:00:00,-9999.1,-99.8,-99.8,8.0,294.0,11.7,289.0,-999.1,-99.8,-99.8,-99.8,-99.8,-99.8,-99.8,-99.8
2023-11-08 05:00:00,-9999.1,-99.8,-99.8,9.8,298.0,12.9,302.0,-999.1,-99.8,-99.8,-99.8,-99.8,-99.8,-99.8,-99.8
2023-11-08 06:00:00,-9999.1,-99.8,-99.8,7.6,291.0,14.7,288.0,-999.1,-99.8,-99.8,-99.8,-99.8,-99.8,-99.8,-99.8
2023-11-08 07:00:00,-9999.1,-99.8,-99.8,5.4,295.0,11.6,307.0,-999.1,-99.8,-99.8,-99.8,-99.8,-99.8,-99.8,-99.8
2023-11-08 08:00:00,-9999.1,-99.8,-99.8,4.9,284.0,9.0,305.0,-999.1,-99.8,-99.8,-99.8,-99.8,-99.8,-99.8,-99.8
2023-11-08 09:00:00,-9999.1,-99.8,-99.8,2.6,276.0,8.4,289.0,-999.1,-99.8,-99.8,-99.8,-99.8,-99.8,-99.8,-99.8
2023-11-08 10:00:00,-9999.1,-99.8,-99.8,2.4,289.0,4.2,254.0,-999.1,-99.8,-99.8,-99.8,-99.8,-99.8,-99.8,-99.8
2023-11-08 11:00:00,-9999.1,-99.8,-99.8,2.8,280.0,5.5,283.0,-999.1,-99.8,-99.8,-99.8,-99.8,-99.8,-99.8,-99.8
2023-11-08 12:00:00,-9999.1,-99.8,-99.8,3.6,274.0,6.5,290.0,-999.1,-99.8,-99.8,-99.8,-99.8,-99.8,-99.8,-99.8
2023-11-08 13:00:00,-9999.1,-99.8,-99.8,2.8,273.0,7.7,287.0,-999.1,-99.8,-99.8,-99.8,-99.8,-99.8,-99.8,-99.8
2023-11-08 14:00:00,-9999.1,-99.8,-99.8,4.2,284.0,7.4,287.0,-999.1,-99.8,-99.8,-99.8,-99.8,-99.8,-99.8,-99.8
2023-11-08 15:00:00,-9999.1,-99.8,-99.8,3.2,285.0,7.8,283.0,-999.1,-99.8,-99.8,-99.8,-99.8,-99.8,-99.8,-99.8
2023-11-08 16:00:00,-9999.1,-99.8,-99.8,1.9,274.0,5.9,292.0,-999.1,-99.8,-99.8,-99.8,-99.8,-99.8,-99.8,-99.8
2023-11-08 17:00:00,-9999.1,-99.8,-99.8,2.1,269.0,5.4,235.0,-999.1,-99.8,-99.8,-99.8,-99.8,-99.8,-99.8,-99.8
2023-11-08 18:00:00,-9999.1,-99.8,-99.8,0.9,127.0,5.6,135.0,-999.1,-99.8,-99.8,-99.8,-99.8,-99.8,-99.8,-99.8
2023-11-08 19:00:00,-9999.1,-99.8,-99.8,1.1,187.0,3.8,189.0,-999.1,-99.8,-99.8,-99.8,-99.8,-99.8,-99.8,-99.8
2023-11-08 20:00:00,-9999.1,-99.8,-99.8,2.3,118.0,4.2,175.0,-999.1,-99.8,-99.8,-99.8,-99.8,-99.8,-99.8,-99.8
2023-11-08 21:00:00,-9999.1,-99.8,-99.8,4.6,127.0,8.0,125.0,-999.1,-99.8,-99.8,-99.8,-99.8,-99.8,-99.8,-99.8
2023-11-08 22:00:00,-9999.1,-99.8,-99.8,3.4,126.0,6.9,113.0,-999.1,-99.8,-99.8,-99.8,-99.8,-99.8,-99.8,-99.8
2023-11-08 23:00:00,-9999.1,-99.8,-99.8,1.2,181.0,5.8,162.0,-999.1,-99.8,-99.8,-99.8,-99.8,-99.8,-99.8,-99.8
2023-11-09 00:00:00,-9999.1,-99.8,-99.8,1.4,250.0,3.9,209.0,-999.1,-99.8,-99.8,-99.8,-99.8,-99.8,-99.8,-99.8
2023-11-09 01:00:00,-9999.1,-99.8,-99.8,2.9,268.0,5.7,258.0,-999.1,-99.8,-99.8,-99.8,-99.8,-99.8,-99.8,-99.8
2023-11-09 02:00:00,-9999.1,-99.8,-99.8,3.3,269.0,6.3,260.0,-999.1,-99.8,-99.8,-99.8,-99.8,-99.8,-99.8,-99.8
2023-11-09 03:00:00,-9999.1,-99.8,-99.8,3.5,265.0,6.3,255.0,-999.1,-99.8,-99.8,-99.8,-99.8,-99.8,-99.8,-99.8
2023-11-09 04:00:00,-9999.1,-99.8,-99.8,3.2,270.0,6.3,256.0,-999.1,-99.8,-99.8,-99.8,-99.8,-99.8,-99.8,-99.8
2023-11-09 05:00:00,-9999.1,-99.8,-99.8,2.2,258.0,5.3,254.0,-999.1,-99.8,-99.8,-99.8,-99.8,-99.8,-99.8,-99.8
2023-11-09 06:00:00,-9999.1,-99.8,-99.8,2.3,120.0,5.5,258.0,-999.1,-99.8,-99.8,-99.8,-99.8,-99.8,-99.8,-99.8
2023-11-09 07:00:00,-9999.1,-99.8,-99.8,2.4,119.0,3.3,132.0,-999.1,-99.8,-99.8,-99.8,-99.8,-99.8,-99.8,-99.8
2023-11-09 08:00:00,-9999.1,-99.8,-99.8,3.6,123.0,5.3,121.0,-999.1,-99.8,-99.8,-99.8,-99.8,-99.8,-99.8,-99.8
2023-11-09 09:00:00,-9999.1,-99.8,-99.8,1.6,141.0,4.5,134.0,-999.1,-99.8,-99.8,-99.8,-99.8,-99.8,-99.8,-99.8
2023-11-09 10:00:00,-9999.1,-99.8,-99.8,1.1,177.0,3.7,246.0,-999.1,-99.8,-99.8,-99.8,-99.8,-99.8,-99.8,-99.8
2023-11-09 11:00:00,-9999.1,-99.8,-99.8,2.8,272.0,4.5,256.0,-999.1,-99.8,-99.8,-99.8,-99.8,-99.8,-99.8,-99.8
2023-11-09 12:00:00,-9999.1,-99.8,-99.8,3.5,281.0,6.5,285.0,-999.1,-99.8,-99.8,-99.8,-99.8,-99.8,-99.8,-99.8
2023-11-09 13:00:00,-9999.1,-99.8,-99.8,3.7,279.0,6.9,283.0,-999.1,-99.8,-99.8,-99.8,-99.8,-99.8,-99.8,-99.8
2023-11-09 14:00:00,-9999.1,-99.8,-99.8,4.0,279.0,7.6,283.0,-999.1,-99.8,-99.8,-99.8,-99.8,-99.8,-99.8,-99.8
2023-11-09 15:00:00,-9999.1,-99.8,-99.8,3.1,279.0,8.3,285.0,-999.1,-99.8,-99.8,-99.8,-99.8,-99.8,-99.8,-99.8
2023-11-09 16:00:00,-9999.1,-99.8,-99.8,2.4,264.0,5.2,255.0,-999.1,-99.8,-99.8,-99.8,-99.8,-99.8,-99.8,-99.8
2023-11-09 17:00:00,-9999.1,-99.8,-99.8,2.3,230.0,6.0,242.0,-999.1,-99.8,-99.8,-99.8,-99.8,-99.8,-99.8,-99.8
2023-11-09 18:00:00,-9999.1,-99.8,-99.8,3.4,242.0,8.2,232.0,-999.1,-99.8,-99.8,-99.8,-99.8,-99.8,-99.8,-99.8
2023-11-09 19:00:00,-9999.1,-99.8,-99.8,3.4,256.0,6.5,242.0,-999.1,-99.8,-99.8,-99.8,-99.8,-99.8,-99.8,-99.8
2023-11-09 20:00:00,-9999.1,-99.8,-99.8,4.4,265.0,9.0,252.0,-999.1,-99.8,-99.8,-99.8,-99.8,-99.8,-99.8,-99.8
2023-11-09 21:00:00,-9999.1,-99.8,-99.8,5.3,293.0,8.7,286.0,-999.1,-99.8,-99.8,-99.8,-99.8,-99.8,-99.8,-99.8
2023-11-09 22:00:00,-9999.1,-99.8,-99.8,5.6,284.0,9.5,290.0,-999.1,-99.8,-99.8,-99.8,-99.8,-99.8,-99.8,-99.8
2023-11-09 23:00:00,-9999.1,-99.8,-99.8,6.0,281.0,9.9,286.0,-999.1,-99.8,-99.8,-99.8,-99.8,-99.8,-99.8,-99.8
2023-11-10 00:00:00,-9999.1,-99.8,-99.8,8.3,292.0,10.8,285.0,-999.1,-99.8,-99.8,-99.8,-99.8,-99.8,-99.8,-99.8
2023-11-10 01:00:00,-9999.1,-99.8,-99.8,6.7,288.0,10.5,289.0,-999.1,-99.8,-99.8,-99.8,-99.8,-99.8,-99.8,-99.8
2023-11-10 02:00:00,-9999.1,-99.8,-99.8,6.0,277.0,10.3,289.0,-999.1,-99.8,-99.8,-99.8,-99.8,-99.8,-99.8,-99.8
2023-11-10 03:00:00,-9999.1,-99.8,-99.8,6.4,283.0,10.3,289.0,-999.1,-99.8,-99.8,-99.8,-99.8,-99.8,-99.8,-99.8
2023-11-10 04:00:00,-9999.1,-99.8,-99.8,6.4,284.0,10.1,288.0,-999.1,-99.8,-99.8,-99.8,-99.8,-99.8,-99.8,-99.8
2023-11-10 05:00:00,-9999.1,-99.8,-99.8,7.2,285.0,11.0,288.0,-999.1,-99.8,-99.8,-99.8,-99.8,-99.8,-99.8,-99.8
2023-11-10 06:00:00,-9999.1,-99.8,-99.8,6.7,286.0,10.8,288.0,-999.1,-99.8,-99.8,-99.8,-99.8,-99.8,-99.8,-99.8
2023-11-10 07:00:00,-9999.1,-99.8,-99.8,6.3,288.0,10.2,289.0,-999.1,-99.8,-99.8,-99.8,-99.8,-99.8,-99.8,-99.8
2023-11-10 08:00:00,-9999.1,-99.8,-99.8,4.3,276.0,9.5,291.0,-999.1,-99.8,-99.8,-99.8,-99.8,-99.8,-99.8,-99.8
2023-11-10 09:00:00,-9999.1,-99.8,-99.8,3.9,281.0,7.9,287.0,-999.1,-99.8,-99.8,-99.8,-99.8,-99.8,-99.8,-99.8
2023-11-10 10:00:00,-9999.1,-99.8,-99.8,2.4,268.0,6.2,287.0,-999.1,-99.8,-99.8,-99.8,-99.8,-99.8,-99.8,-99.8
2023-11-10 11:00:00,-9999.1,-99.8,-99.8,3.9,276.0,6.9,285.0,-999.1,-99.8,-99.8,-99.8,-99.8,-99.8,-99.8,-99.8
2023-11-10 12:00:00,-9999.1,-99.8,-99.8,4.3,275.0,7.5,275.0,-999.1,-99.8,-99.8,-99.8,-99.8,-99.8,-99.8,-99.8
2023-11-10 13:00:00,-9999.1,-99.8,-99.8,4.6,270.0,8.7,291.0,-999.1,-99.8,-99.8,-99.8,-99.8,-99.8,-99.8,-99.8
2023-11-10 14:00:00,-9999.1,-99.8,-99.8,4.0,276.0,7.9,261.0,-999.1,-99.8,-99.8,-99.8,-99.8,-99.8,-99.8,-99.8
2023-11-10 15:00:00,-9999.1,-99.8,-99.8,4.1,280.0,7.9,285.0,-999.1,-99.8,-99.8,-99.8,-99.8,-99.8,-99.8,-99.8
2023-11-10 16:00:00,-9999.1,-99.8,-99.8,4.5,280.0,7.8,283.0,-999.1,-99.8,-99.8,-99.8,-99.8,-99.8,-99.8,-99.8
2023-11-10 17:00:00,-9999.1,-99.8,-99.8,3.5,272.0,8.0,286.0,-999.1,-99.8,-99.8,-99.8,-99.8,-99.8,-99.8,-99.8
2023-11-10 18:00:00,-9999.1,-99.8,-99.8,1.9,279.0,5.5,289.0,-999.1,-99.8,-99.8,-99.8,-99.8,-99.8,-99.8,-99.8
2023-11-10 19:00:00,-9999.1,-99.8,-99.8,2.6,280.0,4.9,238.0,-999.1,-99.8,-99.8,-99.8,-99.8,-99.8,-99.8,-99.8
2023-11-10 20:00:00,-9999.1,-99.8,-99.8,3.5,288.0,5.9,287.0,-999.1,-99.8,-99.8,-99.8,-99.8,-99.8,-99.8,-99.8
2023-11-10 21:00:00,-9999.1,-99.8,-99.8,3.2,271.0,5.1,275.0,-999.1,-99.8,-99.8,-99.8,-99.8,-99.8,-99.8,-99.8
2023-11-10 22:00:00,-9999.1,-99.8,-99.8,3.4,273.0,6.4,258.0,-999.1,-99.8,-99.8,-99.8,-99.8,-99.8,-99.8,-99.8
2023-11-10 23:00:00,-9999.1,-99.8,-99.8,3.9,265.0,7.9,253.0,-999.1,-99.8,-99.8,-99.8,-99.8,-99.8,-99.8,-99.8
2023-11-11 00:00:00,-9999.1,-99.8,-99.8,3.5,263.0,7.0,255.0,-999.1,-99.8,-99.8,-99.8,-99.8,-99.8,-99.8,-99.8
2023-11-11 01:00:00,-9999.1,-99.8,-99.8,3.4,275.0,6.2,258.0,-999.1,-99.8,-99.8,-99.8,-99.8,-99.8,-99.8,-99.8
2023-11-11 02:00:00,-9999.1,-99.8,-99.8,3.7,274.0,6.8,255.0,-999.1,-99.8,-99.8,-99.8,-99.8,-99.8,-99.8,-99.8
2023-11-11 03:00:00,-9999.1,-99.8,-99.8,4.2,263.0,7.5,257.0,-999.1,-99.8,-99.8,-99.8,-99.8,-99.8,-99.8,-99.8
2023-11-11 04:00:00,-9999.1,-99.8,-99.8,4.0,272.0,7.4,293.0,-999.1,-99.8,-99.8,-99.8,-99.8,-99.8,-99.8,-99.8
2023-11-11 05:00:00,-9999.1,-99.8,-99.8,2.7,266.0,6.5,254.0,-999.1,-99.8,-99.8,-99.8,-99.8,-99.8,-99.8,-99.8
2023-11-11 06:00:00,-9999.1,-99.8,-99.8,3.3,279.0,5.1,262.0,-999.1,-99.8,-99.8,-99.8,-99.8,-99.8,-99.8,-99.8
2023-11-11 07:00:00,-9999.1,-99.8,-99.8,2.3,243.0,4.6,270.0,-999.1,-99.8,-99.8,-99.8,-99.8,-99.8,-99.8,-99.8
2023-11-11 08:00:00,-9999.1,-99.8,-99.8,2.4,240.0,4.7,236.0,-999.1,-99.8,-99.8,-99.8,-99.8,-99.8,-99.8,-99.8
2023-11-11 09:00:00,-9999.1,-99.8,-99.8,2.0,304.0,4.4,238.0,-999.1,-99.8,-99.8,-99.8,-99.8,-99.8,-99.8,-99.8
2023-11-11 10:00:00,-9999.1,-99.8,-99.8,2.2,265.0,4.1,262.0,-999.1,-99.8,-99.8,-99.8,-99.8,-99.8,-99.8,-99.8
2023-11-11 11:00:00,-9999.1,-99.8,-99.8,2.6,268.0,4.7,273.0,-999.1,-99.8,-99.8,-99.8,-99.8,-99.8,-99.8,-99.8
2023-11-11 12:00:00,-9999.1,-99.8,-99.8,1.6,254.0,4.6,280.0,-999.1,-99.8,-99.8,-99.8,-99.8,-99.8,-99.8,-99.8
2023-11-11 13:00:00,-9999.1,-99.8,-99.8,2.1,256.0,4.6,263.0,-999.1,-99.8,-99.8,-99.8,-99.8,-99.8,-99.8,-99.8
2023-11-11 14:00:00,-9999.1,-99.8,-99.8,2.2,273.0,5.0,288.0,-999.1,-99.8,-99.8,-99.8,-99.8,-99.8,-99.8,-99.8
2023-11-11 15:00:00,-9999.1,-99.8,-99.8,1.4,272.0,5.5,288.0,-999.1,-99.8,-99.8,-99.8,-99.8,-99.8,-99.8,-99.8
2023-11-11 16:00:00,-9999.1,-99.8,-99.8,2.5,269.0,5.3,288.0,-999.1,-99.8,-99.8,-99.8,-99.8,-99.8,-99.8,-99.8
2023-11-11 17:00:00,-9999.1,-99.8,-99.8,3.4,266.0,6.7,254.0,-999.1,-99.8,-99.8,-99.8,-99.8,-99.8,-99.8,-99.8
2023-11-11 18:00:00,-9999.1,-99.8,-99.8,3.5,274.0,8.0,303.0,-999.1,-99.8,-99.8,-99.8,-99.8,-99.8,-99.8,-99.8
2023-11-11 19:00:00,-9999.1,-99.8,-99.8,3.0,273.0,7.0,277.0,-999.1,-99.8,-99.8,-99.8,-99.8,-99.8,-99.8,-99.8
2023-11-11 20:00:00,-9999.1,-99.8,-99.8,3.5,268.0,6.9,263.0,-999.1,-99.8,-99.8,-99.8,-99.8,-99.8,-99.8,-99.8
2023-11-11 21:00:00,-9999.1,-99.8,-99.8,3.8,280.0,6.8,295.0,-999.1,-99.8,-99.8,-99.8,-99.8,-99.8,-99.8,-99.8
2023-11-11 22:00:00,-9999.1,-99.8,-99.8,4.9,277.0,7.7,288.0,-999.1,-99.8,-99.8,-99.8,-99.8,-99.8,-99.8,-99.8
2023-11-11 23:00:00,-9999.1,-99.8,-99.8,5.1,284.0,7.9,284.0,-999.1,-99.8,-99.8,-99.8,-99.8,-99.8,-99.8,-99.8
2023-11-12 00:00:00,-9999.1,-99.8,-99.8,5.7,277.0,9.0,282.0,-999.1,-99.8,-99.8,-99.8,-99.8,-99.8,-99.8,-99.8
2023-11-12 01:00:00,-9999.1,-99.8,-99.8,5.5,279.0,10.6,288.0,-999.1,-99.8,-99.8,-99.8,-99.8,-99.8,-99.8,-99.8
2023-11-12 02:00:00,-9999.1,-99.8,-99.8,6.3,274.0,11.0,258.0,-999.1,-99.8,-99.8,-99.8,-99.8,-99.8,-99.8,-99.8
2023-11-12 03:00:00,-9999.1,-99.8,-99.8,6.3,278.0,10.8,276.0,-999.1,-99.8,-99.8,-99.8,-99.8,-99.8,-99.8,-99.8
2023-11-12 04:00:00,-9999.1,-99.8,-99.8,6.8,279.0,10.7,257.0,-999.1,-99.8,-99.8,-99.8,-99.8,-99.8,-99.8,-99.8
2023-11-12 05:00:00,-9999.1,-99.8,-99.8,6.6,279.0,10.7,284.0,-999.1,-99.8,-99.8,-99.8,-99.8,-99.8,-99.8,-99.8
2023-11-12 06:00:00,-9999.1,-99.8,-99.8,5.9,276.0,11.6,253.0,-999.1,-99.8,-99.8,-99.8,-99.8,-99.8,-99.8,-99.8
2023-11-12 07:00:00,-9999.1,-99.8,-99.8,5.2,281.0,11.2,250.0,-999.1,-99.8,-99.8,-99.8,-99.8,-99.8,-99.8,-99.8
2023-11-12 08:00:00,-9999.1,-99.8,-99.8,5.1,282.0,8.4,286.0,-999.1,-99.8,-99.8,-99.8,-99.8,-99.8,-99.8,-99.8
2023-11-12 09:00:00,-9999.1,-99.8,-99.8,2.7,267.0,8.5,280.0,-999.1,-99.8,-99.8,-99.8,-99.8,-99.8,-99.8,-99.8
2023-11-12 10:00:00,-9999.1,-99.8,-99.8,2.4,270.0,6.3,288.0,-999.1,-99.8,-99.8,-99.8,-99.8,-99.8,-99.8,-99.8
2023-11-12 11:00:00,-9999.1,-99.8,-99.8,2.0,256.0,5.6,283.0,-999.1,-99.8,-99.8,-99.8,-99.8,-99.8,-99.8,-99.8
2023-11-12 12:00:00,-9999.1,-99.8,-99.8,2.7,264.0,5.9,290.0,-999.1,-99.8,-99.8,-99.8,-99.8,-99.8,-99.8,-99.8
2023-11-12 13:00:00,-9999.1,-99.8,-99.8,3.1,265.0,7.2,290.0,-999.1,-99.8,-99.8,-99.8,-99.8,-99.8,-99.8,-99.8
2023-11-12 14:00:00,-9999.1,-99.8,-99.8,3.0,271.0,6.4,270.0,-999.1,-99.8,-99.8,-99.8,-99.8,-99.8,-99.8,-99.8
2023-11-12 15:00:00,-9999.1,-99.8,-99.8,2.9,269.0,6.0,268.0,-999.1,-99.8,-99.8,-99.8,-99.8,-99.8,-99.8,-99.8
2023-11-12 16:00:00,-9999.1,-99.8,-99.8,3.6,275.0,7.4,260.0,-999.1,-99.8,-99.8,-99.8,-99.8,-99.8,-99.8,-99.8
2023-11-12 17:00:00,-9999.1,-99.8,-99.8,3.7,274.0,7.3,257.0,-999.1,-99.8,-99.8,-99.8,-99.8,-99.8,-99.8,-99.8
2023-11-12 18:00:00,-9999.1,-99.8,-99.8,-99.8,-99.8,6.7,261.0,-999.1,-99.8,-99.8,-99.8,-99.8,-99.8,-99.8,-99.8
2023-11-12 19:00:00,-9999.1,-99.8,-99.8,3.2,272.0,7.2,259.0,-999.1,-99.8,-99.8,-99.8,-99.8,-99.8,-99.8,-99.8
2023-11-12 20:00:00,-9999.1,-99.8,-99.8,2.8,268.0,6.7,255.0,-999.1,-99.8,-99.8,-99.8,-99.8,-99.8,-99.8,-99.8
2023-11-12 21:00:00,-9999.1,-99.8,-99.8,1.7,244.0,4.6,259.0,-999.1,-99.8,-99.8,-99.8,-99.8,-99.8,-99.8,-99.8
2023-11-12 22:00:00,-9999.1,-99.8,-99.8,3.4,261.0,5.5,255.0,-999.1,-99.8,-99.8,-99.8,-99.8,-99.8,-99.8,-99.8
2023-11-12 23:00:00,-9999.1,-99.8,-99.8,2.3,250.0,5.6,260.0,-999.1,-99.8,-99.8,-99.8,-99.8,-99.8,-99.8,-99.8
2023-11-13 00:00:00,-9999.1,-99.8,-99.8,2.7,253.0,5.4,261.0,-999.1,-99.8,-99.8,-99.8,-99.8,-99.8,-99.8,-99.8
2023-11-13 01:00:00,-9999.1,-99.8,-99.8,2.8,263.0,6.0,258.0,-999.1,-99.8,-99.8,-99.8,-99.8,-99.8,-99.8,-99.8
2023-11-13 02:00:00,-9999.1,-99.8,-99.8,2.6,269.0,7.3,259.0,-999.1,-99.8,-99.8,-99.8,-99.8,-99.8,-99.8,-99.8
2023-11-13 03:00:00,-9999.1,-99.8,-99.8,3.8,254.0,7.5,256.0,-999.1,-99.8,-99.8,-99.8,-99.8,-99.8,-99.8,-99.8
2023-11-13 04:00:00,-9999.1,-99.8,-99.8,3.0,275.0,7.6,258.0,-999.1,-99.8,-99.8,-99.8,-99.8,-99.8,-99.8,-99.8
2023-11-13 05:00:00,-9999.1,-99.8,-99.8,4.1,262.0,6.9,257.0,-999.1,-99.8,-99.8,-99.8,-99.8,-99.8,-99.8,-99.8
2023-11-13 06:00:00,-9999.1,-99.8,-99.8,4.5,269.0,7.3,255.0,-999.1,-99.8,-99.8,-99.8,-99.8,-99.8,-99.8,-99.8
2023-11-13 07:00:00,-9999.1,-99.8,-99.8,4.9,278.0,8.7,289.0,-999.1,-99.8,-99.8,-99.8,-99.8,-99.8,-99.8,-99.8
2023-11-13 08:00:00,-9999.1,-99.8,-99.8,4.6,275.0,9.1,282.0,-999.1,-99.8,-99.8,-99.8,-99.8,-99.8,-99.8,-99.8
2023-11-13 09:00:00,-9999.1,-99.8,-99.8,4.9,278.0,9.4,290.0,-999.1,-99.8,-99.8,-99.8,-99.8,-99.8,-99.8,-99.8
2023-11-13 10:00:00,-9999.1,-99.8,-99.8,5.6,278.0,9.4,285.0,-999.1,-99.8,-99.8,-99.8,-99.8,-99.8,-99.8,-99.8
2023-11-13 11:00:00,-9999.1,-99.8,-99.8,5.6,278.0,10.1,286.0,-999.1,-99.8,-99.8,-99.8,-99.8,-99.8,-99.8,-99.8
2023-11-13 12:00:00,-9999.1,-99.8,-99.8,6.2,274.0,10.9,286.0,-999.1,-99.8,-99.8,-99.8,-99.8,-99.8,-99.8,-99.8
2023-11-13 13:00:00,-9999.1,-99.8,-99.8,6.4,271.0,12.0,279.0,-999.1,-99.8,-99.8,-99.8,-99.8,-99.8,-99.8,-99.8
2023-11-13 14:00:00,-9999.1,-99.8,-99.8,6.7,274.0,12.0,280.0,-999.1,-99.8,-99.8,-99.8,-99.8,-99.8,-99.8,-99.8
2023-11-13 15:00:00,-9999.1,-99.8,-99.8,6.6,273.0,12.3,287.0,-999.1,-99.8,-99.8,-99.8,-99.8,-99.8,-99.8,-99.8
2023-11-13 16:00:00,-9999.1,-99.8,-99.8,6.3,271.0,13.0,288.0,-999.1,-99.8,-99.8,-99.8,-99.8,-99.8,-99.8,-99.8
2023-11-13 17:00:00,-9999.1,-99.8,-99.8,7.4,274.0,12.0,267.0,-999.1,-99.8,-99.8,-99.8,-99.8,-99.8,-99.8,-99.8
2023-11-13 18:00:00,-9999.1,-99.8,-99.8,6.0,275.0,13.0,254.0,-999.1,-99.8,-99.8,-99.8,-99.8,-99.8,-99.8,-99.8
2023-11-13 19:00:00,-9999.1,-99.8,-99.8,6.2,275.0,12.5,285.0,-999.1,-99.8,-99.8,-99.8,-99.8,-99.8,-99.8,-99.8
2023-11-13 20:00:00,-9999.1,-99.8,-99.8,6.6,272.0,12.6,284.0,-999.1,-99.8,-99.8,-99.8,-99.8,-99.8,-99.8,-99.8
2023-11-13 21:00:00,-9999.1,-99.8,-99.8,6.6,276.0,11.3,258.0,-999.1,-99.8,-99.8,-99.8,-99.8,-99.8,-99.8,-99.8
2023-11-13 22:00:00,-9999.1,-99.8,-99.8,6.5,270.0,12.1,260.0,-999.1,-99.8,-99.8,-99.8,-99.8,-99.8,-99.8,-99.8
2023-11-13 23:00:00,-9999.1,-99.8,-99.8,6.5,271.0,13.9,263.0,-999.1,-99.8,-99.8,-99.8,-99.8,-99.8,-99.8,-99.8
2023-11-14 00:00:00,-9999.1,-99.8,-99.8,7.2,273.0,13.1,283.0,-999.1,-99.8,-99.8,-99.8,-99.8,-99.8,-99.8,-99.8
2023-11-14 01:00:00,-9999.1,-99.8,-99.8,7.8,272.0,17.0,285.0,-999.1,-99.8,-99.8,-99.8,-99.8,-99.8,-99.8,-99.8
2023-11-14 02:00:00,-9999.1,-99.8,-99.8,7.1,275.0,12.8,285.0,-999.1,-99.8,-99.8,-99.8,-99.8,-99.8,-99.8,-99.8
2023-11-14 03:00:00,-9999.1,-99.8,-99.8,7.4,272.0,13.4,275.0,-999.1,-99.8,-99.8,-99.8,-99.8,-99.8,-99.8,-99.8
2023-11-14 04:00:00,-9999.1,-99.8,-99.8,7.1,274.0,13.8,281.0,-999.1,-99.8,-99.8,-99.8,-99.8,-99.8,-99.8,-99.8
2023-11-14 05:00:00,-9999.1,-99.8,-99.8,7.3,275.0,13.4,263.0,-999.1,-99.8,-99.8,-99.8,-99.8,-99.8,-99.8,-99.8
2023-11-14 06:00:00,-9999.1,-99.8,-99.8,7.6,278.0,13.1,263.0,-999.1,-99.8,-99.8,-99.8,-99.8,-99.8,-99.8,-99.8
2023-11-14 07:00:00,-9999.1,-99.8,-99.8,7.9,281.0,12.9,283.0,-999.1,-99.8,-99.8,-99.8,-99.8,-99.8,-99.8,-99.8
2023-11-14 08:00:00,-9999.1,-99.8,-99.8,8.9,283.0,13.6,281.0,-999.1,-99.8,-99.8,-99.8,-99.8,-99.8,-99.8,-99.8
2023-11-14 09:00:00,-9999.1,-99.8,-99.8,7.9,280.0,13.7,285.0,-999.1,-99.8,-99.8,-99.8,-99.8,-99.8,-99.8,-99.8
2023-11-14 10:00:00,-9999.1,-99.8,-99.8,7.3,281.0,12.9,283.0,-999.1,-99.8,-99.8,-99.8,-99.8,-99.8,-99.8,-99.8
2023-11-14 11:00:00,-9999.1,-99.8,-99.8,6.5,276.0,12.1,278.0,-999.1,-99.8,-99.8,-99.8,-99.8,-99.8,-99.8,-99.8
2023-11-14 12:00:00,-9999.1,-99.8,-99.8,5.7,277.0,11.0,260.0,-999.1,-99.8,-99.8,-99.8,-99.8,-99.8,-99.8,-99.8
2023-11-14 13:00:00,-9999.1,-99.8,-99.8,4.9,278.0,11.1,262.0,-999.1,-99.8,-99.8,-99.8,-99.8,-99.8,-99.8,-99.8
2023-11-14 14:00:00,-9999.1,-99.8,-99.8,5.4,282.0,9.6,285.0,-999.1,-99.8,-99.8,-99.8,-99.8,-99.8,-99.8,-99.8
2023-11-14 15:00:00,-9999.1,-99.8,-99.8,5.9,279.0,11.0,284.0,-999.1,-99.8,-99.8,-99.8,-99.8,-99.8,-99.8,-99.8
2023-11-14 16:00:00,-9999.1,-99.8,-99.8,7.7,286.0,10.8,285.0,-999.1,-99.8,-99.8,-99.8,-99.8,-99.8,-99.8,-99.8
2023-11-14 17:00:00,-9999.1,-99.8,-99.8,8.0,281.0,15.1,289.0,-999.1,-99.8,-99.8,-99.8,-99.8,-99.8,-99.8,-99.8
2023-11-14 18:00:00,-9999.1,-99.8,-99.8,7.6,282.0,13.5,287.0,-999.1,-99.8,-99.8,-99.8,-99.8,-99.8,-99.8,-99.8
2023-11-14 19:00:00,-9999.1,-99.8,-99.8,6.9,277.0,11.2,286.0,-999.1,-99.8,-99.8,-99.8,-99.8,-99.8,-99.8,-99.8
2023-11-14 20:00:00,-9999.1,-99.8,-99.8,6.0,280.0,11.4,303.0,-999.1,-99.8,-99.8,-99.8,-99.8,-99.8,-99.8,-99.8
2023-11-14 21:00:00,-9999.1,-99.8,-99.8,7.8,292.0,12.5,296.0,-999.1,-99.8,-99.8,-99.8,-99.8,-99.8,-99.8,-99.8
2023-11-14 22:00:00,-9999.1,-99.8,-99.8,8.2,288.0,12.8,287.0,-999.1,-99.8,-99.8,-99.8,-99.8,-99.8,-99.8,-99.8
2023-11-14 23:00:00,-9999.1,-99.8,-99.8,6.7,289.0,13.6,300.0,-999.1,-99.8,-99.8,-99.8,-99.8,-99.8,-99.8,-99.8
2023-11-15 00:00:00,-9999.1,-99.8,-99.8,8.0,287.0,11.5,289.0,-999.1,-99.8,-99.8,-99.8,-99.8,-99.8,-99.8,-99.8
2023-11-15 01:00:00,-9999.1,-99.8,-99.8,9.6,288.0,14.3,302.0,-999.1,-99.8,-99.8,-99.8,-99.8,-99.8,-99.8,-99.8
2023-11-15 02:00:00,-9999.1,-99.8,-99.8,6.1,288.0,12.4,285.0,-999.1,-99.8,-99.8,-99.8,-99.8,-99.8,-99.8,-99.8
2023-11-15 03:00:00,-9999.1,-99.8,-99.8,7.1,287.0,12.0,287.0,-999.1,-99.8,-99.8,-99.8,-99.8,-99.8,-99.8,-99.8
2023-11-15 04:00:00,-9999.1,-99.8,-99.8,5.8,286.0,11.2,300.0,-999.1,-99.8,-99.8,-99.8,-99.8,-99.8,-99.8,-99.8
2023-11-15 05:00:00,-9999.1,-99.8,-99.8,5.3,286.0,10.7,299.0,-999.1,-99.8,-99.8,-99.8,-99.8,-99.8,-99.8,-99.8
2023-11-15 06:00:00,-9999.1,-99.8,-99.8,3.6,287.0,6.8,289.0,-999.1,-99.8,-99.8,-99.8,-99.8,-99.8,-99.8,-99.8
2023-11-15 07:00:00,-9999.1,-99.8,-99.8,4.3,286.0,6.6,285.0,-999.1,-99.8,-99.8,-99.8,-99.8,-99.8,-99.8,-99.8
2023-11-15 08:00:00,-9999.1,-99.8,-99.8,2.7,258.0,7.4,300.0,-999.1,-99.8,-99.8,-99.8,-99.8,-99.8,-99.8,-99.8
2023-11-15 09:00:00,-9999.1,-99.8,-99.8,3.0,275.0,6.1,279.0,-999.1,-99.8,-99.8,-99.8,-99.8,-99.8,-99.8,-99.8
2023-11-15 10:00:00,-9999.1,-99.8,-99.8,2.8,273.0,5.1,255.0,-999.1,-99.8,-99.8,-99.8,-99.8,-99.8,-99.8,-99.8
2023-11-15 11:00:00,-9999.1,-99.8,-99.8,2.8,262.0,6.2,270.0,-999.1,-99.8,-99.8,-99.8,-99.8,-99.8,-99.8,-99.8
2023-11-15 12:00:00,-9999.1,-99.8,-99.8,3.4,262.0,7.5,284.0,-999.1,-99.8,-99.8,-99.8,-99.8,-99.8,-99.8,-99.8
2023-11-15 13:00:00,-9999.1,-99.8,-99.8,3.5,270.0,7.9,255.0,-999.1,-99.8,-99.8,-99.8,-99.8,-99.8,-99.8,-99.8
2023-11-15 14:00:00,-9999.1,-99.8,-99.8,3.7,269.0,7.8,280.0,-999.1,-99.8,-99.8,-99.8,-99.8,-99.8,-99.8,-99.8
2023-11-15 15:00:00,-9999.1,-99.8,-99.8,3.4,272.0,7.3,272.0,-999.1,-99.8,-99.8,-99.8,-99.8,-99.8,-99.8,-99.8
2023-11-15 16:00:00,-9999.1,-99.8,-99.8,4.0,268.0,7.3,290.0,-999.1,-99.8,-99.8,-99.8,-99.8,-99.8,-99.8,-99.8
2023-11-15 17:00:00,-9999.1,-99.8,-99.8,3.7,274.0,8.5,265.0,-999.1,-99.8,-99.8,-99.8,-99.8,-99.8,-99.8,-99.8
2023-11-15 18:00:00,-9999.1,-99.8,-99.8,4.8,286.0,6.8,290.0,-999.1,-99.8,-99.8,-99.8,-99.8,-99.8,-99.8,-99.8
2023-11-15 19:00:00,-9999.1,-99.8,-99.8,5.5,287.0,8.5,301.0,-999.1,-99.8,-99.8,-99.8,-99.8,-99.8,-99.8,-99.8
2023-11-15 20:00:00,-9999.1,-99.8,-99.8,6.8,294.0,9.0,291.0,-999.1,-99.8,-99.8,-99.8,-99.8,-99.8,-99.8,-99.8
2023-11-15 21:00:00,-9999.1,-99.8,-99.8,7.2,285.0,9.8,287.0,-999.1,-99.8,-99.8,-99.8,-99.8,-99.8,-99.8,-99.8
2023-11-15 22:00:00,-9999.1,-99.8,-99.8,6.7,285.0,11.1,299.0,-999.1,-99.8,-99.8,-99.8,-99.8,-99.8,-99.8,-99.8
2023-11-15 23:00:00,-9999.1,-99.8,-99.8,7.7,293.0,11.8,290.0,-999.1,-99.8,-99.8,-99.8,-99.8,-99.8,-99.8,-99.8
2023-11-16 00:00:00,-9999.1,-99.8,-99.8,7.6,286.0,11.9,290.0,-999.1,-99.8,-99.8,-99.8,-99.8,-99.8,-99.8,-99.8
2023-11-16 01:00:00,-9999.1,-99.8,-99.8,7.1,293.0,11.4,292.0,-999.1,-99.8,-99.8,-99.8,-99.8,-99.8,-99.8,-99.8
2023-11-16 02:00:00,-9999.1,-99.8,-99.8,7.9,293.0,11.4,301.0,-999.1,-99.8,-99.8,-99.8,-99.8,-99.8,-99.8,-99.8
2023-11-16 03:00:00,-9999.1,-99.8,-99.8,7.2,292.0,11.7,300.0,-999.1,-99.8,-99.8,-99.8,-99.8,-99.8,-99.8,-99.8
2023-11-16 04:00:00,-9999.1,-99.8,-99.8,8.7,292.0,13.6,303.0,-999.1,-99.8,-99.8,-99.8,-99.8,-99.8,-99.8,-99.8
2023-11-16 05:00:00,-9999.1,-99.8,-99.8,7.9,289.0,11.9,287.0,-999.1,-99.8,-99.8,-99.8,-99.8,-99.8,-99.8,-99.8
2023-11-16 06:00:00,-9999.1,-99.8,-99.8,9.1,286.0,14.3,282.0,-999.1,-99.8,-99.8,-99.8,-99.8,-99.8,-99.8,-99.8
2023-11-16 07:00:00,-9999.1,-99.8,-99.8,7.2,277.0,13.0,299.0,-999.1,-99.8,-99.8,-99.8,-99.8,-99.8,-99.8,-99.8
2023-11-16 08:00:00,-9999.1,-99.8,-99.8,6.7,276.0,13.3,264.0,-999.1,-99.8,-99.8,-99.8,-99.8,-99.8,-99.8,-99.8
2023-11-16 09:00:00,-9999.1,-99.8,-99.8,6.9,279.0,12.7,260.0,-999.1,-99.8,-99.8,-99.8,-99.8,-99.8,-99.8,-99.8
2023-11-16 10:00:00,-9999.1,-99.8,-99.8,6.5,273.0,11.8,271.0,-999.1,-99.8,-99.8,-99.8,-99.8,-99.8,-99.8,-99.8
2023-11-16 11:00:00,-9999.1,-99.8,-99.8,5.9,272.0,11.2,262.0,-999.1,-99.8,-99.8,-99.8,-99.8,-99.8,-99.8,-99.8
2023-11-16 12:00:00,-9999.1,-99.8,-99.8,4.9,276.0,11.0,284.0,-999.1,-99.8,-99.8,-99.8,-99.8,-99.8,-99.8,-99.8
2023-11-16 13:00:00,-9999.1,-99.8,-99.8,5.5,276.0,9.1,262.0,-999.1,-99.8,-99.8,-99.8,-99.8,-99.8,-99.8,-99.8
2023-11-16 14:00:00,-9999.1,-99.8,-99.8,5.2,275.0,8.9,272.0,-999.1,-99.8,-99.8,-99.8,-99.8,-99.8,-99.8,-99.8
2023-11-16 15:00:00,-9999.1,-99.8,-99.8,5.0,274.0,9.4,258.0,-999.1,-99.8,-99.8,-99.8,-99.8,-99.8,-99.8,-99.8
2023-11-16 16:00:00,-9999.1,-99.8,-99.8,4.8,278.0,9.0,269.0,-999.1,-99.8,-99.8,-99.8,-99.8,-99.8,-99.8,-99.8
2023-11-16 17:00:00,-9999.1,-99.8,-99.8,4.5,280.0,7.9,276.0,-999.1,-99.8,-99.8,-99.8,-99.8,-99.8,-99.8,-99.8
2023-11-16 18:00:00,-9999.1,-99.8,-99.8,4.1,274.0,7.2,266.0,-999.1,-99.8,-99.8,-99.8,-99.8,-99.8,-99.8,-99.8
2023-11-16 19:00:00,-9999.1,-99.8,-99.8,5.0,272.0,9.7,262.0,-999.1,-99.8,-99.8,-99.8,-99.8,-99.8,-99.8,-99.8
2023-11-16 20:00:00,-9999.1,-99.8,-99.8,5.3,269.0,9.5,264.0,-999.1,-99.8,-99.8,-99.8,-99.8,-99.8,-99.8,-99.8
2023-11-16 21:00:00,-9999.1,-99.8,-99.8,6.1,269.0,12.0,260.0,-999.1,-99.8,-99.8,-99.8,-99.8,-99.8,-99.8,-99.8
2023-11-16 22:00:00,-9999.1,-99.8,-99.8,7.0,271.0,11.5,258.0,-999.1,-99.8,-99.8,-99.8,-99.8,-99.8,-99.8,-99.8
2023-11-16 23:00:00,-9999.1,-99.8,-99.8,6.7,274.0,11.8,279.0,-999.1,-99.8,-99.8,-99.8,-99.8,-99.8,-99.8,-99.8
2023-11-17 00:00:00,-9999.1,-99.8,-99.8,6.8,273.0,11.7,282.0,-999.1,-99.8,-99.8,-99.8,-99.8,-99.8,-99.8,-99.8
2023-11-17 01:00:00,-9999.1,-99.8,-99.8,7.2,276.0,13.1,286.0,-999.1,-99.8,-99.8,-99.8,-99.8,-99.8,-99.8,-99.8
2023-11-17 02:00:00,-9999.1,-99.8,-99.8,7.3,274.0,13.6,259.0,-999.1,-99.8,-99.8,-99.8,-99.8,-99.8,-99.8,-99.8
2023-11-17 03:00:00,-9999.1,-99.8,-99.8,8.3,274.0,14.2,282.0,-999.1,-99.8,-99.8,-99.8,-99.8,-99.8,-99.8,-99.8
2023-11-17 04:00:00,-9999.1,-99.8,-99.8,8.9,275.0,16.2,279.0,-999.1,-99.8,-99.8,-99.8,-99.8,-99.8,-99.8,-99.8
2023-11-17 05:00:00,-9999.1,-99.8,-99.8,8.5,269.0,15.8,276.0,-999.1,-99.8,-99.8,-99.8,-99.8,-99.8,-99.8,-99.8
2023-11-17 06:00:00,-9999.1,-99.8,-99.8,9.3,271.0,16.3,280.0,-999.1,-99.8,-99.8,-99.8,-99.8,-99.8,-99.8,-99.8
2023-11-17 07:00:00,-9999.1,-99.8,-99.8,8.7,273.0,16.9,262.0,-999.1,-99.8,-99.8,-99.8,-99.8,-99.8,-99.8,-99.8
2023-11-17 08:00:00,-9999.1,-99.8,-99.8,7.7,269.0,17.3,271.0,-999.1,-99.8,-99.8,-99.8,-99.8,-99.8,-99.8,-99.8
2023-11-17 09:00:00,-9999.1,-99.8,-99.8,7.5,280.0,13.8,276.0,-999.1,-99.8,-99.8,-99.8,-99.8,-99.8,-99.8,-99.8
2023-11-17 10:00:00,-9999.1,-99.8,-99.8,7.6,283.0,14.4,284.0,-999.1,-99.8,-99.8,-99.8,-99.8,-99.8,-99.8,-99.8
2023-11-17 11:00:00,-9999.1,-99.8,-99.8,8.0,284.0,13.6,284.0,-999.1,-99.8,-99.8,-99.8,-99.8,-99.8,-99.8,-99.8
2023-11-17 12:00:00,-9999.1,-99.8,-99.8,6.9,265.0,14.8,284.0,-999.1,-99.8,-99.8,-99.8,-99.8,-99.8,-99.8,-99.8
2023-11-17 13:00:00,-9999.1,-99.8,-99.8,8.3,278.0,16.9,278.0,-999.1,-99.8,-99.8,-99.8,-99.8,-99.8,-99.8,-99.8
2023-11-17 14:00:00,-9999.1,-99.8,-99.8,7.8,279.0,15.3,281.0,-999.1,-99.8,-99.8,-99.8,-99.8,-99.8,-99.8,-99.8
2023-11-17 15:00:00,-9999.1,-99.8,-99.8,8.2,279.0,14.9,284.0,-999.1,-99.8,-99.8,-99.8,-99.8,-99.8,-99.8,-99.8
2023-11-17 16:00:00,-9999.1,-99.8,-99.8,7.6,283.0,13.1,282.0,-999.1,-99.8,-99.8,-99.8,-99.8,-99.8,-99.8,-99.8
2023-11-17 17:00:00,-9999.1,-99.8,-99.8,10.4,284.0,14.9,286.0,-999.1,-99.8,-99.8,-99.8,-99.8,-99.8,-99.8,-99.8
2023-11-17 18:00:00,-9999.1,-99.8,-99.8,8.4,282.0,15.5,288.0,-999.1,-99.8,-99.8,-99.8,-99.8,-99.8,-99.8,-99.8
2023-11-17 19:00:00,-9999.1,-99.8,-99.8,7.4,280.0,13.0,289.0,-999.1,-99.8,-99.8,-99.8,-99.8,-99.8,-99.8,-99.8
2023-11-17 20:00:00,-9999.1,-99.8,-99.8,6.8,288.0,11.9,282.0,-999.1,-99.8,-99.8,-99.8,-99.8,-99.8,-99.8,-99.8
2023-11-17 21:00:00,-9999.1,-99.8,-99.8,7.8,290.0,13.9,299.0,-999.1,-99.8,-99.8,-99.8,-99.8,-99.8,-99.8,-99.8
2023-11-17 22:00:00,-9999.1,-99.8,-99.8,7.1,284.0,13.0,300.0,-999.1,-99.8,-99.8,-99.8,-99.8,-99.8,-99.8,-99.8
2023-11-17 23:00:00,-9999.1,-99.8,-99.8,6.4,284.0,11.2,280.0,-999.1,-99.8,-99.8,-99.8,-99.8,-99.8,-99.8,-99.8
2023-11-18 00:00:00,-9999.1,-99.8,-99.8,6.2,290.0,10.4,290.0,-999.1,-99.8,-99.8,-99.8,-99.8,-99.8,-99.8,-99.8
2023-11-18 01:00:00,-9999.1,-99.8,-99.8,5.9,283.0,10.4,295.0,-999.1,-99.8,-99.8,-99.8,-99.8,-99.8,-99.8,-99.8
2023-11-18 02:00:00,-9999.1,-99.8,-99.8,6.1,283.0,10.9,294.0,-999.1,-99.8,-99.8,-99.8,-99.8,-99.8,-99.8,-99.8
2023-11-18 03:00:00,-9999.1,-99.8,-99.8,6.1,284.0,10.7,291.0,-999.1,-99.8,-99.8,-99.8,-99.8,-99.8,-99.8,-99.8
2023-11-18 04:00:00,-9999.1,-99.8,-99.8,7.8,287.0,11.7,303.0,-999.1,-99.8,-99.8,-99.8,-99.8,-99.8,-99.8,-99.8
2023-11-18 05:00:00,-9999.1,-99.8,-99.8,7.5,291.0,13.3,291.0,-999.1,-99.8,-99.8,-99.8,-99.8,-99.8,-99.8,-99.8
2023-11-18 06:00:00,-9999.1,-99.8,-99.8,7.2,289.0,10.6,287.0,-999.1,-99.8,-99.8,-99.8,-99.8,-99.8,-99.8,-99.8
2023-11-18 07:00:00,-9999.1,-99.8,-99.8,6.6,292.0,10.0,286.0,-999.1,-99.8,-99.8,-99.8,-99.8,-99.8,-99.8,-99.8
2023-11-18 08:00:00,-9999.1,-99.8,-99.8,3.8,281.0,8.1,290.0,-999.1,-99.8,-99.8,-99.8,-99.8,-99.8,-99.8,-99.8
2023-11-18 09:00:00,-9999.1,-99.8,-99.8,3.6,286.0,7.1,286.0,-999.1,-99.8,-99.8,-99.8,-99.8,-99.8,-99.8,-99.8
2023-11-18 10:00:00,-9999.1,-99.8,-99.8,4.4,281.0,6.3,284.0,-999.1,-99.8,-99.8,-99.8,-99.8,-99.8,-99.8,-99.8
2023-11-18 11:00:00,-9999.1,-99.8,-99.8,5.8,289.0,9.7,287.0,-999.1,-99.8,-99.8,-99.8,-99.8,-99.8,-99.8,-99.8
2023-11-18 12:00:00,-9999.1,-99.8,-99.8,5.4,285.0,10.2,285.0,-999.1,-99.8,-99.8,-99.8,-99.8,-99.8,-99.8,-99.8
2023-11-18 13:00:00,-9999.1,-99.8,-99.8,5.9,285.0,10.7,287.0,-999.1,-99.8,-99.8,-99.8,-99.8,-99.8,-99.8,-99.8
2023-11-18 14:00:00,-9999.1,-99.8,-99.8,5.2,285.0,10.2,292.0,-999.1,-99.8,-99.8,-99.8,-99.8,-99.8,-99.8,-99.8
2023-11-18 15:00:00,-9999.1,-99.8,-99.8,5.9,283.0,10.3,292.0,-999.1,-99.8,-99.8,-99.8,-99.8,-99.8,-99.8,-99.8
2023-11-18 16:00:00,-9999.1,-99.8,-99.8,6.0,284.0,9.9,306.0,-999.1,-99.8,-99.8,-99.8,-99.8,-99.8,-99.8,-99.8
2023-11-18 17:00:00,-9999.1,-99.8,-99.8,10.3,303.0,14.1,303.0,-999.1,-99.8,-99.8,-99.8,-99.8,-99.8,-99.8,-99.8
2023-11-18 18:00:00,-9999.1,-99.8,-99.8,9.3,294.0,13.5,303.0,-999.1,-99.8,-99.8,-99.8,-99.8,-99.8,-99.8,-99.8
2023-11-18 19:00:00,-9999.1,-99.8,-99.8,4.6,285.0,12.7,297.0,-999.1,-99.8,-99.8,-99.8,-99.8,-99.8,-99.8,-99.8
2023-11-18 20:00:00,-9999.1,-99.8,-99.8,6.1,303.0,9.6,299.0,-999.1,-99.8,-99.8,-99.8,-99.8,-99.8,-99.8,-99.8
2023-11-18 21:00:00,-9999.1,-99.8,-99.8,5.6,297.0,9.9,303.0,-999.1,-99.8,-99.8,-99.8,-99.8,-99.8,-99.8,-99.8
2023-11-18 22:00:00,-9999.1,-99.8,-99.8,7.0,301.0,10.1,314.0,-999.1,-99.8,-99.8,-99.8,-99.8,-99.8,-99.8,-99.8
2023-11-18 23:00:00,-9999.1,-99.8,-99.8,3.3,305.0,9.3,304.0,-999.1,-99.8,-99.8,-99.8,-99.8,-99.8,-99.8,-99.8
2023-11-19 00:00:00,-9999.1,-99.8,-99.8,3.3,291.0,5.5,301.0,-999.1,-99.8,-99.8,-99.8,-99.8,-99.8,-99.8,-99.8
2023-11-19 01:00:00,-9999.1,-99.8,-99.8,3.9,305.0,7.2,300.0,-999.1,-99.8,-99.8,-99.8,-99.8,-99.8,-99.8,-99.8
2023-11-19 02:00:00,-9999.1,-99.8,-99.8,2.1,315.0,6.6,323.0,-999.1,-99.8,-99.8,-99.8,-99.8,-99.8,-99.8,-99.8
2023-11-19 03:00:00,-9999.1,-99.8,-99.8,2.6,296.0,6.0,308.0,-999.1,-99.8,-99.8,-99.8,-99.8,-99.8,-99.8,-99.8
2023-11-19 04:00:00,-9999.1,-99.8,-99.8,2.8,311.0,5.1,295.0,-999.1,-99.8,-99.8,-99.8,-99.8,-99.8,-99.8,-99.8
2023-11-19 05:00:00,-9999.1,-99.8,-99.8,4.1,295.0,6.2,288.0,-999.1,-99.8,-99.8,-99.8,-99.8,-99.8,-99.8,-99.8
2023-11-19 06:00:00,-9999.1,-99.8,-99.8,3.5,319.0,6.0,319.0,-999.1,-99.8,-99.8,-99.8,-99.8,-99.8,-99.8,-99.8
2023-11-19 07:00:00,-9999.1,-99.8,-99.8,4.4,292.0,6.9,302.0,-999.1,-99.8,-99.8,-99.8,-99.8,-99.8,-99.8,-99.8
2023-11-19 08:00:00,-9999.1,-99.8,-99.8,2.7,324.0,5.6,320.0,-999.1,-99.8,-99.8,-99.8,-99.8,-99.8,-99.8,-99.8
2023-11-19 09:00:00,-9999.1,-99.8,-99.8,2.5,269.0,6.8,305.0,-999.1,-99.8,-99.8,-99.8,-99.8,-99.8,-99.8,-99.8
2023-11-19 10:00:00,-9999.1,-99.8,-99.8,5.0,287.0,8.5,304.0,-999.1,-99.8,-99.8,-99.8,-99.8,-99.8,-99.8,-99.8
2023-11-19 11:00:00,-9999.1,-99.8,-99.8,1.9,275.0,9.4,305.0,-999.1,-99.8,-99.8,-99.8,-99.8,-99.8,-99.8,-99.8
2023-11-19 12:00:00,-9999.1,-99.8,-99.8,3.2,285.0,5.3,285.0,-999.1,-99.8,-99.8,-99.8,-99.8,-99.8,-99.8,-99.8
2023-11-19 13:00:00,-9999.1,-99.8,-99.8,3.6,288.0,7.6,294.0,-999.1,-99.8,-99.8,-99.8,-99.8,-99.8,-99.8,-99.8
2023-11-19 14:00:00,-9999.1,-99.8,-99.8,3.7,287.0,6.2,289.0,-999.1,-99.8,-99.8,-99.8,-99.8,-99.8,-99.8,-99.8
2023-11-19 15:00:00,-9999.1,-99.8,-99.8,5.3,284.0,8.7,290.0,-999.1,-99.8,-99.8,-99.8,-99.8,-99.8,-99.8,-99.8
2023-11-19 16:00:00,-9999.1,-99.8,-99.8,4.5,279.0,8.8,294.0,-999.1,-99.8,-99.8,-99.8,-99.8,-99.8,-99.8,-99.8
2023-11-19 17:00:00,-9999.1,-99.8,-99.8,5.3,299.0,7.7,301.0,-999.1,-99.8,-99.8,-99.8,-99.8,-99.8,-99.8,-99.8
2023-11-19 18:00:00,-9999.1,-99.8,-99.8,3.8,308.0,8.2,305.0,-999.1,-99.8,-99.8,-99.8,-99.8,-99.8,-99.8,-99.8
2023-11-19 19:00:00,-9999.1,-99.8,-99.8,3.9,322.0,8.1,329.0,-999.1,-99.8,-99.8,-99.8,-99.8,-99.8,-99.8,-99.8
2023-11-19 20:00:00,-9999.1,-99.8,-99.8,1.4,306.0,6.1,307.0,-999.1,-99.8,-99.8,-99.8,-99.8,-99.8,-99.8,-99.8
2023-11-19 21:00:00,-9999.1,-99.8,-99.8,1.7,338.0,4.1,314.0,-999.1,-99.8,-99.8,-99.8,-99.8,-99.8,-99.8,-99.8
2023-11-19 22:00:00,-9999.1,-99.8,-99.8,2.1,301.0,4.3,300.0,-999.1,-99.8,-99.8,-99.8,-99.8,-99.8,-99.8,-99.8
2023-11-19 23:00:00,-9999.1,-99.8,-99.8,3.2,294.0,4.9,304.0,-999.1,-99.8,-99.8,-99.8,-99.8,-99.8,-99.8,-99.8
2023-11-20 00:00:00,-9999.1,-99.8,-99.8,1.6,311.0,4.4,297.0,-999.1,-99.8,-99.8,-99.8,-99.8,-99.8,-99.8,-99.8
2023-11-20 01:00:00,-9999.1,-99.8,-99.8,3.1,297.0,5.4,302.0,-999.1,-99.8,-99.8,-99.8,-99.8,-99.8,-99.8,-99.8
2023-11-20 02:00:00,-9999.1,-99.8,-99.8,2.6,300.0,4.6,302.0,-999.1,-99.8,-99.8,-99.8,-99.8,-99.8,-99.8,-99.8
2023-11-20 03:00:00,-9999.1,-99.8,-99.8,4.3,301.0,6.9,309.0,-999.1,-99.8,-99.8,-99.8,-99.8,-99.8,-99.8,-99.8
2023-11-20 04:00:00,-9999.1,-99.8,-99.8,3.4,296.0,5.9,304.0,-999.1,-99.8,-99.8,-99.8,-99.8,-99.8,-99.8,-99.8
2023-11-20 05:00:00,-9999.1,-99.8,-99.8,3.3,297.0,6.2,289.0,-999.1,-99.8,-99.8,-99.8,-99.8,-99.8,-99.8,-99.8
2023-11-20 06:00:00,-9999.1,-99.8,-99.8,2.7,282.0,4.7,298.0,-999.1,-99.8,-99.8,-99.8,-99.8,-99.8,-99.8,-99.8
2023-11-20 07:00:00,-9999.1,-99.8,-99.8,1.9,279.0,3.9,282.0,-999.1,-99.8,-99.8,-99.8,-99.8,-99.8,-99.8,-99.8
2023-11-20 08:00:00,-9999.1,-99.8,-99.8,1.3,246.0,4.1,284.0,-999.1,-99.8,-99.8,-99.8,-99.8,-99.8,-99.8,-99.8
2023-11-20 09:00:00,-9999.1,-99.8,-99.8,2.5,282.0,4.0,287.0,-999.1,-99.8,-99.8,-99.8,-99.8,-99.8,-99.8,-99.8
2023-11-20 10:00:00,-9999.1,-99.8,-99.8,2.3,286.0,4.2,295.0,-999.1,-99.8,-99.8,-99.8,-99.8,-99.8,-99.8,-99.8
2023-11-20 11:00:00,-9999.1,-99.8,-99.8,2.5,273.0,4.6,256.0,-999.1,-99.8,-99.8,-99.8,-99.8,-99.8,-99.8,-99.8
2023-11-20 12:00:00,-9999.1,-99.8,-99.8,1.6,261.0,4.2,264.0,-999.1,-99.8,-99.8,-99.8,-99.8,-99.8,-99.8,-99.8
2023-11-20 13:00:00,-9999.1,-99.8,-99.8,1.5,244.0,4.0,253.0,-999.1,-99.8,-99.8,-99.8,-99.8,-99.8,-99.8,-99.8
2023-11-20 14:00:00,-9999.1,-99.8,-99.8,1.6,255.0,4.1,262.0,-999.1,-99.8,-99.8,-99.8,-99.8,-99.8,-99.8,-99.8
2023-11-20 15:00:00,-9999.1,-99.8,-99.8,3.0,278.0,5.9,282.0,-999.1,-99.8,-99.8,-99.8,-99.8,-99.8,-99.8,-99.8
2023-11-20 16:00:00,-9999.1,-99.8,-99.8,1.9,260.0,5.6,255.0,-999.1,-99.8,-99.8,-99.8,-99.8,-99.8,-99.8,-99.8
2023-11-20 17:00:00,-9999.1,-99.8,-99.8,2.0,262.0,4.2,258.0,-999.1,-99.8,-99.8,-99.8,-99.8,-99.8,-99.8,-99.8
2023-11-20 18:00:00,-9999.1,-99.8,-99.8,2.9,267.0,5.6,259.0,-999.1,-99.8,-99.8,-99.8,-99.8,-99.8,-99.8,-99.8
2023-11-20 19:00:00,-9999.1,-99.8,-99.8,2.6,276.0,4.2,282.0,-999.1,-99.8,-99.8,-99.8,-99.8,-99.8,-99.8,-99.8
2023-11-20 20:00:00,-9999.1,-99.8,-99.8,3.2,280.0,4.9,255.0,-999.1,-99.8,-99.8,-99.8,-99.8,-99.8,-99.8,-99.8
2023-11-20 21:00:00,-9999.1,-99.8,-99.8,2.7,274.0,5.2,286.0,-999.1,-99.8,-99.8,-99.8,-99.8,-99.8,-99.8,-99.8
2023-11-20 22:00:00,-9999.1,-99.8,-99.8,1.5,246.0,5.6,284.0,-999.1,-99.8,-99.8,-99.8,-99.8,-99.8,-99.8,-99.8
2023-11-20 23:00:00,-9999.1,-99.8,-99.8,3.8,281.0,6.4,287.0,-999.1,-99.8,-99.8,-99.8,-99.8,-99.8,-99.8,-99.8
2023-11-21 00:00:00,-9999.1,-99.8,-99.8,4.1,278.0,6.5,289.0,-999.1,-99.8,-99.8,-99.8,-99.8,-99.8,-99.8,-99.8
2023-11-21 01:00:00,-9999.1,-99.8,-99.8,4.4,277.0,7.8,284.0,-999.1,-99.8,-99.8,-99.8,-99.8,-99.8,-99.8,-99.8
2023-11-21 02:00:00,-9999.1,-99.8,-99.8,5.0,283.0,8.2,253.0,-999.1,-99.8,-99.8,-99.8,-99.8,-99.8,-99.8,-99.8
2023-11-21 03:00:00,-9999.1,-99.8,-99.8,5.1,282.0,8.4,288.0,-999.1,-99.8,-99.8,-99.8,-99.8,-99.8,-99.8,-99.8
2023-11-21 04:00:00,-9999.1,-99.8,-99.8,5.6,285.0,8.5,288.0,-999.1,-99.8,-99.8,-99.8,-99.8,-99.8,-99.8,-99.8
2023-11-21 05:00:00,-9999.1,-99.8,-99.8,7.5,300.0,10.8,305.0,-999.1,-99.8,-99.8,-99.8,-99.8,-99.8,-99.8,-99.8
2023-11-21 06:00:00,-9999.1,-99.8,-99.8,7.6,300.0,10.1,301.0,-999.1,-99.8,-99.8,-99.8,-99.8,-99.8,-99.8,-99.8
2023-11-21 07:00:00,-9999.1,-99.8,-99.8,7.8,300.0,12.2,288.0,-999.1,-99.8,-99.8,-99.8,-99.8,-99.8,-99.8,-99.8
2023-11-21 08:00:00,-9999.1,-99.8,-99.8,4.3,287.0,9.3,299.0,-999.1,-99.8,-99.8,-99.8,-99.8,-99.8,-99.8,-99.8
2023-11-21 09:00:00,-9999.1,-99.8,-99.8,4.6,295.0,7.1,317.0,-999.1,-99.8,-99.8,-99.8,-99.8,-99.8,-99.8,-99.8
2023-11-21 10:00:00,-9999.1,-99.8,-99.8,5.4,288.0,11.2,293.0,-999.1,-99.8,-99.8,-99.8,-99.8,-99.8,-99.8,-99.8
2023-11-21 11:00:00,-9999.1,-99.8,-99.8,5.1,289.0,7.7,281.0,-999.1,-99.8,-99.8,-99.8,-99.8,-99.8,-99.8,-99.8
2023-11-21 12:00:00,-9999.1,-99.8,-99.8,4.4,277.0,9.8,278.0,-999.1,-99.8,-99.8,-99.8,-99.8,-99.8,-99.8,-99.8
2023-11-21 13:00:00,-9999.1,-99.8,-99.8,4.3,278.0,8.9,287.0,-999.1,-99.8,-99.8,-99.8,-99.8,-99.8,-99.8,-99.8
2023-11-21 14:00:00,-9999.1,-99.8,-99.8,4.4,277.0,8.2,287.0,-999.1,-99.8,-99.8,-99.8,-99.8,-99.8,-99.8,-99.8
2023-11-21 15:00:00,-9999.1,-99.8,-99.8,5.1,281.0,9.8,289.0,-999.1,-99.8,-99.8,-99.8,-99.8,-99.8,-99.8,-99.8
2023-11-21 16:00:00,-9999.1,-99.8,-99.8,4.4,278.0,7.7,290.0,-999.1,-99.8,-99.8,-99.8,-99.8,-99.8,-99.8,-99.8
2023-11-21 17:00:00,-9999.1,-99.8,-99.8,3.5,284.0,6.8,286.0,-999.1,-99.8,-99.8,-99.8,-99.8,-99.8,-99.8,-99.8
2023-11-21 18:00:00,-9999.1,-99.8,-99.8,4.4,286.0,7.1,287.0,-999.1,-99.8,-99.8,-99.8,-99.8,-99.8,-99.8,-99.8
2023-11-21 19:00:00,-9999.1,-99.8,-99.8,3.4,271.0,6.1,286.0,-999.1,-99.8,-99.8,-99.8,-99.8,-99.8,-99.8,-99.8
2023-11-21 20:00:00,-9999.1,-99.8,-99.8,3.1,267.0,5.7,283.0,-999.1,-99.8,-99.8,-99.8,-99.8,-99.8,-99.8,-99.8
2023-11-21 21:00:00,-9999.1,-99.8,-99.8,2.1,226.0,6.0,253.0,-999.1,-99.8,-99.8,-99.8,-99.8,-99.8,-99.8,-99.8
2023-11-21 22:00:00,-9999.1,-99.8,-99.8,1.1,140.0,4.1,212.0,-999.1,-99.8,-99.8,-99.8,-99.8,-99.8,-99.8,-99.8
2023-11-21 23:00:00,-9999.1,-99.8,-99.8,1.2,102.0,4.4,113.0,-999.1,-99.8,-99.8,-99.8,-99.8,-99.8,-99.8,-99.8
2023-11-22 00:00:00,-9999.1,-99.8,-99.8,3.1,232.0,4.8,226.0,-999.1,-99.8,-99.8,-99.8,-99.8,-99.8,-99.8,-99.8
2023-11-22 01:00:00,-9999.1,-99.8,-99.8,3.9,269.0,6.5,252.0,-999.1,-99.8,-99.8,-99.8,-99.8,-99.8,-99.8,-99.8
2023-11-22 02:00:00,-9999.1,-99.8,-99.8,6.1,283.0,9.2,289.0,-999.1,-99.8,-99.8,-99.8,-99.8,-99.8,-99.8,-99.8
2023-11-22 03:00:00,-9999.1,-99.8,-99.8,7.5,288.0,9.7,288.0,-999.1,-99.8,-99.8,-99.8,-99.8,-99.8,-99.8,-99.8
2023-11-22 04:00:00,-9999.1,-99.8,-99.8,6.5,285.0,10.0,283.0,-999.1,-99.8,-99.8,-99.8,-99.8,-99.8,-99.8,-99.8
2023-11-22 05:00:00,-9999.1,-99.8,-99.8,6.7,286.0,9.0,285.0,-999.1,-99.8,-99.8,-99.8,-99.8,-99.8,-99.8,-99.8
2023-11-22 06:00:00,-9999.1,-99.8,-99.8,7.2,291.0,10.1,304.0,-999.1,-99.8,-99.8,-99.8,-99.8,-99.8,-99.8,-99.8
2023-11-22 07:00:00,-9999.1,-99.8,-99.8,7.2,301.0,10.9,303.0,-999.1,-99.8,-99.8,-99.8,-99.8,-99.8,-99.8,-99.8
2023-11-22 08:00:00,-9999.1,-99.8,-99.8,7.8,290.0,12.2,291.0,-999.1,-99.8,-99.8,-99.8,-99.8,-99.8,-99.8,-99.8
2023-11-22 09:00:00,-9999.1,-99.8,-99.8,2.3,285.0,10.2,282.0,-999.1,-99.8,-99.8,-99.8,-99.8,-99.8,-99.8,-99.8
2023-11-22 10:00:00,-9999.1,-99.8,-99.8,2.9,293.0,4.5,261.0,-999.1,-99.8,-99.8,-99.8,-99.8,-99.8,-99.8,-99.8
2023-11-22 11:00:00,-9999.1,-99.8,-99.8,2.0,282.0,5.5,288.0,-999.1,-99.8,-99.8,-99.8,-99.8,-99.8,-99.8,-99.8
2023-11-22 12:00:00,-9999.1,-99.8,-99.8,1.5,259.0,3.8,256.0,-999.1,-99.8,-99.8,-99.8,-99.8,-99.8,-99.8,-99.8
2023-11-22 13:00:00,-9999.1,-99.8,-99.8,2.5,289.0,4.7,283.0,-999.1,-99.8,-99.8,-99.8,-99.8,-99.8,-99.8,-99.8
2023-11-22 14:00:00,-9999.1,-99.8,-99.8,4.0,291.0,6.3,287.0,-999.1,-99.8,-99.8,-99.8,-99.8,-99.8,-99.8,-99.8
2023-11-22 15:00:00,-9999.1,-99.8,-99.8,4.7,293.0,6.5,277.0,-999.1,-99.8,-99.8,-99.8,-99.8,-99.8,-99.8,-99.8
2023-11-22 16:00:00,-9999.1,-99.8,-99.8,3.4,289.0,6.7,285.0,-999.1,-99.8,-99.8,-99.8,-99.8,-99.8,-99.8,-99.8
2023-11-22 17:00:00,-9999.1,-99.8,-99.8,2.8,289.0,5.5,290.0,-999.1,-99.8,-99.8,-99.8,-99.8,-99.8,-99.8,-99.8
2023-11-22 18:00:00,-9999.1,-99.8,-99.8,2.1,309.0,4.6,294.0,-999.1,-99.8,-99.8,-99.8,-99.8,-99.8,-99.8,-99.8
2023-11-22 19:00:00,-9999.1,-99.8,-99.8,0.8,99.0,5.4,308.0,-999.1,-99.8,-99.8,-99.8,-99.8,-99.8,-99.8,-99.8
2023-11-22 20:00:00,-9999.1,-99.8,-99.8,1.2,108.0,4.7,118.0,-999.1,-99.8,-99.8,-99.8,-99.8,-99.8,-99.8,-99.8
2023-11-22 21:00:00,-9999.1,-99.8,-99.8,2.2,267.0,3.2,261.0,-999.1,-99.8,-99.8,-99.8,-99.8,-99.8,-99.8,-99.8
2023-11-22 22:00:00,-9999.1,-99.8,-99.8,4.1,288.0,7.2,286.0,-999.1,-99.8,-99.8,-99.8,-99.8,-99.8,-99.8,-99.8
2023-11-22 23:00:00,-9999.1,-99.8,-99.8,3.1,274.0,7.2,288.0,-999.1,-99.8,-99.8,-99.8,-99.8,-99.8,-99.8,-99.8
2023-11-23 00:00:00,-9999.1,-99.8,-99.8,3.4,303.0,5.0,288.0,-999.1,-99.8,-99.8,-99.8,-99.8,-99.8,-99.8,-99.8
2023-11-23 01:00:00,-9999.1,-99.8,-99.8,4.9,287.0,6.5,291.0,-999.1,-99.8,-99.8,-99.8,-99.8,-99.8,-99.8,-99.8
2023-11-23 02:00:00,-9999.1,-99.8,-99.8,6.6,288.0,10.2,302.0,-999.1,-99.8,-99.8,-99.8,-99.8,-99.8,-99.8,-99.8
2023-11-23 03:00:00,-9999.1,-99.8,-99.8,8.5,291.0,12.4,288.0,-999.1,-99.8,-99.8,-99.8,-99.8,-99.8,-99.8,-99.8
2023-11-23 04:00:00,-9999.1,-99.8,-99.8,7.2,292.0,12.5,306.0,-999.1,-99.8,-99.8,-99.8,-99.8,-99.8,-99.8,-99.8
2023-11-23 05:00:00,-9999.1,-99.8,-99.8,6.7,286.0,9.3,289.0,-999.1,-99.8,-99.8,-99.8,-99.8,-99.8,-99.8,-99.8
2023-11-23 06:00:00,-9999.1,-99.8,-99.8,6.4,288.0,9.8,289.0,-999.1,-99.8,-99.8,-99.8,-99.8,-99.8,-99.8,-99.8
2023-11-23 07:00:00,-9999.1,-99.8,-99.8,4.6,298.0,7.4,291.0,-999.1,-99.8,-99.8,-99.8,-99.8,-99.8,-99.8,-99.8
2023-11-23 08:00:00,-9999.1,-99.8,-99.8,2.2,279.0,5.3,300.0,-999.1,-99.8,-99.8,-99.8,-99.8,-99.8,-99.8,-99.8
2023-11-23 09:00:00,-9999.1,-99.8,-99.8,3.6,294.0,6.0,284.0,-999.1,-99.8,-99.8,-99.8,-99.8,-99.8,-99.8,-99.8
2023-11-23 10:00:00,-9999.1,-99.8,-99.8,2.2,289.0,6.5,293.0,-999.1,-99.8,-99.8,-99.8,-99.8,-99.8,-99.8,-99.8
2023-11-23 11:00:00,-9999.1,-99.8,-99.8,2.1,291.0,4.1,287.0,-999.1,-99.8,-99.8,-99.8,-99.8,-99.8,-99.8,-99.8
2023-11-23 12:00:00,-9999.1,-99.8,-99.8,2.7,291.0,4.1,272.0,-999.1,-99.8,-99.8,-99.8,-99.8,-99.8,-99.8,-99.8
2023-11-23 13:00:00,-9999.1,-99.8,-99.8,3.7,296.0,5.0,288.0,-999.1,-99.8,-99.8,-99.8,-99.8,-99.8,-99.8,-99.8
2023-11-23 14:00:00,-9999.1,-99.8,-99.8,3.7,293.0,5.5,298.0,-999.1,-99.8,-99.8,-99.8,-99.8,-99.8,-99.8,-99.8
2023-11-23 15:00:00,-9999.1,-99.8,-99.8,4.4,287.0,6.2,288.0,-999.1,-99.8,-99.8,-99.8,-99.8,-99.8,-99.8,-99.8
2023-11-23 16:00:00,-9999.1,-99.8,-99.8,4.6,291.0,7.2,288.0,-999.1,-99.8,-99.8,-99.8,-99.8,-99.8,-99.8,-99.8
2023-11-23 17:00:00,-9999.1,-99.8,-99.8,5.6,290.0,8.3,295.0,-999.1,-99.8,-99.8,-99.8,-99.8,-99.8,-99.8,-99.8
2023-11-23 18:00:00,-9999.1,-99.8,-99.8,7.3,292.0,9.7,293.0,-999.1,-99.8,-99.8,-99.8,-99.8,-99.8,-99.8,-99.8
2023-11-23 19:00:00,-9999.1,-99.8,-99.8,5.3,287.0,9.0,280.0,-999.1,-99.8,-99.8,-99.8,-99.8,-99.8,-99.8,-99.8
2023-11-23 20:00:00,-9999.1,-99.8,-99.8,5.7,294.0,8.0,302.0,-999.1,-99.8,-99.8,-99.8,-99.8,-99.8,-99.8,-99.8
2023-11-23 21:00:00,-9999.1,-99.8,-99.8,6.1,290.0,8.3,286.0,-999.1,-99.8,-99.8,-99.8,-99.8,-99.8,-99.8,-99.8
2023-11-23 22:00:00,-9999.1,-99.8,-99.8,5.2,285.0,8.1,287.0,-999.1,-99.8,-99.8,-99.8,-99.8,-99.8,-99.8,-99.8
2023-11-23 23:00:00,-9999.1,-99.8,-99.8,5.2,287.0,7.6,288.0,-999.1,-99.8,-99.8,-99.8,-99.8,-99.8,-99.8,-99.8
2023-11-24 00:00:00,-9999.1,-99.8,-99.8,5.5,303.0,7.2,291.0,-999.1,-99.8,-99.8,-99.8,-99.8,-99.8,-99.8,-99.8
2023-11-24 01:00:00,-9999.1,-99.8,-99.8,5.8,297.0,7.6,289.0,-999.1,-99.8,-99.8,-99.8,-99.8,-99.8,-99.8,-99.8
2023-11-24 02:00:00,-9999.1,-99.8,-99.8,5.4,300.0,7.0,292.0,-999.1,-99.8,-99.8,-99.8,-99.8,-99.8,-99.8,-99.8
2023-11-24 03:00:00,-9999.1,-99.8,-99.8,5.1,286.0,6.4,289.0,-999.1,-99.8,-99.8,-99.8,-99.8,-99.8,-99.8,-99.8
2023-11-24 04:00:00,-9999.1,-99.8,-99.8,3.4,288.0,6.4,291.0,-999.1,-99.8,-99.8,-99.8,-99.8,-99.8,-99.8,-99.8
2023-11-24 05:00:00,-9999.1,-99.8,-99.8,4.6,283.0,7.5,290.0,-999.1,-99.8,-99.8,-99.8,-99.8,-99.8,-99.8,-99.8
2023-11-24 06:00:00,-9999.1,-99.8,-99.8,3.3,290.0,6.1,287.0,-999.1,-99.8,-99.8,-99.8,-99.8,-99.8,-99.8,-99.8
2023-11-24 07:00:00,-9999.1,-99.8,-99.8,3.6,286.0,6.7,299.0,-999.1,-99.8,-99.8,-99.8,-99.8,-99.8,-99.8,-99.8
2023-11-24 08:00:00,-9999.1,-99.8,-99.8,2.7,279.0,5.5,281.0,-999.1,-99.8,-99.8,-99.8,-99.8,-99.8,-99.8,-99.8
2023-11-24 09:00:00,-9999.1,-99.8,-99.8,1.8,274.0,4.2,288.0,-999.1,-99.8,-99.8,-99.8,-99.8,-99.8,-99.8,-99.8
2023-11-24 10:00:00,-9999.1,-99.8,-99.8,2.4,286.0,4.7,282.0,-999.1,-99.8,-99.8,-99.8,-99.8,-99.8,-99.8,-99.8
2023-11-24 11:00:00,-9999.1,-99.8,-99.8,2.4,283.0,5.3,294.0,-999.1,-99.8,-99.8,-99.8,-99.8,-99.8,-99.8,-99.8
2023-11-24 12:00:00,-9999.1,-99.8,-99.8,3.4,284.0,6.0,291.0,-999.1,-99.8,-99.8,-99.8,-99.8,-99.8,-99.8,-99.8
2023-11-24 13:00:00,-9999.1,-99.8,-99.8,3.9,281.0,7.3,291.0,-999.1,-99.8,-99.8,-99.8,-99.8,-99.8,-99.8,-99.8
2023-11-24 14:00:00,-9999.1,-99.8,-99.8,3.5,280.0,7.2,282.0,-999.1,-99.8,-99.8,-99.8,-99.8,-99.8,-99.8,-99.8
2023-11-24 15:00:00,-9999.1,-99.8,-99.8,3.8,286.0,6.6,287.0,-999.1,-99.8,-99.8,-99.8,-99.8,-99.8,-99.8,-99.8
2023-11-24 16:00:00,-9999.1,-99.8,-99.8,3.2,285.0,5.8,295.0,-999.1,-99.8,-99.8,-99.8,-99.8,-99.8,-99.8,-99.8
2023-11-24 17:00:00,-9999.1,-99.8,-99.8,2.9,280.0,5.1,281.0,-999.1,-99.8,-99.8,-99.8,-99.8,-99.8,-99.8,-99.8
2023-11-24 18:00:00,-9999.1,-99.8,-99.8,4.2,296.0,5.2,293.0,-999.1,-99.8,-99.8,-99.8,-99.8,-99.8,-99.8,-99.8
2023-11-24 19:00:00,-9999.1,-99.8,-99.8,3.9,306.0,5.8,298.0,-999.1,-99.8,-99.8,-99.8,-99.8,-99.8,-99.8,-99.8
2023-11-24 20:00:00,-9999.1,-99.8,-99.8,2.5,305.0,5.0,295.0,-999.1,-99.8,-99.8,-99.8,-99.8,-99.8,-99.8,-99.8
2023-11-24 21:00:00,-9999.1,-99.8,-99.8,2.9,85.0,4.1,349.0,-999.1,-99.8,-99.8,-99.8,-99.8,-99.8,-99.8,-99.8
2023-11-24 22:00:00,-9999.1,-99.8,-99.8,2.1,103.0,3.4,109.0,-999.1,-99.8,-99.8,-99.8,-99.8,-99.8,-99.8,-99.8
2023-11-24 23:00:00,-9999.1,-99.8,-99.8,1.0,138.0,4.7,106.0,-999.1,-99.8,-99.8,-99.8,-99.8,-99.8,-99.8,-99.8
2023-11-25 00:00:00,-9999.1,-99.8,-99.8,2.4,113.0,5.7,120.0,-999.1,-99.8,-99.8,-99.8,-99.8,-99.8,-99.8,-99.8
2023-11-25 01:00:00,-9999.1,-99.8,-99.8,2.4,110.0,4.2,117.0,-999.1,-99.8,-99.8,-99.8,-99.8,-99.8,-99.8,-99.8
2023-11-25 02:00:00,-9999.1,-99.8,-99.8,0.9,189.0,4.1,117.0,-999.1,-99.8,-99.8,-99.8,-99.8,-99.8,-99.8,-99.8
2023-11-25 03:00:00,-9999.1,-99.8,-99.8,1.9,123.0,4.2,115.0,-999.1,-99.8,-99.8,-99.8,-99.8,-99.8,-99.8,-99.8
2023-11-25 04:00:00,-9999.1,-99.8,-99.8,5.0,114.0,6.9,102.0,-999.1,-99.8,-99.8,-99.8,-99.8,-99.8,-99.8,-99.8
2023-11-25 05:00:00,-9999.1,-99.8,-99.8,5.9,110.0,7.6,103.0,-999.1,-99.8,-99.8,-99.8,-99.8,-99.8,-99.8,-99.8
2023-11-25 06:00:00,-9999.1,-99.8,-99.8,6.0,107.0,8.4,109.0,-999.1,-99.8,-99.8,-99.8,-99.8,-99.8,-99.8,-99.8
2023-11-25 07:00:00,-9999.1,-99.8,-99.8,4.4,107.0,7.5,105.0,-999.1,-99.8,-99.8,-99.8,-99.8,-99.8,-99.8,-99.8
2023-11-25 08:00:00,-9999.1,-99.8,-99.8,0.8,280.0,4.7,102.0,-999.1,-99.8,-99.8,-99.8,-99.8,-99.8,-99.8,-99.8
2023-11-25 09:00:00,-9999.1,-99.8,-99.8,0.7,304.0,3.0,147.0,-999.1,-99.8,-99.8,-99.8,-99.8,-99.8,-99.8,-99.8
2023-11-25 10:00:00,-9999.1,-99.8,-99.8,0.7,267.0,2.8,140.0,-999.1,-99.8,-99.8,-99.8,-99.8,-99.8,-99.8,-99.8
2023-11-25 11:00:00,-9999.1,-99.8,-99.8,1.1,293.0,3.2,248.0,-999.1,-99.8,-99.8,-99.8,-99.8,-99.8,-99.8,-99.8
2023-11-25 12:00:00,-9999.1,-99.8,-99.8,1.8,273.0,4.2,254.0,-999.1,-99.8,-99.8,-99.8,-99.8,-99.8,-99.8,-99.8
2023-11-25 13:00:00,-9999.1,-99.8,-99.8,1.9,284.0,3.8,253.0,-999.1,-99.8,-99.8,-99.8,-99.8,-99.8,-99.8,-99.8
2023-11-25 14:00:00,-9999.1,-99.8,-99.8,1.7,278.0,4.1,261.0,-999.1,-99.8,-99.8,-99.8,-99.8,-99.8,-99.8,-99.8
2023-11-25 15:00:00,-9999.1,-99.8,-99.8,0.7,245.0,4.0,292.0,-999.1,-99.8,-99.8,-99.8,-99.8,-99.8,-99.8,-99.8
2023-11-25 16:00:00,-9999.1,-99.8,-99.8,0.5,238.0,2.9,207.0,-999.1,-99.8,-99.8,-99.8,-99.8,-99.8,-99.8,-99.8
2023-11-25 17:00:00,-9999.1,-99.8,-99.8,1.6,285.0,3.2,279.0,-999.1,-99.8,-99.8,-99.8,-99.8,-99.8,-99.8,-99.8
2023-11-25 18:00:00,-9999.1,-99.8,-99.8,1.2,145.0,2.3,288.0,-999.1,-99.8,-99.8,-99.8,-99.8,-99.8,-99.8,-99.8
2023-11-25 19:00:00,-9999.1,-99.8,-99.8,3.8,113.0,4.8,112.0,-999.1,-99.8,-99.8,-99.8,-99.8,-99.8,-99.8,-99.8
2023-11-25 20:00:00,-9999.1,-99.8,-99.8,1.1,286.0,4.6,120.0,-999.1,-99.8,-99.8,-99.8,-99.8,-99.8,-99.8,-99.8
2023-11-25 21:00:00,-9999.1,-99.8,-99.8,1.9,228.0,3.7,260.0,-999.1,-99.8,-99.8,-99.8,-99.8,-99.8,-99.8,-99.8
2023-11-25 22:00:00,-9999.1,-99.8,-99.8,1.1,98.0,3.7,136.0,-999.1,-99.8,-99.8,-99.8,-99.8,-99.8,-99.8,-99.8
2023-11-25 23:00:00,-9999.1,-99.8,-99.8,1.6,263.0,3.5,235.0,-999.1,-99.8,-99.8,-99.8,-99.8,-99.8,-99.8,-99.8
2023-11-26 00:00:00,-9999.1,-99.8,-99.8,2.8,275.0,3.5,273.0,-999.1,-99.8,-99.8,-99.8,-99.8,-99.8,-99.8,-99.8
2023-11-26 01:00:00,-9999.1,-99.8,-99.8,3.1,273.0,5.2,255.0,-999.1,-99.8,-99.8,-99.8,-99.8,-99.8,-99.8,-99.8
2023-11-26 02:00:00,-9999.1,-99.8,-99.8,3.8,283.0,6.4,285.0,-999.1,-99.8,-99.8,-99.8,-99.8,-99.8,-99.8,-99.8
2023-11-26 03:00:00,-9999.1,-99.8,-99.8,4.7,282.0,7.7,263.0,-999.1,-99.8,-99.8,-99.8,-99.8,-99.8,-99.8,-99.8
2023-11-26 04:00:00,-9999.1,-99.8,-99.8,5.8,284.0,8.7,290.0,-999.1,-99.8,-99.8,-99.8,-99.8,-99.8,-99.8,-99.8
2023-11-26 05:00:00,-9999.1,-99.8,-99.8,5.9,285.0,9.9,290.0,-999.1,-99.8,-99.8,-99.8,-99.8,-99.8,-99.8,-99.8
2023-11-26 06:00:00,-9999.1,-99.8,-99.8,7.4,288.0,9.9,288.0,-999.1,-99.8,-99.8,-99.8,-99.8,-99.8,-99.8,-99.8
2023-11-26 07:00:00,-9999.1,-99.8,-99.8,6.2,286.0,10.2,291.0,-999.1,-99.8,-99.8,-99.8,-99.8,-99.8,-99.8,-99.8
2023-11-26 08:00:00,-9999.1,-99.8,-99.8,6.2,288.0,9.1,290.0,-999.1,-99.8,-99.8,-99.8,-99.8,-99.8,-99.8,-99.8
2023-11-26 09:00:00,-9999.1,-99.8,-99.8,6.0,284.0,8.7,287.0,-999.1,-99.8,-99.8,-99.8,-99.8,-99.8,-99.8,-99.8
2023-11-26 10:00:00,-9999.1,-99.8,-99.8,5.3,287.0,9.0,284.0,-999.1,-99.8,-99.8,-99.8,-99.8,-99.8,-99.8,-99.8
2023-11-26 11:00:00,-9999.1,-99.8,-99.8,5.4,291.0,8.6,288.0,-999.1,-99.8,-99.8,-99.8,-99.8,-99.8,-99.8,-99.8
2023-11-26 12:00:00,-9999.1,-99.8,-99.8,5.0,284.0,9.0,285.0,-999.1,-99.8,-99.8,-99.8,-99.8,-99.8,-99.8,-99.8
2023-11-26 13:00:00,-9999.1,-99.8,-99.8,5.1,287.0,8.0,288.0,-999.1,-99.8,-99.8,-99.8,-99.8,-99.8,-99.8,-99.8
2023-11-26 14:00:00,-9999.1,-99.8,-99.8,5.1,282.0,8.9,288.0,-999.1,-99.8,-99.8,-99.8,-99.8,-99.8,-99.8,-99.8
2023-11-26 15:00:00,-9999.1,-99.8,-99.8,4.4,280.0,7.7,289.0,-999.1,-99.8,-99.8,-99.8,-99.8,-99.8,-99.8,-99.8
2023-11-26 16:00:00,-9999.1,-99.8,-99.8,4.2,286.0,7.3,277.0,-999.1,-99.8,-99.8,-99.8,-99.8,-99.8,-99.8,-99.8
2023-11-26 17:00:00,-9999.1,-99.8,-99.8,3.5,281.0,8.1,293.0,-999.1,-99.8,-99.8,-99.8,-99.8,-99.8,-99.8,-99.8
2023-11-26 18:00:00,-9999.1,-99.8,-99.8,3.4,281.0,5.9,287.0,-999.1,-99.8,-99.8,-99.8,-99.8,-99.8,-99.8,-99.8
2023-11-26 19:00:00,-9999.1,-99.8,-99.8,2.4,276.0,4.4,281.0,-999.1,-99.8,-99.8,-99.8,-99.8,-99.8,-99.8,-99.8
2023-11-26 20:00:00,-9999.1,-99.8,-99.8,1.3,224.0,4.0,252.0,-999.1,-99.8,-99.8,-99.8,-99.8,-99.8,-99.8,-99.8
2023-11-26 21:00:00,-9999.1,-99.8,-99.8,2.7,269.0,5.2,287.0,-999.1,-99.8,-99.8,-99.8,-99.8,-99.8,-99.8,-99.8
2023-11-26 22:00:00,-9999.1,-99.8,-99.8,3.7,277.0,5.8,258.0,-999.1,-99.8,-99.8,-99.8,-99.8,-99.8,-99.8,-99.8
2023-11-26 23:00:00,-9999.1,-99.8,-99.8,4.7,275.0,8.1,287.0,-999.1,-99.8,-99.8,-99.8,-99.8,-99.8,-99.8,-99.8
2023-11-27 00:00:00,-9999.1,-99.8,-99.8,4.8,280.0,8.5,285.0,-999.1,-99.8,-99.8,-99.8,-99.8,-99.8,-99.8,-99.8
2023-11-27 01:00:00,-9999.1,-99.8,-99.8,5.2,276.0,9.2,263.0,-999.1,-99.8,-99.8,-99.8,-99.8,-99.8,-99.8,-99.8
2023-11-27 02:00:00,-9999.1,-99.8,-99.8,5.0,276.0,8.4,286.0,-999.1,-99.8,-99.8,-99.8,-99.8,-99.8,-99.8,-99.8
2023-11-27 03:00:00,-9999.1,-99.8,-99.8,4.8,282.0,9.1,292.0,-999.1,-99.8,-99.8,-99.8,-99.8,-99.8,-99.8,-99.8
2023-11-27 04:00:00,-9999.1,-99.8,-99.8,5.7,286.0,8.7,284.0,-999.1,-99.8,-99.8,-99.8,-99.8,-99.8,-99.8,-99.8
2023-11-27 05:00:00,-9999.1,-99.8,-99.8,5.0,282.0,8.4,290.0,-999.1,-99.8,-99.8,-99.8,-99.8,-99.8,-99.8,-99.8
2023-11-27 06:00:00,-9999.1,-99.8,-99.8,5.2,276.0,9.4,301.0,-999.1,-99.8,-99.8,-99.8,-99.8,-99.8,-99.8,-99.8
2023-11-27 07:00:00,-9999.1,-99.8,-99.8,4.4,265.0,9.2,295.0,-999.1,-99.8,-99.8,-99.8,-99.8,-99.8,-99.8,-99.8
2023-11-27 08:00:00,-9999.1,-99.8,-99.8,4.8,268.0,10.0,260.0,-999.1,-99.8,-99.8,-99.8,-99.8,-99.8,-99.8,-99.8
2023-11-27 09:00:00,-9999.1,-99.8,-99.8,5.7,260.0,10.2,253.0,-999.1,-99.8,-99.8,-99.8,-99.8,-99.8,-99.8,-99.8
2023-11-27 10:00:00,-9999.1,-99.8,-99.8,3.9,276.0,10.5,289.0,-999.1,-99.8,-99.8,-99.8,-99.8,-99.8,-99.8,-99.8
2023-11-27 11:00:00,-9999.1,-99.8,-99.8,4.1,280.0,8.1,293.0,-999.1,-99.8,-99.8,-99.8,-99.8,-99.8,-99.8,-99.8
2023-11-27 12:00:00,-9999.1,-99.8,-99.8,5.0,274.0,9.6,290.0,-999.1,-99.8,-99.8,-99.8,-99.8,-99.8,-99.8,-99.8
2023-11-27 13:00:00,-9999.1,-99.8,-99.8,4.9,276.0,9.5,286.0,-999.1,-99.8,-99.8,-99.8,-99.8,-99.8,-99.8,-99.8
2023-11-27 14:00:00,-9999.1,-99.8,-99.8,5.3,275.0,10.8,252.0,-999.1,-99.8,-99.8,-99.8,-99.8,-99.8,-99.8,-99.8
2023-11-27 15:00:00,-9999.1,-99.8,-99.8,5.7,276.0,10.8,253.0,-999.1,-99.8,-99.8,-99.8,-99.8,-99.8,-99.8,-99.8
2023-11-27 16:00:00,-9999.1,-99.8,-99.8,5.6,273.0,10.6,259.0,-999.1,-99.8,-99.8,-99.8,-99.8,-99.8,-99.8,-99.8
2023-11-27 17:00:00,-9999.1,-99.8,-99.8,5.9,274.0,10.7,250.0,-999.1,-99.8,-99.8,-99.8,-99.8,-99.8,-99.8,-99.8
2023-11-27 18:00:00,-9999.1,-99.8,-99.8,6.6,279.0,12.6,284.0,-999.1,-99.8,-99.8,-99.8,-99.8,-99.8,-99.8,-99.8
2023-11-27 19:00:00,-9999.1,-99.8,-99.8,6.4,273.0,12.1,277.0,-999.1,-99.8,-99.8,-99.8,-99.8,-99.8,-99.8,-99.8
2023-11-27 20:00:00,-9999.1,-99.8,-99.8,5.9,279.0,12.2,290.0,-999.1,-99.8,-99.8,-99.8,-99.8,-99.8,-99.8,-99.8
2023-11-27 21:00:00,-9999.1,-99.8,-99.8,5.8,274.0,11.5,289.0,-999.1,-99.8,-99.8,-99.8,-99.8,-99.8,-99.8,-99.8
2023-11-27 22:00:00,-9999.1,-99.8,-99.8,6.2,280.0,10.6,285.0,-999.1,-99.8,-99.8,-99.8,-99.8,-99.8,-99.8,-99.8
2023-11-27 23:00:00,-9999.1,-99.8,-99.8,6.4,281.0,11.2,286.0,-999.1,-99.8,-99.8,-99.8,-99.8,-99.8,-99.8,-99.8
2023-11-28 00:00:00,-9999.1,-99.8,-99.8,7.1,280.0,12.5,259.0,-999.1,-99.8,-99.8,-99.8,-99.8,-99.8,-99.8,-99.8
2023-11-28 01:00:00,-9999.1,-99.8,-99.8,6.7,278.0,14.1,282.0,-999.1,-99.8,-99.8,-99.8,-99.8,-99.8,-99.8,-99.8
2023-11-28 02:00:00,-9999.1,-99.8,-99.8,6.7,279.0,14.6,259.0,-999.1,-99.8,-99.8,-99.8,-99.8,-99.8,-99.8,-99.8
2023-11-28 03:00:00,-9999.1,-99.8,-99.8,6.8,282.0,12.1,286.0,-999.1,-99.8,-99.8,-99.8,-99.8,-99.8,-99.8,-99.8
2023-11-28 04:00:00,-9999.1,-99.8,-99.8,6.4,275.0,12.7,284.0,-999.1,-99.8,-99.8,-99.8,-99.8,-99.8,-99.8,-99.8
2023-11-28 05:00:00,-9999.1,-99.8,-99.8,6.0,269.0,11.1,279.0,-999.1,-99.8,-99.8,-99.8,-99.8,-99.8,-99.8,-99.8
2023-11-28 06:00:00,-9999.1,-99.8,-99.8,6.1,282.0,11.5,283.0,-999.1,-99.8,-99.8,-99.8,-99.8,-99.8,-99.8,-99.8
2023-11-28 07:00:00,-9999.1,-99.8,-99.8,5.1,275.0,10.9,270.0,-999.1,-99.8,-99.8,-99.8,-99.8,-99.8,-99.8,-99.8
2023-11-28 08:00:00,-9999.1,-99.8,-99.8,5.1,271.0,11.1,261.0,-999.1,-99.8,-99.8,-99.8,-99.8,-99.8,-99.8,-99.8
2023-11-28 09:00:00,-9999.1,-99.8,-99.8,4.4,272.0,9.4,286.0,-999.1,-99.8,-99.8,-99.8,-99.8,-99.8,-99.8,-99.8
2023-11-28 10:00:00,-9999.1,-99.8,-99.8,4.4,269.0,9.3,282.0,-999.1,-99.8,-99.8,-99.8,-99.8,-99.8,-99.8,-99.8
2023-11-28 11:00:00,-9999.1,-99.8,-99.8,-99.8,-99.8,7.6,290.0,-999.1,-99.8,-99.8,-99.8,-99.8,-99.8,-99.8,-99.8
2023-11-28 12:00:00,-9999.1,-99.8,-99.8,-99.8,-99.8,8.4,291.0,-999.1,-99.8,-99.8,-99.8,-99.8,-99.8,-99.8,-99.8
2023-11-28 13:00:00,-9999.1,-99.8,-99.8,5.0,279.0,9.2,303.0,-999.1,-99.8,-99.8,-99.8,-99.8,-99.8,-99.8,-99.8
2023-11-28 14:00:00,-9999.1,-99.8,-99.8,4.9,275.0,9.5,283.0,-999.1,-99.8,-99.8,-99.8,-99.8,-99.8,-99.8,-99.8
2023-11-28 15:00:00,-9999.1,-99.8,-99.8,4.2,272.0,8.6,285.0,-999.1,-99.8,-99.8,-99.8,-99.8,-99.8,-99.8,-99.8
2023-11-28 16:00:00,-9999.1,-99.8,-99.8,3.7,277.0,7.9,286.0,-999.1,-99.8,-99.8,-99.8,-99.8,-99.8,-99.8,-99.8
2023-11-28 17:00:00,-9999.1,-99.8,-99.8,3.6,248.0,10.3,234.0,-999.1,-99.8,-99.8,-99.8,-99.8,-99.8,-99.8,-99.8
2023-11-28 18:00:00,-9999.1,-99.8,-99.8,2.7,253.0,7.5,258.0,-999.1,-99.8,-99.8,-99.8,-99.8,-99.8,-99.8,-99.8
2023-11-28 19:00:00,-9999.1,-99.8,-99.8,3.4,266.0,7.0,248.0,-999.1,-99.8,-99.8,-99.8,-99.8,-99.8,-99.8,-99.8
2023-11-28 20:00:00,-9999.1,-99.8,-99.8,3.4,265.0,7.6,257.0,-999.1,-99.8,-99.8,-99.8,-99.8,-99.8,-99.8,-99.8
2023-11-28 21:00:00,-9999.1,-99.8,-99.8,3.1,261.0,7.9,255.0,-999.1,-99.8,-99.8,-99.8,-99.8,-99.8,-99.8,-99.8
2023-11-28 22:00:00,-9999.1,-99.8,-99.8,4.4,264.0,9.5,233.0,-999.1,-99.8,-99.8,-99.8,-99.8,-99.8,-99.8,-99.8
2023-11-28 23:00:00,-9999.1,-99.8,-99.8,5.1,265.0,10.8,266.0,-999.1,-99.8,-99.8,-99.8,-99.8,-99.8,-99.8,-99.8
2023-11-29 00:00:00,-9999.1,-99.8,-99.8,6.0,269.0,12.0,252.0,-999.1,-99.8,-99.8,-99.8,-99.8,-99.8,-99.8,-99.8
2023-11-29 01:00:00,-9999.1,-99.8,-99.8,5.8,275.0,11.4,287.0,-999.1,-99.8,-99.8,-99.8,-99.8,-99.8,-99.8,-99.8
2023-11-29 02:00:00,-9999.1,-99.8,-99.8,5.6,272.0,13.7,264.0,-999.1,-99.8,-99.8,-99.8,-99.8,-99.8,-99.8,-99.8
2023-11-29 03:00:00,-9999.1,-99.8,-99.8,6.6,272.0,15.0,290.0,-999.1,-99.8,-99.8,-99.8,-99.8,-99.8,-99.8,-99.8
2023-11-29 04:00:00,-9999.1,-99.8,-99.8,6.2,270.0,12.0,256.0,-999.1,-99.8,-99.8,-99.8,-99.8,-99.8,-99.8,-99.8
2023-11-29 05:00:00,-9999.1,-99.8,-99.8,5.0,278.0,11.9,257.0,-999.1,-99.8,-99.8,-99.8,-99.8,-99.8,-99.8,-99.8
2023-11-29 06:00:00,-9999.1,-99.8,-99.8,4.6,277.0,11.5,260.0,-999.1,-99.8,-99.8,-99.8,-99.8,-99.8,-99.8,-99.8
2023-11-29 07:00:00,-9999.1,-99.8,-99.8,4.5,280.0,11.0,247.0,-999.1,-99.8,-99.8,-99.8,-99.8,-99.8,-99.8,-99.8
2023-11-29 08:00:00,-9999.1,-99.8,-99.8,4.8,268.0,9.7,262.0,-999.1,-99.8,-99.8,-99.8,-99.8,-99.8,-99.8,-99.8
2023-11-29 09:00:00,-9999.1,-99.8,-99.8,4.6,269.0,8.7,255.0,-999.1,-99.8,-99.8,-99.8,-99.8,-99.8,-99.8,-99.8
2023-11-29 10:00:00,-9999.1,-99.8,-99.8,5.1,275.0,10.0,281.0,-999.1,-99.8,-99.8,-99.8,-99.8,-99.8,-99.8,-99.8
2023-11-29 11:00:00,-9999.1,-99.8,-99.8,4.9,272.0,9.7,263.0,-999.1,-99.8,-99.8,-99.8,-99.8,-99.8,-99.8,-99.8
2023-11-29 12:00:00,-9999.1,-99.8,-99.8,5.5,267.0,11.2,262.0,-999.1,-99.8,-99.8,-99.8,-99.8,-99.8,-99.8,-99.8
2023-11-29 13:00:00,-9999.1,-99.8,-99.8,5.5,268.0,11.9,264.0,-999.1,-99.8,-99.8,-99.8,-99.8,-99.8,-99.8,-99.8
2023-11-29 14:00:00,-9999.1,-99.8,-99.8,5.7,265.0,11.0,268.0,-999.1,-99.8,-99.8,-99.8,-99.8,-99.8,-99.8,-99.8
2023-11-29 15:00:00,-9999.1,-99.8,-99.8,5.5,275.0,11.5,272.0,-999.1,-99.8,-99.8,-99.8,-99.8,-99.8,-99.8,-99.8
2023-11-29 16:00:00,-9999.1,-99.8,-99.8,4.7,255.0,10.4,265.0,-999.1,-99.8,-99.8,-99.8,-99.8,-99.8,-99.8,-99.8
2023-11-29 17:00:00,-9999.1,-99.8,-99.8,5.2,266.0,11.6,248.0,-999.1,-99.8,-99.8,-99.8,-99.8,-99.8,-99.8,-99.8
2023-11-29 18:00:00,-9999.1,-99.8,-99.8,5.6,267.0,11.0,288.0,-999.1,-99.8,-99.8,-99.8,-99.8,-99.8,-99.8,-99.8
2023-11-29 19:00:00,-9999.1,-99.8,-99.8,6.6,275.0,12.1,259.0,-999.1,-99.8,-99.8,-99.8,-99.8,-99.8,-99.8,-99.8
2023-11-29 20:00:00,-9999.1,-99.8,-99.8,6.1,269.0,12.0,288.0,-999.1,-99.8,-99.8,-99.8,-99.8,-99.8,-99.8,-99.8
2023-11-29 21:00:00,-9999.1,-99.8,-99.8,4.3,266.0,10.9,255.0,-999.1,-99.8,-99.8,-99.8,-99.8,-99.8,-99.8,-99.8
2023-11-29 22:00:00,-9999.1,-99.8,-99.8,4.2,268.0,9.3,295.0,-999.1,-99.8,-99.8,-99.8,-99.8,-99.8,-99.8,-99.8
2023-11-29 23:00:00,-9999.1,-99.8,-99.8,5.8,266.0,9.6,269.0,-999.1,-99.8,-99.8,-99.8,-99.8,-99.8,-99.8,-99.8
2023-11-30 00:00:00,-9999.1,-99.8,-99.8,5.2,268.0,11.7,244.0,-999.1,-99.8,-99.8,-99.8,-99.8,-99.8,-99.8,-99.8
2023-11-30 01:00:00,-9999.1,-99.8,-99.8,5.6,277.0,11.1,256.0,-999.1,-99.8,-99.8,-99.8,-99.8,-99.8,-99.8,-99.8
2023-11-30 02:00:00,-9999.1,-99.8,-99.8,5.2,272.0,12.3,261.0,-999.1,-99.8,-99.8,-99.8,-99.8,-99.8,-99.8,-99.8
2023-11-30 03:00:00,-9999.1,-99.8,-99.8,7.3,272.0,13.2,283.0,-999.1,-99.8,-99.8,-99.8,-99.8,-99.8,-99.8,-99.8
2023-11-30 04:00:00,-9999.1,-99.8,-99.8,6.8,274.0,12.4,282.0,-999.1,-99.8,-99.8,-99.8,-99.8,-99.8,-99.8,-99.8
2023-11-30 05:00:00,-9999.1,-99.8,-99.8,6.1,270.0,12.3,241.0,-999.1,-99.8,-99.8,-99.8,-99.8,-99.8,-99.8,-99.8
2023-11-30 06:00:00,-9999.1,-99.8,-99.8,5.7,276.0,12.1,280.0,-999.1,-99.8,-99.8,-99.8,-99.8,-99.8,-99.8,-99.8
2023-11-30 07:00:00,-9999.1,-99.8,-99.8,5.6,278.0,10.4,274.0,-999.1,-99.8,-99.8,-99.8,-99.8,-99.8,-99.8,-99.8
2023-11-30 08:00:00,-9999.1,-99.8,-99.8,4.8,278.0,8.8,262.0,-999.1,-99.8,-99.8,-99.8,-99.8,-99.8,-99.8,-99.8
2023-11-30 09:00:00,-9999.1,-99.8,-99.8,4.6,271.0,10.6,287.0,-999.1,-99.8,-99.8,-99.8,-99.8,-99.8,-99.8,-99.8
2023-11-30 10:00:00,-9999.1,-99.8,-99.8,4.3,278.0,9.4,288.0,-999.1,-99.8,-99.8,-99.8,-99.8,-99.8,-99.8,-99.8
2023-11-30 11:00:00,-9999.1,-99.8,-99.8,4.8,267.0,8.6,252.0,-999.1,-99.8,-99.8,-99.8,-99.8,-99.8,-99.8,-99.8
2023-11-30 12:00:00,-9999.1,-99.8,-99.8,4.7,264.0,9.4,271.0,-999.1,-99.8,-99.8,-99.8,-99.8,-99.8,-99.8,-99.8
2023-11-30 13:00:00,-9999.1,-99.8,-99.8,5.2,268.0,12.3,264.0,-999.1,-99.8,-99.8,-99.8,-99.8,-99.8,-99.8,-99.8
2023-11-30 14:00:00,-9999.1,-99.8,-99.8,6.4,265.0,12.8,257.0,-999.1,-99.8,-99.8,-99.8,-99.8,-99.8,-99.8,-99.8
2023-11-30 15:00:00,-9999.1,-99.8,-99.8,6.7,270.0,12.9,268.0,-999.1,-99.8,-99.8,-99.8,-99.8,-99.8,-99.8,-99.8
2023-11-30 16:00:00,-9999.1,-99.8,-99.8,6.3,269.0,13.5,263.0,-999.1,-99.8,-99.8,-99.8,-99.8,-99.8,-99.8,-99.8
2023-11-30 17:00:00,-9999.1,-99.8,-99.8,6.6,272.0,12.6,279.0,-999.1,-99.8,-99.8,-99.8,-99.8,-99.8,-99.8,-99.8
2023-11-30 18:00:00,-9999.1,-99.8,-99.8,6.9,274.0,13.8,296.0,-999.1,-99.8,-99.8,-99.8,-99.8,-99.8,-99.8,-99.8
2023-11-30 19:00:00,-9999.1,-99.8,-99.8,5.6,270.0,14.4,271.0,-999.1,-99.8,-99.8,-99.8,-99.8,-99.8,-99.8,-99.8
2023-11-30 20:00:00,-9999.1,-99.8,-99.8,5.2,270.0,11.5,257.0,-999.1,-99.8,-99.8,-99.8,-99.8,-99.8,-99.8,-99.8
2023-11-30 21:00:00,-9999.1,-99.8,-99.8,5.3,263.0,10.6,256.0,-999.1,-99.8,-99.8,-99.8,-99.8,-99.8,-99.8,-99.8
2023-11-30 22:00:00,-9999.1,-99.8,-99.8,5.2,267.0,11.2,279.0,-999.1,-99.8,-99.8,-99.8,-99.8,-99.8,-99.8,-99.8
2023-11-30 23:00:00,-9999.1,-99.8,-99.8,5.9,273.0,11.1,261.0,-999.1,-99.8,-99.8,-99.8,-99.8,-99.8,-99.8,-99.8
2023-12-01 00:00:00,-9999.1,-99.8,-99.8,6.5,275.0,11.3,271.0,-999.1,-99.8,-99.8,-99.8,-99.8,-99.8,-99.8,-99.8
2023-12-01 01:00:00,-9999.1,-99.8,-99.8,5.4,252.0,11.8,270.0,-999.1,-99.8,-99.8,-99.8,-99.8,-99.8,-99.8,-99.8
2023-12-01 02:00:00,-9999.1,-99.8,-99.8,6.1,266.0,15.0,265.0,-999.1,-99.8,-99.8,-99.8,-99.8,-99.8,-99.8,-99.8
2023-12-01 03:00:00,-9999.1,-99.8,-99.8,5.4,259.0,13.7,257.0,-999.1,-99.8,-99.8,-99.8,-99.8,-99.8,-99.8,-99.8
2023-12-01 04:00:00,-9999.1,-99.8,-99.8,7.8,273.0,13.3,283.0,-999.1,-99.8,-99.8,-99.8,-99.8,-99.8,-99.8,-99.8
2023-12-01 05:00:00,-9999.1,-99.8,-99.8,7.2,272.0,13.9,283.0,-999.1,-99.8,-99.8,-99.8,-99.8,-99.8,-99.8,-99.8
2023-12-01 06:00:00,-9999.1,-99.8,-99.8,7.0,274.0,12.9,280.0,-999.1,-99.8,-99.8,-99.8,-99.8,-99.8,-99.8,-99.8
2023-12-01 07:00:00,-9999.1,-99.8,-99.8,5.3,267.0,12.0,285.0,-999.1,-99.8,-99.8,-99.8,-99.8,-99.8,-99.8,-99.8
2023-12-01 08:00:00,-9999.1,-99.8,-99.8,6.2,272.0,11.1,276.0,-999.1,-99.8,-99.8,-99.8,-99.8,-99.8,-99.8,-99.8
2023-12-01 09:00:00,-9999.1,-99.8,-99.8,5.9,273.0,11.1,263.0,-999.1,-99.8,-99.8,-99.8,-99.8,-99.8,-99.8,-99.8
2023-12-01 10:00:00,-9999.1,-99.8,-99.8,4.8,270.0,9.9,266.0,-999.1,-99.8,-99.8,-99.8,-99.8,-99.8,-99.8,-99.8
2023-12-01 11:00:00,-9999.1,-99.8,-99.8,4.5,270.0,10.2,282.0,-999.1,-99.8,-99.8,-99.8,-99.8,-99.8,-99.8,-99.8
2023-12-01 12:00:00,-9999.1,-99.8,-99.8,5.7,269.0,11.2,262.0,-999.1,-99.8,-99.8,-99.8,-99.8,-99.8,-99.8,-99.8
2023-12-01 13:00:00,-9999.1,-99.8,-99.8,5.6,270.0,11.7,273.0,-999.1,-99.8,-99.8,-99.8,-99.8,-99.8,-99.8,-99.8
2023-12-01 14:00:00,-9999.1,-99.8,-99.8,4.9,265.0,11.3,284.0,-999.1,-99.8,-99.8,-99.8,-99.8,-99.8,-99.8,-99.8
2023-12-01 15:00:00,-9999.1,-99.8,-99.8,5.8,271.0,11.3,283.0,-999.1,-99.8,-99.8,-99.8,-99.8,-99.8,-99.8,-99.8
2023-12-01 16:00:00,-9999.1,-99.8,-99.8,6.0,271.0,11.8,258.0,-999.1,-99.8,-99.8,-99.8,-99.8,-99.8,-99.8,-99.8
2023-12-01 17:00:00,-9999.1,-99.8,-99.8,5.7,268.0,11.1,259.0,-999.1,-99.8,-99.8,-99.8,-99.8,-99.8,-99.8,-99.8
2023-12-01 18:00:00,-9999.1,-99.8,-99.8,6.3,263.0,15.0,237.0,-999.1,-99.8,-99.8,-99.8,-99.8,-99.8,-99.8,-99.8
2023-12-01 19:00:00,-9999.1,-99.8,-99.8,5.6,272.0,11.6,254.0,-999.1,-99.8,-99.8,-99.8,-99.8,-99.8,-99.8,-99.8
2023-12-01 20:00:00,-9999.1,-99.8,-99.8,5.8,273.0,11.4,261.0,-999.1,-99.8,-99.8,-99.8,-99.8,-99.8,-99.8,-99.8
2023-12-01 21:00:00,-9999.1,-99.8,-99.8,5.9,274.0,12.6,290.0,-999.1,-99.8,-99.8,-99.8,-99.8,-99.8,-99.8,-99.8
2023-12-01 22:00:00,-9999.1,-99.8,-99.8,4.7,262.0,9.4,245.0,-999.1,-99.8,-99.8,-99.8,-99.8,-99.8,-99.8,-99.8
2023-12-01 23:00:00,-9999.1,-99.8,-99.8,4.6,266.0,10.8,259.0,-999.1,-99.8,-99.8,-99.8,-99.8,-99.8,-99.8,-99.8
2023-12-02 00:00:00,-9999.1,-99.8,-99.8,3.9,232.0,10.8,259.0,-999.1,-99.8,-99.8,-99.8,-99.8,-99.8,-99.8,-99.8
2023-12-02 01:00:00,-9999.1,-99.8,-99.8,5.8,266.0,12.0,227.0,-999.1,-99.8,-99.8,-99.8,-99.8,-99.8,-99.8,-99.8
2023-12-02 02:00:00,-9999.1,-99.8,-99.8,6.4,268.0,12.4,264.0,-999.1,-99.8,-99.8,-99.8,-99.8,-99.8,-99.8,-99.8
2023-12-02 03:00:00,-9999.1,-99.8,-99.8,7.0,271.0,13.9,261.0,-999.1,-99.8,-99.8,-99.8,-99.8,-99.8,-99.8,-99.8
2023-12-02 04:00:00,-9999.1,-99.8,-99.8,7.9,273.0,16.0,280.0,-999.1,-99.8,-99.8,-99.8,-99.8,-99.8,-99.8,-99.8
2023-12-02 05:00:00,-9999.1,-99.8,-99.8,7.4,270.0,15.4,277.0,-999.1,-99.8,-99.8,-99.8,-99.8,-99.8,-99.8,-99.8
2023-12-02 06:00:00,-9999.1,-99.8,-99.8,7.7,270.0,14.4,277.0,-999.1,-99.8,-99.8,-99.8,-99.8,-99.8,-99.8,-99.8
2023-12-02 07:00:00,-9999.1,-99.8,-99.8,9.1,274.0,14.9,262.0,-999.1,-99.8,-99.8,-99.8,-99.8,-99.8,-99.8,-99.8
2023-12-02 08:00:00,-9999.1,-99.8,-99.8,6.9,270.0,14.8,279.0,-999.1,-99.8,-99.8,-99.8,-99.8,-99.8,-99.8,-99.8
2023-12-02 09:00:00,-9999.1,-99.8,-99.8,7.1,271.0,13.6,275.0,-999.1,-99.8,-99.8,-99.8,-99.8,-99.8,-99.8,-99.8
2023-12-02 10:00:00,-9999.1,-99.8,-99.8,6.9,273.0,12.4,270.0,-999.1,-99.8,-99.8,-99.8,-99.8,-99.8,-99.8,-99.8
2023-12-02 11:00:00,-9999.1,-99.8,-99.8,7.4,274.0,14.1,253.0,-999.1,-99.8,-99.8,-99.8,-99.8,-99.8,-99.8,-99.8
2023-12-02 12:00:00,-9999.1,-99.8,-99.8,-99.8,-99.8,14.4,265.0,-999.1,-99.8,-99.8,-99.8,-99.8,-99.8,-99.8,-99.8
2023-12-02 13:00:00,-9999.1,-99.8,-99.8,7.3,276.0,14.6,266.0,-999.1,-99.8,-99.8,-99.8,-99.8,-99.8,-99.8,-99.8
2023-12-02 14:00:00,-9999.1,-99.8,-99.8,5.5,267.0,15.3,289.0,-999.1,-99.8,-99.8,-99.8,-99.8,-99.8,-99.8,-99.8
2023-12-02 15:00:00,-9999.1,-99.8,-99.8,6.0,276.0,12.1,269.0,-999.1,-99.8,-99.8,-99.8,-99.8,-99.8,-99.8,-99.8
2023-12-02 16:00:00,-9999.1,-99.8,-99.8,6.9,283.0,13.2,283.0,-999.1,-99.8,-99.8,-99.8,-99.8,-99.8,-99.8,-99.8
2023-12-02 17:00:00,-9999.1,-99.8,-99.8,5.5,280.0,11.0,283.0,-999.1,-99.8,-99.8,-99.8,-99.8,-99.8,-99.8,-99.8
2023-12-02 18:00:00,-9999.1,-99.8,-99.8,5.3,282.0,9.9,286.0,-999.1,-99.8,-99.8,-99.8,-99.8,-99.8,-99.8,-99.8
2023-12-02 19:00:00,-9999.1,-99.8,-99.8,7.3,292.0,12.9,287.0,-999.1,-99.8,-99.8,-99.8,-99.8,-99.8,-99.8,-99.8
2023-12-02 20:00:00,-9999.1,-99.8,-99.8,8.9,295.0,13.0,290.0,-999.1,-99.8,-99.8,-99.8,-99.8,-99.8,-99.8,-99.8
2023-12-02 21:00:00,-9999.1,-99.8,-99.8,6.3,285.0,14.0,295.0,-999.1,-99.8,-99.8,-99.8,-99.8,-99.8,-99.8,-99.8
2023-12-02 22:00:00,-9999.1,-99.8,-99.8,6.2,294.0,10.3,267.0,-999.1,-99.8,-99.8,-99.8,-99.8,-99.8,-99.8,-99.8
2023-12-02 23:00:00,-9999.1,-99.8,-99.8,5.3,283.0,7.8,281.0,-999.1,-99.8,-99.8,-99.8,-99.8,-99.8,-99.8,-99.8
2023-12-03 00:00:00,-9999.1,-99.8,-99.8,5.6,279.0,10.9,260.0,-999.1,-99.8,-99.8,-99.8,-99.8,-99.8,-99.8,-99.8
2023-12-03 01:00:00,-9999.1,-99.8,-99.8,5.6,278.0,9.9,258.0,-999.1,-99.8,-99.8,-99.8,-99.8,-99.8,-99.8,-99.8
2023-12-03 02:00:00,-9999.1,-99.8,-99.8,5.7,278.0,9.7,257.0,-999.1,-99.8,-99.8,-99.8,-99.8,-99.8,-99.8,-99.8
2023-12-03 03:00:00,-9999.1,-99.8,-99.8,5.4,275.0,12.6,260.0,-999.1,-99.8,-99.8,-99.8,-99.8,-99.8,-99.8,-99.8
2023-12-03 04:00:00,-9999.1,-99.8,-99.8,6.0,273.0,12.1,261.0,-999.1,-99.8,-99.8,-99.8,-99.8,-99.8,-99.8,-99.8
2023-12-03 05:00:00,-9999.1,-99.8,-99.8,6.5,275.0,11.9,272.0,-999.1,-99.8,-99.8,-99.8,-99.8,-99.8,-99.8,-99.8
2023-12-03 06:00:00,-9999.1,-99.8,-99.8,5.9,277.0,12.5,260.0,-999.1,-99.8,-99.8,-99.8,-99.8,-99.8,-99.8,-99.8
2023-12-03 07:00:00,-9999.1,-99.8,-99.8,5.9,274.0,11.4,286.0,-999.1,-99.8,-99.8,-99.8,-99.8,-99.8,-99.8,-99.8
2023-12-03 08:00:00,-9999.1,-99.8,-99.8,5.8,275.0,11.3,281.0,-999.1,-99.8,-99.8,-99.8,-99.8,-99.8,-99.8,-99.8
2023-12-03 09:00:00,-9999.1,-99.8,-99.8,5.9,275.0,10.0,288.0,-999.1,-99.8,-99.8,-99.8,-99.8,-99.8,-99.8,-99.8
2023-12-03 10:00:00,-9999.1,-99.8,-99.8,5.7,274.0,11.9,262.0,-999.1,-99.8,-99.8,-99.8,-99.8,-99.8,-99.8,-99.8
2023-12-03 11:00:00,-9999.1,-99.8,-99.8,4.7,271.0,11.5,266.0,-999.1,-99.8,-99.8,-99.8,-99.8,-99.8,-99.8,-99.8
2023-12-03 12:00:00,-9999.1,-99.8,-99.8,4.0,265.0,8.8,263.0,-999.1,-99.8,-99.8,-99.8,-99.8,-99.8,-99.8,-99.8
2023-12-03 13:00:00,-9999.1,-99.8,-99.8,5.8,267.0,10.7,268.0,-999.1,-99.8,-99.8,-99.8,-99.8,-99.8,-99.8,-99.8
2023-12-03 14:00:00,-9999.1,-99.8,-99.8,5.5,272.0,11.9,261.0,-999.1,-99.8,-99.8,-99.8,-99.8,-99.8,-99.8,-99.8
2023-12-03 15:00:00,-9999.1,-99.8,-99.8,4.8,274.0,10.2,283.0,-999.1,-99.8,-99.8,-99.8,-99.8,-99.8,-99.8,-99.8
2023-12-03 16:00:00,-9999.1,-99.8,-99.8,5.0,263.0,11.0,258.0,-999.1,-99.8,-99.8,-99.8,-99.8,-99.8,-99.8,-99.8
2023-12-03 17:00:00,-9999.1,-99.8,-99.8,4.3,265.0,11.7,245.0,-999.1,-99.8,-99.8,-99.8,-99.8,-99.8,-99.8,-99.8
2023-12-03 18:00:00,-9999.1,-99.8,-99.8,3.5,265.0,8.2,249.0,-999.1,-99.8,-99.8,-99.8,-99.8,-99.8,-99.8,-99.8
2023-12-03 19:00:00,-9999.1,-99.8,-99.8,6.1,269.0,11.6,260.0,-999.1,-99.8,-99.8,-99.8,-99.8,-99.8,-99.8,-99.8
2023-12-03 20:00:00,-9999.1,-99.8,-99.8,5.0,261.0,10.7,260.0,-999.1,-99.8,-99.8,-99.8,-99.8,-99.8,-99.8,-99.8
2023-12-03 21:00:00,-9999.1,-99.8,-99.8,4.8,274.0,10.3,258.0,-999.1,-99.8,-99.8,-99.8,-99.8,-99.8,-99.8,-99.8
2023-12-03 22:00:00,-9999.1,-99.8,-99.8,5.3,278.0,13.6,255.0,-999.1,-99.8,-99.8,-99.8,-99.8,-99.8,-99.8,-99.8
2023-12-03 23:00:00,-9999.1,-99.8,-99.8,5.5,265.0,11.9,259.0,-999.1,-99.8,-99.8,-99.8,-99.8,-99.8,-99.8,-99.8
2023-12-04 00:00:00,-9999.1,-99.8,-99.8,5.0,257.0,10.4,247.0,-999.1,-99.8,-99.8,-99.8,-99.8,-99.8,-99.8,-99.8
2023-12-04 01:00:00,-9999.1,-99.8,-99.8,5.9,257.0,14.0,255.0,-999.1,-99.8,-99.8,-99.8,-99.8,-99.8,-99.8,-99.8
2023-12-04 02:00:00,-9999.1,-99.8,-99.8,5.8,265.0,14.8,239.0,-999.1,-99.8,-99.8,-99.8,-99.8,-99.8,-99.8,-99.8
2023-12-04 03:00:00,-9999.1,-99.8,-99.8,5.5,256.0,16.7,239.0,-999.1,-99.8,-99.8,-99.8,-99.8,-99.8,-99.8,-99.8
2023-12-04 04:00:00,-9999.1,-99.8,-99.8,6.5,252.0,15.7,258.0,-999.1,-99.8,-99.8,-99.8,-99.8,-99.8,-99.8,-99.8
2023-12-04 05:00:00,-9999.1,-99.8,-99.8,5.9,261.0,14.6,242.0,-999.1,-99.8,-99.8,-99.8,-99.8,-99.8,-99.8,-99.8
2023-12-04 06:00:00,-9999.1,-99.8,-99.8,6.1,261.0,15.8,261.0,-999.1,-99.8,-99.8,-99.8,-99.8,-99.8,-99.8,-99.8
2023-12-04 07:00:00,-9999.1,-99.8,-99.8,4.8,267.0,12.4,257.0,-999.1,-99.8,-99.8,-99.8,-99.8,-99.8,-99.8,-99.8
2023-12-04 08:00:00,-9999.1,-99.8,-99.8,5.3,259.0,15.8,260.0,-999.1,-99.8,-99.8,-99.8,-99.8,-99.8,-99.8,-99.8
2023-12-04 09:00:00,-9999.1,-99.8,-99.8,7.6,266.0,17.6,271.0,-999.1,-99.8,-99.8,-99.8,-99.8,-99.8,-99.8,-99.8
2023-12-04 10:00:00,-9999.1,-99.8,-99.8,7.0,271.0,16.2,262.0,-999.1,-99.8,-99.8,-99.8,-99.8,-99.8,-99.8,-99.8
2023-12-04 11:00:00,-9999.1,-99.8,-99.8,6.3,273.0,17.3,264.0,-999.1,-99.8,-99.8,-99.8,-99.8,-99.8,-99.8,-99.8
2023-12-04 12:00:00,-9999.1,-99.8,-99.8,7.0,270.0,14.6,276.0,-999.1,-99.8,-99.8,-99.8,-99.8,-99.8,-99.8,-99.8
2023-12-04 13:00:00,-9999.1,-99.8,-99.8,8.1,270.0,15.6,262.0,-999.1,-99.8,-99.8,-99.8,-99.8,-99.8,-99.8,-99.8
2023-12-04 14:00:00,-9999.1,-99.8,-99.8,7.5,268.0,14.9,267.0,-999.1,-99.8,-99.8,-99.8,-99.8,-99.8,-99.8,-99.8
2023-12-04 15:00:00,-9999.1,-99.8,-99.8,8.5,273.0,15.2,258.0,-999.1,-99.8,-99.8,-99.8,-99.8,-99.8,-99.8,-99.8
2023-12-04 16:00:00,-9999.1,-99.8,-99.8,7.2,268.0,16.1,270.0,-999.1,-99.8,-99.8,-99.8,-99.8,-99.8,-99.8,-99.8
2023-12-04 17:00:00,-9999.1,-99.8,-99.8,7.4,272.0,14.7,264.0,-999.1,-99.8,-99.8,-99.8,-99.8,-99.8,-99.8,-99.8
2023-12-04 18:00:00,-9999.1,-99.8,-99.8,6.8,267.0,15.8,260.0,-999.1,-99.8,-99.8,-99.8,-99.8,-99.8,-99.8,-99.8
2023-12-04 19:00:00,-9999.1,-99.8,-99.8,7.1,276.0,15.4,254.0,-999.1,-99.8,-99.8,-99.8,-99.8,-99.8,-99.8,-99.8
2023-12-04 20:00:00,-9999.1,-99.8,-99.8,6.8,268.0,13.5,264.0,-999.1,-99.8,-99.8,-99.8,-99.8,-99.8,-99.8,-99.8
2023-12-04 21:00:00,-9999.1,-99.8,-99.8,7.6,272.0,15.0,264.0,-999.1,-99.8,-99.8,-99.8,-99.8,-99.8,-99.8,-99.8
2023-12-04 22:00:00,-9999.1,-99.8,-99.8,7.8,262.0,15.9,268.0,-999.1,-99.8,-99.8,-99.8,-99.8,-99.8,-99.8,-99.8
2023-12-04 23:00:00,-9999.1,-99.8,-99.8,7.4,267.0,15.3,271.0,-999.1,-99.8,-99.8,-99.8,-99.8,-99.8,-99.8,-99.8
2023-12-05 00:00:00,-9999.1,-99.8,-99.8,7.7,270.0,15.5,271.0,-999.1,-99.8,-99.8,-99.8,-99.8,-99.8,-99.8,-99.8
2023-12-05 01:00:00,-9999.1,-99.8,-99.8,7.8,273.0,14.7,267.0,-999.1,-99.8,-99.8,-99.8,-99.8,-99.8,-99.8,-99.8
2023-12-05 02:00:00,-9999.1,-99.8,-99.8,8.3,270.0,17.1,284.0,-999.1,-99.8,-99.8,-99.8,-99.8,-99.8,-99.8,-99.8
2023-12-05 03:00:00,-9999.1,-99.8,-99.8,7.3,272.0,15.1,276.0,-999.1,-99.8,-99.8,-99.8,-99.8,-99.8,-99.8,-99.8
2023-12-05 04:00:00,-9999.1,-99.8,-99.8,7.8,272.0,14.2,282.0,-999.1,-99.8,-99.8,-99.8,-99.8,-99.8,-99.8,-99.8
2023-12-05 05:00:00,-9999.1,-99.8,-99.8,8.2,275.0,14.3,283.0,-999.1,-99.8,-99.8,-99.8,-99.8,-99.8,-99.8,-99.8
2023-12-05 06:00:00,-9999.1,-99.8,-99.8,7.9,274.0,14.2,310.0,-999.1,-99.8,-99.8,-99.8,-99.8,-99.8,-99.8,-99.8
2023-12-05 07:00:00,-9999.1,-99.8,-99.8,7.1,273.0,14.1,275.0,-999.1,-99.8,-99.8,-99.8,-99.8,-99.8,-99.8,-99.8
2023-12-05 08:00:00,-9999.1,-99.8,-99.8,7.3,269.0,14.5,288.0,-999.1,-99.8,-99.8,-99.8,-99.8,-99.8,-99.8,-99.8
2023-12-05 09:00:00,-9999.1,-99.8,-99.8,7.4,270.0,13.9,282.0,-999.1,-99.8,-99.8,-99.8,-99.8,-99.8,-99.8,-99.8
2023-12-05 10:00:00,-9999.1,-99.8,-99.8,6.7,269.0,13.8,266.0,-999.1,-99.8,-99.8,-99.8,-99.8,-99.8,-99.8,-99.8
2023-12-05 11:00:00,-9999.1,-99.8,-99.8,7.1,272.0,13.6,274.0,-999.1,-99.8,-99.8,-99.8,-99.8,-99.8,-99.8,-99.8
2023-12-05 12:00:00,-9999.1,-99.8,-99.8,6.9,273.0,12.8,283.0,-999.1,-99.8,-99.8,-99.8,-99.8,-99.8,-99.8,-99.8
2023-12-05 13:00:00,-9999.1,-99.8,-99.8,7.6,275.0,15.6,266.0,-999.1,-99.8,-99.8,-99.8,-99.8,-99.8,-99.8,-99.8
2023-12-05 14:00:00,-9999.1,-99.8,-99.8,7.2,273.0,14.7,286.0,-999.1,-99.8,-99.8,-99.8,-99.8,-99.8,-99.8,-99.8
2023-12-05 15:00:00,-9999.1,-99.8,-99.8,7.7,277.0,19.0,262.0,-999.1,-99.8,-99.8,-99.8,-99.8,-99.8,-99.8,-99.8
2023-12-05 16:00:00,-9999.1,-99.8,-99.8,7.3,274.0,16.5,263.0,-999.1,-99.8,-99.8,-99.8,-99.8,-99.8,-99.8,-99.8
2023-12-05 17:00:00,-9999.1,-99.8,-99.8,7.3,273.0,14.9,255.0,-999.1,-99.8,-99.8,-99.8,-99.8,-99.8,-99.8,-99.8
2023-12-05 18:00:00,-9999.1,-99.8,-99.8,7.6,277.0,15.7,264.0,-999.1,-99.8,-99.8,-99.8,-99.8,-99.8,-99.8,-99.8
2023-12-05 19:00:00,-9999.1,-99.8,-99.8,7.1,280.0,13.1,284.0,-999.1,-99.8,-99.8,-99.8,-99.8,-99.8,-99.8,-99.8
2023-12-05 20:00:00,-9999.1,-99.8,-99.8,7.5,278.0,14.5,257.0,-999.1,-99.8,-99.8,-99.8,-99.8,-99.8,-99.8,-99.8
2023-12-05 21:00:00,-9999.1,-99.8,-99.8,7.4,280.0,13.4,284.0,-999.1,-99.8,-99.8,-99.8,-99.8,-99.8,-99.8,-99.8
2023-12-05 22:00:00,-9999.1,-99.8,-99.8,7.3,276.0,17.3,265.0,-999.1,-99.8,-99.8,-99.8,-99.8,-99.8,-99.8,-99.8
2023-12-05 23:00:00,-9999.1,-99.8,-99.8,7.5,277.0,14.7,260.0,-999.1,-99.8,-99.8,-99.8,-99.8,-99.8,-99.8,-99.8
2023-12-06 00:00:00,-9999.1,-99.8,-99.8,7.7,278.0,18.5,261.0,-999.1,-99.8,-99.8,-99.8,-99.8,-99.8,-99.8,-99.8
2023-12-06 01:00:00,-9999.1,-99.8,-99.8,7.9,281.0,17.1,287.0,-999.1,-99.8,-99.8,-99.8,-99.8,-99.8,-99.8,-99.8
2023-12-06 02:00:00,-9999.1,-99.8,-99.8,8.0,281.0,16.9,255.0,-999.1,-99.8,-99.8,-99.8,-99.8,-99.8,-99.8,-99.8
2023-12-06 03:00:00,-9999.1,-99.8,-99.8,9.7,273.0,15.8,282.0,-999.1,-99.8,-99.8,-99.8,-99.8,-99.8,-99.8,-99.8
2023-12-06 04:00:00,-9999.1,-99.8,-99.8,8.9,270.0,16.9,276.0,-999.1,-99.8,-99.8,-99.8,-99.8,-99.8,-99.8,-99.8
2023-12-06 05:00:00,-9999.1,-99.8,-99.8,9.2,273.0,17.8,257.0,-999.1,-99.8,-99.8,-99.8,-99.8,-99.8,-99.8,-99.8
2023-12-06 06:00:00,-9999.1,-99.8,-99.8,8.4,274.0,20.2,236.0,-999.1,-99.8,-99.8,-99.8,-99.8,-99.8,-99.8,-99.8
2023-12-06 07:00:00,-9999.1,-99.8,-99.8,8.1,271.0,15.9,283.0,-999.1,-99.8,-99.8,-99.8,-99.8,-99.8,-99.8,-99.8
2023-12-06 08:00:00,-9999.1,-99.8,-99.8,8.3,270.0,16.0,281.0,-999.1,-99.8,-99.8,-99.8,-99.8,-99.8,-99.8,-99.8
2023-12-06 09:00:00,-9999.1,-99.8,-99.8,8.1,272.0,15.9,288.0,-999.1,-99.8,-99.8,-99.8,-99.8,-99.8,-99.8,-99.8
2023-12-06 10:00:00,-9999.1,-99.8,-99.8,7.9,271.0,15.2,262.0,-999.1,-99.8,-99.8,-99.8,-99.8,-99.8,-99.8,-99.8
2023-12-06 11:00:00,-9999.1,-99.8,-99.8,8.1,273.0,15.2,284.0,-999.1,-99.8,-99.8,-99.8,-99.8,-99.8,-99.8,-99.8
2023-12-06 12:00:00,-9999.1,-99.8,-99.8,8.3,272.0,14.8,269.0,-999.1,-99.8,-99.8,-99.8,-99.8,-99.8,-99.8,-99.8
2023-12-06 13:00:00,-9999.1,-99.8,-99.8,8.2,268.0,14.2,270.0,-999.1,-99.8,-99.8,-99.8,-99.8,-99.8,-99.8,-99.8
2023-12-06 14:00:00,-9999.1,-99.8,-99.8,8.6,272.0,15.7,281.0,-999.1,-99.8,-99.8,-99.8,-99.8,-99.8,-99.8,-99.8
2023-12-06 15:00:00,-9999.1,-99.8,-99.8,7.8,271.0,16.1,262.0,-999.1,-99.8,-99.8,-99.8,-99.8,-99.8,-99.8,-99.8
2023-12-06 16:00:00,-9999.1,-99.8,-99.8,8.0,273.0,15.9,284.0,-999.1,-99.8,-99.8,-99.8,-99.8,-99.8,-99.8,-99.8
2023-12-06 17:00:00,-9999.1,-99.8,-99.8,7.6,268.0,15.6,283.0,-999.1,-99.8,-99.8,-99.8,-99.8,-99.8,-99.8,-99.8
2023-12-06 18:00:00,-9999.1,-99.8,-99.8,8.7,274.0,14.8,267.0,-999.1,-99.8,-99.8,-99.8,-99.8,-99.8,-99.8,-99.8
2023-12-06 19:00:00,-9999.1,-99.8,-99.8,9.1,274.0,17.4,254.0,-999.1,-99.8,-99.8,-99.8,-99.8,-99.8,-99.8,-99.8
2023-12-06 20:00:00,-9999.1,-99.8,-99.8,7.8,284.0,16.0,280.0,-999.1,-99.8,-99.8,-99.8,-99.8,-99.8,-99.8,-99.8
2023-12-06 21:00:00,-9999.1,-99.8,-99.8,7.4,283.0,13.6,280.0,-999.1,-99.8,-99.8,-99.8,-99.8,-99.8,-99.8,-99.8
2023-12-06 22:00:00,-9999.1,-99.8,-99.8,6.2,276.0,13.2,281.0,-999.1,-99.8,-99.8,-99.8,-99.8,-99.8,-99.8,-99.8
2023-12-06 23:00:00,-9999.1,-99.8,-99.8,6.6,278.0,11.9,284.0,-999.1,-99.8,-99.8,-99.8,-99.8,-99.8,-99.8,-99.8
2023-12-07 00:00:00,-9999.1,-99.8,-99.8,6.4,274.0,11.8,285.0,-999.1,-99.8,-99.8,-99.8,-99.8,-99.8,-99.8,-99.8
2023-12-07 01:00:00,-9999.1,-99.8,-99.8,6.1,271.0,11.8,282.0,-999.1,-99.8,-99.8,-99.8,-99.8,-99.8,-99.8,-99.8
2023-12-07 02:00:00,-9999.1,-99.8,-99.8,6.8,267.0,13.9,285.0,-999.1,-99.8,-99.8,-99.8,-99.8,-99.8,-99.8,-99.8
2023-12-07 03:00:00,-9999.1,-99.8,-99.8,5.8,274.0,14.0,282.0,-999.1,-99.8,-99.8,-99.8,-99.8,-99.8,-99.8,-99.8
2023-12-07 04:00:00,-9999.1,-99.8,-99.8,6.4,275.0,13.5,261.0,-999.1,-99.8,-99.8,-99.8,-99.8,-99.8,-99.8,-99.8
2023-12-07 05:00:00,-9999.1,-99.8,-99.8,6.0,274.0,12.4,264.0,-999.1,-99.8,-99.8,-99.8,-99.8,-99.8,-99.8,-99.8
2023-12-07 06:00:00,-9999.1,-99.8,-99.8,7.1,281.0,14.3,285.0,-999.1,-99.8,-99.8,-99.8,-99.8,-99.8,-99.8,-99.8
2023-12-07 07:00:00,-9999.1,-99.8,-99.8,6.4,276.0,13.2,259.0,-999.1,-99.8,-99.8,-99.8,-99.8,-99.8,-99.8,-99.8
2023-12-07 08:00:00,-9999.1,-99.8,-99.8,7.2,269.0,13.4,263.0,-999.1,-99.8,-99.8,-99.8,-99.8,-99.8,-99.8,-99.8
2023-12-07 09:00:00,-9999.1,-99.8,-99.8,6.6,269.0,12.8,269.0,-999.1,-99.8,-99.8,-99.8,-99.8,-99.8,-99.8,-99.8
2023-12-07 10:00:00,-9999.1,-99.8,-99.8,6.9,272.0,13.9,266.0,-999.1,-99.8,-99.8,-99.8,-99.8,-99.8,-99.8,-99.8
2023-12-07 11:00:00,-9999.1,-99.8,-99.8,7.1,279.0,12.2,282.0,-999.1,-99.8,-99.8,-99.8,-99.8,-99.8,-99.8,-99.8
2023-12-07 12:00:00,-9999.1,-99.8,-99.8,6.9,277.0,13.0,285.0,-999.1,-99.8,-99.8,-99.8,-99.8,-99.8,-99.8,-99.8
2023-12-07 13:00:00,-9999.1,-99.8,-99.8,7.1,271.0,12.9,261.0,-999.1,-99.8,-99.8,-99.8,-99.8,-99.8,-99.8,-99.8
2023-12-07 14:00:00,-9999.1,-99.8,-99.8,7.7,274.0,12.7,281.0,-999.1,-99.8,-99.8,-99.8,-99.8,-99.8,-99.8,-99.8
2023-12-07 15:00:00,-9999.1,-99.8,-99.8,6.4,272.0,13.1,256.0,-999.1,-99.8,-99.8,-99.8,-99.8,-99.8,-99.8,-99.8
2023-12-07 16:00:00,-9999.1,-99.8,-99.8,6.4,275.0,12.2,283.0,-999.1,-99.8,-99.8,-99.8,-99.8,-99.8,-99.8,-99.8
2023-12-07 17:00:00,-9999.1,-99.8,-99.8,6.1,282.0,10.8,276.0,-999.1,-99.8,-99.8,-99.8,-99.8,-99.8,-99.8,-99.8
2023-12-07 18:00:00,-9999.1,-99.8,-99.8,6.9,283.0,12.2,283.0,-999.1,-99.8,-99.8,-99.8,-99.8,-99.8,-99.8,-99.8
2023-12-07 19:00:00,-9999.1,-99.8,-99.8,7.6,286.0,13.2,286.0,-999.1,-99.8,-99.8,-99.8,-99.8,-99.8,-99.8,-99.8
2023-12-07 20:00:00,-9999.1,-99.8,-99.8,9.0,291.0,12.7,268.0,-999.1,-99.8,-99.8,-99.8,-99.8,-99.8,-99.8,-99.8
2023-12-07 21:00:00,-9999.1,-99.8,-99.8,7.7,292.0,14.0,285.0,-999.1,-99.8,-99.8,-99.8,-99.8,-99.8,-99.8,-99.8
2023-12-07 22:00:00,-9999.1,-99.8,-99.8,7.0,285.0,10.6,303.0,-999.1,-99.8,-99.8,-99.8,-99.8,-99.8,-99.8,-99.8
2023-12-07 23:00:00,-9999.1,-99.8,-99.8,5.8,282.0,11.1,284.0,-999.1,-99.8,-99.8,-99.8,-99.8,-99.8,-99.8,-99.8
2023-12-08 00:00:00,-9999.1,-99.8,-99.8,6.7,283.0,11.8,288.0,-999.1,-99.8,-99.8,-99.8,-99.8,-99.8,-99.8,-99.8
2023-12-08 01:00:00,-9999.1,-99.8,-99.8,6.3,276.0,11.9,259.0,-999.1,-99.8,-99.8,-99.8,-99.8,-99.8,-99.8,-99.8
2023-12-08 02:00:00,-9999.1,-99.8,-99.8,6.4,282.0,10.7,260.0,-999.1,-99.8,-99.8,-99.8,-99.8,-99.8,-99.8,-99.8
2023-12-08 03:00:00,-9999.1,-99.8,-99.8,6.3,278.0,11.2,282.0,-999.1,-99.8,-99.8,-99.8,-99.8,-99.8,-99.8,-99.8
2023-12-08 04:00:00,-9999.1,-99.8,-99.8,5.9,278.0,11.7,284.0,-999.1,-99.8,-99.8,-99.8,-99.8,-99.8,-99.8,-99.8
2023-12-08 05:00:00,-9999.1,-99.8,-99.8,5.8,280.0,11.4,285.0,-999.1,-99.8,-99.8,-99.8,-99.8,-99.8,-99.8,-99.8
2023-12-08 06:00:00,-9999.1,-99.8,-99.8,5.9,280.0,12.2,284.0,-999.1,-99.8,-99.8,-99.8,-99.8,-99.8,-99.8,-99.8
2023-12-08 07:00:00,-9999.1,-99.8,-99.8,5.8,280.0,11.1,285.0,-999.1,-99.8,-99.8,-99.8,-99.8,-99.8,-99.8,-99.8
2023-12-08 08:00:00,-9999.1,-99.8,-99.8,4.8,278.0,9.6,263.0,-999.1,-99.8,-99.8,-99.8,-99.8,-99.8,-99.8,-99.8
2023-12-08 09:00:00,-9999.1,-99.8,-99.8,4.9,281.0,10.7,289.0,-999.1,-99.8,-99.8,-99.8,-99.8,-99.8,-99.8,-99.8
2023-12-08 10:00:00,-9999.1,-99.8,-99.8,6.2,283.0,10.0,288.0,-999.1,-99.8,-99.8,-99.8,-99.8,-99.8,-99.8,-99.8
2023-12-08 11:00:00,-9999.1,-99.8,-99.8,6.3,286.0,10.5,294.0,-999.1,-99.8,-99.8,-99.8,-99.8,-99.8,-99.8,-99.8
2023-12-08 12:00:00,-9999.1,-99.8,-99.8,5.8,283.0,10.3,287.0,-999.1,-99.8,-99.8,-99.8,-99.8,-99.8,-99.8,-99.8
2023-12-08 13:00:00,-9999.1,-99.8,-99.8,4.9,282.0,10.5,282.0,-999.1,-99.8,-99.8,-99.8,-99.8,-99.8,-99.8,-99.8
2023-12-08 14:00:00,-9999.1,-99.8,-99.8,5.7,283.0,10.1,287.0,-999.1,-99.8,-99.8,-99.8,-99.8,-99.8,-99.8,-99.8
2023-12-08 15:00:00,-9999.1,-99.8,-99.8,5.5,287.0,9.9,281.0,-999.1,-99.8,-99.8,-99.8,-99.8,-99.8,-99.8,-99.8
2023-12-08 16:00:00,-9999.1,-99.8,-99.8,6.8,290.0,9.8,289.0,-999.1,-99.8,-99.8,-99.8,-99.8,-99.8,-99.8,-99.8
2023-12-08 17:00:00,-9999.1,-99.8,-99.8,6.2,289.0,10.0,296.0,-999.1,-99.8,-99.8,-99.8,-99.8,-99.8,-99.8,-99.8
2023-12-08 18:00:00,-9999.1,-99.8,-99.8,5.1,286.0,9.0,290.0,-999.1,-99.8,-99.8,-99.8,-99.8,-99.8,-99.8,-99.8
2023-12-08 19:00:00,-9999.1,-99.8,-99.8,3.7,264.0,7.0,266.0,-999.1,-99.8,-99.8,-99.8,-99.8,-99.8,-99.8,-99.8
2023-12-08 20:00:00,-9999.1,-99.8,-99.8,4.4,263.0,7.8,252.0,-999.1,-99.8,-99.8,-99.8,-99.8,-99.8,-99.8,-99.8
2023-12-08 21:00:00,-9999.1,-99.8,-99.8,4.0,261.0,7.5,261.0,-999.1,-99.8,-99.8,-99.8,-99.8,-99.8,-99.8,-99.8
2023-12-08 22:00:00,-9999.1,-99.8,-99.8,4.5,261.0,7.5,262.0,-999.1,-99.8,-99.8,-99.8,-99.8,-99.8,-99.8,-99.8
2023-12-08 23:00:00,-9999.1,-99.8,-99.8,4.4,277.0,8.8,253.0,-999.1,-99.8,-99.8,-99.8,-99.8,-99.8,-99.8,-99.8
2023-12-09 00:00:00,-9999.1,-99.8,-99.8,7.4,286.0,10.5,286.0,-999.1,-99.8,-99.8,-99.8,-99.8,-99.8,-99.8,-99.8
2023-12-09 01:00:00,-9999.1,-99.8,-99.8,7.3,285.0,11.0,284.0,-999.1,-99.8,-99.8,-99.8,-99.8,-99.8,-99.8,-99.8
2023-12-09 02:00:00,-9999.1,-99.8,-99.8,7.5,285.0,11.6,281.0,-999.1,-99.8,-99.8,-99.8,-99.8,-99.8,-99.8,-99.8
2023-12-09 03:00:00,-9999.1,-99.8,-99.8,6.1,286.0,11.2,295.0,-999.1,-99.8,-99.8,-99.8,-99.8,-99.8,-99.8,-99.8
2023-12-09 04:00:00,-9999.1,-99.8,-99.8,7.9,287.0,11.3,288.0,-999.1,-99.8,-99.8,-99.8,-99.8,-99.8,-99.8,-99.8
2023-12-09 05:00:00,-9999.1,-99.8,-99.8,7.7,288.0,12.2,291.0,-999.1,-99.8,-99.8,-99.8,-99.8,-99.8,-99.8,-99.8
2023-12-09 06:00:00,-9999.1,-99.8,-99.8,6.3,284.0,11.1,295.0,-999.1,-99.8,-99.8,-99.8,-99.8,-99.8,-99.8,-99.8
2023-12-09 07:00:00,-9999.1,-99.8,-99.8,5.2,279.0,10.8,295.0,-999.1,-99.8,-99.8,-99.8,-99.8,-99.8,-99.8,-99.8
2023-12-09 08:00:00,-9999.1,-99.8,-99.8,5.0,286.0,9.1,287.0,-999.1,-99.8,-99.8,-99.8,-99.8,-99.8,-99.8,-99.8
2023-12-09 09:00:00,-9999.1,-99.8,-99.8,4.7,277.0,9.3,293.0,-999.1,-99.8,-99.8,-99.8,-99.8,-99.8,-99.8,-99.8
2023-12-09 10:00:00,-9999.1,-99.8,-99.8,4.1,278.0,9.2,295.0,-999.1,-99.8,-99.8,-99.8,-99.8,-99.8,-99.8,-99.8
2023-12-09 11:00:00,-9999.1,-99.8,-99.8,5.7,283.0,9.0,289.0,-999.1,-99.8,-99.8,-99.8,-99.8,-99.8,-99.8,-99.8
2023-12-09 12:00:00,-9999.1,-99.8,-99.8,5.4,281.0,11.1,287.0,-999.1,-99.8,-99.8,-99.8,-99.8,-99.8,-99.8,-99.8
2023-12-09 13:00:00,-9999.1,-99.8,-99.8,5.0,279.0,11.5,257.0,-999.1,-99.8,-99.8,-99.8,-99.8,-99.8,-99.8,-99.8
2023-12-09 14:00:00,-9999.1,-99.8,-99.8,5.1,278.0,11.7,289.0,-999.1,-99.8,-99.8,-99.8,-99.8,-99.8,-99.8,-99.8
2023-12-09 15:00:00,-9999.1,-99.8,-99.8,5.3,283.0,9.8,288.0,-999.1,-99.8,-99.8,-99.8,-99.8,-99.8,-99.8,-99.8
2023-12-09 16:00:00,-9999.1,-99.8,-99.8,5.1,284.0,9.6,284.0,-999.1,-99.8,-99.8,-99.8,-99.8,-99.8,-99.8,-99.8
2023-12-09 17:00:00,-9999.1,-99.8,-99.8,4.9,282.0,9.0,287.0,-999.1,-99.8,-99.8,-99.8,-99.8,-99.8,-99.8,-99.8
2023-12-09 18:00:00,-9999.1,-99.8,-99.8,5.1,283.0,9.5,260.0,-999.1,-99.8,-99.8,-99.8,-99.8,-99.8,-99.8,-99.8
2023-12-09 19:00:00,-9999.1,-99.8,-99.8,4.7,276.0,9.7,274.0,-999.1,-99.8,-99.8,-99.8,-99.8,-99.8,-99.8,-99.8
2023-12-09 20:00:00,-9999.1,-99.8,-99.8,4.8,277.0,9.4,257.0,-999.1,-99.8,-99.8,-99.8,-99.8,-99.8,-99.8,-99.8
2023-12-09 21:00:00,-9999.1,-99.8,-99.8,4.8,276.0,9.5,259.0,-999.1,-99.8,-99.8,-99.8,-99.8,-99.8,-99.8,-99.8
2023-12-09 22:00:00,-9999.1,-99.8,-99.8,4.9,276.0,9.5,275.0,-999.1,-99.8,-99.8,-99.8,-99.8,-99.8,-99.8,-99.8
2023-12-09 23:00:00,-9999.1,-99.8,-99.8,4.7,278.0,9.1,287.0,-999.1,-99.8,-99.8,-99.8,-99.8,-99.8,-99.8,-99.8
2023-12-10 00:00:00,-9999.1,-99.8,-99.8,4.8,270.0,9.3,261.0,-999.1,-99.8,-99.8,-99.8,-99.8,-99.8,-99.8,-99.8
2023-12-10 01:00:00,-9999.1,-99.8,-99.8,4.3,275.0,8.9,278.0,-999.1,-99.8,-99.8,-99.8,-99.8,-99.8,-99.8,-99.8
2023-12-10 02:00:00,-9999.1,-99.8,-99.8,5.0,280.0,8.8,288.0,-999.1,-99.8,-99.8,-99.8,-99.8,-99.8,-99.8,-99.8
2023-12-10 03:00:00,-9999.1,-99.8,-99.8,4.3,274.0,8.8,287.0,-999.1,-99.8,-99.8,-99.8,-99.8,-99.8,-99.8,-99.8
2023-12-10 04:00:00,-9999.1,-99.8,-99.8,4.3,273.0,8.3,288.0,-999.1,-99.8,-99.8,-99.8,-99.8,-99.8,-99.8,-99.8
2023-12-10 05:00:00,-9999.1,-99.8,-99.8,3.7,273.0,9.6,260.0,-999.1,-99.8,-99.8,-99.8,-99.8,-99.8,-99.8,-99.8
2023-12-10 06:00:00,-9999.1,-99.8,-99.8,4.1,276.0,6.9,262.0,-999.1,-99.8,-99.8,-99.8,-99.8,-99.8,-99.8,-99.8
2023-12-10 07:00:00,-9999.1,-99.8,-99.8,3.7,264.0,7.0,253.0,-999.1,-99.8,-99.8,-99.8,-99.8,-99.8,-99.8,-99.8
2023-12-10 08:00:00,-9999.1,-99.8,-99.8,2.7,248.0,7.0,237.0,-999.1,-99.8,-99.8,-99.8,-99.8,-99.8,-99.8,-99.8
2023-12-10 09:00:00,-9999.1,-99.8,-99.8,2.8,260.0,6.0,244.0,-999.1,-99.8,-99.8,-99.8,-99.8,-99.8,-99.8,-99.8
2023-12-10 10:00:00,-9999.1,-99.8,-99.8,3.0,272.0,6.0,259.0,-999.1,-99.8,-99.8,-99.8,-99.8,-99.8,-99.8,-99.8
2023-12-10 11:00:00,-9999.1,-99.8,-99.8,2.9,279.0,5.8,284.0,-999.1,-99.8,-99.8,-99.8,-99.8,-99.8,-99.8,-99.8
2023-12-10 12:00:00,-9999.1,-99.8,-99.8,3.5,281.0,6.8,288.0,-999.1,-99.8,-99.8,-99.8,-99.8,-99.8,-99.8,-99.8
2023-12-10 13:00:00,-9999.1,-99.8,-99.8,4.1,273.0,7.6,260.0,-999.1,-99.8,-99.8,-99.8,-99.8,-99.8,-99.8,-99.8
2023-12-10 14:00:00,-9999.1,-99.8,-99.8,4.6,274.0,8.6,285.0,-999.1,-99.8,-99.8,-99.8,-99.8,-99.8,-99.8,-99.8
2023-12-10 15:00:00,-9999.1,-99.8,-99.8,4.5,276.0,9.2,287.0,-999.1,-99.8,-99.8,-99.8,-99.8,-99.8,-99.8,-99.8
2023-12-10 16:00:00,-9999.1,-99.8,-99.8,4.4,272.0,8.8,288.0,-999.1,-99.8,-99.8,-99.8,-99.8,-99.8,-99.8,-99.8
2023-12-10 17:00:00,-9999.1,-99.8,-99.8,3.6,275.0,8.4,285.0,-999.1,-99.8,-99.8,-99.8,-99.8,-99.8,-99.8,-99.8
2023-12-10 18:00:00,-9999.1,-99.8,-99.8,3.6,272.0,7.1,260.0,-999.1,-99.8,-99.8,-99.8,-99.8,-99.8,-99.8,-99.8
2023-12-10 19:00:00,-9999.1,-99.8,-99.8,4.0,275.0,7.0,283.0,-999.1,-99.8,-99.8,-99.8,-99.8,-99.8,-99.8,-99.8
2023-12-10 20:00:00,-9999.1,-99.8,-99.8,3.7,267.0,6.8,260.0,-999.1,-99.8,-99.8,-99.8,-99.8,-99.8,-99.8,-99.8
2023-12-10 21:00:00,-9999.1,-99.8,-99.8,3.9,268.0,7.0,256.0,-999.1,-99.8,-99.8,-99.8,-99.8,-99.8,-99.8,-99.8
2023-12-10 22:00:00,-9999.1,-99.8,-99.8,3.7,271.0,8.1,280.0,-999.1,-99.8,-99.8,-99.8,-99.8,-99.8,-99.8,-99.8
2023-12-10 23:00:00,-9999.1,-99.8,-99.8,4.1,269.0,7.6,258.0,-999.1,-99.8,-99.8,-99.8,-99.8,-99.8,-99.8,-99.8
2023-12-11 00:00:00,-9999.1,-99.8,-99.8,3.9,261.0,8.1,255.0,-999.1,-99.8,-99.8,-99.8,-99.8,-99.8,-99.8,-99.8
2023-12-11 01:00:00,-9999.1,-99.8,-99.8,4.5,256.0,8.2,248.0,-999.1,-99.8,-99.8,-99.8,-99.8,-99.8,-99.8,-99.8
2023-12-11 02:00:00,-9999.1,-99.8,-99.8,4.5,271.0,10.1,289.0,-999.1,-99.8,-99.8,-99.8,-99.8,-99.8,-99.8,-99.8
2023-12-11 03:00:00,-9999.1,-99.8,-99.8,4.9,281.0,9.9,256.0,-999.1,-99.8,-99.8,-99.8,-99.8,-99.8,-99.8,-99.8
2023-12-11 04:00:00,-9999.1,-99.8,-99.8,4.9,274.0,10.1,241.0,-999.1,-99.8,-99.8,-99.8,-99.8,-99.8,-99.8,-99.8
2023-12-11 05:00:00,-9999.1,-99.8,-99.8,4.6,276.0,8.9,288.0,-999.1,-99.8,-99.8,-99.8,-99.8,-99.8,-99.8,-99.8
2023-12-11 06:00:00,-9999.1,-99.8,-99.8,4.6,278.0,9.1,262.0,-999.1,-99.8,-99.8,-99.8,-99.8,-99.8,-99.8,-99.8
2023-12-11 07:00:00,-9999.1,-99.8,-99.8,4.2,276.0,8.7,288.0,-999.1,-99.8,-99.8,-99.8,-99.8,-99.8,-99.8,-99.8
2023-12-11 08:00:00,-9999.1,-99.8,-99.8,4.3,278.0,9.4,256.0,-999.1,-99.8,-99.8,-99.8,-99.8,-99.8,-99.8,-99.8
2023-12-11 09:00:00,-9999.1,-99.8,-99.8,4.2,279.0,8.5,285.0,-999.1,-99.8,-99.8,-99.8,-99.8,-99.8,-99.8,-99.8
2023-12-11 10:00:00,-9999.1,-99.8,-99.8,4.4,280.0,8.5,285.0,-999.1,-99.8,-99.8,-99.8,-99.8,-99.8,-99.8,-99.8
2023-12-11 11:00:00,-9999.1,-99.8,-99.8,5.0,277.0,9.9,284.0,-999.1,-99.8,-99.8,-99.8,-99.8,-99.8,-99.8,-99.8
2023-12-11 12:00:00,-9999.1,-99.8,-99.8,5.4,275.0,9.4,263.0,-999.1,-99.8,-99.8,-99.8,-99.8,-99.8,-99.8,-99.8
2023-12-11 13:00:00,-9999.1,-99.8,-99.8,5.7,272.0,10.5,286.0,-999.1,-99.8,-99.8,-99.8,-99.8,-99.8,-99.8,-99.8
2023-12-11 14:00:00,-9999.1,-99.8,-99.8,4.8,273.0,10.9,292.0,-999.1,-99.8,-99.8,-99.8,-99.8,-99.8,-99.8,-99.8
2023-12-11 15:00:00,-9999.1,-99.8,-99.8,5.2,271.0,10.3,298.0,-999.1,-99.8,-99.8,-99.8,-99.8,-99.8,-99.8,-99.8
2023-12-11 16:00:00,-9999.1,-99.8,-99.8,5.0,276.0,11.0,286.0,-999.1,-99.8,-99.8,-99.8,-99.8,-99.8,-99.8,-99.8
2023-12-11 17:00:00,-9999.1,-99.8,-99.8,4.4,277.0,9.2,286.0,-999.1,-99.8,-99.8,-99.8,-99.8,-99.8,-99.8,-99.8
2023-12-11 18:00:00,-9999.1,-99.8,-99.8,4.2,276.0,10.1,286.0,-999.1,-99.8,-99.8,-99.8,-99.8,-99.8,-99.8,-99.8
2023-12-11 19:00:00,-9999.1,-99.8,-99.8,4.7,277.0,8.5,261.0,-999.1,-99.8,-99.8,-99.8,-99.8,-99.8,-99.8,-99.8
2023-12-11 20:00:00,-9999.1,-99.8,-99.8,5.1,284.0,10.8,285.0,-999.1,-99.8,-99.8,-99.8,-99.8,-99.8,-99.8,-99.8
2023-12-11 21:00:00,-9999.1,-99.8,-99.8,6.1,284.0,14.4,246.0,-999.1,-99.8,-99.8,-99.8,-99.8,-99.8,-99.8,-99.8
2023-12-11 22:00:00,-9999.1,-99.8,-99.8,5.1,277.0,9.6,284.0,-999.1,-99.8,-99.8,-99.8,-99.8,-99.8,-99.8,-99.8
2023-12-11 23:00:00,-9999.1,-99.8,-99.8,5.0,278.0,9.8,286.0,-999.1,-99.8,-99.8,-99.8,-99.8,-99.8,-99.8,-99.8
2023-12-12 00:00:00,-9999.1,-99.8,-99.8,4.4,269.0,9.4,294.0,-999.1,-99.8,-99.8,-99.8,-99.8,-99.8,-99.8,-99.8
2023-12-12 01:00:00,-9999.1,-99.8,-99.8,5.6,276.0,9.2,283.0,-999.1,-99.8,-99.8,-99.8,-99.8,-99.8,-99.8,-99.8
2023-12-12 02:00:00,-9999.1,-99.8,-99.8,5.7,282.0,8.7,290.0,-999.1,-99.8,-99.8,-99.8,-99.8,-99.8,-99.8,-99.8
2023-12-12 03:00:00,-9999.1,-99.8,-99.8,4.5,273.0,8.6,288.0,-999.1,-99.8,-99.8,-99.8,-99.8,-99.8,-99.8,-99.8
2023-12-12 04:00:00,-9999.1,-99.8,-99.8,5.7,283.0,9.8,283.0,-999.1,-99.8,-99.8,-99.8,-99.8,-99.8,-99.8,-99.8
2023-12-12 05:00:00,-9999.1,-99.8,-99.8,4.6,279.0,9.1,285.0,-999.1,-99.8,-99.8,-99.8,-99.8,-99.8,-99.8,-99.8
2023-12-12 06:00:00,-9999.1,-99.8,-99.8,5.4,272.0,12.2,288.0,-999.1,-99.8,-99.8,-99.8,-99.8,-99.8,-99.8,-99.8
2023-12-12 07:00:00,-9999.1,-99.8,-99.8,5.0,270.0,11.2,258.0,-999.1,-99.8,-99.8,-99.8,-99.8,-99.8,-99.8,-99.8
2023-12-12 08:00:00,-9999.1,-99.8,-99.8,4.8,266.0,8.9,253.0,-999.1,-99.8,-99.8,-99.8,-99.8,-99.8,-99.8,-99.8
2023-12-12 09:00:00,-9999.1,-99.8,-99.8,4.3,273.0,8.3,267.0,-999.1,-99.8,-99.8,-99.8,-99.8,-99.8,-99.8,-99.8
2023-12-12 10:00:00,-9999.1,-99.8,-99.8,4.7,281.0,8.6,283.0,-999.1,-99.8,-99.8,-99.8,-99.8,-99.8,-99.8,-99.8
2023-12-12 11:00:00,-9999.1,-99.8,-99.8,4.6,272.0,9.7,279.0,-999.1,-99.8,-99.8,-99.8,-99.8,-99.8,-99.8,-99.8
2023-12-12 12:00:00,-9999.1,-99.8,-99.8,5.3,276.0,9.4,288.0,-999.1,-99.8,-99.8,-99.8,-99.8,-99.8,-99.8,-99.8
2023-12-12 13:00:00,-9999.1,-99.8,-99.8,4.9,276.0,10.3,285.0,-999.1,-99.8,-99.8,-99.8,-99.8,-99.8,-99.8,-99.8
2023-12-12 14:00:00,-9999.1,-99.8,-99.8,5.5,276.0,9.4,288.0,-999.1,-99.8,-99.8,-99.8,-99.8,-99.8,-99.8,-99.8
2023-12-12 15:00:00,-9999.1,-99.8,-99.8,4.8,271.0,9.8,258.0,-999.1,-99.8,-99.8,-99.8,-99.8,-99.8,-99.8,-99.8
2023-12-12 16:00:00,-9999.1,-99.8,-99.8,4.6,274.0,9.4,289.0,-999.1,-99.8,-99.8,-99.8,-99.8,-99.8,-99.8,-99.8
2023-12-12 17:00:00,-9999.1,-99.8,-99.8,4.6,275.0,9.6,285.0,-999.1,-99.8,-99.8,-99.8,-99.8,-99.8,-99.8,-99.8
2023-12-12 18:00:00,-9999.1,-99.8,-99.8,4.9,278.0,9.4,286.0,-999.1,-99.8,-99.8,-99.8,-99.8,-99.8,-99.8,-99.8
2023-12-12 19:00:00,-9999.1,-99.8,-99.8,5.6,280.0,10.2,286.0,-999.1,-99.8,-99.8,-99.8,-99.8,-99.8,-99.8,-99.8
2023-12-12 20:00:00,-9999.1,-99.8,-99.8,6.0,280.0,10.4,283.0,-999.1,-99.8,-99.8,-99.8,-99.8,-99.8,-99.8,-99.8
2023-12-12 21:00:00,-9999.1,-99.8,-99.8,5.4,279.0,11.1,283.0,-999.1,-99.8,-99.8,-99.8,-99.8,-99.8,-99.8,-99.8
2023-12-12 22:00:00,-9999.1,-99.8,-99.8,5.6,280.0,11.4,284.0,-999.1,-99.8,-99.8,-99.8,-99.8,-99.8,-99.8,-99.8
2023-12-12 23:00:00,-9999.1,-99.8,-99.8,5.8,283.0,10.6,286.0,-999.1,-99.8,-99.8,-99.8,-99.8,-99.8,-99.8,-99.8
2023-12-13 00:00:00,-9999.1,-99.8,-99.8,5.4,283.0,10.0,286.0,-999.1,-99.8,-99.8,-99.8,-99.8,-99.8,-99.8,-99.8
2023-12-13 01:00:00,-9999.1,-99.8,-99.8,5.6,280.0,11.1,287.0,-999.1,-99.8,-99.8,-99.8,-99.8,-99.8,-99.8,-99.8
2023-12-13 02:00:00,-9999.1,-99.8,-99.8,6.6,286.0,12.5,290.0,-999.1,-99.8,-99.8,-99.8,-99.8,-99.8,-99.8,-99.8
2023-12-13 03:00:00,-9999.1,-99.8,-99.8,7.6,286.0,13.6,286.0,-999.1,-99.8,-99.8,-99.8,-99.8,-99.8,-99.8,-99.8
2023-12-13 04:00:00,-9999.1,-99.8,-99.8,8.7,286.0,13.4,286.0,-999.1,-99.8,-99.8,-99.8,-99.8,-99.8,-99.8,-99.8
2023-12-13 05:00:00,-9999.1,-99.8,-99.8,6.7,282.0,14.5,285.0,-999.1,-99.8,-99.8,-99.8,-99.8,-99.8,-99.8,-99.8
2023-12-13 06:00:00,-9999.1,-99.8,-99.8,8.2,286.0,14.1,289.0,-999.1,-99.8,-99.8,-99.8,-99.8,-99.8,-99.8,-99.8
2023-12-13 07:00:00,-9999.1,-99.8,-99.8,11.0,288.0,14.2,286.0,-999.1,-99.8,-99.8,-99.8,-99.8,-99.8,-99.8,-99.8
2023-12-13 08:00:00,-9999.1,-99.8,-99.8,10.4,287.0,18.5,285.0,-999.1,-99.8,-99.8,-99.8,-99.8,-99.8,-99.8,-99.8
2023-12-13 09:00:00,-9999.1,-99.8,-99.8,10.3,292.0,18.4,283.0,-999.1,-99.8,-99.8,-99.8,-99.8,-99.8,-99.8,-99.8
2023-12-13 10:00:00,-9999.1,-99.8,-99.8,8.6,286.0,16.1,294.0,-999.1,-99.8,-99.8,-99.8,-99.8,-99.8,-99.8,-99.8
2023-12-13 11:00:00,-9999.1,-99.8,-99.8,7.3,286.0,13.0,286.0,-999.1,-99.8,-99.8,-99.8,-99.8,-99.8,-99.8,-99.8
2023-12-13 12:00:00,-9999.1,-99.8,-99.8,7.0,285.0,11.6,288.0,-999.1,-99.8,-99.8,-99.8,-99.8,-99.8,-99.8,-99.8
2023-12-13 13:00:00,-9999.1,-99.8,-99.8,6.1,283.0,12.3,285.0,-999.1,-99.8,-99.8,-99.8,-99.8,-99.8,-99.8,-99.8
2023-12-13 14:00:00,-9999.1,-99.8,-99.8,5.6,282.0,10.0,280.0,-999.1,-99.8,-99.8,-99.8,-99.8,-99.8,-99.8,-99.8
2023-12-13 15:00:00,-9999.1,-99.8,-99.8,5.5,281.0,9.4,283.0,-999.1,-99.8,-99.8,-99.8,-99.8,-99.8,-99.8,-99.8
2023-12-13 16:00:00,-9999.1,-99.8,-99.8,5.6,283.0,9.4,292.0,-999.1,-99.8,-99.8,-99.8,-99.8,-99.8,-99.8,-99.8
2023-12-13 17:00:00,-9999.1,-99.8,-99.8,6.6,287.0,10.4,288.0,-999.1,-99.8,-99.8,-99.8,-99.8,-99.8,-99.8,-99.8
2023-12-13 18:00:00,-9999.1,-99.8,-99.8,5.3,293.0,10.7,289.0,-999.1,-99.8,-99.8,-99.8,-99.8,-99.8,-99.8,-99.8
2023-12-13 19:00:00,-9999.1,-99.8,-99.8,6.1,293.0,10.1,292.0,-999.1,-99.8,-99.8,-99.8,-99.8,-99.8,-99.8,-99.8
2023-12-13 20:00:00,-9999.1,-99.8,-99.8,6.5,286.0,9.5,302.0,-999.1,-99.8,-99.8,-99.8,-99.8,-99.8,-99.8,-99.8
2023-12-13 21:00:00,-9999.1,-99.8,-99.8,5.7,291.0,8.9,288.0,-999.1,-99.8,-99.8,-99.8,-99.8,-99.8,-99.8,-99.8
2023-12-13 22:00:00,-9999.1,-99.8,-99.8,5.7,288.0,8.2,290.0,-999.1,-99.8,-99.8,-99.8,-99.8,-99.8,-99.8,-99.8
2023-12-13 23:00:00,-9999.1,-99.8,-99.8,4.6,289.0,7.5,287.0,-999.1,-99.8,-99.8,-99.8,-99.8,-99.8,-99.8,-99.8
2023-12-14 00:00:00,-9999.1,-99.8,-99.8,5.2,302.0,7.1,295.0,-999.1,-99.8,-99.8,-99.8,-99.8,-99.8,-99.8,-99.8
2023-12-14 01:00:00,-9999.1,-99.8,-99.8,4.7,294.0,6.2,284.0,-999.1,-99.8,-99.8,-99.8,-99.8,-99.8,-99.8,-99.8
2023-12-14 02:00:00,-9999.1,-99.8,-99.8,4.2,299.0,6.0,295.0,-999.1,-99.8,-99.8,-99.8,-99.8,-99.8,-99.8,-99.8
2023-12-14 03:00:00,-9999.1,-99.8,-99.8,3.0,286.0,5.6,291.0,-999.1,-99.8,-99.8,-99.8,-99.8,-99.8,-99.8,-99.8
2023-12-14 04:00:00,-9999.1,-99.8,-99.8,2.3,286.0,3.7,288.0,-999.1,-99.8,-99.8,-99.8,-99.8,-99.8,-99.8,-99.8
2023-12-14 05:00:00,-9999.1,-99.8,-99.8,1.5,268.0,3.2,291.0,-999.1,-99.8,-99.8,-99.8,-99.8,-99.8,-99.8,-99.8
2023-12-14 06:00:00,-9999.1,-99.8,-99.8,1.0,276.0,1.9,282.0,-999.1,-99.8,-99.8,-99.8,-99.8,-99.8,-99.8,-99.8
2023-12-14 07:00:00,-9999.1,-99.8,-99.8,3.2,114.0,3.9,113.0,-999.1,-99.8,-99.8,-99.8,-99.8,-99.8,-99.8,-99.8
2023-12-14 08:00:00,-9999.1,-99.8,-99.8,3.3,120.0,4.5,121.0,-999.1,-99.8,-99.8,-99.8,-99.8,-99.8,-99.8,-99.8
2023-12-14 09:00:00,-9999.1,-99.8,-99.8,3.3,139.0,6.0,144.0,-999.1,-99.8,-99.8,-99.8,-99.8,-99.8,-99.8,-99.8
2023-12-14 10:00:00,-9999.1,-99.8,-99.8,2.3,140.0,5.7,153.0,-999.1,-99.8,-99.8,-99.8,-99.8,-99.8,-99.8,-99.8
2023-12-14 11:00:00,-9999.1,-99.8,-99.8,1.5,212.0,3.8,153.0,-999.1,-99.8,-99.8,-99.8,-99.8,-99.8,-99.8,-99.8
2023-12-14 12:00:00,-9999.1,-99.8,-99.8,1.6,218.0,3.2,199.0,-999.1,-99.8,-99.8,-99.8,-99.8,-99.8,-99.8,-99.8
2023-12-14 13:00:00,-9999.1,-99.8,-99.8,1.9,225.0,3.8,248.0,-999.1,-99.8,-99.8,-99.8,-99.8,-99.8,-99.8,-99.8
2023-12-14 14:00:00,-9999.1,-99.8,-99.8,1.2,204.0,3.6,227.0,-999.1,-99.8,-99.8,-99.8,-99.8,-99.8,-99.8,-99.8
2023-12-14 15:00:00,-9999.1,-99.8,-99.8,1.0,163.0,3.3,198.0,-999.1,-99.8,-99.8,-99.8,-99.8,-99.8,-99.8,-99.8
2023-12-14 16:00:00,-9999.1,-99.8,-99.8,0.6,230.0,3.3,86.0,-999.1,-99.8,-99.8,-99.8,-99.8,-99.8,-99.8,-99.8
2023-12-14 17:00:00,-9999.1,-99.8,-99.8,0.6,215.0,3.1,229.0,-999.1,-99.8,-99.8,-99.8,-99.8,-99.8,-99.8,-99.8
2023-12-14 18:00:00,-9999.1,-99.8,-99.8,3.1,105.0,3.9,114.0,-999.1,-99.8,-99.8,-99.8,-99.8,-99.8,-99.8,-99.8
2023-12-14 19:00:00,-9999.1,-99.8,-99.8,4.0,111.0,5.8,109.0,-999.1,-99.8,-99.8,-99.8,-99.8,-99.8,-99.8,-99.8
2023-12-14 20:00:00,-9999.1,-99.8,-99.8,4.0,115.0,6.7,104.0,-999.1,-99.8,-99.8,-99.8,-99.8,-99.8,-99.8,-99.8
2023-12-14 21:00:00,-9999.1,-99.8,-99.8,5.0,113.0,6.7,103.0,-999.1,-99.8,-99.8,-99.8,-99.8,-99.8,-99.8,-99.8
2023-12-14 22:00:00,-9999.1,-99.8,-99.8,2.1,136.0,6.7,112.0,-999.1,-99.8,-99.8,-99.8,-99.8,-99.8,-99.8,-99.8
2023-12-14 23:00:00,-9999.1,-99.8,-99.8,2.5,137.0,4.4,149.0,-999.1,-99.8,-99.8,-99.8,-99.8,-99.8,-99.8,-99.8
2023-12-15 00:00:00,-9999.1,-99.8,-99.8,1.2,183.0,4.4,149.0,-999.1,-99.8,-99.8,-99.8,-99.8,-99.8,-99.8,-99.8
2023-12-15 01:00:00,-9999.1,-99.8,-99.8,2.4,187.0,5.8,217.0,-999.1,-99.8,-99.8,-99.8,-99.8,-99.8,-99.8,-99.8
2023-12-15 02:00:00,-9999.1,-99.8,-99.8,0.7,203.0,5.7,177.0,-999.1,-99.8,-99.8,-99.8,-99.8,-99.8,-99.8,-99.8
2023-12-15 03:00:00,-9999.1,-99.8,-99.8,3.1,253.0,6.2,253.0,-999.1,-99.8,-99.8,-99.8,-99.8,-99.8,-99.8,-99.8
2023-12-15 04:00:00,-9999.1,-99.8,-99.8,3.6,274.0,6.1,247.0,-999.1,-99.8,-99.8,-99.8,-99.8,-99.8,-99.8,-99.8
2023-12-15 05:00:00,-9999.1,-99.8,-99.8,4.0,281.0,6.6,285.0,-999.1,-99.8,-99.8,-99.8,-99.8,-99.8,-99.8,-99.8
2023-12-15 06:00:00,-9999.1,-99.8,-99.8,4.5,272.0,7.6,283.0,-999.1,-99.8,-99.8,-99.8,-99.8,-99.8,-99.8,-99.8
2023-12-15 07:00:00,-9999.1,-99.8,-99.8,4.4,277.0,8.0,275.0,-999.1,-99.8,-99.8,-99.8,-99.8,-99.8,-99.8,-99.8
2023-12-15 08:00:00,-9999.1,-99.8,-99.8,3.7,270.0,7.5,260.0,-999.1,-99.8,-99.8,-99.8,-99.8,-99.8,-99.8,-99.8
2023-12-15 09:00:00,-9999.1,-99.8,-99.8,4.4,267.0,7.5,252.0,-999.1,-99.8,-99.8,-99.8,-99.8,-99.8,-99.8,-99.8
2023-12-15 10:00:00,-9999.1,-99.8,-99.8,4.1,274.0,7.0,283.0,-999.1,-99.8,-99.8,-99.8,-99.8,-99.8,-99.8,-99.8
2023-12-15 11:00:00,-9999.1,-99.8,-99.8,4.0,277.0,8.5,286.0,-999.1,-99.8,-99.8,-99.8,-99.8,-99.8,-99.8,-99.8
2023-12-15 12:00:00,-9999.1,-99.8,-99.8,4.8,278.0,8.8,291.0,-999.1,-99.8,-99.8,-99.8,-99.8,-99.8,-99.8,-99.8
2023-12-15 13:00:00,-9999.1,-99.8,-99.8,4.5,274.0,8.9,285.0,-999.1,-99.8,-99.8,-99.8,-99.8,-99.8,-99.8,-99.8
2023-12-15 14:00:00,-9999.1,-99.8,-99.8,4.5,277.0,8.3,280.0,-999.1,-99.8,-99.8,-99.8,-99.8,-99.8,-99.8,-99.8
2023-12-15 15:00:00,-9999.1,-99.8,-99.8,4.7,282.0,8.7,284.0,-999.1,-99.8,-99.8,-99.8,-99.8,-99.8,-99.8,-99.8
2023-12-15 16:00:00,-9999.1,-99.8,-99.8,4.4,276.0,8.7,287.0,-999.1,-99.8,-99.8,-99.8,-99.8,-99.8,-99.8,-99.8
2023-12-15 17:00:00,-9999.1,-99.8,-99.8,4.6,279.0,9.5,290.0,-999.1,-99.8,-99.8,-99.8,-99.8,-99.8,-99.8,-99.8
2023-12-15 18:00:00,-9999.1,-99.8,-99.8,4.2,279.0,7.7,290.0,-999.1,-99.8,-99.8,-99.8,-99.8,-99.8,-99.8,-99.8
2023-12-15 19:00:00,-9999.1,-99.8,-99.8,3.9,277.0,6.4,288.0,-999.1,-99.8,-99.8,-99.8,-99.8,-99.8,-99.8,-99.8
2023-12-15 20:00:00,-9999.1,-99.8,-99.8,3.4,262.0,7.5,257.0,-999.1,-99.8,-99.8,-99.8,-99.8,-99.8,-99.8,-99.8
2023-12-15 21:00:00,-9999.1,-99.8,-99.8,2.9,254.0,5.9,237.0,-999.1,-99.8,-99.8,-99.8,-99.8,-99.8,-99.8,-99.8
2023-12-15 22:00:00,-9999.1,-99.8,-99.8,3.3,270.0,6.1,264.0,-999.1,-99.8,-99.8,-99.8,-99.8,-99.8,-99.8,-99.8
2023-12-15 23:00:00,-9999.1,-99.8,-99.8,3.4,253.0,6.1,245.0,-999.1,-99.8,-99.8,-99.8,-99.8,-99.8,-99.8,-99.8
2023-12-16 00:00:00,-9999.1,-99.8,-99.8,3.2,239.0,6.8,252.0,-999.1,-99.8,-99.8,-99.8,-99.8,-99.8,-99.8,-99.8
2023-12-16 01:00:00,-9999.1,-99.8,-99.8,2.5,244.0,5.5,253.0,-999.1,-99.8,-99.8,-99.8,-99.8,-99.8,-99.8,-99.8
2023-12-16 02:00:00,-9999.1,-99.8,-99.8,2.2,259.0,5.2,244.0,-999.1,-99.8,-99.8,-99.8,-99.8,-99.8,-99.8,-99.8
2023-12-16 03:00:00,-9999.1,-99.8,-99.8,1.7,258.0,4.9,246.0,-999.1,-99.8,-99.8,-99.8,-99.8,-99.8,-99.8,-99.8
2023-12-16 04:00:00,-9999.1,-99.8,-99.8,2.1,222.0,4.3,281.0,-999.1,-99.8,-99.8,-99.8,-99.8,-99.8,-99.8,-99.8
2023-12-16 05:00:00,-9999.1,-99.8,-99.8,2.2,283.0,4.1,268.0,-999.1,-99.8,-99.8,-99.8,-99.8,-99.8,-99.8,-99.8
2023-12-16 06:00:00,-9999.1,-99.8,-99.8,0.8,223.0,4.6,258.0,-999.1,-99.8,-99.8,-99.8,-99.8,-99.8,-99.8,-99.8
2023-12-16 07:00:00,-9999.1,-99.8,-99.8,2.2,175.0,5.2,234.0,-999.1,-99.8,-99.8,-99.8,-99.8,-99.8,-99.8,-99.8
2023-12-16 08:00:00,-9999.1,-99.8,-99.8,2.3,177.0,7.1,150.0,-999.1,-99.8,-99.8,-99.8,-99.8,-99.8,-99.8,-99.8
2023-12-16 09:00:00,-9999.1,-99.8,-99.8,2.8,221.0,7.4,234.0,-999.1,-99.8,-99.8,-99.8,-99.8,-99.8,-99.8,-99.8
2023-12-16 10:00:00,-9999.1,-99.8,-99.8,2.4,256.0,4.8,254.0,-999.1,-99.8,-99.8,-99.8,-99.8,-99.8,-99.8,-99.8
2023-12-16 11:00:00,-9999.1,-99.8,-99.8,3.2,277.0,5.9,246.0,-999.1,-99.8,-99.8,-99.8,-99.8,-99.8,-99.8,-99.8
2023-12-16 12:00:00,-9999.1,-99.8,-99.8,4.4,275.0,8.1,289.0,-999.1,-99.8,-99.8,-99.8,-99.8,-99.8,-99.8,-99.8
2023-12-16 13:00:00,-9999.1,-99.8,-99.8,4.6,274.0,8.9,276.0,-999.1,-99.8,-99.8,-99.8,-99.8,-99.8,-99.8,-99.8
2023-12-16 14:00:00,-9999.1,-99.8,-99.8,4.9,277.0,9.5,284.0,-999.1,-99.8,-99.8,-99.8,-99.8,-99.8,-99.8,-99.8
2023-12-16 15:00:00,-9999.1,-99.8,-99.8,5.4,276.0,11.6,276.0,-999.1,-99.8,-99.8,-99.8,-99.8,-99.8,-99.8,-99.8
2023-12-16 16:00:00,-9999.1,-99.8,-99.8,5.3,272.0,11.2,258.0,-999.1,-99.8,-99.8,-99.8,-99.8,-99.8,-99.8,-99.8
2023-12-16 17:00:00,-9999.1,-99.8,-99.8,5.2,274.0,11.3,286.0,-999.1,-99.8,-99.8,-99.8,-99.8,-99.8,-99.8,-99.8
2023-12-16 18:00:00,-9999.1,-99.8,-99.8,5.1,272.0,9.7,290.0,-999.1,-99.8,-99.8,-99.8,-99.8,-99.8,-99.8,-99.8
2023-12-16 19:00:00,-9999.1,-99.8,-99.8,5.4,278.0,10.8,290.0,-999.1,-99.8,-99.8,-99.8,-99.8,-99.8,-99.8,-99.8
2023-12-16 20:00:00,-9999.1,-99.8,-99.8,5.6,275.0,10.2,275.0,-999.1,-99.8,-99.8,-99.8,-99.8,-99.8,-99.8,-99.8
2023-12-16 21:00:00,-9999.1,-99.8,-99.8,5.8,275.0,11.4,286.0,-999.1,-99.8,-99.8,-99.8,-99.8,-99.8,-99.8,-99.8
2023-12-16 22:00:00,-9999.1,-99.8,-99.8,6.1,278.0,11.8,260.0,-999.1,-99.8,-99.8,-99.8,-99.8,-99.8,-99.8,-99.8
2023-12-16 23:00:00,-9999.1,-99.8,-99.8,6.8,279.0,14.4,291.0,-999.1,-99.8,-99.8,-99.8,-99.8,-99.8,-99.8,-99.8
2023-12-17 00:00:00,-9999.1,-99.8,-99.8,6.2,276.0,11.3,261.0,-999.1,-99.8,-99.8,-99.8,-99.8,-99.8,-99.8,-99.8
2023-12-17 01:00:00,-9999.1,-99.8,-99.8,7.2,276.0,14.3,264.0,-999.1,-99.8,-99.8,-99.8,-99.8,-99.8,-99.8,-99.8
2023-12-17 02:00:00,-9999.1,-99.8,-99.8,6.8,273.0,15.1,261.0,-999.1,-99.8,-99.8,-99.8,-99.8,-99.8,-99.8,-99.8
2023-12-17 03:00:00,-9999.1,-99.8,-99.8,7.0,270.0,14.7,285.0,-999.1,-99.8,-99.8,-99.8,-99.8,-99.8,-99.8,-99.8
2023-12-17 04:00:00,-9999.1,-99.8,-99.8,7.5,274.0,15.2,284.0,-999.1,-99.8,-99.8,-99.8,-99.8,-99.8,-99.8,-99.8
2023-12-17 05:00:00,-9999.1,-99.8,-99.8,7.0,272.0,14.8,264.0,-999.1,-99.8,-99.8,-99.8,-99.8,-99.8,-99.8,-99.8
2023-12-17 06:00:00,-9999.1,-99.8,-99.8,7.6,271.0,14.6,280.0,-999.1,-99.8,-99.8,-99.8,-99.8,-99.8,-99.8,-99.8
2023-12-17 07:00:00,-9999.1,-99.8,-99.8,7.7,273.0,14.2,282.0,-999.1,-99.8,-99.8,-99.8,-99.8,-99.8,-99.8,-99.8
2023-12-17 08:00:00,-9999.1,-99.8,-99.8,7.4,273.0,13.9,273.0,-999.1,-99.8,-99.8,-99.8,-99.8,-99.8,-99.8,-99.8
2023-12-17 09:00:00,-9999.1,-99.8,-99.8,7.4,270.0,13.6,265.0,-999.1,-99.8,-99.8,-99.8,-99.8,-99.8,-99.8,-99.8
2023-12-17 10:00:00,-9999.1,-99.8,-99.8,7.8,275.0,15.3,286.0,-999.1,-99.8,-99.8,-99.8,-99.8,-99.8,-99.8,-99.8
2023-12-17 11:00:00,-9999.1,-99.8,-99.8,7.4,269.0,14.7,265.0,-999.1,-99.8,-99.8,-99.8,-99.8,-99.8,-99.8,-99.8
2023-12-17 12:00:00,-9999.1,-99.8,-99.8,8.4,273.0,16.0,260.0,-999.1,-99.8,-99.8,-99.8,-99.8,-99.8,-99.8,-99.8
2023-12-17 13:00:00,-9999.1,-99.8,-99.8,7.8,271.0,16.0,282.0,-999.1,-99.8,-99.8,-99.8,-99.8,-99.8,-99.8,-99.8
2023-12-17 14:00:00,-9999.1,-99.8,-99.8,8.4,274.0,16.5,281.0,-999.1,-99.8,-99.8,-99.8,-99.8,-99.8,-99.8,-99.8
2023-12-17 15:00:00,-9999.1,-99.8,-99.8,7.1,274.0,15.7,267.0,-999.1,-99.8,-99.8,-99.8,-99.8,-99.8,-99.8,-99.8
2023-12-17 16:00:00,-9999.1,-99.8,-99.8,-99.8,-99.8,13.1,271.0,-999.1,-99.8,-99.8,-99.8,-99.8,-99.8,-99.8,-99.8
2023-12-17 17:00:00,-9999.1,-99.8,-99.8,7.1,274.0,14.5,285.0,-999.1,-99.8,-99.8,-99.8,-99.8,-99.8,-99.8,-99.8
2023-12-17 18:00:00,-9999.1,-99.8,-99.8,5.8,276.0,11.2,288.0,-999.1,-99.8,-99.8,-99.8,-99.8,-99.8,-99.8,-99.8
2023-12-17 19:00:00,-9999.1,-99.8,-99.8,5.6,275.0,11.0,281.0,-999.1,-99.8,-99.8,-99.8,-99.8,-99.8,-99.8,-99.8
2023-12-17 20:00:00,-9999.1,-99.8,-99.8,5.5,277.0,10.2,287.0,-999.1,-99.8,-99.8,-99.8,-99.8,-99.8,-99.8,-99.8
2023-12-17 21:00:00,-9999.1,-99.8,-99.8,5.1,282.0,10.2,283.0,-999.1,-99.8,-99.8,-99.8,-99.8,-99.8,-99.8,-99.8
2023-12-17 22:00:00,-9999.1,-99.8,-99.8,4.1,272.0,9.0,291.0,-999.1,-99.8,-99.8,-99.8,-99.8,-99.8,-99.8,-99.8
2023-12-17 23:00:00,-9999.1,-99.8,-99.8,4.3,267.0,7.8,242.0,-999.1,-99.8,-99.8,-99.8,-99.8,-99.8,-99.8,-99.8
2023-12-18 00:00:00,-9999.1,-99.8,-99.8,4.5,270.0,8.1,258.0,-999.1,-99.8,-99.8,-99.8,-99.8,-99.8,-99.8,-99.8
2023-12-18 01:00:00,-9999.1,-99.8,-99.8,4.5,274.0,9.4,260.0,-999.1,-99.8,-99.8,-99.8,-99.8,-99.8,-99.8,-99.8
2023-12-18 02:00:00,-9999.1,-99.8,-99.8,5.3,275.0,10.5,257.0,-999.1,-99.8,-99.8,-99.8,-99.8,-99.8,-99.8,-99.8
2023-12-18 03:00:00,-9999.1,-99.8,-99.8,4.9,275.0,10.6,288.0,-999.1,-99.8,-99.8,-99.8,-99.8,-99.8,-99.8,-99.8
2023-12-18 04:00:00,-9999.1,-99.8,-99.8,5.0,278.0,10.4,277.0,-999.1,-99.8,-99.8,-99.8,-99.8,-99.8,-99.8,-99.8
2023-12-18 05:00:00,-9999.1,-99.8,-99.8,5.6,281.0,9.8,267.0,-999.1,-99.8,-99.8,-99.8,-99.8,-99.8,-99.8,-99.8
2023-12-18 06:00:00,-9999.1,-99.8,-99.8,5.0,278.0,10.5,283.0,-999.1,-99.8,-99.8,-99.8,-99.8,-99.8,-99.8,-99.8
2023-12-18 07:00:00,-9999.1,-99.8,-99.8,5.4,279.0,10.0,286.0,-999.1,-99.8,-99.8,-99.8,-99.8,-99.8,-99.8,-99.8
2023-12-18 08:00:00,-9999.1,-99.8,-99.8,5.8,275.0,11.4,257.0,-999.1,-99.8,-99.8,-99.8,-99.8,-99.8,-99.8,-99.8
2023-12-18 09:00:00,-9999.1,-99.8,-99.8,5.0,272.0,10.8,260.0,-999.1,-99.8,-99.8,-99.8,-99.8,-99.8,-99.8,-99.8
2023-12-18 10:00:00,-9999.1,-99.8,-99.8,5.7,274.0,10.5,282.0,-999.1,-99.8,-99.8,-99.8,-99.8,-99.8,-99.8,-99.8
2023-12-18 11:00:00,-9999.1,-99.8,-99.8,5.6,269.0,11.0,262.0,-999.1,-99.8,-99.8,-99.8,-99.8,-99.8,-99.8,-99.8
2023-12-18 12:00:00,-9999.1,-99.8,-99.8,6.8,275.0,13.2,262.0,-999.1,-99.8,-99.8,-99.8,-99.8,-99.8,-99.8,-99.8
2023-12-18 13:00:00,-9999.1,-99.8,-99.8,6.9,270.0,12.9,288.0,-999.1,-99.8,-99.8,-99.8,-99.8,-99.8,-99.8,-99.8
2023-12-18 14:00:00,-9999.1,-99.8,-99.8,6.7,272.0,12.9,281.0,-999.1,-99.8,-99.8,-99.8,-99.8,-99.8,-99.8,-99.8
2023-12-18 15:00:00,-9999.1,-99.8,-99.8,6.7,275.0,13.5,282.0,-999.1,-99.8,-99.8,-99.8,-99.8,-99.8,-99.8,-99.8
2023-12-18 16:00:00,-9999.1,-99.8,-99.8,7.2,275.0,14.6,258.0,-999.1,-99.8,-99.8,-99.8,-99.8,-99.8,-99.8,-99.8
2023-12-18 17:00:00,-9999.1,-99.8,-99.8,7.7,273.0,14.1,280.0,-999.1,-99.8,-99.8,-99.8,-99.8,-99.8,-99.8,-99.8
2023-12-18 18:00:00,-9999.1,-99.8,-99.8,6.8,273.0,14.6,283.0,-999.1,-99.8,-99.8,-99.8,-99.8,-99.8,-99.8,-99.8
2023-12-18 19:00:00,-9999.1,-99.8,-99.8,7.9,272.0,15.3,261.0,-999.1,-99.8,-99.8,-99.8,-99.8,-99.8,-99.8,-99.8
2023-12-18 20:00:00,-9999.1,-99.8,-99.8,7.2,271.0,15.4,269.0,-999.1,-99.8,-99.8,-99.8,-99.8,-99.8,-99.8,-99.8
2023-12-18 21:00:00,-9999.1,-99.8,-99.8,8.1,276.0,14.8,281.0,-999.1,-99.8,-99.8,-99.8,-99.8,-99.8,-99.8,-99.8
2023-12-18 22:00:00,-9999.1,-99.8,-99.8,7.2,274.0,15.4,264.0,-999.1,-99.8,-99.8,-99.8,-99.8,-99.8,-99.8,-99.8
2023-12-18 23:00:00,-9999.1,-99.8,-99.8,7.3,271.0,15.5,263.0,-999.1,-99.8,-99.8,-99.8,-99.8,-99.8,-99.8,-99.8
2023-12-19 00:00:00,-9999.1,-99.8,-99.8,7.3,273.0,17.0,257.0,-999.1,-99.8,-99.8,-99.8,-99.8,-99.8,-99.8,-99.8
2023-12-19 01:00:00,-9999.1,-99.8,-99.8,7.2,265.0,17.0,290.0,-999.1,-99.8,-99.8,-99.8,-99.8,-99.8,-99.8,-99.8
2023-12-19 02:00:00,-9999.1,-99.8,-99.8,7.3,278.0,15.3,285.0,-999.1,-99.8,-99.8,-99.8,-99.8,-99.8,-99.8,-99.8
2023-12-19 03:00:00,-9999.1,-99.8,-99.8,6.1,273.0,14.7,266.0,-999.1,-99.8,-99.8,-99.8,-99.8,-99.8,-99.8,-99.8
2023-12-19 04:00:00,-9999.1,-99.8,-99.8,7.0,272.0,15.5,254.0,-999.1,-99.8,-99.8,-99.8,-99.8,-99.8,-99.8,-99.8
2023-12-19 05:00:00,-9999.1,-99.8,-99.8,6.3,271.0,13.2,260.0,-999.1,-99.8,-99.8,-99.8,-99.8,-99.8,-99.8,-99.8
2023-12-19 06:00:00,-9999.1,-99.8,-99.8,6.9,270.0,13.8,266.0,-999.1,-99.8,-99.8,-99.8,-99.8,-99.8,-99.8,-99.8
2023-12-19 07:00:00,-9999.1,-99.8,-99.8,6.0,274.0,13.4,261.0,-999.1,-99.8,-99.8,-99.8,-99.8,-99.8,-99.8,-99.8
2023-12-19 08:00:00,-9999.1,-99.8,-99.8,5.3,267.0,13.0,258.0,-999.1,-99.8,-99.8,-99.8,-99.8,-99.8,-99.8,-99.8
2023-12-19 09:00:00,-9999.1,-99.8,-99.8,4.9,265.0,11.9,263.0,-999.1,-99.8,-99.8,-99.8,-99.8,-99.8,-99.8,-99.8
2023-12-19 10:00:00,-9999.1,-99.8,-99.8,5.3,274.0,11.8,251.0,-999.1,-99.8,-99.8,-99.8,-99.8,-99.8,-99.8,-99.8
2023-12-19 11:00:00,-9999.1,-99.8,-99.8,5.2,271.0,11.5,252.0,-999.1,-99.8,-99.8,-99.8,-99.8,-99.8,-99.8,-99.8
2023-12-19 12:00:00,-9999.1,-99.8,-99.8,5.5,267.0,13.1,237.0,-999.1,-99.8,-99.8,-99.8,-99.8,-99.8,-99.8,-99.8
2023-12-19 13:00:00,-9999.1,-99.8,-99.8,5.7,268.0,12.5,262.0,-999.1,-99.8,-99.8,-99.8,-99.8,-99.8,-99.8,-99.8
2023-12-19 14:00:00,-9999.1,-99.8,-99.8,5.6,268.0,12.7,265.0,-999.1,-99.8,-99.8,-99.8,-99.8,-99.8,-99.8,-99.8
2023-12-19 15:00:00,-9999.1,-99.8,-99.8,4.4,269.0,11.5,260.0,-999.1,-99.8,-99.8,-99.8,-99.8,-99.8,-99.8,-99.8
2023-12-19 16:00:00,-9999.1,-99.8,-99.8,4.5,270.0,11.2,275.0,-999.1,-99.8,-99.8,-99.8,-99.8,-99.8,-99.8,-99.8
2023-12-19 17:00:00,-9999.1,-99.8,-99.8,4.1,253.0,15.2,263.0,-999.1,-99.8,-99.8,-99.8,-99.8,-99.8,-99.8,-99.8
2023-12-19 18:00:00,-9999.1,-99.8,-99.8,4.5,250.0,14.1,260.0,-999.1,-99.8,-99.8,-99.8,-99.8,-99.8,-99.8,-99.8
2023-12-19 19:00:00,-9999.1,-99.8,-99.8,5.2,252.0,13.0,259.0,-999.1,-99.8,-99.8,-99.8,-99.8,-99.8,-99.8,-99.8
2023-12-19 20:00:00,-9999.1,-99.8,-99.8,5.9,251.0,13.0,238.0,-999.1,-99.8,-99.8,-99.8,-99.8,-99.8,-99.8,-99.8
2023-12-19 21:00:00,-9999.1,-99.8,-99.8,6.1,259.0,13.8,236.0,-999.1,-99.8,-99.8,-99.8,-99.8,-99.8,-99.8,-99.8
2023-12-19 22:00:00,-9999.1,-99.8,-99.8,6.0,250.0,15.3,239.0,-999.1,-99.8,-99.8,-99.8,-99.8,-99.8,-99.8,-99.8
2023-12-19 23:00:00,-9999.1,-99.8,-99.8,6.4,267.0,13.0,262.0,-999.1,-99.8,-99.8,-99.8,-99.8,-99.8,-99.8,-99.8
2023-12-20 00:00:00,-9999.1,-99.8,-99.8,7.0,270.0,16.5,238.0,-999.1,-99.8,-99.8,-99.8,-99.8,-99.8,-99.8,-99.8
2023-12-20 01:00:00,-9999.1,-99.8,-99.8,5.4,271.0,13.7,261.0,-999.1,-99.8,-99.8,-99.8,-99.8,-99.8,-99.8,-99.8
2023-12-20 02:00:00,-9999.1,-99.8,-99.8,5.8,272.0,11.0,287.0,-999.1,-99.8,-99.8,-99.8,-99.8,-99.8,-99.8,-99.8
2023-12-20 03:00:00,-9999.1,-99.8,-99.8,6.2,269.0,11.2,267.0,-999.1,-99.8,-99.8,-99.8,-99.8,-99.8,-99.8,-99.8
2023-12-20 04:00:00,-9999.1,-99.8,-99.8,6.4,272.0,13.0,261.0,-999.1,-99.8,-99.8,-99.8,-99.8,-99.8,-99.8,-99.8
2023-12-20 05:00:00,-9999.1,-99.8,-99.8,6.7,269.0,11.9,259.0,-999.1,-99.8,-99.8,-99.8,-99.8,-99.8,-99.8,-99.8
2023-12-20 06:00:00,-9999.1,-99.8,-99.8,6.0,273.0,12.3,267.0,-999.1,-99.8,-99.8,-99.8,-99.8,-99.8,-99.8,-99.8
2023-12-20 07:00:00,-9999.1,-99.8,-99.8,5.8,265.0,13.7,256.0,-999.1,-99.8,-99.8,-99.8,-99.8,-99.8,-99.8,-99.8
2023-12-20 08:00:00,-9999.1,-99.8,-99.8,6.9,267.0,13.5,254.0,-999.1,-99.8,-99.8,-99.8,-99.8,-99.8,-99.8,-99.8
2023-12-20 09:00:00,-9999.1,-99.8,-99.8,6.2,270.0,13.4,265.0,-999.1,-99.8,-99.8,-99.8,-99.8,-99.8,-99.8,-99.8
2023-12-20 10:00:00,-9999.1,-99.8,-99.8,6.2,273.0,12.1,261.0,-999.1,-99.8,-99.8,-99.8,-99.8,-99.8,-99.8,-99.8
2023-12-20 11:00:00,-9999.1,-99.8,-99.8,6.5,268.0,12.2,258.0,-999.1,-99.8,-99.8,-99.8,-99.8,-99.8,-99.8,-99.8
2023-12-20 12:00:00,-9999.1,-99.8,-99.8,7.4,273.0,12.9,265.0,-999.1,-99.8,-99.8,-99.8,-99.8,-99.8,-99.8,-99.8
2023-12-20 13:00:00,-9999.1,-99.8,-99.8,6.6,275.0,14.9,257.0,-999.1,-99.8,-99.8,-99.8,-99.8,-99.8,-99.8,-99.8
2023-12-20 14:00:00,-9999.1,-99.8,-99.8,6.6,275.0,12.2,260.0,-999.1,-99.8,-99.8,-99.8,-99.8,-99.8,-99.8,-99.8
2023-12-20 15:00:00,-9999.1,-99.8,-99.8,8.2,277.0,15.7,267.0,-999.1,-99.8,-99.8,-99.8,-99.8,-99.8,-99.8,-99.8
2023-12-20 16:00:00,-9999.1,-99.8,-99.8,7.6,276.0,14.4,261.0,-999.1,-99.8,-99.8,-99.8,-99.8,-99.8,-99.8,-99.8
2023-12-20 17:00:00,-9999.1,-99.8,-99.8,8.3,275.0,14.4,261.0,-999.1,-99.8,-99.8,-99.8,-99.8,-99.8,-99.8,-99.8
2023-12-20 18:00:00,-9999.1,-99.8,-99.8,8.3,275.0,17.4,265.0,-999.1,-99.8,-99.8,-99.8,-99.8,-99.8,-99.8,-99.8
2023-12-20 19:00:00,-9999.1,-99.8,-99.8,7.2,277.0,15.8,286.0,-999.1,-99.8,-99.8,-99.8,-99.8,-99.8,-99.8,-99.8
2023-12-20 20:00:00,-9999.1,-99.8,-99.8,7.2,275.0,15.3,255.0,-999.1,-99.8,-99.8,-99.8,-99.8,-99.8,-99.8,-99.8
2023-12-20 21:00:00,-9999.1,-99.8,-99.8,8.1,271.0,16.6,258.0,-999.1,-99.8,-99.8,-99.8,-99.8,-99.8,-99.8,-99.8
2023-12-20 22:00:00,-9999.1,-99.8,-99.8,7.3,268.0,16.3,284.0,-999.1,-99.8,-99.8,-99.8,-99.8,-99.8,-99.8,-99.8
2023-12-20 23:00:00,-9999.1,-99.8,-99.8,7.1,279.0,15.4,291.0,-999.1,-99.8,-99.8,-99.8,-99.8,-99.8,-99.8,-99.8
2023-12-21 00:00:00,-9999.1,-99.8,-99.8,7.3,279.0,13.0,286.0,-999.1,-99.8,-99.8,-99.8,-99.8,-99.8,-99.8,-99.8
2023-12-21 01:00:00,-9999.1,-99.8,-99.8,7.8,274.0,16.2,286.0,-999.1,-99.8,-99.8,-99.8,-99.8,-99.8,-99.8,-99.8
2023-12-21 02:00:00,-9999.1,-99.8,-99.8,7.1,273.0,14.8,283.0,-999.1,-99.8,-99.8,-99.8,-99.8,-99.8,-99.8,-99.8
2023-12-21 03:00:00,-9999.1,-99.8,-99.8,7.1,272.0,13.4,255.0,-999.1,-99.8,-99.8,-99.8,-99.8,-99.8,-99.8,-99.8
2023-12-21 04:00:00,-9999.1,-99.8,-99.8,6.8,277.0,13.6,289.0,-999.1,-99.8,-99.8,-99.8,-99.8,-99.8,-99.8,-99.8
2023-12-21 05:00:00,-9999.1,-99.8,-99.8,7.7,279.0,13.9,278.0,-999.1,-99.8,-99.8,-99.8,-99.8,-99.8,-99.8,-99.8
2023-12-21 06:00:00,-9999.1,-99.8,-99.8,6.9,277.0,19.0,286.0,-999.1,-99.8,-99.8,-99.8,-99.8,-99.8,-99.8,-99.8
2023-12-21 07:00:00,-9999.1,-99.8,-99.8,6.8,280.0,12.1,284.0,-999.1,-99.8,-99.8,-99.8,-99.8,-99.8,-99.8,-99.8
2023-12-21 08:00:00,-9999.1,-99.8,-99.8,5.7,271.0,11.1,283.0,-999.1,-99.8,-99.8,-99.8,-99.8,-99.8,-99.8,-99.8
2023-12-21 09:00:00,-9999.1,-99.8,-99.8,6.7,276.0,12.4,286.0,-999.1,-99.8,-99.8,-99.8,-99.8,-99.8,-99.8,-99.8
2023-12-21 10:00:00,-9999.1,-99.8,-99.8,7.6,277.0,12.5,287.0,-999.1,-99.8,-99.8,-99.8,-99.8,-99.8,-99.8,-99.8
2023-12-21 11:00:00,-9999.1,-99.8,-99.8,8.2,274.0,14.5,269.0,-999.1,-99.8,-99.8,-99.8,-99.8,-99.8,-99.8,-99.8
2023-12-21 12:00:00,-9999.1,-99.8,-99.8,8.4,271.0,16.2,269.0,-999.1,-99.8,-99.8,-99.8,-99.8,-99.8,-99.8,-99.8
2023-12-21 13:00:00,-9999.1,-99.8,-99.8,9.6,271.0,17.0,284.0,-999.1,-99.8,-99.8,-99.8,-99.8,-99.8,-99.8,-99.8
2023-12-21 14:00:00,-9999.1,-99.8,-99.8,8.8,272.0,16.7,271.0,-999.1,-99.8,-99.8,-99.8,-99.8,-99.8,-99.8,-99.8
2023-12-21 15:00:00,-9999.1,-99.8,-99.8,8.1,271.0,15.3,287.0,-999.1,-99.8,-99.8,-99.8,-99.8,-99.8,-99.8,-99.8
2023-12-21 16:00:00,-9999.1,-99.8,-99.8,9.1,273.0,16.8,256.0,-999.1,-99.8,-99.8,-99.8,-99.8,-99.8,-99.8,-99.8
2023-12-21 17:00:00,-9999.1,-99.8,-99.8,8.2,273.0,15.6,282.0,-999.1,-99.8,-99.8,-99.8,-99.8,-99.8,-99.8,-99.8
2023-12-21 18:00:00,-9999.1,-99.8,-99.8,8.1,276.0,15.2,265.0,-999.1,-99.8,-99.8,-99.8,-99.8,-99.8,-99.8,-99.8
2023-12-21 19:00:00,-9999.1,-99.8,-99.8,9.3,274.0,17.7,286.0,-999.1,-99.8,-99.8,-99.8,-99.8,-99.8,-99.8,-99.8
2023-12-21 20:00:00,-9999.1,-99.8,-99.8,9.4,274.0,15.9,286.0,-999.1,-99.8,-99.8,-99.8,-99.8,-99.8,-99.8,-99.8
2023-12-21 21:00:00,-9999.1,-99.8,-99.8,8.8,277.0,16.2,283.0,-999.1,-99.8,-99.8,-99.8,-99.8,-99.8,-99.8,-99.8
2023-12-21 22:00:00,-9999.1,-99.8,-99.8,9.0,271.0,16.8,267.0,-999.1,-99.8,-99.8,-99.8,-99.8,-99.8,-99.8,-99.8
2023-12-21 23:00:00,-9999.1,-99.8,-99.8,8.7,268.0,16.4,287.0,-999.1,-99.8,-99.8,-99.8,-99.8,-99.8,-99.8,-99.8
2023-12-22 00:00:00,-9999.1,-99.8,-99.8,10.4,271.0,19.3,267.0,-999.1,-99.8,-99.8,-99.8,-99.8,-99.8,-99.8,-99.8
2023-12-22 01:00:00,-9999.1,-99.8,-99.8,10.9,272.0,20.2,268.0,-999.1,-99.8,-99.8,-99.8,-99.8,-99.8,-99.8,-99.8
2023-12-22 02:00:00,-9999.1,-99.8,-99.8,8.9,257.0,19.5,265.0,-999.1,-99.8,-99.8,-99.8,-99.8,-99.8,-99.8,-99.8
2023-12-22 03:00:00,-9999.1,-99.8,-99.8,-99.8,-99.8,13.4,264.0,-999.1,-99.8,-99.8,-99.8,-99.8,-99.8,-99.8,-99.8
2023-12-22 04:00:00,-9999.1,-99.8,-99.8,-99.8,-99.8,0.0,0.0,-999.1,-99.8,-99.8,-99.8,-99.8,-99.8,-99.8,-99.8
2023-12-22 05:00:00,-9999.1,-99.8,-99.8,-99.8,-99.8,0.0,0.0,-999.1,-99.8,-99.8,-99.8,-99.8,-99.8,-99.8,-99.8
2023-12-22 06:00:00,-9999.1,-99.8,-99.8,-99.8,-99.8,0.0,0.0,-999.1,-99.8,-99.8,-99.8,-99.8,-99.8,-99.8,-99.8
2023-12-22 07:00:00,-9999.1,-99.8,-99.8,-99.8,-99.8,0.0,0.0,-999.1,-99.8,-99.8,-99.8,-99.8,-99.8,-99.8,-99.8
2023-12-22 08:00:00,-9999.1,-99.8,-99.8,-99.8,-99.8,0.0,0.0,-999.1,-99.8,-99.8,-99.8,-99.8,-99.8,-99.8,-99.8
2023-12-22 09:00:00,-9999.1,-99.8,-99.8,-99.8,-99.8,0.0,0.0,-999.1,-99.8,-99.8,-99.8,-99.8,-99.8,-99.8,-99.8
2023-12-22 10:00:00,-9999.1,-99.8,-99.8,-99.8,-99.8,0.0,0.0,-999.1,-99.8,-99.8,-99.8,-99.8,-99.8,-99.8,-99.8
2023-12-22 11:00:00,-9999.1,-99.8,-99.8,-99.8,-99.8,0.0,0.0,-999.1,-99.8,-99.8,-99.8,-99.8,-99.8,-99.8,-99.8
2023-12-22 12:00:00,-9999.1,-99.8,-99.8,-99.8,-99.8,5.0,324.0,-999.1,-99.8,-99.8,-99.8,-99.8,-99.8,-99.8,-99.8
2023-12-22 13:00:00,-9999.1,-99.8,-99.8,1.2,223.0,4.4,200.0,-999.1,-99.8,-99.8,-99.8,-99.8,-99.8,-99.8,-99.8
2023-12-22 14:00:00,-9999.1,-99.8,-99.8,1.0,323.0,5.6,297.0,-999.1,-99.8,-99.8,-99.8,-99.8,-99.8,-99.8,-99.8
2023-12-22 15:00:00,-9999.1,-99.8,-99.8,0.9,259.0,6.1,322.0,-999.1,-99.8,-99.8,-99.8,-99.8,-99.8,-99.8,-99.8
2023-12-22 16:00:00,-9999.1,-99.8,-99.8,3.3,249.0,5.0,269.0,-999.1,-99.8,-99.8,-99.8,-99.8,-99.8,-99.8,-99.8
2023-12-22 17:00:00,-9999.1,-99.8,-99.8,4.5,253.0,8.5,321.0,-999.1,-99.8,-99.8,-99.8,-99.8,-99.8,-99.8,-99.8
2023-12-22 18:00:00,-9999.1,-99.8,-99.8,6.1,229.0,11.1,312.0,-999.1,-99.8,-99.8,-99.8,-99.8,-99.8,-99.8,-99.8
2023-12-22 19:00:00,-9999.1,-99.8,-99.8,5.1,275.0,10.9,261.0,-999.1,-99.8,-99.8,-99.8,-99.8,-99.8,-99.8,-99.8
2023-12-22 20:00:00,-9999.1,-99.8,-99.8,3.8,256.0,9.9,249.0,-999.1,-99.8,-99.8,-99.8,-99.8,-99.8,-99.8,-99.8
2023-12-22 21:00:00,-9999.1,-99.8,-99.8,4.6,255.0,8.5,256.0,-999.1,-99.8,-99.8,-99.8,-99.8,-99.8,-99.8,-99.8
2023-12-22 22:00:00,-9999.1,-99.8,-99.8,4.0,266.0,10.0,257.0,-999.1,-99.8,-99.8,-99.8,-99.8,-99.8,-99.8,-99.8
2023-12-22 23:00:00,-9999.1,-99.8,-99.8,5.2,268.0,9.9,263.0,-999.1,-99.8,-99.8,-99.8,-99.8,-99.8,-99.8,-99.8
2023-12-23 00:00:00,-9999.1,-99.8,-99.8,5.6,274.0,12.5,256.0,-999.1,-99.8,-99.8,-99.8,-99.8,-99.8,-99.8,-99.8
2023-12-23 01:00:00,-9999.1,-99.8,-99.8,6.0,271.0,13.3,256.0,-999.1,-99.8,-99.8,-99.8,-99.8,-99.8,-99.8,-99.8
2023-12-23 02:00:00,-9999.1,-99.8,-99.8,4.5,273.0,10.8,259.0,-999.1,-99.8,-99.8,-99.8,-99.8,-99.8,-99.8,-99.8
2023-12-23 03:00:00,-9999.1,-99.8,-99.8,7.3,269.0,11.4,258.0,-999.1,-99.8,-99.8,-99.8,-99.8,-99.8,-99.8,-99.8
2023-12-23 04:00:00,-9999.1,-99.8,-99.8,-99.8,-99.8,13.0,265.0,-999.1,-99.8,-99.8,-99.8,-99.8,-99.8,-99.8,-99.8
2023-12-23 05:00:00,-9999.1,-99.8,-99.8,-99.8,-99.8,0.0,0.0,-999.1,-99.8,-99.8,-99.8,-99.8,-99.8,-99.8,-99.8
2023-12-23 06:00:00,-9999.1,-99.8,-99.8,-99.8,-99.8,0.0,0.0,-999.1,-99.8,-99.8,-99.8,-99.8,-99.8,-99.8,-99.8
2023-12-23 07:00:00,-9999.1,-99.8,-99.8,-99.8,-99.8,0.0,0.0,-999.1,-99.8,-99.8,-99.8,-99.8,-99.8,-99.8,-99.8
2023-12-23 08:00:00,-9999.1,-99.8,-99.8,-99.8,-99.8,0.0,0.0,-999.1,-99.8,-99.8,-99.8,-99.8,-99.8,-99.8,-99.8
2023-12-23 09:00:00,-9999.1,-99.8,-99.8,-99.8,-99.8,0.0,0.0,-999.1,-99.8,-99.8,-99.8,-99.8,-99.8,-99.8,-99.8
2023-12-23 10:00:00,-9999.1,-99.8,-99.8,-99.8,-99.8,0.0,0.0,-999.1,-99.8,-99.8,-99.8,-99.8,-99.8,-99.8,-99.8
2023-12-23 11:00:00,-9999.1,-99.8,-99.8,-99.8,-99.8,0.0,0.0,-999.1,-99.8,-99.8,-99.8,-99.8,-99.8,-99.8,-99.8
2023-12-23 12:00:00,-9999.1,-99.8,-99.8,-99.8,-99.8,0.0,0.0,-999.1,-99.8,-99.8,-99.8,-99.8,-99.8,-99.8,-99.8
2023-12-23 13:00:00,-9999.1,-99.8,-99.8,-99.8,-99.8,0.0,0.0,-999.1,-99.8,-99.8,-99.8,-99.8,-99.8,-99.8,-99.8
2023-12-23 14:00:00,-9999.1,-99.8,-99.8,-99.8,-99.8,0.0,0.0,-999.1,-99.8,-99.8,-99.8,-99.8,-99.8,-99.8,-99.8
2023-12-23 15:00:00,-9999.1,-99.8,-99.8,-99.8,-99.8,0.0,0.0,-999.1,-99.8,-99.8,-99.8,-99.8,-99.8,-99.8,-99.8
2023-12-23 16:00:00,-9999.1,-99.8,-99.8,-99.8,-99.8,0.0,0.0,-999.1,-99.8,-99.8,-99.8,-99.8,-99.8,-99.8,-99.8
2023-12-23 17:00:00,-9999.1,-99.8,-99.8,-99.8,-99.8,0.0,0.0,-999.1,-99.8,-99.8,-99.8,-99.8,-99.8,-99.8,-99.8
2023-12-23 18:00:00,-9999.1,-99.8,-99.8,-99.8,-99.8,0.0,0.0,-999.1,-99.8,-99.8,-99.8,-99.8,-99.8,-99.8,-99.8
2023-12-23 19:00:00,-9999.1,-99.8,-99.8,-99.8,-99.8,0.0,0.0,-999.1,-99.8,-99.8,-99.8,-99.8,-99.8,-99.8,-99.8
2023-12-23 20:00:00,-9999.1,-99.8,-99.8,-99.8,-99.8,0.0,0.0,-999.1,-99.8,-99.8,-99.8,-99.8,-99.8,-99.8,-99.8
2023-12-23 21:00:00,-9999.1,-99.8,-99.8,-99.8,-99.8,0.0,0.0,-999.1,-99.8,-99.8,-99.8,-99.8,-99.8,-99.8,-99.8
2023-12-23 22:00:00,-9999.1,-99.8,-99.8,-99.8,-99.8,0.0,0.0,-999.1,-99.8,-99.8,-99.8,-99.8,-99.8,-99.8,-99.8
2023-12-23 23:00:00,-9999.1,-99.8,-99.8,-99.8,-99.8,0.0,0.0,-999.1,-99.8,-99.8,-99.8,-99.8,-99.8,-99.8,-99.8
2023-12-24 00:00:00,-9999.1,-99.8,-99.8,-99.8,-99.8,0.0,0.0,-999.1,-99.8,-99.8,-99.8,-99.8,-99.8,-99.8,-99.8
2023-12-24 01:00:00,-9999.1,-99.8,-99.8,-99.8,-99.8,0.0,0.0,-999.1,-99.8,-99.8,-99.8,-99.8,-99.8,-99.8,-99.8
2023-12-24 02:00:00,-9999.1,-99.8,-99.8,-99.8,-99.8,0.0,0.0,-999.1,-99.8,-99.8,-99.8,-99.8,-99.8,-99.8,-99.8
2023-12-24 03:00:00,-9999.1,-99.8,-99.8,-99.8,-99.8,0.0,0.0,-999.1,-99.8,-99.8,-99.8,-99.8,-99.8,-99.8,-99.8
2023-12-24 04:00:00,-9999.1,-99.8,-99.8,-99.8,-99.8,0.0,0.0,-999.1,-99.8,-99.8,-99.8,-99.8,-99.8,-99.8,-99.8
2023-12-24 05:00:00,-9999.1,-99.8,-99.8,-99.8,-99.8,0.0,0.0,-999.1,-99.8,-99.8,-99.8,-99.8,-99.8,-99.8,-99.8
2023-12-24 06:00:00,-9999.1,-99.8,-99.8,-99.8,-99.8,0.0,0.0,-999.1,-99.8,-99.8,-99.8,-99.8,-99.8,-99.8,-99.8
2023-12-24 07:00:00,-9999.1,-99.8,-99.8,-99.8,-99.8,0.0,0.0,-999.1,-99.8,-99.8,-99.8,-99.8,-99.8,-99.8,-99.8
2023-12-24 08:00:00,-9999.1,-99.8,-99.8,-99.8,-99.8,0.0,0.0,-999.1,-99.8,-99.8,-99.8,-99.8,-99.8,-99.8,-99.8
2023-12-24 09:00:00,-9999.1,-99.8,-99.8,-99.8,-99.8,0.0,0.0,-999.1,-99.8,-99.8,-99.8,-99.8,-99.8,-99.8,-99.8
2023-12-24 10:00:00,-9999.1,-99.8,-99.8,-99.8,-99.8,0.0,0.0,-999.1,-99.8,-99.8,-99.8,-99.8,-99.8,-99.8,-99.8
2023-12-24 11:00:00,-9999.1,-99.8,-99.8,-99.8,-99.8,0.0,0.0,-999.1,-99.8,-99.8,-99.8,-99.8,-99.8,-99.8,-99.8
2023-12-24 12:00:00,-9999.1,-99.8,-99.8,-99.8,-99.8,0.0,0.0,-999.1,-99.8,-99.8,-99.8,-99.8,-99.8,-99.8,-99.8
2023-12-24 13:00:00,-9999.1,-99.8,-99.8,-99.8,-99.8,0.0,0.0,-999.1,-99.8,-99.8,-99.8,-99.8,-99.8,-99.8,-99.8
2023-12-24 14:00:00,-9999.1,-99.8,-99.8,3.7,284.0,7.3,273.0,-999.1,-99.8,-99.8,-99.8,-99.8,-99.8,-99.8,-99.8
2023-12-24 15:00:00,-9999.1,-99.8,-99.8,4.2,278.0,7.6,287.0,-999.1,-99.8,-99.8,-99.8,-99.8,-99.8,-99.8,-99.8
2023-12-24 16:00:00,-9999.1,-99.8,-99.8,4.0,279.0,8.0,283.0,-999.1,-99.8,-99.8,-99.8,-99.8,-99.8,-99.8,-99.8
2023-12-24 17:00:00,-9999.1,-99.8,-99.8,3.2,281.0,6.3,287.0,-999.1,-99.8,-99.8,-99.8,-99.8,-99.8,-99.8,-99.8
2023-12-24 18:00:00,-9999.1,-99.8,-99.8,4.1,296.0,5.7,308.0,-999.1,-99.8,-99.8,-99.8,-99.8,-99.8,-99.8,-99.8
2023-12-24 19:00:00,-9999.1,-99.8,-99.8,5.4,302.0,9.0,304.0,-999.1,-99.8,-99.8,-99.8,-99.8,-99.8,-99.8,-99.8
2023-12-24 20:00:00,-9999.1,-99.8,-99.8,4.0,296.0,7.5,302.0,-999.1,-99.8,-99.8,-99.8,-99.8,-99.8,-99.8,-99.8
2023-12-24 21:00:00,-9999.1,-99.8,-99.8,3.3,280.0,6.0,285.0,-999.1,-99.8,-99.8,-99.8,-99.8,-99.8,-99.8,-99.8
2023-12-24 22:00:00,-9999.1,-99.8,-99.8,2.8,271.0,5.9,282.0,-999.1,-99.8,-99.8,-99.8,-99.8,-99.8,-99.8,-99.8
2023-12-24 23:00:00,-9999.1,-99.8,-99.8,3.4,283.0,4.5,287.0,-999.1,-99.8,-99.8,-99.8,-99.8,-99.8,-99.8,-99.8
2023-12-25 00:00:00,-9999.1,-99.8,-99.8,3.3,281.0,6.8,287.0,-999.1,-99.8,-99.8,-99.8,-99.8,-99.8,-99.8,-99.8
2023-12-25 01:00:00,-9999.1,-99.8,-99.8,4.2,285.0,7.6,285.0,-999.1,-99.8,-99.8,-99.8,-99.8,-99.8,-99.8,-99.8
2023-12-25 02:00:00,-9999.1,-99.8,-99.8,4.3,281.0,7.6,287.0,-999.1,-99.8,-99.8,-99.8,-99.8,-99.8,-99.8,-99.8
2023-12-25 03:00:00,-9999.1,-99.8,-99.8,4.5,280.0,7.3,293.0,-999.1,-99.8,-99.8,-99.8,-99.8,-99.8,-99.8,-99.8
2023-12-25 04:00:00,-9999.1,-99.8,-99.8,4.7,282.0,7.3,284.0,-999.1,-99.8,-99.8,-99.8,-99.8,-99.8,-99.8,-99.8
2023-12-25 05:00:00,-9999.1,-99.8,-99.8,5.6,284.0,8.7,287.0,-999.1,-99.8,-99.8,-99.8,-99.8,-99.8,-99.8,-99.8
2023-12-25 06:00:00,-9999.1,-99.8,-99.8,5.4,281.0,9.3,284.0,-999.1,-99.8,-99.8,-99.8,-99.8,-99.8,-99.8,-99.8
2023-12-25 07:00:00,-9999.1,-99.8,-99.8,5.0,283.0,9.0,286.0,-999.1,-99.8,-99.8,-99.8,-99.8,-99.8,-99.8,-99.8
2023-12-25 08:00:00,-9999.1,-99.8,-99.8,7.0,288.0,11.1,287.0,-999.1,-99.8,-99.8,-99.8,-99.8,-99.8,-99.8,-99.8
2023-12-25 09:00:00,-9999.1,-99.8,-99.8,4.4,271.0,10.3,289.0,-999.1,-99.8,-99.8,-99.8,-99.8,-99.8,-99.8,-99.8
2023-12-25 10:00:00,-9999.1,-99.8,-99.8,6.2,287.0,9.6,283.0,-999.1,-99.8,-99.8,-99.8,-99.8,-99.8,-99.8,-99.8
2023-12-25 11:00:00,-9999.1,-99.8,-99.8,6.3,287.0,10.1,290.0,-999.1,-99.8,-99.8,-99.8,-99.8,-99.8,-99.8,-99.8
2023-12-25 12:00:00,-9999.1,-99.8,-99.8,5.8,284.0,10.6,284.0,-999.1,-99.8,-99.8,-99.8,-99.8,-99.8,-99.8,-99.8
2023-12-25 13:00:00,-9999.1,-99.8,-99.8,5.5,282.0,10.4,287.0,-999.1,-99.8,-99.8,-99.8,-99.8,-99.8,-99.8,-99.8
2023-12-25 14:00:00,-9999.1,-99.8,-99.8,6.4,282.0,9.7,287.0,-999.1,-99.8,-99.8,-99.8,-99.8,-99.8,-99.8,-99.8
2023-12-25 15:00:00,-9999.1,-99.8,-99.8,5.1,284.0,10.3,295.0,-999.1,-99.8,-99.8,-99.8,-99.8,-99.8,-99.8,-99.8
2023-12-25 16:00:00,-9999.1,-99.8,-99.8,5.3,285.0,8.8,288.0,-999.1,-99.8,-99.8,-99.8,-99.8,-99.8,-99.8,-99.8
2023-12-25 17:00:00,-9999.1,-99.8,-99.8,4.4,287.0,7.6,290.0,-999.1,-99.8,-99.8,-99.8,-99.8,-99.8,-99.8,-99.8
2023-12-25 18:00:00,-9999.1,-99.8,-99.8,4.1,289.0,6.7,288.0,-999.1,-99.8,-99.8,-99.8,-99.8,-99.8,-99.8,-99.8
2023-12-25 19:00:00,-9999.1,-99.8,-99.8,4.7,303.0,5.9,296.0,-999.1,-99.8,-99.8,-99.8,-99.8,-99.8,-99.8,-99.8
2023-12-25 20:00:00,-9999.1,-99.8,-99.8,2.9,277.0,5.9,303.0,-999.1,-99.8,-99.8,-99.8,-99.8,-99.8,-99.8,-99.8
2023-12-25 21:00:00,-9999.1,-99.8,-99.8,3.7,292.0,4.6,290.0,-999.1,-99.8,-99.8,-99.8,-99.8,-99.8,-99.8,-99.8
2023-12-25 22:00:00,-9999.1,-99.8,-99.8,3.2,298.0,4.8,304.0,-999.1,-99.8,-99.8,-99.8,-99.8,-99.8,-99.8,-99.8
2023-12-25 23:00:00,-9999.1,-99.8,-99.8,2.1,299.0,3.7,289.0,-999.1,-99.8,-99.8,-99.8,-99.8,-99.8,-99.8,-99.8
2023-12-26 00:00:00,-9999.1,-99.8,-99.8,1.9,279.0,3.1,283.0,-999.1,-99.8,-99.8,-99.8,-99.8,-99.8,-99.8,-99.8
2023-12-26 01:00:00,-9999.1,-99.8,-99.8,2.4,273.0,4.0,261.0,-999.1,-99.8,-99.8,-99.8,-99.8,-99.8,-99.8,-99.8
2023-12-26 02:00:00,-9999.1,-99.8,-99.8,1.9,275.0,4.5,233.0,-999.1,-99.8,-99.8,-99.8,-99.8,-99.8,-99.8,-99.8
2023-12-26 03:00:00,-9999.1,-99.8,-99.8,3.1,267.0,5.2,258.0,-999.1,-99.8,-99.8,-99.8,-99.8,-99.8,-99.8,-99.8
2023-12-26 04:00:00,-9999.1,-99.8,-99.8,1.7,234.0,5.0,291.0,-999.1,-99.8,-99.8,-99.8,-99.8,-99.8,-99.8,-99.8
2023-12-26 05:00:00,-9999.1,-99.8,-99.8,2.5,241.0,5.1,240.0,-999.1,-99.8,-99.8,-99.8,-99.8,-99.8,-99.8,-99.8
2023-12-26 06:00:00,-9999.1,-99.8,-99.8,3.9,289.0,5.4,253.0,-999.1,-99.8,-99.8,-99.8,-99.8,-99.8,-99.8,-99.8
2023-12-26 07:00:00,-9999.1,-99.8,-99.8,2.7,282.0,5.9,247.0,-999.1,-99.8,-99.8,-99.8,-99.8,-99.8,-99.8,-99.8
2023-12-26 08:00:00,-9999.1,-99.8,-99.8,2.3,247.0,5.8,258.0,-999.1,-99.8,-99.8,-99.8,-99.8,-99.8,-99.8,-99.8
2023-12-26 09:00:00,-9999.1,-99.8,-99.8,3.0,270.0,5.4,258.0,-999.1,-99.8,-99.8,-99.8,-99.8,-99.8,-99.8,-99.8
2023-12-26 10:00:00,-9999.1,-99.8,-99.8,2.9,276.0,6.0,287.0,-999.1,-99.8,-99.8,-99.8,-99.8,-99.8,-99.8,-99.8
2023-12-26 11:00:00,-9999.1,-99.8,-99.8,3.5,287.0,5.8,281.0,-999.1,-99.8,-99.8,-99.8,-99.8,-99.8,-99.8,-99.8
2023-12-26 12:00:00,-9999.1,-99.8,-99.8,2.8,278.0,6.3,255.0,-999.1,-99.8,-99.8,-99.8,-99.8,-99.8,-99.8,-99.8
2023-12-26 13:00:00,-9999.1,-99.8,-99.8,3.6,281.0,7.5,290.0,-999.1,-99.8,-99.8,-99.8,-99.8,-99.8,-99.8,-99.8
2023-12-26 14:00:00,-9999.1,-99.8,-99.8,1.3,260.0,7.7,278.0,-999.1,-99.8,-99.8,-99.8,-99.8,-99.8,-99.8,-99.8
2023-12-26 15:00:00,-9999.1,-99.8,-99.8,2.8,267.0,5.8,239.0,-999.1,-99.8,-99.8,-99.8,-99.8,-99.8,-99.8,-99.8
2023-12-26 16:00:00,-9999.1,-99.8,-99.8,4.1,257.0,8.8,258.0,-999.1,-99.8,-99.8,-99.8,-99.8,-99.8,-99.8,-99.8
2023-12-26 17:00:00,-9999.1,-99.8,-99.8,4.8,273.0,10.1,241.0,-999.1,-99.8,-99.8,-99.8,-99.8,-99.8,-99.8,-99.8
2023-12-26 18:00:00,-9999.1,-99.8,-99.8,4.5,267.0,9.2,304.0,-999.1,-99.8,-99.8,-99.8,-99.8,-99.8,-99.8,-99.8
2023-12-26 19:00:00,-9999.1,-99.8,-99.8,3.6,271.0,9.4,298.0,-999.1,-99.8,-99.8,-99.8,-99.8,-99.8,-99.8,-99.8
2023-12-26 20:00:00,-9999.1,-99.8,-99.8,4.0,271.0,8.8,284.0,-999.1,-99.8,-99.8,-99.8,-99.8,-99.8,-99.8,-99.8
2023-12-26 21:00:00,-9999.1,-99.8,-99.8,4.7,266.0,9.1,246.0,-999.1,-99.8,-99.8,-99.8,-99.8,-99.8,-99.8,-99.8
2023-12-26 22:00:00,-9999.1,-99.8,-99.8,3.6,269.0,8.1,238.0,-999.1,-99.8,-99.8,-99.8,-99.8,-99.8,-99.8,-99.8
2023-12-26 23:00:00,-9999.1,-99.8,-99.8,5.8,261.0,11.5,253.0,-999.1,-99.8,-99.8,-99.8,-99.8,-99.8,-99.8,-99.8
2023-12-27 00:00:00,-9999.1,-99.8,-99.8,6.0,263.0,11.8,260.0,-999.1,-99.8,-99.8,-99.8,-99.8,-99.8,-99.8,-99.8
2023-12-27 01:00:00,-9999.1,-99.8,-99.8,3.9,256.0,11.2,261.0,-999.1,-99.8,-99.8,-99.8,-99.8,-99.8,-99.8,-99.8
2023-12-27 02:00:00,-9999.1,-99.8,-99.8,5.9,270.0,11.5,254.0,-999.1,-99.8,-99.8,-99.8,-99.8,-99.8,-99.8,-99.8
2023-12-27 03:00:00,-9999.1,-99.8,-99.8,6.1,272.0,11.3,284.0,-999.1,-99.8,-99.8,-99.8,-99.8,-99.8,-99.8,-99.8
2023-12-27 04:00:00,-9999.1,-99.8,-99.8,7.2,284.0,11.7,281.0,-999.1,-99.8,-99.8,-99.8,-99.8,-99.8,-99.8,-99.8
2023-12-27 05:00:00,-9999.1,-99.8,-99.8,8.7,287.0,13.6,284.0,-999.1,-99.8,-99.8,-99.8,-99.8,-99.8,-99.8,-99.8
2023-12-27 06:00:00,-9999.1,-99.8,-99.8,8.5,289.0,16.0,264.0,-999.1,-99.8,-99.8,-99.8,-99.8,-99.8,-99.8,-99.8
2023-12-27 07:00:00,-9999.1,-99.8,-99.8,8.1,286.0,16.1,281.0,-999.1,-99.8,-99.8,-99.8,-99.8,-99.8,-99.8,-99.8
2023-12-27 08:00:00,-9999.1,-99.8,-99.8,9.4,286.0,14.7,289.0,-999.1,-99.8,-99.8,-99.8,-99.8,-99.8,-99.8,-99.8
2023-12-27 09:00:00,-9999.1,-99.8,-99.8,8.3,284.0,17.4,289.0,-999.1,-99.8,-99.8,-99.8,-99.8,-99.8,-99.8,-99.8
2023-12-27 10:00:00,-9999.1,-99.8,-99.8,7.1,281.0,15.5,285.0,-999.1,-99.8,-99.8,-99.8,-99.8,-99.8,-99.8,-99.8
2023-12-27 11:00:00,-9999.1,-99.8,-99.8,6.4,280.0,12.4,290.0,-999.1,-99.8,-99.8,-99.8,-99.8,-99.8,-99.8,-99.8
2023-12-27 12:00:00,-9999.1,-99.8,-99.8,7.2,274.0,13.6,285.0,-999.1,-99.8,-99.8,-99.8,-99.8,-99.8,-99.8,-99.8
2023-12-27 13:00:00,-9999.1,-99.8,-99.8,7.5,273.0,12.8,277.0,-999.1,-99.8,-99.8,-99.8,-99.8,-99.8,-99.8,-99.8
2023-12-27 14:00:00,-9999.1,-99.8,-99.8,6.3,273.0,15.7,261.0,-999.1,-99.8,-99.8,-99.8,-99.8,-99.8,-99.8,-99.8
2023-12-27 15:00:00,-9999.1,-99.8,-99.8,7.4,269.0,14.1,261.0,-999.1,-99.8,-99.8,-99.8,-99.8,-99.8,-99.8,-99.8
2023-12-27 16:00:00,-9999.1,-99.8,-99.8,7.7,275.0,14.7,260.0,-999.1,-99.8,-99.8,-99.8,-99.8,-99.8,-99.8,-99.8
2023-12-27 17:00:00,-9999.1,-99.8,-99.8,8.0,275.0,14.6,269.0,-999.1,-99.8,-99.8,-99.8,-99.8,-99.8,-99.8,-99.8
2023-12-27 18:00:00,-9999.1,-99.8,-99.8,7.1,275.0,14.7,278.0,-999.1,-99.8,-99.8,-99.8,-99.8,-99.8,-99.8,-99.8
2023-12-27 19:00:00,-9999.1,-99.8,-99.8,7.5,273.0,13.3,295.0,-999.1,-99.8,-99.8,-99.8,-99.8,-99.8,-99.8,-99.8
2023-12-27 20:00:00,-9999.1,-99.8,-99.8,6.6,271.0,13.6,273.0,-999.1,-99.8,-99.8,-99.8,-99.8,-99.8,-99.8,-99.8
2023-12-27 21:00:00,-9999.1,-99.8,-99.8,6.2,272.0,12.0,265.0,-999.1,-99.8,-99.8,-99.8,-99.8,-99.8,-99.8,-99.8
2023-12-27 22:00:00,-9999.1,-99.8,-99.8,5.4,272.0,13.0,266.0,-999.1,-99.8,-99.8,-99.8,-99.8,-99.8,-99.8,-99.8
2023-12-27 23:00:00,-9999.1,-99.8,-99.8,5.3,274.0,11.2,280.0,-999.1,-99.8,-99.8,-99.8,-99.8,-99.8,-99.8,-99.8
2023-12-28 00:00:00,-9999.1,-99.8,-99.8,5.0,270.0,10.6,281.0,-999.1,-99.8,-99.8,-99.8,-99.8,-99.8,-99.8,-99.8
2023-12-28 01:00:00,-9999.1,-99.8,-99.8,5.7,269.0,9.7,283.0,-999.1,-99.8,-99.8,-99.8,-99.8,-99.8,-99.8,-99.8
2023-12-28 02:00:00,-9999.1,-99.8,-99.8,5.5,265.0,10.4,280.0,-999.1,-99.8,-99.8,-99.8,-99.8,-99.8,-99.8,-99.8
2023-12-28 03:00:00,-9999.1,-99.8,-99.8,5.1,271.0,10.3,278.0,-999.1,-99.8,-99.8,-99.8,-99.8,-99.8,-99.8,-99.8
2023-12-28 04:00:00,-9999.1,-99.8,-99.8,4.3,268.0,12.5,260.0,-999.1,-99.8,-99.8,-99.8,-99.8,-99.8,-99.8,-99.8
2023-12-28 05:00:00,-9999.1,-99.8,-99.8,4.5,271.0,10.6,282.0,-999.1,-99.8,-99.8,-99.8,-99.8,-99.8,-99.8,-99.8
2023-12-28 06:00:00,-9999.1,-99.8,-99.8,5.1,275.0,11.5,276.0,-999.1,-99.8,-99.8,-99.8,-99.8,-99.8,-99.8,-99.8
2023-12-28 07:00:00,-9999.1,-99.8,-99.8,5.6,276.0,9.7,280.0,-999.1,-99.8,-99.8,-99.8,-99.8,-99.8,-99.8,-99.8
2023-12-28 08:00:00,-9999.1,-99.8,-99.8,7.6,285.0,12.6,286.0,-999.1,-99.8,-99.8,-99.8,-99.8,-99.8,-99.8,-99.8
2023-12-28 09:00:00,-9999.1,-99.8,-99.8,6.0,271.0,10.5,285.0,-999.1,-99.8,-99.8,-99.8,-99.8,-99.8,-99.8,-99.8
2023-12-28 10:00:00,-9999.1,-99.8,-99.8,6.7,279.0,11.1,283.0,-999.1,-99.8,-99.8,-99.8,-99.8,-99.8,-99.8,-99.8
2023-12-28 11:00:00,-9999.1,-99.8,-99.8,6.2,274.0,10.7,284.0,-999.1,-99.8,-99.8,-99.8,-99.8,-99.8,-99.8,-99.8
2023-12-28 12:00:00,-9999.1,-99.8,-99.8,6.5,273.0,11.2,260.0,-999.1,-99.8,-99.8,-99.8,-99.8,-99.8,-99.8,-99.8
2023-12-28 13:00:00,-9999.1,-99.8,-99.8,6.0,279.0,10.7,282.0,-999.1,-99.8,-99.8,-99.8,-99.8,-99.8,-99.8,-99.8
2023-12-28 14:00:00,-9999.1,-99.8,-99.8,5.5,272.0,12.2,257.0,-999.1,-99.8,-99.8,-99.8,-99.8,-99.8,-99.8,-99.8
2023-12-28 15:00:00,-9999.1,-99.8,-99.8,5.7,275.0,10.8,278.0,-999.1,-99.8,-99.8,-99.8,-99.8,-99.8,-99.8,-99.8
2023-12-28 16:00:00,-9999.1,-99.8,-99.8,5.7,272.0,10.0,282.0,-999.1,-99.8,-99.8,-99.8,-99.8,-99.8,-99.8,-99.8
2023-12-28 17:00:00,-9999.1,-99.8,-99.8,6.6,276.0,11.2,259.0,-999.1,-99.8,-99.8,-99.8,-99.8,-99.8,-99.8,-99.8
2023-12-28 18:00:00,-9999.1,-99.8,-99.8,7.1,279.0,13.4,262.0,-999.1,-99.8,-99.8,-99.8,-99.8,-99.8,-99.8,-99.8
2023-12-28 19:00:00,-9999.1,-99.8,-99.8,7.2,277.0,13.1,262.0,-999.1,-99.8,-99.8,-99.8,-99.8,-99.8,-99.8,-99.8
2023-12-28 20:00:00,-9999.1,-99.8,-99.8,6.6,280.0,15.4,293.0,-999.1,-99.8,-99.8,-99.8,-99.8,-99.8,-99.8,-99.8
2023-12-28 21:00:00,-9999.1,-99.8,-99.8,6.8,280.0,11.7,284.0,-999.1,-99.8,-99.8,-99.8,-99.8,-99.8,-99.8,-99.8
2023-12-28 22:00:00,-9999.1,-99.8,-99.8,6.3,278.0,12.3,282.0,-999.1,-99.8,-99.8,-99.8,-99.8,-99.8,-99.8,-99.8
2023-12-28 23:00:00,-9999.1,-99.8,-99.8,6.2,273.0,10.7,271.0,-999.1,-99.8,-99.8,-99.8,-99.8,-99.8,-99.8,-99.8
2023-12-29 00:00:00,-9999.1,-99.8,-99.8,6.7,278.0,12.2,284.0,-999.1,-99.8,-99.8,-99.8,-99.8,-99.8,-99.8,-99.8
2023-12-29 01:00:00,-9999.1,-99.8,-99.8,5.9,277.0,11.1,260.0,-999.1,-99.8,-99.8,-99.8,-99.8,-99.8,-99.8,-99.8
2023-12-29 02:00:00,-9999.1,-99.8,-99.8,5.8,278.0,11.6,285.0,-999.1,-99.8,-99.8,-99.8,-99.8,-99.8,-99.8,-99.8
2023-12-29 03:00:00,-9999.1,-99.8,-99.8,6.3,277.0,10.8,289.0,-999.1,-99.8,-99.8,-99.8,-99.8,-99.8,-99.8,-99.8
2023-12-29 04:00:00,-9999.1,-99.8,-99.8,5.6,276.0,11.2,265.0,-999.1,-99.8,-99.8,-99.8,-99.8,-99.8,-99.8,-99.8
2023-12-29 05:00:00,-9999.1,-99.8,-99.8,5.3,276.0,10.8,279.0,-999.1,-99.8,-99.8,-99.8,-99.8,-99.8,-99.8,-99.8
2023-12-29 06:00:00,-9999.1,-99.8,-99.8,5.0,274.0,10.2,265.0,-999.1,-99.8,-99.8,-99.8,-99.8,-99.8,-99.8,-99.8
2023-12-29 07:00:00,-9999.1,-99.8,-99.8,4.6,275.0,9.0,275.0,-999.1,-99.8,-99.8,-99.8,-99.8,-99.8,-99.8,-99.8
2023-12-29 08:00:00,-9999.1,-99.8,-99.8,4.3,271.0,9.3,259.0,-999.1,-99.8,-99.8,-99.8,-99.8,-99.8,-99.8,-99.8
2023-12-29 09:00:00,-9999.1,-99.8,-99.8,4.7,274.0,9.7,259.0,-999.1,-99.8,-99.8,-99.8,-99.8,-99.8,-99.8,-99.8
2023-12-29 10:00:00,-9999.1,-99.8,-99.8,4.9,279.0,8.3,266.0,-999.1,-99.8,-99.8,-99.8,-99.8,-99.8,-99.8,-99.8
2023-12-29 11:00:00,-9999.1,-99.8,-99.8,6.0,268.0,11.8,267.0,-999.1,-99.8,-99.8,-99.8,-99.8,-99.8,-99.8,-99.8
2023-12-29 12:00:00,-9999.1,-99.8,-99.8,6.1,272.0,13.1,285.0,-999.1,-99.8,-99.8,-99.8,-99.8,-99.8,-99.8,-99.8
2023-12-29 13:00:00,-9999.1,-99.8,-99.8,5.8,272.0,11.7,257.0,-999.1,-99.8,-99.8,-99.8,-99.8,-99.8,-99.8,-99.8
2023-12-29 14:00:00,-9999.1,-99.8,-99.8,5.7,278.0,11.0,286.0,-999.1,-99.8,-99.8,-99.8,-99.8,-99.8,-99.8,-99.8
2023-12-29 15:00:00,-9999.1,-99.8,-99.8,5.4,272.0,11.7,286.0,-999.1,-99.8,-99.8,-99.8,-99.8,-99.8,-99.8,-99.8
2023-12-29 16:00:00,-9999.1,-99.8,-99.8,5.8,279.0,10.8,288.0,-999.1,-99.8,-99.8,-99.8,-99.8,-99.8,-99.8,-99.8
2023-12-29 17:00:00,-9999.1,-99.8,-99.8,5.5,284.0,9.4,288.0,-999.1,-99.8,-99.8,-99.8,-99.8,-99.8,-99.8,-99.8
2023-12-29 18:00:00,-9999.1,-99.8,-99.8,5.3,277.0,11.4,283.0,-999.1,-99.8,-99.8,-99.8,-99.8,-99.8,-99.8,-99.8
2023-12-29 19:00:00,-9999.1,-99.8,-99.8,5.3,276.0,10.2,258.0,-999.1,-99.8,-99.8,-99.8,-99.8,-99.8,-99.8,-99.8
2023-12-29 20:00:00,-9999.1,-99.8,-99.8,5.6,279.0,10.6,286.0,-999.1,-99.8,-99.8,-99.8,-99.8,-99.8,-99.8,-99.8
2023-12-29 21:00:00,-9999.1,-99.8,-99.8,5.3,280.0,10.1,285.0,-999.1,-99.8,-99.8,-99.8,-99.8,-99.8,-99.8,-99.8
2023-12-29 22:00:00,-9999.1,-99.8,-99.8,7.1,282.0,12.6,286.0,-999.1,-99.8,-99.8,-99.8,-99.8,-99.8,-99.8,-99.8
2023-12-29 23:00:00,-9999.1,-99.8,-99.8,6.8,276.0,14.0,286.0,-999.1,-99.8,-99.8,-99.8,-99.8,-99.8,-99.8,-99.8
2023-12-30 00:00:00,-9999.1,-99.8,-99.8,5.6,281.0,12.8,283.0,-999.1,-99.8,-99.8,-99.8,-99.8,-99.8,-99.8,-99.8
2023-12-30 01:00:00,-9999.1,-99.8,-99.8,7.4,279.0,14.7,254.0,-999.1,-99.8,-99.8,-99.8,-99.8,-99.8,-99.8,-99.8
2023-12-30 02:00:00,-9999.1,-99.8,-99.8,7.5,285.0,15.9,284.0,-999.1,-99.8,-99.8,-99.8,-99.8,-99.8,-99.8,-99.8
2023-12-30 03:00:00,-9999.1,-99.8,-99.8,7.2,278.0,14.9,287.0,-999.1,-99.8,-99.8,-99.8,-99.8,-99.8,-99.8,-99.8
2023-12-30 04:00:00,-9999.1,-99.8,-99.8,8.2,284.0,14.7,281.0,-999.1,-99.8,-99.8,-99.8,-99.8,-99.8,-99.8,-99.8
2023-12-30 05:00:00,-9999.1,-99.8,-99.8,8.4,284.0,14.0,293.0,-999.1,-99.8,-99.8,-99.8,-99.8,-99.8,-99.8,-99.8
2023-12-30 06:00:00,-9999.1,-99.8,-99.8,5.2,279.0,12.5,290.0,-999.1,-99.8,-99.8,-99.8,-99.8,-99.8,-99.8,-99.8
2023-12-30 07:00:00,-9999.1,-99.8,-99.8,5.3,282.0,13.4,289.0,-999.1,-99.8,-99.8,-99.8,-99.8,-99.8,-99.8,-99.8
2023-12-30 08:00:00,-9999.1,-99.8,-99.8,5.0,275.0,11.5,286.0,-999.1,-99.8,-99.8,-99.8,-99.8,-99.8,-99.8,-99.8
2023-12-30 09:00:00,-9999.1,-99.8,-99.8,5.5,281.0,9.1,283.0,-999.1,-99.8,-99.8,-99.8,-99.8,-99.8,-99.8,-99.8
2023-12-30 10:00:00,-9999.1,-99.8,-99.8,2.7,263.0,8.1,287.0,-999.1,-99.8,-99.8,-99.8,-99.8,-99.8,-99.8,-99.8
2023-12-30 11:00:00,-9999.1,-99.8,-99.8,3.5,264.0,8.5,256.0,-999.1,-99.8,-99.8,-99.8,-99.8,-99.8,-99.8,-99.8
2023-12-30 12:00:00,-9999.1,-99.8,-99.8,4.0,275.0,7.6,261.0,-999.1,-99.8,-99.8,-99.8,-99.8,-99.8,-99.8,-99.8
2023-12-30 13:00:00,-9999.1,-99.8,-99.8,3.0,270.0,7.9,285.0,-999.1,-99.8,-99.8,-99.8,-99.8,-99.8,-99.8,-99.8
2023-12-30 14:00:00,-9999.1,-99.8,-99.8,3.2,266.0,6.9,286.0,-999.1,-99.8,-99.8,-99.8,-99.8,-99.8,-99.8,-99.8
2023-12-30 15:00:00,-9999.1,-99.8,-99.8,4.4,277.0,7.6,285.0,-999.1,-99.8,-99.8,-99.8,-99.8,-99.8,-99.8,-99.8
2023-12-30 16:00:00,-9999.1,-99.8,-99.8,3.9,276.0,8.1,283.0,-999.1,-99.8,-99.8,-99.8,-99.8,-99.8,-99.8,-99.8
2023-12-30 17:00:00,-9999.1,-99.8,-99.8,3.7,282.0,7.6,289.0,-999.1,-99.8,-99.8,-99.8,-99.8,-99.8,-99.8,-99.8
2023-12-30 18:00:00,-9999.1,-99.8,-99.8,5.8,281.0,10.5,257.0,-999.1,-99.8,-99.8,-99.8,-99.8,-99.8,-99.8,-99.8
2023-12-30 19:00:00,-9999.1,-99.8,-99.8,5.7,265.0,11.9,259.0,-999.1,-99.8,-99.8,-99.8,-99.8,-99.8,-99.8,-99.8
2023-12-30 20:00:00,-9999.1,-99.8,-99.8,5.9,277.0,12.1,299.0,-999.1,-99.8,-99.8,-99.8,-99.8,-99.8,-99.8,-99.8
2023-12-30 21:00:00,-9999.1,-99.8,-99.8,4.5,270.0,10.9,286.0,-999.1,-99.8,-99.8,-99.8,-99.8,-99.8,-99.8,-99.8
2023-12-30 22:00:00,-9999.1,-99.8,-99.8,5.7,276.0,10.5,286.0,-999.1,-99.8,-99.8,-99.8,-99.8,-99.8,-99.8,-99.8
2023-12-30 23:00:00,-9999.1,-99.8,-99.8,5.0,276.0,9.6,287.0,-999.1,-99.8,-99.8,-99.8,-99.8,-99.8,-99.8,-99.8
2023-12-31 00:00:00,-9999.1,-99.8,-99.8,4.8,280.0,9.6,287.0,-999.1,-99.8,-99.8,-99.8,-99.8,-99.8,-99.8,-99.8
2023-12-31 01:00:00,-9999.1,-99.8,-99.8,7.0,279.0,14.2,284.0,-999.1,-99.8,-99.8,-99.8,-99.8,-99.8,-99.8,-99.8
2023-12-31 02:00:00,-9999.1,-99.8,-99.8,5.9,282.0,10.8,286.0,-999.1,-99.8,-99.8,-99.8,-99.8,-99.8,-99.8,-99.8
2023-12-31 03:00:00,-9999.1,-99.8,-99.8,5.9,281.0,11.9,297.0,-999.1,-99.8,-99.8,-99.8,-99.8,-99.8,-99.8,-99.8
2023-12-31 04:00:00,-9999.1,-99.8,-99.8,5.3,280.0,10.2,298.0,-999.1,-99.8,-99.8,-99.8,-99.8,-99.8,-99.8,-99.8
2023-12-31 05:00:00,-9999.1,-99.8,-99.8,5.5,282.0,9.8,285.0,-999.1,-99.8,-99.8,-99.8,-99.8,-99.8,-99.8,-99.8
2023-12-31 06:00:00,-9999.1,-99.8,-99.8,5.5,282.0,9.8,285.0,-999.1,-99.8,-99.8,-99.8,-99.8,-99.8,-99.8,-99.8
2023-12-31 07:00:00,-9999.1,-99.8,-99.8,5.0,278.0,9.3,285.0,-999.1,-99.8,-99.8,-99.8,-99.8,-99.8,-99.8,-99.8
2023-12-31 08:00:00,-9999.1,-99.8,-99.8,4.8,275.0,8.7,284.0,-999.1,-99.8,-99.8,-99.8,-99.8,-99.8,-99.8,-99.8
2023-12-31 09:00:00,-9999.1,-99.8,-99.8,4.5,274.0,8.8,281.0,-999.1,-99.8,-99.8,-99.8,-99.8,-99.8,-99.8,-99.8
2023-12-31 10:00:00,-9999.1,-99.8,-99.8,4.8,280.0,8.7,268.0,-999.1,-99.8,-99.8,-99.8,-99.8,-99.8,-99.8,-99.8
2023-12-31 11:00:00,-9999.1,-99.8,-99.8,5.2,283.0,8.3,287.0,-999.1,-99.8,-99.8,-99.8,-99.8,-99.8,-99.8,-99.8
2023-12-31 12:00:00,-9999.1,-99.8,-99.8,5.7,282.0,9.4,284.0,-999.1,-99.8,-99.8,-99.8,-99.8,-99.8,-99.8,-99.8
2023-12-31 13:00:00,-9999.1,-99.8,-99.8,5.5,281.0,10.2,288.0,-999.1,-99.8,-99.8,-99.8,-99.8,-99.8,-99.8,-99.8
2023-12-31 14:00:00,-9999.1,-99.8,-99.8,6.6,280.0,10.9,286.0,-999.1,-99.8,-99.8,-99.8,-99.8,-99.8,-99.8,-99.8
2023-12-31 15:00:00,-9999.1,-99.8,-99.8,5.8,278.0,10.7,282.0,-999.1,-99.8,-99.8,-99.8,-99.8,-99.8,-99.8,-99.8
2023-12-31 16:00:00,-9999.1,-99.8,-99.8,5.6,278.0,11.3,286.0,-999.1,-99.8,-99.8,-99.8,-99.8,-99.8,-99.8,-99.8
2023-12-31 17:00:00,-9999.1,-99.8,-99.8,5.8,274.0,9.4,278.0,-999.1,-99.8,-99.8,-99.8,-99.8,-99.8,-99.8,-99.8
2023-12-31 18:00:00,-9999.1,-99.8,-99.8,6.4,275.0,13.3,287.0,-999.1,-99.8,-99.8,-99.8,-99.8,-99.8,-99.8,-99.8
2023-12-31 19:00:00,-9999.1,-99.8,-99.8,6.1,269.0,11.3,249.0,-999.1,-99.8,-99.8,-99.8,-99.8,-99.8,-99.8,-99.8
2023-12-31 20:00:00,-9999.1,-99.8,-99.8,6.4,273.0,11.9,259.0,-999.1,-99.8,-99.8,-99.8,-99.8,-99.8,-99.8,-99.8
2023-12-31 21:00:00,-9999.1,-99.8,-99.8,5.5,274.0,11.9,282.0,-999.1,-99.8,-99.8,-99.8,-99.8,-99.8,-99.8,-99.8
2023-12-31 22:00:00,-9999.1,-99.8,-99.8,6.2,275.0,11.9,284.0,-999.1,-99.8,-99.8,-99.8,-99.8,-99.8,-99.8,-99.8
2023-12-31 23:00:00,-9999.1,-99.8,-99.8,7.4,276.0,14.1,261.0,-999.1,-99.8,-99.8,-99.8,-99.8,-99.8,-99.8,-99.8
2024-01-01 00:00:00,-9999.1,-99.8,-99.8,6.8,280.0,13.1,279.0,-999.1,-99.8,-99.8,-99.8,-99.8,-99.8,-99.8,-99.8
