,StnPres,SeaPres,StnPresMax,StnPresMaxTime,StnPresMin,StnPresMinTime,Tx,TxMaxAbs,TxMaxAbsTime,TxMinAbs,TxMinAbsTime,Td,RH,RHMin,RHMinTime,WS,WD,WSGust,WDGust,WGustTime,Precp,PrecpMax10,PrecpMax10Time,PrecpHrMax,PrecpHrMaxTime,SunShine,GloblRad,EvapA,TxSoil0cm,TxSoil5cm,TxSoil10cm,TxSoil20cm,TxSoil50cm,TxSoil100cm,AirTemperature.DailyRangef,AirTemperature.MaximumTimef,AirTemperature.Maximumf,AirTemperature.Meanf,AirTemperature.MinimumTimef,AirTemperature.Minimumf,CloudAmount,CloudAmountSat,DewPointTemperature.Maximum,DewPointTemperature.MaximumTime,DewPointTemperature.MaximumTimef,DewPointTemperature.Maximumf,DewPointTemperature.Meanf,DewPointTemperature.Minimum,DewPointTemperature.MinimumTime,DewPointTemperature.MinimumTimef,DewPointTemperature.Minimumf,EvaporationClassAPan.Accumulationf,GlobalSolarRadiation.Accumulationf,GlobalSolarRadiation.HourlyMaximumTimef,GlobalSolarRadiation.HourlyMaximumf,GloblRadMax,GloblRadMaxTime,PeakGust.Directionf,PeakGust.MaximumTimef,PeakGust.Maximumf,Precipitation.Accumulationf,Precipitation.HourlyMaximum,Precipitation.HourlyMaximumTime,Precipitation.HourlyMaximumTimef,Precipitation.HourlyMaximumf,Precipitation.SixtyMinutelyMaximumTimef,Precipitation.SixtyMinutelyMaximumf,Precipitation.TenMinutelyMaximumTimef,Precipitation.TenMinutelyMaximumf,PrecipitationDuration.Totalf,PrecpHour,PrecpMax60,PrecpMax60Time,RelativeHumidity.Maximum,RelativeHumidity.MaximumTime,RelativeHumidity.MaximumTimef,RelativeHumidity.Maximumf,RelativeHumidity.Meanf,RelativeHumidity.MinimumTimef,RelativeHumidity.Minimumf,SeaLevelPressure.Maximum,SeaLevelPressure.MaximumTime,SeaLevelPressure.MaximumTimef,SeaLevelPressure.Maximumf,SeaLevelPressure.Meanf,SeaLevelPressure.Minimum,SeaLevelPressure.MinimumTime,SeaLevelPressure.MinimumTimef,SeaLevelPressure.Minimumf,SoilTemperatureAt0cm.Meanf,SoilTemperatureAt100cm.Meanf,SoilTemperatureAt10cm.Meanf,SoilTemperatureAt20cm.Meanf,SoilTemperatureAt30cm.Meanf,SoilTemperatureAt50cm.Meanf,SoilTemperatureAt5cm.Meanf,StationPressure.MaximumTimef,StationPressure.Maximumf,StationPressure.Meanf,StationPressure.MinimumTimef,StationPressure.Minimumf,SunShineRate,SunshineDuration.Ratef,SunshineDuration.Totalf,TotalCloudAmount.Meanf,TotalCloudAmount.SatRetrievedMeanf,TxRange,TxSoil30cm,UVIMax,UVIMaxTime,UVIndex.MaximumTimef,UVIndex.Maximumf,VisbMean,Visibility.Meanf,WindDirection.CountForCode00,WindDirection.CountForCode00f,WindDirection.CountForCode01,WindDirection.CountForCode01f,WindDirection.CountForCode02,WindDirection.CountForCode02f,WindDirection.CountForCode03,WindDirection.CountForCode03f,WindDirection.CountForCode04,WindDirection.CountForCode04f,WindDirection.CountForCode05,WindDirection.CountForCode05f,WindDirection.CountForCode06,WindDirection.CountForCode06f,WindDirection.CountForCode07,WindDirection.CountForCode07f,WindDirection.CountForCode08,WindDirection.CountForCode08f,WindDirection.CountForCode09,WindDirection.CountForCode09f,WindDirection.CountForCode10,WindDirection.CountForCode10f,WindDirection.CountForCode11,WindDirection.CountForCode11f,WindDirection.CountForCode12,WindDirection.CountForCode12f,WindDirection.CountForCode13,WindDirection.CountForCode13f,WindDirection.CountForCode14,WindDirection.CountForCode14f,WindDirection.CountForCode15,WindDirection.CountForCode15f,WindDirection.CountForCode16,WindDirection.CountForCode16f,WindDirection.CountForCode17,WindDirection.CountForCode17f,WindDirection.CountForCode18,WindDirection.CountForCode18f,WindDirection.CountForCode19,WindDirection.CountForCode19f,WindDirection.CountForCode20,WindDirection.CountForCode20f,WindDirection.CountForCode21,WindDirection.CountForCode21f,WindDirection.CountForCode22,WindDirection.CountForCode22f,WindDirection.CountForCode23,WindDirection.CountForCode23f,WindDirection.CountForCode24,WindDirection.CountForCode24f,WindDirection.CountForCode25,WindDirection.CountForCode25f,WindDirection.CountForCode26,WindDirection.CountForCode26f,WindDirection.CountForCode27,WindDirection.CountForCode27f,WindDirection.CountForCode28,WindDirection.CountForCode28f,WindDirection.CountForCode29,WindDirection.CountForCode29f,WindDirection.CountForCode30,WindDirection.CountForCode30f,WindDirection.CountForCode31,WindDirection.CountForCode31f,WindDirection.CountForCode32,WindDirection.CountForCode32f,WindDirection.CountForCode33,WindDirection.CountForCode33f,WindDirection.CountForCode34,WindDirection.CountForCode34f,WindDirection.CountForCode35,WindDirection.CountForCode35f,WindDirection.CountForCode36,WindDirection.CountForCode36f,WindDirection.CountForCode99,WindDirection.CountForCode99f,WindDirection.Prevailingf,WindDirection.TenMinutelyMaximum,WindDirection.TenMinutelyMaximumf,WindSpeed.Meanf,WindSpeed.TenMinutelyMaximum,WindSpeed.TenMinutelyMaximumTime,WindSpeed.TenMinutelyMaximumTimef,WindSpeed.TenMinutelyMaximumf,WindSpeed.TotalForCode00,WindSpeed.TotalForCode00f,WindSpeed.TotalForCode01,WindSpeed.TotalForCode01f,WindSpeed.TotalForCode02,WindSpeed.TotalForCode02f,WindSpeed.TotalForCode03,WindSpeed.TotalForCode03f,WindSpeed.TotalForCode04,WindSpeed.TotalForCode04f,WindSpeed.TotalForCode05,WindSpeed.TotalForCode05f,WindSpeed.TotalForCode06,WindSpeed.TotalForCode06f,WindSpeed.TotalForCode07,WindSpeed.TotalForCode07f,WindSpeed.TotalForCode08,WindSpeed.TotalForCode08f,WindSpeed.TotalForCode09,WindSpeed.TotalForCode09f,WindSpeed.TotalForCode10,WindSpeed.TotalForCode10f,WindSpeed.TotalForCode11,WindSpeed.TotalForCode11f,WindSpeed.TotalForCode12,WindSpeed.TotalForCode12f,WindSpeed.TotalForCode13,WindSpeed.TotalForCode13f,WindSpeed.TotalForCode14,WindSpeed.TotalForCode14f,WindSpeed.TotalForCode15,WindSpeed.TotalForCode15f,WindSpeed.TotalForCode16,WindSpeed.TotalForCode16f,WindSpeed.TotalForCode17,WindSpeed.TotalForCode17f,WindSpeed.TotalForCode18,WindSpeed.TotalForCode18f,WindSpeed.TotalForCode19,WindSpeed.TotalForCode19f,WindSpeed.TotalForCode20,WindSpeed.TotalForCode20f,WindSpeed.TotalForCode21,WindSpeed.TotalForCode21f,WindSpeed.TotalForCode22,WindSpeed.TotalForCode22f,WindSpeed.TotalForCode23,WindSpeed.TotalForCode23f,WindSpeed.TotalForCode24,WindSpeed.TotalForCode24f,WindSpeed.TotalForCode25,WindSpeed.TotalForCode25f,WindSpeed.TotalForCode26,WindSpeed.TotalForCode26f,WindSpeed.TotalForCode27,WindSpeed.TotalForCode27f,WindSpeed.TotalForCode28,WindSpeed.TotalForCode28f,WindSpeed.TotalForCode29,WindSpeed.TotalForCode29f,WindSpeed.TotalForCode30,WindSpeed.TotalForCode30f,WindSpeed.TotalForCode31,WindSpeed.TotalForCode31f,WindSpeed.TotalForCode32,WindSpeed.TotalForCode32f,WindSpeed.TotalForCode33,WindSpeed.TotalForCode33f,WindSpeed.TotalForCode34,WindSpeed.TotalForCode34f,WindSpeed.TotalForCode35,WindSpeed.TotalForCode35f,WindSpeed.TotalForCode36,WindSpeed.TotalForCode36f,WindSpeed.TotalForCode99,WindSpeed.TotalForCode99f
2020-01-01,1022.5,1024.6,1024.9,2020-01-01T09:27:00,1021.1,2020-01-01T15:08:00,20.8,23.4,2020-01-01T10:57:00,18.3,2020-01-01T06:57:00,14.5,67,57,2020-01-01T14:18:00,1.5,290,6.3,280,2020-01-01T14:17:00,0.0,0.0,2020-01-01T00:00:00,0.0,2020-01-01T00:00:00,8.7,12.73,,-99.5,-99.5,-99.5,-99.5,-99.5,-99.5,,,,,,,,,16.0,2020-01-01T21:45:00,,,,13.0,2020-01-01T04:20:00,,,,,,,,,,,,,0.0,2020-01-01T00:00:00,,,,,,,,-99.5,,,78,2020-01-01T23:23:00,,,,,,,,,,,,,,,,,,,,,,,,,,,-99.5,,,,,5.1,-99.5,,,,,,,,,,,,,,,,,,,,,,,,,,,,,,,,,,,,,,,,,,,,,,,,,,,,,,,,,,,,,,,,,,,,,,,,,,,,,,,,,,,,280,,,4.0,2020-01-01T15:00:00,,,,,,,,,,,,,,,,,,,,,,,,,,,,,,,,,,,,,,,,,,,,,,,,,,,,,,,,,,,,,,,,,,,,,,,,,,,,,,
2020-01-02,1022.0,1024.0,1024.3,2020-01-02T09:25:00,1020.2,2020-01-02T14:48:00,20.2,23.8,2020-01-02T13:33:00,16.9,2020-01-02T05:41:00,14.8,71,54,2020-01-02T12:04:00,1.3,310,6.7,280,2020-01-02T14:59:00,0.0,0.0,2020-01-02T00:00:00,0.0,2020-01-02T00:00:00,8.8,14.08,,-99.5,-99.5,-99.5,-99.5,-99.5,-99.5,,,,,,,,,15.5,2020-01-02T08:58:00,,,,13.7,2020-01-02T11:51:00,,,,,,,,,,,,,0.0,2020-01-02T00:00:00,,,,,,,,-99.5,,,84,2020-01-02T06:56:00,,,,,,,,,,,,,,,,,,,,,,,,,,,-99.5,,,,,6.9,-99.5,,,,,,,,,,,,,,,,,,,,,,,,,,,,,,,,,,,,,,,,,,,,,,,,,,,,,,,,,,,,,,,,,,,,,,,,,,,,,,,,,,,,280,,,3.9,2020-01-02T15:50:00,,,,,,,,,,,,,,,,,,,,,,,,,,,,,,,,,,,,,,,,,,,,,,,,,,,,,,,,,,,,,,,,,,,,,,,,,,,,,,
2020-01-03,1020.2,1022.2,1022.1,2020-01-03T08:31:00,1018.2,2020-01-03T15:35:00,20.3,23.9,2020-01-03T11:15:00,17.4,2020-01-03T03:18:00,15.1,72,54,2020-01-03T14:16:00,1.4,310,6.1,280,2020-01-03T13:18:00,0.0,0.0,2020-01-03T00:00:00,0.0,2020-01-03T00:00:00,8.8,15.18,,-99.5,-99.5,-99.5,-99.5,-99.5,-99.5,,,,,,,,,15.9,2020-01-03T21:40:00,,,,13.7,2020-01-03T14:15:00,,,,,,,,,,,,,0.0,2020-01-03T00:00:00,,,,,,,,-99.5,,,85,2020-01-03T06:27:00,,,,,,,,,,,,,,,,,,,,,,,,,,,-99.5,,,,,6.5,-99.5,,,,,,,,,,,,,,,,,,,,,,,,,,,,,,,,,,,,,,,,,,,,,,,,,,,,,,,,,,,,,,,,,,,,,,,,,,,,,,,,,,,,270,,,4.0,2020-01-03T12:52:00,,,,,,,,,,,,,,,,,,,,,,,,,,,,,,,,,,,,,,,,,,,,,,,,,,,,,,,,,,,,,,,,,,,,,,,,,,,,,,
2020-01-04,1018.2,1020.2,1020.4,2020-01-04T08:53:00,1016.0,2020-01-04T14:50:00,20.5,24.2,2020-01-04T14:32:00,16.6,2020-01-04T04:50:00,14.8,70,50,2020-01-04T10:42:00,1.4,290,6.1,280,2020-01-04T12:57:00,0.0,0.0,2020-01-04T00:00:00,0.0,2020-01-04T00:00:00,8.5,15.84,,-99.5,-99.5,-99.5,-99.5,-99.5,-99.5,,,,,,,,,15.7,2020-01-04T23:44:00,,,,13.2,2020-01-04T10:38:00,,,,,,,,,,,,,0.0,2020-01-04T00:00:00,,,,,,,,-99.5,,,84,2020-01-04T05:05:00,,,,,,,,,,,,,,,,,,,,,,,,,,,-99.5,,,,,7.6,-99.5,,,,,,,,,,,,,,,,,,,,,,,,,,,,,,,,,,,,,,,,,,,,,,,,,,,,,,,,,,,,,,,,,,,,,,,,,,,,,,,,,,,,280,,,3.7,2020-01-04T15:22:00,,,,,,,,,,,,,,,,,,,,,,,,,,,,,,,,,,,,,,,,,,,,,,,,,,,,,,,,,,,,,,,,,,,,,,,,,,,,,,
2020-01-05,1018.7,1020.7,1020.2,2020-01-05T08:25:00,1016.8,2020-01-05T14:34:00,20.8,24.4,2020-01-05T11:15:00,16.8,2020-01-05T06:28:00,15.1,70,54,2020-01-05T11:16:00,1.5,300,7.7,280,2020-01-05T12:24:00,0.0,0.0,2020-01-05T00:00:00,0.0,2020-01-05T00:00:00,8.8,15.3,,-99.5,-99.5,-99.5,-99.5,-99.5,-99.5,,,,,,,,,16.0,2020-01-05T01:04:00,,,,13.9,2020-01-05T06:29:00,,,,,,,,,,,,,0.0,2020-01-05T00:00:00,,,,,,,,-99.5,,,84,2020-01-05T05:28:00,,,,,,,,,,,,,,,,,,,,,,,,,,,-99.5,,,,,7.6,-99.5,,,,,,,,,,,,,,,,,,,,,,,,,,,,,,,,,,,,,,,,,,,,,,,,,,,,,,,,,,,,,,,,,,,,,,,,,,,,,,,,,,,,280,,,4.9,2020-01-05T12:47:00,,,,,,,,,,,,,,,,,,,,,,,,,,,,,,,,,,,,,,,,,,,,,,,,,,,,,,,,,,,,,,,,,,,,,,,,,,,,,,
2020-01-06,1017.5,1019.5,1019.8,2020-01-06T08:56:00,1015.5,2020-01-06T16:03:00,20.9,25.1,2020-01-06T10:35:00,17.0,2020-01-06T06:58:00,15.1,70,47,2020-01-06T13:23:00,1.4,290,6.3,250,2020-01-06T12:58:00,0.0,0.0,2020-01-06T00:00:00,0.0,2020-01-06T00:00:00,8.9,15.54,,-99.5,-99.5,-99.5,-99.5,-99.5,-99.5,,,,,,,,,16.8,2020-01-06T17:06:00,,,,12.4,2020-01-06T13:33:00,,,,,,,,,,,,,0.0,2020-01-06T00:00:00,,,,,,,,-99.5,,,85,2020-01-06T07:08:00,,,,,,,,,,,,,,,,,,,,,,,,,,,-99.5,,,,,8.1,-99.5,,,,,,,,,,,,,,,,,,,,,,,,,,,,,,,,,,,,,,,,,,,,,,,,,,,,,,,,,,,,,,,,,,,,,,,,,,,,,,,,,,,,280,,,3.6,2020-01-06T15:59:00,,,,,,,,,,,,,,,,,,,,,,,,,,,,,,,,,,,,,,,,,,,,,,,,,,,,,,,,,,,,,,,,,,,,,,,,,,,,,,
2020-01-07,1014.9,1016.9,1016.7,2020-01-07T10:52:00,1012.5,2020-01-07T15:34:00,22.2,27.5,2020-01-07T15:10:00,17.5,2020-01-07T05:22:00,14.9,64,44,2020-01-07T16:10:00,1.2,10,7.2,350,2020-01-07T13:56:00,0.0,0.0,2020-01-07T00:00:00,0.0,2020-01-07T00:00:00,8.9,15.78,,-99.5,-99.5,-99.5,-99.5,-99.5,-99.5,,,,,,,,,16.4,2020-01-07T23:46:00,,,,13.9,2020-01-07T05:12:00,,,,,,,,,,,,,0.0,2020-01-07T00:00:00,,,,,,,,-99.5,,,80,2020-01-07T06:06:00,,,,,,,,,,,,,,,,,,,,,,,,,,,-99.5,,,,,10.0,-99.5,,,,,,,,,,,,,,,,,,,,,,,,,,,,,,,,,,,,,,,,,,,,,,,,,,,,,,,,,,,,,,,,,,,,,,,,,,,,,,,,,,,,340,,,3.1,2020-01-07T12:47:00,,,,,,,,,,,,,,,,,,,,,,,,,,,,,,,,,,,,,,,,,,,,,,,,,,,,,,,,,,,,,,,,,,,,,,,,,,,,,,
2020-01-08,1015.8,1017.8,1017.8,2020-01-08T09:13:00,1014.2,2020-01-08T14:57:00,21.9,26.3,2020-01-08T11:00:00,18.3,2020-01-08T04:09:00,15.3,67,45,2020-01-08T11:00:00,1.4,290,6.3,250,2020-01-08T12:55:00,0.0,0.0,2020-01-08T00:00:00,0.0,2020-01-08T00:00:00,8.9,15.98,,-99.5,-99.5,-99.5,-99.5,-99.5,-99.5,,,,,,,,,17.4,2020-01-08T18:03:00,,,,13.2,2020-01-08T09:32:00,,,,,,,,,,,,,0.0,2020-01-08T00:00:00,,,,,,,,-99.5,,,79,2020-01-08T02:13:00,,,,,,,,,,,,,,,,,,,,,,,,,,,-99.5,,,,,8.0,-99.5,,,,,,,,,,,,,,,,,,,,,,,,,,,,,,,,,,,,,,,,,,,,,,,,,,,,,,,,,,,,,,,,,,,,,,,,,,,,,,,,,,,,280,,,4.0,2020-01-08T12:45:00,,,,,,,,,,,,,,,,,,,,,,,,,,,,,,,,,,,,,,,,,,,,,,,,,,,,,,,,,,,,,,,,,,,,,,,,,,,,,,
2020-01-09,1015.5,1017.5,1017.7,2020-01-09T09:31:00,1013.6,2020-01-09T16:26:00,21.2,24.1,2020-01-09T11:26:00,17.9,2020-01-09T04:42:00,15.1,68,54,2020-01-09T10:43:00,1.3,300,6.3,280,2020-01-09T12:53:00,0.0,0.0,2020-01-09T00:00:00,0.0,2020-01-09T00:00:00,8.7,12.33,,-99.5,-99.5,-99.5,-99.5,-99.5,-99.5,,,,,,,,,16.3,2020-01-09T00:07:00,,,,14.2,2020-01-09T10:45:00,,,,,,,,,,,,,0.0,2020-01-09T00:00:00,,,,,,,,-99.5,,,83,2020-01-09T07:09:00,,,,,,,,,,,,,,,,,,,,,,,,,,,-99.5,,,,,6.2,-99.5,,,,,,,,,,,,,,,,,,,,,,,,,,,,,,,,,,,,,,,,,,,,,,,,,,,,,,,,,,,,,,,,,,,,,,,,,,,,,,,,,,,,280,,,3.6,2020-01-09T13:01:00,,,,,,,,,,,,,,,,,,,,,,,,,,,,,,,,,,,,,,,,,,,,,,,,,,,,,,,,,,,,,,,,,,,,,,,,,,,,,,
2020-01-10,1013.8,1015.8,1016.2,2020-01-10T08:27:00,1011.6,2020-01-10T15:44:00,21.9,25.2,2020-01-10T12:00:00,18.6,2020-01-10T06:46:00,15.6,68,50,2020-01-10T16:53:00,1.4,300,7.6,270,2020-01-10T14:20:00,0.0,0.0,2020-01-10T00:00:00,0.0,2020-01-10T00:00:00,8.8,14.83,,-99.5,-99.5,-99.5,-99.5,-99.5,-99.5,,,,,,,,,16.7,2020-01-10T14:04:00,,,,14.1,2020-01-10T17:04:00,,,,,,,,,,,,,0.0,2020-01-10T00:00:00,,,,,,,,-99.5,,,82,2020-01-10T05:26:00,,,,,,,,,,,,,,,,,,,,,,,,,,,-99.5,,,,,6.6,-99.5,,,,,,,,,,,,,,,,,,,,,,,,,,,,,,,,,,,,,,,,,,,,,,,,,,,,,,,,,,,,,,,,,,,,,,,,,,,,,,,,,,,,280,,,4.7,2020-01-10T15:44:00,,,,,,,,,,,,,,,,,,,,,,,,,,,,,,,,,,,,,,,,,,,,,,,,,,,,,,,,,,,,,,,,,,,,,,,,,,,,,,
2020-01-11,1012.3,1014.3,1014.1,2020-01-11T09:03:00,1010.0,2020-01-11T15:09:00,22.1,27.3,2020-01-11T15:15:00,18.0,2020-01-11T07:03:00,15.2,66,42,2020-01-11T15:31:00,1.4,330,7.4,280,2020-01-11T14:01:00,0.0,0.0,2020-01-11T00:00:00,0.0,2020-01-11T00:00:00,9.0,15.18,,-99.5,-99.5,-99.5,-99.5,-99.5,-99.5,,,,,,,,,17.2,2020-01-11T13:10:00,,,,12.9,2020-01-11T14:51:00,,,,,,,,,,,,,0.0,2020-01-11T00:00:00,,,,,,,,-99.5,,,82,2020-01-11T02:39:00,,,,,,,,,,,,,,,,,,,,,,,,,,,-99.5,,,,,9.3,-99.5,,,,,,,,,,,,,,,,,,,,,,,,,,,,,,,,,,,,,,,,,,,,,,,,,,,,,,,,,,,,,,,,,,,,,,,,,,,,,,,,,,,,280,,,4.7,2020-01-11T14:05:00,,,,,,,,,,,,,,,,,,,,,,,,,,,,,,,,,,,,,,,,,,,,,,,,,,,,,,,,,,,,,,,,,,,,,,,,,,,,,,
2020-01-12,1012.5,1014.5,1014.6,2020-01-12T23:20:00,1010.6,2020-01-12T14:56:00,20.2,25.4,2020-01-12T13:27:00,16.9,2020-01-12T07:08:00,13.2,65,44,2020-01-12T13:27:00,1.5,340,6.4,320,2020-01-12T10:29:00,0.0,0.0,2020-01-12T00:00:00,0.0,2020-01-12T00:00:00,8.2,14.47,,-99.5,-99.5,-99.5,-99.5,-99.5,-99.5,,,,,,,,,15.5,2020-01-12T00:31:00,,,,10.9,2020-01-12T23:26:00,,,,,,,,,,,,,0.0,2020-01-12T00:00:00,,,,,,,,-99.5,,,82,2020-01-12T04:40:00,,,,,,,,,,,,,,,,,,,,,,,,,,,-99.5,,,,,8.5,-99.5,,,,,,,,,,,,,,,,,,,,,,,,,,,,,,,,,,,,,,,,,,,,,,,,,,,,,,,,,,,,,,,,,,,,,,,,,,,,,,,,,,,,330,,,2.9,2020-01-12T10:37:00,,,,,,,,,,,,,,,,,,,,,,,,,,,,,,,,,,,,,,,,,,,,,,,,,,,,,,,,,,,,,,,,,,,,,,,,,,,,,,
2020-01-13,1014.4,1016.4,1016.9,2020-01-13T09:44:00,1012.1,2020-01-13T16:16:00,19.7,25.9,2020-01-13T15:46:00,15.3,2020-01-13T06:52:00,11.9,61,40,2020-01-13T15:04:00,1.4,330,6.6,350,2020-01-13T09:41:00,0.0,0.0,2020-01-13T00:00:00,0.0,2020-01-13T00:00:00,8.9,16.2,,-99.5,-99.5,-99.5,-99.5,-99.5,-99.5,,,,,,,,,14.8,2020-01-13T18:03:00,,,,10.2,2020-01-13T06:09:00,,,,,,,,,,,,,0.0,2020-01-13T00:00:00,,,,,,,,-99.5,,,74,2020-01-13T07:15:00,,,,,,,,,,,,,,,,,,,,,,,,,,,-99.5,,,,,10.6,-99.5,,,,,,,,,,,,,,,,,,,,,,,,,,,,,,,,,,,,,,,,,,,,,,,,,,,,,,,,,,,,,,,,,,,,,,,,,,,,,,,,,,,,270,,,3.6,2020-01-13T13:53:00,,,,,,,,,,,,,,,,,,,,,,,,,,,,,,,,,,,,,,,,,,,,,,,,,,,,,,,,,,,,,,,,,,,,,,,,,,,,,,
2020-01-14,1015.9,1017.9,1018.1,2020-01-14T09:37:00,1013.6,2020-01-14T15:08:00,20.9,27.9,2020-01-14T16:14:00,16.3,2020-01-14T04:25:00,12.2,60,26,2020-01-14T15:00:00,1.4,340,7.7,350,2020-01-14T12:35:00,0.0,0.0,2020-01-14T00:00:00,0.0,2020-01-14T00:00:00,8.6,15.68,,-99.5,-99.5,-99.5,-99.5,-99.5,-99.5,,,,,,,,,16.0,2020-01-14T19:15:00,,,,6.3,2020-01-14T15:00:00,,,,,,,,,,,,,0.0,2020-01-14T00:00:00,,,,,,,,-99.5,,,79,2020-01-14T04:36:00,,,,,,,,,,,,,,,,,,,,,,,,,,,-99.5,,,,,11.6,-99.5,,,,,,,,,,,,,,,,,,,,,,,,,,,,,,,,,,,,,,,,,,,,,,,,,,,,,,,,,,,,,,,,,,,,,,,,,,,,,,,,,,,,280,,,3.6,2020-01-14T16:45:00,,,,,,,,,,,,,,,,,,,,,,,,,,,,,,,,,,,,,,,,,,,,,,,,,,,,,,,,,,,,,,,,,,,,,,,,,,,,,,
2020-01-15,1016.1,1018.1,1018.4,2020-01-15T09:09:00,1014.0,2020-01-15T15:22:00,20.2,25.1,2020-01-15T15:57:00,16.2,2020-01-15T06:37:00,13.3,66,44,2020-01-15T15:57:00,1.3,330,8.2,260,2020-01-15T14:26:00,0.0,0.0,2020-01-15T00:00:00,0.0,2020-01-15T00:00:00,8.8,14.12,,-99.5,-99.5,-99.5,-99.5,-99.5,-99.5,,,,,,,,,14.6,2020-01-15T00:32:00,,,,10.8,2020-01-15T11:06:00,,,,,,,,,,,,,0.0,2020-01-15T00:00:00,,,,,,,,-99.5,,,82,2020-01-15T07:00:00,,,,,,,,,,,,,,,,,,,,,,,,,,,-99.5,,,,,8.9,-99.5,,,,,,,,,,,,,,,,,,,,,,,,,,,,,,,,,,,,,,,,,,,,,,,,,,,,,,,,,,,,,,,,,,,,,,,,,,,,,,,,,,,,270,,,3.6,2020-01-15T14:45:00,,,,,,,,,,,,,,,,,,,,,,,,,,,,,,,,,,,,,,,,,,,,,,,,,,,,,,,,,,,,,,,,,,,,,,,,,,,,,,
2020-01-16,1014.9,1016.9,1017.2,2020-01-16T09:01:00,1011.9,2020-01-16T15:03:00,21.3,27.9,2020-01-16T13:51:00,16.2,2020-01-16T06:48:00,13.3,62,32,2020-01-16T13:33:00,1.3,340,6.9,270,2020-01-16T14:00:00,0.0,0.0,2020-01-16T00:00:00,0.0,2020-01-16T00:00:00,9.2,17.32,,-99.5,-99.5,-99.5,-99.5,-99.5,-99.5,,,,,,,,,15.4,2020-01-16T18:39:00,,,,9.8,2020-01-16T13:34:00,,,,,,,,,,,,,0.0,2020-01-16T00:00:00,,,,,,,,-99.5,,,81,2020-01-16T03:55:00,,,,,,,,,,,,,,,,,,,,,,,,,,,-99.5,,,,,11.7,-99.5,,,,,,,,,,,,,,,,,,,,,,,,,,,,,,,,,,,,,,,,,,,,,,,,,,,,,,,,,,,,,,,,,,,,,,,,,,,,,,,,,,,,280,,,4.1,2020-01-16T14:08:00,,,,,,,,,,,,,,,,,,,,,,,,,,,,,,,,,,,,,,,,,,,,,,,,,,,,,,,,,,,,,,,,,,,,,,,,,,,,,,
2020-01-17,1015.2,1017.2,1016.9,2020-01-17T09:45:00,1013.1,2020-01-17T15:27:00,20.0,26.1,2020-01-17T14:35:00,16.2,2020-01-17T23:55:00,12.8,64,38,2020-01-17T14:35:00,1.5,350,7.6,340,2020-01-17T17:19:00,0.0,0.0,2020-01-17T00:00:00,0.0,2020-01-17T00:00:00,9.1,16.86,,-99.5,-99.5,-99.5,-99.5,-99.5,-99.5,,,,,,,,,14.5,2020-01-17T00:27:00,,,,10.9,2020-01-17T14:39:00,,,,,,,,,,,,,0.0,2020-01-17T00:00:00,,,,,,,,-99.5,,,82,2020-01-17T07:11:00,,,,,,,,,,,,,,,,,,,,,,,,,,,-99.5,,,,,9.9,-99.5,,,,,,,,,,,,,,,,,,,,,,,,,,,,,,,,,,,,,,,,,,,,,,,,,,,,,,,,,,,,,,,,,,,,,,,,,,,,,,,,,,,,340,,,3.2,2020-01-17T17:29:00,,,,,,,,,,,,,,,,,,,,,,,,,,,,,,,,,,,,,,,,,,,,,,,,,,,,,,,,,,,,,,,,,,,,,,,,,,,,,,
2020-01-18,1016.4,1018.4,1017.9,2020-01-18T08:12:00,1014.3,2020-01-18T15:16:00,18.1,22.4,2020-01-18T12:54:00,14.2,2020-01-18T06:44:00,11.9,67,54,2020-01-18T12:40:00,1.7,310,7.5,280,2020-01-18T10:50:00,0.0,0.0,2020-01-18T00:00:00,0.0,2020-01-18T00:00:00,8.8,16.25,,-99.5,-99.5,-99.5,-99.5,-99.5,-99.5,,,,,,,,,14.1,2020-01-18T11:03:00,,,,10.5,2020-01-18T03:42:00,,,,,,,,,,,,,0.0,2020-01-18T00:00:00,,,,,,,,-99.5,,,79,2020-01-18T07:07:00,,,,,,,,,,,,,,,,,,,,,,,,,,,-99.5,,,,,8.2,-99.5,,,,,,,,,,,,,,,,,,,,,,,,,,,,,,,,,,,,,,,,,,,,,,,,,,,,,,,,,,,,,,,,,,,,,,,,,,,,,,,,,,,,280,,,4.2,2020-01-18T10:59:00,,,,,,,,,,,,,,,,,,,,,,,,,,,,,,,,,,,,,,,,,,,,,,,,,,,,,,,,,,,,,,,,,,,,,,,,,,,,,,
2020-01-19,1017.4,1019.4,1019.4,2020-01-19T09:04:00,1015.1,2020-01-19T14:46:00,19.5,25.7,2020-01-19T15:30:00,15.4,2020-01-19T06:55:00,11.9,63,39,2020-01-19T15:31:00,1.3,340,5.9,340,2020-01-19T20:01:00,0.0,0.0,2020-01-19T00:00:00,0.0,2020-01-19T00:00:00,9.0,16.73,,-99.5,-99.5,-99.5,-99.5,-99.5,-99.5,,,,,,,,,14.2,2020-01-19T19:01:00,,,,10.8,2020-01-19T15:23:00,,,,,,,,,,,,,0.0,2020-01-19T00:00:00,,,,,,,,-99.5,,,78,2020-01-19T07:07:00,,,,,,,,,,,,,,,,,,,,,,,,,,,-99.5,,,,,10.3,-99.5,,,,,,,,,,,,,,,,,,,,,,,,,,,,,,,,,,,,,,,,,,,,,,,,,,,,,,,,,,,,,,,,,,,,,,,,,,,,,,,,,,,,340,,,2.6,2020-01-19T20:43:00,,,,,,,,,,,,,,,,,,,,,,,,,,,,,,,,,,,,,,,,,,,,,,,,,,,,,,,,,,,,,,,,,,,,,,,,,,,,,,
2020-01-20,1018.4,1020.5,1020.3,2020-01-20T09:15:00,1016.6,2020-01-20T14:57:00,19.5,24.1,2020-01-20T15:04:00,14.9,2020-01-20T06:47:00,13.2,67,47,2020-01-20T13:37:00,1.7,290,7.1,260,2020-01-20T14:19:00,0.0,0.0,2020-01-20T00:00:00,0.0,2020-01-20T00:00:00,9.0,16.64,,-99.5,-99.5,-99.5,-99.5,-99.5,-99.5,,,,,,,,,16.5,2020-01-20T18:24:00,,,,11.1,2020-01-20T05:19:00,,,,,,,,,,,,,0.0,2020-01-20T00:00:00,,,,,,,,-99.5,,,80,2020-01-20T03:46:00,,,,,,,,,,,,,,,,,,,,,,,,,,,-99.5,,,,,9.2,-99.5,,,,,,,,,,,,,,,,,,,,,,,,,,,,,,,,,,,,,,,,,,,,,,,,,,,,,,,,,,,,,,,,,,,,,,,,,,,,,,,,,,,,240,,,3.9,2020-01-20T14:49:00,,,,,,,,,,,,,,,,,,,,,,,,,,,,,,,,,,,,,,,,,,,,,,,,,,,,,,,,,,,,,,,,,,,,,,,,,,,,,,
2020-01-21,1019.8,1021.8,1021.9,2020-01-21T09:26:00,1018.5,2020-01-21T03:49:00,20.6,25.5,2020-01-21T11:47:00,16.2,2020-01-21T06:36:00,14.0,66,45,2020-01-21T11:46:00,1.4,300,6.1,280,2020-01-21T13:33:00,0.0,0.0,2020-01-21T00:00:00,0.0,2020-01-21T00:00:00,8.7,12.77,,-99.5,-99.5,-99.5,-99.5,-99.5,-99.5,,,,,,,,,15.8,2020-01-21T22:25:00,,,,12.5,2020-01-21T08:04:00,,,,,,,,,,,,,0.0,2020-01-21T00:00:00,,,,,,,,-99.5,,,80,2020-01-21T04:56:00,,,,,,,,,,,,,,,,,,,,,,,,,,,-99.5,,,,,9.3,-99.5,,,,,,,,,,,,,,,,,,,,,,,,,,,,,,,,,,,,,,,,,,,,,,,,,,,,,,,,,,,,,,,,,,,,,,,,,,,,,,,,,,,,280,,,3.8,2020-01-21T13:02:00,,,,,,,,,,,,,,,,,,,,,,,,,,,,,,,,,,,,,,,,,,,,,,,,,,,,,,,,,,,,,,,,,,,,,,,,,,,,,,
2020-01-22,1017.1,1019.1,1019.6,2020-01-22T00:01:00,1015.1,2020-01-22T14:33:00,22.9,27.7,2020-01-22T12:08:00,17.9,2020-01-22T05:39:00,15.5,64,43,2020-01-22T11:54:00,1.7,140,11.0,190,2020-01-22T14:40:00,0.0,0.0,2020-01-22T00:00:00,0.0,2020-01-22T00:00:00,8.5,15.06,,-99.5,-99.5,-99.5,-99.5,-99.5,-99.5,,,,,,,,,17.6,2020-01-22T19:51:00,,,,13.1,2020-01-22T09:33:00,,,,,,,,,,,,,0.0,2020-01-22T00:00:00,,,,,,,,-99.5,,,80,2020-01-22T03:53:00,,,,,,,,,,,,,,,,,,,,,,,,,,,-99.5,,,,,9.8,-99.5,,,,,,,,,,,,,,,,,,,,,,,,,,,,,,,,,,,,,,,,,,,,,,,,,,,,,,,,,,,,,,,,,,,,,,,,,,,,,,,,,,,,170,,,6.4,2020-01-22T14:47:00,,,,,,,,,,,,,,,,,,,,,,,,,,,,,,,,,,,,,,,,,,,,,,,,,,,,,,,,,,,,,,,,,,,,,,,,,,,,,,
2020-01-23,1015.8,1017.8,1017.9,2020-01-23T09:46:00,1014.0,2020-01-23T15:34:00,23.9,28.6,2020-01-23T11:39:00,20.0,2020-01-23T06:51:00,16.9,65,44,2020-01-23T11:39:00,1.7,190,9.3,210,2020-01-23T15:45:00,0.0,0.0,2020-01-23T00:00:00,0.0,2020-01-23T00:00:00,8.9,15.57,,-99.5,-99.5,-99.5,-99.5,-99.5,-99.5,,,,,,,,,19.1,2020-01-23T14:49:00,,,,14.7,2020-01-23T10:59:00,,,,,,,,,,,,,0.0,2020-01-23T00:00:00,,,,,,,,-99.5,,,77,2020-01-23T06:59:00,,,,,,,,,,,,,,,,,,,,,,,,,,,-99.5,,,,,8.6,-99.5,,,,,,,,,,,,,,,,,,,,,,,,,,,,,,,,,,,,,,,,,,,,,,,,,,,,,,,,,,,,,,,,,,,,,,,,,,,,,,,,,,,,210,,,4.7,2020-01-23T15:51:00,,,,,,,,,,,,,,,,,,,,,,,,,,,,,,,,,,,,,,,,,,,,,,,,,,,,,,,,,,,,,,,,,,,,,,,,,,,,,,
2020-01-24,1016.3,1018.3,1018.1,2020-01-24T09:26:00,1014.6,2020-01-24T15:43:00,24.1,28.2,2020-01-24T10:50:00,20.5,2020-01-24T06:24:00,17.2,66,47,2020-01-24T10:49:00,1.3,290,7.6,280,2020-01-24T13:06:00,0.0,0.0,2020-01-24T00:00:00,0.0,2020-01-24T00:00:00,8.7,15.92,,-99.5,-99.5,-99.5,-99.5,-99.5,-99.5,,,,,,,,,18.8,2020-01-24T13:36:00,,,,15.1,2020-01-24T15:30:00,,,,,,,,,,,,,0.0,2020-01-24T00:00:00,,,,,,,,-99.5,,,80,2020-01-24T03:22:00,,,,,,,,,,,,,,,,,,,,,,,,,,,-99.5,,,,,7.7,-99.5,,,,,,,,,,,,,,,,,,,,,,,,,,,,,,,,,,,,,,,,,,,,,,,,,,,,,,,,,,,,,,,,,,,,,,,,,,,,,,,,,,,,270,,,4.3,2020-01-24T13:10:00,,,,,,,,,,,,,,,,,,,,,,,,,,,,,,,,,,,,,,,,,,,,,,,,,,,,,,,,,,,,,,,,,,,,,,,,,,,,,,
2020-01-25,1014.0,1016.0,1016.8,2020-01-25T09:52:00,1011.8,2020-01-25T16:20:00,21.8,25.3,2020-01-25T13:23:00,18.3,2020-01-25T07:57:00,17.3,75,58,2020-01-25T13:21:00,1.0,330,4.3,50,2020-01-25T06:36:00,0.0,0.0,2020-01-25T00:00:00,0.0,2020-01-25T00:00:00,6.9,6.94,,-99.5,-99.5,-99.5,-99.5,-99.5,-99.5,,,,,,,,,19.2,2020-01-25T19:41:00,,,,15.9,2020-01-25T10:55:00,,,,,,,,,,,,,0.0,2020-01-25T00:00:00,,,,,,,,-99.5,,,87,2020-01-25T07:09:00,,,,,,,,,,,,,,,,,,,,,,,,,,,-99.5,,,,,7.0,-99.5,,,,,,,,,,,,,,,,,,,,,,,,,,,,,,,,,,,,,,,,,,,,,,,,,,,,,,,,,,,,,,,,,,,,,,,,,,,,,,,,,,,,280,,,2.2,2020-01-25T14:00:00,,,,,,,,,,,,,,,,,,,,,,,,,,,,,,,,,,,,,,,,,,,,,,,,,,,,,,,,,,,,,,,,,,,,,,,,,,,,,,
2020-01-26,1008.8,1010.8,1012.0,2020-01-26T00:03:00,1006.7,2020-01-26T15:45:00,21.4,28.2,2020-01-26T14:56:00,17.7,2020-01-26T23:28:00,16.9,76,48,2020-01-26T16:38:00,1.8,350,11.8,320,2020-01-26T17:33:00,9.5,1.5,2020-01-26T09:34:00,4.5,2020-01-26T08:47:00,7.0,10.94,,-99.5,-99.5,-99.5,-99.5,-99.5,-99.5,,,,,,,,,19.4,2020-01-26T14:58:00,,,,13.6,2020-01-26T21:21:00,,,,,,,,,,,,,4.5,2020-01-26T08:47:00,,,,,,,,-99.5,,,87,2020-01-26T10:08:00,,,,,,,,,,,,,,,,,,,,,,,,,,,-99.5,,,,,10.5,-99.5,,,,,,,,,,,,,,,,,,,,,,,,,,,,,,,,,,,,,,,,,,,,,,,,,,,,,,,,,,,,,,,,,,,,,,,,,,,,,,,,,,,,320,,,5.0,2020-01-26T17:37:00,,,,,,,,,,,,,,,,,,,,,,,,,,,,,,,,,,,,,,,,,,,,,,,,,,,,,,,,,,,,,,,,,,,,,,,,,,,,,,
2020-01-27,1010.9,1012.9,1014.5,2020-01-27T22:53:00,1008.2,2020-01-27T03:06:00,19.6,23.7,2020-01-27T14:15:00,16.5,2020-01-27T23:51:00,12.9,66,44,2020-01-27T14:01:00,1.9,340,9.5,350,2020-01-27T03:18:00,2.0,0.5,2020-01-27T19:50:00,1.0,2020-01-27T20:52:00,8.4,15.36,,-99.5,-99.5,-99.5,-99.5,-99.5,-99.5,,,,,,,,,14.6,2020-01-27T21:29:00,,,,10.7,2020-01-27T14:01:00,,,,,,,,,,,,,1.0,2020-01-27T20:52:00,,,,,,,,-99.5,,,81,2020-01-27T23:22:00,,,,,,,,,,,,,,,,,,,,,,,,,,,-99.5,,,,,7.2,-99.5,,,,,,,,,,,,,,,,,,,,,,,,,,,,,,,,,,,,,,,,,,,,,,,,,,,,,,,,,,,,,,,,,,,,,,,,,,,,,,,,,,,,320,,,4.1,2020-01-27T02:31:00,,,,,,,,,,,,,,,,,,,,,,,,,,,,,,,,,,,,,,,,,,,,,,,,,,,,,,,,,,,,,,,,,,,,,,,,,,,,,,
2020-01-28,1013.5,1015.5,1015.9,2020-01-28T23:44:00,1011.4,2020-01-28T02:44:00,16.7,18.8,2020-01-28T15:25:00,15.3,2020-01-28T06:00:00,12.6,77,64,2020-01-28T15:26:00,1.5,360,6.5,350,2020-01-28T21:45:00,5.5,0.5,2020-01-28T00:03:00,1.0,2020-01-28T00:53:00,4.6,4.01,,-99.5,-99.5,-99.5,-99.5,-99.5,-99.5,,,,,,,,,14.0,2020-01-28T03:22:00,,,,10.4,2020-01-28T23:57:00,,,,,,,,,,,,,1.0,2020-01-28T00:53:00,,,,,,,,-99.5,,,83,2020-01-28T03:42:00,,,,,,,,,,,,,,,,,,,,,,,,,,,-99.5,,,,,3.5,-99.5,,,,,,,,,,,,,,,,,,,,,,,,,,,,,,,,,,,,,,,,,,,,,,,,,,,,,,,,,,,,,,,,,,,,,,,,,,,,,,,,,,,,340,,,3.0,2020-01-28T22:02:00,,,,,,,,,,,,,,,,,,,,,,,,,,,,,,,,,,,,,,,,,,,,,,,,,,,,,,,,,,,,,,,,,,,,,,,,,,,,,,
2020-01-29,1014.8,1016.9,1016.8,2020-01-29T09:10:00,1012.6,2020-01-29T15:55:00,16.5,20.6,2020-01-29T12:54:00,13.3,2020-01-29T23:51:00,8.9,61,46,2020-01-29T13:20:00,1.8,340,7.0,350,2020-01-29T09:11:00,0.0,0.0,2020-01-29T00:00:00,0.0,2020-01-29T00:00:00,8.0,11.64,,-99.5,-99.5,-99.5,-99.5,-99.5,-99.5,,,,,,,,,11.6,2020-01-29T02:55:00,,,,6.6,2020-01-29T23:51:00,,,,,,,,,,,,,0.0,2020-01-29T00:00:00,,,,,,,,-99.5,,,77,2020-01-29T01:31:00,,,,,,,,,,,,,,,,,,,,,,,,,,,-99.5,,,,,7.3,-99.5,,,,,,,,,,,,,,,,,,,,,,,,,,,,,,,,,,,,,,,,,,,,,,,,,,,,,,,,,,,,,,,,,,,,,,,,,,,,,,,,,,,,340,,,3.1,2020-01-29T09:20:00,,,,,,,,,,,,,,,,,,,,,,,,,,,,,,,,,,,,,,,,,,,,,,,,,,,,,,,,,,,,,,,,,,,,,,,,,,,,,,
2020-01-30,1015.8,1017.8,1018.0,2020-01-30T22:19:00,1013.7,2020-01-30T15:14:00,15.1,21.9,2020-01-30T14:51:00,11.5,2020-01-30T07:04:00,4.9,51,34,2020-01-30T15:25:00,1.8,340,7.2,350,2020-01-30T20:06:00,0.0,0.0,2020-01-30T00:00:00,0.0,2020-01-30T00:00:00,9.1,17.62,,-99.5,-99.5,-99.5,-99.5,-99.5,-99.5,,,,,,,,,7.5,2020-01-30T13:14:00,,,,2.9,2020-01-30T08:05:00,,,,,,,,,,,,,0.0,2020-01-30T00:00:00,,,,,,,,-99.5,,,65,2020-01-30T02:31:00,,,,,,,,,,,,,,,,,,,,,,,,,,,-99.5,,,,,10.4,-99.5,,,,,,,,,,,,,,,,,,,,,,,,,,,,,,,,,,,,,,,,,,,,,,,,,,,,,,,,,,,,,,,,,,,,,,,,,,,,,,,,,,,,340,,,3.2,2020-01-30T20:09:00,,,,,,,,,,,,,,,,,,,,,,,,,,,,,,,,,,,,,,,,,,,,,,,,,,,,,,,,,,,,,,,,,,,,,,,,,,,,,,
2020-01-31,1018.4,1020.5,1020.3,2020-01-31T09:48:00,1016.4,2020-01-31T04:03:00,15.2,19.5,2020-01-31T12:59:00,9.8,2020-01-31T06:40:00,5.9,54,39,2020-01-31T11:52:00,1.5,310,6.6,280,2020-01-31T14:07:00,0.0,0.0,2020-01-31T00:00:00,0.0,2020-01-31T00:00:00,9.4,19.35,,-99.5,-99.5,-99.5,-99.5,-99.5,-99.5,,,,,,,,,10.0,2020-01-31T19:59:00,,,,0.7,2020-01-31T05:57:00,,,,,,,,,,,,,0.0,2020-01-31T00:00:00,,,,,,,,-99.5,,,71,2020-02-01T00:00:00,,,,,,,,,,,,,,,,,,,,,,,,,,,-99.5,,,,,9.7,-99.5,,,,,,,,,,,,,,,,,,,,,,,,,,,,,,,,,,,,,,,,,,,,,,,,,,,,,,,,,,,,,,,,,,,,,,,,,,,,,,,,,,,,280,,,3.8,2020-01-31T15:20:00,,,,,,,,,,,,,,,,,,,,,,,,,,,,,,,,,,,,,,,,,,,,,,,,,,,,,,,,,,,,,,,,,,,,,,,,,,,,,,
2020-02-01,1019.7,1021.7,1021.4,2020-02-01T09:24:00,1017.6,2020-02-01T15:03:00,17.1,22.3,2020-02-01T11:51:00,12.0,2020-02-01T06:47:00,8.2,57,29,2020-02-01T11:50:00,1.4,310,6.9,260,2020-02-01T14:20:00,0.0,0.0,2020-02-01T00:00:00,0.0,2020-02-01T00:00:00,9.4,19.24,,-99.5,-99.5,-99.5,-99.5,-99.5,-99.5,,,,,,,,,10.5,2020-02-01T20:58:00,,,,3.2,2020-02-01T10:20:00,,,,,,,,,,,,,0.0,2020-02-01T00:00:00,,,,,,,,-99.5,,,76,2020-02-01T00:37:00,,,,,,,,,,,,,,,,,,,,,,,,,,,-99.5,,,,,10.3,-99.5,,,,,,,,,,,,,,,,,,,,,,,,,,,,,,,,,,,,,,,,,,,,,,,,,,,,,,,,,,,,,,,,,,,,,,,,,,,,,,,,,,,,280,,,4.1,2020-02-01T14:52:00,,,,,,,,,,,,,,,,,,,,,,,,,,,,,,,,,,,,,,,,,,,,,,,,,,,,,,,,,,,,,,,,,,,,,,,,,,,,,,
2020-02-02,1019.8,1021.8,1022.4,2020-02-02T09:51:00,1017.3,2020-02-02T15:12:00,18.6,24.2,2020-02-02T12:50:00,13.0,2020-02-02T06:29:00,9.3,57,29,2020-02-02T12:35:00,1.4,320,7.2,260,2020-02-02T16:11:00,0.0,0.0,2020-02-02T00:00:00,0.0,2020-02-02T00:00:00,9.3,18.86,,-99.5,-99.5,-99.5,-99.5,-99.5,-99.5,,,,,,,,,11.8,2020-02-02T23:54:00,,,,4.7,2020-02-02T11:22:00,,,,,,,,,,,,,0.0,2020-02-02T00:00:00,,,,,,,,-99.5,,,77,2020-02-02T04:53:00,,,,,,,,,,,,,,,,,,,,,,,,,,,-99.5,,,,,11.2,-99.5,,,,,,,,,,,,,,,,,,,,,,,,,,,,,,,,,,,,,,,,,,,,,,,,,,,,,,,,,,,,,,,,,,,,,,,,,,,,,,,,,,,,260,,,3.9,2020-02-02T15:45:00,,,,,,,,,,,,,,,,,,,,,,,,,,,,,,,,,,,,,,,,,,,,,,,,,,,,,,,,,,,,,,,,,,,,,,,,,,,,,,
2020-02-03,1018.3,1020.3,1020.1,2020-02-03T09:25:00,1016.3,2020-02-03T15:06:00,19.5,24.3,2020-02-03T15:41:00,14.8,2020-02-03T06:56:00,11.3,60,38,2020-02-03T15:52:00,1.6,310,6.8,270,2020-02-03T13:54:00,0.0,0.0,2020-02-03T00:00:00,0.0,2020-02-03T00:00:00,9.3,18.12,,-99.5,-99.5,-99.5,-99.5,-99.5,-99.5,,,,,,,,,13.6,2020-02-03T23:32:00,,,,8.8,2020-02-03T08:45:00,,,,,,,,,,,,,0.0,2020-02-03T00:00:00,,,,,,,,-99.5,,,77,2020-02-03T23:32:00,,,,,,,,,,,,,,,,,,,,,,,,,,,-99.5,,,,,9.5,-99.5,,,,,,,,,,,,,,,,,,,,,,,,,,,,,,,,,,,,,,,,,,,,,,,,,,,,,,,,,,,,,,,,,,,,,,,,,,,,,,,,,,,,280,,,4.0,2020-02-03T13:27:00,,,,,,,,,,,,,,,,,,,,,,,,,,,,,,,,,,,,,,,,,,,,,,,,,,,,,,,,,,,,,,,,,,,,,,,,,,,,,,
2020-02-04,1016.7,1018.8,1018.4,2020-02-04T09:19:00,1014.9,2020-02-04T16:36:00,20.0,25.0,2020-02-04T15:47:00,15.7,2020-02-04T05:42:00,12.6,63,40,2020-02-04T11:21:00,1.4,330,6.7,280,2020-02-04T12:56:00,0.0,0.0,2020-02-04T00:00:00,0.0,2020-02-04T00:00:00,9.3,16.96,,-99.5,-99.5,-99.5,-99.5,-99.5,-99.5,,,,,,,,,14.2,2020-02-04T23:47:00,,,,10.4,2020-02-04T11:21:00,,,,,,,,,,,,,0.0,2020-02-04T00:00:00,,,,,,,,-99.5,,,79,2020-02-04T06:08:00,,,,,,,,,,,,,,,,,,,,,,,,,,,-99.5,,,,,9.3,-99.5,,,,,,,,,,,,,,,,,,,,,,,,,,,,,,,,,,,,,,,,,,,,,,,,,,,,,,,,,,,,,,,,,,,,,,,,,,,,,,,,,,,,280,,,4.2,2020-02-04T13:11:00,,,,,,,,,,,,,,,,,,,,,,,,,,,,,,,,,,,,,,,,,,,,,,,,,,,,,,,,,,,,,,,,,,,,,,,,,,,,,,
2020-02-05,1016.8,1018.8,1018.3,2020-02-05T09:53:00,1014.9,2020-02-05T15:16:00,20.2,24.5,2020-02-05T12:40:00,16.5,2020-02-05T05:16:00,13.6,66,49,2020-02-05T12:48:00,1.5,310,5.2,290,2020-02-05T13:43:00,0.0,0.0,2020-02-05T00:00:00,0.0,2020-02-05T00:00:00,9.0,14.61,,-99.5,-99.5,-99.5,-99.5,-99.5,-99.5,,,,,,,,,14.9,2020-02-05T18:48:00,,,,12.3,2020-02-05T23:52:00,,,,,,,,,,,,,0.0,2020-02-05T00:00:00,,,,,,,,-99.5,,,81,2020-02-05T05:44:00,,,,,,,,,,,,,,,,,,,,,,,,,,,-99.5,,,,,8.0,-99.5,,,,,,,,,,,,,,,,,,,,,,,,,,,,,,,,,,,,,,,,,,,,,,,,,,,,,,,,,,,,,,,,,,,,,,,,,,,,,,,,,,,,280,,,3.0,2020-02-05T14:00:00,,,,,,,,,,,,,,,,,,,,,,,,,,,,,,,,,,,,,,,,,,,,,,,,,,,,,,,,,,,,,,,,,,,,,,,,,,,,,,
2020-02-06,1016.7,1018.8,1018.5,2020-02-06T09:14:00,1014.4,2020-02-06T14:02:00,20.0,24.8,2020-02-06T14:55:00,15.4,2020-02-06T06:38:00,13.4,66,50,2020-02-06T14:56:00,1.3,310,7.0,310,2020-02-06T14:02:00,0.0,0.0,2020-02-06T00:00:00,0.0,2020-02-06T00:00:00,8.8,17.83,,-99.5,-99.5,-99.5,-99.5,-99.5,-99.5,,,,,,,,,15.3,2020-02-06T21:05:00,,,,11.1,2020-02-06T06:42:00,,,,,,,,,,,,,0.0,2020-02-06T00:00:00,,,,,,,,-99.5,,,79,2020-02-06T23:18:00,,,,,,,,,,,,,,,,,,,,,,,,,,,-99.5,,,,,9.4,-99.5,,,,,,,,,,,,,,,,,,,,,,,,,,,,,,,,,,,,,,,,,,,,,,,,,,,,,,,,,,,,,,,,,,,,,,,,,,,,,,,,,,,,280,,,4.0,2020-02-06T12:27:00,,,,,,,,,,,,,,,,,,,,,,,,,,,,,,,,,,,,,,,,,,,,,,,,,,,,,,,,,,,,,,,,,,,,,,,,,,,,,,
2020-02-07,1016.9,1019.0,1018.7,2020-02-07T23:30:00,1014.7,2020-02-07T15:19:00,20.8,26.6,2020-02-07T14:29:00,16.8,2020-02-07T05:59:00,14.2,67,45,2020-02-07T14:14:00,1.7,340,6.9,350,2020-02-07T04:21:00,0.0,0.0,2020-02-07T00:00:00,0.0,2020-02-07T00:00:00,9.4,18.53,,-99.5,-99.5,-99.5,-99.5,-99.5,-99.5,,,,,,,,,15.7,2020-02-07T16:31:00,,,,12.7,2020-02-08T00:00:00,,,,,,,,,,,,,0.0,2020-02-07T00:00:00,,,,,,,,-99.5,,,83,2020-02-07T07:03:00,,,,,,,,,,,,,,,,,,,,,,,,,,,-99.5,,,,,9.8,-99.5,,,,,,,,,,,,,,,,,,,,,,,,,,,,,,,,,,,,,,,,,,,,,,,,,,,,,,,,,,,,,,,,,,,,,,,,,,,,,,,,,,,,330,,,3.1,2020-02-07T14:53:00,,,,,,,,,,,,,,,,,,,,,,,,,,,,,,,,,,,,,,,,,,,,,,,,,,,,,,,,,,,,,,,,,,,,,,,,,,,,,,
2020-02-08,1019.3,1021.4,1021.9,2020-02-08T23:06:00,1017.5,2020-02-08T14:40:00,19.3,23.4,2020-02-08T12:43:00,15.8,2020-02-08T04:44:00,13.0,67,55,2020-02-08T12:11:00,1.7,320,7.2,280,2020-02-08T14:06:00,0.0,0.0,2020-02-08T00:00:00,0.0,2020-02-08T00:00:00,9.3,16.95,,-99.5,-99.5,-99.5,-99.5,-99.5,-99.5,,,,,,,,,14.7,2020-02-08T13:59:00,,,,11.4,2020-02-08T23:51:00,,,,,,,,,,,,,0.0,2020-02-08T00:00:00,,,,,,,,-99.5,,,81,2020-02-08T05:26:00,,,,,,,,,,,,,,,,,,,,,,,,,,,-99.5,,,,,7.6,-99.5,,,,,,,,,,,,,,,,,,,,,,,,,,,,,,,,,,,,,,,,,,,,,,,,,,,,,,,,,,,,,,,,,,,,,,,,,,,,,,,,,,,,280,,,4.1,2020-02-08T14:27:00,,,,,,,,,,,,,,,,,,,,,,,,,,,,,,,,,,,,,,,,,,,,,,,,,,,,,,,,,,,,,,,,,,,,,,,,,,,,,,
2020-02-09,1020.9,1022.9,1022.7,2020-02-09T08:40:00,1018.8,2020-02-09T15:36:00,19.3,23.7,2020-02-09T12:48:00,16.1,2020-02-09T05:50:00,12.1,63,46,2020-02-09T12:48:00,1.6,310,8.0,280,2020-02-09T14:45:00,0.0,0.0,2020-02-09T00:00:00,0.0,2020-02-09T00:00:00,9.4,16.51,,-99.5,-99.5,-99.5,-99.5,-99.5,-99.5,,,,,,,,,13.6,2020-02-09T17:25:00,,,,11.2,2020-02-09T00:38:00,,,,,,,,,,,,,0.0,2020-02-09T00:00:00,,,,,,,,-99.5,,,74,2020-02-09T06:21:00,,,,,,,,,,,,,,,,,,,,,,,,,,,-99.5,,,,,7.6,-99.5,,,,,,,,,,,,,,,,,,,,,,,,,,,,,,,,,,,,,,,,,,,,,,,,,,,,,,,,,,,,,,,,,,,,,,,,,,,,,,,,,,,,280,,,4.6,2020-02-09T15:07:00,,,,,,,,,,,,,,,,,,,,,,,,,,,,,,,,,,,,,,,,,,,,,,,,,,,,,,,,,,,,,,,,,,,,,,,,,,,,,,
2020-02-10,1019.9,1021.9,1021.6,2020-02-10T09:03:00,1017.6,2020-02-10T15:26:00,19.5,23.7,2020-02-10T10:49:00,15.5,2020-02-10T06:25:00,12.4,63,46,2020-02-10T10:50:00,1.4,310,8.2,280,2020-02-10T16:17:00,0.0,0.0,2020-02-10T00:00:00,0.0,2020-02-10T00:00:00,9.4,18.03,,-99.5,-99.5,-99.5,-99.5,-99.5,-99.5,,,,,,,,,14.5,2020-02-10T16:31:00,,,,10.9,2020-02-10T05:25:00,,,,,,,,,,,,,0.0,2020-02-10T00:00:00,,,,,,,,-99.5,,,75,2020-02-10T06:20:00,,,,,,,,,,,,,,,,,,,,,,,,,,,-99.5,,,,,8.2,-99.5,,,,,,,,,,,,,,,,,,,,,,,,,,,,,,,,,,,,,,,,,,,,,,,,,,,,,,,,,,,,,,,,,,,,,,,,,,,,,,,,,,,,280,,,5.1,2020-02-10T16:30:00,,,,,,,,,,,,,,,,,,,,,,,,,,,,,,,,,,,,,,,,,,,,,,,,,,,,,,,,,,,,,,,,,,,,,,,,,,,,,,
2020-02-11,1019.3,1021.4,1021.4,2020-02-11T11:30:00,1017.4,2020-02-11T18:27:00,20.4,23.8,2020-02-11T14:39:00,16.9,2020-02-11T05:21:00,13.0,63,47,2020-02-11T15:37:00,1.0,40,4.8,70,2020-02-11T21:04:00,0.0,0.0,2020-02-11T00:00:00,0.0,2020-02-11T00:00:00,8.3,7.83,,-99.5,-99.5,-99.5,-99.5,-99.5,-99.5,,,,,,,,,14.5,2020-02-11T20:49:00,,,,11.4,2020-02-11T15:38:00,,,,,,,,,,,,,0.0,2020-02-11T00:00:00,,,,,,,,-99.5,,,76,2020-02-11T05:19:00,,,,,,,,,,,,,,,,,,,,,,,,,,,-99.5,,,,,6.9,-99.5,,,,,,,,,,,,,,,,,,,,,,,,,,,,,,,,,,,,,,,,,,,,,,,,,,,,,,,,,,,,,,,,,,,,,,,,,,,,,,,,,,,,110,,,2.2,2020-02-11T21:31:00,,,,,,,,,,,,,,,,,,,,,,,,,,,,,,,,,,,,,,,,,,,,,,,,,,,,,,,,,,,,,,,,,,,,,,,,,,,,,,
2020-02-12,1016.0,1018.1,1018.6,2020-02-12T00:33:00,1013.4,2020-02-12T16:18:00,23.5,28.2,2020-02-12T11:50:00,17.8,2020-02-12T06:44:00,15.5,62,38,2020-02-12T10:39:00,2.7,180,13.2,170,2020-02-12T14:30:00,0.0,0.0,2020-02-12T00:00:00,0.0,2020-02-12T00:00:00,9.1,19.34,,-99.5,-99.5,-99.5,-99.5,-99.5,-99.5,,,,,,,,,18.1,2020-02-12T23:10:00,,,,11.9,2020-02-12T10:31:00,,,,,,,,,,,,,0.0,2020-02-12T00:00:00,,,,,,,,-99.5,,,79,2020-02-12T05:58:00,,,,,,,,,,,,,,,,,,,,,,,,,,,-99.5,,,,,10.4,-99.5,,,,,,,,,,,,,,,,,,,,,,,,,,,,,,,,,,,,,,,,,,,,,,,,,,,,,,,,,,,,,,,,,,,,,,,,,,,,,,,,,,,,190,,,6.4,2020-02-12T14:39:00,,,,,,,,,,,,,,,,,,,,,,,,,,,,,,,,,,,,,,,,,,,,,,,,,,,,,,,,,,,,,,,,,,,,,,,,,,,,,,
2020-02-13,1014.1,1016.1,1015.9,2020-02-13T20:27:00,1012.1,2020-02-13T13:57:00,24.3,27.0,2020-02-13T14:16:00,20.8,2020-02-13T06:31:00,18.5,70,61,2020-02-13T13:00:00,2.5,220,11.5,210,2020-02-13T12:12:00,0.0,0.0,2020-02-13T00:00:00,0.0,2020-02-13T00:00:00,8.5,18.51,,-99.5,-99.5,-99.5,-99.5,-99.5,-99.5,,,,,,,,,20.3,2020-02-13T09:21:00,,,,16.6,2020-02-13T04:43:00,,,,,,,,,,,,,0.0,2020-02-13T00:00:00,,,,,,,,-99.5,,,80,2020-02-13T23:34:00,,,,,,,,,,,,,,,,,,,,,,,,,,,-99.5,,,,,6.2,-99.5,,,,,,,,,,,,,,,,,,,,,,,,,,,,,,,,,,,,,,,,,,,,,,,,,,,,,,,,,,,,,,,,,,,,,,,,,,,,,,,,,,,,220,,,6.8,2020-02-13T11:57:00,,,,,,,,,,,,,,,,,,,,,,,,,,,,,,,,,,,,,,,,,,,,,,,,,,,,,,,,,,,,,,,,,,,,,,,,,,,,,,
2020-02-14,1012.7,1014.7,1014.7,2020-02-14T20:57:00,1011.0,2020-02-14T14:55:00,24.8,28.2,2020-02-14T10:27:00,20.1,2020-02-14T05:22:00,18.9,70,48,2020-02-14T10:15:00,2.4,190,12.1,210,2020-02-14T12:39:00,0.0,0.0,2020-02-14T00:00:00,0.0,2020-02-14T00:00:00,9.5,18.7,,-99.5,-99.5,-99.5,-99.5,-99.5,-99.5,,,,,,,,,21.8,2020-02-14T14:21:00,,,,15.0,2020-02-14T08:45:00,,,,,,,,,,,,,0.0,2020-02-14T00:00:00,,,,,,,,-99.5,,,81,2020-02-14T05:59:00,,,,,,,,,,,,,,,,,,,,,,,,,,,-99.5,,,,,8.1,-99.5,,,,,,,,,,,,,,,,,,,,,,,,,,,,,,,,,,,,,,,,,,,,,,,,,,,,,,,,,,,,,,,,,,,,,,,,,,,,,,,,,,,,200,,,6.5,2020-02-14T13:39:00,,,,,,,,,,,,,,,,,,,,,,,,,,,,,,,,,,,,,,,,,,,,,,,,,,,,,,,,,,,,,,,,,,,,,,,,,,,,,,
2020-02-15,1012.4,1014.4,1014.6,2020-02-15T09:43:00,1009.7,2020-02-15T16:10:00,25.7,29.1,2020-02-15T10:53:00,21.7,2020-02-15T05:11:00,19.3,68,52,2020-02-15T10:57:00,3.0,180,11.9,170,2020-02-15T16:18:00,0.0,0.0,2020-02-15T00:00:00,0.0,2020-02-15T00:00:00,9.7,20.23,,-99.5,-99.5,-99.5,-99.5,-99.5,-99.5,,,,,,,,,20.5,2020-02-15T16:12:00,,,,17.4,2020-02-15T05:37:00,,,,,,,,,,,,,0.0,2020-02-15T00:00:00,,,,,,,,-99.5,,,81,2020-02-15T06:26:00,,,,,,,,,,,,,,,,,,,,,,,,,,,-99.5,,,,,7.4,-99.5,,,,,,,,,,,,,,,,,,,,,,,,,,,,,,,,,,,,,,,,,,,,,,,,,,,,,,,,,,,,,,,,,,,,,,,,,,,,,,,,,,,,190,,,6.7,2020-02-15T14:28:00,,,,,,,,,,,,,,,,,,,,,,,,,,,,,,,,,,,,,,,,,,,,,,,,,,,,,,,,,,,,,,,,,,,,,,,,,,,,,,
2020-02-16,1014.5,1016.5,1017.9,2020-02-16T22:49:00,1012.3,2020-02-16T03:51:00,23.6,29.0,2020-02-16T12:20:00,16.6,2020-02-16T23:49:00,16.9,66,51,2020-02-16T16:29:00,2.0,310,9.9,280,2020-02-16T13:08:00,2.0,1.0,2020-02-16T20:07:00,1.5,2020-02-16T19:32:00,9.6,17.18,,-99.5,-99.5,-99.5,-99.5,-99.5,-99.5,,,,,,,,,20.8,2020-02-16T11:27:00,,,,10.9,2020-02-16T23:57:00,,,,,,,,,,,,,1.5,2020-02-16T19:32:00,,,,,,,,-99.5,,,79,2020-02-16T07:02:00,,,,,,,,,,,,,,,,,,,,,,,,,,,-99.5,,,,,12.4,-99.5,,,,,,,,,,,,,,,,,,,,,,,,,,,,,,,,,,,,,,,,,,,,,,,,,,,,,,,,,,,,,,,,,,,,,,,,,,,,,,,,,,,,280,,,6.2,2020-02-16T13:02:00,,,,,,,,,,,,,,,,,,,,,,,,,,,,,,,,,,,,,,,,,,,,,,,,,,,,,,,,,,,,,,,,,,,,,,,,,,,,,,
2020-02-17,1020.8,1022.9,1023.1,2020-02-17T21:15:00,1017.6,2020-02-17T03:53:00,15.2,16.9,2020-02-17T17:37:00,12.6,2020-02-17T08:38:00,9.9,70,56,2020-02-17T20:51:00,1.2,360,5.8,350,2020-02-17T07:29:00,1.0,0.5,2020-02-17T06:29:00,0.5,2020-02-17T05:39:00,5.4,4.75,,-99.5,-99.5,-99.5,-99.5,-99.5,-99.5,,,,,,,,,11.7,2020-02-17T20:10:00,,,,7.3,2020-02-17T20:53:00,,,,,,,,,,,,,0.5,2020-02-17T05:39:00,,,,,,,,-99.5,,,82,2020-02-17T08:33:00,,,,,,,,,,,,,,,,,,,,,,,,,,,-99.5,,,,,4.3,-99.5,,,,,,,,,,,,,,,,,,,,,,,,,,,,,,,,,,,,,,,,,,,,,,,,,,,,,,,,,,,,,,,,,,,,,,,,,,,,,,,,,,,,340,,,2.7,2020-02-17T11:40:00,,,,,,,,,,,,,,,,,,,,,,,,,,,,,,,,,,,,,,,,,,,,,,,,,,,,,,,,,,,,,,,,,,,,,,,,,,,,,,
2020-02-18,1022.1,1024.1,1024.2,2020-02-18T09:07:00,1020.2,2020-02-18T14:48:00,17.3,20.9,2020-02-18T13:07:00,13.7,2020-02-18T07:21:00,8.6,57,43,2020-02-18T12:09:00,1.3,330,6.2,280,2020-02-18T14:48:00,0.0,0.0,2020-02-18T00:00:00,0.0,2020-02-18T00:00:00,8.3,11.33,,-99.5,-99.5,-99.5,-99.5,-99.5,-99.5,,,,,,,,,11.3,2020-02-19T00:00:00,,,,5.8,2020-02-18T05:06:00,,,,,,,,,,,,,0.0,2020-02-18T00:00:00,,,,,,,,-99.5,,,72,2020-02-19T00:00:00,,,,,,,,,,,,,,,,,,,,,,,,,,,-99.5,,,,,7.2,-99.5,,,,,,,,,,,,,,,,,,,,,,,,,,,,,,,,,,,,,,,,,,,,,,,,,,,,,,,,,,,,,,,,,,,,,,,,,,,,,,,,,,,,280,,,3.5,2020-02-18T15:26:00,,,,,,,,,,,,,,,,,,,,,,,,,,,,,,,,,,,,,,,,,,,,,,,,,,,,,,,,,,,,,,,,,,,,,,,,,,,,,,
2020-02-19,1021.6,1023.6,1023.3,2020-02-19T09:02:00,1019.9,2020-02-19T14:59:00,18.7,22.7,2020-02-19T14:59:00,14.2,2020-02-19T07:02:00,11.0,61,42,2020-02-19T15:08:00,1.6,300,8.5,280,2020-02-19T13:22:00,0.0,0.0,2020-02-19T00:00:00,0.0,2020-02-19T00:00:00,9.5,19.28,,-99.5,-99.5,-99.5,-99.5,-99.5,-99.5,,,,,,,,,13.2,2020-02-19T21:01:00,,,,9.0,2020-02-19T10:33:00,,,,,,,,,,,,,0.0,2020-02-19T00:00:00,,,,,,,,-99.5,,,77,2020-02-19T07:41:00,,,,,,,,,,,,,,,,,,,,,,,,,,,-99.5,,,,,8.5,-99.5,,,,,,,,,,,,,,,,,,,,,,,,,,,,,,,,,,,,,,,,,,,,,,,,,,,,,,,,,,,,,,,,,,,,,,,,,,,,,,,,,,,,280,,,5.6,2020-02-19T13:52:00,,,,,,,,,,,,,,,,,,,,,,,,,,,,,,,,,,,,,,,,,,,,,,,,,,,,,,,,,,,,,,,,,,,,,,,,,,,,,,
2020-02-20,1022.2,1024.2,1024.0,2020-02-20T09:12:00,1020.3,2020-02-20T02:56:00,19.7,23.6,2020-02-20T13:26:00,15.3,2020-02-20T06:48:00,12.1,62,42,2020-02-20T11:29:00,1.5,300,7.3,280,2020-02-20T13:06:00,0.0,0.0,2020-02-20T00:00:00,0.0,2020-02-20T00:00:00,8.7,17.85,,-99.5,-99.5,-99.5,-99.5,-99.5,-99.5,,,,,,,,,13.9,2020-02-20T23:34:00,,,,9.7,2020-02-20T11:30:00,,,,,,,,,,,,,0.0,2020-02-20T00:00:00,,,,,,,,-99.5,,,80,2020-02-20T04:58:00,,,,,,,,,,,,,,,,,,,,,,,,,,,-99.5,,,,,8.3,-99.5,,,,,,,,,,,,,,,,,,,,,,,,,,,,,,,,,,,,,,,,,,,,,,,,,,,,,,,,,,,,,,,,,,,,,,,,,,,,,,,,,,,,280,,,4.8,2020-02-20T14:11:00,,,,,,,,,,,,,,,,,,,,,,,,,,,,,,,,,,,,,,,,,,,,,,,,,,,,,,,,,,,,,,,,,,,,,,,,,,,,,,
2020-02-21,1023.5,1025.5,1025.6,2020-02-21T09:00:00,1021.6,2020-02-21T15:32:00,20.9,26.7,2020-02-21T15:14:00,16.1,2020-02-21T06:42:00,13.8,65,37,2020-02-21T16:20:00,1.5,310,7.2,270,2020-02-21T14:38:00,0.0,0.0,2020-02-21T00:00:00,0.0,2020-02-21T00:00:00,9.2,19.21,,-99.5,-99.5,-99.5,-99.5,-99.5,-99.5,,,,,,,,,16.9,2020-02-21T19:23:00,,,,9.6,2020-02-21T16:20:00,,,,,,,,,,,,,0.0,2020-02-21T00:00:00,,,,,,,,-99.5,,,83,2020-02-21T06:11:00,,,,,,,,,,,,,,,,,,,,,,,,,,,-99.5,,,,,10.6,-99.5,,,,,,,,,,,,,,,,,,,,,,,,,,,,,,,,,,,,,,,,,,,,,,,,,,,,,,,,,,,,,,,,,,,,,,,,,,,,,,,,,,,,280,,,4.2,2020-02-21T16:15:00,,,,,,,,,,,,,,,,,,,,,,,,,,,,,,,,,,,,,,,,,,,,,,,,,,,,,,,,,,,,,,,,,,,,,,,,,,,,,,
2020-02-22,1022.7,1024.7,1024.4,2020-02-22T09:18:00,1020.7,2020-02-22T15:33:00,21.2,24.7,2020-02-22T13:22:00,17.3,2020-02-22T05:29:00,15.2,69,52,2020-02-22T09:50:00,1.7,300,7.5,280,2020-02-22T14:45:00,0.0,0.0,2020-02-22T00:00:00,0.0,2020-02-22T00:00:00,8.4,17.28,,-99.5,-99.5,-99.5,-99.5,-99.5,-99.5,,,,,,,,,16.5,2020-02-22T19:48:00,,,,12.8,2020-02-22T09:43:00,,,,,,,,,,,,,0.0,2020-02-22T00:00:00,,,,,,,,-99.5,,,82,2020-02-22T02:44:00,,,,,,,,,,,,,,,,,,,,,,,,,,,-99.5,,,,,7.4,-99.5,,,,,,,,,,,,,,,,,,,,,,,,,,,,,,,,,,,,,,,,,,,,,,,,,,,,,,,,,,,,,,,,,,,,,,,,,,,,,,,,,,,,280,,,4.6,2020-02-22T14:31:00,,,,,,,,,,,,,,,,,,,,,,,,,,,,,,,,,,,,,,,,,,,,,,,,,,,,,,,,,,,,,,,,,,,,,,,,,,,,,,
2020-02-23,1021.3,1023.4,1023.9,2020-02-23T09:37:00,1019.6,2020-02-23T15:13:00,21.5,25.3,2020-02-23T12:52:00,18.5,2020-02-23T03:06:00,15.4,69,48,2020-02-23T12:52:00,1.4,290,7.1,280,2020-02-23T13:03:00,0.0,0.0,2020-02-23T00:00:00,0.0,2020-02-23T00:00:00,8.9,15.1,,-99.5,-99.5,-99.5,-99.5,-99.5,-99.5,,,,,,,,,16.6,2020-02-23T21:33:00,,,,13.5,2020-02-23T12:47:00,,,,,,,,,,,,,0.0,2020-02-23T00:00:00,,,,,,,,-99.5,,,81,2020-02-23T05:13:00,,,,,,,,,,,,,,,,,,,,,,,,,,,-99.5,,,,,6.8,-99.5,,,,,,,,,,,,,,,,,,,,,,,,,,,,,,,,,,,,,,,,,,,,,,,,,,,,,,,,,,,,,,,,,,,,,,,,,,,,,,,,,,,,280,,,3.8,2020-02-23T13:07:00,,,,,,,,,,,,,,,,,,,,,,,,,,,,,,,,,,,,,,,,,,,,,,,,,,,,,,,,,,,,,,,,,,,,,,,,,,,,,,
2020-02-24,1018.3,1020.3,1020.5,2020-02-24T09:12:00,1016.3,2020-02-24T14:37:00,22.0,25.7,2020-02-24T10:44:00,18.1,2020-02-24T06:01:00,16.1,69,52,2020-02-24T10:43:00,1.7,290,9.4,270,2020-02-24T14:37:00,0.0,0.0,2020-02-24T00:00:00,0.0,2020-02-24T00:00:00,9.3,19.29,,-99.5,-99.5,-99.5,-99.5,-99.5,-99.5,,,,,,,,,17.5,2020-02-24T19:18:00,,,,14.5,2020-02-24T07:49:00,,,,,,,,,,,,,0.0,2020-02-24T00:00:00,,,,,,,,-99.5,,,82,2020-02-24T05:07:00,,,,,,,,,,,,,,,,,,,,,,,,,,,-99.5,,,,,7.6,-99.5,,,,,,,,,,,,,,,,,,,,,,,,,,,,,,,,,,,,,,,,,,,,,,,,,,,,,,,,,,,,,,,,,,,,,,,,,,,,,,,,,,,,280,,,5.4,2020-02-24T14:32:00,,,,,,,,,,,,,,,,,,,,,,,,,,,,,,,,,,,,,,,,,,,,,,,,,,,,,,,,,,,,,,,,,,,,,,,,,,,,,,
2020-02-25,1015.6,1017.7,1017.8,2020-02-25T09:12:00,1013.8,2020-02-25T14:53:00,24.1,29.0,2020-02-25T12:39:00,19.7,2020-02-25T04:40:00,16.8,65,43,2020-02-25T12:44:00,1.5,300,6.6,250,2020-02-25T13:06:00,0.0,0.0,2020-02-25T00:00:00,0.0,2020-02-25T00:00:00,9.7,19.58,,-99.5,-99.5,-99.5,-99.5,-99.5,-99.5,,,,,,,,,18.8,2020-02-25T18:44:00,,,,14.7,2020-02-25T12:45:00,,,,,,,,,,,,,0.0,2020-02-25T00:00:00,,,,,,,,-99.5,,,81,2020-02-25T06:46:00,,,,,,,,,,,,,,,,,,,,,,,,,,,-99.5,,,,,9.3,-99.5,,,,,,,,,,,,,,,,,,,,,,,,,,,,,,,,,,,,,,,,,,,,,,,,,,,,,,,,,,,,,,,,,,,,,,,,,,,,,,,,,,,,270,,,3.9,2020-02-25T13:45:00,,,,,,,,,,,,,,,,,,,,,,,,,,,,,,,,,,,,,,,,,,,,,,,,,,,,,,,,,,,,,,,,,,,,,,,,,,,,,,
2020-02-26,1015.6,1017.6,1017.5,2020-02-26T08:44:00,1013.5,2020-02-26T15:14:00,24.7,28.6,2020-02-26T10:35:00,20.1,2020-02-26T06:36:00,18.3,68,45,2020-02-26T10:35:00,1.8,240,8.8,200,2020-02-26T15:05:00,0.0,0.0,2020-02-26T00:00:00,0.0,2020-02-26T00:00:00,8.8,18.39,,-99.5,-99.5,-99.5,-99.5,-99.5,-99.5,,,,,,,,,20.2,2020-02-26T18:09:00,,,,15.5,2020-02-26T10:42:00,,,,,,,,,,,,,0.0,2020-02-26T00:00:00,,,,,,,,-99.5,,,80,2020-02-26T03:29:00,,,,,,,,,,,,,,,,,,,,,,,,,,,-99.5,,,,,8.5,-99.5,,,,,,,,,,,,,,,,,,,,,,,,,,,,,,,,,,,,,,,,,,,,,,,,,,,,,,,,,,,,,,,,,,,,,,,,,,,,,,,,,,,,220,,,5.0,2020-02-26T15:03:00,,,,,,,,,,,,,,,,,,,,,,,,,,,,,,,,,,,,,,,,,,,,,,,,,,,,,,,,,,,,,,,,,,,,,,,,,,,,,,
2020-02-27,1016.4,1018.4,1017.9,2020-02-27T09:28:00,1015.3,2020-02-27T03:15:00,23.5,26.7,2020-02-27T10:07:00,21.3,2020-02-27T06:58:00,18.2,72,59,2020-02-27T10:08:00,1.4,300,5.7,280,2020-02-27T13:16:00,0.0,0.0,2020-02-27T00:00:00,0.0,2020-02-27T00:00:00,6.8,8.62,,-99.5,-99.5,-99.5,-99.5,-99.5,-99.5,,,,,,,,,19.3,2020-02-27T02:04:00,,,,17.0,2020-02-27T23:27:00,,,,,,,,,,,,,0.0,2020-02-27T00:00:00,,,,,,,,-99.5,,,83,2020-02-27T06:43:00,,,,,,,,,,,,,,,,,,,,,,,,,,,-99.5,,,,,5.4,-99.5,,,,,,,,,,,,,,,,,,,,,,,,,,,,,,,,,,,,,,,,,,,,,,,,,,,,,,,,,,,,,,,,,,,,,,,,,,,,,,,,,,,,280,,,3.5,2020-02-27T11:40:00,,,,,,,,,,,,,,,,,,,,,,,,,,,,,,,,,,,,,,,,,,,,,,,,,,,,,,,,,,,,,,,,,,,,,,,,,,,,,,
2020-02-28,1015.2,1017.2,1017.1,2020-02-28T09:47:00,1013.1,2020-02-28T15:16:00,23.8,27.0,2020-02-28T13:03:00,20.5,2020-02-28T05:06:00,16.9,66,50,2020-02-28T13:03:00,1.5,290,7.0,260,2020-02-28T13:22:00,0.0,0.0,2020-02-28T00:00:00,0.0,2020-02-28T00:00:00,9.1,19.08,,-99.5,-99.5,-99.5,-99.5,-99.5,-99.5,,,,,,,,,18.4,2020-02-28T19:54:00,,,,15.7,2020-02-28T22:09:00,,,,,,,,,,,,,0.0,2020-02-28T00:00:00,,,,,,,,-99.5,,,79,2020-02-28T06:28:00,,,,,,,,,,,,,,,,,,,,,,,,,,,-99.5,,,,,6.5,-99.5,,,,,,,,,,,,,,,,,,,,,,,,,,,,,,,,,,,,,,,,,,,,,,,,,,,,,,,,,,,,,,,,,,,,,,,,,,,,,,,,,,,,270,,,3.9,2020-02-28T13:39:00,,,,,,,,,,,,,,,,,,,,,,,,,,,,,,,,,,,,,,,,,,,,,,,,,,,,,,,,,,,,,,,,,,,,,,,,,,,,,,
2020-02-29,1012.5,1014.5,1014.6,2020-02-29T09:51:00,1010.1,2020-02-29T17:44:00,24.2,28.0,2020-02-29T12:52:00,21.0,2020-02-29T06:01:00,17.8,68,51,2020-02-29T13:05:00,1.7,220,8.0,210,2020-02-29T16:29:00,0.0,0.0,2020-02-29T00:00:00,0.0,2020-02-29T00:00:00,9.2,16.82,,-99.5,-99.5,-99.5,-99.5,-99.5,-99.5,,,,,,,,,19.5,2020-02-29T16:53:00,,,,16.6,2020-02-29T09:57:00,,,,,,,,,,,,,0.0,2020-02-29T00:00:00,,,,,,,,-99.5,,,80,2020-02-29T04:34:00,,,,,,,,,,,,,,,,,,,,,,,,,,,-99.5,,,,,7.0,-99.5,,,,,,,,,,,,,,,,,,,,,,,,,,,,,,,,,,,,,,,,,,,,,,,,,,,,,,,,,,,,,,,,,,,,,,,,,,,,,,,,,,,,200,,,4.7,2020-02-29T16:35:00,,,,,,,,,,,,,,,,,,,,,,,,,,,,,,,,,,,,,,,,,,,,,,,,,,,,,,,,,,,,,,,,,,,,,,,,,,,,,,
2020-03-01,1011.5,1013.5,1013.3,2020-03-01T23:49:00,1009.2,2020-03-01T15:30:00,25.0,29.4,2020-03-01T14:24:00,21.4,2020-03-01T06:42:00,18.1,66,47,2020-03-01T10:47:00,1.9,310,9.2,270,2020-03-01T12:45:00,0.0,0.0,2020-03-01T00:00:00,0.0,2020-03-01T00:00:00,10.0,22.07,,-99.5,-99.5,-99.5,-99.5,-99.5,-99.5,,,,,,,,,19.1,2020-03-01T17:48:00,,,,15.7,2020-03-01T08:38:00,,,,,,,,,,,,,0.0,2020-03-01T00:00:00,,,,,,,,-99.5,,,81,2020-03-01T04:10:00,,,,,,,,,,,,,,,,,,,,,,,,,,,-99.5,,,,,8.0,-99.5,,,,,,,,,,,,,,,,,,,,,,,,,,,,,,,,,,,,,,,,,,,,,,,,,,,,,,,,,,,,,,,,,,,,,,,,,,,,,,,,,,,,280,,,5.5,2020-03-01T12:26:00,,,,,,,,,,,,,,,,,,,,,,,,,,,,,,,,,,,,,,,,,,,,,,,,,,,,,,,,,,,,,,,,,,,,,,,,,,,,,,
2020-03-02,1014.7,1016.7,1016.9,2020-03-02T21:54:00,1012.4,2020-03-02T03:10:00,23.1,25.6,2020-03-02T12:09:00,20.8,2020-03-02T03:15:00,17.5,71,60,2020-03-02T12:19:00,1.9,290,8.1,270,2020-03-02T13:05:00,0.0,0.0,2020-03-02T00:00:00,0.0,2020-03-02T00:00:00,9.3,18.09,,-99.5,-99.5,-99.5,-99.5,-99.5,-99.5,,,,,,,,,18.6,2020-03-02T08:30:00,,,,16.9,2020-03-02T13:49:00,,,,,,,,,,,,,0.0,2020-03-02T00:00:00,,,,,,,,-99.5,,,83,2020-03-02T06:18:00,,,,,,,,,,,,,,,,,,,,,,,,,,,-99.5,,,,,4.8,-99.5,,,,,,,,,,,,,,,,,,,,,,,,,,,,,,,,,,,,,,,,,,,,,,,,,,,,,,,,,,,,,,,,,,,,,,,,,,,,,,,,,,,,280,,,5.0,2020-03-02T13:14:00,,,,,,,,,,,,,,,,,,,,,,,,,,,,,,,,,,,,,,,,,,,,,,,,,,,,,,,,,,,,,,,,,,,,,,,,,,,,,,
2020-03-03,1015.6,1017.6,1018.0,2020-03-03T09:18:00,1012.9,2020-03-03T15:59:00,23.4,26.5,2020-03-03T12:14:00,19.3,2020-03-03T06:28:00,15.7,62,49,2020-03-03T12:05:00,1.9,270,7.6,290,2020-03-03T13:21:00,0.0,0.0,2020-03-03T00:00:00,0.0,2020-03-03T00:00:00,9.4,20.19,,-99.5,-99.5,-99.5,-99.5,-99.5,-99.5,,,,,,,,,17.6,2020-03-03T00:10:00,,,,14.0,2020-03-03T06:55:00,,,,,,,,,,,,,0.0,2020-03-03T00:00:00,,,,,,,,-99.5,,,74,2020-03-03T00:10:00,,,,,,,,,,,,,,,,,,,,,,,,,,,-99.5,,,,,7.2,-99.5,,,,,,,,,,,,,,,,,,,,,,,,,,,,,,,,,,,,,,,,,,,,,,,,,,,,,,,,,,,,,,,,,,,,,,,,,,,,,,,,,,,,280,,,4.3,2020-03-03T14:16:00,,,,,,,,,,,,,,,,,,,,,,,,,,,,,,,,,,,,,,,,,,,,,,,,,,,,,,,,,,,,,,,,,,,,,,,,,,,,,,
2020-03-04,1014.4,1016.4,1016.5,2020-03-04T08:52:00,1011.6,2020-03-04T15:47:00,24.0,28.2,2020-03-04T13:43:00,20.4,2020-03-04T23:53:00,16.8,64,48,2020-03-04T14:02:00,1.6,310,6.6,230,2020-03-04T13:26:00,0.0,0.0,2020-03-04T00:00:00,0.0,2020-03-04T00:00:00,7.0,14.6,,-99.5,-99.5,-99.5,-99.5,-99.5,-99.5,,,,,,,,,18.1,2020-03-04T00:32:00,,,,14.8,2020-03-05T00:00:00,,,,,,,,,,,,,0.0,2020-03-04T00:00:00,,,,,,,,-99.5,,,76,2020-03-04T05:46:00,,,,,,,,,,,,,,,,,,,,,,,,,,,-99.5,,,,,7.8,-99.5,,,,,,,,,,,,,,,,,,,,,,,,,,,,,,,,,,,,,,,,,,,,,,,,,,,,,,,,,,,,,,,,,,,,,,,,,,,,,,,,,,,,280,,,3.8,2020-03-04T13:13:00,,,,,,,,,,,,,,,,,,,,,,,,,,,,,,,,,,,,,,,,,,,,,,,,,,,,,,,,,,,,,,,,,,,,,,,,,,,,,,
2020-03-05,1015.2,1017.3,1017.3,2020-03-05T09:35:00,1013.2,2020-03-05T14:27:00,21.3,25.3,2020-03-05T10:34:00,18.3,2020-03-05T05:23:00,15.0,67,54,2020-03-05T13:47:00,1.7,300,8.8,280,2020-03-05T12:59:00,0.0,0.0,2020-03-05T00:00:00,0.0,2020-03-05T00:00:00,6.4,14.28,,-99.5,-99.5,-99.5,-99.5,-99.5,-99.5,,,,,,,,,17.3,2020-03-05T11:45:00,,,,13.3,2020-03-06T00:00:00,,,,,,,,,,,,,0.0,2020-03-05T00:00:00,,,,,,,,-99.5,,,78,2020-03-05T05:35:00,,,,,,,,,,,,,,,,,,,,,,,,,,,-99.5,,,,,7.0,-99.5,,,,,,,,,,,,,,,,,,,,,,,,,,,,,,,,,,,,,,,,,,,,,,,,,,,,,,,,,,,,,,,,,,,,,,,,,,,,,,,,,,,,280,,,5.5,2020-03-05T12:28:00,,,,,,,,,,,,,,,,,,,,,,,,,,,,,,,,,,,,,,,,,,,,,,,,,,,,,,,,,,,,,,,,,,,,,,,,,,,,,,
2020-03-06,1014.7,1016.7,1017.1,2020-03-06T09:26:00,1012.2,2020-03-06T15:26:00,22.1,25.9,2020-03-06T11:37:00,18.9,2020-03-06T02:28:00,15.6,66,50,2020-03-06T11:34:00,1.5,300,8.6,280,2020-03-06T14:28:00,0.0,0.0,2020-03-06T00:00:00,0.0,2020-03-06T00:00:00,9.1,16.87,,-99.5,-99.5,-99.5,-99.5,-99.5,-99.5,,,,,,,,,17.7,2020-03-06T21:56:00,,,,13.3,2020-03-06T00:02:00,,,,,,,,,,,,,0.0,2020-03-06T00:00:00,,,,,,,,-99.5,,,75,2020-03-06T06:37:00,,,,,,,,,,,,,,,,,,,,,,,,,,,-99.5,,,,,7.0,-99.5,,,,,,,,,,,,,,,,,,,,,,,,,,,,,,,,,,,,,,,,,,,,,,,,,,,,,,,,,,,,,,,,,,,,,,,,,,,,,,,,,,,,280,,,5.5,2020-03-06T14:30:00,,,,,,,,,,,,,,,,,,,,,,,,,,,,,,,,,,,,,,,,,,,,,,,,,,,,,,,,,,,,,,,,,,,,,,,,,,,,,,
2020-03-07,1011.8,1013.8,1014.5,2020-03-07T00:01:00,1009.0,2020-03-07T15:37:00,24.2,28.4,2020-03-07T12:19:00,20.6,2020-03-07T04:21:00,17.4,66,47,2020-03-07T10:57:00,1.2,290,5.7,280,2020-03-07T15:05:00,0.0,0.0,2020-03-07T00:00:00,0.0,2020-03-07T00:00:00,8.1,16.53,,-99.5,-99.5,-99.5,-99.5,-99.5,-99.5,,,,,,,,,19.4,2020-03-07T17:18:00,,,,15.2,2020-03-07T10:21:00,,,,,,,,,,,,,0.0,2020-03-07T00:00:00,,,,,,,,-99.5,,,77,2020-03-07T06:04:00,,,,,,,,,,,,,,,,,,,,,,,,,,,-99.5,,,,,7.8,-99.5,,,,,,,,,,,,,,,,,,,,,,,,,,,,,,,,,,,,,,,,,,,,,,,,,,,,,,,,,,,,,,,,,,,,,,,,,,,,,,,,,,,,280,,,3.5,2020-03-07T14:44:00,,,,,,,,,,,,,,,,,,,,,,,,,,,,,,,,,,,,,,,,,,,,,,,,,,,,,,,,,,,,,,,,,,,,,,,,,,,,,,
2020-03-08,1009.4,1011.4,1011.6,2020-03-08T09:30:00,1007.2,2020-03-08T15:42:00,24.9,27.6,2020-03-08T10:16:00,22.2,2020-03-08T06:16:00,18.5,67,52,2020-03-08T09:35:00,1.6,290,6.9,280,2020-03-08T13:57:00,0.0,0.0,2020-03-08T00:00:00,0.0,2020-03-08T00:00:00,10.1,21.82,,-99.5,-99.5,-99.5,-99.5,-99.5,-99.5,,,,,,,,,19.9,2020-03-08T22:44:00,,,,16.8,2020-03-08T09:35:00,,,,,,,,,,,,,0.0,2020-03-08T00:00:00,,,,,,,,-99.5,,,77,2020-03-08T23:11:00,,,,,,,,,,,,,,,,,,,,,,,,,,,-99.5,,,,,5.4,-99.5,,,,,,,,,,,,,,,,,,,,,,,,,,,,,,,,,,,,,,,,,,,,,,,,,,,,,,,,,,,,,,,,,,,,,,,,,,,,,,,,,,,,280,,,4.1,2020-03-08T14:03:00,,,,,,,,,,,,,,,,,,,,,,,,,,,,,,,,,,,,,,,,,,,,,,,,,,,,,,,,,,,,,,,,,,,,,,,,,,,,,,
2020-03-09,1007.9,1009.9,1009.5,2020-03-09T22:27:00,1005.5,2020-03-09T15:17:00,25.3,27.6,2020-03-09T11:00:00,22.0,2020-03-09T05:59:00,19.3,70,60,2020-03-09T13:17:00,2.0,220,8.9,210,2020-03-09T10:11:00,0.0,0.0,2020-03-09T00:00:00,0.0,2020-03-09T00:00:00,9.8,19.12,,-99.5,-99.5,-99.5,-99.5,-99.5,-99.5,,,,,,,,,21.1,2020-03-09T09:25:00,,,,17.5,2020-03-09T07:12:00,,,,,,,,,,,,,0.0,2020-03-09T00:00:00,,,,,,,,-99.5,,,81,2020-03-09T04:11:00,,,,,,,,,,,,,,,,,,,,,,,,,,,-99.5,,,,,5.6,-99.5,,,,,,,,,,,,,,,,,,,,,,,,,,,,,,,,,,,,,,,,,,,,,,,,,,,,,,,,,,,,,,,,,,,,,,,,,,,,,,,,,,,,210,,,5.0,2020-03-09T10:10:00,,,,,,,,,,,,,,,,,,,,,,,,,,,,,,,,,,,,,,,,,,,,,,,,,,,,,,,,,,,,,,,,,,,,,,,,,,,,,,
2020-03-10,1010.2,1012.2,1014.1,2020-03-10T23:08:00,1007.6,2020-03-10T03:28:00,24.2,26.7,2020-03-10T09:10:00,20.8,2020-03-10T23:57:00,19.0,73,60,2020-03-10T09:15:00,1.5,280,6.4,340,2020-03-10T10:24:00,13.9,9.9,2020-03-10T10:26:00,13.9,2020-03-10T09:57:00,6.3,7.58,,-99.5,-99.5,-99.5,-99.5,-99.5,-99.5,,,,,,,,,20.3,2020-03-10T10:22:00,,,,15.2,2020-03-10T23:58:00,,,,,,,,,,,,,13.9,2020-03-10T09:57:00,,,,,,,,-99.5,,,86,2020-03-10T11:28:00,,,,,,,,,,,,,,,,,,,,,,,,,,,-99.5,,,,,5.9,-99.5,,,,,,,,,,,,,,,,,,,,,,,,,,,,,,,,,,,,,,,,,,,,,,,,,,,,,,,,,,,,,,,,,,,,,,,,,,,,,,,,,,,,280,,,3.5,2020-03-10T14:28:00,,,,,,,,,,,,,,,,,,,,,,,,,,,,,,,,,,,,,,,,,,,,,,,,,,,,,,,,,,,,,,,,,,,,,,,,,,,,,,
2020-03-11,1015.4,1017.4,1017.3,2020-03-11T09:08:00,1013.6,2020-03-11T03:48:00,22.1,24.1,2020-03-11T14:04:00,19.9,2020-03-11T04:25:00,15.2,65,57,2020-03-11T16:28:00,1.6,290,8.1,280,2020-03-11T13:05:00,0.0,0.0,2020-03-11T00:00:00,0.0,2020-03-11T00:00:00,8.1,9.8,,-99.5,-99.5,-99.5,-99.5,-99.5,-99.5,,,,,,,,,16.7,2020-03-11T07:29:00,,,,14.4,2020-03-11T01:55:00,,,,,,,,,,,,,0.0,2020-03-11T00:00:00,,,,,,,,-99.5,,,74,2020-03-11T07:00:00,,,,,,,,,,,,,,,,,,,,,,,,,,,-99.5,,,,,4.2,-99.5,,,,,,,,,,,,,,,,,,,,,,,,,,,,,,,,,,,,,,,,,,,,,,,,,,,,,,,,,,,,,,,,,,,,,,,,,,,,,,,,,,,,280,,,4.6,2020-03-11T13:12:00,,,,,,,,,,,,,,,,,,,,,,,,,,,,,,,,,,,,,,,,,,,,,,,,,,,,,,,,,,,,,,,,,,,,,,,,,,,,,,
2020-03-12,1014.0,1016.0,1016.3,2020-03-12T08:19:00,1011.0,2020-03-12T16:59:00,24.5,28.3,2020-03-12T15:11:00,19.3,2020-03-12T06:03:00,17.4,65,46,2020-03-12T11:33:00,1.7,190,8.2,170,2020-03-12T16:01:00,0.0,0.0,2020-03-12T00:00:00,0.0,2020-03-12T00:00:00,9.8,19.61,,-99.5,-99.5,-99.5,-99.5,-99.5,-99.5,,,,,,,,,20.5,2020-03-12T22:11:00,,,,14.7,2020-03-12T00:57:00,,,,,,,,,,,,,0.0,2020-03-12T00:00:00,,,,,,,,-99.5,,,79,2020-03-12T06:04:00,,,,,,,,,,,,,,,,,,,,,,,,,,,-99.5,,,,,9.0,-99.5,,,,,,,,,,,,,,,,,,,,,,,,,,,,,,,,,,,,,,,,,,,,,,,,,,,,,,,,,,,,,,,,,,,,,,,,,,,,,,,,,,,,190,,,4.5,2020-03-12T16:51:00,,,,,,,,,,,,,,,,,,,,,,,,,,,,,,,,,,,,,,,,,,,,,,,,,,,,,,,,,,,,,,,,,,,,,,,,,,,,,,
2020-03-13,1013.0,1015.0,1014.9,2020-03-13T09:23:00,1010.7,2020-03-13T15:29:00,26.1,30.7,2020-03-13T12:47:00,22.8,2020-03-13T06:25:00,19.4,67,46,2020-03-13T12:48:00,1.5,320,9.3,280,2020-03-13T14:43:00,0.0,0.0,2020-03-13T00:00:00,0.0,2020-03-13T00:00:00,9.7,18.86,,-99.5,-99.5,-99.5,-99.5,-99.5,-99.5,,,,,,,,,20.2,2020-03-13T10:43:00,,,,18.0,2020-03-13T12:53:00,,,,,,,,,,,,,0.0,2020-03-13T00:00:00,,,,,,,,-99.5,,,80,2020-03-13T06:42:00,,,,,,,,,,,,,,,,,,,,,,,,,,,-99.5,,,,,7.9,-99.5,,,,,,,,,,,,,,,,,,,,,,,,,,,,,,,,,,,,,,,,,,,,,,,,,,,,,,,,,,,,,,,,,,,,,,,,,,,,,,,,,,,,280,,,5.4,2020-03-13T14:23:00,,,,,,,,,,,,,,,,,,,,,,,,,,,,,,,,,,,,,,,,,,,,,,,,,,,,,,,,,,,,,,,,,,,,,,,,,,,,,,
2020-03-14,1013.5,1015.5,1016.4,2020-03-14T22:32:00,1011.5,2020-03-14T04:18:00,20.9,24.4,2020-03-14T00:16:00,18.3,2020-03-14T22:42:00,17.5,80,73,2020-03-14T00:28:00,1.0,10,5.6,320,2020-03-14T11:43:00,1.0,0.5,2020-03-14T15:05:00,0.5,2020-03-14T14:15:00,0.1,1.64,,-99.5,-99.5,-99.5,-99.5,-99.5,-99.5,,,,,,,,,20.0,2020-03-14T02:16:00,,,,14.1,2020-03-14T23:13:00,,,,,,,,,,,,,0.5,2020-03-14T14:15:00,,,,,,,,-99.5,,,85,2020-03-14T18:14:00,,,,,,,,,,,,,,,,,,,,,,,,,,,-99.5,,,,,6.1,-99.5,,,,,,,,,,,,,,,,,,,,,,,,,,,,,,,,,,,,,,,,,,,,,,,,,,,,,,,,,,,,,,,,,,,,,,,,,,,,,,,,,,,,320,,,2.4,2020-03-14T11:48:00,,,,,,,,,,,,,,,,,,,,,,,,,,,,,,,,,,,,,,,,,,,,,,,,,,,,,,,,,,,,,,,,,,,,,,,,,,,,,,
2020-03-15,1016.6,1018.6,1018.5,2020-03-15T10:17:00,1014.8,2020-03-15T16:46:00,20.0,23.0,2020-03-15T12:32:00,17.4,2020-03-15T06:08:00,11.5,58,47,2020-03-15T12:33:00,1.8,280,7.7,270,2020-03-15T14:36:00,0.0,0.0,2020-03-15T00:00:00,0.0,2020-03-15T00:00:00,9.1,19.04,,-99.5,-99.5,-99.5,-99.5,-99.5,-99.5,,,,,,,,,14.4,2020-03-15T00:15:00,,,,8.7,2020-03-15T08:21:00,,,,,,,,,,,,,0.0,2020-03-15T00:00:00,,,,,,,,-99.5,,,76,2020-03-15T00:15:00,,,,,,,,,,,,,,,,,,,,,,,,,,,-99.5,,,,,5.6,-99.5,,,,,,,,,,,,,,,,,,,,,,,,,,,,,,,,,,,,,,,,,,,,,,,,,,,,,,,,,,,,,,,,,,,,,,,,,,,,,,,,,,,,280,,,4.6,2020-03-15T15:13:00,,,,,,,,,,,,,,,,,,,,,,,,,,,,,,,,,,,,,,,,,,,,,,,,,,,,,,,,,,,,,,,,,,,,,,,,,,,,,,
2020-03-16,1017.8,1019.8,1019.7,2020-03-16T08:48:00,1015.7,2020-03-16T14:27:00,21.2,25.5,2020-03-16T11:02:00,17.1,2020-03-16T06:27:00,12.3,58,38,2020-03-16T11:00:00,2.0,290,9.2,290,2020-03-16T14:18:00,0.0,0.0,2020-03-16T00:00:00,0.0,2020-03-16T00:00:00,9.5,21.43,,-99.5,-99.5,-99.5,-99.5,-99.5,-99.5,,,,,,,,,14.4,2020-03-16T05:14:00,,,,10.0,2020-03-17T00:00:00,,,,,,,,,,,,,0.0,2020-03-16T00:00:00,,,,,,,,-99.5,,,81,2020-03-16T06:20:00,,,,,,,,,,,,,,,,,,,,,,,,,,,-99.5,,,,,8.4,-99.5,,,,,,,,,,,,,,,,,,,,,,,,,,,,,,,,,,,,,,,,,,,,,,,,,,,,,,,,,,,,,,,,,,,,,,,,,,,,,,,,,,,,280,,,5.6,2020-03-16T14:36:00,,,,,,,,,,,,,,,,,,,,,,,,,,,,,,,,,,,,,,,,,,,,,,,,,,,,,,,,,,,,,,,,,,,,,,,,,,,,,,
2020-03-17,1016.9,1019.0,1019.1,2020-03-17T08:32:00,1014.5,2020-03-17T15:55:00,22.5,26.3,2020-03-17T11:09:00,17.7,2020-03-17T06:25:00,11.8,52,33,2020-03-17T11:10:00,1.6,270,6.3,290,2020-03-17T14:29:00,0.0,0.0,2020-03-17T00:00:00,0.0,2020-03-17T00:00:00,10.2,21.7,,-99.5,-99.5,-99.5,-99.5,-99.5,-99.5,,,,,,,,,15.0,2020-03-17T23:08:00,,,,8.5,2020-03-17T12:01:00,,,,,,,,,,,,,0.0,2020-03-17T00:00:00,,,,,,,,-99.5,,,75,2020-03-17T04:48:00,,,,,,,,,,,,,,,,,,,,,,,,,,,-99.5,,,,,8.6,-99.5,,,,,,,,,,,,,,,,,,,,,,,,,,,,,,,,,,,,,,,,,,,,,,,,,,,,,,,,,,,,,,,,,,,,,,,,,,,,,,,,,,,,280,,,3.7,2020-03-17T12:49:00,,,,,,,,,,,,,,,,,,,,,,,,,,,,,,,,,,,,,,,,,,,,,,,,,,,,,,,,,,,,,,,,,,,,,,,,,,,,,,
2020-03-18,1013.7,1015.7,1016.2,2020-03-18T00:01:00,1011.7,2020-03-18T22:56:00,23.3,27.7,2020-03-18T11:12:00,19.5,2020-03-18T06:03:00,16.3,65,42,2020-03-18T11:13:00,1.2,220,6.5,250,2020-03-18T14:18:00,0.0,0.0,2020-03-18T00:00:00,0.0,2020-03-18T00:00:00,8.5,16.28,,-99.5,-99.5,-99.5,-99.5,-99.5,-99.5,,,,,,,,,19.0,2020-03-18T16:48:00,,,,13.7,2020-03-18T08:37:00,,,,,,,,,,,,,0.0,2020-03-18T00:00:00,,,,,,,,-99.5,,,77,2020-03-18T20:47:00,,,,,,,,,,,,,,,,,,,,,,,,,,,-99.5,,,,,8.2,-99.5,,,,,,,,,,,,,,,,,,,,,,,,,,,,,,,,,,,,,,,,,,,,,,,,,,,,,,,,,,,,,,,,,,,,,,,,,,,,,,,,,,,,260,,,3.3,2020-03-18T14:01:00,,,,,,,,,,,,,,,,,,,,,,,,,,,,,,,,,,,,,,,,,,,,,,,,,,,,,,,,,,,,,,,,,,,,,,,,,,,,,,
2020-03-19,1012.2,1014.2,1014.1,2020-03-19T08:51:00,1009.9,2020-03-19T15:20:00,24.6,28.5,2020-03-19T13:54:00,21.4,2020-03-19T05:54:00,17.2,64,49,2020-03-19T16:57:00,1.6,310,8.8,280,2020-03-19T15:24:00,0.0,0.0,2020-03-19T00:00:00,0.0,2020-03-19T00:00:00,9.6,18.9,,-99.5,-99.5,-99.5,-99.5,-99.5,-99.5,,,,,,,,,18.5,2020-03-19T13:45:00,,,,15.1,2020-03-19T17:44:00,,,,,,,,,,,,,0.0,2020-03-19T00:00:00,,,,,,,,-99.5,,,78,2020-03-19T06:10:00,,,,,,,,,,,,,,,,,,,,,,,,,,,-99.5,,,,,7.1,-99.5,,,,,,,,,,,,,,,,,,,,,,,,,,,,,,,,,,,,,,,,,,,,,,,,,,,,,,,,,,,,,,,,,,,,,,,,,,,,,,,,,,,,280,,,5.2,2020-03-19T14:33:00,,,,,,,,,,,,,,,,,,,,,,,,,,,,,,,,,,,,,,,,,,,,,,,,,,,,,,,,,,,,,,,,,,,,,,,,,,,,,,
2020-03-20,1013.1,1015.1,1014.6,2020-03-20T09:46:00,1011.5,2020-03-20T15:20:00,24.5,27.4,2020-03-20T14:17:00,21.4,2020-03-20T05:39:00,17.8,66,49,2020-03-20T14:11:00,1.7,270,6.7,280,2020-03-20T12:40:00,0.0,0.0,2020-03-20T00:00:00,0.0,2020-03-20T00:00:00,9.9,19.26,,-99.5,-99.5,-99.5,-99.5,-99.5,-99.5,,,,,,,,,18.7,2020-03-20T09:56:00,,,,15.6,2020-03-20T13:52:00,,,,,,,,,,,,,0.0,2020-03-20T00:00:00,,,,,,,,-99.5,,,80,2020-03-20T06:17:00,,,,,,,,,,,,,,,,,,,,,,,,,,,-99.5,,,,,6.0,-99.5,,,,,,,,,,,,,,,,,,,,,,,,,,,,,,,,,,,,,,,,,,,,,,,,,,,,,,,,,,,,,,,,,,,,,,,,,,,,,,,,,,,,280,,,4.1,2020-03-20T16:18:00,,,,,,,,,,,,,,,,,,,,,,,,,,,,,,,,,,,,,,,,,,,,,,,,,,,,,,,,,,,,,,,,,,,,,,,,,,,,,,
2020-03-21,1013.5,1015.5,1015.9,2020-03-21T08:57:00,1011.7,2020-03-21T16:23:00,24.8,27.9,2020-03-21T11:04:00,21.4,2020-03-21T06:08:00,18.8,69,56,2020-03-21T11:06:00,1.5,270,6.9,250,2020-03-21T14:12:00,0.0,0.0,2020-03-21T00:00:00,0.0,2020-03-21T00:00:00,9.9,20.45,,-99.5,-99.5,-99.5,-99.5,-99.5,-99.5,,,,,,,,,20.1,2020-03-21T21:59:00,,,,17.1,2020-03-21T06:43:00,,,,,,,,,,,,,0.0,2020-03-21T00:00:00,,,,,,,,-99.5,,,80,2020-03-21T02:04:00,,,,,,,,,,,,,,,,,,,,,,,,,,,-99.5,,,,,6.5,-99.5,,,,,,,,,,,,,,,,,,,,,,,,,,,,,,,,,,,,,,,,,,,,,,,,,,,,,,,,,,,,,,,,,,,,,,,,,,,,,,,,,,,,280,,,4.1,2020-03-21T14:50:00,,,,,,,,,,,,,,,,,,,,,,,,,,,,,,,,,,,,,,,,,,,,,,,,,,,,,,,,,,,,,,,,,,,,,,,,,,,,,,
2020-03-22,1011.9,1013.9,1014.1,2020-03-22T09:15:00,1009.8,2020-03-22T15:22:00,25.5,29.8,2020-03-22T13:56:00,21.9,2020-03-22T05:11:00,18.8,67,48,2020-03-22T14:17:00,1.7,320,9.2,270,2020-03-22T13:09:00,0.0,0.0,2020-03-22T00:00:00,0.0,2020-03-22T00:00:00,10.2,20.67,,-99.5,-99.5,-99.5,-99.5,-99.5,-99.5,,,,,,,,,19.8,2020-03-22T00:24:00,,,,17.4,2020-03-22T14:17:00,,,,,,,,,,,,,0.0,2020-03-22T00:00:00,,,,,,,,-99.5,,,82,2020-03-22T06:25:00,,,,,,,,,,,,,,,,,,,,,,,,,,,-99.5,,,,,7.9,-99.5,,,,,,,,,,,,,,,,,,,,,,,,,,,,,,,,,,,,,,,,,,,,,,,,,,,,,,,,,,,,,,,,,,,,,,,,,,,,,,,,,,,,280,,,5.6,2020-03-22T12:44:00,,,,,,,,,,,,,,,,,,,,,,,,,,,,,,,,,,,,,,,,,,,,,,,,,,,,,,,,,,,,,,,,,,,,,,,,,,,,,,
2020-03-23,1011.7,1013.7,1013.4,2020-03-23T09:20:00,1009.5,2020-03-23T15:17:00,26.2,30.5,2020-03-23T14:42:00,21.8,2020-03-23T04:21:00,18.3,63,44,2020-03-23T16:21:00,1.7,270,8.3,280,2020-03-23T13:44:00,0.0,0.0,2020-03-23T00:00:00,0.0,2020-03-23T00:00:00,10.3,22.67,,-99.5,-99.5,-99.5,-99.5,-99.5,-99.5,,,,,,,,,21.0,2020-03-23T21:09:00,,,,16.4,2020-03-23T18:37:00,,,,,,,,,,,,,0.0,2020-03-23T00:00:00,,,,,,,,-99.5,,,81,2020-03-23T04:34:00,,,,,,,,,,,,,,,,,,,,,,,,,,,-99.5,,,,,8.7,-99.5,,,,,,,,,,,,,,,,,,,,,,,,,,,,,,,,,,,,,,,,,,,,,,,,,,,,,,,,,,,,,,,,,,,,,,,,,,,,,,,,,,,,280,,,5.0,2020-03-23T13:23:00,,,,,,,,,,,,,,,,,,,,,,,,,,,,,,,,,,,,,,,,,,,,,,,,,,,,,,,,,,,,,,,,,,,,,,,,,,,,,,
2020-03-24,1012.5,1014.5,1014.1,2020-03-24T09:05:00,1010.8,2020-03-24T15:07:00,25.7,29.5,2020-03-24T13:47:00,22.7,2020-03-24T05:28:00,18.6,65,48,2020-03-24T13:45:00,1.2,330,7.2,280,2020-03-24T14:12:00,0.0,0.0,2020-03-24T00:00:00,0.0,2020-03-24T00:00:00,9.2,14.25,,-99.5,-99.5,-99.5,-99.5,-99.5,-99.5,,,,,,,,,19.6,2020-03-24T04:46:00,,,,17.3,2020-03-24T13:43:00,,,,,,,,,,,,,0.0,2020-03-24T00:00:00,,,,,,,,-99.5,,,79,2020-03-24T05:20:00,,,,,,,,,,,,,,,,,,,,,,,,,,,-99.5,,,,,6.8,-99.5,,,,,,,,,,,,,,,,,,,,,,,,,,,,,,,,,,,,,,,,,,,,,,,,,,,,,,,,,,,,,,,,,,,,,,,,,,,,,,,,,,,,280,,,4.4,2020-03-24T14:49:00,,,,,,,,,,,,,,,,,,,,,,,,,,,,,,,,,,,,,,,,,,,,,,,,,,,,,,,,,,,,,,,,,,,,,,,,,,,,,,
2020-03-25,1011.9,1013.9,1013.6,2020-03-25T08:50:00,1009.8,2020-03-25T17:12:00,25.4,28.7,2020-03-25T09:42:00,21.6,2020-03-25T05:00:00,19.4,69,52,2020-03-25T12:52:00,1.6,290,7.4,270,2020-03-25T15:39:00,0.0,0.0,2020-03-25T00:00:00,0.0,2020-03-25T00:00:00,10.4,23.24,,-99.5,-99.5,-99.5,-99.5,-99.5,-99.5,,,,,,,,,21.0,2020-03-25T19:31:00,,,,17.7,2020-03-25T05:24:00,,,,,,,,,,,,,0.0,2020-03-25T00:00:00,,,,,,,,-99.5,,,80,2020-03-25T04:55:00,,,,,,,,,,,,,,,,,,,,,,,,,,,-99.5,,,,,7.1,-99.5,,,,,,,,,,,,,,,,,,,,,,,,,,,,,,,,,,,,,,,,,,,,,,,,,,,,,,,,,,,,,,,,,,,,,,,,,,,,,,,,,,,,280,,,4.3,2020-03-25T15:56:00,,,,,,,,,,,,,,,,,,,,,,,,,,,,,,,,,,,,,,,,,,,,,,,,,,,,,,,,,,,,,,,,,,,,,,,,,,,,,,
2020-03-26,1011.9,1013.9,1013.5,2020-03-26T23:37:00,1009.6,2020-03-26T16:17:00,26.9,30.7,2020-03-26T13:20:00,22.6,2020-03-26T05:35:00,20.0,66,52,2020-03-26T13:38:00,3.3,180,12.0,200,2020-03-26T16:16:00,0.0,0.0,2020-03-26T00:00:00,0.0,2020-03-26T00:00:00,10.4,24.37,,-99.5,-99.5,-99.5,-99.5,-99.5,-99.5,,,,,,,,,21.0,2020-03-26T17:08:00,,,,18.8,2020-03-26T07:30:00,,,,,,,,,,,,,0.0,2020-03-26T00:00:00,,,,,,,,-99.5,,,83,2020-03-26T05:26:00,,,,,,,,,,,,,,,,,,,,,,,,,,,-99.5,,,,,8.1,-99.5,,,,,,,,,,,,,,,,,,,,,,,,,,,,,,,,,,,,,,,,,,,,,,,,,,,,,,,,,,,,,,,,,,,,,,,,,,,,,,,,,,,,190,,,6.5,2020-03-26T16:18:00,,,,,,,,,,,,,,,,,,,,,,,,,,,,,,,,,,,,,,,,,,,,,,,,,,,,,,,,,,,,,,,,,,,,,,,,,,,,,,
2020-03-27,1011.8,1013.8,1013.5,2020-03-27T09:10:00,1009.8,2020-03-27T16:38:00,27.0,30.0,2020-03-27T13:18:00,23.3,2020-03-27T05:50:00,20.9,69,56,2020-03-27T08:20:00,2.3,190,8.2,200,2020-03-27T15:47:00,0.0,0.0,2020-03-27T00:00:00,0.0,2020-03-27T00:00:00,10.5,24.12,,-99.5,-99.5,-99.5,-99.5,-99.5,-99.5,,,,,,,,,23.0,2020-03-27T16:06:00,,,,17.4,2020-03-27T07:05:00,,,,,,,,,,,,,0.0,2020-03-27T00:00:00,,,,,,,,-99.5,,,81,2020-03-27T23:34:00,,,,,,,,,,,,,,,,,,,,,,,,,,,-99.5,,,,,6.7,-99.5,,,,,,,,,,,,,,,,,,,,,,,,,,,,,,,,,,,,,,,,,,,,,,,,,,,,,,,,,,,,,,,,,,,,,,,,,,,,,,,,,,,,190,,,4.9,2020-03-27T16:43:00,,,,,,,,,,,,,,,,,,,,,,,,,,,,,,,,,,,,,,,,,,,,,,,,,,,,,,,,,,,,,,,,,,,,,,,,,,,,,,
2020-03-28,1010.3,1012.3,1012.3,2020-03-28T22:31:00,1007.4,2020-03-28T15:37:00,25.6,32.0,2020-03-28T13:55:00,20.5,2020-03-28T23:59:00,18.9,67,42,2020-03-28T14:26:00,1.7,330,8.6,320,2020-03-28T15:40:00,11.0,4.5,2020-03-28T07:01:00,9.0,2020-03-28T06:40:00,8.6,20.61,,-99.5,-99.5,-99.5,-99.5,-99.5,-99.5,,,,,,,,,22.0,2020-03-28T00:01:00,,,,14.5,2020-03-28T23:14:00,,,,,,,,,,,,,9.0,2020-03-28T06:40:00,,,,,,,,-99.5,,,85,2020-03-28T07:37:00,,,,,,,,,,,,,,,,,,,,,,,,,,,-99.5,,,,,11.5,-99.5,,,,,,,,,,,,,,,,,,,,,,,,,,,,,,,,,,,,,,,,,,,,,,,,,,,,,,,,,,,,,,,,,,,,,,,,,,,,,,,,,,,,280,,,4.2,2020-03-28T13:40:00,,,,,,,,,,,,,,,,,,,,,,,,,,,,,,,,,,,,,,,,,,,,,,,,,,,,,,,,,,,,,,,,,,,,,,,,,,,,,,
2020-03-29,1012.1,1014.1,1014.2,2020-03-29T09:29:00,1009.6,2020-03-29T17:03:00,22.5,25.8,2020-03-29T14:03:00,18.5,2020-03-29T05:48:00,15.9,66,55,2020-03-29T13:25:00,1.7,290,7.5,280,2020-03-29T14:43:00,0.0,0.0,2020-03-29T00:00:00,0.0,2020-03-29T00:00:00,10.4,23.6,,-99.5,-99.5,-99.5,-99.5,-99.5,-99.5,,,,,,,,,17.9,2020-03-29T20:53:00,,,,13.4,2020-03-29T03:32:00,,,,,,,,,,,,,0.0,2020-03-29T00:00:00,,,,,,,,-99.5,,,74,2020-03-29T02:28:00,,,,,,,,,,,,,,,,,,,,,,,,,,,-99.5,,,,,7.3,-99.5,,,,,,,,,,,,,,,,,,,,,,,,,,,,,,,,,,,,,,,,,,,,,,,,,,,,,,,,,,,,,,,,,,,,,,,,,,,,,,,,,,,,280,,,4.5,2020-03-29T12:26:00,,,,,,,,,,,,,,,,,,,,,,,,,,,,,,,,,,,,,,,,,,,,,,,,,,,,,,,,,,,,,,,,,,,,,,,,,,,,,,
2020-03-30,1010.8,1012.8,1012.3,2020-03-30T09:42:00,1008.9,2020-03-30T15:03:00,25.4,29.8,2020-03-30T14:57:00,21.3,2020-03-30T05:56:00,17.8,64,43,2020-03-30T10:07:00,1.5,260,6.5,200,2020-03-30T11:14:00,0.0,0.0,2020-03-30T00:00:00,0.0,2020-03-30T00:00:00,10.4,22.55,,-99.5,-99.5,-99.5,-99.5,-99.5,-99.5,,,,,,,,,20.9,2020-03-30T17:40:00,,,,14.5,2020-03-30T10:07:00,,,,,,,,,,,,,0.0,2020-03-30T00:00:00,,,,,,,,-99.5,,,74,2020-03-30T06:01:00,,,,,,,,,,,,,,,,,,,,,,,,,,,-99.5,,,,,8.5,-99.5,,,,,,,,,,,,,,,,,,,,,,,,,,,,,,,,,,,,,,,,,,,,,,,,,,,,,,,,,,,,,,,,,,,,,,,,,,,,,,,,,,,,200,,,3.8,2020-03-30T11:33:00,,,,,,,,,,,,,,,,,,,,,,,,,,,,,,,,,,,,,,,,,,,,,,,,,,,,,,,,,,,,,,,,,,,,,,,,,,,,,,
2020-03-31,1010.7,1012.7,1012.8,2020-03-31T08:53:00,1008.9,2020-03-31T15:18:00,25.9,30.5,2020-03-31T11:04:00,22.4,2020-03-31T05:59:00,19.3,67,48,2020-03-31T11:12:00,1.5,300,6.3,280,2020-03-31T13:14:00,0.0,0.0,2020-03-31T00:00:00,0.0,2020-03-31T00:00:00,9.6,20.66,,-99.5,-99.5,-99.5,-99.5,-99.5,-99.5,,,,,,,,,20.8,2020-03-31T18:28:00,,,,18.0,2020-03-31T11:27:00,,,,,,,,,,,,,0.0,2020-03-31T00:00:00,,,,,,,,-99.5,,,79,2020-03-31T03:37:00,,,,,,,,,,,,,,,,,,,,,,,,,,,-99.5,,,,,8.1,-99.5,,,,,,,,,,,,,,,,,,,,,,,,,,,,,,,,,,,,,,,,,,,,,,,,,,,,,,,,,,,,,,,,,,,,,,,,,,,,,,,,,,,,280,,,4.1,2020-03-31T13:29:00,,,,,,,,,,,,,,,,,,,,,,,,,,,,,,,,,,,,,,,,,,,,,,,,,,,,,,,,,,,,,,,,,,,,,,,,,,,,,,
2020-04-01,1011.7,1013.7,1014.4,2020-04-01T21:50:00,1009.6,2020-04-01T02:41:00,26.1,31.3,2020-04-01T12:41:00,23.8,2020-04-01T22:26:00,19.0,65,47,2020-04-01T12:01:00,2.0,310,7.9,280,2020-04-01T17:33:00,0.0,0.0,2020-04-01T00:00:00,0.0,2020-04-01T00:00:00,9.2,15.48,,-99.5,-99.5,-99.5,-99.5,-99.5,-99.5,,,,,,,,,20.1,2020-04-01T00:57:00,,,,16.7,2020-04-01T22:08:00,,,,,,,,,,,,,0.0,2020-04-01T00:00:00,,,,,,,,-99.5,,,76,2020-04-01T01:59:00,,,,,,,,,,,,,,,,,,,,,,,,,,,-99.5,,,,,7.5,-99.5,,,,,,,,,,,,,,,,,,,,,,,,,,,,,,,,,,,,,,,,,,,,,,,,,,,,,,,,,,,,,,,,,,,,,,,,,,,,,,,,,,,,280,,,4.5,2020-04-01T17:29:00,,,,,,,,,,,,,,,,,,,,,,,,,,,,,,,,,,,,,,,,,,,,,,,,,,,,,,,,,,,,,,,,,,,,,,,,,,,,,,
2020-04-02,1014.9,1017.0,1017.9,2020-04-02T09:58:00,1012.4,2020-04-02T03:07:00,23.5,26.2,2020-04-02T15:56:00,21.0,2020-04-02T11:12:00,17.2,68,54,2020-04-02T15:59:00,1.3,320,6.3,350,2020-04-02T11:14:00,0.0,0.0,2020-04-02T00:00:00,0.0,2020-04-02T00:00:00,4.8,7.57,,-99.5,-99.5,-99.5,-99.5,-99.5,-99.5,,,,,,,,,18.3,2020-04-02T14:07:00,,,,15.6,2020-04-02T07:24:00,,,,,,,,,,,,,0.0,2020-04-02T00:00:00,,,,,,,,-99.5,,,81,2020-04-02T11:26:00,,,,,,,,,,,,,,,,,,,,,,,,,,,-99.5,,,,,5.2,-99.5,,,,,,,,,,,,,,,,,,,,,,,,,,,,,,,,,,,,,,,,,,,,,,,,,,,,,,,,,,,,,,,,,,,,,,,,,,,,,,,,,,,,180,,,3.6,2020-04-02T14:16:00,,,,,,,,,,,,,,,,,,,,,,,,,,,,,,,,,,,,,,,,,,,,,,,,,,,,,,,,,,,,,,,,,,,,,,,,,,,,,,
2020-04-03,1014.7,1016.7,1016.3,2020-04-03T07:30:00,1012.6,2020-04-03T15:40:00,24.1,26.8,2020-04-03T09:24:00,21.0,2020-04-03T06:08:00,17.9,68,56,2020-04-03T11:38:00,1.7,300,7.4,270,2020-04-03T15:30:00,0.0,0.0,2020-04-03T00:00:00,0.0,2020-04-03T00:00:00,9.6,20.81,,-99.5,-99.5,-99.5,-99.5,-99.5,-99.5,,,,,,,,,18.6,2020-04-03T14:29:00,,,,17.0,2020-04-03T11:00:00,,,,,,,,,,,,,0.0,2020-04-03T00:00:00,,,,,,,,-99.5,,,80,2020-04-03T06:02:00,,,,,,,,,,,,,,,,,,,,,,,,,,,-99.5,,,,,5.8,-99.5,,,,,,,,,,,,,,,,,,,,,,,,,,,,,,,,,,,,,,,,,,,,,,,,,,,,,,,,,,,,,,,,,,,,,,,,,,,,,,,,,,,,280,,,4.5,2020-04-03T15:31:00,,,,,,,,,,,,,,,,,,,,,,,,,,,,,,,,,,,,,,,,,,,,,,,,,,,,,,,,,,,,,,,,,,,,,,,,,,,,,,
2020-04-04,1014.4,1016.4,1016.5,2020-04-04T09:00:00,1012.6,2020-04-04T15:23:00,24.6,29.9,2020-04-04T14:47:00,21.0,2020-04-04T05:36:00,16.8,62,42,2020-04-04T14:56:00,1.6,300,8.6,280,2020-04-04T13:22:00,0.0,0.0,2020-04-04T00:00:00,0.0,2020-04-04T00:00:00,10.4,21.65,,-99.5,-99.5,-99.5,-99.5,-99.5,-99.5,,,,,,,,,18.8,2020-04-04T08:24:00,,,,14.9,2020-04-04T23:43:00,,,,,,,,,,,,,0.0,2020-04-04T00:00:00,,,,,,,,-99.5,,,80,2020-04-04T06:06:00,,,,,,,,,,,,,,,,,,,,,,,,,,,-99.5,,,,,8.9,-99.5,,,,,,,,,,,,,,,,,,,,,,,,,,,,,,,,,,,,,,,,,,,,,,,,,,,,,,,,,,,,,,,,,,,,,,,,,,,,,,,,,,,,280,,,5.6,2020-04-04T13:24:00,,,,,,,,,,,,,,,,,,,,,,,,,,,,,,,,,,,,,,,,,,,,,,,,,,,,,,,,,,,,,,,,,,,,,,,,,,,,,,
2020-04-05,1015.1,1017.1,1017.0,2020-04-05T10:06:00,1013.6,2020-04-05T15:23:00,23.0,26.8,2020-04-05T15:44:00,19.2,2020-04-05T02:57:00,15.6,63,48,2020-04-05T15:44:00,2.0,260,8.8,270,2020-04-05T13:40:00,0.0,0.0,2020-04-05T00:00:00,0.0,2020-04-05T00:00:00,9.7,18.49,,-99.5,-99.5,-99.5,-99.5,-99.5,-99.5,,,,,,,,,17.2,2020-04-05T20:14:00,,,,14.1,2020-04-05T02:44:00,,,,,,,,,,,,,0.0,2020-04-05T00:00:00,,,,,,,,-99.5,,,73,2020-04-05T03:15:00,,,,,,,,,,,,,,,,,,,,,,,,,,,-99.5,,,,,7.6,-99.5,,,,,,,,,,,,,,,,,,,,,,,,,,,,,,,,,,,,,,,,,,,,,,,,,,,,,,,,,,,,,,,,,,,,,,,,,,,,,,,,,,,,280,,,4.8,2020-04-05T13:42:00,,,,,,,,,,,,,,,,,,,,,,,,,,,,,,,,,,,,,,,,,,,,,,,,,,,,,,,,,,,,,,,,,,,,,,,,,,,,,,
2020-04-06,1013.3,1015.3,1015.7,2020-04-06T09:33:00,1010.6,2020-04-06T17:10:00,21.6,24.5,2020-04-06T15:28:00,19.6,2020-04-06T22:14:00,16.7,73,59,2020-04-06T00:01:00,1.0,10,5.9,350,2020-04-06T21:16:00,3.5,1.5,2020-04-06T21:42:00,2.0,2020-04-06T22:49:00,3.1,3.88,,-99.5,-99.5,-99.5,-99.5,-99.5,-99.5,,,,,,,,,18.0,2020-04-06T10:43:00,,,,14.4,2020-04-06T00:26:00,,,,,,,,,,,,,2.0,2020-04-06T22:49:00,,,,,,,,-99.5,,,85,2020-04-07T00:00:00,,,,,,,,,,,,,,,,,,,,,,,,,,,-99.5,,,,,4.9,-99.5,,,,,,,,,,,,,,,,,,,,,,,,,,,,,,,,,,,,,,,,,,,,,,,,,,,,,,,,,,,,,,,,,,,,,,,,,,,,,,,,,,,,340,,,2.4,2020-04-06T21:22:00,,,,,,,,,,,,,,,,,,,,,,,,,,,,,,,,,,,,,,,,,,,,,,,,,,,,,,,,,,,,,,,,,,,,,,,,,,,,,,
2020-04-07,1011.5,1013.5,1013.0,2020-04-07T22:25:00,1009.6,2020-04-07T16:32:00,22.3,26.6,2020-04-07T14:38:00,19.0,2020-04-07T03:15:00,16.5,70,54,2020-04-07T12:12:00,1.5,320,6.5,340,2020-04-07T07:55:00,22.0,3.0,2020-04-07T01:41:00,10.5,2020-04-07T00:51:00,9.2,17.2,,-99.5,-99.5,-99.5,-99.5,-99.5,-99.5,,,,,,,,,18.0,2020-04-07T16:58:00,,,,14.5,2020-04-08T00:00:00,,,,,,,,,,,,,10.5,2020-04-07T00:51:00,,,,,,,,-99.5,,,86,2020-04-07T02:11:00,,,,,,,,,,,,,,,,,,,,,,,,,,,-99.5,,,,,7.6,-99.5,,,,,,,,,,,,,,,,,,,,,,,,,,,,,,,,,,,,,,,,,,,,,,,,,,,,,,,,,,,,,,,,,,,,,,,,,,,,,,,,,,,,270,,,2.8,2020-04-07T14:20:00,,,,,,,,,,,,,,,,,,,,,,,,,,,,,,,,,,,,,,,,,,,,,,,,,,,,,,,,,,,,,,,,,,,,,,,,,,,,,,
2020-04-08,1012.7,1014.8,1014.9,2020-04-08T21:48:00,1010.8,2020-04-08T14:56:00,22.6,26.7,2020-04-08T10:26:00,18.1,2020-04-08T06:32:00,16.0,66,51,2020-04-08T10:22:00,1.4,300,6.7,280,2020-04-08T11:31:00,0.0,0.0,2020-04-08T00:00:00,0.0,2020-04-08T00:00:00,9.6,17.45,,-99.5,-99.5,-99.5,-99.5,-99.5,-99.5,,,,,,,,,17.5,2020-04-08T11:00:00,,,,14.2,2020-04-08T06:00:00,,,,,,,,,,,,,0.0,2020-04-08T00:00:00,,,,,,,,-99.5,,,79,2020-04-08T05:20:00,,,,,,,,,,,,,,,,,,,,,,,,,,,-99.5,,,,,8.6,-99.5,,,,,,,,,,,,,,,,,,,,,,,,,,,,,,,,,,,,,,,,,,,,,,,,,,,,,,,,,,,,,,,,,,,,,,,,,,,,,,,,,,,,280,,,4.1,2020-04-08T11:50:00,,,,,,,,,,,,,,,,,,,,,,,,,,,,,,,,,,,,,,,,,,,,,,,,,,,,,,,,,,,,,,,,,,,,,,,,,,,,,,
2020-04-09,1013.9,1015.9,1015.6,2020-04-09T23:04:00,1012.5,2020-04-09T03:35:00,24.2,28.3,2020-04-09T11:11:00,20.8,2020-04-09T05:39:00,16.8,64,45,2020-04-09T15:34:00,1.5,280,6.6,290,2020-04-09T11:39:00,0.0,0.0,2020-04-09T00:00:00,0.0,2020-04-09T00:00:00,10.5,23.15,,-99.5,-99.5,-99.5,-99.5,-99.5,-99.5,,,,,,,,,18.2,2020-04-09T23:00:00,,,,14.6,2020-04-09T15:34:00,,,,,,,,,,,,,0.0,2020-04-09T00:00:00,,,,,,,,-99.5,,,79,2020-04-09T06:19:00,,,,,,,,,,,,,,,,,,,,,,,,,,,-99.5,,,,,7.5,-99.5,,,,,,,,,,,,,,,,,,,,,,,,,,,,,,,,,,,,,,,,,,,,,,,,,,,,,,,,,,,,,,,,,,,,,,,,,,,,,,,,,,,,270,,,4.0,2020-04-09T12:58:00,,,,,,,,,,,,,,,,,,,,,,,,,,,,,,,,,,,,,,,,,,,,,,,,,,,,,,,,,,,,,,,,,,,,,,,,,,,,,,
2020-04-10,1015.5,1017.5,1017.2,2020-04-10T09:20:00,1013.7,2020-04-10T15:52:00,24.2,27.0,2020-04-10T14:14:00,21.1,2020-04-10T05:46:00,17.9,68,56,2020-04-10T14:18:00,1.7,300,8.4,280,2020-04-10T13:16:00,0.0,0.0,2020-04-10T00:00:00,0.0,2020-04-10T00:00:00,10.5,23.36,,-99.5,-99.5,-99.5,-99.5,-99.5,-99.5,,,,,,,,,18.8,2020-04-10T13:03:00,,,,16.7,2020-04-10T08:05:00,,,,,,,,,,,,,0.0,2020-04-10T00:00:00,,,,,,,,-99.5,,,81,2020-04-10T05:36:00,,,,,,,,,,,,,,,,,,,,,,,,,,,-99.5,,,,,5.9,-99.5,,,,,,,,,,,,,,,,,,,,,,,,,,,,,,,,,,,,,,,,,,,,,,,,,,,,,,,,,,,,,,,,,,,,,,,,,,,,,,,,,,,,280,,,5.0,2020-04-10T13:23:00,,,,,,,,,,,,,,,,,,,,,,,,,,,,,,,,,,,,,,,,,,,,,,,,,,,,,,,,,,,,,,,,,,,,,,,,,,,,,,
2020-04-11,1012.5,1014.5,1015.4,2020-04-11T00:01:00,1010.0,2020-04-11T16:26:00,24.2,27.5,2020-04-11T10:11:00,20.7,2020-04-11T06:28:00,17.7,67,48,2020-04-11T10:25:00,1.7,300,9.0,280,2020-04-11T12:34:00,0.0,0.0,2020-04-11T00:00:00,0.0,2020-04-11T00:00:00,9.7,19.42,,-99.5,-99.5,-99.5,-99.5,-99.5,-99.5,,,,,,,,,18.7,2020-04-11T14:47:00,,,,15.5,2020-04-11T10:26:00,,,,,,,,,,,,,0.0,2020-04-11T00:00:00,,,,,,,,-99.5,,,80,2020-04-11T03:37:00,,,,,,,,,,,,,,,,,,,,,,,,,,,-99.5,,,,,6.8,-99.5,,,,,,,,,,,,,,,,,,,,,,,,,,,,,,,,,,,,,,,,,,,,,,,,,,,,,,,,,,,,,,,,,,,,,,,,,,,,,,,,,,,,280,,,5.3,2020-04-11T12:42:00,,,,,,,,,,,,,,,,,,,,,,,,,,,,,,,,,,,,,,,,,,,,,,,,,,,,,,,,,,,,,,,,,,,,,,,,,,,,,,
2020-04-12,1011.7,1013.7,1015.4,2020-04-12T22:23:00,1009.2,2020-04-12T03:11:00,22.2,27.8,2020-04-12T15:21:00,17.2,2020-04-12T23:56:00,13.4,58,39,2020-04-12T15:08:00,2.1,330,8.8,340,2020-04-12T17:40:00,0.0,0.0,2020-04-12T00:00:00,0.0,2020-04-12T00:00:00,10.3,16.01,,-99.5,-99.5,-99.5,-99.5,-99.5,-99.5,,,,,,,,,17.5,2020-04-12T00:41:00,,,,7.1,2020-04-12T23:24:00,,,,,,,,,,,,,0.0,2020-04-12T00:00:00,,,,,,,,-99.5,,,77,2020-04-12T05:16:00,,,,,,,,,,,,,,,,,,,,,,,,,,,-99.5,,,,,10.6,-99.5,,,,,,,,,,,,,,,,,,,,,,,,,,,,,,,,,,,,,,,,,,,,,,,,,,,,,,,,,,,,,,,,,,,,,,,,,,,,,,,,,,,,340,,,3.5,2020-04-12T16:49:00,,,,,,,,,,,,,,,,,,,,,,,,,,,,,,,,,,,,,,,,,,,,,,,,,,,,,,,,,,,,,,,,,,,,,,,,,,,,,,
2020-04-13,1015.0,1017.0,1017.4,2020-04-13T22:10:00,1013.5,2020-04-13T02:19:00,20.4,24.4,2020-04-13T14:50:00,15.8,2020-04-13T04:43:00,7.8,44,39,2020-04-13T11:04:00,1.8,300,7.8,280,2020-04-13T12:59:00,0.0,0.0,2020-04-13T00:00:00,0.0,2020-04-13T00:00:00,10.8,27.2,,-99.5,-99.5,-99.5,-99.5,-99.5,-99.5,,,,,,,,,10.9,2020-04-13T19:26:00,,,,3.2,2020-04-13T05:29:00,,,,,,,,,,,,,0.0,2020-04-13T00:00:00,,,,,,,,-99.5,,,56,2020-04-13T23:18:00,,,,,,,,,,,,,,,,,,,,,,,,,,,-99.5,,,,,8.6,-99.5,,,,,,,,,,,,,,,,,,,,,,,,,,,,,,,,,,,,,,,,,,,,,,,,,,,,,,,,,,,,,,,,,,,,,,,,,,,,,,,,,,,,280,,,4.3,2020-04-13T13:18:00,,,,,,,,,,,,,,,,,,,,,,,,,,,,,,,,,,,,,,,,,,,,,,,,,,,,,,,,,,,,,,,,,,,,,,,,,,,,,,
2020-04-14,1014.8,1016.8,1016.5,2020-04-14T08:19:00,1012.8,2020-04-14T16:53:00,21.5,25.1,2020-04-14T10:21:00,16.6,2020-04-14T05:33:00,11.5,53,35,2020-04-14T10:23:00,1.7,300,7.7,280,2020-04-14T14:52:00,0.0,0.0,2020-04-14T00:00:00,0.0,2020-04-14T00:00:00,10.4,23.53,,-99.5,-99.5,-99.5,-99.5,-99.5,-99.5,,,,,,,,,14.2,2020-04-14T23:33:00,,,,8.8,2020-04-14T00:01:00,,,,,,,,,,,,,0.0,2020-04-14T00:00:00,,,,,,,,-99.5,,,71,2020-04-14T05:34:00,,,,,,,,,,,,,,,,,,,,,,,,,,,-99.5,,,,,8.5,-99.5,,,,,,,,,,,,,,,,,,,,,,,,,,,,,,,,,,,,,,,,,,,,,,,,,,,,,,,,,,,,,,,,,,,,,,,,,,,,,,,,,,,,280,,,4.3,2020-04-14T13:58:00,,,,,,,,,,,,,,,,,,,,,,,,,,,,,,,,,,,,,,,,,,,,,,,,,,,,,,,,,,,,,,,,,,,,,,,,,,,,,,
2020-04-15,1012.9,1014.9,1015.0,2020-04-15T07:56:00,1010.6,2020-04-15T15:44:00,23.2,28.5,2020-04-15T13:05:00,18.2,2020-04-15T05:13:00,12.8,54,31,2020-04-15T11:38:00,1.8,340,9.9,310,2020-04-15T14:56:00,0.0,0.0,2020-04-15T00:00:00,0.0,2020-04-15T00:00:00,10.6,25.61,,-99.5,-99.5,-99.5,-99.5,-99.5,-99.5,,,,,,,,,14.8,2020-04-15T21:04:00,,,,9.1,2020-04-15T11:19:00,,,,,,,,,,,,,0.0,2020-04-15T00:00:00,,,,,,,,-99.5,,,77,2020-04-15T06:14:00,,,,,,,,,,,,,,,,,,,,,,,,,,,-99.5,,,,,10.3,-99.5,,,,,,,,,,,,,,,,,,,,,,,,,,,,,,,,,,,,,,,,,,,,,,,,,,,,,,,,,,,,,,,,,,,,,,,,,,,,,,,,,,,,310,,,4.7,2020-04-15T15:51:00,,,,,,,,,,,,,,,,,,,,,,,,,,,,,,,,,,,,,,,,,,,,,,,,,,,,,,,,,,,,,,,,,,,,,,,,,,,,,,
2020-04-16,1013.0,1015.1,1014.5,2020-04-16T09:04:00,1011.5,2020-04-16T03:14:00,23.4,26.9,2020-04-16T14:11:00,18.4,2020-04-16T05:29:00,15.1,60,40,2020-04-16T09:03:00,1.7,290,7.9,250,2020-04-16T12:48:00,0.0,0.0,2020-04-16T00:00:00,0.0,2020-04-16T00:00:00,10.8,25.59,,-99.5,-99.5,-99.5,-99.5,-99.5,-99.5,,,,,,,,,17.8,2020-04-16T23:24:00,,,,11.3,2020-04-16T07:35:00,,,,,,,,,,,,,0.0,2020-04-16T00:00:00,,,,,,,,-99.5,,,74,2020-04-16T23:41:00,,,,,,,,,,,,,,,,,,,,,,,,,,,-99.5,,,,,8.5,-99.5,,,,,,,,,,,,,,,,,,,,,,,,,,,,,,,,,,,,,,,,,,,,,,,,,,,,,,,,,,,,,,,,,,,,,,,,,,,,,,,,,,,,280,,,4.9,2020-04-16T13:57:00,,,,,,,,,,,,,,,,,,,,,,,,,,,,,,,,,,,,,,,,,,,,,,,,,,,,,,,,,,,,,,,,,,,,,,,,,,,,,,
2020-04-17,1013.1,1015.1,1014.9,2020-04-17T08:20:00,1011.1,2020-04-17T15:59:00,25.0,30.6,2020-04-17T15:55:00,20.2,2020-04-17T04:38:00,17.0,62,39,2020-04-17T15:35:00,1.6,300,7.5,280,2020-04-17T16:44:00,0.0,0.0,2020-04-17T00:00:00,0.0,2020-04-17T00:00:00,10.9,26.05,,-99.5,-99.5,-99.5,-99.5,-99.5,-99.5,,,,,,,,,19.5,2020-04-17T22:04:00,,,,13.7,2020-04-17T10:23:00,,,,,,,,,,,,,0.0,2020-04-17T00:00:00,,,,,,,,-99.5,,,79,2020-04-17T04:42:00,,,,,,,,,,,,,,,,,,,,,,,,,,,-99.5,,,,,10.4,-99.5,,,,,,,,,,,,,,,,,,,,,,,,,,,,,,,,,,,,,,,,,,,,,,,,,,,,,,,,,,,,,,,,,,,,,,,,,,,,,,,,,,,,280,,,4.5,2020-04-17T17:17:00,,,,,,,,,,,,,,,,,,,,,,,,,,,,,,,,,,,,,,,,,,,,,,,,,,,,,,,,,,,,,,,,,,,,,,,,,,,,,,
2020-04-18,1012.3,1014.3,1014.3,2020-04-18T08:38:00,1010.0,2020-04-18T16:26:00,26.3,30.6,2020-04-18T10:36:00,21.5,2020-04-18T05:43:00,19.6,67,45,2020-04-18T10:36:00,2.1,200,8.9,200,2020-04-18T18:13:00,0.0,0.0,2020-04-18T00:00:00,0.0,2020-04-18T00:00:00,10.8,25.46,,-99.5,-99.5,-99.5,-99.5,-99.5,-99.5,,,,,,,,,22.3,2020-04-18T15:54:00,,,,16.6,2020-04-18T08:47:00,,,,,,,,,,,,,0.0,2020-04-18T00:00:00,,,,,,,,-99.5,,,77,2020-04-18T05:41:00,,,,,,,,,,,,,,,,,,,,,,,,,,,-99.5,,,,,9.1,-99.5,,,,,,,,,,,,,,,,,,,,,,,,,,,,,,,,,,,,,,,,,,,,,,,,,,,,,,,,,,,,,,,,,,,,,,,,,,,,,,,,,,,,210,,,5.0,2020-04-18T15:03:00,,,,,,,,,,,,,,,,,,,,,,,,,,,,,,,,,,,,,,,,,,,,,,,,,,,,,,,,,,,,,,,,,,,,,,,,,,,,,,
2020-04-19,1010.8,1012.8,1012.6,2020-04-19T08:04:00,1009.3,2020-04-19T16:00:00,27.0,30.4,2020-04-19T13:57:00,23.7,2020-04-19T05:16:00,21.8,73,60,2020-04-19T07:45:00,1.8,210,7.6,170,2020-04-19T10:24:00,0.0,0.0,2020-04-19T00:00:00,0.0,2020-04-19T00:00:00,11.0,19.95,,-99.5,-99.5,-99.5,-99.5,-99.5,-99.5,,,,,,,,,23.4,2020-04-19T15:35:00,,,,18.3,2020-04-19T07:07:00,,,,,,,,,,,,,0.0,2020-04-19T00:00:00,,,,,,,,-99.5,,,80,2020-04-19T23:13:00,,,,,,,,,,,,,,,,,,,,,,,,,,,-99.5,,,,,6.7,-99.5,,,,,,,,,,,,,,,,,,,,,,,,,,,,,,,,,,,,,,,,,,,,,,,,,,,,,,,,,,,,,,,,,,,,,,,,,,,,,,,,,,,,180,,,4.6,2020-04-19T10:27:00,,,,,,,,,,,,,,,,,,,,,,,,,,,,,,,,,,,,,,,,,,,,,,,,,,,,,,,,,,,,,,,,,,,,,,,,,,,,,,
2020-04-20,1011.2,1013.2,1013.4,2020-04-20T08:52:00,1009.7,2020-04-20T01:38:00,26.5,29.4,2020-04-20T10:00:00,22.8,2020-04-20T03:20:00,20.0,68,50,2020-04-20T10:00:00,1.8,280,8.0,280,2020-04-20T13:24:00,0.0,0.0,2020-04-20T00:00:00,0.0,2020-04-20T00:00:00,10.8,25.83,,-99.5,-99.5,-99.5,-99.5,-99.5,-99.5,,,,,,,,,21.9,2020-04-20T00:46:00,,,,18.0,2020-04-20T10:00:00,,,,,,,,,,,,,0.0,2020-04-20T00:00:00,,,,,,,,-99.5,,,84,2020-04-20T02:08:00,,,,,,,,,,,,,,,,,,,,,,,,,,,-99.5,,,,,6.6,-99.5,,,,,,,,,,,,,,,,,,,,,,,,,,,,,,,,,,,,,,,,,,,,,,,,,,,,,,,,,,,,,,,,,,,,,,,,,,,,,,,,,,,,280,,,4.9,2020-04-20T13:30:00,,,,,,,,,,,,,,,,,,,,,,,,,,,,,,,,,,,,,,,,,,,,,,,,,,,,,,,,,,,,,,,,,,,,,,,,,,,,,,
2020-04-21,1010.8,1012.8,1012.3,2020-04-21T22:19:00,1008.8,2020-04-21T15:24:00,26.4,29.5,2020-04-21T09:21:00,23.4,2020-04-21T05:35:00,19.9,67,52,2020-04-21T09:19:00,2.0,300,9.0,290,2020-04-21T14:16:00,0.0,0.0,2020-04-21T00:00:00,0.0,2020-04-21T00:00:00,10.6,21.97,,-99.5,-99.5,-99.5,-99.5,-99.5,-99.5,,,,,,,,,21.4,2020-04-21T13:48:00,,,,18.4,2020-04-21T05:58:00,,,,,,,,,,,,,0.0,2020-04-21T00:00:00,,,,,,,,-99.5,,,77,2020-04-21T02:49:00,,,,,,,,,,,,,,,,,,,,,,,,,,,-99.5,,,,,6.1,-99.5,,,,,,,,,,,,,,,,,,,,,,,,,,,,,,,,,,,,,,,,,,,,,,,,,,,,,,,,,,,,,,,,,,,,,,,,,,,,,,,,,,,,280,,,5.7,2020-04-21T14:17:00,,,,,,,,,,,,,,,,,,,,,,,,,,,,,,,,,,,,,,,,,,,,,,,,,,,,,,,,,,,,,,,,,,,,,,,,,,,,,,
2020-04-22,1011.7,1013.8,1013.9,2020-04-22T22:20:00,1009.6,2020-04-22T15:05:00,25.5,28.6,2020-04-22T11:16:00,22.5,2020-04-22T04:26:00,19.2,68,56,2020-04-22T13:08:00,1.8,300,7.7,280,2020-04-22T16:30:00,0.0,0.0,2020-04-22T00:00:00,0.0,2020-04-22T00:00:00,10.5,21.15,,-99.5,-99.5,-99.5,-99.5,-99.5,-99.5,,,,,,,,,20.5,2020-04-22T20:14:00,,,,17.9,2020-04-22T23:58:00,,,,,,,,,,,,,0.0,2020-04-22T00:00:00,,,,,,,,-99.5,,,80,2020-04-22T05:11:00,,,,,,,,,,,,,,,,,,,,,,,,,,,-99.5,,,,,6.1,-99.5,,,,,,,,,,,,,,,,,,,,,,,,,,,,,,,,,,,,,,,,,,,,,,,,,,,,,,,,,,,,,,,,,,,,,,,,,,,,,,,,,,,,280,,,4.6,2020-04-22T16:22:00,,,,,,,,,,,,,,,,,,,,,,,,,,,,,,,,,,,,,,,,,,,,,,,,,,,,,,,,,,,,,,,,,,,,,,,,,,,,,,
2020-04-23,1013.4,1015.4,1014.1,2020-04-23T02:22:00,1012.5,2020-04-23T16:31:00,24.7,27.5,2020-04-23T11:50:00,22.3,2020-04-24T00:00:00,17.7,65,56,2020-04-23T12:24:00,1.5,330,6.5,270,2020-04-23T13:09:00,0.0,0.0,2020-04-23T00:00:00,0.0,2020-04-23T00:00:00,6.0,7.39,,-99.5,-99.5,-99.5,-99.5,-99.5,-99.5,,,,,,,,,19.4,2020-04-23T18:35:00,,,,16.0,2020-04-23T02:21:00,,,,,,,,,,,,,0.0,2020-04-23T00:00:00,,,,,,,,-99.5,,,74,2020-04-23T04:05:00,,,,,,,,,,,,,,,,,,,,,,,,,,,-99.5,,,,,5.2,-99.5,,,,,,,,,,,,,,,,,,,,,,,,,,,,,,,,,,,,,,,,,,,,,,,,,,,,,,,,,,,,,,,,,,,,,,,,,,,,,,,,,,,,280,,,3.8,2020-04-23T13:14:00,,,,,,,,,,,,,,,,,,,,,,,,,,,,,,,,,,,,,,,,,,,,,,,,,,,,,,,,,,,,,,,,,,,,,,,,,,,,,,
2020-04-24,1014.6,1016.6,1016.2,2020-04-24T21:34:00,1013.1,2020-04-24T03:04:00,23.1,26.3,2020-04-24T10:09:00,20.4,2020-04-24T04:51:00,16.3,65,55,2020-04-24T10:09:00,1.1,350,5.5,340,2020-04-24T14:42:00,0.0,0.0,2020-04-24T00:00:00,0.0,2020-04-24T00:00:00,7.8,9.49,,-99.5,-99.5,-99.5,-99.5,-99.5,-99.5,,,,,,,,,17.3,2020-04-24T12:26:00,,,,15.3,2020-04-24T04:17:00,,,,,,,,,,,,,0.0,2020-04-24T00:00:00,,,,,,,,-99.5,,,73,2020-04-24T06:37:00,,,,,,,,,,,,,,,,,,,,,,,,,,,-99.5,,,,,5.9,-99.5,,,,,,,,,,,,,,,,,,,,,,,,,,,,,,,,,,,,,,,,,,,,,,,,,,,,,,,,,,,,,,,,,,,,,,,,,,,,,,,,,,,,280,,,2.7,2020-04-24T10:45:00,,,,,,,,,,,,,,,,,,,,,,,,,,,,,,,,,,,,,,,,,,,,,,,,,,,,,,,,,,,,,,,,,,,,,,,,,,,,,,
2020-04-25,1014.2,1016.2,1015.8,2020-04-25T09:39:00,1012.3,2020-04-25T16:17:00,24.4,28.1,2020-04-25T10:42:00,21.3,2020-04-25T03:24:00,17.1,64,49,2020-04-25T10:43:00,1.7,310,7.1,280,2020-04-25T14:14:00,0.0,0.0,2020-04-25T00:00:00,0.0,2020-04-25T00:00:00,10.5,21.2,,-99.5,-99.5,-99.5,-99.5,-99.5,-99.5,,,,,,,,,18.1,2020-04-25T17:08:00,,,,16.1,2020-04-25T02:26:00,,,,,,,,,,,,,0.0,2020-04-25T00:00:00,,,,,,,,-99.5,,,77,2020-04-25T04:41:00,,,,,,,,,,,,,,,,,,,,,,,,,,,-99.5,,,,,6.9,-99.5,,,,,,,,,,,,,,,,,,,,,,,,,,,,,,,,,,,,,,,,,,,,,,,,,,,,,,,,,,,,,,,,,,,,,,,,,,,,,,,,,,,,270,,,4.2,2020-04-25T14:04:00,,,,,,,,,,,,,,,,,,,,,,,,,,,,,,,,,,,,,,,,,,,,,,,,,,,,,,,,,,,,,,,,,,,,,,,,,,,,,,
2020-04-26,1012.9,1015.0,1014.8,2020-04-26T08:29:00,1010.6,2020-04-26T14:26:00,26.8,32.7,2020-04-26T14:05:00,22.5,2020-04-26T05:37:00,17.4,57,36,2020-04-26T13:08:00,1.3,340,7.9,320,2020-04-26T15:12:00,0.0,0.0,2020-04-26T00:00:00,0.0,2020-04-26T00:00:00,10.3,23.12,,-99.5,-99.5,-99.5,-99.5,-99.5,-99.5,,,,,,,,,18.5,2020-04-26T23:46:00,,,,15.4,2020-04-26T11:08:00,,,,,,,,,,,,,0.0,2020-04-26T00:00:00,,,,,,,,-99.5,,,76,2020-04-26T06:16:00,,,,,,,,,,,,,,,,,,,,,,,,,,,-99.5,,,,,10.2,-99.5,,,,,,,,,,,,,,,,,,,,,,,,,,,,,,,,,,,,,,,,,,,,,,,,,,,,,,,,,,,,,,,,,,,,,,,,,,,,,,,,,,,,310,,,4.0,2020-04-26T15:14:00,,,,,,,,,,,,,,,,,,,,,,,,,,,,,,,,,,,,,,,,,,,,,,,,,,,,,,,,,,,,,,,,,,,,,,,,,,,,,,
2020-04-27,1013.4,1015.4,1014.9,2020-04-27T21:58:00,1012.1,2020-04-27T02:34:00,26.4,28.5,2020-04-27T11:32:00,24.0,2020-04-27T05:52:00,18.6,62,52,2020-04-27T14:25:00,1.7,280,7.3,280,2020-04-27T13:04:00,0.0,0.0,2020-04-27T00:00:00,0.0,2020-04-27T00:00:00,10.3,23.29,,-99.5,-99.5,-99.5,-99.5,-99.5,-99.5,,,,,,,,,20.1,2020-04-27T23:52:00,,,,17.5,2020-04-27T14:29:00,,,,,,,,,,,,,0.0,2020-04-27T00:00:00,,,,,,,,-99.5,,,71,2020-04-27T23:59:00,,,,,,,,,,,,,,,,,,,,,,,,,,,-99.5,,,,,4.5,-99.5,,,,,,,,,,,,,,,,,,,,,,,,,,,,,,,,,,,,,,,,,,,,,,,,,,,,,,,,,,,,,,,,,,,,,,,,,,,,,,,,,,,,280,,,4.3,2020-04-27T12:26:00,,,,,,,,,,,,,,,,,,,,,,,,,,,,,,,,,,,,,,,,,,,,,,,,,,,,,,,,,,,,,,,,,,,,,,,,,,,,,,
2020-04-28,1013.9,1015.9,1015.2,2020-04-28T09:49:00,1012.5,2020-04-28T16:07:00,26.3,28.6,2020-04-28T11:12:00,24.2,2020-04-28T23:27:00,17.9,60,44,2020-04-28T21:13:00,2.0,270,8.4,280,2020-04-28T11:52:00,0.0,0.0,2020-04-28T00:00:00,0.0,2020-04-28T00:00:00,10.8,18.57,,-99.5,-99.5,-99.5,-99.5,-99.5,-99.5,,,,,,,,,20.0,2020-04-28T00:01:00,,,,12.9,2020-04-28T21:56:00,,,,,,,,,,,,,0.0,2020-04-28T00:00:00,,,,,,,,-99.5,,,72,2020-04-28T01:50:00,,,,,,,,,,,,,,,,,,,,,,,,,,,-99.5,,,,,4.4,-99.5,,,,,,,,,,,,,,,,,,,,,,,,,,,,,,,,,,,,,,,,,,,,,,,,,,,,,,,,,,,,,,,,,,,,,,,,,,,,,,,,,,,,280,,,5.1,2020-04-28T12:29:00,,,,,,,,,,,,,,,,,,,,,,,,,,,,,,,,,,,,,,,,,,,,,,,,,,,,,,,,,,,,,,,,,,,,,,,,,,,,,,
2020-04-29,1014.0,1016.0,1015.3,2020-04-29T07:59:00,1012.7,2020-04-29T15:19:00,25.9,29.0,2020-04-29T09:16:00,22.8,2020-04-29T04:44:00,18.6,64,48,2020-04-29T09:17:00,1.9,290,8.1,280,2020-04-29T12:57:00,0.0,0.0,2020-04-29T00:00:00,0.0,2020-04-29T00:00:00,10.3,25.16,,-99.5,-99.5,-99.5,-99.5,-99.5,-99.5,,,,,,,,,20.2,2020-04-29T21:21:00,,,,16.1,2020-04-29T00:02:00,,,,,,,,,,,,,0.0,2020-04-29T00:00:00,,,,,,,,-99.5,,,74,2020-04-30T00:00:00,,,,,,,,,,,,,,,,,,,,,,,,,,,-99.5,,,,,6.2,-99.5,,,,,,,,,,,,,,,,,,,,,,,,,,,,,,,,,,,,,,,,,,,,,,,,,,,,,,,,,,,,,,,,,,,,,,,,,,,,,,,,,,,,280,,,4.7,2020-04-29T13:52:00,,,,,,,,,,,,,,,,,,,,,,,,,,,,,,,,,,,,,,,,,,,,,,,,,,,,,,,,,,,,,,,,,,,,,,,,,,,,,,
2020-04-30,1013.1,1015.1,1014.8,2020-04-30T08:56:00,1011.2,2020-04-30T16:17:00,26.7,29.8,2020-04-30T13:32:00,23.1,2020-04-30T04:13:00,18.5,61,45,2020-04-30T13:45:00,1.7,270,7.6,250,2020-04-30T11:57:00,0.0,0.0,2020-04-30T00:00:00,0.0,2020-04-30T00:00:00,10.9,24.88,,-99.5,-99.5,-99.5,-99.5,-99.5,-99.5,,,,,,,,,20.2,2020-04-30T00:43:00,,,,16.2,2020-04-30T18:01:00,,,,,,,,,,,,,0.0,2020-04-30T00:00:00,,,,,,,,-99.5,,,78,2020-04-30T04:01:00,,,,,,,,,,,,,,,,,,,,,,,,,,,-99.5,,,,,6.7,-99.5,,,,,,,,,,,,,,,,,,,,,,,,,,,,,,,,,,,,,,,,,,,,,,,,,,,,,,,,,,,,,,,,,,,,,,,,,,,,,,,,,,,,280,,,4.5,2020-04-30T12:32:00,,,,,,,,,,,,,,,,,,,,,,,,,,,,,,,,,,,,,,,,,,,,,,,,,,,,,,,,,,,,,,,,,,,,,,,,,,,,,,
2020-05-01,1010.4,1012.4,1012.6,2020-05-01T08:35:00,1008.4,2020-05-01T15:13:00,27.6,31.3,2020-05-01T14:21:00,23.7,2020-05-01T03:29:00,18.9,60,43,2020-05-01T09:49:00,1.9,270,8.1,280,2020-05-01T14:02:00,0.0,0.0,2020-05-01T00:00:00,0.0,2020-05-01T00:00:00,10.4,23.8,,-99.5,-99.5,-99.5,-99.5,-99.5,-99.5,,,,,,,,,21.6,2020-05-01T18:50:00,,,,15.8,2020-05-01T08:42:00,,,,,,,,,,,,,0.0,2020-05-01T00:00:00,,,,,,,,-99.5,,,75,2020-05-01T03:16:00,,,,,,,,,,,,,,,,,,,,,,,,,,,-99.5,,,,,7.6,-99.5,,,,,,,,,,,,,,,,,,,,,,,,,,,,,,,,,,,,,,,,,,,,,,,,,,,,,,,,,,,,,,,,,,,,,,,,,,,,,,,,,,,,280,,,4.9,2020-05-01T13:11:00,,,,,,,,,,,,,,,,,,,,,,,,,,,,,,,,,,,,,,,,,,,,,,,,,,,,,,,,,,,,,,,,,,,,,,,,,,,,,,
2020-05-02,1008.1,1010.1,1010.2,2020-05-02T09:06:00,1006.3,2020-05-02T16:38:00,28.1,30.4,2020-05-02T08:02:00,25.0,2020-05-02T05:25:00,21.6,67,53,2020-05-02T09:30:00,1.9,210,8.3,180,2020-05-02T12:26:00,0.0,0.0,2020-05-02T00:00:00,0.0,2020-05-02T00:00:00,11.5,27.25,,-99.5,-99.5,-99.5,-99.5,-99.5,-99.5,,,,,,,,,23.3,2020-05-02T17:29:00,,,,19.5,2020-05-02T08:24:00,,,,,,,,,,,,,0.0,2020-05-02T00:00:00,,,,,,,,-99.5,,,77,2020-05-03T00:00:00,,,,,,,,,,,,,,,,,,,,,,,,,,,-99.5,,,,,5.4,-99.5,,,,,,,,,,,,,,,,,,,,,,,,,,,,,,,,,,,,,,,,,,,,,,,,,,,,,,,,,,,,,,,,,,,,,,,,,,,,,,,,,,,,210,,,4.8,2020-05-02T12:26:00,,,,,,,,,,,,,,,,,,,,,,,,,,,,,,,,,,,,,,,,,,,,,,,,,,,,,,,,,,,,,,,,,,,,,,,,,,,,,,
2020-05-03,1007.4,1009.4,1009.0,2020-05-03T21:54:00,1005.8,2020-05-03T15:50:00,27.3,30.0,2020-05-03T14:25:00,23.9,2020-05-03T04:43:00,21.0,68,58,2020-05-03T15:08:00,2.5,280,10.8,270,2020-05-03T15:25:00,0.0,0.0,2020-05-03T00:00:00,0.0,2020-05-03T00:00:00,10.6,26.29,,-99.5,-99.5,-99.5,-99.5,-99.5,-99.5,,,,,,,,,22.1,2020-05-03T00:04:00,,,,18.5,2020-05-03T06:40:00,,,,,,,,,,,,,0.0,2020-05-03T00:00:00,,,,,,,,-99.5,,,77,2020-05-03T00:04:00,,,,,,,,,,,,,,,,,,,,,,,,,,,-99.5,,,,,6.1,-99.5,,,,,,,,,,,,,,,,,,,,,,,,,,,,,,,,,,,,,,,,,,,,,,,,,,,,,,,,,,,,,,,,,,,,,,,,,,,,,,,,,,,,280,,,6.0,2020-05-03T13:38:00,,,,,,,,,,,,,,,,,,,,,,,,,,,,,,,,,,,,,,,,,,,,,,,,,,,,,,,,,,,,,,,,,,,,,,,,,,,,,,
2020-05-04,1008.7,1010.7,1009.9,2020-05-04T08:34:00,1007.5,2020-05-04T03:00:00,28.1,31.0,2020-05-04T09:33:00,25.8,2020-05-04T05:54:00,21.6,68,53,2020-05-04T09:33:00,1.9,280,8.7,270,2020-05-04T12:17:00,0.0,0.0,2020-05-04T00:00:00,0.0,2020-05-04T00:00:00,11.0,26.37,,-99.5,-99.5,-99.5,-99.5,-99.5,-99.5,,,,,,,,,22.5,2020-05-04T21:51:00,,,,19.9,2020-05-04T11:28:00,,,,,,,,,,,,,0.0,2020-05-04T00:00:00,,,,,,,,-99.5,,,77,2020-05-04T05:47:00,,,,,,,,,,,,,,,,,,,,,,,,,,,-99.5,,,,,5.2,-99.5,,,,,,,,,,,,,,,,,,,,,,,,,,,,,,,,,,,,,,,,,,,,,,,,,,,,,,,,,,,,,,,,,,,,,,,,,,,,,,,,,,,,280,,,4.9,2020-05-04T13:20:00,,,,,,,,,,,,,,,,,,,,,,,,,,,,,,,,,,,,,,,,,,,,,,,,,,,,,,,,,,,,,,,,,,,,,,,,,,,,,,
2020-05-05,1008.0,1010.0,1009.2,2020-05-05T08:48:00,1006.4,2020-05-05T17:18:00,27.9,30.3,2020-05-05T12:45:00,25.1,2020-05-05T05:20:00,21.6,68,57,2020-05-05T15:11:00,1.9,260,7.1,220,2020-05-05T11:07:00,0.0,0.0,2020-05-05T00:00:00,0.0,2020-05-05T00:00:00,11.1,26.54,,-99.5,-99.5,-99.5,-99.5,-99.5,-99.5,,,,,,,,,22.8,2020-05-05T16:24:00,,,,20.0,2020-05-05T06:36:00,,,,,,,,,,,,,0.0,2020-05-05T00:00:00,,,,,,,,-99.5,,,80,2020-05-05T04:01:00,,,,,,,,,,,,,,,,,,,,,,,,,,,-99.5,,,,,5.2,-99.5,,,,,,,,,,,,,,,,,,,,,,,,,,,,,,,,,,,,,,,,,,,,,,,,,,,,,,,,,,,,,,,,,,,,,,,,,,,,,,,,,,,,280,,,4.3,2020-05-05T13:38:00,,,,,,,,,,,,,,,,,,,,,,,,,,,,,,,,,,,,,,,,,,,,,,,,,,,,,,,,,,,,,,,,,,,,,,,,,,,,,,
2020-05-06,1007.7,1009.7,1009.5,2020-05-06T21:14:00,1006.1,2020-05-06T03:13:00,28.8,33.4,2020-05-06T11:29:00,25.9,2020-05-06T04:40:00,21.8,66,47,2020-05-06T11:06:00,2.4,290,10.4,280,2020-05-06T13:47:00,0.0,0.0,2020-05-06T00:00:00,0.0,2020-05-06T00:00:00,10.4,26.27,,-99.5,-99.5,-99.5,-99.5,-99.5,-99.5,,,,,,,,,23.4,2020-05-06T23:55:00,,,,19.9,2020-05-06T11:06:00,,,,,,,,,,,,,0.0,2020-05-06T00:00:00,,,,,,,,-99.5,,,79,2020-05-06T23:59:00,,,,,,,,,,,,,,,,,,,,,,,,,,,-99.5,,,,,7.5,-99.5,,,,,,,,,,,,,,,,,,,,,,,,,,,,,,,,,,,,,,,,,,,,,,,,,,,,,,,,,,,,,,,,,,,,,,,,,,,,,,,,,,,,280,,,6.7,2020-05-06T13:27:00,,,,,,,,,,,,,,,,,,,,,,,,,,,,,,,,,,,,,,,,,,,,,,,,,,,,,,,,,,,,,,,,,,,,,,,,,,,,,,
2020-05-07,1007.6,1009.6,1008.7,2020-05-07T22:05:00,1006.7,2020-05-07T16:32:00,29.7,31.5,2020-05-07T15:26:00,28.2,2020-05-07T23:59:00,22.1,63,56,2020-05-07T15:32:00,1.9,280,7.6,280,2020-05-07T16:59:00,0.0,0.0,2020-05-07T00:00:00,0.0,2020-05-07T00:00:00,2.2,3.03,,-99.5,-99.5,-99.5,-99.5,-99.5,-99.5,,,,,,,,,23.1,2020-05-07T21:10:00,,,,21.2,2020-05-07T22:12:00,,,,,,,,,,,,,0.0,2020-05-07T00:00:00,,,,,,,,-99.5,,,70,2020-05-07T21:10:00,,,,,,,,,,,,,,,,,,,,,,,,,,,-99.5,,,,,3.2,-99.5,,,,,,,,,,,,,,,,,,,,,,,,,,,,,,,,,,,,,,,,,,,,,,,,,,,,,,,,,,,,,,,,,,,,,,,,,,,,,,,,,,,,280,,,4.7,2020-05-07T16:46:00,,,,,,,,,,,,,,,,,,,,,,,,,,,,,,,,,,,,,,,,,,,,,,,,,,,,,,,,,,,,,,,,,,,,,,,,,,,,,,
2020-05-08,1008.3,1010.3,1009.7,2020-05-08T08:54:00,1006.8,2020-05-08T03:01:00,28.9,31.5,2020-05-08T11:07:00,25.8,2020-05-08T05:59:00,22.9,70,56,2020-05-08T15:09:00,1.9,250,8.1,280,2020-05-08T12:05:00,0.0,0.0,2020-05-08T00:00:00,0.0,2020-05-08T00:00:00,10.8,23.72,,-99.5,-99.5,-99.5,-99.5,-99.5,-99.5,,,,,,,,,24.1,2020-05-08T18:18:00,,,,20.8,2020-05-08T05:58:00,,,,,,,,,,,,,0.0,2020-05-08T00:00:00,,,,,,,,-99.5,,,80,2020-05-08T03:30:00,,,,,,,,,,,,,,,,,,,,,,,,,,,-99.5,,,,,5.7,-99.5,,,,,,,,,,,,,,,,,,,,,,,,,,,,,,,,,,,,,,,,,,,,,,,,,,,,,,,,,,,,,,,,,,,,,,,,,,,,,,,,,,,,280,,,5.0,2020-05-08T11:54:00,,,,,,,,,,,,,,,,,,,,,,,,,,,,,,,,,,,,,,,,,,,,,,,,,,,,,,,,,,,,,,,,,,,,,,,,,,,,,,
2020-05-09,1007.8,1009.8,1009.0,2020-05-09T09:45:00,1006.6,2020-05-09T15:16:00,29.0,31.4,2020-05-09T08:46:00,26.1,2020-05-09T05:41:00,22.8,69,54,2020-05-09T08:46:00,2.5,290,11.2,280,2020-05-09T12:22:00,0.0,0.0,2020-05-09T00:00:00,0.0,2020-05-09T00:00:00,11.4,24.11,,-99.5,-99.5,-99.5,-99.5,-99.5,-99.5,,,,,,,,,23.9,2020-05-09T19:45:00,,,,21.0,2020-05-09T07:56:00,,,,,,,,,,,,,0.0,2020-05-09T00:00:00,,,,,,,,-99.5,,,81,2020-05-09T02:47:00,,,,,,,,,,,,,,,,,,,,,,,,,,,-99.5,,,,,5.3,-99.5,,,,,,,,,,,,,,,,,,,,,,,,,,,,,,,,,,,,,,,,,,,,,,,,,,,,,,,,,,,,,,,,,,,,,,,,,,,,,,,,,,,,280,,,7.6,2020-05-09T13:22:00,,,,,,,,,,,,,,,,,,,,,,,,,,,,,,,,,,,,,,,,,,,,,,,,,,,,,,,,,,,,,,,,,,,,,,,,,,,,,,
2020-05-10,1008.0,1010.0,1009.1,2020-05-10T08:21:00,1006.1,2020-05-10T15:20:00,29.0,31.8,2020-05-10T09:31:00,26.8,2020-05-10T05:33:00,23.2,71,53,2020-05-10T09:37:00,2.4,290,11.4,280,2020-05-10T12:10:00,0.0,0.0,2020-05-10T00:00:00,0.0,2020-05-10T00:00:00,10.7,23.37,,-99.5,-99.5,-99.5,-99.5,-99.5,-99.5,,,,,,,,,24.0,2020-05-10T23:56:00,,,,20.8,2020-05-10T09:37:00,,,,,,,,,,,,,0.0,2020-05-10T00:00:00,,,,,,,,-99.5,,,81,2020-05-10T04:44:00,,,,,,,,,,,,,,,,,,,,,,,,,,,-99.5,,,,,5.0,-99.5,,,,,,,,,,,,,,,,,,,,,,,,,,,,,,,,,,,,,,,,,,,,,,,,,,,,,,,,,,,,,,,,,,,,,,,,,,,,,,,,,,,,280,,,6.4,2020-05-10T13:09:00,,,,,,,,,,,,,,,,,,,,,,,,,,,,,,,,,,,,,,,,,,,,,,,,,,,,,,,,,,,,,,,,,,,,,,,,,,,,,,
2020-05-11,1007.8,1009.8,1009.7,2020-05-11T09:14:00,1005.6,2020-05-11T16:18:00,29.2,32.5,2020-05-11T15:03:00,27.1,2020-05-11T04:26:00,23.6,72,54,2020-05-11T15:57:00,2.3,270,8.0,270,2020-05-11T12:59:00,0.5,0.5,2020-05-11T09:39:00,0.5,2020-05-11T08:49:00,10.2,22.98,,-99.5,-99.5,-99.5,-99.5,-99.5,-99.5,,,,,,,,,25.5,2020-05-11T09:46:00,,,,21.6,2020-05-11T14:45:00,,,,,,,,,,,,,0.5,2020-05-11T08:49:00,,,,,,,,-99.5,,,83,2020-05-11T04:29:00,,,,,,,,,,,,,,,,,,,,,,,,,,,-99.5,,,,,5.4,-99.5,,,,,,,,,,,,,,,,,,,,,,,,,,,,,,,,,,,,,,,,,,,,,,,,,,,,,,,,,,,,,,,,,,,,,,,,,,,,,,,,,,,,280,,,5.6,2020-05-11T12:35:00,,,,,,,,,,,,,,,,,,,,,,,,,,,,,,,,,,,,,,,,,,,,,,,,,,,,,,,,,,,,,,,,,,,,,,,,,,,,,,
2020-05-12,1008.1,1010.1,1010.0,2020-05-12T22:36:00,1006.2,2020-05-12T16:24:00,28.8,32.8,2020-05-12T12:59:00,26.8,2020-05-12T04:10:00,22.4,69,50,2020-05-12T13:04:00,1.8,310,10.7,280,2020-05-12T08:54:00,0.0,0.0,2020-05-12T00:00:00,0.0,2020-05-12T00:00:00,11.0,19.26,,-99.5,-99.5,-99.5,-99.5,-99.5,-99.5,,,,,,,,,24.4,2020-05-12T07:06:00,,,,20.7,2020-05-12T11:32:00,,,,,,,,,,,,,0.0,2020-05-12T00:00:00,,,,,,,,-99.5,,,84,2020-05-12T05:45:00,,,,,,,,,,,,,,,,,,,,,,,,,,,-99.5,,,,,6.0,-99.5,,,,,,,,,,,,,,,,,,,,,,,,,,,,,,,,,,,,,,,,,,,,,,,,,,,,,,,,,,,,,,,,,,,,,,,,,,,,,,,,,,,,280,,,5.7,2020-05-12T08:56:00,,,,,,,,,,,,,,,,,,,,,,,,,,,,,,,,,,,,,,,,,,,,,,,,,,,,,,,,,,,,,,,,,,,,,,,,,,,,,,
2020-05-13,1010.3,1012.3,1011.8,2020-05-13T21:47:00,1009.0,2020-05-13T01:34:00,28.1,30.5,2020-05-13T12:10:00,25.7,2020-05-13T04:59:00,21.7,68,56,2020-05-13T11:48:00,1.7,280,8.0,270,2020-05-13T14:41:00,0.0,0.0,2020-05-13T00:00:00,0.0,2020-05-13T00:00:00,10.7,23.95,,-99.5,-99.5,-99.5,-99.5,-99.5,-99.5,,,,,,,,,22.6,2020-05-13T07:02:00,,,,20.5,2020-05-13T11:48:00,,,,,,,,,,,,,0.0,2020-05-13T00:00:00,,,,,,,,-99.5,,,81,2020-05-13T04:37:00,,,,,,,,,,,,,,,,,,,,,,,,,,,-99.5,,,,,4.8,-99.5,,,,,,,,,,,,,,,,,,,,,,,,,,,,,,,,,,,,,,,,,,,,,,,,,,,,,,,,,,,,,,,,,,,,,,,,,,,,,,,,,,,,280,,,4.7,2020-05-13T14:36:00,,,,,,,,,,,,,,,,,,,,,,,,,,,,,,,,,,,,,,,,,,,,,,,,,,,,,,,,,,,,,,,,,,,,,,,,,,,,,,
2020-05-14,1009.8,1011.8,1011.5,2020-05-14T08:49:00,1008.0,2020-05-14T17:18:00,28.3,30.9,2020-05-14T09:24:00,25.3,2020-05-14T05:29:00,21.3,66,52,2020-05-14T09:23:00,1.9,280,8.1,280,2020-05-14T14:05:00,0.0,0.0,2020-05-14T00:00:00,0.0,2020-05-14T00:00:00,11.0,25.78,,-99.5,-99.5,-99.5,-99.5,-99.5,-99.5,,,,,,,,,22.4,2020-05-14T14:44:00,,,,19.9,2020-05-14T07:47:00,,,,,,,,,,,,,0.0,2020-05-14T00:00:00,,,,,,,,-99.5,,,80,2020-05-14T03:59:00,,,,,,,,,,,,,,,,,,,,,,,,,,,-99.5,,,,,5.6,-99.5,,,,,,,,,,,,,,,,,,,,,,,,,,,,,,,,,,,,,,,,,,,,,,,,,,,,,,,,,,,,,,,,,,,,,,,,,,,,,,,,,,,,280,,,5.0,2020-05-14T14:19:00,,,,,,,,,,,,,,,,,,,,,,,,,,,,,,,,,,,,,,,,,,,,,,,,,,,,,,,,,,,,,,,,,,,,,,,,,,,,,,
2020-05-15,1006.8,1008.8,1008.6,2020-05-15T00:01:00,1004.4,2020-05-15T15:40:00,29.5,33.2,2020-05-15T12:18:00,25.5,2020-05-15T04:45:00,21.8,64,51,2020-05-15T09:07:00,2.5,190,13.9,200,2020-05-15T12:57:00,0.0,0.0,2020-05-15T00:00:00,0.0,2020-05-15T00:00:00,11.5,28.38,,-99.5,-99.5,-99.5,-99.5,-99.5,-99.5,,,,,,,,,23.3,2020-05-15T18:39:00,,,,19.7,2020-05-15T09:08:00,,,,,,,,,,,,,0.0,2020-05-15T00:00:00,,,,,,,,-99.5,,,80,2020-05-15T04:32:00,,,,,,,,,,,,,,,,,,,,,,,,,,,-99.5,,,,,7.7,-99.5,,,,,,,,,,,,,,,,,,,,,,,,,,,,,,,,,,,,,,,,,,,,,,,,,,,,,,,,,,,,,,,,,,,,,,,,,,,,,,,,,,,,190,,,6.9,2020-05-15T13:09:00,,,,,,,,,,,,,,,,,,,,,,,,,,,,,,,,,,,,,,,,,,,,,,,,,,,,,,,,,,,,,,,,,,,,,,,,,,,,,,
2020-05-16,1005.8,1007.7,1007.9,2020-05-16T08:27:00,1004.1,2020-05-16T15:35:00,29.6,32.3,2020-05-16T08:41:00,26.2,2020-05-16T03:39:00,21.2,60,51,2020-05-16T13:15:00,2.8,180,12.8,190,2020-05-16T11:28:00,0.0,0.0,2020-05-16T00:00:00,0.0,2020-05-16T00:00:00,10.2,16.91,,-99.5,-99.5,-99.5,-99.5,-99.5,-99.5,,,,,,,,,22.6,2020-05-16T10:19:00,,,,19.8,2020-05-16T19:19:00,,,,,,,,,,,,,0.0,2020-05-16T00:00:00,,,,,,,,-99.5,,,73,2020-05-16T03:03:00,,,,,,,,,,,,,,,,,,,,,,,,,,,-99.5,,,,,6.1,-99.5,,,,,,,,,,,,,,,,,,,,,,,,,,,,,,,,,,,,,,,,,,,,,,,,,,,,,,,,,,,,,,,,,,,,,,,,,,,,,,,,,,,,180,,,7.4,2020-05-16T11:44:00,,,,,,,,,,,,,,,,,,,,,,,,,,,,,,,,,,,,,,,,,,,,,,,,,,,,,,,,,,,,,,,,,,,,,,,,,,,,,,
2020-05-17,1003.1,1005.1,1005.0,2020-05-17T00:01:00,1000.2,2020-05-17T16:20:00,29.1,33.3,2020-05-17T10:05:00,25.8,2020-05-17T06:11:00,21.5,63,45,2020-05-17T10:11:00,1.8,300,10.2,270,2020-05-17T12:13:00,0.0,0.0,2020-05-17T00:00:00,0.0,2020-05-17T00:00:00,9.9,21.25,,-99.5,-99.5,-99.5,-99.5,-99.5,-99.5,,,,,,,,,23.8,2020-05-17T15:58:00,,,,19.5,2020-05-17T04:09:00,,,,,,,,,,,,,0.0,2020-05-17T00:00:00,,,,,,,,-99.5,,,73,2020-05-17T23:58:00,,,,,,,,,,,,,,,,,,,,,,,,,,,-99.5,,,,,7.5,-99.5,,,,,,,,,,,,,,,,,,,,,,,,,,,,,,,,,,,,,,,,,,,,,,,,,,,,,,,,,,,,,,,,,,,,,,,,,,,,,,,,,,,,280,,,6.1,2020-05-17T14:11:00,,,,,,,,,,,,,,,,,,,,,,,,,,,,,,,,,,,,,,,,,,,,,,,,,,,,,,,,,,,,,,,,,,,,,,,,,,,,,,
2020-05-18,1003.7,1005.7,1005.5,2020-05-18T23:11:00,1001.9,2020-05-18T02:55:00,28.7,30.8,2020-05-18T13:30:00,26.4,2020-05-18T23:08:00,22.6,69,58,2020-05-18T17:34:00,2.2,290,9.7,270,2020-05-18T12:52:00,2.5,0.5,2020-05-18T02:50:00,1.0,2020-05-18T20:34:00,9.4,22.36,,-99.5,-99.5,-99.5,-99.5,-99.5,-99.5,,,,,,,,,23.4,2020-05-18T07:56:00,,,,21.0,2020-05-18T18:32:00,,,,,,,,,,,,,1.0,2020-05-18T20:34:00,,,,,,,,-99.5,,,80,2020-05-18T22:52:00,,,,,,,,,,,,,,,,,,,,,,,,,,,-99.5,,,,,4.4,-99.5,,,,,,,,,,,,,,,,,,,,,,,,,,,,,,,,,,,,,,,,,,,,,,,,,,,,,,,,,,,,,,,,,,,,,,,,,,,,,,,,,,,,280,,,5.8,2020-05-18T13:39:00,,,,,,,,,,,,,,,,,,,,,,,,,,,,,,,,,,,,,,,,,,,,,,,,,,,,,,,,,,,,,,,,,,,,,,,,,,,,,,
2020-05-19,1005.4,1007.4,1006.9,2020-05-19T23:38:00,1002.8,2020-05-19T04:49:00,26.1,30.0,2020-05-19T10:04:00,24.4,2020-05-19T14:29:00,21.1,74,56,2020-05-19T10:00:00,1.2,20,8.9,300,2020-05-19T12:37:00,6.5,3.5,2020-05-19T13:48:00,4.5,2020-05-19T13:00:00,4.6,5.62,,-99.5,-99.5,-99.5,-99.5,-99.5,-99.5,,,,,,,,,22.9,2020-05-19T02:56:00,,,,19.9,2020-05-19T12:10:00,,,,,,,,,,,,,4.5,2020-05-19T13:00:00,,,,,,,,-99.5,,,83,2020-05-19T14:10:00,,,,,,,,,,,,,,,,,,,,,,,,,,,-99.5,,,,,5.5,-99.5,,,,,,,,,,,,,,,,,,,,,,,,,,,,,,,,,,,,,,,,,,,,,,,,,,,,,,,,,,,,,,,,,,,,,,,,,,,,,,,,,,,,330,,,3.8,2020-05-19T12:46:00,,,,,,,,,,,,,,,,,,,,,,,,,,,,,,,,,,,,,,,,,,,,,,,,,,,,,,,,,,,,,,,,,,,,,,,,,,,,,,
2020-05-20,1006.9,1008.9,1009.1,2020-05-20T13:11:00,1005.6,2020-05-20T03:25:00,25.9,29.9,2020-05-20T09:55:00,22.5,2020-05-20T13:43:00,21.2,75,57,2020-05-20T10:05:00,1.5,120,9.2,210,2020-05-20T13:13:00,22.0,9.0,2020-05-20T13:10:00,19.5,2020-05-20T12:35:00,6.4,6.77,,-99.5,-99.5,-99.5,-99.5,-99.5,-99.5,,,,,,,,,22.1,2020-05-20T12:14:00,,,,19.6,2020-05-20T12:34:00,,,,,,,,,,,,,19.5,2020-05-20T12:35:00,,,,,,,,-99.5,,,86,2020-05-20T14:33:00,,,,,,,,,,,,,,,,,,,,,,,,,,,-99.5,,,,,7.4,-99.5,,,,,,,,,,,,,,,,,,,,,,,,,,,,,,,,,,,,,,,,,,,,,,,,,,,,,,,,,,,,,,,,,,,,,,,,,,,,,,,,,,,,210,,,4.1,2020-05-20T12:46:00,,,,,,,,,,,,,,,,,,,,,,,,,,,,,,,,,,,,,,,,,,,,,,,,,,,,,,,,,,,,,,,,,,,,,,,,,,,,,,
2020-05-21,1005.7,1007.7,1007.4,2020-05-21T11:11:00,1004.2,2020-05-21T23:57:00,25.1,26.0,2020-05-21T09:59:00,23.9,2020-05-21T13:33:00,22.4,85,74,2020-05-21T00:29:00,1.6,110,5.8,90,2020-05-21T14:15:00,89.0,10.0,2020-05-21T11:05:00,22.5,2020-05-21T10:28:00,1.4,2.65,,-99.5,-99.5,-99.5,-99.5,-99.5,-99.5,,,,,,,,,23.4,2020-05-21T09:59:00,,,,20.6,2020-05-21T00:01:00,,,,,,,,,,,,,22.5,2020-05-21T10:28:00,,,,,,,,-99.5,,,88,2020-05-21T16:16:00,,,,,,,,,,,,,,,,,,,,,,,,,,,-99.5,,,,,2.1,-99.5,,,,,,,,,,,,,,,,,,,,,,,,,,,,,,,,,,,,,,,,,,,,,,,,,,,,,,,,,,,,,,,,,,,,,,,,,,,,,,,,,,,,100,,,3.7,2020-05-21T14:17:00,,,,,,,,,,,,,,,,,,,,,,,,,,,,,,,,,,,,,,,,,,,,,,,,,,,,,,,,,,,,,,,,,,,,,,,,,,,,,,
2020-05-22,1003.0,1005.0,1005.2,2020-05-22T10:49:00,1001.5,2020-05-22T15:33:00,25.7,28.2,2020-05-22T15:52:00,24.1,2020-05-22T21:42:00,23.3,86,76,2020-05-22T05:17:00,2.5,240,13.6,220,2020-05-22T06:26:00,309.0,20.4,2020-05-22T13:08:00,46.6,2020-05-22T16:36:00,0.0,0.83,,-99.5,-99.5,-99.5,-99.5,-99.5,-99.5,,,,,,,,,25.6,2020-05-22T04:06:00,,,,20.7,2020-05-22T05:17:00,,,,,,,,,,,,,46.6,2020-05-22T16:36:00,,,,,,,,-99.5,,,90,2020-05-22T22:20:00,,,,,,,,,,,,,,,,,,,,,,,,,,,-99.5,,,,,4.1,-99.5,,,,,,,,,,,,,,,,,,,,,,,,,,,,,,,,,,,,,,,,,,,,,,,,,,,,,,,,,,,,,,,,,,,,,,,,,,,,,,,,,,,,280,,,5.2,2020-05-22T10:53:00,,,,,,,,,,,,,,,,,,,,,,,,,,,,,,,,,,,,,,,,,,,,,,,,,,,,,,,,,,,,,,,,,,,,,,,,,,,,,,
2020-05-23,1003.9,1005.9,1006.1,2020-05-23T22:06:00,1001.7,2020-05-23T02:34:00,26.7,29.6,2020-05-23T12:08:00,25.1,2020-05-23T00:01:00,23.3,81,65,2020-05-23T12:07:00,1.6,250,8.4,250,2020-05-23T01:49:00,8.5,2.0,2020-05-23T06:17:00,3.5,2020-05-23T05:23:00,8.0,9.74,,-99.5,-99.5,-99.5,-99.5,-99.5,-99.5,,,,,,,,,24.3,2020-05-23T01:13:00,,,,22.0,2020-05-23T22:32:00,,,,,,,,,,,,,3.5,2020-05-23T05:23:00,,,,,,,,-99.5,,,90,2020-05-23T00:35:00,,,,,,,,,,,,,,,,,,,,,,,,,,,-99.5,,,,,4.5,-99.5,,,,,,,,,,,,,,,,,,,,,,,,,,,,,,,,,,,,,,,,,,,,,,,,,,,,,,,,,,,,,,,,,,,,,,,,,,,,,,,,,,,,250,,,4.3,2020-05-23T01:49:00,,,,,,,,,,,,,,,,,,,,,,,,,,,,,,,,,,,,,,,,,,,,,,,,,,,,,,,,,,,,,,,,,,,,,,,,,,,,,,
2020-05-24,1007.0,1009.0,1009.1,2020-05-24T22:30:00,1005.0,2020-05-24T00:42:00,27.2,29.6,2020-05-24T14:06:00,24.9,2020-05-24T05:08:00,22.9,77,66,2020-05-24T11:19:00,1.8,200,6.6,200,2020-05-24T12:17:00,1.0,0.5,2020-05-24T03:36:00,1.0,2020-05-24T03:05:00,9.8,19.07,,-99.5,-99.5,-99.5,-99.5,-99.5,-99.5,,,,,,,,,23.6,2020-05-24T21:39:00,,,,22.0,2020-05-24T10:52:00,,,,,,,,,,,,,1.0,2020-05-24T03:05:00,,,,,,,,-99.5,,,88,2020-05-24T05:16:00,,,,,,,,,,,,,,,,,,,,,,,,,,,-99.5,,,,,4.7,-99.5,,,,,,,,,,,,,,,,,,,,,,,,,,,,,,,,,,,,,,,,,,,,,,,,,,,,,,,,,,,,,,,,,,,,,,,,,,,,,,,,,,,,220,,,3.8,2020-05-24T13:12:00,,,,,,,,,,,,,,,,,,,,,,,,,,,,,,,,,,,,,,,,,,,,,,,,,,,,,,,,,,,,,,,,,,,,,,,,,,,,,,
2020-05-25,1008.4,1010.4,1009.5,2020-05-25T09:29:00,1007.3,2020-05-25T14:59:00,28.3,30.7,2020-05-25T08:49:00,25.9,2020-05-25T03:57:00,22.6,71,59,2020-05-25T08:50:00,1.9,260,7.7,280,2020-05-25T15:44:00,0.0,0.0,2020-05-25T00:00:00,0.0,2020-05-25T00:00:00,9.9,22.61,,-99.5,-99.5,-99.5,-99.5,-99.5,-99.5,,,,,,,,,23.4,2020-05-25T12:33:00,,,,21.3,2020-05-25T15:09:00,,,,,,,,,,,,,0.0,2020-05-25T00:00:00,,,,,,,,-99.5,,,84,2020-05-25T05:51:00,,,,,,,,,,,,,,,,,,,,,,,,,,,-99.5,,,,,4.8,-99.5,,,,,,,,,,,,,,,,,,,,,,,,,,,,,,,,,,,,,,,,,,,,,,,,,,,,,,,,,,,,,,,,,,,,,,,,,,,,,,,,,,,,280,,,4.5,2020-05-25T15:38:00,,,,,,,,,,,,,,,,,,,,,,,,,,,,,,,,,,,,,,,,,,,,,,,,,,,,,,,,,,,,,,,,,,,,,,,,,,,,,,
2020-05-26,1007.9,1009.9,1009.3,2020-05-26T00:01:00,1006.4,2020-05-26T18:18:00,27.8,31.0,2020-05-26T15:02:00,24.7,2020-05-26T22:53:00,23.7,78,66,2020-05-26T15:02:00,1.8,250,7.7,260,2020-05-26T11:37:00,54.0,8.0,2020-05-26T02:55:00,14.5,2020-05-26T21:38:00,9.9,22.36,,-99.5,-99.5,-99.5,-99.5,-99.5,-99.5,,,,,,,,,25.2,2020-05-26T12:05:00,,,,21.8,2020-05-26T06:10:00,,,,,,,,,,,,,14.5,2020-05-26T21:38:00,,,,,,,,-99.5,,,88,2020-05-27T00:00:00,,,,,,,,,,,,,,,,,,,,,,,,,,,-99.5,,,,,6.3,-99.5,,,,,,,,,,,,,,,,,,,,,,,,,,,,,,,,,,,,,,,,,,,,,,,,,,,,,,,,,,,,,,,,,,,,,,,,,,,,,,,,,,,,280,,,4.4,2020-05-26T13:09:00,,,,,,,,,,,,,,,,,,,,,,,,,,,,,,,,,,,,,,,,,,,,,,,,,,,,,,,,,,,,,,,,,,,,,,,,,,,,,,
2020-05-27,1008.0,1010.0,1010.0,2020-05-27T09:05:00,1006.3,2020-05-27T03:06:00,25.5,28.5,2020-05-27T17:02:00,23.0,2020-05-27T09:21:00,22.5,83,68,2020-05-27T16:29:00,1.5,140,7.3,150,2020-05-27T09:19:00,163.5,11.0,2020-05-27T03:20:00,32.0,2020-05-27T03:13:00,3.7,4.9,,-99.5,-99.5,-99.5,-99.5,-99.5,-99.5,,,,,,,,,23.8,2020-05-27T23:20:00,,,,21.0,2020-05-27T08:38:00,,,,,,,,,,,,,32.0,2020-05-27T03:13:00,,,,,,,,-99.5,,,89,2020-05-27T06:05:00,,,,,,,,,,,,,,,,,,,,,,,,,,,-99.5,,,,,5.5,-99.5,,,,,,,,,,,,,,,,,,,,,,,,,,,,,,,,,,,,,,,,,,,,,,,,,,,,,,,,,,,,,,,,,,,,,,,,,,,,,,,,,,,,160,,,4.2,2020-05-27T09:23:00,,,,,,,,,,,,,,,,,,,,,,,,,,,,,,,,,,,,,,,,,,,,,,,,,,,,,,,,,,,,,,,,,,,,,,,,,,,,,,
2020-05-28,1009.2,1011.2,1011.0,2020-05-28T21:48:00,1007.8,2020-05-28T15:14:00,27.8,32.4,2020-05-28T11:35:00,24.6,2020-05-28T07:38:00,22.9,75,53,2020-05-28T11:42:00,1.5,250,10.1,190,2020-05-28T06:24:00,24.0,6.5,2020-05-28T07:27:00,18.0,2020-05-28T07:07:00,8.3,22.53,,-99.5,-99.5,-99.5,-99.5,-99.5,-99.5,,,,,,,,,24.3,2020-05-28T20:54:00,,,,20.7,2020-05-28T11:18:00,,,,,,,,,,,,,18.0,2020-05-28T07:07:00,,,,,,,,-99.5,,,89,2020-05-28T08:15:00,,,,,,,,,,,,,,,,,,,,,,,,,,,-99.5,,,,,7.8,-99.5,,,,,,,,,,,,,,,,,,,,,,,,,,,,,,,,,,,,,,,,,,,,,,,,,,,,,,,,,,,,,,,,,,,,,,,,,,,,,,,,,,,,180,,,4.8,2020-05-28T06:34:00,,,,,,,,,,,,,,,,,,,,,,,,,,,,,,,,,,,,,,,,,,,,,,,,,,,,,,,,,,,,,,,,,,,,,,,,,,,,,,
2020-05-29,1009.8,1011.8,1011.2,2020-05-29T22:19:00,1007.6,2020-05-29T15:59:00,28.0,30.4,2020-05-29T10:55:00,25.8,2020-05-29T05:09:00,23.3,75,63,2020-05-29T11:50:00,1.7,190,6.6,240,2020-05-29T11:04:00,0.0,0.0,2020-05-29T00:00:00,0.0,2020-05-29T00:00:00,10.3,17.09,,-99.5,-99.5,-99.5,-99.5,-99.5,-99.5,,,,,,,,,24.3,2020-05-29T00:35:00,,,,22.3,2020-05-29T11:56:00,,,,,,,,,,,,,0.0,2020-05-29T00:00:00,,,,,,,,-99.5,,,86,2020-05-29T03:11:00,,,,,,,,,,,,,,,,,,,,,,,,,,,-99.5,,,,,4.6,-99.5,,,,,,,,,,,,,,,,,,,,,,,,,,,,,,,,,,,,,,,,,,,,,,,,,,,,,,,,,,,,,,,,,,,,,,,,,,,,,,,,,,,,220,,,3.9,2020-05-29T12:57:00,,,,,,,,,,,,,,,,,,,,,,,,,,,,,,,,,,,,,,,,,,,,,,,,,,,,,,,,,,,,,,,,,,,,,,,,,,,,,,
2020-05-30,1010.7,1012.7,1012.0,2020-05-30T09:24:00,1009.7,2020-05-30T02:58:00,28.8,31.5,2020-05-30T08:54:00,25.3,2020-05-30T05:13:00,23.0,71,59,2020-05-30T08:54:00,2.1,280,8.4,280,2020-05-30T14:35:00,0.0,0.0,2020-05-30T00:00:00,0.0,2020-05-30T00:00:00,10.5,26.8,,-99.5,-99.5,-99.5,-99.5,-99.5,-99.5,,,,,,,,,24.5,2020-05-30T22:08:00,,,,21.3,2020-05-30T06:07:00,,,,,,,,,,,,,0.0,2020-05-30T00:00:00,,,,,,,,-99.5,,,80,2020-05-30T04:49:00,,,,,,,,,,,,,,,,,,,,,,,,,,,-99.5,,,,,6.2,-99.5,,,,,,,,,,,,,,,,,,,,,,,,,,,,,,,,,,,,,,,,,,,,,,,,,,,,,,,,,,,,,,,,,,,,,,,,,,,,,,,,,,,,280,,,5.0,2020-05-30T14:54:00,,,,,,,,,,,,,,,,,,,,,,,,,,,,,,,,,,,,,,,,,,,,,,,,,,,,,,,,,,,,,,,,,,,,,,,,,,,,,,
2020-05-31,1010.2,1012.2,1011.6,2020-05-31T07:50:00,1008.0,2020-05-31T16:31:00,29.4,32.1,2020-05-31T10:29:00,26.7,2020-05-31T06:11:00,23.1,69,54,2020-05-31T10:29:00,2.4,290,9.9,280,2020-05-31T12:30:00,0.0,0.0,2020-05-31T00:00:00,0.0,2020-05-31T00:00:00,11.3,28.12,,-99.5,-99.5,-99.5,-99.5,-99.5,-99.5,,,,,,,,,24.5,2020-05-31T19:06:00,,,,21.3,2020-05-31T09:43:00,,,,,,,,,,,,,0.0,2020-05-31T00:00:00,,,,,,,,-99.5,,,78,2020-05-31T06:04:00,,,,,,,,,,,,,,,,,,,,,,,,,,,-99.5,,,,,5.4,-99.5,,,,,,,,,,,,,,,,,,,,,,,,,,,,,,,,,,,,,,,,,,,,,,,,,,,,,,,,,,,,,,,,,,,,,,,,,,,,,,,,,,,,280,,,6.4,2020-05-31T12:34:00,,,,,,,,,,,,,,,,,,,,,,,,,,,,,,,,,,,,,,,,,,,,,,,,,,,,,,,,,,,,,,,,,,,,,,,,,,,,,,
2020-06-01,1009.8,1011.8,1011.5,2020-06-01T08:07:00,1007.5,2020-06-01T16:10:00,29.4,31.7,2020-06-01T09:10:00,26.6,2020-06-01T05:22:00,23.2,69,55,2020-06-01T10:01:00,2.0,280,9.6,280,2020-06-01T14:35:00,0.0,0.0,2020-06-01T00:00:00,0.0,2020-06-01T00:00:00,11.7,27.52,,-99.5,-99.5,-99.5,-99.5,-99.5,-99.5,,,,,,,,,24.0,2020-06-01T17:52:00,,,,21.2,2020-06-01T10:02:00,,,,,,,,,,,,,0.0,2020-06-01T00:00:00,,,,,,,,-99.5,,,81,2020-06-01T03:25:00,,,,,,,,,,,,,,,,,,,,,,,,,,,-99.5,,,,,5.1,-99.5,,,,,,,,,,,,,,,,,,,,,,,,,,,,,,,,,,,,,,,,,,,,,,,,,,,,,,,,,,,,,,,,,,,,,,,,,,,,,,,,,,,,280,,,6.0,2020-06-01T14:38:00,,,,,,,,,,,,,,,,,,,,,,,,,,,,,,,,,,,,,,,,,,,,,,,,,,,,,,,,,,,,,,,,,,,,,,,,,,,,,,
2020-06-02,1008.8,1010.8,1010.5,2020-06-02T00:01:00,1006.9,2020-06-02T16:04:00,29.5,31.4,2020-06-02T12:46:00,27.1,2020-06-02T05:08:00,23.4,70,58,2020-06-02T08:12:00,1.9,290,8.3,280,2020-06-02T14:04:00,0.0,0.0,2020-06-02T00:00:00,0.0,2020-06-02T00:00:00,11.4,27.33,,-99.5,-99.5,-99.5,-99.5,-99.5,-99.5,,,,,,,,,24.1,2020-06-02T01:44:00,,,,21.7,2020-06-02T08:12:00,,,,,,,,,,,,,0.0,2020-06-02T00:00:00,,,,,,,,-99.5,,,81,2020-06-02T04:23:00,,,,,,,,,,,,,,,,,,,,,,,,,,,-99.5,,,,,4.3,-99.5,,,,,,,,,,,,,,,,,,,,,,,,,,,,,,,,,,,,,,,,,,,,,,,,,,,,,,,,,,,,,,,,,,,,,,,,,,,,,,,,,,,,280,,,4.9,2020-06-02T14:08:00,,,,,,,,,,,,,,,,,,,,,,,,,,,,,,,,,,,,,,,,,,,,,,,,,,,,,,,,,,,,,,,,,,,,,,,,,,,,,,
2020-06-03,1007.9,1009.9,1009.7,2020-06-03T09:25:00,1005.6,2020-06-03T16:26:00,29.6,33.0,2020-06-03T16:21:00,25.7,2020-06-03T05:17:00,22.8,67,49,2020-06-03T16:17:00,2.2,290,9.8,280,2020-06-03T14:08:00,0.0,0.0,2020-06-03T00:00:00,0.0,2020-06-03T00:00:00,11.6,28.37,,-99.5,-99.5,-99.5,-99.5,-99.5,-99.5,,,,,,,,,23.9,2020-06-03T23:26:00,,,,20.7,2020-06-03T16:14:00,,,,,,,,,,,,,0.0,2020-06-03T00:00:00,,,,,,,,-99.5,,,79,2020-06-03T04:18:00,,,,,,,,,,,,,,,,,,,,,,,,,,,-99.5,,,,,7.3,-99.5,,,,,,,,,,,,,,,,,,,,,,,,,,,,,,,,,,,,,,,,,,,,,,,,,,,,,,,,,,,,,,,,,,,,,,,,,,,,,,,,,,,,280,,,5.8,2020-06-03T13:52:00,,,,,,,,,,,,,,,,,,,,,,,,,,,,,,,,,,,,,,,,,,,,,,,,,,,,,,,,,,,,,,,,,,,,,,,,,,,,,,
2020-06-04,1007.5,1009.5,1009.1,2020-06-04T09:35:00,1006.1,2020-06-04T15:55:00,30.0,34.0,2020-06-04T14:48:00,26.6,2020-06-04T05:12:00,22.4,64,46,2020-06-04T14:39:00,2.2,300,10.6,270,2020-06-04T13:13:00,0.0,0.0,2020-06-04T00:00:00,0.0,2020-06-04T00:00:00,11.6,26.64,,-99.5,-99.5,-99.5,-99.5,-99.5,-99.5,,,,,,,,,23.9,2020-06-04T00:35:00,,,,20.4,2020-06-04T14:55:00,,,,,,,,,,,,,0.0,2020-06-04T00:00:00,,,,,,,,-99.5,,,79,2020-06-04T04:06:00,,,,,,,,,,,,,,,,,,,,,,,,,,,-99.5,,,,,7.4,-99.5,,,,,,,,,,,,,,,,,,,,,,,,,,,,,,,,,,,,,,,,,,,,,,,,,,,,,,,,,,,,,,,,,,,,,,,,,,,,,,,,,,,,280,,,6.3,2020-06-04T13:11:00,,,,,,,,,,,,,,,,,,,,,,,,,,,,,,,,,,,,,,,,,,,,,,,,,,,,,,,,,,,,,,,,,,,,,,,,,,,,,,
2020-06-05,1007.5,1009.5,1008.8,2020-06-05T22:40:00,1006.1,2020-06-05T16:01:00,29.3,32.5,2020-06-05T08:53:00,26.6,2020-06-05T02:53:00,22.8,68,54,2020-06-05T09:59:00,1.6,280,9.4,240,2020-06-05T12:45:00,3.5,3.5,2020-06-05T12:55:00,3.5,2020-06-05T12:05:00,10.2,21.28,,-99.5,-99.5,-99.5,-99.5,-99.5,-99.5,,,,,,,,,24.7,2020-06-05T19:48:00,,,,20.8,2020-06-05T06:39:00,,,,,,,,,,,,,3.5,2020-06-05T12:05:00,,,,,,,,-99.5,,,83,2020-06-05T13:09:00,,,,,,,,,,,,,,,,,,,,,,,,,,,-99.5,,,,,5.9,-99.5,,,,,,,,,,,,,,,,,,,,,,,,,,,,,,,,,,,,,,,,,,,,,,,,,,,,,,,,,,,,,,,,,,,,,,,,,,,,,,,,,,,,250,,,4.5,2020-06-05T12:49:00,,,,,,,,,,,,,,,,,,,,,,,,,,,,,,,,,,,,,,,,,,,,,,,,,,,,,,,,,,,,,,,,,,,,,,,,,,,,,,
2020-06-06,1006.8,1008.8,1008.0,2020-06-06T00:01:00,1005.8,2020-06-06T03:20:00,28.6,32.3,2020-06-06T10:27:00,24.7,2020-06-06T15:32:00,22.9,71,57,2020-06-06T09:32:00,1.4,300,12.0,290,2020-06-06T15:23:00,13.0,10.0,2020-06-06T15:21:00,12.5,2020-06-06T14:35:00,9.1,20.11,,-99.5,-99.5,-99.5,-99.5,-99.5,-99.5,,,,,,,,,24.6,2020-06-06T12:39:00,,,,21.5,2020-06-06T15:30:00,,,,,,,,,,,,,12.5,2020-06-06T14:35:00,,,,,,,,-99.5,,,86,2020-06-06T15:45:00,,,,,,,,,,,,,,,,,,,,,,,,,,,-99.5,,,,,7.6,-99.5,,,,,,,,,,,,,,,,,,,,,,,,,,,,,,,,,,,,,,,,,,,,,,,,,,,,,,,,,,,,,,,,,,,,,,,,,,,,,,,,,,,,300,,,6.3,2020-06-06T15:27:00,,,,,,,,,,,,,,,,,,,,,,,,,,,,,,,,,,,,,,,,,,,,,,,,,,,,,,,,,,,,,,,,,,,,,,,,,,,,,,
2020-06-07,1006.4,1008.4,1007.7,2020-06-07T00:03:00,1005.2,2020-06-07T17:00:00,28.2,32.2,2020-06-07T09:24:00,25.3,2020-06-07T02:17:00,21.8,68,45,2020-06-07T09:25:00,1.8,300,10.6,310,2020-06-07T18:17:00,0.0,0.0,2020-06-07T00:00:00,0.0,2020-06-07T00:00:00,11.1,23.21,,-99.5,-99.5,-99.5,-99.5,-99.5,-99.5,,,,,,,,,24.1,2020-06-07T15:02:00,,,,19.0,2020-06-07T09:25:00,,,,,,,,,,,,,0.0,2020-06-07T00:00:00,,,,,,,,-99.5,,,82,2020-06-07T20:32:00,,,,,,,,,,,,,,,,,,,,,,,,,,,-99.5,,,,,6.9,-99.5,,,,,,,,,,,,,,,,,,,,,,,,,,,,,,,,,,,,,,,,,,,,,,,,,,,,,,,,,,,,,,,,,,,,,,,,,,,,,,,,,,,,310,,,4.8,2020-06-07T18:22:00,,,,,,,,,,,,,,,,,,,,,,,,,,,,,,,,,,,,,,,,,,,,,,,,,,,,,,,,,,,,,,,,,,,,,,,,,,,,,,
2020-06-08,1007.4,1009.4,1009.1,2020-06-08T14:52:00,1005.2,2020-06-08T03:20:00,27.3,31.1,2020-06-08T12:51:00,23.6,2020-06-08T15:08:00,21.9,73,57,2020-06-08T08:46:00,1.6,180,11.7,240,2020-06-08T14:50:00,22.5,13.0,2020-06-08T14:46:00,21.5,2020-06-08T14:09:00,7.0,11.57,,-99.5,-99.5,-99.5,-99.5,-99.5,-99.5,,,,,,,,,24.5,2020-06-08T13:55:00,,,,20.4,2020-06-08T23:50:00,,,,,,,,,,,,,21.5,2020-06-08T14:09:00,,,,,,,,-99.5,,,85,2020-06-08T15:02:00,,,,,,,,,,,,,,,,,,,,,,,,,,,-99.5,,,,,7.5,-99.5,,,,,,,,,,,,,,,,,,,,,,,,,,,,,,,,,,,,,,,,,,,,,,,,,,,,,,,,,,,,,,,,,,,,,,,,,,,,,,,,,,,,260,,,5.1,2020-06-08T14:55:00,,,,,,,,,,,,,,,,,,,,,,,,,,,,,,,,,,,,,,,,,,,,,,,,,,,,,,,,,,,,,,,,,,,,,,,,,,,,,,
2020-06-09,1008.4,1010.4,1009.8,2020-06-09T23:42:00,1007.1,2020-06-09T04:20:00,28.4,31.6,2020-06-09T11:18:00,24.0,2020-06-09T03:27:00,21.9,68,55,2020-06-09T16:32:00,1.1,220,4.6,210,2020-06-09T11:19:00,0.0,0.0,2020-06-09T00:00:00,0.0,2020-06-09T00:00:00,10.2,14.41,,-99.5,-99.5,-99.5,-99.5,-99.5,-99.5,,,,,,,,,24.4,2020-06-09T20:54:00,,,,19.4,2020-06-09T06:53:00,,,,,,,,,,,,,0.0,2020-06-09T00:00:00,,,,,,,,-99.5,,,81,2020-06-09T03:25:00,,,,,,,,,,,,,,,,,,,,,,,,,,,-99.5,,,,,7.6,-99.5,,,,,,,,,,,,,,,,,,,,,,,,,,,,,,,,,,,,,,,,,,,,,,,,,,,,,,,,,,,,,,,,,,,,,,,,,,,,,,,,,,,,280,,,2.8,2020-06-09T15:07:00,,,,,,,,,,,,,,,,,,,,,,,,,,,,,,,,,,,,,,,,,,,,,,,,,,,,,,,,,,,,,,,,,,,,,,,,,,,,,,
2020-06-10,1008.4,1010.4,1009.7,2020-06-10T00:01:00,1007.0,2020-06-10T16:22:00,29.4,32.4,2020-06-10T14:01:00,26.4,2020-06-10T05:35:00,23.1,69,59,2020-06-10T14:40:00,1.8,190,7.0,250,2020-06-10T11:53:00,0.0,0.0,2020-06-10T00:00:00,0.0,2020-06-10T00:00:00,11.5,25.93,,-99.5,-99.5,-99.5,-99.5,-99.5,-99.5,,,,,,,,,24.3,2020-06-10T15:57:00,,,,21.3,2020-06-10T07:29:00,,,,,,,,,,,,,0.0,2020-06-10T00:00:00,,,,,,,,-99.5,,,77,2020-06-10T05:37:00,,,,,,,,,,,,,,,,,,,,,,,,,,,-99.5,,,,,6.0,-99.5,,,,,,,,,,,,,,,,,,,,,,,,,,,,,,,,,,,,,,,,,,,,,,,,,,,,,,,,,,,,,,,,,,,,,,,,,,,,,,,,,,,,240,,,4.0,2020-06-10T14:26:00,,,,,,,,,,,,,,,,,,,,,,,,,,,,,,,,,,,,,,,,,,,,,,,,,,,,,,,,,,,,,,,,,,,,,,,,,,,,,,
2020-06-11,1005.5,1007.5,1006.4,2020-06-11T22:01:00,1004.5,2020-06-11T16:48:00,29.8,31.5,2020-06-11T16:48:00,28.4,2020-06-11T23:43:00,23.4,68,56,2020-06-11T17:05:00,1.7,190,6.4,240,2020-06-11T17:32:00,0.0,0.0,2020-06-11T00:00:00,0.0,2020-06-11T00:00:00,0.9,0.87,,-99.5,-99.5,-99.5,-99.5,-99.5,-99.5,,,,,,,,,24.1,2020-06-11T21:09:00,,,,21.6,2020-06-11T17:05:00,,,,,,,,,,,,,0.0,2020-06-11T00:00:00,,,,,,,,-99.5,,,75,2020-06-11T21:20:00,,,,,,,,,,,,,,,,,,,,,,,,,,,-99.5,,,,,3.1,-99.5,,,,,,,,,,,,,,,,,,,,,,,,,,,,,,,,,,,,,,,,,,,,,,,,,,,,,,,,,,,,,,,,,,,,,,,,,,,,,,,,,,,,210,,,3.2,2020-06-11T18:13:00,,,,,,,,,,,,,,,,,,,,,,,,,,,,,,,,,,,,,,,,,,,,,,,,,,,,,,,,,,,,,,,,,,,,,,,,,,,,,,
2020-06-12,1004.2,1006.2,1006.1,2020-06-12T08:44:00,1001.8,2020-06-12T16:25:00,31.3,35.7,2020-06-12T15:02:00,27.3,2020-06-12T05:06:00,21.1,56,37,2020-06-12T15:19:00,2.9,150,12.4,140,2020-06-12T21:04:00,0.0,0.0,2020-06-12T00:00:00,0.0,2020-06-12T00:00:00,10.8,25.45,,-99.5,-99.5,-99.5,-99.5,-99.5,-99.5,,,,,,,,,23.5,2020-06-12T00:14:00,,,,18.8,2020-06-12T15:22:00,,,,,,,,,,,,,0.0,2020-06-12T00:00:00,,,,,,,,-99.5,,,77,2020-06-12T04:11:00,,,,,,,,,,,,,,,,,,,,,,,,,,,-99.5,,,,,8.4,-99.5,,,,,,,,,,,,,,,,,,,,,,,,,,,,,,,,,,,,,,,,,,,,,,,,,,,,,,,,,,,,,,,,,,,,,,,,,,,,,,,,,,,,180,,,6.5,2020-06-12T15:49:00,,,,,,,,,,,,,,,,,,,,,,,,,,,,,,,,,,,,,,,,,,,,,,,,,,,,,,,,,,,,,,,,,,,,,,,,,,,,,,
2020-06-13,1006.0,1008.0,1009.8,2020-06-13T22:04:00,1003.2,2020-06-13T02:05:00,30.7,33.3,2020-06-13T13:13:00,28.0,2020-06-13T23:41:00,21.7,59,50,2020-06-13T00:58:00,4.1,170,13.5,160,2020-06-13T15:11:00,0.0,0.0,2020-06-13T00:00:00,0.0,2020-06-13T00:00:00,11.6,21.47,,-99.5,-99.5,-99.5,-99.5,-99.5,-99.5,,,,,,,,,23.5,2020-06-13T17:10:00,,,,19.4,2020-06-13T04:23:00,,,,,,,,,,,,,0.0,2020-06-13T00:00:00,,,,,,,,-99.5,,,69,2020-06-13T15:19:00,,,,,,,,,,,,,,,,,,,,,,,,,,,-99.5,,,,,5.3,-99.5,,,,,,,,,,,,,,,,,,,,,,,,,,,,,,,,,,,,,,,,,,,,,,,,,,,,,,,,,,,,,,,,,,,,,,,,,,,,,,,,,,,,180,,,6.9,2020-06-13T10:52:00,,,,,,,,,,,,,,,,,,,,,,,,,,,,,,,,,,,,,,,,,,,,,,,,,,,,,,,,,,,,,,,,,,,,,,,,,,,,,,
2020-06-14,1010.6,1012.6,1013.1,2020-06-14T23:46:00,1008.7,2020-06-14T02:32:00,29.4,31.6,2020-06-14T13:38:00,25.6,2020-06-14T05:09:00,22.7,67,56,2020-06-14T15:43:00,3.1,180,10.0,210,2020-06-14T11:03:00,7.0,6.0,2020-06-14T04:53:00,7.0,2020-06-14T04:05:00,10.5,27.6,,-99.5,-99.5,-99.5,-99.5,-99.5,-99.5,,,,,,,,,24.1,2020-06-14T05:32:00,,,,21.0,2020-06-14T00:32:00,,,,,,,,,,,,,7.0,2020-06-14T04:05:00,,,,,,,,-99.5,,,87,2020-06-14T05:20:00,,,,,,,,,,,,,,,,,,,,,,,,,,,-99.5,,,,,6.0,-99.5,,,,,,,,,,,,,,,,,,,,,,,,,,,,,,,,,,,,,,,,,,,,,,,,,,,,,,,,,,,,,,,,,,,,,,,,,,,,,,,,,,,,210,,,5.6,2020-06-14T11:49:00,,,,,,,,,,,,,,,,,,,,,,,,,,,,,,,,,,,,,,,,,,,,,,,,,,,,,,,,,,,,,,,,,,,,,,,,,,,,,,
2020-06-15,1010.9,1012.9,1013.0,2020-06-15T00:01:00,1009.2,2020-06-15T17:21:00,29.8,32.8,2020-06-15T16:05:00,25.9,2020-06-15T05:36:00,21.7,62,48,2020-06-15T17:50:00,1.9,290,8.8,280,2020-06-15T14:29:00,0.0,0.0,2020-06-15T00:00:00,0.0,2020-06-15T00:00:00,11.8,29.0,,-99.5,-99.5,-99.5,-99.5,-99.5,-99.5,,,,,,,,,24.2,2020-06-15T13:44:00,,,,19.9,2020-06-15T06:11:00,,,,,,,,,,,,,0.0,2020-06-15T00:00:00,,,,,,,,-99.5,,,73,2020-06-15T05:29:00,,,,,,,,,,,,,,,,,,,,,,,,,,,-99.5,,,,,6.9,-99.5,,,,,,,,,,,,,,,,,,,,,,,,,,,,,,,,,,,,,,,,,,,,,,,,,,,,,,,,,,,,,,,,,,,,,,,,,,,,,,,,,,,,280,,,5.1,2020-06-15T15:00:00,,,,,,,,,,,,,,,,,,,,,,,,,,,,,,,,,,,,,,,,,,,,,,,,,,,,,,,,,,,,,,,,,,,,,,,,,,,,,,
2020-06-16,1008.5,1010.5,1010.5,2020-06-16T00:05:00,1006.1,2020-06-16T16:06:00,29.8,32.2,2020-06-16T15:32:00,26.8,2020-06-16T05:13:00,22.5,65,52,2020-06-16T17:00:00,2.9,290,11.3,280,2020-06-16T14:40:00,0.0,0.0,2020-06-16T00:00:00,0.0,2020-06-16T00:00:00,11.4,27.8,,-99.5,-99.5,-99.5,-99.5,-99.5,-99.5,,,,,,,,,23.7,2020-06-16T11:23:00,,,,20.8,2020-06-16T17:00:00,,,,,,,,,,,,,0.0,2020-06-16T00:00:00,,,,,,,,-99.5,,,78,2020-06-16T03:58:00,,,,,,,,,,,,,,,,,,,,,,,,,,,-99.5,,,,,5.4,-99.5,,,,,,,,,,,,,,,,,,,,,,,,,,,,,,,,,,,,,,,,,,,,,,,,,,,,,,,,,,,,,,,,,,,,,,,,,,,,,,,,,,,,280,,,7.3,2020-06-16T13:17:00,,,,,,,,,,,,,,,,,,,,,,,,,,,,,,,,,,,,,,,,,,,,,,,,,,,,,,,,,,,,,,,,,,,,,,,,,,,,,,
2020-06-17,1007.3,1009.3,1008.5,2020-06-17T22:16:00,1006.0,2020-06-17T16:00:00,29.8,32.8,2020-06-17T15:51:00,26.6,2020-06-17T04:30:00,22.4,65,50,2020-06-17T17:34:00,2.2,300,10.7,280,2020-06-17T13:17:00,0.0,0.0,2020-06-17T00:00:00,0.0,2020-06-17T00:00:00,11.7,27.6,,-99.5,-99.5,-99.5,-99.5,-99.5,-99.5,,,,,,,,,23.3,2020-06-17T14:59:00,,,,20.5,2020-06-17T18:09:00,,,,,,,,,,,,,0.0,2020-06-17T00:00:00,,,,,,,,-99.5,,,80,2020-06-17T04:24:00,,,,,,,,,,,,,,,,,,,,,,,,,,,-99.5,,,,,6.2,-99.5,,,,,,,,,,,,,,,,,,,,,,,,,,,,,,,,,,,,,,,,,,,,,,,,,,,,,,,,,,,,,,,,,,,,,,,,,,,,,,,,,,,,280,,,6.2,2020-06-17T12:38:00,,,,,,,,,,,,,,,,,,,,,,,,,,,,,,,,,,,,,,,,,,,,,,,,,,,,,,,,,,,,,,,,,,,,,,,,,,,,,,
2020-06-18,1007.4,1009.4,1008.8,2020-06-18T09:22:00,1006.1,2020-06-18T15:56:00,29.7,33.3,2020-06-18T14:34:00,26.1,2020-06-18T03:47:00,22.2,64,51,2020-06-18T14:28:00,2.5,290,10.5,270,2020-06-18T13:34:00,0.0,0.0,2020-06-18T00:00:00,0.0,2020-06-18T00:00:00,12.0,26.98,,-99.5,-99.5,-99.5,-99.5,-99.5,-99.5,,,,,,,,,23.4,2020-06-18T21:50:00,,,,20.7,2020-06-18T05:41:00,,,,,,,,,,,,,0.0,2020-06-18T00:00:00,,,,,,,,-99.5,,,77,2020-06-18T05:20:00,,,,,,,,,,,,,,,,,,,,,,,,,,,-99.5,,,,,7.2,-99.5,,,,,,,,,,,,,,,,,,,,,,,,,,,,,,,,,,,,,,,,,,,,,,,,,,,,,,,,,,,,,,,,,,,,,,,,,,,,,,,,,,,,280,,,6.9,2020-06-18T13:09:00,,,,,,,,,,,,,,,,,,,,,,,,,,,,,,,,,,,,,,,,,,,,,,,,,,,,,,,,,,,,,,,,,,,,,,,,,,,,,,
2020-06-19,1007.7,1009.7,1009.1,2020-06-19T08:47:00,1006.1,2020-06-19T16:54:00,30.1,33.5,2020-06-19T15:18:00,26.0,2020-06-19T04:45:00,22.2,63,51,2020-06-19T16:29:00,2.0,300,10.2,280,2020-06-19T13:49:00,0.0,0.0,2020-06-19T00:00:00,0.0,2020-06-19T00:00:00,11.5,25.68,,-99.5,-99.5,-99.5,-99.5,-99.5,-99.5,,,,,,,,,23.9,2020-06-19T13:39:00,,,,20.9,2020-06-19T03:51:00,,,,,,,,,,,,,0.0,2020-06-19T00:00:00,,,,,,,,-99.5,,,76,2020-06-19T05:29:00,,,,,,,,,,,,,,,,,,,,,,,,,,,-99.5,,,,,7.5,-99.5,,,,,,,,,,,,,,,,,,,,,,,,,,,,,,,,,,,,,,,,,,,,,,,,,,,,,,,,,,,,,,,,,,,,,,,,,,,,,,,,,,,,280,,,5.7,2020-06-19T12:10:00,,,,,,,,,,,,,,,,,,,,,,,,,,,,,,,,,,,,,,,,,,,,,,,,,,,,,,,,,,,,,,,,,,,,,,,,,,,,,,
2020-06-20,1007.1,1009.1,1008.7,2020-06-20T07:10:00,1005.1,2020-06-20T17:00:00,30.1,33.6,2020-06-20T14:05:00,26.2,2020-06-20T04:11:00,22.7,65,52,2020-06-20T15:18:00,2.4,290,10.7,270,2020-06-20T14:40:00,0.0,0.0,2020-06-20T00:00:00,0.0,2020-06-20T00:00:00,11.8,27.46,,-99.5,-99.5,-99.5,-99.5,-99.5,-99.5,,,,,,,,,24.0,2020-06-20T10:25:00,,,,21.5,2020-06-20T15:17:00,,,,,,,,,,,,,0.0,2020-06-20T00:00:00,,,,,,,,-99.5,,,79,2020-06-20T04:14:00,,,,,,,,,,,,,,,,,,,,,,,,,,,-99.5,,,,,7.4,-99.5,,,,,,,,,,,,,,,,,,,,,,,,,,,,,,,,,,,,,,,,,,,,,,,,,,,,,,,,,,,,,,,,,,,,,,,,,,,,,,,,,,,,280,,,6.3,2020-06-20T14:52:00,,,,,,,,,,,,,,,,,,,,,,,,,,,,,,,,,,,,,,,,,,,,,,,,,,,,,,,,,,,,,,,,,,,,,,,,,,,,,,
2020-06-21,1005.3,1007.3,1006.7,2020-06-21T00:02:00,1003.5,2020-06-21T16:54:00,30.3,34.0,2020-06-21T13:55:00,26.8,2020-06-21T05:23:00,22.7,64,45,2020-06-21T14:38:00,1.6,330,9.6,290,2020-06-21T11:00:00,0.0,0.0,2020-06-21T00:00:00,0.0,2020-06-21T00:00:00,10.1,20.41,,-99.5,-99.5,-99.5,-99.5,-99.5,-99.5,,,,,,,,,23.9,2020-06-21T13:02:00,,,,20.5,2020-06-21T11:50:00,,,,,,,,,,,,,0.0,2020-06-21T00:00:00,,,,,,,,-99.5,,,77,2020-06-21T04:05:00,,,,,,,,,,,,,,,,,,,,,,,,,,,-99.5,,,,,7.2,-99.5,,,,,,,,,,,,,,,,,,,,,,,,,,,,,,,,,,,,,,,,,,,,,,,,,,,,,,,,,,,,,,,,,,,,,,,,,,,,,,,,,,,,300,,,5.0,2020-06-21T11:08:00,,,,,,,,,,,,,,,,,,,,,,,,,,,,,,,,,,,,,,,,,,,,,,,,,,,,,,,,,,,,,,,,,,,,,,,,,,,,,,
2020-06-22,1005.3,1007.3,1006.9,2020-06-22T21:56:00,1004.2,2020-06-22T16:17:00,30.5,34.0,2020-06-22T14:32:00,26.8,2020-06-22T04:53:00,22.9,64,49,2020-06-22T14:33:00,2.1,310,10.8,270,2020-06-22T13:00:00,0.0,0.0,2020-06-22T00:00:00,0.0,2020-06-22T00:00:00,11.3,23.02,,-99.5,-99.5,-99.5,-99.5,-99.5,-99.5,,,,,,,,,24.3,2020-06-22T13:10:00,,,,20.6,2020-06-22T06:41:00,,,,,,,,,,,,,0.0,2020-06-22T00:00:00,,,,,,,,-99.5,,,78,2020-06-22T03:30:00,,,,,,,,,,,,,,,,,,,,,,,,,,,-99.5,,,,,7.2,-99.5,,,,,,,,,,,,,,,,,,,,,,,,,,,,,,,,,,,,,,,,,,,,,,,,,,,,,,,,,,,,,,,,,,,,,,,,,,,,,,,,,,,,280,,,6.1,2020-06-22T11:57:00,,,,,,,,,,,,,,,,,,,,,,,,,,,,,,,,,,,,,,,,,,,,,,,,,,,,,,,,,,,,,,,,,,,,,,,,,,,,,,
2020-06-23,1006.0,1008.0,1006.8,2020-06-23T08:34:00,1004.9,2020-06-23T02:52:00,30.4,33.6,2020-06-23T14:46:00,26.7,2020-06-23T05:03:00,22.8,64,50,2020-06-23T15:14:00,2.0,300,10.0,280,2020-06-23T12:41:00,0.0,0.0,2020-06-23T00:00:00,0.0,2020-06-23T00:00:00,11.3,23.98,,-99.5,-99.5,-99.5,-99.5,-99.5,-99.5,,,,,,,,,24.1,2020-06-23T14:22:00,,,,20.9,2020-06-23T07:33:00,,,,,,,,,,,,,0.0,2020-06-23T00:00:00,,,,,,,,-99.5,,,77,2020-06-23T04:25:00,,,,,,,,,,,,,,,,,,,,,,,,,,,-99.5,,,,,6.9,-99.5,,,,,,,,,,,,,,,,,,,,,,,,,,,,,,,,,,,,,,,,,,,,,,,,,,,,,,,,,,,,,,,,,,,,,,,,,,,,,,,,,,,,280,,,6.3,2020-06-23T13:08:00,,,,,,,,,,,,,,,,,,,,,,,,,,,,,,,,,,,,,,,,,,,,,,,,,,,,,,,,,,,,,,,,,,,,,,,,,,,,,,
2020-06-24,1005.7,1007.7,1006.9,2020-06-24T21:56:00,1004.1,2020-06-24T15:54:00,29.9,33.5,2020-06-24T09:17:00,26.7,2020-06-24T03:38:00,23.0,67,52,2020-06-24T09:25:00,2.4,290,10.4,280,2020-06-24T13:34:00,0.0,0.0,2020-06-24T00:00:00,0.0,2020-06-24T00:00:00,11.3,23.98,,-99.5,-99.5,-99.5,-99.5,-99.5,-99.5,,,,,,,,,24.4,2020-06-24T20:15:00,,,,21.2,2020-06-24T07:38:00,,,,,,,,,,,,,0.0,2020-06-24T00:00:00,,,,,,,,-99.5,,,77,2020-06-24T03:54:00,,,,,,,,,,,,,,,,,,,,,,,,,,,-99.5,,,,,6.8,-99.5,,,,,,,,,,,,,,,,,,,,,,,,,,,,,,,,,,,,,,,,,,,,,,,,,,,,,,,,,,,,,,,,,,,,,,,,,,,,,,,,,,,,280,,,6.7,2020-06-24T13:36:00,,,,,,,,,,,,,,,,,,,,,,,,,,,,,,,,,,,,,,,,,,,,,,,,,,,,,,,,,,,,,,,,,,,,,,,,,,,,,,
2020-06-25,1006.6,1008.6,1008.5,2020-06-25T22:33:00,1004.9,2020-06-25T16:23:00,30.1,32.9,2020-06-25T09:32:00,26.8,2020-06-25T05:02:00,23.0,66,50,2020-06-25T09:39:00,2.0,270,8.6,270,2020-06-25T13:12:00,0.0,0.0,2020-06-25T00:00:00,0.0,2020-06-25T00:00:00,12.1,24.98,,-99.5,-99.5,-99.5,-99.5,-99.5,-99.5,,,,,,,,,24.5,2020-06-25T19:56:00,,,,21.2,2020-06-25T08:01:00,,,,,,,,,,,,,0.0,2020-06-25T00:00:00,,,,,,,,-99.5,,,78,2020-06-25T03:43:00,,,,,,,,,,,,,,,,,,,,,,,,,,,-99.5,,,,,6.1,-99.5,,,,,,,,,,,,,,,,,,,,,,,,,,,,,,,,,,,,,,,,,,,,,,,,,,,,,,,,,,,,,,,,,,,,,,,,,,,,,,,,,,,,280,,,5.0,2020-06-25T13:20:00,,,,,,,,,,,,,,,,,,,,,,,,,,,,,,,,,,,,,,,,,,,,,,,,,,,,,,,,,,,,,,,,,,,,,,,,,,,,,,
2020-06-26,1008.1,1010.1,1009.3,2020-06-26T22:21:00,1007.3,2020-06-26T01:46:00,29.8,33.0,2020-06-26T11:21:00,27.1,2020-06-26T03:56:00,23.1,67,53,2020-06-26T10:51:00,1.6,260,6.9,250,2020-06-26T15:46:00,0.0,0.0,2020-06-26T00:00:00,0.0,2020-06-26T00:00:00,11.1,19.7,,-99.5,-99.5,-99.5,-99.5,-99.5,-99.5,,,,,,,,,24.5,2020-06-26T16:59:00,,,,21.6,2020-06-26T20:17:00,,,,,,,,,,,,,0.0,2020-06-26T00:00:00,,,,,,,,-99.5,,,77,2020-06-26T00:21:00,,,,,,,,,,,,,,,,,,,,,,,,,,,-99.5,,,,,5.9,-99.5,,,,,,,,,,,,,,,,,,,,,,,,,,,,,,,,,,,,,,,,,,,,,,,,,,,,,,,,,,,,,,,,,,,,,,,,,,,,,,,,,,,,280,,,4.1,2020-06-26T12:40:00,,,,,,,,,,,,,,,,,,,,,,,,,,,,,,,,,,,,,,,,,,,,,,,,,,,,,,,,,,,,,,,,,,,,,,,,,,,,,,
2020-06-27,1007.9,1009.9,1009.2,2020-06-27T09:55:00,1007.0,2020-06-27T15:25:00,29.8,32.4,2020-06-27T13:09:00,26.3,2020-06-27T03:29:00,23.0,67,58,2020-06-27T13:16:00,3.4,190,10.1,220,2020-06-27T11:09:00,0.0,0.0,2020-06-27T00:00:00,0.0,2020-06-27T00:00:00,11.2,27.61,,-99.5,-99.5,-99.5,-99.5,-99.5,-99.5,,,,,,,,,24.0,2020-06-27T17:42:00,,,,21.1,2020-06-27T05:34:00,,,,,,,,,,,,,0.0,2020-06-27T00:00:00,,,,,,,,-99.5,,,77,2020-06-27T03:38:00,,,,,,,,,,,,,,,,,,,,,,,,,,,-99.5,,,,,6.1,-99.5,,,,,,,,,,,,,,,,,,,,,,,,,,,,,,,,,,,,,,,,,,,,,,,,,,,,,,,,,,,,,,,,,,,,,,,,,,,,,,,,,,,,210,,,5.8,2020-06-27T10:55:00,,,,,,,,,,,,,,,,,,,,,,,,,,,,,,,,,,,,,,,,,,,,,,,,,,,,,,,,,,,,,,,,,,,,,,,,,,,,,,
2020-06-28,1006.9,1008.9,1008.4,2020-06-28T08:19:00,1005.1,2020-06-28T16:12:00,29.8,33.0,2020-06-28T14:17:00,25.9,2020-06-28T05:28:00,22.6,65,53,2020-06-28T11:40:00,2.4,190,10.6,180,2020-06-28T23:23:00,0.0,0.0,2020-06-28T00:00:00,0.0,2020-06-28T00:00:00,11.5,26.58,,-99.5,-99.5,-99.5,-99.5,-99.5,-99.5,,,,,,,,,25.0,2020-06-28T23:12:00,,,,20.1,2020-06-28T05:05:00,,,,,,,,,,,,,0.0,2020-06-28T00:00:00,,,,,,,,-99.5,,,75,2020-06-28T23:13:00,,,,,,,,,,,,,,,,,,,,,,,,,,,-99.5,,,,,7.1,-99.5,,,,,,,,,,,,,,,,,,,,,,,,,,,,,,,,,,,,,,,,,,,,,,,,,,,,,,,,,,,,,,,,,,,,,,,,,,,,,,,,,,,,180,,,5.7,2020-06-28T00:00:00,,,,,,,,,,,,,,,,,,,,,,,,,,,,,,,,,,,,,,,,,,,,,,,,,,,,,,,,,,,,,,,,,,,,,,,,,,,,,,
2020-06-29,1005.5,1007.5,1007.1,2020-06-29T07:00:00,1003.9,2020-06-29T16:32:00,30.4,33.1,2020-06-29T12:26:00,27.0,2020-06-29T10:34:00,23.9,68,54,2020-06-29T13:52:00,2.5,230,10.8,180,2020-06-29T00:46:00,9.0,5.5,2020-06-29T10:21:00,7.0,2020-06-29T09:33:00,11.2,22.63,,-99.5,-99.5,-99.5,-99.5,-99.5,-99.5,,,,,,,,,24.9,2020-06-29T00:10:00,,,,21.8,2020-06-29T13:57:00,,,,,,,,,,,,,7.0,2020-06-29T09:33:00,,,,,,,,-99.5,,,81,2020-06-29T10:32:00,,,,,,,,,,,,,,,,,,,,,,,,,,,-99.5,,,,,6.1,-99.5,,,,,,,,,,,,,,,,,,,,,,,,,,,,,,,,,,,,,,,,,,,,,,,,,,,,,,,,,,,,,,,,,,,,,,,,,,,,,,,,,,,,180,,,6.1,2020-06-29T00:46:00,,,,,,,,,,,,,,,,,,,,,,,,,,,,,,,,,,,,,,,,,,,,,,,,,,,,,,,,,,,,,,,,,,,,,,,,,,,,,,
2020-06-30,1005.2,1007.2,1006.7,2020-06-30T23:09:00,1003.9,2020-06-30T17:20:00,29.0,32.1,2020-06-30T14:24:00,26.2,2020-06-30T19:24:00,23.9,74,60,2020-06-30T14:28:00,2.2,190,11.5,230,2020-06-30T10:16:00,23.5,11.5,2020-06-30T18:59:00,16.5,2020-06-30T18:55:00,10.2,21.84,,-99.5,-99.5,-99.5,-99.5,-99.5,-99.5,,,,,,,,,25.0,2020-06-30T13:30:00,,,,22.4,2020-06-30T14:31:00,,,,,,,,,,,,,16.5,2020-06-30T18:55:00,,,,,,,,-99.5,,,87,2020-06-30T19:46:00,,,,,,,,,,,,,,,,,,,,,,,,,,,-99.5,,,,,5.9,-99.5,,,,,,,,,,,,,,,,,,,,,,,,,,,,,,,,,,,,,,,,,,,,,,,,,,,,,,,,,,,,,,,,,,,,,,,,,,,,,,,,,,,,280,,,5.2,2020-06-30T17:11:00,,,,,,,,,,,,,,,,,,,,,,,,,,,,,,,,,,,,,,,,,,,,,,,,,,,,,,,,,,,,,,,,,,,,,,,,,,,,,,
2020-07-01,1005.1,1007.1,1007.2,2020-07-01T22:02:00,1003.8,2020-07-01T04:06:00,28.1,31.9,2020-07-01T12:16:00,25.9,2020-07-01T05:18:00,23.9,77,61,2020-07-01T11:56:00,1.9,160,11.0,190,2020-07-01T09:19:00,24.5,5.5,2020-07-01T17:08:00,9.5,2020-07-01T16:41:00,9.5,13.8,,-99.5,-99.5,-99.5,-99.5,-99.5,-99.5,,,,,,,,,25.3,2020-07-01T15:34:00,,,,22.3,2020-07-01T04:53:00,,,,,,,,,,,,,9.5,2020-07-01T16:41:00,,,,,,,,-99.5,,,86,2020-07-01T17:46:00,,,,,,,,,,,,,,,,,,,,,,,,,,,-99.5,,,,,6.0,-99.5,,,,,,,,,,,,,,,,,,,,,,,,,,,,,,,,,,,,,,,,,,,,,,,,,,,,,,,,,,,,,,,,,,,,,,,,,,,,,,,,,,,,240,,,4.8,2020-07-01T11:51:00,,,,,,,,,,,,,,,,,,,,,,,,,,,,,,,,,,,,,,,,,,,,,,,,,,,,,,,,,,,,,,,,,,,,,,,,,,,,,,
2020-07-02,1006.8,1008.8,1009.3,2020-07-02T21:34:00,1005.2,2020-07-02T02:47:00,27.8,31.1,2020-07-02T14:38:00,25.9,2020-07-02T16:55:00,23.4,77,66,2020-07-02T09:23:00,1.9,150,7.7,210,2020-07-02T14:56:00,17.4,9.9,2020-07-02T12:26:00,13.9,2020-07-02T12:23:00,8.5,12.34,,-99.5,-99.5,-99.5,-99.5,-99.5,-99.5,,,,,,,,,25.5,2020-07-02T14:03:00,,,,21.7,2020-07-02T18:57:00,,,,,,,,,,,,,13.9,2020-07-02T12:23:00,,,,,,,,-99.5,,,86,2020-07-02T12:48:00,,,,,,,,,,,,,,,,,,,,,,,,,,,-99.5,,,,,5.2,-99.5,,,,,,,,,,,,,,,,,,,,,,,,,,,,,,,,,,,,,,,,,,,,,,,,,,,,,,,,,,,,,,,,,,,,,,,,,,,,,,,,,,,,210,,,4.1,2020-07-02T14:57:00,,,,,,,,,,,,,,,,,,,,,,,,,,,,,,,,,,,,,,,,,,,,,,,,,,,,,,,,,,,,,,,,,,,,,,,,,,,,,,
2020-07-03,1008.7,1010.7,1010.8,2020-07-03T22:09:00,1007.4,2020-07-03T16:00:00,29.3,32.5,2020-07-03T12:52:00,25.9,2020-07-03T04:31:00,23.3,70,58,2020-07-03T12:59:00,2.1,190,10.1,240,2020-07-03T11:33:00,0.0,0.0,2020-07-03T00:00:00,0.0,2020-07-03T00:00:00,10.8,27.26,,-99.5,-99.5,-99.5,-99.5,-99.5,-99.5,,,,,,,,,24.6,2020-07-03T09:05:00,,,,21.8,2020-07-03T03:15:00,,,,,,,,,,,,,0.0,2020-07-03T00:00:00,,,,,,,,-99.5,,,82,2020-07-03T04:52:00,,,,,,,,,,,,,,,,,,,,,,,,,,,-99.5,,,,,6.6,-99.5,,,,,,,,,,,,,,,,,,,,,,,,,,,,,,,,,,,,,,,,,,,,,,,,,,,,,,,,,,,,,,,,,,,,,,,,,,,,,,,,,,,,210,,,5.5,2020-07-03T11:42:00,,,,,,,,,,,,,,,,,,,,,,,,,,,,,,,,,,,,,,,,,,,,,,,,,,,,,,,,,,,,,,,,,,,,,,,,,,,,,,
2020-07-04,1008.2,1010.2,1010.0,2020-07-04T00:01:00,1006.2,2020-07-04T16:58:00,29.7,32.5,2020-07-04T11:32:00,26.6,2020-07-04T05:50:00,23.2,68,57,2020-07-04T11:11:00,1.7,250,7.4,270,2020-07-04T12:41:00,0.0,0.0,2020-07-04T00:00:00,0.0,2020-07-04T00:00:00,9.3,23.23,,-99.5,-99.5,-99.5,-99.5,-99.5,-99.5,,,,,,,,,24.6,2020-07-04T22:34:00,,,,21.4,2020-07-04T06:45:00,,,,,,,,,,,,,0.0,2020-07-04T00:00:00,,,,,,,,-99.5,,,79,2020-07-04T02:19:00,,,,,,,,,,,,,,,,,,,,,,,,,,,-99.5,,,,,5.9,-99.5,,,,,,,,,,,,,,,,,,,,,,,,,,,,,,,,,,,,,,,,,,,,,,,,,,,,,,,,,,,,,,,,,,,,,,,,,,,,,,,,,,,,280,,,4.4,2020-07-04T12:16:00,,,,,,,,,,,,,,,,,,,,,,,,,,,,,,,,,,,,,,,,,,,,,,,,,,,,,,,,,,,,,,,,,,,,,,,,,,,,,,
2020-07-05,1006.4,1008.4,1008.4,2020-07-05T00:01:00,1005.2,2020-07-05T15:59:00,29.7,32.8,2020-07-05T11:13:00,26.6,2020-07-05T03:31:00,23.2,68,53,2020-07-05T09:09:00,1.6,260,6.9,280,2020-07-05T11:25:00,3.0,1.5,2020-07-05T03:19:00,3.0,2020-07-05T02:46:00,11.3,22.75,,-99.5,-99.5,-99.5,-99.5,-99.5,-99.5,,,,,,,,,24.5,2020-07-05T00:02:00,,,,21.6,2020-07-05T10:55:00,,,,,,,,,,,,,3.0,2020-07-05T02:46:00,,,,,,,,-99.5,,,84,2020-07-05T05:50:00,,,,,,,,,,,,,,,,,,,,,,,,,,,-99.5,,,,,6.2,-99.5,,,,,,,,,,,,,,,,,,,,,,,,,,,,,,,,,,,,,,,,,,,,,,,,,,,,,,,,,,,,,,,,,,,,,,,,,,,,,,,,,,,,280,,,4.0,2020-07-05T14:34:00,,,,,,,,,,,,,,,,,,,,,,,,,,,,,,,,,,,,,,,,,,,,,,,,,,,,,,,,,,,,,,,,,,,,,,,,,,,,,,
2020-07-06,1007.0,1009.0,1009.2,2020-07-06T22:56:00,1005.2,2020-07-06T03:53:00,29.6,32.6,2020-07-06T12:34:00,26.0,2020-07-06T04:49:00,22.7,67,52,2020-07-06T11:00:00,2.1,270,8.3,280,2020-07-06T05:38:00,0.5,0.5,2020-07-06T04:37:00,0.5,2020-07-06T03:47:00,10.5,24.7,,-99.5,-99.5,-99.5,-99.5,-99.5,-99.5,,,,,,,,,24.3,2020-07-06T14:11:00,,,,21.1,2020-07-06T11:05:00,,,,,,,,,,,,,0.5,2020-07-06T03:47:00,,,,,,,,-99.5,,,80,2020-07-06T04:45:00,,,,,,,,,,,,,,,,,,,,,,,,,,,-99.5,,,,,6.6,-99.5,,,,,,,,,,,,,,,,,,,,,,,,,,,,,,,,,,,,,,,,,,,,,,,,,,,,,,,,,,,,,,,,,,,,,,,,,,,,,,,,,,,,280,,,5.2,2020-07-06T14:25:00,,,,,,,,,,,,,,,,,,,,,,,,,,,,,,,,,,,,,,,,,,,,,,,,,,,,,,,,,,,,,,,,,,,,,,,,,,,,,,
2020-07-07,1008.7,1010.8,1010.0,2020-07-07T09:13:00,1007.6,2020-07-07T17:33:00,29.7,33.3,2020-07-07T10:05:00,25.7,2020-07-07T03:24:00,22.9,67,51,2020-07-07T09:16:00,1.9,300,8.6,270,2020-07-07T11:55:00,0.0,0.0,2020-07-07T00:00:00,0.0,2020-07-07T00:00:00,11.1,23.09,,-99.5,-99.5,-99.5,-99.5,-99.5,-99.5,,,,,,,,,24.2,2020-07-07T22:05:00,,,,21.4,2020-07-07T03:57:00,,,,,,,,,,,,,0.0,2020-07-07T00:00:00,,,,,,,,-99.5,,,81,2020-07-07T02:42:00,,,,,,,,,,,,,,,,,,,,,,,,,,,-99.5,,,,,7.6,-99.5,,,,,,,,,,,,,,,,,,,,,,,,,,,,,,,,,,,,,,,,,,,,,,,,,,,,,,,,,,,,,,,,,,,,,,,,,,,,,,,,,,,,280,,,5.3,2020-07-07T11:55:00,,,,,,,,,,,,,,,,,,,,,,,,,,,,,,,,,,,,,,,,,,,,,,,,,,,,,,,,,,,,,,,,,,,,,,,,,,,,,,
2020-07-08,1006.4,1008.4,1008.4,2020-07-08T00:02:00,1004.7,2020-07-08T16:06:00,30.0,32.9,2020-07-08T12:31:00,26.8,2020-07-08T04:48:00,23.1,67,54,2020-07-08T10:02:00,2.0,290,8.7,280,2020-07-08T15:04:00,0.0,0.0,2020-07-08T00:00:00,0.0,2020-07-08T00:00:00,11.9,24.38,,-99.5,-99.5,-99.5,-99.5,-99.5,-99.5,,,,,,,,,24.5,2020-07-08T15:47:00,,,,21.5,2020-07-08T06:46:00,,,,,,,,,,,,,0.0,2020-07-08T00:00:00,,,,,,,,-99.5,,,79,2020-07-08T02:00:00,,,,,,,,,,,,,,,,,,,,,,,,,,,-99.5,,,,,6.1,-99.5,,,,,,,,,,,,,,,,,,,,,,,,,,,,,,,,,,,,,,,,,,,,,,,,,,,,,,,,,,,,,,,,,,,,,,,,,,,,,,,,,,,,280,,,5.6,2020-07-08T15:09:00,,,,,,,,,,,,,,,,,,,,,,,,,,,,,,,,,,,,,,,,,,,,,,,,,,,,,,,,,,,,,,,,,,,,,,,,,,,,,,
2020-07-09,1004.5,1006.5,1005.5,2020-07-09T00:07:00,1003.8,2020-07-09T04:03:00,30.5,33.5,2020-07-09T09:11:00,27.7,2020-07-09T05:19:00,22.8,63,53,2020-07-09T12:57:00,2.0,300,8.9,280,2020-07-09T11:40:00,0.0,0.0,2020-07-09T00:00:00,0.0,2020-07-09T00:00:00,10.6,24.67,,-99.5,-99.5,-99.5,-99.5,-99.5,-99.5,,,,,,,,,24.0,2020-07-09T00:16:00,,,,21.6,2020-07-09T05:53:00,,,,,,,,,,,,,0.0,2020-07-09T00:00:00,,,,,,,,-99.5,,,74,2020-07-09T03:10:00,,,,,,,,,,,,,,,,,,,,,,,,,,,-99.5,,,,,5.8,-99.5,,,,,,,,,,,,,,,,,,,,,,,,,,,,,,,,,,,,,,,,,,,,,,,,,,,,,,,,,,,,,,,,,,,,,,,,,,,,,,,,,,,,280,,,5.3,2020-07-09T11:49:00,,,,,,,,,,,,,,,,,,,,,,,,,,,,,,,,,,,,,,,,,,,,,,,,,,,,,,,,,,,,,,,,,,,,,,,,,,,,,,
2020-07-10,1006.2,1008.2,1007.5,2020-07-10T10:00:00,1003.9,2020-07-10T02:56:00,30.6,33.4,2020-07-10T16:19:00,27.2,2020-07-10T04:33:00,22.4,61,50,2020-07-10T07:57:00,1.8,290,8.1,270,2020-07-10T16:11:00,0.0,0.0,2020-07-10T00:00:00,0.0,2020-07-10T00:00:00,11.1,26.95,,-99.5,-99.5,-99.5,-99.5,-99.5,-99.5,,,,,,,,,24.1,2020-07-10T11:39:00,,,,19.2,2020-07-10T06:56:00,,,,,,,,,,,,,0.0,2020-07-10T00:00:00,,,,,,,,-99.5,,,72,2020-07-10T04:30:00,,,,,,,,,,,,,,,,,,,,,,,,,,,-99.5,,,,,6.2,-99.5,,,,,,,,,,,,,,,,,,,,,,,,,,,,,,,,,,,,,,,,,,,,,,,,,,,,,,,,,,,,,,,,,,,,,,,,,,,,,,,,,,,,280,,,4.9,2020-07-10T15:29:00,,,,,,,,,,,,,,,,,,,,,,,,,,,,,,,,,,,,,,,,,,,,,,,,,,,,,,,,,,,,,,,,,,,,,,,,,,,,,,
2020-07-11,1007.0,1009.0,1008.3,2020-07-11T07:55:00,1005.2,2020-07-11T16:51:00,30.8,33.4,2020-07-11T09:26:00,27.7,2020-07-11T03:37:00,23.3,64,52,2020-07-11T09:26:00,2.5,290,9.4,280,2020-07-11T13:54:00,0.0,0.0,2020-07-11T00:00:00,0.0,2020-07-11T00:00:00,11.7,27.97,,-99.5,-99.5,-99.5,-99.5,-99.5,-99.5,,,,,,,,,24.8,2020-07-11T23:29:00,,,,21.4,2020-07-11T07:32:00,,,,,,,,,,,,,0.0,2020-07-11T00:00:00,,,,,,,,-99.5,,,75,2020-07-11T03:33:00,,,,,,,,,,,,,,,,,,,,,,,,,,,-99.5,,,,,5.7,-99.5,,,,,,,,,,,,,,,,,,,,,,,,,,,,,,,,,,,,,,,,,,,,,,,,,,,,,,,,,,,,,,,,,,,,,,,,,,,,,,,,,,,,280,,,6.3,2020-07-11T13:57:00,,,,,,,,,,,,,,,,,,,,,,,,,,,,,,,,,,,,,,,,,,,,,,,,,,,,,,,,,,,,,,,,,,,,,,,,,,,,,,
2020-07-12,1006.5,1008.5,1008.2,2020-07-12T00:26:00,1003.9,2020-07-12T15:01:00,31.2,34.9,2020-07-12T11:02:00,27.2,2020-07-12T04:32:00,23.3,63,44,2020-07-12T10:57:00,2.0,290,9.8,280,2020-07-12T13:53:00,2.5,0.5,2020-07-12T02:52:00,2.0,2020-07-12T03:30:00,10.8,26.34,,-99.5,-99.5,-99.5,-99.5,-99.5,-99.5,,,,,,,,,25.6,2020-07-12T03:07:00,,,,20.9,2020-07-12T10:59:00,,,,,,,,,,,,,2.0,2020-07-12T03:30:00,,,,,,,,-99.5,,,83,2020-07-12T04:57:00,,,,,,,,,,,,,,,,,,,,,,,,,,,-99.5,,,,,7.7,-99.5,,,,,,,,,,,,,,,,,,,,,,,,,,,,,,,,,,,,,,,,,,,,,,,,,,,,,,,,,,,,,,,,,,,,,,,,,,,,,,,,,,,,280,,,6.3,2020-07-12T15:10:00,,,,,,,,,,,,,,,,,,,,,,,,,,,,,,,,,,,,,,,,,,,,,,,,,,,,,,,,,,,,,,,,,,,,,,,,,,,,,,
2020-07-13,1005.7,1007.6,1006.7,2020-07-13T00:01:00,1004.2,2020-07-13T15:39:00,31.1,35.6,2020-07-13T11:04:00,28.1,2020-07-13T02:53:00,23.0,63,38,2020-07-13T11:23:00,1.9,290,9.6,270,2020-07-13T14:12:00,0.0,0.0,2020-07-13T00:00:00,0.0,2020-07-13T00:00:00,11.3,25.01,,-99.5,-99.5,-99.5,-99.5,-99.5,-99.5,,,,,,,,,24.1,2020-07-13T18:59:00,,,,19.1,2020-07-13T10:32:00,,,,,,,,,,,,,0.0,2020-07-13T00:00:00,,,,,,,,-99.5,,,76,2020-07-13T04:09:00,,,,,,,,,,,,,,,,,,,,,,,,,,,-99.5,,,,,7.5,-99.5,,,,,,,,,,,,,,,,,,,,,,,,,,,,,,,,,,,,,,,,,,,,,,,,,,,,,,,,,,,,,,,,,,,,,,,,,,,,,,,,,,,,280,,,5.8,2020-07-13T14:21:00,,,,,,,,,,,,,,,,,,,,,,,,,,,,,,,,,,,,,,,,,,,,,,,,,,,,,,,,,,,,,,,,,,,,,,,,,,,,,,
2020-07-14,1004.3,1006.3,1005.5,2020-07-14T09:13:00,1002.9,2020-07-14T18:07:00,29.9,34.3,2020-07-14T10:36:00,27.9,2020-07-14T04:47:00,23.3,68,46,2020-07-14T10:36:00,1.6,300,8.1,180,2020-07-14T14:10:00,0.0,0.0,2020-07-14T00:00:00,0.0,2020-07-14T00:00:00,10.9,16.16,,-99.5,-99.5,-99.5,-99.5,-99.5,-99.5,,,,,,,,,24.5,2020-07-14T13:53:00,,,,21.0,2020-07-14T09:41:00,,,,,,,,,,,,,0.0,2020-07-14T00:00:00,,,,,,,,-99.5,,,76,2020-07-14T01:52:00,,,,,,,,,,,,,,,,,,,,,,,,,,,-99.5,,,,,6.4,-99.5,,,,,,,,,,,,,,,,,,,,,,,,,,,,,,,,,,,,,,,,,,,,,,,,,,,,,,,,,,,,,,,,,,,,,,,,,,,,,,,,,,,,180,,,4.6,2020-07-14T14:15:00,,,,,,,,,,,,,,,,,,,,,,,,,,,,,,,,,,,,,,,,,,,,,,,,,,,,,,,,,,,,,,,,,,,,,,,,,,,,,,
2020-07-15,1005.1,1007.1,1007.1,2020-07-15T21:41:00,1002.2,2020-07-15T03:45:00,27.7,29.6,2020-07-15T15:52:00,25.9,2020-07-15T10:33:00,23.8,79,68,2020-07-15T15:25:00,1.2,320,10.6,160,2020-07-15T10:04:00,25.1,8.5,2020-07-15T10:05:00,18.6,2020-07-15T09:46:00,4.7,6.6,,-99.5,-99.5,-99.5,-99.5,-99.5,-99.5,,,,,,,,,24.8,2020-07-15T20:14:00,,,,22.7,2020-07-15T15:25:00,,,,,,,,,,,,,18.6,2020-07-15T09:46:00,,,,,,,,-99.5,,,88,2020-07-15T10:48:00,,,,,,,,,,,,,,,,,,,,,,,,,,,-99.5,,,,,3.7,-99.5,,,,,,,,,,,,,,,,,,,,,,,,,,,,,,,,,,,,,,,,,,,,,,,,,,,,,,,,,,,,,,,,,,,,,,,,,,,,,,,,,,,,240,,,4.2,2020-07-15T10:10:00,,,,,,,,,,,,,,,,,,,,,,,,,,,,,,,,,,,,,,,,,,,,,,,,,,,,,,,,,,,,,,,,,,,,,,,,,,,,,,
2020-07-16,1006.4,1008.4,1007.9,2020-07-16T22:25:00,1005.2,2020-07-16T15:26:00,29.2,32.9,2020-07-16T10:31:00,26.9,2020-07-16T04:57:00,23.8,72,55,2020-07-16T10:31:00,1.5,340,9.1,310,2020-07-16T15:01:00,0.0,0.0,2020-07-16T00:00:00,0.0,2020-07-16T00:00:00,10.2,16.79,,-99.5,-99.5,-99.5,-99.5,-99.5,-99.5,,,,,,,,,25.0,2020-07-16T15:41:00,,,,22.0,2020-07-16T09:13:00,,,,,,,,,,,,,0.0,2020-07-16T00:00:00,,,,,,,,-99.5,,,83,2020-07-16T03:02:00,,,,,,,,,,,,,,,,,,,,,,,,,,,-99.5,,,,,6.0,-99.5,,,,,,,,,,,,,,,,,,,,,,,,,,,,,,,,,,,,,,,,,,,,,,,,,,,,,,,,,,,,,,,,,,,,,,,,,,,,,,,,,,,,290,,,5.1,2020-07-16T15:06:00,,,,,,,,,,,,,,,,,,,,,,,,,,,,,,,,,,,,,,,,,,,,,,,,,,,,,,,,,,,,,,,,,,,,,,,,,,,,,,
2020-07-17,1007.6,1009.6,1009.3,2020-07-17T21:39:00,1006.2,2020-07-17T02:55:00,30.1,34.0,2020-07-17T12:32:00,26.3,2020-07-17T04:41:00,23.2,67,49,2020-07-17T12:32:00,2.0,310,9.0,270,2020-07-17T13:37:00,0.0,0.0,2020-07-17T00:00:00,0.0,2020-07-17T00:00:00,11.3,23.58,,-99.5,-99.5,-99.5,-99.5,-99.5,-99.5,,,,,,,,,24.8,2020-07-17T21:15:00,,,,21.4,2020-07-17T10:57:00,,,,,,,,,,,,,0.0,2020-07-17T00:00:00,,,,,,,,-99.5,,,82,2020-07-17T02:19:00,,,,,,,,,,,,,,,,,,,,,,,,,,,-99.5,,,,,7.7,-99.5,,,,,,,,,,,,,,,,,,,,,,,,,,,,,,,,,,,,,,,,,,,,,,,,,,,,,,,,,,,,,,,,,,,,,,,,,,,,,,,,,,,,280,,,5.5,2020-07-17T14:01:00,,,,,,,,,,,,,,,,,,,,,,,,,,,,,,,,,,,,,,,,,,,,,,,,,,,,,,,,,,,,,,,,,,,,,,,,,,,,,,
2020-07-18,1007.5,1009.4,1008.7,2020-07-18T08:49:00,1006.3,2020-07-18T15:50:00,30.6,33.6,2020-07-18T10:29:00,27.1,2020-07-18T05:46:00,23.3,65,48,2020-07-18T13:33:00,2.2,280,9.1,280,2020-07-18T12:28:00,0.0,0.0,2020-07-18T00:00:00,0.0,2020-07-18T00:00:00,11.6,27.7,,-99.5,-99.5,-99.5,-99.5,-99.5,-99.5,,,,,,,,,24.3,2020-07-18T22:51:00,,,,20.9,2020-07-18T13:34:00,,,,,,,,,,,,,0.0,2020-07-18T00:00:00,,,,,,,,-99.5,,,80,2020-07-18T02:58:00,,,,,,,,,,,,,,,,,,,,,,,,,,,-99.5,,,,,6.5,-99.5,,,,,,,,,,,,,,,,,,,,,,,,,,,,,,,,,,,,,,,,,,,,,,,,,,,,,,,,,,,,,,,,,,,,,,,,,,,,,,,,,,,,280,,,5.6,2020-07-18T11:29:00,,,,,,,,,,,,,,,,,,,,,,,,,,,,,,,,,,,,,,,,,,,,,,,,,,,,,,,,,,,,,,,,,,,,,,,,,,,,,,
2020-07-19,1007.6,1009.6,1009.3,2020-07-19T22:14:00,1006.3,2020-07-19T15:45:00,30.0,33.1,2020-07-19T13:12:00,27.3,2020-07-19T22:43:00,22.9,66,54,2020-07-19T08:28:00,1.9,210,8.4,280,2020-07-19T13:38:00,0.0,0.0,2020-07-19T00:00:00,0.0,2020-07-19T00:00:00,10.1,25.48,,-99.5,-99.5,-99.5,-99.5,-99.5,-99.5,,,,,,,,,24.4,2020-07-19T01:20:00,,,,21.8,2020-07-19T06:26:00,,,,,,,,,,,,,0.0,2020-07-19T00:00:00,,,,,,,,-99.5,,,78,2020-07-19T01:52:00,,,,,,,,,,,,,,,,,,,,,,,,,,,-99.5,,,,,5.8,-99.5,,,,,,,,,,,,,,,,,,,,,,,,,,,,,,,,,,,,,,,,,,,,,,,,,,,,,,,,,,,,,,,,,,,,,,,,,,,,,,,,,,,,280,,,4.6,2020-07-19T11:27:00,,,,,,,,,,,,,,,,,,,,,,,,,,,,,,,,,,,,,,,,,,,,,,,,,,,,,,,,,,,,,,,,,,,,,,,,,,,,,,
2020-07-20,1008.8,1010.8,1010.4,2020-07-20T21:40:00,1007.4,2020-07-20T04:07:00,28.8,33.0,2020-07-20T12:33:00,26.2,2020-07-20T05:00:00,22.5,69,53,2020-07-20T09:20:00,1.8,150,8.2,220,2020-07-20T11:35:00,1.5,1.0,2020-07-20T14:03:00,1.5,2020-07-20T13:26:00,9.6,21.39,,-99.5,-99.5,-99.5,-99.5,-99.5,-99.5,,,,,,,,,24.8,2020-07-20T14:30:00,,,,20.7,2020-07-20T08:05:00,,,,,,,,,,,,,1.5,2020-07-20T13:26:00,,,,,,,,-99.5,,,80,2020-07-20T15:45:00,,,,,,,,,,,,,,,,,,,,,,,,,,,-99.5,,,,,6.8,-99.5,,,,,,,,,,,,,,,,,,,,,,,,,,,,,,,,,,,,,,,,,,,,,,,,,,,,,,,,,,,,,,,,,,,,,,,,,,,,,,,,,,,,210,,,4.2,2020-07-20T11:17:00,,,,,,,,,,,,,,,,,,,,,,,,,,,,,,,,,,,,,,,,,,,,,,,,,,,,,,,,,,,,,,,,,,,,,,,,,,,,,,
2020-07-21,1009.2,1011.2,1010.5,2020-07-21T08:11:00,1007.4,2020-07-21T16:52:00,30.1,34.3,2020-07-21T10:45:00,25.5,2020-07-21T04:44:00,22.1,63,43,2020-07-21T10:44:00,1.6,320,7.0,280,2020-07-21T13:25:00,0.0,0.0,2020-07-21T00:00:00,0.0,2020-07-21T00:00:00,11.4,27.62,,-99.5,-99.5,-99.5,-99.5,-99.5,-99.5,,,,,,,,,23.7,2020-07-21T23:13:00,,,,19.7,2020-07-21T12:15:00,,,,,,,,,,,,,0.0,2020-07-21T00:00:00,,,,,,,,-99.5,,,81,2020-07-21T04:42:00,,,,,,,,,,,,,,,,,,,,,,,,,,,-99.5,,,,,8.8,-99.5,,,,,,,,,,,,,,,,,,,,,,,,,,,,,,,,,,,,,,,,,,,,,,,,,,,,,,,,,,,,,,,,,,,,,,,,,,,,,,,,,,,,280,,,4.7,2020-07-21T13:04:00,,,,,,,,,,,,,,,,,,,,,,,,,,,,,,,,,,,,,,,,,,,,,,,,,,,,,,,,,,,,,,,,,,,,,,,,,,,,,,
2020-07-22,1008.4,1010.4,1009.7,2020-07-22T00:01:00,1006.6,2020-07-22T15:39:00,30.5,33.6,2020-07-22T11:14:00,27.3,2020-07-22T04:32:00,23.2,65,48,2020-07-22T10:28:00,1.7,300,7.8,280,2020-07-22T15:26:00,0.0,0.0,2020-07-22T00:00:00,0.0,2020-07-22T00:00:00,10.0,25.61,,-99.5,-99.5,-99.5,-99.5,-99.5,-99.5,,,,,,,,,24.2,2020-07-22T18:40:00,,,,21.2,2020-07-22T10:28:00,,,,,,,,,,,,,0.0,2020-07-22T00:00:00,,,,,,,,-99.5,,,78,2020-07-22T05:10:00,,,,,,,,,,,,,,,,,,,,,,,,,,,-99.5,,,,,6.3,-99.5,,,,,,,,,,,,,,,,,,,,,,,,,,,,,,,,,,,,,,,,,,,,,,,,,,,,,,,,,,,,,,,,,,,,,,,,,,,,,,,,,,,,280,,,4.6,2020-07-22T14:04:00,,,,,,,,,,,,,,,,,,,,,,,,,,,,,,,,,,,,,,,,,,,,,,,,,,,,,,,,,,,,,,,,,,,,,,,,,,,,,,
2020-07-23,1007.6,1009.6,1008.5,2020-07-23T07:58:00,1006.4,2020-07-23T15:32:00,30.1,35.0,2020-07-23T10:07:00,27.1,2020-07-23T05:44:00,23.7,69,46,2020-07-23T09:50:00,1.6,280,8.3,280,2020-07-23T12:32:00,0.0,0.0,2020-07-23T00:00:00,0.0,2020-07-23T00:00:00,10.6,23.83,,-99.5,-99.5,-99.5,-99.5,-99.5,-99.5,,,,,,,,,25.3,2020-07-23T17:54:00,,,,21.7,2020-07-23T09:55:00,,,,,,,,,,,,,0.0,2020-07-23T00:00:00,,,,,,,,-99.5,,,81,2020-07-23T03:31:00,,,,,,,,,,,,,,,,,,,,,,,,,,,-99.5,,,,,7.9,-99.5,,,,,,,,,,,,,,,,,,,,,,,,,,,,,,,,,,,,,,,,,,,,,,,,,,,,,,,,,,,,,,,,,,,,,,,,,,,,,,,,,,,,280,,,4.8,2020-07-23T12:02:00,,,,,,,,,,,,,,,,,,,,,,,,,,,,,,,,,,,,,,,,,,,,,,,,,,,,,,,,,,,,,,,,,,,,,,,,,,,,,,
2020-07-24,1006.8,1008.8,1008.5,2020-07-24T08:59:00,1004.7,2020-07-24T16:26:00,30.5,34.3,2020-07-24T10:39:00,26.8,2020-07-24T05:15:00,23.8,68,45,2020-07-24T10:39:00,2.0,250,8.2,280,2020-07-24T14:47:00,0.0,0.0,2020-07-24T00:00:00,0.0,2020-07-24T00:00:00,10.5,26.39,,-99.5,-99.5,-99.5,-99.5,-99.5,-99.5,,,,,,,,,25.2,2020-07-24T23:26:00,,,,20.7,2020-07-24T10:40:00,,,,,,,,,,,,,0.0,2020-07-24T00:00:00,,,,,,,,-99.5,,,82,2020-07-24T05:28:00,,,,,,,,,,,,,,,,,,,,,,,,,,,-99.5,,,,,7.5,-99.5,,,,,,,,,,,,,,,,,,,,,,,,,,,,,,,,,,,,,,,,,,,,,,,,,,,,,,,,,,,,,,,,,,,,,,,,,,,,,,,,,,,,280,,,5.0,2020-07-24T14:48:00,,,,,,,,,,,,,,,,,,,,,,,,,,,,,,,,,,,,,,,,,,,,,,,,,,,,,,,,,,,,,,,,,,,,,,,,,,,,,,
2020-07-25,1006.1,1008.1,1007.4,2020-07-25T22:29:00,1004.3,2020-07-25T15:58:00,30.2,33.0,2020-07-25T13:21:00,28.1,2020-07-25T05:50:00,23.3,66,56,2020-07-25T09:49:00,2.3,210,8.6,180,2020-07-25T01:39:00,0.0,0.0,2020-07-25T00:00:00,0.0,2020-07-25T00:00:00,9.8,18.95,,-99.5,-99.5,-99.5,-99.5,-99.5,-99.5,,,,,,,,,25.2,2020-07-25T00:06:00,,,,19.4,2020-07-25T18:00:00,,,,,,,,,,,,,0.0,2020-07-25T00:00:00,,,,,,,,-99.5,,,77,2020-07-26T00:00:00,,,,,,,,,,,,,,,,,,,,,,,,,,,-99.5,,,,,4.9,-99.5,,,,,,,,,,,,,,,,,,,,,,,,,,,,,,,,,,,,,,,,,,,,,,,,,,,,,,,,,,,,,,,,,,,,,,,,,,,,,,,,,,,,280,,,4.8,2020-07-25T14:25:00,,,,,,,,,,,,,,,,,,,,,,,,,,,,,,,,,,,,,,,,,,,,,,,,,,,,,,,,,,,,,,,,,,,,,,,,,,,,,,
2020-07-26,1005.9,1007.9,1007.0,2020-07-26T21:32:00,1004.3,2020-07-26T14:44:00,29.7,33.2,2020-07-26T13:39:00,27.0,2020-07-26T04:17:00,23.7,70,53,2020-07-26T13:09:00,1.7,290,7.7,280,2020-07-26T14:20:00,0.0,0.0,2020-07-26T00:00:00,0.0,2020-07-26T00:00:00,8.8,18.94,,-99.5,-99.5,-99.5,-99.5,-99.5,-99.5,,,,,,,,,24.7,2020-07-26T19:00:00,,,,22.2,2020-07-26T13:09:00,,,,,,,,,,,,,0.0,2020-07-26T00:00:00,,,,,,,,-99.5,,,81,2020-07-26T05:22:00,,,,,,,,,,,,,,,,,,,,,,,,,,,-99.5,,,,,6.2,-99.5,,,,,,,,,,,,,,,,,,,,,,,,,,,,,,,,,,,,,,,,,,,,,,,,,,,,,,,,,,,,,,,,,,,,,,,,,,,,,,,,,,,,280,,,4.2,2020-07-26T14:24:00,,,,,,,,,,,,,,,,,,,,,,,,,,,,,,,,,,,,,,,,,,,,,,,,,,,,,,,,,,,,,,,,,,,,,,,,,,,,,,
2020-07-27,1005.9,1007.9,1007.3,2020-07-27T21:30:00,1004.6,2020-07-27T15:45:00,29.9,33.1,2020-07-27T12:16:00,26.8,2020-07-27T03:04:00,23.1,67,49,2020-07-27T11:58:00,1.8,190,8.1,250,2020-07-27T10:57:00,0.0,0.0,2020-07-27T00:00:00,0.0,2020-07-27T00:00:00,11.4,22.14,,-99.5,-99.5,-99.5,-99.5,-99.5,-99.5,,,,,,,,,24.6,2020-07-27T23:09:00,,,,20.0,2020-07-27T11:33:00,,,,,,,,,,,,,0.0,2020-07-27T00:00:00,,,,,,,,-99.5,,,77,2020-07-27T06:11:00,,,,,,,,,,,,,,,,,,,,,,,,,,,-99.5,,,,,6.3,-99.5,,,,,,,,,,,,,,,,,,,,,,,,,,,,,,,,,,,,,,,,,,,,,,,,,,,,,,,,,,,,,,,,,,,,,,,,,,,,,,,,,,,,240,,,4.4,2020-07-27T11:04:00,,,,,,,,,,,,,,,,,,,,,,,,,,,,,,,,,,,,,,,,,,,,,,,,,,,,,,,,,,,,,,,,,,,,,,,,,,,,,,
2020-07-28,1007.0,1009.0,1008.1,2020-07-28T22:19:00,1005.1,2020-07-28T14:13:00,28.4,32.4,2020-07-28T14:14:00,25.2,2020-07-28T18:57:00,23.0,73,56,2020-07-28T11:20:00,1.6,190,7.8,250,2020-07-28T14:01:00,5.0,1.0,2020-07-28T18:43:00,2.5,2020-07-28T18:15:00,8.3,19.2,,-99.5,-99.5,-99.5,-99.5,-99.5,-99.5,,,,,,,,,24.9,2020-07-28T16:06:00,,,,21.6,2020-07-28T23:49:00,,,,,,,,,,,,,2.5,2020-07-28T18:15:00,,,,,,,,-99.5,,,84,2020-07-28T16:32:00,,,,,,,,,,,,,,,,,,,,,,,,,,,-99.5,,,,,7.2,-99.5,,,,,,,,,,,,,,,,,,,,,,,,,,,,,,,,,,,,,,,,,,,,,,,,,,,,,,,,,,,,,,,,,,,,,,,,,,,,,,,,,,,,240,,,4.5,2020-07-28T14:10:00,,,,,,,,,,,,,,,,,,,,,,,,,,,,,,,,,,,,,,,,,,,,,,,,,,,,,,,,,,,,,,,,,,,,,,,,,,,,,,
2020-07-29,1006.3,1008.3,1008.2,2020-07-29T21:42:00,1004.3,2020-07-29T15:42:00,28.1,33.9,2020-07-29T12:09:00,24.6,2020-07-29T05:21:00,22.3,71,46,2020-07-29T11:46:00,1.5,340,7.7,280,2020-07-29T16:01:00,13.4,12.4,2020-07-29T17:30:00,13.4,2020-07-29T16:42:00,8.7,20.97,,-99.5,-99.5,-99.5,-99.5,-99.5,-99.5,,,,,,,,,24.8,2020-07-29T23:28:00,,,,20.4,2020-07-29T11:36:00,,,,,,,,,,,,,13.4,2020-07-29T16:42:00,,,,,,,,-99.5,,,85,2020-07-29T17:48:00,,,,,,,,,,,,,,,,,,,,,,,,,,,-99.5,,,,,9.3,-99.5,,,,,,,,,,,,,,,,,,,,,,,,,,,,,,,,,,,,,,,,,,,,,,,,,,,,,,,,,,,,,,,,,,,,,,,,,,,,,,,,,,,,280,,,4.8,2020-07-29T15:09:00,,,,,,,,,,,,,,,,,,,,,,,,,,,,,,,,,,,,,,,,,,,,,,,,,,,,,,,,,,,,,,,,,,,,,,,,,,,,,,
2020-07-30,1005.2,1007.2,1008.0,2020-07-30T07:19:00,1003.3,2020-07-30T17:54:00,29.0,32.5,2020-07-30T14:09:00,26.5,2020-07-30T05:02:00,23.7,73,58,2020-07-30T14:29:00,1.2,110,4.9,260,2020-07-30T19:58:00,3.0,2.0,2020-07-30T07:22:00,3.0,2020-07-30T06:39:00,9.9,12.17,,-99.5,-99.5,-99.5,-99.5,-99.5,-99.5,,,,,,,,,25.2,2020-07-30T15:37:00,,,,21.7,2020-07-30T09:24:00,,,,,,,,,,,,,3.0,2020-07-30T06:39:00,,,,,,,,-99.5,,,85,2020-07-30T03:12:00,,,,,,,,,,,,,,,,,,,,,,,,,,,-99.5,,,,,6.0,-99.5,,,,,,,,,,,,,,,,,,,,,,,,,,,,,,,,,,,,,,,,,,,,,,,,,,,,,,,,,,,,,,,,,,,,,,,,,,,,,,,,,,,,280,,,2.9,2020-07-30T13:36:00,,,,,,,,,,,,,,,,,,,,,,,,,,,,,,,,,,,,,,,,,,,,,,,,,,,,,,,,,,,,,,,,,,,,,,,,,,,,,,
2020-07-31,1005.4,1007.4,1007.6,2020-08-01T00:00:00,1004.0,2020-07-31T17:13:00,28.7,33.5,2020-07-31T16:23:00,26.1,2020-07-31T06:05:00,23.6,74,52,2020-07-31T15:53:00,1.1,50,5.2,60,2020-07-31T11:19:00,3.0,1.0,2020-07-31T04:31:00,1.5,2020-07-31T03:41:00,7.3,11.85,,-99.5,-99.5,-99.5,-99.5,-99.5,-99.5,,,,,,,,,24.8,2020-07-31T23:22:00,,,,21.7,2020-07-31T20:44:00,,,,,,,,,,,,,1.5,2020-07-31T03:41:00,,,,,,,,-99.5,,,85,2020-07-31T08:51:00,,,,,,,,,,,,,,,,,,,,,,,,,,,-99.5,,,,,7.4,-99.5,,,,,,,,,,,,,,,,,,,,,,,,,,,,,,,,,,,,,,,,,,,,,,,,,,,,,,,,,,,,,,,,,,,,,,,,,,,,,,,,,,,,70,,,2.4,2020-07-31T11:37:00,,,,,,,,,,,,,,,,,,,,,,,,,,,,,,,,,,,,,,,,,,,,,,,,,,,,,,,,,,,,,,,,,,,,,,,,,,,,,,
2020-08-01,1006.2,1008.2,1007.6,2020-08-01T00:01:00,1004.3,2020-08-01T15:40:00,30.0,34.1,2020-08-01T12:50:00,26.2,2020-08-01T05:26:00,23.1,67,49,2020-08-01T12:51:00,1.8,180,10.6,190,2020-08-01T15:07:00,0.0,0.0,2020-08-01T00:00:00,0.0,2020-08-01T00:00:00,10.7,22.03,,-99.5,-99.5,-99.5,-99.5,-99.5,-99.5,,,,,,,,,24.9,2020-08-01T01:27:00,,,,21.4,2020-08-01T09:41:00,,,,,,,,,,,,,0.0,2020-08-01T00:00:00,,,,,,,,-99.5,,,84,2020-08-01T05:53:00,,,,,,,,,,,,,,,,,,,,,,,,,,,-99.5,,,,,7.9,-99.5,,,,,,,,,,,,,,,,,,,,,,,,,,,,,,,,,,,,,,,,,,,,,,,,,,,,,,,,,,,,,,,,,,,,,,,,,,,,,,,,,,,,180,,,6.1,2020-08-01T14:45:00,,,,,,,,,,,,,,,,,,,,,,,,,,,,,,,,,,,,,,,,,,,,,,,,,,,,,,,,,,,,,,,,,,,,,,,,,,,,,,
2020-08-02,1005.9,1007.9,1007.2,2020-08-02T00:01:00,1004.2,2020-08-02T17:29:00,28.3,32.3,2020-08-02T11:55:00,25.6,2020-08-02T23:55:00,23.2,74,56,2020-08-02T11:55:00,1.6,270,8.3,280,2020-08-02T12:15:00,13.0,7.5,2020-08-02T23:41:00,11.5,2020-08-02T22:56:00,7.2,19.34,,-99.5,-99.5,-99.5,-99.5,-99.5,-99.5,,,,,,,,,24.1,2020-08-02T14:48:00,,,,21.9,2020-08-02T05:41:00,,,,,,,,,,,,,11.5,2020-08-02T22:56:00,,,,,,,,-99.5,,,87,2020-08-03T00:00:00,,,,,,,,,,,,,,,,,,,,,,,,,,,-99.5,,,,,6.7,-99.5,,,,,,,,,,,,,,,,,,,,,,,,,,,,,,,,,,,,,,,,,,,,,,,,,,,,,,,,,,,,,,,,,,,,,,,,,,,,,,,,,,,,270,,,4.6,2020-08-02T12:53:00,,,,,,,,,,,,,,,,,,,,,,,,,,,,,,,,,,,,,,,,,,,,,,,,,,,,,,,,,,,,,,,,,,,,,,,,,,,,,,
2020-08-03,1004.4,1006.4,1005.9,2020-08-03T23:41:00,1003.2,2020-08-03T04:57:00,26.2,27.6,2020-08-03T09:56:00,24.9,2020-08-03T23:47:00,23.1,83,73,2020-08-03T10:04:00,1.7,130,14.1,170,2020-08-03T23:49:00,46.0,12.5,2020-08-03T23:40:00,22.0,2020-08-03T22:56:00,5.9,6.78,,-99.5,-99.5,-99.5,-99.5,-99.5,-99.5,,,,,,,,,24.2,2020-08-03T23:26:00,,,,22.1,2020-08-03T14:38:00,,,,,,,,,,,,,22.0,2020-08-03T22:56:00,,,,,,,,-99.5,,,88,2020-08-04T00:00:00,,,,,,,,,,,,,,,,,,,,,,,,,,,-99.5,,,,,2.7,-99.5,,,,,,,,,,,,,,,,,,,,,,,,,,,,,,,,,,,,,,,,,,,,,,,,,,,,,,,,,,,,,,,,,,,,,,,,,,,,,,,,,,,,190,,,7.1,2020-08-03T23:50:00,,,,,,,,,,,,,,,,,,,,,,,,,,,,,,,,,,,,,,,,,,,,,,,,,,,,,,,,,,,,,,,,,,,,,,,,,,,,,,
2020-08-04,1006.6,1008.6,1008.7,2020-08-04T21:29:00,1004.0,2020-08-04T03:58:00,25.7,29.1,2020-08-04T13:29:00,24.2,2020-08-04T05:02:00,22.8,84,69,2020-08-04T13:30:00,1.8,140,12.2,200,2020-08-04T16:15:00,93.6,14.5,2020-08-04T09:11:00,33.1,2020-08-04T16:12:00,4.1,4.26,,-99.5,-99.5,-99.5,-99.5,-99.5,-99.5,,,,,,,,,24.1,2020-08-04T00:37:00,,,,21.6,2020-08-04T05:00:00,,,,,,,,,,,,,33.1,2020-08-04T16:12:00,,,,,,,,-99.5,,,88,2020-08-04T00:01:00,,,,,,,,,,,,,,,,,,,,,,,,,,,-99.5,,,,,4.9,-99.5,,,,,,,,,,,,,,,,,,,,,,,,,,,,,,,,,,,,,,,,,,,,,,,,,,,,,,,,,,,,,,,,,,,,,,,,,,,,,,,,,,,,230,,,5.9,2020-08-04T16:24:00,,,,,,,,,,,,,,,,,,,,,,,,,,,,,,,,,,,,,,,,,,,,,,,,,,,,,,,,,,,,,,,,,,,,,,,,,,,,,,
2020-08-05,1008.2,1010.2,1010.8,2020-08-05T23:08:00,1006.5,2020-08-05T16:21:00,29.3,34.3,2020-08-05T11:49:00,24.5,2020-08-05T05:35:00,22.5,68,46,2020-08-05T11:56:00,1.4,140,8.1,170,2020-08-05T15:36:00,0.0,0.0,2020-08-05T00:00:00,0.0,2020-08-05T00:00:00,10.8,25.47,,-99.5,-99.5,-99.5,-99.5,-99.5,-99.5,,,,,,,,,24.8,2020-08-05T19:36:00,,,,20.6,2020-08-05T09:53:00,,,,,,,,,,,,,0.0,2020-08-05T00:00:00,,,,,,,,-99.5,,,86,2020-08-05T00:16:00,,,,,,,,,,,,,,,,,,,,,,,,,,,-99.5,,,,,9.8,-99.5,,,,,,,,,,,,,,,,,,,,,,,,,,,,,,,,,,,,,,,,,,,,,,,,,,,,,,,,,,,,,,,,,,,,,,,,,,,,,,,,,,,,190,,,4.4,2020-08-05T15:50:00,,,,,,,,,,,,,,,,,,,,,,,,,,,,,,,,,,,,,,,,,,,,,,,,,,,,,,,,,,,,,,,,,,,,,,,,,,,,,,
2020-08-06,1008.8,1010.8,1010.6,2020-08-06T00:11:00,1007.0,2020-08-06T15:33:00,29.5,34.0,2020-08-06T10:46:00,26.6,2020-08-06T05:41:00,23.5,70,54,2020-08-06T10:46:00,1.6,320,7.5,280,2020-08-06T13:44:00,0.0,0.0,2020-08-06T00:00:00,0.0,2020-08-06T00:00:00,9.2,22.74,,-99.5,-99.5,-99.5,-99.5,-99.5,-99.5,,,,,,,,,24.2,2020-08-06T17:59:00,,,,22.4,2020-08-06T20:21:00,,,,,,,,,,,,,0.0,2020-08-06T00:00:00,,,,,,,,-99.5,,,81,2020-08-06T03:38:00,,,,,,,,,,,,,,,,,,,,,,,,,,,-99.5,,,,,7.4,-99.5,,,,,,,,,,,,,,,,,,,,,,,,,,,,,,,,,,,,,,,,,,,,,,,,,,,,,,,,,,,,,,,,,,,,,,,,,,,,,,,,,,,,280,,,5.0,2020-08-06T14:46:00,,,,,,,,,,,,,,,,,,,,,,,,,,,,,,,,,,,,,,,,,,,,,,,,,,,,,,,,,,,,,,,,,,,,,,,,,,,,,,
2020-08-07,1006.7,1008.6,1008.9,2020-08-07T00:01:00,1004.9,2020-08-07T16:10:00,29.5,33.0,2020-08-07T12:09:00,26.0,2020-08-07T03:54:00,22.9,68,49,2020-08-07T10:18:00,1.7,310,8.7,270,2020-08-07T12:47:00,0.0,0.0,2020-08-07T00:00:00,0.0,2020-08-07T00:00:00,8.9,22.77,,-99.5,-99.5,-99.5,-99.5,-99.5,-99.5,,,,,,,,,24.2,2020-08-07T20:36:00,,,,20.3,2020-08-07T10:18:00,,,,,,,,,,,,,0.0,2020-08-07T00:00:00,,,,,,,,-99.5,,,82,2020-08-07T02:21:00,,,,,,,,,,,,,,,,,,,,,,,,,,,-99.5,,,,,7.0,-99.5,,,,,,,,,,,,,,,,,,,,,,,,,,,,,,,,,,,,,,,,,,,,,,,,,,,,,,,,,,,,,,,,,,,,,,,,,,,,,,,,,,,,280,,,5.2,2020-08-07T12:50:00,,,,,,,,,,,,,,,,,,,,,,,,,,,,,,,,,,,,,,,,,,,,,,,,,,,,,,,,,,,,,,,,,,,,,,,,,,,,,,
2020-08-08,1003.6,1005.6,1006.5,2020-08-08T00:01:00,1000.8,2020-08-08T16:10:00,29.3,34.4,2020-08-08T13:28:00,25.3,2020-08-08T18:24:00,23.5,71,50,2020-08-08T11:24:00,1.5,300,9.4,190,2020-08-08T18:17:00,34.5,7.0,2020-08-08T18:02:00,23.5,2020-08-08T17:35:00,10.1,23.0,,-99.5,-99.5,-99.5,-99.5,-99.5,-99.5,,,,,,,,,26.2,2020-08-08T17:00:00,,,,22.0,2020-08-08T09:25:00,,,,,,,,,,,,,23.5,2020-08-08T17:35:00,,,,,,,,-99.5,,,88,2020-08-08T18:51:00,,,,,,,,,,,,,,,,,,,,,,,,,,,-99.5,,,,,9.1,-99.5,,,,,,,,,,,,,,,,,,,,,,,,,,,,,,,,,,,,,,,,,,,,,,,,,,,,,,,,,,,,,,,,,,,,,,,,,,,,,,,,,,,,280,,,5.5,2020-08-08T12:59:00,,,,,,,,,,,,,,,,,,,,,,,,,,,,,,,,,,,,,,,,,,,,,,,,,,,,,,,,,,,,,,,,,,,,,,,,,,,,,,
2020-08-09,1002.2,1004.2,1004.1,2020-08-09T22:23:00,1000.5,2020-08-09T14:52:00,30.0,34.0,2020-08-09T11:59:00,26.5,2020-08-09T05:47:00,23.7,69,53,2020-08-09T11:03:00,1.8,320,9.8,290,2020-08-09T14:09:00,0.0,0.0,2020-08-09T00:00:00,0.0,2020-08-09T00:00:00,10.9,25.06,,-99.5,-99.5,-99.5,-99.5,-99.5,-99.5,,,,,,,,,24.5,2020-08-09T13:46:00,,,,22.5,2020-08-09T10:30:00,,,,,,,,,,,,,0.0,2020-08-09T00:00:00,,,,,,,,-99.5,,,82,2020-08-09T03:02:00,,,,,,,,,,,,,,,,,,,,,,,,,,,-99.5,,,,,7.5,-99.5,,,,,,,,,,,,,,,,,,,,,,,,,,,,,,,,,,,,,,,,,,,,,,,,,,,,,,,,,,,,,,,,,,,,,,,,,,,,,,,,,,,,290,,,5.0,2020-08-09T14:14:00,,,,,,,,,,,,,,,,,,,,,,,,,,,,,,,,,,,,,,,,,,,,,,,,,,,,,,,,,,,,,,,,,,,,,,,,,,,,,,
2020-08-10,1003.7,1005.7,1005.2,2020-08-10T21:55:00,1002.1,2020-08-10T03:07:00,29.6,33.2,2020-08-10T10:30:00,27.3,2020-08-10T06:09:00,23.1,68,49,2020-08-10T10:30:00,3.5,170,12.6,160,2020-08-10T23:28:00,3.0,1.5,2020-08-10T14:26:00,3.0,2020-08-10T13:59:00,7.7,14.08,,-99.5,-99.5,-99.5,-99.5,-99.5,-99.5,,,,,,,,,25.0,2020-08-10T15:05:00,,,,20.7,2020-08-10T23:16:00,,,,,,,,,,,,,3.0,2020-08-10T13:59:00,,,,,,,,-99.5,,,84,2020-08-10T15:05:00,,,,,,,,,,,,,,,,,,,,,,,,,,,-99.5,,,,,5.9,-99.5,,,,,,,,,,,,,,,,,,,,,,,,,,,,,,,,,,,,,,,,,,,,,,,,,,,,,,,,,,,,,,,,,,,,,,,,,,,,,,,,,,,,170,,,6.8,2020-08-10T23:58:00,,,,,,,,,,,,,,,,,,,,,,,,,,,,,,,,,,,,,,,,,,,,,,,,,,,,,,,,,,,,,,,,,,,,,,,,,,,,,,
2020-08-11,1008.4,1010.4,1012.1,2020-08-11T22:59:00,1004.2,2020-08-11T02:43:00,28.7,30.1,2020-08-11T00:29:00,25.3,2020-08-11T09:51:00,23.2,72,60,2020-08-11T00:28:00,3.8,170,13.3,160,2020-08-11T00:13:00,47.4,18.9,2020-08-11T09:28:00,38.9,2020-08-11T09:25:00,6.7,6.28,,-99.5,-99.5,-99.5,-99.5,-99.5,-99.5,,,,,,,,,24.6,2020-08-11T08:52:00,,,,21.5,2020-08-11T00:27:00,,,,,,,,,,,,,38.9,2020-08-11T09:25:00,,,,,,,,-99.5,,,89,2020-08-11T09:58:00,,,,,,,,,,,,,,,,,,,,,,,,,,,-99.5,,,,,4.8,-99.5,,,,,,,,,,,,,,,,,,,,,,,,,,,,,,,,,,,,,,,,,,,,,,,,,,,,,,,,,,,,,,,,,,,,,,,,,,,,,,,,,,,,170,,,7.5,2020-08-11T02:07:00,,,,,,,,,,,,,,,,,,,,,,,,,,,,,,,,,,,,,,,,,,,,,,,,,,,,,,,,,,,,,,,,,,,,,,,,,,,,,,
2020-08-12,1010.8,1012.8,1013.1,2020-08-12T21:54:00,1008.7,2020-08-12T16:49:00,30.2,32.9,2020-08-12T11:59:00,27.7,2020-08-12T00:19:00,22.9,65,55,2020-08-12T11:59:00,3.3,180,13.0,180,2020-08-12T15:36:00,0.0,0.0,2020-08-12T00:00:00,0.0,2020-08-12T00:00:00,11.0,27.54,,-99.5,-99.5,-99.5,-99.5,-99.5,-99.5,,,,,,,,,24.3,2020-08-12T01:18:00,,,,21.9,2020-08-12T18:16:00,,,,,,,,,,,,,0.0,2020-08-12T00:00:00,,,,,,,,-99.5,,,79,2020-08-12T01:18:00,,,,,,,,,,,,,,,,,,,,,,,,,,,-99.5,,,,,5.2,-99.5,,,,,,,,,,,,,,,,,,,,,,,,,,,,,,,,,,,,,,,,,,,,,,,,,,,,,,,,,,,,,,,,,,,,,,,,,,,,,,,,,,,,190,,,7.4,2020-08-12T14:47:00,,,,,,,,,,,,,,,,,,,,,,,,,,,,,,,,,,,,,,,,,,,,,,,,,,,,,,,,,,,,,,,,,,,,,,,,,,,,,,
2020-08-13,1010.3,1012.3,1012.2,2020-08-13T00:04:00,1008.7,2020-08-13T15:04:00,28.1,33.4,2020-08-13T10:25:00,25.9,2020-08-13T20:48:00,22.9,74,50,2020-08-13T10:26:00,1.5,320,9.2,280,2020-08-13T13:52:00,19.0,5.5,2020-08-13T14:12:00,14.5,2020-08-13T13:57:00,7.5,19.06,,-99.5,-99.5,-99.5,-99.5,-99.5,-99.5,,,,,,,,,25.2,2020-08-13T14:11:00,,,,21.3,2020-08-13T08:45:00,,,,,,,,,,,,,14.5,2020-08-13T13:57:00,,,,,,,,-99.5,,,84,2020-08-13T14:38:00,,,,,,,,,,,,,,,,,,,,,,,,,,,-99.5,,,,,7.5,-99.5,,,,,,,,,,,,,,,,,,,,,,,,,,,,,,,,,,,,,,,,,,,,,,,,,,,,,,,,,,,,,,,,,,,,,,,,,,,,,,,,,,,,280,,,5.7,2020-08-13T13:52:00,,,,,,,,,,,,,,,,,,,,,,,,,,,,,,,,,,,,,,,,,,,,,,,,,,,,,,,,,,,,,,,,,,,,,,,,,,,,,,
2020-08-14,1008.3,1010.3,1010.0,2020-08-14T22:35:00,1006.0,2020-08-14T16:24:00,27.8,33.1,2020-08-14T10:44:00,24.5,2020-08-14T23:40:00,22.2,72,48,2020-08-14T12:01:00,1.3,330,8.6,320,2020-08-14T14:07:00,3.5,0.5,2020-08-14T20:55:00,1.5,2020-08-14T22:53:00,8.9,20.19,,-99.5,-99.5,-99.5,-99.5,-99.5,-99.5,,,,,,,,,23.6,2020-08-14T13:04:00,,,,19.1,2020-08-14T14:42:00,,,,,,,,,,,,,1.5,2020-08-14T22:53:00,,,,,,,,-99.5,,,86,2020-08-14T04:53:00,,,,,,,,,,,,,,,,,,,,,,,,,,,-99.5,,,,,8.6,-99.5,,,,,,,,,,,,,,,,,,,,,,,,,,,,,,,,,,,,,,,,,,,,,,,,,,,,,,,,,,,,,,,,,,,,,,,,,,,,,,,,,,,,280,,,4.7,2020-08-14T13:03:00,,,,,,,,,,,,,,,,,,,,,,,,,,,,,,,,,,,,,,,,,,,,,,,,,,,,,,,,,,,,,,,,,,,,,,,,,,,,,,
2020-08-15,1007.6,1009.6,1009.3,2020-08-15T00:01:00,1006.2,2020-08-15T15:30:00,27.7,32.4,2020-08-15T14:39:00,24.5,2020-08-15T00:01:00,22.2,73,52,2020-08-15T14:39:00,1.2,10,6.6,280,2020-08-15T12:12:00,3.5,1.0,2020-08-15T00:02:00,3.0,2020-08-15T00:00:00,10.2,23.75,,-99.5,-99.5,-99.5,-99.5,-99.5,-99.5,,,,,,,,,23.1,2020-08-15T11:59:00,,,,20.5,2020-08-15T16:48:00,,,,,,,,,,,,,3.0,2020-08-15T00:00:00,,,,,,,,-99.5,,,87,2020-08-15T00:31:00,,,,,,,,,,,,,,,,,,,,,,,,,,,-99.5,,,,,7.9,-99.5,,,,,,,,,,,,,,,,,,,,,,,,,,,,,,,,,,,,,,,,,,,,,,,,,,,,,,,,,,,,,,,,,,,,,,,,,,,,,,,,,,,,280,,,3.9,2020-08-15T12:21:00,,,,,,,,,,,,,,,,,,,,,,,,,,,,,,,,,,,,,,,,,,,,,,,,,,,,,,,,,,,,,,,,,,,,,,,,,,,,,,
2020-08-16,1007.4,1009.4,1008.7,2020-08-16T00:01:00,1005.8,2020-08-16T16:13:00,28.4,32.0,2020-08-16T14:14:00,25.6,2020-08-16T04:32:00,22.7,71,54,2020-08-16T11:31:00,1.3,310,6.2,280,2020-08-16T13:18:00,0.0,0.0,2020-08-16T00:00:00,0.0,2020-08-16T00:00:00,9.6,18.77,,-99.5,-99.5,-99.5,-99.5,-99.5,-99.5,,,,,,,,,23.5,2020-08-16T14:53:00,,,,20.9,2020-08-16T09:26:00,,,,,,,,,,,,,0.0,2020-08-16T00:00:00,,,,,,,,-99.5,,,84,2020-08-16T04:22:00,,,,,,,,,,,,,,,,,,,,,,,,,,,-99.5,,,,,6.5,-99.5,,,,,,,,,,,,,,,,,,,,,,,,,,,,,,,,,,,,,,,,,,,,,,,,,,,,,,,,,,,,,,,,,,,,,,,,,,,,,,,,,,,,280,,,3.7,2020-08-16T12:30:00,,,,,,,,,,,,,,,,,,,,,,,,,,,,,,,,,,,,,,,,,,,,,,,,,,,,,,,,,,,,,,,,,,,,,,,,,,,,,,
2020-08-17,1006.4,1008.4,1008.8,2020-08-17T10:37:00,1005.2,2020-08-17T15:47:00,28.4,31.4,2020-08-17T14:48:00,25.6,2020-08-17T06:26:00,22.8,72,58,2020-08-17T09:33:00,1.1,110,6.0,170,2020-08-17T10:26:00,0.5,0.5,2020-08-17T11:23:00,0.5,2020-08-17T10:33:00,9.8,14.51,,-99.5,-99.5,-99.5,-99.5,-99.5,-99.5,,,,,,,,,24.6,2020-08-17T11:15:00,,,,21.6,2020-08-17T08:40:00,,,,,,,,,,,,,0.5,2020-08-17T10:33:00,,,,,,,,-99.5,,,84,2020-08-17T03:36:00,,,,,,,,,,,,,,,,,,,,,,,,,,,-99.5,,,,,5.8,-99.5,,,,,,,,,,,,,,,,,,,,,,,,,,,,,,,,,,,,,,,,,,,,,,,,,,,,,,,,,,,,,,,,,,,,,,,,,,,,,,,,,,,,200,,,3.5,2020-08-17T10:15:00,,,,,,,,,,,,,,,,,,,,,,,,,,,,,,,,,,,,,,,,,,,,,,,,,,,,,,,,,,,,,,,,,,,,,,,,,,,,,,
2020-08-18,1006.0,1008.0,1007.4,2020-08-18T22:30:00,1004.2,2020-08-18T16:41:00,28.9,32.5,2020-08-18T15:16:00,26.2,2020-08-18T05:27:00,23.2,72,54,2020-08-18T09:20:00,1.6,290,11.0,150,2020-08-18T15:45:00,0.5,0.5,2020-08-18T16:30:00,0.5,2020-08-18T15:40:00,8.9,20.11,,-99.5,-99.5,-99.5,-99.5,-99.5,-99.5,,,,,,,,,24.4,2020-08-18T12:36:00,,,,21.5,2020-08-18T08:51:00,,,,,,,,,,,,,0.5,2020-08-18T15:40:00,,,,,,,,-99.5,,,84,2020-08-18T04:39:00,,,,,,,,,,,,,,,,,,,,,,,,,,,-99.5,,,,,6.3,-99.5,,,,,,,,,,,,,,,,,,,,,,,,,,,,,,,,,,,,,,,,,,,,,,,,,,,,,,,,,,,,,,,,,,,,,,,,,,,,,,,,,,,,170,,,5.9,2020-08-18T15:45:00,,,,,,,,,,,,,,,,,,,,,,,,,,,,,,,,,,,,,,,,,,,,,,,,,,,,,,,,,,,,,,,,,,,,,,,,,,,,,,
2020-08-19,1006.7,1008.7,1007.9,2020-08-19T22:07:00,1005.3,2020-08-19T15:37:00,28.9,32.8,2020-08-19T10:20:00,25.9,2020-08-19T05:45:00,23.1,72,52,2020-08-19T10:19:00,1.5,230,7.1,260,2020-08-19T14:36:00,0.5,0.5,2020-08-19T16:00:00,0.5,2020-08-19T15:10:00,9.1,20.24,,-99.5,-99.5,-99.5,-99.5,-99.5,-99.5,,,,,,,,,24.6,2020-08-19T17:37:00,,,,21.1,2020-08-19T09:55:00,,,,,,,,,,,,,0.5,2020-08-19T15:10:00,,,,,,,,-99.5,,,84,2020-08-19T05:13:00,,,,,,,,,,,,,,,,,,,,,,,,,,,-99.5,,,,,6.9,-99.5,,,,,,,,,,,,,,,,,,,,,,,,,,,,,,,,,,,,,,,,,,,,,,,,,,,,,,,,,,,,,,,,,,,,,,,,,,,,,,,,,,,,280,,,4.2,2020-08-19T14:28:00,,,,,,,,,,,,,,,,,,,,,,,,,,,,,,,,,,,,,,,,,,,,,,,,,,,,,,,,,,,,,,,,,,,,,,,,,,,,,,
2020-08-20,1007.1,1009.1,1008.9,2020-08-20T22:03:00,1005.0,2020-08-20T15:32:00,29.5,32.8,2020-08-20T17:08:00,25.8,2020-08-20T03:48:00,22.9,68,50,2020-08-20T15:12:00,1.5,310,8.3,270,2020-08-20T12:48:00,0.0,0.0,2020-08-20T00:00:00,0.0,2020-08-20T00:00:00,11.1,25.88,,-99.5,-99.5,-99.5,-99.5,-99.5,-99.5,,,,,,,,,24.2,2020-08-20T23:07:00,,,,20.9,2020-08-20T15:06:00,,,,,,,,,,,,,0.0,2020-08-20T00:00:00,,,,,,,,-99.5,,,83,2020-08-20T03:32:00,,,,,,,,,,,,,,,,,,,,,,,,,,,-99.5,,,,,7.0,-99.5,,,,,,,,,,,,,,,,,,,,,,,,,,,,,,,,,,,,,,,,,,,,,,,,,,,,,,,,,,,,,,,,,,,,,,,,,,,,,,,,,,,,280,,,4.6,2020-08-20T12:57:00,,,,,,,,,,,,,,,,,,,,,,,,,,,,,,,,,,,,,,,,,,,,,,,,,,,,,,,,,,,,,,,,,,,,,,,,,,,,,,
2020-08-21,1006.2,1008.2,1007.6,2020-08-21T00:23:00,1004.6,2020-08-21T15:33:00,28.0,32.1,2020-08-21T10:49:00,25.2,2020-08-21T18:01:00,23.6,77,58,2020-08-21T09:19:00,1.3,190,7.5,180,2020-08-21T13:20:00,31.0,15.0,2020-08-21T13:25:00,23.5,2020-08-21T12:44:00,6.9,13.25,,-99.5,-99.5,-99.5,-99.5,-99.5,-99.5,,,,,,,,,24.8,2020-08-21T14:07:00,,,,22.4,2020-08-21T09:19:00,,,,,,,,,,,,,23.5,2020-08-21T12:44:00,,,,,,,,-99.5,,,87,2020-08-21T13:58:00,,,,,,,,,,,,,,,,,,,,,,,,,,,-99.5,,,,,6.9,-99.5,,,,,,,,,,,,,,,,,,,,,,,,,,,,,,,,,,,,,,,,,,,,,,,,,,,,,,,,,,,,,,,,,,,,,,,,,,,,,,,,,,,,180,,,4.6,2020-08-21T13:22:00,,,,,,,,,,,,,,,,,,,,,,,,,,,,,,,,,,,,,,,,,,,,,,,,,,,,,,,,,,,,,,,,,,,,,,,,,,,,,,
2020-08-22,1004.2,1006.2,1005.9,2020-08-22T00:02:00,1002.9,2020-08-22T15:34:00,27.0,30.3,2020-08-22T11:06:00,25.4,2020-08-22T05:57:00,23.9,83,70,2020-08-22T11:09:00,2.1,290,11.0,290,2020-08-22T10:15:00,53.0,11.5,2020-08-22T16:31:00,28.0,2020-08-22T16:08:00,6.1,8.78,,-99.5,-99.5,-99.5,-99.5,-99.5,-99.5,,,,,,,,,25.4,2020-08-22T16:13:00,,,,22.9,2020-08-22T04:43:00,,,,,,,,,,,,,28.0,2020-08-22T16:08:00,,,,,,,,-99.5,,,89,2020-08-22T17:08:00,,,,,,,,,,,,,,,,,,,,,,,,,,,-99.5,,,,,4.9,-99.5,,,,,,,,,,,,,,,,,,,,,,,,,,,,,,,,,,,,,,,,,,,,,,,,,,,,,,,,,,,,,,,,,,,,,,,,,,,,,,,,,,,,280,,,6.4,2020-08-22T14:30:00,,,,,,,,,,,,,,,,,,,,,,,,,,,,,,,,,,,,,,,,,,,,,,,,,,,,,,,,,,,,,,,,,,,,,,,,,,,,,,
2020-08-23,1005.1,1007.1,1006.4,2020-08-23T09:00:00,1003.6,2020-08-23T16:17:00,28.0,32.3,2020-08-23T15:51:00,24.6,2020-08-24T00:00:00,23.1,75,51,2020-08-23T15:59:00,2.0,310,10.8,310,2020-08-23T13:28:00,74.0,19.0,2020-08-23T22:36:00,59.5,2020-08-23T22:29:00,9.7,18.77,,-99.5,-99.5,-99.5,-99.5,-99.5,-99.5,,,,,,,,,24.5,2020-08-23T12:23:00,,,,20.9,2020-08-23T16:07:00,,,,,,,,,,,,,59.5,2020-08-23T22:29:00,,,,,,,,-99.5,,,89,2020-08-23T23:26:00,,,,,,,,,,,,,,,,,,,,,,,,,,,-99.5,,,,,7.7,-99.5,,,,,,,,,,,,,,,,,,,,,,,,,,,,,,,,,,,,,,,,,,,,,,,,,,,,,,,,,,,,,,,,,,,,,,,,,,,,,,,,,,,,300,,,4.3,2020-08-23T12:59:00,,,,,,,,,,,,,,,,,,,,,,,,,,,,,,,,,,,,,,,,,,,,,,,,,,,,,,,,,,,,,,,,,,,,,,,,,,,,,,
2020-08-24,1003.6,1005.6,1006.1,2020-08-24T00:47:00,1001.5,2020-08-24T15:42:00,27.6,31.3,2020-08-24T12:29:00,24.2,2020-08-24T00:03:00,23.6,79,61,2020-08-24T12:04:00,1.6,140,8.5,240,2020-08-24T12:38:00,25.5,13.5,2020-08-24T02:18:00,21.5,2020-08-24T01:42:00,9.6,16.46,,-99.5,-99.5,-99.5,-99.5,-99.5,-99.5,,,,,,,,,24.6,2020-08-24T21:38:00,,,,21.8,2020-08-24T00:02:00,,,,,,,,,,,,,21.5,2020-08-24T01:42:00,,,,,,,,-99.5,,,89,2020-08-24T02:52:00,,,,,,,,,,,,,,,,,,,,,,,,,,,-99.5,,,,,7.0,-99.5,,,,,,,,,,,,,,,,,,,,,,,,,,,,,,,,,,,,,,,,,,,,,,,,,,,,,,,,,,,,,,,,,,,,,,,,,,,,,,,,,,,,240,,,4.7,2020-08-24T12:45:00,,,,,,,,,,,,,,,,,,,,,,,,,,,,,,,,,,,,,,,,,,,,,,,,,,,,,,,,,,,,,,,,,,,,,,,,,,,,,,
2020-08-25,1002.8,1004.7,1004.1,2020-08-25T21:10:00,1001.3,2020-08-25T02:58:00,27.5,31.6,2020-08-25T12:35:00,25.9,2020-08-25T19:14:00,23.3,78,57,2020-08-25T15:06:00,1.4,20,12.2,290,2020-08-25T13:43:00,17.0,7.0,2020-08-25T18:49:00,13.0,2020-08-25T18:07:00,7.6,10.73,,-99.5,-99.5,-99.5,-99.5,-99.5,-99.5,,,,,,,,,24.2,2020-08-25T13:20:00,,,,20.8,2020-08-25T13:44:00,,,,,,,,,,,,,13.0,2020-08-25T18:07:00,,,,,,,,-99.5,,,87,2020-08-25T19:10:00,,,,,,,,,,,,,,,,,,,,,,,,,,,-99.5,,,,,5.7,-99.5,,,,,,,,,,,,,,,,,,,,,,,,,,,,,,,,,,,,,,,,,,,,,,,,,,,,,,,,,,,,,,,,,,,,,,,,,,,,,,,,,,,,280,,,7.0,2020-08-25T13:44:00,,,,,,,,,,,,,,,,,,,,,,,,,,,,,,,,,,,,,,,,,,,,,,,,,,,,,,,,,,,,,,,,,,,,,,,,,,,,,,
2020-08-26,1003.2,1005.2,1005.0,2020-08-26T09:50:00,1001.8,2020-08-26T16:51:00,24.8,27.0,2020-08-26T00:18:00,24.0,2020-08-26T16:06:00,22.6,87,82,2020-08-26T00:11:00,1.5,90,8.5,70,2020-08-26T05:02:00,197.0,14.0,2020-08-26T04:49:00,32.0,2020-08-26T01:21:00,0.0,0.71,,-99.5,-99.5,-99.5,-99.5,-99.5,-99.5,,,,,,,,,24.2,2020-08-26T00:21:00,,,,21.8,2020-08-26T18:06:00,,,,,,,,,,,,,32.0,2020-08-26T01:21:00,,,,,,,,-99.5,,,89,2020-08-26T07:48:00,,,,,,,,,,,,,,,,,,,,,,,,,,,-99.5,,,,,3.0,-99.5,,,,,,,,,,,,,,,,,,,,,,,,,,,,,,,,,,,,,,,,,,,,,,,,,,,,,,,,,,,,,,,,,,,,,,,,,,,,,,,,,,,,300,,,4.1,2020-08-26T01:31:00,,,,,,,,,,,,,,,,,,,,,,,,,,,,,,,,,,,,,,,,,,,,,,,,,,,,,,,,,,,,,,,,,,,,,,,,,,,,,,
2020-08-27,1002.5,1004.5,1004.2,2020-08-27T21:06:00,1000.5,2020-08-27T14:39:00,25.9,28.2,2020-08-27T14:48:00,24.2,2020-08-27T19:12:00,22.8,83,68,2020-08-27T08:36:00,2.1,150,13.4,280,2020-08-27T17:46:00,71.5,11.0,2020-08-27T17:49:00,19.0,2020-08-27T17:23:00,3.9,4.15,,-99.5,-99.5,-99.5,-99.5,-99.5,-99.5,,,,,,,,,24.5,2020-08-27T17:38:00,,,,19.7,2020-08-27T08:36:00,,,,,,,,,,,,,19.0,2020-08-27T17:23:00,,,,,,,,-99.5,,,88,2020-08-27T16:22:00,,,,,,,,,,,,,,,,,,,,,,,,,,,-99.5,,,,,4.0,-99.5,,,,,,,,,,,,,,,,,,,,,,,,,,,,,,,,,,,,,,,,,,,,,,,,,,,,,,,,,,,,,,,,,,,,,,,,,,,,,,,,,,,,280,,,7.6,2020-08-27T17:55:00,,,,,,,,,,,,,,,,,,,,,,,,,,,,,,,,,,,,,,,,,,,,,,,,,,,,,,,,,,,,,,,,,,,,,,,,,,,,,,
2020-08-28,1003.3,1005.3,1004.8,2020-08-28T20:59:00,1002.0,2020-08-28T03:42:00,27.7,30.6,2020-08-28T13:09:00,26.0,2020-08-28T05:55:00,23.6,78,64,2020-08-28T13:37:00,1.8,160,8.9,240,2020-08-28T10:51:00,5.0,3.0,2020-08-28T15:21:00,3.0,2020-08-28T14:31:00,8.6,14.12,,-99.5,-99.5,-99.5,-99.5,-99.5,-99.5,,,,,,,,,24.9,2020-08-28T08:27:00,,,,22.0,2020-08-28T22:46:00,,,,,,,,,,,,,3.0,2020-08-28T14:31:00,,,,,,,,-99.5,,,86,2020-08-28T05:58:00,,,,,,,,,,,,,,,,,,,,,,,,,,,-99.5,,,,,4.6,-99.5,,,,,,,,,,,,,,,,,,,,,,,,,,,,,,,,,,,,,,,,,,,,,,,,,,,,,,,,,,,,,,,,,,,,,,,,,,,,,,,,,,,,240,,,4.0,2020-08-28T11:14:00,,,,,,,,,,,,,,,,,,,,,,,,,,,,,,,,,,,,,,,,,,,,,,,,,,,,,,,,,,,,,,,,,,,,,,,,,,,,,,
2020-08-29,1003.1,1005.1,1004.4,2020-08-29T08:14:00,1001.6,2020-08-29T14:41:00,28.6,31.8,2020-08-29T12:45:00,25.0,2020-08-29T04:33:00,23.1,72,58,2020-08-29T09:23:00,1.6,240,7.3,280,2020-08-29T13:51:00,0.0,0.0,2020-08-29T00:00:00,0.0,2020-08-29T00:00:00,10.1,24.6,,-99.5,-99.5,-99.5,-99.5,-99.5,-99.5,,,,,,,,,25.1,2020-08-29T22:49:00,,,,21.5,2020-08-29T03:34:00,,,,,,,,,,,,,0.0,2020-08-29T00:00:00,,,,,,,,-99.5,,,82,2020-08-29T06:23:00,,,,,,,,,,,,,,,,,,,,,,,,,,,-99.5,,,,,6.8,-99.5,,,,,,,,,,,,,,,,,,,,,,,,,,,,,,,,,,,,,,,,,,,,,,,,,,,,,,,,,,,,,,,,,,,,,,,,,,,,,,,,,,,,280,,,4.4,2020-08-29T13:56:00,,,,,,,,,,,,,,,,,,,,,,,,,,,,,,,,,,,,,,,,,,,,,,,,,,,,,,,,,,,,,,,,,,,,,,,,,,,,,,
2020-08-30,1003.0,1005.0,1004.3,2020-08-30T08:52:00,1001.5,2020-08-30T13:33:00,28.0,34.7,2020-08-30T12:21:00,24.2,2020-08-30T14:43:00,23.5,77,48,2020-08-30T12:01:00,1.4,60,10.7,130,2020-08-30T13:49:00,110.5,22.5,2020-08-30T14:45:00,89.5,2020-08-30T14:20:00,6.8,16.17,,-99.5,-99.5,-99.5,-99.5,-99.5,-99.5,,,,,,,,,25.0,2020-08-30T14:06:00,,,,21.8,2020-08-30T09:56:00,,,,,,,,,,,,,89.5,2020-08-30T14:20:00,,,,,,,,-99.5,,,89,2020-08-30T15:55:00,,,,,,,,,,,,,,,,,,,,,,,,,,,-99.5,,,,,10.5,-99.5,,,,,,,,,,,,,,,,,,,,,,,,,,,,,,,,,,,,,,,,,,,,,,,,,,,,,,,,,,,,,,,,,,,,,,,,,,,,,,,,,,,,140,,,5.4,2020-08-30T13:55:00,,,,,,,,,,,,,,,,,,,,,,,,,,,,,,,,,,,,,,,,,,,,,,,,,,,,,,,,,,,,,,,,,,,,,,,,,,,,,,
2020-08-31,1002.1,1004.0,1003.7,2020-08-31T09:58:00,999.6,2020-08-31T14:54:00,27.5,31.8,2020-08-31T12:46:00,25.0,2020-08-31T04:27:00,22.8,75,56,2020-08-31T12:32:00,1.5,170,7.9,90,2020-08-31T17:03:00,2.0,1.0,2020-08-31T16:38:00,2.0,2020-08-31T16:36:00,9.6,22.86,,-99.5,-99.5,-99.5,-99.5,-99.5,-99.5,,,,,,,,,24.5,2020-08-31T16:30:00,,,,21.1,2020-08-31T17:18:00,,,,,,,,,,,,,2.0,2020-08-31T16:36:00,,,,,,,,-99.5,,,86,2020-08-31T04:10:00,,,,,,,,,,,,,,,,,,,,,,,,,,,-99.5,,,,,6.8,-99.5,,,,,,,,,,,,,,,,,,,,,,,,,,,,,,,,,,,,,,,,,,,,,,,,,,,,,,,,,,,,,,,,,,,,,,,,,,,,,,,,,,,,70,,,3.9,2020-08-31T17:08:00,,,,,,,,,,,,,,,,,,,,,,,,,,,,,,,,,,,,,,,,,,,,,,,,,,,,,,,,,,,,,,,,,,,,,,,,,,,,,,
2020-09-01,1001.4,1003.4,1004.5,2020-09-01T22:18:00,999.6,2020-09-01T15:56:00,29.0,32.7,2020-09-01T15:26:00,25.1,2020-09-01T04:12:00,23.0,70,54,2020-09-01T11:41:00,1.7,330,9.9,310,2020-09-01T13:25:00,0.0,0.0,2020-09-01T00:00:00,0.0,2020-09-01T00:00:00,10.2,21.75,,-99.5,-99.5,-99.5,-99.5,-99.5,-99.5,,,,,,,,,24.4,2020-09-01T13:54:00,,,,21.6,2020-09-01T11:21:00,,,,,,,,,,,,,0.0,2020-09-01T00:00:00,,,,,,,,-99.5,,,84,2020-09-01T04:08:00,,,,,,,,,,,,,,,,,,,,,,,,,,,-99.5,,,,,7.6,-99.5,,,,,,,,,,,,,,,,,,,,,,,,,,,,,,,,,,,,,,,,,,,,,,,,,,,,,,,,,,,,,,,,,,,,,,,,,,,,,,,,,,,,310,,,4.5,2020-09-01T14:43:00,,,,,,,,,,,,,,,,,,,,,,,,,,,,,,,,,,,,,,,,,,,,,,,,,,,,,,,,,,,,,,,,,,,,,,,,,,,,,,
2020-09-02,1004.8,1006.8,1006.8,2020-09-02T22:25:00,1003.6,2020-09-02T14:30:00,28.7,31.4,2020-09-02T15:15:00,27.0,2020-09-02T22:03:00,24.0,75,67,2020-09-02T15:17:00,1.8,290,8.8,280,2020-09-02T14:31:00,7.5,2.0,2020-09-02T12:03:00,3.0,2020-09-02T08:42:00,10.6,17.87,,-99.5,-99.5,-99.5,-99.5,-99.5,-99.5,,,,,,,,,25.4,2020-09-02T12:10:00,,,,22.6,2020-09-02T19:30:00,,,,,,,,,,,,,3.0,2020-09-02T08:42:00,,,,,,,,-99.5,,,82,2020-09-02T06:10:00,,,,,,,,,,,,,,,,,,,,,,,,,,,-99.5,,,,,4.4,-99.5,,,,,,,,,,,,,,,,,,,,,,,,,,,,,,,,,,,,,,,,,,,,,,,,,,,,,,,,,,,,,,,,,,,,,,,,,,,,,,,,,,,,280,,,5.4,2020-09-02T14:33:00,,,,,,,,,,,,,,,,,,,,,,,,,,,,,,,,,,,,,,,,,,,,,,,,,,,,,,,,,,,,,,,,,,,,,,,,,,,,,,
2020-09-03,1007.1,1009.1,1009.5,2020-09-03T21:38:00,1005.5,2020-09-03T15:47:00,28.1,31.7,2020-09-03T14:41:00,23.9,2020-09-03T20:25:00,23.7,77,65,2020-09-03T09:22:00,1.8,300,10.2,90,2020-09-03T19:33:00,58.5,9.0,2020-09-03T01:06:00,21.5,2020-09-03T00:39:00,10.5,21.46,,-99.5,-99.5,-99.5,-99.5,-99.5,-99.5,,,,,,,,,25.2,2020-09-03T18:59:00,,,,21.6,2020-09-03T20:09:00,,,,,,,,,,,,,21.5,2020-09-03T00:39:00,,,,,,,,-99.5,,,88,2020-09-03T20:32:00,,,,,,,,,,,,,,,,,,,,,,,,,,,-99.5,,,,,7.8,-99.5,,,,,,,,,,,,,,,,,,,,,,,,,,,,,,,,,,,,,,,,,,,,,,,,,,,,,,,,,,,,,,,,,,,,,,,,,,,,,,,,,,,,280,,,5.3,2020-09-03T13:53:00,,,,,,,,,,,,,,,,,,,,,,,,,,,,,,,,,,,,,,,,,,,,,,,,,,,,,,,,,,,,,,,,,,,,,,,,,,,,,,
2020-09-04,1007.2,1009.2,1009.0,2020-09-04T00:01:00,1005.4,2020-09-04T17:13:00,28.6,33.3,2020-09-04T10:07:00,25.0,2020-09-04T04:22:00,22.6,70,48,2020-09-04T10:00:00,1.7,290,7.7,280,2020-09-04T13:10:00,0.0,0.0,2020-09-04T00:00:00,0.0,2020-09-04T00:00:00,10.2,24.12,,-99.5,-99.5,-99.5,-99.5,-99.5,-99.5,,,,,,,,,24.0,2020-09-04T21:59:00,,,,19.7,2020-09-04T10:00:00,,,,,,,,,,,,,0.0,2020-09-04T00:00:00,,,,,,,,-99.5,,,84,2020-09-04T00:04:00,,,,,,,,,,,,,,,,,,,,,,,,,,,-99.5,,,,,8.3,-99.5,,,,,,,,,,,,,,,,,,,,,,,,,,,,,,,,,,,,,,,,,,,,,,,,,,,,,,,,,,,,,,,,,,,,,,,,,,,,,,,,,,,,280,,,4.3,2020-09-04T13:17:00,,,,,,,,,,,,,,,,,,,,,,,,,,,,,,,,,,,,,,,,,,,,,,,,,,,,,,,,,,,,,,,,,,,,,,,,,,,,,,
2020-09-05,1004.1,1006.1,1007.0,2020-09-05T00:03:00,1001.9,2020-09-05T16:20:00,28.8,31.8,2020-09-05T10:07:00,26.2,2020-09-05T06:20:00,23.4,73,55,2020-09-05T10:17:00,1.8,280,8.2,280,2020-09-05T15:44:00,0.0,0.0,2020-09-05T00:00:00,0.0,2020-09-05T00:00:00,10.4,19.71,,-99.5,-99.5,-99.5,-99.5,-99.5,-99.5,,,,,,,,,24.5,2020-09-05T20:06:00,,,,21.6,2020-09-05T10:17:00,,,,,,,,,,,,,0.0,2020-09-05T00:00:00,,,,,,,,-99.5,,,85,2020-09-05T06:15:00,,,,,,,,,,,,,,,,,,,,,,,,,,,-99.5,,,,,5.6,-99.5,,,,,,,,,,,,,,,,,,,,,,,,,,,,,,,,,,,,,,,,,,,,,,,,,,,,,,,,,,,,,,,,,,,,,,,,,,,,,,,,,,,,280,,,5.0,2020-09-05T14:58:00,,,,,,,,,,,,,,,,,,,,,,,,,,,,,,,,,,,,,,,,,,,,,,,,,,,,,,,,,,,,,,,,,,,,,,,,,,,,,,
2020-09-06,1002.5,1004.5,1005.2,2020-09-06T23:12:00,1000.6,2020-09-06T15:38:00,29.1,34.2,2020-09-06T14:48:00,25.7,2020-09-06T05:51:00,18.8,56,29,2020-09-06T16:28:00,1.4,340,8.1,350,2020-09-06T14:58:00,0.0,0.0,2020-09-06T00:00:00,0.0,2020-09-06T00:00:00,10.6,24.36,,-99.5,-99.5,-99.5,-99.5,-99.5,-99.5,,,,,,,,,23.4,2020-09-06T01:14:00,,,,12.4,2020-09-06T19:32:00,,,,,,,,,,,,,0.0,2020-09-06T00:00:00,,,,,,,,-99.5,,,81,2020-09-06T01:35:00,,,,,,,,,,,,,,,,,,,,,,,,,,,-99.5,,,,,8.5,-99.5,,,,,,,,,,,,,,,,,,,,,,,,,,,,,,,,,,,,,,,,,,,,,,,,,,,,,,,,,,,,,,,,,,,,,,,,,,,,,,,,,,,,330,,,3.4,2020-09-06T16:24:00,,,,,,,,,,,,,,,,,,,,,,,,,,,,,,,,,,,,,,,,,,,,,,,,,,,,,,,,,,,,,,,,,,,,,,,,,,,,,,
2020-09-07,1007.0,1009.0,1009.9,2020-09-07T22:07:00,1004.8,2020-09-07T03:18:00,27.7,31.6,2020-09-07T15:27:00,22.7,2020-09-07T06:15:00,19.2,61,32,2020-09-07T10:32:00,1.8,280,6.4,280,2020-09-07T12:06:00,0.0,0.0,2020-09-07T00:00:00,0.0,2020-09-07T00:00:00,10.6,25.21,,-99.5,-99.5,-99.5,-99.5,-99.5,-99.5,,,,,,,,,22.7,2020-09-07T21:07:00,,,,12.5,2020-09-07T10:32:00,,,,,,,,,,,,,0.0,2020-09-07T00:00:00,,,,,,,,-99.5,,,79,2020-09-07T06:19:00,,,,,,,,,,,,,,,,,,,,,,,,,,,-99.5,,,,,8.9,-99.5,,,,,,,,,,,,,,,,,,,,,,,,,,,,,,,,,,,,,,,,,,,,,,,,,,,,,,,,,,,,,,,,,,,,,,,,,,,,,,,,,,,,280,,,4.1,2020-09-07T11:53:00,,,,,,,,,,,,,,,,,,,,,,,,,,,,,,,,,,,,,,,,,,,,,,,,,,,,,,,,,,,,,,,,,,,,,,,,,,,,,,
2020-09-08,1010.0,1012.0,1011.7,2020-09-08T21:32:00,1008.9,2020-09-08T14:58:00,29.2,33.9,2020-09-08T13:34:00,25.1,2020-09-08T05:42:00,21.6,64,46,2020-09-08T13:32:00,1.5,280,8.0,280,2020-09-08T14:08:00,0.0,0.0,2020-09-08T00:00:00,0.0,2020-09-08T00:00:00,10.5,23.88,,-99.5,-99.5,-99.5,-99.5,-99.5,-99.5,,,,,,,,,23.8,2020-09-08T18:05:00,,,,19.6,2020-09-08T07:45:00,,,,,,,,,,,,,0.0,2020-09-08T00:00:00,,,,,,,,-99.5,,,78,2020-09-08T05:35:00,,,,,,,,,,,,,,,,,,,,,,,,,,,-99.5,,,,,8.8,-99.5,,,,,,,,,,,,,,,,,,,,,,,,,,,,,,,,,,,,,,,,,,,,,,,,,,,,,,,,,,,,,,,,,,,,,,,,,,,,,,,,,,,,280,,,4.8,2020-09-08T13:56:00,,,,,,,,,,,,,,,,,,,,,,,,,,,,,,,,,,,,,,,,,,,,,,,,,,,,,,,,,,,,,,,,,,,,,,,,,,,,,,
2020-09-09,1008.3,1010.2,1010.5,2020-09-09T00:01:00,1006.0,2020-09-09T17:12:00,29.2,32.5,2020-09-09T10:46:00,25.9,2020-09-09T06:03:00,21.8,65,47,2020-09-09T11:54:00,2.0,280,9.6,280,2020-09-09T13:18:00,4.0,4.0,2020-09-09T23:46:00,4.0,2020-09-09T22:56:00,10.0,22.79,,-99.5,-99.5,-99.5,-99.5,-99.5,-99.5,,,,,,,,,23.7,2020-09-09T23:57:00,,,,19.1,2020-09-09T11:54:00,,,,,,,,,,,,,4.0,2020-09-09T22:56:00,,,,,,,,-99.5,,,82,2020-09-09T23:58:00,,,,,,,,,,,,,,,,,,,,,,,,,,,-99.5,,,,,6.5,-99.5,,,,,,,,,,,,,,,,,,,,,,,,,,,,,,,,,,,,,,,,,,,,,,,,,,,,,,,,,,,,,,,,,,,,,,,,,,,,,,,,,,,,280,,,6.2,2020-09-09T13:07:00,,,,,,,,,,,,,,,,,,,,,,,,,,,,,,,,,,,,,,,,,,,,,,,,,,,,,,,,,,,,,,,,,,,,,,,,,,,,,,
2020-09-10,1005.9,1007.9,1007.3,2020-09-10T21:50:00,1004.0,2020-09-10T15:49:00,29.0,32.5,2020-09-10T09:36:00,26.6,2020-09-10T23:39:00,22.7,69,54,2020-09-10T09:45:00,1.4,230,7.7,280,2020-09-10T12:45:00,2.5,1.5,2020-09-10T00:11:00,2.5,2020-09-10T00:00:00,7.9,19.49,,-99.5,-99.5,-99.5,-99.5,-99.5,-99.5,,,,,,,,,24.0,2020-09-10T01:10:00,,,,21.5,2020-09-11T00:00:00,,,,,,,,,,,,,2.5,2020-09-10T00:00:00,,,,,,,,-99.5,,,82,2020-09-10T00:32:00,,,,,,,,,,,,,,,,,,,,,,,,,,,-99.5,,,,,5.9,-99.5,,,,,,,,,,,,,,,,,,,,,,,,,,,,,,,,,,,,,,,,,,,,,,,,,,,,,,,,,,,,,,,,,,,,,,,,,,,,,,,,,,,,280,,,4.5,2020-09-10T12:43:00,,,,,,,,,,,,,,,,,,,,,,,,,,,,,,,,,,,,,,,,,,,,,,,,,,,,,,,,,,,,,,,,,,,,,,,,,,,,,,
2020-09-11,1007.2,1009.3,1009.2,2020-09-11T23:26:00,1005.7,2020-09-11T02:28:00,28.8,31.8,2020-09-11T11:40:00,25.5,2020-09-11T04:25:00,22.5,69,57,2020-09-11T08:24:00,1.5,180,6.8,220,2020-09-11T12:10:00,0.0,0.0,2020-09-11T00:00:00,0.0,2020-09-11T00:00:00,8.3,17.77,,-99.5,-99.5,-99.5,-99.5,-99.5,-99.5,,,,,,,,,23.8,2020-09-11T18:22:00,,,,20.7,2020-09-11T07:00:00,,,,,,,,,,,,,0.0,2020-09-11T00:00:00,,,,,,,,-99.5,,,78,2020-09-11T04:19:00,,,,,,,,,,,,,,,,,,,,,,,,,,,-99.5,,,,,6.3,-99.5,,,,,,,,,,,,,,,,,,,,,,,,,,,,,,,,,,,,,,,,,,,,,,,,,,,,,,,,,,,,,,,,,,,,,,,,,,,,,,,,,,,,220,,,3.7,2020-09-11T12:58:00,,,,,,,,,,,,,,,,,,,,,,,,,,,,,,,,,,,,,,,,,,,,,,,,,,,,,,,,,,,,,,,,,,,,,,,,,,,,,,
2020-09-12,1009.4,1011.4,1010.7,2020-09-12T20:39:00,1007.7,2020-09-12T03:08:00,28.8,32.3,2020-09-12T09:02:00,26.4,2020-09-12T05:58:00,23.1,71,53,2020-09-12T11:19:00,1.3,320,6.3,270,2020-09-12T11:36:00,0.0,0.0,2020-09-12T00:00:00,0.0,2020-09-12T00:00:00,8.1,17.92,,-99.5,-99.5,-99.5,-99.5,-99.5,-99.5,,,,,,,,,24.5,2020-09-12T22:04:00,,,,21.2,2020-09-12T11:19:00,,,,,,,,,,,,,0.0,2020-09-12T00:00:00,,,,,,,,-99.5,,,82,2020-09-12T23:33:00,,,,,,,,,,,,,,,,,,,,,,,,,,,-99.5,,,,,5.9,-99.5,,,,,,,,,,,,,,,,,,,,,,,,,,,,,,,,,,,,,,,,,,,,,,,,,,,,,,,,,,,,,,,,,,,,,,,,,,,,,,,,,,,,280,,,4.0,2020-09-12T12:46:00,,,,,,,,,,,,,,,,,,,,,,,,,,,,,,,,,,,,,,,,,,,,,,,,,,,,,,,,,,,,,,,,,,,,,,,,,,,,,,
2020-09-13,1009.5,1011.6,1010.7,2020-09-13T07:45:00,1007.5,2020-09-13T14:48:00,29.2,33.4,2020-09-13T10:25:00,25.9,2020-09-13T05:43:00,22.7,68,49,2020-09-13T10:26:00,1.5,300,7.4,280,2020-09-13T14:42:00,0.0,0.0,2020-09-13T00:00:00,0.0,2020-09-13T00:00:00,9.0,21.91,,-99.5,-99.5,-99.5,-99.5,-99.5,-99.5,,,,,,,,,24.0,2020-09-13T19:20:00,,,,21.0,2020-09-13T10:03:00,,,,,,,,,,,,,0.0,2020-09-13T00:00:00,,,,,,,,-99.5,,,81,2020-09-13T03:11:00,,,,,,,,,,,,,,,,,,,,,,,,,,,-99.5,,,,,7.5,-99.5,,,,,,,,,,,,,,,,,,,,,,,,,,,,,,,,,,,,,,,,,,,,,,,,,,,,,,,,,,,,,,,,,,,,,,,,,,,,,,,,,,,,280,,,4.5,2020-09-13T14:42:00,,,,,,,,,,,,,,,,,,,,,,,,,,,,,,,,,,,,,,,,,,,,,,,,,,,,,,,,,,,,,,,,,,,,,,,,,,,,,,
2020-09-14,1008.5,1010.5,1010.0,2020-09-14T00:01:00,1006.3,2020-09-14T14:36:00,29.3,32.6,2020-09-14T09:40:00,26.4,2020-09-14T05:06:00,23.2,70,51,2020-09-14T09:40:00,1.5,280,7.5,250,2020-09-14T13:07:00,0.0,0.0,2020-09-14T00:00:00,0.0,2020-09-14T00:00:00,7.9,19.89,,-99.5,-99.5,-99.5,-99.5,-99.5,-99.5,,,,,,,,,24.2,2020-09-14T14:15:00,,,,21.3,2020-09-14T09:41:00,,,,,,,,,,,,,0.0,2020-09-14T00:00:00,,,,,,,,-99.5,,,81,2020-09-14T01:19:00,,,,,,,,,,,,,,,,,,,,,,,,,,,-99.5,,,,,6.2,-99.5,,,,,,,,,,,,,,,,,,,,,,,,,,,,,,,,,,,,,,,,,,,,,,,,,,,,,,,,,,,,,,,,,,,,,,,,,,,,,,,,,,,,280,,,4.3,2020-09-14T14:15:00,,,,,,,,,,,,,,,,,,,,,,,,,,,,,,,,,,,,,,,,,,,,,,,,,,,,,,,,,,,,,,,,,,,,,,,,,,,,,,
2020-09-15,1008.0,1010.0,1009.6,2020-09-15T21:47:00,1006.1,2020-09-15T15:50:00,29.5,33.2,2020-09-15T09:43:00,26.1,2020-09-15T04:28:00,22.9,68,52,2020-09-15T12:55:00,1.6,290,7.4,280,2020-09-15T11:33:00,0.0,0.0,2020-09-15T00:00:00,0.0,2020-09-15T00:00:00,10.4,22.51,,-99.5,-99.5,-99.5,-99.5,-99.5,-99.5,,,,,,,,,24.0,2020-09-15T12:12:00,,,,21.1,2020-09-15T06:36:00,,,,,,,,,,,,,0.0,2020-09-15T00:00:00,,,,,,,,-99.5,,,82,2020-09-15T04:13:00,,,,,,,,,,,,,,,,,,,,,,,,,,,-99.5,,,,,7.0,-99.5,,,,,,,,,,,,,,,,,,,,,,,,,,,,,,,,,,,,,,,,,,,,,,,,,,,,,,,,,,,,,,,,,,,,,,,,,,,,,,,,,,,,280,,,4.5,2020-09-15T13:52:00,,,,,,,,,,,,,,,,,,,,,,,,,,,,,,,,,,,,,,,,,,,,,,,,,,,,,,,,,,,,,,,,,,,,,,,,,,,,,,
2020-09-16,1007.3,1009.3,1008.6,2020-09-16T00:01:00,1006.1,2020-09-16T16:44:00,29.7,33.7,2020-09-16T10:05:00,26.2,2020-09-16T06:03:00,23.3,69,50,2020-09-16T10:05:00,1.7,290,8.2,260,2020-09-16T12:59:00,0.0,0.0,2020-09-16T00:00:00,0.0,2020-09-16T00:00:00,10.2,22.59,,-99.5,-99.5,-99.5,-99.5,-99.5,-99.5,,,,,,,,,24.9,2020-09-16T14:38:00,,,,21.8,2020-09-16T10:09:00,,,,,,,,,,,,,0.0,2020-09-16T00:00:00,,,,,,,,-99.5,,,83,2020-09-16T06:10:00,,,,,,,,,,,,,,,,,,,,,,,,,,,-99.5,,,,,7.5,-99.5,,,,,,,,,,,,,,,,,,,,,,,,,,,,,,,,,,,,,,,,,,,,,,,,,,,,,,,,,,,,,,,,,,,,,,,,,,,,,,,,,,,,280,,,5.2,2020-09-16T14:49:00,,,,,,,,,,,,,,,,,,,,,,,,,,,,,,,,,,,,,,,,,,,,,,,,,,,,,,,,,,,,,,,,,,,,,,,,,,,,,,
2020-09-17,1006.9,1008.9,1009.2,2020-09-17T23:40:00,1005.1,2020-09-17T15:47:00,30.5,35.6,2020-09-17T12:02:00,26.6,2020-09-17T05:47:00,23.1,65,43,2020-09-17T12:02:00,1.4,320,8.0,280,2020-09-17T13:02:00,0.0,0.0,2020-09-17T00:00:00,0.0,2020-09-17T00:00:00,10.5,21.22,,-99.5,-99.5,-99.5,-99.5,-99.5,-99.5,,,,,,,,,23.9,2020-09-17T19:49:00,,,,20.9,2020-09-17T11:52:00,,,,,,,,,,,,,0.0,2020-09-17T00:00:00,,,,,,,,-99.5,,,81,2020-09-17T05:52:00,,,,,,,,,,,,,,,,,,,,,,,,,,,-99.5,,,,,9.0,-99.5,,,,,,,,,,,,,,,,,,,,,,,,,,,,,,,,,,,,,,,,,,,,,,,,,,,,,,,,,,,,,,,,,,,,,,,,,,,,,,,,,,,,280,,,5.3,2020-09-17T13:05:00,,,,,,,,,,,,,,,,,,,,,,,,,,,,,,,,,,,,,,,,,,,,,,,,,,,,,,,,,,,,,,,,,,,,,,,,,,,,,,
2020-09-18,1010.0,1012.0,1012.8,2020-09-18T21:43:00,1008.0,2020-09-18T15:23:00,29.4,33.3,2020-09-18T11:18:00,27.1,2020-09-18T05:52:00,22.8,68,50,2020-09-18T10:49:00,1.8,210,10.0,210,2020-09-18T14:27:00,0.0,0.0,2020-09-18T00:00:00,0.0,2020-09-18T00:00:00,8.8,21.47,,-99.5,-99.5,-99.5,-99.5,-99.5,-99.5,,,,,,,,,24.2,2020-09-18T14:47:00,,,,20.9,2020-09-18T10:49:00,,,,,,,,,,,,,0.0,2020-09-18T00:00:00,,,,,,,,-99.5,,,79,2020-09-18T02:07:00,,,,,,,,,,,,,,,,,,,,,,,,,,,-99.5,,,,,6.2,-99.5,,,,,,,,,,,,,,,,,,,,,,,,,,,,,,,,,,,,,,,,,,,,,,,,,,,,,,,,,,,,,,,,,,,,,,,,,,,,,,,,,,,,210,,,5.6,2020-09-18T14:37:00,,,,,,,,,,,,,,,,,,,,,,,,,,,,,,,,,,,,,,,,,,,,,,,,,,,,,,,,,,,,,,,,,,,,,,,,,,,,,,
2020-09-19,1011.2,1013.2,1012.5,2020-09-19T08:15:00,1009.1,2020-09-19T15:58:00,28.5,34.3,2020-09-19T11:25:00,25.8,2020-09-19T18:30:00,22.8,72,46,2020-09-19T11:26:00,1.7,310,8.2,280,2020-09-19T15:58:00,0.5,0.5,2020-09-19T22:54:00,0.5,2020-09-19T22:04:00,9.9,19.23,,-99.5,-99.5,-99.5,-99.5,-99.5,-99.5,,,,,,,,,24.0,2020-09-19T15:37:00,,,,20.8,2020-09-19T10:49:00,,,,,,,,,,,,,0.5,2020-09-19T22:04:00,,,,,,,,-99.5,,,84,2020-09-19T04:42:00,,,,,,,,,,,,,,,,,,,,,,,,,,,-99.5,,,,,8.5,-99.5,,,,,,,,,,,,,,,,,,,,,,,,,,,,,,,,,,,,,,,,,,,,,,,,,,,,,,,,,,,,,,,,,,,,,,,,,,,,,,,,,,,,280,,,4.9,2020-09-19T16:18:00,,,,,,,,,,,,,,,,,,,,,,,,,,,,,,,,,,,,,,,,,,,,,,,,,,,,,,,,,,,,,,,,,,,,,,,,,,,,,,
2020-09-20,1009.3,1011.3,1011.7,2020-09-20T00:09:00,1007.0,2020-09-20T14:22:00,27.7,32.6,2020-09-20T10:21:00,24.4,2020-09-20T15:33:00,22.7,74,52,2020-09-20T10:12:00,1.5,340,11.7,130,2020-09-20T14:56:00,2.0,1.0,2020-09-20T15:10:00,2.0,2020-09-20T14:29:00,9.2,18.54,,-99.5,-99.5,-99.5,-99.5,-99.5,-99.5,,,,,,,,,24.4,2020-09-20T13:31:00,,,,20.7,2020-09-20T15:04:00,,,,,,,,,,,,,2.0,2020-09-20T14:29:00,,,,,,,,-99.5,,,85,2020-09-20T05:30:00,,,,,,,,,,,,,,,,,,,,,,,,,,,-99.5,,,,,8.2,-99.5,,,,,,,,,,,,,,,,,,,,,,,,,,,,,,,,,,,,,,,,,,,,,,,,,,,,,,,,,,,,,,,,,,,,,,,,,,,,,,,,,,,,280,,,5.5,2020-09-20T14:25:00,,,,,,,,,,,,,,,,,,,,,,,,,,,,,,,,,,,,,,,,,,,,,,,,,,,,,,,,,,,,,,,,,,,,,,,,,,,,,,
2020-09-21,1008.2,1010.1,1009.6,2020-09-21T00:01:00,1006.5,2020-09-21T14:48:00,28.7,32.0,2020-09-21T12:24:00,25.5,2020-09-21T05:57:00,22.5,69,56,2020-09-21T12:25:00,1.7,250,7.2,280,2020-09-21T14:37:00,0.0,0.0,2020-09-21T00:00:00,0.0,2020-09-21T00:00:00,9.5,23.43,,-99.5,-99.5,-99.5,-99.5,-99.5,-99.5,,,,,,,,,23.8,2020-09-21T15:45:00,,,,21.4,2020-09-21T20:45:00,,,,,,,,,,,,,0.0,2020-09-21T00:00:00,,,,,,,,-99.5,,,81,2020-09-21T02:34:00,,,,,,,,,,,,,,,,,,,,,,,,,,,-99.5,,,,,6.5,-99.5,,,,,,,,,,,,,,,,,,,,,,,,,,,,,,,,,,,,,,,,,,,,,,,,,,,,,,,,,,,,,,,,,,,,,,,,,,,,,,,,,,,,280,,,4.0,2020-09-21T14:31:00,,,,,,,,,,,,,,,,,,,,,,,,,,,,,,,,,,,,,,,,,,,,,,,,,,,,,,,,,,,,,,,,,,,,,,,,,,,,,,
2020-09-22,1007.6,1009.6,1008.6,2020-09-22T08:15:00,1006.1,2020-09-22T15:30:00,29.0,31.9,2020-09-22T12:03:00,26.7,2020-09-22T05:33:00,22.8,69,53,2020-09-22T12:52:00,1.8,240,8.5,220,2020-09-22T14:07:00,6.0,2.0,2020-09-22T18:38:00,5.0,2020-09-22T18:25:00,9.1,22.55,,-99.5,-99.5,-99.5,-99.5,-99.5,-99.5,,,,,,,,,23.8,2020-09-22T20:36:00,,,,20.8,2020-09-22T11:04:00,,,,,,,,,,,,,5.0,2020-09-22T18:25:00,,,,,,,,-99.5,,,80,2020-09-22T03:46:00,,,,,,,,,,,,,,,,,,,,,,,,,,,-99.5,,,,,5.2,-99.5,,,,,,,,,,,,,,,,,,,,,,,,,,,,,,,,,,,,,,,,,,,,,,,,,,,,,,,,,,,,,,,,,,,,,,,,,,,,,,,,,,,,200,,,4.2,2020-09-22T13:52:00,,,,,,,,,,,,,,,,,,,,,,,,,,,,,,,,,,,,,,,,,,,,,,,,,,,,,,,,,,,,,,,,,,,,,,,,,,,,,,
2020-09-23,1008.0,1010.0,1009.2,2020-09-23T21:14:00,1006.7,2020-09-23T15:29:00,28.9,31.3,2020-09-23T12:07:00,26.8,2020-09-23T01:34:00,22.5,68,53,2020-09-23T12:22:00,1.8,220,6.6,280,2020-09-23T13:44:00,0.0,0.0,2020-09-23T00:00:00,0.0,2020-09-23T00:00:00,8.8,18.99,,-99.5,-99.5,-99.5,-99.5,-99.5,-99.5,,,,,,,,,23.4,2020-09-23T05:44:00,,,,20.2,2020-09-23T12:02:00,,,,,,,,,,,,,0.0,2020-09-23T00:00:00,,,,,,,,-99.5,,,81,2020-09-23T05:49:00,,,,,,,,,,,,,,,,,,,,,,,,,,,-99.5,,,,,4.5,-99.5,,,,,,,,,,,,,,,,,,,,,,,,,,,,,,,,,,,,,,,,,,,,,,,,,,,,,,,,,,,,,,,,,,,,,,,,,,,,,,,,,,,,270,,,3.8,2020-09-23T13:33:00,,,,,,,,,,,,,,,,,,,,,,,,,,,,,,,,,,,,,,,,,,,,,,,,,,,,,,,,,,,,,,,,,,,,,,,,,,,,,,
2020-09-24,1007.6,1009.6,1009.0,2020-09-24T08:59:00,1006.2,2020-09-24T16:19:00,28.5,31.6,2020-09-24T15:49:00,25.9,2020-09-24T05:55:00,22.5,70,52,2020-09-24T15:24:00,1.5,200,6.5,210,2020-09-24T10:27:00,0.0,0.0,2020-09-24T00:00:00,0.0,2020-09-24T00:00:00,9.9,17.9,,-99.5,-99.5,-99.5,-99.5,-99.5,-99.5,,,,,,,,,23.6,2020-09-24T20:03:00,,,,20.4,2020-09-24T15:02:00,,,,,,,,,,,,,0.0,2020-09-24T00:00:00,,,,,,,,-99.5,,,82,2020-09-24T04:44:00,,,,,,,,,,,,,,,,,,,,,,,,,,,-99.5,,,,,5.7,-99.5,,,,,,,,,,,,,,,,,,,,,,,,,,,,,,,,,,,,,,,,,,,,,,,,,,,,,,,,,,,,,,,,,,,,,,,,,,,,,,,,,,,,210,,,3.7,2020-09-24T10:51:00,,,,,,,,,,,,,,,,,,,,,,,,,,,,,,,,,,,,,,,,,,,,,,,,,,,,,,,,,,,,,,,,,,,,,,,,,,,,,,
2020-09-25,1006.7,1008.7,1008.1,2020-09-25T20:50:00,1005.3,2020-09-25T14:19:00,27.7,30.6,2020-09-25T11:06:00,25.7,2020-09-25T03:36:00,22.2,72,59,2020-09-25T11:01:00,1.7,300,7.7,280,2020-09-25T12:33:00,0.0,0.0,2020-09-25T00:00:00,0.0,2020-09-25T00:00:00,9.1,20.86,,-99.5,-99.5,-99.5,-99.5,-99.5,-99.5,,,,,,,,,23.1,2020-09-25T12:39:00,,,,21.2,2020-09-25T22:45:00,,,,,,,,,,,,,0.0,2020-09-25T00:00:00,,,,,,,,-99.5,,,82,2020-09-25T03:58:00,,,,,,,,,,,,,,,,,,,,,,,,,,,-99.5,,,,,4.9,-99.5,,,,,,,,,,,,,,,,,,,,,,,,,,,,,,,,,,,,,,,,,,,,,,,,,,,,,,,,,,,,,,,,,,,,,,,,,,,,,,,,,,,,280,,,4.5,2020-09-25T12:33:00,,,,,,,,,,,,,,,,,,,,,,,,,,,,,,,,,,,,,,,,,,,,,,,,,,,,,,,,,,,,,,,,,,,,,,,,,,,,,,
2020-09-26,1007.1,1009.1,1008.9,2020-09-26T22:07:00,1005.6,2020-09-26T14:56:00,28.1,30.9,2020-09-26T13:49:00,25.2,2020-09-26T03:59:00,22.0,69,59,2020-09-26T13:50:00,1.9,290,8.0,280,2020-09-26T12:55:00,0.0,0.0,2020-09-26T00:00:00,0.0,2020-09-26T00:00:00,9.9,22.0,,-99.5,-99.5,-99.5,-99.5,-99.5,-99.5,,,,,,,,,22.8,2020-09-26T22:01:00,,,,20.7,2020-09-26T05:43:00,,,,,,,,,,,,,0.0,2020-09-26T00:00:00,,,,,,,,-99.5,,,81,2020-09-26T03:22:00,,,,,,,,,,,,,,,,,,,,,,,,,,,-99.5,,,,,5.7,-99.5,,,,,,,,,,,,,,,,,,,,,,,,,,,,,,,,,,,,,,,,,,,,,,,,,,,,,,,,,,,,,,,,,,,,,,,,,,,,,,,,,,,,280,,,4.3,2020-09-26T11:55:00,,,,,,,,,,,,,,,,,,,,,,,,,,,,,,,,,,,,,,,,,,,,,,,,,,,,,,,,,,,,,,,,,,,,,,,,,,,,,,
2020-09-27,1008.3,1010.3,1010.1,2020-09-27T09:06:00,1006.2,2020-09-27T15:36:00,28.7,32.8,2020-09-27T10:00:00,25.6,2020-09-27T04:08:00,21.6,65,51,2020-09-27T10:00:00,1.6,290,7.4,280,2020-09-27T13:55:00,0.0,0.0,2020-09-27T00:00:00,0.0,2020-09-27T00:00:00,10.0,21.2,,-99.5,-99.5,-99.5,-99.5,-99.5,-99.5,,,,,,,,,23.0,2020-09-27T01:55:00,,,,20.5,2020-09-27T19:25:00,,,,,,,,,,,,,0.0,2020-09-27T00:00:00,,,,,,,,-99.5,,,81,2020-09-27T04:17:00,,,,,,,,,,,,,,,,,,,,,,,,,,,-99.5,,,,,7.2,-99.5,,,,,,,,,,,,,,,,,,,,,,,,,,,,,,,,,,,,,,,,,,,,,,,,,,,,,,,,,,,,,,,,,,,,,,,,,,,,,,,,,,,,270,,,4.3,2020-09-27T13:16:00,,,,,,,,,,,,,,,,,,,,,,,,,,,,,,,,,,,,,,,,,,,,,,,,,,,,,,,,,,,,,,,,,,,,,,,,,,,,,,
2020-09-28,1007.9,1010.0,1009.6,2020-09-28T09:44:00,1005.4,2020-09-28T15:02:00,28.5,32.8,2020-09-28T15:39:00,25.1,2020-09-28T05:31:00,21.5,66,50,2020-09-28T15:47:00,1.7,310,8.6,280,2020-09-28T13:03:00,0.0,0.0,2020-09-28T00:00:00,0.0,2020-09-28T00:00:00,10.2,21.84,,-99.5,-99.5,-99.5,-99.5,-99.5,-99.5,,,,,,,,,22.2,2020-09-28T11:03:00,,,,20.7,2020-09-28T13:48:00,,,,,,,,,,,,,0.0,2020-09-28T00:00:00,,,,,,,,-99.5,,,80,2020-09-28T05:38:00,,,,,,,,,,,,,,,,,,,,,,,,,,,-99.5,,,,,7.7,-99.5,,,,,,,,,,,,,,,,,,,,,,,,,,,,,,,,,,,,,,,,,,,,,,,,,,,,,,,,,,,,,,,,,,,,,,,,,,,,,,,,,,,,280,,,4.6,2020-09-28T15:09:00,,,,,,,,,,,,,,,,,,,,,,,,,,,,,,,,,,,,,,,,,,,,,,,,,,,,,,,,,,,,,,,,,,,,,,,,,,,,,,
2020-09-29,1005.9,1007.9,1008.6,2020-09-29T00:01:00,1003.8,2020-09-29T15:34:00,28.0,30.7,2020-09-29T16:24:00,25.3,2020-09-29T05:48:00,21.0,65,53,2020-09-29T16:28:00,1.6,290,7.5,280,2020-09-29T13:58:00,0.0,0.0,2020-09-29T00:00:00,0.0,2020-09-29T00:00:00,9.6,22.37,,-99.5,-99.5,-99.5,-99.5,-99.5,-99.5,,,,,,,,,22.4,2020-09-29T12:49:00,,,,19.6,2020-09-29T22:45:00,,,,,,,,,,,,,0.0,2020-09-29T00:00:00,,,,,,,,-99.5,,,77,2020-09-29T06:00:00,,,,,,,,,,,,,,,,,,,,,,,,,,,-99.5,,,,,5.4,-99.5,,,,,,,,,,,,,,,,,,,,,,,,,,,,,,,,,,,,,,,,,,,,,,,,,,,,,,,,,,,,,,,,,,,,,,,,,,,,,,,,,,,,280,,,4.0,2020-09-29T14:44:00,,,,,,,,,,,,,,,,,,,,,,,,,,,,,,,,,,,,,,,,,,,,,,,,,,,,,,,,,,,,,,,,,,,,,,,,,,,,,,
2020-09-30,1005.2,1007.3,1006.6,2020-09-30T21:25:00,1003.8,2020-09-30T14:55:00,28.1,31.0,2020-09-30T11:33:00,25.2,2020-09-30T05:07:00,20.8,64,53,2020-09-30T11:34:00,1.6,280,7.3,280,2020-09-30T13:01:00,0.0,0.0,2020-09-30T00:00:00,0.0,2020-09-30T00:00:00,9.9,21.59,,-99.5,-99.5,-99.5,-99.5,-99.5,-99.5,,,,,,,,,21.9,2020-09-30T02:10:00,,,,18.7,2020-09-30T23:43:00,,,,,,,,,,,,,0.0,2020-09-30T00:00:00,,,,,,,,-99.5,,,79,2020-09-30T04:48:00,,,,,,,,,,,,,,,,,,,,,,,,,,,-99.5,,,,,5.8,-99.5,,,,,,,,,,,,,,,,,,,,,,,,,,,,,,,,,,,,,,,,,,,,,,,,,,,,,,,,,,,,,,,,,,,,,,,,,,,,,,,,,,,,280,,,4.4,2020-09-30T12:31:00,,,,,,,,,,,,,,,,,,,,,,,,,,,,,,,,,,,,,,,,,,,,,,,,,,,,,,,,,,,,,,,,,,,,,,,,,,,,,,
2020-10-01,1006.8,1008.8,1008.8,2020-10-01T21:47:00,1005.1,2020-10-01T04:09:00,28.0,30.3,2020-10-01T11:28:00,26.3,2020-10-02T00:00:00,21.0,65,55,2020-10-01T04:01:00,1.7,250,6.6,280,2020-10-01T13:33:00,0.0,0.0,2020-10-01T00:00:00,0.0,2020-10-01T00:00:00,8.3,10.2,,-99.5,-99.5,-99.5,-99.5,-99.5,-99.5,,,,,,,,,22.4,2020-10-01T23:02:00,,,,17.5,2020-10-01T04:01:00,,,,,,,,,,,,,0.0,2020-10-01T00:00:00,,,,,,,,-99.5,,,78,2020-10-02T00:00:00,,,,,,,,,,,,,,,,,,,,,,,,,,,-99.5,,,,,4.0,-99.5,,,,,,,,,,,,,,,,,,,,,,,,,,,,,,,,,,,,,,,,,,,,,,,,,,,,,,,,,,,,,,,,,,,,,,,,,,,,,,,,,,,,280,,,3.8,2020-10-01T13:36:00,,,,,,,,,,,,,,,,,,,,,,,,,,,,,,,,,,,,,,,,,,,,,,,,,,,,,,,,,,,,,,,,,,,,,,,,,,,,,,
2020-10-02,1008.5,1010.5,1010.5,2020-10-02T22:27:00,1006.8,2020-10-02T15:38:00,28.1,31.2,2020-10-02T09:54:00,24.9,2020-10-02T05:21:00,21.1,66,49,2020-10-02T09:49:00,1.9,290,8.5,290,2020-10-02T13:59:00,0.0,0.0,2020-10-02T00:00:00,0.0,2020-10-02T00:00:00,9.7,22.41,,-99.5,-99.5,-99.5,-99.5,-99.5,-99.5,,,,,,,,,22.3,2020-10-02T00:46:00,,,,18.6,2020-10-02T11:01:00,,,,,,,,,,,,,0.0,2020-10-02T00:00:00,,,,,,,,-99.5,,,82,2020-10-02T04:18:00,,,,,,,,,,,,,,,,,,,,,,,,,,,-99.5,,,,,6.3,-99.5,,,,,,,,,,,,,,,,,,,,,,,,,,,,,,,,,,,,,,,,,,,,,,,,,,,,,,,,,,,,,,,,,,,,,,,,,,,,,,,,,,,,280,,,4.9,2020-10-02T15:39:00,,,,,,,,,,,,,,,,,,,,,,,,,,,,,,,,,,,,,,,,,,,,,,,,,,,,,,,,,,,,,,,,,,,,,,,,,,,,,,
2020-10-03,1008.6,1010.6,1010.1,2020-10-03T00:01:00,1005.8,2020-10-03T14:59:00,28.1,31.3,2020-10-03T13:26:00,24.1,2020-10-03T06:02:00,20.6,64,47,2020-10-03T09:58:00,1.8,300,8.3,290,2020-10-03T14:28:00,0.0,0.0,2020-10-03T00:00:00,0.0,2020-10-03T00:00:00,9.1,21.17,,-99.5,-99.5,-99.5,-99.5,-99.5,-99.5,,,,,,,,,22.4,2020-10-03T22:46:00,,,,18.4,2020-10-03T09:56:00,,,,,,,,,,,,,0.0,2020-10-03T00:00:00,,,,,,,,-99.5,,,78,2020-10-03T02:37:00,,,,,,,,,,,,,,,,,,,,,,,,,,,-99.5,,,,,7.2,-99.5,,,,,,,,,,,,,,,,,,,,,,,,,,,,,,,,,,,,,,,,,,,,,,,,,,,,,,,,,,,,,,,,,,,,,,,,,,,,,,,,,,,,280,,,4.8,2020-10-03T15:07:00,,,,,,,,,,,,,,,,,,,,,,,,,,,,,,,,,,,,,,,,,,,,,,,,,,,,,,,,,,,,,,,,,,,,,,,,,,,,,,
2020-10-04,1007.3,1009.3,1009.6,2020-10-04T00:01:00,1005.1,2020-10-04T14:47:00,28.5,31.7,2020-10-04T09:23:00,26.1,2020-10-04T05:58:00,22.0,68,50,2020-10-04T09:22:00,1.9,290,7.8,280,2020-10-04T14:47:00,0.0,0.0,2020-10-04T00:00:00,0.0,2020-10-04T00:00:00,9.6,21.74,,-99.5,-99.5,-99.5,-99.5,-99.5,-99.5,,,,,,,,,23.2,2020-10-04T11:51:00,,,,19.9,2020-10-04T09:14:00,,,,,,,,,,,,,0.0,2020-10-04T00:00:00,,,,,,,,-99.5,,,79,2020-10-04T06:05:00,,,,,,,,,,,,,,,,,,,,,,,,,,,-99.5,,,,,5.6,-99.5,,,,,,,,,,,,,,,,,,,,,,,,,,,,,,,,,,,,,,,,,,,,,,,,,,,,,,,,,,,,,,,,,,,,,,,,,,,,,,,,,,,,280,,,4.7,2020-10-04T15:17:00,,,,,,,,,,,,,,,,,,,,,,,,,,,,,,,,,,,,,,,,,,,,,,,,,,,,,,,,,,,,,,,,,,,,,,,,,,,,,,
2020-10-05,1008.1,1010.1,1009.8,2020-10-05T21:12:00,1006.6,2020-10-05T14:38:00,28.3,31.0,2020-10-05T09:28:00,25.5,2020-10-05T06:40:00,21.7,68,49,2020-10-05T08:58:00,1.7,270,6.9,280,2020-10-05T12:41:00,0.0,0.0,2020-10-05T00:00:00,0.0,2020-10-05T00:00:00,9.9,21.01,,-99.5,-99.5,-99.5,-99.5,-99.5,-99.5,,,,,,,,,23.0,2020-10-05T20:00:00,,,,19.0,2020-10-05T08:58:00,,,,,,,,,,,,,0.0,2020-10-05T00:00:00,,,,,,,,-99.5,,,80,2020-10-05T04:19:00,,,,,,,,,,,,,,,,,,,,,,,,,,,-99.5,,,,,5.5,-99.5,,,,,,,,,,,,,,,,,,,,,,,,,,,,,,,,,,,,,,,,,,,,,,,,,,,,,,,,,,,,,,,,,,,,,,,,,,,,,,,,,,,,280,,,3.9,2020-10-05T12:55:00,,,,,,,,,,,,,,,,,,,,,,,,,,,,,,,,,,,,,,,,,,,,,,,,,,,,,,,,,,,,,,,,,,,,,,,,,,,,,,
2020-10-06,1009.5,1011.5,1011.0,2020-10-06T21:54:00,1008.4,2020-10-06T14:19:00,28.1,31.8,2020-10-06T10:07:00,25.5,2020-10-06T03:53:00,21.3,66,51,2020-10-06T09:59:00,1.8,290,7.1,280,2020-10-06T12:07:00,0.0,0.0,2020-10-06T00:00:00,0.0,2020-10-06T00:00:00,9.2,18.17,,-99.5,-99.5,-99.5,-99.5,-99.5,-99.5,,,,,,,,,22.5,2020-10-06T11:37:00,,,,19.0,2020-10-06T23:58:00,,,,,,,,,,,,,0.0,2020-10-06T00:00:00,,,,,,,,-99.5,,,79,2020-10-06T06:01:00,,,,,,,,,,,,,,,,,,,,,,,,,,,-99.5,,,,,6.3,-99.5,,,,,,,,,,,,,,,,,,,,,,,,,,,,,,,,,,,,,,,,,,,,,,,,,,,,,,,,,,,,,,,,,,,,,,,,,,,,,,,,,,,,270,,,4.4,2020-10-06T12:40:00,,,,,,,,,,,,,,,,,,,,,,,,,,,,,,,,,,,,,,,,,,,,,,,,,,,,,,,,,,,,,,,,,,,,,,,,,,,,,,
2020-10-07,1010.1,1012.1,1012.0,2020-10-07T09:39:00,1008.3,2020-10-07T15:47:00,27.5,30.2,2020-10-07T11:12:00,25.9,2020-10-07T05:14:00,19.5,61,49,2020-10-07T09:00:00,1.4,260,5.4,280,2020-10-07T12:10:00,0.0,0.0,2020-10-07T00:00:00,0.0,2020-10-07T00:00:00,5.7,8.28,,-99.5,-99.5,-99.5,-99.5,-99.5,-99.5,,,,,,,,,21.5,2020-10-07T18:27:00,,,,16.7,2020-10-07T22:01:00,,,,,,,,,,,,,0.0,2020-10-07T00:00:00,,,,,,,,-99.5,,,71,2020-10-07T19:41:00,,,,,,,,,,,,,,,,,,,,,,,,,,,-99.5,,,,,4.3,-99.5,,,,,,,,,,,,,,,,,,,,,,,,,,,,,,,,,,,,,,,,,,,,,,,,,,,,,,,,,,,,,,,,,,,,,,,,,,,,,,,,,,,,280,,,3.4,2020-10-07T13:07:00,,,,,,,,,,,,,,,,,,,,,,,,,,,,,,,,,,,,,,,,,,,,,,,,,,,,,,,,,,,,,,,,,,,,,,,,,,,,,,
2020-10-08,1010.5,1012.5,1012.0,2020-10-08T21:08:00,1009.0,2020-10-08T14:24:00,26.8,29.8,2020-10-08T11:24:00,24.9,2020-10-08T03:27:00,19.2,63,50,2020-10-08T11:05:00,1.4,300,6.4,280,2020-10-08T12:17:00,0.0,0.0,2020-10-08T00:00:00,0.0,2020-10-08T00:00:00,6.9,9.33,,-99.5,-99.5,-99.5,-99.5,-99.5,-99.5,,,,,,,,,20.6,2020-10-08T16:04:00,,,,17.7,2020-10-08T03:34:00,,,,,,,,,,,,,0.0,2020-10-08T00:00:00,,,,,,,,-99.5,,,69,2020-10-08T06:22:00,,,,,,,,,,,,,,,,,,,,,,,,,,,-99.5,,,,,4.9,-99.5,,,,,,,,,,,,,,,,,,,,,,,,,,,,,,,,,,,,,,,,,,,,,,,,,,,,,,,,,,,,,,,,,,,,,,,,,,,,,,,,,,,,280,,,3.7,2020-10-08T12:22:00,,,,,,,,,,,,,,,,,,,,,,,,,,,,,,,,,,,,,,,,,,,,,,,,,,,,,,,,,,,,,,,,,,,,,,,,,,,,,,
2020-10-09,1010.2,1012.2,1011.6,2020-10-09T08:04:00,1008.6,2020-10-09T15:18:00,27.2,30.7,2020-10-09T09:28:00,24.4,2020-10-09T06:04:00,19.9,64,51,2020-10-09T09:27:00,1.6,260,6.1,240,2020-10-09T10:52:00,0.0,0.0,2020-10-09T00:00:00,0.0,2020-10-09T00:00:00,8.8,15.82,,-99.5,-99.5,-99.5,-99.5,-99.5,-99.5,,,,,,,,,21.3,2020-10-09T13:22:00,,,,18.0,2020-10-09T02:24:00,,,,,,,,,,,,,0.0,2020-10-09T00:00:00,,,,,,,,-99.5,,,76,2020-10-09T05:55:00,,,,,,,,,,,,,,,,,,,,,,,,,,,-99.5,,,,,6.3,-99.5,,,,,,,,,,,,,,,,,,,,,,,,,,,,,,,,,,,,,,,,,,,,,,,,,,,,,,,,,,,,,,,,,,,,,,,,,,,,,,,,,,,,280,,,3.5,2020-10-09T12:38:00,,,,,,,,,,,,,,,,,,,,,,,,,,,,,,,,,,,,,,,,,,,,,,,,,,,,,,,,,,,,,,,,,,,,,,,,,,,,,,
2020-10-10,1008.5,1010.5,1010.2,2020-10-10T07:56:00,1006.9,2020-10-10T15:37:00,27.1,30.1,2020-10-10T10:07:00,23.7,2020-10-10T05:25:00,20.4,67,53,2020-10-10T10:07:00,1.6,270,6.1,260,2020-10-10T11:09:00,0.0,0.0,2020-10-10T00:00:00,0.0,2020-10-10T00:00:00,9.9,16.52,,-99.5,-99.5,-99.5,-99.5,-99.5,-99.5,,,,,,,,,21.6,2020-10-10T21:45:00,,,,19.1,2020-10-10T07:52:00,,,,,,,,,,,,,0.0,2020-10-10T00:00:00,,,,,,,,-99.5,,,78,2020-10-10T05:27:00,,,,,,,,,,,,,,,,,,,,,,,,,,,-99.5,,,,,6.4,-99.5,,,,,,,,,,,,,,,,,,,,,,,,,,,,,,,,,,,,,,,,,,,,,,,,,,,,,,,,,,,,,,,,,,,,,,,,,,,,,,,,,,,,280,,,3.6,2020-10-10T12:16:00,,,,,,,,,,,,,,,,,,,,,,,,,,,,,,,,,,,,,,,,,,,,,,,,,,,,,,,,,,,,,,,,,,,,,,,,,,,,,,
2020-10-11,1007.0,1009.0,1008.6,2020-10-11T08:37:00,1004.7,2020-10-11T14:11:00,27.7,30.6,2020-10-11T10:43:00,24.2,2020-10-11T06:17:00,21.4,69,56,2020-10-11T10:31:00,1.6,290,7.6,280,2020-10-11T14:38:00,0.0,0.0,2020-10-11T00:00:00,0.0,2020-10-11T00:00:00,9.4,16.9,,-99.5,-99.5,-99.5,-99.5,-99.5,-99.5,,,,,,,,,22.5,2020-10-11T22:32:00,,,,20.1,2020-10-11T10:02:00,,,,,,,,,,,,,0.0,2020-10-11T00:00:00,,,,,,,,-99.5,,,82,2020-10-11T05:24:00,,,,,,,,,,,,,,,,,,,,,,,,,,,-99.5,,,,,6.4,-99.5,,,,,,,,,,,,,,,,,,,,,,,,,,,,,,,,,,,,,,,,,,,,,,,,,,,,,,,,,,,,,,,,,,,,,,,,,,,,,,,,,,,,270,,,4.5,2020-10-11T14:47:00,,,,,,,,,,,,,,,,,,,,,,,,,,,,,,,,,,,,,,,,,,,,,,,,,,,,,,,,,,,,,,,,,,,,,,,,,,,,,,
2020-10-12,1007.2,1009.2,1009.2,2020-10-12T21:43:00,1005.4,2020-10-12T15:14:00,28.3,31.3,2020-10-12T15:02:00,25.5,2020-10-12T05:49:00,21.9,68,56,2020-10-12T09:27:00,1.5,300,8.2,280,2020-10-12T12:41:00,0.0,0.0,2020-10-12T00:00:00,0.0,2020-10-12T00:00:00,8.4,17.95,,-99.5,-99.5,-99.5,-99.5,-99.5,-99.5,,,,,,,,,22.7,2020-10-12T07:35:00,,,,20.8,2020-10-12T12:05:00,,,,,,,,,,,,,0.0,2020-10-12T00:00:00,,,,,,,,-99.5,,,82,2020-10-12T06:19:00,,,,,,,,,,,,,,,,,,,,,,,,,,,-99.5,,,,,5.8,-99.5,,,,,,,,,,,,,,,,,,,,,,,,,,,,,,,,,,,,,,,,,,,,,,,,,,,,,,,,,,,,,,,,,,,,,,,,,,,,,,,,,,,,280,,,4.7,2020-10-12T12:57:00,,,,,,,,,,,,,,,,,,,,,,,,,,,,,,,,,,,,,,,,,,,,,,,,,,,,,,,,,,,,,,,,,,,,,,,,,,,,,,
2020-10-13,1009.6,1011.6,1011.7,2020-10-13T23:12:00,1007.9,2020-10-13T02:37:00,28.1,31.2,2020-10-13T09:20:00,25.0,2020-10-13T05:44:00,21.8,69,54,2020-10-13T12:42:00,1.7,280,9.0,270,2020-10-13T13:04:00,0.0,0.0,2020-10-13T00:00:00,0.0,2020-10-13T00:00:00,9.7,19.36,,-99.5,-99.5,-99.5,-99.5,-99.5,-99.5,,,,,,,,,22.6,2020-10-13T10:15:00,,,,20.5,2020-10-13T15:18:00,,,,,,,,,,,,,0.0,2020-10-13T00:00:00,,,,,,,,-99.5,,,82,2020-10-13T05:46:00,,,,,,,,,,,,,,,,,,,,,,,,,,,-99.5,,,,,6.2,-99.5,,,,,,,,,,,,,,,,,,,,,,,,,,,,,,,,,,,,,,,,,,,,,,,,,,,,,,,,,,,,,,,,,,,,,,,,,,,,,,,,,,,,280,,,5.9,2020-10-13T13:08:00,,,,,,,,,,,,,,,,,,,,,,,,,,,,,,,,,,,,,,,,,,,,,,,,,,,,,,,,,,,,,,,,,,,,,,,,,,,,,,
2020-10-14,1011.2,1013.2,1012.5,2020-10-14T09:56:00,1009.8,2020-10-14T15:09:00,28.0,31.5,2020-10-14T09:15:00,25.9,2020-10-14T04:35:00,22.1,70,53,2020-10-14T09:15:00,1.8,290,8.5,280,2020-10-14T13:31:00,0.0,0.0,2020-10-14T00:00:00,0.0,2020-10-14T00:00:00,9.5,17.67,,-99.5,-99.5,-99.5,-99.5,-99.5,-99.5,,,,,,,,,23.1,2020-10-14T12:13:00,,,,20.5,2020-10-14T09:02:00,,,,,,,,,,,,,0.0,2020-10-14T00:00:00,,,,,,,,-99.5,,,80,2020-10-14T04:51:00,,,,,,,,,,,,,,,,,,,,,,,,,,,-99.5,,,,,5.6,-99.5,,,,,,,,,,,,,,,,,,,,,,,,,,,,,,,,,,,,,,,,,,,,,,,,,,,,,,,,,,,,,,,,,,,,,,,,,,,,,,,,,,,,280,,,5.1,2020-10-14T13:36:00,,,,,,,,,,,,,,,,,,,,,,,,,,,,,,,,,,,,,,,,,,,,,,,,,,,,,,,,,,,,,,,,,,,,,,,,,,,,,,
2020-10-15,1010.8,1012.8,1012.5,2020-10-15T09:28:00,1008.8,2020-10-15T14:55:00,27.7,30.7,2020-10-15T09:10:00,25.0,2020-10-15T04:29:00,20.9,67,53,2020-10-15T14:13:00,1.8,290,7.7,280,2020-10-15T14:10:00,0.0,0.0,2020-10-15T00:00:00,0.0,2020-10-15T00:00:00,9.4,19.29,,-99.5,-99.5,-99.5,-99.5,-99.5,-99.5,,,,,,,,,22.3,2020-10-15T03:37:00,,,,18.9,2020-10-15T16:18:00,,,,,,,,,,,,,0.0,2020-10-15T00:00:00,,,,,,,,-99.5,,,82,2020-10-15T05:38:00,,,,,,,,,,,,,,,,,,,,,,,,,,,-99.5,,,,,5.7,-99.5,,,,,,,,,,,,,,,,,,,,,,,,,,,,,,,,,,,,,,,,,,,,,,,,,,,,,,,,,,,,,,,,,,,,,,,,,,,,,,,,,,,,280,,,4.7,2020-10-15T14:33:00,,,,,,,,,,,,,,,,,,,,,,,,,,,,,,,,,,,,,,,,,,,,,,,,,,,,,,,,,,,,,,,,,,,,,,,,,,,,,,
2020-10-16,1010.9,1012.9,1012.4,2020-10-16T09:03:00,1009.1,2020-10-16T16:11:00,27.5,31.6,2020-10-16T11:05:00,24.7,2020-10-16T06:43:00,20.8,67,48,2020-10-16T11:06:00,1.6,290,7.3,280,2020-10-16T12:32:00,0.0,0.0,2020-10-16T00:00:00,0.0,2020-10-16T00:00:00,9.7,15.67,,-99.5,-99.5,-99.5,-99.5,-99.5,-99.5,,,,,,,,,22.1,2020-10-16T12:23:00,,,,18.9,2020-10-16T10:52:00,,,,,,,,,,,,,0.0,2020-10-16T00:00:00,,,,,,,,-99.5,,,79,2020-10-16T06:23:00,,,,,,,,,,,,,,,,,,,,,,,,,,,-99.5,,,,,6.9,-99.5,,,,,,,,,,,,,,,,,,,,,,,,,,,,,,,,,,,,,,,,,,,,,,,,,,,,,,,,,,,,,,,,,,,,,,,,,,,,,,,,,,,,280,,,4.6,2020-10-16T12:53:00,,,,,,,,,,,,,,,,,,,,,,,,,,,,,,,,,,,,,,,,,,,,,,,,,,,,,,,,,,,,,,,,,,,,,,,,,,,,,,
2020-10-17,1011.4,1013.4,1012.8,2020-10-17T09:10:00,1009.9,2020-10-17T15:46:00,26.3,30.4,2020-10-17T10:51:00,24.5,2020-10-17T23:13:00,21.0,73,56,2020-10-17T10:22:00,1.3,300,6.8,270,2020-10-17T14:43:00,3.0,1.5,2020-10-17T17:11:00,2.0,2020-10-17T16:18:00,7.6,11.61,,-99.5,-99.5,-99.5,-99.5,-99.5,-99.5,,,,,,,,,22.1,2020-10-17T17:00:00,,,,19.8,2020-10-17T10:17:00,,,,,,,,,,,,,2.0,2020-10-17T16:18:00,,,,,,,,-99.5,,,82,2020-10-17T18:43:00,,,,,,,,,,,,,,,,,,,,,,,,,,,-99.5,,,,,5.9,-99.5,,,,,,,,,,,,,,,,,,,,,,,,,,,,,,,,,,,,,,,,,,,,,,,,,,,,,,,,,,,,,,,,,,,,,,,,,,,,,,,,,,,,280,,,4.5,2020-10-17T14:46:00,,,,,,,,,,,,,,,,,,,,,,,,,,,,,,,,,,,,,,,,,,,,,,,,,,,,,,,,,,,,,,,,,,,,,,,,,,,,,,
2020-10-18,1011.9,1013.9,1013.5,2020-10-18T08:52:00,1010.6,2020-10-18T14:09:00,25.9,29.7,2020-10-18T10:09:00,22.9,2020-10-18T06:08:00,20.7,73,56,2020-10-18T10:31:00,1.6,300,7.3,290,2020-10-18T14:19:00,0.0,0.0,2020-10-18T00:00:00,0.0,2020-10-18T00:00:00,7.7,15.38,,-99.5,-99.5,-99.5,-99.5,-99.5,-99.5,,,,,,,,,21.7,2020-10-18T20:49:00,,,,19.5,2020-10-18T08:13:00,,,,,,,,,,,,,0.0,2020-10-18T00:00:00,,,,,,,,-99.5,,,83,2020-10-18T04:58:00,,,,,,,,,,,,,,,,,,,,,,,,,,,-99.5,,,,,6.8,-99.5,,,,,,,,,,,,,,,,,,,,,,,,,,,,,,,,,,,,,,,,,,,,,,,,,,,,,,,,,,,,,,,,,,,,,,,,,,,,,,,,,,,,280,,,4.1,2020-10-18T14:57:00,,,,,,,,,,,,,,,,,,,,,,,,,,,,,,,,,,,,,,,,,,,,,,,,,,,,,,,,,,,,,,,,,,,,,,,,,,,,,,
2020-10-19,1011.2,1013.2,1012.6,2020-10-19T21:27:00,1009.1,2020-10-19T15:01:00,26.6,29.2,2020-10-19T09:42:00,23.3,2020-10-19T05:44:00,20.0,67,54,2020-10-19T09:54:00,1.6,290,7.0,280,2020-10-19T13:57:00,0.0,0.0,2020-10-19T00:00:00,0.0,2020-10-19T00:00:00,9.5,15.91,,-99.5,-99.5,-99.5,-99.5,-99.5,-99.5,,,,,,,,,21.4,2020-10-19T00:08:00,,,,18.7,2020-10-19T09:54:00,,,,,,,,,,,,,0.0,2020-10-19T00:00:00,,,,,,,,-99.5,,,79,2020-10-19T06:29:00,,,,,,,,,,,,,,,,,,,,,,,,,,,-99.5,,,,,5.9,-99.5,,,,,,,,,,,,,,,,,,,,,,,,,,,,,,,,,,,,,,,,,,,,,,,,,,,,,,,,,,,,,,,,,,,,,,,,,,,,,,,,,,,,280,,,4.4,2020-10-19T12:12:00,,,,,,,,,,,,,,,,,,,,,,,,,,,,,,,,,,,,,,,,,,,,,,,,,,,,,,,,,,,,,,,,,,,,,,,,,,,,,,
2020-10-20,1009.2,1011.2,1011.8,2020-10-20T00:01:00,1007.3,2020-10-20T15:43:00,26.4,30.0,2020-10-20T13:13:00,22.7,2020-10-20T06:06:00,19.9,68,54,2020-10-20T13:13:00,1.4,300,7.2,280,2020-10-20T14:11:00,0.0,0.0,2020-10-20T00:00:00,0.0,2020-10-20T00:00:00,8.7,15.9,,-99.5,-99.5,-99.5,-99.5,-99.5,-99.5,,,,,,,,,21.1,2020-10-20T20:48:00,,,,18.7,2020-10-20T03:03:00,,,,,,,,,,,,,0.0,2020-10-20T00:00:00,,,,,,,,-99.5,,,81,2020-10-20T06:40:00,,,,,,,,,,,,,,,,,,,,,,,,,,,-99.5,,,,,7.3,-99.5,,,,,,,,,,,,,,,,,,,,,,,,,,,,,,,,,,,,,,,,,,,,,,,,,,,,,,,,,,,,,,,,,,,,,,,,,,,,,,,,,,,,280,,,4.4,2020-10-20T14:18:00,,,,,,,,,,,,,,,,,,,,,,,,,,,,,,,,,,,,,,,,,,,,,,,,,,,,,,,,,,,,,,,,,,,,,,,,,,,,,,
2020-10-21,1005.7,1007.7,1008.1,2020-10-21T00:01:00,1003.9,2020-10-21T16:04:00,26.0,29.7,2020-10-21T10:30:00,23.8,2020-10-21T06:14:00,21.3,75,57,2020-10-21T09:57:00,1.3,290,6.4,280,2020-10-21T12:12:00,2.5,1.0,2020-10-21T15:21:00,1.5,2020-10-21T14:31:00,6.1,10.71,,-99.5,-99.5,-99.5,-99.5,-99.5,-99.5,,,,,,,,,22.7,2020-10-21T19:08:00,,,,20.2,2020-10-21T06:28:00,,,,,,,,,,,,,1.5,2020-10-21T14:31:00,,,,,,,,-99.5,,,83,2020-10-21T19:37:00,,,,,,,,,,,,,,,,,,,,,,,,,,,-99.5,,,,,5.9,-99.5,,,,,,,,,,,,,,,,,,,,,,,,,,,,,,,,,,,,,,,,,,,,,,,,,,,,,,,,,,,,,,,,,,,,,,,,,,,,,,,,,,,,280,,,3.5,2020-10-21T12:19:00,,,,,,,,,,,,,,,,,,,,,,,,,,,,,,,,,,,,,,,,,,,,,,,,,,,,,,,,,,,,,,,,,,,,,,,,,,,,,,
2020-10-22,1004.8,1006.8,1007.8,2020-10-22T21:59:00,1002.7,2020-10-22T14:38:00,26.2,31.6,2020-10-22T12:45:00,21.3,2020-10-23T00:00:00,20.9,73,54,2020-10-22T12:45:00,1.2,350,5.7,350,2020-10-22T17:08:00,3.0,1.0,2020-10-22T21:40:00,2.5,2020-10-22T21:02:00,7.3,12.13,,-99.5,-99.5,-99.5,-99.5,-99.5,-99.5,,,,,,,,,22.6,2020-10-22T08:32:00,,,,17.9,2020-10-22T23:54:00,,,,,,,,,,,,,2.5,2020-10-22T21:02:00,,,,,,,,-99.5,,,84,2020-10-22T03:05:00,,,,,,,,,,,,,,,,,,,,,,,,,,,-99.5,,,,,10.3,-99.5,,,,,,,,,,,,,,,,,,,,,,,,,,,,,,,,,,,,,,,,,,,,,,,,,,,,,,,,,,,,,,,,,,,,,,,,,,,,,,,,,,,,340,,,2.6,2020-10-22T17:09:00,,,,,,,,,,,,,,,,,,,,,,,,,,,,,,,,,,,,,,,,,,,,,,,,,,,,,,,,,,,,,,,,,,,,,,,,,,,,,,
2020-10-23,1007.9,1009.9,1010.2,2020-10-23T23:44:00,1005.4,2020-10-23T02:06:00,23.1,26.0,2020-10-23T12:51:00,21.0,2020-10-23T01:04:00,19.0,78,66,2020-10-23T13:02:00,1.0,330,4.2,50,2020-10-23T00:07:00,2.0,0.5,2020-10-23T16:38:00,1.5,2020-10-23T17:17:00,6.0,5.35,,-99.5,-99.5,-99.5,-99.5,-99.5,-99.5,,,,,,,,,20.8,2020-10-23T18:06:00,,,,17.8,2020-10-23T07:11:00,,,,,,,,,,,,,1.5,2020-10-23T17:17:00,,,,,,,,-99.5,,,84,2020-10-23T20:53:00,,,,,,,,,,,,,,,,,,,,,,,,,,,-99.5,,,,,5.0,-99.5,,,,,,,,,,,,,,,,,,,,,,,,,,,,,,,,,,,,,,,,,,,,,,,,,,,,,,,,,,,,,,,,,,,,,,,,,,,,,,,,,,,,280,,,2.0,2020-10-23T13:30:00,,,,,,,,,,,,,,,,,,,,,,,,,,,,,,,,,,,,,,,,,,,,,,,,,,,,,,,,,,,,,,,,,,,,,,,,,,,,,,
2020-10-24,1010.9,1012.9,1012.6,2020-10-24T22:59:00,1008.7,2020-10-24T02:26:00,24.9,28.6,2020-10-24T13:57:00,22.0,2020-10-24T01:43:00,19.3,71,52,2020-10-24T18:13:00,1.3,300,6.2,280,2020-10-24T14:26:00,0.0,0.0,2020-10-24T00:00:00,0.0,2020-10-24T00:00:00,7.8,10.58,,-99.5,-99.5,-99.5,-99.5,-99.5,-99.5,,,,,,,,,20.7,2020-10-24T15:38:00,,,,15.9,2020-10-24T18:13:00,,,,,,,,,,,,,0.0,2020-10-24T00:00:00,,,,,,,,-99.5,,,84,2020-10-24T04:04:00,,,,,,,,,,,,,,,,,,,,,,,,,,,-99.5,,,,,6.6,-99.5,,,,,,,,,,,,,,,,,,,,,,,,,,,,,,,,,,,,,,,,,,,,,,,,,,,,,,,,,,,,,,,,,,,,,,,,,,,,,,,,,,,,280,,,4.1,2020-10-24T14:32:00,,,,,,,,,,,,,,,,,,,,,,,,,,,,,,,,,,,,,,,,,,,,,,,,,,,,,,,,,,,,,,,,,,,,,,,,,,,,,,
2020-10-25,1011.9,1013.9,1013.6,2020-10-25T09:42:00,1010.0,2020-10-25T14:36:00,25.1,28.7,2020-10-25T10:32:00,21.5,2020-10-25T04:00:00,19.7,72,54,2020-10-25T10:18:00,1.3,260,6.6,160,2020-10-25T00:20:00,4.0,0.5,2020-10-25T00:52:00,2.0,2020-10-25T21:49:00,7.1,12.45,,-99.5,-99.5,-99.5,-99.5,-99.5,-99.5,,,,,,,,,21.7,2020-10-25T21:57:00,,,,16.2,2020-10-25T00:11:00,,,,,,,,,,,,,2.0,2020-10-25T21:49:00,,,,,,,,-99.5,,,86,2020-10-25T23:10:00,,,,,,,,,,,,,,,,,,,,,,,,,,,-99.5,,,,,7.2,-99.5,,,,,,,,,,,,,,,,,,,,,,,,,,,,,,,,,,,,,,,,,,,,,,,,,,,,,,,,,,,,,,,,,,,,,,,,,,,,,,,,,,,,280,,,3.5,2020-10-25T12:14:00,,,,,,,,,,,,,,,,,,,,,,,,,,,,,,,,,,,,,,,,,,,,,,,,,,,,,,,,,,,,,,,,,,,,,,,,,,,,,,
2020-10-26,1010.1,1012.1,1012.1,2020-10-26T08:26:00,1007.6,2020-10-26T15:14:00,26.5,28.7,2020-10-26T11:12:00,23.9,2020-10-26T00:01:00,20.7,71,60,2020-10-26T15:42:00,1.7,270,6.3,290,2020-10-26T12:22:00,0.0,0.0,2020-10-26T00:00:00,0.0,2020-10-26T00:00:00,7.8,15.55,,-99.5,-99.5,-99.5,-99.5,-99.5,-99.5,,,,,,,,,21.5,2020-10-26T06:30:00,,,,19.7,2020-10-26T15:42:00,,,,,,,,,,,,,0.0,2020-10-26T00:00:00,,,,,,,,-99.5,,,83,2020-10-26T01:38:00,,,,,,,,,,,,,,,,,,,,,,,,,,,-99.5,,,,,4.8,-99.5,,,,,,,,,,,,,,,,,,,,,,,,,,,,,,,,,,,,,,,,,,,,,,,,,,,,,,,,,,,,,,,,,,,,,,,,,,,,,,,,,,,,280,,,3.6,2020-10-26T13:47:00,,,,,,,,,,,,,,,,,,,,,,,,,,,,,,,,,,,,,,,,,,,,,,,,,,,,,,,,,,,,,,,,,,,,,,,,,,,,,,
2020-10-27,1010.0,1012.0,1012.0,2020-10-27T22:11:00,1007.5,2020-10-27T14:36:00,27.0,30.7,2020-10-27T11:47:00,24.3,2020-10-27T06:12:00,20.7,68,54,2020-10-27T11:47:00,1.7,280,8.1,280,2020-10-27T13:55:00,0.0,0.0,2020-10-27T00:00:00,0.0,2020-10-27T00:00:00,8.8,17.24,,-99.5,-99.5,-99.5,-99.5,-99.5,-99.5,,,,,,,,,21.6,2020-10-27T21:08:00,,,,19.7,2020-10-27T14:13:00,,,,,,,,,,,,,0.0,2020-10-27T00:00:00,,,,,,,,-99.5,,,78,2020-10-27T06:07:00,,,,,,,,,,,,,,,,,,,,,,,,,,,-99.5,,,,,6.4,-99.5,,,,,,,,,,,,,,,,,,,,,,,,,,,,,,,,,,,,,,,,,,,,,,,,,,,,,,,,,,,,,,,,,,,,,,,,,,,,,,,,,,,,280,,,4.5,2020-10-27T13:32:00,,,,,,,,,,,,,,,,,,,,,,,,,,,,,,,,,,,,,,,,,,,,,,,,,,,,,,,,,,,,,,,,,,,,,,,,,,,,,,
2020-10-28,1012.5,1014.5,1013.9,2020-10-28T23:29:00,1010.6,2020-10-28T03:57:00,26.8,29.3,2020-10-28T12:09:00,23.7,2020-10-28T06:07:00,20.9,70,59,2020-10-28T17:28:00,1.6,280,7.2,280,2020-10-28T12:56:00,0.0,0.0,2020-10-28T00:00:00,0.0,2020-10-28T00:00:00,8.7,14.47,,-99.5,-99.5,-99.5,-99.5,-99.5,-99.5,,,,,,,,,22.2,2020-10-28T23:01:00,,,,19.4,2020-10-28T17:28:00,,,,,,,,,,,,,0.0,2020-10-28T00:00:00,,,,,,,,-99.5,,,81,2020-10-28T04:31:00,,,,,,,,,,,,,,,,,,,,,,,,,,,-99.5,,,,,5.6,-99.5,,,,,,,,,,,,,,,,,,,,,,,,,,,,,,,,,,,,,,,,,,,,,,,,,,,,,,,,,,,,,,,,,,,,,,,,,,,,,,,,,,,,280,,,4.4,2020-10-28T11:31:00,,,,,,,,,,,,,,,,,,,,,,,,,,,,,,,,,,,,,,,,,,,,,,,,,,,,,,,,,,,,,,,,,,,,,,,,,,,,,,
2020-10-29,1013.7,1015.8,1015.3,2020-10-29T07:56:00,1011.8,2020-10-29T13:04:00,27.2,31.3,2020-10-29T11:46:00,24.6,2020-10-29T04:00:00,21.3,70,51,2020-10-29T11:46:00,1.6,290,7.5,280,2020-10-29T13:26:00,0.0,0.0,2020-10-29T00:00:00,0.0,2020-10-29T00:00:00,8.7,14.65,,-99.5,-99.5,-99.5,-99.5,-99.5,-99.5,,,,,,,,,22.4,2020-10-29T01:54:00,,,,19.4,2020-10-29T13:06:00,,,,,,,,,,,,,0.0,2020-10-29T00:00:00,,,,,,,,-99.5,,,84,2020-10-29T03:03:00,,,,,,,,,,,,,,,,,,,,,,,,,,,-99.5,,,,,6.7,-99.5,,,,,,,,,,,,,,,,,,,,,,,,,,,,,,,,,,,,,,,,,,,,,,,,,,,,,,,,,,,,,,,,,,,,,,,,,,,,,,,,,,,,280,,,4.8,2020-10-29T13:12:00,,,,,,,,,,,,,,,,,,,,,,,,,,,,,,,,,,,,,,,,,,,,,,,,,,,,,,,,,,,,,,,,,,,,,,,,,,,,,,
2020-10-30,1013.8,1015.8,1015.0,2020-10-30T09:30:00,1012.4,2020-10-30T15:05:00,25.9,28.5,2020-10-30T10:16:00,24.2,2020-10-31T00:00:00,19.5,68,58,2020-10-30T18:46:00,1.5,280,6.8,290,2020-10-30T14:52:00,0.0,0.0,2020-10-30T00:00:00,0.0,2020-10-30T00:00:00,7.1,9.1,,-99.5,-99.5,-99.5,-99.5,-99.5,-99.5,,,,,,,,,21.1,2020-10-30T12:43:00,,,,16.5,2020-10-30T19:54:00,,,,,,,,,,,,,0.0,2020-10-30T00:00:00,,,,,,,,-99.5,,,76,2020-10-30T06:36:00,,,,,,,,,,,,,,,,,,,,,,,,,,,-99.5,,,,,4.3,-99.5,,,,,,,,,,,,,,,,,,,,,,,,,,,,,,,,,,,,,,,,,,,,,,,,,,,,,,,,,,,,,,,,,,,,,,,,,,,,,,,,,,,,280,,,3.3,2020-10-30T15:29:00,,,,,,,,,,,,,,,,,,,,,,,,,,,,,,,,,,,,,,,,,,,,,,,,,,,,,,,,,,,,,,,,,,,,,,,,,,,,,,
2020-10-31,1013.2,1015.2,1015.3,2020-10-31T09:10:00,1011.5,2020-10-31T15:01:00,25.1,28.0,2020-10-31T10:44:00,22.8,2020-10-31T22:53:00,17.1,61,43,2020-10-31T11:13:00,1.4,220,5.3,280,2020-10-31T16:39:00,0.0,0.0,2020-10-31T00:00:00,0.0,2020-10-31T00:00:00,8.0,8.39,,-99.5,-99.5,-99.5,-99.5,-99.5,-99.5,,,,,,,,,19.8,2020-10-31T03:16:00,,,,12.3,2020-10-31T06:15:00,,,,,,,,,,,,,0.0,2020-10-31T00:00:00,,,,,,,,-99.5,,,79,2020-10-31T03:16:00,,,,,,,,,,,,,,,,,,,,,,,,,,,-99.5,,,,,5.2,-99.5,,,,,,,,,,,,,,,,,,,,,,,,,,,,,,,,,,,,,,,,,,,,,,,,,,,,,,,,,,,,,,,,,,,,,,,,,,,,,,,,,,,,280,,,3.1,2020-10-31T15:34:00,,,,,,,,,,,,,,,,,,,,,,,,,,,,,,,,,,,,,,,,,,,,,,,,,,,,,,,,,,,,,,,,,,,,,,,,,,,,,,
2020-11-01,1011.8,1013.8,1013.5,2020-11-01T09:09:00,1009.9,2020-11-01T15:36:00,24.6,29.2,2020-11-01T12:09:00,20.7,2020-11-01T05:57:00,17.1,64,39,2020-11-01T12:18:00,1.9,280,7.5,280,2020-11-01T14:52:00,0.0,0.0,2020-11-01T00:00:00,0.0,2020-11-01T00:00:00,9.1,17.93,,-99.5,-99.5,-99.5,-99.5,-99.5,-99.5,,,,,,,,,18.9,2020-11-01T20:49:00,,,,13.8,2020-11-01T12:18:00,,,,,,,,,,,,,0.0,2020-11-01T00:00:00,,,,,,,,-99.5,,,78,2020-11-01T06:23:00,,,,,,,,,,,,,,,,,,,,,,,,,,,-99.5,,,,,8.5,-99.5,,,,,,,,,,,,,,,,,,,,,,,,,,,,,,,,,,,,,,,,,,,,,,,,,,,,,,,,,,,,,,,,,,,,,,,,,,,,,,,,,,,,280,,,4.7,2020-11-01T15:08:00,,,,,,,,,,,,,,,,,,,,,,,,,,,,,,,,,,,,,,,,,,,,,,,,,,,,,,,,,,,,,,,,,,,,,,,,,,,,,,
2020-11-02,1010.5,1012.5,1011.8,2020-11-02T20:50:00,1008.0,2020-11-02T15:55:00,25.7,30.3,2020-11-02T11:52:00,20.8,2020-11-02T06:00:00,18.0,63,40,2020-11-02T11:14:00,1.5,300,6.5,280,2020-11-02T15:00:00,0.0,0.0,2020-11-02T00:00:00,0.0,2020-11-02T00:00:00,9.4,17.94,,-99.5,-99.5,-99.5,-99.5,-99.5,-99.5,,,,,,,,,19.6,2020-11-02T16:04:00,,,,14.9,2020-11-02T11:03:00,,,,,,,,,,,,,0.0,2020-11-02T00:00:00,,,,,,,,-99.5,,,79,2020-11-02T04:31:00,,,,,,,,,,,,,,,,,,,,,,,,,,,-99.5,,,,,9.5,-99.5,,,,,,,,,,,,,,,,,,,,,,,,,,,,,,,,,,,,,,,,,,,,,,,,,,,,,,,,,,,,,,,,,,,,,,,,,,,,,,,,,,,,280,,,4.4,2020-11-02T13:50:00,,,,,,,,,,,,,,,,,,,,,,,,,,,,,,,,,,,,,,,,,,,,,,,,,,,,,,,,,,,,,,,,,,,,,,,,,,,,,,
2020-11-03,1011.8,1013.8,1013.3,2020-11-03T21:14:00,1009.9,2020-11-03T14:01:00,25.2,28.9,2020-11-03T10:48:00,22.6,2020-11-03T05:46:00,17.8,64,49,2020-11-03T21:37:00,1.7,270,7.2,280,2020-11-03T13:14:00,0.0,0.0,2020-11-03T00:00:00,0.0,2020-11-03T00:00:00,8.7,16.73,,-99.5,-99.5,-99.5,-99.5,-99.5,-99.5,,,,,,,,,19.4,2020-11-03T05:41:00,,,,13.8,2020-11-03T21:37:00,,,,,,,,,,,,,0.0,2020-11-03T00:00:00,,,,,,,,-99.5,,,81,2020-11-03T05:41:00,,,,,,,,,,,,,,,,,,,,,,,,,,,-99.5,,,,,6.3,-99.5,,,,,,,,,,,,,,,,,,,,,,,,,,,,,,,,,,,,,,,,,,,,,,,,,,,,,,,,,,,,,,,,,,,,,,,,,,,,,,,,,,,,280,,,4.4,2020-11-03T13:17:00,,,,,,,,,,,,,,,,,,,,,,,,,,,,,,,,,,,,,,,,,,,,,,,,,,,,,,,,,,,,,,,,,,,,,,,,,,,,,,
2020-11-04,1013.3,1015.3,1014.6,2020-11-04T20:11:00,1011.6,2020-11-04T14:13:00,24.9,27.5,2020-11-04T09:22:00,23.3,2020-11-04T00:03:00,17.2,62,47,2020-11-04T21:24:00,1.6,280,7.0,280,2020-11-04T11:43:00,0.0,0.0,2020-11-04T00:00:00,0.0,2020-11-04T00:00:00,8.5,15.06,,-99.5,-99.5,-99.5,-99.5,-99.5,-99.5,,,,,,,,,18.7,2020-11-04T07:21:00,,,,13.3,2020-11-04T21:24:00,,,,,,,,,,,,,0.0,2020-11-04T00:00:00,,,,,,,,-99.5,,,73,2020-11-04T07:27:00,,,,,,,,,,,,,,,,,,,,,,,,,,,-99.5,,,,,4.2,-99.5,,,,,,,,,,,,,,,,,,,,,,,,,,,,,,,,,,,,,,,,,,,,,,,,,,,,,,,,,,,,,,,,,,,,,,,,,,,,,,,,,,,,280,,,4.2,2020-11-04T12:08:00,,,,,,,,,,,,,,,,,,,,,,,,,,,,,,,,,,,,,,,,,,,,,,,,,,,,,,,,,,,,,,,,,,,,,,,,,,,,,,
2020-11-05,1013.1,1015.1,1015.3,2020-11-05T09:02:00,1011.3,2020-11-05T15:09:00,25.3,29.0,2020-11-05T10:39:00,22.9,2020-11-05T05:10:00,17.4,62,42,2020-11-05T10:40:00,1.8,300,7.8,280,2020-11-05T12:51:00,0.0,0.0,2020-11-05T00:00:00,0.0,2020-11-05T00:00:00,8.3,16.59,,-99.5,-99.5,-99.5,-99.5,-99.5,-99.5,,,,,,,,,18.4,2020-11-05T22:33:00,,,,14.6,2020-11-05T10:41:00,,,,,,,,,,,,,0.0,2020-11-05T00:00:00,,,,,,,,-99.5,,,73,2020-11-05T07:00:00,,,,,,,,,,,,,,,,,,,,,,,,,,,-99.5,,,,,6.1,-99.5,,,,,,,,,,,,,,,,,,,,,,,,,,,,,,,,,,,,,,,,,,,,,,,,,,,,,,,,,,,,,,,,,,,,,,,,,,,,,,,,,,,,280,,,5.0,2020-11-05T13:55:00,,,,,,,,,,,,,,,,,,,,,,,,,,,,,,,,,,,,,,,,,,,,,,,,,,,,,,,,,,,,,,,,,,,,,,,,,,,,,,
2020-11-06,1008.9,1010.9,1012.7,2020-11-06T00:01:00,1004.9,2020-11-06T14:57:00,24.1,27.3,2020-11-06T11:28:00,22.3,2020-11-06T05:12:00,19.5,75,55,2020-11-06T11:30:00,1.8,10,13.5,190,2020-11-06T22:57:00,33.0,4.5,2020-11-06T23:21:00,14.0,2020-11-06T22:57:00,4.5,5.6,,-99.5,-99.5,-99.5,-99.5,-99.5,-99.5,,,,,,,,,21.7,2020-11-06T17:43:00,,,,17.2,2020-11-06T11:41:00,,,,,,,,,,,,,14.0,2020-11-06T22:57:00,,,,,,,,-99.5,,,87,2020-11-06T23:57:00,,,,,,,,,,,,,,,,,,,,,,,,,,,-99.5,,,,,5.0,-99.5,,,,,,,,,,,,,,,,,,,,,,,,,,,,,,,,,,,,,,,,,,,,,,,,,,,,,,,,,,,,,,,,,,,,,,,,,,,,,,,,,,,,180,,,7.3,2020-11-06T23:22:00,,,,,,,,,,,,,,,,,,,,,,,,,,,,,,,,,,,,,,,,,,,,,,,,,,,,,,,,,,,,,,,,,,,,,,,,,,,,,,
2020-11-07,1011.4,1013.4,1013.5,2020-11-07T19:48:00,1009.1,2020-11-07T02:08:00,26.3,29.5,2020-11-07T14:34:00,23.5,2020-11-07T00:01:00,21.6,75,61,2020-11-07T12:36:00,3.8,190,13.3,180,2020-11-07T02:07:00,12.0,2.0,2020-11-07T05:53:00,5.0,2020-11-07T00:00:00,6.9,10.31,,-99.5,-99.5,-99.5,-99.5,-99.5,-99.5,,,,,,,,,22.9,2020-11-07T17:25:00,,,,20.0,2020-11-07T02:26:00,,,,,,,,,,,,,5.0,2020-11-07T00:00:00,,,,,,,,-99.5,,,87,2020-11-07T00:05:00,,,,,,,,,,,,,,,,,,,,,,,,,,,-99.5,,,,,6.0,-99.5,,,,,,,,,,,,,,,,,,,,,,,,,,,,,,,,,,,,,,,,,,,,,,,,,,,,,,,,,,,,,,,,,,,,,,,,,,,,,,,,,,,,170,,,7.6,2020-11-07T02:01:00,,,,,,,,,,,,,,,,,,,,,,,,,,,,,,,,,,,,,,,,,,,,,,,,,,,,,,,,,,,,,,,,,,,,,,,,,,,,,,
2020-11-08,1012.8,1014.8,1015.1,2020-11-08T09:16:00,1011.1,2020-11-08T15:30:00,24.6,28.5,2020-11-08T13:04:00,22.5,2020-11-08T23:42:00,19.5,73,58,2020-11-08T13:10:00,1.2,330,5.0,290,2020-11-08T14:31:00,0.0,0.0,2020-11-08T00:00:00,0.0,2020-11-08T00:00:00,6.8,13.08,,-99.5,-99.5,-99.5,-99.5,-99.5,-99.5,,,,,,,,,21.5,2020-11-08T00:01:00,,,,17.3,2020-11-08T23:42:00,,,,,,,,,,,,,0.0,2020-11-08T00:00:00,,,,,,,,-99.5,,,85,2020-11-08T00:01:00,,,,,,,,,,,,,,,,,,,,,,,,,,,-99.5,,,,,6.0,-99.5,,,,,,,,,,,,,,,,,,,,,,,,,,,,,,,,,,,,,,,,,,,,,,,,,,,,,,,,,,,,,,,,,,,,,,,,,,,,,,,,,,,,280,,,3.2,2020-11-08T14:58:00,,,,,,,,,,,,,,,,,,,,,,,,,,,,,,,,,,,,,,,,,,,,,,,,,,,,,,,,,,,,,,,,,,,,,,,,,,,,,,
2020-11-09,1013.2,1015.3,1015.0,2020-11-09T09:01:00,1011.8,2020-11-09T01:26:00,23.6,27.6,2020-11-09T11:40:00,21.8,2020-11-09T06:37:00,18.4,73,54,2020-11-09T11:33:00,1.0,320,4.4,280,2020-11-09T11:42:00,0.0,0.0,2020-11-09T00:00:00,0.0,2020-11-09T00:00:00,7.0,8.47,,-99.5,-99.5,-99.5,-99.5,-99.5,-99.5,,,,,,,,,20.0,2020-11-09T12:16:00,,,,17.1,2020-11-09T01:07:00,,,,,,,,,,,,,0.0,2020-11-09T00:00:00,,,,,,,,-99.5,,,80,2020-11-09T08:20:00,,,,,,,,,,,,,,,,,,,,,,,,,,,-99.5,,,,,5.8,-99.5,,,,,,,,,,,,,,,,,,,,,,,,,,,,,,,,,,,,,,,,,,,,,,,,,,,,,,,,,,,,,,,,,,,,,,,,,,,,,,,,,,,,280,,,2.7,2020-11-09T14:13:00,,,,,,,,,,,,,,,,,,,,,,,,,,,,,,,,,,,,,,,,,,,,,,,,,,,,,,,,,,,,,,,,,,,,,,,,,,,,,,
2020-11-10,1014.9,1016.9,1016.3,2020-11-10T09:37:00,1013.7,2020-11-10T03:12:00,23.5,28.9,2020-11-10T12:26:00,20.6,2020-11-10T06:25:00,17.7,70,50,2020-11-10T12:24:00,1.1,320,5.4,280,2020-11-10T14:13:00,0.0,0.0,2020-11-10T00:00:00,0.0,2020-11-10T00:00:00,7.5,10.37,,-99.5,-99.5,-99.5,-99.5,-99.5,-99.5,,,,,,,,,19.3,2020-11-10T17:23:00,,,,15.9,2020-11-10T04:04:00,,,,,,,,,,,,,0.0,2020-11-10T00:00:00,,,,,,,,-99.5,,,79,2020-11-10T07:37:00,,,,,,,,,,,,,,,,,,,,,,,,,,,-99.5,,,,,8.3,-99.5,,,,,,,,,,,,,,,,,,,,,,,,,,,,,,,,,,,,,,,,,,,,,,,,,,,,,,,,,,,,,,,,,,,,,,,,,,,,,,,,,,,,280,,,3.0,2020-11-10T14:19:00,,,,,,,,,,,,,,,,,,,,,,,,,,,,,,,,,,,,,,,,,,,,,,,,,,,,,,,,,,,,,,,,,,,,,,,,,,,,,,
2020-11-11,1015.6,1017.6,1017.2,2020-11-11T09:37:00,1014.5,2020-11-11T13:57:00,23.8,27.7,2020-11-11T10:00:00,20.4,2020-11-11T06:42:00,17.8,69,55,2020-11-11T10:42:00,1.5,300,7.5,280,2020-11-11T13:16:00,0.0,0.0,2020-11-11T00:00:00,0.0,2020-11-11T00:00:00,7.9,15.19,,-99.5,-99.5,-99.5,-99.5,-99.5,-99.5,,,,,,,,,19.1,2020-11-11T08:55:00,,,,16.0,2020-11-11T22:41:00,,,,,,,,,,,,,0.0,2020-11-11T00:00:00,,,,,,,,-99.5,,,82,2020-11-11T06:28:00,,,,,,,,,,,,,,,,,,,,,,,,,,,-99.5,,,,,7.3,-99.5,,,,,,,,,,,,,,,,,,,,,,,,,,,,,,,,,,,,,,,,,,,,,,,,,,,,,,,,,,,,,,,,,,,,,,,,,,,,,,,,,,,,280,,,4.2,2020-11-11T13:45:00,,,,,,,,,,,,,,,,,,,,,,,,,,,,,,,,,,,,,,,,,,,,,,,,,,,,,,,,,,,,,,,,,,,,,,,,,,,,,,
2020-11-12,1013.9,1015.9,1015.6,2020-11-12T00:02:00,1012.4,2020-11-12T14:40:00,24.1,27.2,2020-11-12T10:40:00,20.7,2020-11-12T06:00:00,17.6,67,55,2020-11-12T10:50:00,1.3,290,6.2,290,2020-11-12T12:41:00,0.0,0.0,2020-11-12T00:00:00,0.0,2020-11-12T00:00:00,8.1,11.53,,-99.5,-99.5,-99.5,-99.5,-99.5,-99.5,,,,,,,,,19.6,2020-11-12T21:28:00,,,,16.1,2020-11-12T00:41:00,,,,,,,,,,,,,0.0,2020-11-12T00:00:00,,,,,,,,-99.5,,,77,2020-11-12T04:19:00,,,,,,,,,,,,,,,,,,,,,,,,,,,-99.5,,,,,6.5,-99.5,,,,,,,,,,,,,,,,,,,,,,,,,,,,,,,,,,,,,,,,,,,,,,,,,,,,,,,,,,,,,,,,,,,,,,,,,,,,,,,,,,,,280,,,3.6,2020-11-12T12:48:00,,,,,,,,,,,,,,,,,,,,,,,,,,,,,,,,,,,,,,,,,,,,,,,,,,,,,,,,,,,,,,,,,,,,,,,,,,,,,,
2020-11-13,1012.5,1014.5,1013.8,2020-11-13T08:58:00,1011.3,2020-11-13T13:39:00,24.8,28.1,2020-11-13T11:59:00,23.1,2020-11-13T05:18:00,19.5,73,56,2020-11-13T12:14:00,0.9,360,3.8,30,2020-11-13T01:51:00,0.0,0.0,2020-11-13T00:00:00,0.0,2020-11-13T00:00:00,6.9,8.12,,-99.5,-99.5,-99.5,-99.5,-99.5,-99.5,,,,,,,,,21.1,2020-11-13T20:45:00,,,,18.5,2020-11-13T10:10:00,,,,,,,,,,,,,0.0,2020-11-13T00:00:00,,,,,,,,-99.5,,,81,2020-11-14T00:00:00,,,,,,,,,,,,,,,,,,,,,,,,,,,-99.5,,,,,5.0,-99.5,,,,,,,,,,,,,,,,,,,,,,,,,,,,,,,,,,,,,,,,,,,,,,,,,,,,,,,,,,,,,,,,,,,,,,,,,,,,,,,,,,,,210,,,2.3,2020-11-13T12:57:00,,,,,,,,,,,,,,,,,,,,,,,,,,,,,,,,,,,,,,,,,,,,,,,,,,,,,,,,,,,,,,,,,,,,,,,,,,,,,,
2020-11-14,1014.0,1016.1,1016.1,2020-11-14T21:36:00,1011.8,2020-11-14T03:48:00,25.0,27.4,2020-11-14T10:22:00,22.6,2020-11-14T06:06:00,20.4,76,64,2020-11-14T14:59:00,0.9,300,4.5,280,2020-11-14T13:49:00,1.0,0.5,2020-11-14T01:50:00,0.5,2020-11-14T01:00:00,7.7,6.85,,-99.5,-99.5,-99.5,-99.5,-99.5,-99.5,,,,,,,,,21.5,2020-11-14T12:24:00,,,,19.5,2020-11-14T15:53:00,,,,,,,,,,,,,0.5,2020-11-14T01:00:00,,,,,,,,-99.5,,,85,2020-11-14T05:10:00,,,,,,,,,,,,,,,,,,,,,,,,,,,-99.5,,,,,4.8,-99.5,,,,,,,,,,,,,,,,,,,,,,,,,,,,,,,,,,,,,,,,,,,,,,,,,,,,,,,,,,,,,,,,,,,,,,,,,,,,,,,,,,,,280,,,3.0,2020-11-14T15:20:00,,,,,,,,,,,,,,,,,,,,,,,,,,,,,,,,,,,,,,,,,,,,,,,,,,,,,,,,,,,,,,,,,,,,,,,,,,,,,,
2020-11-15,1015.7,1017.7,1017.1,2020-11-15T08:58:00,1014.6,2020-11-15T03:15:00,24.9,27.3,2020-11-15T11:43:00,23.2,2020-11-15T04:32:00,20.0,74,61,2020-11-15T14:55:00,1.2,290,5.4,280,2020-11-15T12:29:00,0.0,0.0,2020-11-15T00:00:00,0.0,2020-11-15T00:00:00,7.6,8.53,,-99.5,-99.5,-99.5,-99.5,-99.5,-99.5,,,,,,,,,20.7,2020-11-15T10:49:00,,,,18.8,2020-11-15T14:55:00,,,,,,,,,,,,,0.0,2020-11-15T00:00:00,,,,,,,,-99.5,,,83,2020-11-15T05:18:00,,,,,,,,,,,,,,,,,,,,,,,,,,,-99.5,,,,,4.1,-99.5,,,,,,,,,,,,,,,,,,,,,,,,,,,,,,,,,,,,,,,,,,,,,,,,,,,,,,,,,,,,,,,,,,,,,,,,,,,,,,,,,,,,280,,,3.4,2020-11-15T13:47:00,,,,,,,,,,,,,,,,,,,,,,,,,,,,,,,,,,,,,,,,,,,,,,,,,,,,,,,,,,,,,,,,,,,,,,,,,,,,,,
2020-11-16,1014.1,1016.1,1015.8,2020-11-16T08:32:00,1012.1,2020-11-16T14:58:00,25.0,28.9,2020-11-16T10:13:00,22.0,2020-11-16T06:15:00,19.7,72,55,2020-11-16T09:35:00,1.7,290,7.3,280,2020-11-16T13:14:00,0.0,0.0,2020-11-16T00:00:00,0.0,2020-11-16T00:00:00,8.7,15.59,,-99.5,-99.5,-99.5,-99.5,-99.5,-99.5,,,,,,,,,20.5,2020-11-16T16:55:00,,,,18.1,2020-11-16T09:36:00,,,,,,,,,,,,,0.0,2020-11-16T00:00:00,,,,,,,,-99.5,,,85,2020-11-16T05:14:00,,,,,,,,,,,,,,,,,,,,,,,,,,,-99.5,,,,,6.9,-99.5,,,,,,,,,,,,,,,,,,,,,,,,,,,,,,,,,,,,,,,,,,,,,,,,,,,,,,,,,,,,,,,,,,,,,,,,,,,,,,,,,,,,280,,,4.4,2020-11-16T13:33:00,,,,,,,,,,,,,,,,,,,,,,,,,,,,,,,,,,,,,,,,,,,,,,,,,,,,,,,,,,,,,,,,,,,,,,,,,,,,,,
2020-11-17,1012.7,1014.7,1014.0,2020-11-17T00:01:00,1011.3,2020-11-17T14:39:00,25.6,29.3,2020-11-17T10:43:00,22.9,2020-11-17T06:11:00,19.7,70,53,2020-11-17T10:47:00,1.4,300,7.4,280,2020-11-17T12:23:00,0.0,0.0,2020-11-17T00:00:00,0.0,2020-11-17T00:00:00,8.6,14.9,,-99.5,-99.5,-99.5,-99.5,-99.5,-99.5,,,,,,,,,20.6,2020-11-17T16:24:00,,,,18.8,2020-11-17T11:03:00,,,,,,,,,,,,,0.0,2020-11-17T00:00:00,,,,,,,,-99.5,,,84,2020-11-17T05:56:00,,,,,,,,,,,,,,,,,,,,,,,,,,,-99.5,,,,,6.4,-99.5,,,,,,,,,,,,,,,,,,,,,,,,,,,,,,,,,,,,,,,,,,,,,,,,,,,,,,,,,,,,,,,,,,,,,,,,,,,,,,,,,,,,270,,,4.3,2020-11-17T12:26:00,,,,,,,,,,,,,,,,,,,,,,,,,,,,,,,,,,,,,,,,,,,,,,,,,,,,,,,,,,,,,,,,,,,,,,,,,,,,,,
2020-11-18,1011.0,1013.0,1012.8,2020-11-18T08:41:00,1008.9,2020-11-18T15:04:00,25.6,29.5,2020-11-18T10:54:00,22.1,2020-11-18T06:13:00,19.8,71,49,2020-11-18T09:55:00,1.4,290,7.6,270,2020-11-18T15:08:00,0.0,0.0,2020-11-18T00:00:00,0.0,2020-11-18T00:00:00,9.1,16.99,,-99.5,-99.5,-99.5,-99.5,-99.5,-99.5,,,,,,,,,21.2,2020-11-18T19:52:00,,,,17.5,2020-11-18T09:55:00,,,,,,,,,,,,,0.0,2020-11-18T00:00:00,,,,,,,,-99.5,,,83,2020-11-18T06:35:00,,,,,,,,,,,,,,,,,,,,,,,,,,,-99.5,,,,,7.4,-99.5,,,,,,,,,,,,,,,,,,,,,,,,,,,,,,,,,,,,,,,,,,,,,,,,,,,,,,,,,,,,,,,,,,,,,,,,,,,,,,,,,,,,280,,,4.7,2020-11-18T14:50:00,,,,,,,,,,,,,,,,,,,,,,,,,,,,,,,,,,,,,,,,,,,,,,,,,,,,,,,,,,,,,,,,,,,,,,,,,,,,,,
2020-11-19,1010.1,1012.1,1011.9,2020-11-19T09:16:00,1008.3,2020-11-19T15:41:00,26.4,30.3,2020-11-19T10:17:00,23.0,2020-11-19T05:45:00,20.6,70,51,2020-11-19T10:24:00,1.4,300,6.4,280,2020-11-19T14:08:00,0.0,0.0,2020-11-19T00:00:00,0.0,2020-11-19T00:00:00,8.4,15.78,,-99.5,-99.5,-99.5,-99.5,-99.5,-99.5,,,,,,,,,21.9,2020-11-19T21:38:00,,,,18.9,2020-11-19T10:25:00,,,,,,,,,,,,,0.0,2020-11-19T00:00:00,,,,,,,,-99.5,,,82,2020-11-19T02:10:00,,,,,,,,,,,,,,,,,,,,,,,,,,,-99.5,,,,,7.3,-99.5,,,,,,,,,,,,,,,,,,,,,,,,,,,,,,,,,,,,,,,,,,,,,,,,,,,,,,,,,,,,,,,,,,,,,,,,,,,,,,,,,,,,280,,,3.7,2020-11-19T13:39:00,,,,,,,,,,,,,,,,,,,,,,,,,,,,,,,,,,,,,,,,,,,,,,,,,,,,,,,,,,,,,,,,,,,,,,,,,,,,,,
2020-11-20,1010.8,1012.8,1012.3,2020-11-20T08:58:00,1009.3,2020-11-20T14:19:00,27.7,31.7,2020-11-20T10:33:00,24.6,2020-11-20T02:12:00,21.0,68,49,2020-11-20T10:57:00,1.4,270,6.1,260,2020-11-20T11:58:00,0.0,0.0,2020-11-20T00:00:00,0.0,2020-11-20T00:00:00,9.1,17.39,,-99.5,-99.5,-99.5,-99.5,-99.5,-99.5,,,,,,,,,22.7,2020-11-20T23:46:00,,,,19.6,2020-11-20T10:04:00,,,,,,,,,,,,,0.0,2020-11-20T00:00:00,,,,,,,,-99.5,,,81,2020-11-20T05:04:00,,,,,,,,,,,,,,,,,,,,,,,,,,,-99.5,,,,,7.1,-99.5,,,,,,,,,,,,,,,,,,,,,,,,,,,,,,,,,,,,,,,,,,,,,,,,,,,,,,,,,,,,,,,,,,,,,,,,,,,,,,,,,,,,280,,,3.9,2020-11-20T11:46:00,,,,,,,,,,,,,,,,,,,,,,,,,,,,,,,,,,,,,,,,,,,,,,,,,,,,,,,,,,,,,,,,,,,,,,,,,,,,,,
2020-11-21,1012.4,1014.4,1014.3,2020-11-21T22:27:00,1010.7,2020-11-21T02:03:00,27.0,28.6,2020-11-21T08:51:00,25.6,2020-11-21T23:54:00,21.8,73,65,2020-11-21T08:51:00,1.4,280,5.9,280,2020-11-21T13:37:00,0.0,0.0,2020-11-21T00:00:00,0.0,2020-11-21T00:00:00,8.1,7.85,,-99.5,-99.5,-99.5,-99.5,-99.5,-99.5,,,,,,,,,22.6,2020-11-21T00:05:00,,,,21.0,2020-11-21T13:09:00,,,,,,,,,,,,,0.0,2020-11-21T00:00:00,,,,,,,,-99.5,,,82,2020-11-21T23:27:00,,,,,,,,,,,,,,,,,,,,,,,,,,,-99.5,,,,,3.0,-99.5,,,,,,,,,,,,,,,,,,,,,,,,,,,,,,,,,,,,,,,,,,,,,,,,,,,,,,,,,,,,,,,,,,,,,,,,,,,,,,,,,,,,280,,,3.5,2020-11-21T13:15:00,,,,,,,,,,,,,,,,,,,,,,,,,,,,,,,,,,,,,,,,,,,,,,,,,,,,,,,,,,,,,,,,,,,,,,,,,,,,,,
2020-11-22,1014.7,1016.7,1016.4,2020-11-22T09:18:00,1013.0,2020-11-22T03:17:00,26.7,29.9,2020-11-22T12:01:00,25.0,2020-11-22T04:39:00,21.0,71,55,2020-11-22T12:03:00,1.3,310,7.2,280,2020-11-22T14:15:00,0.0,0.0,2020-11-22T00:00:00,0.0,2020-11-22T00:00:00,8.4,13.96,,-99.5,-99.5,-99.5,-99.5,-99.5,-99.5,,,,,,,,,22.5,2020-11-22T00:58:00,,,,19.8,2020-11-22T11:29:00,,,,,,,,,,,,,0.0,2020-11-22T00:00:00,,,,,,,,-99.5,,,83,2020-11-22T01:22:00,,,,,,,,,,,,,,,,,,,,,,,,,,,-99.5,,,,,4.9,-99.5,,,,,,,,,,,,,,,,,,,,,,,,,,,,,,,,,,,,,,,,,,,,,,,,,,,,,,,,,,,,,,,,,,,,,,,,,,,,,,,,,,,,280,,,4.7,2020-11-22T14:19:00,,,,,,,,,,,,,,,,,,,,,,,,,,,,,,,,,,,,,,,,,,,,,,,,,,,,,,,,,,,,,,,,,,,,,,,,,,,,,,
2020-11-23,1015.8,1017.8,1017.3,2020-11-23T09:43:00,1014.5,2020-11-23T14:17:00,25.9,28.2,2020-11-23T10:10:00,23.3,2020-11-23T05:07:00,20.0,70,60,2020-11-23T14:17:00,1.4,300,7.1,260,2020-11-23T12:56:00,0.0,0.0,2020-11-23T00:00:00,0.0,2020-11-23T00:00:00,8.5,14.89,,-99.5,-99.5,-99.5,-99.5,-99.5,-99.5,,,,,,,,,20.8,2020-11-23T07:22:00,,,,18.9,2020-11-23T16:45:00,,,,,,,,,,,,,0.0,2020-11-23T00:00:00,,,,,,,,-99.5,,,83,2020-11-23T06:07:00,,,,,,,,,,,,,,,,,,,,,,,,,,,-99.5,,,,,4.9,-99.5,,,,,,,,,,,,,,,,,,,,,,,,,,,,,,,,,,,,,,,,,,,,,,,,,,,,,,,,,,,,,,,,,,,,,,,,,,,,,,,,,,,,280,,,4.4,2020-11-23T12:59:00,,,,,,,,,,,,,,,,,,,,,,,,,,,,,,,,,,,,,,,,,,,,,,,,,,,,,,,,,,,,,,,,,,,,,,,,,,,,,,
2020-11-24,1016.1,1018.1,1017.9,2020-11-24T08:57:00,1014.2,2020-11-24T14:51:00,25.7,27.9,2020-11-24T11:57:00,23.3,2020-11-24T06:51:00,19.3,68,57,2020-11-24T11:58:00,1.5,290,6.1,260,2020-11-24T13:20:00,0.0,0.0,2020-11-24T00:00:00,0.0,2020-11-24T00:00:00,7.4,13.51,,-99.5,-99.5,-99.5,-99.5,-99.5,-99.5,,,,,,,,,20.3,2020-11-24T20:46:00,,,,18.0,2020-11-24T14:34:00,,,,,,,,,,,,,0.0,2020-11-24T00:00:00,,,,,,,,-99.5,,,78,2020-11-24T07:02:00,,,,,,,,,,,,,,,,,,,,,,,,,,,-99.5,,,,,4.6,-99.5,,,,,,,,,,,,,,,,,,,,,,,,,,,,,,,,,,,,,,,,,,,,,,,,,,,,,,,,,,,,,,,,,,,,,,,,,,,,,,,,,,,,280,,,3.7,2020-11-24T12:54:00,,,,,,,,,,,,,,,,,,,,,,,,,,,,,,,,,,,,,,,,,,,,,,,,,,,,,,,,,,,,,,,,,,,,,,,,,,,,,,
2020-11-25,1015.4,1017.5,1017.0,2020-11-25T09:26:00,1013.5,2020-11-25T14:26:00,25.1,28.7,2020-11-25T10:46:00,22.0,2020-11-25T06:19:00,19.0,69,52,2020-11-25T10:47:00,1.4,300,7.0,280,2020-11-25T13:07:00,0.0,0.0,2020-11-25T00:00:00,0.0,2020-11-25T00:00:00,8.1,14.04,,-99.5,-99.5,-99.5,-99.5,-99.5,-99.5,,,,,,,,,19.9,2020-11-25T23:26:00,,,,17.8,2020-11-25T14:54:00,,,,,,,,,,,,,0.0,2020-11-25T00:00:00,,,,,,,,-99.5,,,82,2020-11-25T06:40:00,,,,,,,,,,,,,,,,,,,,,,,,,,,-99.5,,,,,6.7,-99.5,,,,,,,,,,,,,,,,,,,,,,,,,,,,,,,,,,,,,,,,,,,,,,,,,,,,,,,,,,,,,,,,,,,,,,,,,,,,,,,,,,,,280,,,3.8,2020-11-25T13:00:00,,,,,,,,,,,,,,,,,,,,,,,,,,,,,,,,,,,,,,,,,,,,,,,,,,,,,,,,,,,,,,,,,,,,,,,,,,,,,,
2020-11-26,1015.8,1017.8,1017.6,2020-11-26T09:22:00,1014.0,2020-11-26T15:08:00,24.7,29.6,2020-11-26T11:17:00,21.7,2020-11-26T06:13:00,18.9,70,46,2020-11-26T11:40:00,1.4,300,7.0,280,2020-11-26T14:52:00,0.0,0.0,2020-11-26T00:00:00,0.0,2020-11-26T00:00:00,9.1,16.39,,-99.5,-99.5,-99.5,-99.5,-99.5,-99.5,,,,,,,,,20.2,2020-11-26T17:16:00,,,,16.2,2020-11-26T11:40:00,,,,,,,,,,,,,0.0,2020-11-26T00:00:00,,,,,,,,-99.5,,,83,2020-11-26T03:42:00,,,,,,,,,,,,,,,,,,,,,,,,,,,-99.5,,,,,7.9,-99.5,,,,,,,,,,,,,,,,,,,,,,,,,,,,,,,,,,,,,,,,,,,,,,,,,,,,,,,,,,,,,,,,,,,,,,,,,,,,,,,,,,,,280,,,3.7,2020-11-26T12:13:00,,,,,,,,,,,,,,,,,,,,,,,,,,,,,,,,,,,,,,,,,,,,,,,,,,,,,,,,,,,,,,,,,,,,,,,,,,,,,,
2020-11-27,1016.3,1018.3,1018.0,2020-11-27T08:47:00,1014.4,2020-11-27T14:52:00,24.4,29.4,2020-11-27T11:41:00,20.8,2020-11-27T04:57:00,18.0,68,47,2020-11-27T11:41:00,1.6,310,6.5,280,2020-11-27T13:14:00,0.0,0.0,2020-11-27T00:00:00,0.0,2020-11-27T00:00:00,8.4,14.86,,-99.5,-99.5,-99.5,-99.5,-99.5,-99.5,,,,,,,,,20.1,2020-11-27T13:07:00,,,,16.0,2020-11-27T09:14:00,,,,,,,,,,,,,0.0,2020-11-27T00:00:00,,,,,,,,-99.5,,,82,2020-11-27T06:44:00,,,,,,,,,,,,,,,,,,,,,,,,,,,-99.5,,,,,8.6,-99.5,,,,,,,,,,,,,,,,,,,,,,,,,,,,,,,,,,,,,,,,,,,,,,,,,,,,,,,,,,,,,,,,,,,,,,,,,,,,,,,,,,,,280,,,4.0,2020-11-27T13:23:00,,,,,,,,,,,,,,,,,,,,,,,,,,,,,,,,,,,,,,,,,,,,,,,,,,,,,,,,,,,,,,,,,,,,,,,,,,,,,,
2020-11-28,1016.7,1018.7,1018.5,2020-11-28T09:24:00,1015.0,2020-11-28T14:42:00,23.5,26.8,2020-11-28T11:02:00,20.6,2020-11-28T06:30:00,17.0,67,55,2020-11-28T11:02:00,1.3,300,5.4,280,2020-11-28T12:32:00,0.0,0.0,2020-11-28T00:00:00,0.0,2020-11-28T00:00:00,8.3,12.01,,-99.5,-99.5,-99.5,-99.5,-99.5,-99.5,,,,,,,,,18.4,2020-11-28T12:20:00,,,,15.7,2020-11-28T05:42:00,,,,,,,,,,,,,0.0,2020-11-28T00:00:00,,,,,,,,-99.5,,,75,2020-11-28T21:30:00,,,,,,,,,,,,,,,,,,,,,,,,,,,-99.5,,,,,6.2,-99.5,,,,,,,,,,,,,,,,,,,,,,,,,,,,,,,,,,,,,,,,,,,,,,,,,,,,,,,,,,,,,,,,,,,,,,,,,,,,,,,,,,,,280,,,3.0,2020-11-28T12:28:00,,,,,,,,,,,,,,,,,,,,,,,,,,,,,,,,,,,,,,,,,,,,,,,,,,,,,,,,,,,,,,,,,,,,,,,,,,,,,,
2020-11-29,1017.0,1019.0,1018.5,2020-11-29T09:12:00,1015.3,2020-11-29T14:41:00,23.0,26.8,2020-11-29T11:07:00,20.0,2020-11-29T05:31:00,16.3,66,53,2020-11-29T12:32:00,1.3,310,6.8,280,2020-11-29T14:23:00,0.0,0.0,2020-11-29T00:00:00,0.0,2020-11-29T00:00:00,8.1,12.39,,-99.5,-99.5,-99.5,-99.5,-99.5,-99.5,,,,,,,,,16.9,2020-11-29T17:57:00,,,,15.5,2020-11-29T06:15:00,,,,,,,,,,,,,0.0,2020-11-29T00:00:00,,,,,,,,-99.5,,,79,2020-11-29T04:55:00,,,,,,,,,,,,,,,,,,,,,,,,,,,-99.5,,,,,6.8,-99.5,,,,,,,,,,,,,,,,,,,,,,,,,,,,,,,,,,,,,,,,,,,,,,,,,,,,,,,,,,,,,,,,,,,,,,,,,,,,,,,,,,,,280,,,3.7,2020-11-29T14:59:00,,,,,,,,,,,,,,,,,,,,,,,,,,,,,,,,,,,,,,,,,,,,,,,,,,,,,,,,,,,,,,,,,,,,,,,,,,,,,,
2020-11-30,1017.2,1019.2,1018.6,2020-11-30T09:26:00,1015.3,2020-11-30T14:32:00,22.8,25.4,2020-11-30T13:30:00,20.4,2020-11-30T03:43:00,16.5,67,57,2020-11-30T12:30:00,1.2,300,6.1,280,2020-11-30T13:38:00,0.0,0.0,2020-11-30T00:00:00,0.0,2020-11-30T00:00:00,7.1,9.76,,-99.5,-99.5,-99.5,-99.5,-99.5,-99.5,,,,,,,,,17.7,2020-11-30T11:03:00,,,,15.0,2020-11-30T02:47:00,,,,,,,,,,,,,0.0,2020-11-30T00:00:00,,,,,,,,-99.5,,,78,2020-11-30T23:45:00,,,,,,,,,,,,,,,,,,,,,,,,,,,-99.5,,,,,5.0,-99.5,,,,,,,,,,,,,,,,,,,,,,,,,,,,,,,,,,,,,,,,,,,,,,,,,,,,,,,,,,,,,,,,,,,,,,,,,,,,,,,,,,,,280,,,3.8,2020-11-30T13:42:00,,,,,,,,,,,,,,,,,,,,,,,,,,,,,,,,,,,,,,,,,,,,,,,,,,,,,,,,,,,,,,,,,,,,,,,,,,,,,,
2020-12-01,1016.0,1018.1,1018.2,2020-12-01T08:38:00,1014.2,2020-12-01T15:08:00,22.7,26.7,2020-12-01T10:46:00,19.7,2020-12-01T06:25:00,16.7,69,51,2020-12-01T11:25:00,1.5,310,6.9,270,2020-12-01T14:17:00,0.0,0.0,2020-12-01T00:00:00,0.0,2020-12-01T00:00:00,8.1,14.52,,-99.5,-99.5,-99.5,-99.5,-99.5,-99.5,,,,,,,,,17.5,2020-12-01T20:27:00,,,,15.3,2020-12-01T11:26:00,,,,,,,,,,,,,0.0,2020-12-01T00:00:00,,,,,,,,-99.5,,,81,2020-12-01T03:00:00,,,,,,,,,,,,,,,,,,,,,,,,,,,-99.5,,,,,7.0,-99.5,,,,,,,,,,,,,,,,,,,,,,,,,,,,,,,,,,,,,,,,,,,,,,,,,,,,,,,,,,,,,,,,,,,,,,,,,,,,,,,,,,,,280,,,4.3,2020-12-01T13:14:00,,,,,,,,,,,,,,,,,,,,,,,,,,,,,,,,,,,,,,,,,,,,,,,,,,,,,,,,,,,,,,,,,,,,,,,,,,,,,,
2020-12-02,1014.0,1016.0,1015.8,2020-12-02T08:46:00,1011.7,2020-12-02T15:10:00,23.6,28.3,2020-12-02T14:56:00,19.5,2020-12-02T06:20:00,16.3,64,43,2020-12-02T13:04:00,1.3,310,5.5,270,2020-12-02T13:53:00,0.0,0.0,2020-12-02T00:00:00,0.0,2020-12-02T00:00:00,8.5,14.62,,-99.5,-99.5,-99.5,-99.5,-99.5,-99.5,,,,,,,,,18.3,2020-12-02T17:19:00,,,,14.5,2020-12-02T13:07:00,,,,,,,,,,,,,0.0,2020-12-02T00:00:00,,,,,,,,-99.5,,,82,2020-12-02T04:37:00,,,,,,,,,,,,,,,,,,,,,,,,,,,-99.5,,,,,8.8,-99.5,,,,,,,,,,,,,,,,,,,,,,,,,,,,,,,,,,,,,,,,,,,,,,,,,,,,,,,,,,,,,,,,,,,,,,,,,,,,,,,,,,,,280,,,3.1,2020-12-02T13:50:00,,,,,,,,,,,,,,,,,,,,,,,,,,,,,,,,,,,,,,,,,,,,,,,,,,,,,,,,,,,,,,,,,,,,,,,,,,,,,,
2020-12-03,1013.6,1015.6,1015.2,2020-12-03T08:54:00,1012.1,2020-12-03T15:25:00,21.9,25.1,2020-12-03T11:40:00,19.3,2020-12-03T23:33:00,14.7,64,55,2020-12-03T18:02:00,1.2,320,5.0,330,2020-12-03T09:29:00,0.0,0.0,2020-12-03T00:00:00,0.0,2020-12-03T00:00:00,7.4,9.03,,-99.5,-99.5,-99.5,-99.5,-99.5,-99.5,,,,,,,,,17.2,2020-12-03T15:33:00,,,,12.3,2020-12-03T22:47:00,,,,,,,,,,,,,0.0,2020-12-03T00:00:00,,,,,,,,-99.5,,,73,2020-12-03T08:21:00,,,,,,,,,,,,,,,,,,,,,,,,,,,-99.5,,,,,5.8,-99.5,,,,,,,,,,,,,,,,,,,,,,,,,,,,,,,,,,,,,,,,,,,,,,,,,,,,,,,,,,,,,,,,,,,,,,,,,,,,,,,,,,,,200,,,2.8,2020-12-03T12:49:00,,,,,,,,,,,,,,,,,,,,,,,,,,,,,,,,,,,,,,,,,,,,,,,,,,,,,,,,,,,,,,,,,,,,,,,,,,,,,,
2020-12-04,1013.9,1015.9,1015.7,2020-12-04T08:49:00,1011.8,2020-12-04T14:46:00,21.6,26.3,2020-12-04T13:53:00,18.6,2020-12-04T01:38:00,14.3,63,51,2020-12-04T13:54:00,1.1,340,4.8,280,2020-12-04T14:48:00,0.0,0.0,2020-12-04T00:00:00,0.0,2020-12-04T00:00:00,8.2,11.14,,-99.5,-99.5,-99.5,-99.5,-99.5,-99.5,,,,,,,,,16.6,2020-12-04T15:58:00,,,,12.3,2020-12-04T00:27:00,,,,,,,,,,,,,0.0,2020-12-04T00:00:00,,,,,,,,-99.5,,,70,2020-12-04T06:33:00,,,,,,,,,,,,,,,,,,,,,,,,,,,-99.5,,,,,7.7,-99.5,,,,,,,,,,,,,,,,,,,,,,,,,,,,,,,,,,,,,,,,,,,,,,,,,,,,,,,,,,,,,,,,,,,,,,,,,,,,,,,,,,,,280,,,3.1,2020-12-04T14:49:00,,,,,,,,,,,,,,,,,,,,,,,,,,,,,,,,,,,,,,,,,,,,,,,,,,,,,,,,,,,,,,,,,,,,,,,,,,,,,,
2020-12-05,1014.8,1016.8,1016.5,2020-12-05T09:06:00,1013.0,2020-12-05T14:42:00,22.6,26.5,2020-12-05T13:31:00,18.7,2020-12-05T06:20:00,15.3,64,50,2020-12-05T13:36:00,1.4,290,6.0,290,2020-12-05T15:25:00,0.0,0.0,2020-12-05T00:00:00,0.0,2020-12-05T00:00:00,8.8,14.96,,-99.5,-99.5,-99.5,-99.5,-99.5,-99.5,,,,,,,,,17.2,2020-12-05T16:03:00,,,,13.6,2020-12-05T01:01:00,,,,,,,,,,,,,0.0,2020-12-05T00:00:00,,,,,,,,-99.5,,,75,2020-12-05T06:44:00,,,,,,,,,,,,,,,,,,,,,,,,,,,-99.5,,,,,7.8,-99.5,,,,,,,,,,,,,,,,,,,,,,,,,,,,,,,,,,,,,,,,,,,,,,,,,,,,,,,,,,,,,,,,,,,,,,,,,,,,,,,,,,,,270,,,3.5,2020-12-05T14:45:00,,,,,,,,,,,,,,,,,,,,,,,,,,,,,,,,,,,,,,,,,,,,,,,,,,,,,,,,,,,,,,,,,,,,,,,,,,,,,,
2020-12-06,1014.5,1016.5,1015.9,2020-12-06T08:25:00,1012.8,2020-12-06T15:21:00,22.6,25.9,2020-12-06T10:36:00,19.2,2020-12-06T05:59:00,16.4,68,55,2020-12-06T10:34:00,1.2,300,4.8,280,2020-12-06T14:26:00,0.0,0.0,2020-12-06T00:00:00,0.0,2020-12-06T00:00:00,8.1,10.46,,-99.5,-99.5,-99.5,-99.5,-99.5,-99.5,,,,,,,,,18.2,2020-12-06T22:12:00,,,,14.6,2020-12-06T06:59:00,,,,,,,,,,,,,0.0,2020-12-06T00:00:00,,,,,,,,-99.5,,,77,2020-12-06T06:13:00,,,,,,,,,,,,,,,,,,,,,,,,,,,-99.5,,,,,6.7,-99.5,,,,,,,,,,,,,,,,,,,,,,,,,,,,,,,,,,,,,,,,,,,,,,,,,,,,,,,,,,,,,,,,,,,,,,,,,,,,,,,,,,,,280,,,2.8,2020-12-06T14:11:00,,,,,,,,,,,,,,,,,,,,,,,,,,,,,,,,,,,,,,,,,,,,,,,,,,,,,,,,,,,,,,,,,,,,,,,,,,,,,,
2020-12-07,1014.8,1016.8,1016.7,2020-12-07T08:55:00,1012.6,2020-12-07T14:57:00,24.0,27.8,2020-12-07T11:10:00,21.2,2020-12-07T06:26:00,17.7,68,52,2020-12-07T11:12:00,1.2,310,5.9,250,2020-12-07T13:02:00,0.0,0.0,2020-12-07T00:00:00,0.0,2020-12-07T00:00:00,6.9,11.79,,-99.5,-99.5,-99.5,-99.5,-99.5,-99.5,,,,,,,,,19.5,2020-12-07T16:30:00,,,,16.9,2020-12-07T15:10:00,,,,,,,,,,,,,0.0,2020-12-07T00:00:00,,,,,,,,-99.5,,,77,2020-12-07T05:27:00,,,,,,,,,,,,,,,,,,,,,,,,,,,-99.5,,,,,6.6,-99.5,,,,,,,,,,,,,,,,,,,,,,,,,,,,,,,,,,,,,,,,,,,,,,,,,,,,,,,,,,,,,,,,,,,,,,,,,,,,,,,,,,,,250,,,3.3,2020-12-07T14:09:00,,,,,,,,,,,,,,,,,,,,,,,,,,,,,,,,,,,,,,,,,,,,,,,,,,,,,,,,,,,,,,,,,,,,,,,,,,,,,,
2020-12-08,1014.0,1016.0,1016.5,2020-12-08T08:58:00,1012.0,2020-12-08T14:51:00,23.0,26.5,2020-12-08T15:19:00,20.5,2020-12-08T23:42:00,17.0,69,58,2020-12-08T15:25:00,1.2,340,5.0,350,2020-12-08T21:37:00,0.0,0.0,2020-12-08T00:00:00,0.0,2020-12-08T00:00:00,7.4,8.77,,-99.5,-99.5,-99.5,-99.5,-99.5,-99.5,,,,,,,,,18.2,2020-12-08T12:56:00,,,,15.4,2020-12-08T23:33:00,,,,,,,,,,,,,0.0,2020-12-08T00:00:00,,,,,,,,-99.5,,,77,2020-12-08T05:32:00,,,,,,,,,,,,,,,,,,,,,,,,,,,-99.5,,,,,6.0,-99.5,,,,,,,,,,,,,,,,,,,,,,,,,,,,,,,,,,,,,,,,,,,,,,,,,,,,,,,,,,,,,,,,,,,,,,,,,,,,,,,,,,,,280,,,3.1,2020-12-08T14:15:00,,,,,,,,,,,,,,,,,,,,,,,,,,,,,,,,,,,,,,,,,,,,,,,,,,,,,,,,,,,,,,,,,,,,,,,,,,,,,,
2020-12-09,1013.1,1015.1,1014.9,2020-12-09T08:32:00,1011.4,2020-12-09T14:26:00,21.8,24.3,2020-12-09T10:16:00,19.4,2020-12-09T04:08:00,17.6,77,64,2020-12-09T10:16:00,0.9,340,4.2,280,2020-12-09T12:03:00,0.5,0.5,2020-12-09T15:13:00,0.5,2020-12-09T14:23:00,6.1,6.15,,-99.5,-99.5,-99.5,-99.5,-99.5,-99.5,,,,,,,,,19.5,2020-12-09T18:37:00,,,,15.2,2020-12-09T01:30:00,,,,,,,,,,,,,0.5,2020-12-09T14:23:00,,,,,,,,-99.5,,,84,2020-12-09T23:59:00,,,,,,,,,,,,,,,,,,,,,,,,,,,-99.5,,,,,4.9,-99.5,,,,,,,,,,,,,,,,,,,,,,,,,,,,,,,,,,,,,,,,,,,,,,,,,,,,,,,,,,,,,,,,,,,,,,,,,,,,,,,,,,,,280,,,2.3,2020-12-09T12:05:00,,,,,,,,,,,,,,,,,,,,,,,,,,,,,,,,,,,,,,,,,,,,,,,,,,,,,,,,,,,,,,,,,,,,,,,,,,,,,,
2020-12-10,1012.5,1014.5,1014.2,2020-12-10T08:49:00,1010.4,2020-12-10T15:28:00,23.6,27.6,2020-12-10T12:35:00,20.9,2020-12-10T06:17:00,18.5,73,52,2020-12-10T12:13:00,1.1,310,5.7,280,2020-12-10T14:08:00,0.0,0.0,2020-12-10T00:00:00,0.0,2020-12-10T00:00:00,8.3,13.78,,-99.5,-99.5,-99.5,-99.5,-99.5,-99.5,,,,,,,,,19.5,2020-12-10T18:56:00,,,,16.9,2020-12-10T12:45:00,,,,,,,,,,,,,0.0,2020-12-10T00:00:00,,,,,,,,-99.5,,,85,2020-12-10T02:55:00,,,,,,,,,,,,,,,,,,,,,,,,,,,-99.5,,,,,6.7,-99.5,,,,,,,,,,,,,,,,,,,,,,,,,,,,,,,,,,,,,,,,,,,,,,,,,,,,,,,,,,,,,,,,,,,,,,,,,,,,,,,,,,,,280,,,3.3,2020-12-10T14:14:00,,,,,,,,,,,,,,,,,,,,,,,,,,,,,,,,,,,,,,,,,,,,,,,,,,,,,,,,,,,,,,,,,,,,,,,,,,,,,,
2020-12-11,1011.7,1013.7,1013.8,2020-12-11T09:17:00,1009.4,2020-12-11T15:10:00,23.8,27.5,2020-12-11T11:48:00,20.7,2020-12-11T07:30:00,19.0,75,59,2020-12-11T11:49:00,1.1,310,5.7,280,2020-12-11T13:02:00,0.0,0.0,2020-12-11T00:00:00,0.0,2020-12-11T00:00:00,7.4,11.51,,-99.5,-99.5,-99.5,-99.5,-99.5,-99.5,,,,,,,,,20.1,2020-12-11T20:59:00,,,,17.9,2020-12-11T07:30:00,,,,,,,,,,,,,0.0,2020-12-11T00:00:00,,,,,,,,-99.5,,,85,2020-12-11T07:53:00,,,,,,,,,,,,,,,,,,,,,,,,,,,-99.5,,,,,6.8,-99.5,,,,,,,,,,,,,,,,,,,,,,,,,,,,,,,,,,,,,,,,,,,,,,,,,,,,,,,,,,,,,,,,,,,,,,,,,,,,,,,,,,,,280,,,3.7,2020-12-11T14:00:00,,,,,,,,,,,,,,,,,,,,,,,,,,,,,,,,,,,,,,,,,,,,,,,,,,,,,,,,,,,,,,,,,,,,,,,,,,,,,,
2020-12-12,1011.6,1013.6,1013.4,2020-12-12T08:53:00,1009.7,2020-12-12T15:32:00,23.8,26.6,2020-12-12T10:12:00,21.9,2020-12-12T04:47:00,18.7,73,63,2020-12-12T14:22:00,1.5,290,7.5,280,2020-12-12T11:30:00,0.0,0.0,2020-12-12T00:00:00,0.0,2020-12-12T00:00:00,8.4,12.98,,-99.5,-99.5,-99.5,-99.5,-99.5,-99.5,,,,,,,,,20.1,2020-12-12T10:55:00,,,,17.9,2020-12-12T15:39:00,,,,,,,,,,,,,0.0,2020-12-12T00:00:00,,,,,,,,-99.5,,,81,2020-12-12T06:35:00,,,,,,,,,,,,,,,,,,,,,,,,,,,-99.5,,,,,4.7,-99.5,,,,,,,,,,,,,,,,,,,,,,,,,,,,,,,,,,,,,,,,,,,,,,,,,,,,,,,,,,,,,,,,,,,,,,,,,,,,,,,,,,,,280,,,4.2,2020-12-12T11:31:00,,,,,,,,,,,,,,,,,,,,,,,,,,,,,,,,,,,,,,,,,,,,,,,,,,,,,,,,,,,,,,,,,,,,,,,,,,,,,,
2020-12-13,1012.2,1014.2,1014.3,2020-12-13T09:41:00,1010.2,2020-12-13T15:19:00,23.5,27.4,2020-12-13T10:38:00,21.2,2020-12-13T06:16:00,17.8,71,50,2020-12-13T10:49:00,1.4,280,6.6,290,2020-12-13T12:09:00,0.0,0.0,2020-12-13T00:00:00,0.0,2020-12-13T00:00:00,8.5,13.53,,-99.5,-99.5,-99.5,-99.5,-99.5,-99.5,,,,,,,,,19.1,2020-12-13T00:44:00,,,,16.1,2020-12-13T10:50:00,,,,,,,,,,,,,0.0,2020-12-13T00:00:00,,,,,,,,-99.5,,,81,2020-12-13T00:53:00,,,,,,,,,,,,,,,,,,,,,,,,,,,-99.5,,,,,6.2,-99.5,,,,,,,,,,,,,,,,,,,,,,,,,,,,,,,,,,,,,,,,,,,,,,,,,,,,,,,,,,,,,,,,,,,,,,,,,,,,,,,,,,,,280,,,3.7,2020-12-13T12:14:00,,,,,,,,,,,,,,,,,,,,,,,,,,,,,,,,,,,,,,,,,,,,,,,,,,,,,,,,,,,,,,,,,,,,,,,,,,,,,,
2020-12-14,1014.5,1016.5,1016.5,2020-12-14T23:55:00,1012.5,2020-12-14T03:06:00,22.9,26.7,2020-12-14T14:16:00,19.4,2020-12-14T23:55:00,16.3,67,52,2020-12-14T13:01:00,1.4,330,6.3,260,2020-12-14T14:24:00,0.0,0.0,2020-12-14T00:00:00,0.0,2020-12-14T00:00:00,8.2,14.19,,-99.5,-99.5,-99.5,-99.5,-99.5,-99.5,,,,,,,,,18.3,2020-12-14T00:01:00,,,,13.8,2020-12-14T22:51:00,,,,,,,,,,,,,0.0,2020-12-14T00:00:00,,,,,,,,-99.5,,,82,2020-12-14T06:31:00,,,,,,,,,,,,,,,,,,,,,,,,,,,-99.5,,,,,7.3,-99.5,,,,,,,,,,,,,,,,,,,,,,,,,,,,,,,,,,,,,,,,,,,,,,,,,,,,,,,,,,,,,,,,,,,,,,,,,,,,,,,,,,,,280,,,3.6,2020-12-14T13:01:00,,,,,,,,,,,,,,,,,,,,,,,,,,,,,,,,,,,,,,,,,,,,,,,,,,,,,,,,,,,,,,,,,,,,,,,,,,,,,,
2020-12-15,1017.1,1019.1,1018.9,2020-12-15T09:32:00,1015.3,2020-12-15T15:28:00,20.8,24.6,2020-12-15T11:43:00,16.8,2020-12-15T06:50:00,13.9,65,50,2020-12-15T11:57:00,1.6,300,5.4,240,2020-12-15T13:00:00,0.0,0.0,2020-12-15T00:00:00,0.0,2020-12-15T00:00:00,8.2,13.51,,-99.5,-99.5,-99.5,-99.5,-99.5,-99.5,,,,,,,,,15.7,2020-12-15T19:38:00,,,,12.6,2020-12-15T06:46:00,,,,,,,,,,,,,0.0,2020-12-15T00:00:00,,,,,,,,-99.5,,,77,2020-12-15T07:01:00,,,,,,,,,,,,,,,,,,,,,,,,,,,-99.5,,,,,7.8,-99.5,,,,,,,,,,,,,,,,,,,,,,,,,,,,,,,,,,,,,,,,,,,,,,,,,,,,,,,,,,,,,,,,,,,,,,,,,,,,,,,,,,,,270,,,3.1,2020-12-15T14:00:00,,,,,,,,,,,,,,,,,,,,,,,,,,,,,,,,,,,,,,,,,,,,,,,,,,,,,,,,,,,,,,,,,,,,,,,,,,,,,,
2020-12-16,1017.1,1019.1,1017.8,2020-12-16T21:33:00,1016.1,2020-12-16T16:13:00,21.6,23.6,2020-12-16T16:01:00,19.3,2020-12-16T23:48:00,14.7,65,57,2020-12-16T15:54:00,1.5,300,4.9,280,2020-12-16T16:12:00,0.0,0.0,2020-12-16T00:00:00,0.0,2020-12-16T00:00:00,0.3,0.38,,-99.5,-99.5,-99.5,-99.5,-99.5,-99.5,,,,,,,,,15.9,2020-12-16T20:22:00,,,,13.5,2020-12-16T23:24:00,,,,,,,,,,,,,0.0,2020-12-16T00:00:00,,,,,,,,-99.5,,,70,2020-12-16T23:42:00,,,,,,,,,,,,,,,,,,,,,,,,,,,-99.5,,,,,4.3,-99.5,,,,,,,,,,,,,,,,,,,,,,,,,,,,,,,,,,,,,,,,,,,,,,,,,,,,,,,,,,,,,,,,,,,,,,,,,,,,,,,,,,,,280,,,3.2,2020-12-16T16:13:00,,,,,,,,,,,,,,,,,,,,,,,,,,,,,,,,,,,,,,,,,,,,,,,,,,,,,,,,,,,,,,,,,,,,,,,,,,,,,,
2020-12-17,1016.8,1018.8,1018.6,2020-12-17T08:50:00,1014.9,2020-12-17T15:12:00,20.7,24.1,2020-12-17T14:04:00,17.4,2020-12-17T05:13:00,14.1,66,53,2020-12-17T14:06:00,1.5,300,6.6,280,2020-12-17T14:44:00,0.0,0.0,2020-12-17T00:00:00,0.0,2020-12-17T00:00:00,8.2,14.76,,-99.5,-99.5,-99.5,-99.5,-99.5,-99.5,,,,,,,,,15.4,2020-12-17T17:47:00,,,,12.9,2020-12-17T03:32:00,,,,,,,,,,,,,0.0,2020-12-17T00:00:00,,,,,,,,-99.5,,,76,2020-12-17T06:07:00,,,,,,,,,,,,,,,,,,,,,,,,,,,-99.5,,,,,6.7,-99.5,,,,,,,,,,,,,,,,,,,,,,,,,,,,,,,,,,,,,,,,,,,,,,,,,,,,,,,,,,,,,,,,,,,,,,,,,,,,,,,,,,,,280,,,3.7,2020-12-17T15:01:00,,,,,,,,,,,,,,,,,,,,,,,,,,,,,,,,,,,,,,,,,,,,,,,,,,,,,,,,,,,,,,,,,,,,,,,,,,,,,,
2020-12-18,1016.3,1018.3,1017.6,2020-12-18T08:21:00,1013.7,2020-12-18T14:58:00,22.3,27.9,2020-12-18T14:32:00,19.1,2020-12-18T04:44:00,14.8,63,41,2020-12-18T14:32:00,1.2,330,5.3,300,2020-12-18T10:02:00,0.0,0.0,2020-12-18T00:00:00,0.0,2020-12-18T00:00:00,8.8,15.11,,-99.5,-99.5,-99.5,-99.5,-99.5,-99.5,,,,,,,,,17.8,2020-12-18T16:46:00,,,,13.3,2020-12-18T06:16:00,,,,,,,,,,,,,0.0,2020-12-18T00:00:00,,,,,,,,-99.5,,,77,2020-12-18T23:50:00,,,,,,,,,,,,,,,,,,,,,,,,,,,-99.5,,,,,8.8,-99.5,,,,,,,,,,,,,,,,,,,,,,,,,,,,,,,,,,,,,,,,,,,,,,,,,,,,,,,,,,,,,,,,,,,,,,,,,,,,,,,,,,,,280,,,2.4,2020-12-18T16:33:00,,,,,,,,,,,,,,,,,,,,,,,,,,,,,,,,,,,,,,,,,,,,,,,,,,,,,,,,,,,,,,,,,,,,,,,,,,,,,,
2020-12-19,1017.0,1019.1,1018.5,2020-12-19T09:08:00,1015.1,2020-12-19T14:48:00,21.0,25.5,2020-12-19T13:22:00,17.8,2020-12-20T00:00:00,14.9,68,53,2020-12-19T13:25:00,1.4,320,5.6,280,2020-12-19T14:31:00,0.0,0.0,2020-12-19T00:00:00,0.0,2020-12-19T00:00:00,8.2,12.01,,-99.5,-99.5,-99.5,-99.5,-99.5,-99.5,,,,,,,,,16.3,2020-12-19T15:34:00,,,,12.1,2020-12-20T00:00:00,,,,,,,,,,,,,0.0,2020-12-19T00:00:00,,,,,,,,-99.5,,,80,2020-12-19T03:03:00,,,,,,,,,,,,,,,,,,,,,,,,,,,-99.5,,,,,7.7,-99.5,,,,,,,,,,,,,,,,,,,,,,,,,,,,,,,,,,,,,,,,,,,,,,,,,,,,,,,,,,,,,,,,,,,,,,,,,,,,,,,,,,,,280,,,3.2,2020-12-19T14:14:00,,,,,,,,,,,,,,,,,,,,,,,,,,,,,,,,,,,,,,,,,,,,,,,,,,,,,,,,,,,,,,,,,,,,,,,,,,,,,,
2020-12-20,1017.9,1020.0,1020.1,2020-12-20T08:12:00,1016.0,2020-12-20T15:14:00,20.4,24.2,2020-12-20T11:49:00,16.8,2020-12-20T06:10:00,13.2,63,52,2020-12-20T11:46:00,1.3,300,5.3,280,2020-12-20T12:19:00,0.0,0.0,2020-12-20T00:00:00,0.0,2020-12-20T00:00:00,8.4,11.51,,-99.5,-99.5,-99.5,-99.5,-99.5,-99.5,,,,,,,,,14.9,2020-12-20T15:03:00,,,,12.0,2020-12-20T03:35:00,,,,,,,,,,,,,0.0,2020-12-20T00:00:00,,,,,,,,-99.5,,,74,2020-12-20T06:56:00,,,,,,,,,,,,,,,,,,,,,,,,,,,-99.5,,,,,7.4,-99.5,,,,,,,,,,,,,,,,,,,,,,,,,,,,,,,,,,,,,,,,,,,,,,,,,,,,,,,,,,,,,,,,,,,,,,,,,,,,,,,,,,,,280,,,3.3,2020-12-20T12:24:00,,,,,,,,,,,,,,,,,,,,,,,,,,,,,,,,,,,,,,,,,,,,,,,,,,,,,,,,,,,,,,,,,,,,,,,,,,,,,,
2020-12-21,1017.0,1019.0,1018.9,2020-12-21T10:19:00,1015.8,2020-12-21T14:37:00,19.4,21.5,2020-12-21T14:41:00,18.1,2020-12-21T06:12:00,14.7,74,64,2020-12-21T00:14:00,0.9,10,3.6,350,2020-12-21T11:51:00,0.5,0.5,2020-12-21T19:39:00,0.5,2020-12-21T18:49:00,6.0,5.07,,-99.5,-99.5,-99.5,-99.5,-99.5,-99.5,,,,,,,,,16.5,2020-12-21T17:23:00,,,,12.4,2020-12-21T00:14:00,,,,,,,,,,,,,0.5,2020-12-21T18:49:00,,,,,,,,-99.5,,,83,2020-12-21T23:36:00,,,,,,,,,,,,,,,,,,,,,,,,,,,-99.5,,,,,3.4,-99.5,,,,,,,,,,,,,,,,,,,,,,,,,,,,,,,,,,,,,,,,,,,,,,,,,,,,,,,,,,,,,,,,,,,,,,,,,,,,,,,,,,,,30,,,1.5,2020-12-21T23:19:00,,,,,,,,,,,,,,,,,,,,,,,,,,,,,,,,,,,,,,,,,,,,,,,,,,,,,,,,,,,,,,,,,,,,,,,,,,,,,,
2020-12-22,1015.3,1017.3,1017.3,2020-12-22T08:41:00,1013.6,2020-12-22T14:50:00,20.4,22.7,2020-12-22T11:41:00,17.6,2020-12-22T03:45:00,15.6,74,63,2020-12-22T11:49:00,1.3,310,4.7,270,2020-12-22T14:50:00,0.0,0.0,2020-12-22T00:00:00,0.0,2020-12-22T00:00:00,7.2,8.89,,-99.5,-99.5,-99.5,-99.5,-99.5,-99.5,,,,,,,,,17.0,2020-12-22T21:57:00,,,,14.2,2020-12-22T03:47:00,,,,,,,,,,,,,0.0,2020-12-22T00:00:00,,,,,,,,-99.5,,,82,2020-12-22T00:02:00,,,,,,,,,,,,,,,,,,,,,,,,,,,-99.5,,,,,5.1,-99.5,,,,,,,,,,,,,,,,,,,,,,,,,,,,,,,,,,,,,,,,,,,,,,,,,,,,,,,,,,,,,,,,,,,,,,,,,,,,,,,,,,,,280,,,2.7,2020-12-22T15:29:00,,,,,,,,,,,,,,,,,,,,,,,,,,,,,,,,,,,,,,,,,,,,,,,,,,,,,,,,,,,,,,,,,,,,,,,,,,,,,,
2020-12-23,1012.6,1014.7,1015.4,2020-12-23T09:01:00,1010.2,2020-12-23T16:01:00,21.8,25.4,2020-12-23T15:19:00,19.3,2020-12-23T06:53:00,16.3,71,54,2020-12-23T12:44:00,1.0,360,5.5,350,2020-12-23T19:17:00,0.5,0.5,2020-12-23T09:32:00,0.5,2020-12-23T08:42:00,8.4,9.93,,-99.5,-99.5,-99.5,-99.5,-99.5,-99.5,,,,,,,,,17.1,2020-12-23T17:35:00,,,,15.1,2020-12-23T12:30:00,,,,,,,,,,,,,0.5,2020-12-23T08:42:00,,,,,,,,-99.5,,,81,2020-12-23T07:21:00,,,,,,,,,,,,,,,,,,,,,,,,,,,-99.5,,,,,6.1,-99.5,,,,,,,,,,,,,,,,,,,,,,,,,,,,,,,,,,,,,,,,,,,,,,,,,,,,,,,,,,,,,,,,,,,,,,,,,,,,,,,,,,,,340,,,2.6,2020-12-23T19:36:00,,,,,,,,,,,,,,,,,,,,,,,,,,,,,,,,,,,,,,,,,,,,,,,,,,,,,,,,,,,,,,,,,,,,,,,,,,,,,,
2020-12-24,1011.3,1013.3,1013.5,2020-12-24T21:57:00,1009.3,2020-12-24T14:43:00,22.6,29.1,2020-12-24T11:20:00,19.8,2020-12-24T02:01:00,16.6,69,50,2020-12-24T11:20:00,1.5,300,6.6,250,2020-12-24T11:47:00,0.0,0.0,2020-12-24T00:00:00,0.0,2020-12-24T00:00:00,8.2,15.67,,-99.5,-99.5,-99.5,-99.5,-99.5,-99.5,,,,,,,,,18.3,2020-12-24T12:09:00,,,,14.7,2020-12-25T00:00:00,,,,,,,,,,,,,0.0,2020-12-24T00:00:00,,,,,,,,-99.5,,,78,2020-12-24T06:35:00,,,,,,,,,,,,,,,,,,,,,,,,,,,-99.5,,,,,9.3,-99.5,,,,,,,,,,,,,,,,,,,,,,,,,,,,,,,,,,,,,,,,,,,,,,,,,,,,,,,,,,,,,,,,,,,,,,,,,,,,,,,,,,,,240,,,3.9,2020-12-24T12:01:00,,,,,,,,,,,,,,,,,,,,,,,,,,,,,,,,,,,,,,,,,,,,,,,,,,,,,,,,,,,,,,,,,,,,,,,,,,,,,,
2020-12-25,1014.8,1016.8,1016.7,2020-12-25T22:51:00,1012.9,2020-12-25T14:55:00,21.3,24.2,2020-12-25T13:24:00,19.1,2020-12-25T07:25:00,15.2,68,51,2020-12-25T21:46:00,1.5,290,5.6,260,2020-12-25T14:18:00,0.0,0.0,2020-12-25T00:00:00,0.0,2020-12-25T00:00:00,6.9,10.91,,-99.5,-99.5,-99.5,-99.5,-99.5,-99.5,,,,,,,,,16.8,2020-12-25T20:33:00,,,,12.1,2020-12-25T21:49:00,,,,,,,,,,,,,0.0,2020-12-25T00:00:00,,,,,,,,-99.5,,,74,2020-12-25T22:31:00,,,,,,,,,,,,,,,,,,,,,,,,,,,-99.5,,,,,5.1,-99.5,,,,,,,,,,,,,,,,,,,,,,,,,,,,,,,,,,,,,,,,,,,,,,,,,,,,,,,,,,,,,,,,,,,,,,,,,,,,,,,,,,,,270,,,3.1,2020-12-25T15:01:00,,,,,,,,,,,,,,,,,,,,,,,,,,,,,,,,,,,,,,,,,,,,,,,,,,,,,,,,,,,,,,,,,,,,,,,,,,,,,,
2020-12-26,1014.8,1016.8,1017.4,2020-12-26T08:53:00,1011.9,2020-12-26T14:47:00,21.8,27.3,2020-12-26T11:50:00,17.6,2020-12-26T05:56:00,13.7,61,38,2020-12-26T16:10:00,1.2,340,6.4,210,2020-12-26T13:38:00,0.0,0.0,2020-12-26T00:00:00,0.0,2020-12-26T00:00:00,8.4,13.65,,-99.5,-99.5,-99.5,-99.5,-99.5,-99.5,,,,,,,,,16.5,2020-12-26T14:08:00,,,,10.9,2020-12-26T17:22:00,,,,,,,,,,,,,0.0,2020-12-26T00:00:00,,,,,,,,-99.5,,,82,2020-12-26T04:27:00,,,,,,,,,,,,,,,,,,,,,,,,,,,-99.5,,,,,9.7,-99.5,,,,,,,,,,,,,,,,,,,,,,,,,,,,,,,,,,,,,,,,,,,,,,,,,,,,,,,,,,,,,,,,,,,,,,,,,,,,,,,,,,,,200,,,3.7,2020-12-26T13:48:00,,,,,,,,,,,,,,,,,,,,,,,,,,,,,,,,,,,,,,,,,,,,,,,,,,,,,,,,,,,,,,,,,,,,,,,,,,,,,,
2020-12-27,1012.6,1014.7,1014.5,2020-12-27T10:08:00,1010.7,2020-12-27T14:55:00,22.3,26.2,2020-12-27T13:37:00,18.9,2020-12-27T03:12:00,14.3,61,46,2020-12-27T13:48:00,1.0,360,5.1,320,2020-12-27T11:47:00,0.0,0.0,2020-12-27T00:00:00,0.0,2020-12-27T00:00:00,7.0,9.32,,-99.5,-99.5,-99.5,-99.5,-99.5,-99.5,,,,,,,,,15.8,2020-12-27T23:55:00,,,,12.5,2020-12-27T00:01:00,,,,,,,,,,,,,0.0,2020-12-27T00:00:00,,,,,,,,-99.5,,,73,2020-12-27T23:59:00,,,,,,,,,,,,,,,,,,,,,,,,,,,-99.5,,,,,7.3,-99.5,,,,,,,,,,,,,,,,,,,,,,,,,,,,,,,,,,,,,,,,,,,,,,,,,,,,,,,,,,,,,,,,,,,,,,,,,,,,,,,,,,,,340,,,2.3,2020-12-27T21:01:00,,,,,,,,,,,,,,,,,,,,,,,,,,,,,,,,,,,,,,,,,,,,,,,,,,,,,,,,,,,,,,,,,,,,,,,,,,,,,,
2020-12-28,1011.1,1013.1,1012.6,2020-12-28T08:58:00,1009.5,2020-12-28T15:15:00,22.6,25.5,2020-12-28T12:21:00,19.0,2020-12-28T05:40:00,16.6,69,58,2020-12-28T12:04:00,1.6,290,7.1,280,2020-12-28T12:52:00,0.0,0.0,2020-12-28T00:00:00,0.0,2020-12-28T00:00:00,8.9,15.98,,-99.5,-99.5,-99.5,-99.5,-99.5,-99.5,,,,,,,,,17.8,2020-12-28T18:22:00,,,,14.9,2020-12-28T03:43:00,,,,,,,,,,,,,0.0,2020-12-28T00:00:00,,,,,,,,-99.5,,,80,2020-12-28T05:40:00,,,,,,,,,,,,,,,,,,,,,,,,,,,-99.5,,,,,6.5,-99.5,,,,,,,,,,,,,,,,,,,,,,,,,,,,,,,,,,,,,,,,,,,,,,,,,,,,,,,,,,,,,,,,,,,,,,,,,,,,,,,,,,,,280,,,4.6,2020-12-28T13:03:00,,,,,,,,,,,,,,,,,,,,,,,,,,,,,,,,,,,,,,,,,,,,,,,,,,,,,,,,,,,,,,,,,,,,,,,,,,,,,,
2020-12-29,1010.3,1012.3,1012.0,2020-12-29T08:13:00,1008.0,2020-12-29T15:00:00,24.8,30.8,2020-12-29T13:18:00,21.3,2020-12-29T06:45:00,16.9,63,40,2020-12-29T12:49:00,1.2,350,7.8,350,2020-12-29T14:02:00,0.0,0.0,2020-12-29T00:00:00,0.0,2020-12-29T00:00:00,7.9,13.63,,-99.5,-99.5,-99.5,-99.5,-99.5,-99.5,,,,,,,,,18.6,2020-12-29T19:27:00,,,,14.9,2020-12-29T11:58:00,,,,,,,,,,,,,0.0,2020-12-29T00:00:00,,,,,,,,-99.5,,,77,2020-12-29T03:24:00,,,,,,,,,,,,,,,,,,,,,,,,,,,-99.5,,,,,9.5,-99.5,,,,,,,,,,,,,,,,,,,,,,,,,,,,,,,,,,,,,,,,,,,,,,,,,,,,,,,,,,,,,,,,,,,,,,,,,,,,,,,,,,,,330,,,3.1,2020-12-29T14:11:00,,,,,,,,,,,,,,,,,,,,,,,,,,,,,,,,,,,,,,,,,,,,,,,,,,,,,,,,,,,,,,,,,,,,,,,,,,,,,,
2020-12-30,1015.8,1017.8,1019.9,2020-12-30T23:06:00,1011.2,2020-12-30T02:00:00,18.1,22.4,2020-12-30T00:01:00,13.7,2020-12-30T23:57:00,10.9,63,48,2020-12-30T16:11:00,1.6,340,7.2,340,2020-12-30T07:25:00,0.0,0.0,2020-12-30T00:00:00,0.0,2020-12-30T00:00:00,2.5,3.93,,-99.5,-99.5,-99.5,-99.5,-99.5,-99.5,,,,,,,,,17.2,2020-12-30T00:06:00,,,,3.8,2020-12-30T23:39:00,,,,,,,,,,,,,0.0,2020-12-30T00:00:00,,,,,,,,-99.5,,,80,2020-12-30T05:27:00,,,,,,,,,,,,,,,,,,,,,,,,,,,-99.5,,,,,8.7,-99.5,,,,,,,,,,,,,,,,,,,,,,,,,,,,,,,,,,,,,,,,,,,,,,,,,,,,,,,,,,,,,,,,,,,,,,,,,,,,,,,,,,,,340,,,3.1,2020-12-30T08:17:00,,,,,,,,,,,,,,,,,,,,,,,,,,,,,,,,,,,,,,,,,,,,,,,,,,,,,,,,,,,,,,,,,,,,,,,,,,,,,,
2020-12-31,1020.9,1023.0,1022.6,2020-12-31T09:00:00,1019.1,2020-12-31T14:50:00,14.4,16.6,2020-12-31T12:53:00,12.9,2020-12-31T04:46:00,4.7,52,47,2020-12-31T11:58:00,1.0,360,4.4,330,2020-12-31T00:39:00,0.0,0.0,2020-12-31T00:00:00,0.0,2020-12-31T00:00:00,4.6,3.88,,,,,,,,,,,,,,,,6.4,2020-12-31T13:02:00,,,,2.6,2020-12-31T03:12:00,,,,,,,,,,,,,0.0,2020-12-31T00:00:00,,,,,,,,-99.5,,,62,2020-12-31T23:56:00,,,,,,,,,,,,,,,,,,,,,,,,,,,-99.5,,,,,3.7,,,,,,,,,,,,,,,,,,,,,,,,,,,,,,,,,,,,,,,,,,,,,,,,,,,,,,,,,,,,,,,,,,,,,,,,,,,,,,,,,,,,,340,,,2.1,2020-12-31T00:01:00,,,,,,,,,,,,,,,,,,,,,,,,,,,,,,,,,,,,,,,,,,,,,,,,,,,,,,,,,,,,,,,,,,,,,,,,,,,,,,
